axis_00,axis_01,axis_02,axis_10,axis_11,axis_12,axis_20,axis_21,axis_22,location_x,location_y,location_z,dbh,dbh_approximation,score,reconstructed,number_clusters
-0.9415714190154616,-0.32387701996107021,-0.092449655674566242,0.33458274539193489,-0.93094889849826123,-0.14624819612860027,-0.038699475179967739,-0.1686351811633931,0.98491853789782235,-16.738767201232431,11.581910687699825,-1.5601917714744375,,0.233932951037696,0.1111111111111111,0,1
-0.99999893632180803,-0.0011079885653259636,0.00094853391656503437,0.001089420098408128,-0.9998120302255874,-0.019357618139592237,0.00096980364040935596,-0.019356564197403243,0.99981217381234677,-19.517464395290332,6.3992872392074771,-1.0493456605402893,,0.1322765574733316,0.2727272727272727,0,5
-0.50895952842612802,-0.85957196036693784,-0.045784750465557487,0.85566214585404832,-0.51100849226801703,0.081930537545012228,-0.093821589075755066,0.0025230499218575559,0.99558582937002116,-6.2867722018167713,8.8093235289295695,-1.5822122454789462,0.1452987446838231,0.1079707591863127,0.6068965517241379,1,5
0.84139194259428252,0.53959375109501051,0.029969696639048044,-0.53207307412529647,0.81740131409216565,0.22080157497458822,0.094645880672522817,-0.20172673471708669,0.97485818546704806,-23.497650805926284,5.782894308289162,-0.86726375258461508,,0.2717222948429301,0.2666666666666667,0,2
0.99422540283675487,0.10686376604838629,0.0097971352980868558,-0.10635847250389756,0.96913375347316399,0.22241322623813325,0.014273180470059306,-0.22217088779804875,0.97490326337247268,-4.3566191109565384,-29.541234007352337,1.8732730243958966,,0.1268437304834897,0.1538461538461539,0,1
-0.68639036603149906,-0.7260663788379178,-0.041181050743498981,0.72288674061935998,-0.68737506137019333,0.070358263502180315,-0.079391596884453713,0.018523998691353783,0.99667137804625439,-7.7637064803115328,9.7646701698203824,-1.6026086917579991,,0.0685296369618871,0.1971830985915493,0,5
-0.99165120909440851,0.12652116648547365,0.024905299290593517,-0.12755358968630728,-0.990787739060221,-0.045494372026371868,0.018919864157444607,-0.048291309353669432,0.99865408835150393,-5.5816661445173716,12.161489238676603,-1.8858258946493978,,0.1990044022735216,0.4285714285714285,0,5
-0.98399047026775399,0.17773476250701115,0.013157074858059035,-0.17744374083552603,-0.98391287166938746,0.02071665517389127,0.016627485093633192,0.018050350685665139,0.99969881043221454,-21.719144464073899,3.5097647707062856,-0.76699763533118503,,0.07241976974134086,0.2790697674418605,0,2
0.60831718877314545,-0.79311280997088018,-0.030368873921039676,0.78869842665646728,0.59975951173914588,0.13506783432051864,-0.088910008619677391,-0.10611596834838746,0.99037084550623422,-1.8180910680556821,13.687303676014032,-2.135716679388437,0.2126757074765963,0.2120090868202596,0.7547169811320755,1,3
-0.98995991900054614,0.14134612800933063,0.00079427275082309668,-0.14077691183109792,-0.98644688445361639,0.084287634010298304,0.012697238586879088,0.08332956407257007,0.99644114923247951,1.7020598369397446,8.0170140649940436,-1.8314724686042185,0.2323373734488858,0.1860460201623363,0.6991150442477876,1,5
0.37937936632572083,0.92128257892066301,0.085496819727908499,-0.91984199168425829,0.36558368778149902,0.1422648149136547,0.099809852923603795,-0.13261590027357764,0.98612931010795779,-3.5564359334145017,13.948617587956727,-2.126323940227103,,0.1234093741837632,0.25,0,3
-0.83799789092875787,-0.54139855784419066,-0.068169908047352873,0.54247663031769011,-0.84006493572749907,0.0031637509885890525,-0.058979999644949252,-0.034329365350733332,0.99766870970102006,30.344482884890411,4.2011402674629501,-2.3849955697730714,,0.2717003822812473,0.5882352941176471,0,4
-0.11797197059316321,0.99269130552350215,0.025428057189080457,-0.98812946712390304,-0.11989030197021296,0.096054524593707322,0.098401068875281342,-0.013794471049533106,0.99505122592390505,7.0194917581968292,6.3333590267983686,-1.9278270669204451,,0.09407532600427174,0.3333333333333333,0,5
0.92860459900061021,0.35977496932783876,0.090859617873230381,-0.36865142348465407,0.86655179263030524,0.33642847479359417,0.042303979454124639,-0.34590455639433038,0.93731553448557958,-12.904470582242316,8.3704485255851377,-1.3372850272709449,,0.3029244170536292,0.1857142857142857,0,4
-0.34889575117223331,-0.93625574080225238,-0.041193963499401867,0.93191812123408668,-0.35125163625640665,0.090282353440350779,-0.098996818784717916,-0.0068902715493798722,0.99506389444521759,-2.7800173604774847,13.017248559337009,-2.0334515591439808,0.1049608923913199,0.1068011645510744,0.40625,1,5
0.97457654023538653,0.22081150786063844,0.037984802475927754,-0.21833897451381529,0.89791720803233044,0.38219468825152514,0.050285777622301325,-0.38077153979221734,0.92330080420910743,22.892168389384455,-18.129459743285221,0.025545462212264187,,0.4778484423133258,0.3846153846153846,0,2
-0.98198563586903209,-0.1771746142867919,-0.065676228570303294,0.17963413333431991,-0.98315921517247173,-0.033608566804870205,-0.058615604476282487,-0.044800822244420412,0.99727483535788863,-12.626029470858304,13.055945718066566,-1.769491355796855,,0.2080229339220162,0.3,0,3
-0.88140390163855531,0.46904723600619447,0.055873540887271173,-0.469907983634274,-0.88271157445594695,-0.0026006226705850609,0.048100406371498865,-0.028547621905388131,0.99843446664788382,-12.664509977657495,16.031001660735779,-2.0912941011035038,,0.07026318568908532,0.4,0,1
-0.33321841837589378,0.91063535965321829,0.24435369324878464,-0.93315295999315673,-0.35559690544362743,0.052691499266258435,0.13487415953798579,-0.21046159409300605,0.96825351974612128,-3.2894362628627603,17.650975550186846,-2.4413524450930897,,0.5117612442910306,0.1904761904761905,0,2
-0.31754443657407611,0.92648372743806418,0.20197384383459852,-0.93829063913375366,-0.33778052306414907,0.074263010661309067,0.13702630154398984,-0.16592836114112647,0.97657133464698576,9.881643093897635,4.7351752303459804,-1.9484497970259345,0.7541929390199645,0.6170833334860282,0.7840909090909091,1,4
-0.9839837204062637,0.17215599640783483,0.046242306130558186,-0.17503967649957416,-0.9822137083089818,-0.067951032816592608,0.033721649223772771,-0.074956948382006158,0.99661642885459445,7.5803740751272581,9.5398909376196599,-2.1712526124645102,,0.2824479441801084,0.2727272727272727,0,3
-0.18980105029469874,0.95962929218453119,0.20757452369798418,-0.97938867218912939,-0.19992809223044386,0.028750421296211318,0.069089724957071386,-0.19783927698642373,0.97779662015515556,15.083764484711518,9.8561283761297922,-2.4749390451966424,,0.2941800234276895,0.1176470588235294,0,4
-0.99452190881765179,0.10398369766969749,0.010656617691891791,-0.10451288249967301,-0.99094671943851076,-0.084271327423171422,0.0017972961090954444,-0.084923435240166392,0.99638585892901232,14.316389789890708,3.6806345130932638,-1.9986660974330606,,0.3049187452402164,0.2142857142857143,0,2
0.71946797149034614,0.69126822881784677,0.067186857543746911,-0.69031344972616937,0.70111260930807817,0.1786293654368579,0.076375252056686146,-0.17489809860674849,0.98161982252653301,-26.813398696940425,13.059201921203073,-1.4494024339724523,,0.2713859532018861,0.2941176470588235,0,1
0.8732836796142901,-0.48492588984850166,-0.047143358747180474,0.4851829264452498,0.85674393600734933,0.17489241264462965,-0.044420072099782444,-0.17560384241033822,0.98345825926949049,-0.2969895875388579,-34.543862955329331,2.4016488614949139,,0.2283765427865561,0.25,0,4
-0.88460005822404064,-0.4616004875668055,-0.066390713718949793,0.46354812804008821,-0.88591189966568351,-0.016829706511708283,-0.051047722579504531,-0.045662850423815279,0.99765175993961874,-4.5572267197282077,8.4284535026872192,-1.5862070286799923,0.2986869596580893,0.2503412368139672,0.6612903225806451,1,5
-0.99882889653524787,-0.047706238431933681,0.0080591724671367111,0.048059226274588508,-0.9975144402824212,0.051529139309100906,0.0055808795066230946,0.051856110948704383,0.99863897257277556,2.5291116685611517,11.310346079659132,-2.1617643139341816,0.9462174204920846,0.9059465382595764,0.5257731958762887,1,2
-0.87394056091874972,0.48531312228212153,0.026439919095950705,-0.48360197420179368,-0.87371592556572453,0.052436742470882772,0.048549217595649084,0.033040199055217823,0.99827417011422404,-1.5713294235945887,4.2898678016144016,-1.4003684295834762,0.2059360871510739,0.1476625424351053,0.4150197628458498,1,5
0.97189058414441265,0.22774214761879627,0.059684224460161583,-0.23377043960056101,0.90342894731044632,0.35939882961759906,0.027929805233709679,-0.36324874584713701,0.93127346929894306,-10.836521217505078,-0.82670008667509409,-0.52787768436172366,,0.2598440672657401,0.2416918429003021,0,1
0.11380477310222276,0.96907705185604298,0.21894780470503059,-0.98775828557038392,0.086699591839363654,0.12967941263725827,0.10668665758288666,-0.23102564433605299,0.96708071470426094,-25.433156248535095,3.5215247723641512,-0.63440763855920668,,0.2448895859461741,0.2962962962962963,0,1
-0.95504928940883471,0.29634823555315326,0.0076536320927567732,-0.29601237376209311,-0.9547286324129961,0.029494288100241395,0.016047721938312814,0.025902929088076357,0.99953564663059791,-13.407662066216773,6.717025087876789,-1.1539700494712761,,0.4850580415123253,0.7743589743589744,0,6
-0.98994175202874968,-0.13986623255719915,-0.021278265448675324,0.14023749699578192,-0.9899705024503318,-0.017083580262795786,-0.018675439127550871,-0.019895760063209776,0.99962762402051497,12.60184307073219,4.2722484117255153,-1.9969052463125683,0.6368530151816508,0.6287827192566211,0.25,1,5
-0.29602378582258704,0.94568212411317176,0.1343697821686993,-0.94977943033343504,-0.30636166033660761,0.063730422808057935,0.10143447117602571,-0.10875593413049939,0.9888797676404566,-27.391134044373267,6.5245148629015572,-0.74284764117558866,,0.1792580449306277,0.3888888888888889,0,1
-0.12334570004460871,0.98983428961246289,0.07080902052631792,-0.98670863192978542,-0.12993693457175715,0.097583137423156704,0.10579184257662401,-0.057831411373802724,0.99270519989710815,-17.472500434379526,5.1921009758725285,-0.9736068976357829,,0.07298344916228561,0.303030303030303,0,2
-0.075505126642587447,0.99114869166370556,0.10919362098589701,-0.99143682426683011,-0.08632220927341179,0.097987242403592134,0.10654576171012094,-0.10086003767341251,0.98917908058254456,-6.3663673555989968,25.381611118815922,-3.0073288756791894,,0.09032414693279087,0.1428571428571428,0,1
-0.24309691654253834,0.95850094122947427,0.14892895900301464,-0.96358774401926828,-0.25625357462025189,0.076372541336529112,0.11136673086414554,-0.12494019031742516,0.98589421344284112,-19.936242259559627,9.2142112080340048,-1.2858421084755169,,0.2134620378749315,0.3684210526315789,0,5
0.97743623836674365,0.20722818460714559,0.040925290859025638,-0.21089124463995393,0.94639510807485572,0.24466544984159971,0.011970081941242845,-0.24777566247799257,0.96874348422165446,6.2028892825633948,-25.72484671803937,1.196502223468658,,0.5704813722875977,0.3076923076923077,0,2
-0.38601941639180021,0.92216200917591706,0.02462192115109758,-0.91740226398444347,-0.38655292255515511,0.094604038498826079,0.096757925798112598,0.013930789521960862,0.99521044854771445,8.1955942178780443,4.6197508150559354,-1.8930938014208964,,0.07178107269159886,0.1153846153846154,0,4
-0.30741631483111798,0.94520944682771368,0.10988316979092422,-0.94654681957331932,-0.31560167950626106,0.06666857016961078,0.097695075266299822,-0.083514558733632879,0.99170610099375589,4.3005709260403107,21.424960537357318,-2.956780383318462,,0.09450285259126373,0.25,0,2
-0.51317245817246371,-0.83465125239062021,-0.20002828563980757,0.84417577543896338,-0.53292233777223696,0.057974494955967987,-0.15498802642545134,-0.13910811905184972,0.97807343429754823,-12.352068739233189,17.675896956812565,-2.2341579676159551,,0.194196913758785,0.1666666666666667,0,2
-0.80929326473354402,-0.55715215081902958,-0.18608033881807878,0.57372587519421936,-0.81770347676046518,-0.046900364886374474,-0.12602790083766752,-0.14471525466092755,0.98141452163643572,19.399171437006139,2.5955585039510627,-2.0792777784248511,,0.4658005630162591,0.3116883116883117,0,2
-0.99940602210457286,-0.033869927301408066,-0.0063585380166898148,0.033606092334729193,-0.99871961750905192,0.037812116583992451,-0.0076310902957573987,0.03757597140685956,0.99926463603678439,-19.592724956237415,3.276664264787962,-0.76468388055430137,,0.08528050699158089,0.3538461538461539,0,3
0.98383136621154499,0.17824077941184752,0.01749478245025533,-0.17560529930403476,0.94083994968629558,0.28979815032299483,0.035194057945411451,-0.28818468666628688,0.95692787850307148,13.325008998845014,12.826916780696658,-2.6466741857225542,,0.4190698115889847,0.2,0,4
-0.82690213507814569,0.56211172097124396,0.016225663313176514,-0.55938988362489761,-0.82516760069117878,0.078621809109742868,0.057583132090306882,0.055936069904058146,0.99677246098714045,-16.052637867865247,7.5564172620628467,-1.2299192263092114,,0.09206414998818219,0.379746835443038,0,2
-0.92200507378082908,0.38490760237699789,0.041866234065173827,-0.38518301691775558,-0.9228388179250917,0.0015998777317377992,0.03925159105749975,-0.014651066958117371,0.99912194392698883,-9.7147585405680097,7.2160483320640401,-1.2969206072610271,0.5478801284405087,0.4232551424208045,0.7988505747126436,1,5
-0.90403877896067719,0.4206875900974742,0.075735313251269712,-0.42495577570125737,-0.90365722301385643,-0.05306799405506759,0.046113716326393439,-0.080159683338106816,0.99571479367020777,-24.726565790239459,7.2396267761540498,-1.0056167452860123,,0.1160505519483122,0.1481481481481481,0,2
-0.99978094418503616,-0.019903114285287075,-0.00647531360052665,0.0203180645120347,-0.99719691459727033,-0.072010344896895201,-0.0050239326192890671,-0.072126136451579212,0.9973828655745024,31.513144893624659,-1.396002783550391,-1.9718658644000371,,0.4736339185829155,0.25,0,1
-0.45780909371926271,0.87925488331807267,0.13161186826905047,-0.8840777688402357,-0.46586791056288573,0.037061955564197287,0.093900651490918211,-0.099387826563888421,0.99060826141340441,-27.840348638873873,7.7774125686003988,-0.84583439038544916,,0.1156762888057067,0.3333333333333333,0,1
0.7726392133540495,0.63360199781412774,0.039713402694582935,-0.63077762649493818,0.7591148302830909,0.16082369339648769,0.071751180485398955,-0.14930901784628178,0.9861838496389661,4.998631853227768,10.734790708501667,-2.1826134673838715,0.8505470874529992,0.6234373681147408,0.2962962962962963,1,5
0.46273473675286031,-0.88604350388524389,-0.028345592691298237,0.88200196273216247,0.45693730228479013,0.11524252477845097,-0.089157731795255449,-0.078327587754622965,0.99293287177818201,-20.429505298702313,10.754663437112248,-1.3922082445430446,,0.1111365238094309,0.4117647058823529,0,3
-0.88690580742774949,-0.46129556176492958,-0.02458644844034456,0.46109208607925584,-0.88076059237660387,-0.10795770964361107,0.028145637424150043,-0.10708493644015595,0.99385141720560832,-6.0372988735797213,-28.016530870597691,1.7452719347728287,,0.4926383965554891,0.2553191489361702,0,2
-0.93618982331817902,-0.34618016406487812,-0.060892599907475899,0.34952220053119731,-0.93518784056029602,-0.057078316408261137,-0.037186638074815578,-0.074719454469275817,0.99651099194765924,-27.796932292971622,2.6408279346341192,-0.47660919790469619,,0.161786418949685,0.5263157894736842,0,2
-0.99487740127871738,-0.10086230510613725,-0.0067640101702727672,0.10015185788850904,-0.99253608227825973,0.069582546210992136,-0.013731780160887818,0.06854867456341851,0.99755326545965084,0.81053931868781115,8.2524497003586976,-1.8158484175179936,,0.06680683587043318,0.1944444444444444,0,4
0.99847362640486392,-0.055144315377715872,-0.0030857503857824858,0.054688593940538398,0.97932321783887433,0.19476958873119851,-0.0077184886297291628,-0.19464105292367362,0.98084416980988209,-5.8877852478883073,18.199725265272217,-2.3929529306790895,,0.1570337169382533,0.2222222222222222,0,3
-0.71024975788356415,-0.70313494601069138,-0.033860435981845023,0.69919890191721412,-0.71021868790582099,0.081916487394764703,-0.081646659356648374,0.034505985681859523,0.99606383327978698,8.2734358871323703,5.6924717768110984,-1.9815844342492714,,0.09690666439616782,0.3333333333333333,0,2
0.44278105037393667,0.88400408518614615,0.14993905029697269,-0.89203180588284303,0.41739393323195179,0.17338270327387065,0.090687368046202171,-0.21052097728104402,0.97337388469256103,8.4424643056137185,14.093076420654921,-2.5590877628653526,,0.2970367117386078,0.3548387096774194,0,5
-0.36417473400844935,0.93062246203332399,0.036312480897186895,-0.92557505712900756,-0.36597694932456609,0.096807469669017918,0.10338073674775691,0.0016449079358358788,0.99464049663552956,-1.5537400605947347,12.797786929141246,-2.0627212715921708,0.7539045604246924,0.6491640757838598,0.1935483870967742,1,7
-0.074858235425103545,-0.98725395802406923,-0.14044880545896157,0.98934252228825592,-0.091168052459959875,0.11353307801240431,-0.12489042469842292,-0.13045308956275239,0.98355700050489214,-21.548450783674067,4.9301281592154309,-0.84900977896485785,,0.430052057726066,0.1866666666666667,0,2
-0.54627491641169845,0.83666101559711425,0.039775126390710978,-0.83339505948195747,-0.54767108542464493,0.07422302217544155,0.083883195757295193,0.0073977814104240194,0.99644813327124415,-8.4107713647070348,15.736405128314185,-2.120087334628507,0.4553165134643342,0.4695782797514729,0.949238578680203,1,5
-0.24260460621952726,-0.97000344128973182,-0.015372993434789772,0.96435650065180656,-0.24285724577983486,0.10505664102204834,-0.10563874616669143,0.010662178872583219,0.99434741074235145,5.7396785532423671,7.006197288104123,-1.9056116870795474,,0.08122132933799002,0.3809523809523809,0,5
-0.93430818807742511,-0.35614587599966391,-0.015110416933778431,0.35422948170432389,-0.93235222427193765,0.072393398778193466,-0.039870841262337343,0.062285190082431829,0.99726168637596335,5.2224964614127645,8.8866550556678874,-2.0374548803179851,,0.08173509085327924,0.2307692307692308,0,5
-0.31030842804499065,0.92911312527792933,0.20114044824581079,-0.94513215188471311,-0.32426199018410429,0.039741378884176094,0.10214643879264061,-0.17777221987172989,0.97875591588702993,-13.633661656592091,4.109099043566447,-0.89722889281759899,0.5566399032014814,0.2914669943944126,0.2606060606060606,1,4
-0.99701325905091598,-0.076513476007269987,-0.010499965045440976,0.075826035735214931,-0.99560308382127127,0.054999198087395312,-0.014661977402535602,0.054038759005546819,0.99843118888774096,-11.215013991063296,9.0380315629226704,-1.4164903149384374,,0.07271423144326927,0.24,0,4
0.012069408969661863,-0.99538438317926137,-0.095206402568123086,0.99519868341049955,0.0027091766466157373,0.097837829595230408,-0.097128316700800285,-0.095930131266135046,0.99063792578829246,3.4966411295282911,7.8392044104946477,-1.905543855162807,0.7606960196947803,0.3615321897515958,0.3863636363636364,1,7
-0.72353296612351126,-0.6886222532511117,-0.047952468756830451,0.68610072433846836,-0.7250463615040732,0.059779342016566171,-0.075933148194594347,0.010352101094278835,0.99705917126727794,8.3523040480838233,12.022539130102464,-2.4023353612938956,,0.1231321808814746,0.3125,0,1
-0.68371985562611659,-0.72113571166290036,-0.1117606567046104,0.72555315553516264,-0.68816414395425951,0.001652110368846299,-0.078101072435477675,-0.079958716473846031,0.9937337803175883,-5.5822662334445656,10.429120113894797,-1.7431973172095809,0.1352172536162709,0.1209492102120411,0.2786885245901639,1,5
0.10460272355969324,0.98960334327302124,0.098709134363306181,-0.98850530332159603,0.092563208901242991,0.11953793399161823,0.10915830490152355,-0.11007849626863425,0.9879105167626584,8.2250713800343611,11.194789530727675,-2.3362074007079094,,0.1030957588604926,0.4230769230769231,0,5
0.47338590505704464,0.87985165468046866,0.042033922602626513,-0.87474864837304345,0.463959431002819,0.13984437261854329,0.10354026783264625,-0.1029694718816284,0.98928090085554676,1.4008624150557474,15.633225925846919,-2.4391118211856302,0.1081158027225034,0.08914466515580921,0.2666666666666667,1,5
-0.80885674994153289,-0.54668135903903814,-0.21654156587882054,0.561176915343512,-0.82766914899717681,-0.0066520285500912138,-0.17558823354530906,-0.12689866617707543,0.97625073662605655,5.7670487487272863,5.4352033426628132,-1.8154608890762831,0.8110058478991945,0.6030991524784899,0.231404958677686,1,4
0.89633043435560755,-0.43938701526640539,-0.059420562629164925,0.44191297905882249,0.87437510966342935,0.20045220512736156,-0.036120235149341928,-0.20593012993815304,0.97789984671049557,-15.607076530239794,8.0484172978805049,-1.2718653095301506,0.7941062577230508,0.4136925574497709,0.3469387755102041,1,3
-0.17353375413542954,0.97336945404330633,0.14979299753693545,-0.97127297993227069,-0.19430268564588909,0.13738728035841735,0.16283376378734193,-0.12164856055963358,0.97912552468241676,-19.650674746946713,4.5139851944465104,-0.8926699961205683,,0.1989495532954114,0.2,0,2
-0.94272638881397475,-0.31761832555034741,-0.10190954375501818,0.32976897169598862,-0.93340364880138671,-0.14145689700692651,-0.050193437223730555,-0.16696175513826989,0.98468491974885852,11.644201448453963,2.9953575031676025,-1.8884436466503995,0.5628849084911624,0.4074360538058155,0.3625,1,2
0.24960414289664118,-0.9566692621930184,-0.14993896966399065,0.96333836165832121,0.22958835861833576,0.13881061394720737,-0.098371605691354724,-0.17908966570409471,0.97890240516187343,-4.1650998835831388,18.560530751709809,-2.4998823683844238,0.4551662225576331,0.4617660996168407,0.3584905660377358,1,5
-0.78345627616281188,0.6212212375738011,0.016746263116773203,-0.6192219276627563,-0.78264600769904014,0.063477798751813488,0.052540152671282474,0.03936242650079215,0.99784273898107279,2.1549194605205026,12.557411358849309,-2.2453315554197419,0.1563702714035138,0.1501938293488883,0.575,1,5
0.96793883130009339,-0.24765728096452314,-0.041955810642508223,0.25001978947820153,0.9338330901969718,0.25582389357222268,-0.024176925583841751,-0.25811166350716364,0.9658125312041046,-4.9451567189671728,22.240391483730633,-2.7825731423176956,,0.09207099889667034,0.25,0,1
-0.94538111059958985,-0.3062575202991622,-0.11162834309302738,0.32079808269585525,-0.93487791320615155,-0.15196011824809724,-0.057819943446440016,-0.17947038379498934,0.98206274518501635,29.996432389297578,-5.4257388417531915,-1.4722798279387863,,0.5022718377748867,0.2608695652173913,0,4
-0.99603333247968417,0.086075735500263331,0.022551459986098327,-0.087701309891569088,-0.99248426032691095,-0.085343267143043439,0.015035984594261805,-0.086982531357937543,0.99609636000030022,-2.5855674543301381,15.049009729877573,-2.2387873524159443,,0.3127170227769206,0.1111111111111111,0,5
-0.91420317941632734,-0.40103204018730759,-0.058359656341369616,0.40462887514341095,-0.91128315087823475,-0.076410027650915646,-0.02253930223531898,-0.093468292316920956,0.99536709719886873,2.37781803594094,2.5755566517191957,-1.4496469518551898,0.6101966999360059,0.3386668120861787,0.4514767932489451,1,3
-0.93784688210727507,-0.34430901801692276,-0.04352615114944574,0.346991805405791,-0.93257057384576569,-0.099543014713282293,-0.0063176501083618275,-0.10845932375412191,0.99408081280543115,-11.644051894390204,21.944620930985081,-2.631609059470287,,0.5948156549007156,0.5882352941176471,0,2
0.88283623253173626,0.46060960331120998,0.091863920374978147,-0.46632535717688517,0.83626183405704679,0.2884558998415454,0.05604326706234266,-0.29749779534819243,0.95307618477220624,-0.1379861846892417,15.270855011337561,-2.3634868587852025,,0.4717343211288954,0.125,0,6
-0.96305073243470507,-0.2691595687430382,-0.0092958760232155317,0.26747139256114899,-0.95990753648082916,0.083884298701873444,-0.031501443115784504,0.078298454399605588,0.99643214075031483,-1.5521081309446902,6.4554867221707957,-1.5370398469793511,0.1684787952773013,0.1413605944238834,0.616822429906542,1,5
0.87474491204725391,-0.48215308592489636,-0.048474122792916373,0.48301623375501102,0.85950280805101087,0.16718325538627729,-0.038944277841142523,-0.16965649025465501,0.98473347588974813,1.9957709356764175,14.178096695670092,-2.3422844607375248,0.4653420174169796,0.5703117643362352,0.6989247311827957,1,5
0.082903738331628007,0.98767864403964101,0.13273231060543356,-0.99066777596561695,0.067220265558687486,0.11856978350979043,0.10818654183390819,-0.14132350125239565,0.98403421696594706,3.6900408536976115,9.8947623956038093,-2.0811289987330324,,0.09254343214894364,0.2307692307692308,0,5
0.9935635424492939,0.10971865662371111,0.028165644041975996,-0.11295981743346002,0.97824207261390028,0.17401875477505627,-0.0084597140028777693,-0.17608027645579721,0.98433945846046456,-0.72265524475536669,14.636929278991735,-2.2732285530633765,,0.1516626747495775,0.2727272727272727,0,2
0.89099747733353107,-0.44747367964985141,-0.076751556374483096,0.4519182431519489,0.85792819866673553,0.24439539160734247,-0.043513180666775252,-0.25244110591001673,0.96663337990946085,-7.1828547047799702,7.0134314266737174,-1.3819410841242481,,0.1458874031385635,0.2916666666666667,0,4
0.66250433251380791,0.7383182760849506,0.12638881516725481,-0.74241840084888966,0.62480117711427152,0.24174037138550133,0.099513453770900054,-0.25398742542805053,0.96207456064642904,-4.0049940671303883,-28.03730178845683,1.7066841721167052,,0.2441902915995831,0.2,0,5
-0.85436760249444654,0.51839262301855982,0.036401761053955713,-0.51808605605718061,-0.85513612377478865,0.018139689483176586,0.040531942058181843,-0.0033612818042444595,0.99917258942468268,-7.3440492760100495,23.173313437781992,-2.8172129489090514,0.3250697396750458,0.3168635106987671,0.8269230769230769,1,5
0.35349145666264842,0.92941492738138687,0.10597963402073957,-0.92526511949874823,0.3307333294721127,0.18574155005075729,0.13757997203621566,-0.16371730982685365,0.97686662024944426,-0.91365957629095595,11.163008932543185,-1.9452793772622905,,0.2330633281019082,0.36,0,3
-0.96965589987907019,0.24446961125153316,-0.0014300364456070708,-0.24431119340037788,-0.96878109491637387,0.042133489197030444,0.0089149654511231618,0.041204360293023906,0.99911096685195544,3.4918661973160829,6.603354182018065,-1.7959935267176133,0.1040931901295211,0.141397132305764,0.5392156862745098,1,2
0.64080846388601809,-0.74511320665882197,-0.18485351463970465,0.76321150888952582,0.59231529414235151,0.25820686478797411,-0.082901781106424072,-0.30654347422130712,0.94823962852314692,-4.1355071992124834,6.8003194408250103,-1.4487645188521605,0.3324764252292869,0.178735127867273,0.5909090909090909,1,4
0.99051682822416864,-0.099939633944604742,-0.094278749311550364,0.12396749260345533,0.94594932598361381,0.29968639183112505,0.059232371068057135,-0.30853191445645423,0.94936799186589937,-7.1075998724102343,30.821930068895721,-3.5117269183476783,,0.4280693516752082,0.6666666666666666,0,4
-0.33663293232708952,-0.940351328134858,-0.049169589665509793,0.93606215990576602,-0.33985685915742225,0.091021690141446177,-0.10230298952336778,-0.015384893846294514,0.99463430635380812,-6.223797365456246,6.4535989450927378,-1.3682004043838476,0.1647414552413839,0.1274733255785233,0.7058823529411765,1,5
0.95604278916768137,-0.28577925736188009,-0.065668876510665691,0.29305835319349544,0.9236242145270922,0.24705285256950443,-0.009949216250406831,-0.25543791104866359,0.9667742687386226,-4.8027224511899052,-31.27795871577521,2.0794729631477598,0.7083340118701897,0.6097809129205519,0.8095238095238095,1,4
-0.95172660867104653,0.30612816616430893,0.022405540127086961,-0.30576571537429781,-0.95193261405548246,0.018210590301805198,0.02690333899636408,0.01048065734452863,0.99958309618184027,-4.7970258221542306,5.4941709638531515,-1.328634254283789,,0.07980485491849021,0.3478260869565217,0,5
-0.035939461656101346,0.97629950785844966,0.21341889806485934,-0.99362075565973917,-0.057751462012008696,0.096863628662387943,0.10689316637671045,-0.20857622009909149,0.97214701120310842,-18.017694353348993,14.22451305393318,-1.7470293573944204,,0.1616330577941347,0.2352941176470588,0,1
-0.53939074308248336,0.83518898783423401,0.10731719749115058,-0.84191268265040642,-0.53724940089317852,-0.050459053026368099,0.0155132546334893,-0.11756885574142908,0.99294355483598762,15.759460553443086,-26.456738767878942,1.128785051346509,,0.4737541206944774,0.3846153846153846,0,2
-0.17207064923249471,-0.96361979146271071,-0.20452038816233092,0.97938451335672416,-0.18964977281968479,0.069562480306953167,-0.10581902791899489,-0.18833443968325264,0.97638746005849286,22.032748432719071,-20.062628851971382,0.26536392051979707,,0.1817404902759022,0.3157894736842105,0,3
-0.12464459026453888,0.99142494215181742,0.039246785818089852,-0.98659707021604559,-0.12804180367297668,0.10115096417378758,0.10530881804911313,-0.026112843419219298,0.99409666142164599,-4.3013666092405645,12.883621116651607,-1.9938945074582819,,0.085161174826991,0.1818181818181818,0,4
-0.97811588388035842,0.20801544621370291,0.0043464741411827369,-0.20703733311496761,-0.97516138370070404,0.078713521300795966,0.020612141994171978,0.076091063045819793,0.9968878019752121,-0.29304152941468425,6.2570148374737942,-1.6055389269137601,,0.07226814462662955,0.2297297297297297,0,3
-0.31721432738509264,-0.94747166743985844,-0.040896331135668679,0.94368028085552236,-0.31963338353033194,0.085451902596695981,-0.094035089334070551,-0.011486493446080877,0.99550261799869078,5.716308386757305,13.561622551070197,-2.4595612905784163,,0.08392900460518872,0.3103448275862069,1,6
-0.99998873759583895,3.9171064732484321e-05,0.0047458557825767614,2.8124584733389472e-05,-0.999899472812532,0.014178980154774118,0.0047459341007922966,0.014178953940592138,0.9998882104388781,-14.569996377794531,18.092420499043655,-2.1911936590412782,0.4084296115720679,0.2775302742506496,0.5789473684210527,1,4
-0.97392603609183681,0.21849010653991582,0.061074950402100141,-0.22125720597545759,-0.97427198120494229,-0.04288770736389514,0.050133073179057519,-0.055282727711043401,0.99721135923657145,-15.649790957412199,5.841756650203612,-1.0475791907438472,0.7110012272576102,0.6197847636677906,0.4338983050847458,1,5
-0.87676635239436196,0.480453086450637,0.021109121941512723,-0.4785883052974822,-0.87599462292351171,0.059888685422023295,0.047265181069884241,0.04240580537085431,0.99798183867707735,-3.2490508023603728,8.7110916342871274,-1.6488211387173692,0.7222140796181613,0.6529778263293616,0.9811557788944724,1,5
0.98731493583866625,-0.15247377360970757,-0.044282793849384772,0.15855460368347429,0.93216576114908856,0.32546494648751184,-0.0083459643342125734,-0.3283576435878387,0.94451659740672411,2.3293013802454863,-32.254548432214008,2.0443076970546952,,0.486283016336149,0.2903225806451613,0,5
-0.97786533519654584,-0.2086422423504489,-0.015741693934429528,0.20711847528931576,-0.97590377500007575,0.068656821470504018,-0.029687091719765954,0.063876730094613657,0.99751613517659155,-11.342938707181297,5.4655657751014433,-1.0891607248039699,,0.1003158005355009,0.5189189189189189,0,5
-0.92090489360453032,-0.38155542764731837,-0.079684581746409078,0.38967868441939202,-0.90603180257903437,-0.16509662511558817,-0.0092032518383481469,-0.18308967296998804,0.98305313783505233,-11.560599386577749,11.933801332779952,-1.6813664998051698,,0.3436109270798927,0.2727272727272727,0,2
0.49035539090153873,-0.84303993371806352,-0.22098701493627043,0.86666023097371736,0.44493621522072541,0.22568076664536701,-0.091932772515481875,-0.30218443795420813,0.94880605541697349,-1.3823693291982577,-25.614152713002234,1.352862121615187,,0.522549978196635,0.3103448275862069,0,1
-0.96502109232313804,-0.26126837348022391,-0.021751514670366578,0.2615022754076281,-0.96516400323976204,-0.0086606470214200017,-0.018731025815206682,-0.014045777628699104,0.99972589483453644,-8.8846381769683553,21.496591379858192,-2.6542613735095779,,0.2189538085704964,0.1875,0,2
-0.26890156283840383,-0.96198665429488273,-0.047682559302132235,0.95804469266748948,-0.27224257009469194,0.089634535084935338,-0.099208449008739291,-0.021579156303577745,0.99483266113377367,1.4933820025701343,23.186159566747595,-3.0259700548716175,0.2204424829752238,0.1616741375745592,0.8,1,5
-0.84066365846009183,-0.51566750095279257,-0.16544377233851018,0.53818582642363921,-0.82952737901297646,-0.14913196741331905,-0.060337629893784363,-0.21440931866167745,0.97487846139395085,12.563089103637632,5.0239752892636869,-2.0727593689095225,,0.5825149885948023,0.4285714285714285,0,1
-0.82483187760217513,0.55827109716355494,0.089363055918376524,-0.5585754383075715,-0.82910900410892974,0.02391106490733963,0.087440570736785239,-0.030193399565122736,0.99571205938861962,-6.767312565567396,20.50914976068923,-2.5816983809651579,,0.1537279995887826,0.2857142857142857,0,2
0.6123552878402041,-0.78662295544072369,-0.079027384037698031,0.78687932936555582,0.59677001317351441,0.15711929351323123,-0.076432470006891046,-0.15839784515764235,0.98441261683201786,-13.641112033217379,9.5060077983195388,-1.4304049746309504,,0.241462394948792,0.2173913043478261,0,2
-0.064983407230461143,0.99765115207175292,0.021664153678894672,-0.99250877268221738,-0.066868808764545956,0.10224919835014966,0.1034576866818398,-0.014857361283662746,0.99452288353869867,-22.245335663117036,6.4108939067439126,-0.9483269068826059,,0.08913887552158074,0.2333333333333333,0,2
-0.99874189207468433,0.050048772314517903,0.0031230441703264124,-0.04974917697061107,-0.99673333230451122,0.063621408848692884,0.0062970156286207089,0.063385997372883973,0.9979692194307489,4.6513686295708467,16.597808248440455,-2.666565807674341,0.2758832005619476,0.3504526215615909,0.4117647058823529,1,5
0.9795900584262488,0.19520496213343488,0.047941007404344205,-0.19992423539145551,0.92149317898375671,0.33298741896587147,0.020823485193430202,-0.33577573444919334,0.9417117598392325,25.560876224345506,-14.001812654321446,-0.4188202926652867,,0.5927730281792154,0.1714285714285714,0,4
-0.42092480317804787,0.89059664446283482,0.17222057641599908,-0.90539622493759575,-0.42411044178481555,-0.019697945015602982,0.055497621014515615,-0.16421921337232714,0.98486144407276999,2.5189418625298452,-28.14535242624563,1.5802527629027991,,0.4879302234037148,0.45,0,2
0.99798802278480581,-0.0044189449859289142,0.063248551788049528,-0.015246832386277236,0.95156810400901892,0.30705972958834266,-0.061542184558715594,-0.30740627247649427,0.94958619575152248,-0.22832078049800128,12.825050278553634,-2.1228533266529013,,0.3445969897647354,0.2173913043478261,0,2
-0.80358284186342122,-0.57498749028430929,-0.15376606348365526,0.59152495225614687,-0.8001562326300885,-0.099238270045319515,-0.065976110229925708,-0.17070263442541231,0.98311126708992269,-5.7550032885645575,23.140756736441187,-2.8158702249731427,,0.3479132201435513,0.3571428571428572,0,1
-0.94564039749152495,-0.32018354368036728,-0.056980145562748157,0.32112385074975069,-0.94700389269239682,-0.0079435322809251474,-0.051417031339055924,-0.025809408783011887,0.99834371000500066,-6.4777595731196129,-29.676223444519721,1.9348350415344131,,0.6756996328297131,0.7547169811320755,0,2
0.075464109725579792,0.93895547824119308,0.33566021215535591,-0.9913943253240376,0.034538973829012061,0.12627094282587584,0.1069694342259621,-0.34230055385244684,0.93348158577107798,-8.5531219778737082,-28.92573681977186,1.934808494222888,,0.5318212640346517,0.1071428571428571,0,1
0.77171681608344267,0.62777525018647595,0.1017417860436093,-0.63588653721178101,0.75914782907001987,0.13907870221960117,0.010073111080808045,-0.17202560527894029,0.98504097557490977,3.5218915686014705,-26.531776658020288,1.3904477801070501,,0.3390663320539374,0.5641025641025641,0,6
0.72219944437936667,-0.67956110635891698,-0.12893667151892674,0.68792431521679775,0.68627146590365795,0.23620248013080974,-0.072028460150380905,-0.25928397137249004,0.96311148010896219,-7.2954461269464277,18.34560658967478,-2.3560527945267835,,0.2371609751746117,0.1111111111111111,0,1
-0.96972016290435548,-0.23300317151961555,-0.073159604417666932,0.24273895870671222,-0.95250804755556073,-0.18386467107052876,-0.026844060473964988,-0.19605596497860839,0.98022520627332155,5.2624843379222144,-26.451258457728766,1.3085517582725494,,0.3608799685346283,0.1428571428571428,0,3
0.0051193412317203316,0.98906827536575237,0.14736939645113181,-0.99394546415913265,-0.011142129800831645,0.10930812971133397,0.10975521228097372,-0.14703672877386481,0.9830228856789861,5.1724057903233485,-31.171423535570007,1.8337884763367394,,0.1392083887799679,0.25,0,4
0.14232459021974617,0.97299709339223317,0.18171507166178721,-0.98341014961886564,0.1181406845396839,0.13764903299005321,0.11246416605027208,-0.19829128802537455,0.9736695417069674,-7.4300373456816606,-30.833234367954088,2.1198929487379115,,0.3493936045045155,0.3181818181818182,0,2
-0.37884630597449681,-0.91952529781661907,-0.10463605078908986,0.92527765983250299,-0.37858488469552121,-0.023124387450637638,-0.018350167965607813,-0.10557798897184102,0.99424170078522511,-11.106902294152176,19.643378087615851,-2.4380095691319035,,0.1901272433955977,0.2307692307692308,0,2
0.011896268054543512,0.98044302408711792,0.19644326235654572,-0.99382657214913561,-0.010078518780545153,0.11048605318994099,0.11030513721796786,-0.19654490575463518,0.97427043305502603,8.5376473705251552,17.850326748493554,-2.843558712012741,,0.2930821970398363,0.4444444444444444,0,3
0.9978386977564051,0.057848812560099695,0.031168062903988204,-0.065485447404356148,0.91469921113434383,0.39879444495687255,-0.0054396174545445451,-0.3999735841722491,0.91651052504941377,-2.1564463636769817,18.159035113710864,-2.5246241698899698,,0.465031724815158,0.1176470588235294,0,2
0.72202768990258681,-0.68559712938835116,-0.092911738700694954,0.686156843315747,0.6923716010785893,0.22318232992519879,-0.088683715443724498,-0.22489584743681459,0.97033862976837804,0.3610316654955118,10.583334098236906,-1.9493113087931628,,0.1350347345768307,0.1428571428571428,0,2
-0.69065156142421213,0.71781774905118889,0.08796647002911237,-0.71480148013477784,-0.69604415356631844,0.067685894271103553,0.10981468344183072,-0.0161311944143093,0.9938211709695759,2.271860555047577,-26.884323251151226,1.4431633049519781,,0.678635889018213,1,0,3
-0.6953871558395226,0.71818658906203492,0.025391470710843064,-0.71483490252933235,-0.69490673329725183,0.07820290368025247,0.073808980614152198,0.036230585277940992,0.99661405723134278,11.877490530481158,5.9021415940162028,-2.1060789212788067,,0.09203131844086815,0.2857142857142857,0,3
0.77156501384037091,0.61283483844525166,0.17064844038341029,-0.63225734867886629,0.70910546650052808,0.31212190314144744,0.070271434161247689,-0.3487160709902124,0.9345902992081988,2.0967067234867454,9.5733331167185298,-1.9913000801018124,,0.6696211499031335,0.2857142857142857,0,1
0.12023672519994132,0.96971837022218244,0.21257801477770172,-0.98479806892506927,0.089467269681664158,0.14889046677730458,0.12536304620839836,-0.22724852058779915,0.96573402991507351,28.175022699826471,-3.5374259224291431,-1.7687980347893453,,0.2607179497098245,0.2777777777777778,0,3
-0.88820996504616156,-0.43176710427187265,-0.15703574644449161,0.45652202783859758,-0.86786473506211048,-0.19595519828192398,-0.051678777954122408,-0.24573963722658845,0.96795729999050761,-14.302114482777327,10.510127934990031,-1.5302551897458914,,0.4107963477337033,0.1875,1,1
0.90715147320403833,-0.4148209231530065,-0.070709308992745759,0.41816411445741214,0.86984915986899536,0.26172736283249587,-0.047063553242320734,-0.26699445835015334,0.9625481708291368,16.826812645916512,-29.178227397009262,1.4571702046052404,,0.3971472152813546,0.5882352941176471,0,4
-0.89662592595255397,0.44243370285372202,0.017730411412877029,-0.4415192777378919,-0.89636815721654239,0.039810226249430709,0.033506362015831827,0.027866562532267342,0.99904993788954288,17.930248646480951,3.5993405593749253,-2.0859200281995163,,0.6999194276975693,0.5078125,0,2
0.91161791010182702,0.40114346532677625,0.089647678203083142,-0.40887556464214325,0.86264418526294839,0.2977680007499024,0.042113639360028307,-0.30810538758296802,0.95041965021889352,3.8511002795407268,15.864813266087321,-2.5747592824465309,,0.5677857145259882,0.65,0,3
