axis_00,axis_01,axis_02,axis_10,axis_11,axis_12,axis_20,axis_21,axis_22,location_x,location_y,location_z,dbh,dbh_approximation,score,reconstructed,number_clusters
0.99772009145296126,-0.067305240008427136,0.0049622352323879142,0.064868184773396093,0.97668232761332596,0.20465519668950383,-0.01862089458909244,-0.20386671036543205,0.97882154997194337,16.354941049401585,-6.2598262105166151,-0.91333312149398105,0.7134436330607206,0.3483272407247398,0.4193548387096774,1,4
-0.9633837339500787,0.2606461435338765,0.062891724585377298,-0.26045385559253253,-0.96541921264518571,0.011381254875253355,0.063683359422923691,-0.0054158763343660609,0.99795545893398618,4.7297170158645496,-8.7902098885320346,-0.40965196985414998,,0.1541769447662243,0.2413793103448276,0,5
-0.95966692737207882,0.27839370436929028,0.039196095159819158,-0.27743644625052738,-0.96033132196038662,0.028156177895713223,0.045479740545782604,0.016146127379683052,0.99883476900362644,4.5746976265852286,0.7855370497329518,-1.3495246535513807,,0.08847025929432803,0.4210526315789473,0,2
-0.95193252847752219,0.30417071770822113,0.036119741350917188,-0.30261443901147766,-0.95214962588341523,0.042843800389805238,0.04742322772819639,0.029854051968506108,0.9984286519591179,-11.023717827110735,-6.8677615543768917,-0.038711205785719682,,0.07277509081220013,0.3023255813953488,0,2
0.31375431118610653,0.94713805434634801,0.066990583078120614,-0.94646110991240118,0.30632531064852947,0.1018634943415376,0.075957880667632746,-0.095364092115935939,0.99254022099831585,30.552242452629535,-8.2779353172406385,-1.0251291611505491,0.4606342319538188,0.5685437760312716,0.7804878048780488,1,5
-0.54754781558732035,0.8302878837014801,0.10398759456815766,-0.83048093546175528,-0.55442994488124853,0.053933774701420668,0.10243439598163229,-0.056828394289239741,0.99311516357489216,29.329399839962534,-12.110027089306355,-0.63465251945630374,,0.5759256959726372,0.7647058823529411,0,5
0.6517941707708359,0.7374422630293016,0.17704029950093492,-0.75534023502817738,0.61029788017676712,0.23874175755263677,0.068010942477928743,-0.28933614732688795,0.95480841300927866,-1.9622111489095364,2.848887629520509,-1.3912387624409179,1.038163406767286,0.5249375003530281,0.4574898785425101,1,5
0.90149969248170514,0.42932580035781187,0.054567953988715653,-0.43232817029537401,0.88761344046962054,0.15885444113003833,0.019765060699234772,-0.16679849353278639,0.98579288135528131,-1.7795109301531249,-8.8486870037449457,-0.21741357585127785,,0.7370186162804059,0.8278145695364238,0,1
-0.95731779874599776,-0.28875814938645589,0.012702888137215372,0.288981593219651,-0.95534430686122818,0.061700033452758665,-0.0056807556143172785,0.062737441059932869,0.99801389895376802,-16.171399134943638,22.585398160290314,-2.6203135267578355,,0.1367491134418569,0.7142857142857143,0,1
0.66671882258018578,0.69970241539096123,0.2567149031773287,-0.74340688256642407,0.59972860599206779,0.29609425206795564,0.053218592335400716,-0.38825523699090747,0.92001394140467918,1.9505387262516261,2.7302238900984079,-1.4783646473524632,,0.4303557859715838,0.148936170212766,0,4
-0.91429197661023154,-0.40200584989828075,-0.049613286060454065,0.40469857571255952,-0.91175029538507268,-0.070217246324947732,-0.017007184434265556,-0.084277491139649524,0.99629717462453182,-15.809498562330209,12.287090731846966,-1.8458168191740536,,0.3083955464293822,0.2,0,1
0.79731530052108768,-0.59980781155913354,-0.067222769562191143,0.59942814473750916,0.77391171604891307,0.20431973732064007,-0.070528085551194178,-0.20320247280697709,0.97659333614028621,16.002639962158892,-6.77809691286655,-0.8587901036198945,,0.08186998570472834,0.2666666666666667,0,2
0.4616084268130391,-0.86737924550485912,-0.18593252744641606,0.8798439780921159,0.42094730576804607,0.22063077750319271,-0.11310276084265761,-0.26543664071496265,0.95747122946630847,11.360539124759022,-8.7062075772396739,-0.59389386739680805,0.2339514771544662,0.1939336110656087,0.1428571428571428,1,4
0.7212325989567866,-0.6895055315302393,-0.06637514739148194,0.68836592469897362,0.70273562696467851,0.17976371243353664,-0.07730389327430881,-0.17534183922772828,0.98146795541213228,-1.7646200680117943,-4.8148118222787497,-0.57903464380463721,,0.08166215567498723,0.2481203007518797,0,4
0.8794875981056467,-0.47471272379571777,-0.033902723265404944,0.47202113876862972,0.86096153829193578,0.1895818402103677,-0.060807970973599398,-0.18273767933415902,0.98127943584773025,21.399335233051744,-4.368394295476258,-1.203884712196343,,0.08199769131685494,0.3076923076923077,0,3
-0.35797096028811853,0.91755838592260419,0.17304161353127276,-0.92930877498651021,-0.36812206754848253,0.029518538529220057,0.090785419112723018,-0.15024231030882962,0.98447206962391354,1.270433526073228,-17.029041209286284,0.45684883065933096,,0.3334116994291938,0.7,0,2
0.8188197256252665,0.57395986069376304,0.010214462264764692,-0.56712606197969861,0.80605892050110495,0.16922484009149266,0.088894807218202032,-0.14435752489215192,0.98552453965218412,-8.0688331726119884,-5.703550233731308,-0.27029768590013448,,0.1659509360159857,0.3076923076923077,0,4
0.98999403114651519,-0.13972544294284042,0.019713419000766896,0.13711942953885103,0.98555424447845585,0.099403688228557455,-0.033317868137275289,-0.09570596525257552,0.99485189243317007,-4.2084576455632341,7.0409541754643348,-1.7968332046427116,0.08582818758427944,0.09864669734812123,0.4642857142857143,1,5
0.55478357258077471,0.82948529982734365,0.064570310242815232,-0.82988796659535202,0.54619024663591587,0.11385155853140023,0.059170520487348076,-0.11674909785578043,0.99139724513189831,2.6165015140970325,17.079415270792012,-2.9319356116254864,0.2932634116745389,0.2715924844992007,0.7115384615384616,1,5
-0.93464254424135462,-0.34544607312394315,-0.084322743416562637,0.34767688911352612,-0.93752544088816037,-0.012916209343383925,-0.074592863401193296,-0.041389107875242859,0.99635477942292383,-4.7495405888095563,16.406118997115669,-2.7531749434543822,,0.4075063394286257,0.3888888888888889,0,2
0.11228326791467381,0.99251629079592407,0.047998752599448136,-0.98985286316855636,0.10748732967017027,0.092939675259751484,0.087084884012172403,-0.057947273146176384,0.99451412082056923,-0.051385187290205282,-10.988188182557858,-0.077801409522212803,0.1713894463236342,0.1317042707671987,0.5,1,5
-0.98416650331366473,-0.17668782555029314,0.014060798614009348,0.17724437229192261,-0.98143495865141728,0.073279290578809192,0.0008522007961083019,0.074611220598515868,0.9972123342170427,5.4516478963320552,2.7626498131291628,-1.5575429039973319,0.1921025530197806,0.1352854861583085,0.4591836734693878,1,4
-0.014141442610622503,0.98380007487695442,0.17871047051863209,-0.99703885432956485,-0.027384995539134243,0.071858089151548232,0.075587978925757304,-0.17716510573874875,0.98127416288746683,-9.6765147473010096,11.309559811070509,-2.1269728579143021,,0.1874642585260864,0.1923076923076923,0,5
-0.62767690405843501,0.77741895310776254,0.040515126316608731,-0.77405660971145951,-0.62880585012338286,0.073753425768658135,0.082813459495552619,0.014932320631509228,0.99645318842730313,-6.3360147520485981,8.6362092208877534,-1.9295040052432757,,0.08408229507551426,0.3962264150943396,0,5
-0.92245388833405717,0.36589125460990973,0.12329806850622187,-0.38447680814582752,-0.89978020448479035,-0.20633266250234181,0.035445844543123148,-0.2377376146454217,0.9706824499738983,-9.5155721357798075,-4.4102739727945801,-0.35694213937341346,,0.4069266759070399,0.2873563218390804,0,2
0.58475959673426092,-0.80807940775172482,-0.071160978034352076,0.80757849379152569,0.57161269741440301,0.14517541293222072,-0.076636743097518015,-0.14236079137968913,0.98684356140431551,-14.202670929817176,-13.247200263316696,0.67235864661725553,,0.2731184760567514,0.9444444444444444,1,4
-0.79385567181725247,-0.60712040627239294,-0.034611914295844613,0.60693253050724583,-0.7945736071399927,0.016902255725527164,-0.037763417955071467,-0.007589145155061509,0.99925788920586733,4.4200756822498253,-3.3458068645512715,-0.93191264611585511,,0.06974828623488165,0.1060606060606061,0,2
-0.98233989150227508,0.18398604199811719,0.034021668288991266,-0.18314644593389967,-0.98273208482900487,0.026363398669738101,0.038284682381864762,0.019666870556990967,0.99907331928012921,-7.0780620203216316,18.095885719208347,-2.7984167840530683,,0.0972280838509969,0.5,0,5
-0.42903656757641018,-0.89428781959315884,-0.12718851917357391,0.90217649249655663,-0.43122020054977694,-0.011256776822040323,-0.04477946034582847,-0.11957606100354777,0.99181468307643683,1.2245664064863773,11.442919925859352,-2.3885787180936404,0.7377409492341643,0.6053127217326761,0.3829787234042553,1,4
-0.76059292669101719,0.64790879998943607,0.041383411698944945,-0.64503120625717392,-0.76137518482427169,0.065135020443869332,0.073709855664017845,0.022847643862274069,0.99701797493722966,-2.5512041310756386,5.0601351428713324,-1.6126970653577264,,0.0661348022328769,0.1637931034482759,0,5
0.76886022396161469,0.6375850399414541,0.048366029944067322,-0.63808434794768221,0.76017900798401683,0.12237745186356011,0.041259191871354996,-0.12495276172734683,0.99130443680174851,0.16514932290503923,2.894756834695666,-1.4544140093683307,,0.0743838972099827,0.203125,0,5
-0.31798365545442242,-0.94555941427572798,-0.069309371216200358,0.9436089326107131,-0.32273590309998834,0.073781563737192205,-0.092133474704439541,-0.041939610450942633,0.99486305183884949,0.6535457480547826,-15.427735831915575,0.30120085904644694,,0.2015155740379644,0.1379310344827586,0,6
0.79434934463959872,0.60552357267528467,0.048480115565027911,-0.60472264514871354,0.78067633144326565,0.15765464778631463,0.057616326809181377,-0.15454988987004489,0.98630354882570181,-9.8387362321904739,-13.848189504072362,0.57265539407994881,0.3528579078080105,0.2426577912249683,0.125,1,4
0.63406313770955769,0.75254437365751736,0.17787890002562645,-0.77116372392753152,0.59835794440141366,0.21742649624629104,0.057187833462495216,-0.2750358813830136,0.95973163731104338,-0.30464754394473209,-1.9338301019380615,-0.91483525409577404,,0.1047439288351182,0.225,0,6
-0.044573543496353299,-0.99872025378021212,-0.0238967342824776,0.99521250927629301,-0.046474215605451133,0.085977954522319905,-0.086978506541344924,-0.019949986793145233,0.9960104103004096,-9.254378858230135,-1.1708307926712258,-0.74339479097045613,,0.06951020960600957,0.2162162162162162,0,2
-0.9917935682493827,-0.12712062073714051,0.013633259425436264,0.12735380731926813,-0.99169635425264602,0.017870330811071453,0.011248366123304224,0.019459926654910063,0.99974736084379912,9.9785192480497482,-14.007047944009024,-0.045438760191385562,,0.2208339717325076,0.2727272727272727,0,5
-0.29063153940100295,-0.95652692419350172,-0.024280683646128738,0.95402806033225551,-0.29162794664974051,0.069163580239394701,-0.073237752587571092,-0.0030633357269972232,0.99730980521107204,10.10477633100977,-0.80887796147160951,-1.3216442767604295,,0.07706587700221298,0.3888888888888889,0,5
0.99904107036034895,-0.038362732224628722,0.021100722961726239,0.03563278087032707,0.99245872809326019,0.11728588132828942,-0.025441003531569868,-0.11642153498287061,0.99287400083370936,3.2286111001361468,-12.969520232254643,-0.016848631275000438,0.1430877482196879,0.1574084066550089,0.3928571428571428,1,5
-0.40764756880480274,-0.88157278304820907,-0.23801867119234096,0.91019652014136221,-0.41319707502264463,-0.028468788440760059,-0.073251309681720431,-0.22824899864263404,0.97084326245205332,11.034816974201645,-2.4151769270332437,-1.1891602764289069,,0.4337751705724857,0.4375,0,1
-0.9383417398947913,-0.34529802909671981,-0.016853791061261999,0.34563068896725718,-0.93597519152438147,-0.067006475022319323,0.0073624734454488276,-0.068700159772874136,0.99761018540908375,0.91050017661377824,-12.536346941500028,0.029043864874251868,,0.2244472825551668,0.5128205128205128,0,5
0.6872690800987783,0.72477727013142657,0.048570775585918123,-0.72463723409964087,0.67940491216365484,0.11536829843730942,0.050617096880429514,-0.11448525681822498,0.99213458536363075,-18.04320279861135,6.8864480870695823,-1.172165685960233,,0.07807830969868064,0.4,0,1
0.85139889548817294,-0.52206953859833738,-0.050629217150171088,0.51898137837629466,0.82448833912769492,0.22555998656919957,-0.076014798954949184,-0.21831714433405197,0.9729128300262383,15.44374423933349,2.5279821986047621,-1.7535001307069242,,0.6097173189933992,0.5471698113207547,0,4
0.46745764530232509,0.8539375795297991,0.2286349931991892,-0.88128867813057288,0.42986169696253435,0.19633946949953146,0.069380225188973743,-0.29327381702306476,0.95350765733760567,-10.481768058732515,-4.9876220804503797,-0.2466272167945682,,0.2175885497114007,0.1891891891891892,0,1
-0.55894196055089773,0.82776487625232842,0.048879386028127934,-0.82377632087544794,-0.56105111546563147,0.081327848856846921,0.094744170799212338,0.0051918664985310808,0.9954881147566913,12.372822309814289,0.5933201623541795,-1.4834150453015769,0.4363746039554176,0.2152901990170952,0.66,1,5
0.98761760445287072,-0.15355187881203494,0.032144795660716485,0.13866955919269949,0.9502713336697558,0.27884609690438278,-0.073363619922121523,-0.2709358095911284,0.95979766948723333,-10.869861397697466,-13.23172908689334,0.54272475053573954,,0.2270158165842023,0.3125,0,3
-0.033565457824075405,0.99865437756014808,0.039532192211059976,-0.99545262084217923,-0.036933705137726383,0.087806497955645227,0.089148413892202599,-0.036405159040326499,0.99535281417985233,8.8562861651500473,-1.2442298747455161,-1.2471616553119969,0.3092944116066489,0.2626136080750452,0.8382352941176471,1,5
-0.58571543889206368,0.80290596753829246,0.110812598267867,-0.80283117444298391,-0.59349686298422166,0.056776570611367747,0.11135317681133629,-0.055708894436046708,0.99221821646991382,-13.161770560287149,-3.0706697487067882,-0.34182144657743735,,0.1784326546350312,0.3508771929824561,0,3
0.45250614159185198,0.85638234063916108,0.24869153275301645,-0.8891450084361513,0.4119324281050783,0.19933095256013073,0.068259400779154752,-0.31132131523049372,0.9478500371305707,8.07570309642486,14.501849547943438,-2.8043383068222778,,0.4587633884783416,0.1428571428571428,0,4
0.89972107079521235,0.42951714436188404,0.077569436418790175,-0.43600073952755386,0.87625775010449936,0.20512364688944712,0.02013330321984768,-0.21837439886812052,0.97565735379816831,-21.904313468156463,12.517952418647745,-1.5420152820051172,,0.05910222237979071,0.1428571428571428,0,1
-0.99675322433234148,0.070470126482448742,0.038948312628764831,-0.073804517109769069,-0.99301037971241568,-0.092104717781433129,0.032185447600959816,-0.094680235830670104,0.99498731142953478,-6.0324711433380322,15.489710247753864,-2.617796921435811,,0.2228498751935361,0.2916666666666667,0,3
0.89808240282042118,0.43321627279157632,0.075971433663402366,-0.43935065231250392,0.87558612586483964,0.20079825822346634,0.020469539732874447,-0.21371148116461802,0.97668234383628982,-17.460095847397607,-8.0969936006855789,0.30360446231820376,,0.1541376611661514,0.3428571428571429,0,1
-0.46614758391080452,0.87884921641808444,0.10163899259357961,-0.88026782836719575,-0.47223192853879098,0.046103752669761411,0.088515424394959033,-0.067978382371549254,0.99375246373245607,5.8947493189928819,-3.806835314591539,-0.92027752088366355,0.5819009641496227,0.531436104543614,0.9831460674157303,1,5
-0.92316435189645862,-0.38427060622427978,0.010182366110823028,0.38406344720748375,-0.92313646789970061,-0.017729358498507781,0.016212584824595942,-0.012456437118563517,0.99979097278762008,5.0107200021967548,-19.287763380752473,0.55190458497932338,0.3016336784736284,0.3022544450250004,0.84,1,4
-0.57138603148567679,0.81715254232643031,0.076024506525864968,-0.81721072937774952,-0.57503358447398345,0.038768550616308836,0.075396464193861548,-0.039976234145481258,0.99635198293103722,9.7642269146107008,15.059114902211668,-2.873609878654237,,0.1477208794931021,0.2142857142857143,0,4
-0.95636425111439216,-0.28713088597161324,-0.054067305384711051,0.29180756232563582,-0.94796177083217337,-0.12734530855237453,-0.014688967287642827,-0.13756574923245107,0.99038371295076133,-4.6532709371910856,7.8691984893385536,-1.9329422624838501,,0.5019423587003088,0.5370370370370371,0,3
-0.77132160700971741,0.62434019151831666,0.12354069699827622,-0.63492203363855138,-0.76826258168554207,-0.081526785672887556,0.044011245838243632,-0.14132208191481802,0.98898487319221828,-3.6099231078552148,4.1514687056383899,-1.488570835154279,0.1496900462485194,0.5254073684511041,0.1588785046728972,1,5
-0.65242394761620492,0.75219327258970015,0.09245687236589635,-0.75119432279516396,-0.65799810588566721,0.052398301987645411,0.10025009714310314,-0.035267170593492755,0.99433703778001103,7.4125886057693302,13.21802750470556,-2.6737367474224247,,0.3268430871570295,0.58,0,5
-0.25585841943594645,-0.96665728663834605,-0.010495684481298163,0.96323291412453116,-0.25584257021676876,0.082017878612184611,-0.081968422888967149,0.010875176038550448,0.99657559080845814,-7.3568631459026426,-4.3450170332653508,-0.48371012840969047,0.1808555715686881,0.1584193277085409,0.6285714285714286,1,5
0.39641702395000561,0.9078657463846086,0.13650395475640248,-0.91233319188275375,0.37296409590179691,0.16895540878344675,0.10247775422815911,-0.19151388907771835,0.9761253711376835,-4.7303043389787138,9.8578564188823279,-2.1247428015986483,,0.1606259550669453,0.1785714285714286,0,5
-0.88509933095427185,0.46195186299239982,0.05656545431754758,-0.46533663097025552,-0.88045343130702913,-0.090904208796565897,0.0078098797399020394,-0.10678123232819745,0.99425186658156128,30.012145998739193,-9.4583899780356102,-0.90877249950133299,,0.3857087003632426,0.1111111111111111,0,2
-0.67668144551723686,-0.72388429660805875,-0.13451299720457854,0.73586791034980159,-0.67100535386494875,-0.090830796550463222,-0.024507954017411342,-0.16044731287507144,0.98674009748314651,9.767984763437255,2.0286385835428837,-1.5657932165325612,,0.2686252715196296,0.25,0,5
-0.97211408450830339,-0.23387962046057773,0.017161871512156632,0.23438251000752178,-0.97138479097974295,0.038424300329551506,0.0076841201941187194,0.041375246059179936,0.99911412927171872,0.086397326229569707,7.4167763384723155,-1.9392928853037419,0.6026927659588425,0.396884522737601,0.963302752293578,1,5
-0.98812626163705786,-0.14593634397588795,0.04805283103133115,0.14685712907495338,-0.9890249642826362,0.01620505061992816,0.045160543653025319,0.023069536897894045,0.99871333312631883,8.6400873014027706,-11.914906413042401,-0.23528739492452302,,0.4748903844285433,0.1304347826086956,0,3
0.31217003962941381,-0.93793579093678192,-0.15108381262585294,0.94494805656877967,0.29012869370821648,0.1513225411961174,-0.098097078165748475,-0.19000471880181688,0.97687008864453728,7.9335151537549295,0.27172737869606706,-1.3590169883615948,0.5744064384463058,0.2452426451821698,0.1041666666666667,1,4
0.068874816181823492,-0.98664515473532555,-0.14760622728471756,0.99332947387627468,0.054107544302752976,0.10182794301276719,-0.092481436108041479,-0.15363499694676766,0.98379035962371753,-16.970678940088355,6.4032501068952277,-1.1729786982324979,0.4080352738538008,0.2733688934859707,0.3076923076923077,1,3
-0.14047825581848669,-0.99008119503881231,0.0022554096554470819,0.98603083071251907,-0.13969693389700086,0.090708144861183046,-0.089493354650366175,0.014966425434787168,0.99587496483400417,-1.7190316946563919,16.705466737437447,-2.8193629737453039,,0.079631357189286,0.3333333333333333,0,3
0.98079126385697535,-0.19503865157864192,-0.0029019187138397237,0.19052215257671198,0.95467670590733278,0.2286781506297875,-0.041830683945792028,-0.22483841217262845,0.97349775669608929,-16.770667301453074,7.3879886112645101,-1.3124565809352109,0.713310500745886,0.5726990980111923,0.7301587301587301,1,5
0.93628631825566655,-0.34145477226826237,-0.082319917046116381,0.34879374375331113,0.87627477952992128,0.33239349433817056,-0.041362477752184934,-0.33992815307799812,0.93954137544824645,-0.34115065402250982,-8.6961386768034039,-0.27041333190868466,0.6690858970474831,0.4774556073179673,0.3235294117647059,1,3
0.56177724423673714,0.82520463882100192,0.058682466939248355,-0.82561210260592621,0.55471314454142995,0.10323750918914779,0.052640135717891653,-0.10644543832995994,0.99292415861955119,6.8717637269549403,8.7379586803780747,-2.1804018931668154,0.8161175971078718,0.73989346791505,0.4615384615384616,1,5
0.14284788917584768,0.9837978413135422,0.10833414967044508,-0.98645910271542891,0.13260699079951649,0.096508158520239015,0.08057865243273421,-0.12065319481021052,0.98941896452120481,-11.442862386327594,12.326925437510713,-2.1215274987421795,,0.1306357997263782,0.1666666666666667,0,4
-0.52459182903295731,0.84436321090364486,0.10887690748888752,-0.84633130716066818,-0.531085838898532,0.040879704514073231,0.0923403023147088,-0.070700776473316768,0.99321431160374385,-10.619150447410361,21.063497996672908,-2.8292700124905492,,0.3793016484417174,0.2608695652173913,0,5
0.96869326680222023,-0.23311835530831004,-0.085376737290617372,0.24798119766830096,0.92489818763170295,0.28821635643833016,0.011776266600142801,-0.30036506943041841,0.9537516157842264,-7.3561310284285479,12.196935571227678,-2.3124452604815642,,0.4671516843839851,0.3623188405797101,0,2
-0.9975143164332253,-0.070323881343341693,0.0044429971372010298,0.06890722414474347,-0.98671483003015636,-0.14712456850989938,0.014730341863638315,-0.14645270878807806,0.98910799264651228,-1.0895277983127849,8.4361215089417438,-2.0164838854801475,,0.08159084802364122,0.2962962962962963,0,5
0.027294992921601532,0.99788080993910988,0.059066678564791732,-0.99349483108222336,0.02054499790294859,0.11200858750146417,0.11055769522884894,-0.06173971344632679,0.99195020228298303,5.3151643389163352,-13.7743793193832,-0.0062811020812464924,0.2021337260591538,0.2335680673626014,0.3448275862068966,1,6
0.90096444451471924,0.42699493612295158,0.077060977450591928,-0.43334210241747678,0.8765691200848873,0.2093829028025172,0.021856166010652271,-0.22204031669713459,0.97479249369717236,-12.147233051960873,-13.223344828642432,0.58000185628877521,0.5542418664143883,0.2615615387565259,0.4222222222222222,1,5
-0.4497017494929364,0.85355003771057536,0.26309821289257496,-0.88864004845465328,-0.45722338236731758,-0.035575875240119674,0.089928865140748854,-0.24979814198841488,0.9641129018292578,-15.103926339422861,5.8301329477595649,-1.1819420712242987,0.2714385099693143,0.4204643019119641,0.244047619047619,1,3
0.22658688503157526,-0.95349711409297977,-0.19875018729059615,0.97016576542871957,0.20288092775044175,0.13273174731475126,-0.086236715625043744,-0.22289590075073029,0.97102041497937919,-14.543441418004788,-18.938621691250123,1.2022445162756696,,0.3395854073212971,0.2333333333333333,0,4
-0.74310283274512579,0.66483009067373411,0.076152022303569614,-0.66456526187410736,-0.74652487096152764,0.032459663369683887,0.078429539564937534,-0.026487120844449302,0.99656772963657769,-15.216602003503972,4.7403525421974999,-1.0855758434668175,,0.1602354502957211,0.3370786516853932,1,3
-0.9465001424527365,0.32191922758742147,0.022483132487848358,-0.32248929566474732,-0.94611119473985594,-0.029567911146656134,0.011753064221867648,-0.035236601672683297,0.99930988556301004,-7.4802756500229508,9.7185251370539323,-2.0438903446744519,0.6182180949426791,0.5547912045340238,0.319327731092437,1,4
0.738179103924819,0.65512723848063192,0.16093449577232469,-0.67413778513260103,0.72524482027758652,0.1398506250148436,-0.025096955697098744,-0.21172683358817004,0.97700659708799564,8.6477225681075272,2.8661086313953308,-1.6078944447773038,0.4279691069904661,0.252919509314106,0.1363636363636364,1,2
0.60277011853837803,-0.79659609696713651,-0.045856760613377248,0.79416641646171382,0.59338264201183988,0.13113635317259337,-0.077252101340921669,-0.11546297439340322,0.99030319315987203,-1.5122925195054198,-10.624112463539655,-0.054876515043876833,,0.1346633656542982,0.2542372881355932,1,5
0.66232277377992488,0.74878905267944207,0.025367260788082109,-0.74734498688565765,0.65789462833952805,0.09300606743041448,0.05295294051649322,-0.080558131739869129,0.99534233985159037,-4.1295281192866558,2.4686633434166283,-1.2768812527535134,,0.08279316692821917,0.4650283553875236,0,5
0.022906869497872274,-0.97160790876659797,-0.2354853433910625,0.99838832849935855,0.009998714529349596,0.055863863310897301,-0.051923220682710935,-0.23638548460080999,0.97027103523911085,-8.6356958364607106,3.5865912651751839,-1.2909468456649207,,0.6203873950080283,0.4712514092446449,0,2
-0.90744969926811636,-0.42009039235606505,-0.0076880132890869684,0.4198871991925891,-0.90736724981590644,0.019478550144252892,-0.015158603247293463,0.01444770610327111,0.99978071622528575,-7.9072339789757482,15.18360830842798,-2.5476131837403098,,0.2586142721140998,0.5909090909090909,0,2
-0.9953910587122381,-0.083917473833380954,0.046416568390553185,0.084392699705338872,-0.99639740408244126,0.0083717007960324667,0.045546816268270306,0.012250335636121153,0.99888708911699742,27.041149192404209,-5.3498501505407869,-1.2422940518260339,0.5922042202362118,0.416404351516887,0.7222222222222222,1,5
-0.63863035724544104,-0.76902232987240593,-0.027494053214798447,0.76766394143006522,-0.63916430241282784,0.046487283736329009,-0.053322976591889129,0.008581997363141863,0.99854043958601957,-3.6853239890582894,5.2939540930565077,-1.6111836097601555,0.3252421638005443,0.2060830338656211,0.7652671755725191,1,5
-0.20677941410356121,0.97666619152492373,0.058012276590297715,-0.97485248022710924,-0.21070568271051579,0.072565536369198866,0.083095822386218779,-0.041548352623139176,0.99567505678120771,-0.45080158674421567,10.764106166594875,-2.2531306181380129,0.2333717863134249,0.09551778724210634,0.2222222222222222,1,5
0.08082609350324417,-0.99650867461664072,-0.020918987135855337,0.98869435633596858,0.077497604611065904,0.12836506934891206,-0.12629573373003913,-0.031057731619230495,0.99150633126988053,-3.8108130264381863,10.608217870525403,-2.2367358436246927,0.1563153860247923,0.1526474692729282,0.3513513513513514,1,4
0.89585504647429015,-0.44131763413839892,-0.051792678102543274,0.4404581791918471,0.8665769861481607,0.2346080123554467,-0.058654310067974273,-0.23298728050444525,0.97070932777716357,-15.246922521392019,-6.5515659960801722,0.056338214316862846,,0.1015470652352791,0.3478260869565217,0,1
0.88902971177287282,0.45600718091390158,0.041031969730903804,-0.45733483256873919,0.88020889396007507,0.12679571724984878,0.021703052881217606,-0.13149050896751632,0.99107982703064712,-6.8679272792035446,13.993828544041772,-2.498848231777711,0.4696724491413766,0.2839595847720665,0.7441860465116279,1,5
0.70157186605941524,0.69283959122964556,0.16664398452584001,-0.71068344887340318,0.66315117203547103,0.23486072154659487,0.052210652661270715,-0.28320279633633516,0.9576378354555366,4.9994769363350677,-10.84542256965563,-0.26965042973424186,,0.2761507258342433,0.4,0,5
0.93992408672264038,-0.34097694833027498,0.016656287280907872,0.33764117314343811,0.93571777192749694,0.10213074707141268,-0.050409814490176882,-0.09037130078965866,0.99463152905819951,1.1770572160934172,-7.8722469766980536,-0.39199226778575202,,0.08657309664163422,0.4189189189189189,0,5
0.1349033604785051,0.96837813296112174,0.20986870880228725,-0.98761751554235122,0.11429368800875332,0.10746439352321441,0.080079500033161111,-0.2217673205954622,0.97180580837446595,27.062943197126369,-3.4395390753148374,-1.3851600718975772,,0.7481967961941943,0.4615384615384616,0,2
0.32922562185533882,-0.8973989411579617,-0.29374415793770897,0.93980179551471144,0.28125106666202521,0.1940886978904145,-0.091559134231866443,-0.33996025930988072,0.93597219351253635,-18.040651030010288,13.055349227724234,-1.810963158947315,,0.3890937197980788,0.4117647058823529,0,1
-0.26031855258105685,0.96286559847906483,0.071582752445383424,-0.96128495330767527,-0.26540134377131197,0.074117240023113026,0.090363099362325144,-0.049517330197975704,0.99467710553912925,-2.8147138386998578,-9.9188614018817418,-0.050306035604506284,,0.08868069351086975,0.3333333333333333,0,5
0.32318969934311065,0.93968252657896534,0.11200521184605439,-0.9394963981998451,0.3043969189353975,0.15712744353598068,0.11355587174613875,-0.15601046434392413,0.98120629788396962,-5.1956443273781829,17.275217513080634,-2.7951122904193664,,0.1430018806711582,0.2777777777777778,0,4
-0.21905615704656212,-0.94609836679994175,-0.23856294850306536,0.97064762236268587,-0.2361847173829818,0.045386919661806649,-0.09928541313636273,-0.22161827454703564,0.9700658467986274,4.2520396599656527,9.0981873522066259,-2.1567649985400887,,0.3006476625051083,0.1538461538461539,0,5
-0.69201774550696826,0.71843199355556853,0.070476311901402675,-0.71902216738020663,-0.69466423311997261,0.021183154621315505,0.064176029164499479,-0.036014911628541701,0.99728850560961813,-11.272076129431401,14.551164191519288,-2.3295775902608655,0.5525672187203435,0.4634736369405571,0.5192307692307693,1,4
0.50164972042459399,0.86115392676888669,0.082228172839081112,-0.86302757001553165,0.49166954229606596,0.11595031078640507,0.059421977340152726,-0.12913162118127422,0.98984546926279471,2.5816411972645512,-9.060098123344396,-0.33341288722191542,0.5207578392643637,0.4466884931286243,0.6466165413533834,1,4
0.48665020339757953,0.87057021361338094,0.072657296276753422,-0.87057110768387269,0.476368122159462,0.12320453991774669,0.0726465828457903,-0.12321085731144514,0.9897179187230114,-15.574173032913562,-9.0321690400300714,0.31793923096191867,0.2499407878310426,0.1998671847236205,0.6326530612244898,1,2
0.54466417481264295,-0.81712568152637799,-0.18880295883728737,0.83255042610664842,0.49970827955112124,0.23906363867743738,-0.10099863694773481,-0.28739738331813397,0.95247153206622859,11.858259646914481,-0.85890773339591697,-1.350880714772406,,0.3974604941464505,0.2857142857142857,0,4
-0.99035771265317729,0.13490929626730033,0.031481467072359486,-0.13451403549898763,-0.9908076004150923,0.014362214782675761,0.033129673136681859,0.0099890310014728641,0.99940114269371738,-5.3031027219014497,-7.8794914338556685,-0.16075591606051812,,0.06369557373617128,0.2156862745098039,0,1
0.96866149442204852,0.24674739162389783,0.028471634144308457,-0.2483521273929831,0.96029738649946883,0.12708324162402512,0.0040162225316893061,-0.13017163365762013,0.99148334113462699,3.975961393322573,-7.2545405955239879,-0.52246977528136618,,0.06659795918379963,0.1555555555555556,0,4
0.6637541169685035,0.71505221577183065,0.21938733082645764,-0.74516543744567987,0.6069052749786229,0.27639547398521302,0.064489867760374492,-0.34693849011448341,0.93566807203908142,-1.1540618403148009,-15.422724477908419,0.37793285247534514,,0.6847897597740884,0.3428571428571429,0,4
-0.62982240838687109,-0.77576975088397115,-0.038794684006750867,0.77455573554456358,-0.63101041885401887,0.043465662685579776,-0.058199196118008098,-0.0026729966513045927,0.99830141172900311,-0.3950362912578998,9.1070862064417586,-2.1003813449787776,,0.07034337278422767,0.3421052631578947,0,4
-0.17940576194817795,-0.96952314543621165,-0.16684856320408703,0.98188560665809355,-0.18697377099281046,0.030683291844193421,-0.060944466668120124,-0.15832144334929041,0.9855049936749869,-7.7762339150675954,-11.633981360349789,0.27734909859463458,,0.3082947375478933,0.2272727272727273,0,3
0.90119494188700899,0.42618307092351598,0.078839500096532025,-0.43311729446227371,0.87882374708585564,0.20019548145663843,0.016033900178991995,-0.21456190625592528,0.97657877430797813,9.713195683500544,17.814839025583801,-3.158489833811315,,0.2117345233270053,0.3333333333333333,0,4
-0.97658995382016456,-0.21241095360220294,-0.033965407215731429,0.21297195961760013,-0.97696068325015306,-0.013811871706338153,-0.030249074600176097,-0.020722214485806877,0.99932756557228808,16.719693488103331,18.13845316655194,-3.2875807355836435,,0.6185857343149039,0.6086956521739131,0,4
-0.42061410893180229,0.88448476140127197,0.20191700823962633,-0.90060323438340151,-0.43393540160928112,0.024776631093600246,0.10953349070335716,-0.17142571008786067,0.97908918916266796,-2.2059149749206615,12.044893295636616,-2.3784787855190492,,0.2859413234829431,0.4054054054054054,0,4
0.49916200633290042,0.86519485328051149,0.047698608896137501,-0.86185363125745129,0.49002941363038244,0.13068853073398709,0.089697322825478445,-0.10634396848894107,0.99027539131494335,-0.79555336933883425,-13.686177298357524,0.17848942317835961,,0.1547348017517155,0.5,0,3
-0.42959377599839504,0.88852819940484562,0.16114225543234106,-0.89923320662027595,-0.43725488865821371,0.013704103615620026,0.082636721467246071,-0.1390172694555403,0.98683604061579988,15.535416369975906,8.5623868031972066,-2.3583644638025363,,0.5468760719260537,0.6875,1,4
0.48988740397412667,0.8654680957331008,0.10476309796684895,-0.86973426102990314,0.47695370125234515,0.12679701121263834,0.059771620508900093,-0.15323231424803832,0.9863808652097481,19.969895901872494,-11.69334191849615,-0.48390566523630163,0.3587655266437003,0.4510373322998721,0.2,1,3
-0.96523244056540392,-0.25977967279259812,-0.028997539273627113,0.26138751999483789,-0.95853165290329945,-0.11355014211095395,0.0017029595130584969,-0.11718187567299075,0.9931090111073696,-2.6569349358995749,-19.710153052009886,0.8336430609019384,0.5954150334288376,0.4053351534999314,0.8043478260869565,1,4
-0.24707123201802136,0.94259311504393573,0.22466425123029324,-0.96661967167882323,-0.25598107639604917,0.010958962115364543,0.067839639095612775,-0.21445724049071252,0.97437460730895864,-0.95489269528963716,14.859366567315522,-2.6616298835634269,0.9265087182162234,0.4938604257062844,0.2619047619047619,1,3
0.74131695210424153,0.66972076907891687,0.043855079377680156,-0.66965193263653877,0.73370509678650786,0.11507875592675937,0.04489393766453343,-0.11467747125676547,0.99238783343364689,1.5294499564927666,18.535426863270242,-3.0363929318880212,0.7161677515938127,0.9011636486169483,0.6851851851851852,1,4
-0.99053912275185085,0.13067110419247008,0.04192026749813043,-0.13320891775914484,-0.98896188535849494,-0.064882767647570727,0.032979243888111999,-0.069853073212936573,0.99701199472989122,-1.9104953407228509,-0.58089555920324998,-1.0327791524572771,,0.2327626259195225,0.251063829787234,0,3
0.9251734655339533,0.35255682890850937,0.14056223198950429,-0.37586035392187533,0.90252244985669305,0.21019567515626034,-0.052754649289117973,-0.24729923148819033,0.96750195714723641,8.497477410740272,-10.469632840458118,-0.37096142148463912,,0.4163886919641173,0.3157894736842105,0,4
-0.37262992239780984,0.91835461787785944,0.13331067757765735,-0.92229234582523612,-0.38238547884967344,0.056197636935107965,0.10258542667448668,-0.10201049645657974,0.9894797061318118,13.620097807790915,-10.516964350442624,-0.44293359355656403,,0.1732472359080166,0.1363636363636364,0,3
-0.41634444595475784,-0.90798358531556311,-0.047149879322470979,0.90687656766804425,-0.41842908225026837,0.04991987722168257,-0.065055309831368424,-0.021975257101933959,0.99763966177074725,-9.8777093075366391,-17.698825998609593,0.91771933867395505,0.3744656669417036,0.3831981627179681,0.9375,1,4
-0.54761252540705396,0.80229249573842387,0.23758634914304402,-0.83262873384522873,-0.55058415467269506,-0.059887229011251208,0.082764204778399436,-0.23061621778436492,0.96951856428963445,-5.3500748856710931,-9.8836405509018572,0.036574264217150952,,0.2293381917309628,0.3157894736842105,0,4
0.13585899375985147,-0.97918405995180491,-0.15080089704925478,0.98679150006185479,0.12018673777582634,0.10861714168803328,-0.088231905908430719,-0.16356565898471492,0.98257895661400196,5.1924106836666741,6.9001428608296322,-1.9699494646880062,,0.2468072227077427,0.1764705882352941,0,4
-0.9770707209259939,0.19961747039467234,0.074065321321057878,-0.20886616263483881,-0.96614503032437971,-0.15145529533727572,0.041324719180613374,-0.16345227405189691,0.98568535633431631,-1.9633818117446429,-13.86291108857059,0.24796165378537469,,0.4251386626038046,0.2666666666666667,0,2
-0.8827813808767887,-0.46220951302101887,-0.084020233575863898,0.46919688447721597,-0.87640140148619705,-0.10851205955977312,-0.023480144253054173,-0.13521445760680414,0.99053810289153099,-5.6061591946874803,13.026112565573362,-2.4441391934595056,,0.4282222719453144,0.1428571428571428,0,1
0.078136299913909676,0.9647751382699481,0.25120440125914523,-0.99307731636112584,0.053154749613656203,0.10474739291501903,0.087704973432225802,-0.25764996636854348,0.9622496206627158,9.7090469972785858,-7.5204365251831655,-0.66753781988726302,,0.1578560564480707,0.4,0,1
-0.98608511479973648,-0.16544002402622018,0.01630168152662172,0.1660893620600612,-0.98462672285687391,0.054079020392533927,0.0071042368255587228,0.056034052917291965,0.99840358309292443,-2.9583333455526932,-15.084480873150191,0.40531531996378162,,0.08725697158046099,0.4333333333333333,0,3
0.85357567755882036,-0.52039959313111861,-0.024348021458994524,0.51669614611456083,0.83967661430874452,0.16723718478067373,-0.066585698692451123,-0.15533012216557027,0.98561599919931697,16.496995668918931,-19.038515953134002,0.33506966200933358,,0.1609137226813125,0.3333333333333333,0,4
-0.68879134234624362,0.69417757977712735,0.20900711577271835,-0.72309793903163788,-0.67849946082090629,-0.12949074188503895,0.051921645554221164,-0.24032471658260629,0.96930293165884551,-8.819589886190073,14.587350673615928,-2.4549086313333781,,0.7711043488185142,0.2222222222222222,0,2
-0.6185880559872351,-0.7841406816704326,-0.049721306694035093,0.78336782913366487,-0.62039187482985036,0.038062657861907517,-0.060693173160927032,-0.015404966554090772,0.99803758733683201,21.090874922319529,-5.1263762989358588,-1.1134637629410602,,0.09418951183658249,0.6428571428571429,0,4
-0.80794004340295622,-0.58905017025596684,0.015899156815551992,0.58817768115566382,-0.80451793113102865,0.082449462575543073,-0.035775713219660943,0.075965751559936359,0.99646841542196329,5.5906971766719069,8.1671902214788101,-2.0956899930490005,,0.06336499826785068,0.3684210526315789,0,1
-0.96788805557476487,-0.25122652180490224,0.0088287381608775865,0.25137254436883971,-0.96695786529583727,0.042477413763727621,-0.0021344351098308845,0.043332683788685149,0.9990584180629446,9.4405383916945809,6.2938125840784975,-2.0083190241881783,,0.1093367229198438,0.2666666666666667,0,4
0.24651885246086183,0.96340103849317504,0.10529432278927747,-0.96518227493032793,0.23425286440260962,0.11639919106029382,0.087473604828531337,-0.13032280901455925,0.98760535332128374,0.95578747935305597,-10.398471992555832,-0.16520301298884443,,0.2023953024469642,0.2857142857142857,0,2
0.2641590356167256,0.95517608899477768,0.13363623353971932,-0.96147303964157427,0.24986458140540457,0.11461799597573875,0.076089407570528469,-0.15876501494895812,0.98438004453758798,13.885933397343155,-7.2790201401677175,-0.76616438546659726,0.211374951565675,0.2005779486553623,0.4375,1,4
-0.04080659273898031,-0.98852146070269675,-0.14546526636706747,0.99837938245983604,-0.046119714384689502,0.033340375285692364,-0.039666493015530678,-0.14386901568886035,0.98880143388678754,-6.5199470456614517,-12.342179558214241,0.30571134757954987,,0.2111014938032394,0.16,0,4
0.11675157310886784,0.99254486211477189,0.034982379366936447,-0.98889295153105938,0.11291564099090094,0.096647754406415098,0.091977174281413193,-0.045877605748137533,0.99470369693794936,-4.7255094173654157,-12.951759279262456,0.26017152507524122,,0.07404559559160157,0.3333333333333333,0,4
-0.27217402682168196,0.93167098812214511,0.24064594119821475,-0.95829698782038919,-0.28508302429138482,0.01986334300275254,0.08711017310301751,-0.22520399453025228,0.97040969625698748,5.7836869523072663,10.503532147818323,-2.3403252956061968,,0.3292852904229691,0.2857142857142857,0,3
0.99084225941746629,-0.13466469718664315,-0.0098506996767025994,0.13097468594300737,0.94082883013670893,0.31254878663293928,-0.032821465455117341,-0.31097673822204414,0.94985063019937876,-11.90432253605843,-5.9860110859452824,-0.10912691531575763,,0.4529883344604629,0.4390243902439024,0,1
