axis_00,axis_01,axis_02,axis_10,axis_11,axis_12,axis_20,axis_21,axis_22,location_x,location_y,location_z,dbh,dbh_approximation,score,reconstructed,number_clusters
-0.53983741590100642,0.8268119187499211,0.15797979429786957,-0.82513242554240729,-0.55689360066590077,0.095005251727849668,0.16652941095142157,-0.079066861265904648,0.98286132630078105,8.562498576221989,-11.066309656416665,0.14248977800104415,,0.1409101097702204,0.5757575757575758,0,6
-0.99777443025901547,0.065201952576865646,0.013960361795497972,-0.063412637278765796,-0.99258866396237966,0.10366572049973878,0.020616104254895358,0.10254974185019892,0.99451421643524474,-8.3491964054395211,22.729816579244456,-6.4745032441387416,,0.1938532090399337,0.1875,0,3
0.28017445605395996,-0.9597005101678312,-0.021845021365755942,0.94985458753068619,0.27386494709337483,0.15091140878161358,-0.13884717037727437,-0.063031115626694584,0.98830589482258813,-13.585114214571648,-2.9438169722587268,-1.953466154255848,0.4659928293989617,0.3388701237734965,0.5384615384615384,1,3
-0.023994456007862174,-0.99971151112351386,0.001077315193542909,0.98687805957693941,-0.023514289039909774,0.15974596626081652,-0.15967454902563874,0.0048961962876349708,0.9871575688082278,-3.6487025608553822,9.2152362611015075,-3.8457519911262397,0.2766448190314619,0.2676372809898048,0.8586956521739131,1,5
-0.38027162175775608,-0.92463918718404359,-0.020877433016450148,0.91465735906700685,-0.37932085580572217,0.13970541813180398,-0.13709635002542472,0.034030308174401891,0.98997299404340344,4.9767862949003687,-2.1955005871190711,-1.2913258897999531,,0.07187744944315837,0.109375,0,3
-0.0054465514690207467,0.99516101733936091,0.098106496447396968,-0.98702579306184068,-0.021093586438667135,0.1591701744731058,0.16046937062174751,-0.095966713912909868,0.98236447966781559,-27.178940035696588,0.55486512500520924,-3.2664059055909576,,0.1034238423320938,0.3333333333333333,0,1
-0.58292124486746044,-0.8015672047828083,-0.1330144296640299,0.80435725266562985,-0.59243255497592517,0.045089664989876065,-0.11494447514505486,-0.080707397562889333,0.99008791711254363,5.8156808017682753,-6.5487316398266575,-0.55595011635871905,,0.1015269449765494,0.1935483870967742,0,3
-0.98308408060637631,-0.18195315558031158,0.020946112591197039,0.18309587742637667,-0.97341846417126754,0.13759503363100195,-0.0046465178124584514,0.13910263399669381,0.99026706856655633,-1.611067520747206,3.2756011181031335,-2.4388692528569136,0.357465615906608,0.272473616992416,0.8755074424898511,1,5
0.46656146978092083,-0.88020374701060899,-0.086958373169879546,0.87054681281257862,0.43959520985037676,0.22114316217885926,-0.156424555673746,-0.17887821338857451,0.97135675380221842,-31.752360127166082,6.7003967714840558,-4.6390942971665057,,0.1382028056542454,0.2777777777777778,0,3
0.68723106150766511,-0.72149195439205815,-0.084633491281979084,0.71451901213302826,0.65033268326449045,0.25793406595184409,-0.13105742786843466,-0.23773254052724277,0.96244853876712488,-14.618820917085744,6.8820289735447577,-3.8372148502093837,,0.07123421089894641,0.2857142857142857,0,4
-0.03878611760672402,-0.9755489471885932,-0.21633281933221854,0.97724594407181464,-0.082212998478847624,0.19552848303074902,-0.20853297551271424,-0.20382657952373617,0.95653997491138276,-16.77664967815932,12.427524704854312,-4.9487031538366066,,0.4027367233330033,0.8125,0,3
0.74208393246831095,-0.67010051014227923,-0.016635608778268605,0.65761353627457608,0.72300011238648998,0.21169618418282535,-0.12983017399977928,-0.16803613836368456,0.97719393270885935,2.4535693478269991,-15.326030796340476,0.90578951170802835,,0.09561072512291255,0.2727272727272727,0,5
0.4484410084124798,0.88306773171901931,0.13817395981378952,-0.8840723364665527,0.41546246643117291,0.21402579956980725,0.13159318321466046,-0.21813372087678431,0.96700616024298436,-21.895943294432541,5.1742050460909486,-4.0119308098865432,,0.07765265983178826,0.2666666666666667,0,2
-0.73399680132520806,-0.67086903332545134,-0.10575176485211918,0.67281790032618727,-0.73949915452001258,0.021379276527694932,-0.092546035274473526,-0.055459359797616341,0.99416270839627385,-23.207357666415096,6.8961904641360476,-4.5130502619934765,,0.1213828544485001,0.75,0,3
-0.74142679440514359,0.66438495872453029,0.094228101746335696,-0.65844563496204778,-0.74738122292971321,0.088716703114537346,0.12936635705445007,0.0037328585147697771,0.99158984032198005,6.5993117658113558,-6.0287828149744431,-0.64589232891165804,,0.08608322334462305,0.4,0,5
-0.9148450271402544,0.40173693702557628,0.040816782651964173,-0.39365841510632071,-0.90980632046186316,0.13147437569210196,0.089953479825569935,0.10421080882977754,0.99047891385446296,-10.598795183823526,11.596121581562171,-4.4396836346161965,0.2596861488624185,0.2806621674176583,0.9112426035502958,1,5
-0.56539816823049049,-0.80203733714088843,-0.19251239231166115,0.81565120445043815,-0.57837281395298423,0.014071274237128163,-0.12262962138144175,-0.14906709198230061,0.98119364961651934,-11.321900696848491,5.0107895695347819,-3.3697981546749105,,0.1494961489392211,0.3333333333333333,0,2
0.44334303302240591,0.8914224402552875,0.093877516370002884,-0.88586245351884818,0.41976930038318422,0.19758908851800708,0.13672844808619297,-0.17076231277749263,0.97577946484788292,5.0293432585654418,-14.533389403899056,0.76549299651549907,,0.09204242618810374,0.3333333333333333,0,5
-0.89507647243906197,-0.44170006216731272,-0.061148700455834856,0.43958046687590085,-0.89705812392340589,0.045340218836975324,-0.074880715990237087,0.013703188840984473,0.99709834068078662,0.51992601944872974,13.306324514196254,-4.3840348852434055,,0.2352896600519373,0.2692307692307692,0,3
0.89066668469038468,0.44492570745876214,0.093562661489281371,-0.45057240232329787,0.83625127400110799,0.31251930659742438,0.060805978713034947,-0.32050728786385307,0.94529239464776504,-13.707466852655731,5.48463630419847,-3.5771806477835635,,0.1429626001574411,0.1666666666666667,0,4
0.80646440753208726,-0.59128226839984788,-0.00066216301024988656,0.58001731133474377,0.79088130299588988,0.19515809776573581,-0.11486983039918129,-0.15777212569860352,0.9807715730059724,-3.8920281124018818,-19.542078222649167,1.6007409027651505,,0.1201914351210959,0.2105263157894737,0,3
-0.44571794822307215,-0.89237474022619334,-0.070730712127401202,0.88381873289234714,-0.45123340303707604,0.12350248326307747,-0.14212655635166155,-0.0074658549285399308,0.98982033874325137,-18.692977401539085,8.7688768735157918,-4.5951248094670243,,0.1270555944810834,0.42,1,4
-0.045607535262936573,-0.99552416499786556,-0.082774329550557552,0.98701116439071368,-0.057684369244983325,0.14993823699409708,-0.15404192317460072,-0.074860873960385571,0.98522430717809617,9.7785994136393768,-15.679899868984307,0.97603002611938949,,0.3445725176668816,0.2941176470588235,0,4
-0.79465217156807133,0.59589468257453349,0.11592003063123002,-0.59733829574704778,-0.8015773831651879,0.025703292241708843,0.10823532998130327,-0.048818296543881874,0.99292592234586796,-18.37923664506512,14.070375028842102,-5.3370369308821095,,0.386884637711904,0.7142857142857143,0,3
0.33073183862976718,-0.93785751737732592,-0.10507011000000896,0.93439524264084928,0.30981002499417037,0.17585016048687976,-0.13237062153938628,-0.15633625782892432,0.97879364170458627,-14.260571585235718,2.6676702104507299,-3.0703169267161692,,0.1537858983117798,0.2926829268292683,1,5
-0.99590778946454561,-0.089698825590331099,0.011036103096502554,0.090196056697514182,-0.99417998237163263,0.058913784530939553,0.0056873754984253302,0.059668109901810373,0.99820206893227992,-1.6286156529441,9.8869293616107612,-3.8667863664027569,,0.153396658329345,0.2777777777777778,0,5
0.0037888991464353821,0.99803574498631309,0.062532359405936766,-0.98682473796488235,-0.0063829725521157782,0.1616669236484094,0.16174851091679282,-0.062321018854107658,0.98486217808644982,-1.7953474735124804,-15.384626860447623,0.81339273731035622,0.1248331663369541,0.1123952059186011,0.4772727272727273,1,5
-0.83622672510189067,-0.54293121508653441,-0.077139872374963211,0.54551848100010325,-0.83794724326680836,-0.015937515141819871,-0.055986168941145602,-0.05540860209583761,0.99689289078670729,-3.2914562264877407,-10.223894866614716,-0.090028632053654786,,0.2558940118438326,0.3292682926829268,0,3
0.88111437536271198,0.47183114962813805,0.031824892297822482,-0.46996953243469386,0.866178837995074,0.16989072721199136,0.052593688901748016,-0.1646498917403027,0.98494889057128909,4.3073203251143859,-3.498752533033231,-1.0873943877139418,,0.1176285840718096,0.5074626865671642,0,5
0.36618133977375322,-0.93052816695230156,-0.0053438665670849242,0.91634240679732182,0.35958761362776959,0.17610605222528861,-0.16195005374000096,-0.06938356169780914,0.9843566942220362,-4.9540679711748155,11.559191441148608,-4.2285706468889437,0.1887127059296325,0.1746105997966948,0.6388888888888888,1,5
0.89374737923078418,-0.44265513668831169,-0.072608898088029172,0.43806078047423774,0.82646347323889013,0.35363947745156121,-0.096531729127822707,-0.34787146673069319,0.93255941789584107,-5.5177287865465274,-16.469153768129289,1.0100487518524326,,0.3794207683221627,0.2142857142857143,0,3
0.51876424191782144,0.84969155659116558,0.094381777717474621,-0.84496541142799353,0.4927954191209169,0.20781272430667574,0.13006580948792987,-0.18755514802618117,0.97360461772278351,11.991020428023633,11.643970176020787,-3.710150603322143,0.2619385139614795,0.219571556085156,0.5483870967741935,1,5
-0.15652484962019919,-0.98403107856200678,-0.084751447630515966,0.97584289411382785,-0.16732136000179867,0.14047849833585865,-0.15241593571186518,-0.060715722109207525,0.98644968631442842,-1.531650153589539,-4.434756211481182,-1.0656432274502361,0.1264203893746188,0.09380558059324788,0.3497757847533632,1,5
-0.99982651560741997,-0.0026707465292860515,0.018433822210913647,0.0011749284101386002,-0.99673904655290946,-0.08068390558240128,0.018589196635635324,-0.080648249762627217,0.99656926582082994,-3.3633848487118208,-14.735287356483806,0.71910353362139656,,0.3164815066772922,0.2777777777777778,0,4
-0.84625299852290359,0.52830533234721644,0.068915443149498101,-0.52194312736909587,-0.84803091781743101,0.091754750383255687,0.10691695040152562,0.041677790719074487,0.99339404441420665,-24.930525070171413,-0.4081870816944656,-3.0101132280986147,,0.2415930568815872,0.3636363636363636,0,1
-0.71174311709538252,-0.69668007537963517,-0.089769749004739552,0.69606139036665682,-0.71668020103946328,0.043220715853292173,-0.094447213342612288,-0.031723209280588902,0.99502430215786919,-18.317487911398437,4.1294163174852097,-3.6212639897271872,,0.06960280916043327,0.15,0,1
0.73287139054027239,0.66563520331632031,0.14081655099315823,-0.67124055453575093,0.67359757838811807,0.30935807785833158,0.11106593930681825,-0.32124146447136059,0.94046173693042412,4.9578179594480156,-16.224122192079854,1.096911032889041,,0.4723537013714585,0.8837209302325582,0,3
-0.32295625617351181,-0.93794561883281169,-0.1263220990591982,0.9443725006310778,-0.32813811514562019,0.02204444239448531,-0.062127583650043443,-0.11217572598834612,0.99174430668836888,16.885910865219572,0.28166132030889823,-1.7174535883333113,,0.3919626167894178,0.1818181818181818,0,2
-0.99229917741066143,-0.12278270107027534,0.016332508319658795,0.12379017063165829,-0.9876054769301793,0.096495676548214143,0.0042820748603093674,0.097774384454211674,0.99519939388018619,10.260051820447419,-7.3610150108279351,-0.45594876225052755,,0.5601355404392008,0.3333333333333333,1,3
-0.38441745169464525,-0.92032995977320553,-0.072221797100624541,0.90731097298967089,-0.39109403323806208,0.1543769913494927,-0.1703232841543714,-0.0061824193835719613,0.98536884290372895,-19.626440884553208,2.0922925320070616,-3.427881524426629,,0.1445139713398882,0.1555555555555556,0,3
0.99767595335667048,-0.063509272022536631,0.024683283027683599,0.055280648798558582,0.96622961270251295,0.25168310512460201,-0.039833929786900271,-0.24973367394870588,0.96749488377655668,-7.6421353480021477,-5.5598414056541525,-1.1125106685595021,0.1870696767355823,0.124368737931741,0.5617977528089888,1,2
0.67946857010706907,0.7318723268097026,0.051820454328445655,-0.72681833956441677,0.66175646420452805,0.18388442934719909,0.10028740454054455,-0.16260774684397034,0.98158094783713468,-12.508135670071674,18.519348984544045,-5.8380184958024213,,0.08429173517282823,0.4,0,1
0.025522650756100041,-0.99959776405217016,0.012365451883481317,0.98663558099844884,0.027179117053408648,0.16065965860803175,-0.16093111758213308,0.0080997344461198918,0.98693240381277714,-4.8699429870478843,-17.356928916958779,1.1932121744323669,,0.1224237849208241,0.125,0,1
-0.97098926258587248,-0.23834825526956244,-0.019234374252880573,0.23758675815598776,-0.97072811892698385,0.035205844307569192,-0.02706259950323733,0.029614664179018719,0.99919496964991394,8.5546353335430236,6.2398815441370745,-2.7483446182308642,,0.2932496954292053,0.1951219512195122,0,3
-0.93522316785512216,0.34137979646807204,0.093901335828880397,-0.33997255107202351,-0.93992114158359708,0.031095210592127297,0.098875127431578197,-0.0028429153357237475,0.99509578785551267,-1.9122983360340444,-19.927714926608175,1.6692829157034541,,0.2633144631205396,0.3846153846153846,0,5
-0.76002388707035351,-0.64984151455553818,0.0083484754677119188,0.6458363220128307,-0.75378152541330767,0.12128007715419276,-0.072519902450365686,0.097567504353403334,0.99258321859823839,13.168659000096673,-5.4286698046275408,-0.74832286614041787,,0.2605510926094998,0.1538461538461539,0,4
-0.94302087649915156,0.31212955606149911,0.11526823812144975,-0.31615183223033833,-0.94853848103014249,-0.017965772525277226,0.10372871089612398,-0.053384363233830529,0.99317192081630401,-5.800699333327767,2.2842051772524741,-2.499159931741227,,0.7240590362301272,0.2788374205267938,0,5
0.56575466237764138,0.81719253198011177,0.11008191347307934,-0.81612037621986466,0.53587534208247567,0.21629875003507412,0.11776754016581566,-0.21221211893745129,0.97010144988004687,-20.877210219508221,4.1354662592913014,-3.7427289460225341,,0.8341679032039733,0.5081967213114754,0,1
0.31205586216877917,0.93923141656686093,0.14305762831777519,-0.93903087783741024,0.28203428572783429,0.1966663981006736,0.14436810365867619,-0.19570643271951249,0.96997775378520912,-27.156600527712808,2.2278590881939211,-3.54812841925389,,0.1087592503588286,0.2580645161290323,0,2
0.88007688180182198,0.46727397742942534,0.084378386659534246,-0.47324212428413648,0.84864541692155582,0.23631091413871672,0.038814609633732934,-0.24790317939736622,0.96800694198112913,-21.532932031393848,3.5249705133153331,-3.6435384611612536,,0.121932879726725,0.25,0,5
0.88050508618087875,-0.47099391512942135,-0.05362392302566929,0.46014901017296239,0.82204190236866415,0.33542510220159588,-0.1139020704221239,-0.32001850362309903,0.94053945993370536,-8.6651203210132461,-11.376935412970962,-0.14162738902522573,,0.3622964007189514,0.2448979591836735,0,2
0.87443813740250953,-0.48040109023339111,-0.067622010903244517,0.47412765881291852,0.81672524918728306,0.3288811798941233,-0.10276627367288325,-0.31964771208713383,0.94194714987245975,0.27395698860772394,-11.424040791510633,0.16313775433321878,,0.1157697619603389,0.3076923076923077,0,2
0.40799463259496888,0.90137734597568475,0.14511808962195333,-0.90484622035434414,0.37804169882152988,0.19580038677844255,0.12162934384494692,-0.21119506176509115,0.96984686863539715,-7.8390906713806441,-19.034455871222939,1.508502895633119,,0.2122132350157941,0.4615384615384616,0,5
-0.75050587749852027,0.6594587414459232,0.043070827374644322,-0.65147797714298528,-0.74921906550745276,0.11936179111350685,0.11098366158070817,0.061522030287529519,0.99191615908374031,-2.4031008199474395,12.343275069067294,-4.2930370109827027,0.2275738972968069,0.1561176235380909,0.48,1,5
-0.82841396251557509,0.55617195827190991,0.066355553959206226,-0.54747537784358102,-0.82904238911289818,0.11383948220633724,0.11832589473260892,0.057978184569436542,0.99128074365931307,-28.171893488985766,1.1258708184085873,-3.357864150623187,,0.1470820842105885,0.3809523809523809,0,3
-0.74173008862067824,-0.66773161268622749,-0.063015625476634571,0.66552110942953513,-0.74440026997790432,0.054312898656809494,-0.083175288027408298,-0.0016527178446446497,0.996533561896078,-28.910251734130025,3.2289403287226373,-3.9415966007667063,,0.1342891028840106,0.15,0,3
0.8207014494846171,0.56766817247279944,0.064822656342048382,-0.5665870914650013,0.79396490062876424,0.22045136505539287,0.07367630961902194,-0.21765243515970001,0.97324160354455336,-22.048208493960338,-4.3402353666434745,-1.9944182743277101,,0.2754514904075441,0.8050847457627118,1,3
-0.95219279874582141,-0.30549741169478073,-0.00045328180133829003,0.30443158933127079,-0.94899254220538887,0.082064378726656423,-0.025500616342321192,0.078003117157875598,0.99662692733029179,-17.367922633119637,4.4559024487955261,-3.618166407942097,,0.07443734072132105,0.2631578947368421,0,4
-0.056095334290159359,0.99272245525285618,0.10656190833321834,-0.98377658607478791,-0.073172307203252906,0.16379695403025549,0.1704022950605775,-0.095644865493630896,0.98072173298178411,-4.295003887679635,-18.816958635024889,1.4926734902448644,,0.1489367287796968,0.4333333333333333,0,3
-0.80908875667676361,0.58346897808489306,0.070280405745978269,-0.57585003624786457,-0.81098419311679737,0.10344744688986131,0.1173546742681419,0.043227191989167225,0.99214882467306797,-21.190510991776556,7.2340103846061785,-4.4262551700589121,,0.114866038095604,0.4705882352941176,0,4
-0.62342053838622913,-0.78087409963002519,-0.03978030725398872,0.77426127879789364,-0.62362928755431424,0.10773107192796688,-0.10893256846542532,0.036361411296812265,0.99338388516022802,-19.087857781076337,-1.9406568043833505,-2.3280223595209404,,0.09316118082029953,0.2916666666666667,0,4
-0.9577563161226651,-0.28755546918382696,0.0038328931123056886,0.28690062080070255,-0.95448920688256955,0.081476301639521867,-0.019770501038485412,0.079134101922950756,0.99666790918617154,0.70203580594885073,-10.122952489534383,-0.085015197788272059,0.2384105674429375,0.1709682611807877,0.2261904761904762,1,5
-0.9071814282720132,-0.4060458732705276,-0.11022071038749502,0.41840787649687772,-0.89818943445452415,-0.13487249059624742,-0.044234659303795831,-0.16847103203291669,0.98471356560272894,-27.478406056411373,20.748674679009913,-6.8463470291611728,,0.4541171839089818,0.3333333333333333,0,1
0.054894400995195408,-0.97406905160930279,-0.21949051787340043,0.98547378502250049,0.017472318365652603,0.16892642518077838,-0.16071099456106452,-0.22557526634780706,0.96087864761337605,1.9844650253148508,18.06557891862025,-5.0327728356034154,,0.3638658148281967,0.4166666666666667,0,5
-0.79269289811028931,0.60745702053147699,0.051321900710409644,-0.59823388490984619,-0.79132019561892408,0.1262084266255572,0.11727825131362296,0.069342023424807039,0.99067527250667275,-15.587902457477576,0.8662227144488841,-2.7786133410648088,0.239890370955395,0.2239728470695653,0.686411149825784,1,5
-0.91839046479479225,0.39194036215297207,0.05423750261030412,-0.38596534371180163,-0.9175776347976482,0.095299724934465854,0.087118928066387241,0.066588562340324189,0.99396994710001796,-0.84209440878202335,-12.432972642627137,0.34229690549090264,,0.1713604303592151,0.6911764705882353,1,5
-0.98580349397223399,0.16441747240456892,0.03403477692344542,-0.16449020617772742,-0.98637848811159501,0.00067101586659561077,0.033681498537692478,-0.0049368976875497055,0.99942042389450814,-20.676226271585517,-1.5413255336163596,-2.50546065248948,0.4752859176532494,0.2836782284120603,0.1612903225806452,1,5
0.78464545093833604,-0.61878386919737483,-0.037921491833789053,0.61035908075579948,0.76035141177659016,0.22209800347657474,-0.10859700207975102,-0.19741391498694125,0.97428662995487014,-16.375711197904977,4.8340500223031526,-3.6038000215344321,,0.08574573891525963,0.2972972972972973,0,5
-0.7591113361747821,0.64238306924448885,0.1053279243076919,-0.64060244070479688,-0.76593831961960723,0.054470207465635474,0.11566543240741373,-0.026124373414921458,0.99294462325936561,-3.831729672247254,5.9144772903640641,-3.0878726303480075,0.4789838162654965,0.3002259501641444,0.2347826086956522,1,5
0.40656315654346353,0.91245822017828926,0.046112863394967493,-0.90342660920290818,0.39399400586986089,0.16908307166229045,0.13611304686013881,-0.11040253515063786,0.98452248258064745,-28.246860114634408,-6.6579295716144999,-1.6266658131385583,,0.2162934393815786,0.7333333333333333,0,1
-0.95994041427064647,-0.27876781999109895,-0.028335553414543777,0.28008027023558557,-0.9576045416207758,-0.067443191591324683,-0.0083332631459496105,-0.072677674733531109,0.9973206667469926,-7.4850253662197339,9.6695131108044325,-4.0226470499926563,,0.4448352512023208,0.3209876543209876,0,4
0.69960878621488221,0.68657203658599675,0.19790498939919657,-0.70795295689648596,0.62857157701628297,0.32202543903981512,0.096696210228021828,-0.36539924896668846,0.92581490146903467,-12.617215018978291,5.4153894068699202,-3.4600422955385324,,0.3010490525330172,0.15,0,1
-0.0069076561772151573,0.96183250626270034,0.27355166638598749,-0.98299861138222966,-0.05672584025405291,0.17463077926894971,0.18348300822350375,-0.26769461881757156,0.94587186063936224,1.1756191153866029,-5.3706390108154949,-0.81809263531810694,0.9367516858396697,0.3095466159537748,0.2929936305732484,1,2
-0.88047307092550364,-0.47409135979630801,0.0021339966029776652,0.4711355034597412,-0.87446353048076797,0.11552000363074877,-0.052900933401502287,0.10271765391401588,0.99330286157830594,-25.795310575692501,12.154854353222021,-5.3509125751607236,,0.09033301823667858,0.3684210526315789,0,2
-0.92463381629555685,-0.37848544044014848,-0.042439099160346432,0.37821031911865877,-0.92560384280112507,0.014645159744882195,-0.044824773004192721,-0.0025094952913745252,0.99899171275767129,2.3523101211490087,10.16225399101358,-3.7081978892579199,,0.135468821177765,0.391304347826087,0,6
-0.99388224582672924,-0.11019422837790384,0.0074373021060433094,0.10961664705074121,-0.99242118372512189,-0.055537237804759922,0.013500819225936505,-0.054382222516439982,0.99842891672587386,-1.3001984472585995,13.884015508180543,-4.4725345295048902,,0.1638845796854089,0.2692307692307692,0,5
0.67063035619603539,0.71112403006553915,0.21108656805141879,-0.73993540152837722,0.62117693323447565,0.25813720999199752,0.05244546609021291,-0.32930507357275751,0.94276595271881902,1.7954500213760283,-14.044572986385601,0.62238511203271518,,0.443430768745097,0.3888888888888889,0,5
-0.63247200467187847,0.77297551903471917,0.049879958694276201,-0.76175075176527807,-0.63237603691190314,0.14084154260952234,0.14040995510066179,0.051082236761938432,0.9887748224929821,-24.587877501607139,4.9389445947044202,-4.0842660499790453,0.1831540801294291,0.1384455189960665,0.4285714285714285,1,4
-0.80415605990512196,0.5930748236465152,0.039941017444758385,-0.58288153025019007,-0.79994058726243245,0.14263302052270144,0.11654249444329012,0.091418326427951793,0.98896943157109063,12.21787318885214,7.7521771762225917,-3.0004219842699325,,0.2333101448577893,0.6285714285714286,1,5
-0.99994405853019053,-0.0026297599687715311,0.010245202422454403,0.0027742438577837356,-0.99989654397553485,0.014113997194220154,0.010207026069721211,0.014141630326364518,0.9998479038886483,5.8906760431277947,12.743328798526882,-4.0617596803704963,0.5765705131008334,0.3408235636413294,0.4107142857142857,1,5
-0.64818816407680357,0.74493260751999413,0.15788449640229163,-0.74317658077652171,-0.66404722234548075,0.082035701256036542,0.16595383013374734,-0.064161489607974687,0.98404401807806585,-22.930953636888507,2.9371452860512122,-3.5602098301685339,,0.480348128670297,0.7121212121212122,0,2
-0.72610219010405408,-0.68574724459818193,-0.050262571085228282,0.68315783515116835,-0.72777864626694855,0.060279468390298171,-0.077916505296793864,0.009431784764787364,0.99691527204596742,-28.432369157628038,15.903587341779362,-6.0990597124255315,,0.1765898063696716,0.2666666666666667,0,2
0.8066664223221357,0.58984137952226934,0.037100270905625836,-0.586267500956135,0.79068516025912661,0.17637288529886466,0.07469739232833357,-0.16402476748730449,0.98362400094247482,-24.78270985455806,6.9145570392145235,-4.5419220637611923,,0.0917491831955892,0.4827586206896552,0,4
0.052110738655365099,0.98480690544298533,0.16564972052074453,-0.98880441963835264,0.02765804150352497,0.14663168976673371,0.13982235379384295,-0.17143626142679913,0.97522270156490387,10.769809978336763,-11.311510858023881,0.21550323917251146,,0.4013644214539531,0.660377358490566,0,4
0.99709730927785456,0.071831929819762816,0.025241428034668015,-0.075616861744604788,0.97298561696354158,0.21813087677349186,-0.0088907845974354888,-0.21940638787520206,0.97559304574643058,-13.424684386698827,3.9419484465383885,-3.2671691228601802,,0.07455388550735784,0.2783505154639175,0,5
-0.37268542103460162,-0.91317534889393748,-0.16497381343927969,0.91862316332728688,-0.38821233093007756,0.073638779949196431,-0.13128998722991783,-0.124104666657916,0.98354510367694703,6.2180912932987962,-8.1297460801959538,-0.35506275577924784,0.9403122277878077,0.4809874554794915,0.5671641791044776,1,3
0.33797972043981944,0.93897777285202766,0.063956631096917932,-0.93014419722375108,0.32289035130404242,0.17485306232873241,0.14353215995868304,-0.11858567841268962,0.98251511740685038,-6.869637151375799,-10.398733327665088,-0.20649657054040665,,0.09382253557501186,0.3243243243243243,0,2
-0.97575254041611359,-0.21817032850052326,-0.017569508629308204,0.21887298956007553,-0.97305072644692847,-0.072573398722542509,-0.0012626608953673589,-0.074659169048950633,0.99720831031654777,-17.067481081871133,3.5689755963379635,-3.5209324688127577,,0.2434500684040717,0.186046511627907,0,4
0.77174258422058117,0.63345920687281487,0.056060832393054316,-0.63025101934479544,0.75010688992385899,0.20030802855502503,0.084835348265826671,-0.18991863235822529,0.9781277405164398,-2.9474720686362024,-6.6648622416194891,-0.62465196180970206,,0.06841199391616971,0.196078431372549,0,5
0.99614707454192897,-0.085099534873899554,0.021191390841574818,0.078822642937242629,0.97472593453535639,0.20903670372583349,-0.03844472450079963,-0.2065609394547282,0.97767815841903483,1.2166899150951171,12.046550401117539,-4.1107981148271593,0.5004088245732312,0.1765235793354093,0.3076923076923077,1,5
-0.99901317083899721,-0.042539331041468315,0.01277066187625169,0.043499429176334342,-0.99518192103887282,0.087867762568033414,0.0089712959791913259,0.088336568599440085,0.99605028311653565,16.193980791009196,7.6104987008543192,-2.9734731833222763,,0.3778011396013869,0.282051282051282,1,5
0.058395146148100527,0.98898510279390295,0.13600909292423549,-0.98409515570530126,0.034131553822768723,0.1743323307679909,0.16776987638935281,-0.14402605141214825,0.9752485657979324,0.50447809097495844,-3.086131499823352,-1.2615033179769861,,0.247156226059425,0.1428571428571428,0,3
0.3264354661286305,0.94030554309312353,0.096256802781569506,-0.9383964746947645,0.31018051584967782,0.15231580307921525,0.11336640919523877,-0.1400483245725343,0.98363332804994164,-14.872824349703647,16.292674227005946,-5.5285078318192662,0.6735607174879918,0.6028380506443128,0.9225352112676056,1,5
0.99933997523442675,-0.013429478575790944,0.033752970293538284,0.0052244364609886516,0.97262942573060707,0.2323030466150052,-0.035948840900913569,-0.23197338060245309,0.9720576276794235,10.126021987786574,-8.8255525744460925,-0.21804321124361578,,0.2050234977113126,0.1818181818181818,0,5
0.74712396085619437,-0.66463032287586044,-0.0085041771195516983,0.65177522601470506,0.73004402068527285,0.2054866969299006,-0.13036426607023671,-0.15906684687768866,0.97862295924240306,-9.0253129702443449,-8.3788940918962673,-0.60581499941915573,,0.08786425299718803,0.2295081967213115,0,2
0.18751351648408074,-0.98064911256489884,-0.05626721213504144,0.96843191471048684,0.1749910519028236,0.17753241485464794,-0.16425074643956381,-0.08778069138266506,0.98250508523591185,-11.838059245250635,7.0901317299355728,-3.7245117781957857,,0.08266506295940869,0.3,0,5
0.21215557063849261,0.96328517274246417,0.16453476781998241,-0.96853544211872489,0.18484809575831915,0.16664416837803964,0.13011191800500335,-0.19471224273024862,0.97219238390558016,-2.8455853003883433,-13.069651009021946,0.43581819023808266,,0.07671610926604359,0.1,0,5
0.93103116537651498,-0.3640440542448718,-0.025551823156181448,0.35327587866892268,0.88150258357045841,0.31328796451397117,-0.091526622620680148,-0.30070770147697184,0.94931436080156684,-1.263452666029971,-8.7087867842493001,-0.29366041733915588,,0.1268484463099456,0.2903225806451613,0,8
0.90746768136193723,-0.41588991712543705,-0.05948095591857528,0.41249896625224131,0.85517881998256495,0.3138690629770014,-0.079668124895861489,-0.30936186365909069,0.9476013018083882,-14.798881895364802,8.4609266551276381,-4.214275395043372,,0.140935291081307,0.4193548387096774,0,4
-0.72335959838250674,-0.68418804614134132,-0.092938737591991061,0.68391378837478922,-0.72847629482035525,0.039802235560980469,-0.094935880986819515,-0.034770754983192265,0.99487595864969813,-26.475523078703546,10.925907559550174,-5.184248809580283,,0.1125053325423692,0.2916666666666667,0,3
-0.69419491875330475,-0.71812200000929283,-0.048930643565614877,0.71338543381519826,-0.69547554652393007,0.085994110307286029,-0.095784328558451634,0.024790266031116164,0.9950933650229572,-6.8956981347756274,-9.3744637152690231,-0.35322204557561349,,0.07956241748783276,0.3333333333333333,0,2
-0.70871668717050074,-0.70548094206979306,-0.0041590506596323705,0.69893497226205648,-0.70291824963027072,0.13189328597679495,-0.095971672253382254,0.090568066740078862,0.99125519590661193,4.1702996644344719,-13.249355342782637,0.47089873782628422,,0.07379193715191035,0.25,0,4
-0.99367398235512061,0.099614440333926649,0.051855376456781441,-0.10455131879408626,-0.98913851547901166,-0.10331514378054643,0.04100046986234776,-0.10808311835312782,0.99329602888470814,-3.605951146439863,-17.799114624706885,1.3016082135996252,,0.1224154561636163,0.5,0,5
-0.38438860959476856,-0.91996686179314424,-0.076852911566660936,0.91566608901026514,-0.39053390787585079,0.095073025805749278,-0.1174777010774591,-0.033826616763856655,0.99249924420518587,-17.657746547199995,6.0718622775095277,-3.9816896556055141,0.4754648495257505,0.6186844349752892,0.7730496453900709,1,3
-0.48203741081139029,0.84679462087292134,0.22489732021288511,-0.86500791208585293,-0.50076901232154447,0.031491400848147298,0.13928835775873266,-0.17935792806338666,0.97387344508087126,-23.29233250494643,11.142028971492643,-5.1253963225847654,,0.4669483868673471,0.2333333333333333,0,4
-0.97240970353458667,0.21660941521146079,0.086600979864703845,-0.21946055496585767,-0.97530693919906342,-0.02476770405655488,0.079097618711663112,-0.043089854860561869,0.99593515407492295,-19.567265620768527,-0.50193571347340371,-2.7437429523158827,0.2385114349404459,0.1589128257700488,0.2368421052631579,1,5
0.51157124663870324,-0.85793292226607909,-0.047391565752879831,0.847798407945483,0.49501909805991884,0.19024708155724662,-0.13975950449836375,-0.13750343067695087,0.98059170272567642,-19.336675968921803,-3.1928690250719938,-2.1928695556634521,,0.1387762717760086,0.3076923076923077,1,2
0.49831500197582751,-0.85540034276139987,-0.14132378571743995,0.85752816765034168,0.46225743311612855,0.22575098497046289,-0.1277794994984601,-0.23368422953328719,0.96387970223226271,5.7293470530946475,-10.855304240686037,0.085270203571843825,,0.2144497853218823,0.21875,0,6
-0.94038489021948324,-0.34008545996821871,-0.0042588924729368861,0.33903714393018414,-0.93833394747905341,0.067699468565425941,-0.027019868292696557,0.062219634574485122,0.99769666922911149,8.5302408088223451,-9.0712451135701588,-0.1877938854228422,,0.1763948420329278,0.3684210526315789,0,4
-0.55839609012151659,-0.8273874395280213,-0.060198267817836437,0.81973318447945065,-0.56146138204086871,0.11313099813904574,-0.12740216952698319,0.013825389253925808,0.99175478108844795,-10.712999067243018,8.0842264486959792,-3.8510605437804384,0.6721105324810147,0.3069781407994791,0.3484848484848485,1,5
-0.99943690911642558,-2.7813430491007905e-05,0.033553895783045011,0.00044738614824678115,-0.99992180938458164,0.012496998147538633,0.033550924598894721,0.012504972750002683,0.99935877497277292,7.725439575242075,-3.4315087235121,-1.0692172826913175,0.5022165565556377,0.1945314780632069,0.1428571428571428,1,5
0.57409286034410989,-0.81529672109005424,-0.075555570818607101,0.80959644542000331,0.55143531043511873,0.20117826415550216,-0.12235596947110845,-0.17666452667451876,0.97663640201953061,7.2185423776006896,-16.357372975874011,1.1160914659316379,,0.2185912424068311,0.2941176470588235,0,6
0.038928138052138128,-0.98951131763325639,-0.13911129480919157,0.98615316387093954,0.015584858397143379,0.16510314829244388,-0.16120340398121058,-0.14361220165583818,0.97641640608934521,-21.331965635492768,9.2889467280880069,-4.7833514987720092,,0.3034116611643849,0.2083333333333333,0,1
-0.40258065158479894,0.9016229105676512,0.15812952320511217,-0.90077031147988296,-0.42094243712353779,0.10686585322230704,0.16291612850173479,-0.099416255049232377,0.9816184306063086,-33.072473264583053,16.595037984170865,-6.3130857934317142,,0.3785954305094452,0.5,0,2
-0.41019578498046971,-0.9069137264254542,-0.096160859009024241,0.89858852460315819,-0.41992613063612394,0.12728200289315436,-0.15581425299303145,-0.03419850333084757,0.98719419616109683,-8.5533783275259836,11.707462412183752,-4.3889097431707773,,0.2784514520971883,0.2941176470588235,0,4
-0.67814111719310788,-0.73418618460647056,-0.033094886388633615,0.73099510482258345,-0.67847908671096813,0.07288542804477946,-0.075965662621369473,0.025234405656633877,0.9967910728300351,5.9979746933842772,21.388138971406459,-5.5569985249326912,,0.3023082638763689,0.7878787878787878,1,3
-0.32449774907434303,0.90654603988028803,0.26995460437460839,-0.92961007092052839,-0.35836687897506925,0.086013348364061618,0.1747178493709618,-0.2230413809835177,0.95902357399604643,13.008256107715734,-2.2124917550665963,-1.2652974368393801,,0.609789333372292,0.2222222222222222,0,3
0.78456625214023379,-0.61642980661544067,-0.066858728066547357,0.61288255995126495,0.75463954936027366,0.23429493859003162,-0.093972143267089386,-0.22479645027751843,0.96986380086711976,8.1290068768334667,-7.9222480967869906,-0.34439604650329009,0.6411486676542557,0.4914944074143447,0.8695652173913043,1,4
-0.98696340444714614,0.15963065416228192,0.020525411903795684,-0.15596355989008484,-0.98009011187342943,0.12287693271863502,0.03973167840036973,0.11807381953528065,0.99220963857031697,10.754136569108496,-4.2526795450238488,-0.9463445552644143,,0.0891117285947531,0.1481481481481481,0,3
-0.7515420298868094,0.6585944863077291,0.037919387108349314,-0.64775805405424414,-0.74761493306987026,0.14656539584360542,0.12487626164116732,0.085587466699232992,0.98847392723457028,11.548828113135873,-8.8840671092030483,-0.21717793735704258,,0.1045326719173961,0.4230769230769231,0,1
0.96138086625415076,-0.27452800434134617,-0.019524467541441364,0.26999104728317258,0.92696979614674291,0.26044544806658082,-0.053400977400742539,-0.25565870191335993,0.96529112901166836,0.14843819967191169,-21.252963905470047,1.8759865765736983,,0.1198529215224356,0.2857142857142857,0,3
-0.66898815290699376,-0.73533693493905106,-0.10832563586026063,0.73505461208379197,-0.67614007642140506,0.050292288784685918,-0.11022508119495451,-0.045980312866461787,0.99284250629405824,19.953731781400545,7.4985239003513291,-2.9371308961134521,,0.3696756876084926,0.2916666666666667,0,3
0.99736283997511155,0.056615202206261886,0.04541017854979796,-0.071105632386003467,0.88758190333657805,0.45512894207290827,-0.014538035622703756,-0.45715761368324836,0.88926686757782181,-20.833641144333022,12.521755443919428,-5.2270114661295732,,0.4040266251041416,0.1818181818181818,0,1
0.19430966005690312,-0.96169767205872436,-0.19334255497794769,0.96743278469159355,0.15527878793928876,0.19990574058784358,-0.16222688776044344,-0.22588954285875085,0.96055002540972589,5.8928367866289628,7.7790850670444751,-3.0092851425887841,,0.1177692327193537,0.3636363636363636,0,1
-0.49107637624122463,-0.86809178310588642,-0.072530330220040476,0.86234784247819207,-0.49622918414399519,0.1005623954417883,-0.12328905576324661,-0.013162557039792263,0.99228350576898106,5.6834151196153879,-22.450576138943411,2.113287658182351,,0.1296671179096221,0.4444444444444444,0,2
-0.067515555929477999,0.96450224589871636,0.2552979971795048,-0.98355605585725703,-0.10730182584347528,0.1452714808803626,0.16750861080568535,-0.24129180638179462,0.95588656726567756,16.568674127732361,-8.9961857576195232,-0.1792839940963265,,0.2816652606406736,0.2307692307692308,0,3
-0.99144415886327231,-0.1287489455355898,0.021498578543091205,0.13038997249713685,-0.98451244001167637,0.1171909148972423,0.0060774112988703942,0.11899144711167484,0.99287667944522451,17.778564320284374,6.8027196797369545,-2.8417639348305404,,0.08082621118980186,0.2727272727272727,0,4
0.5905586936129299,0.78156804739815,0.20097715463313975,-0.79885706167511195,0.53090574796076428,0.28278345389012421,0.11431458528987591,-0.32755224631875857,0.93789215879094479,-4.758460261991635,-2.168891606535591,-1.5341122607687701,,0.3971826899378611,0.3170731707317073,0,1
-0.85006382357408716,-0.51312989446321411,-0.11869796653175567,0.52230013087809779,-0.85031100233213797,-0.064604741293783408,-0.06777956281450144,-0.1169141168597083,0.99082643290517292,-22.676345679322267,0.85887513774666424,-3.2397133214240297,,0.4983987992006081,0.1052631578947368,0,2
-0.28190839370688753,0.94103625428018356,0.1870252006760674,-0.94375963289396825,-0.30708081369792933,0.12255255680098726,0.17275824981008583,-0.14195824029952778,0.97468068880716863,0.24962530331550489,8.388804545389398,-3.4883680054258592,,0.2089294671286541,0.1595744680851064,0,4
0.56408873521640635,-0.82044454283795742,-0.093137806122810807,0.81362981677572799,0.53305891677374351,0.23206618129641177,-0.14074949397937658,-0.20668561482459,0.96823067322262157,6.456917340690052,-14.242326621809742,0.68815640388014465,,0.1855982922128647,0.3076923076923077,0,3
-0.88591916178521568,0.45992153062162755,0.060161652673779174,-0.4535218600998388,-0.88610036934327918,0.095624567247579464,0.097289059988075272,0.057431011834756795,0.99359776453365323,0.43154567221512929,-15.403075463826557,0.85168249904300786,,0.0783278536761534,0.1851851851851852,0,4
-0.91924422561362784,-0.38643060466342249,-0.075242550830395771,0.39169311717599714,-0.9169421703885281,-0.076115426295381081,-0.039579737656453964,-0.09944065538117984,0.99425600346410237,-6.1556188907631473,13.135096020679159,-4.4969695403607277,,0.1337324882209309,0.1333333333333333,0,1
0.99878573020979822,-0.043170440052829051,0.023735590047958,0.03720725722701982,0.97679312334871238,0.21092845751180506,-0.032290635467918563,-0.20978919725360518,0.97721328663540263,-6.7034793318722805,-8.2663709107119239,-0.51470560673935117,,0.1141590954765635,0.484472049689441,0,2
-0.84271545720306085,-0.53763480779820771,-0.027919019230998432,0.53430800699162706,-0.84159859753131838,0.078909785818707182,-0.065921254961296541,0.051581140711531727,0.99649072954404594,4.2114041087900969,-9.9413761539405581,-0.048901380057758591,0.741890360905569,0.5571889261211032,0.559322033898305,1,4
-0.9990218603377522,-0.037560250534031198,0.023335598280686119,0.039512196880323806,-0.99518043184650284,0.08974794909912083,0.019852175321291261,0.090582203824088187,0.99569109440899584,2.6845562872453583,15.518193767190828,-4.611461687498263,,0.0975739757007808,0.3333333333333333,0,4
-0.23936525154291408,-0.97060115814893788,-0.025252092066560271,0.95845674556782623,-0.2403657791279252,0.15357395319440467,-0.15512879561618881,0.012557229955923883,0.98781444246705818,-6.2707921875734964,6.9989298757203251,-3.5286530967133865,0.1958546123399137,0.1292413971838953,0.3333333333333333,1,4
