axis_00,axis_01,axis_02,axis_10,axis_11,axis_12,axis_20,axis_21,axis_22,location_x,location_y,location_z,dbh,dbh_approximation,score,reconstructed,number_clusters
-0.50859195266439083,0.854916930637316,0.10223144034343049,-0.85870488242384113,-0.51232169045559572,0.012345460306455463,0.062929727366956428,-0.081507835196324485,0.99468403134620065,-5.0457637386322247,7.3814729827082228,-0.77591716594339655,0.1342091079169484,0.1184808856863504,0.5181818181818182,1,5
-0.99601351509995928,-0.076290731085916164,0.046225556660807597,0.067356051617973617,-0.98296867189011461,-0.17098465543148411,0.058482818405596652,-0.16718945670395274,0.98418872454340656,-11.080496324401006,16.012676818076855,-0.52915162806485494,,0.1832583412254192,0.4166666666666667,0,4
-0.23089394107892297,-0.9507204023811936,-0.20692680945006711,0.9724233730805707,-0.23266886378951068,-0.016061858843361108,-0.032875088739785507,-0.20492905191563182,0.97822457146675279,-13.828723718113546,-4.4371897682516712,0.50035765935141652,0.6289105565340388,0.2232144723591601,0.1358024691358025,1,4
-0.050337772773471311,-0.99687162283053066,-0.060935016430887799,0.99806826830162909,-0.052434998375763014,0.033321205781352121,-0.036412091969507211,-0.059139991042947565,0.99758539535111801,10.320765372436385,-6.1622516438766777,-1.3741938478781535,,0.1140099570071012,0.4848484848484849,0,5
0.54520545721900238,0.82120779169784852,0.16843031874742909,-0.83829629315622345,0.5333132231276394,0.1132975327081019,0.003214700476428062,-0.20296494498299661,0.97918072734755945,1.6332007285947276,-5.0065337288197407,-0.83403304416154778,,0.0711474660427103,0.1904761904761905,0,5
-0.27665439093598737,-0.96063417995039579,-0.025383464831858091,0.96070261313265493,-0.27710353171266378,0.016251825511600978,-0.022645906825045782,-0.019889822105816982,0.99954567573506736,-0.2764791321067383,13.251479365789232,-1.3193223466808275,,0.07481369637653446,0.4375,0,5
0.95227800733223866,0.27405567498254818,0.13438781105889847,-0.30060951298973276,0.91839802238434431,0.25725278070528801,-0.052919915451728104,-0.28537441982488043,0.9569539816826077,15.24944103961605,0.082170944618758596,-1.9766917049838597,0.4556773235200844,0.3936337626379084,0.2826086956521739,1,5
-0.94227822422720409,-0.33382673795539852,-0.025912490680843739,0.33361248998040643,-0.92943746131060245,-0.15763474249535175,0.028538652321024434,-0.15718051577266293,0.98715744984533238,-2.7613797226935213,-14.488896166028878,-0.048363550244441472,0.6602517012066442,0.4897591068584955,0.6274509803921569,1,5
-0.38101724985791874,0.92091553718590002,0.082100113765546698,-0.92257426786741559,-0.38452204053156686,0.031615195940326045,0.060684228425624577,-0.063697517338178425,0.99612250788010093,4.1835880340308691,-3.9349824480736113,-1.1259449808759254,0.2944886023260017,0.2407184881566614,0.7665505226480837,1,5
0.98509812501775573,-0.1634854165177782,0.053424738394408616,0.16019396925536325,0.98519894275531006,0.060999470555337769,-0.062606519634253746,-0.051532143171309309,0.99670700906508025,-9.6664909953060878,2.4401592244335859,-0.17732451323638099,,0.08928017149617834,0.3636363636363636,0,3
0.99723742075900723,0.044842905632380255,0.059216893302239386,-0.048160897280074277,0.99727715305626119,0.055846288732358342,-0.056551344909749869,-0.058543947649994106,0.9966817704676123,7.3143463886364746,-10.134910652529451,-0.98504637068219503,0.3773774283823954,0.3760977825785148,0.8679245283018868,1,5
0.56717095879412349,0.81750257152480021,0.10003323973007246,-0.82359876558056466,0.56275342786663596,0.07066578209092364,0.0014754100194380101,-0.12246683214115811,0.99247151001456202,-17.678822826568968,0.06225870603070853,0.73727526324103521,0.4816703684723245,0.4940425463146923,0.87,1,5
-0.28111926212530164,0.93904782525966923,0.19789174398446385,-0.9581113522989122,-0.28638840770487545,-0.0020776256200689259,0.054722911637421968,-0.19018638701903107,0.98022167958812834,-18.051507656071724,-4.4015457424655784,0.96074952879133368,,0.09159653653999453,0.2682926829268293,0,1
-0.2831672263187256,0.93179309542213395,0.2271077921661824,-0.95740094734152215,-0.28860111706813746,-0.0096343788891780306,0.056566314786421761,-0.22016135571589668,0.97382197011611038,-8.0557636691433228,3.3983792253518601,-0.35958043621704772,0.6488550530932909,0.3666067541070172,0.2151162790697674,1,4
0.99488082127362332,0.079845732582066162,0.061941992624994259,-0.084097898637488372,0.99403913757171902,0.069381095555150388,-0.056032980526475748,-0.074235112743952544,0.9956653318907982,13.547680412559291,3.9209400739904288,-2.0688035119787194,0.1869865786986277,0.173737928537837,0.6440677966101694,1,5
-0.40275883443801525,0.90873740074668763,0.10946075902480087,-0.91346322803969504,-0.40664833314999371,0.01490181752781638,0.058053874129397706,-0.093986539623958476,0.99387940821212428,6.2644203744067379,-16.783207197174107,-0.61030377098998301,0.1836031123667493,0.1517595012361989,0.1428571428571428,1,5
0.80739017028595872,0.56976371626934164,0.15326584925729889,-0.58966980304946892,0.78813566402776036,0.1764417707322268,-0.020264162879643194,-0.2328335944628096,0.9723054463450862,1.559218869269279,-10.548749246996167,-0.55873653197995976,,0.1788259741601031,0.4224137931034483,0,5
-0.97219249195572233,0.21795258937146914,0.085664621467645807,-0.22515275889332986,-0.97052435633663092,-0.085957599548213817,0.064404920213019037,-0.10285495877030332,0.99260911929556384,-4.0211026489851562,-9.7270321602871235,-0.15552579811618422,,0.07672345318650078,0.3720930232558139,0,2
0.71503741488139438,0.68181838374386106,0.15441886836990359,-0.69901168029203664,0.70052608119683013,0.14368674391994546,-0.010206181217102447,-0.21068199057328377,0.97750137223077205,-19.125136296692187,3.6245104936919739,0.77386209345359502,,0.1225876009254613,0.2916666666666667,0,2
-0.45532108787787529,-0.89032725753793684,-0.00028533959994687279,0.8902171679813965,-0.45526978119448597,0.015582687903891409,-0.014003598283775126,0.0068411121978835965,0.9998785418334597,-11.032305695295287,-2.8730681699369631,0.15424676044276961,,0.06832200839435858,0.2471264367816092,0,4
-0.20707820167247185,0.97123314529342109,0.11757889213436611,-0.97708856027469448,-0.21135650421873597,0.025027455019682985,0.049158557468887761,-0.10970235005634665,0.99274812043120708,-19.522462033515531,12.749522789884466,0.40975271081972109,0.4323202178632256,0.4634220848833918,0.684931506849315,1,5
0.30906454209438111,-0.94999798792680545,-0.04453012188408545,0.9493981493086483,0.30544124997908056,0.0731354695105631,-0.055877212791121331,-0.064880395700378971,0.99632739164616868,-9.2839946866627692,-1.2025982740026286,-0.057947976058456051,0.2124881441589087,0.1511996904872881,0.1927710843373494,1,5
0.2233707051962521,-0.97139718161316746,-0.080579424260330046,0.97408903334284436,0.21945312997767685,0.054688928168386886,-0.035441263822487371,-0.090707437936467378,0.99524674203017083,15.850378631821641,18.094223566142198,-2.2426869955682234,0.4594807051749218,0.3767377564994536,0.3571428571428572,1,5
0.4662362980711483,-0.8834470317114913,-0.046314754895899542,0.88247689167541266,0.46077194606679817,0.094465598906261106,-0.062114813207594273,-0.084914992068371067,0.99445019689384906,-20.156299661118613,17.219500389812836,0.2962519790218639,,0.2023819499585539,0.3043478260869565,0,1
-0.33979862014798518,0.91881367055707908,0.2007942642182621,-0.93888973960413391,-0.34387738398224904,-0.015310181305516479,0.054981402415800469,-0.19372605292771763,0.9795137884713212,1.6591044177484504,-7.2458616747924296,-0.70943587038642308,,0.08932039539931885,0.4111111111111111,0,5
-0.66454102454192643,-0.74474604330169125,-0.061143746100827012,0.74645699702754509,-0.65783528659243695,-0.10027306369342918,0.034455453695847099,-0.11227674158222729,0.9930794303630962,-13.909035614573462,2.4807654456845909,0.23869730146979562,,0.269162935163007,0.2280701754385965,0,4
-0.19366258710675446,0.9582953467890365,0.21015430206778618,-0.97931521124930654,-0.20162891250903181,0.01695578532982428,0.058621833567746751,-0.20252360347106416,0.97752118681195355,23.347148173486445,-1.6771427378021373,-2.2118554711944194,,0.2604772806301804,0.3157894736842105,0,5
-0.77492532579623219,-0.63126187219851781,0.031609937488476424,0.63191825953272807,-0.77482270248323726,0.018140920199948802,0.013040425941323916,0.034032755177845146,0.99933563874519848,-19.183470416205559,-5.8165703835757894,1.1764543382085704,,0.1014865840869729,0.4390243902439024,0,3
0.29164720136944533,-0.95571364508593559,-0.039412415936157255,0.95495292665157927,0.28855823883463383,0.069275180838726247,-0.054834458262610859,-0.05784091456061944,0.9968187452038797,-10.538128024102239,-0.78268577209218604,0.064692908898220811,0.46549523506937,0.4375418437048061,0.7054054054054054,1,5
0.99264231923101631,-0.11909671290075224,0.021844886081305637,0.11371883776731198,0.97892866750559482,0.16960745818675835,-0.041584275976878762,-0.16587536559705598,0.98526956264746257,8.8340631372407756,-18.016932870745546,-0.69581803959732524,,0.1980340802582277,0.1212121212121212,0,4
0.98990901770969031,0.10441859956247153,0.095796099724616363,-0.13237842636646369,0.92262930286363443,0.36225836323003402,-0.050557777737704743,-0.37128415743575272,0.9271418368013864,-16.756536950748732,-5.9409622401774902,0.88750897667095963,,0.3541807797802653,0.1052631578947368,0,1
0.55827184289724763,0.81639044882568623,0.14778086646892549,-0.82965544808793301,0.54889270237492049,0.10192467187864424,0.0020944894659813782,-0.17950887539548729,0.98375412414288033,-23.3615915201676,-7.7610281521967766,1.6370844756602769,,0.1093799034408024,0.2352941176470588,0,1
0.92430431103736266,-0.38043129060597553,0.030554438722005927,0.37558724012720479,0.92090676643889846,0.10423508325261995,-0.067792076612053512,-0.08486907949850106,0.99408323277968114,1.1902143276567201,13.580473276554381,-1.4187637217019715,0.6744017074260652,0.9222388744036378,0.9880478087649402,1,5
-0.68642954327714178,-0.72709227255170772,-0.012300785012698049,0.72661404014206465,-0.68510499723964235,-0.05160600183793794,0.029094995871483953,-0.04436180736697054,0.99859176406696626,0.4748351462751616,-21.832702870151163,0.033632519782713498,0.2232501877685713,0.1680285981464433,0.4444444444444444,1,5
0.90550171219093811,-0.42385497520419912,-0.020337384638354258,0.41953902424266759,0.88703166653606669,0.19277403792980016,-0.063668330878004331,-0.1830895479182176,0.98103239553355881,-12.313588357997894,12.779808205445031,-0.2578920712113526,,0.1793885415789246,0.2608695652173913,0,3
0.67060164310028547,0.73160935138358552,0.12264254253433531,-0.7417837783765362,0.66292319231037367,0.10143799699547087,-0.0070895986224158228,-0.15899873604878892,0.9872533309775462,-8.7543625305761328,2.9013540418360555,-0.28131830012788461,0.6909269070950286,0.7642493805478578,0.594758064516129,1,5
0.28560266010861823,0.95226036014664917,0.10784863018256474,-0.95787162199278286,0.28009900046416014,0.063454753327821689,0.030217152741403023,-0.12142798866963515,0.9921401953594311,-17.62665012712058,13.927268617197873,0.15254263667710002,0.3865275813984196,0.35162245494763,0.8305084745762712,1,5
-0.62109925925286791,-0.78052390469414712,-0.070838861908844655,0.78358811083393431,-0.61671205503145754,-0.075205809207681593,0.01501275175456949,-0.1022187623671811,0.99464865249236478,-9.4381841433295453,-2.6108173745233199,-0.0010092529497724354,0.2123014424205468,0.2050820572273354,0.2356902356902357,1,5
-0.37769574051092902,-0.92589037538578189,0.008540513326352514,0.9257060409479303,-0.37738566868695372,0.025463362350847302,-0.020353214793014801,0.017523408278002226,0.99963927334309577,-1.8907876499895664,-20.912207978513582,0.18433026499429372,0.1340038028111714,0.1368015512974098,0.4761904761904762,1,3
-0.50885749886110165,-0.85706190443991603,-0.080677988389944486,0.86071809225537599,-0.5081851322715496,-0.030203261453264071,-0.015113289419915223,-0.084810160334550258,0.99628250270038266,-12.381890832861307,20.987541269014415,-0.61901667953466299,0.2836546783945318,0.2469983683657449,0.3870967741935484,1,5
0.97744324763345081,-0.20516183032716345,0.050133033347100113,0.20097788221506441,0.97650622937919107,0.077739789322992719,-0.064904456827871243,-0.065910601275088854,0.99571241034921132,-20.89171272866508,-0.66040000487641315,1.0722783221017338,,0.08560912290875071,0.1304347826086956,0,4
0.66255882157692425,-0.74852819596927211,-0.026857918563884954,0.74510631511293812,0.65502581187985187,0.12552993646919552,-0.076370066972712564,-0.10318297151239607,0.99172621587838228,-12.451836208108331,10.368900042438371,-0.1821159214866932,0.2495675163555389,0.2585494684999759,0.6792452830188679,1,5
-0.94430066677932689,0.29164426579394859,0.15244629529649903,-0.30764512291243878,-0.94681666227410133,-0.094301041289697893,0.11683633453814452,-0.1359478954218839,0.98380254150009772,15.22300552706081,-6.5186160657110799,-1.605411898796697,0.5575824199912544,0.603706797381043,0.1621621621621622,1,5
-0.062007325711862342,-0.99797113091348888,-0.014446917363795267,0.99754332470301144,-0.062440467301407357,0.0317569422905623,-0.032594583883327033,-0.012442262914566246,0.99939120628262434,-7.4438298039700257,13.164288435236939,-0.73645760159778106,0.4471027186973271,0.1620884132702677,0.2083333333333333,1,5
0.10389749072461803,-0.99431778005768789,0.023183262977419978,0.99347423425855419,0.10485575870819132,0.04488001481852217,-0.047055895332137977,0.018369053510778874,0.9987233453702834,-4.658224379329428,0.74637841045580544,-0.57022435036116903,0.2846059570042719,0.2797084097692679,0.8955331412103746,1,5
-0.74757874059857021,-0.64423938921107549,-0.16149809904143086,0.66399657134168,-0.71934160849309037,-0.20409851429411982,0.015315999854692369,-0.25981389431574653,0.96553723929682655,6.599821271292166,11.65914068474078,-1.6927263985873791,,0.09600890002865642,0.25,0,1
0.71656268454938421,0.69050858341158983,0.098670235361535075,-0.69748499301383715,0.71078963708586385,0.09106468213218212,-0.0072528361258824897,-0.13407456151808664,0.99094470497695564,3.0274911874838795,12.359564240159164,-1.5097134377172239,0.1710631622965473,0.1233485314647181,0.5111111111111111,1,9
-0.92071309817742364,0.35377964985388738,0.16470382568049347,-0.38434120140859762,-0.89517998678378363,-0.22568702258123097,0.067596092670548474,-0.27109546401783641,0.96017603471687873,-22.177885305056122,19.543703360086422,0.37284968605802221,,0.3727200577538866,0.1428571428571428,0,1
-0.061112575130373381,0.9864286289782509,0.15239361237605228,-0.99664197356993323,-0.068642266466505814,0.044643205227334885,0.054497978674105024,-0.149153609364404,0.98731108123732081,19.352297419240109,-0.076826873109119967,-2.1552244806020675,0.2026642828563632,0.09014767238879984,0.375,1,4
-0.8641347515519876,0.47516351461260992,0.16580339423901513,-0.50057025433834035,-0.84554871468551085,-0.18567927069366666,0.051966832035785497,-0.24344815767360967,0.96852074985179937,-8.6720998648466221,12.612435878821923,-0.59774094136637801,0.5634732726393785,0.4474056505497735,0.4571428571428571,1,5
0.18628905383841352,-0.98236406938866105,-0.016038191735266358,0.9813215830164278,0.18524420725615964,0.051889636577724933,-0.04800353243377093,-0.025405095004456091,0.99852403176973836,-4.1351500265826262,4.0553969555323457,-0.74763663279442105,,0.09042488958214537,0.3413173652694611,0,5
-0.65372009706158796,-0.75461163792176189,-0.056668426930911883,0.75664669317654709,-0.65065398131295871,-0.064305352083578168,0.011654029465584245,-0.084915678850447499,0.9963199842834547,14.586974981639017,12.116989189445803,-2.1162066172285861,0.2580055372045083,0.1736880868040201,0.5238095238095238,1,5
-0.99773320943752841,0.023507693613596576,0.063054191981635838,-0.024025907296180388,-0.99968340604672612,-0.0074728477443753898,0.062858559990530111,-0.0089708425348199849,0.99798212680394793,4.2211057490537067,16.244948163794021,-1.6275044428419541,0.8990865779605911,0.926658157500744,0.7216494845360825,1,4
-0.21312159739585751,0.96896462151589058,0.12524674436490091,-0.9756625202856809,-0.21783763133368672,0.02508810245363861,0.051592937823247573,-0.11685173779408511,0.99180836865861899,-24.498291472535936,-6.1153681525512784,1.6349620135827287,,0.4137851405652703,0.7741935483870968,0,1
0.43873069789882979,-0.89818266979162187,-0.027986897062738169,0.89799960420454505,0.43706003316376746,0.050746805410464724,-0.033347947008575844,-0.047396403839121498,0.99831933534988326,-13.240526462587338,-2.1748468090459343,0.32782245865443344,0.2331287159140538,0.1415166609356403,0.6,1,5
0.7848410954792554,0.61175758086749787,0.098879305711913168,-0.61913391309302268,0.78088260714897295,0.083039457550887083,-0.026413112369519123,-0.12639231030157938,0.99162862574231159,-3.9864748957815848,-14.736013017927929,0.049796639449819165,0.2607119997061911,0.1790972929021182,0.6262626262626263,1,7
0.34083242661625507,-0.91715751396528344,-0.20653172043029211,0.93863507964283488,0.31962011496073345,0.12964246748799985,-0.052890870958651012,-0.23804427464131281,0.96981311554326133,-3.0234625386102651,-11.01257081597142,-0.16855483166775537,0.2125894122831619,0.1545679556824039,0.1923076923076923,1,3
-0.97572740311069162,0.20762375474217076,0.069630534147232553,-0.20943170573601655,-0.97762530341755027,-0.019675536847720151,0.063987463235922734,-0.033780802010999561,0.99737879562587728,-11.657344617025487,8.2238485363850167,-0.1796890506358636,0.1731388296520178,0.1293222394163056,0.4923076923076923,1,5
-0.74840554544587989,0.64943540571390435,0.13462092464053196,-0.65934231314373015,-0.75049529868121168,-0.044994674747962947,0.071811236196928419,-0.1224355359469452,0.98987508600492313,16.99015960550549,6.4800595606845564,-2.206606278595403,,0.1407186804531208,0.25,0,5
-0.87801625826708918,0.47157261458091709,0.08189456267651575,-0.47264728377849308,-0.88122427941971748,0.0069508631127786144,0.07544531367469258,-0.032604271783274116,0.9966167598962048,-15.750941852002139,8.1648423382996391,0.24273274029116168,0.2938377353796768,0.2324684848977845,0.5921052631578947,1,5
-0.90967007301207203,-0.41362398033210956,-0.037623943977656407,0.41479143931402546,-0.90013301432338844,-0.13307373293362543,0.021175932990316122,-0.13665928222888241,0.99039175099688503,-10.770661351111759,10.98138412262475,-0.3599067730857709,0.7708111086183143,0.6725931106999116,0.6590909090909091,1,4
0.90750206297074687,-0.41896367780767002,0.030156962408524127,0.41449509797287981,0.90482992695923581,0.097347917468208464,-0.068072163622815485,-0.075843522840219529,0.99479341603314497,-22.51949290537269,-4.0388424085340686,1.4359537057405163,,0.08349097475678408,0.1111111111111111,0,1
0.27667694880888266,-0.95533585675306765,-0.10384250959838265,0.9594148577734477,0.26848229160137238,0.086257694033820623,-0.05452519308873266,-0.12349356217373775,0.99084627638210299,-9.8237536756878754,11.470028973435246,-0.4627326240191077,,0.06916399332675537,0.3333333333333333,0,2
0.28089466183276462,-0.9596743165250804,0.011108337228246362,0.95768866668292862,0.28103200301910042,0.062076009747300133,-0.062694550488310213,-0.0067984910967116624,0.99800960609498979,-7.0085552469735806,-7.8799610951348571,-0.02297682632403944,,0.07487314343985903,0.3851851851851852,0,3
0.23261643767589421,-0.97256393319497114,0.0029981279668615771,0.97124378142867884,0.23245932314867473,0.051460471406530067,-0.050745541273091964,-0.0090586383959675235,0.99867053181282628,-6.7907289983028321,-13.556155096094086,0.26236071579497972,0.6990193182945336,0.5523081078144739,0.6338028169014085,1,3
-0.87804150358072075,0.46016945537032217,0.13148076031834077,-0.47305015002886863,-0.87615255322411056,-0.092629687662964907,0.072571850929771906,-0.14352970362630305,0.9869815351006187,13.939508569327343,-10.058107650660137,-1.3738186608238907,,0.2457220597378929,0.5142857142857142,0,5
0.41910286593126389,0.90342776583868067,0.090393913954050553,-0.90775434912095732,0.41492940650781313,0.061770780042529658,0.018298344739062597,-0.10794377947248882,0.99398858698327452,7.5921415720719105,12.602990156278215,-1.7673586734275897,,0.1603025426710513,0.3529411764705883,1,5
0.81645211265918394,-0.57249965162104399,-0.07516712464993397,0.56822031392265504,0.7734798644108809,0.2808105663905211,-0.10262369404769464,-0.27197986735181173,0.95681520116232299,-6.2273123205571164,14.601122053601115,-0.86130419375292089,,0.3507558697283863,0.6363636363636364,0,5
0.7707128577783483,-0.63716332917917529,0.0049581049244724002,0.63345210782043704,0.76701815029130527,0.10208616077388427,-0.068848514529927643,-0.075538394694458305,0.99476320447330957,3.6384146711464864,13.280506957057201,-1.5478180326591175,,0.08668654557894122,0.1764705882352941,0,3
-0.32921364041872286,-0.94425209725617687,0.0025210691312798936,0.94405051329251632,-0.32908538748269495,0.021712579245736593,-0.019672501477689792,0.0095280938637996651,0.99976107551401217,-6.9282632485928008,-19.971895047268408,0.60429197504351972,,0.5637335653126594,0.6086956521739131,0,1
-0.79239076615819137,0.5781963617147885,0.19443724182115055,-0.59966892981048991,-0.79677587955673312,-0.074467257076767518,0.11186620726196554,-0.17560513960695154,0.97808424310815234,10.300998336843879,11.191671744061336,-1.9042601364187808,,0.4886443082569398,0.5113636363636364,0,3
0.94404865689333683,-0.32837563344768123,0.030685123035787982,0.3230468135772267,0.93942943875357376,0.11451238291445594,-0.066429584188732557,-0.098192530067111108,0.99294780194304921,-0.84100422044604095,-21.104122961568105,0.10603188742076804,,0.07065857172447948,0.2666666666666667,0,1
0.40688864424002813,0.90235821582780584,0.14209602920761152,-0.91317387739189837,0.39778986894559454,0.088750717255090567,0.023560578039556412,-0.16587004097276092,0.98586613121160449,25.230626290981107,2.6722553762896606,-2.3875318728614743,0.3095887000872101,0.2390069428852324,0.3333333333333333,1,5
-0.05936641994726588,0.98547719132384004,0.15909221716702718,-0.99769797317067832,-0.063809150450137353,0.022959674430461763,0.03277777469209802,-0.15736294894068109,0.98699671721182902,10.213945676959478,-4.1866610454441977,-1.4906458034811649,0.2809503154726113,0.2476705755776139,0.6142857142857143,1,5
-0.91268525986602411,0.38515267863407798,0.13661270279253218,-0.39703236168248557,-0.91488339297521493,-0.073168852901936476,0.096803513366582883,-0.12101979755044943,0.98791866487111801,12.036065243530226,11.554670470638955,-1.9921328899785931,,0.5738544624594256,0.4642857142857143,0,4
-0.67766995626523041,-0.73514458031801788,0.018052047100712312,0.73531735976125745,-0.6777036398775973,0.0051143846540806139,0.0084741258672855688,0.01673984843723602,0.99982396783888128,-10.063263234324804,1.7469674905213894,-0.098023771245525151,0.1306904133340892,0.1066279398984291,0.5089285714285714,1,4
0.21376751406057798,-0.97659512291015982,-0.023778474308690758,0.97563852438207976,0.21220256556162162,0.055673520731339979,-0.049324635568019054,-0.035100385712326841,0.99816583955218929,-3.4431817492799861,-22.252100210424761,0.38181472745771128,,0.1323292013959119,0.2941176470588235,0,3
-0.98922833973730073,0.10866879989670175,0.0980733592245768,-0.12468016829747074,-0.97654210243121164,-0.17555733482980049,0.07669515952064189,-0.1858940937960076,0.97957196693140602,-7.4773182805333294,-1.6098814438461988,-0.25235198235797074,,0.2480063455002363,0.2103960396039604,0,8
-0.68411418562960236,-0.72937190121851525,-0.0021001745722381933,0.72888806341607271,-0.68354951185456814,-0.038500076012243145,0.026645300334444347,-0.027869240324587853,0.99925639022916291,-5.0789646701470961,-19.445052691915027,0.42237829058249193,,0.3873229738624762,0.6610169491525424,0,2
0.92861664772629116,-0.36864093131845216,0.042130574672682143,0.36310393563832705,0.92623556602517343,0.10120873556163922,-0.0763325192139232,-0.078686339263510749,0.99397273932626773,-3.4398176933444278,12.174155944444752,-1.0288455221837014,0.2717410642882231,0.1086888325237527,0.2173913043478261,1,4
0.28029745940552198,-0.95329741732473339,-0.11250497043599078,0.95859891795675101,0.27185348571561607,0.08475728167193973,-0.050214029343968694,-0.13160439364345985,0.99002971411507701,-9.5413537291020685,13.264606117242218,-0.55154001515158624,,0.2290218402031462,0.2105263157894737,0,4
-0.73376044275137231,0.66127144342006727,0.15593489272915645,-0.6760610524103271,-0.73340876822292278,-0.071084682650901801,0.06735774689784492,-0.15758063590073118,0.98520621045645562,-5.0185409869766495,16.834185509573363,-1.0777695446325279,,0.09594650309544546,0.3478260869565217,0,6
-0.99507094063476453,0.071861212085407397,0.068335856633706379,-0.079381490271702673,-0.99023612089800472,-0.11459059241978561,0.05943401472633289,-0.11945037072562789,0.99105963838056765,-1.8405309508251804,-16.67002613359297,-0.028910489146979419,,0.5539227248728413,0.1111111111111111,0,1
-0.76951201604595776,0.62409912248795441,0.13546786508486622,-0.6338582842425351,-0.77226728255387467,-0.042742482309345006,0.077941854340245406,-0.11875828226536524,0.98985935250185153,11.512295796250614,-8.5439908540431375,-1.3182841863963073,0.3293346512287731,0.2949252457923187,0.4680851063829787,1,5
-0.1677343962231834,0.95629029292503009,0.2395288040737589,-0.98459173609940942,-0.17468830813019631,0.0079440674318531305,0.049439716103517217,-0.23450558769455931,0.97085675761753554,-12.69241723862187,9.1880346496890084,-0.14383898844249679,0.5682705575230461,0.2403597935181846,0.3,1,3
-0.99786535687846167,-0.0036486704405638759,0.065202889091174013,-0.006674607591200264,-0.98751108501230955,-0.15740808934522468,0.064962905995062104,-0.15750728294852565,0.98537874782382517,28.410154938208802,3.9498066610964551,-2.5187724132750291,,0.4706979759608285,0.1764705882352941,0,4
-0.64438026262338421,0.75128039736444208,0.14265988110658739,-0.75807609795531394,-0.65209080713407175,0.009910043394565143,0.100472418355813,-0.10176120963885167,0.98972215765970095,-10.817542527779148,-3.8723515950585981,0.16874342217458113,0.726397957042961,0.37368509573087,0.8110181311018131,1,4
-0.27107328210584608,0.94716834136935235,0.17143922782138915,-0.96187825455268339,-0.27324641140651895,-0.011252647339311703,0.036187002460109134,-0.16795395726534446,0.98513043252752219,-27.575410060053471,-6.491138893691252,1.9224574840622934,,0.4188873447725823,0.8269230769230769,0,2
0.21141785204244862,0.97383308855095374,0.083376300476030604,-0.97700421580940167,0.20814845651510905,0.046227506325087014,0.027663227006542491,-0.09123231715620185,0.9954453325913466,-24.755513974374082,10.651058540221399,1.0174986322428254,,0.2382053600889032,0.72,0,1
-0.38255897029560648,-0.92365902094137642,-0.022419796608872104,0.92379476081245526,-0.3828067143309235,0.0078904599753168193,-0.015870543211388165,-0.017692724402440983,0.99971750677948779,-19.197589630508467,5.0020299286912486,0.73085969279151497,,0.07254606220008825,0.3,0,2
-0.46201935131375643,-0.88103763650900047,-0.10154211966593339,0.88405078304096496,-0.44840033723260714,-0.13187626994399579,0.070656436481562696,-0.15069777909551049,0.98605164538142143,-0.10988700205302138,21.359123932334963,-1.5372011472034242,,0.3091033346288186,0.2272727272727273,0,2
-0.82059658905304755,-0.57133852346435299,-0.013911493093005513,0.57112147092980259,-0.81890386260773118,-0.056716216808927716,0.021011984139593883,-0.05448628645550628,0.99829341433809249,-9.7632261525540773,9.4922064635880989,-0.3906315620602796,0.8636474152392567,0.8507948979472715,0.5868263473053892,1,5
-0.15763599583228785,0.96264564535760466,0.22014598404696106,-0.9858972222251895,-0.16610559868720226,0.020386203506858751,0.056192170509955237,-0.21382771466488643,0.97525388920761213,17.071632928575397,7.7820776378654219,-2.1973827354180959,0.1774247109922944,0.1902113619003862,0.3111111111111111,1,5
-0.16842052141826475,0.96255363003778238,0.21242654557820445,-0.98505425993543361,-0.17224354350817223,-0.00051643276949287474,0.03609200670864432,-0.20933865152149417,0.97717690109360811,-11.20169496524727,7.1008379546818725,-0.18481799040570748,,0.2130401123525413,0.3580246913580247,0,5
-0.98459813036331267,-0.1724911311993533,0.02851896461370302,0.1677223091187936,-0.97795001983084151,-0.12443064629229351,0.049353304944350251,-0.11773091510060336,0.99181837194147893,-5.8432209331131197,9.6143556395206495,-0.75777961327226573,,0.1968261471051212,0.1754385964912281,0,3
-0.93567687603607153,-0.35168123963357811,0.028793911529488729,0.35104831239036544,-0.93602753570315367,-0.02485024694763802,0.03569125970394784,-0.013143747383146337,0.99927642616318824,5.68456983364098,9.5210957073170377,-1.635775042670867,0.3201207627262363,0.2326878704729814,0.5178571428571429,1,5
-0.98054034108201449,-0.1906314038857172,0.046907433987882614,0.18912557599301863,-0.98133881538203283,-0.034722412501125906,0.052651267943668228,-0.025175330725731599,0.99829557081396247,-1.6104866012880998,15.237030585402168,-1.2875375161293279,0.5106872210942103,0.5611186992381109,0.7974683544303798,1,5
0.89600279204448463,-0.44390057207374845,-0.01145769440541575,0.43611784698569334,0.87485266201712863,0.21079384075942081,-0.083547712051572798,-0.19386877488173138,0.97746338956341738,1.0001634563306081,-9.1165194645401684,-0.598386240752943,0.6406493551895989,0.7377693752240737,0.4042553191489361,1,4
0.9870809389860572,-0.15453521773849255,0.042309412297032327,0.14782702480211399,0.98023324326381334,0.13149129073311666,-0.061793127680663515,-0.12353807218433716,0.99041403165162123,-2.638699072023944,-3.854099734344512,-0.58026138270859773,,0.1066135461443216,0.4500907441016334,0,5
0.99596102385405816,-0.070101640983713714,0.056101683530573841,0.065906009807396693,0.99512006616991044,0.07343331517274225,-0.060975706923671547,-0.069439281659464738,0.99572091939849006,5.5949437589471849,-10.165708424376716,-0.85424460790601298,0.1869637718585174,0.1290183547362639,0.3770491803278688,1,5
0.99820131086230135,-0.03501775377073111,0.048661071850463727,0.018175545829487005,0.95024325032624279,0.31097815798415485,-0.057129611643908174,-0.30953436340779705,0.94917052490221498,-23.989061621830384,-9.8310016798499102,1.7670209318249115,,0.3534210866487348,0.3181818181818182,0,1
0.24039555513258781,0.92500021250915487,0.29425258525714587,-0.97033325221821942,0.22095964328369239,0.098133662316037484,0.025755712222913112,-0.30911396425584292,0.95067618061563375,-8.6371577288504913,-15.710438379570745,0.55855178159606766,,0.2252020253083709,0.3333333333333333,0,1
0.71751166259474664,0.68506501640546702,0.1259481533723292,-0.69652546674403037,0.70706818633715507,0.12209362819941651,-0.0054118589720503971,-0.17532969847479851,0.98449490024844888,7.8423027845553914,-3.4849626185479834,-1.4014881715690015,,0.1405266574588511,0.1739130434782609,0,2
0.8194061963137349,-0.57320868208334608,-0.0023004840640880398,0.56904284171364161,0.81295475653842708,0.12367218004065986,-0.069019777869239768,-0.10264682462609014,0.99232046217795011,4.0265820177448992,-15.442470610315391,-0.52488058643005664,,0.1109021473851194,0.3636363636363636,0,4
-0.85472044790594637,-0.51761293775660988,-0.039112691014945598,0.51899096628354713,-0.85066920715538574,-0.083727396434490065,0.010066421783771347,-0.091862651086282485,0.99572080448681588,15.472502320959034,16.839955363727135,-2.1987592526062221,,0.155108455756682,0.4166666666666667,0,5
-0.60623815023686334,0.78738827849669946,0.11178105422382989,-0.79339048152457747,-0.60848275595414902,-0.016741551082371797,0.054834742851462885,-0.098835391396242311,0.99359182584397632,6.9015276158489449,4.2561216596351183,-1.6816581354821132,0.4285588031503443,0.3277915081828791,0.5957446808510638,1,5
0.9982091386137979,0.010654801301647062,0.058864172440651175,-0.022036905173783906,0.98030489949860733,0.19625666569415651,-0.055613760871406223,-0.19720238139598789,0.97878410815332006,-7.3870128433165165,-5.6965180868895073,-0.087264102664409662,,0.07428451364938314,0.2428571428571429,0,2
0.1006121048445876,-0.99465180217592231,0.023345166243413439,0.99362991088864938,0.10165057182447305,0.048649372402672267,-0.050762235433025882,0.018301739697322548,0.99854305955121181,-5.157435364165651,10.651312445311218,-0.83167862386891866,0.1574255019085579,0.1403988104930449,0.4761904761904762,1,5
-0.20535740703986843,-0.9778199428420481,0.041188526973376639,0.9782482941245324,-0.20382343467022851,0.038552334840769899,-0.02930205481370813,0.048209613767441262,0.99840734308401879,-9.3119744422511026,-0.21739436873106244,-0.11770881242138216,,0.07167221859753767,0.3026819923371648,0,5
-0.40800246608423824,0.90935605999321178,0.081274496755148279,-0.91130865581445941,-0.41102368361625069,0.024001361298309643,0.055231526385062485,-0.064273537790841703,0.99640272522360462,-5.8698051165736809,3.1661496904027633,-0.54751431421033614,,0.08494134961455221,0.302013422818792,0,5
0.74335745743773241,-0.66859098204786049,-0.020144209986663036,0.66634687173928298,0.73756459973316457,0.10945459215459107,-0.058322697082532148,-0.094786918637192949,0.99378765491441112,-1.9604898664235102,11.043646316483086,-1.1568100174593854,,0.3137093895850188,0.3793103448275862,0,7
-0.3717897546706444,0.92283233672654574,0.10076138453676446,-0.9263927784380851,-0.37581202889242976,0.023701033680434403,0.059739420650921617,-0.08453281748279215,0.99462827447680868,-8.592956679955158,-2.2017935871040297,-0.11190880120058973,,0.09476310236224221,0.3189873417721519,0,5
-0.42418550723749554,-0.90531266145170008,0.021809183040788317,0.90555872610029609,-0.42390892323806562,0.016267095092614349,-0.0054816998528601354,0.026649761994845672,0.99962980205291008,-6.2295114884295364,-6.3971951703989793,-0.1356716510763234,0.1508734992725169,0.1404455413045254,0.58125,1,3
0.78555036057387739,0.60943779797446374,0.10722034043168932,-0.61626684217786298,0.75484853115877704,0.22454147554418852,0.055908945924382475,-0.24246497769260048,0.96854784309199249,-8.7115874794379931,0.60473709623236294,-0.20741052050146774,0.6859609905675813,0.4636942267740709,0.29957805907173,1,5
0.7901306588696525,-0.61281169897296828,0.012464490205133426,0.60785858841449492,0.78603293563124921,0.11251737907389951,-0.078749466061349818,-0.081326783440547917,0.9935715756251623,-20.603229227379789,5.0196865209157764,0.89072930723960775,,0.1645367387526057,0.3529411764705883,0,4
0.90484582864816798,-0.42531351482493218,-0.019037869767200524,0.42017030610736128,0.88490712566081176,0.20098829025683967,-0.068636289553391863,-0.18986256361374532,0.97940863111081478,-5.4318710615298267,-11.694270100385907,0.046888372078776788,,0.09098434763677345,0.3333333333333333,0,3
0.16348613811901519,-0.95073798066581683,-0.26338104480469898,0.98531902579774155,0.14404748730146882,0.091633720884416209,-0.049180281047592436,-0.27449519762942626,0.96032998830321992,-21.306822187469511,-4.8394531100615197,1.3730438960621094,,0.3571042288149829,0.3888888888888889,0,1
0.50334319623969703,0.85715275020136905,0.10924646274106237,-0.86408651251234037,0.49935596684178302,0.063230667193767839,-0.00035453274390242324,-0.12622512111991363,0.99200155902336984,8.0949706273043045,-7.2504565863283785,-1.1805662364284137,0.2536269358661031,0.239957257007304,0.7454545454545455,1,6
-0.16303917566278114,-0.98654593109563682,0.012056244765403464,0.98616263171107654,-0.16257962284173683,0.032421135904259671,-0.030024839980999089,0.017175333338284679,0.99940157940081042,-21.787881753031677,-1.74866628124968,1.2650185951413364,,0.07521080726457305,0.3461538461538461,0,2
-0.71226972921682086,-0.7015863474586429,-0.02117616351081518,0.7018640054311146,-0.71157359570175882,-0.0324027125448293,0.0076649019295200078,-0.037942258231561006,0.99925053631144012,-8.7993704480408983,17.052146655195365,-0.75849111200922614,0.707116694866088,0.3188697749080264,0.5161290322580645,1,5
0.97503931992913917,-0.22201135051346851,-0.0030471027727782553,0.21152951006329065,0.92465881760396462,0.31664070711079328,-0.067480300566211932,-0.30938169187982772,0.94854065688565503,0.89028017252077141,4.3225148993427931,-1.2182899334506831,,0.4732557436778703,0.3821138211382114,0,2
0.49713360971193588,0.85100869579903216,0.16924057955824631,-0.86762731151596861,0.48553553219391782,0.10713587302459326,0.0090012447113296118,-0.20009859232788132,0.97973441857579324,13.80421403717426,-3.3129023093891936,-1.6998586182801794,0.3418775011727163,0.4048435918176197,0.2571428571428571,1,5
-0.56927114443032933,0.81776506939351357,0.084797732273953694,-0.81975006741431922,-0.5724570896361314,0.017398491300971035,0.062770941471372382,-0.05960848769389001,0.99624627331882409,-7.2619980017168073,11.606835732626854,-0.69365968091397501,,0.09971944682631668,0.4102564102564102,0,5
0.0077095515256432132,0.98350435871367947,0.18072005756547124,-0.99869230402603104,-0.0015611385519993725,0.051100339779682764,0.050539535954053028,-0.18087769137628693,0.98220619834530343,-29.126997213456473,1.7510503525995162,1.7177152370844142,,0.3062835637299394,0.2222222222222222,0,2
0.99811127271767808,0.021740661841281855,0.057456339046266118,-0.024996686289176381,0.99808554076264155,0.056572245802214094,-0.056116423161646389,-0.057901614340609302,0.99674387387547769,1.0385472424244899,2.0470286566792013,-1.1696216705412472,,0.09162188146676736,0.3809523809523809,0,4
-0.49142657142764218,0.85987907018648657,0.13823136239687861,-0.86879939814925744,-0.49508301311989483,-0.0089674910435328121,0.060725041542696132,-0.12450218783359138,0.99035936636873823,-2.5933062622446386,16.795755507015915,-1.2500822358492036,0.5442950688137091,0.5755921022235607,0.6612903225806451,1,5
-0.10822168445723893,-0.99361700826526211,0.031832497533650167,0.99309418198514243,-0.10659476320739117,0.049005123854788668,-0.0452991470173644,0.036916085149325206,0.99829113485833831,-4.5134839114147596,-5.2317091047379733,-0.35666526839194029,0.1671134856481027,0.1291993162857396,0.696078431372549,1,6
-0.86202727142934155,0.48711137010577504,0.14011244208049306,-0.49991221702397959,-0.86269741487320373,-0.07642607958846169,0.083646629234264247,-0.13592528640678647,0.98718162357946049,8.8862791635547982,-13.526052737329486,-0.92497214210583301,,0.2066562314010428,0.6153846153846154,0,2
-0.59969446794471004,0.75852291379240233,0.2549696734288141,-0.79768074129748745,-0.5920370954520795,-0.11488042727879373,0.063812068447933551,-0.27227755482329158,0.96010049112571927,-1.4166723459984274,3.1601813885615884,-0.95788493214053116,0.5857247468411908,0.315093628675062,0.2222222222222222,1,5
0.62718365698370548,-0.77475845972080704,-0.079937409912938642,0.77599250411765042,0.61274961527264571,0.14957788117380208,-0.06690511165647188,-0.15584363340947965,0.98551330176713869,13.163822090894476,0.19196738302916122,-1.8876842060381158,0.2043931247789587,0.1702118001415569,0.3584905660377358,1,5
0.84726025345324674,-0.53007432520512188,0.034223861218092948,0.52590308961066068,0.84616107206666646,0.086240248474547448,-0.074672640614230124,-0.055069500427414465,0.99568636973013425,-6.2112284463384739,1.3204428028126152,-0.45102425910210525,,0.07970636743176186,0.3840304182509506,0,5
0.97382985773283093,-0.22308775138221976,-0.043442644616548565,0.22711299391083276,0.94789149046274757,0.22343099674210418,-0.0086658054970603898,-0.22745016485273639,0.97375116242474968,-21.192611059687547,-2.6736782179032965,1.2577683328304536,,0.241339786181133,0.3,0,2
-0.99636853910026102,0.069216377516742256,0.049586564457242924,-0.070627325808798297,-0.99712943077210225,-0.027288809743235373,0.047555390234024449,-0.030691877941313048,0.99839696187845361,-1.4233542057606996,-10.985271899314975,-0.30679754645363982,,0.09014115951233528,0.3518518518518519,0,5
-0.33668874462344378,0.89875131072424208,0.28086788836630378,-0.93988170674707516,-0.33886531537784481,-0.04233999711950405,0.057123257663541975,-0.27823799076569455,0.95881205349566523,-23.638559123067772,8.0041723388384369,1.0529159479722421,,0.3878278953654304,0.4705882352941176,0,1
