axis_00,axis_01,axis_02,axis_10,axis_11,axis_12,axis_20,axis_21,axis_22,location_x,location_y,location_z,dbh,dbh_approximation,score,reconstructed,number_clusters
0.97962251088023367,-0.18742962080237174,-0.072179452911390315,0.20050762704838707,0.93352948135781932,0.2971857986701722,0.01168022568846099,-0.305602429116135,0.95208756301413078,10.312052021418905,-3.0758536447190177,0.34080104709938652,,0.1888389620254601,0.1904761904761905,0,2
0.55860536606263456,0.80270096295498572,0.20888084899571352,-0.81969080781961956,0.49576545037947461,0.28692089116350061,0.12675576745083755,-0.3314932612907488,0.93490384165259144,11.295403830062744,-3.2410257639516016,0.51161133307424433,,0.1760636624168961,0.2222222222222222,0,1
-0.0022942380822896327,-0.99170141988850369,-0.12854193970354294,0.99182664181356628,-0.018655070736410019,0.12622163413870538,-0.12757213277376619,-0.12720173790851697,0.98363868814347044,-8.9314563658713606,7.3700806708553603,-2.1848801012376384,0.2368953431861609,0.1179951565749662,0.4148148148148148,1,5
-0.43206682984742989,-0.8926603844810802,-0.1283576741908467,0.89243512432438743,-0.44371055641839258,0.081734270627422542,-0.12991460047934691,-0.079236229724615082,0.98835409468536162,-6.5642486526694119,-7.7365954386702533,0.13032223040548613,0.8914561982899218,0.854930602800048,0.9801724137931035,1,5
-0.013320624224931627,0.99486384314599752,0.10034188841672173,-0.99206660624631404,-0.025694933577813772,0.12305941312777609,0.12500563883753044,-0.097906608506307807,0.98731346910168982,-7.973486190321295,-16.831259247500888,1.7321113996041484,,0.08684750245481471,0.2777777777777778,0,2
0.97759150939749961,-0.19616300301055298,-0.076386628435882772,0.20943847627695927,0.94290107707139925,0.25898471675444845,0.021221814453656552,-0.26917955923041048,0.96285616759919945,-8.1507060869817831,13.867438476825352,-2.9192904205830326,0.4689765721042701,0.4095714798677112,0.6610169491525424,1,5
-0.072645017917362498,0.99592905630303319,0.053366807878465462,-0.98983293011146933,-0.078554185309954949,0.11857491487339644,0.12228438918655987,-0.044210346997509656,0.99150994618290678,-21.251491482342388,-12.01281347561051,0.70612160221505915,,0.2842480248930479,0.3529411764705883,0,1
0.97053384815358745,0.2408043196179051,-0.0087937046543596891,-0.22706745218447086,0.92616449318149274,0.30109749870817976,0.080649995329469065,-0.29022854997954123,0.95355281292130345,-13.675869194885362,15.33878714677836,-3.075989322635694,0.7209497209620206,0.3703862237992544,0.3333333333333333,1,4
0.44951300353875417,0.87894750567492119,0.15934033361771333,-0.88271060994564288,0.40972237500691799,0.23010770197471367,0.13696729076301842,-0.24408780732868771,0.96003182425090172,-14.889841728255803,-2.5496881424533511,-0.71000014391879218,,0.2844582233782945,0.2934782608695652,0,3
0.97127867707968041,-0.22161138589844473,-0.086637896387877777,0.23741969335040741,0.92678674918483184,0.29102957022407566,0.015799387954747363,-0.30324035875124244,0.95278311496618862,-7.6746899285744554,-20.261322702715034,2.3702638887309853,,0.09144007946039867,0.375,0,6
0.49843835432688605,0.86656227434721322,0.025080502668221434,-0.85726872276144261,0.48837408701103763,0.16303707587877103,0.12903311168405648,-0.10276466228388342,0.98630111034856327,1.6728683340349093,-13.166159427625011,1.4792503865906794,,0.1853655246212443,0.1666666666666667,0,1
0.89145039335965004,0.45299810599067569,-0.010436098302819163,-0.44306588255188534,0.8762668222550809,0.18933853261685032,0.094914803363039965,-0.16416203027449333,0.98185640901239324,-21.054065086107091,-1.6533589264460891,-0.80880803571579873,,0.1029970751678636,0.2173913043478261,0,2
0.92777944748886931,0.36309042774349004,0.085968820500796406,-0.36349844863810893,0.82750799819952792,0.42790114600629253,0.084226923575165702,-0.42824742170485958,0.89972772056228412,-19.786623266598127,1.1469549011428013,-1.1795482734204257,,0.5772198043475414,0.3,0,1
0.98984439594795859,-0.1401018825351085,-0.0240735190725926,0.14215147287565713,0.9743133624520246,0.17466090148258528,-0.0010151697893186679,-0.17630920071722489,0.98433431067536736,3.1461009978491576,16.370086037432309,-2.5742696417878617,0.7263413216187022,0.4060712649358429,0.7857142857142857,1,3
-0.99458930262298084,-0.093903977842928796,-0.044431543448409536,0.089735284104820512,-0.99207098406062866,0.087992848411690486,-0.052342123519783824,0.083529668563034204,0.99512968831966275,-15.504716864005912,0.16036530760028639,-1.0472088669777737,,0.0669798447910525,0.25,0,2
0.60934038916390165,0.79182986590641191,0.041349166765712271,-0.78065907291943326,0.58997921335257963,0.20614543332424917,0.13883696194513989,-0.15789234075947101,0.97764733249129199,-7.8399405342655655,5.9630033345434912,-2.0192286210718096,0.4551569547509101,0.3250920372701332,0.3068181818181818,1,4
-0.011361276343284998,-0.98121984824704978,-0.19255786352649476,0.9919633050445763,-0.035328012921322864,0.12149375682754977,-0.12601477232805869,-0.18963001057076251,0.97373545495993941,-16.883845728235116,-9.2134798709602261,0.34376993488026802,,0.2564734829488587,0.1428571428571428,0,1
0.38339803249831278,0.90433259829298762,0.1875859811954996,-0.91426132726483755,0.34283344356696871,0.21585053958689418,0.13088993140941757,-0.25425928033538847,0.95823798934240245,-11.09716558606268,8.2900929007536437,-2.2290907645693681,,0.08891348897996258,0.2380952380952381,0,5
-0.0073801434497396739,0.99474993569113113,0.10206908897973285,-0.99118211233684539,-0.020781635689832215,0.13086689345103777,0.13230099646688778,-0.10020323877273854,0.98613171395778709,7.0430851969502735,-11.219556862675281,1.4605259272851197,0.7765808608455191,0.8201398097953831,0.25,1,4
0.29040272411268103,-0.94170961272725007,-0.16985070834420274,0.95061793957280671,0.26360087693297851,0.16382951700629714,-0.10950703534607306,-0.20903966842984123,0.97175646446651232,-11.26123667021589,-8.2672648381063514,0.18059782586965761,0.2262016141840928,0.1443215992564258,0.28,1,4
0.97391656198097698,-0.21225354957607295,-0.080218208603237889,0.22650350248102841,0.93046556855434137,0.28797567449122169,0.013516421974096917,-0.29863398404603064,0.95427199996112966,9.2358413779236592,-18.678402049282134,2.8156928387168767,0.1920902332524835,0.1006131327115695,0.1538461538461539,1,5
0.60373464040926184,0.79704632420593058,-0.014887613633981249,-0.78804271261502556,0.59952679135994458,0.13984387557559461,0.12038757022322651,-0.072696516501582098,0.99006163920449075,9.4095255820206098,10.546863864409353,-1.4604840297182629,0.4188723245370951,0.3573266095407815,0.5666666666666667,1,5
0.85401068626067167,0.51994996643049263,-0.017826389469189727,-0.5100759054049111,0.8435540670169146,0.16804495453474336,0.10241249180611593,-0.13441937519626196,0.9856181375633819,-8.5253626623537198,11.785640524730503,-2.7013449315811853,0.1887991814307784,0.08253779129133546,0.375,1,5
-0.95330381738705017,-0.28882707723028905,-0.088265232191869006,0.29238478581823973,-0.95582452395617457,-0.030176421689333214,-0.075650305863875708,-0.054574709001139587,0.99563981055406825,9.0285848872567236,9.3805816586101542,-1.3583187979718769,,0.1739199616297963,0.1891891891891892,0,5
-0.61372415835343497,0.78932571846859045,0.017537605806131867,-0.78609750485079777,-0.61297874911537387,0.079421445468473087,0.07343956917573774,0.034956591610094782,0.99668684469209645,3.8365458110204811,-13.939397739965258,1.6995643376410901,1.106122959601866,0.8870409553906384,0.9885714285714285,1,5
-0.99847369096910865,-0.0450776698565762,-0.031910689789275144,0.04737313533064632,-0.99603759125690583,-0.075265548905762494,-0.028391451027908014,-0.076662379844634185,0.99665280064076844,-9.8840014317210265,-16.404080036622378,1.6607645375213966,,0.3654741831238974,0.1052631578947368,0,2
0.42607118692506096,-0.90129999406387051,-0.078241065769432419,0.89908015929573837,0.41222702795433347,0.14738977096354663,-0.10058931768840716,-0.13314352453050088,0.98597900131928584,-0.67718304308398214,23.470296128204861,-3.5969152453134194,0.1530764655699262,0.1498744304849344,0.6071428571428571,1,5
0.80363575828130174,-0.58303511905449856,-0.1193298703625572,0.59365381588119537,0.77129960518711516,0.22950395623582714,-0.041769784549763864,-0.25527821878747797,0.96596496629606576,-15.473431642311441,-7.5686148339052508,0.068032796983507768,0.1983901638809403,0.1076971474097503,0.425,1,3
0.047281040889764446,0.99559347368432838,0.080982333441025234,-0.99038275113355578,0.036171115675974475,0.13354271469415729,0.13002503385698558,-0.086517544740522145,0.98772881147740244,12.132681431818039,9.2837383555734014,-1.0439644815434572,,0.0979766278588549,0.3333333333333333,0,6
-0.35365068758239715,-0.93148111979015513,-0.085288420356915251,0.92639760840599306,-0.361400724476719,0.1057212726340374,-0.1293006663252575,-0.041622587884257885,0.99073149635290336,-8.6966529232322909,14.712308619803512,-3.0058391372679321,,0.1103754899586293,0.4102564102564102,0,3
-0.59634176428631214,-0.79414468018531026,-0.11709281404621723,0.79289398167361924,-0.60549954757177049,0.068479425495091825,-0.12528221738796333,-0.052005046137417674,0.99075720597056582,-1.4526366061558469,7.9091067209085564,-2.056132298584235,0.3230836262939353,0.2985100469806273,0.7019867549668874,1,5
-0.5051359808425141,0.86301374942690356,0.0067014295780840061,-0.86065896271947684,-0.50430367850458768,0.070313225906490209,0.064060836311328195,0.029750094905064816,0.99750245167830742,5.4171517188749885,18.215400473884934,-2.6363847274385663,0.4028667320895351,0.31935292773279,0.5172413793103449,1,4
-0.76909449395685126,-0.63616022613267553,-0.061594042342406716,0.63020666395969416,-0.77087288040731938,0.092706865729113241,-0.10645759750270574,0.032483364039857798,0.99378650171684557,12.963517332411604,6.8155895164824232,-0.6771732720329795,0.2668694070572452,0.243703757735303,0.6714285714285714,1,5
0.9819747393488355,0.18728831979391797,-0.025469521973502017,-0.1765896626892903,0.95711376815623339,0.22967221389854584,0.06739215319360449,-0.22103465808453626,0.97293472423045035,-18.600251442173178,-23.880057586385441,2.7041490917390023,,0.366935508468352,0.68,0,2
-0.99476447652866995,-0.089576046768020695,-0.049191138247177343,0.087132358254655595,-0.99495316594118843,0.049760925720754384,-0.05340026574486216,0.045214261345480976,0.99754903748605706,11.6917681320925,2.1001573964653186,-0.2264952017977557,,0.1121894555658783,0.2608695652173913,0,5
0.67592878459254746,-0.73184939247606362,-0.086699163154319525,0.73558690179156938,0.66278197111474368,0.14011412733174508,-0.045079796715632794,-0.15848194060419948,0.98633223937495085,-15.590652084412586,11.236789277233274,-2.5521233955667944,0.2396338093594431,0.131212473684881,0.3333333333333333,1,6
0.92469288294703456,-0.37052410083121873,-0.087492645006995093,0.38059122505412168,0.89382003925303211,0.23714142793175616,-0.0096639349597412404,-0.25258192360682952,0.96752725038014753,-3.0832695986543128,11.815553730342655,-2.5328737530310859,0.2878330534629284,0.2518893933181142,0.4615384615384616,1,5
0.99163791737085694,-0.10569500738082122,-0.074045973875421986,0.12419761262295292,0.93749932317903051,0.32506918041798549,0.035059860968783794,-0.33154725825081116,0.94278694395670415,-23.01770993347499,-7.5008209212438777,-0.017354610515762842,,0.4874162611102775,0.25,0,2
-0.99667715974294613,-0.072495233600539388,-0.037135971132254225,0.072503048375315307,-0.99736754155206497,0.0011379959028796364,-0.037120711510140618,-0.0015582565871848926,0.9993095739626372,18.01445045464088,-13.811765749611652,2.6374963924258958,0.2583845235255318,0.1655881059783972,0.2666666666666667,1,4
0.95043880655147506,0.30941567644866147,-0.03046332497980031,-0.30072567719933857,0.93975177743945926,0.16257510225239311,0.078931249033617798,-0.14535658212545458,0.98622579664030219,-5.3190452772307664,10.65962795380052,-2.5273942044910016,0.1624836075487652,0.1982592775958362,0.3170731707317073,1,5
0.99316323154138686,-0.10891935850404853,-0.041992485724677529,0.11385437673199668,0.98322563899929893,0.14249394272526036,0.025767739777467026,-0.14630077292170326,0.98890449863941543,3.4758180038755575,10.278947235465466,-1.9961242106225392,0.4371783616876261,0.427854353683213,0.9731182795698925,1,5
-0.729684729739701,-0.67234299696473809,-0.12455958259874894,0.6693880202632061,-0.73955295561274759,0.070576937965284123,-0.13957031744896845,-0.031879778495533882,0.98969884622054127,-25.158338140651853,-9.5911242949386057,0.25972613663092109,,0.3475667802770444,0.918918918918919,0,3
0.22618938260242222,0.97047324792224288,0.083785668614566017,-0.97084750594749747,0.21759724963070332,0.10053137395201114,0.079331477948294649,-0.10408223681497346,0.99139971988402975,-0.79710420954955052,5.1895115082923127,-1.6872197810104386,0.587211542432576,0.313192755353061,0.5851703406813628,1,5
0.24719230309130766,-0.95765873419646907,-0.14759984454473593,0.95267666156497965,0.21238649172095206,0.21748369282286384,-0.17692694481570326,-0.1943752220620753,0.96483943184682208,-9.6309420375564905,15.403605383606029,-3.0817473300374627,,0.2550862757525867,0.3666666666666666,0,3
0.27895579247604757,-0.95739558764038557,-0.074681688590864909,0.95400482009054588,0.26739379343618108,0.13555575412285456,-0.10981106086395494,-0.10906075370421531,0.98795105289351381,-9.6575095726231144,-6.7313399982971065,-0.11133442701175117,0.1718327951953795,0.1853917132289321,0.7873134328358209,1,4
-0.63560649377312151,0.75905507874187572,0.14085372735432108,-0.76743451533850171,-0.64107290739233391,-0.0083541651109365345,0.083956237055977101,-0.11340597358034886,0.98999516939008114,2.5488698084671348,6.5818543083409669,-1.6201705287890495,,0.8492175986927574,0.3934426229508197,0,2
-0.80361477185694163,-0.5876168677261423,-0.094391287823791761,0.58541589911892122,-0.80903338840232752,0.052470958720372836,-0.10719852383359475,-0.013091723109170511,0.99415143880292811,-20.495804541554612,-18.297574163865381,1.7508494892510358,,0.2274769541775222,0.5384615384615384,0,1
-0.6435765948129194,-0.75544419205434421,-0.12293591542087166,0.75353604105474881,-0.65353879812337212,0.071207262122590528,-0.13413650301295524,-0.04680931572687725,0.98985669999280101,-10.516955235813091,3.2338089561715759,-1.6997605565656237,,0.08830055033644912,0.2975206611570248,0,4
-0.88124769448088658,-0.46484528761654947,-0.085564943480436542,0.46302827962338722,-0.88538571119533072,0.041194109774890263,-0.094906866143231128,-0.0033167743105043191,0.99548063053333424,-13.014505463086167,18.029768201743043,-3.4820918815593056,,0.06797429344750608,0.2,0,1
0.82554205228107636,-0.56065142113585431,-0.064422852264516273,0.56284189083759384,0.80965321963313353,0.16634503255601873,-0.041101409147506526,-0.17358469954476952,0.9839608865448064,7.8261238464775591,-12.673219078556407,1.7306482756895087,,0.08819284633103648,0.3809523809523809,0,5
0.69779754524663307,0.71625859652461299,0.0072255624255437752,-0.70934388631456546,0.68958882435836522,0.14594007081057897,0.099548163197129225,-0.10696203169648551,0.98926704533176368,11.396590056157503,-5.9321730051777068,0.88160730464355519,,0.1073040141883482,0.3125,0,5
-0.045237836363890352,0.99896004139933126,-0.0056898021547771398,-0.99155649528437095,-0.044208217702434896,0.12190713739133165,0.12152882300297642,0.011156575416351637,0.99252520169741321,-14.25823875533646,13.71234171116286,-2.8546170190816702,,0.07747394726264963,0.375,0,4
-0.91638960937318681,0.39911799993288682,-0.030576231985517652,-0.40003869343119491,-0.91045148747848015,0.10510534099696056,0.014111257588269305,0.1085491182727758,0.99399092618166396,13.723588762004377,2.9083389692929718,-0.1234179148843679,0.0736060456053414,0.110642610568665,0.5238095238095238,1,5
0.42934078195439707,-0.86898523838926478,-0.24603078752940963,0.8981436140450102,0.38219383247150229,0.21740727442041732,-0.094892262597939578,-0.31431278988024003,0.94456494145016068,-5.402239544056787,14.774681736334434,-2.9045861827894957,,0.0907563429739333,0.1724137931034483,0,5
0.93637293365838536,-0.32573513761113554,-0.13077595053160351,0.35095164277317908,0.86221914275407929,0.36525483474312587,-0.0062188058979755975,-0.38791077581561961,0.9216759498106305,-23.170657935326435,-11.849811330462149,0.6356985948054461,,0.4103277589810881,0.2222222222222222,0,3
0.015624982609303804,0.9850406838127006,0.17161209500576136,-0.99059445052026607,-0.0080836907291556171,0.13659168548139283,0.13593562637112955,-0.17213223166508607,0.97564952739448707,17.039756857106209,-0.70880513540023815,0.63968837408971546,,0.3291589176479087,0.2857142857142857,0,6
0.63122142467849329,-0.76131437188953643,-0.14818886659022024,0.77226252343354607,0.59921186328034193,0.21108230102060455,-0.07190346255157172,-0.2476803788323611,0.96616992398571033,-9.7864698942705157,-3.6839591705515424,-0.68400661487772396,0.2620740824449629,0.1545262869981584,0.4491228070175439,1,4
-0.29830630497878419,-0.92645498517645852,-0.22955284544433951,0.94523595777026004,-0.32012271140217968,0.063643018333955179,-0.13244747090089698,-0.19799649008556949,0.97121318842247562,6.633041358807735,-2.7425423381696921,-0.060121115361792973,,0.5694363703479117,0.2736842105263158,0,4
-0.51812800649168178,0.84254733768232071,0.1471643729079484,-0.85293652576381529,-0.52177929402679701,-0.015673268416333833,0.063581852024843108,-0.13364262826408008,0.98898786443705178,5.7500724621779176,-5.6302223829896043,0.36276812306771528,,0.5309349749354078,0.4285714285714285,0,2
0.92391620982102451,0.38026077440555917,0.042196927357770142,-0.37297239137640076,0.87060435967050231,0.32084208606989684,0.085266831188459832,-0.31216949301813379,0.94619225061711421,-14.532348632799991,-9.2364417741083731,0.34450500199119349,,0.7006786222182022,0.3939393939393939,0,1
-0.7677605602870452,0.64043968929456085,0.01951221268872649,-0.63884518750798269,-0.76747716178764458,0.053438118719441617,0.049199069763705652,0.028562396794899057,0.99838050913653043,-4.591635542711348,1.444719182864491,-1.5023727356070486,0.1843028659105282,0.1873666857703727,0.6206293706293706,1,5
0.86257175275195619,-0.4587600455940628,-0.21332883518397638,0.50579856780258692,0.77215014352725542,0.38464524520613935,-0.01173797952249836,-0.43968554265221482,0.89807507671650533,-16.110103081665347,-10.558767056691117,0.57509863730559119,,0.508067680823254,0.25,0,2
0.95741291108411897,-0.26953846605072712,-0.10348687360460473,0.28554647151435569,0.9369835447666468,0.20130834419425281,0.042705155369529769,-0.22228551944639022,0.97404590115112866,0.63094516406685675,-3.8164817778107452,-0.38806251416611282,0.3687068333372117,0.3775701660071137,0.225705329153605,1,5
0.28335995316827883,-0.92227496219572558,-0.26289927928266427,0.95246808722688381,0.23867080006669403,0.18931664483052105,-0.11185562013073966,-0.30404792928483754,0.94606721586934328,-7.5456545790656024,7.4589116525734482,-2.189329379322646,,0.1062246566169651,0.1886792452830189,0,4
0.60548449593311637,0.79310793644782718,0.066093315305639389,-0.78916679577910176,0.58757503301804037,0.17880533832521736,0.10297715098198587,-0.16042251000816374,0.98166202160331884,0.42716791715577196,-15.657335862364171,1.8382710563395808,0.5936670966057463,0.477944359204712,0.4252873563218391,1,5
0.53680008246964594,-0.8097779493766748,-0.23686566691669328,0.83950383889433966,0.48464703111353086,0.24566350912275881,-0.084136650410203795,-0.33072182863571137,0.9399702634241166,-22.815206341778531,-1.410799260317928,-0.85998320027934194,,0.32985349645529,0.25,0,1
0.97469275714414549,-0.21760546798161037,-0.05120438921856911,0.22327332652717316,0.95897677289892158,0.17467847807288317,0.011092827963718565,-0.18169042172022384,0.98329321152080207,0.52744134235354345,-9.071629284848914,0.6566985562818819,0.2723967355889322,0.2632192795171838,0.725925925925926,1,5
-0.59304818230497192,-0.80155865976405472,-0.076141765293567948,0.79518272940303736,-0.59791572590537811,0.10090198994162652,-0.12640522269235696,-0.00070687502186866566,0.99197843726756396,-9.9942919235421712,4.2783044014252951,-1.8405487327011132,0.1502729691257939,0.09982540334868321,0.6173285198555957,1,5
0.079264265663822872,-0.98819663934411583,-0.13108996215490207,0.98992557994288743,0.062552797090856191,0.12702162709889694,-0.11732230121982765,-0.1398375828063004,0.98319933282695937,-7.339457665866747,-4.0826354661690667,-0.57475418962549618,,0.08887149654211175,0.3299492385786802,1,5
-0.4794498536834233,0.87135893371860607,0.10421826342689673,-0.87381381738752284,-0.48499463712993718,0.035065859433997704,0.081100248739374728,-0.074255037431641482,0.99393608399657007,18.731017931546273,-2.6250256342146803,1.0416057029681338,,0.4691533775802827,0.5862068965517241,0,4
0.21535238381646937,-0.95536090839688115,-0.20225945093283118,0.9710308359511064,0.18753244830235954,0.14809016329864172,-0.10354934290790806,-0.22829173340445166,0.96807046130048369,-6.195011060753667,-4.5652012077115725,-0.5316036452690498,,0.4555929553351226,0.3333333333333333,0,3
0.64027117042545034,-0.76442258305141852,-0.075570780352091693,0.76487630586544164,0.62537885077664179,0.15448472328008528,-0.070831243442861139,-0.15671441389446841,0.98510077019056985,13.24359146849269,-5.436879141190186,0.99998403010797987,,0.06939981188840176,0.2608695652173913,0,5
0.19237752008482112,-0.97216523124959175,-0.13373725328210948,0.97419520185478037,0.17280501134687626,0.1451968895552887,-0.11804490014032365,-0.15821880799334456,0.98032250323453607,-9.070656612394739,10.305523601442843,-2.5245191485574554,0.1898036778470262,0.1350731846396974,0.2794117647058824,1,5
-0.99508121178107345,-0.076711898761685271,-0.062679075844243093,0.08689815105120427,-0.97972766831762348,-0.18050597573708113,-0.047561468692561559,-0.18506480087064253,0.98157471757096337,-13.920030002664056,-11.193108508271587,0.69100279502450956,,0.5430081810802969,0.1379310344827586,0,3
0.9988448440258203,0.010905450118369476,-0.046797956373650175,0.0012373685393577423,0.96774560628617934,0.25192639884079837,0.048035887439831053,-0.25169329087504688,0.96661421510670775,-17.144712028432668,23.762596011744378,-4.2119888690479224,0.640754718734257,0.4931894522698574,0.4827586206896552,1,3
0.52512598474710781,0.85052601098120451,0.029123955565502579,-0.83912264239950674,0.51177520628534368,0.18428057207438989,0.14183050150038484,-0.12120908743157463,0.98244209293380513,-6.4717534116604858,-23.165418778174562,2.8584270980459268,0.1828984698726464,0.1717123720506155,0.5600000000000001,1,5
0.86388997193296124,0.50337527811304894,0.017534131808532423,-0.48414752277606088,0.82028383727715659,0.30452520830247837,0.13890749649846773,-0.27156538013243703,0.95234287508756754,12.416456057142049,-2.7869000436257449,0.54012911877792247,0.7376629753624523,0.452509187740928,0.5735294117647058,1,4
-0.83791373687802262,0.54574186473536679,0.0081477988606101712,-0.54456377818060864,-0.83692386831084942,0.054851892813879109,0.036754061609151442,0.041524158351120673,0.99846125775037564,-16.263065646534553,9.0259737316829192,-2.229836067873082,,0.0785778540676184,0.28125,0,4
0.46713781231847967,-0.8671230481906812,-0.17285798679495826,0.88017606237055956,0.43745232238331683,0.18418893797212416,-0.084097345571433446,-0.23818707970405081,0.96757147101901186,8.2776799262449696,6.288581219700851,-0.98796456215660644,0.1341377624119531,0.1639462931446109,0.2075471698113208,1,5
0.58401331505319065,-0.80099248307708748,-0.13167949686486194,0.80760703525890376,0.55698434432616239,0.19375065619470153,-0.081849400980735038,-0.21949825108541401,0.97217343788520461,-10.687876551684917,15.17562586227962,-3.0541020093217157,,0.127529196803869,0.4782608695652174,0,5
-0.99822756025965731,0.054820162845737395,-0.023162203772939646,-0.055871601025994956,-0.99730786903118129,0.047490826138069007,-0.020496393264288888,0.048700760918604674,0.99860309119745094,-16.125562074229421,-20.420825828305652,2.2551922543797502,,0.2331488490937581,0.6521739130434783,0,3
-0.33966216932554338,0.94010131010598508,-0.028967869546729821,-0.93487081634045111,-0.33407325335493754,0.12004839918876879,0.10318026693125039,0.067857115543311058,0.99234532516968976,-2.1775288777882311,-12.606767257058713,1.2045936601490126,0.1627669491220291,0.1660186100462465,0.7205882352941176,1,5
0.0066517271093559675,-0.99864102921196962,-0.051689934232133361,0.99254942051714445,0.00030455939125120053,0.12184233695501512,-0.12166101412344425,-0.052115276244464215,0.99120260069494359,1.6970084342272485,7.5549054615328863,-1.7934035562473953,0.2315349428844851,0.2207280139539798,0.8632075471698113,1,5
-0.96255076033379083,-0.25065392703364625,-0.10328912161236742,0.26368845988817702,-0.95410352139674826,-0.14196783642828306,-0.06296371893911723,-0.1638873982981548,0.9844676179420121,6.9542166409094017,31.677353612781801,-3.9669994850245005,,0.6131379202416776,0.38,0,2
0.52008724604936618,-0.84785512850834799,-0.10320337959039044,0.84848393774812791,0.49902422097669374,0.17620963158134773,-0.097899253726555641,-0.17921079192028586,0.97892759087640724,-13.187603980460091,5.0908884188889463,-1.8446161753328016,,0.08358320692338234,0.1551724137931035,0,3
0.51855681626088779,0.82736383413417613,0.21579600152960873,-0.84535441063411565,0.45819863025844931,0.27464510855052082,0.12835399772043907,-0.32484319478184509,0.93701768930639995,-7.0657630329295404,15.136869747756968,-3.0364892857755561,,0.1084405264758967,0.2,0,1
0.99860797322926143,0.0060919630533157604,0.052392783750290085,-0.022770360962288662,0.94577125402956164,0.3240343279854746,-0.047577583635517937,-0.32477626612409372,0.94459343132265006,-4.2987362599771837,-9.5943231966396763,0.58167297603429968,0.726345209910912,0.5311988845263463,0.5849056603773585,1,2
0.8414755562088776,0.53946617981683942,0.029918708808808699,-0.53061389749275301,0.81469382473135132,0.23392918529365475,0.10182229662756155,-0.21272097399746037,0.97179319154389066,-25.850637669463737,-4.0622372130647229,-0.51921477562682561,,0.4236543586531057,0.625,0,1
-0.3276928690349506,0.93780040158615829,0.11466381455578867,-0.9378503649275246,-0.33756021752984289,0.080559248671492098,0.11425443793985794,-0.081138809000666931,0.99013252501117333,-4.3865241102889287,10.052996512121995,-2.4041033657824418,0.3121803192458927,0.2258677267814513,0.4615384615384616,1,4
0.15215854282178565,-0.98207198248743577,-0.11127622863643279,0.98057807911628614,0.13590430956430036,0.1414095095757871,-0.12375139838791574,-0.1306316954458131,0.98367725984795773,-4.4692791395032749,5.1533970806927707,-1.8841049699888406,0.3457077926078388,0.3081105981844055,0.726998491704374,1,5
0.19215893025147959,0.98136109807702776,0.0023109966806573539,-0.97338303510841606,0.1902959858920234,0.12772198211941144,0.1249016112295412,-0.026792404416808413,0.99180731726370674,-5.0911233445645019,19.47834876213124,-3.3900073802524964,0.1567721398589761,0.1564305787111673,0.6976744186046512,1,5
0.94293389539551398,-0.32730177836478586,-0.061230832049642712,0.33295068550892126,0.92433350598091779,0.18641730268450074,-0.0044170050240286297,-0.19616604089463097,0.98056074491402345,-1.0233619715314217,9.6664845964154527,-2.2418911801003558,0.441123675016507,0.3831439753701103,0.9182389937106918,1,5
-0.95069691917860166,-0.30282935127000032,-0.066856202956102562,0.29899249573778602,-0.95226197269890933,0.061649191755226644,-0.082333804459692003,0.03862019369414775,0.99585622721466216,1.7209086341192561,28.689793894243461,-3.9859306380684418,0.2631610041379934,0.3151383365550459,0.7941176470588235,1,5
0.20067203936802691,0.97037584811749755,0.13454161440284867,-0.9758574744340065,0.18591325814589577,0.11462307811631935,0.086214396751119179,-0.15429508688168023,0.98425611705338933,4.2773901761833368,22.462560731052829,-3.1746872808997235,,0.2572823009691358,0.4,0,2
-0.89239007631353695,0.45100835798038336,-0.015212255879964479,-0.45126463390383625,-0.89191434472713194,0.029138151238658035,-0.00042647949026875328,0.032867350088025091,0.99945963170777186,3.9899009796889842,-22.419707243414436,3.1166910483715013,,0.3424687395340375,0.1481481481481481,0,3
-0.43968887362047188,-0.89041398633094826,-0.11762919433793298,0.88919086813386983,-0.45000600568063603,0.082669189415979519,-0.12654364639007501,-0.068246082653804802,0.9896106192643217,18.29302401021322,-8.2117217131769955,1.8876578662545633,,0.1280157518149195,0.2857142857142857,0,5
-0.021965511705152461,0.98403583649402371,0.17660970752209063,-0.99251392112890024,-0.042691538040860039,0.11442704638782528,0.12014005435684856,-0.17277414469536048,0.97760700808858803,-1.5707441242794626,-14.481540063520406,1.5349313487214928,,0.6330138491270422,0.6666666666666666,0,2
-0.45548861104473787,-0.88598278731499758,-0.086974857229455846,0.88066542822390159,-0.46272473391468133,0.10155896885455366,-0.13022491597136179,-0.030336796223994978,0.99102025713661179,-13.883457826945651,-15.320512977891312,1.4329031972469395,,0.07966003241913211,0.5294117647058824,0,1
0.99653351161718773,0.072749526008785884,-0.04035426482309043,-0.064942941987425937,0.98344296442212231,0.1691814115517572,0.051993985324583145,-0.16597422147467419,0.98475843905799632,3.0304591261225657,-20.700493273166376,2.8180831359479375,,0.1093244086717529,0.4117647058823529,0,5
0.69055412071408562,-0.70965800588067873,-0.13971585827762933,0.72050555802379523,0.65804260720602736,0.21875024104744056,-0.063298872198605416,-0.25172493279560643,0.96572657154467478,-10.22792624591697,-4.8573163379467834,-0.45395434128943984,0.5192230622490209,0.1529412670167843,0.5217391304347826,1,3
0.91843129141140478,-0.39209410769630193,-0.052403947048096797,0.39550853678494441,0.90764360495996721,0.14055633641179827,-0.0075472038935794541,-0.14981754598549224,0.98868485506164849,-3.7316071714407713,-5.0831348371718592,-0.41279805182494678,0.3901205526833791,0.2947399626288427,0.5433526011560693,1,5
-0.98542958133816405,0.16960812807335116,-0.012713108004972908,-0.16994082421932871,-0.98491164519393704,0.032698125711262675,-0.0069754202273117081,0.034382176382946682,0.99938441525762556,24.28676687226972,-17.508449359652033,3.6914618015428435,,0.3237415425310793,0.4090909090909091,0,5
-0.44073246108872294,-0.89468791002081494,-0.072721670809079458,0.88825272110170761,-0.44637541946377923,0.10842549678902917,-0.1294681474266548,-0.016808585934631207,0.99144110780257066,2.5356306994724522,-12.884574608181385,1.4795657324286369,0.1840858210140952,0.1572284699991138,0.4482758620689655,1,5
-0.061073446195582734,-0.99557178130630519,-0.071462314798679788,0.98904632566062178,-0.070001035268569906,0.12995083977624566,-0.1343778250568832,-0.06274299425369162,0.98894181669351144,-14.236224125645576,11.443575526364942,-2.5602745465419541,0.2799811304389017,0.1675915222784292,0.86,1,5
-0.88796744367313252,0.45971646614182965,-0.013213240884486782,-0.45938538263242334,-0.88522844946122137,0.073045619226242656,0.0218835371972981,0.070932101495382024,0.99724106803580082,-16.7349784345502,18.789751730390535,-3.5069223003191028,0.6409597510596787,0.534296331076883,0.9347826086956522,1,5
0.8729707515713826,0.4866309268201473,-0.033352780439712383,-0.47827301744600659,0.86739506679572131,0.13740712820497233,0.095796595367407839,-0.10400066903924465,0.98995296512278919,-7.4089218939122059,9.0380741066910293,-2.3774071357028803,,0.07043839785390062,0.2602739726027397,0,3
0.073099451430985882,0.99439928821402113,0.076331682805624176,-0.98496030183034078,0.059967085260343014,0.16204058906232072,0.15655565789448195,-0.087028755505454844,0.983827384095604,4.9714379998066436,9.5894525281995495,-1.7868841051589741,0.532039902327971,0.2287890845549755,0.3802816901408451,1,7
-0.99386120065084771,-0.036951722770432974,-0.1042807941336882,0.042827190600090027,-0.99758519710799476,-0.054677291962085733,-0.10200855643601255,-0.058807692484067663,0.99304376022335517,-21.913253941037532,-3.7394219343320478,-0.50152513433247636,,0.5963841101207648,0.7681159420289855,0,2
0.98938066162292182,0.14469748132725868,-0.013731179998051559,-0.13216153843666842,0.93491773395500999,0.32933593562574304,0.060491604083907934,-0.32402387201250815,0.94411296792353139,-5.6118426400847428,9.651737162904281,-2.3885465155232057,,0.09852656998010387,0.1384615384615385,0,2
0.83383565876067933,-0.52108788324576649,-0.18216891094143908,0.55192223122038919,0.78101675772740109,0.29222367261001414,-0.0099972428124416764,-0.34420959034202375,0.93883960986567061,-13.794698868098477,-1.5230564009567589,-0.92715847301085441,,0.2361628222344111,0.2153846153846154,0,3
-0.83378576806310034,-0.52511181231722737,-0.17046664641607767,0.54528416327940632,-0.83159748704893821,-0.10540778344396454,-0.086408762588668073,-0.18084027233669203,0.9797093046659745,-1.6138619643082746,26.874738032466368,-3.9960781709208213,,0.2376950392449294,0.1764705882352941,0,5
0.17240363123840688,0.98384843198206451,0.048158600708959394,-0.9784685462220627,0.1654189088902035,0.12343374188469651,0.11347375022398246,-0.068402101342050187,0.99118356551251263,19.534007866940204,0.30858457954155327,0.68054497628943333,0.2411364666975553,0.2934574974115199,0.2,1,5
0.97610642494721889,0.21708792809754476,0.0094381487101880025,-0.20902534047868687,0.92621360887024806,0.31374632712005029,0.059368798324788939,-0.3082226179531084,0.94945993257620087,17.84638821045456,-0.072745177568460495,0.62263792228207726,,0.1670596910648718,0.2222222222222222,0,5
0.6564359061254943,0.75059667552273857,0.075475372429776186,-0.74279735082614895,0.62564627265136719,0.23836702188663905,0.13169660874470393,-0.21253557869604625,0.96823790001914323,-10.701706327768319,-13.877215204706776,1.2096980286877241,,0.1323209378681377,0.3684210526315789,0,3
-0.85584554852045824,-0.50547549309859063,-0.10964909007580509,0.50757123743151977,-0.86155234089863952,0.0099500162969332062,-0.099497919626247017,-0.047139047177580329,0.99392055729884077,-19.207364340510974,12.993605140181444,-2.7636616985323466,,0.5629658987990234,0.5476190476190477,0,1
-0.87014876202211844,0.49006376597638374,0.051755552633679661,-0.4915499727055464,-0.870603837412811,-0.02067807087867116,0.034925009442374026,-0.043433438260527063,0.99844568212613249,8.5466167628009551,-19.668931770261217,2.9204758903087762,0.488703709987784,0.4634564017142164,0.2352941176470588,1,7
0.59919549088183632,-0.75641664475781101,-0.26229491653520909,0.80060145685152106,0.56671325356110913,0.19461088234064813,0.0014390948887376817,-0.32660365547788811,0.94516029393663359,2.5784216668019031,3.8914170575067484,-1.2872869201367088,,0.2625550052049266,0.2857142857142857,0,2
-0.5639307328691131,0.81584916716911293,0.12795415176995917,-0.82186114674525135,-0.56960550290076351,0.009686409848276548,0.080786038374743324,-0.099698081699865396,0.99173278079787264,-21.988865425367699,-13.782026791869811,0.98314200644964223,,0.3942073424643414,0.1,0,1
-0.34918292540331997,-0.93235417172578927,-0.093738909062870468,0.92773874426210645,-0.35804806390159188,0.10536795685259999,-0.1318032890399527,-0.050172526364925578,0.99000535887257268,-21.238234784001815,11.552669068610275,-2.4646003892615349,,0.5120563496961977,0.6153846153846154,0,1
0.42618272354630204,0.90462987876526502,-0.0036150512856805948,-0.89556049218338407,0.4224679425746875,0.13961462078509243,0.12782680075364009,-0.056263842224402567,0.99019931784829884,-5.6673893234626762,-7.2007342644120156,0.037842032490979068,,0.07858791209231279,0.3647058823529412,0,5
-0.56357637911333114,-0.82121137589974136,-0.089406604892263791,0.8150496792298888,-0.57041074792596314,0.1016149547940632,-0.13444584520453989,-0.015603036351870044,0.9907980924304608,17.102716990451221,-5.5067237245882765,1.3433771274606265,,0.1849707304765683,0.125,0,4
0.66483521661245104,-0.72695415566863808,-0.17184816061853178,0.74431603358235765,0.62523854621163932,0.23467083858754606,-0.063148847211185632,-0.2839267790949862,0.95676423804856159,17.491009962426617,-10.330704693930297,2.1331567173146389,,0.1968811764053527,0.125,0,5
-0.99700585068068182,0.069981794234415431,-0.032891977505520392,-0.072242639961307392,-0.99467621349019009,0.073486265983791349,-0.027574166894262314,0.075642440419063428,0.9967536739473486,-5.8813186111619737,20.314240641832573,-3.5243180618394727,,0.09320457129745294,0.25,0,2
0.82280332187938221,0.56702651876310017,0.038413806419740217,-0.55815088033291294,0.79349092688140443,0.24256904942816465,0.10706207679588406,-0.22102731952473401,0.96937332113890107,-8.6930399481512772,-9.5508194367911443,0.41961758131520871,0.300710688801767,0.1865814056270837,0.6596858638743456,1,5
0.99722019582042554,0.072864390399779599,0.015577601212680295,-0.073732680568958375,0.93485983548580354,0.3472759418842209,0.010741176098953305,-0.34745916106375063,0.93763359503000221,-13.560484133008742,-9.2795479928619891,0.32655596264840359,,0.5608174926220904,0.2631578947368421,1,2
-0.9920512846425048,0.12040462690996376,-0.036564661325243608,-0.12317596124856101,-0.98860422415074101,0.086541149529027833,-0.025728023819375081,0.090357145871176034,0.99557704623015797,-17.303482674790438,-0.18093229608895703,-0.9605022761297447,,0.09089281712416593,0.4,0,2
-0.99286513548167299,0.11514633056321982,-0.030986211494566623,-0.11544464527381103,-0.99328161045523999,0.008011005495560386,-0.029855596168294231,0.011531040251063581,0.99948770802254749,7.8807675066970679,14.806301862047135,-2.0641023712074458,,0.2040044046257014,0.375,0,5
0.92990436568247825,0.36634611237068782,-0.032686337138805997,-0.35744015830869702,0.92107784260112402,0.1544413840183802,0.0866856615186265,-0.13193230771930958,0.98746111936973779,-14.230040657542197,5.6922598534728079,-1.8650833347902811,0.4401002932274954,0.4182927387608375,0.9624277456647399,1,5
0.54455345992775006,-0.82930894769548236,-0.12533235237929205,0.83174216189637795,0.51471180726122001,0.20803060253200048,-0.10801159847282503,-0.21752798610316654,0.97005931254601374,-17.005436926356026,1.8146952881436145,-1.2130486576034902,,0.2126640190868377,0.2941176470588235,0,3
0.98877925550506451,0.14929600647189581,-0.0051270200306215838,-0.13823850206235186,0.92747578658899399,0.34738851713705815,0.05661890523851483,-0.34278180777671174,0.93770727406100551,8.6827310985764434,2.5764807921559578,-0.55417080684403652,,0.6195876715767257,0.1388888888888889,0,4
-0.95950864603000319,-0.27529423447319584,-0.059634240663293821,0.27678346276670607,-0.96076025666529496,-0.018183617662829471,-0.052288363261264209,-0.033953109993838361,0.99805466452955582,5.3253067928200908,-9.3366989795924908,0.97508712573773038,0.8837722596154662,0.6702831319294595,0.6145833333333334,1,5
0.33596929505903267,0.9418692464878391,-0.0026372898906676188,-0.93428770964799168,0.33361695545975834,0.12572272121805356,0.1192942093240381,-0.039774986488903069,0.99206191443455827,10.81965000013976,-12.486152219280582,1.8658744997038972,,0.1308021211587251,0.4285714285714285,0,5
-0.9882300352555915,0.14728706041030784,0.041326979739908939,-0.15113451174084286,-0.9818182526256034,-0.11485328977466761,0.023659179605166999,-0.11974740350795531,0.99252244436763926,-7.8930292470929944,4.1136108171623347,-1.8447676187966813,,0.2827573105864412,0.3975,0,3
0.95935775026395609,0.28207017213238034,0.0083141446758676178,-0.275628785289253,0.93031836193707884,0.24194321268157606,0.060510162191592207,-0.23440171380755903,0.97025478964838274,9.5036365006275734,16.559059251097249,-2.1123591799532431,,0.1459450016989074,0.3571428571428572,0,5
0.79835975455825148,-0.59633749428355087,-0.083685693002471653,0.60091819002321478,0.7799605630534322,0.17481089491389321,-0.03897475081269175,-0.18985023832744785,0.98103917139230445,11.452662837429083,-9.3139249841045775,1.4576866664363988,,0.1096428291645534,0.4358974358974359,1,5
-0.46282723543968252,-0.85875098989831533,-0.2198583350340034,0.88030361544834268,-0.47441071722951317,-0.00012651622370997095,-0.10419450448001907,-0.19360064237094424,0.97553180189562294,-18.352042287007063,-4.3458237537738684,-0.40345286525728852,,0.1822966227465898,0.2307692307692308,0,2
