axis_00,axis_01,axis_02,axis_10,axis_11,axis_12,axis_20,axis_21,axis_22,location_x,location_y,location_z,dbh,dbh_approximation,score,reconstructed,number_clusters
0.46349205341390354,-0.8578956961832287,-0.22178839214994225,0.88301641782546658,0.42630984477101602,0.1963209670462974,-0.07387233767009288,-0.28683599969600349,0.95512720985508015,-46.588757663766927,-1.8736854346694778,-6.2065489702414061,,0.2233830511109789,0.125,0,1
-0.78035688327314512,0.62439888156960477,-0.034193148770630712,-0.62533426275066828,-0.77922779912919171,0.041965424987187937,-0.00044108763524233053,0.054130155725841185,0.99853379095691874,-11.099609027983309,-14.401567188931029,-1.0340966758120842,0.186511950566842,0.1740968787180924,0.1578947368421053,1,5
0.020047855866331735,-0.98896931456990478,-0.14675754942862387,0.99058354157641348,-0.0002360195269276281,0.13690942791755467,-0.13543386073317099,-0.14812035354371494,0.97965199445159734,4.9707480556630301,-8.4781308164521096,0.30890337566498,,0.09458261932861535,0.4065040650406504,0,5
0.19039783468916233,0.9798991924121202,-0.059550291819202149,-0.96936810667209417,0.19724582549986475,0.14635422129148165,0.15515842971826399,0.029860626801034091,0.98743820295470208,10.049734505726938,0.13478749870647344,-0.19091209430171616,0.5682385016997418,0.5015665972948437,0.9407008086253369,1,5
0.6422869945219345,0.76334214020357249,-0.069110011267617358,-0.74590387201910602,0.64325601265987442,0.172768966784619,0.17633726314901749,-0.059417835422952987,0.98253482913267032,-22.818646172618823,2.3200202031424744,-5.1720236979310297,0.421184922814503,0.3995456354849591,0.8705882352941177,1,3
-0.99455600137314393,0.026398714898320966,-0.10080410698171369,-0.035910646465986705,-0.99494847801684494,0.093744074812007458,-0.097820169714934208,0.096853672845594735,0.99047997478659855,-11.313587388348829,-10.651810472748032,-1.7192110474103486,,0.09068729185723406,0.2321428571428572,0,5
-0.70896012530081776,-0.6772667530966846,-0.19668575414432651,0.68349886715617725,-0.72856127955528704,0.045030662098007442,-0.17379539501859861,-0.10250954630002349,0.9794319545469673,-18.321604265642303,-18.470205674683303,-1.3572410283745944,0.3300480199438863,0.2585390218407974,0.6571428571428571,1,4
-0.49821985615118947,0.86533577098264636,-0.054506682109242713,-0.86440023994764015,-0.49080274372681271,0.10920115351357651,0.067743635237203476,0.10152177208905716,0.99252412045085681,6.5260202047779385,7.6717050689036101,-1.8396917410330649,0.5284157214421256,0.4871891548150929,0.9050925925925926,1,5
0.78811767668060617,0.61166538006181559,-0.068818533385988215,-0.58878782643715144,0.78175129073907046,0.20541133091242125,0.17944197709281562,-0.12136878619164003,0.976253140632792,-6.9083734106110724,14.856200473179694,-5.3868535996735778,0.2129388190710739,0.1475226313138464,0.4838709677419355,1,5
0.94260695387325533,-0.30829721245992164,-0.12823790118067657,0.3296995077128177,0.92011628320279204,0.21138651801618197,0.05282390674409318,-0.24153437472650124,0.96895344609623535,-28.66188554698412,-1.4304584769808881,-5.0783849712910678,,0.2268546281607494,0.4857142857142857,0,2
0.95192411954749501,0.29722632410513244,-0.074141640679690909,-0.27268660128658079,0.93245238103922901,0.23701176041083913,0.1395796837025329,-0.20539977934073411,0.96867354797386629,-6.2623600665219916,-14.32446799331907,-0.3794602713281609,,0.08320229437133685,0.3636363636363636,0,3
0.91133853507482987,-0.38587990461175659,-0.14338331041123464,0.41022413255153267,0.88033902712061662,0.23815826334743961,0.034325436049748144,-0.27586209697083708,0.96058412848373009,-5.7710200878051632,-11.420887861585522,-0.7370073378335974,0.353639970054748,0.3242912730331111,0.8208333333333333,1,8
-0.73709314535436277,0.67228460703898907,-0.068753925051906362,-0.67557757502119742,-0.73047906669689655,0.099976363437104546,0.016989267202836007,0.12014050214670238,0.99261151743461451,-0.23110126663450095,-9.8219175344821306,-0.27657705747595129,,0.3205616795394149,0.8851774530271399,1,5
-0.9944834956936377,0.0071070214723399985,-0.10465212390942781,-0.013668347773557516,-0.99797549341233083,0.062113531678335367,-0.10399881279179887,0.063201303738183903,0.9925672985463958,11.533214619124696,3.5603333028289379,-0.51413521571382392,,0.08052621922828254,0.169811320754717,0,1
0.223278742155258,-0.95383678661856819,-0.20085314982526759,0.96438291895680139,0.1861834516286735,0.18788642304326922,-0.14181744929988924,-0.23565039111531105,0.96143471137736447,7.7335653150117265,19.306777779785303,-3.4424213590636525,,0.3718630306155237,0.3888888888888889,0,4
0.87933035298079754,-0.44776513167224952,-0.16212500481171549,0.47557920894837985,0.84325197385057482,0.25050054812942529,0.024546819400870275,-0.29737601694763877,0.95444484293313603,-3.0459753299341203,-21.200377172921481,1.0923755610168302,,0.2993812982035862,0.2181818181818182,0,4
0.069899590630397759,0.99661680101902594,-0.043231922884668122,-0.98714355298688339,0.075349868857739769,0.14096099836321252,0.14374161897702065,0.032822997878385531,0.98907077491155349,3.2346212801099425,14.880992462959348,-3.5417132856531888,,0.1092409008561854,0.3050847457627119,1,5
0.95402990971797064,0.29560905537273047,-0.049418799511544945,-0.26389400934029789,0.90668584601616864,0.32906037207212735,0.14208055179306933,-0.3008921119198476,0.94301487463697553,-48.35488426488476,0.31237347097212986,-6.6211283675000185,,0.3456378617299583,0.2592592592592592,0,2
0.70060810610252366,-0.69235881991293358,-0.17259068964519986,0.71159614617265865,0.66007655225420825,0.24068624787556653,-0.052718179176219418,-0.29144160590582868,0.95513485117619745,-2.939397263100803,10.534590270470957,-3.8889105661905989,0.7362816452696245,0.6809949915035372,0.2469135802469136,1,5
0.16326342158896653,0.98620882095114482,-0.027151733816006465,-0.96120752913821383,0.16520563693442528,0.220878209547931,0.22231765809101234,-0.0099628812721378555,0.9749233815524605,17.533914279738283,-4.1480849726389755,1.3947209734836494,,0.1695317901205496,0.3214285714285715,0,2
0.14276336192395039,0.98588621296846868,0.087447112993290152,-0.97949989508401603,0.12804466685897983,0.15551372550155487,0.14212170144834049,-0.10785610028024822,0.98395552928461405,-12.85797100334279,11.17700883379575,-5.6731083844841361,,0.1497008858084132,0.3333333333333333,0,2
0.8716386394602017,0.48867370825405965,-0.038001171839762496,-0.46308790323432475,0.84644140320051298,0.2628431943687789,0.16061032369684611,-0.21150640134325283,0.96408991598959382,-22.44833636937209,-37.802398572455871,0.99710968954724621,,0.5468297294325597,0.8205128205128205,0,2
0.99062412301472591,-0.080299321393802983,-0.11052540832314726,0.10161473150506581,0.97384189314733616,0.20323979308286153,0.091314255417525428,-0.21256525147564856,0.97287086533755152,-23.256397661497104,11.460982403214398,-6.5585993202763024,,0.4976542315477172,0.4285714285714285,0,1
0.98980341567368824,-0.072776487333967826,-0.12244501301412226,0.10103412965879691,0.964656682905773,0.24337129816254036,0.10040569189438001,-0.25326086751916393,0.96217338874999625,-24.650516748991482,-12.068074506395201,-2.8378069800888786,,0.2021957846706779,0.4146341463414634,0,3
0.59115629476923859,-0.79258349189545818,-0.14948459295027233,0.80501637558817685,0.56835498170089283,0.17006248795855702,-0.049828407455804899,-0.22087105548392083,0.97402931509264068,2.1082628892225599,-4.5102512367224374,-0.69653551314309003,,0.07635565712938311,0.2692307692307692,0,5
0.060307862944129292,0.9963209123730401,0.060890075014449527,-0.99371278075424607,0.054161527729111841,0.097986929126862909,0.094328527141985599,-0.066416628055042351,0.99332319034895311,16.050300645868177,16.398613242976786,-1.7641345161709092,,0.2892664516069398,0.574468085106383,0,4
0.62518943922207881,0.78005775890427942,0.025456980543966549,-0.75987823484603245,0.60092477251912513,0.24794048878736122,0.17811017178269367,-0.17435398058567758,0.96844073446002299,-16.177897105362828,-18.229675111348335,-1.1456957814205635,,0.3679914516730667,0.2307692307692308,0,4
-0.63694367576187838,-0.75841443335150349,-0.13824001298851904,0.75129251232966043,-0.6508697624563099,0.10921590194406104,-0.17280716080167291,-0.034294308626730295,0.98435846396090909,3.4060721188742611,5.165744800456932,-1.9893922609431378,,0.1420187116166196,0.5414847161572053,0,6
-0.72835144387088446,0.68516263623718521,-0.0075057388514946444,-0.68458069100474661,-0.72717846634349914,0.050603908838932295,0.029213895917184325,0.041995713957804263,0.99869059687898998,-19.00202829444261,-1.9818846730110262,-4.1169693448844829,0.4849751817863815,0.2032030279267244,0.5471698113207547,1,4
-0.32407150698041098,-0.90236386715669159,-0.28410756697677952,0.93133098711969564,-0.35704714579517738,0.071693291946802143,-0.16613323205818142,-0.24136442763907257,0.95610823774108589,-11.599897997099868,-11.984660961627554,-1.5214684380363412,,0.2236555222654036,0.3214285714285715,0,3
-0.31514831484591666,-0.93886760990155116,-0.13859708051588729,0.9352484742325271,-0.33204665844992409,0.12270007358583389,-0.16121982227849174,-0.09095398666352085,0.98271844452747681,3.4914547728220326,10.731610213864005,-2.7945499565433312,0.2908471481407598,0.2907412790868637,0.7754491017964071,1,5
-0.028503714190793641,0.99951623490140207,-0.012443249007194325,-0.98696875495318626,-0.02616932319533713,0.1587697807193022,0.15836734203580877,0.016806626431961083,0.98723721682505972,-7.4626964902822923,-3.2643924001634717,-2.3471685403577593,0.2590757336601699,0.2089010504765907,0.271137026239067,1,6
0.98639673642904246,-0.11704613548623212,-0.11541958468939481,0.14102946075092862,0.96330183508315426,0.22838622052507712,0.084452173225063001,-0.24155698436014117,0.96670473969273485,-6.2818801873393735,-2.7943837573413877,-2.1938078326887331,0.4297739371626632,0.43077936579544,0.8566978193146417,1,5
0.32323638493584161,0.94255513047684059,-0.084309343879523713,-0.93204430933115068,0.33251049559050178,0.14397977554357611,0.16374261783979191,0.032040542035773736,0.98598263613971782,-10.317557226230646,-8.4434929256383828,-1.9379040432361356,0.2996769901226946,0.2530854656946643,0.8410596026490066,1,5
-0.23007805374815718,0.97249678270936757,-0.036250473147091761,-0.96650877586505768,-0.22399251791688629,0.12525229775568889,0.11368762183846762,0.063854205321038429,0.99146243756560515,28.498218809220106,4.1312627762295389,1.6427045298232186,,0.1357708437170402,0.4,0,2
-0.96169689378660861,0.25657514137037185,-0.096479434658182234,-0.26687583036072771,-0.95674207092572638,0.11585292784398882,-0.062580952776869703,0.13716343008078402,0.98856958166737741,2.8265814219842182,-9.3219413981604653,0.14123391803685689,,0.08885654551409217,0.2015503875968992,1,5
-0.97513324201163565,0.21521143339141527,-0.05290745941252345,-0.20963368012798186,-0.97317130913517691,-0.094822588195661611,-0.071894926662973993,-0.081373472420300685,0.99408725849715396,12.031641169547436,7.4977212257667656,-0.94130100642630432,,0.3327885008918945,0.3333333333333333,0,4
-0.61377779280505718,0.78494540308558391,-0.084483934769653629,-0.78820463078524183,-0.60319091066013963,0.12204173591723612,0.044836158042960005,0.1414971359137781,0.98892278741069828,3.510185988244074,16.15786764637053,-3.6466801975290566,,0.06981371762064636,0.3888888888888889,0,2
-0.5665035624194924,0.82314143178726051,-0.038883120261145182,-0.82188913160328658,-0.56096020974402749,0.099105491453963704,0.059765952836201508,0.0881012279094638,0.99431695375389517,-25.257325125354331,12.595636480648476,-6.9517948697951386,,0.3339211641284616,0.3333333333333333,0,3
0.77817495220645383,-0.60197715871381596,-0.17907329266343766,0.62779702993013442,0.7375223676428625,0.24886069685140899,-0.017737896419409666,-0.30607884215232584,0.95184090551798983,-3.4450749221398409,19.598933184040234,-5.4783225082595175,0.4149353534510246,0.3248321608105541,0.711864406779661,1,5
-0.20391046577379271,-0.96600130488434643,-0.15894024320370656,0.96555745651067348,-0.22524605800963662,0.13024212654804587,-0.16161472743705238,-0.12690820427717758,0.97865979153257787,-12.948945432973961,2.1079206427637782,-4.0200181180264369,0.350158437766643,0.4383457245335573,0.8835403726708074,1,4
-0.52568718533048064,-0.83598492199744001,-0.15742361122858783,0.8330580793516843,-0.54337658515782228,0.10371173091365048,-0.17224174757067034,-0.076623083304944606,0.98207010111225979,33.008550398986266,0.55930976275679756,2.6773068350846314,,0.268057995114919,0.375,0,1
-0.41256033951003912,-0.89272517920296224,-0.18120629315893003,0.89510290259379499,-0.43421102183378757,0.10125009770968761,-0.16907028133745017,-0.12042650428828709,0.97821914570988588,-21.164033852928675,0.42036718921833377,-4.7248268103114528,,0.07202616153984137,0.3043478260869565,0,3
0.94368308483744789,0.31997906537184256,-0.08411678260276835,-0.30077196094290609,0.93561929202498129,0.18480467499831552,0.13783491176852944,-0.14909707614314946,0.97916883068413019,-1.0359502357880015,9.766731875823,-3.427519780879809,0.1806878208042627,0.08946470027645051,0.3009708737864077,1,5
0.39703419463729084,0.91778158881118821,-0.0063877639224331605,-0.90488705597089147,0.39260057456794067,0.16445122311875726,0.15343814462202784,-0.059512554038065553,0.98636453286136372,-6.5647537489705119,-17.323391680960867,0.023518451376522979,0.8108495710097959,0.4556212289969267,0.7342657342657343,1,5
0.98566239984104387,0.14666200741047158,-0.083425949931209484,-0.12446257156825739,0.96581642753496688,0.22739326415311939,0.11392410551858795,-0.21374958218888906,0.97022286836368943,-40.641161590103607,-5.1756062009834221,-5.2280361676785727,0.4193558666511831,0.3608625717516737,0.8055555555555556,1,3
0.73389168415869499,0.67926617325351146,-0.00067955591583794789,-0.65766588704420892,0.710803909715227,0.24946619601039957,0.16993697932194246,-0.18263424598654968,0.96838326877939018,-23.10219255532455,-38.057716918624408,0.88137920780591705,,0.1990603037894923,0.5555555555555556,0,1
-0.88609602823841227,-0.4395796573727217,-0.14698147354068825,0.43670680596741135,-0.89803907490932744,0.053037586273715409,-0.15530935052936543,-0.017191415301846213,0.98771628561954328,-33.651705416443413,-9.5457845494564442,-3.9307961565183236,,0.2083905546386636,0.3181818181818182,0,1
0.92910918045798008,-0.34672086082816728,-0.12861094609431983,0.36771529903265787,0.90311148970953981,0.22175458509789586,0.039263082482458973,-0.25332643332505117,0.96658374108650569,-22.06797853464753,-4.3207023216545464,-4.2919428350457753,0.4885692188944834,0.4060543312504511,0.8252427184466019,1,4
-0.59753082545419933,-0.77496133217550578,-0.20589280284844436,0.78341793663642134,-0.61895755949214981,0.056105936440396173,-0.17091883801487515,-0.12777508826170708,0.97696482927040817,-14.863938923811711,-2.7078954183754442,-3.5061121161264768,0.6620021270361381,0.1411571276444653,0.3380281690140845,1,6
0.041091176357674453,-0.96771526562652621,-0.24867384240994145,0.98189513686234631,-0.0069505642933574766,0.18929772809539533,-0.18491472475607992,-0.25195010285646996,0.94990930632297621,-16.97598135806572,-16.826971291521474,-1.5074028625918563,,0.2640007504498987,0.3076923076923077,0,2
-0.93658973420762637,-0.32872643027811227,-0.12140265159170766,0.32654383584303609,-0.94441661614362549,0.03803128218639118,-0.12715656903913602,-0.0040235790577445038,0.99187449698122687,-2.3693429036991893,-15.271466027373696,0.28442608382558698,,0.3266527257819127,0.2598870056497175,1,3
0.0010234071587746478,-0.96197213323685693,-0.27314568917249588,0.99104100875232715,-0.035504068128123574,0.12875239849231118,-0.13355400259429404,-0.27083034546018647,0.95331749819719525,-6.6636359887064982,30.547135433015033,-7.5413280401587528,,0.5450150686311741,0.8571428571428571,0,5
0.8359806705001267,-0.53384602817903115,-0.1270619405944626,0.54866056637227256,0.81749961044836073,0.17511701751924263,0.010387562669580505,-0.21610831801263691,0.97631413665250899,21.320802858117453,8.4924272611559424,0.12829464459940043,,0.08216924452444864,0.4444444444444444,0,5
0.60970210666043667,0.7922016240112022,-0.026075429964609802,-0.76873607187469428,0.59901864959601447,0.22410156009013352,0.19315328869188381,-0.11659006968940698,0.97421689716270521,4.6855895914895793,13.767136408291863,-3.1259465217468336,,0.1666514360985823,0.3191489361702128,0,4
-0.99343261004254135,0.049534420332672156,-0.1031406346032932,-0.059585032293763163,-0.99352232613662927,0.096762654958472055,-0.097679441187053753,0.10227281491367715,0.98994898762462391,0.043952048663441941,8.4828733124128046,-2.9828015420727749,,0.07504922877000635,0.3046875,0,5
-0.57410942260117559,0.81871247012689474,-0.010404909382697843,-0.81862008548975274,-0.57370190490222661,0.026968128305561407,0.016109826606556285,0.024000324378517582,0.9995821416554177,25.379143309601144,2.5442103906632587,1.4903609871307415,,0.1098596212644482,0.391304347826087,0,5
-0.064961356424253144,0.99218830002761271,0.1065007016870619,-0.98602069262712821,-0.080232710499472296,0.14603392029602535,0.15343798709132997,-0.095525334096370831,0.98353022051340011,-18.045778028894961,-9.0676767561473124,-2.8518226817580516,0.5635241198851636,0.5089627417630772,0.5,1,6
-0.70493061802848123,0.7085046978637467,-0.033074414144239624,-0.70887490003285569,-0.70219676799339459,0.066453556135393207,0.02385790999631816,0.07029076841685615,0.9972411985101578,4.9321891523242591,-4.802973520624084,-0.2827317395193174,,0.2135587302186001,0.3809523809523809,1,1
-0.27444991840383159,0.95800035210851753,-0.083141852565883231,-0.95531817557078191,-0.26176772355276273,0.13727651776657787,0.10974709887848201,0.11710245200661396,0.98703727894228799,-12.649162604727376,-32.304389388594238,1.5406420098382174,,0.1694484633984448,0.25,0,2
-0.19053419138780919,-0.95536245480970927,-0.22578596469258236,0.96586602145714318,-0.22355665792793183,0.13086347577014421,-0.17549800713040356,-0.19314502488042504,0.96534732032424342,-2.7061511766635,-24.263996007025881,1.5661752869956058,,0.1667056952112661,0.32,0,3
-0.91822407752784885,0.39502039311067005,-0.028695513147949069,-0.39393635759215628,-0.91839246077453462,-0.037005866555466137,-0.040971814887274263,-0.022675471752270776,0.99890296493986674,-2.1097771368891061,7.1269316402422378,-3.15560268177008,,0.09819136487167393,0.2016129032258064,0,5
0.659481226025185,0.75083948145326651,-0.036394856934869997,-0.73171824847370059,0.65227455142105795,0.19780372700997845,0.17225828679892149,-0.10381706343105751,0.97956577113007237,-6.8043455417920367,8.8152407585509653,-4.3522513956610442,0.5098914608161463,0.5495721726080963,0.6910112359550562,1,3
0.95102220113788172,-0.27741717166476781,-0.13636893270968223,0.29998924384518494,0.93470594754732961,0.19060756857176903,0.074587039893343213,-0.22218124242421611,0.97214827521051517,-14.791113654002086,1.3402887680703544,-4.2096080797356557,,0.08503938402470212,0.3285714285714286,0,3
-0.98564128381715699,-0.12707254380946045,-0.11119275266428555,0.11702274633577082,-0.98879456116322517,0.092687607877539865,-0.12172483918782595,0.078344651532950713,0.98946711875679849,2.0515423168010183,7.559521814132383,-2.5323805565890849,0.5202992391256744,0.4622416840591693,0.9799357945425361,1,5
-0.056826449835879561,-0.96053764042111578,-0.272283300871143,0.98797271792073271,-0.093385455548661289,0.12324392616388517,-0.14380773012383735,-0.26200495801836293,0.95429174717715415,4.514253704300069,25.19846530008682,-4.9522383354096284,,0.3899470459496239,0.4,0,2
0.95456724696577699,-0.27424991064834087,-0.1165691105291365,0.29193804301042897,0.93911681398440894,0.18119544347199684,0.059779177507037505,-0.20699419364114963,0.97651413391483088,13.739030340035448,9.658582588904979,-1.0097076938002107,0.1721595585731261,0.1570102325424897,0.2926829268292683,1,5
0.82688741118743292,0.55963819511066326,-0.055338050137534095,-0.53938841800754844,0.8170920714458163,0.20352071466978161,0.15911424744207905,-0.138440013557005,0.97750550837694883,-11.285184817690997,-13.60377774546725,-1.2289066160158941,0.2129951806154762,0.1819080577060414,0.3255813953488372,1,3
-0.41320437078492972,0.90704859422222528,-0.080777445389877883,-0.90665490720377018,-0.40148738349867419,0.12955601157302915,0.085082472975065271,0.12677037749755596,0.9882764007005197,18.614151676063923,4.2601702524583125,0.38489096760330371,,0.08074270100755651,0.25,0,5
0.96276666604806038,-0.24076927189216316,-0.1229247918819457,0.26216808009317877,0.94249122276195041,0.20731182502920503,0.065941220241656107,-0.23181987129924989,0.97052115007548412,-25.646839226088655,-14.275848214244503,-2.6270082661648759,,0.1187382258913527,0.2727272727272727,0,1
-0.29503998638354806,0.95324118697047522,-0.065441927675732509,-0.94971593096789619,-0.285054979090684,0.12955041243235207,0.10483824159426984,0.10037379318691622,0.98941095847008509,-1.2453159524734694,-12.287540130877652,-0.0050347448186971872,,0.2406571600430365,0.1649484536082474,0,5
-0.48358514687734205,0.87372700161997785,-0.052407369327044151,-0.87012997514677359,-0.47337153503180307,0.13708835170322836,0.0949696376253652,0.1118951136636272,0.98917149750056466,5.8654472650524916,-10.372202111808534,0.70480154528365602,,0.1420087665947101,0.2068965517241379,0,5
-0.6729512789487061,0.73514471861034691,0.081846312443595789,-0.73443180911465222,-0.67723351559787737,0.044324746040090068,0.088014168870015716,-0.030282140780558034,0.99565882611859935,-13.871589855504286,-3.1125733698931568,-3.3185486816594874,,0.2777326551939902,0.2207792207792208,0,2
-0.81431081458579369,-0.52741555187894806,-0.24234424458782927,0.55554160908689998,-0.82915962448767777,-0.062191942344575903,-0.16814106524510636,-0.1852758828225563,0.96819493358649811,14.422038763602128,7.450414721849862,-0.57201029261272573,,0.3215038933338064,0.2592592592592592,0,5
-0.15646748496306931,0.98532515320500136,0.068207540718535437,-0.98067542384760609,-0.16319820819323069,0.10789836840210046,0.11744632480690119,-0.050006872568257324,0.9918193754334973,20.817502367330981,3.2221872994964729,0.83129885586032715,,0.09698961441934047,0.3529411764705883,0,5
0.057001683339787633,-0.98477200856754776,-0.16424037030605107,0.9875587290393486,0.03146717325019157,0.15407002857736332,-0.14655567131509337,-0.17097926233751468,0.97431387501969946,31.818257237049618,8.3632267039902288,1.5656222170541161,0.3319696445021418,0.3510859091585221,0.2727272727272727,1,3
0.83326922744459786,-0.52237373181821167,-0.18107478814069661,0.55286738620183395,0.78743936789089353,0.27253787841315308,0.00021878810599085943,-0.32720777222111552,0.94495239347273996,-3.6212063263659044,-30.913937629422687,2.4411860425952523,,0.5361502293806441,0.78125,1,3
-0.60940151853446045,-0.75050347256763716,-0.25568403718615373,0.77344756222275013,-0.63364604353563347,0.016479077744884475,-0.17438078363047207,-0.18771582025912173,0.96661994244111604,0.49269461449933827,3.8254650682490343,-2.1947487408726225,0.1745866730457362,0.099073734899686,0.3640776699029126,1,5
0.77855192562755959,0.62558209936662734,0.050039345056301837,-0.60183197814353118,0.72162808631976494,0.34212742526479756,0.17791899613437731,-0.29647924377014773,0.93832024854418361,-15.199389925958304,-7.2372886780542593,-2.8966603839760428,0.1858729689921829,0.404314593987253,0.25,1,3
-0.96636738539746569,0.24277455522938024,-0.084820939473944826,-0.24886199547496685,-0.96597037662367402,0.070490699342076496,-0.064821166668639796,0.089228621073588546,0.9938996274941565,1.9603861617949689,9.3122433404532536,-2.8634185962676431,,0.1455678865676684,0.38,0,5
0.13204964228561666,0.99044365718068161,-0.039802687381609962,-0.97938525991499215,0.13655713536492378,0.14885113853165613,0.15286400699145991,0.01932642572964131,0.98805823949554361,-6.5473755017573616,-18.668612028909489,0.25971105947843104,,0.07454328439209394,0.2941176470588235,0,5
-0.94100505503254317,-0.31440675549644581,-0.12513144489455932,0.30701574442628726,-0.94874276993457196,0.07502325753558213,-0.14230537262371604,0.032179940880550949,0.98929956652540352,-34.288277687401575,12.686685632105586,-7.6401323433948125,,0.2855752085036571,0.4838709677419355,0,3
0.88705163712957369,0.45660112635917427,-0.068226127497275774,-0.43434123224138549,0.87546914138720988,0.21189968488361319,0.15648350405322639,-0.15833254209502537,0.97490703098959608,1.3594645439876512,17.158016215534168,-4.2269979980349595,,0.2302427084180372,0.25,0,4
0.29884842464368583,0.95429169740497655,0.0041201155221602618,-0.93988144377462102,0.29358249966433092,0.17444823742009252,0.1652649107830248,-0.05600600106034858,0.98465772586676392,12.922359706193626,2.1221969521458877,-0.091203363700407353,,0.08677768802532079,0.1764705882352941,0,5
0.83272037131744303,0.5506332352206067,-0.058136249134482294,-0.52864380972874736,0.82187651676310181,0.21226095644000517,0.16465875509190062,-0.14602065423712449,0.97548216944634447,-12.157096134498762,-28.80930657427422,1.047347177221374,,0.1994575114264952,0.4,0,4
0.99535279385274433,-0.029936641218054935,-0.091523839965976864,0.053226256698224457,0.96309885631584169,0.26383244410233636,0.080248248376092304,-0.2674778317462948,0.96021655274051076,23.663736532503609,4.0222097464059621,1.0509842188206415,,0.1529185764400241,0.5,0,4
0.69319111234035302,-0.70329427138530676,-0.15768084731176105,0.7202367751692913,0.66762879225394955,0.18849610989957558,-0.027295960618456225,-0.24423137306690032,0.9693327431505514,-0.91046100049335721,-8.3751519187019685,-0.55081310461162925,,0.09045144285240958,0.303030303030303,0,5
0.88376567065056866,0.46780724282345582,0.010706210415765232,-0.44855499705404145,0.84043576283608834,0.30408246112522008,0.13325409561210264,-0.27353996437090911,0.95258555200809258,-14.223275509908492,-10.792334012902495,-2.1391413242657991,,0.5488078808762351,0.2352941176470588,0,2
-0.57471705794695827,0.81611253333260259,-0.060503192000389484,-0.81665902728513573,-0.56720492100161712,0.10652047101494989,0.052614983212866104,0.11062960963951998,0.99246801107769678,-3.9976580432546629,-18.192900622756035,0.51717680382607312,,0.07158234958608709,0.3809523809523809,0,5
0.81960809270368562,-0.55203258463341709,-0.15330557679867587,0.5728827724679233,0.79289558263711613,0.2076581904091733,0.0069212270654311469,-0.25802445724678102,0.96611359377581052,2.683549740353087,15.723740073094573,-3.7687349009287985,0.7245754714202357,0.2092704124346516,0.4,1,4
-0.57071940437521507,0.82070461497515523,-0.026894170894149829,-0.8192012077080939,-0.56681053638209677,0.087379615104679134,0.056468953941098035,0.071900979163873363,0.99581198347683897,-13.01303403431876,9.850768210511113,-5.4130054420869671,0.4928426138574867,0.3730400610004419,0.625,1,5
-0.085509003390888849,0.99400515193794192,0.068131991457209676,-0.98798053884346204,-0.093431539331970057,0.12314626394917715,0.12877369764699148,-0.0567829673307668,0.99004698343837894,-1.887707291983943,14.128681895947166,-4.3294720170774985,,0.6061321276984484,0.5176470588235295,0,1
0.66059114992649548,0.74955383366989436,-0.042289278423175036,-0.72901204200955605,0.65390452028313906,0.20236185648074465,0.17933425563412564,-0.10284905825548617,0.97839730987575413,22.833711537501472,8.0119718058275069,0.42335695474005164,0.218917416328215,0.1972534397342762,0.5714285714285714,1,5
0.74519511824164109,0.66353567336603769,-0.066367506503598211,-0.64568965835125292,0.74284063602014105,0.17684076050343853,0.16664063384141503,-0.088928058833368712,0.98199933783331061,4.3412333169553179,-5.9572858786585936,-0.17386977396464479,,0.08881113138995479,0.3277310924369748,0,4
0.4521508968516797,0.89098751429093515,-0.041240948751014084,-0.87552544145044797,0.45218455866157969,0.17024783781602598,0.17033721803886923,-0.040870212694508481,0.984537890517722,-26.086220957251033,1.2094797867401925,-5.2234616418867184,,0.1290594687198843,0.35,0,1
0.49693963593363699,-0.79027128735336993,-0.35850005665688756,0.86513132401184445,0.41888322020211954,0.27583444318397859,-0.067814382336323337,-0.44722269644769824,0.89184812010251657,2.3384989117391135,11.160541207176202,-3.0562825090121009,,0.594214391418887,0.1636363636363636,0,1
0.92729478925168929,0.36361942448162954,-0.088911686331494169,-0.34501312986455207,0.92235600813404739,0.17385434846470529,0.14522504621354862,-0.13053853223730472,0.98074939589764709,2.4801457733158889,-13.566494389888973,0.67828887075625333,,0.08191590502480059,0.3488372093023256,0,5
0.96104797827785826,0.27033504073684028,-0.057495645033796061,-0.24064492521519265,0.92078874260418409,0.30698226571184861,0.13592940600258574,-0.28118865063017129,0.94997691516192539,-35.124424072010889,-17.570195331900372,-2.923412580423876,,0.3058817781606578,0.4705882352941176,0,1
0.52941884972304587,0.84736498175261932,0.041088553847874854,-0.83067802533583335,0.50793870246214012,0.22797432479390695,0.17230699284151937,-0.15482526357303608,0.97279979336832334,-6.288222103611921,-24.006952745963108,1.1234836762984024,,0.633020998506068,0.575,0,1
0.97981090067716781,0.17311882031737685,-0.10000236480263114,-0.15521962687660143,0.97396109782518625,0.1652472310069005,0.12600581870091299,-0.14638870849583685,0.98116913917959903,-0.74843464941296334,16.68276553261941,-4.535962824707191,,0.06621092412810939,0.2941176470588235,0,1
-0.94415054509191121,0.32394866167001884,-0.060307651296090656,-0.32485626068784179,-0.94574661005364258,0.0056355535625598656,-0.055210126739213973,0.024912129058899828,0.99816392828592693,24.000472231466343,7.2999023758951136,0.67416632356381689,,0.09571393297375408,0.1111111111111111,0,1
-0.94214750155062821,-0.31009419754804679,-0.12727793983617433,0.30181034502203224,-0.94997302059431232,0.080385171397461472,-0.14583758418044979,0.037320889458188074,0.98860434464474178,-4.8335036504019202,-11.005230507540926,-0.70244685340223767,,0.07244670069905676,0.3918918918918919,0,5
0.33244440191981578,-0.92186892885283234,-0.19909394176596354,0.93800971408415401,0.30123875669415667,0.17144383263659033,-0.098073930868199946,-0.24374759379549085,0.96486714868056811,-9.1880711089068861,-26.728627604035275,1.1358105048817013,,0.3117919001296047,0.5,0,2
-0.65410172457011184,0.75215185075987046,0.080115712022728311,-0.75449156938953688,-0.65630776660695,0.0016084811198049263,0.05379038607893586,-0.0593945190223856,0.99678427228542321,-8.0026396900408461,10.130629209697155,-4.83803172257619,,0.3166464895613066,0.625,0,5
0.79290521599680508,0.60883677182222029,-0.024881794994666952,-0.59155157160101124,0.7789054186037101,0.20826206329082514,0.14617816725295371,-0.15041321134420263,0.97775651839897793,4.1760518305059353,-14.805100518511908,1.0820150306690874,,0.3466226537370677,0.2941176470588235,1,5
-0.83478018867342374,0.54699923367922276,-0.062720610270518437,-0.5504538511247955,-0.83162162215926516,0.07352574609668254,-0.011941288885409213,0.095902637667247118,0.99531908939205016,-0.87855620635731524,6.2265172621075875,-2.7739870424189799,,0.1004031772262571,0.2958904109589041,0,4
0.9738683694977176,0.21573996818289673,-0.070969465408016366,-0.18822790317362975,0.94156487759428542,0.27933105403394931,0.12708522871961003,-0.25867324447901657,0.95756853396087716,15.958663954661059,19.664690299483773,-2.3046059626817343,,0.3123743080384215,0.1904761904761905,0,5
-0.49811087164298695,0.85684657226615346,0.13303950972100739,-0.86408047105323238,-0.5033127653738646,0.0064187036180238365,0.072460327735159452,-0.11175961617442735,0.99108995005350409,-18.149763648293259,-10.053344505381613,-2.6697503966045661,,0.3373001769554423,0.3493975903614458,0,2
0.66659957913899737,-0.723502574405676,-0.17941300376525507,0.74449589528211513,0.63424944182080045,0.20845504901077669,-0.037025167113651981,-0.27252829280344981,0.96143510785795849,10.078523277267708,13.490527138580566,-2.128363769349499,,0.09728985002835859,0.2439024390243902,0,5
-0.9004468419729641,0.43005861325639172,-0.065154231980007929,-0.43310826759340665,-0.90031471725691847,0.043019047325950077,-0.04015860210656344,0.066955201848577395,0.99694748488687346,1.3842953148817636,-18.299725454036391,1.2411175565539982,,0.1216279950068252,0.2,1,5
-0.67788613172381273,0.7297888810278822,0.088761374170282931,-0.73432948189300906,-0.67792177306969847,-0.034384322310912041,0.035079972053438546,-0.088488749149864432,0.9954592592540501,3.7218520796026748,-10.301741238273657,0.39275141565638289,,0.121137630772094,0.3414634146341464,0,4
-0.83211297578430021,0.55434384988555907,-0.017055545299151032,-0.55440238979881773,-0.83224738079388383,-0.0015123977908865381,-0.01503282131718842,0.0081971492468271082,0.99985339976792065,-8.1957243986098973,3.4980427398844922,-3.5535464885220405,,0.2985798929870447,0.3685636856368564,0,3
-0.43686255730207607,-0.88602664558477529,-0.1552671547407308,0.88301182194862538,-0.45532961967143243,0.11386421627903387,-0.17158446411741404,-0.087359720487536457,0.98128846467788478,-27.721925357802238,-2.3065690903873639,-4.9254821162569478,,0.136834477781907,0.3103448275862069,0,2
-0.82620255455595937,0.56050512629774463,-0.056774485811458109,-0.56243295529343873,-0.82644443302083082,0.025666513763371479,-0.032534745197938419,0.053137581078046947,0.99805705640112519,-18.828443403779218,-20.091900345327417,-1.2002855360615421,0.2577761350062636,0.155456138158472,0.3333333333333333,1,3
0.1917051298914946,0.97798405870812899,0.082439820997254151,-0.97380798386999412,0.17907619267306576,0.14010613037542402,0.12225855276561015,-0.10713961979815463,0.98669850924442204,-0.065482640010349341,6.9420580282963353,-2.7400733248055191,0.3875207448267141,0.2442979163393336,0.1862745098039216,1,3
0.55342437583940229,0.8323269328482763,0.030876157179109406,-0.81484513198939501,0.53337927181888944,0.22701093204323161,0.17247861055781247,-0.15079266974668315,0.97340264004712607,30.913206431032322,12.95989422551771,0.75266812277503237,0.4528697299239273,0.4308130586582962,0.803921568627451,1,5
-0.8184121856274944,0.57307537912209316,-0.042262326728395805,-0.574589371304423,-0.8170275217013222,0.048094523249368623,-0.0069676969234045844,0.063644627633959117,0.99794830155320147,-33.6306538348205,7.5253257475749971,-6.7384346558229913,,0.1910102578207527,0.2173913043478261,0,1
0.15756185362834138,-0.91657944707580508,-0.3675001761624247,0.98006186433378761,0.099523529557186644,0.17197037286422606,-0.12104959462873985,-0.38726887851038566,0.9139856735078109,-1.544025952493133,4.7367499879153359,-2.6747995403228493,,0.2266405270998136,0.4029850746268657,0,3
0.42848490077924245,-0.88470982160625256,-0.18354623765589836,0.90038730070433648,0.40110398783101026,0.16857728102095912,-0.075520848343760605,-0.23749552100933113,0.9684484906105979,2.4801952997031411,-7.7015017692149552,-0.17710065740369504,,0.1081853220485471,0.189873417721519,0,5
0.36570890421134794,0.92946962634791808,-0.048406725536820593,-0.91542578809230002,0.36860158354000394,0.1616431226727354,0.16808516851919636,-0.014801564392434855,0.98566134641438119,6.5361667737011953,-12.098099249429234,1.0258796606530076,,0.0868891213027069,0.2380952380952381,0,4
-0.99211349538610005,-0.062903318837174316,-0.10841579567592353,0.053490677249701871,-0.99471464214230076,0.08764432756934408,-0.11335589847971336,0.081153885840315812,0.99023456165338608,-16.069066030717838,7.0957815025494826,-5.1860290647987846,0.1994426215262441,0.1028990087692925,0.5614035087719298,1,4
0.90694119142438478,0.41427838607433054,-0.076361601144599708,-0.39321347324054201,0.89757317328845843,0.19936289287376893,0.15113186215960048,-0.15078400918047083,0.97694592624957333,-6.2409984361813287,-7.7336223238680519,-1.3918056669289747,,0.2160509531142395,0.231404958677686,0,5
0.74087916960503419,0.67019784443430463,-0.043964819582999373,-0.6461826719317133,0.72912112596737877,0.22545584526299717,0.1831557002676841,-0.13862623483191222,0.97326088818763334,7.0363303712077245,-8.4552621074668295,0.58450644240563276,,0.08610666233974337,0.1041666666666667,0,9
0.97678959182816427,-0.18052399258184801,-0.11529605976995623,0.20115790917216708,0.95804810790691453,0.20415513344871736,0.07360427211548666,-0.22260932379011059,0.97212524917731646,-29.646476772507302,-9.3369001681605042,-3.7927227530308381,,0.1893896501160083,0.3555555555555556,0,4
-0.22769231669311099,0.97342895800567442,0.024336652089201022,-0.96909985792279862,-0.22897335526566914,0.091742399970750135,0.094877153693264674,-0.0026956064936351568,0.99548533862267208,-0.92225032652468586,-17.471188845777515,0.83366744073067589,,0.2067929544651231,0.2,0,5
0.26118389671414671,-0.94904481126576123,-0.17634318332940593,0.95939056863809213,0.23505467552837578,0.15594561975421795,-0.10654909152822954,-0.2099124715727595,0.97189713723867077,-6.2323581454108119,-10.805703189499505,-0.92959906388716529,,0.0784689940025895,0.2978723404255319,0,4
-0.98834531562867889,-0.087604773513471734,-0.12449474178655079,0.092048072379634305,-0.99529079449918589,-0.030387279515810644,-0.12124639972403409,-0.041492626367003162,0.99175484496478639,-0.6805677402363719,-18.645658495961833,1.030071200987311,,0.1550025682687573,0.3181818181818182,0,3
0.1263864944665028,-0.95497119580158718,-0.26843336082863312,0.9851688175545037,0.089176734018077519,0.14659437584071841,-0.11605539597420449,-0.28297972595073928,0.95207857856697675,-4.4042028028087854,22.717599021763636,-6.0473024624826612,,0.1252699009494934,0.5555555555555556,0,5
0.16980241467264598,-0.96512277346496345,-0.19926156706860773,0.97811521787854905,0.1403820142734197,0.15356923722848159,-0.12024042800048164,-0.22097719838896476,0.96783847684746815,16.797453337776776,6.1997785038592976,-0.1465687513174278,,0.08418797115860259,0.3333333333333333,0,5
0.88903815382674045,0.45008820417900214,-0.083855646794141148,-0.43090020137929019,0.88447766351454626,0.17895328774609848,0.1547132104625526,-0.12296288546863061,0.98027748689113547,-23.818592546067823,9.9387722922138888,-6.3868931791566839,0.8821116400619111,0.7172295928973009,0.9617224880382775,1,4
-0.58790074112822799,0.80634568724223654,-0.064647902106161045,-0.80726853966763557,-0.57969031229210777,0.1108000302236609,0.051867363956208223,0.11732763741133706,0.99173786962871924,16.932227115408828,5.0158748043308181,0.047058729471655826,0.5155795811153984,0.4602943926751001,0.8924050632911392,1,5
0.93853478187691863,-0.31936357262944948,-0.13099378490828625,0.34068923590293532,0.91806620012026652,0.20269508315844295,0.055527540438218274,-0.23486455814807072,0.97044079241280512,-13.285574529861709,-5.4826384615682766,-2.8182051577648988,0.08190718551380574,0.1110689649145534,0.2784810126582278,1,5
0.82424193026885628,-0.49812004499389201,-0.26926132503936101,0.56619369710560341,0.73096470357538834,0.38094002084951956,0.00706666431617605,-0.46644080321325587,0.88452418811088207,-16.785534246707133,-7.5819130279555997,-2.9873324940837032,,0.2177843438188113,0.3255813953488372,0,2
-0.92056210472898892,-0.37188240634209691,-0.11945244740123409,0.36218471060158802,-0.927208617903439,0.095427534244773113,-0.14624515972632068,0.044583121680798588,0.98824323853888196,-12.178928680693303,-7.4889054969322224,-2.3083196891973183,0.1267135186153183,0.1082644698111118,0.4967320261437909,1,5
0.73667396492124582,-0.65360027496154138,-0.17354581521145837,0.67617500499873739,0.70815284166098236,0.20324102799984567,-0.0099414295837994063,-0.26706971639943389,0.96362593082593906,-11.589789839377399,0.57837828052184204,-3.5952356368476526,,0.4917695364548658,0.2661290322580645,0,4
0.95384717403855768,-0.26450189615780273,-0.14217705689591434,0.29647333737059245,0.90474753007928177,0.30583568634772057,0.047740222108824969,-0.33387221169837644,0.94140863467924196,21.607213482840336,-2.6910546651271741,1.7196842201324585,,0.5066722038014723,0.2666666666666667,0,4
0.21600338695905472,0.97494264999056934,-0.053191785564917445,-0.9636596215495824,0.22163928495898408,0.14911794378205057,0.15717083259031692,0.019048795033742079,0.98738770135678233,5.2412496925183918,-7.2303207220376553,0.13496040470427592,,0.09383211357674673,0.3454545454545455,0,5
