axis_00,axis_01,axis_02,axis_10,axis_11,axis_12,axis_20,axis_21,axis_22,location_x,location_y,location_z,dbh,dbh_approximation,score,reconstructed,number_clusters
-0.98579893654176709,0.16645057053850609,-0.022241049447533186,-0.16616606438033846,-0.98599707072431131,-0.014093103683271975,-0.024275414753841207,-0.010197258969157269,0.99965329997356867,0.36963564093796941,11.890175854188113,-2.106107578168301,,0.07233943613088707,0.282051282051282,0,5
-0.98045365706101539,0.19647709437238772,-0.010362323227244525,-0.19412685827314224,-0.97461026438502973,-0.11157775518598437,-0.032021699715683687,-0.10738521286624113,0.9937016789786518,-14.254884401929324,6.7312235359313597,-2.5696437310361904,,0.09492739223208738,0.25,0,5
-0.99787246584613043,0.062394842591079164,-0.018905700838634059,-0.057068975132154448,-0.97615570311620037,-0.20943537273126681,-0.031522594809612697,-0.20791086285173629,0.97763970823852964,7.0208727960542872,1.2430636711536311,-0.92471632719276331,0.3159018637810144,0.3059788225743553,0.1875,1,5
-0.99124515967707083,0.12750324269362431,-0.03429222243291194,-0.1278600967282405,-0.99175652404576653,0.008413838440546233,-0.032936743637199083,0.012724783505794788,0.99937643098249374,14.452521159967153,-2.193806555811832,-0.41982706232558681,,0.07280476610368679,0.2380952380952381,0,5
0.642598450662898,-0.75949558157764896,-0.10116171592886697,0.76588470687568311,0.63290224757996327,0.113381483418505,-0.022087258308648341,-0.15033697672981372,0.98838805458592383,-10.256396593429052,19.986814008264581,-3.56619290002762,,0.09076087631070881,0.391304347826087,0,5
0.28565112222113365,0.95683349275956708,0.053601338671103615,-0.95532213231255836,0.27987705072872832,0.095018208724306108,0.075914819947055179,-0.078348603107626258,0.9940314061957447,-4.0933619241567625,17.920016942947299,-2.9834788420742715,,0.08608867416915082,0.3703703703703703,0,5
0.54173731091224675,0.82949414964643031,0.13586810393875823,-0.83727206976172741,0.51827283681481651,0.17426631291456146,0.07413613938209225,-0.20816513234033221,0.97528001646463069,6.632033641854898,10.151909479500658,-1.6620512680153583,,0.1202959076237186,0.3333333333333333,0,5
-0.5513134957732746,0.83414875361067642,0.015788800714647399,-0.83428519184320749,-0.55131173052515281,-0.0048574125318630312,0.0046527464356826377,-0.015850319716548062,0.9998635503484905,6.3178105385123873,3.6350166798004566,-1.1253235717501338,0.6966735851808872,0.5383493546641478,0.8914285714285715,1,5
-0.69287807693614001,0.71936378855428973,0.049352914990857207,-0.72091069886511183,-0.69248321299938587,-0.027472968093435371,0.014413006733229608,-0.054614461737396806,0.99840348847850169,-10.249443830298414,12.838527544323137,-2.7836997907064505,,0.1860890483607584,0.4427480916030535,0,5
-0.83552888547562154,0.54935272049263806,-0.010152340774541526,-0.54944572212262144,-0.83541657156847882,0.013731365187721781,-0.00093807090130946635,0.017051112459458846,0.99985417916158037,8.6201717921555474,1.2081930380783965,-0.85769773642411307,0.159412922177559,0.1556037047347611,0.3636363636363636,1,5
0.99854628019409253,-0.02633523371566578,-0.047029584047525351,0.032112386888311119,0.99142774261481337,0.1266484337922589,0.043291118244709478,-0.12797455465379834,0.99083217168311899,-15.555074354083304,7.3152724057644809,-2.721545044957546,0.3257800765797128,0.2891160762199501,0.9033816425120773,1,5
-0.47789931213324016,-0.81982068171130573,-0.31544618764693894,0.87531614465790097,-0.47458388263194157,-0.092691883394514299,-0.073714953461332652,-0.32041252813272392,0.94440558948567832,15.399588779477332,6.0077539590666307,-0.89454170855292015,,0.404651997851915,0.1724137931034483,0,2
-0.89487799686497316,0.44604147981854037,0.015503838499546589,-0.44630932273046386,-0.89424411217448796,-0.03369653224201416,-0.0011658348116574157,-0.037073792934484644,0.99931185057850835,-8.5774369747419712,8.533505284446198,-2.3861504366947481,,0.1084727490470071,0.3043478260869565,1,5
-0.48737424532501905,0.87319311704865621,0.00035402361380242395,-0.87257404954994977,-0.48704389674869758,0.037453580494329744,0.032876633736883952,0.017944998709811932,0.9992983058003424,17.618187654529187,-8.9683170006045536,0.13326104376008932,0.2716099138247742,0.1397700478799432,0.4347826086956522,1,5
0.81375448016598051,-0.5743578220456752,-0.088976054445800312,0.58112395198089573,0.80142960305876554,0.14144095508435375,-0.0099296749140767599,-0.16680432727005903,0.98594001742503701,-11.453934420518207,11.590658787734988,-2.7740117646105555,,0.08111786843642835,0.2368421052631579,0,4
-0.61592060798727899,-0.78594886725524826,-0.054094202247299522,0.78434873650186987,-0.61819645176944549,0.051285539556358173,-0.073748655611473299,-0.01084089848023821,0.99721793541614567,-2.0319902273334667,-3.245857477163967,-0.96250128847904659,,0.1076184208752896,0.5542635658914729,0,5
0.41611692339732209,-0.9008198222198579,-0.12397723161182207,0.90828035581468658,0.40527387828588962,0.10382619525081893,-0.043283961273135843,-0.1558099209771259,0.98683826801639973,5.3464192197281264,10.234211654577557,-1.7089185282025861,0.3086320589480529,0.2667145244716032,0.2777777777777778,1,5
0.97311596905725917,0.22942168139469485,-0.020273205759902005,-0.22272591104610867,0.95980623528304188,0.17077809947553582,0.058638548024597871,-0.16167152754219358,0.98510092775701985,-7.8246639574565311,22.576044808275583,-3.6148312695845841,,0.120550380433938,0.4347826086956522,1,5
0.75417439989914059,0.65543100353952288,0.040387796869167894,-0.65288551722078791,0.74180655846367027,0.15317810295087789,0.070437745137926999,-0.14189161151900193,0.98737292581902647,-16.895635420910239,-10.808631770327139,-0.8398856954377556,,0.162438691973181,0.4230769230769231,0,4
0.99784674604877543,-0.041122495584013638,-0.051096103147066849,0.047696275718586832,0.9897065768785932,0.13492945181033042,0.045021513551295279,-0.13707600825893096,0.98953687716898653,17.324480148742559,-0.4185559453523125,-0.42878116164211821,0.1606852350050924,0.1562826966997744,0.4615384615384616,1,5
-0.98788000424150424,-0.14197608022008376,-0.062736670816561937,0.14154823065611824,-0.98986760224944181,0.011235141968979468,-0.063696119331774548,0.002218707344629704,0.99796687405935014,-29.258493356887808,19.659124728245398,-4.7511056147492701,0.5666624659309077,0.4984659376465771,0.5151515151515151,1,5
0.92922075506742885,0.36813999295828165,0.031964573148935534,-0.36430153949034322,0.898158605846754,0.24616154668912302,0.061912653608798912,-0.24038316149034195,0.96870158407789586,-17.074164921808279,14.551909459278447,-3.4196519522938531,,0.07350673737580608,0.2222222222222222,0,1
-0.42783485614770861,0.89377829414183163,0.13460199398964176,-0.90202463050897197,-0.43168407572149342,-0.00065170824254639419,0.05752305468438719,-0.12169313739647754,0.99089952996778641,-12.379608506553501,-9.1315490215143047,-0.71474303341025736,,0.4388347066127934,0.6732673267326733,0,4
-0.71669665577669384,-0.68986301244921411,-0.10215149364055606,0.69294200631247649,-0.72095763812735847,0.0071735565418533671,-0.078595670912214977,-0.065643796967531795,0.99474298812986972,21.467241541868315,-1.3144387462417642,-0.21574010258494941,,0.2131046066874875,0.3235294117647059,0,5
0.98778296523906683,0.15486231470309003,-0.017391867878941755,-0.14796921330731452,0.96707092695459584,0.20707229209238617,0.048886864255461321,-0.20196902169387551,0.97817104270126887,16.828273920491295,11.503323086516112,-1.2101251104525756,,0.2182293091239837,0.25,0,5
0.44290104325888413,0.89655057347560119,0.0059778826320738025,-0.89375326952712386,0.44097138332551394,0.082154320017629581,0.071019427551680697,-0.041728986191297744,0.99660169206241966,-8.8173207812490126,18.274688179514389,-3.3369094685863048,,0.1071481926352073,0.5,1,5
0.96031224671394577,0.27745483921258624,-0.028621687733813343,-0.27339544876408534,0.95663328816552629,0.10053696120680079,0.055274925656199694,-0.088721835931924259,0.99452155251787788,12.319229318180135,17.319165490540584,-1.8465184259232481,,0.1450899070664292,0.3,0,3
-0.88255734910498396,0.46935211889081713,0.028303957911990727,-0.47009187011117043,-0.88206445146097456,-0.031239992385290832,0.010303358489645366,-0.040876545372017702,0.99911107933116372,-10.195493071257484,5.5646392005081156,-2.1869288225323604,0.5843076566754322,0.6445849097319905,0.7228915662650602,1,4
0.99819839708021596,0.032111027791592063,-0.050683744540592449,-0.019001238607819222,0.97043726018479426,0.24060439932885619,0.056911448741506734,-0.23920787181695877,0.96929906688438783,-6.8838985754631405,8.2379969567876845,-2.2588012872872039,,0.1560155450523842,0.2567567567567567,0,4
-0.99529218226723526,-0.064060476066691296,-0.072730511642855142,0.074053821990870614,-0.98676391252089368,-0.14426715632811662,-0.062526021513183247,-0.14897394521380455,0.98686233096676934,-15.964783963708143,-12.582329196568471,-0.65228988732620719,,0.436237152605611,0.2,0,2
-0.43285821098773963,-0.88734386469779603,-0.15891706945344888,0.89851223594695939,-0.43893445906832029,0.0035074914107216669,-0.072866528901056368,-0.14127068494765674,0.98728570461661747,-15.247192462950721,-9.3389480402167635,-0.84358818038969297,,0.2200665461149049,0.2222222222222222,0,1
0.025908269467707957,0.99947321455255334,-0.019546226366551425,-0.9977605278868229,0.02706013169016841,0.061169259141481205,0.061665959525459169,0.017917663488708133,0.99793600334435661,-5.5199184641983887,17.029169595738832,-2.9368800595073887,0.2225505217414436,0.2336450816341774,0.67,1,5
0.54332657513706573,-0.81076734630073966,-0.21783604596641962,0.83848026102843776,0.51114775198805562,0.18888839959945078,-0.041798141292538206,-0.28527931192081712,0.95753257363625766,-15.833817554042577,10.58077794725126,-3.0308402822571883,0.1291150896584359,0.1093325482354066,0.2926829268292683,1,5
0.37372369119107351,0.92753997980184466,-0.00043417935612311221,-0.92438098570456639,0.37248939093403438,0.082288801847196502,0.076487880807185049,-0.03035192762883945,0.99660843091900442,-7.034377971729473,22.197613656695587,-3.5209080289868369,,0.15473871778808,0.6410256410256411,0,5
-0.15992251215988418,0.98705533793960876,-0.012105781651608402,-0.98581562147803969,-0.1590650870587785,0.053533713945979076,0.050915130897783094,0.020495314681847378,0.99849265972352219,-11.940716444908016,16.597821217578474,-3.2731799142096372,0.1706888126258609,0.1574951999749545,0.2727272727272727,1,5
0.87174020799201368,-0.47894581485278848,-0.10334368004401853,0.48996651266433028,0.85270762155220958,0.18116988881800997,0.0013513835860566893,-0.20856801907716793,0.97800693002689443,-10.714753048893266,29.651921984374017,-4.4743048641431669,0.3933796202763408,0.356137698994194,0.6129032258064516,1,5
0.77782986892654438,-0.61544692921292454,-0.12730189444032844,0.62846050134899123,0.76031746635395292,0.16417901388813616,-0.004253616095730617,-0.20770755325574336,0.97818172088350885,-3.9451099262413023,-6.3835427226459878,-0.6598195962914859,,0.0686779277591674,0.2608695652173913,0,5
0.79144230199565213,0.61027639777218634,0.034377331688573293,-0.60604760689083292,0.77615417999444958,0.17404306093331495,0.079532262596486797,-0.15857934039258459,0.98413780133014672,11.61350296115973,13.661662424159786,-1.6839320968826728,0.2630761645490263,0.2138732750718057,0.5,1,5
0.17979832565391077,0.9659018075099064,0.18629616298019924,-0.98052690487841443,0.16076718653007166,0.11278696974722484,0.078990827958735341,-0.20294730839382877,0.97599838069235156,-14.826641728469053,19.967230883906367,-3.9345678520015643,,0.4522182798342085,0.1428571428571428,0,4
-0.64407150904419108,-0.76002354401822281,-0.08681073537023265,0.76145755100108514,-0.64783172563713698,0.022281231596132198,-0.073173009101509798,-0.051751983498136603,0.99597562366909376,-8.2435802821553246,16.631189913945448,-3.0630113906092755,,0.08288026593864807,0.2222222222222222,1,5
-0.98385257886752298,0.17458355949118751,-0.039429478960703451,-0.17432993575855821,-0.9846384486965184,-0.0098081010869423488,-0.040536114196386815,-0.0027759870139686797,0.99917421771278525,3.1418889114998083,1.2403750782457099,-1.1198315805102206,0.2917428842391137,0.2432992140169213,0.5857142857142857,1,5
0.71277539124714562,-0.68572095109535991,-0.14743818657781069,0.70128676686873426,0.69309734017078073,0.16677214294655604,-0.01217013752083985,-0.22226752861599841,0.97490975658040235,3.356506876594235,-5.0100989515735082,-0.58027821239857968,,0.08287918505377392,0.3333333333333333,0,5
-0.60996700334953979,-0.76987462059006162,-0.18770541653369821,0.78783156340756044,-0.61464387174021451,-0.039170634804609229,-0.085215506356411619,-0.17177304649887759,0.9814440065398089,1.0726341962458488,15.07957748601927,-2.3625069229689446,0.1741682426082858,0.2324110018318478,0.28,1,5
0.88698413171748014,0.46067509511810822,-0.032211904931385628,-0.4571294449207135,0.8857702645816885,0.080272716220175316,0.065511988733871845,-0.056475615276032821,0.99625231955128968,2.6094451730379631,11.263196112597909,-1.9436911520185152,,0.07979349731517722,0.3709677419354839,0,5
-0.95706856515660843,0.28876733371293811,-0.025163238451992493,-0.28858267125123194,-0.95739447788979382,-0.010763622049898801,-0.027199327980204774,-0.0030398497413769579,0.99962540777582054,-14.840231271695806,11.204025907160803,-2.9863845008820635,0.2315359406786834,0.1952407427100614,0.3666666666666666,1,5
-0.50035829514893659,-0.83254614352480316,-0.23771515596954562,0.86208226022768875,-0.50453265335537523,-0.047549745518802797,-0.080347701126836729,-0.22872192855115744,0.97017035943357388,7.9178591897000565,-7.1618644163696459,-0.2688093321062785,0.8154524194589968,0.6904261484545531,0.6440677966101694,1,3
0.39828083982434437,0.91190372689729227,0.09901497613817925,-0.91478269827255054,0.38694893395953278,0.11594454471329652,0.067416522974767745,-0.13675567768253874,0.98830809824243715,-4.91691943370137,4.5090485363298773,-1.7996889157022127,0.1325174737239881,0.3428242649620976,0.3880208333333333,1,5
0.18046479303353685,-0.94422857231645441,-0.27543576691597871,0.97888451834489354,0.14508285864413276,0.14400022177876498,-0.096008115386406787,-0.29560677825259229,0.95047307927740587,10.961795439338788,9.0318375365552725,-1.3425894642589942,,0.5394438602996519,0.3928571428571428,0,2
0.19831218568035822,0.98002964537631754,0.014634588967520764,-0.97817234062238412,0.19694685932341494,0.066263162043246893,0.062057626864114424,-0.027455942639294354,0.99769485423238591,-11.777386720109947,9.8382230590501329,-2.6920248352863236,0.443897552907928,0.4106768842522736,0.8705882352941177,1,4
-0.051318986664550814,-0.99282497977501571,-0.10800426446425408,0.996701870904242,-0.057724213893158738,0.057037668837374364,-0.062862883673188111,-0.10472093709071621,0.99251286298522823,11.829391017771318,6.2585219169816737,-1.0578696409732886,0.2827910367887415,0.2184760615284489,0.6,1,5
0.56296678854012727,0.82643747469475115,-0.0083363913643249143,-0.82315265371779278,0.56157624736328715,0.083975157485561794,0.07408173646839096,-0.040413102052824008,0.99643297692534083,-2.9970164861260362,8.6988422331684614,-2.0437244962520302,,0.07447823492530066,0.3409090909090909,0,5
0.76666303742516628,0.62473502327709185,0.14810110646780936,-0.63805957605578123,0.71567526304263018,0.28405790830811023,0.071468625630655244,-0.3122740279943777,0.94729993507369747,-23.480973830631505,13.266710966157889,-3.7428849128550454,,0.341499425229846,0.2142857142857143,0,1
-0.99896164457887959,-0.02812126470256265,-0.035844485374870165,0.030146366230011813,-0.99790357110326322,-0.057268310455967877,-0.034158882642540807,-0.058289426578784546,0.99771514646502657,23.728364523917417,-1.0288834282175197,-0.17344954407581606,0.4509901450212179,0.4587386486341298,0.3043478260869565,1,5
0.99343323097733482,0.10718353251343414,-0.040026315692001067,-0.10298369537332958,0.99010480231167697,0.095324912413333004,0.049847508234488185,-0.090576877829267058,0.99464116902806476,-0.74939869488858335,-2.923503860850015,-0.93772397130975738,0.2618267967399669,0.2199266158483179,0.7465437788018433,1,5
0.93217119576919416,-0.32697318041620371,-0.15538790514947898,0.3615604044051548,0.86243906380016178,0.35422159053039343,0.018191639415175962,-0.38637727743749817,0.92216140872158314,-14.124434330092225,-1.1614099523309627,-1.754652112907058,,0.1931909718360964,0.2631578947368421,0,1
0.69322277959051182,0.72071332892353457,-0.0038046509381074864,-0.71694437829242685,0.69011825003007954,0.098628390488267215,0.073708454682551425,-0.065643723899373882,0.99511706106414055,1.8226776557752902,11.799333976894733,-2.0111412181293971,0.1902947630638444,0.16980186464887,0.6435643564356436,1,5
-0.71027513283793808,0.70373229042780983,-0.016434691395880954,-0.70379216445816695,-0.7094962355390112,0.035939963873938441,0.013631761417276544,0.037093869644461389,0.99921880482477976,5.6844293198729838,4.7586504984888061,-1.2368233846144008,0.3396155239750087,0.1974405228131096,0.3625,1,5
-0.76120853596824833,0.64825802735333249,-0.017974836328655014,-0.64849157111928868,-0.76070544967439435,0.028033926284316821,0.0044996617998268535,0.032996193835708169,0.99944534829876686,-2.3542118465164572,-7.1080330051249589,-0.57397848309692345,,0.08476236164651792,0.2307692307692308,0,5
0.4456530709922078,0.89520561453498559,0.00049801631815631704,-0.89157914668386051,0.44379757339624087,0.090168392722103696,0.080498232984913237,-0.040627842087013415,0.99592640939662758,-12.560839049921972,15.519796876062101,-3.144602555021502,0.1782184087970871,0.1915093977467061,0.6666666666666666,1,5
0.016465767676528978,0.99503993400841417,0.098104068332330083,-0.9979899178859587,0.010350351058222443,0.062521948393750706,0.061196423856315713,-0.098936342976195912,0.99321024851020134,-1.8546649217238886,13.863985433256078,-2.3763248059178523,0.1513202578275636,0.1586298900499425,0.3529411764705883,1,5
0.98074903201521213,0.1946855986070794,0.015127917775675268,-0.18769089487280918,0.91846034929756115,0.34814180264663208,0.053883802604015742,-0.34427910837459402,0.93731981273934784,4.9572337768128385,8.7769212857694576,-1.5777114817483673,,0.1037391376588247,0.28,0,4
0.99354395231049364,-0.076420578710554757,-0.083846943753407774,0.094782219943122262,0.96530559754965006,0.24331344829656804,0.062343769615710816,-0.24968980453526116,0.96631685067644646,-4.7396589450720104,36.037252128485669,-4.5029075557157929,,0.4275057422962403,0.5600000000000001,0,5
-0.990540365631571,-0.12476062460590416,-0.057136420980120568,0.12770503239227002,-0.99049233624947208,-0.051150332674885821,-0.050211639648214443,-0.057963077722002543,0.99705520051039787,-3.5198082538082929,4.9361589643124439,-1.7543846325589438,,0.1598481746543637,0.3938679245283019,0,5
-0.71846301600953522,-0.66163273513668475,-0.21459967013495157,0.6893973298783902,-0.7183491975245696,-0.093304619244444845,-0.092424110398890882,-0.21498035773380419,0.97223517196489906,17.425039770140334,14.892585485371727,-1.4892111438510485,,0.4868536801573616,0.25,0,8
0.32891996300605303,-0.92634641837298903,-0.18355917602678487,0.94426652237384467,0.31991293009123029,0.077565790684100702,-0.013129838540625018,-0.19884172179897014,0.97994366012129408,13.15482513418236,-10.69502153677068,0.20820525977724394,,0.2704229209737074,0.631578947368421,0,4
-0.981890278982396,-0.18019951994803035,-0.058477457625767587,0.18111829885760616,-0.98340236959960847,-0.010767603484689674,-0.055566553418408687,-0.021163942836250463,0.99823065754605222,-2.0858525834451509,23.721027928850965,-3.3626965402657225,0.2047419608810071,0.2417419562996601,0.7222222222222222,1,5
-0.70684625536654921,0.70080298511000683,0.096143368649066946,-0.70667378160270855,-0.69358362988764666,-0.13983531294777907,-0.031313538120349538,-0.16678406522440659,0.98549608721577686,25.481973089451198,-6.5167898449954471,0.15942251031812482,,0.4483338820237894,0.5757575757575758,0,5
0.39406936285215455,-0.88532081262908335,-0.2468124712956731,0.9184955701512556,0.36977167590725529,0.14012421385778076,-0.032790621735769541,-0.28191482121825417,0.9588789332880675,10.654195219488649,1.8318243445747506,-0.81585223652081773,,0.3369633236751227,0.2395833333333333,0,4
-0.83296645635494504,0.55317727215765133,-0.012719597309116938,-0.55332279128413231,-0.83278178013007342,0.017561188141019327,-0.00087819873792769905,0.02166592374229807,0.99976488061712343,22.336790675888544,-2.9530251612638332,-0.094630682888157513,,0.1446235373276727,0.3181818181818182,0,3
0.47635518130050664,0.86794244194948322,0.14057616693782343,-0.87618506358769654,0.45524243869713266,0.15828473190713463,0.073385799675327712,-0.1985704899320565,0.97733529811122499,18.636795966503886,-3.9365371182521609,-0.17208966769954895,,0.5861771383122456,0.4727272727272727,0,1
-0.37900691118843571,-0.89229819651727238,-0.24527064594733788,0.92222685074660915,-0.38611045222813106,-0.020404765183174491,-0.076494424851707474,-0.23392872241820023,0.96923988557755669,-0.17204690189181612,-8.0458097136225195,-0.34829159575321378,0.7765149252390516,0.4882395058719927,0.3333333333333333,1,3
-0.99747848425656116,-0.047459293293542336,-0.052766361683464665,0.053960533286645865,-0.99010644382653301,-0.12952795351041702,-0.046097009584716638,-0.13204864775246089,0.99017080361627108,-2.4736506687976667,24.972334621537549,-3.4579815782383521,,0.2312053355911904,0.1,0,1
-0.93308848368689457,0.35929387439179,0.015930895625427079,-0.35920780733580809,-0.92884640692476883,-0.090631691432675146,-0.017766056396755596,-0.090289889619398642,0.99575705022491479,-0.87065654334789133,9.9297246455843275,-2.0197785467046541,,0.07757020992423948,0.2857142857142857,0,5
0.94828169990031486,0.31643752027243105,0.025082133043344352,-0.31179241501488497,0.91370197377577422,0.26064188661349225,0.059559277810891285,-0.25498235013837656,0.96510967954142668,-14.552821692670555,-4.7865469643641676,-1.3095730943889876,,0.3164783441833555,0.2909090909090909,0,1
0.99549509436250094,0.083208008343623713,-0.045452661612755713,-0.074434018674630203,0.98281075375925186,0.16894555087103383,0.058728987426491693,-0.16480124284318898,0.98457679050097457,-21.137606863362489,17.351332273460788,-3.9599837514693057,0.4994341389709071,0.3325651628221379,0.8846153846153846,1,5
0.50086241170714652,0.84336027794913426,0.19462858504459149,-0.86239152500215999,0.4671442519940236,0.19508230425487894,0.073605041562041382,-0.26555543565610373,0.96128175289565687,-11.631772629411003,-15.648479837091369,-0.12652288603676839,,0.3743006295725762,0.25,0,1
-0.99608819135367321,0.072416014453714248,-0.050638284888076562,-0.074360909894142166,-0.99652084134585639,0.037638648262931472,-0.047736465364350514,0.041256922012976704,0.9980075632281209,-0.84234231983370911,5.4910938349831362,-1.6864934966204255,,0.07413933002774778,0.2391304347826087,0,5
-0.53670284567894411,-0.83961504268652409,-0.083645893710508179,0.84141957461122963,-0.53996692347616215,0.021185396214047487,-0.06295359323486556,-0.059011029868956663,0.99627031645664532,-8.4484996631646432,4.274348003059635,-1.9627279757868137,,0.1107766094472309,0.1557788944723618,0,5
0.95380587590256549,-0.29329865743659023,-0.065040361619813483,0.29994775248892008,0.94189063294916009,0.15123948340125623,0.016902569940336419,-0.16376181822551616,0.98635509327061688,-12.227852075142044,21.050239618194052,-3.7995757639180661,,0.2277411223201951,0.673469387755102,0,4
0.33795357476366655,0.93538267416165344,0.10414717558653527,-0.93841364824604989,0.32644521446788649,0.11319605442132064,0.071883281018591857,-0.1359881422375103,0.98809919496009724,0.030355426972178464,27.452286270426164,-3.5307883888757861,0.5078801539808679,0.3286612781470864,0.4318181818181818,1,5
-0.56608470788324661,0.82430589174984381,-0.008240165485825849,-0.82380677645617373,-0.56532356294174491,0.041852888164844552,0.029841222589352037,0.030480584137209835,0.99908980348366416,18.410452494185151,-1.2780620923841068,-0.32717572279559604,,0.1112210606269226,0.4827586206896552,0,4
0.94645230071712649,0.32200859890053413,0.023205704069768181,-0.31783481949037534,0.91674565006234321,0.2419885133870889,0.056648653883205592,-0.23640616600648917,0.97000157457982183,-16.67594321706758,15.291689759700823,-3.4542695911521868,,0.21197773369293,0.1666666666666667,0,4
0.45124168770141537,-0.887110389187594,-0.097036573908062279,0.89185466951174186,0.44448411091531526,0.083839868880649523,-0.031244003432356508,-0.12437456548369619,0.99174330333522354,9.2207446503910919,8.9415326826346693,-1.4002221770059329,0.1790340078431079,0.1456006783403961,0.26,1,5
-0.98013917202704925,-0.18127717470643492,-0.080410132375111881,0.18887622110536495,-0.97690421812635997,-0.09991957619947707,-0.060439859026040203,-0.11312265262704241,0.99174103923531065,1.1649045471784476,-4.9634524196768153,-0.66952424963226431,0.725788524560217,0.5800160142559708,0.4959349593495935,1,5
0.68809519057451352,0.72525890518911318,0.022902601426735024,-0.72098687027402819,0.6797993963933826,0.13435294397836581,0.081871494432951164,-0.10896008951483581,0.99066884340441075,-5.2422989254788881,28.134906437784007,-3.9479722458355417,,0.2618961462712839,0.4285714285714285,0,5
0.69150732291766948,0.72008317110395148,0.057426901745758298,-0.71999132432761326,0.68060398623402585,0.13561234020296578,0.058567185728946557,-0.1351237973683132,0.98909627647694598,-0.53930238578371603,16.857757171591473,-2.6470102569263094,,0.09148594927330611,0.25,0,4
0.59160582303773546,0.8036619047085235,0.064265800143711332,-0.80284204745052956,0.57994996914998587,0.13821244563487067,0.073805128502598877,-0.13336257422229969,0.98831534785386987,0.1260782723824917,5.2426420660993456,-1.5983754849293501,,0.08542718216976403,0.2342342342342342,0,5
0.77804805320835047,-0.61442735818487304,-0.13084436714147452,0.62819884865709164,0.76007325025481987,0.16629750687541431,-0.0027264344114361133,-0.2115837322693585,0.97735607165166183,-14.656751147621238,15.358222062993518,-3.296772921127133,,0.09136701551170001,0.1875,0,5
0.95518819383513343,-0.29043365583730402,-0.057129728819200504,0.29516272843656277,0.94907935277246569,0.11012422931799898,0.022236863534701213,-0.12205193033286156,0.99227458306769212,16.777631180531607,-1.2851533475779229,-0.39313965485206714,,0.1237223094340666,0.3333333333333333,0,5
-0.99601404404068716,-0.043388041833061622,-0.077932675429567846,0.053512088281897921,-0.98968176956718046,-0.13291520377325816,-0.071361617704675306,-0.13655574983232632,0.98805872634489933,16.821441952479145,17.609986912896801,-1.706175545659494,,0.5176908316067397,0.35,0,4
-0.57913947887316497,0.81495725783967365,0.02102693284718599,-0.81520696233622691,-0.57911890081914197,-0.0076751073329187651,0.0059222098123996106,-0.021586259714684482,0.99974944902333873,-3.2474895498321645,-9.0413332464537568,-0.35044435824459869,0.3959446996069818,0.3531460596662678,0.4696969696969697,1,5
-0.99876888155397259,0.027147622896344099,-0.041517801128014231,-0.024995079476653827,-0.99835939537664142,-0.051514693681932677,-0.042848188309229693,-0.050413532253408742,0.99780885370112427,-10.12745819177294,3.5584026263312927,-1.9984311129217276,,0.2389983260657078,0.7256198347107438,0,5
-0.95983349196270129,-0.26535130776249211,-0.091150157297844675,0.27350170043655264,-0.95736346148033413,-0.093016248476850111,-0.062581846928648405,-0.11420983360082509,0.99148354819627249,11.125235597013909,0.81435301145612027,-0.72957701877886594,,0.08967532685790813,0.2307692307692308,0,5
-0.68014267418098262,-0.71862752884957704,-0.14484618578855155,0.72777659159654484,-0.68563420390958407,-0.015715315885682972,-0.088018040662454403,-0.11610432037103921,0.98932937453060643,-16.123295525056061,12.116649384140256,-3.1664223449526152,,0.08526536984035578,0.2826086956521739,0,3
-0.75757027151051359,0.64979209138512939,0.06210895021513517,-0.65266361760771463,-0.75560918890704876,-0.055542379229223594,0.01083909473606341,-0.082613507446250414,0.99652271545245297,10.789597341090875,18.53402560694856,-2.0508375854911258,0.5329101241173987,0.5380078133025895,0.7111111111111111,1,5
0.17426198953295421,0.9834828920048001,0.048930155710884958,-0.98022309788463169,0.16852295898046374,0.10374338856006954,0.093783993183661707,-0.066040998102269086,0.99339979323139749,-12.242327787720249,13.673793324290322,-2.9769767051023237,,0.1555232193648167,0.4,0,5
-0.22656716475151845,0.97331948607164864,0.036283576032139143,-0.97352743764841299,-0.22745589700170346,0.022542028854262163,0.030193509272262459,-0.030215773238032703,0.99908726297829142,-9.3092496515847483,28.155754002296341,-4.2276841656752469,0.1674754062436993,0.1947597740815711,0.4444444444444444,1,4
-0.95851727795794273,0.2850334519764014,0.00074773692721412778,-0.28347029390608652,-0.95297964538277635,-0.1071185696269083,-0.029819797599796059,-0.10288696098405431,0.99424597204644116,-0.85858834386918892,-10.208644647354825,-0.18729001818763186,,0.1162986836882353,0.2380952380952381,0,4
-0.14491202027082811,0.9847228856046718,0.096547112579479247,-0.98891192570088648,-0.14734409152750855,0.018518150515011433,0.032460893203831172,-0.092793088419023548,0.99515613506327116,-22.51453428093291,22.344280718876732,-4.5607529198193273,,0.1666470503674318,0.2222222222222222,0,2
-0.40301765801840783,0.89857972176805956,0.17358355611231072,-0.91275803135693634,-0.40847391004349248,-0.0046734363366033706,0.066704898761403716,-0.16032326232028499,0.98480805644562686,-12.53039874344582,-11.031971047895651,-0.56007324754617482,,0.5356383612348683,0.303030303030303,0,3
0.99429267836262769,0.10105621070380635,-0.034201053092848634,-0.092196168462645792,0.97520561518209381,0.20118119852044264,0.053683668608613032,-0.19687978666054629,0.97895679849992256,-0.50534904716183604,18.681910434123466,-2.776168314722157,,0.1533121631876585,0.6363636363636364,0,5
0.94652521838872727,-0.31934568109861045,-0.045916738972158172,0.32200183208728572,0.94394218201665359,0.072718478683696339,0.020120414672768289,-0.083615147989490282,0.99629497436255887,-8.5910093701543815,-4.2925428266896022,-1.1642120938903764,,0.07146322476963213,0.2740740740740741,0,5
-0.64067900988314475,0.73943673728363346,0.20679390186968383,-0.76757733183366339,-0.62343188579719233,-0.14885470575857168,0.01885327425854303,-0.25409839693845282,0.96699460118608749,-20.195481278450934,-15.738010349857523,-0.47014025978307483,,0.1249092595901859,0.2727272727272727,0,1
0.84553400438390658,0.53387710272280398,-0.0068910535349598328,-0.5281513862130407,0.83821885460744561,0.13581334625811603,0.0782838468124845,-0.11119528303344552,0.99071047655677502,4.8545518977306692,-9.1859294263167541,-0.12660993081757688,0.6967891514360864,0.4452469221505725,0.5423728813559322,1,5
-0.98559249858472309,0.16434086849623161,-0.039993820465506209,-0.16436598740005054,-0.98639577769172604,-0.0026817788764571873,-0.039890461510608058,0.003930482647214139,0.99919632824917359,-10.41857163684465,-5.1058164185082351,-1.08703752763241,,0.168570715891394,0.3611111111111111,0,3
0.89157439024246865,-0.4395915775892314,-0.10887769090305222,0.45286753208754021,0.86410016408102786,0.21964039887070302,-0.0024708388678095204,-0.2451329258744149,0.9694863297682631,18.133157472744255,9.1635582374294504,-0.97124676881759897,,0.1676817014670072,0.1428571428571428,0,4
0.079925081387991564,0.9935127515835851,0.080897427684296308,-0.99453087093492687,0.074006046720550139,0.073698384013567861,0.067233385475807178,-0.086345338551706355,0.99399404142472181,-30.759396970254173,23.731788798647134,-5.1919341024142591,,0.2508962589106779,0.7,0,2
0.73207837131212095,0.67553082630669981,0.087859893958404156,-0.67909619532960119,0.71352289931808355,0.17237583832306255,0.053755146226708565,-0.18585794268232336,0.98110509599942519,12.015563678151562,0.5409701790124013,-0.67873647089836331,0.2553130364088855,0.2282335707245603,0.32,1,6
-0.5750801897561455,0.80612538396522038,0.13944404138205468,-0.81751958996517682,-0.57266784492268186,-0.060936519549277521,0.03073264344640508,-0.14904162075922214,0.98835322628514699,-8.7661021060343707,5.3978396403288071,-2.0673451176666235,,0.08425693775392562,0.4380952380952381,0,5
0.52786942458321695,-0.82754571736367744,-0.19110718527365267,0.84714115846603777,0.49688266422317251,0.18830686558726573,-0.060874692795955518,-0.26129619910652507,0.96333720373993648,-12.08000081189998,-4.2986102383925813,-1.2824507587308867,,0.4851492823636236,0.3924050632911392,0,3
-0.088455423464122232,-0.99270024968055015,-0.081986903490478172,0.99413760253030992,-0.093121316734611909,0.054944040667765738,-0.062177691297376221,-0.076646165290810614,0.99511773175395823,13.000438167052659,-2.1075797749768084,-0.46599929454535405,,0.09320716485580169,0.4857142857142857,1,5
0.53007568587582499,0.83465246687369454,0.14958284254862872,-0.84436402486984552,0.50334901150548295,0.1835460871880599,0.07790481852149593,-0.22359568904186747,0.97156358880570615,-11.956030646568101,25.003732749083127,-4.1768124042113168,,0.4574567648895903,0.25,0,4
0.491520701196341,0.86271395129474837,0.11887825089922499,-0.86635121258412751,0.47051383086013354,0.16748824264208315,0.088560582368618732,-0.18531425528200327,0.97868056588439867,6.3541952161472599,14.90420872521587,-2.0584481348462274,,0.2285383169923588,0.196078431372549,0,5
0.89165216936853109,0.45265736342944168,-0.0075973806998423897,-0.44682651376841259,0.88261782987681003,0.14605421245933603,0.072818098395649386,-0.12683484425289734,0.98924741436578145,5.1045631702836411,5.5352860809226669,-1.3288887819709576,0.6349176148258083,0.2111204802405429,0.2878787878787879,1,5
-0.2470255021770813,-0.96421466629414976,-0.096272937928683272,0.96637194440634244,-0.25245908384262139,0.048884312919867751,-0.071439949177362114,-0.080959794272240898,0.99415383385718026,14.274921781895529,11.946020390980767,-1.397097099007673,0.164288403718833,0.1321658224293141,0.28125,1,5
-0.92069686253799587,-0.35449251012083793,-0.16325546723132842,0.38519135503253915,-0.89269341684870374,-0.2339360671704647,-0.062808497202911123,-0.27826879771763019,0.95844747842325584,-22.054324671679847,11.762767876193109,-3.5490127420314144,,0.3628117331413494,0.3461538461538461,0,1
0.38583331073640448,-0.90380925607193574,-0.18509858174735069,0.9218322671043071,0.36967232991691462,0.1164802121355161,-0.036850069898442445,-0.21557179113347688,0.97579243449413233,-0.23667254649599087,-14.178908557517168,0.2517045994339337,,0.463587220308276,0.6904761904761905,0,5
-0.98875184903165858,0.14940898628673097,-0.0068363625743622586,-0.14545335573144491,-0.97120758801564677,-0.18867734969331135,-0.034829618759591438,-0.18556070650221643,0.98201533687588605,17.710284270235373,-2.3880371409969801,-0.29282976426275498,,0.2111981278643031,0.2666666666666667,0,5
-0.17565424639731364,0.98217932591435275,0.066853253241853011,-0.98327087937894919,-0.17836393837962297,0.036941619496955916,0.048207504477411893,-0.059245904771026342,0.99707871268015857,1.4728856973234226,-15.675780243136213,0.47704322539760774,,0.1641952436659788,0.52,1,5
0.5455288849844866,0.82840495369220057,0.12705694922280428,-0.8330775279589403,0.51943792870920791,0.19017379059194783,0.091542711656388262,-0.20959358510343687,0.97349394503822362,17.215979624576736,-10.071574732165864,0.21548690251694053,,0.2579812346945129,0.3125,0,6
0.63120958773445646,-0.734545917232859,-0.24903162816926647,0.77531766856870576,0.58871251162233906,0.22869213249367451,-0.021376836933575321,-0.33743128802151034,0.94110740976089446,-13.626494132057973,17.976544142923213,-3.5831145547751548,,0.3666145226863553,0.4390243902439024,0,2
0.64200344416945399,-0.71527438044001446,-0.276069082587513,0.76662613455779116,0.59382424726676641,0.24424809757915592,-0.010767891508426289,-0.3684498935326358,0.92958524540154519,7.7166754301523843,5.4461583314538098,-1.1533375399488448,,0.4943310872089502,0.1886792452830189,0,2
0.55200317957539868,-0.82354107311990077,-0.13066212390426096,0.83352273683156797,0.54063935850836009,0.11379337070533728,-0.023072427775664681,-0.17172415356085319,0.98487485406032438,-9.7691534066392922,22.43263594629266,-3.7636001272236648,,0.7617613313430882,0.5441176470588235,0,5
0.50911812451334104,-0.82314363863964612,-0.25146229430891237,0.85970618737373994,0.4723322318834749,0.19444159564065439,-0.041279615833079167,-0.31517743080851957,0.94813457927955269,33.59068082666046,5.4757744636719083,-0.13883039306717507,,0.286624410780916,0.1818181818181818,0,4
0.72893264503582722,-0.68067404849493929,-0.073075568465680599,0.68451237788697616,0.72313128246612668,0.092325255691025912,-0.010000176028012231,-0.11732002397035408,0.99304380993740871,4.1119273932120946,4.0312358589907431,-1.2655816210581334,,0.09329194668486077,0.3495145631067961,0,5
0.58112218705789953,0.81222373653473079,0.050888166783674284,-0.81007282078243947,0.57132632946326012,0.13178865767439679,0.077968126427564288,-0.11780843378806863,0.98997077946259437,-6.3275598072104584,-7.0416227416185713,-0.63980719336737013,0.2687819998476292,0.2180736937864006,0.5743801652892562,1,5
0.68965287634418693,-0.7199979488832805,-0.077342509359722922,0.72401610545662232,0.68361397375755273,0.092046802893059262,-0.013401089120485392,-0.11947756478635367,0.99274645419820429,-13.496116902448613,15.441660715127172,-3.1968041353938004,0.4684326923466439,0.3885849795753133,0.88,1,5
-0.66884570787490483,0.74135671673216896,0.055096620707779542,-0.7430281439363019,-0.66901928696694168,-0.017954692557107417,0.023549869976134064,-0.052947258874698672,0.99831958380158181,15.427346397221301,8.6230820811035862,-1.0644196627757425,0.123378188024471,0.2767661098215036,0.6071428571428571,1,5
0.17375070036302864,0.98478849418090619,0.0015217924497737678,-0.98256605206191494,0.17325438456045789,0.067430494333342722,0.066141117762092416,-0.013211357215675375,0.99772281350167602,-7.9049115499890288,28.529693012813368,-4.1448996275141159,0.3163318864012181,0.2057695635801124,0.5263157894736842,1,5
0.55777267359279814,-0.82689001274898677,-0.071711584901757511,0.82958451746443795,0.55270002361585646,0.079449432208969314,-0.02606094734344256,-0.10380554277596114,0.99425612208954983,1.6890694125112855,2.4160885080118648,-1.2687906865600664,,0.06951653463896337,0.2894736842105263,0,5
0.99907652262102864,0.0034653184765002657,-0.042826318022093968,-0.00085662716588309404,0.99815069072008034,0.060782109250383132,0.042957748280976919,-0.06068929216001178,0.99723188962234088,-23.660509328591537,11.065673626380718,-3.6256355932566704,,0.07280290898226074,0.25,0,1
0.99767845323788296,-0.015594556719459713,-0.066291128709580774,0.026053048808877505,0.98677900506480032,0.15996385157618123,0.062920128676194675,-0.16131957402636493,0.98489443720803127,-8.4448506626559485,19.745318377758942,-3.3996076602265024,,0.3753219271834992,0.7777777777777778,0,3
-0.35473537660156873,-0.91335368412976203,-0.19986960817976693,0.93141483546462467,-0.36383466244731977,0.0095258951417156405,-0.081420002847883366,-0.18278234621657299,0.97977619742868582,7.1311244472571094,18.241014933708112,-2.2700083671327054,,0.08570127837086015,0.3076923076923077,0,3
0.42857444766722275,0.88550564647706675,0.17945387391741779,-0.90056822001115644,0.40266462186428331,0.16382332985516082,0.072806757328382057,-0.23182094891559613,0.97003001176829584,9.4755629136179476,4.0533567039661422,-0.99422684597319255,,0.4198423832127668,0.125,0,1
-0.90525646927396564,0.42486458133848948,-0.00090131110282787763,-0.42293022278917575,-0.90133313957953709,-0.093426966916375975,-0.0405061907507007,-0.084194174500172803,0.9956257276161069,-27.539242482134043,17.410440340537054,-4.4883549902778954,,0.256966391564367,0.15,0,2
-0.98260408374065755,-0.14717462296224726,-0.11326449122343292,0.16174687763976631,-0.97789070295088132,-0.13254327842640015,-0.091253285913271101,-0.14855774445700265,0.98468443390351135,-3.9163393367076544,-15.315211325757893,0.16427246888983868,,0.3667693085429002,0.4782608695652174,0,2
