axis_00,axis_01,axis_02,axis_10,axis_11,axis_12,axis_20,axis_21,axis_22,location_x,location_y,location_z,dbh,dbh_approximation,score,reconstructed,number_clusters
-0.84307469653181333,-0.53278558146185517,0.073243294943248494,0.53480506678724016,-0.84491822499272862,0.009835324795498224,0.056644475516032661,0.047462798711098035,0.99726560460692903,-9.6840763932688194,23.348293563240656,-1.7419396113198791,,0.3499497401073088,0.4,0,2
0.95890464916228757,-0.26515029590268135,0.10098115862709535,0.24708431765990851,0.95532857113610481,0.16216245292171022,-0.13946760835938743,-0.13054746935030567,0.98158348828041275,-4.328873509743528,-18.661499939238801,1.7974966567808406,,0.2176097821935917,0.4722222222222222,0,1
0.8166536662003484,-0.57712719642705634,0.00099429662425879525,0.55943063213069899,0.79203347757327613,0.24437745034481151,-0.1418243890005442,-0.19901550077174923,0.96967967553063295,2.5621430940091954,23.59925832363864,-3.4049564956858114,,0.3890428807660573,0.1111111111111111,0,4
0.18312071235784935,-0.98157497917869507,0.054565235781570409,0.97920296235435822,0.18704653333254007,0.078582141003722003,-0.087340501612961127,0.039040422879671258,0.99541322181261627,1.349868835494537,9.5268714366192153,-2.0754529798273373,,0.1235530870253518,0.2439024390243902,0,5
-0.94882249623221293,-0.30973906760722325,0.061624513316373204,0.30335418693623517,-0.94814182923873658,-0.094885767721392719,0.087818608004952697,-0.0713356968538921,0.99357894021685134,-0.20178490372638175,1.0158171989357061,-1.1292952394679645,,0.1107207809899996,0.4797297297297297,0,5
-0.50308830175718078,0.82463360553631171,0.25861472745236064,-0.8484584035658802,-0.52818873002391531,0.033689804008955888,0.16437912900826032,-0.20247489250745715,0.9653928836751281,6.5208274199980965,29.601027091511966,-4.4425674074442378,,0.5945647682175084,0.55,0,5
0.96888902100244034,-0.22688437149934762,0.098881479308706666,0.21033335543618675,0.96539792707063865,0.15416459385561992,-0.13043751213468821,-0.12857030908051634,0.98308480359074457,11.168777706382865,9.8646933394065712,-3.3822930569773049,0.2703262547196283,0.2444205138123112,0.3636363636363636,1,5
-0.98329506816413259,-0.11090739500782811,0.14432726234731447,0.10937223868459667,-0.99382770692129974,-0.018552691467026511,0.14549406286585226,-0.002457374234553022,0.98935607289926619,-4.5545351678650556,4.7027505011951565,-0.85310676714516009,,0.1649193651125284,0.3133159268929504,0,3
-0.087318702441108786,0.97746775480107695,0.1921776067291476,-0.98979628355457927,-0.10693484672369366,0.094171416139524761,0.11260000561964685,-0.18199375505857873,0.9768313630581964,-1.4736833130905918,-7.6303801352477736,0.0050728808463282845,0.4284522812770653,0.4220811847892109,0.8065843621399177,1,5
-0.98181288902615294,-0.17396561112541209,0.076022477517387485,0.16860541119614322,-0.98304684046597679,-0.072049460547882943,0.08726778476333219,-0.057921287931324006,0.99449960188372033,-18.322632289237379,18.382334765617856,-0.080692547383234239,,0.1431636908064298,0.2857142857142857,0,2
0.95651066313971744,-0.28805751572603361,0.045937119345507919,0.25590302281718152,0.90425122383918088,0.34182359061125767,-0.14000355071585371,-0.31520246163234428,0.93864072677881571,-20.252823893761779,-17.426546112056936,3.9024972715337167,,0.2696477615572706,0.1538461538461539,0,1
0.31644828841993994,0.93717992772347236,0.1468137044976319,-0.94729229612975296,0.30404722178803745,0.10095837070890633,0.049977859591137493,-0.17102359484937593,0.98399854855354607,-5.4971062721313269,2.7637373338618842,-0.54652692012191428,0.43421556420771,0.3384984495984724,0.9361467889908257,1,5
0.22037225819448919,-0.97281588870776159,0.071171022867381167,0.96723768090372342,0.22737076301475156,0.11293274443701827,-0.12604497791760125,0.043952051190104757,0.9910503926329548,11.121433427605702,-21.945914121078371,0.014059447553880753,,0.4456790357519872,0.6774193548387096,0,2
0.51913940861705721,-0.85376122975626512,0.039825079859346517,0.84439046872272128,0.5195384817502765,0.13070769797851253,-0.13228382649045367,-0.034227599180908452,0.9906207451408211,-11.849534785726576,8.6237882997773436,-0.1428361227841615,,0.09096352155623651,0.375,0,5
-0.55907987099228329,0.7984392076581559,0.22343797690963085,-0.8166427190864336,-0.57686284829621448,0.017997878172036082,0.14326327936484196,-0.17240674560409594,0.97455197237286229,-15.136295595713531,-6.2672793332871377,1.9326832858245839,,0.07694034860253732,0.36,0,2
-0.79067251712896069,0.58512961692811483,0.18016742782898049,-0.59319265848960612,-0.80498408575394087,0.011094665246222052,0.15152372939901854,-0.098101748590173538,0.98357338635841685,3.2002955083409601,-4.4623550604014373,-1.1249666429139729,,0.1316154974929665,0.28125,0,6
-0.7282451383741172,0.62101988777330797,0.28981600615647518,-0.65873506396782255,-0.75096176605968656,-0.046092747974333222,0.18901622664144785,-0.22447878498099608,0.95597183073544789,3.6051553429734011,14.048656659613181,-2.7524194746430393,,0.3289197898046599,0.72,0,3
0.77270483895885811,-0.63174753347656565,0.061824637450137422,0.61925239477689598,0.77163772506603534,0.14526421726630942,-0.13947653355545134,-0.073961308812037233,0.98745937708149079,-16.678992656464832,7.8853317032565435,0.69590355904155954,0.540306707260541,0.4701833996176842,0.9880597014925373,1,5
-0.73205080495726205,0.66335324074673918,0.1551260679325793,-0.6670442329705859,-0.7442144133182208,0.034596217569252546,0.13839656867894995,-0.07814976007778246,0.987288713992861,2.114741837962506,-9.3351512919699324,-0.27402053706361007,,0.1011123784794999,0.5,0,5
0.77956867946513442,0.60235500202028547,0.17158416459023476,-0.62517021153217134,0.76494032769349185,0.15501129533357971,-0.037879817974842717,-0.22811125927782658,0.97289792516012552,14.47040290186357,10.146135697398899,-3.8235758533940931,0.2535889486841865,0.1955365471997014,0.2352941176470588,1,5
-0.94477072648718552,0.30465458745103885,0.12080503597910845,-0.31813088628572689,-0.94108379429946742,-0.1146910253593391,0.078746514614516899,-0.14678853651411586,0.9860284539424361,0.97633830029484436,-4.9736483269305625,-0.72915173532571154,,0.6231947333619576,0.1736842105263158,0,4
-0.97443700698550395,0.17821997594498662,0.13678508541249218,-0.1843294373864944,-0.98230103251007184,-0.033276719225714971,0.12843355453273431,-0.057639584521550921,0.99004166597485754,-1.1025053803629097,19.066187283863623,-2.5264339582953839,,0.1184432850127195,0.3333333333333333,0,3
-0.19409215887788728,0.97015693579853712,0.14534013136128099,-0.97335510891562571,-0.20889800707132694,0.094559264958432462,0.12209859053229126,-0.12311434751328262,0.98485267508719654,-8.4085594244781721,-10.809728600392942,1.4195720809283969,,0.07749069543225379,0.3703703703703703,0,2
-0.99042073921224805,0.070199060145320166,0.11890690178865025,-0.078421424094411024,-0.99473722452486746,-0.06593886856450018,0.11365227486181934,-0.074632071519391815,0.99071348750254518,-12.9157095640783,-6.6412566625676437,1.6268639824270181,,0.2370601165540724,0.2181818181818182,0,3
-0.2483146078618009,-0.96684179975720541,-0.059638827660252657,0.96446206989799665,-0.25250330342734767,0.077813864358157875,-0.090292697658852464,-0.038197067957189794,0.99518250223210913,9.3605694319745361,9.502249836980921,-3.1140322915157626,0.5927738756244261,0.3427040996707973,0.25,1,5
0.012133112505740944,-0.99916253317176451,-0.039077101820708678,0.99539828784726669,0.0083540066869504104,0.095459201353276166,-0.095052807068776099,-0.040055497476094215,0.99466603490331829,-8.4745314590226393,-5.5841758845057328,0.78282572927339111,,0.07191375516083187,0.1724137931034483,0,4
-0.46186322740492824,0.87623619035296896,0.13744998321869348,-0.8761308966072342,-0.47484962234769967,0.083141374576388496,0.1381195539426181,-0.082024233443310349,0.98701317820317336,-18.669889759733564,-14.126218062962804,3.3697631422470025,,0.09938859979948877,0.2352941176470588,0,1
0.055150814266685805,-0.99776404709870214,0.037753066139575485,0.99272567270934098,0.058846682756968971,0.10503716805153294,-0.10702395259710255,0.031685552633941565,0.99375142733219424,-6.5308352173847997,-5.4558037575743574,0.4773635967822053,,0.09220919579638061,0.1830985915492958,0,5
-0.035075521777889689,-0.99497624988937572,0.093765505000943994,0.99553830402797894,-0.026562726150085529,0.090542292839148164,-0.087596763553816806,0.096522969989266405,0.99146866984254556,-4.0929944084623946,14.984304124585075,-1.7973281372469363,0.4270412342596039,0.4365373123632358,0.9157303370786517,1,5
-0.10927893752347037,-0.99400667677978571,0.0029732694040444118,0.99085209900703841,-0.10869287217294636,0.079987357952010368,-0.079184794671003422,0.011687003722216026,0.99679144370169481,-9.7209471692338223,-4.1161391503467524,0.76464849483383945,,0.07292393562053417,0.2253521126760563,0,4
0.97690818309944238,-0.21207908588363747,0.025939605319015534,0.19589528055822542,0.93752702496024065,0.28752063669276712,-0.085296194805862965,-0.27579981653358782,0.95742311459024154,-9.1912331687773872,11.198117593850215,-0.74312047683024673,0.5953386609506655,0.3272400193459583,0.3529411764705883,1,5
0.96044544261733311,0.19874939412696241,0.19504673821871682,-0.26287728914820829,0.8781923926587627,0.39959185718225954,-0.091869922203540427,-0.43505953593783392,0.89570258321826457,-19.452132217667252,-21.06045111940762,4.1805237116536791,,0.3955957479433423,0.1111111111111111,0,1
-0.26737497084824496,0.91127556971579704,0.31318917765952453,-0.9558404511555284,-0.29196888168563273,0.033514236706758474,0.12198219910583573,-0.29039801680863808,0.9490992229134495,16.995150868085069,-3.5075518304836488,-2.9409467377580971,,0.1548809771167777,0.5652173913043478,0,5
-0.97115225091562773,0.15026733915358365,0.18515677769180455,-0.1689144546174699,-0.98157266010416011,-0.089347747354520154,0.16831878256092872,-0.11804592208012228,0.9786388239373407,-6.8207704537623144,-18.85439511758393,2.1456741720776433,,0.2329892048194314,0.4615384615384616,0,4
0.62221871888552349,0.76664477676861276,0.1584286972800763,-0.78279478770620359,0.60704940056963652,0.1368332766838728,0.0087284711409268013,-0.20915738457307537,0.97784303559931995,-7.3975976437997515,23.67318632518927,-2.0558143910069822,0.6634948306090099,0.6510567954348891,0.8240740740740741,1,5
0.77343297866403826,0.61696688316457282,0.14544171545009174,-0.63332216584448953,0.76174579100251161,0.13655176359169721,-0.026541698606497324,-0.19772509948954403,0.9798981188199779,-14.415981580095179,8.2868586943760256,0.32454542885133075,,0.09486392502947277,0.3040540540540541,0,4
0.063004156905998129,-0.99798694967624568,-0.0072473780408121137,0.99295421945179685,0.061952873512520074,0.10101366014759713,-0.1003613186712736,-0.013560595099175022,0.99485864120241652,2.7402898581120207,14.015587052661035,-2.6284202444022227,,0.07571923272963563,0.2962962962962963,0,4
-0.3453848687628065,0.92493398256502068,0.15876529950246743,-0.92869381126510409,-0.36120804650275767,0.084003286004515426,0.13504479755841647,-0.11843088717927816,0.98373625917434526,-11.199840931177702,-2.8065744795802239,0.9007342049938869,,0.09312880371123373,0.3960396039603961,0,3
-0.91961815329662588,0.31880426428216257,0.22949137936491815,-0.36478082185215943,-0.90983449881111145,-0.19782855401078278,0.14573058751053924,-0.26564078348145836,0.95299400313705551,12.919072089579819,8.2175972629327152,-3.4776077054251613,,0.6942439300827036,0.2068965517241379,0,1
0.032910004643697442,-0.99345488526755965,0.10938154566640416,0.99489376652841288,0.043010482379606203,0.09130439052083919,-0.095411345851843743,0.10581819004071762,0.98979754785473506,1.6931236945342347,-3.4279568596579488,-0.97756125225227342,,0.06860719381896843,0.2823529411764706,0,5
-0.64816302832915829,0.72900716078042205,0.22007555120467562,-0.74686095648679152,-0.66497300424134631,0.0031008556679072937,0.1486048464310944,-0.16235597667195945,0.97547790157239578,14.526425960304932,5.7347811041156946,-3.48077205606997,,0.5417715575260522,0.3809523809523809,0,1
0.60277625500888876,0.73646534904254768,0.30704979410040195,-0.79790903901158294,0.55568344073813947,0.23357456872064872,0.0013970902166664881,-0.38579100993810478,0.92258514229845756,-10.937747357595853,11.856652058960831,-0.55191725222855115,,0.317567570886537,0.5504587155963303,0,5
-0.92028371106296791,0.35704338399550345,0.15999347829587052,-0.36199989219386869,-0.93217605315953234,-0.0019707784109357987,0.148438435736164,-0.05973129716452593,0.98711610408059114,8.3164463140807872,-7.5094430096855769,-1.4255366105943719,0.5165768193841914,0.4718676765676776,0.9050279329608939,1,5
-0.99168428428270994,0.0034925009996696456,0.12864712489386246,0.0029499625736663085,-0.9987521593880595,0.049854005240330457,0.12866070894994985,0.04981893770903028,0.9904365176113209,-13.205665616003614,14.742256420576169,-0.41818659821025522,,0.07830980316543604,0.3396226415094339,0,5
-0.98367794138127818,0.12870048257891056,0.12575330382874889,-0.12681570226748903,-0.99166159755746741,0.022914047834789709,0.12765377118712043,0.0065925498653384195,0.99179688091260831,-17.607227719673347,-6.7004101062333543,2.371872742064137,,0.08973945360348634,0.4,0,2
0.96170280916697293,-0.24757375249365199,0.11762203839657416,0.2324403715149132,0.96405891962046564,0.12869294149342614,-0.14525556970513168,-0.09642425305094772,0.98468430620844405,24.623876581822586,-7.1314547466872851,-3.502540410532383,,0.1225007131289462,0.375,0,5
-0.83546728178091756,-0.5379396622212298,0.11231803453994034,0.54683803884711324,-0.83405310428085522,0.072962857052844332,0.054429590697058515,0.12237785358789274,0.99098994980159716,-0.93804496169234097,-3.7574574350796301,-0.53581461648915008,0.2463063915810628,0.2114479873169338,0.7604651162790698,1,5
0.25043271811561879,0.9154881921288186,0.31490446768810809,-0.96563545521207117,0.21284973219827838,0.14914140652581287,0.069509865016410391,-0.34143280682416699,0.93733239413218383,-13.177482548033858,-19.730636596594238,3.1919662641698587,,0.2291201429227192,0.1153846153846154,0,4
-0.99382449193122679,-0.0061925717850806247,0.11079048376248961,0.0039343209804779218,-0.99978026042960977,-0.020590094067911912,0.11089364434476134,-0.020027054451154592,0.99363047292942297,-8.8692241820156106,-13.477300213761026,1.8312437106414927,0.5085692790920351,0.8376487014167504,0.4344262295081967,1,5
0.9206891094963322,-0.38533302522079593,0.062048556220430165,0.36411739854093905,0.9052531105260293,0.21894137562993313,-0.14053499113967835,-0.17898398128642087,0.973763138914301,-13.408087476861065,-18.227927477420494,3.0023704689181248,,0.505415506168007,0.5384615384615384,0,5
0.94419819540181527,0.28550566387742682,0.16424458497577349,-0.32336625845064709,0.89833114254949376,0.2973809362103591,-0.062642084061624706,-0.33389770023111887,0.94052554196299487,16.521022869046949,14.216565817954168,-4.4786843627240112,,0.4339767716828017,0.25,0,4
0.36967616205805237,-0.92727429147835994,-0.059177052725984662,0.91999983140807351,0.35636705411700476,0.1631037490344226,-0.1301531613720727,-0.11473844649145758,0.98483259667904055,-11.989411318695623,10.555584584731227,-0.24403501536499178,,0.2219480375848008,0.28,0,5
-0.69837953339647885,0.69630374467856493,0.16561135975386632,-0.70176215564685318,-0.7116557837920171,0.032801254507286666,0.1406979183740778,-0.093312060002861685,0.98564545107418011,-5.2716261136975016,-8.007305050230423,0.63870150622786936,,0.1044349935165451,0.2222222222222222,0,5
0.12959424805978384,0.96079529131769725,0.24510760708627446,-0.98858805044488773,0.10604817221832259,0.1069927646466292,0.07680493074923779,-0.25617609832084903,0.96357397705713854,-11.542046793176766,-17.376495913133667,2.6680843798038563,,0.08902677269335578,0.3684210526315789,0,2
0.79043162507514864,-0.60288864418845145,0.10836571777860161,0.59317397136590644,0.79749920422925946,0.11018012047414877,-0.152847917143347,-0.022810128502706913,0.9879864433597414,-10.883202702998979,10.24838588549204,-0.39003783282004634,0.1470613668668339,0.09561791991521477,0.4186046511627907,1,5
-0.071566283866393396,-0.99742450455297404,0.0047565461008715589,0.99335649011792881,-0.070841924163037792,0.090687955768495546,-0.09011742647315775,0.011215145925636986,0.99586799825464933,14.7947347314034,2.5898060507775473,-3.2519121936563802,0.3488317609323306,0.1980405295763301,0.2424242424242424,1,5
0.95187089478816755,-0.28519374598328617,0.1122779003508475,0.27216116606933743,0.95495071726721426,0.11831072341344592,-0.14096133987357168,-0.082058849875288636,0.98660845618623871,3.6863206582746302,1.1754382072040186,-1.7305074672668217,0.892479512321623,0.661266269882276,0.9977401129943503,1,5
-0.98362995488056448,0.1269432543136145,0.12789652867035695,-0.12125333268880042,-0.9912917232441697,0.051364858993906123,0.13330319266063184,0.035016133594012989,0.99045652565602715,8.3444224820973307,-9.809938556147717,-1.1412058961451805,0.2038324379582039,0.1795366959795285,0.3055555555555556,1,5
0.22761738370348061,0.95396046568943593,0.19531962660617971,-0.97145710472120728,0.20870713438499577,0.11274939353936055,0.066793864408886738,-0.21540836092964991,0.9742370439061171,-13.226255407153907,-15.569841502650371,2.6694345028468556,,0.2178852871635641,0.6,0,5
-0.12892016482769922,0.98031368659830553,0.14954820951398179,-0.98587409592822728,-0.1429627126934275,0.08725783493210125,0.1069198675574385,-0.13618641139032719,0.98489664598582338,-2.9107789940975879,9.7092019179269364,-1.5273558568689516,0.2480615676289698,0.1738932669893909,0.5878378378378378,1,5
-0.55306706536020311,-0.83115567866717832,-0.057420022928883985,0.83294560333870948,-0.55310159163376882,-0.01674070520927495,-0.017844973874031233,-0.057086488344375783,0.99820974236677384,0.38975957970684694,-26.227854109265863,2.0696929456150568,,0.3044590613235763,0.2121212121212121,0,4
0.042112490537537302,-0.9963541848713523,0.074194854471659327,0.99421487526930685,0.049134514039452404,0.095512205101473957,-0.098809513377837305,0.069743371150609912,0.99265932839347515,-1.6860591940952232,16.360217728408504,-2.221679212560296,,0.08203633219600694,0.3333333333333333,0,2
0.99215557268476062,-0.039034503474671835,0.118758692856818,0.022541519971933606,0.99029023002260452,0.13717558164313284,-0.12296015398465115,-0.13342251631663496,0.98340186733186941,16.551752113451936,-4.4960793115241735,-2.8083121606905941,,0.09276663246947164,0.4,0,5
-0.6815276106015743,-0.72617154294064834,0.090526273594507531,0.73165632792787483,-0.67855253881382582,0.065157270295882877,0.014111477272345904,0.11064059965722547,0.99376029499909202,-21.626562735507576,25.015525409651282,-0.36258433452159911,,0.08079114001396062,0.4166666666666667,0,1
-0.68145891176391782,-0.72847769017779107,0.070242483517916496,0.73099089996076194,-0.68217705877759593,0.016934126847920949,0.035581677196134885,0.062886527895697222,0.99738619844929222,-6.6331747929183837,-8.7846620100290327,0.91611011805266129,0.7816250055145398,0.5084295381513653,0.2807017543859649,1,5
0.21137584314634833,0.95593021836336545,0.20375885392772272,-0.97564841021973303,0.19386789396740362,0.10259346628490383,0.058569894740203271,-0.22048278234005542,0.97363078737358622,-9.9840167974773575,-7.1329649084545164,1.2663655102809925,,0.09522204318198742,0.2692307692307692,0,4
-0.54865617173722114,-0.83086043554936873,0.092991084805865681,0.83597127123260251,-0.54369393710449365,0.074491183569355066,-0.011333088211303369,0.11860792298379512,0.99287648865156763,3.2018080810071683,8.5607867826580737,-2.262668221691666,,0.09155910673299442,0.4745762711864407,0,5
-0.9877298470542929,0.080663250868670003,0.1337280419261456,-0.094402306758892121,-0.9905196012097871,-0.099795411206149695,0.12441042446958769,-0.11119514188354854,0.98598057115989579,-11.818725501916946,19.960122639838353,-1.1310996089804171,,0.2568736437984504,0.3157894736842105,0,3
-0.98936538379496575,-0.059759430579332945,0.13260824938544713,0.043695087193282002,-0.99170181300876026,-0.12090596937417405,0.13873311321890872,-0.11382585177353646,0.98376663836736045,6.6146992725185534,12.52682960828454,-2.9847858264140599,,0.3605687121582601,0.3333333333333333,0,5
0.79269475018897928,-0.59959933102106611,0.11007122812942612,0.58961094721673524,0.79995594251190183,0.11148731300949973,-0.15489985133954995,-0.023476206656605689,0.98765120552551366,6.1371866584470958,2.1903558831824124,-2.1455515778201284,0.325479333074389,0.2760735132653728,0.7932960893854749,1,5
-0.63990114072113258,-0.76554204640461732,-0.06687230585544264,0.76843286944849765,-0.63676036829506844,-0.063617281613388449,0.0061200698477601361,-0.09209564894912009,0.9957313574401977,13.843408081822568,24.114910084231205,-5.0032203752258608,,0.220130327659043,0.5555555555555556,0,2
0.63276522489748965,0.73494703602569045,0.24384631306928248,-0.77416466899218361,0.59366154447524322,0.21962476157185132,0.016650388723777162,-0.32774811189131542,0.94461840957448284,-5.2862611066628364,-6.6670677666302645,0.45185619874915633,,0.2126143929581837,0.275,0,5
-0.98642905052343866,0.093587550830702596,0.1349040348282412,-0.10172755333517666,-0.99330452389814394,-0.054750595393312965,0.12887681395762171,-0.067731035227538941,0.9893448709581204,7.2841679135456525,11.305272252322549,-2.9898569268262385,,0.08333818048363981,0.35,0,4
-0.73384829139323393,0.64387814430390355,0.21653549479702625,-0.66179785617422771,-0.74955088084630472,-0.014038325602630275,0.15326539982144588,-0.15360472749980966,0.97617380875911741,-2.9426460235421041,-3.462501792797203,-0.24696566134260353,,0.07067832494368699,0.3298969072164948,0,3
-0.76037314836919845,0.59346628006401947,0.26387582243564733,-0.63442539985061541,-0.76566416375845914,-0.10612634150128861,0.1390578558136919,-0.24810514457188482,0.95870055281796118,20.928137513670855,-4.3285257284690193,-3.3637442216908431,,0.2322266194488398,0.2727272727272727,0,3
-0.034587677711441493,-0.99763431816982684,0.05940925652080023,0.99559515792780373,-0.029211682333731573,0.089089612895921641,-0.087143410888267797,0.062228970946480687,0.99425026080645351,-13.872976327202799,11.59228581514091,-0.084421462779852435,,0.1163316724659624,0.2916666666666667,0,2
-0.97356895341780259,-0.20885641898447632,0.09242558731187657,0.20113050751393799,-0.97575387616991605,-0.086318550072221639,0.10821280833686091,-0.065447455171043292,0.99197107756400038,4.153702884124514,7.3823114056571075,-2.2891261034371881,,0.4618886594492512,0.6666666666666666,0,4
-0.20980521010151817,-0.97447983653429759,-0.079817429189022973,0.9756067269144767,-0.21404174201081641,0.048761122589572201,-0.064600992356758702,-0.067640083272139676,0.99561615641845547,-13.166295906183638,20.419880474968267,-0.96858065614211497,0.4560655245293321,0.502964189037048,0.7464788732394366,1,5
-0.21793989371581329,-0.97440487393899133,0.055112107300285436,0.9738077933385948,-0.21336176594515899,0.078582049259228556,-0.064811915263758249,0.070794763059857921,0.99538310070200686,-13.058518123512801,1.1069020627375492,0.78050173024689939,0.4737872014227574,0.4317090361682406,0.9066390041493776,1,1
-0.95395490050093057,0.26881405744012538,0.13307535584336422,-0.26426777331499224,-0.96309693420587172,0.051057216046202475,0.14188936463807614,0.013538753481383507,0.98978993243858304,1.3365337780444115,-12.030814260215459,0.12888047927895452,0.4923708353189242,0.4376207217399417,0.908695652173913,1,5
0.78758566967733257,-0.60693317197059116,0.10649383869794536,0.597680354653924,0.79447133089476585,0.10767310735303828,-0.14995668234415871,-0.021152521079436222,0.98846626865680987,-14.094418956195323,-8.5250155097989726,2.0461390708401375,,0.07648045371425589,0.25,0,3
-0.61963898522403948,0.73067680168016469,0.28663380728198795,-0.770906532565655,-0.63518714367762763,-0.047332975337029536,0.14748100229562258,-0.25029723129332093,0.95687023674517979,5.0932244726891982,-11.307421119269664,-0.42418755808421615,,0.3369079441452049,0.3636363636363636,0,2
-0.33377320998151755,0.90897134400731217,0.24973293749959155,-0.93449174089254161,-0.3538469542742918,0.038955348213500295,0.12377653453810078,-0.22037111590303377,0.96753084745313955,-9.9007371931865862,-1.5387488187990617,0.5513107060166681,,0.09019499348783182,0.3014705882352941,0,3
0.76640709580051369,-0.6375866748120953,-0.078124231891748178,0.6242986222655208,0.71070002579951708,0.3242787436233478,-0.15123291223802152,-0.29730238046578,0.94273002541840445,1.1954842184666916,16.571052851246264,-2.6346354614642071,,0.1897785665971718,0.3571428571428572,0,4
-0.19437485550876868,0.95160883020637999,0.238031615167376,-0.97287553090461221,-0.21804502626507793,0.077262978768167859,0.12542574262492606,-0.21655715364380357,0.96817941637522908,-17.305810990158747,-12.776836667697802,2.9803393996356364,0.3229102696503484,0.2905178601355784,0.64,1,3
-0.69919630588172976,-0.71058250566845127,0.078721207303293364,0.71467441203620607,-0.69763906916654195,0.050400535246610215,0.019105251164168547,0.091499900603153231,0.99562179444182886,-6.8336859103155172,-9.7963002079189838,1.0700299739427719,,0.07257946033375082,0.1379310344827586,0,5
0.536561774994884,-0.83903911933041553,-0.090082283760904977,0.83165423325809096,0.50768712443843245,0.22495559558129036,-0.14301292919955419,-0.19561988629144167,0.97019594009101406,12.146797537186574,-14.073364438918153,-1.0931191932971245,,0.4906197488688216,0.3125,0,1
0.9874037456672915,-0.12730658113199667,0.093951463228022808,0.098737575659155238,0.9597792917469018,0.26282047539484021,-0.12363144500957989,-0.25023338213415813,0.96025961087121914,-14.712352087666169,13.899425718717929,-0.17415169592401128,,0.2416421391800781,0.2,0,4
0.88802622706645806,-0.44810381898434665,0.10301644263783849,0.43515440092141688,0.89143274968485531,0.12644485022341226,-0.1484926509994153,-0.06745828489475611,0.98661001028685269,-11.109747193599668,1.4903718415081231,0.45807959156757483,0.5866475918171443,0.5623059658920785,0.9700417140690178,1,1
0.52714566409499575,0.80932356212128831,0.25906142248732261,-0.84967122829682928,0.49722815589075081,0.17556470258580054,0.013276017113698574,-0.31266520878535942,0.94977061156092013,-9.3849118332240469,-11.563044401292506,1.670287435395488,,0.2612130558572689,0.7777777777777778,0,5
0.32610964371418022,-0.94356819780274293,0.057719635930012871,0.93355278165435995,0.33105399304736116,0.13741345477355832,-0.14876728182640589,0.0090724739008006764,0.98883061546217377,-18.076503393321378,11.114989119530181,0.58054144639337113,0.6709900847314426,0.4516046544325421,0.7652173913043478,1,2
-0.21118832234520293,-0.97733990133975579,0.014360005369601657,0.97526031124034485,-0.2097116725177437,0.069916662743558497,-0.065320883524371515,0.0287703260149582,0.99744947266344708,-14.785860790140188,-2.7446734855824912,1.4697586750632787,,0.0890179790080101,0.3333333333333333,0,2
0.89568625617242514,-0.43497909518794592,0.092408426311136341,0.42170489780865733,0.89679480336465245,0.13388076718612113,-0.14110673147661953,-0.080946077160232319,0.98667959486570644,-13.744466952362135,10.021671026868747,0.027779316507819885,0.1745975133842794,0.1389483550905597,0.1509433962264151,1,5
0.75897929627323857,-0.64809487296031532,-0.062637556394961949,0.63328176636134637,0.71240782253853618,0.30237278114961785,-0.15134276402534919,-0.26916190300347881,0.95112945372788926,-15.073465162195252,-11.535381341103097,2.5167574980347438,,0.4597685468459545,0.3,0,3
-0.22160069384471048,-0.96819259811703673,-0.11617325612603771,0.97433690053110189,-0.22466839896628155,0.013846110261532266,-0.039506160924464573,-0.11012358265744346,0.99313244826241576,-1.5000489315871344,4.2175367823997796,-1.2375490966225757,,0.4031566248919017,0.185929648241206,0,5
0.89806198506499413,-0.43359374768288095,0.074034673980751836,0.41117961415623522,0.88730169184514573,0.2088708513677098,-0.1562561867045642,-0.1571374227199126,0.97513682860278206,0.46613309310045792,4.9212669035184886,-1.5634541167127902,0.7605999504823493,0.4745307028671832,0.25,1,3
0.27888803227510384,0.93044516887309148,0.23768309400216836,-0.95862555215620515,0.25502117673215374,0.12649604804640141,0.05708341446454062,-0.26312732115626186,0.96307086792935315,12.677342135234506,-7.0684943986109205,-2.0776374455309732,0.3747401102844002,0.2314798027393318,0.3777777777777778,1,4
-0.35174057024743949,0.92374287635604391,0.15158386993169748,-0.92700531609792136,-0.36624154143692933,0.080797755241690139,0.13015266101083028,-0.11209920475795422,0.9851365657229636,-11.689787022449348,15.197603147785539,-0.70363535314818826,,0.0738254059660045,0.358974358974359,0,4
0.78238273897325006,-0.61831246906307835,0.074611931739063719,0.60408832260937884,0.78255744648262493,0.15060259440521029,-0.15150758477284856,-0.07275667361632944,0.98577478066776714,-8.3787488927107887,19.913939038269653,-1.5875110361684186,,0.07133085061911451,0.4615384615384616,0,1
0.5504105840797453,-0.83488245135604977,-0.0044137683111759914,0.82416161082309014,0.54248255664590228,0.16269700359998465,-0.13343848087594995,-0.093187811180630839,0.98666620681407746,10.652156943610219,7.7934986972684026,-3.1628288498435522,,0.2880233459530571,0.2916666666666667,0,5
-0.9848863540771372,-0.15307617743301041,0.081034273336289861,0.13644763540354071,-0.97390509501100542,-0.18135850877305587,0.10668135894065763,-0.16756058550298045,0.98007272068988449,-16.241490009467501,-24.377505416492159,4.168254482102844,,0.359613848811408,0.4285714285714285,0,1
0.74288667370289641,-0.6633851529345588,0.089663420081089726,0.65012329350545062,0.74689998501228461,0.13957118481361028,-0.15955905889755054,-0.045393295260874385,0.98614418594295172,-17.765534591036413,-11.582635096259358,2.9195137788522136,0.2528529014142006,0.2606428250482514,0.7638888888888888,1,4
-0.87285058334756738,-0.48510094223342154,0.052999386732848534,0.48037695495576022,-0.87326155358521729,-0.081561266403632107,0.085847773979544101,-0.045731114945728103,0.99525816993812088,-3.5270943573002,-16.863416982776741,1.4065996204387614,0.561106423387403,0.4807333146199556,0.5,1,5
0.58683311958050721,0.79493641800665715,0.15395772500967669,-0.80966562856473212,0.57415450160858494,0.12160665361514827,0.0082740367588797856,-0.19601709009507967,0.98056557185451398,-14.965873290240726,9.3492830052490881,0.30662240655594875,,0.07235195902594485,0.1791044776119403,0,4
0.99014442052620355,0.031840251187472288,0.13638264150963897,-0.083738514459120172,0.91516334546689204,0.39428912273866462,-0.11225812975908586,-0.40182365475188819,0.90881013571858182,-15.865165685185321,19.871879076755061,-0.58913773194151076,,0.3599243361019527,0.5789473684210527,0,1
-0.011777409770612641,-0.99982985781925771,0.014196761328580783,0.99527298175363299,-0.010352609771577603,0.096563529669086795,-0.096400126609513581,0.015266921236550803,0.99522557076555718,10.695686795647775,-12.857613052679875,-1.0462961366807717,0.6732273844025024,0.5478449490586557,0.7142857142857143,1,4
-0.24000303246195459,0.94314181702835642,0.22996099099959652,-0.95520169359965834,-0.27168878366179222,0.11736664507738773,0.17317121283115033,-0.1914907773362112,0.96609679289487482,-9.8297535437530499,0.42472707300224311,0.35465054168935445,0.2051774626156899,0.2306074987276911,0.2204408817635271,1,3
0.96796951455892877,-0.2463548759054579,0.048417909931722861,0.22377019934833972,0.93398144566321695,0.278577739671443,-0.11385041400080334,-0.25882027407923908,0.95919244625747113,-23.063926775444667,21.610091125475446,0.23191399776789359,,0.4366964737432558,0.8769230769230769,0,5
0.64866995193229982,0.7153409126954845,0.25983585604019099,-0.76103411964253809,0.6129734616271022,0.21234548283586085,-0.0073730726332291484,-0.3354860860972908,0.94201630762692556,-1.8212046396376469,-16.852704429499493,1.1613267900755406,,0.5481958824094629,0.3448275862068966,0,1
-0.97507075810019195,0.18605041057571164,0.12092254307004101,-0.18546194738718783,-0.98251784900284977,0.01620316210391913,0.12182316187519009,-0.0066273007644921649,0.99252969533173563,22.410606644203579,-8.5002504984854905,-3.1020093932654222,0.6910944068475265,0.6365040352773993,0.7692307692307693,1,5
-0.32884011077799141,-0.94400680005662585,0.026745896701505921,0.94012569676926794,-0.32453853559519535,0.10410769994493541,-0.089598302537586785,0.05937929235495653,0.9942063386550134,-15.187179566293082,7.2526311715668399,0.53785349558572748,0.5743396403018023,0.8085874878381164,0.6223404255319149,1,2
-0.023565756458393206,0.97902633847619369,0.20236621183497783,-0.9930385277213889,-0.046291387095139955,0.10831246438772774,0.11540856806788038,-0.19840497990399167,0.97330176531526758,6.2767554260032021,3.3030093441043791,-2.2545894168384062,0.2117598943769974,0.1898813271791346,0.1481481481481481,1,5
-0.14507265430306707,-0.98939828795088169,0.0067046829400913208,0.98718603048356834,-0.14428641988598304,0.068155485872977192,-0.066465526339287775,0.016506266578187639,0.99765218236221542,-18.322676309673646,15.923074164298896,0.15206023433645038,0.862540260355281,0.8288824658885093,0.8807339449541285,1,6
0.6763115044919803,-0.7349414247297148,0.049637194804409604,0.72126026029622214,0.67439520848674028,0.15803398269850727,-0.14962080673896877,-0.071078864554684262,0.98618528137688044,-15.984610618763076,17.661756796840471,-0.37778021989668614,,0.1451922788156523,0.1578947368421053,0,2
0.3661875647598743,-0.92268176842566285,-0.1206856314153649,0.91777956910661584,0.33670983881778183,0.21049262926235501,-0.15358167190686728,-0.18784259010723822,0.97011743175560783,-4.3977224915261681,13.412890627184872,-1.5923270751825256,0.6123574775165431,0.4538708981302635,0.2181818181818182,1,5
0.36818695661288742,0.87838819581654382,0.30474996707185609,-0.92956968205008728,0.3412917004334145,0.13935631104678697,0.018400304167055435,-0.33459550604487504,0.94218218840155032,-0.38576020330734706,-21.300713092120507,1.5807009909286425,,0.5443049134941073,0.5357142857142857,0,5
-0.89234488257862277,-0.4504253155697277,0.028942108244819305,0.44577158625227742,-0.88954816260124325,-0.099958788022268277,0.070769367849882941,-0.076296143458654112,0.99457055811413608,-15.833722478116291,9.1361826980248004,0.45621359000045342,,0.3113482485457146,0.2727272727272727,0,2
-0.23258470586990457,-0.96721166697290117,-0.10200953811733506,0.97047536852094785,-0.23769231392323037,0.04098686369986862,-0.063889855920490374,-0.089464826458908575,0.99393869586465777,-7.845863900189519,-9.1979857944315242,1.1969550842692287,,0.1724345800703994,0.2333333333333333,0,5
-0.022568538828564549,0.95542391202711896,0.29437358811880643,-0.99512706289628572,-0.049737724288208045,0.085136874937030316,0.095983278473684736,-0.29101770927114951,0.95189069915826841,-22.947932978888694,-11.859387144381039,3.6736443411607596,,0.5801857435558152,0.1538461538461539,0,1
-0.28347530842268409,0.94332175509329352,0.17258567693285204,-0.9510275375517192,-0.29966280644674337,0.075821007977826899,0.12324111462079579,-0.14264034772871362,0.98207197234563937,13.17017629245086,-12.284072905368227,-1.461611918332455,,0.08908298894816144,0.4285714285714285,0,4
0.075968876030660035,-0.99700231216677726,-0.014666949537509029,0.9919052876499781,0.074063149758348365,0.10314334772482785,-0.10174787568618074,-0.022383908996645361,0.99455835947991367,16.972350025127959,-2.6085124773371335,-3.0256671567949653,0.1959611497518345,0.1562247353435735,0.5,1,3
0.41482889367217224,0.89506178179088003,0.16365022380693245,-0.90915283959201765,0.40044504286057575,0.11438916867503411,0.036852452245343642,-0.19623499796348551,0.97986413463182631,-16.397408950893364,13.128849914468448,0.1526557904771482,,0.08730888654913219,0.2941176470588235,0,5
-0.72936676265090838,-0.67715668715589883,0.097380421955247029,0.68360190713953206,-0.72694417717767734,0.065119857360600664,0.026693783833103002,0.11406570171404948,0.99311452390807042,7.0229027238727291,-7.9699185102354244,-1.2134608822275874,,0.07984205323940072,0.16,0,5
0.53331786322007357,0.82273974606759803,0.19665036743164177,-0.8455414408916998,0.5115704885093092,0.15282443201640228,0.025134209857559636,-0.24778003456084152,0.96849023018710145,-16.372639727035033,12.027665620907367,0.24237994364776896,,0.4412084480763454,0.1612903225806452,0,3
0.76962447593067373,-0.63078401659687244,0.098942864595453359,0.61928015408068604,0.77517617604707345,0.12487588578600937,-0.15546786423643805,-0.034834185722579299,0.9872265812339166,4.905433898706506,-7.9453527301464613,-0.9241846816300876,,0.0821763417704848,0.103448275862069,0,5
-0.96770823698756792,-0.22300397295740207,0.11751593981936043,0.23327182054164103,-0.96892782159052382,0.082238277517411765,0.095525000955779746,0.106995815773593,0.98965997675936246,-16.948014929510467,10.189536431450234,0.52053179679638595,,0.07311313581968196,0.3636363636363636,0,1
-0.97199706864200408,0.18046602925008631,0.15051149736169162,-0.18542966897390403,-0.98246393946525623,-0.019505012551600118,0.1443521264671217,-0.046868112156525928,0.98841582527158256,-5.9690304298006058,-14.146516171377653,1.5095782060362104,0.4750339294326547,0.2920958160769344,0.4444444444444444,1,4
-0.99039761174696705,-0.073992334433310256,0.11678058524863955,0.073821397374003089,-0.99725464511178818,-0.0057943155517364538,0.11688871603219503,0.0028822297050603908,0.99314083634511474,3.0269814864779256,18.722768863390382,-3.0797862924015305,0.267084512191863,0.2789733332152312,0.5909090909090909,1,5
-0.55656758595655409,-0.8212818596037823,-0.12541383236408696,0.83070811764995756,-0.55240064425611879,-0.069119834316137385,-0.012511815733887903,-0.14265214793748732,0.98969380070598756,-11.685217269897588,-0.4345283030907347,0.70704727702289083,,0.4021436929857597,0.4201183431952663,0,2
0.47945815825520649,-0.87750619076173952,-0.010137043816935276,0.85931984957690122,0.46711552557876257,0.20826061050138231,-0.17801480445641971,-0.10856321171602099,0.9780208374345839,7.0085189807089083,16.152778041634395,-3.3805842345503949,,0.4061171834662309,0.7358490566037735,0,6
0.034777962107711669,0.9206848096149659,0.38875438865161266,-0.99852285522945261,0.015762962670244643,0.051996505577579212,0.041744471922127879,-0.38998847464009884,0.91987302858157127,22.245109863140446,14.73948851710794,-5.2883635515835943,,0.4479380006547613,0.4210526315789473,0,3
-0.17173079442002115,-0.98507526332291229,-0.01163012627452918,0.98237386520885439,-0.17212066811381729,0.07291134728330842,-0.073824949728953454,0.0010959914900202854,0.99727061302345088,4.9432301038120228,3.3570808459617743,-2.0680835671506448,,0.2335031465233945,0.2745098039215687,1,4
0.043064169606625874,-0.99884521466150722,-0.021300573792726138,0.99839620439982035,0.042241013371982841,0.037692384235288694,-0.036749099800191511,-0.022889603253782632,0.99906234526517934,11.29320855127987,-8.1693808394978991,-1.7547070995263268,,0.1749983922999006,0.15,0,2
0.98665940379631811,-0.11593681311107863,0.1142885657707744,0.10012592645181627,0.98570170238543442,0.13552473119922545,-0.12836673927641576,-0.12227350195403595,0.98416013481924625,-6.7467228575936442,9.7564575854160029,-0.98492209545190113,,0.07857888919534109,0.2441860465116279,0,5
0.19010084712644484,0.96414393549531563,0.18517056885318661,-0.97953082736304764,0.17354832816162818,0.10198203781925168,0.066189320643677219,-0.20076715229316897,0.97740039103369503,-14.957805219336599,12.705657738597109,-0.057221285078248516,,0.07006689041350468,0.3428571428571429,0,3
-0.21251260835686728,0.96030069534413465,0.18072345119250754,-0.96643342593261783,-0.23388067715043259,0.10633090846878684,0.14437736848101648,-0.15206052537468415,0.97776928367241656,-2.4978373038154129,2.9825231610652061,-1.0119370659470779,,0.1189579062033066,0.1141304347826087,0,4
-0.58481329274504967,0.77852310218381271,0.22780516235323775,-0.79059944351463041,-0.60988678877805891,0.054686605200393819,0.18151014446319258,-0.14812118092993895,0.97216983249680733,-10.202398608109331,-9.3112888115929344,1.5304334693810844,,0.1514735133086476,0.18,0,5
