axis_00,axis_01,axis_02,axis_10,axis_11,axis_12,axis_20,axis_21,axis_22,location_x,location_y,location_z,dbh,dbh_approximation,score,reconstructed,number_clusters
-0.53131278817386696,-0.84193114773143807,-0.094120473875425062,0.83057474282422283,-0.53956269095063936,0.13790467402006568,-0.16689013663301749,-0.004903571527765738,0.98596330422632072,-15.582073082603257,-13.665069378632243,0.48455145412069778,,0.09463403213352942,0.3333333333333333,0,1
0.10471814896502717,0.98880966099583156,0.10625235808511495,-0.97892704644042805,0.083653815935232551,0.18628976575994413,0.17531670492214665,-0.12352122651910215,0.97673259368900844,-9.6392438241269431,14.157084197190642,-4.8975100420359343,,0.5183972760511152,0.2222222222222222,0,5
-0.62949124346727514,-0.7749491693414452,-0.056520432898454216,0.76173800468335884,-0.62983578178526989,0.15186210917787826,-0.15328400640327638,0.052542106162037486,0.98678434344137123,-3.3610800045534215,-10.317359493246931,0.92964672987482266,0.2398978112841664,0.1562946391137296,0.5826086956521739,1,5
0.97035222578805724,0.24133033173050705,0.013275123163475285,-0.2333983904258671,0.92136052459332429,0.31083753806084585,0.062783351732577528,-0.30472028929488215,0.95037034677922561,-15.850413689591257,7.3811494579756953,-4.1625356936604687,0.4968231133864153,0.4842078154084128,0.4777777777777778,1,5
0.75582437402715319,-0.64409940784868447,-0.11775172370474214,0.64796099001664875,0.70988941678015727,0.27604994359748447,-0.09421290274218487,-0.28494379928769104,0.953903014045133,-13.411362871146293,25.09074929151636,-7.5448033222687894,0.4521720240789934,0.4360683104575612,0.7435897435897436,1,5
0.61136568105488887,-0.7371014526475228,-0.28794696131962166,0.78190501444949412,0.50661640156263732,0.36326900507263349,-0.12188745795621589,-0.44723737564366917,0.88607120335802292,5.4325648991670015,-5.1631445373890603,0.59785220571805231,,0.4630105895185892,0.4166666666666667,0,2
0.75713950492868887,0.64947731274442499,0.070135513875774338,-0.64408745377707677,0.72427914018673734,0.2461119236796975,0.10904642113935024,-0.23151446460348793,0.96670053828269831,-14.947949630265098,9.5386341998236279,-4.4567204440400028,0.1629965293306818,0.1921343417536513,0.1578947368421053,1,5
0.84696256219869948,0.53085945472566354,0.02902856459053399,-0.52155920751721241,0.81905492644097844,0.23900841099589368,0.10310388590074032,-0.21757129130732289,0.97058349558965429,-11.571242374433313,11.478994939433656,-4.4975746918759105,,0.1320432279843745,0.4102564102564102,0,6
-0.70572647560055479,0.70796917585099706,0.027014582752301949,-0.70071772199477733,-0.70311287781332865,0.12094194944480678,0.10461747329615009,0.066422338847111531,0.99229192135339384,-9.0849088192121972,7.6271290448829223,-3.476267659395667,,0.09529576784795517,0.2117647058823529,0,5
0.83115572515139735,0.55601172037086788,-0.0055791897514441968,-0.53653964324786085,0.80460101566724396,0.25444531202342319,0.14596359741905809,-0.20849022134734993,0.96707107072387399,-18.292990161329566,1.3378556975819544,-3.1769651423742253,0.1740468050654609,0.1850142976082705,0.6770833333333334,1,4
0.78517751243712797,-0.60521320979870508,-0.13119925551691464,0.61782979522612402,0.75112392045971343,0.2325923477762675,-0.042221062207030986,-0.26368509020871639,0.96368436487665987,-5.2984900671164654,25.775635532697017,-6.7360287708134061,,0.19727744048795,0.4375,0,4
0.99747767148650701,-0.052571916063280814,-0.047691598078612292,0.065685013684341709,0.93831867713204875,0.33947538809529354,0.026903045610941357,-0.34175174291669336,0.93940511620400391,-25.073240187914376,16.130966979609095,-7.0159981879579725,,0.2637773909591859,0.2,0,5
-0.18978696886369437,0.96690517060387127,0.17051480143680028,-0.96643698196968575,-0.21460113799019251,0.1412299948829604,0.17314868272920167,-0.13798819744026919,0.97518141442314654,-14.402883607716284,2.6849300950105208,-3.1343373036627256,,0.3735734182723671,0.1959942775393419,0,3
0.88926505363039521,-0.43681306835868411,-0.13565399995135974,0.45573242906643335,0.82092953879752406,0.34406779190574394,-0.038930932289636171,-0.36778939033196384,0.92909383103662013,-1.290733021859682,9.2822275416568516,-2.9634539485834503,,0.1113220196164326,0.4,0,5
0.8136842292074864,0.57763450964897067,0.065240695900732323,-0.57277582451812992,0.77751998617412821,0.25959685273007371,0.099226155758424334,-0.24859815840503799,0.96351083317782593,-16.643621766449701,6.1626264832961759,-4.0013876992809418,0.5123086801725084,0.2547378880617901,0.2608695652173913,1,5
0.43218512896448136,0.8994220931717134,0.065237355990012305,-0.88188208487594011,0.40642432401441397,0.23896287833948426,0.18841444391770812,-0.16080785790513968,0.96883477959822473,-4.0005204560992338,22.555986844051869,-6.0107698322721204,0.18797639301479,0.133290154590333,0.35,1,5
-0.95451391015334341,-0.28873037628163045,-0.07441750557525352,0.2865594377101941,-0.95728472572792422,0.038595887698434007,-0.082382546592055239,0.015515273129431678,0.99648000096174871,-5.9582579300150647,14.590476564104611,-4.6598302762770745,,0.08253346810809899,0.3157894736842105,0,3
-0.97532251632912281,0.22018999593308961,-0.016197371157441763,-0.22053920682422928,-0.97507205390682761,0.02443251815221776,-0.01041380788980596,0.027401740472177898,0.99957025627232798,18.599726937156305,10.524951016501101,-1.3299426299207244,,0.3160569970185373,0.1428571428571428,0,5
0.97185907053446796,-0.22691076446302813,-0.063257031156100998,0.23556097636987086,0.93727900659856656,0.2569418031408604,0.00098662634916340847,-0.26461211000331741,0.9643544254100973,-5.474523934816931,13.32376881892743,-4.2818270326513055,0.2342904752347849,0.146089851751239,0.2857142857142857,1,5
-0.91971503800082577,0.39242029965599046,-0.01142616703201605,-0.39120102121111461,-0.91363762509661606,0.11058051822630155,0.03295466398739158,0.10617249373410735,0.99380148505411281,15.871452443932926,11.656894644906304,-1.706919688080528,1.036911585357805,0.6011416454981121,0.9716981132075472,1,5
0.99708127073182706,0.076266559801770786,0.0035144575411073051,-0.073485616200227963,0.94620319590903967,0.31511803544575606,0.020707577537657909,-0.3144565532907892,0.94904598009000551,-17.748211786827778,7.2016977933903972,-4.2777424035348544,0.7662118656592125,0.6213710684394036,0.6868686868686869,1,4
0.97444241605646265,-0.22125172542154647,-0.038854237710099181,0.22430689363762302,0.94896389825460581,0.22170687241504894,-0.01218175917855745,-0.22475585377785237,0.97433896100684825,10.372304290417683,12.674990295777233,-2.4970601788267808,0.1569568114978297,0.212487090149146,0.5384615384615384,1,5
-0.9758438241563383,0.21824416753039183,-0.0099153514762950028,-0.21835626499671193,-0.97287420694541249,0.076395804839134426,0.0070265491258456715,0.076715453458215732,0.99702826780792964,10.621012152794366,6.3929715873510045,-1.1824237990009339,,0.2709011765004408,0.4107142857142857,0,5
-0.31459813146875742,-0.9302618974400042,-0.18878775873369316,0.93400921685163396,-0.33883892001888993,0.1132032204340095,-0.16927728291937197,-0.14071598506124661,0.97547127740168715,-16.362860963833345,10.130249961337974,-4.7597916236216493,,0.1860859260693561,0.2448979591836735,0,5
0.28762385471807111,-0.90949660324644166,-0.30014737526805396,0.94423242959254949,0.2168269960912223,0.24781277745872468,-0.16030482557573961,-0.35468575168625133,0.92114080381225638,1.2767453959685438,17.447587169891694,-4.4491222867378442,,0.3493335659309575,0.2307692307692308,0,3
-0.8377559176033228,0.54513681153042781,0.031478234306487385,-0.54595405439492406,-0.8351721247994478,-0.066495807745455229,-0.0099595687838138578,-0.072892926079388104,0.99729004222303652,5.431212518074128,13.559593647710958,-3.2465598008236385,,0.679491259986992,0.4423076923076923,0,2
-0.63288048907943217,0.76535406585299626,0.11702751994666394,-0.76701971961451854,-0.6403750746960527,0.040006417366347517,0.10556058101888473,-0.064443134547542677,0.99232255146431247,7.8952554443273355,-10.585597549118175,1.9609710495521253,,0.3121355481870648,0.2758620689655172,0,3
0.42043396256489174,0.87848228346255974,0.22694528143231354,-0.89046115527095915,0.35150692581375997,0.28900140494203558,0.17410977593315613,-0.32359196335411144,0.93003979870602282,-22.639612333237853,5.5293279144197367,-4.4798689047763176,,0.5242221401641228,0.375,0,1
-0.95665935684511072,0.29070746225898736,0.01708936358201087,-0.28984825641747242,-0.95621422031768544,0.040525956052778415,0.028122290313020458,0.033816212815454237,0.99903233207858166,-21.317200791228206,9.9973445376540901,-5.3059950542897303,,0.2378037985381109,0.2857142857142857,0,5
0.98129941186076597,-0.17224734223452501,-0.085920413027741088,0.19210679399339239,0.90444042309762929,0.38089696870487394,0.012101404186931588,-0.3902798664549888,0.92061673993936299,-10.082380887927455,-11.860605768989176,0.55311672040840465,1.058088336144952,0.5650538670854985,0.4677419354838709,1,4
-0.66285992561277129,-0.74015100360676878,-0.11310707703995936,0.73049855062634916,-0.67243099533482176,0.11919909414849947,-0.1642820335564219,-0.0036122531628890635,0.98640679492674466,-10.43403544570781,8.8380162711247507,-3.8373250923307567,0.1899566301600693,0.1649439122401611,0.2535211267605634,1,6
0.72910820960421119,0.68047180328675883,0.073207537995807453,-0.67211373806378882,0.69173707501159543,0.26412675396544433,0.12909044036512396,-0.24178077670912626,0.96170562763262923,-10.239695485787042,-13.445492853231288,0.87616217560031029,,0.677468432422682,0.24,0,2
0.72416883653185382,0.68931347927373887,0.020650023913639119,-0.67422303562511654,0.70138755127693042,0.23125484026546098,0.14492340883568025,-0.18139027042618369,0.97267403345939174,-12.566477989125643,-10.207108352188998,-0.15665203189127802,,0.5347304588904644,0.5,0,1
-0.78455719887706499,-0.61672744145925973,-0.0641659149493716,0.60495512221584369,-0.78403956002338859,0.13896498991884937,-0.13601213841046722,0.070208484312423533,0.98821630574260655,-8.5273624864644688,11.352128448107901,-4.183181519415931,0.1234344124230301,0.1072204848254051,0.3421052631578947,1,5
0.78702530952999405,-0.57968535396375842,-0.21108304659334365,0.61169493406848519,0.68881826753805087,0.38904845706007946,-0.080127834078845689,-0.43530941260876638,0.89670800459237698,3.023656202820606,30.66330887664791,-6.8304555337341517,,0.3126090940509956,0.6,0,2
-0.99711243822268159,-0.066747333707163986,-0.036215728414640852,0.062311271438912401,-0.99172851868395429,0.11221341577813092,-0.043406117003075798,0.10963274452422513,0.99302395254837683,-10.471937289415738,4.9274114851757176,-3.142062167115717,,0.08540970598396724,0.2830188679245283,0,1
-0.24632628526514042,-0.96665171972234809,-0.070055791661376349,0.95570977776677413,-0.25427803220613093,0.14819413962218581,-0.16106576876685733,-0.030448893168772827,0.98647386333158182,-4.5025954445285157,-22.022805324705057,3.1703001698374069,,0.3496224143478376,0.8837209302325582,0,2
0.64921947128767898,-0.75532024492556527,-0.089472932815068656,0.75171379859899556,0.61924852883750381,0.22684273082568687,-0.1159329249903339,-0.21452875597031379,0.96981285295927799,-10.152646631875816,4.1872209887752252,-2.9732683618094016,0.3833231518894572,0.431054460760491,0.7676190476190476,1,5
-0.72763410457387423,-0.67843545536114003,-0.10136045959791028,0.67273326373414677,-0.7346477468784629,0.08787857459017738,-0.1340841740347451,-0.0042451048657431174,0.99096085359518593,-11.868526835619123,6.5071606256324772,-3.5435707567535841,,0.0924215849528064,0.2222222222222222,0,5
-0.84813285888387757,0.52975403690298561,-0.0055958972873933121,-0.52548179807545348,-0.83985585309655819,0.13605523110428625,0.067376060829119913,0.11833345429100994,0.99068544958665261,-13.904305349019142,-8.2830845090292424,-0.7327690828131922,,0.1933087168195362,0.82,0,1
0.6063216476121388,-0.78752084948900325,-0.1103855572845476,0.78330591161647511,0.5675182062558618,0.25368274358893977,-0.13713463626518271,-0.24027899864167893,0.96096831079290423,-9.8046991819302978,-21.93813824056495,2.7063823849762336,0.2385168541584261,0.2159988082412534,0.4545454545454545,1,4
-0.86435345297301847,-0.498798975571703,-0.063974137760814009,0.48775465252898764,-0.8625069510419634,0.13482269223177062,-0.12242755927464445,0.085330776235282124,0.98880238235814211,2.0813540128152881,5.32555618990272,-1.7971866037048947,,0.07340344424543656,0.2205882352941176,0,4
-0.37103154556268941,0.91832875063068053,0.13786913346523005,-0.91780173007135257,-0.38524136175455981,0.096068087685363471,0.14133497965964506,-0.090892238164674066,0.98578041396957272,2.4079121163240447,4.0077480419229232,-1.5034162758980614,0.2859682717368031,0.2334583551620399,0.3148148148148148,1,5
0.99922586795508184,-0.025173923573942391,-0.030231413815896429,0.030640967627744511,0.97997951116944026,0.19672643134805692,0.024673789985532806,-0.1975004588855418,0.97999223100377253,-6.5967389548803279,-5.8528529221727483,-0.58430609491397978,0.1602994389058512,0.1232415100595939,0.6574074074074074,1,4
0.45597523354761715,0.86136588191325769,0.2239093652954082,-0.87408980392521496,0.38607620387049357,0.29480871676212206,0.16749209254521824,-0.33014236668556446,0.92895232205645473,-15.997227508888152,19.198578047576689,-6.6481515590157878,,0.4727425461372559,0.3333333333333333,0,3
0.1694486767998743,0.97502835704155955,0.14355085821968566,-0.96893223214918611,0.13819010277505686,0.20511905079103385,0.18015958323988007,-0.17384820522471828,0.96815253245910415,-12.475204715692277,-8.6670747818265177,-0.53903272971232619,,0.0976891044135195,0.2666666666666667,0,1
0.22916660220160506,0.97309536669652785,0.023834339703921379,-0.95623523324731441,0.22048456324916058,0.19235575391779139,0.18192538891486906,-0.066872749925343297,0.98103577314264978,-17.572870170870779,11.952889059488889,-5.358559864426935,,0.09005844166513151,0.3529411764705883,0,4
0.85778230257818266,0.49940406778833951,0.12167620334366505,-0.50245900115503317,0.76476081302453391,0.40333094478398068,0.10837192229519441,-0.40710745011423194,0.90692836019143808,-1.2715486278562806,16.754074628133392,-4.5769169900325437,0.2607935245886052,0.1398127407383566,0.3421052631578947,1,6
0.90534352946291252,0.42467439411862651,-0.0021800549565104202,-0.41125140504932556,0.87798527263600479,0.24497784160865496,0.10594987260299771,-0.22089255309823647,0.96952622681449452,-1.3502857552838108,11.091078219088866,-3.4159654270685031,,0.1703836514527269,0.2894736842105263,0,5
0.94865714892413644,-0.31246262770031019,-0.0491601473324507,0.31553573752842218,0.92400569458600734,0.21598767259968021,-0.022063819649498821,-0.22041003303672299,0.97515773349711321,1.1624439739660628,1.9554494344170716,-1.2510311399208418,0.8888832004446293,0.7194875486108463,0.7442273534635879,1,5
-0.87065369691638528,0.49125360556071235,-0.025140307663808308,-0.48854807456049548,-0.85764368910801347,0.16052439495736859,0.057296761593160175,0.15204340681791098,0.98671165167648611,2.8123906598150641,-9.7856333456960272,1.3784957182628226,0.2349220313160544,0.2204589878579574,0.674074074074074,1,5
0.8781810730365619,-0.4766074273499965,-0.040538415795053302,0.47438720057436062,0.85695498816647864,0.20145702317818004,-0.061276315910603264,-0.19614665037010029,0.97865811428558425,-12.397534210636678,3.1900157789966515,-3.0010390168940191,0.171100871513628,0.1190710272867916,0.6564102564102564,1,5
-0.15142300824559507,0.96141528879671923,0.22967741517566684,-0.97793612559055709,-0.17953938100014685,0.10680142758884054,0.14391666629958005,-0.20843764808211906,0.96738913577898411,-6.6805907219131786,-10.875834136017767,0.68908147316223078,,0.3263185507618065,0.1428571428571428,0,2
-0.97676910507226766,-0.21013965583992453,-0.041993337802544398,0.20676741240370358,-0.97566822497336991,0.072929774065122743,-0.056297002977043965,0.062552696351085971,0.99645261183611267,-3.0804975035486848,-8.2320040945667508,0.36112581279424216,0.793244514601694,0.7926023596366886,0.7852564102564102,1,5
-0.93271110236124621,0.35718799531344214,0.049666241412381427,-0.35150577523644683,-0.93123839734051772,0.096118350454468177,0.08058343196645977,0.072192681918792023,0.99413003534239852,-38.507069916979262,8.5641513081063572,-6.4194929109604368,,0.5030464453993208,0.4893617021276596,0,3
-0.1224961532001619,-0.96574570704985629,-0.22875734253993962,0.97815499429219366,-0.15648395485528505,0.13684143748911387,-0.16795088446447792,-0.20699758739565524,0.96381766907438315,-13.338508377267576,19.366464212104592,-6.4374951580159783,,0.2995841817468349,0.2222222222222222,0,5
0.13124542566015879,-0.99010129862007212,-0.049739890572156165,0.97626485540357455,0.12036596268644849,0.18005267876485906,-0.17228340125247354,-0.072190397542961429,0.98239858313999395,-14.239446581382598,10.958301705670795,-4.7281153842302137,,0.07591560306989906,0.3,0,5
-0.97994699955489772,0.19891307894582191,-0.011724550637311286,-0.19925705359506732,-0.97803311821752148,0.061219655849441591,0.00071039141750724405,0.062328217478160627,0.99805545369484805,-25.900259095295638,10.058870092718756,-5.8127713931917144,0.3845171432140888,0.4167178558639449,0.4444444444444444,1,5
-0.90194176697913275,-0.42680209204547742,-0.065886441732450951,0.4189881816175603,-0.90178718629829691,0.10596591099505241,-0.10464202140330686,0.0679694405877002,0.99218456070573124,-10.297543231903106,-16.376155421744908,1.4214135738284375,,0.06692532250889753,0.4117647058823529,0,1
-0.60063864946736789,0.79739373992681639,0.058278952388837846,-0.78887852942265502,-0.60292072815703812,0.11898429045271409,0.13001491676713584,0.025491549268551957,0.99118429282042353,4.1946393033019937,16.373199911957851,-3.956620693561498,,0.1458479864491245,0.2758620689655172,0,5
-0.88679500967041613,-0.44225551203818891,-0.13418149237315297,0.45166551483765111,-0.89085045663115248,-0.048823422929035049,-0.097943215845135378,-0.10390152064290076,0.98975330283763463,-7.0286612938787112,11.000436845371892,-3.9673556831046288,0.3380889477455034,0.1438836199073415,0.1904761904761905,1,5
-0.5982225435811902,-0.77968028212196505,-0.18500931333709564,0.78874272632904618,-0.61367826612289356,0.035831513384479416,-0.14147331908976388,-0.12448953112053876,0.98208332468641069,-2.1695344580190694,6.9667916394349456,-2.6169768255539188,0.6186503993608479,0.4759255679742564,0.2065217391304348,1,5
-0.078292315168322413,0.99293967007467931,0.08911298994855027,-0.98155009951791106,-0.092416716852718031,0.16738743257049754,0.17444115203117186,-0.07436371452631238,0.98185555069973818,1.13207626373911,-11.509732701376084,1.5664280659400445,,0.1120330725515431,0.2142857142857143,0,1
0.59828424260361845,0.80120624618487613,0.011158679426950237,-0.78497748569296433,0.58325691000377433,0.20885814297747712,0.16083007183784304,-0.13371584800309946,0.9778822832966374,-14.237966901941517,-14.367321690399955,0.72366719505067767,,0.09918211391641925,0.5,0,1
0.98782679980877797,0.15555281424389172,-0.0012391772894640256,-0.14606814190460668,0.93027595223047777,0.33652748865763471,0.05350057476406294,-0.33224986784419364,0.94167282737553382,-3.2574054395120902,-14.55659957102376,1.7662093047661704,,0.1878158985085028,0.5,0,4
0.87657352018532431,0.47980468183027536,0.037501080033216075,-0.46429060026368374,0.82256606038281965,0.3283585156701076,0.12670083747433408,-0.30524177892293253,0.94380843087104627,11.995406085845127,11.016075828413488,-1.9144196675534189,0.7739270298859825,0.5887058332064365,0.6101694915254238,1,5
0.53344739132042729,0.84010342369983304,0.098285900215898128,-0.82769374888006564,0.49453511095671604,0.26525097944379233,0.17423242740171416,-0.22284806824122808,0.95915681706531131,-4.1702514395251642,-15.756539925758535,1.9177454057709695,,0.7641063095818312,0.2941176470588235,0,3
-0.743779003953985,-0.66436006051700247,-0.073610483404631166,0.65399483642486034,-0.74605473067724215,0.12527207495578832,-0.1381432126701817,0.04503386308049858,0.98938789358330459,-18.094481927356028,17.448795878873877,-6.5045629735832344,0.2565292268721549,0.1964933271789939,0.4,1,4
-0.74643380648741375,0.66293708785151195,0.057887736902263204,-0.65723821327442145,-0.74804900479868597,0.091981614638689355,0.10428088772423902,0.030612153969472134,0.99407665322388128,11.761996075852837,22.383302167078728,-4.3641635081815036,,0.1566263434517823,0.4,0,2
-0.16907765856030585,-0.98274076480948502,-0.075055543149273762,0.96913735573670134,-0.17963177440209016,0.16883486411529505,-0.17940326388178734,-0.044192927113107572,0.98278250600106654,-9.4513207440158116,-10.036560287412005,0.16584038890207631,,0.08509312520066575,0.3709677419354839,0,4
-0.99716620108217757,0.068135264429454487,-0.031892838701902668,-0.071656128398302613,-0.9893348569135032,0.12681458969260204,-0.022912151411494119,0.12874053999057708,0.99141359012302743,20.168979947630877,-0.66514850373548073,1.0979153028170023,0.212928278336126,0.1979205399830028,0.5882352941176471,1,5
-0.0095384917005947537,-0.99441190483266362,-0.10513791277722613,0.97456401973164997,-0.032787938789992359,0.22169781801901425,-0.22390620496218042,-0.10034896410515473,0.96943081072475534,-11.636266306307412,13.175521198239846,-4.9073457574676045,0.7956663027446658,0.4357535739381245,0.3636363636363636,1,2
0.85085630186071859,0.5253882853531795,-0.0032715741696853293,-0.51116813973106801,0.82923436210186541,0.22600333102277878,0.12145240428983273,-0.19062403395993519,0.97412103517430548,-5.6373772620601041,-15.623224915377085,1.7159864734961203,,0.0958822323844777,0.5714285714285714,0,3
0.48033830266851946,-0.85964590627898385,-0.17402307550238816,0.86642600650211909,0.43423197447763229,0.2464722450866354,-0.13631247282004447,-0.26916817820656475,0.95339781916818078,2.9631740409434792,12.671389877348977,-3.2861409993914981,0.1816745116847797,0.3162461763098263,0.3474576271186441,1,5
0.98200997696412928,0.18865836169147618,0.0080266871621966877,-0.17848453358779856,0.91349791319170681,0.36560201567325107,0.061641515335507553,-0.36045746650372823,0.93073666438410885,8.8159750012001314,13.327099739589983,-2.8373532221755218,,0.1686278815188499,0.16,0,5
0.96007780167622347,0.27971662127366942,-0.0030375173734068879,-0.27082595419038114,0.9321708883314519,0.24023059231542945,0.070027974877335142,-0.22981742042455172,0.97071109811518319,-1.9767233552478465,-12.935238868163809,1.5292444406497194,,0.1002451462286675,0.2,0,5
-0.76265339078955507,-0.64339577721525132,-0.066345153393275069,0.63120807176524085,-0.76272587015847693,0.14080346987699152,-0.14119552278879455,0.065506647392284331,0.98781207903721346,-19.633740477953364,2.6495163906680967,-3.5565251351080498,,0.09547533843359302,0.2307692307692308,0,3
-0.27957944141069485,0.96007124341686645,-0.0099269081024954027,-0.94726894233517456,-0.27413569499923585,0.16592519885323423,0.15657869212534437,0.055792726150254962,0.98608837579653008,-8.3097139512785052,-18.321793657426049,1.9819574059168832,0.2562233136723316,0.1169688615684197,0.64,1,4
0.28228305075916726,-0.95095439895382805,-0.1264990528204063,0.94049075264255932,0.24831811282893951,0.23198116094826626,-0.18919149940715829,-0.18445553922676486,0.96445981284895099,23.811736634852746,-2.2359435758293862,1.6824816848249404,,0.3656388684755857,0.1875,0,4
0.87017709071836979,-0.47813122792366763,-0.11908971270903265,0.49059713607539746,0.81819781086355514,0.29977790507758284,-0.045894235624229188,-0.31928493729315194,0.94654680177695161,-6.0433073311338852,-22.360354001647732,3.0858043520406682,,0.2772902453694302,0.28125,0,3
0.67561679401203534,-0.73489807521303852,-0.058879255235359466,0.72825453572590915,0.65279935156108193,0.2085625512791596,-0.11483587785853296,-0.18378744693151058,0.97623506160496909,-3.5699458538070079,-12.54845194562583,1.3323767195309988,0.1484183860212918,0.1558924181694804,0.3333333333333333,1,4
-0.95353996045169898,0.30101076598760185,-0.012412194863507767,-0.30037856993141454,-0.9467611280801963,0.11582780789720835,0.023114033566877662,0.11417480070432157,0.99319175204811183,-10.007443069988392,-7.5357414896745061,-0.5315847630811299,,0.08866686159582979,0.5294117647058824,0,4
-0.0080228180425073008,-0.98704768268565501,-0.16022642258858708,0.98405599294183776,-0.036263673770150467,0.17412279781793963,-0.1776779028070509,-0.15627481585198477,0.97160112432238233,-14.916892949911221,-15.56701426746403,0.89433100047660308,,0.6723388777479319,0.5666666666666667,0,1
-0.54087468843760955,0.84109977582874185,0.0023955183903799516,-0.83068434549773418,-0.53461953575582666,0.15538812738824362,0.13197761004245923,0.082055585361779343,0.98785059161718158,-13.036525647813084,21.923149604075519,-6.8249680644712596,0.1894272395508445,0.1672589376822797,0.52,1,5
0.89164883530509309,-0.44890877540172569,-0.058679347869542799,0.44831017637058035,0.85743835281858294,0.2526211726643971,-0.063089937879593008,-0.25155592317232184,0.96578428091125545,10.469685480871416,-4.4429708297207817,0.9787868997703012,0.534493197136392,0.2654902638186349,0.4516129032258064,1,3
0.73740495445474774,0.67404313264265447,0.043586563099971734,-0.6598373945346715,0.70506354706057839,0.25980763533824641,0.14439025562442637,-0.22034348173620183,0.96467621725482589,12.703312604142273,14.531755271530516,-2.7312067978601084,0.2947382381834222,0.2767988145462814,0.2941176470588235,1,5
0.36356560003865551,0.91656345987449706,0.16652771088147816,-0.91448117918847305,0.31706682419765803,0.25138178514616433,0.17760694631289969,-0.24368022696990471,0.95345462377886847,-8.4636732229951388,-13.54766777096939,1.0589369780944202,,0.1333035683592714,0.6666666666666666,0,2
0.95430750635578732,-0.29591835862480081,-0.041587357956508184,0.29762461923595923,0.9287519492038997,0.22099638656459317,-0.026772548209859127,-0.22327593215293184,0.97438754547848672,2.7769470798787679,-14.244557943095709,2.1669179911369412,0.2737669297509299,0.2477581659484178,0.7096774193548387,1,5
0.92540269985403434,-0.37571255232860118,-0.04969830103325569,0.37727882481430469,0.9008502693343251,0.21477774695487226,-0.035923967620534784,-0.21750602350969972,0.97539766161673613,-3.4950643492655935,-4.0011536764164273,-0.7276816037630055,,0.6244632553600069,0.8273615635179153,0,3
-0.11079041012406787,-0.9906956316187866,-0.079042080665896783,0.97671222632672161,-0.12323905023577306,0.17562848129185513,-0.18373544015360724,-0.057743415108892547,0.98127824088946458,-16.212463164295311,18.093338381404134,-6.4246844519166482,,0.08961798691856876,0.2666666666666667,0,2
0.81569650083518308,-0.57102325490012462,-0.092583264624379324,0.57582267112483654,0.78615993246320715,0.22445670408367463,-0.055384744685688679,-0.23640009084751901,0.97007604191804886,1.2623111189358194,4.805791926543737,-1.7917607475950832,,0.3049943989132519,0.1866666666666667,0,5
0.37851070487341554,0.92183938566292789,0.083317425169206635,-0.90857865469671428,0.35286111650498775,0.2235483408311566,0.17667618550823319,-0.16031587413431558,0.97112529880279141,-7.7576747322368771,-12.63178711470947,0.94724859475545231,0.1189499690641699,0.1807735017416229,0.2857142857142857,1,5
0.95978570890250292,0.28042722239434004,-0.013113577952532152,-0.27078781684370934,0.93709528584032897,0.22028704797343751,0.074063157072457309,-0.2078773633564493,0.97534693856516141,3.2131510625135276,-17.034442515126248,2.8063730278203591,0.2309890165900666,0.1940272731620524,0.6451612903225806,1,5
-0.62962582221682362,0.7768534040081696,0.0083733313984537313,-0.76786552914086803,-0.62390778224167343,0.14533275066374929,0.11812642868978811,0.085075660086750285,0.98934740051500625,-2.1642555770485101,-14.507237876511462,1.8189452622878171,,0.1304188556809895,0.1538461538461539,0,1
-0.87499928866579313,0.48334368551718826,0.027479565226110912,-0.48276468174781001,-0.87538623964591,0.025242691923159154,0.036256129016904531,0.008821173915822449,0.99930359751151432,4.1796635251081584,-20.46839472899568,3.5355768681296751,,0.2335407354544195,0.4615384615384616,0,3
-0.31583000134321376,0.94878777931712466,0.0072910952554571069,-0.93576351551123005,-0.31274634567248016,0.16289986588874986,0.15683766540473865,0.044625923934279436,0.98661566662171063,3.1562690415202193,-10.782238227233481,1.6152676515694191,0.1491455846311811,0.1333948361154922,0.5,1,5
0.11296988513376562,-0.98683820845750669,-0.11570719675648218,0.97640394536520769,0.088688790881610233,0.19690006055665693,-0.18404657162827293,-0.13522074064409456,0.97357188269359041,-9.4457638426154542,30.806918584258138,-8.2139686917319796,,0.2345004727838643,0.7391304347826086,0,5
-0.10136838830732335,-0.9724201366937596,-0.2100560106363665,0.97865132112615327,-0.13541575565408615,0.1546097176074884,-0.17879049614006381,-0.18989905442924782,0.96538712836709561,23.101847814356322,20.646645616099644,-3.1832833300825985,,0.3267070151270058,0.1538461538461539,0,5
-0.61993818333221473,0.77101578994164965,0.1456409987174212,-0.77359191247091474,-0.63163288554540142,0.050945567591134229,0.1312714813139029,-0.081083596110707548,0.98802492308413437,1.8690030034327878,-17.176480818183485,2.7472085539391062,,0.6023399040732964,0.5576923076923077,0,3
0.13941660917527762,-0.95546956140859596,-0.26007869252927074,0.97870632499845256,0.092997254811913108,0.1829902729804869,-0.15065503142641118,-0.2800525447467227,0.94808946502257552,-0.71654900051249615,6.5518660718028672,-2.4072986471765683,0.3928170708311315,0.4684294437573595,0.34375,1,4
0.98907361264036409,-0.13525017159317584,-0.058658161090805121,0.14683563080660716,0.93926351000947339,0.31019889795147393,0.013141016100899827,-0.31542265271964814,0.94886029732892474,-8.3210010634970981,8.5788665767632892,-3.613663307332545,0.8017195653987725,0.6470345146212197,0.6706114398422091,1,5
0.11299811790236534,0.98867416894637794,0.09876645690067451,-0.98198051481510651,0.095969628031018772,0.16280079551109791,0.15147836107504456,-0.11538291967955036,0.98170315674965669,15.417436921277258,3.7200158359063615,-0.27191640691194274,,0.0985062696117031,0.2857142857142857,0,5
-0.44560309559293093,0.89417180691715259,0.043527702816863099,-0.89297197867110789,-0.44740481136429583,0.049294828088620839,0.063552549171572256,-0.016903090918371312,0.99783533662183033,-17.703735822741802,20.438475564111112,-7.0721504127576091,,0.6016188157782706,0.4418604651162791,0,4
0.82339736152823884,0.56656655672691336,0.031923687552409458,-0.55322908842589968,0.78894730664424495,0.26739432129018659,0.12631057258908515,-0.23783289120178658,0.96305823038631289,-32.776137170723096,5.6767705735010363,-5.4672508686582102,,0.1153287797328432,0.4444444444444444,0,1
0.95341580907362955,-0.28485403205473797,-0.099279783594825033,0.30074556601200014,0.87197922169624564,0.38626977807502871,-0.02346059531637355,-0.39813366769486935,0.91702736225002202,6.5204191717736064,12.932812662226295,-3.0069088757722264,,0.3397958818017991,0.16,0,1
0.51082149287985912,-0.84072225473710926,-0.17957586920782065,0.8474663209149268,0.45735647557248166,0.26949190927899336,-0.14443765896369001,-0.28984676061959069,0.94611131376356528,9.9944508189001695,7.9975777104252828,-1.5536500390729404,,0.4787499701673795,0.1785714285714286,0,5
-0.50188506034379654,-0.86112674362430819,-0.081068598228272018,0.84670327713918681,-0.50828601533607287,0.15728600413112573,-0.1766492193174454,0.010298447881626677,0.9842199933377519,10.133821685715427,18.275336487268895,-3.7410492481261097,0.1357653609690033,0.1167183572914226,0.4,1,4
0.69850518576903542,-0.70506143256716491,-0.12238824191932868,0.70778813155026499,0.65548598984490625,0.26338959348013308,-0.10548206620251681,-0.27060394199527432,0.95689447709048225,-12.663390358038267,13.797833479955946,-5.1643929410944418,,0.07370884759198879,0.2121212121212121,0,2
0.93873442366162596,-0.34231735544151942,-0.039956351137203333,0.34159289624049832,0.90877064273336183,0.23968773882704239,-0.045738113982794586,-0.2386519370747216,0.97002746242556448,1.7728074720000557,24.274295566713761,-5.7172674966938848,0.2863092264897314,0.2057322416068394,0.5,1,5
-0.93582722261063311,-0.3225779180429626,-0.1420242803605663,0.32147638909025156,-0.94640099878602912,0.031274282634462101,-0.14450031376561892,-0.016390127756507698,0.9893690024625611,9.5596721420686546,5.7889453350657405,-1.1869349554882909,,0.09246064983454091,0.2692307692307692,0,5
0.98189063003634147,0.18437289831000511,-0.043559442324311567,-0.15911948652987953,0.92739070884022767,0.33856677652021239,0.10281915995233566,-0.32550438941063226,0.93993356830209407,6.5028334431501129,10.963340129412513,-2.5014123940553041,,0.3210305446100966,0.2028985507246377,0,2
-0.81507682738942833,-0.57561449835960821,-0.065709319970613328,0.57042164018110508,-0.81717155614963233,0.082763519941370572,-0.10133566926744765,0.029976609184571693,0.99440056568563617,-9.9024380042771476,12.174671096796185,-4.4848963449773915,0.4547940753843854,0.2622385654042529,0.2727272727272727,1,5
0.99897326745614901,-0.028636688325853366,-0.035104857067284896,0.036520141368883124,0.96756799105111724,0.2499569202236718,0.026808397609393953,-0.25098231566194901,0.96762037341231255,-4.7331244656660543,18.877927207151213,-5.3836259692143491,,0.1465167615585732,0.425531914893617,0,5
-0.35329497747604893,-0.93423300459003655,-0.048901452175469783,0.91868693875162855,-0.35633584481313313,0.17040855104269467,-0.17662663292198647,0.01527935980276347,0.98415932333472211,-5.1321944326563678,-14.419491551072323,1.5448313423196702,0.2972824569676097,0.3301608806768123,0.9133333333333333,1,5
-0.81138821339722289,0.58435400176044283,0.013400290542359552,-0.57929369987076129,-0.80699442248994535,0.11479900417758222,0.077897217216712902,0.085383855011802151,0.99329835439973235,5.7362059720144671,-11.555332436185305,1.9624594315833221,,0.08492100419936799,0.3793103448275862,0,5
0.99258495799850821,0.11996017687280672,-0.019612677526148998,-0.10974870012200773,0.95381156888501295,0.27964032949959078,0.052252502108792877,-0.27541431884663337,0.95990448951841834,-13.011611796759615,11.465433510016496,-4.6792220181806927,,0.354114817447387,0.5272727272727272,0,5
-0.34408864951424345,0.91527867497158477,0.20944676750364843,-0.92316344685961904,-0.3705001196638944,0.10246419721693124,0.17138334708405739,-0.15809683257833809,0.97243670224388656,-19.59749902372721,6.6163871794421549,-4.3432679483539678,,0.3956518316281087,0.1428571428571428,0,4
-0.10206902494026829,-0.99112417450112866,-0.08517502490284308,0.97993477659336847,-0.11491242667417548,0.16285873577661661,-0.17120089886051557,-0.066843136635778053,0.98296604586020297,3.4142536628937785,20.538559408096479,-4.823059495669753,0.1837035786618511,0.1864597239083553,0.2903225806451613,1,5
0.15724133047042746,0.98607892287449772,0.054069601945641484,-0.97230004767911526,0.14499158728381234,0.18333045818987731,0.17293866333205993,-0.081399001711267377,0.98156325381777065,7.9283466340931463,-15.432042490097515,2.876186339742365,0.1936099385270753,0.1598996501497343,0.4736842105263158,1,5
-0.076941361959078858,-0.98939787611491292,-0.12317414322487069,0.97804917342928177,-0.098892560888861461,0.18341231080584788,-0.19364875722343314,-0.10635837597548095,0.97528870324928785,10.435102227269118,-11.04664925817092,2.2576596724010285,0.1691941185427447,0.09416660870263444,0.2857142857142857,1,4
0.90126353153917294,-0.42971808131871708,-0.05537524090511052,0.42969287079284924,0.87009733149573287,0.24144289286248274,-0.055570527326436636,-0.24139802052163795,0.96883378976008916,-10.737683062801652,-20.934531332539468,2.4009525859187857,,0.1432452134022749,0.5882352941176471,0,3
-0.35544817945296336,0.93459875352677624,0.013481900080140916,-0.92145935724668926,-0.35279690677647829,0.16262532247921263,0.15674579632670541,0.045381851825876479,0.98659578493867583,18.486159911425787,6.1582573930892712,-0.47529053298060225,0.3568318390521604,0.3279718110125459,0.75,1,4
-0.62631857114586909,-0.77122801118387041,-0.11372072020159329,0.76240195160466451,-0.63641890517083566,0.11710781925453879,-0.16269084678369505,-0.013354096994071269,0.9865867201955828,4.481170593717585,30.655084470429443,-6.6655401073777174,,0.1860154159003757,0.3076923076923077,0,3
-0.86879421609819607,-0.48457581492206758,-0.10189646542905935,0.48166469075255791,-0.8747443530301735,0.05311725260277031,-0.11487269369421269,-0.002931967673352897,0.99337589451777952,-25.4503706719,7.0676076784241539,-5.0894952574583874,,0.1479733581758387,0.2857142857142857,0,1
-0.32248671198043516,0.93898432968562806,0.11962754365479572,-0.93935544623103051,-0.33303937216717661,0.081829836994793625,0.11667761667153526,-0.085983749577026716,0.9894408161060092,8.7054898028133625,-6.8946413211100648,1.2374080033081205,,0.2188575572198124,0.15,0,3
0.024162778590761495,0.99609877504498912,0.084872790013336447,-0.98455756815419093,0.0089863674788995748,0.17483031827987261,0.17338556779928724,-0.087786534009540659,0.98093372320738992,21.713742899753392,5.4367057713904874,-0.07851100015754589,,0.1702392508521496,0.3478260869565217,0,5
0.98995358462624605,-0.11946465565191779,-0.075631318483912191,0.13663535173715205,0.9458689598530492,0.29438527721707719,0.036368680774960235,-0.30176167224563072,0.95268946263838228,-10.091454548910933,19.902018765595354,-6.1040800662597761,,0.1394982362763311,0.2631578947368421,0,2
0.91796600443180609,-0.39096478385450067,-0.066969787912973158,0.39307248307938591,0.87395404149881395,0.28582924341937915,-0.053220651567891762,-0.28870550935770584,0.95593759791797928,16.216488669370435,20.578092508650307,-3.6844895074662594,,0.1676985292972366,0.4117647058823529,0,4
-0.069865235193491346,0.96564951017744416,0.25027958847141518,-0.98254065044959882,-0.10998041559421545,0.15006058243190742,0.17243178107714882,-0.2354258517660846,0.95647370543825005,5.9002007362904907,17.30433666151999,-3.9336661154357424,,0.3337430648768898,0.2333333333333333,0,2
0.26571430573070554,0.94952961198544161,0.16670160075064758,-0.95980987997417178,0.24435662634383942,0.13803924610713256,0.090337711029322504,-0.19668084585092785,0.97629695423131813,-10.159528844245839,-14.847190517026183,1.189818822965097,,0.2462026374858068,0.4761904761904762,0,2
0.28384617140451612,-0.92599156587942677,-0.24893969329772325,0.94549609144626146,0.2270811024335439,0.23339090380177244,-0.15958850847990272,-0.3016186215036013,0.93997750777527989,14.371021419300005,6.6159086386694792,-0.90081766006963582,0.3537000112061269,0.2310983080482144,0.3214285714285715,1,4
-0.30917815162757362,-0.94573534992044106,-0.0999675870821021,0.9371128862191751,-0.32087520077678539,0.13732641409584903,-0.16195156386439755,-0.05122258717907803,0.98546838484273913,-15.649708907290654,13.488538308831847,-5.4263477685343044,,0.4551280129097646,0.25,0,4
-0.18961177568913595,0.97933975331385059,0.070292404277983125,-0.96095466396523954,-0.19979281047089348,0.19143919840930013,0.20152793435021976,-0.031248687385365785,0.97898417311682084,-2.5714862401699792,21.003525946757669,-5.5415826754024176,0.3496703899464555,0.3570274100529128,0.3958333333333333,1,4
0.77590419492513985,0.62700641096921228,0.069538772645756988,-0.6158404964381432,0.72892406723088954,0.29901536274646384,0.13679606443312814,-0.27483206656990583,0.95171118094751994,-20.867073392488706,11.081365021415332,-5.5234266475881775,,0.09526399322139296,0.1428571428571428,0,3
-0.46234781190556212,0.88651616346794659,0.017988683559730718,-0.87560437884997411,-0.45966817172014396,0.14839859718410978,0.13982658032323589,0.05286079660328135,0.98876400805125209,29.18624483910115,-2.435449359234596,2.0311111359877358,0.1920481856165213,0.14169732568697,0.3333333333333333,1,3
0.66317303369073832,0.74572868239028967,0.063955137759724695,-0.73426489556445318,0.63164439382970805,0.24875775944726428,0.14510889196443227,-0.21192945053470771,0.96645192196451812,24.215982447037696,12.97530896589085,-1.4700458606527587,,0.3499303696925067,0.5384615384615384,0,3
0.97873507960711226,0.20512173396201661,0.0016486973266579704,-0.19824857285384351,0.94381468507306798,0.26440753317906701,0.052679666930169185,-0.25911177992681234,0.96440963194862639,-10.682560176562728,24.264198226160318,-7.0935332505894619,,0.2749496184436868,0.2222222222222222,0,3
