axis_00,axis_01,axis_02,axis_10,axis_11,axis_12,axis_20,axis_21,axis_22,location_x,location_y,location_z,dbh,dbh_approximation,score,reconstructed,number_clusters
0.986784136487043,0.049388188502942756,0.15433040793673503,-0.079620304081888388,0.97729812607360411,0.19633894150404643,-0.14112999381927599,-0.20603198685985516,0.96831459001460485,-7.8254336477899473,-31.849383650397897,2.767672621686796,,0.1922491883850563,0.25,0,1
-0.036984984811102128,-0.99019850338936788,-0.13468123397110113,0.99438742271272673,-0.049835375913646979,0.093327856818239463,-0.099124994069421546,-0.13047359576941775,0.98648409838057494,20.43069690439857,0.4581753236021629,-3.4413147234444255,,0.4506373614759493,0.1714285714285714,0,3
-0.44326747262415983,0.86503171897547637,0.2350193032066166,-0.88491595482994501,-0.46410024823954843,0.039175406461155748,0.14296048615193294,-0.19060714768949086,0.97120091363676175,-13.936433835517104,4.976240094969234,-0.036217354114231902,0.511386706246038,0.3445643585565564,0.7466307277628033,1,5
0.67260813676194309,0.71740309128252799,0.18146927833630944,-0.73942004346968226,0.66125745188596385,0.12647759343289106,-0.029262496081522014,-0.21925188013687721,0.9752293675743795,-12.339575797943233,9.7030601516484651,-0.82194956994619839,0.1620560857839029,0.1165792975365539,0.3243243243243243,1,6
-0.29021954643356812,-0.95319094175814689,0.084850712537441392,0.95577245722243509,-0.28430163799752173,0.075309950517277346,-0.047661566097671533,0.10295439370004356,0.99354354103631237,-10.496683051162863,12.995674559062321,-1.4362497153138212,0.5899879855127976,0.3697843958441357,0.1052631578947368,1,4
0.9683454224687611,-0.22805127799372135,0.10148772038640168,0.19088583376227483,0.93853024872829782,0.28761705563279927,-0.16084073256696868,-0.25914009112337305,0.95235322854489857,-22.309614759117636,10.52349451292192,0.23260368184537855,,0.07526600069401124,0.375,0,1
0.97643557670293823,-0.1701644822401793,0.1327313585130975,0.14650889670413356,0.97427338441356648,0.17124986309446216,-0.15845727416353678,-0.14776813393714563,0.97624580452742316,-2.8998590356153797,16.957345870350807,-2.7455989375113794,,0.08581401174147268,0.4285714285714285,0,5
0.51071057105991624,-0.85920630219764327,-0.03064706954191625,0.84750238623787044,0.4971176409669873,0.18604772602892319,-0.14461817980036265,-0.12099000497260214,0.98206262568532798,2.002702837262007,13.578098114886876,-2.7837936324638122,,0.1158056567588176,0.1538461538461539,0,3
-0.93754144723176891,-0.32004861255555922,0.13632652098481077,0.32214108839564792,-0.94666556811728675,-0.007030029049826427,0.13130557448116148,0.037325430237783459,0.99063901516533082,-0.091902131915602842,3.65117747057141,-1.5879740918217953,,0.1838253875509761,0.5046728971962616,0,6
-0.79348757980281859,0.56695281693240529,0.2212283075717891,-0.58999721282257434,-0.80578398456139444,-0.051141559283597544,0.14926737607481863,-0.17110427696809499,0.97388016554551837,-10.836422163434637,10.171272719390403,-1.0563750426210736,0.1969302776941193,0.233391148192261,0.25,1,5
0.98719775025336842,0.057976388324050304,0.14859118510728497,-0.086154794587218086,0.9778281307298321,0.19086513071547853,-0.13423096984050578,-0.2012234706745249,0.97030467461791425,-19.497056289711605,14.520849605778725,-0.73213692152003629,,0.1473526160783397,0.4705882352941176,0,3
0.02213386921570086,-0.99696338527628681,0.074659897213884288,0.9963785039972185,0.02812990080087811,0.08024079668844393,-0.082097311806207662,0.07261347739489056,0.99397550990696715,-5.7370651020506767,18.955810643197914,-2.815446801314399,,0.2133410459046809,0.3684210526315789,0,5
-0.9336204611097102,0.3153936896396386,0.1699401516204706,-0.32491398524798981,-0.94524417834008312,-0.030730205083125271,0.15094282622093122,-0.083906280156358121,0.9849751262660198,9.5884815743851632,7.7946768676243812,-3.0234851817174966,,0.2362055887843645,0.24,0,6
0.50310060145335533,-0.85955035574988414,0.089794046281029327,0.85179152042320094,0.51074014218178254,0.11660065565537643,-0.14608555901389911,0.017823947216593878,0.98911137712252428,-6.5202220189047404,5.6154675400249978,-1.0130357414159659,,0.7567448395727031,0.2302810516772439,0,1
-0.97392492631089878,0.14420589125480446,0.17514251008170023,-0.1655603335424867,-0.97957780694744812,-0.11409248920647176,0.15511290683760481,-0.14011417152963473,0.97791001890202223,13.499053936268842,-29.144355973166338,-0.26419149594946617,,0.4324078139264093,0.25,0,4
0.96847913978721412,0.18697239999032619,0.16458881322519173,-0.22422599317721834,0.94216210420456281,0.24910494452042009,-0.10849359327033843,-0.27815803249715615,0.95438841630470495,-6.6470470673848761,-29.349740762307967,2.4131321425039509,,0.1802856080957839,0.3333333333333333,0,5
0.98135701513104645,0.11777949089405233,0.15187626667067139,-0.14948584668230239,0.96443320001086363,0.21799675309160021,-0.12079896727521386,-0.23663599523644502,0.96405965337405286,-5.3810389877371261,12.477291575877219,-1.8786361811329095,,0.182538095785452,0.2142857142857143,0,5
0.39928249555578743,0.86734261566605853,0.29713679642935842,-0.91659668608410505,0.37035724307094348,0.15061881543992381,0.02059135261167741,-0.33249405942730681,0.94288053147955697,2.4027767656692216,-28.962266864026827,1.1856009388337112,0.2024585776763846,0.2252898819162626,0.34375,1,5
0.83921581042412519,-0.5352594857565145,0.095990137211332732,0.51700240006874709,0.84006150769946342,0.16433253361662498,-0.16859816682673043,-0.088283329056938295,0.98172333778579923,4.6553112293753802,26.877201427296608,-4.8626517730171104,,0.1675283719950968,0.1875,0,1
0.61072175122099237,0.76152381233973676,0.21702632518917817,-0.79121142437357106,0.59782987784385277,0.12877856614339794,-0.031676876839581349,-0.25036157931431585,0.96763405018474447,10.072556663496893,-27.267086858520155,0.038253062670231493,0.1518216833310243,0.1445279761337192,0.2857142857142857,1,5
0.80906641903279164,-0.57949636464653398,0.097956587092993971,0.56273511554972588,0.81191735480755989,0.15530421336696457,-0.16953088013896564,-0.070527812412881849,0.98299802052474239,1.8194954571351023,12.609281626566998,-2.6523663974890859,,0.07845827855957117,0.3181818181818182,0,3
0.84885392632381196,0.4869827974988471,0.2056569150426204,-0.52114623964544571,0.8361350503370043,0.17112794775064813,-0.088620588285467261,-0.25243995828341809,0.96354577410406717,11.926030881672888,-29.317234936190427,-0.068280096073454422,0.25317412503037,0.3158073462492053,0.1538461538461539,1,5
0.98846607768063965,0.039980629401887603,0.14606971810502362,-0.065442205608221532,0.98258458877222954,0.17391044716301393,-0.13657280475915917,-0.18146370210027438,0.97386795502279466,3.8477119357511667,-27.241809815601403,0.87201408529407087,,0.1267495116746389,0.2352941176470588,0,4
0.95618200370034401,0.24265684998862769,0.16380973400012766,-0.2710094434271107,0.94528270842658024,0.18164383480602114,-0.11076938824839462,-0.21807855076395322,0.96962461206580941,-5.8603054880946654,-28.693865835545186,2.2320802301905607,,0.1316740265622362,0.5,0,5
-0.55558316886720882,-0.83137357733757233,-0.012054765713138106,0.83059636041142493,-0.55428609278097962,-0.053634069590973145,0.037908159316494237,-0.039810830869542083,0.99848789136509442,6.4335743233242946,16.60141146072165,-3.6279600282443907,,0.4200678042194455,0.25,0,2
0.61534095356127672,0.74172432458215198,0.26683428788941216,-0.78803294922846756,0.58698866835668229,0.18560273206807135,-0.018962642236317367,-0.32448317297511658,0.94570137393123122,-17.996488704956242,8.7178266389338095,-0.013662235001000262,0.3249752276643144,0.1489859984930124,0.2769230769230769,1,7
-0.84542019471344465,0.49833839538752911,0.19215498446115162,-0.51580611951124511,-0.85514862225230559,-0.051622484778782007,0.13859560399029161,-0.14275740801291997,0.98000590866177983,4.5560570277883867,-30.987803000731116,1.0460820025329076,,0.1437923946583583,0.2222222222222222,0,6
0.89429346697850021,-0.42603489887207524,0.1368702300087016,0.4146098227337866,0.90395380243279222,0.10471971142031318,-0.16833861652108284,-0.036902411985619471,0.98503823386577805,-23.127248402660697,5.4322833908630468,1.0170917900580188,,0.07875545084671917,0.2,0,1
-0.93285869150766365,0.27945543144866131,0.22733086792702123,-0.31664959211079585,-0.93699803963104489,-0.14753884079673793,0.17177804718495521,-0.20961711657548704,0.96257621357682766,-22.186421839981147,4.0678978742903569,1.0529810261493022,,0.1291559543551382,0.1818181818181818,0,2
-0.87687218323278315,0.42951831749666247,0.21589161449071809,-0.45662898266857121,-0.88459808913469473,-0.094742772211457923,0.15028355352345851,-0.1816596698061593,0.97180997005910541,13.379897343692175,7.5750260123729865,-3.4131045892135652,0.2425295149547633,0.1461439469270182,0.3157894736842105,1,6
0.81322198654005207,-0.57944390204069507,0.053988563564012312,0.56204050368384484,0.80606895504212595,0.18537343913329446,-0.15093201392236821,-0.12040599696505426,0.98118393946710636,7.2961168046541536,13.667463441416009,-3.413709866233229,,0.2895297709199847,0.3333333333333333,0,4
0.96123211629843253,-0.24453685013054782,0.12741486382940873,0.19726839167919305,0.93271619040437648,0.30187031951129417,-0.19266032347305251,-0.26503252080787443,0.94479614873975992,-21.650933395552798,8.2169942692414661,0.46047054045687769,,0.4146910181632344,0.5,0,2
-0.81587810812724382,0.51464533828192749,0.2635964500204655,-0.55373478343532878,-0.82667850659243503,-0.099902133870764687,0.16649535216497971,-0.22747048714675802,0.95944592092763514,11.675534453371721,-27.562720847203828,-0.13364306976055726,,0.2958720236869525,0.32,0,5
-0.98274431893770275,-0.12817298636113789,0.13336149805299555,0.12744757630633372,-0.99174653219071962,-0.013997541974343851,0.13405490997838482,0.0032405948450576587,0.99096860679626897,1.1493010315016072,5.9660214956787723,-1.9391060847077921,,0.1008563114400382,0.4,0,5
0.68009173438107706,-0.73147206082290761,0.049232682864409405,0.71943281265622894,0.67880066496063995,0.14712608647870731,-0.14103779954354675,-0.064639627818250195,0.98789172362938282,-10.237095410005553,19.506181359516884,-2.4502718246937674,,0.1412709288090641,0.3809523809523809,0,3
0.59817895939210264,0.76432056273385673,0.24082360748644058,-0.80115277437659693,0.57725523623443209,0.15789434552450624,-0.018334793406628882,-0.2873855765728886,0.95763947586166576,-3.7842030551724468,17.872514198442374,-2.774600143475269,,0.1431892758643253,0.1333333333333333,0,5
-0.86062713449769068,-0.50737757073997336,0.043461892230971702,0.50171816036283223,-0.85943923027602731,-0.098199272017076927,0.087176963289784415,-0.062707337469805488,0.99421726342838124,-25.294329503252719,4.713319970467988,1.3532704406447027,,0.6419733778307652,0.5909090909090909,0,1
0.98897482298047168,-0.0028020388848398687,0.14805724598557554,-0.024571085119985275,0.98285644120957938,0.18272787895903356,-0.14603102850686164,-0.18435119894084936,0.97195142582451122,-26.514786213526552,2.9158473380500349,1.7493237810882989,,0.4659903495775347,0.6666666666666666,0,1
-0.24388493128666788,-0.96980367547586133,0.00098555812020501617,0.96888519461344003,-0.24360947083125753,0.043771056420780823,-0.042209240104197902,0.011629993758624706,0.99904110190472195,15.154332512027452,5.5563676345348885,-3.3832697243624121,,0.1413999254687358,0.25,0,3
0.75874097734069756,0.630518181465199,0.16358163755722657,-0.64851799177894909,0.75475168533546466,0.098865099111244983,-0.061127274134253083,-0.18109863700507528,0.98156341620489407,-9.6309068715872463,5.8909881359118659,-0.69210418071067537,0.2586572418438692,0.2284760537711087,0.8722689075630252,1,5
0.92047137185467121,-0.38096771761357212,0.087155331060614641,0.35325567336736979,0.90645514043290676,0.23140766542300406,-0.16716124799051296,-0.1822160160882258,0.96894501425580892,-21.618928777132648,6.6320655267599635,0.69113395758714991,,0.167464822836276,0.1428571428571428,0,1
0.92955781472555232,0.33099306464854317,0.16237567624869789,-0.35266582159062143,0.92668555843246603,0.12992572522222315,-0.10746668025238586,-0.17803782448478211,0.97813774371928719,3.7391355545925036,20.524935110680072,-3.7941064991651539,0.2875479804704277,0.2747899569555027,0.5,1,4
0.045931753843053105,0.95572137008146407,0.29066636674804908,-0.99792617757300062,0.030764035621551777,0.056541296649581713,0.045095655039496661,-0.29266061723758829,0.95515241978161436,3.3519426333134978,11.242911603671443,-2.7208989728041875,,0.1685570716860234,0.6493506493506493,0,3
0.35967088814002907,0.88843800028840358,0.2851574510127779,-0.93194186051158334,0.32696090377995018,0.15678308590407819,0.046056713416939496,-0.32214047718804345,0.94557088158756719,-3.2068030856367642,-31.08505167636276,2.121054896325663,,0.2605159078780785,0.5,0,3
0.046609160631517044,0.98052964591563785,0.19075953351216893,-0.99623008766739629,0.031641082716737684,0.080774094304580116,0.073165555908761365,-0.19380519953052713,0.97830789941791629,7.9455201754334377,5.6134286626806746,-2.6499535437467907,,0.08507116697539496,0.1379310344827586,0,5
-0.8176612984808328,0.54631314007688636,0.1815818106143145,-0.55340490587267943,-0.8328010677927441,0.013615859844967219,0.15866004891809168,-0.089355103170436462,0.98328157432889574,-14.902929905812803,9.2740527719003261,-0.43592668210261903,0.267579486881502,0.1986532269398066,0.4193548387096774,1,5
0.88201962962292713,0.42844677499491907,0.19614977429579059,-0.45863831582393516,0.87609144094283398,0.1487100614111054,-0.10813079218252633,-0.22112699541929218,0.96923195556008035,-14.651168652122269,13.669312600008709,-1.1395471929763903,,0.1863045329575331,0.46875,0,4
0.71589924061571553,0.65923837921701844,0.22998486179129174,-0.69552310973657405,0.70218718116455225,0.15225231174121473,-0.061121854587423821,-0.26895710062293843,0.96121079733651316,-4.0713541613746695,-29.136463115719817,2.0248843615757113,0.5137030688258254,0.3229473813772908,0.53125,1,7
0.35875717392793616,0.89331983262370096,0.27068979810181931,-0.93310928833103823,0.33561030199265085,0.12912312429129341,0.024501962892466263,-0.29890701202475117,0.95396763675548846,9.5515915938223088,-30.823413600709969,0.38808747140955158,,0.09479577885766917,0.5333333333333333,0,3
0.96280971673262461,0.20108770116507166,0.18044718286908837,-0.2477793749087682,0.92344996784759625,0.29299409252081066,-0.10771643669869288,-0.32680864939964499,0.93893198685661838,1.232628968938619,-28.51699109534723,1.2756404889079485,,0.3170847868033954,0.2413793103448276,0,3
0.98902726489079607,-0.0086719991541513858,0.14747835683008728,-0.019096456492051873,0.98239587550582896,0.18583236838232334,-0.14649366761768012,-0.18660959305407313,0.9714507013369823,-18.191052287072331,13.409486737475619,-0.71569308030670276,,0.1670333784699702,0.3157894736842105,0,1
-0.94765427184116957,-0.30983381151162015,0.077164695977923289,0.29877202083745241,-0.9457007593931217,-0.12800528601576716,0.11263507724456173,-0.098250103956460763,0.98876703851142655,-20.105803478865379,5.7133854351850371,0.636665737587925,,0.2437366430394397,0.2666666666666667,0,2
-0.98647005081049599,0.004177943458731511,0.16388832674231185,-0.0053928955572558309,-0.99996117363841941,-0.0069690668804596768,0.16385284718749221,-0.007758608388843553,0.98645428098033139,1.9720040425360876,10.449193487460638,-2.4906845408694536,0.3521346996000065,0.242418680073759,0.7004608294930875,1,5
0.30650864321384336,0.89603966434303373,0.32119366674832256,-0.95129100838219005,0.27661070691313838,0.13613204689642136,0.033134106392122963,-0.34727429611913035,0.93717804831769191,3.6989225589782144,1.7323687419931775,-1.8246429071768184,,0.2648590449174474,0.3095238095238095,0,1
0.86952063287931958,0.43122751769803269,0.24078350644747629,-0.48521447417192215,0.83685295100707247,0.25346410484488718,-0.092199691166586481,-0.33722391132710022,0.93689874083490976,-11.656140277855981,10.868940187963412,-1.0437686390379814,,0.2002904561621313,0.3939393939393939,0,5
-0.66272882539956768,0.7178236533686706,0.21335347817404951,-0.7319748681509044,-0.68109789418443445,0.017845193554429376,0.15812430673358138,-0.1443428598926319,0.97681208142510256,10.949665378719006,5.182611291817051,-2.9149835906008872,,0.1853659710713662,0.2352941176470588,0,5
-0.86595715573995868,0.47064658156176403,0.16914490736344368,-0.46836370475002465,-0.88177775986726092,0.055708368099480904,0.17536717051829787,-0.030980275462001158,0.98401553749760773,-6.4480345829681776,8.2514724404507422,-1.3087360228771925,0.25344662938035,0.2445945501553474,0.6648648648648648,1,5
0.13843168227800282,0.91791639756007859,0.37184157437275589,-0.98663130341461802,0.095217706929421941,0.13225830563512433,0.085996165403193187,-0.38517927693144438,0.91882619910324537,1.2912810200692073,14.062535740722089,-2.7398042078851832,,0.3041189415327082,0.2142857142857143,0,3
0.86693082308314751,-0.4835483533722692,0.12087984918647279,0.46910737038936023,0.87352722713032838,0.12995560206616671,-0.16843165686638864,-0.055956888878559152,0.98412377450820521,-10.132299960550846,-26.763177653515871,2.6105171269109375,0.3397273804035141,0.3196947106821769,0.6222222222222222,1,5
0.88960046940744675,0.41037752324016763,0.20050260160236394,-0.44336234275009728,0.88135568431950961,0.16322374443944612,-0.10973075166604759,-0.23409922284568591,0.96600037060130084,-16.988892372660644,-34.897655580593479,4.2741542140471616,,0.1676612368964,0.3684210526315789,0,2
-0.90823210369060592,-0.39848840922113077,0.12775536600138707,0.40668182483850018,-0.91245751816507448,0.04506851328876036,0.098612064027496976,0.092888456012813439,0.99078120469041608,-14.294128828902579,-14.923566342847645,2.1996255609804858,0.4109096316763318,0.3662404813487325,0.9459459459459459,1,4
-0.3930676717113209,0.89619660936515866,0.20574120350050246,-0.90734900484037195,-0.41430460818257414,0.071200246164393091,0.14904894790178061,-0.15869256126573059,0.97601284936638777,-12.726123868725725,13.714403047793164,-1.3176854009258745,0.7189116952001197,0.4121556682426513,0.7727272727272727,1,3
0.033640966851237193,-0.99336774307879716,0.1099491353301621,0.9952793065891884,0.043318349092514169,0.08684827290880473,-0.091035087876362858,0.1065084393014724,0.99013562966540436,-7.6557402842919133,11.050317002744675,-1.4599249043227318,,0.06978422617182664,0.1714285714285714,0,4
-0.95616571816814278,0.23308056383199841,0.17725848403887121,-0.23801467174991769,-0.97123777582460835,-0.0067969730798038792,0.1705758934661635,-0.048689152539620202,0.98414085932512474,10.536074834959715,4.0981129837974777,-2.7334688615607665,,0.1626356779687465,0.25,0,8
-0.90571156737904601,-0.41502852588431027,0.086243141281425767,0.41158540835457236,-0.90969126166361935,-0.055310578395562471,0.101410099819453,-0.014599012129189846,0.99473758373726884,4.3796531152128741,3.0126110954136811,-1.985817742578841,,0.07748014376276334,0.2676056338028169,0,3
0.98119263571335658,0.063864475497151837,0.18216020529015536,-0.11529253672194151,0.95076089971756028,0.28768271158426678,-0.1548180951894759,-0.30327387018622348,0.94024269051355758,-13.772932755891878,8.6744837173219018,-0.48805335194551042,0.6795032868331969,0.3534038786292967,0.4782608695652174,1,4
0.8173287122906866,-0.56348390880282639,0.1202483288263826,0.55028314280285973,0.82527157910706561,0.12694598640815324,-0.1707695488436311,-0.037585971298073291,0.98459385329653804,-9.4989281421829634,17.74500103864807,-2.2351369611483634,,0.08053723287609391,0.1578947368421053,0,3
-0.7776724631906613,-0.61275110250089715,0.14057605193952818,0.62535356318236635,-0.77691961006936805,0.072998907558805295,0.064486130369930533,0.14467897522997691,0.98737507215663312,-28.35316099139559,3.6556111545491818,1.8668073351490166,,0.3180528982483865,0.6071428571428571,0,1
-0.64169781930264136,-0.7663312971005567,0.030987929689049103,0.76695060122655567,-0.64099581621807444,0.030185076927999748,-0.0032686358713737186,0.043135909345962391,0.99906386649925338,11.688284784823651,0.92479923480761939,-2.5797909271503872,,0.3327312199087747,0.375,0,2
0.93011542279432935,0.32573348801120605,0.16965551882618141,-0.35082570839206495,0.92466748572513557,0.14802487349754007,-0.10865828367562731,-0.19719973537205987,0.97432317110795319,-9.209355265284298,14.171232865278801,-1.7278179194687684,,0.09383340041256748,0.4705882352941176,0,5
-0.29257552222330069,-0.95189767441024764,-0.091051530729173075,0.95570626392438585,-0.29427100837484682,0.0054873240967731598,-0.032017196808200726,-0.085413061544552471,0.99583106399937737,-7.0331939095961031,21.549448422883149,-3.0350875592289994,,0.5371725290908654,0.3103448275862069,0,2
-0.43710256166015038,0.85589914546608836,0.27636570586915316,-0.88856529321862077,-0.45851611791239916,0.014652279749232316,0.13925900429574201,-0.23916442545864464,0.96094084485861875,-13.059322266953242,-28.153427389190867,3.1585942974511161,,0.7018609686695124,0.325,0,1
0.97600548319774127,-0.17854761037943337,0.12463565940667774,0.14810040959606374,0.96393276857364296,0.22113318689746428,-0.15962319833101146,-0.19736861072051154,0.96724664179144781,-2.0413030527993117,15.093890792807468,-2.5991390735293778,0.556231877010683,0.4363889977378774,0.2575757575757576,1,4
-0.87770575207703194,0.42753672024609479,0.21643697838425144,-0.45909988730268847,-0.87967243992424848,-0.12411161072348559,0.13733137387192726,-0.20829966701589306,0.96837562054789339,7.1533759839756108,-29.521098523851926,0.60752576868675967,,0.3310473742410206,0.6428571428571429,0,5
0.37230204595721783,0.91207360901644441,0.17179324291655806,-0.92769349594602957,0.36014819604466181,0.098377103358499834,0.0278561331757099,-0.19599747095688155,0.98020866514380656,1.6503897851976248,11.597031000271381,-2.5017504172585285,0.422404347274866,0.3067580094346196,0.5700934579439252,1,5
0.37780428280709888,-0.92107060309326183,-0.09430200427366156,0.91632858367814818,0.35736417582261759,0.18064543330242533,-0.1326870401622304,-0.15466024038529516,0.97901703734764023,0.07460003399284823,-32.745396400830479,1.7988108661363853,,0.2195370277904676,0.2857142857142857,0,1
-0.49448793617781112,0.82159612488368439,0.28365734355155503,-0.85302012668325111,-0.52136762231918177,0.023075222004025182,0.16684826774018713,-0.23055500422536651,0.95864803008129251,-5.1640453477529915,21.754320247120969,-3.2494391012531549,,0.2493367815515364,0.1,0,4
0.75776246460467334,0.61444654606573512,0.21966221628705063,-0.6500764097599453,0.74002119616143369,0.17253779500567243,-0.056539443841181626,-0.27353988970475285,0.96019749011879885,-20.111078342649773,10.265934037508648,0.01789221757427762,,0.2050353080441327,0.325,0,4
0.98690441756252456,-0.088445134177296172,0.13489673397059992,0.063562762040209345,0.98184433746034017,0.17872177337662321,-0.14825466561762732,-0.16780689865862314,0.97460833101568567,12.803749198215343,-33.59078260829439,0.17884488480142571,,0.168918474140562,0.5454545454545454,0,2
-0.14367563907469544,0.94094308142469008,0.30656716760848268,-0.98422155977679637,-0.16818937435573722,0.054956852387630151,0.10327261014909964,-0.293834054991649,0.95026118310712726,-22.010036572005671,11.826551066789769,-0.013255175321986794,,0.4592266944869011,0.25,0,1
-0.48198061044658475,-0.87601090042831553,-0.017308769000442929,0.87555641810079055,-0.4807962586577928,-0.047285477508248734,0.033100602351798854,-0.037945487102445767,0.99873144044458084,-26.216742422858804,7.0683810963461049,1.1100214585203241,,0.2027921160508105,0.5600000000000001,0,3
0.98890528919788478,-0.028828410391349747,0.14572320251338305,0.0038988354624668944,0.98568707610501749,0.16854016459460894,-0.14849622243843497,-0.16610210942022735,0.97486356028301013,-3.5766284375240476,14.521787004075836,-2.3128263176227422,0.4474708287915157,0.1704125566972364,0.5121951219512195,1,5
0.57558038101820286,0.8018530987320347,0.16043326662751781,-0.81754132682967617,0.56863450463912735,0.090999884941620507,-0.018259351371678653,-0.18353857411359062,0.9828429111001602,-14.25341712479767,-10.089215883260765,1.6708836577202533,0.3665222040783305,0.3520057518233193,0.9754601226993865,1,2
0.89263297469969571,0.40841663474626289,0.1907936711248906,-0.4391096971957299,0.88349344456129986,0.1631625178951529,-0.10192667122716011,-0.22942359486275474,0.96797508635956331,-7.0693443944112806,-31.019167465408906,2.5964871025819725,0.2262503704813583,0.1331794750541067,0.2777777777777778,1,4
0.33361811528275753,-0.93705369796181015,0.10309859500148021,0.93348325887073591,0.34363422262539095,0.10258911466971124,-0.13155971481898465,0.062015225362340158,0.98936654140920266,-4.6038217196058842,10.153594363605237,-1.726559886079253,0.4634608051330861,0.7413748443091006,0.3632958801498127,1,5
0.25829176840695922,-0.96568333086161007,0.027222543401268451,0.96173449871538752,0.25969702445644621,0.087316719298950518,-0.091389913851964544,0.0036276692925568377,0.99580857782087639,-16.511921426241084,-28.764585689352451,3.6734659415035651,0.5513620791172058,0.5439408267700073,0.8032786885245902,1,5
0.9542856738863893,0.23150996654311176,0.18905551567306081,-0.28057605403571734,0.91187429955298704,0.29960363768902154,-0.10303363779342124,-0.33895190987211676,0.93514473333120907,-1.6315663420099606,-31.854913866454378,1.966164195341235,,0.4507452467183541,0.4571428571428571,0,2
0.17283390323512601,0.95280463736144894,0.24958318235616259,-0.98336836974052366,0.15256548018260549,0.098541481877002721,0.055813002843206561,-0.26246351609160729,0.96332643036223986,-26.459089619943384,7.9992300618505068,1.0080978640228229,,0.1374675249939641,0.2,0,1
0.93318576759505545,-0.35642990110520634,0.046065700430583126,0.31781792368638923,0.87826751511040946,0.35726452284750992,-0.16779776679592545,-0.31875366272392763,0.93286655635111126,2.2871294876207,14.755548173731087,-2.9371450306691793,,0.2153650391083333,0.2173913043478261,0,4
-0.14617098321167471,-0.98639781063321774,0.075189113872476093,0.98786436342381323,-0.14150772404775777,0.064027833885648811,-0.052517074787129484,0.083635657544013309,0.99511156843993354,-2.965261141305314,12.337501659426563,-2.1491174403588347,,0.1255317826796747,0.2058823529411765,1,5
-0.92259613819033315,0.35171163976653308,0.1584780371187825,-0.35308884606598184,-0.93536890681151175,0.02032916510907842,0.15538543232902829,-0.037201218030803396,0.98715319824075298,18.294445175245144,5.2694341141386696,-3.6787690376670388,0.1560142122248593,0.1172157858726064,0.6206896551724138,1,5
-0.35071974288506441,0.85937301898017493,0.37212051300557908,-0.92747529757259806,-0.37372058961583304,-0.011067668671194948,0.12955784168955409,-0.34901423344341587,0.92811843560541907,-24.646550712977042,7.8331399957349905,0.822299743285828,,0.1221634967670919,0.1666666666666667,0,1
0.7962712187128016,0.55090801234518394,0.24990499831637841,-0.60174713607133412,0.76370922234481997,0.23377041715199484,-0.062068756065975075,-0.33652427199141122,0.93962699188618137,-9.1111502160929287,11.255415401102525,-1.3597001629623351,0.1047075279364418,0.1538000095197623,0.1379310344827586,1,4
-0.40353963243734886,0.8967359205653882,0.18171530981201103,-0.90450186876229499,-0.42092479551683337,0.068546961454374444,0.13795700220664744,-0.13670042167768812,0.98095915320429994,0.44625841055257109,-30.414525827034126,1.5619635728545216,0.7504432670306544,0.7743404867122622,0.6419753086419753,1,5
0.6094528450671105,-0.79056985537129087,0.0597204606296865,0.77739242635326544,0.61068266720455344,0.15075707421051862,-0.15565424853883009,-0.045453093999747375,0.98676530702982423,-5.9391739286715737,16.152940109729084,-2.3455907334031689,,0.08621313850870285,0.2777777777777778,0,5
0.84216304574800249,-0.53155152566504771,0.090633216535708258,0.51590114584447044,0.84317287180752953,0.1513456836655927,-0.15686749852283235,-0.080699961654287278,0.98431707497949372,-9.4347236945847097,-30.208561406012329,2.8795947633279777,0.1581324177332818,0.1406327388238191,0.1764705882352941,1,5
-0.73222742190595069,0.65754846643979814,0.17740636091086132,-0.66085872525732203,-0.74895266510634695,0.048328570032301316,0.16464734392097621,-0.081853037284939117,0.98295032042672348,-2.3876221668329003,11.342295009104248,-2.065333408936465,,0.09452991845433943,0.4166666666666667,0,3
0.094684917055344944,-0.97572521592938921,-0.1974716928619652,0.99082050045753411,0.073140918225099313,0.11368879432147841,-0.096485762448687451,-0.20642361560814007,0.97369388853168803,-9.8375939489153374,-29.267720673343138,2.8029738247546834,,0.7026995850666944,0.3428571428571429,0,1
0.8702741590803259,-0.47754690363439417,0.12071388845627562,0.46416219150877802,0.87709893097898151,0.12349463652035933,-0.16485250380506802,-0.051443367937275122,0.98497575192715792,-4.7463030184253681,11.567661378511449,-1.857489920298045,,0.08904224491351705,0.2758620689655172,0,3
-0.90072463502785682,0.40309899240120706,0.16188370572440294,-0.39621544665288488,-0.91515235005055484,0.07422597948562526,0.17806867126922818,0.0027163435123564706,0.98401431381374416,-16.439151878309779,6.7294876728392747,0.083450664492505072,,0.08053626257388422,0.1875,0,2
0.77531269701413641,0.59400081752838585,0.21460021114685726,-0.62906999294276689,0.75653734594089106,0.17866781516462288,-0.056224245905601766,-0.27352197895657676,0.96022110016392825,-8.276992803671579,-34.210841421204393,3.1023361632380957,,0.2308101053631003,0.5945945945945946,0,4
0.91738520388912914,-0.397186716029027,0.025438166116592619,0.38554804210880766,0.9027282241183141,0.19087813024612527,-0.098778008237477899,-0.16530113729272675,0.98128407665587092,-6.3031054437980769,11.540409246610002,-1.6680924035194564,0.6836203663310096,0.3542351989506973,0.15625,1,5
0.14384889591946115,-0.98810883545652117,0.05429939627205084,0.98419377231648142,0.1485750063028918,0.096374716785829956,-0.10329624231406168,0.039577731047304901,0.99386291284509742,-3.6435416078609206,22.458360966822902,-3.4766422080056443,,0.1180527785787367,0.25,0,1
-0.93136119727926159,-0.35660018588935638,0.073502568840940849,0.34688229989090147,-0.93039753010845672,-0.11846141139831923,0.11062996983159444,-0.084833621823894895,0.99023445021030299,-8.242976271583851,-26.779308355284474,2.3463484831914476,,0.7641787991182851,0.6538461538461539,0,1
0.98336792079640289,-0.069038860834932436,0.16799157134563655,0.031184895091450376,0.97538262318386726,0.21830309367733267,-0.17892745643611135,-0.20943345980423916,0.96131295177363096,12.111241250613569,6.3323361324971525,-3.1467861681768707,,0.3746133898678997,0.1538461538461539,0,2
0.58120764772936362,-0.81277572103181706,0.039916131101462478,0.79873713870884733,0.57917484951086085,0.16301986670732382,-0.15561700892930122,-0.062865896917808681,0.98581500573719005,1.6109268753701713,18.536680370345188,-3.3553332475668176,,0.1133659827351912,0.4230769230769231,0,4
0.91098757206470549,-0.4061770253044405,0.071567224750510736,0.37680135738897158,0.89021188711698218,0.25601471267380399,-0.1676972886288941,-0.20625959408099775,0.96402002014276689,-8.5022925009512189,19.693134168941018,-2.6789749140417016,,0.664818376583082,0.5405405405405406,0,1
0.48394147086713823,-0.87475356063121945,0.024634547650684013,0.86314454990778422,0.48177797970164155,0.15123314530582341,-0.14416011493973804,-0.051924815239032265,0.98819111249947678,-0.81607188023824384,16.451337016764786,-2.8824120486379501,,0.201180946128693,0.125,0,1
0.60498535610188675,0.73130166367426597,0.31494538512180803,-0.79586060664503777,0.56753916271308624,0.21096254069744491,-0.024466583187389944,-0.37828187307109989,0.92536706814807013,-10.071199362955682,12.035559305551715,-1.363639879240454,,0.1792648558565971,0.391304347826087,0,1
0.58870527964704944,-0.80750294992144067,-0.036946983420338635,0.79353057825796203,0.56859897357852074,0.2168050474851515,-0.15406269855249055,-0.15695283722706641,0.97551550054373859,-11.862344948549852,-32.254507789826285,3.4009966237093017,,0.426105705549415,0.25,0,1
-0.58358267486630999,-0.79944105691934242,0.14256667951372184,0.81180894766667255,-0.57865575451575935,0.078254394471668764,0.019937253677805192,0.1614048149141861,0.98668687618631334,-8.2438775577883447,9.7822903723810413,-1.2544261927002809,,0.0656880341686058,0.3018867924528302,0,1
0.14593331211025862,0.9418950524227645,0.30255111739679491,-0.98735656491086732,0.11953653153360996,0.10410586609950208,0.061890889022076845,-0.31391834583285133,0.94743062543155365,3.8209216021762948,12.537435052875525,-2.9166939036502422,,0.1554659618938644,0.2222222222222222,0,2
0.031950797281025671,-0.99932279985097183,-0.018250705496549197,0.99525724536963478,0.030131590527174061,0.092493798665363669,-0.091881239066269174,-0.021119397489457039,0.99554598535543792,13.502138154043076,-31.210811056132862,-0.11439334956201663,,0.2777846047681088,0.6428571428571429,0,2
0.91479584636713651,0.35783296472914644,0.18736095864022648,-0.38929728940897873,0.9047597170116638,0.17279315649584059,-0.10768556044455138,-0.23100957518276946,0.96697383431281114,-13.177991267316807,-30.817442708814795,3.4136103038074279,,0.1299556295009364,0.3125,0,4
0.98904621962137795,-0.0056930021797660406,0.14749632259429934,-0.0091739438162300457,0.9949532538807967,0.099919274151038712,-0.14732078674619245,-0.10017790334297755,0.98400252716864878,-17.343080784333036,5.4801506429420952,0.33087075463387627,,0.07351008783048787,0.1290322580645161,0,1
0.94412263133420848,0.23001352683197596,0.23606404740427203,-0.30861201816412731,0.86839404505410422,0.38813709531457352,-0.11571983082961584,-0.4393012178322363,0.89085540957210307,-20.783328388583541,-26.997492597242776,4.1423729879824851,,0.4518570989451171,0.391304347826087,0,1
0.063451177178382154,-0.99446137472671159,0.083788557042939138,0.9937306185496273,0.070701626164874395,0.086606800048369639,-0.092051104673727152,0.077767951202938834,0.99271281843947456,1.1283459420445718,21.561661160775216,-3.7834858441134673,,0.1497188148868402,0.4583333333333333,0,1
0.95939530192690059,0.22163827538379535,0.17446240146658709,-0.26194817551683625,0.92949587284440294,0.2596547240252377,-0.10461265690150708,-0.29481163011339728,0.94981171542884735,16.507109134200807,-27.72897099829779,-0.73707836830762197,,0.3750828166927445,0.2142857142857143,0,2
-0.96414169819241924,0.19373790916807029,0.18137367051979561,-0.2103394471488432,-0.9745837573634929,-0.077096153317629146,0.16182738575333219,-0.11248165376825239,0.98038756356137124,-18.96159713557611,5.7382013558731897,0.46941276612113375,,0.6169848519473626,0.65,0,1
0.98073929592114473,0.12006971985588544,0.15405744321462286,-0.14104003325296854,0.98098809485598648,0.13330441392100756,-0.1351226940824489,-0.1524651439659275,0.97902821073723434,-17.510583443725316,-28.049919677313468,3.7522257811477759,,0.0961641049634441,0.5,0,1
0.70259913243236194,0.69368386389379377,0.15861007559001727,-0.7103107140890742,0.6970338902748201,0.097992067324968221,-0.042581082132368338,-0.18151157754184341,0.98246648729751074,-6.3687189657388554,14.14316271802279,-1.9898615074479098,0.4504725620357694,0.2079157253615128,0.1090909090909091,1,4
0.88392518510783036,-0.46305439981231583,0.065244846130127293,0.43049592335956732,0.86026365013592843,0.27316608908428147,-0.18261852891445998,-0.21337074557976352,0.95975173760085175,-11.293083978180364,14.435788392755144,-1.563703739530456,,0.2960031761556229,0.1111111111111111,0,3
-0.85122734883380535,0.45668870274741774,0.25854869827607607,-0.49918535588470958,-0.85663215286812167,-0.13036615796587719,0.16194437646188406,-0.24003496298541413,0.9571610290212218,-8.5365106265349127,20.443991537361402,-2.7355620659955546,,0.2925817743189838,0.25,0,2
0.044572189993812322,-0.99168248249095914,0.12074424955138154,0.99463488956451473,0.055346090225986279,0.08739706378182388,-0.093352859303519442,0.11620096478630378,0.98882889290442555,-9.8714722022919936,16.683926394587754,-2.0242502520359076,,0.1169910907656368,0.2121212121212121,0,3
0.94181168550699568,0.29669828750746408,0.15799011118614387,-0.31594267901063033,0.94181880413784191,0.11470642419651292,-0.1147648579577287,-0.15794766969633592,0.9807556071802187,-17.939098732066846,6.6762421973754416,0.26448620296608877,,0.07420438907446278,0.2692307692307692,0,1
-0.49633849926135343,0.78396699642455114,0.37288583060778274,-0.84761742410194962,-0.53044834613605196,-0.013009782484835676,0.18759743204469306,-0.32252178313812491,0.92778602214715544,-4.1033982282541768,16.726232558517257,-2.5750278082553759,,0.2755941541288285,0.3529411764705883,0,3
-0.92050639596865214,-0.38231476823400679,0.080643617050459956,0.37590659396290699,-0.92282841574937535,-0.084154308865941496,0.10659365645295081,-0.047150112149133193,0.99318410142748204,0.47513296802870825,15.575709155047509,-2.8202946506715274,,0.3773501708227571,0.2580645161290323,0,1
0.10859082472785042,-0.99408630425871003,0.00067265904136852941,0.99177707721733399,0.10838461986623192,0.068051475242610793,-0.067721945417778345,-0.0067226380025296123,0.99768158459857315,4.2915656898024839,17.266344016716804,-3.4163974882348902,,0.1615804247293404,0.12,0,2
-0.96151824791915796,-0.25072933536046704,0.1123274646209545,0.24450390152066015,-0.96737476438245029,-0.066361942234795177,0.12530164029113386,-0.036343715078365334,0.99145278925153801,-0.15293349397958125,22.129769853303795,-3.7489826419450205,,0.2075883963144062,0.2857142857142857,0,2
0.92754012811186604,-0.37271204782955736,0.027477993829984577,0.33450429676439947,0.86074363093334172,0.38370206834709752,-0.16666189183006858,-0.34670755862885938,0.92304803916223022,4.1397191673780656,22.58809859148527,-4.1172248393020165,,0.2877865766887753,0.3,0,1
0.97280544702965643,0.16774821792435854,0.15971880794894808,-0.19409707842350196,0.96667664124638941,0.16692092563864108,-0.12639575300179987,-0.19338253967667746,0.97294774113068738,-8.3146783316239521,16.711626774283936,-2.2353046385849185,,0.1191925908362771,0.5333333333333333,0,4
0.76728233037429927,-0.63349909816878336,0.099783355900287196,0.61936393115332078,0.7723562159097358,0.14090492018342707,-0.16633143503766568,-0.046311643945471694,0.98498176904619861,-2.6004681017921696,-28.586608915720788,1.7993695882983085,,0.2145710012988542,0.6764705882352942,0,1
-0.13637353696368978,-0.98280244110653669,-0.12450550257336751,0.98864771674284424,-0.14301923939680705,0.046056371345558851,-0.063070996465684565,-0.11681121058097299,0.99114942893967017,-12.278061666849137,19.481383025943128,-2.1861005156214497,,0.295180770774093,0.3333333333333333,0,3
-0.66162704537215211,-0.74922350130914295,0.030229090594771652,0.7489272504709289,-0.66227155197389265,-0.022458070891053224,0.036845981248602673,0.0077805226149730592,0.99929066699017421,-8.9764040804955201,-26.374745477487977,2.4126049075217253,,0.4935467802616131,0.5483870967741935,0,1
-0.87779075628399506,0.44664373584104228,0.17318418350510326,-0.4480039670858354,-0.89340809708964297,0.033382892774840647,0.16963441177345367,-0.048284006551032731,0.98432353474538747,22.581685742303051,2.0537850803186761,-3.8175521136668404,,0.7361046511295281,0.3684210526315789,0,2
-0.59400611293720329,0.75365572204008646,0.28135349727605979,-0.79017113918314186,-0.61223410705401127,-0.028266039018446036,0.15095134512567154,-0.23910761342126383,0.95918780257504177,13.346220902774792,13.719000314415117,-4.0193092886710655,,0.3485985560447107,0.5,0,3
0.77440451016548473,-0.62089286719697168,0.12161291912983588,0.60847449237430873,0.78354655711613708,0.12575207736365829,-0.17336795195532334,-0.023384616639411104,0.98457945994188056,6.1751257636799055,-32.401430649247345,0.95739861024375061,,0.1214956724236396,0.375,0,2
-0.86981962331718099,0.42290414711327173,0.25409821968434493,-0.44895167218336335,-0.8920300572973997,-0.052199357484160595,0.2045879247074939,-0.1594818460903738,0.96576877244581016,18.879663134296667,4.2666597895696006,-3.6470637634501233,,0.173655458170606,0.2432432432432433,0,3
-0.98631127481068148,-0.04218189368407025,0.15940751872654896,0.044537383873977293,-0.99894458299799871,0.011231274932814912,0.15876552087588561,0.01817712695065642,0.98714897631351928,16.697557102929235,10.86052659694041,-4.0998140212801628,,0.1455495241544905,0.4545454545454545,0,3
