axis_00,axis_01,axis_02,axis_10,axis_11,axis_12,axis_20,axis_21,axis_22,location_x,location_y,location_z,dbh,dbh_approximation,score,reconstructed,number_clusters
-0.075937546634218894,0.9859285559377623,-0.14892404640505255,-0.98491828874735177,-0.050880728724119549,0.16536963426061785,0.15546528069689317,0.15923578125214502,0.97492282385163953,-2.1275465218676106,-26.322143961816391,2.2343722933578145,0.2850260307761446,0.2000876804929764,0.2631578947368421,1,5
-0.74295023336306931,0.61783328557993988,-0.25750142130725817,-0.6605252096959775,-0.73898620960115258,0.13268696008050904,-0.10831157879860503,0.26866598826203936,0.95712443739011055,10.721599375388557,-5.6851556280472,3.3869177242678492,,0.08156614448755915,0.4,0,5
0.92230761911677028,-0.26675331199665586,-0.2796271200330368,0.32153356494676144,0.93108877150997449,0.1723074756958459,0.21439408184878214,-0.24883000242507461,0.94452041140536291,-10.246375172713694,18.143985001808222,-7.5993447238967988,,0.09420355713924874,0.3846153846153846,0,1
-0.15747956527857551,-0.9202684892397649,-0.3581984006553251,0.96586874956913493,-0.21907874581975029,0.13821020850791843,-0.2056641561513039,-0.3242073577857344,0.92335900062335774,-8.6350581831016253,15.198505177794845,-6.5926355648743105,0.4090080777017547,0.3840816763520651,0.8529411764705882,1,5
-0.76856196841724733,-0.56036233450613171,-0.30871759711659758,0.55839676982456488,-0.82305400590477729,0.10380342390110384,-0.31225878394706474,-0.092607545216027154,0.9454725244114518,-14.084686165740331,-10.252059605306924,-4.1581653346766476,,0.07388275332738034,0.3333333333333333,0,5
0.7814635646037823,0.57879135533628578,-0.23305635409646336,-0.54124555681543529,0.81465160292014949,0.20831709744325186,0.31043186760431057,-0.036651505393601486,0.94988879492711309,2.3159880514334712,-9.284693604468929,1.1196562373825243,,0.07273961844271551,0.1538461538461539,0,5
-0.96269811186030652,0.090040071039493658,-0.25515707128708831,-0.09903440825056839,-0.99482739182663049,0.022597487778158849,-0.2518025643297962,0.0470238883826848,0.9666355168926456,3.4566020754148035,27.052235107798541,-3.8985751886196289,,0.174564518865473,0.125,0,2
0.66579035381631413,-0.63165355815983337,-0.39716116027271359,0.74432545087258295,0.5993519050238354,0.29454527177944007,0.051988729052289351,-0.49172256040202172,0.869198536378891,-3.874401234939397,7.7938773667766785,-3.8052415055413582,0.8911649150776157,0.6590783603210935,0.7679425837320574,1,4
0.96301050073550776,0.029052651760702625,-0.26789311095812218,0.060837986216983643,0.94505920702407076,0.3211881608218139,0.26250621879531072,-0.32560564897542649,0.90833443535356651,2.234704404616723,10.380275961075172,-1.8994413890737372,,0.2916655608870273,0.53125,0,3
0.55538388577769104,-0.74477312808539919,-0.36994827625002191,0.83117978455184505,0.51119329485930742,0.21868146021835858,0.026247003082660359,-0.42894568767243124,0.90294888662448858,4.5820108388914784,-12.010574997988465,2.3002071488768023,0.4356203729043652,0.3000895398004809,0.5267175572519084,1,5
0.726856607213202,-0.61570175736573507,-0.30428739462432502,0.67982889146190195,0.70793612360391156,0.1914657233824113,0.09753025625002601,-0.34603148826864599,0.93313989210749704,-12.660202964739144,-14.65100989309815,-2.937281099153207,0.4178305222095234,0.3983501741741201,0.8306010928961749,1,5
-0.06795527992198408,0.96756675152917682,-0.24330364005908714,-0.98804258079183993,-0.031437552590763009,0.15094217048030195,0.13839775458050727,0.25065167388705001,0.95813349795563152,8.6989787466628226,-10.251587938525041,3.4272609570062604,,0.07301303863113216,0.3953488372093023,0,5
0.96152315330241223,0.02922342891617917,-0.27316518238195575,0.031643256998128685,0.97592745499433864,0.21578764300771189,0.27289545608151217,-0.21612865101752324,0.93745211944899309,-0.76697575976765142,14.715563175300229,-3.6530166662233503,,0.09779405186884874,0.3157894736842105,0,5
0.086372188705617012,-0.91082372646625509,-0.40365825189673393,0.98845752183374413,0.027727260319133185,0.14893933854254088,-0.12446514591842915,-0.41186325199187279,0.90270542765078365,5.6852015721194054,17.265440754185175,-1.6921174196226754,0.1924747987154098,0.1517038638445233,0.44,1,5
-0.84592704406209951,-0.42059441236442746,-0.3278837849180446,0.42818999765409821,-0.90216028248613023,0.05253713556648381,-0.31790055368517989,-0.095953973301628817,0.94325610147737093,-6.7404220263260175,-9.3403272794791157,-2.1035905893390852,,0.1025000407361895,0.4693877551020408,1,9
-0.47028602757635041,-0.81874747691413685,-0.32936851900749298,0.84009767709286676,-0.52964901234515382,0.11708038548352628,-0.27030898100067657,-0.22164045832955734,0.93691438350675249,-0.63619725838199692,-5.9254789550497309,-0.55575822997251756,,0.1532412499942015,0.2444444444444444,0,5
-0.86079876906482999,0.4565364180713285,-0.22494438901887487,-0.47917528260094971,-0.87593676099791806,0.055909205653239036,-0.17151247103570591,0.15591436658331798,0.9727662527925961,-9.2945377281022079,28.496621334358057,-8.5785275991870336,,0.3913189348688803,0.25,0,1
0.95149315662017619,-0.093009986895817173,-0.29327447083340574,0.17072834395024825,0.95260200843249843,0.25179604068050238,0.25595430349376824,-0.28965247429982605,0.92227373303971416,5.5742223668112425,-14.837199864993115,3.0214477922448175,,0.09342169951001819,0.45,0,5
0.59995434269874681,-0.74294789517486381,-0.29678815968996386,0.80000596633936494,0.56024382333989931,0.21474941730051797,0.0067261057332696486,-0.36627214399232216,0.93048346360208545,8.9145179950767268,-2.0181850446009979,2.2407512461753645,0.2512058699925859,0.1967014299034262,0.32,1,2
0.33648554183761642,-0.86072622525521125,-0.38200503307176642,0.94112417413584104,0.2933281336234046,0.16805920052809259,-0.032600137904265594,-0.41606366241589277,0.90875093387885841,-4.5297568311726168,-11.059994776920608,-1.1525468305291426,,0.1009349768529744,0.3225806451612903,0,5
-0.83484288149601016,-0.46622163920546084,-0.2927024877789936,0.45617165044053443,-0.88353034007045683,0.10621470476982829,-0.3081311223323564,-0.044849986750902432,0.95028610962101623,-4.3891051189762971,13.198374666811889,-4.7204263502365738,0.3179022552226761,0.3087542860402969,0.4857142857142857,1,5
0.042043422765598588,0.97860900487449787,-0.20138710529897155,-0.98447106283034458,0.074961649215476669,0.15873713364108616,0.17043789793307518,0.19158592517573358,0.96656389143331523,3.8266110786800285,7.7070231358005215,-0.87081693546496375,,0.1204277069247359,0.4117647058823529,0,5
-0.91220706239454707,-0.27267050682142313,-0.3058252279117265,0.26453270694107878,-0.96193312163090372,0.06860842854818161,-0.31289091114306372,-0.018315682328918406,0.94961245437540975,-16.524676295156304,-22.821603257039232,-2.2869434519195591,,0.1632916935108852,0.6111111111111112,0,5
0.2988916319593915,-0.87857781933301526,-0.37251148669630973,0.95171875426424013,0.24581836188169021,0.18386066937636505,-0.069965742519995405,-0.40948058359077993,0.90963203908821266,-0.85440137618092982,-14.349224619750281,0.7412750447413432,0.4205379088806844,0.2067122075688632,0.7708333333333334,1,6
0.95623789007038751,-0.0065258385867448193,-0.29251753968689315,0.14923657018175265,0.87080722656648157,0.46842632321420524,0.25166951288171591,-0.49158131330465765,0.83367275875822366,11.154804619898689,4.3812463128645476,2.0496026817311579,,0.2435858171425965,0.3714285714285714,0,1
-0.85810748355319677,0.44477121017189497,-0.25657380472727004,-0.4810443217701722,-0.87111516018817725,0.098766078098710977,-0.17957702292519045,0.20817528261672572,0.96146510313415479,5.1455191952435593,-11.173798288859722,2.3368957678309918,,0.07713367875497461,0.1951219512195122,0,5
0.67311190836129031,-0.68183999722007615,-0.28638187270347748,0.73498675110531286,0.65968081745297702,0.15689389658055947,0.081944093880408769,-0.31609403233136313,0.94518237827554752,3.9506676530354672,6.7337064831721705,-0.63679547397320779,,0.1228008054734555,0.6753246753246753,0,5
-0.079528884293298144,-0.85085804842429358,-0.51934163899562868,0.98055315682705446,-0.16054630972687867,0.11287333196809306,-0.17941756658577612,-0.50026539343101062,0.84707961428413248,5.2212342089395838,-6.5459007883464793,1.6812224476359789,,0.3616100747391996,0.2337662337662338,0,1
0.68393594711827477,-0.62956215805112892,-0.36862326213823454,0.72781326552613856,0.62357206863761894,0.28538697541965602,0.050194329994603118,-0.46347531149458854,0.88468704346304672,-16.638527193765459,22.465462885862738,-10.26491750532662,,0.4037770453106943,0.2272727272727273,0,4
-0.55381084992368856,-0.77920218932576757,-0.29349189197784115,0.78265297444563231,-0.60744526490882622,0.13588440576920827,-0.28416168654167029,-0.15444804398171302,0.94625468961163761,-1.4876522604640054,9.2908783077568007,-3.1223225543822051,0.7210314270647021,0.6386761148732546,0.9933155080213903,1,5
0.76171945250130435,0.61200683117159072,-0.21267607829848117,-0.5720585500674451,0.78939527584165325,0.22271981001611163,0.30419153666044974,-0.047986842761207446,0.95140147779261175,-13.792845390709696,13.021878773158033,-8.0127392157558166,0.5387046260311381,0.4675638100998593,0.25,1,5
0.89343433713932985,-0.33766143702368168,-0.29624287192692045,0.40542634821071455,0.89011226866829474,0.20815769345068005,0.19340258890959047,-0.30607989661734575,0.9321537080813358,-20.943309921591592,-3.7460893647703548,-7.2914905183660101,0.847954856708244,0.7354585746170197,0.9761904761904762,1,5
0.88127585010136456,0.42861527447261422,-0.19910254271827679,-0.33514937881938767,0.86382599908607161,0.37613765722130116,0.33320829807358676,-0.26475194010944658,0.90491913467623619,-8.4283413081305891,4.1122386678524903,-5.0899872800652322,,0.3469486587872135,0.2101910828025478,0,4
-0.36894921371815464,-0.77233061992568186,-0.51708982896781808,0.89541657132824237,-0.44452376020773848,0.025055745878890742,-0.24921003488529495,-0.45376650398193225,0.85556432743335253,-15.065669317396546,-7.915221178114348,-4.8898966958855308,,0.11521488910202,0.2777777777777778,0,1
0.029722724288400549,0.98527618624625413,-0.1683668508849443,-0.98650598924513622,0.056047277062280076,0.15383314310440346,0.16100463609583288,0.16152256668943005,0.97364673655577338,1.2908741407379336,-17.048375763671984,1.9175249024187289,,0.1730845052045437,0.3720930232558139,0,8
0.87751321832953322,0.40778356571757379,-0.25235513703431595,-0.36451658663362335,0.90912641146767048,0.20153616559042301,0.31160585637294957,-0.084863016105836575,0.94641431665603171,-1.8367179170046837,8.1882470745229501,-3.0910931575896927,0.1526726795072785,0.09894747067897483,0.4177215189873418,1,5
0.78142912197064374,-0.5172786846637859,-0.34898608815924714,0.60626976189579063,0.76174107543912406,0.22844585747977414,0.14766686543368956,-0.39009395840150068,0.90885708473424909,-2.45223700735971,-24.617841242030078,1.8787411464905834,,0.2930899941321163,0.4615384615384616,0,5
0.95822117728055456,0.11143714543248909,-0.2634272917313713,-0.0035596926034053337,0.92555818050077887,0.37858867269987789,0.28600612580788548,-0.36183396347764851,0.88728613134344547,18.702781265913501,6.0360432250286724,4.1726173218498728,,0.328376307509772,0.16,0,3
0.59221643380196975,0.77421682222160493,-0.22331145900727273,-0.75207283616166343,0.63057787676367782,0.19172373469125686,0.28925100629492806,0.054404535888947558,0.95570602270367611,1.0122793029142187,14.623325886176774,-2.9706544190680213,,0.08494016879247886,0.2142857142857143,0,3
0.74055941862680763,0.6260335115200949,-0.24424125355259974,-0.58829929968375028,0.77964724297228216,0.21460221461422421,0.32477019794731016,-0.015238732871859506,0.94567018539537673,11.540988322118102,-2.5492233998254195,3.1763788117731098,,0.1267570028317919,0.2352941176470588,1,6
0.31905610477524643,-0.90413486054928038,-0.28415375405787219,0.94601297963371023,0.28575425487196421,0.15298348991678545,-0.057119562062376381,-0.31762345593816471,0.9464949529013349,-0.64893258103800289,-11.962788445873541,0.3247703549679517,0.3120826942110035,0.2562182482663828,0.926923076923077,1,5
0.69344846656677572,0.7027785274807542,-0.15884446961783577,-0.66485597845550504,0.70910344581348916,0.23481659023035478,0.27766121826456369,-0.057224509149666411,0.95897320266231589,0.41856204989962997,6.3589578218598568,-2.0060718869392038,0.4374312340782284,0.1834584036551209,0.1428571428571428,1,5
0.9604400948802726,0.052103433431632214,-0.2735691071210492,-0.00030317465273880509,0.98253688644892023,0.18606766202753058,0.27848650278155784,-0.1786239037528205,0.9436836168847057,4.0075951823798572,-17.511116746932931,2.9862845547227388,,0.08767033873327881,0.2272727272727273,0,5
-0.92898388506269147,-0.16183952582841879,-0.33286169676528221,0.17788354740411599,-0.98388536904129908,-0.018083809040038101,-0.32457107828141091,-0.076010186594307874,0.94280224155288395,-19.767799311939068,-25.134229525197362,-2.5953196906550033,,0.2596701761281905,0.2857142857142857,0,5
0.90985961516894787,-0.28390609052325955,-0.30257695293662656,0.36086899778302994,0.90136650721058043,0.23939921912585851,0.20476583485456365,-0.32701032314408357,0.9225698897284238,-10.906700773079937,-22.587314051887137,-0.76747110272118635,0.222889110477145,0.1977770790530725,0.6470588235294118,1,5
0.90781236410939747,-0.25125085938864328,-0.33578224674121154,0.36090092983668215,0.87585372797918215,0.32036036900338977,0.21360531457135112,-0.41201122902347953,0.8857875121864367,3.6844503062025447,21.03657016867658,-2.8969425060983678,,0.4014898222136601,0.1212121212121212,0,4
-0.36246747124368234,0.91737676597353746,-0.16442992897323783,-0.93094951279320004,-0.34802087605440596,0.11051911355248857,0.044162619038214161,0.19313554587972004,0.98017770021431749,17.977052863123617,8.9960831081453119,3.595025459010627,,0.1604486686466365,0.25,0,1
0.87813184839717129,0.40134663677518267,-0.26039457363742408,-0.3471610878023626,0.90906191277186543,0.23040316374441713,0.32918632405743481,-0.11192549261364064,0.93760815277851883,12.311466510212389,5.9034651900917092,2.1632616875942161,0.7053124121199612,0.5397680738271463,0.9713114754098361,1,6
-0.87694102674788588,-0.38276198550401991,-0.29063327073716938,0.3638794287048272,-0.92384556986214605,0.11874815540266562,-0.31395253936194384,-0.0016203391952255022,0.94943729520652387,-10.775755412539203,-24.948749785977419,-0.35450890606671998,0.2131031720100596,0.2220020239251946,0.7241379310344828,1,4
-0.48400625374503053,0.84780057609012338,-0.21673054587887949,-0.8750316140716069,-0.46676019195654833,0.12827547536425435,0.0075908307147759084,0.25173221165743198,0.96776715841317862,11.65549423616908,-13.451015069551488,4.8259507170542326,,0.1409045912111628,0.6206896551724138,0,6
-0.59492645285968093,0.78085843307155589,-0.19058495005858758,-0.80261371811532489,-0.58989131688738672,0.088540689820897869,-0.043286662852356099,0.20564129391224237,0.97766963901780601,0.88022773055352332,9.5226155587658123,-2.2620184481368799,,0.07335867490000175,0.2105263157894737,0,4
-0.54444443080506766,0.80697159677922192,-0.2288604460297563,-0.83853494155684927,-0.5304423149176728,0.12445923964508251,-0.02096219343479503,0.25966862062323459,0.9654702449635767,-18.366739251640791,-16.025393153540762,-4.2832386293837672,,0.1399877198071892,0.2380952380952381,0,5
0.96215546929063311,0.052295198456828701,-0.26743609541810781,0.0077629136189608493,0.9757544526551718,0.21873039408310785,0.27239051027204852,-0.21252872827448055,0.9384215201985544,9.0728879177323254,-15.237206699513337,4.2687425783692508,,0.08325454939544201,0.24,0,5
0.94664006227636976,0.18080743978458572,-0.26679816755730268,-0.1317360801011562,0.97257454085346029,0.19168820434044218,0.29413975877628801,-0.14631278892231112,0.94449688729227832,-0.034342713634307125,15.437496116636918,-3.5251801399195499,0.1912351519587462,0.1644920741416694,0.6,1,5
0.80274213500297797,0.53815086332118878,-0.25690214673591394,-0.50796013015207886,0.8427555797595806,0.17815594000756038,0.31238049053477246,-0.012517231752808135,0.94987459595596213,-1.8336001272149522,-4.1786394386788217,-1.3236500372790967,,0.07287927335948838,0.3984375,0,5
-0.54952593989435872,0.82695406154337259,-0.11903033848620534,-0.83525098124308539,-0.54708455188857263,0.055265644095962498,-0.01941751054290413,0.12979011203400068,0.9913513439253091,-1.4321548461736668,5.4339901710355791,-2.3923668811085221,,0.08044465467085007,0.3007518796992481,0,5
0.78438285658082474,-0.47001726722755532,-0.4047558558069877,0.61044619909646236,0.70066565904893696,0.36935494072531616,0.10999532858621082,-0.53679735723777589,0.83651038544165834,-4.7845304284006058,23.744561296103903,-6.176505716921584,0.4329748239021412,0.3238125473015721,0.2121212121212121,1,5
-0.88094976495287036,0.39504499506887047,-0.26051288547885587,-0.43521301412791924,-0.89252414193688845,0.11828054951475958,-0.18578790047571725,0.21757782040193807,0.95819765607413565,1.8244783444220793,8.0255237609090617,-1.6645532740357738,0.5131528928875206,0.4706343350613512,0.9699842022116903,1,5
0.35833568465524013,0.93277854675037841,-0.038983584043972258,-0.90040825763489052,0.35633125821864181,0.24958566465087828,0.24669922311503431,-0.054334309037409184,0.96756771141655296,-5.7586560760822714,-17.74501822517853,-0.2693517761117733,,0.6061685503506846,0.5774058577405857,0,5
0.27686598488591579,-0.86340406098007094,-0.42175662875202663,0.95829785146201718,0.21576390826556568,0.18737973148996448,-0.070784562557344027,-0.45604754507955803,0.88713594354556202,0.75641609933855225,7.860971858288301,-2.0818576201750627,,0.07817450500070644,0.1794871794871795,0,3
0.94720861835080805,-0.15383589539701722,-0.281301174205425,0.21324036346372169,0.95745919330736595,0.19442335389831009,0.23942510459810343,-0.24414424105148505,0.93971762186817642,4.8885642075842135,-8.8166288509772492,1.9399925109435781,,0.06426648817864775,0.1914893617021277,0,5
-0.96520085799001398,0.032138277872747548,-0.25952732964124492,-0.02592132268192034,-0.9992899790170332,-0.027342693110915462,-0.26022180686053409,-0.019663899194005532,0.96534861179924403,-3.4232719940591876,-40.58881641126721,4.6164652179561179,,0.4985141624941959,0.25,0,2
0.31992013894425525,-0.87446206115809677,-0.3646466896778594,0.94522936999538831,0.26828316919973549,0.18591820573108786,-0.064749847845453595,-0.40415373896486328,0.91239641192012111,-9.145264899133009,9.3174718320329628,-5.9669514019351677,0.269884819811003,0.2186207861550036,0.5357142857142857,1,5
0.92790109996779679,0.29692336597346031,-0.22546854196881139,-0.2252407112328034,0.92837111011798179,0.2956242613549257,0.297096231349191,-0.22352538253472495,0.9283158043903007,-8.3055746748316928,6.9151686821458798,-5.4507669464417585,0.3490024838488745,0.1800072702143747,0.4838709677419355,1,5
0.66496399551120866,-0.67837925329427173,-0.31244915326125655,0.74340309523987735,0.64146469244574744,0.18940666918895091,0.071935545188310551,-0.3582242831598515,0.93086016151357087,-7.1477257774131777,15.415909637261574,-6.1568726685463941,0.6439385991648963,0.5934958831575519,0.9692832764505119,1,5
-0.12424193408692846,-0.89493257671205195,-0.42855527642751845,0.96967215829863851,-0.2011208664784383,0.13887513271792853,-0.2104752888934931,-0.39830400475828714,0.89277884862865731,-5.9998396795892344,-5.1990461520939908,-2.6566958339973188,,0.5229475243355188,0.275390625,0,5
0.53434072332818316,0.83960023180933974,-0.097731479774010727,-0.81459956185656135,0.54236197117952611,0.20559923648048373,0.22562700462536173,-0.030248024133201244,0.97374406895232224,-6.7557215974659952,8.0594718608968101,-4.8554852063157918,,0.4700971818153665,0.6325757575757576,0,3
0.96086969049406601,0.046781548844764147,-0.27302183901205213,-0.0010972450847452626,0.98627066993441381,0.16513316347828702,0.27699861722229224,-0.15837187981080358,0.94772892418778187,-5.8044301275819965,-8.8490025795912484,-1.8862680247802581,,0.06317359526880686,0.4146341463414634,0,1
0.65830188669191914,0.71193015614311284,-0.24452827802097399,-0.69092526170150026,0.70039191348259955,0.17909062027615022,0.29876564180068166,0.05105507126844288,0.95295984751572871,-16.395261462360455,-9.5516215432071867,-4.9786624488516482,0.4107848792029261,0.3454299838148268,0.9038461538461539,1,5
-0.79455049407903811,0.56904595469363228,-0.21184006657280521,-0.59308978895435449,-0.80209496642573352,0.069915428001134455,-0.1301307596106199,0.1811915182377902,0.97480029704645077,-3.9014140701683533,-31.901751696838904,3.068948377859996,,0.3957475895344414,0.7575757575757576,0,5
-0.2240164929977784,-0.8839842515937878,-0.41035162214757664,0.94924708023240356,-0.29329516369189612,0.11361306097980456,-0.22078630287052045,-0.36407387971277905,0.9048224237802972,-13.616966097616988,-18.084198494377617,-2.5414781201001544,,0.1626760273038429,0.3636363636363636,0,2
-0.81188256787660129,-0.44257390441316535,-0.38075587337634376,0.49301377548182129,-0.86905000515893072,-0.041103597390290694,-0.31270451413955702,-0.22108918486834464,0.92376158134607134,2.3738323845189448,4.1754753945502969,-0.87087203589137518,0.1868447270568494,0.1200601963213172,0.5480769230769231,1,5
0.60680961185401761,0.75555009803485762,-0.24683221896886379,-0.73586689186864362,0.65139897624772525,0.18487642141440591,0.30046965306526036,0.06945086826622289,0.95125946223094637,-3.4261483325358291,15.561762653197416,-4.7923827165061139,,0.09288051259941138,0.3255813953488372,0,4
0.95893567126310275,-0.071011947923481783,-0.27459002463908805,0.13070403287126034,0.96986141518450164,0.20563387641024561,0.25171180776906504,-0.23307968291644038,0.93931625517777584,-2.9234124572279008,-9.9482550494003021,-0.84528860780196935,,0.0792610893883136,0.2622950819672131,0,5
-0.018906032406105489,-0.94987313967973364,-0.31206342376770796,0.98832080277131884,-0.06495901406170082,0.13784889300095007,-0.15121029312885714,-0.30581259785544568,0.94000750116410681,-4.3931263585995319,22.306711402639255,-5.9286466480877875,,0.1306275119298745,0.4,0,2
-0.81732130817222926,0.51583288612181943,-0.25671445772077695,-0.55750527732060584,-0.82051663285405185,0.12625498393935214,-0.14551200970130559,0.24631055358040549,0.95820528396977855,11.7374389369793,-7.7770032252782419,4.0126561129152716,,0.07754500868503175,0.1621621621621622,0,5
0.8901649600496655,0.37958048304570058,-0.25204166479090595,-0.33693414446355263,0.92075471504141171,0.19668791783844639,0.30672744610548408,-0.090163249829418965,0.94751720944044393,-7.1601674355040723,-4.3173936453010979,-3.1596456961001271,,0.06933102864841237,0.2926829268292683,0,2
0.91910369824341187,0.28221685085575154,-0.27495825313735672,-0.22473814111098223,0.94867857135090994,0.22248985637457211,0.32363738938086956,-0.14269764312230226,0.93535887382441407,-9.4556170347421222,-25.605725770121104,0.19512558412297995,0.3101340947140316,0.208670170686613,0.7916666666666666,1,5
0.10257532908978342,0.96331946537466095,-0.24797965540019701,-0.97742516336340057,0.14390091336541752,0.15470157451244215,0.18471153696007386,0.22651299027401589,0.95633336935974966,-6.1482908794384068,9.5678769849056859,-4.9944438195253644,,0.08297952021158095,0.3214285714285715,0,5
-0.85509077017522994,0.49141347739221608,-0.16532564531379601,-0.49335485172207599,-0.86923885236848186,-0.032012619627481552,-0.15943890693121776,0.054190513657054497,0.98571934301106423,-0.26614923021113246,2.8859824074299816,-1.6373107903864057,,0.3833154261741961,0.2394957983193277,0,3
-0.95286005074368652,-0.10038830686945652,-0.28632134314546487,0.090552257402050806,-0.99476185332605438,0.047425139395748994,-0.2895824794011751,0.019262476766950764,0.95695921784194682,-11.050475830497991,-11.083257968053793,-3.1895214854079588,0.3747170381950913,0.3393858284371037,0.2688172043010753,1,5
-0.35979444102562896,-0.830507793346834,-0.42521143610823536,0.89870987139945202,-0.43094831310402326,0.081265727597661055,-0.25073597120524155,-0.35290275802686694,0.90143835957917562,-2.1853047914792882,-22.490940497931305,1.5945793950762182,,0.2370341282048411,0.2352941176470588,0,4
-0.029250468185709887,-0.9204145036351401,-0.38984811351216775,0.98906521378644241,-0.083051375091902829,0.12187071827524419,-0.14454899857313661,-0.38202043216747372,0.91277925941493676,-7.5431453175838614,-6.788825912236077,-2.859910966803016,,0.3467351097361941,0.2417582417582418,0,4
0.79144747609021104,0.59104736792540813,-0.15580083908272538,-0.525616100203258,0.78820711585759506,0.32008945268248018,0.31199135853025284,-0.17144256000158845,0.9344885450461915,-6.9271197725023974,-16.724888930003633,-0.75022196237409722,0.5327464901286106,0.5721156783269139,0.6617647058823529,1,5
-0.12713571590641579,-0.903829320764031,-0.40856953957459152,0.9746141580479678,-0.19036522473720061,0.11784873416039025,-0.18429257357097806,-0.38321487463039028,0.90508707160615232,11.104891526130469,15.853586080766064,0.25020044022095933,,0.2215810349258212,0.2,0,8
0.085459648212151365,-0.94126174434957643,-0.32668482846843117,0.98836015210371841,0.038669298342226009,0.14713563504207611,-0.1258604713997625,-0.33545642636520301,0.93361026544769576,8.9411963536512857,-11.102865148763602,3.5459164457941164,,0.297694329705385,0.1578947368421053,1,4
0.20357408320601672,0.97498379072482189,-0.089242369257475238,-0.96147193493148198,0.21628441505859022,0.16968432497398386,0.18474120002301306,0.051260702556844069,0.98144945330232702,-18.763525293412901,-12.186959552952413,-5.1369143219005213,,0.2736059196517114,0.4666666666666667,0,4
-0.5262160025892515,-0.76181895363815644,-0.37779438918101199,0.80547531637236391,-0.58897186835902582,0.065739280468522843,-0.27259169711095282,-0.26971099376803981,0.92355278490556625,-27.838926492281338,-25.090127102824784,-4.8044129416981871,0.4005401778400826,0.3686895035394027,0.9655172413793104,1,5
-0.18556022398179065,-0.86193221021361288,-0.47184771724795105,0.95890677869865204,-0.2637201893420153,0.10463962681118799,-0.21462803414652243,-0.4330410219940905,0.87544861655536999,-10.787742249575357,17.347379960238165,-7.6833983246374036,,0.2001851009601097,0.3333333333333333,0,4
-0.26466222712787957,0.96296140589206491,-0.051567783490176829,-0.96188881491100553,-0.25980025140251622,0.085286207092891558,0.068730002770354154,0.072174511661447768,0.99502111866312637,11.911532733147432,-5.9987881049282006,3.7621363207796885,,0.09657568343952243,0.2857142857142857,0,5
-0.091224092783105587,-0.85982987736265237,-0.50236515294198758,0.98064968449163659,-0.16531365015468172,0.10486941107391667,-0.17321767000613419,-0.48307761184623599,0.85827248571219183,3.7837908841537362,19.89068640531184,-2.7211148634205684,,0.1627828167652625,0.2666666666666667,0,2
-0.74437416843584381,-0.5942740262830597,-0.30454142419508162,0.59360295577037159,-0.79776871166024443,0.10583295137448186,-0.30584739375401881,-0.10199737438422793,0.94660123988541178,-2.6585432461736702,-12.167284247528604,-0.38423245464391192,0.1674351564597671,0.1184566479838642,0.4354838709677419,1,5
0.39038697469335526,0.91768837535216541,-0.073797396520959027,-0.888742215182597,0.39656446361291009,0.22994325637368485,0.24028167833211683,-0.024179990548115728,0.97040200077853966,11.51082811822454,-18.810257470995669,5.6360513449807899,,0.4550623683935502,0.3333333333333333,0,4
0.57988309581922892,-0.70968462254649634,-0.40010415107087283,0.81384151843128461,0.52713930684013899,0.24451203254964524,0.037384195331290601,-0.46740976423811958,0.88324998399903587,7.4116911226491089,-10.762664637591353,3.0960185984698736,,0.08472897091144875,0.1666666666666667,0,5
-0.70943755572541678,0.68180276256199035,-0.1784470439351219,-0.69831762205659753,-0.7142172090433011,0.047394905122975464,-0.095135972437162097,0.15823644102808532,0.98280739490461688,8.3333196535437395,19.507780520352664,-1.1210254062581915,,0.1145499261854082,0.1818181818181818,0,4
-0.35327979697966072,0.90899809657790687,-0.22116926880503177,-0.93417830104883615,-0.33012744548930056,0.13537640704428197,0.050042850593466602,0.25443728137293786,0.96579365443764864,15.489682038713214,13.809777329455997,2.0431248962814261,0.5035979076878021,0.4744508769720938,0.9576271186440678,1,5
0.67559285410372627,0.71595493042401448,-0.17601941110435768,-0.67719418444795576,0.69699301975579864,0.23581511181762743,0.29151729285558442,-0.040115682883835317,0.9557240187171786,-4.6370244639219642,11.405299393542032,-4.6034168505424526,0.6190616734651908,0.6416207469355273,0.668918918918919,1,5
0.77705316989327333,-0.55889241903856812,-0.28953002452255694,0.61674529727796534,0.76795491336721877,0.17283081125962726,0.12575217471013775,-0.31286501078958051,0.9414360708934546,-4.8441978168321356,16.72087225785403,-5.4450005991434605,0.4100555536938969,0.3048632897465308,0.9102564102564102,1,5
-0.95921901344459848,0.093432651517482271,-0.26677560585027837,-0.11435176286281137,-0.99137967636169511,0.063953198724905694,-0.25850059685915189,0.091851385005304362,0.96163442351866146,1.3352503036544203,12.385446825785273,-2.5906464832945808,,0.07307315731891217,0.2608695652173913,0,3
-0.944104449164339,-0.19134957716893888,-0.26842527523571436,0.16762850369930088,-0.97981811618021353,0.10889051360238819,-0.28384410125213855,0.057808291120968872,0.95712628616188333,9.5995100217709073,-1.0652231381488897,2.2880325416302814,0.4757671763230878,0.4121171873390334,0.9563106796116505,1,6
0.1864846518303141,-0.92510071810168082,-0.33077505347211694,0.97721414575599852,0.13992126314271375,0.15960749811622926,-0.10137054782381905,-0.353002410031862,0.93011467601882103,9.6286101948262797,-4.506305211656672,2.8421685589842127,,0.08945487481502168,0.4393939393939394,0,5
-0.61108739599685458,-0.72472858282476371,-0.31834050274916853,0.73754425896180642,-0.6673296204471254,0.10343908229666374,-0.28740330639410494,-0.17157989075269175,0.94231612559853328,-2.5717956336705154,-20.681620634792726,1.1264487368041984,0.2214857391290866,0.2097870934093534,0.6363636363636364,1,5
0.95050153808724691,0.16343997499789398,-0.26426161406164461,-0.061972158289792349,0.93311166693544034,0.3542062515341432,0.30447705609894937,-0.32029672430677714,0.89705280263074005,-5.2867670501956479,-13.552707502026522,-1.0830270785165461,,0.3910972382476565,0.2150537634408602,0,3
0.8958421038251142,0.397769423893993,-0.1981070680950921,-0.31074540070217394,0.87943908533554882,0.36058867304259251,0.31765424750290666,-0.26146965521684001,0.91144357940804421,0.87085842553616366,21.001069113621206,-3.8940628889023556,,0.3213507867825828,0.2631578947368421,0,3
0.78262802155238909,0.57042940960823896,-0.24920607644074319,-0.53909197057641134,0.82126064356503914,0.18684432715814478,0.31124464194751222,-0.01188461127401008,0.95025550715259244,12.519587813028062,-9.4476866303953226,4.456955454344584,,0.09905299973091733,0.4545454545454545,0,5
-0.22536640395480556,0.95935549276180809,-0.16984411228013574,-0.96805129550147651,-0.20082639481700051,0.15015141831737339,0.10993940715863462,0.19825689812098382,0.97396485003364108,13.639642579278904,8.386463222727377,2.3104284744986412,,0.1352570519249134,0.2083333333333333,0,5
-0.39462969217173854,-0.86815022553472776,-0.30096942030784513,0.88353996135866186,-0.44845405288154089,0.13507812234575423,-0.25223905870973518,-0.21261267214849092,0.9440187015642777,1.4910273985863558,11.420022358347312,-2.345943756960498,0.3026245090861267,0.2922563794131614,0.9162995594713657,1,5
0.73610083630549261,-0.58712048995479404,-0.33681610570992188,0.66867532877023717,0.70796895666169213,0.22727353804913292,0.10501839593314123,-0.39251686164876781,0.91372952772526306,-0.074515197269084343,-5.0564995296668638,-0.48465041778681955,0.4511825905052608,0.4037367369798387,0.9143835616438356,1,5
0.01646108941634504,0.97617409443593184,-0.21636351329976153,-0.98656097092991235,0.051039307019824967,0.15521739521318217,0.1625622439961267,0.2109007503332434,0.96389542499994207,5.5127429914489534,10.500861872374518,-0.77931253954193203,0.5695389597795734,0.5210535815140688,0.9646739130434783,1,5
0.95907629746398093,-0.038900935608450281,-0.28046278336273006,0.10155176379176059,0.97187715579273437,0.21246654635261708,0.26431022476167082,-0.23225311893925882,0.9360548027917075,-3.9491465363078104,-18.209127358550067,0.37858856197518398,0.3877150178474835,0.2583210274466818,0.5434782608695652,1,5
0.19453128572781192,-0.87699369594747145,-0.43936276144147529,0.9758157498469664,0.12749460124982864,0.17756336616191484,-0.099705572681207305,-0.46327873242848244,0.88058594972652793,10.654106815763754,21.499206288605905,-0.61257977033194122,,0.6454548711393457,0.3636363636363636,0,1
-0.82803135724924815,0.49602351561751939,-0.26139002155094432,-0.53942212320006178,-0.83192612540821764,0.13008725865974016,-0.15293084847179786,0.24871588975717918,0.95642697670443666,-0.3077202044998944,7.7412237692564716,-2.4663062211050462,,0.07805084892577045,0.4485981308411215,0,5
0.25739245884812312,-0.89655529436951886,-0.3604687590708851,0.96305490686812567,0.20743025690628838,0.17174962846253317,-0.079210911403317222,-0.39135826637210291,0.91682295938576863,7.1066326588567508,-6.8790001670076979,2.3575344805622227,,0.0863551404483786,0.2876712328767123,0,5
0.92350060716862958,-0.24540812076860982,-0.29482449494570695,0.31335862340433673,0.9259387719060862,0.21081689642717727,0.22125325239939594,-0.28707532973397004,0.93200576895254283,4.6428098385998835,-12.090099146759812,2.3207087209135788,,0.3861038030979674,0.7552083333333334,0,3
-0.25058915316638491,0.95028200562342702,-0.18484909008072659,-0.96452138862322145,-0.22868329105867283,0.13191832048244195,0.083087707897667201,0.2113482012672282,0.97387287189726168,0.0028058080411700053,5.3418946437865165,-1.9492018088479977,,0.1236568164028133,0.4654377880184332,0,5
-0.84238232286999859,-0.45515465781002812,-0.28848961782009075,0.43758326993289687,-0.89019958649069753,0.12675006148568607,-0.31450421935322154,-0.01946621908917965,0.9490564589756465,-13.063492771214497,-2.0099296842625498,-5.3860674502066264,,0.1049190639565893,0.1111111111111111,0,5
0.041006188191720624,0.97701603309650398,-0.20918452046543967,-0.98479503912557786,0.074893160970808587,0.15674739345026378,0.16881120651081327,0.19957626490184482,0.96523162559263043,-2.8547868680585897,-3.2863414898903325,-1.7501862211956909,,0.085134570991815,0.3306010928961748,0,5
-0.38644695871167739,-0.85754846821543518,-0.33951343532157352,0.88866803250939264,-0.44472118131868343,0.11176850577152866,-0.24683572694887693,-0.25852213744257185,0.93393705802572358,15.878134591544139,-27.18988102763165,8.2627305514866798,,0.5878405462464623,0.5294117647058824,1,5
0.4542080539282769,0.87247906702515388,-0.1802091045136294,-0.84982779567271594,0.4850207737088939,0.20627061538880831,0.26737195336971936,0.059456931250633192,0.96175730404167836,13.086494382170645,-3.475182661998085,3.7581375643766894,,0.07775515325701486,0.375,0,5
-0.62631468580989069,-0.71830128322606135,-0.30294088673312347,0.72255409015156868,-0.6807645131482305,0.12031319313895236,-0.29265252629030258,-0.14353725702355391,0.94538434231906832,12.120348392417878,-3.8248391998605369,3.5476741198498152,,0.0995049838402426,0.5,0,5
0.84760261377997603,-0.40004401385966909,-0.34861812357993865,0.50344513633594323,0.81386462071183907,0.29011613856050428,0.16766873236544777,-0.42141329609852007,0.89123399287636274,-13.175257610191519,22.058721532360476,-8.9759989064650938,,0.3545866168072729,0.6538461538461539,0,4
0.6760600010544785,-0.65397826894019073,-0.33949270791610558,0.73268466131241283,0.64553922074703185,0.21552796003031657,0.078205255908625454,-0.39445093260291109,0.91558309274306715,-19.40442344238981,-15.666112155581047,-4.6230525687793156,,0.2004643936539721,0.1923076923076923,0,5
-0.39869209738609346,0.89053445267581766,-0.21907304735923688,-0.91661003262814222,-0.37926328794507141,0.12643340738322276,0.029506941002346316,0.25121255345718391,0.96748208945603109,-1.1525820912006384,15.985515323478808,-3.9607232611406475,,0.07563754692423835,0.3225806451612903,0,5
-0.90645473571265867,0.3565393148954461,-0.22631731935046423,-0.37023703136074498,-0.92872680500689131,0.019775294457333135,-0.20313629098040772,0.1017164617727994,0.97385286809206739,-1.1172057991689477,-23.461692822635332,2.1297900958031546,,0.1837465604611527,0.2307692307692308,0,5
0.88635476810852853,-0.3234653745723311,-0.33127839727947656,0.42320593569577447,0.85621893139884142,0.29628681628801889,0.18780830930270684,-0.40281421644103849,0.89580619890121949,-7.4530343513706132,13.788013075412888,-5.9723398254409155,,0.2044117169397026,0.3636363636363636,1,1
0.2395941067189496,0.94295610402270513,-0.23114594937370345,-0.94552111432567354,0.28067994919121891,0.16495026064347984,0.22041888845987254,0.17903226527175739,0.95883416793613374,8.4160786421161191,-7.7318471094062859,2.9579913870521404,,0.2891877146212446,0.2650602409638554,1,5
-0.1431513666839874,-0.92042942497503066,-0.36375453242075428,0.97120556023308091,-0.20136668622128734,0.12732327930353343,-0.19044013754682762,-0.33505392300403314,0.92275209167508976,-3.1946752850698519,16.241397276014617,-4.7388883712012211,0.8944309691301849,0.5561777292174312,0.1785714285714286,1,2
-0.57566244033241831,0.77913348974061958,-0.24812045452789755,-0.81686541970031989,-0.56157137196771167,0.13178953025230708,-0.036655707445726667,0.27854730181947118,0.95972275150730213,-6.0116943350975536,2.0336855360569839,-3.8748290773549559,0.1998778771981802,0.219191846820723,0.8252595155709342,1,4
0.39631695626672947,-0.86046518494274504,-0.32020702003067275,0.91802944972403744,0.36667170071298533,0.15090988481749246,-0.012441849334288241,-0.35376762061796352,0.93525059261539534,-9.2361545530725557,-6.1707945108842086,-3.4825200456186169,,0.107930127915032,0.1864406779661017,0,5
-0.077731094895171132,-0.94862996297578617,-0.3066905121306443,0.98062964175107115,-0.12822343690904359,0.14806841643780458,-0.17978704793606376,-0.28924028691002152,0.94022160888943851,7.7474288921080356,-2.031131866046143,1.9339374509742904,,0.07675625448404223,0.3,0,5
-0.38116517836658137,0.89944757955723953,-0.21379232546889129,-0.92370594638425885,-0.36088791998275704,0.12855828960001497,0.038476374766007369,0.24648318571282593,0.96838298608852236,9.357649206576621,-16.736249657028228,4.6100813196664623,,0.08068510131189201,0.2857142857142857,0,5
-0.8636409883692262,0.4662404804374301,-0.19168739554311068,-0.48017688142029974,-0.8766154888308596,0.031232151563879717,-0.15347444659650034,0.11901722204499687,0.98095896708200303,-27.918945656055509,-10.43677105125443,-8.2717629247670583,,0.4037046478190932,0.9538461538461539,0,7
0.29656058918405176,-0.90410060157356575,-0.30765877068129355,0.95273056379321341,0.25781489448228223,0.16073566187176824,-0.066002195092844482,-0.34078377663469583,0.93782201287105649,-3.7945130536190601,-8.7698993665202245,-1.2768122580768073,,0.08301397159373733,0.3846153846153846,0,5
-0.71326213006824546,-0.62443386029737313,-0.31833863718473071,0.63133608049732792,-0.76965084380662707,0.095143744355684512,-0.30442057629664593,-0.13311623770926465,0.94319042615229609,-7.9918959170150048,-4.5380663996631245,-3.4114988928879617,0.4589335005621977,0.4010683039732149,0.8185840707964602,1,5
-0.042092472866560864,0.98949175507144871,-0.13832675219783694,-0.98848862639612334,-0.021106191170988161,0.14981576746043387,0.14532191580585133,0.14304053740068823,0.97898975758004692,9.7143433885931429,-19.199340694603372,5.0531077771291555,,0.1039240437047029,0.2142857142857143,0,5
-0.94888867944195987,-0.1440664511016797,-0.280811559046028,0.11593890258085041,-0.98664442455870804,0.11441569103739249,-0.29354462164250544,0.076010769988096499,0.95291863133773125,11.133608745103759,11.885452178794813,0.94678526748834846,,0.08383349633118449,0.4,0,5
-0.4694054099322289,-0.81500778211772429,-0.33973648054617961,0.84027805985521642,-0.53052347023528668,0.1117033108527339,-0.27127724425817556,-0.23303897231376855,0.9338637449492474,-12.459372411986932,-6.5932942681020066,-4.3458373063261702,,0.1017694620845836,0.2755102040816326,0,5
