axis_00,axis_01,axis_02,axis_10,axis_11,axis_12,axis_20,axis_21,axis_22,location_x,location_y,location_z,dbh,dbh_approximation,score,reconstructed,number_clusters
0.71950799012666888,0.68194713584409594,0.13136345023603768,-0.68506234072856043,0.66588242224814975,0.29544913108087395,0.11400807629018173,-0.30257016319354985,0.94628402442693793,-24.100907807406223,-0.73394956558315871,-4.3724505466678751,,0.3957614059657819,0.24,0,1
-0.99845470045814111,0.0305660165252668,-0.046410448896992022,-0.025111169833074373,-0.9931773859133789,-0.11387760648995666,-0.049574593116410846,-0.11253621081253824,0.99241017778602902,-11.788526917492398,21.22906261234218,-5.5998001379194964,,0.1824229667771093,0.5,0,5
0.76091860479609041,-0.64577096073964579,-0.063108978288090131,0.64827330811246808,0.7525504588674522,0.11579950279386057,-0.027287265603006327,-0.12902586222840343,0.99126572220173581,-8.7877363681003473,-20.764353007994576,0.39773856241697308,0.3967097266888659,0.3776250325677192,0.9235294117647059,1,5
0.80801452136472773,-0.56723346467241664,-0.15924424579700455,0.58893153191121539,0.77006574517038329,0.24527209143294779,-0.016497999407194718,-0.29196736918859495,0.95628597780405189,-28.769005872670004,0.18060078598724302,-5.1871553806807515,,0.3165868921529735,0.16,0,1
0.55600692850567102,-0.79937948609811715,-0.22770316787256248,0.83008882426591868,0.52001755643063907,0.20133128130703509,-0.042530451238087567,-0.30095544223259618,0.95268934207750422,18.614331549628126,1.6397474007784674,0.72657234450990638,,0.155965367031671,0.25,0,5
0.91814177400491293,-0.38222888509824537,-0.10448331074226742,0.39610992488338798,0.89239298689399893,0.21617512426568825,0.010611797019817189,-0.23986628845871849,0.97074793506092538,0.78689076957232196,19.739753323588282,-3.4586439300880407,,0.172414902818212,0.3333333333333333,0,4
0.15700548416002796,0.98758513957058403,0.0049869873695021849,-0.98091182249160858,0.15535400949641096,0.11694925493383275,0.11472259777334498,-0.023253469262402012,0.99312537059899764,-6.6030419387508328,-20.64332492060511,0.60596521538056569,0.1278762286223445,0.1253877056323467,0.509090909090909,1,5
-0.76554365610623343,0.64160978534531876,0.047747187819112497,-0.64303886050373849,-0.76545348234965505,-0.024124473897666115,0.021069752669492431,-0.049171635196718862,0.99856808271370567,6.06253324263397,5.0601908953590131,-1.1120403978498825,0.6398834684211301,0.6137673770264317,0.2053571428571428,1,5
0.73668468331800718,-0.65819825683719202,-0.15514745264144805,0.67621404234153148,0.71514452342618939,0.1769261980421642,-0.0054996640601286673,-0.23525170628501543,0.97191892068485608,5.5864575913388865,18.067112557884684,-2.6504217591747179,0.549604629212546,0.3929143642900401,0.647887323943662,1,4
0.67679580948054674,0.7336581675966255,0.060771090070318862,-0.7307238787528183,0.65947194704098044,0.17646349221982643,0.08938705325722314,-0.16383663871290174,0.98242939213220326,-1.5465910039404243,19.791614567610406,-3.8513022129027519,0.8838784949772047,0.4163009085196701,0.1,1,3
-0.7816948127541995,-0.59133802052318352,-0.19817306879821101,0.61393734344475526,-0.78551771499684742,-0.077735820251211271,-0.10970031010518642,-0.18243153485583308,0.97707961653745057,-0.88449646552703032,12.112513679963518,-2.9315439614882273,,0.1173886407865037,0.2444444444444444,0,2
0.98439988254512367,0.1660658000846626,-0.058129349621221162,-0.14744237402930327,0.95888476123991739,0.24248868221520889,0.09600842455612052,-0.23013510098224133,0.96841118214844268,2.1830188061504106,16.355511097383548,-2.9476448165769873,,0.18488261138328,0.2368421052631579,0,4
-0.45399323457262797,-0.8834671782499729,-0.11565417379979002,0.88300782562859803,-0.46346410240059138,0.074149886477786892,-0.11911054882308796,-0.068459993726580959,0.99051799903788651,13.227937158423948,6.4611867001121723,-0.3669879518541353,,0.09718466766269167,0.4347826086956522,0,5
-0.0019812459023950588,-0.9237051515318534,-0.3830990311893131,0.99437241799314369,-0.042398748970413076,0.097086767482565131,-0.10592246692342476,-0.38075075721429635,0.91859092738911619,-2.4723769732354195,16.026617878140716,-3.5381079755581886,0.8982376723283001,0.6397313312204571,0.3114754098360656,1,1
-0.52954136054158185,-0.8363608002498607,-0.14172705910017327,0.83983005325933113,-0.54042397620517335,0.051258244068836452,-0.11946308684359593,-0.091883283289202727,0.98857778304683563,-10.315122182135974,-21.274596139924533,0.335573872769653,0.3774928183512174,0.2795231745782652,0.4457831325301205,1,5
0.25494928971291714,0.96684856886837367,0.014307499853439983,-0.95988557164526234,0.25127192773235862,0.12442711794826729,0.11670710784749427,-0.045456168017569874,0.99212559072278317,14.540434112868443,10.877552409105474,-0.73710680907249215,,0.2990580318775705,0.2592592592592592,0,1
-0.38949667842378249,-0.91153694359979887,-0.13188152997891103,0.91859020346167664,-0.39487370457510607,0.016333877046443377,-0.06696548066785539,-0.11478309060079284,0.99113090281307148,-9.7048055385993717,-24.289232110925344,0.72281402978494458,,0.3391287633817152,0.45,0,2
-0.010961413887033682,0.99173917967347358,0.12780159195480825,-0.99775801425792265,-0.019286416818650981,0.064085716898423475,0.066021151078156495,-0.12681259254065988,0.98972712096993309,-3.5407204674491983,-23.922596357268233,1.2684634885004828,,0.2990035279261182,0.3333333333333333,0,8
-0.28039251504481566,-0.94420674890722456,-0.17278209636676067,0.95233675122962425,-0.29617375437881038,0.073046693796267381,-0.12014470343818001,-0.14406499413532073,0.98224769162393177,3.302684004005835,10.000617722597481,-2.0621479995080247,0.312982421647285,0.2884808882098017,0.68,1,5
0.80786799992464542,0.58928407809778471,0.0096731586463664129,-0.57941791754643202,0.79112568996119892,0.19594647103118265,0.1078154512299139,-0.16390368508322778,0.98056688221264598,-3.8440896052063005,16.654832102716039,-3.7908898467961265,,0.6574188259927864,0.5,0,1
-0.07804599230941843,-0.95348895707027814,-0.29114881388985897,0.99514095701137095,-0.092092282283035315,0.034835143496112116,-0.060027483396617155,-0.28701536594568461,0.95604334679350911,4.2679010264647683,7.4859903251161235,-1.5917206194323348,0.759077382176506,0.510151332361924,0.3529411764705883,1,3
0.45895328636596899,0.88500399889802905,0.07829305760010459,-0.87501582110784282,0.43497740498375698,0.2124663972598109,0.15397790018325261,-0.16601981534772703,0.97402681029172,2.9912073277340707,20.376106523303658,-3.2465564724757763,,0.6675344729479982,0.303030303030303,0,5
-0.81787686707697516,-0.56906011192210948,-0.085135300079047363,0.56537203381472756,-0.82228119168738589,0.064869909645170198,-0.10692003404671986,0.0049224807130400991,0.99425543775383973,13.440128635134847,11.392595789969596,-0.94308552931326106,,0.1074196423975958,0.2592592592592592,0,4
0.38885015845732929,0.9201245645489311,0.04654395751708456,-0.91462203909676609,0.37946610262948183,0.13954211749026835,0.11073427593200852,-0.096831103829471174,0.98912165958742548,-0.86620554941080707,-28.086950024809944,1.981711630944095,,0.4735606733801623,0.890625,0,5
0.10636194825875388,-0.97764392332887284,-0.18138217977720511,0.99117022029945923,0.08971995418090796,0.097631573854448178,-0.079175314044991243,-0.19016489949489609,0.97855433198467456,-34.16969461276144,1.3485818177207596,-6.0957341246774659,,0.3547851534765514,0.6774193548387096,0,4
0.53454319713906262,-0.8214072415580117,-0.19888115523700975,0.84504727793536683,0.51596666957809767,0.14026223275890695,-0.012596366395776997,-0.24304020120248562,0.96993442672846675,8.6636875853689013,12.56299882151407,-1.6706914760539164,,0.1188729095213081,0.5555555555555556,0,3
-0.25695553137627253,-0.95351827187552729,-0.15740635341258208,0.95755842127405555,-0.27320892599308688,0.09186268341847903,-0.13059756790337648,-0.1271211546408125,0.9832519958283894,-5.740582072486542,-22.371759141018586,0.89012390656901941,0.5201703764686868,0.2045498397283931,0.2258064516129032,1,5
0.67543409481239214,-0.72134773405330488,-0.15312161879083952,0.73731212591464224,0.65705807693766172,0.15698889295174076,-0.01263378582198427,-0.21893407708062376,0.97565785875411259,14.611884141520665,7.3384688582088291,-0.28548823194335715,0.179055719384814,0.2258385114206162,0.4390243902439024,1,5
0.82674072691736034,-0.53381099282191991,-0.17761079471313571,0.56253406858384836,0.78855943625093361,0.24845409471794377,0.0074291411790136947,-0.3053192418470983,0.95222107119053834,26.658133750451164,-7.1147119028588541,2.4348981203327731,,0.6534736102888182,0.1111111111111111,0,3
-0.60500696602535275,0.79577238299265907,0.026699916235517412,-0.79541199274878405,-0.60556345526077882,0.024752039189461332,0.035865482740478578,-0.0062622774461618723,0.99933700573379214,0.91898298651844501,-27.09158841334396,2.0633119015539574,0.8280815934945088,0.6899051596119778,0.7319587628865979,1,5
0.92450633781629432,-0.36613365066928338,-0.10599142033714559,0.3810340269360234,0.88039990405864788,0.28232796398947135,-0.010054931845628329,-0.30140032976276832,0.95344467042638226,-42.593567963642293,5.3025542211138186,-7.8935190888942364,,0.4390613695573425,0.3571428571428572,0,3
-0.83390174281817209,-0.53392756243864381,-0.13974706219861915,0.54261819286772617,-0.8394147564776534,-0.030795509031782353,-0.10086317511252457,-0.10150972700136444,0.98970823742673275,21.521596749422329,-5.2190717755670297,1.7659212224090153,,0.2269712608121939,0.2222222222222222,0,5
-0.57036440898083585,-0.81510628479976754,-0.10142083340153696,0.81296001066729773,-0.57783622783820054,0.072120141802044763,-0.11739021264044779,-0.041316319749462344,0.99222603256445108,2.7550388854535619,15.289980088349623,-2.7912307197586297,0.3278246168814821,0.2534156121775462,0.7570093457943925,1,5
0.05100528602658301,-0.96231761845926223,-0.26710159490396312,0.9933944384748844,0.021359040084716632,0.11274431699127584,-0.10279080894961518,-0.27108779502138014,0.95705039417260074,15.717547525603122,0.2405178895665929,0.58384051111720403,,0.4494863568915074,0.42,0,1
0.23750380683094019,0.95906324935287957,0.15423885853282318,-0.96818541654229173,0.22083791387341928,0.11767588959029068,0.078796833284348763,-0.17728028524552034,0.98100089680266156,11.133039227381317,-34.331376849972898,3.8327637732849755,,0.6801653581254817,0.1290322580645161,0,3
-0.71809794972692642,-0.66557622344389089,-0.20333131924067277,0.6867997251455068,-0.7249452551486566,-0.052540599325721069,-0.11243430142995038,-0.17737719082119155,0.97769926871116264,-1.9321865803704998,13.525370502016644,-3.2542053986029806,0.3211984664047029,0.1725718621681714,0.2403846153846154,1,5
0.85629031589102311,-0.49131148704549238,-0.15931075798073868,0.51615928893121432,0.80289389622214424,0.29822974341813563,-0.018614063534701505,-0.33760096875804518,0.94110525582017368,33.310153533240772,-14.789738061950311,3.7709795410820184,,0.5230702004987313,0.2857142857142857,0,3
-0.25536302203099681,0.95256081665167613,0.16558266080447104,-0.96157984019921849,-0.26806924600561988,0.059186909603595309,0.10076674998054855,-0.14410680041507518,0.9844182506295216,8.8011503793300303,19.074721151916872,-2.3575843907080314,,0.5530358772879641,0.3333333333333333,0,2
-0.76874196918636162,-0.63415235652405755,-0.082985381402142927,0.63578778388961188,-0.7718186228510725,0.0083610571705994442,-0.069351846898340966,-0.046333596183096314,0.99651568938804502,0.6119554017321287,12.976446469348948,-2.8627081933306546,0.2307654755904094,0.1939001043594585,0.4074074074074074,1,3
-0.79895877710721297,0.5993049929173645,0.049983976909246226,-0.60110696202899017,-0.79835589412423225,-0.036031743190914921,0.018310998979434726,-0.058833593986898733,0.99809985248719457,3.044640454201808,26.047121151810213,-3.815504195147601,,0.5174974279873218,0.125,0,1
0.98892138677805819,-0.13212834965262121,-0.067650498823275021,0.14256883875425891,0.97234173948103197,0.18500180507028707,0.041335420515889724,-0.19259709468493288,0.98040692680626185,-10.246189905494818,-22.728683904639652,0.45332851550593023,,0.1622711180581133,0.5294117647058824,0,1
0.3023828131752882,-0.94312991465072171,-0.13809633734143983,0.94890627549973794,0.28413451089310171,0.13727512533869043,-0.090230341977707434,-0.17255011970572462,0.98085928734764272,10.544271519078745,17.280649796929556,-1.8652488495591393,0.4503087702012439,0.3058549573056958,0.2352941176470588,1,5
-0.93941994841827026,0.3427495913785511,0.003588610267462627,-0.34160076686499496,-0.93530517167443938,-0.092266743284328018,-0.028267942816251272,-0.087903091236229969,0.99572785938731945,-6.2293082050151449,-24.579359496023581,1.1028507330940791,,0.4030572977030124,0.5227272727272727,0,3
0.59952223143766492,0.80035385729500885,-0.0026071296483700054,-0.79193994111606347,0.59368452260753979,0.14272286880995511,0.11577661109692557,-0.083500842685917315,0.98975925638190065,9.7077200904056955,10.47038097947604,-1.231667672749825,,0.08643017190794478,0.2682926829268293,0,5
0.21773542244676866,0.95715193687470346,0.19092264283979105,-0.97309507680900231,0.19779015558790686,0.11817371045454003,0.075347576616696763,-0.21151648656668556,0.97446576061371992,14.342444143673678,1.1259157585679209,0.33109352725766905,,0.4747564784542,0.1,0,2
0.16370148900404144,0.98579240649719169,0.037618529880040441,-0.98229590436283254,0.15936280213081772,0.098479711458853952,0.091085557416447541,-0.053073803231817332,0.99442777145484318,21.975282553789544,-3.2887705827404266,1.6316567781561722,,0.1690159108569669,0.125,0,5
-0.22128787149409299,-0.93593630983345721,-0.27396149704829675,0.97363944439438255,-0.22796444540898309,-0.007644864208932416,-0.055298374741143595,-0.26843143550021292,0.96171027559566147,6.6247289576719668,-26.544917306996748,2.6088861479334184,,0.7730708588542143,0.1818181818181818,0,2
0.084570204968794332,-0.98022569846029239,-0.17890070013717002,0.99175968005326631,0.065467020651459415,0.11012177907964527,-0.096232101983594526,-0.18673952255763879,0.97768488444015855,23.82461841208092,2.067502957061496,1.2341747858132479,0.804437601292685,0.5012189067592483,0.3469387755102041,1,6
-0.87654020995164239,-0.46090613724893337,-0.13871839454159499,0.46981240329735136,-0.88193237637588107,-0.038361298309075594,-0.10465928552162587,-0.098796842794991624,0.98958861038708612,15.34517335508102,-1.4037631436942644,0.70356245788151262,0.5167318877721008,0.5548037238373134,0.3944954128440367,1,4
-0.8433269497693604,-0.5207909899214328,-0.13257601822864584,0.52673727193162656,-0.84994590497288469,-0.011823915504331041,-0.10652465513080005,-0.079804156761912534,0.99110231278752736,-16.087294299020709,23.526897459869829,-6.4705225778273254,,0.1551801913972543,0.3461538461538461,0,4
-0.87201841360117804,0.48798474081599807,0.03814156618740739,-0.48816318693050714,-0.8727373624625524,0.0051185044455401693,0.035785321939811245,-0.014155878377955131,0.99925923655526616,-1.1987338463182258,-31.988988162068495,2.4043697392657073,,0.6875221899291445,0.7391304347826086,0,3
-0.91414509767585106,-0.38936416970817472,-0.11284628369012967,0.39094804399356864,-0.92037205580766446,0.0086548128793947424,-0.10723044014090462,-0.036205279115598954,0.99357476340301165,16.546653264116507,-2.0360563075582392,0.91765931539019063,,0.1823543436593508,0.25,0,5
-0.67271020707229301,-0.70995672196864479,-0.20838049388627972,0.73054412411703296,-0.68197288228372999,-0.034903732575469332,-0.117329706463583,-0.17571124255766687,0.97742483047035944,2.0567500678037534,9.0180974457508452,-2.0496606978053107,0.5018479359586301,0.5709273533645377,0.387434554973822,1,5
0.15004224522225015,0.9640212113733142,0.21943205935093685,-0.98411094754807393,0.12431210577386949,0.12677595700328134,0.094936650271102832,-0.23496724107924763,0.96735589523965193,26.922601898822798,-8.6681834264094739,2.6098575920044405,,0.3936622753399856,0.2666666666666667,0,2
0.99634810005832719,0.075055755859634102,-0.040707456595830513,-0.056574659253952241,0.93739479357021527,0.34364270531724339,0.063951320865652181,-0.34008474605573469,0.938217775391058,-44.43215309078353,10.189813325913155,-8.8344674974083777,,0.3102847833401948,0.2272727272727273,0,3
0.68238500082849995,-0.72195939418038868,-0.1145658928258097,0.73071296567382171,0.66935652226575393,0.13424011284435314,-0.020230482951661143,-0.17531822282632839,0.98430394101850538,-3.9987744846113893,19.440230925426391,-4.1251471448754868,0.3335154808608632,0.2078375512627362,0.28125,1,6
0.82229817065473132,0.56819230620605798,-0.031356366277425454,-0.55916098660567615,0.81700232062845024,0.1408765386638032,0.10566318940884546,-0.098309263327361673,0.98953048419337875,8.0513902690364745,20.226230803971848,-2.5210022042874018,,0.08853910820939331,0.3125,1,4
-0.63492543729073914,-0.73524888151957513,-0.23723147199597666,0.76358126514686087,-0.64393140247024039,-0.047916598683853208,-0.11753016888392329,-0.2115689748921703,0.97027069844718761,-8.7496979093427107,17.451631347148531,-4.7229395142351924,,0.144710072639633,0.375,0,1
-0.92368346159794723,-0.37761013603098831,-0.064957277783878997,0.37186131157169744,-0.92433772026185723,0.085550826163688767,-0.092347321166400848,0.054866784740599937,0.99421406558427761,0.90475936892679187,-30.608037906481108,2.4358778979275959,,0.1365667681392584,0.2916666666666667,0,1
-0.85334361700222761,-0.50516689679876214,-0.12888396991194881,0.51178953633003543,-0.85881912343534539,-0.022387133019492259,-0.099378779548969301,-0.085065384266774041,0.99140694902492166,16.605211254946848,7.305317866823227,-0.063386163075158708,0.6987459205056799,0.3803430448718144,0.4222222222222222,1,5
0.72230166805783502,0.68371918322764147,0.10396335319426689,-0.68214141353761149,0.67960068617266323,0.26986292685464464,0.11385689376484372,-0.26584015091812657,0.95726987934544849,-43.981143929149887,7.9669302140151492,-8.4005137595803809,,0.2969615186286351,0.2941176470588235,0,1
0.46145623163553889,0.88420581049299585,0.072375624177984835,-0.87927882853082839,0.44497874253188935,0.16989014212777073,0.11801223657817544,-0.14203521881971312,0.98280166291711879,4.3008547333225211,16.551393734724407,-2.6960103390181795,,0.1027939197373333,0.2857142857142857,0,5
0.81735403692899178,0.56112216809650783,0.13066862969571275,-0.56751272247316176,0.74504717448185942,0.35047684321178574,0.099306032782409834,-0.36061977242973359,0.92741128502177883,4.4144445459250035,5.671037518212974,-1.3726335769079794,,0.4622715638889685,0.2264150943396226,0,3
-0.9923067921833173,0.1105109705763966,-0.055808203421343981,-0.11079556687790822,-0.99384116136285372,0.0020219646727418208,-0.05524104042338699,0.0081897108128218456,0.9984394604029555,16.500909902757581,1.6214782030842918,0.48114569090084069,,0.1956590975959167,0.3684210526315789,0,5
0.20432856413588205,-0.94575480736553663,-0.25258203068141422,0.97197032270739858,0.1653589536045503,0.16712303323864569,-0.1162907118141684,-0.27965024728718979,0.95303316287418305,-37.995919341419764,5.0215257161265674,-7.1721017490171439,,0.2180002295135601,0.3125,0,3
-0.64856044564169624,-0.74210652856492176,-0.16925498105038275,0.75116472168561876,-0.6599401291205268,0.01518508713672467,-0.12296710634967246,-0.11728992385411321,0.98545530822979743,1.99944507981398,20.868417544068286,-3.4078400754819596,,0.3498906261888628,0.6842105263157895,0,4
-0.094222056607985633,-0.98651153549872439,-0.13385512458068322,0.98938978587462112,-0.10772425037768142,0.097485062894463431,-0.11058958203887211,-0.12324964993262776,0.98619443728706557,16.520351553306408,10.89585723030296,-0.52539491888647105,0.3469788915319975,0.2311655318587638,0.5555555555555556,1,5
-0.8244916062237394,-0.54781236317626669,-0.14182808613893072,0.55592941640289051,-0.83092979671248857,-0.022319429053714517,-0.10562232360888263,-0.097248587067248551,0.98963965010951527,21.73763830353283,-7.0678861340505623,1.9670411330819835,0.195867557286016,0.3862183607718868,0.3947368421052632,1,5
-0.77376024608641691,-0.62370636812964952,-0.1108397398535776,0.62657273459943474,-0.77928426493948111,0.011074415303671755,-0.093282848546091063,-0.060880216591713873,0.99377658927692203,9.1828735326723887,6.1912320183094645,-0.86483428720341071,0.2498576401285187,0.1721601883758726,0.2173913043478261,1,5
0.10646678800370039,0.99404852210016981,0.023072901045252968,-0.98787676377875133,0.10311214713305068,0.1160490616060043,0.11297930181319564,-0.035148553655606693,0.99297545616078675,25.01747287440228,3.359542399713995,1.2158088245945375,0.3181396935698287,0.1573648770154671,0.7941176470588235,1,5
-0.018245936385431878,-0.99220479107996939,-0.12327505166648371,0.99420936805971805,-0.031064048050182435,0.10287252976880384,-0.10590003903548022,-0.12068420558089372,0.98702609097003813,-6.459177900618684,-23.335913452726178,0.90240914929141303,,0.1123022849472754,0.3478260869565217,0,3
-0.72253477456519766,0.68625599565789608,0.083643337855504221,-0.69067895434058735,-0.72181472523383017,-0.04411444736823289,0.030101188930226744,-0.089644915411870446,0.9955188132656192,10.581301330209797,11.581367758892503,-1.2679072036870047,,0.2400876470828196,0.3809523809523809,0,6
0.41655616366217008,-0.89186120178745387,-0.1762514092462617,0.90640137428853895,0.39248067313963803,0.15619049234733967,-0.070124968469889887,-0.22481663185381678,0.97187446248936993,20.839165823547674,3.2372701821761916,0.80378981933963267,,0.1520200180016484,0.5,0,4
0.96326267827994316,0.26811383034552816,0.015491501231358449,-0.25565789903418484,0.89779066048991052,0.35862371449545521,0.082243852623636038,-0.34940936437728826,0.93335365472637544,-28.488881030500274,-0.89910991094734671,-5.0065666498144497,,0.5758966183048675,0.2857142857142857,0,1
-0.10844647591810669,-0.983538985723452,-0.14453520478771709,0.98795367558676961,-0.12277624654043533,0.094199406473901015,-0.11039427863588083,-0.13257849315603967,0.98500560729213016,16.701526603913674,-1.1101390915367082,0.81560292604769868,,0.09350312476159232,0.1538461538461539,0,3
-0.68695312893192206,-0.71114728177496389,-0.14954912996979239,0.7164108249999066,-0.69723993969456655,0.024738559328913414,-0.12186438558329842,-0.090144384843412223,0.98844476902233025,8.994123931915059,11.605382009484043,-1.4919983634519265,,0.2013264797037225,0.1944444444444444,0,4
-0.024004867363487059,0.97591805185773572,0.21681264354521326,-0.99424313781978069,-0.045958821744393488,0.096790338371886955,0.10442389209916811,-0.21324104380271017,0.97140306155415868,12.232425952445128,4.9012499597210066,-0.34137242655517702,,0.2563541920536273,0.103448275862069,0,1
0.037004315515157447,-0.94690215674798106,-0.31938532555406679,0.99451464725137029,0.0036057733667708004,0.10453523234255016,-0.097833005860691755,-0.32150163910072055,0.94184149357511981,18.582656756220715,-0.38763290383918841,0.92835877525194455,,0.2373283174541247,0.16,0,4
0.94463560885237852,-0.31654143949703578,-0.086400715096813324,0.32786051321432197,0.90007830384395393,0.28699569826781846,-0.013078622363907746,-0.29943373896495984,0.95402745537354794,21.377769631199744,-0.66566017452130288,1.2791160570013183,,0.3621190184982847,0.1176470588235294,0,5
0.788758102715581,0.61438112074687812,-0.019912153834471504,-0.60488428252497961,0.78151777890154461,0.15279059530952047,0.10943335942370791,-0.10847027118343014,0.98805796394474521,-8.1921087508897976,19.990596423614868,-4.7930965310351663,,0.2680638350826905,0.3043478260869565,0,1
0.80065796824706248,-0.58405858042475722,-0.13350053376186591,0.59885203049259139,0.77349155806847902,0.2075742160570466,-0.017973966100621262,-0.24614301580384984,0.96906684615334959,20.452629979905684,-3.3304358297262819,1.48566903171429,,0.1482888877838873,0.4583333333333333,0,1
-0.38756643226352533,0.9184235127200735,0.079312747181301324,-0.91873528376245772,-0.39188545859460289,0.048489851639455336,0.075615732175525793,-0.054074380486701587,0.99566973561645467,14.112114835097486,13.185420375811704,-1.0706729827965844,,0.1263121670848532,0.2941176470588235,0,1
-0.10014679317869779,-0.97545890034228444,-0.19608812702212214,0.98876892287414186,-0.11954397090844382,0.089695352040951609,-0.11093528281990456,-0.18490314427413596,0.97647539152976381,19.411488689359068,-3.9963323615299768,1.4445657199537865,,0.6220709995035248,0.3888888888888889,0,1
0.55427999491366331,0.83211013023973779,-0.019142058168235127,-0.82394620090572535,0.55180764987996656,0.12892236247824038,0.1178403379642627,-0.055687060313462787,0.99146992191498839,-4.7222558591504935,-23.624285585687293,1.1295765599211278,,0.09482933689550657,0.4545454545454545,0,4
-0.50163322342029781,0.860872545133611,0.085220714595341918,-0.8645770071399963,-0.49554250429921937,-0.083332017602512201,-0.029507759755848777,-0.11548197897523768,0.99287119237399279,12.104207920638501,18.071226850059876,-1.7563410609042795,,0.2376666768002836,0.1818181818181818,0,2
0.52116275296503356,0.83387374704105699,0.18177997391796508,-0.84502206366687604,0.47429948077838208,0.24693666080501853,0.11969585138208846,-0.28230227864660568,0.95182893769461152,15.09929662518409,8.2379708006102845,-0.3231586338584011,,0.2662248596655714,0.2272727272727273,0,1
0.86531542949126627,0.49474620685504395,0.080345493258130632,-0.5001001726368115,0.84145854039169987,0.20456622920341061,0.033600964464989121,-0.21719510953153889,0.97554972173775245,-2.4368211554913497,23.429892002446483,-4.2684562332392053,,0.200081611855422,0.1818181818181818,0,2
-0.092777946052890081,-0.92604668219537556,-0.36582754833547598,0.98952567022193194,-0.12656483681772879,0.069428308730224153,-0.11059475890856954,-0.35555433407039178,0.92808938945864305,0.79675672047625978,-35.370428162184027,2.9979896280943179,,0.4458487378366192,0.1612903225806452,0,1
-0.85877020457264164,-0.47087430154167181,-0.20196813581826772,0.50200618439254874,-0.85213334280932596,-0.14784639631806773,-0.1024867141140651,-0.22835533324239943,0.96816853657297464,13.536013401913685,5.193737029752981,-0.23348762742643933,,0.2924479354818116,0.375,0,1
0.83702154874267654,0.54652709398645916,0.026515325363404688,-0.53700704212412054,0.81121368177100073,0.23142125921496695,0.10496839357403948,-0.20794349724445257,0.97249223045957145,-11.922657504950338,24.553811572266454,-5.9122325413485894,,0.8889377332280828,0.5681818181818182,0,1
-0.036996672723797509,-0.95418518522914797,-0.29692066027237807,0.99448054195248126,-0.064347159630535861,0.082872762264703401,-0.098181963136147923,-0.29221580268133873,0.95129923093526858,12.59358173400601,17.32244151304684,-1.6472142186595078,,0.582859685826407,0.4193548387096774,0,4
-0.96172933465005794,0.27325390369163488,-0.020223525677825784,-0.27266411237655985,-0.96170853439674553,-0.027766467012722146,-0.027036432742908088,-0.021189596167659173,0.99940984201617311,0.9112225180081609,23.972784084054879,-3.8472140172377109,,0.2482414911108913,0.2222222222222222,0,4
0.94962128522695366,-0.28491749540125083,-0.13054284912696784,0.30897786203333522,0.92086205047907854,0.23779353389185315,0.052460417623361316,-0.26614865170003149,0.96250340247764188,10.667978104664854,18.572974179835796,-2.0301069100788984,,0.2579122123792422,0.35,0,3
-0.8379211139518401,0.53335210395890353,0.11586086481775811,-0.5456747905028112,-0.82303608687068908,-0.15764080283447288,0.011279618939524755,-0.19531291025222855,0.98067611232525942,24.666818807061652,-9.214020990609173,2.4758419680711827,,0.5623082481283337,0.1818181818181818,0,4
-0.82744834350016883,-0.53373711213616926,-0.17451055546117716,0.55129671693777749,-0.83122074457254325,-0.071721710003979255,-0.10677625547121608,-0.15555310643252707,0.98203974580804843,18.66032148737386,-3.2366880162912222,1.2999976059810405,,0.09045184715974632,0.3,0,4
-0.63456315641399663,-0.76137386180830979,-0.13281356510916562,0.76426041692437829,-0.64373892427807933,0.038809953515524694,-0.11504614571762693,-0.076876784040452131,0.99038090875739149,19.369265334340167,-1.7288368746978453,1.2149791165406354,,0.09690708077737198,0.2666666666666667,0,4
-0.48204875028420047,0.87448075632010847,0.053966741380715173,-0.87402716100697975,-0.48425031576465871,0.039725980213322937,0.060873016776905257,-0.02801853864213719,0.99775219234078338,-5.583714181956192,-34.136100325624582,2.2557765766897995,,0.1573458096789966,0.2727272727272727,0,3
-0.073622824509001969,0.99075241374194589,0.11397076105661866,-0.99212157371788701,-0.084377094879417538,0.09260285537311029,0.10136302419945906,-0.10625516704715081,0.98915892393534122,1.0604727494576225,-26.163107837242393,1.9758360046552101,,0.1774593135317279,0.25,0,1
-0.85342800865937996,-0.49953744303138364,-0.14873794756333364,0.5103342321143306,-0.85886577382956741,-0.043687001229376916,-0.10592263954397228,-0.11318977671948235,0.98791116446684213,20.979922303786012,1.2110038805987631,1.0300451988947497,,0.1592236073663438,0.2727272727272727,0,3
0.75448103891735419,-0.63279204099617581,-0.1741625527089139,0.65605288181005439,0.71953785205973531,0.22772767886663858,-0.018787713615929642,-0.2860760603496173,0.95802270824439728,-2.7460000724817264,-26.07440874530743,1.5875565377997605,,0.4614308584568073,0.6521739130434783,0,3
-0.88746175392698345,0.4604448758456825,-0.020053718465575243,-0.46038119680187517,-0.88768564866375599,-0.0079588182339050059,-0.021465995157823235,0.0021692081184619943,0.99976722570207499,10.978787250101776,14.499597059655214,-1.6029984668428969,,0.1512377661611711,0.3333333333333333,0,2
-0.40866527132929698,-0.89614746793381028,-0.17295205036417843,0.90481014933852588,-0.42263723133801262,0.051926528296571697,-0.11962980257171492,-0.13526820174290952,0.98356048310914401,-7.9433661686289447,21.294194482018735,-4.9396653859512636,,0.08920686977921426,0.3333333333333333,0,1
0.80966553443317113,-0.58234736966610334,-0.0728921353372151,0.58666897205081125,0.79967124264985479,0.12784921161932439,-0.016162907655886381,-0.1462786543614924,0.98911137678943895,-40.987550466724464,4.8751280715376772,-7.5568644947151729,,0.5801767747884801,0.6111111111111112,0,1
-0.01884615987234671,-0.9904484196948421,-0.13658971477405088,0.99272777245341626,-0.034782806119328366,0.11524637173527336,-0.11889656032764594,-0.13342445174126008,0.98390117573860025,-12.767984592778214,21.637172118501027,-5.8123255519537969,,0.1281777135897683,0.3571428571428572,0,2
0.24457889218221712,0.92922513082450742,0.27698704255451634,-0.96261674670864295,0.19839801736030699,0.18441048143630176,0.11640517366074683,-0.31173527704075682,0.94301163969133217,7.0951045800386536,-27.064046971695788,2.6638517769908137,,0.2307270518876981,0.1764705882352941,0,1
0.48269642680367308,-0.83153978323279476,-0.27485586850588434,0.87537756358121399,0.44849016578052808,0.18047352264743302,-0.026800759869550266,-0.32771658502326706,0.94439586994602198,23.236791871189723,-10.478653220524041,2.4770634715683841,,0.4422682519271711,0.5714285714285714,0,2
-0.55575614221069514,0.81347221575318751,0.17145863813959847,-0.82942307231623069,-0.55656764895842981,-0.047852055780209242,0.056502013279098498,-0.16880582433816266,0.98402851389831325,27.908444582433869,-10.778675223188182,2.9259805698220465,,0.4918684359286709,0.3103448275862069,0,1
-0.95792175062478258,0.28467931717887218,-0.036655232239373163,-0.28588990164942235,-0.95767482800946957,0.033554253559215243,-0.025551591238804718,0.04262171005020244,0.9987644897660114,18.721954408431394,10.859068329447748,-0.25599499719255436,,0.07327946847114999,0.2352941176470588,0,3
-0.93546519244285609,-0.34607140938386527,-0.071689980714986182,0.34181378474815433,-0.93749306469866056,0.065345927172666726,-0.08982321684282045,0.036624216701223906,0.99528410841680259,-42.804260461830232,11.684801974281418,-8.9115726348881221,,0.2816149938471965,0.1,0,1
-0.71643664251181227,0.67770297062137519,0.1656418451882391,-0.6968610232639082,-0.70646503689066242,-0.1236602842737054,0.033215230271372839,-0.20402410461030798,0.97840222465813176,-23.018853551640095,-1.3333012570894569,-4.1490397859288484,,0.2812889284534417,0.375,0,1
-0.99009135879606702,-0.12121567772638009,-0.070893305118972044,0.1244360270094258,-0.99129936580260136,-0.04290970218342062,-0.065075159772886859,-0.051306206570889308,0.99656053340870288,8.4365207545015615,13.508587689448046,-1.8349433039843219,,0.09549551146014372,0.2666666666666667,0,3
-0.70838129447157738,0.70026979411146439,0.088420343235369694,-0.7055861727983318,-0.70585051134185262,-0.062635520228131583,0.018549781631489612,-0.10675800248006381,0.99411198288114977,6.4263372934778884,21.45102959935241,-2.8727157647488335,,0.5311822508976454,0.48,0,2
0.94628456054837184,0.32027415283430238,0.044384653812379639,-0.3113545183560123,0.86557511481715055,0.39222198371403499,0.08720031173723207,-0.38497297000639796,0.91879917174395787,-33.437107758317772,2.0834560918689111,-6.1177434044247985,,0.1202263798985426,0.125,0,1
0.64745687492738468,0.7363920168556185,0.1962814118060606,-0.75306378301972321,0.57864665986551433,0.31315009457208859,0.11702364638520343,-0.35056360412598347,0.92919891608251048,8.4048349039354893,21.67895031823333,-2.611413536395732,,0.4771934837299387,0.12,0,2
-0.0086092672316604429,-0.99156672831398684,-0.12931088051061732,0.99431260440879832,-0.022216414406106701,0.10415793606216658,-0.10615236799774232,-0.12767871487304933,0.98611856312354251,25.204927103393356,-7.2276860257139575,2.3010164586181636,,0.07614355827324878,0.2222222222222222,0,2
0.99666623051070558,0.062238471602645999,-0.052752228504092759,-0.052411749394836255,0.98393805454852967,0.17064264805911811,0.06252546269284423,-0.16730892822507054,0.98391985905927537,-12.669296688304716,-21.346751631918092,0.069728858614808681,,0.155567158753898,0.4375,0,1
0.67643245221251025,0.71377956057848424,0.18154304308938901,-0.72730559995688293,0.60853604446165421,0.31734909305419828,0.11604181084905772,-0.34670249709419376,0.93076940035839262,-7.4878406629723289,-36.179932521902238,2.3333622197467614,,0.2950926892518737,0.1666666666666667,0,1
-0.89911416058152061,0.43769476252250467,0.0041256638442967548,-0.43768668606262956,-0.89891200279226502,-0.019686952011752291,-0.0049082670364514304,-0.019506565468274003,0.9997976809426653,27.195317892328429,-0.36783656678580895,1.8626575300029218,,0.1337352975267901,0.2333333333333333,0,2
-0.97474170739035859,0.22332894182107482,0.0016696163652148558,-0.22100478833785092,-0.96346664883247046,-0.15129078002069452,-0.032178990125077321,-0.14783842644119072,0.98848789181351249,-7.9196413512292061,-27.921254458773582,1.3141785856172785,,0.3538040832594821,0.3870967741935484,0,1
0.62884044169296716,0.77201831853129477,0.092452229521558488,-0.76933110702198049,0.60056531183698258,0.21783239884480596,0.11264700022516633,-0.20810819798907707,0.97159746359797128,3.5311739988974096,-24.895032438751858,2.1151388766845107,,0.6404119998207511,0.4347826086956522,0,2
-0.38421903313181749,-0.91079278225047366,-0.15110341617479223,0.92118314146052604,-0.38911694139398606,0.003102548807943938,-0.061622678196972841,-0.13800186129407985,0.98851309137067167,-13.252108572481839,-24.497708635981677,0.41641256272950111,,0.2452594447392482,0.8888888888888888,0,2
-0.8406749408768045,-0.49544239384923072,-0.21863777843439014,0.53134709759944188,-0.83260102820319815,-0.1563514941010396,-0.1045748806092132,-0.24761333205609454,0.96319869815819825,-20.803191817953721,28.510348868773313,-7.9468123076182113,,0.4105555208751323,0.1176470588235294,0,1
-0.31666033192332455,0.92862698494894091,0.19333431410602961,-0.94494823132935513,-0.32655768244534866,0.020806733127672415,0.082456499402613806,-0.17610225115131789,0.98091229110746936,-36.814604320951474,3.2699387988884032,-6.6735408593281029,,0.5031602157653667,0.25,0,1
-0.92974857015176826,0.36754094535391774,-0.021937406161413899,-0.36800021857621884,-0.92954375841393255,0.022896294930738637,-0.011976453089187857,0.029360767736023002,0.99949712850480654,-0.63465376953548114,-22.422414540118215,1.4319624160220523,,0.6622410717654804,0.2926829268292683,0,2
0.37002770763677817,-0.88967364023352202,-0.26750758765819127,0.92579346790796069,0.32914470260458051,0.18593068473572194,-0.077368923735716924,-0.31645628232186535,0.94544670448365364,4.5557913767008893,18.653471743408403,-2.8389634306255807,,0.6340371583846725,0.2571428571428571,0,1
-0.66678614010449766,0.72254792852088223,0.18253967885017958,-0.74411600867265892,-0.65899386036564322,-0.10962872633328455,0.041080518516887168,-0.20892961252672781,0.9770674531514264,21.942623011472964,1.6901345697224512,1.0852698882512877,,0.4549703846417492,0.3809523809523809,0,1
0.98795083130485062,-0.12982912166442587,-0.084246982687206179,0.14935947719492315,0.94243948997273319,0.29916476114675328,0.040557385222841538,-0.30814315976146273,0.95047508730955599,27.541719063655492,-13.250477919259282,3.1597998710579036,,0.3497212386552264,0.40625,0,1
-0.28732982058459816,-0.94534142583110692,-0.15417899600929239,0.95058893621988738,-0.30119633329359186,0.075242562069880503,-0.11756805917921252,-0.12494141594405918,0.98517378875136952,-22.090053848223427,-0.8583715360086126,-4.1320390658866328,,0.4375079111596383,0.1481481481481481,0,1
0.94572911576881402,-0.31744697664130639,-0.069453989146995868,0.32386959311267227,0.90332327699752712,0.281274854708844,-0.026550447155730253,-0.28850385483688623,0.95711054716792665,-15.676241611828383,21.749320387181559,-6.274641376207307,,0.288582480170694,0.2,0,2
-0.5378561759884003,-0.83816285703785642,-0.09051938484807269,0.83451950359506233,-0.54456839719618066,0.083800112736408208,-0.1195321382331415,-0.030467783925342662,0.9923627270671207,-2.5709992272811806,17.442979160710507,-3.6685185639630569,,0.07159272796706992,0.1538461538461539,0,1
0.99702900877145217,0.061717994179572105,-0.046087361203116455,-0.045904919063637847,0.95656030852516905,0.28789775018223901,0.061853812121623289,-0.28492677190584303,0.95655153576654695,7.1829545597901756,-32.862429796736706,3.3314177201006161,,0.2847064479180423,0.1739130434782609,0,1
0.99835238594466547,0.025026384111871806,-0.051635197074089687,-0.0026003766383035998,0.91868309414232829,0.39498684861450539,0.057321475207237967,-0.39420179177086978,0.91723453698860624,10.027911512315448,19.434522158423917,-2.2425022993619383,,0.346189879394546,0.2352941176470588,0,1
-0.026657275838132922,-0.92292397013093552,-0.38405824428417296,0.99387150998707974,-0.065699982416626654,0.088898447379340523,-0.1072791278902477,-0.37933475673632483,0.91901922235114397,-7.4081665101270042,24.647962501252014,-5.2651295825196058,,0.3511784821638403,0.375,0,1
-0.9638160979532765,0.26117564365808643,-0.053346157180299301,-0.26521231228239311,-0.95967404789413546,0.093210252720995951,-0.02685067485087558,0.10398559976395619,0.99421629251475441,5.3554753556154857,14.048723399173438,-2.3120045462003347,,0.07435452629375412,0.3809523809523809,0,1
-0.99026847478721491,-0.10535768307677473,-0.090929128772351264,0.12062129278415153,-0.97565480270842564,-0.18316170363660869,-0.069417948469289378,-0.19234724996390984,0.9788685733343564,-0.47102071851094762,-32.979746363614154,2.6184385401598416,,0.3563065648673182,0.1818181818181818,0,1
0.98367122347325298,-0.16772760490530783,-0.065256223177277126,0.17602998702772374,0.97213804624743116,0.1547936132572891,0.037474895298760899,-0.16375307505801742,0.98578930945278098,4.3821847023375158,-29.926643419694987,2.7212951409553501,,0.1163729577957077,0.5454545454545454,0,1
0.73893861253437221,0.6634833779376097,0.11730104051659651,-0.66424587028752857,0.68819229145839023,0.29183693012231088,0.11290328034092294,-0.29356630797445016,0.94924795080658964,-2.0315342857168939,-32.773144919045521,2.4118607986697271,,0.6198152517130655,0.3714285714285714,0,1
0.52752609452295274,0.82199392089593015,0.2145744943079147,-0.84107234532109487,0.46976497898036174,0.26817564106319375,0.11963916387803482,-0.32194232174990128,0.9391696395927891,14.000210922206463,-0.21467606394974156,0.43563713234278234,0.8867608358982352,0.393850023584826,0.28,1,1
