axis_00,axis_01,axis_02,axis_10,axis_11,axis_12,axis_20,axis_21,axis_22,location_x,location_y,location_z,dbh,dbh_approximation,score,reconstructed,number_clusters
0.93784486763150898,0.33725217683341524,-0.081902219007544491,-0.32631923525671147,0.93725442700724759,0.12275950373307486,0.1181641272075075,-0.088403101056685751,0.98905112646659943,-21.346679488652732,7.7637460706489874,-3.4545428195939083,,0.1010633162752622,0.1666666666666667,0,4
-0.89865503125967994,0.43507837283452422,-0.055910144726388604,-0.42882334564053276,-0.89818148404799369,-0.096853290842402892,-0.092356228947067437,-0.06306212179276606,0.99372707307875574,17.551228154872142,2.6774220355927314,0.9265288430055989,0.489029785893487,0.386303304960172,0.4489795918367347,1,5
0.75600371359512086,-0.63635361409090929,-0.1533377411592643,0.65110836069728106,0.75513453985416157,0.076352664323808384,0.06720333072465208,-0.15756238305091333,0.98521967488821072,22.106112930244816,2.591302211775528,1.4653457713323121,,0.1608841446169362,0.24,0,5
0.93314530290977959,0.35900252556818651,-0.018895245250584045,-0.34108737157125807,0.90073470851067927,0.26895425231587755,0.11357485906672592,-0.24452846770845682,0.9629675902480459,-24.285136381850741,3.7076482501361139,-3.6197351659685029,,0.392581607479398,0.396551724137931,0,2
-0.16002650640258101,0.9856256560845964,-0.054162563790812655,-0.98707349912386788,-0.15928997355654054,0.01768082723519316,0.0087991235898126699,0.056291832375272743,0.99837558315089303,-22.417061450510257,-0.78497956421319171,-3.2452888788412424,,0.1059954875409369,0.2142857142857143,0,1
-0.69933420767583399,-0.67071531300018983,-0.24712878197707308,0.70859709199111687,-0.69594802303985359,-0.11638947739659672,-0.093924582491204098,-0.256509879213214,0.96196717962198497,3.9180645244792807,-12.011609834911159,-0.032997264252243363,,0.2636847184030894,0.1702127659574468,0,2
0.3310769753443572,0.9435313190259369,0.011691296506744111,-0.94268996775406211,0.33018583149487901,0.048093049143112562,0.041516997635647715,-0.02694376917233493,0.99877443510039376,7.3826440458064919,-17.505136646163759,0.64450019053801,0.4960509541072705,0.1948370319876509,0.3333333333333333,1,5
-0.43887327392562292,-0.88008325318910352,-0.18122835564527315,0.89371438675502779,-0.44843543518018775,0.013425922010814948,-0.093085145651119083,-0.15607411037978092,0.98334939249906006,-15.16800140038179,14.405481603626018,-3.0639198506972245,0.2499659282698881,0.2271707136532672,0.3846153846153846,1,5
-0.57238779169827891,0.8169940366244316,0.069949696460282776,-0.81857551876892976,-0.56432618929756873,-0.10709842270109871,-0.048024327032727215,-0.11856093873195574,0.99178473865050598,-11.405392730082712,13.500845141835338,-2.6415836004494015,,0.0843929458387398,0.5,0,5
0.3161995383137442,0.93956066986505105,0.13131488724783061,-0.94674232324743035,0.30364092539827559,0.10715018336585271,0.060801524176882157,-0.15820219994050125,0.98553297184404387,-4.0578550881961633,-3.6225198299940211,-1.3404072949657266,,0.09466292315470537,0.2248062015503876,0,5
-0.59185632307726876,-0.78219010413956069,-0.19464001083949262,0.80066006276830937,-0.59836748840558307,-0.029996878288252357,-0.093002993077112864,-0.1735943253834541,0.98041595941384041,5.1218394074324296,-7.2118416790361826,-0.17615195547081913,0.3744903939761096,0.2542922962768807,0.4216867469879518,1,5
-0.51614896270922939,0.856397764009318,-0.013157434933484516,-0.85236808151002208,-0.51510595711699214,-0.090191499408280737,-0.0840172715405164,-0.035337271292927061,0.99583752456937447,6.6712747412980891,-19.016497933781395,0.63789431591419021,,0.2597578083180548,0.4,0,3
0.89629917772600975,0.44326423222242906,0.012829826185097561,-0.4312539569380951,0.8645453734302917,0.2580335674006658,0.10328508427122961,-0.236808187596077,0.9660507614274455,15.743327297447987,2.7335170768933419,0.69653933670559187,,0.1442553228074729,0.2444444444444444,0,5
0.27583670719383291,0.95800369130921204,-0.078377537613709192,-0.95952512170720661,0.27925586127830732,0.036437683165675187,0.056794821746661638,0.065154365775713458,0.99625762573901055,-34.388716766275593,6.0945826461620483,-4.7737366418928024,,0.1794716553539273,0.3684210526315789,0,1
0.87000715579216148,-0.46988583689870367,-0.14931459792142845,0.48571224976370514,0.86884537762477443,0.095871373253662004,0.084682697760009917,-0.15593271004528728,0.98413100278266763,-10.95318101130634,-5.9502370153672324,-1.929005145767142,,0.2358401505365159,0.3796296296296297,0,2
0.85570597191950293,-0.46666402102641558,-0.22358886622717802,0.50793713836061138,0.84002102663093514,0.19069488271042304,0.098828908196594262,-0.27674783883052462,0.95584699644205739,2.5348729709245457,23.974145684885492,-1.5168717410027295,,0.1786948082420204,0.375,0,5
0.055130205771074664,0.99645351074684363,0.063569342704880766,-0.99746903760816719,0.052099614462014131,0.048385423279621524,0.044901886649422955,-0.06607594943094712,0.99680378685181725,10.939881313865738,0.12589609719887707,0.22975081328780217,,0.4700841658120377,0.1944444444444444,0,3
0.86429931573854624,0.5006475866345611,-0.048359971162855162,-0.4926059731055345,0.86197981123724543,0.11970864747441667,0.1016171642717506,-0.079641691446091234,0.9916305526298469,4.456697904939384,-14.988463263387848,0.17596210315693364,,0.4877805312770918,0.7258064516129032,0,5
0.68836336640530482,-0.70011964331628163,-0.18970598523462262,0.722650078169913,0.68452787498018941,0.095908565290721601,0.06271156442136315,-0.20311098792972457,0.97714542739043542,2.0718260303649476,-3.5608146515584562,-0.65697796823770815,0.3531878536768248,0.2885747333013876,0.8136094674556213,1,3
-0.31826646167533829,-0.88082365862705636,-0.35050840471450512,0.94602544510583564,-0.31895592784077798,-0.057471499958973993,-0.061174476581057707,-0.34988112052249309,0.93479456829667051,-8.1013196832336032,-15.301006520799865,-1.2637383712513413,,0.2132857913581921,0.1111111111111111,0,1
0.39476027463649827,0.91849604153226572,0.023007547858791992,-0.91619545947237357,0.39164613727478886,0.084848000565385273,0.06892173540417311,-0.054574030887367883,0.99612823950612994,-13.865810363229505,6.2010314199606711,-2.6272859291254735,,0.8097226952781835,0.3150684931506849,0,1
-0.024947561319801987,0.99890439041157675,0.039593408550804995,-0.99960752574922274,-0.025430860452892591,0.011750140515869378,0.012744161396964753,-0.039284731806412371,0.99914678410991575,-0.35396326374976583,-18.032467600429285,-0.23444999858611701,,0.3284310870339237,0.2631578947368421,0,6
0.71239889504287679,-0.67144205763662668,-0.20409159115059602,0.6989672689601224,0.70486788255262145,0.12085538907393725,0.062710216584836428,-0.22875058772050774,0.97146312197293716,-5.6169232558302893,-12.424249786261651,-1.1227150876949639,,0.07635745850510482,0.2,1,3
-0.79716376197603511,0.60281600990319029,-0.03380524806317501,-0.59939156852537578,-0.79687597983816139,-0.075620237619708985,-0.072523680083858802,-0.040019132441473003,0.99656348762420899,-17.279407826999726,11.023146589163765,-3.1457288940002632,,0.0792189565294822,0.24,0,3
-0.46503984954697219,0.8852685069872982,-0.0061326070973777022,-0.88453376362118485,-0.46491780203575411,-0.0380980099793536,-0.036578126626071232,-0.012292594792184161,0.99925518901119748,-28.072210048307515,6.8534424462239958,-4.1423579578731697,,0.1842879183898969,0.2333333333333333,0,2
-0.75385343085839829,-0.57796683740229438,-0.31250494339483992,0.64909991910930798,-0.72884096248898345,-0.2178534975859287,-0.10185430670969285,-0.36707654005850365,0.92459748752814919,5.5383818976286987,-18.15877208332757,0.46044639807481702,,0.6022679458950778,0.358974358974359,0,1
0.74742285879285131,-0.60923332011822551,-0.26494118557076995,0.66109169533696488,0.72149574675151384,0.20591662821630702,0.06570266745284313,-0.3290572124679827,0.94202150209662516,-8.7365655882781841,-3.6777494473101546,-1.7779598237519803,,0.08822029219816649,0.302158273381295,0,1
0.29960256429110643,0.94953609737383149,-0.092841279904287824,-0.95227989775637745,0.30357153105188295,0.031738334296535296,0.058320663570439246,0.07890199819325612,0.99517494687206365,4.8727140295712346,-4.8546560399522205,-0.29690969125212346,0.4949746232052363,0.448780506852429,0.9174041297935103,1,5
-0.13782619920655928,-0.94696026014036483,-0.2902933077547033,0.98905895871067007,-0.14715145121363288,0.010431998844300331,-0.052595769853092937,-0.28567939393770569,0.95688085406331869,18.472639648347208,-3.3942983892045291,1.2253299741510528,0.3611970285087198,0.3280383993694917,0.6581196581196581,1,7
-0.90292132282484627,-0.40505075459298173,-0.1437601161375649,0.41592168688999742,-0.9077566311401507,-0.054653901925331753,-0.10836159450104629,-0.10914112343539786,0.98810221131846998,-0.81165859275015728,17.695951576990474,-1.7550504370302131,0.1430134564797524,0.1206227787196953,0.3478260869565217,1,5
-0.35955118515185203,0.93240932498734286,0.036548542139833343,-0.93277190547719369,-0.3580612299786296,-0.04157797420073879,-0.025681074906337528,-0.049040863194274545,0.99846656234889331,-9.1139271922725715,-23.296038890287395,-0.99475072335861137,0.3767315483448322,0.4086877436816595,0.5263157894736842,1,5
-0.36736060699799566,0.92993872384636922,-0.016129299955339203,-0.92992100340195616,-0.36756235077247545,-0.012035187015984947,-0.017120509862796316,0.010577721191113535,0.99979747947093767,-12.478103152014574,3.7972988044218283,-2.4211320637549743,,0.072596706298081,0.3173076923076923,0,5
-0.05663626474538036,0.99489092853346994,-0.083572566297220166,-0.99818106989501343,-0.054693142723819761,0.02536162144343488,0.020661200810683525,0.08485694114687363,0.99617890678344445,-21.051501044317924,-1.5296558664380699,-3.0878697790962182,0.4100904664558784,0.4489668749323549,0.9699248120300752,1,1
-0.72413231812786916,0.68824243390209205,-0.044212419287836431,-0.6868532584372532,-0.72547961611841294,-0.043725598575764524,-0.062169021360215924,-0.0012956748069524872,0.99806479449478058,0.12765336111406883,-23.467440013040683,0.096477800998914509,0.4209875608068907,0.2119973652651115,0.2857142857142857,1,5
-0.85367399676149958,0.52073339485102277,0.0087999284188530948,-0.51438313178650008,-0.84037701847911517,-0.17081118390101444,-0.081551830063832237,-0.15034360079192916,0.98526448262086352,-27.194758210243254,2.653757711982021,-3.8644027431541232,,0.2503448647318387,0.25,0,1
-0.90752928751095119,0.41736140216694989,-0.046904715019938925,-0.40712724238573705,-0.90166051312018614,-0.14579344150964826,-0.10314068458784631,-0.1132156308160641,0.98820251979119655,8.4309172564142987,3.89831541241076,-0.16618330044153332,0.5528650153521603,0.5959728554049597,0.2247191011235955,1,5
-0.43924431477568654,0.89706613694308879,-0.048340230525324532,-0.89778795400770151,-0.44025766994913473,-0.012246374550220783,-0.032267965165208135,0.03802012626179363,0.99875585025727631,-4.9177451482969063,-13.716314016988097,-0.95782097161844693,,0.08624687267216524,0.2380952380952381,0,4
-0.92198246312901433,-0.32473051175059242,-0.21094651554542004,0.3703416431607699,-0.89857839105172677,-0.23538042075727383,-0.11311677604819237,-0.29513889928826492,0.94873474960252968,-4.1401698033464411,12.21380105991086,-1.8610960458643537,,0.156579536003249,0.2727272727272727,0,1
-0.92933247684446185,0.35904088971642567,-0.086202012701410466,-0.35700786176917421,-0.9333085204587942,-0.03847846506836905,-0.094268415267993289,-0.0049844910124307454,0.99553433930337487,-22.52442242782729,15.103110258642548,-3.9067991045957466,,0.109568585544582,0.4285714285714285,0,1
0.31564038537460365,-0.93605429175473109,-0.15547832648996485,0.94878654473679869,0.31362997455653108,0.037951700700705991,0.013237811260852854,-0.15949483360666616,0.98711000319407349,-8.7313301465401416,15.61541651706294,-2.4396498848859567,0.2842015690677397,0.3118441865138523,0.9196428571428571,1,5
0.91240466687476762,-0.38062336401527758,-0.15047783435057363,0.39961922968415975,0.90790104143035233,0.12657081115455271,0.088443174591281551,-0.17561763503525549,0.98047756278909359,-10.980826400201531,10.824727270389912,-2.488519339930753,,0.5394294896636117,0.6103896103896104,0,2
-0.40586625384989267,-0.879382418432195,-0.24891594191252273,0.9112447269335856,-0.41024689375834639,-0.036476482798691395,-0.07004021431713181,-0.24162791294461791,0.96783796167769676,-25.735118781277095,20.685594364716088,-4.511659094919529,,0.07277017052108513,0.3636363636363636,0,2
-0.62554544833887005,0.77844233970623189,0.052157605535612231,-0.77890316998270337,-0.6192836691727055,-0.098982770656746169,-0.044752026249286279,-0.10254394593869372,0.99372128652751757,11.398864718300125,-12.670695362756815,0.82173662121231028,,0.1401027577323087,0.1,0,3
0.41573811709015684,-0.89685286698427991,-0.15105215318031065,0.90922062492020006,0.41384472461146532,0.045281333140499744,0.021901443286947063,-0.1561649092893074,0.9874881507585852,-16.584439064821296,16.68796440481351,-3.3270647692117543,,0.1173362029879021,0.1875,0,1
0.98502968966306348,-0.12409050593514982,-0.1196580829657895,0.13407825379872704,0.98778801935559324,0.079358998707387274,0.10834912247255786,-0.094214516685665384,0.9896383645075173,0.8732067782727303,-2.4675176236990253,-0.83737927876372586,0.3049217645984568,0.3265638636148011,0.8234398782343988,1,5
0.28512438317981914,0.95212643168345246,0.1102694164583414,-0.9584880243271473,0.28349328658328199,0.030532993362113143,-0.0021893692629125143,-0.11439761602386909,0.99343263088660716,2.1414869348928396,13.900355686679575,-1.2276743895136355,,0.6400497412021997,0.2727272727272727,0,2
-0.77411154537167315,0.63273289938343313,-0.020009831586367946,-0.62127903687417241,-0.7654058817849797,-0.16782787155195419,-0.12150585855415121,-0.11748580410752875,0.98561321631268062,-4.3087094526568759,-20.709171122857786,-0.55347097856362992,,0.6487895407927746,0.5,0,2
0.73447374831282275,-0.63396908723739132,-0.24213944219540362,0.67481121051158566,0.72009599767551624,0.16152889617523991,0.071959316333612036,-0.28203714393514168,0.95670105374338721,17.443026822533362,3.6179688961102636,0.86168948502998499,0.5125474893057931,0.2430152795155962,0.2558139534883721,1,5
0.74805212749753203,-0.64921834709177106,-0.13759924544068439,0.66037062070738894,0.74874649427130147,0.057352686275140195,0.065792536453269379,-0.13376929810635019,0.98882613083958326,-19.21316353016838,-2.2286125370736296,-2.8600431884847266,,0.1077474587989979,0.5454545454545454,0,1
0.98068745199807206,0.16201905080778273,-0.10955340555580335,-0.14727431820680123,0.98032201006524988,0.13144973099383025,0.12869497538851743,-0.11277669864370726,0.98525073943274744,-20.052866679385115,16.35455587984255,-3.6843867577511085,0.2487411762217126,0.1849731392144909,0.375,1,5
0.0060916176295700017,-0.98502062699047366,-0.17232891979569059,0.99966391094739582,0.0016560076590672696,0.02587127341262516,-0.025198359946885549,-0.1724285998375199,0.98469966010660348,9.3010576281997679,2.2924523946957502,0.0024006566844481637,0.1783730571942654,0.1961744492303537,0.696969696969697,1,5
0.8313007164446361,-0.52643518978511605,-0.17833987157824485,0.55567044083700057,0.7946469008916498,0.24447221536058331,0.013018449164530602,-0.30232812283875743,0.95311501201174309,-18.967434086088037,18.312816356557963,-3.6541231562104528,,0.3108215187349231,0.1428571428571428,0,3
0.51978308145146668,0.85335485516111997,-0.040137755415088794,-0.84966703278155731,0.52127993020907515,0.079581202337017279,0.088834011735379623,-0.007261235030297076,0.99601997611736326,-1.7770673230448411,-18.966899705234891,-0.35808572694144325,0.4090744058830549,0.4412406365757688,0.5121951219512195,1,5
0.74905813613616878,0.6621298129710752,-0.022271494406465833,-0.65431553987799351,0.74465061530601406,0.13178253070321641,0.10384162442093493,-0.084140191937402284,0.99102842801725832,-23.824682519215575,11.349523371157561,-3.9099323722277934,0.4898351592165377,0.2163312735618361,0.6730769230769231,1,5
0.50983777966180366,-0.83675548671732047,-0.19976409556770747,0.85960764341115048,0.50463383171793041,0.080121128766447128,0.033765926888689485,-0.21256752182339958,0.97656280435372289,0.61966636122568097,-8.0663941337797773,-0.61130927428805282,,0.07052280599599114,0.1395348837209302,0,1
-0.66392621535986995,-0.70428124413830495,-0.25137603249498824,0.74182773503042232,-0.66269085519093518,-0.10262768625444715,-0.09430584339029037,-0.25461492415274611,0.96243319160403973,3.9212950440158743,18.50663521322096,-1.2766670984286372,,0.1388348762052379,0.5,0,1
-0.50602800280924587,-0.79896209298408549,-0.32495420346161868,0.85881640199717013,-0.50159242717652841,-0.10411255764697241,-0.079812580671977454,-0.33175986944422359,0.93998156417710166,1.0721336648778623,18.46748927571419,-1.5948411119682302,,0.4851411886203878,0.1875,0,1
-0.89805109158201268,-0.42341716898101728,-0.1192566053535765,0.42474809841697153,-0.90518233511642543,0.015296832493843665,-0.1144259140209284,-0.03691667922875129,0.99274562149384438,-0.77350697934492485,10.652346732927274,-1.4143730681206237,0.2603344143996256,0.2717834759756796,0.8944723618090452,1,5
-0.43630626939999145,0.89780844114852476,0.059806707690014296,-0.89957601831392053,-0.43671098226311655,-0.0068194754385973739,0.019995663448251471,-0.056776059860126904,0.99818668217424356,3.7320742418201331,11.002834541042922,-0.91832455630510612,0.6325884269457821,0.4691813192522775,0.8454106280193237,1,5
-0.84859896078633523,0.52673248643085879,-0.049322322438388383,-0.52633625032679998,-0.84999806112824761,-0.021758852684453083,-0.053384973019337159,0.0074955864737008965,0.99854587317716126,-16.141870348335935,2.6284333571560454,-2.7187052017422699,,0.1461065491119627,0.2,0,3
-0.97063778268510348,0.21256965439260875,-0.112589683610679,-0.20698904545857524,-0.97654649297209906,-0.059266197145105219,-0.12254725571914603,-0.034221179046045706,0.99187251248353747,10.11880588991928,18.563143868269943,-0.47289401452299518,0.6211728317949907,0.371402242614573,0.631578947368421,1,5
0.16904184617930448,-0.92284537949213419,-0.34609429320679747,0.98557840038822642,0.15551105670079612,0.06671977167218196,-0.0077505437537390767,-0.35238149326237639,0.93582434905151968,-9.5977664868784629,-25.381902155890739,-0.96750306173716683,,0.2337559503775697,0.2,0,1
-0.95963743304191984,0.27549505018877091,-0.056555056592679426,-0.26278290927669801,-0.94999060295191151,-0.16870980082715498,-0.10020548735867363,-0.14703853788905205,0.98404193441065335,-25.168194745217626,-0.64709736888102132,-3.5504100769619478,,0.111740399600932,0.3,0,1
-0.42928035048574875,-0.8640290863312774,-0.26300592894528096,0.89263032206896453,-0.45024323099310537,0.022184252701988667,-0.13758447881170788,-0.22524380328529933,0.96453913361339771,4.0402920502898292,-9.7408874559211505,-0.1546216830397493,,0.6590704616495796,0.7295081967213115,0,4
0.72820028684525973,-0.65327241407765135,-0.20726672488279405,0.6832019098668457,0.71591712666331153,0.14386736288833235,0.054401218669958618,-0.24636927721472554,0.96764801795483346,5.5079434994402323,6.2039879384923937,-0.54874499991298553,0.6220159353091456,0.4573578872011299,0.61875,1,4
0.90108491482725495,0.43363728037590482,-0.0021645643783938617,-0.4269200779649388,0.88798019240609083,0.17096907593144858,0.076060655408496491,-0.15313355923059976,0.9852740175891167,-12.428450066896787,24.881649178167688,-3.1382825974171138,,0.4529178002374908,0.7741935483870968,0,2
0.22958055837905667,0.97313386320103301,-0.017414118002187822,-0.97306404054671569,0.22987582574651558,0.017420612281371511,0.0209556724840986,0.012945618130903887,0.99969658935196359,13.773923288230272,15.601568378399426,0.047851370867637161,0.1836099365072969,0.2446332795493815,0.4444444444444444,1,5
-0.94662828664816823,0.31197426308604459,-0.081036695943700679,-0.30974084685089953,-0.95001551237760606,-0.03912970781901122,-0.089193579979951448,-0.011940913442153299,0.99594272921515214,12.16068969621622,-2.8181672429825926,0.44212797145520677,0.2956539149313756,0.2266270068578096,0.3461538461538461,1,5
-0.88654658871975456,-0.44740885018768162,-0.1177304837461525,0.44968850272757638,-0.89315025428439954,0.007929299234042923,-0.10869865014799869,-0.045912351774321687,0.99301392709798086,-11.937479020238529,12.046254196728484,-2.6528383713229933,0.3331865015538927,0.2964274132401949,0.7777777777777778,1,3
0.45558735326287259,0.88633592930400373,-0.082757380164790062,-0.88721609211281327,0.45969247836266847,0.039120726384574839,0.072717050565873659,0.055600771232029993,0.99580157902837496,-9.0948960232462568,-14.800368268833436,-1.3748322968621947,,0.07820204219625519,0.25,0,4
-0.63604426352233467,-0.7560909749675595,-0.15418862608161651,0.7667168122974557,-0.64179510494867853,-0.015632434370339725,-0.087137962913757083,-0.12816193208796534,0.98791775699332418,-10.361728299957917,18.869495392773231,-2.7516849441944942,0.3730514881127042,0.3670047057985966,0.8461538461538461,1,4
0.095019557569256466,0.99452826632334923,-0.043414411929842474,-0.99386384575783493,0.097256036918455885,0.052686994394830072,0.056621018842720236,0.038141719504857445,0.99766691308192823,19.222800449377868,11.688490253132379,0.7762398051160152,,0.175397936842721,0.5,0,4
-0.97926604937297912,-0.1243458732844019,-0.15992532114264169,0.14690964678572119,-0.97947604901010932,-0.13800081556585203,-0.13948318976397206,-0.15863408591057962,0.97743524929305792,-26.101800757391114,15.13590731500819,-4.300492317002119,,0.379373992760781,0.2745098039215687,0,4
0.45527916567061283,-0.87466497424886536,-0.16637927794200627,0.89003233179093577,0.45208183862438467,0.058859659808619236,0.023734567050216815,-0.17488051351774025,0.98430354887032245,17.903822235800124,10.641086451526775,0.65960982341703678,0.1795996619975063,0.1676266411916494,0.303030303030303,1,5
0.56044932957746163,0.82802061553975903,-0.016685599100168653,-0.82395384129607341,0.55950516939454098,0.089744263517121101,0.083645779269598264,-0.036548948848683295,0.99582506392861858,-1.6797998929152853,2.6477777229572945,-1.2610877901408197,,0.1720641817508439,0.2032085561497326,0,5
0.94815790311037662,0.30212052479603241,-0.098588940892494273,-0.29693995265919415,0.95275500457513029,0.063910607662572713,0.11323981315813547,-0.03132235230651758,0.99307384164617751,5.3777109996080679,-0.89850895496483441,-0.35307724839120208,0.3900158584850439,0.3093027642690079,0.8587896253602305,1,5
-0.95725592234483836,0.28780097999734139,-0.028839123570306505,-0.27729450983985121,-0.94150204682368543,-0.19152454317786075,-0.082273045090176203,-0.17534107259675777,0.9810640419015515,-23.37059954612921,9.8637047362649355,-3.7606364604328504,,0.5200370129041446,0.1111111111111111,0,3
-0.37639254811972278,-0.90305027585864228,-0.20695132034266361,0.92482310002580204,-0.37950736873981739,-0.026007512969240462,-0.055053459279205505,-0.2011823957104843,0.9780055011489367,3.1491962528387858,22.884317705081337,-1.4453397552356353,0.3745699012578677,0.3004018251117844,0.6938775510204082,1,5
-0.13644837074884097,-0.98087366992866587,-0.13881169172896346,0.98965087320252232,-0.14124908780953224,0.0252951450373241,-0.044418366578152076,-0.13392363060208962,0.98999569184763803,2.4587176147853689,-15.764119346595999,-0.017705250379286448,0.3018750811671012,0.3368771271886984,0.4583333333333333,1,5
-0.11732297959953453,0.9879236513548052,0.10120364396441965,-0.99302193340694656,-0.11792980790974089,1.3382905153662682e-05,0.011948147581014956,-0.100495868075068,0.99486573077437035,-1.874852971385023,10.707722274796589,-1.5282680227182308,,0.08900142966986517,0.45,0,5
-0.99549897361705908,0.029091902705830373,-0.090196755619792415,-0.019320262493049294,-0.99403077118373229,-0.10737575795809062,-0.092782115650494476,-0.10514983184403716,0.99011867565387801,9.3751143047174548,14.63312031759717,-0.42847025764292701,0.2722394511780688,0.2392131491299644,0.3684210526315789,1,5
-0.029688337898124407,0.99092493119055891,0.13109684716968484,-0.99928522706047329,-0.032494410344736872,0.019317046229822509,0.023401657452924721,-0.13042965169520601,0.99118134989875706,-17.897840075255612,0.27752788664050121,-2.8157461001703883,,0.10885343932784,0.3666666666666666,0,3
-0.98341948531968493,0.15487075171257639,-0.094345991740753754,-0.14714539678291963,-0.98554091671733912,-0.084007938205523935,-0.10599220772850219,-0.068732464963272968,0.99198865929047264,-15.930912570118927,-2.5695942336542639,-2.5097099161880498,,0.09920772761121498,0.4473684210526316,0,1
0.21268296839821227,-0.95974587170633041,-0.18344976613771399,0.97711258464851536,0.2081080422115624,0.044068579377709478,-0.0041172654546307594,-0.18862371141913084,0.98204080547381001,-5.2868605506925839,21.312109149728808,-2.2924966794480519,,0.2661626913775401,0.7777777777777778,0,5
0.63351035859685711,0.76488706212353419,0.11667222354318717,-0.76947569992703169,0.60702087187008902,0.19857695821993823,0.081066471320068945,-0.21557700088392298,0.97311601770683376,-3.1497932268870898,18.098461834784196,-1.9917775468325947,,0.4662096784116022,0.6421052631578947,0,5
0.61508140349084062,0.78790727723549658,0.029614009507068335,-0.78044727022481319,0.60305604880758412,0.16500139513114134,0.11214689241515302,-0.1246014625754122,0.98584864459291766,5.8195690417537751,11.397029933579089,-0.71862838173236288,,0.6264223390733804,0.1739130434782609,0,4
-0.30750274226507501,-0.9403962168159985,-0.14524812872329004,0.94985224662650591,-0.31246463949591846,0.01210614072552749,-0.056769473117507706,-0.13424158991476634,0.98932119276760533,3.5054279552096905,1.7221542243510086,-0.65675221791308769,0.3748173319836881,0.3024210198496384,0.8794871794871795,1,5
0.85954038818865719,-0.48333311004040691,-0.1660705446825573,0.50993382367810736,0.8327259122562366,0.21571984268037164,0.034026703359541326,-0.27010490516776514,0.96222945478861499,6.1186685084970822,24.551724098694603,-1.1548656602905409,,0.2138108661763815,0.3333333333333333,0,2
-0.62035976873326415,0.78375360212397582,-0.029732953013496575,-0.7815497045989801,-0.62090823052733002,-0.060440288753994875,-0.06583172926831915,-0.014256942909046336,0.99772888251289504,-5.1829934453174387,19.326041391602971,-2.235350167672113,0.5324035674010922,0.2106479457682509,0.25,1,5
0.97504575556639983,-0.17837078298825626,-0.13217275940262774,0.19628165560590366,0.97081000010577301,0.13784576659163097,0.10372697925107971,-0.16034901767951504,0.98159508266120654,-10.730313956470907,-7.5136961591557085,-1.8484971524350049,,0.3364703076026255,0.4078947368421053,0,1
-0.36288911245590544,-0.90453614101305424,-0.2238880560954005,0.92948092343097066,-0.36842812915166351,-0.018053438113433927,-0.066156670403487605,-0.21465107325847951,0.97444764441713716,2.8045762985769049,16.026269822813209,-1.272086939578615,,0.1022463381198564,0.5,0,2
0.55066753267398738,0.83472407706403284,0.00099178038969396139,-0.82816919146182055,0.5461938876566198,0.12572997812781944,0.10440813556527657,-0.070056778802241329,0.99206400447331855,-19.805985710802783,0.28599050166334644,-3.0000727338793349,0.3791115874361387,0.2764161406142916,0.8194444444444444,1,3
-0.69244292249617545,-0.70429717842316208,-0.15648732712308497,0.71581660829275684,-0.69776545975673931,-0.027017521402224062,-0.090163087664568861,-0.13072431922040489,0.9873103716598709,-12.33172731018696,17.390192462776145,-2.9176226115691537,0.1524852736986808,0.1353248723673321,0.5,1,5
-0.26000624700783126,-0.93725879828964687,-0.2322556706423948,0.96347739441446179,-0.26778200044611172,0.002027483513447937,-0.06409416486094005,-0.22324593000931617,0.97265265782038213,5.3352608878565109,-10.652550796889134,0.021709261614623554,,0.1732503617564621,0.1666666666666667,0,4
-0.038132271730379516,0.99679061507712097,-0.070387495671156153,-0.99901276627320357,-0.036421134234012047,0.025436072894044058,0.022790846316965516,0.071287942004834237,0.99719537035070205,-7.1918337297582289,13.795500767153136,-2.2376135317031922,0.2701641955067813,0.1987439132018128,0.6896551724137931,1,2
-0.43586327529525426,-0.86560800579853303,-0.24646700701388088,0.89783885680199493,-0.43721155082713214,-0.05226324750550037,-0.062518736914469242,-0.24406728605206601,0.96774096090524087,5.2671933241076871,14.071927092691023,-0.87947174430965502,,0.4310813004737374,0.4883720930232558,0,3
-0.1319510322747609,0.98604703888097278,0.10148971472859228,-0.9911829936653882,-0.13249251446164981,-0.0014165733829875507,0.012049819506734264,-0.10078179759111053,0.99483557994482719,26.634953922663016,-2.8094152709068601,2.1831385821366571,,0.2291520248584198,0.25,0,1
0.10348166767810922,0.99380571926853778,-0.040518351443523712,-0.99378931122972813,0.10498414267550064,0.036893558682134647,0.040918814011397811,0.036448897594216045,0.99849743541186264,3.3406324605118209,3.3786187290994292,-0.72556067907186517,,0.08891483492195687,0.4096385542168675,0,5
0.97354436737235783,0.21722047074528569,-0.07089874361899276,-0.19835780162271632,0.95744021394559853,0.20967217091261539,0.11342639592686696,-0.19006184206463511,0.97519790242700932,-3.7078222130863048,1.3947016767630849,-1.4676701824908402,,0.3548791941133117,0.4373177842565598,0,4
-0.69624824035319799,0.71444364975301955,-0.069344496051669369,-0.71587941431136382,-0.69820067027741672,-0.0056998411718584717,-0.052488588953160352,0.045673792832986629,0.99757648963773982,27.045075917539574,1.9767227084790704,2.0343616346226314,0.3194666044155248,0.3046293336151192,0.6428571428571429,1,5
0.65214286228680807,-0.74538034208651094,-0.1382672513625916,0.7564206249137625,0.6519064243744318,0.053346528138366524,0.050373856050964512,-0.13937775823401785,0.98895718569421276,-1.5160306447658878,18.436532013867645,-1.8311490441630593,0.2686875872559974,0.2158653837864486,0.7777777777777778,1,5
0.43057228634160405,0.90127813836292647,0.048012743554402507,-0.8996886234610838,0.42435954953720018,0.10236871363499933,0.0718880174247684,-0.087273650236720998,0.99358714913443535,-15.531383822512366,10.387957358138353,-2.9504584151313873,,0.07575466903277572,0.34375,0,4
-0.95661853378252781,-0.26401861708167607,-0.12318746144818635,0.2682843481220914,-0.96314985406139064,-0.019127654697558304,-0.11359792857474857,-0.051347136782918558,0.99219906378091549,-5.1840935685266851,11.327272382040574,-1.9290982453113137,0.3460928065162504,0.2926471710829077,0.5045045045045045,1,5
0.72307146415930967,0.69075131415101343,-0.0055027008968784839,-0.68179567949402164,0.71493162832353008,0.15500780059710412,0.11100589687849063,-0.10832999963682274,0.98789792085867278,9.9572800246074848,-16.882317172749225,0.8975596461640003,,0.2192669880263226,0.3636363636363636,0,3
0.96046083592862797,0.25904116853143466,-0.10204242085109667,-0.25176236598670182,0.96456509169974614,0.078929683561005992,0.11887259448696141,-0.050118428548103,0.99164381175894478,-0.65484899921988904,-12.171513531437544,-0.57606961724587313,0.1725490190038119,0.135421263507377,0.5647058823529412,1,5
0.047673598303521594,-0.97827374623472974,-0.20176150636992674,0.99771194205941505,0.036942919652238809,0.056622445722508706,-0.047938592979192361,-0.20399926008551059,0.97779660113325195,5.7721397542372124,23.026576033334692,-1.120390327791676,,0.1960089097294389,0.6129032258064516,1,5
0.77657927659997572,-0.59499600053314217,-0.20713374062432227,0.62595967107229455,0.76594625616114143,0.14663158890156261,0.071408104207602852,-0.24352842138505518,0.96726149030713515,-31.895229606131821,15.11359014019594,-4.9474260615443786,,0.6574082678612941,0.9473684210526315,1,3
-0.76248101939526214,-0.58730909676861864,-0.27146034685528309,0.62750850153067306,-0.77349730125567773,-0.08907864759251885,-0.15765714563155941,-0.23826445350285061,0.95831846200952264,-12.282421088855754,-20.464872569682214,-1.5025285348761401,,0.2992281028328182,0.35,0,2
-0.73949942822759829,-0.6614833549481165,-0.12482133943216765,0.66574991659806382,-0.74611109771125173,0.0097610666314282817,-0.099587369684752625,-0.075881493123791499,0.99213121853945196,-5.4431785008853941,-18.684128977760608,-0.79201074968378204,0.4379151971041113,0.4435407480423088,0.9135802469135802,1,5
0.53903252726516304,-0.83085739600236086,-0.13827480630363614,0.84150267290541603,0.53829919295189865,0.045904578860672181,0.036293057782064334,-0.14110268025629955,0.98932949394087977,-8.4391419063376958,-4.636826970262387,-1.7238358876408748,,0.08651059191558658,0.3347107438016529,0,3
-0.99606301079488357,0.0049139407005397914,-0.088511760309143789,0.016267278006881443,-0.97137557419919185,-0.23699128573733988,-0.087142723118333792,-0.23749809901551258,0.96747134260997092,24.682979086661877,0.81410841548971236,1.8190130015675832,,0.4316360540160849,0.103448275862069,0,4
-0.52119783288773214,-0.78029441045829495,-0.34567824924440088,0.84949688884677677,-0.51320121071273417,-0.122390984809467,-0.081901494691971694,-0.35744251332280869,0.93033703292768855,-4.2043557539614245,10.156883051264547,-1.7790325029530543,,0.08630113802852944,0.2702702702702703,0,2
0.45118532944911177,0.8923343764976136,0.013082775336701045,-0.88946650372278069,0.44844485937533679,0.088014469577484308,0.07267143348708667,-0.051347527890332152,0.99603327963200228,-0.70443181578043879,18.898456678023845,-1.7873945780838054,,0.1460494129616267,0.34375,0,5
-0.99391283362068905,-0.01466411483912098,-0.10918902371611021,0.028647069533944344,-0.99140952503101909,-0.12761856873075322,-0.10637962479351758,-0.12996967882453847,0.98579473421957187,18.546644674200266,-4.8757590838168507,1.2920661771313338,0.48507952169094,0.347628939928665,0.2075471698113208,1,6
-0.87896298674694839,0.47588348005955683,-0.030967423775485468,-0.46890158238144353,-0.87425114929100156,-0.12576260971983225,-0.086921654201145199,-0.09602000504983256,0.99157691817688454,18.221251160746732,20.374215666184842,0.39022887388888811,,0.4865468350613476,0.4838709677419355,0,5
-0.018212352326255035,0.99819066689723956,0.057303601474851799,-0.99973048759789451,-0.019005782187162232,0.013331631960527224,0.014396610365678212,-0.057045357065219883,0.99826778213427325,-2.6267484148277038,-10.170100682281195,-0.89297147418947898,,0.3218859910664665,0.5238095238095238,0,5
0.91252014243170765,0.40004226061930503,-0.085282937185658533,-0.39219302467793982,0.91493275282840902,0.095303143682668359,0.11615343753150789,-0.053518665159235826,0.99178835011769961,-7.8675288544498541,24.270337860654511,-2.6559662049415418,,0.2561953217754939,0.75,0,5
-0.6869864267806467,0.72661668620550546,-0.0088227403276152222,-0.72441297753280853,-0.68575818694340485,-0.070438249709544626,-0.057231873997003128,-0.04199881388591642,0.99747712366297747,-20.74020759076905,11.680509027030737,-3.5709046018563457,,0.6843837637433533,0.4528301886792453,0,1
-0.77418088833150434,0.63296440892598971,9.5787336633328522e-05,-0.63178909540573447,-0.77273412286038379,-0.061028798887050539,-0.038555039471450572,-0.047307847130944478,0.99813600101949473,-11.140263444828534,-22.453001077150301,-1.2910872018492145,,0.6295027021824909,0.5128205128205128,0,5
0.34363092815239787,0.93863963474265455,-0.029553702091246581,-0.93718036257043846,0.34477054918773881,0.053162359100470936,0.060089543428653788,0.0094289184407073141,0.99814845702809918,12.18208361439134,3.2339083874411942,0.29233185241724491,0.1975734350183788,0.123386574096905,0.5,1,5
0.98937444675926511,-0.090423986190687256,-0.11384949196717492,0.099362860682190274,0.99218687668812211,0.075446826606030429,0.10613776904028591,-0.085957573542156135,0.99062912814730786,-7.5042923238790822,-14.012026931777319,-1.2563932857068383,0.4257332318402153,0.4200034215556847,0.8777777777777778,1,5
0.91764801009335584,0.39558429368757697,-0.037883982887295373,-0.38101319065661626,0.90290318272027026,0.19898439933640802,0.11292067178939905,-0.16816334089600746,0.9792701428417615,-5.2008846936127497,-8.9400755440389492,-1.2160396784139198,,0.3174563367423467,0.2595419847328244,0,1
0.29920836566798509,0.94533908131953515,0.12964711814857563,-0.95234868670509631,0.28743046240505526,0.10205737706160525,0.059214295954371415,-0.15400568369886058,0.98629403148507122,7.8349343400559182,-14.409047041050602,0.48766561274128756,,0.5782647175925195,0.1481481481481481,0,1
0.30303503954199212,-0.89777356221532978,-0.31964417059752809,0.95242054292697675,0.29679835215375144,0.069324220655566995,0.032632410583149023,-0.32544334245151829,0.94499828393151986,8.1631414214001232,16.769283001798925,-0.62237533228664965,,0.2722285323043577,0.1666666666666667,0,3
-0.8129685083628756,-0.5185281267864017,-0.26497318004210657,0.57219780015407706,-0.79578065417777588,-0.19829984350782112,-0.10803648415732604,-0.31282859870506857,0.94364526487613309,-5.4924902430262916,2.8583953921972767,-1.7029311676807239,0.7013878860267138,0.3470027817111511,0.195852534562212,1,4
0.55674521312123482,-0.7392335907650861,-0.37890429655936603,0.82972658129104349,0.51676838578895834,0.21096027054436656,0.039856843398198075,-0.43183808740502699,0.90107008512140729,9.0749245174719988,-14.491844030041459,0.6800548054154979,,0.5492020947303898,0.3636363636363636,0,2
0.13856325358838151,-0.89983747813816539,-0.41363357902006503,0.9902892737403618,0.12113095439535571,0.068223501830795452,-0.011286233640510207,-0.41907016694727472,0.90788370186108891,2.2602817945101847,-5.6944658512933408,-0.56152651929187813,0.5960489469827248,0.322762617925402,0.3097345132743363,1,1
-0.95203877415448923,0.3047260461920705,-0.027644335379363012,-0.29267336748278894,-0.93327095970483565,-0.20820090234650904,-0.089243893195573493,-0.19012457112052697,0.97769533853012403,20.392062915640473,-5.2710552158225461,1.5516706115371106,,0.6170669316130097,0.95,0,3
-0.52387783639263863,0.85051412301770979,0.046666252088459932,-0.85105051188595193,-0.52034718759386744,-0.070369244573265127,-0.035567383305872738,-0.076580225323309284,0.9964288385701231,-18.601069432303099,2.7405194020342787,-2.983331664160966,,0.330857757118171,0.2380952380952381,0,1
-0.18173834855380644,0.97082902201982058,0.15640390873943444,-0.98332693521361692,-0.18043531754777192,-0.02261049899559037,0.0062698603118434603,-0.15790537098361454,0.98743434347109715,-25.431917673486613,12.909411871332367,-4.1197623672990149,,0.4847511437273175,0.1176470588235294,0,1
-0.94985122071762729,-0.26428166016847765,-0.16714623118642644,0.29114566303346651,-0.94245490510565733,-0.16435618253990239,-0.11409146067097309,-0.20477782092033273,0.97213640126326117,-24.685649659126753,7.2616488009155162,-3.8324157029768777,,0.1199384378338414,0.3,0,1
0.68881847761244486,-0.70149234182960207,-0.18285950687370409,0.72265112580909763,0.68444778620304969,0.096470608625571178,0.057484391503409164,-0.19859436627499066,0.97839451266721533,4.5009013537806482,27.570271013862317,-1.382030277477414,,0.4107674387756304,0.4,0,1
-0.63262688331180761,-0.7603046689429116,-0.1473771925869076,0.76902757162449698,-0.63920601218867024,-0.0035025795047857983,-0.091541360010206463,-0.11555295048360981,0.98907416053702191,2.5954033977273516,-14.091072215105168,-0.091960195024337568,,0.4042365281660145,0.1304347826086956,0,1
-0.67283541851346584,-0.71359175990504409,-0.19513918055949558,0.73939838638159472,-0.65726645803927519,-0.14591377369117889,-0.024135571468351564,-0.24246155021390117,0.96986074817871082,-36.184769105171831,25.660043261270175,-5.7303882361662088,,0.4291704382734984,0.7741935483870968,0,2
-0.99371301342547136,0.0064008586818690922,-0.11177421865977984,0.010964263879308486,-0.98800142157402304,-0.15405510665114391,-0.11141917189808241,-0.15431208629217985,0.98171968919732955,6.1005118006893992,-8.8475498175849907,0.037310860613568989,,0.4863436216613097,0.3552631578947368,0,1
0.40407673667390381,0.90285634224646072,0.14687551240526964,-0.90979382283934462,0.3800333658351801,0.1668827156279383,0.094853522877855298,-0.20105985705089424,0.97497576538103481,9.7678406162506235,25.681083203120966,-0.73962876241491238,,0.4130094704405886,0.4583333333333333,0,3
