axis_00,axis_01,axis_02,axis_10,axis_11,axis_12,axis_20,axis_21,axis_22,location_x,location_y,location_z,dbh,dbh_approximation,score,reconstructed,number_clusters
0.36894882322068395,0.9139572257061932,0.16899395084887128,-0.92853812895864241,0.35439239896375041,0.11055754441331081,0.041154694921185168,-0.19770740283599919,0.97939679086149123,11.379388609927037,14.77493246313758,-2.5783356449545778,,0.1500266986950968,0.4,0,5
0.52170518204522842,0.85189377775870467,0.045833333319303879,-0.85048404706937564,0.51511392268710099,0.10646376066251018,0.067086427149252323,-0.094523214449735687,0.99325967059094755,0.62658516949338983,16.304373804357176,-1.7798123137561705,0.2655096364407681,0.2016535383972756,0.2333333333333333,1,5
0.2305368885886829,0.96396242323142567,0.13277495847353177,-0.97070072544228769,0.21832277997627145,0.10037562138911091,0.067770529182431968,-0.15202503195602812,0.98605047793361089,30.265668750788105,3.4153629973081463,-4.0753976299661074,,0.2913978707100522,0.2142857142857143,1,5
-0.0050804712017736547,0.98967669457260188,0.14322789194922056,-0.99696262277805392,-0.016144213069460709,0.076189849506824434,0.077715620025015864,-0.1424057744763797,0.98675269333299043,11.31481683925848,8.2843357550123518,-2.4035222855969001,0.5565237100962643,0.331475738975326,0.2830188679245283,1,5
-0.40594260642293578,0.90175382385380953,0.14849458392677833,-0.91275600725651984,-0.40816966769388574,-0.016552751789355363,0.045684477754380753,-0.14225879072906705,0.98877467855554124,26.173332513086809,11.964465156549139,-3.7376376743648434,,0.3523388217078888,0.2941176470588235,0,5
-0.31383491767265076,-0.94933178538037954,-0.016637479253233087,0.94731364377578908,-0.31425394943326951,0.061978347685542348,-0.064066409027184398,0.0036900585487547603,0.99793881510955806,2.7704017881959948,7.351216086609071,-1.7165287172447754,,0.06923041730569687,0.3214285714285715,0,5
-0.92619934056224973,0.37629149416612734,0.023653603536836359,-0.37535846491832148,-0.92617475716924436,0.036143353422909197,0.035507806975587891,0.024597369792633349,0.99906664694757452,12.525991148231439,3.5889394016826688,-2.4088463641339617,,0.1412015148530445,0.7384615384615385,1,5
-0.57464791477191335,0.80621021024374695,0.14072977988693752,-0.81607662337746067,-0.57743070561459164,-0.024345944021084417,0.061633747453279514,-0.12883662954365507,0.98974865701484871,-13.502062465836913,11.310310011185324,-0.55837450318966064,0.4477552721621672,0.2007339229900479,0.3728813559322034,1,5
0.98833431420395068,-0.14771549727031938,-0.03708659101600742,0.15098019478174712,0.91828877712375589,0.36599276303258088,-0.020006602676917534,-0.36732254719080265,0.92987842332994697,-21.886689764693472,9.2407610067806587,-0.03042542231082793,,0.6095464702328784,0.2777777777777778,0,1
-0.55419774359427054,0.82118378218268684,0.1360957636194354,-0.82740284345001869,-0.56132963278406456,0.017708133987858043,0.09093621745951154,-0.10279221390088644,0.99053741227452452,-18.7790601833943,7.0713245499892086,-0.093144035090322652,,0.1979304247569412,0.28125,0,5
-0.74783988271636581,0.66227977564794438,0.046054408979829049,-0.66143261728873814,-0.74923908912516013,0.033877427787112287,0.056942098708622858,-0.0051269966461680765,0.99836431792209424,1.4814370001922637,10.158854405591686,-1.6060071563941134,0.7304144586438104,0.8083918083770836,0.9102040816326531,1,5
0.99165637811591889,-0.12845144707785672,-0.010856034525707832,0.12835014643790379,0.97601116423791801,0.17586485490942522,-0.011994484206809838,-0.17579087867847157,0.98435445817147815,2.596668838845543,-31.161250395246174,-0.31683486680020234,0.6095030371601242,0.2891135584341799,0.625,1,5
-0.42242590760889603,0.90059988860278517,0.10235327659362915,-0.90378901700286229,-0.4270769117949007,0.027761919183150009,0.068715102603440839,-0.080778413331671128,0.99436064011696312,-11.011324462949096,12.258231580864301,-0.81044863737268602,,0.06754323418777274,0.32,0,3
-0.96259732640439655,-0.27028339450576427,-0.018795580691977315,0.27074723980287818,-0.96219876478745814,-0.029486762803199555,-0.010115302181848487,-0.033472730631525609,0.99938844148100825,-18.009081545938926,10.090168303020551,-0.27415144857784074,,0.1590926071943927,0.2162162162162162,0,1
-0.88150125678006086,0.45308562886071596,0.13292459221326819,-0.46962993480422571,-0.87050754385928863,-0.14718811235914525,0.049023041837004566,-0.19217187360266672,0.98013606829107602,-16.702740123109969,6.5273041995649521,-0.16795898163380227,,0.1978404998219002,0.1923076923076923,0,5
-0.25708729423082671,-0.96480496358893986,-0.055294713845147954,0.96367415823006641,-0.26023050428248601,0.060101592328788325,-0.072375685866492512,-0.037834731068522948,0.99665956736506933,-9.8574307639059224,9.7047402661633999,-0.82133725566300375,0.2023494262906168,0.1686036214030583,0.8712871287128713,1,5
0.42402973117822468,0.89762270750327622,0.12030071509102154,-0.90276316643466825,0.40833881804268785,0.13519643119680735,0.072231934805700698,-0.1659303608565629,0.98348851693359196,-15.799406761142588,13.089071319240603,-0.52093743351802069,,0.1639255639613192,0.25,0,2
-0.92692606101310482,-0.36953259525759108,-0.065220690405108514,0.37490717395554501,-0.91936122195024017,-0.1192457734715492,-0.015896173482838501,-0.13498371981965282,0.99072029708301235,-1.443133376705457,13.755269206754715,-1.5723166570124667,,0.392464024761132,0.125,0,3
-0.94717162710604186,0.31072332109720396,0.079479094934564801,-0.31837107380690649,-0.94086933117855565,-0.11577893163548988,0.038804228742895346,-0.13496636386130456,0.99009005270113049,-7.8243296679637302,15.951841722796161,-1.1482004694156949,,0.2867160166033647,0.3478260869565217,0,5
-0.9477854857455752,0.3170365015086607,0.034504053691883689,-0.31735772509392129,-0.9482969284337518,-0.0041242994947323962,0.031412534651542673,-0.014859079186149907,0.99939604783714486,-6.634910647527108,-31.414781437251968,0.54338116550150584,,0.07207511126132107,0.3076923076923077,0,1
0.8996239967161771,0.43559422408517023,0.03056691800052912,-0.43603067478318774,0.89233981296947928,0.11664865553324588,0.023535402705936979,-0.11826804358420032,0.99270275243208406,9.1282028523085703,8.2117811646448704,-2.1766812599698246,0.676645351319924,0.09918438044087632,0.375,1,5
0.77870300264948589,0.62471858397472657,0.057864708599361388,-0.62629848509697161,0.7685867135259391,0.13047862413681327,0.03703837509820123,-0.13784467573326778,0.98976108437444454,-16.235859592647397,-23.796270892763289,0.98165323579105723,,0.07004403383135739,0.1333333333333333,0,1
0.50341738299438876,0.85460835798051682,0.12734006819899674,-0.86159575990792836,0.48542468642822717,0.14837661646882253,0.064989883887878283,-0.18441103078693882,0.9806981629004603,9.4139378137137246,-29.050725554826872,-0.9401695750298027,,0.266347515300253,0.34375,0,5
-0.13225777402165143,0.97897756050880069,0.15527658300940572,-0.98958170918725952,-0.13939979167279018,0.035996373756346636,0.056885165490325067,-0.14889806614533915,0.98721499372999699,-3.7153147903609076,-27.926065643107549,0.15940285739075269,,0.5636904128360444,0.5,0,4
-0.48298683172088014,-0.87415353670482221,-0.050786953547909235,0.87307790043588429,-0.4851927227076096,0.048197526928724019,-0.066773498895104963,-0.021062195945057163,0.99754583039942446,2.8977292577409455,13.808719436431405,-1.8332318740128186,,0.2073875037480632,0.1428571428571428,1,5
-0.56986415538639812,-0.82158350555897042,-0.015980857273004353,0.81975980924026792,-0.56973308221905539,0.058292968525669051,-0.056997364501409471,0.020118608764232292,0.99817159948642353,-4.4678418031269542,14.90094681169461,-1.3990578709635222,,0.07107924395458687,0.3714285714285714,0,4
-0.24470058675707401,-0.95038312199678332,-0.192076922779366,0.9686790937983708,-0.24824938746147254,-0.0057493358721550153,-0.04221890664987539,-0.18746776535887574,0.98136303215101695,13.58309902866616,7.8548035158775056,-2.6277588286177411,,0.29690680109691,0.1428571428571428,0,3
0.87467355700698246,-0.48464448967847951,-0.0081170990532484569,0.46614702738582731,0.83646357621675016,0.28815904379707219,-0.13286503502468483,-0.25582885741638395,0.95754815971882989,-13.982733455594818,12.861287509344006,-0.62376316607119942,0.6404727358262553,0.6269816269168804,0.4776119402985075,1,2
-0.99674598319652674,0.07477250039639298,0.030108440113375327,-0.075893411831735078,-0.99639208479463526,-0.037986884567427902,0.027159437073104729,-0.040148306851869361,0.9988245483741377,25.234848739231364,2.8600727459138908,-3.6066372257986776,0.1258702026113158,0.1410855286716221,0.2222222222222222,1,4
0.37133311962439358,-0.91021957357893046,-0.1833358724958305,0.92713960681784535,0.35280556270079033,0.12625523512722656,-0.050238070620479823,-0.21686069907009517,0.97490900778439982,-7.6266967796113754,-10.324159669941171,-0.088061338784594101,,0.1331881677287227,0.1764705882352941,0,3
0.99953578315518343,0.0059300295088799823,0.029883991406413613,-0.015287515566029796,0.9460737420172054,0.32359043022527939,-0.02635355877624861,-0.32389706608054786,0.94572521406814591,-7.6676769242874601,-26.818478721198545,0.58986433113371861,,0.2345806824977207,0.1666666666666667,0,4
-0.49108874918650963,-0.87021032817007482,-0.039570508823621973,0.86903056163656944,-0.49254748445044905,0.046721071297262148,-0.060147513365547252,-0.01144378904321082,0.998123898285316,-8.099609066357349,19.078948216895053,-1.2298959494758985,0.2184380300870051,0.2016995122657964,0.5116279069767442,1,5
-0.97300880588743643,0.22351662113522835,0.05739498010972427,-0.2298969004573522,-0.96046642350166889,-0.15700848539494489,0.020031945127898371,-0.16596556691736727,0.98592806622602502,25.553299933491804,1.4444581746826242,-3.6210372772733042,,0.6297306968694847,0.169811320754717,0,2
0.56757917719137485,0.81841681033491354,0.089709543416453,-0.81894631954031305,0.54998873130799486,0.16382710748102045,0.084739620781177319,-0.16645215527426654,0.98240158625401941,-7.5877360434651333,9.0584159420049239,-1.0119245777276904,0.1908699302177762,0.1494417206725616,0.234375,1,4
0.98986404668443606,0.13596229399158499,0.041029546598264258,-0.14200510027921964,0.94364322965924285,0.29895151214363025,0.0019288795198607004,-0.3017477584520224,0.95338584512933611,21.704244626678825,1.8779427396181227,-3.2204715887104265,,0.2794209358701583,0.4210526315789473,0,4
-0.39795642240019402,0.87947822704644663,0.26105312490310772,-0.91539874146981914,-0.39947612706475216,-0.049638372463420684,0.060628623486844134,-0.25872161111237946,0.96404735254939899,-22.595437360246322,14.940561223316573,-0.3765295485273622,,0.7234413097854567,0.3773584905660378,0,2
-0.6334226644093075,0.76994773844185282,0.077176474918773358,-0.77179153988450777,-0.63581556715009513,0.0087397672910343484,0.055799168231364993,-0.054028183736613916,0.99697914129976095,0.8671196799972416,7.5852469082533247,-1.5342870337498804,0.553998858670904,0.5286683874210624,0.6857142857142857,1,5
0.71475519039579716,0.67150341946834935,0.19546911634470862,-0.69806843277451724,0.6679146548382463,0.25805130694502393,0.042725647636947146,-0.32089433072994544,0.94615080591805389,-5.3017587499486512,18.837784213291865,-1.3863661750467522,,0.1319249659320653,0.3125,0,1
0.96842235342773464,-0.2486311555724792,-0.018457894251027541,0.2488124322595836,0.95911648652486592,0.13486266655107809,-0.015827789945487416,-0.13519657449392317,0.99069236764524982,9.7755459863847527,-30.927604396143032,-0.83515295647783705,,0.1758849144987545,0.4375,0,4
0.31366712420637305,0.924499101934939,0.216597196919985,-0.94781395222060816,0.29112465943482857,0.12998132421584896,0.057110832317997372,-0.24606471341995786,0.96756938233983969,-2.8307840802519397,-31.970805221327268,0.24167104107518556,,0.648158475412653,0.4242424242424243,0,3
0.50693593721193209,0.85271141580198739,0.12609201768561651,-0.86025993207427554,0.49123342154398475,0.13653781463665071,0.054486739952237732,-0.17768783559703638,0.98257733957700111,11.511589695621483,-31.552842803913819,-0.8803992055840808,0.2264575603525856,0.2436800497278348,0.5,1,5
0.96637226937649523,0.25168303372264239,0.052728431763981912,-0.25582117168339652,0.92016448334023349,0.29639981733755266,0.026079975050907207,-0.29992161331815942,0.95360728854490995,-12.362371380702985,-26.464625468118086,0.86942851514306385,,0.3521440873107136,0.3888888888888889,0,2
-0.043591460482796399,-0.97804487973438459,-0.20378419418180885,0.99662023276732081,-0.056787066572450647,0.059357735038553947,-0.069626835428503578,-0.2005079606784938,0.9772147468661958,13.673389108826166,3.5182950647027389,-2.4775640041049032,0.1915933342863543,0.1055819382672948,0.2432432432432433,1,5
0.58863037242825778,0.80728865665977723,0.042418268274662753,-0.80637185614641693,0.5826264341985965,0.10154244328363167,0.057260058242648459,-0.093975863930475911,0.99392646746556046,-4.8873924960131756,-27.11999792654273,0.2992314147972549,0.2779574287008308,0.1880831733571036,0.2777777777777778,1,5
-0.82850839377340424,0.55620985953885727,0.064841603918924448,-0.55762351428932322,-0.83008140253517848,-0.0045696254612943429,0.051282138787679586,-0.039943176100510014,0.99788510607402348,-14.736415534117176,11.321472462031432,-0.51594500200819515,0.4761471494033691,0.403942718229787,0.8,1,5
0.090747331068922771,0.9850645152837727,0.14633120867612198,-0.99346033022620006,0.079320894119591617,0.082126536654844651,0.06929281471204897,-0.15282701490514014,0.98582067808728124,-17.152971447856711,20.300240491066106,-0.92886593702539788,,0.634482180795622,0.4468085106382979,0,2
-0.12451584790894646,0.9746343559503543,0.18596686753493313,-0.98890878837600515,-0.13719519398190905,0.056893646578238186,0.080964263056111346,-0.17682010900773029,0.98090745596018203,8.041900460857466,11.409870042422497,-2.1806461604845642,0.7044027161099279,0.5825193523158252,0.9298245614035088,1,5
-0.45622065466240119,0.88261185246082585,0.11339767261756319,-0.88725743119190481,-0.46092589441945514,0.017932391038790917,0.068095264550133996,-0.092431800530420327,0.99338783825681698,9.3938775881800964,11.400719725754884,-2.3153791279669398,,0.09107628143997688,0.1666666666666667,0,4
0.92066173896531511,0.38029482126667147,0.088078438468857739,-0.38994792478256252,0.88558883845194702,0.25233514453421707,0.017960466673642785,-0.26666131726795606,0.96362293637593699,-4.041265487580521,-25.003086352081848,0.16092617331305456,0.2293455100544123,0.1254032184317264,0.5,1,5
-0.99954836990833928,-0.030047579592226377,0.00044628940424298787,0.029897827498694147,-0.99584446440233454,-0.086022802965769224,0.0030292118515971474,-0.085970609395758263,0.99629306842699727,-2.2260867704647618,6.4442353701522137,-1.2392448416050601,0.6861494456940979,0.3787822112090257,0.5854341736694678,1,5
-0.9984882154625413,-0.054904420715476993,-0.0026054113550306357,0.054894820430642241,-0.99848556811703149,0.0036233895591573279,-0.0028004057417783559,0.0034748881863662534,0.99999004139030045,-21.600280284867694,11.555506154227498,-0.1816701493024846,,0.1681150634907768,0.3035714285714285,1,5
-0.85727031696391887,-0.51468476624965598,0.013681923955351826,0.51401129012928237,-0.8570750617475873,-0.034853007761182421,0.029664747971520546,-0.022845785626833582,0.9992987905560976,12.66634251546621,10.5300982197812,-2.5463776524849209,,0.1571159789892506,0.3684210526315789,0,2
-0.26139328010966295,0.9389585789863919,0.22367462990103953,-0.96291412514743435,-0.2697184558953552,0.0069528512839396516,0.066857615161345141,-0.21356203196561194,0.97463907052695986,23.27646994226507,4.1313997872119961,-3.3946112556431509,,0.4124649039188447,0.1904761904761905,0,4
-0.89275372996010505,0.44989766580117091,0.024142658283169981,-0.44906197536833686,-0.89288090055382152,0.033272206186009283,0.036525606368780834,0.018862336357278429,0.99915468889783909,2.8909142955370077,5.2638811006404413,-1.6036980892964852,,0.0769831488029213,0.3796296296296297,0,5
0.99116606572951182,-0.12810581500640897,-0.0343326420163962,0.13258082992435172,0.95024484979464241,0.28188126751405218,-0.0034862132540035913,-0.28394299709678045,0.95883482452237101,0.65193474886136971,13.3015803321364,-1.6733051094605045,,0.3305020786520556,0.12,0,5
-0.95254565371051569,-0.29911259127452039,-0.056466231840346805,0.3043699425559685,-0.93834955140093834,-0.16388733158525079,-0.003964298889159913,-0.17329678914134311,0.98486166907216854,19.640804464029721,0.6495837671536131,-2.9805875398608652,,0.1692862101364181,0.1111111111111111,0,4
-0.99950298969225926,0.029556181053766169,0.010963838641291109,-0.029866550531943932,-0.99912388564486354,-0.029316382676456389,0.010087752750643244,-0.029629264172884699,0.99951005194996156,-3.8698051964848097,6.6677449752856006,-1.1445341049350819,,0.1145900818187473,0.1747572815533981,0,5
0.8676662133177534,-0.49622316938494887,-0.030297003686636965,0.49508543958231294,0.85691739832835212,0.14346769655834518,-0.045229965514242687,-0.13948167839442538,0.98919114007953768,11.691590857675351,9.5426046552499599,-2.4347941387531153,,0.1174223252055824,0.1666666666666667,0,5
0.68747496029062238,0.70140367091954359,0.18817829150567808,-0.72551553408245384,0.65204634916272763,0.22014260911647709,0.031707866192146272,-0.28786880512508978,0.95714479691287779,25.90256448065373,-0.020076301714194538,-3.6794650978254069,,0.3789995968979386,0.45,0,2
-0.71362837375628385,-0.68309746744763677,-0.15528166065761445,0.69269917770869838,-0.72114158530664074,-0.01107533941323025,-0.10441452663137928,-0.11546715510503298,0.98780815076627848,-26.814823402623226,12.378224319534235,-0.029155675997936639,,0.2183452040834707,0.4705882352941176,0,2
-0.56438062612971052,-0.79645009585902571,-0.21712151817722986,0.82380830396726923,-0.56028673764346371,-0.086131585004668762,-0.05305079795825781,-0.22747750751886159,0.97233718246758338,-6.1330376903222064,9.4070673985938456,-1.1464288991239144,0.5756918779254577,0.2114449425966062,0.4375,1,1
-0.51999823518318022,-0.83783277791728994,-0.16624701998463784,0.8521787882253884,-0.52213969313180453,-0.034080107906688188,-0.058250736519674225,-0.15939378000292106,0.98549504036869384,-17.546865316733367,12.0106099147647,-0.39058996220081338,,0.4034167066572451,0.1538461538461539,0,3
0.29040548349274153,0.9528109372325273,0.088407991988393927,-0.95547940634295636,0.2836940593987558,0.081097377987004865,0.05218964659641849,-0.10802313896535322,0.99277753914772504,-8.286996165447972,-27.860057687902458,0.6581494085635976,0.2361133299343546,0.2283443772047003,0.8095238095238095,1,5
-0.95591672801176664,0.2901870469164094,0.04488526383138669,-0.29209340867064787,-0.95537132345797193,-0.044125671953252725,0.030077395473035517,-0.055291157666464932,0.99801715324209817,-8.0616299408256218,10.435845290077147,-1.0242173143130293,0.4989949427814917,0.5075853495199691,0.5955056179775281,1,5
-0.79956529461783565,0.5894499105370048,0.11508319864606992,-0.59667242042806501,-0.80146474243810994,-0.0404510732753652,0.068391244638536366,-0.10101024500777941,0.99253189775455586,-8.5211376185459855,14.845217474435836,-1.0718538971480061,,0.3051556388673715,0.2777777777777778,0,2
0.43986406314479987,-0.87847943042960097,-0.18653014840993309,0.89465192956598216,0.41054728291729647,0.1762068483717093,-0.078214646183516132,-0.24438661747589527,0.9665183134949269,-23.856256403089709,14.40659045002135,-0.28951428200017709,,0.4367674479754029,0.5555555555555556,0,2
-0.827802463354949,-0.55361936421502544,-0.090822250740824145,0.55572148978343283,-0.83136460402655499,0.0025536179532922158,-0.076920136871695452,-0.048357985254972445,0.99586384501382474,-16.63594193584677,14.813145257069431,-0.58429237303155612,0.6097904911475858,0.3073434015499005,0.2424242424242424,1,4
-0.080740611618994818,-0.99384957630048265,-0.075789005289298592,0.9942961720331186,-0.085625922443236024,0.063587134595226136,-0.069685550264578747,-0.07022265370302945,0.99509431864081432,-16.897214675962726,-26.09919667980574,1.1456623363038105,,0.2187580450974538,0.1428571428571428,0,1
-0.36654126593559977,0.92600649498996224,0.09032979354970426,-0.92644128910983803,-0.37220533621260976,0.056300315517401292,0.085755689017281062,-0.063048861458891603,0.99431926606593923,7.5676507011305167,-33.68966137623655,-0.52224409241092085,0.3847434303602972,0.3363101965624518,0.3636363636363636,1,5
0.69792826845754707,0.70779398724983256,0.10919617072423195,-0.71439481207901312,0.67733852319114629,0.17564901786184342,0.050360545692471614,-0.20059959275687042,0.97837805516238718,-0.91332963935653,-30.49785637990583,0.0073805931442397742,,0.2928644132787155,0.3333333333333333,0,2
-0.0771452458912808,0.99618517023159769,0.040788695088414713,-0.99434525664030848,-0.079868476371109762,0.069989549784780156,0.072980282496661594,-0.035158684457746107,0.99671347200381877,1.8488700768612862,12.675411212234062,-1.7142025569696497,0.1240951985044912,0.2373236652707528,0.6607142857142857,1,5
-0.7688955213551647,-0.63868225695590219,-0.029743098185691201,0.63714332366173931,-0.76926578325952999,0.047734053037357754,-0.053367240449933254,0.017751883162525548,0.99841715144069021,-5.9504881217656029,-28.915863563117675,0.41356180058190661,0.6373506428641645,0.4124935429028372,0.92,1,6
-0.69267983063278304,0.71866069766702734,0.061003720077400632,-0.71895250027704016,-0.69474236319488769,0.02098454497425211,0.057462636381673815,-0.029323206017176879,0.9979169279098048,-20.872205837583603,12.511195171234675,-0.25639146666236912,,0.08504419021029111,0.4,0,1
0.88229058342803901,-0.46622536334783798,-0.064786086202112972,0.46552121358062115,0.84389881616551943,0.26669230918956249,-0.069665817304017247,-0.26545941054257627,0.96160177581665884,12.274306302524026,-28.814036030031609,-1.1449179623804009,,0.4082596449394771,0.5357142857142857,0,3
-0.69356590453406786,0.70527400614511437,0.14681591304712879,-0.71830235506386431,-0.69255496096192848,-0.066402957439622962,0.05484580911561774,-0.1515130433429534,0.98693248751847751,18.013740769474445,11.067082527302937,-3.0280229660791345,,0.3265568535815718,0.1818181818181818,0,4
0.92824631401825441,-0.36990095029927017,-0.03914163357886468,0.37031760810794184,0.90910568137480541,0.19076616371166188,-0.034980703777053139,-0.19157282442911566,0.98085483294089659,-17.106661977938568,19.498463254604076,-0.85443872890887518,,0.4262900728781489,0.6818181818181818,0,1
0.92560791836582279,-0.37843190981892694,0.0062666649253875269,0.36321631054577203,0.8928036997026394,0.26641220983805564,-0.10641378299827885,-0.24431709606181556,0.96383881606828625,6.4982809365067071,-30.329883930349965,-0.63746269580561821,,0.2383094987382922,0.125,0,2
0.3183011756251195,0.94404646495526001,0.086374959340907984,-0.94494884351085862,0.30866851760894831,0.10860676491169717,0.075868601826823437,-0.11618957888972264,0.9903251673133785,17.105339452648828,-30.286010664237537,-1.3430498506946269,,0.1547091949169552,0.3,0,5
-0.61452885657109735,0.78204938905804211,0.1036968539318521,-0.7882155004269733,-0.61412444031545332,-0.039591624037014349,0.032720166993409239,-0.10606566306385666,0.99382064065441333,-9.1525288786991226,-30.219980184533902,0.76037233125712667,,0.4040782932582521,0.2272727272727273,0,2
-0.60123382348759524,0.78102339118513431,0.16887969657765201,-0.79665592590286682,-0.60230165063241969,-0.050715454935440954,0.062106563407847031,-0.16503085792401248,0.98433103715900938,-4.4948669677892443,-29.606980555186947,0.28180453653770648,,0.08747379047585861,0.5,0,1
-0.083415000893724708,-0.98096320996637942,-0.17536567029597316,0.99336774966288843,-0.095828809217870917,0.06354017039301528,-0.079135652872699885,-0.16890239789991418,0.98245077659293922,-20.789858073047604,10.259490418562946,-0.154407813473324,,0.2032113109774949,0.1764705882352941,0,2
-0.69918432609194447,-0.71438266146447504,-0.028261124292703114,0.71357754563115927,-0.69974557652146974,0.034105930710767014,-0.044140282264223153,0.0036798284701819737,0.99901856556525781,-0.44047508752849546,5.0540396207604141,-1.394867560161871,,0.09711474942031227,0.4136125654450262,0,3
-0.99174676455020205,0.12638375802157492,0.021575465523384654,-0.12752732527361341,-0.9897516983840311,-0.064252290655547231,0.013233907690653487,-0.06647346278230834,0.99770042719894858,4.4973194294322916,-35.413570328498281,-0.22338938788549842,,0.1832084701109387,0.4210526315789473,0,3
-0.94266691573450812,-0.33152151304561461,-0.038374110641633583,0.33340926819787015,-0.94057982370473492,-0.064403843979460501,-0.014742654420109252,-0.073505657112335657,0.99718582647023868,24.821581313938289,0.92368457430254858,-3.5451947061409252,,0.07420899444363596,0.3,0,1
0.98340352335594816,0.17128988261054098,0.059810420215674814,-0.18134707395326807,0.91792253518571165,0.35289015028309456,0.005545179861512455,-0.35787986184403298,0.93375117427867282,-11.952259420906854,-30.229404011531134,0.95393734571734135,,0.3959859203642477,0.2068965517241379,0,2
0.99984217312699275,0.014106304816354524,0.010800046348129587,-0.015705114321440394,0.98598065745767571,0.16611891073409105,-0.008305312808326297,-0.16626230866843664,0.98604658434345693,11.314835442645554,4.9711460244317021,-2.346588613752564,,0.3138760362487885,0.3043478260869565,0,1
0.93326469701084624,-0.35549644467031333,-0.051373953906823394,0.35870139156204406,0.91496175268801616,0.18487374829738953,-0.018716757323495894,-0.19096405144644452,0.98141857229749463,1.1919427532812283,-33.727664378268379,-0.07613388677994605,,0.4739379465352372,0.3611111111111111,0,4
0.97982254851043527,-0.19980764641191323,-0.004967682140461423,0.19852829530119107,0.97007300120538165,0.13980303393413154,-0.023114700848591869,-0.13796839046577553,0.99016687171252304,8.767128606296712,9.1016148743211218,-2.1792971803354906,,0.08667483343010605,0.1538461538461539,0,3
0.32801781810532971,0.93971467106202722,0.096647027870515115,-0.94291232469282993,0.31944822203744361,0.094176331312482944,0.057625158982699112,-0.12202118843832548,0.99085325382940348,-0.76880531822351583,15.441818795163144,-1.6754209381982357,,0.1040925560855155,0.1428571428571428,0,2
0.54185205033351869,0.82091728023816557,0.18025308473292939,-0.83915188062625645,0.51638724311933304,0.17078740113086055,0.047121935346297626,-0.24380121851621125,0.96867976600073114,10.051917702515286,4.5120835194002602,-2.2168229503997923,,0.69922899544152,0.6275862068965518,0,3
-0.99526658728507378,-0.095678486947268965,-0.017030777122769902,0.097149381587762443,-0.97496331398480851,-0.20002133396434585,0.0025333556875306246,-0.20072907990433847,0.97964351607598521,-12.576326015484717,10.231938483860292,-0.5960733500447265,,0.164991396103594,0.18,0,3
0.24127090633745923,-0.95492371746359272,-0.17294231286938569,0.97028036140399909,0.23395778757508548,0.061804319482502069,-0.01855720961849874,-0.18271411401006424,0.98299093714677299,21.385911466848651,-29.486800880875478,-1.7007006156045881,,0.1926175626823383,0.1818181818181818,0,2
-0.46341436279799036,0.88277481764490051,0.07717350377264226,-0.88321697596874371,-0.46719981688275242,0.040646087946457229,0.071936789705691201,-0.049324967681046952,0.99618881034174611,-16.469631532882776,8.6065784370176708,-0.28125383234137913,0.6749794539665832,0.4391220993499558,0.2325581395348837,1,3
0.98549515244130559,0.16934950119526676,0.010956776880095134,-0.16962148682679348,0.98095527348550815,0.094632460750199932,0.0052778519639936133,-0.095118336118145408,0.99545198096782117,13.247691572588749,6.5288785800966558,-2.5619800549963929,,0.07982439759697001,0.3333333333333333,0,3
-0.34066522048541559,0.92844116500832896,0.14813578456807736,-0.93944898574179847,-0.34237868193687887,-0.014575367709655283,0.037186163291326645,-0.14413133341901155,0.98885961995954119,13.775372083931682,-29.614260190800579,-1.1474626974355897,,0.3941200074864338,0.2666666666666667,0,2
-0.48279343991263424,-0.87572493342077939,-0.0040417029202192553,0.87385339133684259,-0.48205370365532968,0.063280939004388248,-0.057365013958188597,0.027019766419220593,0.99798756875836181,14.043954086900913,1.3329059988501653,-2.4992838865703888,,0.1509062408264456,0.2105263157894737,0,1
0.99935080280494426,-0.035231943578766328,0.0075288169573042201,0.03394911166979301,0.99086057586149856,0.13054798742321672,-0.01205946723308654,-0.1302076393883364,0.99141340514185672,8.067203122742983,-30.863904371382102,-0.72943820791412217,,0.1239155598766465,0.4444444444444444,0,3
-0.742061974981294,0.66688116899164784,0.067922983821345248,-0.66768271628622677,-0.7443243511186397,0.013455508331605224,0.059529955984422407,-0.035366181249172991,0.99759982837024541,-11.950894101307657,12.081239457814782,-0.72153852907883476,,0.1144931477707874,0.36,0,2
-0.999295034525852,0.036208658968951778,0.0099180132913100367,-0.036145442809330762,-0.99932552629384519,0.006480699163408472,0.010145981278015994,0.0061176395120467091,0.99992981431233785,16.414554126162006,3.7234579351975952,-2.728372023692279,,0.1104162447321942,0.15,0,3
0.91906297694986039,0.38968802444088302,0.058876888567774545,-0.39364115372580377,0.90037638604466197,0.18538879563385705,0.019232433373825263,-0.19356034475200631,0.98089984526760199,-13.964299441871274,15.254219946600056,-0.72937286428810855,,0.06946746361370715,0.15,0,1
-0.94291653940875264,-0.31836064782426665,-0.097749156652808589,0.33270496205113181,-0.91345517846189817,-0.23432252381641935,-0.014690402852778971,-0.25346821271720582,0.967232163033244,-17.113019843966157,13.855877855871055,-0.50886838742984164,,0.5330876120427717,0.4102564102564102,0,1
0.78140134847515719,-0.62191132066440202,-0.051363818303021412,0.62128048306298,0.7676036728884188,0.15746479839392713,-0.058502085144348376,-0.15495454364964364,0.9861879108142092,16.377655069492825,-32.157673366479308,-1.1843108221901482,,0.3924372554911991,0.2222222222222222,0,4
-0.3946009103416892,-0.89714319261490971,-0.19855531597576564,0.91680962128943988,-0.39882306116056093,-0.02000710367925921,-0.061239202057369151,-0.18993224536988298,0.97988545366289115,17.622511872268955,6.9857602212961005,-2.9061621758759126,,0.7891259888223436,0.4,0,1
0.82629539755449244,-0.55252417133203102,-0.10932957547761772,0.56122657090790806,0.79129990744819578,0.2426297438061292,-0.047546315180195094,-0.26184250336095077,0.96393871763014893,9.7497989976176331,-30.077340612951836,-0.8839171763600987,,0.2290613506591249,0.1904761904761905,0,1
-0.68136878224804587,0.72717492173563147,0.083385944718492699,-0.73101493406849083,-0.68180364029775598,-0.027585544141276525,0.03679332475676815,-0.079752299499818977,0.99613544359079809,-1.2065261252216581,10.866972659519925,-1.4925412951687151,,0.1612869243592769,0.1935483870967742,1,3
-0.98886712923937437,-0.14772764751237014,-0.017842165517142957,0.14879614821476636,-0.98268849598246977,-0.1103767463742361,-0.0012275937151760682,-0.11180278182663454,0.99372965689341164,14.144435363865947,9.5363203199656272,-2.7049826042529257,,0.2222764818682348,0.2857142857142857,0,1
0.94490421022843774,-0.31543297931673031,-0.087510393965196692,0.32603795647168138,0.88298936355632474,0.3376818543928099,-0.029245246320430067,-0.34760871595195669,0.93718349119150046,16.288552389534715,5.1810246068456314,-2.7514614232370898,,0.1655826429185833,0.3333333333333333,0,3
0.57213016875799705,0.79554317642413019,0.19944453976469692,-0.81809763797902857,0.53631234930247251,0.20757003328707607,0.058166353934907919,-0.28192218506295058,0.95767246845633536,18.232739287157301,4.5921021825671913,-2.9302494063488709,,0.3686708040880259,0.2424242424242424,0,3
-0.083347130256959723,0.95034029275755849,0.29984426597720337,-0.99397315618677706,-0.1007822673699177,0.043131187832888961,0.071208290655140172,-0.29444229068742311,0.95301265300976801,-6.8195750729284947,21.295068356274562,-1.4517351124702349,,0.5844602652388553,0.3636363636363636,0,1
-0.90879472318552557,-0.41643178721159463,-0.026013798451989482,0.41671652201905496,-0.90901366045161458,-0.006442467593950194,-0.020964049858892039,-0.016695260169093413,0.99964082394698139,8.6672074538512334,17.604155319488239,-2.4039840007496145,,0.500693459855719,0.4166666666666667,0,1
-0.29160606133073447,0.92665093146185784,0.23724239970133382,-0.95608447759938586,-0.29000142954197339,-0.042445760178395478,0.029468231855438239,-0.23920121672868522,0.97052274637271174,15.453598574217599,10.143300753402347,-2.8320141678627286,,0.33907764915858,0.4791666666666667,0,3
0.25692186061215438,0.96312578123889958,0.079874195160568776,-0.96393701507705987,0.24944663476234383,0.092745929129370769,0.06940164626229825,-0.10082214994088214,0.99248088423776748,13.810724343842361,14.780335713674663,-2.751956747810437,,0.1306656781157982,0.3684210526315789,1,3
0.38942338352301559,0.89606481772852264,0.21311328160073975,-0.91900712962745346,0.36257675608447548,0.15480307374586655,0.061443665738591405,-0.25613656196726126,0.9646858232420521,3.9752917449397942,-30.208904569080406,-0.46137975204197579,,0.4093698578041535,0.3,0,1
-0.98321009643848922,0.15629814437559478,-0.094174286969223212,-0.14178509467127368,-0.97923211070480598,-0.14491880586613981,-0.11486902624499729,-0.12913312289786699,0.98495164519897582,-5.5849883490011889,8.607315927209175,-1.1324869005011402,,0.6608158881904167,0.4574468085106383,0,2
-0.96194874630377747,-0.26784647314808502,-0.053971069164172103,0.27321309680139316,-0.94074278858216842,-0.20089203435387648,0.0030353287769654025,-0.20799344353315241,0.97812551046705531,-3.6601587284791419,8.6628851385808101,-1.2648852996828264,,0.54096552218853,0.189873417721519,0,2
-0.29310365347274792,-0.94213952492083186,-0.16267564016433972,0.95259901443377504,-0.30228545624133824,0.03433104491226318,-0.081519114450104513,-0.14490209980161203,0.98608215451470149,-14.626591916531398,-32.008525258425742,1.2088524656081905,,0.394692469543464,0.2857142857142857,0,2
0.99991007943727861,0.0037791184015509146,0.01286667415619412,-0.0061478881848104055,0.98188484301134415,0.1893788756315101,-0.011917907140168731,-0.18944094945046852,0.98181978497110289,10.92683758915893,-32.567100525939956,-0.78485549740407889,,0.2694956298940748,0.25,1,2
-0.93497397912266722,-0.35424549378300113,-0.018269879527935583,0.35434168194656013,-0.93511338699725532,-0.0022194354699706371,-0.016298183911420405,-0.0085488942536541251,0.99983062846075588,19.316466137398983,6.1831848868324837,-3.0704098671850177,,0.3869904742631897,0.25,0,1
0.9159117746945995,0.393465651998055,0.079312052511171932,-0.40089217581732295,0.8870267051084596,0.22906131884908543,0.019775852554115823,-0.24159554036069286,0.97017550501627403,3.8381658534360512,15.793425054967157,-1.952337657581624,,0.1750039663071201,0.1176470588235294,0,1
-0.25544677832218454,-0.95206562712315823,-0.16827948506993962,0.96633168832135408,-0.25696863582917329,-0.013045625554003279,-0.03082225804217207,-0.16594626193645051,0.98565299500305914,7.5022816608598104,-38.588736088362737,-0.19527307316711154,,0.4171853590157126,0.4137931034482759,0,2
0.037264665055732109,0.93758086636303561,0.34576504127546442,-0.99683138608705713,0.010544039871695759,0.078841682725195344,0.070274692813561176,-0.34760745425425443,0.93500295469952166,-2.4589402930459996,-28.128870408485589,0.023723949817151511,,0.5812460037938418,0.5172413793103449,0,1
0.74572914152448366,0.62900577169840433,0.21963557692516755,-0.66472585846908705,0.68015277808083507,0.30908207898785917,0.045028663800865863,-0.37648896084615424,0.92532614887794618,15.495950086177036,-31.047834670994053,-1.1610011010439156,,0.3441335764078116,0.2666666666666667,0,2
0.047115456329893203,0.99489815635088774,0.089206458647512712,-0.99232767223319451,0.036399383348851219,0.11815615012377859,0.11430627583416175,-0.094089018389118192,0.98897994515738097,0.95260648239136669,-27.391365277619467,-0.29476774451337168,,0.1926131669566414,0.1818181818181818,0,2
-0.99303123963884865,-0.11642150490835398,0.018302740128351643,0.11486762195839974,-0.99087117134962133,-0.070567352322814372,0.026351214904707584,-0.067973193121289396,0.99733908902135293,3.879083880667487,-33.374290267091439,-0.25818926325344987,,0.4430937389192537,0.3333333333333333,0,2
0.92484091027036319,0.37910913209701386,0.030749904893116024,-0.3799182042612102,0.91688731683050995,0.12239201896482611,0.018205734295113973,-0.12487559487745291,0.9920053613982025,16.341565533690851,0.85842997423194012,-2.6791376950474142,,0.9545072127428917,0.8823529411764706,0,1
0.86139175018216285,0.49085503087797888,0.1306353374087238,-0.50750028191765539,0.82098003602414971,0.26160130791586017,0.021159314062918169,-0.29163867903892071,0.95629449664672972,9.0534150662870125,-32.19610805558073,-0.71840288957534326,,0.378036500410435,0.3333333333333333,0,2
-0.93354991442975177,-0.35730012022201768,-0.028656262099844038,0.35842546515878981,-0.93138977073259566,-0.063594660942472264,-0.0039677693870031104,-0.069639924353882901,0.99756430256002881,7.0456615248241192,18.514011643088473,-2.2609291186653038,,0.1229764765257404,0.3,0,2
-0.31625693190481652,-0.92900762926222535,-0.19216237351451659,0.9478118235663342,-0.31805140565098527,-0.022272190536481006,-0.040426478080748889,-0.18917750430749586,0.981110376937261,10.826586198307274,23.032363679098243,-2.7403391456672885,,0.5920303417671506,0.6944444444444444,0,2
-0.71638714465619102,0.69585813045032996,0.050704252854395268,-0.69555039800980845,-0.71799274691767767,0.026382933915809908,0.054764064857785802,-0.016366968558064542,0.99836517344129783,35.950561260594135,0.085442108632185695,-4.5410242085756609,,0.1862783198240491,0.3,0,2
-0.48457252534401285,0.8617980401434695,0.14997868410744528,-0.86737975489042007,-0.49558550280865349,0.04524787522225529,0.11332179176116439,-0.10816259709700464,0.98765329144455838,-8.5342390203041152,-34.727024971668484,0.79052756832405224,,0.4030944636169974,0.3478260869565217,0,2
-0.96208185708296279,-0.27188886636041909,-0.021793224200303198,0.27261264087413301,-0.9611187211740283,-0.043967622683425599,-0.0089915686856950668,-0.048241560485199751,0.9987952260270988,35.997085037380629,-1.5321090527585426,-4.5211628276922564,,0.1548947511909334,0.3888888888888889,0,2
0.99995582564368279,-0.0027013915691542255,0.0090027354092958589,-0.00092897031692687547,0.92471605999978856,0.38065646637436351,-0.0093532761859124371,-0.38064801439394996,0.92467270175048,-9.9132759759663802,10.945275957397318,-0.84204586712596174,,0.3417059503240995,0.3125,0,1
0.42159584540985068,0.89924174464368112,0.11671001595125863,-0.9047877897855725,0.40863371826386863,0.11990637911631488,0.060133173773663388,-0.1561498286519549,0.98590122853350404,-0.10956411538301543,14.347284134428206,-1.6736288429481834,,0.3343525004090587,0.2941176470588235,0,1
0.6487573193283348,0.74861996578084822,0.13668243285877807,-0.75949896710518228,0.62569412786500289,0.17795554872331096,0.047699681173717208,-0.21926013132700342,0.97449973587805083,15.758057584947684,16.078018154715771,-2.9492525122268205,,0.112750485470369,0.1428571428571428,0,1
-0.97784326600864202,-0.20408399174134681,-0.04660763281341581,0.20926302352852602,-0.95892889352241351,-0.19147940921044199,-0.0056155235955259609,-0.19699010503778655,0.98038939427757466,20.886053846852345,3.1595507164284142,-3.1274915025080041,,0.3486352079943578,0.3181818181818182,0,1
-0.0045466125908059712,0.9969538201410536,0.077861471987816219,-0.99748620401217547,-0.010027544064570831,0.070147852179626019,0.070714928546458236,-0.077346809023989202,0.99449327298603507,22.716803646673263,2.8918812181988707,-3.3440901348198184,,0.09587263658413345,0.4285714285714285,0,1
0.97747197113757633,0.20016469182132665,0.066952533846712015,-0.21098716673794193,0.91801845563823181,0.33574771865121095,0.0057411769105081105,-0.3423101097771874,0.93956949058173067,31.539712054984477,2.8342157243357544,-4.2596343021809329,,0.5691499883421829,0.2083333333333333,0,1
-0.99384236522720337,0.10984563361686527,0.014535812839635948,-0.10947299978105762,-0.99369173111875586,0.024339388347867853,0.017117692558754543,0.022598236248017461,0.99959807138666679,8.5671194036750755,18.667884991190853,-2.4026726918878305,,0.06731626926789058,0.25,0,1
