axis_00,axis_01,axis_02,axis_10,axis_11,axis_12,axis_20,axis_21,axis_22,location_x,location_y,location_z,dbh,dbh_approximation,score,reconstructed,number_clusters
-0.56661404558724915,-0.82373354235969187,0.02028729984017217,0.81737873521485116,-0.56501308447568777,-0.11248207674932043,0.10411784939107126,-0.047151517078703492,0.99344663061251337,-12.348088380699378,-17.031724064815521,-0.93494790409854966,,0.1776112257787304,0.6333333333333333,1,2
0.22887774342698297,0.96586095339737921,0.12135731237168344,-0.97018330848555923,0.23654159849369097,-0.052843354530762714,-0.079745385445094366,-0.10564417108556233,0.99120128259393325,-14.177978007389425,6.3533425563127786,1.1785359322680131,,0.07773766067715304,0.475,0,4
-0.13907126502164788,-0.98901330025079104,0.05011861103739617,0.98753478122599592,-0.14227514894009416,-0.067326353406366848,0.073717291826298117,0.040130710448647806,0.99647141803700723,0.99545410040932847,13.137541571179845,0.20652167751247361,,0.08289676336455713,0.3043478260869565,0,5
0.33456673888072647,-0.94143799486768498,0.041947575069711675,0.9423477219519526,0.33390658749505497,-0.022071741194865838,0.0067726041285129171,0.046913672281336964,0.99887598789158938,10.409697346234244,2.8063982924462474,-1.6042799871221332,0.2551115330543341,0.09787035623850847,0.1764705882352941,1,9
-0.96605454748901642,-0.24583909282216448,0.079383573339620164,0.23611078472425109,-0.96491428529567225,-0.11485695176714546,0.10483467275997033,-0.092214762769944641,0.99020509436913762,7.7152751456315807,6.6709620528937368,-0.94584795442112901,,0.07539776264879039,0.2682926829268293,0,5
-0.97946492064942914,0.17089109409109801,0.10697991950621558,-0.18408514599871537,-0.97442902900973893,-0.12884380639274065,0.082226080046664568,-0.14589140270586856,0.98587756358316381,1.7281126646061276,9.7700711444447172,-0.13292036805759525,,0.1996321454302776,0.6555555555555556,0,5
0.57063937200204362,-0.82091844784280565,0.021531584067877012,0.82119205892653202,0.57055791599278127,-0.010356971274320713,-0.0037827869509233884,0.023591661436471185,0.9997145212677222,22.65149032702147,-9.8108007340294954,-3.6917320901578945,0.1636790755412467,0.1139925937365681,0.25,1,5
0.60617739601080756,-0.79339087025192978,-0.055496770774907681,0.79525631702087685,0.60369785232687545,0.055823770334052045,-0.01078678839818877,-0.077973265269605893,0.99689709353536038,-1.688855213258879,15.355747769947332,0.67934942718284519,,0.1401407253685359,0.2,0,1
-0.97137275450071625,-0.21679054241407683,0.097143360727856135,0.20508256353224297,-0.97164441287675019,-0.11767870266297048,0.11990043348018233,-0.094387476103594214,0.988288869919144,-0.42965261195812288,5.4040287587999085,-0.4187936834373267,0.7597920977897071,0.571966182023077,0.5505050505050505,1,7
-0.40315375649326052,-0.90368225256182533,-0.14431020417891094,0.90998878101566794,-0.37917633233878123,-0.16776688415694466,0.096888941840606452,-0.19895651635193115,0.97520707418994479,17.960134318718165,7.4473760216820013,-1.8629370182725797,,0.3066144992651501,0.2666666666666667,0,3
-0.16242067786112097,0.97531631816623876,0.14959145337146226,-0.98561484091150953,-0.1531846941528186,-0.071399123610075929,-0.04672160932709233,-0.15903625057187379,0.98616659963006603,-15.269177574500075,7.5044471678070188,1.3904584135512141,,0.1378370502096627,0.3968253968253968,0,3
-0.71501741715263201,0.65273339298516997,0.25037813572764123,-0.69893363371451189,-0.67539065462268744,-0.23524293679294223,0.015552132683646669,-0.34320049727587448,0.9391334036432657,3.8417823349230553,12.994743359515267,-0.03016843998306552,,0.4332957143783766,0.2857142857142857,0,5
-0.4177706264861426,0.89911311983615105,0.1306265722733374,-0.90847501010413867,-0.41151679390480383,-0.072986877934316657,-0.011868431305925829,-0.14916275028577605,0.98874142942708876,10.408830806371512,4.4084738910107255,-1.432156080032883,0.5315399927132053,0.4752435464011923,0.9471544715447154,1,5
-0.45969582033626172,-0.87970166736887756,-0.12167468592024404,0.88551820832729522,-0.44365712435019938,-0.1379342551150019,0.067359152950362086,-0.17115295043244277,0.98293917007721365,-16.284085103760155,6.9217379575950568,1.4331615686177852,,0.4590852628415714,0.4230769230769231,0,3
0.8414444303102081,0.48416471803508215,0.23990789172084095,-0.52884022176971124,0.82903566922421645,0.18173573944746843,-0.11090216651847759,-0.27979346840833308,0.95363322325595545,-11.965817900274327,13.525561536848612,1.5400119832875219,,0.3098451458108575,0.1428571428571428,0,1
0.99448696859303654,0.042468165173705219,0.095875566467233123,-0.050837541990488865,0.99494431855333632,0.086610318685498303,-0.091712668824973337,-0.091006911414557884,0.99161813640724872,-7.7585627787964233,-14.692009537164392,-1.2939157160323944,0.2144422450352763,0.2024853246546158,0.2608695652173913,1,5
-0.76048955672494356,0.63524387395757143,0.13461372408367805,-0.64863828669201817,-0.7528577120084502,-0.11168544447082286,0.030397485908255927,-0.17225122951311334,0.98458392571770081,-7.1194816571458235,15.54111379786117,1.2148700031200248,,0.1458649173563201,0.425,1,5
-0.12891574106152831,-0.99103141173229659,0.035177729694340423,0.990055187541794,-0.13064122389725022,-0.052188085232276422,0.056315693444543596,0.028100028087523602,0.99801750039432702,9.5530689453601116,6.7493351683167946,-1.1118444015855999,0.417692476915185,0.3940344299230862,0.7222222222222222,1,5
-0.50320165640678272,-0.86133282334436867,0.069956132104983679,0.85902197965056126,-0.50738503000666946,-0.068129801132563672,0.094177128150639056,0.025810826308948511,0.99522081458264744,-9.1170225839515187,11.173403380844055,1.0396715376265167,,0.07797563902059508,0.2162162162162162,0,5
0.9780799315183285,-0.20376644613964529,0.042882198972570146,0.19663601786508736,0.97158279808027104,0.13176169000386473,-0.0685122181750457,-0.12044127989245462,0.99035345915415707,9.2299141263261291,0.89333203077076961,-1.831809858349269,,0.206750553630799,0.4157303370786517,0,5
-0.96082948827144243,0.25649932286958593,0.10495137843536431,-0.26612579318677965,-0.95962665470189046,-0.091070004866403917,0.077354745612318254,-0.11543301500482177,0.99029867331939381,-13.855781877184111,7.3665471272150791,1.226603953824996,,0.08192930145218139,0.5,0,2
-0.37555919930235709,-0.92565191888970844,0.046084844311026302,0.92341693313784179,-0.37796983290064812,-0.066633122479416745,0.079097758588176123,0.017530843472437208,0.99671270389890687,15.657667883551607,-1.8765484377928059,-2.5345143701090609,0.326255309968402,0.1525229081838756,0.4905660377358491,1,6
0.92505154264710254,0.33718196427044728,0.17489415775531159,-0.3642177372451722,0.91808128224343666,0.15643592640520687,-0.10781967966110743,-0.20841084944160479,0.97208015848118545,10.482125917976811,-1.8209716685587112,-2.1919165428678427,,0.09442521508625235,0.2439024390243902,0,5
0.79953421804335778,-0.59872905852978486,0.047629283532675468,0.59924352420137761,0.80055575387573696,0.0042051919296688866,-0.040647667590049903,0.025179344878096994,0.9988562297503083,-15.878937521380006,10.595986797769754,1.6566231034169563,,0.07738767798109059,0.3809523809523809,0,1
0.77860512872139742,0.56274129876553081,0.27766217638061458,-0.6200364498656169,0.75802168143305237,0.20238065944019887,-0.096585994671992109,-0.32973528949915454,0.93911968592513828,2.8420585291317835,18.145286006488284,0.55933557524689526,,0.6966733876895574,0.3181818181818182,0,2
-0.42138109713433131,-0.90687610096572613,-0.0037024957894308637,0.90399098255839416,-0.41970769618228582,-0.081521489304774736,0.072375924387726567,-0.037698637409876543,0.99666470706374577,9.220818637665765,12.854860163311635,-0.59134074077453858,,0.1989001536184475,0.25,0,3
-0.32273313916067348,-0.9440238889006487,0.068280436966921293,0.94252850067647098,-0.32713842017184902,-0.06797410874760014,0.086506336762467231,0.042418760382204622,0.99534782989042392,4.1897723709644499,6.8599018719321281,-0.65743084517214956,,0.08106328757059308,0.5344827586206896,0,5
-0.53065235480598605,-0.84518001649391594,0.063865625012265129,0.84167032086377547,-0.53433796105235776,-0.077935963171566661,0.099995746489202064,0.012396898715174272,0.99491063296474758,-3.7645305796347763,12.047370301537891,0.57403374396524576,,0.06926737575527296,0.21875,0,5
-0.72267858259949536,-0.69114326770667833,0.0075266031992866009,0.6827383774547866,-0.71550267171596504,-0.14806834475242023,0.10772174433414217,-0.10186712065750547,0.98894848982470251,-12.72426636643192,6.6749344055515829,1.0444648994705255,,0.07628668515424279,0.2368421052631579,0,3
-0.99204324632580243,0.049370336405192727,0.11581350224651613,-0.073806529117299902,-0.97330978826521852,-0.2173031346455335,0.10199408649045702,-0.22412189975626182,0.96920925520272661,-9.7796033669002398,-5.4841406066780412,-0.45171749949352902,,0.3886708196824603,0.3884892086330936,0,5
-0.62490695331052337,-0.77855139775984628,-0.057870724467113062,0.76998848650711671,-0.60240126425573337,-0.21031035987219782,0.12887602705949183,-0.17598419778287772,0.97592035114556241,15.116035339022412,1.6813671388421914,-2.0511186201998077,,0.2155109079866022,0.3571428571428572,0,4
0.18743065628938313,-0.97947281648190054,-0.074180528819521377,0.98154308575271432,0.18967602482055976,-0.024416724172372624,0.037985785419949299,-0.06823494252421651,0.99694587251502598,7.4186046885287045,3.6866378120054435,-1.3081609027718071,,0.1612568625950858,0.24,0,3
-0.48031905872944852,-0.8708505479736468,-0.10446494586824692,0.87111047880743708,-0.45975851826666109,-0.17259385444772343,0.10227480399949161,-0.17390062672469961,0.97943781655173123,-1.0027388197286982,-13.502215498341446,-1.9521076605153738,0.4231891211482947,0.3537054654670828,0.358974358974359,1,5
-0.70080938388961045,-0.71281437542861537,0.027602058520659861,0.70521073990544181,-0.69812370585979366,-0.12369762988274269,0.10744310017066917,-0.06722319167446214,0.99193599729358284,6.4659718208724311,-6.7669887645029387,-2.2244931440160611,,0.1544612436905738,0.4555555555555555,0,5
0.90433654407915098,0.40035457209061159,0.14795820913056193,-0.41604132049020437,0.90425294583310245,0.096105304728332022,-0.095315448316351581,-0.14846826784973807,0.98431302884496752,-4.9378394970703265,-15.967962929545729,-1.6343927813798933,0.4709011489017915,0.2915402671630244,0.6976744186046512,1,5
0.43951337681599023,-0.89783820457082897,0.026731068307043481,0.89821136017382663,0.43908601386604179,-0.020489628642675409,0.0066591331635421211,0.033015615097416878,0.99943265161052752,11.596452331018039,-17.989223254082898,-3.3212392516690885,0.3832581158645926,0.1646765311836087,0.3888888888888889,1,5
0.488719693889405,-0.87109073152950489,0.048518019828096254,0.87235781784654154,0.48714963906566916,-0.040952006058432293,0.012037377067602436,0.062339125768507336,0.99798243218593397,11.721964745964149,-2.5659542419949277,-2.4016476649306671,,0.07308659534526182,0.1794871794871795,0,5
0.86397407508413471,-0.49696737804497959,0.081069246583478125,0.50092392319290957,0.86465783958843112,-0.037974249318341244,-0.051225196490969564,0.073418291980717407,0.99598480593184591,14.087858915987677,1.9720785039502915,-1.9410638158121694,,0.08787930356677978,0.3714285714285714,1,5
-0.87484615291085233,0.43933152796243108,0.20403925425093394,-0.4817355974261624,-0.83320947733170969,-0.27146414322535789,0.050744683559363769,-0.33578233339890734,0.94057174190363901,6.5933298611765414,8.4632108863508364,-0.68050562665032877,,0.1524116685568471,0.3513513513513514,0,2
0.99335259308302026,0.054066928006909258,0.10162378221232143,-0.051892871162761256,0.99836618622655582,-0.023918363696733672,-0.10275094032526773,0.018485818763036642,0.99453532806378264,0.15044970632897267,17.120618910304547,0.66455800220174643,,0.154650259841097,0.2352941176470588,0,5
-0.62678525889369296,-0.77145923479955592,-0.10950291446373032,0.77171946200987596,-0.59519738089875585,-0.2240293501451312,0.10765366314601185,-0.22492382446896511,0.96841105012153816,22.942141296965655,-2.3422572287366443,-3.0774905111948638,,0.3595452830457092,0.4074074074074074,0,3
-0.27080104037411662,-0.9619142853151611,0.037251902487243013,0.95895821502473455,-0.27294372204375361,-0.076817097273180035,0.084059136141595228,0.014920868055345161,0.99634904994565243,1.4448687321975797,-12.149903651023603,-2.1087396457206857,,0.1033312666519819,0.3548387096774194,0,5
0.43746559658322998,0.89073664439709344,0.12333726985094805,-0.89449525227375148,0.44511115077975649,-0.041884449515776412,-0.092206808131490958,-0.092001596615100184,0.99148051456116681,-0.7103100484204008,-9.009266476655613,-1.7337266008755876,0.2167901648109775,0.1415107286797985,0.4819277108433735,1,5
-0.59390318772098372,-0.80433103588953325,0.018182087881370185,0.79649926329214271,-0.59100642328208775,-0.12767275047710477,0.11343688637268466,-0.06134323389083389,0.9916496762798277,-2.6571279973650141,13.680489869464486,0.62459558082989142,0.5262021340226096,0.2932466534767776,0.6041666666666666,1,5
0.99230165622478494,-0.019042978396315052,0.12237151640535544,0.014745676640588356,0.9992456197990387,0.035927097473167205,-0.12296336069724143,-0.033846067515041302,0.99183388510365378,-13.678710714380166,8.8308088761474082,1.3076216094357918,0.7272786195948301,0.2732581894669323,0.9230769230769231,1,5
0.90430027949857561,-0.42684316662145289,0.0067761056196213891,0.42572907917575836,0.90288605905512009,0.059594592943274252,-0.031555596064064904,-0.051006621849367752,0.99819966383712866,-4.5812817083659647,19.733851028656925,1.3568925523333133,,0.2284802045438936,0.5365853658536586,0,5
-0.51560183895105738,-0.856804272320141,-0.0064173673917728808,0.85264969590547079,-0.51233416065476711,-0.10248026101880747,0.084517688933120255,-0.058310777392590378,0.99471433763532124,-9.7315174206462274,9.9590457766482636,1.0062327093091532,,0.1478439163520551,0.5,1,6
0.34172881094851071,-0.93739683404676122,0.067146074247323773,0.93944837711918616,0.33877807753149991,-0.051634880770555718,0.025654755813405202,0.080725396890762788,0.99640616407215421,5.0832194691572958,2.0959225058904503,-1.3319619657168578,,0.08897439422715385,0.4014598540145985,0,5
-0.74375633804646701,-0.66841813705656172,0.0066108750967287175,0.66051276981484097,-0.73640767723153955,-0.14637832430375561,0.1027102260110274,-0.10450323903249924,0.98920659242874032,8.2433734304240627,5.6690421953223638,-1.1013467771304057,,0.2010151094219978,0.6938775510204082,0,5
-0.99577343697889009,-0.027983588301481017,0.08747674544140914,0.006226352145992666,-0.97082962426000929,-0.23968953502003937,0.091632389176545939,-0.23813181107307313,0.96690058734538775,-17.519914921703496,7.2946692691797557,1.6159620352544655,0.8082463582559117,0.4838061482060775,0.576271186440678,1,3
0.33284038855854903,0.93237830689635259,0.14102470908775558,-0.93903948240181478,0.34138407291688266,-0.040764754987780621,-0.086151762806847998,-0.11885961293800545,0.9891664501879861,12.98301856804021,3.4650194827784255,-1.6964679569940539,,0.104446103294061,0.35,0,5
0.63857506333190872,-0.76832608528152568,0.043553589595066187,0.76873700702821079,0.63948610380117354,0.010046744273835491,-0.035571091014444806,0.027065655749702187,0.99900057445573176,-12.381889620792204,-9.8270154185284913,-0.4400520378645551,,0.4863388673394559,0.8888888888888888,0,5
0.88711632291481168,0.44817766323893471,0.11027879121477706,-0.44922630143293518,0.89326467248278507,-0.016551585878973846,-0.10592619939840227,-0.034856951500545165,0.99376286568431382,9.5946301790899859,-12.861460302159013,-2.9085034977663891,0.3164051095538117,0.2353271711068678,0.6122448979591837,1,5
0.72923566129890738,-0.68083915128268568,0.068362273006517066,0.68372875473036498,0.72896683762556957,-0.03350133724257582,-0.027024807951386245,0.071171621611770666,0.99709791897904476,6.0575912093473976,-19.862244184917916,-2.8627776825934825,0.1913774677841596,0.1243638645887561,0.2173913043478261,1,5
-0.88181537740645299,-0.47105890346409746,-0.0224755341808906,0.4584431295621747,-0.84507289897122118,-0.27510305774675531,0.11059627989563489,-0.25289386092109356,0.96115199525448025,-13.25586021574053,-15.165052567173362,-0.68722445431267221,,0.3511364859709322,0.1290322580645161,0,1
-0.1807302695390666,0.97048201161032699,0.15969106052973139,-0.9826909338751687,-0.17146343248485316,-0.070134298314460469,-0.040682897535522171,-0.16960234804178348,0.98467250666748551,-16.019907906761784,5.4410588375500213,1.2936651884279025,,0.0765186610204043,0.375,0,5
-0.50827041016153207,0.8522247171949846,0.12399282864809943,-0.86119425470532762,-0.5025755860218919,-0.075909393340271483,-0.0023760927515251336,-0.14536441014457818,0.98937532941071271,5.6108591896838718,9.3768757791905042,-0.53926287621016067,,0.4391741341605878,0.8490566037735849,0,1
0.9255315473971315,-0.3756857650119822,0.047450613695016429,0.37100736917453669,0.92473589130128664,0.084953301038893814,-0.075795031439144039,-0.061022432814316505,0.99525442772316397,17.423964975905609,-11.246740022007062,-3.4194015270865705,0.249067919175916,0.1956264619706973,0.1333333333333333,1,5
0.22820556495083122,-0.97341712395271729,0.019527491418350803,0.97294697974313804,0.22726186493488071,-0.041547796030929333,0.036005482001767043,0.028480652063144544,0.99894567305929138,-4.9175264236044356,3.9227530599333131,-0.11097111773611582,,0.07285439132959877,0.3647058823529412,0,5
-0.50682772541961507,0.83562390067630432,0.21179790689357186,-0.86204285174481587,-0.49049498776596984,-0.12765887643296842,-0.002788996530250869,-0.24727992962426262,0.96894006930427612,-6.6462551906404013,-1.9032939243037941,-0.53974885189281063,,0.08483393295698664,0.2191780821917808,0,3
0.33955348153724968,0.85302330558930484,0.39630124059537025,-0.93653233208515163,0.34569402679196842,0.058333787803489551,-0.087238891184388531,-0.39095636580295073,0.91626551605038009,-3.2938530344408039,-16.696931774695141,-1.8135541325891571,,0.5227940567222922,0.6666666666666666,0,1
-0.99551649664796693,0.00093686795044790102,0.094583440306440225,-0.013793571570436508,-0.99069936663491698,-0.13536802551749527,0.093576932441119087,-0.13606574597457449,0.98627048545887908,-10.080612987360521,7.5294868919754405,0.82802857418110964,,0.07083922510102318,0.4225352112676056,0,5
0.25729853103907241,-0.9655562741766065,-0.038711074944077495,0.96591573024615174,0.25815691762028331,-0.019021249902094504,0.028359618970979352,-0.032497496564886201,0.99906938934632405,-4.2382108585501124,5.3609016337486572,-0.021675272906202636,,0.1220285568084658,0.2734375,0,5
0.86498381693995285,0.46387501137649612,0.19137128899718917,-0.48806213742644977,0.86634539951344791,0.10602357639982402,-0.11661194811302819,-0.18510975814996752,0.9757745800106421,0.97571612109475858,-3.8154732531461866,-1.5259297983221844,,0.1228308251846544,0.2704918032786885,0,5
-0.29564584372273606,-0.95287220679343376,0.068030086065546197,0.95165710449642305,-0.29998261396986292,-0.066024137838332747,0.083320408970183182,0.045221552786499961,0.99549621828142676,6.1891356124290038,-8.6541502982285277,-2.3263330294964235,0.3809329234961081,0.1778529063849441,0.6333333333333333,1,5
0.94817023066236938,-0.31578579495485204,0.035391318008840232,0.30994982912870273,0.94364883222948448,0.11600855509409459,-0.070030829702056749,-0.099026325472896193,0.99261748410683304,6.996993176602321,1.7276267672218819,-1.5524361122907384,0.7502000757532234,0.7209912862289363,0.4755244755244755,1,5
0.73931775466144578,-0.67059576182305203,-0.060914545613663523,0.6713901943016195,0.72722729997744928,0.14274334017089266,-0.051424358411089131,-0.14643011436337161,0.98788347337605498,-10.94630769189456,-7.2718434562069847,-0.48998429102380414,,0.4056608176365127,0.4666666666666667,0,4
-0.91252885612705081,0.39849631210326431,0.092150832744773245,-0.40834796436909804,-0.9004591330634939,-0.14975075852280578,0.023302933958432939,-0.17428149334521945,0.98442010053954632,-12.456804454435966,11.203364440075001,1.3826874797148057,,0.8135805211825962,0.8288288288288288,0,2
-0.70996115118361325,-0.70421849400915737,-0.0056103926345407651,0.6961089167512875,-0.70053374065994956,-0.15711414390922326,0.10671241647244534,-0.11545038281639965,0.98756451398283795,-2.0411614566333767,-15.440262229277575,-1.9326192191230835,,0.1533788440421705,0.28,0,5
-0.93476923080874186,-0.35500679178119748,-0.013291460508734917,0.34686725827249143,-0.9039762490833364,-0.25002009165614475,0.076743666004163394,-0.23832146122924752,0.96814941555825895,7.179020885025218,5.8776117135799986,-0.98281114434812278,,0.2804366780296825,0.1864406779661017,0,4
0.71931873515870115,-0.68912393897752333,-0.087685540300495704,0.69392387231483865,0.70690014866786777,0.13697386336424563,-0.032407046784095256,-0.1593749558163087,0.98668607306340561,-9.6377619778166537,13.531356430912625,1.2839351471425964,,0.316494430980282,0.2631578947368421,0,4
0.73896116110106669,-0.67048468646618165,-0.066232073789877902,0.67195676372137403,0.72626329041225512,0.14496806782412619,-0.049096945661203394,-0.15163086168029619,0.98721708439067768,-10.930074695174705,0.69783111949294729,0.29474982183739068,0.6074419966479568,0.3563518565000077,0.1935483870967742,1,3
-0.20062468991238006,-0.97918600334140371,0.030732794501174172,0.97652895998446665,-0.20239273628291526,-0.073677476962579924,0.078364048575980089,0.015229942882503809,0.99680846943160484,-9.9479001604144734,15.013456668600696,1.4361652924321548,,0.1113416473607566,0.1538461538461539,0,5
-0.89403558060217314,-0.43930318769589927,0.087824198815349891,0.43034577952017872,-0.89663259221998781,-0.10417535513755659,0.12451060463473168,-0.055341700814916045,0.99067371292691897,-17.284542102627785,1.7252098582002462,1.0838346837909654,0.1835618551449373,0.245059228623498,0.3043478260869565,1,5
0.14147413852182511,-0.98652258683404936,-0.082208599281113987,0.98885413356416951,0.13693851407692201,0.058440960767770139,-0.046395804363786972,-0.089560197792658044,0.99490019615475855,1.2224039530758923,5.26401330249133,-0.64891529781023949,,0.5797009639323016,0.4814814814814815,0,2
0.89634678241511911,-0.43734797612772996,0.072726841200758383,0.43923500764479939,0.89829831264015525,-0.011521699836467055,-0.06029140662925974,0.042271613227167278,0.99728534382183576,-0.62895428506547246,15.512287956244204,0.58161814107503418,,0.07721968660000671,0.2,1,5
-0.025260535790209718,0.97237257553268697,0.23206352510362421,-0.99810480780782318,-0.011501599457203736,-0.060452508970546631,-0.056113260130734637,-0.23315078288921734,0.97082027918438418,-5.6853211735175666,6.5534995804711418,0.2637685182615247,,0.08199741896959604,0.2397260273972603,0,5
-0.51221888923336512,0.84591894169601989,0.14850236897916852,-0.85885236947853716,-0.50492549374103213,-0.086155981867069825,0.0021016549767464217,-0.1716723328036952,0.98515186301204261,-10.447825797807047,12.286550144169381,1.2809050134688966,0.144176830782842,0.1273068726004682,0.15625,1,5
0.76605631195481239,-0.63875940989137758,0.071722682530776793,0.64177977074158532,0.76629764211324858,-0.030110622022047069,-0.035727479355106201,0.069096598808448151,0.9969700132160626,-10.805176868382345,-21.046063212920338,-1.3146632566453982,0.8797542062218323,0.7062379878068259,0.990990990990991,1,4
-0.99777398813122387,-0.066415274652667874,0.0060066547698385906,0.064884930358822451,-0.98766901972375665,-0.14247755363651324,0.015395272684954735,-0.14177065553465368,0.98977980723402892,-19.078314326079514,8.2408236736848846,1.8463940947206872,,0.1379360621866361,0.2,0,2
-0.85770932896635055,0.50106736339386837,0.11517901000447606,-0.51184109459620053,-0.85331803752982627,-0.099332878287154522,0.048511863359979174,-0.14415208693516915,0.98836570911053945,-5.2426976103240692,11.557016762191402,0.64469233748462362,,0.06988139776054678,0.2333333333333333,0,5
0.88332984562889605,0.45558314941204597,0.11032849945971387,-0.45552495860805631,0.88980700478572028,-0.027212245761675122,-0.11056851227342952,-0.026219996301799053,0.99352257945533096,-9.7113523356856835,-3.5974517723340793,-0.25488376918333433,,0.1181984505963278,0.1428571428571428,0,1
-0.96228779865411185,-0.25985897259277779,0.080470534510776209,0.25052537538977604,-0.96182632280169678,-0.11012339012025799,0.10601522931747079,-0.085810483793022876,0.99065500151363095,6.0552566167085002,-25.179624397011263,-3.0136445279888013,,0.5750835991947814,0.6774193548387096,0,1
0.93422276756841027,-0.34934162118957862,0.072029523540399751,0.35013625446991259,0.93669724620158634,0.0016947755442053391,-0.068061911981669915,0.023636849684373188,0.99740106049392085,-17.406501845066611,9.784149058397233,1.7885598592748988,,0.08024254204697717,0.3076923076923077,0,1
-0.98084540950083321,0.15838395177306175,0.11338785861763478,-0.17682663587601954,-0.96814553176141405,-0.17727540769994024,0.081698369052960809,-0.19392976344841698,0.97760760192570573,-18.102747758012185,4.5358202012380273,1.4617875423164763,,0.07788543537285086,0.1764705882352941,0,4
0.14007744054167484,-0.98840522197598568,-0.058595459055241474,0.9899605373961482,0.14093492634888261,-0.010746205533253637,0.018879752371824571,-0.056501891168667884,0.99822396847838779,10.073606435446397,9.9161204761947186,-0.90481561051336434,,0.3318615739069963,0.35,0,8
0.95280295806120274,-0.29844167625985524,0.055669461835283811,0.29407021074431788,0.95283667014413931,0.07499994120945247,-0.075427012817787645,-0.055089435464857943,0.99562840449514545,-15.495291135756581,2.0953246795698286,0.96553030175850907,,0.1086644038117669,0.1739130434782609,0,4
-0.99411060536388951,0.030434550839333489,0.10400885740286765,-0.051179121334968956,-0.97783229327918963,-0.20303867552695914,0.095523828662918128,-0.20716598257332042,0.97363106658631682,2.1182979809800506,14.577334496024719,0.24125220270911479,0.5886321856664951,0.2099028514278432,0.4230769230769231,1,8
-0.74590524281300208,0.65664772617800005,0.11153085873129044,-0.66526392193124184,-0.74264697821273984,-0.076807421048677813,0.032392636829054279,-0.13148851454309207,0.9907883162525245,-4.3719573079857375,2.5371238776883978,-0.3217520223568836,0.4568227457026343,0.3890085256874164,0.9631988676574664,1,5
0.31310867113742519,-0.94481304281433809,-0.096391255757298011,0.94952722673580181,0.31345997489061922,0.011869702144149095,0.019000151209244528,-0.095242628425960124,0.99527274452008474,19.077492658125774,4.0595938926618285,-2.2459114062483043,0.5093126447544306,0.4064794726799434,0.7666666666666667,1,5
0.31316560531347531,0.93738090063375945,0.15246098115808798,-0.94612500899454399,0.32185417696541774,-0.035459217771802221,-0.082308997100677059,-0.13314253977206417,0.98767317119547471,20.656776822870739,-1.2587382251979624,-2.807083444656449,0.503538943868216,0.5584424807713382,0.972027972027972,1,5
-0.51003421872530175,-0.86014755741752258,-0.0033578561524176525,0.85681682023295802,-0.50770792934981013,-0.089986638125950993,0.075696976790052786,-0.048773332303600085,0.99593731216419878,-8.3683585406847243,18.335431654735121,1.5784472354414749,,0.2279411483833965,0.6666666666666666,0,4
0.94612955811364285,-0.32244532620184674,0.029459648237357063,0.31674678151240238,0.94058656916730732,0.1223453403428587,-0.067159032640580374,-0.10642329403218173,0.99205027434204285,-19.164844536731813,7.203402009716438,1.7787554801152643,,0.1789856021029945,0.2727272727272727,0,5
-0.30121017659968868,-0.95141123249130666,0.063946041332969883,0.949816915117079,-0.30528739455640425,-0.068172094602109518,0.084381616897645437,0.040202903058558538,0.99562215188062397,-7.1411515854971848,18.859767644344828,1.4944924210898474,,0.1054440279490187,0.125,0,1
-0.94455880086687571,-0.32309828978309796,0.058447984089866692,0.30901513926677154,-0.93493321115042172,-0.1743832973420926,0.11098790658837529,-0.14665396628526653,0.9829416558290387,-6.4526674154013728,10.374420935383833,0.67714702754562184,,0.09009084150219421,0.2615384615384616,0,2
-0.61317135305445858,-0.78983568304167917,-0.013434492452221043,0.78578423487127924,-0.60810541912830884,-0.11292004009272363,0.081018689332296195,-0.079795946143071547,0.99351325051959383,19.474584256372108,-15.143658671741539,-3.8262827188914104,,0.3098645714684701,0.3076923076923077,0,5
-0.96500909183395844,0.23473412834149363,0.11686462967706182,-0.25062085851865129,-0.95673600417119609,-0.1478019066112003,0.077114447110587819,-0.17191889749033154,0.98208821127866941,2.5141401306911106,4.5006209944323254,-0.82874688345762515,,0.07821491158321307,0.2727272727272727,0,5
0.99346917787731959,0.026200062613441068,0.1110520118089466,-0.045075951740837859,0.98423197131798423,0.17104264149670997,-0.10481961258476545,-0.17493136755472455,0.97898512014382189,23.374493000237024,-9.2304307149794766,-3.6928551055810774,,0.3689410398129407,0.2666666666666667,0,5
-0.14453690135062788,-0.98728779588139837,0.066120286233573397,0.98671350707888927,-0.14881857930985895,-0.065188077132819905,0.074199320051049955,0.055819696844805672,0.99567997988717061,9.1824480434882414,2.6238216481859982,-1.5756327848440765,0.09509376400937582,0.09294704139092441,0.3333333333333333,1,4
0.37358726198229852,-0.91964847409956341,-0.12115792079313395,0.92737543670338451,0.36745711926666691,0.070356697616153527,-0.020183089054395965,-0.13864324573014192,0.99013670436442025,-3.2668267364632055,-6.2724897219587499,-1.3070023273212903,0.6735431708876397,0.3749018737080906,0.1848184818481848,1,5
0.62867723215018112,-0.77557210462031845,0.057033747122178263,0.77751752044073696,0.62829895628144372,-0.026588097775815306,-0.015213256839844515,0.061060069361717997,0.99801814850525994,-0.010095391327817718,9.6282261432410436,-0.027403445430928909,,0.08364506084601293,0.2702702702702703,0,5
-0.99437431838645896,-0.05509423436516022,0.090467343683685947,0.043403690941091401,-0.99102225788014209,-0.12645554159006073,0.096622122446961306,-0.12181752634929892,0.9878383753063974,-12.269515828330706,7.8708090285325891,1.0909413131084664,,0.08099555673448977,0.3703703703703703,0,5
0.7065155106958434,-0.6966474870662035,-0.12457171392630605,0.70714310640406974,0.68797259668299582,0.16322479370016171,-0.028008216854985071,-0.20341087723522044,0.97869277856281567,9.0250641810102596,-20.951099392089418,-3.1033761570591616,,0.4228094143320634,1,0,2
0.9473933415217598,0.29740436385016461,0.11830680793222675,-0.29823234280673006,0.95442926265086814,-0.011056776190612225,-0.11620381295053571,-0.02480780035793146,0.99291552858093535,20.288488893771916,-2.7354096816248039,-2.8908766859375232,,0.09892447941413363,0.3333333333333333,0,4
-0.22805294572667301,0.95013548154731486,0.21268385140917564,-0.97292309070907235,-0.21394777901139098,-0.087447169314963547,-0.037583420686440605,-0.22686761461466073,0.97320017053459296,-22.186760948129741,12.672156223117426,2.5116449342053166,,0.194693192456608,0.3478260869565217,0,2
0.54508460532678027,-0.83813459086787045,0.020326844971521051,0.83829108261980556,0.54451072946450896,-0.027859043381691512,0.012281442743529361,0.032225348543912277,0.99940516962609405,-1.0390361138125062,12.160367142090093,0.31421686996734355,,0.07672615758748663,0.2608695652173913,0,9
0.85339750773121248,-0.51959145394443385,0.041682307830359235,0.51861962109521575,0.85439402647710916,0.032319284263242321,-0.052405938720820493,-0.005963933948552551,0.99860805578497491,-12.068318705096383,-14.662108054841454,-0.81865587755621883,,0.4380410477679628,0.7868852459016393,0,5
0.89081181919036856,0.43212002263589944,0.14045137531507859,-0.44077795354369459,0.89688477021660251,0.036228505673651011,-0.11031363678430713,-0.094180650829471343,0.98942453302349342,1.9650529196281803,-3.9815148565241603,-1.6262987191689799,,0.07883410268344464,0.1888111888111888,0,5
-0.55449657453454704,0.81422199794135952,0.17197699525760718,-0.8321373726786695,-0.54026104295118282,-0.12516148952749775,-0.0089967672469102797,-0.21251010220147631,0.97711745181499243,10.988143807194517,5.8753946689263783,-1.3169268312401907,0.5408833979897496,0.1606507674571437,0.12,1,5
-0.85397833006581503,0.50885959600961883,0.10854917469483388,-0.51784175575213576,-0.85151852493991398,-0.082195606231100241,0.050605610139066642,-0.12640456175740036,0.99068711457723746,0.47708391567374775,2.0458157848951957,-0.89581895778692144,,0.08215217471055829,0.3735294117647059,0,5
-0.76190352632589819,-0.64623175496640672,-0.043445775918951574,0.63690446122081301,-0.73533737270172328,-0.23158509361604634,0.1177103387523276,-0.20411630797455907,0.97184402502132405,15.060511677824886,4.5249083448983116,-1.7939711688615809,,0.2922801428712936,0.1333333333333333,0,6
-0.40002334750146579,-0.91555111679795886,0.041802798754778638,0.91215625127604683,-0.40214889380223606,-0.07903948678772979,0.089175639676715185,0.0065130441153803086,0.99599462124280602,11.690738212481467,-16.863861262552643,-3.2745604476210155,,0.08327525052106841,0.1111111111111111,0,4
-0.79260703033348678,0.59235663891006118,0.14452580325016784,-0.60756627190851364,-0.78724724732521556,-0.10538024870942832,0.05135485084313704,-0.17133412946067209,0.98387361758349479,0.084057343441624258,3.626602470213435,-0.69078345043128486,,0.1044857961858609,0.1518324607329843,0,5
0.73204591473076142,0.67049636847061311,0.12059601400429268,-0.67269787071908294,0.73940428192527896,-0.027547823880946367,-0.1076399250093374,-0.06095840990612706,0.9923193633128915,-3.3374328901578325,2.9023429533286471,-0.40747921841204887,0.1832441364936468,0.1219310722252578,0.6589018302828619,1,5
-0.3383317516258888,-0.94055577431080539,-0.029773499162190908,0.93695013326502918,-0.33375545450899807,-0.10359413284611171,0.08749899208793066,-0.062945468431770873,0.99417392562242501,12.275325428441276,0.79911103104432957,-1.9589414859133973,0.7197188098213777,0.4709706430803955,0.8785046728971962,1,5
-0.99335273076103781,0.02003126903365714,0.11335387311641257,-0.042034731331902137,-0.9798608816552411,-0.19520690039972888,0.10716078411175101,-0.19867410717734749,0.97418949157021828,21.336534861190898,-17.400198990503391,-4.0907934825475794,0.3784715424132738,0.302053255739795,0.6388888888888888,1,5
0.39872709619830715,-0.9096825936591757,-0.11616488949240621,0.91630262328519507,0.40036411856395115,0.0099032887053865908,0.037499404234434243,-0.11039090252383879,0.99318056934378107,-10.631843767263312,4.1182418787922446,0.56276950153672001,,0.2112955891095716,0.203125,0,3
0.29814063581081579,0.917492624771994,0.26328586131298576,-0.95183880525157272,0.30643628589923239,0.0099845631623872479,-0.071519578407471279,-0.25358250368131091,0.96466619290360589,15.802339820972566,11.903012895308779,-1.1912526773759857,,0.4897566479435905,0.1666666666666667,0,5
-0.59145749987424767,-0.80620496416389853,0.014545844767248276,0.79962526998737604,-0.58876207414161053,-0.11814672086048657,0.10381451459271762,-0.058247539089278613,0.99288960652729308,-7.6530841812524084,12.421851783198136,0.98660440764002744,,0.08754539595869956,0.2580645161290323,0,2
-0.052097613943193566,0.9927186998883718,0.10860672867445682,-0.99719782222365705,-0.045867024286283878,-0.059099233798054603,-0.053687447078638525,-0.11138132237975355,0.99232648813337454,-1.1257990425540207,3.5683638003797777,-0.55725315128943753,,0.07519537314625917,0.4905660377358491,0,5
-0.81239306249260435,0.54644189564430268,0.20351601091449442,-0.58131804237477736,-0.78630945107159889,-0.20925291100732035,0.045682005466528966,-0.28830314226546705,0.95644887607044327,16.755949911735847,-14.040895245930905,-3.5969065252291283,0.1820614244563351,0.1906702930233934,0.3684210526315789,1,5
-0.93828056550709305,-0.34253023899268398,0.047985578743061856,0.33322913791638908,-0.93240491211358967,-0.13992648609162961,0.092671042053016586,-0.11530010946250499,0.98899846446935635,-6.174016157550386,-0.86973893976476602,-0.45543794132272808,0.3958857375249427,0.3034640605379786,0.8638799571275455,1,3
0.79779715561504105,-0.59994420441550977,0.059888647344815818,0.60158415756907058,0.79870813908754135,-0.012720452713211063,-0.040201988190415316,0.046176402453617579,0.99812401033237363,-14.41268589667879,11.23758949448615,1.5775666318842114,,0.09025128374207655,0.35,0,2
0.83975060464132811,0.52969424996829384,0.11934372021623654,-0.54118409988331373,0.83434078238867493,0.10485813691145766,-0.044030580714002662,-0.15264160767490975,0.98730028237026635,-21.945115441049225,4.2659858704668663,1.7501171680494176,,0.2425884297897176,0.28125,0,4
0.24055076101772252,-0.96904256779184683,0.055604255063627442,0.97004808490649164,0.23801561441725516,-0.04853122976833469,0.033794146579620071,0.06561302539102265,0.99727272426152058,7.4291866737266732,10.451685698691639,-0.62050742513125845,,0.1035047934586859,0.5357142857142857,0,5
-0.87278711852952939,-0.4824694558806612,0.07393152149888163,0.47482239833574197,-0.87433707984107312,-0.10039103970812638,0.11307668091881329,-0.052515663922329779,0.99219744470300963,-16.058266775770047,11.763350894988017,1.7752758720774013,,0.07289880555207988,0.2608695652173913,0,3
-0.41632229144326877,-0.90838995227796859,0.038774273015205342,0.90437675231937997,-0.41812378294571972,-0.085294736059227286,0.093693326932491133,-0.00044354886118994102,0.99560100630359505,-4.6316878265049501,-2.9197769117346599,-0.88724319192642165,0.1564763846731318,0.1193194279102543,0.5790816326530612,1,5
-0.99763486607879737,-0.026278871350493841,0.063514525145703202,0.010814074844867513,-0.97253103253994877,-0.23252192699190857,0.067880260526824568,-0.23128513066629477,0.97051504808708944,8.1858838796668856,2.7841956211265524,-1.4828563100748844,0.4691332716529449,0.3653253210683645,0.4387755102040816,1,3
0.93328852072711876,-0.35268324229254866,0.067727894437985423,0.35258171576287101,0.93567860320996687,0.013845042605794677,-0.068254456181976425,0.010958197892985461,0.99760776215416536,-6.5610624320682094,5.1132275591510776,0.19243297487710889,,0.07218524169416791,0.2760736196319019,0,5
-0.98123608171014121,0.15235813635080417,0.1181640818431649,-0.17095107765765705,-0.9708985866401646,-0.16772496387781893,0.089171077137231131,-0.18477806349196266,0.97872651249179188,-10.312529705530746,11.136285103432966,1.1711520691456103,,0.3349706410939908,0.4,0,5
-0.069809904794640956,-0.99337276191053803,-0.091307902652466036,0.99547777546403959,-0.063460415325058916,-0.070687864898706029,0.064424962163201066,-0.095829700933479034,0.99331067278534257,-5.1406866845093768,4.9662228183953721,-0.01318080561857213,,0.07440136039885928,0.3333333333333333,0,5
-0.59773666510640777,0.77684390780386536,0.19805156423389034,-0.80162641337901863,-0.58233414928231597,-0.13521106446120806,0.010294297477809257,-0.2395839758574477,0.97082106793774203,3.3911289455879281,-7.4909964859618636,-2.0033995366957886,,0.09813240538984878,0.3461538461538461,0,5
-0.37118558970615601,-0.92637101035561897,0.063702505187816283,0.92415808910183161,-0.37522722244039208,-0.071668388340469721,0.090294431401638717,0.032268912475924734,0.9953922005649215,-1.9853464225542852,-4.4273249543759556,-1.3015260310781029,,0.07330711118916762,0.2857142857142857,0,5
-0.20808160298096307,0.97228004161819626,0.10664692762471967,-0.97740599944965589,-0.20255145567701147,-0.060418706068100805,-0.037142411616542755,-0.11680936809196026,0.99245957740618596,-3.1561715224982683,-2.612787759619192,-1.0290395237595,0.1822346822813418,0.1430763705789579,0.6755407653910149,1,5
0.54334511500510041,-0.83939194939887285,-0.014044261620167387,0.83950648108391968,0.54322281466758393,0.011740606573927592,-0.0022258073119790544,-0.01816944988130902,0.99983244439897134,-16.533902395774074,15.352998755060339,2.1580622201718604,,0.1283985774399364,0.2941176470588235,0,1
0.64688756617270038,-0.76140998112702518,0.042323957415434849,0.76238417754689325,0.64699493984997225,-0.012958149353908703,-0.017516922027211241,0.040649581162348368,0.99901990420312381,7.503474793601451,-6.1506093189403561,-2.3032340050691431,0.2339932925251105,0.1854063073728915,0.5860215053763441,1,5
