axis_00,axis_01,axis_02,axis_10,axis_11,axis_12,axis_20,axis_21,axis_22,location_x,location_y,location_z,dbh,dbh_approximation,score,reconstructed,number_clusters
0.46651008770027003,0.88400819167132105,-0.029964230874301039,-0.87897509881688529,0.46710754663955323,0.095986017378702451,0.098848944019314641,-0.018440632591627371,0.99493157017751122,-3.8357904045944666,-6.3162274295480643,-1.4938869795436134,0.3052431138947068,0.1484854059131299,0.2446808510638298,1,3
0.58405946519830043,0.81153095612357828,-0.017089422618313199,-0.8074771831808486,0.58303186675266294,0.089746537499938536,0.082795771356985987,-0.038617995857590667,0.99581801080385435,-19.599133941940501,9.4892952235975905,-3.7815694445439165,,0.1403195772842283,0.1875,0,2
0.38672793164267305,-0.90309743508344231,-0.18669903490133255,0.92219012654303145,0.3792939111875589,0.075508274000882267,0.0026224785848944407,-0.20137316524739104,0.9795110876985107,-21.821758115837461,11.356230429623453,-4.0780517778371177,,0.2036242215349336,0.5294117647058824,0,2
-0.89734532699135583,-0.41681492412097459,-0.14504028115252987,0.42677393637136263,-0.90325654815287915,-0.04462751901056862,-0.11240716774685965,-0.10194570735922591,0.98841878846476716,23.622712096472611,0.4446412367476465,-0.66342958886028758,0.1861987404959845,0.1960801324739082,0.4666666666666667,1,5
0.31411153573640693,-0.85492984305500308,-0.41283036052507688,0.94938370954323159,0.28188602067340496,0.1386031868423161,-0.0021248932324434747,-0.43547127896436699,0.9002001166551189,-8.9019686488820682,11.789133552886295,-2.9899663003000048,,0.5500915336232745,0.2608695652173913,0,2
0.11624696789089319,0.99255854754965789,-0.036251512275874274,-0.99090780957542779,0.11838825319134297,0.063921314353901207,0.067737400146458543,0.028491247645841666,0.99729629169519241,-8.0558832109247209,-11.828545886452662,-1.5617681705223494,,0.2201353327426635,0.7935483870967742,1,5
-0.88694855031560882,0.45587715885697672,-0.074150422288285875,-0.45600627408609057,-0.88982967433721227,-0.016168755766969061,-0.073352212558050398,0.019472203301671091,0.99711598433252346,26.040920683139902,-3.1572839877923102,-0.38714822179929337,0.1911292291303132,0.1512816396728767,0.2272727272727273,1,5
0.40929715654221704,0.91038124357213479,-0.060678076753550719,-0.90928366169318908,0.41248851970978301,0.055285112692821207,0.075359539703224926,0.03254554439068124,0.99662516891559216,10.440999169288149,-5.7853641261522846,-0.63078727689338898,,0.08159601180387684,0.4285714285714285,0,5
-0.39037198867510114,0.9190703130734813,-0.054032120862125617,-0.92064452985644685,-0.39000184978086977,0.01766937500029013,-0.0048332290704831207,0.056642005565767761,0.99838285397047932,-14.844254164848335,-12.211287113846877,-2.1548336126426566,,0.2057495609322593,0.2857142857142857,0,1
0.86637692230858876,0.49087121256922267,-0.091850319334886854,-0.48851578730476375,0.8712263867942821,0.048134275806206724,0.10365015217116849,0.0031679053335420823,0.99460877249835922,2.668416048492626,-8.2899906387229212,-0.90570102635675398,0.319221146746365,0.144969518102167,0.631578947368421,1,4
-0.65713716956495205,0.74800853302656345,-0.093026742905539528,-0.75270425530258844,-0.65775416499158956,0.028209262407816616,-0.040087958610288139,0.08855898009612706,0.99526391606387232,-18.522887224816984,-7.0364608361821537,-2.7770047392440862,,0.1494386826904485,0.125,0,1
-0.54929491864906743,0.83434321506384779,-0.046330247390210876,-0.83514153880241782,-0.55002300884711264,-0.0036469035495776702,-0.028525471302777258,0.03668908850997115,0.9989195204175676,1.7496788524379288,-10.288515637701153,-0.82979155598189491,,0.07027988028229724,0.2702702702702703,0,4
-0.75952968694788892,-0.62125632727050994,-0.19275692068302111,0.64466587736746317,-0.75844652123124512,-0.095732862645293321,-0.086721169289177225,-0.19697576058637506,0.97656540412741355,-13.848067805998703,-8.8279610849484751,-2.2322244325539393,,0.3913441264991631,0.21875,0,2
0.070868462983947417,0.98909319620402392,0.12912130024594345,-0.99635322003993798,0.064025917812485941,0.056399847201183198,0.047517595376248729,-0.13264739375946663,0.99002360934398026,-15.58522263620458,-9.5892313584513822,-2.3482619313074862,,0.09185753750571947,0.2,0,1
0.11307127389228833,-0.9585365363011058,-0.26157713125625798,0.99123892078365206,0.090736567645383973,0.095980608539404474,-0.068266308996714223,-0.27013808296464448,0.96039842106708562,-10.284330587193363,7.3556193727160135,-2.8163908358177823,,0.2347983139112662,0.4,0,3
-0.94216539871814742,0.32511412599292872,-0.081395126009671581,-0.32259660541349044,-0.9455709503613724,-0.042743514225963425,-0.090861386925189191,-0.014013668775396254,0.99576494488081169,3.2683952547028978,1.8113662236630677,-1.461443263986093,0.3468244420207889,0.3205709834524422,0.5558659217877095,1,5
-0.49985366179485852,-0.83421598532623176,-0.2328733703463215,0.863190445098312,-0.50188166222809383,-0.054927703485057169,-0.071053305913576295,-0.22846988192177342,0.97095465433428041,7.6618001315532611,5.9686160348734854,-1.5210046980062204,0.6069022557134386,0.2799601272841714,0.5147058823529411,1,4
-0.89497378893312507,0.43746968331038399,-0.087419639137893579,-0.43921087363967232,-0.89838367533659635,0.00076181715988068879,-0.078203104793626368,0.039077462469071809,0.99617128362928442,-9.9071664650935691,1.9055850651360189,-2.4961331687670101,,0.06655617328461402,0.2727272727272727,0,2
-0.99257781102602938,-0.042741390264959461,-0.11385281119495992,0.04405049684844297,-0.99898870983050625,-0.0090061844632596828,-0.11335273612128681,-0.013954611760968875,0.99345680632044553,-5.987027228064508,-8.4974263103970333,-1.5222928088214764,,0.09020003154034195,0.1111111111111111,0,2
-0.93821227724037393,0.33787123013974935,-0.074838189978690808,-0.33625478769779066,-0.94117072836340965,-0.033621091924630524,-0.081795113458860078,-0.006379021534943928,0.99662875108964777,8.6668704988515675,-10.162758033015651,-0.37449857713060708,,0.09951827820109506,0.1818181818181818,0,4
-0.085460638400919317,0.99610036840564586,0.021921116446141409,-0.99605456259276726,-0.085943377423497988,0.022114344104530274,0.023912081093846994,-0.01994472208831579,0.99951509265172289,6.5924608575431298,-3.4053314732357096,-1.0771660538638137,0.281106736240352,0.1819337142629153,0.3103448275862069,1,5
-0.99431545550899492,0.015348546352703813,-0.10536221837451627,-0.011500050311494026,-0.99924771417248714,-0.037037205130678021,-0.10585142313060067,-0.035614994678052646,0.99374395513900304,-15.594551119289058,-16.417586066127303,-2.0203357926006005,,0.08726329102392132,0.5,0,1
-0.59216273745068615,0.80380669819949313,0.056904167725573856,-0.80522051553579688,-0.5875263952300106,-0.080203841979640908,-0.031035684867198741,-0.093314129892848402,0.99515288243925892,-13.338783977290124,11.127765351659594,-3.2978924864929691,,0.0978514287165588,0.2,0,1
-0.51938594788793191,0.85060503496099826,-0.0819103878366675,-0.85423591878206584,-0.51936655569871049,0.02322446736133232,-0.022786667134838918,0.08203325740610895,0.99636906439342487,4.2118366725842238,-13.537110867455338,-0.44609116126691356,,0.08546515154370586,0.2,0,4
0.73636119752452645,0.67609472378964719,0.025847847957756874,-0.6679237543593487,0.7203056462107843,0.18718342447817732,0.10793537484420344,-0.15509900225554693,0.98198485444357853,-20.472149746662463,7.3204527997876205,-3.7117007730834524,,0.4835633744450104,0.7195121951219512,0,3
-0.25859122691247305,0.96583536954672811,-0.017106030996075487,-0.96554313541467029,-0.25789525140239339,0.034878259097966817,0.029275092100801262,0.025535822615165637,0.99924516048157952,24.851082458939768,4.03194179500895,-0.76870561117853242,,0.2165792331805337,0.1428571428571428,0,5
0.19936401051224717,0.97928926560144491,-0.035306169294564968,-0.97794299906299642,0.20112216825006196,0.056368111748277959,0.062301540078437946,0.023289648262213532,0.99778560341772715,-19.42996446023972,4.6477546655142454,-3.4842340544341917,0.7172861649234655,0.680546603592439,0.9094650205761317,1,4
0.41880553061954517,-0.90024898506303086,-0.11896929190116738,0.90803729241315756,0.41638689277657681,0.045719045384280003,0.0083787295853079268,-0.12717594275982905,0.99184478446664515,-16.647702644037118,14.565345126737835,-3.8189240461383394,,0.1024474037727361,0.3333333333333333,0,1
0.54789614339210579,-0.82790165680339944,-0.11995275202447388,0.83617086305587129,0.54628671912151971,0.048878505376555505,0.025061999769722905,-0.12708134077681624,0.99157562948769085,-7.7141795523396359,-15.504270354884625,-1.3423311958534461,,0.09346561010018115,0.2941176470588235,0,1
-0.74315219409776723,-0.65641798986077404,-0.12976994642373413,0.66059091356293964,-0.75061797452419121,0.013867272236610226,-0.10651038130510378,-0.075419353672280198,0.99144715429815033,1.9660618610043905,-5.3026577502370094,-1.1017766440318775,0.3307189089029106,0.278733288458649,0.8408408408408409,1,5
-0.28520256118553455,0.95844998277318139,0.0057558331542258727,-0.95845683770942358,-0.28522232821613097,0.0029519036265147967,0.0044709441130531147,-0.0046748271687274637,0.99997907810597697,-17.638728208907818,12.24046665048434,-3.7572760160742043,,0.2238196512417848,0.7246376811594203,1,5
-0.27730047023025817,0.95899241508068112,0.058634435511918298,-0.9605568158610468,-0.27539350207561947,-0.038587854532395126,-0.020857917272949375,-0.067022136882147948,0.99753344828872093,-12.682624393583565,-12.134699173970818,-1.923230577747705,,0.2095147817355139,0.2857142857142857,0,2
-0.96339430703779938,0.2524578602747049,-0.09020220591913046,-0.2514317531312994,-0.9676075906069348,-0.022751354183089705,-0.093024097332255182,0.00076117367316820843,0.99566356663792788,-15.018848508597113,7.5059299518613836,-3.2406161025738625,,0.08189987273355617,0.3076923076923077,0,2
-0.88220021694906048,-0.45299629178413908,-0.12851901355383524,0.45720035921272573,-0.88935629480605383,-0.0036348899023842737,-0.11265260205954422,-0.061965639822947997,0.9917003835486542,-3.9612855149132882,-17.215317654172473,-0.90427890508709918,,0.1025472695502219,0.3636363636363636,0,1
0.062684556227812577,0.99782385738126744,0.020449842329279898,-0.99744581596772142,0.061931500631952741,0.035585579073023288,0.034241650354651064,-0.022628275900841894,0.99915738025135314,7.96029427159365,-11.707236235094214,-0.32914685077237082,0.7544134689812239,0.2919141377444916,0.4615384615384616,1,5
-0.20556247278534909,0.97524225611193815,-0.081526754357509279,-0.97849203412515917,-0.20334812957087525,0.034682522307847782,0.017245548294574385,0.086902704754935681,0.99606752329864467,-18.592041733362102,7.1041332355256772,-3.5218924528970765,,0.07818969340546644,0.3125,0,1
0.17057408819889144,-0.94741116007162596,-0.27077033479843243,0.98530532235982426,0.16153926946250419,0.055484107192287545,-0.0088262202851271676,-0.27625560300790064,0.96104367207854913,13.77279328788949,1.4441747897903103,-1.0533706536370018,,0.3065403465376219,0.3,0,5
0.72159134767673938,0.69075212559948562,-0.046555643458778662,-0.68437381301412248,0.72185401979659225,0.10275825107509624,0.10458685872794463,-0.042288001646973092,0.99361628101502431,-2.3171239272978594,-17.103365695888822,-0.7586928441340357,1.086821731492452,0.7113782509303463,0.775,1,1
0.95550479506950503,0.28256972259665331,-0.08464595956591113,-0.27243829294296018,0.95539569745535824,0.11400192025626192,0.11308387655854947,-0.085868580723333948,0.98986798296896705,-17.337841271495467,10.582176873022588,-3.6448965813996637,,0.5149459901248564,0.7678571428571429,0,1
-0.86939648936327263,-0.47970772800450096,-0.11844931395148896,0.48738670650247412,-0.87197878095781478,-0.045904290474807707,-0.081264645495380122,-0.097639649999803416,0.99189846059988795,-4.6989507068999501,12.399813253422373,-2.6646009920562497,0.5813611599125791,0.501751087963759,0.8666666666666667,1,4
0.25500703835432265,0.96693892559999739,0.00072425774464858624,-0.96465273394208151,0.25435248766835911,0.068919626486113092,0.066456852828170848,-0.018273647048163831,0.99762195271341891,-1.8253647407492424,-8.1285266324187848,-1.239721897756408,,0.07805065687950045,0.2289156626506024,0,5
0.19541893038586991,-0.94434123954620464,-0.26463383181139538,0.98007811356045149,0.17828689345946469,0.087525281721119202,-0.035472989254224346,-0.27646592360164901,0.96036881463345025,1.9074101037098776,11.152010943930946,-2.1554476695134981,,0.6151427399407683,0.4,0,4
-0.089587772735245305,-0.97120289926673653,-0.22076901827979042,0.9942176129476582,-0.10038133397344699,0.038143490851915429,-0.059206157458468238,-0.21607525597716098,0.97457996833169447,8.4006121649212933,2.3695964492407398,-1.3192013788595225,0.6714764852267379,0.4149992079027299,0.4545454545454545,1,5
0.92280182218294671,0.38171602704874014,-0.052246259865748143,-0.36882687857759983,0.91444540062024759,0.16660234969285151,0.11137113905558381,-0.1344711269328859,0.98463901273860865,-6.0142758572504667,-15.405974355007888,-1.1897091652181035,,0.07500070670756226,0.25,0,2
-0.40085385081751718,0.91540011162996815,-0.03686225593489547,-0.9161327505264687,-0.40070612875958156,0.011635367949342029,-0.0041199147533334335,0.038434801968418891,0.99925261685925748,2.0637213269887633,-6.7886209624667533,-1.0247120726671095,,0.1096901762237685,0.2142857142857143,0,5
-0.3606974441908341,0.93039926432691322,-0.065227008931410993,-0.9326808627466292,-0.35995895657761229,0.02315076339473645,-0.0019395928445600746,0.069186404152078662,0.99760186420239938,-5.3951593959281272,-9.1377331790073768,-1.4448445788303272,,0.07573687933680839,0.345679012345679,0,4
-0.9559883595502765,-0.25874850625246848,-0.13833100489943553,0.27854751633140545,-0.94850576692505995,-0.15082470373088358,-0.092182089095316125,-0.18271841894570906,0.97883422591775138,-18.221316250478633,9.1978877994850645,-3.626772579736147,,0.2707906545156128,0.2777777777777778,0,2
-0.96261284349206144,0.26785703695380608,-0.040362374787129368,-0.25451819336928527,-0.94537115252229509,-0.20370044973613396,-0.092720023663523846,-0.18581171043019737,0.97820090241158608,-5.038972093727307,-19.182983926863773,-0.89801673325504416,,0.3039901658238935,0.3076923076923077,0,1
-0.25104420195375976,0.96549861936551951,-0.069204224355718602,-0.9679593350377087,-0.24998281869816105,0.023734280462641456,0.0056155479480518829,0.072945228486852337,0.99732013880310511,16.236366191005555,-4.608480227627032,-0.60713998339278186,,0.196717302980234,0.4117647058823529,0,6
0.14035218323687973,-0.98184703321674172,-0.12758396460419474,0.98979422647965654,0.13592797086584221,0.042789904929008332,-0.024670911782505637,-0.1322875281339016,0.99090431223809028,-15.13930519856274,13.635648635139313,-3.6286816680858127,,0.06474882605249252,0.1666666666666667,0,1
-0.98891420506496941,-0.10718205961519443,-0.10276527194225706,0.11281827945013606,-0.99232215273253432,-0.05068314333366284,-0.096543932189610701,-0.061715081567753828,0.99341356839156092,-12.025018581651965,-2.904677811708086,-2.3503115820561797,,0.1251686460986106,0.2132701421800948,0,2
-0.98611660265501677,0.1381799640355291,-0.092088780572164186,-0.13256040180075543,-0.98906729310342767,-0.064603634475782754,-0.10000892881413406,-0.051499390794437709,0.99365287042570927,12.230074530353507,-4.0316592326699361,-0.73053445167469833,,0.07972540167026028,0.3793103448275862,0,5
0.56567131921136748,0.82442514205725148,-0.018415856362174566,-0.81850606689071315,0.56404668468537666,0.10908325242002277,0.10031837859917098,-0.046631777140873042,0.99386201269387375,-2.5344055209213212,11.307084657941534,-2.4437668801783179,,0.2987254146602386,0.6865671641791045,0,5
-0.40276997337799508,0.91517642116969233,0.015115114294114005,-0.91527904042543973,-0.40259028838685657,-0.013613884621018948,-0.0063739079830135532,-0.019317811253416379,0.9997930763239975,-17.200159858459738,-12.256717488473258,-2.3738439799631843,,0.09950766719283941,0.2857142857142857,0,1
0.84055811787709023,-0.52437491042794759,-0.13598898405609164,0.53922181082568044,0.83397551069492504,0.11715240625362648,0.051979699891399091,-0.17180163234039073,0.98375927437782218,-12.29653127959441,10.208087441556625,-3.144411438660804,,0.213194688514729,0.3243243243243243,0,6
0.85410699108653798,-0.4702096274739605,-0.22227045239505339,0.51516331858617892,0.82358263311968638,0.2373149839494344,0.071470294251369457,-0.31719797076028833,0.94566243680563911,-10.989504220339812,15.442547729086494,-3.3713606377835061,,0.3400872356356875,0.4583333333333333,0,3
-0.71864248917534124,0.69501297064638157,-0.022581926072873647,-0.69279986449595032,-0.71839341181890459,-0.062763473530274047,-0.059844135103295323,-0.02945974352374239,0.9977729215634451,0.27410328150440627,-11.888962850851371,-0.86833010878674111,,0.0921443697153097,0.12,0,7
-0.19878178023786702,0.97577401046096135,0.091383173256342765,-0.97983662098469682,-0.1997909830888096,0.0019388794960609156,0.020149442244331635,-0.089155165780460344,0.99581391654862073,-2.6816774150879059,-11.799157601659948,-1.0676183638653449,,0.3665500213457076,0.4186046511627907,0,2
0.31904969478667577,0.94604667365060213,-0.056594907289972081,-0.94499950827560375,0.32209636830189481,0.056831847458945539,0.071994594348436303,0.035349975973987514,0.99677838940420582,-10.005188785417909,12.322989531396631,-3.1054205600105527,,0.2694747906626103,0.2368421052631579,0,1
0.8792965977265329,0.46656901578220461,-0.095660058219562222,-0.46278117930688917,0.88444468384706465,0.05992646572251048,0.11256586208025023,-0.0084234628681644774,0.99360856073578585,-15.160129211757479,9.9504999068625928,-3.372584501275222,,0.06720399314526768,0.2083333333333333,0,1
0.8842108175915514,-0.44019351656520866,-0.15620786800938039,0.45787697402005334,0.88295397821263377,0.10363854987755693,0.092303340764675876,-0.16316231284349644,0.98227193431922988,-3.1274390777048842,-8.0066105153651019,-1.364782750932964,,0.469959180289189,0.7046413502109705,1,2
0.73361198529192939,0.67792279417840873,-0.047266691965625184,-0.67135296340506279,0.73377043021822341,0.1042408473900889,0.10535014742882319,-0.044739701280879424,0.99342825889241915,-9.3731565622934063,-12.106738392270163,-1.6657840133391713,,0.3614311692090248,0.1351351351351351,0,1
-0.73906770570796232,0.67343943151277808,0.016070422001842149,-0.67220091186230679,-0.73573488337398563,-0.082704990648404683,-0.043873231828235132,-0.071927140012765192,0.99644449221144904,10.177175794909886,-16.750559754739736,0.16660983492986889,0.5185546634664711,0.4370913797405606,0.3611111111111111,1,4
-0.93630563978528047,0.34360969532123647,-0.072554298201589845,-0.34033493367002926,-0.93875928973858125,-0.053880690913649304,-0.086624949235742404,-0.025756032512063747,0.99590800024858916,-17.976100940088536,4.8461400552489469,-3.3468282104789782,,0.08424982911247159,0.3492063492063492,0,2
-0.41075955911847978,0.90824700670011493,-0.079774428315553231,-0.91172052802537018,-0.4097977002200916,0.028836152161191096,-0.0065010283749354211,0.084576709055182483,0.99639576319626288,7.699808053224606,-3.8610658475216653,-0.93851362744084765,,0.08783335150707972,0.3877551020408163,0,5
-0.95738875895345232,-0.26259416399084012,-0.12021260028599592,0.26577000481546886,-0.96397477079554439,-0.010906228040137647,-0.11301800197293591,-0.04239040348509987,0.99268826170274449,4.2511715456606671,-3.3779552783471898,-1.1018902769478125,0.7766438312918098,0.3860056662139,0.5,1,1
-0.90492778453705602,0.4164526575982217,-0.087595026983472074,-0.41764116993092132,-0.90859735082914983,-0.0051679052800080536,-0.081740797351065805,0.031906708473772839,0.99614276286222303,5.4018740026493264,-10.466190830205557,-0.54715091098822477,0.1669453715762419,0.07564586205602766,0.3,1,5
-0.90034135749975197,0.42911854253435189,-0.072406604869281396,-0.42711007151337138,-0.90322160719732836,-0.042044204163190754,-0.083441157634259466,-0.006928545667524693,0.99648861933671184,6.592240186057345,-6.6189411723129759,-0.74074848699100682,0.7914022758931628,0.4102405270543186,0.907563025210084,1,6
0.73560852066638138,0.67713677149030682,-0.019128434820998425,-0.66953885812623848,0.73106584245607642,0.13137903734233286,0.10294572250477117,-0.08383630889817334,0.99114764365774466,-7.5246917487837939,-5.6907991250929486,-1.8138613229580782,0.7889205724442425,0.7133825305785495,0.9505494505494505,1,4
-0.94369957146674277,-0.2753354142697883,-0.18336174209024991,0.31077481174535682,-0.92784791735023953,-0.20619713541526619,-0.11335843681934415,-0.25157235920845461,0.96117699352625363,-8.111179303174298,10.509233530584416,-2.8146717806643426,,0.3189954178015497,0.1,0,1
-0.89675531185952972,-0.39814671904340854,-0.19315563871315394,0.42683876987034941,-0.89340867774834687,-0.14010567104695115,-0.11678431053563766,-0.20808681995484166,0.97111343321663324,6.6856078107767871,17.486551996652398,-2.3896910542740355,,0.3787114869025356,0.125,0,5
-0.95998612976049491,0.2668954484760086,-0.084814210190607378,-0.26327458477459015,-0.96334285392565666,-0.051546472256960615,-0.09546268212884787,-0.027154472433849376,0.99506256634827028,-2.4032522435283936,-13.297382705239947,-0.97948103716412727,,0.1098024911396413,0.46875,0,5
-0.97795592796792707,-0.14568181349100473,-0.14959616362180841,0.17800507855474249,-0.9561605429952863,-0.23253216557646098,-0.10916224146247065,-0.25403508662570773,0.96101497376573608,3.2146272708987369,0.84078967209190514,-1.4104960293191116,,0.2548198585701555,0.5416666666666666,0,5
-0.14834637298499403,0.98847773690208229,0.030085166962059696,-0.98864974929576466,-0.14896609680005826,0.019513462572703363,0.023770293216905412,-0.026848941377522546,0.99935684693070892,-10.507743339098566,14.682519494276983,-3.2820730545395986,,0.3485174784456679,0.4166666666666667,0,1
0.74878415517800689,0.65984962443428596,0.062615989078598916,-0.65754887827714814,0.72763040040590388,0.19540591874763785,0.083377224892792812,-0.1874899291670791,0.97872149502813166,1.9681528748612116,-9.0055481755703966,-0.87675222791796248,,0.6601976840054016,0.8863636363636364,0,2
0.1545154138156484,0.98799022204648612,0.00055500803254380138,-0.98635496076252005,0.15422731191324052,0.057600587142710963,0.056823219484185436,-0.0094476134845429237,0.99833955362236393,-1.329212926908802,-15.459142334771858,-0.77901960047766217,,0.4222741444073936,0.3076923076923077,0,2
-0.98659730363680964,0.14028063776145708,-0.083349283895042661,-0.12868536509766881,-0.98297434938789863,-0.13115450909182239,-0.10032864628936847,-0.11867085200113851,0.98785190773671494,-5.4706885024468859,-17.665650107924439,-1.0327235578350664,,0.2035006405767704,0.1666666666666667,0,1
-0.38383372588407721,0.92098931478783741,0.066710965519755444,-0.92288858669199547,-0.3850271150312008,0.0055477242543446985,0.030794925354658186,-0.059437385014663002,0.99775691921179921,10.631905722330298,-4.4166029427804503,-0.724918963579673,,0.2216021314367247,0.2,0,5
-0.69897185995510147,0.71311026117423171,-0.053963824910083003,-0.71366008996902575,-0.70039476143552493,-0.011681358614337551,-0.046126076966386133,0.03034688718293653,0.99847456225083553,-14.386517802801301,-13.52045767293701,-2.0509576317918601,,0.07658562129891765,0.25,0,1
-0.5694970872276931,0.8175477134642064,-0.085374491791300855,-0.82147707422909166,-0.56974184310245746,0.023867315186828591,-0.029128751349590112,0.083725554209357525,0.99606302381784639,5.0541961399148461,-6.6388569909101136,-0.84463082001420364,0.1325409669470123,0.1067679513308041,0.5294117647058824,1,5
0.34787469755215572,0.93588107239945928,-0.055765698484236889,-0.93438852053647015,0.35096481065054741,0.061170208228286532,0.07681983788490275,0.030827260816751446,0.99656830799392437,6.1983817754962649,-5.5191714237116054,-0.86260505371043938,,0.06987314696690709,0.1041666666666667,0,4
0.611728624258844,0.79005283740082222,-0.040057513368803525,-0.78339957324239629,0.61205517661229591,0.10804429381379649,0.1098781093121505,-0.03471274833545978,0.99333872681829227,-2.4036103344806894,-3.6607811361697973,-1.4963274728271942,,0.1440018376329295,0.1612903225806452,0,5
-0.90731845763849539,0.41339227866815026,-0.076681421257416185,-0.41106939296755213,-0.91050836034538429,-0.04468198637536757,-0.08829026330117612,-0.0090194056741475341,0.99605395422511867,-6.20567197682883,11.83565099996537,-2.7702153324508441,,0.4883333555658727,0.5862068965517241,0,4
-0.97998226483481299,0.18078761946675417,-0.083370242033799405,-0.17606322766781013,-0.98248894445561852,-0.060968958377819099,-0.092932773941290597,-0.045070064011797334,0.99465179276847882,-5.9226441745845007,-4.6907632232722101,-1.7619020723137964,,0.07883855398424269,0.2040816326530612,0,5
-0.85377808402288236,0.51943044502544133,-0.035425923035119385,-0.51606469031304847,-0.85331664405300478,-0.074350120337604492,-0.068849245851465096,-0.045196435288537888,0.99660276117563273,4.5640305174558433,-8.3881388188191544,-0.76567819765903822,0.227251416586368,0.1425705416086877,0.3125,1,6
-0.79687946856257708,0.60314315894212112,-0.034661829218087144,-0.60218749683526007,-0.79760486673784037,-0.03459328274961302,-0.048511145510161807,-0.0066937566007753812,0.9988002114456429,-0.81356811752437241,-18.458827146396104,-0.55621931483741904,,0.215113605885055,0.2758620689655172,1,4
0.33341713215650431,0.9421772528963458,0.033690356323853914,-0.94151150129098049,0.33090337067169934,0.06371069152750132,0.048878511856813814,-0.052962094018307003,0.99739957272692892,-6.6795166263580121,-12.159229900359936,-1.4046190698422985,,0.2495598646914242,0.2745098039215687,0,4
-0.80385574179699137,-0.58226124156944059,-0.12160506957369621,0.58467991635257732,-0.81105365163823584,0.018476189494239386,-0.10938620476985605,-0.056247850894924442,0.99240658879098065,-16.912496633621199,9.0726564283708289,-3.5172902161226287,,0.0684151685731304,0.25,0,1
-0.95209331963211175,-0.27684910559456738,-0.12989566368202771,0.28129195060671086,-0.95947459391431433,-0.0168327703255668,-0.11997145175323193,-0.052564972790344659,0.99138477615897092,-11.91310762182029,-10.06522928279449,-2.0130860512774484,,0.2538347457619701,0.773972602739726,1,2
-0.69988442052033961,0.71398548880287782,0.019660104064484114,-0.71322919094624293,-0.69713788119885667,-0.07282098447382955,-0.038287322902990473,-0.064988432636017696,0.99715123453187249,3.680234609976337,-9.4279656108874654,-0.74523982221055562,,0.09514261455136463,0.3684210526315789,0,5
-0.42729030456369732,0.90308184728119234,-0.043199221486659133,-0.90371243673009682,-0.42803725287594802,-0.0093777315894188942,-0.026959735258608782,0.03503265992759249,0.99902246491917523,-8.1256278098968142,-7.4820615660083662,-1.7587361643354058,0.5223542706321765,0.6870510282933362,0.5238095238095238,1,2
-0.73823835503562074,-0.64006217753717287,-0.21289560831702006,0.6701195882586658,-0.73198757903831035,-0.12302000473772473,-0.077096488806802435,-0.23348360332153176,0.96929950912690388,6.2460638316349639,-11.236319393111877,-0.45624924880071066,0.4439514732417199,0.3638045836634869,0.3181818181818182,1,5
-0.53682246274350975,-0.8008279433533918,-0.26551129663042777,0.83686148206115674,-0.54539295218650052,-0.047004122667047815,-0.10716577502355214,-0.24742904609134167,0.96296124730641741,-0.3527485547142819,-9.7713210435077062,-1.0071112183536348,0.5765111807847194,0.55013917674443,0.1063829787234043,1,3
0.23411258794677531,-0.94571348615861739,-0.22542692444022394,0.97210013259295547,0.22422887283888898,0.06886758888011002,-0.014581782388378459,-0.23526031259674091,0.97182300700243873,-4.5231476901413386,-7.504533588435673,-1.4793217860358459,,0.09238963366750697,0.1428571428571428,0,4
-0.45050732494341789,-0.87691476924961087,-0.16752205121782537,0.88883123515145435,-0.45816424653796084,0.0080348374869880449,-0.08379848203556893,-0.14527907855642685,0.98583558656721759,-24.642829405965649,6.5177902225729367,-4.0784056633235748,,0.1209060465090085,0.5789473684210527,0,1
-0.97464663189051559,0.20960292090011312,-0.078297883078757513,-0.20205660639985534,-0.97481499611069422,-0.094386710758880152,-0.096109680858110058,-0.076173085193180473,0.99245180756422868,1.7085011088222608,9.7619093348518149,-2.0778655144376348,,0.5611340481610045,0.2807017543859649,0,1
-0.93490807157429145,0.34271823409465435,-0.092147217669778306,-0.34283466714402949,-0.93927502533732121,-0.015060470836493598,-0.091713078181261787,0.017511104951319793,0.99563149432603937,7.4403176803316553,-14.840706229644152,-0.10985873183524754,,0.1074084708577006,0.3888888888888889,0,3
0.88748934472066865,-0.41588125026784911,-0.19850805697233018,0.45440466482229946,0.86143633605891323,0.2268123442520909,0.076675051972676739,-0.29149652586788433,0.95349394954133926,19.439191169369792,2.1493038266291093,-0.87223403488420892,,0.7997222792699084,0.4146341463414634,0,1
-0.63186525933323123,0.77451236301852089,-0.02961238894815665,-0.77437327774063791,-0.63245877520439597,-0.018491197586338184,-0.033050276382664487,0.011247097333241089,0.99939040521340183,-3.0752406777691843,14.369945726709409,-2.712036606750448,0.7877574896927476,0.4189794205610664,0.4545454545454545,1,5
0.67020419246789498,0.73630750787534016,0.093153605646074819,-0.73399727388138902,0.63899320738293708,0.2300775583431755,0.109883312350636,-0.22257343679081368,0.96870363006544991,-11.569603920845237,13.50650165211464,-3.3073169191620009,,0.4405419511671657,0.375,0,2
0.67072115251187958,0.73099033282060455,0.12564341962856318,-0.73476309280647534,0.63170733959180914,0.24712149755798812,0.10127355539626295,-0.25806776324962016,0.96080419261613315,-6.9743886215150122,-14.240706567844763,-1.325201461221865,,0.07926508519910259,0.125,0,2
-0.025488310590527974,0.99964823370437184,0.0073317716119168496,-0.9990934061908594,-0.025722959115721089,0.033921896767068582,0.034098559048521326,-0.0064605128325445939,0.99939759357562674,11.864842893558983,-7.861308274244025,-0.41456427853141053,0.620992446155736,0.1982158198892814,0.3571428571428572,1,6
-0.51519631966300761,0.85704433600649654,-0.0069107398212459601,-0.85682127114034745,-0.51522384051898418,-0.020042541812559683,-0.020737924851157493,-0.0044045749003624925,0.99977524383874194,-7.8194962400279238,-18.847264243217573,-1.1497332351065437,,0.1645399497254563,0.4705882352941176,0,1
-0.1279672293243139,0.99177731405340952,0.0014654514888086416,-0.99122200224308665,-0.12794478665102227,0.033302760216428424,0.033216418956097137,0.0028090741948213634,0.99944423486951162,14.127282153688171,-3.3912458593492367,-0.73761820970976089,,0.2059346871931235,0.2452830188679245,0,5
0.31418861553991984,0.94935351036295945,0.0036641815777242667,-0.9472210499361714,0.31321923160276333,0.068308092580532609,0.063700835339298878,-0.024932414959258974,0.9976575455843425,-1.2156278850905402,-3.3670077356666401,-1.4223329451333531,,0.1518220121637249,0.2383177570093458,0,3
-0.86432715101747759,0.50201833862997336,-0.030268196068030329,-0.49761183166026052,-0.86236637272581151,-0.093309721805646575,-0.072945465971036641,-0.065588313524043346,0.99517693508407867,-1.1213523617547536,-4.7291992176961051,-1.3285190763007566,,0.07908301464428365,0.36,0,3
-0.57832363391065733,0.81112160105111619,0.087312786971026998,-0.81528639524024205,-0.57081008192744964,-0.097385543619942103,-0.029152498975994867,-0.12750528882463741,0.99140936707558003,-3.6920563825509549,0.97770426527619181,-1.8677241900477584,,0.7292674576347909,0.3540298507462686,0,1
0.40049726233466315,0.91611443409692472,0.018338116089472483,-0.91306125285391226,0.39732195889256522,0.091947863045410153,0.076948628313199027,-0.053568690678843553,0.99559494975600915,-9.3251704508438085,-13.022857125426542,-1.6300205498486742,,0.1025171182981997,0.1923076923076923,0,4
-0.60279386246319566,0.79623622631321633,-0.051453195072719143,-0.79723509611023358,-0.60366627158210306,-0.0017983559906711224,-0.03249247461811474,0.039936254965277383,0.99867378789699901,-3.2386202278668894,-17.917061601607291,-0.80424107882145657,,0.1243483707429953,0.325,0,1
-0.32153080941697998,-0.93827007101603821,-0.12754298268121872,0.94407638271733885,-0.32804362600851572,0.033274059423678247,-0.073059716609134712,-0.10971168247158117,0.99127474725136078,-10.824675579630545,-2.5234883366933873,-2.2891987766799207,,0.2228122690483583,0.3772845953002611,0,2
-0.78041161018084515,-0.5993313711974696,-0.17821230651529724,0.61565016411580731,-0.78633143778134373,-0.051553325604702341,-0.10923641388804732,-0.14994924959894235,0.98264064053223144,-6.4856039790480793,13.623945838439594,-2.8892266756071359,,0.1434688222939783,0.2307692307692308,0,2
0.78389014734656326,-0.57057453905262512,-0.24486921463889214,0.61901263723745481,0.74888818404542434,0.23662172921664942,0.048369327401924296,-0.33706258051292304,0.94023891909697865,-4.280784043372007,-12.684322684573262,-1.1678760415818108,,0.683431828022627,0.4845360824742268,0,4
0.69783580500800102,0.70867906525216429,0.10391906332408218,-0.70880938221076473,0.66240282069900902,0.2425113663727754,0.1030264477638126,-0.2428919216509999,0.9645667760491522,-16.468713332802484,11.406540981187252,-3.5784129108045648,,0.3447232103693945,0.1818181818181818,0,1
0.98356733512024175,-0.14433611970942051,-0.10845451503600156,0.15067267350258465,0.98718029244499872,0.052657531918901754,0.099463776039571294,-0.068133360077383881,0.99270579856295571,-5.0759202069343088,-14.082571406660568,-1.1650698761182596,,0.07970321999710836,0.2368421052631579,0,3
-0.98709598539547461,0.12619651293806242,-0.09856954772347841,-0.12231769178795374,-0.9914940442648843,-0.04447406505965977,-0.1033435914404217,-0.031843371516488875,0.99413585681166239,-1.6730902872417202,-5.3775376120899203,-1.3427685264576716,,0.06776545320153569,0.2580645161290323,0,5
-0.090891721658842614,0.99019322877793303,0.10609460220115684,-0.99360139898808808,-0.097341712027840976,0.057278713571456405,0.067044424546740269,-0.10020958428124083,0.99270493317771702,-10.825626791307432,-14.206953522699255,-1.6768505763555965,,0.2158942833717132,0.2083333333333333,0,4
0.28197337818690138,-0.94028732269846083,-0.19065876524940503,0.95862327503032663,0.26801125733278036,0.095975947575591622,-0.039146271393292451,-0.20983259211920138,0.97695335237693914,6.6417452855856771,-4.4774614830553148,-0.91471601927025747,0.2549777861776459,0.1357234830393119,0.2894736842105263,1,5
-0.96510258081804212,0.26143089555948024,-0.015195240877455272,-0.25450060715735839,-0.95002595004174595,-0.18077647856901757,-0.061696429839105026,-0.1706006479889417,0.98340681787898054,5.2291743614858781,-14.920793323965999,-0.27459703272536595,,0.5115693718459031,0.5277777777777778,0,5
-0.19628462134295208,-0.93213578607810288,-0.30429463310550431,0.98024982926394499,-0.19417642958206147,-0.037493818460797169,-0.0241375154533853,-0.30564422210688402,0.95183979210811387,10.329290837970184,-15.607458420571197,0.1005322620822383,,0.3854977807793263,0.45,0,4
-0.12335990696802675,0.9916845675636321,0.036661312155628824,-0.99202510688268553,-0.12419640024520111,0.021481188992474212,0.025855766614749167,-0.033719024633972978,0.99909684551123357,-11.136065953947885,-7.546099046891662,-2.0457251249926314,,0.128919521736533,0.2181818181818182,0,5
-0.40308308829117201,-0.86273687188649462,-0.30530167674147729,0.91463175755167547,-0.39114052159344637,-0.10226358318355216,-0.031189293220333109,-0.32045933011087824,0.94674867083788561,1.2710951287585204,4.4166194405512238,-1.7563660294290302,,0.4842459111520696,0.2291666666666667,0,2
-0.60571146683236865,0.79248008490951094,0.071336764501858344,-0.79500415922620227,-0.59905014240663756,-0.095432246623584738,-0.032893855973696914,-0.11451743057019743,0.99287650407025974,-22.992117092183374,9.7399054622810368,-4.0882449922643769,,0.5998616155969685,0.6666666666666666,0,1
0.72805731828715059,-0.61598431102793083,-0.30082531451985317,0.68365816873076835,0.68472523023650378,0.25251310343278993,0.050438572702003436,-0.38950569655014317,0.91964192093377983,5.750851876612999,1.6442241727226157,-1.3309700829905411,,0.4530376469262139,0.1666666666666667,0,1
-0.77581869713624796,-0.61399864428670115,-0.14529629722711263,0.62206743342877691,-0.78284945706085307,-0.013372952062382251,-0.10553415296078364,-0.10075908094867753,0.98929780661094624,-1.3667057516518799,-19.902250510107191,-0.5175125049749808,,0.0917864706156179,0.3333333333333333,0,2
-0.67256129910625218,-0.71271315119628442,-0.19925175797561601,0.73307588067429474,-0.67848244102009148,-0.047553447835308404,-0.10129685147188965,-0.17804926660697257,0.97879385293462173,-8.8523334561535645,-14.975318098024406,-1.4545230153712443,,0.1932108012003261,0.2307692307692308,0,1
-0.21206852443056809,0.95336207207276835,0.2147736028448585,-0.97711558395429254,-0.21056368894773,-0.030134174791866745,0.016494742783830962,-0.21624914434476505,0.97619886858705873,-16.486848426662927,-5.9755607135463373,-2.6507107589578522,,0.1554034235792866,0.15,0,1
0.74350901746065956,-0.64114469689277698,-0.19007319274677734,0.66803781375934768,0.72500061686550965,0.16762930809455961,0.03032854006237817,-0.25160998229581244,0.96735339791969777,-3.5550589839238929,-11.119149361884952,-1.1993234572761067,,0.62600465634867,0.8830409356725146,1,2
-0.99085681670567094,-0.075741337272383663,-0.11165132608302038,0.077222061441127199,-0.99697337311789669,-0.0089914693297063041,-0.11063237326699939,-0.017531204240305784,0.99370676502839472,3.8706482312113129,-5.9857049117092727,-0.9795815987021439,,0.07468176335576773,0.1,0,4
0.14788501601013235,-0.95189072158316557,-0.26839164704506935,0.98872753090922039,0.13587281406508442,0.062900302226563912,-0.023407085718666627,-0.27466822270134772,0.96125411612967548,22.817302531329091,-10.976333655195113,0.32204570787559922,,0.1437089148008034,0.4545454545454545,0,2
-0.31919860408995998,0.94751233778012645,-0.018237897396963562,-0.9476874665103302,-0.31915655739231086,0.0052495421439554728,-0.00084673859819455041,0.018959473303065751,0.99981989448391062,5.6379148634123011,-9.4649636119668941,-0.62358768598911718,,0.07802064916190904,0.5,0,4
0.96548554179987378,0.24916005846800801,-0.075874461049967978,-0.23483834815186311,0.95875347179442061,0.16013347732266653,0.11264376952458839,-0.13678832401328514,0.98417495172399494,-14.942085540431453,9.1192448326949265,-3.3278663076978625,,0.9651284338581843,0.6730769230769231,1,1
0.2815716084578806,-0.89366985840900204,-0.34938748329280089,0.95878018102382956,0.24754492825431662,0.13950653379493927,-0.03818368481898142,-0.37426687358995642,0.92653457223508151,2.9827730560935666,-11.913415229489564,-0.64626384608127929,0.6749519573142447,0.4528253504501761,0.1818181818181818,1,5
-0.70538156499159121,-0.69824188729117753,-0.12204554314708557,0.70122645291072638,-0.71254371011019246,0.023725996725979852,-0.10352926884825048,-0.068845682613036821,0.99224087926132676,-15.676368269015656,-3.4514045149512316,-2.6823421687809654,,0.2541027914505073,0.775,0,1
0.75925567707384622,0.64457160629458654,0.089767818231000593,-0.6399082852273742,0.71429973683570891,0.28336067555996497,0.11852511686768623,-0.27258637221118553,0.95480284161508844,-4.1215357868077689,5.2852221934542634,-2.1889779006624543,,0.1515790041175796,0.15625,0,2
-0.39047794566565763,-0.87778680098468131,-0.27751991994415304,0.91699896181822504,-0.39753435082200345,-0.032853370311535471,-0.08148544638784537,-0.26731399502010655,0.96015798184119971,-0.6891908168736246,-7.5159812817200127,-1.1532847280309526,,0.6846192024769023,0.1914893617021277,0,3
0.3896115138649458,-0.91071475615441044,-0.13711856616256918,0.9209671059580149,0.38603019074134709,0.052917686830759342,0.0047389879915861674,-0.14689902912821715,0.98914014034109621,-17.672969408168449,7.1739789367371092,-3.451112864893251,,0.08041521952651541,0.3333333333333333,0,1
0.27486876241435426,0.95627797180511098,0.099897968393294206,-0.95913136272091237,0.26545234136868046,0.097990221486704596,0.067187740652065023,-0.12274972546686963,0.99016075078942689,-1.6542523181153899,-12.42032837452776,-0.96858082456738748,,0.09200579827925748,0.375,0,3
