axis_00,axis_01,axis_02,axis_10,axis_11,axis_12,axis_20,axis_21,axis_22,location_x,location_y,location_z,dbh,dbh_approximation,score,reconstructed,number_clusters
0.32141217784256548,-0.93958791932797503,-0.11776567321348616,0.94460042244849551,0.30939355798006629,0.10957038007855487,-0.066515064794546552,-0.14645875915547651,0.98697800280554115,9.1698204409930693,-9.6613583767845128,-0.86265273515028917,,0.5270012418085918,0.25,0,3
-0.64440696221507499,-0.75244721670046488,-0.13624556186703196,0.75853780364033663,-0.65154277898502977,0.010602245090500114,-0.096747441812345764,-0.096515248702933126,0.99061836207016574,-7.662645175327901,-6.8905151967166214,-2.1628524233739057,,0.1021643359960927,0.3125,0,1
0.14002632858870784,-0.96541567084434388,-0.21992091712734751,0.98696915232241711,0.11830753233437673,0.10906521057111088,-0.079274962415239167,-0.23232716216817356,0.96940165568919168,-19.332325207614236,3.2914248540109727,-3.7088509534444811,,0.3845733034078485,0.6349206349206349,0,5
0.77753326693261149,-0.61611150773493195,-0.12589133746882486,0.6286737650414187,0.75696143176551656,0.17826577901590235,-0.014536710829752315,-0.21775215465314746,0.97589583623569376,11.32950418518883,-2.434561208898224,-1.1048486508593729,,0.1077980490376759,0.2857142857142857,0,9
-0.14832712933056078,-0.97641509614633315,-0.15688410602130146,0.98308821967416049,-0.16281226481413699,0.08384341813154661,-0.10740863579082055,-0.14179466295893925,0.98405165439316045,-7.9407894347559322,-0.94666142404839793,-2.502978976761761,,0.1247871884413465,0.2207357859531772,0,4
0.70366791211739732,-0.70621087449634001,-0.078215536816280462,0.71003188065378475,0.69478503202200637,0.11457961307942478,-0.02657438450075501,-0.13616152180882693,0.99033016821013375,-5.9652937256654877,5.9910751128404893,-2.7814067336337578,,0.07001153602496867,0.2588235294117647,0,5
-0.52712921881681007,-0.83255110513280928,-0.1702746135268462,0.8449196616653134,-0.53489312694861002,-0.00032874687794762431,-0.090805021892796628,-0.14404166093625589,0.98539659422679782,-14.944089506944968,-3.8356954776030667,-3.0353395494180559,0.4029175961031813,0.2766878495959234,0.2567567567567567,1,4
0.88508460464030125,-0.45565620952038788,-0.094882355336674287,0.46538017152316696,0.86939290246256329,0.16606407528658379,0.0068219192160424522,-0.19113712322108672,0.98153963829535551,5.0199083596648331,-15.019122945975525,-0.79601661380679423,,0.2240730210905953,0.3043478260869565,0,4
-0.74717678073111393,-0.65915138194778,-0.085125284214630378,0.6576766409442999,-0.75174780241260275,0.048339192422356674,-0.095855590825532619,-0.019866988804428595,0.99519696968154669,-15.35632973565909,-1.6991032418860728,-3.1520043455080873,,0.07542380145848712,0.2027027027027027,0,5
-0.01661358561634611,-0.9849198834227042,-0.17221153274846474,0.99596576375669632,-0.031491806091117111,0.084026564690343183,-0.088182686495191828,-0.17012080821500541,0.98146967574895783,0.074385921613537451,6.3112300453603476,-2.3709905588493592,,0.07725179901468382,0.25,0,5
-0.78356033097394973,0.61602849248300839,0.080883274989995757,-0.62131109067911716,-0.77638486676155072,-0.10582564558166241,-0.0023950622373668444,-0.13317445367923245,0.99108971771687637,-17.077224410595122,8.2558110954752078,-3.7488165107420728,,0.4581799351636004,0.1176470588235294,0,2
-0.29638806130189277,-0.94648961384641139,-0.12771659249516562,0.95163772613672892,-0.30399415565169602,0.044420620469871795,-0.080868753613626623,-0.10837418608913815,0.99081546237354146,-17.598423608760029,12.742232348091992,-4.0508909629427059,,0.3585566940046924,0.25,0,4
-0.050318106414201952,0.98155634759280763,0.18443216820055611,-0.99530700149554763,-0.064566222560063738,0.072077567094541259,0.08265628191996563,-0.17993982161987795,0.98019875517905808,5.7166270229915401,-11.341279884337537,-1.0073508008657401,,0.3647323401797216,0.25,0,1
0.2015655598944949,-0.97396364968776461,-0.10375998338139363,0.97611559666509295,0.19097766272753977,0.10356579689392906,-0.081053482414806047,-0.12215703592513359,0.9891956285601029,-20.447463306966341,-5.2388855810373958,-3.5091903313177242,,0.09422941981663718,0.303030303030303,0,4
-0.42228551463593561,-0.89887901959821026,-0.11701047925217548,0.8994647100721247,-0.43152870091481138,0.068892783523706674,-0.11241965781629196,-0.076154372250947761,0.9907382762988074,-21.318651007154092,-11.478601166259013,-3.2599614842038283,,0.09653477990912732,0.5789473684210527,0,2
-0.58900975878049922,0.80458539077071145,0.075563569394782634,-0.8075075816681655,-0.58963762447510149,-0.016092773278402122,0.031607113278011502,-0.070496955691016439,0.997011118106779,-36.596359027372294,-10.334567886363368,-4.819973088718533,,0.302653318315126,0.5,0,2
-0.92354239638327251,-0.37574316653722034,-0.076723626629768352,0.37404524087951896,-0.92671282909989527,0.035965124176763494,-0.084614418735958194,0.0045172095645481837,0.99640353018228756,-4.9159696077210846,3.9752177546962493,-2.5555898802005319,,0.07587159315868364,0.3333333333333333,0,5
-0.85684881369971511,-0.50216082496769099,-0.11681017219899728,0.50863300799697653,-0.86037702750208112,-0.032308415662659219,-0.084276768076019512,-0.08709693688328761,0.99262860625120475,-11.720339897697373,9.9329615930865636,-3.4678049635231867,,0.1010494270093133,0.3703703703703703,0,3
-0.78334251947995381,-0.596795510674342,-0.17380913558771477,0.61598847086041719,-0.78277308472956497,-0.088456212840054685,-0.083262842503976017,-0.17635593628203081,0.98079859440980299,1.7759671783478124,12.432779970051074,-2.7083295586008722,,0.2848714595128653,0.1785714285714286,0,4
-0.86408827102752295,-0.4711983586202011,-0.17698465104718589,0.49611634651562325,-0.85665877701172854,-0.14143659529541536,-0.084970763163900481,-0.2100186815557073,0.97399800965142935,-6.3472933634270214,11.342059474955212,-3.1637400708036783,,0.1089277542167739,0.2352941176470588,0,2
-0.83476096367009489,-0.53156002518805068,-0.14358994795824775,0.5435722296798724,-0.83714137427765367,-0.061020902921638961,-0.08776881367220038,-0.1289893758981682,0.98775420842028017,-19.6487588028278,7.5386673008804737,-3.9346613918650513,,0.08341380450530916,0.1578947368421053,0,1
-0.99847762781170712,0.043858156846658121,-0.033449795776937657,-0.037441457647983865,-0.98423398394642436,-0.17286295755349909,-0.040503876465088226,-0.17134738668261781,0.98437772682458491,-21.996975744857572,1.6493479766175532,-3.8576645202739637,,0.6764592623564608,0.7586206896551724,0,2
0.97958643832763126,-0.18805240226846362,-0.071040156571094124,0.19838675572942482,0.96140822388054581,0.19062245986768572,0.032451579248769388,-0.20082460271568781,0.979089563803203,-17.538703207335274,3.663063443587343,-3.6043437202420181,0.5480626108751336,0.2684500864014591,0.3870967741935484,1,5
0.96376811083365854,-0.26012348345596914,-0.059049148129779558,0.26561521224178369,0.95620963277665771,0.1229296433366701,0.024486477204216494,-0.13416002213722594,0.99065710560933529,-23.08171346444885,-5.0455384451388197,-3.7176604428819142,,0.1025454307691725,0.3157894736842105,0,2
0.13797860314950994,-0.98283421596715348,-0.12246962479382568,0.98736420655974233,0.12676527825547787,0.095091996684584665,-0.077934771941411657,-0.13404278478546189,0.98790622184972487,-11.94359636551712,1.013741144195285,-2.9811911027575357,,0.07779652883262178,0.3737373737373738,0,4
-0.15630978973425139,0.9876990811218882,0.0042160152054518231,-0.98344786794072525,-0.156030195511489,0.092113349366358774,0.091638096204998062,0.010251987106165905,0.9957396025489289,-23.2220180748572,7.2003803662883774,-4.2258352398354049,0.7805828725236259,0.5034034248645816,0.5245901639344263,1,5
0.76120214096893912,0.64837405731430542,0.013504902298357213,-0.64031635531313802,0.74811551659806275,0.17412104681431198,0.10279234262726776,-0.14118872344135133,0.98463164618561727,-16.201465547492422,-0.77828193921023592,-3.2613706484758027,,0.4124977123404975,0.7583333333333333,0,5
0.59811524039707187,-0.79762818927085699,-0.077765229281787585,0.80051391592411336,0.59003926964599573,0.10502918969250361,-0.03788970330573764,-0.1250717072567416,0.9914239448526998,-14.706962173849789,-0.22371245766641878,-3.1791998574200129,,0.09890058982162833,0.4714285714285714,1,5
-0.96849814813425827,0.2446432792005824,-0.046486589490904687,-0.245171697406108,-0.96946148101122609,0.0059393287942306177,-0.043613941022542388,0.017149424990478907,0.99890125706747213,3.8362124997898088,13.367144147801314,-2.6664588771568991,,0.1586775864172467,0.3571428571428572,0,4
0.91351746070126694,0.40475872334735125,0.040696742721419661,-0.40456400859967723,0.89346610722727082,0.19505455181027953,0.042588871077681924,-0.19465017624027742,0.97994770112999352,2.954236258691894,11.307134266249905,-2.5337518115771172,1.397775983133886,0.6794821752705775,0.6590909090909091,1,4
-0.6431543681730989,-0.75257314377543827,-0.14137228146923203,0.75951185217913764,-0.65045267333452084,0.0072846517686662856,-0.097438211699916844,-0.10268876773984915,0.98992970047412621,-8.827217292983347,3.7805837448730952,-2.8341541838300381,,0.07777948216036509,0.2380952380952381,0,4
-0.71050495100101707,0.70367953384477222,0.0042223513644355677,-0.7032467759769554,-0.7102558895341976,0.031313630578432339,0.025033710892691834,0.019279134575711829,0.99950068948898241,-22.717724889729027,6.7618693047534544,-4.1713868517881156,,0.06321213412834768,0.3571428571428572,0,1
0.56779898906760895,0.82216963951425925,-0.040514094767072864,-0.81674980329794133,0.56882334403603674,0.096745863438369675,0.10258687453361942,-0.021842324524978311,0.99448421105252827,-14.96654762006348,5.675902103485849,-3.4577764120869339,,0.1019393596542757,0.5,0,3
0.33225075862903347,0.937655792631923,0.1020345428481601,-0.93822235666950105,0.31747133284731249,0.13766176762514551,0.096686311523195761,-0.14146931598036419,0.98520971868942098,-1.3466877361543339,-15.688715931944813,-1.3644238395640995,,0.1699542419589377,0.2173913043478261,0,1
0.50939618390276853,-0.79918484218953811,-0.31909107765617634,0.85917471399234258,0.45151600222066129,0.24073244603677371,-0.048314994168201154,-0.39678317473546526,0.91663993671745059,-6.9079428849138473,-13.207966115012189,-1.860483516497264,,0.6596509280564826,0.3809523809523809,0,1
-0.06313293875867762,-0.96799946801851833,-0.24288116839219803,0.99410064752499261,-0.082501555162850834,0.070408777763160513,-0.08819373353070005,-0.23700321371571584,0.96749746359064892,9.5062236215006131,-5.9260603973010211,-1.0025846879436475,,0.4923257077695377,0.68,0,2
-0.32085867824579178,0.93524287555136987,0.14956761790163325,-0.94605092669857471,-0.32399849135741932,-0.0035527019133380685,0.045137043402644975,-0.14263849876005344,0.98874511679418486,2.5154599682604268,2.7339144321955677,-1.9712666081559107,,0.2269697357592964,0.1728395061728395,1,5
0.96573132195970712,-0.25364379182105984,-0.055025818091068185,0.25827333477732645,0.96010984568797619,0.10716328081954822,0.025649528825214863,-0.11770263838863237,0.99271757846197062,-18.615956022456736,12.193685117786993,-4.0890861349202003,,0.07147519594594581,0.3333333333333333,0,1
0.44380630327808085,-0.87332454732374676,-0.20084869980265238,0.89452158227284218,0.41835033973541935,0.15752502052483303,-0.053545345444156837,-0.24957409377784179,0.96687417366285766,-8.2749381214864925,0.33265589854709854,-2.5833560124669779,,0.07837006388700525,0.3541666666666667,0,4
0.70425522856168488,0.70994638685506217,0.00083715886990582344,-0.70377557402055024,0.69797777112705384,0.13238947248386806,0.093405109365473624,-0.093825150167501675,0.99119742066879457,-9.918342287169887,12.799524183805483,-3.5214200285985835,,0.1057042122918318,0.28,0,7
-0.32090078649676601,0.92715064760821375,0.19342792421319677,-0.94219196750106693,-0.33329660703304342,0.034462561087774901,0.096420856676471281,-0.17118717352631929,0.98050903617347884,-8.4454739206793654,7.1227293122911979,-3.0234938620583063,,0.6071982156847902,0.7647058823529411,0,5
0.99071398362036367,0.13583934826686794,0.0057856824577755444,-0.13375226154814429,0.96608418249189265,0.2208883991288996,0.024415879870003803,-0.21961107394984392,0.97528192898708477,-22.077148529150765,0.88260531794845731,-3.8119626430923974,0.7348518734210712,0.805068667991974,0.72,1,2
-0.13885351103093818,-0.98713252561678855,-0.0793037158259422,0.98577492674910738,-0.14543079377817178,0.084247718152144421,-0.09469686513910304,-0.066477523197480029,0.9932840694596663,7.3560218814918956,-6.985306413167562,-1.1182959434510336,,0.07690767469033684,0.3157894736842105,0,2
0.28284873350481965,0.95916431075394204,0.00064724851093040736,-0.95452473278133632,0.28141414310028701,0.098430760292959732,0.09422912746830682,-0.02845883059871911,0.99514369138206116,-11.388015012671881,-0.29219254114427712,-2.8360644366954082,0.3649520298958711,0.3049635689557423,0.8563611491108071,1,5
0.96412658525624972,-0.26333349546864848,-0.033397571264795659,0.2654302205009097,0.9551900653010722,0.13099136305486728,-0.0025933852321235852,-0.13515698026516043,0.99082080369693537,-24.232677899709561,-6.4597095875038963,-3.7873797846574684,,0.1057131875828361,0.2962962962962963,0,2
0.90566370943818753,0.42261599837658692,-0.034190105627542787,-0.41700242959909334,0.90240939782931517,0.10847235785113923,0.07669562644059319,-0.083982120868034318,0.99351134078046188,-8.0601935094446322,10.449556247223603,-3.2423331561221809,,0.08586711467879969,0.2222222222222222,0,5
0.90638259939590349,-0.39456167893541116,-0.15096908633225053,0.42236865194768741,0.85369356581639744,0.30465064834261785,0.0086778663401976125,-0.33989465603235597,0.94042347771438994,-3.2233948493471343,9.889739547816621,-2.8425695985853809,,0.09517345616705924,0.5,0,1
0.79179502494549037,0.60793633303494776,0.058941101513218318,-0.60399792239553995,0.76499187183279993,0.22354853113277312,0.090813810697723069,-0.21260491764249023,0.97290904034282055,-21.080139796086414,-0.18575451248459465,-3.6769755097042784,,0.1614283161134251,0.1,0,1
-0.56982741506296319,0.82024218338747157,0.049994776071252571,-0.82057053279403114,-0.57122378909186833,0.019167250341346712,0.044279992691740863,-0.030102215321831639,0.99856554060308755,-19.146461936049956,-4.3321615007654435,-3.3905014958754776,,0.1590448402131455,0.5,0,5
0.18533550628329964,-0.97411759302655698,-0.12940504266396369,0.97987713087015305,0.17326767040754718,0.099091486966443376,-0.074105050491799954,-0.1451662128309851,0.98662820360251158,-8.8346921781015517,5.3178271788686908,-2.9420489757404109,,0.06986249952153585,0.1714285714285714,0,5
0.87576821580694653,0.48180158096397779,0.029954444794197871,-0.476144120031118,0.8519357708931995,0.21792709614089215,0.079478356438147921,-0.20511625692085209,0.97550525985494763,-17.125771566713702,5.2031974891632009,-3.6063839144187568,0.8769456676621034,0.5126261100377861,0.4838709677419355,1,4
-0.675249717865685,-0.71306774102866577,-0.18860597876681603,0.7313224661343406,-0.68051613374382913,-0.04544493636850009,-0.095944093353886567,-0.16861846998068269,0.98100078620349451,-26.533198455109179,2.7163293620568583,-4.2787466232300293,,0.3375061500362216,0.1111111111111111,0,1
0.2039904154378808,-0.96976932576609221,-0.13392298239159459,0.9760095567523045,0.19082506150638356,0.1048386428243638,-0.076113438614021131,-0.15209618898665253,0.98543061336559123,-16.375886156077236,2.1811972949000724,-3.4247131717817525,,0.083882596502135,0.3448275862068966,0,4
-0.99189254468899779,0.12031757963656214,-0.040900609051528085,-0.12161444830136375,-0.99209799284069478,0.030846370383261768,-0.036866051520895941,0.035570389818864193,0.99868695876805857,-21.249912236142809,-1.4844661683545304,-3.648784841734892,0.5336505930246765,0.1963147841874653,0.3611111111111111,1,4
-0.4493512602066741,0.89305412038492538,-0.023190149076280385,-0.89148188157154573,-0.44657772927386291,0.076343870390854024,0.057823003902677264,0.054978812101632378,0.99681183301542065,7.7997918965541171,-9.6461815949803391,-0.96074446985058504,,0.09530002549394923,0.25,0,5
0.76198764146629938,-0.63430743137287959,-0.13049489169223327,0.64754335891396897,0.74384267853983699,0.1654861562460645,-0.0079014289240954671,-0.21059950638076544,0.97754049293783041,-16.419295977533068,3.1790044130807815,-3.4773316204483868,,0.1393569139425445,0.4615384615384616,0,5
-0.33687518129796373,-0.91665077654086302,-0.21509641115671119,0.93699312926293321,-0.34882673432134503,0.019073152250262557,-0.092514798489322189,-0.19511858776072252,0.97640654891840051,-0.33693122650737245,7.170582864734409,-2.448373926875647,,0.2572960189499193,0.1363636363636364,1,3
-0.30013935086581434,-0.94819030520300851,-0.10417060612702686,0.94829928629542692,-0.30840574323846454,0.074929040759329352,-0.1031738032323643,-0.076295757788718388,0.99173288927513814,-0.15388280190494102,-8.4877538320524408,-1.5611668916313632,,0.08075912205910041,0.2125,0,3
0.8737747222464356,0.48333352935929225,0.053911354650515164,-0.48078452827559975,0.84179193642806616,0.24542325304562115,0.07323914345466144,-0.24036437997710094,0.96791579835451103,-0.74986688934620527,5.4030160029798155,-2.364165530763795,,0.3266695927498718,0.2976190476190476,0,2
0.99647348598139773,-0.070194416005506258,-0.045971031070946466,0.077246049579349829,0.98137017430884033,0.17591369702618262,0.032766439545129436,-0.17884441545287591,0.98333159997065744,8.417706807243686,-11.015920601461932,-0.87032855280290755,0.6324550412892682,0.1735369730321304,0.2666666666666667,1,5
-0.59432079991453113,-0.77871110926912046,-0.20097710090905163,0.79807534619526499,-0.60191408721614192,-0.027841936104832748,-0.099290123296624039,-0.17694191112230559,0.97920019991017471,-2.9645014109868408,5.4360496564109972,-2.5220396977987143,1.143732731494763,0.3437246868055426,0.1395348837209302,1,4
-0.49055983222170096,0.87089755918512701,0.029807589906008718,-0.87060266694518562,-0.49128975595902052,0.026179610341954786,0.03744392231787573,-0.013107902010400699,0.99921275791812159,-21.979126370523023,-6.6519123718662359,-3.582125417181043,,0.3901991672900089,0.6612021857923497,0,5
0.18954937996409929,-0.97256983107551198,-0.13482935969950066,0.97855267570055071,0.17583885226304224,0.10730964035961625,-0.080657878936404775,-0.15227810649127399,0.98504095592463259,-13.13659903605447,2.2335785134174766,-3.1378801070866289,0.5074944984180911,0.3577068293234834,0.1904761904761905,1,5
0.46935925575446746,0.87940318339773127,0.079698996653333951,-0.87784729701565212,0.45496850840560904,0.14962546401427831,0.095320575742728092,-0.14019164521864727,0.98552538802963507,15.194731063947934,-0.57512571656965705,-1.0399895499421281,,0.5096454755882963,0.6595744680851063,1,5
-0.89027769764427833,-0.45258680748778696,-0.050703084375767239,0.45168003990229044,-0.89171624681449269,0.028762418551652395,-0.058230255289397542,0.0027049685928304469,0.99829951443133713,-6.6842323918190347,-0.20925516305390279,-2.4217215505215148,,0.1103308677347012,0.1458333333333333,0,4
0.93720958037491942,-0.33705052374572458,-0.089638980896704468,0.3487662398227494,0.90531271597929119,0.24242730095040685,-0.00055893950238565646,-0.25846823930404206,0.96601959444811492,-10.26923959238745,8.7592411521372959,-3.2708160755023057,,0.1849274419031043,0.1764705882352941,0,4
-0.9568005914849752,-0.26704718485217083,-0.11497142773982344,0.27032895178870242,-0.96267088046675009,-0.013676027427404305,-0.10702750094636571,-0.044165336678262189,0.99327465339515875,-13.640092994037172,12.89383357515467,-3.7963628578961082,,0.1899692037799006,0.25,0,5
0.95861251223722099,0.28470997905989648,-0.0015097039301995155,-0.27837784638755797,0.93837843957225231,0.20482108970164462,0.059731281778217189,-0.19592379122928705,0.97879826420334082,12.983868159690749,0.55028878225726319,-1.2333380084327867,,0.2518288450794109,0.3555555555555556,1,5
0.84377631801233877,-0.49749650153678199,-0.20134238530474075,0.53667859961942876,0.7791926899521362,0.32378207584065299,-0.0041959351840614428,-0.38125579718060187,0.92446006471026854,3.5942515949665594,-15.197620663068145,-0.86931377950225663,,0.6784496049819233,0.16,0,1
-0.50690171924021543,0.85315199291666155,0.12321657361590448,-0.85923745176246125,-0.51152902107995768,0.0070044330058378667,0.069004699260751909,-0.10232173559566923,0.99235508458647181,-14.032957922313901,-3.4045653740496782,-2.953313069815795,0.7162020400481033,0.3596941678213397,0.3382352941176471,1,5
-0.20666399229845347,-0.96498537140368101,-0.16153398176286202,0.97433293539360599,-0.21803810695475193,0.055988524921338607,-0.089248671108000055,-0.14581706653368126,0.98527765518810362,-28.480305547740095,-6.9156604069416465,-4.1180442713895138,,0.201910820693054,0.3333333333333333,0,2
0.12548453032622686,-0.98467636435568562,-0.12110363383513949,0.98890323148788639,0.11436066247274568,0.09482635515303954,-0.079523778843952647,-0.13165901548342238,0.98810013269926933,-22.689828863416942,-2.0309577413996327,-3.815593229910156,,0.09528610296090002,0.4482758620689655,0,2
0.65726250949723652,-0.74234955260591351,-0.13008895170303919,0.75298542847099581,0.63950557323644863,0.15506632874313081,-0.031920810136123925,-0.1998743694056892,0.97930143384707247,-20.041481552599592,6.4733867022085789,-3.9052182551604337,,0.14139247993659,0.5333333333333333,0,1
-0.78424493323326405,-0.60314486988485438,-0.14552027566471232,0.61782697357592375,-0.78069420090807906,-0.093842396551394452,-0.057006275268312277,-0.16350177552576137,0.98489464105555735,-20.598262570537869,-10.864852631405945,-3.192873374401088,,0.3537549022415237,0.2727272727272727,0,2
0.24325516932245253,-0.95022868378744652,-0.19465962885375185,0.96705153145557832,0.22205508043492408,0.12451054879992471,-0.075088335361252784,-0.21853372682635264,0.97293615007977741,-14.519875157172887,2.8928782042832353,-3.2997604637784126,,0.0933245350316004,0.1666666666666667,0,5
-0.82687342505933226,0.56219954649088522,0.014560523894845341,-0.56229527450322014,-0.82693016029114264,-0.0032456543583748621,0.010215830949942941,-0.010871059116230852,0.99988872224447745,-7.6795084417811674,11.945752621187184,-3.3018559117360415,,0.09958834501272462,0.1724137931034483,1,5
0.99694867524246045,0.068649529336749837,-0.037156171144864254,-0.064207576534031904,0.99187637548669472,0.1098118521244601,0.044392860326072224,-0.10709107279890598,0.99325765845466785,-16.499221153753172,6.4964321588171368,-3.6198872288265438,,0.08658264560927009,0.375,0,3
-0.18404264433660988,0.97621469973032682,0.11460002223393347,-0.97966627106576476,-0.1916590050768284,0.059336524241495818,0.079889313438591111,-0.10134932561882304,0.99163804474965656,1.5817294870399123,8.3653415132884081,-2.4046651431496238,,0.2509181092532409,0.46875,0,4
-0.56314207096712732,-0.80610550816874682,-0.18183761328960923,0.81932324959553515,-0.57331668386164214,0.0041704529851909538,-0.1076123625754357,-0.14663522668818743,0.9833197291395287,-4.9177013827268024,5.4765980314810507,-2.6594567618261515,1.314613129461431,0.4957529630122247,0.2266666666666667,1,5
0.82532754048078572,-0.55769300025322932,-0.088390997236641761,0.56454308829463118,0.81188568641140879,0.14877074194557069,-0.011205015961464443,-0.17268511710285553,0.98491334540073916,-8.0008745756042039,1.1164374646893314,-2.6107060776755731,,0.06685380950174999,0.2803738317757009,0,4
-0.070476653088962754,-0.99290484681060198,-0.095775814010595164,0.99355662086066743,-0.078416246389951677,0.081829905572727693,-0.088759689686868301,-0.089391596261195042,0.99203369902668392,-13.904756747154611,4.0712451815199513,-3.2990985404121416,,0.07489225233316724,0.2352941176470588,0,5
0.96483332022041934,0.26123681849171343,0.029188848157670765,-0.2623557929701622,0.95012730225705999,0.16860470752834991,0.016312635821393306,-0.17033330317366174,0.98525147233714383,2.8933632821925861,-12.905321694052395,-1.0650201599693216,,0.2544582492019258,0.3461538461538461,0,6
0.81189055872245275,-0.57850293293273491,-0.078537107443348117,0.58367575548675343,0.80144499084931253,0.1304167899448295,-0.012503324130490687,-0.15172436597583686,0.98834375783677553,2.3599890832288803,-2.5619591986787467,-1.6327932844489383,,0.06886081671374834,0.2121212121212121,0,4
-0.58554881888661492,-0.80598643090697408,-0.086709018529370713,0.80439202110848529,-0.590956003186899,0.061028507063267082,-0.10042936362187944,-0.034012872433864125,0.99436264382331907,-1.516991982539831,5.8281247484259406,-2.4541156424539952,,0.07705386093858521,0.1862745098039216,0,5
-0.98933280312427707,0.14112633781805739,-0.036110406205467523,-0.14093393646815439,-0.98998802260317043,-0.007832027442129021,-0.036854174985346239,-0.0026592999694671276,0.99931711578948823,-37.456378511754721,2.262640074852337,-5.1836192862796651,,0.4207193628652029,0.8571428571428571,0,1
0.71211492625032247,-0.69028064524863408,-0.12808185900676397,0.70102694321873638,0.68922358312579146,0.18311765983826178,-0.038125538591520951,-0.22018965293214021,0.97471173176931192,0.57900335547387705,-12.43602482254261,-1.2580205167027516,0.2434799401629851,0.2031600380933262,0.2222222222222222,1,5
0.97927923713321363,-0.19615533484869549,-0.050351368702223877,0.20042829758422734,0.974353266566098,0.10229471862937228,0.028994365785088242,-0.11026693313215093,0.99347900340689121,8.3638451471324355,4.9931667514274691,-1.7911088701754398,,0.3308380245965242,0.9083969465648855,1,5
0.69441935157534063,-0.69777691620381876,-0.17575306361703155,0.71956407214202023,0.674417132243051,0.16549645863115134,0.0030512686012312941,-0.2413895336383661,0.97042350693384116,-15.290024690172586,8.7103704843794265,-3.6156176640771487,,0.4501405544327603,0.1724137931034483,0,4
-0.019634580079460211,-0.98275551358649538,-0.18386430806561371,0.99644302457772793,-0.034308239950716787,0.076969107061682543,-0.081949875140185396,-0.18169905114454418,0.97993350426326342,4.8583620103194178,-8.4718691635640013,-1.2202325160070255,,0.104194663820994,0.1764705882352941,0,3
-0.73166745090376206,-0.67092033187531341,-0.12053484792503419,0.67318669829410716,-0.73898120990379135,0.026952562939503499,-0.1071560102274732,-0.06142214328276633,0.99234314114961331,-11.981885386518297,10.968737391137603,-3.5513697098023931,,0.7606156443773473,0.2830188679245283,0,2
0.7747153945961659,-0.62506146543228458,-0.095468433564985369,0.6321200554773283,0.7619026638614228,0.14116857392566906,-0.015501381843124865,-0.16971297897483492,0.98537161108306781,-3.7854541552956866,2.0767770916040362,-2.334960015639528,,0.06824160762975685,0.2,0,4
0.40550104792947833,0.88885509441983701,0.2133202316987248,-0.908848212301825,0.36707453680421237,0.1981191849007799,0.097794821559587172,-0.27421324831939742,0.95668347290117461,-3.6525123594049855,-15.698024124616026,-1.5061624869338517,,0.1442947162932316,0.6153846153846154,0,1
-0.99103725919699837,0.12746201893785647,-0.039982303730386498,-0.12209017685436324,-0.98570068318516413,-0.11613850302106053,-0.054213832173843395,-0.11021613718774631,0.9924279638867699,-13.225572515132196,-7.6560676338836666,-2.7261939768373979,1.027131453208141,0.72874798252382,0.5652173913043478,1,3
-0.17468741376136346,0.97869296852121213,0.10790913233134332,-0.98003446362412572,-0.18339504070545345,0.07680305432479019,0.094956608945021739,-0.092338141695521722,0.99118964381488528,-35.931256658048902,-6.3363900672800817,-4.8678069434258102,,0.5983656574003078,0.7586206896551724,1,3
0.27601542725774542,0.9595851247080962,0.054880528010141962,-0.9562635567460851,0.26841109598242574,0.1162561550750754,0.096827134394503606,-0.084568741225471061,0.99170188769230849,-6.1506829758571229,4.1261040381998848,-2.6593638882788078,,0.0721278807905982,0.2,0,4
0.69798953046178758,0.70711386452092362,0.11313972762924014,-0.71298873966135368,0.67149055464038598,0.20186008061244232,0.066765803236748675,-0.22156357469365789,0.97285760000481047,12.116013712398319,-1.6523290262082115,-1.1252278276059338,0.6968811173392355,0.5948611959801211,0.2857142857142857,1,5
-0.98658859352870854,0.15620366570265279,-0.047364141922957945,-0.15313129561552655,-0.98621137086795296,-0.062752994142613872,-0.056513303054718036,-0.054658455812496419,0.99690455901557506,17.382539858576123,-2.4764119107780096,-0.7857600697731536,,0.6297545947094331,0.3571428571428572,0,3
-0.56363885566245842,0.81767130157958978,0.11715324562578065,-0.82491679306685084,-0.56452720054565164,-0.028658757132724443,0.042702750541590909,-0.1127948687539891,0.99270025318771493,-37.175390725190603,0.88932651079867941,-5.1118598571740197,,0.1539467730762517,0.3571428571428572,0,1
-0.72490559225661955,-0.67285329358459378,-0.14758159650662528,0.68288755613980467,-0.73006979155568474,-0.025742671330769983,-0.09042382420847285,-0.11944264217691936,0.98871481593294219,-3.7182894033495906,11.040705924699676,-2.943839722047155,,0.1150984556251178,0.4347826086956522,0,5
0.18755011707500818,-0.9752033720392651,-0.11748760253064178,0.97883122452339777,0.17557656725589393,0.10517748299261985,-0.081941366129550358,-0.13472658310030683,0.98748891655701099,-13.032488246587933,4.4042534907203619,-3.2304843489278312,,0.06708970583029981,0.3478260869565217,0,3
-0.54867851549896318,-0.82938055330760085,-0.10526055493408679,0.83060097234654717,-0.5551051168329566,0.044275659259230361,-0.095152043419067411,-0.063136416282897193,0.99345854547239554,1.5834452915437667,1.835951715819746,-1.9483843604961064,,0.1632885731739664,0.4958333333333333,0,5
-0.37636199310983798,-0.89787403087506978,-0.2284160126229004,0.91603243448215954,-0.39754215279590033,0.053336813994553908,-0.13869473356648732,-0.18916252649654408,0.97210149133224033,-9.3851532170641345,2.9178046844426895,-2.8147956155441509,0.7047238623717775,0.3357301471410573,0.4601449275362319,1,4
-0.83751486329815839,-0.51964213137053461,-0.16894054889029678,0.54004917936478214,-0.83425640430144232,-0.11118963867849113,-0.08316091402872032,-0.18435917982762873,0.97933444501415912,-20.992951256171626,-2.7927150467807529,-3.6190555590732032,,0.1853317357549976,0.2352941176470588,0,4
0.052677294460546358,-0.99436626998330047,-0.091982736248781394,0.99507157045197858,0.044518439763279474,0.088604052950607054,-0.084009953734945075,-0.096196827601222112,0.99181071683709432,-11.222283012467555,13.357305182215372,-3.6533196494435032,,0.1489199742338567,0.6,1,4
-0.66505307341787101,-0.7315258799740717,-0.15024745077905632,0.74065706384572882,-0.67184295121627591,-0.0073595296336889538,-0.095559004352643764,-0.11617631354611617,0.98862102994927559,-13.450057884202867,-1.2988740673887578,-3.0369993996915587,,0.1095315075262008,0.2428571428571429,0,5
-0.19723506259343029,-0.97175414011866457,-0.12958480329884872,0.97591261974997046,-0.20718923754617832,0.06831675093111074,-0.093235662149822457,-0.11298898622108663,0.98921211087219074,-21.702036451365107,-3.313781315248288,-3.6844250363114019,,0.6938197201202589,0.8032786885245902,0,1
-0.79685500817359867,-0.5782821773430411,-0.17496233685009405,0.59733194001795753,-0.79752530491273543,-0.084545499337526878,-0.090645735603156349,-0.17188109666638801,0.98093844823501675,-10.738312443605171,7.5694445878867693,-3.2300274563708786,,0.08874258954069664,0.2258064516129032,0,4
0.6590477004485934,0.74112574585208635,0.12801858212232281,-0.7458988457575545,0.62225974955632479,0.23754518723739232,0.096390043214893473,-0.25204252204199318,0.96290369541909127,-25.277281601214309,-1.4347401678373264,-4.0914385656990406,,0.4537830944543381,0.5833333333333334,0,1
-0.81603528113260337,-0.57222611130047762,-0.081508879839978524,0.57128468821286693,-0.81992848616846614,0.03675707527832793,-0.087864810705777452,-0.016569704747599535,0.99599458830066778,-0.5060219562426912,3.1417453852138393,-2.1727697865040572,,0.122381663681429,0.183206106870229,0,5
0.99644494153635688,-0.068765425577133443,-0.048670265376336112,0.073697012243501947,0.99140622397779032,0.10808538034573154,0.040819466838609812,-0.11128798364287165,0.99294952330101671,-6.1434928847588886,12.764684283949174,-3.2297309603689222,,0.126626157455419,0.5454545454545454,1,5
-0.81268733759254808,-0.56571346553209401,-0.13966948926807241,0.57085963606125767,-0.82103849451470101,0.0038815513705338237,-0.1168698730757609,-0.07657718616338563,0.99019057121675014,-18.691776478176674,-1.1223827531117678,-3.4498645276256412,0.3728856755290454,0.5982734941102886,0.5964912280701754,1,5
-0.53264914191438961,-0.83291497181847829,-0.15012508564023422,0.83839430194065612,-0.54352679441466667,0.040909879329521046,-0.11567145754810926,-0.10407340425843478,0.98782024702612559,13.203455985825009,-9.2625251474161132,-0.59692930350891682,,0.3508234363237674,0.3125,1,6
-0.97482987237550889,-0.21157069476620302,-0.070317572771633488,0.21196028477150949,-0.97727631541932847,0.0019598469330378209,-0.069134344604750736,-0.012994015413507974,0.99752273054778262,0.25022574950134324,2.0855463990871703,-2.0532487511916746,0.192938233489572,0.1938824136703604,0.578125,1,3
0.17538594752660797,-0.9818671613466694,-0.071948918541047985,0.98124712835883376,0.16840333243536873,0.093778412826214394,-0.07996150634983791,-0.087047085497994031,0.99298991052707497,-19.787671325303414,-0.43920405677593055,-3.5710896026514241,,0.07631315607607317,0.2727272727272727,0,2
-0.62896204601646932,0.77743081167420225,0.0028421348258439718,-0.77662080993611382,-0.62846570703019489,0.043485315466399083,0.035593008371750549,0.025143351937023432,0.99905002357660744,-9.6338355562438647,-0.38874193760063158,-2.6608092506528043,,0.102110607446437,0.564935064935065,0,5
-0.1107788907258143,-0.98226523451039804,-0.15127143299972781,0.98943387650856673,-0.12332702111378897,0.076230242557854294,-0.093534172294345824,-0.14122837864760773,0.98554852933672399,-4.94202415222344,7.2127524608482902,-2.7837827607224508,,0.571251521874561,0.7422222222222222,1,5
-0.99844168944207456,0.010558800627990484,-0.054796938904969873,-0.0030403625911862705,-0.99077083021614609,-0.13551353507352409,-0.055722069051415968,-0.13513576033791894,0.98925900415337253,-23.55826034874104,4.3624810492626258,-4.1024340516001478,,0.3057151688778391,0.2307692307692308,0,2
0.98670145681227617,-0.152202361521066,-0.057049770130493019,0.15882678909796977,0.97742836745511463,0.13931201512740457,0.034558445991687906,-0.14652040008626746,0.98860380647112578,-14.195233324538103,7.382576543422406,-3.4666380293403303,,0.08417485983047197,0.3333333333333333,0,5
0.91919955308543122,-0.38757943606548884,-0.069673254170467352,0.39332126702737502,0.91226525646190026,0.11432621202718514,0.019250000299356633,-0.13249257560958733,0.99099705090217793,-0.19939782881530929,9.307604069346791,-2.5845939504784319,,0.2391125970627706,0.7559055118110236,1,5
-0.75546218486097438,0.65518681401309764,0.0026694547101768508,-0.65518917128323173,-0.75546485669722196,-1.1341854567392323e-05,0.0020092481865244846,-0.0017575661615707124,0.99999643693510853,-2.6091882993824118,3.4131271001157284,-2.3398717487337732,0.6510622193828961,0.716901525547299,0.2280701754385965,1,5
0.44425469421049074,0.89590044675784186,-0.00039518482094878305,-0.89046895556798056,0.44160976585111977,0.10975360529198527,0.098502821490620548,-0.048406654542723235,0.99395874660589822,-15.369354808481731,-2.8231566624844624,-3.0964383025342301,,0.07712402465966663,0.2954545454545455,0,4
0.69620841210528295,-0.7111561612724393,-0.097727995979091001,0.71477091619762256,0.67420254815657843,0.18588561379834673,-0.066305235629264464,-0.19926825723989525,0.97769922644171248,-14.437163805192352,5.0439139620849707,-3.3885978986993304,,0.2845806265931787,0.3283582089552239,0,2
0.09027356150302332,-0.96479815594712526,-0.2470125550950546,0.98945358403061212,0.05867386260537108,0.13243482508744861,-0.11327969430810161,-0.25636282126703452,0.959919691812534,-0.28010795800121374,11.460556798142594,-2.7677007329369059,,0.1826466850704612,0.1304347826086956,0,3
0.61828097507824831,-0.78088163997164328,-0.089176791888290627,0.78513392718597874,0.60845313119201527,0.11554005160183452,-0.035963206723159703,-0.14145194059407373,0.98929166390117607,-14.979438740838317,1.8153806357878479,-3.3054274909514532,,0.08139246572444248,0.3387096774193548,0,5
0.50570870726763473,-0.83326052037890197,-0.22346276775243878,0.86037864180003576,0.46812559885152527,0.20151182703312309,-0.063303207880993695,-0.29416887815977982,0.95365474622328239,5.2937273896651593,-11.983380100060288,-0.98601598276091584,,0.2385376982737858,0.1851851851851852,0,2
0.039575961395373865,0.99911559981066422,-0.014204277334946931,-0.9951007336099934,0.040697882767731119,0.090101122673783104,0.090599521237609087,0.010568848243788034,0.99583132417006981,-1.1042726571300372,-14.045905073389108,-1.3767205363156862,,0.08119118622981125,0.4814814814814815,0,2
-0.33621460333015257,-0.93817554886501564,-0.082379487855733013,0.93615673875442595,-0.3424732046615373,0.079515184546927686,-0.1028119691097461,-0.050385946460113754,0.99342385486110252,-4.4573662781778243,9.4646207204753399,-2.9009712322255097,,0.2638570766901086,0.4473684210526316,1,5
-0.44722149988007148,-0.88165955092539261,-0.15056349593129781,0.89441012501661055,-0.44174460451897674,-0.06994449689677798,-0.004843378241449957,-0.16594619802938412,0.98612291376217498,0.83861676111561523,-15.191612836676191,-1.1551387170240397,,0.3981324606232974,0.4117647058823529,0,2
0.48408351791392923,-0.85462057948939485,-0.1878478448034088,0.87423781105143539,0.46328792726297152,0.14516385975984025,-0.037032383289084363,-0.23449512055816957,0.97141167432882924,-12.804808616135476,5.2244685897787191,-3.2340763737060918,0.7370179742748604,0.3952093655136626,0.3783783783783784,1,6
0.95925574479908948,-0.26550117568262871,-0.096630956639609467,0.28157386368568688,0.92657755257896646,0.24933952423530262,0.023336138477873396,-0.26638912284084476,0.96358303216330388,-12.572564038391322,3.1558479948466651,-3.1304959550878522,0.6788940411791713,0.4035923814410741,0.7058823529411765,1,1
0.85898106639315452,-0.4900560775583202,-0.14831240145797547,0.51200462069799102,0.82120361731058922,0.25194421465853994,-0.0016721130297657667,-0.29235194503227757,0.95630933503435944,-12.890987553296787,-3.1107681079720804,-2.8550561579783782,0.8878274729910878,0.5006198518444963,0.148936170212766,1,3
0.57986752917201978,-0.81138180837075013,-0.073574517714687787,0.81353845813924275,0.57182428509111183,0.10569845840154599,-0.043690110326722223,-0.12114680361054146,0.99167264066050953,-9.804183757029346,10.858734264581248,-3.382401748309833,,0.08152575080218394,0.5,0,5
-0.68053584421780133,-0.71753095770773279,-0.14839234975492505,0.72645776214698732,-0.68715292730414113,-0.0089428358891403947,-0.095551475923478749,-0.11388669469421338,0.98888813129720154,10.344287702375274,6.626245734066833,-1.7870948221541383,,0.2914657377079898,0.2592592592592592,0,3
-0.88882953604184789,-0.4521150785604594,-0.074659303491951032,0.45034095823859682,-0.89195740302710536,0.040062607477346281,-0.084705827381450438,0.0019866865407249319,0.99640402241470938,-19.396124742359124,-2.9997051132052208,-3.4172888928855847,,0.0917820799808384,0.3888888888888889,0,5
-0.83787341236070234,0.5415888375959238,0.068188531664267749,-0.54583913122110816,-0.83247793612350607,-0.095079591371301952,0.005271402737283157,-0.11688463055100086,0.99313150964720531,-3.9241234715144993,-5.0051874946865311,-1.9921706433849844,,0.6845815606120139,0.2888086642599278,0,1
-0.14985940823815194,-0.97742519161363139,-0.1489367401334098,0.9841418803429014,-0.16192481146500715,0.072423164713786431,-0.094904779213953433,-0.13572159088029376,0.98619102239438006,-1.5208950728390527,8.416486624322161,-2.6280538081958134,0.3936456264312089,0.09737399972256,0.2372881355932203,1,4
-0.41555181765116894,-0.86772994670973147,-0.2726929159878112,0.90565225136806971,-0.42252382018987411,-0.035603665037477306,-0.084324886236245122,-0.26176012101785212,0.96144212129798157,-0.48111026055997619,12.567478676505297,-2.8561795796175264,,0.5191012255503792,0.6,0,3
