axis_00,axis_01,axis_02,axis_10,axis_11,axis_12,axis_20,axis_21,axis_22,location_x,location_y,location_z,dbh,dbh_approximation,score,reconstructed,number_clusters
-0.5366121106843319,-0.8435115028395922,-0.023147078524052525,0.84382177127504698,-0.53629173653560624,-0.018867740878703635,0.0035015695263931521,-0.029656667056774798,0.99955401110191877,-2.7911554467438813,3.8584109065150405,-1.3218917273627699,,0.09650062066066163,0.4361702127659575,0,5
0.43647286602485141,-0.89971134146849918,-0.003307454762696642,0.89909155408792374,0.4360292041374898,0.038896150284964758,-0.033553160682946608,-0.019950818834880323,0.99923778463186808,-8.7879730911784648,9.8989665645523583,-1.6572567948301642,,0.07060350061027099,0.4444444444444444,0,5
0.036082431523579296,-0.99933650242517624,0.0049611547005715935,0.99905379934437133,0.036191953679884988,0.024117390082896834,-0.024280942134187578,0.004086246376547662,0.99969682326174647,-9.3378771780665222,13.654859404209457,-1.7927781408499868,,0.1138600702604573,0.5,1,5
0.80948833257648967,-0.58575160553399419,-0.040295111823666824,0.58140941421250669,0.79014119059764842,0.19401028835090064,-0.081803010260035752,-0.18047702218088021,0.9801715727244481,-23.433344272337113,8.3308160157024247,-0.95181415440606765,,0.5095369265648579,0.4426229508196721,0,2
-0.9150262629015492,-0.40308529870317461,0.015785441704236697,0.40300612940563546,-0.91516186011453293,-0.0080516739375466138,0.017691745586955313,-0.0010058633509923542,0.99984298286131212,9.1668789562702742,1.9773824462010641,-0.9093713732193458,,0.07971191754083522,0.3478260869565217,0,5
-0.11546951776965456,0.97383164865563243,0.19575165527447233,-0.99122343516608213,-0.12573705768699767,0.04082026337210503,0.0643653015497858,-0.18932013205380188,0.97980354947077819,7.9425901935476162,4.3922797095957664,-0.9572772233663549,0.6405019528197864,0.6249321678099096,0.8055555555555556,1,4
-0.16212328883850652,-0.98655811990408082,0.020472304890069681,0.98664355697384687,-0.16173475447241406,0.019400017467608503,-0.015828161554070349,0.023344062351564589,0.99960218289814917,-1.6242773258766872,4.4740034581129393,-1.3185601434689795,,0.07349290194717437,0.5371900826446281,0,5
-0.94532089139727582,0.31688367923931249,0.077156633672145772,-0.32184869741618238,-0.94465477994064839,-0.063566993847380668,0.052743039913981347,-0.084923969331648655,0.99499049803181061,-28.486325784362158,13.089473724332862,-1.0038599145863236,,0.1908520780958827,0.25,0,2
-0.074203472546843174,-0.99712387165426397,0.015421713238199929,0.99694454799857923,-0.07379399546702764,0.025612779015976292,-0.024401083539441842,0.017275150078181287,0.99955297824171274,-4.1801316252334733,-5.919041930319267,-0.69634377381153312,0.2865785739076136,0.2202885591374575,0.7183098591549296,1,5
0.16852645015251957,-0.94679110607207495,-0.27419962994469382,0.98522565781356519,0.15319431472226419,0.076563079369907971,-0.030483418194443414,-0.28305141476345341,0.95862018433558438,-15.818593939262435,2.372570554699589,-1.0218121306452039,,0.4603547269905508,0.14,0,2
0.90132210495716303,0.42839737034707925,0.063985593654335496,-0.43258142549930645,0.89782752887424144,0.082334917917994146,-0.022175965110412057,-0.1018892608437335,0.99454854335831244,15.319717170658143,3.3112537358613605,-0.92130142110261037,0.4948865927939771,0.342383742444567,0.5671641791044776,1,5
0.89780743100171523,-0.43984352301299173,0.021897308090697294,0.43847873589500064,0.89743415787869252,0.048459575322973368,-0.040966022579955283,-0.033905862857040545,0.99858508774059762,10.949316101366543,4.3377910049698265,-0.92094443508185075,0.2346088782795636,0.212270669713607,0.6714285714285714,1,5
0.99854155476712469,0.042302679791607123,0.033544696834246747,-0.046047668882734066,0.99169113289271882,0.12011789680318753,-0.02818466948039041,-0.12148736652180706,0.99219274547936331,-6.3035500857952105,19.871183637185503,-2.1613769179201721,0.2593966548865999,0.2045671640595016,0.4285714285714285,1,5
-0.82818302464792048,-0.5600094356137002,-0.022412266923388192,0.56024313024557804,-0.82609715321560595,-0.060754657942468211,0.015508471802745763,-0.062872294953301613,0.997901078178417,-19.35441057720363,2.1573892189517867,-0.87319348259146989,,0.08663706011808692,0.391304347826087,0,2
0.64481239371033305,0.73786734887969463,0.1994210429588669,-0.76433733705376916,0.62168183346682149,0.17117281654189334,0.0023263927235030778,-0.26279930250018346,0.96484771570559957,-13.346123503680113,5.1782873975076749,-1.3905812406602451,0.2051505541564493,0.1308101133547058,0.2058823529411765,1,6
-0.75583713663921626,0.64838911613762495,0.09111408755674863,-0.65372282923695324,-0.75512607569232015,-0.049305905771501103,0.036833210713465479,-0.096830593738675641,0.99461909830082773,2.8213703862711283,2.4851789733048024,-1.1017479777121191,,0.07811176073159457,0.3396226415094339,0,5
0.26442470270064966,-0.95301736154650707,-0.14777511696022191,0.96354924163656364,0.25461112851242557,0.082134232687912229,-0.040650160433583209,-0.16410692193982357,0.98560462794579085,9.1175725419185873,18.841787039535159,-1.82849397174995,,0.5093564259906824,0.5666666666666667,0,5
-0.93437007127598526,-0.34916085315744189,-0.070987805474449828,0.35455838693169944,-0.89145414805561662,-0.28213091317830868,0.035226696695862959,-0.28878400325641723,0.9567459847331975,-0.41286003988107511,-18.701121238027209,0.54984393455120018,,0.5370650091025014,0.1818181818181818,0,3
0.85567460954621277,0.50924591176659406,0.092138829637380973,-0.51723693547752692,0.84737979464744928,0.12005597111790543,-0.01693857006221856,-0.15038645209013007,0.98848216972891845,-28.287892228061246,10.099898654701043,-0.81030947421507105,,0.2369104186947428,0.3333333333333333,0,1
0.67995958603479656,0.7207657279490064,0.13472834435829636,-0.73312763578626294,0.67162285919384135,0.10698880621230568,-0.013372771060363784,-0.17152113695527177,0.98508967539597048,17.198026257356517,14.20276594558562,-1.4667889581226679,0.4375230705576205,0.5495102652891207,0.8648648648648649,1,5
-0.15285053053984268,-0.96069676037503116,-0.23172925995352284,0.98809065400012674,-0.15276681154033911,-0.018416318019609738,-0.017708043124226688,-0.23178445999832969,0.97260597844758911,3.9123567297677595,-3.045636637671409,-0.77829501635787113,,0.5957535451504224,0.125,0,1
0.4758493897328413,-0.85835884122420503,-0.19180056825547248,0.87807190896686171,0.45109086275488364,0.15970834737841921,-0.050567588178334719,-0.24441181074427301,0.96835209804829336,11.397436068513706,9.446460031651446,-1.1259416147881076,,0.3733964279275186,0.4782608695652174,1,4
0.99907900107155023,-0.021236016978919921,0.037285133776657597,0.018384232397118082,0.9969967660156096,0.075229439407612467,-0.038770731448361698,-0.074474694610222519,0.99646894093377136,4.6186355934205992,14.701159244042547,-1.6961343026748577,0.8174141232337451,0.6699482090157467,0.9543147208121827,1,5
-0.9976056557920655,0.063110293773704418,0.028285090621769024,-0.064650895650856632,-0.9962591460263529,-0.057340872424354226,0.024560480924180086,-0.059032235080849996,0.99795389572772064,7.1157146659229085,14.530156803229445,-1.5839346193426085,,0.1223126602992353,0.3846153846153846,0,5
-0.30905066327581643,0.94994801019905917,0.045677844165706513,-0.95055737428633436,-0.31007426746368899,0.017164697688176914,0.030469094483554029,-0.038114650407754393,0.99880874430776145,3.9593313807885857,-5.1704438424006929,-0.69802442730801317,,0.09186509912761702,0.4117647058823529,0,5
-0.018278467131952567,0.9804021747440772,0.19615675720298137,-0.99951739265385542,-0.022846164145204635,0.02104838631079143,0.025117313187203765,-0.19567735827359695,0.98034661831278935,15.125514859512888,4.6974852205795754,-0.93682088520141193,,0.1099821190470042,0.3181818181818182,0,5
0.67496838432207351,-0.73723097280869654,-0.030135907107526901,0.73679874665524747,0.67127138143846499,0.080761001658918932,-0.039310139823038694,-0.076715221392097563,0.99627781653204306,-9.5947606971678816,1.1427490904714175,-1.1760452024873429,0.6185832316557265,0.4959669537032459,0.9201320132013201,1,5
0.77597887876895633,-0.61729385302450202,-0.12963440408562876,0.6305095425125502,0.75333524957577813,0.18693239031054257,-0.017734049314420488,-0.22679131545269279,0.9737819071692333,-0.6199653419421769,15.77490805485929,-1.9029453893575088,0.742225680728719,0.4054055052973749,0.4444444444444444,1,3
0.29166748952587407,-0.95649125107559663,-0.0073866209808702392,0.95611482847089835,0.29131063464490753,0.031345636392430785,-0.027830025722938169,-0.01620496092627545,0.99948130993512796,-0.86252754931746989,9.5103293895934531,-1.5730842715908966,0.368061968803507,0.3942465576072426,0.8976897689768977,1,5
-0.5779484309755677,0.76101466603122792,0.29467319053191438,-0.81516945187397993,-0.55534836648760144,-0.16458115496929732,0.038397602325594749,-0.33532800349050956,0.94131862523308996,21.979808392210604,5.0650619120454916,-0.99101108284442907,,0.6704687925120192,0.36,0,1
0.22824246708538973,0.95974311604301499,0.16370255778948223,-0.9734866285906747,0.22235145274048559,0.053699305576116997,0.015138037321143912,-0.1716187130596184,0.98504713448333225,1.7745420470707256,-6.9435550693657948,-0.45127048612535092,0.3038431158195334,0.07455702458929947,0.3611111111111111,1,5
0.44023142495854339,-0.88242598532006822,-0.16589355897947661,0.89718027156383862,0.42499757107910791,0.1201857932265513,-0.035550707385467221,-0.20174599130779608,0.97879247146452231,-5.0432494902447553,-17.694087247861791,0.37783846501399748,,0.1522178499984358,0.3333333333333333,0,2
0.7849797667288122,0.60814077003211175,0.11820139445509301,-0.61945001421455215,0.76757453745343673,0.16465421143333214,0.0094045582548775222,-0.20247007995724101,0.97924328999801569,-17.152811699801415,12.951832131429279,-1.6112436944227118,,0.4795591543951946,0.7,0,5
-0.58344434077638407,0.80626518373454803,0.09761738940120783,-0.81143983105925732,-0.58374223065521713,-0.028467678517848576,0.034030894589110787,-0.095819943890442003,0.99481678542649155,-0.47176044036902665,-11.128212092964473,-0.01996104282732656,0.4631233996203151,0.4180296756309128,0.7420814479638009,1,5
0.077209146287446018,0.99164894424533667,0.10330110893244673,-0.99680485003877473,0.074650631169711795,0.028414330981735136,0.020465548337136909,-0.1051648926356754,0.99424418866201447,-12.938892931510361,-7.0847928199040249,-0.45215605208500881,,0.09151069700393061,0.2592592592592592,0,1
0.28650147538346538,-0.9524031536551395,-0.10413998996948125,0.95746244693894544,0.28071896952492509,0.066802117111302795,-0.034388476337075889,-0.11884903473150392,0.99231665290803484,-17.35852898883515,7.364910106813241,-1.2292826513658333,,0.09053468334465586,0.2325581395348837,0,5
0.50952501723323929,-0.85758252358458609,-0.070260031709071386,0.85997525166911726,0.50481121529915007,0.074887939114608754,-0.028754535817941896,-0.098579166919221695,0.99471368972152319,-18.323858134495033,2.6797428515840789,-0.96069503665380551,0.4160544532109244,0.2843765180808164,0.361344537815126,1,3
-0.33795733828120428,0.91159747699184135,0.23404033294283355,-0.9405759671799746,-0.33590756667135946,-0.049829274692504165,0.033191677651761849,-0.23697288156039067,0.97094910574119464,-14.198344313102606,-8.4161720578279144,-0.17338753450756098,,0.3505381389774095,0.25,0,1
-0.68346657054857973,-0.72988447031326031,0.011920861466104781,0.7299768144717721,-0.68343118330505825,0.0074611004477057674,0.0027013471095679179,0.013801365214298412,0.99990110763115692,5.9311108062101914,-4.6271145479602342,-0.69259670336638346,,0.09789634414938232,0.2972972972972973,1,2
0.80866610934626337,0.58115341169762058,0.09121313319359603,-0.58823509778877148,0.80047901584826575,0.11494700916520566,-0.0062123525504496138,-0.1466085170063714,0.98917508531957121,-11.096159920728331,19.244378686414521,-2.1306486535489988,,0.1325028065725695,0.2,0,2
0.52728049696331991,-0.83908952324855324,-0.13380601442621803,0.8494336980433993,0.51666638930510222,0.10732303942184372,-0.020920567641160025,-0.17024868321647474,0.98517902723953032,-14.487578094631704,11.746632042735765,-1.6154997891012666,0.5234776027052211,0.2158642613211464,0.328125,1,4
-0.3692184144822071,-0.92739826432619799,-0.060085120720538447,0.92874590901097864,-0.37052589563512311,0.011899460456758293,-0.033298632143337843,-0.051410310138592805,0.99812232772783782,-8.8028146927115465,7.4709262918212866,-1.5684187325160286,,0.121135538783254,0.1538461538461539,0,3
-0.81554487925163355,-0.57676676378336977,-0.047187393669250344,0.57851652821840105,-0.81056172363173951,-0.091149979491337393,0.014323983543902189,-0.10163558617926124,0.99471856880096077,-2.1879654309466745,10.235671395011575,-1.6361110822326403,,0.0737819491890612,0.3529411764705883,0,5
-0.058418346515050047,-0.99827567296407638,-0.0057426090382569264,0.99823680554728722,-0.058474732500181065,0.010197338367341116,-0.010515552348465058,-0.005136772055582022,0.99993151602079922,-6.7796577911940528,-9.1036530403839553,-0.14106774616112464,,0.07416877905424066,0.2926829268292683,0,4
-0.99967940695546698,0.0036441136764790829,0.025056012146400165,-0.0042762079120886552,-0.99967277613702266,-0.025220124829045898,0.024955908219502752,-0.025319184149829241,0.99936787098591917,-5.3744573651363412,-12.023835706990058,0.065811691467603559,0.4623531290927097,0.2469438697889859,0.5344827586206896,1,5
0.5338406322004281,-0.83894590851446971,-0.1057541583044346,0.84479432617068795,0.52374620880440381,0.1096013468568173,-0.036561262035953744,-0.14785016520060476,0.98833375069785678,-11.128766874638034,14.101204253531384,-1.8102970853409581,0.4339708170909329,0.3244113617500809,0.8804347826086957,1,5
-0.86364091175399882,-0.50364400060192804,0.021612408528565184,0.50379901206615729,-0.86381845573403371,0.0020569332591082452,0.017633235264249807,0.012664761780374702,0.99976430863637122,2.1599570727121491,3.4868312471898832,-1.1357933096551347,,0.1037712697073015,0.5491803278688525,0,5
0.76833010462437645,-0.63986835228485384,-0.015405910299652867,0.63797087930921237,0.76366762075068606,0.099019806960105955,-0.05159464585909293,-0.085908420781972153,0.99496619829892841,-18.870400684294022,17.870166589991253,-1.8708459223855249,,0.2226761986703785,0.6046511627906976,0,2
0.97644150632667537,-0.21544214125943256,0.012110676778944252,0.21329673768526572,0.97216688318055666,0.096933239602444904,-0.032657103596557727,-0.092066470642426318,0.99521720170429684,-16.86360446196398,9.1713165507239118,-1.3540038102829368,,0.0974619557488399,0.2580645161290323,0,5
-0.88897447953441822,-0.45750913219660938,0.020242744211561275,0.45754469113885932,-0.88918118636125032,-0.0031102141155125158,0.019422418674177173,0.0064970591735034134,0.99979025694139456,-6.4801769031068295,-14.67553296711201,0.20311061801562966,,0.08154400832351469,0.3157894736842105,0,5
0.80117868398515468,-0.59825549671014511,0.014250508198412129,0.59525755384399448,0.79915875142816062,0.083748042409641538,-0.061491145049342201,-0.058614423752868947,0.99638506030983809,14.863365397621001,1.6648728853499886,-0.82076130500305144,0.3850448694988481,0.3618609205133713,0.3636363636363636,1,5
0.10136360216391198,-0.9906573788490981,-0.091232548403467242,0.9944663954358397,0.098353041830305313,0.036922452675496861,-0.02760450153877602,-0.094470296361136796,0.99514489125967731,19.27085063422027,-1.7033123504797218,-0.65150746751602207,0.8571632803016311,0.6615427718720108,0.9178082191780822,1,5
-0.49585162906928448,0.85306351087224397,0.16252325485190727,-0.86762556793727774,-0.49459103084112205,-0.051044941698785942,0.036837966975023881,-0.16632004879099072,0.98538348147272581,-24.969142384229546,3.5723901926458508,-0.66339471999105359,,0.08054091764478771,0.2142857142857143,0,1
0.69604638275713804,-0.71798054309112791,-0.0048345416817651898,0.71674482650268501,0.69441944951491252,0.063706214901234029,-0.042382622999759825,-0.047807613180069618,0.99795698574121194,-6.9191899001436807,8.5970979906709939,-1.5949293320008029,,0.190932579103173,0.3541666666666667,0,5
-0.36729375264452868,0.92530468117305809,0.094374500091527966,-0.92948647448758881,-0.36885492551236354,-0.00096833356956875147,0.033914495616668101,-0.088075484242181534,0.99553629570326208,-18.397909708329294,6.452772356511919,-1.115217298627466,0.2836256890664536,0.3653033554024688,0.8095238095238095,1,5
0.87492686411293474,0.46778091354868662,0.12523577513259906,-0.48390688230163131,0.85435993172967239,0.18948149333374209,-0.018360602240172708,-0.22638490226697097,0.97386485936753686,15.443692849941701,0.59215750599520034,-0.71621088916284859,,0.5872962428735691,0.3461538461538461,0,1
0.80121747789161724,0.59550794472662349,0.058487955071687713,-0.59822105379762458,0.79938250283316403,0.055849663897336053,-0.013495329349624063,-0.079736452966371274,0.99672462302989495,-0.93445395346025084,8.2858811591947941,-1.5186708405560641,,0.06991434824441731,0.2093023255813954,0,5
0.90101836678886182,-0.43348599731325421,0.015993525016899553,0.43189165408935237,0.89992150903156143,0.060090570893620229,-0.040441338220886039,-0.047235238071711816,0.99806479270997894,-22.092404429730529,2.2769736116432782,-0.74239491574821448,,0.1264876377021596,0.5,0,1
-0.71964693227940768,-0.69429979255970986,0.0074893866492836665,0.69421671842949451,-0.71968051158212187,-0.011095454108779124,0.013093537101273905,-0.0027855520889144706,0.99991039597842879,26.649065090462813,-6.1610661454660116,-0.5052260239821279,,0.1705433775858214,0.2727272727272727,0,5
0.97094517572320882,0.23350512250394206,0.052352874842218115,-0.23823750447646064,0.96382270003633164,0.11953532680970318,-0.022546778054842339,-0.12853466714895703,0.9914486785206037,7.0366299648208903,11.676124546211502,-1.5240074357359739,0.5702071474475463,0.3274201994824535,0.275,1,5
-0.92329564496444061,0.38003444265134523,0.055668432602135741,-0.38195243275593593,-0.9237321630171601,-0.028831061712331473,0.040465925190453431,-0.047882286978792293,0.99803296312905443,-28.121460653148254,7.8671054764523163,-0.72040120880204384,,0.1277887615723452,0.3636363636363636,1,3
-0.85666416175113635,-0.4956792088515698,-0.14292877905972856,0.51559399980393428,-0.81354454211838112,-0.26890166484344025,0.017010036372780368,-0.30405164018908898,0.95250367913248568,-24.407248140835453,16.941703796563125,-1.5560193980357129,,0.4081002014143666,0.1333333333333333,0,1
0.95840041174638768,0.27921115603827584,0.059243405608760596,-0.28393703644901475,0.95381536666851785,0.098061234132310507,-0.029127480098789245,-0.11080332418646373,0.99341542833415075,-8.2477488828563086,10.893392113568666,-1.7000619360186742,0.1109299165049717,0.07428686809665341,0.2972972972972973,1,5
0.2687173262604724,0.93587672526107546,0.22787223104632115,-0.96313554587427341,0.25795113470858544,0.076361851575362738,0.012685379020247283,-0.23999159822201768,0.97069207988009942,-3.9216563542807932,-12.092148070320885,0.064002085341037851,0.2270810103415388,0.1962762699653449,0.3043478260869565,1,6
0.92193655960753229,-0.37960008100537052,-0.077050363787213111,0.38526286516935587,0.87808728128021474,0.28378733441684545,-0.040068750673367265,-0.29131856266746181,0.95578658196526189,4.2561594328717653,-11.829544967956306,0.049967519949517258,,0.514727140187115,0.1764705882352941,0,1
0.93875749755012483,-0.34416734785602449,-0.016828471801612843,0.34133990820787885,0.92214452837893224,0.18203443587803214,-0.047132025821773484,-0.17663042051285155,0.98314814076587109,-2.5511749695506274,8.2646579729996308,-1.520632983198325,,0.06935218415791844,0.2727272727272727,1,5
0.99828404283576733,0.045230112119574485,0.037191487966005993,-0.054587865153685168,0.9486727783356339,0.31151263958772429,-0.021192800603929845,-0.31300830117202794,0.9495139117464062,-19.289045513438683,13.394524731349831,-1.569113769998763,0.7019574335665221,0.3805167184452035,0.2903225806451613,1,4
0.75024385542194982,-0.66066457062303163,-0.025621914938076674,0.65991541986599977,0.74588984634545585,0.090332584053782056,-0.040568411660922489,-0.084679762884868587,0.99558201155558879,4.2252054778273074,-4.1937920703728411,-0.75498536040872932,,0.08565970214982346,0.4193548387096774,0,5
0.71711209720378344,0.6453486282741363,0.26320218089651548,-0.69691080352552015,0.66835333849715439,0.26003681825680341,-0.0080976523391190491,-0.36990399146859526,0.9290346953274653,-19.103285255908837,4.756249205691196,-1.0401468779988572,,0.2792362105898734,0.5357142857142857,0,1
0.98096656041246488,-0.19417131333194493,-0.0014520438995619305,0.19038632078568868,0.96032041347723252,0.20380812622809419,-0.038179264139417426,-0.20020540586573982,0.9790097748500306,-1.3623725196651186,-13.100610952786775,0.11556894093268089,,0.3476340907332325,0.3333333333333333,0,3
0.95408111966191278,0.28273762449625583,0.098937620746026356,-0.29847568605432323,0.92523976816435904,0.23418718206076841,-0.025327493738452868,-0.2529640430997589,0.96714410041087029,-17.461691228671892,14.591704127625691,-1.7142055122624578,,0.6383529336229264,0.8260869565217391,0,1
-0.99981068852501742,-0.012434276927345654,0.014965823346014508,0.010134596872013169,-0.98938412211754501,-0.14497016537183033,0.01660954717539927,-0.14479104826952566,0.98932283673411658,-19.349744438264434,12.306389222138405,-1.4199772156376993,,0.1746982044808283,0.1818181818181818,0,4
-0.62041116695601373,0.76002909790644346,0.19350905470234717,-0.78330172445467117,-0.612781650128711,-0.10458038884931178,0.039094659259503721,-0.21645881733265701,0.97550868167143012,2.8942206152161445,-12.111595394301665,0.082680389713030183,,0.4245335877705254,0.1935483870967742,0,1
-0.4636030424213699,0.85454487677041802,0.234147971682613,-0.88540228876781157,-0.45684699637673343,-0.085753186216481689,0.033689851622872122,-0.24707058806541332,0.96841164718865325,-6.4157885632646448,7.4841639936618618,-1.5591520363712108,,0.2179754843648639,0.2352941176470588,0,5
0.68207122557015121,-0.72971973982692617,-0.047832463413000854,0.72814954759354744,0.67164051818195503,0.13673789041662163,-0.067654117306672576,-0.12809416709280358,0.9894517698039943,9.2909906485768428,10.736255040255042,-1.3340215167793064,0.510264372385991,0.1911631142562867,0.1764705882352941,1,5
-0.18500368464004591,0.96142134789443567,0.20357462632276707,-0.9824747025728342,-0.18573561608430486,-0.01567608759242969,0.02273973337636628,-0.20290705441317594,0.97893392616424391,-15.492177913611838,13.905789853397662,-1.7368290816255789,0.4538722096156185,0.3692622989080986,0.525,1,5
-0.98599319764623061,-0.16529692793918957,-0.022233753826700692,0.16527396441518657,-0.95042989185033888,-0.26337717699876645,0.022403814002254094,-0.26336276557482136,0.96443668679023875,-5.3300589019266855,13.481925163284886,-1.8281814465527029,,0.5757395688187881,0.1590909090909091,0,2
0.85859856237705634,-0.50815139172625579,-0.067754496313688573,0.51150174763966172,0.8403275614141944,0.17948691230628874,-0.034270553622960089,-0.1887637481465729,0.98142436108955089,-20.176971181784104,9.6543990268822686,-1.1694306717744034,0.257403308704208,0.2529237775254142,0.35,1,5
0.60213272862498357,0.79578428795092571,0.064525531141324699,-0.79839561833931827,0.60008343957712085,0.049641738102823935,0.00078341254097533542,-0.081407816551791065,0.99668056751853062,-8.2712370054104856,-8.9574138664261493,-0.19738681497614638,,0.07369256321786487,0.303030303030303,0,3
0.99020454784374001,-0.1382351647184823,0.019646696028336672,0.13648532453114509,0.98798169975060257,0.072552857597335499,-0.029439932357323725,-0.069160683868548525,0.99717104359765285,-11.336558733441978,-6.0608818869076666,-0.54878499247981283,,0.1004849081328055,0.4285714285714285,0,2
-0.96785543694943466,-0.25074669052502341,0.019543550295846892,0.25008283484053195,-0.96772254998759788,-0.031171171996310372,0.026728802545968957,-0.025281681831881068,0.99932297465744768,-10.103643240065532,11.560232936525862,-1.691104567950179,,0.07623923229310721,0.2647058823529412,0,4
-0.66474303662696566,-0.73614155917770907,-0.12732753083042953,0.74664061484342625,-0.64884710150083325,-0.14671479523279032,0.025386758796522378,-0.19259554440687557,0.98094977891451107,-17.041470036589722,10.466415480572296,-1.370351462471727,,0.3029471249206616,0.2857142857142857,0,5
-0.089687431257336733,0.99320765199273187,0.074126410256711128,-0.99560821321852488,-0.091411975636114626,0.020202388030119603,0.026841207988420268,-0.071988962580302088,0.99704420103641089,-6.2372973532073885,-9.693421172695837,-0.064794175603730353,,0.07469153662328257,0.1702127659574468,0,5
-0.12200539002990199,-0.99242867862328821,-0.014142229303951414,0.99235044494722491,-0.12224159676308353,0.017250693721013823,-0.018848851866785501,-0.011929369926603196,0.99975117450116457,-1.6833051523163118,-10.749729254486052,-0.011864827060447905,,0.1507643733570884,0.3333333333333333,0,1
0.96637500457956138,-0.25689284258500911,-0.011199015690942109,0.25423265063464012,0.94802660743657285,0.19134082403811989,-0.03853712333759788,-0.18775414514970243,0.98145976540251856,2.2317146207110263,-10.135446799137698,-0.072449435962987252,,0.5745710317852013,0.1111111111111111,0,1
-0.80205615930298269,-0.59630521912349388,-0.033555967729021002,0.59564004827949157,-0.79451168795744875,-0.11816983788010849,0.043804682509455684,-0.11476612455375497,0.99242626247251142,6.5894848036150568,6.5752235188065713,-1.0412062367902082,0.4825488463700638,0.3182249154870804,0.4358974358974359,1,3
0.60546982133065386,-0.78940067793659308,-0.10125643254171326,0.79491904862413731,0.59362127049023938,0.12536942751744334,-0.038858738944071276,-0.15639807190244559,0.98692940047040612,-9.7224670729603417,-16.535180915126407,0.33565704483920322,,0.1073356220358456,0.1666666666666667,0,1
-0.38851204492531921,0.91968196332683327,0.056951534476687514,-0.92070930229402947,-0.38992729020181444,0.015845788876306863,0.036780043735554345,-0.04627952773281644,0.99825118767554666,-5.3370900891366491,6.4677015790372403,-1.5270802381830153,,0.06684234826158227,0.1935483870967742,0,5
-0.36667871091471066,-0.91614301858934755,-0.16195274758992095,0.93030268361317725,-0.36277400075763189,-0.054147402859440495,-0.0091454810724652946,-0.17051977558131021,0.98531181171832749,-12.772853468716935,-16.92962931579256,0.44914900732427648,,0.7859308834055029,0.5,0,1
-0.58263813845169876,0.80965667071773473,0.070631969983958792,-0.81189852853912403,-0.5837727983225659,-0.0054862824068495214,0.036791017620424006,-0.060542509866342763,0.99748735607101269,-3.7958220601433403,-9.5784262796696069,-0.062591970278794096,,0.0760992338006084,0.2631578947368421,0,5
-0.95704568887205765,-0.2883517819011811,0.030278693595002477,0.28740250678697221,-0.95727036325650983,-0.032144217571928563,0.03825373843130548,-0.022061312407941337,0.9990244991945223,-12.775654764945466,16.608372461884304,-1.9367238813320884,,0.1667691581355305,0.6595744680851063,0,3
0.0058617544148893159,0.98181633858370343,0.1897427656730806,-0.99986665082711113,0.0028624265083419089,0.016077533338779631,0.015242060193909307,-0.18981170618424556,0.98170219302824735,-16.341546856022031,17.902294953081842,-1.9407207121965291,,0.2044721134073523,0.1428571428571428,0,2
0.0083546179710342217,0.9859392903003944,0.1668949256284124,-0.99977442623298129,0.011495018872618562,-0.017859484640707447,-0.019526827931632754,-0.16670806934000942,0.98581292475187976,21.77347117467686,13.48166593938889,-1.4263683122605213,,0.2055129130967432,0.2857142857142857,0,4
0.85662955342445668,0.51297218254588739,0.055184672998273836,-0.51556564534030946,0.85514050294049293,0.054099774264896337,-0.019438969742446816,-0.074794787016151013,0.99700946148497627,5.0537036812691358,-7.7696569305563559,-0.29000044400383068,0.282016879668788,0.1695890043445211,0.6376811594202898,1,5
0.94277436293586281,0.31801630278363896,0.1002104373541137,-0.33033348278884661,0.93170745555098089,0.15100002456724085,-0.045346342073739672,-0.17546181474765798,0.98344133573182158,-2.333572245970382,-4.911082442970943,-0.7963875078405851,,0.381221742893036,0.3598130841121495,0,5
-0.96031727920666454,-0.27724332699767984,0.030444390162519805,0.27697107977519636,-0.96079156822981593,-0.012906718663314814,0.032829014990888208,-0.0039623293338298844,0.99945312832617594,-11.140162991506687,5.1847091261029226,-1.4460843980461806,0.1506953892552721,0.1190966562074559,0.3971291866028708,1,5
0.95919102443754156,0.27855438725333559,0.048580160357683172,-0.28145789731967147,0.95704275821390161,0.0696463278767563,-0.027093000477035972,-0.080477402370144752,0.99638815580721618,6.6228754609951972,5.1727661521401904,-0.97318468348173093,0.4466705744972735,0.4182275336471276,0.7375,1,5
0.99521906647010205,0.092397479336786464,0.03164989015124986,-0.097425610631288975,0.96198914216001896,0.25511789580378441,-0.006874600170085057,-0.25698170397605796,0.96639181686004694,-7.5941001404516264,-11.554397135518586,0.064591216541867183,,0.2433299396318723,0.4,0,5
0.34409553954005723,0.93687382700654953,0.062174688891366903,-0.93884881813546939,0.34241362526712732,0.036274039161015854,0.012694737266617653,-0.070854368260007253,0.99740588635931282,-4.8485986633132692,-6.5407980221093789,-0.664122542869235,,0.08244167600808697,0.3263888888888889,0,5
-0.74881220039908059,0.66094208544545441,0.049354313089131602,-0.66233979961768463,-0.74895514122552576,-0.019292129852786701,0.024213185992174046,-0.047135508047173917,0.99859499573412747,9.7978393449354222,4.317944273344783,-0.92776288101461835,,0.07829117483015954,0.3333333333333333,0,5
0.77562812670683912,0.62885608450154373,0.054231301354722448,-0.63108357747899069,0.77420829214679054,0.048322237194365535,-0.011598590326334014,-0.071704569983628771,0.99735847484538109,-12.265786932231036,-11.86634164782993,0.18837556170409606,,0.07205780461252448,0.5555555555555556,0,1
0.040563888874654383,0.99044802333700366,0.1317849915096124,-0.9984519394301461,0.035156803327888918,0.043101320489579327,0.038056478654047571,-0.13332933753524781,0.9903408464689657,-7.7473582500766174,13.087768339347367,-1.7828172591307725,0.7508982064692343,0.7935079764693025,0.6692015209125475,1,5
0.93949031786253834,-0.34254948162697774,0.0042184451680955474,0.34027659062067039,0.93453924512487208,0.10415489041330504,-0.039620506282984976,-0.096417072961813982,0.99455214218428833,-14.457596913020211,-5.470997536519425,-0.41895966795476963,,0.1492576599111199,0.2857142857142857,0,1
-0.96557679005039643,-0.25790492044133256,0.033860220438175624,0.25717450645084433,-0.96605507195645224,-0.024471844617388199,0.03902224683096326,-0.014921459692765168,0.99912692601736031,-12.297087579600211,13.783816863044905,-1.7880460112092373,,0.0888332320377028,0.4090909090909091,0,4
-0.19906159128401038,-0.9753567817446277,-0.095150571097818742,0.97998257386928544,-0.19782899584309507,-0.022312402744751627,0.002939011399932418,-0.097687443965312815,0.99521280412960722,-9.7017988970112565,-9.0086100559671678,-0.17407725363247056,0.6128136274630199,0.457314003843983,0.7916666666666666,1,4
-0.2763388278026353,0.94098020970739105,0.19543054312900632,-0.96097857025128974,-0.27319362321593249,-0.043421558607868241,0.01253155083981719,-0.19980362652660741,0.97975582216201373,-16.829259680862592,5.5971820297576347,-1.1927438336902425,,0.5993065990918255,0.1785714285714286,0,5
0.57028713007064635,0.80838435810595011,0.14590174380526727,-0.82115280759927578,0.55627912787904343,0.12752097262003126,0.021923864796464663,-0.19253119605862043,0.98104591263438046,-13.270145850732675,-5.6550838204195957,-0.47808581998931921,,0.3064731820848973,0.54,0,3
0.76505216958945588,0.63997296165006767,0.071622525530076642,-0.6438766690376726,0.76207362738129936,0.068312674657481975,-0.010863373114128974,-0.098378833123536708,0.99508974083638979,-5.7795167825309282,4.0898115424983548,-1.3536166527959996,,0.09866460427511987,0.4193548387096774,0,5
0.90542156255171002,-0.42451358913108217,-8.1911330374256363e-05,0.42256585645836653,0.90124885526039755,0.095857174209494508,-0.040618850574903269,-0.086825765386025267,0.99539509514720026,-2.9119518449960844,11.259696459866253,-1.7005657121897984,0.4076967976365437,0.1509536991193422,0.2222222222222222,1,2
-0.6792475864129045,0.72116836534703999,0.13615764824247706,-0.73283517359602446,-0.67651217887885795,-0.072690303129540973,0.0396903601990274,-0.14915582674256531,0.98801680889345866,4.4005078006481959,9.4141987667728042,-1.3427423722642735,,0.08389692994238476,0.1428571428571428,0,5
-0.99125445644704191,-0.13039780487077815,0.020273506326283393,0.12846853563408464,-0.98866634500886241,-0.077683290345159139,0.03017346393626872,-0.074399400076202424,0.9967719354708916,-5.7577991416887402,-7.1240143239647278,-0.53877838057915983,,0.06799646300000389,0.2833333333333333,0,5
0.062128614801700843,-0.99805517980455083,0.0050885447947391161,0.99779463091959952,0.062230134269401306,0.023092962062775911,-0.02336471122959596,0.0036425889307560582,0.99972037181155793,-5.3062466247204441,8.7023890030587303,-1.5677453750311505,0.2214249025064664,0.1458586184149673,0.5315315315315315,1,5
0.99934311238343199,0.034776458585962247,0.010195178272818633,-0.035640922426901409,0.99407202602101175,0.10271578131446493,-0.0065626504062989647,-0.10301167414764328,0.99465849747988633,-22.148727770426675,6.6879194299613918,-0.9487660499981877,,0.1162990666320522,0.3,0,2
-0.69980723954121105,-0.71380198716896714,-0.027505464899608329,0.71432940353581487,-0.69938435681465283,-0.024393127866699723,-0.0018250287331836226,-0.036718449811883436,0.99932398385785526,-13.713089674114006,-6.9507390451336137,-0.41068269791392414,,0.08347002350113764,0.3157894736842105,0,2
-0.80846262342295527,-0.58854696814808949,-0.00080796767487220135,0.58838813460590211,-0.80821096973722817,-0.02438096493978251,0.013696334657809079,-0.020186497469839595,0.99970241358958434,-20.331332406582149,12.092381250721324,-1.3443912914459031,,0.1039354327050126,0.4444444444444444,0,1
0.98527497262546138,-0.16795329594666547,0.032014351446656306,0.16600126997514236,0.9845258896857455,0.056145800422944557,-0.040948830075328617,-0.050004628977175787,0.99790917943283741,-19.430400960736911,8.8820097233515618,-1.1752293743661553,0.3920926106837133,0.3279167093108338,0.851063829787234,1,5
0.96924712671473512,-0.2460774795081557,-0.0024251668281518608,0.24379938283051769,0.95883962431417724,0.14556248066210845,-0.033494302301881961,-0.14167727031518221,0.98934608847932981,-11.316278824013251,-9.563402662379394,-0.063723653587929613,0.6257192327547743,0.5385743213757059,0.6869565217391305,1,3
-0.57454027554392761,-0.81807799905129253,-0.02553153434761684,0.81847572131200086,-0.57422281424353039,-0.019122061213225145,0.00098254807000766674,-0.031883335309782004,0.99949111428207116,-7.6708532052517828,3.7402624105848417,-1.3424697085314838,0.7577060144115638,0.8082164977204005,0.8189473684210526,1,2
-0.0015266715453218678,-0.99992010817888177,0.012547770061865396,0.99973314301532679,-0.0012369163952149088,0.023067570191206775,-0.02305020673850253,0.012579638204812955,0.999655160878964,0.62693006225115233,-8.0771212068974769,-0.24676981737209891,,0.06951132398653455,0.3947368421052632,0,5
-0.46043504369533017,-0.86427831853303994,-0.20254026427103428,0.88766556741823965,-0.45008263602376647,-0.097341980511761517,-0.0070292928046761472,-0.22460767765951073,0.97442392221202545,-11.300886178570073,9.9309000166242551,-1.6233438230221264,,0.2338409103354121,0.3243243243243243,0,2
0.23791261616436638,0.9597076262775821,0.14952879031970698,-0.97116331336213457,0.23259413951791594,0.052362057268593436,0.015472745370685508,-0.1576744694824381,0.9873699184318534,-3.1352829159529869,-11.238804168409827,0.017080622172310597,,0.07906262410121423,0.1666666666666667,0,5
-0.93097782415872943,0.35418951198613574,0.088487742222865554,-0.36451487634728535,-0.91525954521208008,-0.17154844744182082,0.020228589822345908,-0.1919628987518128,0.98119368610718249,-10.439677342942634,20.276101981540318,-2.2527885397841345,,0.310262672262424,0.3333333333333333,0,2
-0.83628126354459786,-0.54779505876347234,-0.023541916629159811,0.54807959604483758,-0.83395395226194802,-0.064261667469835235,0.015569349491168024,-0.066643672625387743,0.99765535945807537,-10.731053910216245,-12.90324905278743,0.1741342983869629,,0.1946097089567665,0.2,0,1
-0.55555167107070735,-0.80182467869194674,-0.22008981214745454,0.83148187829651132,-0.5358877599447428,-0.14649981162415102,-0.00047627203439305787,-0.26438890555763278,0.96441603044691615,-2.4520765309203383,-14.727841317405831,0.22651861629635567,,0.7644953900123371,0.4081632653061225,0,1
0.51670689283596061,0.83482850144070797,0.18993514703200687,-0.85616233656249341,0.50388362138413512,0.11439995433854987,-0.00020086726927875378,-0.22172656422511142,0.97510886077876902,15.932070572670341,7.1009781127692495,-1.0146309091387946,,0.149186821619877,0.1111111111111111,0,4
-0.086953263360196487,0.99389637800387864,0.067890498464685672,-0.9959197142491788,-0.088377432088176527,0.018257937105098817,0.02414648547607556,-0.066025898617670511,0.99752570290237774,1.8331050829815843,-13.701406527665075,0.17185238100068964,,0.06778199661634665,0.1,0,3
-0.60673274550578271,-0.77728908044648881,-0.16642434001572129,0.79489079841142929,-0.59456513209186834,-0.1209996789310647,-0.004898380534101663,-0.20570364391335483,0.97860207272870203,-1.6820621046107327,19.886779989350252,-2.1032885988391237,,0.3715021803703223,0.3333333333333333,0,2
0.64896364480984225,0.75846207730044268,0.059845342443855275,-0.76081320334744895,0.64726553964506306,0.047016920360429093,-0.0030752767873250355,-0.076043398694972703,0.99709976641637965,-8.6495493361430906,2.9680406141816382,-1.3041065234121534,,0.1153142304630316,0.3527508090614886,0,4
-0.74366808549665253,-0.66847201051590066,-0.010146416637058567,0.66847968140858716,-0.74328676409410976,-0.025684662084226557,0.0096277805135545555,-0.025883536839784942,0.99961860144909576,-15.223810440053597,4.4184130143744458,-1.2256606045963521,,0.06679369059083157,0.1923076923076923,0,2
0.99735216708520658,0.062354018332919599,0.037425007791321678,-0.065308561085317976,0.99434457227106965,0.083747617542404243,-0.031991352884925793,-0.085970041251597962,0.99578396519917456,-1.3355119737778707,-14.279720222616472,0.17831056266977616,,0.07512355125593681,0.2045454545454546,0,2
0.99920842807446608,0.018730716292875923,0.03509526367062725,-0.021829951642857216,0.99569199364718664,0.090116075137355603,-0.033256134414955237,-0.090810869691060656,0.99531272244944602,-11.155901491579977,-14.099054484217854,0.25079839699599304,,0.6851486079220865,0.4117647058823529,0,1
0.25615716577124575,-0.94894908918943832,-0.18406284945794527,0.96613730763628058,0.24523038296512706,0.080254358536442943,-0.031019497374415703,-0.19838771483464593,0.97963263797472866,-6.4810644604031493,-17.122333008756893,0.33575219398992801,,0.3353760987377769,0.125,0,1
0.95953439822705222,-0.2769181091279394,-0.051089132465272753,0.2788948313457657,0.90952507138404814,0.30819120294462971,-0.038876878316865593,-0.30996855543885049,0.94995162138473488,-5.2279460776658766,-16.099588605659203,0.25652622593751784,,0.421997771664184,0.3103448275862069,0,1
0.5294860161056425,-0.81991717096761207,-0.21767037350324622,0.84748904839846373,0.49991337606796493,0.17846268313850866,-0.037508286994232691,-0.27896675282333677,0.95956796488105067,-12.365257960997836,-13.582770644121865,0.26604185451366441,,0.3077168141809718,0.3125,0,1
-0.4923500240579734,-0.84358162342999732,-0.21438632983780134,0.87024111558834405,-0.48176165833367812,-0.10288880064972102,-0.016488012301873078,-0.23722510232012511,0.97131477713434322,11.891031906838375,20.60093877992287,-1.8016782754062803,,0.5591722391795382,0.1764705882352941,0,3
-0.90695514815734313,-0.41932498136260238,-0.039986488169684628,0.42078891196465756,-0.89759061987629052,-0.13140688976494067,0.019210694898698109,-0.13600602602586673,0.9905217363017127,2.2662362731355885,17.834156152256753,-1.9720200594812798,0.1394477439718264,0.19053547151904,0.1666666666666667,1,6
