axis_00,axis_01,axis_02,axis_10,axis_11,axis_12,axis_20,axis_21,axis_22,location_x,location_y,location_z,dbh,dbh_approximation,score,reconstructed,number_clusters
0.75602995607675971,-0.65443831551131437,0.011366472860405088,0.64440378909480511,0.74725709224477577,0.1623286625649962,-0.11472777394698616,-0.11540073344912487,0.98667127687217748,-10.644450652193607,6.5556823314372288,-3.6464796646375026,,0.09168686855532801,0.4411764705882353,0,5
-0.50027762798872522,-0.86528486246809622,-0.031692297448173257,0.86323978821655678,-0.50127467069979137,0.059504391053522399,-0.067374794796047771,0.0024106634739125702,0.99772482465247248,-5.1353194512861062,18.43193774541373,-5.4525463116683186,,0.6127818583899007,0.3076923076923077,0,5
-0.68673130860048459,0.72064344267996272,0.095253022577971302,-0.71831316677987223,-0.69285193057054195,0.063106233728105518,0.11147333411421508,-0.025084473824387287,0.99345078637767248,-14.324839885345572,9.7838171180444338,-3.5721097356433922,,0.1251043287370141,0.4347826086956522,0,5
0.60444082919673192,0.7777821611960466,0.17235484827870259,-0.79647730179163356,0.58549216622451794,0.15107227085220093,0.01658890384222364,-0.22859097317026497,0.97338120757203084,6.7777638113460847,-6.044008540795379,-4.0377354524043456,,0.1211930875921124,0.4117647058823529,0,4
0.71846825348982857,0.65738899954276508,0.22725112102570311,-0.6953484845930179,0.68688606482207792,0.21137175527358051,-0.017142161516853677,-0.30988261847577586,0.95062027595940113,-6.0620073512824533,-11.000294940463522,-2.2420537311867572,,0.5486437114457543,0.5739130434782609,1,2
-0.94985544448669412,-0.30636020733955122,0.062594392223679823,0.30953918757214383,-0.94959718572344409,0.049504305098561567,0.044273309523480096,0.066397351038889066,0.99681054661297419,-7.9396591484250862,12.042421523534497,-4.4663400628425292,,0.08264363761339887,0.24,0,5
-0.68384876560882057,0.70517127426538728,0.18730814111037195,-0.72034995866287999,-0.69333040677271929,-0.019720144491430319,0.11596035024817655,-0.14841300817416947,0.98210324109790759,6.9736961584109647,-7.5890549156216114,-3.9075110787459582,,0.1292007778953951,0.3023255813953488,1,5
0.35195315388026682,0.91970477532807604,0.17398880341121645,-0.93422403295824286,0.33365496644081011,0.12609448684466013,0.057917473330331024,-0.20692387394429743,0.97664122208460746,-6.3559091827152043,-15.566331443891189,-1.7425645437963118,,0.2548709461234874,0.7285714285714285,1,5
-0.3979064860163426,0.88807920648643501,0.23018634058638554,-0.91080861086184006,-0.41248117423023645,0.016939754590071462,0.10999137587125896,-0.20291526288594153,0.97299912298104263,-14.339736006841422,11.831681890051085,-3.8438194448199789,,0.09481131597446144,0.4074074074074074,0,5
0.75047550268628216,-0.65953324672774738,-0.042454874025603585,0.64646760006680415,0.71922215463055439,0.25455674092911168,-0.1373541478501476,-0.21848429863342703,0.96612548321582992,-9.282625721293094,10.932730641540182,-4.2025860607957473,,0.2658169245182024,0.44,0,5
-0.84764684622158082,-0.52846547051087844,0.047107011880668868,0.53048566087109561,-0.84567430130284227,0.058480250735680778,0.0089323961380236433,0.0745601944315262,0.9971765088015101,19.931781458734509,-4.4255441513127627,-5.5995493596869848,0.5403192982532168,0.4574028586061373,0.8991596638655462,1,5
-0.078553043024817054,-0.98925533792211018,-0.12330164566685531,0.99152460884758398,-0.090367430966519335,0.093341724165339271,-0.10348125183427277,-0.11492433951572145,0.98796964867635939,14.385967710703049,-11.353572389132948,-4.230905031024017,,0.1449204897096663,0.1904761904761905,0,4
0.32271611022225394,-0.94013782699495063,-0.10952250205428504,0.94043420867912686,0.3054205569910633,0.1493378134075013,-0.10694770380463105,-0.15119242580394515,0.98270190751338016,-23.656849561164282,10.382944259499439,-2.7587421436370954,,0.2777503424101986,0.3548387096774194,1,1
-0.92134638412853831,0.36353378375222439,0.13770994344657758,-0.37016270392364026,-0.92862694364601006,-0.025131099430982618,0.11874516022646173,-0.074129532613267268,0.99015372509390231,-7.580233224306502,-8.6222379139814436,-2.3767249003735982,,0.4161861673602232,0.7004405286343612,1,4
-0.57092579172401969,-0.82054232751057532,0.02745959045265732,0.8204201449460039,-0.5689435634243204,0.056692216439408256,-0.030895405986618055,0.054895449734585704,0.99801400966487352,14.139692616571493,-3.2201771924336513,-5.1162714480690719,0.1101042955697377,0.1367773180986402,0.6046511627906976,1,5
0.092612018073327307,0.95240606385776894,0.29042331799519461,-0.99436046151477753,0.073328179377507977,0.076617561206941284,0.051674816734121935,-0.29588117147958598,0.95382600388087735,-8.6177897749683101,-13.069219098308855,-1.7973128297554104,,0.4418783549357704,0.97,0,6
-0.83911239711303043,0.52054134789867723,0.15788315343649503,-0.53092686954643231,-0.84690371298914213,-0.029508644815201997,0.11835135911703354,-0.10858547809459855,0.98701679303957024,-6.8690601486897007,14.916196942665817,-4.8875400510742804,,0.1783526038643229,0.4074074074074074,1,6
-0.73783404893114413,0.6671685794515344,0.10240606832847515,-0.66520523069703319,-0.74445842113986405,0.057303230687702662,0.11446797495885576,-0.025840777592076408,0.99309079993838245,-18.347375753105368,2.3249669736722507,-2.3977059941337036,,0.07073365950667039,0.2575757575757576,0,4
0.22672591927923333,0.96749653254044166,0.1120081115330832,-0.9716084166230663,0.21669375610589689,0.09497842287559162,0.067619836395862651,-0.13036209413375913,0.98915786512510551,-2.9697068079696169,-5.0401788965310983,-3.1703264286426491,,0.3606285641613615,0.9463452566096423,1,5
0.028826730450574378,-0.9995026392749724,0.012786465261897044,0.99565499142974745,0.029844176276699354,0.088206933873669596,-0.088544664732317702,0.010188190454102958,0.99602010176638078,-20.180767106987222,13.058670900705572,-3.3711881150003031,,0.1482280032296942,0.6,1,5
-0.0068452271355574149,-0.99949694068896233,0.030967861063827071,0.99621839636528275,-0.0041338424977135852,0.08678604778182486,-0.086614372992291064,0.031444823097132604,0.99574553651600328,9.9964114429941731,-17.815334842536242,-3.0461231198088585,,0.3217086750708685,0.4705882352941176,1,5
0.46821475391519912,-0.88188434046319619,-0.055271640666114043,0.86596322608734111,0.4455225305233978,0.22719455508535719,-0.17573455915253239,-0.15423905096253199,0.97227963049610544,11.276973454919043,13.621976288545159,-6.7727627068610676,,0.5761619701613371,0.1538461538461539,0,5
0.1140846805405418,0.98506005112084571,0.1290014780991309,-0.99022555061996487,0.10226203198078183,0.094846379554256413,0.08023742621340145,-0.13856107859337549,0.98709816276482376,3.4872973828744769,-21.950921326287581,-2.0317133985767692,,0.1416326355784411,0.5,1,5
0.10218776393230529,0.96343343430206407,0.24769674719593487,-0.99212864474148932,0.08059019637852248,0.095843479335255249,0.072376882952582211,-0.25554106894313994,0.96408523943553182,2.4821473259151356,15.093216017473859,-5.8923543911444405,,0.1520103946402837,0.4285714285714285,1,5
0.36833066110223606,0.90640123484030843,0.20680746014579424,-0.92965213273146818,0.35695306132069343,0.091276635135274953,0.0089126987956829658,-0.22587897975187907,0.97411459813844692,5.5833753984514374,19.223805323137984,-6.7159188378981218,,0.156973513081553,0.3666666666666666,0,6
0.36396176995991181,0.91155527028650596,0.19130817865565367,-0.92995456369545926,0.34415049454315683,0.12940226647044695,0.052118513693660919,-0.22500539175449943,0.97296260679009039,1.4037333220895643,-10.731967304357756,-2.9848697022653927,,0.1233053811322301,0.5227272727272727,0,4
0.60973134939814899,0.75928866284157481,0.2273948285281957,-0.79260810866145781,0.58400542284046419,0.17524283773392571,0.00026008694921179394,-0.28708603688299666,0.95790476550729986,-15.401708679972382,20.809656206733727,-4.6266231887008153,,0.5545220599468081,0.7560975609756098,0,4
0.97969739837577774,-0.19398241985553455,0.050634261155106122,0.18018619867972191,0.96270316192980421,0.20183051259834023,-0.087897334550509104,-0.18860923306494873,0.97811073799522708,-18.639888797727739,9.9630048299484777,-3.2063741226429467,,0.116391416232073,0.25,0,2
-0.77698659088078714,-0.62775812886447468,0.047027324355380859,0.62944765769214217,-0.77583992079396791,0.043221100498315193,0.0093532784267451735,0.063183454693324939,0.99795809893787046,11.99644671695347,16.812206898999921,-7.1980237263173574,,0.4342906189224198,0.825,1,5
-0.94283968632555193,0.31581025318096501,0.10638237577395035,-0.31615461480408641,-0.94860350676779204,0.014058680091945408,0.10535457003668575,-0.020378197506715746,0.99422590171387237,-21.831098706704058,2.9732954040183244,-2.1692405465101561,,0.112560116227398,0.3018867924528302,0,3
0.70707479120617633,-0.7070366380868619,-0.012017988332877766,0.6972320926441371,0.6942334863226346,0.17862607719870119,-0.11795189115829548,-0.13468132339395528,0.98384363213929138,8.6189407173297923,-10.587986076842457,-3.7346611372261722,,0.2151298474859025,0.3870967741935484,0,7
-0.85288039604786015,0.51158507192591751,0.1042868362728531,-0.50997818847476173,-0.85908319443941727,0.043569626022819559,0.11188063870593251,-0.016024331946194195,0.99359244334306029,-20.00244781367611,10.573048932668137,-3.1169727978024095,,0.1293321486010741,0.4444444444444444,0,3
-0.98886991430933824,0.13121501221481127,0.070134963772079437,-0.12722308490161016,-0.99013818814197019,0.058657097192548163,0.077139997679294955,0.049081452223882965,0.99581144390172316,-9.709930814196106,5.6363098560188449,-3.6044662597730674,,0.2673152115734075,0.4709677419354839,1,4
0.77991569405426631,0.61269468229921131,0.1278152434184629,-0.62540263522967154,0.75487926423388785,0.19755718229790267,0.024557158134336322,-0.23401393700370257,0.97192305419327951,-11.525522360630104,21.600180915157722,-5.0773595707220958,,0.1944843743644179,0.1578947368421053,0,3
-0.7287746573274767,-0.68460008936948313,0.014498843833715929,0.68473919392525129,-0.72845857184590213,0.021916783678843942,-0.0044424249927027147,0.025900323154816687,0.99965465943027532,-1.9634472105900698,18.845767439930011,-5.8168985146681962,,0.08783506902060285,0.1739130434782609,1,5
-0.19186298494261622,0.97243439305873625,0.13251394721084267,-0.9759815856474866,-0.20324918531398134,0.078420106772575299,0.1031917607463342,-0.11428525655434052,0.98807405625711131,9.0520436579189028,-15.920678118827913,-3.1897836315300063,,0.1391947636549858,0.3636363636363636,0,5
-0.12923981692818895,0.98442873690084509,0.11915171708446884,-0.98646409778320254,-0.13986670376573512,0.085591407059833882,0.10092399865811032,-0.10647707331401082,0.9891799529677815,6.0053643405878327,14.499422400659368,-6.2658244606050824,,0.08911132540667605,0.2173913043478261,0,4
-0.94208280518401122,-0.33259935970305093,0.043100511618142094,0.3330845507095731,-0.9428866879768707,0.0044017853888607926,0.039174867647853287,0.018502960874637542,0.99906104427289411,7.4223102601246351,11.104852653351839,-6.0364864848774369,,0.07704197805091588,0.2758620689655172,0,5
0.028150087997150013,-0.99807562782492043,-0.055250463234646517,0.99752892552996408,0.024489372578649582,0.065850689910875074,-0.064370919496204562,-0.056967637941153934,0.9962986866149216,1.8031477978306594,-16.005205934610089,-2.4669514130220467,,0.3393753217979514,0.2222222222222222,1,5
-0.1991765115574857,0.96171457736433741,0.18823864887085878,-0.97071738021259246,-0.21994790336205539,0.096595484158622,0.13429998137376412,-0.16348697651975727,0.97736151116740666,10.543198867000882,9.1182056120652319,-6.1393888006431139,,0.3113394627180268,0.1764705882352941,1,6
-0.65601203537439334,-0.75436259473263723,-0.024192666496072011,0.75454967309382448,-0.65623979869903704,0.0020291469761859419,-0.017406903169424719,-0.016923423757957513,0.99970525528795751,0.40252006445143007,13.627254803144345,-5.5291295768605782,,0.09061301657523836,0.52,0,4
0.030147896804672794,0.98293301103494291,0.18147672064492534,-0.99614028833723633,0.014572086563974539,0.086557381225291372,0.08243561287249096,-0.18338579582659476,0.97957849079049519,-14.984365473402823,17.868231365652886,-4.3435953711582389,,0.08790299771940631,0.35,0,4
-0.79493025539623052,-0.60650191536434528,-0.015534339865768866,0.60667844412188943,-0.79486024312903059,-0.011766874296205997,-0.0052109973640536442,-0.018778193529723666,0.99981009444505664,-0.89461118690214092,24.218542645122827,-6.5229107970252205,,0.2387992010557604,0.4444444444444444,0,5
-0.92087436941042755,0.35419406292026073,0.16290169291627063,-0.3762226170612949,-0.91691380334298855,-0.13313759668345598,0.10221026452611692,-0.18389030162337192,0.97761823775662426,-20.671221614263171,0.80548107113115974,-2.0630753280324075,,0.0831146633114313,0.4285714285714285,0,1
0.75933246869251203,0.64171290706453743,0.10779029128876004,-0.6507027578131076,0.7487523461174902,0.12631644848542367,0.00035066187650238629,-0.16605562047198164,0.9861163257678649,-19.032676798223864,17.772215772605271,-3.9027246546000596,,0.1025053252980363,0.25,0,3
-0.80552130862688154,-0.59150986237493131,-0.035376603302568123,0.5925559008068737,-0.80443194024839204,-0.042032819643257446,-0.0035952422716690464,-0.054820946921755112,0.99848972854587281,25.861881045204356,4.3306748952734733,-7.1720507219049754,,0.2696987965724015,0.1923076923076923,0,5
-0.68948557132736299,0.71468655962583172,0.11761279021251209,-0.71554151766654384,-0.69728381184871757,0.042374782939636355,0.11229418251556403,-0.054940032980649568,0.9921550329203831,-0.75212024279291778,19.202656520404272,-5.9667558900499085,,0.07988146279207428,0.4347826086956522,0,5
0.71862579466897636,-0.69322665819931861,0.054897792288841771,0.68650314196668416,0.7198062791312333,0.10291917505072054,-0.11086209138499212,-0.036272867064175193,0.99317363829729788,-6.5609117601836413,27.360766475348356,-6.270465399638586,,0.4627112907442832,0.9333333333333333,1,5
-0.18127556082821525,0.95491812160889034,0.2350968993189109,-0.97764590981462329,-0.20087856185199324,0.062098940498317684,0.10652533064560137,-0.21858450176356284,0.96998616975687935,-6.6438629612861337,2.6174795428220565,-3.6063609155302583,0.642557620253208,0.5182964921347877,0.2939244663382594,1,2
0.78513127035803609,-0.61827557110131925,0.036113799098320257,0.60869010125171474,0.78109263029207232,0.13925036280594974,-0.11430331991746094,-0.087347702217912077,0.98959846906363857,-19.69626711645741,16.076563024032712,-3.6984322702799397,,0.1307130649921604,0.2,0,4
-0.93866980006275003,-0.3434475340562303,0.030705012633968572,0.34049500261214322,-0.93727633501582619,-0.074674125475010497,0.054425725960378549,-0.059639443072479807,0.99673515899846277,2.889267272124993,-5.1777297231632735,-3.7268591384136749,,0.2835903894424316,0.2210526315789474,1,4
-0.3262330616549704,0.92801433952266899,0.17989267668120645,-0.93792317070556885,-0.34148677090935259,0.060719940279245647,0.11777994454420544,-0.14891665767874368,0.9818104265737635,-13.378952046297867,17.806125956242251,-4.5235594307369986,,0.1072734100129016,0.3684210526315789,0,6
0.4041099669132886,-0.91467357781473102,-0.0082085741112582107,0.91043784745772049,0.4013398441319288,0.10014617031475503,-0.088306628051882621,-0.047943462116939332,0.99493887444523366,27.80855086791993,8.9370803252677824,-7.9855345700483484,0.593580064323793,0.3680948196482765,0.8235294117647058,1,6
-0.1309125044857069,0.98418142651062701,0.11936848780472861,-0.98678207112306482,-0.14095579457794577,0.07995378718343886,0.095514712371207275,-0.10732373309947721,0.98962546250298045,-7.010996020677843,-11.339345319084131,-2.1246716595668893,,0.07345205340139097,0.2432432432432433,0,4
0.570453434103805,0.80909289715287325,0.14125000281751401,-0.82077190594859184,0.55523391158101565,0.13434575481183755,0.030271404405701377,-0.19257203121745531,0.98081581087790981,-10.15771136062229,14.527533988519693,-4.5351039623164722,,0.08167449861493284,0.2258064516129032,0,5
0.2455508998688061,-0.96885462374359366,-0.032023017101434188,0.96258867754531507,0.23979208891824846,0.12618554574032442,-0.11457658327590435,-0.061809967989653603,0.9914896542183067,-4.5911776953716323,23.63977602267245,-6.0606796424997871,,0.2118335348597856,0.25,0,3
-0.51229023915531913,-0.84793043170317417,-0.13628167102679314,0.85751117886080652,-0.51376468972877853,-0.026840672805314523,-0.047257687151785827,-0.13061327106983026,0.99030645985245558,-3.0562382824016643,11.794911319749842,-4.9544357445937024,,0.4583239836907811,0.2222222222222222,0,4
-0.15968264287592879,0.98081040593001323,0.11185884490536811,-0.98225423488388397,-0.16915669317293863,0.081010068556159609,0.098377190531321712,-0.096937922270909554,0.99041656266894329,-8.1209077541991839,-21.302541682050393,-1.0167170723986734,,0.1149935103700227,0.4,0,2
0.47327709861902006,0.87057242306396421,0.13458248074434362,-0.88023390281995006,0.46135992623962002,0.1110643722646104,0.034598616289124536,-0.17102828614212184,0.98465844895078591,-9.6079232227704683,23.425443839429068,-5.4883330048174814,,0.09715407565397001,0.5263157894736842,0,4
-0.99714662941380483,-0.0040886617104104071,0.075378261416053097,-0.0052790511405745597,-0.99231071197385134,-0.12365913844517934,0.07530425663761782,-0.12370421879372862,0.98945769752167279,17.528351605301257,-0.014357676337700668,-5.7887388152966999,,0.3891788897236676,0.2272727272727273,0,1
0.60336514500891225,-0.7964716033200232,0.039793050815516443,0.78901642767372393,0.60347347076728575,0.11520784235927879,-0.11577382540699391,-0.038115025710572355,0.99254403739366315,9.3138176344761447,11.247932338215522,-6.2609876267468119,,0.08812836807436722,0.4,0,5
-0.87660555521140882,0.47343388349461635,0.086157173419900382,-0.46912978806838485,-0.88065590178802222,0.066048653225030438,0.10714449364952464,0.017479719824244632,0.99408979316531354,-0.45659020398356198,6.9157588663553833,-4.6836616392984043,,0.06606272894231294,0.2777777777777778,0,5
0.30594066304114348,-0.9513666413461529,0.036080804199557122,0.9464154390729429,0.30802860828612078,0.09703707106917675,-0.10343175229258421,0.0044598442861542732,0.99462655424366653,-1.4684521654377716,19.75022746008273,-5.988745889512276,,0.135536349471998,0.8064516129032258,1,5
0.4634379593443414,0.88191078977642301,0.086363283371344773,-0.8850818286184019,0.45594886626188114,0.093492181512742412,0.043074522496005116,-0.11976639858671514,0.99186722663938731,11.078078054025205,-1.7662666413635351,-4.8992268007369359,,0.08214765287687628,0.3243243243243243,0,1
-0.30724990936634466,0.93715480692143882,0.16534316151088427,-0.94575445847378781,-0.31998461792355237,0.05619918655346242,0.10557460618598452,-0.13910683720205677,0.98463358178172811,-10.03185781516742,13.465682220546656,-4.4678581377549698,,0.0803341879048781,0.2040816326530612,0,5
-0.48903768443550166,0.86307561747490436,0.12626409514297929,-0.86552655146132706,-0.49810520354191246,0.05248804549544818,0.10819395508726391,-0.083616294612848571,0.99060707818882054,-15.53082446890793,9.2464852928819461,-3.4211573315307473,,0.0776899205651945,0.2333333333333333,0,4
0.79660208650272035,0.59682847276588757,0.096025464723959203,-0.60444455172349354,0.78863822258751071,0.11267891446849208,-0.0084793673878947248,-0.14780232734957593,0.98898057228580138,7.3524080250810284,-5.082495743791319,-4.2058319728363482,,0.2142977760327912,0.8224852071005917,1,5
0.88125776896983166,0.45340788787859215,0.13343924400186702,-0.4724079937830778,0.85376583776450887,0.21889399643689386,-0.014677603352160588,-0.25593980049171988,0.96658128808915833,-12.412134899154417,11.123598872589167,-3.9518510764223143,,0.2301366117787024,0.5652173913043478,0,2
-0.94539184487580286,0.30914588478434074,0.1032621981328771,-0.31432700297170335,-0.94855538000241446,-0.037963486026737436,0.086213658112582109,-0.068348467352111558,0.99392942011264795,-8.5327847680360307,-25.517964419919622,-0.55504587720200926,,0.3027362732653684,0.5384615384615384,0,2
-0.58700745429916235,-0.8077935497873876,0.053775733552500232,0.80921786871020474,-0.58345722790152654,0.068877457630063282,-0.02426292557240628,0.083947865555703868,0.99617471675972125,2.5396551312084079,-25.148218624621627,-1.6197683138216052,,0.3344320399334464,0.775,1,5
-0.86308888212766688,-0.50474369292420529,0.017646132744920277,0.50443798452679944,-0.86323557474074197,-0.019148427313035309,0.024897817457684834,-0.0076254150875706018,0.99966091837712023,-6.8026155415806189,16.362641900286253,-5.0548979092193393,,0.07966545591079713,0.3333333333333333,0,4
0.82185720955319486,0.53887000819184083,0.18485086252642061,-0.56963271461018405,0.78204855537222473,0.25282133510850935,-0.0083245150771023638,-0.31308013560675152,0.94969022904165401,22.801398641905173,9.5723924438439596,-7.578430685217489,,0.5222848284213152,0.3703703703703703,0,2
-0.369445439461902,0.92240983689651557,0.112561805499672,-0.92350796726933704,-0.37790599265670471,0.065727430378861598,0.10316540917797727,-0.079669024788148454,0.99146847899388413,-9.0252271111195981,17.211444873602325,-4.9171642871602712,,0.2752763843022048,0.9420289855072463,1,5
0.075050943407111465,-0.99406031370212811,-0.078812743995682805,0.9917695660914525,0.066188484888697482,0.10960023833418596,-0.10373275118531385,-0.086389682199700002,0.99084627422267701,7.3793784244299543,20.465256515523269,-7.0236513016566455,,0.5030473302370478,0.5476190476190477,1,5
0.69064166163403062,-0.72280923144250087,0.023683541899143613,0.71414217384167045,0.68679453793562395,0.13533003436963909,-0.11408352534910728,-0.076551143709913227,0.99051747669620938,-0.45755371365726499,-20.339616561327734,-1.8230322083482793,,0.1631027270115026,0.4642857142857143,1,5
0.96048414261415549,0.26566678261467896,0.083014290347617814,-0.27391699230998279,0.95514644196785226,0.11253779685069082,-0.049393249646145949,-0.1308297940505887,0.99017365743493535,1.1332147011138616,-9.680596891611664,-3.0561773514079587,,0.08245281253218525,0.2112676056338028,0,5
-0.036291057631092354,0.99160535779548753,0.1241038819993192,-0.99538944431944543,-0.046900849244467066,0.083666985589144274,0.088785208641096458,-0.12049533074535292,0.98873558750311286,-10.056212488599522,8.0266661216900488,-3.8485302676069799,,0.1204515874394786,0.5816993464052288,1,4
0.48042320775647013,-0.87281994141473651,-0.08590047332674712,0.85750926030858166,0.4469148733022088,0.25484301933994391,-0.18404187005682143,-0.19609295216821598,0.96315945937105407,20.461058795936488,-5.9443021875065343,-5.5199666205977564,,0.748779805866749,0.3823529411764706,0,4
-0.72576635629167796,0.67021391491650406,0.15516605404338726,-0.67528712986870065,-0.73712044497980034,0.025312878668275619,0.13134111431229276,-0.086410403569682881,0.98756405050312079,-7.4389370641391155,1.3627612602108004,-3.3588735383844508,,0.2482791578403205,0.7410972088546679,1,5
-0.51886685085921402,0.83376485297012182,0.18871502598138357,-0.84750540553085685,-0.53060047940304134,0.014061253615586154,0.11185606230965427,-0.15264108624146661,0.98193121964606311,4.5868742795568203,-10.690379787735427,-3.3097159703430026,,0.1188374222863078,0.1714285714285714,0,5
0.96981573940630095,0.2305066938485342,0.079524183056657052,-0.23865241832236392,0.96419696388839082,0.11562542132808494,-0.050024542263752678,-0.1311139920810433,0.99010437139317531,-17.176643075967558,13.964617165869379,-3.750245296584036,,0.1346703290403117,0.3,0,4
0.99610784694775423,-0.042196878691793609,0.077385920410495884,0.030864912445935457,0.98935885357529219,0.14218444370566033,-0.082562185223104934,-0.13924253043109136,0.98681052045989681,2.0083035724009819,5.3717466918821151,-4.8018353646852541,,0.0930927201040794,0.3968253968253968,0,5
-0.40645208922852233,0.90089500968917824,0.15226582242547537,-0.90682123778917023,-0.41813300162688266,0.05329198481021076,0.11167784854790021,-0.11641724299961069,0.98690175989106599,-12.0376861472018,3.8365138143657398,-3.1916574643192765,,0.09188364283715644,0.3006993006993007,1,5
-0.8154916310299487,0.56855553457980446,0.10824972895480332,-0.5676433240892047,-0.82219774180997374,0.042094298658361111,0.11293562917464736,-0.027119687705691276,0.99323213107595032,-20.478121575819472,3.1014457050380897,-2.3144549440157265,,0.1514527947337974,0.3968253968253968,0,4
-0.52968698306548179,-0.84739145339041211,0.036870376888130101,0.8476057540575741,-0.52720224664503235,0.060185353873856887,-0.031562408961912584,0.063130942122822151,0.99750603932367532,15.123079390751039,10.985523019050525,-6.8666493993507647,,0.2323170782548661,0.6470588235294118,0,6
-0.68494867717758101,0.72261167934190784,0.093154015003925422,-0.71932079531696203,-0.69101443670376239,0.071250555728056553,0.11585725293332637,-0.018204646265491984,0.99309903222039919,-11.279102432505978,2.1262839841992411,-3.0915753254764939,,0.2127398544379845,0.8006482982171799,1,5
-0.80484919749901318,0.58616175822120076,0.092909431621479091,-0.5828492043009037,-0.81018434024761021,0.062354950592147816,0.11182385403391788,-0.0039658563484475254,0.99372013044540142,3.0537704281600768,2.0306593721029493,-4.5064493824829093,,0.1427920824973872,0.6615384615384615,1,5
-0.30691416054939291,-0.9517329400260266,-0.0028476171931540728,0.95170282426443664,-0.30692713122118342,0.00758092391666662,-0.0080890259832336209,-0.00038339242507618891,0.9999672097968475,-9.1220104640991373,-10.263192259034364,-2.0453130273904807,,0.2754390675046618,0.6285714285714286,1,2
-0.9688370377993698,-0.24253051371031595,0.050336310031162443,0.2423072615116941,-0.97014183241828844,-0.010583761655911595,0.0514002452022028,0.0019429131467666608,0.99867624377555797,-2.9389383561584239,7.7896836179753759,-4.5342137824038895,,0.09553496793276273,0.3125,0,1
0.9977961207918975,-0.045804498816436293,0.048008845235202803,0.034668138736449861,0.97678338855682978,0.21140561013366854,-0.056577570548697394,-0.20927532039782781,0.97621863267569053,0.83710177137928032,6.6951674998029285,-4.7915621510602406,,0.146765370845864,0.2125,1,3
-0.47839214672289948,0.82286563220530573,0.3066481783562684,-0.87122929981199437,-0.4884885107255198,-0.04835785394601988,0.11000209590256371,-0.29029489527810431,0.95059371588103647,-0.53869714717943462,16.95611820220125,-5.7630289797426686,,0.2883071839638278,0.3181818181818182,0,2
-0.9968231134477159,0.0092682309547363877,0.079106133715235047,-0.021455467621628189,-0.98773838963624738,-0.15463678911543274,0.076702955650615176,-0.15584278467020288,0.98479931105819596,-12.299753442262571,23.239562232363465,-5.208066817526344,,0.3496264545522659,0.1875,0,1
0.51865932363511769,0.84795105610792121,0.10941440696647653,-0.85419543342422077,0.50843749085880729,0.10881856186519699,0.036642427915899146,-0.14990104847753266,0.9880217650141957,-7.2927992140069318,11.189248078598611,-4.4408381891886979,,0.09748986701122908,0.3181818181818182,1,5
0.40549455286688163,0.86437361034049109,0.29737590578631801,-0.91176249995518543,0.3592197937883308,0.1991237892019436,0.065294037022983614,-0.3518798111537722,0.93376511352246805,0.89032989790921202,17.061786987260774,-5.9204715071003555,,0.4103716528109558,0.25,0,4
-0.44339427793088459,0.86870341782312444,0.22080735078472774,-0.88612163793043974,-0.46190476920055584,0.03784741710148757,0.13487014899384556,-0.17888084316718114,0.97458282708971145,-7.971179492138516,-17.910788553652459,-1.3477427414142258,,0.2819884600519519,0.3846153846153846,0,3
-0.43694186065820917,-0.89916916020840998,-0.024013157531786854,0.89890380952079896,-0.43746504302915751,0.024418791053070852,-0.032461540837403415,-0.010915926786193469,0.99941337338904035,-4.093224310458222,16.953726245431824,-5.371374018008396,,0.2441842163662627,0.5263157894736842,1,5
0.66681332002569571,0.73527524493590812,0.12136849023017274,-0.74508111600331428,0.65458588624834113,0.12795095974525306,0.014633072526534705,-0.1757487744165406,0.98432628811767442,-6.4541608552182641,-13.28304155207789,-1.9898320225733148,,0.4719417379549203,0.6301369863013698,0,4
0.78605133196533827,0.58268416227132691,0.20640365925457713,-0.61759419933814463,0.75455742683863281,0.22185692359387257,-0.026470898348822245,-0.30186463297448951,0.95298322907582345,-9.2921695533084581,-6.68032741948491,-2.3772867773385502,,0.1869235243233059,0.2421052631578947,0,2
0.98228235873536063,0.16986136213883066,0.079173766928440192,-0.17866488059091193,0.976313477881667,0.12202808426768032,-0.056570559133997729,-0.13401160606061674,0.98936376590227038,-5.0858162340830475,2.7693929536358874,-3.7655231173168255,,0.1376061183478442,0.6144578313253012,1,5
-0.035783390507355094,0.92919062790388351,0.36786454841338773,-0.99420818077605422,-0.070426307901818724,0.08118022193420936,0.10133924334514934,-0.36282903986713322,0.92632901584012117,20.294804068327529,-7.3465868100611909,-5.3566631765152177,,0.4171874869968685,0.3050847457627119,0,2
0.9420245647269585,0.3245144416700344,0.085323482105288784,-0.33450728426292731,0.92821784045143485,0.16283893098002414,-0.026355193530439976,-0.18193959935995696,0.98295645171020296,1.5965408889332335,-14.508888062481532,-2.5892886319604722,,0.1295489429905662,0.4782608695652174,1,5
-0.53285076430061462,0.82402369075552728,0.19249680531866256,-0.83458908725073178,-0.54932461564877855,0.04127374570248396,0.13975377786035789,-0.13866298610646652,0.98042922123822718,-3.2576450914114066,7.2084834551501658,-4.4208570238485159,,0.466394337172205,0.3942307692307692,1,5
-0.99349361768177913,-0.086732205038978688,0.073810271877615463,0.085564946582083162,-0.99615448852898136,-0.018838123578764045,0.075160305627214069,-0.012399983574185529,0.99709436306970667,16.001279508395193,1.9224179520353832,-5.861745737388925,,0.1523344460238954,0.34375,0,5
0.4140340870497608,0.89924204667616003,0.14120735197057863,-0.90955685414116105,0.40260314630707839,0.10303900071563407,0.035806477705947068,-0.17109777343178031,0.98460319321083933,-17.834125732120032,6.8588591765779725,-2.9468625949758063,,0.3255723544106205,0.7416666666666667,1,4
0.69764562443848144,0.675247211905874,0.2394405678141979,-0.71621992923140931,0.66566535391929837,0.2095677684264694,-0.017877238981366523,-0.31769614320107659,0.94802403182702311,-16.853584314286987,21.587441796298044,-4.580070494922829,,0.3909761850923013,0.3888888888888889,0,4
-0.16344595334049478,0.98173467553583538,0.097377857786904609,-0.98152209575790272,-0.17177331155196937,0.084310764303770228,0.099497717941833402,-0.08179826580692208,0.99166992887520244,-2.5899532012598465,-9.981974837336189,-2.6732109534547672,,0.06786138685116549,0.1944444444444444,0,5
-0.99582451272891193,-0.058990715728814709,0.069668036473174474,0.053154662510302354,-0.99514398258803116,-0.082843441335136672,0.074216721172800842,-0.078794348633861616,0.99412440314164119,-10.098863172769054,4.1961485196965498,-3.4228212313007877,,0.07910891390322174,0.2598425196850394,0,5
0.99526757288011336,0.030228253103080461,0.092351021042894929,-0.04368140465234728,0.98812338777448727,0.14732313267327896,-0.086800882834951729,-0.15065995900506135,0.98476757841211804,5.175691772502427,2.7974599656569277,-4.7904422673105307,0.2848875917406424,0.2071240779824869,0.6039603960396039,1,5
0.36858891870846672,0.92529615956948008,0.089270521961587496,-0.92800902329103641,0.36065764985212639,0.093409380115473936,0.054235244036875019,-0.11727351230824454,0.99161759847995268,2.3218931058621113,3.1921875374147963,-4.5273018048072178,,0.2871986141224233,0.9519832985386222,1,5
0.83607973227859833,0.51803765325470963,0.18057594270361446,-0.54824482147996578,0.80094196429105002,0.24066488226991678,-0.019957379420812462,-0.30021485580821228,0.95366280380368529,2.9303411677696767,11.407720725153908,-5.5698807192511204,,0.3246153194753756,0.25,0,2
0.98824367158610904,0.11622672421013382,0.099326704110168279,-0.13980750269878128,0.94992662212458467,0.27945173960472486,-0.06187332025305977,-0.29005303163104185,0.95500834084446851,11.285513131716545,-7.2252937412337541,-4.3798618846138142,,0.5190344633263931,0.1428571428571428,0,1
0.46646097815081455,-0.88333434015433721,0.046201724715524285,0.87598616113218686,0.46856578667651017,0.11443054251868059,-0.12272897525638264,-0.012905311322353891,0.99235631280916103,0.69145729136160639,-21.889812508926216,-1.7598100565738255,,0.1892351570541054,0.6875,1,5
-0.98921100783387128,-0.12953266356605858,0.06843150626561019,0.12316056825934342,-0.98826753001335033,-0.090325874185353774,0.079328786744369217,-0.080923285837853923,0.99355843582693837,10.725551112422202,10.215891570387686,-6.3109796028466905,,0.1181132112365232,0.1578947368421053,0,5
-0.59773368623777923,-0.80129941068082544,-0.025173294960301219,0.80157705946183522,-0.59788922243960285,-0.0016417780253545876,-0.013735285985871889,-0.021159681782323022,0.99968175425270067,5.1743490996125123,14.066283679014811,-6.1271411477378415,0.2228396888050258,0.1475376284633669,0.4117647058823529,1,7
0.6727665141178838,0.73095823975753471,0.11439086157660221,-0.73971394119600264,0.66153246759271966,0.12328049124238456,0.014439621946150722,-0.16755550140551417,0.98575689257889476,-15.371379295491087,11.815341755070193,-3.7492622919081127,,0.1190520761881794,0.1935483870967742,0,3
0.97062792878770776,0.21744203962786379,0.10295816266697645,-0.23501979828575711,0.94848031569602431,0.21248714114245212,-0.051450153265147847,-0.23044316032298454,0.97172466861212714,1.5204027359398518,14.421737761172382,-5.7244038056772792,,0.07420077739356228,0.2,0,4
0.99649994022476929,0.01034744006959595,0.082950585386947689,-0.033412724657008702,0.95889770357978965,0.28177789817585214,-0.076625445923832025,-0.28356326375856961,0.95588724046487927,-4.5985336185569148,-12.878708705258978,-2.2077267056222549,,0.1270137742268888,0.2115384615384615,0,4
0.92604556727074727,0.36205988786683058,0.10654691424935533,-0.37564655445078732,0.91149421255480767,0.16753497129955913,-0.036459202781369687,-0.19516899875992233,0.98009172451133231,-10.503316772600407,-10.543546876825161,-1.8931802149256158,,0.2793968260109633,0.875,0,1
0.65338011399798035,-0.75475244067162428,0.0586786156296627,0.7482213977015032,0.65562464211774019,0.1015926605104667,-0.11514845484676051,-0.022474028304071299,0.99309402948471726,-0.43914781822004006,14.811837910081842,-5.5469428935181408,,0.09622316852473801,0.559322033898305,0,5
0.16223218208292692,0.97849073008096554,0.12742295806577184,-0.98463654322705452,0.15207641036821837,0.085811672582429471,0.064587900093507566,-0.13938671584888068,0.98812941794401343,-14.79024642701177,15.373940985447858,-4.116730090198657,,0.3505075518917239,0.7523809523809524,1,5
-0.91314173089246076,0.39694613187326655,0.092768247227021011,-0.39442081245972072,-0.91783121004402546,0.044923185191340712,0.10297767719916902,0.0044315076410775733,0.99467379564291969,6.1888556468289302,5.732509756082421,-5.2748200789436934,,0.07576210345128279,0.3055555555555556,0,5
-0.30005401305378326,0.92868539945298578,0.21797022295068313,-0.94670459344214031,-0.3179610222555635,0.051489815320610643,0.11712387461945394,-0.19090368558267157,0.97459621424725462,-5.3014946815123141,15.389053587414606,-5.106389534363907,,0.1620822728791208,0.3181818181818182,1,5
-0.18909766276542336,0.96995580949545068,0.15306143068284667,-0.97684068820362235,-0.20170592737864884,0.071393198066714444,0.10012164504505539,-0.13601634639389826,0.98563441990787204,-21.482759449148567,6.3747773566022268,-2.5312910691283474,,0.0853952687840957,0.2727272727272727,0,1
-0.92241443049781557,0.37060327220969419,0.10865004848989518,-0.37239887067428462,-0.92806404328880465,0.0040264966101772473,0.10232643612432979,-0.036747056778765254,0.99407190599482809,-8.0115206570302995,-14.741088283273122,-1.6789980606863477,,0.06587921409789012,0.4,0,3
0.32563033270373809,-0.93231240244405988,-0.15734824648606699,0.93941442514574303,0.30017704437633713,0.16551217434854087,-0.10707672133264115,-0.20171099692003355,0.97357447042852363,-12.396217526453146,22.309731325483245,-5.0766784591800764,,0.6992759562364055,0.3548387096774194,0,1
0.50080458152943619,-0.86101503507979993,-0.088588263814450688,0.85809634584585037,0.48046675044252068,0.18116943165226526,-0.1134258893071886,-0.16674774686854665,0.97945380521448677,2.3225775930018777,16.695588412093841,-6.0535021313138175,,0.2525073878493768,0.4666666666666667,0,5
0.63684207440825003,0.74232092850873121,0.20830701227114634,-0.76983744820381994,0.59744291074963607,0.2245267728758254,0.042219374775417873,-0.30335063456821182,0.95194323197375352,1.3727861865505517,7.8871359782743209,-4.9771087747227947,,0.3403330770204872,0.5327102803738317,1,2
-0.98942373029012509,0.10354587603103416,0.1015821514624497,-0.11781135440207979,-0.98219803382321647,-0.14631304496782235,0.084623677021988961,-0.15673312958903804,0.98400892240695903,-6.2395164178101243,-17.003032451684721,-1.6070848895820025,,0.2587149732527403,0.3870967741935484,0,1
-0.091825054225973521,0.97610079712987152,0.19696546209634508,-0.99534414403453053,-0.09579099047726039,0.010682746816843242,0.029294954387477461,-0.19506747546891334,0.98035222530558908,3.0049590010095399,-29.917654846105407,-1.2182162360316886,,0.2252468343283734,0.15,0,2
-0.80834127571932268,0.57899398444175609,0.10653801175505236,-0.57813680951304347,-0.81486136327034608,0.041937908093676243,0.11109550600514383,-0.027693404078487128,0.99342380881273851,-0.79717336090273005,3.1973216405902947,-4.2382773871763195,,0.08321245959293223,0.3255813953488372,0,4
-0.83381577177965571,0.53561212729603191,0.13368211482811368,-0.540938803542792,-0.841051296099665,-0.0042341647070595614,0.11016564597545929,-0.075844356563248977,0.99101521886614685,-23.553965009493133,15.698813327879829,-3.2997510026198151,,0.2020727899395809,0.2307692307692308,0,1
-0.6899703069976435,-0.71691280333766794,-0.099884973204711458,0.7232029734847959,-0.68854775548725244,-0.053660484122100845,-0.030305686006576696,-0.10926125033146442,0.99355097733919917,24.153957486510567,7.6792841958953018,-7.4577574238543516,,0.1813789510816594,0.2,0,2
-0.10756865942535014,0.97300419955720785,0.20418572710518107,-0.98963610599953178,-0.12444377032260016,0.071652813831559581,0.095128130495228461,-0.19436197074513928,0.97630633671842437,4.2522904416648171,-24.909268173386067,-1.8069503976700574,,0.1080661274159824,0.3,0,1
-0.55939662319186689,0.82405738997387723,0.089469749027138126,-0.82099153551383264,-0.56569709621848252,0.077199054039654172,0.1142292282044181,-0.030269016492438364,0.99299318732023778,-14.647247967582311,0.14597693877056386,-2.5576472821261107,,0.2232605334664412,0.7396313364055299,1,5
-0.9913291664892282,0.094205960246836667,0.091606335598281685,-0.10129239466844461,-0.99194546349055845,-0.076052930534166854,0.083703849673151962,-0.084672513335049909,0.99288681683030811,7.9119442667524718,15.326321345881631,-6.5544133615998641,0.1781323800482963,0.3420970433287652,0.32,1,6
0.84822428867191624,0.51911240167982875,0.10506127035792932,-0.52945769130665488,0.83625088025903627,0.14268503208891162,-0.013788010126512644,-0.17665440749720016,0.98417636178103984,-1.3038059441244525,8.5976308322399522,-4.8251841936379538,0.1246060752310733,0.09622142005728736,0.3623188405797101,1,5
-0.094194988023780596,0.98081793381257387,0.1706560427961295,-0.99105425906442812,-0.10866044235805748,0.077487830378776101,0.094545014789033349,-0.16183043279366779,0.9822790597382991,3.0547511515565811,5.2509167881178476,-4.8635927638853094,,0.07878106165246079,0.2835820895522388,1,5
-0.37888162206976123,0.91190868467741415,0.15770626895496456,-0.91966015770421539,-0.39003030284310014,0.045842744197720935,0.10331462040410708,-0.12766719889630446,0.98642139855982802,5.0770935604839407,-9.183372952230048,-3.5009925157870874,0.3856135203336526,0.2142153438681173,0.2641509433962264,1,5
-0.95271240847239846,-0.30000461549080792,0.048335260699983056,0.30092944468115496,-0.95355806706765356,0.01298006371682617,0.042196398739874331,0.026911770926747392,0.99874682503574086,8.2925659081284984,7.4764106281092788,-5.6950777312896808,0.0360335987081639,0.1284353082056458,0.5,1,5
-0.30247215191072868,-0.95210828209650811,-0.044726015714910299,0.95138802537167877,-0.30443632813609151,0.046683479844513744,-0.058063951793451321,-0.028431343166500003,0.99790792973494191,1.4808501004205268,13.595359132862702,-5.6487280103743389,,0.3295081397306397,0.3333333333333333,0,5
-0.64237395396959063,0.74422512960398268,0.1829881409474646,-0.75871944690013593,-0.65124976351749464,-0.014783315391281405,0.1081688687054894,-0.14833307784962146,0.98300396431480996,-12.631169501339174,17.017235973177229,-4.495491847936429,,0.1267277620028273,0.1666666666666667,0,4
0.97361518621519072,-0.22490972861077826,0.038588640133941497,0.21074412021529876,0.95106439639956941,0.22597218788117182,-0.087523625186805371,-0.21187762476804881,0.97336914228714422,-1.7385935330425057,-6.7512243565224921,-3.1357713376315783,,0.1629885982721219,0.2592592592592592,0,5
0.61442298076419144,0.7650595209320814,0.19279089745115585,-0.78863391468342847,0.58833485841359234,0.17865789371463703,0.023258317220699654,-0.26181295576543562,0.9648383423524528,-6.9706400725472548,-23.170110770435468,-0.93386598601652326,,0.1939537292201521,0.2941176470588235,0,1
-0.46803966444415857,0.85775955252573,0.21257333454095273,-0.87655126252042193,-0.48116866056753799,0.011601907666265229,0.11223527378170578,-0.18090127179901713,0.97707623713845615,-9.0937346449823604,-7.9064203101781692,-2.2931155497149414,,0.2824078635718273,0.2537313432835821,0,1
-0.99358207059275816,-0.087227682948937707,0.072013889798907646,0.091918814999143852,-0.99366751261284303,0.064620475291974733,0.065921168419277865,0.070825177057082855,0.99530808991441055,5.6326547747749656,11.788180769763834,-5.9138339039788548,,0.1112399597043615,0.3414634146341464,0,5
-0.82052794580726407,0.56383819833194337,0.093916858183720073,-0.56151907720714311,-0.82582449420779458,0.052059876093591452,0.10691218864915054,-0.010019524351461317,0.99421798065113487,-10.684373946027911,12.288580199440561,-4.2668244224467919,,0.1043710982309456,0.4385964912280702,0,5
0.07741869024496166,-0.97517963354534187,-0.20743921692661915,0.99560584117421747,0.064624481764531172,0.067769354257257483,-0.052681642158673825,-0.21177431070609112,0.97589768208784389,-12.603159482482644,20.855536655815527,-4.9125583033046931,,0.5899169091721996,0.1538461538461539,0,2
0.63072165921068835,-0.77497787308130262,0.039993559942798781,0.7666438638089661,0.63026442937368543,0.1225721630319173,-0.12019723244142023,-0.046648100718511068,0.99165345762155221,5.7498173150448135,-16.568726282634209,-2.775083705760216,,0.1541971018177035,0.3793103448275862,0,5
-0.052687202239809203,0.91745491174301985,0.39433557237301031,-0.99443971360498673,-0.084258605085391972,0.0631675824636031,0.091179574057864365,-0.38881483046261511,0.91679294984579518,-0.95731767297918757,15.820631442513774,-5.6077224783267399,,0.2812547309182452,0.2222222222222222,0,2
0.46034665965613064,0.87594136259128852,0.14424868195293791,-0.88662122391004572,0.44550429471776137,0.12421243375879504,0.044539401160048828,-0.18507472190914442,0.9817146169099028,-13.623826940526495,4.959820361389399,-3.1823084157152874,,0.4891232815962172,0.8611111111111112,1,6
-0.97544402841830802,-0.21072069932716603,0.064076004074340415,0.21233065038456628,-0.97700583481354675,0.01937249719455271,0.05852044369561743,0.032502086323125651,0.99775697043634515,-9.2603002778016723,-16.131114270844702,-1.4047150764657477,,0.5832041997758673,0.8135593220338984,1,3
-0.81256988407112607,0.57618955939491268,0.087953255453866397,-0.57175005124492639,-0.81727602940325328,0.071845463769654061,0.1132786935043861,0.0080921818534378642,0.9935302985771447,-1.4001746148103902,-5.8442491767385594,-3.2353147852142272,,0.08976685043200558,0.2560975609756098,1,5
0.51028125120469914,-0.85928912221211973,-0.035146110978206364,0.85686199027955734,0.50449794374392121,0.10615721535680792,-0.073488599681333644,-0.084285403280050714,0.99372802944809635,-7.0319488970768864,19.06341680678312,-5.3026393127249394,,0.164621359572361,0.2857142857142857,0,4
0.12810948235218372,-0.99167607760461118,0.012904171348364126,0.98789748869548188,0.128746965305928,0.086503010084465065,-0.087444338642444053,0.0016661426249185939,0.99616801374473873,3.2313560067555551,18.269624770304755,-6.3411705905135287,,0.1765206223442346,0.3076923076923077,0,3
0.21255847836883768,0.93989138464242028,0.26725096510298968,-0.97395627464839463,0.18169715512705242,0.13562934377102095,0.078918111650915279,-0.28911992130202796,0.95403438237820537,24.574767693486084,9.0302957038898466,-7.6537305988010989,,0.6830537481748908,0.28125,0,2
0.28128018251112463,0.94336363169862358,0.17591622243241684,-0.95333000031726622,0.25373535643171308,0.16364681295873798,0.10974228638765066,-0.2137368178037059,0.97070757867318402,-1.2178304373109343,13.872695360311463,-5.3506768365148636,,0.3571475266853876,0.1428571428571428,0,2
-0.9944316998600633,-0.088341627157868044,0.057457386161617899,0.089723961889709103,-0.99572507636705565,0.021935882855157199,0.055273908639059427,0.026969041601832479,0.99810694107336984,17.383427769659594,3.6227576742156016,-6.2158284347779009,0.7493469667130424,0.4051693896546359,0.3928571428571428,1,5
0.59363741123441016,0.78175424225585199,0.19093173831997268,-0.80428916462466593,0.56849310034739098,0.17301599499690232,0.026712612194707639,-0.25627309568581291,0.96623523884059681,12.936642695391079,12.465197455370571,-6.7991368395784626,,0.09359366581467088,0.5294117647058824,0,4
0.99515894315960862,-0.05624610194457854,0.080591897021305411,0.036986598213117575,0.97409025657680826,0.22311468708883958,-0.091053113082826626,-0.21905375609235619,0.9714549822507258,13.272782643965568,13.797513421942051,-7.0187100345745854,,0.2245988605449863,0.125,0,4
-0.40539281944780331,0.85744769889428274,0.31692287011363146,-0.90746950748299604,-0.41928821730052918,-0.026390979927127623,0.1102531402216308,-0.29829655461276305,0.94808407358072722,20.035430516467944,1.2126171218764883,-6.2074097128133046,,0.3279459232148685,0.1666666666666667,0,1
-0.77790731870812568,-0.61977765238747995,-0.1036140198110304,0.62836689983120175,-0.76621987442642514,-0.13439547325144477,0.0039041896548599546,-0.16965484265124672,0.98549581007131715,0.82008164831719033,-7.677888150671075,-3.2425088716864736,,0.6221600072702842,0.3457943925233645,0,3
-0.8934207164326452,-0.44479728085760789,0.062887219613035991,0.44809713151427338,-0.89230583061810875,0.054765549149150813,0.031755065385857519,0.077108258874171096,0.99651690012549954,0.96000472734854181,3.8018846874147365,-4.4740029764688201,,0.08346887376008902,0.2360248447204969,0,4
0.99183134741031853,0.091391276208534281,0.088984340910122126,-0.10988545666886705,0.96643607657003239,0.23222079217115288,-0.064774722746670177,-0.24010194613309296,0.96858416813212189,-8.7296265454437876,-2.8406618085798696,-2.8230676518318467,,0.2795467277922383,0.2824858757062147,0,1
0.4589312468422404,-0.87351606319739494,-0.16233236894702108,0.88599470829698301,0.43631410792797337,0.15698208844566042,-0.06629847314660442,-0.21586960545463976,0.97416878717154931,14.717092875387111,-2.1448834507084418,-5.2999980400806201,,0.3169112707943055,0.2666666666666667,0,2
-0.63274354583486281,0.75483218351879133,0.17281197854483274,-0.76641536377183528,-0.64234513092837986,-0.00047217273166880695,0.11064852181032932,-0.13274451964905118,0.98495471831162495,5.8393521555406629,-7.7910871935200667,-3.7307206122779477,,0.1453908482609407,0.3043478260869565,0,4
-0.093753771130382191,0.98606100389813145,0.13745518175115734,-0.99067749007987838,-0.10610309357208648,0.085441466416885978,0.098834918160874141,-0.12816329476821695,0.98681600555842774,16.639871089526164,-10.348538458223231,-4.5820565127312554,,0.1054066767228565,0.4545454545454545,0,4
-0.45097855797054293,-0.89078510778617115,0.055859036844449331,0.89152277637576849,-0.446604668637821,0.075706070787907587,-0.04249093378653062,0.08394141824678622,0.9955643418929121,-1.6516832508585764,4.0482925453695131,-4.2502976053115198,,0.1212832732289391,0.6363636363636364,1,3
0.48858022079907321,0.86798449923761156,0.088838487870755073,-0.87168618463933134,0.48112962794543679,0.093152974305769465,0.038112509138795783,-0.12295198329558922,0.99168051632107146,-1.0750142348087792,2.0715398359224584,-4.0826588450400303,,0.08060864539302895,0.4006410256410257,0,4
0.97998231235336375,0.17889411267718827,0.08735882281713532,-0.19606465390222252,0.94337761466648318,0.26757676961271909,-0.034544449116405238,-0.27934847877806285,0.95956818853045867,-16.668456765336263,19.136934389302283,-4.2980160284274422,,0.4036561470334488,0.1904761904761905,0,4
0.83556315454766461,0.53570401157603276,0.12188284023479704,-0.54911327850710012,0.8214210322069051,0.15408470143179742,-0.017573335754467123,-0.19567498519097426,0.98051133498852139,11.507674183375068,11.554049101207987,-6.5367191851200159,,0.09379076152560618,0.3333333333333333,0,4
-0.96912048442659326,-0.24106699124045719,0.051886341160643196,0.24111741112926111,-0.97048104307908256,-0.0053795050384344793,0.051651531585116428,0.0072973117248009743,0.99863850743224536,0.25806884117824663,-6.9626974792319061,-3.2799704396402585,,0.2216011245986114,0.2962962962962963,0,3
-0.80801630194050345,0.53673899873408959,0.24294218043871929,-0.57850654721369899,-0.800873855722114,-0.15469725935412579,0.11153398867285347,-0.2655415494018229,0.95762615613401136,-4.9097630336783329,-15.229446902383346,-1.9419897672073918,,0.2818623973676671,0.1875,0,1
0.28544698512789934,0.9449952662472153,0.15969961005508729,-0.95496429984227649,0.26636328102550322,0.13074321606905248,0.081013608166424986,-0.18982768315417758,0.97846933830354321,-9.2293357852849702,20.095385550401954,-5.1968946526672708,,0.1160138467017258,0.2413793103448276,0,4
0.075066064574923333,0.95385179549174215,0.29074359526293053,-0.99267403405431365,0.043798007125434933,0.11260549136777032,0.094674960066377115,-0.29706646867161168,0.95015165375186794,11.050552012020496,-6.1791189133760991,-4.4547415385923523,,0.2873054250665047,0.1333333333333333,0,2
-0.36758475054843914,-0.92559176412495614,-0.090340120369048371,0.92968195287909894,-0.36822528875664134,-0.010079841813894789,-0.023935698342579175,-0.087692775666757941,0.99585995975373631,7.0532684005285127,8.9564983681015242,-5.73294823625415,0.4722848472502619,0.3912395108036624,0.4074074074074074,1,3
-0.420986237419469,0.88371166664653777,0.20450984850661838,-0.89701724235704849,-0.43907136307867584,0.050758300192109737,0.13465012000572879,-0.16208031452658023,0.97754760335515656,12.825321723999465,22.515226563676062,-7.9188971315628134,,0.1737228741444269,0.6,0,3
-0.13406150108041232,0.9560199875497406,0.26087026916354805,-0.98637146192581748,-0.15407168707462074,0.057734342815233888,0.095387908177050534,-0.24957503610612874,0.96364591439295411,-11.975396795809692,18.3674934807221,-4.7303649988333643,,0.07033466614926379,0.1578947368421053,0,2
-0.92062824404749077,0.35341639968931166,0.16595326056657742,-0.37761515274741758,-0.91400044813937631,-0.148357599119706,0.099249345980605794,-0.19924866180645659,0.97491001538129562,9.8194830043053862,-12.920234752997418,-3.6016624681939682,,0.4480236655339083,0.15,0,3
-0.16973919132034884,0.96629439780835358,0.19355553129297257,-0.97949056646715271,-0.18705727575161604,0.074885284203501587,0.10856720099445014,-0.17687484940650766,0.97822719780000766,-0.53263953663573127,-22.945681393217573,-1.5305597900925725,,0.4645016874704335,0.1111111111111111,0,3
0.94004533294408599,-0.33847510883725712,0.04182550307707477,0.32628658059397397,0.92825655448540922,0.17854085352985538,-0.09925643220635888,-0.15418939571995274,0.98304312769744795,-5.1313552648058813,-18.228540430008181,-1.5785917296029592,,0.07474086430379533,0.2631578947368421,0,1
0.54373326135298861,0.80090100189920921,0.25082209961501745,-0.8385759051860926,0.5064133569007635,0.20083815173872016,0.033831815496187689,-0.31953575247434024,0.94697006877244483,-4.3687627808874909,-21.693516105555886,-1.2850507022676285,,0.5152254136361443,0.2413793103448276,0,4
-0.65539897651321943,-0.74417254482973072,-0.12907131791016926,0.74583023859097508,-0.66462823498859336,0.044794692311442758,-0.11911942238255847,-0.066906896338048985,0.99062305163652231,12.673150606221656,10.429186456418803,-6.5062059758993867,,0.336664738237742,0.3333333333333333,0,2
-0.47120856894279761,-0.88155269217190257,-0.028763439977737917,0.88193930603988202,-0.47135993610936455,-0.0016944299537281142,-0.012064203942786353,-0.026166038206956063,0.99958481052273906,7.5392781670459543,-25.487582361925487,-2.040291200154245,,0.2001196654963439,0.4117647058823529,0,2
-0.69841711477260315,0.70341359994897346,0.13199561053133224,-0.70724559559193745,-0.70658541065827074,0.023253493515809069,0.10962299625771586,-0.07711267633605863,0.99097751429574421,20.626235625193097,-10.925513379403544,-4.9457728845176794,0.2327355306267603,0.1559076627837443,0.3076923076923077,1,3
0.70833041686043041,0.69439830909652966,0.12680303180212163,-0.70587628506089994,0.6961449090354549,0.13084699389990478,0.0025866462751499481,-0.1821901587569944,0.9832599123899789,-3.7397953217570477,19.492898101733751,-5.7319211343107828,,0.1034223044226728,0.2692307692307692,0,3
0.64765473432598153,0.74429728182819876,0.16298742702521249,-0.76172453556071662,0.637504385764737,0.11560229260502251,-0.017862727394056685,-0.19902189425759628,0.97983223491379634,17.517942373380542,-14.635377920878794,-4.1960588078371108,0.8410338804094509,0.2920461978385171,0.391304347826087,1,3
-0.038740685389903301,0.99220952850557431,0.11840359301249329,-0.99514746467061455,-0.049035210076361239,0.085305754392166949,0.090447127401427796,-0.11452423200141859,0.98929445436094343,-13.932365106502466,6.6848121539258276,-3.3336246244156897,,0.3133527349193499,0.2121212121212121,0,1
0.99720359563683836,0.033973167114248921,0.066564350557842725,-0.043970253186206572,0.98693419339963495,0.15500811183080557,-0.060428517139682961,-0.15750149781776027,0.98566813507461037,14.547949825702842,-5.0685070378088319,-4.9470343660028062,,0.2040053762180815,0.52,0,3
-0.91740252854823534,0.39067147828601917,0.075818181639502977,-0.38781481982178007,-0.9203840473616034,0.04992865799191612,0.089287547507501938,0.016401262637065053,0.99587084124599468,16.392351049086173,-3.0203922432472363,-5.3565702079664428,,0.0841681662589865,0.2941176470588235,0,3
0.19450059800692501,0.92878934965156434,0.31546768669512698,-0.97928612068472531,0.16540893243906929,0.11678432644679215,0.056286865334748297,-0.3316477484367919,0.94172265542865452,4.6910688639416422,20.224805333601068,-6.7083611484003427,,0.267694425493414,0.1428571428571428,0,2
-0.96140380341037113,0.23878566792142178,0.13668991032038227,-0.25781784954835352,-0.95533157237350952,-0.14446986980204982,0.096086852598761471,-0.17413498103964997,0.98002261460437001,9.0344661061598099,14.80435359253917,-6.6172642435813778,,0.2878979759675844,0.2222222222222222,0,2
-0.97977338640199285,0.15924725936513567,0.12117929560393216,-0.16274826642545842,-0.98647491226656725,-0.019499980619916219,0.11643501652801842,-0.038827282332946647,0.9924390807867044,18.476161743336576,-5.8462085439549538,-5.3203974368525024,,0.207153006962377,0.3157894736842105,0,3
0.99698916290057893,-0.026591715287232764,0.072838792802230878,0.013669896672011409,0.9849211221164389,0.17246308919264891,-0.076326554905747593,-0.17094813215410631,0.98231919106227494,13.156345292225421,-8.38151832564178,-4.4419513481770876,,0.08946773126829542,0.2380952380952381,0,3
0.99546006595175907,-0.059818664996041555,0.074033670808709956,0.052579939934515332,0.99397855999686358,0.096135176616293602,-0.079338559426068628,-0.091806043290485903,0.99261122470156637,-8.1889654244550965,-16.909208834535992,-1.4280725849898595,,0.08237365423076248,0.3333333333333333,0,1
-0.81481622759496386,0.55927926088234892,0.15258185866874041,-0.56791459462248461,-0.82292418437716397,-0.016395120675368545,0.11639385062232778,-0.10001247479227086,0.98815483423562434,16.676940946191547,-7.7835563585121559,-4.9290675080603972,,0.3119296467850099,0.1176470588235294,0,4
0.47232705747821663,0.86623604381854002,0.16291797679683631,-0.88042226395712619,0.45485453309427631,0.13402981329613406,0.041997474954791572,-0.20674252129930287,0.97749360201703062,-18.009747279069241,16.137345323415204,-3.8883706698178497,,0.06572599253218572,0.2142857142857143,0,1
0.63099482041248856,-0.77336717532724664,-0.061227026213653946,0.75939044796281208,0.59959144606314618,0.25261877473921984,-0.15865586706910947,-0.20589635726321442,0.96562674254097169,6.255445812111911,-20.361173508761421,-2.4421337150860545,,0.572154182514343,0.1851851851851852,0,2
0.14273661694921874,0.98278335401064232,0.11731639809287317,-0.98683119803047181,0.13219804328575002,0.093208711745003281,0.07609497207855552,-0.12907577786328644,0.98871077610864133,-6.096868215344748,22.052669420570858,-5.7251236576351312,,0.0926664489479383,0.2727272727272727,0,1
-0.97460623705548766,0.17409026825412638,0.14083771224977334,-0.2045386635232774,-0.94809457184678825,-0.24347611373349853,0.091140648541993066,-0.26610009645594346,0.95962707384143919,-23.206039988979732,6.836632202611967,-2.4397818049508984,,0.3314670501695106,0.1111111111111111,0,1
-0.66954956575997304,-0.72617128352938243,-0.15613662596559874,0.74213290756461503,-0.6627169488082626,-0.10022471387815156,-0.030694079238876158,-0.1829795418607125,0.98263745133193547,7.1442323484407497,-9.1474412421044917,-3.7301210372859632,,0.4975273154771138,0.5185185185185185,0,3
0.13671168711185228,0.96284696928226043,0.23288544040149209,-0.98645319338743631,0.11080581357011388,0.12096350249060325,0.090664281074522873,-0.24626771088194035,0.96495191730687235,8.6310731664358364,19.06369116629044,-7.0161160843365105,,0.3567735184983628,0.3,0,2
0.10625799576877054,-0.99409819023587043,-0.021863817255274528,0.98978587529127848,0.10364417461823261,0.097886700534772011,-0.0950429345563506,-0.032041742110463116,0.99495736961612835,25.106089950131114,8.3086392198187209,-7.641612056656709,,0.1330526564271787,0.2,0,1
-0.89878993943090502,0.41190555205514695,0.15003486582769929,-0.42564375515953784,-0.90187362485677836,-0.073833315524791651,0.10490013570762634,-0.13022204488426972,0.98591996660716941,-2.4464272957770308,23.525243504022317,-6.2776268440551837,,0.5143964437151531,0.3888888888888889,0,1
0.93382210786786324,-0.35191981577650838,0.064255070780834589,0.34384934762847963,0.93253286337174013,0.11022742338988499,-0.098711179674293006,-0.080838740684974014,0.99182720320213913,23.199715794253041,-5.9773402543423817,-5.7782448415708352,,0.1102190800926293,0.4230769230769231,0,2
-0.88091446974135135,0.44695889731370309,0.15561953962286817,-0.46109617976923339,-0.8846372299459625,-0.06933458297093853,0.10667712970704386,-0.13283341261013332,0.98538077639652244,3.8984995094720576,11.773458032513103,-5.7151980589935967,,0.120933830564815,0.25,0,1
-0.3371049538674889,0.90208529294877704,0.26944827764065715,-0.9353008270811779,-0.3535907198195728,0.013636924827123854,0.10757607977270056,-0.24741812201816354,0.96291830388550748,-13.764828342190674,20.855639498313824,-4.7810618715681539,,0.0895618752437185,0.2666666666666667,0,1
0.30479397359851257,0.88793464260783272,0.34448904788821721,-0.95111566213289989,0.26485823371979605,0.15883675039588827,0.049795892436275149,-0.37606141318637171,0.92525573903042846,13.193445934361366,-10.042924200659991,-4.2554158562900817,,0.574667224855689,0.1428571428571428,0,2
0.91041845179580672,0.40095889213194025,0.10183422533733459,-0.41244525263419402,0.89882238016255334,0.14834838219016469,-0.032049277827178806,-0.17706014723604666,0.98367807134829777,-12.871502013784102,9.2219172125865327,-3.7108553449985706,,0.2281313564510799,0.6,0,1
-0.9971621188551093,-0.02412213605051693,0.071315014357077419,0.016958671056932249,-0.99490312772435519,-0.099399043859982134,0.073349248096845399,-0.097907553317689675,0.99248879026766423,4.596974385055411,24.769270921235435,-7.2353201934624423,,0.4512205539833136,0.25,0,1
0.56798928839595464,-0.81569386887306849,-0.10968901745545462,0.81572271645909022,0.54019336931517647,0.20685157384105188,-0.10947428063275753,-0.20696530151405426,0.97220406594970421,-9.6395248968174876,2.0098729555240356,-3.2474544315644964,0.2384581261605411,0.2520750088392035,0.15625,1,2
-0.20254947797492262,0.92596755096033989,0.31868135110263068,-0.97419150466932347,-0.2236365273161475,0.030620514040339514,0.099622393076090096,-0.30425449580653002,0.9473671836090316,20.84060660312911,19.973253724096917,-8.6369748495476966,,0.2493312446416363,0.1764705882352941,0,2
0.68300059730183549,-0.72867165489417762,0.050475770812510964,0.72135307112473568,0.68376521005235491,0.11006763512028107,-0.11471674186555474,-0.038765408237759341,0.99264158297943184,-9.1976638758149445,31.190224546658254,-6.3964190751839354,,0.201050348459263,0.4545454545454545,0,1
-0.37739861297630373,-0.91504358099366234,-0.14235705745012533,0.92453286765805387,-0.38109987037538628,-0.0013658037340939049,-0.053002486201484365,-0.13212923099057147,0.98981442845328471,10.23611807312243,-8.9537676558056027,-4.0662302495052511,,0.5993665493203174,0.4878048780487805,0,1
0.037200514758605183,-0.97377036744459755,-0.22447136384962094,0.99521617956497077,0.015795125828544577,0.096411980231528707,-0.090337575979207163,-0.22698410844566747,0.96969961167328877,6.5651176543255412,22.23764076129034,-7.1695789233342708,,0.3443160973472992,0.2222222222222222,0,1
0.7988677547386398,-0.59524257960094529,-0.086582803540069586,0.59149049518534924,0.75122515379869703,0.29291596475015813,-0.10931287455847249,-0.2852140244275127,0.95220988008192164,24.690387962086085,11.821793723383283,-8.1285674817619551,,0.3217996045716411,0.631578947368421,0,2
0.75793655477164878,-0.65139182782690108,0.034940886955167089,0.64239679414277462,0.75463675563911037,0.13360286641223104,-0.11339549292617662,-0.078816582511598732,0.99041880459996468,14.056625185168285,10.970297836252131,-6.7268268658078441,,0.2567709393227394,0.6666666666666666,0,1
0.90197059634718924,-0.43079535697938864,0.029400743699758064,0.41894910276022818,0.88958728189171166,0.18197834264801299,-0.1045499527570308,-0.15182169904700421,0.98286289943052851,19.040675721541682,-9.2592165841341654,-4.9644575606829875,,0.1097279621556867,0.3157894736842105,0,1
0.14750590908437566,0.98554894619973665,0.083278337097841465,-0.98616166462635557,0.14010869090128478,0.088626891829197668,0.075678121056009282,-0.095198893788310493,0.99257744917709834,13.666314718543909,-12.885038223582272,-3.9480983555157216,,0.06781116898544237,0.2068965517241379,0,1
0.24824048980266941,-0.96575927412845308,-0.075403472449318762,0.96316862985854224,0.23776917027483521,0.12558667175793622,-0.10335787187703679,-0.10380195615546377,0.98921297212448134,-15.256539511126814,4.7588892240146006,-2.979317150472979,,0.1372120331580694,0.2941176470588235,0,1
0.94571400789178095,0.30297684455458151,0.11760121998097853,-0.32219100367393633,0.92148108698060527,0.21694599210085533,-0.042637687892837083,-0.24305891878470925,0.9690739856019055,-1.8614955475094961,-14.885584574520468,-2.2463363968928975,,0.7300298034385195,0.3859649122807017,0,1
0.58938321754041501,0.75380019387737529,0.29053862151552245,-0.80740928826880765,0.53771907152541043,0.2427930010010767,0.02678925342308202,-0.37768170173875626,0.9255478745439113,8.9252118523194195,-20.042992098478226,-2.7282396995633502,,0.3486573010113373,0.52,0,1
-0.9915778135613782,-0.11884024941119326,0.051482373417739064,0.1122827070154578,-0.98693186561915036,-0.11557718776119026,0.064544816663455087,-0.10882319488688949,0.99196344635096934,15.995523328920941,-14.622289569613942,-4.0266599195124178,,0.1676324554027713,0.35,0,1
0.21668129299511352,0.92110026308815596,0.3234555960327421,-0.97377274247550216,0.18037259750009577,0.13868082810110477,0.069396421216843515,-0.34502178396443184,0.9360256969294678,14.732604869073608,-13.933656169883456,-3.9789364055259631,,0.2971053266681421,0.1428571428571428,0,1
-0.64040873917090624,-0.75145407396029129,-0.15872435705338836,0.76778734225858591,-0.63162236909595493,-0.10749781358293163,-0.019474184476575517,-0.19070909151399829,0.98145341130023989,9.3711465357117039,12.860506483867074,-6.4818412126092495,,0.0816308511530093,0.4,0,1
-0.95277625121930587,0.28681891001699572,0.099761355088779313,-0.28782230701885925,-0.95767327612929665,0.0044961950716309578,0.096828377528638307,-0.02442967548788082,0.99500123430110832,1.6166760030319851,-18.932777361900591,-2.1376194887277751,,0.07065610940189529,0.3125,0,1
0.92960891161874248,0.34357429894635916,0.1333565616778383,-0.36663272366994237,0.89895206512951942,0.23971990016210962,-0.037519559877176846,-0.27173863491025679,0.96163943186816803,22.291579493406335,-0.19741797978108802,-6.3009405875783671,,0.2460129094962897,0.1875,0,1
0.035511692288309464,-0.99874476826977043,0.035324319732784965,0.99528878958856115,0.038535481752716809,0.088967645610206425,-0.090217210276962487,0.031998507775357857,0.99540793168931185,29.157078545424813,-14.217024002411074,-5.7890760214549726,,0.2086139172442633,0.6842105263157895,0,1
0.27905745262566839,-0.96027175022594513,-0.0022591706607850673,0.95452643072225873,0.27712928627449768,0.10990291962279257,-0.10491058662832466,-0.032825666893291701,0.9939397589423179,14.914580441175925,-14.919236418296387,-3.875603141875867,,0.1125275417212525,0.16,0,1
-0.52861316060337393,0.82389406461576531,0.20436902095920867,-0.84121726941412955,-0.54068351247009783,0.003852918690314133,0.11367335693269694,-0.16988204623770967,0.97888633573553419,17.735134130887509,-19.386179691599949,-3.6497152248494493,,0.2271650654204962,0.3684210526315789,0,1
-0.76315944746568865,-0.64610245447154013,0.011801528278908581,0.64621008182919959,-0.7630442487388015,0.013266672866182112,0.00043345837803828601,0.017750853289086675,0.9998423472334752,10.118611286374232,18.522443646729908,-7.2001203760766401,,0.07456976012530744,0.4166666666666667,0,1
-0.8223314336861991,-0.56900309933681281,0.0025467855625864576,0.56888898681909272,-0.82224189130487102,-0.016840215537065141,0.011676208611819042,-0.012399400327834076,0.99985494999222935,15.522997467048162,9.4975601222583794,-6.7630400180644399,,0.8871800775838408,0.6081081081081081,0,1
-0.98501541667522219,-0.16046813608734889,0.063202897186690074,0.16180551095931819,-0.98668287992342074,0.016609367514125117,0.059695942369085778,0.026587060136039491,0.99786247684637897,25.706902122306836,7.5339830892771875,-7.5764429522391561,,0.06940282112787774,0.125,0,1
0.055760736947576779,0.94543762074588722,0.32099602099312768,-0.9949600643900397,0.025781619644779728,0.096900868713655872,0.083337929444115805,-0.32478148556660247,0.94211027812518822,14.77264790486916,-12.50077474191886,-4.163738770398651,,0.2590987340169151,0.2,0,1
-0.92482711300282505,0.37090591345925794,0.08440150718923134,-0.36655259946167973,-0.92827258893407016,0.062842600690334371,0.10165629780168912,0.027180949111334871,0.9944481852377538,32.420596998994405,12.113172502896052,-9.0741548101144804,,0.8988315411883914,0.55,0,1
0.84873411174631053,-0.52425743467453878,-0.069314859494005593,0.51741878094414318,0.79620067843030984,0.31359573465433482,-0.10921635722032998,-0.30202420739998131,0.9470233183295621,7.8052772822270269,9.4440814738142187,-5.9045817488902443,,0.3951767995668316,0.2962962962962963,0,1
-0.97907078123869007,0.15380575647578193,0.13328238668171741,-0.18275529116146003,-0.95260361292403517,-0.24320127507183442,0.089559527003844036,-0.2624693237675379,0.96077517932337342,25.896339097812458,-18.886653140326167,-4.7126355881533533,,0.1618347329030465,0.1428571428571428,0,1
0.92770210285846688,-0.3732391726485767,-0.0078312420844601736,0.35933255759402544,0.88705500716398589,0.28985087082539146,-0.10123695671500482,-0.27170928262742039,0.95703978199925299,17.791761416331454,-8.0745510650096026,-5.0019253732015958,,0.3530049247022676,0.1333333333333333,0,1
0.55175908785673411,-0.80646266236181552,-0.21255560021744582,0.82616355393329555,0.49365968289004997,0.27157669200651763,-0.11408633187114238,-0.32545059794873493,0.93865127559440287,33.983637502998889,18.019818679358259,-10.250356071132606,,0.4135891082401629,0.2083333333333333,0,1
-0.9958538696373439,0.031185934166847777,0.085454712207520545,-0.045538086468067764,-0.98412511891792298,-0.17153434931701358,0.078748669888169573,-0.17471458961668174,0.98146495564840186,22.076432927086788,9.2160463897783806,-7.4284364216998613,,0.2296694974217915,0.45,0,1
0.95329524105241437,0.28785054917407132,0.091489041567860002,-0.29862676664879656,0.94365274826134327,0.14262378812701471,-0.045279549773659777,-0.16328365514955825,0.98553955290150352,23.6522919153992,-10.383247324767781,-5.3104761427592306,,0.6156526534671054,0.5483870967741935,0,1
