axis_00,axis_01,axis_02,axis_10,axis_11,axis_12,axis_20,axis_21,axis_22,location_x,location_y,location_z,dbh,dbh_approximation,score,reconstructed,number_clusters
0.083127582722378676,-0.98602484324611961,-0.14437733025720803,0.99651142890091626,0.083324263557946435,0.004694589692348222,0.0074011526526417716,-0.14426390956850824,0.98951157008668755,-12.890130440876016,-17.018932983847733,-1.022612100939519,,0.1322332643121361,0.25,0,1
-0.0994497455286662,-0.98145062888004109,-0.16390366434358486,0.9950423136011215,-0.098213168827158664,-0.015651441219720133,-0.00073638142959311567,-0.16464761322260049,0.98635217909349715,-28.364606824951672,4.3291938799449694,-1.9412484440970581,,0.4087582926649694,0.2,0,1
0.25987872211057178,0.96040936043053571,0.1003838143904992,-0.96560970488662923,0.25762178895067034,0.035055836698240868,0.0078068958577423653,-0.10604185143265978,0.99433102039602539,-0.090928289686343464,1.719010209282519,-1.0404590421442437,,0.3766125574578634,0.6683673469387755,0,4
0.61219784801010413,0.79052673733590062,-0.01677117911338695,-0.79054916148501753,0.61236036267054594,0.0068417472426961614,0.015678589449731804,0.0090699386465954296,0.99983594556597821,-19.543679297219203,12.704201833571092,-1.6250555298817824,0.4145208024800547,0.4165079565973174,0.8541666666666666,1,5
-0.98858441114051521,0.14952307743928298,-0.018539454227349435,-0.14581486910534303,-0.98044946653100984,-0.13212443955170056,-0.037932650813691564,-0.12791283318004304,0.99105974648862738,-37.893072120233825,9.0612286531704402,-2.4186605192723087,,0.27391607469163,0.3333333333333333,0,3
0.013160465658630955,0.99286258194079002,0.11853562977229866,-0.99990595794255366,0.013524854347392512,-0.0022701510666348602,-0.0038571251770615237,-0.11849460619264193,0.99294720448200025,-3.6247263609853659,7.7335112714881618,-1.1326418900758444,0.2184617889833891,0.2611732105258442,0.4822335025380711,1,5
-0.49791617317733389,-0.84350777297425716,-0.20143018994293801,0.86721054161809241,-0.48294191042073559,-0.12129710493505122,0.0050359701045357835,-0.23507817442540074,0.9719634205637202,8.7562756815686722,1.617930335813955,-0.34475703152687381,,0.5770283875428052,0.1607142857142857,0,3
-0.97630551071116278,0.214504171110381,-0.028557141510731614,-0.21227806656166029,-0.9749719518588702,-0.066088694535059306,-0.042018712639238016,-0.058460701883859295,0.9974050201013569,-4.6175087373973218,13.335120225924481,-0.91198796664181447,0.4098553956958811,0.4169379319166393,0.8171428571428572,1,5
-0.55814930803135021,0.82684347333999064,0.06927640680047302,-0.82926781324960885,-0.55306573435430151,-0.080207152993663017,-0.028004354167461405,-0.10221626131979633,0.99436793596206974,-21.057756300043774,5.165400719005393,-1.7170697522931924,,0.09161953417181581,0.3333333333333333,0,4
0.87607349571775617,-0.46970804057091115,-0.10894763294310529,0.4804487460252217,0.86947411763865157,0.11482056087339057,0.040795006356932818,-0.15293500377455591,0.98739386876606372,-3.0073697771393766,-1.9696350393152624,-1.2448332323777305,0.6108525615800099,0.5655312023055465,0.8336690647482015,1,5
0.98793309571035381,-0.14370307214688802,-0.057772185831108588,0.14843531945400812,0.98497338858749317,0.088285784320346394,0.04421712721044202,-0.095795881070213321,0.99441842040020478,0.047771890258524415,27.992461393972476,-0.19510076313317939,0.3175910737019333,0.2149097300039657,0.2307692307692308,1,5
-0.88739954309010294,0.45007843723417135,0.099756960961735294,-0.46085341392952206,-0.87157407600823078,-0.16725059312272145,0.011669695496450935,-0.1943914359411017,0.98085462115431554,-10.051500114025345,-10.660965202423261,-1.1203018537706053,,0.6289190138530729,0.2991452991452991,0,2
0.9258084220686057,-0.37111884732573602,-0.071760482066775877,0.37796746546792187,0.91111989562993023,0.16432020823702956,0.0044000766577830062,-0.17925216022944448,0.98379332299954347,6.265960958153669,-17.117756872340415,-0.15812286803235379,,0.3812960685160747,0.4285714285714285,0,5
0.23771173373533408,-0.96512028132406924,-0.10970858772900535,0.9712793902595902,0.23739358775772643,0.016144056134540417,0.01046315925054264,-0.11039532176893112,0.99383267969514577,5.1835642791793672,19.774665935030296,-0.051784262586313037,0.3596182453786726,0.2826966613587897,0.7916666666666666,1,5
0.78130846247845187,-0.617619755601306,-0.090016242703969407,0.62311280485209186,0.78015268928450165,0.055607677810876846,0.035882013445678193,-0.099537022725930374,0.99438667640809719,-3.7327766135382432,27.024926238454253,-0.39671067013737954,,0.1446483289485946,0.375,0,6
-0.54522339300892464,-0.82203778445035036,-0.16427212986929446,0.8379163342751762,-0.54027015063900941,-0.077487941535133276,-0.025053312569115423,-0.17989453928471752,0.98336681165516904,-2.9111129804280966,-9.8846248771482728,-0.92156240894548014,,0.1470593152278301,0.3142857142857143,0,5
-0.089301630264079279,0.99562729218207657,-0.027413753744467154,-0.99595865389431115,-0.089528127411034775,-0.0071466170531357849,-0.0095696690229252254,0.026664760723811534,0.99959862543439548,-2.0590833547000926,-12.31635145741491,-0.77465371145457373,0.5976994598429255,0.4757153325693024,0.9739130434782609,1,5
0.59731732276762617,-0.75625644365812572,-0.26699851562748256,0.80145933855230289,0.57513998882585982,0.16394182474492183,0.029579461946093129,-0.31191374557552504,0.94964986745222357,-15.039447954132889,-9.2658478518818868,-1.2864723325829179,,0.4657940469412341,0.1666666666666667,0,1
-0.78078791761948418,0.62075081803556498,0.070983446011060047,-0.6238246550625951,-0.76819332085325365,-0.14395076079160923,-0.034828543401389474,-0.15667623848122508,0.98703572825906905,-1.7163581897239026,4.5654700402860575,-1.0812262067116094,,0.1741509702317784,0.2443438914027149,0,5
0.77027839752748872,-0.6345551552761759,-0.063332023612961641,0.63665248638286631,0.77091301483200314,0.019150330157630274,0.036671540532114744,-0.055071575926792196,0.99780875905152366,2.8270998250947987,16.792585357412321,-0.29201320502204464,,0.113939743879767,0.4,0,1
0.77593378477376129,0.62801348682247704,0.059378632653003589,-0.63078659906958345,0.77157141144495378,0.082376109856379595,0.0059184525760269538,-0.10137365244439006,0.99483081702829723,13.26916699292418,-1.6776938201290157,-0.065387790222840372,,0.1908698876796608,0.2258064516129032,0,4
-0.18828434804441155,-0.94287941289587573,-0.2748225191257439,0.98177936644877484,-0.17339049029132936,-0.077749684835214952,0.025656965855955866,-0.28445412743298598,0.95834626805210943,15.631169691076058,18.644190962746148,0.58378515385020169,,0.1794093596255329,0.2222222222222222,0,3
-0.99380162819482076,-0.096203106420388484,-0.055707145972387684,0.10056013564319048,-0.99158230541096548,-0.08156096318273981,-0.047391802210346876,-0.086657336163423054,0.99511030703752312,-0.92307570143643281,-7.8199253197769432,-0.9084712256914721,,0.07597320467732882,0.38,0,5
-0.65505371511276833,0.7539202423432011,0.050088905978559937,-0.75489834939593614,-0.65020110434680622,-0.085831264615435721,-0.032142065836709685,-0.094036121205431436,0.99504979549386707,5.333605491940193,3.0021871266427662,-0.57253753575159783,,0.07233565104033951,0.1578947368421053,0,5
-0.97118471491004499,-0.23134979560171801,-0.057249642794849086,0.23446686725571664,-0.97053931977289987,-0.055486186876077578,-0.042726311382855035,-0.067310480980305967,0.99681681439761816,13.818157484589051,-4.1388978082606416,0.018400914798837251,,0.07600757697977691,0.3,0,5
-0.56258618302695784,0.82668120656634181,0.0097452233004075156,-0.82616485574031295,-0.56171757568265024,-0.043874779871735693,-0.030796392755408124,-0.032734505941326125,0.99898950660856889,-4.1308322212257496,-2.4568243869677535,-1.2982807164346271,,0.1031812169289636,0.1754385964912281,0,5
-0.71581621804024231,0.69809461276760498,0.016463706004775903,-0.69752671609209971,-0.7137351548186831,-0.063550052035553667,-0.032613223212912962,-0.056974032688567787,0.99784284197005024,-2.7993896401068898,-11.538953276109456,-0.8432673150800668,,0.07270553052851191,0.3529411764705883,1,5
-0.85947202948713719,0.50636247567067316,0.070034803932959105,-0.51020770118264958,-0.84128532349956675,-0.17868157744475072,-0.031558393228696809,-0.18930411431581576,0.98141123904300531,10.089240711611943,27.789191074290724,0.41407410905049524,,0.2819463120209028,0.4074074074074074,0,4
-0.59086951769582075,0.80654710880643288,0.018840762561281234,-0.80501830438936395,-0.58789104603098796,-0.0795590824146611,-0.05309183229066456,-0.062176195385158187,0.99665208476752076,-2.4900851245142213,-18.417832786876115,-0.56931238147970586,0.2193150405677327,0.1623533536986845,0.2916666666666667,1,5
-0.44261985666427278,-0.89149378326943662,-0.096573789810927069,0.89654881299700939,-0.44200447583665892,-0.028849077177850024,-0.016967274387825006,-0.099352291026965883,0.99490765092421585,8.5326725697574926,11.132658506178064,-0.034129026375555323,,0.1115166713883057,0.5,0,5
-0.99049658220827441,0.13315674346000261,-0.034435480319768799,-0.13120295932713227,-0.98989143995840667,-0.053858337895574281,-0.041258988081738446,-0.048828462685179846,0.9979546468323458,5.3400310207959159,-11.695670583563922,-0.40283562152438257,,0.08663844847098749,0.3611111111111111,0,5
-0.25888029096163406,-0.95810770529714462,-0.12251783544390335,0.96590804132682384,-0.25700273219957548,-0.03116490561724608,-0.0016280822455194055,-0.12640894229520735,0.99197687909346399,11.286729133381398,17.494059323881302,0.28399135880335347,,0.1258542738862853,0.1666666666666667,0,4
0.57470656447875912,0.81832369203090616,-0.0076615798584590677,-0.81810119394995462,0.57473517867738788,0.019746160343956452,0.020562130305003267,-0.0050803003431736651,0.99977566951078722,-18.209556047062534,7.523671300088651,-1.616964265986049,0.1789318635679531,0.1770737985964761,0.8174603174603174,1,5
-0.99519889500442105,0.071848566841749187,-0.066460084447476642,-0.060568672233361223,-0.98550992104034996,-0.15843494398310684,-0.076880396239006735,-0.15364888211057462,0.98513015673072546,16.522483714081787,23.913154357850559,0.7165577279510783,,0.3499651481487892,0.2857142857142857,0,3
0.98061435727881019,0.19330914189258236,-0.032047744997406515,-0.19124118709910612,0.97980464721336691,0.058392308192205256,0.042688296470930247,-0.051131486970772133,0.99777917415857464,-9.6435421471756531,-2.7669323635363368,-1.4339716139034948,0.3982363245687968,0.3236925016437649,0.9083191850594228,1,2
-0.69100913491416893,0.72152671882492325,0.043652829082580412,-0.72207128823211109,-0.68621343253707234,-0.087887312602612164,-0.033457886603791405,-0.092251390382097148,0.99517347773972509,-13.497652108609536,-5.5135877232570669,-1.384552257925258,,0.2471846113692582,0.2631578947368421,0,1
-0.96447115299481023,-0.25124140997352185,-0.081689344197257749,0.25732124733627149,-0.96340665004477877,-0.075055994556079378,-0.059842883538200629,-0.093409745551594467,0.99382767556846574,-4.982050808661282,2.5859483478536607,-1.3875201749153083,,0.1982142714382864,0.34375,1,5
0.72293332613550598,0.68485834221012221,0.091304200713100081,-0.69032738044840836,0.71051870301778852,0.13642316689316028,0.028557201646756864,-0.16165464350622161,0.98643411461028874,12.768598703036941,-16.526550923422683,0.22404701116764142,,0.4032590114828161,0.5172413793103449,0,5
0.93917853329805234,0.34342801786853466,-0.00093762199613996926,-0.34102507896623169,0.93292271035775487,0.11557297268312684,0.04056572578167051,-0.10822390235816094,0.9932985497070741,-0.1078517649479728,-13.309351546419435,-0.65546789036872699,,0.2207674212674534,0.2857142857142857,0,1
0.21052358718262218,-0.93667443799385641,-0.27985856508003204,0.97745544354845826,0.20641316246031524,0.04443492140894767,0.016145436421748111,-0.28290387691232732,0.95901236765264264,-0.54419175923335217,-8.843292228970574,-0.84101052951034738,,0.3713847762161678,0.2884615384615384,0,2
0.98414835284186619,0.17710885321339784,-0.0091909581697524785,-0.17151057509708617,0.96366658766547464,0.20477018935149777,0.045123632705155535,-0.19994789804000596,0.9787669262091333,-8.7201307890255624,-12.787906251962635,-1.0103010670130506,,0.1995843026364709,0.2,0,2
-0.95130023206542991,0.30669468894629892,-0.03108434082285921,-0.30518070877788539,-0.95120970510573077,-0.045440421460365761,-0.043504062592893564,-0.033741142316183394,0.99848331576101579,-1.6072047660727773,-17.265118423916984,-0.56763189547213566,,0.5641445553402653,0.125,0,1
-0.87164262150679084,-0.46981794291984696,-0.13967906386904994,0.48702797066540982,-0.86226370938299501,-0.13894261862586207,-0.05516245246817187,-0.1891359193586522,0.98040027939921348,7.4408257706946745,19.581192221143937,0.080265795427875306,,0.1811365770526907,0.2777777777777778,0,5
0.99419577540043547,-0.094403319462120924,-0.051602068276964751,0.098591075617723831,0.9914266374205406,0.085749766306042752,0.043064602453384705,-0.09033955881856745,0.99497949935061469,-13.071326217404078,-10.211866311230196,-1.2181171377445823,,0.1043478597374014,0.5,0,2
0.990215527495244,-0.12994921021463429,-0.050856778033097433,0.13231931954424681,0.99012102843193173,0.046389079881383258,0.044326141075695553,-0.052664521468315205,0.9976280075237719,0.43859551158113336,11.294548315066301,-0.64483906450574346,0.142846728142638,0.1250381336253107,0.5064935064935064,1,5
0.11578742573423699,0.98594306261820053,0.12045559064186598,-0.99317968577206517,0.11659323209490075,0.00036055424786277443,-0.013688820677457619,-0.11967579331137457,0.99271865132259562,-11.032287816905953,-9.4874522840546121,-1.1920232855998374,,0.6131122259568446,0.6206896551724138,0,2
-0.34771288918240401,0.93674962213542379,0.03994861856892757,-0.93757782020087987,-0.34708853592410593,-0.021849011360398018,-0.0066013456046057984,-0.045052121583794687,0.99896282642399026,-9.9415733459030129,9.5932516612125571,-1.3904532308846977,0.3527222758133791,0.6826604115505622,0.650319829424307,1,5
0.24300222766401447,0.96768608889775154,0.067331647121539828,-0.96999825990424704,0.24188687428563868,0.024374491400982867,0.007300214589956092,-0.071234636252996697,0.99743287165846106,-8.9117338625530671,23.081124568467231,-0.79892038470716142,,0.3829678584412299,0.5576923076923077,0,5
0.60688867638091171,-0.78671549145242659,-0.11298172413886985,0.79433435237976391,0.60517963450125034,0.052825624599752027,0.02681550130140704,-0.12180453806693679,0.99219180776513893,-7.9090178131047253,-11.682071290802774,-1.0277445754410608,,0.09173137430979057,0.1891891891891892,0,3
-0.87585821419416032,-0.45208794300799149,-0.16878649358114642,0.48113060422423448,-0.84507225502332484,-0.23316566099795766,-0.03722539868743404,-0.28542840709465922,0.9576768213316883,-4.5181083455260227,8.4060425887153762,-1.1325404301777868,,0.2620282708911977,0.4090909090909091,0,1
0.093254377165514005,-0.97068334385937727,-0.22153434743499417,0.99561137823366141,0.092667878564528905,0.013063223722256311,0.0078488643216752876,-0.22178031976784215,0.97506506710707908,-16.652060574974033,19.479071127357834,-1.3309732768916804,,0.4351241020221053,0.125,0,1
0.88942079019411346,-0.44867477793800908,-0.087301784705443197,0.45610139523047638,0.88371112863478662,0.10500551602579306,0.030036232108739618,-0.13321255484866487,0.99063224255593474,10.737085918019938,22.963118249326417,0.36070961882918978,,0.2221114265328072,0.3333333333333333,0,5
-0.79427211503116579,0.60457149744449967,0.060208901016657025,-0.60587181120458433,-0.78077621983605072,-0.15266906342217154,-0.045289686150323118,-0.15773965581375496,0.98644160765458577,-27.106567439711917,12.622200607781153,-1.9383422352277164,0.4530552465562216,0.3604043727351516,0.8536585365853658,1,3
-0.96230380640991575,0.27015547789849947,-0.031422952286838189,-0.2681836748317844,-0.96175710369727274,-0.055684737958918339,-0.045264784575951372,-0.04515851247845775,0.99795381056841814,2.3360065816416649,-16.735085519926582,-0.39456808649914482,0.3274570019607981,0.119423133996015,0.5833333333333334,1,5
0.9958875735805075,-0.090365084572614274,-0.0064878562031185725,0.089667296496055274,0.97289315270481747,0.21316352727229887,-0.012950549294010551,-0.21286865647686107,0.97699499403155532,15.391947369125536,8.0097803887480694,0.30615635914497802,,0.365171559572666,0.4411764705882353,0,2
0.26013105357912086,0.96239444997490342,0.078286382093691612,-0.96544369914995298,0.26056829174346108,0.0047570063642359516,-0.015820832325493129,-0.076818539399011537,0.99691956208569377,-7.0935846622604126,14.314385176991662,-1.0118812467989351,,0.129244568868299,0.3333333333333333,0,5
0.99485511143578365,0.10051913428071353,-0.012617879915040941,-0.094133950072628481,0.96324250620873364,0.25160022590697678,0.03744471516540613,-0.2491179999040089,0.96774899402169778,-20.609630571864557,3.0492812106444442,-1.7010440637240776,0.6851711858606797,0.3428358801202149,0.25,1,4
0.63099199279451779,0.77477431537184072,0.039671970827011301,-0.77565022013405449,0.62908498796532186,0.051174348287636902,0.014691529368882992,-0.06306217691109979,0.99790145846573308,13.601549420886357,6.8228946359877565,0.16360794528727607,0.4470806708799718,0.4770813162853035,0.6956521739130435,1,5
0.84574183987513074,-0.52816536345430587,-0.075908425960555789,0.53212546432385288,0.84537990291267451,0.046640218368704897,0.039537709882493374,-0.07983839050567991,0.99602339375072424,-6.1193366104048215,-15.631918527898659,-0.83712503923882453,,0.09660321153668304,0.1666666666666667,0,3
-0.63998843158989727,0.76776893555981651,0.030751731991055888,-0.76770670927635765,-0.63723090236989144,-0.067551355255980355,-0.032267878194409454,-0.066840396873448837,0.99724176877156046,7.2308744683749016,4.4333013290562997,-0.3991396597193535,,0.0780228457090984,0.3409090909090909,0,4
-0.98269338191002953,-0.16466339224069204,-0.0848509540666295,0.18015555262479271,-0.95614187898824099,-0.23094736219167306,-0.043100974567691422,-0.24223681491595025,0.9692593210749596,2.6398564899149788,-5.1107969888649194,-0.75601871844163371,,0.4896458715349272,0.4489795918367347,0,1
0.98741238941226317,0.15612079387431307,-0.025358843727986909,-0.1522291997967945,0.98156772411410742,0.11554684637271805,0.042930687909627403,-0.11023203117745377,0.99297827536059446,10.076570080125633,-9.6471590772990261,-0.10311305064522701,,0.2146592083767289,0.4285714285714285,0,5
-0.65343126487755321,-0.71586646062924841,-0.24609508858706147,0.75590538873247437,-0.63441842066263487,-0.16161779236561491,-0.040430500438749267,-0.29163072209573693,0.95567614627769792,-8.6747370841200748,-5.5472538913025531,-1.2774134655218221,,0.2331448508417825,0.1739130434782609,0,4
0.8829009604884539,0.46955048417664202,0.0028699787535365891,-0.45638758118793615,0.85668103869752554,0.24043288808637037,0.11043672263332409,-0.21358825048585686,0.97066152161729413,-21.628023503906494,25.0259719245621,-1.4486374715129851,,0.3998467526096677,0.1304347826086956,0,2
0.75228229818123316,-0.64998175526553315,-0.10768036805796567,0.65800016905463432,0.74947376873365434,0.072971552705460976,0.033273433355083634,-0.1257489077571238,0.99150395401665237,3.7765270610711368,-6.9216907233093314,-0.64980737722278348,0.3221380286661009,0.2694447282624027,0.5102040816326531,1,5
0.72819878100423308,-0.66627716173903562,-0.16062776562264533,0.68391797887621053,0.72164809128590035,0.10714583759202069,0.044527895906137809,-0.18787968514022829,0.98118219021636377,-29.703894293303282,9.1199529206754626,-2.0721322185296689,,0.3293802728419901,0.3448275862068966,0,2
-0.44912781185938105,0.89168872010114886,0.056350998738081526,-0.89247150367512018,-0.44475674845827506,-0.075405900489900812,-0.042176103924788766,-0.084158547665685798,0.99555939808357408,-1.6961754570038921,7.8301807128682901,-0.97079106625562472,0.1835714825663266,0.2803445338427691,0.2340425531914894,1,5
0.85760082829535622,0.51426839946278713,-0.0069880341370797683,-0.5120473680433405,0.85501409347263813,0.082209444974708654,0.048252587360738626,-0.066924683616323005,0.99659057517911975,5.8658802446120388,24.433662493536744,0.10770402277363714,,0.1633242534806324,0.2142857142857143,0,4
-0.97604496107170358,-0.2115343843273596,-0.05088652290912174,0.21341845200412832,-0.97633636494638154,-0.034926591981569909,-0.042294187670378409,-0.04495004705815607,0.99809353016577151,-2.936313716911096,-4.4537074365572664,-1.1199933971708187,0.175850012603082,0.1577562819436977,0.6525198938992043,1,5
0.5627552634472317,-0.82101617043406727,-0.096119515959118343,0.82614473457044735,0.56257128323417038,0.031597924327140994,0.028131672612233777,-0.097190530228191616,0.99486813690559073,7.4834793500441634,29.69532690473573,0.27871069716725183,,0.06998540213795934,0.1818181818181818,0,1
0.81537573706859301,0.57836590411664357,-0.025598600648971129,-0.57792271632907188,0.81576794727088797,0.022978036388437987,0.034172230695042466,-0.0039417205353350498,0.99940818562214395,-12.651135226738404,-13.553346852285449,-1.1043765247576582,,0.07955937798579824,0.2857142857142857,0,1
0.51292735828014824,0.84137434085103124,0.17027842988834629,-0.85753420163069338,0.49313956586553459,0.14645293309306212,0.039250709055471421,-0.22113929351303474,0.97445204843706823,6.9193165800890908,3.2945881765592402,-0.44733094123438571,,0.368430758837035,0.2307692307692308,0,2
0.46980776887933134,0.88105828684462872,0.054926819342023002,-0.88259228949074053,0.46755971791479972,0.049180897866183772,0.017649669461947085,-0.071583555135514579,0.99727843845239317,-11.016692174619418,30.501159088233617,-0.75980270868093458,,0.5136583748134388,0.8,0,1
-0.34329208656100596,0.93868195566830148,0.032042618609030196,-0.93902332651405729,-0.34230383582484558,-0.032607916861882892,-0.019640151910437997,-0.041282806134396395,0.99895445058851662,-7.6771629459118227,20.205446984464238,-0.83684415213356189,0.4474150532432297,0.4476612420540579,0.7604166666666666,1,5
0.62407369446222116,-0.77303465213888756,-0.1137956522578273,0.7801493306867634,0.6245813154162877,0.035569681778947329,0.043578041595168718,-0.1109757046626408,0.99286723546774447,-29.293699219387964,5.1062265417338635,-1.975166365473543,0.7092804259649129,0.8121417833011578,0.9745222929936306,1,4
0.97757275450446302,0.21059025770337905,-0.0018036105406693929,-0.20620791929376484,0.95889901336883765,0.19491273991406288,0.042776204496123689,-0.19016946526899473,0.98081892865513765,2.8941080950751061,1.087140794236894,-0.83016714466808517,,0.2648205727427741,0.2254901960784314,0,1
-0.76418437321450849,0.6449601706807323,-0.0069729455919483475,-0.64390216903884967,-0.7634715026780029,-0.050012611466065511,-0.037579787676519531,-0.033728961354770638,0.99872424458611975,-12.9717497542778,15.445119334195265,-1.2510241178829429,0.3518017147794557,0.2608493765814826,0.3103448275862069,1,5
0.70888217663169528,-0.69226437375740202,-0.13511512306245091,0.70456501613558686,0.70390377103233015,0.090042318741383395,0.03277495525198839,-0.15902678375901427,0.98673009701513303,3.2441657051740203,-11.708580285843606,-0.52243259908093087,0.2726590312747005,0.3237917695219473,0.75,1,6
-0.94697305560406009,0.32121253262130267,-0.0080337318176168862,-0.31911487077896206,-0.9431203529704032,-0.093218555345533194,-0.037519744237338171,-0.085711776903704157,0.99561325829479297,-14.200545503500855,34.572178045573501,-0.82508687713441342,0.6967175715299869,0.4841235305701915,0.7222222222222222,1,5
0.62007830173311829,0.77788636324917626,0.10195933302421054,-0.78155200389231827,0.60114639040804041,0.16673176815257881,0.068405883750398938,-0.1830732726816072,0.9807164788551137,-2.8385147712348382,-15.271126467575026,-0.7063597530881025,0.3845897639282953,0.266005321195357,0.1666666666666667,1,5
-0.95953762005233423,-0.25738472194434692,-0.11419571188942637,0.27531570667066702,-0.94264372990071066,-0.18874337111354902,-0.059066211701216322,-0.2125462382365467,0.97536417775452466,-18.658223367402645,10.949057675868573,-1.6084020038475786,,0.1773506541659957,0.4705882352941176,0,3
-0.46978101530344102,0.88248421866869975,-0.022965222863327684,-0.88238788136015378,-0.47019007386558254,-0.017689580747341869,-0.026408795678842474,0.01195400514355701,0.9995797503310182,3.702706545240892,10.169428515268883,-0.45313792946358183,0.2034051937323147,0.1321813279888381,0.4487179487179487,1,5
0.53574763401889125,0.84432041391337809,-0.009874780620451027,-0.8441236656529858,0.53583664086154192,0.018284731192586574,0.02072944108572667,-0.0014604654602455129,0.9997840553404086,10.104741454008602,13.181963231173725,0.12399871132980263,,0.09868715001379749,0.5833333333333334,0,1
-0.33391921728493246,-0.93723309056540216,-0.10045939616104953,0.94236185240408454,-0.33433697482620539,-0.013150148197006273,-0.021262536569279372,-0.099060189850847635,0.99485425230299651,4.2651361120926925,-21.546092946080698,-0.15062795493665818,,0.164682186383227,0.1,0,4
-0.95186267876238762,-0.29921135203420407,-0.066558302210588546,0.30366568779340569,-0.95007356223855077,-0.071745218602420571,-0.041768299417744043,-0.088503068586432809,0.99519978698477229,26.051902989268946,18.232723824664518,1.2418384021388091,0.2648414712049924,0.1976176367724726,0.2941176470588235,1,5
0.95998423352830764,-0.27245937900725281,-0.064777759825803499,0.27683060952443944,0.95819425937209424,0.072308885599839737,0.042368443532830362,-0.087347856856053188,0.99527647761577276,-13.711873930216559,14.666119516764709,-1.3208107804683356,,0.1089677586690691,0.3,0,5
-0.28633699367319476,-0.93487623379612106,-0.20980360706474127,0.95624982256453928,-0.29254749518071116,-0.0014966324793800343,-0.059978353590968453,-0.20105320327383858,0.97774240296401416,-0.5331819223724007,-12.575064982237448,-0.70727550150645768,,0.1803628875160985,0.1764705882352941,0,5
0.89025283336786665,-0.45146490548027229,-0.060243935795827049,0.45358708559156558,0.89079344890879764,0.027309104081181191,0.041335801250643581,-0.051637878547204162,0.99781004256026096,-14.032931415862457,-6.5603798608848392,-1.3665190051036662,,0.08254597915991541,0.25,0,1
0.090049764353008752,0.99591042249278405,0.0073123395853443712,-0.99593721745148156,0.090045015008534374,0.00097681477935041418,0.00031438029189023573,-0.0073705930803852626,0.99997278739107476,-14.809629537942742,-11.741885500652222,-1.2087602143114731,,0.239365257737373,0.2857142857142857,0,1
-0.75185258748629025,0.65253140641142038,0.094448135698405239,-0.6583479039606539,-0.73516815557856918,-0.16157295681461861,-0.035996167029063754,-0.1836587778189181,0.98233076368872696,-12.831021911379848,7.5863604104244864,-1.4518982215762724,0.542445480755562,0.2989763463155811,0.1590909090909091,1,5
-0.61090260650554917,0.77189195198308524,0.17601369216191215,-0.79034254884071531,-0.58154718205700262,-0.19277326197769529,-0.046439862797901139,-0.25687679830086191,0.96532774208452676,-35.685008690182826,14.542004876457844,-2.503269030991909,,0.4269309030941845,0.2,0,2
-0.52012810985167013,-0.85065319087136326,-0.076523840745850197,0.85390760420600975,-0.51976933563710292,-0.026108259431005663,-0.017565671671787689,-0.078923929145297209,0.99672587033094828,-3.8356848085455915,-6.0698543146102546,-1.0859679973084715,,0.07011933552317304,0.2792792792792793,0,4
0.98987255968085708,0.14194107398721184,-0.0022465765567348419,-0.13510146328215711,0.94679750706082699,0.29209942698064956,0.043587959460020378,-0.2888376916864569,0.95638531860926834,6.1124788387513806,4.648631502716559,-0.47191855569166186,,0.6479027910544214,0.3023255813953488,0,1
-0.13799821071539575,-0.96425719530766463,-0.22619583359722734,0.99043163785005828,-0.1346485620316332,-0.030247900562912447,-0.0012901879706741838,-0.22820566610014037,0.97361209389304071,-10.906037410718302,19.621489517513226,-1.0422359575988576,0.2995221528403321,0.1898528320951906,0.5517241379310345,1,5
0.7852849862113741,0.61646811507891008,0.057398201383473325,-0.61911881485330689,0.78122408054294779,0.079880091853120866,0.0044026725564007378,-0.098264943244688763,0.99515055011966913,-5.0478323430694205,-17.717129283122837,-0.72581053354804226,,0.1686170899032844,0.3333333333333333,0,3
-0.99597693593490466,-0.06905986272050034,-0.057102350623624613,0.077341152462889501,-0.98431847919302695,-0.15854172212650533,-0.045258029358665006,-0.16232026022697107,0.98569967226250932,10.264456168772007,9.2244646733316689,-0.019079787273902173,,0.09710575576395568,0.1,0,5
0.97392971089544178,-0.21936827192566746,-0.057779576906255042,0.22494938527539124,0.96681941244521519,0.1210702183995343,0.029303452003869631,-0.13091136311044085,0.99096090876947396,1.8439030008861044,-14.093182728397755,-0.51793111499572897,,0.2603966793197928,0.4482758620689655,0,4
0.75084456298365154,0.65986779656146921,-0.028406571405231482,-0.65973861289028224,0.75134475862482475,0.015033840115212133,0.031263475486504939,0.0074528349045836322,0.99948339173414469,4.0975768805595694,-0.65544621880023513,-0.716671107908886,,0.07443854073595775,0.1395348837209302,0,5
0.99546723917604663,-0.080650248823303364,-0.050403502774697316,0.087619201180221831,0.98381984409051071,0.15627344610733893,0.03698447392838633,-0.15998141060280344,0.98642693442027329,20.605666007040519,-1.9154272598405597,0.37626424045312634,0.2457254692080784,0.1910474687187977,0.3846153846153846,1,5
0.051163196578955787,-0.98720161070191459,-0.15104736721760065,0.99864578102263057,0.049144205674383656,0.017071938798331271,-0.0094303425984012187,-0.15171627096715581,0.98837909820184766,-5.9049150725229085,0.59093630850445666,-1.4435531045745562,0.7421813329416129,0.2636244384279419,0.5607843137254902,1,5
0.44010324611822471,0.89136909530729558,0.10849086914231076,-0.89767880218839868,0.43379488619783607,0.077425866544762301,0.021952240382295127,-0.13146532865991423,0.99107767934836377,11.345039070191353,26.557921149558528,0.46368343548715296,0.7449904721297783,0.5960324682573549,0.9782608695652174,1,5
0.90087990089231396,0.43355639657384099,-0.021077361271326638,-0.43250496573802211,0.90069378724229021,0.041111509764222037,0.036808406379631516,-0.027920469427422705,0.99893222423082639,-35.311129703638471,9.7195766742359382,-2.3643779309189203,0.3413043636928211,0.3354369973502033,0.7916666666666666,1,4
0.3992861236414863,0.91310289121978438,0.082545148333661264,-0.91657688745088495,0.39545608001954469,0.059171768322598489,0.021386931949290415,-0.099285441136381269,0.99482913121809557,-5.9522394724465286,-17.550068563712525,-0.77553536613308516,,0.1470035908986438,0.25,0,5
-0.95340106538770031,0.30094752778011019,-0.021377418942395154,-0.29846076832413038,-0.95114024989731594,-0.079078409168634747,-0.04413137533511393,-0.06901311866820678,0.99663915795172353,-2.1967077419237286,-3.2717968443378709,-1.1424545923973033,0.2751055311074963,0.2335482638766279,0.716796875,1,5
-0.99576493231603636,-0.080556097508274957,-0.04430479346388097,0.082018408859858727,-0.99610921397063734,-0.032239951161516164,-0.041535288343008757,-0.035737221450991646,0.99849770697043994,14.880341084171897,-2.4860477410033468,0.064997027414013614,0.6550679931399463,0.5496607116466212,0.8238341968911918,1,5
0.25430993154758158,-0.96264718830162577,-0.092934652155368322,0.96701973336780556,0.25450877337860184,0.0099055313122761012,0.014117152458033506,-0.092388717537881346,0.99562293609487695,4.4031588676405296,-17.280297298399869,-0.24709451448414602,,0.08752687046803491,0.3684210526315789,0,5
0.67779978260664886,0.73495988283252656,-0.020528646452687926,-0.73472337663406584,0.67810652905930835,0.018790824212243193,0.027731111153674725,0.002346459873387607,0.99961266478583932,0.30718294728400086,-2.4222004906450971,-1.0111541135513284,0.5091406883206021,0.3933298812903469,0.8957298907646475,1,5
-0.75935603934096774,-0.6422133955403303,-0.10459617634003401,0.65021348734451889,-0.75500438049220664,-0.084798622116494873,-0.024511760272885489,-0.13240219041290888,0.99089294758928748,4.7493398949863463,29.55967648554147,0.13570994455524915,0.2532267502015759,0.2857205507025872,0.4642857142857143,1,5
0.76426751162678641,0.64474676170575329,0.014027969979457565,-0.64406506985389389,0.76199213205540517,0.067440169630252927,0.032792628224936164,-0.060577256091729467,0.99762469876126214,-24.220138177322092,7.2597937760640017,-1.7969239834748834,0.6679807529755772,0.650327299018989,0.8632478632478633,1,5
0.36068041145441754,0.93019625326095479,0.068151091057687879,-0.93249144388856364,0.3611455119834624,0.0057988144326361693,-0.019218425213666561,-0.065641828078475462,0.99765815916015155,6.9958601214241982,-9.1255167072396901,-0.35040268501324673,0.4633720303477119,0.5245536154882172,0.9473684210526315,1,4
-0.89730740313080293,-0.428798602437714,-0.10474341427563474,0.43804223816368593,-0.89427534056523017,-0.09160028843562458,-0.054391376809220932,-0.12807565656440811,0.99027178305977837,15.1245195574402,-5.5598799484829788,0.1581023586650091,,0.3378533166723773,0.5510204081632653,0,4
0.39812125121230818,0.91710170481221021,0.020589617861511814,-0.91716123719479881,0.39751243860663882,0.028268819223810689,0.017740753097076602,-0.030138417070910407,0.99938828364955723,-6.8002729169733529,11.841671784755491,-1.0934903319666198,,0.1415385590319991,0.3620689655172414,0,3
-0.78720060944327708,0.61611767666479189,-0.026724688834713555,-0.61558464399637391,-0.78764417066158698,-0.025926945417435697,-0.037023594747012264,-0.0039583991713769617,0.99930655181881489,-9.7894077619948092,1.9825795797186092,-1.4966874224168576,,0.08359775211363188,0.4648241206030151,0,5
0.20917731943467099,0.93962017989793722,0.27084823529551305,-0.9778532166644931,0.19902758961560491,0.064738745977246853,0.0069235607190014248,-0.27839169545870163,0.96044267304540376,-8.2281651110530003,4.7950280856603511,-1.4861621677205272,,0.2776193805356428,0.4038461538461539,0,2
-0.05251554245716563,0.98913038602753844,0.13734335527226327,-0.99861056819485106,-0.051414874295914383,-0.011551787337586474,-0.0043647325218323946,-0.13775917442460522,0.99045613682376932,17.431059122295213,-4.4679468055320184,0.3028859663283926,,0.3471612157552817,0.28,0,8
0.82145550724793137,-0.56129673512977274,-0.10078107334563507,0.57015934816046276,0.81188753508688272,0.12552668272434658,0.011365180037151389,-0.16057585591613763,0.98695806758925686,5.4373448469403503,14.06234861884667,-0.2047193754589183,0.2146740374766483,0.2159967979406065,0.1944444444444444,1,5
-0.76715189608279755,-0.61946969827253495,-0.16653906826538453,0.64118037374546466,-0.7482568576719083,-0.17029211159236698,-0.019123196913547649,-0.2374214983296484,0.97121847978233511,3.6669029428156419,-8.1805799502200482,-0.6220175800374641,,0.2602700111415126,0.35,0,4
0.99358458261838678,0.10782553028144369,-0.034107656069720854,-0.10423669613435187,0.99013455445508791,0.093639069052496263,0.043867851121746598,-0.0894830659597044,0.99502180505977389,-1.8621031018702308,-16.48410326326761,-0.60309103214310866,,0.5809641851032743,0.6,0,1
0.36974887213694296,-0.91944579969191853,-0.13381028728146069,0.92911891511549094,0.36664568572430051,0.048051875243019591,0.0048798696777623534,-0.14209279562541446,0.9898413126876866,-9.5257076095551838,5.1003481940413264,-1.5053397702137941,0.4637350825266174,0.3766665138522215,0.863013698630137,1,5
0.85528353145783176,-0.50877805955785993,-0.098157867384939285,0.51665502675188291,0.85178638646086302,0.086761369122188695,0.039467254135951653,-0.1249193257766156,0.99138161063158947,3.2717692579915671,-14.490209453688598,-0.42268458757705718,,0.09453510400474933,0.391304347826087,0,5
-0.51870649633809895,0.84665545418379051,0.11881966401860096,-0.85295637504568389,-0.50298232423627565,-0.13955000456754177,-0.058386581725432776,-0.17373348383864723,0.98306036623785542,-4.8237278612028511,5.1511251567303935,-1.3159667138467595,0.374327142490341,0.1382430941067769,0.24,1,5
0.77754154266426656,-0.62305992253491471,-0.085002837376499552,0.62769845247833977,0.77712802750611687,0.045460770129272035,0.037733303427700558,-0.088703786814516669,0.99534307453118676,-21.295930473552492,7.9885834545246155,-1.7122638564000352,,0.2274592116332809,0.6190476190476191,0,5
-0.53192635976957259,-0.83073964875592099,-0.16409138846137261,0.84653089316025076,-0.52648269427235694,-0.078749092420350386,-0.02097128292690599,-0.18079714770042604,0.9832967998909542,-3.2473461709695406,-13.964603180098642,-0.77450146805727982,,0.2903903908679544,0.28,0,5
0.78549738746525677,0.61695664454418353,0.048562877159794064,-0.61886222973949867,0.78283813395881241,0.064606475075953532,0.001842521943243482,-0.080801947827176313,0.9967284737280373,-0.68584879606397964,19.620804182792359,-0.40989226649866572,,0.2799507947132535,0.2647058823529412,0,5
0.97176357787680201,-0.22844332353493846,-0.059069422245254827,0.23397266381568432,0.96530547233500374,0.11594023316816505,0.030534264344660143,-0.12648712587614241,0.9914981924786973,-0.3039180023782157,-16.451349956975356,-0.53673257596263846,0.7500208252273634,0.3590787400688275,0.4074074074074074,1,5
-0.99821382302022799,-0.0046529102596556829,-0.059561010379749375,0.01532909817218764,-0.98353350765538428,-0.18007459029059114,-0.057742378549627243,-0.18066596177811803,0.98184806766333244,-9.944730902970651,-15.70944896397681,-0.95735979598187049,,0.3072258040301375,0.3,0,3
-0.35173157060260274,-0.90990455885277899,-0.21990587991310473,0.93609579563687517,-0.34266273547074561,-0.07941606330379522,-0.0030925123108616025,-0.23378610629940444,0.97228313410702127,-19.964252881438476,9.4941837774043041,-1.6657552372180926,,0.3320747635182109,0.3902439024390244,0,4
-0.88547339278769144,0.4547546172821289,0.095577762715177914,-0.46455459578853497,-0.86132220423036288,-0.20570145364459641,-0.011220436569282424,-0.22654425298456282,0.97393624187770178,-1.8387626772752272,-6.0688387047574937,-1.0215966100617058,0.3751145904796409,0.5026424649866493,0.3417721518987342,1,3
0.47892634673951329,-0.85901302529226475,-0.18090377767469548,0.87769792046415462,0.47246221260207755,0.080161200565167803,0.016610683659716144,-0.19717018040611908,0.98022854740462295,-5.0000622439965472,-12.741314560849728,-0.88409247378836375,,0.1817733506307738,0.3636363636363636,0,6
-0.83530129378073359,-0.54670149432551729,-0.058217048280357085,0.54868321664550301,-0.83565235002827898,-0.025137176924969154,-0.034906681019184635,-0.052939833721494842,0.99798742358096104,-7.1398629071782471,-5.2367414285005864,-1.2714468461233592,0.6045096595023813,0.4917639874109688,0.9977401129943503,1,5
-0.74746819354299765,-0.65515407537646608,-0.10983823177370371,0.66358181955399109,-0.74405914611206625,-0.077686265481070868,-0.030829667513299568,-0.13095466621922516,0.99090887926006066,-2.6824229404093223,-16.419140754157755,-0.64939314120076752,,0.07002459458628371,0.3333333333333333,0,1
-0.86019445242373904,0.50945859628802781,0.022747366609270743,-0.50784088194550459,-0.85168886937863952,-0.12932017785847261,-0.046509597334704326,-0.12279254230109918,0.99134194348418292,-4.6845147202063595,17.300000536933815,-0.75157847586696713,,0.3350527013907824,0.4473684210526316,0,4
0.96191497247760238,0.27105366176819329,-0.035348241334848214,-0.26992010327595156,0.9622915851537609,0.033734892763446885,0.043159281399398376,-0.022908897492360403,0.99880551602640433,-5.0377131819389289,-11.022909449117563,-0.94616033157000556,0.3641744119704048,0.2779048258781561,0.8802083333333334,1,5
-0.33236207922605504,-0.87390976662179753,-0.35470715822431487,0.94308413450024298,-0.31244662062107309,-0.11388338121253321,-0.011303253799745349,-0.37236921068410972,0.92801584436260165,15.633085630916593,21.97663610010683,0.63846522025707242,,0.7531946370825322,0.3076923076923077,0,1
0.98790601354494145,-0.12502256612753659,-0.091711865975062395,0.14698623288822493,0.94342584155005016,0.2972250474588376,0.049363506186965916,-0.30711079345159054,0.9503926582220974,12.077488884919727,-1.94219526618407,-0.11708988081361996,,0.2926647307525641,0.1666666666666667,0,2
0.960883935791223,-0.26754224128382004,-0.071576609777207631,0.27334495367134409,0.95772348790995421,0.089712078384139568,0.044548829847474582,-0.10576800004926547,0.99339243601146832,3.5699746334656473,-4.5321202801696332,-0.68665022274095455,,0.150006414198848,0.3823529411764706,0,2
