axis_00,axis_01,axis_02,axis_10,axis_11,axis_12,axis_20,axis_21,axis_22,location_x,location_y,location_z,dbh,dbh_approximation,score,reconstructed,number_clusters
-0.84881482655468765,-0.52237051367731147,-0.081501145154136395,0.51725658365036942,-0.85241769639805454,0.076352456003593375,-0.10935729006921391,0.022652092793693075,0.99374436642467656,0.0088035033364627178,-14.933367017016668,0.24958584481317872,,0.1052589297293986,0.1818181818181818,1,5
-0.1576088973945533,-0.97856924778025134,-0.13252042393860211,0.97806460727646327,-0.17319907057677353,0.11572253861923142,-0.13619493182644823,-0.11137463468014365,0.98440166156638209,-3.8797701810273564,-10.507996685540359,-0.62637402955785637,0.4043591199041262,0.3000873009265478,0.3,1,5
-0.62491481083683886,-0.76291722490728975,-0.16564657296943178,0.77102642882863215,-0.63641067919733019,0.022353824088022844,-0.12247336544948632,-0.11374864985287569,0.98593180261726199,-3.7804821693490234,7.7845433236641997,-3.3602307206100281,0.5128396891097495,0.1733969043285515,0.4705882352941176,1,6
-0.65070190796892402,-0.7553462727149266,-0.077711229955970504,0.74752130215032131,-0.65519738474701783,0.109216710498695,-0.13341262982600041,0.012976722095200262,0.99097561770538756,5.4377953029839761,9.911288027723101,-2.8246171141802581,,0.2434773125155833,0.8450704225352113,1,5
0.97368521704641198,-0.22112651937064165,-0.055137650805110558,0.22710341375709614,0.96164231285866297,0.15384440704723007,0.019003619790825665,-0.16231797359154609,0.98655549153809863,-11.47392656761466,-9.6964296909538401,-1.5036303627498719,,0.23583732810037,0.8165137614678899,1,3
0.75818620976387463,-0.61933125591534777,-0.20391779414805358,0.65059725548904146,0.69778438425775613,0.29970012385074285,-0.043323001673666373,-0.35989685818626155,0.93198571286991372,1.5842078720760313,-3.622794621720312,-1.1824575353823472,,0.1238103489059112,0.4014598540145985,0,5
0.4018996320471433,-0.9120093733480592,-0.081948695448135628,0.9105063866051174,0.38852032056595576,0.14152766676031581,-0.09723582524801698,-0.13149472777494686,0.98653653295543475,-4.5189171147216616,3.836721474330548,-2.7701110781447329,,0.08212279935024872,0.4117647058823529,0,2
0.66003837964423873,-0.73599469858330868,-0.15053617855476728,0.74901222469674833,0.6293474550505781,0.20712910967845274,-0.057706365779139665,-0.24946659992597289,0.96666250101570572,-15.703291282714611,12.011338059743636,-5.2349451286058093,,0.1480554736932699,0.48,0,3
-0.51813425252045109,0.8549961772917396,-0.022769127817854472,-0.85148993662419203,-0.51313402607158931,0.10797388163482159,0.08063364181780891,0.075332649655203004,0.99389295585748239,3.7577410707115892,-12.34598606995883,0.18858329676449095,0.384856243164698,0.3619656327100179,0.7941176470588235,1,5
0.72676626557289936,0.68218470055690417,0.080217389332421354,-0.674935355834833,0.6875476521199837,0.26784415526272992,0.12756590715912142,-0.24880164868904114,0.96011701315010867,-14.947760991035297,13.951820497522943,-5.5907369914165645,,0.2498863078359236,0.2777777777777778,0,2
-0.86209689213949403,-0.49170632252105567,-0.12253097957759901,0.49142359371383815,-0.87023177970170973,0.03463381495838342,-0.12366001821446927,-0.030356910086744019,0.99186020078697734,-10.020872884260715,9.0269320785518623,-4.1320325598618783,0.7158361711729798,0.4926378478654403,0.7288135593220338,1,4
-0.085161807393700689,0.97720129339070672,0.19448675727917555,-0.98876917426358735,-0.10694669633865037,0.10439312318516507,0.12281281117026342,-0.18341220335021113,0.97533428991022308,-23.000781870927849,13.927368073597943,-6.6242943475952245,,0.366211197555753,0.3888888888888889,0,1
0.9829726169485612,-0.17412571202987617,-0.058694724970700149,0.18203574685986174,0.9663326396531049,0.18183568518372353,0.025056360359593483,-0.18942403741645497,0.98157562767948736,-1.843690322995345,11.617595570000224,-3.6292714231936896,0.6045301317193515,0.4883846267052031,0.910958904109589,1,5
0.016212119475485023,0.98379580182125081,0.17855807878949209,-0.99141455402864387,-0.0073568713257999106,0.13054906550596193,0.12974725138628915,-0.17914155509869142,0.9752302056409683,-6.7628048098781868,3.6946024710971703,-2.9456262347225834,,0.3936476686033353,0.2307692307692308,0,2
-0.9967613225230687,-0.035281331875623032,-0.07226405429495672,0.041127217050818857,-0.99585915436722694,-0.081074636481736309,-0.069104398844915385,-0.083784081328573373,0.99408491074767302,1.5664340606349658,8.256069482099214,-2.8989686947232243,,0.2865388611692061,0.25,0,3
-0.75788456166534179,-0.64890262613736194,-0.06735260189010045,0.64080483624716933,-0.75981832425041584,0.10975097254934371,-0.12239343541044026,0.040018694697897726,0.99167451870213208,6.8031665765991978,-4.7856470656723991,-0.63607327341500364,0.3298455681231573,0.2568383949656908,0.7318840579710145,1,5
0.40762939563726208,-0.89756025240760973,-0.16799961044712602,0.90710900173762143,0.37689870526984598,0.187351607765951,-0.10484052069201828,-0.228763981570306,0.96781997600644976,-10.421968443971185,17.338087253713837,-5.5708195881633298,,0.2098199318304885,0.1875,0,3
0.97474996788785129,-0.2172286232944477,-0.051712912548329291,0.22323062837717841,0.94222423725947935,0.2497630342447045,-0.0055305204965054242,-0.25500041557297576,0.96692512709136202,5.3466928729060132,-8.1770490007283048,-0.28375753450588903,,0.15041258285136,0.2,1,2
-0.42579833991477106,-0.9012410721235411,-0.080376014105178875,0.89517669090374474,-0.43252912867328092,0.10759760644063752,-0.13173634953363131,-0.026135852133480436,0.9909401856039598,1.155801968053491,-11.701289411675088,-0.073285273448969401,,0.1174140160025562,0.4871794871794872,1,5
-0.89578321007504846,-0.43724303249145857,-0.079943549366512254,0.43288565962022263,-0.89899901200526322,0.066413719280929581,-0.10090810791411857,0.024885878550589706,0.99458445936278284,4.2697881477615116,15.782615802209206,-3.7558084861270413,,0.120557472208835,0.2727272727272727,0,5
0.026560408690335092,-0.96275762559670031,-0.2690581703751232,0.99045134599493434,-0.011078937383930641,0.13741684162892095,-0.13527999078587849,-0.27013887447357399,0.95327032503436593,-2.0900454457202429,24.200371544599399,-5.5304936104126163,,0.4177744398884146,0.375,0,3
-0.93198320297979675,0.35993421475423221,-0.043065884558121083,-0.36245292375266169,-0.9272030152935401,0.094458702583267704,-0.0059318990775613758,0.10364327995495538,0.99459684450208896,7.5418903362623384,4.0255062954924865,-1.791915536412388,,0.07608440890441277,0.2753623188405797,0,5
0.96660470317773839,0.2535088215762456,-0.037531655674901444,-0.24374921808170963,0.95467939782937794,0.17080271088214943,0.079130692397016367,-0.15595039193012392,0.98459017300479368,-18.513943317418804,10.304454431961425,-5.4404780542149185,,0.07325108308116238,0.3333333333333333,0,2
0.79253454452030492,-0.59876441037849093,-0.11562947983145062,0.60825789358757743,0.76256201580307637,0.22027597904163937,-0.043718767484879829,-0.24490886655743518,0.96855991887500514,-2.3757580262342275,20.800115772386029,-5.1270837992763001,,0.5657260208471825,0.55,0,3
0.79610025392331307,-0.59132559215510272,-0.12867956234636813,0.60409160162853603,0.76385757275753596,0.22714520770387142,-0.036023916293286766,-0.25856460044519236,0.96532203168243891,-16.694200729637444,3.9071800036913129,-4.1434046489588399,,0.4618435393502852,0.1702127659574468,1,1
-0.92181950826506587,0.3855849272651603,-0.039661795822604602,-0.38761937772311411,-0.91701034395199255,0.094038540495876108,-0.00011043323181614146,0.10206024177401216,0.99477821390173804,-9.4713453902903009,-11.0410015672265,-1.0932247287557253,,0.07630991784955871,0.4242424242424243,0,2
0.68796165449894597,-0.71364400533364081,-0.13198861917010868,0.72375460438541828,0.66116467055062456,0.19758681901025488,-0.053740437009574656,-0.23145952576431836,0.97135907540053235,7.56669004713227,-12.840396688364104,0.53290465288650934,,0.3095985323219743,0.4736842105263158,1,4
0.98826573457427691,0.15274013421136742,-0.0011354591398777482,-0.14151676168632712,0.91839456843188472,0.36949211471508719,0.057479074698364482,-0.36499570966780598,0.92923317197349042,1.1206789170987621,-9.5230413805882232,-0.40970112491556943,,0.482484065336757,0.5316455696202531,0,3
0.99866922932792301,0.00010540685937170058,-0.051572854128586129,0.01098469534171641,0.97661687425183719,0.21470635154746323,0.050389551117509493,-0.21498713872222028,0.97531606329548937,5.5026749695393518,7.6166631341437894,-2.4786789970378766,,0.08577444054481488,0.125,0,5
-0.99486479229663805,-0.07423214120795904,-0.068801411760579093,0.076963789918653977,-0.99631183128015655,-0.037938237868114115,-0.065731423915235704,-0.043038634537609852,0.9969087500103575,6.9578419802524394,10.470148174992781,-2.8030677242302491,0.3162504443304129,0.4007251355190208,0.4090909090909091,1,5
-0.24590354135607165,-0.91740841329704137,-0.31287897270406145,0.95964622246805931,-0.27585403501117955,0.054623063543121152,-0.13642058514508626,-0.28682111948016831,0.94822100238753226,-19.927914332052449,12.197789536822926,-5.9099682168070631,,0.6583840540904193,0.3125,0,1
-0.59758456132861149,-0.79807614639383428,-0.077247372892920954,0.79075903738322917,-0.60254712335697769,0.10787543247180643,-0.13263799176118085,0.003380634762609126,0.99115878367200205,-10.894457654544329,-12.304010051578175,-1.0937419720783419,,0.07335347694316627,0.3571428571428572,0,2
0.94744163601679443,-0.31097076465845941,-0.075176657743967729,0.31981563511409322,0.92683370305900326,0.19671615696354297,0.0085032863288144293,-0.21041974812661748,0.97757415254288593,-20.351122683636557,6.3943211868687406,-4.991485627280877,,0.2268470258102782,0.8536585365853658,0,1
0.97137065078612717,0.23728716588404122,0.011569775194699051,-0.22337520246282666,0.89566981863388595,0.38455051022334258,0.080886202259888032,-0.37612548025235071,0.92303144333706821,-6.1918280504163263,16.065105173620029,-4.8540682160700728,,0.2356097218674821,0.1219512195121951,0,3
0.59778535548164979,0.80145494148958418,-0.017962336529692445,-0.79186467808279137,0.5938270148019783,0.14254756432927554,0.12491197050929802,-0.070989106581919578,0.989624952378519,6.4353029005078142,6.4541058294224785,-2.260143684240036,,0.07274595718708217,0.4375,0,5
-0.86764585620088752,-0.49195029913025651,-0.071941444266007709,0.48588417984402799,-0.86967729628756829,0.087051502567389805,-0.10539085346805011,0.040574665834672653,0.99360276997282959,4.5253086003034095,-6.4678790673031621,-0.58373105390787428,,0.2152296584024228,0.6031746031746031,1,5
0.95196027956292106,-0.26658027045345134,-0.15068704502859448,0.30604100495718556,0.84513214240029333,0.4382813767052911,0.010513297260178078,-0.46334287659017048,0.88611672441832656,-20.670641284990584,13.210123256762477,-6.1714269456518762,,0.4893801136759639,0.2068965517241379,0,1
0.98929048621460192,0.13923137122884593,-0.043805925980531332,-0.12403747693093781,0.96014159487490669,0.2504851734288418,0.076935285804912434,-0.24236902247771924,0.96712885322552078,-18.575615829824748,12.554624465020638,-5.7458304533745279,0.386336313094193,0.2878580497875318,0.7530864197530864,1,2
0.98018471201309387,-0.18312146819852787,-0.075527863869065057,0.19767793376079165,0.92872392778874424,0.31368025193931376,0.012702946109960445,-0.32239477948233408,0.9465200691600073,-14.269867638026366,8.4013468360049206,-4.499024008195212,,0.3656147233596213,0.366412213740458,0,5
-0.025484610362389009,-0.98050528298303674,-0.19483306874612696,0.98562523490905085,-0.057205461468830807,0.15896676221341682,-0.16701326577597395,-0.18798118315537318,0.96786860876585445,4.3015622151889836,11.699435086654903,-3.1973438578162781,,0.6669683570433669,0.25,1,4
-0.99205938952243522,0.12576978923641008,-0.00035745741240701375,-0.12532805950470677,-0.9888052166378315,-0.080976052327803388,-0.010537796788578304,-0.08028825359440496,0.99671598320364196,2.3987168070794103,3.6334664728682857,-2.1281182596938235,,0.1614524974050058,0.2698412698412698,0,4
-0.028174111916941445,-0.99224724844507373,-0.1210438654821997,0.99110454278033844,-0.043485606885506206,0.12578071105688771,-0.13006923040392263,-0.11642336512479104,0.98464592385037186,-5.1106341903647214,5.691058355891502,-3.1565507350129529,,0.07131381739899821,0.2920353982300885,0,2
-0.072225565554737678,0.99613182405234746,0.050048544338885871,-0.99022793482361771,-0.077618732718994055,0.11586185492236244,0.119298385467916,-0.041191278703634628,0.9920036158117107,10.905239289450636,-4.4772589056124064,-0.39982482110382589,,0.2568680201631133,0.4583333333333333,0,2
0.86094766750474738,-0.50473335212597337,-0.063351062104848546,0.50830558928766945,0.84873088817207143,0.14588114121284129,-0.019863074209427695,-0.15779772721533122,0.98727166249651166,-1.8804618488113489,3.7367427141197624,-2.4812153329292217,0.3099878567373133,0.2330482319177754,0.8809523809523809,1,5
0.4388335674090651,0.89297679612587033,0.10008767004885497,-0.88849629832999999,0.4145839437648961,0.19670912898549511,0.13416194679908411,-0.17525009316151685,0.97533992888528787,0.77584075277684117,12.119746708431039,-3.5487953404888817,,0.2113681166143413,0.1764705882352941,0,5
0.30927838079589404,-0.93967033203984418,-0.14617301480231787,0.944069615059006,0.28489964998896944,0.16602635742105126,-0.11436540165019228,-0.18934586480906179,0.97522751108912964,7.9323893468318447,14.024755673895299,-3.1867744873315966,,0.2352068814544663,0.2758620689655172,0,5
-0.023098067106347493,-0.98532074564284411,-0.16914345243544507,0.99490331116593567,-0.039265782933922404,0.092874106841704995,-0.098152334292206281,-0.16613616853779042,0.98120583608974477,-17.392095589493035,6.0994678422950503,-4.607106825799522,,0.6046910785869821,0.7950310559006211,0,3
0.99805113439203452,-0.053684606635489546,-0.031810315137789806,0.059089330394114077,0.97693120904935982,0.20521662656551681,0.020059515755570256,-0.20669633716093835,0.97819948887325814,8.903937567453065,-2.1677411163529232,-0.84592561216019835,,0.1139061775931701,0.2558139534883721,0,5
-0.17138875279779181,-0.94785951011870018,-0.26867870122500592,0.97596354583766853,-0.20060840859966803,0.085155291057418814,-0.13461445914307438,-0.2476259588101524,0.95945835340204877,-12.554735868076317,9.3679250256321147,-4.4532590894440478,,0.3470220383526088,0.4838709677419355,0,1
-0.22839974161296933,0.97275693941974384,-0.039717689281505514,-0.96704485311276323,-0.22196621595008695,0.12472069212810664,0.112506933560752,0.066894960853062124,0.99139661796539547,-13.359090938306798,-11.053607447519502,-1.4693369167935111,,0.1394672243475015,0.5757575757575758,0,1
0.49558908253574557,0.86836117630858278,0.018448001283377577,-0.85916295490125405,0.48700285639136304,0.15705806184974355,0.1273988940168731,-0.093686100071605619,0.98741705295009441,-14.802303668988442,4.9473306954429184,-4.1013663596076659,0.5208167586669834,0.4629678137132768,0.2173913043478261,1,2
0.036376107406139793,0.97320185297797701,0.22705711213306895,-0.99394358247250947,0.011657320819896502,0.1092715046707753,0.10369635322271574,-0.22965683144973947,0.96773178417202754,-3.512316335907586,-5.8127627979869931,-1.2947614988989284,0.7783860812935528,0.6023585577629051,0.3851851851851852,1,5
-0.27039582324283779,-0.93857851370109291,-0.21437460761824409,0.95017181722487987,-0.29603844940884461,0.097646066091661182,-0.15511162601300441,-0.17728962206021817,0.97185841221103175,-18.186538474530575,23.272192371055969,-7.5352926971566285,,0.2138199906281414,0.3076923076923077,0,3
0.88536876675956777,0.45359475552042555,0.10185256310475002,-0.45294117557217412,0.79230416496337497,0.40877671368729573,0.10472076354734347,-0.40805135454505453,0.90693310323088716,-21.26428503643973,7.5361994023648533,-5.2813226297728368,,0.3349373279790065,0.2222222222222222,0,1
-0.10010668909207682,-0.98418247451528618,-0.14616260690064131,0.98528186062921619,-0.11851281982142592,0.12318427924457251,-0.13855795146455091,-0.13167979493811255,0.9815610656963758,-5.4780117278188953,-2.1910348195003819,-1.9382014934918179,0.5120263771681587,0.365819660096204,0.8329560887279311,1,4
-0.93046516929256118,0.36358938011637509,0.045136807595965972,-0.36630146222621152,-0.92062173148857429,-0.13519935754994586,-0.0076031246408521354,-0.14233197173358142,0.98978977683047731,0.3509354312076402,16.034345971212492,-4.1725508678459162,0.6670285617294369,0.4085608367709789,0.2142857142857143,1,4
-0.66772992727156111,0.74403593858212957,-0.023393724032839704,-0.74187888238933686,-0.66255047893530394,0.10316291352684595,0.061257392130775606,0.086240274586810939,0.99438933368602045,9.6223336724936548,3.9242002002112764,-1.6619388236638066,,0.2382046577893097,0.689922480620155,1,4
0.90536004761029631,-0.41938716994039998,-0.06661520757653365,0.42456922227811894,0.89103248064886886,0.16063030200705139,-0.0080099741095508697,-0.17371102474542463,0.9847640936775971,-7.4811090930052293,-9.838200122791509,-1.0425352016560907,,0.119474481218868,0.6181818181818182,0,3
0.98588674961685097,-0.15719623379042916,-0.057590459383698382,0.16736111780808383,0.93404088021715448,0.31552795490921509,0.0041920372075349693,-0.32071323353623526,0.94716706480894008,7.7276182572593157,18.166746439975327,-3.7705818445465109,,0.33608389601343,0.3076923076923077,0,5
0.40273416867791606,-0.90565764666849191,-0.13262509721088614,0.91021148542016006,0.38097886395650815,0.16238890672590386,-0.096541396242926458,-0.18611644808908631,0.97777319791563566,-3.2473665296454612,12.295268564632162,-3.8701845260077654,,0.07714277698899857,0.1764705882352941,0,5
0.44381680002824919,-0.89176154341852076,-0.088249632817943874,0.89078646895058844,0.42830587950509486,0.15183392346872907,-0.097601817335672247,-0.14599802485370772,0.98445846128294767,4.2553825805804451,8.3762921857138402,-2.707266842951352,,0.09856279873688641,0.25,0,5
0.99809276707143069,-0.010388251103683124,-0.060851561678408668,0.028183154350165392,0.95369471764430236,0.29945299355362659,0.054923020042320171,-0.30059685589899376,0.95216857335929228,-6.7660101861881472,-3.4371426869379804,-1.8423356459012739,,0.2885554806534441,0.3014256619144603,0,3
0.99653290759846291,0.080610440906081604,-0.020594195548268891,-0.071621516827305179,0.95712062053957603,0.28069641263345801,0.04233819080581102,-0.27824822471107274,0.95957563695856041,3.9120382903024216,13.847150342014551,-3.5052424254021615,,0.2239496809572944,0.25,0,5
0.99320967707502461,-0.099931894501661636,-0.059566381674851183,0.10951437337923357,0.97587996453780201,0.18885152061090613,0.039257348202331524,-0.194092532764675,0.9801974032495262,16.358832701462735,12.774864874543614,-2.3732595639744671,,0.1036851601160531,0.1333333333333333,0,3
-0.1895654786125828,-0.97674836620181149,-0.10013769739950752,0.97157623523024061,-0.2013282090924895,0.12452538439789508,-0.14179050904138496,-0.073685692951235726,0.98715037871647593,1.0764413503490058,18.462025048206332,-4.429659969263497,0.3538355361718406,0.3338503766843872,0.5789473684210527,1,5
0.70852749157882333,-0.69673179916194494,-0.11204282089263951,0.70327565396833391,0.68404946383279197,0.19359670856055947,-0.05824215150930568,-0.21596557843005768,0.97466236242143756,-12.596560790664132,11.397785756380303,-4.7361724871258986,,0.1430429513467265,0.3571428571428572,0,5
0.58650579024108784,0.80911366033529131,0.036688454212504266,-0.80016705110059616,0.57181318535486303,0.18100378832306321,0.12547369583562992,-0.13551666212370761,0.98279783574252744,-15.493329558779555,10.754616193296485,-4.9830205931984901,0.4496968770564364,0.3919255563345753,0.6171428571428571,1,5
-0.93595415061318887,0.34656261493806229,0.062323204966020181,-0.35210197762659307,-0.91924282846827654,-0.17611592676724125,-0.0037450369005228765,-0.18678055636745097,0.98239452281742656,-0.084478044545082717,5.718780592958244,-2.7157396981623187,,0.7262830773813853,0.2083333333333333,0,1
-0.55289779961573826,-0.82893891378954998,-0.084642190339545065,0.81992815885288517,-0.55933557504651166,0.12190787016228834,-0.14839756568149051,-0.0019979221178083534,0.9889257660749966,0.54439576792177069,3.4921073921889167,-2.2561364150179672,,0.1117587901808881,0.4722222222222222,0,4
-0.8958859338891858,-0.41928743888288972,-0.14692323524387954,0.43227220612623884,-0.89899936005474956,-0.070291467703448407,-0.10261156499272293,-0.1264839682180216,0.98664718745535707,-26.61186821654481,13.664029858776336,-7.1267735597470825,,0.2971716795099222,0.2307692307692308,0,1
0.443876652013866,-0.88982171751109274,-0.10578671392274017,0.89106822624676785,0.42582549272481729,0.15706707458632482,-0.094715014492956218,-0.16398158674460037,0.98190585355130833,-4.9012772775972575,-8.9449008271730239,-0.95223403390209072,,0.1455856274965449,0.360655737704918,1,5
0.54568669275578385,-0.8169711694829831,-0.18650507119877965,0.8352021205182576,0.51209347889345036,0.20049360776994637,-0.068289466472221852,-0.26517612469528667,0.96177865003363916,-19.866261031118842,9.8898052746194391,-5.5952969994293174,,0.176064239345592,0.2368421052631579,0,3
-0.51448999125624828,0.84203016686880039,0.16212725551259047,-0.85362374829122623,-0.52087754826212618,-0.0036160848541815088,0.081403594824687231,-0.14025611501583662,0.98676323246779007,7.373777256117954,5.7546021384861374,-2.0658644485904083,,0.1334233765114552,0.2083333333333333,0,4
0.992304030797173,-0.10992867579094254,-0.056994707671259123,0.12192056558090111,0.94781142254765427,0.29459952983096227,0.021635298752631899,-0.29928112791661393,0.95391966135563167,8.4629681905818206,6.4279540896215526,-2.018212055385034,,0.6462356510164967,0.2441860465116279,0,5
0.9850218831502614,-0.14251145054541201,-0.097068924886159494,0.16983845015909335,0.89910238692001232,0.40344739270726854,0.029779028907428107,-0.41389054627785166,0.90983945019940293,-19.022104212132266,6.9693853823383298,-4.9030499177397964,,0.3187743821009414,0.2857142857142857,0,1
-0.45623315165335782,-0.88111097356419588,-0.12447796430372456,0.87964924413127399,-0.46769414007278198,0.086483516584719589,-0.13441918996825847,-0.070040299873258993,0.98844617342672814,-6.4045991431736518,14.807662515824202,-4.6591080858743465,,0.1046200097492063,0.1730769230769231,0,4
0.51264759411391747,0.84511023004765462,0.15159532749400081,-0.8558879015807983,0.48898016262886951,0.16838735250327738,0.068178766319366924,-0.21607197787831151,0.97399412534107466,-0.574852963905363,-6.9766038366143697,-0.86779874395155843,,0.5755774970068989,0.2985074626865671,0,2
-0.25064216657550642,-0.91232643199861629,-0.32378848931209786,0.95840683797658432,-0.28101014514642308,0.04989620471049331,-0.13650947679213052,-0.29781500936228966,0.94481288250345019,-9.9118988230026801,-0.21224903870936021,-2.7032850644580377,,0.2518368796656805,0.2639257294429708,0,1
0.48757449117624285,-0.8601985405012349,-0.14943087523592566,0.86881755059353738,0.46113961156272587,0.18029509818191353,-0.086181084553835871,-0.21773545776314249,0.97219550045132441,6.600998229058515,12.972895493951256,-3.1590523921512168,,0.09347532344799009,0.5625,0,3
-0.3979676068942874,-0.88072291510649792,-0.25680523878836292,0.90907996651172251,-0.41620604730755201,0.018604856131414941,-0.1232696164911732,-0.2260523678065279,0.96628408279303801,-13.221073531524796,15.22648713227005,-5.6115218565738294,,0.5640094413362763,0.2068965517241379,0,3
-0.80795717145176593,-0.55599811428887935,-0.19511869722523428,0.57592980577849606,-0.815139531508146,-0.062067729043562017,-0.12453942313824362,-0.16252274019315327,0.97881371619144319,15.37556554591192,12.868688410158743,-2.4512836585844906,,0.2779991675426802,0.5,0,2
-0.93408292542428606,0.35667632564804541,0.016464724504752917,-0.35622449391491995,-0.93406140810455385,0.025167356333106707,0.02435566393813059,0.017643259674669464,0.99954765620363772,-12.195752145096344,8.2222424486201682,-4.2660533810552899,0.3567276696936834,0.1498671788249432,0.3970588235294117,1,4
0.84816038347811051,-0.52040556162782137,-0.099005127771734078,0.52919421910515141,0.82388029451288514,0.20291559520907115,-0.024030030460958217,-0.22449791032478328,0.97417824133771957,0.084563035059446567,10.716568726592559,-3.380020674131953,,0.2945203337026631,0.7395833333333334,1,5
-0.99754710333833785,-0.043672462557329365,-0.054703680273546738,0.041382353251150361,-0.99824673254635776,0.04231975661458004,-0.056455978077514256,0.039952183603639863,0.99760540574147472,-7.5579133371112128,22.170205906261611,-5.8912544745431221,,0.2005795868344728,0.3333333333333333,0,4
-0.098527388754513043,-0.98653459416997658,-0.13054442987388171,0.98787836217689473,-0.11277642098487767,0.10666686651691487,-0.11995288745133535,-0.11845240975058895,0.98568774539220383,-23.880008912889622,14.071067928013784,-6.8593786382146273,,0.167191619332999,0.2222222222222222,0,3
0.99429667477983075,0.090491716602928693,-0.056439097689700311,-0.06654837129543735,0.93996918442237587,0.33470770324905696,0.083339287252153199,-0.32904282633509796,0.94063031082233062,-1.7358022890883513,23.064124088075879,-5.364304404955301,0.372661263395703,0.3970778237097564,0.3666666666666666,1,5
-0.80662060901595389,0.59103687289995865,0.0062135322780980211,-0.59049603758070968,-0.80533047078515352,-0.052509641271343194,-0.026031187299353876,-0.046024425011096791,0.99860108631534394,6.2113729195634004,-8.5770160903533377,-0.17374429074264292,,0.216748274230996,0.3055555555555556,1,4
-0.29558036129061133,-0.94368369907936045,-0.14863823906117019,0.94483609234691934,-0.31176218209777734,0.10044451409726203,-0.14112763236841477,-0.11074934720135475,0.98377719707083999,-3.7956013339601493,-13.574732597168213,-0.23359787452863845,0.1708012163633791,0.1525382998295213,0.2727272727272727,1,5
0.62163951564829056,0.78302138666776733,-0.021019529144200591,-0.76975566875747159,0.61563708370577885,0.16872223203235429,0.14505351771085925,-0.088704504886329943,0.98543948967583739,-15.53171283164302,9.770372951517901,-4.8612371484597832,0.5228946589169533,0.4498993412023136,0.9431438127090301,1,5
0.92708530832231273,-0.35821462849847674,-0.11043147659349882,0.3745656907331637,0.89674869449535544,0.235674186635836,0.014607341253977831,-0.25985391828982141,0.96553744967811372,-4.2332470094606478,-3.5329114637679662,-1.629253220060326,,0.6192410756015394,0.3540983606557377,0,2
0.87794404545985527,-0.45389352932054516,-0.15229877570920447,0.47876324805422515,0.83238717743155644,0.27913677500482448,7.3172068771721143e-05,-0.31798152601757379,0.94809690631147137,11.21643732173245,20.802995136839741,-3.8522214319594599,,0.388950528143654,0.1612903225806452,0,5
-0.99552341272794787,-0.07477197851830783,-0.057812506769368471,0.070786045028505426,-0.99515960415390592,0.06816669340274488,-0.062629629886523847,0.063769220543292912,0.99599749797455739,-17.105547077895039,2.6699768174730534,-3.922791610212975,,0.2721013283169693,0.7183098591549296,1,5
0.50763953471889978,-0.84706059903303488,-0.15744981535770566,0.85762077042653195,0.4793268184304228,0.18636634692554049,-0.082393670408480127,-0.2296391575911331,0.96978200662698111,-2.5183178854149197,-10.92911757686969,-0.48866534220490798,0.5767022988310757,0.4664841413695096,0.8875739644970414,1,5
-0.64480727303307062,-0.76162930100984239,-0.064376925112304223,0.75375914900501118,-0.64758650108478266,0.11170885776880386,-0.12677036694313609,0.023505987663331757,0.99165353960396607,5.0863604357711312,4.2518035954249074,-2.0316917558845509,0.3671044985106832,0.3044536320895988,0.8932038834951457,1,5
0.29456865790840808,-0.95182047328790298,-0.085247242817765981,0.94983878324770954,0.28181004856775882,0.13560745689211637,-0.10505042416168092,-0.12091684397233195,0.98708840800974917,4.837932482131353,-4.2200042436825695,-0.86265302418976397,,0.09811485015607561,0.3653846153846154,0,5
0.13491336419898126,-0.97674191923681364,-0.16665415496199776,0.98637599520521269,0.11641166630379383,0.11623562290149653,-0.094131717520917452,-0.18006539688112949,0.9791402721789163,-2.0396799537720165,15.193260460656953,-4.2741619440825831,0.0719434862717248,0.1470704279886557,0.4193548387096774,1,5
0.99791909325308448,-0.035881376878766309,-0.053572475341598681,0.048172921443837426,0.96715986942536281,0.24956192941368549,0.042858522612289535,-0.25162335695717802,0.96687581067740691,-4.4881800006010701,14.651377609844777,-4.4284954478112288,,0.1520470292977796,0.2592592592592592,0,5
-0.31400231612955548,0.94428298712875747,0.098651840755588235,-0.94927786368473976,-0.31406700757543488,-0.015279144961294846,0.016555451773091066,-0.098445695547357714,0.9950047045339967,-3.5991896102120826,23.022004631469699,-5.5500541555572589,,0.3448240482325741,0.4705882352941176,0,2
0.17708161577959575,-0.95343186882845177,-0.24415112708151498,0.97727505692972139,0.14097199050525036,0.15830464616048917,-0.11651422426424042,-0.26663564914555976,0.95672873174627138,-21.265415606160698,6.4102341702995389,-5.1543660861349965,,0.1772541252166688,0.2307692307692308,0,1
-0.12291040416474149,-0.98949705387298825,-0.076082934517120684,0.98312246017678839,-0.13186906977530219,0.12681000249402724,-0.13551110967001415,-0.059212573101268449,0.98900485860420728,-9.1284050928721108,-9.92746168666093,-1.2108822456720543,,0.08750885403018113,0.55,0,2
-0.73426576704709612,-0.67156506601548316,-0.09926804848671357,0.66736668761898787,-0.74086912760934098,0.07572740594946635,-0.12440051285746784,-0.010644146889007423,0.9921749918929651,4.2205320467158218,7.266261365148325,-2.5371067449242433,0.6305251546509232,0.3794857421501097,0.575,1,1
0.84794250432394624,-0.50714659361497916,-0.15425900928489519,0.52985095726951736,0.80217581230345592,0.27526701443483281,-0.015857882626953573,-0.31514488531469714,0.94891107529556007,6.0647856219930505,13.950068271357498,-3.3376248538388182,,0.1508536208865923,0.25,0,5
-0.36715440983295111,-0.92098539236319477,-0.13032093613011647,0.92049227740524986,-0.37990217559844136,0.09147843578061339,-0.1337595102320363,-0.086372704190522412,0.98724270034946449,-14.115210351172271,7.062927860110392,-4.3463422295568677,,0.142767752489226,0.2105263157894737,0,5
0.98195513253019795,0.18895218328946903,0.0078224118878664518,-0.18357502497769007,0.94244100182257728,0.27947301889108472,0.045434875393699829,-0.27586596476151054,0.96012168061353531,3.4317295414995059,-7.4023339584860546,-0.53721497615645508,,0.2560877757377893,0.1764705882352941,0,4
-0.32986984683090048,-0.93413419539151554,-0.13630549934615016,0.933956789940106,-0.34396430370394471,0.097022019677143759,-0.13751581245998554,-0.095298807850389688,0.98590442667926192,-1.6778537841543888,6.0230399305567879,-2.9493849759497985,,0.06948657523588309,0.1730769230769231,0,1
-0.71716723554436512,0.67991271897210159,0.1529374082480035,-0.69496883820997868,-0.7140755266434744,-0.084347235674420207,0.051860101993005461,-0.16677780676339338,0.98462972380101677,-14.606081663746368,3.5904819868006124,-3.7932323207814882,,0.2720564466778702,0.1944444444444444,0,1
0.95040396771450719,0.30793272502949193,-0.043700514967625739,-0.29284333490944536,0.93331625184584244,0.20775840594196091,0.1047620129228089,-0.18465700879290101,0.97720351501210945,1.5390296930937868,9.1458126264712369,-3.0286828741074525,,0.1898438395976432,0.4067796610169492,1,4
-0.064069234747790721,-0.97320765209971638,-0.22082119249155027,0.98934815423502764,-0.090925492192843446,0.11367842619087112,-0.13071098986151339,-0.21118574943411064,0.96866672099612094,-1.7324797071924869,-9.5123152146561427,-0.58272974006625533,,0.4372853455688323,0.2340425531914894,0,1
-0.91074788652198291,-0.40861190505008815,-0.059787943994417871,0.40178113889254713,-0.91021444209910085,0.10040710046819612,-0.095447386689996597,0.067423886313088918,0.99314843599961966,0.83318368570474821,-15.709842802024959,0.39229569132159314,,0.09152456708449999,0.3939393939393939,1,4
0.71521215005134964,0.69862221446359429,0.019964515443874158,-0.68618690033390428,0.69648318209482407,0.20990167905287313,0.13273702659421419,-0.16382362014389421,0.97751864598782723,9.9029281024881239,10.758079135091796,-2.6037129722643955,,0.6051674200076664,0.3120567375886525,1,4
0.24844969711167006,-0.9483110077505309,-0.19743095143440048,0.96342248863958757,0.22078659443025167,0.15188939430847589,-0.10044827718096279,-0.22794629257582752,0.96847851360384463,8.3263331227391415,12.368424456015001,-2.9296530684877284,,0.1598416612405257,0.2580645161290323,1,4
-0.88952430980008335,-0.44995436925841775,-0.079294185536793974,0.44899668926730302,-0.89301162775194332,0.030532044262121388,-0.084548656415609949,-0.0084438311851187144,0.99638357393788424,9.784859562417628,14.904115635030466,-3.1923803948135103,,0.1619796258605,0.2307692307692308,0,4
0.023687184312512537,-0.96220243028857988,-0.27130315229664481,0.99329079227514794,-0.0080747947686978083,0.1153611705508099,-0.11319151593982076,-0.27221550440082354,0.95555554515844421,-3.9047792118528273,0.20266608079471368,-2.1177102400715975,,0.504124209943091,0.2229938271604938,0,4
-0.85069055362226986,0.52377250447177981,0.04458638286736432,-0.52369369569529223,-0.85178549135430182,0.014366273257760999,0.045502692962532384,-0.011128354670361783,0.99890222977801368,-8.2171518193314039,14.633503986318594,-4.8637275256295629,,0.156226934806733,0.3043478260869565,0,2
-0.96532162294400736,-0.24698229200113939,-0.084580799917067837,0.24782817095542692,-0.96880386719139178,0.00051438885187218895,-0.082069250987411954,-0.02046495426008034,0.99641649107664687,-15.654000493928201,25.710841856117433,-7.5558407950386401,,0.1568614063601373,0.1,0,2
0.96339797527294546,0.25780168699293055,-0.073502594672490457,-0.24077093274961214,0.95267117722005223,0.18559899255395085,0.1178715367799667,-0.1611084053603625,0.97987263587640328,5.0719466952796699,-18.663571477783254,1.1936046123203798,,0.2673118526752829,0.5,1,2
-0.32867286456212486,0.94440812912922789,-0.0082118046225885585,-0.93845638094515904,-0.32559933690857179,0.11525924200693478,0.10617800696868454,0.045589005684821604,0.99330150175907195,11.294801838664547,14.994192064061188,-3.068393244339096,,0.1109568439721677,0.4444444444444444,0,4
-0.98878622267854399,-0.12343788028644143,-0.084052933033220562,0.12107753571286908,-0.99210619700889191,0.032642368208394647,-0.087418740478205317,0.022099401958959521,0.9959264933951002,9.4506960531004207,-9.6597236234663288,0.22239520815970865,,0.1223015798107963,0.2692307692307692,1,4
-0.89192515446844733,0.45098135107787146,0.032944495843982513,-0.45203864108503389,-0.89111190150075636,-0.039757338564122384,0.011427414074606712,-0.050352755472604566,0.99866611749066747,16.505289543279655,22.913773080137677,-3.7213111597045936,,0.2086177449831997,0.2307692307692308,0,1
0.86591133902198736,-0.4770012454334483,-0.15055684909059061,0.49983864438213982,0.81376322976576154,0.29656489249980311,-0.018944195294927399,-0.33205303452330365,0.94307046381937554,-8.6107577324375679,26.25914812762533,-6.6390185820646463,,0.2539795489284259,0.3333333333333333,0,1
0.99805322890105097,-0.018444684034549665,-0.059578065687394953,0.040933528539823724,0.91445365723529037,0.40261514503341883,0.047055270921176923,-0.40427008595723118,0.91342843128439322,-13.181891501085866,30.293074834962344,-7.8452794901213307,,0.2773776135554379,0.25,0,1
-0.93759749077947363,0.34434469304244647,-0.048349536270134108,-0.34763936687658525,-0.93130807727852716,0.10868365007404802,-0.0076036755375663177,0.11870971977590777,0.99289988747559221,14.152812226723979,7.6577982999000564,-1.7882542263473837,,0.06801480085647341,0.2222222222222222,0,4
-0.60810100400004397,-0.78716543694498342,-0.10287732409696908,0.78253235442722391,-0.61618318788266901,0.089226639773881025,-0.13362740440764856,-0.026246025412726526,0.99068403789569071,0.88781940532282011,-12.914411362042532,0.080930392220007183,,0.1050954023596384,0.2222222222222222,0,2
-0.97129072963811725,0.23736036705978472,0.015949127509042486,-0.23707999122329726,-0.97132970183794298,0.017654690282638309,0.019682385033747377,0.013366617996295618,0.99971692855664218,-6.6516997876345716,0.14680497482432295,-2.4021077144251177,,0.4958522042520402,0.4,0,2
0.013066235869843937,0.99317940907512436,0.11586170579350459,-0.99256417006926223,-0.0011410625755949436,0.12171715684699159,0.12101917936802489,-0.11659056293450853,0.98577938650577601,13.414645378664789,-12.363830350300374,0.86198945626642409,,0.3285868673008386,0.2727272727272727,0,3
0.99705285974403601,-0.054668777063247694,-0.053823040518448523,0.067283288401933553,0.96019092689058982,0.27112053227082189,0.036858567227496232,-0.27394289319381965,0.96103940465026583,-12.916682006552994,6.9746254255431372,-4.1859109419437983,,0.07288644126134243,0.1463414634146341,0,3
-0.84298862039854494,0.53649577746888366,-0.039274249026775412,-0.53739684967026091,-0.83664943117022028,0.10593561859462973,0.023975233951683734,0.11040837867030773,0.99359709041258615,19.276993910397962,5.4639702333240141,-1.1521367554198723,,0.08731167251333183,0.1875,0,4
0.99162812386267374,0.11524594343649823,-0.058241192347221575,-0.095523460979508715,0.95820512289742588,0.26966314330220487,0.086884592230676308,-0.26184215660309673,0.96119183967527988,9.7462678870497843,-11.091237859340414,0.42116535399532817,,0.7201226993775115,0.5483870967741935,0,3
-0.021564672777366622,-0.97442863574926375,-0.22366000697450475,0.99143082747142564,-0.049672739493142354,0.12082025198853047,-0.12884051857754486,-0.21913797658798623,0.96714976502586913,3.8051714607923541,18.50503171721077,-4.1931591510356618,,0.07733268790348863,0.3636363636363636,0,2
0.93320985649735355,-0.3317742987668052,-0.13800426954983949,0.35865027012910661,0.88365010858602289,0.30088614014645126,0.022121199617310915,-0.33028518022113212,0.94362193290204255,8.8135276742293023,8.9047465181165979,-2.388055320114038,,0.1967977170622994,0.46875,0,4
0.38354869301731959,0.90685529036149515,0.17465360697126966,-0.91320343827070005,0.34423032784176294,0.21809392867414798,0.13765856462740708,-0.24314391569052476,0.96017246151272284,-5.3757852038889729,18.510893045909061,-5.1246465431404822,,0.4971062026602588,0.32,0,1
0.54948480375718212,0.83550238000063115,0.0014911248142493714,-0.82157599589174679,0.5399996078900986,0.18279307003555584,0.15191883824731914,-0.10166708657092605,0.98315027848938974,3.0975866055481447,17.757726914656356,-4.1519999287889604,,0.11645423317295,0.1818181818181818,0,2
-0.38378107334950773,-0.91861650045181531,-0.094105328416402137,0.91200620620643269,-0.39303856640067392,0.11732589297615131,-0.14476452458958369,-0.040797186414776587,0.98862471241669281,15.317700525019736,-5.2860785006449627,0.037221392262660108,,0.5275064355927658,0.8832116788321168,1,2
-0.9086090478313974,0.41764384257168807,0.0017941462807690134,-0.41756964011508174,-0.90851390154277956,0.015430047235108137,0.008074271055813086,0.013270699509510462,0.9998793400613124,16.834650852521683,8.1466753099969136,-1.6656247757123213,,0.132662380619553,0.2105263157894737,0,2
0.33888699315929754,-0.9129760840929505,-0.22722296482035398,0.92969535760279542,0.28792198606810143,0.22971171496118684,-0.14429881468418168,-0.28909444791088879,0.94636264310666762,-5.1907667426337767,11.688649860485711,-3.9884173248167558,,0.2047043952626078,0.131578947368421,0,2
0.32436933888968866,0.9340164684445138,0.14965884091060308,-0.93389219194197459,0.29104697133971602,0.20769456975037351,0.15043239617210319,-0.20713497326240532,0.96667740070485886,23.133885038757203,-3.2214050762900892,0.22883234832188534,,0.2190197528625338,0.3777777777777778,0,2
0.28481069711005902,-0.94948977855754446,-0.13172709374470823,0.95251667425626341,0.26488673338256552,0.15015659739651999,-0.10767939485096137,-0.16823845842332991,0.97984742130184321,-14.438365508260334,25.527671197878991,-7.2835481764925269,,0.1179123250089692,0.3636363636363636,0,1
-0.91599569963834437,0.40103387223375209,-0.01112257008343806,-0.40099555818351912,-0.91434540199383219,0.056347565784364347,0.012427411683303947,0.056074229142610031,0.99834925765731597,16.360494166274702,5.0426831426997119,-1.2797987144027363,,0.1248598919265535,0.2,0,4
