axis_00,axis_01,axis_02,axis_10,axis_11,axis_12,axis_20,axis_21,axis_22,location_x,location_y,location_z,dbh,dbh_approximation,score,reconstructed,number_clusters
0.65850709346952807,0.74102734542309967,0.13132738170506822,-0.75120045038632532,0.63667910058361399,0.17417693940192588,0.045456475772945454,-0.21334993839988439,0.97591777962852455,3.3377483600616111,-21.152108537616225,0.30315664039151474,,0.1136204442111318,0.1818181818181818,0,3
-0.96279900982992672,0.26479600415288007,0.053862258170070093,-0.26786428541879032,-0.96151292557627277,-0.061168771009687831,0.035592011288940753,-0.073321007456409334,0.99667308511767461,-1.1267723128002558,25.890896189284842,-1.0808557502448481,,0.1247096445245566,0.3888888888888889,0,1
0.96013469796663631,-0.27951463552382749,0.0035958710348597974,0.27719779710109421,0.95367971704515231,0.11686050906521035,-0.036093531869547127,-0.11120506204603026,0.993141828306774,27.158751663251937,3.0414871848638674,-0.1854466551921439,,0.07448971525641696,0.2857142857142857,0,1
0.89842178558009822,0.43286826656579758,0.073914538457531348,-0.43912115038412519,0.88684463623329901,0.14380266502937197,-0.003303101631915298,-0.16165288424444793,0.98684215279600829,2.1278273415681008,11.769736605094417,-0.71116461020293054,,0.1971813911422794,0.4047619047619048,0,5
-0.24940476292928185,0.96583506482732528,0.070426499119191313,-0.96582216396333243,-0.25338452282995033,0.054624455946252308,0.070603199823906171,-0.054395874294243016,0.99602021918954553,9.6201582393186165,3.7143270628588998,-0.15972326185326643,,0.06670980427970392,0.2702702702702703,0,5
0.85920566875225068,-0.50347567864717835,-0.090982744489061768,0.50982464927455562,0.82759981769144875,0.234856059639,-0.042947011258932487,-0.24817490358181774,0.96776276610338818,7.4228412860278956,-11.915603087418624,0.18413355743290466,,0.2988372892656818,0.2666666666666667,0,2
-0.38140334753764649,-0.89565845655559539,-0.22875186488316718,0.92340012121082471,-0.38069449057421267,-0.049029797004222053,-0.043170622359562739,-0.22992962846682016,0.97224928044108039,-17.747173776476874,-1.2040894993914697,-0.43726771484996951,,0.5244965574239017,0.3384615384615385,0,2
0.99148865278619491,0.11451452742405538,0.061940894448360623,-0.12427304331492077,0.97426671073184323,0.188044109360021,-0.038813169175752345,-0.19414118411249301,0.98020545730470943,12.612546838097781,11.345747012716229,-0.549965728335293,,0.1740465401787983,0.4166666666666667,0,7
-0.15841752796093414,-0.98736896444677802,0.0025327617425976385,0.98581230018580579,-0.15802259558146825,0.056594770854439883,-0.055479686707096229,0.011462431373568657,0.99839401892734192,-35.121598293470541,0.14505533959201589,0.66073832835217283,,0.07575418267883108,0.3125,0,1
0.79768685806366579,0.59700831817703315,0.085303836372977657,-0.60277543442401582,0.78484396859494787,0.14381140641503745,0.018906404403173427,-0.16613552596468492,0.98592166772263456,-3.2432837272736275,-2.1873122793819642,-0.7901011535658985,,0.08195787652359975,0.2295719844357977,0,4
-0.60428867663333163,-0.79665688657367528,-0.013152960407291874,0.79599283405933308,-0.60434724477809532,0.034056069287517837,-0.035079957510353518,0.010110034810216714,0.99933336969061937,5.5943299501348607,3.35512067307921,-0.26808349119384967,,0.1613274240884226,0.352112676056338,0,1
0.97842836016015144,-0.20658108519824245,0.0014829944821571322,0.20431614506391368,0.96871238789650049,0.14089436611192799,-0.030542706175768312,-0.13755204387495223,0.99002352412722217,17.000310510061361,7.4364185198253292,-0.35240684206871425,,0.1063992760638091,0.1818181818181818,0,2
0.79012086314142471,0.60964626203565531,0.063564587740383705,-0.61294924362386816,0.7856048896585357,0.084369319574885818,0.001498789371346326,-0.10562382558189458,0.99440502869799852,-7.9834963650266033,22.057143067752726,-1.1532162999472597,0.2406522540339084,0.2091427875437115,0.2666666666666667,1,4
0.96671799278996062,0.25420147257413434,0.028947085471440183,-0.2558048050035121,0.96235077250386369,0.091896095664242228,-0.0044971272235119165,-0.096242412700212221,0.99534776527823532,-21.869427414714636,7.5472143187344285,-0.50592408103160991,0.216288179847959,0.1991137567508115,0.7692307692307693,1,4
-0.94791988940398719,-0.31748949251182462,-0.025461842370827596,0.31802929618395409,-0.93907850834386031,-0.13034155874243888,0.017471406385053786,-0.13165096775661697,0.99114215562030972,-26.726369367769159,-5.7469940894731373,0.312945912999334,,0.3592083675367144,0.6181818181818182,0,5
0.99995950648820464,-0.0057771143795949846,0.0069000241529473217,0.0036590229556346093,0.96150574425510671,0.27476046898242606,-0.0082217355148604919,-0.27472409561936445,0.96148794810504268,-3.61991925201849,-9.4963522131646148,-0.35545588168150416,,0.2864827496207221,0.4838709677419355,1,2
0.066484505476093483,0.9538408602170293,0.29286075857314353,-0.99434278065262827,0.038968936335672569,0.098812228822474382,0.082838669083937277,-0.29777346319191039,0.95103560370950246,-21.997207105622241,-0.57224297308157623,-0.1687354204888071,,0.3740623003795954,0.2941176470588235,0,2
-0.26677140676656441,-0.96369812333322835,-0.010906127442937971,0.96256727241452389,-0.26698702163498417,0.046713770506598709,-0.04792976745458985,0.0019640169280617757,0.99884877735784139,7.8837477090669754,14.011794958131567,-0.69898685896091772,,0.09309491785337672,0.5,0,5
-0.42067123574359316,0.90400383177042309,0.076241613062369387,-0.90502413239396573,-0.42400616737500546,0.033912974102976647,0.062984372684885354,-0.054734286990447613,0.99651248192139552,9.9362941876982127,-5.220119414427554,0.14200427815176245,0.30424626791556,0.1135366098597039,0.1333333333333333,1,5
-0.85016294659206781,-0.52584172224101078,-0.026710436022291062,0.52645417435921271,-0.84976280163975693,-0.027371212050451114,-0.0083046096628883962,-0.03733181083149769,0.99926841707240432,-16.040433952829037,18.085996554674324,-1.1608782901570962,,0.1204107659491257,0.3703703703703703,1,3
0.31637432721098196,-0.93161763157997524,-0.17887390422058957,0.94810005455883761,0.30419597341233245,0.092580215517424985,-0.031836639699060545,-0.19888036174806631,0.97950652375756575,7.1041711952043549,9.1247725246715348,-0.50227154737960356,,0.2641398749441208,0.36,0,3
0.63976590618138651,0.7430250226731917,0.1965029286535302,-0.7678746593379302,0.60707075831812307,0.20453264272902288,0.032681689591709438,-0.28174263091794177,0.95893325997634948,7.4132448752919995,-14.032298238697566,0.20400819970063586,,0.2986535957242566,0.4,0,1
-0.51343322930297763,0.85050861549511925,0.11411141054291372,-0.85726098757044078,-0.5143398644962538,-0.023624203261262522,0.038599459028206891,-0.1099527114652141,0.99318703324408086,0.22538855960314966,16.320857373392634,-0.88483820389212375,0.2631554139059918,0.1729970033036266,0.36,1,5
-0.83870274984276794,-0.54458947597929552,7.6666584114860451e-06,0.54448729482462044,-0.83854511144116561,0.019382514096253457,-0.010549084355907923,0.016260342269492765,0.99981214139883934,-11.963402895325276,5.6104838624552249,-1.0243416113455539,,0.08659259930639773,0.4181818181818182,0,4
-0.5458871887375959,-0.83481134186989225,-0.071394682277854477,0.83703934416602244,-0.54713736229316312,-0.002417250710220073,-0.037044749834228917,-0.061079704225472826,0.99744521465664926,8.7733349157296647,-3.5000545526894391,0.068649576458021083,,0.5408262088737791,0.4,0,3
-0.98671952791291428,0.15898088619953843,0.033311425345149671,-0.15970639768095701,-0.98695437945272613,-0.02036957090504701,0.02963848469621928,-0.025419101130708627,0.99923742400023174,-4.8311863640115567,-11.038451617368521,-0.2347991257719052,,0.124918274321501,0.4615384615384616,0,1
-0.081139762182552616,0.97041419874907731,0.22740409376074422,-0.99258496552731446,-0.099391228676024221,0.069974780252675464,0.09050649259638098,-0.22004014753779999,0.97128312467037348,-5.9183122054906683,13.756103525347962,-1.0210379121905047,,0.5154905871317497,0.7631578947368421,0,2
0.97917006045118959,0.18406319979254726,0.085713074837756129,-0.19988377919764144,0.94800425280193434,0.24765785164842782,-0.035671662838765647,-0.25963180689502374,0.96504862950979975,-21.338257806715909,-3.5102318448906114,-0.017980594054659207,,0.3928175559531888,0.1379310344827586,0,6
0.53009402869650601,0.8391462395033934,0.12179453792195255,-0.84744033785494455,0.51936417038843263,0.11002605279220314,0.029072229302301675,-0.16153775795165976,0.98643821815628463,16.090404853683548,6.8592570448686665,-0.31767642784594047,,0.7050014736087191,0.76,0,2
0.99973596331928516,0.010139956816951241,0.02062001265306437,-0.014317924715092143,0.97675878636681845,0.2138627370232449,-0.017972219615704874,-0.21410150520482335,0.97664606935732579,-21.064912734853145,6.5926751653802587,-0.52046995643964289,,0.1953454014871863,0.5,0,5
-0.64338801319632943,-0.73695056414156823,-0.207257642770309,0.76421821532409528,-0.63419461192705862,-0.11733590059970134,-0.044970922184624208,-0.23388257783364819,0.97122425625792164,10.473305604663647,11.94305447811572,-0.5934065871235048,,0.3530993380278202,0.2083333333333333,0,4
-0.93822951926234799,-0.34595445582196521,0.0063940348507815258,0.3460133627853258,-0.93805018432467513,0.018346783435667771,-0.00034922590921588345,0.019425915303342426,0.99981123811242156,-1.5009368969028019,-10.719708889782725,-0.29848570918186307,,0.0716692707448497,0.2830188679245283,0,5
-0.86557374541123133,0.49287055547738173,0.088660627102399817,-0.49944533013495845,-0.86255158185679381,-0.080988461170249534,0.036557536311351072,-0.1143826218433554,0.99276390061236841,4.6853297576706714,-7.4214541961704672,-0.057257175581496726,,0.2069799434616724,0.3739130434782609,0,4
-0.5340926045370652,-0.83518236666252355,-0.13120786636021906,0.84450733558125868,-0.53428093167434065,-0.036759300845396518,-0.039401141205022201,-0.13043887635664975,0.99067312954705555,-25.821418119422582,-4.8795741209763541,0.2062538710919421,,0.09107872039761278,0.3333333333333333,0,1
0.78537601264842705,-0.61405011931423192,-0.078274962322804315,0.61766191172037166,0.76899531782102137,0.16474211355716867,-0.040966834957004726,-0.17773196712894676,0.98322584704333382,14.36020620697699,10.823235676606346,-0.5206453399570824,,0.2717617785337377,0.1818181818181818,0,2
-0.38652975556017272,-0.90918652799952038,-0.15483735134253732,0.92106371332758641,-0.38915074128485966,-0.014259612499771673,-0.047290422474246613,-0.14812683032328489,0.98783706049154973,-10.028467242782733,3.3428264816928279,-1.1804255725884434,0.2049392428110429,0.1765149584940543,0.1954022988505747,1,3
0.20519172613498821,-0.95481073532588867,-0.21501817419041891,0.97707062259445931,0.18708499122742797,0.10164745210928657,-0.056827405260318771,-0.2309451574808844,0.97130581190864396,7.5091109593177121,-10.074576766892816,0.14959324500378204,,0.2166790125041142,0.2222222222222222,0,5
-0.64904716400737106,-0.74458383910836001,-0.1559893760249193,0.75961746068508407,-0.64548745191079504,-0.079544093734560117,-0.041461938164205993,-0.17012012216185274,0.98455068519569,-14.802553532184527,-7.9674160463255843,-0.14825962750914404,,0.2781461492239932,0.3333333333333333,0,3
-0.36470041926193919,0.88826295363787211,0.27925352170508089,-0.92895184750682103,-0.36757826887236267,-0.04398501183881981,0.063577269553117474,-0.27545442716958002,0.9592094606230952,-4.1901017572097423,-7.1472456093862649,-0.5369574892526785,,0.1466472119552117,0.3292682926829268,0,2
-0.052903795370842339,0.94344513026609489,0.32728042198174978,-0.99729400094148446,-0.066670265670908405,0.030979854123243607,0.051047665191338409,-0.32475584960484177,0.94441927872420683,0.18457265053289915,18.270354928865515,-0.92898807366034541,,0.366782393098831,0.3409090909090909,0,4
-0.42386934615279087,-0.90444728639658512,-0.048061247610317104,0.90392644296525093,-0.42577331579125838,0.040423622651948772,-0.057024232569983964,-0.026309498094257443,0.99802607541578481,-29.684767541865696,2.6872340827292929,0.13183565089838342,,0.1209386187028829,0.2666666666666667,0,3
0.78192545958072068,0.62007127956409569,0.064063904963900076,-0.62266884592075455,0.77202834199603243,0.12749802929681756,0.029598715836907073,-0.13958455292259886,0.98976768415937066,3.8273829879365486,-23.1552362067568,0.43256080189263052,,0.101926885807946,0.3333333333333333,0,3
-0.77302023485296478,0.63300299629926882,0.041796210163300956,-0.63171035570421519,-0.77413254456187852,0.040753281416397107,0.058152755772365894,0.0051000123821852584,0.99829466935859212,-29.286987640955413,3.8464847828839228,0.056995191243438173,0.1291884917044429,0.1317006351464997,0.3548387096774194,1,4
-0.94731683003538869,0.31542941419543685,0.055633696551873689,-0.31867843853706523,-0.94564519830318072,-0.064801325123142073,0.032169493985454815,-0.079116645444943581,0.99634616477921878,-0.92446800019815845,-12.793987024847574,-0.1691225193212354,0.3697924815653614,0.3398297139285876,0.8415841584158416,1,6
-0.95851127372490852,0.2726522152402262,0.083167948555034288,-0.27835719300545647,-0.95814028743144253,-0.06696613101350149,0.061428098166705518,-0.087338188241981835,0.99428297261404985,1.9358825754685685,17.040464767246473,-0.87611519179782227,,0.1662980553686002,0.1764705882352941,0,4
0.56062691980072143,0.82378893409890896,0.084078825223349016,-0.82717820158562738,0.55242274651654055,0.10298219240571861,0.038388534959309044,-0.12728276076242542,0.99112331180149948,-0.042626485144651921,-2.7214542186953015,-0.59752661654255124,,0.07256514640985665,0.2304526748971193,0,4
0.99982749596506204,-0.001548884787899133,0.018508896999744652,-0.00057214601912274174,0.99347554845404751,0.1140438831014676,-0.018564777433789616,-0.11403479986320937,0.99330328372506205,1.5652286048856019,3.9311623715210056,-0.53494430315971708,0.1414379784868557,0.1113116722022239,0.5465838509316771,1,5
0.7845930179352667,-0.61822844290935985,-0.046982854160848568,0.61514758948967063,0.76672746641995304,0.18363669399738219,-0.077506382655098571,-0.17298145743145188,0.98187075322193662,-9.2782871002566978,-3.0223683314936673,-0.92267918238376012,0.4712740739633291,0.2042853083616007,0.6009615384615384,1,5
0.85427850986659126,0.50948802286941197,0.10310277461219383,-0.51911843571815874,0.82591411294535266,0.21995892283610932,0.026912400072220247,-0.24142873190717615,0.97004530313385062,-10.926243371882364,-7.7698854536003106,-0.35727429593340959,,0.3255381677969202,0.7681660899653979,0,7
0.86661541862547453,-0.49894663529368571,-0.0054746077214566959,0.49720472167974106,0.86256212991878467,0.093669828489972976,-0.042014056456919115,-0.083897718437866933,0.99558826424428859,6.9064662850185368,-17.669438060252041,0.21373896794220948,0.2255427330912287,0.1360198305326398,0.4210526315789473,1,5
0.11826525610169417,0.98607789182156425,0.11689191785551174,-0.99136594316845295,0.11053839928340913,0.070532467768997548,0.056629461633709507,-0.12422420675778378,0.99063689136356869,-16.525506434320324,-7.1111776740849919,-0.059477303124665301,0.6678945125944953,0.4351014485558418,0.4125,1,1
0.99388288019094473,-0.093001767269900046,0.059560823936775191,0.073303199407845965,0.95890577868232574,0.27409186154684634,-0.082604245774207788,-0.26804920983714431,0.95985736423999801,19.661438039291866,-1.7728069231195152,0.15177012772353154,,0.2713315473060756,0.3478260869565217,0,2
0.64376475000411848,-0.75449397693713793,-0.12769410878234111,0.76341604143825559,0.62177663896444146,0.17489928219642717,-0.052563241213589226,-0.21007772372068359,0.97627068770370107,13.962994442890281,6.3277772183480447,-0.27785616319173589,0.452994818785928,0.1861220520691673,0.2352941176470588,1,5
-0.8846929348846384,-0.45844793839489112,-0.08452158745953052,0.46607305871100846,-0.87361849968532612,-0.13988073831419334,-0.0097115863261199448,-0.16314473570738725,0.98655434736358882,-9.0963779766944555,-11.66231051321172,-0.085578884547095918,,0.2687930760189885,0.3,0,1
0.21763162340975206,0.95153884115869181,0.21727933693384574,-0.97458377136099861,0.19973753558104801,0.10144648579317161,0.05313143223940562,-0.2338348790201866,0.97082351653727772,-7.082331246593248,-2.6061054600794717,-1.0206915522808591,,0.3579999010652942,0.2665985699693565,0,5
-0.98615933561786151,-0.16580035759931541,-7.8699928250622228e-05,0.16509821183972287,-0.98193920259648315,-0.092401205898569067,0.015242874435799889,-0.09113530503664817,0.99572185421171366,-10.080468277953662,9.2309671643252376,-1.1273779377205846,0.2478106581051135,0.1872691581748693,0.4926470588235294,1,5
-0.76502679342244373,-0.64236994500590183,-0.045769630748878361,0.64389851852109214,-0.76422581876792661,-0.036791245899468777,-0.011344742928626863,-0.057617286308947441,0.99827428351444403,4.4489095088437134,9.3165768239836861,-0.58144082880423142,0.566166997987519,0.668402921040081,0.3362445414847162,1,5
-0.37462743531038978,-0.91577209666044723,-0.14496810577119706,0.92673180752079454,-0.37467901209030674,-0.027996335979428282,-0.028678243356263827,-0.14483475024026837,0.98904016777926596,-1.8146010831487331,15.158947805638901,-0.91661431092730639,,0.3650286180774193,0.4230769230769231,0,4
-0.73600961045135394,0.67207944343594417,0.081234691075175322,-0.67527598022449431,-0.73734823261351556,-0.017886709970656039,0.047876965809206737,-0.068020626081781846,0.99653449040780717,-25.307451854983363,4.1706750745090622,-0.19647370683558046,0.771192644147073,0.5110802866919253,0.7727272727272727,1,5
-0.072420406469454468,-0.9959239506603047,-0.053765874195178434,0.9957698412145054,-0.075255175916420891,0.052716997500130813,-0.056548280738137946,-0.049720649623283167,0.99716104463953092,-27.031204346259642,-2.4109748015743775,0.16734343452776665,,0.1147100433143054,0.3461538461538461,0,4
-0.03069380703676584,0.99336440450731411,0.11083794507035984,-0.9975759386667078,-0.037373384072787022,0.058698183585058614,0.062451075273585746,-0.10876759637308481,0.99210355970351982,-3.7472922068728742,-9.0459257478929551,-0.36742478781616111,,0.7164449089828899,0.4618055555555556,0,4
0.53897943942141358,0.84143759122726336,0.038521993077207481,-0.84111087329077672,0.53519483510837007,0.078096013376814613,0.045096149647237162,-0.074493412748953935,0.99620131938479606,-17.121821597789587,8.2080848147560133,-0.79731636768540237,0.3634737842503982,0.1578855505491539,0.7910447761194029,1,4
-0.98721679566692055,0.15091251140775708,0.051268043201808368,-0.15207028489886254,-0.98817799746857682,-0.019464680058324722,0.04772448851394518,-0.027012205011767321,0.99849522481406272,-17.933619351484158,20.698966229761588,-1.079203535596333,0.2598645424988305,0.2127164198340764,0.65,1,5
-0.9748233185129338,0.21771231362535304,0.048175161435403568,-0.21952250953087138,-0.97493908352237713,-0.036106110699092184,0.039107102842062438,-0.045772610985639069,0.99818610619005188,-0.17855888089432645,-13.364228094074795,-0.1639366694883673,0.2108719276101517,0.1119379724501014,0.4326241134751773,1,4
-0.14739962545775304,-0.98884580461980354,-0.021385160759929675,0.98782069175662424,-0.14826740585845072,0.047191707931265627,-0.049836044710415792,-0.014168664221420114,0.99865690685129826,-0.37044185485734932,-19.607753832221562,0.24291279331396368,,0.08039244009805789,0.75,0,4
0.71001785776034554,-0.70267933784619474,-0.04600423703793298,0.70219814525275337,0.70160088978459567,0.12113610633108299,-0.052843225346316379,-0.11831288863642958,0.9915692885106423,-21.027949950475982,-8.6352696812464664,0.30935321021973988,,0.4495742204866107,0.6976744186046512,0,2
-0.98614715934110786,0.1577555289061649,0.051254006897031627,-0.1631679329073083,-0.97816880814691443,-0.1286934669639512,0.029832964891556936,-0.13527370723086474,0.99035903506647438,2.6470008921755328,19.017985852270545,-0.92506193407479942,,0.6687916716381593,0.7647058823529411,0,1
-0.36477295170319507,0.91777554854794363,0.15693545231483036,-0.92897847821029245,-0.37009853475893756,0.0051050554724640946,0.062766876040058234,-0.14392747151537569,0.98759566737372995,-30.442180653992835,10.097338774076443,-0.19891926255192277,,0.1442610777402114,0.2,0,1
-0.70651695481174304,0.69912209195925545,0.10982756073980438,-0.70441924176923054,-0.70964247814687864,-0.014180445508460015,0.068024439643432841,-0.087383372240208229,0.99384949658744892,6.9722254922815923,-16.446375215228414,0.1936626123274395,,0.16626595435782,0.3333333333333333,0,2
-0.36403618015267236,0.92548204215682739,0.1046931190913625,-0.92933205770087124,-0.36839059742963476,0.025105661809637622,0.061802799850121048,-0.088155302566913021,0.99418763649525455,-24.983599343973975,-4.6166892908194015,0.15495694281303282,,0.09265951624942863,0.4074074074074074,0,3
0.23425379094760551,0.95989543731729154,0.15403217470425373,-0.97072782605101238,0.22230708843567734,0.090923298232782779,0.053034414835569296,-0.17082244538905897,0.98387348932388208,-34.435902487635801,-3.0583802971154728,0.86817493411474922,,0.1842234530205543,0.3333333333333333,0,1
0.48075755110406565,-0.87684911095860274,0.0027952938182691871,0.87468745109577151,0.47979142191353991,0.068717205660342631,-0.061595778686564365,-0.030591307087015095,0.9976322628998644,10.365168495680125,9.8185253990855355,-0.47981223874341539,,0.09899857548908525,0.5625,0,3
0.13703522531653731,0.98635173029592371,0.09127765972396247,-0.98860821833255452,0.13039165237659953,0.075178505144964811,0.062250603754320559,-0.1005399479447724,0.99298367619990846,-2.9074214484587113,-6.5059603278430291,-0.54016123032188668,0.2145522887121226,0.1323968522527663,0.4448818897637795,1,5
-0.99318937642680072,-0.11489413739636234,0.019344243197623241,0.11429763662528973,-0.99300715734269729,-0.029543793393005172,0.022603380605923332,-0.027131580457487897,0.99937628775504916,-1.4631524116236443,-19.09962443435446,0.24132749728648797,,0.1590496035922901,0.7636363636363637,0,3
-0.9578283756771645,0.28129586575509097,0.058629673858367357,-0.28646074870763405,-0.95076371348396527,-0.11827341447697289,0.022473143916824267,-0.13008073274422341,0.99124868765170104,-0.10697103063950844,12.674473873616849,-0.83628102764580659,0.3597624255300467,0.2263041347042361,0.4571428571428571,1,5
0.3598827079759237,-0.93104713446262866,-0.060296516556458631,0.93094292861363037,0.35405290261958733,0.089396900454776038,-0.061884571293595904,-0.088305014328588768,0.99416926339544154,-23.43360071379152,7.9692688297061816,-0.43577436154833116,1.013023376922916,0.8566048245242814,0.9634146341463414,1,5
-0.36360987524453126,-0.90559800106685184,-0.21835777771441961,0.92936936922382707,-0.36868562154640822,-0.018533429619072939,-0.063721536180187485,-0.20967396817121109,0.97569277587680026,5.2412168914371202,14.440724789675647,-0.74803000357410787,,0.2136890102557782,0.1052631578947368,0,4
-0.058686256391012152,-0.99738882756031511,-0.042088596658351941,0.99645117451256637,-0.061075289401145344,0.05792120369168572,-0.060340534662329484,-0.038540052963474153,0.99743354876113821,4.3998701031794436,-4.9700443724606389,-0.16031701848525143,,0.0792924049029801,0.3421052631578947,0,5
-0.9586116940491024,-0.28408681568362032,0.018928845370283828,0.28428542160417458,-0.95869990907742031,0.0087340367690851347,0.015665857641638598,0.013753744569671199,0.99978268409423121,15.668354939839263,4.4630258980241777,-0.12566435346075402,,0.1226451078059571,0.25,0,3
-0.75853841044679049,-0.64375936287733881,-0.1009621839334907,0.65123245005364216,-0.75432309355488414,-0.083023891301964484,-0.022710699548617885,-0.12872666094307283,0.99142002748000813,4.7749500713493189,17.815217801965655,-0.86050786155166015,,0.1807496499802314,0.125,0,3
0.46071311671043025,0.87880370736043745,0.12428784341403969,-0.88648746698335323,0.44878063457038492,0.11285350201053239,0.043398098718727046,-0.16217270412789486,0.98580759738574064,-9.582285611237765,-9.9191177985003751,-0.21888154840745908,,0.2362165587819829,0.7,1,1
0.5409585144294069,-0.84037185832224504,-0.033749450459924883,0.83883481707832452,0.53618959165986557,0.094110952884355545,-0.060992092303051082,-0.079220335366901887,0.99498949901034262,6.074747169962647,20.639265957801285,-0.94585168779204487,,0.09780568091844566,0.1875,0,1
-0.99328074460898008,0.11271717513820056,0.026233581873118035,-0.11254478557531164,-0.99361475085895024,0.0079622933450098562,0.026963561130467262,0.0049563398157440319,0.99962412989422855,1.287028719596105,-33.929643001682777,1.313805484264333,,0.128707273458029,0.1428571428571428,0,1
0.8385847207800351,0.5218401388314543,0.15639224910026636,-0.54450946020886204,0.79400212721607621,0.27031476045417835,0.016885313657881769,-0.31183888705662499,0.94998494446067983,7.4637224334432242,10.996558541022756,-0.58948350981451958,,0.5166257626828327,0.5606060606060606,0,6
0.71717939029088484,0.6916422621807965,0.08535047338723542,-0.69626207395481321,0.70594822156895531,0.12983155562408991,0.029543975936510175,-0.15253881351662349,0.98785579102255783,8.2304169733273369,-11.311046879834102,0.20301368334336389,,0.08448006528099974,0.3214285714285715,0,5
0.21592939107194492,-0.96067611880703319,-0.17457345968146151,0.97075855455494398,0.19201380079887825,0.1440782046708127,-0.1048919769557945,-0.20057939838533889,0.97404598357248051,17.158113589999097,3.3243427772725296,-0.063228193876702379,,0.7063267818350191,0.6949152542372882,0,2
-0.99902073351989906,-0.04380215191257112,0.0062406317942137511,0.043885307015965686,-0.99894019205373807,0.013877050398226209,0.0056261732534070297,0.014137333110191209,0.99988423429267759,5.7218179769356166,4.713469695282499,-0.33171810968457027,,0.07162338293809453,0.2,0,5
-0.19633135999840098,0.97844375838487674,0.064045364850662173,-0.97889194482040964,-0.19936594155961693,0.044986461427439409,0.056785186861481589,-0.053861238601832638,0.99693249998652467,11.383635058182476,-18.219124067058235,0.47577269811604872,0.6379790758348911,0.5608708688020513,0.8682170542635659,1,5
0.62621072813928258,-0.77682834806495782,-0.066316224303997834,0.77758944635853511,0.61610347389827103,0.12558328854711667,-0.056699002417111559,-0.13020839870434975,0.98986413008642393,8.8715491711679491,-13.745789585291664,0.28656753600215229,0.6645475982448243,0.4677815060475804,0.9655172413793104,1,5
0.6024431021357779,-0.79814583434349651,0.005053296859028146,0.79549162582954913,0.60093307156698017,0.077926354541552653,-0.065233288465950182,-0.04292633943395778,0.99694631122178257,-17.400831425460407,9.1609508130236232,-0.81927940181862957,0.1601405417722045,0.1199571653372717,0.6627906976744186,1,5
-0.05377458462292628,-0.99709579188231401,-0.053928432753171551,0.99690791664932132,-0.056706513558567477,0.054396480051024619,-0.057296594755196863,-0.05083653342443413,0.99706205779722923,-25.088876201692091,7.3149139917166437,-0.32666421651838534,,0.09771442551102998,0.2222222222222222,0,2
0.95502455707666356,0.29430843689099812,0.036202753421539724,-0.29652112877034698,0.9486119656571369,0.11050139729823595,-0.0018208715722924432,-0.11626642932024968,0.99321639225288505,-2.3875918550608501,10.925930157473394,-0.87822237284860316,,0.1291843014657424,0.4482758620689655,0,1
0.93532187092414576,0.33300239063354004,0.11950901892034131,-0.35358553584120317,0.89152050589519127,0.28314034755271206,-0.012258328387036168,-0.30708402009992097,0.95160345626969345,-1.0389382311649575,23.26482101890938,-1.0514484569507978,,0.4198858296663601,0.4166666666666667,0,3
0.77447447303796013,-0.63229374654047077,-0.019847133253663538,0.6310966876616162,0.77008203360904004,0.093223561051384782,-0.043660753945733551,-0.084724728375959124,0.99544736624620678,9.2705713837708217,6.236535427690999,-0.29533799233995067,,0.3622604740149422,0.8333333333333334,0,2
-0.93245491414291515,0.35401378031220687,0.072125421591776498,-0.35886768717121287,-0.93062956945010666,-0.071711837024963962,0.041735071524021949,-0.092751538069032913,0.99481422184783597,-2.1762892974193999,3.8669476340869564,-0.90775014339939653,,0.07552371150146957,0.1944444444444444,0,5
0.99679528669144923,0.077116086864192745,0.021266536541393734,-0.078960341189803218,0.99111384268213087,0.10704492217312528,-0.012822673235407216,-0.1083810868676581,0.99402671949021759,-26.595953722161589,5.1900184685188089,-0.16595002935373521,,0.09193417152863809,0.2666666666666667,0,4
-0.9132060706892321,0.40239373810309503,0.064295816284971954,-0.40743345386539093,-0.8988146653464022,-0.16164831588839046,-0.0072562474910485434,-0.17381448988404966,0.98475167934799479,-0.92657141990782232,-2.6349066577346085,-0.69306037450019542,,0.3931602679815288,0.1826086956521739,0,2
0.93243426103600946,0.35969367074933617,0.034450138883599449,-0.35996664266832262,0.91635645744286665,0.17525655214243999,0.031470065337196755,-0.17581611452204163,0.98391987928999847,-32.072268794374999,5.8617690376164466,0.085726862572869836,,0.1880570516219092,0.2142857142857143,0,2
-0.96445784727557182,-0.26395300811643591,0.012242154012041179,0.26410118562658541,-0.96441180251374281,0.012666448706136046,0.0084631305792663338,0.01544942324094976,0.9998448333328126,-18.41748544054526,4.7902784393149433,-0.62651581631484665,0.3118570553654878,0.2565832340788384,0.7987421383647799,1,5
-0.74614114900748407,-0.66433312667017663,-0.043987300058312875,0.66557691012088205,-0.74593784489200743,-0.02416833200300858,-0.016755968242154372,-0.047309918267691146,0.9987397104159691,8.5212447427277116,16.395962518218184,-0.77032671302013378,,0.09116749469974543,0.3703703703703703,0,3
0.49911113129924373,-0.84489831256325509,-0.19244458953411356,0.86599006591868677,0.47844294669877341,0.14544260890242289,-0.030810458343517356,-0.23924712784474331,0.97046974578020906,-31.115619667879564,7.6525309900194305,-0.043769436980626963,,0.4786620471638373,0.3166666666666667,0,4
-0.88745465974122006,-0.45954123351603654,-0.035299881050168978,0.46074426687450737,-0.88651730589150279,-0.042447460432216977,-0.011787597120242169,-0.053934414369969423,0.99847490278959938,-13.888766076847945,15.530026017703415,-1.154247421435544,,0.0817547400315532,0.4137931034482759,0,3
0.83477837641382979,-0.55057089979069651,0.0040922580018884942,0.54839024718832152,0.83208927299675572,0.083039620377639997,-0.049124322495301638,-0.067075525099653074,0.99653784417451186,10.995836397429354,5.9882661017356771,-0.27548721285900934,0.1578905394878733,0.1005641831443841,0.4,1,5
0.85736099396926779,-0.51407060647035185,-0.025759223265327473,0.51200134267427311,0.84663851793346867,0.1451132145986721,-0.052789687627127498,-0.13760316680448728,0.98907968201030494,-24.016598675214851,-9.9007130767700495,0.59144162632615915,,0.1184731267047233,0.303030303030303,0,3
0.071722631185969776,0.9559260716932928,0.2847125034711161,-0.99589667260707315,0.052839388888182001,0.07346983375564832,0.055187694877758015,-0.28881368464626528,0.95579337405902032,-3.2356327626148422,-14.726966761063386,-0.0073773012295691104,0.3447644452154447,0.1030487272851738,0.4,1,5
-0.4462932897160532,-0.85950705368975711,-0.2491383635893428,0.8922106952910237,-0.44888133574185213,-0.049655026240227496,-0.069154716127897906,-0.24444461761340364,0.96719411400044519,10.084877088369268,14.320102382786517,-0.6833821478569243,,0.4763551971380887,0.2941176470588235,0,2
0.63716842815654262,-0.76289000189723433,-0.109614046388954,0.76646053113396284,0.61226242603645975,0.1940952752588094,-0.080960782940663237,-0.20768622166428757,0.97483936366790624,9.3150135772132323,8.9668511158112967,-0.45969359327683351,,0.5477112868300028,0.6078431372549019,0,3
0.6627526288332598,0.7086230135862629,0.24209993306592809,-0.74828128169014174,0.61422506341945915,0.25060465865486181,0.028880381693498429,-0.34724774453304158,0.9373286123179817,-2.5758900358665717,12.189622507006696,-0.90112313206438388,,0.1205313503839206,0.3148148148148148,0,5
0.72478280973871789,0.68062684616356905,0.10694379359590181,-0.68859736093958923,0.71044834260217393,0.14524746813922973,0.022881285241049983,-0.17891408210439197,0.98359859597828847,11.894684288333448,2.8319572223025169,-0.055164273430458773,,0.1541801407769255,0.1777777777777778,0,2
0.27471799433722716,-0.95967406311082049,-0.059629826259192643,0.95964720043389873,0.26978002193502482,0.079347277610001821,-0.060060588464585909,-0.079021720793132841,0.99506195453156598,-23.17030776588112,-14.725093309178433,0.9742801432377558,0.2464842625014776,0.1747746382456517,0.8461538461538461,1,3
0.97600072181899589,0.20770797111812098,0.065421630542134165,-0.21739839196704874,0.94681831644943459,0.23721933902192316,-0.012670050471055034,-0.24574880339454458,0.9692507392059132,13.453334102165421,-2.0282670304320041,0.15026100853034616,,0.2097817645870614,0.375,0,5
-0.22485068619296628,0.97104816001541361,0.080669943902501248,-0.97213068727958707,-0.22919707128908728,0.049301413385653671,0.066363361637806484,-0.067336271378696938,0.9955208339301318,-9.175331996229497,3.3752734699840721,-1.2054038104313343,,0.08981819891273626,0.4845814977973568,0,5
-0.77458036236793659,-0.63001412831042491,-0.055744599408488402,0.63219582212813819,-0.77384558924115632,-0.038619250325917967,-0.018807039046188613,-0.065155215764080593,0.99769789673079501,4.3834536022306594,6.3805206204438099,-0.49164012769769727,0.2758091528364618,0.1385056059910365,0.2985074626865671,1,6
0.99649700645845152,-0.081691986765415975,0.017892328458459263,0.079725634266977333,0.99259158221519961,0.09168300909250103,-0.025249541779494188,-0.089935366868916441,0.9956274857727061,-9.620662002243618,0.77534994241894695,-1.1267170114936198,0.1829952897163979,0.1466763339449847,0.7431192660550459,1,5
0.99696247549982364,-0.076640598320690576,0.013857890687641894,0.072847145153514578,0.98056011393730536,0.18219537973900876,-0.027552057786067907,-0.18063244903478842,0.98316468735784446,-28.542580200505967,-5.4908377456723043,0.46941465550269462,,0.1262146156828241,0.3214285714285715,0,2
-0.10439540990623204,0.99254551570437644,0.062888772015692901,-0.99265943977878002,-0.10787247704608183,0.054687890012497527,0.0610641876109577,-0.056717968502711567,0.99652106703287369,-8.1297169701554921,6.7762535006822384,-1.2179016386668724,0.221334134692761,0.2089221345645287,0.6473029045643154,1,5
0.91547873517243117,-0.40222186424576939,-0.010782271084656021,0.40017525462757986,0.90737374233088242,0.1285793813649776,-0.041933888811278651,-0.1220264874980292,0.9916406028990824,11.382883803520331,7.9569301605242178,-0.38015808838056608,,0.08821273233754301,0.3157894736842105,0,3
0.2690396757927413,-0.93748010017817518,-0.22079111082481437,0.96162173289078501,0.2486444486906722,0.11601543417767705,-0.053863676828266052,-0.24353028539635582,0.96839646034736693,5.3935927135003938,-14.6132776425386,0.06366977269589208,0.7925982245394569,0.3916650916783262,0.1904761904761905,1,4
-0.71681098742973681,0.69011786577649925,0.099595881622154478,-0.69528174954712829,-0.71821284425223475,-0.027451759466349066,0.052586091760929835,-0.088924921631697601,0.99464921518397942,-3.0400926824076815,9.9037277722104591,-0.87028290548959197,0.1590667586114261,0.1382574248292166,0.3658536585365854,1,5
-0.98821393001706836,0.15058280416088649,0.027532664441813303,-0.15135915080155543,-0.98806226283226484,-0.028694463497630576,0.022883093952814064,-0.03252358925194189,0.99920897721813828,2.0824101818018987,1.9610029428593256,-0.48449087356040321,,0.3012213045408356,0.4014598540145985,0,5
0.99798591198677378,-0.062220869111272635,-0.012356493150042959,0.063373803531459813,0.98653101489577544,0.15079893127826965,0.0028072231626795991,-0.15127828692760339,0.98848722773861164,9.4102778167765599,10.611958614647156,-0.53743900498140074,,0.2476588811640714,0.3953488372093023,0,5
-0.52709861738940555,-0.83174372967489962,-0.17426822915455917,0.84081379766978259,-0.54018895268092904,0.035043587852837323,-0.1232850566544703,-0.12805570486303805,0.98407445412312977,10.986751149447137,2.2970324144187022,-0.067857810905165059,0.7857544835871151,0.3918500805589884,0.2,1,2
0.44371755109941913,0.88795010534052399,0.12107578317767066,-0.89480407977764032,0.43153332149115914,0.11447554872590668,0.049400340683279538,-0.15913391489107431,0.98602028552754206,-7.3686621156965968,8.8428479244697531,-1.0969333365192098,,0.2051918853662831,0.6666666666666666,0,5
-0.66242513862893415,-0.74583202189648756,-0.070196373312555932,0.74560381002941167,-0.66548647595923371,0.034680092055609596,-0.072580260278283237,-0.029365718604487237,0.99693016826093661,-16.303172541414686,-0.057995119341697265,-0.60059729961151465,0.4063596750925147,0.4525445112078095,0.6821705426356589,1,5
-0.31738667178971269,0.93461451160363362,0.16050363008402732,-0.94621732221484989,-0.32332288865497505,0.011622771285754856,0.062757308027093797,-0.14818240236851246,0.98696681601636849,-6.8700053546740172,4.0256851967017688,-1.2135365006963008,0.2222972405883975,0.1424100158548206,0.519774011299435,1,5
-0.080370019811633928,0.98931062263523051,0.12167642276369443,-0.99490343176690987,-0.087077249566854212,0.050840083264054876,0.060891882660185387,-0.11697027207356379,0.99126693381608044,-7.1400867966603334,20.323394743353688,-1.1162520679062422,,0.1112804530515031,0.25,0,1
-0.67270572797135508,-0.73831499271597423,-0.048558985629264473,0.73859693758002465,-0.67397242552448877,0.015353612931466672,-0.044063219945223796,-0.025537054713714456,0.9987023037345063,-38.263942161146979,12.670511742166477,0.0025663203062495487,,0.2079762062297663,0.4,0,3
0.33052819489258417,0.94214019013935013,0.055883579925062939,-0.94235604057154765,0.32617511406523597,0.07466517101599203,0.05211722536136263,-0.077341173308407798,0.99564157091390737,-3.1035327860643056,22.016377467906935,-1.0517740123188692,,0.34026107118909,0.9047619047619048,0,5
0.82812995565706093,-0.55889113068867968,-0.042912475819557296,0.55668955859665459,0.81108004965577596,0.17957140195433613,-0.065555410859031465,-0.17259738435999963,0.98280854240243076,6.9207320043187481,6.2524580071023701,-0.36439956758262071,0.5035843382601176,0.3923317682267956,0.6300578034682081,1,5
0.14671726962628845,0.98405260389174665,0.10057094792872158,-0.98754762152618347,0.13988051540445035,0.071994004112594684,0.056777971180608157,-0.10988136413450625,0.99232169572400031,-1.5439197398800262,-9.1560392198233362,-0.4074415247377895,0.1914342112737721,0.1404948517013042,0.3446601941747573,1,5
-0.66175693765378307,-0.73955828646340682,-0.12300933456611185,0.74944886672996469,-0.65695370181421175,-0.082086721397409773,-0.020103522682842608,-0.14651066376176869,0.98900478956364368,-1.3820944112087563,15.984977709544289,-0.89678277544262397,,0.5717307871601286,0.8064516129032258,0,4
0.16550777775966907,-0.95826536024323883,-0.23309799411181856,0.98420418035881729,0.14543019490035874,0.10095637560587119,-0.062843510924247392,-0.24612508561530483,0.9671986018215567,24.963962000041938,2.9626699668705414,-0.1493629419466479,,0.3515398216370183,0.3333333333333333,0,2
-0.53229364863849626,0.78977126859755475,0.30483571791528341,-0.84434881110619719,-0.52129737506892759,-0.12379067787922149,0.061143738867265256,-0.32328066760023727,0.94432571348728866,-5.9829532523596125,-9.0378417205380046,-0.36386766398738402,0.8154819208389276,0.6263030250808901,0.2287234042553191,1,1
0.97483884359134509,0.22122942294625833,0.027327119283862326,-0.22281213550256229,0.97070474550839714,0.089928022997644505,-0.0066318397354524494,-0.093754143750250277,0.99557329174269238,4.6541470472209054,-10.279490981526845,0.015026262541650523,,0.07209252510390245,0.2564102564102564,0,6
-0.99917383677164839,0.029000091362964987,0.028471715999643311,-0.029208905082429959,-0.99954919701283962,-0.0069456903813745483,0.028257455209382328,-0.0077715797575534555,0.99957046713734143,-23.173491860447708,-12.263155656848053,0.76674196152899543,,0.1203701287449392,0.4583333333333333,0,2
0.64857619070892158,0.75422355546933029,0.10244878340277241,-0.76040240719069085,0.63608035246887507,0.13111050431477766,0.033720972466825622,-0.1629374529636298,0.98605997912785104,3.6708944263910412,-22.296584806799171,0.38695558637111638,,0.1039189328559033,0.3529411764705883,0,4
