axis_00,axis_01,axis_02,axis_10,axis_11,axis_12,axis_20,axis_21,axis_22,location_x,location_y,location_z,dbh,dbh_approximation,score,reconstructed,number_clusters
0.20555628554608874,0.96382782928133448,0.16965414517578595,-0.97860279945544737,0.20405071583440063,0.026454985644132015,-0.0091199983803398107,-0.17146200999142783,0.98514851913772061,11.817561561963112,-24.98797334699255,-1.8584564392590843,,0.2652467310516247,0.1764705882352941,0,5
0.98267547718450965,0.18480576583980687,0.013990548686840056,-0.18520373742967541,0.9763438008851012,0.11159013448918234,0.0069629147830629094,-0.11224799056373548,0.99365582896299054,-10.319915479253964,10.310526337230968,-0.67787834175644668,,0.07878231016443245,0.1956521739130435,0,5
-0.12349865471984654,0.9913064771584349,0.045382272156892528,-0.99205749861992487,-0.12443400115658433,0.018387462797825455,0.023874708676053319,-0.042750996478412802,0.99880045583977262,-0.97226166407210346,21.101550100951634,-0.80992833815802334,0.4281562559829524,0.3626514856828746,0.6447368421052632,1,4
-0.70191453422576933,-0.6984381515159358,-0.13964288435013461,0.71224281319741989,-0.68968246390438304,-0.13056903932941172,-0.0051148500708698245,-0.19110794721775198,0.98155569929524178,2.3176912234406095,13.905558579766662,-1.070578814214876,,0.2016236634247625,0.186046511627907,0,5
0.3262554981785627,-0.93131146954959676,-0.16191447308263793,0.94501491079488908,0.32541178689946038,0.032465170910182174,0.022453691981165241,-0.16360353184534437,0.98627060996672933,1.4321691417990867,9.2018075103014088,-1.1530931630844015,,0.3281571947762412,0.4285714285714285,0,6
-0.65786088176633417,-0.74051567326193213,-0.13731568699550831,0.75312196142968357,-0.64806225403849349,-0.11323703503206554,-0.0051353143941982905,-0.17790967523992166,0.98403342219769074,6.3569125980078569,11.470666221959545,-1.3299764229075732,,0.3879213205472785,0.7307692307692307,0,4
-0.22324912928770682,0.95562494288824373,0.19219988241963418,-0.97472720670212931,-0.22051064968922965,-0.03580399263067633,0.0081669325296859219,-0.19533566469918978,0.98070244177812727,12.154275144487768,4.256798000324018,-1.6936613398965241,,0.2231491511392096,0.1891891891891892,0,2
-0.99551679838295359,0.09403896321907744,0.010147784686063295,-0.093636572547911828,-0.96469249270503343,-0.24617186435502372,-0.01336025519342143,-0.24601843003163326,0.9691730679635796,-14.05911972261589,10.514488272682584,-0.57272833102552589,,0.5255546338023738,0.3225806451612903,0,4
-0.90646090886885788,0.42000518204904069,0.043866476318455243,-0.42211211722311992,-0.89816530564758779,-0.1229652155058142,-0.012246680613971007,-0.12997973220055625,0.99144101591119016,-12.91991926300976,-30.138163223093954,-1.0375975632589123,,0.2930485427893169,0.9,0,5
0.77782001272075529,-0.62821427126603879,-0.018516403235074985,0.62845078545508393,0.77712076320327739,0.033659020473617074,-0.0067555956045409257,-0.037817307889842923,0.99926183413157199,-4.6822269732767987,20.726044960261031,-0.64568018582928088,,0.1733287221272299,0.84375,1,4
-0.097574183760405039,0.96355743290056806,0.24907097816798709,-0.99510256177528444,-0.090479815807417957,-0.039803196853039367,-0.015816769953337674,-0.25173493288283,0.96766696407117292,17.432953445436798,7.290759404937984,-1.9457232060771112,,0.4160036842084819,0.25,0,2
-0.70161410118820022,-0.68994167613887947,-0.17809586334485136,0.71245489472079981,-0.68348209261592585,-0.1589347415190554,-0.012069631404822347,-0.23839612538803698,0.97109299832597074,-17.910053496835044,0.48565153062204564,-0.69434324700866168,,0.2683603624276318,0.2121212121212121,0,2
-0.21135409999795873,-0.9771536614089642,-0.022364400486271974,0.97736912708519574,-0.2114981431068047,0.0042573328620040124,-0.0088900975684873575,-0.020958469825610768,0.99974082076695969,-7.2893546588091844,13.224545599905809,-0.72728825718036716,,0.07187663634211897,0.3243243243243243,0,5
0.54317367283023299,-0.83725701699270205,-0.062952749269558655,0.83958565089907189,0.5423041775072267,0.031656182059595799,0.0076351783538516297,-0.070049029648461755,0.99751432946941299,2.1605837062739268,12.579475960719016,-1.0957280180850211,,0.07211000472432516,0.3529411764705883,0,2
-0.98441448949323762,0.17585729544333051,-0.0015246360631038522,-0.1758130005510275,-0.98430114073640163,-0.015525887487107717,-0.0042310415989611893,-0.015015857763548007,0.99987830374631748,4.6268081416999349,7.2349731417946499,-1.3079868986595897,0.3460901274881374,0.281368949361248,0.8888888888888888,1,5
0.92263373967126427,-0.38527661047139211,-0.017576001931388474,0.38439625097911129,0.91490251904988462,0.12325949403343663,-0.031408671627768323,-0.12047951717968501,0.99221881724079819,-1.6038994989609274,-36.09696146945938,-1.5209279338479289,,0.2462600540686919,0.3333333333333333,0,5
-0.41463888175193103,0.90607760695915296,0.084249438613461861,-0.90994798351534112,-0.4119939708907745,-0.047493528464584149,-0.0083225618575581157,-0.096355270311627841,0.99531221073957543,8.5463511327014121,3.7047262167899011,-1.490296313090486,,0.1714386666808671,0.6376811594202898,0,5
0.27066052052908851,0.95392464148416789,0.12950158684828991,-0.96262351758081599,0.2667967547900022,0.046641773485366377,0.0099421339389345297,-0.13728535975414741,0.99048164241944225,-1.1938796514594761,4.1969540622515886,-1.1377659255856378,0.7872636658865112,0.6650938722176881,0.5177570093457944,1,2
0.58561233110576627,0.80463886241373772,0.098053550422186928,-0.81057770573848154,0.58060264233706305,0.07657907462851414,0.0046883490281321612,-0.12432567234785549,0.99223038986852463,7.4908030745963696,6.3050714399000967,-1.4320433931429548,,0.1171694514814983,0.2857142857142857,0,3
-0.30050286105546337,-0.92961556762619235,-0.21333758910354397,0.95378003427003222,-0.29258527017002772,-0.068538353550309225,0.0012948842945525734,-0.22407310438016312,0.97457147873724492,-31.755145263339116,2.2707168754134761,-0.41380950853317355,,0.4414330986067471,0.2941176470588235,0,2
-0.191064520985787,0.97988205645754067,0.057667185235733213,-0.98150370344076399,-0.19144046005686213,0.001015078952976155,0.012034490123622109,-0.056406610301963603,0.99833534714629169,-18.349114277646578,13.391574137839489,-0.32573814143781821,,0.09690076799788007,0.391304347826087,0,4
0.91481308983145437,-0.39828603012129909,-0.066972000740925755,0.40387091897721844,0.90307787967974773,0.1460774590333061,0.0023003211784435457,-0.16068161513796725,0.98700361046914631,15.542527003656696,-24.82880408335912,-1.991537995025618,,0.1271794844149932,0.2727272727272727,0,1
-0.95597089837765836,0.29326335913551638,0.010781634549757085,-0.29343852783462243,-0.95479126397299308,-0.047617986340267579,-0.0036704001499585511,-0.04868515615057234,0.99880743075596545,-13.154543481071725,14.822348476103251,-0.49014990993164903,0.2616123062089723,0.3396716395982444,0.8679245283018868,1,4
0.99984409306096089,-0.00754084401242634,-0.015966378508762358,0.010179818439310756,0.98499724642443609,0.17226954412437906,0.014427781106167489,-0.17240522094141744,0.98492044294171011,-4.547964476159386,-30.975229144519581,-1.3115713904231623,,0.1893046224085788,0.4814814814814815,0,3
0.92062290330524243,-0.37629874971934735,-0.10417639305275864,0.39031872447776889,0.89393903732342561,0.22028229813426881,0.010235391144179986,-0.24345892571216904,0.96985719993162034,-8.7605774858096996,-28.139757033332337,-1.1390650306765953,0.7799168953244079,0.3511859882765861,0.75,1,5
-0.94462396663951287,-0.31004199524395026,-0.10751522141252463,0.32760270720020029,-0.9099800762850383,-0.25419033616441244,-0.019027030386626998,-0.2753365612290305,0.96115958621096875,8.4808378671383231,8.7097397728718615,-1.4546107804429336,,0.2010581023918626,0.2,0,3
0.94711619632263988,-0.31762537124989693,-0.045662174736851413,0.32063454067145636,0.93104365484024609,0.17421596973331491,-0.012821934009252852,-0.17964363701528768,0.98364818999893511,5.0205574534075783,8.3660122140603992,-1.3096252853544594,0.3657658848180425,0.3510444002074082,0.4444444444444444,1,5
0.041253890116883643,-0.96696858673121622,-0.25153502504672987,0.99911547412462987,0.037870937121525748,0.018277348994133035,-0.0081477552086439177,-0.25206654755554614,0.96767560147421738,-15.468544369272539,8.7395827434967774,-0.58990621518826358,,0.6500494692391798,0.18,0,1
-0.025438916120527198,-0.97090784200920199,-0.23809834915775491,0.99933123528567036,-0.018440181845423769,-0.031575969912651741,0.026266779951675968,-0.23874237583333024,0.97072763134281304,-10.603306164634825,-31.909958408004155,-1.1156338440414135,,0.4292644604765768,0.5714285714285714,0,4
0.16969664090578532,0.95752108621819076,0.23314463217674347,-0.98548862991235187,0.16581441149382833,0.036300705977028003,-0.0039000485597207694,-0.23592149200208853,0.97176429201362446,13.358514740267289,-28.735373508868914,-1.9414833024492133,,0.3509633212922165,0.3333333333333333,0,5
-0.89913983040453616,-0.43519467533152395,-0.046402154510215309,0.43752611253917989,-0.89643216222403321,-0.070571094484185665,-0.010884219147610511,-0.083755436202270148,0.99642689680684227,2.164365563993317,-35.33294584644716,-1.5946454234535783,,0.3185093926071288,0.8333333333333334,0,5
0.88949749920854504,-0.44668457377002413,-0.096265728364957878,0.45691918826867284,0.87150669369636613,0.17804757295263643,0.0043651224084812947,-0.20235852934413026,0.97930177744556335,-2.3953674444671789,-33.795527337106236,-1.4525285422803076,,0.3185634614540229,0.3636363636363636,0,4
0.99553778270600823,-0.093078489469331852,-0.015521533523224329,0.094290613148463348,0.98769271680696535,0.12478933223061296,0.0037153030686517554,-0.12569603002713714,0.99206184512787587,-0.64490804088879894,15.633218184325028,-0.87363561327555805,,0.07729478580806542,0.2916666666666667,0,4
-0.53155019414733962,-0.83845143002623612,-0.12022308675493565,0.84699189366985206,-0.52743552278688621,-0.066456763087597417,-0.0076891585679318437,-0.13715308523501413,0.99052001900569064,-7.5304692415605681,20.627935978402526,-0.50023696263254658,0.3891356213939741,0.3758878664280645,0.6567164179104478,1,5
-0.76691942059213725,0.63852567086877476,0.064183876169962767,-0.64174310721539329,-0.7631705950229879,-0.075739205394499534,0.00062182003192152242,-0.099275427643698469,0.99505979860810811,5.3324677289402196,6.0535791029655268,-1.3613836016269414,,0.8756375785290567,0.8979591836734694,0,1
-0.91772894568924612,-0.3791900073515253,-0.11827307626359378,0.39710397125228464,-0.88266225675371968,-0.25142747765129841,-0.0090563933090571751,-0.27770898225873031,0.96062256006875624,-29.209181136833081,-2.5249084031126543,-0.49064509509906201,,0.3613489131106257,0.2,0,1
0.3315306446239969,0.94275528960603228,0.036054064889348425,-0.94330160947362007,0.33057333709064252,0.030055654530155296,0.016416614744720916,-0.043974227959167216,0.99889777356630494,-7.3583667383807487,10.57632861439785,-0.78806745700081449,,0.1330176227965834,0.3333333333333333,1,5
-0.34526044009921064,0.93764559335740782,0.040199126357847323,-0.93839074266748923,-0.34557480277133978,0.00093261219574543688,0.014766264878345337,-0.037400493940379635,0.99919125320158753,-7.1504484317468693,8.9667945885004929,-0.80578386402484359,,0.4261280832821175,0.7918088737201365,0,3
-0.88263201135034131,0.4700620157698715,0.0015600865417607862,-0.46976479689209105,-0.8819456929462256,-0.038637162092155647,-0.01678595069053665,-0.034835269827692826,0.99925208823171785,-3.0951738081426043,10.165558240806819,-0.9077249341723328,,0.09185836764405375,0.3043478260869565,0,5
-0.98427810490804724,0.17660165787464682,0.0029097481935031941,-0.17629528576801121,-0.98129680392652641,-0.077308180806170065,-0.010797426295126923,-0.076605724587072363,0.99700299826324068,-16.9182916852006,8.0441832493896186,-0.56863365415740297,,0.1451631371626928,0.4827586206896552,0,5
0.13767989238899897,0.98660106198144215,0.08753623094949152,-0.99038826159821913,0.13594738641244922,0.025483316426243234,0.013241545234960799,-0.090203395860207203,0.99583533219859,17.822389408478603,-25.125484254070535,-2.1080646378186065,,0.2802358253981315,0.3,0,4
-0.91824319086630446,-0.3839538774776543,-0.096999290706379068,0.3932608928966686,-0.912923759461298,-0.10916079666786641,-0.046640245987569856,-0.13838218592334378,0.98928007059340639,-11.811513630003567,6.3532231536492958,-0.72831628257770165,0.6492414265952936,0.3714403630671567,0.819672131147541,1,5
-0.20391640069182942,0.95619644075137045,0.21001539996700211,-0.97895478729090968,-0.19738705046657459,-0.051825444989072933,-0.0081009856868629951,-0.21616363940893618,0.97632354013840361,-11.064108431876704,-28.7572773290307,-1.078028529066549,,0.7421207999708807,0.3766233766233766,0,4
-0.95811095334724994,0.27568196729740652,0.077607048539773849,-0.28629346338337108,-0.92922521223677412,-0.23361626177874548,0.0077106355106105334,-0.24604868999966786,0.9692267991803929,-10.035027088148389,27.535688046173451,-0.39600866222326481,,0.3385552530548372,0.5625,0,3
-0.92342210923448198,0.38377424547829159,0.0029894287931619612,-0.38378550210756968,-0.9234042181145079,-0.0057739362981782411,0.0005445631110856399,-0.006479079865447779,0.99997886226415633,-11.256843491775674,-15.175461165663647,-0.97247561663288029,0.3341074698536733,0.3625745792054519,0.9597989949748744,1,3
0.99618284374274779,-0.085752996705445922,-0.016314575956729641,0.086501676931487997,0.9948579773045515,0.052678884588958891,0.011713313820289966,-0.053889039233708351,0.99847822696832789,-11.820876852303604,17.487474662360864,-0.43853085785528684,,0.09564125102973232,0.1818181818181818,0,2
-0.99766316646572839,-0.066197930827774712,-0.01691272395854105,0.067168280415113288,-0.99560201062783227,-0.065307415657754497,-0.012515126194064223,-0.06629080168423955,0.99772185564334925,-0.72270290583393293,6.4869668357856929,-1.1043587452241455,0.2136885073226635,0.1604583905056101,0.5392156862745098,1,5
0.87044483513994886,0.49136278718754894,0.029806045451684152,-0.49222889289840777,0.86803916841602258,0.064951667350614223,0.0060420173942262517,-0.071208240133432424,0.99744317159570806,-3.2780296706810899,12.348164417531311,-0.85191049491232251,,0.07042637143500359,0.3191489361702128,0,5
-0.036931075974680802,0.98730485913893173,0.15448369088032185,-0.99859794730626739,-0.042327490111745213,0.031788727822133329,0.037924072342799917,-0.15309310468304771,0.98748380545477521,11.973145810087027,-29.383573769467819,-1.9074372654688685,,0.287948456116147,0.3076923076923077,0,4
-0.87703074890099919,-0.48013139984260389,-0.017055918835795762,0.48034025068874753,-0.87700864116199695,-0.011361641406845237,-0.0095031074087722628,-0.018157153201103168,0.99978998231489047,-18.856243808465742,7.9793129179525542,-0.50705265508866582,,0.09577677695856007,0.3181818181818182,0,1
0.76001534519418834,0.63816307908771575,0.12298194810070594,-0.6497932030891832,0.74264361019859515,0.16201623823029712,0.012061023524490807,-0.20304766120416851,0.9790945710150063,5.6538698218147667,-28.563351371113111,-1.626142022844965,,0.1687653356664267,0.2272727272727273,0,5
-0.20511308403117895,-0.97436396593881835,-0.092430972293897379,0.97871441891177513,-0.20485083935313261,-0.012418527710750334,-0.0068343963452632186,-0.093010727855950867,0.99564165015848061,-14.190981258782482,12.770824370023677,-0.50622866767439634,,0.1180613890615319,0.4444444444444444,0,5
-0.69455207843764677,0.71930585613087217,0.014017691456785825,-0.71942636630553236,-0.69453492697016761,-0.0068511811362276121,0.0048076815995272042,-0.014843198926667227,0.99987827541319296,-6.0523409146363996,3.5772193249184077,-0.94191093900245082,,0.09154454196484674,0.5021834061135371,0,5
-0.72995125709211417,0.68158274180888767,0.051148101997252851,-0.68349806440102878,-0.72776666505839238,-0.056445346928087239,-0.0012482907069923583,-0.076161980660066533,0.99709467678463071,11.3277700218989,8.8584730620168077,-1.5516004162661277,,0.248646411645781,0.2222222222222222,1,5
0.33387690344990972,-0.94125369942311521,-0.050672346156451796,0.94245425184227727,0.33233874864922236,0.036482041207719959,-0.017498472136517534,-0.059936879035937252,0.99804878337900849,7.4108266010739081,-34.091232973256872,-1.7917433704615038,,0.3342919048181899,0.4347826086956522,0,2
-0.93402665445355548,-0.35522160215257598,-0.037574221674633396,0.35709437524621357,-0.93115925150636591,-0.073661764176669822,-0.0088213342422640371,-0.082219594369347698,0.99657519654260196,-29.168015122366384,-0.99622757943509133,-0.47877458696570141,,0.0923143553456241,0.2142857142857143,0,1
0.25382952268763692,0.96567496528127117,0.055158270832041716,-0.96710449431554846,0.25436421574235929,-0.0027825931143443412,-0.016717370810983342,-0.052637507338293893,0.99847374644222786,15.628319895660379,-28.762650426174069,-2.0414122966834545,0.4369635261081234,0.4326577617775804,0.8478260869565217,1,5
0.9999774994383791,0.0057075516830997867,0.0035248362731086034,-0.0058867742901793909,0.9985706494849792,0.053122536419147041,-0.0032165984244166383,-0.053142091047792502,0.99858178015305554,-5.5355569713561952,-30.18191223847267,-1.2198096799396749,0.302553594636853,0.3390630830320073,0.9655172413793104,1,5
-0.97710127874813058,0.20715893320614048,0.048561996063397173,-0.21273136592237193,-0.94651023691752123,-0.24261850169172769,-0.0042961635873766746,-0.24739350800542598,0.96890556566427044,-14.022599174322721,-26.422808940319356,-1.0089262618741039,,0.792644937170945,0.5135135135135135,0,1
-0.82486299140426822,-0.54839596184827477,-0.13734232574158176,0.56522740582914799,-0.80469032718483779,-0.18163550598605233,-0.01090986302630075,-0.22745405330233925,0.97372769731844633,1.4814072416888229,4.3664070458292148,-1.2387797986681075,,0.1174550383770311,0.6086956521739131,0,2
-0.49683025093405475,-0.86535471406324571,-0.065733709809522187,0.86778000894254381,-0.49631066047806766,-0.025171101992207193,-0.010842409164114339,-0.069548164205408769,0.99751967149484111,-16.27870914655022,1.0202429946269067,-0.71984738801916681,,0.09033857500859092,0.4848484848484849,0,2
-0.21859736896322154,0.95522788621662369,0.19938624746074496,-0.9757964771150992,-0.21524517461023857,-0.038610232539686234,0.0060353568343515015,-0.20300049310562807,0.97916003506411231,-24.690470609968127,1.9796887907055933,-0.475184994234994,,0.3448890392205013,0.253968253968254,0,4
-0.51135408424106987,-0.83775784471596559,-0.19151708578305851,0.85888132153288355,-0.50572596316854446,-0.081019292141894572,-0.028980615105663306,-0.20591999367255834,0.97813960156717406,-16.5011034398972,17.113261650533531,-0.3013688534863343,,0.4667575305968285,0.275,0,7
-0.64804419284037418,-0.75100365695054128,-0.12661844799547251,0.7615262622153065,-0.64131723258792428,-0.093754781969511938,-0.010792408547330276,-0.15718051543585296,0.98751091613463604,-12.98957533054652,19.402485078278719,-0.40787074724330985,,0.3960941474397706,0.7391304347826086,0,4
-0.41935390445660048,-0.90462481832397046,-0.07613304728781306,0.90782245703921982,-0.41779976033377703,-0.036079727830356047,0.00083024832338571958,-0.084245464788096844,0.99644468604652603,-4.8573467170061573,-33.327461985509423,-1.3336452488526829,0.2595671277744106,0.2132139448891237,0.1666666666666667,1,3
-0.42271342745888479,0.8851086303917185,0.19466913122541454,-0.9058747018694614,-0.41895962438172757,-0.062159936058809442,0.026540210226667294,-0.20262168083405402,0.97889737546747302,10.052847106185252,-4.6748079789325399,-1.723475890431843,,0.3362826565864235,0.2727272727272727,0,4
0.026290455580548096,-0.99911456287732858,-0.032846646583950631,0.99962034224832763,0.026004351252927878,0.0091074189126066213,-0.0082451991305598441,-0.03307361429233395,0.99941890753024032,-19.563507082455388,14.219638059624709,-0.27868799166036323,,0.07762152728960095,0.1666666666666667,0,1
-0.87100142530899127,0.48473066740774129,0.079954344373205061,-0.49070685622696769,-0.85052332130295294,-0.18925343106965595,-0.023733907422700887,-0.20407415317535138,0.97866768703386342,-17.43591723106605,14.071299281520258,-0.35418834090965629,,0.6625154282394559,0.4090909090909091,0,3
0.0047907680286419117,-0.99881269866414524,-0.048479289690998635,0.99995379439752508,0.0043809270152629929,0.0085566669024518364,-0.0083341233305200321,-0.048518042682438901,0.99878753592672453,-21.555116526589178,7.4293433262826545,-0.42360464552051558,0.2084818654506081,0.1890174051985005,0.625,1,4
0.83946011571547408,0.54324432247110477,0.013867956802366865,-0.54334711384316292,0.83865047043290186,0.037938138079984397,0.00897930962082822,-0.039382668086121078,0.99918385568080059,4.1128881075738635,-26.555112474561444,-1.5872854157987588,0.1739906310095793,0.1490589023480223,0.6060606060606061,1,5
-0.4081066687120628,-0.91260010104540756,-0.024698229180512659,0.91290031315878628,-0.40817539973935041,-0.002421008510902059,-0.0078717969569288403,-0.023535050871665294,0.99969202067093466,-11.661564232362217,-10.31962158320389,-0.95367475123070833,0.4648442511081786,0.3748798877967545,0.9671361502347418,1,2
-0.18763513045553412,0.97822465572070438,0.088710657527965739,-0.9821815372187086,-0.18783261544241756,-0.0061916494373634489,0.010605930681886241,-0.088291740928414464,0.99603819340334609,-23.008844033061674,14.008761577287222,-0.24749389854256251,,0.2136907380788063,0.4473684210526316,0,4
-0.33720346809896723,-0.93964030176347879,-0.058051049980743098,0.94139663734890955,-0.33708210896790874,-0.012166470396602682,-0.0081358644404501846,-0.058751639258702915,0.99823947657574708,-0.24419862922545066,-30.740833620841677,-1.498425766146682,,0.08187385719239954,0.6111111111111112,0,2
-0.99996994353051905,0.0028026413910704857,0.0072289167102437303,-0.0034287837982489035,-0.99610464419574229,-0.088112321801994298,0.0069538102674324021,-0.088134459849178171,0.99608431445829859,-6.6315546535079557,-27.175777760949281,-1.1885717300747165,,0.13003420592569,0.3043478260869565,0,2
0.24346512635815201,0.92352894129919183,0.29634275228222262,-0.96986139573217511,0.22876341414243284,0.083881901613725787,0.0096749840230407076,-0.30783371311909852,0.95139098153780233,-7.8363486330475194,27.774194084339204,-0.48166407770372821,,0.6452707873378105,0.2580645161290323,0,1
-0.13999466715590128,0.98827982678611093,0.060864416004140873,-0.99014061649815943,-0.14002635862691049,-0.0037654283069143753,0.0048013257080804341,-0.060791470267666334,0.9981389404357206,-13.739045420138185,11.789337980925904,-0.55350693684109276,,0.1091102574303267,0.3333333333333333,0,5
-0.53781488041837533,0.84129171307030659,0.05462058146704369,-0.84290729724128499,-0.53534090166708026,-0.054013028610415924,-0.01620008203562491,-0.075089097221278364,0.997045227068729,-5.0105939707334137,15.226810504966174,-0.7658103858220997,0.1713124087376926,0.1089917991864184,0.3333333333333333,1,5
0.94761707981309762,-0.31493196065206136,-0.053289119023915255,0.31937652539246209,0.93660711715186395,0.14410323774541467,0.0045282529450782196,-0.15357398301900602,0.98812677661570492,-1.5861786383219356,-29.489064528002842,-1.4258055120694506,,0.08788007717338601,0.6,0,5
-0.72200521341050927,0.69072257925825808,0.04013465224546893,-0.69187705896832818,-0.72109889485341327,-0.036366455897195948,0.0038219211637408293,-0.054025015909350514,0.9985322681689428,10.193977620487654,5.8703140850371653,-1.5340248199722961,,0.07657879166061608,0.2571428571428571,0,4
-0.82957866723180373,0.54735300506938089,0.11047136604307241,-0.55838238407121488,-0.8141944309464173,-0.15904886599654044,0.0028892962552290861,-0.19362881102087437,0.98107060679127089,10.735892710777764,3.8137339316938865,-1.5879380965862009,,0.1956569073783389,0.345679012345679,0,4
-0.37754980841385333,0.92545040430974068,0.031586252224632669,-0.92596945219426674,-0.37754522663036405,-0.0063384108161782474,0.0060593539020393911,-0.031640970458609488,0.99948093189351317,-15.894659324471382,10.977658993967431,-0.50054371133939357,,0.08330068029079635,0.3095238095238095,0,3
0.54449472825573042,-0.83629551682336678,-0.064306293959896774,0.83870903136527752,0.54197652646288086,0.053184635653059038,-0.0096255705304516773,-0.082893023255088225,0.99651196434744116,-18.873077293892877,10.149274551985814,-0.39119252935068083,,0.145465155168846,0.391304347826087,0,4
-0.9783896452405566,0.20654876394739735,0.0095556369676928193,-0.20671144044005257,-0.97597217779349632,-0.068910728948522723,-0.0049073900654683054,-0.069396803131127394,0.99757706531271251,-8.7407575282595555,8.3125982967318066,-0.79093975421896634,,0.07311648621486974,0.4032258064516129,0,5
0.80802700993891396,-0.58577118596966171,-0.062964028594692509,0.58913437943189173,0.80272913153612013,0.09244795484306291,-0.003610288157057751,-0.11179471843947404,0.99372476408131305,-3.5648458796803775,22.636003152944831,-0.6601316956807044,,0.09410673586095074,0.125,0,2
-0.19995476290733832,0.97851364273660879,0.050290593245669687,-0.97860984115299643,-0.20198211539121849,0.039064099382860526,0.048382554595387504,-0.041403816737346215,0.99797036647908743,11.464964258524931,10.848585502596222,-1.5345078906866865,0.1611536658009766,0.1780585634626748,0.103448275862069,1,4
-0.34122992109300687,0.93692931148759739,0.075667735701794234,-0.93997986168283743,-0.34012458049321981,-0.027443202710774897,2.4115841623691795e-05,-0.080490589634363174,0.99675536838220202,6.6587895063195131,15.776742931449339,-1.2871385301253735,0.6195056159969028,0.4923046517096683,0.5909090909090909,1,3
0.97947614789261406,0.19970654222252451,0.02727219651897099,-0.20155327420944483,0.97154981505585958,0.12436733703178501,-0.0016593266401322222,-0.12731164070283729,0.99186137780269168,2.6549365507787939,-31.571977976708698,-1.5764105117237042,,0.1390938702404221,0.2758620689655172,0,2
0.080460701260356995,-0.99071160188208052,-0.10962024196713729,0.9967266056907842,0.079100318873510725,0.016709669722548573,-0.0078834675631546409,-0.11060588343461247,0.99383307928888631,16.160022864439814,-25.429814960184643,-2.0137985288368232,,0.2976683602748512,0.1333333333333333,0,1
0.65217851469164256,0.72197786406621278,0.23110852163646578,-0.75799355309527849,0.61687488565828219,0.2119225068511526,0.010438315984803024,-0.31339007521373585,0.94956711311888398,-0.0017098458950265936,-33.212742256937986,-1.5216993306785918,,0.2674327905683067,0.2,0,1
0.58475448771211469,-0.8047324072415718,-0.10231296025297583,0.81120038771722869,0.58070206201641983,0.068840730220528515,0.0040149804432735598,-0.12325123895954448,0.99236737755076254,-22.803969675207476,0.82231431502355556,-0.54751940490839612,,0.2009894948793373,0.34375,0,3
-0.97148542894241607,0.22664261932923546,0.069636085876161186,-0.23706456129941839,-0.92347980554940834,-0.30163793282400631,-0.0040564921401495899,-0.30954510470367458,0.95087610813686319,9.9474568699730987,2.6523617258006587,-1.5633570644306738,,0.4314741864369268,0.2647058823529412,0,1
0.10132389976911432,0.98506864752695655,0.13918774010303303,-0.99470448165555292,0.10273370744188409,-0.0029630271009888484,-0.017218057670198808,-0.13815044341100161,0.99026157830919004,-11.583352744628987,13.784450542926663,-0.55911736405207535,,0.1475088436197809,0.1612903225806452,0,4
0.86724042425345149,-0.49473584965398509,-0.055950742692513739,0.49788958435249986,0.86176772134080881,0.09727464339880891,9.1290685755335778e-05,-0.11221779503367559,0.99368363081203648,-16.702617103087576,4.2507049823257708,-0.65408603983390279,,0.1001979922588415,0.48,0,3
0.97273280998680733,0.23100176515144069,0.020713881144980909,-0.23191863109334057,0.96797533536916147,0.096111907008184089,0.0021514941228517777,-0.098295140337035791,0.99515498112563472,10.231718682340407,-25.116520754699511,-1.7583606368592388,,0.3151768380694839,0.6551724137931034,0,4
-0.99482929649380347,-0.094577876955441065,-0.037009404591872914,0.10125499179666148,-0.95190689906985149,-0.28917240902180935,-0.0078801950420981041,-0.29142457119093451,0.95656135288452793,0.52032644087469682,-27.231370972812439,-1.4848089810912704,,0.4235671751870651,0.2916666666666667,0,3
0.69437453787882297,0.71170057401969888,0.1064250632398359,-0.71959811350047465,0.6857478488247033,0.10921741106092264,0.0047493359672536473,-0.15242106407030417,0.98830423607083051,1.2114265615727382,7.1513669754810927,-1.1858742778505142,0.04801603512677735,0.1254834329086504,0.2,1,4
0.99821320452232742,0.029139854050733344,0.052165766774471156,-0.041765803030331554,0.96460317847530919,0.26037727583750991,-0.042731908622223966,-0.2620907800385836,0.96409667928287657,14.997687816145799,6.7674924172579933,-1.8388557202577893,,0.7331121439031023,0.2372881355932203,0,2
-0.49120559492178878,0.85973287747100391,0.13991584225154155,-0.87096061013094617,-0.48699904747628847,-0.065265177219681933,0.012028263293611188,-0.15391980753825774,0.98801012835371504,-8.9471309837299682,5.5763485137479067,-0.81020083509860585,0.4539891687150063,0.1657099059363119,0.2684210526315789,1,2
0.8027425996912696,-0.56787948125568699,-0.18198135456599826,0.5963255168347581,0.76422267743264205,0.24568186190568425,-0.00044341026368509382,-0.30573942183901864,0.95211512398495302,9.5203325500747127,-28.490792195232935,-1.7961475094389365,,0.389859671790088,0.1153846153846154,0,3
-0.070718139530200175,-0.98802049195558628,-0.13716578369706364,0.99749561463214442,-0.069880663607936322,-0.010917492539758203,0.0012014703609998906,-0.13759433247614877,0.99048793841187999,8.3280941096274841,-26.183890640483266,-1.6925874772422669,,0.3901705689089401,0.3953488372093023,0,3
-0.98205263750906102,0.18481203423612563,0.037644776038673562,-0.18850872661497489,-0.95534708050374162,-0.22754431604190384,-0.0060891010418081207,-0.23055686451390339,0.97303980138225632,5.9933512847542874,9.978412964870758,-1.3286405884474006,,0.1828665975961912,0.4166666666666667,0,2
0.29745813374707925,-0.91447167557271714,-0.2743359495999978,0.95471860572116518,0.2832319873679513,0.09106055798991948,-0.005571584831946713,-0.28900033893895083,0.95731278145422916,0.1610591566185279,23.653087081452171,-0.81837451128376149,,0.1681706717465192,0.25,0,2
-0.83552448872596741,0.52885048450877592,0.1490503061856738,-0.54945290081252507,-0.80390730681548894,-0.22767202691013194,-0.00058183151476930931,-0.27212167698200634,0.96226267431953771,8.6535711096038472,6.8143168277398445,-1.4633430450780949,,0.3715663713071597,0.2173913043478261,0,1
-0.38651261465694287,0.91360723277203071,0.12621340236950215,-0.92213001372828118,-0.38531390091972645,-0.034776939766212447,0.016859314711254954,-0.12982689237848791,0.99139333340647984,12.888458907114483,9.4809911315398168,-1.6182970530177943,,0.2762730733597591,0.2,1,5
-0.49270212946856051,0.84223224915391981,0.21883658309861162,-0.86976325688216094,-0.48457827256863101,-0.093251137966983755,0.027504337746651713,-0.23628105349251166,0.97129541086406224,6.095979374162499,17.851205653015079,-1.2183800768005686,,0.547536810179013,0.2222222222222222,0,2
-0.11845789105614082,0.97094402024036364,0.20793132906325504,-0.99294923868063834,-0.11489823281782481,-0.029158283537986898,-0.0044201187848518031,-0.2099192836659394,0.97770872804486486,-4.5399916503603182,-36.902970081387565,-1.4092006966789312,,0.2217047230254275,0.2727272727272727,0,3
0.98659442233609129,-0.16192401207220442,-0.0202992642663553,0.16275580242885443,0.96723595429400822,0.19484649726566636,-0.011916148331338111,-0.195538290458417,0.98062367010670626,3.6587892928097761,-28.477523878334104,-1.5831188611713076,,0.1740865115865441,0.375,0,3
0.60533088595041429,0.77013271689013374,0.20117185909045165,-0.79564715901024219,0.59267977937421978,0.12520494191467513,-0.0228060709772103,-0.23585223657270704,0.97152128418796646,-21.158764339167593,3.4532112685862724,-0.54789071714600512,,0.5539968515512568,0.2647058823529412,0,2
-0.80303071865593234,0.58495212617905523,0.11389765130827076,-0.59534905485789058,-0.79594143784040616,-0.10971203401798847,0.026479572782699003,-0.15591099257958196,0.98741612029483139,17.821681161766399,9.9475358512635719,-1.9537719323676153,,0.2365764898844976,0.4285714285714285,0,3
-0.99749429214750385,-0.068234114774472443,-0.018688036656980902,0.069382197650062039,-0.99513986923072872,-0.069876686503397109,-0.013829236508074428,-0.070998212994345458,0.99738057228382593,8.3948333668231854,11.629404182132983,-1.407509798507415,0.2898402843571856,0.1622559082169861,0.4705882352941176,1,3
-0.99973114070146396,-0.022891717429901849,-0.003689930197158544,0.023031322002030299,-0.99877741541027565,-0.043740515237119471,-0.002684123430315878,-0.043813739163411004,0.99903611133028258,16.416322749582129,8.8204074092126721,-1.8905283545874549,,0.170876016099057,0.4,1,3
0.52267922300769776,-0.81472285957104917,-0.25106392000532901,0.85240974722567686,0.50436460941330519,0.13789112954074326,0.014284700582344769,-0.28608216103723955,0.95809860894666621,15.999710322660226,-22.41647276771657,-1.9950852404810442,,0.5482375791545875,0.3125,0,2
-0.99759819146359219,0.065570175470486047,-0.022324884710563729,-0.059502443523773596,-0.97623394816846643,-0.20839082911229165,-0.035458533574732505,-0.20656192904835566,0.97779080680100106,-23.525420581050469,4.6375846150511384,-0.44744634320817489,,0.442808517732175,0.1071428571428571,0,2
0.91177382370480198,0.40613270615774072,0.061030479235499362,-0.41040124968725467,0.89541290008601093,0.17264574311201153,0.015469604450797824,-0.18246085429085682,0.9830914138520318,15.950882413356794,10.083112356467968,-1.8365736740769547,,0.2080090621155753,0.2307692307692308,0,2
0.75757579911088324,-0.61318762927014681,-0.22378525400831192,0.65274674393904752,0.71125684508635911,0.26083594191516485,-0.00077257910860420128,-0.34367809302871927,0.9390872012191761,-12.237775920301692,-29.494634280167034,-1.0510982925329531,,0.5971624274150218,0.4,0,1
-0.85931575111212,0.50233651561867565,0.09609612357790949,-0.51144436445065244,-0.84362377304291369,-0.16347351965534399,-0.0010497439119925131,-0.18962319117904919,0.98185637615936117,4.3020649702727285,-32.880527094813964,-1.615701887527027,,0.4439478060564721,0.3636363636363636,0,1
0.41189659124030203,0.90968232151850814,0.05309681761949088,-0.91117316597576747,0.41051663480629697,0.035207302552318381,0.010230333832120398,-0.062882163321655346,0.99796852345435894,-9.6018299699985246,-29.108748569519324,-1.1069575002887082,,0.0925525363312059,0.2142857142857143,0,1
-0.80958161218556124,-0.57151893564634104,-0.13395416906054503,0.58700462102969164,-0.78891098308662411,-0.18178293554424779,-0.0017855253611905196,-0.22579983827046868,0.97417208178853865,9.8138668026097342,10.378632797746159,-1.4809887096761503,,0.2797341060395086,0.2941176470588235,0,2
-0.15812430407398978,-0.9867868591977107,-0.035332689903730646,0.9873755039271821,-0.15835273091316243,0.0037452445695371705,-0.0092907860624645462,-0.034294418307653979,0.99936858774292125,-14.645569265882179,-32.781343352159354,-1.0139334427455406,,0.6188523173820493,0.92,0,1
0.4595031548289738,0.8505139725774804,0.25589613743214851,-0.88782475075484846,0.44794795940399762,0.1054032144333638,-0.024981245951939658,-0.27562403399607144,0.96094085626245584,7.9363386834266816,10.466062066415263,-1.4098595696071756,,0.2893844866586392,0.4423076923076923,0,2
-0.63098435633631433,-0.77395985636647269,-0.053337442683687362,0.77579547948073468,-0.62952144511388131,-0.042943266747965031,-0.00034069943275153559,-0.06847547644901085,0.99765274171375751,-9.1924947575953286,-35.35858438631935,-1.1562845890567017,,0.1941286297489886,0.2857142857142857,0,3
0.017795584479470449,0.99960105860862147,0.021932642375195859,-0.99980533304846653,0.017603701611445966,0.0089109874548662441,0.008521336801208923,-0.022086949044614172,0.99971973747697029,-26.779254735759942,14.581802416719498,-0.2569730241593805,,0.1668798376039637,0.1666666666666667,0,1
-0.71527328582284411,0.6964911858708126,0.057307543940232644,-0.698628597190045,-0.71060381803419326,-0.08342839434807181,-0.01738418178869474,-0.099710790787640946,0.99486458798373267,10.862621695603584,6.7011010527930699,-1.5641774017460961,0.5042376996471464,0.182083434119887,0.1052631578947368,1,3
0.62751242132912699,-0.76058593419482801,-0.16654488218686339,0.77860207054754504,0.61225966154969536,0.1375388038995799,-0.0026413664514383312,-0.21597949797152632,0.97639432589463382,-13.029380564506571,28.938988641668168,-0.24989396226371707,,0.3414162110793368,0.2857142857142857,0,1
0.93803386463908611,0.34460703478504745,0.036584974605954772,-0.34643295256600276,0.92982645679222165,0.12412481470529954,0.0087566070291484194,-0.12910752040791584,0.99159193724407502,-21.700415198372696,8.9818832522860319,-0.3634510063070594,,0.4539112671616221,0.6111111111111112,0,1
-0.85708616614947897,0.48840273721467647,0.16390872483305843,-0.51517210209472564,-0.81192681655653653,-0.27454061590167173,-0.0010044991234332541,-0.31974616625939339,0.94750270719609642,13.540346279515749,7.8298250372763745,-1.7261732802736953,,0.5159577880944364,0.1481481481481481,0,1
-0.93757422268143398,-0.33328112721684339,-0.099389472301518164,0.3476747990904086,-0.90538969152691862,-0.2437042070917817,-0.0087641908210587156,-0.26304599734240469,0.96474348520287589,0.8193899268205006,15.503980331390716,-0.95703450638601439,,0.4729671567393562,0.3125,0,1
0.19228898338723249,0.95345357449741786,0.23227403674539618,-0.9804818704466518,0.19654869697839961,0.0048899326711193082,-0.040990835479890145,-0.22868076218648209,0.97263809323533634,24.68752884204352,7.2119785258448594,-2.4052402256467538,,0.2251544393310743,0.3333333333333333,0,2
-0.76444010138039675,-0.61307888390840248,-0.19941317285263874,0.6446143207786853,-0.73174720674256566,-0.22140100015918426,-0.010183754148794093,-0.29779238998013446,0.95457633724147861,-12.169750548326959,9.4398463360086442,-0.64297155709472265,,0.1521463809610996,0.6428571428571429,0,1
0.95124908271511577,0.30623143823529042,0.036708158085026761,-0.30830605431585179,0.94084023113897841,0.14059529274674862,0.0085181867695458373,-0.14505849063980505,0.98938641328222243,16.053560638543598,-30.627585632775759,-2.0662248263359682,,0.3376881304288653,0.2272727272727273,0,1
-0.99506275583846082,-0.098048537918592221,-0.015381682456531719,0.098870748482940543,-0.99280101047765745,-0.067607164479550674,-0.0086421662556494267,-0.068794169858850049,0.99759344181677601,5.325771642309352,13.155145435914275,-1.2697312909456813,0.1898134467458108,0.1290603068754528,0.4347826086956522,1,2
-0.96061213651823862,0.27699020083984954,0.022377484500387443,-0.27786873404696594,-0.95635382040000427,-0.090423099070167434,-0.0036455195791198799,-0.093079529677672149,0.99565200313261182,13.154360449772705,6.4571539471923414,-1.7453727112111781,,0.06347208157754297,0.2083333333333333,0,1
0.24041012301334233,-0.93787696061528436,-0.25017949456289551,0.97060956260765852,0.23518228709632741,0.051052608265494064,0.010956720644380679,-0.25510017362435666,0.9668525490939891,-17.712901672686463,2.4286348049637079,-0.65951682425606184,,0.3111116307760323,0.2432432432432433,0,2
0.11477137095376411,-0.95904010426515796,-0.2589780122336019,0.99334489422410333,0.10826029721950449,0.039314490520019993,-0.0096671365097253208,-0.2617666641438875,0.96508277365969153,7.2664315041357472,11.40681096883576,-1.3652349528037571,,0.3082169059194602,0.2857142857142857,0,2
-0.3830733959258954,-0.88262500005559352,-0.27244794477232853,0.92366207651271892,-0.3692525202404941,-0.10247411726019003,-0.010155872489053126,-0.29090494250340115,0.95669805721611001,-20.728135925011106,9.5518411262952565,-0.3602760992999462,,0.2032342665268209,0.25,0,1
-0.98825728418534897,0.14998680898801803,0.029180428101568498,-0.15272137664455329,-0.96348860403293757,-0.21992246591572678,-0.0048704589508123076,-0.2217964540479701,0.97508082311229782,2.8552353232234235,7.0040280480516861,-1.2610610248181537,,0.3651952152670916,0.3371428571428571,0,1
-0.21630369556992987,0.9761680650822353,0.017567583681218864,-0.97630198969630222,-0.21638986105249119,0.0031389407011775589,0.0068655806624833325,-0.016472302428290692,0.99984075084729318,26.81439537061144,7.0320562384064296,-2.6705173855616713,,0.09301794113298695,0.5454545454545454,0,1
