axis_00,axis_01,axis_02,axis_10,axis_11,axis_12,axis_20,axis_21,axis_22,location_x,location_y,location_z,dbh,dbh_approximation,score,reconstructed,number_clusters
0.65106269740523459,-0.7215642880979084,-0.23550444197335135,0.75835373432479225,0.60534867655465707,0.24176971156281837,-0.031890087536150476,-0.33600291358154122,0.94132091466282253,-2.4517758109610983,14.025923011604736,-1.8909954532685456,,0.1342950457130887,0.4444444444444444,0,2
-0.30748540900498672,-0.9305353254382086,-0.19888874116109381,0.9443751634409735,-0.32404959601251282,0.056101782502544967,-0.11665450666335886,-0.17057510790187355,0.97841497261611543,8.69765666712639,-0.3757345834320977,-0.20423865589601692,0.6032871011785351,0.4925080323334736,0.8846153846153846,1,5
-0.48839374823595044,0.87216213303455614,-0.028368298938326174,-0.87136116959117249,-0.48568164566712441,0.069592033960645061,0.046917574668186204,0.058707348455614816,0.99717209569089338,-19.11707125107619,7.1706214821417484,-2.6303750784156823,,0.07410455985682439,0.3703703703703703,0,3
0.85460252741741527,-0.5075242870872384,-0.10988001705659008,0.51905071961326998,0.84120231185614858,0.15154214264295413,0.015520006466258741,-0.18654160003726047,0.98232446821548025,3.1867360311699926,-6.8611304801794271,-0.28288165512030716,0.2226107135526005,0.1755438276550869,0.5630630630630631,1,5
-0.64637275887353618,0.7627697775643667,-0.019609258543402404,-0.7625727841076323,-0.6448975068106535,0.050891597024842347,0.026172610197488604,0.047848428854156216,0.99851165357828509,-3.5571216076846319,7.92683277103525,-1.6160273249393906,,0.06722843356728078,0.2352941176470588,0,5
-0.049109625404995444,-0.96433016859335596,-0.26010684464906297,0.99397938490392712,-0.072724333277113098,0.081952142958015284,-0.097945020693206347,-0.25451620241177209,0.962095772587791,26.995725772154572,-4.2607962359521432,1.9317419303009562,,0.6875192906862855,0.5357142857142857,0,4
0.90766069925794179,0.41915483237137008,0.021477465453664413,-0.40503108826368084,0.8613667473860217,0.30658953673855921,0.11000851131854814,-0.2869783145071324,0.95159948215629198,6.5851791529778527,-2.9099904709185305,-0.26837113189561279,,0.09796660135831073,0.3870967741935484,0,5
0.091586137833930617,-0.98712096552416073,-0.13116470096528693,0.99294736383841475,0.080570361400792004,0.086970969352354599,-0.075282879879868453,-0.13820497923879094,0.98753828873142879,-2.7988759963385066,15.694932965556173,-2.0298238060883458,0.442134729446095,0.1482283465593671,0.4545454545454545,1,4
0.74381004457345712,0.66813197278353409,0.018608722041397793,-0.65003301264724067,0.71661980525251701,0.25281047681731034,0.15557538385099082,-0.20013925568020552,0.96733684840152201,13.319233286174862,10.271701283934576,-0.33759991910184195,,0.5042365307298506,0.1290322580645161,0,5
-0.30581715809114607,-0.92453226780398545,-0.22741141485482574,0.94336098650589106,-0.32651280721676479,0.058816969167568456,-0.12863092534723466,-0.19654381830178866,0.97202089099549016,-12.302353999780546,10.900525541753444,-2.4148133204033031,0.2620286542802673,0.2367453361989216,0.2083333333333333,1,8
0.86455621820314366,-0.4532308389159983,-0.21708144144946878,0.49898622011222699,0.82547791444223662,0.26381615740171765,0.059626317213046474,-0.33640454726949831,0.93982800706938574,-12.815375133169431,-13.557765782559828,-0.72052111401668328,0.2247783565747929,0.2355710375915224,0.3939393939393939,1,5
0.85569345702378319,0.51726061136867174,-0.015171273288527692,-0.50464026353060831,0.84058933617979614,0.19684453846771593,0.11457273685500048,-0.1607825482672734,0.98031732624810686,-2.1094868584130042,-4.1787610020019539,-0.92106416353833054,,0.0799113300996063,0.2704626334519573,0,5
-0.98539101230506221,-0.15189466321936965,-0.077023140379233607,0.1501196365694478,-0.98826076952907893,0.028368047624912334,-0.080427903022904784,0.016390933325062442,0.99662565174696949,12.029216755354938,2.5625318686181191,0.04748274419715727,,0.1084518809210063,0.1111111111111111,0,5
-0.6900526010114939,-0.7104643452834366,-0.13808628432342129,0.71409035602402193,-0.69940950210181241,0.030021855425325809,-0.11790831722468152,-0.077889424511109168,0.989965083363333,-6.2452047916789066,12.525596901693591,-2.0927009074142044,,0.1194523559612022,0.186046511627907,0,5
0.92301206651728429,0.38195539979171278,-0.046462862949285567,-0.37103870144702406,0.91552969239491666,0.15535657170449463,0.10187741207940677,-0.12615646996179233,0.98676518888476239,-12.872430625977557,13.384738609464909,-2.6011083016744316,,0.1095102595526663,0.46875,1,5
-0.30077616852048478,0.9511921655123261,0.069044628452241033,-0.94877660060789759,-0.30578284726919441,0.079497248096181305,0.096729822645647223,-0.041597050182860799,0.99444106252056252,0.94826084391091214,15.087761590554377,-1.6783594604233174,0.8112207322267065,0.29025567223013,0.6,1,5
0.35273657353076598,-0.91258071501168114,-0.20681718565570337,0.93361065758254147,0.32839465407923746,0.14327627584661273,-0.062833508115266501,-0.24362551130977458,0.96783188648493179,-3.1138155885277734,11.816078093780465,-1.7906165746630336,,0.07776210456241843,0.2456140350877193,0,5
-0.47140376282083341,-0.87381293048803366,-0.11928727891218854,0.87329014844537456,-0.48137558342068504,0.075112344622242949,-0.12305612145120993,-0.068764163619649404,0.99001448513396761,19.055374111136452,2.5186981204960364,0.68413833416954994,,0.2977452357537784,0.55,0,4
-0.79209871055480974,-0.57859237001203323,-0.1944492275666499,0.59532226929320275,-0.80264531063886213,-0.036768206279837089,-0.13479995705117809,-0.14488400420096065,0.98022323830120317,7.972044239396042,4.8589062363957316,-0.46591581405495647,0.7284257447625417,0.2349035131852604,0.1666666666666667,1,5
-0.13721013191621129,0.99039588283274205,0.017011024880607219,-0.98623752301025658,-0.13819300404320206,0.090764761003971919,0.092243850234736399,-0.0043230662114175176,0.99572706259918553,8.7262710828720458,-6.7052263304419997,0.21399622815093267,,0.09455569959818645,0.2333333333333333,0,5
0.91691644167743858,0.39305480825149175,-0.069080798286990069,-0.38412878954883356,0.91617937637188385,0.11428220924787161,0.10820957453632547,-0.078251313223546268,0.99104360144115655,5.7203336908310121,1.7255807232641163,-0.56845261790000223,0.1390388899998168,0.1135089270597878,0.4565217391304348,1,5
-0.65894713013668715,-0.69067922121707637,-0.29791088107619851,0.73671118622007348,-0.67254385423059049,-0.070295037057207854,-0.15180681072611968,-0.26579499151721264,0.95200195099670293,-3.0365856327405858,-26.28921443174497,1.4893307200752686,,0.394915588103895,0.4285714285714285,0,5
0.75411330137209542,-0.64489554744805622,-0.12418881421187793,0.65671127200710422,0.73857292115122453,0.15244784472388953,-0.0065904409937155954,-0.19651914162192907,0.98047783914971243,-8.1660612611376564,4.4314410055782307,-1.7708160459345799,,0.07354674291074595,0.2821782178217822,0,5
-0.75921618547051017,0.65066387481069698,-0.015076661962678577,-0.65083093207369402,-0.75889171603066286,0.022415646234751209,0.0031434973666176649,0.026830679386934318,0.9996350499396971,-4.8507290172757864,-4.4958553025566133,-1.0687357719770045,0.224845931090477,0.1331025183476027,0.5269058295964125,1,5
-0.86588288436807359,-0.49147547572155575,-0.093266753576477873,0.4970760345450253,-0.86626682356678697,-0.049972054875713733,-0.056233854922256646,-0.089630615036266348,0.99438629637017972,-4.9748838742559549,13.950226692055333,-2.0761245421253256,,0.2377507355339289,0.2333333333333333,0,5
-0.88972464656840622,-0.44300481206692954,-0.11016709932765514,0.44300976196100467,-0.89614600274937206,0.025781632290775007,-0.11014719286472462,-0.02586654677121248,0.99357864191122491,-12.98612261074148,8.6585061388689333,-2.303899898207423,,0.07785367547266701,0.4285714285714285,0,5
-0.74853315188028757,-0.6184802371847371,-0.23912406141597889,0.65202594804275305,-0.75213304789909674,-0.095697655859289757,-0.12066600024493415,-0.22754796081249642,0.96626168397332357,4.0552809012812521,5.1726283148289109,-0.85181101684514449,,0.3115357898404276,0.2872340425531915,0,1
0.73662400754826829,-0.66752114775424853,-0.10863051507003021,0.67629114350853203,0.72611636943865709,0.12403752353681781,-0.0039192748629895838,-0.16483487293068488,0.98631339033315069,7.7441497123102891,-3.7305638521057913,-0.12449065863628597,,0.0711754967756226,0.2592592592592592,0,5
0.24400046291538818,0.96873556271938921,-0.044890796604934953,-0.96323225823566672,0.24746249350230695,0.1046228034600486,0.11246061884631227,0.01771225091201192,0.99349830668015515,4.5858673163158841,-13.733195014434292,0.43646564803256954,0.4730771602680518,0.2640610880401627,0.7954545454545454,1,5
-0.81569371987004935,-0.56906773096460617,-0.1039503388131011,0.56572604653253789,-0.82225036315051536,0.062115864105011263,-0.12082133768183589,-0.0081398939576944468,0.99264089503059028,-3.4198754852250093,5.497294308026218,-1.4666215150685296,0.94391815568841,0.5496938252919578,0.8631840796019901,1,5
0.92519689390527748,-0.33833476291801096,-0.17187290568684688,0.37813544145409456,0.86012391640919827,0.34234549264919367,0.032004615672484873,-0.38172822350739993,0.92372034077070142,-2.0781556905008682,5.244221185967505,-1.3748499416535289,,0.5703831001575358,0.365558912386707,0,3
-0.98820079954900963,0.13948505506832579,-0.063270049654510219,-0.14047767218360752,-0.99001706502622544,0.011499329316668676,-0.061034444280037382,0.020251675719416169,0.99793019106648073,4.6352957389898348,1.9093346965904456,-0.70816502480586963,0.3832432483683384,0.2505361192945227,0.4591836734693878,1,1
0.96010484405662488,-0.2564655428053072,-0.11146350870389669,0.27552596981570959,0.93570540272607561,0.22031985672277865,0.047792555655846135,-0.24224125301610427,0.96903820717300471,-18.905631282450496,3.9040143436123076,-2.3919798599463133,,0.09510400711748472,0.2222222222222222,0,3
0.92257455577778913,0.38529184547782347,-0.020158939449031962,-0.37412898844841064,0.90616391369214944,0.19721678814111407,0.094253323729116531,-0.17440514708695146,0.9801526185424364,5.5722548903812523,0.022157699301484316,-0.50002785766879798,,0.1737545358023092,0.3947368421052632,0,5
0.20850608817744362,-0.95296040116140757,-0.21998110148653657,0.97588944021345214,0.18787839935514977,0.11109233787990225,-0.064536901636317034,-0.23784066278505991,0.96915778253757434,2.3590620446103272,11.394490087506007,-1.3824443209994703,0.6559520622512115,0.705745631210408,0.3722627737226277,1,4
0.12339449586534236,0.98845872072692897,0.087881487294094868,-0.98666130176245603,0.11272899782927982,0.11743785017115504,0.10617567515469069,-0.1012004469717917,0.98918410598743245,2.6208020976907576,-2.8731430857990587,-0.62589400520514804,,0.3468384248997713,0.3293413173652694,1,1
0.30801468649177205,-0.94315764743884967,-0.12482229361372883,0.9495216956233431,0.29655529583303086,0.1022912804395211,-0.05946009120366947,-0.15002869255912343,0.98689203510974477,1.5866403603938886,1.6030412367497913,-0.90462448400041573,,0.08302085346079861,0.3804878048780488,0,4
-0.31795205809707144,-0.9336712979528089,-0.16481624959619323,0.94066252740655465,-0.33239390676966846,0.068324960852611763,-0.11857697198423624,-0.13331240798033481,0.98395492965558928,5.0935769090400145,4.8587657344783173,-0.7188865794433994,0.2529664943089424,0.2339861247101864,0.3478260869565217,1,4
-0.94452236793306876,0.32344073929001421,-0.057127792199939159,-0.32603660540195989,-0.94433308478246869,0.043990418538525436,-0.039719370741202548,0.06017568572735147,0.99739724204309266,-7.7674484630907585,12.14433999155084,-2.1514401906500216,,0.07193524311646994,0.21875,0,4
0.93443895975220281,0.35580077929992693,-0.015153743655833737,-0.34139919219358583,0.9071017598082417,0.24619705303345737,0.10134309086853927,-0.22488264228783139,0.96910132345944888,18.563868860290828,-11.368448379714986,1.699960515139217,,0.2653261303557225,0.5396825396825397,0,5
0.99577947381403553,0.050474613434556163,-0.076652155411808004,-0.040358033920168374,0.99092350353662551,0.12822573546990967,0.082428566824507957,-0.1245910251074805,0.98877834110276019,4.4693121772243503,15.788884526540032,-1.4131944692902323,,0.09039810372897494,0.3333333333333333,0,3
-0.40500376968680918,0.90770900871820104,0.10971008172130189,-0.91078507227483607,-0.41105898611788194,0.038743542082008239,0.080265177136759944,-0.084231024115581352,0.99320825405130653,-9.405280411596209,16.307778131672965,-2.5527759274985824,,0.297113445721849,0.4042553191489361,1,4
0.39938866816279861,0.91149569064987956,0.098307159809680994,-0.91157173884092546,0.38341361316023292,0.14842832004017106,0.097599470744866731,-0.14889461766670917,0.98402476398727234,-4.4146639162007091,5.3583946900640722,-1.5077932279879243,0.4789828522576552,0.2596087540315412,0.1510204081632653,1,2
0.69474519660140399,0.70255624897655577,0.15409032683224971,-0.70865782070092431,0.63197375801732503,0.31370888150780363,0.12301709214045856,-0.32714505376278069,0.93693271308021608,12.498780357873423,-2.9217672133000887,0.36397475926326744,,0.1503658633713134,0.2,0,2
0.56067084842495707,0.82803869444365763,-0.00034674267683831324,-0.81649549163334589,0.55292444472991986,0.16616157968234543,0.13777994000891997,-0.092878840023736295,0.98609847845282939,-3.2303134964495936,3.6429291803203334,-1.3828616282325088,,0.1318780943085671,0.1543859649122807,0,5
-0.51602915343340694,0.85509355878062299,-0.050288353907144701,-0.85499548184613972,-0.51063235649596683,0.090759696573220569,0.051929171276736241,0.089830964768640276,0.99460231195148874,-7.8081156050163614,3.018876798781819,-1.6481628540104964,0.4451453995088139,0.4012635030587574,0.9689601655457838,1,6
-0.82995705870760295,-0.54325371279057411,-0.12667550765906593,0.54544361747814896,-0.83791416581824452,0.019776523290681608,-0.11688687203350086,-0.052680682041645395,0.99174704682487058,-6.4635230146422895,7.2656038724536094,-1.772181694239217,0.7851684492358793,0.303260773327112,0.2396694214876033,1,3
-0.67991410679802644,-0.68557242913803895,-0.26020617168470661,0.7241151616696101,-0.68367570274698275,-0.09080069445557,-0.11564618462031787,-0.25015590714430103,0.96127414513424603,14.885284130124596,5.7364736533089085,0.087669979951822186,0.7183774498901641,0.3112406948486439,0.3846153846153846,1,3
0.98355019522210219,-0.15778565949627907,-0.087935767102408524,0.17106796627945761,0.9699622547570842,0.17294211534372886,0.058006589208254161,-0.18514024414988087,0.98099863690249212,-9.7150942092548718,5.8313040252039299,-1.9396729035582028,,0.07275817173713764,0.3297872340425532,0,5
-0.26023615304508207,-0.95709891006233394,-0.12743163267332436,0.95898757370638532,-0.27156324111545793,0.081217236788798677,-0.11233867599823609,-0.10106969096796617,0.98851653473404444,-8.5787906994854755,-2.4014041884469099,-1.4361225063797463,,0.1073614071630343,0.3559322033898305,0,3
-0.42952373117639941,-0.86845960923603449,-0.24756266172809505,0.89416210400458762,-0.44737960300518442,0.01804501529544494,-0.12642585225496225,-0.21361038818493475,0.96870382777249742,-7.4787886838810937,-5.8807540380626859,-1.1106242275798537,0.4814352123501487,0.4294772029606904,0.5119617224880383,1,5
-0.53817949578838098,-0.82408790512963115,-0.17675393894343236,0.83358757898461966,-0.55141390642130961,0.032778834142632232,-0.12447722070934522,-0.12969899160843837,0.98370909983603882,-23.337845872449972,8.20993231374276,-2.9851184999350733,,0.1597786081790992,0.3333333333333333,0,2
0.27338350323803529,-0.9483522946774624,-0.16090178786231912,0.9608652145491432,0.261464246052448,0.091512225990049212,-0.044715764856793488,-0.17962286384593842,0.98271874265074199,-17.114332923865319,-13.203250674670267,-0.98274287101770774,,0.3458666060166832,0.2,0,2
-0.45577290783159818,-0.87973188968074534,-0.1354358104988285,0.88184456501654995,-0.46696046170355698,0.065559822729871223,-0.12091823533901268,-0.089552942354485812,0.98861471305972015,1.9640445227403176,3.3950482882896438,-0.97465052282506148,,0.09027082022651393,0.335,0,4
-0.72231737381016436,0.68547066598784667,0.091583718870578396,-0.69141877286346565,-0.713114975577266,-0.11578908471619564,-0.014060299568866104,-0.14695917010385312,0.98904262309488999,10.654611911223054,-20.51701244867543,1.813424161624934,,0.5831837890071726,0.2727272727272727,0,3
-0.9633783600232424,0.26651098701103915,-0.029563985545422868,-0.26310158562697811,-0.96077779166453536,-0.08765609325533967,-0.051765732676145884,-0.076667651891919736,0.99571199655014786,-14.038062363994097,-4.3930786993955362,-1.559638359442429,,0.3103458633649255,0.4444444444444444,0,3
-0.027758674986261653,0.99961232795886956,0.0021563292090092958,-0.9944590005327627,-0.027834249002876111,0.10137332411352264,0.10139404431418306,0.00066960816633322175,0.99484611845376258,16.817497671158666,-3.1850961930784898,0.86807694076843334,0.5437674484560308,0.5872688918569144,0.9710982658959537,1,6
-0.99207779608594271,-0.084411005047424187,-0.093039930890679065,0.085753091253839953,-0.99626092656302501,-0.010515395579484259,-0.09180443264717221,-0.018410552155386055,0.99560684896984519,3.4583597759231965,1.0768191325011007,-0.75599350870119175,0.6674520071695258,0.6573924041651285,0.5454545454545454,1,5
0.48532270251787968,-0.85494494854447411,-0.18311474375108788,0.87332195520047684,0.46393043973905052,0.14858435196327305,-0.042078937552608789,-0.23202948528541809,0.97179816884609616,17.848132282553458,-12.02667106468008,1.6815366053400949,0.1341441473541488,0.1408318459680726,0.5,1,5
0.66404793724368605,-0.70968969112118196,-0.23533142450324898,0.74733152396458713,0.62025122168950908,0.23829396820196797,-0.023150169139222746,-0.33410921015289929,0.94225002274334402,6.8475277977907618,0.28566149709251104,-0.43564725617839312,,0.08966415540188176,0.1875,0,5
0.90715340941467626,-0.40462448427940195,-0.11554963655918545,0.42012135654428384,0.88646509485725655,0.19410739649768333,0.023890114330467272,-0.22463005658492338,0.97415122035335688,6.7330903419511001,1.2645964932190603,-0.45344278327611692,,0.07040129430810371,0.2647058823529412,0,5
-0.18264690236676429,-0.97661319621584075,-0.11343180344552491,0.97677727051789809,-0.19338999401674994,0.092230548159516826,-0.11201014621644402,-0.09395198343451816,0.9892556555073565,-6.0620760998896444,-4.1986196259571438,-1.1420212216352112,,0.07037087376352726,0.3286713286713286,0,4
-0.67580487565062441,-0.70735393345039199,-0.20721530561013912,0.72754061205319975,-0.68523994960775603,-0.033628399825385728,-0.11820502468211837,-0.17348378683271565,0.97771721261624589,-0.86131114962212729,19.104807227591721,-2.0375378838438536,0.8284320640295973,0.4205117221486807,0.6538461538461539,1,5
0.53551307740565224,-0.83183966441968582,-0.14583729504373574,0.84341325574389581,0.51790709011259495,0.14292069845402849,-0.043356936734632992,-0.1995370108758022,0.9789306192615187,-17.374276680743332,-8.2701157435364188,-1.4090733376650657,0.5496760412388157,0.5177654651745583,0.9464285714285714,1,3
0.22829691565096746,-0.96788966632240814,-0.10521460036778839,0.97028375608805251,0.21728803867253632,0.10646755807054009,-0.080186975101425167,-0.12639423276455561,0.98873380995490578,-11.664229313782331,12.156675878695594,-2.4184354775837007,,0.08017682941070488,0.2926829268292683,0,5
-0.054572803938916559,0.99660767521363824,-0.061603171797490343,-0.99412854617826907,-0.048456714217655843,0.096749059533975057,0.093435768010568646,0.066521339076231409,0.99340055803476357,-4.4334600916289286,3.7149505886782843,-1.4751286430077597,,0.07325453410793452,0.4954128440366973,0,3
-0.99793897086912442,-0.035778759753471966,-0.05326998001853251,0.04105165358053036,-0.99399543171248894,-0.10142900705915146,-0.049321112710234323,-0.10340677968684948,0.99341555542271354,1.4713577950875805,12.635319952066565,-1.5048003598045121,0.5560429274931229,0.3310170891396255,0.2380952380952381,1,5
0.22275956399984248,-0.9485784850718052,-0.2248933843079417,0.97355984756315594,0.20448756991569908,0.10181383482993137,-0.050590511555078876,-0.24162717440066947,0.96904948724600437,-16.811333566548935,-25.775578718692731,0.4115715731830567,,0.5487778925682194,0.8571428571428571,0,2
-0.39784912183221516,0.91646077162954298,-0.042611387228286945,-0.91547537233544352,-0.39351775999740723,0.083956031432560682,0.060174071697181065,0.072411508966507804,0.99555796137873209,7.0882545046324639,3.4073840032025289,-0.44586615237230315,0.5365125592866531,0.4819550838025234,0.9528535980148883,1,5
0.86439422639360197,-0.46547209517991806,-0.19015349059700148,0.50222604195096043,0.81755545057250256,0.28173052377309815,0.024323325506165935,-0.33902627309400263,0.94046241923232221,-22.193290015336924,9.3363733222614282,-2.9829448333788462,,0.2282415666576445,0.32,0,2
-0.966146764786463,0.25391521240009368,-0.045689099405292893,-0.25458523516557363,-0.9670046453341824,0.0094007413432109482,-0.041794580131173674,0.020714265951937323,0.99891147368409561,22.325278263878229,-13.969278717419366,2.332228581585353,0.4103884977532807,0.3413983892958554,0.8409090909090909,1,5
0.98581179545847542,-0.14555829511014559,-0.083593580253298855,0.16287666630756512,0.94989706535418683,0.26677098193776194,0.040574567249338181,-0.27660142435665686,0.96012778135850096,-9.4100855858552812,-10.016052751030642,-0.85543870520828191,,0.101606664051355,0.2985074626865671,0,3
0.98386759129194312,0.17026504051508842,-0.054903358583848025,-0.15053318745895733,0.95374984755915215,0.26019413474239128,0.096666034773532097,-0.24773179904745884,0.96399410447464517,12.567295458117853,-12.945513056804366,1.1723350179931924,0.3762416543232029,0.3355452427074898,0.4242424242424243,1,5
0.94943356922322419,0.31396235881478674,-0.0018801275236536956,-0.29895383557484312,0.90584448784405125,0.30012058915982237,0.095929671255246859,-0.28438249082882078,0.95389941664876632,6.8135466929538264,-8.6048040885573158,0.14103914421058164,,0.09502955610368949,0.2894736842105263,0,5
0.86314605738901529,0.50492515124118886,0.0054291120693030857,-0.49121435421691201,0.8371199586567819,0.24070445162009185,0.11699291356770425,-0.21042995619096122,0.97058327397107425,2.7625551347698059,6.4465632346098447,-1.0330831286368038,0.333697586740041,0.3766018087582017,0.4972375690607735,1,5
-0.50826143373146415,0.85668715169342713,0.088076325449241988,-0.85898876968818538,-0.51162532934166238,0.019437487636372808,0.061713924934452255,-0.065777249102100199,0.99592406586533821,-25.234423403408968,6.7080482280801688,-3.0760139084319045,0.2881934994237814,0.2219025200011846,0.1785714285714286,1,5
-0.99632908298830747,0.021172826043311076,-0.082946186344032349,-0.02654665109514209,-0.99758201707264371,0.064229234223282708,-0.08138570947845844,0.066195397503272094,0.9944820439012827,7.1356777232086959,2.2102525397854627,-0.41699942582618682,,0.08555652241808447,0.3333333333333333,1,5
0.56414734733006955,-0.80500298978956641,-0.1835972683083979,0.82478849905403373,0.53913745573158822,0.17045449731662776,-0.038232215847903483,-0.24759036786016006,0.9681101731798043,3.060870836552545,-28.423864002302768,2.2181078073027929,,0.821444596605338,0.4375,0,1
0.45059302292206188,-0.88620407877911656,-0.10774162820941743,0.89100796333026033,0.43894541688470562,0.1158953419166376,-0.05541423080780486,-0.14822028117356276,0.98740063361981389,4.7279229314164981,9.7293530148363985,-1.0426575457687353,,0.09259155755132586,0.5490196078431373,0,4
-0.057081741640400453,0.99732772644370238,0.04559693890968991,-0.99397247084564966,-0.061052728381411327,0.091056529464827327,0.093597019035287318,-0.040124436741479905,0.9948013005640306,-8.7130433563761596,7.1865114289779735,-1.9709866275165935,,0.08524605407469114,0.2704918032786885,0,5
0.41968758162145303,-0.88622744867809256,-0.19612048093520423,0.9036972501715661,0.38779045176308985,0.18152092318443405,-0.084815174733575679,-0.2534156165884377,0.96363214527329655,-14.20997045835299,8.9909663590859417,-2.3920873717302333,,0.1955464698770131,0.3611111111111111,0,6
-0.98014818894366407,0.1909348752916791,-0.05341723605548282,-0.18776680492644982,-0.9804314031427096,-0.059142968299967416,-0.063664390974616319,-0.047938889525825742,0.99681929565637051,-0.7153935263147243,4.1828266816715924,-1.2200135790260809,,0.1270720242356251,0.2406417112299465,0,5
0.11555092003279141,0.99123301302337918,0.064071044725123191,-0.99248357020041755,0.11259811436721988,0.047937746329787249,0.040303197910438765,-0.069128709907966365,0.99679329537505013,-7.9631164968988575,14.338780259316641,-2.3061250354891625,,0.2933448857735785,0.5102040816326531,0,4
0.99456595287758898,0.074088215401639637,-0.073140287908205787,-0.062810472579790166,0.98729071942563684,0.14598588928493517,0.083026561478832819,-0.14059861903521734,0.98657925095472832,0.30467837599468423,-20.328799891442571,0.9793761848370286,0.1464454923240746,0.1208133622569869,0.3823529411764706,1,5
-0.084331914085615509,-0.9908742103138477,-0.10514954874637503,0.99206375672093716,-0.093369541592910846,0.084211824012260961,-0.093261089782388201,-0.097213312039245076,0.99088442368167373,-4.5603300215101585,-11.143488516532631,-0.42914828003254463,,0.1058898037522257,0.4027777777777778,0,5
0.95733166071618003,-0.27457337859062053,-0.090141839118883238,0.28548574791166087,0.94697297842204053,0.14744512836242143,0.044877378819651433,-0.16688809995869405,0.98495400042969339,4.1217220666313423,-3.5059562465942986,-0.46538343722279379,,0.08237547942137727,0.2201834862385321,0,5
0.079546981815181203,-0.98008022726514687,-0.18197534395624579,0.99354618230225911,0.063144390690102817,0.094227223014278452,-0.08085951593165866,-0.18829639945648016,0.97877791384717316,0.097297017720720386,13.591558423823768,-1.6989341092390728,0.3335345532271402,0.3620888147432188,0.8252427184466019,1,4
0.98742081891006228,0.14306933016511353,-0.067314880591799048,-0.13113759320059551,0.97887563209863104,0.15686117599030219,0.088334919666785638,-0.14606047942414552,0.98532394587660943,-16.419085297567353,10.296158661551262,-2.644788551751506,0.3247015710473282,0.2470917064087085,0.3809523809523809,1,5
0.75337928344308858,0.65533116845368522,0.054412451993155468,-0.64857379174578422,0.72685329997364512,0.22591218864399318,0.10849742826111473,-0.2054880531090576,0.97262683907559055,11.981570024196701,-5.8290720521325214,0.47263342800270569,0.4542104628633916,0.2839018755521194,0.3442622950819672,1,4
0.29728708046106966,-0.93337804470330121,-0.20106172548940107,0.95231272405070688,0.27471330018265561,0.13278960167827755,-0.068708568621788355,-0.23095027250167055,0.97053650329565078,1.3495191799761248,-13.008288886778164,0.11971324939624431,,0.8007650740436095,0.8360655737704918,0,2
-0.061294507346745235,-0.98804598051702019,-0.14145007512646096,0.99330112095079159,-0.074291445985264409,0.088507989307862356,-0.097958493695145754,-0.13507746458081082,0.9859808375802237,-3.4327881230813393,-12.195807898562109,-0.26976290093969163,,0.1018065532930664,0.5063291139240507,0,5
-0.89100469639868451,-0.43558085821717812,-0.12798416679525521,0.44745443599709833,-0.89022936824189447,-0.08530064258935631,-0.076779936845556673,-0.1332703563228716,0.98810113522026077,-15.100852562566992,6.1898343971981236,-2.2903821337171011,,0.1353361056703992,0.25,0,2
-0.99653359033724209,0.041664087344899028,-0.072006299413884922,-0.03323029144505741,-0.99285666621760416,-0.11459226883930869,-0.076266316680707574,-0.11180225477592333,0.99079952804135762,15.582762978609399,2.2051005581824374,0.41850677745644282,,0.3703807003802769,0.3035714285714285,0,5
-0.70653565934316365,-0.69573132935806592,-0.12948080717303101,0.69751320106616477,-0.71553095258959465,0.038610752707754298,-0.11951023560746987,-0.063034698665782651,0.99082991999089387,9.3754222959989963,6.7082358165265186,-0.44208305842201556,,0.07454327669623255,0.1538461538461539,0,3
0.75220901196503598,-0.64134382207131557,-0.15119425984322893,0.65854904804961134,0.72397641564294613,0.20535652145900612,-0.022243058052700018,-0.25403986199757966,0.96693794779433251,-1.81311309096494,7.8238156429258039,-1.5083691289819205,0.605385966616624,0.5112242984200177,0.9152542372881356,1,5
0.73668900103305113,0.67038764492129721,0.088711449620679853,-0.65953959135095608,0.68332772417550069,0.31316249586076705,0.14932127510016635,-0.28921207946765953,0.94554721187915991,-10.172499877159295,-15.259421391664903,-0.39646175842859899,,0.4185524529865332,0.1212121212121212,0,3
-0.90533799546765359,0.4240269322127771,-0.023754467386832876,-0.42368025301482659,-0.90562589103110969,-0.018351803709751226,-0.029294319720786798,-0.0065502864311162059,0.9995493667547225,-0.53887269920925374,14.583505662423642,-1.791183565381977,,0.07813514050748543,0.2631578947368421,0,4
0.029141190787758814,-0.96495822080703442,-0.26078041164242816,0.9948882519644523,0.0027648565396845705,0.10094415124925081,-0.096685868163801994,-0.26238900065596837,0.96010616872936216,-8.2784825616330586,5.5347317033482799,-1.8531966855113269,,0.07728210225673877,0.2571428571428571,0,5
0.89247782623819083,0.45011277700024976,-0.029695414701209569,-0.43734882288514959,0.87953690126933293,0.18745891930370515,0.11049586776946611,-0.15431567414447087,0.9818234749277539,0.83609837577354695,19.753775311497964,-1.966644248781851,,0.1024666262648318,0.1333333333333333,0,1
-0.072135915724979266,-0.99085931326668442,-0.11399224085522809,0.99167043715799053,-0.083479214314822345,0.098086517137997722,-0.10670592171665756,-0.1059671745874995,0.98862773791783909,-2.9691836511723997,13.171975675042036,-1.8547936547163355,,0.06782642671585319,0.2790697674418605,0,5
-0.84155789996980557,0.53915497326963358,0.03304868828004752,-0.54006062397695676,-0.83860232917710686,-0.071278720024643166,-0.010715569421684185,-0.07783346515061694,0.99690878633635127,3.7159840090004197,7.7837938939018594,-1.0033967537575068,,0.1018237571644425,0.2580645161290323,0,1
0.6944607056636759,-0.70986908780674451,-0.1175168348175321,0.7188964633756797,0.67767630892090558,0.15473427310482438,-0.030202702446148397,-0.1919393094281599,0.98094194438875526,1.6286490780182348,-9.2683612334641268,-0.1766433138071116,0.2873581616503021,0.2268058438792739,0.6180904522613065,1,5
-0.7596080319189229,0.64683126319201356,-0.067859817283026216,-0.65034826220470954,-0.75437452867859689,0.089253618012157643,0.0065403128041627914,0.11193027936340351,0.99369453901591664,-7.0586280193470197,-2.2417490514172447,-1.3522028251172169,0.1879365272635556,0.1349599185069502,0.6519916142557652,1,3
-0.19869419816902309,0.98002515952799296,0.0084440692857643967,-0.97413453638215397,-0.1984313697063663,0.10810595054844474,0.10762211966643444,0.013254365642656378,0.99410351631503457,-20.731200438312264,3.548791098092356,-2.5007002978224446,,0.2179261169349816,0.9642857142857143,0,4
0.99431254581109652,-0.071103124759472155,-0.079290017606855917,0.088621027942648894,0.96528404988295291,0.24570921115813665,0.059066696615307973,-0.25133851414179342,0.96609527307608301,-6.7716547312095763,20.259528566101867,-2.6373379551190981,,0.1786844037392996,0.1764705882352941,0,4
0.94797096462683272,0.31453899811196456,-0.049155558090572822,-0.30193036492200082,0.93723302594982627,0.17444858786187109,0.10094109649959991,-0.15053064052097531,0.98343857017192748,14.731745673464815,-13.870930646981046,1.48160519928038,,0.4162877268171868,0.8153846153846154,0,4
0.77575170340138389,-0.58282471517013612,-0.24191867653552956,0.63070005949717511,0.70354780191779753,0.32747202226586664,-0.020657434983857741,-0.40661510277347801,0.91336598829625937,6.9603906734377157,9.1483577050585048,-0.80643031788368613,,0.4408889873925573,0.2428571428571429,0,2
0.69010434559325806,-0.7091423571181894,-0.14447529039306156,0.72352005843396572,0.67146388723217731,0.16017169908184403,-0.01657459613420147,-0.2150659561248883,0.97645886614801958,6.0252025094782322,-19.063670198765927,1.2121906757518961,0.2819559422375768,0.2270977937247337,0.6190476190476191,1,5
-0.9923840468634525,0.10013443299726076,-0.071742587486339007,-0.10472376093354512,-0.99248187059507964,0.063345642596992172,-0.064860137425475917,0.070376358732242239,0.99540962960217527,2.0230718494301763,15.86558477306373,-1.6024954407003451,,0.09862118624421713,0.5,0,1
-0.25510292104008198,-0.95610666059253613,-0.14416155259779567,0.96024763758321041,-0.26798980268217848,0.078140515574383063,-0.11334449343784216,-0.11849691653775789,0.98646414358473411,-12.097522806193876,16.118086385478655,-2.7328678764875853,,0.1197177021731387,0.7058823529411765,0,5
-0.78329118543433995,-0.60194179292495231,-0.15530935822145656,0.60980475222182284,-0.79254256878885576,-0.0038001085831093832,-0.12080183354795533,-0.097684976264808626,0.98785857410035993,15.744230682775948,-19.376381432710648,2.1968795791392552,0.503616035962795,0.2497005642848897,0.53125,1,5
0.83577657657635407,-0.54045794714150164,-0.09686444867908281,0.54896124623426978,0.82601150500555254,0.12785360273131979,0.010911653368128146,-0.1600318748564005,0.98705153606623708,-17.867172035756596,2.6943963470136336,-2.2609738900425103,,0.08351879535304135,0.3529411764705883,0,3
-0.0035730390827781342,-0.94460856585895836,-0.32817966222420858,0.99449137056735826,-0.037736314821987728,0.097790001588677969,-0.10475756420789262,-0.32602243458010438,0.93953990063844106,6.7151485447339967,11.011006710744116,-0.94202382089390113,0.8676996840729649,0.442382633601957,0.1428571428571428,1,3
0.25283252608656542,-0.94421943598343161,-0.21101035629517542,0.96370078509918322,0.2264403539551896,0.14144102269096737,-0.085770102902494719,-0.23911173708494332,0.96719649846156752,-7.3429109560146983,5.8263269358132517,-1.8093475316741268,,0.1572842341577199,0.3282442748091603,1,5
0.81487978101812575,-0.56401141488044904,-0.13364904179381512,0.57959285830189333,0.79548178126842806,0.17686394283586965,0.0065620951907688872,-0.22158488115068226,0.97511900778937988,10.92875174172659,-13.779163204415925,0.94465305273553857,0.4749081289351727,0.4037216127591455,0.8285714285714286,1,5
-0.12534497153452454,-0.96604420922330037,-0.22593632717457984,0.98640224459672543,-0.14574872311064282,0.075946833812608999,-0.10629793020351865,-0.21334454653856683,0.97117704590702847,4.0445406220581832,2.9909941619383131,-0.82009812975619112,,0.1211805533872368,0.1842105263157895,0,1
0.99432300199777501,-0.028755707385970657,-0.10244450688478282,0.05437673239534855,0.96489730825963149,0.25693648142551351,0.091460038662459248,-0.26104845107000929,0.96098322957365456,-5.2753328394627657,7.2077215413499047,-1.6715678024754832,,0.280283049547268,0.26171875,1,5
-0.2803493096740638,0.95699959168338156,0.074538889736285557,-0.95714601433615443,-0.28457736289773039,0.053732967223004809,0.072634508366828957,-0.05628060095641936,0.9957694121383196,-20.146497241576654,7.2904390209856897,-2.6947543771846698,,0.5735849101802502,0.1428571428571428,0,4
-0.76514303256282201,-0.62856860599919151,-0.13949067091673539,0.63260592336987376,-0.77424405542427743,0.018865003512242164,-0.11985777170428648,-0.073808198680099399,0.99004366791050247,2.1234332295458422,-7.3653355019762943,-0.30809345136298782,0.2252634532069296,0.2161277172312003,0.65625,1,5
-0.73539363489862786,0.67510533225455638,0.058557596535786779,-0.67585760468178502,-0.72445172291373539,-0.13559572029057262,-0.049119242099024768,-0.13929282655178113,0.98903225858757104,11.139877220497018,3.1727852935593064,-0.078496492827013528,,0.2946753227662009,0.6,0,2
0.91349566389623715,-0.38784285973841648,-0.12289665655622727,0.40603135829282494,0.88820842510786435,0.21499844104153482,0.025772235557978487,-0.24630004002706474,0.96885090811590291,-1.4686364299509829,-22.882249877548581,1.1980175519970278,,0.125763026751588,0.2352941176470588,0,5
-0.9069732840853868,-0.41082532459112336,-0.092854804022008589,0.40755975837824798,-0.91166038542860306,0.052634446808476704,-0.1062756101183684,0.009894155586432328,0.99428748376875353,7.5549293991382793,-16.851764015778439,1.0363519941105506,0.1877441812094631,0.1592204208452274,0.6333333333333333,1,4
-0.25280560266506019,0.96740904492511015,-0.014459151366565528,-0.96423431846739194,-0.25068965208894828,0.086063217609184617,0.079633575524897471,0.0356992735585413,0.99618474969079529,9.5800456586732032,2.1979151836265287,-0.15392818202661943,,0.1242828332102862,0.2916666666666667,0,5
0.59198306559725689,-0.7953406538584411,-0.1303429874066902,0.80527290732241785,0.57706914169049361,0.13611300614230992,-0.033039291435709252,-0.18553827106185763,0.98208144020381638,-8.6066182253399148,-0.37193906366160601,-1.5564896663756218,,0.1154891556937359,0.1827956989247312,1,5
0.68399042840675583,0.72815556910006718,-0.044119848554820595,-0.71869595602800374,0.68300129928189923,0.1303278480150406,0.12503286222804197,-0.057434243860220661,0.99048881416968493,-6.7298162651608369,3.2838121931124262,-1.6286054913670371,0.1897090978092685,0.1273169232891884,0.556,1,5
0.57800935126007147,-0.80907967210262999,-0.10627922678591492,0.81423974774375441,0.56320620591154735,0.14075653738603675,-0.054026133029288131,-0.16789536566868171,0.98432328182202478,-15.720135716162652,-8.0478923796551705,-1.3169165252283546,0.2772732053682612,0.192394762457512,0.375,1,3
-0.6454542504756241,0.76244316806217571,-0.045488746061695659,-0.76341333365367081,-0.64209108853511654,0.070136410113292455,0.024267108248435015,0.079996559295410455,0.99649970293932166,7.6616321533594567,-6.6227670257037596,0.050003746629401477,,0.07098855621300296,0.2682926829268293,0,5
0.2368582284324513,-0.96449983478102708,-0.1167829111266364,0.9681606920719471,0.22429871077976141,0.11115287971665569,-0.08101267771533778,-0.13939209823339335,0.98691782281985518,-3.7213269274843737,12.54488619903972,-1.8863853781138125,,0.07630004394025422,0.2926829268292683,0,6
0.86278213262929415,-0.48803435473341883,-0.13202068101469686,0.50525272548904421,0.82297924810062351,0.25966293648040373,-0.018074152858191039,-0.29073635100494266,0.95663247864725531,4.1395752773335177,3.9253396856548446,-0.81489543590228575,0.5571616429587722,0.3530312591080791,0.4214876033057851,1,5
-0.58085544573770342,-0.78957140164316653,-0.19794936944608177,0.79122388531153476,-0.60478059297462228,0.090582546187362653,-0.1912373249901165,-0.10400690394638044,0.97601785304476651,21.933297639609201,-6.3937372716084653,1.6130232354786755,,0.2054587051341827,0.2,0,2
0.54345327538677768,0.83313530490481758,0.10268447396047847,-0.83045270550797734,0.51574634779675954,0.21060391413453092,0.1225024137960722,-0.19972798615982923,0.97216350999133627,13.69224931993741,3.5026510616880548,0.13817064302322674,0.5603140033608995,0.2667308211893791,0.4,1,4
-0.21699799378982706,-0.96606803426584298,-0.14008720091757071,0.96958411390983468,-0.22994688205000841,0.083851520494022086,-0.11321888863997043,-0.11763071284834244,0.98658223106334142,-3.9900951065593788,11.319484782417508,-1.8402845832443118,,0.07546550596448634,0.34,0,5
0.99824194785824105,0.032467081893958652,-0.0495873182323412,-0.015876238150172178,0.95252209058272297,0.30405527789222375,0.057104803636677567,-0.3027334727862272,0.9513629622054911,-15.386658779348105,-6.0440698251969085,-1.4940130090404256,,0.4372348649008926,0.3333333333333333,0,3
-0.63232994887584726,-0.76187864993296661,-0.14035582827581256,0.76458418589523758,-0.64292741271961429,0.045336129660350673,-0.12477923879230048,-0.07864645414755557,0.98906262532583411,-8.7581165979059943,2.8191818886301179,-1.7055165150866083,,0.08333566628762461,0.2142857142857143,0,5
-0.56945243694957359,0.8209900825436961,0.041221431526417177,-0.82116960375101722,-0.5704307955330763,0.017005569173041638,0.037475377617704378,-0.024165923785294592,0.99900530739331606,-10.412586178375623,-1.2630851577713116,-1.6034113973521331,,0.100683875623727,0.3181818181818182,0,1
0.80577178836298102,0.59220447634288842,0.0050678671814230183,-0.57185706460193253,0.77580450167272752,0.26665871980715744,0.15398481335243525,-0.2177641691917574,0.96377769421845372,6.4448607684771115,12.702304170615808,-1.0753771375942622,,0.1751694749287254,0.1111111111111111,0,2
