axis_00,axis_01,axis_02,axis_10,axis_11,axis_12,axis_20,axis_21,axis_22,location_x,location_y,location_z,dbh,dbh_approximation,score,reconstructed,number_clusters
0.84736125037054866,-0.53090916375096442,-0.01069444789190859,0.5143269247619946,0.81555254630973395,0.26522039641132422,-0.13208605465881251,-0.2302379292231449,0.9641285029038964,14.169859456407568,11.165340635518643,-3.2601686143369895,,0.08073452757140058,0.1666666666666667,0,2
0.2127996756052957,0.9452706659508483,0.24734523677467385,-0.96532142403962429,0.16420719836979072,0.20295453750447556,0.15123110246372037,-0.28195631593632159,0.9474332639037033,4.2166593241691341,-35.503742102172559,4.5948540764105363,,0.4463890989688206,0.1818181818181818,0,2
0.95981870858945173,0.26380106502167733,0.095692448683814102,-0.27932955099792384,0.93081299216154234,0.23571630313275627,-0.026889562677252232,-0.25297464639110367,0.96709915712005512,-11.458147600920281,14.193368497086194,-3.431211130379034,,0.0785501200706773,0.4210526315789473,0,2
0.93956714938497154,0.31779730756923324,0.12735165133732707,-0.3422980545653318,0.86463813495784181,0.3677403124725569,0.0067537868923393009,-0.38910893960222859,0.92116698783892692,-5.6550277853493665,7.1670030777698948,-2.2071499825674628,0.9454596902189631,0.5713210409351694,0.7521367521367521,1,2
-0.29456167746518336,0.90017844647659251,0.32079928719977474,-0.94299518067435073,-0.32821189887086788,0.055109333733277775,0.15489837763464115,-0.28627908400469193,0.94554258426978788,-24.695948328086629,15.992260549559953,-3.4949511110000033,,0.2868532503489524,0.25,0,1
-0.98169908206692003,0.18931626828135684,-0.020646133608707855,-0.18708041112503346,-0.9789731744245963,-0.081316932617492274,-0.035606629189741328,-0.075966270943430378,0.99647443200349817,-5.4007024089431548,-30.422567231800848,4.086573869041171,,0.2260402511638793,0.2777777777777778,0,2
-0.14782885466306597,-0.95587259398478552,-0.25387834448373747,0.98050379372012675,-0.17524651316516121,0.088887401378890327,-0.12945632556752529,-0.23578855716987221,0.96314319604008269,-8.7038839723264836,-26.233932843031607,3.5820030743597671,,0.5132202373190522,0.25,0,1
-0.53883696736106124,-0.83967400882007726,-0.0678401173138483,0.83737334491453164,-0.54266873176156194,0.065700295242471493,-0.091981540712170254,-0.021405758111311683,0.99553060710753483,12.564249343715051,8.7993153404134929,-2.8179828650678371,,0.421455084051007,0.4516129032258064,0,4
0.97651790226834423,0.20442578049701599,0.067991814342735823,-0.21425634930818299,0.95452080586481591,0.20732642849456273,-0.0225167344559794,-0.21702564696221266,0.97590617644836697,-2.1056534836178185,15.697929791541831,-3.7568495442476473,0.8210525465791649,0.9110679773451039,0.8579545454545454,1,5
-0.84101693150411494,0.51920602128052007,0.15203824646928324,-0.51476496138332584,-0.85443651636385831,0.07039370736093209,0.1664558663893389,-0.019061662310659457,0.98586464465185508,-7.2142052093502285,3.318624151930393,-1.5546978441517323,0.2086459007140408,0.1709534871347392,0.407035175879397,1,5
-0.20818049520086063,-0.97805277147877601,-0.0085824017972508451,0.97169868570783147,-0.2078135981780346,0.11231728542824947,-0.11163577209656847,0.015042759553464203,0.9936353303770048,-7.4252088678313628,5.2924955941688259,-1.8743060329386703,0.2930949609667625,0.1731462608632027,0.325925925925926,1,5
0.99616071436534281,0.048151892347099795,0.073111055378265413,-0.072217489191298126,0.92404659572290504,0.37539648798012931,-0.049481970555296378,-0.3792351304880705,0.92397632566730925,5.9339309829485751,14.239944497860224,-3.629146273965274,,0.09999914607846287,0.2,0,2
-0.95745595478107159,-0.28147304507887927,0.063647620130594385,0.28699016494819901,-0.95185041455279662,0.10778419892856893,0.030244666922793262,0.12146486409530556,0.99213484311006694,0.38589508334101957,3.8908918366050966,-1.8343901885792786,0.3504873078846037,0.2654375397684076,0.5007407407407407,1,5
0.92593701284832752,0.33278617150064987,0.17858894785359966,-0.37757661566785267,0.82661285898147729,0.41730933450772317,-0.008749145005448742,-0.4538331691540497,0.89104371780360203,2.082472817261368,10.884127863706324,-2.9353016256820545,,0.1635203644725824,0.4736842105263158,0,2
0.31065105224860684,-0.94946884376461715,-0.044775422467169437,0.93775620804355875,0.29844310337164265,0.17760914482556342,-0.15527143334367174,-0.097162898115397772,0.98308196668295056,4.1428395058318976,16.278820577884904,-3.8591151804594857,,0.2764381269069225,0.4814814814814815,0,1
-0.99661944018187831,0.024195781148355397,0.078512773649769982,-0.034968771531812513,-0.98969099647541181,-0.13888454382350177,0.074342965162246699,-0.1411605315593816,0.98719138360338088,-9.1515247117555987,20.288836694209916,-4.727522625686956,,0.3902091004081111,0.125,0,1
-0.9655001793047423,0.23717400825804993,0.1075076442366823,-0.23241736634903651,-0.97106065046243795,0.05498527932861022,0.11743752203571202,0.028101653515015593,0.99268259050304397,26.344597150142977,9.2359403454659823,-3.1293579526680748,,0.1999246047776631,0.5,0,4
0.94250115333392936,0.32365294076035084,0.083308762452631663,-0.3336929828467417,0.92512099187877594,0.18110809916752324,-0.01845451606128579,-0.19849414178359567,0.97992831702861682,-8.7021109479966263,10.485037099851924,-2.807560942023172,,0.09397544753685645,0.313953488372093,1,5
0.20633276090151628,-0.97805596475688417,0.02886730992381388,0.96637515252808848,0.20831766733273796,0.1507408838151077,-0.15344659121359067,-0.003206131707604613,0.98815174156826857,-6.629322856328919,13.507078962139516,-3.2991283721754079,0.2562021745874186,0.2727282843282293,0.6140350877192983,1,5
-0.93600526834875275,-0.34705250787289049,0.058725585586822233,0.35084048734535395,-0.93333192605513748,0.076173934160448806,0.028374109019536426,0.091902516751953156,0.9953636709022502,-2.5497203412506968,12.410143653147093,-3.1812103783439163,0.152791466276792,0.236581361189809,0.7341772151898734,1,5
-0.6636690715567185,0.71006011131139446,0.23528281234185605,-0.732879188505424,-0.68020506663374347,-0.014462447283066299,0.14977135411911749,-0.18203215553916413,0.97181934320895835,-20.188677133439359,22.091939654023136,-4.7540445901197881,0.5195091026379646,0.2744037336055702,0.7021276595744681,1,4
-0.44156785985865304,0.87893373729075519,0.18025900973864192,-0.88363143499031283,-0.46085271149442492,0.082524332200862194,0.15560627312808059,-0.1228424346890897,0.98015122506827868,-0.43854289823262654,8.3698950410159778,-2.5207475989070947,,0.1023867734935024,0.3880597014925373,0,5
0.91512164758181314,0.38135454353456266,0.13084755348379068,-0.40296798042688353,0.87560710619820981,0.26632499380620678,-0.013006801214246242,-0.29644714149531382,0.95496068789318811,-22.107077242022022,-27.774180934580254,4.0418171958638629,,0.1184245187307898,0.3571428571428572,0,2
-0.69623460725701847,-0.7112894766673401,-0.09656423789358487,0.71492007171192995,-0.69919240628090806,-0.0043897679351728074,-0.064394586116197403,-0.072092020233984061,0.99531707405103276,-3.1340515506129214,16.899327061644311,-4.0429621901584945,,0.396067301682861,0.2592592592592592,0,3
0.96738696938386093,-0.24686689464810799,0.056737886752225422,0.231215857099559,0.95207517009928511,0.20023011238605762,-0.10344891924048673,-0.18058130248510468,0.97810465406354041,13.805029516618468,-35.252912392822104,4.1856985360488892,,0.1430035993365734,0.3,0,3
0.37634222942512485,-0.92642634696456916,0.010037430010263261,0.91319414470956539,0.37275158240151135,0.16472010164316644,-0.15634250995648122,-0.052825007970217969,0.98628927709544456,-13.448598290076839,19.381045921359899,-4.3328150843721867,,0.08656348990051579,0.4,0,1
0.80676696751667021,0.5621545357311748,0.18195971554392384,-0.59028410444918,0.75309114651199893,0.29054844876521885,0.026300877525053754,-0.34181281866266056,0.93939994722125786,-9.426759834663466,-31.276813844845048,4.3767368854473094,,0.3263065968685783,0.1666666666666667,0,3
0.95592615364913613,-0.29181695045270595,0.03237369608263873,0.27098548686768603,0.91933613423728344,0.28528571326431884,-0.11301351546010437,-0.26393927277715035,0.95789561310678217,-1.3456802096039751,17.666237037597455,-4.2043987778655527,,0.2772547191995179,0.4912280701754386,0,5
-0.80955957333070083,-0.58675626776245682,-0.018176343694031028,0.58569491527805029,-0.8094135481741368,0.042557892917643489,-0.039683289254409095,0.023807357552320895,0.99892864924394131,0.53937546479034171,-36.240157043154817,4.8400968129084347,,0.1984928082383491,0.1875,0,3
0.86789110749905529,0.48699572206137637,0.097980570614695506,-0.49661425119711056,0.84591462735760581,0.1944292383628953,0.011803009446565897,-0.21740195472065368,0.97601079863475027,-10.312322840940224,13.876465109847693,-3.3865585736789567,0.3401319761334756,0.1288430074835518,0.4615384615384616,1,5
0.81218307099730991,-0.58338610518020062,-0.0043944815454725642,0.56700771272411066,0.78756330554907417,0.2413426888554682,-0.13733503885298187,-0.19850615112708919,0.97043000523889322,7.6473413920235735,-29.617439661517857,3.5877015952336335,,0.1277802559342953,0.3076923076923077,0,1
0.25624875003177561,0.95645376372824498,0.13975970791765005,-0.96284564406942297,0.23981896479952836,0.12415768127272848,0.085234053075577673,-0.1663822766179045,0.98237065012333946,-1.9199456068060299,-38.602689325896783,5.2473919572683112,0.248785740588029,0.3274819786774302,0.5,1,5
0.95096554588486759,-0.30312647093432266,0.061472539875930002,0.28793569616759651,0.94020682665055166,0.18194548082373554,-0.11294939314744511,-0.15532374492846221,0.9813852295857225,-4.9557756572209426,17.213741432871441,-4.143982220407497,,0.1015421065368392,0.25,0,5
0.9833985708941313,0.16750117176082252,0.069789742957914958,-0.18095927786526236,0.93377329205912774,0.3087412813206914,-0.013453271641618992,-0.31624483631485739,0.94858221203347826,-17.141673997707358,-30.310540042924753,4.3865587549237492,,0.4976716713515356,0.4,0,2
0.45487422667628696,-0.8817052800386066,-0.12524071645312304,0.88075584223625547,0.42459225897401065,0.20973926667663001,-0.13175198014585501,-0.20571147943512619,0.96970315197809764,19.236642614926968,-32.688791084844006,3.5370277434735238,,0.46890171613142,0.3043478260869565,0,4
-0.34410571000597251,0.88398092186442512,0.31649485007027467,-0.92589607188812839,-0.37544183624188049,0.041951062697597206,0.15590934674809692,-0.27860573823782797,0.94766614280427663,6.2992609376767241,17.444278306746821,-4.1306835771692123,,0.2592003462739115,0.1,0,1
0.73078801487525702,0.67266974045290784,0.11603575997810767,-0.68049842612930389,0.704587125412797,0.20119362499361229,0.053579560937168709,-0.22599204185445892,0.97265452637009375,-0.57200524623352933,13.676990760425094,-3.4831408923496423,,0.09091729506305965,0.5263157894736842,0,5
0.99308864164895905,-0.1146803479020049,0.024967331313158852,0.10498380374083477,0.96308623851139796,0.24787758701034934,-0.052472381115514312,-0.24354325076881636,0.96846958353116397,-8.4371621381350099,3.7740919588485964,-1.6317277071626763,,0.3932018860975854,0.2805907172995781,0,3
-0.57482493592618777,-0.81745022873379025,0.03676161830669443,0.81482347584942472,-0.56769854218475346,0.11739279537504294,-0.075093250309965109,0.097434535686165766,0.99240491484751603,-10.884468923870141,24.072661400052073,-5.3503155727556519,,0.06593747479052421,0.4615384615384616,0,2
0.97043729356354391,-0.24129109012217642,0.0054835288559759122,0.22775196050716398,0.92303143689395095,0.31006775225848604,-0.079878055473363963,-0.2996524258756107,0.95069864832167228,-14.13249122132224,-30.287207337654088,4.2971919353544346,,0.6078355601088431,0.7586206896551724,0,2
0.91299707495106197,0.3882249770352415,0.1253702849035237,-0.40770885215058311,0.85735861635178023,0.31418099058570409,0.014485613858530861,-0.33796090036178228,0.94104866867649029,5.6377328574093202,12.842056480089777,-3.3683307745374944,,0.4613070817847761,0.2363636363636364,0,3
-0.89518063926038494,0.4374902380589713,0.085169916616564145,-0.42783889791611018,-0.89702431488878098,0.11091102708135274,0.1249219777432941,0.062846400862873394,0.99017414093445522,-4.9418217486887537,13.09204530424633,-3.3001526043009077,,0.09685658965643601,0.2380952380952381,0,5
-0.98510268105103016,-0.16178767894212326,0.058287689339980721,0.16080957236691726,-0.98675926844499484,-0.021128832742707934,0.060934302500667496,-0.011440851385302505,0.99807620836203592,16.497258761887135,-26.355149432552331,2.7546452420011009,0.9271565923362708,0.495079307233892,0.85,1,5
0.032747545142120513,0.97586314338082014,0.21591369497572382,-0.99183926612253503,0.0050975231091116013,0.1273926427846733,0.12321715978172874,-0.21832347709089192,0.96806631533499132,-9.2821685284821491,-27.411169216590789,3.7469443617811717,,0.1806018533384667,0.2580645161290323,0,2
0.88943624868842508,-0.45614383082094712,0.028913061461106126,0.43975475229610073,0.87128945901522459,0.21787711316692376,-0.12457494672709064,-0.18107314602930141,0.97554784528232874,5.4967018440768278,21.641414056044429,-4.885232778663755,,0.08869078494274604,0.1818181818181818,0,1
0.78745271187282351,0.59029383056182949,0.17740186065760066,-0.61524655826904917,0.73534334648726407,0.28415107832806458,0.037281350595520339,-0.33290142141113566,0.94222435996965204,10.357712546926312,8.8484836466393464,-2.794775674924713,,0.1214676731191839,0.5454545454545454,0,6
-0.89683840895891931,0.4293409891837664,0.10652315815230312,-0.42862152061949482,-0.9029612048178578,0.030735234759405535,0.10938217532060519,-0.018093578987827066,0.99383507792869974,-12.338166737280881,-30.461076261496824,4.2436056689958646,,0.2696099256333335,0.8648648648648649,0,5
-0.21555810386847338,-0.96700684709945905,-0.13576620168286277,0.96870564894034938,-0.22928429524325036,0.095068804903934878,-0.12306124315837581,-0.11102463518322997,0.98616908327869712,12.577132007842195,-24.167986679790864,2.6212096932452482,,0.6682951218267248,0.3529411764705883,0,1
0.98752429707916523,-0.14340217751145537,0.065050581575214261,0.12567075471653574,0.96664778688674236,0.22315671066750281,-0.094882158951390058,-0.21219771815911759,0.97260963614432028,-11.177500583513297,-28.781257779854844,3.9608200970086362,0.1977499850766125,0.1297362685871524,0.2,1,4
-0.12174840573577392,0.9780015855583335,0.1693818890737214,-0.9839382906238443,-0.14136553681246677,0.10900103323340531,0.13054794500498329,-0.15339062437811585,0.97950423705457612,-18.433075754945261,18.409330113513317,-4.0934136468827242,,0.2267610238162018,0.5652173913043478,0,2
0.94142254868122022,0.30392113798477877,0.14613530278680956,-0.3354576407843059,0.8883416513245368,0.31355586704991295,-0.034521820258832027,-0.3442107674202422,0.93825752942248475,4.3401748051733415,14.544420074603384,-3.5903779836112055,,0.1409003139808711,0.4444444444444444,0,3
-0.8840234280419379,-0.46522586767176111,-0.045469448226674182,0.46641614205183696,-0.88434193865709432,-0.019882604600334936,-0.030960638017680044,-0.03878437290030172,0.99876784655507866,9.0059036358572317,7.3677640686926686,-2.4954963748294667,,0.6416477102224776,0.2352941176470588,0,2
0.93784060509941714,0.31552675137336733,0.1445609511400921,-0.34670392863317911,0.87075265165700355,0.34869213570514673,-0.015855134722807432,-0.3771374932303419,0.9260215580119372,-4.9688622831050813,-27.068816824301415,3.5760447959262192,,0.2699021440999713,0.303030303030303,0,1
-0.84279684599390758,0.52083643628374499,0.13573092139218029,-0.51511000237748594,-0.85364258213990196,0.077175303097476194,0.15606140404785618,-0.0048732532018475831,0.98773533376600575,28.931664453343458,7.4725630735613491,-2.9015948725690337,,0.2685376115289259,0.3,0,5
0.96713842531003869,0.24297894505274414,0.074863198902233238,-0.25233764253914887,0.9533595705513177,0.16562380081374956,-0.031128450758180277,-0.17907194503680207,0.98334340799851472,-7.3919122049022885,6.5376088991929899,-2.1370600851178314,,0.07292733371622132,0.2119205298013245,0,5
-0.94971679422595645,-0.31262303937927222,0.017459840046201526,0.31235890041718156,-0.94982440793549061,-0.016294521170158352,0.02167782496797652,-0.010021443970878464,0.99971478060764785,-0.23900832064106986,6.924616696773076,-2.2685015255078218,,0.07367015174634234,0.2857142857142857,0,4
-0.99720253055072783,-0.044777920598308978,0.059850237176775511,0.039039263738107462,-0.99482211243352336,-0.09383443131436002,0.06374205009262908,-0.0912354231655359,0.99378722501841155,-15.284867624160027,6.3847245731092013,-1.9203912405875907,0.1794843472997793,0.1331592283760939,0.2758620689655172,1,5
-0.81294977197906282,0.56524888561181186,0.14002273227513853,-0.56586441966776024,-0.82356264210401164,0.039268729094910415,0.13751409670742595,-0.047310377775550458,0.98936929473350654,2.1280544456416917,-30.765173534693911,3.9624774183312659,,0.09791945491099478,0.1176470588235294,0,4
0.99428020170555487,0.085611877395882524,0.06385520296040198,-0.097366488842116058,0.97229767596298566,0.2125017556810655,-0.043893591182766457,-0.21750364540790929,0.97507205727953827,7.3842730585739949,-25.589483430239408,2.9977941232383536,0.2122492029071544,0.2362231953840462,0.48,1,5
0.96008497234979262,0.24632659600575038,0.13251435381994225,-0.27838872481733762,0.88748200596802174,0.3672538726515378,-0.027139708227495955,-0.38948542614993331,0.92063268411138355,7.4553390878167516,-38.573903354152918,4.9658007613769515,,0.3414269360894213,0.1739130434782609,0,1
-0.89997498122990593,-0.43394327777696029,0.04169250331198366,0.4359370696316674,-0.89540697667614877,0.09058265529688822,-0.0019759760086286147,0.099697431220006641,0.99501583792769188,13.012350199660201,11.23458371228071,-3.2832018464909858,0.4208073485974935,0.2274886439327909,0.3,1,5
-0.078828632410959776,0.98337546130691644,0.1635810160490126,-0.98288279782231014,-0.1040767719158696,0.15201786504408091,0.1665156222617149,-0.14879760632141095,0.97474705431502207,-4.1007460132213023,-33.887748559005459,4.5671940347235305,0.362659774070397,0.3045609645007806,0.5428571428571428,1,5
-0.70928563494700025,-0.70490870874745526,0.0041952818529071758,0.70132379275316614,-0.70505297600910277,0.10509633075907815,-0.071125422853888079,0.077485568673802116,0.99445319692339107,-6.2144937400838316,20.185452695016338,-4.6641954902170939,,0.1906839866352719,0.7777777777777778,0,2
0.99643825442639478,0.045883603801843982,0.070749558428550671,-0.057985985555161289,0.98198877967332743,0.17982119473211719,-0.061224428089416513,-0.18328320026081166,0.98115179147126841,-7.3733209521465151,12.722537507978931,-3.2044501487240065,,0.07409931955133589,0.2678571428571428,0,4
0.60999078443595656,0.78364230048869477,0.11754143009166106,-0.78930684368076987,0.58776983400874128,0.17754247026567338,0.070042482979312259,-0.2010755258954284,0.97706841288825319,-9.900785159481325,7.2735361934033822,-2.1950187936828232,,0.07222830126013449,0.180327868852459,0,1
0.87371604317213258,0.44805457162143358,0.18938684419137064,-0.48636182112462162,0.79784030648336757,0.35623450745663043,0.0085120418216920075,-0.40335833473434063,0.91500251308090197,21.721082855206635,-25.503157372858386,2.4038239490416906,,0.6525191338811942,0.103448275862069,0,1
-0.39064996649284783,0.85517532353479941,0.34068720213164294,-0.90667006732973754,-0.42144533260814454,0.018254331844752007,0.15919168535895589,-0.30175983437157522,0.93999947322996624,-0.8612175967839909,-40.116526501485339,5.4614233355750281,,0.3334252412364286,0.1538461538461539,0,3
-0.045983944628841707,-0.99858433320869244,0.02673586180624455,0.98939055998410397,-0.041835647311883155,0.13912619605357168,-0.13781072763291238,0.032849780579886731,0.9899136807142026,13.219958340668057,4.2410331695949708,-2.0406166401515979,0.8324828112329132,0.8452633776392304,0.5423728813559322,1,1
0.87068157611222208,-0.49163280768553003,0.014518106831800643,0.47482715058882313,0.84788392891761966,0.23586441051358256,-0.12826835183487792,-0.19846920539585816,0.97167752079951963,-9.110116841616545,12.021702771805172,-3.0566395648840166,,0.1392456393625777,0.1875,0,1
-0.16676274823808673,0.90318593847331707,0.39553172609052861,-0.97444545516780023,-0.21219207911841328,0.073692445082398916,0.1504866794865839,-0.37313493819726601,0.91549116718492884,-23.170259439060167,-31.511938522917522,4.6468169779724722,,0.4329960383964023,0.1111111111111111,0,1
0.99078506295209678,-0.12627743951071077,0.048979253787994795,0.10950612804438209,0.95965146317690886,0.25899319902874962,-0.079708010587000763,-0.25124306456703815,0.96463648881598196,1.6469008771828151,-29.445977059732403,3.7366112193482848,0.4694528223907959,0.1938787880524167,0.3043478260869565,1,5
0.98693188744080906,-0.15086135442070095,0.056624211207515561,0.13503237027211454,0.96605021321629647,0.22025722354429689,-0.087930134375060726,-0.2097327759009055,0.97379692656204464,0.31337489734891294,16.309678842421921,-3.9478478028313044,,0.06777866941339739,0.2222222222222222,0,1
0.67262071495320264,-0.7399731737051537,0.0045908618541649036,0.72453621894796028,0.6598246586862675,0.19919509838884936,-0.15042819299730745,-0.13065650380395241,0.97994909906856476,-9.0687537696747871,17.493570182210291,-4.1146568474260796,0.2338995442184791,0.1119090337405904,0.2413793103448276,1,5
-0.53260092649889557,-0.84636510084195338,0.0015392106120782365,0.84241705508044051,-0.52993926215310183,0.097457086649582456,-0.081668588833873845,0.053202391914426259,0.99523853778502158,-0.35839423731873876,15.728476231338927,-3.8274814431950692,1.277377034177187,0.3687909345209401,0.375,1,3
0.10370195865460527,0.96937765991955427,0.22260470844096719,-0.98679970395910888,0.072287530050277923,0.14491672527850538,0.12438749148292265,-0.23469440864264252,0.9640779462857072,14.400726006212999,7.0637950037927135,-2.5250944016140422,,0.1970354238276311,0.3333333333333333,0,5
0.80175004387309512,0.59229808333018352,0.079873948399222558,-0.59705923447900078,0.78777156205206089,0.15144714109353918,0.026779426297817856,-0.16911223050225482,0.98523292465371504,16.802495066415641,-12.498778001875657,0.71114642724951505,0.3835841012816367,0.3584332132157738,0.9082568807339449,1,5
-0.040843837280851614,0.96502365174139337,0.25896164298189484,-0.98757990429832276,-0.07834502235606812,0.13619100593704581,0.15171589759248233,-0.25018275130738771,0.95623787697725859,2.8643812739895855,8.3648767402032842,-2.6400925455610609,0.3098619624772843,0.1482332258773473,0.3428571428571429,1,5
0.97122142784278798,-0.23346602043758241,0.047143985831238751,0.21685698202092726,0.94863989038401941,0.23033759510981341,-0.098498667238663296,-0.213485305520627,0.97196812544392275,-12.494198214305266,13.682920127647449,-3.3212687712705189,,0.07606822401234831,0.375,0,1
0.85828310049835077,-0.5118464525668347,-0.036923277125462298,0.49872892337709473,0.81500527815562096,0.29501840207960167,-0.12091145680232582,-0.27162401508928574,0.95477788728097046,-3.3075651096026566,15.46899109254467,-3.7190833184251382,,0.1441700878114117,0.2941176470588235,0,6
0.91069859806840725,-0.41054266654563237,0.045637511126707789,0.39529660603504352,0.89823607730038424,0.19212637167550592,-0.11986933191360605,-0.15692886408057877,0.98030845904999009,-1.6755839904756278,12.378767614829112,-3.1732007739322996,,0.07631920880473775,0.328125,0,2
-0.10915002831085759,0.94038032063973642,0.32213525710987601,-0.97587584418108353,-0.16301903288821767,0.14522786117012201,0.18908360072623173,-0.29851239081434644,0.93548797131053829,-3.548486660865517,17.980667583030691,-4.3270930308356572,,0.2912343907426867,0.2,0,3
0.95635528637736056,-0.28887557983832973,0.043993926752962403,0.26986415242047285,0.9309035466750577,0.2461542728172279,-0.11206206073625453,-0.22353855631829442,0.96823169147816923,9.2465321874475404,-27.040458864484041,3.1452366289418134,,0.2720716553959679,0.25,0,5
0.29765127469590535,0.94687123212499447,0.12181374489768605,-0.94815707051953435,0.27831849784335611,0.1534176762372369,0.11136376563190814,-0.16116353040410106,0.98062450926538092,4.2256273680469141,-26.468158392286707,3.2174379034791341,0.208114520190102,0.1447476676050555,0.3783783783783784,1,5
-0.69504191108558111,0.70052088035749405,0.16182471386554356,-0.69972312026084682,-0.71080902364438703,0.071680449762388423,0.16524011863626872,-0.063411576930992433,0.98421271842229174,-10.842705217148014,16.332920279092725,-3.9281401384218522,,0.4170774942620527,0.2222222222222222,0,2
0.11265554367352863,0.98795976444739975,0.10603882455336464,-0.98515396864717963,0.097143491008169505,0.14154434009686448,0.12953913130144423,-0.12041032342695229,0.98423623560295892,16.185766126746866,-7.6913195871807831,-0.014632526418141183,0.3347020524673157,0.322972010694622,0.8095238095238095,1,5
0.99628389111966809,-0.059564733802100193,0.062212947065208232,0.046068518732997339,0.97883072797388671,0.19941940115209203,-0.072774307809837235,-0.19581227862725176,0.97793734546830902,-9.0666423144169936,15.887381548818727,-3.8009583482206906,,0.1121683247256157,0.3333333333333333,0,5
-0.0096014504038116118,0.99612972921907716,0.087369186307712884,-0.99031753869103689,-0.021573275462757068,0.13713411809880066,0.13848821145162843,-0.085206551108096745,0.98669187639160871,-12.135116965855483,5.702209083026835,-1.8547124202349203,0.4205007795109177,0.2795623788843958,0.8793103448275862,1,5
-0.85229553193269103,-0.52260374716525715,-0.021855198383965265,0.52231195723530977,-0.85256714769525455,0.017873947515788725,-0.027974016096917544,0.0038186541620112637,0.99960135669365691,-22.012683098551342,5.431326374038794,-1.6958424450693956,,0.2535937175519492,0.15,0,4
0.99262058380011275,0.10253945225359185,0.064730497818695831,-0.11351705075793192,0.97346893434457249,0.19867589952800901,-0.042641010817567812,-0.20455780258297598,0.97792527812654517,-14.923055226653021,9.4887623218799213,-2.4971945726297844,0.5124927696679713,0.226317186215282,0.6730769230769231,1,4
-0.81979036059026844,0.56624464865272939,0.085502997347594728,-0.55691785781587466,-0.82308456463131341,0.11123982700209765,0.13336515410351066,0.043575191770389869,0.99010854876277021,-11.959235145597013,20.827591635298994,-4.6864711176354241,,0.09837700113363974,0.4761904761904762,0,3
0.85811131654917849,0.5034539877951355,0.10089128100788346,-0.51335855562093136,0.83723438168476827,0.18841863892862551,0.010390465871528748,-0.21347756860639958,0.97689270952386242,1.6006455528875012,8.4821586558947413,-2.6077937505646176,0.3612874885267233,0.3115352110925984,0.5233160621761658,1,5
-0.73235802501885361,0.66304418778213337,0.15499718784163738,-0.6645995484244529,-0.74557796767173878,0.049202991336844415,0.14818624573319203,-0.066976855486141226,0.98668887568710906,9.7133194924333992,-30.181640489464375,3.589265275005026,,0.1697362466560021,0.2333333333333333,0,5
-0.94838715249117034,-0.31220413758460941,0.055591235502902368,0.31639672824003889,-0.94337730251939789,0.099661303675110696,0.021328838428002823,0.11210638503793585,0.99346728133594686,-9.4005206170733775,5.1675342557196391,-1.8420047609658383,,0.07408480948289227,0.2027027027027027,0,5
0.38938712591695007,-0.92073539811278726,-0.024979848522852122,0.90235829515576305,0.37589520718011216,0.21083714184793262,-0.1847354144004931,-0.10463804222704089,0.97720197850043766,14.685011817981325,-29.095998340438452,3.2405085794722717,,0.1695031258468335,0.625,0,4
0.52837676325204364,0.79898640546825284,0.28712143760474246,-0.84487980223884973,0.46150868194024874,0.27053254196605697,0.083642787041895136,-0.3855262123004019,0.91889793981985257,19.346187326715228,-25.277165793086503,2.4840479465497025,,0.7498848126118888,0.2857142857142857,0,1
0.60370207494363137,-0.79586725003161018,0.046250676058584253,0.78222161617836483,0.60255109103532123,0.15830832535104022,-0.15386080687446302,-0.059392785919386702,0.98630591050072947,-12.915182517838504,12.550357493785846,-3.0864781406590986,0.5391381167087945,0.2374300024790001,0.4705882352941176,1,5
0.73923207021542769,-0.67339289441853667,0.0088292758274736635,0.65518156512022074,0.72214957324591911,0.22189436808390203,-0.15579814855007162,-0.15824665433228477,0.97503073454174138,-2.8080353839949534,14.614031941857927,-3.5650041520824378,0.2590910333099658,0.1703872640764429,0.5517241379310345,1,5
0.97486880829240785,0.2120293306424707,0.068369361309327512,-0.22259599586175982,0.93952194804234956,0.26028740225569719,-0.0090459518488076301,-0.26896481571762049,0.96310752185887039,-12.074000678462102,12.305334112734906,-3.1067502983778637,0.5703646640426764,0.5092446357470231,0.6629213483146067,1,5
0.2701723554304804,0.94972856206320855,0.15818519767189582,-0.95100694729989077,0.23758469909876651,0.19783654096625242,0.15030863098468164,-0.20388518620905058,0.96738727834100247,-5.4183822161091459,-28.380009585537344,3.7792859966127259,0.2683605232461985,0.2251145489381183,0.425,1,5
-0.95626303366219068,0.26604232758677193,0.12158326522756467,-0.27260148569707676,-0.96126852589710732,-0.04063558927034925,0.10606337938671434,-0.072002090607250782,0.99174909049681259,0.308897371348693,7.9697650772027275,-2.4594170344038275,0.2379571329445267,0.1028249511509705,0.3888888888888889,1,5
-0.35530366895181281,-0.92772280930421736,-0.114410191530615,0.92614770315360118,-0.3659545040742983,0.091256412876267484,-0.12652958062322806,-0.073536997793123407,0.98923332696734634,-12.713238114997171,21.916848443856331,-4.9179948350329088,,0.3708262871539731,0.4482758620689655,0,3
-0.81525767444107677,0.57258597469402972,0.086603844306223018,-0.56267631592730416,-0.81859239433236564,0.11533367000005845,0.13693169012104145,0.045296727529634775,0.98954429851103787,11.037865146025721,7.1934132237433772,-2.5255914640230008,,0.09504503092251375,0.2380952380952381,0,1
0.86708027261231191,-0.4981559861158682,0.0035233994220287734,0.4790068096892191,0.83565062302882098,0.26877595224071077,-0.13683668045490038,-0.23136259362410222,0.96319627966142696,12.088879146471127,-25.503250986306199,2.8132013851051583,0.1992060434645009,0.2182508742484791,0.36,1,5
-0.92501186141049296,0.36579311011271637,0.1027056806800956,-0.36158636623286999,-0.93055564849206307,0.057632324385065235,0.11665485846892304,0.016173609788253284,0.99304081403636868,14.634006693840798,9.3561325857398607,-2.9357091876715202,,0.1569511446047666,0.3846153846153846,0,3
0.24627830542084966,0.91378929165138156,0.32301103192042913,-0.96257596544799551,0.1917157849078677,0.19155304372162629,0.11311280661752561,-0.35809801490712845,0.92680704825690663,-1.8089878431636306,10.229807708957397,-2.8211161686984214,,0.3334363861677645,0.2857142857142857,0,4
-0.021302604036361299,-0.99952136654811263,-0.022432941738971111,0.98756427792892187,-0.024533040496916673,0.15528981577265338,-0.15576583714023423,-0.018845894453984283,0.98761421427712981,22.508208780560018,-23.584883343843906,2.0932912125062137,0.2897488519865792,0.3398496897251276,0.7,1,5
0.042535087653340936,0.9893664823907159,0.13908533294400599,-0.98882515471748322,0.021778981380367865,0.14748047114103041,0.14288309807765687,-0.14380417063442905,0.97923683590430577,-8.9911272109592062,6.8879693870971952,-2.1284924912999248,0.4356979014934635,0.1969517755320043,0.535031847133758,1,5
0.99720936583163755,-0.05284124561558172,0.052737874999448549,0.028236590693602792,0.92089690100304478,0.38878219181051848,-0.069109880940901897,-0.38620810515159126,0.91981907126975382,5.5681820502745811,15.881167090610059,-3.8419594931612124,,0.207178736810247,0.1818181818181818,0,2
0.9906115997075573,0.11581879031902795,0.072626898142974211,-0.12689513344433154,0.97665327202205487,0.17333785321376871,-0.050855517232432347,-0.18092648799346583,0.98218090101028288,9.2841691728042832,14.914810384647662,-3.7836380929227,,0.1051188806051144,0.5,0,1
0.96035866086909361,-0.27694856927535189,0.031792018967901847,0.25898057614885911,0.92857167012198494,0.26586409051331344,-0.10315184763892933,-0.24709136654930264,0.96348614567386093,9.4969151562699814,-28.316970168281262,3.3332196636050231,0.5172060454915208,0.220935618833223,0.4347826086956522,1,4
-0.99098196937044558,-0.11750901554556197,0.064392294944238912,0.12339467333233231,-0.98763656525580168,0.096683864025643496,0.052234959326872311,0.10375763217824008,0.99323001504630581,-6.1673594340165998,-32.099748039947585,4.3708384142882597,,0.09141693162436521,0.5,0,2
0.96832183273212447,0.19498083454189158,0.15599776413669147,-0.2352193290790161,0.92193266044466937,0.30775320767301706,-0.083813456448931095,-0.33469783950118515,0.93859078450159616,-17.01719947724505,-32.724345969563778,4.7111587118916018,,0.4655481947212552,0.1904761904761905,0,2
-0.91618280148173381,-0.40004715635484633,0.023902865131254898,0.40039073883246096,-0.91626959800142138,0.01171665632804964,0.017214253578873871,0.020305084848746966,0.99964562371022636,19.227730566595209,-27.995981151794702,2.8862424983969039,,0.3529292707011823,0.1818181818181818,0,5
-0.098310678991185452,0.97782689094841913,0.18490425017949255,-0.98100614402437492,-0.12644640585335504,0.14709946238241664,0.16721828782378878,-0.16693075745624869,0.9716852198280902,1.8999707126284784,7.4690280874656141,-2.4671646379368317,0.3090307355666411,0.3067828613766425,0.3603603603603603,1,5
0.75563554833716207,0.64307058154527297,0.12439913681461932,-0.65360201770906068,0.72793926533772346,0.20714446269746625,0.042653493829261764,-0.23783324647870718,0.97036901554695032,-7.1451933301683086,8.8915209245478692,-2.5435128087745666,,0.1110726668454757,0.4609375,1,5
0.655794740405093,0.71615581469984557,0.23886001659678949,-0.75295242998281919,0.59752798801693752,0.27572258108359571,0.05473478455229476,-0.36066764840782772,0.93108697271091889,5.5690767907718985,-26.555250266240517,3.225666100943418,,0.2782089063344657,0.2222222222222222,0,2
-0.42998747301032664,0.89353742742170439,0.12923482058174099,-0.88897631585681514,-0.44401142974166402,0.11213812957422802,0.15758135327454376,-0.066668703717445765,0.98525296297184417,-20.117737167984551,4.9302148477670533,-1.6206900524718371,0.3292572371311169,0.2748542555396366,0.7407407407407407,1,5
0.0066696600224896872,-0.99640987501972034,-0.084397136197677483,0.9894301147698521,-0.0056503004821250877,0.14490038678684994,-0.14485704546794204,-0.084471504471310452,0.9858402514153356,-2.1230682044028213,8.809062612997602,-2.6042586462621453,0.2916031512987672,0.1467629540915108,0.2285714285714286,1,6
-0.94702417153473495,-0.31904059886277708,-0.036855322630899391,0.32070780474508992,-0.94553942928806145,-0.055692832906853423,-0.017079885963680944,-0.064562248558163199,0.99776750476079368,6.2562268624536896,5.3223792744989256,-2.101415628417278,,0.2556845668211813,0.2727272727272727,0,2
-0.28950775929395312,0.940955958047346,0.17546265221920218,-0.94407707674529151,-0.31092999166287977,0.10973155174601056,0.15780915839285251,-0.13388213211524405,0.97835159540301098,-22.625681658109947,7.3916427169899652,-1.9875727125525711,,0.3846166318798559,0.1333333333333333,0,3
-0.23527949150126101,-0.96858631598463707,-0.080523967650738784,0.96588052167091554,-0.24223940742928377,0.091623617834213536,-0.10825146066279491,-0.056219373667967781,0.99253262076808002,-13.77537915361763,4.3648119829238574,-1.6158064917978889,,0.1503530275711841,0.3333333333333333,0,5
-0.9951561906898454,0.018511180257824656,0.096547875881035583,-0.024503684355064469,-0.99782125785144371,-0.061256075884695498,0.095203600691911291,-0.063325141809762578,0.9934415940708694,1.2570519810266712,-32.261236321561569,4.2224738157073052,,0.6351995912273309,0.4528301886792453,0,4
-0.5424889086666862,-0.8300660052164045,-0.12921381875677806,0.83300442134244324,-0.55142673820799137,0.045079778318426612,-0.10867114611326606,-0.083180402580037865,0.99059154177140729,-12.941510187900725,17.432733871178865,-3.9606134178147698,,0.2082998719124221,0.2,0,2
0.84886913192733937,0.50318246662671851,0.16195246876900821,-0.52857582464401398,0.80489510104482942,0.26972481145777827,0.0053660472254610401,-0.31456522629414196,0.94922069296011957,3.0181187678657357,12.529022173798101,-3.2162514880242759,,0.2600775439929535,0.5588235294117647,0,4
0.81385937380584417,-0.58102644014877924,0.0064183733449206413,0.5642787252510022,0.79293958987591295,0.22986153883701729,-0.13864501396538448,-0.18345321653068594,0.97320217706655499,-0.53125532887150317,9.4579701102651956,-2.7288917752989352,,0.1108843347422787,0.1428571428571428,0,4
0.48657930123026716,-0.8735562612218527,0.011833938243935584,0.8557953777654298,0.47932236687916951,0.19458761523970147,-0.17565550093745533,-0.084554876201476434,0.98081375291181705,11.471296670879543,8.2499614550526132,-2.6994483705865742,,0.1471627275853626,0.1304347826086956,0,3
0.78713599451212035,-0.61639850706187027,0.021675023305939511,0.59938414438232435,0.77275080788259176,0.2087937651843825,-0.14544955691401878,-0.15135742270764155,0.97771946742652949,-11.966655613471413,-35.389629717973783,5.0478526593612774,,0.1371433615980443,0.3125,0,2
-0.32613750250125462,0.91516729069181735,0.23686105528355908,-0.92178543787482314,-0.36343669287705066,0.13500139552060786,0.20963285998183426,-0.17430605359077317,0.96211821711131007,-4.8636808483739129,-1.1366895244120618,-0.8359449490548877,,0.2573434420571004,0.3683818046234154,0,2
-0.81998890455363027,0.55246450514083512,0.14967019398808323,-0.55412705674382845,-0.83172827493639068,0.034223992399462992,0.14339247328001634,-0.054873010039807088,0.98814348724049805,12.613650326610852,7.4077433055147193,-2.5990615838677411,,0.112412343256604,0.3636363636363636,0,2
-0.9967496775869048,-0.043309868524472613,0.067928900468018194,0.05029809824649939,-0.99322152770834859,0.10479073532273298,0.062929973328983035,0.1078668261565458,0.99217164153775672,-6.8327813522310645,4.5526049159577102,-1.7569096870032663,,0.07144152976125556,0.2466666666666667,0,4
0.53021586059815151,-0.84747882764485494,-0.025510348172139281,0.83213902669206852,0.5143797518176314,0.2072633859995745,-0.16252932481905602,-0.13112249087679104,0.97795250956277413,-3.0578960441202607,12.933183838133951,-3.2264192051170588,,0.1121676871404402,0.2592592592592592,0,3
-0.86884380094182778,-0.49380942368016889,0.035534527569902483,0.49498368099527068,-0.86496200006941204,0.082655271969149041,-0.010079936176828605,0.089403531924534221,0.99594447805391706,-8.2689121459072865,13.019139431810142,-3.2539878535332689,,0.1503247438257684,0.25,0,1
0.3060504722742397,0.94106329864267368,0.14398950089671336,-0.9444648134649325,0.28111932130370176,0.17017092382776877,0.11966338014348842,-0.18807390871015542,0.97483787386165865,12.254614339689491,-28.177868724519342,3.219825555206564,,0.2373242983168622,0.3225806451612903,0,2
0.86600195748974573,-0.49933781806741023,0.026501944675913113,0.48180353644303425,0.84742802974101095,0.22300467860619633,-0.13381316039505656,-0.18035375753486518,0.9744570592120213,2.8148292852366423,13.581249880441414,-3.3959069587459014,,0.1009830798569154,0.3333333333333333,0,2
-0.95569563097803778,-0.29329215956729066,0.02501139871828165,0.2933084238340421,-0.95601284967064504,-0.0030983499806384622,0.024819940319829873,0.0043749743962069173,0.99968236463466353,0.14991070571318341,11.073918238402234,-3.0017247020442035,,0.6176225284198573,0.8787878787878788,0,3
-0.99559359523199686,0.054490212867060968,0.07631651089199995,-0.053620730115914367,-0.99847149079214115,0.01339773776260098,0.076929905985011038,0.0092465548731151554,0.99699362625250321,-27.33980253266429,-31.288579625627079,4.6884506630565523,,0.6172058346808769,0.7142857142857143,0,1
0.33957320383227785,-0.93716180515921088,-0.080111111525253034,0.92212376672636531,0.31491084592421037,0.22476413850451749,-0.18541250787760227,-0.15019623853488318,0.97111445867750856,-14.379651657375774,16.315633282282292,-3.6932713060103364,0.4516720652829812,0.185221629637182,0.3043478260869565,1,3
-0.77714367166760001,-0.61702000772530374,-0.12383062486181191,0.62832308459815367,-0.77182858789504283,-0.097420389390540679,-0.035465686910899526,-0.15351527928714265,0.98750961720751251,7.6935529249552204,-27.280952921446406,3.2335837866284143,,0.2052435773169963,0.1428571428571428,0,1
