axis_00,axis_01,axis_02,axis_10,axis_11,axis_12,axis_20,axis_21,axis_22,location_x,location_y,location_z,dbh,dbh_approximation,score,reconstructed,number_clusters
-0.99659611810856918,0.0078521606072230465,-0.082064127027158609,-0.004332784841924113,-0.99906670562056665,-0.042976094471016676,-0.082324992234708641,-0.042474242715633395,0.99570002227542864,-5.8463993948038295,10.409243513574513,-4.145968161291302,,0.1244040413461655,0.2941176470588235,0,5
0.53031275578187143,-0.80091953952261452,-0.27802207154454345,0.84773247148414355,0.49674345470763592,0.18599891665412377,-0.010864522374315969,-0.33432593590088838,0.94239489108206242,15.179117701608883,-24.411295607710962,-0.72719613746620093,,0.5692937379661975,0.1428571428571428,0,2
-0.9925054981166922,0.0096911790520674973,-0.1218150945355943,0.017072114189971885,-0.97607769319740911,-0.21675073185460667,-0.12100156662299694,-0.21720593429048807,0.96859702817207483,-6.1493828192851572,16.156374498430914,-4.4441677231894898,,0.3284685944648699,0.3333333333333333,0,4
0.50830504726477688,0.86045881110277644,-0.035165513230272553,-0.858015491400138,0.50951233652808037,0.064858271971083861,0.073725134401584624,-0.0027952318851632131,0.99727468193882063,-24.385577059627472,7.0719448720003628,-6.2818060191113885,,0.09635112746036625,0.3,0,1
-0.7959711475001181,-0.5909356362119752,-0.13124407111215586,0.59680533910441613,-0.8023568478056049,-0.0068466046998128267,-0.10125867648654827,-0.083776862164924012,0.99132644361077704,-19.118362570702757,7.971217191381343,-5.6779449514734637,,0.1466883784668654,0.3617021276595745,0,4
0.70082200797891725,0.71154771813694961,-0.050481263321135748,-0.70883503570337603,0.70259123855825789,0.062597473276210347,0.080008782591608485,-0.0080867988272515755,0.99676135478505368,-18.064117781013465,8.3281188201464502,-5.5401373911295932,,0.09084721725605353,0.3513513513513514,0,3
0.57287893704683912,0.8193050282657286,0.023430624118369055,-0.81436650597043725,0.56572294114240329,0.12947875431393951,0.092827352873947722,-0.093256766637501431,0.99130533037744406,0.082811549397676945,-24.572164024886121,-2.2882055739318772,,0.2808230261921998,0.5600000000000001,1,5
0.98551549148743189,-0.1375859020858515,-0.099143005731666373,0.15172800721968374,0.97649360583085298,0.15309751662454826,0.075748451227931585,-0.16592274503118226,0.983225210629736,-7.4455511127633285,-7.239508578499473,-3.6394911761197024,,0.07089426974890722,0.2857142857142857,0,3
0.96764701064344738,-0.22609695475472541,-0.11197959565670852,0.24324286261196809,0.95386674744348621,0.17598618670202437,0.067023671796876988,-0.19753074487842207,0.97800277721826567,-1.6429605669321146,16.781030647820355,-3.94076498479434,,0.2441197062931063,0.1891891891891892,0,4
0.99325427672100852,0.091016191487097595,-0.071847022642631472,-0.079914795436220348,0.9862567111967967,0.14460748628499909,0.084021230922986759,-0.13789036408126254,0.98687723666508997,-23.416882521167746,13.490540025851981,-6.5570205262615175,,0.08149043872063617,0.2631578947368421,0,1
-0.10133194298206008,-0.97879601740539313,-0.17801739702293881,0.99366730041997997,-0.10831015171626207,0.029903295993426796,-0.048550318305349338,-0.17385990724299372,0.98357287439513486,11.441726576550275,-17.076481282090054,-1.3588089540477484,,0.09842182007140715,0.2941176470588235,0,4
-0.51745244067332619,0.85568239274056856,0.0071143794525717445,-0.85458155394932367,-0.51632380998224803,-0.05567845988330309,-0.043969754272443241,-0.03489077240751097,0.99842340452837475,-2.7631622786968975,-23.147754968637354,-2.6264836190495999,,0.3947074890794275,0.875,0,5
-0.56693224490273431,-0.8058968357773213,-0.17064032282449013,0.8201499867687102,-0.5715854639031569,-0.025378271373292478,-0.077083259484986066,-0.15433841886812552,0.98500650940410384,-34.281724749278972,2.2515190002744609,-7.3642869779289333,,0.2638413668393331,0.375,0,1
-0.98402191678059214,-0.15660055613683874,-0.084717962163179561,0.15680805800929157,-0.98761999186677274,0.0042408263853110249,-0.084333268872988421,-0.0091113930169053649,0.99639594653856745,3.086193642725771,-4.1016105199469477,-2.658191998501461,,0.1001877956514908,0.4108527131782946,0,5
0.80021902457183924,0.5995394248471636,0.014212345591928785,-0.59206428382072229,0.78602630966277609,0.17782723172160936,0.095443158671261255,-0.15071535612487472,0.98395908700057388,11.739404383232236,-3.7311176490931226,-1.7845984800724526,,0.1951065311882049,0.3,1,5
-0.47137724090021055,-0.85395652341189976,-0.22036731355527026,0.87873956827429267,-0.4760130513077595,-0.035047769312559207,-0.074968446098442609,-0.21016619877358503,0.97478710546593084,1.058416958191142,21.007356104154244,-3.7770379982312554,,0.2372043796795305,0.5,0,5
-0.92778340441514739,-0.33861191910306215,-0.15671605767495372,0.36020085219810483,-0.92239164743726676,-0.13945965299585159,-0.097330881880301881,-0.18583760916269201,0.9777479646888031,15.80928801373314,3.6216974239905948,-1.6429595021706431,,0.2055818845377712,0.1851851851851852,0,4
-0.3643776642140647,0.92890081363289856,0.06612258505261788,-0.93123619999619045,-0.36385597611182052,-0.020198229238438638,0.0052969461538276913,-0.068935528429487303,0.9976070545468243,-32.503713405398912,-0.83938638283268019,-6.9457063423178385,,0.3353125793988373,0.4782608695652174,0,1
0.80663251216617116,0.5876128683612496,-0.063679724031722201,-0.58503033708104224,0.80910697663427578,0.05554642253631651,0.084163501657982684,-0.007550979936806413,0.99642334762422158,5.5681633079043813,-4.9452832306441072,-2.3688899311555804,,0.1138187291588497,0.3833333333333334,1,5
-0.98049610448841773,0.18238121496531509,-0.073242620862526628,-0.18248586287220916,-0.9831940986648372,-0.0053173491913020747,-0.07298149720868681,0.0081521026988439112,0.9972999770815022,1.6935998665918401,-20.229340165271413,-2.2716225944293424,0.1237698401859053,0.1591860472146409,0.5714285714285714,1,4
0.46948223449415766,-0.87031959155612537,-0.14876236099212506,0.88286771739778758,0.46491600629348223,0.066315161682220264,0.011446618329999689,-0.16247127637123326,0.98664687669049544,11.517406919182676,-15.993526132950031,-1.3990946960589317,,0.09591530522334064,0.2222222222222222,1,5
0.51415113027873771,0.85139443773600887,0.10380812408131548,-0.85449535306270807,0.49801275519530586,0.14771928532530282,0.07406960798690912,-0.16465359715161293,0.98356641164575187,-6.5701634307769492,-7.8767860448860709,-3.5126124833181667,,0.1058167574248106,0.3333333333333333,0,1
0.63062743931020293,0.7713644883907953,0.085474316836483155,-0.77189607586293207,0.61197896137322949,0.17221555941305272,0.080532483237906669,-0.1745811469951738,0.98134394697139027,6.8990843842548628,15.238383318669188,-2.966358511380538,,0.2772186575491793,0.3076923076923077,0,5
-0.94193657332542191,-0.31755720280438604,-0.1091462998869599,0.32410056542217469,-0.94479656758346564,-0.048148409896141234,-0.087831175131537723,-0.080727125735741118,0.99285891034197682,4.9589553534138364,-18.079280183628505,-1.9904336511697351,,0.3462215988179903,0.7733333333333333,1,5
0.80107025218907058,-0.58101221954745041,-0.14391404307531952,0.59611283962232142,0.79614406355923883,0.10394283283034042,0.054184255048418478,-0.16905452018780495,0.98411616982392902,-7.3800773685078935,22.392782724389619,-4.8063478825751247,0.4410175553569344,0.3677975313595551,0.7391304347826086,1,6
-0.94430948743402765,-0.28646209079640361,-0.16192301404876383,0.29518854732006383,-0.95489762995440919,-0.032159568382081886,-0.14540740515239803,-0.078166404829724243,0.98627921993867518,-7.4318394440538658,-12.986666534336878,-3.4458790583007635,,0.1624039105186982,0.3103448275862069,0,3
-0.59524427705022187,0.80327907837274792,0.020663322278544088,-0.80275379190819784,-0.59332093527664598,-0.059637382064063937,-0.035645479600756175,-0.052086370684414143,0.99800621730175487,-20.037021420021627,19.724684219106472,-6.4151561573916025,,0.1960648749010152,0.2,0,4
0.96429477311510015,-0.24799430284489096,-0.092921559927581013,0.25556161825151269,0.96340065962032706,0.080916180827990958,0.069453940273872444,-0.10177423445841541,0.99238004583971684,4.9462899144817456,-3.9576375043192109,-2.4653940288203384,,0.08518224239192407,0.3833333333333334,0,5
0.9847768688123647,0.17299539418126178,-0.016944386804587902,-0.16181258604479473,0.94797216848236054,0.27416319005356238,0.06349177623605734,-0.26724775279676299,0.96153389590563587,-22.53981473579584,-0.3453107964286673,-5.750768709591771,,0.4101317418565781,0.163265306122449,0,2
0.70590450571623664,-0.70070755312565214,-0.10347827695790367,0.70764082219128999,0.70400876647927479,0.0601342122985314,0.030713117359692069,-0.11567446439465903,0.99281222933093372,-3.3271542190672201,-10.909279324240748,-3.085140539077202,,0.116679657501599,0.392156862745098,1,5
0.10957838213069265,-0.9736006318545819,-0.20023583051486665,0.99357871880480098,0.10157829901652335,0.049831503159345258,-0.02817636789634112,-0.204410515437118,0.97847965409143878,-0.21572549593861839,6.7328779297082395,-3.4421693066673882,,0.127033173934157,0.2654867256637168,1,3
0.10460926480917272,0.99448839683563317,0.0070519696097270292,-0.99332867749626386,0.10413601165768337,0.049536143769518898,0.048528756213280101,-0.012186863227384903,0.99874743563378898,-1.5830086754303041,-16.460476182312224,-2.7597346259801694,,0.09034151683227939,0.2,0,5
-0.99432413977664269,0.06280758437827115,-0.085876145710007373,-0.06227480319505254,-0.99801961062520617,-0.0088716229930057271,-0.086263282713200398,-0.0034733488277027564,0.99626632077144128,13.170501680707686,-7.8868913234376219,-1.4603829189008817,,0.1343245348097782,0.4137931034482759,1,7
-0.58382734331545161,-0.8053322642247106,-0.10288623521114335,0.80842659113787485,-0.58833102176237395,0.017693376535764672,-0.074780210874383635,-0.072846091389598744,0.99453575452612109,1.7090140644515124,-20.252158039405764,-2.2652955139085864,,0.154618410586561,0.7666666666666667,1,3
0.049126907406140147,-0.97498984389890664,-0.21675181951414943,0.99842962826213577,0.04208908334326087,0.036970075353687258,-0.026922562601687895,-0.21822766405135241,0.97552645390355697,-7.83612003621342,7.4380238861880841,-4.2556375853398904,,0.2804750196253336,0.1911764705882353,0,3
0.96039623113391837,-0.26277602984846155,-0.092670585197501612,0.2694130960915857,0.96060794919251147,0.068183220828184718,0.071103184725530538,-0.090449577584638188,0.99335955778189866,9.6505847000897447,-19.420317842980815,-1.4616691295289899,,0.2902179140065311,0.7560975609756098,1,5
-0.24252650520410401,-0.96137661214416004,-0.1301380186405961,0.96851557151987533,-0.24770182756673725,0.024927742449461797,-0.056200373637655544,-0.1199950592412652,0.99118247752907351,-9.0153488406035915,-9.3525953627921083,-3.7519626727054365,,0.08569056969856437,0.425531914893617,0,2
0.46371534669120029,0.88555669931247061,-0.027521074576800916,-0.88312129095461078,0.46448901124798675,0.065929840683325497,0.071167848820383128,-0.006268232021041392,0.9974446583954466,-3.111991123072956,-21.695339730145111,-2.743296809123867,,0.07240816607286946,0.32,0,4
0.34223510242982469,-0.91761127429200895,-0.2021501520084529,0.93958621030212841,0.33254577350302661,0.081185355424216857,-0.007272418781259944,-0.21772197366703025,0.97598373659995041,-0.98379704004041468,-14.869582797971832,-2.7103634149670159,,0.181652942502404,0.65625,0,5
0.051110346250098401,0.9986493720765649,-0.0093361746598084085,-0.99813743510387387,0.051391460811102511,0.032872152347573166,0.033307553954864254,0.0076386783401524612,0.99941595816895024,-6.0157479241852005,17.269634008543218,-4.4704688822164762,0.1472403047300811,0.1232543455865327,0.4418604651162791,1,5
-0.86063216768864859,0.50888318105215202,0.018713096531028123,-0.50903630797620647,-0.8587226424265636,-0.058969996997558227,-0.013939479957645405,-0.060277121913558607,0.99808434486887321,0.17942348977660599,10.04063833584326,-3.4832300628733828,0.6210747142441667,0.4540280778528573,0.1904761904761905,1,4
0.99110629220144841,-0.11007409730874779,-0.074779747661801024,0.11871622857311551,0.98526270746219036,0.12314160287104776,0.060122995867422542,-0.13092398705332556,0.98956765053329609,-8.8624343791710274,13.175466235560506,-4.622222488112989,0.1605554394876874,0.1503853550412005,0.2647058823529412,1,4
-0.12543663496487334,0.99138262754620177,-0.037764221271963661,-0.99173249029146548,-0.12426079967923732,0.032030007233296146,0.027061380396751121,0.041469741531207624,0.99877321861789881,-21.451524316896151,-3.1811317865626147,-5.4767416499269288,,0.1356189647878347,0.875,0,1
0.66562423550919803,0.74626069668533734,-0.0062729327678662352,-0.74027682341926426,0.66130491700680094,0.12110339157476634,0.094523022650985347,-0.075965645691606298,0.99262007780599426,-11.764841330169972,9.1139791181038863,-4.7779763615014019,0.1223517654768665,0.1308924684702435,0.2978723404255319,1,5
-0.9509681194692946,-0.27831807593799485,-0.13490249945499716,0.29634569326749366,-0.94478936357120158,-0.13982949819166338,-0.088537369708172053,-0.17295116966617013,0.98094292753261747,-21.733426521800073,24.507362620734458,-6.7629034837380768,,0.444233633668981,0.3235294117647059,0,2
0.91180222335868655,0.41062309270276592,0.0023197451089330308,-0.4012238055684364,0.88970015931648716,0.21783728872118774,0.087385143607688093,-0.19955526114696209,0.97598234329583589,-0.086878192687549552,-16.90023282287158,-2.5573160257851471,0.3597824428411405,0.1592502135855983,0.1875,1,3
0.85000419178071274,0.52311239336091786,-0.062018528420384224,-0.51902951142570053,0.8517962427536987,0.071074095842865712,0.090006889871921472,-0.028223832888087042,0.99554114683055139,-2.4186681554484353,-4.7616709434538951,-3.2106044539009884,,0.07341997118063692,0.3307086614173229,0,5
0.61651941886193173,-0.77996765862474327,-0.10749073292885666,0.7870060874854059,0.61446193803409255,0.055298688667105043,0.02291777535146974,-0.11868857656414857,0.99266701232896681,-1.3271056213396477,11.434472433118284,-3.7065458180440323,,0.1185590945863244,0.2941176470588235,1,5
0.13571686563649105,0.96735463022465629,0.21402325052368562,-0.98915396690251733,0.12005139248045361,0.084629149378433036,0.056172610254639883,-0.22318755015999828,0.97315566859098024,-10.433958265968027,11.324596376453732,-4.7487405329912127,,0.2644525342092598,0.3333333333333333,0,3
-0.24239419470885445,-0.95884986730216926,-0.14782417375401796,0.96639527385456958,-0.25207160566102782,0.05039920923013045,-0.085587551916134916,-0.13064010714203914,0.98772867396007058,6.1289996175759693,8.8445370628967499,-2.8166898503108713,,0.1362997294674852,0.4193548387096774,0,6
-0.78041713596325024,-0.60962856961223855,-0.13893200138000275,0.61928364078676856,-0.7842820037490903,-0.037276143164172222,-0.086237266589344594,-0.11512925652433989,0.98960011527048186,4.2091744138233498,-9.1633034610910489,-2.3721518083787019,,0.09538541401884676,0.3205128205128205,0,5
-0.53269484923202137,0.84385008506281645,0.064445570376493483,-0.8463008515849032,-0.53144335471935489,-0.036644635778051049,0.0033265910992816995,-0.074060749821452609,0.99724818331624099,13.665377183392676,-9.3884306470614245,-1.3867345341817454,,0.1445278327319185,0.1071428571428571,0,5
0.90895691226105146,-0.40502110157854115,-0.098768613076007802,0.41279507089303641,0.90752969750468082,0.077395591563561864,0.058288601795429572,-0.1111204545669503,0.99209610596835152,9.0610439587580558,3.6241473487102653,-2.3177337452536628,,0.4124853066517223,0.8565573770491803,1,5
-0.55430932332447402,-0.82013730138829932,-0.14183081804418157,0.82795401663027612,-0.56075565366739888,0.0067263084854135508,-0.085048929572079199,-0.11370093997661669,0.98986805980750681,9.3859132113699939,-13.194215990670395,-1.6941524974693591,,0.1344535477929485,0.1515151515151515,1,5
-0.10397930029011038,-0.97661411789759556,-0.18818387240749723,0.993522460274463,-0.11071346986223271,0.025605634560460482,-0.045841313695817947,-0.18430244793319123,0.98179997028135835,-25.94376289873091,0.029358766565438763,-6.1678876928383755,0.2856728849658765,0.2797948619861184,0.6046511627906976,1,1
-0.44502946950502287,-0.86453764769712749,-0.23350252029987692,0.8928369317466347,-0.44850325527667778,-0.041073632849772959,-0.069216938543485151,-0.22675865081742697,0.97148830651641249,1.7205167935399719,-8.1058327777237551,-2.6582420704479728,,0.0892353264610639,0.25,0,3
-0.97874423350651651,0.20378935681764845,-0.023013548739638047,-0.20110641752905495,-0.97569180550018986,-0.087073012514843437,-0.040198684137319009,-0.080594036551284831,0.99593607579301979,-7.5633988053579957,10.653917599626146,-4.3716727537610698,,0.1468375021569345,0.125,0,5
-0.051962021846254418,-0.98228574125625923,-0.18004074763867389,0.99645432679146351,-0.062944170819208431,0.055828361774781232,-0.066171919302850199,-0.17650142742914457,0.98207358339956075,10.473971441593525,-22.662744778761304,-1.2445501541454265,,0.1546386115338717,0.2307692307692308,0,4
-0.95723266334457791,-0.23679630213927422,-0.16623218557009398,0.27547154593036544,-0.92158598475129172,-0.27348619726180934,-0.08843673223824601,-0.30758215813527978,0.94740285010541492,-17.01467456882277,32.26659386210283,-6.3485273664023598,,0.4135362650432206,0.2173913043478261,0,1
-0.49133308320950719,0.85970856055660005,0.13961730641126405,-0.87093966984757187,-0.4863373861856588,-0.070285405909779178,0.0074761507235037231,-0.1561317959411174,0.98770793733094997,-8.4365073735669505,-17.033678603223958,-3.4637995377685598,,0.4725613729572101,0.2105263157894737,0,3
0.48872468875228164,-0.86770355995529014,-0.090767343493689395,0.87239697305792396,0.48705937039261032,0.041190910552276513,0.0084675854502358882,-0.099316170655487881,0.99501989841559102,1.9216629008429857,-3.2067421703722041,-2.8050293425946169,,0.2714131280805035,0.9268680445151033,1,5
-0.98835497998989208,0.13226559833944618,-0.075234599919770634,-0.13260807446769876,-0.991168451216353,-0.00044710104564121746,-0.074629297967680919,0.0095348208836902645,0.9971657610826633,-12.555922971042952,14.685697640010307,-5.1436093659580298,0.2381548861048148,0.1890105630163535,0.4523809523809524,1,5
-0.85063957434717441,-0.51493817840839917,-0.10607066970608306,0.5178794696074821,-0.8554535683816552,-0.0002174906097835629,-0.09062653868227781,-0.055116828288027525,0.99435856999672778,9.2394133704761501,-4.4544748201955926,-2.0041286717564266,,0.1524559157956062,0.5789473684210527,1,5
-0.98614168517209488,-0.13993560130568816,-0.089121289561780379,0.14132798057148815,-0.98991745292836664,-0.0094783065680904433,-0.086896367435723709,-0.021942285091327732,0.99597568115463808,0.8609390385109511,8.533136285448748,-3.366801168414475,,0.08321549915282388,0.3269230769230769,0,3
0.56977917360285801,-0.81305078709521938,-0.11958307126131744,0.8216103278983139,0.56669427729961186,0.061758118225028996,0.017554555513320812,-0.13343917595562299,0.99090152078852667,-8.6165494049336822,17.614876857872336,-4.7531542228374626,0.4200005228951119,0.349675025381161,0.7699115044247787,1,5
-0.41438753866429601,0.90924519694136718,-0.039447935798958424,-0.91007238884562647,-0.41364445563054336,0.025816881820317425,0.0071564558658177473,0.046598671281095377,0.99888805627771693,-16.252533484476725,10.341358072801546,-5.3901530101290724,,0.101093660003584,0.4545454545454545,0,3
0.78118896129785154,-0.61159545263336179,-0.12527892506155441,0.62274872490696553,0.77751664665968168,0.087475080987866341,0.043907087960075197,-0.1463518584961549,0.98825770988218953,12.816267624810781,-10.722794004423116,-1.4219056721820531,,0.1330617497497181,0.4193548387096774,0,3
-0.5209150675463905,0.85135037499114041,-0.062048621302844019,-0.85357933357004623,-0.52012029889951705,0.029617494404366888,-0.0070578824908824065,0.068391619918827348,0.99763358635303767,9.7892218315201358,8.5650873073784162,-2.4069399335341304,,0.06896182462138449,0.1904761904761905,0,5
-0.7561663412978199,0.65292576020328941,-0.043593760462074124,-0.65265036571093948,-0.75733260563141536,-0.022244652950927594,-0.047539083138457117,0.011630825872945052,0.9988016617246227,-4.311572531256906,-20.698889712216342,-2.8930586544264782,0.1049219910132426,0.1708288302179463,0.3333333333333333,1,4
0.62608841278329586,-0.75696880158635282,-0.1871136895136554,0.77970942924733677,0.61027142969823023,0.14007850669131489,0.0081550794774787588,-0.23359583797447547,0.97229958302969421,-4.6180952053570019,-19.282222370751764,-2.949506957134302,,0.3878028451545411,0.7666666666666667,0,5
0.13765828727915982,0.98966054311391172,-0.040276610419014758,-0.98918533223269856,0.13944293323988566,0.045475783282337895,0.050621877079516639,0.033580913819215179,0.9981531685007129,-1.0187136127993437,5.9566124715734299,-3.50637046550208,,0.1951260364613776,0.5698529411764706,1,5
0.15397497586340114,0.98762546782223604,-0.029793323359018849,-0.98698999481694094,0.15514852192014067,0.042186328084478156,0.046286682092375624,0.022910073219124371,0.99866544528484347,-13.42363492870739,8.1112360746966239,-4.9547874620111063,0.494367116899127,0.4287954673270524,0.9490084985835694,1,5
-0.20628205820410386,0.97742088879340572,-0.04578338796316965,-0.97828893867959799,-0.20505872176817125,0.03002787178520136,0.01996158611492211,0.05098359321498578,0.99849997912001209,-8.6905252650113187,11.514064114675918,-4.5294097304788199,,0.1098730934909764,0.25,0,1
-0.21599724629135819,-0.95773680906989411,-0.18996155965660139,0.97495926971086411,-0.22210160761221087,0.01119367236127238,-0.052911359833312896,-0.1827869810700142,0.98172771558711802,6.1483176876306613,10.191652532454881,-2.869727756010056,,0.1366585614176208,0.396551724137931,0,5
-0.83484017636018126,0.55028547895511581,0.01509210343327866,-0.55037370651453033,-0.833777168638966,-0.043639617709684234,-0.01143079666338623,-0.044738403050717988,0.99893333720529742,-5.8331540420292782,12.241822885135113,-4.2269095834021471,0.6425594633702931,0.3434023537234366,0.3333333333333333,1,7
-0.14067041115078491,0.99005640757846924,-0.00038110298331573621,-0.98941822039523253,-0.14056589499640904,0.035955727134748573,0.035544627956965301,0.0054349771548100638,0.99935331112010961,-2.6911901003779404,20.535089750439301,-4.1819563449456707,,0.1285774110787591,0.2857142857142857,0,4
0.71417887086607645,0.69391808329433002,0.091794520999782206,-0.69854192234531842,0.69822024521043435,0.15661312813550538,0.044583888733076858,-0.1759721081745749,0.98338501819482305,-21.544678118613362,12.538185360274875,-6.2476421232556065,,0.4600319276025797,0.4047619047619048,0,2
-0.72886136474329954,0.68137843733142545,0.066966679209277055,-0.68405226847753575,-0.72059665226107805,-0.11319434058672238,-0.028872218052495464,-0.12831169038676987,0.99131352514470306,-4.3431852970687617,7.8600537060313602,-3.9080797455010909,0.6880458419445885,0.4416231174487001,0.514018691588785,1,5
0.018713166760495691,0.99777740055001851,-0.063953704673316736,-0.99906026908462187,0.021161690440899258,0.037825409373160215,0.039094707139937519,0.063185772206498264,0.99723576052221041,-26.361083834488742,15.523628159625199,-6.9894752083377218,,0.3310760648756623,0.6333333333333333,0,1
0.29866148042462543,0.95427294976291821,0.012824096901876664,-0.95251021402625291,0.29721993712116979,0.066216320898618425,0.059376866591561044,-0.031991347712553429,0.99772287805046422,16.198815898935884,7.3889929208754346,-1.7289163813537647,,0.2763898483931394,0.4090909090909091,0,3
-0.66136687129987071,0.74891868148397767,-0.041408574852574306,-0.74962020257009698,-0.66186456136490179,0.0022032494214474906,-0.025756813579853995,0.032497860445681703,0.99913986789671561,-21.949708861611541,-2.3110483781347275,-5.5851470955657652,,0.0864373193731241,0.4615384615384616,0,1
-0.97624801500012814,0.20391527505299706,-0.073200913985891999,-0.20445241581825063,-0.97887649095152429,-0.00015851975218300735,-0.071686978415822,0.014811349111112582,0.997317201828545,1.8489379911026493,-15.177554592850168,-2.4310913968761976,,0.09766768420768462,0.5686274509803921,0,5
0.9255645816362964,-0.3604121803588024,-0.11590196490759457,0.37384754729369785,0.91839115036993568,0.12959824962040362,0.059734551165247653,-0.16328121499792972,0.98476953051253879,2.2093183307899191,9.395754379356914,-3.2458371987055195,0.07430688201868518,0.1431125444854267,0.3787878787878788,1,5
0.73033260890309626,0.68089211028335761,-0.054774214067143667,-0.67741664406203117,0.73224753530430675,0.070144403828845486,0.087869054396487012,-0.014123781173773336,0.99603190113812279,3.5591350855867736,26.07419576139365,-3.6878388969615226,,0.3320803757676971,0.6923076923076923,1,5
0.46960798694072919,-0.86072636081964249,-0.19651582733115502,0.88282921270398429,0.45553525600895217,0.11445615636268615,-0.0089955432263500758,-0.2272394383090903,0.97379737003086542,5.3098467842816586,-20.097005069050727,-1.87993752189532,,0.5396855954290547,0.4909090909090909,1,5
0.44928163082016676,0.88481386022999087,0.12349270809433589,-0.89069776427925107,0.43290409237734162,0.13874991715634821,0.069307351092901467,-0.17233246806058231,0.98259758372216333,-15.640112820328827,14.568514579298373,-5.5278960249310405,,0.3429871972658334,0.2352941176470588,0,4
0.35892348576024546,0.92377810677719518,0.13344639676235226,-0.92999262105565306,0.34180547318697996,0.1352136948739312,0.07929474227053622,-0.1726355349821263,0.98178883468375411,-14.864410454306647,11.507134559232952,-5.2619388268618099,,0.2794338733266791,0.1612903225806452,0,2
-0.31145459348066323,0.95025605397780533,-0.003077024264483945,-0.95020491981273181,-0.31139937839711429,0.011875920914606123,0.010326982302392953,0.0066226137151629344,0.99992474438034828,-24.048132717184522,-2.9544835289886846,-5.7940211009369937,0.5522904338571623,0.4915607714025076,0.9491525423728814,1,1
-0.4328439621250722,0.90068930252740487,-0.037481792440677592,-0.90146604481319337,-0.43257220444550742,0.015500257740178214,-0.0022526652496367302,0.040497756158225207,0.99917709003230371,-0.96563089713470796,-22.831635855057549,-2.4735908408931295,,0.08259200353347272,0.2,0,3
-0.91678326410385835,0.39820289965023598,-0.030706633961057102,-0.39731120988931123,-0.91714814305337511,-0.031354205300671671,-0.040647867783759485,-0.016544920788236508,0.99903654409673337,-6.2814252429579041,13.622625364047433,-4.3248527608441876,,0.3073818084590508,0.3,1,5
0.45194202961234947,0.8908553711543008,-0.046098910566338178,-0.88925058335915419,0.45401204302029358,0.05573566890190703,0.070581880573374597,0.015804191788007908,0.99738078267863883,-6.8586884090358229,-9.5703937603412186,-3.5089826253083816,,0.1113880819479062,0.5694444444444444,0,3
0.22941116903315092,0.97177221276234327,0.055038913741293841,-0.97169564010868026,0.22538442339310155,0.070777430622627077,0.056374626532019405,-0.069718205619032594,0.99597252637240818,1.1371687652157065,-13.866370182600992,-2.5235322446670341,,0.1048011913425631,0.2083333333333333,0,4
0.42897467856389143,-0.88978023327133793,-0.15579429267662029,0.90254931358430446,0.41508086312632209,0.11451032099687511,-0.037221790654208983,-0.1897340600575185,0.98112971861756548,5.9053437031192075,21.275620687262705,-3.2684743035508586,,0.1692387405218986,0.5185185185185185,0,3
0.98073909141224636,-0.1740236946007189,-0.088693789486060146,0.18063119278051648,0.98084952453610186,0.072846293055937691,0.074318280191146183,-0.087464072251521613,0.99339157903347053,1.4795540411750931,-1.9386128266274376,-2.8988754435693944,,0.1457372155038545,0.613013698630137,1,5
-0.98032700859239696,-0.17768150528685614,-0.085954865500910443,0.17916588468502656,-0.983769943006085,-0.0098124921827445009,-0.082816314753280759,-0.025019630628799278,0.99625070945715499,3.2128383893839856,16.84891468806309,-3.4143543187879204,,0.1277102951081123,0.3461538461538461,0,5
0.45740871516464604,-0.86894530795628333,-0.18897438734439059,0.88924997974941822,0.44777668371318952,0.09343722512188507,0.003426486113685952,-0.21078447121070934,0.97752655508141317,14.726389773061475,13.084204975129763,-2.0806975718332503,,0.1737074811599966,0.24,1,6
0.99511965979529904,-0.042630085409094555,-0.088991788985842882,0.059203190399903793,0.97944411160964606,0.19283208882253838,0.07894203528767306,-0.19715960045405828,0.97718792819673916,-37.568577144391178,9.1106465638294907,-8.066108235239744,,0.2729987224658372,0.3,0,1
0.47901487774684748,-0.83862647370247634,-0.25932679094632982,0.87655577754034064,0.47274880007185133,0.090324641661466851,0.04684779352136554,-0.27058124405799688,0.96155658939357547,2.2245440590294532,-24.21743004149657,-2.0581968757987128,,0.3933863373337639,0.3076923076923077,0,3
-0.59321373279576761,0.80333013253602648,-0.052518238566822889,-0.80484103124931572,-0.59326855603241602,0.016227595038996793,-0.0181213034864867,0.051895265514900653,0.99848810697828971,-16.811422532412372,19.326748501623442,-5.8953258594145206,,0.1311743097895524,0.3529411764705883,0,1
-0.15279130649745665,0.98707423105997949,0.048366093869045702,-0.98795006096842142,-0.15378318869645846,0.017475923633399469,0.024687926022474802,-0.04511311618253136,0.99867678107434199,-36.298970883761221,0.057831416859974664,-7.4344557942587146,,0.7334019496152797,0.7894736842105263,0,1
0.29394035157303222,0.9502590837750341,0.10298904514634306,-0.95394884257271717,0.28491028150201431,0.093849545809325696,0.05983874556920462,-0.12583244890518594,0.9902451814228781,-7.5574597810014037,-11.248391354026191,-3.5300504090793816,,0.09613613794933755,0.3157894736842105,0,2
-0.0032777243367429982,-0.94261036378617502,-0.33387865850645271,0.99871778078248685,-0.019952694124109396,0.046526168401183211,-0.050517827269963345,-0.33329805291973413,0.94146713009421512,5.2302894303701155,-12.881548209757542,-2.1337647559900321,,0.2732829081682437,0.1636363636363636,0,2
-0.34108723409902608,0.93871494107580378,-0.0497368890837174,-0.94000096033206226,-0.34017083246298518,0.026115116623133289,0.0075956111983449962,0.055660256399781623,0.99842087445527394,-5.3202566444379995,15.024667581361467,-4.2946539459338791,,0.07132876704901303,0.25,0,5
0.57884954375021014,0.81439101206022635,0.041236939455940196,-0.81469801668961672,0.57543822931452127,0.07167974501469683,0.034646028663861496,-0.075087440486993062,0.99657489883045625,14.172234083938488,6.3404570496578261,-1.8948052210542181,,0.1640858726715923,0.103448275862069,0,3
0.11471325705353047,-0.97036810747296987,-0.21266547593697077,0.99315181593455493,0.10725397604545048,0.046325534301703268,-0.022143603186179743,-0.21652325653788232,0.97602630098587229,-10.27442626409705,5.8648648233410627,-4.5099003050038249,0.4742903462101147,0.3108268301904119,0.25,1,5
0.88590833354333931,0.46306676628197513,-0.027121845874114387,-0.4583981549973557,0.88292504956296591,0.10156026954107618,0.070975742711753428,-0.077540485034530454,0.99445961060624588,-4.9103659901605203,-9.4808521424836858,-3.3087831434355301,,0.120980628772752,0.3478260869565217,1,5
-0.94982964405379866,0.29431121387498527,-0.10585157846752694,-0.29089188606438604,-0.95561252680647013,-0.046761193659465843,-0.11491543803396737,-0.013623802625789959,0.99328185028393423,-16.690737825320145,4.5496385832139943,-5.2153466886902704,,0.1567647211468542,0.1142857142857143,0,4
0.98866624167539685,0.12912374328682572,-0.076590609679268465,-0.12342187372042566,0.98951370982748821,0.07503105457595001,0.085475748951286873,-0.06472771418054106,0.99423549491967822,-0.59014033035169955,19.044484581231245,-3.8770032285615486,0.4486036052557608,0.3894185498617574,0.9135802469135802,1,5
0.8311638872867203,-0.53712958288028978,-0.14373031574888301,0.55418983353148921,0.82125994521036605,0.13566772203957242,0.045168804287561634,-0.19241599098804715,0.98027336265519294,7.3949348940061954,-20.768672895300259,-1.6467752598333549,,0.1828129160111455,0.1333333333333333,0,4
0.13578521988318584,0.99067327587279441,-0.011350530064350061,-0.9895035950834763,0.13617889043512479,0.048352302083093768,0.049447036090663136,0.0046658623345663145,0.99876584861043605,-14.107152516905229,9.6719024301236125,-5.0890810197872183,,0.3604050503792262,0.3529411764705883,0,3
0.68760343741932506,0.72595133520784993,0.014006132909148532,-0.71928600427890677,0.6784027872846855,0.14965728265893077,0.099142104565183228,-0.1129792773667371,0.98863872369439243,2.406506124637326,-19.414550034340351,-2.2174910145092106,,0.1648426219252892,0.1363636363636364,0,5
0.73954786830059083,-0.62722810689449993,-0.24424138145202526,0.67219102356430938,0.7071011165781288,0.21947035966965975,0.035045375324256021,-0.32648570084385847,0.94455222662004079,-20.877684121722364,-4.2279847688414245,-5.3218582219835895,,0.3419808656882957,0.2777777777777778,0,1
-0.99328492657720879,-0.064758916085783283,-0.095871463021609232,0.079542767736838479,-0.98399740932342739,-0.15944292566792453,-0.084011920197509277,-0.16599813623103857,0.98254089789308507,-6.7197521609296862,-20.857254763044583,-3.1490094748423108,,0.2535088456715875,0.1764705882352941,0,2
-0.6337594847108724,0.77056495468295583,0.067665102922126158,-0.77319940984834079,-0.62850229022786197,-0.084543147495870302,-0.02261831446384956,-0.10589863923953333,0.99411965580508865,-22.75400249532542,10.244959914752899,-6.2932867575783975,,0.08520865246113821,0.4,0,1
0.86696167542348657,0.49451108192941728,-0.061937413538975632,-0.4862274972737412,0.86654469576300408,0.11261931956781125,0.10936303873711213,-0.06752096040489787,0.99170592700870019,15.713218689149732,-18.925112470858267,-0.87255246665969888,,0.3280015726472133,0.5,0,4
-0.93564701616578216,-0.33964132622228232,-0.09596056826655322,0.34103010424469404,-0.94005015434914851,0.0020433567963850856,-0.090901755422674785,-0.030813581909822915,0.99538303885035384,1.7111884637503367,-5.3776335935319919,-2.7616300035135799,,0.08977326465186554,0.45,0,5
0.62394563789014246,0.78146140619147797,-0.0031482679523155929,-0.77571226537201521,0.61983331909768147,0.1186471149576188,0.094669542669635426,-0.071587199760767772,0.99293149336755993,-7.1746288838727361,17.228998035080451,-4.5966177145069871,,0.104763226206647,0.4117647058823529,0,5
-0.98009914869851689,0.18168360438118977,-0.079979538755233601,-0.18102337271585253,-0.98335678758913159,-0.015490862886214792,-0.081462858107349295,-0.00070441567365397105,0.99667612921527282,-0.15154135869126203,16.972310126209479,-3.7908499769658701,,0.138447256978855,0.4,0,5
0.36775846020762543,-0.90316303150410027,-0.22147291814133532,0.92969329863082995,0.36236286409244473,0.066056984548535924,0.020593334519730628,-0.23019490274774246,0.97292662689553044,3.1396510265360806,10.973483411781574,-3.2153363575607208,,0.2185404460308309,0.2380952380952381,0,6
-0.056499572477000284,0.99684972946590522,0.055663409648248924,-0.99779833692663211,-0.058317015811910261,0.031584877603710135,0.034731500635073916,-0.053756325493340612,0.99794988868835044,-21.450327125619534,0.92810736227800938,-5.6454671076846168,0.6157317823246613,0.3391663402141665,0.864,1,3
0.90393698902723196,0.42735142178204288,-0.016391527361649092,-0.42262434281539524,0.89849269441615898,0.11874149628771524,0.06547201484784658,-0.10040737214794805,0.9927898946353686,-6.1523366501319261,-14.121389850513026,-3.2699243061671921,,0.191026457426768,0.4210526315789473,0,4
0.57795557988438095,-0.81064233421946175,-0.093948675625210795,0.81589365930699742,0.57637111788846462,0.045976854684054297,0.016878518393092731,-0.10322470845308186,0.99451484412331936,3.7496633597460804,-7.4725829786816416,-2.4733609200295881,,0.06845324606977921,0.2884615384615384,0,5
0.1602713147171092,0.98706761188517289,0.0032611725116499205,-0.98561692961588909,0.15985462990412205,0.054824860718140619,0.053594530816089003,-0.012001119344358969,0.99849066064790282,7.6351446566017982,-18.131961714972594,-1.7140865540820061,,0.07611320455771058,0.5,0,5
0.99138823631940776,0.11311899627847286,-0.065980736343618313,-0.095685586541695816,0.96970312545154735,0.22476680586259595,0.089407121727896291,-0.2165177617897735,0.97217612880273996,-9.5554064844976416,10.555847186464689,-4.5979383023829277,0.1493345870164438,0.2340751693816571,0.7368421052631579,1,5
0.86206512395429102,-0.49689964472280979,-0.099671787061436354,0.50394707322850385,0.86130443552346148,0.064745785438425338,0.053675594510912195,-0.10604438892255946,0.99291163661825577,1.1546675707457217,-19.566783012766692,-2.3291085154245459,,0.08490430810893553,0.4375,0,5
0.92886585699013835,-0.35812889985632829,-0.094614538024931569,0.36523738147421325,0.92806082954694202,0.072833727314352711,0.061724184011093718,-0.10220952865725069,0.99284607938986547,1.5717760141379156,7.9600717861881174,-3.2717209977588326,,0.07809924861421633,0.225,0,4
-0.39826439196016855,-0.88987826594697605,-0.22249077709379231,0.91452110300143319,-0.40397953507129375,-0.021252938823196364,-0.070969192341737958,-0.21193679963324799,0.97470311721035219,4.9093647057010914,-28.709587923537491,-1.6216589667861985,,0.3045184851742272,0.6896551724137931,0,3
0.98794072514601305,0.13673222720089703,-0.072645864594295853,-0.12745343326623215,0.98457639543798203,0.11985384388913578,0.087913286519277642,-0.10914952858823301,0.99013010986554029,-13.302524947244404,3.1638524533067875,-4.7195297297042567,,0.06939919232288658,0.1956521739130435,0,2
0.52012096372682504,0.85275900391579373,0.047710212034963242,-0.84956857119069973,0.51081620287359664,0.13152965341242631,0.087791946879376165,-0.10894442676127565,0.99016346425263813,-9.430843300568446,-11.501176112004314,-3.6956932758747989,0.4875079571399409,0.4454327752059267,0.7543859649122807,1,2
-0.70249541399789706,0.70907085047183693,-0.060981327659116562,-0.71098119617362654,-0.7030350075275883,0.015732669137897642,-0.031716431064068226,0.054408705202653874,0.99801491010842558,3.2458716059736861,5.2255134793426983,-3.0015267650709352,,0.1433835261405305,0.5643564356435643,1,5
0.99464248789326326,-0.053691560739244089,-0.088337634012261898,0.066357197081377578,0.98685726814478636,0.14734128649266312,0.079265652542595502,-0.15241374155631074,0.98513298986066,8.0127440248949142,-17.108598437317983,-1.693362674227846,,0.1038085082139597,0.44,0,5
0.20700416980336553,-0.96816841802575504,-0.14070958752525053,0.97809532225063978,0.20158391017327834,0.051898629564454471,-0.0218818252309134,-0.14837062208118684,0.98868971079292878,6.3676532631298404,-16.854917306332151,-1.8840640345990538,,0.1027386632496465,0.3333333333333333,0,5
-0.98663680729644976,-0.12124018332639905,-0.10885140529570229,0.13863930151314563,-0.97565332418811956,-0.16994038683202844,-0.085597631765225862,-0.1827605234935967,0.97942413513683213,12.444380615751383,10.939814248508922,-2.2444265434101003,,0.2108695721720943,0.25,0,5
0.47264171532157184,0.88016302529145385,-0.043850403050351615,-0.87823145504749778,0.47455491726284871,0.059221126862007541,0.0729336705715357,0.010520428291993867,0.99728130449012031,-5.1640073117071958,-17.98553965906617,-3.0586111375378708,0.1358496284059836,0.1280674657553547,0.3333333333333333,1,5
0.72112583644896933,0.69047815504113363,-0.056722530063170601,-0.68784823477086432,0.72333910628718168,0.060376677933355882,0.082718401389177826,-0.0045226902010121438,0.99656269815048049,0.28662714062130351,-13.479162233258611,-2.6225213640201064,,0.1073752941531847,0.4606741573033708,1,5
-0.21629503725017515,-0.93389460137200109,-0.2847056908268179,0.97481693881804665,-0.22279214014259982,-0.0097774272736828715,-0.054299103623884321,-0.27965073899224807,0.95856511073934447,-16.543643992518565,7.2161936039204511,-5.2947734919952065,,0.7044910146330734,0.3255813953488372,0,1
-0.47175969037209586,-0.86670178377638396,-0.16208273362347184,0.87952905502990364,-0.47553638933894338,-0.017140121723143747,-0.062220863849898542,-0.15064249205756622,0.98662830067277985,6.2732438367009822,-8.5711054905521245,-2.1498898815311995,,0.09450150286905361,0.1929824561403509,0,4
-0.11102185239828766,-0.98720128641718841,-0.11448916274609375,0.99347406296419105,-0.11327491882275785,0.013344623753426819,-0.026142580352285564,-0.11226046883006656,0.99333486429832851,-4.3409886895866991,-13.5111361290807,-3.1011002849772979,,0.1989942486428538,0.3454545454545455,1,4
