axis_00,axis_01,axis_02,axis_10,axis_11,axis_12,axis_20,axis_21,axis_22,location_x,location_y,location_z,dbh,dbh_approximation,score,reconstructed,number_clusters
-0.54819292475237313,-0.82401619829645001,-0.14311471691095881,0.83071879356355682,-0.55629661025878896,0.020984933521186171,-0.09690615703734419,-0.10738429289074855,0.9894836079332523,18.382931975787653,-2.3946451912411475,0.40222721512169596,,0.1073866771462038,0.3529411764705883,0,6
-0.94852011022515492,-0.3131376334363466,-0.047480764782628714,0.31566821709966242,-0.94688514316126837,-0.061335979437711997,-0.025752227312980408,-0.073166578342487257,0.99698719881554743,-20.114119700479769,-25.193816961114443,2.3092023838020923,,0.4434122720385176,0.5476190476190477,0,4
-0.84797296769454822,0.53003411789936261,-0.0023832586817429226,-0.52846970940624638,-0.84510726606857434,0.080706103103645399,0.040762878938773769,0.069696073782841025,0.99673509269006777,6.1177906054988815,11.157958539865467,-2.1680225074022408,0.1636020250878623,0.1534060660166078,0.28,1,4
-0.95393974371471391,-0.2866923777762761,-0.088354093773239675,0.29475505834131216,-0.95051863154305072,-0.09815185516196244,-0.055842823565030529,-0.11967377162315115,0.99124152830769441,-16.845148499826031,19.298981813808322,-3.1266432403746038,,0.3477929236671467,0.3333333333333333,0,1
-0.26567188907605838,-0.95343721096724054,-0.14274428919493307,0.95225834407411936,-0.28262649911838195,0.1154396298387243,-0.15040775743282991,-0.10526037592130941,0.98300445561804517,2.8519200520737287,-8.9746259374906376,0.303838151029524,,0.07941601611812123,0.3076923076923077,0,6
0.60824583643982388,0.79255950895171001,0.04343301997147863,-0.78756070915707399,0.59578057686501906,0.1574599429137169,0.098919825341662382,-0.12998049469289175,0.98656978422905539,12.483630214713724,2.1747101109867364,-0.53186643481401441,0.7611347560394235,0.6734240277080872,0.927461139896373,1,5
0.97781390014903846,-0.20561757666516589,-0.040017356755183801,0.20942744633774335,0.96367627209905371,0.16573529290323963,0.0044856878824378263,-0.1704390059804845,0.98535801810540202,8.5179885217615787,-6.3906841869979143,0.31048281135215727,0.5907284921853787,0.5633840631832938,0.9580152671755725,1,6
0.99860252177033226,-0.052588516698199771,-0.0052394107890424719,0.051014993888312113,0.93331189166843465,0.35542422999686374,-0.013801228659385609,-0.35519482088252796,0.93469041147629184,0.84012829982891224,-14.154561302919548,0.99673158734280221,,0.4111639481536566,0.2272727272727273,0,5
0.83926356096525589,0.54274310976218343,0.032658720758681974,-0.54021605378777005,0.82552938052264035,0.1633029611607674,0.06167082345719134,-0.15469698994996833,0.98603526855510149,-3.3356001772160235,-8.1712132181718413,-0.27876069609114007,0.5062397984062517,0.3160869594690091,0.6911764705882353,1,5
-0.99947394315649984,0.032128578283358744,-0.0044262183280641071,-0.031837081463161818,-0.99797990160162309,-0.054977415755218986,-0.0061836231374170414,-0.054807576635938687,0.99847778760881278,-25.558189723461375,12.528240501949314,-2.1565401767455188,,0.3699892659609368,0.25,0,2
0.28790202675878179,-0.9477615193469916,-0.13733362819524125,0.95259495963740026,0.2686899251682332,0.1427184885938397,-0.098362929305742433,-0.17191226412962002,0.9801892202938276,-2.0462023827766491,12.034950381189971,-2.5818066476204367,,0.1973160842856038,0.6533333333333333,0,5
0.4730810848806864,-0.85025633895472796,-0.23077791314468549,0.87692252461064135,0.42920920606523932,0.21630151007181167,-0.084859725185814555,-0.30470250326531623,0.94865969216850232,21.015260062183398,14.274655362693759,-1.461735846099556,,0.3215391090345102,0.4166666666666667,0,4
-0.99435558563518867,-0.097345783222528015,-0.042199144599083381,0.099752910197070666,-0.99324463089593329,-0.059282882045469595,-0.036143135217035709,-0.063157752376050078,0.99734887180539222,-11.183819486316606,1.8320107970828456,-1.5496869717126076,,0.0848567859051329,0.2098765432098765,0,2
0.11346069851380766,-0.96855730010101582,-0.22141234453794587,0.98754985450983157,0.085500926321472853,0.13204119226885494,-0.10895850012903772,-0.23363721454254932,0.96619961562320489,-7.2914520898109396,16.443631862664375,-3.0207650578178438,,0.340375165114993,0.2352941176470588,0,5
-0.9962498758337397,0.08640518384378823,-0.004508781008316691,-0.086353749126141119,-0.99620845319045837,-0.010571083375645723,-0.0054050821565703767,-0.01014209035635826,0.99993395936435969,-2.9720987962803069,8.1591699707451824,-2.2127305583756631,0.37123298576762,0.2763488144078501,0.7685714285714286,1,5
0.82468837454359045,-0.54575553684596012,-0.14845867739754662,0.56395320815411276,0.77353300147074355,0.2891426544948813,-0.042963518307218791,-0.32217633314326544,0.94570425951088122,7.8489605824889859,23.421333107555043,-3.5274269179055073,,0.3328138316813838,0.358974358974359,0,5
0.92965047904602749,-0.36731721887062002,-0.028775815030061221,0.36787229144725686,0.92103203317748217,0.12794518766369056,-0.02049302307702993,-0.12953013001655492,0.99136369785415146,-9.5094785169338518,5.9719453457017648,-1.9052397753672197,0.2967354506892034,0.2893549897484636,0.8530183727034121,1,5
0.36420978656625902,-0.90338317427612302,-0.22638478704223228,0.92635935736755115,0.32635719644579109,0.18801415198229496,-0.095966517009518623,-0.27819026000713992,0.9557199416409714,25.324690696854109,6.3509927615399686,-0.34551355324862909,,0.4498035014914567,0.4705882352941176,0,5
0.43566917240421016,0.87917058455690722,0.19300636120733478,-0.88600829256341795,0.38106738699589771,0.26415327383353454,0.15868735842998391,-0.28608867474610761,0.94497174161798525,-6.2645285562946746,27.269190102331006,-4.1834957904230281,,0.5099229788956163,0.4090909090909091,0,2
-0.99558461375968865,-0.080192250343048929,-0.048790161199671486,0.085785733679766787,-0.98830002532480155,-0.12611053817988793,-0.038106229700618284,-0.12973921121971801,0.99081565002279248,-5.064676952579255,2.3364159534232765,-1.6670565069305665,,0.1114936044855283,0.2899628252788104,0,5
-0.40189687294204585,-0.90128472968770201,-0.1617551840009204,0.90889745404693845,-0.41411290462106587,0.049152011691259517,-0.11128486665489971,-0.12726483511980244,0.98560607759668872,-25.327979909359904,5.1450304851964246,-1.3524755389884979,,0.1120183706278636,0.6666666666666666,0,1
-0.9957239247300852,-0.084165697564273459,-0.038078879626840319,0.081774337223331314,-0.9948119356538685,0.060515869425206391,-0.042974684312988662,0.057143223868827989,0.99744063907286029,-7.6369022719279229,22.876968389087715,-3.6481403759416753,,0.1227566358292601,0.5,0,5
-0.97665375692213574,-0.21161650591865905,-0.036957996599588185,0.20992877524118891,-0.97668952750796356,0.044804867838261049,-0.045577937816572843,0.036000295541117874,0.9983118902954824,20.317731801271993,-7.9336011490849137,1.3649476601730255,0.2240538504937234,0.1737897338487971,0.5,1,5
-0.79476192532108358,-0.60059898474080464,-0.08737471938861556,0.60055371075205899,-0.79903062130218239,0.029754104311508177,-0.087685361160553171,-0.028825782725934355,0.99573106393663335,19.123012894730643,-8.104444040917226,1.3289734550013412,0.2619081989972669,0.2316560756942917,0.5862068965517241,1,5
-0.95523452160648981,-0.28163201437333979,-0.090611352551621255,0.29085853586034349,-0.95000901185932751,-0.1135085437455679,-0.054113961677154279,-0.13478236481853689,0.9893964793173281,-3.9460154255463005,-14.322595541911859,0.56692474677406668,,0.4153740734589497,0.1111111111111111,0,2
0.27271455048374776,-0.92391487239638093,-0.26834321776267328,0.95661286800635725,0.23066711220561772,0.17800141603754643,-0.10256020046342584,-0.3052441513141555,0.94673513369336904,-14.116858652736337,15.451432942406777,-2.7700701274849431,,0.2270265978953025,0.1052631578947368,0,3
0.097018089984549694,0.97393349236994653,0.20503912469533467,-0.98883314856865878,0.070907082169167399,0.13107703837837972,0.11312159169469864,-0.21546632715655156,0.96993699143507395,2.7870483358892062,-16.041848234006626,1.4056623450030026,,0.3207931792174482,0.275,0,5
0.56878900075936634,-0.8131941432134201,-0.12326539684174848,0.82040066591252025,0.55028187828519415,0.15534671480662968,-0.058496324546549544,-0.18948651633905461,0.98013929629427343,-11.607544223040239,-27.504313697606307,2.5321776227847264,0.4837876194832121,0.4191505133866029,0.6585365853658537,1,5
0.9188843692004659,-0.3902017211190752,-0.058259187041812995,0.39386302727258132,0.89871788496176674,0.19281617929397407,-0.022878631662302713,-0.20012191305691532,0.97950384793920031,8.2643845267210594,-10.694718235118257,0.92013551134934002,,0.0788684453494595,0.4166666666666667,0,5
-0.21552995617971268,0.97614681072501275,0.026158017901930192,-0.97032032974736626,-0.21709798029355673,0.10652194436556778,0.10965990911966796,-0.0024229865548497623,0.99396621344390812,-0.83605695345128583,14.416790094749336,-2.8563516278391066,0.3000041640051491,0.3143615811211268,0.5689655172413793,1,5
0.71415366259376345,0.69815366242481192,0.050655797760322696,-0.68857420333935748,0.68765045352949683,0.2302225450650871,0.12589723070616748,-0.19929454935722346,0.97181869188497205,-5.1565184749191211,19.884593628627961,-3.3947919028774716,,0.2038812384594883,0.3333333333333333,0,3
-0.48198174836169649,0.86973827785426416,0.10606093664163631,-0.87219675743174985,-0.48779291222450555,0.036481380306625649,0.083465026039313592,-0.07492264556617402,0.99369018643117402,-7.9736775400064426,-3.0425296511008963,-1.063251904544823,0.3104425211950625,0.215801864124084,0.5333333333333333,1,5
0.098440995264262685,0.99485646849628595,0.023874202447023655,-0.98904323888688506,0.095157277475268351,0.1128652477764361,0.11001291771207128,-0.034723185835905404,0.9933234409304369,5.1904256342239226,-10.026505860583152,0.58742126861119492,,0.08108237086743093,0.3947368421052632,0,5
0.0042805541971839738,0.99945597410012532,0.032702181751897097,-0.99223166297002974,0.00017912456505498082,0.12440375763665314,0.12433022100637445,-0.032980657209330022,0.99169262999910701,-3.4522081749581996,18.799296616215162,-3.2916400579233196,0.3494255211366119,0.3531909465635489,0.7589285714285714,1,5
-0.67987004559144126,-0.70889090686315481,-0.1877509075190481,0.72681400161903986,-0.68542914626347318,-0.043912327461034996,-0.097560894614648466,-0.16631466447448565,0.98123458164840915,0.48092728403463336,9.6859284364410811,-2.2493978496183891,,0.2290401077166234,0.5544554455445545,0,4
0.83471525218418685,-0.54272580965221462,-0.093269198069010489,0.54931256286428531,0.80867383267268489,0.21048121205927003,-0.038809226358672358,-0.22692582023167179,0.97313848760678578,20.005172233924199,16.920141560204573,-1.7780426447882893,,0.1801118356861609,0.3571428571428572,0,5
0.99787917262839076,0.062611858646001078,-0.01780202211471537,-0.058579474283886976,0.98303374516383313,0.17381916195227853,0.02838312926904047,-0.17240768841922971,0.98461667005329301,19.433248255609598,-1.3013592845364501,0.33121565526437419,0.6095894187498069,0.5173948733830951,0.6625,1,5
0.81598231431114665,0.57806340334392525,-0.00394518008004656,-0.57156675055063644,0.80779553881662292,0.14414512524864903,0.086511920545160242,-0.11536493913837338,0.98954869431533632,-15.109810003075676,9.7532747912689537,-2.0945970953515176,,0.0706968968721676,0.2439024390243902,0,3
-0.23270357545943121,-0.95719622351113576,-0.17211750539795712,0.96570407257536517,-0.24837684187184109,0.075661011314435728,-0.11517243671881543,-0.14860798806857392,0.98216647046336258,-6.600991671054703,-6.7085625295889688,-0.54406079051626455,0.6258467123577263,0.2666517229091266,0.17,1,5
0.99609216097381947,-0.082412841269298306,-0.031757368285615366,0.087180606824219756,0.97504962923177796,0.20415132213319948,0.014140319666385546,-0.20612215826760114,0.97842409375016826,-14.927644569037957,-6.0732326277702482,-0.41236721942151344,,0.1407012551956571,0.3421052631578947,0,1
0.66874593290916318,-0.72559309831474228,-0.16215280723893566,0.74038043354170369,0.62998757055384724,0.2344194415492481,-0.067938875807987076,-0.27682181385446425,0.95851655829634574,-4.3118316735581983,14.33617147372043,-2.8151298695645695,,0.1172431176379686,0.4545454545454545,0,5
0.27779626183242923,-0.94679361710129639,-0.16251487171385962,0.9556570907921027,0.25516340993217379,0.14700734352596173,-0.097717765686199984,-0.1961465800059467,0.97569347513513027,13.396315242241689,10.202603048216055,-1.4782686115040176,0.2753089227495013,0.302387573536548,0.6829268292682927,1,5
0.55760156719610099,-0.82031142202393825,-0.12715999039600742,0.82555878030081742,0.531983701748861,0.18827119095018735,-0.08679396596927115,-0.20995835770609278,0.97385024285086119,-11.208384518273467,11.321324607977903,-2.382634089848076,0.2311196866253092,0.1340603570356254,0.4038461538461539,1,5
0.059130958130492489,-0.99591832461716923,-0.068192525120431377,0.9911434696134912,0.05043603378158814,0.12284473590232722,-0.11890396306725849,-0.074852502884761446,0.99008027471452331,14.060739468078506,-6.9583916257058842,0.81637068006148006,0.2317920701882385,0.1705972274085475,0.5,1,5
-0.20784484664491004,-0.95177894096048721,-0.22564876970035974,0.97482748079733039,-0.22058066547407443,0.032489270557265602,-0.080696359307484589,-0.21321589425543888,0.97366682188075449,1.7861749131292908,-5.6799278759591809,-0.3386014869715987,0.6051351851713542,0.4872344842322378,0.225,1,5
0.2332566823604986,-0.95205686904378062,-0.19793695521737895,0.96717811447540181,0.20604618100136121,0.14869924739069895,-0.10078598619837707,-0.22612538424800402,0.96887021606854662,-1.2242789282627906,-15.076030110086789,0.9204866690291863,,0.4374701510236487,0.2222222222222222,0,3
0.13255472043480854,0.98908952403670147,0.064274096892136021,-0.98512353568021882,0.12431294245638881,0.11865037626041221,0.10936574207379829,-0.07904559303771784,0.99085363635703572,-2.592522128747301,9.8647614290672649,-2.3911426447068105,0.3775762090587441,0.3439142566665544,0.7859922178988327,1,5
-0.9997101226705053,0.0082604538951147732,-0.022614940450288838,-0.0060739422019625957,-0.99544919439288415,-0.09509999268499017,-0.023297593357483198,-0.094935063511879803,0.99521080975828635,-0.2751101214520405,-23.918075468315919,2.4776733887982356,,0.2418169279959659,0.1,0,1
0.54408395831500234,-0.83578717474482556,-0.07370512082848639,0.833085537898134,0.52770117673711314,0.16583110267752382,-0.099705229798923337,-0.15162871298777522,0.98339595308726724,-18.560352799858908,-17.013228448041801,1.1291880519058513,0.16760167432572,0.2005804500910069,0.7826086956521739,1,2
-0.18150988094632101,0.97798779174455563,0.10292736427918822,-0.97993888768290827,-0.18863952564624223,0.06430323297273291,0.082303945990682803,-0.089190854702536806,0.99260820665144289,-16.502248353932853,13.156703335159865,-2.4873973147384278,,0.1429570228404697,0.4375,0,4
-0.37102897034475968,-0.92338774236728061,-0.098450903554839445,0.922033807388003,-0.37892637327032852,0.079173617283655212,-0.11041359154782773,-0.061399355746233029,0.99198737790127967,-14.863644934350358,-10.968699665508641,0.27778018663049164,0.1414305435477864,0.1164693045633464,0.4390243902439024,1,2
0.15171710609774944,-0.98536738017860992,-0.077672683726440331,0.98140929748671379,0.14082911996752734,0.13039535948724074,-0.11754875807067974,-0.096011900559853383,0.98841489488317869,9.3534630124408338,1.0940741277099539,-0.59330828440757943,,0.1250248826923626,0.2244897959183673,1,4
0.66203016494896194,-0.70969203902024247,-0.24094246294279856,0.74642255345796216,0.59533673919315233,0.29736768260212909,-0.067597576783096636,-0.37671126438979197,0.92386102358249633,-24.207379762767424,3.8051838057364655,-1.2781459990057231,,0.4355671914908351,0.3571428571428572,0,1
0.178866482706248,-0.97498342712332375,-0.13196248784845871,0.98246843246165161,0.16983200917590058,0.076895174592571502,-0.052560066406357582,-0.14340294799667103,0.98826769345416876,-4.1990944292405752,20.612546454123336,-3.4830281300073147,0.4167227925099596,0.3506977031033001,0.6,1,5
-0.38068582051193844,0.92424096263634348,0.029273692049309821,-0.9202489142461342,-0.38176560822584638,0.086005559150328981,0.090665549631397918,0.0058020135293780067,0.99586449617859196,-3.2272437631455864,-21.536912957403231,1.8078894817800406,0.2449562842007341,0.2382549241355373,0.375,1,5
0.99017756148067304,0.13975271056478633,-0.0041924491628397148,-0.13774488881394376,0.98021574801822442,0.14213878057274479,0.023973784553595806,-0.14016514269556343,0.98983786067583279,15.305961718491359,-20.066108047889315,2.812677369358207,0.4962606843211169,0.4502417435979716,0.9361702127659575,1,5
0.37098647911255878,0.92597501115693581,0.070280232132366324,-0.92028073879197625,0.35646263990882754,0.16130018027802587,0.1243076591532523,-0.12451772991081146,0.98439978708535691,18.761101287345415,10.92074007192349,-1.2736506310933382,0.335804048788196,0.3411973594172404,0.7058823529411765,1,5
-0.33868218940672229,-0.92965958782582725,-0.1450083630077382,0.93317160102288532,-0.35160053993446866,0.074617848817670113,-0.12035421730481913,-0.11004594986325035,0.98661276663929309,5.1007296619979705,27.997947706500508,-4.1033471284550584,,0.4620435481651193,0.7954545454545454,0,3
-0.87447074878844533,0.48374059498124522,0.035999253889044916,-0.48401357198782696,-0.87505955280784764,0.0012810820876316606,0.032121202420854526,-0.016303858651302575,0.99935099567074903,-5.4919088389642896,5.1314741913559141,-1.911135041918032,0.2281941505593051,0.1891471281703356,0.1917808219178082,1,5
-0.57280109584141348,0.81820306833975309,0.049423107574200993,-0.81712171667267375,-0.57473774653418785,0.04459397774035806,0.064892254890548576,-0.014841215186724561,0.99778190682483425,8.0181341086589164,-4.3817523265012772,0.00053738067641407651,,0.1309989867306292,0.2894736842105263,0,4
0.93901738980721206,0.34380586744244046,0.0066232282008630945,-0.33703251498053222,0.91635447836094186,0.21611005028397576,0.068230678477844378,-0.20516333858659117,0.97634654657783038,-14.334279805728841,-20.093400887496358,1.5495877985614104,,0.1531123089609436,0.28,0,2
0.87702255240267257,-0.47977796923900534,-0.025387847683419291,0.47934378313906295,0.87019972015693259,0.11393851238596234,-0.032572690141151987,-0.11209615190402879,0.99316336651392634,-27.709507893251541,19.356487871476421,-2.8550582073731361,,0.2203044618509345,0.1538461538461539,0,1
-0.95134766551947814,0.30810063256386189,-0.0034087423469443909,-0.30790041899434678,-0.95019598473215316,0.048217451011016176,0.011616853866058067,0.046921112653498,0.99883104571975145,-19.906454761847495,12.101223498397006,-2.2461926357864459,,0.11444024813626,0.2068965517241379,0,1
0.43891198759504096,-0.88813583764197879,-0.13627546015828992,0.89463975515122818,0.41785838119034036,0.15815840721232821,-0.083522306291930443,-0.19133506517356208,0.977964680950548,15.474756876220674,11.210853222302452,-1.4929574635094649,0.2750360288926099,0.293112148918307,0.6470588235294118,1,5
-0.57298789897363978,-0.81112035117934822,-0.11733986335626126,0.81322959604105027,-0.58046799214848788,0.041406934371125026,-0.10169804202975402,-0.071698577348473957,0.99222821077286449,-13.275350746251206,-18.641451092115766,1.28267904347471,0.39849236413919,0.2957699194177125,0.4166666666666667,1,5
-0.58523199936349801,-0.80658488076245849,-0.083212601488083973,0.80486910150074664,-0.59029460906453146,0.061139217845288155,-0.098433918800302833,-0.031194625094135345,0.99465454253969621,-8.0366308915951716,18.648484823645035,-3.2437838570219233,0.0548472511026043,0.1410788621668644,0.5555555555555556,1,5
0.77964521304885814,-0.62065944374981263,-0.083277828106731858,0.62442727839414236,0.76044703571220684,0.17835604804379873,-0.047369988043964001,-0.19105538663092159,0.98043557844053342,4.3995167121491434,-6.7380380933944064,0.088766497717236631,,0.08516456746560534,0.425531914893617,0,5
-0.3765218535446378,0.91318446054586455,0.15596613357030847,-0.92394427535961954,-0.38243002615765559,0.0086169091468353363,0.06751496007182696,-0.14085956165846786,0.98772481696871728,-14.656835209457798,5.4763846352607617,-1.6749064212109428,0.6080842421023441,0.3282345964512978,0.2063492063492063,1,5
0.97889340495916566,-0.20119089199937973,-0.035915549612192781,0.20437111255556742,0.96332425172454716,0.17389316948098318,-0.00038740192503685186,-0.17756297760466933,0.98410936328434184,-1.332580441136914,15.810110284478451,-2.9837097548510347,0.2883229115282439,0.2774463801497818,0.8235294117647058,1,5
-0.4347800121065335,-0.89349443115493454,-0.11240125696700722,0.89366983264906197,-0.44347511048029675,0.068440168011818805,-0.11099806883743593,-0.070693195426497782,0.99130313266666858,-13.924768010865195,19.058109287870593,-3.1864137157979462,,0.1099260894040825,0.2666666666666667,0,2
-0.49841341917936288,-0.85013531284133703,-0.16986469156978859,0.86016721770434679,-0.50937738904317953,0.025436845683310488,-0.10814999384512186,-0.13343397390363529,0.98513905284461423,7.5939359468025316,11.376783229348758,-2.0707249770721723,,0.289385853245694,0.5,0,1
-0.18286941922215949,0.9606798447133712,0.20893303107657399,-0.97752112239101752,-0.20035425567807433,0.06565536924800193,0.10493441186168043,-0.19223009179933112,0.97572350643717942,2.322229540554535,-5.1096798494096491,-0.34600725358199858,,0.1717795130752128,0.24,0,1
-0.98961384278387698,-0.14077938953229938,-0.029079299397376131,0.13825415746684599,-0.98749942511240596,0.075701210992964063,-0.039372961708025726,0.07089463227622983,0.99670643672084147,-3.5645879131433715,-6.6313366943793515,-0.54614949084621855,0.2832247199381377,0.2631864668690864,0.7602739726027398,1,2
0.79355426130546336,-0.59745812429354694,-0.11539247843589064,0.60278378073966132,0.74590557182336126,0.28333124007081223,-0.083206658634634154,-0.29439542733966023,0.95205461204720698,1.2108015388037163,14.839957158451217,-2.9405623527664617,,0.3202096962144887,0.2173913043478261,0,5
-0.91609308840500736,-0.39749347729772666,-0.052653479299445555,0.3947540833915118,-0.9171160413262297,0.055383936189407505,-0.0703041038795231,0.029951665193553613,0.99707584000908855,-9.133989866433895,20.209676656163072,-3.3753817697574107,,0.083628235680652,0.4444444444444444,0,4
0.68120945633188668,0.73203552672006034,0.0088127307742110438,-0.72569604946795252,0.67362495243375475,0.13998095315159129,0.096534555422511881,-0.10175171290108441,0.99011497742993071,-15.195442420094105,7.4149447752639972,-1.8344032950131959,,0.07919820392499655,0.3333333333333333,0,3
0.84128224590530487,-0.53629900360687899,-0.068026182127143967,0.53829869453608259,0.81945921314263115,0.19677681127716562,-0.049786526141876064,-0.20216324276665357,0.97808554078301102,-14.907392327857037,-21.352891400698709,1.7407561296904162,,0.2731501673884194,0.6764705882352942,0,2
0.9869804006878059,0.16045791933881304,0.011088046698938373,-0.15551052059485576,0.93440281357573485,0.32048067019099319,0.04106295949460799,-0.31803244819233495,0.94719015791673744,-18.775927449385559,28.035520206858287,-4.0511794540189703,,0.5564763502144867,0.2352941176470588,0,1
-0.45318995832153547,-0.88837651199074552,-0.073525741204562567,0.88316125078196994,-0.45866202594099159,0.098261646011704187,-0.12101680376604493,-0.020403894306243231,0.99244073591494009,1.5298775693815176,-17.825054412895451,1.6239895256836454,,0.1072738639006023,0.2142857142857143,0,4
-0.48010629301184982,-0.86784177285237729,-0.12786166236547628,0.87040500146793864,-0.48941485897881781,0.053555851504216018,-0.10905540257143426,-0.085578929084133157,0.99034497326274895,3.5163006653465239,-11.479829421992731,0.74131434443742061,,0.09474598301609125,0.2325581395348837,0,5
0.75703584583934758,0.65293355837913092,0.023968655712594648,-0.64621387524214813,0.74282067749475333,0.17500019580206277,0.096459087487017495,-0.14797029914344675,0.98427660493002123,-6.093203898793532,-12.187203599099655,0.28537598930988134,0.5916558629139999,0.5115465297994327,0.8448844884488449,1,5
0.18636991637403905,-0.97908231767746978,-0.081633752100762347,0.9763770922096846,0.17532530332682145,0.12628860527189129,-0.10933447799708568,-0.10324172230582493,0.98862890848711882,-8.6029076022503475,8.5296952706459948,-2.1995874239365376,,0.08166528133432813,0.1320754716981132,0,5
-0.15999949808984443,0.98675403674729345,0.02676997523197969,-0.98128469010196973,-0.16193932260138547,0.10419219148711266,0.10714717720257796,-0.0095982685067315682,0.99419683949366544,-2.6693174156992061,-7.6999854045563865,-0.28822077924950534,0.1299176641697656,0.1177463698936663,0.3802816901408451,1,4
-0.42284735868576023,-0.89846430529111243,-0.1181609215021438,0.90098165969933863,-0.43079704963229726,0.051438807466094708,-0.097119308779985078,-0.084710059295621226,0.9916612555284342,-9.9300136897712807,-11.132970343112648,0.18613019779221118,0.230047394868314,0.1631553956780548,0.2906976744186047,1,6
-0.97937727949122988,-0.20038943375034993,-0.025772451524281578,0.19697663879021157,-0.97541163428572364,0.09885518434034643,-0.044948283474097586,0.091739950628215897,0.99476802988006396,-8.6696253218686898,-1.8113668890855554,-1.1769088982808753,0.3459169600290673,0.261486871247963,0.8392993145468393,1,4
-0.99323415398442128,0.11585748229711385,-0.0079346804992166051,-0.11571032942219327,-0.99313739022089254,-0.017007169377700512,-0.0098506357083295668,-0.015973976994105944,0.99982388300896896,-1.454102374126355,5.826178608701845,-1.8437393973628977,,0.1112561086784855,0.2978723404255319,0,5
0.86931737444463164,-0.49131735958722478,-0.053801065574299436,0.49315648664196893,0.85498132089790824,0.16063505407792406,-0.032923884516287187,-0.16617518793100805,0.98554645996241708,10.303330921472073,6.1921528765751459,-1.1636904690413798,,0.1579496389177317,0.3137254901960784,0,2
0.66871288676729901,0.74291966850795355,0.029890487038144418,-0.73693902723718974,0.656920378810122,0.15929998756644534,0.098711423888267869,-0.12855342098908851,0.98677762071601094,7.9300841618856959,-17.557918183536415,2.053918924852038,0.2856230526285922,0.3210712989299679,0.3548387096774194,1,5
-0.22948708174369592,0.95817070076741462,0.17101048945501612,-0.96690925658455318,-0.24455057423454543,0.072673971768858023,0.11145478385367288,-0.14867388752715122,0.9825853175799516,13.433861904166916,15.567258664393304,-2.1562068018188794,0.4169769390075244,0.4503985611136447,0.7222222222222222,1,5
0.39029862203923577,0.91995175731061873,0.036820508624660457,-0.91321307138216035,0.38173412955005159,0.14255153662246445,0.11708489181374022,-0.089262638084302959,0.98910227456577782,-10.770038085267718,26.259379390047659,-4.0389496968362524,,0.1249186156189325,0.2941176470588235,0,3
0.27031145484010255,0.95115313009986402,0.14912893912134989,-0.95673361185844574,0.24805168612492245,0.15208930583994404,0.10766853450530652,-0.18378815008540378,0.97705138174287676,14.293682515427541,-7.9711921873503204,1.0130067819537041,0.8056572022583399,0.5173942030772651,0.3877551020408163,1,3
0.98708904326200919,-0.15357823864264228,-0.045485660240506785,0.16016693052744163,0.94878038517437047,0.27232762451464704,0.0013323053362042506,-0.27609691291971467,0.96112887774673261,-9.2436978260250804,-8.6794205896181751,-0.18983046440200671,,0.08185245239880164,0.2962962962962963,0,5
0.46271176223986049,0.86521981164301787,0.19311266821548329,-0.87903585679226559,0.41956849887827113,0.22640282070354506,0.11486421356702138,-0.27451220790605024,0.95469851793756044,4.6265434712390521,8.9882832976493638,-1.9607766593941149,,0.121267340327296,0.2307692307692308,0,5
0.86326036253046845,-0.48557133948069353,-0.13784781738819987,0.50383336852004768,0.81239179147612961,0.2935498491022388,-0.030552958113855427,-0.32286227933459594,0.94595267605380906,-12.606312417274594,-26.58010876881978,2.4162527491476808,,0.2685114126359676,0.3214285714285715,0,4
-0.98774778426752152,0.15604135001809044,-0.0023263187946013946,-0.15601151370343283,-0.98770597993978415,-0.0098643186868091811,-0.0038369605895725006,-0.0093805264097019808,0.99994864040995179,-17.557958290009296,15.901834158347588,-2.7392156905777192,,0.1623910960280311,0.4285714285714285,0,5
-0.66536681740676695,-0.74482709627516874,-0.050195567018319294,0.7403013824921777,-0.66699245545551156,0.084112587914041914,-0.096129399114736197,0.018805877265572417,0.99519117641090005,-7.2321094104352746,-22.363957786229655,1.6236285492709472,,0.2019317166907858,0.4285714285714285,0,2
0.23608448654182007,-0.92579714136076596,-0.29523510675818687,0.96902459345965219,0.20163134129035404,0.14260483680368988,-0.072494499685420627,-0.31975686897654831,0.94472223021249657,31.67417423962506,-3.9449394576932786,1.2316737208302291,,0.4987793254774204,0.2926829268292683,0,4
-0.44683859745384663,0.89337301090592935,0.047116145962438495,-0.89019280639155796,-0.44924283365409001,0.075747236643758487,0.088837127791264014,-0.0080956652177556973,0.99601326543901025,-8.1441125656438391,-24.043477134565588,2.0225315428135069,,0.181200545475361,0.6363636363636364,0,1
0.21038493450222701,-0.96701499323593654,-0.14359729172723151,0.972027065685375,0.19122533071057174,0.13636809183130785,-0.10441054980016742,-0.16827024618611097,0.98019567502560012,-4.7136148176393435,3.0511899933546611,-1.7211128556615642,,0.08498798100628864,0.2967741935483871,0,3
-0.99232185440784315,-0.11385528204972455,-0.048314718398826291,0.11801893319293594,-0.98850313952311852,-0.09451494358533935,-0.036998225262592568,-0.099491295610803082,0.99435034742544448,-9.3956185083151578,-29.932371889486756,3.0847816052507313,,0.3323198196638417,0.4642857142857143,0,1
0.1814073371420247,-0.96955820707203899,-0.16446355562948639,0.97828774166158117,0.1608774833104383,0.13065806472768118,-0.10022211605091497,-0.18459501202078304,0.97769126465941336,-11.487487893351048,15.527220444658097,-2.8368965362461256,,0.2199355361397596,0.28,0,3
0.85366868588918976,-0.51511648203667615,-0.076842596692084889,0.51964136161743202,0.83251529472422581,0.19207066237876125,-0.034966126874515752,-0.20389530152603752,0.97836806774700114,-14.994732018066824,18.418436089122888,-3.0852515052393392,,0.2282031765315178,0.36,0,5
-0.78776923801956555,0.60995133697195614,0.085901071915297555,-0.61371721860127171,-0.78913517046389858,-0.024836632807879552,0.052638419641862243,-0.072284502232759021,0.9959940499393406,-3.814968528095374,9.0008793750750478,-2.3237733146105453,,0.1629237071137737,0.44,0,5
-0.74870400095928225,-0.64734360089039866,-0.14278858964852659,0.65636617177419287,-0.754095919945032,-0.02286464678814417,-0.092875010083734999,-0.11084045249144389,0.98948907350886783,-15.600074095441586,13.404436052065455,-2.5143614434701074,,0.118659809690268,0.2857142857142857,0,2
0.5189700961113427,0.85267780636757629,0.060088250684819967,-0.84925276557242402,0.50634126603864071,0.14962707801054978,0.097158527725426852,-0.1286820921284868,0.98691496070110407,-7.7377394190480757,-19.263805287104116,1.2893235053847012,0.3356444626189927,0.3060061857900657,0.6461538461538462,1,5
-0.18592768990836317,-0.94823674600433994,-0.25744507696291341,0.97527770518432699,-0.20995012155055434,0.068951752924057488,-0.11943321102495898,-0.23826040373509028,0.96382969871044077,9.1268540686478001,-12.253189317290751,1.3101895272467932,,0.08955638112491342,0.3571428571428572,1,5
-0.56770576753837443,-0.82196491224449231,-0.04564914613186212,0.81620168924918035,-0.56922309518785907,0.098994294641341476,-0.10735438496143719,0.018940721835674211,0.99404038403170192,4.0951270409358127,-4.8947850263876154,-0.21798271009236622,0.3975180900156628,0.3615957124164449,0.9323308270676691,1,5
0.99858948635641243,-0.042842029444552052,-0.031362369991888427,0.049812037343211171,0.96041888349143534,0.27406993481369418,0.018379300154100064,-0.27524557897654983,0.96119824832326239,-22.570789399174583,14.32648268399166,-2.4243551799402181,,0.332153477622574,0.1052631578947368,0,1
-0.60549876955128357,-0.78663561130720017,-0.12072967777323876,0.79274419001060481,-0.6095392288232917,-0.0043101890837303697,-0.070198926461254571,-0.098317564803319504,0.99267606356496407,-8.2586905207758932,-20.437873279637554,1.4453397101010848,,0.2401429338098923,0.4444444444444444,0,2
-0.8730090463073098,0.48703150613274326,0.025603068169128263,-0.48656451219010871,-0.8733548362927358,0.022501231106086941,0.033319371884879233,0.0071862339343834406,0.99941891992248999,-18.948074383182504,21.271769555821283,-3.2732606540985509,,0.1355809149204389,0.2083333333333333,0,5
-0.11723652267849087,-0.99116680073298702,-0.061999765120449239,0.98726981891016463,-0.12307761599129553,0.10074822634165533,-0.10748908046562655,-0.049399125160617466,0.99297825958780106,-8.8135883283681729,-5.7475313244335133,-0.64788011052315664,0.1763297386441915,0.1378292644424315,0.4513618677042802,1,5
-0.98731732565884822,-0.15631572040672512,-0.027746963934588843,0.15342959864725039,-0.98439148274608257,0.086213496367524914,-0.04079039976274422,0.080862873129119772,0.99589022439046937,-4.5973474152609599,-3.3502309280019555,-0.98799675355667782,0.2487527479829749,0.2361672219025261,0.8611449451887941,1,3
-0.84476532512350144,-0.50634850449246571,-0.17315524094646484,0.52944557735283004,-0.83788455935331141,-0.13280378691451381,-0.077839103865045056,-0.20386431074504091,0.9758997985008171,-3.3973930902571077,-5.8222686076360226,-0.65647437168131295,1.106172565650178,0.6536189053404511,0.2406779661016949,1,2
0.46471194212201777,-0.87386682617275158,-0.14282710164371576,0.88180771984517625,0.44209462091043511,0.16421781688814741,-0.080361409088148747,-0.20226002144966909,0.97602916332072043,25.219555020086055,-4.3879219521784201,1.0384413843878437,0.4052268151770936,0.3952239662140214,0.2727272727272727,1,5
-0.98101716863625055,0.19125560464898836,0.032040732377173059,-0.19384537276872718,-0.96254612240952864,-0.18954929092596323,-0.0054116815380227329,-0.19216205641263323,0.98134828566528798,-13.718029842551257,23.079525104746352,-3.5690254055376376,,0.4023951679551065,0.2222222222222222,0,2
-0.30474828759030009,0.95182669289512112,0.033976873062685736,-0.94801354328477727,-0.30657375012167726,0.085339659508192209,0.091644983274713987,-0.0062034207232329296,0.99577242109425212,-17.500893760558181,6.155140034275937,-1.6408412011417604,0.3500912716174462,0.2913776735996202,0.9130434782608695,1,4
0.52500269355773244,-0.8484281833413998,-0.067392799831572078,0.84712700915435801,0.51326826436745798,0.13759185715153979,-0.08214622400523576,-0.12932635657602709,0.98819365074688248,-17.365636080585809,4.6014066228799635,-1.5339439544675375,,0.08615030070560434,0.2222222222222222,0,1
0.69070224158183136,0.71962140780914796,0.071242142700898806,-0.71589822262205205,0.66655267493094372,0.2078395207581856,0.10207912774128797,-0.19455734621233217,0.97556511351851538,-1.7668978170596845,13.062769832560953,-2.6854091446101598,,0.1263284270403991,0.4166666666666667,0,3
-0.32509684804323458,-0.94227923860305562,-0.080136607677138261,0.9393093467887923,-0.33156514345166399,0.088105088860344405,-0.10959010186857999,-0.046630377926015383,0.99288247916201544,2.6588481523310481,-30.055250277687737,3.6493368327072515,,0.213505634514799,0.3333333333333333,0,2
-0.47913844988340781,0.87771970468956273,-0.0058707617045990921,-0.8737311896900869,-0.47630135754036729,0.098644943955319753,0.083786359307885153,0.052394053144133951,0.99510537592209758,-9.0635918970925022,2.6722296927891795,-1.7054097766791678,0.5382116228637921,0.4522654210008356,0.9546649145860709,1,5
-0.93335551730446076,-0.35751992810023536,-0.032046518196589116,0.35348967293351385,-0.9309959924293405,0.091057746567021008,-0.062390139017949237,0.073661136915670236,0.9953298485736326,-6.8842813277485888,9.5547861952860345,-2.345311145963572,,0.0763412637022655,0.3684210526315789,0,5
-0.5968747385758949,-0.79946053020852081,-0.067848412572939679,0.79565713009318417,-0.60067438191206546,0.07823054548215394,-0.10329703665562995,-0.0072902368458532237,0.99462383576148827,-15.511963048432627,-12.507576520708964,0.49642087323765438,,0.07153294454977484,0.4736842105263158,0,1
-0.70946894046901976,-0.70253504533555711,-0.055662667786698358,0.69786138793512897,-0.71135847751385373,0.083418221621097965,-0.098200334719494825,0.020337810711532983,0.99495882714634942,-11.600276088980344,13.176540049318984,-2.6085527213932189,,0.0810769604333121,0.2777777777777778,0,5
0.70068036477149653,0.71332665980574372,0.01456375068668145,-0.7068204360095991,0.69121872724411748,0.15040459549568985,0.097220870510825841,-0.11567950344552458,0.98851725064346418,-2.8836236411512051,2.5979585891427943,-1.5512242240806464,0.4706365098764398,0.3766278772629332,0.8925501432664756,1,5
-0.46276449500159511,0.88646644849920508,0.0051242415171117005,-0.88197382873127339,-0.46098598922074607,0.098051431275986131,0.089281507598259022,0.04085527416842457,0.99516815612920673,7.053463002615227,-13.867398827272281,1.4745383198030271,0.2942105120958314,0.2884179568973613,0.5972222222222222,1,5
0.35265311818587952,-0.91215799438286072,-0.2088146822357424,0.93048805455900552,0.31818506435544786,0.1815220238541799,-0.099135052109604438,-0.25831387516848087,0.96096107274887499,6.4470559854103753,-23.369038038367407,2.7825557702400627,0.517263074528347,0.4166883645781169,0.3478260869565217,1,5
-0.43320357981150781,-0.89533590631647397,-0.10348078710056315,0.89340679774185572,-0.44172990767468623,0.081847311589050689,-0.11899139543318524,-0.056993890252996185,0.99125816227998409,-10.280444056986795,-15.094603941021786,0.71639664606557307,0.5802557767376929,0.6062814263242492,0.8863636363636364,1,5
-0.80442592534047952,-0.58911062798759395,-0.076469592860006555,0.5872594402179947,-0.80802246922150023,0.047180918897748898,-0.089583930003989939,-0.006953935953929612,0.9959550001178703,-20.337058876764129,14.022052131944779,-2.4786765774327169,,0.2456768853155498,0.5454545454545454,0,2
-0.90741173804872066,-0.39354627082425336,-0.14739494690023908,0.41469443955914437,-0.89535337736895393,-0.16239104480461886,-0.068062173416134672,-0.20847940510835108,0.97565561454620875,-3.0996436604417945,4.5360476320218588,-1.7944605238703322,0.5488133935622691,0.4246520653829625,0.125,1,2
-0.91243875508365646,0.40899763048818422,-0.013283692123778576,-0.40853749734955941,-0.90858701452815249,0.086987069672331552,0.023508115210439055,0.084797259896008045,0.99612087280278505,3.1618596752937926,2.6336999167220898,-1.1495760699127728,,0.06553063819819867,0.1842105263157895,0,3
-0.5604526410782863,-0.78016070146067462,-0.27792466066321309,0.82150875063165396,-0.56622476048788162,-0.067178071169546355,-0.10495813329129521,-0.26596766816067963,0.9582510056082264,2.2480727522890271,-11.090852426119312,0.55452536395155472,,0.3341873924088955,0.4285714285714285,0,2
-0.28346880797994883,-0.95198214429520722,-0.11565220207816386,0.95232254613654355,-0.2936331975761558,0.082833045345531708,-0.11281490602947629,-0.086657614923928053,0.98982991203199033,8.1408402406093749,-13.740795029831073,1.5338036121364675,0.2712221081329256,0.2174066480270989,0.4285714285714285,1,5
0.90615889440786823,0.41531379376396932,0.079940670468105088,-0.41871533942060912,0.85430143887752974,0.30797161568181425,0.059611430274696731,-0.31254360374380113,0.94803110346625385,-0.19890803217624664,-11.714341304623424,0.51309133566619047,,0.4612380091787883,0.2307692307692308,0,2
-0.12126543319305885,0.99192883160711542,0.037039002943424347,-0.98687177323532738,-0.12448918420681963,0.10289094326946714,0.10667144840049743,-0.024075631706431261,0.99400279982205042,15.843127726995537,-14.99774123105353,2.2155050786262933,0.2247142829288981,0.2284362242167186,0.8709677419354839,1,5
0.25956284522107387,0.9302837849674106,0.25922810188605927,-0.95903586737593727,0.21676276996943608,0.18238450219703622,0.11347834360451453,-0.29594928785500652,0.94843907793325843,12.653477210974877,15.452819069940317,-2.2758661699115734,,0.3855442729948554,0.6666666666666666,0,1
0.042695363092378869,0.998922168249334,0.018210100231957908,-0.99293902021901137,0.040406431543316405,0.11153215866485829,0.11067614059460952,-0.022843425093083194,0.9935939662825537,3.4266112229841239,-9.956878212502005,0.46323878582772321,,0.09256636592932675,0.3870967741935484,1,5
