axis_00,axis_01,axis_02,axis_10,axis_11,axis_12,axis_20,axis_21,axis_22,location_x,location_y,location_z,dbh,dbh_approximation,score,reconstructed,number_clusters
-0.9966415757678474,0.075049483555661239,-0.032758883818167564,-0.066976769238020262,-0.97725872265135638,-0.20119518230881517,-0.047113499481790312,-0.19832539933117227,0.97900324521766102,18.831955421414492,4.0290971161313704,1.0271283325432645,,0.4815496024233495,0.3461538461538461,0,4
0.98655155441130249,-0.13730462003394842,-0.088676218942716559,0.14788557531214741,0.98088157276678611,0.12649583716925916,0.069612406245142353,-0.13790859844074116,0.98799561303321193,5.1944659551714043,10.186260905379029,-1.4537828683715035,,0.06587124199094241,0.2142857142857143,0,5
0.936053230864343,0.35141858893047501,-0.017587619012771605,-0.33944097318758615,0.91505209829838408,0.21785197525197747,0.092650821420475926,-0.19795108677104473,0.97582334084416777,-9.9748856759094533,19.691003930853817,-4.4818187553353717,,0.5000272073436629,0.1875,0,4
0.92023027914684874,-0.35511542988646955,-0.16452739831973848,0.38895850040800967,0.87647374732668626,0.28373412767495776,0.043445578620456483,-0.3250950656402905,0.94468284624770749,2.2757551437777903,4.0746334801923103,-1.1734140645887998,0.9126006395417277,0.7804120260617233,0.4300699300699301,1,1
0.92268295584595716,-0.37356250311236877,-0.095431751842819879,0.38302360633380261,0.91643452713308571,0.11593392285869594,0.044148385954825911,-0.14352286837566808,0.98866177546762912,-10.925832074670089,-11.336601042493267,-0.62165327443339935,,0.1137658198126625,0.2352941176470588,0,1
-0.17453335052845226,0.97832329461196099,0.11145241483660075,-0.98313657447267544,-0.17942082485262392,0.035364438965380655,0.054594738642514497,-0.10340067131697644,0.99314033030773285,-4.3667549313070833,-11.033026702927557,0.1146977043866277,,0.3402639357173191,0.2903225806451613,0,5
0.59881809058574897,-0.77598362379627817,-0.1981572859806934,0.80033289886052772,0.57061326841446369,0.18403192361888573,-0.029734582370399783,-0.26879344022754653,0.9627387709560149,2.8130619761425679,12.954187637283384,-2.0449794872173932,,0.1623315099609707,0.4193548387096774,0,5
0.52727956267157738,-0.84337759274105262,-0.10339486859210054,0.84913760002086769,0.51862532740335765,0.099965524089861715,-0.030685485488599947,-0.14050624839510656,0.98960416083516001,-0.85940074658193399,10.387549337775573,-2.2809016998176048,0.3717280748573207,0.3376321412578173,0.879245283018868,1,5
-0.94517207707622153,0.32648138108441033,0.0077235044272886966,-0.32325723876695778,-0.93195319709205204,-0.16421935334991952,-0.046416616638704181,-0.15771222601662702,0.98639360879148907,-1.3062896868875187,-9.3026945530762255,0.27731921047597496,,0.7651129291370443,0.3580246913580247,0,2
-0.94623867238646042,0.31965474589171622,-0.049529973846275721,-0.31702501073977596,-0.94686319735756175,-0.054269955364466133,-0.064245758192704214,-0.035650090023988432,0.99729712404855941,13.373476353978992,4.9426815563202933,0.28448664359797293,,0.3798094093860848,0.2413793103448276,0,5
-0.82883506373934224,-0.5480628702471072,-0.11251456515804588,0.54822656498327482,-0.83570712304087014,0.032268218813436556,-0.11171423616907873,-0.034938442370192641,0.99312599134344737,-17.647902688494931,5.6004403092009953,-4.2329300938220298,0.1444231419754383,0.09616577594622856,0.4693877551020408,1,4
-0.99644289083857829,-0.021796900397934565,-0.081403073838156828,0.019680864668915356,-0.99944954422695487,0.026707154667175444,-0.081940398236411638,0.025010071522790792,0.99632337494373979,14.922847282923932,6.9066077922040456,0.3303729491548229,,0.08340438872191404,0.1666666666666667,0,4
0.97781494751443232,0.19864581293836331,-0.066466302886546369,-0.18585937486171258,0.96911299570249487,0.16209964323387757,0.096613773310862572,-0.14615006863697932,0.98453335964000976,-17.011030463999781,21.464493883519189,-5.7938834799305932,,0.1040534359357927,0.3,0,1
-0.24593149120465499,-0.92697418589213343,-0.28326058731047027,0.9639551455070724,-0.26451246459910027,0.028699016048455782,-0.10152920311070361,-0.26599250884437997,0.95861348110402622,-4.9073355326656474,17.434320570159834,-3.5469963580499142,,0.5157729291853994,0.5833333333333334,0,1
0.32245935449149099,0.94518728849615108,0.051390216639208168,-0.94162012830833786,0.3147433181840073,0.11953316536890485,0.096806501153177849,-0.08693464973078617,0.99149930308128054,12.101589580066854,9.7597652329647939,-0.45464495796403021,,0.2671871967796285,0.2285714285714286,0,5
0.80595444545473527,0.59011843997263291,0.046879192143397024,-0.58468530461337631,0.78113480476435759,0.21902399721243676,0.092631130949130225,-0.20393293895301995,0.97459264823261949,-2.6228375331143234,-5.80704118026049,-0.71874694016931129,,0.2417917205143961,0.276657060518732,0,5
-0.733904745101706,0.67753232648470441,-0.048309126316106857,-0.67924844650620664,-0.73228471482459523,0.048791847199791391,-0.0023179810410547948,0.068622467184491887,0.99764000719769075,-16.778249469348069,5.0294803819068719,-4.0335121600789421,,0.09669636609018957,0.4268292682926829,0,4
0.98956632167218495,0.1300735177157866,-0.061962690396913836,-0.11720198088904886,0.97686248916830765,0.1788948655819437,0.083798512444230658,-0.16976618404423074,0.98191509412331324,4.7043226941510659,12.68100001380512,-1.7308416543616743,0.5937169991798593,0.1473443673331673,0.4444444444444444,1,5
0.79234438160079745,0.60818328752205164,-0.047994475979202221,-0.60105476180777118,0.79168845535704557,0.10937350210438287,0.10451580863128912,-0.057814171560642585,0.99284136059740336,-12.863603926393001,-11.548900835563558,-0.82148887905665313,,0.1025100902706209,0.40625,1,2
-0.21685706710102923,-0.96823255858835244,-0.12449387510152404,0.97198334669816611,-0.22600174256781458,0.064587816945186588,-0.090671859966438367,-0.10699964881141148,0.99011599773181247,-13.147260120334307,8.0286062543225523,-3.7649960046704001,,0.08400108254838509,0.2195121951219512,0,5
0.34148248110608975,-0.92509610745675441,-0.16609306748323421,0.93851706648727662,0.32607623732755087,0.11340195484392183,-0.05074870451297471,-0.19460595936062153,0.97956780754146189,6.015444766589459,15.147306480245049,-1.786639074883672,,0.09643300734835884,0.2142857142857143,0,1
-0.46545090214498658,-0.86758614687290492,-0.17507065844008599,0.87935007153511835,-0.47576292560059263,0.019826505369014487,-0.10049333004533557,-0.14472013121259972,0.98435622324350025,-16.748670929978893,13.99863977759971,-4.9041909557696943,,0.1426612301656858,0.3478260869565217,0,5
-0.96417075671909824,-0.24646569445789857,-0.098129574253168234,0.24809937863905193,-0.96872358515189716,-0.0046166968031106379,-0.093922575596278188,-0.028797170448523601,0.99516293779838916,11.182559282201632,-11.263894171202638,1.891594502999858,,0.69908438677483,0.2857142857142857,0,3
-0.80736569291879134,-0.58077587156069621,-0.10421144328083419,0.57911209902521077,-0.81379185037077961,0.048703193249694403,-0.11309206276469989,-0.021028820295413312,0.99336195520898052,-1.694594934439634,8.210307000079375,-2.1530924317647813,0.1834407842326161,0.08703938214044929,0.4074074074074074,1,5
-0.62390968927241608,-0.77414999410469598,-0.1069040984232968,0.77348652132176798,-0.63124517741416264,0.056992344441282469,-0.11160331968874664,-0.047130803293208685,0.99263456841648912,-1.851706741519719,-7.913264271115569,-0.078831469446471306,,0.10993326632115,0.6,0,5
-0.83922760913278827,0.54273413410244353,-0.03371468151023313,-0.53953467097367713,-0.83880577600437756,-0.072850593401984895,-0.067818573315806985,-0.042947989729046683,0.9967728483920717,-1.2735920159400305,-11.902148962309253,0.5789389247277088,,0.3434349673294599,0.2142857142857143,0,3
0.87022796960761939,-0.48348020457400775,-0.09460535237330292,0.49169248481400818,0.86433525920684917,0.10565538353181889,0.030688455321625077,-0.13846101067414313,0.98989230082523028,-6.6255578188101456,1.3091663605281953,-2.1997355195366133,0.4693749339206612,0.4029307260389097,0.9328786791098349,1,5
0.014819685921492525,-0.91943982128715374,-0.39295138623070885,0.99646627192836612,-0.018914202370189447,0.081836555755256959,-0.082676150239183677,-0.39277559493958758,0.91591046844191137,-14.397933570250487,-8.7932700547709306,-1.4971479254679902,,0.4060689611637408,0.3142857142857143,0,1
0.65145061817175254,-0.74806025064847614,-0.12656205388417591,0.75862580307276439,0.64007972516843792,0.12159291237773892,-0.0099490198434331947,-0.17522501770020318,0.98447814103519793,-16.159750332621741,6.5098814248728569,-4.0878088145548919,,0.07624416676204138,0.3384615384615385,0,5
0.34699020666540564,-0.8703222024824675,-0.34948113016923726,0.93647683848745145,0.30122748750494577,0.17964724252825695,-0.051077661015826226,-0.38961681770365886,0.91955957278885814,-0.38507365447663416,-7.8164352001116137,0.042822619490049035,,0.1139519571259234,0.2727272727272727,0,2
0.95407249881684231,0.29462356933800476,-0.054245915900834163,-0.28142407210536574,0.9435205489151377,0.17484125775831905,0.10269449177546154,-0.15154512913786106,0.98310117240982298,-17.070487605716782,9.8500869882164785,-4.5051539730250694,,0.07652525821587061,0.1142857142857143,0,1
-0.18989465370107103,-0.96422245457964384,-0.18497318340818353,0.97333064908319711,-0.20958386602432566,0.093284782561680088,-0.12871467690606525,-0.1623257871895426,0.97830612323661903,-2.4879212081879087,6.1091095977301908,-2.1385376435677284,0.4611428091146108,0.4928682369422973,0.5906040268456376,1,5
-0.055763966717930748,0.9891476286012415,0.13593141229466552,-0.99529880043001573,-0.065868392526589672,0.071004596531032027,0.079187611900176966,-0.13133287363986187,0.98817053104362662,-12.756745392210625,-2.5147032336094619,-2.4587618147156531,,0.3557771296111037,0.3680981595092024,0,1
-0.98150449461062694,0.18446774729348528,-0.051191574185648563,-0.17904424600834404,-0.97918321999506153,-0.095621020970321435,-0.067764924780017749,-0.084686905059577905,0.99410062019947898,0.88918745650921949,8.5632005301773511,-1.7798232082708718,0.3694874602614959,0.2315619287572036,0.2019230769230769,1,4
-0.99414813688175485,0.0786531658204013,-0.07404837230462441,-0.080432434261569319,-0.99653124460771902,0.021356545585578188,-0.072111756692609677,0.027187460841700688,0.99702594576053394,13.861614462049943,15.162947165768188,-0.84422025594257077,,0.1131343228722669,0.4444444444444444,0,4
-0.48027903361375324,0.8707037118168266,0.1058635730524987,-0.87708148788009532,-0.47781627475655564,-0.049190153443628613,0.0077532889201566918,-0.1164759795244069,0.99316324574802506,-10.28440593963084,-3.046922131022308,-2.0813635181264183,,0.5961073473467577,0.1666666666666667,0,2
0.042635916645423662,0.99892810282374522,-0.0180228743755966,-0.99742872745438205,0.043598130562831384,0.056878261754024419,0.057603057736004715,0.015551475826440342,0.99821843267848109,0.27140064456386692,18.757115609175752,-2.9236600696033022,0.3370954307602873,0.2777686158469427,0.7735849056603774,1,5
0.10148260729620319,-0.98639119697725264,-0.12935875286252227,0.99223821484475527,0.090965015694761509,0.084786148169052139,-0.071865189195167919,-0.13695901739365063,0.98796640739273522,-6.5230923694419491,-12.730829737547458,0.021541755030407447,0.1591359153371495,0.1178325978396037,0.5555555555555556,1,5
-0.77964640170631561,0.62374607892690936,-0.055608608413632528,-0.62610811893510965,-0.77810613376080762,0.050393134525913902,-0.011836879231175323,0.074105827214289613,0.99718013150230422,1.764540449740742,-8.323822775324409,0.46677406504996927,,0.3258460289128449,0.4791666666666667,0,1
-0.35881025043465448,-0.90957538009288286,-0.20958967558519886,0.92716723338983287,-0.37323632407163809,0.032489501715703729,-0.10777813095087636,-0.18266711341229258,0.97724950763167795,-17.008848802434912,19.03780329835471,-5.4662785737555728,,0.082390455631539,0.25,0,1
0.45054383777925028,-0.85209982315410182,-0.26633839681858162,0.89195746089028349,0.41704098659110722,0.17461014708565165,-0.037711247676280361,-0.31623204594705984,0.94793204129559505,-5.2417546195225775,-13.070115404301223,0.2564105748174581,,0.09629554636111834,0.2413793103448276,0,5
0.58948388908118277,0.80720961254407586,-0.030354339560743307,-0.79935229169391386,0.58833560954180653,0.12205377629864801,0.11638152034328174,-0.047684923838836213,0.99205921686211462,-15.605300276233814,-8.9026815995176474,-1.6150770443751123,,0.1032682592408333,0.3387096774193548,0,2
0.9893884432188349,-0.11618200447712002,-0.087248210644637642,0.12684789681846631,0.98353082959750593,0.12875060506256028,0.07085280162240809,-0.1384516127277762,0.98783147926928094,1.1303826541913462,12.660559085354945,-2.2422155149824778,,0.07525554599534806,0.36,0,5
-0.55692430545524096,-0.77843325234380156,-0.28961524414064921,0.8231461915061945,-0.56380452369811707,-0.067489306311337524,-0.11075046456807112,-0.27598212025961,0.95476080978167821,17.202296450899258,2.7871089828268567,0.89940567319349307,,0.3671177298265734,0.2,0,5
0.98330774842831759,-0.15393269700142989,-0.097008229932819601,0.16902028150291828,0.97017209340948074,0.17377644722499133,0.067364800315202283,-0.18727208538202353,0.97999548453814889,-13.018247764110757,-5.8555678582977535,-1.9094892475999241,,0.08134807781823525,0.3253012048192771,0,2
0.66864086677139445,0.73799894137787592,0.090977765461316265,-0.73418875394509031,0.63584170967602549,0.23805922333912194,0.11783999687608351,-0.22597097769714775,0.96698027507020057,-13.832416069354217,10.496621554914002,-4.1131531168450888,,0.2111920298038111,0.3846153846153846,0,2
0.86827033257428665,-0.4848180497956307,-0.10515744464231702,0.49507084925697603,0.86038329566137051,0.12101834060529003,0.031803832902924711,-0.15713702026970858,0.98706457391269142,-8.8871175553761859,8.4077597426895849,-3.2106075525876845,0.8952265629741541,0.8764968572810597,0.7036290322580645,1,4
0.84807465536618787,0.52975597703581068,0.011312989010727087,-0.51771806764183237,0.82387818897041931,0.23063549634874142,0.11286000780936647,-0.2014530578910553,0.97297445192749765,21.023673122752395,0.88543044712246044,1.6190671728549131,,0.2481599209539439,0.3076923076923077,0,4
-0.47248916464952673,-0.83836012761870449,-0.27185710531075147,0.87214017969314783,-0.48920360032477916,-0.0071655002670076191,-0.12698620497359198,-0.24048312591203241,0.96231095280994361,-4.5407407460529461,20.146451956110905,-3.7787903699336991,,0.3754123354516752,0.1052631578947368,0,4
0.97536090892017269,-0.21492030123909905,-0.049803227462776455,0.22012059779906232,0.93294342754222359,0.28489205575156035,-0.014765492710963838,-0.28883529064340752,0.9572649346465899,2.9029268859694271,-4.0490773743424358,-0.13806048026710718,,0.1949547774901246,0.3492063492063492,0,4
-0.89875472374715215,0.4383010511045683,0.011495005124417904,-0.43501206116674634,-0.88811985090982304,-0.14834971202995942,-0.054812892476485672,-0.13833047032575113,0.98886815491136992,-20.752782574858287,7.7916419252368314,-4.8571657045898169,,0.33754814137242,0.3333333333333333,0,3
-0.17056031289745197,0.98367376717647159,0.05740295665881319,-0.98380549008388074,-0.17326185474525374,0.045903021371705634,0.055099340696055085,-0.048644110219890846,0.99729524875824838,-13.860416424214465,4.2214478545948984,-3.4705781577434021,0.4674812317220608,0.2740769287960158,0.3292181069958848,1,5
-0.47694794787801204,-0.86439924728068607,-0.15916845263913684,0.87444167961854435,-0.48494697684031307,0.013348355679255821,-0.088726568517283513,-0.13281705821928472,0.9871611950867617,-1.1304994623265514,-6.4310621130361563,-0.35146401221895185,0.2415984604893968,0.2062278189854352,0.6326530612244898,1,5
0.45562793017471764,-0.8536129457277486,-0.25248391657826319,0.88984784227693969,0.4291241073649153,0.15499457433516986,-0.023958439844417919,-0.295292125469443,0.9551065667222487,14.264460905406409,1.2821793684843155,0.6912267443384511,,0.7153419955941717,0.5555555555555556,0,3
0.92695544087068094,-0.34581704112534095,-0.14547915557755012,0.37278237939275616,0.89267811544835418,0.25329642676881753,0.042271837605171246,-0.28902656671470528,0.9563873354863045,-18.847592786284189,5.5706647778082559,-4.3646624761375827,0.4858856971173642,0.5720978337059659,0.7047619047619048,1,4
0.3903588734898204,-0.91131044921006121,-0.13089390760579875,0.91958179389371064,0.37905226631043226,0.10338618739536999,-0.044601280553183804,-0.16072537001196213,0.98599091334937483,5.8601853956630432,0.92957300089619388,-0.32630444660408059,0.163621878024049,0.1340324128048057,0.5303030303030303,1,5
0.17668406488991639,-0.97325457589389763,-0.14682735343104861,0.98191251707158023,0.16397582354675666,0.094655893162111537,-0.068048144957301979,-0.16089580415210691,0.98462276541532268,-15.3608300307743,-3.4286552869543891,-2.5848238003365269,,0.09308091983575451,0.375,0,1
-0.9444587277057479,0.32857580298957662,0.0059710426391281343,-0.32540026343453521,-0.93248107171872874,-0.15682384845115041,-0.045960637693339947,-0.15005663122984347,0.98760853945618321,-5.3932794438044871,22.194269171116481,-4.0807076286462296,,0.3700183925637633,0.3103448275862069,0,5
0.037066535633469296,-0.98952034595886851,-0.13955485254756986,0.99604101839283699,0.025291840769962007,0.085220962617346047,-0.080798277302755378,-0.14216120330071808,0.9865403340264397,-25.536560909096764,13.325908185923526,-6.1554063195313322,,0.08148388289936656,0.3076923076923077,0,1
-0.94275113166215307,-0.31388940604939092,-0.1126665190715114,0.3161587111782998,-0.94870326254330661,-0.0024060311225195716,-0.10613186654255653,-0.037888790026164083,0.99362994444337616,-4.2834689002205613,8.6660311934006273,-2.5691819861856486,0.9826620092943357,0.4595230416667208,0.5107296137339056,1,5
0.85290957870398998,-0.49295583492932793,-0.171871450113489,0.52055944408912247,0.82798244277318289,0.20847767177560847,0.039536258353668453,-0.2672819097291918,0.96280697183127517,-10.371609396123974,6.6706503732582787,-3.3190765056991043,,0.1672519336160722,0.125,0,3
0.47798729609761365,-0.85768361152102113,-0.18949133831801268,0.8776958224616751,0.45794515968019395,0.1411958708985715,-0.034324743300086606,-0.23380558858534753,0.97167729146236792,-20.105060214996538,18.907219784676119,-5.9978782688811929,,0.1072335325793661,0.5,0,1
0.86815360976955291,-0.48310657964037312,-0.11365448760289186,0.49563229729861286,0.85578887048905938,0.14823641597650808,0.02565025767113328,-0.18502281441822438,0.98239942102291822,-2.0016444630134522,-12.906913882753663,0.57564936227187102,0.16546033335208,0.1417937134347327,0.2592592592592592,1,5
-0.95402999818968059,-0.24369604915831156,-0.1744677568458676,0.28156506927490477,-0.92823493057971151,-0.2431070246124058,-0.10270284474354618,-0.28105542029341601,0.95418026410384071,-16.688373302854199,-11.631640134830825,-1.3301126839209683,,0.6607055192802959,0.2285714285714286,0,1
-0.013045943564891634,-0.97991975348596505,-0.19896502226398455,0.99603080268084243,-0.030256849841883454,0.08370879970829459,-0.088047961177186398,-0.19708323055412891,0.97642498778292719,-8.6753071808279252,19.420729035483731,-4.2941340960147469,0.2140606410260529,0.1709499578451585,0.3214285714285715,1,5
-0.1557625038627817,0.98328326786661457,0.09429770688595196,-0.98413567507083588,-0.16268574444929432,0.070783625266363989,0.084941247007958645,-0.081776302719864441,0.99302448150597111,-16.139831376666521,11.64116980446145,-4.57039420774076,0.4464677230441039,0.2495700903007497,0.1739130434782609,1,5
-0.55960146854661275,-0.81613847422019425,-0.1440978393245689,0.82143352611945597,-0.5692760160980318,0.034231267322601643,-0.10996889818231653,-0.099210928798635856,0.98897119929726995,-11.693377365088233,21.576724256432268,-5.055502551897967,0.5694175073381862,0.2884150928349133,0.6808510638297872,1,5
0.98922823354128298,0.12806044266281949,-0.070908567816563836,-0.1171013592407501,0.98297439443619072,0.14159311970139413,0.087833784096794515,-0.13176442201067495,0.98738207572521342,-22.231110419429992,10.914718221330437,-5.3923467911566085,0.1989880294098571,0.2288603863248511,0.3235294117647059,1,5
0.82491067680594721,-0.55136593817224344,-0.12457117449473662,0.56491875528439039,0.81183094022361457,0.14763916967925145,0.019727524413650485,-0.19216172022306041,0.9811649698503434,5.1301663406173157,1.774585440868818,-0.51984617931359478,0.1817866058129219,0.09999673933172404,0.2197802197802198,1,5
0.014851898097517354,-0.99124746483712922,-0.1311788267094415,0.99592689210690744,0.0029965002372038057,0.090114630136312948,-0.088932821282004762,-0.13198289449884471,0.98725451068026526,2.0244201149672598,-16.341307804583277,1.433450912373138,0.5377186950633294,0.2301294269074451,0.25,1,5
0.62162230934036689,-0.7737617891833678,-0.12197703935619557,0.78312831236378833,0.61047268203427363,0.11846160080011481,-0.017197409822245845,-0.16916204683567282,0.98543820253010872,-6.9143613655105334,10.000145136365976,-3.0557249811230407,,0.07115110950328329,0.22,0,5
-0.92743816679412583,0.37386258831129393,0.0092310256597315388,-0.37285109123941368,-0.92245190089575813,-0.10032225224435608,-0.02899155972225664,-0.096484483700653517,0.99491217394797637,-20.546417858654145,11.010229634949622,-5.1280080947235582,,0.2874599046671023,0.2,0,7
0.76876072454435862,0.6394009268636085,-0.013168261995857709,-0.63086769977257429,0.76155822168453746,0.14844197643640655,0.10494233550714573,-0.10580893020271913,0.98883344224781478,28.568604290105444,-6.2671856876273555,3.3512614843808737,0.6209302963822918,0.5065224951090317,0.5357142857142857,1,5
0.32725371165207567,-0.93208928007578262,-0.15528870589244528,0.94343016908592481,0.3130142805552471,0.10936899115830162,-0.053334081678076815,-0.18229545835344133,0.98179623221688195,-8.3241147524877004,11.00773819886799,-3.3581598161431709,,0.07842309375995912,0.3260869565217391,0,5
0.78193578948199061,-0.61325433677059593,-0.11178344939763377,0.62319717924487028,0.77314649142519376,0.11777002410694409,0.014202003676025173,-0.16175172712824337,0.9867292849929088,-16.340464991160317,8.0154193093411887,-4.2592561844111616,,0.06536365310692023,0.2857142857142857,0,5
0.94209758976310298,0.33440098820640862,-0.025062131775447669,-0.31853306551923288,0.91574376633960497,0.24484697380420117,0.10482756094402143,-0.22268662621884713,0.96923776699517616,-6.7893589145099842,8.6383692895147188,-2.9135355842650981,,0.6310151777503028,0.3643410852713178,0,1
0.99992663822264216,-0.0080047320310106182,0.00909078862792502,0.0048973804458469937,0.95361002946872586,0.30100486268734084,-0.01107853047721279,-0.30093825938515678,0.95357927316018032,0.91239491980331555,-10.747804910556923,0.67067238734650136,,0.642391770956652,0.2463768115942029,0,2
0.72820532369171531,-0.67798455769115407,-0.10026936760235169,0.68535636711392844,0.72077521378530485,0.10377736385718771,0.0019122247366330166,-0.144291478352255,0.98953338128204571,5.317240226087022,-4.6039093670874092,0.27623305942370291,0.2418876880698161,0.2016576095636553,0.7321428571428571,1,5
0.69123867766742642,-0.71510723991710035,-0.10397464072904333,0.72262294411200345,0.68358982855502348,0.10257205730125803,-0.0022740139592843504,-0.14603623425115828,0.98927662822198159,-2.9436841861749623,16.352518428867381,-3.1337499068939647,,0.0728981523715039,0.3181818181818182,0,5
-0.9856269755376349,-0.11329714537500871,-0.12531249715176007,0.14072876039074111,-0.96101241642433355,-0.23801376320950343,-0.09346058576438028,-0.25222785795414909,0.96314392827886419,2.4156679791607818,-10.445812472275675,0.78943223972147392,,0.5421152931422722,0.1612903225806452,0,1
-0.22755161020245504,0.97374843077719175,-0.0058530550336495435,-0.97006977634760316,-0.22616055007198513,0.088408340149831663,0.084763752342502954,0.025795331943863201,0.99606711979601315,18.129644031871184,-5.4000416286953152,2.0562124770106309,,0.1484822423095911,0.4444444444444444,0,7
0.6613271092437133,0.74930537958146648,0.034465964510368097,-0.74026702224318541,0.64455590940391161,0.19118685998704263,0.12104210159511634,-0.15195107035744287,0.98094835840561279,-20.530759739049476,15.861338505928003,-5.7344585775133359,,0.5160671204751528,0.1875,0,2
0.66531325456411761,-0.72681255995163063,-0.17059242655481355,0.74639332934366776,0.64267261115759466,0.17282625026064319,-0.015977209161087018,-0.2423126442520836,0.97006665297957051,-23.176738385350312,15.466391021497401,-6.0701330065131947,,0.4375563967396039,0.375,0,2
0.39723086155608406,-0.888492806132965,-0.22975677591179372,0.91690791423393592,0.37371919939216269,0.14004940849876868,-0.038568373605652753,-0.26629775338078238,0.96311888523783185,-5.8520725362304074,7.8547903019599223,-2.7432166482673974,0.6777085345981709,0.2511233535067299,0.5714285714285714,1,5
-0.90467206974139258,-0.40482404196215521,-0.1329885005526821,0.4030582085385081,-0.91424817714583329,0.041162496465251303,-0.13824806240796306,-0.016363545916044796,0.99026244380239925,4.2998745250877262,-8.6485956154238046,0.77383570061491647,,0.1184558738378297,0.4583333333333333,0,5
0.74902545709350887,-0.62679425809213019,-0.21468540390207658,0.66236707838144371,0.70099727081248009,0.26433440901609162,-0.015189407568832119,-0.3401937452925789,0.94023268267036808,-0.40430371230359541,15.16524283277805,-2.6960851071906689,0.3712715802167756,0.3286356435541424,0.5918367346938775,1,5
0.54464797435032719,-0.81292286314638096,-0.20619166474418257,0.83823726625028383,0.51981249417306463,0.16478245164710253,-0.026774418860872728,-0.26258596587683358,0.96453706046952603,-29.448234039922582,12.842236218421613,-6.5592989549417835,,0.2412414485859178,0.1176470588235294,1,5
-0.32910278214462541,0.94345835042570025,-0.039720269343012204,-0.94270065955878024,-0.32581405835101279,0.071837774522050687,0.054834526095385257,0.061086335565795263,0.99662512227769728,-8.7197369922351733,12.406221839130531,-3.5255527787269614,,0.08011999298637859,0.1851851851851852,0,3
0.57741982284778692,0.81485184053104109,-0.051017900442931252,-0.80773632002521689,0.57924639354872276,0.10970712316398434,0.11894698606753398,-0.022138056463301973,0.99265377698444135,11.119926077864289,4.102034232071464,0.043010184144886804,,0.07331026581706172,0.3666666666666666,0,5
-0.34690268445940864,0.93789444660789734,-0.0035404147952544911,-0.93634501378076818,-0.34610729743883911,0.058887637305942209,0.054005024606505185,0.023743329203155597,0.99825833912650175,-23.604388032074802,17.523880098784744,-6.359712754662441,,0.1511735411332812,0.4545454545454545,0,2
-0.096959924698482511,0.99409550725591567,0.048712374773459542,-0.99294079009491154,-0.099974828543252833,0.063824924782104844,0.068318082292748383,-0.04218004399419905,0.99677153025178755,-3.3210646749666419,11.499200627773785,-2.7738302606195311,0.9473164505156324,0.8121682968669912,0.6555023923444976,1,5
0.04556755741211601,0.99408776000709009,0.098555178025212062,-0.99486480311587966,0.036233858579177963,0.094504661333013884,0.090374892711953106,-0.10235542436310766,0.99063401207042789,-19.765581695405157,12.622832795212137,-5.2436967271342265,,0.2050744616680628,0.1304347826086956,0,4
0.71677556552204547,0.6947729628252326,-0.059357550468323014,-0.68715007349561741,0.71824832726327426,0.10928914346116667,0.11856460334146506,-0.037548242442969691,0.99223614342752331,-5.3310122923348562,-8.8813058887088516,-0.31485863221733984,,0.08650869395470956,0.3548387096774194,0,5
0.18683502825719489,-0.97394771927892532,-0.12852436472324313,0.97968513938410351,0.17501493468818904,0.097912207134957741,-0.072867687530778394,-0.14420684015492793,0.98686102738250236,-5.6804021760069068,16.829934525491478,-3.59612454734867,,0.07152540378760834,0.2142857142857143,0,4
0.7565165191326122,-0.60053558894686843,-0.25892037905061688,0.65393066512125664,0.69924009947761956,0.28885631115937344,0.0075790166610220774,-0.38784054673379348,0.9216953232037608,5.2295181536485948,5.2744191708724024,-0.8152915770973751,,0.1545985530394277,0.6153846153846154,0,1
-0.7143808008039112,0.69820703556369457,0.046551121706363267,-0.69975711346734015,-0.7127762422088908,-0.047854056196196627,-0.00023150511597454739,-0.066760497541065958,0.99776900251182921,-7.7791220385233002,-9.2973859900027147,-0.49710751784842638,,0.2375774043822275,0.375,0,1
-0.93105032899449791,-0.35292434934469996,-0.092680572499629174,0.35035659063489311,-0.93561979634769643,0.043195556264389631,-0.101958541956683,0.0077459874720001622,0.9947584909917343,-7.5951583680604688,-3.2875354055933514,-1.7008215602143033,0.1899523988524089,0.1561965719880434,0.6746506986027944,1,3
0.51536412789571862,-0.84377145041451462,-0.14983175612556834,0.85566983553122133,0.49702329293939268,0.14421157664228931,-0.047211738373606343,-0.20252798755003915,0.97813775411169634,3.8156977506312595,-17.977410589056323,1.9299644598134933,,0.3395012926072341,0.125,1,2
-0.94587279795485157,-0.26826895255120642,-0.18263739810383908,0.30735520986406289,-0.92116605077274483,-0.23871715873217791,-0.10419896860564151,-0.28193062267306923,0.95375977003682488,8.6637618978828392,-7.1884914349529634,1.0972862203741933,,0.299200165807826,0.2857142857142857,0,1
-0.9968313963093034,0.0020863490304645327,-0.079516127167814463,-0.0055005483780898746,-0.99907098491666979,0.042742380200173444,-0.079353079962817166,0.04304432884084692,0.99591680097037028,-18.348426732802213,14.830690711742742,-5.2802273236496475,,0.109707705428272,0.4571428571428571,0,5
0.1408413422041298,0.99002433404085421,0.0039413618335242592,-0.98551996432744926,0.13981867338859677,0.095922565040122698,0.094414597590430152,-0.017394153581490199,0.99538099599249996,6.7721185836514701,1.8771696763676893,-0.33085534850773446,0.168334081478129,0.1027011908013478,0.2708333333333333,1,5
0.60516407183812315,-0.78209068325917497,-0.14869636618122134,0.79544570763565847,0.58644935795585129,0.15278506719302118,-0.032288889115443448,-0.21073991959846253,0.97700875836776613,2.1125049571117036,25.514364432348639,-3.3511408031806038,0.6372216103560044,0.5287478983838845,0.5333333333333333,1,5
-0.71116357714001843,0.70299863842317367,-0.0062674496071981958,-0.70302543739916634,-0.71111811977484585,0.0081396620077486617,0.0012652743282177367,0.0101948076516189,0.99994723109663275,-18.304736774710609,10.474214036816392,-4.7549464544246955,,0.2503644354671231,0.4615384615384616,0,3
0.68360493015383839,0.71561489288345148,0.14345600214969592,-0.72049474710945027,0.6303025253290091,0.28914710088735834,0.11649729120051024,-0.30102167969646509,0.94647468507914323,-3.2207606524782211,15.209351365389139,-3.1301515074963224,,0.3755368663143892,0.6190476190476191,0,4
0.14239171652563409,-0.98409688377820026,-0.10619756307430453,0.98689146855006737,0.13291865951212536,0.091530646543071678,-0.075959386305949714,-0.1178386748548078,0.99012333491362992,-7.3857679785786674,19.196733855482279,-4.074252436242447,,0.1109744550858232,0.1153846153846154,0,5
0.64378628462321752,0.74625750846380268,0.16923046650184298,-0.75621090796214718,0.58665603630025109,0.28979261162345632,0.1169798376221253,-0.31453843347654042,0.9420091780105041,-21.40534731205944,9.9825597258799323,-5.1686054857089418,,0.1580055502482993,0.1428571428571428,0,1
0.68101378633169452,0.72165084591493001,0.12425892087264975,-0.72282254206613372,0.63530739728016405,0.27186776867101475,0.11725099362999737,-0.27496284758376027,0.95427859503470391,-9.0510948313537742,-11.711243823473483,-0.37852239850003833,,0.2003709995985243,0.1666666666666667,0,1
0.42588257678509633,0.87935456759608921,0.21297787499828127,-0.89795953235262638,0.38195075195694667,0.21859163144223384,0.11087249004122297,-0.2843398802971891,0.95229098673915891,-13.700536284401482,21.199880229693729,-5.2904874399548376,,0.404464602913891,0.5333333333333333,0,1
0.82484646033786024,-0.55091192579600878,-0.126981758075077,0.56506916777735194,0.8105264159864134,0.15409011848795512,0.018031985345911473,-0.1988541651662199,0.9798631886648933,10.20806328107475,-6.8473820526999543,1.266166178281567,0.3980030740249079,0.1300583582743743,0.2916666666666667,1,5
0.99094261039870557,-0.088622169804077985,-0.10089030635009506,0.11531040170997063,0.94660120523576696,0.30108083549717612,0.068820448659421385,-0.30998753082246644,0.94824652732340964,-19.345070196269326,-17.20946807737921,-1.1069356428160397,,0.2731038014031416,0.1379310344827586,0,2
-0.47372243087863647,0.87833495969461783,-0.064146372155328951,-0.87998364788018846,-0.4692097635021657,0.07396605503687792,0.034868867861062205,0.091487137962099313,0.99519559165100402,12.593918244930544,4.0822211928835204,0.24937095967108827,0.145451118905903,0.1236728222297048,0.3157894736842105,1,5
0.11302029695688644,-0.96724558513658265,-0.22729362179693599,0.99086087064825001,0.092769026411250316,0.097921615371185197,-0.073628442153632651,-0.23628348603425522,0.96889058553251028,1.4575103412897144,9.7607549873709498,-1.8781030798461233,0.3390279040541887,0.1621442290362408,0.1333333333333333,1,3
-0.50092099735677842,0.86499415279761593,-0.029381457299220638,-0.86298156044933405,-0.49659527523536978,0.093037406124312438,0.065886119414664573,0.071960046135635128,0.9952290043144012,-16.664403082370097,15.244079678631214,-5.0782003286928257,,0.1904983975947397,0.2352941176470588,0,3
0.97394333262747024,-0.2082373165774683,-0.089842110477844545,0.21964191342512104,0.96475549224923007,0.14492849975728775,0.056496147633706771,-0.16088523909781716,0.98535482195145807,-5.1214705772958551,11.946849786824711,-3.0560030560355442,,0.08022426804532393,0.3461538461538461,0,5
-0.71370886760109975,-0.69353303980346692,-0.098140587977246493,0.69022701117621166,-0.72020441743088437,0.06994476503495245,-0.119190290503507,-0.017819085666890031,0.99271151642140565,-1.6062634880775053,12.538206324483145,-2.5850419553200514,,0.07361261011336205,0.2631578947368421,0,5
-0.279752415721498,-0.94322879392815939,-0.17904755849443232,0.95439126766786408,-0.29347601299871967,0.054855610412274339,-0.1042875548534635,-0.1555354367956262,0.98230994793063164,15.945258963418979,15.147263738217717,-0.53364960907397452,,0.158251839241947,0.2,0,4
-0.051481140332648959,-0.96464444669298433,-0.25847782043037443,0.99809248180323906,-0.058528958943657672,0.019640741656648857,-0.034074770107833371,-0.25697364150698104,0.96581750740641492,12.372205329237136,2.2081886976691765,0.37438051398508249,,0.2859752932118777,0.2608695652173913,0,5
-0.98354256688539765,-0.15519953513135867,-0.092504721065976514,0.15716162088340674,-0.98746975312524021,-0.014272756709131416,-0.089130488867638843,-0.028576055672326208,0.99560994621208387,-20.289380528970373,14.304367051002906,-5.4972775410629939,,0.1538042478875463,0.375,0,5
0.98236880658006875,0.17497897859004752,-0.06583224825293886,-0.1591518998251587,0.96748016290324057,0.19660317182274248,0.098092816457146903,-0.18265949589414687,0.97827056989321826,11.997499151147098,-6.8087261043656913,1.4468872505400074,0.2885467883816738,0.2558957323880756,0.45,1,5
-0.20582317598314231,0.97787971885065761,0.037256887803091374,-0.97766450826449236,-0.20713429737487549,0.035601855723620159,0.042531511943043214,-0.029097049877545612,0.99867133341268133,-20.959510096649165,8.9403276959663263,-5.0009811966898603,,0.5492522879327447,0.5964912280701754,0,3
0.97754335948051874,0.17866020661507578,-0.11175648038391761,-0.1461806433499821,0.95687146339345075,0.25105422134085326,0.15178998598500448,-0.22907975274025261,0.96150000886070608,19.450291325334145,13.869579234888723,-0.016212119356480273,0.6370866827177788,0.5450095664902892,0.1818181818181818,1,2
0.99177652475300782,0.11069204583816725,-0.064238586044591539,-0.091325128892000992,0.96374623719604446,0.25070482867971589,0.089660725971334385,-0.24277656657640451,0.96592985922357055,-22.163902988651927,4.6263341656202064,-4.7264936632620485,,0.2623718270277811,0.1666666666666667,0,2
0.31767786945505572,0.93224658521775849,0.17319663855954184,-0.94229489908165354,0.29003730086062751,0.16720851435909909,0.10564608096466149,-0.21632075364908881,0.97058963373688356,11.331914244683748,-12.214703972639947,2.1116416907782267,,0.5455993955503718,0.1666666666666667,0,1
0.75453161166052063,0.6529872785894294,-0.065495503703292907,-0.64643234252918791,0.7567276088663567,0.097409201370468809,0.11316922522136259,-0.031159909816575283,0.99308699844626858,-8.91574798002849,-6.1829854820300314,-1.4189321519436982,,0.09838509504808694,0.6285714285714286,0,3
0.83896306593192138,-0.52803514330155665,-0.13160494459029573,0.54366019122192133,0.82392225628537719,0.1599553440124992,0.02397019988765867,-0.20574499516663208,0.97831202920194549,-15.857764195021021,9.0922343640531231,-4.2528167810148121,,0.09544508128644295,0.2641509433962264,0,3
-0.93791470468925564,0.34681363528156095,-0.006025704145887917,-0.34442352542282517,-0.93322776803426211,-0.10226616305064293,-0.041090654204792125,-0.093841543852265424,0.99473882139204994,4.5420224029851726,16.721318759634023,-2.1598087335625937,,0.5333756272176616,0.1666666666666667,0,4
-0.87443493334600009,-0.43386184430568436,-0.217088570403524,0.47159404015450895,-0.86517855737170302,-0.17048497046650471,-0.11385345245060839,-0.25145568977433741,0.96114901417271847,-4.45379179573274,-0.33003646760431588,-1.7480851949371192,,0.1930554988308043,0.2827586206896552,0,2
0.8549282624917266,-0.5017847433160304,-0.1315664750920397,0.51807888549839143,0.83877148625290032,0.16750123059203503,0.026304645856261844,-0.21136334881991023,0.97705352994705996,13.565639494366518,7.3014103576470442,0.078286407454342302,,0.07387593334978818,0.2727272727272727,0,3
-0.32564052375035757,-0.93832657717681067,-0.11619588570704149,0.94090793626816349,-0.33369378557335716,0.057798900831313935,-0.093008089751260514,-0.090507966684559779,0.99154314238334995,18.037325619682544,-8.2042039695070148,2.3272483131070367,,0.1063804708170779,0.2,0,3
0.42911379556463602,0.89633191461974493,0.11158158132154446,-0.89554790133916784,0.40609723594505848,0.18187630787103035,0.11770856750095271,-0.17797228377443469,0.97697009132572121,-0.31189027889086474,-13.437806499351474,0.8678297983507669,,0.4599156377734113,0.282051282051282,0,4
0.89184251847198182,-0.40853345553704901,-0.19420952075660622,0.44468354071627103,0.87050742854493079,0.21088709174373862,0.082906398194548481,-0.2744398523448256,0.95802364093134829,-5.4412476084398529,29.129055116658559,-4.7573560701194886,,0.2217339281946482,0.1176470588235294,0,3
0.96763876139558724,-0.22209510267198576,-0.11978728151992624,0.24523088178715505,0.93955141470048353,0.23896642808606749,0.059473036434238985,-0.26060871916234779,0.96361094505710754,3.4100738162036239,-16.17173446815751,1.5919061271705699,,0.165299318815679,0.1666666666666667,0,1
0.99501094618989305,-0.0017931921667917363,-0.099749693854906327,0.035514038989504851,0.9407112405532746,0.33734420838569601,0.093230735259068484,-0.33920369449428606,0.93608166505090862,-8.3669784439589492,16.981078501952023,-4.0324227799829711,,0.4835199376025032,0.2,0,2
-0.014501065681934907,-0.9588773564364369,-0.28345005628427739,0.99949657993278418,-0.0059003381487490137,-0.031173269196529262,0.028218890778290207,-0.28375940746202971,0.9584801995242479,12.925088918250434,-4.4779286845854687,1.2525909553369639,,0.3831974040633387,0.792,0,4
-0.83504898055751842,-0.5137125671588354,-0.1969583672072043,0.53738239965412138,-0.83832706313123984,-0.091803549842737101,-0.11795489227593335,-0.18250242070950407,0.9761042515138143,6.2513741649760721,-14.693035716090806,1.8124787887903973,,0.3971491088101523,0.5263157894736842,0,2
0.39924061600180388,0.91091861603681845,0.10408748960402615,-0.91050925348679412,0.38059320245088063,0.16162213203365439,0.1076096178295473,-0.15929874200931732,0.98134809366749576,-21.285270110801772,15.64268263128583,-5.8006897512421105,,0.1730027089767611,0.4,0,3
0.82021154882021696,-0.55023039394423168,-0.15652325310290877,0.57177894789338413,0.79710476537932795,0.1941464080417194,0.017940176361350462,-0.24873782701781155,0.96840468993214879,-12.65335164626431,-8.8037124615089315,-1.246554565690102,,0.3555528861905142,0.25,0,2
