axis_00,axis_01,axis_02,axis_10,axis_11,axis_12,axis_20,axis_21,axis_22,location_x,location_y,location_z,dbh,dbh_approximation,score,reconstructed,number_clusters
-0.80740544465385722,0.58792231380665294,0.049434814367403837,-0.58999042428144921,-0.80495259725261314,-0.062949308435193058,0.0027833791519951741,-0.079991681470669068,0.99679164507734153,-15.294401766486622,-10.306108613002461,-0.4931934736565865,,0.2600055871466985,0.1538461538461539,0,1
0.99515612203970405,0.0025122730855104305,-0.098275028622945015,0.016019698698097225,0.9821669610039373,0.18732706682674538,0.096993102953349328,-0.18799401372446295,0.97736921825032275,15.541861230060819,7.1157323636241676,-0.051824689359569617,0.4552568645696508,0.4072438792937203,0.8888888888888888,1,5
-0.85786137450087341,-0.49805692348114561,-0.12654312747822047,0.48696672974725586,-0.86654634998042435,0.10936556795841758,-0.16412576354349703,0.032198203491817581,0.98591379411851432,11.32391911533759,4.9493144185193998,-0.27621095462335493,,0.09698315862685918,0.6842105263157895,1,5
0.70803640588547379,0.70234820652339458,-0.073426457998138878,-0.6839152365345218,0.70790130416084962,0.17645308952607863,0.17591019634094759,-0.074717737925743155,0.98156653491373191,7.752429137082463,9.2004837617940201,-1.4965236121152596,,0.07999707079396622,0.3684210526315789,0,5
0.96225464553557749,-0.22551923925203163,-0.15233866834256732,0.26222241594678813,0.9181022090587706,0.29719982889705149,0.072838188611685339,-0.32592852966347086,0.94258431550242683,-10.406528277722554,8.7178245821361102,-3.7601289765380197,0.313266585132436,0.2084679907376641,0.1428571428571428,1,4
0.34039969669250025,-0.89603819454222822,-0.28503263043581328,0.93641997344502714,0.29560886917056151,0.18903182219117909,-0.085121559107370223,-0.33125662316277826,0.93969323174423502,-1.3253859287536278,-16.863177199081324,2.3052963113524227,,0.5862825555603738,0.593103448275862,0,4
0.9022181819105306,0.42342559063779706,-0.08193364036274127,-0.40458319022554406,0.89675826667953329,0.17926810460548068,0.14938137238952998,-0.12858996980695317,0.98038248926022198,-1.4363710694447533,-11.880689799880304,1.3812813543504856,0.09138205049849234,0.1852446954811688,0.2258064516129032,1,5
0.23002612138120912,0.96316458096369995,0.13929096689784651,-0.9631825801794569,0.20485042210580964,0.17411381852660296,0.13916644969661501,-0.17421335924690548,0.97482429429038542,-0.51281057685268749,-15.878997699495182,2.2515919466671854,,0.3142439129681795,0.125,0,3
0.84944186565386315,0.52244561477128815,-0.07415589309511926,-0.50117892270629194,0.84274899156418748,0.19645311056968651,0.16513087024976519,-0.12971012614208435,0.97770500605589605,3.455838672899731,4.5174862910683702,-1.3551436987794978,0.162018697678072,0.1002356180824375,0.4193548387096774,1,5
0.087417083543963631,0.99443280133744882,-0.058835849010811382,-0.98440532223063781,0.095284658084018758,0.14787493194523033,0.15265783657795795,0.044991527624286751,0.98725444915349558,2.2943455222228559,-8.5111236532386503,1.0794667497016963,,0.0785911705998735,0.4814814814814815,0,5
-0.99453392466289192,-0.016135501890079978,-0.10315967367814462,0.0078563683510664839,-0.99675076004732022,0.080163581640436535,-0.10411796276799895,0.07891494106850612,0.9914292117469593,3.7703178931053807,-8.4622093506586697,1.2943249629731972,,0.07661002667774187,0.1739130434782609,0,5
0.40954007519827113,0.89884392903642285,0.15606574909621107,-0.89536231561722046,0.36321126197761522,0.257689547605637,0.17493784776075225,-0.2452695872035405,0.95354054922370346,7.0420847972109195,16.498905272720968,-3.0591898207248018,,0.3200258699181563,0.2083333333333333,0,5
-0.97654510433481634,0.21504932366610585,-0.010651177890474943,-0.21216386080430499,-0.96951403975597372,-0.12259291531187745,-0.036689990028829257,-0.11745771625059,0.99239988387992151,6.9130073977313273,12.214186875988153,-2.3615746985708266,0.8218107959415324,0.5218568015457115,0.34375,1,2
-0.014302609186494463,-0.99149293458734455,-0.12937231556184034,0.98886428593426501,-0.033193890793149113,0.14507098130820964,-0.14813122349515925,-0.1258567688977692,0.98092671201697779,-6.3200418474066113,-6.9053544024558455,-0.43978959943285256,,0.09878030660228161,0.5131578947368421,0,5
0.53979688301135276,-0.82698848378371048,-0.15719215241337012,0.83902750922405867,0.51342825274732184,0.18006739862091869,-0.068206772805203167,-0.22908836061649313,0.97101305818899653,-0.033419818442006484,1.1992628449175686,-1.3340034696456269,0.6230935952295473,0.5489370444909177,0.9867128827267475,1,5
-0.046549104679501165,-0.98962986376006434,-0.13588934324579857,0.98631654381376743,-0.067072887186308522,0.15060180345453664,-0.15815453282407996,-0.12701952825739177,0.97921048972550762,-10.904802076399081,16.468657083265096,-5.2871725645720744,0.2465365133773642,0.2766080777187414,0.7884615384615384,1,5
0.58094066196321537,-0.79501405983326001,-0.17452963056506901,0.81173785594065695,0.5501056315446583,0.19612610069982728,-0.059913274911383284,-0.25560993488182587,0.96492173811097393,0.23537392327085507,16.6759254360285,-4.1498675985356019,,0.07056574544582588,0.25,0,1
0.35894591828747274,-0.91467539237923989,-0.18581376246297784,0.92787214117345351,0.32813980289984696,0.17713712029679621,-0.10105007362172004,-0.23599405994375058,0.96648625768414953,-11.805525429949785,-6.0971271622450658,-1.0474680246343473,,0.08372066234504492,0.2111111111111111,0,2
-0.99187857899533449,0.031378075757724257,-0.12325705209819852,-0.038202076488093491,-0.99784240087242637,0.053396108220999272,-0.12131564566119807,0.057671131278078144,0.99093721028878146,0.56623520015759565,13.103082719555124,-3.4420735447392143,0.7372404863649535,0.7681447079141445,0.7215909090909091,1,5
0.50333066374258251,-0.84996753798590641,-0.15560664287436293,0.86095637209666043,0.47797238301960138,0.17405897396205006,-0.073568799654537262,-0.22157974961792351,0.97236312470015585,-13.880386662167108,-9.8847117680582883,-0.39168224106596383,,0.114090080880605,0.3777777777777778,0,2
0.98915456067734409,0.14324069579103602,-0.032486276495041905,-0.13086816236863866,0.95992293765830061,0.24783356882334523,0.066684174805331911,-0.24089428558344853,0.96825779831807934,-2.4017039499960595,-7.3007114087353608,0.16466579955957097,,0.1743820069276027,0.3333333333333333,0,3
-0.36542525739410808,0.93028792705610586,-0.032074195735880322,-0.92457797589740087,-0.35876081703821772,0.12824290484676323,0.10779586144150063,0.076518291484613823,0.9912239925084344,-21.018762202883678,8.3163969629934638,-4.4117743733387478,,0.1274111882632444,0.2790697674418605,0,2
-0.074882964974705563,-0.98369693228478028,-0.16350194790921802,0.98421201697161664,-0.099277027542272495,0.14652910103809505,-0.16037221456741937,-0.14994804838970896,0.97560049998903686,-0.97609563790465947,-6.1114671791163167,-0.052349911394711818,,0.08816693646622675,0.3580246913580247,0,5
-0.96933571689531772,-0.20779553315163349,-0.13118416197570698,0.20543325854413486,-0.97816591979010492,0.031442163492926035,-0.13485341758731495,0.0035284222261041916,0.99085927658856554,0.25319319929767425,-12.327516153126899,1.699078230523454,,0.08769550848815774,0.1481481481481481,0,2
0.50374322994976617,0.86155275457397096,-0.063004836050722726,-0.84496072251959731,0.50658405627518688,0.17150501837245721,0.17967786641357836,-0.03315788011588814,0.98316652674268945,5.443805267156681,-5.7943060463852083,0.78353129881644434,,0.09141540100723344,0.32,0,5
-0.97363131797401237,0.19808523881048581,-0.11315606402478194,-0.21084435842493751,-0.97075243277284773,0.11482321536158904,-0.087101740399169,0.13565379622771406,0.98692012563755416,-19.018704937812547,5.5190841889883471,-3.7870992301626312,,0.1083887013324445,0.4736842105263158,0,4
-0.57759609221744102,-0.79205135650817649,-0.19757885238228071,0.79828241441695713,-0.59864011446873167,0.066145295989191499,-0.17066909822160309,-0.11951845883553563,0.97805285997731417,14.052462839305555,-2.1740015870368059,1.3289159600155498,,0.2429819362711379,0.2142857142857143,0,6
0.96453713458254164,-0.19727958662314302,-0.17535358768243556,0.24619582919864472,0.91195129327781321,0.32822622133844775,0.095161597803376324,-0.35975770094707599,0.92818029870967567,-14.296637561918713,6.5098316592186025,-3.6801765195750082,0.3976486031098936,0.3628431111215427,0.5760869565217391,1,5
0.82688247434974205,-0.53463926462474343,-0.17443116216651935,0.56235715594106195,0.78853157729445333,0.24894252503620687,0.0044500309132856266,-0.30393882333626915,0.9526811580449337,6.3179208596089484,8.9549161040077223,-1.6990895967368058,,0.07012292230724862,0.2758620689655172,0,5
-0.49208263714618172,0.87033160192731351,0.019431441168775668,-0.86846501935090914,-0.49232598659205257,0.058169004546981234,0.0601929263542142,0.011748430226989886,0.99811762132732529,-32.736607549777347,1.3316637295726357,-4.0997112139627907,,0.7245968918371131,0.3333333333333333,0,2
-0.58565367463038343,0.80636492634256707,0.082373411708363417,-0.80463336796660023,-0.59062886779412049,0.061013799119221397,0.097851502526300718,-0.030547440036467879,0.99473209325956902,-16.440692568738328,15.504643377738384,-5.5241621416358511,,0.4210244668743079,0.4117647058823529,0,2
-0.98897988418899296,-0.08965196756826356,-0.11781898565453749,0.097525962869238605,-0.99324659476744037,-0.062848138789553365,-0.11138884699983656,-0.073645955041822059,0.99104429672443217,23.836479288089929,4.7217305498163729,1.5633788823709807,,0.3488939288622783,0.5,0,4
0.54518677168258189,0.83228922530593952,-0.10032960391610957,-0.81873120953575584,0.55434133481554804,0.14961581148740469,0.18014047439274292,0.00057441670899178792,0.98364072685661119,-23.62126720631338,10.126635166692145,-4.9935581392928388,,0.21746542289336,0.3214285714285715,0,1
-0.56153489274856427,-0.81667104323117101,-0.13314267299993962,0.8074042005732821,-0.57599529563642193,0.12778057873295859,-0.18104425183495176,-0.035746699881544788,0.98282508735028795,-1.0273031100691157,13.367513982192813,-3.6725692478019103,,0.087154139118158,0.3478260869565217,0,5
-0.22261093055821249,-0.96376434135268108,-0.146978460779256,0.95806540353320924,-0.24416683390501459,0.14997746421896113,-0.18043019744143565,-0.10742835546462388,0.97770347871602226,-19.878485768664781,10.545943141249758,-4.7927866287935919,0.192815879668076,0.1459424431040974,0.3055555555555556,1,5
0.31790005084418071,-0.91527772718655509,-0.24739894864263687,0.94220072808624555,0.27584727094544031,0.19017379184762037,-0.10581751115489633,-0.29355572763645321,0.95006720241508014,-4.3670709849675751,-4.1576882199296437,-0.84094520642330439,,0.07993728181434523,0.2868852459016393,0,2
-0.22752473589629116,0.96783303757015737,0.10738578091649886,-0.96440061915448072,-0.23922354164242113,0.11270999467000244,0.13477366333886656,-0.077918601834094298,0.98780805380318859,-7.1942669386751179,12.858730147787183,-4.2325505405162538,,0.4242758711119506,0.3378378378378378,0,4
0.62057610389783135,-0.76587033065985677,-0.16830904873461133,0.7823998175653164,0.59044541843874976,0.19805234994427545,-0.052305112032648392,-0.25459152472078012,0.96563312432600457,-3.307883863011893,18.618170446311183,-4.947601437067501,,0.1883264058799531,0.2222222222222222,0,5
0.45064388266164218,-0.87962612626136039,-0.15224312469886225,0.88825042683906164,0.42481347267511632,0.17477039982197418,-0.089057679286317804,-0.2139892320471789,0.97276787484373384,-22.431073969828837,9.5233443165601805,-4.7822169131061498,0.4473563966305018,0.2683248860808573,0.9102564102564102,1,5
-0.97131333974332568,0.22761056461069332,-0.068875444929729288,-0.22608795658074513,-0.97366756615949157,-0.02925246140405206,-0.073719956089310396,-0.012841397379330492,0.9971963029351526,-6.2341365191503932,-8.3701528647013959,-0.039892606220107527,,0.2003443680792285,0.3428571428571429,0,2
0.074096685462616288,-0.98449851260954091,-0.15897282746764002,0.98740002458138032,0.050075577738518486,0.15011205138443534,-0.13982443513257561,-0.16809257920489984,0.97580428988404277,-26.206206641809018,6.0451659945543605,-4.3431765648372949,,0.1164265890311258,0.1111111111111111,0,1
0.99382268155665765,0.022461169031985511,-0.1086829034818808,-0.00069858727592007669,0.9805517177351849,0.19625962606302208,0.11097742833276125,-0.19497134336177691,0.97451022861145598,-5.0998625762503371,-18.303845110652375,2.1302708740425933,,0.1005846149099686,0.2,0,2
-0.0013744156309147227,0.99923388923483103,0.039111962189436175,-0.98891566473115644,-0.0071651825744006989,0.14830532090256104,0.14847194694961599,-0.038474598936309966,0.98816789373349001,-15.397013256717898,1.6810195791533578,-2.8527223730238274,,0.08008710620050127,0.2824427480916031,0,5
-0.51250377115912482,0.85864527741705565,-0.0082566407856166056,-0.85674897234547198,-0.51067931392865029,0.072026638893816414,0.05762883768264504,0.04398779256510009,0.99736853327774333,4.3889498744746716,-9.1900895310576249,1.546922862477444,,0.1265531860314203,0.2272727272727273,0,5
-0.39754081463076701,-0.90215252203223617,-0.16757722904255989,0.90245218362132307,-0.4174397190062526,0.1064149297471341,-0.1659558886566328,-0.10892615841411721,0.98009883942045906,-12.989437027539978,13.199005108137971,-4.8258121272410603,,0.1313932646382197,0.45,0,4
-0.91275031126707162,0.40322544898516904,-0.065544691414137782,-0.4072524140265994,-0.91075364723273144,0.068361285255516477,-0.032130056821811026,0.089090018200625801,0.9955052124954652,-1.5875499425106128,11.297466054460145,-3.3722499115302296,,0.09814785653820177,0.2380952380952381,1,5
-0.98312976614143088,-0.14640081004321986,-0.10964791719582774,0.13227603583600192,-0.98309490492814999,0.12659959813452401,-0.12632859244924244,0.10996004148325549,0.98587518277254194,-7.5934220426866359,-7.8490376085273335,-0.3672339067943422,,0.07304845175487831,0.125,0,4
0.98385976995750279,-0.14073246864206979,-0.11051843886464927,0.16299661896214759,0.95968727271671816,0.22898131101130662,0.073838034007405823,-0.24329963184406406,0.96713661593306721,-8.2340439824706184,7.9787498904399072,-3.4840032569860631,0.6302365895757112,0.3188042307953642,0.2222222222222222,1,5
-0.6179173944863805,-0.77145975491579266,-0.15174959682460079,0.76540703138992106,-0.63437023874524923,0.10828885673588542,-0.17980592284469477,-0.049236640213987777,0.98246912591206004,6.4253213872671893,4.658397623697109,-0.92311002028884048,,0.09221647363024735,0.3584905660377358,0,5
0.68043670020402547,0.72738357152440214,0.088988970619190325,-0.73074643080822421,0.66440198237487169,0.15677901542420417,0.054914031690447632,-0.17170656857775266,0.98361644121616587,-11.405122885769739,-11.479973635786795,0.26292554350529784,0.7648566904622756,0.7366779644515831,0.2615384615384616,1,2
0.96999857151690227,-0.209513708645583,-0.12331576194770284,0.23456973657523039,0.93984990117674971,0.24831270998698596,0.063873389906875591,-0.26978911977251369,0.96079863702764312,1.3567389650268105,19.898382941520747,-4.5507721030466604,0.226081159209967,0.216592752159721,0.5483870967741935,1,5
-0.61450034906173556,-0.76809438156482801,-0.18005649672130405,0.77978117654102552,-0.62598587305261277,0.0091106229672667637,-0.11971064161259357,-0.13480618586363852,0.98361407804971923,-0.91589471067336292,-9.7997758389908416,1.0879951102816057,0.4540403563407781,0.2016807843778926,0.2156862745098039,1,3
-0.29613883424761883,-0.92925955890804035,-0.22085846831963471,0.93332839363653541,-0.33067107336882018,0.13983830258178995,-0.2029775861574504,-0.16472192754805329,0.96522887757388842,-11.792788492936673,10.49535130579447,-4.1700047774656088,,0.2014010446281622,0.2941176470588235,0,3
0.42344925223748098,-0.88956418245674163,-0.17136597115409594,0.90130775254862083,0.394623980224587,0.17865119486714542,-0.09129658249503117,-0.23010319320203523,0.96887432337891732,-34.069808707077435,5.4388515556087453,-4.9641854245069439,0.4000933285350108,0.3153347852157187,0.7441860465116279,1,2
0.45119804598757324,-0.85987663243740753,-0.2388147823839635,0.88640258651242876,0.40077594451162024,0.23166591662326025,-0.10349288826326415,-0.31621324970488301,0.94302619411658217,-4.7464641365036488,15.519452076166557,-4.4832125364614388,0.8142537555405341,0.6412690070007703,0.2264150943396226,1,5
0.92199912689113106,-0.36514720695500497,-0.12878325692787707,0.38512206105268693,0.89920299662429104,0.20764144324393982,0.039982597495952218,-0.24104250271446848,0.96969062271562823,3.1333115766072184,-5.4084212720576783,0.30005420344725509,,0.1233620176021573,0.4545454545454545,0,1
0.86307785436879003,-0.46786284887153751,-0.19026553009932007,0.50482228164127174,0.81092074885991772,0.29590877483942829,0.015845543747908572,-0.35144258949973584,0.93607533085166506,-26.189173831121845,11.732806356721987,-5.4306951672195813,,0.6470035793045561,0.7142857142857143,0,1
-0.053190992977349,-0.99047821485779308,-0.126978833504658,0.9867625740189786,-0.071643009657421222,0.14548849329987146,-0.15320032892106888,-0.11755928316958507,0.98117759562636286,-12.745843101160881,-8.8757990234706501,-0.5738671376461516,,0.0846406625155891,0.2786885245901639,0,1
0.72464640141460657,-0.67442694499732592,-0.14154818535903446,0.68881693373314279,0.70278215960941293,0.17784394264973361,-0.02046520753212374,-0.22637476006901563,0.97382526321941565,-16.060587648591262,10.952029316710895,-4.6418748870396653,,0.07839521685224432,0.4074074074074074,0,3
0.3603768672633067,-0.9101041199045411,-0.20454584932054987,0.92737755484882012,0.32593547564562825,0.18367617286485857,-0.10049569296297406,-0.25588387336531804,0.96146973901805843,-2.8709962010908407,13.635387842030514,-3.9539271478783635,0.369452133353337,0.3161445168691261,0.7441860465116279,1,5
-0.93467682576867361,0.34308420903707759,-0.093126026868958031,-0.35272968800628779,-0.92764255231639148,0.12272351987665667,-0.04428316350467628,0.14755514440822501,0.98806198226056885,-22.08207291939798,3.40302201043023,-3.6481497751065111,,0.08693093426351396,0.375,0,4
-0.9155525671528173,-0.35960890066727375,-0.18012477714284544,0.36724385790844782,-0.93007287014145734,-0.0098186076075238628,-0.16399830977301172,-0.07513916946377272,0.98359476391646616,-12.043293576427159,-17.514489765892009,1.2995695136255381,,0.2794106432637267,0.5238095238095238,0,3
0.95961683855173496,0.28019376735060469,-0.02503948693261104,-0.25171303741108658,0.89498737093249503,0.3682908533599844,0.12560282626301925,-0.34711533905780617,0.92937337568144607,-3.0607956345051321,-13.586375774936815,1.565505986450705,,0.5151764577671133,0.2372881355932203,0,2
-0.85571992286436438,-0.47307488230421046,-0.20962721518415173,0.50191666402846213,-0.85736813568486925,-0.11401553526949679,-0.12578980874277843,-0.2027807575809592,0.97111116169640754,-23.474874307323137,4.7130464250408357,-3.9471366224122257,,0.5086761813895514,0.5666666666666667,0,3
0.84219518935047566,-0.49868867659010013,-0.20498016215168646,0.53917250382326787,0.77932732963982665,0.31928345462520541,0.00052359895465352378,-0.37941865678597292,0.92522495033741048,1.5368219495762774,-15.963021246176519,2.5117292969839835,,0.471402816781348,0.2,0,3
0.99429078771130242,-0.013889675879889435,-0.10579653291290129,0.045879211960068889,0.95081259722857236,0.30635029437129785,0.096337569942167703,-0.30945513706417827,0.94602145364797618,-18.706422586893982,14.023059027666731,-5.3486006450271546,,0.1932567403307392,0.4482758620689655,0,4
0.93882812793611758,-0.30758529757409947,-0.15489683958111236,0.34170529177864678,0.88798950562226342,0.30775336143606596,0.042886358745341233,-0.3418565819477235,0.93877304904464809,-5.7125255312636805,17.93917962159037,-5.0858413553930308,,0.1941946449486027,0.1,0,3
-0.92955913704305226,-0.34248029251377748,-0.13648098761166613,0.33855454590241585,-0.9395231112155652,0.051741114605660547,-0.14594735416782093,0.0018901670573025831,0.98929055240607178,0.15588030770961356,7.4663168322608975,-2.4053019759093579,0.3578540345321639,0.1227777520163667,0.2553191489361702,1,4
-0.9845731559450086,-0.12537303949655201,-0.12205450241544884,0.11698945685511951,-0.99040115174291998,0.073614031346221895,-0.13011213462713977,0.058199309220079216,0.9897897114180747,-8.1931433799162594,-12.728716749652696,0.83210312232227901,,0.1634507686868372,0.6153846153846154,0,3
-0.54286054507582393,-0.81468583643268522,-0.2039348339935024,0.82190587696755257,-0.56526886092906936,0.070298252255317634,-0.1725490017536451,-0.12945309104046229,0.97645723880459423,-6.6501881757885482,8.2451268658473005,-3.3712388490674012,0.3759509253783742,0.1285135739022312,0.25,1,5
0.16541627368286685,-0.9329242033809626,-0.31982790238950465,0.97356615808174707,0.10267804598607221,0.20402488747804295,-0.15750045155116521,-0.3451226588018782,0.92524805222313267,-20.385270094839829,13.761275330313527,-5.4475175701247851,,0.3446322327188373,0.25,0,2
0.69720353336567176,0.71251807601524775,-0.078900091343111795,-0.69386254140766712,0.69838631324587586,0.17553156725252,0.18017215848658538,-0.06763541100904237,0.98130700827209116,-10.5318686207358,7.5173153840754203,-3.5820986792660388,0.4255619788632198,0.3834568472297833,0.8964285714285715,1,5
0.72225867923070564,0.69160934992731327,-0.0043482604609676023,-0.66873631908849918,0.69994836943474703,0.25072697433185009,0.17644867754642485,-0.17818189363332754,0.96804807575520746,9.5504284998183948,-5.6746840327362209,1.4581850995793846,,0.3939512265869362,0.35,0,1
0.94103523094725494,0.33799850772343398,-0.014481121944795956,-0.30552460562625894,0.86744684091037094,0.39267122832152879,0.14528389268245556,-0.3650931209586824,0.91956489904502303,-2.7764374529019364,19.642154669662961,-5.1182708074512577,,0.401458397748416,0.25,0,1
0.59707982391869763,-0.78058938950337731,-0.18486721954949697,0.80019114832743499,0.56334087896057694,0.20576972622411147,-0.056478403019544654,-0.27079006460110305,0.96098019277490454,-17.18406796557187,-10.650602948281266,-0.56955861571780941,,0.3355690874234479,0.1428571428571428,0,1
-0.49661067825937621,0.86488546911741382,-0.073150253234788215,-0.86469915083845683,-0.48566384684801583,0.12816398247572844,0.075320732723562586,0.12690056412143369,0.989051583107599,-9.1980063352126002,5.2562447939219972,-2.9944361876612708,0.2877943710516064,0.3144243783802311,0.8118811881188119,1,5
0.43198207742521499,-0.88965237038558931,-0.14802075749940077,0.8981531122906401,0.40945279156201037,0.16021672311189131,-0.081929675124652726,-0.20215605691984026,0.97592031282507385,-22.684357146753349,8.4534125367779946,-4.5957024807071125,0.8986284933799117,0.7723599638852912,0.5526315789473685,1,2
-0.71916341980789389,0.69476885910957376,-0.01001039568630209,-0.69475786335670942,-0.718779958689307,0.025824064177010487,0.010746483807970175,0.025526523425247735,0.99961638126212493,8.7746056715315461,5.3631965630091569,-0.73255042839872853,,0.2070368554406026,0.5384615384615384,0,3
0.38702152442036747,-0.90629392908353812,-0.16984008284753732,0.917213678593923,0.3595149849925679,0.17166258580715321,-0.094516704531735996,-0.22221676280631281,0.9704052261258409,7.7734949414390373,10.427241359901767,-1.7837994656147445,0.3843529343129187,0.4143677765936938,0.90625,1,5
-0.79846681619219861,0.59834227504737114,-0.066612801555191503,-0.60200998127178296,-0.79244315843063151,0.098070500690240106,0.0058928676417242115,0.11840761186521251,0.99294758752077961,-10.784209320912462,10.925845433863042,-4.1455025175918649,,0.09087066355270304,0.2962962962962963,0,2
-0.30814757273036408,-0.91542797796304165,-0.25891444645458372,0.93556386242938883,-0.34095525786967529,0.092031361215773835,-0.17252632476404883,-0.21387175899010538,0.96150586996122378,-13.014757902301847,-6.5492405912974787,-1.0097165991954553,,0.1314780602388854,0.2727272727272727,0,1
0.52522778051532815,-0.83083469893300232,-0.18398228616866827,0.84653260664234331,0.48810592867869623,0.21245034309227878,-0.086708272190498981,-0.26733182645845788,0.95969545695294589,-0.03626868970050242,9.8053517851877547,-2.8752345746689532,0.1967631784321692,0.1595772417378578,0.1666666666666667,1,5
0.68756692389167395,0.72589794344913661,-0.017997246079757022,-0.70198556524669631,0.67084594653791429,0.23912754378976581,0.18565557184048467,-0.1517823827391187,0.9708213620098286,3.1294486393013132,-10.902192423620871,1.674303738565162,,0.2658520801693349,0.2307692307692308,0,5
-0.7369999104365923,-0.63254162121574498,-0.23816429087126637,0.65268142666547579,-0.75759408093844094,-0.007626520370389989,-0.17560776549565096,-0.16106615397654969,0.97119493755930819,12.873588580249757,11.880054134013903,-1.2783715656030692,,0.5817922694436093,0.1052631578947368,0,1
0.68442351484808306,-0.71889694448498953,-0.12145631121165124,0.72817224760327115,0.66568367363854142,0.16318830984937488,-0.036464093892427323,-0.20013103172981767,0.97909036354943402,17.548042679651857,-1.7295514293470948,1.7875642279878283,,0.1020515414916585,0.35,0,1
0.5171048112393638,-0.81726103410799966,-0.25433642350600522,0.85257330458717029,0.46555625034189196,0.23743659800652259,-0.075639767969072805,-0.33962005225887626,0.93751631751413511,-1.640617301695819,6.5500663968543815,-2.5396785672455775,,0.3244370243661023,0.285024154589372,0,3
0.99366101723052058,0.039012945292215176,-0.10543136599719496,-0.019267378763659901,0.98307644242487491,0.18217979159289432,0.11075446244727802,-0.17899357097080151,0.97759641498889327,6.0746292591328954,-5.0972767148965987,0.69374656853229411,0.24198929881653,0.2083685038350507,0.2258064516129032,1,5
-0.90535211208163135,-0.40371331994245746,-0.13173119771097822,0.39633010694172893,-0.91467556831112629,0.079316146315087321,-0.15251229288449986,0.019600000912185889,0.98810720090653925,-7.8338989120949423,-10.885024676676368,0.53790687678254379,,0.1046362948491891,0.5227272727272727,0,3
0.88678460011622229,-0.44472157101523979,-0.12584036423361777,0.46151542900577069,0.86667740616011046,0.1894037550873883,0.024831064945586342,-0.22603760290120101,0.97380204368667667,-24.473272843132072,8.9164242145231078,-4.8061823374965256,,0.07930874345956074,0.1666666666666667,0,1
0.91375123706231953,0.40044477939173961,-0.068575909946436892,-0.37692526209205335,0.89856803109663208,0.22472837001135149,0.15161142293349061,-0.1794978332711093,0.97200540342482633,-8.355997321038096,9.4847885971147736,-3.6978579420407076,,0.07465413307222619,0.3235294117647059,0,5
0.84210834893932318,-0.46788849984002862,-0.26820492233390297,0.53924172509416912,0.73831737072251569,0.4050997679669246,0.0084788303528157451,-0.4857651817564112,0.87404822385781977,-17.580005275719902,17.702695550332017,-6.1214699019375933,,0.4104210709935621,0.1379310344827586,0,1
-0.83699360750318252,-0.51648021966854996,-0.18080343937529114,0.52114794816504273,-0.85311614524356949,0.024447062157208304,-0.16687275727983339,-0.073763306703799464,0.9832153667747201,6.4329778565623634,11.048112335600699,-2.1553748995131401,,0.08005516515057991,0.2608695652173913,0,3
0.13725622518769201,-0.95120410775049546,-0.27635389276398797,0.98095134942045337,0.091813892435101047,0.17118603689000964,-0.13745973489505073,-0.29458607325279296,0.94568698136755758,-8.2992193806000518,15.546807736709088,-4.8493788394652801,,0.6382341531928725,0.3714285714285714,0,2
0.72139795994086919,-0.67140865100467861,-0.16969209395027826,0.69239751939822369,0.69465874655822357,0.19502538542801165,-0.013063633657548181,-0.25818530009711227,0.9660070870803309,-8.9407384836270296,1.4705588196566612,-2.3085109310993661,0.3780043091111267,0.3054070963873334,0.7744360902255639,1,6
-0.91176085674813601,-0.33857821413811501,-0.23250146884041628,0.36899696622788547,-0.92385188931485229,-0.10168050709942117,-0.18037011675031678,-0.17850064291319404,0.96726632395791334,-9.1119509359574504,-12.836572943737712,0.75912030950703746,,0.5647745641604321,0.5,0,2
-0.59844885668939163,-0.75811711705876583,-0.25907026604700345,0.78382055284335272,-0.62095357185416955,0.0064809368064264305,-0.16578391619062482,-0.19918608993615475,0.96583673294633277,-24.68489165297499,1.1418239901360283,-3.3843141907256449,0.5721577219667821,0.3745494839998299,0.2258064516129032,1,4
-0.9910916627626104,-0.073919143576421195,-0.1107848194265388,0.062583701741490749,-0.99276013300448807,0.1025212104554072,-0.11756103214405066,0.094674592842209693,0.98854242457842245,-4.2550702859331464,-5.9242423841999319,-0.42292445876128199,,0.08232958595769743,0.3106796116504854,0,5
0.53854616746202233,0.837125072312914,0.095862603850861691,-0.82313299156089903,0.4983785519151776,0.2721596906136855,0.18005583499563083,-0.22547823020422708,0.95746512416275353,-11.034913566165963,12.061824564221395,-4.3835856330341318,,0.2569949602353544,0.2857142857142857,0,2
-0.25929983289188535,-0.92000472725069016,-0.29386203990754661,0.94911883597251379,-0.29904137096996941,0.098730408945685633,-0.17870935024340906,-0.25330921871259515,0.95073519333765821,7.8248953751646102,-3.9047584530949426,0.68710541835570171,,0.2094486284015281,0.3275862068965517,0,5
0.81438418981288807,-0.5391605308718761,-0.21467257238120444,0.58032579819077723,0.75623313539057568,0.30221418380277515,-0.00059944728191639834,-0.37069848514297599,0.92875307470589841,-5.9515072724495086,-10.785797293902332,0.73042571529502887,,0.4486319944758276,0.1818181818181818,0,1
-0.66653810133309621,0.74502625783875731,0.025745574416777113,-0.74106551235971196,-0.66595291739773099,0.085607348986461287,0.080925063251812854,0.037981402557431536,0.99599625862623709,-16.839706248650707,8.0646407294427558,-4.0900116085277265,,0.4566039592587968,0.2105263157894737,0,2
0.96835821476729123,0.230667971823181,-0.09526098187445356,-0.21053860853480455,0.96002721991872297,0.18444845169140428,0.1339994858532417,-0.15855605882497248,0.97821475862969842,12.612986041466495,16.142524938408108,-2.1104202000767258,0.7206651776527521,0.6074897071681826,0.8571428571428571,1,5
-0.99445181404486227,-0.04123583484680092,-0.09677394002193887,0.031280823745264502,-0.99426982863646196,0.10222043792235515,-0.10043455385822231,0.098626131363385217,0.99004332561943575,-9.4957934953722791,-6.7461680520068468,-0.66917556384985932,,0.08521405111930858,0.2926829268292683,0,3
-0.85984427530487073,0.50195643129353995,-0.093314325312323337,-0.51037288450918505,-0.84995677395017832,0.13074020488731816,-0.013687256233975383,0.16004131810022537,0.98701541807487836,7.5023388567774383,5.4181809122575268,-0.92083528977299867,,0.08098665676745058,0.3611111111111111,0,5
0.33899174274011878,0.94067945188855295,0.014379400149856333,-0.92460325373702923,0.33029753108505561,0.18976923917752378,0.17376254352683904,-0.077625445272599042,0.98172341762500259,-21.087436319149077,4.0293323339156828,-3.6802816466298203,,0.09693782459676342,0.2272727272727273,0,2
0.76769055719539248,-0.60530404886640965,-0.21037636944048435,0.64058216379113353,0.71591513451341404,0.27770490022199784,-0.017484273667989578,-0.34795477953402482,0.93734826589359588,-29.108268542578646,-0.03549650915806403,-3.5509768246974831,,0.2300648571650932,0.45,0,3
-0.93068009172493915,0.36116587882789625,-0.05825611416266098,-0.36200087567680211,-0.93216869002098834,0.0041108823607211098,-0.052819815184152887,0.024914680712957358,0.9982932063321297,-10.559553403441017,24.692387697330666,-6.8347473413772653,,0.4375856222009858,0.6071428571428571,0,5
-0.69638521393292596,-0.7054600996806043,-0.1318092620957422,0.6950668424659151,-0.70871059683213855,0.1208775183493437,-0.17868888695174934,-0.0074389311372608843,0.98387750456216827,-8.5861321346170438,11.82180416846896,-4.166991851200808,,0.5488805677378887,0.8395061728395061,0,5
-0.3587578173566156,0.93324114721940432,-0.018809296162462835,-0.92846379141642355,-0.35470036829222862,0.11019363303746929,0.096165568236018711,0.056996577703992829,0.99373214379724883,3.5880122858650214,9.3426923464157952,-2.1751758342721628,0.7815866094441193,0.7034471527067045,0.44,1,5
0.95960229663631835,0.26470019983305998,-0.095379434358993931,-0.24234428567480878,0.94981910911946166,0.19776983377724464,0.14294292389296545,-0.16666572581022915,0.97559717934661938,-9.9377900023605523,-5.6608753460929098,-0.97459758297155263,0.1986763303943186,0.1540173897841887,0.6573208722741433,1,3
0.36339265443234825,0.92447819675283294,0.11526422876696411,-0.91499547568398953,0.33088006545415188,0.23087152653128667,0.17529705697028219,-0.18936326468902903,0.96613275268146825,-13.099478705757036,10.877187637943853,-4.3815577333720768,,0.4116494847489977,0.1333333333333333,0,1
0.8096264966546407,-0.57077624462986742,-0.13681891126945117,0.58664809437838117,0.77950528091433124,0.21958035064386541,-0.018680184071528529,-0.25804262359713881,0.9659529259390226,13.968568490065694,-3.5784482520261061,1.6297477130768638,0.3455464629688308,0.1143990774159535,0.391304347826087,1,6
0.33323544337753502,0.94233202484610468,0.031056307353195943,-0.92359998958154443,0.31963592566281795,0.21165050028441415,0.1895183329441954,-0.099213053451207053,0.97685186773785693,-19.824119900547064,8.8319489411704204,-4.4598418612533886,0.3064245519259255,0.250966109842232,0.72,1,4
0.68495851548864117,0.72674741903222717,-0.051672245834626367,-0.70667123428395873,0.67994877109868379,0.19566664334264208,0.17733470809512766,-0.097508243812441928,0.97930819648026535,-10.306363789957652,-9.3390965390058049,-0.23299022621068305,,0.06993392391054636,0.2340425531914894,0,3
-0.99231186586976194,0.090618704588593502,-0.084293601374933261,-0.087152253267194987,-0.99522549851557196,-0.043939638765932203,-0.087872894595100448,-0.036255447633633427,0.99547169568620208,2.4986766768840014,7.7583918181040845,-2.0743208926512233,,0.1874541556306507,0.2272727272727273,0,5
-0.41982671179933823,0.905052091699725,-0.068016493365275418,-0.90172079228549618,-0.40741314433957176,0.14461722780969391,0.10317531109608058,0.1220460615066969,0.98714720991903293,-3.259166072717012,-7.269158230275492,0.063826991477807862,,0.07961973316032821,0.2948717948717949,0,6
-0.99373199626350217,0.044317249723069788,-0.10262894805628098,-0.058000536627035956,-0.98922295424065365,0.13443914814655006,-0.095564937885877388,0.13954901712436829,0.98559292533301601,-1.912401682614824,4.8703669236530605,-2.2365637973554051,,0.1017982209649721,0.5333333333333333,0,5
0.47831945753435401,-0.8554410399834268,-0.19857271629334222,0.87437702691537011,0.44287328368697476,0.19831305907316379,-0.081702578580367391,-0.26848441613693558,0.9598129020517121,-16.471947913234292,13.17784317161146,-5.0811119736643349,,0.09453866809212237,0.2142857142857143,0,2
-0.30226766547732725,0.95321638568085687,0.003574979218445646,-0.94724615816051549,-0.3007895922707472,0.11068124064963922,0.10657848871621477,0.030068974893124302,0.99384952708739893,3.8986479379032888,10.217701541591033,-2.4275484204966813,0.9308830478031376,0.8415161011758219,0.6826923076923077,1,3
0.98872957912158321,0.13056382663622099,-0.073259173788437604,-0.10167578922768775,0.94477550777097996,0.31154658367732813,0.10989018725520715,-0.3005866382429439,0.94740267028060554,-5.8990154905425438,10.754533254897076,-3.7421602213559577,0.4077763786458841,0.1790074944484533,0.282051282051282,1,5
0.62754449161197134,0.76735784840078203,0.1317188048275405,-0.7575572176129538,0.56274902257611914,0.33078784686282414,0.17970802177419107,-0.30736862248340485,0.93446752582562342,0.65823279263524159,5.3509280762139735,-1.9796527554445995,,0.5010798745475143,0.2272727272727273,0,1
0.89029587177518987,0.45110205391663577,-0.062291232547197734,-0.42171013740257374,0.86833674316322573,0.26105911300811968,0.17185406806927456,-0.20615100636396705,0.96331092688870024,-19.394913408826334,7.6895390058310991,-4.1697475889705391,,0.132994766977298,0.2272727272727273,0,5
0.10759200332031228,-0.98641606898341772,-0.12412614419542739,0.98462730788177266,0.088443367546755886,0.15062149684053466,-0.13759733062460058,-0.13842365978506552,0.98076799754921351,-4.9846021449955913,-8.8546704312038607,0.31739688353495044,,0.08928234181996608,0.4556962025316456,1,5
0.9447292573016961,0.32609147298000107,-0.033926120437198878,-0.29447027062373121,0.88947560610915655,0.34945730190616348,0.14413150286100743,-0.32015230342210904,0.93633787304399152,7.783747148660872,9.9894919278519332,-1.6793816075193968,,0.3365844841852866,0.5510204081632653,0,2
-0.47268218166177473,-0.8597001975299019,-0.19361592265749511,0.86514489839844821,-0.49450449942979019,0.083603856483011205,-0.16761819684808785,-0.12798777445811274,0.97750870567716963,5.4035045829127553,-11.307504014322042,2.0602138123315852,0.7044681194215654,0.5496552162070724,0.5172413793103449,1,5
-0.93266389296206276,-0.33432135212030428,-0.13552599854382791,0.33330571926078267,-0.94231562531188595,0.03079869804263425,-0.13800492843700343,-0.016446756808580043,0.99029497823505952,10.361156651944151,7.9746290734975984,-0.93208868196992922,,0.2049265278698258,0.1481481481481481,0,3
0.99260950488622302,-0.059342867564170773,-0.10585270369145379,0.076970177591628344,0.98224098755730993,0.17110883707148478,0.093818775152112399,-0.17799175944886891,0.97954937139342568,-12.462131552219416,0.78172150768641246,-2.4991719673031638,,0.0892487164837549,0.5023584905660378,0,5
-0.050190883073399667,-0.9807709205910099,-0.18859818816566953,0.9844441683942271,-0.080418045838495752,0.15621337080453226,-0.16837622923355011,-0.1778238994808588,0.96955046604212936,-11.592038569035935,-8.8181712723416013,-0.50378213321284537,,0.1459484418899107,0.5949367088607594,0,2
-0.95824484689318012,0.26518788848801833,-0.10696820650048729,-0.25350522878558113,-0.96091306946541577,-0.11127071451609381,-0.13229479347666978,-0.079507589133479911,0.98801651346986419,4.6045834425439667,-17.216754401678514,3.1633012720348681,,0.5527469711267712,0.3666666666666666,0,2
-0.8068484002356352,0.58247366581125037,-0.098590504987048536,-0.59075457175538082,-0.7949155814728549,0.13826877551273409,0.002166791940652983,0.16980473187776013,0.98547534623886412,-3.9208952590953761,13.174974675085101,-3.9882155536656723,,0.07838779253823845,0.4137931034482759,0,5
-0.66513111485548548,-0.73387715342508553,-0.13793086576902944,0.72752842949631702,-0.6784950709283305,0.1017193344481938,-0.16823490816629819,-0.032691931828124195,0.98520467582509186,0.82198435475870224,-8.809555402084305,1.0380314064333851,0.6830006177511601,0.3839365071666374,0.5753424657534246,1,4
-0.0024540608411385582,0.99875326459027691,-0.049858741015510744,-0.98888243327844327,0.0049892367120182735,0.14861574839274769,0.14867922093787359,0.049669145224125119,0.98763731464237992,-23.102835555836897,1.547906005769192,-3.3610336274373971,,0.08256125426800562,0.3,0,2
0.97609350610383006,-0.17089065890623426,-0.1343050633465657,0.20357459090067823,0.93529420782404837,0.2894514307278635,0.076150202111047977,-0.30987276019259702,0.94772359852916388,-11.386486170797365,8.0397642934480356,-3.7160085506900513,0.456913874120733,0.227640850224692,0.5847457627118644,1,5
0.62032245315346024,0.78132848363835583,0.068744852673215145,-0.76312967298586709,0.58097169780611913,0.28302824692380096,0.18119921722280602,-0.22803001338346771,0.95664473900930391,-4.3125972822273644,4.7120020059778174,-2.4856259143898263,,0.08249337724533246,0.2962962962962963,0,5
0.91462649615744018,-0.3848221506459984,-0.12397695309594192,0.40272167860354874,0.89423274608681669,0.19535364191325288,0.035687842600874382,-0.2286038236736648,0.972865185774615,3.6743045378123931,6.8962018214699707,-1.7120321736924562,,0.07267763176095648,0.375,0,5
0.70645319804782791,0.70716763514095904,-0.028945030266685712,-0.67968448207670473,0.68926655079068866,0.25087970580584756,0.19736484943403126,-0.15756128258633242,0.96758542694566896,24.211946610143919,6.5465278593132386,1.2869829927309735,0.4484448713774204,0.2324632418711157,0.6,1,6
0.21372376963571529,-0.96948393106636055,-0.12009603530847961,0.96933762583046401,0.19520060955221918,0.14926918362408556,-0.12127125562992482,-0.14831597835215854,0.98147626212934125,-8.2983211523666771,-9.0817086511480944,-0.094078856734974917,,0.074846821172142,0.4324324324324325,0,4
