axis_00,axis_01,axis_02,axis_10,axis_11,axis_12,axis_20,axis_21,axis_22,location_x,location_y,location_z,dbh,dbh_approximation,score,reconstructed,number_clusters
-0.78646661892648362,0.60691653320597339,-0.11455382593169021,-0.61557997496330319,-0.78536163587138719,0.065332957422712876,-0.05031452810595196,0.12189923142768928,0.99126637471408985,-9.8259626122179462,0.82582142274390502,-3.866638685548013,,0.3922992524629613,0.9153754469606674,1,3
-0.98758817420150147,-0.063476377241402385,-0.14366749009310484,0.063878884998090968,-0.99795600993246891,0.0018139159481168365,-0.14348897598333424,-0.0073859171382661048,0.98962435398452131,-0.32544003612922023,15.481408485071182,-4.6735039831976586,,0.08200043281537632,0.2727272727272727,0,2
0.95197821254312365,-0.25227674397607286,-0.17347601359275061,0.28617907615155752,0.93457574809309252,0.21135209355310278,0.10880725718554915,-0.25084779354235798,0.96189207568140944,-10.311640174663548,22.616415010879443,-6.8569565539610258,0.2401861322849222,0.1852540244944784,0.5263157894736842,1,4
-0.1397062493614728,-0.96367127279738973,-0.22763971945688649,0.98442896965104232,-0.15994210826774341,0.07292548055829072,-0.10668536732438133,-0.21390698910491318,0.97101083022329548,-13.209730289265817,14.370910658328926,-5.9385877740441542,,0.28504162750111,0.1785714285714286,0,1
-0.86988710622633236,-0.44483612420382473,-0.2131132211396026,0.47028556015548223,-0.87827821549135288,-0.086364738768602428,-0.14875454389840326,-0.17535164326758981,0.97320290118398967,16.917353644598553,4.03416277727242,-0.91679223412371313,,0.3282981145032379,0.1481481481481481,0,4
0.97818019256649857,0.16324250747538535,-0.12851223530744438,-0.14269917125702347,0.97747850596740238,0.15547577590831746,0.15099820327780686,-0.13374473494266392,0.97944468372746329,-12.353614946291296,-2.7847938515645057,-3.7801939881913733,,0.07387084300556307,0.2926829268292683,0,1
-0.98803622957641046,0.090649457956514148,-0.1247681242009453,-0.08870027474399525,-0.99583481844122901,-0.021101555403943425,-0.12616128687030775,-0.0097821343435932229,0.99196151111971753,-9.5807589115483509,7.3717675199078281,-4.6770503152257481,0.2514516689312039,0.1153105348586465,0.1707317073170732,1,5
0.44630129101281391,0.89129024513771993,-0.0801052842366725,-0.88360395974780281,0.45307441361776979,0.11818467769942403,0.14163050504145724,0.018035372113060787,0.98975528561076398,23.633051004200585,-6.4401196791459272,1.178001441337327,0.199992114518171,0.2153623497540925,0.2727272727272727,1,5
0.023758446026376431,-0.98141427026701356,-0.19042469997003275,0.99653358341253129,0.0080586598733441081,0.082800212149638758,-0.079726741896249537,-0.19173181300272255,0.97820374079702743,-7.8925879689225784,-10.95755150239154,-2.2780938029771263,,0.3861871118293108,0.8838709677419355,1,5
-0.8971262001837802,0.42461518737208764,-0.12192835435934876,-0.43273027946274922,-0.90018834128748837,0.049045442664645042,-0.088933043239860024,0.096762042470418586,0.99132639476463569,2.3724415097095171,16.667113687943893,-4.552147118211221,,0.08139330754678867,0.375,0,5
0.51719491628382219,0.85413833974940567,-0.054379363184024733,-0.84135487362359507,0.5190487255646401,0.15069969183627416,0.15694392374346688,-0.032188772263832911,0.98708281706255685,-6.8947581820497881,-5.447212441935501,-2.7785222681350414,,0.109213408168426,0.3027522935779817,1,4
0.54090864467900357,-0.75232099317583501,-0.37607307978430021,0.84106129410109387,0.4869021809060371,0.23567385471014396,0.0058084142859128572,-0.44377853649750787,0.89611766686502359,11.553521589043886,16.541463259702521,-3.2745768332317153,,0.2306134833788046,0.2857142857142857,0,2
0.0008154386455515053,0.99919426739203987,-0.040126687761409305,-0.99602628609468391,0.0043850694322213933,0.088951720469627626,0.089056007479829863,0.039894701113818223,0.9952273309926698,15.733287660394732,25.238845370007319,-3.6698111109413181,0.4134114938520008,0.3258371517901359,0.8235294117647058,1,4
-0.54558429428255684,0.83758252356902085,0.028165476100287416,-0.8377841962872522,-0.54424346331656592,-0.043780053546261251,-0.021340531472483951,-0.047482300375416529,0.99864408718398345,1.9713918091811951,-9.0145588214766619,-1.2505949174718585,0.1365574371573794,0.1515185770327114,0.3209876543209876,1,5
-0.72449466105432225,-0.67102700570164031,-0.15757615213880891,0.66978102351032409,-0.73934780203523687,0.068979766389331912,-0.16279086783123048,-0.055566043990504584,0.9850946899186902,12.166275501244554,6.7149366243976694,-1.8883444486935519,,0.0836059224705446,0.2068965517241379,0,5
0.95514130109771644,-0.25226016603453333,-0.15514478260512407,0.28885473399487327,0.90910895888126164,0.30013970668770229,0.065330219547408072,-0.33149013486687445,0.94119405698284631,16.103302589217662,-3.0279451356226965,-0.15248700316102076,,0.2890638716047636,0.1904761904761905,0,3
0.50882933999467383,-0.82534455086579739,-0.24474287551779852,0.86081999708184831,0.49078996770526784,0.13458878193917007,0.0090352301903156261,-0.2791622824738294,0.96020142921129348,17.616399457835538,-3.9970767052108509,0.10857684392174166,,0.5157069895949405,0.7333333333333333,0,5
0.020677124422690402,0.99884667544025973,-0.043333306907612591,-0.99597299386127536,0.024360778633470116,0.086280634926845415,0.087236758448586846,0.041374767991033207,0.99532802459745484,15.355018634191376,-2.2361803984359816,-0.39781591209852712,,0.1134726378959776,0.4583333333333333,0,5
-0.76443809624404868,0.63959739243197655,-0.080929429782927165,-0.64279011975179368,-0.76579598446330344,0.019426068293755903,-0.049550569726778702,0.066870664525597756,0.99653050894875062,14.274037604849346,-4.1867824651208903,-0.2741354405323303,,0.1214740858967787,0.4642857142857143,0,5
-0.52264518705685414,0.84918399064290251,-0.075687241210795536,-0.85252915119232819,-0.51994333859469766,0.053413210147755477,0.0060045660621557756,0.092441736714509185,0.99569999020769862,-5.6521723734245235,-11.998800360303767,-1.8990375507937058,,0.08121478274440563,0.1785714285714286,0,5
0.18843212864454476,-0.94610940787793241,-0.26338246186744102,0.98024346240703486,0.16476738849254655,0.10942788537486436,-0.060133911420711235,-0.27879866573248607,0.95846503153898732,9.8204468286774933,12.897074592131112,-3.0689446029274481,0.6242478234934979,0.5173426302075909,0.9019607843137255,1,5
0.98986060165399847,-0.022547088045874311,-0.14024128534006974,0.039201524416817742,0.99233988344657575,0.11715287535794064,0.13652556455323997,-0.12146268785881174,0.98316203429624516,-4.9115780365339674,-3.1077696589501134,-2.7976059082405547,,0.1550129927153188,0.7245370370370371,1,5
-0.76476348584029774,0.64137980384776649,-0.061390210470384232,-0.64142752050477225,-0.76688139909650876,-0.02153266492755232,-0.060889626903910539,0.022909974595858557,0.9978815492830404,-4.7330442574364362,18.453793725248197,-5.6003194811968884,0.665534019182539,0.5725983758940434,0.8045112781954887,1,5
0.1682845539133879,0.98398134483749733,-0.058830450669376755,-0.97893745805522425,0.17382417990481808,0.10708224734657443,0.1155930885933391,0.039571043607761584,0.99250812106362374,13.369706609561804,13.900838984812401,-2.6441389649273961,0.2565545434270238,0.2866924778599674,0.7391304347826086,1,5
-0.85754235658566091,-0.46732852232558342,-0.2150003694938678,0.48335798009068581,-0.87503950145343945,-0.025902393301977491,-0.17602888894770991,-0.12613454371069327,0.97627040677198251,4.0722020901468357,11.482188097778964,-3.6265680314895139,0.9265284848658958,0.804709775016122,0.9071428571428571,1,3
-0.76452633310783003,-0.60658806897832795,-0.21806054333106056,0.62223069498088712,-0.78282399436767636,-0.0039441178782082132,-0.16831057069684141,-0.13869934540356732,0.97592727361024434,-16.447815655444217,-8.1041347633035041,-3.7197923969323901,,0.1531396928282893,0.391304347826087,0,3
-0.32726270255079887,0.94481475424748684,-0.014973432318918541,-0.94485427173340863,-0.32698915248745541,0.018124550826607539,0.012228193091295837,0.020079200975076119,0.99972361029532819,-13.206896838976093,9.9975544146098603,-5.3945202954064611,,0.2470278948364694,0.4269662921348314,0,5
-0.98295393105013507,-0.094547685269979767,-0.1576778508325587,0.11116852053061307,-0.98874322811819026,-0.1001418438688588,-0.1464347276984542,-0.11596363249100594,0.98239976916903349,14.561277726922082,8.1927317614794557,-1.7637783889425889,,0.5801777446290395,0.4444444444444444,0,3
-0.98776013321808309,-0.060931802506026776,-0.14358702820366978,0.05783798771735349,-0.99799700722586093,0.025626953487146654,-0.14486092089242761,0.01700849821682246,0.98930582965360436,8.9531806808004148,-1.1120340168156402,-1.3238805953002244,,0.0665859305742298,0.2903225806451613,0,1
0.96853392735978983,-0.16143568167733163,-0.18942162557215442,0.20946267259280391,0.93977963155886779,0.27007338428167893,0.13441510459506423,-0.30125199549290088,0.94402320674242124,-6.6471026745936035,10.708579743006579,-4.7740350683091792,0.662182138734593,0.4201419421588439,0.1349206349206349,1,4
0.84954007657035169,0.52174526862493265,-0.077868690552364395,-0.50442855269552289,0.84664628219108529,0.16953438612126839,0.1543810011832514,-0.10474706449114511,0.98244315812882888,24.761425794846566,12.333468121095562,-0.96132400791533301,,0.2846188562482361,0.2666666666666667,0,5
-0.98978718198486337,0.045101761480930799,-0.13523004654950369,-0.041507686727853738,-0.99870901500382281,-0.029281654539956251,-0.13637612078720393,-0.023369519922587699,0.99038145136993694,-15.413330531435076,-3.7864057180857449,-4.080869316273593,,0.07635839915223826,0.1764705882352941,0,1
-0.92226091374389352,0.37774832093828986,-0.082103672320924179,-0.37610062144480316,-0.92590682476979203,-0.035282777577096545,-0.089348360528393664,-0.0016606845048755387,0.99599905250851728,-1.6785875001817678,-21.809558790529998,-0.26462232506854744,,0.1181813935335814,0.2666666666666667,0,3
-0.92420039652028596,-0.31520062783590214,-0.2156436673858072,0.34843784698851932,-0.92708271226127326,-0.13823426280154977,-0.15634798961852034,-0.20289457567450067,0.96663803841154139,4.9900425179179866,22.155488260848387,-4.9536635971484575,0.1943679110963789,0.2593059750771795,0.4230769230769231,1,4
-0.97175006064688796,-0.16377089771111741,-0.16994385159712222,0.17946322998432027,-0.98039101920716276,-0.081402693699507755,-0.15328003365202195,-0.10960174506291225,0.98208588665289354,0.23803657055140287,23.474426498929546,-5.6266656904695482,,0.3621166916180881,0.5555555555555556,0,4
0.81782294292835067,-0.53289596862966293,-0.21722688746622934,0.57094737199068879,0.79859920597614709,0.19041640326188899,0.072005086187979767,-0.27975202382203018,0.95736830568519504,-4.051557972313212,-4.9485036816821655,-2.4470993581891496,,0.2070382890446597,0.3,0,2
-0.76534804124919797,-0.59106726098547258,-0.2547191958748859,0.62539898138050209,-0.77645979798195031,-0.077371158748343591,-0.15204765649048291,-0.21851699043543948,0.96391484844191089,-15.361424430560033,7.465662199328623,-5.368116788470231,,0.3202831489275168,0.3103448275862069,1,6
0.0013981932939588504,0.99354759412161797,-0.11340733340775647,-0.99635828477387811,0.011052542341702908,0.084545902740707973,0.085253817615219565,0.11287612468068775,0.98994483031081149,-4.9114565385628088,16.228277949918205,-5.2673905740503573,,0.07387288799949435,0.24,0,5
-0.1760011162791201,0.98211270479944934,-0.066919669305913282,-0.98240261651684113,-0.17092192365559261,0.075304681625619388,0.062519645947235677,0.078995766249723681,0.99491254026937037,-12.924826454482051,-4.8832811875080413,-3.6224205293237337,,0.09133445282953714,0.3518518518518519,0,4
-0.31758495691634731,0.94152061538841059,-0.11259984875243412,-0.94743898300634932,-0.31022606815481829,0.078225060671739288,0.038719098909156875,0.13152458871188785,0.99055646681238341,13.484855855738564,-7.8787983852483459,0.087892311497569153,,0.1670985813818169,0.2222222222222222,0,1
0.60584175322374656,0.79459754808059158,-0.039629618154740691,-0.77767564402261269,0.60197807960851946,0.18122633463394741,0.16785816258017697,-0.078975491484085933,0.98264261509465178,11.96335088949453,26.922880870956909,-4.3390279786434682,0.3694728285091823,0.4253865583461344,0.3611111111111111,1,5
-0.25245168040677018,-0.95576102370048721,-0.15096030814354977,0.96009889038196516,-0.26682569554219709,0.083750635136355861,-0.12032568199315649,-0.12379383576503426,0.98498569354050136,-3.8781479216439134,1.9124005451432018,-3.2969289776500799,,0.4168236054815498,0.9285182427401341,1,5
-0.98966118739408271,0.076985411192885045,-0.12101231602278453,-0.06452942828404605,-0.99251490042285473,-0.10368281113061374,-0.1280885906358174,-0.09480199840760091,0.9872212994292906,2.2089787738092941,30.793896639317573,-6.1323851042061115,0.7362297415829985,0.6285119506125633,0.1333333333333333,1,5
-0.64275035653188661,0.76513604032442117,-0.037931767356629072,-0.76574378388105979,-0.64314122138767937,0.002413876442541347,-0.022548539324057228,0.030597535009028551,0.99927741604907794,2.0847558364910213,-6.591723719631692,-1.5400200157854258,,0.1636244138178907,0.5930232558139535,0,5
-0.97068901797885387,-0.18316383861552782,-0.15560796444550545,0.18910233333531459,-0.9816608688597056,-0.024129775729335855,-0.14833454723154801,-0.052848337468962732,0.98752413404654538,-4.7583560821817539,11.871662307938886,-4.68165161461057,,0.08274411268522056,0.3275862068965517,0,5
-0.94038310644833134,-0.30191170317401311,-0.15661716570399281,0.29843152662549116,-0.95332901556079075,0.045852066538727164,-0.163150963903264,-0.003620991088036245,0.98659447160470948,9.7111913689383158,0.61802106494974984,-1.4523186078884351,0.1546224502104295,0.08075470243790113,0.2857142857142857,1,3
-0.49595318988555231,0.86367929245777475,-0.08993616192601385,-0.86826644075597093,-0.49180851861847408,0.06509814798640394,0.011992551826144832,0.11037418536025147,0.99381774883866814,13.286650717733107,6.4758866885418582,-1.7059519089715838,,0.1150667700726402,0.5,0,5
0.88436425290861465,-0.43448627542794532,-0.17065035787287411,0.45922225660443883,0.875384478338044,0.15105275278510447,0.083754326554008149,-0.21195209729932479,0.97368450805890028,-7.320807980845113,-1.4047585992068337,-3.2944929204542173,,0.1784335424432189,0.7084507042253522,1,4
-0.93785898114356425,0.33246147437119961,-0.09944797407330068,-0.33285178154301276,-0.94288773371062851,-0.013130618480393355,-0.098133699675485075,0.02078676687133486,0.99495612330948491,7.712905700627358,25.138840174844557,-4.8422121377108196,0.4074280770979943,0.3220205410116082,0.2631578947368421,1,5
-0.71663464932555831,-0.6246261529526268,-0.31028526944351942,0.67658999687704247,-0.73060326331097902,-0.091895852818685994,-0.16929487739432494,-0.27579166174297504,0.94619142027450809,-13.126736469715501,-2.246308687449484,-3.9423162049901306,0.6567785450816022,0.5140810018049029,0.3375527426160337,1,2
0.070978061207476448,-0.9780148829910309,-0.19608417446410226,0.99454814881992826,0.054333149747985698,0.089004991530348646,-0.076394335562803367,-0.20133255446276868,0.9765393530254759,-2.9370053621829211,4.3440556791775053,-3.473622906192027,0.2955417587654386,0.2036072355615585,0.7023411371237458,1,5
-0.95759061111448618,0.2808639769133357,-0.064309003862692241,-0.26567267589944921,-0.94706528417691183,-0.18023700171533319,-0.11152690610705879,-0.15550811547739909,0.98151870855060974,7.6461249038011632,-14.21903889729716,0.12571268311320019,,0.1374658176550946,0.4210526315789473,0,5
0.71517351840283372,0.6876614430194089,-0.12509427788582717,-0.6800010713183543,0.7259418617822041,0.10299007873614821,0.16163347914711992,0.011408466007842401,0.98678491340420571,-3.4342299066687221,6.5837975047503514,-3.865920418166517,,0.09413767773431263,0.4301675977653631,0,5
-0.14644786738262078,-0.9728136268024089,-0.17940643702672815,0.98335508610201139,-0.16288263560547647,0.080511003319541044,-0.10754439444428496,-0.1646295675926914,0.98047504236357563,10.639054239760757,-16.183544079373224,0.72830025853082792,,0.09740186503917428,0.2631578947368421,0,1
-0.59033240932690711,-0.78977726009669069,-0.16661190213323152,0.79142869586404518,-0.6069158824204981,0.072758030681738847,-0.15858204772680251,-0.088910016870499403,0.98333450210946127,-6.5187315713764988,19.502652114629953,-5.9561352544171235,0.3195161309089415,0.282201346125306,0.8484848484848485,1,5
-0.59848930079517615,0.80057307112079823,-0.029888369475679053,-0.80100926949590523,-0.59863173084442589,0.004919451986087447,-0.013953745566610092,0.026885100379586285,0.99954113690345048,10.381784682474878,15.796385902190687,-3.4202896775962626,,0.07093726336786804,0.3125,0,1
-0.80222884181110388,0.59079047436413079,-0.085997097433689038,-0.59050045759894942,-0.80642188435033846,-0.031511172880109642,-0.087966442134745262,0.025502153663054927,0.99579693975062,3.2174125088491374,13.401851783361524,-4.0158139298710003,,0.5736306213269242,0.3444444444444444,0,3
0.32088154825092846,0.9466270027448096,-0.030534401360863151,-0.9383953205981661,0.32212630375163576,0.12509543041524382,0.12825464619869786,-0.011487476036459564,0.99167473680776974,-13.968802797461166,-1.3224699251283207,-4.1344701442660021,,0.09091742060935031,0.1818181818181818,0,1
-0.6500308760576603,0.75283965232200933,-0.10340366561871074,-0.75865186031054521,-0.65074051622163442,0.031370932325153277,-0.043671672959243402,0.098839457906629402,0.99414463059540004,-8.0128469142380876,21.636829875326427,-6.4027929721921257,,0.2112978329737032,0.5833333333333334,0,5
-0.44205157898543695,0.89200459751504091,-0.094436219367955723,-0.89698908850669912,-0.4394786115188839,0.04763533475641675,0.00098823904196984982,0.10576553327745505,0.99439060502105148,-7.9468745106405274,14.796314722827827,-5.4944167806030437,0.3418801810913948,0.2316835273295227,0.7678571428571429,1,5
0.9013846650457461,-0.34845796241775551,-0.25706562206571892,0.42353375779609503,0.83304700295232192,0.35588178778812768,0.090137903389682306,-0.42966235499496724,0.89847950398030352,6.1491315047906037,14.88031666051692,-3.8617250610281606,,0.5504953208939909,0.1739130434782609,0,1
-0.22443805066800515,0.97024465255129977,0.090845338944565521,-0.97298251240038736,-0.22829590159828939,0.034438523145649803,0.054153411484182672,-0.080661611123453505,0.99526936681261979,3.8848285354264145,4.4487791896015203,-2.6611767971746736,,0.1388495218769579,0.1911764705882353,0,1
0.75355380865425559,-0.61595251922935235,-0.22969360356283464,0.65557735042552701,0.73001838321189239,0.1931100664950979,0.048733921160850506,-0.29610075013027198,0.95391265360125044,-13.188473330196651,-6.7685492816235069,-3.449205073506548,,0.4564056974411241,0.2191780821917808,0,1
0.28042932623427236,-0.9244340728332392,-0.25842027391971906,0.95811398418271787,0.25328084006801438,0.13366528856797802,-0.058111843038333284,-0.28507974505283878,0.95674058796483497,28.320876065290243,11.830234987566296,-0.47905012993174434,,0.2341396117407687,0.2941176470588235,0,2
-0.36772481307189936,0.92710196292066993,-0.072528699146464939,-0.92916699916739776,-0.36313365133783576,0.06915662603326736,0.037777632396573689,0.092821881120202232,0.99496580286752456,17.647465564450577,-10.131899691486181,0.89823861776308422,,0.3555772270868096,0.7303370786516854,0,7
0.59134963557866171,-0.78418137703716273,-0.18805631180336638,0.80632008111817322,0.57856070736195964,0.12294484406600162,0.012390935661540446,-0.22433696932278005,0.97443285500259247,-8.3335133798772816,9.8792187603555917,-4.8787709475561964,,0.1057867933368657,0.5238095238095238,0,5
0.92972939500178775,0.35037288902683228,-0.113322948711207,-0.33005471586942264,0.92934126899640701,0.16549528776525463,0.16330075505632691,-0.11646306013127428,0.97967812011032218,1.5831687099497151,-15.309999330549951,-0.56648419063109123,,0.3048970618522691,0.7647058823529411,0,9
-0.90968045893341132,-0.34340462706480535,-0.2335695287172129,0.38221725768347692,-0.91224101321942475,-0.14739844547796616,-0.16245439533488065,-0.22335979027318276,0.96110299839585311,-14.256835277159016,-6.1442812917658607,-3.6492852375224794,,0.08779345917259555,0.2222222222222222,0,1
0.97314021741600765,0.19570222805903714,-0.12123842287102575,-0.17211345840838868,0.96822877336845625,0.18141113487357372,0.15288909275101634,-0.1556717069802433,0.97590534631368231,5.5214048514130418,11.922726431441747,-3.5345966833107099,,0.07695490043668049,0.3571428571428572,0,5
0.99018975813238141,0.021384965525251466,-0.13808304073716032,0.019220973587600873,0.95797843464438004,0.28619551521756675,0.13840085644273017,-0.28604195847075919,0.94816939463902328,-5.8921111143469167,1.1253190157401887,-3.4487117933891267,,0.4497302023784369,0.2128851540616246,0,1
0.81170623415947785,-0.54901823313501497,-0.19927862181364456,0.58059477950499072,0.79560674488071337,0.17297285773168841,0.063582162893302555,-0.25610327445314329,0.96455607477024785,-12.5980959852489,19.521511369686049,-6.6594242265609349,,0.126280284338978,0.4,0,1
-0.8155790650193645,-0.54662135653117172,-0.18983119155228614,0.55480659523236764,-0.83189543160345392,0.011816630821471004,-0.16437892379744751,-0.095682200336972917,0.98174563199938325,-27.870147369045835,21.198480016933967,-8.5031016068449894,,0.1928325426342054,0.2857142857142857,0,1
-0.80138037547369845,0.59128532184338256,-0.09039447979939487,-0.59505245066917178,-0.80343981883990323,0.019925823825318423,-0.060844677320605091,0.069757620910351203,0.99570668350005609,-24.434213326435827,16.824207410549437,-7.5915222329409575,,0.1781900323164455,0.3461538461538461,0,1
-0.99160297178925438,0.058918477384604852,-0.11511802361662793,-0.064627443999003137,-0.99682534274423129,0.046503005763078448,-0.11201267705431556,0.05355230233636097,0.99226272281770223,-8.9808423502720771,-8.7632958057218691,-2.6508790858555327,,0.1037489669834925,0.3684210526315789,0,5
-0.81926065691307248,-0.51426980533950628,-0.25365043534444565,0.54510539414381798,-0.83575315794561178,-0.066157148209774294,-0.1779665286217422,-0.19246616923502027,0.96503092613155317,-1.9016039060153689,11.041670331731074,-4.2558516846829768,0.1008821233761881,0.1452046014377199,0.15625,1,5
-0.81120737601598125,0.57311605858348413,-0.11610588482501225,-0.58134941218910874,-0.81182996619276349,0.054451509977541453,-0.063051201770022727,0.11166955442370664,0.99174314042002187,1.0175117729970471,-2.3471131799040608,-2.1370671780546986,0.4641766763085075,0.3979770255908396,0.9157894736842105,1,5
-0.98557620890709907,-0.081227387537145798,-0.14846429857106946,0.086728349799882379,-0.99575108354195641,-0.030951138363689949,-0.14531940605885571,-0.043380769229110536,0.98843329521207013,6.2148536214629706,4.125796477189934,-2.332710563212895,,0.1392419704348333,0.2692307692307692,0,5
-0.98613284497257103,0.086875502650537104,-0.14140247206297316,-0.095705630205630068,-0.99378319310996999,0.056880554138434375,-0.13558187346856718,0.069624795377571477,0.98831672223806133,-12.279997209130126,-5.3884194897473821,-3.4642633558193672,,0.07642429822472564,0.2537313432835821,0,2
-0.77693441106887107,-0.60797115992816897,-0.1635358969543472,0.60810920471550445,-0.79193745626141077,0.055120418272019918,-0.1630218268740197,-0.056622734531303093,0.98499631973772106,13.347033092430618,8.7783270814142469,-2.0000118756653404,,0.09368444572076158,0.4838709677419355,0,5
-0.020110715466476005,-0.98011452240995856,-0.19741094722564692,0.99555611817728507,-0.037799850427285321,0.086250720967726832,-0.091997688466636293,-0.19479911259750532,0.97651919133625953,-1.1305527447857335,-6.3682956183030557,-1.9240068276653439,,0.09293042953484293,0.45,0,5
-0.99031022251079015,-0.0090839368420914876,-0.13857541369982129,0.0010019052401423652,-0.99829972315472604,0.058280862511509539,-0.13886921680674047,0.057577294488753067,0.98863552221374107,5.6489649989059245,16.123661290884492,-4.1048245514722321,,0.1154892837109041,0.5757575757575758,1,5
0.12774393622800062,0.99177385139877883,-0.0081310785637416817,-0.98621742068353824,0.12788888365653706,0.10497443773316584,0.10515077696948368,-0.0053908365508473265,0.99444167902597314,6.4173381464038668,-6.5185843075570657,-0.95623063690868992,,0.07536499407735275,0.1666666666666667,0,1
0.98646517842107329,-0.069826115245611123,-0.14836025543381018,0.098822517964355983,0.97518551443458124,0.19810936974344431,0.13084556433392497,-0.21008932877865744,0.96888694501859662,-5.7541364865914524,5.3457297078647832,-3.9276126768425281,,0.4472805116871411,0.3923076923076923,0,1
0.067698034728804521,-0.93170099530272521,-0.35686164188067215,0.99524417319226666,0.037952659273874735,0.089714164884276151,-0.070042928413220212,-0.36123794236756573,0.92983930717804586,1.966241412004039,23.145791284371029,-5.4618530278469155,,0.3278990095223392,0.3043478260869565,0,4
-0.71997393927511355,0.68787259733189443,-0.092026173475531242,-0.69278634124116067,-0.72020924249073692,0.036684225773549503,-0.041044027024172362,0.090166162559977711,0.99508062536401887,12.028404424211706,3.227491215333123,-1.4831193154091065,,0.1416671240804867,0.3793103448275862,0,5
0.98490848199659686,0.13372622149131935,-0.10987529193051471,-0.098426354119876047,0.95495155923017871,0.2799638768457835,0.14236409275456363,-0.26492417256548495,0.95370207501329529,11.123468845472287,-12.602797746551012,0.34624778649552757,,0.6292351915027233,0.2727272727272727,0,4
-0.39129479164442188,0.91952698597409854,-0.036857944833344494,-0.92015463099873729,-0.39031239739064866,0.031171902327922343,0.01427729258387847,0.046112411654062491,0.99883422268558664,-3.0732438653055727,8.8875050334182149,-4.0974146697364366,,0.1677752571927341,0.1594202898550725,0,3
-0.19199754255398618,0.98111724438958359,-0.023364426263440336,-0.97969160751984707,-0.19020764408024357,0.063446089624347002,0.057803960144678354,0.035071425617343339,0.99771173055986417,12.738604384879537,-14.686869375712833,0.79442953986262077,,0.1423330476748104,0.35,0,4
0.080808664375989811,-0.9717521294920769,-0.22173804046527867,0.99388442276301714,0.061761581594360009,0.091538304703478138,-0.075257650446929683,-0.22777907249476653,0.97080017520735495,-15.288557144995053,-5.9433109423641453,-3.8107908416987692,,0.1420824323821733,0.24,0,3
0.97044180519577694,0.20622573035849504,-0.12535410191320989,-0.18663553824846671,0.97060950475099728,0.15193539794836913,0.15300287118569764,-0.12404893157592899,0.9804090901168776,-7.1161337383687888,-9.3370187813741836,-2.3636369795031915,,0.2399844369072865,0.5714285714285714,1,5
-0.67131417913395119,0.73504507963186239,-0.095110482086358472,-0.74003601190784718,-0.67184759201101074,0.031104890106486902,-0.041036251939463239,0.091266335622709402,0.99498064403724229,18.811261266213201,12.259886692830502,-1.7433637150912182,,0.1326108387647441,0.4782608695652174,0,5
-0.94957269034975988,0.29523691934621454,-0.10557872511484455,-0.29159323841385065,-0.9552977726906432,-0.048780619139360978,-0.11526096066423458,-0.015534701389246699,0.99321376551047913,7.3546470131184138,-17.336023180823151,0.42902826099637775,,0.1482556171994072,0.25,0,6
-0.24156152406526357,0.96896721843691658,-0.052445778532608976,-0.96890991240539714,-0.23786228728509881,0.068081671028749194,0.053494034563050241,0.067261146898677529,0.99630031937365227,5.3595563627121017,-8.0294668213019111,-0.9233290298722886,0.2328137521490669,0.1957018872450048,0.3529411764705883,1,5
0.71779474527982345,0.69399495931684496,-0.056050870568469115,-0.68431588558022849,0.71804094927348838,0.12699985790926957,0.12838408153357761,-0.052803329527953288,0.99031779545736831,-21.511801332304486,11.843638715808858,-6.6410040396507526,,0.6369153677592531,0.8253968253968254,1,5
-0.5697134091342021,0.82091605629391817,-0.039031525354856753,-0.82180033381616724,-0.56952708333734281,0.016825952718834358,-0.0084168160442256498,0.041662091451353404,0.99909630533976956,-14.131799287233671,27.734071784222525,-7.9573840571506134,,0.2344322227348255,0.25,0,4
-0.9688392464974388,-0.19163557307674689,-0.15692775910533527,0.19345437170490387,-0.98110212119263829,0.0037461793292677581,-0.15468005855486416,-0.026728915482169071,0.98760297921918583,-5.2683919323054456,7.0805497761015959,-4.0887767114528524,,0.06708432197580169,0.2195121951219512,0,5
-0.96088133403657028,-0.2017294215007549,-0.18976907651425495,0.21710780350049416,-0.9740563983947661,-0.063861838412377026,-0.1719629714772723,-0.10256399586203978,0.97974964311987367,2.9333253039456357,8.2027551850929434,-3.2791860324348949,,0.4856220368905025,0.2608695652173913,0,4
-0.85484575755145908,-0.46232110937408988,-0.23557997076021461,0.4737273442779395,-0.8806235216750512,0.0091987149103493759,-0.2117100235691344,-0.10373719149727349,0.97181143285136107,-0.60362007246681093,16.360944263559976,-4.7881045951203909,,0.2392524704241904,0.1481481481481481,0,3
0.94127031719003573,-0.24771464361718801,-0.2294507470342583,0.32110778155223679,0.86682515692228179,0.38144978693566284,0.10440298177528566,-0.43272578229667702,0.89545989007445681,14.070626668992483,-20.760167497629439,1.6388135375697304,,0.3344469944685855,0.1428571428571428,0,2
-0.94718587622991124,0.31580988249093844,-0.055704883014288165,-0.31552563134364625,-0.94881292174609422,-0.014057577772664118,-0.057293034792803364,0.0042611792617362667,0.99834831121985212,3.7539980341268975,2.0023716116072849,-2.3613268176225968,,0.07672296881590976,0.293103448275862,0,2
-0.042883765267458712,0.99610976793477224,-0.076982549330478364,-0.99572439433424376,-0.036302627554676239,0.084941449012423578,0.081816338247254705,0.080296011467323139,0.99340758872592183,3.4448442171826041,-9.1662768844469706,-1.0653914486634402,,0.1059903671824069,0.3620689655172414,0,5
0.8740502097057341,0.48475447143856759,-0.032393414974022601,-0.45663524462167621,0.84245574299941595,0.28592407113883611,0.16589299045669831,-0.23512001936802243,0.95770459548324027,1.9812919417551833,-5.1964537014376733,-1.7198046376053897,,0.1104509842478343,0.3260869565217391,0,5
-0.92959265527307311,0.34631662640543376,-0.1261835549408778,-0.33973013272982899,-0.93782946847528326,-0.071128932051179566,-0.1429717880483109,-0.023252576943807866,0.9894535792485375,-11.163153338857073,13.942118381727321,-5.6684297279794862,,0.5612660134834364,0.2361111111111111,0,2
-0.82810165583629236,0.54375911684411238,-0.13628525397158794,-0.55585634061754108,-0.82797829170808512,0.073997817909964417,-0.072604243653284203,0.13703273809229316,0.98790214722636494,0.70036278994387213,9.4777013687627871,-3.7326375577083799,0.2647802842086093,0.1924250961771443,0.7479338842975206,1,6
-0.94343957734604034,0.31407588419822802,-0.10619841271048033,-0.3133790120325271,-0.94933424176611214,-0.023623975700075649,-0.1082375106635472,0.010992560004920365,0.99406428610522801,3.2890520394910134,23.373631139386802,-5.2995776591348829,0.1746654195148179,0.2548047472402505,0.1379310344827586,1,5
0.99245567439198257,0.034476068402756674,-0.11765685307130623,-0.0011036109034715819,0.96212280405074113,0.27261418152493905,0.12259900656256653,-0.27042764398823416,0.95490228450708203,10.14295706375572,4.1933344390307488,-1.8436992461318464,,0.1447273273023095,0.2857142857142857,0,4
0.80647782433106052,0.59113191297604717,-0.0125132059648359,-0.56799094043756915,0.78043894249581325,0.2613452670642093,0.16425532089733066,-0.20366177475730732,0.96516427154118123,-11.536222606905682,-2.133577416981089,-3.7662258833109266,,0.200616114178619,0.2911392405063291,0,1
-0.82642315451160764,-0.52249297847104803,-0.20982339511012155,0.5370071548036095,-0.84344835832944831,-0.014771002711143094,-0.16925745294319394,-0.12488376307516216,0.97762772073185988,-0.12084621475644695,9.641453348933462,-3.8391813210365751,,0.2887404462423733,0.328125,0,3
0.12673097545027151,0.99029982294174135,-0.05696947027118647,-0.98674864292434072,0.1317265457524483,0.094737705435065114,0.10132312445042192,0.044208345656505457,0.99387084001188053,-22.798659552606509,14.562373525041192,-7.1656957814902675,,0.2251837760484994,0.6271186440677966,1,5
-0.38596438850663117,0.92153791288519549,-0.042418933507343763,-0.92135412694207586,-0.38276676555105754,0.06779510274634469,0.046239199511972529,0.065249354822709771,0.99679709977693687,11.889294793101609,4.8066764358702736,-1.6899665590962067,,0.2901543067085767,0.2424242424242424,0,5
0.64937915829406756,0.75458002750886832,-0.09442293608018619,-0.74496202010809154,0.65616155630761419,0.12034783180614637,0.15276877092442398,-0.007809872513958707,0.98823110076619025,8.1907095110058208,-10.05978833861745,-0.33559159344970063,,0.1129937881073639,0.3928571428571428,0,5
-0.3536035521211327,-0.87210814049455776,-0.33821874461721163,0.92557551604137922,-0.37847358235013934,0.0082287038947578637,-0.13518317954558057,-0.31013729015740354,0.94103154528515709,19.957741945929229,-2.0239130186901799,0.19147124108859487,,0.2595174903948253,0.3846153846153846,0,4
0.63480455815047354,0.76569387846388881,0.1036149479289014,-0.75663252309038009,0.58882966346959176,0.28423028061797412,0.15662183102386185,-0.25882911718200113,0.95314064552169753,-1.212183132867426,23.256886825497197,-5.7564567060603791,,0.6209244362342943,0.3194444444444444,0,1
-0.81453818145504731,-0.52911587701110208,-0.23783174650722602,0.55633722379194495,-0.82865336634250641,-0.061826304051786102,-0.16436679827561454,-0.18267453884984833,0.96933666415782482,-6.8761221526971372,-12.534904602655443,-1.9916568670685639,,0.6677799232022449,0.2173913043478261,0,1
-0.64730462135224542,-0.74191129266772393,-0.1748266598323428,0.74722994324379444,-0.66292889739041938,0.046612111351013036,-0.15047969662350683,-0.10046348001552741,0.98349527202080034,-7.877628189705943,16.533185407719877,-5.6962082554065496,0.1928457722555004,0.1715291837897372,0.2,1,5
-0.78096804646242546,0.61785956047857504,-0.091315244783577332,-0.62226713031420244,-0.78227243270531921,0.028869699683729509,-0.053595978722193169,0.079368788289374742,0.99540346920747991,-4.0996641967985186,-16.387101241610257,-1.170280675461763,,0.1757466672622991,0.4090909090909091,1,5
-0.75654828828839993,0.65101735148366457,-0.061734071266089541,-0.6520641263587873,-0.75815277549434323,-0.0040919587210834739,-0.049467793601931577,0.037158808880511221,0.99808424510095251,-7.8343217308568684,9.18429601272776,-4.7239722953258036,,0.1452037893607124,0.1621621621621622,0,1
0.86036938702556409,-0.46947855146569867,-0.19837945353016548,0.50334544355156297,0.84381778972425836,0.18605080542892152,0.080049249372733708,-0.25992581145115112,0.96230488423177263,10.903521425325167,-27.354169669002562,1.9465326512480425,,0.319686830698278,0.4444444444444444,0,4
0.21569615615024151,0.97543074808178054,0.04483329029446758,-0.9748323690132511,0.21245906847964577,0.067549955919846805,0.056365064942947365,-0.058275208428443914,0.99670807137125084,-17.886081640283958,9.6487049982798663,-5.9424299471831041,,0.2849358509616727,0.2888888888888889,0,4
0.6333292200701538,0.77375788649008181,-0.013886399811801953,-0.75607778127602898,0.62248550182174855,0.20213408589954426,0.16504692564858281,-0.11751822461273287,0.9792594034359966,-15.03789554341104,-15.792977416612434,-2.685124039769454,,0.4324056308340264,0.1428571428571428,1,5
-0.91514322461552955,0.39251389585012164,-0.091900598501046732,-0.39590316994913405,-0.9180437625771839,0.02136188234577939,-0.075983935568762193,0.055932920160561096,0.99553902483920498,-14.859926956309215,-5.0366987922129534,-3.8620805278389305,,0.09000287531390355,0.2777777777777778,0,2
-0.66937824346897812,-0.68600147567112812,-0.28519246579708174,0.72416905737463,-0.68819706482282439,-0.044316772337216724,-0.16586724665082328,-0.23619224234991992,0.95744518440597493,-4.7372741736165453,-15.360446860535902,-1.3909090665058528,,0.315905906300679,0.4482758620689655,0,5
-0.96854046966829455,-0.16753968113097073,-0.18401036346155134,0.18917784379803218,-0.97609398684997184,-0.10701528980129291,-0.16168210176345088,-0.13845932284198142,0.97708132409103676,-3.6683393282881327,-8.7336165410713296,-1.9882180766809172,,0.3133917706269932,0.2790697674418605,0,2
0.95529622005054748,0.2792727013716681,-0.09703551012751821,-0.24400989770609399,0.93008435783456489,0.27459471432081006,0.16693801777485623,-0.23864166773645537,0.95665137466130568,0.12921794620918003,16.883776612544676,-4.8066373350589853,,0.2678443800257401,0.5,0,2
0.15021306945830029,-0.96897055071040306,-0.19629596434948379,0.98591400591665235,0.13204365013268732,0.10265499207060197,-0.073550028560801561,-0.20895106201121455,0.97515631925506741,-10.532333979837034,15.012044241449388,-5.7562099581699986,,0.09083172063256563,0.24,0,4
-0.1227196562497916,0.97497630590666429,0.18536744290874627,-0.98996647624711609,-0.13344191838760988,0.046471822902728201,0.0700447134107995,-0.17780454813538607,0.98156980433669117,6.2860658325366687,18.034483750047411,-4.2933708069201595,,0.6221753728956319,0.2790697674418605,0,1
-0.9061326509037072,-0.35707291917365619,-0.2267654060014965,0.39045969834621297,-0.91226410071701602,-0.1237555433520381,-0.16268018605105,-0.20068169058431187,0.96605487221514397,-7.3279130290004666,8.10021856485535,-4.4867804796052617,,0.3536156969507824,0.2209302325581395,0,1
0.70479869685253349,0.70938311109834384,0.0058650322596603818,-0.6995070060573948,0.69356250683754539,0.17222368474121535,0.11810480680985048,-0.12548565972913514,0.9850404071969604,-12.216277787493178,0.33810538082808472,-4.1382315361885089,,0.3398786990773878,0.1645569620253164,0,5
0.95553030536549155,-0.22269316181751636,-0.19331216001029863,0.26205264134401335,0.9418616120229315,0.21029768653551603,0.13524144591343179,-0.25160377476755347,0.95833464501183618,-15.778359714823637,11.958888193008365,-5.9478954577141412,,0.4256122437438829,0.1724137931034483,0,2
0.55236198023205429,-0.81804204812932346,-0.16032295620560591,0.83359021785845477,0.54092028490079658,0.11194906910525974,-0.0048571066301635966,-0.19548005748725897,0.98069564883299065,-11.622641287309659,-8.1453073263594575,-3.0930770815186173,,0.1514865181355942,0.4117647058823529,1,3
0.66269308340580735,0.743911099888937,-0.086221532508630183,-0.73287089253671456,0.66789083310050812,0.12969999974074545,0.15407184064112431,-0.022762041260443882,0.98779742730942288,-0.95917343087076878,-14.342621177057261,-1.0327224955302197,,0.07591096186255249,0.2413793103448276,0,5
0.2043294682349554,-0.95816572377351106,-0.20041934586362503,0.9773646386302991,0.1882162998239357,0.096607389135875896,-0.054843701241660686,-0.2156225179942238,0.97493543282001272,14.056390750539853,10.077199259465228,-2.082361017018771,,0.1421964095009635,0.3888888888888889,0,4
0.88160100882817927,-0.42874901887873595,-0.19736752530155177,0.46584627601023826,0.85766936726448728,0.21769360023557849,0.075940163026755436,-0.28386182425020873,0.95585331320910027,-13.655976851963096,12.336910162680008,-5.7247097706387144,,0.1604169048039447,0.4090909090909091,0,5
-0.78086389736002426,-0.60501225767343669,-0.15560122706651294,0.6041697312991271,-0.79473127374556018,0.058147556377720414,-0.15884114574521999,-0.048604224051521046,0.98610705292209322,-6.1154108390056372,-4.4778483290616053,-2.7705571572498444,,0.7284206288532475,0.9709267110841914,1,5
-0.9862654993956077,0.12161123488387515,-0.11176346564039889,-0.095953809706314175,-0.97263751223184858,-0.21158718345468444,-0.13443671784441236,-0.19795700884146739,0.97094788302244217,2.4502553697094074,20.334595059538103,-5.0553778456771177,,0.1779265031577738,0.3,1,5
0.10802788661987399,-0.90576718662025857,-0.40977527909143646,0.9922048781026378,0.072474059804150781,0.101375492723011,-0.062124516752828818,-0.4175324110743085,0.90653584050532809,23.17344375346303,13.157677680407989,-1.2946021980072602,,0.4193191963855815,0.4230769230769231,0,5
-0.83809030089168635,-0.47544911930048206,-0.26749351862742016,0.52076808725574508,-0.84332340239187953,-0.13268850091163234,-0.1624969133469148,-0.25050703370280741,0.95437989250515198,8.7276571180477394,-12.683679395119459,0.045451778625727475,,0.6370645927920188,0.25,0,3
