axis_00,axis_01,axis_02,axis_10,axis_11,axis_12,axis_20,axis_21,axis_22,location_x,location_y,location_z,dbh,dbh_approximation,score,reconstructed,number_clusters
0.71858450297165644,0.69461963908194013,-0.033761947376490513,-0.69210927195364513,0.7190455108851338,0.062915093194976943,0.067978436027707118,-0.021842854154447828,0.99744765374309996,9.0292872093283201,-4.2946526283270599,-0.039654914452723046,0.2254591502182273,0.1851095209596048,0.6746987951807228,1,5
0.99431158410717035,0.089685744047834151,-0.057453816451787966,-0.081284125889585376,0.9875310043103539,0.13481619488826208,0.068828515810348503,-0.12937922105334462,0.98920354456045845,-27.810803939489642,28.886512277586082,-2.8638001167981999,0.88905374841999,0.4694839678622142,0.8088235294117647,1,3
-0.8832441667696076,0.46884214967235804,0.0081719372283138979,-0.46484533574430009,-0.87315806771825333,-0.14667584196211422,-0.061632424130731264,-0.1333492687236352,0.98915085645549605,6.1896696406450582,-5.9315021114247966,-0.26672053456953077,0.64358818803872,0.2969236048386071,0.5111111111111111,1,3
0.71161909837484671,0.70158559141387211,0.037093351811579869,-0.70029513351673167,0.70408910221438381,0.11766589189619249,0.056435669580093419,-0.10970958966011408,0.99236022750594777,12.948903304872285,-7.462943309671485,0.48306655176643948,,0.08511603797247458,0.3529411764705883,0,1
0.32184588233515427,-0.92760102983617454,-0.18966169215414733,0.9467353012809574,0.31749696592327836,0.053739612372698919,0.010368092030904243,-0.19685529222345335,0.98037773158678898,-2.8972662357471148,-8.9852881521106234,-0.76031349228828449,,0.07367869056011558,0.2580645161290323,0,5
0.66254821948633325,0.74804189698470935,-0.038251499460894865,-0.74733314857469579,0.66361887559835375,0.033213747018488463,0.050229691387870423,0.0065809045802447856,0.99871601058458304,-12.504913492407205,8.0873920779681914,-1.834281361794559,0.226621800853378,0.1849273702097884,0.7692307692307693,1,5
0.030706150384725017,0.99854181251090535,-0.044400236440667901,-0.99939546480967345,0.031396366170311864,0.014932284123919389,0.016304516135365918,0.043914881973384168,0.99890222038738918,9.6148030362791577,-0.43754485540250998,-0.12567365976046432,,0.07170738523814008,0.2424242424242424,0,4
0.89838781250815836,-0.43036969047498086,-0.087642842590105796,0.43598843420997169,0.89797513145059826,0.059621711912834122,0.05304171539403945,-0.091774685053933949,0.99436612151224668,-13.749217066442274,13.280949332096849,-1.9263885718974383,0.4021757271835499,0.4354888025944889,0.8488372093023255,1,5
-0.86113820786330209,0.50393526333717154,0.067009233119593656,-0.50467286034494541,-0.83154514725860507,-0.23203011033466486,-0.061206952131533536,-0.23362773473190407,0.97039774864475437,0.81678493402751962,5.4984422471614947,-1.1320270037231477,,0.1263218536369768,0.2238805970149254,0,5
0.35833146994292109,-0.89443737510027266,-0.26754502363579746,0.933535609592827,0.34649743759935758,0.091928185880217672,0.010479659855831484,-0.28270356870901597,0.95915007635327487,-14.062874341814847,10.050325289733417,-1.915892525985774,0.1441906278600112,0.3442429096506178,0.2549019607843137,1,5
-0.32925613164352513,0.94418092146656885,0.010620137178130524,-0.9432726608972446,-0.32838864209249269,-0.048965160558105424,-0.042744437988748177,-0.026139764405774826,0.9987440241312272,-9.631243420139235,-7.1232036018650895,-1.2041728489154688,0.2107999982430179,0.1331918600450185,0.1176470588235294,1,2
0.019366062742025406,0.99965072885769346,0.017982655759211638,-0.99974193252309307,0.019147933700106368,0.01222395148910691,0.01187535131537759,-0.018214744832105313,0.99976357160172524,12.320718199013317,-8.9298363400529208,0.49745472302886157,0.4835630861500034,0.3978504251865765,0.2857142857142857,1,5
0.85289303368575387,0.52192986885088544,-0.012754806608124251,-0.51169389210542016,0.8405173027472439,0.17804500713164134,0.10364764286909575,-0.14532678962874418,0.98393967820384443,-15.632567792567931,25.597763148993526,-2.0248822025380564,,0.3028758640632345,0.3333333333333333,0,3
0.10900929479147443,-0.98717453179915815,-0.11663368902755544,0.99403503534812032,0.10785853463055885,0.016151935110331979,-0.0033648401931239513,-0.11769868425118278,0.99304365340906031,-0.29316345620367007,0.88516365143907705,-1.1254129658423351,0.1506372415414531,0.1323449016822613,0.5510688836104513,1,5
0.7103552457666048,-0.6997505972483703,-0.075792654409339466,0.70303485808870825,0.71057326834258205,0.028768361599663707,0.033725555948782397,-0.07372063461126821,0.9967085105026724,-9.4889183711743517,-11.296517885011085,-0.99040812007841694,0.2774885365113779,0.1193971755169907,0.3333333333333333,1,4
0.99894406204999198,-0.045358030665975158,-0.007308211078366985,0.045925251149488422,0.98141980619206326,0.18629555904741732,-0.001277576580066151,-0.18643447392592868,0.98246656672379662,-4.3624168649303252,-20.878962375248143,-0.28348419030418032,,0.2300816476925679,0.125,0,2
-0.97541921082764205,-0.19923171614647539,-0.094149277372216275,0.20931732479633849,-0.97126357680882291,-0.11328425267722282,-0.068873947821250642,-0.13020671121667671,0.98909180143485853,-14.476363492260727,-10.551979129369423,-1.2917982008730913,,0.1093779281393876,0.3333333333333333,0,1
0.330191004295176,-0.9336243506817089,-0.13899450527521118,0.94383180625240659,0.32850790626547849,0.035553860935092482,0.012466843580612131,-0.14292700002179137,0.98965471275385153,-2.5151165571820395,-11.285506558867624,-0.60405392605073682,,0.07244336846271385,0.1538461538461539,0,5
-0.37182471907310355,-0.90058125258660116,-0.22516612928181451,0.92761099562097027,-0.36981572442812027,-0.05267039746172486,-0.035836002696715726,-0.22845073310289868,0.97289570019374039,-18.823532701096024,1.7283850894294639,-2.0268302551787158,,0.09049766320128674,0.3225806451612903,0,1
0.78049814808937945,-0.60770478203203948,-0.14668857734820454,0.62455772210974225,0.76826031033384712,0.14037003711202484,0.027391469148969786,-0.2011740377412862,0.97917246384726775,-7.6478499877503809,-16.684532860884861,-0.62240430197940522,0.3532355081964775,0.2295065416404944,0.5272727272727272,1,4
0.9656431795765571,-0.24456299536001294,-0.087875998075783696,0.25423823734659495,0.95908596211835351,0.12456739516586395,0.05381606087566549,-0.14262909439539437,0.98831208280774174,11.239533546525516,14.238457198522916,0.10408839438677968,,0.1772619134918648,0.1875,0,5
-0.97076313546465887,0.23495416332056038,-0.049147491911196863,-0.23140041452158033,-0.9704351365505437,-0.068625752508590404,-0.063818359286858709,-0.055246600677913864,0.99643114670882815,3.2918087229581734,-2.9665041018843827,-0.68122353023922111,0.2955272234695541,0.2619294187413501,0.512987012987013,1,5
-0.7905472446224171,0.61171586551191803,-0.028961248262276397,-0.61053925861251201,-0.79094683435558943,-0.040557599975296968,-0.047716535004008735,-0.014380719866426103,0.99875739155379217,-7.1410938134695785,15.916369335859349,-1.5051921766795524,0.3356724581558973,0.2435675079311101,0.8,1,5
-0.93719039770321133,0.3488080798636975,-0.0026611791931822246,-0.34462581568965633,-0.92707871350349069,-0.14750629182836131,-0.053918509003282523,-0.13732436925220104,0.98905753725268686,-6.9833879405299228,7.9797991587521642,-1.5446240905247894,,0.1451466685785437,0.1923076923076923,1,5
-0.8036434442520789,0.59043204613776423,0.074479617374338405,-0.59316545353108419,-0.78460619311311663,-0.18041027261718046,-0.048082837353032482,-0.18916426888319857,0.98076751584153044,3.5776500467068666,-5.7253395725952689,-0.535934804260917,0.2554621235182203,0.4210489764575504,0.4012738853503185,1,4
-0.35988175309121345,0.93291308501454973,0.012581716919073638,-0.93282752532527657,-0.36004102666560767,0.014257177599278055,0.017830641814502151,-0.0066056737894016823,0.99981920029887039,1.3718852834439441,-2.2186496885203657,-0.87710222848187436,0.2675570452378703,0.1401526955668422,0.15625,1,5
0.99430477041639997,0.085162880671611652,-0.064072671888281515,-0.080671342141332328,0.99430102866018166,0.069696477403247581,0.069643076355849029,-0.064130711527459,0.99550845991115322,-4.125911611964705,-2.3185074774976964,-1.2462519857324514,0.4013571262455971,0.3336804658922555,0.8606916707257671,1,5
0.5726111029539489,0.8172400606036454,0.065078476614108455,-0.8194111017496627,0.56798591978209767,0.077184462547132113,0.026114576451995886,-0.097522706452577296,0.99489062244193371,-4.2364118633791445,10.063071350062913,-1.5271897255951969,0.7274576492462315,0.6922969609861298,0.5375722543352601,1,5
0.41796220984528226,0.90504329247837023,0.078766933932710267,-0.90843529742703777,0.41568072628767799,0.044213619865359245,0.007273343790729277,-0.090034285318762272,0.99591210753622339,18.839507721769682,-1.6074452243075246,0.81688969159710667,,0.3721835399029418,0.6440677966101694,0,4
-0.90683610265325776,-0.37128822821260954,-0.19948266720542848,0.41619860864095387,-0.86353652871791697,-0.28475143851286328,-0.066535712891534232,-0.3412472932647993,0.93761574418813187,1.4981076448497281,9.8408815777166794,-0.98080849463536068,,0.1052441054197358,0.3333333333333333,0,1
0.28131912999504,-0.93142242110678353,-0.23089352645409969,0.9595617416011557,0.27052198325889548,0.077840353474466328,-0.01004047579499198,-0.24345457488667177,0.9698603295385162,-14.944823920252489,3.7671271326724893,-1.9030564712239839,,0.2068801501661869,0.3035714285714285,0,5
0.85067102641201198,0.52523682645146041,-0.022024553623943535,-0.52156192011361491,0.848481839740723,0.089731438847257775,0.065817689951368691,-0.064844766707874146,0.99572244522259779,-18.504336342576135,7.9339127111571992,-2.1435252482832681,0.3764385370952023,0.6461474548957568,0.7896253602305475,1,5
0.99196186581697865,0.12150332529905838,-0.035335516214839879,-0.10883835522764214,0.96171206480091409,0.2515235910361171,0.0645435449618285,-0.24565595119523062,0.96720591625885266,-15.152983684997261,-15.845420627081497,-1.0871303108901269,,0.5274509658386277,0.3333333333333333,0,3
-0.49226615347683672,0.86984499076628052,-0.032306751305705768,-0.8697907239466065,-0.49299585897912529,-0.020473875204092475,-0.033736192398635179,0.018021516813069394,0.99926827941959562,3.2454515277022731,-12.005616339110279,-0.20865540074167793,0.5919601353080051,0.5219120332509128,0.9701492537313433,1,5
-0.003455985156581195,-0.98112347096094743,-0.19335146985772014,0.99792790558196853,0.0090390505672313659,-0.063703931006094255,0.064249135615848343,-0.19317098719628278,0.97905925166877961,7.2017244116996864,-8.1931531044119552,-0.070072300199670201,,0.1791926612389577,0.2941176470588235,0,2
-0.9869073315971153,0.15720537959819522,-0.036060885530588303,-0.14890027399937428,-0.9739719615068323,-0.17090151140773033,-0.061988928388657903,-0.16329447885315226,0.98462799367746245,-0.74792390466649816,3.5103384016794155,-1.1718811906010542,,0.471040217555952,0.1505376344086022,0,4
-0.32634710494282126,0.94491635208263469,0.025112838594743721,-0.94415596009038583,-0.32457647141135604,-0.056741847273029451,-0.045465262797456135,-0.042227973820676015,0.99807299738333721,13.977348065730792,5.0085175244647813,0.29975109337103034,,0.3755215483541355,0.3181818181818182,0,2
0.74647745105846375,0.66270653250599676,0.059928848104538281,-0.66284395978947608,0.73267312147085706,0.15436314989257791,0.058389211605108821,-0.15495208565240143,0.98619498635924163,-11.540503225188832,-19.564257508079649,-0.69816260324885748,,0.4318816401560371,0.125,0,1
0.82433968141012881,-0.53931251915899725,-0.1720642215308672,0.56370670631307751,0.80991810942390308,0.16207222243454594,0.051950350434903203,-0.23059631980061399,0.97166172013932095,2.5696328691878318,-1.6875558472902548,-0.8149983437711702,0.6872627292770193,0.653677577705535,0.8943506969919296,1,5
-0.97072708357951332,-0.22689210997175549,-0.078796571231084883,0.23054986342776593,-0.97220446744527711,-0.040807278185172297,-0.06734752912059265,-0.057779268877413109,0.99605515229295438,-11.618050853869553,-5.2327357692216587,-1.3964733035329457,,0.09065510567113423,0.3548387096774194,0,2
0.95762417989594428,-0.27573511710578957,-0.083223045325657372,0.28124271267521062,0.95751853198614478,0.063724386777649952,0.062116556937009862,-0.084429888651798901,0.99449139124304964,-39.488841840379671,15.220036694434043,-3.8451131222533359,,0.4552487158007739,0.8787878787878788,0,1
-0.21640583067822644,-0.9598167926029274,-0.17866236617121534,0.97548804673912515,-0.22005159806967944,0.00060403316848325927,-0.039894700369285524,-0.17415228630256632,0.98391025711598112,-3.178880373846829,-15.383906905963064,-0.44419862847867875,,0.6428754949185516,0.3793103448275862,0,3
-0.29859447007222739,0.95257259354957458,0.058709423949844915,-0.95426490085066684,-0.29894869329898671,-0.0028596816773866023,0.014827051181988024,-0.056878227759533044,0.99827101819104302,-26.855648462288393,9.1838123579800151,-2.7333939586385312,,0.6052974694396068,0.6981132075471698,0,2
-0.99179562853236602,0.11712362739729111,-0.051219987596534677,-0.10746301319839614,-0.98089811771734881,-0.16214371234458513,-0.069232449172407548,-0.15530917089426088,0.98543692310453201,15.95011179685339,9.4098042912500421,0.54109189982274875,,0.127140125123563,0.2777777777777778,0,5
-0.9502758321426481,-0.30189655479770761,-0.076382675043962608,0.30415127914408735,-0.95242280545389835,-0.019565250991002144,-0.066841919785508352,-0.041824273485622732,0.99688659731525486,20.303622035820577,-2.4378925040390409,0.99410511629282505,0.6389141568658556,0.4845893898625505,0.7549019607843137,1,5
-0.31280048904277863,-0.89656336162375649,-0.31357613533001494,0.94705851487960813,-0.31955536670066065,-0.031056996101324605,-0.072360372087419425,-0.30668959259602502,0.94905504073507496,11.233726736782556,10.956188516172533,0.06276430809543905,,0.299129955415705,0.5454545454545454,0,3
0.43461156172997878,0.88866658103521812,0.14623439459239709,-0.90010245759096474,0.42310546995669829,0.10391018781345539,0.03046893909106135,-0.1767865069622048,0.98377750264313735,-3.3549180376052652,-12.424710672195094,-0.59782802713437133,,0.3703406504367331,0.3157894736842105,0,2
-0.67987499533672713,-0.72514204899381096,-0.10926572883087847,0.73050214953475812,-0.68276305781164937,-0.014185077115922949,-0.06431640724561348,-0.089462929019477916,0.99391135625380245,8.3931287165704997,-11.356180375736276,0.192788662265066,,0.3291336166431286,0.6666666666666666,0,4
0.94459902927437689,-0.30004899291371445,-0.13305365739193908,0.31945200075007202,0.93352756470297427,0.16271664068715194,0.075386292591438017,-0.19620623790084074,0.97766048252863236,19.17445428803234,6.7981567492328212,0.8466311969176179,0.3758692413492141,0.2711042567018089,0.4324324324324325,1,5
0.37662392406119699,0.91399279860377036,0.15090256434266969,-0.92566097131775738,0.36495519766937096,0.099797143612317174,0.036141195384390173,-0.17727060612114567,0.98349832038576945,10.454798394818305,-1.1511520687575945,-0.01150590118512264,,0.1495972872912765,0.3636363636363636,0,1
0.49727068413462577,-0.82868848281532204,-0.25689932882263561,0.8672548742691143,0.48308029586801343,0.1204259556762392,0.024307401275004983,-0.28268149248458435,0.95890579519050978,-23.78392830896221,9.8015979980634373,-2.5222754366966691,0.3068719489180426,0.3213523117381557,0.2666666666666667,1,6
0.093583522249555975,-0.95167986773394087,-0.29248513417484279,0.99545792132222677,0.094598999496770683,0.010703091658101432,0.017482884207092632,-0.29215827669966654,0.9562101704728323,-6.4907675731900971,-27.60850648141869,-0.025437260303196454,,0.2996851037411729,0.3529411764705883,0,2
0.962347056257566,0.26379538174687306,-0.065575451820150885,-0.26038034942746247,0.96386721339825532,0.056232273366045187,0.078039842032310819,-0.037040403681689753,0.99626190911359658,-12.21894723136006,15.422637927261128,-1.8268647515353456,,0.1102014450032413,0.5151515151515151,0,3
0.91565621330363511,-0.39317032658446649,-0.083610964184807193,0.39807847841188093,0.9158202080999206,0.05297991563887295,0.055742479885011888,-0.081795114336274691,0.99508910917916626,6.1866289932437706,11.558980599608503,-0.40111603073771307,0.1481904684674053,0.1417954413584732,0.4848484848484849,1,5
-0.95801323418143502,0.28022949325867619,-0.060680097570888679,-0.27975505854184318,-0.95993214082781075,-0.016352132154144997,-0.062831125674118526,0.0013100052375140468,0.99802331312089176,4.4355982356185146,-7.5054280929230606,-0.34769511282388493,,0.07273448044822053,0.3076923076923077,0,5
0.68851096431761383,0.72389822665345649,-0.043863532260975065,-0.72300597693053859,0.68987553387784839,0.036525403207501354,0.056701052346021116,0.0065654554094840365,0.99836961364923349,-7.344698093147727,-13.043920189345867,-0.79663478524789755,,0.07948282185578504,0.3170731707317073,0,4
-0.51376285007273714,0.84160437271308686,0.16658275335505349,-0.85783229214287815,-0.50096259336691629,-0.11471808316037405,-0.013095512286085366,-0.20183795450139233,0.97933137786995261,6.8561762653121097,-9.6212092090539141,-0.026059422967324528,,0.2862878285412703,0.3793103448275862,0,3
-0.70078112470317233,0.71209412807868133,0.042752403623891391,-0.71234287584012945,-0.69528343789025182,-0.09564814810192257,-0.038385446455288248,-0.097482786949161571,0.99449668865665586,3.6903210989768076,8.3423511585565748,-0.75285811222352284,,0.1176919288973237,0.3333333333333333,0,7
0.23547213966401268,-0.94921962559749429,-0.20865036262274464,0.97160078985239395,0.23507114656206393,0.027082489032568522,0.023340449872576084,-0.20910202876717338,0.9776152438281619,2.4551956588918391,-9.5966477400105887,-0.40598199984864708,,0.142481401250985,0.5238095238095238,0,5
-0.49891379731001262,0.86546367247152356,-0.045361376586333609,-0.86629600192412237,-0.49952475082480774,-0.0025020718804414596,-0.024824582654793134,0.038048060995501641,0.99896750955699176,9.4064028819068692,10.374230745970442,-0.11230694148133313,0.1297399432705123,0.1266886222161691,0.5128205128205128,1,5
0.53465382692073771,0.84506787444111287,-0.0023607089168156173,-0.8438295398793324,0.534017571782469,0.052696685423189983,0.045792935984110217,-0.026182448608481224,0.99860777405286627,-15.635796902388583,8.6253068597027038,-1.9879726832444531,0.3362008309968987,0.2768493675090377,0.6413502109704642,1,5
0.10725241552294809,0.99407104306535021,0.017879616983064256,-0.99417159084824003,0.10703062638493091,0.012934178208563409,0.010943825417759725,-0.019162629115482888,0.99975648351516588,2.6807225161032484,-18.125081038524634,0.083178112365787954,0.2080486707916112,0.1823281851217999,0.5,1,5
0.69853822187721137,-0.70842739280044065,-0.10087111433206981,0.71447867368261642,0.69829776565173773,0.043594212213548519,0.039554739657252022,-0.1025224834646548,0.99394394356768756,-1.9915609636731355,11.334459025790729,-1.3536583884859272,,0.3580787629219329,0.189873417721519,0,1
0.7905484415531504,-0.60091111384443885,-0.11806352025973657,0.61059309725699074,0.78822663354124045,0.076647529368917416,0.04700245887185963,-0.13268235539995299,0.99004351491513765,-13.099869805279686,-9.3440029418482968,-1.2828041477665635,,0.1209596490583734,0.2352941176470588,0,1
-0.72688838479278794,0.68568961912598381,0.038249474194994353,-0.68663111032134516,-0.72456801288636596,-0.059488763987650926,-0.013076482409552524,-0.069504970504019617,0.9974958970757859,-32.121394257188534,9.9605150811505663,-3.0813051700899576,,0.1982209758138422,0.3333333333333333,0,5
-0.75285097010244306,-0.62627440453580296,-0.2024741638805686,0.65324292072853285,-0.74860828384243605,-0.11339895890411875,-0.080554970882407692,-0.21763733040498318,0.97269979391399408,-2.7304488800569193,-5.2451969697324339,-0.96633401716409584,,0.3029273931208788,0.15,0,4
0.71631765242419854,-0.68612636623827528,-0.12696310636616345,0.69651955316424696,0.71400060006134003,0.071159364611589199,0.041827417866318196,-0.13940499512107604,0.98935166369189986,8.5631802996923234,-14.257695353792332,0.36985989219791365,,0.0940635464895208,0.3333333333333333,0,5
-0.94970683789340105,0.30838733649941102,-0.054352302116083509,-0.30178590620184742,-0.94769414919403994,-0.1039281790532114,-0.08355949303609285,-0.082298543548385686,0.99309856552779674,1.2532927963335361,17.605372437335802,-0.77160391758194635,,0.3199492969671481,0.2666666666666667,0,5
-0.79276085718571443,0.60930190499621084,0.016775335530452115,-0.60771658862293476,-0.78797630536957119,-0.098862986443980311,-0.047018839061311213,-0.088569355558841045,0.99495964643256662,3.8493403300226716,4.6864165042940202,-0.76816987755778721,0.2059487027711905,0.1209850395116422,0.2380952380952381,1,6
-0.26994036962721213,0.96285790774086732,-0.006070119142441429,-0.9628760941785427,-0.26994358261645984,0.00029910477226158857,-0.0013505943130042845,0.0059255130638539519,0.99998153192443096,-14.884137251527914,-8.0050388360730231,-1.4343357692097516,,0.1125371229592906,0.24,0,3
0.14717137747456388,0.98623823745326067,0.07533076819816259,-0.98857555220034732,0.14415882997510315,0.04400692368239506,0.032541715443692644,-0.080946715345931092,0.99618706377401167,1.9541866523396447,8.0393082405372756,-1.0462492113483326,0.2573891257942038,0.2662827241941211,0.1290322580645161,1,5
-0.68158386867591847,0.73026828928503362,0.046385942110490519,-0.73067227689300585,-0.67579725418153658,-0.097036565379685261,-0.039515234287024872,-0.10003147957220898,0.99419930062027084,5.8903955679308124,16.408503963267478,-0.34368822139045402,,0.4795267041764706,0.2962962962962963,0,2
-0.45922015984347542,0.88831388119090415,-0.0039106619500260363,-0.88817364833529011,-0.45921935170153788,-0.016283655167129034,-0.016260848566901524,-0.004004435837124413,0.99985976481580308,-27.251651714699022,16.252160977631302,-2.8672827629713615,0.3933476654061329,0.2892758059598041,0.8166666666666667,1,3
-0.74649463596935439,0.65207425810154074,0.13245723985614094,-0.66537303136831849,-0.73005357534289295,-0.15588619649216698,-0.0049484943888740201,-0.2045016847128284,0.97885370375398773,10.277952050367048,-8.1036590076574733,0.18934824271008843,,0.4750760320509732,0.6595744680851063,0,5
0.41752607883381776,0.87921013359750333,0.22948096756183745,-0.90783922777402892,0.39286070964962444,0.14658921968633667,0.038728671656951909,-0.26953664647512071,0.96221104036413685,-13.287793420935973,-14.260751650798982,-1.0523144886372264,,0.3865561907452236,0.2380952380952381,0,1
0.084010586990475047,0.99623635194060989,0.021338986517217128,-0.99443039582410342,0.082452111403922904,0.065649350234053855,0.063642824690880812,-0.026735377257507593,0.99761456007230864,6.9138696869090772,-13.984610755729983,0.20859332151622384,,0.1810913879681014,0.1428571428571428,0,4
-0.71583485043020356,-0.66266875515169243,-0.22011494237164753,0.69596587773702467,-0.70268232666436092,-0.14788186102187312,-0.056674191086420772,-0.25905147893665104,0.96419934003577978,-9.6950197238512406,-20.811035093561465,-0.55159696628613475,,0.2563074281750996,0.2666666666666667,0,1
-0.85039469228104225,-0.51583199830639037,-0.10366396125688415,0.52225230032349201,-0.85148009039553907,-0.047267224022856005,-0.063885852479665703,-0.094334538654948771,0.99348859715132398,-20.75762743085377,1.5085440841164037,-2.1171692992041287,,0.1208155088029391,0.3333333333333333,0,1
-0.84607507715290031,-0.5271837067508639,-0.07895760354223201,0.52928713110808023,-0.84841455557788903,-0.0069191565201941101,-0.063341113536872592,-0.047645369344693392,0.99685396228129453,-1.6714869752220609,-4.8515323087578981,-0.93306048940518405,0.606686131192029,0.5000763766977501,0.989185291997116,1,5
-0.049619271255877929,-0.99051141396710263,-0.12816031648263021,0.99876791054724323,-0.049307638268705975,-0.0056051466936967694,-0.0007673207484617979,-0.12828053480265345,0.99173762437935953,-1.169209327163776,-18.873644313289184,-0.16703931105757003,,0.112325472628171,0.2,0,4
-0.6731787488776656,-0.72507741363239875,-0.14523469385671042,0.7379327358412695,-0.67138437027462983,-0.068544180823455828,-0.047808466125993349,-0.15331592086633003,0.98702004993596226,16.158933552366499,27.911096411988559,0.61386796072406358,0.3277731053260454,0.2913321275683475,0.2857142857142857,1,4
0.59751380695809497,0.80137942913521099,0.027717522496912967,-0.80050291658557926,0.59413792150762468,0.078709661189589344,0.046608272145882319,-0.069218066901078637,0.99651218165261413,17.398578338843549,26.771516717970329,0.71440599702665664,0.6573522493255668,0.7322762153123824,0.7843137254901961,1,5
-0.83945732872603729,0.5405563919391041,-0.055768991222044192,-0.5410098355689178,-0.84097894154751318,-0.0079232374265999998,-0.051183503844887013,0.02352035304588674,0.99841226050502718,-4.2029277159855667,2.4083037630901023,-1.3720450987761224,,0.08773576695185543,0.4877384196185286,0,5
-0.16220409176739947,-0.96901961122982094,-0.18625473327118167,0.98582109361986192,-0.16735728114415094,0.012178334129786497,-0.04297213036436659,-0.18163846921851007,0.98242600867032426,4.7748797750431216,-12.231547632359032,-0.066430460495624385,0.2922911877358504,0.1192481290328996,0.2857142857142857,1,5
-0.74934482463561514,-0.65223454388916535,-0.11433474340510613,0.66068591020063649,-0.74801720017866413,-0.062963452091105154,-0.044457416188704184,-0.1227206909798209,0.99144499098601524,9.455227937243821,-21.278642309770486,0.73466355738076128,0.3335456352285048,0.2208220413723146,1,1,5
0.91430743128555669,0.40462573280948111,0.017886795252255207,-0.3994648833045048,0.89359547294828201,0.20473137945330624,0.066856025177421952,-0.19433256822963493,0.97865475261848567,6.0027411498858916,7.2900398097117298,-0.52126164275670683,,0.6359720054940585,0.421875,0,1
0.5418777521926047,-0.8258026348170362,-0.15626423137727591,0.83912892998735455,0.54203714601262187,0.045369275955972801,0.047234950375411054,-0.15571043854453848,0.98667275162097201,-0.95314882229576214,-15.026128589479894,-0.33832872879506226,,0.2102301249993564,0.1923076923076923,0,6
0.53847336189089323,0.82901367508546264,0.15093960731105133,-0.84263564313124395,0.53048415813327487,0.092475569176004246,-0.0034075590551510041,-0.17698272370750195,0.98420805933011979,14.271459550890528,1.7610795499552472,0.33345434273672475,,0.4952861620291236,0.2033898305084746,0,4
-0.50060879653986101,-0.86089981971992668,-0.090787296650513771,0.86455955748801327,-0.50252640405256532,-0.001996192908468265,-0.043904491604409672,-0.079490336747270893,0.99586830554082961,-15.996786358821376,2.8100356627083953,-1.9252926191108297,,0.0697834386165504,0.2028985507246377,0,1
0.85744784335872348,-0.50036153079571977,-0.12008969322651904,0.51324468515680355,0.84836612052067162,0.12982610951191884,0.036920036264462996,-0.17295451440327006,0.98423759675688138,21.10803593242639,7.9453290759208866,1.008382011015952,0.3234542046464484,0.2853876311037386,0.4210526315789473,1,5
0.043899202363293144,-0.98459169081127929,-0.1692692010297647,0.99901458713492075,0.04215515217829717,0.013885166058460045,-0.0065356501981860505,-0.16971194869605635,0.98547203904843317,0.6218196547480096,2.9440166762807829,-1.0874268387704313,0.550076622699058,0.1853304564893426,0.2142857142857143,1,5
-0.98492637301355834,-0.14012497813286368,-0.10141513814821097,0.15900610652278094,-0.9642656096385801,-0.2119171823066813,-0.068096239476363646,-0.22484844800798973,0.97201135672253136,8.043281340411637,-5.1491475535553093,-0.11583271896298659,0.4863232651845563,0.42105543138093,0.625,1,4
-0.53593467781471549,0.84312410968331297,0.043769358989582029,-0.84383340992038713,-0.53329707205543453,-0.059492934363956716,-0.026817856323171452,-0.068818374056807713,0.99726868695172033,-15.474702206137213,5.8408070201422513,-1.9577478360011498,,0.08795159236554306,0.2125,0,5
-0.94012754891469208,-0.31346276336344581,-0.13379569408694025,0.33229590523822888,-0.93028717748180623,-0.15538725422260735,-0.075760300511282061,-0.19054359972848084,0.97875099666307042,-7.9849491646477713,-5.0454977074682903,-1.269727329758227,,0.3193927154493872,0.2636363636363636,0,4
-0.12224342788325014,0.9924963959738512,0.0027291607261809916,-0.99249907321824959,-0.12224688060814694,0.0011357123287416271,0.0014608217785930357,-0.0025698561232436407,0.99999563091007426,-29.567917078123898,10.590424177453453,-2.9400166432227892,0.3717114548996623,0.3334325628574215,0.7068965517241379,1,5
0.16437544671750368,-0.94773610453948087,-0.27345381450759076,0.98639784514407691,0.15794966084880804,0.045510391482264462,6.009611981874736e-05,-0.2772150443069013,0.96080789734388639,-9.0270758968132494,18.494445145657842,-1.5668701420590445,,0.3914687741724355,0.4074074074074074,0,1
0.22564506545648819,-0.92748135877002835,-0.29809836223843805,0.97419975297901606,0.21619410251598375,0.064768443959480629,0.0043755834766641948,-0.30502203063288752,0.95233524301992978,10.895202033495414,7.9661070413055759,0.016939969950160037,,0.3660316010813621,0.2,0,1
0.37452874335583203,0.92708944520850156,-0.015276811948000296,-0.92646037643780565,0.37483773345096671,0.03417373950949136,0.037408438767499268,0.0013543132338545406,0.99929914167112321,2.0487143871820583,27.340798122759235,-0.6237678663840468,,0.1828542506201027,0.3571428571428572,0,4
0.22231500248956249,0.9657145867177499,0.13405736335103713,-0.97473150475351511,0.21707637292619417,0.052691004527878373,0.02178378546109111,-0.14238393630523791,0.98957176666132318,-12.184829774582536,-17.34051557816494,-0.84435869154214716,,0.2222121853121787,0.2,0,2
0.23436842751372017,-0.91309749400466167,-0.33365312320904961,0.97163467083424038,0.20886583194228894,0.11091046244558407,-0.031583328158759763,-0.35018285322023213,0.93614873962044831,22.562484300897818,23.822041646314606,1.1445011676816204,,0.3660342539146462,0.3529411764705883,0,3
-0.9936137182698358,0.1062758733630889,-0.037910652947469294,-0.093340590084746641,-0.96294190045507511,-0.25304234940143744,-0.063398052877214561,-0.2478877469518824,0.96671213492047225,6.0616219470511723,-3.3244525702043912,-0.38651244596884954,,0.2864283639347191,0.2857142857142857,1,2
0.8848107404682114,-0.45648278075873921,-0.093452792482973335,0.4629365005952869,0.88400042054548988,0.065061915833985448,0.052912663594710044,-0.10083019064827425,0.99349560778352086,-7.8845015196254655,15.146168435018165,-1.550377736160546,,0.09677069560352593,0.4074074074074074,0,5
-0.23661360063337392,0.94109956561119368,0.24154836286287373,-0.97160094397051988,-0.22979028022221853,-0.056462667232349571,0.0023684743838643103,-0.24804845236731174,0.96874473191201216,-10.601575614164201,-5.4918500823595569,-1.3269836847072114,,0.452535482440361,0.2941176470588235,0,2
0.57051802414826813,-0.79669636235330721,-0.19945949547455846,0.82075060725781335,0.56183728369674746,0.10347611963246835,0.029624733043326419,-0.22274149335332635,0.97442732018906542,-19.822331733719672,20.29662710708272,-2.2958903743510537,,0.5907626604092818,0.25,0,1
-0.53721703314684444,-0.82538183379692232,-0.17361649614864261,0.84091949890415429,-0.54005340947540814,-0.034593514952556602,-0.065209321877226098,-0.16458172241174512,0.98420556846031682,9.169580608123578,-6.7324154427696801,0.028530524060077198,,0.2847394598513229,0.1351351351351351,0,5
0.13349452062437292,0.99064477380008575,0.028322166333899633,-0.99089805816109,0.13291993511189087,0.021291528419341725,0.017327760843506783,-0.030906682002876829,0.99937206570512216,-1.8201048867810692,20.572767412539847,-0.97076116179015348,0.4152945600601197,0.4009800102087078,0.8032786885245902,1,5
0.58621798736180886,0.80960732738562313,-0.029739649241011884,-0.80731285317747126,0.58684016989949206,0.062165682549023826,0.067782212916964971,-0.012433440225603352,0.99762266472661687,-11.207496343804969,-9.2035179493634107,-1.1958856951318957,,0.09425367434835023,0.196078431372549,0,3
0.62205915334956963,0.77243550366187663,0.12800704049637276,-0.78072918943553127,0.59957210755777535,0.17599778578739755,0.059197487255419762,-0.2094198665870817,0.97603226226457007,18.033047854565883,-16.376574465533679,1.2248589547171165,,0.4517520272631056,0.4285714285714285,0,5
0.85730523653180168,0.51437528631933926,0.021113887350490825,-0.5107607338896053,0.84471605981354747,0.15993201996356865,0.064429838830337191,-0.14789470280227526,0.98690220019580643,-25.051979715108214,13.668660532704733,-2.6509244605462521,,0.1135366941005078,0.1666666666666667,0,2
-0.76167843293492421,-0.63077299597799541,-0.14822750199183779,0.64411694545677711,-0.76195106130733836,-0.067408758689431997,-0.070422477783925727,-0.14681964350032603,0.98665326579564328,14.264295319655963,11.289488224632468,0.36840014810730631,,0.1393842239284463,0.1111111111111111,0,4
-0.62646770980116373,0.77943038128716524,-0.0051467759838437575,-0.77865725741583314,-0.62611626221302352,-0.040881556551148585,-0.035086807351726555,-0.021603400633591417,0.99915074389749958,12.848629661767836,4.5783095767319191,0.19099716720608659,,0.08171204914059817,0.25,0,5
-0.17079766791670106,0.98164901385850145,0.084813738420426513,-0.9851781826875039,-0.17152875327628475,0.0013546793095515924,0.015877814420272529,-0.083325268617122764,0.99639590255034716,8.8814319728153421,1.6462778350266585,-0.24197031194707336,,0.2061021859655595,0.3,0,3
-0.32834137145972775,-0.90729014132272212,-0.26270999837566444,0.94404152229752758,-0.32441969436113943,-0.059476601187305113,-0.031265763482023194,-0.26753777559294606,0.96303997355492299,-5.0794458649966083,20.096444558679966,-1.2571250053749159,0.302173901973189,0.2454191853790221,0.2777777777777778,1,5
0.37290942531367438,-0.89843553460559389,-0.23184510059560251,0.92780764359477597,0.3639012846590719,0.082151272117879828,0.010561107864894531,-0.24574264013686573,0.96927757521735147,0.20564286285837702,-12.495269949217164,-0.3986848132162083,0.1891963041886404,0.1630640022510686,0.5319148936170213,1,5
-0.64026649596480267,-0.76233390630736886,-0.094370702228503231,0.76643999881808145,-0.64219916369335039,-0.012245912105699043,-0.051269312036464711,-0.080170128138284433,0.99546180649867166,-8.5811957500803935,-6.0768402259446423,-1.2353873820416008,0.4104013613327501,0.1733331897760252,0.435064935064935,1,4
0.98063326152833696,0.19171767671579065,-0.040034220599332863,-0.18248353798474579,0.96862817643060828,0.16869858976673374,0.071120775789260904,-0.15812586208275498,0.98485432780270588,5.9625393947489433,-7.4714576341868657,-0.21997241325011826,,0.178739311791215,0.2758620689655172,0,2
0.38409802617984007,0.91246349219451073,0.14099319734281113,-0.9221028688571592,0.37135526207715025,0.10872703699176145,0.046850886119129374,-0.17177207206006781,0.98402202705531117,12.913515104443068,-11.799446894093897,0.64125965685557851,,0.390734426942981,0.125,0,2
-0.86455299854129286,-0.47748900532557903,-0.15669193503958279,0.49735233995772005,-0.85766344202898603,-0.13059123303489167,-0.072033066378159483,-0.19083414264795984,0.97897577464816699,-3.0084130949621595,23.530650508857303,-1.0407160067261882,0.448613827644432,0.3851470668118822,0.2093023255813954,1,5
0.055370659201775606,0.99763980152736298,0.04060685296848629,-0.99846013598778705,0.055186722418568555,0.0056375980652726395,0.0033833330918661602,-0.040856481458139762,0.99915929709934137,-22.743964862488685,5.0659980454057978,-2.3250207585272102,,0.2521054246197829,0.3636363636363636,0,3
0.021820139874148825,-0.98211383874724789,-0.18701948892299247,0.99971377743153711,0.019598315494102642,0.013721123983145594,-0.0098104387995554126,-0.18726535656906301,0.98226037358717777,-22.86637644600096,2.0208263226691647,-2.2226715291280708,,0.08045878313564289,0.2916666666666667,0,1
-0.90529716234593249,-0.4162437294884731,-0.084724291144448627,0.41892197359176797,-0.90788275644077543,-0.015914791845269442,-0.070295290670005076,-0.049900483154244578,0.99627732780114642,2.5356608135063485,-4.1583442695341777,-0.66531587698489758,0.1812264280877059,0.164661255500995,0.5454545454545454,1,5
0.25551959560582344,-0.95995017326679555,-0.11491475582572366,0.96678633825987603,0.25441954947878925,0.02438993638924003,0.0058234367428285855,-0.11733012267980945,0.99307589332157475,-3.9558630024455392,5.5700963652989088,-1.4547150507547355,0.5513481370657619,0.4042587883985502,0.7097844112769486,1,5
0.66695409459335742,-0.70371292101681859,-0.24486804711748533,0.74490864033635906,0.63717244118920136,0.19779382634761439,0.016833100052907397,-0.31432372640793443,0.94916660379494944,-6.9696085494160149,-14.208452313652066,-0.70913106363391754,,0.3589019225963985,0.3846153846153846,0,3
-0.9834572967366263,0.16959325278564746,-0.06363862117513247,-0.16852538952836557,-0.98545559848645436,-0.021827883452547082,-0.066414897273136347,-0.010742067831136789,0.99773426792854591,-9.5043768978771688,-1.0454105914994614,-1.5142856933616839,0.2872402573589747,0.2704408345859376,0.8474777448071217,1,2
0.96675233421752094,0.25240173480162964,-0.041027899703779867,-0.24710961234475051,0.96338920433069763,0.10401000175893313,0.065778140531659396,-0.090413523591296688,0.99372965688863513,5.1775414794018797,19.966068271619399,-0.36715983285657505,,0.2260752367840919,0.3684210526315789,0,5
0.95826165136445418,-0.27079876061612129,-0.091665908455886153,0.27764374156674554,0.9579451754629178,0.072491334489987999,0.06818035122444413,-0.09491613169579588,0.99314770686480425,0.35976019261334391,-10.702562934933292,-0.47697184654933544,0.3991605577867562,0.3452985033384493,0.4731182795698925,1,5
-0.065993692118342884,-0.96414328511159497,-0.25704582932779063,0.99768153918130686,-0.06804952146442303,-0.00089944720950943947,-0.016624649692821004,-0.25650923648610657,0.96639879584978106,-13.515923137049684,11.970866085179486,-1.8902738105440358,,0.1056596479725014,0.2592592592592592,0,2
0.58110119160858609,-0.79862910395858089,-0.15656615030521892,0.81303062174006957,0.57821702161834254,0.068163656179594939,0.036091733458482739,-0.16690305635646183,0.98531251720194579,-23.558639653643986,5.823415375538449,-2.3927960032351225,0.6315180547241711,0.708512232461856,0.7490774907749077,1,5
0.58207743825361591,-0.77107857222293785,-0.25811565495866806,0.811806173901649,0.56920084937850701,0.13031166134291503,0.04643912026806965,-0.28539136028517148,0.95728531775187398,15.82708655953814,-9.5827238585025025,0.80236646611607365,,0.2924291758389221,0.3478260869565217,0,4
-0.64040512488114898,0.76759965805548247,0.025923753182488036,-0.76685259870819489,-0.63717894499016725,-0.077071939872471962,-0.042642324988778943,-0.069236962775123617,0.99668845438543519,-21.299458091498156,13.274884988299885,-2.3779763052660923,0.4538704319465629,0.449678064881939,0.8418079096045198,1,5
-0.92850895489142948,0.36876293942747124,-0.043416761639209302,-0.36515276925998646,-0.92805402216776689,-0.073342941309937598,-0.067339258892476481,-0.052245827039495617,0.99636127873817493,1.2042954511032093,13.676361671923333,-0.90243573130346566,0.4232044542770137,0.4028854140209627,0.3623188405797101,1,5
0.65471922289671181,-0.72073545961567698,-0.22777870054529983,0.75501113949903587,0.63795288999729283,0.15157271976338835,0.036068246448838034,-0.27121302954814303,0.96184332102553238,-11.448350285274682,-22.481990234914289,-0.5585055091656298,,0.3716346083167861,0.2592592592592592,0,2
-0.79483740532045521,-0.59335750633883133,-0.12712343912438484,0.60405106382889551,-0.79364967926435492,-0.072405102656977138,-0.057929365529298678,-0.13433933256850533,0.98924068473472271,11.02725804550035,19.947644899736613,0.11980155186716378,0.3756356487582505,0.226205695129233,0.3421052631578947,1,5
-0.92554776261916183,0.37841318257476292,-0.012837537314538383,-0.37402283742627007,-0.91903151740606615,-0.12445074165269103,-0.058891902620521672,-0.11038357336099436,0.99214273697779609,-10.152685345124674,-12.980893382929612,-0.93488738077054268,,0.0749236100325876,0.3529411764705883,0,2
-0.34223191247716112,0.93723547134010143,0.066835539528926763,-0.93952945712679037,-0.34037108662714266,-0.037840752890206504,-0.012716810656144826,-0.075744271401579785,0.99704618151647328,-36.012963218906428,12.648978594269401,-3.4506496783597234,,0.2407285739785703,0.625,0,1
