axis_00,axis_01,axis_02,axis_10,axis_11,axis_12,axis_20,axis_21,axis_22,location_x,location_y,location_z,dbh,dbh_approximation,score,reconstructed,number_clusters
0.18943850500079734,0.97511597286999174,0.11516028949630953,-0.97190549127718973,0.16953223867501513,0.16327441953681426,0.13968811276665155,-0.14285537968046103,0.97983650250847687,-10.075190244073966,6.9362454823539883,-2.2525108764657928,0.2852836536680561,0.1245997082971734,0.2682926829268293,1,7
0.95779740565145144,0.28695636991992413,-0.01673832398206835,-0.27929461893623991,0.94283079947756321,0.18183673828398675,0.067960617717980093,-0.1694878323623214,0.98318626369600604,3.1671981976861541,10.056751568413357,-1.8843357480166181,,0.1373236059368267,0.3461538461538461,0,5
0.48971469612025376,0.86934520888415612,0.0664712283173019,-0.86146757734653912,0.47070770797424633,0.19054623280011601,0.13436193502823587,-0.15057609851432266,0.97942519314732412,-6.0076112340396435,7.2903261969323685,-2.0474715355898594,,0.06880958627666972,0.2894736842105263,0,6
-0.97050694717608887,0.24051973785422709,-0.016325476577518143,-0.23957373148574543,-0.96979778169698461,-0.045789625436384415,-0.026845719676425565,-0.040527994252642842,0.99881769558659383,-4.6502709252469172,1.437181291338032,-1.3704811275294391,,0.1777904925379719,0.2233333333333333,0,4
0.73872193933981956,-0.66377716982453627,-0.11700326985920401,0.67050569057347309,0.70604410922117722,0.22786802044750554,-0.068644120262458044,-0.24678246423480693,0.96663664326342935,13.080997359815569,-10.909820467713113,0.87246256700756009,0.2015326762776828,0.15024815089866,0.3529411764705883,1,6
0.27287761286859991,-0.89449026419397237,-0.35415388697193828,0.95413989370863606,0.20452366316274737,0.21860268626017249,-0.12310512429954722,-0.39756413126524498,0.90927877458043882,10.835120701929551,6.6945237762989418,-1.1098173217828025,,0.3956450966152355,0.36,0,1
-0.99719748058865065,-0.068536804176398333,-0.029998186294051609,0.065487159635797015,-0.99351388591945478,0.09296015494855088,-0.036174806571455449,0.090735136295202662,0.99521782460474828,5.8627317915933732,-13.191208743609746,0.79227270449972897,,0.1004225839825965,0.2352941176470588,0,3
-0.9323334482277571,0.36152086270502209,0.0075503075935357362,-0.36159075191661427,-0.93225399644028084,-0.012434397834318496,0.0025435101961468415,-0.014323126409454174,0.99989418370432626,-17.04436590283192,5.9770637020419599,-2.4548228454817114,,0.3893412618185869,0.4545454545454545,0,3
0.9192202159498386,0.39306579223261745,0.023097133278384436,-0.38399854814299433,0.8819553760065445,0.27331269593128921,0.087059230488253717,-0.26010382102095669,0.961647904732857,-1.7527315120527112,2.930580635906519,-1.3946063637007016,,0.07620964944219027,0.2941176470588235,0,5
0.1977499651470922,-0.9644984995451833,-0.17503598389877673,0.97125715262443346,0.16865144913269459,0.16797687990113028,-0.13249337628802602,-0.20322237347430808,0.97012688456679097,-1.1597451457129497,-18.652209996959034,1.1693308156331692,,0.5586754849768241,0.7173913043478261,0,7
0.36672093412699047,0.91063967601660922,0.19039731336705787,-0.92230899773543751,0.32904597566101806,0.20266933314525404,0.12190926613379612,-0.24992824243301287,0.9605592144501377,-15.740259917532434,7.6867098633683186,-2.5996118193138358,,0.4037141922816637,0.3636363636363636,0,5
0.070136805169689162,0.99101877090520607,0.11385352113187039,-0.98489862244962856,0.050684762903033559,0.16554684625895882,0.15828939338254197,-0.12374510302633995,0.97960788962706336,-15.902836798324124,-18.301203717081442,0.78307193380556106,,0.6309565498232264,0.7666666666666667,0,2
-0.1444775458463729,-0.98455724055808114,-0.098859894855629474,0.97996332030713929,-0.15621129689933608,0.12357152412119182,-0.13710627118704691,-0.079025760266411713,0.98739900729922725,18.789086677963322,-0.76788157986359029,0.10282900151356295,0.3694520621109127,0.1709843573091465,0.2413793103448276,1,5
-0.76730790574243946,0.64127809544255421,-0.00099100490627784961,-0.63764460771237141,-0.76279421960315452,0.10749108239920271,0.068175743783912196,0.083110666256424715,0.9942055547591383,-4.5000401801845227,19.130023601376251,-3.2088676827244309,,0.09690768828813048,0.2857142857142857,0,2
-0.57628817300838986,0.81631635337135255,0.038981442625298388,-0.81210397134198398,-0.57735258333493922,0.084564379303876266,0.091537322340290883,0.017076467285974822,0.99565521787604827,1.0075787158738727,-2.8514354348441975,-0.66272304676926175,,0.1131123281390578,0.2278481012658228,0,5
-0.90289828001525785,-0.42468710431216422,-0.066449675517933654,0.42113844541387629,-0.90492934057724117,0.061198842773561468,-0.086122620372774572,0.02727181683329373,0.99591121203987798,-2.6522658425150079,9.1084291637170782,-2.0899508154810729,0.4871833014907656,0.3570432979405058,0.66,1,5
0.97356822882935401,-0.21952534126850864,-0.063035929080322115,0.22839502651476382,0.93669698443193405,0.26539493442686657,0.00078465112941166176,-0.27277716894393006,0.96207692022287883,-4.9421343307826069,-3.614686338557767,-0.83699422469937557,0.8137997671868274,0.4831126902252612,0.5284810126582279,1,3
-0.59272974048659044,-0.75583055773805619,-0.27819349872360072,0.79448072838823414,-0.60539407333106932,-0.047941508062597123,-0.132181038588746,-0.24943573113127665,0.95932788402746116,-21.358583318325337,1.9692156601070974,-2.0877180520713492,,0.3150236834558541,0.2631578947368421,0,1
-0.82959467053914959,-0.54900426586647111,-0.10181845939442756,0.5460427417291136,-0.83578219904389717,0.057492955797188001,-0.11666193388586521,-0.0079013810034775766,0.99314025261301642,-11.422979485845193,6.0234377273664244,-2.2265868581419777,,0.09534967901373045,0.1842105263157895,0,5
-0.50994644617126683,-0.81612513951162646,-0.27183520503132691,0.84450916583345836,-0.53508026928389052,0.022212029316455772,-0.1635814502337328,-0.21824037683299446,0.96208744252236322,-21.524811026669745,9.4358376565624145,-3.0119684513416471,,0.5633871954342519,0.3461538461538461,0,2
0.2538785987251434,0.96389729495925791,0.08029733419972572,-0.95970237701437344,0.24069033666845357,0.1450500237414212,0.12048653311602077,-0.1138866392719151,0.98616065057019497,-2.9850886411762492,11.155315356663706,-2.2992889025144754,0.1407691341228286,0.1903497136562987,0.2352941176470588,1,4
0.69827064322711296,0.71305845916696597,0.062974142452499215,-0.70154325348664404,0.66418676930840037,0.25824987698553731,0.14232066713787325,-0.22450739249767149,0.96402347399808086,-17.310746361125307,3.1898805241595611,-2.1160613838085363,,0.3409881013319989,0.42,0,3
-0.9044916813881676,0.42547666111545296,0.029400835798518619,-0.42576721109213972,-0.90482326595723506,-0.0041399687563459216,0.024841100185515684,-0.016262479163035023,0.99955912857271489,-14.932284511786778,10.674365655670083,-2.8692001089388715,,0.08745639440944841,0.4285714285714285,0,2
0.35456562214354737,0.92745552363166583,0.11878329545466819,-0.92790949533872469,0.33336505823336959,0.16688830519031034,0.11518328027188354,-0.16939300349829642,0.97879457615560705,-10.581755847050555,-9.4049718668149271,-0.32111800817170799,,0.8463511442032677,0.6428571428571429,0,2
-0.99962372615049844,-0.020321849952541042,-0.018423586282250892,0.019871824495538922,-0.99950745261647922,0.02428914892157516,-0.018908112232891662,0.023913899276830006,0.99953519633535959,-5.6941857141002989,-1.5927927911443023,-1.0859564800599155,0.8970773057768278,0.8044782069558997,0.7129563350035791,1,3
0.23339322791508008,-0.94429850570155527,-0.2320084767701206,0.96375432431047681,0.19292701130193704,0.18427362991746882,-0.12924861135129279,-0.26660739006995732,0.95509962622956268,-12.745499442469239,17.138055672012467,-3.4288301383481454,,0.2551984971949642,0.1428571428571428,0,3
0.19526809151584651,0.97619402700247959,0.094422423610288714,-0.97037645465796818,0.17833954006546737,0.16298633284625055,0.14226703300902224,-0.12345132682121873,0.9820997206113492,2.2712604426041891,-2.6694418182178064,-0.61567984039615531,,0.07305829397044419,0.2461538461538462,0,5
0.62433760161307239,-0.75194138238893227,-0.21162872362479221,0.77587397162879435,0.56547819507731456,0.27973914820965562,-0.090676013151207491,-0.33884888718000011,0.93646104686520637,-1.933497111241691,4.2375421905852919,-1.5394071585211051,0.640058207375505,0.5388136332175528,0.4779874213836478,1,5
0.95390396755792861,0.29962884758432801,-0.017022760426259352,-0.29064475406494389,0.9364595310734164,0.19639036024276915,0.074785343562561904,-0.18238996780811181,0.98037801486527898,8.3254087618783341,-8.1696549361591462,0.27748896680368201,,0.262104148117407,0.5283018867924528,0,5
0.99736967129039167,0.058443238145251618,-0.042873379913347956,-0.049279252901825311,0.98050813928348002,0.19019817042307713,0.053153494932457579,-0.18758511858339239,0.98080911968767936,-10.135874504338949,4.7432414267031886,-2.0379420546608684,0.2963570995840711,0.3099667430485955,0.6504629629629629,1,5
0.61495159617840822,-0.76318500180294424,-0.19845197751765811,0.78536146541435703,0.57008080477360279,0.24127835516451832,-0.071006358869064798,-0.3042310455093663,0.9499481922444174,-9.5385357876400647,-21.561186096500357,1.2902626161189699,,0.44126842816159,0.5555555555555556,0,5
0.97383220684942462,-0.22108859072437576,-0.052637134746205377,0.22717940420053961,0.94050924192848073,0.25264972621042653,-0.0063522602173216852,-0.25799651334586893,0.96612496494579192,-4.8967780547945923,-15.098901009621686,0.47816114436391982,,0.1823616984151341,0.2,0,4
-0.50786429652741771,-0.85511387201406885,-0.10418311860286128,0.84773063867646714,-0.51760347565503095,0.11592845310371661,-0.15305757270354184,-0.029443299389478976,0.98777855390728231,5.0487262841157037,6.4766067395199416,-1.4186681419804477,,0.1007879078674753,0.3225806451612903,0,7
0.015836248434785306,0.99874812429182602,0.047448893127983532,-0.98970147801941544,0.0089053095378267746,0.14286945043717098,0.14226804856219655,-0.049222755770014864,0.98860352147496922,-9.5177569173137737,5.705436906646697,-2.0953016295889393,,0.09194676060142884,0.4741379310344828,0,5
-0.74334554249594131,0.65914410510903254,0.11387033481739602,-0.66565635908748799,-0.74569903903987955,-0.028888661813720962,0.06587120810947901,-0.097272770470523295,0.9930755218346613,-21.137133206958978,4.3175028943829918,-2.4135964258700286,,0.3036913808413187,0.2058823529411765,0,1
-0.18352752232039232,-0.97282463561486254,-0.141173215914876,0.97267305598602816,-0.20049093017538147,0.11709190013067068,-0.14221383445269503,-0.11582579703252899,0.98303591492480125,5.4303800155569135,-5.4941843409375331,-0.1353625600062508,,0.08556788464367253,0.2083333333333333,0,2
0.097976873259056949,-0.99230408940187675,-0.075717411885852903,0.98609010025384669,0.086535052740521201,0.14190841704618645,-0.13426409232455971,-0.088567933268810059,0.98697967289542221,-3.572468317143719,-18.131957497462722,0.94674102347956968,0.6122217886498328,0.4778538931996063,0.96,1,6
0.45694399339784308,-0.8849697272858793,-0.089614556212639335,0.88295816904149249,0.43908579414644183,0.16609797440571969,-0.10764320053085903,-0.15502337619322024,0.98202886628302766,11.684208022143999,-10.923929418274906,0.80674377208677039,,0.1190311723955338,0.375,1,5
-0.95532908203814781,-0.29035851277727587,-0.055120586625300276,0.28772069753757767,-0.95635029692787843,0.051097062287837905,-0.067551056399129242,0.032955175977774448,0.99717140510327251,-3.364754227718687,5.5113186903782347,-1.7277872228824731,0.9723884080147954,0.6023396558319534,0.8270676691729323,1,6
0.44843920557029493,0.86234152958400245,0.23509437522451598,-0.88289465893954688,0.38637759442971226,0.26685084923741476,0.13928137033897764,-0.32722995107023983,0.93462359214769719,8.8781320324993001,1.8952941418718738,-0.75303486947115672,,0.3179760890484928,0.2083333333333333,0,1
0.7143471322331757,-0.69436823845968754,-0.086953574329228234,0.69629466562914166,0.69286273627738004,0.18738988044882135,-0.069870689753571913,-0.19440673367096187,0.97842940911276188,-7.3178596016139901,-7.0572006647808836,-0.52812175906348235,,0.1043021583639669,0.2575757575757576,0,4
0.99802409771727485,0.060174874379716636,-0.018079957660515022,-0.055743644796940058,0.9807532920296661,0.1871246275553434,0.028992178951801114,-0.18574704483883112,0.98216978618427753,1.5913142748396014,8.2647868555441413,-1.7594007457854575,0.544262913685575,0.3166198980383519,0.6432160804020101,1,5
0.046605029913679513,-0.99593703001159628,-0.077054548460336006,0.98950909632722894,0.035468799966385231,0.14004896470383202,-0.13674691759749349,-0.082773162804291672,0.98714177504903466,-0.41248166642022593,10.299876472892269,-2.0796584193504013,0.8181326567690164,0.7169710233335729,0.9470588235294117,1,4
0.16752036438042903,0.97146213091011813,0.16792336265517246,-0.9756180128553037,0.13885749343292392,0.16996496553641086,0.14179711037294146,-0.19230165034418656,0.97103741161954504,-4.0849371909556202,4.0799148636984039,-1.6129359513559562,,0.07565033721812472,0.3773584905660378,0,4
-0.70301667832447245,0.70934822495101379,0.050918029777973224,-0.71073583188170519,-0.70329215183921368,-0.015320784600928531,0.024942479368438415,-0.046960035351494789,0.99858531323204469,-7.4829040573745207,13.032827734869993,-2.7065099570816122,,0.2339748194050865,0.1818181818181818,0,2
0.85037159129425388,0.5248120709704831,0.037953219670403965,-0.51612941492839814,0.81791955224357593,0.25420077321545675,0.10236495379448315,-0.2357538890905925,0.9664064983294105,12.376431751035751,-5.7978963979347409,0.21608182942344684,,0.1192570078058669,0.375,0,5
0.88872149645196696,0.45628986766631885,0.044425875446968965,-0.4495968740378658,0.84851279617126762,0.27908544496085019,0.089647936950917967,-0.26800296901092263,0.95923806012990043,-3.7612378410954679,8.3498476418094718,-2.055282295671137,,0.4456992226846253,0.4588235294117647,0,5
0.90798925911962491,-0.41002126196681932,-0.086244246524226742,0.41748865691243625,0.8679253805468552,0.26908874958282125,-0.035478538200505519,-0.28033568901895667,0.95924614921792739,-18.665743935679508,9.2244909293595381,-2.9216782819497298,,0.4492007247232417,0.7659574468085106,0,2
-0.70042213392039743,-0.68329488433847019,-0.20619635144995638,0.69339951738965688,-0.71991691410773584,0.030277814739276428,-0.16913291695642227,-0.12176919897277727,0.97804208425984451,11.004391238537409,1.7246169593155682,-0.59474101291280645,,0.217694119216134,0.2857142857142857,0,5
0.75799536782331001,-0.63924034952843145,-0.12967188551560838,0.64922660358901163,0.72025985711129159,0.2443983539762436,-0.062831835487123552,-0.26943925803191598,0.96096547632083484,15.328204358038491,-15.236190023049783,1.5540758310919058,0.5576675541954803,0.5011271758266547,0.9411764705882353,1,5
-0.66710620728466763,0.72358426350119598,0.17718668633872384,-0.73844301730384443,-0.67368946812693586,-0.029058746188352556,0.098342353019741965,-0.15022754124419688,0.98374817278318882,-5.3812736974011131,16.501847058290952,-2.9576638562639377,,0.4610516735570023,0.6097560975609756,0,5
-0.9921517698766128,-0.10810110395613977,-0.062841203474849658,0.10774438211047715,-0.99413745764226102,0.0090478415222259943,-0.063450875914639937,0.0022060453403631875,0.99798252475162108,-7.0910677284181203,16.746035122978036,-3.1077849570741058,,0.4704014931245941,0.4375,0,3
-0.029066023618637225,0.98581577873244675,0.16529493843775153,-0.99002336827560133,-0.05120080154463158,0.13127150562639101,0.13787275488374487,-0.15983031102806033,0.97746886146692158,-15.04661257387809,13.809574509463266,-3.2281460399206403,,0.4081988615003372,0.625,0,3
-0.70301208278856586,0.71105701096055962,-0.013112536639349717,-0.70743438380810553,-0.6973033643813159,0.11534561382447392,0.072873891479249553,0.090365619492888558,0.99323886893049962,2.4461352080874468,-7.1882812789307104,-0.089365876275555881,,0.07603827833214723,0.3090909090909091,0,2
-0.87846554491057771,-0.46966727528796898,-0.087811940694509649,0.46868387419873203,-0.88275712113096538,0.03279163244847963,-0.092917772632730392,-0.012349721298251124,0.99559719360433474,1.0274855996447061,-8.5982770602929381,0.0077165169457446515,,0.08155471285429522,0.2903225806451613,0,5
-0.5931396417038215,-0.80207719975303216,-0.069695990385355067,0.79489753939116548,-0.59716266360822545,0.10739951146163607,-0.12776254266932471,0.0083017364847712185,0.99177004081692499,-7.2328053280982223,11.833623245472612,-2.5709450390258777,0.2042644140776977,0.1970879425023808,0.8070175438596491,1,5
-0.72832274480984827,-0.67745307960601509,-0.10297234738013479,0.67311045006214798,-0.73545522072164238,0.077639811504232964,-0.12832887987425581,-0.012764922467716208,0.99164951235031229,5.2449688236955163,12.364174332224882,-1.9603797546543196,,0.2904730907549094,0.5686274509803921,0,3
-0.37883715401258389,-0.9180582545986643,-0.11683942786105561,0.91384373971000532,-0.39103063123344983,0.10947449397005521,-0.14619175808668469,-0.065299973969541056,0.98709872012230893,1.4072942028882458,-5.5113763834764269,-0.32744674524659884,0.4443296097556905,0.2992545068605918,0.9233716475095786,1,3
0.42981927922536894,0.89268510689116354,0.13553112978535861,-0.89090645646650912,0.39489843077378528,0.22436781230535022,0.1467687740375018,-0.21718316994443487,0.96503388420325176,-12.806862938582293,14.009574363053916,-3.0877505130046741,1.094354002922419,0.5333341517514643,0.3061224489795918,1,3
0.95397540581863527,-0.2939784862741992,-0.059224781140160297,0.29985147978520926,0.93802863769250455,0.17375662559845773,0.0044738309969939247,-0.18351818568379769,0.98300613444654383,-4.890907625885756,-28.823968325157033,2.5863187251112492,,0.2437106756165412,0.65,0,5
-0.35036147503543497,-0.92754740910796418,-0.1300101560190505,0.92576869865745304,-0.36401493419756698,0.10220295625483247,-0.14212372566563455,-0.084551354443583693,0.98623116715335846,0.48071266851678102,0.98335180407453648,-1.0856855906367142,0.7836763791627034,0.5224382300287378,0.5570032573289903,1,2
0.34718362376876249,-0.93404387364654173,-0.083818694156815879,0.92956655367206709,0.3309436897495161,0.1624262802295601,-0.12397400405337416,-0.13430679922602359,0.98315417407476569,5.7819352881156618,-15.009778010337497,1.0343575812677197,0.2025627846300956,0.1571815735306173,0.5,1,5
0.40384498000159752,0.91315199063653807,0.05534143225501862,-0.90275609806870694,0.38799147916811905,0.18572571037068863,0.14812379797747252,-0.12496421123450763,0.98104193915615345,-13.124811785839283,4.4352877218247304,-2.1345720594536757,0.706936322982278,0.9163005448475303,0.7453703703703703,1,2
0.93028923685547782,0.36561796869073249,-0.029756289441294541,-0.35128748348179067,0.91130466423864898,0.21475780052401466,0.10563635614636679,-0.18933385832265853,0.97621393677450274,8.1155372693403809,12.010442963539679,-1.7612870394717233,,0.3343822248653774,0.7407407407407407,0,4
0.23406823344353092,0.97222016539686518,0.00010994688438888395,-0.96345430544466348,0.23194264162873104,0.13400900087093878,0.13026075162060874,-0.031473178898527951,0.99098010857799546,-10.697135878968718,10.355738011497181,-2.615999106338931,0.3888688168653341,0.2880689994528798,0.7904191616766467,1,5
0.78273485007297383,-0.60655766498353092,-0.13933396402516385,0.62141803954165897,0.74943474343206917,0.2284451476155917,-0.034143441733959536,-0.26539661713487395,0.96353456658281078,-9.3666021001227726,15.812856593054631,-3.0739240481431547,,0.1815573360603672,0.2,0,2
0.30692709380527744,-0.93023268092546274,-0.2011539669667769,0.94578415002173988,0.27452386381276594,0.17357704273596439,-0.10624547357840478,-0.24352373094943838,0.96405813715178212,-0.32457742672207446,16.454036686036655,-2.7066629961500439,,0.4234692918251848,0.4137931034482759,0,4
0.78280785186096713,-0.59417235148997671,-0.18485422307777902,0.62122460024049619,0.72906234532444958,0.28731183875024668,-0.035942497420928567,-0.33974595414056613,0.93983020994446775,-9.2594446841668336,-6.058102274869972,-0.69283570079575463,,0.397930676390683,0.1954887218045113,0,2
-0.47843861316757813,0.87705991789372972,0.043155461468163854,-0.8709711891149633,-0.48022831676330335,0.10387469138511177,0.1118288029174625,0.012110499697771365,0.99365368948900856,4.0512844306399654,2.7963752067791869,-1.1292421205043865,,0.06954175611094107,0.2571428571428571,0,5
-0.81891444469577079,0.57334171353801966,0.025659535964323667,-0.57074703290142215,-0.81827048723498763,0.068419545120075059,0.060224220234386519,0.041384649781078427,0.99732660350542002,-15.375156551865736,2.51265189723456,-1.9616867373520335,,0.08961116902274872,0.1212121212121212,0,4
0.61312739220766399,-0.75973591890137226,-0.2165089708435117,0.78619702348345133,0.56002084920103345,0.26128698537415468,-0.077259570218777593,-0.33042091639489196,0.94066624092627527,12.857115212654474,11.176992177897752,-1.4828294749881454,,0.2196003186018904,0.1875,0,2
0.98145833671393135,0.18906144995088423,-0.031548398330077186,-0.1802249580835541,0.96627710598217798,0.18392258952746332,0.065257166491543492,-0.17482655003510181,0.98243431313463359,4.0932057467484091,4.0290375534771465,-1.2551618950028367,,0.180131511376006,0.3863636363636364,0,5
-0.047634099428251614,0.97766900752907115,0.20468098174666863,-0.98357315383886879,-0.081627922471569483,0.16099917180046441,0.17411158381658431,-0.19364966818999743,0.96549726172101813,4.1723165017184227,-6.634128984464513,-0.095719292491096147,,0.1685324205312471,0.2272727272727273,0,3
-0.90875941210829714,0.41178897558869665,0.067721270574270742,-0.41661856919294454,-0.90461352834002096,-0.090018510028997328,0.024192947488998692,-0.11001910710339734,0.99363499201868155,-8.1881375726225816,1.003562465153033,-1.4707394220805079,1.305686932934721,0.3921296856621502,0.2690763052208835,1,3
-0.85132966281482214,0.52334539713238193,0.036706954544755414,-0.52453334936211804,-0.84773437177232369,-0.078811168769036738,-0.01012771536722522,-0.086348307546429651,0.99621353090856368,6.7528560029547684,8.9187289439614101,-1.5434741436583164,,0.1879178931778222,0.3,0,2
-0.34401447748860819,0.93558018453946412,0.079647709165702602,-0.93157561748288775,-0.35069776300865835,0.095801607147797466,0.11756235872768959,-0.041240724021618255,0.9922087958149518,-2.7701575648534185,-21.740755862022713,1.5554181806417267,,0.2006387413691245,0.25,0,5
-0.82408247606864604,-0.56011336286243107,-0.084623243730703901,0.55655068435521782,-0.82840059602958538,0.06327549479509198,-0.10554339572093534,0.005047102214526449,0.99440188977039268,-8.0388141767740287,15.135429164290253,-2.9679887187090555,0.7707230482310702,0.6592951896484603,0.5569620253164557,1,5
-0.99947712084634088,0.032221007979780093,0.0027002869248828301,-0.03233250682439217,-0.9951494700591651,-0.092909317312172418,-0.00030644275220657305,-0.092948044012395814,0.99567091310689115,-1.989142307919308,15.021265439151209,-2.6580459936687113,,0.5397024926131534,0.2222222222222222,0,5
-0.99513936688710891,-0.09043162008055082,-0.038984132171067935,0.085166729790165624,-0.98907437129132525,0.12032670606111484,-0.049439544985499802,0.11642169103855159,0.9919686090030021,-1.0434272732841203,5.0433488690073638,-1.6093304528308909,0.3680676414371211,0.3521704338766652,0.9063004846526656,1,5
0.91345857362455352,-0.38307824789830941,-0.13727523541760089,0.40684663454719738,0.85283514565976404,0.32733473736392255,-0.0083216722727766784,-0.35485668982654173,0.93488367161692043,1.6222547443513426,-26.712231141001482,2.566655776676201,,0.3909113078313083,0.2173913043478261,0,5
0.72085749879990757,-0.68915655174892776,-0.073673018164512619,0.6896930320921133,0.70276623012295669,0.17447964718658124,-0.068468882768219205,-0.1765867293436694,0.98190077864933845,-24.250400251035469,10.125970597974641,-3.1752522153717377,,0.109691969639592,0.6,0,3
0.99302225562803403,0.1130826039216426,-0.0334533184857886,-0.10512165411465312,0.9773891118717366,0.18346651419475962,0.053443780401557728,-0.17866966358304259,0.98245657087298865,-4.8275227219311452,-9.9690086912404503,-0.11276892807595625,0.7754519476521085,0.4069372508167231,0.7616580310880829,1,5
-0.26967670652440207,0.96203385006438724,0.042016012286308496,-0.9556561896953879,-0.2727394039142802,0.11106063501248023,0.11830351243747497,-0.01020239593305379,0.9929250676975484,6.4850337385342733,-8.8899597490484918,0.28587566639380496,0.2067707791862221,0.1314566548806308,0.71875,1,5
-0.88320667977210354,0.46247004687605353,0.077893623284559288,-0.46826330944960304,-0.87880514242625429,-0.091820447986681195,0.025989109820103461,-0.11757115882575234,0.99272432668043709,1.8157754732523317,-11.652448909437497,0.39525850249700278,,0.326696478471224,0.2941176470588235,0,3
-0.670667907763,-0.73459207849872898,-0.10285443939722909,0.72991444778508541,-0.67826394819710201,0.084752082515257926,-0.13202066660714321,-0.01823443947580785,0.99107923437311995,-16.306446922903099,1.8033807894771852,-1.8975321162510475,1.005163968574566,0.3803064913696594,0.6804123711340206,1,3
0.94051617556544009,-0.33210149596601818,-0.071679284851980649,0.33966425576462694,0.91440749390407061,0.22019793016270356,-0.0075839867893189939,-0.23144660608704051,0.97281804654065207,-4.2134475086131173,15.456059948519499,-2.7978997517196325,0.1942496417436428,0.2866885331399979,0.3235294117647059,1,5
0.59787910692034796,-0.79423110714536527,-0.10833984470532793,0.79891045589173681,0.57938130499668383,0.16142920085039225,-0.065442012308487618,-0.1830689811600715,0.98091951309066594,-20.351502126609507,9.1394447540320716,-2.9440634768255047,0.2433244771493961,0.2648862116856892,0.6666666666666666,1,4
-0.98714731059947924,0.15903456262508978,-0.015754207909670061,-0.15923893418314353,-0.98715847091285369,0.012693114086467295,-0.013533255943461407,0.015038656710024054,0.99979532394781989,7.4424749336531102,0.66909255360857212,-0.72319469070409004,,0.8871005159198881,0.5336538461538461,0,1
-0.99827030495273428,0.053795867314107584,-0.023715035515425118,-0.052490206733756296,-0.99723457858742259,-0.052611533589251386,-0.026479736528569813,-0.051275724563270016,0.99833342307261708,-8.9986076117145419,1.8481213999142563,-1.6230814133396163,0.7244578391688379,0.409960366080762,0.7919161676646707,1,7
0.86368367715688776,-0.48572472960812496,-0.13461795147702829,0.50254001397156822,0.80929215121712683,0.30413771278125168,-0.038781956761019969,-0.33032968535308643,0.94306853346101938,-8.563279195766226,-16.252885350191242,0.48936150047360366,,0.5193139455798754,0.3076923076923077,0,1
-0.37910440998977502,0.92534830878598517,0.0032177248513839212,-0.92098635848293853,-0.37765025615236592,0.095730932912962571,0.089799631483867604,0.033328538146263312,0.99540204677828181,-3.5097361722291347,-12.642891443932507,0.24281393128561793,,0.113904036153831,0.1538461538461539,1,5
-0.078150107838973401,0.99264101781746983,0.092500650760174538,-0.98438868563972304,-0.091510845564625423,0.15034853084931232,0.15770693145596421,-0.079306840123322245,0.98429616929072683,-0.6563185749788587,-2.1625222663216861,-0.80926237009560731,0.4949515361726976,0.2954725850940537,0.227979274611399,1,7
0.83109670398493918,0.54654564811659301,0.10279164922396265,-0.53958269569674522,0.74772692342316327,0.38698186326075112,0.13464316963738754,-0.37708394624134095,0.91633995566986692,2.8639285396538012,15.199664079902545,-2.38422899778387,,0.2318835984400938,0.2307692307692308,0,3
0.37841911654222982,0.92428075967189238,0.050040478972000507,-0.91780673908686949,0.36765459731686495,0.14986956581807973,0.12012394400003756,-0.1026409975210822,0.98743863794453202,6.2267444782918648,-4.5889213196195664,-0.21634076082194334,0.4932330050219724,0.4775217099181702,0.3863636363636364,1,5
0.96665492257529451,0.25415877163992145,-0.031330168519153843,-0.24159715863627901,0.94568903814293637,0.21749265752012226,0.084906263607751081,-0.20267106832198542,0.97555900101705639,-4.3123368988432027,-1.8696993214524764,-0.9979586788924909,,0.1319934623514095,0.16015625,0,5
-0.2801816750273608,-0.95346121081284985,-0.11139994817842229,0.94821978173775734,-0.29297300125254677,0.12266240686646082,-0.14959102412932485,-0.071263875928608458,0.98617644744111088,-14.196506233472995,2.9551592655136529,-1.9858889982713177,,0.08805136961638793,0.1764705882352941,0,4
0.66528979196240712,-0.74099085034247902,-0.091225283881972097,0.74197461868516357,0.64266810903793881,0.19092241055623882,-0.082844178658627143,-0.19470557602269353,0.97735693619478037,-6.4378795339642156,-4.7027299289943301,-0.77549487812990892,,0.06843150355994462,0.2173913043478261,0,5
-0.47889202382997348,0.87787189527710396,0.001834392165754322,-0.87219067828063113,-0.47602814159807322,0.11260829954784395,0.099728883641623689,0.052327276723236942,0.99363776391516312,-14.14435292213483,16.40695058991896,-3.4026712120315348,0.2231121336384693,0.08757096673102255,0.2307692307692308,1,4
0.99526813437564987,-0.082399637929412822,-0.051494080878436217,0.09267456995550756,0.96426495956578651,0.24820256210835864,0.029202136565241271,-0.25180029273750582,0.96733853836044992,6.2565744374871874,3.284013393352502,-1.0491391773866747,,0.6115707719170829,0.4390243902439024,0,4
0.23531950676100405,-0.94864553813428698,-0.21141516671153285,0.96353680379513795,0.19919898806561837,0.17865215052128922,-0.12736387819945486,-0.24574662994950933,0.96093029736732283,-3.8104264314860199,-7.2614629112338216,-0.38878951572243386,0.1262538571480063,0.2501625478777007,0.4519230769230769,1,5
-0.86856951484392897,-0.49324326833475263,-0.047938253266392644,0.48613918226382236,-0.8668284974414292,0.11080185689461793,-0.096206514081134745,0.072934451844684625,0.99268568660098622,-0.52849870166653823,-9.5074237668857364,0.02378895148064248,0.3017768002960434,0.2810234200158347,0.6494845360824743,1,5
0.086069546119574028,-0.9900332378992277,-0.11147296123069721,0.98609584765740055,0.06868973172069881,0.15131655556801762,-0.14215137165571454,-0.12294677145378159,0.98217975896751664,-9.8810010999501685,9.0318229981605658,-2.4722460821739092,0.4151069543646821,0.1607796915336199,0.24,1,5
0.92934993351596062,0.36905760976262658,0.010255815432092615,-0.35936590553274544,0.89787758689090436,0.2543068715147056,0.084645419335662817,-0.24002566453457416,0.96706919780862988,10.860438690059148,-3.9809901660709222,-0.070239944958996464,,0.08182397388772325,0.3793103448275862,0,5
-0.95626781666953753,0.29103146813053532,-0.029198413653146939,-0.29246984050983843,-0.95266001542594181,0.083067968560647798,-0.0036407683563934954,0.087974880314940648,0.99611604004721577,3.4229655842822404,-11.122921994413257,0.38520048000911289,,0.08516315769876771,0.3,0,5
0.98765322865062055,-0.15130948029978009,-0.040577593662219136,0.15606266793959409,0.97285503770613979,0.17087281610999894,0.013621439409318772,-0.17509573604515882,0.98445718017962736,-5.9634332196996969,9.4705545140871408,-2.2641086645628974,,0.08967150110068597,0.3648648648648649,0,5
0.14205157472383578,-0.97581536979500261,-0.16614967406023501,0.97942289184540587,0.1142499492357124,0.16636630677159606,-0.14336020733684174,-0.1863633901051408,0.97196529659286635,-10.500759161815202,1.9419665187667678,-1.6993333084870745,0.187805730653167,0.1675682116163559,0.3319327731092437,1,5
0.54630191927504368,0.83704240055241275,0.030236280754380795,-0.82289649111001961,0.52963793491166866,0.20573046157854186,0.15619083812829895,-0.1372722753506955,0.9781414746880035,-1.4989437864623805,9.9866857062260159,-2.1120328539865572,,0.0806874584713438,0.25,0,5
0.33885192124625202,-0.9117823895801741,-0.23201777845499177,0.93829178682864822,0.30936046894051777,0.15461119955165983,-0.069194640237696212,-0.27009067793681552,0.96034531677621326,-10.385423634344402,-14.179481364986149,0.22700496748340776,,0.1124126084232827,0.3684210526315789,0,3
0.99668395200251048,-0.064152709509792405,-0.050055266288467549,0.07384929018134212,0.97146381061545317,0.22539819654161902,0.034166974703200376,-0.22834731118858093,0.97298002205213663,0.83337865762282781,13.722184611276809,-2.3520891990673642,,0.178923120687243,0.1379310344827586,0,5
0.94427536782783195,-0.32503477988909435,-0.051927079410087257,0.3289043284412202,0.92556190766889201,0.18750226079957508,-0.012883029389223066,-0.19413280746635744,0.98089065681093512,-8.1932995075990505,-8.1397269894122495,-0.43224481888692695,,0.1017052931077555,0.4024390243902439,1,4
-0.96236036345496556,-0.26635539968713062,-0.054012331076660092,0.26396586965856644,-0.96336117709522273,0.047510652711811409,-0.064688101736119163,0.031464957066784476,0.99740934724443098,10.074853823404792,-3.0616380204090441,-0.1908796177122864,0.1261523012796945,0.1230462021408493,0.3333333333333333,1,6
-0.28340948385954923,0.95505380415793439,0.086898191131464103,-0.94950937696450566,-0.29216654324516572,0.11432696123244651,0.13457714336000243,-0.050109302246460721,0.98963531177572328,-5.4532366424319791,14.972129512402619,-2.8169897647102129,0.6334772291923119,0.2149866348830669,0.3333333333333333,1,5
0.059127571774654976,0.99651874794461048,0.058773422998329682,-0.98668932993374636,0.049406807804685503,0.15492944696682651,0.15148629129703084,-0.06715171135167311,0.98617572025051115,4.0784912158233038,8.9890415616873067,-1.6999787619389657,0.1999344850415469,0.1408060733064984,0.1724137931034483,1,4
0.20717850095183826,-0.93388016954446862,-0.29145307971429052,0.96993493957340415,0.15719624876470042,0.18578361706308597,-0.12768430497945363,-0.32118089654570353,0.93837068899023734,-10.492352185634072,12.179181332596301,-2.7732189244637135,,0.1773623919287649,0.3333333333333333,0,1
-0.60314641044051898,0.79170807861250014,0.097019203420872238,-0.79226501218631218,-0.60872548156452999,0.042064694928806025,0.092361020122883566,-0.051493750627958863,0.99439319969925677,-14.297157320717071,12.410479958048276,-3.0252792587440869,,0.117014628916912,0.2352941176470588,0,4
0.64481508169781376,-0.75741364417298429,-0.10265516078425216,0.76131299635410055,0.62450532067595343,0.17434341407051948,-0.06794138648410078,-0.19057197083522889,0.97931930029719827,-1.9032397833450272,-2.1698527880559606,-0.86996613777144516,0.8067024272462737,0.7136517771612751,0.2896890343698854,1,4
0.036304033555187312,-0.98153236294754154,-0.18781969447914479,0.98871593889974252,0.0079448346564653435,0.14959168348501647,-0.14533688215048432,-0.19113110706762751,0.97074512133612045,10.407669903094348,-7.7930716454196185,0.34430978968144993,,0.08885013711175516,0.2857142857142857,0,4
0.11715992997612548,-0.98811764089936704,-0.099484061796150644,0.98417677059324249,0.10211349320257083,0.14480648718419192,-0.13292717943538274,-0.11487542056262268,0.98444603849978252,4.0546520578176093,-15.230470236862983,0.9937181183284447,,0.09725876479508379,0.4375,0,1
-0.64761312524657222,-0.75397770654655161,-0.11006751582173722,0.75109750123132923,-0.65599207112480529,0.074343434581945381,-0.12825670997035252,-0.034525652089268964,0.99113984668935118,-10.114406725545644,0.76194067462164172,-1.5537467350411778,,0.09443911471162811,0.3,0,4
0.31578510273262123,0.93730976408689293,0.14741158380372407,-0.93851730628486574,0.28571546021766897,0.1937832335275832,0.13951714839383775,-0.19954218085402417,0.96990612090246797,-0.0087125862022779804,-4.6519465102189121,-0.51276846411907351,0.1810642093623293,0.1827051597734757,0.2156862745098039,1,2
0.41188234705847876,0.90857941827258426,0.069544035495878662,-0.90299854637211496,0.39672888977123055,0.16492365891749494,0.12225611408615264,-0.13072730668203897,0.98385152022864408,-13.331616772560363,6.0808343840669217,-2.3225936720686762,0.5921918587339993,0.276137025985625,0.2631578947368421,1,5
0.95729771775986749,-0.28202393006393184,-0.063589169227494718,0.28904892464539289,0.92938614023439159,0.22954764538448405,-0.0056390365392010736,-0.23812581802801935,0.97121794467328271,-8.7569927372454348,12.662841632423362,-2.7451002213327578,,0.06735695031721525,0.2333333333333333,0,1
-0.063418737143343756,0.99303112080846889,0.099334067091904746,-0.9888895024502391,-0.075937519035532156,0.12779297768831355,0.13444558647594609,-0.090125946922092123,0.98681391253292239,3.602497827928723,6.5850807806723619,-1.5039577115967111,0.3370234080387408,0.1882550467226454,0.2361111111111111,1,5
-0.62972739054504845,0.77447867637799483,0.060217883000929381,-0.77217067060642641,-0.63254296350237149,0.060347781888477274,0.084828468408582713,-0.0084958318855144887,0.99635934872315401,-23.140468580839208,3.465872371525557,-2.3413318742479854,,0.5341213872320927,0.5,0,1
0.5757842553375716,0.81290695015575087,0.08749160927674296,-0.81136411180124868,0.55491749905610588,0.18372492297532064,0.10080064179522391,-0.17677346981318409,0.97907628455799034,-10.624052577150959,13.505704300064069,-2.9197949019653158,,0.5841298664239559,0.425531914893617,0,3
0.38608114619896838,-0.91706227003409613,-0.099690227352550509,0.91344864491450206,0.36499587182127452,0.17997107172345456,-0.12865815813057499,-0.16054534074005389,0.97860731241551113,-16.934379036225184,13.618049630693333,-3.2804703379624924,0.2461781037050241,0.154761600692737,0.375,1,5
-0.35538632785887808,0.90231256415923655,0.24399302148087301,-0.92733594835031319,-0.3730999770115373,0.029059353936645917,0.11725441086887499,-0.21593620288032783,0.96934150814737075,1.2744925303590051,6.8589018079129511,-1.6757689353195382,,0.1713031849426735,0.4705882352941176,0,2
0.72350967890688567,-0.67613032237917858,-0.13921756960773218,0.68902979356176852,0.69502829546973965,0.205362148607419,-0.042091425638513071,-0.24450655544556876,0.96873363533628853,-19.898965491296309,4.7097018312494905,-2.4335028212393897,,0.2054430451481234,0.2222222222222222,0,2
-0.41810016693457647,-0.9009775011537311,-0.11589561175496658,0.89720322032828259,-0.42954217220437957,0.10256658193828011,-0.1421922355188148,-0.061098811058168563,0.98795156938254836,-2.8733022398495471,-8.5634954372293954,-0.2141768797717872,,0.09119616805818434,0.1923076923076923,0,5
0.97200968246471076,0.23272562672612557,-0.032186330324914525,-0.22159815425882845,0.9536743499751118,0.20346865170986017,0.078047647138994092,-0.19064106814765799,0.97855227142528645,-7.7438044758494398,8.860922223664554,-2.2929574310987841,0.5359553670302919,0.6113519399468046,0.8190045248868778,1,5
0.64176951622861289,0.76623351536853079,0.031907490745507798,-0.75837310973917693,0.62790016966983797,0.17496171967924212,0.11402681467190609,-0.13648288117771826,0.98405808196529054,17.915889711366436,3.1495024108915319,-0.37074750692327341,0.1984680001140874,0.1755197352801704,0.7142857142857143,1,3
0.97645745141942697,0.21410868827548513,-0.026235761327361155,-0.20581903300412113,0.96117400507888529,0.18380168011707756,0.064570668424011352,-0.17407470110720616,0.98261316254857445,-5.0037107854000142,9.8289902322996863,-2.2681843026563016,,0.1466944286870982,0.4431818181818182,0,5
0.82170588787279397,0.56116971675672733,0.099438336824175091,-0.55963572210569412,0.76152854654885893,0.32692832751907686,0.107737144840681,-0.32428817706841712,0.93980311014340723,-10.551188786878573,27.53642839664807,-4.3572843651371391,,0.1601844166546566,0.4,0,1
0.97339775734143696,0.22779262348510579,-0.024643999034916042,-0.21946519500289474,0.95786064574051488,0.18530518482736405,0.065816671026431031,-0.17496715128084775,0.9823719569428182,-13.225695649219078,-13.292962160892751,0.11206203674033281,,0.1490351933791117,0.5641025641025641,0,1
-0.07406721869115207,-0.97026312857482133,-0.23044198498441362,0.99377608707749709,-0.091091147262779906,0.06412091424246108,-0.083205383649710626,-0.22425847635830895,0.97097116327579691,12.081910148547962,-2.4822457798084678,-0.14866241929900056,,0.2702358136305003,0.25,0,3
0.54765648264467937,0.83638498989958709,0.023076518106603858,-0.82512997224332918,0.53530442302201209,0.18058157048489748,0.13868275279565007,-0.117937794466986,0.98328926095695901,11.244964365462421,-5.0580840827546671,0.069292267934293786,,0.120522131813644,0.4545454545454545,0,5
