axis_00,axis_01,axis_02,axis_10,axis_11,axis_12,axis_20,axis_21,axis_22,location_x,location_y,location_z,dbh,dbh_approximation,score,reconstructed,number_clusters
0.90303508513771991,0.42767201159856677,0.040302425554122383,-0.42955270285719671,0.89978242536218744,0.076655479108902927,-0.0034800112625107708,-0.086534602931855081,0.99624276761090613,3.8352796167280765,10.129292859437934,-1.4606453515127873,,0.2021860656276274,0.45,0,4
-0.99073081145906383,-0.12033057722873655,-0.063031828542903512,0.12488352842852908,-0.98940023503520336,-0.074103166190946271,-0.053446829212813886,-0.081287927123782008,0.99525660477638267,-3.5979424632385619,13.112410161111821,-1.7615030500090461,,0.08022331420323769,0.282051282051282,0,5
0.11165536971519817,-0.95807080459678218,-0.26388143510492995,0.99260415466922969,0.12025449078209126,-0.016608720002592173,0.04764525734159699,-0.26007535605284648,0.96441212073824467,-11.017520035880427,-5.6985739953164849,-3.6710749754690566,,0.1341946561912348,0.5,0,1
0.34454178395752244,-0.93058504730340075,-0.12370298639360015,0.93575079347026813,0.351000090523232,-0.034196329809587485,0.075242352615605482,-0.10397310319505808,0.99172989376385057,-18.25756367852496,7.5555819939262641,-3.1751907621898869,,0.1365793566510119,0.3846153846153846,0,5
0.84444353287161278,-0.52210093402497659,-0.11969016033724597,0.53188940289722531,0.84373422688378652,0.072154123031545572,0.063314949869219705,-0.12459201047846231,0.99018586540507247,3.8186744015273288,-10.873518452017459,-2.8771719469705177,,0.2513396506848634,0.4761904761904762,1,4
0.039073339785183805,-0.99214976339150385,-0.11879444902946415,0.99814853658986469,0.044299830819379465,-0.041677618608619904,0.046613013435550243,-0.11694602170042705,0.99204377674924193,4.7310517372006284,11.994419193188293,-1.2937106151372031,,0.112178400529179,0.3214285714285715,0,5
-0.9979639921544754,-0.0218614522405229,-0.059916168677905238,0.039213822299348437,-0.95119615046271333,-0.3060852160519878,-0.050300561664647338,-0.3078115661420997,0.95011677874110312,-8.2108024416433079,-17.170307373711474,-4.3595575832405382,,0.5935571013880561,0.3421052631578947,0,2
0.94471227100638844,0.32718588399513543,0.021636134688856744,-0.32661571231430392,0.93312461370197564,0.15033506501464874,0.028998301318740628,-0.14909008222501099,0.98839832350260848,-8.3869414795286517,15.485262302655922,-1.9192202022461013,,0.3607194240140489,0.2727272727272727,0,5
0.84703908476987599,-0.51338782521848036,-0.13768707197718463,0.52666969902339567,0.84559774107881169,0.08708322693273024,0.071720408551661285,-0.14627850559754355,0.98664014807696365,3.8511762924268238,-13.930747966213135,-3.1088878563878337,,0.09449117364262254,0.3888888888888889,0,4
-0.379278794632677,-0.90961244316884815,-0.16956650369216258,0.92528237468231334,-0.37292501610425333,-0.069133634837920302,-0.00035077663007800043,-0.18311781889276335,0.98309091205224464,-15.265304097950381,14.600601603977349,-2.4380315311660055,0.2762716266211265,0.2000663282080429,0.3478260869565217,1,5
0.97510022968962462,0.21602004875901551,-0.050148585158431819,-0.2177348187190607,0.97549490864985744,-0.031642248902100781,0.042084329347367368,0.041773457270823301,0.99824039564176292,-1.2408970431736399,-5.917331784138085,-2.8625691220540852,0.4351085106330062,0.340568891191305,0.9579646017699115,1,4
0.10715092863183071,-0.96544061329776687,-0.23757756773013422,0.99415674179095803,0.10718116239291503,0.012828529911438166,0.013078656082389692,-0.23756392955020289,0.97128385559101271,-14.003400896807705,13.24785095840328,-2.4472125389541897,,0.2493583464089322,0.282051282051282,0,5
0.34658456585629843,0.93800017638846389,0.0058998140150616227,-0.93788688067234205,0.34663444811343225,-0.014586241592707237,-0.015726975961886904,-0.00047799195324958515,0.99987620921331433,0.42254321843029652,8.2682252163220262,-1.8084303917820286,,0.09169014695088233,0.3835616438356164,0,5
0.99858128000970081,0.0031987832428523118,-0.053152563437280961,0.01207732944974324,0.95857448115273858,0.284585843281288,0.051861019345470771,-0.28482403667619888,0.95717589961507354,-23.663027042762941,17.118947056554873,-2.8955193146663221,,0.4810226431346317,0.3181818181818182,0,1
-0.755074356485259,-0.64498745027460447,-0.11770261325321725,0.65543567555916038,-0.74704905732474847,-0.11100351865824502,-0.01633374980458446,-0.16096240225117486,0.98682537142031967,3.4947400058637861,6.866229648928134,-1.6922808322718177,,0.1262827770523997,0.4166666666666667,1,5
-0.33258089253743556,-0.93190529348308648,-0.14471514743524794,0.94305517265078653,-0.32764681998104522,-0.057397758605226258,0.0060738172180276277,-0.15556376613630618,0.9878071792662223,1.6365187869859494,-10.266786557752786,-2.9938685511795242,,0.109728421928511,0.1578947368421053,0,5
-0.0055600866120603162,-0.98586046289705642,-0.16747606734476492,0.99934370160184294,0.00051687833140017425,-0.036220145023416965,0.035794573689222994,-0.16756754021346851,0.98521057036616,-1.4997640283886475,-13.482157998195309,-3.482585290023517,,0.07799144933380238,0.3157894736842105,0,3
-0.69785758972863687,-0.70904554202504655,-0.10123835139188028,0.71623296317750185,-0.69129450999894126,-0.095510433478753723,-0.0022642694435604377,-0.13916292530603194,0.99026691013289692,-19.013708383966801,5.18727214785679,-3.4415089273301516,0.4095753084315055,0.2482211040012668,0.4666666666666667,1,5
-0.99868428730135794,0.028850535177997398,-0.042395057699241456,-0.02250730829704907,-0.98944668777225864,-0.14313865002062812,-0.04607727607617948,-0.14199612204722145,0.98879420809031338,-11.430657099855583,6.6691252734160713,-2.7221961720081143,0.4113212913952065,0.1348919027044996,0.2666666666666667,1,5
-0.98891861299298944,0.14212004544469828,-0.042917007803647982,-0.13841079339061202,-0.98716556768960484,-0.079665514754130459,-0.053688258949259722,-0.072842533253973232,0.99589735224075182,4.1089858285865519,16.279014504775486,-1.0880053304215183,,0.1099890497021182,0.5714285714285714,0,5
-0.85125560121834409,0.52473836110517869,-0.0036815457414415076,-0.52045683500556661,-0.84516407885696032,-0.12174712606814996,-0.066996897617601747,-0.10172183735322961,0.99255432270233934,12.388652695102774,4.1259816310149082,-1.3162516381590394,,0.6806294986646776,0.6019417475728155,0,5
0.76876767829252279,-0.60257064394632676,-0.21425423185279774,0.63607328558223408,0.75520482365282382,0.15835545364820172,0.066385481706053781,-0.25801994765059416,0.96385614820523846,-11.367979960772958,-6.7668701836243468,-3.7602734659969563,,0.312209902217145,0.3888888888888889,0,1
0.70094010937611395,-0.67377054753128163,-0.23391496819827465,0.70055771911667153,0.7119398242517232,0.048585685448223274,0.13379777746229501,-0.19792659226042297,0.97104233626671899,6.171147619702424,-10.559794904563747,-2.6909580650330489,,0.6655273991218186,0.1951219512195122,0,2
0.98105442576306534,0.18966821962413136,-0.03947379073908993,-0.18991136094645564,0.98179813454739961,-0.0024694093848981677,0.038286925629596187,0.0099191463270513758,0.99921755482075847,-17.868267664664405,13.283406976940483,-2.7285896259368005,,0.1770752985302933,0.6551724137931034,0,3
0.35158316624425429,-0.9316301701593066,-0.09194837281108828,0.93407483148463488,0.35565173911166265,-0.031875533780646538,0.062397807658733519,-0.074679759746478266,0.9952534587147096,3.3723248500501684,12.224712220039013,-1.3545959215386492,,0.08272958370350846,0.5,0,5
-0.10795765478834689,-0.97415744870685006,-0.19839962172736461,0.99348929016544729,-0.098410388816522601,-0.057397087901189858,0.036389216797784951,-0.20330435436050584,0.97843914700859247,-17.971599683814432,9.055390477088034,-3.0505764518494338,,0.6558360783894561,0.7534246575342466,0,1
-0.29804345124124421,-0.95075703285873092,-0.085036260747217235,0.95405055186560639,-0.29381433236652055,-0.058827566505392684,0.030945850402577836,-0.098662062443861331,0.99463970953163927,-1.6106342507034979,14.635771559578213,-1.5284496701084689,,0.07858678211895224,0.2857142857142857,0,5
0.18056815012280389,0.98351693564732079,-0.0094646952477860005,-0.98297757848795109,0.18012060249343065,-0.036216691557463196,-0.033914942889432448,0.015843164213894416,0.99929913979573637,-18.076594988819309,-0.92327837320776296,-3.949507989899061,0.2017742304963524,0.1130129942497666,0.6796116504854369,1,5
-0.89696837755272829,-0.4331071618591138,-0.088689999530784436,0.44036795537541096,-0.85758769548409042,-0.26574312490216484,0.039035798299858079,-0.27741941334490439,0.95995555915389252,-9.4939849241586565,-1.3003563444988426,-3.1670313453001486,,0.3141418991310673,0.16,0,2
-0.91727616009013935,0.39609438864433638,-0.041396635307203625,-0.39242618295909076,-0.91667622715836183,-0.075540621462025517,-0.067868527746272306,-0.053046487604554105,0.99628305872095047,-16.003097628416558,9.9193335458191036,-2.8268592801159333,0.331465539256471,0.189440512151814,0.44,1,5
0.68511751728407111,-0.72240080372664361,-0.093547134032052448,0.72544941479688296,0.68827247523879886,-0.0020362709834233698,0.065856921286766679,-0.066468628718797398,0.99561276976285928,12.266597647841316,-3.7801845604791668,-1.8161266516815437,,0.07823005502034233,0.3846153846153846,0,1
-0.43501079008917903,-0.86709245006723135,-0.24272679197483421,0.90028946379258579,-0.41416279201313927,-0.13397038141298157,0.015636300395133855,-0.27680293486212781,0.96079948030880302,-0.62304814798661601,11.056811319066719,-1.68889964901316,,0.2961557871884855,0.65625,0,1
0.90282204999232418,0.42953829196887539,-0.020228736493357689,-0.42959528976029021,0.90302000687223116,0.0016595795392159924,0.018979806727909772,0.0071918649136282565,0.99979400078997993,-5.4747102464502264,6.4054769699579017,-2.3128098030424278,,0.07135233103788301,0.2195121951219512,0,5
-0.63386375639046544,-0.76914144857921118,-0.081474968008835982,0.77344221444731243,-0.63006678657397541,-0.069303573985628281,0.0019695800074779213,-0.10694520341659293,0.99426296532696901,-3.7702720068392201,11.840553979926916,-1.8531676696102291,,0.1130571842730978,0.4823529411764706,1,5
-0.75914650998477817,-0.64280986473399693,-0.10243072868330294,0.65074685691637213,-0.75311615591122594,-0.096667388083891803,-0.015003485974759572,-0.14004118503554361,0.99003200044364559,-2.702935335938268,13.799223015278619,-1.6491348999719277,,0.09843072890311978,0.3846153846153846,0,5
-0.4310024112950181,-0.89816763483812057,-0.086786065627938877,0.9021779243084268,-0.427039759532227,-0.060926485777502787,0.017661097033274939,-0.10455593482894412,0.994362178556499,4.6537043255006383,-13.275510081840553,-3.0042341390901832,,0.174221746664416,0.8072289156626506,1,5
0.54856448658810864,-0.83367619729228148,-0.063725992519572019,0.83346708619320609,0.55129432810530199,-0.037512398370794446,0.066404971853998074,-0.032535547747094315,0.99726216104185217,-2.0575913338427689,-16.031092986974549,-3.7216890761530963,0.2460029103029325,0.1947506320406649,0.5538461538461539,1,5
0.17744644522482389,0.98021499981846683,0.087700132314362925,-0.98313157292301057,0.18057512690427463,-0.029067746136088507,-0.044329103295696982,-0.081062800805229179,0.99572272893944269,11.685811481488292,7.0964077199150957,-1.1359866665163703,,0.1411183495790099,0.35,0,4
-0.63968996565368996,-0.73790354652007739,-0.21516297050160305,0.76862005859231997,-0.61573198333762813,-0.17348582139371022,-0.004466919690400183,-0.27635571412258442,0.96104503843486777,-4.6813026882658013,11.235858464366769,-1.9593645355477805,,0.08466985429708913,0.1875,0,5
-0.76004437937472857,-0.63282877754021138,-0.14785222249883487,0.64986995003772174,-0.73967002018935923,-0.17480649092937486,0.0012607215601755429,-0.2289454073573749,0.97343844747940422,-5.2415277522880688,-13.995454686557947,-3.8423001252834239,,0.1829250741264318,0.3333333333333333,0,3
-0.31399174637345839,-0.92270671055920939,-0.22365488927888,0.94912431198478542,-0.29912317641302849,-0.098429496249788487,0.023921195805239617,-0.24318234233098129,0.96968558036595742,-19.911071690432308,4.9745337379766195,-3.5296583650644018,,0.4133995424529551,0.4495412844036697,0,1
-0.030099825255640561,0.99954682638045722,-0.00037734909053623841,-0.99864503265695637,-0.03008869825496522,-0.042459027154519789,-0.042451139786423821,-0.00090117150303389382,0.99909813763251298,0.30279530868264354,3.3442308822494002,-2.1351988257572065,,0.09255985000675258,0.2795031055900621,0,4
0.18736232626933144,-0.96650801336428349,-0.17537850152618462,0.98109386074677929,0.19293871572494925,-0.015148873865272241,0.048478810834458479,-0.16922444290655136,0.98438452487990846,-6.7468924548410518,15.444714425826763,-1.8053247607091312,,0.1144047704686012,0.3125,0,4
0.94767129159270913,-0.30220176933513843,-0.1029233389553547,0.31450410036108872,0.93911164780475009,0.13840695001881154,0.054829681259965062,-0.1635341052140479,0.98501284381716148,-8.4843726968244511,-4.5002396655440009,-3.3426272968115143,0.4460971489114026,0.300263978118815,0.2969072164948454,1,2
0.47576796296031182,-0.86317201415899414,-0.16905300764346445,0.87741766856727577,0.47919488929830756,0.022594091182205227,0.061506750089419804,-0.15907964056751173,0.98534795257835162,-21.988526318696294,12.98662878059052,-3.0633708759624603,,0.1210586400495786,0.2142857142857143,0,1
0.2873730498409453,0.95776297831229074,-0.010334776218442372,-0.95771373942102311,0.28716506184173712,-0.017905881202364655,-0.0141818034577933,0.015043424869457088,0.99978626306770324,-0.42151473856439403,12.951418211108866,-1.5546466952917002,0.9156828474699015,0.7923902202544938,0.8902439024390244,1,3
0.66683473336516896,0.73679864100353953,0.11162079104333381,-0.74502500691423346,0.66244977545121919,0.078089910212997535,-0.01640662824131893,-0.13523334507422632,0.99067793198889043,-19.843404684411041,5.9160748305291477,-3.4347062216450306,0.78241326539869,0.5573762233785964,0.2727272727272727,1,5
-0.9869581028357034,-0.15092348484541862,-0.055998258625286741,0.15478492940208877,-0.98527816532639423,-0.072584864545205602,-0.044219100815600321,-0.080305906714077516,0.99578894976289556,5.191072764044022,-8.5005297855760347,-2.6155735064418919,,0.7758950086734679,0.5238095238095238,0,1
-0.84170225316985281,-0.48922527153115658,-0.2284643313606286,0.53955241825131195,-0.77816082950043619,-0.32147925499222257,-0.020506217787645255,-0.39385829574411552,0.91894240184332887,-22.601318748553897,-0.75623695274116443,-4.4756985145085686,,0.1325919257148562,0.4583333333333333,0,1
0.1977986522640372,0.96204799584777023,0.18798762418792625,-0.97781379895991816,0.20713823774981605,-0.031207771876167103,-0.06896279958140264,-0.17764403774737605,0.98167546986094412,-2.7392844149035529,17.340699036618091,-1.416649183366913,,0.2857372930719332,0.5238095238095238,0,4
-0.47052275982506542,0.88165617932507834,0.035926507546798693,-0.8802520609462342,-0.46616354003291077,-0.088588165935937713,-0.061356675973460117,-0.073307130634688161,0.99542022428298971,-11.93126874964989,-16.169208740695247,-4.6380449042004379,,0.198500090683036,0.6842105263157895,0,1
0.018068491250158799,0.99980263479864118,-0.0082596049323497532,-0.99910772911960455,0.017739293279456048,-0.038328358788404453,-0.038174274549887005,0.0089447707427862955,0.9992310622868712,7.5717035731115994,13.904890581228548,-1.0241153618742185,,0.2801236719730598,0.68,1,5
0.51077192267941007,0.85082527876226099,0.1233222932867408,-0.85819554950361221,0.51312365389097814,0.014300861154689095,-0.051112051559028517,-0.11313912160121191,0.99226362290912129,-23.738714188661209,1.1884112495041401,-4.4397182948560507,,0.3405000733850057,0.28125,0,4
0.49242015257430893,-0.86435086374164383,-0.10207829195166444,0.86870221407567516,0.49532176929049171,-0.0035788443606093062,0.053654977389939344,-0.086913343141383104,0.99476993027798832,-6.5445114431165088,-14.831026682392586,-4.0266646551305918,0.8089587517210263,0.5900129559977568,0.7242990654205608,1,5
-0.73358948586453232,-0.67259120682259121,-0.097301257617466871,0.67951138489441709,-0.72816153915201587,-0.089694206605766144,-0.01052349884219443,-0.13191603922456457,0.99120503154868034,-0.90537674257637346,7.4548093350867459,-1.950069102622852,,0.0746004518559201,0.2698412698412698,0,3
-0.8197127453217723,-0.55828906323854854,-0.12800131649818527,0.57213493397596427,-0.80864978515190689,-0.13692020412669201,-0.027067184585097021,-0.18546926117823376,0.98227721172622029,4.5595878850005107,7.5059447502913255,-1.5851000245310523,0.5102664085813697,0.215026257876733,0.1923076923076923,1,5
-0.48054530031648446,-0.86658118580550514,-0.1345855220730123,0.87696018548551324,-0.47412489061623075,-0.078399114608280071,0.0041288517719497674,-0.15570047047479588,0.9877956853909482,-19.223707056801327,11.990554981514565,-2.9192252998628079,,0.2555245614648813,0.4117647058823529,0,3
0.98996546319568202,0.13256277637051006,-0.048943763654828068,-0.1331236234105761,0.99106411058939337,-0.0083683685203843668,0.04739707343071594,0.01479996697955605,0.99876647841605415,-1.5924769579709244,-12.121747971973184,-3.3908685104046778,0.3366926702305903,0.2955582707971068,0.7295081967213115,1,5
0.51948454469271421,-0.84613781182320091,-0.11910756159223701,0.85184081724414784,0.52377104828880339,-0.0055777281459323457,0.067104619082633057,-0.098563139040379499,0.99286568966818523,-20.623742965873792,12.393447869022614,-2.9907141095075329,,0.26122454487241,0.4210526315789473,0,3
-0.37582170602701115,-0.92103632650209533,-0.1022258800034106,0.92649038009072604,-0.37114583454552219,-0.062179941290172798,0.019329275162000486,-0.11807986603580101,0.99281595694200953,-5.7416797378151783,10.578913354444792,-2.0687139002492754,,0.07774262028427086,0.3137254901960784,0,6
-0.17365647704386439,-0.94853915308230807,-0.26479596494397456,0.98384489627103799,-0.15521996560426021,-0.089196313596704185,0.043504575186331142,-0.27600767624779754,0.96017035706698761,3.481174593246974,-14.972298737328806,-3.2136388785173979,,0.2189086111125465,0.75,0,2
0.94928321748907452,0.31239219146014385,-0.035672001742524363,-0.31132243272744853,0.94974733291474323,0.032532237887894375,0.044042205601594657,-0.019776813091599871,0.99883390100140579,15.733913236193128,-1.49241473550986,-1.4776798464802734,,0.2001551486962391,0.2926829268292683,1,5
0.6454728765194151,-0.74001263979189613,-0.18906628103916698,0.76095359628051951,0.64435546005303934,0.075866101834613647,0.065684016210156418,-0.19284017747364043,0.97902925184411027,0.17492944617150014,-6.9716904831262658,-2.849797548257591,,0.08359912719198778,0.2131147540983606,0,4
-0.50128441298978521,-0.84714663319313599,-0.17622859916318717,0.86521582673404396,-0.48821013952871178,-0.11424724430059136,0.010747579374430622,-0.20974613591408212,0.97769680781247315,-10.481880564984094,-10.612731966549516,-4.0399124022607014,,0.1352839587273514,0.2857142857142857,0,1
-0.99161608355611308,0.12423123875123547,-0.035554776770062177,-0.1169557851294025,-0.97986173734775917,-0.1618404152447587,-0.054944400602795609,-0.15632522189385942,0.98617622048102294,8.8862554418471476,3.4774443273321065,-1.5635604352504804,,0.077103229078209,0.2727272727272727,0,4
-0.74245707851008258,-0.65156506098297529,-0.1556292320758679,0.66908584845855257,-0.73267787330551326,-0.12452815489281374,-0.032887899944683482,-0.19658612686240462,0.97993483495713463,-6.9872233120065026,18.090862145973652,-1.6647982759377562,,0.1140934289762812,0.2222222222222222,0,4
0.22237919045825291,-0.96162275627306015,-0.16071456147136937,0.97290001382270697,0.22958427354961672,-0.027506807202416494,0.063348707602508977,-0.150242257559241,0.98661755776419979,2.54133707619452,13.440562537189541,-1.3414670398175359,,0.1171671428879711,0.2380952380952381,1,5
-0.079122479677826138,-0.98229769954715929,-0.16979653316245988,0.9960985407606664,-0.071228688144286831,-0.052097707048526024,0.039081073476839041,-0.17325617867655482,0.98410109554165981,6.3139803885227268,8.2243822275211613,-1.4141407084002091,,0.0750564151334725,0.25,0,5
-0.55972598024888365,0.82731897437135282,0.047435658312701148,-0.82666717730934669,-0.55346729319421795,-0.10146592198202913,-0.057690597100599532,-0.09600661440441928,0.99370746449685976,-31.90743991246714,-0.5823083166343781,-5.5494654702278359,0.4329875402995689,0.3644068423924903,0.6842105263157895,1,5
-0.23625511961114282,-0.96351169467667974,-0.12581229144562323,0.97042968086827364,-0.22736709850484604,-0.081058232200000024,0.04949497901228038,-0.14124240418076109,0.98873698743084015,-11.946972688686127,9.7543217055635445,-2.5665786923030174,0.07914499129702578,0.1641781609294539,0.5,1,5
-0.87516138957364131,0.48239995000593178,-0.037186428086182922,-0.47840200736451344,-0.87426305208882371,-0.082435642181884997,-0.072277669782156037,-0.054354429319147864,0.99590237195432574,-11.402802118635943,16.759591192298551,-2.0211780354638358,,0.1254676567699037,0.5238095238095238,0,3
0.99545050804048385,0.090254095259836645,-0.030536606405621732,-0.085906566944173784,0.98879787164813138,0.12206076675161651,0.041211015491124547,-0.11888215725227515,0.99205276315790603,-20.831895873017565,4.4849656601342192,-3.6850697465719731,,0.2668581014900814,0.48,0,4
0.98298597480199779,-0.16651817235064462,-0.077525941590988509,0.16861378120095946,0.98545261152597263,0.02127306338440799,0.072855789966778564,-0.033983065100768227,0.99676335464074695,5.2516835806462767,-20.609157169044824,-3.5006781308699559,,0.3359817800270952,0.9130434782608695,0,3
-0.94413713546807576,0.31863242288494575,0.084133516012381462,-0.32953076421583688,-0.90983565408132339,-0.25220737102181734,-0.0038137731268375421,-0.2658429266481982,0.96400881400828364,-20.000912675236577,15.874176617456179,-2.7034683168223301,,0.2993740407655204,0.5555555555555556,0,3
-0.0011542037275623603,-0.99412422732782657,-0.10823903387229927,0.99907084915928535,0.003516862587657875,-0.042954278456118898,0.043082550689363189,-0.10818804147128738,0.99319647679032119,-9.0686560968201864,9.5017201230666384,-2.3566322106854503,,0.08827796815541643,0.2857142857142857,0,5
0.93081360660478063,-0.35641586677370346,-0.080955294276225581,0.35775041567433186,0.93381480907138947,0.0021313009658887089,0.074837623186758906,-0.030945634117176702,0.99671545482391422,-1.9134603549319036,9.1007322106766058,-1.9046906541237181,0.7115430417316676,0.205074608786088,0.2446808510638298,1,5
0.76195891754331291,-0.60177745122494319,-0.23933764261693896,0.63573915564863881,0.76550132336925436,0.099214161766733658,0.12350843676194033,-0.22775342613697605,0.96585404846254619,-25.360746298567204,14.196535022113013,-3.2785272378651222,,0.4403848846995313,0.7735849056603774,0,3
-0.81607937637084349,-0.56575965424070673,-0.1180273912937625,0.57767241488291643,-0.80472254678045807,-0.13680717739399714,-0.017579321531695377,-0.17982668416174727,0.98354121983670617,0.43969558774394046,6.2631253810023493,-1.9179775258276148,,0.07377849361895007,0.2325581395348837,0,1
-0.86778198537501328,-0.47905425111990269,-0.13214178121453743,0.49655517307128799,-0.84641564766078525,-0.19238895885969642,-0.019682122719482841,-0.23256735772443179,0.97238111775493274,-19.945355396730672,3.5969611921290578,-3.6696067047756187,,0.379590296544753,0.6282051282051282,0,5
-0.90251796077557078,0.4305145161785644,-0.010889528779631202,-0.42564459029073304,-0.89558314823713026,-0.12945079122935066,-0.065482923222317205,-0.11219659510523239,0.99152605150497852,7.9188104336748903,3.3259543826835176,-1.6467491505832779,,0.07505920114423194,0.1666666666666667,0,4
0.24416339381570562,-0.95528955771015434,-0.16675160584035062,0.9652829773641094,0.25587913902112414,-0.052484662758654439,0.092806307606100313,-0.14814765318339412,0.98460106750133869,-1.4717765398344393,-18.139347634411994,-3.8509972960653305,,0.2123750857421301,0.3684210526315789,0,4
-0.92216254493264549,-0.37957170641422355,-0.074441657780720941,0.38581254146805605,-0.91636833304948384,-0.10685392379351859,-0.027657251658598132,-0.12725721148094524,0.99148407882163603,-1.924561105541527,-20.301785024743353,-4.0184968679908959,,0.1253080417480135,0.5238095238095238,0,2
0.42197614066982597,-0.89764330171081519,-0.12717169338774095,0.90462667461637636,0.42615764954848184,-0.0063432880929184393,0.059889200010650095,-0.11236618986607895,0.99186043529171186,-22.837455132140903,7.5856061736683174,-3.5837140836551824,,0.08428885398122696,0.1538461538461539,0,1
0.87330727004762065,-0.48445501528648371,-0.051359032757091687,0.4862279800341584,0.87331397006572831,0.030084233743561815,0.030278102877712144,-0.051244978796053366,0.99822702259271556,6.7119527025234449,-14.490551207261184,-2.9382129811392099,,0.1989183685464888,0.7894736842105263,0,2
0.8135684011803157,0.58089889393859551,-0.025747458550725813,-0.58116752966638008,0.81377493430409309,-0.0038286759912706555,0.018728562742035888,0.018078476685968362,0.99966114739862355,-17.722266356149333,6.0586281192224041,-3.2607228959117216,,0.1107972734448843,0.5643564356435643,0,5
-0.85391859933342018,0.52040225672356832,-0.0021253022061201942,-0.51523556572205276,-0.84600085578321771,-0.13716728410645093,-0.073180171682815556,-0.11603466383404916,0.99054561695128052,-10.55978557210006,9.0265478194720163,-2.5242376845647967,0.5465897177368919,0.2623967144818228,0.3815789473684211,1,5
-0.2403305807348691,0.97029911978069516,-0.027583149139438191,-0.96931832762857473,-0.24140450441970385,-0.046323265960205418,-0.051606120634895225,0.015603954584817855,0.99854560482450228,-19.282112365067146,9.9043292727517702,-3.0791469631267767,,0.09723116832294174,0.4,0,5
-0.14417604789573718,0.98955099328673801,-0.001448757535413895,-0.98822151692073812,-0.14405793285087951,-0.051628920941725276,-0.051298155015960578,-0.0060119604092023458,0.99866528708271263,-11.964822670976151,8.2042678568818879,-2.6533977467400849,,0.09346420625518828,0.3802816901408451,1,5
-0.86172690786922368,0.49955507991486009,0.088721239764811249,-0.50703485247447355,-0.84150816766855341,-0.18649306186371531,-0.01850390851512658,-0.2056908502543866,0.97844206751922325,-7.2327734678451279,-17.606707016997099,-4.3098507090064837,,0.2732931702929503,0.3,0,2
0.64655264811593494,0.76240139167056398,0.026716870944404263,-0.76279863712417262,0.64561922215959522,0.036249954200585632,0.010388090092856114,-0.043817096627083989,0.99898556026971475,-19.029280233462273,-1.3678910092386334,-4.0964078966445658,0.5774572202806643,0.258392410695461,0.3508771929824561,1,5
0.22076644241737337,-0.96416040573212536,-0.14716280073727767,0.97391445765706353,0.22603974897236589,-0.01991635134901415,0.052467199934093607,-0.13892711723408399,0.98891174986856256,-26.254806985310363,1.0676101149407233,-4.8205732634895417,,0.09953957915126009,0.3478260869565217,0,1
-0.73270548889395248,0.67415401386966223,0.093053920541249502,-0.67834271887163666,-0.71248060716077699,-0.17950637920042317,-0.054715832247254861,-0.19464775879324558,0.97934591830377093,-25.776805632862686,0.1486010055951649,-4.8072117959102201,,0.4882898571405248,0.2888888888888889,0,3
0.97861559192162362,-0.18740853897621396,-0.084791289450575388,0.20086344658502026,0.95949222698043513,0.19755642786331185,0.044332821632252148,-0.210363271230807,0.97661757870888077,-16.671459556555188,0.16867466332238545,-3.7186616616417498,,0.304930468140833,0.2083333333333333,0,5
0.38513111060040933,-0.86770674232504452,-0.31425950577723855,0.92099405379800681,0.38303509562708454,0.071091971323523129,0.05868543700450516,-0.316810866040938,0.94667148189959838,-28.254691293049014,2.7901817027711813,-4.922834233765327,,0.4220529699501342,0.44,0,1
-0.78971769685012394,-0.60749311505081871,-0.085428768266833016,0.61330488242751202,-0.78504693970037254,-0.086939195174872835,-0.014250630593454971,-0.1210513016573212,0.99254395464118195,-14.20526702904251,9.3236264239878874,-2.7337477906780636,,0.08491896578354338,0.3333333333333333,0,5
0.39852119483233006,0.91687439069219079,0.022851891874348839,-0.9164609115669059,0.39906621608019888,-0.029078389800476695,-0.035780648951192269,-0.0093545110111077634,0.99931588513561376,-13.736433381122543,14.844444797155086,-2.3172617962689714,,0.1073891253409004,0.3333333333333333,0,4
0.90327894304005873,-0.42283397513752935,-0.072791349278805109,0.42416994771910216,0.90557684475687517,0.0032301226223486997,0.064552354816906646,-0.033793604566198614,0.99734196030148792,-13.124100033308446,7.4916241571110147,-2.7967987621074206,,0.09099510071055514,0.2941176470588235,0,2
-0.99771052014630268,0.057927192038159901,-0.034902126181200373,-0.050739832683918268,-0.98236055766528696,-0.17998112157322069,-0.044712273131683578,-0.17779813037858577,0.98305067899131082,0.83044359609407992,5.3118349145443116,-1.9647367137080103,,0.1564286495367616,0.1851851851851852,0,2
-0.8550258940633555,-0.50810779295779973,-0.1037168800953541,0.5178038413351771,-0.84746402861516712,-0.11697821208193881,-0.028458783875901655,-0.15372439929596679,0.98770385575910347,-0.32066614621110268,9.7608401821220419,-1.7509500307944768,1.048985045284165,0.7589258587633203,0.8935185185185185,1,4
0.31501876233384901,0.94645529273600881,0.070608485535709045,-0.94886904508154268,0.31566274635011787,0.0021367856099835363,-0.020266096409813406,-0.06767133380315192,0.99750181750090616,8.285830651573848,-9.8689303615154884,-2.5160877689565289,,0.1024985034595324,0.4375,0,3
0.93969479401970624,0.33984585412209189,-0.038451131690596885,-0.34032438588991765,0.94028582885270717,-0.0064708907754368484,0.033955948829508406,0.019166520153722867,0.99923952986472897,-16.56635062387527,17.735089127389784,-2.3217303721481555,,0.1576160570939614,0.3157894736842105,0,1
-0.48699201038835516,-0.86459568283249522,-0.12374605870620449,0.87331764840305648,-0.48001030577281206,-0.083104701068270878,0.012452582288966471,-0.14854094243440963,0.98882785236614057,8.1268439615059105,-8.0128769179830943,-2.360235502713564,,0.1248865800989326,0.4285714285714285,0,5
0.49404565791791755,-0.86543882285548657,-0.083273836148956087,0.86720057590866917,0.4973737374197249,-0.024135585114270084,0.062306091484906345,-0.060291037639485387,0.99623438092861949,9.7907465844660102,5.7287748267227494,-1.369734820836106,,0.2514417516530774,0.9166666666666666,1,3
0.033732203072907474,-0.96387949952256524,-0.26419396071064444,0.99853473682658134,0.043695094950912089,-0.031923628050403594,0.042314510826876671,-0.2627299927251554,0.96394109420447571,-8.5323043116090656,3.1255273014109735,-2.7881470417561247,0.7626901997613195,0.5465122588694912,0.264367816091954,1,3
0.59637869001644939,-0.79998449915587444,-0.06600953873939916,0.80011201131346277,0.59904234441901383,-0.031129390371421359,0.06444553860577662,-0.034250119755935678,0.99733329526819425,2.9735415721381893,-4.6313628417149264,-2.4812660012495131,,0.08455536594456189,0.2688172043010753,0,1
-0.97601326117930087,-0.20447110745663319,-0.074764163993199587,0.21291772949583435,-0.96813992388346126,-0.13179957605873643,-0.045432966758542297,-0.14455675009622304,0.98845292833454312,-11.514897805722326,10.686177841684263,-2.4619978941773488,,0.08195027895549413,0.2857142857142857,0,4
-0.82850102876545895,-0.55678555909946914,-0.0597987166490003,0.55986401707669808,-0.82133919718293946,-0.10933528960782346,0.01176128042853436,-0.12406354963959167,0.9922045695991859,-21.658317427527042,0.11021697773157363,-4.2948188865325818,0.2035773323292772,0.213192266869601,0.4054054054054054,1,5
-0.68413970697564608,-0.72076877006131324,-0.11155824238297453,0.72933776372685266,-0.67699825149246717,-0.098690394051575606,-0.0043917810954261323,-0.1488816562926529,0.98884526831975361,-0.3056703334935888,-3.9757075680976115,-2.6652900083621542,0.396198220711526,0.5117491123149315,0.6991869918699187,1,1
-0.63442845983795415,0.75530458801587541,0.16436395185627053,-0.76890369851743623,-0.59483675227353394,-0.2344276872531951,-0.079294588427261517,-0.27510764705264645,0.95813785583250388,-0.52456875721897811,-11.817144094212502,-3.2824598337511168,,0.6407776428982611,0.5371900826446281,0,3
-0.3552641661987796,0.93474661619358557,-0.0060113001694565311,-0.93243755244046611,-0.35482553102996234,-0.068257258428227732,-0.065936204121244901,-0.018644195985525937,0.99764964338295359,-6.0173977842061506,9.4439990623423551,-2.1465206351878927,,0.08700522688442754,0.35,0,3
-0.6532472599896304,-0.74777417695288173,-0.11875098988420783,0.7571431617072536,-0.64485064316889018,-0.10441207154639967,0.0014999986607805995,-0.15811839958432217,0.98741902033377327,-6.2581308882403421,13.955117828710213,-1.8634099997737847,,0.2483755520203204,0.2580645161290323,1,5
-0.13625431134775318,-0.97178747149110223,-0.1925197987015326,0.99027459411554986,-0.1280858999073716,-0.054316024285660763,0.028124560235339744,-0.19804825800255826,0.97978869998266449,13.372687401261546,8.1472891167278014,-1.0079356791696472,,0.1846664926328866,0.25,1,5
0.59557147730633719,0.8027944854855471,-0.028559227810692318,-0.80329560222896357,0.59504460719543961,-0.025260460946539425,-0.0032849442542863829,0.037985912146753766,0.99927287545476062,-18.767272038717948,13.943525043859438,-2.7542039076398837,,0.07097262760384561,0.2,0,1
0.43501061770151694,0.87823221115663697,0.19868051181197757,-0.90039919976647287,0.42595721873158682,0.088553536746684203,-0.0068588298448171393,-0.21741350256452682,0.97605549296942362,-19.134648808635799,-0.24176436177986463,-4.0105586388858754,,0.2556176751601364,0.2857142857142857,0,5
-0.6835921399835907,0.70497381369647982,0.1889807084199239,-0.72688856183562534,-0.63423071503526074,-0.26340922303214548,-0.065839234694759718,-0.3174323898219954,0.94599253330388688,-23.902644387882834,9.3881606163251679,-3.5588208959339425,,0.3944414158782559,0.1111111111111111,0,1
0.12650745422029044,0.9909958237347064,0.04385363573378534,-0.99155998871809525,0.12759628665166806,-0.022977737183536007,-0.028366402663563776,-0.040576655518607528,0.99877368919433007,-3.4403902168639267,2.2946054043667568,-2.454555382307932,0.5228027358928572,0.3780115471498536,0.6651814131126671,1,5
0.96730327792336257,-0.23620111664135546,-0.092376409413308297,0.24686674296400452,0.96036921521290119,0.12941322069132141,0.058147912577000284,-0.14798649589990751,0.98727849024183889,-7.0863103948860742,12.553898262347827,-2.0325317194259447,0.800145648796703,0.4950438161054569,0.1739130434782609,1,4
-0.37780873738647081,0.92525361741179901,0.034151155482963373,-0.92403332867360954,-0.37446638685746897,-0.077054088887495542,-0.05850611467881258,-0.060668513912022215,0.99644185277661679,-16.002493919601537,12.089396719994685,-2.6786187009306235,0.6001449842648691,0.2398341767969629,0.3529411764705883,1,2
-0.45858841998192257,-0.87838043056483572,-0.13470144861588459,0.88863384945354529,-0.45240301615240303,-0.075242226054141825,0.0051519572841696492,-0.15420548037259396,0.98802536766987914,-11.091845523630665,12.412087155733818,-2.2950263365117629,0.1654293573776333,0.1254312797261719,0.40625,1,5
-0.89719451213800572,-0.39510521074065391,-0.1973166993313791,0.44077672422000874,-0.82895658276632234,-0.34430635090607875,-0.027529743466378244,-0.39588237689238598,0.91788847737114054,-0.2740014856131896,5.5723783838514214,-2.0142385182311564,,0.1101580967291224,0.25,0,1
-0.49046695808626783,-0.8391705242291162,-0.23502126348616434,0.8713830570072999,-0.46867390080176075,-0.14503910737409323,0.011564211439421853,-0.27593043683561114,0.96110803921385057,8.6682006609353035,-5.5886733037501584,-2.178604362383616,,0.764613355092731,0.3725490196078431,0,1
0.50393386694881093,-0.85906736446736676,-0.089743640716828235,0.86146369241743936,0.50742619215585627,-0.019974137296009824,0.062697403363535895,-0.067245243856358217,0.99576458703358672,-8.9324085998667151,7.0902001254398437,-2.5208476517778808,,0.08689136885924212,0.2661870503597122,0,5
0.54169584194009179,-0.83631438381733536,-0.084521395191067369,0.83782739410461593,0.54531181752619728,-0.026082165441974722,0.067903405751717869,-0.056685739710307173,0.99608024496062164,9.9742713648625916,4.9214633804382357,-1.3991063079364277,0.7580566698034182,0.4645441274516985,0.5074626865671642,1,4
-0.66124079663153523,0.74983353868920055,0.022589225903612058,-0.74805667550434563,-0.65681507975336662,-0.094895528039867866,-0.056318905382466651,-0.079646815789525011,0.99523091070922354,12.926382150774801,-2.6481728468454655,-1.6943228472649798,,0.2410487698250385,0.2888888888888889,1,5
0.94781236546487957,-0.3042184068505685,-0.095409018468759335,0.31275344857637954,0.94528568561891402,0.092845317423993476,0.061943524887206176,-0.11783943948136484,0.99109881758948049,-26.342245332802701,-3.82634791630174,-5.3571236966473448,,0.2141310903323529,0.3333333333333333,0,1
-0.61374549714088944,0.78825176520332108,0.044447940257473291,-0.78665785116623199,-0.60578706631838486,-0.11912789547327488,-0.066976786559296023,-0.10807953060230202,0.99188352397193136,-15.186573143550392,11.165071947239264,-2.6596657833231285,0.2308458317761739,0.1370270763737999,0.2916666666666667,1,5
0.48554449349665241,-0.83288761928381172,-0.26560263266546047,0.87203330748999353,0.48287584594716454,0.079930144681919293,0.061680268020993828,-0.27042398385600791,0.96076345345371239,-3.5044278871670427,-15.980862314343515,-3.8374980889443369,,0.4609551839811252,0.2205882352941176,0,4
-0.068415257378284133,0.99352889269135969,0.090662516760478137,-0.99661467736795828,-0.063908164588684604,-0.051719738530527047,-0.045590979509368169,-0.093894014113714522,0.99453777037425284,5.7714345960658573,-19.76215760600779,-3.3890526463272646,,0.1210259823109058,0.4,0,1
0.9350046972649243,-0.34915935750681054,-0.062080263836098271,0.34952549548055473,0.93691234101532295,-0.0052147159328743481,0.059984532186230642,-0.016822851084736069,0.998057537209043,5.1221914236506434,-5.6161732982438384,-2.410549147979975,0.2900633656632556,0.2378107505791029,0.3214285714285715,1,4
0.040295302467489753,0.9945151542099675,0.096518892688321159,-0.99027849248926259,0.052620141186143159,-0.12876190451661301,-0.13313450308709807,-0.090392083659336459,0.98696731217375,-32.623269032291795,4.9188138238579118,-5.2863766066080382,,0.2372009853285714,0.3,0,2
0.077599449906296358,0.98884214799036485,0.12715947362285648,-0.99586659781624753,0.082917943671277333,-0.037072010617438235,-0.047202168680398539,-0.12375710474606529,0.99118925251272727,-10.442070204065333,9.7224156988093053,-2.4425482325852426,,0.1163617088582596,0.2222222222222222,0,4
-0.014286924970180389,-0.98959825966059023,-0.14314736550711357,0.99976004420824005,-0.011760311315392274,-0.018481046574879898,0.016605353944865571,-0.14337705379347068,0.98952881851205809,7.014850968518922,-12.898356942269317,-2.7950915835599335,,0.1084546227928561,0.2941176470588235,0,3
-0.99159498967975002,-0.11278917889272615,-0.063387519013769156,0.12097082303303446,-0.98199946283686657,-0.14506245193989936,-0.045885034779616203,-0.15151124087938153,0.98738994701711591,0.94456589496618859,7.0082744298179396,-1.8330126663521871,,0.09434564948505775,0.2307692307692308,0,1
0.31058093654364904,-0.94731842043420911,-0.078277021926643292,0.94891859687732871,0.31381391504718481,-0.032776870245938436,0.055614551657193714,-0.064098650756413064,0.9963926859502612,-11.833840696556972,13.662912446846555,-2.2753473055626419,,0.089688176958073,0.4848484848484849,0,5
-0.6149443020389278,-0.77055172366645741,-0.16761129599315935,0.78849368883180926,-0.59786679047773783,-0.14433642477300671,0.011009453313449989,-0.22091931105835744,0.97522994721206069,7.6359521189697981,4.2536206165003243,-1.5936322570125354,,0.4456149994560545,0.7058823529411765,1,3
0.00013602918410508978,-0.9753742814876657,-0.22055609832530407,0.99910980261995652,0.0094367454823107693,-0.041116300215529707,0.042185113544620845,-0.22035416684765055,0.97450728953051191,-5.4613577047371189,-12.787517615955016,-3.7790780877920334,,0.1011343770060244,0.375,0,1
0.28867592492528193,0.95476969695447023,0.071281387093698897,-0.95708564981447752,0.28975967636514754,-0.0051370100218065982,-0.025559133156901354,-0.066739461566854633,0.99744301841360028,-23.655494499996653,11.845132962327579,-3.3364973060217293,,0.1861484358922673,0.1538461538461539,0,1
