axis_00,axis_01,axis_02,axis_10,axis_11,axis_12,axis_20,axis_21,axis_22,location_x,location_y,location_z,dbh,dbh_approximation,score,reconstructed,number_clusters
0.83837624129538946,0.54156299944865161,-0.061925726960561374,-0.51502454458589786,0.8242125274096922,0.23542180896215939,0.17853570092702134,-0.16547878199064267,0.96991843791392562,-11.184276071605082,-6.1629827032795426,-1.5731832469598852,0.8285439245880494,0.6871578973559096,0.8309178743961353,1,3
-0.54003456176887332,-0.82531334967137382,-0.16498650535518636,0.82112384133148197,-0.55966800942799821,0.11192567364073747,-0.18471142166128104,-0.075030620929846178,0.97992453619181774,-1.7233135756160982,-5.2581669967315934,-0.62004105779026375,0.3333357152928482,0.2742826721119426,0.8880597014925373,1,5
0.32937898870881899,0.94170968134376887,-0.06850078729894124,-0.92800631860532901,0.33625552984778578,0.16042596820768015,0.17410845592831592,0.010728220271978308,0.98466804094783911,10.309690289007095,-2.8332260042562676,-0.15819342840967346,0.1826487537826579,0.1440017797958364,0.5227272727272727,1,5
-0.41273471827169411,0.90823424026068156,-0.068997225678197063,-0.90829750798751863,-0.40472657363109632,0.10579242685795918,0.068159293693884085,0.10633421563605745,0.99199160544241272,-1.5809299767975677,-6.7232911214829629,-0.40412249017539403,,0.1115786786512158,0.3636363636363636,0,5
-0.91888399218393191,0.39311285332343787,-0.033384030014756358,-0.38758525986681747,-0.91528106366304529,-0.10971891739265906,-0.073687687181051981,-0.08787979888319454,0.99340186516140461,-3.8258944648380333,-11.382749786084526,0.020235406238142812,,0.1349821099651437,0.2142857142857143,0,1
0.84380190396580201,-0.4436936978280438,-0.30188449673900553,0.53489286082336918,0.74089122525105122,0.40616476925773187,0.043450826273821554,-0.50419846772245502,0.8624940178589352,-15.312868496462242,14.463050321991163,-5.269567171451162,,0.4021413085682914,0.1818181818181818,0,1
-0.78091606981075112,0.62012790431678178,-0.07490977372149403,-0.62450609707037474,-0.77756430097645535,0.073388640598686911,-0.012736821944936735,0.10409197920431555,0.99448611515298191,-7.5354824216881369,13.936447372894088,-4.4227153926756939,,0.3870227787344796,0.125,0,3
0.1158026402608486,-0.95149803103620756,-0.28502849935197172,0.98629178741117329,0.076191872900226942,0.1463670338198757,-0.11755108929265388,-0.29807095705247111,0.94727791379717818,-26.502994905623247,3.4111918231714258,-4.9259848161851156,,0.458050470803262,0.845360824742268,1,1
-0.4177056146947708,0.9085543474522888,-0.0071426310284388459,-0.90325997638090483,-0.41439621645911268,0.11134267309858674,0.098200990426931534,0.052960112442449338,0.99375640474376414,-5.0784811156431644,-12.494954172458309,0.059641390302982079,,0.1589027867708397,0.119047619047619,0,2
0.14410324471616548,-0.97006524084587664,-0.19546785762601704,0.98306322396298307,0.11773404348465336,0.14044711708063021,-0.11322964520733704,-0.21239614758131969,0.97060132080006734,-4.4509530297154107,-19.85993000350517,1.2416701768061784,,0.1020349538551698,0.2666666666666667,0,1
-0.9420583731012081,0.32044475575399667,-0.099202722642402208,-0.32765900765669631,-0.94238506807998734,0.067453377686413116,-0.071872083393575606,0.096049684901295784,0.99277835474945131,9.5367392841196494,-7.3782901207763967,0.57053253465249221,,0.07711635573464744,0.2692307692307692,0,5
-0.85475778939366853,-0.47338590737730291,-0.21282599504622779,0.49075000076410691,-0.87061876046421516,-0.03445882583291171,-0.16897798146764068,-0.13389830702559913,0.97648230150617688,4.732318836098468,-5.3345604685194186,-0.051063549720485713,,0.1375532293336911,0.3714285714285714,0,2
-0.69825670275289453,0.70794956828890454,-0.10604237747339759,-0.71502111865432572,-0.6968714389877968,0.055812161769590987,-0.034385708353521255,0.11479375541653886,0.99279404549906258,-8.8508734612165245,-9.3911728551406064,-0.83926025901032042,0.07431014261478193,0.1522581417061895,0.2278481012658228,1,3
-0.90944107946736619,0.40533261413832933,-0.092856851621306163,-0.41000988553013956,-0.91130221274707657,0.037685153706008598,-0.069345632485362005,0.072344653970226921,0.99496604680618872,-1.9975169797687613,-11.046615460345425,0.1670015308104513,,0.0766202468067628,0.3414634146341464,0,2
-0.48866856668210068,-0.82579462091745048,-0.28154267172254127,0.85316645050363571,-0.51979711826619046,0.043794561045779445,-0.18251038236738656,-0.21880173652411802,0.95854877832176166,-12.26379968351501,14.307410028222627,-4.8889563465362995,,0.2288841428434376,0.2,0,1
0.36887229675327626,-0.90164317544027417,-0.22577159447092329,0.92675071824130972,0.33817325205855003,0.16362138561741255,-0.071178191373345148,-0.26958938364506224,0.96034120462401062,12.734823444776566,1.6969128958953037,-0.76907439529831745,,0.1042167068309187,0.2272727272727273,0,4
0.50500761595011479,-0.83279779080632399,-0.22674908480628578,0.86301371769295476,0.49123424844779678,0.11788229818642949,0.013214798756210644,-0.255219029031997,0.96679295421191302,1.8113033438821329,-12.117415349150564,0.69948534432407139,0.6306166428674128,0.2466568084560884,0.9193548387096774,1,5
-0.93416371063759407,-0.29384168044085973,-0.20247278474771269,0.31736819183446024,-0.94353775038684595,-0.094941794835867802,-0.16314285929677413,-0.15294960094953688,0.97467472883513862,6.9718962543038936,-15.096458844941743,1.6631179911268328,,0.3358256478371755,0.3571428571428572,0,5
-0.82910069192067237,-0.484490917258381,-0.27903511203931675,0.50776470804418161,-0.86139651817407814,-0.013078216330281346,-0.23402359693301986,-0.15252734040724364,0.96019183838794608,-13.079162891052952,7.261096226926246,-3.8410710095399128,,0.3101016974677628,0.3235294117647059,0,2
-0.98786508609803114,-0.065911537540999723,-0.14063513390156188,0.058949533314654988,-0.99684701779432672,0.053112857544489064,-0.14369246393083118,0.044177962079958145,0.98863581943805157,10.925371028117855,-4.8152908669113845,0.19146897341651722,0.1730517576207163,0.1122172940283671,0.4444444444444444,1,5
-0.86624614063218264,-0.45823153196785515,-0.19910170001845945,0.46534172278659447,-0.88504521014700999,0.012331140654401685,-0.18186452340644205,-0.081968525094861605,0.97990124809590895,-9.9753974339858829,14.162166346244554,-4.660935448221335,,0.2369966382772863,0.4210526315789473,0,1
-0.010808296068481308,0.99618578784112299,-0.086585546365764529,-0.99120999464622772,0.00074445700402639078,0.1322958513982799,0.13185570616974701,0.087254351680194561,0.98742126312093725,-2.9118981959001196,-12.054436374768938,0.21180260626665304,,0.07096061069074806,0.1481481481481481,0,5
0.9638620765106326,-0.22824976048505377,-0.13737519537065845,0.24739149494690788,0.95819811515669195,0.14371437067355736,0.098829882588947537,-0.17250628669320456,0.98003787445117452,-8.3942795483226718,-14.316868807401322,-0.055524469298813446,,0.07712224000678355,0.303030303030303,0,1
-0.98101297156596245,-0.1242229266120469,-0.14893694680386702,0.12895012990794164,-0.99139632135895905,-0.022476609901153927,-0.14486343091355006,-0.041255284508310751,0.98859121374008452,28.705191508054188,-1.4099882580971075,1.0225500802142005,,0.3029448011341206,0.5454545454545454,0,4
-0.86560225917827838,0.48713943097238127,-0.1158788319641046,-0.49790533255313346,-0.86190627748388782,0.095957535655209841,-0.053131993380771438,0.14075774801328605,0.9886173413680408,22.224648047969271,-2.036555892753853,0.29352275185743726,0.1830115284438742,0.1469882838760743,0.6086956521739131,1,5
-0.13883891842907631,-0.94436150856279455,-0.29816957570222941,0.97403848788839442,-0.18458379590607257,0.13106428346805973,-0.17880933656141923,-0.27223181928993639,0.94547187040363956,-2.5842499082439883,11.057445567032021,-3.3847886544701895,,0.6871017487503969,0.7205882352941176,0,2
-0.51514931586961221,0.85708584239580976,-0.0050041106838101621,-0.85119133576500627,-0.51090460489068867,0.12020729853080504,0.1004713505316583,0.066184163257946793,0.99273620073823754,7.9856632829643388,-13.337825635889676,1.4706851564850976,,0.3382448235608818,0.2142857142857143,0,5
0.38836912306797394,-0.88415432143759154,-0.25969320385917988,0.91965264869016483,0.35402518201683036,0.17001522359811078,-0.05838176088966808,-0.3048562060729334,0.95060731304479229,3.5088321543245162,6.1242471985889271,-2.0493964475446584,,0.2373188006497298,0.4230769230769231,0,2
-0.91761768662709142,-0.35307695195369582,-0.18252245666829942,0.3531707177976956,-0.93497312070051719,0.033101475160408948,-0.18234095886389312,-0.034087087975103507,0.98264431263503071,-0.69417072127633028,1.8787662737109654,-1.6483411946148763,0.3719565811111226,0.2896004807675303,0.7380116959064328,1,5
0.89113315969542584,-0.41132772438725523,-0.19154945795185221,0.44939869979206931,0.8583706938844794,0.24746830202164169,0.062629867606787515,-0.30660928725444553,0.94977273315929456,7.7253171098480093,-10.04505952080032,0.93345676005862221,,0.6650343808143517,0.375,0,5
0.97761735420940432,-0.1244644003238843,-0.16962582881336441,0.17869994506547482,0.91676076702162679,0.35723385293602317,0.11104340764854631,-0.37955014043198021,0.91848301699915158,-2.6990605649424428,-16.818413902917225,0.97075324089935378,,0.6741390123326011,0.2,0,3
-0.96346289849821598,0.24194975832228383,-0.11488932789952938,-0.2502815108756497,-0.96602373564609589,0.064477185749415605,-0.095385578214000469,0.090876050839321987,0.99128357943256096,1.8904031961456078,-10.198261106642832,0.43017012219960993,,0.1054152783046451,0.3636363636363636,0,5
0.31409041997948262,0.94290527551664582,-0.11080094530278303,-0.93475516729021324,0.32754938814574996,0.13763784199699741,0.16607222916959274,0.060341028564510124,0.98426570344110786,-6.8134562893863597,10.846773565688553,-3.8185795679614327,0.1189097291202722,0.1093065328280234,0.2307692307692308,1,5
-0.96315182952746847,0.25460174125518026,-0.086697789059003924,-0.25033782546521088,-0.96647210081442725,-0.057119624374610524,-0.098333750153439314,-0.033311134732655324,0.99459581835214994,-16.500638328682516,8.2502097679318283,-4.4139800909603411,,0.7455593141413974,0.55,0,1
-0.3483545036966787,0.93487009483938288,-0.068315778040240221,-0.93432055313674667,-0.34043339351033153,0.10559454800927454,0.075460212963414736,0.10061317189137052,0.99205984995940277,-1.7474341068263135,-10.211771967410749,0.060802148695912758,,0.07208340262416373,0.1538461538461539,0,5
-0.42403966179337799,0.90441988423615582,-0.047064192592832038,-0.90337776306261552,-0.41873341489487181,0.092579395409902676,0.064023295995611032,0.08177408054351136,0.99459238752421597,-8.4063416166804945,12.413323655298521,-4.2050186194379284,,0.6697962932374999,0.75,0,1
-0.23515969274922038,0.97064825595619808,0.050417081582364173,-0.96424933637249477,-0.2395003479761067,0.11341428756786864,0.12216028901118246,-0.021944168439800738,0.99226776490027624,5.5258393112222164,-6.8412460476370915,0.26208733112793597,,0.4093104588800789,0.2833333333333333,0,5
0.77294393031388409,-0.60849331984486432,-0.17970409092477713,0.63419027711036791,0.74943520276324649,0.19013040071983783,0.018983493082146686,-0.2609267264259964,0.96517193827162862,-3.2424638999731163,-4.7120693593649703,-0.85578412600412723,0.1472935761332648,0.1093801884885566,0.456896551724138,1,5
-0.87600009599816853,-0.45117558935609714,-0.17048290055128587,0.44536403621354953,-0.89235653727698139,0.073148380888530221,-0.1851342946587082,-0.011848964014450727,0.98264179383588635,0.18765089023030657,-5.8420165918252227,-0.39761484064549613,,0.08058005608953202,0.1166666666666667,0,4
-0.8588413292953091,0.50920628509007593,-0.055682405830135027,-0.50986474806855775,-0.86025025149767131,-0.00272827329656595,-0.049290057529423781,0.026047341955729397,0.9984448037852609,-10.22758828813477,-10.405527530743909,-0.82127517235888026,0.97025750030363,0.3444299962520207,0.36,1,6
-0.26573855672078767,-0.93988202647942154,-0.21448728580708357,0.94531367311490999,-0.29768929820454554,0.13327843470150408,-0.18911657487896333,-0.16734054510315813,0.9675908552020468,6.9497346309857315,-4.0236824085832206,-0.16354470774986657,,0.1839984037420505,0.25,0,5
0.50589601692336761,0.86219784253548382,-0.026155312810798172,-0.8411852022415961,0.49982660845036375,0.20635119823924969,0.19098867922167245,-0.082390787180157105,0.97812835691283218,-6.3415856295480886,-3.927064675188606,-1.3031343751959454,,0.1576734858294619,0.1929824561403509,0,6
0.82256579600929336,0.55674625990709448,-0.11584089655669773,-0.53751781106990704,0.82769922903818327,0.16120976717374497,0.18563435570554671,-0.070339095310212735,0.98009810613669035,-22.634396463420554,4.4247437628014197,-4.6254578190745539,,0.07819298975960071,0.1363636363636364,0,1
0.31588753520277646,0.94842504970872243,-0.026551651333220627,-0.93346797498767031,0.31567237085545763,0.17026007738431082,0.16986054508311124,-0.028997919985763846,0.9850413777403294,-5.4374817481530124,-8.2692666456888038,-0.56058597219143291,,0.07747402408104494,0.1875,0,5
-0.00013229347970998906,0.99613720167477127,-0.087810352111761636,-0.99134375526890439,0.011398139223229992,0.13079618232805787,0.13129181767262543,0.087067547696051531,0.98751288637182566,3.2453550785370195,-6.5422919035191365,-0.057737598451450968,,0.08550775420179893,0.5245901639344263,0,2
-0.41049361867892942,-0.89668244403623976,-0.16569726485694719,0.89444762184601578,-0.43129470655886076,0.11810303920015378,-0.17736527506218461,-0.099726980559435227,0.97907920443170149,2.201247306856668,3.9621039367337905,-1.9059453066601086,0.8952508801543105,0.6070885352632666,0.5686274509803921,1,1
-0.19695146887913717,0.97568273671458228,-0.096194158780532918,-0.97473766083872782,-0.18432447064480151,0.12613874132938019,0.1053404549496387,0.11860727970347273,0.98733768374976272,-0.8252280357839451,-10.197664499287132,0.1480480193983682,,0.07768566702961641,0.3666666666666666,0,5
0.70503545388594302,-0.63271515877639772,-0.32030694125853931,0.70898919480718325,0.63911860955868405,0.29809683755859889,0.01610373902252182,-0.43726299954413428,0.89918948994033621,-0.41545144814907858,-11.819146868704982,0.4269643198985712,,0.3519264126553164,0.196969696969697,0,5
-0.69322509636249507,0.7196035452168249,-0.040121110211320796,-0.72067696935227443,-0.69149138627982143,0.049642406730879315,0.0079794497575246086,0.063327722303823164,0.99796088498967706,-21.922441384284213,11.120314425708978,-5.5428705284353113,,0.2334809026091261,0.1818181818181818,1,3
-0.64454132181298363,0.75566862290540837,-0.11632461833943417,-0.76445660318024689,-0.63432953589009944,0.11503104690286584,0.013137211640609865,0.16306738562230699,0.98652746612378472,1.3958678407870151,-6.4417738516249683,-0.21117160523833206,,0.1186500715724715,0.4444444444444444,0,5
0.97825126771377491,0.18081667253213854,-0.10163556538336924,-0.13983889423695997,0.93680714971382995,0.3206827839214848,0.15319771824337342,-0.29949573482681652,0.94171798535738305,-13.33262829492215,-3.7408087630353104,-2.1945735904483721,,0.3920527201489761,0.2167832167832168,0,1
-0.93121019182464293,-0.33025698779108759,-0.15420084518921917,0.33964356478850832,-0.93977216042972356,-0.038347560274478935,-0.13224911167817527,-0.088082963712671769,0.9872950744149015,1.9999346680389729,-14.642037981074539,1.1403018622887697,,0.4810890846191843,0.6428571428571429,0,5
-0.38389705399935448,0.92309119604478029,-0.022928055199544911,-0.92144346207936934,-0.38136990784083508,0.074154835207546579,0.059707605225817771,0.049594729337800375,0.99698313160259022,-3.0731635980760834,2.49342181672723,-1.988587889732317,0.2416291064119124,0.2363182657987883,0.4990925589836661,1,6
-0.27654078571009977,0.95973261510180619,-0.049381184156389396,-0.95708259996104916,-0.27041278451084139,0.10425844246338122,0.08670692412165025,0.076093583717287291,0.99332355042373832,8.3503444249597809,-5.9606014600494701,0.21956363964400694,0.4532926727971446,0.3237769142857215,0.2380952380952381,1,5
-0.36484528781539893,-0.9024395471482225,-0.2291086635241204,0.91471552949204316,-0.39333198201511194,0.092657714358567386,-0.17373375050631071,-0.17576352200321169,0.96898078838955137,2.7712882604979163,-6.1544252214733337,-0.15808819645222547,0.8033587386778374,0.4152953152022789,0.5600000000000001,1,4
-0.98117056787584456,0.15483009741172593,-0.11546409688586212,-0.1573328769389733,-0.98746226951550831,0.012830904776634946,-0.11202982892202501,0.030755604672264944,0.99322878039903018,-5.7681700760013035,-13.353784197977467,0.093556636132108947,,0.1210985190813623,0.2549019607843137,0,3
0.85816668704383015,-0.48318913894116566,-0.17343065835518159,0.51106105519959355,0.83609142483022802,0.1994184725235788,0.048647046225797713,-0.25976794516386004,0.96444495932056717,-10.224164745162879,11.5037042740644,-4.2388326195299921,,0.3722909030928943,0.7692307692307693,0,1
-0.98192315727969093,0.15421386051007335,-0.1097497080837235,-0.14450464337622793,-0.98525935307760704,-0.091555530776706112,-0.12225105823915035,-0.074041153419397543,0.98973359362998903,23.428576683300154,6.6175547740173846,-0.73620190756557358,,0.1298573458420379,0.2222222222222222,0,4
-0.80675305750956172,-0.56204981404091892,-0.182344483699237,0.56194954683151666,-0.8251870062306419,0.05726352734475236,-0.18265325350189066,-0.056270874212851707,0.98156577859076499,19.604759645513994,1.3544038954436504,-0.3666671527436125,0.1993585340610275,0.1899458044711282,0.3076923076923077,1,5
-0.86475138974334353,0.49811332170819117,-0.063938663371925303,-0.4966070636025034,-0.86711016579221212,-0.038747706511509002,-0.074742613795984417,-0.0017547411873938691,0.99720131496419007,2.8964106084141688,-9.5336652679564562,0.38729240583075936,,0.4906951693365214,0.5882352941176471,0,3
-0.49088019500163838,-0.84582149369172532,-0.20886032405474558,0.85186845943387735,-0.51623219500699125,0.088455913652042861,-0.18263833654768991,-0.13450026634681353,0.973936813338386,5.9347589351176673,3.0187138463904546,-1.4266998509602242,,0.06628447527267034,0.3076923076923077,0,1
0.53723598330997768,0.84339497908074723,-0.0078998416660555487,-0.82401375775143459,0.52684249533731276,0.20841859836184301,0.17994117170153953,-0.10546039241412419,0.97800781201304177,21.898660596796052,-16.178907095146592,3.033041215114924,0.3346020685334626,0.3570744181646546,0.2352941176470588,1,5
-0.74475808139664201,-0.61778944685096426,-0.25233231967778541,0.64006184241066988,-0.76828019565525718,-0.0081473218776872951,-0.18882859445606076,-0.16757607324286869,0.96760633606454294,-13.511509807672638,-7.1561689009507763,-1.7168061248004276,,0.4489636721910188,0.3068181818181818,0,1
-0.63738494225803755,0.77045852864174125,0.011579767956286355,-0.77038403538452094,-0.63748705683099927,0.010894512270469952,0.015775722087414647,-0.0019768702925371854,0.99987360129991776,0.080796196040659171,-9.229802278627087,0.10168808151880999,,0.1035000971053388,0.4666666666666667,0,5
0.13053924231228406,0.99129300572551682,-0.01725349286974609,-0.98103130305796959,0.13166421965600336,0.14227478934357737,0.14330767124239505,-0.0016462266087420086,0.98967681659268725,0.56463028542496574,-5.0126156600009777,-0.53284327405783505,,0.1011668582219475,0.3291139240506329,0,5
0.92477345758081264,-0.34742936793176671,-0.15519950532318558,0.37300348262982158,0.90834000262341774,0.18917410388346942,0.075249279731123372,-0.23283314612104172,0.96960108909144893,-16.541926085708738,9.5993533073429766,-4.6540260121056454,,0.1402438938035618,0.3939393939393939,0,5
-0.97772204329701018,0.16977073845568227,-0.12344027873969086,-0.17444319756559781,-0.98426892273267652,0.028004616864846,-0.11674406569162346,0.048914048154587511,0.99195677275722116,-16.698785836081534,11.083344898599972,-4.9221996688125733,,0.192192771435638,0.3333333333333333,0,2
0.16329978888677871,-0.95417547463197094,-0.25076351919764367,0.98275204401801075,0.1349657850964687,0.12642253292714881,-0.08678478511787481,-0.26708313399416916,0.9597577822596165,9.2348426538480091,2.0323279242212791,-1.0091265082091827,,0.2916252211940822,0.1428571428571428,0,3
-0.96945129172705102,-0.19808352988732722,-0.14466204808493724,0.18733973662971215,-0.97864619627677907,0.084589866961137322,-0.15832882254429376,0.054904805803947153,0.98585873544406388,-1.6067569936997188,-13.390969478555592,0.55043683488272588,,0.08695468699532979,0.4864864864864865,0,5
0.38711219315647533,0.92114271961324601,-0.04049987670472438,-0.90535204039589423,0.38805933511232882,0.17247502828864841,0.1745904718493437,-0.030100540455139439,0.98418094098785169,-23.444005921147056,3.4866192651069858,-4.5554605811214879,,0.7077022808874673,0.8165137614678899,1,2
-0.9889064991075297,-0.043278778002167687,-0.14209462832045694,0.038253753151144258,-0.99854874753447109,0.037908431347012113,-0.1435290437254462,0.032052241294157575,0.98912692180290018,15.93736384662783,1.1334626091389179,-0.43631533403872064,,0.09508067917041049,0.3928571428571428,0,4
0.41195423867250253,0.91042465979506049,0.037691432405894246,-0.89959734123618984,0.39977727960787668,0.17579178123594047,0.14497699431474623,-0.10632528178366095,0.98370554820692546,1.6939806086693188,-3.2424574728017355,-0.73062317483477357,0.697510702157935,0.8019082469202343,0.7094594594594594,1,5
-0.6984550861576474,-0.69989951673943385,-0.14933572609533363,0.69018481483963112,-0.71394321475145284,0.11802545265808288,-0.1892231856440901,-0.020633772758953051,0.98171728793804691,3.1471795467413046,4.6262081555369008,-1.8356841372849195,,0.07188487371234899,0.32,0,3
-0.89378953410413742,0.43307820871988317,-0.11654841851301985,-0.44373353328354742,-0.89166896414384733,0.089593581367960334,-0.065121579876472657,0.13179424689498234,0.98913571178063142,12.469056175929783,-3.908333225915043,0.1159303328002894,0.08526572953655888,0.2099485601369734,0.3809523809523809,1,6
0.30772044203257592,0.95147414408636943,0.0022544822879662957,-0.93651912173008955,0.30246358369332227,0.17733503650800286,0.16804780328578572,-0.056680981594387829,0.98414795744152128,-12.667015149163392,-13.462275131277663,-0.67193054166677124,,0.1093081308656034,0.1935483870967742,0,3
0.83704313043495215,-0.48598400221978366,-0.25135303335765768,0.54452850955325172,0.78474798090415121,0.29607314763512643,0.053361972184028002,-0.38469488696017035,0.92150005093398202,14.614927135032262,-4.7863579878150286,0.45505031076565472,,0.1830260368800848,0.125,0,5
0.41958607074162707,-0.88488866430499735,-0.20228588933516573,0.90507012957026622,0.39084090403400118,0.16760503659957587,-0.069250197106310862,-0.25340765481413774,0.96487769726651618,23.519746936781701,-7.6434893696511876,1.7608317270460614,,0.7183602428482039,0.3793103448275862,1,5
0.78777683227990647,-0.5785148150106274,-0.21149059396638889,0.61500799968683417,0.75783105252222283,0.21784686399913947,0.03424650119699104,-0.30168311959120298,0.95279298512818855,6.9245034455041257,-16.135714894162895,1.8451787519753755,0.4815785110472801,0.5051669867904479,0.8627450980392157,1,5
-0.00033771357552522975,0.99999736686182306,-0.0022698499861751541,-0.99285077027186819,-6.4364979109660504e-05,0.1193622378631794,0.11936177746706718,0.0022939325553070844,0.99284817769552891,2.7885629469700892,-3.1755028595647876,-0.67373413475433241,,0.1630019805707512,0.2295081967213115,0,3
0.56332926803944705,-0.74230481441604412,-0.3628273670285958,0.82551733970323204,0.48740188275635754,0.28453563315489472,-0.034369428558526163,-0.45980753275726194,0.8873532414998212,1.4957942842407339,9.4935474971723082,-2.7240868088326375,,0.1184455379137236,0.2222222222222222,0,1
-0.86921228652972893,0.48915870626181501,-0.072067753080195848,-0.49051762838382496,-0.87143024520457124,0.001335659915092676,-0.062148670061945063,0.036511475332672648,0.99739884448427318,21.862666987717699,1.9447778649082188,-0.32606480284064077,,0.1989439952388292,0.21875,0,5
0.89980613520692221,-0.35509970860108381,-0.25348198357163182,0.43139956481692687,0.81089620282855179,0.39540076342111974,0.065140882092199787,-0.46513605019355736,0.88283923807825182,-2.8408461820123718,-7.7896884909065252,-0.37383621917885546,,0.3042446912140274,0.2432432432432433,0,1
-0.23566120730890175,-0.96186230223785729,-0.13886938792764508,0.95824867052284957,-0.25379232721461681,0.13171537529149602,-0.1619360392590283,-0.10203120199564876,0.9815122785826067,-0.95299877615987472,-8.178209123039105,-0.15711309540593954,,0.07073464640026579,0.2837837837837838,0,3
-0.90201815319462464,0.4208091353133897,-0.09634792651717479,-0.42182493095330731,-0.90661568401196713,-0.010570200081052307,-0.091798578058700217,0.031107445094593109,0.99529158939784579,5.1746822769289285,-9.6736811526763269,0.64958172613527032,,0.1654654125233097,0.3571428571428572,0,4
0.9323182816868324,-0.30487829128388044,-0.19450411084688238,0.35699718824927557,0.86179442613145529,0.36036561249773758,0.057754906411718682,-0.40541286929817544,0.91230739128475569,-16.614658117755877,5.9199543581281597,-4.1027752228385461,,0.6628529238613292,0.4897959183673469,0,2
-0.85411380185289354,0.51219993057244062,-0.09022662914008743,-0.5179436199224402,-0.85342826238242342,0.058263260709956292,-0.047159517237084531,0.096495762023543527,0.99421554395687284,-5.9820616296233986,-9.6753148134420179,-0.46222133647163033,,0.06831684177259967,0.2413793103448276,0,1
-0.44275922771808857,0.89579343200387329,0.038966568352912789,-0.89558019757004714,-0.44393070448938943,0.029353693667888515,0.04359330213319082,-0.021901068245060648,0.99880927469604908,13.861126175614819,1.5072809734945791,-0.66531152423439666,,0.1709635480466374,0.3076923076923077,0,5
0.14451281641481611,-0.96285134521465188,-0.22810816055151104,0.98442084166618005,0.11656403731076542,0.13163750111220276,-0.10015813688916324,-0.24357773343257544,0.96469592898008116,-8.7361297653126542,-7.4453616072694482,-1.0860533716582284,0.2617862804387969,0.1326168618595856,0.2127659574468085,1,6
-0.85272821946646937,-0.50107197349364374,-0.14758543662818041,0.48966416292332032,-0.86517508795774567,0.10817150607212406,-0.18188895313940712,0.019973596483678035,0.98311620074605544,16.61212005850259,-4.6309001270376671,0.62150293383499766,0.1806935107233147,0.1011795773699375,0.1111111111111111,1,5
-0.26227683348224778,0.95978968474679394,-0.10007309164893265,-0.96040899986214678,-0.24952790785262438,0.12389663508943047,0.093943683142170942,0.12860631499402575,0.98723604074270954,-6.9030740971083029,-15.259993322269935,0.27991863083958801,,0.1086152778528125,0.4642857142857143,0,1
-0.35193308573995374,0.9360246661589039,0.00096306991741588576,-0.93221197508440579,-0.350591970025596,0.089811491819265205,0.084403416226980096,0.03070985014100408,0.99595831661447098,18.633914089013647,7.788132049636185,-1.3362649963156106,,0.6251489958543435,0.36,0,5
-0.69599087379503322,-0.70144113155863463,-0.15354817664749118,0.69287227500998494,-0.71218195586897881,0.11280457551502265,-0.18848000985917465,-0.027878319396603839,0.98168125437491505,-12.989165800853369,-7.8631544773034516,-1.5383286599876191,,0.07290617485371366,0.2545454545454545,0,3
-0.82016297618021838,0.56993883716929994,-0.050024138066671602,-0.56975125682800065,-0.82158979686723954,-0.01933160693171956,-0.052117155007933652,0.012646247259758379,0.99856090179023371,-4.6578912082078343,-15.839711255029302,0.61526475596181407,,0.5325111777730458,0.3793103448275862,0,4
-0.97405598876125388,0.19298821253012491,-0.1181967875314883,-0.20014059634432829,-0.97839372312859829,0.05186004471167787,-0.10563461768413364,0.074170562671372217,0.99163504132303604,-9.6171971547924304,-5.0428058539859384,-1.5878561685879984,,0.0664325956309109,0.2567567567567567,0,3
0.29303867351507185,-0.8895057055579747,-0.35058228079059522,0.9560918198442574,0.27419571079029698,0.10346566682286162,0.0040948567035648149,-0.36550829260635465,0.93079907616228519,-10.026415506281291,-12.410921919847191,-0.46700205869763306,,0.3217850001680148,0.21875,0,2
-0.8326133319491642,-0.48103518757065877,-0.27451810100496332,0.52124740894590793,-0.84812599570562364,-0.094780979502857313,-0.18723295150076383,-0.22200775600686759,0.95689935633017664,-0.68572979864453365,0.94874065476041891,-1.4644414849837046,,0.2219002563367161,0.2,0,5
-0.57932858961302791,0.8133868428053882,0.052727878850406286,-0.81451631301760696,-0.5801406399364657,0.00011714227578102364,0.030684867364623721,-0.042879853605059658,0.99860891097046822,1.5297811841774271,8.6243641611820259,-2.5943826126139058,,0.3605560983734901,0.1724137931034483,0,1
-0.9143492609673789,0.39671358432053994,-0.081140378258668239,-0.39754512818586524,-0.91756077974218042,-0.0063313927857770605,-0.076962978269385834,0.02646785776132244,0.99668257358169654,0.99790154847329471,-8.1542149671537167,0.017240143690557312,0.1631777632629083,0.1797571052650912,0.1730769230769231,1,6
-0.34137798004266429,-0.8492551687121237,-0.4027737989960769,0.92407571920621123,-0.38160917541468742,0.021412669446976888,-0.1718869975173033,-0.36488367414158746,0.91504905028606087,-1.7854729512023111,11.97923445255635,-3.4875368340757418,,0.2654105113321107,0.1363636363636364,0,1
-0.19874949018553714,-0.93959819589614235,-0.27866444053682932,0.96555314970629391,-0.23645258786560513,0.10861532481153031,-0.16794569135064169,-0.24747808783884953,0.9542268287972111,19.097765351074258,-6.3002750630853299,1.0485041560400534,0.1152154599182005,0.1805259864447982,0.3125,1,5
-0.84489431497914058,-0.4430891202822782,-0.29970923910251179,0.5023156594104492,-0.84980954020781341,-0.15969572218075251,-0.18393633362382636,-0.28547465186818799,0.94056985296880669,-13.021643607054697,11.129882586993324,-4.4704413690164042,,0.6634681072290847,0.2631578947368421,0,1
-0.45049511032558348,-0.78371222441306287,-0.42760882226430891,0.87441508071499141,-0.48397154193076825,-0.034202532352879587,-0.18014555834362247,-0.38931567642041298,0.90331660114401791,-15.048927358075202,10.787983121465858,-4.6944247955263778,,0.1924523815380639,0.3,0,1
-0.28467619954686663,0.95857680869044526,0.0094848960138902427,-0.95438448497406814,-0.28433290257634081,0.091132076423705397,0.090053963001833465,0.01689089557586583,0.99579364398167836,-14.625451506978335,-7.8041458189174646,-1.7459834451943381,,0.0740171976061179,0.25,0,1
-0.20781133131788546,0.97510335245710489,-0.07738153916020768,-0.97347406574957296,-0.19842432703927584,0.11391237751889194,0.095721961371903364,0.099001204366033699,0.99047264861034401,6.7254267635591534,-5.3490155151202563,0.080335008870169686,,0.07208047709927486,0.2142857142857143,0,5
-0.076275066578954595,0.99481874208630094,0.067214467283503249,-0.98992469084669465,-0.083620173664037484,0.11426623739526869,0.11929467997547824,-0.057821595880996488,0.99117377002184726,4.375918169964689,-11.312096186096468,0.81100375762622789,0.5403952448006184,0.3299679177940797,0.1428571428571428,1,5
-0.23382329384966385,0.97204145119669871,-0.021496148694841281,-0.965215569369412,-0.2294076694652637,0.1254233863256739,0.11698534908344989,0.050075326718188845,0.99187039967623336,-9.1533283127760807,11.679959701605721,-4.1310747815708808,0.5776541619629828,0.4599126032143643,0.16,1,4
-0.25418230985216583,0.96640212145243931,-0.03818760283708774,-0.96020006577034034,-0.24743018458974797,0.12959219671152361,0.11578940820667762,0.069607782654734621,0.990831756425398,-3.9959862444119381,-18.40700102909307,1.0659606235536347,,0.1611397312071732,0.5263157894736842,1,5
-0.5023259672172169,0.85742233949205504,-0.11178351577606724,-0.86333555237488457,-0.49013527579593258,0.12007970447164712,0.048169976799252605,0.15682583703081537,0.98645086556540829,3.9282168392377463,-3.5644056181356487,-0.49750392336900667,,0.09069606216525383,0.3333333333333333,0,4
-0.25270471173209569,0.96449589174201111,-0.076733327056637102,-0.96384417563064984,-0.24401715483957057,0.10705154481310994,0.084526527027145554,0.10101140013277399,0.99128803244664709,7.9771722770541711,-7.3195354700134443,0.50311800085276903,,0.20517398332167,0.4444444444444444,0,4
0.47726285011226943,-0.85390426129047747,-0.20752755106895382,0.87485659310548891,0.43946683197023295,0.20370283527212862,-0.082741243661008948,-0.27877664204163655,0.9567849656267694,2.9276244484233511,-4.2467819648940264,-0.471896197448328,0.2080604003588861,0.134647836686391,0.2424242424242424,1,5
-0.97532527303204741,0.18746549165776805,-0.11660746640962792,-0.19248003809251185,-0.98073771198445914,0.033241167659883809,-0.10812976796824482,0.05486556050017679,0.99262164168938716,8.4671006838872493,-3.5454514765923149,-0.17137415457788505,,0.07911685178407676,0.282051282051282,1,5
-0.92084132725809875,0.37002794480216766,-0.1230063822694776,-0.38113659811238043,-0.92074465915686554,0.083451580053508112,-0.082378052859136228,0.12372789782255782,0.98889092609222873,4.1127291755053994,2.9790723703227111,-1.5401887454999745,0.7078313423104358,0.7212162279975882,0.7413793103448276,1,4
0.3564227114474483,0.93407224027945035,-0.021723275622656288,-0.91439388935623123,0.35350195225916387,0.19728199324049933,0.19195485373502152,-0.050452152464377877,0.98010607305499209,25.290122430537682,-4.1389932742068583,1.1641272616870104,,0.2657848117553642,0.5454545454545454,0,5
-0.77039229997722281,-0.59999083262560304,-0.2156541325851199,0.61246611434709564,-0.79041820630722792,0.011149794376366496,-0.17714672707215207,-0.12349113289341959,0.97640615380297779,2.0861587526075334,17.461784177806518,-4.057854407673136,,0.4321871908965433,0.2,0,5
-0.98704309411631008,0.11980154868118606,-0.1067404295048959,-0.10507162429763638,-0.98535278892341926,-0.1343124533626546,-0.12126781982354844,-0.1213567892391204,0.98517340888841198,-16.675494863952597,-6.9267408796426428,-2.1589158596804494,,0.2526827325027505,0.25,0,1
0.25405939190522647,0.96564177090000625,-0.054679024112050147,-0.94892309060019675,0.25979794010275004,0.17902513355430955,0.18707964483213285,0.0064031719848494815,0.98232388033581641,-11.459433063612508,-12.24021961701178,-0.66830054410220141,,0.2294111723409934,0.7951807228915663,1,3
0.7434434037972304,0.66804861250343062,-0.031669491354121969,-0.64158100937735973,0.72575910392888676,0.24828920933191481,0.18885368346081086,-0.16427043068239675,0.96816812168481514,4.7186549919458596,1.7082366451008797,-1.3601513018339122,,0.4533195601377049,0.2098765432098765,0,1
-0.69973124058076352,0.71048159521661858,-0.074780303648454324,-0.71433008241658102,-0.69734092385103141,0.058721114407946182,-0.010427094994618597,0.094506818701294446,0.99546960622056879,20.726197470337041,5.0545292799747976,-0.76561859485532824,0.3386865626014964,0.2173605312824176,0.3928571428571428,1,5
0.55859591155684341,0.82177924805682157,-0.11246988510327607,-0.80792306785271362,0.56976494503212749,0.15042680560324598,0.18769902509986294,0.0068392160151517362,0.98220278003111927,-13.033575585039873,-5.0040451256906993,-1.9834036065100389,,0.137321033246373,0.4620689655172414,0,2
0.55143690188040295,-0.81479849653758452,-0.17894343599203505,0.83366972694231967,0.53048218554448823,0.15356899817301134,-0.030201483812257731,-0.23386333799900291,0.97180029302089765,8.2881131136024617,6.5985914819208267,-1.8493308711908687,,0.09389918006998184,0.3181818181818182,0,5
-0.98599512673817891,0.13864672813543075,-0.092686001240216503,-0.13727542893642455,-0.99030940165681658,-0.021041520867983967,-0.094705156453501194,-0.0080233264583390879,0.9954730330720466,2.986099499343859,-10.836390308019045,0.60415198630922096,0.4835021006478757,0.2881322532203159,0.1764705882352941,1,6
0.09195031935278089,-0.93287240563318674,-0.34827318814268715,0.99015976247616388,0.048604383102822279,0.13122979355443568,-0.1054930497429445,-0.35691271867410945,0.92816190813057364,-3.9126834451563299,11.620643514328286,-3.6319802999287218,,0.3356590973403013,0.1515151515151515,0,3
-0.96909376425355909,0.21429630322540585,-0.1222062621504775,-0.22423592474256612,-0.97170247871612225,0.074246501007043303,-0.10283737715302055,0.099354855346216089,0.98972374255618356,-5.3511190611168677,-5.4969002451941487,-0.93492488075258229,,0.0663464689265918,0.2346938775510204,0,4
0.91798888554657798,-0.32531168885574696,-0.22686716621576486,0.38978813531662387,0.84563481835156529,0.36464635409928714,0.073223053605672883,-0.42317142990203743,0.90308600107372039,-7.6422359791469887,-12.923484971819672,-0.16248031308914387,,0.7228313488890117,0.6060606060606061,1,3
-0.44649848202965609,0.89202640198513516,-0.070199741500005075,-0.89280327589662811,-0.43891891378758641,0.10125461800715736,0.059509798297952304,0.10788459241698949,0.99238072261887345,3.5829855721425807,7.6346609536669972,-2.2980877501085875,,0.5929767154542458,0.2131147540983606,0,1
0.87290517553439051,0.47310331211885126,-0.1192049100811149,-0.45022359550622398,0.87523759849581606,0.17679892598294722,0.18797677668989277,-0.10065983430072063,0.97700170377734163,-13.880431574055111,8.4206364760723549,-4.181760680422709,,0.08556114472366246,0.2,0,3
-0.94561066886191769,-0.26791034841865896,-0.18451153932670128,0.27887644324659522,-0.95965939581558746,-0.035801863429015042,-0.16747654264596157,-0.085310545848998609,0.98217804823275323,-1.6584961570673489,2.1638309791282038,-1.8036362208881802,,0.1168731973651155,0.2839506172839506,0,2
-0.47596515345839552,-0.82904663708538795,-0.29349420135793919,0.86416383894856519,-0.50285181210404584,0.018997750323531987,-0.16333411201278156,-0.24458480860651588,0.95577206448604135,11.137938810892901,-9.1113466931434246,0.96033284400095975,,0.2786179102004513,0.1875,0,4
0.35887122314321629,-0.90983128879087827,-0.20837099399106054,0.93145960148409257,0.33475266990789476,0.14256107741116841,-0.059953782222550114,-0.24525023124691811,0.96760418977521245,15.896622537027604,5.4004829743418572,-1.2097386043274041,0.1716324523024348,0.1717770482526587,0.6190476190476191,1,4
0.54146072087212693,0.84070697647608983,0.0056628135293345329,-0.79631641745709891,0.510687344677343,0.3241582935460639,0.26963021166206141,-0.18002837468253755,0.94598590542789573,-8.0475111766524208,5.1344301801487626,-2.9631825154188145,,0.1145542663667192,0.2222222222222222,0,2
0.81908142390463268,0.56362149233232506,-0.10694126610173511,-0.54273470731641771,0.82171436494011041,0.17385206333326475,0.18586193394162726,-0.084358258825996527,0.97894791775626355,5.7865475955962706,-7.8157235968039203,0.4148938035616605,0.8648820459287965,0.8717382941487093,0.6692913385826772,1,1
-0.082944651102113978,0.99315252139950005,0.082269399483437436,-0.99011366743762919,-0.091497715500589299,0.10631600825549559,0.11311547377241535,-0.072637712629115975,0.99092313137662358,14.048495444909824,11.742050940781157,-2.3443149112334627,,0.2963975247555205,0.2121212121212121,0,4
0.046734413212683928,0.99631712419196328,0.07188937796032327,-0.98900024548283605,0.036040114642276744,0.14345600221483076,0.14033677015150409,-0.077802944535715693,0.98704219401452942,-14.127742284432594,-14.707359524662106,-0.69620462238432723,,0.205202470775293,0.3333333333333333,0,2
0.18016972590622948,0.98357813766131208,-0.010626240237326791,-0.97057444317737729,0.17952162259510204,0.16049061427930381,0.15976269939444776,-0.018601992783812082,0.98698016481926953,-0.60195348431698104,-19.695088166015228,1.6744493860298704,,0.2005066126927108,0.7,0,4
-0.6775196576283663,0.73509455395197043,-0.024558303632303293,-0.73547583180737164,-0.6768196775280737,0.031471017429545493,0.0065126303747343782,0.039384271745828363,0.99920291471985512,-4.8030170514015689,-4.9076058706967904,-0.98602519938998678,,0.07799639580991191,0.5714285714285714,0,1
0.33511570377933575,0.93958439587427467,0.069847176822355098,-0.93105543741877017,0.31889175065296238,0.17732406440872606,0.14433723543639618,-0.1244556724101466,0.98167079414206615,-0.39031302134241808,-15.38593018346649,0.95971835225117852,,0.3584931806454175,0.2058823529411765,0,2
-0.22805595870554496,0.96676316775502735,-0.11558311801971483,-0.96862567638137187,-0.21323325692292,0.12765530618338447,0.098766283485936718,0.14106932910561593,0.98506074210277328,0.8346136787755335,-13.301501466592679,0.79207149338275362,,0.07466347214151141,0.2857142857142857,0,4
