axis_00,axis_01,axis_02,axis_10,axis_11,axis_12,axis_20,axis_21,axis_22,location_x,location_y,location_z,dbh,dbh_approximation,score,reconstructed,number_clusters
-0.99144634063941273,-0.12703726302957588,-0.029928037601422923,0.12770927980850957,-0.99157375733280906,-0.021721501322144465,-0.026916416617181964,-0.025357791127194003,0.99931601055203778,-19.347541711031713,-8.5787344862645512,-1.1096758497857921,,0.1087979391450687,0.4545454545454545,0,1
-0.30040941160982426,-0.9492784307381763,-0.092868974106020477,0.95376072768429665,-0.29995967887370556,-0.019096213685038225,-0.0097293238901984113,-0.094311462639750002,0.995495197512972,2.2765969771438166,-6.0133629673146842,-1.3467715626485715,,0.0699004625272828,0.2446808510638298,0,5
0.16171164567015175,-0.97107280552288933,-0.17568992580269083,0.98661414427887761,0.16288442708497569,0.0078226416290572628,0.021020798355644389,-0.17460317805556408,0.98441447381140634,5.9588377900028169,-9.1038044388391537,-1.4732602754054807,0.6188791941637286,0.3672345535365777,0.1818181818181818,1,5
0.36481882006729388,0.92970782119580275,0.050503422973705261,-0.93105861060094408,0.36391914584018298,0.026319553886638924,0.0060903325481963116,-0.056623515418110996,0.99837702565270792,-14.964900902271593,-20.4675230168735,-1.3904053919301147,,0.08778281246193649,0.4242424242424243,0,2
-0.99885597483227573,0.040460013669551771,-0.025489779044252713,-0.037613566799662629,-0.99389971986414494,-0.10367529332769251,-0.029528988036714925,-0.10259792467606475,0.99428451899730064,-7.0652535581887177,-20.849288220871706,-1.6848568395389971,,0.09039285549838745,0.3043478260869565,0,2
0.86749768132548244,0.49674019347359838,0.026399868990652591,-0.49741094400735719,0.86563682273905895,0.057054744762702315,0.0054886862382156065,-0.062626442546572528,0.9980219451581912,6.1091636849988777,32.577142991596951,-1.1559349488545883,,0.3226826730317215,0.3617021276595745,0,5
-0.1534007832556944,-0.98173803208095345,-0.11251060422181637,0.98809980206609682,-0.15109492159140966,-0.028794197787545731,0.011268578148197412,-0.1155887582557425,0.99323323449802858,-7.3283761713588609,-10.453262375164593,-1.2559074089445987,0.2627744763375861,0.2222644269199806,0.5263157894736842,1,5
0.7802564548495432,0.62223417261685388,0.063438939882713055,-0.62468035960180612,0.77020355154090747,0.12868930616617574,0.031213987143291686,-0.14003972158495834,0.98965375934466393,-36.471402290247099,-3.0309808591846479,-0.98645288408752219,,0.1470428416991661,0.2727272727272727,0,2
0.31378296077890089,0.94802513536583433,0.052807160872561064,-0.94939353231097867,0.31245190441903625,0.032026992225353552,0.013862695658207183,-0.060184301437429061,0.99809101565417335,-5.2764317120920028,-7.8060027636703992,-1.2390764370123857,0.2471348638074294,0.1210512754766533,0.4791666666666667,1,5
-0.69681223582910934,0.71575270172569871,0.046376480797926251,-0.71525530272913052,-0.68859371589914631,-0.11936727500477678,-0.053502896339334027,-0.11634760159353914,0.99176644210556641,-20.205195841586484,31.743830148512959,-1.4167458372426522,,0.2275924484825908,0.7045454545454546,0,3
-0.70879526941194804,-0.69983306376403187,-0.0885604252580834,0.70478379588004214,-0.70786549255202069,-0.046970687870246948,-0.02981722864659065,-0.095708554041598989,0.99496271566280492,-12.666920517171681,-16.278097346848501,-1.2947000297418747,,0.09621766332320041,0.2758620689655172,0,3
0.55295514234239873,0.80829171779694142,0.20225011618777095,-0.8331114125330451,0.53260017777230484,0.14920598159626092,0.012883511333944412,-0.25100109477406413,0.96790106186424307,-4.8927086956789534,-3.7175925801752836,-1.2426504689650815,,0.3268965206895459,0.3082706766917293,0,4
0.2974646410923828,-0.94852705113799551,-0.10867943945033967,0.95460708533690286,0.29733966898310921,0.017732283372437648,0.015495158094232252,-0.10902089023886764,0.99391868156663676,12.857148555646189,-4.094266097416539,-1.4537593725331495,,0.2718039782772008,0.3928571428571428,0,4
-0.8113445883100634,-0.5824355515302444,-0.049887747329717839,0.58423375321768523,-0.81080848407007233,-0.035503855581727826,-0.019770701078885532,-0.057951966952393519,0.99812358398406675,-15.077589337691826,-28.175421667109386,-1.6442196758404088,,0.08980429577254018,0.3870967741935484,0,2
-0.12788407882244526,0.99122521947606879,0.033439896207299931,-0.99178905545134943,-0.12779901382397224,-0.004677772177199435,-0.00036313999533464896,-0.03376353565965156,0.99942978332102173,-13.377765998763921,-18.479697834093777,-1.3378481352227758,,0.09574934828719199,0.3103448275862069,0,3
0.72158813896813312,0.68959383226965476,0.061407688412417706,-0.69211292739210029,0.71634368276368188,0.088495332652645378,0.017036825914559649,-0.10635823738768864,0.99418191087071206,8.8189509283360934,28.040496252600583,-1.1439896805411698,,0.3377369132302487,0.4583333333333333,0,1
0.87661494113611704,0.48106469436451849,0.011090753486284162,-0.48063340617928246,0.87425299489404729,0.068361025323565874,0.02318995130271078,-0.065256882815229844,0.99759900030213378,11.102948376465458,-11.268323978287102,-1.4950443600190353,,0.09393841167715737,0.3571428571428572,0,5
-0.46458644668444793,-0.88408172784300088,-0.05058588786660205,0.88548106926520098,-0.46439000951433862,-0.01628480998442847,-0.0090944779990341021,-0.052358548083445387,0.99858693808427068,-15.440723065179261,-9.215496732147626,-1.1080133088398725,,0.09548984227352142,0.5,0,1
-0.97277758529429847,0.2312742927758453,-0.014695953525590342,-0.23005222067749281,-0.97138730952534902,-0.059014156390293879,-0.027923920039061131,-0.054026811807994894,0.99814896598429415,-4.2347897699616208,33.078289710513992,-1.3314703331401883,,0.1507072805783613,0.5945945945945946,0,1
0.38005342565815819,-0.90950517040055101,-0.16840349954844719,0.92455290391268086,0.37896617298258867,0.03983174113141575,0.027592055235671233,-0.17083613420349819,0.98491303866802205,1.2467064284710927,-10.946768768358167,-1.4679365706831855,,0.0818441316310663,0.1964285714285714,0,3
0.32135795618491009,-0.92043589842402296,-0.22254622191584819,0.94640277368136172,0.3202195322471994,0.042204752523962302,0.032416877778117574,-0.22418119470585721,0.97400818167783987,-5.9160321706056758,-12.958605593779618,-1.3121097713345617,,0.1155351003990903,0.2647058823529412,0,5
0.079720454871951105,-0.99498795786566596,-0.060362345691002926,0.99681665859233148,0.079640605902319916,0.0037313595819886353,0.0010946359339714155,-0.060467657419667739,0.99816955682807162,-0.2486021428441226,-10.623047414856369,-1.4106876426146515,,0.07370822144046987,0.3291139240506329,0,5
-0.24775240635516541,-0.96104535919760115,-0.12251760163332022,0.96873739214102816,-0.24405671250759212,-0.044544204424243415,0.012907757862125427,-0.12972331573291856,0.99146621280920733,3.0225272781348327,-12.776144790898131,-1.5463109137763029,0.1932835878092986,0.1886148700749795,0.3684210526315789,1,6
0.98079400154287433,0.19352643547377268,-0.024303195475748912,-0.18611289632986944,0.96585599280005363,0.18023371214046199,0.058353374857192844,-0.17224900564310758,0.98332352951494928,-18.915185882043659,28.997288991680222,-1.3739345079022776,,0.3025790537048844,0.2142857142857143,0,2
0.8696057530831145,0.49056140766390066,0.055994102506961928,-0.49325070417704148,0.85804554079324935,0.14304402383067888,0.02212638772146765,-0.15201103655863704,0.9881310984534224,-15.301953633920949,32.639410803525259,-1.3960937791926733,,0.08953055307025888,0.2631578947368421,0,2
-0.18626443136223578,-0.98076756782603725,-0.05831414502420694,0.98249898973233218,-0.18600472740362042,-0.0098983108889040133,-0.0011387643529064142,-0.059137291822556302,0.99824920933184036,-1.5942864017611345,-8.7875755398365367,-1.3432975548053971,,0.08087133737999874,0.28,0,5
0.80746301391288755,-0.57768970091901806,-0.11949096457393901,0.58939345489722816,0.79856323751735447,0.12211515471107444,0.024876424321516051,-0.16903066330667904,0.98529680724900326,-28.438479799164131,-2.9979326434387259,-0.97151803129309811,,0.08622364954828302,0.25,0,1
0.79127581467036723,0.61145891094123883,0.00076508058412723152,-0.61113324893055376,0.79081228272154969,0.033646478988405004,0.0199684042760578,-0.027091211255410926,0.99943350409288478,-7.5941167052091147,-19.120538820226137,-1.5630427911299396,,0.1157814679099443,0.3653846153846154,0,2
-0.22268867226122296,0.96547031541383321,0.13519180929791749,-0.97438626179142407,-0.21596755626122013,-0.062685145566464748,-0.031323602581212674,-0.14568831352331468,0.98883453986198533,-10.656811208809284,-13.703928355541926,-1.2391889233530731,0.2269599042292443,0.1444905273860536,0.2916666666666667,1,4
-0.1779893274484203,-0.98231643455488138,-0.058088051420622323,0.98403214359076407,-0.17763482526675403,-0.011252076813480866,0.00073463911256770953,-0.059163259340874921,0.99824804986012339,-14.677562081021538,-12.47085663036035,-1.1902921649066691,,0.07024701163333721,0.186046511627907,0,2
0.5166905765326566,0.83596452649582609,0.18491662597765288,-0.85391863035465609,0.51882783061602233,0.040504998598931828,-0.062079149926349976,-0.17883230306317813,0.98191913441257506,16.083599089571884,30.611153395604624,-1.0653813915668582,,0.2995795251093009,0.2142857142857143,0,2
0.074265842176931413,0.99036535344777654,0.11688050040965076,-0.9972360687443943,0.074011515742852571,0.0065206389771395581,-0.0021926880708011839,-0.11704171148656679,0.99312457924034825,-27.379499824153172,-19.736778452218296,-1.1598741852608503,,0.1903355053132131,0.125,0,1
0.25451068658090803,0.96216575436391294,0.097269581809714928,-0.96705746489420108,0.25270541123395002,0.030656723984817565,0.0049163002873999131,-0.10186773906591935,0.99478580293904562,8.6298799242854258,29.809090929578645,-1.1376360206825848,,0.2068728424459831,0.32,0,5
-0.70050106102770504,-0.66714686308945104,-0.25340348570800131,0.71346377319450749,-0.66282223319671862,-0.22723584998668697,-0.016361779796726931,-0.33997316107307762,0.9402927958417332,-19.425218249332914,27.444564035148701,-1.3585805181928154,,0.09041383702895484,0.2857142857142857,0,1
0.90040182983274175,0.43009223121649409,0.065553165301666466,-0.43444620991198141,0.88087177330311217,0.1879399097875297,0.023087562170234301,-0.19770076288433489,0.97999049629472812,-5.8850451737471321,27.618498082379382,-1.2535979296104967,,0.3320738596091364,0.3235294117647059,0,1
-0.98708772305790859,-0.15300035879442977,-0.04742064104511548,0.15721779053684831,-0.9820775175871993,-0.10395343086438742,-0.030665833219817425,-0.11006652378693992,0.99345103906251686,11.047951044122454,32.757124339691003,-1.1083979692283081,,0.09702802168025074,0.3333333333333333,0,2
-0.2740492154696248,-0.95785957967635893,-0.086035185376164405,0.96169768529550892,-0.27239819964142847,-0.030606909830430261,0.0058812921830844215,-0.091127638257206323,0.99582185351995556,12.980832410658905,29.630621936536137,-1.1046648945460136,,0.1975089157222654,0.8695652173913043,0,5
0.21737626974772986,0.96992486706633407,0.10951396987104414,-0.97601921600242247,0.21731938498858808,0.012600591343200957,-0.011577881696522709,-0.10962680855764996,0.99390538558802732,-4.5711535354937434,-16.431153157609479,-1.47760178127602,,0.1280962011252108,0.1785714285714286,0,4
0.1172515015878378,-0.98626475497429877,-0.11633537067840805,0.99305749869160109,0.11755109311801598,0.0043063672787568754,0.009428131722523974,-0.11603264024508318,0.99320065280384151,-10.140415460937378,-8.1707588882601083,-1.2226754035182017,,0.09742340557212087,0.2142857142857143,0,3
-0.99727331989667012,0.073528074327256221,-0.0062886968442682611,-0.068704365666642078,-0.95618788001765342,-0.28457766645625859,-0.026937623514667556,-0.28336965326772512,0.95863236125550821,-6.1028221771101565,-8.465285149418472,-1.2376596039640886,,0.125326602061433,0.1730769230769231,0,3
-0.92524950327604571,-0.37273414483471473,-0.070587633206978639,0.37803858067917989,-0.92143872246689118,-0.089652173741929311,-0.031625752251928631,-0.10963547789340666,0.99346860734578946,17.957641576557997,28.435411708706241,-1.0343914569278776,,0.1553597896974586,0.2,0,3
0.45556432338944008,-0.88771295434713282,-0.06653463713740787,0.8900515876424715,0.45559075266689636,0.015660058094602303,0.01641092897544336,-0.066353423187472449,0.99766121736863511,-14.069073252357825,32.042470663591651,-1.3672525692492299,,0.09123892872558534,0.3529411764705883,0,1
0.41484222688001554,-0.90649733050709014,-0.078539904384639272,0.90975672390734208,0.4147276759760587,0.018538017285482919,0.015768008834638757,-0.079142558481615305,0.99673859428356359,11.363321551015275,38.148314603998777,-1.1198689065682204,,0.08607036217626453,0.3571428571428572,0,2
0.97633866411944592,-0.21143748213158969,-0.045354207029884616,0.21441552661788094,0.97377752651605209,0.076048082141870699,0.028085492529644519,-0.083973329111889053,0.99607212846622417,10.789692347702607,-4.8736075248420692,-1.4247113576529964,0.2055674697282402,0.08978562724240524,0.3809523809523809,1,5
0.97676379019950232,0.21429634796996566,0.0030940914399178476,-0.21207705380176586,0.96436418580251737,0.15819304786308253,0.030916361459041641,-0.15517342681072671,0.98740335537507196,2.4495880630978011,-5.0488799042350756,-1.3307466678301354,0.2212099825307896,0.3187036472920253,0.6224299065420561,1,7
0.96384690028238551,-0.26224032186820073,-0.047214048783163473,0.26643990436937659,0.95052281121217896,0.15973779366491089,0.0029883399528790365,-0.16654248392454879,0.98602975151491601,-15.637815808373,-4.5581148804150473,-1.0676286685294796,,0.1347765846195968,0.3111111111111111,0,5
-0.99946025384931469,-0.011890891627733649,-0.030623645631454748,0.018027268055022295,-0.97781880152173051,-0.20867536748998181,-0.027463040289374397,-0.2091147964322565,0.97750538787832786,-9.0836306104601352,-10.912393784048312,-1.2642248773471425,,0.07488508484210041,0.2692307692307692,0,3
0.62428606958700328,0.78118245310975909,-0.0045692748912962702,-0.78113199670803179,0.62429915420445614,0.0091307052589754186,0.0099853411827925016,-0.0021309652793370056,0.9999478746156939,-3.6848754681802833,-11.68570648308741,-1.3691630653791007,,0.0908908357966511,0.2666666666666667,0,5
0.79155357596271658,-0.57326081752192737,-0.21169546871561917,0.61080488112267761,0.7529433735506561,0.24493605986638059,0.018982454460524618,-0.32318463967250521,0.94614552533022411,1.7754726633726592,26.625581997746195,-1.1771379196094334,,0.3403510237695183,0.2945736434108527,0,3
0.97369884032682752,0.22623065685906296,0.027023290756451872,-0.22635002592982612,0.94697048467914879,0.2280626381240575,0.026004501682553558,-0.22818104882670392,0.97327137780199191,0.66106486288340605,32.747224498352658,-1.2674488778743482,,0.2840878067602955,0.303030303030303,0,1
0.45488211623913899,0.89049649421734245,0.0099123212431050951,-0.89050925653870394,0.45472366209994425,0.014820767365492862,0.0086904743650063586,-0.01556871584427366,0.9998410327358408,-3.5247474869405044,-6.2590389117672753,-1.2345566631369707,,0.06492710405160163,0.3134920634920635,0,2
-0.36192507217473591,0.92972431492474472,0.067992208149365824,-0.93210210750667744,-0.35982531623466563,-0.041369106567985391,-0.013996546464130207,-0.078348197390479019,0.99682779689008483,-9.3975749866692606,31.112948240080041,-1.3215453028556399,,0.2210381754841453,0.2307692307692308,0,1
-0.033656333632359252,-0.9939611254679831,-0.10444391923347049,0.99943259676329221,-0.033609779279677766,-0.0022061876062548884,-0.0013174723564348015,-0.10445890960177467,0.99452833065297763,-14.096695243332206,31.155022807762737,-1.3675958424171517,,0.1189431052378337,0.2592592592592592,0,2
0.92693858700949483,0.37512057631695928,0.0083312145857481566,-0.37499780921997972,0.92542634505374011,0.054430900788910053,0.01270822540943985,-0.053578289484723374,0.9984827829776709,-8.2340941722910017,-13.498252309430148,-1.2421645991007573,0.2479508576261774,0.1705783881485463,0.2717391304347826,1,3
0.07689387487441314,-0.98895486917788578,-0.12671068911559347,0.99701887972054903,0.077081859765097197,0.0034264231984685719,0.006378517663157438,-0.12659642026733761,0.99193379864178255,-21.021316336971207,23.557348614368223,-1.2581160817102106,,0.2662230817247834,0.3809523809523809,0,1
-0.32493406341123271,-0.92289314133798728,-0.20660615699046397,0.94572361514597825,-0.31822913937326408,-0.065856348281506674,-0.0049697273857245575,-0.2167912925489742,0.97620532537200311,-15.364088767932962,-15.607716480621491,-1.2686505390030871,,0.1081744055287769,0.2222222222222222,0,1
0.48892133471365939,-0.86132987371242919,-0.13808250110838544,0.87203512711802633,0.48669577276311904,0.051787661143952862,0.022597909949026915,-0.14573288381502592,0.98906585273221048,-0.046834987199382755,28.888707893098136,-1.2456673287773332,,0.3112911801921537,0.4957983193277311,0,3
-0.59778631892514433,-0.78286890804389819,-0.17253344523332234,0.80164280248860487,-0.584978751637793,-0.12316118443123596,-0.0045093374392815673,-0.21193426563546405,0.97727352001648693,11.084837524386762,28.249832123214134,-1.1269081751762715,0.1949609113449329,0.252336401423206,0.7735849056603774,1,5
-0.28180583532333259,0.95946098915121081,0.0044812358450157215,-0.95939773279680174,-0.28172321271487843,-0.013712101296433885,-0.011893758114027151,-0.0081634376697155512,0.99989594298773798,13.215553814052088,31.420836489699173,-1.0834475245423483,,0.1030988044467948,0.4230769230769231,0,1
-0.66732533853188736,-0.73897556234230599,-0.092693100143289645,0.74414823963020083,-0.6565176206168637,-0.12340182849068668,0.030336282049300764,-0.15132657427049628,0.9880182072770628,9.6581912256998272,-12.598972800854954,-1.5141850570415285,,0.451439232173269,0.3043478260869565,0,5
-0.71650469200464695,-0.6831996242450592,-0.14092302780856866,0.69708690889380676,-0.70884541558748548,-0.10774051350110327,-0.026284363872888218,-0.17543218128956178,0.98414058039681662,7.4559045632599883,28.486533540996813,-1.1547974111067096,,0.1780722663570167,0.24,0,2
-0.99977016382420036,-0.010282415768049375,-0.018812002894550903,0.011630424718770932,-0.99726334961327501,-0.073010579637284911,-0.018009795884257603,-0.073212590748342521,0.99715373128125206,3.3326401917963002,26.555259722421066,-1.1677645234047291,0.2306296985349013,0.1942058970836062,0.6216216216216216,1,5
0.80764674418311333,-0.57625855504119006,-0.12503125350189878,0.58921733127755493,0.7969565390580623,0.13297823647029997,0.023014628664663746,-0.18107002124712615,0.98320088195291644,-8.2395616632690185,33.435280338422928,-1.3727754172946705,,0.1776224949438231,0.2941176470588235,0,2
-0.81229256500142155,0.56418612119877898,0.14790135053503956,-0.58271494056891748,-0.77415957138147773,-0.24722511214723003,-0.024981730948330848,-0.28700344716592568,0.95760374604201604,-10.870420460175009,-18.703675006826021,-1.3720270254875697,,0.2543053372591508,0.2916666666666667,0,1
-0.99472659777129668,0.075918725461289999,-0.068958993689539533,-0.06193169419390001,-0.98056383185905449,-0.18616937692370661,-0.081752436909329554,-0.1809168836074212,0.98009469965160256,-0.11704553470829211,30.34508342665265,-1.2595350543298443,,0.5817615685172641,0.2857142857142857,0,2
-0.87691703995184966,0.48048832717493661,0.012143825209468682,-0.47583900714411814,-0.86431456910989513,-0.16290354478794311,-0.067777166672758307,-0.14863140002371192,0.98656726207836709,-13.724628048292242,-17.347297748878976,-1.3261666962836201,,0.1773813006875671,0.2093023255813954,0,3
0.001290505118067323,-0.99690982798516348,-0.078543806013793752,0.99998573907444799,0.0016935393578822631,-0.0050649355547234395,0.0051823010594175198,-0.078536149581167572,0.99689779664953337,-7.9107695072139377,32.660472394081836,-1.349285749053422,,0.1175749824967076,0.53125,0,2
0.2380174484637046,-0.96902210852190729,-0.065907870718039122,0.97125975926904007,0.237571560944034,0.014636715999932833,0.0014745343248909089,-0.06749745644372955,0.99771835661280339,-8.8515563091432607,27.494543987265565,-1.2855111491018691,0.1928942027448539,0.1505743137978573,0.4647887323943662,1,4
-0.22609547317197695,-0.96760145166284006,-0.11237556563196352,0.97388322057783483,-0.22207236635565614,-0.047279348326128984,0.020792058293590016,-0.12013032440297135,0.99254037473079781,9.2470059995187697,33.86718880041979,-1.1151300846756478,,0.1677574042771504,0.1935483870967742,0,2
-0.02279805655278315,-0.9967119931073708,-0.077752501010255423,0.99959679703714488,-0.021409017170643616,-0.018652006242477391,0.016926073688201707,-0.078146380464617513,0.99679819986283202,9.6762584471641926,26.495176627226794,-1.1555836264811299,,0.1918785567219529,0.7719298245614035,0,5
-0.66775554392176095,0.74219327212321784,0.05702350722978667,-0.74380294427495797,-0.66225918349566115,-0.090387797647499685,-0.029320873957951611,-0.10277120555239579,0.99427278231864036,7.4951182932940288,31.797668744195857,-1.1362711069185061,,0.2265079840387126,0.2857142857142857,0,2
0.66464870787435093,-0.73605688506678946,-0.12830571720205325,0.74710801716416264,0.65667945199820499,0.1029645959171069,0.008467928317574612,-0.16429351560276137,0.98637514918052149,-0.44550962034919328,-14.733435636395763,-1.5514159533143421,0.6453404114066164,0.367979772893726,0.5172413793103449,1,5
-0.23967856388996775,-0.96627561789534822,-0.094157401581630898,0.97084907661974629,-0.23879777552290271,-0.020680735767824466,-0.0025012873141250667,-0.096369355431461107,0.99534249929132235,-2.4688723220414532,28.318687699705354,-1.2254987909034809,,0.08330700045995204,0.3548387096774194,0,1
0.99299118357460092,0.11592796866876746,-0.023004682641753049,-0.11536535451111044,0.99302236279606915,0.024442216868347504,0.025677700863596321,-0.021616962488906016,0.99943652255214011,-5.2414605464287369,-6.1540021295966572,-1.2432183419637748,0.1831666016983857,0.1723683308005594,0.6629834254143646,1,5
-0.50742821713741126,-0.85609722992862758,-0.098051707589816364,0.86162416587021373,-0.50554052450235054,-0.045084086708582861,-0.010972749938227033,-0.1073606585040303,0.99415958867999388,-22.436840554743402,-12.305059613419907,-1.1107430117559285,,0.06775633265082506,0.375,0,2
0.95112593056647809,0.30822787681326858,0.018842509366740447,-0.30764813116099599,0.94052958976341638,0.14407192013923756,0.026685044448114256,-0.14282740190399296,0.98938781156236089,11.985302453885797,-6.8453877683717144,-1.4778485839437672,,0.09526831508572663,0.25,0,5
-0.66324534789571854,-0.72744197025248447,-0.17588003982792308,0.74820801604316789,-0.64985396385107586,-0.13369588772954913,-0.017040341059822699,-0.2202680312306553,0.97529053168496249,-21.21106585156825,26.510090805111986,-1.3333141345145574,,0.1342056789773353,0.1739130434782609,0,2
-0.69375428571367614,-0.6900336658545887,-0.2062971910646996,0.72003074090021346,-0.67093961475652208,-0.17718850275641557,-0.016146925794006815,-0.27146560249440138,0.96231268486378951,-22.041982101828591,26.739467021604629,-1.3286598758153647,,0.7183912340758859,0.3125,0,1
-0.83030703224936486,-0.54593678649325239,-0.1119966845521454,0.55693900336162705,-0.82012636568672148,-0.13119333382473075,-0.020228166793103113,-0.17130606953319089,0.98501017853080075,-20.337148299517555,-6.8911624340045421,-1.0915199759737899,,0.09929122770236173,0.3461538461538461,0,2
-0.7661970280128344,0.64089701466768823,0.046830875011517614,-0.64215894716238009,-0.76091134054730825,-0.092982893081477724,-0.023958314707066598,-0.10131608172715262,0.9945657598871247,13.252499149092227,28.35768741092539,-1.1274073158431539,,0.1840638227688954,0.2903225806451613,0,1
-0.26394907856887384,-0.96298555186269685,-0.05467824820109108,0.96453416068883846,-0.26365186740382862,-0.012710062106570689,-0.0021764160726825709,-0.056093847418157844,0.99842312848556747,4.2556274716498228,-16.676227138255445,-1.6062661306785919,0.3089624792858883,0.2619925946902281,0.7272727272727273,1,5
-0.028216150883135446,-0.99177835151070604,-0.124818068820369,0.99954402228016592,-0.026650634625236518,-0.014194759528060787,0.010751574458071738,-0.12516167603854775,0.99207810100712057,-6.2618242022786452,-7.5019042025851252,-1.2455109347422089,0.19595382544833,0.1584090921919845,0.514792899408284,1,5
-0.4070743533995696,-0.86181066965802566,-0.30261004687205711,0.91336562138166022,-0.386730597978729,-0.12728977282213011,-0.0073288800247439624,-0.32821001546357631,0.9445763459175669,-4.5929561630328806,-9.5037629063932521,-1.2540563229651689,,0.08640718001039557,0.4090909090909091,0,2
0.6710266093638112,-0.7255713819613373,-0.1525433027190061,0.74121548229052792,0.66146442531713978,0.11429970626684106,0.01796937223519908,-0.18976560204257598,0.98166497235201966,-32.372715025595127,24.694570269846441,-1.3182889762771244,,0.3779889260172425,0.2727272727272727,0,2
0.51177132960565064,0.85888113309683445,0.020329914017566852,-0.85911760461295161,0.51155245763421864,0.015199491191980953,0.0026547387382852691,-0.025244450849408785,0.99967778311991262,-16.532060928945711,28.829205755379387,-1.3621711909789616,,0.110633937618065,0.5,0,2
-0.98116564053376554,0.19254793867321007,0.015468585865006062,-0.19112960093907314,-0.95608934532612067,-0.22217704516610309,-0.02799038193444334,-0.22094898747576927,0.97488362559466368,-4.3914003717726207,-8.6058892846301625,-1.2526110396538672,,0.2756521941567229,0.2580645161290323,0,1
-0.99758127896746918,0.066822832311098243,-0.01913898993027047,-0.058156972230995578,-0.95319386489795987,-0.29671404163236542,-0.038070440430225401,-0.29488330743331786,0.95477456845196496,-25.915057985916903,26.316828344317621,-1.3299619062501631,,0.338572510842274,0.5483870967741935,0,2
-0.73824844221810437,-0.67064189671640151,-0.072309639268699225,0.6745040347603054,-0.73488765770416598,-0.070600549899795237,-0.0057917747375879182,-0.10089388942206523,0.99488033371992901,4.7685134328934655,31.640951894662415,-1.1904591304524226,,0.1188274384535935,0.5,0,3
0.066078560382717672,-0.99116610168115804,-0.11499296820206992,0.99775894364630358,0.06441936511453461,0.018089659257468228,-0.010522083042752043,-0.11593060112159774,0.99320158149895488,-0.3748664166576105,-22.132780841921136,-1.7752399542327468,,0.1204137803259404,0.5254237288135594,0,3
-0.74921016464193424,-0.66021713372478807,-0.052891072341482777,0.66208960899722946,-0.74870556960376555,-0.032822548685283871,-0.017929831429843394,-0.059609616510485922,0.99806072699228632,-4.5512828405994972,30.476946816116204,-1.2911410114719679,,0.08824631229747511,0.2058823529411765,0,1
-0.46577970629328341,0.88285205389894961,0.060179033988162448,-0.88388788308056754,-0.46091665614018046,-0.079360230820653549,-0.042325823662338627,-0.090155903960641659,0.9950278577167293,20.64966665996408,30.290923122962898,-0.97140454800015441,,0.117688602159943,0.4,0,2
0.98431639815942806,-0.15745055068893357,-0.07956476859894035,0.17417498655380309,0.9389759321507064,0.29662648718665691,0.028005399005082265,-0.30583250796713074,0.95167335504210815,7.9095609750007183,25.523539789805717,-1.1708344425438786,,0.3181921265316906,0.2537313432835821,0,1
-0.99730410219032484,-0.063136117474986625,-0.03739463095864879,0.06665685128927526,-0.99255787845958221,-0.10191036298636134,-0.030682110920670025,-0.10412823141683125,0.99409049864258026,-21.658488152144169,-14.427401639312144,-1.1195356685032178,,0.1287473962799476,0.4054054054054054,0,3
0.99601168577251353,-0.07937916471731879,-0.04073904777209543,0.086976576669536759,0.96562614194298013,0.24495148316996254,0.019894645396299284,-0.24751788259658544,0.96867904946863548,12.358670431011747,27.279727286786489,-1.1499717049997076,,0.4674343015080635,0.3888888888888889,0,5
-0.43857179620329995,-0.84724988807162238,-0.29970386506956348,0.89865766231593702,-0.41653440260077934,-0.13752635169620489,-0.0083177843123870276,-0.32964635385915619,0.94406784494097551,4.4943466269093744,39.159100487445016,-1.2446181139356634,,0.5438508730340531,0.3125,0,1
0.97768379652316173,0.20999570529414616,-0.0060164585986935866,-0.20853279024377586,0.97354800411484821,0.093372153649467896,0.025465062521051157,-0.090033812770584074,0.99561309912475005,-11.915209694193647,-3.4656492183162757,-1.0516052770680608,,0.0714316644665775,0.3114754098360656,0,4
0.049181998517693282,0.99439359405686922,0.093608285533211225,-0.99878564040570916,0.049236879351348656,0.001724595923056156,-0.0028940527228616892,-0.093579430487700288,0.99560761078269921,-30.111587758420789,-9.9636282600992452,-1.0760420682561798,,0.2162924310937565,0.25,0,1
-0.71243848283204703,-0.68008317193073686,-0.17296903606310399,0.70166837437099883,-0.6937772616191199,-0.16227940001070951,-0.0096384950864588873,-0.23698099188944152,0.97146647337701031,-4.2511239836877905,-9.1540722632571612,-1.2659683970162501,,0.1694404864267094,0.3333333333333333,0,4
-0.50599088277439852,-0.85283435414267694,-0.12902244356400949,0.8624768548752666,-0.50205508581673797,-0.063830757554774631,-0.010339311082150011,-0.14357665269670747,0.98958518756434311,20.122276764531559,28.528764858036965,-0.99920049633761698,,0.1654592611208768,0.3636363636363636,0,1
-0.7109025995459175,-0.68720142394266415,-0.14957171153005841,0.70305662086953369,-0.69989245852008963,-0.12594417159288149,-0.018135098851922833,-0.1946914210690322,0.98069687913837644,-17.594486070663613,-6.843556316066338,-1.0914502143678757,,0.1416470442870969,0.28,0,2
-0.92244918704612755,0.38363387139087574,0.043732711322152514,-0.38500083597012175,-0.90524880929699225,-0.17971908515426122,-0.029357343548848041,-0.18261885441549086,0.98274538940242717,-26.915522970313525,-2.8751069918500818,-0.97168324898867608,,0.402682998609919,0.1904761904761905,0,3
0.67429260015946746,0.73692567327892633,0.047644951805891698,-0.73830393172926667,0.67139714670227812,0.064289779849879686,0.01538810460358331,-0.078526578063996405,0.99679324976359485,-0.93107538668633516,-17.244316827987376,-1.6331677290391966,,0.06789137464250822,0.1785714285714286,0,3
-0.99960202327925951,0.013618228527996977,-0.024705038105008598,-0.0052916556480217614,-0.95073261844849266,-0.30996691210285016,-0.027709085811578767,-0.30971282193321048,0.95042631197460758,2.7637915140314528,30.726695782767205,-1.2231248300617852,,0.33623616322339,0.3478260869565217,0,1
-0.25477161668447662,-0.91834549304548052,-0.30287452638845663,0.96699679665304128,-0.24290226269281331,-0.076913497134563691,-0.0029357443238772507,-0.31247407281527417,0.94992175215830277,-23.987767996693538,25.781011791027005,-1.2939283028085786,,0.6392482030314777,0.1388888888888889,0,1
-0.053631386777653153,0.99845520038896662,0.014521954707750313,-0.99854067122253487,-0.053532291586679458,-0.0071289320327744543,-0.0063405257475193082,-0.014883096912501594,0.99986913701720892,1.7273798800458573,34.162427348397358,-1.2656825569030983,,0.09102662125805461,0.44,0,2
-0.92362191539006155,0.3831506858308788,0.010867812959455983,-0.38233767530172696,-0.91890834391138443,-0.097084280575737758,-0.027211384677479005,-0.093824343522161402,0.99521682718218263,23.078322574188778,29.475561512270293,-0.95581944105162986,,0.1335355239329146,0.44,0,1
-0.38398794535478942,0.92144097073096665,0.059159067610823755,-0.92293101871707239,-0.38112768528258617,-0.054221971570626776,-0.027415187616995927,-0.075420321992900483,0.99677489059386581,-30.046632149910408,29.388031380096791,-1.4195129268077931,,0.1816120275070674,0.1333333333333333,0,2
0.57554956655252532,0.81610538979961889,0.052102679213358108,-0.81766347046984766,0.57329425990397442,0.052537040460586736,0.013005594965369158,-0.072840128371414903,0.99725882808748845,-13.146289448573185,-19.656160847850863,-1.3543667409554236,,0.09732743167059212,0.125,0,2
-0.80095574883701748,-0.59666962702557969,-0.049550424721600379,0.59835603211689181,-0.80061741342247006,-0.031333945714597092,-0.020974919171824084,-0.054745899479977059,0.99827999041144078,11.452532737366067,-12.50850890666193,-1.5069010648446102,0.3386493893821376,0.3311659667001156,0.5384615384615384,1,5
0.047334432120855092,0.96744299473175688,0.2486232158915283,-0.99887475438300233,0.046578543391931973,0.0089254888819896936,-0.0029456055562080792,-0.24876593665519259,0.96855915264271386,0.78526990220423409,-9.3119149054271606,-1.3926983180120982,0.6784573214593551,0.3320524172188075,0.360655737704918,1,1
-0.68972957402687074,-0.70123069487074707,-0.18041238118211794,0.7238898439458622,-0.67332512792606913,-0.15038871611719865,-0.016019005735313552,-0.23432623556578797,0.97202603194606896,-1.0709733306846383,0.83112789356796313,-1.2356381890181161,,0.3411539447023252,0.3114468332364904,0,1
-0.80287845148042591,0.59282374675145533,0.062818766590577557,-0.59528726128665432,-0.7916193748989343,-0.1377383092478518,-0.031925987819167036,-0.14798233195955768,0.98847456251012533,-18.352400171869697,-9.1034221547236562,-1.1020850321092097,,0.1600612707061727,0.2571428571428571,0,3
0.16838971069529368,-0.97809999623326371,-0.12233275399681999,0.98570708464789558,0.16643813771012722,0.026074692529987776,-0.0051428209091827076,-0.12497497223074684,0.99214656563887893,6.3292989505150379,28.751164641798791,-1.156384054730039,0.3365270724836392,0.241649501363068,0.4821428571428572,1,5
-0.66549696448273898,0.7452423244310552,0.041565227544897061,-0.74628621645187099,-0.66338779135963122,-0.054530004666632173,-0.013064202930627471,-0.067309108979315593,0.99764663606419257,27.753378803332552,14.191292326360928,-1.043409873212358,0.2648786718621647,0.3002110869577089,0.6829268292682927,1,5
-0.75161505710906529,0.65952979555362989,0.0097598516343631453,-0.65920403976134601,-0.7505654254556664,-0.04584295008916317,-0.022909384305551062,-0.040889985174157949,0.99890098068987765,8.651414286133857,-18.083584185456552,-1.6184066899155025,,0.07484653970346231,0.2352941176470588,0,3
0.70398181225349876,0.7070900161624909,0.066583158978889098,-0.71001778615678246,0.70290962736203566,0.042341458439520772,-0.016862720934093956,-0.077082843779225932,0.99688208121001265,4.0513195575558054,-14.628425626092284,-1.5529802288898473,,0.421818821224467,0.25,0,5
0.75950446856403531,-0.64912359884499038,-0.042326299788548988,0.65006630887493166,0.75976855892968276,0.012865882310800259,0.02380664396726884,-0.03728659657894761,0.99902099748632645,9.1027038211635922,30.467540879920829,-1.1278516207723011,,0.1699488217702442,0.40625,0,1
-0.56958060861966553,-0.81342004636933984,-0.11800745081965358,0.82184383274688277,-0.56576071121690774,-0.066989045516808121,-0.012273746794101583,-0.13513935699062746,0.99075057876934636,-11.258673344917005,28.126640455480647,-1.2830365482009825,,0.0781973664535021,0.3076923076923077,0,1
0.99433965329034013,-0.094786084945627708,-0.048002624877463693,0.10249833823653398,0.97473273456369691,0.19846961185210957,0.027977572324905706,-0.20226639431862678,0.9789308255316852,-2.0852114141046698,34.739104171884897,-1.3388657181702861,,0.1541358842855966,0.1071428571428571,0,1
0.9245081894362257,0.37019625107506898,0.090770828768479764,-0.38040675826755721,0.88114511854069522,0.28084511449600336,0.023985535843929717,-0.2941734450317865,0.95545103396689612,-5.9701207867449009,30.34487528453106,-1.3068407653016192,,0.7379753147743116,0.4411764705882353,0,1
0.4035439440176693,0.91347989883070646,0.052026528607109018,-0.91493131563985275,0.40242595893120042,0.030887460883535986,0.0072782489784524789,-0.060065148052310294,0.9981679242899274,-32.641755220883518,-9.792195120907337,-1.0602260566661035,,0.1279859898742602,0.2608695652173913,0,1
0.97920641403556918,0.20285370385960311,0.0022745421608225012,-0.20068580406848935,0.96698032510960341,0.15708042174729947,0.029664907837120599,-0.1542706248168004,0.98758319526085958,8.8889936155296105,-3.7239443923862314,-1.3718704628340614,,0.09884281869070927,0.2631578947368421,0,5
0.99563581983217164,-0.086658836277128309,-0.034634669945202222,0.088743231729987451,0.99399461476289663,0.064026124702958889,0.028878245951528641,-0.066820295700146026,0.9973470283674124,-6.0795357635766498,34.978695632063847,-1.384021858136949,,0.1050873274609413,0.3076923076923077,0,2
-0.2819991697597658,0.95622274640826199,0.078195444280619336,-0.95939735474817323,-0.28154527779742089,-0.016999183868093942,0.0057605517974318992,-0.079814258133580493,0.99679310804277488,-11.761656237569047,-15.773043456366443,-1.2718459504655779,,0.1437537680737671,0.2682926829268293,0,3
-0.30554678254844125,-0.94971391477272082,-0.068444457491957919,0.95216687460731564,-0.30508567915435936,-0.017348523725665158,-0.0044052894152567688,-0.070471330780653124,0.99750407766744087,-12.554459407818234,29.483729768161769,-1.3321698634134898,,0.1853077637682635,0.64,0,1
0.61987214372734845,-0.76866477271848743,-0.15783850167971561,0.78306986106669818,0.61890915118083112,0.06126218469500639,0.050597609823421923,-0.16157329533762513,0.98556275909446633,1.470395179698792,28.687191809544196,-1.214110497353164,,0.3528097607953319,0.4,0,5
-0.69692017654669669,-0.71455367616275656,-0.060953354332715322,0.71701190403737602,-0.69592594686192233,-0.039761865562773425,-0.014007033619436107,-0.071415127015399205,0.99734832563280362,27.720232737447461,9.2933488427351048,-1.1256694142049635,0.2714149746284307,0.3327441578804474,0.8266666666666667,1,5
0.99416896389179565,-0.10251442377895501,-0.033449426775110973,0.10414028850995742,0.99324639931715086,0.051150665221278965,0.027979841732531995,-0.054335836800267719,0.99813062536716024,-29.598966205156998,-3.4159154774396607,-0.97874395851699503,,0.07375232016296832,0.5263157894736842,0,1
0.99992684201805615,-0.0047216776219796974,0.011136263836262717,0.0038675693556620553,0.99713770000055679,0.075507940939206264,-0.011460912663304812,-0.07545934665787675,0.99708301283438305,-11.407571214539127,-6.5724599355555675,-1.1490541128479879,0.376911139255086,0.2070793232258353,0.2368421052631579,1,3
0.79531888362605352,-0.59901833796382176,-0.092977976590516986,0.60618884315717658,0.78634016279863284,0.11918152038626639,0.0017204009910919856,-0.15114952581096178,0.9885094137475624,-5.8861855542780157,-17.291033806211978,-1.5037979960434464,,0.1980455650192657,0.1311475409836066,0,5
0.93431078776617948,-0.35364273553505504,-0.044723231849051123,0.35565009514496421,0.93327329440991802,0.050139483091038578,0.024007533965793998,-0.062751681607282644,0.99774037944163585,6.3894372296871635,38.238505266466078,-1.2091782033096563,,0.08769212392145315,0.2692307692307692,0,2
0.99832615205611208,-0.036945002157752461,-0.044496751975849333,0.041473887065023002,0.99354567512090031,0.10557891901451111,0.040308942091728181,-0.1072476492242075,0.99341488358254793,-25.200787164803149,31.108657906986704,-1.4476038356744394,,0.1491156997075614,0.2777777777777778,0,2
0.98916762911735323,0.1449379697167219,-0.023246213471209538,-0.143896817449541,0.98872129270974252,0.041520010480121064,0.029001852255466684,-0.0377251941912893,0.99886720953737484,6.2486635868388642,34.26283643595734,-1.1758480299779122,,0.1346533997031177,0.5666666666666667,0,2
-0.76170962882736004,0.64738608445231038,0.02626212118606459,-0.64749200205136859,-0.75911207997821417,-0.067104078196934938,-0.023506352996501938,-0.06811833592107007,0.99740029260079355,-13.515994770770526,-12.886976119875344,-1.2243554766186886,,0.08751577339831791,0.2307692307692308,0,3
0.8167868528004214,0.57633169427175379,0.02647669296254903,-0.57691612411352766,0.81547969199178105,0.046482875199532654,0.0051983487963087049,-0.053241432426638736,0.99856813840766634,2.9941745651113538,32.900678572766822,-1.2388001001497517,,0.1702814195301141,0.425,0,2
0.04536718182344477,-0.9942317688321145,-0.097185434394068543,0.99895343566723438,0.045717833613440909,-0.0013831335161631735,0.0058182628015839089,-0.097020974715053457,0.99526533059446687,-12.280286203607581,-20.74082845104568,-1.4285801370616176,0.4630511586881058,0.2938640173665521,0.3478260869565217,1,3
-0.67982507422900629,-0.7312503759615202,-0.055774152666458715,0.73320612533461316,-0.67932940133476993,-0.030337143140825119,-0.015704974413532628,-0.061517900958002816,0.99798241549658162,-3.0626032936463337,31.926808081197507,-1.290075499572662,,0.08606275879505111,0.2777777777777778,0,1
