axis_00,axis_01,axis_02,axis_10,axis_11,axis_12,axis_20,axis_21,axis_22,location_x,location_y,location_z,dbh,dbh_approximation,score,reconstructed,number_clusters
0.15688980916218875,0.98012475759736262,0.12141271484388713,-0.98488226347389241,0.14612797166331559,0.093024421482250944,0.073433744801652337,-0.13417181314373119,0.98823347933680616,10.543330127615382,-28.71135804270212,-0.80143153816267043,,0.2870699206154676,0.7454545454545455,0,6
0.071753022667265645,0.99180642671376384,0.10569539094674746,-0.99660400246562775,0.06699853416239937,0.047871272069789916,0.040397599032626914,-0.10877135812963232,0.99324560187449806,2.9509730983483942,-27.564930331734519,-0.53262641933008203,0.6915518872075506,0.4393090294705924,0.3928571428571428,1,5
0.40903352729009201,0.89507731275194657,0.17756175756445761,-0.90977106234200922,0.38491626174728882,0.15542228143861472,0.070768550060862606,-0.22511347280704097,0.97175909395437943,3.5921293060575121,-26.777891601194312,-0.58945543066724881,,0.3454603841354278,0.4,0,3
0.19156179841189297,0.97626359077125247,0.10106175697870258,-0.97971278976964138,0.18402312008152075,0.079362086900793258,0.058880616088727342,-0.11421423996106309,0.99170972589721484,-4.6809261602352459,10.078088577037741,-1.5866796276118871,,0.09311508239013358,0.2413793103448276,0,5
0.23515147675207981,-0.96786661741145297,-0.089095420094570374,0.96988044210471724,0.22766946934270393,0.086594114996166163,-0.063527246155281603,-0.10677463945021537,0.9922517147207166,-9.4969430165898832,10.731505950631318,-1.4397849329320815,0.5293025037811291,0.2464077784775232,0.2888888888888889,1,5
-0.74991565000510352,-0.66150823960134464,0.0057764017306444759,0.66144141753344354,-0.74963707204060903,0.02322738456503293,-0.011034901393867733,0.021239330542965278,0.99971351985922197,-6.0998842803759299,16.005017740895511,-1.7392307673236433,,0.06701214386742736,0.2666666666666667,0,1
-0.20580460252168215,0.96635028251721811,0.15431006791452456,-0.976773368073239,-0.21246382172508105,0.027801292790685384,0.059651093902399394,-0.14500433075210459,0.98763125257323714,-17.631211567325195,-21.249406443329217,-0.1515368836017586,,0.5881152940842908,0.125,0,1
0.17782887839630829,0.98001319847191293,0.089168496842565378,-0.98292311644100494,0.17253536852611262,0.063981980068307229,0.04731846546765639,-0.099023620557976283,0.99395939826402191,-15.933960681280031,-25.717827256673864,-0.028518364193534852,,0.1247309077459832,0.1111111111111111,0,1
0.36881409135771182,0.90443016365167317,0.21443471056009969,-0.92950265080526795,0.35861853509063957,0.086125306591177592,0.00099406336116100724,-0.23108185858360245,0.97293380374596028,5.2287103679518445,-26.417161511140829,-0.65525338445147596,1.007179375059613,0.6258536448035739,0.1818181818181818,1,5
-0.88937353506463479,0.45224412420495202,0.067007217885323864,-0.45437768650560151,-0.89058074424026701,-0.020170671636545002,0.05055327024488649,-0.048385846179932232,0.99754858365745769,-2.7094098062460779,3.8959223747582943,-1.4171465446819087,0.1242312966435002,0.09642656234934976,0.2717391304347826,1,5
-0.7000470844290746,0.710374085348218,0.072819904202325411,-0.71107142909271104,-0.70282415315805813,0.020387066137836987,0.065662030964649842,-0.037508247137686357,0.99713671534361659,-19.845259110498549,7.513090006006931,-1.1097732381401759,,0.09849889075592828,0.3529411764705883,0,3
0.98048757431317091,0.17890187012076544,0.081475379623335245,-0.19471738395494465,0.94078501506973911,0.27750440682261795,-0.027004758899432109,-0.28795429548371587,0.95726332151047133,7.4869088508881125,-26.267437228662338,-0.74774439835062323,0.7179958273373876,0.4033493574045366,0.1739130434782609,1,6
-0.73729489875082543,-0.64745195393496235,-0.19287871738947399,0.67546068969512385,-0.71165145793958606,-0.19314517619927174,-0.012210198712405492,-0.27268694460545756,0.96202533297681048,-16.117805510403116,9.8479260903541892,-1.2371197932928317,,0.4124431721068584,0.131578947368421,0,1
-0.61866700440431632,-0.78565309949168705,-0.0005872993228431049,0.78543922179542158,-0.61851568992138029,0.022881656113153688,-0.018340297892660756,0.013694837720239633,0.99973800812664126,14.767909134792474,4.84996789080685,-2.2331286999880859,0.1916809196019958,0.1019748946206233,0.2727272727272727,1,5
0.88902382059614382,-0.45633933120458581,-0.037296932962209754,0.45564938247358294,0.87379268613126815,0.1699116885765847,-0.044947599091373379,-0.16804986301468694,0.98475324669516429,-14.01578976457772,-25.898654760410004,-0.066540588407627874,,0.3630204984998158,0.4482758620689655,0,4
-0.41945866602228965,0.90516346414738447,0.068800658946750151,-0.90583307727903994,-0.42231179407056274,0.033454217911742933,0.059336865488373719,-0.04828925099448178,0.99706934795549984,-20.957066113536555,12.373731255720248,-1.2003604818415274,0.647025068056498,0.5599036132297952,0.9529411764705882,1,5
-0.93246770534798196,0.34208111702976779,0.11612272755466997,-0.35839913422232561,-0.91633120235795162,-0.17856984116562968,0.045321507827488797,-0.20812889505519694,0.97705082977875113,31.541153144084337,2.3288205855193773,-3.1668581278888386,,0.2900862498724175,0.3043478260869565,0,4
-0.99934441067232149,0.0096518913206478114,0.034893980167457067,-0.013511173741439626,-0.9936032938410746,-0.11211575559348182,0.033588644541289854,-0.11251371232922282,0.99308230650625196,-2.6434482723891835,8.3564195089793767,-1.5934537921137515,,0.08879500093670761,0.3703703703703703,0,2
0.57199830546508179,0.80559543593753302,0.15438242173800018,-0.82019060243259267,0.56408648758374791,0.095361471290501792,-0.010262271986945102,-0.18116961147511718,0.98339832095220692,10.531779475590916,-31.85271418626294,-0.67927926763966417,,0.2664360069778398,0.8857142857142857,0,5
0.33524376867492067,0.93646161030271424,0.10320498047033846,-0.94102351022000452,0.32752342485514174,0.084871428551536482,0.04567678598431036,-0.12557093055482632,0.99103257899109365,14.393983470152278,10.283390245776662,-2.4238149534681357,0.3699070107586476,0.3422794342942171,0.25,1,5
-0.4297969046687552,-0.8902976735625221,-0.15048147123921032,0.90198389185204175,-0.43095358649026011,-0.026534225645852508,-0.041227170368583137,-0.1471361911303338,0.98825667803615536,-7.3665270041412487,22.014719974878268,-1.8817300212996695,,0.4563084347865639,0.3,0,2
0.94099853375758014,0.33454171148691336,0.051025510693096403,-0.33816972815666951,0.93526655826937788,0.10448779805028391,-0.012766926980628644,-0.11557814784101493,0.99321633963457945,-5.179638808075719,-26.003230180502463,-0.30225524551821975,,0.1085194379499587,0.3529411764705883,0,1
-0.73848217815853812,0.65741293520243915,0.14984093289463696,-0.67069212574738524,-0.73906501996332574,-0.062888542096812272,0.069398451010630718,-0.14693920135594415,0.98670802474805219,-10.067016444757305,3.946280088219511,-1.2030305403456092,,0.1191556523220168,0.2525773195876289,0,4
-0.072285737585833246,0.98932158779936008,0.12656053119288321,-0.99579525493383092,-0.078746475644024164,0.046806012700411792,0.056272394590403549,-0.12264496927227707,0.99085398980841966,-10.659743219271391,9.5918816167683296,-1.3748988230024264,,0.4147639305149024,0.3333333333333333,0,1
-0.52269061712463682,-0.83034443922932499,-0.19319065974006891,0.85203414454756743,-0.51647018465564942,-0.085418761913603258,-0.028850221748886018,-0.20925262388485361,0.97743593350272473,-29.963636430840307,12.079000950500262,-1.121475384755096,,0.4003011652891637,0.1818181818181818,0,1
-0.97589248100335124,-0.21783855008052477,-0.013425037055398241,0.21735643417293687,-0.96448217151454829,-0.15010103715233714,0.019749583406994332,-0.14940049173077141,0.98857950971373798,-1.2030721770714263,13.792213625701658,-1.8519544924194602,,0.197764007165011,0.1923076923076923,0,2
0.53656637930730688,-0.84367342867190009,0.017654074601830674,0.84150535924340875,0.53651441332041216,0.063411471076409709,-0.062970238697879585,-0.019168465052095698,0.99783130788018359,6.9257868982990649,-12.907283036265676,-1.2110933807859712,0.3677788624110273,0.3189921825231885,0.9084507042253521,1,5
0.771586829483493,-0.63343539956667316,-0.058423960353784173,0.63331568154369322,0.75631308851680601,0.16401755896554951,-0.05970772210073929,-0.16355459857178875,0.98472578985601988,-8.333423620245787,7.6959728344498384,-1.3842995198582946,,0.07626308693480482,0.1694915254237288,0,4
-0.21331948831689265,0.96415856097029884,0.15777536313347557,-0.97513660544696346,-0.22004420481886791,0.026251640767840225,0.060028298506543842,-0.14825254545306488,0.98712602343626565,-10.277883466210694,5.0795573341698415,-1.233875048890523,,0.08411863724113083,0.2430555555555556,0,5
0.96446770526123615,0.25779926015183419,0.057806461345525757,-0.26352848030043308,0.95430300895413855,0.14092021562437743,-0.018835752670624904,-0.15114664589809412,0.98833188042028031,-20.948448876458617,13.782800106216818,-1.2013771275252429,,0.152876722913625,0.2666666666666667,0,2
-0.87125928892760862,0.47943031032348837,0.10513719132867563,-0.48771941195011081,-0.86970559101988099,-0.075775722733592843,0.055109224857523099,-0.1172977514357537,0.99156654383037768,-15.845086623339416,3.8355234243792258,-1.0695888526173289,,0.07890170440721629,0.2333333333333333,0,3
-0.79139713850427795,-0.6062443785844599,-0.078474980738981751,0.61126284489417393,-0.78625782938112831,-0.0903125693841004,-0.0069500805119278248,-0.1194419489610717,0.99281685985344692,-26.458734646871481,6.4228902913395247,-1.0376660694356357,,0.1872184795494153,0.2142857142857143,0,1
-0.49309478659068756,0.82467393856701821,0.27707476695911365,-0.86757436494762674,-0.48977463765606077,-0.086229493762847928,0.064592977348989389,-0.28290227881237923,0.95697128897368522,19.777875250010883,4.835216476248851,-2.5288298120723551,0.7592811211908982,0.5218855883009059,0.4864864864864865,1,4
-0.9604174065196871,-0.27814795801770631,-0.015235442382042661,0.278154740914351,-0.95460100894475897,-0.10661544835771367,0.015111100584222624,-0.10663314293514167,0.99418359847007409,-17.416266839863944,3.5792713128396612,-1.0379126754644374,0.1709052567930605,0.3468879501427707,0.479020979020979,1,5
0.88155177864576306,-0.47064627956656518,-0.036858392485871923,0.46954944806624788,0.86605131233479316,0.1716928659667149,-0.048885349412415069,-0.16866298922209641,0.98446077559214784,-8.5568164038597487,-27.198043516260167,-0.15579345935562161,,0.204688835172889,0.1818181818181818,0,3
-0.41463492139807634,0.87762619370398476,0.24052057309483468,-0.90781731537660726,-0.4171802867349314,-0.042758978731612933,0.06281404189845799,-0.2360781067452401,0.96970177047170669,26.731719767380106,3.1163100157373758,-2.8882825093800788,,0.4650521090799252,0.2608695652173913,0,1
-0.81280460123723797,0.56969266476920566,0.1216509264894295,-0.57826675425861807,-0.81429529326579653,-0.050306423887747344,0.070400576182145819,-0.11123597922134806,0.99129728931329686,-24.668759962087151,4.4929145330670899,-0.99684178787748667,,0.1908627164348796,0.4852941176470588,0,4
0.54091253688145546,0.81997951674060321,0.18720902641249737,-0.84012584095260967,0.51615284852549448,0.16665775806330896,0.040027475665329409,-0.24742641145371899,0.96807952778012851,5.1567394672047211,-29.645067846990109,-0.5356918736314138,,0.2843377032537072,0.2352941176470588,0,3
-0.57209914219048241,0.81578195844920853,0.084866764835761638,-0.81775061194339438,-0.5753051712383882,0.017546983004874749,0.063138800836877548,-0.059361234952980416,0.99623779069745133,-13.500464934349456,12.843013828224107,-1.3592981046187687,,0.09465723174908118,0.3043478260869565,0,1
0.84856680496181203,0.51948861722490514,0.10032922849628147,-0.5290878926953303,0.83294933767089285,0.16205370306425032,0.0006158896960134475,-0.19059637312230684,0.98166829592918292,-28.464588941413513,2.8945761917582518,-1.0333621196358196,,0.1468776011056408,0.4,0,1
-0.9829669439183728,0.1677262995712647,0.075125731915930791,-0.17888784112286302,-0.9669102877682636,-0.18188907528022197,0.042132261536443276,-0.19223002845555456,0.98044504624063478,-10.616414223729233,-26.045098334694327,-0.13436377610222905,,0.3688311257938867,0.1578947368421053,0,1
0.9259361452785243,-0.37709355435557396,0.021040582934584127,0.3708945636262328,0.91840111617267028,0.13775562596605295,-0.071270453480061613,-0.11974907547147312,0.99024273861739243,11.906067816621386,-12.491964769609046,-1.4241474355617918,,0.1423901276048581,0.2857142857142857,0,2
0.40701252854305198,-0.91322174760686248,0.019153101755547981,0.91114460925195606,0.40738818161986856,0.062051353793098327,-0.064469393048878013,-0.0078044329918267215,0.99788916628330238,7.2265195230516461,-8.0716685727682194,-1.4040106024961823,0.3774615435498224,0.3523713907789549,0.9723502304147466,1,5
-0.99830862397260023,-0.048494067281283797,0.032065818880106983,0.047646661804187605,-0.99850777842356009,-0.02668355385933039,0.033311963629466014,-0.025110592708352118,0.99912950672722312,4.3034935002641941,3.8652058266593499,-1.7007309794436487,0.5219220621433355,0.3535193425230377,0.6936170212765957,1,4
0.26203569905016733,0.92724916032855276,0.26748137709620906,-0.96426195163975559,0.2403053340476716,0.11158958306278684,0.039194145521746632,-0.28716256911065396,0.95707966118740051,-11.270560003006945,11.380290786708146,-1.3947524981983586,,0.1340721576082655,0.3571428571428572,0,3
-0.95549579505663318,-0.28905123349546502,-0.058967533811785829,0.29489824562849226,-0.93050508080089001,-0.21724483728956046,0.0079252983749040409,-0.22496595079807186,0.97433439363864682,-17.350669632748037,4.9793296608138418,-1.0772770829746596,,0.4252755719477985,0.1594202898550725,0,3
0.64240463397338621,0.75999277493981787,0.098626914626760515,-0.76609811326260879,0.63344006209835324,0.108845618121743,0.02024764443063903,-0.14548082268157897,0.98915386221098112,3.5775644785861997,-28.067985829479138,-0.53855106552055354,,0.1165911922302049,0.4,0,1
0.29306317459185321,-0.92516364201003154,-0.24121818173777546,0.954842611801618,0.27031235739154469,0.1233159200155826,-0.048883150328194049,-0.26646475366201661,0.96260426586932968,-16.787803387125436,11.985465594367749,-1.2675555650401242,,0.2646412274642742,0.375,0,2
0.22568353969272795,-0.96886681930585905,-0.10180386220526509,0.9701209252271592,0.21395434348208689,0.11440685880465837,-0.08906363089477555,-0.12458180185443146,0.98820394873656625,-6.6306005040403244,-26.302419519922882,-0.25071393250331037,,0.4441398866788807,0.3137254901960784,0,4
-0.11229358159133393,-0.97271546862014369,-0.20301420797688982,0.99263223573291592,-0.11916730986255852,0.021917957112659859,-0.04551259295252108,-0.19905720124430165,0.97893045438147575,7.5736136732907076,-22.130567192528751,-0.88647868560393173,,0.5776690445270395,0.3793103448275862,0,2
0.69177472672909612,-0.70255123671851649,-0.16694156835302265,0.7203487593503064,0.65523760477519855,0.227511200143937,-0.050451881643387236,-0.27764264995447502,0.95935872673619749,9.2386026020508538,10.141878539105017,-2.1713932925220822,,0.3733956109837786,0.4444444444444444,0,3
-0.42580052803546564,-0.874601661514399,-0.23187462992093924,0.90414493940448171,-0.42115138345594788,-0.071787469396881784,-0.034868881169112527,-0.24021541559482618,0.97009314771140442,-26.783837573149167,7.5027024529485669,-1.0395534544510554,,0.2246297191665086,0.25,0,1
0.10280808375480602,-0.98647323551072674,-0.1276755792454585,0.99305912788330253,0.094417076813665152,0.070135469868084305,-0.057132008911986533,-0.13399989263787113,0.98933308967744538,-9.1751668911103685,1.7622534992093579,-1.1558849075674258,,0.2542865315634596,0.3274273564847626,0,1
0.9413087783722115,0.33455509206566503,0.044840541169253643,-0.33725138278902106,0.93770560000957925,0.083484804111704197,-0.014116960236194021,-0.093707513485370361,0.99549968023605151,-0.059882243829756397,10.894436800638617,-1.7821023360355899,,0.193786743198265,0.1875,1,5
-0.70924347431833146,-0.70116593273948746,-0.073075501383341124,0.7048098210021444,-0.70743395045007373,-0.052728758467532798,-0.014724481511654026,-0.088901858901639749,0.99593154841487275,3.8570022843717129,-24.31977313083112,-0.67502883308419315,,0.2445204314422542,0.25,0,1
0.43156607874176106,-0.89852947080941237,-0.079971931115964692,0.90015215110281555,0.42315273596148262,0.10328536640436871,-0.058964604165829999,-0.11656136639242129,0.99143160294611254,-10.29100400129459,-28.129010998477916,-0.067828839907821445,,0.5525922662390991,0.2222222222222222,0,3
-0.96770317106317716,0.23019664563610623,0.10276223553502131,-0.24782575050531983,-0.94337695897026208,-0.22050467267269908,0.046184089259671331,-0.23885019912469005,0.9699575311720352,-14.695348517785773,9.9831720440727398,-1.2726260162473571,0.4815722426437274,0.3066855324681893,0.5652173913043478,1,3
-0.76135698158692855,-0.64627129876036704,-0.051661929768745875,0.64833235898358543,-0.75883260334550928,-0.061953469593373459,0.00083599259655006794,-0.080662807405063666,0.99674109608158201,-21.497660932545781,8.2474276192207761,-1.1000757272122044,0.8186572364861876,0.6931265870288182,0.8552631578947368,1,4
0.014320410040606708,0.99690368855560807,0.077317278796472683,-0.99832239794896804,0.0099165815461992567,0.057044291246883518,0.05610094125494313,-0.078004468812114688,0.995373290396949,-7.7507128501665807,-31.884599493127997,-0.022546435363827864,,0.2421605864993354,0.6190476190476191,0,2
-0.91986830506052275,-0.39142819581699828,0.025025364423547202,0.3902518790007945,-0.91976607490024043,-0.041639385189439437,0.039316310628425465,-0.028536555189002971,0.9988192492821284,20.510897739765813,6.917405050605117,-2.6389123762744755,0.6375184183497622,0.379457282856741,0.4782608695652174,1,5
-0.96874783575479151,0.23091861015003146,0.090577183698688613,-0.24175434155789105,-0.96070253177755216,-0.13640191997956588,0.055519987917133438,-0.15403649217824733,0.98650407501393655,-9.6397081941214804,-24.796101971049538,-0.21525987689816575,,0.3596711906781537,0.1714285714285714,0,5
0.2416382779422141,-0.96823772868871594,-0.064238955290695648,0.96843635532028161,0.23645536741449125,0.07886624699355789,-0.061171630083661159,-0.081268443842592394,0.99481328484711806,-12.143775683682465,5.2466591772056894,-1.1919912900281191,0.4005383320261601,0.3805868419993952,0.2681159420289855,1,5
0.57614354217568253,0.79736597558312206,0.17962772556494208,-0.81561172818617755,0.54654434707844923,0.18991257336403214,0.053255306349834608,-0.25592338239982748,0.96522903742408095,-10.147037909280517,19.700005637497142,-1.6834385615580036,,0.4199749254217955,0.3333333333333333,0,4
-0.3380179055378944,-0.94031493161932456,-0.039391939651670538,0.94047316021605232,-0.33905747871287578,0.023457643575172174,-0.035413704254243637,-0.029117958421112453,0.99894845414985267,-12.855225359165736,11.931569508649389,-1.3654923902988794,,0.09988203081345884,0.2368421052631579,0,4
0.24315179857021849,-0.96748932579606428,-0.069581659384826924,0.96878550654050399,0.23865348077953105,0.067075766330874989,-0.048289182734107886,-0.083719296356886269,0.99531865965045629,-27.183298325036482,1.8099320736595705,-0.93626063096473933,,0.4606015200125874,0.3636363636363636,0,2
0.60093876860484574,0.79275732656694431,0.10202165241811473,-0.79895262342665685,0.59203224355786943,0.10570018026237087,0.023394484549863613,-0.14502980301395471,0.98915067321939354,-7.0520144176787554,-25.581643599672301,-0.26734257689799584,,0.09830446074104413,0.15,0,1
0.44027761942205801,0.86834231099151316,0.22833582456102611,-0.89781951929344506,0.42331760502375265,0.12133555147870385,0.0087022187821501687,-0.25842568800115917,0.96599194363586438,-22.040116232394183,10.49696050256083,-1.156148845819339,,0.358714236784541,0.1578947368421053,0,3
-0.43559310262961087,0.89877480573216528,0.049623558141450579,-0.89780914920810417,-0.43777051787292842,0.047913518755022665,0.064787194257270142,-0.023681686223252285,0.99761806178411494,4.5821518965985781,10.829024828039245,-1.9746623308860414,,0.08728538860099593,0.3333333333333333,0,5
0.95041295946270077,0.30410618273097889,0.065074081708030529,-0.31094810945664808,0.93270846206001234,0.18266416733169927,-0.0051458440208888845,-0.19384105454324985,0.98101945233663634,-0.54805051175221187,17.60912001386129,-2.0029121818083051,,0.3069985373937187,0.8767123287671232,0,5
-0.16100496275836507,0.96880707544141065,0.18838856797013645,-0.98651783082351729,-0.16364644794266298,-0.0015522702765245861,0.029325269554423331,-0.18609860464391056,0.98209334480748334,-4.016149458443242,-28.272783937628812,-0.25345168638003551,,0.494253079854263,0.5555555555555556,0,5
-0.96801925578002468,-0.25033129744546634,0.016521560409264221,0.24981379573723711,-0.96788197283294009,-0.028241000767849734,0.023060526846571498,-0.023210518828436687,0.9994645986313242,-16.758418061456467,7.0754371290942482,-1.149294088452445,,0.07953373079747626,0.1627906976744186,0,4
-0.969270553997165,-0.24460082176405362,-0.026173099670838949,0.24483053247687342,-0.94884871391326209,-0.19935929492311169,0.023929135402696325,-0.1996410681635904,0.97957686803097865,-22.263529971030263,4.5247898428515398,-1.0050768579393117,,0.1974256633314974,0.2692307692307692,0,2
-0.98472735683938561,0.15876005802252852,0.07146521299767708,-0.16689737729299359,-0.97765056396652172,-0.12784615844312436,0.049571142258778768,-0.13782096630276441,0.98921589307013003,-26.030869275469239,4.162091090135938,-1.0135633894077636,0.3304367792549346,0.4844493102657613,0.5208333333333334,1,4
0.82174104728060049,0.56246264246474076,0.091528285495600464,-0.56984902167792439,0.81001043152364727,0.13840228797092813,0.0037072505843833052,-0.16588814500878735,0.98613760684736562,-17.993811011143645,-25.275980144612301,0.023677494775035168,,0.2095389297748241,0.5714285714285714,0,1
0.92268132793516022,0.37044996672621205,0.10689241896578498,-0.38551925395713932,0.89060922762107775,0.24122625998119923,-0.0058371147101425767,-0.2637840515056486,0.96456409961346035,-11.275363574911671,19.450061295959841,-1.6413914787176798,,0.2699815628458889,0.1176470588235294,0,3
0.97769090762838418,0.21004459539693199,-0.0013255509515508145,-0.20486299903924074,0.95492785503233191,0.21481141335598819,0.046385781931902154,-0.2097476093496381,0.97665464705118632,5.0509416947164372,8.1015922477804541,-1.8897541080289664,0.6210109787572663,0.1853617634227319,0.2580645161290323,1,4
-0.99906247418023197,0.023634453487032865,0.036270997963150177,-0.026276364499738355,-0.99689864646102455,-0.074179790730725559,0.034405309961551826,-0.075063315224859498,0.9965850557548529,-22.590169321674662,6.3407727130205487,-1.0362885790754885,,0.110526948339444,0.3076923076923077,0,1
-0.30731520374197802,0.9492946421947388,0.066310239400772353,-0.94987776131308177,-0.31021072842179581,0.03874974238450106,0.057355070498370526,-0.051078236778298106,0.99704634276233417,-9.1665501351712741,8.5944206440091051,-1.3888363661279572,,0.09778638165813822,0.3714285714285714,0,4
0.60845833096966784,0.73842071566679301,0.29071172344394575,-0.79319046640573709,0.55431821527306013,0.25215114558442875,0.025046825680252165,-0.38401323270251003,0.92298780795453228,-3.2391428027067271,29.219711261850797,-2.3613842003172114,,0.3831821770458734,0.2857142857142857,0,2
-0.91409279172246583,-0.40489762192171902,0.022187471310783965,0.40136068329130953,-0.91119785441209022,-0.0928874158470199,0.057827070036128296,-0.076002538621685378,0.99542937674859555,9.3252642097286493,8.5913926143864892,-2.0981655604872747,,0.2733681470819116,0.1666666666666667,1,5
0.86506400837762198,0.49224331223068246,0.096751139392814892,-0.50165951086566407,0.84936315826190467,0.16407303418107719,-0.00141299952708761,-0.19046980587885645,0.98169203749485878,-11.87571703515799,-24.901519313265073,-0.15722960416373963,,0.363792585337707,0.1428571428571428,0,1
-0.73803035906970516,0.62792587987033821,0.24702282987712723,-0.67194411177241786,-0.71737766242245782,-0.18401195643671214,0.061662790610049277,-0.30179194629140094,0.95137759139462053,-2.887340760703951,-1.5297815050454706,-1.199954148607566,,0.1226755539103796,0.2222222222222222,0,3
0.33541789512832498,-0.93637036753256442,-0.103466760046952,0.9403964273799017,0.32625413885686627,0.095983312351061917,-0.056119470763728446,-0.12949429209696497,0.9899908248643039,-13.772559563248398,6.6070678084881962,-1.1940261069002764,,0.1390291931384302,0.4444444444444444,0,2
0.62301843331452877,0.76985908079267484,0.13843781084432105,-0.78217225105526433,0.61148407207316124,0.11955667810693561,0.0073892780060516687,-0.18276822842573789,0.98312825879875243,-18.189836640778406,6.9837548793918982,-1.110319284131196,,0.4582877045449704,0.7571428571428571,0,2
0.09764530083091863,-0.99338147811486466,-0.060486644509069057,0.99254450219608703,0.092748043939533301,0.079077250241217131,-0.072943857767197223,-0.06775720835245104,0.99503173533828659,-2.2073936291139478,-25.117222435544299,-0.43091514111649276,0.5436162976061253,0.5869502430759389,0.9333333333333333,1,4
-0.33754919979079245,0.90441916153495661,0.26093393410785298,-0.93926574861445689,-0.34186711287975674,-0.030111967902862909,0.0619708899429336,-0.25525057762846542,0.96488691120774117,17.866754213258698,-7.5859280257961874,-1.9134306939010228,,0.3356700842960325,0.3225806451612903,0,1
0.59334068848606147,0.78072149185379591,0.19601219233626738,-0.80464347956092286,0.56852505915390472,0.1712545704912419,0.022264280517840459,-0.25933223723947724,0.96553150779318975,-9.5804423870304927,-31.620133698660357,0.01744140088022049,,0.3614257109183796,0.7777777777777778,0,3
0.85880324631578175,0.48351239323696987,0.16933029765441604,-0.51230516972435158,0.81094183051048452,0.2826955263211785,-0.00063023105181959124,-0.32952862260289717,0.94414537529675968,16.170809627287387,-26.258842247318373,-1.1329334956809145,,0.1054225590402172,0.2142857142857143,0,1
-0.92815763416754116,-0.36681573807366202,-0.063004923918591874,0.37208913239058156,-0.91063235346895122,-0.17971754052519051,0.0085489001244115365,-0.1902496547094735,0.98169852051920159,1.4768043983665053,-26.317059218490108,-0.52966650183458652,,0.2626338239576194,0.35,0,3
0.76651623763078369,0.59830551716042468,0.2334167208743724,-0.64215549762007207,0.7086756633745287,0.29225865430640163,0.0094432158010483262,-0.3739108346599071,0.92741658029133056,-6.8793271097012045,10.16803591720112,-1.5065105876409171,,0.2653749032258822,0.34375,0,1
0.95579413078338094,-0.29402134483775055,0.0030047195944406051,0.29030230645012334,0.94522933273173071,0.14921822748332281,-0.046713493016251051,-0.14174962900595742,0.98879972302124641,-3.7755985222842372,-25.984050818814513,-0.34406545691818324,,0.4707384485730734,0.4035087719298245,0,3
-0.93508837544632906,-0.3524255373744169,-0.037496275968403152,0.35422135065560778,-0.92583969145421607,-0.13171218799973797,0.011703198061299401,-0.13644451742123967,0.99057858285994782,-37.392276074543716,4.7796289807781589,-0.93248507176272022,,0.3169201456662814,0.3333333333333333,0,1
-0.82929948861177005,-0.55575005842830294,-0.058345786010601461,0.55879568775085486,-0.82533686208144974,-0.081033594518540475,-0.0031205030533312736,-0.09980449211575744,0.99500217377361044,-14.628115612994856,5.3056513743994635,-1.1294386504877072,,0.08760918284203695,0.1666666666666667,0,4
0.42686048871429261,0.87373602440091858,0.23318551163970808,-0.90423988082605566,0.40901169440012891,0.1227178543147481,0.011847408926661097,-0.26323904252221525,0.96465789033921856,-6.6459653432187045,16.987521688725749,-1.7276722750941005,,0.2053811199910277,0.1818181818181818,0,2
-0.6754530144582499,0.71574116079511563,0.17741988615406995,-0.73478676856491254,-0.67353443839582039,-0.080248146625074554,0.062061501763944441,-0.18456963736889817,0.98085800142544433,-9.3601198183964627,16.679458701622234,-1.6238176486892775,,0.7994461822002834,0.4838709677419355,0,1
-0.87099303252973725,0.47521210557492993,0.12467795314206818,-0.48902614329103145,-0.86295132827077958,-0.12715516589426781,0.047165331150685233,-0.17172204212255548,0.98401573757064864,-6.3482067185512827,-28.89618941510826,-0.15096770090669037,,0.2254964080699914,0.25,0,3
0.74572503265675383,0.66041305827384644,0.088027087481475336,-0.66604345780740737,0.73563414440739971,0.12340388119483066,0.016741803398630059,-0.15065522906086204,0.9884445932755076,6.0916146646738367,13.558404062971976,-2.1422594758539515,,0.11270020137277,0.2142857142857143,0,3
-0.10808413618118839,0.98246717998736077,0.15190806349120972,-0.99229523641049711,-0.11592535678405634,0.043720423734506325,0.06056387787288646,-0.14601216354185109,0.98742719468061346,29.167093224741684,2.7993916898039033,-3.0327126662113981,,0.155389497057477,0.25,0,3
-0.99376379263010883,-0.11126422533425653,0.0073346177944195439,0.10812938169362799,-0.9776502301946961,-0.18029992849364079,0.027231622646771172,-0.17838245306370823,0.98358433251399369,-13.648463309429523,3.5363719083473737,-1.103428054057549,0.6737990257157696,0.4597909347541191,0.5182481751824818,1,3
-0.81739359471764927,0.57166407504777417,0.071189160792437617,-0.5760795842475368,-0.81109523234519243,-0.10127604198468125,-0.00015468595227095521,-0.12379301016887274,0.99230805030775859,-4.8007288958944043,-32.29864540813201,-0.10939443965756726,,0.2683674769105227,0.2692307692307692,0,2
0.84230142749794767,-0.53476256987875082,-0.067507770601562933,0.53600427097569003,0.8178127867577607,0.20947951525465044,-0.056813085911064043,-0.21262934809705505,0.97547989912508326,12.036905489288062,5.2481885699361523,-2.1080220964349938,,0.2537243955035114,0.4347826086956522,0,1
0.19200486087233651,-0.98059812599444141,-0.03951517047393769,0.97959782934941875,0.1890631094613448,0.068141275118052805,-0.059348345682936447,-0.051792431271346938,0.99689283171647969,-13.603255599864603,17.396570148208763,-1.5116259148984132,,0.127169556292366,0.2352941176470588,0,1
-0.57471430431313431,-0.80217445482823491,-0.1619247122550915,0.8169626931599594,-0.57392730580619911,-0.056386218483450393,-0.047701429776221091,-0.16469241534163562,0.98519083528331841,2.5755751833808334,-31.584518826360227,-0.36010383746215119,,0.6006491567683697,0.1707317073170732,0,3
-0.96504371899754404,-0.26154662631167497,0.016851785910450938,0.26148990451384624,-0.96519039907037396,-0.0055247968028603271,0.017710173932802293,-0.00092509856472649599,0.99984273459975548,12.787501923388721,9.820733876985182,-2.317038421203772,,0.07646319157882975,0.375,0,1
0.88992573092480987,0.45361532768796292,0.047595461175264316,-0.45608124456309662,0.88609548346871281,0.082611697320208594,-0.0047001910302469658,-0.095225672288994825,0.9954446139998897,15.588742693768182,-30.064631736691968,-0.95702736035123637,,0.1876780532747201,0.8235294117647058,0,1
0.98550826131204394,0.1592330964130175,0.058466126025549202,-0.16929183226515612,0.94495921189554843,0.2799863628501405,-0.010665008861642311,-0.28582671124383563,0.95822197257499508,0.71285766805820527,-30.135670588969532,-0.37052688041227622,,0.4269655478556639,0.3548387096774194,0,2
-0.64342114849569521,-0.7480991677575145,-0.16234796231857909,0.76451375848770842,-0.63879405427344615,-0.086376323769254831,-0.03908885712678465,-0.1796936042974478,0.98294571051666646,-3.9924916021231649,18.83391842661905,-1.8832342300877185,,0.2265593501943448,0.24,0,2
0.12205530250444187,0.96628972862591189,0.22668626663874195,-0.99106103793420042,0.10626101188757067,0.080663600473909358,0.05385649653787445,-0.23450534685736102,0.97062182134751884,23.651151580039457,-25.986034977780864,-1.4529168338162164,,0.2612460384621839,0.1538461538461539,0,2
0.74737482352520224,0.65061493005231219,0.13465172094591846,-0.66408177250914069,0.7252139564833544,0.18182441184526568,0.020646369700028269,-0.22531074123260089,0.97406816871481094,14.166011227400213,-32.10505679081993,-0.82030017879096262,,0.2128082594363421,0.1428571428571428,0,2
-0.28603748222494618,-0.92879611465714262,-0.23562753693108376,0.9572817336557321,-0.28785380598946014,-0.027420225864455746,-0.042358484055606778,-0.23340514941872625,0.97145653276579103,-19.333655135535921,6.5803554038307634,-1.0951630986877572,,0.5290168496273013,0.4459459459459459,0,1
0.88117202267557948,0.4616651506439351,0.101986053628627,-0.47277909397901319,0.8622101247773426,0.18186156555969346,-0.003974260964229516,-0.20846819760421992,0.97802107126453897,14.449407496346071,11.899130462965942,-2.4892150065410292,,0.1510854146714343,0.15625,0,2
-0.92976030545402177,0.3614012085160655,0.07024913440869536,-0.36454376977216679,-0.93039773657608293,-0.038313074718667628,0.051513244144986411,-0.061230860333888679,0.99679344270537318,-7.9549439179298291,4.4018131448318796,-1.2829418182242172,,0.1862717381500012,0.5747126436781609,0,2
-0.99944785104797251,-0.00011628391838550408,0.033226187166758403,-0.0020745493162361455,-0.99782441557438695,-0.065894855100897057,0.033161563303388486,-0.06592740068957699,0.99727322663229645,12.223510078625887,7.2280911834154065,-2.1986847311573059,,0.1200673243895369,0.1702127659574468,0,2
-0.0085666210424824307,-0.99950163746967358,-0.030382391271171649,0.99808587698987394,-0.010407556499288394,0.060961175522354562,-0.061247001210407791,-0.029802004347932579,0.99767762597924248,3.0142597912172513,13.248672404366781,-2.0066849373748501,,0.1671085767889706,0.3571428571428572,1,2
-0.90074021218071432,0.42866692065057294,0.070083816253100562,-0.43110191406113357,-0.9019938346953208,-0.023627565775132864,0.053086814308921343,-0.051495565941027388,0.997261248036313,29.033154593968558,14.541176062722315,-3.4502195200670394,,0.1501101194804279,0.6363636363636364,0,2
-0.24157218900356237,0.96184051170284546,0.12847454046321988,-0.96850224919757011,-0.2472202046058477,0.029758422906635152,0.060384358895947107,-0.1172390740404031,0.99126622494609107,20.5417697799307,-26.506929191863609,-1.2909711300772007,,0.4554355020827728,0.35,0,1
-0.76777505617314168,-0.64032013238384999,-0.022618381512791785,0.64068407512073833,-0.76762525054666964,-0.016594897102626904,-0.0067363940660665018,-0.027232384895407909,0.99960643165592689,23.335142284250473,4.2839170604411692,-2.7458697780979251,,0.06989770399929199,0.2857142857142857,0,2
-0.98222302823000851,0.17926569776786933,0.055693199032486464,-0.18290271524211607,-0.9807044599275877,-0.069031579984821928,0.042243574324796689,-0.07799084485975516,0.9960586873002657,1.1991354033090278,-33.833235707621206,-0.25164579439875778,,0.1747295750499741,0.3,0,2
0.933541841668035,0.35214411224549336,0.067038452144180888,-0.35828610783282122,0.92256937676052109,0.14316707022815112,-0.011432182165366518,-0.1576713965008805,0.98742545842022966,-19.134784947868344,4.1314533230612129,-1.0311824545571495,,0.5782776589129296,0.5333333333333333,0,1
0.25542725936132182,-0.9580914970537312,-0.12968268368793145,0.9649242024707827,0.24420661969836471,0.09635564530229293,-0.060648154640410165,-0.14974581853540433,0.98686270127605613,8.0260583179507368,15.10909044772187,-2.2852552577338625,,0.07330155378700796,0.2666666666666667,0,1
0.027541659213906503,-0.99296614308876296,-0.11515075200436951,0.99811081330302376,0.020988053176139981,0.057743449770966807,-0.05492050050137641,-0.11652356115096331,0.99166829046883231,2.5714411734521914,-23.936898030500597,-0.64768134004900701,,0.8299702800254853,0.4878048780487805,0,1
0.92360810062718313,0.38081134741824502,0.043940802602454997,-0.38321392284281214,0.92014016357604,0.080555376690082614,-0.0097552957551507846,-0.091240325798182878,0.99578111909845479,9.710645720840489,-25.352565569118131,-0.86770903203001104,,0.07170250667754513,0.3333333333333333,0,1
-0.98252436907092178,0.1813247440746858,0.042038094248397072,-0.18127620970498698,-0.98341953440516106,0.0049955125192218978,0.042246893102108732,-0.0027122936024360669,0.99910351990503643,2.3509222056733168,14.99567199386145,-2.0342535215787247,,0.0704949025233627,0.3,0,1
0.640014920734429,0.76263501970880898,0.093641486271031263,-0.76809070944895963,0.63177835522003856,0.10436844318881509,0.020434365551607738,-0.13872251651843664,0.99012044727664117,-1.2352724992603001,-25.250168536783459,-0.46138969979378502,,0.1130062886252935,0.2173913043478261,0,1
0.99082326898578421,0.12851878949117224,0.041858934339626043,-0.13273103284099383,0.98364750335915929,0.1217376772254848,-0.025528857343961781,-0.12617650289581292,0.99167926647666449,-5.9285925083526445,-27.408181683678873,-0.22060903257247011,,0.5612100851533992,0.7586206896551724,0,1
-0.25467998081127474,0.91366791887282384,0.31677916818593299,-0.96512258231366943,-0.26069396066299361,-0.024022072808889707,0.060634218739609738,-0.31184866986479892,0.94819507413896265,-18.269947612261031,5.9844741170025415,-1.090751398116381,,0.7926918638360978,0.532258064516129,0,1
-0.53635955195495277,0.78633325254392961,0.30659166161258655,-0.84161619915725949,-0.52553721262404174,-0.12447012277426413,0.063250330772022842,-0.32479324822267625,0.9436677071756735,10.514146348677412,15.890880049830821,-2.4358555321922188,,0.255357837540703,0.3333333333333333,0,1
-0.19831081440600948,-0.94191472415391386,-0.2710525286944987,0.97903875492556747,-0.20346366821160014,-0.0092548404456668353,-0.046432071280743954,-0.26720626515846652,0.96252006452678363,18.109219617104884,-32.433942405389558,-0.9583546565887735,,0.3141828783531354,0.1666666666666667,0,1
0.94591185974804071,0.29769831941136965,0.1289436474109848,-0.32413481053531334,0.8839865098684131,0.33690425193205492,-0.013688615241822273,-0.36047685222536457,0.93266771190089648,10.417840982515497,-35.434788790091069,-0.54730012516048221,,0.3657961882637882,0.1333333333333333,0,1
0.60348295705902399,-0.78128298085526271,-0.15939016395377623,0.79488814317827805,0.57368063062036256,0.19759396216891975,-0.062937749990650285,-0.24594194005280701,0.9672390613230919,8.1276414269990429,-36.011413566468846,-0.44852584828956027,,0.1892994381377063,0.2666666666666667,0,1
-0.75138453724226428,-0.65796384432802346,-0.050048543938025214,0.65977462044394708,-0.75037045575030492,-0.040517025496993715,-0.010896210867676611,-0.063464625533974528,0.9979246033115724,22.447706975864886,4.5564189833116933,-2.7125856062077163,,0.09642374527422823,0.2,0,1
-0.29739202194727499,-0.94955581933600897,-0.099507443175028271,0.95384011450073336,-0.30005153281910563,0.012574323923457014,-0.041797383307311892,-0.091174687375527322,0.99495736347374986,7.1203130977255427,-27.952664894825858,-0.676126583719312,,0.2158279788122479,0.1875,0,1
0.98119166961258109,-0.1919232572164643,0.020697121111372712,0.18828086934494759,0.97515614756519864,0.11670819210540227,-0.042581941261370215,-0.11061623391357857,0.9929505662786996,18.591589473083047,10.873485493702944,-2.6739581527010428,,0.07714371611507685,0.2777777777777778,0,1
