axis_00,axis_01,axis_02,axis_10,axis_11,axis_12,axis_20,axis_21,axis_22,location_x,location_y,location_z,dbh,dbh_approximation,score,reconstructed,number_clusters
-0.99972431854507715,-0.00052332380928547004,-0.02347366698606675,0.0039072800681905157,-0.98951935207409392,-0.14434744553796242,-0.023152107291796266,-0.14439936981530402,0.98924860471212861,2.290576587757807,-8.043572165864644,-2.4517193486356188,,0.1096426091557577,0.2083333333333333,0,2
0.13815914114519875,-0.98249913061396366,-0.12493002065487351,0.98971147093184675,0.14169575573745019,-0.019837265736827741,0.037192150031178997,-0.12090397490901166,0.99196722366581236,-18.105116251096902,5.0606585177122767,-2.8241273254211623,,0.1371358659462439,0.3333333333333333,0,4
-0.15584743501856801,-0.96271685252759842,-0.2211059448714332,0.98719802050296568,-0.14411303114252735,-0.068348391129133129,0.03393590006410948,-0.22892727254363776,0.97285181737640369,7.1820075402102876,5.0636387574093771,-1.3240622230545269,0.2929081931300284,0.2359790233886707,0.2448979591836735,1,2
-0.014543568410033935,-0.9930393974593269,-0.11688130608236683,0.99890811236859645,-0.0092393760808545406,-0.045795381577672073,0.044396707784594959,-0.11741971309475167,0.99208948352184245,8.2672399258512836,-11.706063635723179,-2.4078827643313172,0.8234819646959776,0.7021445097282452,0.2142857142857143,1,4
0.12340898917081759,-0.97501092079204721,-0.18472662430759787,0.99099054404107745,0.13084663470475241,-0.028581459158164013,0.052038091942400083,-0.17953512893772214,0.98237425376701981,14.170754902072005,-6.7196019747171389,-1.7698097925748704,,0.2906270029083974,0.3414634146341464,0,2
-0.27501615616806818,0.96024477020866394,0.047917586890944198,-0.95817000835642085,-0.26963347623085232,-0.095958447162941787,-0.079223411519560027,-0.072303317922324431,0.99423130170228802,20.943654705415689,-4.0253045387266848,-1.3511966232739634,,0.3313063248977028,0.6304347826086957,0,4
0.096584511395718262,-0.98957231383098954,-0.10685535951757805,0.99415769907216001,0.10111113328018161,-0.037775760777845203,0.048186113497541802,-0.10258252495419415,0.99355670398826423,-13.073667400791248,10.123758463634815,-2.0412807189023723,,0.08084251038164549,0.3823529411764706,0,5
-0.37718734838011159,-0.91643417422417806,-0.13370904433144723,0.92601973493147138,-0.37089126225194202,-0.070193461964835765,0.01473617112508919,-0.15029329958188373,0.98853162284337781,1.1741300257463814,10.840205723137606,-1.2288204388938417,0.4304007572578701,0.231567934765138,0.3181818181818182,1,5
0.73354975389483379,0.67620213700859411,0.068230700317662804,-0.6796036723952974,0.73078475473230176,0.063972577857035487,-0.0066035617399803175,-0.093296903249033142,0.99561643257656529,-7.7380699669281912,2.9144655865726445,-2.1315126683501768,,0.1161986514887047,0.1971830985915493,0,5
-0.52576907527247707,-0.83161713382546232,-0.17882903068307321,0.85021389241673462,-0.50721514266545065,-0.14095792348233527,0.026518232005729277,-0.22615424333580333,0.97373047687360637,-13.214385495872664,13.119934706113613,-1.8213393333047714,,0.4971500439481832,0.68,0,5
-0.76144314202795549,-0.62982765073669977,-0.15336711455225743,0.64816821195177587,-0.74306372753570893,-0.16653607968238021,-0.0090725119913431362,-0.22621544418590944,0.97403504163758881,10.155061232873834,-9.7325721817245761,-2.1246747709083325,,0.5192193042814093,0.7,0,2
0.75167607063446917,-0.65727998099151064,-0.054462018171603184,0.65792068240199109,0.75304774791008411,-0.0077113575490256863,0.046081021074006204,-0.030035245218741735,0.99848606577229071,-3.7338119414634496,-13.419421754450084,-3.1880424813766801,0.210704597937313,0.1626606367571871,0.72,1,4
0.7520730466838399,-0.64978174736125183,-0.11031687653230819,0.65720682031835376,0.75196572714899923,0.051251736754134636,0.049652067215023028,-0.11104605346177093,0.99257415150296957,-8.7670700266519965,-13.349325577901062,-3.5165958604355461,,0.08920196650007221,0.3333333333333333,0,3
-0.76051618318183023,0.64641542975282118,0.061336997774717412,-0.64555600532592172,-0.74257257882558281,-0.17844721674478853,-0.069803861685286392,-0.17530846344029888,0.98203582599619155,-8.9075777097898481,18.408991910138223,-1.2660859171208125,,0.3551350208225612,0.4705882352941176,0,7
0.51978205127694832,-0.85000453785804786,-0.085550597841600032,0.85282152479074813,0.52216169001257506,-0.0065281189323812992,0.050220175466757166,-0.069566192248380398,0.99631244038812949,-4.737407995021683,-18.152828872579263,-3.572607536212105,,0.1052291048505221,0.3,0,1
-0.34099834436231263,-0.91905596996852779,-0.19762654985444394,0.93845148306844928,-0.32049844627218232,-0.12880046530873157,0.055035834406232734,-0.2293836742279767,0.97177887758938453,-19.362725177157213,2.5382645526955283,-3.1893796958173199,,0.1633585289966828,0.5,0,2
-0.96338519631145025,-0.26720564676645486,0.02213833471762626,0.25238602367447127,-0.93162041950293561,-0.26150466347460044,0.090500047412906126,-0.2463423152876815,0.96494829142134186,-10.207279948203819,-15.377925896693595,-3.7762408967530301,,0.7309897153650496,0.4406779661016949,0,2
0.69120412984214896,0.72265275631509507,0.0031376232012832309,-0.72245125112339004,0.69110261031463427,-0.021008849719745371,-0.017350522741574215,0.012254623882200232,0.99977436632177141,8.2168950285088318,9.3631699622889446,-1.055810972754986,0.5365517804989761,0.2416597074536738,0.2631578947368421,1,5
-0.8534937228578765,-0.51852201369517936,-0.051801412680539692,0.52110211868082035,-0.84945978052145765,-0.082889463641637753,-0.001023205044737334,-0.097739462807682684,0.99521151041449651,0.97907742566436129,8.47992086965602,-1.3947698058291118,,0.09372089813767784,0.2523364485981308,0,4
-0.11499445338024707,-0.98132197714305935,-0.15421884731709268,0.99293763378360156,-0.10899169254542621,-0.046857938199451964,0.029174151367238929,-0.15851810032964006,0.98692496207152536,-0.88638436997155023,-16.199865491272394,-3.1781259440320366,,0.1366176002793562,0.1111111111111111,0,5
-0.93495113692231135,-0.35130798185378759,-0.049488114264906125,0.35469151758490092,-0.92864178606339365,-0.10871228325405763,-0.0077652379871714344,-0.11919368717683605,0.9928406548969444,10.723169938809686,6.8517190803833108,-1.0977590989582198,,0.07475937636073549,0.21875,0,3
0.40045417823071383,-0.89676605749166027,-0.18827397395399104,0.91368031760255286,0.4063576473129854,0.0078574611646369964,0.069460264635704747,-0.17516877747224183,0.9820851139466571,-7.8244974062274579,-3.388499593359044,-2.6103319170500168,,0.3502445294564058,0.2869565217391304,0,2
-0.70817872291568285,-0.69934902626147577,-0.096921802896145187,0.70588366947381276,-0.69850039031123601,-0.11758167333916182,0.014530711603311642,-0.15168435714396511,0.98832217126710487,-20.66476230670267,4.8697374017893411,-3.1108093978279769,,0.08965266826679068,0.2727272727272727,0,3
-0.63170801457821146,-0.73379635519395559,-0.24997578567077436,0.77499419625327903,-0.59025486694740492,-0.22579456994940322,0.018137808340282887,-0.33636602258398224,0.94155664660159655,-20.000289125110285,3.2743361577668426,-3.2145200932922844,,0.1571305797853659,0.3333333333333333,0,1
0.67252408673279784,-0.72839039759111524,-0.13099153202124569,0.7374742685241642,0.67440575249856494,0.036174359173219525,0.06199238686294288,-0.1209310121263415,0.99072328844997559,1.9653064497850281,9.3921976481887111,-1.290730862763309,,0.3868657571997673,0.6942148760330579,1,4
-0.88516579528794903,0.46520185973184264,0.0082912335806446212,-0.46291349732767673,-0.8787384867850484,-0.11631752161468735,-0.046825301324314311,-0.10679841545996475,0.99317747135702217,-4.7275139150815226,13.537138635000458,-1.3728969137705167,,0.07333892492743083,0.25,0,3
0.98956689533794773,0.14171718491108026,-0.025953788781131755,-0.14231337684489329,0.98955969327455506,-0.022770951174113277,0.022455788167426313,0.026226950780621205,0.99940376456692048,10.949183908828591,-4.9126315324358911,-1.8015003265247029,,0.07893967985844211,0.2692307692307692,0,5
-0.98594204244466799,-0.16466366925386178,-0.028357802592807534,0.1669929394217157,-0.9768019144197676,-0.13405736894767842,-0.0056255775999487908,-0.13690834895554607,0.99056774471155418,0.95159288056199653,3.7161642697791342,-1.6819101170792754,0.8750437969331845,0.7924378884405274,0.3214285714285715,1,5
0.84253805361328804,-0.53182220812795789,-0.085409409056825661,0.53604058497094653,0.84341874040373832,0.036129207018392229,0.052821581550902046,-0.076223141352711396,0.99569067146618739,-0.062926567760842878,-13.399536881865508,-2.9391275169653541,0.7885832481760462,0.6611831304338908,0.7916666666666666,1,7
-0.24656261737435278,-0.96591854913397313,-0.078792335619838602,0.96856272955595812,-0.24282964202531732,-0.054037060143650985,0.033062284080516535,-0.089638838640273916,0.99542541859177114,-9.6428410230711545,15.477729764525396,-1.4896085228982725,,0.09569864198441255,0.6176470588235294,0,5
0.34409622043903887,0.938782086506038,0.016911095024899757,-0.93830535584798458,0.3444690878505644,-0.030399123381938523,-0.034363501954232115,-0.0054075475747325684,0.99939477093022244,-1.8689052227573593,10.00664766226175,-1.4346801241951788,,0.09355662816219094,0.4385964912280702,0,5
-0.60105450457215226,-0.76171955875078812,-0.24190245213728087,0.79820633404868713,-0.55699331676170327,-0.2294015984411456,0.04000163519258159,-0.33097093361698954,0.94279271861985559,0.54040875821840173,-9.8944331842318363,-2.650431752909109,,0.2378111500688273,0.4615384615384616,0,2
0.9655327803080519,-0.25519226455508909,-0.051218729600101792,0.2584963086325594,0.96316891489267975,0.074062809883221392,0.030432032037699324,-0.084749923278448977,0.99593741868169272,14.383159296169445,9.4808069202472982,-0.83646040888004669,,0.4162976332700747,0.3225806451612903,0,2
0.36361004499261451,-0.92489887512753877,-0.11112968086106452,0.93016944333079077,0.36697321191070836,-0.010745623929066396,0.050720231408733905,-0.099462216583743296,0.99374781790859446,-12.356142122538477,11.078665052730845,-1.9489024609558943,,0.06708397981314859,0.3703703703703703,0,4
0.37033155340279555,0.92889648422234106,-0.002421188477825222,-0.92837207460331994,0.37003213287918063,-0.03466282927879611,-0.031302262713720788,0.015084503182316751,0.99939613072732214,10.804906561618246,-6.4297870432833477,-1.9105990385280098,,0.1012671436686663,0.5675675675675675,1,5
-0.60360943503047138,0.78682804856058719,0.1286750633982115,-0.79673609099761067,-0.58932843257648659,-0.13380433423020735,-0.029449129767154553,-0.18328562561008452,0.98261850593232658,-14.814857917759568,0.17102178351247874,-2.9311615132333828,,0.332213123265189,0.2929292929292929,0,2
0.084440475774155851,-0.96946120654013435,-0.2302493758184396,0.99536570099617971,0.092737421302229173,-0.025434071058260784,0.046010078585218939,-0.22703466630442076,0.97279922541325159,-19.172504188904806,-0.086284380522647669,-3.415953511770327,,0.1010770435567762,0.5384615384615384,0,3
0.87702145582461988,0.47896279045529233,0.037789037862152562,-0.48042595468499155,0.87345205098650913,0.079198590217743989,0.0049262651453118545,-0.087613697483575115,0.99614234521225831,-17.840943893742701,6.2399965700712006,-2.7172730811374368,,0.5734412545535131,0.7604166666666666,0,3
-0.14875978948263816,-0.98702988041316408,-0.060353460585589727,0.98808493174130929,-0.14592738831313992,-0.048922029862611807,0.039480282405947829,-0.066911975846489696,0.99697747957988792,-15.791015087571845,3.2629117555449296,-2.764112131250184,,0.2667152627116894,0.1428571428571428,0,1
0.81366115791041349,-0.54669541581202852,-0.19768571632264642,0.5800502236890176,0.7861095840109954,0.21347941335028006,0.038694419574471978,-0.28836755062969943,0.95673763260238809,-2.4857936283439352,7.6476160087502159,-1.5863343225397024,,0.3523569214734932,0.2603550295857988,0,5
0.951375917100313,0.30763844524630563,-0.015570849943874929,-0.30777727461944027,0.95142946462213018,-0.0074244916780108611,0.012530506349245062,0.011855836338405321,0.99985120170720854,-5.641743133812545,-14.102123185932756,-3.3506405871206382,0.2047569686388261,0.2274342069266581,0.6,1,5
-0.64648370551282264,-0.74399446882500508,-0.16891136392856954,0.76292685149463735,-0.63078732258532644,-0.14159792701207166,-0.001199072512669997,-0.22040776761138658,0.97540708332555981,-20.07808128237679,2.5175583328753164,-3.2968693259704289,,0.5293566310395983,0.7083333333333334,0,2
-0.86947099464234856,-0.4743904376611473,-0.13774578807103419,0.49245084514806697,-0.85434475497077389,-0.16609396366780796,-0.038889003440557776,-0.2122469135455064,0.97644195582830573,-14.418455086673649,8.922054968353704,-2.2157774609385652,,0.1898126046671732,0.1707317073170732,0,3
0.79795140689027722,-0.59968890033825994,-0.060388534117955223,0.60002270852063744,0.79985218430693794,-0.014464871896366256,0.056976324042406233,-0.024692226924853313,0.99807013402270794,0.019420178936984972,18.370120297950006,-0.84248708674670159,,0.1042662540713896,0.3125,1,5
-0.0042320917239212366,-0.99098252284602228,-0.13392433988403055,0.99892698061458562,0.0019870847093192254,-0.046270280900220472,0.046119158707283843,-0.13397645654401752,0.98991076986364857,-1.6478926324092238,11.56889507011052,-1.3295707072513652,,0.08288098136456054,0.3,0,4
0.46314874685674012,0.88427423174102537,0.05960135370821442,-0.88580343843431208,0.46405785515750314,-0.0016048440948857128,-0.029077598645386841,-0.052051802518629182,0.99822096908028357,9.8884664489989422,9.8153989660758096,-0.97264945387500179,,0.31530302668628,0.2105263157894737,0,4
-0.65275743696927713,-0.72524172085374594,-0.2189341791826904,0.75737970648247788,-0.61832439274820528,-0.20988312352611788,0.016843654289277248,-0.30281907414438303,0.95289920749496004,-28.397517731538418,-0.38902705810145433,-4.5122363807686092,,0.1482078429235318,0.1666666666666667,0,1
-0.66688905688794331,0.73283631803921356,0.13494412460659069,-0.74353709132478885,-0.64250202109624055,-0.18532065916006121,-0.049107836720661879,-0.22392428151045948,0.97336855122951371,-6.832021431301623,-0.62428877607385469,-2.370645970036223,,0.08063603537665984,0.2142857142857143,0,1
-0.98113812960135749,-0.19116889997363984,-0.028677906569661623,0.19330782446989209,-0.97009949839821208,-0.14676187586105091,0.00023588358808545356,-0.1495373361084302,0.98875605154584389,-3.2405016124067174,15.446526716071368,-1.174011782433392,,0.1308200083667765,0.4423076923076923,1,5
-0.84500154966863783,-0.52169287584581459,-0.11751137965883832,0.53464081780479267,-0.81944438754895921,-0.20656740219970168,0.011470701574991405,-0.23737615509194357,0.97135008313127913,-18.085722496415499,-0.71621501453188108,-3.3779334763746847,0.1713785642085604,0.246888448098408,0.5353535353535354,1,3
0.94145978922925677,-0.32698819546562097,-0.082049895128148989,0.33496603613086384,0.93480400817945941,0.11806447785169963,0.038094880275179939,-0.13863688656975251,0.98961032420800144,9.1651951315548015,-8.4757211710986535,-2.1063653375997724,0.8553838644095697,0.9124025168262528,0.8495575221238938,1,2
-0.65934079897925979,-0.74758606201703059,-0.079904885202725776,0.74707467628800905,-0.63949542926651715,-0.1814525392393298,0.084552580389712362,-0.17933397844553209,0.98014804255497023,-23.504273814973349,10.323877033877059,-2.8979745245604214,,0.3915358837767181,0.48,0,2
-0.21492457645601631,0.97663027509771361,0.00085568555388761472,-0.97504616625722007,-0.21452591227088069,-0.057127984661157545,-0.05560935265133949,-0.013112540825924899,0.9983664964184189,-9.3103601028058822,1.9236807145030745,-2.3482250195160526,0.148177763616237,0.1204095560748295,0.5423452768729642,1,5
-0.74007579365768672,0.64881125480662316,0.17700783959531591,-0.67082597520977938,-0.69349104949719242,-0.26279778395399783,-0.047752807517406889,-0.31323173514754005,0.9484753815838699,-24.226738589097071,7.7811792203610111,-3.219371601489827,,0.6255587297214324,0.1578947368421053,0,1
0.65874996454010593,0.75145415198977739,0.036947823694142533,-0.75213155704864609,0.65896887202343313,0.0076253915140823024,-0.018617333589645041,-0.032812850554140467,0.99928810246521171,-10.790956872447936,-3.6172005162477183,-2.8140002407289524,,0.1978991966393275,0.4452554744525548,1,2
-0.99858585329796834,0.042332365925897106,-0.032159981161143519,-0.03377359859659447,-0.9723233787410942,-0.23118518808811997,-0.041056517521646664,-0.22977210002221599,0.97237808717616447,-0.51685135015848416,-9.0441715721831617,-2.6334790764377125,,0.3839938860133167,0.2380952380952381,0,3
0.82120543714802985,0.56404346596561783,0.086467326199014358,-0.57062679822349882,0.81240119184544535,0.11995566113068286,-0.002585951993420689,-0.14784881463709368,0.98900659293186455,-0.5657215330841836,-3.3767529518202006,-2.1806045428015484,,0.1552863999719878,0.2191780821917808,0,5
-0.9492234913303278,-0.30920271494945412,-0.058038302650493361,0.31438594951235427,-0.93913319385618532,-0.13852912670877901,-0.011672114456218319,-0.14974152819230929,0.98865627822755153,-25.954641553848482,-0.77948768443154282,-4.3008757283121239,,0.1297998057334701,0.3333333333333333,0,2
0.47176333819257693,-0.86921617351946812,-0.14799525813204431,0.88067356800742869,0.47271109498273611,0.030956215745592298,0.043051357126824515,-0.14493951970527813,0.98850347307287811,15.608341768414249,-6.2534531595146756,-1.7013984168879401,,0.34836425224768,0.1176470588235294,0,3
0.71971775729469933,0.69423060813096271,-0.0070860827543562698,-0.69426550545127685,0.71969844713308129,-0.005436279491917613,0.0013258111369228722,0.0088322097090728358,0.99996011635288939,-6.9149047930361522,19.866955091785474,-1.0533220976847932,0.1818270888288949,0.1538372009917595,0.391304347826087,1,5
0.90617339232966521,-0.41558995923670444,-0.078324765019630399,0.42105637130600054,0.90390529832506694,0.075277777879626473,0.039513481450886151,-0.10119386069078086,0.99408173071539985,-11.134877019973439,10.904740396404948,-1.8740474578576372,,0.2545481160067581,0.4814814814814815,0,5
0.4541282323776662,0.87636686557731314,0.16046390708109981,-0.89051013309676685,0.45205846856215398,0.051330730106034589,-0.027554517043761197,-0.16620546898172597,0.98570608736633547,-8.026870082495428,13.483281087590489,-1.5237961417038084,,0.1048390703618587,0.2222222222222222,0,3
-0.52959547864819978,-0.82827482092839766,-0.18300122953525502,0.84708933634072048,-0.50513254871746716,-0.16516889684209263,0.044365360961251654,-0.24249109105743824,0.96913868228677746,-17.232484050317932,1.9643607900551177,-3.0024194090885414,,0.2205534651075642,0.3333333333333333,0,3
0.72465813984216232,0.6890769313479046,0.0066002306512630161,-0.68901624041210729,0.72468460086300401,-0.0094260129636600729,-0.011278333602958769,0.0022829709111880196,0.99993379142569061,11.2817569916695,-13.744157578175738,-2.3736065497940761,,0.2381240653421727,0.3636363636363636,1,5
0.25477163137315978,0.95346480742154993,0.16123360957333316,-0.96640421319929293,0.25690833395328444,0.0078105477403358232,-0.033975175615663211,-0.15780674559072219,0.98688536238407698,-5.2496961322467062,14.443452629853761,-1.3591614818667226,,0.3594666727996636,0.43,0,3
-0.9447895701334923,-0.32252713131912963,-0.05786983437010048,0.32754804869050247,-0.93453845462444052,-0.13910482603851718,-0.0092165050867565237,-0.15037994012239392,0.98858531733117028,-25.274197224823332,0.58480863295641838,-4.0584870350264914,,0.133453113748038,0.3333333333333333,0,1
0.090134303251964323,-0.96319519202098525,-0.25324065519766381,0.99500098161027994,0.098068574260704269,-0.018857394757855025,0.042998301964889143,-0.25027500236765932,0.96721950415508373,6.5854791865778433,-11.167217529671714,-2.4594532199499186,0.5739545167742419,0.4694025276830628,0.3513513513513514,1,3
0.97874854624086371,0.20467916093065688,-0.01255883402702985,-0.204620644552924,0.97882420678063331,0.0057934482831986994,0.013478688888097379,-0.0031005323714583095,0.99990435124809418,-16.588496836472594,0.71220136858139826,-3.0533452167049013,,0.07424219659346636,0.3152173913043478,0,3
0.48592315541189363,-0.86975976447774661,-0.086003715792780197,0.87262489016292233,0.48832399512672575,-0.0080917767902694716,0.049035579966985099,-0.071117001336461441,0.99626195552084273,-0.86719017297400758,18.940632335360359,-0.85596053450258902,,0.08554808302978127,0.2727272727272727,0,3
-0.96866284906940059,0.24831877471733965,-0.0054836990827601918,-0.24679143212228943,-0.9647280749031516,-0.091617304722896725,-0.028040575311154271,-0.087392949466978551,0.99577919164826945,-2.6742969001070511,16.812520666637088,-1.0369222229785366,,0.1057379779546772,0.5,0,5
-0.36382351032036125,0.91288126852397777,0.1851492449788118,-0.93017513750523484,-0.34560012674785545,-0.12383362208618832,-0.049057791484011341,-0.21727480749023867,0.97487691075581029,-3.6149149093420934,-8.3939898183136687,-2.7833962190992985,,0.2201603788545048,0.1704545454545454,0,7
0.99610861842409881,0.087237063516682589,0.012542529657929524,-0.087557617152563993,0.96327031340623404,0.25385816313213422,0.0100639942268856,-0.25396849816314332,0.96716013046493987,-18.179630791309695,15.743237236616324,-1.9408243964595175,,0.6266941436467273,0.4473684210526316,0,3
0.46280067987250501,-0.88291156664522363,-0.079263460646271072,0.88566902386165924,0.46431644985974979,-0.00078393977653549779,0.037495478147131042,-0.069838383956920255,0.99685339405792428,6.6389776864704038,-17.059444184674646,-2.8508279609668326,,0.2471614124574071,0.3928571428571428,1,5
-0.98087260274386479,-0.19021047853207418,-0.041338977286282177,0.19369467877775184,-0.97481297310892001,-0.11055333044161002,-0.019269369467109665,-0.11644587289873175,0.99301009566126408,-4.1438734342977206,16.873490923921118,-1.106037035584686,0.1382722863237029,0.1169147679981741,0.3055555555555556,1,5
0.99546676386886468,0.095066893949244988,0.0028649096486224462,-0.094333641101891588,0.98305145320159737,0.15719734258151083,0.012127909502930027,-0.1567549872669842,0.98756305508965769,-0.83477440094141742,5.9437557964990528,-1.6184001265671768,,0.2362637163774385,0.2142857142857143,0,4
-0.66343690050498694,-0.72186900532631182,-0.19686700637114513,0.74732907659965797,-0.62636513203990163,-0.22173401325312869,0.03675228315408486,-0.29423096457347442,0.95502743896137565,12.487088464596633,8.1373557171142892,-0.97329597527353973,,0.4607055905042834,0.3571428571428572,0,3
-0.23746376573580236,0.96524587264853023,0.10913920147017896,-0.96874082140111661,-0.22701315949488995,-0.10003122696056761,-0.071778694009161634,-0.12948139152451232,0.98898047924881438,-17.669556789063463,0.31071131695496879,-3.2493095726771006,0.6553556480208161,0.2878106885567123,0.4074074074074074,1,3
-0.5762840992120426,-0.81290944562716938,-0.084112247654503924,0.81706073116980449,-0.57087979803402444,-0.080672286300163182,0.017561280580550866,-0.11521497041079022,0.99318533618736626,-16.95899546968392,13.239223115538092,-2.0369250505106806,,0.09606182091360713,0.3,0,2
0.26402238281747764,-0.95001490647964648,-0.16662490461467805,0.96309437388259422,0.26904725930463663,-0.0079245981827495982,0.052358460319949243,-0.15838323688803968,0.98598851002726817,1.7437463705913352,13.376217265706851,-1.065456153054088,,0.2210279216448012,0.32,0,5
0.94812909757456776,0.31607500967465685,0.03387923540461435,-0.31773663704772631,0.93902576313563091,0.13143076369384604,0.0097285050258102568,-0.13537800569779299,0.99074626002990873,0.66083464841457273,6.1667217960454277,-1.533039516705432,,0.08165419777609573,0.3181818181818182,0,1
0.27680474706822178,0.9563935741048738,0.093222655033013024,-0.96028579417934112,0.2788566886494534,-0.0094942452472343078,-0.035075996035046908,-0.086892339169619234,0.99560001802721065,-21.946562345745946,4.924782086556406,-3.2575716164132849,,0.3760950098872154,0.3125,0,1
-0.38409698975876183,-0.92196237208803711,-0.049546815357387468,0.92283813937814729,-0.38167090272380261,-0.051933520226136884,0.02897017375402754,-0.065671199682958953,0.99742068484910829,-0.83689667825239034,13.812802182223974,-1.1384077424864323,,0.07935289858971513,0.3333333333333333,0,5
0.47077265816161346,0.88158825995868539,0.034281835284415765,-0.88146386742864613,0.47164025324072711,-0.024019199419606434,-0.03734373769703022,-0.018910616754670928,0.99912353281702626,5.3230684897376976,-11.614842746231924,-2.5698249308366448,0.3619770943508976,0.2891500966207073,0.4333333333333333,1,5
0.51586269271447815,-0.84728965348369256,-0.12643545928596214,0.85525248663816422,0.51785902433574138,0.019110599500560089,0.049283530358574509,-0.11799268627130438,0.99179073378504456,5.1034297247227034,-13.052084656397943,-2.6612394449606191,,0.2409101743536151,0.25,0,5
-0.99132999829835322,-0.12866295622333374,-0.026658547778513335,0.13137433050585687,-0.97421481026958079,-0.18342924721958129,-0.002370602861014886,-0.18534116420071639,0.9826713759415191,7.8973504355014796,-9.9432352965105864,-2.2890370407198888,0.8982905440613258,0.3553086775257674,0.1764705882352941,1,4
0.38317418505915973,-0.91784662113955062,-0.1036104433296136,0.92162651993169786,0.38737948436556613,-0.023274295934696602,0.061498793994976701,-0.086572022936849111,0.99434560550232487,-17.119813550105402,5.1570257492200433,-2.7716767442467898,0.2481530496154805,0.1148585990207327,0.3513513513513514,1,5
-0.99506116478618234,0.093805241378356483,-0.03246313331018489,-0.086565012517376888,-0.9800927150202241,-0.17867503623101008,-0.048577535365979072,-0.1749824181288927,0.98337245050058864,4.4440271662214261,16.390740073412786,-0.78427384583404325,,0.226144989713623,0.24,0,3
-0.86863379055076473,0.49536738626841853,0.0093000287637655232,-0.49369750730237055,-0.86382112907143471,-0.10037842523759237,-0.041690636800573222,-0.091783493022157742,0.99490586550276994,-10.653616740831605,6.842629945500148,-2.1130966317785376,0.2001390661115156,0.1719899060726196,0.6991869918699187,1,4
0.20287093115467239,-0.97431492827782717,-0.097743571795840603,0.97802406884537774,0.20651605265756764,-0.028636353711127948,0.048086443532124677,-0.089786082048997226,0.99479955439210099,4.4049492345333761,11.445372760801238,-1.0755063810790044,,0.0785450973175645,0.1612903225806452,0,6
-0.36728452240447712,-0.91788746614045658,-0.15028199860384628,0.92983872673676848,-0.35846114845688337,-0.083099622788053856,0.02240584438622405,-0.1702592275009599,0.98514454451522793,-15.621321301854726,11.349484795875965,-2.1106742860596497,0.5949419366449886,0.4076885261128542,0.8902439024390244,1,4
-0.11824449479418089,-0.96559125231770038,-0.23162852349916976,0.99070791745436049,-0.098932347850928457,-0.093328521053043526,0.067201649861550292,-0.24051179596069591,0.96831710418625161,3.8153843180442881,13.581158895138664,-0.9828916721009191,,0.3137627604048658,0.2424242424242424,0,5
0.78796340366655016,-0.61172724959447577,-0.070024614142483219,0.61499674821030292,0.78744744790515597,0.041297899200931021,0.029877653404826274,-0.07560614321095209,0.99669004055211996,-17.164680443171093,15.411831031756009,-1.9119825689898942,,0.4353395184334146,0.4838709677419355,0,3
0.43412715093815973,-0.89558035318824081,-0.097311087762599752,0.8988188723475905,0.4378656177020474,-0.019958345277324954,0.060483481464948481,-0.078800582597012211,0.99505387625607944,6.2066529360915501,-5.5186468290482962,-2.0502301052463396,0.545994568152671,0.2378548425750641,0.9551724137931035,1,9
0.88197787026101404,-0.46454810031520793,-0.07943613071755902,0.4686614173400272,0.88228877918697912,0.043851864471039406,0.049714306458831133,-0.075905023643240865,0.99587494953886468,-8.1656887029176861,-11.148874579833148,-3.318426960111263,,0.1113171233098663,0.2173913043478261,0,2
0.82818648192273492,0.55970133780688858,0.029009715917648927,-0.56042146362181178,0.82757616782162824,0.03233372180332509,-0.0059105221791251814,-0.043036018761586019,0.99905603787611585,10.397975964379212,8.2127671772081783,-1.0310909315230734,,0.1063150331783428,0.3611111111111111,0,5
0.54415986796203886,-0.80081939008949832,-0.25015663604274385,0.8384672515883419,0.5295281699712634,0.12873455332884895,0.029371859209628752,-0.27980032463092297,0.95960881208073612,-21.125031353922033,8.8623418669645808,-2.8156710056901022,,0.4236373015321082,0.4634146341463415,0,3
0.70888300129873227,-0.70337250255069084,-0.052459633293422896,0.70352799224943274,0.71042484205629308,-0.018571696496918512,0.050331447338460483,-0.023741660533118557,0.9984503387569893,-3.9099737788661355,11.495365431559135,-1.4489460498909417,,0.09719176311097549,0.6025641025641025,0,5
0.5011850554002284,-0.86014527681062281,-0.094676517805886054,0.8638804610827534,0.50368813782062927,-0.0029679585976523063,0.050240314518528464,-0.080301697361668339,0.9955036655873829,8.1202423275242168,-8.8084826779989385,-2.1648077281945706,,0.1336016203852647,0.2580645161290323,0,1
0.3525577282016164,-0.92894575360322273,-0.11297271859991387,0.9357393979330112,0.35121646450946847,0.032230020375960393,0.0097379382458910556,-0.11707596644917931,0.99307521902356899,-9.4051321880705014,10.778645312952291,-1.7662011388654351,0.9712897910820265,0.5851813020973059,0.7761904761904762,1,5
-0.4474728183091668,0.89425942101539946,0.0082561976511435573,-0.89262232050180856,-0.44605075992119919,-0.06530017240167324,-0.054712611127773848,-0.036589718486536534,0.99783151016825378,-7.5087885892365023,14.204703813136401,-1.4724793262415035,,0.06716580229487272,0.3636363636363636,0,2
0.99434103090296466,0.10339824837783651,-0.024386809861553109,-0.10357911738161378,0.99460145122074772,-0.0062705400108330131,0.023606793625441908,0.0087610194599028832,0.99968293165020472,-23.012936913931746,4.3507163311476491,-3.5053279000191875,0.4852243030014133,0.4193295863849197,0.8855421686746988,1,5
0.63255060823254716,0.77424716846905384,0.020519506385112914,-0.77444979849857243,0.63262627944259264,0.0033911891933284281,-0.010355560349735107,-0.01803642637211238,0.99978370145425366,-16.575238039590435,3.9856190662018576,-2.7712566144332333,0.3277755164620943,0.4984774004884462,0.6142857142857143,1,5
0.31471720709497708,0.94714703012105295,0.062173811940453412,-0.94813845974110222,0.31677068701564864,-0.026263910740875571,-0.044570626180343867,-0.050683677653694227,0.99771971219445643,9.5099400101113201,-6.3012681207435071,-1.9616556930964368,0.08157703373542638,0.1670509840502206,0.3111111111111111,1,5
0.71978154988704901,-0.67760754357811936,-0.15087258640397558,0.68952612849573613,0.72302480570913485,0.04229478042205452,0.080425360203604787,-0.13447359300359049,0.98764802142302988,10.858500741941606,-11.308435877240962,-2.2284701963157127,0.258974861449504,0.1596617525903421,0.125,1,5
0.56212319423311252,-0.82606927607847624,-0.04033690152139139,0.82547875029794249,0.56339347040464383,-0.0342436901043233,0.051013207228241028,-0.014048082594998275,0.9985991708707227,-12.787042757416295,3.4042350446387037,-2.5057214727828989,,0.1124208341386722,0.6129032258064516,0,4
0.86915476156931715,-0.49200870968274196,-0.049974293768969967,0.49219687635017784,0.87043399509149832,-0.0093217541365236429,0.048085708401891435,-0.016495144296955172,0.99870700150850633,4.2825785841942405,7.209665072286044,-1.3235708274913618,,0.08097570795571186,0.1914893617021277,0,4
0.25868597209723992,-0.94860293059054746,-0.18230207874604659,0.96278388855822139,0.2684969584349009,-0.030928421296860169,0.078286344740413988,-0.16751675553875472,0.98275601490957709,-8.907592105552002,-0.68699998871486445,-2.4817127527147598,,0.3479525777131571,0.4771573604060914,0,3
0.50142976746314072,-0.83251286924653589,-0.23556423930800816,0.86373845017528417,0.49748252255278436,0.08041784281685406,0.050240202932099576,-0.24378979120016117,0.96852592103460156,-11.275530524195897,-13.178834840566223,-3.7071647562272365,,0.2023694908603038,0.2105263157894737,0,1
0.95540358166891115,0.295291321225577,0.0026517434018364515,-0.2947989434708182,0.9532090401953579,0.066978419049227203,0.017250480071737764,-0.064773152607370044,0.9977509005952323,5.6402980818261366,2.7864804562578338,-1.5440240748058305,0.4918813408011718,0.4323231052253568,0.5972602739726027,1,5
0.89723805148777414,0.42745744301677852,0.11065266997222141,-0.44153660763625263,0.86685550765995956,0.23153175366818532,0.0030500949974931338,-0.25659630404421818,0.96651385591276184,-15.261422903078554,14.140236181100809,-1.873587751229965,,0.4755818915577674,0.2962962962962963,0,1
0.51944147431678633,0.85344044743013259,0.042660959317128204,-0.85437939100952653,0.5195763253497645,0.0087348929143681031,-0.014710913560796672,-0.04098591009468884,0.99905142219803489,-17.345186082643288,6.5708394744184648,-2.6847772221727531,,0.08035361025435678,0.125,0,2
0.96675362265919285,0.25130384156205254,0.047263223456328489,-0.25538015350972243,0.93949212170071317,0.22833206182147081,0.012977298204118691,-0.23281093719679108,0.97243542574963526,-17.499192252361201,14.138935154977135,-2.0168888955238393,,0.3572479694388771,0.4285714285714285,0,3
0.32942408504024151,-0.94107405285111156,-0.076546712834606692,0.94402616845769094,0.32975867884721999,0.0085910995820178589,0.017157081992340388,-0.075092215144580726,0.99702898341130952,8.7511955235479704,-14.811865624754049,-2.6100004422098979,,0.1477280989658884,0.4210526315789473,0,5
-0.73838732903518112,-0.67195911315394319,-0.057053506199511959,0.67428334520791311,-0.73422918698495765,-0.079053597986651306,0.011230436123229659,-0.096842404084031761,0.99523636693787854,-6.7526000962094122,-15.231834221903814,-3.5059440860635052,0.1505534607448481,0.1071328091906247,0.4,1,6
-0.91819778141326969,0.3909329647693478,0.063908147089378323,-0.39408792081809341,-0.88518573938354661,-0.24726689519075606,-0.04009419999229008,-0.2522253433908897,0.96683754130584254,-21.499908866737076,-0.30576886263502551,-3.655592891782752,,0.2420210352023941,0.24,0,1
0.98913894862085239,-0.14245567394481923,-0.03620112266438754,0.14369508598456077,0.9890272614898491,0.034304493784042323,0.030917027430275707,-0.03913383434851498,0.99875556590391967,-7.0330769797942949,-14.29327009068251,-3.4808319528830132,0.234060602302141,0.123718408718404,0.2727272727272727,1,5
-0.83748671144354114,0.54491997364230971,0.040966211457099048,-0.54494023913185563,-0.82722805869469385,-0.13687174537911304,-0.040695748308630812,-0.13695240499484873,0.98974132723440844,3.4348361805134742,-10.986464914035663,-2.5980981916028107,,0.08976748886676275,0.1904761904761905,0,5
-0.15543816753900414,-0.98236520513334591,-0.10391140368330901,0.98691751682861517,-0.14987188660264408,-0.059432588560520333,0.042811108943314864,-0.111790077151254,0.99280924028816342,2.5576159091099302,6.2297055133651327,-1.4623577839213431,0.566569499228742,0.4224229181487769,0.2456140350877193,1,2
0.55144799403163125,0.83420743347599435,0.0017515170236256886,-0.83391831670622762,0.55130989373265593,-0.025251576868366172,-0.022030681794747559,0.012464309282171822,0.99967959369678872,-7.9350917453710794,8.7711680591252357,-1.8227111303715806,,0.1141682697723775,0.2857142857142857,0,5
-0.10227797590477694,-0.99130303533747943,-0.082810070495815999,0.9939149818584353,-0.098414672882524826,-0.049472830915279965,0.040892841453830375,-0.087366150722838834,0.99533659192541801,-23.610242564318003,1.740701930140347,-3.8128612735997689,,0.09693020289379659,0.3076923076923077,0,1
-0.54344680834389292,-0.82006117711317783,-0.17934668185552258,0.83907355413122164,-0.52432165912527917,-0.14505987911795401,0.024922625432263482,-0.22931738609155786,0.97303257868259452,-21.213002887744544,5.8843815370783998,-3.0693916454709882,,0.1664716416668475,0.2916666666666667,0,2
0.65249128169703674,-0.74817501909755935,-0.12037137578230536,0.75638609748266672,0.65269413594112791,0.043248542669160353,0.046208211870835951,-0.11926653221432693,0.99178641624558905,7.8962807480039894,-6.8905187031719359,-2.04924090903955,,0.08833906329964603,0.2368421052631579,0,5
0.66620744476119798,0.72671908352701842,0.16747242812596605,-0.74574629167789808,0.65082675797780387,0.14243243854110527,-0.0054871662467828441,-0.21978149316480861,0.97553369304644144,13.597270686875106,-11.319084598076891,-2.0992657785493396,,0.5940190318448749,0.1666666666666667,0,3
0.57109958993662324,-0.81772353274523735,-0.071926923810705937,0.81909532617980529,0.57344161633419355,-0.015734016856090893,0.054111967295793324,-0.049929316545270719,0.9972857957199146,-2.0228370981212267,3.1675701184036469,-1.8440050345066517,0.6514171510611637,0.8450050821630436,0.6455813953488372,1,5
-0.22636416336403087,-0.9638760859167057,-0.14036437063012974,0.97352510549114002,-0.21918499818697793,-0.064859891676122272,0.031751134199681008,-0.15133019384004173,0.98797319695899033,-8.8004348327037363,-14.163659604977855,-3.607895677529501,0.2130191831718279,0.1408349584126755,0.25,1,3
-0.48728405656697082,0.86604309712767169,0.11190890104522051,-0.8717970993584141,-0.4750926311502589,-0.11940188179832459,-0.050240081268785403,-0.15574448864802845,0.98651892454725454,-28.440136832027491,7.4497878609887174,-3.8162955211608502,,0.2923500728124759,0.2,0,1
0.83674567637020214,-0.543979660152482,-0.062791738438764566,0.54570060848851476,0.83787736610328145,0.013128795340444643,0.045469978788611691,-0.045250952611151821,0.99794029496595926,-7.7470786448703102,16.646511590100367,-1.3278224143412933,,0.1017005601581713,0.2666666666666667,0,4
0.48093073499599304,-0.87446776777848934,-0.063338386881244421,0.87477258861660367,0.48344726144749778,-0.032429363298084664,0.058979202615993549,-0.039810407124506217,0.9974650796611183,13.187928791021932,6.3469014979842191,-1.045202116200795,,0.1026460394490545,0.1818181818181818,0,2
0.81346807054778802,-0.56902996062281752,-0.1203104405812503,0.57982902353722399,0.80961102544110064,0.091259470456932015,0.04547528628968945,-0.14399615063537288,0.98853280519114117,1.7758990961925059,-9.8447025350467001,-2.6021571809880379,,0.07797537097000753,0.5,0,5
-0.96203146826772712,-0.26709696847237618,-0.056166391156174694,0.27233595288846718,-0.95302986198688033,-0.1325413555295081,-0.018126853752719271,-0.14280508252207069,0.98958482485277288,-23.564589000698149,3.243402994161924,-3.6654183846741928,,0.1584627091634716,0.3333333333333333,0,2
-0.49159062020884819,0.86332929067135189,0.11402279592950237,-0.87048790713324942,-0.48351841275681762,-0.09198232471460896,-0.024278913844237814,-0.1444731130488604,0.98921082381285941,-0.26149647940993881,10.898091801547224,-1.2904351637599492,,0.1711318970921603,0.7956204379562044,0,9
0.62968947075791182,0.77679285220005323,0.0091670708259095589,-0.77671799378259043,0.62975611002593401,-0.010788884064238505,-0.014153746887972558,-0.00032658216428457803,0.99989977737427327,-0.98991298278350848,15.344617644649187,-1.0494009250160756,,0.09750398578989165,0.5142857142857142,1,5
-0.51355561356569324,-0.85333457987089723,-0.089892861628293186,0.85777818080394341,-0.50789686554895441,-0.079103517634960305,0.021845464331102977,-0.11773219084900463,0.99280506995384143,-0.89291229025211705,12.53833864572494,-1.2292389418320464,,0.07528007347596644,0.282051282051282,0,4
0.87103041730242659,0.49120251563887157,-0.005108890682442929,-0.49120627164786224,0.8710430899458973,0.00057805822394202215,0.0047340075800169504,0.0020060128483539684,0.99998678245499073,-6.8443337005424745,15.908608101900736,-1.3458705093148522,0.1617811078420241,0.1341227303794947,0.3137254901960784,1,5
-0.093206546617616959,-0.97608594847677366,-0.1963893094183484,0.99545556033785565,-0.087492047567398826,-0.037594800237671082,0.019513253446423285,-0.19900091155233901,0.97980501638911544,3.931949464956503,9.1870668468664203,-1.2207529985764995,,0.7815100486490362,0.6060606060606061,1,3
-0.71301182162142951,0.70099125465007706,0.015013431726379969,-0.69888992010443307,-0.70882989534055163,-0.09546234361214348,-0.056276298781200752,-0.078558515614888288,0.99531981685279203,-22.410754587432113,16.094754417863367,-2.2347498669196741,,0.4746026898379638,0.7346938775510204,0,2
0.99821026471757823,0.058624643608420728,-0.011807564280969081,-0.055431955470309262,0.98114237478897104,0.18516732623818244,0.022440270167741028,-0.18418140936382665,0.98263606829769634,12.090332647537549,-7.4400286962531821,-1.9129827760800409,,0.3061780789333937,0.1904761904761905,0,1
