axis_00,axis_01,axis_02,axis_10,axis_11,axis_12,axis_20,axis_21,axis_22,location_x,location_y,location_z,dbh,dbh_approximation,score,reconstructed,number_clusters
-0.038466197738991854,0.96908714425659936,0.243701576663125,-0.98235587931472623,-0.081342634713827022,0.16840517258565174,0.18302261610876139,-0.23292376996434067,0.95511739560030162,5.0697888678821332,-5.5004640417003214,-0.87874124200289283,,0.2386140434253458,0.4,0,2
0.72752539203776445,-0.68421871690425007,-0.050512883289295256,0.68194865064595112,0.71311268936653383,0.16253101287629584,-0.075185383037280146,-0.15269263146049344,0.98540961963804974,-1.9520142329093126,9.0831789663173339,-1.4772623222906365,,0.3445042820697851,0.2777777777777778,0,3
-0.60452486501903657,-0.79594240428358964,0.032021502728255061,0.79651677756876249,-0.60345257130624053,0.037496896343066015,-0.010521911670017193,0.048173470366443809,0.99878356320459294,4.6403857874240746,12.556534974973626,-2.0492521072473062,,0.0842458371532549,0.28,0,5
-0.22213171345663738,-0.97403304503809762,-0.043785032267097804,0.973601954178685,-0.2240038804465638,0.043834876118541748,-0.052504634997918923,-0.032892076837652072,0.99807884186823714,5.5643363698282373,1.5623835841703508,-1.4780020541241934,,0.1290039438562814,0.26,0,2
0.90876674873905383,0.40718617590865264,0.091336819164765701,-0.41576838765060486,0.90223039839394237,0.11452928029252703,-0.035772115071177737,-0.14205536372413313,0.98921212559316041,13.537808094999281,-7.4057191080748002,-1.2675246571095595,,0.09032217417867733,0.2692307692307692,0,4
0.23135762373269445,-0.96545272047152386,-0.1198945139482855,0.96941372882961374,0.21840158735979084,0.11197217955987065,-0.081918693211166918,-0.14213300521996378,0.98645199403200412,7.1647696635488254,14.779648094151915,-2.2940294635355505,,0.1948654106939373,0.359375,0,4
0.73384843833341151,-0.67805327122111381,0.041354938543776414,0.67297075147327001,0.73394785678180219,0.091819993394146565,-0.092611215395949992,-0.03955129469114254,0.99491650799006204,5.7011603780053024,6.0575288806938392,-1.7530950727485475,,0.135743394087309,0.5068493150684932,0,4
-0.1630276339471261,0.9404959951929448,0.29814304217209792,-0.9832552357889438,-0.17981690371944437,0.029580778055678859,0.081431762004939734,-0.2883282229730269,0.95406273586907586,7.4552143285033496,0.51472081365098232,-1.4743599844976307,,0.3273761658266496,0.2705882352941176,0,2
0.26286193209314235,-0.96070418874412689,-0.089168752294455839,0.96206667780623856,0.25399238786140715,0.099576977074666562,-0.073015834660218895,-0.11196128186989582,0.99102641702979954,6.7487532792580112,-5.2093113056173372,-1.017703254594738,,0.08475237720924755,0.25,0,2
-0.74826358196871356,0.64353291544293001,0.1611427896024886,-0.65559770117042915,-0.75446279593075405,-0.031265696480278528,0.10145573477826746,-0.12903982446466147,0.98643573413716634,4.2530991277005361,15.817739852285651,-2.1727504282385186,,0.4582746499804711,0.7272727272727273,0,5
-0.83867348242698259,-0.5376512543924713,-0.086936290028967661,0.54459413931201373,-0.8259142163277291,-0.14588670499658543,0.0066342520908835752,-0.16969630496258933,0.98547407412942079,4.0617128002767293,-15.192711254995256,0.38109410318967119,,0.4218494739469301,0.2777777777777778,0,3
0.092356183858632646,-0.99562000132088324,0.014530941912910073,0.99434524314350781,0.092986557994404709,0.051293639666461867,-0.052420155865373803,0.0097114881536825501,0.99857789593846513,1.8956119104182148,16.810555192638006,-2.0718820789119152,0.4936813671096649,0.5839771876839863,0.9360000000000001,1,5
-0.066894410542018862,-0.99668024222416929,-0.046407247259524047,0.99570066590454476,-0.069670899891244545,0.061042195451916005,-0.064072784826957288,-0.042124345316158295,0.99705577465666528,-6.9698506451756614,12.846435103370135,-1.3329214024047797,,0.08934113072755093,0.2380952380952381,0,2
-0.8579741800311772,0.4937501319795255,0.14174312530077357,-0.5052200438361143,-0.8609725306219419,-0.058983123185233938,0.092914012431196166,-0.12221746472845363,0.98814466431251125,-24.166789620769975,-30.388695196455142,3.793945436455711,,0.2755596685086606,0.25,0,1
0.97529886562273904,0.19388532108208306,0.10583291068422782,-0.21493306360877137,0.9434964886429571,0.25222639450731182,-0.050949984129006365,-0.2687431081670893,0.96186342114145573,-1.3856034400435222,20.880767691043626,-2.0983882760907666,,0.717663900908431,0.5217391304347826,0,1
0.050922420725291295,-0.99663827501359037,-0.064179871029877683,0.99607238159092815,0.046022422941673198,0.075642231711885111,-0.07243423016263241,-0.067779682534761423,0.99506743336129444,14.573627435743733,15.147107512727306,-2.7989935620252147,,0.1610995284211919,0.3333333333333333,0,1
-0.30629444452987648,-0.95184947738291414,-0.012895179564855995,0.95099000674525946,-0.30656574683972326,0.040440696522885657,-0.042446676204242154,0.00012357377651484245,0.99909872605700789,10.149773575007236,-0.3307525092189923,-1.578631760360039,,0.1032694950327567,0.25,0,5
0.98045817520908862,0.16580608539845221,0.10587780083901628,-0.18790359934962719,0.94866370234286446,0.25441976575845038,-0.058258081131461782,-0.269342759141528,0.96128064272662317,11.004243327558736,-11.431856245132392,-0.73746157796756551,,0.3204268144560836,0.2368421052631579,0,3
-0.21492406158723684,0.96194482859236885,0.16872994546091966,-0.97384921788304468,-0.22411927612740024,0.037259239078554725,0.073656965586619425,-0.15630961842615237,0.98495784407660969,-1.3148945281537683,7.4097548855090274,-1.4221370979395771,,0.09869139951123294,0.2375,0,4
-0.95917869013317969,-0.27894051634811257,0.046566390603600322,0.27926023595082566,-0.9602153818283482,0.00037565533358621911,0.044608979041084608,0.013364461818150536,0.99891512659946446,2.6845753284568814,12.384771500139307,-1.9334100434789065,,0.09750799364104502,0.3846153846153846,0,5
-0.19466947645104746,-0.96720612449519583,-0.16314443808250484,0.97851285349964112,-0.20301809667281498,0.036003443714938861,-0.06794402456627309,-0.15263015810228558,0.98594505139150934,3.9354163869249499,-8.012663542366349,-0.60043317824569242,,0.3301449977461438,0.2155172413793103,0,3
0.99224810547898934,-0.11394181307783677,0.049608067951601297,0.096000077923208318,0.95627898868366934,0.27625075717701741,-0.078915665188182688,-0.26934691205705841,0.95980443776491919,-27.47755465697961,-26.680337454749026,3.775819310087992,,0.2826927453513406,0.2727272727272727,0,3
0.94382271709239274,-0.3256667783957865,0.056034169482945463,0.30414509625196301,0.92240677652300551,0.23803675987192172,-0.12920696237516763,-0.20762198359939726,0.96963842374363129,-25.674017265515968,-24.144115663959511,3.4709898350367321,,0.1839820734950058,0.4736842105263158,0,2
0.56559460462554134,-0.82400464978001209,0.033452658480292129,0.81927685436450515,0.56606140745083167,0.091432592095961954,-0.094277139970837948,-0.024306791966540141,0.99524921539442379,5.3126466563954438,4.5894917568394291,-1.6467033325263782,,0.09195751954410605,0.2333333333333333,0,5
0.13927672197078719,0.94285373770935255,0.30270253385886187,-0.98849015540502294,0.11413972464774139,0.099294188776036518,0.059069513155479994,-0.31304784385911549,0.94789864440811022,-15.004486388912156,23.678288390025507,-1.3425041858167839,,0.2050338866142105,0.25,0,1
-0.63022894196728907,-0.76402882230272551,-0.1380993823212176,0.77632811279949765,-0.62268749802660583,-0.097851627878825065,-0.01123129484795544,-0.16887936076405588,0.9855727368002638,8.623840101896759,-5.1658593664666883,-1.1235968032449246,,0.7595282034466699,0.2421052631578947,0,1
-0.90264598782936001,-0.43033699347207255,-0.0063476535017846537,0.42904501698369524,-0.89857784538177987,-0.092077300082599511,0.033920407677707876,-0.085836634594198075,0.99573162955915095,3.2472005883532904,13.465684058178978,-2.0018260609407115,,0.08577135252783756,0.4,0,5
-0.7959648251796847,-0.60071494336514464,-0.074709797847960807,0.60400905717963882,-0.77995072598687198,-0.16385946380210489,0.040162867447874916,-0.17555176401950762,0.98365060983461083,21.828556093916845,-16.648162834134549,-0.93326824555804655,,0.4620643053078421,0.3,0,3
-0.91787103119999802,-0.3932055949586063,0.053871422638532507,0.39451693251771991,-0.91875071671167008,0.01592201301971604,0.043233783557072941,0.035867542918906106,0.99842093293575285,5.4142240574256615,-7.9846144645177182,-0.71008228989612465,,0.1053493668986622,0.1052631578947368,0,2
0.55747436394608729,0.80590441216475173,0.19934997365510651,-0.82941557242859698,0.53025921882327887,0.17576964773779619,0.035946373333736167,-0.26333104508643163,0.96403559007841599,0.50414685736892018,8.8953966404036429,-1.5978087749808361,,0.5635425892922701,0.6422764227642277,0,5
0.21493421798728979,-0.97300617317325688,-0.084037306625845923,0.97578982505092715,0.21038775899652445,0.059759586607515312,-0.040466026062278809,-0.094847128744915354,0.99466905194822086,7.429063299817714,-10.722155650053296,-0.51591784425583054,,0.3745361572639579,0.125,0,2
0.5645080653840312,0.81407102823255206,0.13645147528984006,-0.82537994259188296,0.55493376935091887,0.10390602485419871,0.0088653529765299922,-0.17128009991349466,0.98518248710085421,9.9356769540539762,-7.6672678471439619,-0.99808200309011064,,0.07189672355661149,0.2857142857142857,0,2
-0.69551271906755108,-0.71651644557516936,0.053537284536946422,0.71851150125709162,-0.6933892992337326,0.054336932830592863,-0.0018111257672829035,0.076259182584665894,0.99708638386800585,7.3140570076742772,6.9103101932576312,-1.8725508731682745,0.3290250931119943,0.2465477717120291,0.7241379310344828,1,3
-0.84132235601948491,-0.5395868386816377,-0.031980256149360432,0.54034816169952227,-0.83801019886073436,-0.075912915589763749,0.014161829322843907,-0.081147705617275065,0.99660147123275011,1.1750996246247871,5.7004362635480117,-1.4893365494506718,,0.1009718618369444,0.3658536585365854,0,5
0.60289527547258481,-0.78537711237302965,-0.14035696695724806,0.79207615320047375,0.56814635302430871,0.22321534238559304,-0.095564922141840383,-0.24574888179965243,0.96461123399546023,5.3587205503212498,7.1496741393454153,-1.7826621125246198,,0.2486381325777078,0.2608695652173913,0,1
0.085049649487928106,0.95098363760464966,0.29731578856530422,-0.99216244014414934,0.053415909537609566,0.11296208645150257,0.09154370261895349,-0.30459294413445959,0.94807325080624139,-26.422031973334025,-21.522265643725596,3.2616920024659808,,0.4030696350930385,0.3142857142857143,0,3
0.98386940091912023,0.16274692963406373,0.074259267635340354,-0.16977577498002039,0.9802983272846999,0.10095234396859402,-0.056366551828060413,-0.11193134689400022,0.99211601409185501,10.462136688022678,0.49974653795744217,-1.6485300711643296,,0.07926581843498127,0.2777777777777778,0,3
-0.08943858913491963,-0.99598068900537118,0.0048172504545707017,0.99409944668089756,-0.088969517848108845,0.062054129617691842,-0.061376126321960593,0.010338859814413843,0.99806115999744704,14.0553849347537,10.460491219796108,-2.4428988971692562,0.546702915261612,0.5687387733861976,0.8,1,5
-0.61997875375658418,-0.78039348876374148,-0.081316342672247924,0.78355713698885643,-0.61041697906387682,-0.11588496340922867,0.04079899464766986,-0.13556221584825218,0.98992844573234329,-11.898294217324128,19.742001365621643,-1.3398965493462145,,0.2831976213016228,0.2307692307692308,0,2
0.97556114720877884,0.2068358060293129,0.074157922037339896,-0.21459747698474937,0.96938535701831074,0.11933127197119139,-0.047205623907238273,-0.13232905554974317,0.99008113310417223,13.469423439284165,11.988792155981727,-2.4931853463384628,,0.2495080826717385,0.5,0,2
-0.9418868644067645,-0.33556622442217071,0.015634694913651215,0.32758646729527208,-0.92780567802445668,-0.17850414636803918,0.074405921155491092,-0.16300899623219614,0.98381493485531879,-10.173183928317734,17.80037610635209,-1.3693903229581743,,0.4398974839447216,0.3333333333333333,0,4
-0.66488594919676403,-0.74678441005579244,0.015482876294176971,0.7466937417889673,-0.66398209909429429,0.039701738696509753,-0.01936828680883735,0.037958095051745522,0.9990916136601955,6.3428166399807964,2.5755174216900065,-1.584775603531932,0.5404377461973683,0.3152107553037127,0.6728395061728395,1,3
0.34783321788587851,-0.93748999366241226,-0.01116083858879839,0.93331149679075687,0.34510230403703079,0.099166777231740597,-0.089116230246526651,-0.044910038200639858,0.99500823412445449,4.6842276297219723,-11.029561197217403,-0.24230830022021496,,0.09773554535051052,0.2222222222222222,0,5
0.14565058528694899,0.98477841844706082,0.094854486274887614,-0.98774747874204905,0.13931564927382645,0.070328288093312333,0.056043065978700221,-0.10393563598841271,0.99300380579703207,16.366798280926744,-9.798498943534895,-1.256248074765864,,0.08886266541513903,0.2666666666666667,0,5
-0.28262888821812693,-0.94962936357054162,-0.13536980235338628,0.95682288818104066,-0.28908846323138432,0.030295562041485345,-0.067903403430744219,-0.1209625242425354,0.99033186131286144,3.8597717674162486,-0.51919847491653559,-1.2535776335235156,,0.2287660909460643,0.303030303030303,0,5
-0.97870699611561529,-0.20113553065878612,0.040952583080387711,0.19982851767089499,-0.97924503051304379,-0.033878219270782911,0.04691672707894589,-0.024973356244506039,0.9985865772170599,21.135233919809014,-8.4814366022737246,-1.7225925150048584,,0.3157898573539386,0.2272727272727273,0,4
-0.67799429693913704,0.68901079054767544,0.25610127650379222,-0.72873877684976673,-0.6756615939773114,-0.11145046226706967,0.096247225588638963,-0.26219370879734138,0.96020358811742801,-18.276091391226014,13.704404119258362,-0.54937419285628708,,0.4019832586789033,0.1176470588235294,0,1
-0.82857412754311699,0.54348862201559234,0.13448060419910476,-0.55112756920035499,-0.83404810022088605,-0.024943315442012736,0.098606884310740481,-0.094783354327246064,0.9906022401090181,13.471147817307763,-8.4083560611180648,-1.1720475133573303,,0.169075711485724,0.5161290322580645,0,5
0.40546610436949471,-0.89501253894060662,-0.1858757470637768,0.90891671107758365,0.37309519930344215,0.18619985118317056,-0.097301852661376503,-0.24444330098371636,0.96476931028761992,-0.14259000495522525,19.08043017919212,-2.0820010700739213,,0.4818294150118978,0.5,0,2
0.89838255871323192,-0.43764091154634077,0.037137726650308539,0.42823320049186475,0.89157435886544167,0.14734818835048269,-0.097596640292376108,-0.1164714349296123,0.98838722201831186,29.294294560990611,-10.16124921981798,-2.016396341806685,0.6164398579577189,0.4412816968769867,0.7837837837837838,1,5
0.57131070395609784,-0.82072466178537617,0.0038870403222800894,0.81534402547487128,0.56809436590973916,0.11172695084017507,-0.093905269647765369,-0.060661527831817809,0.99373134164797738,11.739141493069699,3.2316631042448178,-1.9161325647479963,0.4594572756078226,0.3701318399390683,0.5142857142857142,1,5
-0.7786510457135869,-0.62646066344432594,0.0353494860787857,0.62738549438311308,-0.77817726801248999,0.028767707351743811,0.0094863294690893628,0.044577760211945684,0.99896087653505794,-5.563856906978061,10.814157343116536,-1.3406032491351165,,0.07243597527348819,0.2692307692307692,0,4
-0.98143613880463787,-0.18530196489455256,0.049459956070153688,0.18513623814110047,-0.9826806962235165,-0.0079512638383481965,0.050076728878844075,0.0013531725253269477,0.99874445688019298,8.4799103170555785,7.2753272762597216,-1.9512924872503694,,0.07904590673967057,0.1666666666666667,0,5
0.843127244766115,0.52638647139681982,0.10978948885710356,-0.53664439038010359,0.83659631267872558,0.11008818231729543,-0.033900551716243968,-0.15173625915635466,0.98783949113738567,7.6699810609029866,11.879742569081341,-2.168147618945687,0.1432052135830761,0.1227795040772658,0.2777777777777778,1,5
0.56215867524703045,-0.8246806654107981,-0.062285021811876298,0.82280427202355677,0.55009542730436556,0.14278708204390034,-0.083491040143764156,-0.13151737891408041,0.98779169122810595,-4.4940668002561228,10.970033989314361,-1.417765920205053,,0.1486680451118944,0.1666666666666667,0,3
-0.79881641395101688,-0.60019895833739056,0.040663831756858254,0.60138192858811512,-0.79844563111739619,0.02871149799615684,0.015235247621156878,0.047389709434173866,0.99876028288557184,14.236319452102903,20.324142447013291,-3.1109605851582818,,0.1148258483219903,0.6,0,2
0.95487002301643431,0.28015212045870758,0.098681449863102011,-0.29372998417990542,0.93998458425796461,0.17364238466184986,-0.044112759359017303,-0.1947916085458283,0.97985217951579928,3.3012134150524628,1.5027450737629093,-1.3545873723283433,,0.8399583346831117,0.4232804232804233,0,1
-0.3831144009441193,0.89139687381297839,0.242146586070666,-0.91935037861404156,-0.39338760478291857,-0.0064088801968308481,0.089544609728603244,-0.22507288988149574,0.97021850998058401,-2.9326871566450201,17.083663556591812,-1.7969252185971225,,0.2368547656968839,0.1538461538461539,0,1
0.98936204570290109,-0.14341743733892273,0.024375832082343878,0.12440595389226955,0.92096940715263098,0.36924044974120235,-0.075404914685482854,-0.36227998807009343,0.92901415978724866,-8.564078860635469,9.2281561880686098,-1.0559279619005617,,0.4603461349788178,0.175,0,1
0.14428720216804858,-0.98915502824839163,0.027450562497693873,0.98642477747461066,0.1459762370870975,0.075213672893004208,-0.078405112554482445,0.016225544576826203,0.99678953146012916,10.367821928925984,-6.7845322206904841,-1.1062487915775505,,0.0812783814985787,0.2162162162162162,0,3
-0.24848385163852038,-0.95887213987368103,-0.13718598634319085,0.96739414009010538,-0.25283322939967057,0.014964485646339627,-0.049034204329342718,-0.12899448625969209,0.99043226387289429,10.425782348727543,8.9447356789860759,-2.1446783602936224,,0.1255490097423922,0.1875,0,4
-0.5106822273666094,-0.8300845670026884,-0.22397159256440985,0.85942738362753224,-0.50020245177696587,-0.10574535217893218,-0.024253554853113743,-0.24648959178892627,0.96884190981641338,-6.4517929978904354,8.7400947343075117,-1.1679603422249689,,0.1648395351906038,0.2058823529411765,0,2
-0.99659268728271133,0.046245047729990385,0.068296494895970145,-0.042416479955459038,-0.99750214538308835,0.056482848585429228,0.070737952209634344,0.053393496950352379,0.99606489577768009,5.4628076704512809,-6.3685736029462898,-0.8256992191122513,,0.086362717941864,0.3243243243243243,0,2
0.1327158678472751,0.98453323279736771,0.11437137727206317,-0.98936220784723183,0.12465540814172058,0.074989671986690529,0.059572813473890908,-0.12310703772971328,0.99060372357276127,-25.355306108065097,-18.362439523346985,2.9198179622280938,,0.07582360185993151,0.5833333333333334,0,1
-0.53298591866213829,0.82871182150678879,0.17077097939280941,-0.84137683699947696,-0.54043844168505706,-0.0033628722522877773,0.08950434999839281,-0.14547511004955369,0.98530501048530039,5.8447171146331423,14.905241345426612,-2.2223147629337143,0.3844432458644648,0.3957384852920116,0.5283018867924528,1,4
-0.69877467053260733,0.66583302699728075,0.26149634793182641,-0.7088341180807044,-0.69369200550184507,-0.12784989068269279,0.096271246313708189,-0.27469579840700992,0.9566995690762794,-25.584698699071978,-15.932910958721136,2.6789672536060758,,0.4654877350877753,0.4166666666666667,0,1
-0.98726423352320769,0.13731659811652147,0.080333586298247509,-0.13965706719206666,-0.98990287111668129,-0.024253027404019641,0.076192104506588226,-0.035163299570080839,0.99647293268517878,9.453136411192709,5.9965793294477763,-1.9403410821059757,,0.0806133693148883,0.25,0,2
0.75629140953911123,0.63500286003276685,0.15746323890848155,-0.65414795672100268,0.73003803871378992,0.19782546031453724,0.01066557898476098,-0.25261795221465927,0.96750732071844825,-14.78130841026152,19.140795018179531,-1.0923611032981186,,0.6500730903711671,0.7027027027027027,0,3
0.14770875843331333,0.95009849736611895,0.27476347643879639,-0.98730412870290996,0.12523739840462636,0.097704408738959359,0.058418148963124646,-0.28570691161308087,0.95653482975176529,-0.17845544962174614,12.959630648062657,-1.7942348471587191,,0.5212090219180168,0.1351351351351351,0,1
-0.0039999633097263709,-0.99848981901656031,-0.054791254902578024,0.99886691537356886,-0.0065878363484419165,0.047132640328541468,-0.047422417332041937,-0.054540642941980307,0.99738479665666802,7.5376649350370384,-4.4956707196931145,-1.1196232803497228,,0.1324969608725862,0.2272727272727273,0,3
0.085474917634266373,-0.98234714256169042,-0.16639750585960325,0.99492623481007192,0.075260088156367616,0.066766057374602006,-0.053064354722056756,-0.17126006724154075,0.98379579366164893,27.960495165784042,-7.4545702127998892,-2.1567943705941417,,0.3371427976770748,0.2352941176470588,0,2
-0.56252744223566375,0.80543411222832606,0.18665146018922602,-0.82131810442412634,-0.57028928341381158,-0.014377223950432871,0.094865420870630587,-0.16138780648589673,0.98232099022707886,-0.95621744394342878,18.695736044604633,-1.9975268104703849,,0.5843342217897067,0.325,0,1
0.30592641239847479,0.91321322322807263,0.26916656389379517,-0.95088642810013779,0.27908050854373712,0.1338994794834191,0.047159633713163764,-0.296910219885344,0.9537401586782831,8.2607851621077728,-7.6044121777476219,-0.91183476111253925,,0.2054377211578891,0.3043478260869565,0,3
0.39395376270246996,-0.90232862733080466,-0.17493850677273337,0.91471769089748134,0.36626791889599392,0.17070254112572208,-0.089955426805431213,-0.22726825534355918,0.96966858322900651,26.578125057190132,-8.0314586010194517,-2.0673377341929946,,0.2777128840445393,0.1764705882352941,0,1
0.13386338323564706,-0.95871746792355395,-0.25088126938246447,0.98796696378051485,0.10931553476772955,0.10941385806540935,-0.077471756834465416,-0.26250891519469549,0.96181453323199828,13.809446891418794,-3.0140030731558083,-1.5993215001350731,,0.7926865836580603,0.4545454545454545,0,1
0.049120336659194436,-0.99299392323907576,-0.10747214028181737,0.9956558004810182,0.040160216341709708,0.084004071281627832,-0.079099427905574338,-0.11113156812379768,0.99065284286240007,-3.8323965287456834,13.101568095666527,-1.5714191167446097,,0.242903304496623,0.2083333333333333,0,3
-0.2189475227076621,0.94396407768071788,0.2469692336072862,-0.97271947324419528,-0.23105246056621664,0.020774668176235914,0.076673389593219704,-0.23568322068974146,0.96880060425951309,5.520841331981245,-11.72778656879389,-0.16694567235052227,,0.6522717379504972,0.575,0,2
-0.85115265884560831,-0.52478894504196194,0.011649656724434363,0.52089162330841876,-0.84715912932477866,-0.10484906470161626,0.06489274310100196,-0.083174351596079443,0.99441991086733572,12.055881018625739,-6.1276099231187064,-1.2807982600548751,,0.4875603543475711,0.4682080924855491,0,2
0.10938639387965009,0.98608516384480904,0.12518253264398158,-0.99291431794580776,0.10251436739134485,0.060099598139778825,0.046430313936226861,-0.13086960733305439,0.9903117548652417,11.040405927828987,-8.6326672732204841,-1.0300939011696222,,0.1188281372120705,0.2352941176470588,0,2
-0.95235344596795324,-0.30437174120299149,-0.019512998488821241,0.30189622640709596,-0.93164230185513663,-0.20224067314766001,0.043377210999797133,-0.19849550259671489,0.97914143667539533,-5.867619060277149,18.500523741341247,-1.6600898461793208,,0.7363402275342925,0.3,0,1
-0.26574615737200108,0.93612675086009589,0.23031649130302781,-0.96032343756767347,-0.27802158189882958,0.021974877853607803,0.084604226255101111,-0.21533858530833325,0.97286762644112246,22.027194372714419,-4.6979283336510482,-2.0425037382890179,,0.252488416195849,0.6923076923076923,0,3
0.50741027005138084,-0.83860557725689699,-0.19818048249010484,0.85681726714896322,0.46654773308601927,0.21953902493105404,-0.091645995885071052,-0.28120081533651758,0.95526285015817014,-7.8446195779790084,17.755944640645104,-1.5243829294310245,,0.5139640036757653,0.3225806451612903,0,2
-0.51679564764341068,-0.85103952731084354,-0.093026778571355079,0.85559875061462354,-0.51717979222481003,-0.021813767693763773,-0.029547191465907573,-0.090866855722196091,0.99542462196172266,-4.9922346895210969,8.8638071119994422,-1.2687577299942632,,0.1668143661523736,0.2,0,2
-0.623413428383083,-0.7800484219147128,-0.053667092151690819,0.78162418976530978,-0.62352746612301058,-0.016647070731576046,-0.020477384729865399,-0.05232550485743296,0.99842011110355788,8.2785397212517431,15.469368663845485,-2.4129640222457147,,0.1604960896195907,0.75,0,2
-0.27173529082064996,-0.96218826617212416,-0.018806173542172094,0.9611388287538144,-0.27232422257494815,0.045295360255724934,-0.048704040739579312,-0.0057669957197487246,0.99879660500824974,19.18044922534769,-1.5938457765132534,-2.0775835064762584,,0.1250473996112645,0.2857142857142857,0,2
-0.70441093861269011,-0.70930678787000101,-0.026250909400074695,0.70979138611324899,-0.70386599118933146,-0.027728228333110415,0.0011906982077795796,-0.038164736716005544,0.99927075165301227,-6.8344420442930982,-10.741804199017837,0.69730434131069907,,0.2337823409146868,0.1857142857142857,0,2
0.15757574068221414,-0.97847757309590411,-0.13323484865755397,0.98516900624407189,0.14648678226351888,0.089351282912717697,-0.067911082192229535,-0.14533843803491928,0.9870485415343313,6.9799667606677378,-11.600180186941314,-0.36771359129394221,,0.3467774620290194,0.8181818181818182,0,2
0.38713414321791523,0.90848300807860194,0.15743499988053808,-0.92125314005607584,0.37415219445407571,0.10631456777892395,0.037680327649192859,-0.18619548710335029,0.98178991311308295,19.926853943230707,-4.4411402378257216,-1.9374304978293679,,0.6858015082311049,0.5,0,1
0.92023448133573194,-0.38991618546609608,0.033672951642601492,0.38124302768804391,0.91254802140383418,0.14801980432090908,-0.08844350287052985,-0.12337534982124986,0.98841098226217328,9.4351214911216097,-8.8840501137803169,-0.90342030126684059,,0.1589846347193933,0.4,0,2
-0.87549569150493434,0.43488798411592189,0.21066498386748239,-0.47439473186986125,-0.85648437158407942,-0.2034309701258554,0.091961581817731397,-0.27804129640003833,0.95615694578127008,-5.3202067623525329,7.3973767462454445,-1.1685108917480149,,0.7880764415044879,0.3388429752066116,0,1
0.31078653317276367,-0.95013430594791992,0.025622869849423847,0.94611456283692186,0.31182744036102211,0.087354916437454744,-0.090988816820288976,-0.0029065613289780386,0.99584767264621665,-8.5917423644720152,-11.574622889080231,0.90866701167597608,,0.0967794128600093,0.2857142857142857,0,2
-0.64101200842055106,0.76275434620582772,0.085495101641974436,-0.76150098052976012,-0.64595343813174977,0.053482823579025951,0.09602011098131838,-0.030821471572461609,0.99490209326206702,7.0828806715502051,-18.061191159156227,0.500952296901918,,0.285458193932013,0.2857142857142857,0,1
0.97947361504343944,0.18374611780237105,0.082878233730537973,-0.19376546391069932,0.97159141953944395,0.1358861967706794,-0.0555552196396338,-0.14915588379237854,0.98725181179925248,3.5798762479536377,-5.9053870602096525,-0.78902635557698753,,0.1841363708221223,0.2631578947368421,0,2
-0.51137012875399956,-0.8566044477057696,-0.068770717524325911,0.85731439411837451,-0.51403548340910532,0.02792044830963988,-0.05926736923098451,-0.04468044278048338,0.99724171441901543,9.7532427410273694,-9.8821901645594217,-0.83230042618842826,,0.2456761450477257,0.2222222222222222,0,2
-0.95343284591215638,-0.30017819247674554,0.029306332033196457,0.29842409583301299,-0.95298787037977795,-0.052508836735010209,0.043690586653130449,-0.041317934004608821,0.99819034305461796,7.6370459786463778,-6.5935438361799958,-0.93773283247048511,,0.07489666609450801,0.4324324324324325,0,1
-0.87897041145050692,-0.47623262239423386,0.024769036356659675,0.47614758298111098,-0.87931294226310874,-0.0096035821358947514,0.026353273340751895,0.0033524522526086208,0.9996470707445313,11.142236527021021,-0.84845480716476573,-1.588389982626077,,0.3807680578229521,0.4146341463414634,0,1
-0.70093862600561441,0.69817726397910795,0.14571736559520976,-0.70669462854786669,-0.70745128149817549,-0.0097665904071657858,0.096269125657989688,-0.10982346001303887,0.98927805144752412,-10.959700084422517,-19.250504752201035,1.81660394771192,,0.1250824966314266,0.3333333333333333,0,1
0.22901810070509598,0.94803543333363782,0.2208608763301774,-0.97203910055737963,0.21063780480032102,0.10378681118766554,0.051871924362151191,-0.23845446595273762,0.96976737990621442,26.767305519941559,-10.244980324126608,-1.8743053876587188,,0.1455020810745327,0.3,0,1
0.077524895021823012,0.98421155911832836,0.1591147307753901,-0.99495427074661347,0.066180295207671241,0.075406681728478753,0.063685867937321186,-0.16415777600861636,0.98437611450145179,23.183595982055166,5.4271236810697561,-2.6885220551042477,,0.2234961570094352,0.2,0,1
0.92906607406998309,-0.36866045142087328,-0.030425344210819282,0.35938898329983565,0.88009351654253398,0.31028206654994861,-0.087611578543588559,-0.29920707494635584,0.95015753304762374,-20.17857399494336,11.98955332614797,-0.29677960802182768,,0.7916142540198705,0.3,0,1
-0.97099448274932321,0.22474387801176013,0.081608233448656559,-0.22491791694861177,-0.974351306438071,0.0071737213440938941,0.081127338831448972,-0.011389510027231604,0.99663866770031939,11.951371507478708,-8.7207568568333382,-1.0609894343832549,,0.7393823222239968,0.4545454545454545,0,1
0.98871749438755974,0.10812494924834304,0.10366634768347184,-0.13846029064508295,0.92375457385968351,0.3570801523296897,-0.057152989479697013,-0.36740506613730639,0.92830331959450418,8.8090650543343063,-6.3551512681819879,-1.0474763934580185,,0.4340840508039774,0.6904761904761905,0,1
-0.91448215986938053,-0.4002747967996691,0.059181638433015042,0.40321180263267981,-0.9137041912812045,0.050644773203798364,0.033802684780018959,0.07017647670083596,0.99696170469056589,13.074845262304992,0.26223165125726761,-1.7905800385003785,,0.1997336789422195,0.6363636363636364,0,1
0.58036027998358519,0.79528064410238775,0.17524452212114014,-0.81417776561441402,0.56208639876961075,0.14551098342507091,0.017219506279089233,-0.22712898853801652,0.97371243761657,14.783857293117563,16.134152891717555,-2.8834673891026652,,0.4065437471781996,0.66,0,1
-0.57977880848234142,-0.79255940562741911,-0.18896063554695225,0.81459049885273038,-0.56876508010910476,-0.11379192777760175,-0.017287348369715461,-0.21989968667552739,0.97536930205248329,6.9057024470932005,9.1083799962253273,-1.9672288582057895,,0.7419350491943134,0.4411764705882353,0,1
-0.45742322039544842,-0.88760900568265999,0.05398379825555593,0.88871965231703343,-0.45421311892029725,0.062191817678750067,-0.030681868074612477,0.076424443941290998,0.99660319452614454,9.0153572367624033,3.3679995093633295,-1.7723089820148388,,0.07878307334288556,0.1794871794871795,0,1
