axis_00,axis_01,axis_02,axis_10,axis_11,axis_12,axis_20,axis_21,axis_22,location_x,location_y,location_z,dbh,dbh_approximation,score,reconstructed,number_clusters
0.95638419740102509,0.29147726820259978,0.019242377263384004,-0.29196400028579383,0.95172949251139871,0.09469950169410736,0.0092892141063525332,-0.09618718836282189,0.99531991605520531,-0.90654671863975178,10.340906722845467,-1.7010750266277901,0.5242705578057443,0.1490490222108116,0.5616438356164384,1,4
0.96520347393013783,-0.24758943577182221,-0.084152986918972106,0.26099571214960599,0.9320728988963104,0.25123962542272094,0.01623244136641417,-0.26446092799735033,0.96425978108083854,2.6987287254723267,18.428768746092082,-1.6965418746055019,0.4830478815996051,0.2526624368643687,0.15,1,5
-0.28956842124500093,0.95659195313281764,0.032893230598708856,-0.95643756808710656,-0.29051222890906681,0.028806652112123292,0.037112097344404446,-0.023118824706895972,0.99904364878361174,-19.964261578526514,5.1582846523554045,-3.1777610732187309,0.1721826016949797,0.1021585643864586,0.2439024390243902,1,4
-0.011075438769161805,0.98184134792967404,0.18938031088714335,-0.99937876607908072,-0.017205905248956568,0.030757742680798509,0.033457683218131404,-0.18892200591832722,0.98142195772943186,-17.391021403632767,6.7401121723837791,-2.9769088395605365,0.6293632396186553,0.1976344792383584,0.2061855670103093,1,5
0.94579819018333045,0.32432657881019811,-0.016674942974660913,-0.32194543569866241,0.94311848489461769,0.082937686746613171,0.042625343150927315,-0.073073892241711194,0.99641521786548004,-21.755240643941505,8.4401220900192957,-3.2391124321063458,0.8214711322763488,0.7637407899961642,0.9511111111111111,1,5
0.83115889925349096,0.55596322408839915,-0.0089318336838201031,-0.55345528494564444,0.82874160148887577,0.082913240965403132,0.053498894918105264,-0.063970707537778254,0.99651674186621431,-20.757022032043885,2.6393685876377759,-3.2317277006855805,0.1595010555007971,0.1579974638830579,0.6265060240963856,1,5
0.83003255271662058,0.54236525035934657,0.12994574496063438,-0.55612234830515062,0.78728752014277847,0.26628235830223523,0.042117634623705255,-0.2932887584447762,0.95509570673499877,1.8016420296300804,-2.1187539340493244,-1.1354398590815964,0.2887929803080345,0.184340068766518,0.3478260869565217,1,3
-0.34714732014290794,-0.92902491088875983,-0.12806815789152334,0.93653974389271388,-0.35053610558539799,0.0042126939589716798,-0.048806210946625746,-0.11847849437409974,0.99175642178101331,1.0258237727475266,4.0583103280185666,-1.3788055899044283,,0.07080651316561057,0.2405063291139241,0,5
-0.67091026316071622,-0.70217601633037663,-0.23838678838396024,0.73952045630785468,-0.6572691406952007,-0.1452816966861743,-0.054670956529398233,-0.27376288787962699,0.9602421401563076,-12.397049105330884,5.922671613756723,-2.4800617114009054,,0.2496188342015468,0.2051282051282051,0,5
0.9583548441924602,-0.28250587095788343,-0.04179025588785986,0.28509839273844351,0.95493501070165965,0.082571373939021642,0.016580080542666159,-0.091047010991845589,0.99570856314418099,3.7176626276038496,12.297235982627839,-1.4864247227825622,,0.08361138306910462,0.1142857142857143,0,5
-0.8106863246359941,0.58428545694656919,0.037392350139051414,-0.58522763793675725,-0.81055923676454078,-0.022412842092176727,0.017213217106243222,-0.040052821329134888,0.99904928640204194,-0.40649065692613062,2.3734129820562182,-1.4248580105231097,0.6983765623333419,0.7877057474724107,0.9541734860883797,1,4
-0.091321712389562187,-0.98498809011068245,-0.14648824931150115,0.99582082504078173,-0.09016440444792824,-0.014534943606645281,0.0011087205851848829,-0.14720340522780326,0.98910562036013316,-6.4285797729279306,19.222556322601029,-2.2162461120024965,,0.5075504972252479,0.8536585365853658,0,4
0.51849809299940819,-0.83010130613540856,-0.20516225069018973,0.8548700921810769,0.49792887492684756,0.14582167537235211,-0.018890554525817012,-0.25099533275814312,0.96780395219452098,0.7091521124581095,17.714861217756898,-1.7938841135286661,,0.5676223440081415,0.3,0,1
-0.47045177640838093,0.87861629996576851,0.081905576786086953,-0.88234247690335121,-0.46710188184845697,-0.057337469648478787,-0.012119386381281468,-0.099243283944522087,0.99498939243875795,-27.360097937410572,2.6308986778761194,-3.3776444682271523,0.4166869679548943,0.2296007926284328,0.25,1,4
0.98771238782530957,0.15483210078091916,-0.021242869490560402,-0.15264192207350874,0.98491800196876012,0.081467619478975753,0.033536287244276208,-0.077224024536626995,0.9964495809985755,-2.1419687473788493,-14.212855796312841,-1.1899196867026589,,0.09922414441834983,0.2631578947368421,0,3
-0.6471950649829401,0.75079497881728408,0.13208121609253631,-0.76118480884107287,-0.64592428860020035,-0.058133468724189903,0.041668149122667385,-0.13816190929152944,0.98953274436453686,-7.077041915821221,11.112696344985686,-2.1016458791191406,,0.2980748109049527,0.3770491803278688,0,3
0.98553843031423871,-0.16482781175155237,-0.039316597601293121,0.16900967238073725,0.97289574226250664,0.15782777109635457,0.012236544263109312,-0.16219021906601605,0.98668363715216023,-3.0606936245083678,-3.7501343679829264,-1.4594755184227375,0.6940554551493229,0.6882425676283768,0.7416563658838071,1,5
-0.47912642455334586,-0.87376634722493929,-0.083487961718531831,0.87696048247326985,-0.48055026059663802,-0.003429172021747215,-0.037123866649074556,-0.074858650119351611,0.99650288560913458,-9.2499718213729292,17.036382428323147,-2.3556603986440638,,0.2492893257685163,0.4782608695652174,0,5
0.4890809827410747,-0.86686577577474555,-0.096661880343147419,0.87197480199151178,0.48319737209241692,0.078614529794732255,-0.021441478794356972,-0.12273559546207831,0.9922077587852659,3.2528783705411461,5.5844229992877006,-1.2991991039429849,,0.07564108117089002,0.2048192771084337,0,5
0.22078761388970689,-0.96602115912936082,-0.13437242896984322,0.97243604005107087,0.20744451867327257,0.10646557980026626,-0.07497317895542506,-0.15417487404496305,0.98519497088167163,-1.1820062333389532,8.7594896378029006,-1.6565162610757276,0.5607090813932917,0.5620119146579278,0.2424242424242424,1,5
0.93895106685455765,0.34403974595674142,0.0027472267303915525,-0.34094281465074028,0.92936876952571645,0.14153334366249726,0.046139908872021601,-0.13382953124133803,0.98992967698569623,-10.709476459020676,-12.390254094295088,-1.8578966905406209,,0.3373806039774553,0.2,0,2
0.99373731732752002,0.11173997573285677,-0.00056742746129383908,-0.10928464437387682,0.97293522897707985,0.20360232493611799,0.023302589014496874,-0.20226521707534856,0.97905350788743073,0.69514355591726995,7.1785012842683837,-1.4895787896218069,0.5411835267575229,0.3687656927963335,0.7485380116959064,1,6
-0.88752656238943017,-0.45695767709939555,-0.059044749073260412,0.45848037389449692,-0.88858270688522156,-0.014714611041222882,-0.04574218847805811,-0.04013046678592929,0.99814688189102718,-6.2333487347881817,7.0974498185106372,-1.9873689948552042,,0.07619791273457514,0.3636363636363636,0,3
0.8136524779558032,0.57671428419761472,0.07328219100718622,-0.57937996150243998,0.79405195219944613,0.18384873515387526,0.047838324864195092,-0.19204721193154875,0.98021903830904378,14.537693631620524,2.7763852107500839,-0.70143301694912041,,0.3350830950628952,0.4285714285714285,0,3
-0.22265002066088954,-0.96008265316671015,-0.16931706171581229,0.97401073061929666,-0.22647660764477118,0.0033827249638600583,-0.041594049312013541,-0.16416347120503724,0.98555582783713658,-14.990577510558969,15.824176937444509,-2.8064510166626189,,0.2911314459743098,0.3636363636363636,0,2
0.78579604786228741,0.60934019943276507,0.1059674125344543,-0.61652269683826344,0.75807953127938865,0.21263863369222688,0.049237541036123468,-0.23242191293090314,0.97136796269089265,-16.841572767166021,23.254068527047508,-2.9852892595522111,,0.5416152864723496,0.3888888888888889,0,1
0.98891673529571744,0.14211650466986037,-0.042971964726776411,-0.12951436466302813,0.96724210044551651,0.2183317394967482,0.072592837098366308,-0.21034642432464892,0.97492802902360076,-23.686397393636433,4.9588167530488141,-3.2863521059793341,,0.312942136552398,0.6747967479674797,0,5
0.91300519650617284,0.39852626472379393,0.08716838577158105,-0.40667173752233576,0.87224065618827773,0.2716879378861084,0.032242969051984087,-0.28350141801680961,0.95842962022736411,-22.927498935515622,10.104552545759933,-3.3155496194951484,,0.3561653968655512,0.2857142857142857,0,3
0.27383341702197483,-0.93614041155627392,-0.22058193392324499,0.95888887289535951,0.24797289808593082,0.13799119990902192,-0.074480797253629535,-0.24930016379078901,0.96555789012070592,5.8793270170212928,15.789918815230598,-1.4748951813798399,,0.3728782995535013,0.1923076923076923,0,4
0.89766122054553754,0.43646807670932858,0.060827223694308055,-0.43984147692040376,0.8788226368301344,0.18496012590666688,0.027272849304309867,-0.19278586828030689,0.98086176430842409,-5.439092812797198,-13.996407495240659,-1.4261928171303981,,0.2117274351066802,0.2941176470588235,0,3
0.50619725743326716,-0.85750501234246068,-0.091921109515689214,0.86217897700691781,0.50066657957115712,0.077332966500862882,-0.02029157890219566,-0.11839818371949327,0.99275884378714119,-7.569672107696487,-4.6126383410520742,-1.7678446874826335,,0.07149033589657589,0.2937062937062937,0,4
0.39958975155983906,0.89098526721169991,0.21557663152587622,-0.91535409945428936,0.37510476808106979,0.14636695520190265,0.04954697831931805,-0.25581568867945581,0.96545503798202981,-31.691507558305549,9.6095646561471391,-3.4937941265007408,,0.2269922980366133,0.3888888888888889,0,1
-0.81363137353666848,-0.56901964081414824,-0.11925030970430028,0.57953364405754959,-0.81014023542199898,-0.088394311783993096,-0.046311374436646513,-0.14102995184756334,0.98892153848506237,-20.388560220948651,10.94814375646409,-3.1606894632111753,0.2716309191308067,0.2793063718197664,0.7403846153846154,1,5
-0.5700203704211394,-0.80713144691844196,-0.15367369553794258,0.81988038800318452,-0.57096994656061895,-0.042302121605318668,-0.053599689110051175,-0.15010712015059546,0.98721574430688652,6.9940355201485485,10.96429890732559,-1.2767850851234519,,0.2894785747425768,0.6451612903225806,0,4
0.79909937042117929,-0.59860513128332971,-0.055786136214486075,0.60113401709761216,0.79420183911165598,0.088776867706346713,-0.0088368365698022824,-0.10447648325307461,0.99448809684505923,1.4297144211622304,4.8330078900710634,-1.375103213445348,,0.07092014141914277,0.1578947368421053,0,3
-0.19697096760139141,0.97539130838572308,0.09906681304936886,-0.98032106693298338,-0.19730096010144052,-0.0065526231715081354,0.013154605640214468,-0.098407960392626892,0.9950592091337146,15.683146830627932,-4.2845675383955477,-0.46799145074293469,,0.8234450418561128,0.5857142857142857,1,4
-0.047702145122795095,0.99814950555143067,0.037710342322948606,-0.99870643584997332,-0.048326163516417255,0.015812555505809896,0.017605690628987637,-0.036907268758534104,0.99916359679997246,-11.980958712600568,23.058796120702098,-2.6343544696451837,0.3868998340295968,0.3709814578717581,0.375,1,5
0.97561871902512021,-0.21365858123937817,-0.050180930148423342,0.21785032288671444,0.97050199254545466,0.10328174709724038,0.026633661144108461,-0.1116955376372757,0.99338550168903839,-7.8129357248859881,7.1339497085721391,-2.1286290716025551,,0.07814273362632071,0.25,0,5
-0.97406301106479687,0.22546151195246014,0.019192631489510503,-0.22532477743148799,-0.95869587780182375,-0.17358271388949367,-0.020736324429173319,-0.1734050763786979,0.98463225842710755,-25.621979922536781,9.5788334675643139,-3.4035417838865185,,0.3287128876305447,0.25,0,1
0.98058509463289623,-0.182882028347676,-0.070760411892770839,0.1916791994881458,0.97006709462231278,0.14909364981316031,0.041375798087509484,-0.15976230981825937,0.98628801457492976,-9.0304391737350436,14.23319400203169,-2.3039753525719426,,0.1548681587340843,0.3333333333333333,0,5
0.56312252279023345,-0.80395373991670116,-0.19118422633761026,0.82636135391649324,0.54908695617556025,0.12502170735979315,0.0044650957058206967,-0.22838979537581403,0.97355953299658582,-19.547090725531177,16.910952278978698,-3.1517452435839584,,0.4268770677904111,0.5,0,4
0.99930958781363999,0.020718584847888015,-0.030839713773551554,-0.018840430725676656,0.99802099511641773,0.059992761870972855,0.032021646956468287,-0.059370308646133407,0.99772229632170661,-0.0022759695835113708,9.4032853464445409,-1.5944314368194741,,0.08082911208799703,0.1707317073170732,0,5
0.44032072953004209,-0.88296739381915079,-0.1627459265184466,0.89757938863980613,0.42852895126321133,0.103509318509226,-0.021654011986778094,-0.19165468786718606,0.98122351397803742,-3.0927639127903928,11.647862716056924,-1.8533598001759608,,0.3459574825013055,0.7424242424242424,0,5
0.89646227983128646,-0.44093666377670948,-0.043934489608452879,0.44302804950969527,0.89388022749210838,0.068587799544017641,0.0090292960592286767,-0.080950586385278259,0.99667721674399334,0.2434712213551308,5.5349544745256472,-1.4703563778073405,,0.1000919574730152,0.3923076923076923,0,5
-0.73570372676247109,-0.67425664345031877,-0.064171685274119372,0.67544809360605984,-0.73739601712318936,0.0041215015220627494,-0.050098894915459866,-0.040312438452253234,0.99793036231707211,5.885365725652723,2.149436467550295,-1.0555784057796778,0.714975586123196,0.8920236563248558,0.6904761904761905,1,1
-0.40784292948787548,-0.90845161095800953,-0.09154133172804825,0.91184115696038737,-0.41041166996129569,0.010390651217459586,-0.047009034662393201,-0.079233400200782636,0.99574706575150529,-29.076768427770144,7.5580243765884081,-3.4085638028964698,0.2534242150975615,0.2472047288043853,0.746031746031746,1,5
0.40552588035317694,0.91365265447484512,0.028063986439033253,-0.91292806376704783,0.40327908618253866,0.062676383385819934,0.045946825247564958,-0.051037296351259177,0.99763925525754249,14.971261923479528,-3.468048322265465,-0.51318328467174679,,0.1031960642912254,0.1904761904761905,0,5
-0.47945433077223987,0.8744073922666693,0.074399308149645113,-0.87740444184798583,-0.47927066993917716,-0.02147254902139737,0.016881650664773408,-0.075573390061943926,0.99699732827394139,-7.9384358727461271,12.231405853924603,-2.196330999694057,,0.1510544060069606,0.2708333333333333,1,4
-0.85080530663186993,0.52548082940437191,-0.00047763536506519288,-0.52547730962898198,-0.85080233274566675,-0.0029979425642606334,-0.0019817346279736407,-0.0022996788960323823,0.99999539209180299,4.6840415070147419,3.564600751545135,-1.1616765304368222,0.1411598236285118,0.1216741593669286,0.525974025974026,1,5
-0.26765212241969838,-0.93007890892252831,-0.25162584235668572,0.96236184180931261,-0.2708309725842305,-0.022589150459224671,-0.047138379200184932,-0.24820114316126904,0.9675609364478398,-20.747790064486871,5.1886403028993913,-3.1923694033730059,,0.109148068110058,0.375,0,2
0.5870024932679262,0.80279609460934998,0.10462553883834742,-0.80828575095295074,0.57382677377386715,0.13189760614469309,0.045849947695320484,-0.16199155589181641,0.98572639110256444,-6.1124667413969505,-12.666680493483339,-1.5127972524820739,,0.2375069169906883,0.3076923076923077,0,3
-0.67236065539226164,-0.70640242566503353,-0.22119394678662532,0.73686047185407011,-0.66717781173210111,-0.10913483656175868,-0.07048258011370416,-0.2363670462372483,0.96910413545376706,-13.261133694802535,-12.15292899354554,-2.0664997485339072,,0.4127958464509688,0.5714285714285714,0,2
0.34694108923774275,-0.93216880409429204,-0.10340793621354867,0.93741256290358821,0.34114520475462567,0.069840075769221632,-0.029825618334825745,-0.1211662904703337,0.99218403663060595,3.8177248390042453,9.3717441634135223,-1.3918908836129527,,0.3015392963854076,0.8372093023255814,1,6
0.1677788017253867,-0.98019631805449126,-0.1051924510790201,0.98513138947964596,0.1627025099423744,0.055172807798355435,-0.036965107243129104,-0.11288521307447788,0.99292019292369826,-33.770825036200797,11.259794334800329,-3.5861739016650325,1.054587400211477,0.9367363874861937,0.9770114942528736,1,3
-0.67341037757874733,-0.7367714848208633,-0.060714434231972488,0.73752732364293327,-0.67518840940382185,0.013193130289240147,-0.050714004469577023,-0.035894163336078748,0.99806798304978306,-6.1644237206555417,-16.409563176105177,-1.4536386454141741,,0.0610295908195078,0.4117647058823529,0,1
-0.71573972888750248,0.69807691586089249,0.020131071362190604,-0.69831956381238103,-0.71572999043966312,-0.0089647968257458403,0.0081502937941646935,-0.020474382222311748,0.99975715670540954,0.60835966967228328,-6.4190145748341898,-1.1217568742961925,,0.09118189764742636,0.28,0,2
0.49919778292666839,-0.84513212039097585,-0.19118910168874856,0.86634079071331671,0.48274347982219262,0.1281107608102646,-0.015975226675174592,-0.22958752529833204,0.97315690428628399,1.7349916714585563,8.291904326288682,-1.4730943760574335,,0.09511201760504513,0.1851851851851852,0,5
0.71210970202221369,-0.6991821028485854,-0.06359370520786832,0.7020385173128284,0.7083192452761059,0.073659805733485545,-0.0064569725910082511,-0.097099092826447422,0.99525377350565292,6.9437671700795658,4.0578132139353151,-1.0582332516163304,,0.07047907282110019,0.3428571428571429,0,5
0.79601797222214177,-0.6030071220647657,-0.052323977663384591,0.60526777091820982,0.79267234956445931,0.072948418239614524,-0.0025126454288534735,-0.08973826928980165,0.99596221295680698,-1.9863052491097124,13.853994007842667,-1.8401827569986624,0.273974580659224,0.08322134872903734,0.3703703703703703,1,5
-0.055563211621529184,0.99774819180759311,0.03756694370026728,-0.99764266860777195,-0.056996267426137816,0.038216897737145629,0.040272016183255856,-0.035354932388085222,0.99856306434214226,-18.624690947008798,8.4147445937596643,-3.0787890420853796,0.1671049532100451,0.169170389000724,0.5888888888888889,1,5
0.39004698619019412,-0.91409158862320306,-0.11090498713878558,0.92046691431356953,0.38385476164904375,0.073458706859098957,-0.024576578647191177,-0.13073671851344462,0.99111245689595373,4.1766343423649257,-3.4686229669227027,-0.98644348902461165,,0.1546564889843927,0.4413793103448276,0,5
0.99929357180283929,-0.031427717332052532,-0.020607181680683921,0.03428517567915268,0.98693830144661565,0.15740811880687708,0.015391039021903323,-0.15800344211746431,0.98731860521153969,5.6154655787790793,8.4548971714004537,-1.2668758461174079,,0.5752431991003919,0.6285714285714286,0,5
-0.97100094122548841,-0.23461420658113921,-0.045971145401402499,0.23901691059474767,-0.95690931515996702,-0.16491051819039648,-0.0052998668810509617,-0.17111614953120322,0.98523660852642758,-12.978163829596294,4.7777604421528777,-2.5279946320555844,,0.1802030148350806,0.1271186440677966,0,5
0.056288999152475698,0.99841304322456792,0.0017157195196095536,-0.99595478103560542,0.056029689063711093,0.070247762069292494,0.070040150676113411,-0.0056629552780529755,0.9975280989680374,-8.9175312291281159,2.5427808911092029,-2.1136600597784816,0.3628334010236215,0.2357738272922335,0.2717770034843205,1,5
0.46037350992946169,0.88712440140810522,0.032657736932291029,-0.88630306665706349,0.45724320477573849,0.073454242360109917,0.050230522488954647,-0.062761039767702309,0.99676373654831762,-5.3613997036157253,-20.41061151974133,-1.3237530493265235,,0.1202182896019246,0.2666666666666667,0,1
-0.85277969557289712,0.52225872856592825,-0.0035512329261485238,-0.52224762522801649,-0.85278619630656172,-0.00362233801335822,-0.0049202400645813023,-0.0012344333459811576,0.99998713362323843,-14.01698741998251,-7.9535078647850295,-2.2691263925844591,,0.1267485066706601,0.5,0,1
0.54315006277020972,0.8393585193692632,0.02157047229326288,-0.83796730866038704,0.5402732384210136,0.076913051314700026,0.052903675951526917,-0.059850679263546674,0.99680444283846725,-4.2995890619227692,-11.277981356820913,-1.4051771233519004,,0.08177602859920204,0.2758620689655172,0,5
0.99850350335644589,-0.042200450533529089,-0.034783268386827361,0.046391024457666907,0.99041347577594185,0.13011156693847606,0.028959050997418006,-0.131530486869716,0.99088904746653828,-6.9896155810679508,3.1933354394395281,-1.94483867688212,,0.078300098784249,0.3565891472868217,0,5
0.77102072028720048,0.63288078287346561,0.070632595572269655,-0.63515658378195905,0.75628603426368302,0.15686793316718128,0.045860254755485802,-0.16581118492786004,0.98509059887229733,-0.82749051739930135,-11.710114821725917,-1.101090874955631,,0.155085567555083,0.2142857142857143,0,3
0.99998848257073647,-0.0027921758230016109,0.0039036495807670234,0.0019273112974481663,0.97851056550598214,0.20618767825533613,-0.0043954746090389138,-0.2061777799553984,0.97850467697176846,-5.8608182433944664,9.6338228845935028,-1.9850238098561124,0.7024289274012547,0.6531056661965114,0.759493670886076,1,6
0.81318911279882033,-0.53771530933251577,-0.22267849679505125,0.58197058534067769,0.75509293942091005,0.301902120951342,0.0058055683353114519,-0.37509585301110221,0.92696785080723121,-4.7541812916510153,14.408742785181666,-2.0262179852968538,,0.5156644811598651,0.4814814814814815,0,2
0.77837389489388042,-0.62547477714839728,-0.05399428579852418,0.62780041144404775,0.77537255390362891,0.068293821416355219,-0.0008503754552031162,-0.087055762612976512,0.99620307721742074,-2.4691958295351455,2.8409089091054143,-1.5666077637627123,0.09419274051205775,0.1079751673127096,0.5599078341013825,1,4
0.10575738099331608,0.98665143258433108,0.12383184947630184,-0.99362913566057165,0.099976782095018896,0.052017149175545126,0.038942484921489037,-0.12854413102593212,0.99093889279154235,-17.539319070980195,10.408644281800369,-2.9521363511224372,0.1961215970106349,0.1656060629061001,0.4057971014492754,1,5
-0.24635651494483382,-0.93259455075211239,-0.26377238568831074,0.96782515388602186,-0.25110766454023925,-0.016106281838051458,-0.05121463706535441,-0.25925343723201377,0.96445047370699766,2.6544763618506622,7.0931365956478576,-1.377369760211185,,0.2497138865913331,0.1282051282051282,0,3
0.84068762882924819,-0.53057672461790384,-0.10831735792195804,0.54151982332089277,0.82341312103550068,0.16954973623419789,-0.00076920996213139688,-0.20119436224783691,0.97955103844349067,-5.2450317381738953,12.029426631192141,-1.9988087961177783,,0.1069145380369465,0.3,0,5
-0.18964197760104698,0.98112964964364402,0.03768993130404534,-0.98132369664032992,-0.19066062686376642,0.025540708214010877,0.032244732030544627,-0.03214243229836955,0.99896303300083267,-1.4239466678936659,3.4561298264100651,-1.4976599997655557,,0.06882597743401968,0.1428571428571428,0,5
-0.99790881667733144,-0.042528725070817376,-0.048675467552938813,0.051054244519413192,-0.98044802985704926,-0.19003979811076921,-0.039641615938283067,-0.19212747927686127,0.98056900521713386,-7.3700913140489437,17.445601543411293,-2.2452214675401536,,0.436269489619181,0.7391304347826086,0,3
-0.99632454984533603,-0.079359291765078055,-0.032241187726765007,0.07870754351775508,-0.99667640101531618,0.021006528807890598,-0.033801094196608247,0.018391695672266225,0.99925934149319307,-22.587484374819478,7.6208476262391232,-3.2461472964666291,,0.0923100016335882,0.4545454545454545,0,1
0.68813108362282538,0.72166138634145227,0.075368794708473186,-0.72494511022560415,0.67943762601061175,0.11322146228100875,0.03049916248131302,-0.13254944671629654,0.99070704310766922,-13.691015610154251,14.058287913992803,-2.6670492945171214,,0.3927536371782311,0.7115384615384616,0,5
0.10101672983800063,0.99455793936145054,0.025497559607579594,-0.99357693040705442,0.099537147584904548,0.053826012424818492,0.050995133647556735,-0.030771114763144584,0.99822474164914476,-32.180841356099968,10.639238416920128,-3.5374518137776354,,0.1119543608783452,0.3333333333333333,0,2
0.43596998409228632,-0.8966075427734278,-0.077621435263507566,0.89977853449000356,0.43251949991076005,0.057666897505998023,-0.018131790909692289,-0.094983137654750985,0.99531374034505593,-8.0243536447320363,-9.6055058384948779,-1.7121279757723395,,0.06848134098810686,0.28,0,3
-0.71950923257625188,0.69296203024296799,0.045935703750728259,-0.69446043265600299,-0.7184421318661709,-0.039567797952717337,0.0055831633298875057,-0.060369924640780663,0.99816045828618971,-13.215496462138153,10.91269373424058,-2.6252044326155963,0.1776914964136155,0.1143491842425739,0.391304347826087,1,5
0.25114674882882604,-0.94031111299484271,-0.22965261011168558,0.96741715432519115,0.23597756115051655,0.0917531479067802,-0.032083641782998884,-0.24521337934919785,0.968938098393332,-3.959419847138717,18.462779235160841,-2.0669482201159504,,0.2506826705916635,0.3333333333333333,0,2
-0.61038673453984971,-0.78399799129726233,-0.11302735925269708,0.7918045963335103,-0.60783266833199534,-0.059874272718216631,-0.021760411827619619,-0.12604204437514505,0.9917862105952211,-4.0215521630481179,-13.762568479190346,-1.3390870528733361,0.4054484555617568,0.5070319782921718,0.4369747899159664,1,4
-0.73787263445037021,-0.6512912219650917,-0.1770980505835332,0.67308027983318142,-0.72952189737059303,-0.12149377826249672,-0.050069074576594978,-0.20884813968055291,0.97666552223523062,-11.53397627812836,-8.4115671874042111,-2.0113767130353266,,0.4174624449065554,0.5,0,1
-0.07568605494842888,0.99266071420510527,0.094320345420022669,-0.99670060433959662,-0.078095301109458101,0.022114005826740162,0.029317680594232537,-0.09233542342152351,0.99529625900338925,1.8092556711839922,-3.0103808224959647,-1.1274522557558617,0.5206788420740421,0.3977546562584869,0.7314540059347181,1,6
-0.88001874722245332,0.47491999281777614,0.0042432250693158723,-0.47493840171956597,-0.87996905855664664,-0.0093792619643356164,-0.00072049225524843587,-0.010269196896283105,0.99994701083908311,-7.6892274880162859,15.792873400858753,-2.2406616114375701,,0.09532648236972807,0.3636363636363636,0,4
-0.99975078407522655,0.022105012223176238,0.0031206050026491229,-0.022287961738879179,-0.99628937129183182,-0.083130833103322921,0.0012714175142676529,-0.083179667500775087,0.99653375578149106,-7.9994001179742735,20.234656164944745,-2.3371257979807893,,0.3099884367602716,0.1538461538461539,0,3
-0.10642612180388915,-0.99105211062445542,-0.080555537516648679,0.99351116620725377,-0.1092582609700197,0.031594224651191757,-0.040112880964680991,-0.076670375221590634,0.99624927118873929,2.7206960807247111,9.1647165505674444,-1.4567220296490453,,0.0771721962755182,0.2,0,5
-0.5942415754807423,0.79858048278573568,0.095635571226752356,-0.80416991473583166,-0.59196551563128608,-0.053736175311907296,0.013700299410295165,-0.10883951863678704,0.99396491939050924,-9.9099865712179636,13.279071742644335,-2.369118557828263,0.1511972038322296,0.1115020004623459,0.2857142857142857,1,5
0.5012013390576352,0.86223321527976127,0.073151214584306734,-0.86331078428494423,0.49246885615601166,0.11031280729682039,0.059090671549317665,-0.11844115916654722,0.99120128346927416,-1.9868800977280621,-18.612141618058125,-1.1128896593202271,0.6339951012378963,0.507049132756665,0.8225806451612904,1,5
-0.99977497555923123,0.0018486050623785905,-0.02113246092773224,0.00038470230875958127,-0.99445186332864355,-0.10519193660315879,-0.021209673492829068,-0.10517639555295992,0.99422737619159096,-19.865128237861704,15.564739796837598,-3.1349341602168681,,0.2231774195949104,0.4210526315789473,0,5
-0.44052697164883386,0.8976709495297861,0.01108393523072122,-0.89762391611735681,-0.440634750753091,0.010598190548444698,0.014397654810672228,-0.0052804165605274773,0.99988240545421081,-6.4029616041583255,-17.476824096828182,-1.4564997944497036,,0.1021011982315778,0.4117647058823529,0,2
0.92262625661160935,-0.37279306907788651,-0.098924811136236829,0.38549301220359633,0.89959925393817308,0.20522261048939577,0.012487119485615761,-0.22747859231447326,0.97370301523903013,6.382820258460395,3.4238526040496917,-1.0701739080867199,,0.08114592016971486,0.3,0,4
0.27951380719645713,-0.95557297650124384,-0.093553824973091892,0.95936562930891411,0.2740421598519156,0.067219669178077465,-0.038595607097890235,-0.10854114982001702,0.99334243738425632,-5.1352603417146554,4.8708623291463056,-1.8461582993880707,,0.07169866011222847,0.379746835443038,0,5
-0.99450023794207909,0.05834367312842445,-0.086978690143234352,-0.047239575037704234,-0.99107380744880236,-0.12466407156511881,-0.093475661449418615,-0.11986961247463643,0.98837926765072115,-7.4848335082154849,-7.12015678605316,-1.7142772079108861,,0.2620519770936156,0.1532846715328467,0,2
0.36417353772580585,0.89954728950166096,0.24123081969451107,-0.93003817590741877,0.33761336562465127,0.14507310814343646,0.049057372280552312,-0.27718565854280824,0.95956317401363267,-33.108404213162189,26.956369025338745,-3.9341460779730233,,0.2858458633074368,0.1666666666666667,0,1
-0.15070796641140008,-0.9873504085452679,-0.04925727972220674,0.98755733150727842,-0.15262927365989601,0.0378790418077814,-0.044917990230679009,-0.042935714359306931,0.99806758217371838,1.274928221835286,12.439208428587406,-1.6194501725761346,,0.07960108625542808,0.28125,0,5
0.94544184645372242,-0.31635606326251403,-0.077836727906686456,0.32540844087739118,0.92855763341369557,0.17857790466600912,0.015781684951891358,-0.19416375219438109,0.98084217678170738,5.8822445052599539,6.2770269159436518,-1.1823196395093005,,0.9517451921214051,0.9299363057324841,0,1
0.91789461672821804,0.39475364620358427,0.040484952640859925,-0.39564573335810826,0.9025364287398181,0.16997778817569126,0.030560207081792239,-0.17203939550739769,0.98461592518939445,12.167534586448692,4.2852379924644328,-0.8385634364772635,,0.5297698278954985,0.1739130434782609,0,5
-0.4663402585369561,-0.86561703052888106,-0.18230172716144935,0.88322676189743354,-0.46712004996282297,-0.041344237698918707,-0.049368515633546911,-0.1802942466666434,0.98237301178475411,-0.050849096422840016,12.492388644394604,-1.6973890074106308,,0.08495447642021334,0.5714285714285714,0,4
-0.48510770738765807,0.8702051551594554,0.086101685041568926,-0.87431940017789433,-0.48440603310527447,-0.030271794855588483,0.015365503755403596,-0.089965454620754573,0.99582634945517656,-17.42963154292114,5.4377094581898673,-3.020049395115576,0.1665421038111697,0.1525551849424266,0.3333333333333333,1,5
0.20871813457919824,-0.9508598543256761,-0.22869691237428941,0.9776542288135307,0.19686765450024502,0.073724727836682574,-0.025078859240413712,-0.23897419116575297,0.97070200719678834,3.7487589342402621,-5.4948189478673006,-0.97384236061790763,,0.2846757662407891,0.1071428571428571,0,3
0.97346620436640952,-0.22437816373125219,-0.044922027971220413,0.22742786018430447,0.97037696587035771,0.081517559582138618,0.02530054087256299,-0.089571110012271235,0.9956590274198921,-10.883936018081208,3.8368609052199019,-2.3250845868003229,,0.08316309133106176,0.2840236686390533,1,6
0.49691876126463336,-0.85588268907116793,-0.14330585211890912,0.86770901831210068,0.4876943020148804,0.096100610414645432,-0.012361401339288359,-0.1721019765444986,0.98500157635731922,-4.8247976347317065,-9.7181646827068384,-1.4517531568506448,,0.293477329890511,0.2,0,3
-0.83715609149885739,0.54511807648064725,0.044899456125823092,-0.5467287109313842,-0.8315639171424225,-0.097924299078710864,-0.016043537940948694,-0.10652574524869021,0.99418050196609054,-7.6384332047915597,-11.599671177876706,-1.6223750523486939,0.8272993294893165,0.5339024539633723,0.21875,1,4
-0.017249532857471994,-0.99782489260325169,-0.063623402278624605,0.99909089101596549,-0.019682592639289571,0.037815169389017779,-0.038985190843746263,-0.062913267665131528,0.99725727655734442,-8.6318902689959387,-7.5925122353619283,-1.828332572909928,0.2957691544198178,0.1700654707330457,0.6413043478260869,1,5
-0.83478691405315353,-0.54856139637579948,-0.047023425352112659,0.54817706724075588,-0.83607642387266601,0.021865872852874328,-0.05130995105178604,-0.0075238188792061443,0.99865443526403863,-15.014033066768311,4.8671460226662573,-2.711751695759181,,0.08554929991357987,0.3125,0,5
-0.0050205157212859812,-0.98603621133046904,-0.16645535247310908,0.99893390879530153,-0.012583992042051016,0.044414963731002614,-0.045889435394576426,-0.16605490986219062,0.985048184927939,-0.14213523525744631,8.4254655565617913,-1.5900469804906525,0.1633157514064334,0.1324649442135484,0.2368421052631579,1,5
0.96667981514815648,-0.22974027812534423,-0.11291385916714242,0.25526067286197535,0.89833183902973934,0.35754985089564811,0.019290512569122439,-0.37445869143650279,0.92704291407274375,5.4306963847958567,-3.0347896364407321,-0.94124225653084115,,0.3338394007539129,0.2957746478873239,0,1
0.37568380307084481,0.91991726543485552,0.11231164171662195,-0.92542154486799544,0.36589963452448898,0.098551619717672928,0.04956454785790021,-0.1409598602783842,0.98877382316985862,-10.840772714837325,17.024442014271894,-2.4667128713524957,,0.5547819049661262,0.7272727272727273,0,5
0.58106763566766373,-0.80484772984599107,-0.12074988422911975,0.81368053448289557,0.57143882564899195,0.10668484589917469,-0.016863883989780181,-0.1602429415065004,0.98693353834699726,-25.296589200817529,10.906162553194386,-3.4202401891608796,,0.3525083947109833,0.2413793103448276,0,4
-0.96476950554278762,-0.25225282051373438,-0.07475503807497294,0.26001422208115088,-0.95753450405459428,-0.12458040720938506,-0.0401547692093846,-0.1396287509354284,0.9893894109105642,-10.201086284710335,12.374834293357159,-2.3931243251439911,,0.09572815404171868,0.3333333333333333,0,4
0.092720923101811403,-0.98161073107702346,-0.16686282705737399,0.99537607762215352,0.087158440722342467,0.040371652287048913,-0.025085743295434847,-0.16983456316451326,0.98515325033115242,-2.3616738016245025,10.307673624603991,-1.7766536491545177,0.7780604301789643,0.3928446507555238,0.2142857142857143,1,4
-0.92041226376432328,-0.36916445907283602,-0.12868126075576514,0.385419959579336,-0.9119944757393561,-0.14041912611449897,-0.065518848204894092,-0.17883981206195895,0.98169425084979811,1.1829684098947839,14.314040975264909,-1.6863941215777711,,0.2820017375835829,0.25,0,3
0.55700514420980585,0.81180485836165961,0.17526591586563378,-0.82879526884593713,0.52978684467367587,0.18006749165049804,0.053326088009575758,-0.24555808101367088,0.9679140236542082,-12.243617850977225,13.535618149994111,-2.5431748697564034,,0.1212558705164459,0.2068965517241379,0,7
-0.58144240739753161,0.81278196036690542,0.036196847678942906,-0.81348915089905705,-0.58010442170667054,-0.041403638558720049,-0.012654179123681664,-0.053519574162165254,0.9984866183040243,-3.9631161483408084,6.1722427461858027,-1.7702753555818573,,0.3152654603386812,0.2654867256637168,0,2
-0.73236265429129777,0.68086599130035208,-0.0081513489678371586,-0.68089380555737966,-0.73219364471715331,0.016616022069154995,0.0053449184274616647,0.017719157045465981,0.99982871699136733,-4.7714336192764559,16.01716435578836,-2.0570777716925397,0.4304975210283704,0.4378110495121096,0.8773584905660378,1,5
0.4864279311165986,0.87357491783681829,-0.015960286840223718,-0.8722645063825295,0.4865903986699216,0.048830470277173459,0.050423196396785754,-0.009830912909964724,0.9986795554213016,-2.2092264893759035,-5.4968640653959664,-1.3190394907491862,,0.06616606170968208,0.3296703296703297,0,2
-0.9990376254689799,0.023999771533116124,-0.03671285692587082,-0.023562579204390196,-0.99964675452815688,-0.012295162567422187,-0.036994969367983986,-0.011418280416977282,0.99925021646921885,0.27600845131750296,11.416077522484889,-1.6430171851950373,0.6194082329549725,0.3004390666140573,0.2857142857142857,1,5
0.86669568553625642,-0.49304057783086569,-0.07582596708941762,0.49843534556796415,0.84983379897588107,0.17130300758237568,-0.020019864169959781,-0.18626191970026848,0.98229613778543812,10.664506512458299,-5.5494753895093742,-0.64368087256932149,,0.5166733636853341,0.4761904761904762,0,3
0.44285547120471647,0.86151460686432646,0.24833770109158557,-0.8951947065034801,0.40940240073708445,0.17611391688012845,0.050054660843896946,-0.30030360708808834,0.95252940873113523,-14.322658436822653,20.810081373360632,-2.7519376701957734,,0.1817216366113944,0.4,0,1
0.78169976644638617,-0.62139939751404794,-0.052993055269937368,0.62365034775208816,0.77854108768538643,0.070242569246539974,-0.0023914193200099097,-0.087957737322156504,0.99612133676515646,2.4477856941968126,10.695147250918827,-1.5067820782384578,0.6312447921818295,0.2716223382430278,0.6727272727272727,1,8
-0.17690723945376191,0.95991720461745655,0.21740006648631896,-0.98331310245669945,-0.18189664395556299,0.0029922323912121053,0.042416637842115856,-0.21324298627882174,0.97607799772203674,-6.08884427337152,13.1218576382874,-2.0882083666992788,,0.297627062351896,0.32,0,5
-0.31010872894869396,-0.94796239399673954,-0.072110164316796871,0.9497069979748618,-0.3123598042204504,0.022090058961850321,-0.043464861985303971,-0.061633207569718053,0.99715202125717317,-0.93426358133275167,4.4744539606387193,-1.5094341262563196,,0.07000344888968602,0.303030303030303,0,5
0.99943711054765183,-0.0074365559897638742,-0.032713295388455119,0.01092576828477162,0.99411136881868067,0.10781101044344898,0.031718916241711193,-0.10810774264806888,0.99363304410229392,-9.3223338784611283,4.5668898884908797,-2.185765731418408,0.1547427144775719,0.1009197595751425,0.3436123348017621,1,5
0.98420083664036118,-0.17323873241053861,-0.03656575924554633,0.17629571315964435,0.97796434903923501,0.11182823225732785,0.016387027733725319,-0.11650782635109211,0.99305457640604966,-1.3965010851903292,5.9087539013872519,-1.5921940859056432,0.7625323226701922,0.537998716273441,0.6183206106870229,1,4
-0.33198442313374527,-0.93771582091771399,-0.10234931361358822,0.94225636365294951,-0.3347300615439508,0.010427418391165693,-0.044037347241581877,-0.092977551588549576,0.99469386594495679,-6.4268906512299893,5.6715636383191734,-1.9703744734474653,0.1982390864928186,0.1551308833976551,0.3131313131313131,1,5
0.88520191090890987,-0.44317825559285506,-0.14145886572742136,0.4633100050756695,0.86727924000787204,0.18212786455716171,0.041969228251158931,-0.2267592415339286,0.97304616039474734,0.08383987644715539,13.992740902946444,-1.7297886695195845,0.5814814132679035,0.6396579552441483,0.7884615384615384,1,5
-0.2639358489147044,-0.9538925558243091,-0.14292256505060127,0.96344066952085627,-0.26779796861003424,0.0081439745545646078,-0.046042849291508217,-0.13554792492439055,0.98970036681705487,16.052526747090127,0.94378921074137545,-0.57465717078386613,,0.1729810681089169,0.2272727272727273,0,4
0.59332267415530227,0.80101073580317927,0.079686921519468795,-0.80249846942275016,0.58085613949780657,0.13639043874791285,0.062963568095720762,-0.14487217239951114,0.98744500745960639,13.063940580473908,-8.972167831205546,-0.44989824554899233,,0.3023483313701543,0.2,0,4
0.28977429285299006,0.94953329593422331,0.12007239113901376,-0.95678501828013152,0.28419900501507006,0.061590213046662436,0.024357503900000368,-0.13273072538314196,0.99085279761578449,7.8653651718653057,-3.121727096843975,-0.82536484322391046,0.4205663949244197,0.321855039990035,0.4092827004219409,1,4
0.045263227752061222,0.96468259334475581,0.25949707958106288,-0.99815577746330097,0.033155128793080149,0.050850578672686317,0.040451009012110288,-0.26132017054247803,0.96440421211105853,-16.442399782401473,14.154787545238925,-2.8663167550637794,,0.4547031965413139,0.1333333333333333,0,2
0.45260462942983248,0.88223094699150939,0.12968271121914429,-0.88870303583930699,0.43434620723133066,0.14680015788055997,0.073184448543958266,-0.18169185021409753,0.98062842507093095,-9.189555127800066,8.9704004394906232,-2.2771309568154852,0.5391895512463099,0.5218115435796202,0.4057971014492754,1,4
0.99773053106962106,0.060864222063023637,-0.028798156958276422,-0.054282687296458104,0.98012461169592535,0.19081178005507457,0.039839392959801857,-0.18881549729980898,0.98120412287557135,9.4050770482399102,-11.672740095599236,-0.57600112232226008,,0.1740260407106279,0.5454545454545454,0,3
-0.60092750454199639,-0.79271140598204493,-0.10244394130887977,0.79767881049833089,-0.60292778525735169,-0.013660199362839647,-0.050937702803485356,-0.089926150760685428,0.99464498080595043,7.2972607230560813,9.0724834997857364,-1.2003212917178261,,0.7564550152923593,0.64,0,1
