axis_00,axis_01,axis_02,axis_10,axis_11,axis_12,axis_20,axis_21,axis_22,location_x,location_y,location_z,dbh,dbh_approximation,score,reconstructed,number_clusters
-0.85986497120572392,-0.49862034300308378,-0.10959007636126376,0.50922304655259498,-0.85298446205711886,-0.1144962722049125,-0.036388461812423251,-0.15425712635925401,0.98736043004280427,-6.6669480227858395,-1.4915373881489582,-1.5134029340279871,,0.2700121809944902,0.3064935064935065,0,1
-0.94426589813435424,-0.31486118398407831,-0.096043471619193285,0.32484607650775993,-0.93848854188722919,-0.11710799854790972,-0.053262934560883601,-0.14178043435723789,0.9884641461557605,-10.166967784410495,-13.798428799635722,-2.0457776964652781,,0.1894749623448787,0.3571428571428572,0,1
-0.87826984219328041,0.47579414002032144,-0.047560704537595526,-0.46856906526039255,-0.87620304309399721,-0.11274421649831866,-0.095315871578618205,-0.07673437036387655,0.99248512383313192,27.540266207289108,-4.4483713722454166,0.84101526019347206,0.5870091778067986,0.5329770231527216,0.8529411764705882,1,5
-0.31517379063163026,-0.93863172182435317,-0.14012841426327383,0.94858501738984358,-0.30703056230282605,-0.076933078682189709,0.029188122282855843,-0.15717100431396602,0.98713997433015555,11.838611596874873,11.539439049756618,0.46050204694890312,0.2887881704395571,0.2392456312559624,0.3548387096774194,1,5
0.94031831635334795,0.33856824483279019,-0.034249197381108806,-0.33176947081109076,0.93449102601554357,0.1290563463536227,0.075699948270359918,-0.10999120822711794,0.99104563565186266,0.027208004947081102,-17.760683719540392,-1.4901248560709384,,0.250106418172546,0.2666666666666667,0,5
-0.715928996604975,-0.68917651126309065,-0.11172022262521893,0.69802122065811889,-0.70988738584940636,-0.093948256624830681,-0.014561845045980036,-0.14524336726725384,0.98928879349446097,4.6504350140494761,10.05484794879558,-0.26032540661284492,0.1682100822707716,0.1291243546499488,0.3043478260869565,1,5
0.35158833089038555,0.9324506764192535,0.083194841348420784,-0.93578184912174156,0.35256570353539274,0.0031233867654910708,-0.026419243668320221,-0.078950368814019276,0.99652840542963128,-2.1628397312839835,18.92093559370317,-0.11169169989378411,,0.6449447776092917,0.7142857142857143,0,1
-0.92886191964317233,-0.3413387398425286,-0.14388675727639935,0.36766524360534764,-0.89688108077074735,-0.24581821657500902,-0.045142030098603847,-0.28123334019673468,0.9585770733125043,1.4586605607819576,13.578767412068512,-0.35057410411436873,0.1751295765161152,0.1377556531962662,0.5384615384615384,1,6
-0.39989733510069664,0.91387986180709224,-0.070040842105238824,-0.91288745802704929,-0.40396429534582995,-0.058731057053817398,-0.081967129730598429,0.04045301310405687,0.99581370917181589,-3.1836300168928995,-2.4915852513409504,-1.3670562847086993,0.3918274529952498,0.3536623919843971,0.9781021897810219,1,5
0.88105375374546224,0.47299267567440284,0.004712936388217198,-0.47015884197451568,0.8745946795020344,0.11846860301326982,0.05191287243268887,-0.1065930361004061,0.99294661403858187,-0.57913806321971451,-14.264459846336303,-1.4674767110850304,0.532616767039586,0.4946991294911191,0.1538461538461539,1,5
-0.5211572231178343,0.85345707889125288,0.002482595923179298,-0.84893651358131783,-0.51809327142537265,-0.10433675293084148,-0.087760724133887053,-0.056483418754223941,0.99453892769731789,-9.4199301416168719,-0.23141840056336765,-1.5772698209728004,,0.1708063023262655,0.2413793103448276,0,1
0.99154140711541949,-0.10322830158553223,-0.078673729588354988,0.10165765659196177,0.99453649667975907,-0.023725042216672342,0.080692991218605375,0.015526574758090149,0.99661806457864122,4.8800644574075251,4.7797895901547536,-0.53349062784159429,0.2881695236702477,0.2736635699198286,0.9038461538461539,1,5
-0.16943501394949395,0.983482505678962,0.063670535346925239,-0.98327659233505793,-0.16431523385434757,-0.07853436756825774,-0.066775137692781233,-0.075912218692515937,0.99487608074538048,-8.2703696466391179,-11.56148121850395,-1.8372266632683907,,0.4084676027188709,0.3846153846153846,0,3
-0.91890719836760171,0.394433296722419,-0.0056511259840586019,-0.38377148168137076,-0.89719931827046184,-0.2185242163768161,-0.091263413459548762,-0.19863473445422561,0.97581516263686374,22.383908766022444,11.918268376782684,1.4104377595456956,,0.2689984795245476,0.6153846153846154,0,5
0.13905660752757976,-0.9835856119685471,-0.11498958140362861,0.987433286471603,0.1465233253278703,-0.05921503105423704,0.075091708402537635,-0.10531029894233632,0.99160020989603781,-9.7337927043893959,11.145152144240301,-0.95441222181299157,,0.2096726820430035,0.3333333333333333,0,5
-0.93407691537262327,-0.33432267895271284,-0.12541396455677056,0.35135296832001567,-0.92316850199162037,-0.15591987873026741,-0.063650670229618955,-0.1897057280854442,0.97977565233623332,-15.541884456739517,9.2309721421648661,-1.3903450560322932,0.6095208094408621,0.479956878662384,0.7670454545454546,1,5
-0.87563897658944057,-0.47574775975943029,-0.083189252678943518,0.48158232116191224,-0.87311014258820541,-0.075875864765473824,-0.036535607586334957,-0.10650233797192869,0.99364098213832286,-5.3242816729491871,5.100105521722373,-1.0785004324742917,0.3673879991537434,0.320113737142561,0.9667953667953668,1,5
-0.48167996287758291,0.87547680752120705,-0.039048339974014613,-0.87210946685814028,-0.48325129661145561,-0.076767585215098869,-0.086078401348194458,-0.0029229806401771742,0.99628407846633626,-8.9339318351205037,24.636738706949462,-0.039625203795901634,,0.3616295708651737,0.875,0,1
0.53014362973920126,-0.84055933365393454,-0.11139002852230045,0.84144044236829096,0.5377351737010494,-0.053092983639624253,0.10452613928582585,-0.065581167814826591,0.99235749437087661,-4.5764485947356688,9.1940115651415564,-0.87737506939158283,0.3958549688106327,0.3370394783371589,0.8817966903073287,1,6
-0.70227327658849081,0.71045128572243366,-0.045510609807013595,-0.7059908900964621,-0.70323699117312333,-0.083872506499906671,-0.091592074386760133,-0.026771344028892603,0.99543668158673793,8.0620702988550725,-3.5266319107363207,-0.63165133283378383,,0.09114073920383035,0.4186046511627907,0,5
-0.40060490383741137,-0.89328779951726689,-0.20384459339167765,0.91624935343421599,-0.39015556078750407,-0.090916229123132006,0.0016832566055794639,-0.22319396412131759,0.97477259964927843,1.8491334876851497,15.165560123609085,-0.23816558661272727,0.3433216059763747,0.2833324483475097,0.6060606060606061,1,5
0.19058493783309063,-0.97247162266535714,-0.13407581654334466,0.97942127424707104,0.19760706671428388,-0.041053802951980925,0.066417987197749495,-0.12349247060118393,0.99012032636514202,3.3509457854234532,-13.906209303607412,-1.1648027843898894,,0.0835022856456141,0.2,0,4
0.25912189460625357,0.96584411214257759,0.00099738417053789699,-0.96533747581835161,0.2590191554737647,-0.032134636738454951,-0.031295391295212874,0.0073639756365439296,0.99948305155540551,-4.3305284310640202,-8.7525231194948905,-1.5271419640703467,0.3152946756726732,0.2792800694168565,0.8177083333333334,1,6
-0.49830738194156826,0.85179681962931342,0.16165373850278453,-0.8626441144045206,-0.46844177199056297,-0.19080733250475773,-0.086803715276362034,-0.23453034840661477,0.96822550611440295,4.8473777444192452,-16.547415948337264,-1.1464854291202875,,0.6132786097423051,0.3157894736842105,0,1
0.40737361525149074,0.90968905616605944,0.080700425579017618,-0.91302099685245441,0.40770134621833476,0.013125227552590588,-0.02096179628467712,-0.079028054407669301,0.99665198023836676,-1.9926128459678512,-8.1761442773157231,-1.3521945629086169,,0.07283654698664169,0.15625,0,2
0.040185842230969014,-0.99423133011167053,-0.099444257293040086,0.99737569173009955,0.045912161623447426,-0.055980380143100028,0.060223148623193085,-0.096933666181771655,0.99346717949334795,-12.966462908155306,2.8494647027901303,-1.5967506693931257,0.5381584596205434,0.498831759798363,0.9934944237918215,1,5
0.81732345070542722,0.57232997153121024,0.066488951067503715,-0.57592431439749014,0.8080728175566535,0.12381238068881267,0.017133622289335324,-0.13948736578319479,0.99007561012990886,-9.1615330540049609,-7.9151708435004489,-1.8100670823006557,,0.1642741989600384,0.24,0,2
-0.81911650531341829,-0.5656695004114396,-0.095216422046870572,0.5729413626032448,-0.81490195477979699,-0.087595656938030036,-0.028041856954785671,-0.12630447498145175,0.99159509572112614,8.3841049073769778,-11.340998671087153,-0.71138227487286387,0.4711838889403814,0.4425800201805135,0.9230769230769231,1,5
-0.58274150873915598,-0.80248511160881075,-0.12817948212802174,0.81265754767775811,-0.57548780952042589,-0.091659649223390247,-0.00021022555826107634,-0.15757990588770338,0.98750621722885279,5.2308524532017167,-8.0472988305565902,-0.88671634920778697,0.2167040348439372,0.2186908914914956,0.6736842105263158,1,5
-0.78329975251429884,-0.59725542769180751,-0.1724165067611394,0.62114906121704572,-0.7630369979388345,-0.17874110754293063,-0.024806077082460187,-0.24710421661551335,0.96867133986229426,24.435690444715529,-5.6277829498660621,0.55578349531887783,,0.4018668987508202,0.2,0,4
-0.17533330511187467,0.98370500847661668,-0.039783016685097046,-0.98207844119308807,-0.17759535041575197,-0.063101718316230362,-0.069138755139941957,0.02800621018143554,0.99721386107944432,-4.6615223182425165,-14.094569128364148,-1.6906132158650267,0.3324543980282995,0.303650636783486,0.9240506329113924,1,5
0.59755513412621497,0.78925976414510335,0.14141034750334255,-0.80138139663652219,0.59374565161355286,0.072484193552064036,-0.026752921416121012,-0.15663692378111896,0.98729385458640906,-13.178970892768376,10.120892820638661,-1.1957617287753648,,0.5305815274531394,0.7647058823529411,0,3
-0.73669751238416326,0.67594064324252101,-0.019519786368531824,-0.66999074832895444,-0.73351417632109506,-0.11432125913229503,-0.091592425454255763,-0.07114211093911306,0.99325204638628051,-0.092101105630415347,-19.91926849368523,-1.5712295291838225,0.2012141028504097,0.1502747171320407,0.7096774193548387,1,4
0.36868098495902585,0.924944921781921,0.092472823031852239,-0.92914967944925453,0.3696327938703311,0.0072436782756942616,-0.02748098449821481,-0.088591700319222366,0.99568886009915725,-5.4404960863707945,-15.650207635233921,-1.7720260846018787,,0.3926399554903592,0.3333333333333333,0,3
-0.4655188417577103,0.88425568568467561,0.037203364133981662,-0.87818769925691487,-0.45628745033524143,-0.14348563531034172,-0.10990256067265937,-0.099466803511977966,0.98895287155491074,11.399251239246741,0.54174347198222705,-0.20673751979093438,,0.4565058254254121,0.4736842105263158,0,3
-0.18621967153706301,0.97555002364904875,0.11672354214540562,-0.97766415224279846,-0.17220684307555284,-0.12048903940742185,-0.097442492537904921,-0.13655385222063085,0.98582858859525258,14.317533444205342,12.735949508338901,0.7418521755228813,0.4582646730820456,0.3584053545936728,0.3571428571428572,1,5
0.74741109850798759,0.66258663580502097,0.04853452255528172,-0.66393315176192635,0.74755696556256856,0.018744418645575245,-0.023862519115961791,-0.046233465060171453,0.99864560625377574,-24.983623702323719,4.6735468719511193,-2.1381256569195308,,0.2180447476072993,0.1388888888888889,0,2
-0.82555108577767633,-0.55582138209751308,-0.097611454115349439,0.5634877129572059,-0.82133007265235192,-0.088873556827339203,-0.030773399512568102,-0.12837251637361924,0.99124845267084649,6.4772573061467398,4.9284073186125585,-0.4089898480479815,,0.1141881015147117,0.4305555555555556,0,5
-0.91541637994909431,0.39927520079992895,-0.050913312081143129,-0.39357125620367328,-0.91440840967348824,-0.094651606476930716,-0.084347599913440485,-0.066607614764212994,0.99420767852811498,10.202394522678576,0.97728712658826,-0.28915310083296147,0.5051128948535375,0.4639183719708635,0.9037433155080213,1,5
0.98554404516620231,0.16496420552002042,-0.038597227032382012,-0.15604398142798734,0.97258877036696245,0.17239883879012488,0.065978867052585904,-0.16388378398496273,0.98427074245312662,-29.006661371610747,5.7032644511103792,-2.2822359198995024,,0.4850434071241665,0.1,0,1
-0.85620754621264727,-0.50355531533603792,-0.11550187100364309,0.51452760736562908,-0.85129468557397636,-0.10275553304862209,-0.046583034112430748,-0.14740896414509125,0.98797804541525736,13.081504143996206,6.2248382868398711,0.2267703171958097,0.1676127193878111,0.1301557891890416,0.6,1,5
0.9154972698298981,-0.38903027692834574,-0.10256798997278481,0.39185478539495011,0.91999082766039753,0.0081672629327865058,0.091184297426037161,-0.04766886461612601,0.99469246666953737,0.38306544734499198,-5.0014976426630913,-1.1673294754612673,,0.07782336282213939,0.3365384615384616,0,5
-0.93408855937414159,-0.31805889592019987,-0.16222546647294575,0.35374081753729858,-0.88604827689953392,-0.29964292918640784,-0.048435495810253207,-0.33727880118588899,0.94015797237284804,7.3904870236826632,13.366432255393605,0.12469636921206444,,0.1670742739714892,0.1428571428571428,0,8
0.1601508097391629,-0.96964762218227551,-0.1847571566574652,0.98474361923988052,0.16985105176239898,-0.03782359820996542,0.068056759445571421,-0.17588095124676706,0.98205609232991431,3.5634220583838991,-9.6901706738850404,-0.98896661508117523,,0.1139582611880008,0.2777777777777778,0,1
0.45520773649876156,0.89013221117208663,0.021226475580453499,-0.89035840990620729,0.45524978798467552,0.0030874664693914737,-0.0069150951523442167,-0.020304609668773028,0.99976992567551992,-1.2370810568027686,-10.062058333467897,-1.3764623230221087,,0.1005797408612803,0.24,0,5
0.95559617519400697,0.28853984609152189,-0.059839010453608982,-0.28921098817143703,0.95726160658825721,-0.0026871682066045744,0.056506232182717525,0.01987394700482345,0.99820442393077169,-6.6325737454899247,-16.12829019521244,-1.8948408694113776,,0.08727399966815497,0.2727272727272727,0,4
-0.55685766521791347,0.82901366098495166,0.051438221084927044,-0.82580884226592366,-0.54593009220541966,-0.14142167606133146,-0.089158828634455248,-0.12122988214507935,0.9886121681183283,-31.381024818098592,5.6288470999158129,-2.4088716713531713,,0.3568256824345725,0.1,0,1
-0.7076999746310223,-0.67344348865993831,-0.21362259592276653,0.70612717408586267,-0.68419872424917727,-0.18236370185239997,-0.023348660020733235,-0.27990350715439211,0.95974416734768786,-0.76733896831027826,-16.358990303237718,-1.5056574122823703,,0.4477162942358481,0.4,0,5
0.99316904266217776,-0.087235746028130376,-0.077493079125880826,0.088964681631042,0.99585087615489676,0.019139432693061981,0.075501908053914671,-0.025902839157908693,0.9968091616772885,1.8146749669770494,9.4224964187476381,-0.52683320184533999,,0.07096628675614584,0.3333333333333333,0,5
0.51056055033323833,-0.820900333847984,-0.25583308294997642,0.85665754310722875,0.51121524072450497,0.069259161765594213,0.073930902070156568,-0.25452233603213525,0.96423679777316007,2.2982678149950528,1.3416390388694748,-0.86339373708454092,,0.2561254851633648,0.138728323699422,0,5
0.30143306162053896,-0.94694798535620106,-0.11147924646274583,0.9505858909669942,0.3075688547960696,-0.042283134390920574,0.074327473094103202,-0.093225064168750482,0.99286681591952641,-12.808442677736515,5.4153824342356591,-1.4714375272024021,0.3464997388292265,0.2776357558277631,0.9112318840579711,1,5
-0.70795715260147707,0.70598016842022382,-0.019714762939533725,-0.7002198125653244,-0.70527512226139433,-0.11081162398484251,-0.092135140806271665,-0.06464521418116452,0.99364586856288029,10.465342849849856,4.4640865251559392,-0.095683440698951627,,0.08445923821327921,0.3666666666666666,0,5
-0.80447423107089566,0.59375308813487115,-0.0166877761609311,-0.58693141282713501,-0.79892143782640646,-0.13128614861489493,-0.091283778294043688,-0.095821743418148503,0.99120404827092601,-7.6477927924048084,3.037765549381267,-1.3356402765096378,0.8092446364946324,0.320201081827773,0.6177884615384616,1,4
-0.85207763602147979,-0.50637816813014047,-0.13245698559611624,0.52225650425470393,-0.83934799797968718,-0.15080809676919429,-0.034811577897346908,-0.19767672884953702,0.9796489498364418,-15.289258408812534,3.9401408813386372,-1.6613608950579177,,0.08342606936827981,0.2,0,5
-0.26791740097816641,-0.88709742631472077,-0.3758702202608023,0.96275480894096599,-0.23178008095384545,-0.13921627754710819,0.036379171432966956,-0.39916932534806354,0.91615523007131461,1.8042368742971033,-16.409954015821405,-1.3762049424553924,,0.3598367563199669,0.4545454545454545,0,2
0.013146105015623797,-0.9901642246493243,-0.1392910196226613,0.99822696907916753,0.021083565708056255,-0.05566328646471131,0.058052546248520645,-0.1383122969284962,0.98868579963122083,-7.1846621101409065,-10.679550187541029,-1.7846063775425798,0.215392523992172,0.1633777609273147,0.46,1,4
0.74192331319618754,-0.66344132865492245,-0.096929875521345077,0.66392694492097803,0.74711905186278715,-0.031845473014962052,0.093545759625376201,-0.04072745727689691,0.99478161677821031,-8.5803678337188387,12.012515053233807,-0.89091798872874983,0.3747787923858731,0.3272469944930741,0.7472527472527473,1,5
-0.4591199601988043,-0.85587463776418427,-0.2380912988310897,0.88834720525645994,-0.44440277735567157,-0.11552235451029573,-0.0069357811445904197,-0.2645463587173183,0.96434802795947205,7.5669946691038765,5.2680962012193424,-0.31175500474581275,0.2533428852927065,0.2119010225730255,0.2,1,4
-0.041889843094956511,0.99831062962167039,-0.040263231736451743,-0.99609925104428665,-0.044861629848569312,-0.075984973753627588,-0.077662881188437935,0.036923176349188319,0.99629571711103726,4.9815750727481118,2.1629540398953933,-0.64411083384708934,,0.3452424447364049,0.8193548387096774,0,7
-0.035077790170478351,-0.9920877933521921,-0.12054608628376899,0.99778972829275703,-0.027954389829258349,-0.060284410942958118,0.056437635937568183,-0.1223942905974451,0.99087558799221931,9.8085545661378699,12.179097320982741,0.32005884542296226,0.263395666476996,0.286133905346431,0.7407407407407407,1,5
-0.81812590360743409,-0.56708582445643363,-0.095308307859737915,0.57414239511480647,-0.81480490212134815,-0.08033356465919736,-0.03210165071071993,-0.12044351032574134,0.99220101030086627,8.4051220713756631,-4.793257757791233,-0.63164864393533104,0.350399983561324,0.3356405571363135,0.9082125603864735,1,5
0.9969623419091117,-0.019262579918682327,-0.075465500925756754,0.016429100101033722,0.99914308282329911,-0.037989271067277515,0.076132604611751101,0.036634042381769136,0.99642449460749449,3.6212760157550656,-3.2956124857749431,-0.94231371527078223,,0.07476934408385391,0.1857142857142857,0,5
0.90648416157345113,-0.39718613820078458,-0.14328166818412263,0.41209707008338392,0.90614486075150102,0.095275894969992253,0.091991682478189826,-0.14541204542537015,0.98508520819269363,-12.474643116883053,19.780524367975719,-0.57784237838571617,,0.537870027994662,0.3333333333333333,0,2
0.71694055144821756,-0.6810930989149262,-0.14868905911192098,0.69064533088476676,0.72295698794461927,0.018499202931867603,0.094896114863552039,-0.11595423318062302,0.98871095027378808,0.31456862855043977,15.558313259747569,-0.29216511076397167,,0.1250826803901876,0.24,0,3
-0.054083542859194436,0.99818266666750799,-0.02657695159984301,-0.99668243730818762,-0.055585157742259431,-0.059450899069554704,-0.060820141016014642,0.023273465648907376,0.99787737535404664,-4.5265019862605067,6.3360426646705195,-0.99918551028594715,,0.08814760133141845,0.4285714285714285,0,5
0.99560247725578099,-0.02625691889688675,-0.089923753770597026,0.050098230705711885,0.9603510939604577,0.27425525265545886,0.079157277380604144,-0.27755422990650785,0.95744335336284825,-7.7585892542367718,-12.627465172355802,-1.8356580702237966,,0.2205007881154491,0.5,0,2
-0.96346649408115659,0.25913559370488937,-0.067683519841839818,-0.25279628425407402,-0.96334540396632407,-0.089775672229699538,-0.088466679887398564,-0.069385709855673591,0.99365953415519848,5.6570352536345005,4.2312394243462261,-0.49531888350977482,,0.06858476276200777,0.3541666666666667,0,4
0.94873378298054556,-0.29913423607267009,-0.10209269239589627,0.30201282452119899,0.9532061888707376,0.013646073547018764,0.093233378444365897,-0.043779793372552438,0.99468128907510167,1.8314314883899432,-5.6002908415147523,-1.0909170775868715,0.2649190184826115,0.2127364926328629,0.6328502415458938,1,5
-0.63397774857990041,0.77329299096238746,-0.0094954954586656589,-0.76951084461000085,-0.63200401004010598,-0.091782303963392153,-0.076975803556464828,-0.050881051695799172,0.9957338219851557,12.215068841352833,15.029794584679751,0.69890067868565009,0.385521875725272,0.3056523652089147,0.7142857142857143,1,5
0.50525663140317378,-0.8538042802598339,-0.12543519216354748,0.85828960387795705,0.51229659717394471,-0.029852175783638465,0.089747937570384642,-0.092576711617910021,0.99165259046093246,-6.6383403503325695,-7.5296544833775094,-1.6328041584170094,,0.07402411773914618,0.2962962962962963,0,4
-0.18845234439461392,0.98162200573436065,-0.030065790364223799,-0.9795751808244757,-0.19006928270459397,-0.065621131389645246,-0.070129729821736236,0.017085245980459674,0.99739155569160409,-22.011724692078648,3.1528252813858257,-2.0241776471247066,,0.0656669454891555,0.3888888888888889,0,2
-0.99520385253469035,0.065868224165643779,-0.072323363758711567,-0.050098762754145043,-0.978203856684422,-0.20151260193403875,-0.084020270593555435,-0.19692280673651555,0.97681216327214038,9.58072312528334,21.75685580036215,0.97727655278828374,0.4137087385950086,0.4957067382772697,0.1764705882352941,1,5
-0.78121936598554964,0.62117213108020264,-0.061979720702949243,-0.61727890001570773,-0.78347363403274872,-0.07166466612575631,-0.093075570395961704,-0.017727051215532131,0.99550122543905906,4.9361256843007997,-4.5436895731061275,-0.89260737177119776,,0.07343455436749229,0.3968253968253968,0,5
0.47959579945393882,-0.85504352486342217,-0.19720152062109406,0.872041490211241,0.48943022462310554,-0.0013017586312908938,0.097629444822220371,-0.17134358994287166,0.9803621094724102,0.39307593083387754,-22.113617218014312,-1.596712356764983,,0.3307449468369966,0.3157894736842105,0,5
-0.81457063795867468,-0.57031890942962105,-0.10588209160479149,0.57933125355496506,-0.80904741379092593,-0.099083706494287785,-0.029154320949563627,-0.1420514828687876,0.98942983671645368,-14.821459078527065,5.1829828861006284,-1.5859172176512617,,0.07892470138015918,0.1764705882352941,0,4
0.98047566584835788,0.18384271865586624,-0.069780537948924248,-0.18367976823354457,0.98294674586109532,0.0087998603827560661,0.07020834295788965,0.0041892240695151099,0.99752355309576746,9.9238777700376826,-6.9325591224097236,-0.55228819676016072,,0.1084339042145436,0.2608695652173913,0,5
-0.33789608543632771,0.93928181631722196,0.059798871081542637,-0.93863849149789291,-0.33163238888228236,-0.094750941540389419,-0.069166593998588252,-0.088145494383159995,0.99370335316661929,12.319181244933793,-7.7529459333475774,-0.38893002459913723,,0.2485032711289049,0.4,0,5
-0.68684814921204573,0.72660772168590537,-0.016758243058402841,-0.72171603609280366,-0.68458413742921542,-0.10232556878310936,-0.085822975772675378,-0.058187434783758318,0.9946097924627566,-8.8403046563098968,26.462802362307468,0.1143234664023518,,0.3124528285054528,0.6904761904761905,0,3
0.39001401403041369,-0.89467438707698166,-0.21782288669538788,0.91717941716937768,0.39843352162690343,0.0057136297416344487,0.081676101649899732,-0.20201106393564569,0.97597158998961853,-9.3367114128581878,-11.872913487802119,-1.8996782814121647,,0.0996469559560826,0.2941176470588235,0,1
-0.90445340990362488,-0.40969787415830999,-0.11879259751292269,0.42419144849168772,-0.8932082825492571,-0.14913275633451528,-0.045007158766462704,-0.18527443400417554,0.98165561158901482,-9.6600808278835082,13.98331351568617,-0.83972282386054709,,0.128816385904747,0.3725490196078431,0,5
0.014869342436031635,-0.99153805454518196,-0.12896196743333374,0.99766351873131431,0.023313587066226556,-0.064218222108350306,0.06668137707165292,-0.12770576747689075,0.98956800216304819,-4.5094658571790474,-17.891890434063811,-1.8048200121716105,,0.1652303495725923,0.3636363636363636,0,5
-0.98571500319001082,-0.14814082975011686,-0.080126319315593053,0.15492786334354605,-0.98413988031476152,-0.086406325774508685,-0.066055201505415481,-0.097585811135604467,0.99303258749100753,-9.1084343118444426,-2.8497406502529175,-1.6181886686604749,,0.07316526260999018,0.2173913043478261,0,1
-0.6305669093581403,0.77546366002992173,-0.032272043559741927,-0.76977892062708642,-0.63017266031794739,-0.10160133633963313,-0.099125103685802185,-0.039224101784490886,0.99430160598204786,-3.2019601102807056,-13.935240332144499,-1.6145420012773997,,0.1862854572307562,0.3157894736842105,0,4
-0.93829993995858341,-0.29496229577254662,-0.18052829901793399,0.34191479461841529,-0.86951565267432573,-0.35642222570343263,-0.051841063788919471,-0.39615624925896414,0.9167184574766144,0.97955744508955822,-13.971297593130831,-1.3362511523773244,,0.384266126486657,0.25,0,1
-0.99048862541684823,-0.11598083359499015,-0.074031946877367708,0.13176156801346015,-0.95450426129273258,-0.26750795197273769,-0.039638013503157959,-0.27471814904120451,0.9607074302163473,-5.5014293833804295,25.640900977506995,0.24106406707040287,0.5896553228455785,0.474445967391834,0.4583333333333333,1,5
0.93360649866401357,-0.34829153503165167,-0.084094662598858255,0.34666415417670166,0.93738339514827429,-0.033709564061916351,0.09056969615313909,0.0023188629947276623,0.99588741984881912,-8.6140816906212745,-1.5440687011488998,-1.5786925403328722,,0.3510977465770693,0.5651074589127687,1,1
0.84704382815760981,-0.52072232883545955,-0.10660679824607594,0.52348838406062526,0.8520295015783278,-0.002374909215874757,0.092068805432128406,-0.053795768349974002,0.99429842118648626,-8.0425625550004352,-4.7276316602652209,-1.6134650521201801,0.6006896390816598,0.4922074122554838,0.8717632552404438,1,4
0.81900734545446185,0.56817875143899443,0.079999215651532271,-0.57301566836884787,0.80271494635717267,0.16523243839695284,0.029664994445265623,-0.18116738478000274,0.98300476438140216,18.337623386196089,-7.4342255062150961,0.08373592180323905,,0.6319392733453855,0.3673469387755102,0,1
-0.9191240077506232,-0.38450686505958614,-0.085822660751588717,0.3914449075935556,-0.91592111596017201,-0.088653221359100753,-0.04451901498804503,-0.1150781476229185,0.99235834114707411,-0.25903033279544962,14.089177028533774,-0.47044550926211576,,0.09983445321741699,0.6,1,5
-0.96505153193902626,0.25662604481048734,-0.053090619011886823,-0.24496459051648678,-0.95536342391575757,-0.16514562554621542,-0.09310150425868223,-0.14636871717989022,0.98483922979128147,4.815623751528082,-11.456576819193419,-0.93933915051078987,0.1010778992105644,0.1159396851068411,0.4347826086956522,1,5
-0.068249557998536853,0.99717769188185856,-0.031283360532006782,-0.99596637066200366,-0.069930391476161147,-0.056220359820516756,-0.058249346291283526,0.027320160342904781,0.9979281649976004,-12.105592717865733,7.1651771890578235,-1.3419950098653974,0.2138757955846481,0.1841901619015175,0.6907894736842105,1,5
-0.24108726543309755,-0.93435310616545608,-0.26241418301028613,0.96992426154182032,-0.22262843523796716,-0.098404810329828674,0.033523981245468418,-0.27824602930223269,0.95992462717600657,-5.5661848974984522,-13.323903808989785,-1.7336747314644816,,0.4893394758422915,0.2222222222222222,0,3
0.57600042546247743,0.81714465682272852,-0.022318595231554817,-0.81743496702980212,0.57561333484200006,-0.021664797000133771,-0.0048563920795843428,0.030722932446892805,0.99951614137933387,-8.3020032369336096,13.543798949217793,-0.78274298400605868,0.115566166080864,0.1418011951151052,0.34,1,5
0.24626231927796657,0.96902004106398021,-0.01884224297157067,-0.96842401815958445,0.24523842920419225,-0.044866846257625,-0.038856031133943321,0.029296294267758361,0.99881526619625471,21.257689849009289,7.5152144958110423,1.0762652232338941,0.5741834151677591,0.4869216409975567,0.3888888888888889,1,5
0.97832584396156508,0.1913699171616563,-0.079095498243784715,-0.19316768841252047,0.98104064934108393,-0.015668072433695668,0.074597501233319971,0.030607174746534703,0.99674390575703031,15.255666297425218,-12.089905787312802,-0.28975311288940803,0.5327485947189841,0.4958319666094246,0.6779661016949152,1,5
0.42814398371080098,-0.89755922801916799,-0.10526234564117373,0.90037864549461488,0.43365478018577358,-0.035522195305352486,0.077530793556680369,-0.07956735398179926,0.99380984711905884,7.8276567305230236,-7.4571588474659976,-0.75089846462327803,0.1536629484003779,0.2554416471270779,0.6388888888888888,1,5
-0.84096761309696588,-0.53057111354166009,-0.10614973950583191,0.54018302239246863,-0.83457626806927443,-0.10809604569317617,-0.031237414120424179,-0.14824556064424435,0.98845711981266215,7.1046230346081138,-8.930121238581636,-0.80230254340464158,,0.09726116488164116,0.1578947368421053,0,4
-0.78285032377652797,-0.59402177062741846,-0.18515805838162241,0.62204386742869655,-0.74030715111927936,-0.25496421120621254,0.014380457480061365,-0.31477525001550333,0.94905729248572834,-3.4466112998361993,19.873153420270949,-0.08305076927425388,0.5368691459067572,0.3938405282554459,0.8181818181818182,1,5
0.60914281092057088,0.7884794751332298,0.085118465666466442,-0.7930604884260849,0.60558180042308496,0.065770393747604877,0.00031241185386802778,-0.10756765447829555,0.99419771781516009,-5.0303807929397069,-10.795618915741468,-1.6540870749193703,,0.1762985226319475,0.1666666666666667,0,2
-0.38981172378687479,-0.8582195072332619,-0.33392528715657938,0.9206158418852709,-0.35425065097294478,-0.16423442987120512,0.022655941123255596,-0.37143741557568405,0.9281815310822974,-1.4282322032299655,24.214128270154507,0.40216776646770452,,0.6603873152454163,0.2758620689655172,0,1
-0.91915495733435426,0.38801842815448684,-0.067792800651720081,-0.38370746788245541,-0.9209107097424446,-0.068498494676171848,-0.089009794398800274,-0.0369481270728126,0.99534521268095477,15.970171516254457,-5.1976960194659521,-0.084784805362633997,0.5957389002892254,0.47629424510232,0.9848484848484849,1,5
0.78392565710691153,0.6207391933571923,-0.011975723767712165,-0.62034153600760078,0.78391607281754916,0.025533693074883936,0.025237726387866293,-0.012587478245229251,0.99960222716748592,-2.2614093499487482,11.073511997739759,-0.67125712985223474,,0.1099138810552201,0.3269230769230769,0,5
-0.40441170607427301,-0.90207784323726858,-0.15068754670009626,0.91454528790048673,-0.40024393726374385,-0.058409819916104125,-0.0076215726140643481,-0.1614322007036203,0.98685437436679302,-9.1073762354788972,14.563364938840424,-0.76563569842859924,0.2056817495503414,0.1392874433546651,0.375,1,4
-0.8693884522617159,-0.48115603411139979,-0.11248373176672975,0.49356991503118913,-0.85643287943052127,-0.15136532630180594,-0.023504426180715864,-0.18711385269011235,0.98205699838725236,11.797883978535541,-9.3992285539922751,-0.48271614298429028,,0.09599452856149279,0.625,0,5
0.91652277958699591,-0.38829142638366493,-0.095998764028848577,0.39648579370259307,0.91362189685927964,0.089966910424203281,0.052773192912237719,-0.12051886896329105,0.99130731477864986,3.2503912967485511,-15.683747938707777,-1.2244293683021126,,0.3071015166063245,0.3103448275862069,0,8
-0.87235518938173018,0.48884798662433759,0.0049060709430713495,-0.48150530285850335,-0.85742987493778156,-0.18156721312869653,-0.0845521547798017,-0.16075339976968581,0.98336629878422244,-7.3934221676138723,9.5983560936964807,-0.96745981678423454,,0.2397946927285295,0.119047619047619,0,5
0.98249652971738244,-0.1624679750124618,-0.091130270430033813,0.16391415363595815,0.98643741741705948,0.0085657315723446075,0.088502651548461611,-0.023353342692474195,0.99580214001275358,4.3274806608749889,-24.185298590108907,-1.3291601062909559,,0.2031450137868771,0.625,0,5
-0.78629603665661052,-0.61048064379313483,-0.095141611779629529,0.61737240191968479,-0.7823702748077902,-0.082146639889294146,-0.024287035348625766,-0.12332938275650986,0.99206854766335206,-5.8289582316217281,17.837390523117548,-0.36091670478229865,0.3723762873746955,0.339744686267072,0.859375,1,5
0.79422813827826044,0.60760097350346176,0.0047666932662600303,-0.60706953351639159,0.79315087842971399,0.048767463768007703,0.025850451509397153,-0.04162620621458149,0.99879878509785036,10.200578655072706,-9.9134735881466955,-0.61430064453091382,,0.1076173911031617,0.2857142857142857,0,1
0.83245992557810244,-0.5009873765143229,-0.23668992559844701,0.5418484528266494,0.82534232872398039,0.15877750025065027,0.11580469107885222,-0.26042597602730649,0.95852364839598947,-14.657472640283149,-13.895232179780843,-2.2799137642084624,,0.2462282463666836,0.3265306122448979,0,2
0.94626936209515733,-0.29793438815587125,-0.12573541551293593,0.30878805392035241,0.94795215022973622,0.07769593702955653,0.096042866034418903,-0.11234687903545047,0.98901665640922787,-13.047538893589401,18.860596195924767,-0.66847616274728283,,0.45226823161157,0.1764705882352941,0,3
-0.014000380549846791,0.99977614053139463,0.015863737535897905,-0.99823436281597377,-0.013059361936191697,-0.057944887256816499,-0.057724745455004757,-0.01664697840354025,0.99819373463881544,-10.714598829675682,-4.0816227146128945,-1.7399016274295762,,0.2094995614982459,0.5526315789473685,0,1
0.3655202118484035,-0.92344224820231424,-0.11683059943933632,0.92715949567870604,0.37230531190931865,-0.042000289247965186,0.082281494293103191,-0.092968645032405511,0.99226336561304795,5.3839895382628322,-2.7373428277621978,-0.82576725808583873,,0.08713095330265068,0.3787878787878788,0,5
0.99384578573444948,0.087403386924438789,-0.068052936248280113,-0.085276637443930131,0.9957920013585374,0.033558681985671295,0.070699712051267627,-0.027548829094822515,0.9971171509563822,8.7363315712712595,16.149146904513191,0.38262369424042447,0.332606205654371,0.195777500905187,0.4375,1,4
0.2944674023897601,-0.93092662607892085,-0.21601982730097816,0.94879494550792398,0.31183319316738517,-0.050479808019123641,0.11435514989908548,-0.19009386233213749,0.97508318783332937,1.1067407358016346,-15.316563975911174,-1.3768771385841623,,0.4857466357007927,0.1764705882352941,0,5
0.65303059736164903,0.75511239233266658,0.057933702239078642,-0.75711448087962352,0.64909917995932165,0.073810008931819382,0.018130133807208147,-0.092062639120189346,0.99558815216250918,-4.5003571556065394,24.415418456420518,0.22590305502825647,,0.2401095511763345,0.2592592592592592,0,3
0.9754651187136355,-0.20355002985978024,-0.083876024685693995,0.20319800572012911,0.97905395382375693,-0.012803357896680112,0.084725277481722455,-0.0045542119132471271,0.99639394142552551,9.3659225469965648,4.6569773933929222,-0.1885482663946268,0.2846177262891071,0.2576807139458566,0.8174603174603174,1,5
0.30802658848856274,0.95124375876465073,0.015966596237084421,-0.95092699987847307,0.30835384037613972,-0.025607616589860459,-0.029282446725383052,-0.0072952406805037598,0.99954455517360008,-2.8930375545146436,-10.543639636042931,-1.5088938132100751,,0.07333727257461528,0.2941176470588235,0,5
-0.99138238062958928,0.10027713576377895,-0.08429395838504633,-0.092665073311658755,-0.99163704135461372,-0.089828516639268219,-0.092596757855511136,-0.081243302840782197,0.99238367891565371,-23.0179539554832,4.7082129705202265,-2.0109421765741944,0.441988707178954,0.2848686772674395,0.4626865671641791,1,4
-0.51588812978029941,-0.84858208854742967,-0.11733659509406344,0.85665119684338475,-0.51056624464435707,-0.073965105127728123,0.0028573586723862651,-0.13867425437420389,0.9903339268525424,-12.449661147953899,13.28052826305105,-1.0316785580019727,0.1792103363245216,0.1169050036167848,0.3846153846153846,1,5
-0.99458033463519357,0.07834319460554641,-0.068354237732160539,-0.063651901673675834,-0.97863759671499662,-0.19549140571703119,-0.082209448181288308,-0.19008103049724265,0.97832040174721657,-8.2097020407774561,-8.8322364976963996,-1.7944673644576024,0.5994406799131063,0.3129970951131801,0.2352941176470588,1,3
0.39049436978545821,0.91866124164129181,-0.059796908548323223,-0.92043861352387502,0.3883631431103387,-0.044348932430257407,-0.017518729979737732,0.072357392017243866,0.99722490037120448,-2.0074537078480184,7.6723211159866231,-0.85109072084006843,0.4966693416734783,0.4175647914824858,0.9150684931506849,1,5
-0.99698329301049338,-0.0090184599716673988,-0.077090731204813023,0.018546922704446439,-0.99213447157161894,-0.12379499980814992,-0.075367931616494507,-0.12485134239984762,0.98930875725670575,-16.212041913608896,16.157167978193247,-1.01327335179652,,0.06883372991285983,0.25,0,2
-0.38994827659124515,-0.89682773838054897,-0.2089027267767169,0.9207734437939824,-0.38241538327099933,-0.077037262681538377,-0.010798462264962776,-0.22239263096812392,0.97489738480713339,-10.731062039008519,-6.2718536503640836,-1.8225552664512423,,0.352045516101918,0.6837606837606838,0,2
-0.11700748139523023,0.99201694931089912,0.047027880852141171,-0.99255108702042083,-0.11518992619993915,-0.039668886506106296,-0.033935069649650165,-0.051319130759892327,0.99810558452797138,-18.231177284248773,8.13706230869502,-1.5935747729027099,,0.1138738756631995,0.2142857142857143,0,3
-0.93071612693266248,0.35852883874719155,-0.072281137609027171,-0.35391530474460031,-0.93270771164953103,-0.069284065246143015,-0.092257509911124913,-0.038902396019854832,0.9949749521716178,-11.580175760231677,-8.9373015574594508,-1.9243169486053402,0.2628506313833154,0.2219097586947447,0.6373626373626373,1,2
-0.99245394452121649,-0.0058610816244712965,-0.12247781728325303,0.025787957227554524,-0.98649389120345288,-0.16175532102623347,-0.11987555741813449,-0.16369315911320584,0.97920089889318951,-8.4783072813443709,7.023535544863778,-1.1125806306680501,0.6664544188248124,0.2355257114592932,0.2934782608695652,1,3
-0.9220103057564466,-0.35145407509549986,-0.16241006489030088,0.3841546817146545,-0.88266945811803432,-0.27077630661180258,-0.04818896757161005,-0.3120491320359392,0.94884306531691553,-4.386105461968925,2.2907309275882346,-1.2107429322795118,,0.09631422512027379,0.3687002652519894,0,5
-0.96156998696594176,0.2668824689834321,-0.064474087163975652,-0.2606799337009808,-0.9611492892004736,-0.0907635170929256,-0.086192414584884441,-0.070468373180690977,0.99378321380937795,8.1775573487368174,-8.1032981470980783,-0.73589113745092849,,0.08072853270413041,0.4358974358974359,0,4
0.11214432211760673,-0.98818038707404277,-0.10451398767140595,0.99165784583003103,0.11802028721652502,-0.051825945327335504,0.063548153557168197,-0.097830130366494614,0.99317213904335344,1.8030001673444436,-3.4980353619715907,-1.0598271494099567,0.2073815243599723,0.1904287219133357,0.6547619047619048,1,5
-0.95884215930705818,-0.26845332756351342,-0.09249067226188068,0.27823720872751084,-0.95329466917201644,-0.11753012127849834,-0.056619512669230807,-0.13842718175377253,0.98875282357968819,2.7287774293574474,-8.9444130244754554,-1.033753913525822,0.1424646159860667,0.1340566541182709,0.5789473684210527,1,5
0.33291197936448341,0.94109432401342508,0.059254428571508179,-0.94138701612557574,0.33532621133376467,-0.036699017190214407,-0.054406799812212941,-0.043563807251632773,0.99756809032363092,14.127192074405116,-8.9155512312679992,-0.26921397656996343,0.5557801300411662,0.4209453928424638,0.4,1,4
-0.44015183636674632,0.89374315124450077,0.086542131626916916,-0.88754993225291856,-0.41843361187548345,-0.19279115698256566,-0.1360936394576171,-0.1616678448436393,0.97741599600313123,12.835079406393621,-14.075180634236261,-0.50854856258980941,,0.3350239561647296,0.2142857142857143,0,2
-0.18516760587871223,-0.97287703823362026,-0.13864784964407401,0.98205523323604194,-0.17805633166133786,-0.062156750470171142,0.035783747803289689,-0.14766926299364888,0.98838925133778321,-14.691016282396088,6.6384568962544028,-1.4936274533960003,,0.3043705943167216,0.8828828828828829,0,3
0.21425342573409448,0.97670701941950533,0.011784217321127957,-0.97501385818116726,0.21457565728791525,-0.057491422439648797,-0.058680882030521672,0.00082795901210245952,0.99827644896992074,-11.844981101066791,9.977938689756094,-1.1253545374306413,,0.559578316821896,0.65,0,2
