axis_00,axis_01,axis_02,axis_10,axis_11,axis_12,axis_20,axis_21,axis_22,location_x,location_y,location_z,dbh,dbh_approximation,score,reconstructed,number_clusters
-0.84454732560754209,-0.46969263864646071,-0.25715489497669447,0.52224053470253406,-0.82860195840004947,-0.20170180576587729,-0.11834119621991707,-0.30464343048378639,0.94508610271250504,10.309144140334316,4.5807376333153931,-1.1657615487058923,0.7993524233492769,0.2894930040594759,0.1794871794871795,1,3
-0.59898932766144686,-0.75350202330741811,-0.27101012198682745,0.7943220850991336,-0.6019318009007143,-0.0820398207469277,-0.10131243986526541,-0.26441030225021517,0.95907402299952715,-21.793606129428014,14.857732545569313,-2.8700425601932626,,0.5474996395803301,0.4545454545454545,0,3
0.49516000856513243,-0.85196735145961278,-0.17020046405539588,0.86871448475910373,0.48273935697493725,0.1108957041420026,-0.012317056771173044,-0.20276672625043382,0.97914960288925179,-3.6953546051664907,6.9708095557475254,-1.6533406656595027,,0.1292475601290454,0.2394366197183098,0,4
0.99304595178117172,-0.016608727847133634,-0.11654993698121155,0.044690077829421748,0.96907684332291744,0.24267852949712654,0.10891526336847721,-0.24619955705603411,0.96308008156683733,-16.116477981190418,15.218491795154234,-2.5147669026020605,,0.2275776404941082,0.3125,0,2
-0.014940510128513933,0.99916202469553606,-0.038105505683765542,-0.99725432442138684,-0.012125919260762792,0.073053230626194746,0.072529949537706861,0.039092332859490229,0.99659981734478564,1.5375358693015835,-29.277675245143442,0.13381246674849204,,0.1183801794266175,0.2666666666666667,0,5
-0.93150814327060849,0.36239562019118099,-0.031016019841238671,-0.3587222073461101,-0.92944934213689423,-0.086268756557797324,-0.060091238773029097,-0.069233914142878106,0.99578898776557034,-1.6074521291722708,25.828062130772715,-2.3239022674311336,0.3644132855473527,0.1881243358866004,0.4117647058823529,1,5
0.15051185315184112,0.98841616474530014,0.019485054041244981,-0.98547877465535139,0.14843926470822688,0.082446160593857773,0.078598770757473499,-0.031611231596895287,0.99640501969447248,-19.213499224432145,14.533695016267803,-2.6635336649860428,,0.1406201261365232,0.2352941176470588,0,3
-0.8471714936415865,0.52649965428494649,-0.071404302383791141,-0.53012473080848277,-0.84660617959231854,0.047177817471069472,-0.035612219059159671,0.077820888673490796,0.99633110918998813,2.1397276370773985,16.716314175392743,-1.8658464311558882,,0.1297064482900482,0.3809523809523809,0,4
0.78027041244437245,0.62395972289981227,-0.043038908706867086,-0.61730737561585547,0.77935869127772484,0.10738544752496576,0.10054694164495537,-0.057221451647622108,0.99328546651865668,-16.856957898541484,18.755441433812688,-2.7804594011209867,,0.1390345281906357,0.3157894736842105,0,5
-0.72158117762262108,0.69163709098267223,-0.03096350235000073,-0.69205012836147595,-0.72183910076147506,0.0038642524154076144,-0.019678006393335036,0.024216667584379719,0.99951304597563517,-2.7052184284870151,-30.393135777709659,0.20386310002149099,,0.2123721744414772,0.3571428571428572,0,1
0.28410135841655426,-0.9380245812958794,-0.19848501966284102,0.95814334719307392,0.2701316291138815,0.094816819087821261,-0.035323425308436657,-0.21711468821102434,0.97550677485474646,-18.25968405687771,7.92371167522127,-2.3139254171096284,,0.6491834016367133,0.5238095238095238,0,1
-0.92858602847465388,-0.35817884435204855,-0.097138577199285397,0.35744964212483765,-0.93358668747206874,0.025409650130551967,-0.099788481632381534,-0.01112710355674074,0.99494645408682358,-7.1331333973858921,10.488443470782565,-1.9206466257746972,0.2415718104775413,0.1983925954057097,0.7096774193548387,1,5
-0.86159263278244969,-0.4967116886626618,-0.10457357926786837,0.49660984110869222,-0.86749367864921245,0.028868377468364598,-0.10505617948986068,-0.027059487237257526,0.99409807529310257,-3.2502467911522541,11.047781909279399,-1.7969500656400246,,0.084027984471906,0.3333333333333333,0,5
-0.80613627446919156,0.58214411398856403,0.10607797855069293,-0.59088298250477012,-0.78235404251358753,-0.19692499371312555,-0.031648190646526728,-0.2214280531258786,0.97466302346897504,-3.7321661139289315,9.8055346058396857,-1.7538618774266856,,0.1342206586267284,0.3571428571428572,0,4
-0.8146104321195462,0.57994623104902621,-0.0084978217229193884,-0.57873208104483198,-0.81370196611058199,-0.054390152760313434,-0.038458058343121292,-0.039388823793073999,0.99848359941897624,-0.78503219026094662,10.904052582134742,-1.7248490275133004,0.3981834601176699,0.3437562544733306,0.8989547038327527,1,5
0.98042345018282762,0.19111058668060826,-0.047398333200590545,-0.17220943322221177,0.94897673082610579,0.26417243508716326,0.09546606434165554,-0.25083841015520442,0.96331008639478333,-4.1923459607244133,-27.639115926188051,0.10655492235817418,,0.2896928025322113,0.3846153846153846,0,4
-0.65049301384011249,0.75950537830312048,0.0032278899982930674,-0.75951069136066807,-0.65047723948262826,-0.0047823241107204312,-0.0015325319074375589,-0.005562485388182571,0.99998335491260049,-10.584023661071138,-34.228144981927137,0.12752143069348998,,0.2070121565597894,0.391304347826087,0,2
-0.99596293557177173,0.020400015576861448,-0.087416647909433626,-0.02115249279690317,-0.99974668440635628,0.007690192908744448,-0.08723762385424666,0.0095082271197400679,0.99614215381204718,2.3761914491272531,5.2174002723286552,-1.3590803617096225,0.2098211115953294,0.1783918820185399,0.7471264367816092,1,5
-0.97911435488496878,0.18906455867187483,-0.074764113800672993,-0.18721831477767978,-0.98182778764516987,-0.031040264489797919,-0.079274098354988359,-0.016394757149778668,0.9967180289670714,10.015167114560398,9.0160724170112339,-1.3635567464632392,0.5282804842119986,0.2981459840085078,0.7647058823529411,1,5
-0.98494365707063969,0.15325237536135511,-0.079998136493385288,-0.15381805270806953,-0.98809875997065111,0.00092043769875623589,-0.078905000205370404,0.013211736848805519,0.99679458814342836,9.2533248578061951,4.0145038242864546,-1.1942863527232221,,0.07903656074740976,0.375,0,5
-0.99465431878480182,-0.05093596212567017,-0.089823793535312654,0.050257489352018556,-0.99868820732411978,0.0098004752827816222,-0.090205159978650529,0.0052337667190035554,0.99590945210855297,-10.698333382513516,4.7629981991725927,-1.7920458116639129,,0.1703634285038522,0.3410404624277457,0,1
0.16296788838804746,0.98260690888276836,0.089023199056143629,-0.98369569460603346,0.15486490225112715,0.091431080406504356,0.076054242274134862,-0.1024720677384703,0.99182419186341109,-14.713451292892499,7.0352428180135842,-2.0727587177344429,,0.3625574472200624,0.2727272727272727,0,1
-0.94897110751081626,0.30788225563823207,-0.068281430658786571,-0.30892191896670929,-0.95107444228309213,0.0049652006840211951,-0.063412026395804066,0.025805462581033674,0.99765374404617879,-7.5308305664915576,11.856171454934426,-1.9898897290764113,,0.08199020747805784,0.3829787234042553,0,5
-0.851957827384908,0.52253537621969315,0.033535666931371021,-0.52284161040402677,-0.84549091258178588,-0.10854384907374301,-0.028363899374238142,-0.11000862393723257,0.99352583855263976,15.374046116306751,4.2727828311829628,-0.84413431437482112,0.6589936679947879,0.5792013580944991,0.65625,1,4
-0.98704646765167647,0.14297563751321218,-0.072782125374555723,-0.14455276249715224,-0.98935350623669338,0.016856409807619495,-0.069597194992246966,0.027158917041206026,0.99720540696205606,-16.656651067279395,7.4269312881831979,-2.2029305370544643,,0.08276977364944157,0.3157894736842105,0,2
-0.37524235293827252,0.91182855760824943,0.16661890076280861,-0.92600961194971387,-0.37675927408660631,-0.023635734946735262,0.041223477996011608,-0.16315983243369475,0.98573804529505704,-18.503202443958138,21.748155563575427,-3.0610806149678456,,0.453993697714234,0.2619047619047619,0,5
-0.2898235130324765,-0.93101177657627643,-0.22185446393930849,0.95172201470148354,-0.3048449955610647,0.035982432017900183,-0.10113129103330129,-0.20071522253595631,0.97441565125785967,9.4755310554678953,5.4828075122498392,-1.2353622470126604,,0.1944117752683824,0.125,0,2
-0.7102795692323981,0.70336621598704896,-0.027908775306378659,-0.70341468078391023,-0.71071348253354527,-0.0097021957676049139,-0.026659339615068365,0.01274017084278334,0.99956338851429971,-8.1715183443707211,11.29240665448032,-1.976443495934662,0.5769423239643915,0.4842669568713601,0.9421965317919075,1,5
-0.80146912653014624,0.59786146941631257,0.014453463473222652,-0.59697743215389587,-0.79837911958004204,-0.078795475235178533,-0.035569435164826725,-0.071780532221241033,0.99678602040562903,1.2834291457727041,9.5806630598491704,-1.5360805613093478,0.3890306771094096,0.3054459830261831,0.6504424778761062,1,5
0.65474416662044177,-0.67872516895530488,-0.33262925503192992,0.75578670627833422,0.59360612040712624,0.27643847132435856,0.0098250134580450312,-0.43239324560149428,0.90163160451969315,-12.923789861005506,18.870117239732043,-2.49279827762546,,0.08681160017594564,0.6666666666666666,0,1
0.38391971917252155,0.92277985686972608,0.03290873722856931,-0.91685177074312363,0.37674268119926435,0.13209005506845456,0.10949191621160953,-0.080884410848297963,0.99069129014341961,-0.44682073566174324,20.40995634410038,-2.0408358600775576,0.3794437675749786,0.3729909334778456,0.3636363636363636,1,5
0.57303546819822515,0.81928355569740041,-0.020119829787215705,-0.81325382343249952,0.57150789659061252,0.10953055649906877,0.1012352253875248,-0.04640236522419177,0.99377977924806837,-1.4525285499575347,-29.742529066303437,0.17023679812344833,,0.9071375675866691,0.6078431372549019,0,1
-0.51091103535281157,-0.78905051452029773,-0.34112930025134425,0.85456965254947892,-0.5092082510232494,-0.10206696836541682,-0.093169860449512698,-0.34366588807313581,0.93445873877808117,10.385549241142087,-26.421737025098505,0.25749060826342551,,0.4751829076094771,0.1666666666666667,0,2
-0.99522374268136304,-0.044864743034434391,-0.086699808741155945,0.047348813104230891,-0.99851857133431854,-0.026809561691510754,-0.085368565063022261,-0.030786645366529811,0.9958736820330959,7.3663190447499858,5.5715473606731862,-1.2989617203145569,0.8124707953827601,0.8162622041335537,0.1666666666666667,1,2
-0.85652494305969229,0.51439273611036374,0.042013509178413934,-0.51459556119107663,-0.84496178680596845,-0.14570856954931177,-0.039451619979816048,-0.14642298956980579,0.988435065042924,14.452214882979487,14.17567390239412,-1.3852785558481575,,0.3098961335382963,0.2,0,3
0.4369888631349792,0.89200703078142562,0.1156035922127976,-0.89449610142829017,0.4174762706413559,0.15996964706148159,0.094432293340721951,-0.17331191675095417,0.98032929237400745,5.2635790947757357,-25.707945723066452,0.071677969224732935,,0.3815665216866082,0.2571428571428571,0,1
0.89520153147892101,-0.38467755375954121,-0.22502754869430661,0.44263851776065477,0.82617335147547821,0.34858103205198293,0.051820465382353631,-0.41165613434679971,0.9098647517198396,-1.0380076632487196,7.3828762265259691,-1.553544022791072,,0.3675425099046094,0.1276595744680851,0,3
-0.358301741736332,-0.92192697977061344,-0.14720905488367506,0.92928369503794617,-0.36733639641872301,0.038675392728813908,-0.089731131751092971,-0.12294151388827469,0.98834898095638635,-9.7830776303617775,13.010856780168002,-2.0775928334453515,,0.4333446187256905,0.2592592592592592,0,1
0.4597942700836018,-0.87687926990877751,-0.14025681873812007,0.88790572113365862,0.45136818934702844,0.088826730344551699,-0.014582852135514737,-0.16537685342826933,0.98612262765528291,4.6109926498294085,13.681844083787951,-1.5846522830602048,,0.1002303984608566,0.3333333333333333,0,2
-0.12667072337455088,-0.96268556168845254,-0.23914647636199382,0.9895557217641513,-0.13936082199206407,0.036851523951220086,-0.068804079556368927,-0.23198075482739058,0.9702839419603505,24.279310757395987,4.9480448295763351,-0.82827355463669172,,0.2342103483281276,0.4545454545454545,0,5
0.95173966792139064,0.30636740263653112,-0.018182934488859815,-0.28789657269831775,0.91174736003693402,0.29297152573969337,0.10633516790527393,-0.27359781809697831,0.95594825487529933,-4.3987586945409545,-0.77689757793737835,-1.3031194771108989,,0.3777475828961716,0.1770491803278688,0,3
-0.32322041015108888,-0.88446352410098472,-0.33653059444369887,0.94276048977486959,-0.33178567980394069,-0.033480167211142706,-0.082044045373269384,-0.32808922141988217,0.941077168677939,6.3078531968010259,16.168062121865621,-1.638699281131212,,0.4777099348925588,0.25,0,2
0.30457238431816747,-0.90564962082781175,-0.29501597754221132,0.9517787357828793,0.27741798729210848,0.13098281734005804,-0.036781800150208002,-0.32068368312284884,0.94647190901604372,-12.098502194872159,10.499099822719472,-2.082030277307243,,0.430603379099004,0.2032520325203252,0,6
-0.96820715689332326,-0.2308034865846266,-0.096460623681004137,0.22965678737778697,-0.9730003810410307,0.022978653253049028,-0.099159776884895343,9.5259592335037523e-05,0.99507151982847386,10.60935346407391,8.4368494863143635,-1.3254804740400752,,0.08900382627767522,0.25,0,1
0.97303203452905884,-0.14855945772812815,-0.1764617445787183,0.19359578668351365,0.94187883908868997,0.27456315094224387,0.12541663031126216,-0.30132099162930293,0.94523876816648933,-10.807993651683764,11.779518829981003,-2.0624127979191869,,0.2163276695203709,0.4210526315789473,0,3
-0.29036471849067175,-0.89560626134601684,-0.33701298920611727,0.95310822599342282,-0.30206710235370443,-0.018443839603155602,-0.085282118873204388,-0.32656529257324046,0.9413193240803307,-25.67796447492724,3.357558112763618,-2.5038798597355667,,0.3698386733317174,0.4444444444444444,0,1
0.9902385451397322,-0.11795592093620921,-0.074256477398519968,0.12590759632096291,0.98552474110569033,0.11352648086344977,0.059790475062701756,-0.12176775182556575,0.99075613230861403,5.1295772665000143,19.530350182601705,-1.875440233993944,,0.1520551175196798,0.3103448275862069,0,4
-0.96491417202947638,-0.21607965194779807,-0.14916509186397234,0.23031751946028764,-0.96933467091700198,-0.085697934560213851,-0.12607331536185185,-0.11704648551898111,0.98509169084980386,13.354705619690915,6.0599740563863236,-1.0451324787417127,0.7173936858227657,0.3458015846293835,0.5666666666666667,1,5
0.51221619454283562,0.8501911255174206,0.121694782712644,-0.8519153942138985,0.48497225552183837,0.19759066899891434,0.10897124001053607,-0.20488279934021403,0.97270155103458356,-0.72319257637102707,15.721960647748485,-1.889152163501542,,0.5540111127901284,0.25,0,5
0.081336970500235681,0.9958477871192889,0.040883763518777136,-0.99493203535659713,0.078692517583563493,0.062591794170958281,0.059114653437391189,-0.045767592966814895,0.99720147672524106,12.879715863202705,-33.044205950337272,0.64694578164801619,,0.450949566835257,0.7916666666666666,0,3
-0.99466323210061913,-0.0095373170657896082,-0.10273312168106485,0.021670411984849883,-0.99281936789234781,-0.11764393729489978,-0.10087342539815312,-0.11924236797810601,0.98772759894994222,-6.184902291666825,16.692666852958887,-2.1165211815091198,,0.515531071943499,0.5072463768115942,0,5
-0.51669383940310321,0.85090492540532858,0.094806562240344783,-0.85591188521544781,-0.51064118480310772,-0.081611427691326247,-0.02103143052239111,-0.12331418533092936,0.99214479317605231,-5.2099504071855831,-28.889714358814693,0.12460486268232601,,0.2244217380650595,0.4666666666666667,0,3
-0.99534850737111025,-0.034412987004715338,-0.08998386077245174,0.036221769071953021,-0.99917167963051878,-0.018545567384852701,-0.089271116938239331,-0.02171867743996601,0.99577053919608327,3.0626806576364376,21.242220576436679,-2.0411336198370353,,0.07633001497890579,0.25,0,2
-0.86954219723888038,0.49247828251056247,0.036898624316169207,-0.49203104581213558,-0.85748102706391571,-0.15043848637375964,-0.042447817116963424,-0.14896788070204434,0.98793054074724607,11.993404849093828,14.92370783594337,-1.5380531402627564,,0.1439497343739545,0.4,0,3
0.24771610434058841,-0.96071978557334381,-0.12511684642058096,0.96816233321521794,0.24066864162273566,0.068849847368987693,-0.036033709128929642,-0.13818863392976949,0.98975020750643794,-10.722010987051801,17.027018085275291,-2.2952967976635823,0.37482847670425,0.3760874783868723,0.6962025316455697,1,5
-0.17558472591776456,0.95857986016237284,0.22426470011008898,-0.97945385330544088,-0.19305212359784027,0.058318323188233677,0.099197546690966656,-0.20941711789022632,0.97278174194679667,8.3905020081819632,10.425355569205808,-1.4838374137429047,,0.4073060080464302,0.5,0,3
-0.0022028834439113149,-0.97666531977641902,-0.21475567617773697,0.99832958314536413,-0.014546616092220393,0.055914572135255337,-0.057733791849623586,-0.21427377139139084,0.97506592606468134,-19.034578284933513,11.846021902219032,-2.4985763328166914,,0.2961550089883236,0.2666666666666667,0,3
-0.57320476369975171,0.81912857876859213,-0.021556212943345473,-0.81940875960031134,-0.57292814063282693,0.017961914187861645,0.0023629562399503463,0.027959204487235299,0.9996062721503155,5.472105476113664,7.5766240684974271,-1.4267726635264075,,0.0848458222011064,0.3333333333333333,0,5
-0.63610992882652129,-0.74506534868775398,-0.20060355089856691,0.76393836825968631,-0.64468091260530758,-0.028012326271064154,-0.10845426662444779,-0.171067668211102,0.97927193615653596,-16.20505667728192,8.7397251361174924,-2.2548405005438208,,0.1700677790997873,0.1081081081081081,0,5
-0.11874604237875289,0.9922826769258819,-0.03569967075742126,-0.99170758804459291,-0.11674417927983195,0.05372947439770679,0.049147097922041805,0.041783796824646537,0.99791716945283471,-0.10329309503112964,16.935860940076832,-1.9311995504869144,0.1681174474873386,0.1241391017141124,0.3461538461538461,1,5
-0.52160203331001809,-0.84706190843725859,-0.1020658714825029,0.84750690618451896,-0.52819080688919307,0.052407208352348973,-0.098302404937001708,-0.059165824530475808,0.99339621621547858,-13.309211410501208,8.553757552718837,-2.071113149610337,,0.07373943079485987,0.2745098039215687,0,5
0.95735230740392385,-0.27200604175068815,-0.097412898322062,0.28075914684286107,0.95541247522313366,0.091440164326585083,0.068197221149033815,-0.11489001453184276,0.9910345218953891,-8.2932541832228139,-29.164330260053568,-0.018120963727638207,,0.07742314468237549,0.3333333333333333,0,3
0.71526521612050475,0.69662203567865433,-0.055797939164595273,-0.69116961719353653,0.71694983699581016,0.090925747179897376,0.10334520248482142,-0.026470183954966149,0.99429326583496624,6.6208738670312579,12.601880997588182,-1.5276718597484487,0.8120766534093284,0.8162154301385878,0.9139784946236559,1,5
-0.768912859585549,-0.60570331723347004,-0.20468635972224161,0.63035531942126732,-0.77171427064774123,-0.084316402650589012,-0.1068886600219362,-0.19385710193592109,0.97518933463595692,-19.351279339989318,6.6024553289350729,-2.3098627620605061,,0.07832521104209959,0.2592592592592592,0,1
-0.72251382687101717,0.68768684720547579,-0.071137684533520928,-0.69101069432203122,-0.72157328999041648,0.042850991878729656,-0.021862989566441993,0.080117334909489732,0.99654564488247055,3.3505254243701756,16.799271365341415,-1.8165022378398255,0.1162173634534084,0.09700165265566596,0.3870967741935484,1,5
-0.97294350525890483,-0.20172319845663819,-0.11264407121077875,0.20861551165839909,-0.97655735158244616,-0.053059470085772074,-0.099300069838946292,-0.075123167363352852,0.99221772099437866,-4.0791664830803684,4.0061369658396231,-1.5438310607014487,,0.08313183583733859,0.2950191570881226,0,5
0.0046027885226525038,0.99867825229274232,-0.051191432245333547,-0.99824538532556517,0.007610814729837251,0.058721598882877681,0.059033592250762011,0.050831327905740617,0.99696098774691766,-5.3121701662193432,15.115455854823482,-2.0298855840574141,0.2961220239869886,0.2554002817373768,0.6355140186915887,1,5
0.56601547141906217,0.82439333448153673,0.0014547084478577007,-0.81857564247385239,0.56181009804974591,0.11959653539234966,0.097777316708813566,-0.068884278262504692,0.99282151092000304,2.7996323449154845,19.073504545749206,-1.9444752326010326,,0.2181004872597095,0.4782608695652174,0,5
-0.85538367023767192,0.51432794091248757,-0.061526789997942664,-0.51618300207836387,-0.8562834646141454,0.018268458987121875,-0.043288394011534642,0.047385624667373769,0.99793823331846854,1.842195764150129,8.1368192066794158,-1.4506653933917295,0.3751100003795073,0.2598310389418226,0.7822222222222223,1,5
0.99044731026439037,0.1165163910352813,-0.073743177380330857,-0.10139927208106968,0.97784579234751345,0.18312780785476479,0.093446846985132559,-0.17390094021705518,0.98031941212043783,19.599144574694591,7.2462092854986828,-0.86597070697439205,,0.8091521899172284,0.8378378378378378,0,5
-0.82704320457309533,0.5592181284234462,0.057224318362422172,-0.56016060583188521,-0.81132049363248093,-0.16726969924646687,-0.047112985932979294,-0.17039407693498701,0.98424906659948319,-18.76691542492593,15.994046940712797,-2.7217115898514317,,0.560180391175878,0.3939393939393939,0,5
0.73120070846240615,0.68002097615188983,-0.054009220856308882,-0.67039941341442022,0.73097597320486851,0.12743136619685386,0.12613544481103062,-0.056970155262432598,0.99037581299812549,-5.2865810852554915,13.571983504807244,-1.9760554048983576,,0.1838403103909556,0.3421052631578947,0,5
-0.05426047603532147,-0.97810733839627118,-0.20090255179011965,0.99685501199217841,-0.064699700359389531,0.045760614500663523,-0.057757127754879324,-0.19778772294752425,0.97854183908749648,-4.1887429178531281,23.858070002183009,-2.3470610626549613,,0.1625038230786089,0.16,0,2
-0.80724725108862705,-0.57242685737105692,-0.14380322864995063,0.58003459612763952,-0.81447245959579961,-0.013945603429542777,-0.10914093139102628,-0.094668397685095274,0.9895080351239377,-6.9372080665964289,19.713004027885003,-2.2076336589969019,,0.1844047448181211,0.2105263157894737,0,5
-0.8069726532196041,-0.5618245758096746,-0.18206669923956381,0.57936061746341516,-0.81290194470042365,-0.059428135042906165,-0.11461418711538787,-0.15343915510242662,0.98148867226949243,16.162184172633886,6.569606627191094,-0.90145025284928382,,0.1630908719043956,0.1538461538461539,0,5
-0.11680926358709065,-0.97167739091603789,-0.2054230851750648,0.99038717649452435,-0.12939448171353138,0.048890783766366255,-0.074086682848165109,-0.19773749286538175,0.97745130177409245,-0.84808077803247617,14.012733260075956,-1.8512733929302332,,0.1016339726778841,0.4736842105263158,0,4
-0.99402402812643953,0.04781191498755543,-0.098133848862195699,-0.04273784917862733,-0.99767033554451767,-0.053173093027140912,-0.10044753732606088,-0.048661302486789855,0.99375166409189863,9.6469735030826129,7.0938313686455814,-1.3286278639262816,,0.1600481945660992,0.1666666666666667,0,6
0.91121792771263332,-0.38744446362909252,-0.13988808318888388,0.4085380413419063,0.89347570156585143,0.18654179019171507,0.052712019422650434,-0.22712982700335954,0.97243687954222102,-21.031355759720729,5.4742416378818941,-2.3468050930966191,,0.4556266594881107,0.25,0,2
-0.98586472231111344,-0.13509684623267473,-0.099093851678172376,0.13788780295495356,-0.99020688069685037,-0.021846904056841025,-0.095171965928452409,-0.035201925495602367,0.99483823878192135,7.1769806593055767,4.4998702278375751,-1.266027606920064,,0.07715012298583575,0.2972972972972973,0,5
-0.69784325874885256,-0.69080251484437083,-0.18922650898717727,0.70842720572088169,-0.70463868352816583,-0.040189798086036364,-0.10557310459243378,-0.16209938667492144,0.98111065044995271,-25.094074853112662,5.5995197935128678,-2.595430775657988,,0.202230727685034,0.3225806451612903,0,1
-0.87795436460268983,0.47847507883555779,-0.016054052709330899,-0.47644084230696437,-0.87652426973239794,-0.068624546278407625,-0.046906902017907121,-0.052600413528733271,0.99751337787504857,-26.139167614127444,9.7340046528963686,-2.899731078081059,,0.8599343399939439,0.5348837209302325,0,1
0.42999810133711019,0.90263737829219592,0.018638566368393776,-0.897788662522922,0.4253274010419672,0.11433336944298512,0.095274079852712121,-0.065896625351183055,0.99326757949484235,2.9936040399265167,14.482731877364452,-1.7164919782661683,0.1777318385346225,0.157571101031733,0.5849056603773585,1,5
-0.28890289947103809,0.95734959891453852,-0.0041061095211363035,-0.95547137629158818,-0.28806163832919363,0.06399173079827819,0.060079645177761126,0.022410666685156753,0.99794198140675583,6.1194190098666521,17.142344214329693,-1.6747506916518318,,0.09104232239166579,0.2727272727272727,0,2
-0.66715821192433344,-0.70863636823745979,-0.22963975673464843,0.7385820728513014,-0.66938472906712287,-0.0801286849661767,-0.096935246038787684,-0.22306631772402799,0.96997163668451802,-2.2402265984686798,-31.255749604717867,0.20671331780458205,,0.3276963489319157,0.6428571428571429,0,5
-0.32004119040788137,-0.90813884189258531,-0.26992124830827924,0.94387359808732219,-0.33020577307417309,-0.0081717967534443766,-0.08170842842692666,-0.25738685140170081,0.96284772495422177,0.99041748460003742,4.1489013188887283,-1.3322476833816352,0.4819473542444497,0.1410086735164849,0.3660714285714285,1,5
-0.83163722403786478,-0.5288059704030923,-0.16953988693117822,0.54491120450870612,-0.83592051264382405,-0.06564050382314536,-0.10701077887514024,-0.14697327038386571,0.98333491293516373,13.48670440560926,23.189683182480234,-1.7938134321970507,,0.2057484268766628,0.3,0,1
-0.20313266796428245,0.97891891195696812,0.02132798674736959,-0.9782494067473827,-0.20383207919424692,0.038478327533063586,0.04201449040633419,-0.013047885052135617,0.99903179893913319,-3.0208889325835355,12.697878722783855,-1.8563251335102482,0.4556557303235883,0.4107831149981744,0.7850877192982456,1,5
-0.89531687396596005,0.44189041937835927,-0.056040632164882219,-0.44316354670367053,-0.89635878860858709,0.012124065208124025,-0.044875004900784693,0.035690045471602025,0.99835487407504098,12.618310250408996,-28.656521741867682,0.45777314697147331,,0.1738461165245975,0.1428571428571428,0,4
-0.77191556945643369,0.63137380239074614,-0.074252779647636408,-0.63508952180138112,-0.77108713147942853,0.04567203701303154,-0.028419235191021401,0.082412118777990276,0.99619304843473,-2.0201090213444219,19.055995481121453,-2.0503147621540752,,0.07310544388208953,0.3043478260869565,0,2
0.9941350491715466,0.091227520074888241,-0.058077909653082148,-0.074095437277677645,0.96575041518438454,0.24866845748067457,0.078774172057314976,-0.24290672109304465,0.96684587947847722,5.6071412033077097,-29.295375426532672,0.16980154826716157,,0.2063598430364234,0.4761904761904762,0,8
-0.93984965068912829,0.34057213126776353,-0.026329783577853743,-0.33607200594317443,-0.93571746566389824,-0.10718409990694551,-0.061141155704273552,-0.091888235673912369,0.99389049257143081,-16.255448930574346,6.3141724477723562,-2.1286994507838197,,0.1547074521306402,0.1153846153846154,0,1
-0.28177666698204329,0.95873819648775493,0.037722414290412842,-0.95882065057744204,-0.28282262431968885,0.025967733808995884,0.035565010484199938,-0.028851928329509793,0.99895079771774953,-6.070630958493421,11.250685390176965,-1.9229748665526143,,0.08343105981397758,0.3692307692307693,0,5
0.96695994717256617,0.24903421940179155,-0.054501542464126536,-0.23986187471052489,0.96118472511695796,0.13634590299011901,0.086340845631608307,-0.11876818500246064,0.98916094575495717,-2.9946840599426015,17.13540696733623,-2.022876064048039,0.4697870961322117,0.2053754933294455,0.45,1,5
0.029188177051086298,0.99588854069147748,0.085755844347965779,-0.99739793415669675,0.023359432412122804,0.068203356642733318,0.065919733467201286,-0.087523433643690834,0.99397899238506582,-4.4310481328993641,10.26297134320675,-1.7956103364136196,0.3913601497208312,0.3207272023156401,0.175,1,3
0.91445010724258746,-0.39299326689958664,-0.096629672128240807,0.40126843266201828,0.91149591093097238,0.090326348897125194,0.05257990407929887,-0.12137337651935137,0.99121332575753085,11.630996010294501,5.8015326402674869,-1.1597565413339408,,0.07489871287249164,0.3125,0,5
-0.64572077237518855,-0.75005448659268104,-0.14304877233090532,0.75430463454328311,-0.65569023666200354,0.033088243420436925,-0.11861366881482985,-0.086536585836946053,0.98916238145310165,0.53591551744891741,14.475420593590378,-1.8208980846170397,0.5021154648254443,0.3137905527954014,0.2647058823529412,1,5
-0.88773215791954696,0.45912341122253242,-0.033724013149238778,-0.45725959016599377,-0.88787182418614963,-0.05096362445496478,-0.053341194181719807,-0.029821419881433799,0.99813095329196366,-6.4315809148095546,23.218310911332861,-2.4584317699085316,0.3155040153506229,0.1959866669798446,0.5,1,4
-0.24627637124570928,-0.95603384501575861,-0.15920815352999138,0.96570628843688544,-0.25598975033891241,0.043366025813719268,-0.082215043875804403,-0.14306828756158724,0.98629212287977575,13.790077929440837,4.9123517026410655,-0.96398170952701301,,0.2743217511571527,0.2,0,1
-0.13536455066195122,0.99040554562867655,0.02780815729334592,-0.98961139814114796,-0.13652142621418908,0.04506862382596534,0.048432624265164884,-0.021418575405642744,0.99859677825155369,3.5157737577562065,6.6803701019245052,-1.4001241638715434,0.8240597110097501,0.4725767388928916,0.4432989690721649,1,4
0.42247590366003301,0.89688538338348234,0.13080795044531451,-0.90289488189843392,0.40381501379010054,0.14735761561356539,0.079340677261118944,-0.18036087078622726,0.98039533516892197,3.8525750200963778,13.376282578916287,-1.5966339173831103,,0.5338047755912821,0.2666666666666667,0,3
-0.9848085698406257,0.15789667382354425,-0.072254558084061865,-0.15191053655207601,-0.98498837658305893,-0.0819822351533009,-0.084114622111272255,-0.069760579066777142,0.99401116289272451,3.7281194113819063,10.995146584949916,-1.5181837253018917,0.5037645252453976,0.3154162917504276,0.5465116279069767,1,6
-0.86613063791634226,0.49430430343179993,0.074033598260735425,-0.49759379956789163,-0.83880806941052644,-0.22091046449494753,-0.04709701364436833,-0.22817598098964673,0.97248012473530487,31.171956692312076,1.8204912494084025,-0.32693939928228871,,0.2896469692651077,0.2962962962962963,0,2
-0.98533982282965671,0.14455140151228735,-0.090610848505313479,-0.14686048551157641,-0.98896849925057428,0.0193211098379426,-0.08681838135627358,0.032345012148696957,0.99569893484314664,13.621541619102935,8.2091294024040646,-1.1417661998450737,0.8263263887191927,0.6093479153678629,0.4137931034482759,1,4
-0.76825178333079791,0.63936054045452195,0.031737938161595362,-0.6401430149367533,-0.76710969514242255,-0.041948015998169705,-0.0024734261119941799,-0.052543457520422714,0.99861557530166123,13.343738706970354,-28.065692544657029,0.46173587151075351,,0.360604203947877,0.2352941176470588,0,2
0.22433550432524804,-0.95749572260942895,-0.18131608501118582,0.97362679242586025,0.21228966880528155,0.083570123782811839,-0.041526504423887944,-0.19528194412999597,0.97986759908017285,-20.239543472176127,1.5422206105863068,-2.1133736678358872,,0.5455076740073894,0.3214285714285715,0,1
-0.135274064220128,0.9907816977985221,0.0072494728667732659,-0.98952961013161,-0.1354674721929435,0.049796733330987573,0.050319759758489242,-0.00043736155694928724,0.99873306268127349,9.4942741610785593,18.179227179130013,-1.6709435312845942,,0.1540495670707461,0.1538461538461539,0,1
0.83303408365186571,-0.50966797562421606,-0.21515754715419497,0.55189876599413867,0.79249617121920468,0.25953337106631952,0.038235684490315454,-0.33494532871203714,0.94146144860293834,-7.0330410564884742,4.7995480287383288,-1.6487503336022267,,0.08298915977801913,0.3902439024390244,0,1
-0.68073271174604166,0.72685812269288952,0.090995849544077953,-0.73225159953959928,-0.67176561979363203,-0.11197565375998259,-0.020262530211664347,-0.14285734681368467,0.98953585500009855,9.0771426433991973,19.539100085971153,-1.7101184485909151,,0.1600674972426012,0.4,0,3
-0.36294282517528947,-0.91991625185241621,-0.14841359517100153,0.92763727823875797,-0.37176343811264473,0.035791425012922755,-0.088099861949774455,-0.12468374256681697,0.98827748060145715,17.711534366592655,5.4892290422974792,-0.80564315943911324,,0.1015424551862117,0.4230769230769231,0,4
0.41438849183115478,-0.89639227187987103,-0.15736286967370716,0.91008314112762134,0.40708410889500057,0.077660830026758609,-0.0055546442894814519,-0.17539504895864813,0.98448246440838727,-4.663358610518344,17.442442835014472,-2.0841697279824931,,0.7941319160345528,0.3863636363636364,0,2
0.94939983578296872,-0.28538725218225047,-0.13112615340630709,0.30451996064391423,0.93863671610751909,0.161952797889754,0.076860558056122685,-0.19368849079580144,0.97804765893515877,-2.1463548537279769,12.938606590143211,-1.8448588009700646,,0.09252195236449456,0.1428571428571428,0,3
-0.34465838163561291,-0.91680491388532359,-0.20169122401345183,0.93459461097527574,-0.35526771765009374,0.017825878145724918,-0.087997233503634392,-0.18235569273104005,0.97928692844553489,5.9733712405619928,9.1827444906130573,-1.4710377726633308,,0.1262569912805486,0.3125,0,3
0.45447965762167514,0.8879556621892607,0.070590245743416768,-0.88474849735226735,0.44080511628195451,0.15136362143050616,0.10328764321539112,-0.13124630069332865,0.98595439616309166,12.076130037677004,6.5900418284726054,-1.1842978181190533,0.5133849813262292,0.396220110813187,0.6052631578947368,1,3
0.73854014770927112,0.66874942957516226,0.085630897837542186,-0.66336286482280371,0.69808308757082305,0.26949900263576221,0.12044982272984789,-0.25584019092097793,0.95918592405949499,-9.2945275682431969,20.483462945112134,-2.414475640545974,,0.3471035758739417,0.5238095238095238,0,2
-0.54088585823993796,0.84100696613974202,0.012238106898965212,-0.84078384646194571,-0.54102425766891193,0.019372045386496044,0.022913137818703924,0.00018846280281346414,0.99973744183013968,4.3602965313362274,16.377300837441894,-1.7455710222446985,,0.1178084546065795,0.1538461538461539,0,4
-0.87396807679798605,0.48520361899436693,-0.027518154967223273,-0.48454096099079152,-0.87433546519699068,-0.027523652026636612,-0.0374146743958957,-0.010721119975664706,0.99924231281822651,4.9009231572208529,6.1528309332575075,-1.3820802926835696,0.5371067246389685,0.2429927454035116,0.31,1,4
-0.51883929631847114,-0.78538388270709081,-0.33760619274487375,0.84914946339749253,-0.51909255089501838,-0.097406942345266076,-0.098747017208140914,-0.33721666683193169,0.93623391639229681,-1.3200465327716191,21.220520813350333,-2.1166112408457929,,0.6701794084918784,0.1481481481481481,0,1
-0.82959633261290688,0.55808744114019704,0.017559412199818259,-0.55834598685058912,-0.8289099498045307,-0.03403019369461887,-0.0044366522353866105,-0.038035551220386564,0.99926653749653072,29.983390890944737,2.9226743001120141,-0.45984517192238655,,0.4256659219765885,0.3846153846153846,0,2
0.97575205274230903,-0.17051343033502692,-0.13723374819829021,0.20655118771254269,0.92477591268172576,0.31957177312494089,0.072419185467027275,-0.34016860730976156,0.93757174668247645,-8.6590149651495842,21.177286576487635,-2.4415888401926589,,0.4408733245360125,0.3571428571428572,0,1
0.76895259538196992,0.63806619835671241,0.039792368237470989,-0.62921798980246924,0.74433796485758585,0.22370899709356568,0.11312217892294135,-0.19705968787725583,0.97384334060948763,21.889901297538671,-28.354502960142174,0.84737590126746165,,0.1688002675939648,0.4166666666666667,0,4
-0.95069840459971944,-0.28414306244278625,-0.12423873613806055,0.3044375996376647,-0.93143961141209508,-0.19934391944411553,-0.059078688360565811,-0.22733888879406405,0.97202198443423882,-6.31260418105576,-24.775059988054696,-0.15646369676820143,,0.3464893597460344,0.3243243243243243,0,2
0.28431748244199978,0.95426912213053394,0.092379714905721486,-0.95389478027733687,0.2719019318840068,0.12709873169074293,0.096168172164670065,-0.12425691926795961,0.98757880732453052,-11.041049251454526,24.78134546334314,-2.7946308042940671,,0.5513264387155483,0.25,0,2
-0.46181048392592811,0.88695362198333239,0.0066595335233285832,-0.88686689705835708,-0.46185846411520082,0.01240427455474501,0.01407777816921502,-0.000177695796813702,0.99990088738135585,5.0399128171358791,26.49319679981576,-2.1881197821659164,,0.2561040353244245,0.5789473684210527,0,4
0.99160923256280864,-0.071032704027593513,-0.10800687410866376,0.10025363965774264,0.9500297972404711,0.29562238090273857,0.081610891623434198,-0.30396996449280422,0.94917960526692258,9.8635607948666895,-31.192941351337883,0.47953318970400627,,0.4052492320972192,0.3076923076923077,0,3
-0.91300398503773073,0.40290579812738797,-0.063958120208121277,-0.40444650453076064,-0.91447291704789901,0.012740053326289578,-0.053354927402006619,0.037499357611028405,0.99787125918160813,5.3116770054487521,18.700297503054983,-1.8285484741742015,,0.07911788683412445,0.2857142857142857,0,2
0.63143104329927346,-0.714751017192087,-0.30070886415413012,0.77340128332444424,0.60854170539878916,0.17755970191018952,0.056082907468255346,-0.34468532926889933,0.93704147788488923,31.175664980144877,-0.56018379436407062,-0.2936207643036558,,0.4148504381809984,0.1538461538461539,0,2
-0.36437879929959288,-0.90139697050387213,-0.2339050922648504,0.92257791178887705,-0.38361267766041962,0.041125542154216065,-0.12679939787026642,-0.20081039590779218,0.97138926162228811,-5.4685182203889111,7.30596861358128,-1.7206816314308306,,0.2066516019053437,0.288135593220339,0,4
-0.6498425688713616,-0.71759151887461348,-0.25053352614349761,0.75274154208442445,-0.65326955623509053,-0.081357591635757245,-0.10528440769189161,-0.24145661915887265,0.96468331309364697,-1.5937004279201679,18.056816996456813,-2.0054527130111728,,0.1902445068201486,0.1428571428571428,0,2
-0.17427399571199723,-0.933833777671633,-0.31238285820144135,0.98061220458514375,-0.1934528671276646,0.031236075597784022,-0.089600662035718898,-0.30088280755073593,0.94944260357493349,6.0787781207575913,14.679993424164071,-1.6041693965688242,,0.3757100122434184,0.16,0,4
0.47777713832246949,0.8782204053492022,-0.021399199159643813,-0.87268151288858964,0.47727654091747274,0.1031216783820634,0.10077689794230468,-0.030594494899150181,0.99443853189777009,-17.011832189333166,12.446198755439713,-2.3985878633539541,,0.07777171916376996,0.3333333333333333,0,4
0.52561799050120961,0.82887559930896471,0.19154886825996686,-0.8449318361466831,0.48241384951937499,0.23101313827938841,0.099075326531202601,-0.28327039849250335,0.9539087802356333,31.993302260472639,2.1883858837349908,-0.28761439285321611,,0.5422007777724053,0.2105263157894737,0,1
-0.99070115425154814,0.12610772213432345,-0.051069221481646936,-0.11021118854796404,-0.96392888421853773,-0.24226968462448845,-0.07977917575090851,-0.2343884565999281,0.9688639401532132,-8.8448496911227537,3.0523413113266376,-1.6089980271231552,,0.4848069134950161,0.1568123393316195,0,1
0.93546694885092629,0.34746783750701615,-0.064557644827988855,-0.33804055136575289,0.93300937038780396,0.12337787646451207,0.10310273148601308,-0.093592823799435815,0.9902576483387403,9.2006083379296406,11.637688171232734,-1.5068270510766133,,0.1046285545826731,0.5789473684210527,0,1
-0.88784693737846598,0.46013722384426597,0.0012453997632277318,-0.45874548046436431,-0.88494457091491285,-0.080160405199455775,-0.0357826765516219,-0.07174149176810575,0.99678119886848271,4.1861250526943063,8.7687093161992156,-1.455373561838295,0.5711161923465615,0.3954198465499644,0.281767955801105,1,4
-0.54891174804580922,0.83587808354129123,0.0019293295809558392,-0.8358683717334342,-0.54891478217472889,0.0040776274679054335,0.0044674369599417832,0.00062559204591679869,0.99998982526903812,-9.6190037806651247,4.7230833841304474,-1.7514523139737417,,0.078165722256221,0.3787878787878788,0,1
-0.14066135637744176,-0.95984334732255838,-0.24272439395883721,0.98727067632580534,-0.15436740478899078,0.03830556103098591,-0.074236072695456332,-0.2342465644130951,0.96933871921605252,1.1185105950736494,7.5695587526379775,-1.4496088780178187,,0.08376595732489719,0.28125,0,2
-0.71426058905723444,-0.64636766114845867,-0.26840390746239828,0.69181138151744193,-0.71010845230833586,-0.13093127343453198,-0.10596614234056578,-0.27920392651560411,0.95436698606758641,8.1921253349833396,3.0095661261578619,-1.1906023297937176,,0.2234672664723942,0.2045454545454546,0,1
