axis_00,axis_01,axis_02,axis_10,axis_11,axis_12,axis_20,axis_21,axis_22,location_x,location_y,location_z,dbh,dbh_approximation,score,reconstructed,number_clusters
0.77933079062833988,0.61925752380952359,0.095726892689067616,-0.6256487750724623,0.77746871049287514,0.064078190165402213,-0.034743762446436496,-0.10982951975604417,0.99334301606304309,-11.135101419082321,-8.8033284649248209,0.26537967150632308,,0.1040654280134392,0.5,0,2
-0.34462832996387494,-0.93342054086385084,-0.099786813155582327,0.93873494488054365,-0.34235356065848693,-0.039632597247452571,0.0028315095679796276,-0.10733188434893116,0.99421921584511475,-12.080600572034545,2.2433967200079885,0.37622016734971542,0.6114039691608549,0.5814996965291291,0.4242837653478854,1,3
0.95247797333001727,0.28653738954526853,0.1033539293579437,-0.29526680853108961,0.9518804640880234,0.082104164738669508,-0.074854673207547157,-0.10871939330290946,0.99125015582285769,-0.038716961429997768,-9.8119221049360199,-1.1630163679837955,,0.1047848585620489,0.462962962962963,0,5
0.20398660749423397,0.96751620996180931,0.14933803073608226,-0.97862820449045673,0.19747582516376638,0.057359705819289154,0.026005794330863183,-0.15784702067833681,0.98712107500761803,-25.105576119214312,0.15826265951192672,1.8648814249569075,0.1889130315913597,0.2115915612798377,0.6808510638297872,1,3
-0.91993548873747422,-0.39082421335497292,0.031227084667170849,0.38604276715345653,-0.91682801791779345,-0.10196748251002263,0.068481227280519946,-0.081748515683137693,0.99429749154554203,-32.115960907078332,-5.1330578493125394,2.7282457181051272,0.3029269796802742,0.3751807208181929,0.5789473684210527,1,5
-0.15374814332811454,-0.98806609640318588,-0.0093218861678453016,0.98807812477458012,-0.15366047269131722,-0.009490968034330978,0.0079452983018430817,-0.010669970517751572,0.99991150806661067,-2.8099192848161683,3.5134591999169706,-0.7566052598510592,,0.1885640004617305,0.2574850299401197,0,2
-0.5440149338150172,-0.83435483167487035,-0.088880631450514197,0.83889155009794303,-0.53861752144835617,-0.078435532528952356,0.017570400123882106,-0.11723131172868946,0.99294919335777621,-4.0687784444732884,-16.74176128706474,-0.50089878007001265,0.4800750881745109,0.4291792227591923,0.2857142857142857,1,4
0.950424029612295,-0.31005832978525449,0.023621940358600654,0.30052727086951037,0.93540164392601521,0.1862984809498765,-0.079859397689006101,-0.16996351570641835,0.98220918338684993,8.2512731021243333,-21.060905148983153,-1.3954854738594018,,0.3587838548246972,0.3,0,4
0.80554738278674354,0.5738549157316235,0.14759386767775234,-0.59075860314240392,0.79707639890257664,0.12519379827185736,-0.045800511991267716,-0.18804188364072008,0.98109253544106945,5.6172928736715892,13.925899355634151,-1.4569150591084716,0.7530872389698463,0.6273022076892691,0.9219858156028369,1,5
-0.49902281295770906,-0.86045331610428055,-0.10293844254175219,0.86624094713551714,-0.4986563240358789,-0.031120604184136775,-0.024553078290439501,-0.10469938540493391,0.99420077702760434,-19.419774274259062,-1.5225365306153644,1.2008984727883192,,0.2531354643542127,0.2717391304347826,0,4
-0.91999755342674316,-0.38626405004949954,0.066367050018556889,0.38639591160394993,-0.92226308641987609,-0.01135776928087015,0.06559497834865323,0.015194836841599255,0.99773063286079278,-29.182774911157228,6.9603811880807926,2.2071741769357445,,0.1135625023879804,0.5,0,1
-0.55182170402148056,-0.8337596431242229,0.018375648783042382,0.83375487091204969,-0.55204182700411075,-0.01013096581744719,0.018590917171035077,0.0097302998582635639,0.99977982529325327,6.5902275565239252,17.542302689101735,-1.6522628118275118,,0.1726306653515304,0.2222222222222222,0,4
0.99599776655027927,-0.082312028992515343,0.034830717908057279,0.068357893616553769,0.95259644625026174,0.29645776928878115,-0.057581658600315264,-0.29289032157875688,0.95441060981022696,3.5857655218959299,9.4299153148058661,-1.1000526790250373,,0.3324088667576584,0.2708333333333333,0,5
-0.098553020714504877,-0.99403031794859076,0.046808429871862955,0.99414236303481729,-0.096249024881467152,0.049163881345098824,-0.044365122873656029,0.051379492099372391,0.99769328135655744,6.3430285921852825,-7.4445094271104564,-1.7819653430407938,0.3971306584389716,0.3212061315293755,0.810126582278481,1,5
-0.74511074885381956,0.6582199546917028,0.10750099156822636,-0.65964293046017108,-0.75110070132194851,0.026813070834827386,0.098392968429745223,-0.050933561816630286,0.99384334582682288,-23.878021390823498,1.7130385981585252,1.7546162268691827,,0.07544681043408577,0.375,0,1
-0.82841334536871603,-0.55673706729398409,0.061442388592130866,0.55797570823003573,-0.82984907399264884,0.0036909915649968963,0.048932997457773096,0.037341026960126082,0.9981038069586553,-0.63116712070999825,2.2920530333624947,-0.9500890476554501,,0.06818997556812158,0.1408450704225352,0,3
0.67650638194063506,-0.73633096473751347,0.012483010947476355,0.72986216070556853,0.67263040906612559,0.12194080190705367,-0.09818524106906476,-0.07338285336684422,0.99245887333831129,-6.0923661434624501,-13.851397190810408,-0.45621953625440764,,0.2077259905381174,0.2962962962962963,0,4
-0.39374088116877265,-0.91728890449213252,0.059575029937586496,0.91917339016100463,-0.39222963487468521,0.035723834424633553,-0.0094019847035624257,0.068825716281757182,0.99758439415517108,6.2242982768777289,-9.1463613030629851,-1.7097012235571059,0.3672214223883886,0.3430046647831242,0.8428571428571429,1,5
-0.27271984927833604,0.92357704757130787,0.26949827644916008,-0.96079429446909748,-0.27600068813737522,-0.026418627203629159,0.049982072038189926,-0.26613729041072276,0.96263842387866894,1.7981881920150622,8.9189515194181279,-0.90278643444992079,0.2820005447321818,0.2406732776305561,0.1764705882352941,1,5
-0.81258717775225886,0.55796825792299454,0.16844435788413495,-0.57925432838270163,-0.80513339977270715,-0.12737594600374105,0.064548443842783368,-0.20107618387273399,0.97744660553743534,-18.281259027570254,-2.1928869426072479,1.1058318052790994,0.7088040455789876,0.5960699795913373,0.5511111111111111,1,5
-0.28556906353444689,0.90689912547737894,0.30981330855924072,-0.95576685272393647,-0.29326149175147992,-0.022526000308011409,0.070427503052705773,-0.30254201966679095,0.95053053246579056,27.164717547593046,2.1197683160796017,-3.2849751650198367,,0.4462565772764349,0.5185185185185185,0,1
-0.10703787217901971,0.97908158985669691,0.17303795630748464,-0.99150893776435967,-0.11803913979745354,0.054559946932418647,0.07384389109993425,-0.16572869962550343,0.98340280550121539,-23.855376453467098,-1.2896770004618197,1.7240180393339206,,0.08649718511001453,0.3684210526315789,0,2
-0.5069240640049526,-0.86190209353212566,0.012360198123119939,0.86146641839645854,-0.50706369228404835,-0.027604744926299225,0.03005999514106918,-0.0033456138760649809,0.99954249712551591,-2.7849587022581059,-3.3263482217236162,-0.87258418203171606,0.4905873728319152,0.4934156147883796,0.6613119143239625,1,5
0.21488089212961292,0.96504729506654696,0.15003306463018198,-0.9762874774104312,0.20812477859851397,0.059555335486398034,0.026248117059315963,-0.15927270581635206,0.98688562738180541,0.52534297782800732,8.2243362631674728,-0.83271084876790391,,0.06966220220761751,0.1923076923076923,0,5
-0.99552818271380095,-0.023263165457605667,0.091555789306030491,0.021777312799026779,-0.99961497031595514,-0.017194759884515857,0.091920542153598767,-0.015124028997753027,0.99565148404301829,-8.3609636595246943,-13.748441820428054,-0.077320866918725098,,0.3685745579756498,0.5352112676056338,0,2
-0.99624658641925035,0.046780048621314158,0.072831079210593438,-0.048684845366854253,-0.99851118274615747,-0.024600889465136815,0.071571816237942038,-0.02805432198178872,0.99704083674568988,1.084019118346365,5.7351099918945714,-1.1379020251755434,0.7371564737411588,0.6854238670640596,0.4672897196261682,1,2
0.49389460420256781,-0.86766038801040457,0.056864496983818139,0.86533485077731775,0.49687423399590475,0.065662711040432267,-0.085227436719553629,0.016776372331837631,0.99622027552223491,-2.8751085581603757,-9.1690420693718053,-0.89750326113533208,,0.104089223069241,0.48,0,5
-0.41442680464429543,-0.90991245662144304,0.017599570376823623,0.91007869683773035,-0.4142905321788336,0.010959950233298149,-0.0026812598636959646,0.020559091227689771,0.99978504420372005,2.8479814950975633,-6.8008804978155215,-1.5194930870424785,,0.07347280334567763,0.2916666666666667,0,5
0.94825640758855456,-0.30829387974005901,0.075925418550510965,0.30049763858637873,0.94863878314386996,0.098922334785054272,-0.10252294704727519,-0.070988328830436931,0.99219438745570532,8.950436711357094,4.397858168603892,-1.8830622186225832,0.2178163498803234,0.1652849155408895,0.2727272727272727,1,4
-0.79245968852386983,-0.60473764233091598,0.079372703196361694,0.60835836462057458,-0.79302274324448219,0.031859518093920243,0.04367770896959234,0.073534431697281424,0.99633575921680473,-32.612130116122451,-2.6878827384536033,2.7695686254807179,,0.1872713259990938,0.125,0,1
-0.42155338381955065,-0.90537323852479712,0.050912115978475135,0.90678864596093822,-0.42055922013164976,0.029398876144927141,-0.0052053959131624812,0.058559724430513667,0.99827033539417953,-4.3464743988284313,1.5035038640933913,-0.6073947038047367,,0.1128547819708874,0.4945945945945946,0,5
0.75182624924570107,0.64380020683462114,0.14240289542295759,-0.65839069462804889,0.74471639842701143,0.1091749932040164,-0.035762888199049228,-0.1758373668865669,0.98376940196067408,9.5631512586391594,-11.392482277022793,-1.9355141666416231,,0.1085566111526425,0.1764705882352941,0,5
0.10645741466366877,0.94061168870611545,0.32236077604534735,-0.99364431045505264,0.08871340104459087,0.069288648243454931,0.036575991626083673,-0.32768824138887326,0.94407765215157868,-7.7534313492438551,12.070206138519596,-0.11867883261167489,,0.1900874181806745,0.3333333333333333,0,1
-0.98900805058983776,0.097219880734191508,0.1114063313215066,-0.10406147916185875,-0.99291746858169649,-0.05732459454684613,0.10504420223474389,-0.068287593128941323,0.9921202145917204,-5.6292126203744575,-24.478537794393993,0.1056445190247802,0.3600377995759171,0.3207918794209449,0.5357142857142857,1,3
0.37606124236608302,0.90422634053528905,0.20236765322609709,-0.9265875144254424,0.36611337828147833,0.086003327576341937,0.003676968990712238,-0.21985385901885557,0.97552588923798356,-15.766979742064944,-0.028809729903813058,0.77774734085971176,,0.4778259019125738,0.3973509933774834,0,3
-0.99029351155393897,-0.1033309946883568,0.092959488546808966,0.10410337729283986,-0.99456037520692719,0.0034852409502099226,0.092093690394044581,0.013128808208332829,0.99566379194215726,12.304887648229704,-15.6502419632921,-2.0032463873885749,0.2129650150084187,0.2063188601169286,0.2962962962962963,1,5
0.99487286704560962,0.057561387860332131,0.083154464967541739,-0.065522753560892461,0.99318155994567403,0.096421770102363843,-0.077037310325869177,-0.10137591238290761,0.99186096667138079,7.6313946456250932,7.3019532271528362,-1.6421826872630072,0.92581055151113,0.7293067936030762,0.819672131147541,1,5
0.63507282438526691,0.73712342353854421,0.23093628168422622,-0.77195667612735563,0.61634595140418702,0.15556528652007318,-0.027665825664978931,-0.27706809029277224,0.96045191208711311,-19.286036397512053,5.2144859883421297,1.1566342370747149,,0.3878382756727025,0.7173913043478261,0,2
0.87083010713386932,0.47496081380903177,0.12675626160105832,-0.48867407962798198,0.86441670406156979,0.1182429940380272,-0.053409441196835064,-0.16491205864094563,0.98486112955372918,8.3750962305054557,-7.4031209558495537,-1.9210136594923775,,0.08587256745041219,0.25,0,5
0.70983410004408332,0.68645029425119108,0.15786558819787411,-0.70365358786899967,0.70117205217750611,0.11501904852792634,-0.031736078738425419,-0.19272713033623134,0.98073904507706389,3.6276000958482699,5.8291423267669549,-1.3878617549118817,,0.07887563279061913,0.32,0,1
0.9972419485884676,-0.02546218146885873,0.069714943092028483,0.010353700939148454,0.97785257589379249,0.20903861053580078,-0.073493515716289814,-0.20774026362918299,0.97541923602876446,-18.649540506743499,1.6821712548951613,1.1671024164176884,,0.1306063831110187,0.2432432432432433,0,4
0.85869013989651377,-0.50513704831541595,-0.086532110015270933,0.512331857566245,0.84183053809407893,0.16981582039066337,-0.012934889532828934,-0.19015232723115044,0.98166938481412935,-0.68780853328457137,7.0158042460145467,-0.80382662876225863,,0.6363917090199608,0.1481481481481481,0,2
0.73579113509422478,0.60421190283441251,0.30584208668849305,-0.675968536684173,0.68259530753953679,0.27772321389841281,-0.040962701690816998,-0.41108590659158395,0.9106758119506444,14.607807448546961,4.4783071087276314,-2.2886902407625813,,0.5903294912772025,0.4,0,2
0.97816874024128553,0.18526532158910242,0.094141787911967423,-0.19251208369859521,0.97844288203373142,0.074757101519183577,-0.078262463830373039,-0.091248491571153806,0.9927480544131968,5.2337795721640727,9.8032243732042783,-1.3058549539122806,,0.08620477191444655,0.2857142857142857,0,3
-0.42392069976895802,0.894985566358941,0.13889591900615053,-0.90216203589436827,-0.43081058118701437,0.02249231264755612,0.079968126765139536,-0.11577166815103389,0.99005152368712701,-10.481358143689869,-7.725636085565994,0.19943810676875742,,0.07530258676776067,0.3513513513513514,0,2
-0.95632939875029266,0.23360311260621922,0.17568058192808536,-0.27475567758086145,-0.92350857024692001,-0.26765880952730109,0.099716592014500227,-0.30423922571091411,0.94736217721409921,23.921904953702708,0.32394815964490153,-3.0695620041265697,,0.1405529940472043,0.2307692307692308,0,2
0.90156707483908483,0.38872885474177393,0.18991231412745216,-0.42771467793697882,0.86688542753948183,0.25606602624509767,-0.065091964506854907,-0.31208898252075074,0.94782039603808899,19.429482793075202,3.3332825089178693,-2.5899147388965789,,0.2790030840858225,0.1,0,2
0.58889016850129694,0.78268425988811952,0.20152845646682488,-0.80729504496581872,0.58152265580049323,0.10052915579262336,-0.03851077532523519,-0.22189355581928852,0.97431009954209213,12.890390852561829,10.6181836432637,-2.1107670640552625,0.3891339387501566,0.3185358754998647,0.3157894736842105,1,5
0.66406384636546201,0.7247091295522019,0.18389096088170759,-0.74712591442718279,0.65262369932997544,0.12603640372607969,-0.028671866727746704,-0.22108592134404986,0.97483277511673705,-1.1151510882326998,9.7789954565690103,-0.66632881486861373,,0.1297340107151662,0.3333333333333333,0,5
0.29433665101103651,0.92874014185042042,0.22540560061203127,-0.95494409662421076,0.27641634707328522,0.1080545019572679,0.038048760744331965,-0.24705414788326127,0.96825437764024525,-13.667299182557482,-0.77382773235986213,0.4708292311152289,0.5675296097468859,0.2821718223031653,0.8979933110367893,1,6
0.26996429547258216,-0.96238812039561261,-0.030469409108040267,0.96048242273531459,0.2669326815887072,0.078869887259729932,-0.067770161476072718,-0.050557385427478958,0.99641916681296605,-7.3628947043685802,-7.1475559391464305,-0.30338109179054379,,0.08351367223849904,0.2388059701492537,0,2
0.12458026755985413,-0.98980406885744332,0.0690482599923114,0.99045607695766236,0.12819401937159991,0.050626603826363699,-0.058961992438798197,0.062082192862402318,0.99632790023016204,1.6582045962240384,4.6155837199756862,-1.1777053061048857,,0.0940776251526963,0.3578947368421053,0,4
0.63119233616343506,-0.7727690381041834,0.066515024739379508,0.76958683695663221,0.63465129615681593,0.070383468723551681,-0.096604012088684771,0.0067635814483665577,0.99529991400299067,-2.58335239407173,7.9566518385271197,-0.54934602654115028,,0.1100103336747673,0.2142857142857143,0,2
-0.16749251956470676,0.97479465184265091,0.14738264018815808,-0.98440401520925391,-0.17352233472141393,0.028960908009406563,0.053805118062931735,-0.14023332732198629,0.98865546232165202,14.68503860431078,9.2624603489317092,-2.2426563023486232,0.2477067279172956,0.17015251518265,0.3529411764705883,1,5
-0.9563945220532265,0.28551223047284802,0.061581526751121524,-0.28683233525368618,-0.95788433325910205,-0.013594688289241376,0.055106529917031175,-0.030665458535363184,0.9980094688996286,-4.451261058631431,22.106789259751942,-0.67400397815597202,,0.5675769838634348,0.90625,1,4
-0.30524046272739469,0.93522311880682929,0.17940450931677265,-0.94955519935275767,-0.31314772418915265,0.016835267069391518,0.071924844776401264,-0.16521567989867147,0.98363133125145485,-6.6667550116971004,13.474288445737711,-0.21841898359368983,,0.1357317878522944,0.3,1,5
0.10032054450088619,-0.96869300170177264,-0.22708953477660437,0.99341437242047836,0.084823996622078054,0.077024504318324152,-0.055350456361908551,-0.23332114788648417,0.97082313988154467,-9.5833394940646546,-2.5727926385409914,-0.063626192579757643,,0.2460167568233263,0.2765957446808511,0,1
0.38237848286019055,0.90452905288802932,0.18871642304533159,-0.92390689665643988,0.3712904304123229,0.092409212716584851,0.013518215718285726,-0.20969169932478848,0.97767410167093882,3.6315649143084734,2.1495099978397816,-1.3785391456214597,0.3556172188816321,0.3190228231250943,0.5279329608938548,1,5
0.80097428746904942,-0.59422678325278988,0.073039173588506368,0.58951360694382138,0.80408251616031579,0.076974115346536864,-0.10446960343341802,-0.018596700522896494,0.99435419478580545,-4.9639395809131974,-11.745447333412075,-0.7478349264531805,0.1785612352516251,0.1346133357999292,0.6,1,4
0.91430229601414814,-0.40259305033969678,0.044386341609055885,0.3921566167825899,0.90731714335891378,0.15162054372892075,-0.10131386586687102,-0.12122061369750206,0.98744167594745125,-9.850737526395676,-23.623980211482436,0.57550533041237928,,0.1245060054873167,0.3846153846153846,0,1
-0.96337470879494091,0.23957986702367529,0.12046019164512616,-0.24823700300499704,-0.96666915553030952,-0.062682805340973813,0.10142761356435194,-0.09028970629720437,0.99073720438035662,-21.271018098794691,-2.1282868429603816,1.4668567610975216,0.2408500076842784,0.2744353762157401,0.6095238095238096,1,5
-0.38064528341810128,0.88769494050654785,0.25904991953411088,-0.9235412534467764,-0.3790847941049818,-0.058019583420943148,0.046698194756431645,-0.26132816816688459,0.96411973692536257,4.384908744877916,-3.5615190638555534,-1.5359438986656324,,0.3641887467738318,0.3557312252964427,0,2
0.46722960255127644,0.85521093888538691,0.22430057625996422,-0.88410261407392887,0.45413208154574314,0.1101209348787798,-0.0076854594802294243,-0.24975648644571016,0.96827817861959087,3.9559508638522614,-8.1281385526897907,-1.5410931316435974,0.274924735693526,0.141538071645328,0.4,1,5
0.91790859959005766,0.36489745522306055,0.15586420362082271,-0.391403108515055,0.89718073072347404,0.20462244027291876,-0.065172152361041374,-0.24883043139902858,0.96635190638110824,19.783316672774646,10.238992300563275,-2.8101843641193271,,0.1986971883699336,0.2727272727272727,0,1
-0.14159669336337513,-0.98991322260307912,-0.004710429295287471,0.98936805823468188,-0.14167502120342515,0.03284864855583966,-0.033184661720354287,-9.0882683678894905e-06,0.99944923740223557,-3.541088688459237,-12.945873203772171,-0.87239478585386487,,0.08370124097647955,0.3636363636363636,0,1
-0.29623503813334678,0.91962991982122111,0.25792559537926607,-0.95246315472477627,-0.3045467793481958,-0.0080745328265968939,0.071124827408304281,-0.24805658579899789,0.96613104140581429,-7.0737990440225067,-0.2061014089482805,-0.36934653095286196,0.6624924590438338,0.5599295856092438,0.8254626675175495,1,5
0.35013491996806811,0.90615122826140448,0.23726670507954678,-0.93669720851278049,0.33924790018577361,0.086655650617312119,-0.0019691072395649658,-0.25258822961470984,0.96757186238376525,4.9783658110418187,8.5432189862706824,-1.281713712378046,0.3449549780735683,0.1409378887282355,0.2,1,5
-0.9711520034542569,-0.22818101749906225,0.069261890241856403,0.22606552199598659,-0.97340582525914687,-0.037087452274865131,0.075882580026409338,-0.020359828207795461,0.99690887820496621,-7.6899333002693568,16.714702330006979,-0.22499938451502757,,0.6756979392954561,0.4935064935064935,1,5
0.25163574707606079,0.95888877862849398,0.1311936012686076,-0.96756797993983701,0.24614200192779306,0.056800696141155876,0.022173294491669465,-0.14123181336841925,0.98972820506644776,-12.019790265473693,-13.453952286418218,0.476607359087098,,0.09862712066947871,0.3684210526315789,0,1
-0.39645068727472266,0.89380415222784537,0.20962106291988591,-0.91476591496984538,-0.40390809524112786,-0.0078467450618462092,0.077654190928640232,-0.19486505089149941,0.97775121507072138,13.909916112789205,-9.3031581621919841,-2.2433282149814495,0.1870383786292727,0.2418680351827684,0.625,1,5
-0.82823721653187765,-0.55813087354202562,0.050130241877970536,0.55796228845793927,-0.82965780101008657,-0.018601555899639622,0.051973048884087464,0.012564283597702768,0.9985694472430896,-0.33881241802620776,-17.539240029212998,-0.87383788791688766,0.9030602316503848,0.8564347062658808,0.8354430379746836,1,5
0.99642060333901739,-0.046170184698774978,0.070811688910726645,0.027242243051372197,0.96836418142270653,0.2480497376153844,-0.080024005367380149,-0.2452327999726221,0.96615580129839784,9.4313657802323831,-4.2727421434212145,-1.9588458544953862,0.54192106597476,0.4838992461811188,0.234375,1,2
-0.47054465517411753,-0.87538193380710749,-0.11087920206783097,0.88221967781152344,-0.469098657071087,-0.040433773212909127,-0.016618290200898778,-0.11684570979813746,0.99301103343949171,-22.569287002394436,5.3625391412234791,1.5105445885402027,,0.3027209149322561,0.3728813559322034,0,3
-0.44912528615396324,-0.89343904720408285,0.0072901487077432214,0.89346112667618882,-0.44914027623544012,-0.00047684553825563249,0.0037003318277558728,0.0062993010892369097,0.99997331281897295,18.844742863806925,6.1874262540027587,-2.6142565543725067,,0.1659118377664807,0.2,0,5
-0.53770739613682506,-0.82125800457617948,-0.19080368460621749,0.84307675221571998,-0.52114421577174752,-0.13277912577300963,0.0096096833012444226,-0.23225846870933128,0.97260663050364193,-3.8504835299998876,6.5468763575974851,-0.59554367752971538,,0.2273955086005654,0.4333333333333333,0,1
-0.56758140905681354,-0.82218237142466211,-0.043214490759476323,0.82323500138195338,-0.56748441751037138,-0.015670621639529606,-0.011639441255361659,-0.044470034871058363,0.9989429109843212,-6.7127552058806224,-9.3526215253373497,-0.48379243549960688,,0.3267833619486764,0.2586206896551724,0,3
-0.20256872243393942,-0.97915057198537159,0.015168060924212558,0.97891126046848498,-0.20205254634471234,0.03012495051645446,-0.026432117196368517,0.020950558377687507,0.99943104678821137,6.4064682507152346,-11.156699532404065,-1.6830950197385275,,0.1011016828243151,0.3666666666666666,0,6
0.66512653728885196,0.73263669948614429,0.14439583082689769,-0.74647397257455739,0.65741830363357701,0.10284834620113333,-0.019577989245573395,-0.17619489383520295,0.98416058736544687,0.25717721782236519,-11.409022348120384,-1.1614588406891655,0.3585313252885903,0.2680710223824377,0.7142857142857143,1,5
0.96623841387245168,-0.25212257057804704,0.053080476282385464,0.24262946914324318,0.95970428698766297,0.14176960972213959,-0.086684879076544652,-0.12410435505097103,0.98847551350393414,-8.5157340539700606,2.0628059071366334,-0.040796475117157616,,0.1204227392425684,0.2769953051643192,0,3
-0.70177334376426703,0.66745636291160015,0.24903047522489599,-0.70482802075240125,-0.70134313768613965,-0.10646719862385716,0.10359360571083244,-0.25023949893927216,0.96262586606970513,0.58096902512840132,16.141551000549295,-1.0457738125777045,,0.4193996678131479,0.4166666666666667,0,4
-0.29058699534764715,-0.95424731972726573,0.070507098423883946,0.95674334828045948,-0.28867235458113261,0.036199961625380958,-0.014190266238543399,0.077976435504026248,0.99685420792118085,2.2976074574416612,-10.251000120315329,-1.3695531271003323,,0.09033545000851013,0.5909090909090909,1,5
0.94833811809773672,0.29905011051067637,0.10594265036516899,-0.30903698400602164,0.94626970807807986,0.095235403555024703,-0.071770162876407487,-0.12305556053010684,0.98980117839054738,-23.323005070784493,3.7747432188611967,1.6457765431207343,,0.08686443722871598,0.35,0,1
0.92164616150353706,0.35435063774490078,0.15812646367884786,-0.38286711152074276,0.8967102000639201,0.22208915330805098,-0.063096179769927013,-0.26522903806164583,0.96211871900890433,-8.3714580885932293,-7.8805229154837164,-0.11970250957210123,0.6090404522468743,0.3908424753823518,0.2823529411764706,1,2
0.89181040767885578,0.42341615685893313,0.15935167042263571,-0.44835350016545222,0.87423358632675252,0.18626533608713045,-0.06044282955868923,-0.23755924450350316,0.9694907269829165,2.726662862101584,4.6513992784601408,-1.2978852431421537,,0.0951921733221493,0.1612903225806452,0,2
-0.55103742214050122,0.82403665458935527,0.13161060479283093,-0.82902248700500092,-0.5585908877591319,0.026418481268005098,0.09528628149316215,-0.094550579086796357,0.99094939959291439,-7.108508975303951,9.8567977243174933,-0.13007534974510607,,0.1353879725656799,0.4,0,5
0.96663119515631735,-0.242239896008589,0.083330458611601849,0.23509266678494273,0.96806475976024975,0.087075019002442813,-0.1017623239446493,-0.064579049947176489,0.99271041887012879,8.1374862783485682,-19.327512816049762,-1.5157182364539876,0.185815166833721,0.1489901849526694,0.5,1,5
-0.62301409793849816,0.76463568064609189,0.1648808953540927,-0.77635524490812979,-0.63020034842059547,-0.010956940914193962,0.095529929726325249,-0.13483247655312042,0.98625262270527603,17.33677029767723,-1.0643312434831746,-2.5628951763604944,,0.3150173532064061,0.3333333333333333,0,5
0.89376553613338094,-0.44815549721816555,0.018434118729905757,0.43482529566060851,0.87579945547167048,0.20952869982221747,-0.11004602979605325,-0.17925390960496054,0.97762871644477711,-20.857533710961764,2.527378575939208,1.4214095561087192,,0.262689316513828,0.2941176470588235,0,2
-0.67714001638820476,-0.7308518090426398,-0.085656473339040834,0.73534795335187164,-0.66775698742029954,-0.11560273894929236,0.027290762301449119,-0.14126655290784809,0.98959535938813858,7.4195943450906841,3.8894553656244453,-1.7300891208552727,,0.2126269036246924,0.32,0,1
0.90496190627008,0.37666991955396978,0.19789825644312692,-0.42129350077912209,0.85839818716860428,0.29268470829021154,-0.059629979048256627,-0.34824176080542135,0.93550624884596301,-7.4809333186876819,-12.192175274585038,-0.3595221199365331,,0.5517890615527695,0.2972972972972973,0,3
-0.34171742078777845,-0.92810226545611763,-0.14783568305848832,0.93971702267497847,-0.33955690685641871,-0.040410695378504731,-0.012693369332898835,-0.15273274652582769,0.98818600805397716,11.999814411596759,-1.9500405248632167,-2.0954705363768613,,0.3110828080912068,0.3333333333333333,0,1
-0.92623745857954787,-0.3722150055816939,0.059499243221411063,0.37058192380377186,-0.92806762524147868,-0.036871679220480277,0.06894351364701759,-0.012102586436878948,0.99754715143071904,-3.7911565580134381,-8.1492539884448014,-0.84045272404369564,,0.2007496776651939,0.3191489361702128,0,5
-0.70400189088355003,0.69323773662497701,0.15428148998328994,-0.70362647285961266,-0.71031495489006047,-0.019038160380420437,0.096390478386225983,-0.12195944153122834,0.9878434948400806,-23.037525492241574,-3.541681376114127,1.7237285412859467,0.2245663161214458,0.09062623907919044,0.3714285714285714,1,4
0.23009415364485675,-0.97171523240415791,-0.053161899629248194,0.97133546155974748,0.22596665914386174,0.0738003392395538,-0.059700096942706192,-0.068619064909797245,0.99585507095959303,-0.69183931894476403,-19.333760338338138,-0.72426615458369759,0.4870118898242862,0.3159935095032932,0.5641025641025641,1,4
-0.98351142067729669,-0.15957190477614308,0.085100485330215803,0.1565185795537917,-0.98680435413186463,-0.041462041928195192,0.090593706468982307,-0.027458584677757268,0.99550932013502791,3.2113646991734792,14.634217141159995,-1.2680092090235986,,0.5509004639894836,0.7741935483870968,0,5
-0.65920636897581242,0.73855521453113415,0.14136179890831513,-0.7472762638689564,-0.66437274319525363,-0.013676386849824397,0.083816159299850326,-0.11465187825798184,0.9898635250640051,-9.081633144783158,2.9951645842633705,0.036430143972235311,,0.1620055327622708,0.1801242236024845,0,2
0.3521787616752286,-0.93505764017281989,0.040463926889735637,0.93306884932838707,0.3541524084520018,0.062917358500209172,-0.073161753928538548,0.015597472297833542,0.99719811302469707,-20.171812957633719,3.5578833084783295,1.3278529288408141,0.2251325005937038,0.1884233172496314,0.7563025210084033,1,3
-0.13515864494270513,-0.99079413316662768,0.0076893679741655632,0.99080301743347365,-0.13510124666532256,0.0075520721791147109,-0.0064437056089395768,0.0086393768331982073,0.99994191822623313,11.766923031348483,8.465290479255966,-1.9595621410507256,,0.155289476968879,0.2142857142857143,0,5
-0.12525790953339466,0.97402621923941801,0.18863557547156859,-0.99047893188204317,-0.13371441413668697,0.032740509310172777,0.05711340995887814,-0.18273855555478291,0.98150123724660743,17.039518695291786,6.1047445334266781,-2.5122501185089052,0.5382491511887272,0.2549136589661986,0.5555555555555556,1,5
-0.77028165485049538,0.6095893783091747,0.18726174743768725,-0.63236146395286863,-0.7680844002275431,-0.10082327625345222,0.082372028675801581,-0.19607943283202608,0.97712215454983087,-8.7530023205098804,12.143353819091615,-0.015245865762769907,,0.2124156601658871,0.2777777777777778,1,4
-0.38051926795689339,-0.92461000738176546,-0.01736147928729416,0.91281930078653994,-0.37252565672598403,-0.16728884957595838,0.14820934796808011,-0.079504523961642343,0.98575505063099256,-22.821205382858299,3.1861949701146046,1.6187299754439388,,0.6407585909699651,0.7,0,2
0.47897525034673244,-0.87411347544841,-0.080674293271077196,0.87379827478870165,0.46596234475434883,0.13912465003484675,-0.084019548508512495,-0.13713032235990719,0.98698327754724124,-3.1390752487827864,10.038415238615952,-0.50472023675084432,,0.1504366954843426,0.2307692307692308,0,5
-0.9846702179700958,-0.15506254041575571,0.079875968867588992,0.14705536100688393,-0.98426860014125517,-0.097928767862709654,0.0938044915868049,-0.084681351759319345,0.99198275490169452,8.8656622149019952,12.991978144437757,-1.7879790224457206,,0.3497511621502902,0.4285714285714285,0,3
0.91164099689452527,0.39344198317279205,0.11880277209820629,-0.40574433629639861,0.90761456191945333,0.10773736842505054,-0.065438722057760468,-0.14642135386896474,0.98705550035782097,3.3069753814914735,11.54758995470012,-1.174251353459937,,0.08549262249701521,0.3548387096774194,0,5
-0.57332959704928199,-0.81809636517902695,-0.044849865419781795,0.8192232981131391,-0.57153729346394089,-0.047098938507614034,0.012898099702625516,-0.063745270105143387,0.99788284861665189,-6.5342362964912457,-21.369145448538163,0.091851595431278493,,0.3026856367918773,0.4285714285714285,0,4
-0.22881660067752743,-0.97154428976473495,-0.061193596723168202,0.9732744694260943,-0.22705989103180016,-0.034360050174310305,0.019487699139074506,-0.067420315263010872,0.99753432556083055,10.76483456056962,-5.6965497859430716,-2.0999865749354809,,0.604941984745997,0.2972972972972973,0,3
0.68333765975092353,0.71663520150409399,0.13958377674829545,-0.72965303565351647,0.67702740261192595,0.096126706352385086,-0.025614260241895039,-0.16753472499077954,0.98553337112171135,-12.164429672723493,4.7971830806075406,0.34571732657694904,,0.08516359411073818,0.3137254901960784,0,5
-0.97891208691432208,-0.19656618176141899,0.055613508078371579,0.18800865084615409,-0.97338102838334128,-0.13108058891535912,0.079899144551460938,-0.11786055222645618,0.98981059649249015,-23.253727188721857,-0.47803733590774128,1.6699900599162032,,0.2261766320879373,0.25,0,2
-0.20291402886227577,0.96803116000002565,0.14745022943313391,-0.97711642783764496,-0.20998416201672809,0.033913686793566919,0.063791718433345052,-0.13719447864668902,0.98848788140684019,8.6781040419718405,-15.581422866293568,-1.719587039415877,0.1359708007455536,0.1209125783060233,0.4545454545454545,1,5
-0.13711782686231283,-0.9899114438681762,0.035693624856253985,0.98998438192657201,-0.13572723014565308,0.038846396724169466,-0.033609895834701198,0.040662664642286912,0.99860749176349028,17.318398296626317,4.0560601685144491,-2.4844349893003956,,0.1766603952999006,0.2894736842105263,0,5
0.73898549813586267,-0.67318855661229982,0.026788071807053473,0.665255838151252,0.73540628249370277,0.12888859326747176,-0.10646644236831863,-0.077425880137335923,0.99129719546379891,10.14766876924454,9.8474010516064574,-1.8154125064461759,,0.1270394935281893,0.4444444444444444,0,5
-0.33841875282477285,0.93007881845591467,0.14292004476690318,-0.93797782482389214,-0.34557402226048939,0.027860281357966501,0.075301712299014806,-0.12462739104368294,0.98934203667209042,12.328206089698403,5.4913305525337472,-2.1285392746989147,0.7442016539721165,0.6859064975232926,0.8444444444444444,1,5
0.89932772398514282,0.40913673026152836,0.15432686358054951,-0.43431119277336727,0.87677576272395397,0.20648982960815521,-0.050827479806491049,-0.2527279126862233,0.9662014124631505,-5.3276264487528424,12.937022180024634,-0.34314069040738659,,0.1956371199806944,0.5625,0,3
0.93152253905220672,-0.3629754246173964,0.022684804639897995,0.35652287559711243,0.92371992984381079,0.14011755916126548,-0.071813636683400642,-0.12243501269312471,0.98987497657691015,4.5318488514555657,10.950920108331733,-1.2660993852293791,,0.2124707009227022,0.1666666666666667,0,5
-0.99645716542272167,0.0079221094519154444,0.083727878628006541,-0.016277660435729945,-0.99489557339147083,-0.099588331730149734,0.082511546152362183,-0.10059840072231353,0.99149977636087183,15.928295429796275,5.0157200798342281,-2.4117369803435365,,0.2931242032409325,0.75,0,4
0.99289862050998923,-0.080135799149797682,0.087923734474737128,0.072910714536521162,0.99391869631266339,0.082520620610303699,-0.094001899423015428,-0.075524028062326248,0.99270326084389726,2.0770710171569013,13.247246756298111,-1.1105219720009936,,0.07527598541074221,0.4736842105263158,0,4
0.98404421054058899,0.14945098101874713,0.096547376836884177,-0.16495132990991843,0.96970351562519641,0.18018365781913614,-0.066693706318501092,-0.19323430351950555,0.97888326856721453,-0.96946213211643872,-7.6877631385049385,-1.1318073073555173,0.3364479339366256,0.1924532278327206,0.3157894736842105,1,4
0.99561397728792678,-0.026037755006198308,0.089860133224656955,0.020053624948648253,0.9975604362552285,0.06686574717070605,-0.09138194764467901,-0.064770451075432736,0.99370726489854644,-9.953904373713625,-10.287706172552044,0.059691949942268605,,0.09248807048765662,0.45,0,1
0.85502323349125686,-0.51858804350977983,-0.0013081738623229953,0.508520057729694,0.83792359368789582,0.19822058931339742,-0.10169867785150409,-0.17014844186727254,0.98015656231716131,-2.3900907048814517,11.854192502457787,-0.61916351980706608,,0.1407979196729935,0.2608695652173913,0,4
-0.98000156038697939,0.16987058642451419,0.10363843643589928,-0.18104200074517265,-0.97729642118519744,-0.11007042793044274,0.082587744885492337,-0.12663210101075309,0.9885057285561536,7.48752567946251,-22.921682433030831,-1.2656554527119332,0.219875356880124,0.1898261191322669,0.1428571428571428,1,4
-0.86616738063051246,0.48270922901301977,0.12940583046112322,-0.48986201355945963,-0.87133012554294609,-0.028618525342604336,0.098940772198061619,-0.088179433809531457,0.99117864739404149,6.3106478766729515,4.999699627876991,-1.6803878143277333,,0.07405700942882532,0.2727272727272727,0,4
-0.48058029600306124,0.85578059446597887,0.19152585524953961,-0.87307159685436841,-0.48742376031048129,-0.012808772421848851,0.082392753684862222,-0.17337142792354207,0.98140398517632843,2.9656422482368705,-19.720037007484979,-1.0373785971335745,,0.09328972849083239,0.1,0,3
0.74503986176796855,0.65537426260518783,0.12409746287282322,-0.66518688561447825,0.74380377938280962,0.065439628531632404,-0.049416713602547867,-0.13130313663638629,0.99010982962809191,12.979925466284175,7.8713761362195509,-2.1129388862697853,,0.3377144375516449,0.3333333333333333,0,3
-0.51334016924961845,-0.85759381178795602,-0.031854742469171908,0.85815911160740377,-0.51268126796946467,-0.026848773499235236,0.0066940122471048245,-0.041118991430069342,0.99913183251451332,-6.6556103502546771,-7.743057713415471,-0.40114330175534701,,0.07062522634465926,0.2222222222222222,0,1
-0.1004678687783018,-0.99488277827414318,0.010698824078813987,0.9949098998538265,-0.10037492518945751,0.0088975033610829458,-0.0077780791970515845,0.011538279192942313,0.9999031801115903,11.579137056222843,-12.136808497909817,-2.1031801561111143,,0.1968554334047918,0.4615384615384616,0,4
0.95581135952209051,-0.28693305983201584,0.063984874649945331,0.27681140562130524,0.95170550260618836,0.13278585025166942,-0.09899540760302758,-0.10920648096399051,0.98907727392199818,2.999032035522041,-16.189738155387982,-1.20230527481981,,0.07121219525025169,0.4615384615384616,0,4
-0.74862082839751654,-0.65163220827963964,-0.12223878444265178,0.66195390524236919,-0.7242825540806751,-0.19295545907994097,0.037200572896032624,-0.22536691635414199,0.97356349068216019,-5.7507295590146237,2.675384770229968,-0.38044159660528176,,0.08872952449132013,0.5454545454545454,0,1
-0.52285788868079497,0.80278035153404814,0.28664147542728552,-0.84797187690599496,-0.52414797369015054,-0.078820033322960892,0.086967374461834945,-0.28427558612617226,0.95479006431353042,-0.699752863883494,15.625419328917559,-0.90859080015573157,,0.4614488982169921,0.2,0,1
-0.23457309286607522,-0.96513835486476363,-0.11611812981693333,0.97170605279312428,-0.23619336802695484,0.00019966293954674935,-0.027619034531454274,-0.11278585402887169,0.993235390057427,25.747877161766564,4.1306968745379518,-3.140704109162022,,0.2349509841829444,0.3076923076923077,0,2
-0.35475310768248058,0.92592210203568681,0.12968613476943547,-0.93231799895515677,-0.36075135637030126,0.025329976337108637,0.070238033955065407,-0.11192282983735599,0.99123150613129929,10.793001982522055,15.154406693034352,-2.0482410982372294,,0.541401372532451,0.8604651162790697,0,4
-0.97348309307980352,-0.22175158917092394,0.056186298934434269,0.21579841979047651,-0.97169761820895806,-0.096097766794925765,0.075905925353117895,-0.081424636733659655,0.99378484544144641,-13.612037034199567,9.71976189313032,0.48879968248520689,,0.1101653667350693,0.2058823529411765,0,2
0.81375095467313163,0.56737045518077511,0.12609579833018081,-0.58121368082260305,0.79429353241471135,0.17688539111186977,0.00020246779163858643,-0.21722925896876347,0.97612059093878034,8.6784271996704216,10.022543877680528,-1.6491227334747429,,0.5667436477110281,0.5555555555555556,0,2
0.61748209634044848,0.74736075095283128,0.24529119151372777,-0.78536044615358291,0.60317065460570551,0.13926281283949649,-0.043872888170818955,-0.27863429321916511,0.95939465306296468,-9.0897192351566254,17.763626126223357,-0.11501432398386217,,0.5124491715278942,0.2222222222222222,0,4
-0.91912539159797368,0.35797875644568344,0.1644984025863952,-0.37992793853631829,-0.91587675170531624,-0.12970943375585092,0.10422704082634769,-0.18171677308196424,0.97781170904283143,5.6171271531292373,7.1120959825429493,-1.4864826687594139,,0.08790821367519455,0.2222222222222222,0,4
0.0047370461153142234,0.97380626992811781,0.2273299563251357,-0.99746468532305221,-0.011540635711961606,0.070221188118321967,0.071005365483788288,-0.22708624435674324,0.97128269607589723,-2.6906429394222431,-11.636077707945841,-0.97013275813560773,,0.2637271463405035,0.5238095238095238,0,3
0.60825101916321045,-0.79226638755387335,0.048421780628678308,0.78843733001874416,0.61010148691854604,0.078375712390336708,-0.091636642888253669,-0.0094945675054364746,0.99574724647776724,0.025076668570306018,11.409240520665827,-0.82520264567047963,,0.07679028630363574,0.1794871794871795,0,4
0.99183898793969349,0.071577475611029798,0.10550870574467511,-0.082354143674133337,0.9914110546965782,0.10159682891270655,-0.097330452698342076,-0.10945677507842991,0.98921483883278116,14.012489709574414,-12.0743274259448,-2.1937767689996921,0.189533929300501,0.1794388764781059,0.3448275862068966,1,4
