axis_00,axis_01,axis_02,axis_10,axis_11,axis_12,axis_20,axis_21,axis_22,location_x,location_y,location_z,dbh,dbh_approximation,score,reconstructed,number_clusters
0.25892549517569424,-0.96560290362853896,0.023845763819920845,0.95920370706130087,0.25995417912642327,0.11113988084646026,-0.11351579761372199,-0.005904003628161061,0.99351864926295108,14.723621385520074,-2.4138912913222503,-2.0176122601657176,,0.1050454731978211,0.3333333333333333,0,2
0.095510012518729259,0.96347315262040545,0.2501945676635885,-0.99136832173945688,0.069388849758393017,0.11123865416617133,0.08981474355675724,-0.25865937390495813,0.96178409226339889,-2.528131066894991,-8.7144908306446389,-0.39332792667268113,0.1669469060709938,0.1198172452568645,0.3653846153846154,1,5
-0.90253612259487426,-0.43024520498537328,0.017821644102163428,0.42941139095852554,-0.90233522237790964,-0.037376513631863693,0.032162162963245394,-0.026080836706338963,0.99914232481174725,-8.3974298286233111,-15.248354351687981,0.66420688190511201,0.503956721940482,0.4299354296296857,0.6722689075630253,1,5
-0.98091884092971426,0.13740347762291416,0.13754458130451763,-0.14555676693209768,-0.98803246067371242,-0.051040026012175832,0.12888543404660113,-0.070086667720600598,0.98917966209300978,16.545737236446683,-3.7469449731256375,-2.040622688091287,0.213058879974806,0.2548375533020817,0.4634146341463415,1,7
0.58717627412420503,-0.8094588765595041,-0.00059183159909507663,0.79552615481509681,0.57693418673891417,0.18516231035773462,-0.14953982784102382,-0.10919373302041048,0.98270777373456442,-2.1974311860966047,14.254795163468078,-1.7596319481952394,,0.3437265715996515,0.2692307692307692,0,5
0.85788931231616505,0.50078937864458439,0.11504749475963637,-0.51330924207272111,0.84537612844802901,0.1478270051545065,-0.023228211649331216,-0.1858741501311921,0.98229896187290211,6.3291678723517837,-11.910735236998708,-0.71733306974912547,,0.1029190292294564,0.4814814814814815,0,5
0.95056737250369661,-0.30896883372709388,0.030982739012860281,0.29624480297819394,0.93225063480267123,0.2077204145442344,-0.093062812335705028,-0.18827377325410183,0.97769744771316336,7.6572450692558194,8.6734988009911866,-2.0501655943682695,,0.2871887952689115,0.36,0,7
-0.75692257879593405,-0.65154269481320393,0.050599669410590818,0.65350308418348091,-0.75481308491240706,0.056488280268507225,0.001388766211849296,0.075824294791071611,0.99712022727845884,-10.863118536229171,-4.3579896516384604,0.15440821258854168,0.1525411160120925,0.1598733505780414,0.2325581395348837,1,4
-0.45496546375178804,-0.88983534744350268,0.034633527588443562,0.8893837878203551,-0.45209219990831406,0.067890505553993646,-0.044753823919708287,0.061690333295906813,0.99709146923559733,-12.573584243830576,23.663422223069905,-1.645722351651246,0.2345036416007489,0.2227267749890376,0.3809523809523809,1,3
0.61394036245512829,0.72095966622591157,0.32139444771789311,-0.78895764156502657,0.54759006270522581,0.27873098687200087,0.024961393483104104,-0.42469080859127478,0.9049942795031759,-2.9548980926659998,-2.391016942279538,-0.67433819133754036,,0.1333629121981364,0.2205882352941176,0,3
0.64654586181392093,-0.76277924042145262,0.012094583637594917,0.75171585992616397,0.63970996044734618,0.16029482973546949,-0.13000659408954038,-0.094546268496051258,0.98699508033561689,4.019502692120227,5.0468232659513816,-1.6529862402283171,,0.06839852629479852,0.1333333333333333,0,3
0.95926208007207991,0.2455849218373147,0.13965782434918581,-0.27570763686267302,0.92164355048289515,0.2730539595554054,-0.061656797771116573,-0.3004350379357319,0.95180734777010867,-0.48109669908248376,9.1819180834730663,-1.5169394603012567,,0.09319482930822479,0.3214285714285715,0,5
0.94704347102753761,0.27663771456539049,0.16303447139838292,-0.31648723947640983,0.88996019798943093,0.32833926546061115,-0.0542631664457046,-0.36254988742881938,0.9303833015981291,-6.2715313270562323,11.367914571393815,-1.2268681321824675,,0.4768326594926692,0.4065934065934066,0,5
-0.83235374897961789,-0.5539388344519155,-0.018412067934609821,0.55351857178692621,-0.82910441418351744,-0.078759514145073373,0.028362426668689305,-0.075747198413274111,0.99672359994433946,-7.9352364527389811,15.891343144561677,-1.3762488053759871,,0.1396708552329365,0.2777777777777778,0,3
-0.90873325855667986,0.38322911830949086,0.1653460240607193,-0.39014950459378417,-0.92069376640147538,-0.010312738467033886,0.14828091198189494,-0.073881197805632112,0.98618169712919623,-10.610989779206148,19.740103523756723,-1.485673391767852,,0.3595895474757638,0.4,0,3
-0.91922717310773694,0.37824667350128049,0.10931998081582919,-0.38224369106285727,-0.92389672891608643,-0.017452648532455119,0.094398966429725811,-0.057829821747694993,0.9938533829763968,-16.002993500285143,-11.044022716195752,1.2215678317307443,1.090674344028176,0.7651655960701178,0.988,1,4
0.6783627572672869,-0.73355005490085501,-0.041572665390587286,0.7233380263031074,0.65685336390177318,0.21289846884102062,-0.12886453839846845,-0.17449348207276516,0.97618950796321946,-10.365863885659879,-3.1343106138193821,0.0017354039763005594,0.5429010914848003,0.2582727117521925,0.1848739495798319,1,4
-0.91835684712554455,-0.39269779799831689,0.049082998939564797,0.39233729378904086,-0.91966098396455487,-0.017179129070990944,0.051885925258398406,0.0034805201650011919,0.99864695300164019,-4.9860897522784615,-7.9446766539962317,-0.2062232363900644,,0.1727902557605089,0.2352941176470588,0,5
-0.94263725271632237,0.30971246388168455,0.12455199519782742,-0.31468250732443942,-0.94894354909160938,-0.02193308508676995,0.11139986254671737,-0.059869277210900039,0.99197063478251024,-10.140235917933939,-33.968462296130333,3.0758564944956466,,0.4509262270446255,0.4666666666666667,0,2
-0.70513074658313757,-0.70841065887084964,-0.030740341918670117,0.70899303329993335,-0.70505245628848634,-0.015162869574488327,-0.010932015151270326,-0.032486493804996679,0.99941238673782273,4.12271557543058,1.4870690880103572,-1.4623900119938791,,0.08392069885327309,0.3584905660377358,0,4
0.11344978925832896,0.95485493513372555,0.27455636610359124,-0.99229074529273364,0.095020514328443301,0.079562419917627428,0.049882082190216726,-0.2814660809183348,0.9582737725560696,-8.4306080889158714,10.926068815556416,-1.0403369818001147,,0.2286824872966223,0.2976190476190476,0,5
0.86915401360621536,0.48435717459595895,0.099847023238689589,-0.4938338102925125,0.86083421375133229,0.12285204209578664,-0.02644746574222933,-0.15608518139959973,0.98738946100475911,4.8471693042355426,7.3216449751279562,-1.8126025557172394,,0.07448139260451407,0.3235294117647059,0,5
-0.17074229128747562,0.93952635478045032,0.29687926609795828,-0.97813933298409139,-0.19792062961907039,0.063803367000712277,0.11870347608785396,-0.27949535424430605,0.95278110378014447,-0.32641550399446612,-10.019390496912349,-0.48527182131421492,0.5484983471112882,0.2952499592985962,0.2666666666666667,1,5
-0.5003089137176403,0.84167602805299835,0.20315623213577338,-0.85314244751140489,-0.51925265998654946,0.050245789387210034,0.14778009036715956,-0.14818278880430835,0.97785628084767828,-5.7115226669570243,8.9377555105751014,-1.1625222958242856,,0.1326379531734326,0.2727272727272727,0,5
-0.30653217543613404,0.9357318193180616,0.17448205563353253,-0.94524462808096887,-0.32081817658726525,0.059902342652807201,0.1120295430074728,-0.14656623037703559,0.98283656912357709,-16.235968892885886,-14.965270289481053,1.5911533292990823,,0.6049647703384332,0.8163265306122449,0,2
-0.22137956327948818,0.93622675069041783,0.27289294650804896,-0.97325717805802547,-0.22971366618936942,-0.0014480760917884778,0.061331511645415886,-0.26591559348315913,0.96204331649972352,-13.078859670785315,-10.492971035222876,0.81299840929566991,,0.5580306090714282,0.8082191780821918,0,4
0.91603447768836277,-0.4005591161066771,0.020814182425578306,0.38551117782339078,0.89357375307208808,0.23001538990659742,-0.11073376837907055,-0.20267792757105957,0.97296438280960218,-3.0099265771098858,9.4429090652158365,-1.3417334313376073,,0.1894683115944032,0.7592592592592593,0,8
0.99112464875563167,-0.085198521820726139,0.10204480637734299,0.058347663844977984,0.96853680652892804,0.2419338846101956,-0.11944656023870938,-0.23383256034673452,0.96491183688916971,-5.4872890525863944,-28.060796434685027,1.9465032601838723,,0.4278510039199808,0.7906976744186046,0,5
0.95892188865557848,0.26886593235098066,0.09044292055355789,-0.27858568466600991,0.95268166944948474,0.1216044941361695,-0.053468006848860092,-0.14180531413166828,0.98844950560341227,-3.3027302755068129,4.996726490049852,-1.103488264219709,0.4845010931071235,0.4599324191663049,0.9503386004514672,1,5
0.97966243275817533,0.17817095751832202,0.092285577092728124,-0.19008068537746425,0.97138510573943115,0.14240895124263739,-0.064271695860363368,-0.15705440536514309,0.98549635355319021,-1.7273559234062645,-5.8931219333596605,-0.66672798593238281,0.3694693360966813,0.3106138396027016,0.8118811881188119,1,5
-0.99013665534229844,-0.11500534007524009,0.080019844424639858,0.11835341304699847,-0.99222789567891478,0.038422293746180926,0.074979152887264297,0.047513943119568892,0.99605248448138384,19.17742529186836,-4.7058203446865088,-2.1351779435281903,0.4665741318201218,0.3159004341760967,0.7966101694915254,1,5
-0.77389275189523898,-0.63262048789760261,0.029687149681545375,0.63330460625135532,-0.77331667340418109,0.030109771435672613,0.0039095095384641667,0.042102742515085487,0.99910563746176428,7.2143685474319614,-6.3172394763605393,-1.2428916455776244,,0.1998860397058577,0.3333333333333333,0,1
-0.81411753295958222,0.57047520464345269,0.10849278047324272,-0.56679438631870804,-0.82127207434536487,0.065240352068804908,0.12632009406821865,-0.0083797844526718752,0.9919541385805718,-13.465173700184902,14.581290120278517,-0.92079856893590128,,0.07760813586784708,0.3043478260869565,0,1
-0.66722106831860328,-0.74480008024018662,-0.0094279619214790618,0.74468094032662535,-0.66728478579776085,0.013465205423197672,-0.016320021630931859,0.0019634451985448519,0.99986489176134075,-17.358200519345871,15.070798612536251,-0.66271279639804126,,0.09487129807268679,0.2272727272727273,0,1
0.033110248453976185,0.98451388406411422,0.17215145521402533,-0.99596645119973115,0.018129512762432243,0.087875758042871663,0.083393881861492006,-0.17436666210026333,0.98114307194011374,-6.2842531599057656,-21.555664531838069,1.1785838264622084,0.1816875865567502,0.1513670907961878,0.391304347826087,1,5
0.93370019619822464,0.33253825479033766,0.13274883321669792,-0.35448985139948602,0.91071630196088083,0.21197349503527479,-0.050407230375894251,-0.24497780806370173,0.96821742634706653,-14.795752412163052,7.4991953202828041,-0.34148637864210596,,0.2137268887712582,0.1929824561403509,0,7
-0.73344340994166513,0.65582431511617922,0.17876026436414008,-0.66722911625308989,-0.74483577356835717,-0.0049976831580016822,0.12986943765668421,-0.12293957099006673,0.98387996780476994,4.2579274255955042,8.8765576337447776,-1.8062501803707227,0.3843886192665879,0.08945036645328826,0.3333333333333333,1,5
0.66966153890400826,0.73084418005697938,0.13198563478483638,-0.74243339607949743,0.65434296343804477,0.14362429663876813,0.018603109916859539,-0.19417021057813766,0.98079144247156969,0.14177375189310046,17.852824586752774,-2.196177101431017,0.3361825807527908,0.1428350055203795,0.723404255319149,1,5
0.21927092053265179,0.96675711147392529,0.13153307881805407,-0.97273613316571494,0.20618079420260896,0.10617860111997469,0.075529323064468065,-0.15122885808130115,0.98560902686656116,-12.188433599422355,-3.4922162377495365,0.21474383663588462,,0.07956467016176624,0.4318181818181818,0,3
0.28914183447703795,-0.95449236089847933,0.073084420649690368,0.94984423688717856,0.29555786926042621,0.10218351907451155,-0.11913406400970045,0.039873285601823003,0.99207721266434146,-4.4112962149079529,11.456331848578236,-1.3509087886216282,0.7168665026861059,0.7671415199092997,0.6341463414634146,1,5
-0.15779636847404785,0.97333850961904389,0.16647057334250262,-0.98123038320401179,-0.17347894439078637,0.084213959236976554,0.110847828908424,-0.150057327530639,0.98244366621229318,-14.524815170766725,4.1154768728711142,-0.096219385289110337,,0.118738048880023,0.3529411764705883,0,1
-0.15963559873786015,-0.98448988180916475,0.072774640026465554,0.98369447964003376,-0.15245383178766028,0.095409642589115717,-0.082835055027010857,0.086818787071903547,0.99277432071444904,3.8839090223142789,2.5709239832303066,-1.4868112219512017,0.7987448479021275,0.6499864310366622,0.9711934156378601,1,5
-0.84940730622373817,0.51868122373979864,0.097349968020111449,-0.51440513646741526,-0.85494176233143881,0.066797743955560027,0.11787528879995103,0.0066611681706313028,0.99300606500108024,-17.788996157850963,-11.9773154932344,1.5402521151509116,0.2050493293777009,0.209008291505303,0.8888888888888888,1,2
-0.17724099276209276,0.94868009051921176,0.26190020301093275,-0.97761367337755978,-0.20037209917929258,0.064206911588376409,0.11338931215040343,-0.24465712277173488,0.96295677793300494,4.8019837521967155,-14.95158540558641,-0.36951461637192407,,0.09099271817511582,0.3333333333333333,0,5
-0.88863223070179764,0.43710289734009411,0.13883016853278438,-0.43996166481723731,-0.89794876154191416,0.011034271003856162,0.12948548972449031,-0.051274543218216631,0.99025472943509407,19.717580640688741,-7.4394062046687655,-2.0088689687438746,,0.1570564754469349,0.2352941176470588,0,5
0.08713567450043698,-0.9961364550300712,-0.010933306429300137,0.99057451410028907,0.085474377745977298,0.10703393276860398,-0.10568588479229361,-0.020156728629940199,0.99419525247639817,-11.344965156960141,17.931327274673446,-1.2619481841577886,,0.07953689128429775,0.3333333333333333,0,1
-0.16867212616484265,-0.98042615009998113,-0.10155923421906111,0.97712134638694259,-0.17986136475347261,0.11350666898463846,-0.12955148895323984,-0.080090284486627875,0.98833291862653805,-7.2067151270675076,17.714695871438192,-1.5645776336850139,,0.6662614993265507,0.5875,0,3
0.31019179993455198,-0.94911122374806234,0.05448790883138916,0.94507973761911712,0.3140682381272949,0.090473373659860162,-0.10298221591684069,0.023431319960080337,0.9944071783981574,3.1600589193466067,-4.5282955659830284,-1.0709762508794907,,0.06856183323605818,0.2727272727272727,0,5
0.30715902838198239,0.92955518695545147,0.2039129365382521,-0.94906803118188177,0.28341025962065319,0.1376535394761135,0.070165543338482517,-0.23580877665169866,0.96926313113728091,-9.1389613422197407,-3.0258852071746665,-0.16691929380850631,0.4663464755846199,0.2626947919078307,0.2583333333333334,1,5
0.82014514568063224,0.55322356659770178,0.14596446614643208,-0.57198489460461888,0.79900092434325332,0.18555539130612683,-0.01397212799246106,-0.23567182321937652,0.9717322529276351,-15.393426116827738,-9.7684902753349405,1.0184566220033229,,0.0715646628843945,0.4583333333333333,0,1
-0.35785201448724974,-0.92941542838843394,-0.090160397076333276,0.93174982381415716,-0.36176713356896861,0.03109351848183519,-0.061515864211643588,-0.072880055864666615,0.99544175917401545,-10.637375643980041,9.5075427293695309,-0.83947427474591563,,0.2927587876914082,0.7,0,1
-0.60288045754363018,-0.79605945172599391,0.053146055636277903,0.79733109758308174,-0.59880509083978317,0.075469093086630981,-0.02825375619174389,0.087873844243155863,0.99573084353101593,-11.255845900315087,-10.406232886693871,0.59607242029696295,0.3804916803742719,0.473326352250117,0.7850467289719626,1,4
0.95960611289754338,0.25693284476546907,0.11463691102952334,-0.27274348836241791,0.94952998564398949,0.15493158463923698,-0.069044171698753418,-0.17993976670999928,0.98125153895970241,-13.999178734510465,11.911394776630248,-0.71465627993970759,0.4640036370591032,0.3565552839154109,0.8341013824884793,1,4
0.15737389244530764,0.96810588091633409,0.19494732958371475,-0.98425843050522432,0.13768692995528123,0.11080456352913284,0.080428850271558994,-0.20931629811053484,0.97453470301949585,-9.3047634907474439,9.9802964926271791,-0.95471244966509983,,0.2125283036930778,0.1,0,4
0.88537909023847916,0.44638160524148524,0.12979726141378906,-0.46396360539853682,0.86593465654713553,0.1868018829032162,-0.029011022630638577,-0.22561168651608224,0.97378525737109778,-9.0297394057178924,8.2210963861765194,-0.88207517639135746,0.1526568696728651,0.1604405660524459,0.2448979591836735,1,5
0.11558405134274344,0.91080166447148991,0.39633401957334102,-0.98938285399414516,0.070176298917185964,0.12726686643696922,0.088101619154233757,-0.40683610344492432,0.90924281115450845,6.2708612837314064,0.74331657349831226,-1.5863418111048977,,0.5068294229192364,0.42,0,1
-0.95586034611755555,0.27958413879459304,0.090353240420659606,-0.2884609183714732,-0.95142164333996149,-0.10764364893747336,0.055868571597223596,-0.12895567424031193,0.9900753187454544,-9.552350771156128,1.2576953836430207,-0.40363754955462361,,0.2871538802121735,0.644916540212443,0,2
0.29885143904702566,0.94297105628307987,0.14660629042403467,-0.95363662446089426,0.28937286271010826,0.08270752573853371,0.035566920956912662,-0.1645263910116895,0.9857312315201926,5.7663843014099339,2.2001987587244418,-1.6171404022004254,0.6190602208089803,0.3127441919063332,0.2682926829268293,1,3
0.97671962745249863,-0.20609147244356829,0.059540526829152389,0.19431472256021579,0.96755746102430085,0.1614755344086331,-0.090887611616751282,-0.14614672285839753,0.98507897016043944,9.8339967052585937,-19.975725419369503,-0.21766847088417487,0.5589394690162035,0.5427196480876791,0.8518518518518519,1,6
0.2770059200513596,-0.9589699352282488,-0.060368730190621507,0.95031129787839708,0.26413365931979016,0.16474782893566078,-0.14204280122968729,-0.10300521026950696,0.98448655108953032,6.9651511677841818,-2.4036183796906339,-1.4083613852866192,0.5960439462879886,0.6955763920835467,0.2043010752688172,1,5
-0.41678058751102326,-0.90884240227438085,0.017304037161863375,0.90642788419107856,-0.41408968971645965,0.083175835621957434,-0.068428302878640684,0.050350935429831337,0.9963846399189874,-14.04689856415178,11.945102459891837,-0.71349836975752223,0.4211876192672012,0.4588063422973169,0.674074074074074,1,2
0.10860477689608083,-0.9936719361848817,0.028654592545343804,0.9883718196770801,0.11102168226392627,0.10390058775340955,-0.10642437927264918,0.017037291623816064,0.99417482476200081,10.471494799251721,-1.8401483388518645,-1.7625268531774829,,0.1215668045087099,0.4054054054054054,1,5
0.35919078149956418,-0.91387900524027166,-0.18922776293870036,0.92517054550652866,0.32203428582134663,0.20088150856335271,-0.12264356572150638,-0.2472227387126594,0.96116568459892893,-9.4718128293571517,20.754287985806897,-1.653778369246369,,0.530796276725845,0.3181818181818182,0,1
0.80690842161237908,-0.59061388914396062,-0.0086042478616354459,0.57692727713916758,0.78491760091741081,0.22596299843744821,-0.12670325972051841,-0.18729547170260571,0.97409788535644271,-12.423648357724471,-6.5982783822539215,0.51273205698927127,,0.1352845591493058,0.2380952380952381,0,1
0.62422867254065983,-0.78040186055163485,0.036214643801549151,0.77068396155763619,0.62272597201487956,0.13512436928974844,-0.12800310846207813,-0.056438460518256947,0.99016660436432402,-10.542522906312247,-15.185200107496463,0.93228136334609335,0.1804442307414626,0.1405524756855554,0.4230769230769231,1,5
-0.66596353913859108,0.72884607383324218,0.15898416649425162,-0.73720915093088724,-0.67560255542886138,0.0091572311183208185,0.11408432110401553,-0.11110620034841506,0.98723866411439509,10.541518571167572,-15.68361790641565,-0.64227038516020529,0.5247399419803365,0.2222627091606129,0.2352941176470588,1,5
-0.74659268372155974,0.65740411673298194,0.1020744430108159,-0.65292563853868246,-0.75348378359728163,0.077138177284532192,0.12762239283250462,-0.0090562220850689667,0.99178148283240963,-1.2345321353865841,3.5647713525666926,-1.1625859790761111,0.1881251449480088,0.1206926646207384,0.391304347826087,1,3
0.85673570849466762,-0.5157494120542736,-0.0025435714678914631,0.50025873440000934,0.82978334498680795,0.24738795249366127,-0.12547957780707633,-0.21321853659608536,0.9689131701061674,4.1726509396317555,6.479008404287022,-1.7537812414536627,0.2051696011452169,0.1074638916385623,0.25,1,3
-0.36818769032175214,0.9011012857128049,0.22902903218208528,-0.92369394233646185,-0.38259051086252083,0.020347036366009538,0.1059590750547492,-0.20406120132128103,0.97320691557800654,7.0259110773993187,5.1610362019266711,-1.9100699570983297,,0.2113035325652667,0.2777777777777778,0,4
-0.038905031601582693,0.95916238663772257,0.28016765440626418,-0.99473247468561687,-0.063785961812238695,0.080241229312095971,0.09483513231871725,-0.27557007663227079,0.95659156934554668,11.589641919861027,-0.56747029715331077,-1.9257742430234939,0.9143281233631162,0.6615580557285536,0.6615384615384615,1,3
-0.93256211886831353,0.34942103655877371,0.09073496383442535,-0.34232860434145929,-0.93572184644690937,0.085063227846206305,0.11462556914349856,0.048265570463624639,0.99223556356661125,-3.6067176257134763,2.7911869864925123,-0.95377586040246232,0.4172014417834297,0.3949944275647496,0.9817465998568361,1,5
-0.95605129985432979,0.26286061832177338,0.12988536246375287,-0.26130366152749912,-0.96481499644513424,0.029196217338844296,0.13298988126608627,-0.0060264392529733929,0.99109907350918336,-1.9218877629914597,-4.4377909966906319,-0.7230226588832559,,0.1336143004896663,0.1403508771929824,0,5
-0.92196096918158688,0.37344038933238655,0.1026169913855675,-0.36943049387220217,-0.92754777135595234,0.056358158681311166,0.1162285743829413,0.014050176791861609,0.99312310970444517,8.957651434435304,-2.7193692604453696,-1.5249195393789117,,0.1006558245407657,0.4117647058823529,1,5
-0.5052922873559561,-0.85995957548172819,-0.071758155465936335,0.8613286201877326,-0.50768951223057335,0.019088405291724984,-0.052846119858361823,-0.052162129062858408,0.99723938946852053,4.6374927344872985,-4.0490627832498554,-1.1542687318332436,0.8049820832775494,0.2985606224818499,0.3157894736842105,1,4
-0.95583786027132067,-0.29054200453683965,0.044264302453070378,0.28312567426612867,-0.95070743490228837,-0.12647223328802323,0.078827897620650719,-0.1083545883718141,0.99098206125816501,-16.613175617611187,9.2624006499519993,-0.32385265613156095,,0.3801662807245507,0.2659574468085106,0,4
0.45206052105650252,0.86004645458358298,0.23656158027104154,-0.89082069010634879,0.4217435566430926,0.16902920016518747,0.045604642094548724,-0.28714537849013627,0.95680078816396497,-15.587652087174602,-7.1532911082762638,0.86327108559976851,,0.1053532995408227,0.6666666666666666,0,3
-0.07971690585508788,-0.99677319755756499,0.0094025290086768697,0.99323752217851546,-0.078628363635501172,0.085421337900355818,-0.084406394648595298,0.01614846936620816,0.99630055077750224,-11.936834538621733,24.170424890743355,-1.7394173354288127,0.3372021385909493,0.3538718729557547,0.7575757575757576,1,2
0.55103556943459497,0.82776918991585746,0.10563129007987163,-0.83381086457739406,0.54108876876861045,0.10946408737649567,0.033455094239762763,-0.14839512302806873,0.98836210172734484,-0.4003859310594623,12.620346135714072,-1.7939758587696366,,0.1143326373451779,0.275,0,4
0.98541585222764827,0.1417103423325147,0.094200727462470116,-0.15531957846124678,0.97518744566750171,0.15775067150130781,-0.06950846513251234,-0.17008122967715875,0.98297555848882989,-4.0307197349020631,14.171321022227211,-1.5985708551588405,,0.2469741574577404,0.5925925925925926,0,1
0.83157356122613069,0.54222437037144589,0.12032516131292426,-0.55523271206373215,0.81710336597073074,0.15510875144122724,-0.014214349230441001,-0.19579280245860092,0.98054226363852559,-1.4187989560557475,11.899735330739253,-1.656772939588296,,0.07418261671747477,0.2941176470588235,0,4
-0.37277309249064738,0.90671067986427545,0.19727129678446043,-0.91890356641246129,-0.39028000075662184,0.057426097236973415,0.12905989752598712,-0.15986639430935659,0.97866556025084839,5.1630273087641489,6.2755351905788155,-1.8259930899807277,0.4936420433864995,0.1744053033938343,0.1379310344827586,1,5
-0.97300004825075193,-0.23019049067893679,0.016829857546160631,0.22311143580859469,-0.95673275202488828,-0.18677186194475442,0.059094782472406744,-0.17797409700255071,0.98225914476815379,-18.408148814349037,10.217124656834772,-0.20368474504287218,,0.451543369528726,0.1666666666666667,0,3
-0.9201685161019838,-0.38649814219085282,0.062522700339104328,0.38940278968563585,-0.9200368180629005,0.043562837301289618,0.04068623059117895,0.064431665287446066,0.99709236841356319,0.61740456179026693,2.6320469357711285,-1.2538622288152395,0.2923926208889943,0.2277059869114851,0.8448637316561844,1,1
0.64586990476476402,0.69637576824997116,0.31291029946841947,-0.76318563888216906,0.57819194440351884,0.28851647445318007,0.019993667076573612,-0.42515275469075769,0.90490076166157052,13.113819698593979,-2.2259309404617005,-1.9482265446853597,,0.3788700965946273,0.16,0,1
-0.96727583492275027,-0.25028661088329546,0.041642185185840404,0.24680107932784612,-0.96619895190358929,-0.074490352281467609,0.058878573497565451,-0.06177538144731097,0.99635190361133585,14.864216871757918,-15.136004613345914,-0.95149583196087151,,0.1668499197584119,0.1666666666666667,0,1
-0.53439972279752068,0.80541873845109935,0.25635442657728935,-0.83592746884972979,-0.54850060331637884,-0.019296501860452109,0.12506879345550306,-0.22460575218236506,0.96639021776411671,-24.40068282957392,13.562690516356598,-0.0071594228315546233,,0.1602801701598469,0.1153846153846154,0,2
-0.83497301020693637,-0.54937674684222026,0.031705870986727364,0.55004801978676532,-0.83492966715647587,0.018428967161380452,0.016347726283073124,0.032827441737606614,0.99932732921417622,-1.2007260335507077,-16.44517288135642,0.1175008599220202,0.3168202273411858,0.2724796613097229,0.7169811320754716,1,5
-0.13011146519512595,0.94772050566585908,0.29137063984764117,-0.98260834795122354,-0.16251777533232878,0.089826539717368759,0.13248336182835505,-0.27461576036614682,0.95238350626057056,-2.5379007407447522,3.7539507006589425,-1.0750343963642721,,0.1543130471481029,0.3870967741935484,0,3
-0.10317613823298125,-0.99433879027012606,-0.025397926361611541,0.99168409216539055,-0.1048083256112706,0.074685180783514618,-0.076924286447344503,-0.017480991010323112,0.99688367882509887,8.5224498597219647,-6.7179567979868775,-1.3135342367626388,0.223734310891495,0.1921416585700297,0.6595744680851063,1,10
0.85894605818893666,0.49825364714158332,0.11813116537052225,-0.51145870163775098,0.84601844604949139,0.15054164029606207,-0.02493322363259548,-0.18972636098896117,0.98152037284264892,7.5393109265429432,5.9805206089589733,-1.9712277470993935,,0.09807677947325062,0.2790697674418605,0,5
0.99518751420273421,-0.07195993779050372,0.066509991190572146,0.039528361829771853,0.91589023001565228,0.39947790323487298,-0.089662256195334439,-0.39492639050215778,0.91432697975007826,-2.6938138284104189,19.764461185720538,-2.0808184400290393,,0.4800020506022957,0.4736842105263158,0,1
-0.4920220357902349,-0.86936655947628205,0.046001103912910915,0.86949354558122505,-0.48807765108483653,0.075902442016710508,-0.043534934126792525,0.077343336984399422,0.99605357171926001,6.9620033409769206,10.809603294518013,-2.1909796076543766,0.4881479287787533,0.5162659814500902,0.813953488372093,1,5
-0.52331762956866279,0.84277697402120744,0.12595884503397556,-0.84327522384909981,-0.53344911672982798,0.065718617624059242,0.12257877232574498,-0.071826262048247783,0.98985626868515109,11.230806205780777,8.2538657148771293,-2.2817964820361905,,0.1538445840414333,0.2,0,3
0.48850747211461198,-0.86294746848253601,-0.12915926729342381,0.86317339223988643,0.45627559517114374,0.21620424644374062,-0.12764068558762448,-0.21710423277955915,0.96776733127953873,-4.2442873206670129,17.12046046492641,-1.7888750995893741,,0.228646279170646,0.1176470588235294,0,1
-0.92065567253293712,-0.38637678668774755,0.055732498075873382,0.38827133780977363,-0.92111653984230424,0.028101392569596848,0.040478400021924585,0.047511038062674246,0.99805019933562122,5.2392840402493919,9.2313842753767403,-1.9169665754396825,,0.07349122579657821,0.1428571428571428,0,5
-0.70494934936399634,0.68391103401903008,0.18791517335835167,-0.69942783844087197,-0.71429329218199766,-0.024203131155558302,0.11767375937399181,-0.14849508507295586,0.98188700778855786,-5.2143868760844256,12.581176253092664,-1.3821030983391465,0.2054556534020893,0.1820740039836378,0.2727272727272727,1,8
0.81801628848218966,0.56227649329584062,0.12122085985818232,-0.57485621828320044,0.80640575203772502,0.13874469857119021,-0.019740316080599906,-0.18317998844689753,0.98288117885817416,-8.4358075545813023,-9.9130120657422847,0.21290153036797127,0.6244517388090047,0.5911272346567031,0.9290465631929047,1,5
-0.31547538972360328,0.93943854757740686,0.13390479380661821,-0.9404003874091249,-0.32839174030397394,0.088351436099789807,0.12697397307916475,-0.098051416235461514,0.98704788634326757,7.3436964365022854,2.6916688438272587,-1.740444331567339,,0.08797083148766795,0.1111111111111111,0,3
0.24543829940139247,-0.96249653696571558,-0.11558744532152829,0.96251552138820651,0.22775627966318707,0.1472784714775833,-0.11542925224457451,-0.14740248777747614,0.98231797007041954,-6.2809882202577727,-3.45173968850587,-0.36569625749888129,,0.07998912203868914,0.1825396825396825,0,5
0.99568562783545222,-0.060592814822966509,0.070275467367723207,0.027765434981737822,0.91720671103725182,0.39744298943182144,-0.088539319752283671,-0.39377704354121218,0.91493192579434346,-0.9887322840646422,8.7671205238975176,-1.4561458184751075,,0.1209539324139818,0.375,0,1
-0.20615012254995538,0.95714161458945446,0.2034258011996804,-0.97403383544008881,-0.22060650287787456,0.050900474515132368,0.093596016958574377,-0.18765047431085224,0.97776637552147583,-12.524554203441976,14.840390142563761,-1.0148099240826205,0.8233088638107415,0.2635554562373441,0.3181818181818182,1,4
0.35864687414818686,0.90377468310877784,0.23358883071620593,-0.93076627456738648,0.3271860167151675,0.16316694700217918,0.071039156749532151,-0.275935921252909,0.95854723700536804,-17.210907341120286,-7.4142777861420344,1.0854971850842974,,0.4309069304584745,0.4130434782608696,0,2
0.67229602356726614,-0.74023313350849107,0.008541940753824976,0.72548125085940918,0.66110615147878504,0.19135206068494862,-0.14729226506204751,-0.12244821163704127,0.98148429642036639,-2.4281659685224954,16.474161076384526,-1.9217540387778009,0.6025406171455562,0.4693394619707397,0.7222222222222222,1,4
0.055913086136387048,0.94614415701429866,0.31888079425767679,-0.99402888226490449,0.02277698166980641,0.10671359018043447,0.093703297817576137,-0.32294340565138524,0.94176815019642446,-8.5444959479067784,17.980945855484084,-1.4903388201461736,,0.06477079855033151,0.1111111111111111,0,1
0.74298586702841918,0.65327562222263424,0.14561237174656064,-0.6693030048956341,0.7244236162213763,0.16505729883413028,0.0023428686910389337,-0.22009403824359824,0.97547584557277611,-10.5013253457346,-1.4300952343591185,-0.068898001265931305,,0.07699369358014257,0.2916666666666667,0,2
-0.98645317207816585,-0.16100509654257047,0.031424483834148885,0.15792929842961723,-0.98391118892600715,-0.083529090763281882,0.044367510573098838,-0.077434689858804417,0.99600973529981995,27.17088311574107,-11.176734613300507,-2.1767644002830067,,0.2804465359102364,0.2142857142857143,0,5
0.27594866880919283,0.94753524734910211,0.161335945199794,-0.95630592038186391,0.25378677138185268,0.14515943412045842,0.096598751674288982,-0.19434307217560318,0.97616568853464514,1.6957269695823336,17.786057891579016,-2.2905588557800427,,0.1195169809019311,0.375,0,2
0.77940053674098542,-0.62652379030477767,-0.0016563544303058754,0.61355576234131548,0.76272772504653508,0.20444007421027935,-0.1268232227379163,-0.16035696937605232,0.97887768007391862,-7.9183515581569859,8.7375514436829871,-1.0052331153515004,0.5573504497179342,0.3288955080441989,0.8375,1,3
-0.053337247570819167,-0.99849856916677882,0.012479799416098331,0.99410231683922867,-0.051912373694239664,0.095213912388415339,-0.094423099273686015,0.017484645530479369,0.99537860409706747,-7.1886080699097503,7.9456365494526899,-1.0284695120948746,,0.1224871828717508,0.1956521739130435,0,5
-0.99495786259719055,0.033383135488038909,0.094574932836441278,-0.045072295068253353,-0.99122139768437945,-0.12429251381280279,0.089595423283281878,-0.12792852315888231,0.98772817773367028,1.7761942592178221,4.4335899025020673,-1.4352357176780821,0.4629966982544539,0.2457672749990686,0.3106796116504854,1,2
0.02823063553416142,-0.99706606670372633,-0.07114977052175217,0.99448597978685027,0.020823186966811423,0.10278147154002873,-0.10099835258421726,-0.073659035511645557,0.9921560760599959,-13.470880827639643,5.692613986242832,-0.30258123419110566,,0.6899482400288912,0.6260162601626016,0,1
0.98841191345411183,0.11084133477298633,0.10371156082000474,-0.13351256513989668,0.95988961295082997,0.24654883065808317,-0.072223848497179985,-0.25753859799037132,0.96356503997052934,-3.6857250177615337,-1.6874825130857309,-0.66543444204524516,0.3871157386980951,0.1667447237045533,0.2633587786259542,1,4
-0.64699806957803807,-0.76190239314153285,0.029970673791174917,0.76212300862078197,-0.64496344026658758,0.056486108471863909,-0.023706912348501499,0.059387743219393871,0.99795344493729155,-3.7511151878736073,-9.9294745431854476,-0.19751281802365278,0.6980180974256973,0.6085398357259668,0.7269439421338155,1,5
0.70039825388101185,0.6420071024913806,0.311880051159178,-0.71367665167981031,0.62356880125914249,0.31910435118207114,0.010388590256824749,-0.44608164101076597,0.89493197883728459,9.4660517911406536,5.4078751769052449,-2.0664562860359803,,0.7069958805006831,0.1071428571428571,0,1
0.99527855773730267,-0.062781282053409326,0.074020964139120765,0.048671420421169564,0.98264379073040065,0.17900355687296932,-0.083974313587790075,-0.17455569644878072,0.9810599489810703,-0.57295253953865477,-15.529059417176345,-0.03131708828956066,0.5177840485148075,0.5870624167710609,0.9731543624161074,1,5
0.90766315552378196,0.39785577961789981,0.13363523012007611,-0.41902690802342052,0.87706211472312545,0.23490103718317815,-0.023749662249058837,-0.26920777392570627,0.96278924381248832,9.7419884679413329,-20.591539110970778,-0.15280399481377788,,0.4260257042761548,0.5,0,2
0.8098620075134334,0.53811686368367151,0.23356748447838072,-0.58648970847676118,0.75113966009548139,0.30301655545941203,-0.012383482432399385,-0.38238652179554145,0.92391947555615084,8.1718089156903346,-1.8225770725372219,-1.5508913811156464,0.1798865228896901,0.1147425493770284,0.1666666666666667,1,5
0.4534155745827011,0.86680343016041028,0.20752380631625258,-0.88666223840873681,0.41494096583503193,0.20409328713090782,0.090798632731156445,-0.27654259768440248,0.95670256608839255,-15.757962808251746,15.376599886201028,-0.81484006475246007,,0.2947697695969603,0.2777777777777778,0,2
0.9956526760458797,-0.065090981698151015,0.066625166298110231,0.044168562278932462,0.95969821382445919,0.27754004483741801,-0.082005407071070291,-0.27339075054528628,0.95840106986970475,-6.849281853022287,15.148424215585752,-1.4173740207766006,,0.2607591461054776,0.2058823529411765,0,4
0.96043349424299129,-0.27215768372214516,0.059141341946186553,0.2569409312582861,0.94778461025740235,0.18890656527328398,-0.10746562697124937,-0.16623636109534387,0.98021253372391415,10.4762807610946,-0.15962001323857891,-1.8695284450171674,,0.2357462988939026,0.358974358974359,0,3
-0.76409282676303991,-0.64210583208160799,0.062147023227596528,0.64509986914814765,-0.76096184018303903,0.069160947147103052,0.0028828656417272075,0.092936420159308683,0.99566787177937144,-12.67074177836369,16.311810635329373,-1.0615259442488272,,0.1083689438276204,0.1538461538461539,0,3
0.9790265131871837,-0.18852260931293921,0.077241907371490046,0.17645267717848065,0.97414699310980635,0.14107476220667384,-0.10184075408740782,-0.12448639119583935,0.98698105311801421,-21.044824504464895,-15.31276986122468,2.234858505586502,,0.1107136449126462,0.5217391304347826,0,1
0.50123554667560344,-0.86458344860091085,0.035473753031865042,0.85575321133935722,0.50135877627984071,0.12777252728798333,-0.12825508968920774,-0.033687354490037992,0.99116890292032278,-10.272078379821917,-0.42520049430104356,-0.17338712942538922,0.8061243332386461,0.7889193969281403,0.6746031746031746,1,2
0.36169589415045256,0.90396524524622024,0.22808532513436011,-0.93028748644219894,0.33389807946595579,0.15191203078756874,0.061165944150004946,-0.26713088162151621,0.96171712023876921,-8.8301653961339852,-7.3928868114281183,0.17970557707888635,,0.07759970130177424,0.21875,0,4
0.32976591113304693,-0.94187459646535776,-0.064239305629899698,0.93569964265199645,0.31704988260544775,0.15474349963988204,-0.12538190697033591,-0.11113782647277144,0.98586396674763954,-9.4995138589823807,-8.7294110288755409,0.29309952412851681,,0.1179619632605659,0.2857142857142857,0,5
0.5368281133826367,-0.84367464088704069,0.0053550916109941001,0.83684739175437317,0.53326933741660187,0.12373462201486482,-0.1072474689488848,-0.061942829249087394,0.99230089504579033,-9.1620787184798473,5.1976731450053704,-0.6615520680797814,0.4445282071435738,0.2213543061144944,0.6490166414523449,1,5
0.8640207696046821,-0.49977632625816293,0.060759636302628428,0.48824162171054736,0.86123044226536893,0.14107531373295851,-0.12283415046797136,-0.092226617780834408,0.98813259355792959,0.62340344844803075,3.8240243141835131,-1.3159479905382452,,0.0707031065190129,0.2391304347826087,0,1
-0.96951077452171419,-0.23466575473684981,0.070575078038148623,0.23760375704736475,-0.9706767923128361,0.036483139972328292,0.05994424679052162,0.052139700987331158,0.99683907370130165,-3.235602312488326,-4.9781526256469588,-0.60297505878786806,,0.08232518535340032,0.4074074074074074,0,5
0.96573462034521484,0.23352685036263843,0.11323362233184431,-0.25416673849996063,0.93925918048407997,0.23063274033984965,-0.052496781872582547,-0.25151024240790221,0.96642986597939007,-10.427634161560386,-6.3256728080477487,0.27132269722142099,0.4664363279266053,0.4631507278103673,0.1830985915492958,1,4
-0.69335220502404837,-0.71923270816316942,-0.044351226550807879,0.71982713453676639,-0.69414427840993942,0.0035520607160633537,-0.033340908399080528,-0.029462387191397221,0.99900968542257207,-4.097707065571,-2.7097370425735994,-0.59393304833826077,0.3588915563573174,0.2199447089113377,0.1785714285714286,1,5
0.62572284841865466,0.77397557667201333,0.097122210034933987,-0.77955621718203694,0.61605535262394706,0.11299516253458439,0.027622838733164498,-0.14641587761786135,0.98883738276913524,-1.4159300120114102,10.360357051218994,-1.5343172440420019,0.3624216213166593,0.3257667385945393,0.822463768115942,1,5
-0.99100338059737514,0.062152849061989882,0.11852984011653944,-0.072633435639621144,-0.99362207535321101,-0.086252857332172944,0.11241300490494825,-0.094086102715845638,0.98919721067337452,-10.442114463744355,10.752433094153817,-0.91426410451267504,,0.2622948689594001,0.3846153846153846,0,5
-0.27650393956894276,-0.95975156706318254,-0.049218908181914378,0.95834651545202876,-0.27918737103973817,0.060219333879358433,-0.071536897638970198,-0.030517886094630818,0.996970977965009,4.8904974685980482,-2.161330720985315,-1.2888849081914111,,0.07274359489651114,0.4545454545454545,0,5
-0.47213419835171538,0.86935894134909886,0.14596002823772417,-0.87156506862518202,-0.48517727216424589,0.070550306361088028,0.13215002799532544,-0.093904449690285316,0.98677166782858106,-7.7804010241488735,4.2183459158552825,-0.71474781078029859,0.4267208210747506,0.214735658216446,0.1744548286604361,1,5
-0.67366183552769776,0.73325391473957047,0.092295329635629059,-0.72755422733702191,-0.67993214490966358,0.091417310191095197,0.12978666201687977,-0.0055655042575277376,0.99152632215432246,-5.124754100066176,-4.0529321045293525,-0.46521952279443951,,0.07499033395527248,0.4080459770114943,0,5
