axis_00,axis_01,axis_02,axis_10,axis_11,axis_12,axis_20,axis_21,axis_22,location_x,location_y,location_z,dbh,dbh_approximation,score,reconstructed,number_clusters
-0.94794491831693672,-0.011521114757354572,0.31822585651050611,0.071877536774971329,-0.98129560289229256,0.17858488024302693,0.31021613682118454,0.19216192041869662,0.93104228947816325,-2.65163770100036,18.726646685611076,-5.9622184703322132,,0.3200441280241072,0.3888888888888889,0,5
0.72845341833315991,0.59909253648230076,0.33233078408407973,-0.68474335051674129,0.65222807433664165,0.32515393734387593,-0.021958170275395757,-0.46442079171622053,0.88534240098384365,-0.70169486708406681,-8.9571479986334683,2.6078125184483665,,0.07966498606419338,0.21875,0,5
0.30389415840146727,-0.91841186438965183,0.25331401034642209,0.86110133801831856,0.37854843199744254,0.3394194606903661,-0.40761848112239141,0.11498144189651154,0.9058843424338856,-15.194609074664413,2.2575680814014474,3.9121975791293,,0.08769696467806172,0.3076923076923077,0,1
-0.14052864206995519,-0.95801661953826944,0.24991169929885293,0.94888467017864631,-0.058269847539612667,0.31019752991871358,-0.28261207238533764,0.28072901801590827,0.91723586660459788,5.994138259660402,-2.0717068132273631,-2.2525165835682563,0.5690531809411625,0.2001692342555834,0.3333333333333333,1,4
-0.45116353602669884,-0.87379953486879947,0.18145477845169852,0.88472120162705159,-0.41123209856414822,0.2194460218416199,-0.11713180247683141,0.25954293281381452,0.95860190218616403,-20.225862649702727,14.531259850802202,1.8132115808315479,,0.4068021194283702,0.7586206896551724,0,2
-0.94504402650012809,-0.14350916212723869,0.29376335435510675,0.17173527516630169,-0.98247022698550457,0.072520675331985307,0.2782063680794899,0.11898476151419796,0.95312320467368217,-4.6101096244048954,14.846085947925877,-4.2244176241640767,,0.5030104824125949,0.25,0,3
-0.8851658968333761,-0.34855085837237409,0.30821037330214252,0.43646231756729931,-0.85152785397728148,0.29051843185007747,0.16118926895716951,0.3916792221049355,0.90587273197967821,12.027430523362842,3.2222304233435524,-5.9733301154652887,0.4788802994552566,0.4370003764226963,0.9264705882352942,1,5
-0.086680005311496458,-0.98109347531552882,0.17303805758415208,0.94864080630239278,-0.028239130380103984,0.31509232319007963,-0.30424857813496031,0.1914631667153576,0.93315307345267939,3.4140437063059204,-23.125514748838661,6.6772819244286001,,0.1425579791816142,0.12,0,3
0.60925034266591405,0.71199509560706575,0.3491088709743031,-0.79084410289460483,0.51328315788164847,0.33332567370646937,0.058134541180740046,-0.4791694728032338,0.87579506247476457,-19.742396968540866,16.578963272297603,1.0131373063717373,,0.06986373367377578,0.2,0,1
0.60319297677587291,0.70611483687910848,0.37089091375693262,-0.79468572568748808,0.4923785720309577,0.35501822374817205,0.068064896656155865,-0.50888621414216584,0.85813867812798283,-7.8328185715748271,-17.541784102316676,8.6013447585035046,0.3043476377175063,0.217250410243127,0.4516129032258064,1,6
-0.87768472040271495,-0.4007040464982986,0.26287981796155047,0.45306042442897587,-0.87258266200564372,0.18258080343612651,0.15622350459468218,0.27934882331421174,0.94739561510760706,-3.4508499142897993,-12.560887634002798,4.9348217291851402,,0.125096047308448,0.4838709677419355,0,4
-0.26879087157197096,-0.94857894085136629,0.16718092095954293,0.93237646724621559,-0.21268356063333546,0.29230091748366738,-0.24171386117690397,0.23444337484694899,0.94160008140681783,-0.9299084588880776,8.9921515507987984,-3.6467595401324377,,0.1379031041855545,0.2692307692307692,0,4
0.94403349557834026,0.085388453216966045,0.31860566737481832,-0.19494718518452631,0.92359537795176594,0.33010176130212382,-0.26607584297483539,-0.37373839765716926,0.8885512117497123,-12.695353288254994,6.1947860474536407,1.5842388548912465,0.1368157618210849,0.118864814009073,0.4485981308411215,1,5
-0.23079679439435463,0.80636398455968872,0.54452728499342651,-0.89600532779989017,-0.3943237218145299,0.20416477406386535,0.37935114636903605,-0.44077877310433133,0.81351507725987415,-9.6516145099602166,11.876248175515396,-1.3127978023598876,0.506881869576439,0.3761836701586446,0.1538461538461539,1,4
0.46655245809197848,-0.85632518295749838,0.22144070285550185,0.77629907068166282,0.51642673029540143,0.36147362987524695,-0.42389687036721452,0.0032578012840937488,0.9057046041749337,15.636710640990099,-4.1380508175328634,-4.5788845565428495,,0.08899479498819571,0.5517241379310345,0,5
-0.93877921436466083,0.12690989276671999,0.32029278136544082,-0.035103663535911094,-0.96007735381082493,0.27752334587555327,0.34272630404336907,0.24928969857887032,0.90575566611489022,6.8222180295864687,-7.3639595385898904,-0.55228260052332778,,0.1164212652678376,0.5285714285714286,0,5
0.94238251882995572,0.099743813420567595,0.31932171847218838,-0.2251970861139502,0.89500438718849085,0.38503690643773503,-0.24738928960141854,-0.43476237026412268,0.86589850490275588,-12.748649747373591,7.991152561134923,0.93653280997450628,,0.4036819122981433,0.632,0,5
0.90421908566562936,-0.31202901687691947,0.29159173126965715,0.19981025516276013,0.91253027248688157,0.35688144211602024,-0.3774436475155008,-0.26443599305283799,0.88747388611065825,-10.584887323069889,0.64300242359605053,2.5870544133205424,0.2867429482432232,0.2347148217910051,0.5468085106382978,1,5
-0.80535964703839846,0.47941091054509904,0.34865601640084243,-0.42102717008065699,-0.87664363948304391,0.23287776065523244,0.41729121842672318,0.040756695207548918,0.90785843104511565,-2.5732981026702433,9.2689596167694202,-3.0932723075912079,0.3512477914109458,0.4984834872025604,0.6404494382022472,1,5
-0.74432897859835401,0.48778642487885876,0.45611267831823316,-0.50260101583056316,-0.85890520558338856,0.09835683355945582,0.43973468194448395,-0.15603285399446473,0.88446998703716617,-20.510783912595713,3.1688238274082616,5.8916801771677632,,0.2147239827615476,0.15,0,1
-0.58342361548599697,0.73049499281382413,0.35495626542882464,-0.68352771498766318,-0.67768130827533835,0.27117873673643661,0.43864193567987919,-0.084410365999421672,0.89468885226924122,8.7299131394516056,-15.313630683821131,1.8184514818355517,0.4437596360305834,0.4029687854456055,0.9107142857142857,1,5
0.41873087295730149,-0.90356507637556271,0.090744745229904791,0.84160903049809066,0.42366027507814619,0.33497195569894228,-0.34111390446078393,-0.06389150237029631,0.93784816474117294,-2.2609596019744398,7.7345682581003237,-2.763619763160031,,0.4321540813510507,0.1176470588235294,0,4
-0.81772136216983959,-0.53078617918768178,0.22270564841162757,0.56766010013280421,-0.80771599084436085,0.15923846536414013,0.095361336863091672,0.25663380548488518,0.96179275590640068,9.0174510519461339,-7.1161582850720917,-1.4463417142794794,,0.1947311883408105,0.3125,0,4
0.9538838516567707,0.013014777214274983,0.29989366969395237,-0.15534092159826354,0.87628140425380563,0.45607027817648849,-0.25685559294172416,-0.48162383260490771,0.83789240851168578,3.0172471199591402,9.4359157500035913,-5.1386642843259756,0.4187719746027456,0.4224297536227715,0.7777777777777778,1,4
-0.86914996394235322,-0.4124841398691646,0.27282810437233523,0.47597111963859801,-0.84747787654862639,0.23501647182827609,0.13427521531908135,0.33412285632238181,0.93291590373087097,-7.482863060420236,17.209031691939945,-3.8468093122430487,,0.1206704214877126,0.2,0,4
0.57138366643055538,-0.76720050109021865,0.29141739286338836,0.691343809614828,0.64130775935587514,0.33281841099495235,-0.44222668694192785,0.011302606640308365,0.89683209601324021,17.969619651410824,-7.7396311610007533,-3.9978451320991364,0.5578887952351917,0.5480364608823446,0.9357798165137615,1,5
0.92536842450440548,-0.22768619678501753,0.30307140202237531,0.098058968859347284,0.91608262046272493,0.38881495741854927,-0.36616624305972761,-0.33007821539707966,0.87004060489370438,-16.803111299960708,9.740531374103977,2.1394007780481124,,0.08204705116431302,0.3714285714285714,0,3
0.84858265342715222,-0.4325422822078287,0.3046549760056072,0.3032584101534701,0.8695200395840339,0.38983231963623849,-0.43352256800969868,-0.23841576051977695,0.8690317072248015,-6.6364824898546857,16.301525035772819,-3.7897241644429056,,0.3337830066183202,0.2,0,4
0.91800594627661292,0.2176943699300217,0.3314728403678836,-0.35294066679827707,0.82963216478141832,0.43260068987472311,-0.18082579550708205,-0.51412025097332015,0.8384404565730128,-17.296774850739599,6.233817611562924,3.4831704163405859,0.3079825775832752,0.2944104457355641,0.5263157894736842,1,4
0.94560441313239418,-0.08182491504246843,0.31486025017908387,-0.088062877401251946,0.867333553229372,0.48987491981762654,-0.31317283325402684,-0.49095538567247304,0.81294869812974091,-7.9522879233075567,1.7958268284922752,1.1989313296008202,0.8392519300538408,0.5783621162035699,0.4983755685510071,1,4
-0.029652841671946522,-0.99814678821841685,0.053138480878145579,0.957657003531724,-0.013138354784669196,0.28761162566939336,-0.28638046820168706,0.059416940368978259,0.95627185184432328,-1.1962423452024653,11.499627039139213,-4.3768676785166267,,0.6703600007574302,0.2545454545454545,0,2
-0.94774726551230914,-0.016121660232835195,0.31861452067550328,0.10479556276922265,-0.95903339090963335,0.26319735018471468,0.30131878590261429,0.282833956928284,0.91061075222647514,-19.280064757600964,8.1856322869377589,3.6014997745837856,0.5898547573431775,0.4084183932323175,0.7364864864864865,1,5
-0.2084202829980395,0.83842690651529539,0.50358843122753394,-0.89833815430053865,-0.36769860850050168,0.24038779884739506,0.38671636397095743,-0.40229100877099683,0.82982672775652078,1.7031967750475117,7.4420355577272259,-4.1127671505755314,,0.09359738347781804,0.28,0,5
0.45882614570345953,-0.87924057647825427,0.12811938453292557,0.77284624999548746,0.46606330908054122,0.43068975585310776,-0.43839165353234244,-0.098595134784044053,0.89335981413431376,-2.0309261002355448,-12.739417923005607,4.5751116699434222,,0.1945639613008817,0.1052631578947368,0,2
0.05671636964001079,-0.99809915216361689,-0.02411090759650638,0.93656574226941258,0.044822518530226216,0.3476140852151306,-0.34587261213082804,-0.042296859019046826,0.93732764383374556,7.9695557323509538,6.7772597783990616,-6.0031881732398764,,0.640011442749858,0.2884615384615384,0,1
-0.93078483643250409,-0.19543508998285214,0.30894127900089741,0.28653224450647841,-0.91484039075152523,0.28454583516135995,0.22702171950145075,0.3533725867310461,0.90751801845561908,14.071335746597095,-8.768223697023549,-2.3476075551706064,0.189759608188671,0.1746091354022027,0.3448275862068966,1,5
-0.74788925060253519,-0.60369868965609752,0.27606079211052226,0.66288097435332993,-0.70133785216152855,0.2621336128119281,0.035362164435424066,0.37904235809862302,0.92470341628733976,17.558006387191615,-10.872164040429684,-2.6629374795576686,,0.08617053737014421,0.4761904761904762,0,2
0.94677260476366976,-0.079636451886879081,0.31189689065440229,-0.041320122497733418,0.93083433918622571,0.36309789378143453,-0.31924016405488143,-0.35665875640815314,0.87799786396756196,11.45196237234882,-9.5169834797640114,-1.2187139500064821,,0.1019165654006123,0.1304347826086956,0,5
0.49381171516752836,0.78817559870384102,0.36732712338070628,-0.8595938641373041,0.37865585396808166,0.34310076215770796,0.13133308304003558,-0.48517931722564561,0.86449560521477165,-9.6545739762334399,7.1608651413295599,0.13837715589508104,0.4374835475021234,0.402028875495114,0.797071129707113,1,5
0.89075739291674361,0.29632417191673843,0.34459142778372492,-0.41354684798448366,0.84294125821059662,0.34413520559285332,-0.18849475187990014,-0.44904567734718964,0.87340008482340969,11.043080156556361,-7.2677154390411083,-2.0471475938413679,,0.3584900613394089,0.7272727272727273,0,4
-0.20366740698732294,0.89532698670824384,0.39611762672594575,-0.88634576967756773,-0.34046249462949002,0.31380960202859359,0.41582540074620267,-0.28718439481037239,0.86291040060463964,-12.766848358993098,2.6499658659120024,2.8943353495419819,,0.1670563770349343,0.2985074626865671,0,5
-0.1162022404827034,-0.96164467319721891,0.24846843223680123,0.95178186454335389,-0.036303142085904537,0.3046200325012578,-0.28391604680464372,0.27188527798706669,0.91949446653077727,18.71789131722204,2.7232591171422134,-8.0476356969777303,,0.1443888905756954,0.3636363636363636,0,5
0.20162493869973949,-0.93828915631294718,0.28099972106723542,0.9037707095768992,0.28881065156360319,0.31589066471530219,-0.377552497813476,0.19026788139080322,0.90622968650660551,5.0193629987796644,3.045614566577413,-3.788466935483485,0.7834317139047942,0.6705729493077,0.9813084112149533,1,5
-0.22112930041838275,0.91224221888022006,0.34484194435852877,-0.8938616549601156,-0.33099197036272127,0.30241636421888313,0.39001688974766374,-0.24136787202918583,0.88861036234317159,-13.905259370581359,1.9054752852368828,3.5297345793207486,0.2438622208637395,0.250650734449396,0.8166666666666667,1,5
0.79165827518639498,-0.56803061713465341,0.22498531802437255,0.42577187647597275,0.77702629040691717,0.46362533711888054,-0.43817289342339782,-0.27124041368146323,0.8569907545912484,-8.7231469053654571,7.4577295739863034,-0.45652892513494808,,0.4394526846017127,0.7341772151898734,0,2
0.5437058079061009,-0.8021880017612999,0.24673549456733329,0.71196765869008405,0.59651485654013126,0.37050246815138321,-0.44439402271917894,-0.025776651394608104,0.89546050544641353,6.213390746784885,8.2932878312898648,-5.9346795068719711,,0.1510620558038366,0.2352941176470588,0,3
-0.83324511265213874,-0.49808407213434747,0.24003091327450155,0.53910159216394016,-0.8282868493521699,0.15267733465239972,0.12276830033697501,0.25661869042671537,0.95868388541585914,6.4677604780763671,6.5963475704256576,-5.3750810564629123,0.5681763646006505,0.5994414350715048,0.2786885245901639,1,3
0.2475282265419082,0.89464061161610398,0.37195154672642577,-0.93973915332060898,0.12824071521977182,0.31693002804433917,0.23583914174979947,-0.42798655937667485,0.87247200769516542,3.045414871200232,-11.971289184835664,2.4317489694592438,,0.09631288937881186,0.4210526315789473,0,7
-0.47403274318087502,-0.86859698766567572,0.14433375007436394,0.86939846066648918,-0.43576480516334981,0.23292778102168779,-0.13942480045943739,0.23589893513761856,0.96172366998934988,-1.6429239779133105,-21.546978530810435,7.8613756251102469,,0.1955493456532301,0.1818181818181818,0,3
0.91788739217526061,0.2187293870330185,0.33111960155487347,-0.34686949770766778,0.847546852045303,0.40167883333345622,-0.19278041094916315,-0.48355122669294959,0.85382312238426439,1.5234098845092097,-5.8428846732461199,0.54657326014959506,0.2689459265307047,0.1395613754422758,0.3956043956043956,1,8
0.91551199088442448,-0.26107110669572331,0.30607135082445619,0.13901563481468826,0.91926050460032793,0.36828627174932743,-0.37750820894903236,-0.29462179473117805,0.87788698033714618,5.0615663473374024,14.257639722467596,-7.3328119474857267,0.9257642548714506,0.8674543539099959,0.8775510204081632,1,5
0.7854810823833448,0.4416906537154966,0.43350759582534165,-0.61543104704690343,0.63136607305808368,0.47182783737499873,-0.065300042485764556,-0.63740587400148196,0.76775624793274422,2.7314130059185615,-15.109064119669037,3.8067958010331795,,0.2757330723919169,0.4666666666666667,0,3
0.77718868504206307,0.53586477518894726,0.32988890638257035,-0.62652530857807576,0.70783496155537906,0.32624485422921629,-0.05868377589876278,-0.46023755812796779,0.88585416662940042,-2.6388792943073405,-4.5811291156374985,1.481431858282356,0.483152995392145,0.4341230745966662,0.9839867476532302,1,5
0.67341595827368839,-0.67425141645615205,0.3031434883833129,0.58682578812442099,0.73693794708306981,0.33549658201112026,-0.44960698563799401,-0.048036335787241827,0.89193389267907808,-2.7500196236875949,-14.007623473541182,5.2956813806452621,0.1093482305960927,0.1012696542076633,0.5806451612903226,1,3
0.87299134279639934,0.36350609060523048,0.32519138594901453,-0.47114012191545368,0.80093985966187797,0.36948927822915567,-0.12614713997562657,-0.47577165037201713,0.87047586743014094,-0.38774537928817643,-5.7828838411040264,1.1897668643095927,,0.07157360401789636,0.1764705882352941,0,4
-0.94821911106313328,-0.029972222911054607,0.31619959403580961,0.11588545035321453,-0.95955537481949293,0.25656197117159568,0.29572128738234815,0.27991989659327915,0.91334208907732584,-17.554599411021645,9.3484776487034402,2.5554314876598112,,0.07911926934867933,0.3,0,2
-0.91643492674351712,-0.24516846422110133,0.31629013452219856,0.34239121843140796,-0.88950423000961887,0.30257309585627545,0.20716003134209973,0.38558351747249453,0.89911627305253372,-6.2078483559256776,21.215187853206192,-5.5354534864446423,,0.06022173949939572,0.3333333333333333,0,1
0.54536093533156593,-0.80158391592264999,0.24504015170659219,0.67808160916289129,0.59375993780076952,0.43319102896746464,-0.49273398657829959,-0.07008824435621494,0.86735278662936199,4.3339522596943114,-17.528127390103073,4.2257562570944582,,0.4486762478130246,0.7012987012987013,0,3
0.55122790700732982,-0.7775036873032759,0.30271407427823388,0.70662740273616043,0.62795107698851327,0.32612138631392229,-0.44365020933012839,0.034138850870757222,0.89554956904827865,4.1411819211961971,-6.2360387215045332,-0.14231780862435447,,0.08178337836641733,0.2954545454545455,0,5
0.946866044516252,0.049519889313720838,0.31779313130479092,-0.21048823649355422,0.84250177398532744,0.49586839295261598,-0.2431859289514523,-0.53641265961378393,0.80815967640441344,21.165480671606492,4.7275575070352742,-9.5192637286104134,0.3623337585008499,0.2765354998473338,0.4615384615384616,1,5
-0.48275164109844665,-0.8651182172589349,0.13609306809488031,0.86618722544350613,-0.44876468576883,0.21984073163379647,-0.12911445889301515,0.22401055103169698,0.96599623681008095,-5.9910601044000424,-12.201876652534711,5.7115835122816661,,0.2237244226273757,0.2272727272727273,0,5
-0.43862221766929865,-0.85362067948901044,0.28096669858826107,0.88573589212315962,-0.3577807741516304,0.29574456385917047,-0.15192919262491034,0.37858242589452118,0.91301307067980275,9.4387650754971304,-1.1508110354838454,-3.7415838104892067,,0.07702918345364125,0.21875,0,5
-0.94386745384386395,-0.088007285631194809,0.31838490424348415,0.17608221195190973,-0.94954612028740626,0.25953269559201869,0.27948038251087659,0.30102638276896271,0.91174219638481691,-8.7069963584629662,17.264749397399182,-3.3448083960480943,0.2008555024596587,0.1088617219392646,0.5789473684210527,1,4
0.60914491498378609,-0.74213379427487125,0.27960669509970609,0.6558407144970505,0.6696272514918109,0.34852876677187278,-0.44588723883667619,-0.028927071312306183,0.89462159307044375,-3.256132717185559,7.2827970870020886,-2.3306326420069845,0.3854566715473753,0.3603727029367924,0.9551451187335093,1,5
-0.91135809492219677,-0.29521353552408525,0.28683687221686327,0.3602303997660396,-0.90919505678502488,0.20880231752084175,0.19914939594229952,0.29362104345745516,0.93494716478246609,-28.303820429174976,6.8079381428340655,7.6646849393419876,,0.3694569297827988,0.95,0,1
-0.73012123220139347,-0.64358658234149801,0.22960683203839422,0.6825569615442274,-0.67105279334042767,0.28948945196245057,-0.032233221003016121,0.36808213700205289,0.92923439447954737,7.7975989004867596,-4.9549256837257003,-1.782249623121982,0.5982423769034954,0.3257732745575265,0.2978723404255319,1,4
-0.056783879721297136,0.91110019930615616,0.4082548442187548,-0.93535903598649683,-0.19153573424544951,0.29735086397296367,0.34911182277632574,-0.36498012183040729,0.86308194620583534,28.762741176946168,-8.0669973591483899,-7.4758434305507313,0.5719712452410051,0.7565758453082163,0.9420289855072463,1,5
-0.94777722570472966,-0.093122388873355139,0.30503532766872438,0.11705159583855029,-0.99124573862119425,0.061080353445054074,0.2966770202545102,0.093595439823976848,0.95038026036795487,-11.6098385465873,9.0122559883379481,0.28633880436643633,,0.07658170907208779,0.1111111111111111,0,1
0.36890476819670698,-0.90949763395082772,0.19163331088195282,0.82944427564056922,0.41517383598460877,0.37370159154185573,-0.41944185009226803,0.02108885373059648,0.90753721391439579,5.6397290439107683,-5.7972031119403837,-0.7701520713121941,,0.06837282272898301,0.391304347826087,0,5
-0.0073005511410525817,0.89578491149856343,0.44442782798171904,-0.94368720355882052,-0.15317788479542888,0.2932422163484173,0.33075846745377591,-0.41726002437462156,0.84645904110389181,-0.040961853751843157,5.6172526317211826,-2.9143675845113006,,0.1500387749011063,0.2142857142857143,0,1
0.78823399861565846,-0.54326405795775878,0.28905246367682197,0.43239730763028728,0.82317233698441616,0.36799439123130007,-0.43785811832196342,-0.16508018341062339,0.88375833872426113,-7.4453567129454852,11.52961758016845,-2.140919501769305,,0.1177354341387078,0.4489795918367347,1,5
-0.16718161017621605,0.88372574277950011,0.43712597814326909,-0.92175736823374388,-0.29743633776071032,0.2487870155098536,0.34987664015434233,-0.36133147735606791,0.86430660077659427,1.3872385205548838,15.161721318277912,-6.3717222078930735,,0.1409257605380024,0.4285714285714285,0,4
-0.80779272587669282,0.45884724020495526,0.37004070340572143,-0.41235300234166383,-0.88845664607227637,0.20151870759267146,0.4212314250866393,0.010197951083461911,0.90689585306868692,-23.919642970255449,13.163958493048597,3.7471368792269071,,0.4375413154408349,0.9279279279279279,1,5
0.91512316631237434,0.23467718874882221,0.32783564107546947,-0.34411294024134487,0.87834531549306538,0.33180685814166633,-0.2100853989140391,-0.41645662899314856,0.88454960365758561,5.9677029203203213,5.3881051983505186,-4.8104467345775221,,0.08430560733309797,0.3,0,5
-0.91953800013588938,-0.32676792227599866,0.2183405397023549,0.35994580563146444,-0.92328191262660242,0.13412504175163739,0.15776210988195072,0.20192383412561618,0.9666115465364592,-15.550358059402617,13.864943718562211,0.35926450415753425,,0.3119518863300212,0.5172413793103449,0,3
0.89580479264470547,0.28486713440630562,0.3411517099618816,-0.40479701000447488,0.83985862617490148,0.36163084593414335,-0.18350246365161665,-0.4620478371064482,0.86766274672769017,3.5609489840948512,6.3590854375860788,-4.2835371172083745,0.2875659069649271,0.2237008479538452,0.5102040816326531,1,5
-0.58370837663661124,-0.76887674847233867,0.26098482082844771,0.80851934495741995,-0.52081635103455903,0.27394670526340076,-0.074706089938353426,0.37091626299429376,0.92565659181603166,0.42261472542028572,11.996802768263464,-5.0792597849204197,,0.2426828684656816,0.7758620689655172,0,4
0.93225546936300674,0.1382095545764464,0.33436186814070251,-0.27362510515721367,0.87395622109292259,0.40165884210444386,-0.23670454509887193,-0.46593845370044212,0.85256807100241394,-18.519407493851972,2.8216162142304655,5.2154673131183689,,0.07546087245550917,0.125,0,1
0.84096801807424093,-0.45766465781273624,0.28864485716089849,0.34335332794016066,0.86366677186737739,0.36903685366722022,-0.41818809735417029,-0.21124101912586896,0.88345681675448318,6.4724554542418913,-11.804984135329976,1.217434273926318,,0.09648612167464717,0.25,1,5
0.63271388033393783,0.6952916527329831,0.34094378315582441,-0.77324159029859552,0.54332699711933108,0.32694528171207327,0.042078363386279793,-0.47049473093874811,0.88139895591814987,-6.1195404075464683,-3.7893983039844263,2.5220166394307761,0.1322091835931311,0.1020023451110951,0.4536741214057508,1,3
-0.93287756629144114,-0.24024710607302355,0.26836686519333108,0.27028450147873967,-0.95939448114801928,0.080675385360795632,0.23808766152521907,0.14779566152719475,0.95993265798346084,-1.6727788487047943,4.8840471616878514,-2.1408493490723637,,0.6755210583289686,0.539568345323741,0,1
-0.73426869873303968,-0.61091839925198399,0.29602058630487343,0.67837444377987721,-0.67678290274034791,0.28595981638106088,0.025643558396402848,0.41078414284602233,0.91137193060738275,-7.9282158879203255,-7.8253691152347615,4.8091540441913869,,0.08448844692410705,0.2857142857142857,0,4
0.84710032680777891,0.4047579387208986,0.34437196076998688,-0.51776206945906045,0.77461946490004985,0.36316266882408726,-0.11976425072461006,-0.48593795451721167,0.86574870985061414,-4.6997687660062786,-11.24767529859048,4.9507698025959055,,0.06874752475723081,0.1956521739130435,0,5
-0.93318403965485219,-0.18461184463983793,0.30836020325607555,0.2712152150754345,-0.92469668849495534,0.26716725360352478,0.23581741929941816,0.3329481958280307,0.91298173237465285,-6.1961084029024853,-4.5327542614588578,2.766338796428105,0.1433866539466438,0.1141955106153958,0.5275229357798165,1,5
-0.90650156563586304,-0.30793165735869571,0.28884772094661831,0.37095177252744377,-0.90760183741938161,0.19660540982310143,0.20161769257303827,0.28537168589278256,0.93697028070917709,-16.830362626946627,3.3462446538953472,4.3668392345808371,0.3679677296012899,0.3158272532459326,0.6944444444444444,1,4
0.89840173076343288,0.21003038251777234,0.3856962128161292,-0.39563671472469836,0.76829721852528121,0.50318085612249075,-0.19064605981534008,-0.60465413454780348,0.77333528139554764,-7.4842470303630968,7.7779392474432401,-1.0773597811040954,,0.4515495135249969,0.3027522935779817,0,4
0.90620459437549838,0.18597727911228934,0.3797442360151479,-0.37699732286108384,0.76206317364132914,0.52643398250424678,-0.19148433797131906,-0.62021945393037736,0.76069808549646722,-13.846157166309263,6.9142759163936454,1.8523582678480273,,0.09620382117987668,0.3571428571428572,0,1
0.61034058050046713,-0.75490015998938076,0.24002109124483198,0.65577794467264028,0.65148810757582698,0.38146891481245915,-0.4443418313362813,-0.075425421014899505,0.89267650511786445,-17.000092108830192,11.653764359420991,1.4839328253819399,,0.3970381111267756,0.3478260869565217,0,2
0.81010150543186188,-0.51483203603762839,0.28050583873848456,0.40793612476397789,0.83860068335880145,0.36102217658019181,-0.42109817027574314,-0.1780361439132542,0.889370261730692,8.3003539139760019,-0.70354573908533147,-3.529303789768206,,0.07470428500134191,0.3157894736842105,0,3
0.50404028933001388,-0.81702030781858237,0.28003786055486035,0.74624678529339716,0.57521230251917344,0.33503215139723608,-0.43480929402599633,0.040107650674385167,0.89962895361698703,10.143020029558055,3.588845932439809,-5.6689376301665559,,0.09931684610432906,0.2830188679245283,0,4
0.91209165619824817,0.24898572172082928,0.32572215318073383,-0.35903296124476514,0.86866131300456551,0.34135444340010956,-0.19794985080406216,-0.42829152883093713,0.88169281663077381,3.089074972842178,-1.737742026606018,-1.5186888953497606,0.1810129912308786,0.146112526725085,0.6108597285067874,1,5
0.66637431038886641,0.66110642586501001,0.34479497115496677,-0.7450860581012313,0.57296966801853655,0.34139789916444485,0.028143284757307121,-0.48440071553489661,0.87439344823274434,2.4473458627962086,-17.004670718108713,4.655945374849856,,0.09627113221213401,0.3714285714285714,0,5
-0.59752737319903848,-0.75918565487966683,0.25806623123296696,0.79924620360668019,-0.53799148112642703,0.26790048946521461,-0.064548774567493458,0.36633633134091897,0.92824088901615964,-4.2284017183693594,-13.303560151313045,5.5235645775952289,,0.08014588577840738,0.2380952380952381,0,5
-0.88799870052849694,0.31402720317454802,0.33592443127297333,-0.22809141231751737,-0.93510591517241703,0.27120330941298548,0.39929013948092901,0.16420670837674786,0.90199974580782039,-6.3742299844172035,13.906006474985009,-3.2187471211304852,0.1966662987004641,0.09946398753748548,0.2962962962962963,1,5
0.18970686699304387,0.86312248117967993,0.46800735795275417,-0.95829664484861687,0.059010051637815766,0.27961644135777669,0.21372609828368688,-0.50153503994031778,0.83832198982520811,11.910862933360084,-8.7559304705036549,-1.7055556589313079,,0.1778680984207572,0.1428571428571428,0,2
-0.52119230035963904,-0.80182305521899799,0.29229843339487827,0.84632111823890532,-0.44144366457705353,0.29810745684674067,-0.1099961402444524,0.40274964819854797,0.90867682374278103,7.5426985667639803,-8.1736105695722223,-0.56435136590650625,,0.07287300037614816,0.2758620689655172,0,5
0.043980863934476408,-0.96371170349018342,0.26329723918724712,0.94004927150398354,0.12913838077612103,0.31564322542286921,-0.3381908495988733,0.23363011613781909,0.9116161023594429,-3.0522786314928938,1.2011368419254635,-0.52729077016009684,0.8732910226166559,0.7779737063134163,0.7343633192125592,1,5
-0.51859608741255625,-0.81418145531389896,0.26108744884296886,0.85021383394536088,-0.45872183618419532,0.25828417213551952,-0.090523669215949065,0.35592532198586541,0.93011968610547069,-3.8239049221882557,11.959521769091184,-3.5079074605444505,0.5489808870088888,0.3797744335304942,0.1428571428571428,1,2
0.63114542791892836,0.66653281144400855,0.39672340501359293,-0.77438034283921253,0.51203007180666671,0.37169919315204925,0.044615394666609742,-0.54181105270583607,0.83931534581737344,-18.68967854822812,5.2239909031987084,4.4743999321536982,,0.07783992015581438,0.25,0,1
0.93135508914512366,0.16958736292564144,0.32220773463622088,-0.2824451116625552,0.89495077789249955,0.34538075228295068,-0.22978785177072597,-0.41267812091936384,0.88141608318265763,-2.7020285004225473,-2.7093916925946044,0.82443912429185362,,0.07169031709353028,0.3691460055096419,0,5
-0.94798842580683707,-0.015628726355280845,0.31792088237293548,0.10751380288744865,-0.95581532863838703,0.27360160768637753,0.29959760800939805,0.29355204045007649,0.907782172562693,-14.718735054008935,6.8312407682502556,2.2864068123462364,,0.1116568491208327,0.1428571428571428,1,5
0.081760254299121982,-0.9677036964924588,0.23846344921554233,0.93210459395303025,0.15894989286115005,0.32544731907189706,-0.35284031338354632,0.19566422093540622,0.91499684474709575,2.7147826420042023,8.5350669410540316,-4.8134553837364757,0.2860125878896428,0.2421069121144809,0.3870967741935484,1,5
-0.75447650891191953,0.49230947704996736,0.43404674437999097,-0.483936525319977,-0.8640243680278622,0.13880681148733393,0.4433628727817755,-0.10532459475754238,0.89013262651014535,6.934542371681772,0.47187964293785456,-3.4417792937366234,,0.2810612108986779,0.3097345132743363,1,2
-0.60941483977580735,-0.73890096355589308,0.2874698577541655,0.79072470178786902,-0.53988331635871156,0.2885835246510195,-0.058034464273508259,0.40317659998280225,0.91328014879487807,-18.25229976784259,13.989736476729526,1.2829370948338001,,0.07388276171547184,0.1428571428571428,0,1
-0.83210512971056516,-0.48479814195548543,0.26939156383575502,0.54571340579608196,-0.80236404902908609,0.24167915003179824,0.098984503048736946,0.3481130482790909,0.93221208626258178,-5.1875337579683567,17.897469389662586,-4.7545229749161022,,0.4408867380636651,0.6296296296296297,0,4
-0.33973130444718441,0.80469818669624849,0.48687110112059828,-0.86238068944708812,-0.47310693276967147,0.18019260982082039,0.37534275968423758,-0.35865116547007458,0.85468541245277929,-8.5429333148608197,-25.600065691225687,11.84863627122135,,0.4426645525238727,0.2631578947368421,0,5
-0.85682457210792751,-0.43116876633821188,0.28274572952823107,0.49784455196180089,-0.83452031007646987,0.2360649363031854,0.13417322651714395,0.34302965907375665,0.92969252889421561,-10.15363325061773,9.5891118280855299,-0.4996850454738106,,0.1128618240577933,0.2631578947368421,0,4
-0.21059434635600913,-0.94093080698560883,0.2651400342239868,0.94401365135026261,-0.12528610348826932,0.30519111772309571,-0.25394536291736264,0.31456733577747431,0.91463607184203677,1.971252596521577,-11.754311854076525,2.6806267085341857,,0.09798341576919145,0.3513513513513514,0,6
0.52447853955994783,0.68773239474390913,0.50194264090717744,-0.84457926535251004,0.34563799482073654,0.40892571583713661,0.10774101390685947,-0.63840310913725051,0.76212423145194219,-14.397092601660189,10.861836340296328,0.82475549894975875,,0.4738452800842721,0.25,0,2
-0.89899537729630175,0.10807878256236136,0.4244128748750659,-0.055758260755125105,-0.9894309834880497,0.1338556882296566,0.43439420801553519,0.09667112119816007,0.89552016524969824,-4.5964458778272226,-20.98545785466856,8.7056188373211629,,0.4525555486332735,0.4418604651162791,0,2
-0.56272227355105664,-0.78369320883932192,0.26299923434994749,0.82204948094161179,-0.4970122769066076,0.27787307801897254,-0.087053395873785924,0.3725637543068816,0.92391447398750348,-7.1508598336751144,10.284035776713946,-1.9025286983344685,0.3917054798872769,0.1549198774150027,0.5436893203883495,1,5
-0.39019308592431434,-0.88545954582515807,0.25240988174785489,0.90863879480471066,-0.32602834858997404,0.26092346864844951,-0.14874439913053725,0.33115994417018474,0.93177690200202778,9.6204310808435043,-11.118223923157332,-0.12949087177913124,0.6793144528156598,0.3049277173321956,0.8863636363636364,1,5
0.93012865417400936,-0.27463329855902363,0.24379753486661232,0.10926747234691821,0.84077502873431875,0.53024331258745916,-0.35060134935758913,-0.46655535832245743,0.81203743229560643,-23.836181746822316,6.7776744630697969,5.8369594586024647,,0.2759458427426685,1.0,0,3
0.87241390563540366,0.31590851017169819,0.37295548052693933,-0.4529562266558827,0.80925702212203554,0.37407716968540222,-0.1836426801907626,-0.49528263178439297,0.84909980606821478,-0.23025189067687687,8.1505917430858563,-3.5518719455507104,0.2919446263527005,0.3168561820479862,0.5,1,5
0.77923614551086939,-0.54376263715180273,0.31162994716021752,0.44965008983428489,0.83142999926171113,0.32640305304897282,-0.4365842716376559,-0.11422062320521618,0.89238322653063651,-0.26385574065327533,-3.7566310187082772,0.36401138893679641,,0.06623568092506646,0.2242424242424242,0,5
-0.33044182429345037,-0.90515785614912003,0.26739008248090457,0.92428311463816215,-0.2529881197792026,0.28582815684491547,-0.19107308746234827,0.34159371584107384,0.92021997834511993,5.3948598206933731,1.5005605878778228,-3.3471768437965443,,0.07883284545996055,0.18,0,5
0.61993877438286304,0.69622630739920888,0.36186301952801964,-0.78287624947211998,0.51783959830916437,0.34488683424490124,0.052732286401599632,-0.49710268487332221,0.86608788622321342,0.95031857550111076,-7.4475622666435752,1.4115441383640137,,0.07241340656629655,0.1212121212121212,0,5
0.72540677653975461,0.52931338305013143,0.4400140350877777,-0.68824386381160652,0.56730479474430018,0.45220089980648975,-0.010266083765196325,-0.63086655671714975,0.77582343038862522,5.8029720618632314,-5.0092135762131935,-1.2051012164854984,0.3310087527180786,0.1464219904450625,0.28125,1,5
0.10439187169946207,-0.98172234951919923,0.15913379772250166,0.93533673301841314,0.15129369707843732,0.3197740031503184,-0.33800522627545992,0.11546187976488612,0.93403480734479793,-9.6599508929749973,13.737598509534411,-1.9184672269860694,0.1342602300231689,0.2358396633853592,0.3333333333333333,1,5
-0.075045037189603966,-0.95508003943833564,0.28668861271365503,0.94794321417798622,0.020896414235513004,0.31775305280360172,-0.30947036221118429,0.29561031466876614,0.90379347019897927,-11.604524570104102,10.243352536873902,-0.15897263681078083,0.4402602328592085,0.4026453368837544,0.6641221374045801,1,5
-0.41951503849579458,-0.86228049681577557,0.28368905034740377,0.89297232193317766,-0.3358570685800279,0.29966725170779096,-0.1631182538440811,0.37904138863186199,0.91088970845371198,17.223952995504732,2.7006201561834633,-7.4573185978933907,,0.0863241304142387,0.2,0,4
0.70336788491530922,-0.68382762976305211,0.19404481761286779,0.55401616537685827,0.69841475965910893,0.4530815732199131,-0.44535346296047429,-0.21117906208465828,0.87009407351513324,8.1153520993370591,-1.8943206593098985,-3.0088427369133273,,0.1359954616120767,0.1304347826086956,0,5
-0.084466567938577181,-0.99583191928944559,0.034412024424278438,0.94972102001706027,-0.07000997273566148,0.30516976890790942,-0.30148861178895731,0.058458465955337588,0.95167600827157339,-21.085449729603663,6.8801645680756467,4.779354629989145,,0.4547848178776402,0.1538461538461539,0,3
0.49035727691194514,0.67758180273700641,0.54811736113643617,-0.86246023242254632,0.28681893847379897,0.41700988480180007,0.12534786982294249,-0.67721325823733802,0.72503111271063314,-4.9392568664770637,-2.925930026320692,1.6146188413417595,,0.398606942206445,0.2110091743119266,0,4
0.76935509197257557,-0.57088771221590651,0.28667047719770122,0.46673979911797892,0.80873076186718751,0.35792249821578265,-0.43617278958593714,-0.14156897559354734,0.88865714579595589,-24.80099504652625,14.787388247379653,3.5666783329444609,,0.3408991708936734,0.5357142857142857,0,1
0.9012296176429585,0.20935300764012338,0.37941599132767334,-0.38594974679755345,0.78591045953418592,0.48310200014248467,-0.19704813937216187,-0.58182133665481817,0.78908552323760806,10.058969007612662,8.1285445130174239,-7.0900970901360907,,0.5843990542494287,0.4074074074074074,0,5
0.3476211469086275,-0.89188496831920916,0.28931080434054646,0.84009611938956819,0.43329332591837921,0.32633633555149499,-0.41641091293158861,0.12960747278159815,0.89989102373045615,-2.0997008728704012,-11.509229928061957,4.0372089745845816,,0.07055448309648485,0.2564102564102564,0,5
0.94264772551120346,0.091867501219317013,0.32089815800074906,-0.21297321056815019,0.90579548910822671,0.36630171101358955,-0.25701688109703841,-0.41363618571264732,0.87341137426772919,-9.041862198610632,0.71089424666276391,2.0708439258325542,0.1620452428503913,0.1325248277686951,0.6782608695652174,1,5
-0.91475688839515612,-0.290420627480243,0.28084816942183022,0.35194696774627032,-0.91418645416083522,0.20098870347122466,0.19837632678275099,0.28269946261501827,0.93847101543380751,6.826260535307112,10.713079226377792,-6.9005734176492162,0.7412406535167291,0.1932953064574492,0.5833333333333334,1,5
-0.29855967599527705,0.85153669654505681,0.43098419264136345,-0.86344928749337613,-0.43338452664443294,0.25813403493604392,0.40659248369439532,-0.29506458022323423,0.86464989776262047,-18.50637348253219,1.3804801698710425,5.5913571876097077,,0.2913349344869687,0.4615384615384616,0,3
0.95420238948991243,-0.098458082718382411,0.28249567401849351,-0.01559733280463356,0.92663316431237397,0.37564305132109077,-0.29875495493987081,-0.36284567620940217,0.88265989608400053,11.33159283538223,-11.449017013614581,-0.39893086933792238,0.4946676712435032,0.4510074502336816,0.7631578947368421,1,5
0.53318662934857841,-0.80336183090863011,0.26518255395677065,0.72727887591450291,0.59539294433305323,0.34142741320367836,-0.43217757337978469,0.010817138140543541,0.90172364646271175,19.375165736927752,6.2792963084386253,-9.4883104361679749,0.4103056163091538,0.3524614898244752,0.40625,1,5
0.59509382638276653,-0.7773137644491469,0.20407510724979258,0.66945159531437237,0.61996042152133579,0.40924764785900725,-0.44463231926183688,-0.10692234259023843,0.88930855911930584,-18.450699174869964,7.415133726365247,3.5578309828074626,,0.05592279948374315,0.25,0,1
0.77251831431150464,0.49603063891044047,0.39644553133490101,-0.63038750658867337,0.67413742634590212,0.38490300328347599,-0.076335087543193805,-0.54725892926641628,0.83347502586937117,-9.0850463701540445,9.2096752643962176,-0.88037689214269932,,0.1351000642858524,0.3111111111111111,0,5
-0.52298162846074381,-0.83500656461111433,0.17103874809204206,0.83841525050060328,-0.46784178554920397,0.27961389704759471,-0.15346036628575643,0.28963442604510498,0.94475489690658054,7.7278107105567528,-10.612812547089741,0.37554161091924054,0.3341380642671276,0.3885181636284494,0.3448275862068966,1,4
0.24608390242495862,-0.93474659489485734,0.25630356279180611,0.88400879176117686,0.32488882741917963,0.33611858905323122,-0.39745587057715959,0.14386122879587929,0.90627411846145756,1.8897071063696125,-8.0324075939967141,1.3710431400911125,0.1767413186265016,0.1478142551388191,0.3302752293577982,1,5
0.86741415170709846,-0.41778883821866375,0.27026871087522208,0.26227690229832257,0.84546784298720679,0.46518270926094901,-0.42285164767214922,-0.33262082486588168,0.84294713412318401,-8.233930511392078,18.405962859773883,-3.8697153434470781,,0.2043669147252023,0.2857142857142857,0,3
-0.94531694755896889,0.053041492928620509,0.32181123144740925,0.042319443729581553,-0.95839880306765834,0.28227787543642152,0.32339593896679292,0.28046093187177468,0.90374594458476176,7.9253184946857598,-12.532776879449697,1.0602665005273406,0.1659288191059893,0.1915770592017128,0.6964285714285714,1,5
