axis_00,axis_01,axis_02,axis_10,axis_11,axis_12,axis_20,axis_21,axis_22,location_x,location_y,location_z,dbh,dbh_approximation,score,reconstructed,number_clusters
0.97054803837219117,0.23962843100543751,0.024793552907229049,-0.24089919277203317,0.96449703272188236,0.10822685799960576,0.0020209239654383976,-0.11101211161200528,0.99381699871846085,-0.60585811445749194,-5.0897645023570393,-0.21642850558997473,0.1195128685195969,0.1255520298014583,0.5609756097560976,1,5
-0.9023340933928764,0.42950044015358585,0.036366960399937545,-0.42996679661656656,-0.90282634165789566,-0.0057576571544081601,0.030360133533021461,-0.02083191581433258,0.99932191688932781,14.45352715069707,15.833585344439223,-0.56266714314996369,,0.1224963683239889,0.2380952380952381,0,4
-0.69477767334622642,0.70359205600652963,0.14913820216198387,-0.71745146000234505,-0.69255238926410012,-0.07506391053688817,0.050471647091294973,-0.15915214999832875,0.98596308551121825,3.2216806397609457,0.62999457996741193,-0.56637404026470817,,0.08485625616035483,0.3235294117647059,0,5
-0.25529635591261268,-0.95334610880167348,-0.16110545456454442,0.96576433797858396,-0.25938197668274043,0.0044981841828154283,-0.046076177646683279,-0.15444153264216948,0.98692694706782114,13.761017040778549,-17.769607777107339,0.4487566593744835,0.9132044801084136,0.5219850731434126,0.4680851063829787,1,5
0.95288025888527816,-0.29880499151255396,-0.052295212724547152,0.30167100186722301,0.9153336679828098,0.2667562237128861,-0.031840522281348843,-0.269962688726268,0.9623441836663913,8.9297699560252699,-27.191515033201291,1.0867375047633629,0.3465103806646023,0.2987908633467612,0.2222222222222222,1,5
-0.95628718498789633,0.29145976331165263,0.02379130509748786,-0.29134961115631619,-0.95658278289741105,0.008048822479686607,0.025104260733783242,0.000765398302512433,0.99968454537341456,1.7136873837739655,-2.966890601594022,-0.47851416411621256,,0.08029307580695175,0.1308411214953271,0,5
0.66401441850787757,0.73735550708966913,0.12406332325946284,-0.74760852213677953,0.65185094105270291,0.12716858211510537,0.012897660334551187,-0.17719256985901757,0.98409168452164664,-13.658814453792687,7.2583787845653198,-0.087860924480665917,,0.09438472468442657,0.2619047619047619,0,4
0.4990598092666248,0.84879399597988736,0.17460830210289408,-0.86627241572923419,0.49391575531108128,0.074962179811701737,-0.022614343266999196,-0.18866896682809223,0.98178032799329584,-8.8691971755837127,10.746819294884112,-0.21195356615945343,,0.2052838930576033,0.28125,0,4
0.86263496498281744,0.50468086250533428,0.034031517890988031,-0.50559670342964669,0.85825881353457834,0.08811232871336333,0.015260755884513586,-0.093214998852597292,0.99552904192632341,3.9962810321859141,9.9388324983764456,-0.47563388586838024,,0.07345208989340671,0.1818181818181818,0,1
0.97621319070656487,0.20503562051603857,0.070485463821362532,-0.21680348481426878,0.92616525268962568,0.30856794014082661,-0.0020137683329274538,-0.31650958757984993,0.94858717348862387,-1.0018785991029826,-6.8385756086065568,-0.069587109227467137,,0.09882102550677385,0.3333333333333333,0,3
-0.90188834712338384,0.41584654429889201,0.11691475919540267,-0.43126997154885316,-0.88221491870202295,-0.18895250424335083,0.02456869885241969,-0.22083588660870226,0.97500148216423077,10.646451245963544,-7.3738385659746042,-0.076397636397950844,,0.2443219014334633,0.1153846153846154,0,4
-0.71877204059512478,-0.69093096352974848,-0.077337942140803251,0.69499100223216204,-0.71103790378153719,-0.10682980016031625,0.018821808495883257,-0.13053544737660969,0.99126496785830864,-22.144720047746798,13.591713159294985,0.029838987315170658,,0.3392892871718431,0.3,0,2
0.99996458114377207,0.0016284040142693075,-0.0082574062711660463,0.00074837664355202247,0.96001494558040112,0.27994775261584021,0.0083831014761940586,-0.27994401683662856,0.95997972428953626,13.572728413149415,-9.3447174313362744,0.059482408146143806,,0.3450034412230078,0.1666666666666667,0,5
0.9941355297075527,0.10620435237631523,0.020376067074166029,-0.10793965610536514,0.98601024200853915,0.12701509081253898,-0.0066014553652161082,-0.12846960025854173,0.99169147550862391,3.6867142364627878,2.9415814249982462,-0.59179233857323754,,0.06772971830233961,0.16,0,5
-0.090491188403460585,0.98889091879703195,0.11792410924866439,-0.99459593449123918,-0.095788418847491827,0.040043799872095269,0.050894714016569226,-0.11366322859860609,0.99221489534763208,-12.299724202585221,10.810146302272186,-0.17290712350328127,,0.7116788578825006,0.282051282051282,0,1
0.98631855866155416,0.15210408872794184,0.063561364302831588,-0.16396144557582579,0.94513775482238027,0.28254427754600991,-0.017098105289195076,-0.28910027776111452,0.9571461143388541,-19.507192017825005,6.5335842079380217,0.16718614468481277,,0.248776542421581,0.4857142857142857,0,2
-0.80699292899155206,0.58970844868800676,0.031723147757109084,-0.58962342197357953,-0.80757417809671672,0.012967927034730103,0.033266091110938034,-0.0082396855156145771,0.99941256484236873,-5.1833318949596592,-18.986274546009124,0.90294858561748992,0.3566083226247426,0.3165031671741497,0.7926829268292683,1,5
0.56329530525842686,0.82412501523734616,0.059298889819795197,-0.82555228061851171,0.558403810606381,0.081539047491665156,0.034085642716405663,-0.094884896376176628,0.99490453079694685,-5.4698929563456957,-4.2847030523246898,-0.14057540765165943,0.09783692798647187,0.1024411346575676,0.416,1,4
0.66196184674071901,-0.74377218560463843,-0.092787118613065447,0.74817218591461088,0.64820502499941601,0.14166377726595719,-0.045220500697903843,-0.16319675697269445,0.98555665734153775,-15.232484685341298,1.4917748928474321,0.14962836590561843,,0.116078808914177,0.1875,0,1
-0.27574450840066483,-0.92642752326225686,-0.25631428018945002,0.96004578830556853,-0.27867033533858221,-0.025591572031079146,-0.047718449719321043,-0.25313018062736492,0.96625465650207476,11.02457229278324,-1.3448935829581254,-0.40278736325998549,,0.4290335888934729,0.3148148148148148,0,3
-0.054933549150119755,0.9514370118846982,0.30290248858946145,-0.99670226443204302,-0.070396296521802293,0.040360345787086291,0.059723540198234122,-0.29968645924020637,0.95216654262490197,-1.6687189387084085,-16.859303809817987,0.65110547470376512,,0.3459792637624574,0.3548387096774194,0,2
-0.91533697607508713,0.40139660403489225,0.032233313496629404,-0.40161502728256954,-0.91580852838684557,-0.00033044627788127856,0.029386903384622489,-0.013247852776107528,0.99948031711799445,2.2376340042104821,3.202799582830131,-0.58092254187257242,,0.07279606309593567,0.2180451127819549,0,5
-0.66921217523491294,0.73899010156226008,0.077773352186698952,-0.74235694730792434,-0.66948522592501647,-0.026376031767290972,0.03257648386513827,-0.075386749904275865,0.99662210021545006,-5.381046897066728,10.840303721388688,-0.35121998542576865,0.6887648560111077,0.2916820027034062,0.4090909090909091,1,4
-0.95811220162474708,0.28533465124023721,0.024599713400641793,-0.28554399322231228,-0.95835044484293008,-0.0053900653071963832,0.022037173875922647,-0.012188587734922759,0.99968285035634774,4.248791228749405,13.449993232728039,-0.45770622052899773,0.1617050483167158,0.1241847734622489,0.2105263157894737,1,5
-0.46994469581132781,-0.87746104946094017,-0.095990049263992294,0.88052372872090412,-0.47363242565717245,0.018715996514710107,-0.06188655781536101,-0.075726032809122545,0.99520632128054609,-2.0661076133704457,12.266822316046513,-0.42385250269198366,,0.4645282390462148,0.5555555555555556,0,4
-0.99888973665221015,-0.033091954545875338,0.03352933872315414,0.03047224810182779,-0.99665436225092174,-0.075838804723105738,0.03592681598053088,-0.07473288934961933,0.99655619969119602,-4.9528124622462038,12.593147427486246,-0.36484504132377527,0.6120476646370845,0.2845725702291831,0.2619047619047619,1,4
-0.94246327998202917,0.32172822322325539,0.090851066406079581,-0.33293578585776284,-0.9278793448574717,-0.16790974921707949,0.030277522699002392,-0.18849634417801267,0.98160704961340572,3.0897816940476748,2.0608089303289407,-0.56704175446911853,,0.08061804478408456,0.2698412698412698,0,5
-0.66843768353957755,-0.73881993341935626,-0.08565144018907532,0.74318574350449274,-0.66802709462179521,-0.037613182567269872,-0.029428113699640001,-0.088796997884965534,0.99561492520487049,-9.9511042680385486,-20.452805081649302,1.1775760492428502,,0.1956363492607258,0.4736842105263158,0,3
0.52672635365382681,-0.84960309911394583,-0.027091001135467363,0.84869166868075219,0.52383588240274626,0.072927497003641373,-0.047768188979945392,-0.061404741537720367,0.99696923615438682,0.09286457520339407,-2.2302470881801035,-0.53590127851778413,0.3957786068382114,0.4102208654706206,0.7648970747562297,1,5
0.96954356289313892,-0.24352321539316388,-0.02610982989322292,0.2436724201995249,0.94837028265652379,0.20302107922108045,-0.024678559248558184,-0.20320002593149605,0.97882619405840143,-2.8079730013812272,-10.809615763328281,0.25367750225253322,,0.1358812167722933,0.3214285714285715,0,5
0.023036782028987221,0.98822655177083807,0.15125339351191058,-0.99848425891726156,0.015178720745696759,0.052903602249488438,0.049984911405311604,-0.15224286128303061,0.98707832506856319,4.6135209066547871,8.8923651237914871,-0.46117665977320788,,0.07316085989042831,0.2121212121212121,0,4
-0.23400596198350049,-0.96438698192155914,-0.12328405759222662,0.97222351373616189,-0.2327349246752648,-0.024817215293233382,-0.0047591065010489453,-0.12566703599841053,0.99206106010098327,-3.2780921285062048,-11.81940682296136,0.34443196731075143,,0.1278016708500106,0.4,0,7
-0.34173473161811552,0.93825079518639465,0.053877811184125241,-0.93836441115297375,-0.34381645466595145,0.035531357734659881,0.051861402675084385,-0.038414721566521565,0.99791517880005187,-1.9568749916817718,8.5923991415008381,-0.48678058920837675,,0.1032055618203878,0.3703703703703703,0,5
-0.98774105252796951,0.15541798717031646,0.014589805168905382,-0.15597400055983832,-0.98638916249140185,-0.052043551655046268,0.0063027216580476293,-0.053681182768631971,0.99853823477935133,-6.8471424512139487,-16.136305213925692,0.77919775218592802,0.4088068468388586,0.4518364934831343,0.9051094890510949,1,5
0.083928771604058969,0.9827163075889005,0.16499884877134932,-0.99542009467266168,0.075077455409882393,0.059179479644940053,0.045768946010395085,-0.16921003069562396,0.98451671854422207,-15.312936462430066,6.3720243371607888,0.00064414488640585608,0.6881864889269037,0.5418726889510654,0.3478260869565217,1,5
0.85432643401970565,0.50395648778092184,0.12709918394187572,-0.51953162825683141,0.82118954065094663,0.23608181964372624,0.014602444178242167,-0.26772298509654519,0.96338526658601975,5.4056828134931125,6.8763615377112259,-0.4665295093707526,0.4833207562471658,0.3667636879765442,0.1733333333333333,1,5
-0.38630270465956218,0.92116972980993939,0.047080242720162396,-0.92113793941628419,-0.38792249639966053,0.031953612549705808,0.047698185925971352,-0.031023630814873852,0.99837989632726154,-3.1616474748242585,5.4565396443830032,-0.47752848654937652,,0.08381348960964168,0.3372093023255814,0,5
0.72678746305064845,-0.66759929835438458,-0.16152758398841838,0.68571974892666143,0.69167016980075713,0.22667333795519101,-0.039603149929756443,-0.27550599457094405,0.96048323122848744,2.0911885134431638,15.456501309827877,-0.46244497199641876,,0.3021980276897399,0.25,0,5
-0.77116452432036109,0.61665870320941885,0.15823185578709656,-0.63067723965402389,-0.77390024131675783,-0.057659655498836594,0.086899342990218092,-0.14425831083837587,0.9857170202151968,-0.68714500278825463,-18.483853641613827,0.74190675135572814,,0.544057956639336,0.6511627906976745,0,4
-0.77675674835922914,-0.61975744768107033,-0.11202526466044514,0.62710979158897662,-0.77752939610010907,-0.046704897959748935,-0.058157228025651979,-0.10653048504557591,0.99260716931942772,-14.901664084067574,2.2652550800877451,0.10402904209311789,0.5826673583140695,0.2249640415017929,0.2,1,4
0.84138138264741547,-0.51294651472097197,-0.17018590414581627,0.53750661893367091,0.82701352760435243,0.16472783541920413,0.056249475880357107,-0.23007498385311367,0.9715459321453479,-8.8525413806410853,-5.0013870963491431,0.10568844651721353,,0.2285100534496573,0.2173913043478261,0,2
0.42497189638360366,-0.9025205690141801,-0.069681488147457699,0.9038106282795545,0.41878410056068671,0.088012642992322837,-0.050251721294309881,-0.10038176938018857,0.99367915590650402,-18.090002384171374,5.2464089991391241,0.15607467586357529,,0.08940836135496766,0.4,0,1
-0.99466374423632198,-0.10296650650638253,-0.0064756806323570341,0.10306840562547226,-0.9889415637496175,-0.10663717574225819,0.0045759877189812097,-0.10673557057669802,0.99427691228855541,5.0456418556540985,-3.7497684936759934,-0.37053334144538769,0.4476286143470001,0.2579864432898359,0.1958762886597938,1,4
0.24061027353942291,-0.96349320628831447,-0.11742034620775101,0.96926215354046963,0.23210760277476211,0.081590063416112829,-0.051357316726793736,-0.13344250511144193,0.98972497384283853,-15.023158640931381,9.4417897897154255,-0.065030984630803534,,0.6520967528984143,0.5765765765765766,0,2
0.77757321399054558,0.61278080624954823,0.14099496578448328,-0.62784388346859232,0.74431822590491092,0.22760148632388902,0.034524699498917961,-0.26549964609754279,0.96349259625935357,-4.282343862076905,-15.402618918721103,0.62167896421103896,0.300785668963116,0.2849828098513178,0.1971830985915493,1,5
0.95400558050707118,0.29404475371849531,0.058404068111699167,-0.29977059824100583,0.93351994072891453,0.19666750797148455,0.0033076867439445056,-0.2051297225467677,0.97872920470183733,-8.750938058323964,-12.578361332839448,0.57941322145739793,0.2831009916443225,0.2613974000040071,0.46875,1,5
0.053534661974207517,-0.99713736357106053,-0.053395862553766334,0.99717616208050808,0.050563420158406341,0.055525150339931127,-0.052666324588819119,-0.056217601446858306,0.99702850487930739,10.939795351138066,13.174978483062814,-0.53332818640762947,,0.2168426278226119,0.25,0,6
0.90014166347375202,0.43494577437395432,0.023815100943462706,-0.43522607922431583,0.89577288910485897,0.09038357764418993,0.017979033392691177,-0.091722976941304754,0.99562224254949694,-4.2649955267030597,5.8567136135309026,-0.44318256387017141,,0.0880619888485,0.2911392405063291,0,5
0.26700887110381882,-0.96357351916300504,-0.015242569326975011,0.96225712757799753,0.26571396821205845,0.058798873478531431,-0.052606873858910837,-0.030367091807162405,0.99815347344883287,4.7939617712935192,-9.81001020447526,0.10984093375530336,,0.07011924839853109,0.2564102564102564,0,5
-0.99956475813565393,-0.023381541546397308,0.017988824534246231,0.023362604701352683,-0.99972626036021606,-0.001262159951976143,0.018013411525253424,-0.00084134481048996838,0.99983739135127891,0.63669383229940113,-18.778962649179132,0.73958932620750317,0.3085784967522748,0.2996868010358674,0.6956521739130435,1,5
0.2760891932377274,0.94219089736800787,0.18987119395581703,-0.96022265067599755,0.26180075235388151,0.097122742937490791,0.041799742895154167,-0.20913316088991826,0.97699339941991925,-4.9319962835978632,-7.4644218896680004,0.048056919191211356,,0.08488172515973588,0.2291666666666667,0,5
-0.70686881811326785,-0.68940356709822859,-0.15830096541522196,0.70715354109641004,-0.69395574626004741,-0.13549646322863895,-0.016442119509388727,-0.20772131307331029,0.97804985189975902,12.542808335492913,15.324822666680731,-0.52312238369430897,,0.5447059681447848,0.2413793103448276,0,4
-0.87599700849086037,-0.48038739607811803,-0.043095136667023429,0.482241025691928,-0.87393765320626293,-0.060634737963706678,-0.0085342987211175711,-0.073898091975473451,0.99722928043039527,-9.1508302106165704,5.4452133200005246,-0.32220453237715879,,0.1583399561679927,0.2619047619047619,0,3
0.99962619011910325,0.022121379357092658,-0.016066256667472353,-0.016652224116216974,0.95869930547895854,0.28393369843353444,0.02168371416406302,-0.28356002230480515,0.95870930437257618,13.908888526643684,0.80503923111534725,-0.39985273670307586,,0.6641151501148178,0.5271317829457365,0,2
-0.82219543271712814,0.56652822028100203,0.055140239792130848,-0.56796158882687597,-0.82294078351861,-0.013714971346156266,0.037607233829997394,-0.04259392500128955,0.99838442171171682,1.1366337155540696,-13.282012261009084,0.3755100855242115,0.3812356427491905,0.3872626433802854,0.8523489932885906,1,5
0.71804799795942353,-0.69304730656398039,-0.063972677690373486,0.69473651121438151,0.70819506843768698,0.12570173040260793,-0.041812110830882862,-0.13470403076727996,0.99000331892520155,9.1658557014637747,5.2633827225475258,-0.43797089631540398,,0.08522058490721467,0.2608695652173913,0,4
0.29251021470598948,-0.954851225646279,-0.051931793483901222,0.95477157311070804,0.28859191364325582,0.071595744003589673,-0.053376188252439422,-0.070525486609609875,0.9960808894191866,-17.544018014884095,9.7741962065720625,0.02899078833167866,,0.1135921651245546,0.3478260869565217,0,3
-0.86858327399352675,-0.49204500383397221,-0.058777634698160434,0.4942369365780197,-0.8687848638238107,-0.030703597714525244,-0.035957567501966735,-0.055718709538783287,0.99779881676952931,4.9413748464556457,4.1161897297616994,-0.56943866158367928,,0.09213443356064367,0.5154639175257731,0,7
0.8243183247900544,0.5635037945711977,0.054431359703563047,-0.56579861216772342,0.81675182740969854,0.11308573248644146,0.019267326861693385,-0.12401582933955785,0.99209316305920858,4.5998431230176893,-13.787701723252967,0.35757509422986955,0.5595747770427534,0.5635717799280114,0.684931506849315,1,5
0.89276225497097184,-0.45001616065245781,-0.021471172552197298,0.449395905195418,0.8861303126254565,0.11320949359440532,-0.031919844810649599,-0.11071821981016484,0.99333911596661284,12.952487492195175,2.7798377479844083,-0.44181247649152511,,0.09842750623947941,0.225,0,5
-0.99655514733854056,0.061199040624814974,-0.055968881886828012,-0.054794398930631968,-0.99246777419624099,-0.10956865896683193,-0.062252808441790125,-0.10612442983856925,0.99240223358905655,-20.367183568936177,1.5807577986455907,0.38321735882363156,,0.1490215895286108,0.1111111111111111,0,2
0.43980635107108151,-0.89460980586890437,-0.079016889338566543,0.89666627204001015,0.43244824751799327,0.094752888106318767,-0.050596147515525484,-0.11252470156289694,0.99235992532687944,10.315399809240393,10.72345675858476,-0.502829997374585,,0.1131834742061609,0.2647058823529412,0,3
0.0041464313159719698,0.98355911765831994,0.18053883011288102,-0.99875212882751629,-0.0049122208794385577,0.049699650386442737,0.049769390892846516,-0.18051961709802461,0.98231139440247595,6.956936094467201,-1.4600024607180546,-0.45666608727867741,,0.3138348529310676,0.4,0,3
0.99981329555314347,0.014779408416686715,0.01244761511351807,-0.01576312002325252,0.99642149285953363,0.083040548015472115,-0.011175781059686427,-0.083221257226925902,0.99646842612461894,1.3215865113788277,1.1946285989024612,-0.58273131288620439,0.1910586470904159,0.1776980567201054,0.6942003514938488,1,5
0.94435695428107158,0.31857192870460721,0.081864944526974306,-0.32849697026391966,0.90080263414515871,0.28397949722571392,0.016723738469714564,-0.29507039932628021,0.95532914538028546,10.755922055141516,-5.9640023887198907,-0.15536803031429866,,0.2401355497107566,0.2222222222222222,0,4
0.26938187974092154,-0.94711065993128984,-0.17439839652864303,0.9616949385804332,0.25501519791341404,0.10054896290841127,-0.050756753009058291,-0.19480412387240767,0.97952800130791517,-6.4460640690521505,5.7381119875565361,-0.40524088110152007,0.8242467621340495,0.6590326430111746,0.1529411764705882,1,2
0.96762949042871382,0.25183576813068292,0.016489849686932755,-0.2523136661284508,0.96388585861864018,0.08521657960648843,0.0055662498586880041,-0.086618689929121362,0.99622598812592456,5.8433591076946323,-11.678360734486219,0.21854247878585215,0.1853059464876518,0.1626098263461504,0.6307692307692307,1,5
0.82150395822317435,-0.56789064873042183,-0.051297735897392754,0.56967251645334227,0.81353279741245288,0.11678018467183009,-0.024585984246612902,-0.12515829424696831,0.99183210815128175,-10.373651772040295,-13.375484166101586,0.7075507380670919,0.3879568723811074,0.3660386095135009,0.7352941176470589,1,5
-0.83531720760936157,-0.54956100199322666,-0.01509528932810332,0.54893111531305283,-0.83524546164756119,0.032243595306976909,-0.030328094448321494,0.018647355988261279,0.99936604044853394,4.867144013386314,11.642903340405539,-0.45323109291064362,,0.09118671804317381,0.2352941176470588,0,3
-0.83577783109658355,-0.54300260768735431,-0.081385410807002637,0.54888107414833032,-0.83012957945438193,-0.098053290391843517,-0.01431724447184279,-0.12662167807932909,0.9918477540182814,0.4439845696205752,-20.723063719019169,0.87486716506511464,,0.1042106096111326,0.4285714285714285,0,4
0.87029613477836587,0.49193176958605489,0.024244006718573984,-0.49224115097936666,0.86705134814983464,0.076945493396717426,0.016831134018426085,-0.078899263263279756,0.99674049741352788,-1.055787590756704,11.832736276851035,-0.4526029904111738,,0.06732699444091612,0.3870967741935484,0,5
0.19349118806866233,-0.95226925139109209,-0.2361025899790743,0.98016236459582629,0.17709509780810259,0.088989130584903528,-0.04292900149893969,-0.24863748548315864,0.96764482205141589,6.0172998141469849,9.8818694546762806,-0.43922451762086112,,0.1653435125837395,0.3333333333333333,0,2
0.68342812138697906,0.72953626324467979,0.026511195907656118,-0.72950973575695599,0.68114730600177165,0.06207973068841352,0.027231385078276122,-0.061767209241787142,0.99771903035333587,5.2921519245169444,-8.195126684725329,-0.021037143540132235,0.1850442707770067,0.1505420415405754,0.6626506024096386,1,5
0.85070918081765234,0.52158056582157086,0.06517363753703273,-0.52534087562316123,0.83951076062560703,0.13870345054577801,0.017631054195619222,-0.1522346746016319,0.98818710261614251,16.169511367701762,-2.4227579119100566,-0.27230635843255679,,0.323266278133817,0.3698630136986301,0,5
0.049583550314088037,-0.9928426580876667,-0.10865048467294819,0.99622428467877455,0.041401642013791512,0.076309099423500629,-0.071264620636850073,-0.11202392744399785,0.99114680725183579,-17.020310900036037,4.7887400070682746,0.098531360891692552,,0.2293509647054478,0.5223880597014925,0,5
0.72346857406731835,0.68583625565736217,0.078878721863938822,-0.68983657247667096,0.71375148646201325,0.12117887128911355,0.026809058369101066,-0.14208253235058241,0.98949170203201109,7.396043354944104,5.605477740162935,-0.4455867470323418,,0.07219085949601288,0.3170731707317073,0,5
-0.84539256320908318,-0.53413590834531466,0.0032008572137426283,0.53386248749827447,-0.84473442392657738,0.037611134994703053,-0.017385583479771861,0.033504991412630282,0.99928732456561709,-8.4459155134812125,1.7384028939548013,-0.26644916751962117,,0.07217831486436192,0.3897435897435897,0,5
0.93168355074402909,-0.36275405096193569,-0.019371623156128264,0.36187481993023624,0.92211180781453628,0.13695411125434234,-0.031817856204604943,-0.13460799530381884,0.99038796015845743,12.350510671190177,5.881584027642651,-0.47025371579383052,0.33810193590129,0.1323294725188796,0.5,1,5
-0.99988409351793017,0.0042926479258830353,0.014607282554012831,-0.0049489483456165379,-0.99896595796918952,-0.045194277613137518,0.014398174887838233,-0.045261329990239296,0.99887141543214419,11.684521873280966,1.0825912681366485,-0.41365159485800868,0.3313354559593192,0.1295854387657178,0.2692307692307692,1,5
-0.45483315968729549,0.89000950114715149,0.031778683369066522,-0.888952730809351,-0.45586857795838442,0.044123486000086608,0.05375722496065647,-0.0081809228086198605,0.99852052220599397,-9.931763798042768,2.8367525999280208,-0.26462084587747181,,0.0697113993484916,0.2743362831858407,0,5
0.11763349381973202,0.98861913731848283,0.093779328529375136,-0.9918208288817959,0.11225138017484845,0.060754185411935606,0.049535891311142062,-0.10015901844816093,0.9937375742596789,-12.027224897068667,8.0676081327944011,-0.19378083076985175,0.234593810107188,0.08896750534925171,0.3243243243243243,1,4
-0.53938616552355911,-0.8417945793937408,-0.021081995757209621,0.84123213040824718,-0.53979682564628173,0.0307878188737029,-0.037297013427269536,-0.0011283286369746213,0.99930358733664792,29.63332073453499,-1.0387568412146302,-0.1928964773849855,0.6857752169294227,0.6280656998743053,0.974025974025974,1,5
-0.94915976420405279,-0.31463253961705934,-0.010104802334886441,0.31465081363182607,-0.9472661999123968,-0.060676288485354578,0.0095187970320506389,-0.060770975947796957,0.99810634753287486,8.7593785749935762,-13.785825972331031,0.31643064172211288,,0.6569622024859241,0.5869565217391305,0,5
-0.90326302018446125,0.40548372298148094,0.14035265143317596,-0.42789186926184669,-0.87559685508762863,-0.22413990180299614,0.032007258346316646,-0.26251304302402101,0.96439744797226656,-6.8440056033702525,-7.9488322478619464,0.1395848543651429,,0.07472458193056476,0.4444444444444444,0,2
0.30681821349271277,-0.94595423135311962,-0.10503892637622195,0.94965679636246803,0.29692059675099652,0.099950629550829034,-0.063360500248303045,-0.1304176039120534,0.98943251189665515,22.459642356996849,-12.733138786138305,0.29178798187831695,,0.2627897471258666,0.4615384615384616,0,4
-0.39773085361601829,-0.91741639656566898,-0.012542862286426112,0.91674903059242152,-0.39792103426184799,0.035072288203601455,-0.037166960996679287,0.0024506742835500275,0.99930606482990347,2.9408004002774004,-3.4751990334564558,-0.418772140591188,,0.07170851112694202,0.2818181818181818,0,5
-0.97626151363189317,0.21379245061958407,0.034731038844798771,-0.21518876241982954,-0.97561530232752447,-0.043227056256438239,0.024642514672582754,-0.049674640637328661,0.99846140463623623,-7.1845599230143851,13.490760643300622,-0.30183439831021142,,0.07928170983920019,0.1176470588235294,0,4
0.96539740105950389,0.24533942740227241,0.088410538905045813,-0.2607769984748044,0.90587352149652645,0.33374918744163945,0.0017930683275859791,-0.34525603313107772,0.93850682282685893,-0.1638537728964688,9.2518774844728942,-0.50940068564335561,,0.3689301316749012,0.189873417721519,0,1
0.41505823740597847,-0.90667951208451014,-0.075225806261126904,0.90783175572754571,0.40731569322525507,0.099676623864733208,-0.059734101266227933,-0.10966397958593394,0.99217218703574428,10.089619858461836,7.3164910360450959,-0.45526722054276791,0.2417015307951927,0.081053814501171,0.3684210526315789,1,7
-0.6563032642591935,-0.75370436827816722,-0.034579626388035953,0.75397789110748137,-0.65686251564179654,0.0069982330517261316,-0.027988659200513386,-0.021479310583441508,0.99937744329808564,-2.8756504101826845,3.0505978597086951,-0.53410450960477007,,0.1137933044913624,0.7035490605427975,0,4
-0.75025444879717906,-0.6463099151863344,-0.13929018483681818,0.66072806476887191,-0.74046648789478298,-0.12307641825933958,-0.023594204517702305,-0.18437156460962112,0.98257337623028362,2.0475980248975314,7.0306061359477914,-0.56197830526168102,,0.09006710354033361,0.25,0,5
0.59169898716788261,-0.78980181484844225,-0.16157166164463235,0.80477391262848197,0.56695375543823412,0.17579075273496783,-0.047236195201831317,-0.2340438686583963,0.97107785960048787,17.113151524520486,7.8553634219742365,-0.51848215938036768,,0.1925544935784508,0.25,0,1
-0.71478914550478689,0.69369205078185647,0.088700711105373975,-0.69795592913197047,-0.71558902096907517,-0.028104698149043848,0.043977249323540045,-0.081998120408842773,0.99566174466600499,-1.9025056755837562,3.2774374654441396,-0.54743408095690893,,0.07591697303420625,0.2354948805460751,0,4
-0.80472823825190654,-0.59363673236651815,-0.002809367399573136,0.59362401156132916,-0.80465474422357075,-0.011885936914507261,0.0047953579447091062,-0.011232657018868939,0.99992541319764416,6.1457827678730084,2.9780791855621804,-0.54362329441970214,,0.7496550580998615,0.913322632423756,0,5
0.40844615868789547,-0.88498083013254825,-0.22356356087477472,0.91087049572129186,0.37933193394051096,0.16254914308417892,-0.059048077678715526,-0.27003002460996511,0.96103959873232647,-14.43169872700121,16.114751843757922,-0.18786636582813548,,0.3454518207531334,0.2666666666666667,0,3
-0.85003498418049384,0.52611332859129545,0.025402581519501088,-0.52663347222814239,-0.84980141439543344,-0.022242797046493099,0.0098849177132561972,-0.032285005344719023,0.99942982086372323,-2.2095320420362374,14.198201229445111,-0.42878627092396582,0.6098547610430285,0.1588116734118042,0.4210526315789473,1,5
0.8566941889583316,-0.51018873645385265,-0.076042881327896397,0.51403245313432089,0.83211171339349066,0.20823240275726182,-0.042961654178343398,-0.21747999822735767,0.97511883718923709,11.211557793681946,8.3555494313128325,-0.4774309217094761,,0.2408062915619513,0.1081081081081081,0,4
-0.99321821187770565,-0.1144102830194552,-0.02068503647230166,0.11621655070027574,-0.98210745406220801,-0.14818455391429239,-0.0033610917545501898,-0.14958354125656931,0.98874337785259592,6.3924358016732876,-24.242671925486526,0.98634212812204292,,0.1462645044080329,0.2857142857142857,0,4
0.27186262959939345,-0.96221238527521191,-0.015428423454507059,0.96099441488980586,0.27060243354435365,0.057131930743455954,-0.050798082423496538,-0.030358665696342529,0.99824741734663902,-9.3309588892358768,1.1664025091863743,-0.21202782609894791,0.3120540175336424,0.3058930246435622,0.9332425068119891,1,5
0.069632763340927759,-0.97996693723058781,-0.18659067555589928,0.99698602791055835,0.061949755487837918,0.04670211928943023,-0.034207286075242059,-0.18928029408762448,0.98132707689611254,-19.933834890675648,3.4124054816256559,0.29998761291167464,,0.2278558978160517,0.28125,0,4
0.72556468492541493,-0.67459148966303717,-0.1359492922500474,0.68645853987983485,0.69565339456325348,0.21175700143954862,-0.048275884405465756,-0.24696695468590105,0.96782062505303301,4.3794734223800438,-0.94912868862772304,-0.55057493038574656,,0.4547281989738766,0.4234234234234234,0,5
-0.95918259190447486,0.27001374954459145,0.084031722844904233,-0.28021204480856954,-0.94752767809801897,-0.15385873125167721,0.038078410308369372,-0.17112531751627552,0.98451315906560644,-17.340395067059372,2.2207603537811016,0.23986302815080274,,0.3552506242602231,0.4782608695652174,0,2
0.56275195220491481,-0.82466925170148964,-0.056840703616894361,0.82544426464079634,0.55694227338881419,0.09196232970143782,-0.04418151492619745,-0.098670813367508908,0.99413885565760973,14.647718872403317,-2.683898997015588,-0.29145837199130431,,0.1107921867969206,0.3863636363636364,0,5
0.98813177495115911,-0.14725178985082396,0.043732204581979003,0.14017584254309509,0.98083639834287217,0.13531700873547101,-0.062819809767339641,-0.12758083739931658,0.98983675493956291,-11.342477994783712,0.79292289425124085,-0.10866538640109467,0.1230940447010187,0.2438431192649566,0.6071428571428571,1,4
0.78124193301339628,-0.62049825403287284,-0.068139260662610501,0.6239994920964107,0.77333325667159036,0.11216197211681501,-0.016901951511956548,-0.13014449995242922,0.99135096366888098,12.420932562288657,-2.345357246969022,-0.3386180281942458,,0.1215424514100479,0.2307692307692308,0,5
0.010584347836167849,-0.99523105698787728,-0.096969659108795792,0.99847643380230666,0.0052670040591612198,0.054927860049972237,-0.054155172627474546,-0.097403294990641057,0.9937705043935724,8.2751480871377385,-4.6529765947059039,-0.24599187729424674,,0.07865014025754077,0.4,0,5
0.75832311614652192,-0.65126193631050844,-0.02835386800625516,0.65081860954063719,0.75389350625362916,0.0898872555160148,-0.037164351109908914,-0.086616808655692726,0.9955482607412276,-3.0832088213970743,9.5129150375910179,-0.45472709288785335,0.6240076080648429,0.5006911327788917,0.970917225950783,1,3
-0.85406338203030296,0.51946346072077632,0.027082327280983406,-0.51864030557556451,-0.85438714477450606,0.03216893340711828,0.039849377754806008,0.013428321565284366,0.99911546243289295,-14.982061170545892,3.5380705187846764,0.046154403272583001,0.5112449893291265,0.5355498369367591,0.9475409836065574,1,5
0.28863522285197285,0.95189370465695688,0.102898411861631,-0.95617419612667376,0.2810616634112556,0.082068556841262047,0.049199743807272503,-0.12207668243752387,0.99130049370226125,2.3928023342389833,10.283830467630811,-0.48843906960788791,,0.1444194381282775,0.2631578947368421,0,4
-0.013470792410155294,-0.99932689186894708,-0.034121854278370452,0.99871486754022387,-0.015114309635063055,0.048375313935635551,-0.048858480389368984,-0.033426349364046488,0.99824622616979475,9.9411735946031605,2.28465333334906,-0.45540322051560517,0.6270196956632557,0.7622117865552138,0.5030674846625767,1,5
-0.83909455495450602,0.53432524580098817,0.10206301752061286,-0.54243314127254416,-0.83600590880194192,-0.082827578121295875,0.041068419678626539,-0.12486253300310904,0.99132372752655706,-13.726087071933213,11.831320987031651,-0.15058502290401068,,0.1639233312410577,0.3658536585365854,0,3
0.71394754317355602,0.69818225385494337,0.053107871341962737,-0.69893412197138616,0.706047570061484,0.1139645644679147,0.042071352967674967,-0.11848362423687611,0.99206432858316418,-12.352082249053367,2.3740551046634706,-0.076569003391895527,0.1304745880781667,0.1505902768654442,0.3777777777777778,1,4
-0.57177569134720196,-0.81935043734837476,-0.04168236559332026,0.81971102153853492,-0.57264754004312635,0.012191638561198708,-0.033858528507304593,-0.027196611913658651,0.99905652710331516,-9.4707735127536914,-15.553016561444734,0.7987356443862712,,0.1844577974973153,0.7317073170731707,0,5
0.91868612055353216,0.3934435695551306,0.034899419451014865,-0.39490734585644988,0.9131158929234352,0.10132894097567471,0.0080000056821876563,-0.10687152879207169,0.99424065308290932,-16.228011522992784,1.8324035903326001,0.21123758594996261,,0.09385851973395483,0.4333333333333333,1,2
0.98565908930963786,0.14735477719933301,0.082235815177024579,-0.16506438011813659,0.94318289598527194,0.2883743662967479,-0.035070073816719463,-0.2978130191200018,0.95397981926512432,20.972697010130478,0.4366711910604284,-0.38743223520252701,,0.3729460522354149,0.171875,0,5
0.8846897812718959,0.4526392121119367,0.11154252360319963,-0.46373873538858684,0.8789495331019227,0.11132880831171657,-0.04764846496246633,-0.15021804791235277,0.9875040060010507,7.8477106148000759,-8.1666720253848659,-0.0063916806190259167,,0.2079426595134714,0.25,0,3
-0.43542873155709327,-0.8988222995819376,-0.050202524924726433,0.89933865652396439,-0.43679549675495949,0.01999187075434793,-0.039897376057217028,-0.036444036395895239,0.9985389484616628,-4.4423932262008936,2.0051801522237911,-0.46946752229595723,,0.08509936514822927,0.3303571428571428,0,4
-0.0187183480770153,-0.99951464979135984,-0.024901572193788187,0.9984297553262883,-0.020001650640517135,0.052325497138035242,-0.052798173494501874,-0.023883023763951225,0.9983195650950325,-9.8053170074239127,8.6802191037265874,-0.24692143144435583,0.4936471331966507,0.4584700300704059,0.9438943894389439,1,5
-0.80743722096475157,0.57352743185225585,0.13824405634121764,-0.58866784828105345,-0.79870694133984821,-0.12464905236582416,0.03892683651251904,-0.18202611562218032,0.98252287231933044,-17.870031614199512,8.9274272704828324,0.051508380808799048,,0.4652510256717259,0.5454545454545454,0,1
-0.79995129831876133,0.59676573787690224,0.062837683076036974,-0.59859719688444013,-0.80092696961728094,-0.014049385102930507,0.041944203416194314,-0.048853284801698087,0.99792486709364325,2.7954945062102761,13.122490240066165,-0.49280120179187992,,0.07865650393542116,0.2962962962962963,0,5
0.68672942611597165,-0.72680751786332198,-0.012390612728458119,0.72546840731372819,0.68419085834493054,0.074689084523188121,-0.045807044175678796,-0.060280190233491966,0.99712988791295565,4.4476253632650282,-4.5633665377626897,-0.31348927259409543,0.1347205467540042,0.1074735754783022,0.3977272727272727,1,5
0.99980638171599168,0.0012799096333984837,0.019635705011691425,-0.0038201366425866801,0.99152200693362014,0.12988270216759992,-0.019302995519032702,-0.12993256557790211,0.9913349195737714,-4.1974124309798979,3.8259421564415894,-0.47064646566026935,,0.1411552093062221,0.1706161137440758,0,5
0.65901951570617001,0.75155223031057194,0.029368742458760429,-0.75145596960392635,0.656282773759991,0.067873754961062086,0.031736472157861358,-0.066799445963994258,0.99726156566563595,4.4644083748271139,7.2843692485288196,-0.48706581053843984,,0.1002023791970117,0.4375,0,5
-0.92513622740495383,-0.37947771580185397,-0.010937273551218906,0.37922181537961597,-0.9250892718686029,0.020016338671297252,-0.017713708903425045,0.01437018731342714,0.99973982727180555,7.7231790933680946,-17.528612788123361,0.53824217517343231,0.1869285594827749,0.1074802331528556,0.3636363636363636,1,5
0.99575961030710913,0.090956677499066621,0.013772483413098937,-0.091724271945493902,0.9931009332541515,0.073056103823033042,-0.0070325256560059331,-0.074009588487327013,0.99723273331496376,-6.20281159101605,13.953061345257764,-0.3383853653003866,,0.06411705616084497,0.2777777777777778,0,1
-0.81443399776752068,0.57657250338492383,0.065279488515584946,-0.57934478816544166,-0.81429555699555412,-0.035810086328300267,0.032509686340444793,-0.066984283214367543,0.99722426068377623,-14.212077784583697,4.9520821260746146,-0.041008724489825836,0.221663622418179,0.1654638382784742,0.3653846153846154,1,5
-0.69298509852770895,0.71376987190929808,0.10150971959928891,-0.71877311553617496,-0.69494637489534805,-0.020365274420828066,0.056007692337416926,-0.087075289114645779,0.99462607668642933,6.5934464326069637,-6.1150529091152093,-0.13704465386327652,,0.278596859672205,0.3414634146341464,0,4
-0.99954221151984168,0.022769858715981216,0.019922372451034776,-0.025820697503946711,-0.9851988128116469,-0.16945970262847362,0.015768924200248387,-0.1698965354813784,0.98533573377858941,11.756083152040723,-23.885912918803875,0.86231959939691694,0.3350247649506881,0.277944726536375,0.25,1,5
0.74900839824922782,-0.66217215515434802,-0.022681628917941735,0.66171246328001765,0.74587976619909546,0.076157667471327198,-0.033511718726687914,-0.072051449069590656,0.99683777686991504,-9.8657574546497777,11.140147903866961,-0.17985353793506456,,0.117084342970854,0.2,0,3
0.9844016360950516,0.16770740230871425,0.053175615316122436,-0.1750442213463074,0.96399640230717309,0.20017606478321015,-0.017690094026039167,-0.20636172985728254,0.97831584727206589,0.87221381528133035,4.1581290565133164,-0.55975904526914644,,0.1765495389667572,0.3546325878594249,0,5
-0.91558197358344195,-0.40147213069993659,-0.023016905098251831,0.40199144959638139,-0.91527273882084204,-0.026051641460657173,-0.01060773776301552,-0.033105012349305317,0.99939558436932441,-13.012620200891719,7.0338794859006377,-0.11439137007749428,0.9385482099146836,0.4737181049636673,0.1333333333333333,1,2
-0.075170370981897064,-0.98047690327813031,-0.18169880975001751,0.99634479438867396,-0.081265342682121697,0.026324793889980266,-0.040576668431951651,-0.17905581871831613,0.98300180455687802,-13.250161921027374,-0.20616180449786758,0.11475703478766033,0.513898021069651,0.4040602459452333,0.5778894472361809,1,5
-0.97950681702769915,-0.20124191518037565,0.0082514829455252823,0.20074526843608928,-0.97877778036352403,-0.041175160803283067,0.016362536380041332,-0.038674904540132157,0.99911787050478884,8.1762260525760002,1.4384043396314676,-0.50226891339954516,,0.07688064006612413,0.2467532467532468,0,6
-0.83070667925592978,-0.55369027260452541,-0.057909369386245059,0.55601986866194619,-0.83035466415065551,-0.036783656376235624,-0.027718562241542663,-0.062755188999629993,0.99764395831422914,-13.594904802043542,-16.676423066846361,1.0525937868123378,,0.2064959031141183,0.4642857142857143,0,4
-0.95282829697946403,0.30183745350984831,0.031818047298758367,-0.30120910401997691,-0.95327856275514844,0.023088036879812486,0.037300296656979738,0.012415049342266534,0.99922697842839114,-5.0363934357503437,-2.8030784908635051,-0.21919711420315866,0.5554818040643342,0.5449533859958725,0.9871214758092586,1,3
-0.47122432920420837,0.8551162809472509,0.21615683571190633,-0.8806159962973108,-0.46992032194946831,-0.060748317542142681,0.049629614458877751,-0.21897725242099522,0.97446696418647949,-4.3851471203510171,-23.652964410709881,1.1985391079349486,,0.4773643249060454,0.2,0,1
