axis_00,axis_01,axis_02,axis_10,axis_11,axis_12,axis_20,axis_21,axis_22,location_x,location_y,location_z,dbh,dbh_approximation,score,reconstructed,number_clusters
0.0092891936784882563,-0.99893544529600231,-0.045185030840771752,0.99878006724674784,0.0070771967795163005,0.048870139720752867,-0.048498331428879458,-0.045583872334653212,0.99778255267948668,-4.7698273062880956,-3.8860782762415402,-1.1081039851453227,0.391761057852141,0.1732628433717896,0.2281879194630873,1,5
0.94501981025344506,0.29924101098417011,0.13188015610285511,-0.32233118329442662,0.92037990872813591,0.22136718791546703,-0.055137704926451057,-0.25170546468990046,0.96623195586809474,-27.010513807129566,7.5685159842368286,-1.6888500546066898,,0.2925233873656026,0.2413793103448276,0,2
-0.99579949524267708,0.083160390019067512,0.038310766193132374,-0.083177613097558709,-0.99653407837739072,0.0011468704879114187,0.038273358277280983,-0.0020445450349124775,0.99926521498638088,-10.767824542487086,-5.1820035182817961,-1.0939096839006071,,0.07704322406185954,0.2325581395348837,0,2
0.575366987639641,0.79873864123993965,0.17598128458634413,-0.81757910525352073,0.55569053589532846,0.15090538416244487,0.022742827162368549,-0.23070459749761713,0.97275801333431589,-17.182326200649616,12.563064026551197,-2.2220464858016071,,0.2312798678574426,0.6666666666666666,0,3
0.020897524546217201,-0.99379510982240482,-0.10924547203850141,0.99749018666061973,0.013331020297046524,0.069538560623599005,-0.067650727886715847,-0.11042447007305253,0.99157945492304522,12.51247795574009,2.7076262734775605,-1.4150859736909556,,0.319204595773143,0.4,0,5
-0.99762565455372243,-0.066743876334799293,0.016979645110009326,0.065144163010868381,-0.99451919832712421,-0.08177898375736832,0.022344829421372923,-0.080478687430769663,0.99650584015727195,-14.283084254686115,2.1594452084034761,-1.6677390931953111,,0.1405819319155522,0.1929824561403509,0,4
0.37469461847913821,-0.91029309388901791,-0.17598416434649175,0.92569181935080458,0.35666973973339855,0.12602123767646314,-0.051948036245568069,-0.21012658084228608,0.9762931022770569,-3.374982655563588,-14.421374585361196,-0.2045381285846232,,0.4079768697691979,0.2692307692307692,0,5
0.7390134372499787,0.66153154786182877,0.12741723096781171,-0.6735914127949979,0.72881515230255556,0.12289459867317609,-0.011564954509651188,-0.17664791240695543,0.98420616075568967,-10.353564440166213,5.1831360658210519,-1.8822584292583593,0.4007317659970736,0.3155524020902425,0.6857142857142857,1,7
-0.32627230556156295,0.94094704304332033,0.090360637511987127,-0.94378946978958056,-0.3296260411838442,0.024659880124757939,0.05298886050711845,-0.077235582224110338,0.99560375928411315,-2.0261620237289071,16.427019945332205,-2.2144364841777455,,0.09754499802929509,0.25,0,5
0.87774939899304971,-0.47809473641079908,-0.031327553106293718,0.47512830961017216,0.86015126742425685,0.18545319235705843,-0.06171776060680987,-0.17766603548436674,0.9821536019691357,3.472018542967755,13.126072477281381,-1.9715812370159664,0.3651358880450706,0.2915142736213128,0.1666666666666667,1,5
-0.0076669995934800029,-0.99680032382003791,-0.079563380706841741,0.99976237985492444,-0.0092647590417714101,0.019731904791887002,-0.020405904636936721,-0.079393190338757441,0.99663449688628714,-24.481505771332703,6.824813508984529,-1.8070026742063945,,0.7346529312309398,0.4509803921568628,0,2
-0.36387491073403005,-0.9276420249071381,-0.084114939008990031,0.93135155080127163,-0.36105234755431553,-0.047175111505794218,0.013391719768871073,-0.095506418379616001,0.99533872922233357,-9.0406734955204389,-7.3292189461182309,-0.9327444979266748,,0.09642918635350065,0.2894736842105263,0,2
-0.82948476503816371,0.52573414502486215,0.18856996930730946,-0.55578591762371787,-0.81036666565067905,-0.18549361437354814,0.055290490509166491,-0.25866866056246157,0.96438243747077756,-22.488990725510863,11.834770013565167,-2.1609451604009551,,0.1129475154732065,0.375,0,1
-0.62096131623535156,0.77704602127422617,0.10298798260551434,-0.78161263007119852,-0.62372863627249397,-0.0066546830757050375,0.059065558936175301,-0.084629008711841869,0.9946603393279575,-4.9847405146691557,-9.3797590738614556,-0.49499408614102164,,0.0756252137891055,0.28125,0,5
-0.72599195451009479,-0.68633447206980069,-0.043366743424913395,0.68766937060625766,-0.72513680877520614,-0.035880987852977685,-0.006820463078698458,-0.055871289657389384,0.99841468352354168,-9.2036081748927163,10.024047790199905,-2.0659543443097914,,0.09877656771530108,0.3448275862068966,0,5
-0.1020095112108325,-0.99477735161865621,-0.0034756767828956424,0.99405884267974509,-0.10206791668293204,0.037804201806301486,-0.037961518841223209,0.00040136090764239562,0.99927912116519735,-19.458161277459961,13.374636185684267,-2.2224476952912151,0.3646399392964451,0.3557811461424985,0.6739130434782609,1,5
0.80480364490292844,0.5781908658291729,0.13411344385509361,-0.59354109621224738,0.78389613345667475,0.18225207559542203,0.00024547530511420684,-0.22627897521287152,0.97406250575539954,-22.746209892379792,4.4132007143755816,-1.7062071176608291,,0.0965258362646535,0.2307692307692308,0,3
0.44448768996446353,0.86692383486304292,0.22555211818205118,-0.89566133333004361,0.42592437809444539,0.12798124910434278,0.014881849599524223,-0.2589044006795076,0.96578830074777866,-0.61464487213470698,4.6684406571070056,-1.5713193593927695,,0.3051903777041728,0.3436754176610978,0,4
-0.34846807290616344,-0.93599562612771592,-0.049821582018754203,0.9373199895089771,-0.34803835498022484,-0.017336110565853803,-0.0011132977846139225,-0.052739845775710503,0.99860766531986855,1.6389926695677097,13.586811615164189,-2.0234074704133724,0.4795052542259669,0.2025237225068156,0.3103448275862069,1,5
-0.98235166786149175,0.17722803706471449,0.059794845329131992,-0.18256393992548917,-0.9780544615635115,-0.10039859587958881,0.040689169180864578,-0.10954311066378748,0.99314888028808335,-0.2944289074456411,11.55113856902384,-1.9873930065062051,,0.2998584589123225,0.4625,0,9
0.99469991983303119,0.088293385632597463,0.052691057473674641,-0.096696259140156879,0.97750437920980449,0.18744338370279537,-0.034955728464162658,-0.19154494689024618,0.9808611677339214,11.81397511896696,5.1484850942403817,-1.514319104173353,,0.2275843449520076,0.5,0,5
0.4946750211059977,-0.86780074066618518,-0.047100934099037602,0.86618187080267173,0.48788108901572702,0.10817120538115672,-0.070891397126625399,-0.094307568519442608,0.99301585704025197,-22.531619280031578,-0.49505405872946595,-1.2271097926493748,,0.2736096649585599,0.3043478260869565,0,2
0.30623283314165117,0.94743024862453362,0.092722035661929048,-0.95140033829982307,0.30126924508878467,0.063829759882173598,0.032539947587847277,-0.1077625443040769,0.9936439935188518,-24.616603373472941,2.4792654681454604,-1.4635422828045597,,0.09412748858131115,0.5,0,1
-0.61622497958263645,0.77464106270658484,0.14211966263396314,-0.78482877036780763,-0.61904229356505658,-0.028817355546072471,0.065654974993017548,-0.1292975744031051,0.98942991743333653,-16.998347249976316,11.105323371026115,-2.2252328929075933,0.4116872993532423,0.1393725979887028,0.3684210526315789,1,5
0.8781912893353484,-0.47324916231973274,-0.069392288470620483,0.4735925114352238,0.84000636504040482,0.2647629879799745,-0.06700889827475133,-0.26537621795345179,0.96181353208235043,-12.066971372621271,15.405572122665838,-2.3908419796854963,,0.3784972833532601,0.4642857142857143,0,3
0.77819502722326084,0.62401956540381809,0.070796056374770572,-0.62802090830998958,0.77296393667408092,0.090091571896622938,0.0014961051050346355,-0.11457021687392743,0.99341402601079543,-3.3110179927622707,-8.0778076991350591,-0.65388395500999152,,0.07207798663031771,0.2921348314606741,0,5
-0.36736101012760836,0.92569986222042289,0.090142405798345732,-0.92796689255298004,-0.37132854424751655,0.031504897279409159,0.062636527390886251,-0.072075497307410336,0.99543045368538963,-0.49104382107624495,18.426404642995696,-2.2648047724810283,0.3206765346542044,0.2134674234895602,0.4117647058823529,1,5
0.11672603784418753,0.99094092729412864,0.066416193075563831,-0.99230629356467359,0.11358525570750222,0.049260627663500652,0.04127047178235338,-0.071655204272366685,0.99657527556103265,-6.1362506858688226,9.6266025380191849,-1.9634628498051139,0.557700112015201,0.3601345027340737,0.7953367875647669,1,5
-0.63039311503377093,0.7751452574576444,0.041884965786564005,-0.77423554442920417,-0.63172979450856204,0.038429005615346429,0.056248042280893203,-0.0082034487316504767,0.99838312343933111,-6.1016896185253913,-3.1327808499998016,-1.2383199119069099,0.1717044106851676,0.1013946908599648,0.5536105032822757,1,4
0.020369318252807824,-0.99977332580162404,-0.0061957961131056663,0.99894417594312679,0.020096407463511164,0.04131183554827119,-0.041177957977815045,-0.0070307483684083263,0.99912709119218512,7.7431654066790392,13.35375388651754,-1.9594968844414709,,0.3396245602990333,0.7311827956989247,1,5
0.71244592933428097,0.69109965543991325,0.12166373340419208,-0.70158049603322759,0.70505250234848704,0.10337202966909223,-0.014338945595250712,-0.15900388417573474,0.98717382433705481,5.5579423616730868,14.261719983980965,-1.9877548993556149,,0.1513658990268664,0.1428571428571428,0,6
-0.97113362548689486,-0.23642567567389064,0.031660406359120138,0.23721947016794212,-0.97115486793665473,0.024189779994460439,0.025028072676919078,0.031001973567562947,0.99920592132602781,-0.48279712865413071,-3.1330448231654495,-0.93229123243140799,,0.06570290069943333,0.2325581395348837,0,5
0.99870126480206856,-0.041181824492841523,0.029997350119468965,0.038503650699973205,0.99563998286803346,0.08496171724557483,-0.033365439687252182,-0.083696366981986459,0.99593256076327452,-35.906715627422535,8.000633374877177,-1.2341782871785731,,0.8458047443493706,0.9555555555555556,0,2
-0.96544289129585903,-0.26040280304679259,0.010507321812159508,0.25961099175784763,-0.96447774169719214,-0.048834605856812693,0.022850746263476621,-0.044419206837321375,0.99875160949013986,-28.485959032863633,5.1170332177864175,-1.471664830163498,,0.1023126538158044,0.2272727272727273,0,1
-0.99048344836999014,-0.13450145870702909,0.029187259391293584,0.13426681005608293,-0.99089611653559007,-0.0098645806829515594,0.030248342474539922,-0.0058518236788254151,0.99952528429108545,2.1452432529061629,10.44769414986105,-1.8897482776176062,,0.08699668117814678,0.303030303030303,0,2
0.68166658006568925,0.72621364244634157,0.089131471133179346,-0.7316446134984097,0.67571020786757408,0.09006594540847955,0.0051800733885219953,-0.12660750573476098,0.9919393662574908,1.022070354912141,19.223837047860371,-2.2633512845346506,0.1784319869274197,0.134561010569264,0.6818181818181818,1,5
0.41859266714290977,-0.90734590670637061,-0.038776082800860499,0.90613788567635889,0.41441573717937952,0.084697868450446828,-0.060780845306420341,-0.070590384339974999,0.99565189021192124,6.8471715357310297,-8.6830888198895639,-0.66619747172265176,0.7356611361568686,0.6654627650778132,0.6363636363636364,1,5
0.87800651520429163,-0.47845240096490704,-0.013706176335241101,0.47580433587890131,0.86931400163415706,0.13380358934515624,-0.052103677582820619,-0.12400188133139516,0.99091308408387702,0.12399116253412661,-12.825222670744029,-0.32376739385405795,0.3358546465868025,0.327365564603514,0.6704545454545454,1,5
-0.88182622327666704,-0.47142577150731035,0.01184288395394451,0.47148959497568155,-0.88186591905573231,0.0031721660826070459,0.0089483948994733449,0.0083810957950210367,0.9999248389064036,1.2576931551447228,4.7156940198892796,-1.5359831456880397,,0.07872361608008763,0.1833333333333333,0,5
0.050300358374901988,-0.99855443505008523,0.018945030724766825,0.99751509575913255,0.051166863316092701,0.04843124849765261,-0.049330595779957097,0.016461844981599645,0.99864683446141123,-4.6149469814185924,11.215530294542894,-2.0301496818471976,,0.06652658514106863,0.1794871794871795,0,5
-0.48468542657568675,0.85736180960152197,0.17323615298761721,-0.87001531607115778,-0.49299167447162301,0.0057060234200404323,0.090296107705422152,-0.14795248000107999,0.98486378580734812,-15.587601468476446,3.5166038084112663,-1.7957026243387413,,0.2449200655307112,0.4102564102564102,0,5
0.70599211140066698,0.7022856174884039,0.091487977947700971,-0.70818488969316162,0.69876156977481185,0.10102688066116218,0.0070214421817926566,-0.1361145843573402,0.99066821856508347,-15.784600918920447,8.0970464361462664,-2.1257528748486116,,0.9434205807941054,0.8372093023255814,0,1
-0.90533699089283093,0.41510936234232487,0.089717056443366791,-0.42234511766464605,-0.90219813842267227,-0.087539251833109025,0.044604198299601279,-0.11714408359969618,0.99211276031086137,-12.066874127851131,20.899495415961823,-2.4899625173102087,,0.1565799531001703,0.2857142857142857,0,5
0.7941775239619584,0.59562541553441395,0.12046752592756618,-0.60765530458476469,0.7803635927717224,0.14760655096033246,-0.0060902580938064794,-0.19042853632232989,0.98168216919249629,-6.2741840044280508,-4.6392938977005418,-1.1348813734249825,0.367919215054373,0.2329554918279373,0.2921348314606741,1,4
-0.77995841340252858,0.60551863277811613,0.15815201143561985,-0.62322858842168249,-0.77452805528289825,-0.10813148548692883,0.057017540603997503,-0.18290291670231462,0.98147619590352708,-33.472834177243158,19.190377265495687,-1.8831478800087387,,0.3817074887909209,0.4782608695652174,0,2
0.98417685806554611,-0.17488177529376175,0.028500468738833395,0.17176654684600551,0.98112367240811782,0.088840265786456721,-0.043499027952702163,-0.082539106552661015,0.99563805193285959,-1.6687161078244666,13.804636252902908,-2.0991258225668394,,0.08463681609644738,0.34375,0,5
0.7879307599544999,0.61240375538346692,0.064239846744458984,-0.61575574538176348,0.78415609443430356,0.077097870209811639,-0.0031590420816374073,-0.10030383818063487,0.99495183828131106,2.1450630308743923,9.7666442680685943,-1.8300329200803747,0.876533118662432,0.4034691247196571,0.375,1,5
-0.77759004080172034,0.60889362224893162,0.15685115629333019,-0.62508900276556334,-0.77555609020408522,-0.088184406608574906,0.06795194675307728,-0.16661724920286039,0.98367739894771344,-13.70498211894175,10.713172974025051,-2.1680505378090267,,0.2684510170209829,0.4375,0,3
0.9977054901009208,0.060553036416074651,0.030283408052538874,-0.064698929411276251,0.98450513680671148,0.16298369284757944,-0.019945013299512461,-0.16456902923087613,0.98616389665333559,3.4148338584656384,14.921502137298946,-2.0289160910456467,,0.3394656600110501,0.5757575757575758,0,7
0.28125136934887535,-0.95946817318989008,-0.017846340662412065,0.95752547068246541,0.2793526571050346,0.071463738795846832,-0.063581760228124173,-0.037187600137857948,0.99728353148053206,-11.245306351802995,4.2695246790630561,-1.8590361945133509,,0.1393650015615845,0.2222222222222222,0,4
0.99921364263893397,0.023155012459241862,0.032186049186651459,-0.025657128430521953,0.99649387065287898,0.079634650196652584,-0.030229259417539418,-0.080397830500927525,0.99630436149091084,9.8867715699932699,-0.31865310723084872,-1.2014433100551023,0.3871809169937935,0.2061975460440443,0.7798165137614679,1,9
0.88268773525092681,0.46363274427699919,0.076857273382353347,-0.46984821271066718,0.87416291705295535,0.12280818971901288,-0.010247880277538176,-0.1445125353858554,0.98944990174650604,-13.188872675172393,-6.733234130458043,-0.91579072675756168,,0.3985512915203092,0.7241379310344828,0,1
0.81533695974559039,0.57456795044635789,0.071395464790762295,-0.57889356495792677,0.81119628016904655,0.082721433076347495,-0.010386651198543977,-0.10877621688482003,0.99401199797442408,-9.1977133191274323,5.0368442975899175,-1.8631713228833202,,0.07851624060500195,0.183206106870229,0,5
0.24971669966721913,0.95615124526502382,0.1530240702812973,-0.967674622271679,0.24065072527749592,0.07545232822635814,0.035318484093668986,-0.16691921579482319,0.98533779998524673,-17.75870190427268,17.62851727955227,-2.3769088576621176,,0.09545512450063356,0.3571428571428572,0,1
0.44019430114338925,-0.89110693494829685,-0.11026063544137103,0.8971748776337678,0.43156597516859452,0.093957692711209476,-0.036141612909735672,-0.14028271298998962,0.98945163815744486,6.206747941485661,3.9070463615302229,-1.429540378539738,0.6777428721264271,0.6375403433177675,0.5080645161290323,1,3
0.62598905471809241,-0.77983096884708936,0.0011676472754110971,0.77806255260919033,0.62466890840341283,0.066388395833611724,-0.052501119992060773,-0.040649906532479609,0.99779317370809895,-19.566992463659382,9.5193337804517668,-2.1773835472360696,,0.1396439100154119,0.1724137931034483,0,2
0.041160225226179077,-0.98682198602243243,-0.15648707218831864,0.99721111782368943,0.030814466397450779,0.067973929925139107,-0.06225610289889303,-0.15884847044709688,0.98533818615156676,-18.736085720604322,6.0081253516459441,-1.9826568328622876,,0.3533895880934669,0.3,0,2
-0.54622728671048171,0.82358597576797687,0.15278053466071964,-0.83566819146339866,-0.5483003655745825,-0.03202160032029585,0.057397082061709723,-0.14516490494981732,0.98774122387481278,4.8069262533540966,-11.423824472059321,-0.49838506697136792,,0.2674112207834761,0.3333333333333333,0,5
-0.095659644919779172,0.98168209627583503,0.16477103563825612,-0.99446080944410553,-0.101492322310345,0.027331428645928697,0.043553769223755943,-0.16124382271434398,0.98595309159354472,8.0168288823155436,3.3330758124448594,-1.3962471595298498,0.3405012887348353,0.2282773751589725,0.3947368421052632,1,5
-0.41575160765195501,-0.90891784479354754,-0.031921029912438441,0.90891020233087483,-0.41647621090441878,0.020731855911840003,-0.032137903380058896,-0.020394047331368109,0.99927535644575116,8.7917425279425192,9.5340767567954288,-1.748758482679676,,0.4410031915630658,0.6296296296296297,0,5
-0.97090977767355069,0.23919827759449805,0.010880607231229801,-0.23941067416569717,-0.96898902991540514,-0.061178337662336456,-0.0040905639490455723,-0.062003579730737432,0.99806754450144886,-18.811601739585821,7.7487651253867647,-2.103865218678977,0.4954954786890113,0.1724186030859598,0.1304347826086956,1,3
-0.99899102437273046,-0.033982529812534634,0.029361895208968782,0.031728515204275956,-0.99674657912471387,-0.074091553675921518,0.031784187037806999,-0.073085187765511775,0.99681910133364982,-10.139989006499672,-14.424408610095051,-0.12315662427366053,,0.09910549546393689,0.2972972972972973,0,5
-0.95108259905387604,-0.3074989837260016,-0.029770199602991359,0.30828176765039134,-0.93837818943209683,-0.15623292013046328,0.020105758162175847,-0.15776802149237262,0.98727149755429899,-13.09316796725655,-12.795036188336306,-0.18036278062291947,,0.2419945711711701,0.1363636363636364,0,1
0.07459764260316866,0.99186340083441682,0.10316097034845399,-0.99643612646054591,0.070055058313197582,0.046982280585739125,0.039373056807321033,-0.10629808507174153,0.99355446730802233,-16.924001341130918,15.054684125601186,-2.3000743123656755,0.2101140156296379,0.1859746079639019,0.375,1,5
-0.92921867225550969,-0.36949144304050702,-0.0053602846522225415,0.36917863318027938,-0.92760393545045361,-0.057079556234899811,0.016118186462808614,-0.055018292018891995,0.99835524319175872,-3.4335907101979175,15.858362603193163,-2.1966791883957639,0.337976403564021,0.1670635340843459,0.4313725490196079,1,5
0.92662836562666684,-0.37480006299295326,0.029745332348618481,0.37131907582532125,0.92469299225330215,0.084053637671804945,-0.059008609069192357,-0.066841475582994622,0.99601716912792559,-6.1587488302560525,-16.785419199438028,-0.052148660256084327,0.5024182154739705,0.5282219679615676,0.9290322580645162,1,5
-0.99809270882378009,0.035967397900797629,0.050172610865438984,-0.045489528080196726,-0.97794006915705212,-0.20387232272219133,0.041733049587228399,-0.20576580723080792,0.97771099264905692,4.659462738966992,-13.255295062057519,-0.35790532697928668,,0.3215815593687049,0.2,0,4
-0.35194586747552387,-0.93580991392906654,0.01984720028049413,0.93599339914225277,-0.35169568526534445,0.015049974347861711,-0.0071037404958602095,0.023873624731339364,0.99968974532759647,-5.0663403248213541,3.1862174188618537,-1.6163557320180366,0.1346606864853032,0.1350172607495597,0.4797297297297297,1,5
0.061788039791449929,0.99207642798316875,0.10939195207549754,-0.9973915370525952,0.057275338183205605,0.043927866461531156,0.037314339798432336,-0.11182082398264288,0.99302756425451288,0.87945430572071404,7.4135550465388365,-1.6748954175480069,0.7831632320655653,0.869286030431816,0.7962962962962963,1,3
0.41066292096739948,-0.90583811484836663,-0.10398689835974941,0.91030163970219191,0.40081104752213598,0.10344771113808494,-0.052027781982552188,-0.13714158330778289,0.98918415678265426,-6.7537855626265912,16.951055648162125,-2.3467932109701324,,0.5552573449557655,0.3469387755102041,0,5
0.88728584555025303,0.42596584748399013,0.17685283447945405,-0.46109634425522777,0.82812136679719817,0.31875564805725942,-0.01067659124606519,-0.36437357016005567,0.93119166220933158,-6.8545078487287885,11.301710377203273,-2.0870994456945211,,0.3877491426362858,0.28,0,3
0.98730971727253825,0.15341367110839085,0.041033738511958122,-0.15591022688412184,0.98551003897688239,0.066797935811867562,-0.030191444684925798,-0.072347830602107241,0.9969223982211487,3.1046949198088338,-8.9473896674733773,-0.61458871655750891,0.1783034006364955,0.1893252059496788,0.6746987951807228,1,5
-0.98803417005675553,0.14584633288207421,0.050172960697088161,-0.15293046779568309,-0.96861420258614583,-0.19595611388318557,0.020018761701311366,-0.2012843106982202,0.97932827767132835,-8.6188959297091827,25.752005022522461,-2.6782974381053113,,0.4703224383039361,0.3478260869565217,0,5
0.71433243620619824,-0.69239211125595235,-0.10159889199318906,0.6955464422647748,0.68646669608949529,0.21208163949948125,-0.077099398418751644,-0.22216354208217473,0.97195629702830233,-20.709710126015572,2.8334164638846144,-1.6688297604399425,,0.3809658829062803,0.3846153846153846,0,3
-0.81421951919980873,-0.58054120746943383,0.0042989514959642797,0.58055077080494433,-0.81422292875006641,0.0013508573017113315,0.0027160765485441368,0.0035956539873421094,0.99998984704875171,-25.567221102076637,8.0685864884500802,-1.7755072736459205,,0.08714824645188579,0.25,0,1
0.73253465906123427,-0.6796294676739365,-0.038687981897264571,0.67904899686409381,0.72555366688454459,0.11164379216176504,-0.047806203906076816,-0.10805398252555565,0.99299491626516279,-8.7167782991680394,-15.248327246452451,-0.1015773489357857,,0.1535017056043964,0.2285714285714286,0,3
-0.69088868463723296,-0.72291766968496951,-0.0079289531142713796,0.72288796075720685,-0.69093324706500592,0.0066516383316624498,-0.01028696420338234,-0.0011362030900702545,0.99994644227079343,0.018968019941716627,-2.1596939045562737,-0.96783551906473553,0.5017187021443673,0.5104218228524673,0.9338103756708408,1,5
-0.519604557767125,0.8471390645222221,0.11120480613735005,-0.8529372768911091,-0.52192904809399976,-0.0093845855141077728,0.050090969617394836,-0.099726997929880767,0.99375319906236448,-12.614970217492541,11.531777772151468,-2.1733300530758783,0.2737056337128081,0.1350318230664461,0.282051282051282,1,5
0.9403700067402091,-0.33988416833237062,0.013527843155227599,0.33656991366467742,0.93548496102893275,0.10765027126973881,-0.049243716748142888,-0.096678021316685347,0.99409678429975812,-9.1030524895487321,-4.2834046437496953,-1.2281424232271829,,0.07437626632885655,0.3461538461538461,0,1
0.79812826558250649,0.60088307337156144,0.043940912755748802,-0.60248714314112539,0.79591540176846254,0.059396258951161365,0.00071695739528216849,-0.073879668132004334,0.99726690540135743,-10.095014193870886,7.5734878467599058,-1.9914833505615726,0.4768263622106858,0.4493919065774413,0.9572901325478645,1,5
-0.9790634211470568,-0.20303197781992702,-0.014588809216280179,0.20294137499110076,-0.97916247967275771,0.0074590024679867546,-0.015799230631324736,0.0043421634728167203,0.9998657559531845,-0.59440555113060745,-8.4910734098656686,-0.60515909057868655,0.158491768122868,0.1910511493858023,0.2857142857142857,1,5
0.67963841719070583,-0.71860177839248829,-0.14731974059733763,0.73250387094372782,0.65413623548194122,0.1885308051273594,-0.039111391319769463,-0.23604505824242342,0.97095470004957729,-12.405826110870446,0.6373502282257999,-1.5513662229492684,,0.3971122156774443,0.206286836935167,0,3
-0.11892051018562468,-0.98497016142345295,-0.12526648938421642,0.99218627117682345,-0.12268043538878624,0.022713741678708894,-0.037740105265088975,-0.12158656125688032,0.99186309164939968,-6.5529211979850208,-8.5904797581567376,-0.63213913389530629,0.1865414601667874,0.147214773067991,0.2083333333333333,1,5
-0.66281536245319916,0.72585541415204324,0.18387417720332361,-0.74640816476600846,-0.66002420324834832,-0.085105244826753884,0.059587304576334862,-0.19365425085070581,0.97925858906663588,-21.473716956733561,11.891829701244607,-2.1806895876511097,,0.2384964783223771,0.3947368421052632,0,2
-0.65663319205796522,0.70038941111197606,0.2797990777146831,-0.75197251190446823,-0.63652201628567684,-0.17139738657197096,0.05805335845454844,-0.32294642835280996,0.94463506815399967,-7.7230321883428896,-15.814859477119652,-0.081406425493617374,,0.6911670002902258,0.1891891891891892,0,1
0.9981637756716929,-0.059572638134557418,-0.010962560034931668,0.060249751968770686,0.95777385706184959,0.28113912235149663,-0.0062485457933842102,-0.28128337937844333,0.95960440607622832,-17.151321198038701,5.3337928740883349,-1.9857592148519829,,0.4545239068986848,0.6597938144329897,0,2
-0.92300666850522439,-0.38371045464264109,0.028722410985563607,0.384461770013933,-0.92271492437718949,0.028041321818886432,0.015742848936569378,0.036924995999110664,0.99919402889420106,-7.7034871986842726,-6.1535588711811249,-1.0419887080764341,,0.07131538212025652,0.3576642335766423,0,3
-0.050143444060371786,-0.99869839016372997,0.0093359789063013014,0.99780197884251698,-0.049688580491303924,0.04384353985157436,-0.043322581129495781,0.011513924315095557,0.99899478652851081,3.7477971111075923,9.8013872428962081,-1.7983030786725323,,0.08050186658565343,0.24,0,5
-0.80210297416816134,-0.58915475091144132,-0.097608904865640528,0.5971700415363963,-0.7924808908639841,-0.12394345124631212,-0.0043313187380552877,-0.15770452464626999,0.9874768466065853,3.6767650882190721,-16.727257326183892,-0.18731331498160889,,0.3117716506095132,0.25,0,4
0.19546702015190853,0.9711011463846706,0.13694965324275862,-0.97768614928523412,0.1819970100778128,0.10491368746997519,0.076957374752160676,-0.15440094498776541,0.98500655361177214,-2.9331899106132906,-9.39381992305049,-0.50445670255064678,0.2793321569546611,0.2888071106469607,0.5931372549019608,1,5
-0.058345671279320846,-0.99826874826008538,-0.0074356499519501159,0.99751987601271386,-0.058592397975255839,0.039000357166176586,-0.039368510291164699,-0.0051417065991493484,0.99921153078349889,-15.832135047398364,6.8547777747739946,-2.1043184577125675,0.2923809521567234,0.1532574004338302,0.4623655913978494,1,3
0.51513362679308372,-0.84562854904708618,-0.13982025455392599,0.85651419753106495,0.50179916593114637,0.12075192130364881,-0.031949584891211816,-0.18196140829122673,0.98278648236427935,-4.3608862214356225,-11.336904228185112,-0.34670041325550777,,0.4131448616302714,0.3333333333333333,0,4
-0.76051774893727675,-0.6484924382163797,-0.032715609845352253,0.6493161340253456,-0.75946175548713957,-0.040079920743097311,0.0011452710412268657,-0.051724264408190411,0.99866074761436119,-4.090530712876256,17.973862978134619,-2.2963573529106673,,0.8236363230856845,0.6346153846153846,0,4
0.80470534648197523,-0.58207572198507973,-0.11677824805534022,0.59297319549428207,0.77849415591601268,0.20574167936982798,-0.028846052912422548,-0.23480780029667961,0.97161371035572086,3.7122017550533046,11.043168734274515,-1.8733936012061152,0.6817247751775477,0.6847122523365421,0.3333333333333333,1,4
-0.95791196307415705,-0.28560911737477895,0.028846196834480812,0.28629476887497979,-0.95785822153746947,0.023300917318794256,0.020975612368552075,0.030578742705924731,0.99931224558707787,-2.1751604232960009,6.9086711620741479,-1.7854244121170646,,0.07683976689835148,0.3058823529411765,0,5
-0.71726290089908151,0.67665532493964253,0.16634753447124465,-0.69490599711095657,-0.7122302064440813,-0.099165458743703,0.051376903108909459,-0.18672360391618606,0.98106814725965363,8.6814841476169544,-13.956027865536958,-0.3533577296219671,,0.4631196716348382,0.2333333333333333,0,3
0.98657835741916433,-0.1620371356688852,0.020177000181584984,0.15760986101970098,0.97727400527515484,0.14175560067527582,-0.042688129280339063,-0.13667291347476648,0.98969603330561307,-16.195216007965357,-1.454218659083667,-1.3643291991258431,,0.07495885326767932,0.2972972972972973,0,2
-0.63803630852123616,-0.76988916997144896,-0.013428885630111355,0.769547848410157,-0.6381611757145903,0.023375688607371797,-0.026566482941689156,0.0045803680249911554,0.9996365550603199,7.2205209658135505,11.628379918581791,-1.8766095074046847,0.7295880772519396,0.645247690686416,0.7657657657657657,1,5
-0.011618940166633035,-0.997782338831397,-0.065539335864434334,0.99807200366904347,-0.015568821761859334,0.060082337512849131,-0.060969465484492023,-0.064714883180721119,0.99603951135155311,5.2385873553094635,10.76357598609261,-1.8523573303933247,,0.1477015272962516,0.2,0,5
0.68453344398256033,0.72124701846655592,0.1059089345734264,-0.72894032307090606,0.675689029077015,0.10995608844553993,0.0077439957810909801,-0.15246991289452541,0.98827777279026063,-17.579518897805354,6.8680590580389902,-2.0908840060767733,,0.07917819596441275,0.325,0,2
-0.78368545236163289,0.61509385661595006,0.086583250747823082,-0.618632401386776,-0.78543630033835354,-0.019590050158977277,0.055955908635052905,-0.068915641650624332,0.99605199192848803,-7.4749625711866452,21.049539330759014,-2.4436177617313013,0.2777798111320201,0.2485487319541853,0.8095238095238095,1,5
-0.20570763143872481,0.97670892515561836,0.061024961198061112,-0.97741311942973608,-0.20814312357399009,0.036606475868263023,0.048455797738772295,-0.052116366241496348,0.99746474626188175,-5.4570652339973655,11.859722511970615,-2.0881319535201168,,0.07152690890653952,0.3142857142857143,0,5
-0.082138663610722293,-0.99458694748299781,-0.063639954719475963,0.99644671978576382,-0.083150536767797614,0.01341353284629019,-0.018632621083357451,-0.062312054465243502,0.99788277532979008,-2.2803674542998955,-16.845381067598368,-0.081791922178826068,,0.1537693689492245,0.5,0,5
-0.93501964890667288,0.34346311455327488,0.088155232968932642,-0.35109337979475186,-0.93157437654500841,-0.094353694305403218,0.049716142476472047,-0.11917327681214185,0.99162797221090748,7.5757331634282936,9.9467366690900292,-1.7751895521598837,,0.6718568847281201,0.4177215189873418,0,1
-0.054624190115782872,-0.97470881896284955,-0.2167000601989808,0.99719827169761732,-0.064360180498725106,0.038123143750959841,-0.05110581940914001,-0.21401047965512951,0.97549357241362789,8.8622534708822798,5.8944931757558354,-1.5332370163213225,0.5702594576555063,0.3446041360318247,0.1666666666666667,1,3
-0.08857622916829469,0.98201732516690743,0.16672199824366438,-0.99604228760370705,-0.086089273007644865,-0.022099737061587743,-0.0073493490529334508,-0.16801967189900691,0.985756246200576,-10.807760232347309,17.972011040224292,-2.406308717258169,,0.2212385648373783,0.25,0,5
0.24983280074546013,-0.96407426983797406,-0.090246185005559199,0.96713545057772909,0.2439009731412678,0.071842435485977921,-0.047250311189383151,-0.10522888166810934,0.99332486657456964,9.7302771628213183,2.6489432338043692,-1.379682743458948,,0.6194426460706364,0.2432432432432433,1,4
-0.58909125906952198,-0.80562651622531223,-0.06274874375277821,0.80730961360590259,-0.59012255722427132,-0.0025603192328646288,-0.03496678806200261,-0.052165925753819342,0.99802607176509861,-3.806167162788209,7.7356650324278764,-1.8337719789941807,,0.1705803840954787,0.103448275862069,0,5
-0.54673188965967645,-0.8372638183630694,-0.0085755051894075441,0.8370999211331468,-0.54679569620203539,0.016678988392933615,-0.018653762838627175,0.0019403801239504879,0.99982412056167935,3.8697267873526791,3.3484037923216676,-1.3972669042343411,,0.3009774086400448,0.4972067039106145,1,1
0.57513013601990748,-0.81803513641398018,-0.006621346833153202,0.81599954847271006,0.57308703391320004,0.075604156320306884,-0.058052248311823783,-0.048885244734302613,0.99711592571436314,-14.195305903695179,11.609226704875685,-2.1909124141999863,,0.0757209101754043,0.25,0,1
-0.94397368018404615,-0.33002073526966624,7.3565316287593099e-05,0.32926237304259626,-0.94181955772852144,-0.067544136521309875,0.022360250851567561,-0.063735664836260059,0.99771628442645655,-9.8847979808677433,-19.227038032281779,0.20554424606478608,0.5136051285188158,0.5415928568928544,0.8359375,1,5
-0.29745044753280492,0.95350002319541416,0.048589474465971096,-0.9531672758439198,-0.29949391476229603,0.042137148463501362,0.054730023961393461,-0.033780183343192674,0.99792961860568397,-3.447204604048665,-2.0331385425231803,-1.2125702115004227,,0.09446202850351926,0.6015037593984962,0,5
-0.24353915970695297,0.94303264261540898,0.22666740535646168,-0.96792915005605329,-0.25117333232853006,0.0050117460778677046,0.061659047681573168,-0.21817743258362232,0.97395932653793171,-5.8128253002711148,-5.7559467392138446,-1.0665365306148593,0.6606560458670176,0.4887464684532338,0.5158069883527454,1,5
0.039071755668907443,-0.99915776195271155,-0.012536532159952533,0.99815081492166235,0.038441572615893004,0.047087112526022754,-0.046565529956938113,-0.014353125947519328,0.9988121140611802,13.659603523367322,5.245363022504252,-1.5449621514135403,,0.08897602979102485,0.2857142857142857,0,2
0.91174195257816915,0.37837585598205242,0.15986970794618002,-0.40971470632889589,0.86550325531751549,0.28816310390577493,-0.029333791551286553,-0.32823136145809251,0.9441417806815845,-15.709269857978004,15.199738792121689,-2.3098783650456691,,0.4736110301879547,0.3461538461538461,0,2
0.96100173312174575,0.27111627877148919,0.054512680378973478,-0.27604905053761503,0.95223395288049073,0.13056577146739357,-0.016510319024212274,-0.14052210632741918,0.98993987039568387,-16.028179540034081,19.695824221485307,-2.4614630905607475,,0.249041175537837,0.4,0,5
-0.99177896896059026,0.11248016029471883,0.061013853078974091,-0.12033921913206928,-0.98196050637437593,-0.1458493615332708,0.043508034501136508,-0.15199268884079026,0.98742355322971431,-3.3581006699418809,-16.570225078212953,-0.1130675352920659,,0.4703287684411262,0.2352941176470588,0,3
-0.012838733675110951,0.99603544121848664,0.088025943643419799,-0.99950789123334338,-0.015303424025835193,0.027382121454712402,0.028620661765492189,-0.087631073540043083,0.99574176003134718,-1.9380224030943072,11.091541461414606,-1.9675021529080956,0.244444180267625,0.2064814594528482,0.3725490196078431,1,5
0.46815500801133253,0.86171225391994088,0.19566011325286362,-0.8830560934925008,0.46432128653325644,0.067953503352395209,-0.032292788973263625,-0.20459162816771292,0.97831459227797046,-3.0434118055292707,12.151417138606575,-2.0324849683014867,0.2615906238908037,0.2867540215288328,0.3404255319148936,1,4
0.47298268844699648,-0.88093479974757671,0.015532386267093988,0.87914315732747017,0.47303981971372505,0.057798251612790383,-0.058263928409783595,-0.013682381331670672,0.99820744692040653,4.8704531539631226,-8.8058119898375473,-0.63796011347952319,,0.07267218396168836,0.3571428571428572,0,5
-0.59476890201303656,0.77966946127096703,0.19587109117898879,-0.80124359351456476,-0.5947194768282964,-0.065707288278735579,0.065258386817897876,-0.19602110866566955,0.97842581114124749,11.959267094761705,0.39221453968625375,-1.2729365449255716,,0.3098779489190738,0.2264150943396226,0,5
-0.91621938849869555,-0.40067452206237597,0.0013998246895221638,0.40018543401975099,-0.91526282293763095,-0.04632044199552774,0.019840628455225946,-0.04187949758920375,0.99892565145969514,-6.9923102001815289,-3.532333742054719,-1.2277424481380108,,0.08126192599471826,0.2486187845303867,0,3
0.05164989722963495,0.99639194551752808,0.067345222725626874,-0.99774390258489565,0.048588743923952203,0.046327516861531109,0.042888144875140047,-0.069586096827518207,0.99665359185500413,-4.5958557046597619,16.20891880608826,-2.2438832360890495,,0.08210607483218768,0.6071428571428571,0,7
-0.90127310124708593,0.42964511675876371,0.055784143031944212,-0.42994652273660705,-0.90282648246975428,0.0070943736855871081,0.053411464641594221,-0.017590230147411141,0.99841764770470742,-0.60546615150318472,-13.364526858469871,-0.29930459450211661,,0.06890195546650422,0.1764705882352941,0,5
-0.99452658843817487,0.089770093838241138,0.053462090697977388,-0.096539367138978913,-0.98520975400508248,-0.14156938654119533,0.039962676110726382,-0.14595571542600974,0.98848364359383867,6.2023778926230406,10.582052841387132,-1.8334425185419414,,0.07299988308951461,0.3571428571428572,0,2
-0.53732241261844482,0.78619844412800333,0.3052484747686724,-0.8413902149488901,-0.5245418722954478,-0.13007048242028962,0.057854395564678654,-0.32672286522294913,0.94334778223852989,-4.3466127211283139,-15.510516626031793,-0.14379280941894135,,0.3874957161481003,0.3409090909090909,0,1
-0.97891851616776215,-0.20398503498591883,-0.010423253124665414,0.20213240004220501,-0.96017026165963115,-0.1929133522534246,0.029343339228611164,-0.19095332970720713,0.98116043250665486,-11.201858613948847,-17.768901755815996,0.077630588314298088,,0.4679330399978425,0.2692307692307692,0,3
0.76362694670006015,-0.64560226278474264,-0.0084619478114712956,0.64314193227591321,0.7594303373242477,0.098153032046821756,-0.056941559707725665,-0.080394533637555221,0.99513535649139295,-2.1130064392805048,12.308321355676618,-2.0476901483218057,,0.08909714597976648,0.1538461538461539,0,2
0.61188795036586818,-0.78958407876307435,-0.046369373091777438,0.78880546859272105,0.6048750095689881,0.10914282164730188,-0.05812975929139054,-0.10335959250492524,0.99294396907476157,2.1282022410609178,-5.9012376938893762,-0.8137367872254212,,0.09529947326572341,0.3132530120481928,0,1
-0.54071728445060463,0.79070363787438724,0.28707590520378734,-0.83921099709863367,-0.53053152590503161,-0.11942027620800448,0.057876771204700292,-0.30548986410859658,0.95043475435288571,2.9955663207836989,7.1994814677106094,-1.6305420611194177,,0.3506042076438309,0.3018867924528302,0,1
-0.97143278421827406,0.22029697776258766,0.088247307803711442,-0.23441971753477775,-0.94867756241979995,-0.21226935386942386,0.036955943728283459,-0.226892318402139,0.97321844108774225,-6.0499260560262158,-13.685472658077408,-0.21567554154197904,,0.4960233697747793,0.2741935483870968,0,5
0.73699291132787004,0.63670155734438361,0.22683160169541502,-0.6758859724751205,0.69203779768995366,0.25349918891349515,0.0044272862829806718,-0.34013940295660527,0.94036460253057874,-2.1001671110689659,-15.104852832468366,-0.19781655599261672,,0.3208115072958034,0.125,0,1
0.74370833476026665,-0.66832510539452628,0.015474698947230282,0.6659830314482672,0.74271349037964574,0.069593627805003611,-0.058004436305238084,-0.041451474129159276,0.99745539281786044,8.951002871006283,7.8326535949093206,-1.6383848581213882,,0.08098705564577807,0.2962962962962963,0,2
-0.48579338461275678,0.87050379688060109,0.078917216644656146,-0.87201114069201802,-0.48886649790505399,0.024619458463847367,0.060011315395410894,-0.05685672205206016,0.99657711953566708,3.7245053393971332,-6.2610097300465481,-0.78543595254716447,0.7741158777576055,0.4447340040521695,0.75,1,2
0.2123042751794457,0.92633921533366304,0.31116322545497394,-0.97650028676273037,0.18902995313059406,0.10351264063750813,0.037068648381546547,-0.32582715502925486,0.94470237659948042,-5.3564985578011006,14.574176828475331,-2.1624151693908669,,0.2600593466886942,0.1052631578947368,0,1
-0.7028939842690376,-0.70755039765007144,-0.072886772898955329,0.71104998725684487,-0.69626619868467043,-0.098088206178112883,0.018653752985357496,-0.12077174899133132,0.99250502373798422,-2.9242844385503064,18.861772849887604,-2.2947780212966871,,0.2360635711188992,0.375,0,2
