axis_00,axis_01,axis_02,axis_10,axis_11,axis_12,axis_20,axis_21,axis_22,location_x,location_y,location_z,dbh,dbh_approximation,score,reconstructed,number_clusters
-0.98878234839070689,0.14454138779470219,0.037646443727675324,-0.1492785114885001,-0.96481857726076936,-0.21642790711986137,0.0050391982236556495,-0.21961989934176518,0.97557250181335908,4.0527105354236816,-2.1918644046047642,-0.81181656821870563,,0.5725037220532867,0.4459459459459459,0,4
0.98169714407693875,-0.18965320966860777,-0.017389001511826794,0.1904453161143797,0.97812541843638878,0.083673456835095694,0.0011396847271029624,-0.085453647499891677,0.99634149529550786,-2.3567456144882883,-13.369981143459004,-0.45023620195848607,,0.07411231017089513,0.25,0,5
0.86436305731298757,-0.48527875453852093,-0.13183715540805491,0.50241770788972817,0.82228592969032022,0.26724950258542773,-0.021282667863255951,-0.2972379185549322,0.9545662197154029,-34.875858760219842,15.517265349067143,-3.5471434180134218,,0.3937642641643571,0.3214285714285715,0,3
0.82371144764204718,0.5628187915394961,0.068807404495924041,-0.56636625512667982,0.81091932316677329,0.14710240096111488,0.026994741658795951,-0.16014012365664382,0.98672510088575893,15.073548876456039,-3.2309154119267496,-0.3391548030921383,,0.1165757670626305,0.4444444444444444,0,5
0.67153116102351806,-0.737283278351899,-0.073886854291424442,0.73963507082286639,0.66097777062774976,0.12668207744122159,-0.04456300913604988,-0.13972027125169123,0.98918773952071093,-25.549826725302552,-0.95304544729067919,-2.3946687200394634,,0.1089993353847988,0.391304347826087,0,4
0.98147349396096839,0.1915927246929825,0.0014172144398151823,-0.19094203298014184,0.97747513779694584,0.089908258965754426,0.015840476427804992,-0.088513178869373682,0.99594904311062971,2.0104449117244747,-5.5066291699663648,-0.7070791340844953,0.2435045123944119,0.1717667683378446,0.7172774869109948,1,1
0.79260273397332182,-0.60079905361157726,-0.10402597405191397,0.60877370726889379,0.77015364674098308,0.19041516155404589,-0.034285265583101923,-0.21425185551354978,0.97617655317718943,-13.324467519533057,9.3704709464438825,-2.6146655362956546,,0.1249727284612641,0.4411764705882353,0,5
0.9777894604288796,-0.19052735884931171,-0.087333250277919161,0.20395481021816189,0.9609333855508243,0.18710816102646055,0.048272212121195104,-0.20076442429807104,0.97844950788131646,-2.5811096476111022,1.5263706809305657,-1.5148783007295468,0.4913591708463475,0.2792550324230254,0.2846003898635477,1,5
-0.90952350402298021,0.41402879392533354,0.036703588795836198,-0.41526258122489385,-0.90894461334295029,-0.037103618546889247,0.017999562889095783,-0.048988240176274789,0.99863715535735664,-10.264937822784262,3.6947222573550085,-2.1212506133558624,,0.0725944525121862,0.4,0,5
0.38688031245255972,0.88513210449642332,0.2585822527288803,-0.92107993793565734,0.35755682072851369,0.15415858030924981,0.043992860432751663,-0.29781584501206509,0.95360911839741458,5.8694587547721166,-11.374239874016574,-0.25988454667008792,,0.4386417683146535,0.1052631578947368,0,1
-0.68170699391410805,0.73153717791517536,0.01135481292191646,-0.73111653699777435,-0.68172958312597709,0.026709264670975882,0.027279731981326764,0.0099062010267781161,0.99957875297759535,-8.8889116231702925,5.4908418984323299,-2.1854249666457561,0.170031246918448,0.1114461805633347,0.4919354838709677,1,4
-0.91253956659348523,0.40865882115753166,0.016416677237149947,-0.40845899620709536,-0.90858205251427016,-0.087406534460795507,-0.020803553034619868,-0.086467460579635058,0.99603744429717267,-12.843093796345006,5.059171629248449,-2.370353116065123,,0.1968636749239117,0.391304347826087,0,3
-0.06662360497903988,-0.99238916265296162,-0.10356179367193995,0.99672361886314831,-0.070964461627724781,0.038808153605082822,-0.045861997993386416,-0.10063694666890373,0.99386562577906568,-11.169668497004208,6.557301348403489,-2.37058480337351,,0.08075579148373378,0.3934426229508197,0,5
-0.57925385866090628,0.80083311681417435,0.15208973088326758,-0.81490507122375344,-0.5734603803139533,-0.084100636763254577,0.019866859848991485,-0.17265431133878525,0.98478210618180384,-22.471456621038435,3.9217740258742402,-2.578997221830599,,0.1369267217715871,0.2727272727272727,0,5
0.99846379157184628,-0.052436835593645814,-0.017900703698368884,0.05540005164226481,0.95028842701263483,0.30640290430067046,0.00094403284171237127,-0.30692390548599563,0.95173358932172647,-23.319033484665724,3.1965712315367671,-2.5699370192866335,,0.2340203654661837,0.3,0,2
0.71839222465053554,0.69543716586566806,0.016726024464385932,-0.69467858533886395,0.71593119097509028,0.069743765747093608,0.036527724172891483,-0.061722590043823196,0.99742470755693291,1.6652443580409881,-2.9422791156268522,-0.90155561329979061,0.1981147342241165,0.175919459645981,0.7799442896935933,1,5
-0.9705987855502819,0.23657712572580389,0.044376357124409141,-0.24056715599706452,-0.95961841496935529,-0.14580789110053233,0.0080895577011346163,-0.15219645605275381,0.9883171544707603,-8.6581238281720392,-11.393520318766249,-0.89346494803894727,,0.2423009870937167,0.3333333333333333,0,2
-0.89006104409505726,0.45577224039799508,0.0079374219371405562,-0.45561801279789516,-0.89003508981575197,0.01580396503296113,0.014267592596972689,0.010450061208340756,0.99984360378122539,-6.7397799262930125,13.541375039596536,-2.3822059098479702,,0.07917982001004671,0.4333333333333333,0,5
-0.44479207020193168,-0.89127972958207291,-0.08820690404716669,0.89460870359999822,-0.44683384910352691,0.0038443124816776681,-0.042840188241999602,-0.077200744370976765,0.99609475620543098,0.12649250638335716,-12.920024191834253,-0.3937580365864124,1.102909139387504,0.3758022685517656,0.2758620689655172,1,3
0.94347809406235739,0.31781830973949421,0.094024507543469624,-0.33136450135916323,0.89867800008928189,0.28735939064962135,0.0068303194254888244,-0.30227367425870799,0.95319671242964654,-5.9040679572425523,21.935910971474975,-2.8110417585188929,,0.2791928015516216,0.16,0,4
0.86214168057955554,0.50457241730712621,0.046026061099151916,-0.50578740817175727,0.85173489124358792,0.1368457992529192,0.029846613582714232,-0.14125986949985925,0.98952252572972144,-20.259980122909603,3.0488064632564864,-2.4787027918443703,,0.09945093895264302,0.2857142857142857,0,3
-0.99336800988326113,-0.11260704218177597,-0.023230389399273618,0.11313271533490102,-0.99332031792565079,-0.022709793416882236,-0.020517935118388848,-0.025187299322415178,0.99947216784226756,-7.8723791561500507,19.755013944271141,-2.8150701020930531,,0.2129678024786593,0.5384615384615384,0,5
0.36513934781819352,0.93087596952540119,0.011966036731093428,-0.92970051576554402,0.36395153437276728,0.056535224532951199,0.048272224520804811,-0.031768065535283933,0.99832889487981891,-6.0768312272768581,3.6398708750368285,-1.8453338992715449,,0.08709427633945407,0.3756906077348066,0,5
0.91230570930881127,-0.40572710220906266,-0.05553207447577959,0.40910416417098361,0.89694880541360456,0.16768012203319987,-0.018222942147402364,-0.17569393558158106,0.98427616316730338,-12.261264173088918,10.230115056666568,-2.5914329023343163,,0.09652995476784447,0.16,0,3
0.97881040789624918,-0.20211420217492151,-0.032863880981617292,0.20476850705957211,0.96595736003312449,0.15810198327165711,-0.00020954849777791534,-0.16148135458012589,0.98687574101930153,3.8617819185211322,-5.955036869260887,-0.60472637327358403,,0.1636573560002473,0.4489795918367347,0,5
-0.22616041611813867,0.96501682598768679,0.13264234520665602,-0.97379864535268468,-0.22731745020858543,-0.0065555426887624352,0.023825710703927704,-0.1306495403410155,0.99114228701944451,-17.626731766446156,7.4566680926738256,-2.6628171605357149,,0.1381302033009585,0.2222222222222222,0,3
-0.92778997624402126,0.36762434159815871,0.063703245173516873,-0.37296921128804322,-0.91840900195986153,-0.1319805764128372,0.0099863613138992686,-0.14620960496359395,0.98920322684678741,-0.55032520450872291,-3.3936247884819815,-1.0243622553618839,0.4853026502859635,0.2417438879831437,0.169811320754717,1,4
0.99594542254856588,0.089625915303751816,0.0077401944757700446,-0.089938632760212786,0.99016765391773509,0.10714037274656027,0.0019384637684553697,-0.10740210631553275,0.99421377475732309,-9.815722478432134,2.8183746957597382,-2.0509311657166145,,0.08258025364303917,0.328125,0,5
0.79247529516133675,0.60651507514695524,0.064205686496092915,-0.60977183240119504,0.78570951487316421,0.10410989697365633,0.012697203197575333,-0.12165534043871397,0.99249118846148932,-4.240506191670538,10.091113135133574,-2.1655402827574517,,0.329533263224599,0.4146341463414634,0,3
0.84749877941609653,0.52972788294942375,0.033677721332487323,-0.5300341827145828,0.84117410356682798,0.10719091679162129,0.028453190371404924,-0.10869451464754579,0.9936679115495396,-18.7679318273631,-6.0954021358544521,-1.8378294132494337,0.2717643200343151,0.2767734330879538,0.6710526315789473,1,2
0.27550092139440036,-0.95924307165380474,-0.06286471025153513,0.96082648005891336,0.27272145866753494,0.049350594726409472,-0.030194660594792505,-0.073998212589393444,0.99680115720495621,-22.162439560664772,-4.8872623621015245,-2.0180726503477548,0.2521836771244691,0.1675222719052219,0.7307692307692307,1,3
-0.63263204663115025,-0.77257253550652183,-0.053929314443128845,0.77370591507646014,-0.63354487545524185,-0.00021854084276540079,-0.033997802149251646,-0.041863685521298315,0.99854473173894132,-6.6345018057434162,2.5366963587476956,-1.835486469840433,,0.1080324563597018,0.3206521739130435,0,5
-0.99382238513868204,-0.047796023685277814,-0.10016290190054006,0.060530681384878604,-0.98989579308763609,-0.12822774831713316,-0.093022058719118658,-0.13349853537502238,0.98667372400625963,-25.220433595945732,3.1989437678645856,-2.6213979016750288,,0.402961565029289,0.3,0,2
0.92513637106606095,-0.3784444367152825,-0.030041691862685654,0.3795941300942432,0.92097562469556316,0.087819104496760003,-0.0055669856039683389,-0.092648297533579199,0.9956833340150949,-16.245133482068812,5.9400879986431585,-2.5382243585575277,0.4352496678613698,0.4449747602758965,0.92,1,5
-0.42221839545848971,-0.90472366096939005,-0.056627942030416031,0.90545066255365003,-0.4239051899843358,0.02152876181991191,-0.043482458734674233,-0.042183968358678707,0.99816320739441156,-0.29000307796845898,5.9795643740243856,-1.618449953533019,0.3958704311454078,0.3531921378624391,0.9172932330827067,1,5
-0.10922157054940611,0.99393981686851729,0.012421311126383049,-0.99306488149283745,-0.10965531453599875,0.042401098330434234,0.043506202688088857,-0.0077040533090374239,0.99902345212225796,-35.566315763276251,-4.2591497731940278,-2.5574467566825252,,0.1565679732012986,0.6666666666666666,0,1
-0.82502255573989103,0.55786420256064051,0.090140523749301288,-0.56362491670449977,-0.82385026632245728,-0.059980763168379955,0.040801173883400731,-0.10029092771430588,0.99412121696900713,0.59125754134712394,6.7982281922999572,-1.6156119474202375,,0.264804119591098,0.2916666666666667,0,2
0.71802653478292466,-0.69024792840310989,-0.089418637223130482,0.6954398035564211,0.70626185871997216,0.13250534535186925,-0.028308567202051386,-0.15732763346795409,0.98714063879993386,-3.9106958676877577,-9.5034704004065151,-0.83875725519237032,0.1068191162995123,0.07827129587818953,0.425,1,5
0.96815773052408016,0.24976036111128533,0.017040271242640979,-0.24998754048950694,0.96093275390381261,0.1188043436699262,0.013298061004131079,-0.11928119924110052,0.99277145259175081,-10.997858417097243,12.891569233002551,-2.6546379352608569,0.1894459605316836,0.2116631373977931,0.6363636363636364,1,5
-0.95319328042939222,-0.2985803913179309,-0.047668858436987864,0.30228920330799808,-0.9444984176836283,-0.12862339039435519,-0.0066187391299343656,-0.13701273266946457,0.99054717372711543,-23.590856491547768,15.523925353524064,-3.2057353794717676,,0.3767252611140885,0.3,0,4
-0.76075742589008255,0.64336902630388371,0.085582912698083449,-0.64848169518187082,-0.75892028167738279,-0.059257886165210619,0.026825919688662415,-0.10057982924778837,0.99456727674971435,-22.267678749973786,5.9302585245615731,-2.7269955336759915,0.5395311508848158,0.2185152937460544,0.5185185185185185,1,5
0.9410780684428105,0.33809016811520354,0.0081919057480451408,-0.33542432129930005,0.9300186537984575,0.15018597893216065,0.043157777709879781,-0.14408449538635609,0.98862382351044231,-6.6585382210340409,-11.768345338305744,-0.70623454901111271,0.1258360570016575,0.197750933757823,0.4430379746835443,1,4
0.38665313017289349,0.9193370265241666,0.072930025292797018,-0.9205802698065555,0.38003356112315095,0.090035877643009396,0.0550574588079948,-0.10195059627957519,0.99326469389979111,-0.45781104368432607,15.665472784349754,-2.1469579709002726,0.5865243212052319,0.5922291550644901,0.6984126984126984,1,5
-0.48041979381146066,-0.86459805978470361,-0.14719720354232674,0.87600075424277957,-0.48120744512563041,-0.032589466423160893,-0.042655600807356753,-0.14460148606494649,0.98857013405603866,2.6367266184078084,-3.8416836901682396,-0.79621502407365352,,0.1624974340597685,0.3263157894736842,1,3
0.75964804806400632,0.64695099666423794,0.066251422533362719,-0.64939110562788904,0.74911483880765972,0.13083634896144747,0.035014782648660307,-0.14241266163274563,0.98918784808687565,-15.983503982261288,4.945699566379183,-2.4737794926744523,,0.09156789579475787,0.25,0,3
0.99346041534232099,-0.11267426803131339,0.018463815192694633,0.1066449302043731,0.9734717881317092,0.20243403017614586,-0.040783109366091919,-0.19914112341568257,0.97912182641138812,-20.251589886392331,20.123988727618389,-3.2741630843391336,,0.4257626619537835,0.6428571428571429,0,2
0.91960053176943757,0.39278479000258892,0.0074142236269009194,-0.39191169802626474,0.91592270841483669,0.086549483881766087,0.027204465066187573,-0.082496672373207638,0.99621996372679189,-2.1155723364070562,6.412555292985922,-1.7992027795753855,,0.09908792752153192,0.3936170212765958,0,5
-0.70645680499259622,0.69035864002071357,0.15596067077440876,-0.70676503893941844,-0.69978402351427782,-0.10385326266964906,0.037442788526168544,-0.18359539368655001,0.98228853653316406,-17.507793180285752,20.362507003496336,-3.2163618300166843,,0.2380530617161149,0.3636363636363636,0,3
0.7733499147255829,0.6165112723159305,0.1477963480649194,-0.63289743343408156,0.73714397756874606,0.23676907544415676,0.037023616064434092,-0.27664527366561131,0.96025863412519907,2.223781656791108,-12.039216302607491,-0.36962979991674555,,0.4199820763265382,0.1904761904761905,0,4
0.051257966222911275,-0.9698253843818686,-0.23835130523504747,0.99780205279758549,0.039696452597110854,0.053058977413146732,-0.041996241874891357,-0.24054711692257963,0.9697285188178284,-7.0599346676749306,-0.71202195443184735,-1.6728079196038015,,0.3690258248890057,0.2367758186397985,0,3
-0.49912134994913598,0.85932292437637114,0.11154366708242258,-0.86582819243407838,-0.4997542276414671,-0.024233306435942872,0.034920183437229871,-0.10867301226948141,0.99346401907315607,-7.9054979987732654,4.4414146426450323,-2.02933329139102,,0.2800337464656099,0.3670886075949367,0,1
0.99971554671768992,-0.02264336791836169,-0.0074902296536817131,0.023076160834421856,0.99769030548754178,0.063886971577313406,0.0060263133087385262,-0.064041644462726477,0.99792903120533361,-24.794402620729869,-3.3892393948245827,-2.1583357562769492,,0.07501807959987686,0.5217391304347826,0,2
-0.27454894173999772,0.95442198141078105,0.11705366286181698,-0.96033638426811407,-0.27832866152558305,0.016946540184502357,0.048753539771946498,-0.10775823668424656,0.99298099417179642,9.0694113628282693,-9.6867154508647619,-0.2173308967408468,0.2041916430616983,0.1688753646396923,0.3846153846153846,1,8
-0.92928414665308667,-0.3678067457673902,-0.033899447595014065,0.36887454773566614,-0.9288628934952865,-0.033842179604343214,-0.019040557031047563,-0.043953644394602302,0.99885210833855709,-1.2815729608050526,-10.592677806459569,-0.6085468147350882,0.1678751383544168,0.1118004355922096,0.4673913043478261,1,5
-0.20082465073054453,-0.97884907358976925,-0.039037812328637761,0.97856001293659578,-0.20230609947707978,0.038633446596181509,-0.045713900954577037,-0.030442293718132868,0.99849061388312232,-1.6532446726551593,9.0407432457093435,-1.938527498814089,0.1527834016213641,0.1318394441707024,0.6597938144329897,1,5
0.476477184882447,0.87858964150010932,0.032399600849517894,-0.87819423647661377,0.47386531649524039,0.065011882314878464,0.041765719265400097,-0.059429821399491642,0.99735837141053207,-19.610658463004192,1.9402974242231001,-2.4203189743137821,,0.08434064616969138,0.3181818181818182,0,5
-0.21200777050472239,0.97050673497655926,0.114757930491776,-0.97685961579670222,-0.21384735732173671,0.0038208365613311515,0.028248827783394399,-0.11129234084899024,0.99338613771142192,-30.390457075797158,14.111150402312591,-3.3671244803534215,,0.3261779653149712,0.631578947368421,0,2
-0.97593416853374904,0.21368387429116675,0.043493684096151092,-0.21792331057558925,-0.96290009639806329,-0.1591629198788935,0.0078695232456742741,-0.16481081950077386,0.98629380226146035,-21.220544610593024,14.363241428113451,-3.1110744884107651,0.4394058899796542,0.3353078326385338,0.3157894736842105,1,5
0.63314766518736254,-0.77312962871983271,-0.037344494417857019,0.77345723804056654,0.63008414507682575,0.068977322689886947,-0.029798238042718667,-0.072557200320434223,0.99691901260393789,-5.0052868543306737,11.687838063859916,-2.2617542302671403,,0.06712500306528596,0.1764705882352941,0,1
0.36559878963861497,-0.9025127387439047,-0.22761432604244355,0.93007862292049004,0.34479321003208419,0.12677301567011784,-0.035934387445798466,-0.25804728001036364,0.96546378548247358,2.0899223705493286,7.6982258676188779,-1.5991344919681758,,0.382881465987331,0.2777777777777778,0,4
-0.93824119510768389,0.34570345317718715,0.013877401207503349,-0.34569221945298062,-0.93834223683691098,0.0032765801646823696,0.014154476768074506,-0.0017230871340835801,0.99989833571126174,-3.8235428068183541,-16.420379907676349,-0.2712749990149857,0.228152817262904,0.1965432089702644,0.8045977011494253,1,5
-0.99983725381116106,0.015632290331591619,-0.0090054089493244744,-0.015928829458115606,-0.99929975373046664,0.033856677130561993,-0.0084698455387341824,0.033994612708746624,0.99938612559077089,-0.8677830382366325,-8.119023100785089,-0.70338500115569624,0.3689643754777144,0.3290153584995793,0.9421965317919075,1,4
0.21194566872620149,-0.93693463302804736,-0.27790740713554257,0.97628709528465984,0.19016413818872543,0.10344616052604323,-0.044074267876435189,-0.29324238094030058,0.95502165678670292,-22.332356652075713,1.6779200081735077,-2.4702336392644142,,0.3076406401282266,0.3,0,4
-0.89343722346151866,0.4265266014746843,0.14087223277788974,-0.44898886898297641,-0.85732625066961421,-0.25179494721334145,0.013376220047521242,-0.28821304298597883,0.95747288138620545,-26.150914051839145,-11.929252224878484,-1.6056960794753492,,0.2394445445654095,0.2272727272727273,0,1
0.017067129593353717,0.9902950853605399,0.13792881134195076,-0.99888720320270241,0.010821567815968413,0.045904781318362113,0.043966673348411499,-0.13855878745414954,0.98937778126149012,-13.752727513015865,-2.6152801881887027,-1.9184121926032134,,0.07418887804903893,0.2727272727272727,0,2
0.83885313225182645,-0.5399901704938308,-0.068818880268020355,0.54432999212081923,0.83080209808661853,0.11607210471350356,-0.0055029254991794552,-0.13482762916003949,0.9908537875115756,16.763436819951405,-1.3782328154069656,-0.37869986687770435,,0.4267455068412655,0.6,1,5
0.55649908564348904,-0.79450792572040363,-0.24303481982099229,0.83019649539514639,0.52015732776899803,0.20052464537266276,-0.032902077617946592,-0.31335843747325043,0.94906477279095425,-23.560542085405181,-4.784144149581496,-2.0680837697661292,,0.4982558937911801,0.25,0,1
0.73103842854949475,0.6808911226221247,0.044385753550745241,-0.6817683824809001,0.72622950678159037,0.088218910269539527,0.027833228940640338,-0.094752216935280548,0.99511171671957854,-20.149705958301091,6.0859861792335135,-2.6843922511906109,,0.1045135612828149,0.3333333333333333,0,3
-0.022257459764423951,0.9819583042842166,0.18778310395799436,-0.99805880659109036,-0.032752192183640699,0.052970864568483968,0.058165488657810273,-0.18623958374746694,0.98078111389584099,-12.446584238869844,7.9029144884876308,-2.4741091270497622,,0.3672509353861401,0.4545454545454545,0,5
-0.82796021000044384,0.5581775554527163,0.054034315437968806,-0.56057847906203473,-0.82642799772873332,-0.052616854548439715,0.015285923868584137,-0.073855136306863703,0.99715182363197719,-7.5620130021159291,6.4735036669518493,-2.151934473593097,,0.06968513366567793,0.44,0,5
0.7530399407256968,0.65736597110445971,0.028298899373086019,-0.65718717019165951,0.74933873889956459,0.081218703017763114,0.03218495001264262,-0.07975860090485129,0.99629448185482949,-9.6802168816450305,6.1527630732881562,-2.2549647697624779,,0.3120358625583158,0.5963302752293578,0,5
0.48132675665109664,-0.87561641018312653,-0.040254882309482078,0.87573651468257296,0.47841004886247251,0.064879750300274375,-0.037551433838871481,-0.066481030117027093,0.99708082042090429,6.8019412290784986,3.8491406084177151,-1.0582952690037895,0.3692880527667846,0.1658568103236358,0.3207547169811321,1,6
0.79195339157192368,0.60461720597193891,0.085134363334755533,-0.61038718811867365,0.7804499191361508,0.13537135701822448,0.015404744668671064,-0.15917272996045148,0.98713055665328864,-15.565461503246528,-4.5064728452551961,-1.8242054223980801,0.5416794970444088,0.2325314841256999,0.2711864406779661,1,3
0.98839143497497417,0.15147840661297049,0.011690320701641747,-0.15187228179548332,0.98299498304899391,0.10322632088155639,0.0041450320077097251,-0.10380344710318795,0.99458919312405114,-21.755341446964572,-2.6344128474658244,-2.141302406236691,,0.07376986871787933,0.3636363636363636,0,2
0.41054650355869038,-0.90805695906008255,-0.082970642508604919,0.91100486728358521,0.40457637200669755,0.079925534089656261,-0.039008975907510152,-0.10839980773255464,0.9933417244242756,-6.9421409381786541,20.515542068003612,-2.8080998226164549,,0.1052304332106085,0.2307692307692308,0,2
0.75857647881882606,-0.65113660255784378,-0.024142298818904107,0.65114850603279228,0.75619448199029171,0.064618329432900815,-0.023819086340486514,-0.064738166616491399,0.99761797342922887,-4.4729098257690634,7.3233068115419506,-2.0155290386982796,,0.08794367214950113,0.4107142857142857,0,5
-0.95593057684957139,-0.29230301741567077,-0.027489602647885004,0.29289704861919774,-0.95591789237753444,-0.020791872033438637,-0.020200276092367526,-0.027927209709987473,0.99940583338481948,-20.099538786416286,-9.7571913275242697,-1.6867101573869185,,0.323598778410592,0.8333333333333334,1,1
-0.24167000707910402,-0.96410347319550116,-0.11000045750249292,0.9693225981388961,-0.24509249825160254,0.01853019260691343,-0.044825309989412046,-0.10214773748429372,0.99375878930009653,4.5577882207600195,3.0827813724607727,-1.1486276402744113,,0.08133179400611541,0.2771084337349398,0,5
-0.96604082341809738,-0.24962130761927462,-0.066740769190403212,0.25730363701057746,-0.95299228033790084,-0.16000172498287604,-0.023663598010702818,-0.17174084080034788,0.98485791753449226,-4.3040841913989842,-22.175646246544606,-0.013583933720742411,,0.2690275544035661,0.4,0,4
-0.4752264395371375,-0.87058720085543662,-0.12742745729061622,0.8771630211323731,-0.48011116771231527,0.0088487849926366675,-0.068882984276120052,-0.10756947682597295,0.99180842007547165,-21.493580129900408,0.50787106915318159,-2.4014228889673346,,0.325055900276958,0.8307692307692308,0,4
-0.013066564060907278,0.99912833259340605,0.039646436318575104,-0.99887150148469928,-0.014853300227636163,0.04511211582325543,0.045661673483845436,-0.039012235022725002,0.99819489935241967,12.112964879149294,6.0095226330322538,-0.91398784284109469,,0.3920632655811837,0.9448818897637795,1,6
-0.22785612213130535,-0.97169831898692582,-0.062321460872355232,0.97234386530107819,-0.23044387126486074,0.037987232168473335,-0.051273728347378741,-0.051942266743425919,0.99733294626564528,-23.144512201336948,-0.59858353793235919,-2.3646653348307067,0.1853522958463648,0.2180590061992073,0.7878787878787878,1,5
0.93703834536745911,-0.34610899290906633,-0.046558611861686514,0.34685277929454433,0.90684355841067044,0.23943247495844064,-0.040648355522278058,-0.24050639408661459,0.96979605360961818,-24.740583191885381,2.039401483933418,-2.539300028728912,0.4186245993442804,0.4376826474797798,0.5581395348837209,1,5
0.4627022036045233,0.88637874360821367,0.015472351438661686,-0.88571335453783373,0.4614725366675374,0.050546528020875295,0.037663302734290006,-0.037092058195142136,0.99860185001130075,-3.0938304573479773,16.657648653971954,-2.3806533282656059,,0.09761970143484637,0.8095238095238095,0,5
0.99642459285080232,0.080841323367144252,0.024550177155407301,-0.083957151660008097,0.9799400022086302,0.18074509331234653,-0.009446028120404024,-0.18216001896025175,0.98322352496527954,7.1136553952097819,-3.0988466739000127,-0.6313885604158701,0.6635442453972434,0.4179878187583017,0.5979381443298969,1,5
0.57436997044380156,-0.81022464981472675,-0.11676966166342503,0.81822832259531542,0.56396715885837112,0.1115502390498289,-0.024526499041721623,-0.15961535189893591,0.98687455650803757,-10.391103703914446,11.902259212555419,-2.5667086495073064,,0.2075159176129447,0.4722222222222222,0,4
0.96153013377929331,-0.26583234438706455,-0.069231253867390777,0.27468224024852117,0.93325728726073676,0.23147462639949204,0.0030771295760436031,-0.24158642439592454,0.97037442815707209,14.845391134587022,-4.4227318384461878,-0.28158129955642419,,0.3193342873193097,0.1818181818181818,0,5
-0.89067875627334703,0.45463320625089138,2.9956609276479467e-05,-0.45463246575039135,-0.89067742068625932,0.0017473881630226521,0.00082110235860273224,0.0015427422686269004,0.99999847286743881,10.774203915864128,3.1389514297658532,-0.84826176952786414,0.7380593280298046,0.3871664661891596,0.275,1,3
0.18087846809641758,0.9817533352651322,0.058680222178205538,-0.98272591000725129,0.17803805185886873,0.050519678252338211,0.039150550181501077,-0.066804496750511533,0.99699768988418314,-14.13016984317836,4.4833680171283365,-2.3862570859463612,,0.1465524832614534,0.4303797468354431,0,5
0.66556655176346402,0.74629129157954432,0.0083948368792366636,-0.74537604162632698,0.66409514741076781,0.058242525313901027,0.03789091900655945,-0.045021587022313486,0.99826716612279309,-0.93456230006675634,1.3659501232505609,-1.3557984625938386,,0.1508838137082718,0.632183908045977,0,5
0.50900140874683308,-0.85889456642904594,-0.056724682920224881,0.85973379302881026,0.50406021151044811,0.082347485063822529,-0.042135151809782535,-0.090683112709606009,0.99498804115992423,-8.8236964270807299,3.487446864747878,-2.0376370150300178,0.3455585383544596,0.3033088209806342,0.7896613190730838,1,5
0.44629439639417767,-0.87167613578517089,-0.20248957022471006,0.89411731367313374,0.42496778447019184,0.1412678716213796,-0.037088288408803398,-0.24409649007129916,0.96904146577831041,-6.3932756865921458,-5.9769772779852453,-1.2430544861727639,,0.1002735142542042,0.2521367521367521,0,5
-0.99855061251548272,0.05146892848917247,-0.015736061932111103,-0.051278785695731785,-0.99860915611939916,-0.012257220405667188,-0.016345041527203372,-0.011432528796304749,0.99980104866058039,6.8519757902072094,10.499832992065411,-1.501038783622809,,0.1185077347183316,0.2380952380952381,1,5
0.95249881120895652,0.30040603031078095,0.050022311006620357,-0.30441206439955559,0.93435701662330917,0.1852302905433944,0.0089055989987045833,-0.1916590265020347,0.98142116742342933,-0.13500135864642288,17.208217660655095,-2.2568210160069921,,0.2439771746642974,0.4,0,4
-0.32373425871855149,-0.94523701921337444,-0.041510326914689546,0.94511135966505755,-0.3251213991006377,0.032566757267347063,-0.044279200128461364,-0.028688906487671667,0.99860717956588185,-4.6715705676909405,10.735908087405036,-2.1934302548042646,0.2655260111114003,0.2508282512319902,0.8992248062015504,1,5
0.70085494118782621,-0.68942275117535756,-0.18302628656673964,0.71280818268983492,0.66735623733915517,0.21573165547721707,-0.026586577497380019,-0.28165923142394383,0.9591460948419952,6.8285404587705569,-10.381410332800368,-0.27100153823645623,1.361927203353989,0.6698036329249872,0.75,1,1
-0.37977349144555667,-0.90796191862635067,-0.17713624564048705,0.92427750801303832,-0.38039466629227509,-0.031796006629702299,-0.038512119864518898,-0.17579832815116297,0.98367259006378571,-17.511688788647852,0.085967557405705899,-2.2711620740016563,,0.08752216150106025,0.2727272727272727,0,5
0.53734510002435942,0.84190732520719658,0.049520695090792509,-0.84248291882431292,0.53317753995655559,0.077098912931002836,0.038506817176675708,-0.083149062822978764,0.9957928792588262,11.754719823880704,-4.3723892876805373,-0.40355174751481748,,0.2388513212730894,0.472972972972973,1,5
0.99981325641105623,0.018485608616652657,-0.0056333452575081404,-0.017862139501308986,0.99525142499731811,0.095684612207202313,0.0073753831869353883,-0.095566120120463435,0.99539576069419045,-2.6250980723707782,-10.274099542482954,-0.7062258240111311,,0.1069598593554349,0.3461538461538461,0,5
-0.99246214492367535,-0.12176300401740874,-0.013880264628370576,0.12220012859351839,-0.99181960413713544,-0.036891752750218644,-0.0092746679306950613,-0.038309838186974851,0.99922286644815272,-1.3902972894408296,-4.79395525755353,-0.92553028756555666,0.4040151523447182,0.1996897523944765,0.3298969072164948,1,4
0.25661031970505516,-0.96570178471135593,-0.039638451359373765,0.96563449257977862,0.25441071711106605,0.053152739903272239,-0.041245248951378148,-0.051915797444835494,0.99779936831740068,-5.5264428250813431,-5.4916916266303177,-1.2033015151461424,0.6923137297650168,0.6275170585607019,0.992896174863388,1,5
0.55151008888380981,0.83010955518310137,0.082187275493739748,-0.83238342261315479,0.54121071227762862,0.11928454499536084,0.054538606676193091,-0.13419795568358578,0.98945260072029939,-15.165743021839599,7.3986342612711775,-2.5824157746212597,,0.1018453818457615,0.3333333333333333,0,5
-0.81114796097818687,0.58449806992049569,0.020024776157180974,-0.58449762983892939,-0.81136950469439384,0.0064844093522960335,0.020037617463259487,-0.0064446187776645786,0.99977845584669756,-10.153859916222622,26.432477064338098,-3.0797118121866842,,0.203308211259091,0.5,0,1
-0.050938130430926716,-0.99526732583817501,-0.082754196190445786,0.99765114261601284,-0.054509431722380444,0.041483966665016928,-0.045798520774835039,-0.080446702680893212,0.99570619337363075,-8.0318068548863586,14.535645070360456,-2.4914602337299701,0.1887491014403067,0.1667497307131711,0.5,1,5
0.26518079858268917,-0.96125594787852797,-0.075273811722272196,0.96335791627918943,0.26088137348947188,0.062309181574347255,-0.040257536005890195,-0.089038820940079366,0.99521425791652274,-0.80109415206536194,13.88165318959987,-2.0724845163126258,,0.1028469464660862,0.2580645161290323,0,5
0.80148618959002027,0.58867746695886891,0.10525553568036553,-0.59704272242727663,0.77766967093794659,0.19690066150191798,0.034056944858527609,-0.22065521248807327,0.97475709882449557,4.5975688655914961,-13.505265589819897,-0.20363139993523222,,0.2970345900242132,0.25,0,2
-0.99713975038797142,0.056756440966594379,-0.049910165347536589,-0.051709843878433956,-0.99392383853039401,-0.097167356900731139,-0.05512177647972661,-0.094308587147786074,0.99401583495833024,0.5838344591663488,-16.918811303212671,-0.096027739586636421,,0.1956464855025777,0.2173913043478261,0,3
-0.037772450879272439,0.99915214668901298,0.016377720272061594,-0.99838892783490263,-0.038427905098839282,0.041747393767613723,0.042341359581932893,-0.014774433202378701,0.99899395663452428,-0.95542316035133434,9.5001663392859843,-1.904805591964275,0.184547887452512,0.1609485872568175,0.5,1,5
0.80679105993445299,-0.58312203503760907,-0.095167630334260955,0.59049935497292361,0.79035812785681303,0.16323155793912683,-0.019967408104267316,-0.18789018597114301,0.98198705726161517,-1.5565860603072614,-6.145941279570561,-0.83436517631545104,0.1546634698367376,0.1131333519429183,0.3872832369942196,1,5
0.95196109719241595,0.29827009110601999,0.069318267316905671,-0.30600356023243458,0.93508721449857346,0.17881197500831272,-0.011484361422656034,-0.19143368050817311,0.98143836047395683,1.344995891370085,-19.974541473382864,0.068823562526880128,,0.4683246016548479,0.2692307692307692,0,4
0.85317532152027808,-0.49795156134036417,-0.15535801655358508,0.52135022750460835,0.80437518068167035,0.28491140550041827,-0.016905946576974942,-0.32407531726748984,0.94588021319208948,-16.141993631024384,5.7387449839706388,-2.5284641532545749,,0.3012127557111579,0.3947368421052632,0,1
0.098887538849107864,0.97789459484637431,0.1842373904249951,-0.99446966032159356,0.090534823857022051,0.053231009468476288,0.0353744167474348,-0.18848237859127281,0.98143927147855425,2.4036823401244765,3.0300846257091956,-1.2751955882623778,0.3857382514064305,0.4314040332699147,0.359504132231405,1,4
-0.97994713300541281,-0.19038226750692824,-0.058806536485265924,0.19688621809855583,-0.97055191724080381,-0.13879766951591246,-0.030650181684949433,-0.14759257487800997,0.98857321337549886,-5.9055974704826131,15.125009347151209,-2.4180089613166036,,0.4531595254321601,0.5652173913043478,0,5
-0.3389599382098693,0.93454416220195491,0.10832067754131035,-0.93976090784194777,-0.34174553946437758,0.0077085892535722882,0.044222125467240692,-0.099182635327200508,0.99408611722964513,-14.530070168665894,-4.9472387003531795,-1.7897365527131359,0.5142948842656878,0.1740982094594551,0.2537313432835821,1,3
-0.0013430705339507044,-0.99869202576255411,-0.051111973546595628,0.99888638279411146,-0.0037503352039905619,0.047031151956498311,-0.047161323455119024,-0.050991888219056654,0.99758490210398543,-7.300687665763709,-14.814777236257132,-0.57342246868847446,,0.09575863272131802,0.3125,0,2
-0.95907634809337194,-0.27689765862653737,-0.059162869901850206,0.28228683882580941,-0.9513353957592332,-0.12359249735058715,-0.022061259112144588,-0.13523554053119674,0.99056784190868119,-15.443344623454259,-6.2886354192961651,-1.7087621197618574,,0.1062027261842092,0.2926829268292683,0,2
-0.23212917401510846,0.96796112125195777,0.09574609295275037,-0.97193377243024603,-0.23469129402051686,0.016270787334578232,0.038220264004520166,-0.089281936894472544,0.99527280037374521,-6.1724735535506623,-18.95699048760472,-0.25409131749048991,0.4648091373335288,0.266536556083009,0.9056603773584906,1,3
-0.034572268037691409,-0.97835309341560361,-0.20403426890316634,0.99822859214768589,-0.043695408315222062,0.040378077108940397,-0.048419377335727272,-0.20227687929243318,0.97813068043188145,-21.866180328268999,-0.89109453611585376,-2.2977276917989884,,0.1254695933382468,0.2380952380952381,0,3
-0.10553436586572533,0.99374382597812394,0.036547311141568194,-0.99342428429905472,-0.10699862393182584,0.040736787325537843,0.044392442895493225,-0.032007855396059708,0.99850128102407287,5.5764094946362341,-7.8067143036149895,-0.45945544227980606,,0.1616930023850584,0.375,1,4
0.20266814592297536,-0.97337515174559508,-0.10708144840439843,0.9765267487795104,0.19274732251091964,0.096145611355853158,-0.072946086572637556,-0.12405355145706982,0.98959061476179433,-9.3984709427410209,16.571657250653281,-2.7417882536895983,0.1040370567155536,0.1984002291814597,0.2142857142857143,1,5
-0.033513210757233458,-0.98573218636383375,-0.16495126998940618,0.99828048627754595,-0.040957246141611968,0.041935363429480177,-0.048092987245631047,-0.16326224534432987,0.98540981516469583,10.268216950567233,-2.1903150223008119,-0.57893763026059597,0.6365502147514963,0.3682950252606857,0.7475728155339806,1,4
0.99331581916879386,0.11359107023969929,0.02051224392470687,-0.11486432874654308,0.95518569213359772,0.27281216894571514,0.011396024334523122,-0.27334476820502535,0.96184862027468099,-16.331569431734238,1.9201107955309122,-2.3499879684117078,,0.4749063138979248,0.3181818181818182,0,3
0.57730444694224037,0.81628442942297963,0.019982638021901242,-0.81544730494608064,0.5751077453967709,0.065549782919675309,0.042015097249531917,-0.054136969496299515,0.99764919693089971,-2.8113199126894917,9.9141007488446515,-2.0429382423508922,0.2549131189771673,0.2163794840510524,0.8287292817679558,1,5
0.5989927282803984,-0.78554893915661161,-0.15530800255340438,0.80014468969493546,0.57960332545723325,0.15436470021320783,-0.031243991745640118,-0.21673220644112909,0.97573098939767189,-8.7856535517480854,12.453823645883761,-2.4846118249102846,,0.2672419944715647,0.3,0,1
-0.41977089160148007,-0.9067386286900796,-0.040217630528553608,0.90693124701906203,-0.4207742091521115,0.020610145386760932,-0.035610556644718745,-0.027823086702376265,0.99897836017693831,8.0542419363733551,-2.1170110314933548,-0.65582334772822137,,0.06644261646963943,0.2121212121212121,0,2
-0.39508367119789212,0.91838745443616665,0.021757212299647933,-0.91768347002639972,-0.39564279412913755,0.036384451266899216,0.042023107846757911,-0.0055913315001946398,0.99910099360322591,9.5331695724172967,-4.4423212169247916,-0.4696037843397437,,0.06981631244241607,0.1578947368421053,0,5
0.95694708128279271,-0.28998459985191166,-0.01269706552988264,0.29009198386025398,0.9539707623907886,0.07606855725961334,-0.0099460808545732658,-0.076476900775747314,0.99702174455894899,-0.58693317462919592,12.082712713360726,-2.0150602932249084,0.1381816743634232,0.1037905910292631,0.5434782608695652,1,5
-0.89545923361438284,0.44513790641995649,-0.002237231056473105,-0.44509529189313668,-0.89527690536308668,0.019220922403949257,0.0065530198615329866,0.018207333455315208,0.99981275793977631,-6.074833461249546,-7.5490009259246058,-1.1064071872767332,0.222040653654145,0.1437913110375888,0.5491329479768786,1,3
0.67458860307958091,0.73810145952744011,0.011681268706889032,-0.73720446060546374,0.6727810539939475,0.062411831011445526,0.038207327288720568,-0.050713793293899516,0.99798211973521689,-13.288121296078915,7.1157108734321231,-2.499151744370665,0.2633695007430867,0.2428080462315086,0.83125,1,5
-0.95052769861472974,0.30998710167118654,0.020126871681429889,-0.31053556373834479,-0.94989058457153785,-0.035714716799220877,0.0080472243594720723,-0.040197937009722448,0.99915933065766271,-4.5771119263262516,-12.796476733597769,-0.57813060547331319,,0.1015091355157155,0.1290322580645161,0,3
0.99814496795294871,-0.056902100891593435,-0.021651186210658688,0.060626168559687339,0.96154418734032976,0.26787542529652875,0.0055758977732803796,-0.26869113626271091,0.96321024841821246,4.8454199891776248,-3.9263822779935622,-0.68482293386225768,,0.1661426127376673,0.4767441860465116,0,5
-0.99934779913903737,-0.033754837829833247,-0.012829157378515858,0.034610794170981236,-0.99668004127065435,-0.073695239056400699,-0.010298994262307307,-0.074091202283454297,0.99719828743403716,1.645233160221147,-7.5885749606414343,-0.59498474675345092,,0.09462193061230906,0.2285714285714286,0,4
0.26263693447301528,0.94681649448116001,0.18590418615249815,-0.96342194872704845,0.24668168081033551,0.10472008911170209,0.053291550564720763,-0.20660753648159436,0.97697151263863025,-7.9387484570731601,13.105167596554693,-2.4608343788234421,,0.1515770188675549,0.15,0,5
0.76804494522489808,0.63959979184231663,0.03192285058933645,-0.64021234179536146,0.76567660477546273,0.062189181634911411,0.015333607774535846,-0.068201489534949269,0.99755372652195129,-17.522480508210364,-3.3670624980187673,-1.931893272555212,,0.1360148476463329,0.4285714285714285,0,4
-0.99933396895931248,0.036465778067935543,0.0013658381780778963,-0.036489126212772297,-0.99815988809930911,-0.048429138520152369,-0.00040268133430518635,-0.048446721452290301,0.99882568700863317,-4.815432437434386,6.3973586995023863,-1.9656707208313893,,0.09359384989716282,0.325,0,5
0.99604519504795141,0.088666131756732755,-0.0056821211873020047,-0.088064727202607385,0.99371634908438455,0.069082714083428864,0.011771713750334773,-0.068309110971378817,0.99759475345136062,5.4953935232044779,5.2356555629053805,-1.1762410360068194,0.2850648837876383,0.2468951349344288,0.6046511627906976,1,5
