axis_00,axis_01,axis_02,axis_10,axis_11,axis_12,axis_20,axis_21,axis_22,location_x,location_y,location_z,dbh,dbh_approximation,score,reconstructed,number_clusters
-0.88986512402373186,0.45325616852569944,0.051951003259158905,-0.45527294936638324,-0.88958223123849345,-0.03701344944720459,0.029438115114001163,-0.056588864259222674,0.99796347519355078,-13.87889763311054,9.1306497071338963,-0.93583637954857191,0.1831946016192041,0.1463653298355941,0.3529411764705883,1,5
0.83433073208043518,0.53889517523242403,0.11612157257521463,-0.55042608428084416,0.80275912254633597,0.22936633779152202,0.030386761087401577,-0.25528372701731811,0.96638856753935443,-26.857799685298666,10.873196684881519,-0.9175262808141702,,0.2956017358554989,0.6111111111111112,0,2
0.95903927440701942,-0.27886856604381821,-0.049759351056091347,0.2827956347222807,0.95273081744461907,0.11104331800397309,0.01644077634666799,-0.12056663039155437,0.99256908500574725,-3.3911745700049729,9.3182248012072435,-1.1988951418099119,,0.5265162647358117,0.7123287671232876,0,5
0.41711007990024462,0.90670168355479275,0.062539893544182754,-0.90822263024447791,0.41326294852376311,0.065919566816309449,0.03392396140511917,-0.084295862391647575,0.99586312936378696,-4.0406978041831865,-26.686587403088229,-0.47968179558641644,,0.1919495251988034,0.5945945945945946,0,5
-0.99071201975332901,0.13593549411666953,-0.0033519181878785497,-0.13565969066215394,-0.98978371052291392,-0.043870886849289366,-0.009281284702562299,-0.043008694734336751,0.99903158605297415,-22.006804249205789,9.5409688048730281,-0.92040764553478494,,0.2425626808315312,0.1666666666666667,0,3
-0.48727143598010692,-0.86154254689295984,-0.14251662208695412,0.87217645720610559,-0.48823920225903239,-0.030507521578604434,-0.043298674036163665,-0.13916508639258182,0.98932214346796798,-2.3686298540357602,13.735828821498236,-1.3018722408228451,,0.1703514969249515,0.2424242424242424,0,5
0.98134906202427863,0.1852443108811353,-0.051366951926721659,-0.16797141221136511,0.95625592173935725,0.23949993072677966,0.093485951585190449,-0.22640485291748019,0.96953660035690559,-19.117906833507313,-30.849725674122755,0.013582719141888681,,0.4547122182302075,0.3478260869565217,0,2
0.95987564708009032,-0.2738132272363798,-0.060539728550563845,0.28042530342524818,0.93771991649127173,0.20504391581917134,0.00062557288520715727,-0.21379353312483662,0.97687866895155651,-12.966833581239664,-30.265206093892527,-0.10719140180227234,,0.1508637082305843,0.15,0,3
-0.89973841214336636,0.42354064937110786,0.10528109062900731,-0.43641953822967661,-0.87478408442205158,-0.21045377709432492,0.002962493059718469,-0.23530007218905008,0.9719182577062222,8.412067220006378,7.0928258753050324,-1.5377458309919521,,0.3006538070703076,0.1481481481481481,0,2
-0.33383279725091797,0.93595287418650008,0.11201732357835301,-0.94200105849341131,-0.33559354963971377,-0.0033128896012383992,0.034491582696658259,-0.10662638858297245,0.99370073159922412,-30.32660698024285,4.091243752150147,-0.79004900530610944,,0.2159647808811385,0.2777777777777778,0,1
-0.97286156266659385,-0.21210975766788057,-0.092465293964749368,0.22979869986719972,-0.9324372761946198,-0.27884275766478994,-0.027072817091303634,-0.29252380529596744,0.95587493214850527,-7.668835233500725,-26.977758137803033,-0.36936365543491351,,0.2768703710820038,0.3,0,1
0.27928268089670394,-0.95911560337880042,-0.045808771064817101,0.9595279831497302,0.27697048791504214,0.050925419750004419,-0.036155687018233316,-0.058177385463962873,0.99765132091167841,-12.020303564894805,13.910425776114446,-1.0050298747959954,,0.08290427461446301,0.3333333333333333,0,3
0.21144025669890468,0.95678774820717871,0.19962520564232195,-0.976325971380548,0.1972258238858286,0.088823262720906279,0.045613763875965607,-0.21368008628132418,0.97583820650345299,-27.628029677629893,15.947623065732055,-1.0191907340684896,,0.2303505890125432,0.1818181818181818,0,1
-0.9058064442587036,-0.4222001181268033,-0.03552106126112739,0.42368381995248117,-0.90311309266383033,-0.069848139342755911,-0.0025896428087891854,-0.078318593660028704,0.99692501806165845,-5.9996017720341888,6.6512868079894663,-1.1302333455206677,0.1882357265759591,0.2022733332449654,0.5102040816326531,1,4
0.59019877103049578,-0.78861157388277314,-0.17250274262233278,0.8068338350932811,0.56933721018555228,0.15771589535236866,-0.026164350226206896,-0.23226477700302833,0.97230062230823111,-4.8673067706251842,8.8456449735749949,-1.1656561107348347,,0.1813321501698577,0.2173913043478261,0,5
-0.54238872632166824,0.84001106986494212,0.013995430094012669,-0.83969931798733999,-0.54256885300750168,0.022893123808752053,0.02682396187659547,0.00066501915927134946,0.99963995159195385,6.2254701871083089,7.9886455035491641,-1.4522542064806934,0.4697535786831242,0.3640135499212714,0.6982758620689655,1,5
-0.67410642707564128,-0.71620637826345812,-0.18063484910186484,0.73300548509754049,-0.67879033622468221,-0.044120723757689696,-0.091013646186892158,-0.16214839864372105,0.98256013201485271,-3.995065316212306,15.102314244650513,-1.2760192361896536,,0.3296454567121126,0.3125,0,3
0.9322606875247389,-0.35331526996267154,-0.07783527803705112,0.361786222643321,0.90991594970756262,0.2028883771270826,-0.00086000080110794352,-0.21730458918068987,0.97610346578609875,-9.8511304928269698,-29.208782923362499,-0.26754774437914441,,0.09513818026447618,0.2857142857142857,0,2
0.45282306619295265,0.88561331435805102,0.10315196631843579,-0.89050279849436109,0.44348980521098114,0.10159507147315912,0.044227102520094749,-0.13786170645133133,0.9894635482406634,-2.5949775993555622,-28.791910200570065,-0.42453967777305773,,0.1273829706927814,0.44,0,5
-0.84445914717275727,0.52776113951525139,0.091416236926617114,-0.53520826502131247,-0.82473880572636371,-0.18264176790079717,-0.02099670948354827,-0.2031602371199038,0.97892035234959174,19.352429016933897,5.3345026780856175,-1.9707906308873941,,0.2301473536320013,0.3333333333333333,0,5
-0.43036254652136463,-0.89082251401150314,-0.14568228129004299,0.90058498009980725,-0.43467290164191347,-0.0024823772535612167,-0.061112782380414066,-0.13226759659275727,0.98932831290795464,-3.8727787103812479,4.3754896482924321,-1.1137493407274535,0.1781405379580717,0.1654170387818552,0.2782874617737003,1,4
-0.96018022361778221,-0.26675578023809537,-0.0830378942584208,0.27479935419066231,-0.95536137090362649,-0.10848947378220987,-0.050391002269281421,-0.12698820691194423,0.99062341088608907,-23.728693346043464,2.1264770308449905,-0.75217108333197835,,0.1453636615305185,0.2666666666666667,0,3
0.45558135987713433,0.89018686368543187,0.0036017015972362823,-0.88890310327426314,0.45469908203273984,0.055677803368745796,0.047925958747698796,-0.028567333100556092,0.99844229175132415,-8.0868624939492531,10.477835913679717,-1.0915915841252051,,0.08519647578143581,0.3833333333333334,0,5
-0.85823856119889297,0.51134197925274327,0.044226149788812667,-0.51299477424998641,-0.851897226125923,-0.1053920192005301,-0.016215229368123082,-0.11313927864736706,0.99344681285094183,-9.6129552151664885,15.82276737524643,-1.0693039180800448,,0.1898485556172619,0.2195121951219512,0,4
-0.99796229807008996,0.053050713380429736,-0.035452410926391419,-0.050249474697033517,-0.99586282785820401,-0.075711415142862074,-0.039322282783917931,-0.073775672820314636,0.99649932673162056,-6.6050325443423512,-35.23090350825489,-0.17887401468288294,,0.3413049044085325,0.5909090909090909,0,4
-0.22951899287294414,0.92741443153376446,0.29533625597527818,-0.97260112004986288,-0.23007083800597394,-0.033383690284067992,0.036987743758480837,-0.29490656432527013,0.95480994188871116,2.8502593680939361,10.128854133397759,-1.3916369189381075,,0.4747409226077397,0.1923076923076923,0,2
-0.70799619674222225,-0.66814552875157518,-0.22874207703836905,0.70492042591578696,-0.68821272372001108,-0.17161130509552625,-0.04276188168515032,-0.28274511369635058,0.95824142164466253,-17.20252955293487,10.543386853288274,-0.90604037089340728,,0.1521463809610996,0.6428571428571429,0,1
-0.18213177759969251,0.96161411549043252,0.20524694511229566,-0.98306952077426102,-0.18234077318854069,-0.018059893622903229,0.020058238034322565,-0.20506129650072633,0.97854357683467563,-13.433876838705384,-36.217565936868183,0.01879103586837523,,0.1893748477636199,0.2857142857142857,0,2
0.56895691182604147,-0.82103961956288118,-0.046711621609760043,0.82214180200191112,0.56655234959735223,0.05568925001084489,-0.019258501666134249,-0.070088360472758196,0.99735486755708813,-13.834629668224569,-29.46837450359099,-0.11665484263139023,0.3096386745543562,0.2684348128130204,0.8666666666666667,1,4
-0.9386228178953262,-0.34471628761534701,-0.01256530059055827,0.34472275971978866,-0.93870297524993773,0.0017155722334340005,-0.012386470740712176,-0.0027212698522371447,0.99991958178294593,-8.8029998830208616,21.162832396491083,-1.2170625915623843,,0.1712659424713203,0.7105263157894737,1,2
-0.37205795942961012,0.89381151977602114,0.25034744244899837,-0.9276156308482788,-0.36768724772559269,-0.065843217311497226,0.033198135957081286,-0.25672369383377691,0.96591450387356614,-19.392671976887073,-27.574375603570907,-0.10448194681759285,,0.7516216326474906,0.6538461538461539,0,1
-0.51732014130639625,0.85573404449786949,0.0099557262944073351,-0.85527773325195455,-0.51737753521782381,0.028644110307857962,0.029662609496290144,0.0063032641740994877,0.99954009347230444,-18.527702421640953,12.990701727066909,-0.97889755327413275,,0.09072781887969919,0.4722222222222222,1,4
-0.47857979439980103,0.87642845847324957,0.053240375378542343,-0.87755083732432348,-0.47946296128858096,0.0044493441948534329,0.029426319913023854,-0.0445917697629142,0.99857181302387477,2.9555807875053488,3.0960345478610782,-1.2665016087719005,,0.1518696215566837,0.1626506024096386,0,5
0.96206381217048442,0.27275334807490503,-0.0062315668916875684,-0.27037627615510995,0.95623487178139854,0.11185499220736099,0.036467665191120172,-0.10592677236252752,0.99370500063769784,-12.21576158700616,9.5576364464407764,-0.97196844633252155,0.8851126585649982,0.3288642382989507,0.8260869565217391,1,3
0.88678084658911593,0.46211053302156252,-0.0085781928877160952,-0.46082805020695128,0.88543901368050282,0.060293127261391431,0.035457555825958928,-0.049513718533616635,0.99814385406704953,-16.197869028670215,18.546587989014125,-1.1207856784357615,,0.1119352533235622,0.5238095238095238,0,1
-0.52267938897996769,-0.84344442965276401,-0.12412795987710146,0.85126357295654775,-0.52427286548163832,-0.022097327370621398,-0.046439053530193647,-0.11721542819695517,0.99202013976522918,-11.65587378628048,21.280793320261207,-1.1492169823512615,,0.2702697615092472,0.5526315789473685,0,5
0.66510657965509723,0.73983696777906882,0.10136320243051834,-0.74562250088685467,0.65050593922998212,0.14453065141260193,0.040991753691809879,-0.1717069717105025,0.98429487045055697,-4.0254136234671893,7.1464008829425554,-1.1629019815148327,0.2589898744800161,0.1480010592700964,0.35,1,5
0.28155364390587739,0.9341647992193457,0.21923428906720249,-0.95954542935223697,0.27402571330486913,0.064672076331202047,0.00033854475850953706,-0.22857391878173033,0.97352650145756681,7.42015802717202,-31.657167484255432,-0.68210425152448451,,0.3613799153935326,0.2272727272727273,0,2
-0.97297354838183348,0.2308337535270987,-0.0061848509969310538,-0.23084046730111604,-0.97299153674434646,0.0003848117426423275,-0.0059289801370833216,0.001802125541017031,0.9999807995847062,-0.6516387681918826,6.9725417100683993,-1.2302534466311001,0.3476432533482017,0.2953387772522953,0.9013157894736842,1,5
0.93055150754850213,0.3538068785814491,0.094311104689013769,-0.36615461465008808,0.89761594580562409,0.2453903258197466,0.0021656337769670078,-0.26288078382401331,0.96482589285653897,1.8072745984919623,17.49015716944939,-1.5010211475934472,,0.4980389984728372,0.1304347826086956,0,3
0.28094984665293982,-0.95521553611298993,-0.092900286512272182,0.95897267142303499,0.27558646314175506,0.066509524105840684,-0.037928869340607657,-0.107774676531135,0.99345156901036313,0.24158239582586061,-26.710857502396788,-0.55359441365901951,,0.4034229284835515,0.4861111111111111,0,3
-0.41803793210246959,0.89745039148746553,0.14080867211392317,-0.90776142113524827,-0.41862562990491237,-0.02686604334900022,0.034835177938485874,-0.13905170551169355,0.98967223542559002,7.7002494179106211,8.4694063150190342,-1.50928293667643,0.6632654971464051,0.322177877335887,0.2727272727272727,1,6
0.97632131121731935,-0.21254744572241427,-0.040252708974317757,0.21603291703889738,0.96764676661686966,0.13034382920407681,0.01124615572356329,-0.13595336837605029,0.99065140468716184,-22.147016693150452,5.7472308609039153,-0.82059563571725902,,0.09487973511263237,0.3538461538461539,0,3
0.14512702543769002,-0.98775228213850519,-0.057302492247584907,0.988610995848626,0.14243450654424289,0.04858714061033223,-0.039830206813400014,-0.063701181116793348,0.9971738635511509,-26.759775493100982,9.3147176208301605,-0.89769192350503757,,0.2313515078393173,0.6666666666666666,0,1
0.98055118479775505,0.19626353132022392,-1.6292179656663613e-05,-0.19501489830192412,0.9743222382018254,0.11254050642180792,0.022103471039858626,-0.11034854969188421,0.99364713764438994,7.3404910221524649,-29.842647985299894,-0.72248270627506106,0.3625981636167158,0.3557203922691448,0.75,1,5
-0.82374727631418621,-0.56429604342732786,-0.054867113439867721,0.56567804839047986,-0.8245281050716402,-0.012718078318227835,-0.038062715800349999,-0.041513604026074138,0.99841266535770112,0.52390162762420556,12.752323771120206,-1.3573018371968404,,0.1261812205951939,0.4347826086956522,1,5
0.9998762751709156,-0.00050263713680810446,-0.015722013428442011,0.003348971374423278,0.98337667180114763,0.18154642862923853,0.015369409262190334,-0.18157661940130568,0.98325668700788649,-4.6279781798710182,-28.41639801394258,-0.42437535834188067,,0.1394805116629833,0.28,0,5
-0.98027908214378912,0.19760025128693207,0.0026574052518126387,-0.19741841643272692,-0.97859552958745244,-0.058109881471646835,-0.0088820022813251871,-0.057488522009143166,0.99830665622977799,7.7979428799243635,5.4483201821675644,-1.490348442572434,,0.06347208157754297,0.2083333333333333,0,1
0.1542557598580839,-0.9498395049797651,-0.27204792836998326,0.98722305676171362,0.13703937544748818,0.081307107776751833,-0.039947424806400879,-0.28111407712307263,0.9588425725292864,-23.308474719941135,3.983158472450262,-0.78826507392834866,,0.3909598713237408,0.2432432432432433,0,4
-0.96110302666695213,0.27399944437817603,0.034717093946290606,-0.27544201730359341,-0.9416518347455971,-0.19345158883808253,-0.020314212644150127,-0.19548945393729655,0.98049538814007042,-18.975041207089095,11.839663439103235,-0.95508856556129285,,0.5565431729805181,0.2535211267605634,0,4
-0.97067700615549535,-0.2400000964527286,-0.013641972866331896,0.23962119291463752,-0.97055106927101631,0.024744814467951928,-0.019178989211397952,0.020750316613685187,0.99960071565263597,-11.574066291643986,4.1822382291259323,-0.95715393255981118,,0.08710513449409722,0.4331797235023042,1,5
0.40474990126988236,-0.88075654112188195,-0.24585652867686503,0.91422948141854299,0.38416789911182869,0.12883897157764371,-0.019025580863707599,-0.27691684774137815,0.96070551508241908,2.3875739866102528,10.854578178297325,-1.3865583344849044,,0.3468316290940409,0.2857142857142857,0,5
0.53359090113709917,-0.79952688200764011,-0.27574900756092968,0.84550517980567208,0.49656400990246274,0.1963292514918826,-0.020043481371119009,-0.3379067164421658,0.94096615764744573,1.1738164585806397,-28.831895322875209,-0.53802020783248394,,0.4543716256980901,0.2105263157894737,0,2
-0.94947363560849862,0.31265790877653665,0.027291891907012082,-0.31382898349712712,-0.94489657432276808,-0.093176354029651007,-0.0033443088286099092,-0.097033478308168372,0.99527549938993221,-21.433436589095049,-28.708540160671994,-0.017261355493428474,,0.1666547636591912,0.375,0,1
-0.78775088719976183,0.61583304593116672,0.014078325721818649,-0.61586768442112916,-0.7878464159921964,0.002240556628903601,0.012471367276464543,-0.0069053853905827649,0.99989838516264407,4.800222196148435,5.1045585190522322,-1.3448894185786564,,0.06907414203682484,0.2765957446808511,0,1
-0.79997735888670385,0.58218865608305059,0.1452328957119042,-0.59991860926667073,-0.78071373436662983,-0.17488203803379762,0.011570977668158398,-0.22702958771825857,0.97381912015336836,-26.814442479305718,5.5448440815505862,-0.82451052585973972,,0.50741617143208,0.3793103448275862,0,1
0.94805787904102234,0.31762462169565731,-0.017345249520474535,-0.31179666743040563,0.93869476815729769,0.14708830821451729,0.063000763229742685,-0.13404003852135474,0.98897126950466208,-16.207312176991216,14.856044122189536,-1.0002361893082083,,0.2620215027517421,0.25,0,3
-0.30477036994483353,-0.90667178360925682,-0.29165270170272478,0.95130504151140571,-0.30463956088286548,-0.047047379736580304,-0.046192419277112123,-0.29178933282747682,0.95536655041372687,-25.724281210124396,11.361315652156621,-0.92728135915237819,,0.2032342665268209,0.25,0,1
-0.28555634493290433,0.92157654514330312,0.26297194776305133,-0.95768483050368036,-0.28471447328678501,-0.042159626708085741,0.036018596470388096,-0.26388319412717709,0.96388190177300337,-13.696630874455122,28.404762937012524,-1.3907852633933664,,0.1778759584146303,0.3333333333333333,0,1
0.89790139305635919,0.43765748581287267,0.047212429077561673,-0.4396016837294659,0.88594106864721733,0.14784715941283491,0.0228789862027904,-0.15350683371166435,0.9878826873643205,2.255140551527302,-25.777268669199437,-0.61952260968188089,0.3799625825332924,0.3276542459952778,0.5675675675675675,1,6
-0.0046869144907788285,-0.99076956005417705,-0.13547587129304797,0.9970424053320418,-0.015022647030903733,0.075370830205614803,-0.076710330479374589,-0.13472193194220172,0.98790967514824379,-17.145498038781625,7.437216464890791,-0.8580680070256651,0.4247675864086584,0.4792223843642605,0.776536312849162,1,4
0.62431802103639067,-0.77852305374847297,-0.064256232315288875,0.78084792860374508,0.61958274890700704,0.079960800721832231,-0.022439273705819975,-0.1000953147704139,0.99472478955566723,-23.82188638074204,11.798687187394831,-0.94230166425611095,,0.1248248862806042,0.2692307692307692,0,1
0.77671172527482646,0.61383464546721289,0.14115921452297694,-0.62924655174147337,0.74636325798024883,0.21677330153543883,0.02770691144946151,-0.25719431401422904,0.96596242778727304,9.2327231465483894,-22.792741361303708,-0.88226259360337922,,0.6747348331197915,0.38,0,4
-0.99740261254080287,0.072019810623482908,-0.0010841469180597324,-0.070527144329999292,-0.97956601470981708,-0.18835165180635682,-0.014627043769597706,-0.1877859678018709,0.98210105380621515,-2.4256818078004341,6.857885724984464,-1.1831466414455432,,0.3651952152670916,0.3371428571428571,0,1
-0.84339691685334783,0.53222507914129447,0.073607783388114037,-0.53721203094589798,-0.83767103512348351,-0.098541720718369141,0.0092127329958132838,-0.12265277024265059,0.99240688404633393,5.0933205911513841,3.1555253339790248,-1.3322955812529962,,0.1376024025202139,0.3365384615384616,0,3
-0.99919663637587475,0.035146755423710159,0.019255841667510522,-0.038672620190577732,-0.97165038810752535,-0.23323797233317603,0.010512388060457444,-0.23379527128169633,0.97222901665378481,12.207311156613885,5.8679897661555973,-1.6976048087263031,,0.6278770269778342,0.3095238095238095,0,2
-0.3567909413054039,-0.93240707728042993,-0.057595715463659616,0.93341605203828404,-0.35831914744515525,0.018489520584415227,-0.037877407509863188,-0.047163871888810348,0.99816875887236078,-17.96637057956784,-34.389564270730162,0.14141224086072418,,0.2208767084012088,0.8148148148148148,0,2
-0.085270837580058129,-0.9422665284970857,-0.32382506625097118,0.99511069160113941,-0.096796876666371018,0.01962335671432296,-0.049835687208039756,-0.32056848557162626,0.94591344759381513,-20.535209185331979,18.482017031153898,-1.0827411082379066,,0.3924912829359371,0.3571428571428572,0,2
-0.80346754324748626,-0.5753882741662586,-0.15286674229479641,0.59399859214145612,-0.79205053531098124,-0.14078928243142913,-0.040069682826513353,-0.20392224857911675,0.97816672252363013,1.3897093984257678,10.981858522128277,-1.3455834808764,,0.2828635193881448,0.4418604651162791,0,4
-0.56745038161955064,0.81075204689453129,0.14380953673576358,-0.82302021990566765,-0.5638226320923625,-0.06886041799806282,0.025254346680399019,-0.15743302702028281,0.98720669567065777,3.6804474067470796,-5.2712460111899269,-1.2123329796940923,,0.2964450547257693,0.2878787878787879,0,1
-0.9993046672566146,-0.0020500811777316085,-0.037228741132500097,0.0051447600419929386,-0.99651777427380339,-0.083221733943090237,-0.036928490942039711,-0.083355400086310524,0.99583541001171194,5.5674471487156199,5.9422613055971576,-1.3813983716221296,0.5892972939821459,0.1926813693187819,0.125,1,2
-0.73993593119595069,0.66950606736545293,0.06524142461678728,-0.67248450171880103,-0.7385586632023059,-0.047913421468727048,0.016106292968837518,-0.079326709056091474,0.99671854630940515,2.1837998078394989,15.089624089022877,-1.4552864189757346,0.492562319909383,0.6051882850378476,0.8,1,5
-0.9953647580431324,0.093977755507506089,0.020424982631791745,-0.095927893905157324,-0.98530512483836707,-0.141321088794887,0.0068438013310186023,-0.14262535692163181,0.98975308534316797,12.79706772439962,8.5459849667013312,-1.7620212026129609,0.4315478739602654,0.2560133992405185,0.1842105263157895,1,4
-0.29682355513620906,0.9549159486877159,0.0055953604121813643,-0.95426581490860607,-0.29683017096126835,0.035617469083576443,0.035672561067536489,0.005232642634903569,0.99934983256011989,21.467943229204447,4.8664742466561943,-2.0937304006829862,,0.09301794113298695,0.5454545454545454,0,1
0.74270477140662705,0.66739761875046377,0.054498082682234293,-0.66746786208953546,0.73134450005226048,0.14007810435943824,0.053630920255522699,-0.14041239521323998,0.98863951148182749,3.8652738712580015,-25.793232927037081,-0.67684889969174589,,0.1516300347548646,0.25,0,5
0.68271385583545274,0.73057160551831313,0.012919762408111376,-0.72893071006968646,0.67974268090673151,0.081301338679207996,0.050614335593689511,-0.064923162000342427,0.99660582582497792,-12.306410916204184,11.257399493921998,-0.97116843941513098,0.1568830061773547,0.1292628257913434,0.3793103448275862,1,5
0.87161554461457014,-0.48246845136059041,-0.086663347661863399,0.49015816726214895,0.85581139610695578,0.16532339628641665,-0.0055958424261788224,-0.18657718975045676,0.98242436798583388,-5.6203729771616402,9.3570906949382096,-1.1584344764837999,,0.2518490479466479,0.2857142857142857,0,1
-0.049290935114949232,-0.9940035246226756,-0.097608384645951174,0.99784998895793198,-0.053235552346561264,0.038227941391236128,-0.043194944752240595,-0.095514234562470476,0.99449043622540523,-18.902017334994589,14.023280621223435,-1.0080645276890761,,0.08626008698839611,0.2068965517241379,0,3
0.79442939292102466,-0.60423462320933929,-0.061501705490175793,0.60423294882243028,0.7760246633814295,0.18079896399340936,-0.061518153584799104,-0.18079336807197194,0.98159527038424077,-10.418071946155163,-35.69624992309145,-0.10225653281372123,,0.2528322133284118,0.3043478260869565,0,3
-0.9996733987004236,0.0029438113247970085,-0.025385623995261695,5.1858840694124325e-05,-0.9931075499705394,-0.11720661884968088,-0.025555689022318522,-0.11716965548467634,0.99278304709145715,4.7758329160859763,9.7046017257120898,-1.4647065496320071,,0.1534534488713342,0.1578947368421053,0,4
-0.57861428754390931,-0.81454076521759811,-0.041579418571980511,0.81444917621445112,-0.57975438749867392,0.023609098662166195,-0.043336423637128176,-0.020203761401462225,0.99885622709756217,11.26406780120727,7.5066415486360905,-1.7035000993385085,0.1794764613586499,0.1687917259534396,0.4418604651162791,1,5
-0.12587763877280489,0.99203202548412361,0.0052230710172449903,-0.9911272302073012,-0.12598585732518713,0.042360090836091595,0.042680599791797336,0.00015546030215067674,0.99908875593388013,6.4339206722944837,10.046999234071258,-1.5114141561773344,0.2067727299954319,0.1480404574805315,0.52,1,5
-0.89476343359339561,-0.41790734473730357,-0.15732720400100558,0.44426901920405976,-0.86862137176060605,-0.21936716047801208,-0.044982624196686187,-0.26617731634258335,0.96287392725373999,3.4197485965162677,8.0725198722066835,-1.3818266400056467,,0.2407928810194391,0.1666666666666667,0,2
-0.99812872261867269,0.059299197595375296,-0.014921737437739878,-0.05858758475451039,-0.99729875890640807,-0.04430214889111956,-0.017508512108379507,-0.043345018725137317,0.99890673306143474,3.4320707817949527,-29.991523062839093,-0.53561344974887737,,0.214791113750054,0.3809523809523809,0,6
0.73270742606056249,0.67798047636457426,0.059011028326660268,-0.6796170771339386,0.72443007466294063,0.11541964907141211,0.035502905002648556,-0.12467373657796071,0.99156240506791216,-8.0876067937641114,12.710714767437674,-1.0931987800800846,,0.07270906103266418,0.32,0,4
0.18762001465241493,0.98052273236415899,0.058085294343326745,-0.98118373357488486,0.18434603614684691,0.057402264110344527,0.045576431078748966,-0.067762159603046157,0.99665996139909974,9.7538989638481262,-26.35313658426978,-0.88817933281954953,,0.1158180346900577,0.1666666666666667,0,2
0.99207526154592185,-0.12055838484986366,-0.035388575430257599,0.12344191314488769,0.98773353953961907,0.095627134996641092,0.023425829925978223,-0.099237748417263044,0.99478796724797169,-1.2554234267764677,-34.484783975749671,-0.34618816160107341,,0.2790345610876108,0.2142857142857143,0,4
-0.81889598689831811,0.57355440712207695,0.021088022967386003,-0.57374004381422983,-0.81902966800081867,-0.0035728222059245997,0.015222508527700121,-0.015024812987596394,0.99977123894859721,-0.11583265908523702,8.0059170473834005,-1.2538549899171225,0.2622553386323077,0.1545889749895787,0.3484848484848485,1,5
-0.71422676959514741,-0.69560684749535295,-0.077532156627153181,0.69861663910116556,-0.71525753573588502,-0.018478342566942529,-0.042601797669496171,-0.0673629816041868,0.9968185971101875,-21.672332765270369,18.778223664031181,-1.0742119200029241,,0.4463568972783863,0.84,0,1
-0.99886645383034411,-0.038751839727178758,-0.027642400947686229,0.039208048721294159,-0.99910043171386631,-0.016157235674311134,-0.026991412113155932,-0.017222725304830745,0.99948728926645847,3.4771404749532508,10.985027788711218,-1.4144247623711033,,0.1770894748335895,0.5,1,2
0.32091154783366271,-0.92525906179491424,-0.20226578315028448,0.94646550377664496,0.30542279831314689,0.1044986336340757,-0.034911726222355312,-0.22497240461212581,0.97373948699599,-28.417159857370454,2.7705495187492786,-0.76119433351504906,,0.2587629926196945,0.3157894736842105,0,1
-0.90851357029016666,0.41740810501335918,0.019327867646746742,-0.41785128977175628,-0.90773622343811833,-0.037619785942791036,0.0018418020233810508,-0.042254260465167857,0.99910519227849481,-29.007270985815683,6.5210582631913674,-0.84253709744350103,,0.319201164541224,0.3846153846153846,0,1
-0.97414836164398844,0.22585951735654528,-0.0047379242080964655,-0.22584296249573399,-0.97415636683132656,-0.0037853999974232044,-0.0054704476493009106,-0.0026175143664202301,0.99998161124145601,-17.737574990424172,15.922614075267465,-1.0569430609521275,,0.3029443481383857,0.7619047619047619,1,2
0.99084251473309937,0.13501630020741731,-0.0013075456731577305,-0.13338535927158399,0.98028524584419985,0.14577099407003571,0.020963228028557539,-0.14426169089011984,0.98931749585870865,-15.283547538234993,11.187082603277188,-0.93757699779772929,,0.07165360666690618,0.3103448275862069,0,3
-0.45070374008642544,0.89156308726991662,0.044512920482073941,-0.8916282960292834,-0.4520283787775497,0.025871345145883216,0.04318703963025506,-0.028028667422402228,0.99867375724532803,-22.94533831875831,14.989509479844903,-0.9907369920009228,,0.09622759672643326,0.3571428571428572,0,2
-0.16058452869233045,0.96511618793980369,0.20679301951759374,-0.98597700114661047,-0.16649305733407938,0.011376074432259438,0.045408835644611796,-0.20206633969093626,0.9783185738854745,5.0076221033861223,-29.63273359438293,-0.58463372233598743,,0.2950236208965938,0.3529411764705883,0,5
0.36020288475397172,-0.88414434760363825,-0.29756117760127104,0.93226842622588613,0.3296744793046798,0.14896415393476056,-0.033607488409990435,-0.33106420872049358,0.94300955797226538,9.6759532381868603,-24.511522798461087,-0.90480517706167451,,0.6317009217367643,0.1111111111111111,0,1
0.846650065724039,-0.50936429045010856,-0.15405091958095521,0.5319033531143933,0.80120872103473106,0.27412298021792247,-0.016201517063089938,-0.31402643989343931,0.94927599036987498,-16.88212406320034,-27.154637429056486,-0.1716967656396324,,0.4042529978405212,0.1428571428571428,0,2
0.95922678777521797,-0.2677200795926763,-0.090608656304620089,0.28259579761311593,0.91397362746282196,0.29119035607976218,0.0048564169759719661,-0.30492321539256906,0.95236455621196536,-8.0853867653765672,-24.432131663024226,-0.40817776354420954,,0.7829117520915176,0.4509803921568628,0,1
0.98462208376536919,0.17390401165342675,0.016635711358048855,-0.17332222945613446,0.96050271717168312,0.21770148158009842,0.021880515028183917,-0.21723702501337031,0.9758736178550188,10.920664148746372,8.8040752603203689,-1.6668284138870919,,0.2595522064072517,0.2916666666666667,0,2
-0.1755541180602799,-0.96711482722489472,-0.18403712286883872,0.98176057390494764,-0.18584395043222993,0.040102389125483577,-0.072985801070524201,-0.17364025181249204,0.98210087862326512,-14.204934475116914,4.4079106311159553,-0.8560135960897457,,0.6915875717027277,0.160377358490566,0,3
0.79804087207096364,-0.56460764474558822,-0.21059196090795335,0.6024894301726762,0.74078681167687321,0.29705451717793885,-0.011715504019090451,-0.36394107646768037,0.93134829136318631,-16.755689482629581,20.539182651094432,-1.1796051276723722,,0.49236309511995,0.2857142857142857,0,1
0.70238942777383506,0.71142097761730805,0.023006180855998461,-0.70693527010262203,0.69346190180956635,0.13911547226528495,0.083015755350886997,-0.11397711763636534,0.9900088893635397,22.895919945587593,-29.433139614656653,-1.2079665898539271,0.505944250624824,0.3732433287915462,0.2727272727272727,1,4
0.98643334524292947,-0.14775020091391405,-0.07154812032989688,0.16293062393687607,0.93444228090753789,0.31665633648461572,0.020071551419449891,-0.32401774917775111,0.94583805751375893,9.7396792769030238,-27.940444977730927,-0.85592213673918549,,0.3996574121099631,0.1428571428571428,0,2
0.99977234057027542,0.012772991078816427,-0.017091451943413043,-0.01118045194556091,0.99585809809693626,0.090231069754528187,0.018173181475089135,-0.090019437643511238,0.99577418942319484,-5.1493391963414075,15.637906272949044,-1.2365030084464457,,0.08909568495276284,0.4444444444444444,0,1
0.21225340752262439,0.97157831186407073,0.104804937433296,-0.97614919672864731,0.20579226625233252,0.069154095155281037,0.045620573440623376,-0.11698344782956026,0.99208549843894889,-22.157113103449351,15.565534125193803,-1.0060989550366151,,0.8837102630237021,0.4444444444444444,0,1
0.87922962903713919,-0.45245076883618113,-0.14914275444273006,0.47500671430305114,0.85650411517612668,0.20191414525332646,0.036385172670132943,-0.24837270877838113,0.96798094854385242,-11.104778034351877,-33.433224452249348,-0.10850445843462862,,0.3962400856008976,0.4074074074074074,0,2
-0.79803585975681368,0.60249932860787603,0.011546669184702535,-0.60257300410965908,-0.79805262296722856,-0.0042173087848250013,0.0066739239179975643,-0.010323274780044411,0.99992444151413362,1.3394742719613668,-26.44568714989235,-0.58525026694778992,,0.3318078410941796,0.2142857142857143,0,3
0.96235732818382114,-0.26695327769514943,-0.051032542741997373,0.27172055035198778,0.94917144622671545,0.15887576336338696,0.0060262266228732304,-0.16676184574327091,0.98597878851270837,6.5031964294656284,-35.36868727038398,-0.58510805433193591,,0.2591301269865636,0.3478260869565217,0,4
0.99328584176837131,-0.11193386606917791,-0.029224068322279879,0.11540996605015506,0.97621616428974323,0.18352803686555208,0.0079860051840696146,-0.18566854931901836,0.982579978177335,6.2187138286111763,11.992949896456091,-1.5324438326237364,,0.2743997536754136,0.5833333333333334,0,4
0.93651992884066537,0.34809227216026473,0.041978481947047834,-0.34904034439358228,0.91427703680122396,0.20559265055828882,0.033185250788325536,-0.20719379826692988,0.97773691200130031,8.4894455320215378,-26.134285610274464,-0.82091820489786449,,0.2194633028678974,0.1666666666666667,0,6
0.64697184059732404,-0.74888337270445704,-0.14353094286915435,0.76221803086925521,0.62991703649574848,0.14909124907320903,-0.021239371269086732,-0.20585971247238247,0.9783509942187838,9.7771409867963133,5.8969189824262704,-1.6034151587428485,,0.712228712211747,0.2112676056338028,0,1
-0.99291768297379668,0.11760759278774263,0.016820492163443404,-0.11814434853536783,-0.96255208238158263,-0.24399877379207002,-0.012505508670240759,-0.24425794321076394,0.96962965581264449,-0.44060814264398429,10.089144437795706,-1.2894269924054136,0.4608292485282704,0.4357806440231282,0.325,1,1
0.97157735330868855,0.22837258288743226,0.062317011505749358,-0.23514523511590318,0.90072694660955044,0.36523647963165451,0.027279386722788141,-0.36950904053454536,0.92882662753781453,15.987892526447226,-28.47723424509228,-1.0995513679802142,,0.496259186263674,0.36,0,1
-0.88470904570411535,-0.45723989327595949,-0.090672953223683114,0.46490104959847739,-0.87969048993445553,-0.10005826303266092,-0.034013505134713948,-0.13067640152632073,0.99084144016718678,-5.0826285993582996,21.069550095696542,-1.3043823973329722,,0.3659116682102951,0.8372093023255814,0,4
-0.3808392870991224,-0.90117127663085739,-0.20700668486148774,0.92346023431003854,-0.38201014700615471,-0.035908818309511731,-0.046718658476905477,-0.20483793047150012,0.97768031032146296,-7.1013768463175175,-26.947492957866473,-0.39512053968179578,,0.3709641161882151,0.2,0,3
0.14807199865735943,-0.98684871870632118,-0.064840493530718663,0.98740827845085244,0.14382826299234266,0.065865942727098503,-0.055673825630531582,-0.073776941874123217,0.99571953279393099,-13.436942096249865,-32.699163767958886,-0.043939300118579341,,0.2094727808333,0.3076923076923077,0,3
-0.59042657918803909,0.806683877241266,0.025643260075675967,-0.80672998983904398,-0.59081493437820853,0.011155124829877919,0.024149080367730055,-0.014100904746569651,0.99960891672829844,21.266132222566061,-32.091417115480596,-1.0856446582824251,,0.4297333213464103,0.1333333333333333,0,1
-0.053612748454452595,0.98474002893054435,0.16556795772440308,-0.99777599582197662,-0.059405649076762844,0.030232945923792182,0.039607264038582869,-0.16357886256982795,0.98573486311266234,-14.2478648637665,6.3882166670535279,-0.86883488899569017,,0.2607115545342188,0.2972972972972973,0,2
-0.83273118093454979,0.55125552407020095,0.051731300790130282,-0.55256993698774226,-0.82152323829746632,-0.14059172690669791,-0.035003500349438256,-0.14566027639453843,0.98871524659224019,-2.6275578935620723,12.538755830840124,-1.2732625162055631,,0.171925372539199,0.2222222222222222,0,3
0.97919782510736886,-0.19991493965370924,-0.034722272509915497,0.20272407482141591,0.97116286055214274,0.12548166309059319,0.00863532239119757,-0.12991041215943416,0.99148813206198627,9.8163927384030636,7.6487213220236852,-1.6055134564312441,,0.434700735027259,0.1212121212121212,0,1
0.7395078687038088,0.64729110721921701,0.18477644503580701,-0.67104470391718885,0.73056217534582923,0.12640377090365104,-0.053170644813119748,-0.21746983806700729,0.97461774663776124,-22.15742721575899,2.8185087876936716,-0.73971427566244163,,0.73978888708736,0.3809523809523809,0,2
0.92962519147097245,-0.36717540182744496,-0.03129261375168519,0.36843256493967969,0.92438129051994011,0.0988770692762444,-0.0073789209595003713,-0.10344783240621738,0.99460750926982722,11.046284360171885,16.976489441381897,-1.7555685200084288,,0.1589093081670549,0.3793103448275862,0,3
-0.8856746446247582,0.45196689809351576,0.10633130722667639,-0.46428705293961742,-0.8641909563582113,-0.19393690577434047,0.0042374923543571121,-0.22113324936880488,0.97523439730258754,-16.00353863820499,13.47993461139292,-0.96537374374999207,,0.5454773827335577,0.4210526315789473,0,1
-0.81200452856596972,0.57817926518142071,0.079733198246584966,-0.58364885027484514,-0.8047707613167272,-0.10815748380277122,0.0016325321461640055,-0.13436055613150641,0.99093116602255693,17.728083029515375,5.9036389681789112,-1.893865962285058,,0.1422752452241031,0.2857142857142857,0,2
0.19695621581995029,0.95229196954860884,0.23312711936434358,-0.97935649562019833,0.18006876694626506,0.091848209873555686,0.045487399754330214,-0.24640463450122738,0.9680989890294831,11.226755433675619,-25.344515606231798,-0.97445723945015794,,0.3192532290992839,0.6153846153846154,0,1
-0.8377939560299521,-0.54476760871002361,-0.036462854249849255,0.54483511163804454,-0.83849562707962022,0.0089322166741758087,-0.035439926157410692,-0.012382886122283936,0.99929508943316669,8.8094587766443802,9.4020935256379232,-1.5705858850108869,,0.07503680838905064,0.2727272727272727,0,3
0.89590746682632694,0.43543206449264671,0.088026860085464259,-0.44324962544025825,0.8629551400321861,0.24256585876644185,0.029657721286458095,-0.25633443682755958,0.96613305298203811,-0.82718349969660654,-26.079286939312233,-0.54013909660092141,,0.1886557241440245,0.2857142857142857,0,2
0.90738008930623337,-0.41761984240457017,-0.047487269458179632,0.42020851622741007,0.89885498013489162,0.12443684171764527,-0.0092831255819531625,-0.13286606758945546,0.99109052647210005,2.8464079135116598,-26.584803381324996,-0.62176796555724823,,0.1135006776560453,0.3,0,3
-0.98379659074454961,-0.17434695265775685,-0.041802011175960718,0.17736018458195019,-0.98049600770457701,-0.084681425356704601,-0.026222756614394854,-0.090723309983380171,0.99553083732308489,-11.453020485261797,2.9041307317910068,-0.95029796903403863,,0.4700371518592966,0.3181818181818182,0,2
0.35417027500660769,0.88908251912739622,0.28999256970451387,-0.93403282838360113,0.32093755712107863,0.1567857134144722,0.046325930141494123,-0.32639141932844645,0.94409880287250036,5.7103120845935127,16.493933924483347,-1.5865968444840954,,0.2214857607055558,0.4117647058823529,0,1
0.077526671819960327,0.98735689783510883,0.13826052022884869,-0.99601498255362231,0.070569949681063338,0.054534729583278964,0.04408820347019532,-0.1419374457267846,0.98889331670070901,13.715103901317923,-12.991732087228257,-1.2853990584634232,,0.2413346577833997,0.2432432432432433,0,1
-0.99851639825245753,0.041898689364972541,-0.034777898879003365,-0.036519151814676888,-0.98904292715503195,-0.143039993691778,-0.040390023170050617,-0.14155771993821065,0.98910568593766524,12.0292237396463,13.923869694982532,-1.756271749858086,,0.3618234745811386,0.2105263157894737,0,2
-0.343428204513754,0.92706273514875426,0.1503720500723805,-0.93855697856087206,-0.3445991501272937,-0.019032176077215027,0.034174059447865501,-0.14766892303412527,0.98844626704277472,15.41737002333698,13.952895286766298,-1.9663731712098997,,0.3421668426043064,0.3793103448275862,0,1
-0.92051759843717673,-0.37981073589063147,-0.09160325250596614,0.38930603937862274,-0.91145949285872196,-0.1329751878398899,-0.032987250124633771,-0.1580676999894054,0.98687711674213863,21.727925753150419,3.5162279705538269,-2.1345465304460887,,0.2717036410885581,0.2068965517241379,0,1
0.60651741949469029,0.76497704855124937,0.2166719525903662,-0.79380825369924035,0.56728650632187716,0.21921331187699902,0.044778077319882995,-0.30495267654988534,0.95131424295896938,6.7248364212727747,15.715417100341929,-1.5968150831594374,,0.4680499665233389,0.3888888888888889,0,1
-0.17893561876035213,-0.96951575008020852,-0.16739550377850934,0.9828165778561273,-0.18397628992432297,0.014976616335246506,-0.045316869155113147,-0.16183922606121323,0.9857760629462895,7.2131490735352157,-28.012129993770809,-0.72462563111355571,,0.8330336745305795,0.4081632653061225,0,1
