axis_00,axis_01,axis_02,axis_10,axis_11,axis_12,axis_20,axis_21,axis_22,location_x,location_y,location_z,dbh,dbh_approximation,score,reconstructed,number_clusters
0.4285348453199021,-0.88844965386180075,-0.16436270531812855,0.90100179800235192,0.40662138632607714,0.1511780677836172,-0.067480710897088611,-0.21287616290957861,0.97474616845705941,11.861471569859368,-17.129263665483762,-1.3125087467373251,,0.1005256357864092,0.6428571428571429,0,8
-0.72475430059134238,-0.66769457153943179,-0.17004459094934712,0.68108787687605798,-0.73157426936296066,-0.030304989333708107,-0.10416577051421472,-0.13777898077292811,0.98497027605423437,-4.6069962611956345,-14.138781887801608,-2.7990095180421322,,0.07281850432727766,0.2424242424242424,0,2
-0.045289533592460289,-0.98729961792542964,-0.15227712432036211,0.99399328642671536,-0.059739709300222828,0.091697948021444139,-0.099630340186090002,-0.14720948195352934,0.98407477548069389,4.5401801380327091,9.5369991720035383,-4.419995651467886,,0.1282750620953508,0.4722222222222222,0,5
-0.9492570023543202,0.31309865484761884,0.029671127614247696,-0.31419256216412378,-0.94827509415475475,-0.045358347484591055,0.013934753748542136,-0.052379176572387658,0.99853004186131766,-1.4104063644283193,10.127029616556751,-4.8787549983709964,0.4970879779287651,0.4412882365297813,0.5600000000000001,1,4
-0.61548720649129496,-0.78152469063701013,-0.10195418858618559,0.77971114221857685,-0.62265919148922799,0.065924699120912214,-0.11500449271982349,-0.038919007935793594,0.99260227557443637,10.475315217200059,-20.366108259504177,-1.1109781456008418,,0.2606554618673926,0.9,1,4
0.82496563616618901,0.56302802529635732,0.049306610873183235,-0.55902170875517332,0.80001504923107403,0.21787760358570207,0.083225166178033258,-0.20730500171169675,0.97472981280965854,0.24126012239938804,-20.322793827762517,-1.8622889247043601,,0.4714391663483538,0.2105263157894737,0,5
-0.48495042519465315,0.86186407230525364,0.14836915438503201,-0.87239274309944825,-0.48863194776808044,-0.013027716906341146,0.061269787750122047,-0.1357539704383493,0.98884623305106356,-11.66410176607855,16.582341188688265,-6.3783155670781291,,0.3060369559530076,0.2272727272727273,0,5
-0.91687388711990947,0.39836922723907903,-0.0253817632674809,-0.39914517228371377,-0.91574846467256898,0.04569333531749481,-0.0050404920624717246,0.052026034240288024,0.99863300826729962,14.368143065610676,5.6295729251925941,-3.3324603330115914,,0.5189665794796509,0.7884615384615384,0,1
-0.8824487866432027,0.47027149920025868,0.011351475317422423,-0.46992018049413309,-0.88237529587040309,0.024266462494175415,0.021428087089198872,0.016079623054070024,0.99964107699020555,-0.11539006692147438,-18.319785586072985,-2.0500045109908429,,0.2946885370533982,0.7947019867549668,1,5
0.96953301206179887,-0.23866610815625841,-0.055174517124492443,0.24456466605163776,0.95589491559977691,0.16264388844818733,0.013923456518645658,-0.17118235641572618,0.98514097377509002,-10.135406016589561,-16.994236981837794,-2.924714972731064,,0.1437805629316516,0.5652173913043478,0,4
0.42048651761836214,-0.89813211691293238,-0.12864598349998299,0.90625686554324258,0.4089669736261537,0.1069790079352106,-0.043469324320947897,-0.16156953627636614,0.985903495678213,-3.9560402744506842,8.9600303006949815,-4.977102194614071,0.1571313911725076,0.3241395100296244,0.3697478991596639,1,2
0.67541363728064308,0.73477749920279001,0.062597485897003508,-0.7265296435439228,0.64847315468133737,0.22723829938981252,0.12637680019399097,-0.19895877543583673,0.97182524666207326,-15.524919006628702,25.266885293985357,-7.6093327858069415,,0.2762832541302013,0.2142857142857143,0,4
0.42746174862864678,-0.89717776483491096,-0.11112385767769833,0.90099756083607696,0.41273032652954827,0.13363035931349071,-0.074026001018424104,-0.15724419178032067,0.98478140484301102,-0.88130219536379983,8.5153032337641452,-4.6698820185201075,,0.09200889263177624,0.4,0,3
-0.17759153115178736,-0.95903604887402349,-0.22070592430486546,0.97852864878753743,-0.19592674469416277,0.063987453579467085,-0.1046084679421307,-0.20460344003376302,0.97323917962705864,3.0617811184506309,-6.6910514352020982,-2.9362808635934581,,0.07301904305289722,0.5833333333333334,0,1
0.69255652509196097,0.712828038464553,0.11064197725694852,-0.71390435998575419,0.65528503225774226,0.24686452011640225,0.1034699200051882,-0.24995542418149005,0.96271296946513218,3.9416914342860641,19.984007872288775,-5.4447952062379512,,0.1394988139980987,0.2857142857142857,0,1
0.56231564990644189,-0.81438011395991672,-0.14347870872338572,0.82569243962223116,0.5435016892554565,0.15112216557194613,-0.045089965856999099,-0.20344764378851751,0.97804700869432482,0.55479828918811158,9.3337716030159168,-4.6591949179441468,,0.1587074171774226,0.3529411764705883,1,5
-0.65428868453524502,0.75530564183047777,0.037678969043596057,-0.75609026030622528,-0.65434993074897774,-0.012397031857353406,0.015291682680558761,-0.03659993917833209,0.99921299475784398,-6.2521381984752225,-15.865364752973276,-2.7855176211537374,,0.2488848889437273,0.2040816326530612,0,5
0.24031619364106968,-0.96902400336135075,-0.056926338222391626,0.9671858078600204,0.23405349979495024,0.098846205328765549,-0.082460536913296634,-0.078812690242609118,0.99347310970589153,-1.2878709409566211,-3.2037474520079119,-3.5641728036082716,,0.2724117127203823,0.8926499032882012,1,5
0.99846207040843038,-0.002756436344661346,-0.055370533809851359,0.010782275083920585,0.98934669899709737,0.14517868895798977,0.054380479031769569,-0.14555243468325738,0.98785487408730777,-4.0486260880452196,-19.30728840645623,-2.2598812093524479,,0.09167710687250752,0.3461538461538461,1,5
-0.20432953505732279,-0.96658512643878891,-0.15479869008027597,0.97719747110078703,-0.21073560506708136,0.025992445657114636,-0.057745506989594048,-0.14595786414003914,0.98760404936299895,14.285721553044006,1.2749727605931263,-2.9260311110430597,,0.08937135988995092,0.3043478260869565,0,2
0.99843224160245791,0.033963220317478698,-0.044492230719075473,-0.017826478758631099,0.94642851023055485,0.32242098516976603,0.053059170590587998,-0.32112236715688436,0.94555018361153076,-6.5475190621910659,-11.675713378509078,-3.1507070220338727,,0.2874088689615683,0.2207792207792208,1,3
-0.91185845463943982,-0.40638226765240459,-0.058031123031188112,0.40260198602295216,-0.91292792027534364,0.066889858963145601,-0.080161085028497822,0.037630638041685448,0.99607135062084207,-3.6141409151894144,-20.115038182833082,-2.1802794153001961,,0.3198530419624885,0.7021276595744681,1,4
-0.69313546943874516,-0.71641543194414603,-0.079449039504671901,0.71297614499916473,-0.69763089321003302,0.070541856376926934,-0.10596337890074141,-0.0077502071750255551,0.99433982954555511,5.8507480902009572,-5.3178390511016715,-2.8588950001778795,,0.167980884455121,0.5413533834586466,1,5
0.35468373933215019,-0.92373460723178491,-0.14461611409419198,0.93343416293424553,0.34092503344573716,0.11167266915977274,-0.053852655650472772,-0.17459810128510567,0.98316600556926703,12.289123920801854,7.3248102408252427,-3.6320359652362368,,0.07923451861691386,0.2352941176470588,0,7
-0.99844662418611585,-0.025448446698074469,-0.049565262150074993,0.024731325294473278,-0.99958116870670288,0.015028263909118779,-0.049926948640281854,0.013779104745898342,0.99865781730874847,1.8535359643182816,21.593973918398969,-5.8038382224390199,,0.1677609537276412,0.2666666666666667,0,2
0.43165312989409843,-0.8859858834394031,-0.16942428928205228,0.89968058044462662,0.40928707221865612,0.15185172269519975,-0.065195311360924005,-0.2179750143038888,0.97377433962688265,-12.333956421852463,7.182588178169464,-5.4634981296090794,0.5174921571766947,0.4060961134901973,0.3536585365853658,1,5
-0.90361045956074326,-0.41258084886121155,-0.11517456544473831,0.41987964585635618,-0.90633593987551397,-0.04749996932113966,-0.084789270358713489,-0.091280924857992704,0.99220893585429171,-21.485306656383706,26.868790336933113,-8.4427923940964344,,0.6353413222562045,0.3870967741935484,0,1
0.046893388453901674,-0.98230571607702688,-0.18131875325434979,0.99451397745782288,0.028920542675585841,0.10052636894054769,-0.0935037900853916,-0.18503805655526623,0.97827294701730227,-1.8667090628881244,-7.9792146954531393,-3.1728041360531609,0.1390893537881229,0.1136731385986315,0.2956521739130435,1,2
0.071439397815279637,0.99672667519447589,0.0378463656849298,-0.99239607464968926,0.067213727926372605,0.10311326683860497,0.10023194829833459,-0.044924934435197142,0.99394934820961289,2.5809702327046895,-18.646331960536273,-1.8368685382724717,,0.07534206224978986,0.1304347826086956,0,4
0.72242831874986213,-0.68765702370241411,-0.07228514384703516,0.69066550433879281,0.71269370098551676,0.12267375306889862,-0.032840301227149739,-0.1385478485156148,0.98981109727412397,-9.325134930018649,18.51632103372857,-6.351980290685753,0.4077772339406218,0.2812995282019379,0.9,1,6
-0.41726695557856991,-0.90425148219177209,-0.090650674217987878,0.90186354035340244,-0.42431085374126692,0.081255485836864788,-0.11193945847385338,-0.047849308786451265,0.99256234125884524,4.5623218149354887,8.5404042033453358,-4.2905639093032875,,0.09565303708315283,0.4285714285714285,0,5
-0.93780363732747052,0.34536148250220683,-0.035352287326907317,-0.3465140282473298,-0.93741483606921827,0.034372275821212127,-0.02126889849463616,0.044484508777759453,0.99878364145375664,-0.87267319410522393,17.030257739296019,-5.5445507993645418,,0.1548569013819259,0.4186046511627907,1,5
0.53298578501865479,0.8427413773502227,0.075585209332904496,-0.83811850492443374,0.51357273139883974,0.18384890879950386,0.11611858021557647,-0.1613382176218208,0.98004410863151137,-7.8113531064178954,18.158865364372414,-6.2038073138059895,,0.1037167076028309,0.2777777777777778,0,5
0.18710128296676701,0.98234062824909285,1.8356231391204265e-06,-0.97709041835638377,0.18610111000460899,0.10325062329691521,0.10142694054509828,-0.019320117655752089,0.99465537186777964,3.9453922885248764,25.55313436281665,-6.0369179590463187,,0.3065303169512986,0.8103448275862069,1,5
0.80483773675723602,0.59138958237215067,0.049945764116526063,-0.58528631210373938,0.77694237258344945,0.23194931029947979,0.098367425276330689,-0.21591413002879986,0.97144476842402716,-11.146827943540794,11.685510497347881,-5.7811165018624608,0.1265286337457817,0.1397144566937529,0.3243243243243243,1,5
-0.9574963821673278,-0.27177862498404681,-0.096628448907446332,0.27916807684084538,-0.95743271186710133,-0.073401547121237115,-0.07256626633265649,-0.097257294063674837,0.99261027384464906,10.887098525034311,9.5223128420080148,-3.9455609096578903,0.5863789080361707,0.1961426600536798,0.1428571428571428,1,5
-0.026722896590310605,0.99646249701601297,0.079676714530888731,-0.9959214181448981,-0.033409889395996199,0.083811145862606545,0.086176653903939499,-0.077112069944726913,0.99329115217581643,-20.373433840281582,22.093456874840353,-7.8084893550237178,0.3739754546514675,0.2462584616098295,0.3125,1,5
-0.3463707227744996,0.92950720843147838,0.1266636170279053,-0.93508870654483178,-0.35290387085654901,0.032679792330710028,0.075076183287277914,-0.10712239452320517,0.99140726207478957,-1.4462507015249624,-4.4929010519226305,-3.4371181971013689,,0.1629642158874795,0.358974358974359,0,1
-0.4709804315440998,0.85792832713581313,0.20527157280168923,-0.87989389324067513,-0.47349191438974725,-0.03990167471798358,0.062961652934949153,-0.19941011134212319,0.97789132205691509,-4.9484945431392724,19.040593833049893,-6.0473369394564997,,0.2289939297287616,0.1521739130434783,0,3
0.98543690676006512,-0.15038061860516519,-0.079371105215195095,0.16676277927684799,0.9459132946382236,0.27827722593579529,0.033230682253228089,-0.28746079484790305,0.95721576103948269,-11.934192523846496,25.651249501412817,-7.288197750901225,0.3235909676023908,0.3489638900986413,0.4444444444444444,1,5
0.8758710111489022,-0.47209476465519656,-0.099882455987799587,0.48251814117845682,0.85465763846160003,0.19166784929384445,-0.0051200842460676303,-0.21607140996530699,0.97636413828700075,-4.7271595891305598,11.06001528118126,-5.2386599268988441,,0.0787325024699211,0.28125,0,1
0.35473712603363045,-0.91932747541071125,-0.17028964844748318,0.93215914722465221,0.3336538818243962,0.14055038736666584,-0.072394030546779897,-0.20859549395535643,0.97531893462739239,5.3302994442348481,-29.598253968367295,-0.57760585362527561,,0.2242542305861685,0.35,0,3
-0.96754037661864478,0.25270345075133455,0.0025662406394933307,-0.25269064205387221,-0.96724636462894553,-0.02412280104985795,-0.0036137281377740492,-0.023988249007734514,0.99970570913568846,-7.1161781657137384,13.00846268823611,-5.6051602827024416,0.6870271834380919,0.33906493133254,0.3103448275862069,1,7
-0.98456270050946237,0.17175549362989109,-0.033709630277851003,-0.17338427443362617,-0.98340034485666439,0.053494440037453059,-0.023962098085141964,0.058513350132667223,0.99799900085702098,-13.525492856676394,16.237621986072174,-6.5025658641843993,0.2514523574505626,0.1846032850558824,0.4166666666666667,1,5
-0.62976478701158556,0.77678391196941354,-0.0017513268532405469,-0.77563880867097601,-0.62871073658248922,0.055742696287250711,0.042198951689835937,0.036463184328832964,0.99844363119050439,-6.6711273234591113,18.010162079911016,-6.1066308114403034,,0.1039731716719777,0.4363636363636363,1,5
0.20109469718403933,-0.94819192129597163,-0.24595325400066073,0.97076150420744567,0.15930278952469601,0.17956815752952368,-0.1310840368365154,-0.27487215508069285,0.95250316201466689,-7.5497068288332159,15.694671621198026,-5.9040989848268879,,0.2419173400804336,0.2666666666666667,0,4
-0.04706544589253913,-0.96189998639532592,-0.26931999549905106,0.9938915883329501,-0.072039244785949919,0.08360536975383917,-0.099821613110301119,-0.26373995408989964,0.95941486447350588,-16.257200880120642,22.415273898402216,-7.4434400025739933,,0.3452850214798178,0.3076923076923077,0,1
-0.72911277961655863,0.6837154597283801,-0.03045857396901154,-0.68100004256139623,-0.72920509915851428,-0.067073581927597506,-0.068069792354556541,-0.028161915588813233,0.99728301393294372,6.0687215193702606,-14.594687206720913,-1.9593994860015544,,0.1313715270696711,0.3928571428571428,0,2
-0.87607674235495836,-0.47144605538927015,-0.10113435797305355,0.47631728569623738,-0.87877436772778217,-0.029621849564229117,-0.074909177352935175,-0.074123056349114994,0.99443169079920857,-9.0423340266693515,11.589136303921173,-5.6116745949021167,,0.1502057235887417,0.3,0,5
0.56690632739095503,0.80201364491136062,0.18812583379242112,-0.81673753801087645,0.51740375468390265,0.25540780850031225,0.10750353467691964,-0.2984417330317497,0.9483541121421758,-9.7616139028365581,-11.282451391283232,-3.4296323239392632,,0.2562043910918841,0.5263157894736842,0,1
0.88460546380322647,0.46562740215727122,0.025773935860667337,-0.45711585632417862,0.85484405753006154,0.24553356430955389,0.09229445978222045,-0.22898200729710561,0.9690453926559357,10.017902549569872,-8.3526225336977262,-2.2643422898823609,,0.07841754773326672,0.2,0,4
0.98482587178489311,-0.1665876328274605,-0.048647331397195293,0.17317634862937073,0.96160305403830426,0.21290730081329964,0.011311699188184851,-0.21810118535475556,0.97586060398415853,-12.183281537555814,-17.766733669024752,-3.0565963097450917,,0.3780323247889297,0.4827586206896552,0,2
0.98709182344890445,-0.1451215157518207,-0.067745684336429537,0.1568031991656372,0.96180393355147331,0.22437903230100334,0.032595840405466023,-0.23210544817131551,0.97214431650730448,3.0825920533506381,-17.619046625625867,-1.9057149753413196,,0.08884249118969072,0.32,0,5
-0.92910555524517957,0.36868877762842794,-0.028834917433600178,-0.36975979868200914,-0.92748237167454128,0.055264287850368771,-0.006368554874297049,0.062008350113706659,0.99805531210699416,2.4488199489691866,16.489848186311459,-5.2592979077367055,,0.1507517731402435,0.5714285714285714,1,5
-0.64652736809780909,-0.75619158454455959,-0.10087938225677254,0.75783001578167997,-0.65180465138612953,0.029057935435009237,-0.087727016824116849,-0.057662673328543454,0.99447422622396153,-8.7582415138350456,-12.637016486512321,-3.2522317157502543,,0.2571856285323227,0.4489795918367347,0,3
0.81719040831834888,0.57419109929889012,0.050044160882392552,-0.56729412529296896,0.78594193695935122,0.24591186863726025,0.10186860144605966,-0.22934657881580825,0.96799944980609809,5.9726393865947589,14.534488467690524,-4.780872044797972,,0.4214493449763963,0.3870967741935484,1,6
0.58728012408682573,0.80937026348764873,-0.0046725190739226943,-0.80249630599426058,0.58302448040587829,0.12681535440561204,0.10536476981481013,-0.070726457774931931,0.99191533582886104,-10.193665248109792,6.720999507229231,-5.2425968414382247,,0.0939475336067747,0.4181818181818182,0,5
-0.47058557799102951,0.87337139824535848,0.12558508873984808,-0.88005315968303888,-0.47485254224850165,0.0046367285917894574,0.063683984790115958,-0.1083395765502234,0.99207201665714262,-11.444974364621972,2.2053102995355527,-4.8928319571207934,,0.09765746891189064,0.3684210526315789,0,1
-0.10745507285208172,-0.98791983451085286,-0.11165933860812451,0.98896999039453903,-0.11772799627735743,0.089880348194390045,-0.10194000891396909,-0.10076963566753876,0.98967353966348515,5.6618921248387926,13.128920142040785,-4.6584365721915253,,0.08748947180419539,0.40625,0,5
0.48342172585223803,-0.8628776988222725,-0.14746359499626635,0.87146714820313542,0.45845419926240838,0.17425486157165765,-0.082755329597176228,-0.21274826451429202,0.97359628767236928,1.468368826922841,-17.234711100015172,-2.0772449411761515,0.1447022785332052,0.1259908163597628,0.3181818181818182,1,5
-0.97311063823909727,-0.21522327451210699,-0.082064778402080915,0.21122694666791361,-0.97590443486191991,0.054714815344539196,-0.091863282911328489,0.035909276310208432,0.99512394259591108,4.9268970395023661,-14.012496007177853,-2.1102417437834911,,0.1695323369672678,0.375,1,5
-0.84905420985651048,-0.4902414295267003,-0.19690172548901999,0.50237467219771559,-0.86454051216518213,-0.013761960594405985,-0.16348283536559383,-0.11060309037627081,0.98032663890156713,-18.809860494329698,6.7053615755323746,-5.9603343397540867,,0.239541785486705,0.3888888888888889,0,2
-0.98447378255642626,-0.12508684373059756,-0.12314484554604899,0.12789216128402905,-0.9916729065426042,-0.015114281704518421,-0.12022880911471714,-0.03062887452814278,0.99227360415562615,9.2586189196628901,-25.629646860025659,-0.71282574911319596,,0.6550354125667711,0.5357142857142857,0,2
0.99628710437525247,0.072069140913064975,-0.047096120685552065,-0.064621947837856686,0.98746055413452061,0.14403353042256295,0.056885934229971423,-0.14045530590333288,0.9884514644282667,-0.27662083155793554,7.8844632296988504,-4.5979552401248114,,0.08183719475810991,0.1864406779661017,0,2
-0.88648652552040341,-0.44528741197958066,-0.12593951247836876,0.45350256903035063,-0.89011908198624401,-0.044982660735411795,-0.092070950650213743,-0.096990415075368458,0.991017557579013,-15.814009986170028,23.911590197205392,-7.5155463724712446,,0.1649962304194234,0.44,0,4
-0.84998585044882846,-0.51155755934839298,-0.12582892159713252,0.5187268031262019,-0.85439583820593279,-0.030500088112197205,-0.091905156303944122,-0.091195477573708245,0.99158299053324372,6.7935987747640949,24.03888053804798,-5.6563052747644491,,0.359509314843263,0.1176470588235294,0,1
0.49689691672963876,-0.85234814395881975,-0.16308309426342812,0.86573740780666286,0.47389957607495153,0.1609904733833093,-0.059934921946885468,-0.2211828051317212,0.97338891089085489,-5.5537007483699714,-14.39106978365753,-2.8545714190331601,,0.1521439539754384,0.3925233644859813,1,5
0.99890840291474237,0.031295009670496414,-0.034678883431311432,-0.025246400071962882,0.98632430200968535,0.16287108567365036,0.039301677696064651,-0.1618177791061004,0.98603771961089004,-2.3775314675078203,17.000128746829471,-5.6607940974595152,,0.1383358471532234,0.2857142857142857,0,3
0.97817271913136938,-0.20000113385382456,-0.056370896784838288,0.20594110534621965,0.96924025274322434,0.13476495683606662,0.027683798076123856,-0.14343248906518427,0.98927282809376971,1.6312471072584578,-4.2695814321774845,-3.2499049900905082,,0.08180946296105719,0.2745098039215687,0,5
-0.72469213803152976,-0.67696511002229998,-0.12860616193552515,0.6804808541936217,-0.73246230031733595,0.021089942858062496,-0.10847632069355084,-0.07223031514767729,0.99147146677171594,-1.4459716310758748,-28.826067361060876,-1.1894926436645155,,0.365743384158762,0.5263157894736842,1,4
-0.58374813161546224,0.81168610159583632,-0.020094559253970749,-0.81017755815513459,-0.58067893691048145,0.080151709216315564,0.053389541084753786,0.063068571449395733,0.99658010826932142,-6.2670352638410094,15.684914318965005,-5.8153795408627937,,0.06979662236063916,0.2962962962962963,0,4
0.7877029364058199,0.6155487934694559,-0.024975324541351207,-0.60806444142210281,0.78335498092700739,0.12888991013603135,0.098902573554356693,-0.086340353920661667,0.99134435199338289,-5.7971751315283138,-4.2233526458627209,-3.821449893008845,,0.07016827362319729,0.3677685950413223,0,4
-0.064143011185958998,-0.9896786265473565,-0.12814792339845218,0.99319293031855527,-0.075820491737384005,0.088425427326883591,-0.097228994035928537,-0.12160373838019507,0.98780516982384825,4.3137546307410428,22.405270142449265,-5.6775448719408841,,0.1376392481586393,0.3181818181818182,0,2
-0.69995366354002853,0.71409435320585279,-0.011581175087467747,-0.71379599857434206,-0.69893986504684102,0.044478505680389711,0.023667304792682177,0.039399489435998136,0.99894321105658035,13.369789866632455,3.4135898694577276,-3.1830417491247744,,0.07973360916514241,0.4444444444444444,0,4
0.63341367898760526,-0.7230263542477593,-0.275717250701838,0.77248779846676829,0.56998083533899369,0.27997222820527695,-0.045273750577478712,-0.39032645107583475,0.91956269449080608,0.77533488816059071,-13.215829671077064,-2.4853467588966938,,0.1689252861555977,0.4411764705882353,0,1
0.60432477935258788,-0.78451446968744654,-0.13902736389456205,0.79519575309767587,0.58304905244367389,0.16648578527896735,-0.049550734766160884,-0.21116545478737508,0.97619356450889139,2.0100342041345476,-21.233613365549644,-1.6540780565827475,,0.2288387682114947,0.5652173913043478,0,2
0.81363102626115602,-0.57755696823283975,-0.066577034710996408,0.5811189543815739,0.80447169805536745,0.12298799895266282,-0.017473235638677156,-0.138756028602741,0.99017243476210293,-7.4564299917369654,-10.197738658739404,-3.3699157335660943,,0.131163130947381,0.6,0,4
0.72481294271367835,-0.68009882086632956,-0.11005358663381015,0.68798636578282923,0.7060820244166105,0.16769894243159494,-0.036344993763548682,-0.19726573106337694,0.9796761060556487,6.6642289016054788,-17.011433762205925,-1.7165216574374385,,0.09360396784807738,0.3076923076923077,0,5
-0.75942663047276426,0.64996550204978909,-0.028566397636901168,-0.65016598228278955,-0.75660579193421129,0.069511661567397978,0.023566680102193649,0.071361906902568814,0.99717204625490286,-2.8222487646114334,-15.050458868742799,-2.5999468871094886,,0.09261595155455601,0.5,1,5
0.89092431459110899,-0.44966751938609134,-0.063663079406519107,0.45412677201516,0.88060677918743491,0.13527961926403437,-0.0047687115086245098,-0.14943501081838342,0.98876005023072011,6.6350770772223626,2.7105130711214085,-3.577579506871833,,0.4023953213384444,0.9774647887323944,1,5
0.52797853475814083,-0.83423937106185886,-0.15900735393358609,0.84903101221154631,0.51417740948035928,0.12152337998551568,-0.019621598754529981,-0.19916391076292153,0.97976973290255054,8.5245177802199255,23.405598434208748,-5.4808958007236646,,0.2242524050380149,0.44,0,5
0.95923042700483718,-0.277293531825271,-0.054637762728591013,0.28204979057096718,0.95154840730597079,0.12248895538922872,0.018025081053685024,-0.13290570251625156,0.99096476763388019,4.4102241802656668,-20.143631199390036,-1.5714817604256812,,0.2370440093748927,0.5476190476190477,1,5
-0.71678772841163285,0.69729091999819481,0.00085163757710137594,-0.69626475402157917,-0.71579805561645404,0.053371676786233786,0.037825186129898304,0.037663197736988382,0.99857435318080523,-7.4929217640244445,-17.072529783320256,-2.7446016749639619,,0.2335092483802438,0.382716049382716,1,5
-0.75988289581699742,-0.64090997166935426,-0.1086848327024677,0.64239218270141085,-0.76595381539533602,0.025436907937992428,-0.09955033022995359,-0.050489215641723831,0.99375075892046094,0.24555320629157268,-9.3845166890202449,-2.911948059470717,,0.09103534470678502,0.3620689655172414,0,5
-0.98937613735524743,0.14313851043936751,-0.025420968927457602,-0.14127798485288962,-0.98789458555492438,-0.064068860042702749,-0.034283958755056139,-0.059796778010724062,0.99762164948021193,-12.655444278969942,14.172099835295176,-6.2016256947781825,,0.1776777351154132,0.3125,0,4
0.99808867221632602,-0.0039325155840540041,-0.061672828009043223,0.022751711974776833,0.95126039567934517,0.30754840141706602,0.057457479893123165,-0.30836373803214467,0.94953169671747883,-9.6477789151553317,-18.458748914661687,-2.7796400486536776,,0.3262061252833787,0.703125,0,5
0.89282784810662286,-0.44565191646374158,-0.065213518517947947,0.45039204812306322,0.88415720936132725,0.12414923327150044,0.0023316588105138404,-0.14021554295649083,0.99011825802810394,-4.9653639643705567,-20.173061986440857,-2.2660478344962858,,0.07324160592654723,0.3478260869565217,0,3
-0.40711425115279626,0.90209170746156042,0.14313817742791629,-0.91140040251402954,-0.41151872636152714,0.0012822445368425386,0.060060742632469924,-0.12993417249851599,0.98970188340305931,-6.1258792253497472,8.4277426412911716,-5.0924130293329846,0.6725050051370314,0.4591929301809723,0.4539249146757679,1,4
-0.7538137112175598,-0.64651222168038935,-0.11741735816435651,0.64968840432411068,-0.76007058366217761,0.014060054702147121,-0.098335477154486359,-0.065686034050805989,0.99298312113725073,2.085566885751243,-9.2396038027316205,-2.7827482595660968,,0.1086264329569655,0.3723404255319149,0,2
0.18161457787398144,-0.97249365913291219,-0.14585001902617761,0.97953744443238633,0.16582453297312844,0.11405533402307445,-0.086732577838588343,-0.16357966625019346,0.982710106150817,13.514858951173983,11.456127093469622,-3.9601191872843096,0.252205201318043,0.2283548293798897,0.5217391304347826,1,7
0.40061932749098633,0.91617135016426987,-0.01158497211262431,-0.9097837904344499,0.3992614911901527,0.11350645935514879,0.10861679936085514,-0.034933061572041908,0.99346971373354354,-19.764513872746129,10.744086891430948,-6.471014358695161,,0.079714593468453,0.36,0,1
-0.99366266325035957,0.10491579096228643,-0.040338424225071799,-0.10334984654069128,-0.99387519036191541,-0.039126911494303633,-0.044196389922929173,-0.034709981126836417,0.99841969948912579,6.0504649931585979,4.8414644417615387,-3.8505366574642581,,0.1115542622096749,0.4,0,5
-0.42915674609180254,-0.89292022627142231,-0.13608069958405955,0.89772774467052097,-0.43827809789095151,0.044690103578627079,-0.09954588757289265,-0.10298436009647534,0.98968926327552087,3.5507794377988544,-22.949104812555898,-1.3516445686901231,,0.09821860900213714,0.3846153846153846,0,2
-0.3615098514813187,0.93230326273700181,0.011011519962939968,-0.92598797432734214,-0.36039025009515879,0.11253949989889259,0.1088893873758999,0.030487602829482728,0.99358623550782499,1.047453712919052,4.9325969507731022,-4.2423811593837888,,0.2226290559110957,0.3875,1,5
-0.17524828260134634,0.9564308414742938,0.2335124941455024,-0.98060181440461069,-0.19072031258053757,0.045231006572567248,0.087795905551820985,-0.22105611922305302,0.9713012257391519,-11.880323805186155,12.605518521543363,-5.9664688484500834,,0.2705251716386549,0.1739130434782609,0,1
-0.15412966580985765,-0.9827064528057462,-0.10262589210958568,0.98367086356644162,-0.16238541251513405,0.077605476435235007,-0.092928350290918463,-0.088988793767735094,0.99168811442709692,-1.4016647107922324,-20.574320243673355,-1.9484412808402973,,0.10573600230291,0.3043478260869565,1,5
-0.39851196935024358,0.91587079132942095,0.04867138660661316,-0.91612740427156669,-0.40002231390760007,0.026319717298064309,0.043575101000813583,-0.034100468701021167,0.99846801080812742,-8.4438866303457356,-22.389318982774338,-2.3156741162462571,,0.2929565006836799,0.2666666666666667,0,5
-0.039450555295666608,-0.99203462023177036,-0.11962844957814441,0.99461206700712712,-0.050472431038997338,0.090550371997155862,-0.095867042567679139,-0.11541163705025918,0.98868076960296214,-15.131809395946158,15.39723311515141,-6.5217937034030866,,0.087638332038713,0.2608695652173913,0,5
-0.41643482378001978,0.90231340817438122,0.11141162853147843,-0.90655134358571954,-0.4213941062608334,0.024324239999641308,0.068896291527414263,-0.090870900938451266,0.99347661289856437,-12.405113669885875,16.719105137668233,-6.4291151364396759,,0.07642697426849587,0.2307692307692308,0,1
-0.8844231987022233,0.46623175781588494,0.020580417907277253,-0.46667511880181511,-0.88384054261055811,-0.032252577093720369,0.0031526320178223758,-0.038129296371487813,0.99926784080624531,-17.129923610781439,4.6590840350500002,-5.5752387347099068,,0.7669648163056335,0.6,0,1
0.9619958689110526,0.27132708015209062,0.030750020718851322,-0.26372014515547632,0.89396154235633452,0.36233195529384038,0.070821135526362017,-0.35667124409464801,0.93154172767446786,3.878870937350706,6.5499978126173062,-4.1997556913475194,,0.4980685219201095,0.3384615384615385,0,3
-0.99116676544077653,0.12746096783434377,-0.036635293971799369,-0.12810822059892746,-0.99163289729629567,0.015889644889984175,-0.034303453188335539,0.020442570251454031,0.99920236910291038,6.4692989428420944,20.806919535817613,-5.3641968490597263,,0.1224099215675305,0.2941176470588235,0,5
0.99313633543433277,-0.097557312682851643,-0.064519686779818036,0.11293929771739837,0.94330725788323921,0.31211557515751431,0.030412732056925931,-0.31726012665777187,0.9478507676643666,-5.6876934198612332,-24.08679105790398,-1.9659431186280867,,0.3588365569761244,0.2380952380952381,0,5
0.74209399488432648,-0.65334174419672431,-0.14980343135790369,0.67012905954934099,0.71815883399881586,0.18754981390813588,-0.014951464949498828,-0.23956722321603702,0.9707646466865284,1.6863361064435312,10.676481527098703,-4.7324176171207242,,0.2225601278424808,0.4918032786885246,0,6
0.97047718223343915,0.24077071126416852,-0.014265460440879382,-0.23568696298647382,0.95922830519645164,0.15598946755520163,0.051241528494536642,-0.14802203588415203,0.98765570045955464,-17.723589385108191,12.325310961197795,-6.4692352402159896,,0.08038442937626541,0.3125,0,2
0.81486819422826562,-0.57693511316596113,-0.055997332359186386,0.5789727489520845,0.80545856172191654,0.12659803047333898,-0.027935318255429217,-0.13558163793464637,0.99037227215271251,12.169994997028795,4.5599311297461762,-3.3744221365173228,,0.102308904679317,0.2222222222222222,0,2
0.54260643320264335,-0.82628555978502249,-0.15109742664207595,0.83811199004033443,0.52055181003153128,0.1630769917049214,-0.056094124449319299,-0.21512318973938813,0.974974595791406,-4.2922244706873087,29.96863532619798,-7.0870651114027403,,0.1921927720828364,0.35,0,1
-0.99645293118042566,-0.069042877154189441,-0.048110675075395785,0.065219294984798101,-0.99489861655559297,0.076962239685793646,-0.05317893853420446,0.073551505015459512,0.99587257046588873,2.2972772862395283,-3.2928776213299198,-3.3040348778989808,,0.07668669764272193,0.3384615384615385,0,5
0.99776557044545511,-0.043571041481120877,-0.050650081716684357,0.049807054891819642,0.99036558670879071,0.1292101464512623,0.04453227724538264,-0.13144416688162253,0.99032282982678799,-1.5730800855006573,-1.8706505513722405,-3.7065067298821872,,0.1422428926079052,0.6407624633431085,1,5
0.9455280321326951,0.32286617880810442,-0.041643379223204914,-0.31638753843655593,0.94151380372338211,0.11597707928891142,0.076652892791670271,-0.096484133307932055,0.99237852961785045,-16.782727646585272,3.391714648226769,-5.4042200247781436,,0.6104495152061894,0.603448275862069,0,1
0.31900852204209129,0.94647649843612769,0.049150796256097411,-0.94186075553828941,0.31082568400466698,0.12761548236743941,0.10550772503169588,-0.087003632516801821,0.99060511198333623,11.75994554207241,-6.8048715704823151,-2.2960329105908195,,0.1612025760689513,0.3125,1,5
0.021317353716208035,-0.98928839409623603,-0.1444092924192491,0.99519093044275475,0.0071844053381621654,0.097690308037289592,-0.095606393065639769,-0.14579731693836864,0.98468398990668615,-20.837109385672658,10.346598652098342,-6.4916604732794054,,0.1718451583888309,0.4102564102564102,0,2
0.060891456588222509,-0.9383716320048161,-0.34022185521095383,0.99365216478714125,0.024685442810192623,0.1097542907001505,-0.09459178573424358,-0.34474528156580087,0.93391813608566565,-6.7234750062718431,-6.1885243960943717,-3.6845968614097848,,0.4139659115482813,0.3706896551724138,0,1
-0.98464070132523585,-0.15701706693523323,-0.076343499951234295,0.16265537853012918,-0.98388310214842145,-0.07427832215403693,-0.063450115279391026,-0.085555140101895716,0.99431101817951162,-9.5467905574247993,-0.24221931815429515,-4.4726018608880276,,0.2148887486136985,0.3216374269005848,0,1
0.68251271091791876,-0.72629958034229403,-0.081641405120696925,0.72981404911578063,0.67124487721725501,0.12962163601352161,-0.039342764883815939,-0.14805145863584196,0.98819679844001562,-7.8415503165050113,23.280364445168182,-6.7135925635381017,0.4347027867278198,0.376621188588072,0.7428571428571429,1,4
-0.80310052538084242,-0.58404722865578385,-0.11797618756560101,0.58295203107662719,-0.81113319483672019,0.047221496139058051,-0.12327398588773872,-0.030850849801497288,0.99189301311677547,10.561812213047425,-6.1271174100366919,-2.4400962774753752,,0.2885948321484484,0.5909090909090909,0,3
0.97004681352963018,-0.23253636866488073,-0.070256791907695765,0.24069348520040948,0.95913750062009651,0.14873433055725396,0.032799782668347703,-0.16118961552279018,0.9863782652230958,-13.707366213052044,2.6009442727390084,-5.0974480216113358,0.2229035937063093,0.1490441361381276,0.6889632107023411,1,5
0.11961470416700531,0.9918337257699078,0.044251361249394015,-0.98767736578065413,0.11434594711174886,0.10685703301002912,0.10092444536200906,-0.05648774030266808,0.99328917819730134,-15.550672366990742,11.501173696207671,-6.1638753690811336,,0.5066368115047871,0.2,0,2
-0.66296027625818643,-0.72682642988832924,-0.17946312412151516,0.74198515911475682,-0.66982272237427232,-0.028205393891351363,-0.099708052619220305,-0.15185803043271515,0.98336028129876107,-6.975641293489649,16.868266008075832,-6.0093978848109391,,0.3270452687962561,0.25,0,5
0.23531774201857344,0.97158038223623666,-0.025634374284704192,-0.96610516230034127,0.23670927939141961,0.10300258456284349,0.10614318474547005,0.00052716570738635859,0.9943507160093995,2.1301937998718272,-5.3567704138809269,-3.1282499876562482,,0.1195663114110253,0.5242718446601942,1,5
0.77553265277294747,-0.62772634720506981,-0.067147133278612131,0.63052882287334278,0.764901362113664,0.13175473335944757,-0.031344983791865788,-0.14451830078312747,0.98900553725944629,-1.052580463985771,19.08948280078501,-5.7401326888635058,,0.3515965586035918,0.8728813559322034,1,5
0.39049785649414459,0.91475684118083989,0.10359220813521448,-0.91436886758314084,0.37231562633242898,0.15909320659102635,0.10696260125951636,-0.15684704619960915,0.9818136310065444,-7.9431268904720085,-12.511069953422506,-3.1864529994865527,0.1232607143350971,0.1610646760082726,0.21875,1,5
-0.95443240570981258,0.29836320314460307,-0.0061791536856600198,-0.29836321195436227,-0.95445194044003145,-0.00094188244168183239,-0.0061787282878412219,0.00094466901610296204,0.99998046526779405,9.6981378643146261,-10.74145933750934,-2.0714779475477272,,0.1279252957058226,0.2307692307692308,0,5
0.89245914679231508,-0.4457504367881383,-0.069449401796673638,0.45112719755853503,0.88214620408587496,0.13528609034140696,0.00096069230992872523,-0.15206782276361025,0.98836959400328572,8.6262174345733893,-11.925605168597043,-2.040704262139279,,0.1375164084283356,0.4150943396226415,0,3
-0.99892262356263972,0.018879504912858378,-0.042392881819700537,-0.019997743170674272,-0.99945901517240154,0.026110673271555602,-0.041876991329529524,0.026930304210304342,0.99875976906978381,14.585714851577906,9.209238631844805,-3.6760251024201773,,0.09938195088065441,0.1875,0,4
-0.16449646849362895,-0.93981484788063663,-0.29948115726405933,0.98085784556499378,-0.18792972736219737,0.050993179614225434,-0.10420555957684331,-0.28536024473753496,0.9527385433982456,-26.743790180997742,12.674152285643306,-7.3075674445505694,,0.692844860446306,0.2978723404255319,0,1
0.82499975797880809,-0.56061504126160366,-0.071317423159836538,0.56489271013959308,0.81437581247654089,0.13299722585196913,-0.016481060829155316,-0.15000937158865962,0.98854719820022829,7.7131594098287328,-16.139107871603862,-1.7055365107494285,,0.1080040747545155,0.2894736842105263,1,5
0.3286164117268236,0.94184278671655097,0.070309452094205194,-0.93648693086036883,0.31528220064076073,0.15358828824765486,0.12248870262808904,-0.11631551516938583,0.98563036614106359,-13.350267666741059,10.629629103381657,-5.8679511466683696,0.09447918457833943,0.1445965816807445,0.2647058823529412,1,5
0.36112233320222237,0.92794743658448364,0.092218302949414674,-0.92621395315242927,0.34544286333686525,0.1509865595189791,0.10825143624143489,-0.1399384975834555,0.98422499635284255,-3.3395897136626824,-13.685576251025712,-2.7464373641762836,,0.0844599175833152,0.3,0,4
-0.86413527129154621,-0.4982099083984044,-0.071113431105101488,0.49462826000964688,-0.86685097137862199,0.062548203969172295,-0.092806881801489993,0.018875396514867398,0.99550519943227367,-1.7744117262243249,-5.3437088081632167,-3.4172435367169456,,0.08816144457586125,0.4311111111111111,0,5
-0.99798919534907515,-0.032782925811664684,-0.054248002191164629,0.031939410090603658,-0.99935616555440654,0.016344064716516622,-0.054748881719811966,0.014578550806590073,0.99839372284024785,-11.084356912250273,5.9817042343626747,-5.2475729682764269,,0.1261751934430805,0.4230769230769231,0,5
0.87767291406819192,0.47777421400148606,0.037710162374509859,-0.47135747857829852,0.84629449308895921,0.2482091020805075,0.086674005903490808,-0.23562137297487529,0.96797220275071816,-2.7739579663627092,-19.338479755331953,-2.1788123989471608,,0.1906497255926445,0.2857142857142857,0,5
-0.98806576206281893,-0.14072270453071503,-0.062635215883567616,0.14124230880266248,-0.98996727615981106,-0.0039245811007942643,-0.061454536393283306,-0.01272448671988187,0.99802877082497043,-7.3529471931178438,11.190324569434472,-5.4486346314737082,0.06021915994100683,0.1209224034694823,0.2692307692307692,1,5
0.7378666377354608,-0.66901254761377171,-0.089303057351344931,0.6743086595208605,0.72493727251695161,0.14061928250017455,-0.02933694960535356,-0.16397610207287661,0.98602798202527653,-10.003165509802333,14.296025849446755,-5.9797958613517892,,0.08815782406428123,0.2380952380952381,0,4
-0.17780854183492634,-0.95050844168410842,-0.25478976576343398,0.97818716919777315,-0.19897627626436573,0.059651517171102383,-0.10739638945227548,-0.23862553042626242,0.96515484341187474,0.58347026632712695,20.743210983847078,-5.7983124210483368,,0.3471884223245506,0.3333333333333333,0,5
-0.88027354760022969,-0.4500584819292614,-0.15021932045790673,0.46693398122442131,-0.8779251465474488,-0.10592494624757769,-0.084208898420642525,-0.16338543357095647,0.98296188202982338,12.930055809077118,9.4260273228007598,-3.8020482912137714,,0.3387348643161436,0.25,0,5
-0.58817987266544269,0.80871974801105262,0.0040995814667806841,-0.80688119148877402,-0.58717019609289289,0.064605755485789146,0.054655102350279483,0.03469192985656492,0.99790244502652015,7.9806418179096221,7.5001310564359516,-3.9605253321617773,,0.09990272034129596,0.2051282051282051,0,5
0.33764546573082088,-0.92606762437253376,-0.16850606683567579,0.93821602284200412,0.31669498460323375,0.139481114168514,-0.075803917800794096,-0.20519025760539836,0.97578210899251527,4.2257844424444713,23.287966952212663,-5.7659459685226082,,0.08645915558463929,0.1666666666666667,0,1
