axis_00,axis_01,axis_02,axis_10,axis_11,axis_12,axis_20,axis_21,axis_22,location_x,location_y,location_z,dbh,dbh_approximation,score,reconstructed,number_clusters
-0.63129777529182551,-0.7597336596313562,-0.1557815307882843,0.77377730992457117,-0.63056205759090433,-0.060499307207784875,-0.052266562518389167,-0.15873329187626145,0.985937091549273,-7.838237836547048,11.497347002106247,-1.8370998716035876,,0.1556134857154429,0.2156862745098039,0,4
0.43625397890627876,-0.88978819387806918,-0.13401281999736361,0.89974521350082948,0.42938556912439957,0.078016561126880962,-0.011875044033131698,-0.15461242855256277,0.98790383148679595,-7.6829166394165664,15.535970029405034,-1.8200412839684224,0.3001424104218832,0.2507776650172132,0.3018867924528302,1,5
-0.37123162568188134,-0.90312038987914967,-0.21577914977615867,0.92477786945773488,-0.38050425887864253,0.0015495600760395954,-0.083504324767054799,-0.19897253669727738,0.97644096461867591,-9.7600955344174452,16.772941447213611,-2.0068073646788975,,0.1342688074804787,0.4583333333333333,0,3
0.70250991317928424,-0.70530702812719448,-0.09498325094046399,0.71099081078692805,0.70140311471922889,0.050256717349131612,0.031175132098855165,-0.10283806073895302,0.99420945700695795,9.9184049307430726,-1.8803648612224331,0.025489938396395316,,0.082188915599722,0.2432432432432433,0,5
-0.54158667761370971,0.83618722924542499,0.086456857901524201,-0.84048001734420619,-0.5365721907302109,-0.075389817482645477,-0.016649656946260197,-0.11349538220492855,0.99339900701668227,-6.1768111571761315,-13.128968145058105,-1.0129417086752859,,0.7655030472403614,0.2280701754385965,0,2
-0.79447528244707888,-0.59806538576013191,-0.10548374252091645,0.60230972648198866,-0.79818781467750777,-0.010918144784558256,-0.077666073454413398,-0.072208080267579744,0.99436108842725945,0.32532768158580849,21.016791442021944,-1.086707562370842,0.3034322366896874,0.2048905046107282,0.2916666666666667,1,5
-0.6966114557621601,-0.70713931580832079,-0.12118773757712688,0.71316678548370382,-0.70093077799458869,-0.0094435450303473646,-0.078266313211774713,-0.093005550899068062,0.99258468239148034,0.70354601500837,6.8028940847711601,-1.0793425873999469,,0.06824398935060993,0.3448275862068966,0,5
-0.36835615077099093,-0.92458149886141638,-0.09727691479665479,0.92783392410856136,-0.3722040107240655,0.024256621245093979,-0.058634081066280763,-0.081321745948401719,0.99496171693860469,-1.3988769806189776,10.014904735183514,-1.1836803474702173,0.3840015856509182,0.3373582212138851,0.8526315789473684,1,5
0.74865692005338802,-0.64974301478931951,-0.13170736801205032,0.66182817379776548,0.7440757053321293,0.09129519758458926,0.038681835836607059,-0.15551642828646958,0.98707565875637382,-6.4020797840773565,16.601665693623158,-1.7049077436862596,,0.1715969629666275,0.4375,1,5
-0.44581536823089463,0.89365784072708132,-0.051228128563911846,-0.89511507410013957,-0.44534846951629653,0.020826541196080212,-0.0042025668170195827,0.055139862227803878,0.99846979625106613,1.549842385760642,12.226624840334853,-0.95203063368317564,,0.07246648957197746,0.4137931034482759,0,2
0.98019099570020429,-0.15463037702041524,-0.12375402397808057,0.18557015059050674,0.93537772680959441,0.30105186828573721,0.069204993736433101,-0.31805338339819705,0.94554360774683477,-11.018098237999041,19.394068838058271,-2.1110685396396009,,0.1017073753971182,1,0,1
-0.037998009643564597,0.99736031053731833,-0.061875376589001004,-0.99889216284821492,-0.03619033667828641,0.030078339906420764,0.027759651718663129,0.062949745797861639,0.99763055849369509,8.7009660284106101,-1.5898424099958242,-0.11045341198806617,,0.08075097598813236,0.3157894736842105,0,5
0.27870248922805529,0.96034702128783833,0.0076499151408915764,-0.95652086062618791,0.27686134308780092,0.091736796818704974,0.085981193786915988,-0.032884577041464344,0.99575390479163151,11.217841646131992,-1.4466426023161054,0.14695365494139892,0.5795639547668945,0.4841510589829495,0.7710843373493976,1,2
0.65641724771371535,-0.7222676320333018,-0.21782071669370279,0.75435927446142204,0.63135453867547453,0.17981527056375415,0.007647348428603761,-0.28234892280808516,0.95928129547652807,-3.8091011632584748,-9.3553130054008342,-0.95447721650041784,,0.1657030876566354,0.2678571428571428,0,5
-0.96475373380557838,-0.24990544719389685,-0.082446956105205985,0.24983273261820041,-0.96822231621368948,0.011364510474315699,-0.082667035877174527,-0.009633994426847774,0.99653065548966679,-4.4057761942875251,1.4926928628794067,-1.4782675202012729,,0.1436327090981603,0.5634824667472793,0,2
0.19572025716135516,-0.9610103680466251,-0.19532704227419029,0.98055788207322736,0.18890761427066316,0.053105114392430042,-0.014135799968865062,-0.20192321752947728,0.97929933798700386,-5.3339167289375684,-9.8408525319656164,-1.0993212131292587,0.9969634418835126,0.4912272225339595,0.9381443298969072,1,5
0.69590080775228269,-0.70456375293081752,-0.13896756393404752,0.71785893077962726,0.6878751585638172,0.10726752411953394,0.020015525715104492,-0.17440666353911588,0.98447026082228739,5.8319488652468303,11.822633657682818,-0.52812023933534336,,0.1731276330372924,0.2083333333333333,0,4
0.59718982884421656,-0.78354068088780593,-0.1715468149482498,0.80209987014833162,0.58345887376544958,0.12732454960604675,0.00032654715570068976,-0.21363460398125309,0.97691358335767264,-8.6519130957423087,18.410543982179568,-1.8991145797147659,,0.3451439860014073,0.4857142857142857,1,4
0.89710384442190561,0.44153766290770413,-0.015785580681184269,-0.43357257041521813,0.88666714248511491,0.16073644459432121,0.084967749805324025,-0.1373530875928361,0.98687112168800251,-4.3049191388587182,4.5600313210113113,-1.5217715862373173,,0.1068074095616184,0.2469135802469136,0,5
0.88793595954406535,-0.44863548720964214,-0.10146886894377358,0.45551328302350402,0.88829961744382868,0.058578482724443159,0.063854371328129877,-0.098234358883823786,0.99311259683732478,-4.1560034994126669,10.705206593401787,-1.5066452348608415,,0.2029560263522945,0.528,0,4
-0.99458261667609049,-0.058766658144605667,-0.085743212537528327,0.060994844062231858,-0.99785903408154719,-0.023600362278265532,-0.084172724819651171,-0.028702403947342386,0.99603771234029015,2.61819338468006,11.463583431939714,-0.82302181776875905,0.3080056960702884,0.3100421282118049,0.6909090909090909,1,5
-0.98203534019745586,-0.16727332401818409,-0.087328263896498989,0.16849917053349381,-0.98567829046786293,-0.0068071455013988917,-0.084938920011933039,-0.021399597478929965,0.99615633165429796,-7.8917433264962407,13.157206293036802,-1.8299022089124983,,0.09003034412775222,0.35,0,5
-0.79625063396602025,0.60275556609599035,0.051678384736879267,-0.6046862531574495,-0.79037050605945725,-0.098331065252655614,-0.018424525804363611,-0.10954538188175372,0.993811021350269,-0.53603310478277333,-11.729439140771399,-0.5791898021927544,,0.3635243882743048,0.4857142857142857,0,5
-0.92011569573330665,-0.38104654337534644,-0.090502144985150759,0.38297427207801649,-0.92374899496681784,-0.0043013049307101961,-0.081962268096523808,-0.038617691276068726,0.99588697176385399,-2.6911198359401078,7.8132600795405791,-1.3639702627322277,0.2029414681243564,0.144787230979144,0.6121495327102804,1,5
-0.63183352483816413,0.76358654250176028,0.13312396103176713,-0.77458003437495626,-0.61570920680067287,-0.14466493358300953,-0.028498548002864044,-0.19451931721834845,0.98048460874744736,2.4520691814132349,-7.4423841822438606,-0.45450780501804511,,0.567004643206321,0.48,0,2
0.49213755410511167,0.8467528124663094,0.20201559944676065,-0.86804594724545381,0.4598688492864032,0.18712796404263785,0.065550448588713311,-0.26745152090873442,0.96133907787701189,-0.56084365185077145,10.266140376693066,-1.0996659838000813,0.4471033562320351,0.5505380599377413,0.25,1,2
0.82782805189925446,-0.52567308470400764,-0.19587885160593324,0.55967855351468399,0.79770946057798786,0.22454294297547461,0.038218231570770873,-0.29551213938203863,0.95457422040062134,-1.834607158088652,-12.069550729873642,-0.66580751399963511,,0.2996620495552371,0.2592592592592592,0,5
-0.72406822940333393,-0.67934759361564601,-0.11921428696826721,0.68594882667504486,-0.7273322768433903,-0.021493400032080365,-0.072106909182478834,-0.097337588373870965,0.9926358786270566,-1.3185493310313749,11.594610914978889,-1.2304711742723595,,0.08666495394089269,0.3333333333333333,0,3
0.41188192609614577,0.90952560365781532,-0.055825220520959944,-0.9091995337300437,0.41428367869689209,0.041536025693843494,0.060905556564228081,0.033648326202874425,0.99757621429309584,-1.3921002295024947,5.4949546828417901,-1.2668610861533174,,0.07507548507584696,0.3103448275862069,0,5
0.78908217406105863,0.6140169168578572,0.018235909394533265,-0.60867036183719381,0.77751642764092643,0.15807781428610501,0.082883733024361986,-0.13583604293730078,0.98725825204911954,-14.523951822485792,-8.5804377623754551,-2.02765856143664,,0.1904641626609206,0.1923076923076923,0,3
0.98782484518360325,-0.10710991004130666,-0.11282527380394552,0.13261797753413898,0.95891858509133554,0.25077404012614046,0.081329867040015963,-0.26268348699028593,0.96144830250506919,-13.721149179387181,-6.1265578796579243,-2.0585070895854014,,0.3328015890952958,0.3111111111111111,0,3
-0.74812411733970918,0.66351412404175325,0.007701444785588883,-0.66257999364464715,-0.7463400602283099,-0.06296242149299637,-0.036028559179351757,-0.052206529242108737,0.99798618288428853,-4.0726993006125687,9.6327474659594277,-1.4627241274856972,,0.1095159856744254,0.12,0,2
0.91099597628439877,0.40759475878547546,-0.062871645471114651,-0.40356730190894308,0.91244032706147427,0.067720620064248602,0.084969194556447122,-0.036320272060661629,0.99572138362790441,1.3210380925520604,9.0498052891719141,-0.94446044340605007,,0.08452533213308629,0.4193548387096774,0,5
-0.36066824382424523,0.91644795579849925,0.17332501899462663,-0.93268240224568166,-0.35531500378585701,-0.062086911872643195,0.0046855563127340709,-0.18404997255476355,0.98290571936713822,-14.009314906091202,-7.2818076142693604,-2.0385848289810835,,0.194155047406983,0.6666666666666666,0,3
0.99695608738623198,-0.011653053005249967,-0.077089338946398384,0.017948169160023696,0.99651349319384519,0.081478347469759543,0.075871094939634537,-0.082613946995991727,0.99368934416869137,-5.566235881263542,16.409236511690821,-1.638369231622302,,0.09153921266374908,0.1,0,1
-0.92900253914548725,0.36975108749663943,0.015440711003347887,-0.36567370171717578,-0.9107441346892996,-0.19190587536992057,-0.056894869133291143,-0.18392730744533312,0.9812918625170669,3.7772065098975318,11.350482523837007,-0.71855114374397644,,0.1247636886902007,0.24,0,5
0.98648549088248405,-0.14045371087007952,-0.084374945221732431,0.14807124521255177,0.98468229287417497,0.092063502221364765,0.070151853999381855,-0.10331281238492636,0.99217195091252597,-5.6077115381229508,9.1620838279773977,-1.6013871616295088,,0.1661096052118124,0.6507936507936508,1,4
0.64955848110524461,-0.73856811217155915,-0.18052956352793786,0.75994333730698871,0.63806626249599163,0.12392565814678347,0.023662284483216101,-0.21768920126578747,0.97573126830357337,6.1779071385789974,3.4576825864417908,-0.5427526345048469,,0.2621839827741382,0.6111111111111112,0,4
0.80937560136195641,-0.5448259944143844,-0.21926187933689659,0.58452364317548455,0.78351655440532542,0.21079354720119978,0.056949508240452293,-0.29877490654869748,0.9526228575506609,5.9026405201034233,-1.5718454798800341,-0.43449110211658137,,0.4923106846433083,0.1951219512195122,0,3
0.70569046093582222,-0.67245014304460349,-0.22318552476242681,0.70782448890039518,0.6830633616525138,0.18002482295745195,0.031392136867085634,-0.28501798028766512,0.95800797734447829,-15.623837750207535,19.919321459531027,-2.546118805874233,,0.2602706077450393,0.2857142857142857,0,1
0.088699592359725785,-0.96589146013337546,-0.2432818726428975,0.99531503000629229,0.07651436261132151,0.059106204054707782,-0.038475620317182928,-0.24738480057513576,0.96815308039876047,4.6669328196665933,12.222897224367207,-0.63872808291481242,0.5795171577488878,0.2625225532198927,0.36,1,5
-0.24439638069538008,-0.91464641338124519,-0.32201296183822004,0.96967373307699001,-0.23114489503810146,-0.079403330398409508,-0.0018056809055722683,-0.33165339736937594,0.94339957787239737,-0.28009641560329263,6.6884431173327137,-1.1698386851851406,,0.3443456778611587,0.3448275862068966,0,5
-0.48639994187705621,-0.86651638307565337,-0.11209127710702706,0.87139533866037844,-0.49047299645403364,0.010315207722874859,-0.063916041045742542,-0.092658499938696071,0.99364437405248263,-10.762929398973343,9.9923007861065827,-2.1286270243898819,0.1790873293873277,0.1175373809348702,0.39,1,5
-0.97240610606279354,-0.22861797577437112,-0.046477801632872497,0.23181600574312658,-0.96926817382252095,-0.08234407505132639,-0.026224118156732566,-0.090846179708256578,0.99551959662244582,-11.206180693023825,-8.8191303389602229,-1.7168011029840591,,0.3849845536823284,0.3809523809523809,0,2
-0.93803641377998892,0.34054518135624889,-0.06416124903566689,-0.34071460143000071,-0.9401272505943612,-0.0086205024379256319,-0.063255409216707026,0.013774329200584851,0.99790231037907728,5.8232600480070316,16.855523260931943,-0.57972261573289263,0.5851218413184702,0.5720211514808899,0.8875,1,5
0.28556946880496792,-0.92489098846785278,-0.25105126555627416,0.95832622398619904,0.27345430338861587,0.082665545293068937,-0.0078055689608192121,-0.26419576720531535,0.96443748873838009,-3.0741173118843457,5.6064550612941728,-1.4292290089159609,,0.3776727821707059,0.1285714285714286,0,5
-0.94816331753804828,-0.30470095272452269,-0.090242189047086335,0.30929325901780585,-0.95004301650563461,-0.041904017886339275,-0.072965767325412628,-0.067643153368559458,0.99503788902783541,7.7326206983726751,-3.5233106587980196,-0.12428788462673192,0.3203195591753915,0.3057839757465625,0.9090909090909091,1,6
-0.15808329115110861,-0.97905218368323521,-0.12832184024523505,0.98644209921059745,-0.16238589277337673,0.023723548073255319,-0.044064248136379901,-0.1228317689088748,0.99144878767533595,5.7172920643989116,-2.4189824129390698,-0.39156229439173795,,0.1861831138799963,0.6482758620689655,0,5
0.14264332575203079,-0.97922644426379846,-0.1441126381441907,0.98929818439095663,0.13654041976169884,0.05143749733469076,-0.030691757511704228,-0.14990758695202025,0.98822352299217486,3.352316909901865,14.513879799163414,-0.80166414835483857,0.5764425177497691,0.2832005849696749,0.3103448275862069,1,5
-0.99349386233782477,0.057781892907847347,-0.098138668979446009,-0.052809034512847096,-0.9972216787874203,-0.052536932059455387,-0.10090169161561237,-0.047012511189947793,0.99378502324231199,17.844067404461903,3.1325814015607252,0.68169901321696869,0.5793599044719501,0.2785331644367345,0.1785714285714286,1,5
-0.99238593608241121,0.11590988388612147,-0.041653963597008264,-0.10907489069381213,-0.98414022661404643,-0.139895255745806,-0.057208584023448625,-0.13428668280048239,0.98928977793994866,12.981273423491711,20.49188843480195,0.038986783005606471,,0.2912385044003367,0.25,0,3
-0.83691469385323858,-0.53720861280509447,-0.10478884263396475,0.54177365866470462,-0.84030823660838461,-0.019062273347290284,-0.077814510148171104,-0.07272533132363726,0.99431178620906779,6.1471593851557698,5.855941327990239,-0.54736975690213607,,0.08227613850172437,0.25,0,5
-0.81750924690791615,0.57254685306173547,0.06219913399039443,-0.57537544636467197,-0.80728951177378516,-0.13125067581044234,-0.024934452885637042,-0.14308649562116901,0.98939604195193076,6.1870031393507547,-7.391380543599686,-0.086224529081661908,,0.3923992599407271,0.313953488372093,0,2
0.24712435554984949,-0.96342470248600953,-0.1036455282866333,0.96859092237444067,0.24256147007947459,0.054731693987250668,-0.027589454287852758,-0.11391565244788721,0.99310726819385953,8.0045209323883206,9.7761070793923199,-0.33769954411005521,,0.08579282534106139,0.4,0,5
-0.22097236942822363,-0.96888991387140255,-0.11146096512924458,0.97385454982224262,-0.22538057601487968,0.028476512176135751,-0.052711741953697669,-0.10225424565008083,0.99336073080565213,5.5962137548733537,6.682833493312808,-0.62970287314837181,,0.09829139286253116,0.2222222222222222,0,5
0.31181738713619062,0.9479831919503845,0.064013942693143283,-0.9488436075708524,0.30716270759423059,0.07312235933907596,0.049656071647792364,-0.083540043350140092,0.99526646467444457,-11.690090551510536,-5.3948221524214048,-1.9192044844335185,,0.08946515797288096,0.2682926829268293,0,3
-0.21525472432956438,-0.96683151428856717,-0.13748536879348341,0.97537868727060717,-0.21977012013319058,0.018371464691490706,-0.047977287043672746,-0.13014575396500599,0.99033340984378071,7.9693118056490899,6.2349215006777072,-0.39715705663088519,0.3005453189175638,0.2641444030919128,0.6702127659574468,1,5
-0.49183010345590478,-0.83888331717193387,-0.23319075776103398,0.87022921812493115,-0.48233456046741152,-0.10027202850435797,-0.028359429758436375,-0.25224621295337674,0.96724742997562663,0.48077453213150018,16.094451403428465,-1.0672408894145815,,0.3670486732742003,0.3636363636363636,0,5
-0.66365572395712324,-0.6945322554206137,-0.27782373231835955,0.74449196919263583,-0.64938579817759123,-0.15501546030291846,-0.072751548894984669,-0.30971443509402308,0.94804228852291839,-7.4474059287078003,-14.319876860761932,-1.091342973657651,,0.3821121785517045,0.2258064516129032,0,3
-0.94637049067413659,-0.30873538766243069,-0.095212156713951432,0.31192924206544731,-0.94988756479453895,-0.020341145326044266,-0.084160812292117262,-0.048949715562281906,0.9952491562521929,17.255604637144756,-0.73962351374554092,0.75844998117967466,,0.1835694584602957,0.4333333333333333,0,7
-0.99272498649253182,-0.086492806766383393,-0.083762136858338318,0.086445184356226598,-0.99624774690236551,0.0042020106589075812,-0.083811283816798324,-0.0030693923881850455,0.99647691771327396,6.5492447201617026,8.2747605998343463,-0.51254589662826044,0.134518565186417,0.08545859208536441,0.5833333333333334,1,5
0.74447163575287034,-0.65610945828528389,-0.12362185206522366,0.66751753183646145,0.73519380820984548,0.1179423972151773,0.013502897852068201,-0.1703245229510281,0.98529550320251669,22.573612767816059,3.1337206876268118,1.2015204918104048,,0.2003263921924174,0.2727272727272727,0,5
-0.79716498097397026,0.60339817295331899,-0.02094368605013577,-0.60282723098976887,-0.79738143333665434,-0.027967469445607056,-0.033575626367617219,-0.009669262980175038,0.99938940492054595,10.717473639136255,-7.2833742409818214,0.34219246291973965,0.2434611766480942,0.1705130045314167,0.2142857142857143,1,5
-0.97971169140898628,-0.14056714705772702,-0.14284914730090387,0.17061097953003174,-0.95895874139352877,-0.22647301377590873,-0.10515177307276873,-0.24624989233092306,0.96348538917134718,-16.533344347522728,-4.0025415357175005,-2.3858795154155148,,0.5011898761907017,0.3684210526315789,0,2
0.023937144461820329,-0.91660462566005951,-0.39907765326261618,0.99925600479295884,0.0098621662208228603,0.037285044758555277,-0.030239874342142266,-0.39967323890400241,0.91615874830935062,2.8016156578971949,15.885471946630389,-0.86370930649849897,,0.5347001819788895,0.3809523809523809,0,1
0.8502727450036528,0.5258687282615816,0.022323524374538693,-0.51993313371972538,0.83256471135211785,0.19106422446798166,0.081888922110013071,-0.17406344259410739,0.98132365832478974,-19.273763381543091,-9.6460633868943262,-2.3728252762367208,,0.2154619723060912,0.5555555555555556,0,1
0.51648584077814641,-0.84855469529181127,-0.11487952547739826,0.85620994146545693,0.51366445676112116,0.055257234784418893,0.012120743022162515,-0.12690057115128869,0.99184138481415796,-8.0247298752018885,9.5029398338682061,-1.8520946625610195,,0.07711046072486379,0.1914893617021277,0,1
-0.58366580147607527,0.79849521186182326,0.14744364625521433,-0.81179585661198572,-0.56981170047718888,-0.12767972895846191,-0.0179365374279064,-0.19421643244853518,0.98079470736340169,4.1039654214232772,7.2369587831956315,-0.74765599121253756,0.7898100964874022,0.3517314943126326,0.2,1,4
-0.9788043773052878,0.17150377093671113,-0.11193054776286783,-0.16239940405706241,-0.98297033186931138,-0.085998605957575802,-0.12477349289780458,-0.065998357700957508,0.98998777378857439,14.994033365729853,0.46902327283878409,0.46435188312728737,,0.6331475428671234,0.1739130434782609,0,3
-0.89877711970345198,0.43288604783559725,-0.069349539918037315,-0.43521657321991347,-0.90005071926402336,0.02225392430626889,-0.052784689942085343,0.050183387107592806,0.9973441753808594,2.5434456874350606,2.0929243123831345,-0.8300299939505964,,0.06875907017469264,0.2352941176470588,0,3
-0.92839719180807334,0.36261715059098742,-0.081163146440708767,-0.35760488427690884,-0.93124239921115803,-0.070045275734656812,-0.1009821815182335,-0.036005499700998138,0.99423649249416479,13.540629729899708,7.0367497090566671,0.10924860132984306,0.3502609299630124,0.2013438834737861,0.5263157894736842,1,5
-0.82078247104235913,0.56983987142206383,-0.039983198562463948,-0.57006989528358287,-0.82157042393260893,-0.0065079190651468038,-0.036557485156453642,0.017451631925971659,0.99917915852071115,-2.5657267146827984,15.713096108950403,-1.3627622647427546,0.6266554707422615,0.7252943055292588,0.9120879120879121,1,5
-0.12702652097363062,-0.98722825229605893,-0.096149055314155435,0.99139346072491719,-0.12945926070713121,0.019475775954621403,-0.031674421876450122,-0.092847604630554609,0.99517639306464689,1.7136475332352987,13.176507392715383,-0.94487540643892454,,0.08015587962436312,0.5625,0,2
0.88789734028899847,-0.41758766218360355,-0.19302553587480084,0.45709130242936141,0.84823386836901127,0.26751980449150214,0.052017827243662648,-0.32576041647777587,0.94402028405382965,-5.559846887182915,-8.4421531327893717,-1.1875638280079059,,0.1082209735523275,0.2571428571428571,0,4
0.7388123129799814,-0.66654406922408838,-0.099374896082280617,0.67291635087135415,0.73766654721044933,0.055060420054652136,0.036605340035997719,-0.10755030873413515,0.99352553070972549,10.558315530340732,6.2612336111739664,-0.17724369293606113,,0.07476624167701465,0.3461538461538461,0,5
0.11996911732086439,-0.96898136207928109,-0.21606140523525749,0.99276339666515923,0.11592672040508195,0.031334226302519787,-0.0053149911672792267,-0.21825699402104723,0.97587685464395979,4.4215718851529067,9.7772906988432364,-0.64036379116985787,0.30919866746744,0.3789555911309814,0.1481481481481481,1,5
-0.66477092165304008,0.74403003887095387,0.067074011228315827,-0.74661484565183844,-0.65864826157977607,-0.093534698215268205,-0.025414444256176342,-0.11225760007958148,0.99335408452752827,-9.2249324716304617,-6.7580105149848535,-1.6482631753759667,,0.07899057778119302,0.3018867924528302,0,3
0.74398106310860412,-0.64607425736764279,-0.17052926934295265,0.6672461015495138,0.73195429684716506,0.13793312616608411,0.03570458937963155,-0.2164046240121085,0.97565066545532098,-12.338452898121471,-12.770961489226965,-1.5574505559069192,,0.324257510636505,0.3181818181818182,0,2
-0.96419956803897466,0.26517065505038212,0.0019278728189692834,-0.25691279812788637,-0.93232248485270486,-0.25450068447094204,-0.065688714034868867,-0.24588474523286175,0.96707067213839948,-18.464869700305897,23.617838304713221,-2.7362749280940912,,0.3332687222046599,0.2307692307692308,0,1
0.10660802385755548,-0.99011342169768635,-0.091159977091294489,0.99406327456174726,0.10412837395430574,0.031551353460784172,-0.021747078350021896,-0.09398241277883157,0.99533631033510772,-1.7104373570845526,6.3698696221233018,-1.2945074210527516,0.2405599208240748,0.1961059039037581,0.7728937728937729,1,5
0.51428716255799478,-0.81648719010857762,-0.26240690314213411,0.85725216600627085,0.49834998094447441,0.12948366835318695,0.025048718641936554,-0.29154067448855314,0.95623040989771713,0.64929785655088046,12.515069824064513,-1.0498075866663272,,0.2837570540559605,0.3157894736842105,0,5
-0.13880658708525523,-0.94706637748634825,-0.2894788559059705,0.98919401160321152,-0.14652535492506499,0.0050525016011654872,-0.047201046493583788,-0.28564943024443434,0.95717107363884602,2.6141822095436038,8.3695792149253947,-0.84807793126278597,0.6897882612840931,0.4376492398710853,0.5316455696202531,1,5
-0.2188840830206821,-0.96907185295428089,-0.11397149648904258,0.97467154530215105,-0.22263771478105429,0.02116191710093189,-0.045881771745562315,-0.10645276778377664,0.99325861247343905,10.408294409681972,8.3765472896508086,-0.19146206055150924,0.588107389032863,0.5810852464628666,0.8602150537634409,1,5
0.50880605463790507,-0.85277867716434774,-0.117834318165958,0.86087826052302463,0.50437174476647939,0.067065368410755416,0.0022403844898690622,-0.13556426835654048,0.99076602173383754,6.9625821830542227,-1.4628142840163116,-0.33060490753759586,0.6903804038223967,0.3226887308566124,0.4507042253521127,1,6
0.13371940660070794,-0.95392714965949976,-0.26859283951895907,0.99078296426989898,0.12276599559213718,0.057250572388611837,-0.021638807982579184,-0.27377272228761945,0.96155096511850002,2.8415408601290748,-5.7967612066050451,-0.52323023890487297,,0.07551699002988149,0.2142857142857143,0,4
0.48681621257641144,-0.86887883934546439,-0.089774928072582111,0.87346163947870592,0.48523177899383046,0.04018563193050418,0.0086452028275616922,-0.097977972994758189,0.99515103239453517,10.464749967189965,1.235437480813296,-0.0092378706552300981,0.2368770869312833,0.2257001649498851,0.7391304347826086,1,5
-0.5015825805917794,-0.85567195169938215,-0.12743792968289097,0.86227305402921595,-0.50640337576511429,0.0063875902204910389,-0.070000679582556707,-0.10668238884027016,0.99182597907562065,1.9285771802782159,14.260086821436433,-0.92182598649279535,,0.08910753355915446,0.3,0,4
-0.014917714588544219,-0.97487824146520041,-0.22223833177283697,0.99984758004078689,-0.016560292036558916,0.0055293231273519363,-0.0090707484827615842,-0.22212197335109068,0.9749766922735027,-0.7061046168536923,-8.989856127093816,-0.68701851285625448,,0.1648681747515497,0.3333333333333333,0,5
0.84362795370069255,0.53387422886252311,-0.0571855181949786,-0.53041133885589731,0.84519179382968856,0.06568594412845935,0.083400763472982295,-0.025082651363023286,0.99620036802478851,6.5310354463530516,10.14497794918049,-0.4256314114450449,0.1417792474354992,0.1168673015859209,0.3142857142857143,1,2
-0.9970251907306571,-0.0062260461702198571,-0.076824510395990531,0.0076327593568703365,-0.99980829880598943,-0.018030713332370232,-0.076697522991928974,-0.018563458399778205,0.99688158172329711,8.4541759459272416,28.947835018797608,-0.39104241552068059,,0.4212251259034039,0.6896551724137931,0,1
-0.67436615931742516,-0.72976665420043996,-0.11256515262087337,0.73454870820341089,-0.67855431252342635,-0.0014967406456338358,-0.075289298337581287,-0.0836939386870727,0.99364321875755734,-9.3963489943599505,14.324867887033621,-1.9235103588388331,,0.1251974243156994,0.2941176470588235,0,1
-0.81852978890523975,-0.55793456475040193,-0.13681376440813522,0.57385343563234914,-0.8051107101055639,-0.149963258454413,-0.026480541680534157,-0.20126044303363561,0.97917976642811178,19.120741830654428,0.023404436527164969,0.89088093858933581,,0.5919065247965324,0.1,0,2
0.091568815498050959,-0.98684739408822963,-0.1332192659098311,0.99549147604898247,0.087394505279647886,0.036863553284289897,-0.024736069657526526,-0.13599419556803133,0.99040078030547907,4.9591203688080769,5.9782900245052257,-0.67144297981310019,,0.09873932900894823,0.2352941176470588,0,4
-0.98497900962110385,-0.14908243721568135,-0.087125068262022043,0.16511395186149597,-0.96083722901527691,-0.22255157208818746,-0.050534478393559727,-0.23359419139198756,0.97102009260437772,31.195665343645558,11.270289483828339,1.7473429243844394,,0.5964232003893033,0.5862068965517241,0,4
0.36767664114188159,-0.84748103432578503,-0.38287045330858632,0.92995222540411637,0.33433517828430809,0.15299950008915655,-0.0016571133201663364,-0.41230557238497068,0.91104410922619239,21.570362832143772,4.0589294514571499,1.067347552156918,,0.245297851739717,0.1666666666666667,0,1
0.9443052789049956,0.32906413962710723,0.0020814042445335525,-0.32406565706805124,0.92882511458028738,0.17962560071985001,0.05717508321996298,-0.17029591462036442,0.98373284550349482,6.7875368124078408,23.714851576259317,-0.52430320762405447,,0.3060408271254932,0.2727272727272727,0,3
-0.98930360300918208,-0.10503257815244602,-0.10122518757553382,0.12256299651578605,-0.97480391094829755,-0.18637501733058517,-0.07909926016166717,-0.19678793846817652,0.97725012883873441,-0.8492510316652423,-1.9735642593281193,-1.0451879088936493,,0.5214937768087915,0.2987012987012987,0,3
0.19348701212691269,-0.95560310137460991,-0.22222846078175493,0.98096857856314879,0.18468519724706828,0.059933511407291737,-0.016230342263687716,-0.22959549333782556,0.9731508030253917,1.3784052489435867,1.3117821203398443,-0.9226781292291002,0.3727706343162986,0.3027178593169142,0.3294930875576037,1,4
0.57117209612163078,-0.80962703272008218,-0.13515363295486396,0.82053928744708016,0.56756090521009361,0.067748775877775488,0.0218566778779541,-0.14959507600845184,0.98850574043156936,5.6897884247847026,-7.9622642798235441,-0.112614103677786,,0.1277179330287209,0.25,0,2
-0.96803921425563799,-0.22852976297705896,-0.10331615119126664,0.24379492624961122,-0.95412551166583226,-0.17380604685499554,-0.058856720926960024,-0.19343902249045694,0.97934530732508385,-7.2644543097016694,6.8275917630549063,-1.8124847456348265,0.6474387465356062,0.4367379442823482,0.2481751824817518,1,3
0.99669749695807974,0.024177203946552921,-0.077521367163034385,-0.015086468861696482,0.99316063864816417,0.11577713201343401,0.0797903378535538,-0.11422525399095358,0.99024547125241547,-5.6877986489756154,5.2881872936555245,-1.680552501361767,0.3763890032444048,0.1445693349473443,0.3571428571428572,1,3
-0.97506999012140461,0.21874358173843272,-0.037279482465381569,-0.21084180688171519,-0.96568854413854233,-0.15162904797708435,-0.069168250198328701,-0.13998886087051726,0.98773421121103078,1.3163967464367714,5.1710330448135169,-0.98162330513763496,,0.2703168864549777,0.4466666666666667,0,4
-0.5813391355953289,-0.80457239531103097,-0.12127683261343111,0.81060596208100477,-0.58559155510098437,-0.00071051610784860397,-0.070447027361022069,-0.098720774398710548,0.99261846901924744,-0.69910686178226356,1.7512225289578958,-1.1211171508848614,,0.08590508362867594,0.3597883597883598,0,3
0.93334656310959907,-0.31475956818909578,-0.17259955783522105,0.35344342667545287,0.88986055689676569,0.2884890525120361,0.062784849059415435,-0.33026444482080192,0.94179799278602983,0.069296281664865844,2.9436764559812585,-1.0690823124440025,0.7001389245054961,0.3281508260555109,0.329004329004329,1,4
0.33216615658689536,0.92620787278012018,0.17833850066212847,-0.94106640732519076,0.31265765978734766,0.12899304159666364,0.063715472393677947,-0.21067549495948745,0.97547740845251074,12.738911816341719,-1.1489429107208333,0.3002787315700105,,0.2523319849943519,0.3,0,3
-0.35008648781976259,0.90923289100309423,0.22524431394416794,-0.93671183608365371,-0.3406398329026305,-0.080842070612141645,0.0032229158868551933,-0.23929073145072635,0.97094261347154942,13.366343835335734,-6.0007797239382024,0.56429386229891532,,0.508978167988651,0.3157894736842105,0,1
-0.33456540872046797,0.94215088357821319,0.020437706830708925,-0.94236133119495236,-0.33458847800174346,-0.0023815660717022313,0.0045944266435785641,-0.020056494241732902,0.9997882917310783,0.46842177870877827,11.312261351336437,-1.0290889488856538,,0.686005532132377,0.1460674157303371,0,1
-0.64548668079480065,-0.75657265369520099,-0.10461722896881277,0.75971655422117301,-0.6501038138350842,0.013992443653126045,-0.078598359771809539,-0.070447504694489307,0.99441412244773619,18.719425495685002,4.4156731900154798,0.73451796626332322,,0.1163867190572446,0.4782608695652174,1,4
0.49032837130738582,0.86916435972834316,-0.064275999168163928,-0.86907333002829934,0.49315261950051748,0.038884970275160934,0.06549530765305904,0.036794152494616664,0.9971742851766856,-12.293012866414507,10.822508478749459,-2.2889147868860555,,0.1559373237474309,0.36,0,1
0.080662917361192424,-0.97471982514003008,-0.20836207966367457,0.99640750814843959,0.073443686432158234,0.04216755421734502,-0.025798671830141968,-0.21101489853146579,0.97714233412003848,20.195278576854626,1.1060549379871287,0.98716228109293924,,0.1476892914301917,0.3333333333333333,0,1
0.99203987981358388,0.11517260829499081,-0.050913133452761217,-0.097917632624046708,0.95976112725029528,0.26319330508305966,0.079177105786662039,-0.25611296124517191,0.96339874247451496,3.1661052734930091,-3.3536336826471076,-0.613770890654186,,0.1693685375419917,0.2941176470588235,0,2
-0.091358767789968667,-0.99098679283779534,-0.097973220672582462,0.99505613946156912,-0.094693838694399915,0.029939208960103155,-0.038946821022213592,-0.094753645493874897,0.99473860475900089,2.186562392289285,3.8680843376366614,-0.89405766888163529,,0.07909187654838577,0.3706293706293706,0,2
-0.70912344773260916,0.70383791100232107,0.041906215669124232,-0.70337665583870679,-0.70202140738954477,-0.11147745775698856,-0.049043000489119901,-0.10852713302530612,0.99288299688348602,15.705778504767066,20.280882540224138,0.24025264332659585,,0.2980606981036574,0.3809523809523809,0,4
-0.67500557363100944,0.71578792141011593,0.17892771481930189,-0.73727756998535898,-0.64514672110259919,-0.20051806164794467,-0.028093778022114154,-0.26727020001105717,0.96321201187614625,-14.848834910727573,-4.2159904452968462,-2.2435095695527409,,0.6742201779953891,0.3243243243243243,0,1
0.8091628586752454,-0.55375643746035008,-0.19649243270855282,0.58647952245128265,0.78164249701733479,0.21231292141982333,0.036017188755083265,-0.28703451852995998,0.95724288834467375,1.354826529515412,10.295805302086199,-0.92916313449083532,,0.1886398374207662,0.2307692307692308,0,4
-0.98644556536308814,-0.13744220899471496,-0.089636966493458814,0.14317355875674753,-0.98781787099967244,-0.060968728103851406,-0.080165320734246023,-0.072975974952899966,0.99410664841919638,-3.3461783192536019,0.93601416417051708,-1.3433101591885028,,0.1252781870811449,0.2690763052208835,0,3
-0.98423096499639029,0.17435093372887142,-0.029852293884145491,-0.17218771649121192,-0.98298139032713094,-0.064023250152451153,-0.040506762791128387,-0.057873466963816692,0.9975018115220502,-6.1921946364706901,6.6715371401850945,-1.7033993569041701,0.2448105046481482,0.2430834693911086,0.6721311475409836,1,3
-0.35970446222748426,0.93190421078038155,0.046553644147702529,-0.93296659392986769,-0.35994741859782309,-0.0033452138444168048,0.013639445169714335,-0.044636283162446978,0.99891019003757497,15.090360508944183,-2.975220822767862,0.60500502630580821,0.2358944071572301,0.2497151361912204,0.6,1,5
0.98684853670674488,0.15788078804617517,-0.034693261098897032,-0.14730713957677194,0.96672059298064128,0.20916955260474132,0.066562543742460345,-0.2013081018565247,0.97726376986843078,23.374640604324618,4.3520205751835395,1.2094720644385923,,0.2329317555711465,0.25,0,4
-0.91404634118246786,-0.35627326069192117,-0.19387792521813671,0.39706126100192868,-0.8835620002935417,-0.24831541766236132,-0.082835023887852868,-0.3039532124410288,0.94907892372777769,3.6096503365899641,-13.134092512768341,-0.13738224295154661,,0.6714301430166729,0.3703703703703703,0,1
-0.45811342652165793,-0.82177689079391603,-0.33884337118744162,0.88661639602354991,-0.44970742535415115,-0.10804905313584394,-0.063588165115824824,-0.3499228105431616,0.93461787481236291,1.3272505761095037,11.347353823818738,-0.93821676111260466,,0.1728170828267506,0.1707317073170732,0,1
-0.13618572560512365,0.98494893685831386,0.1064379627909284,-0.99018495320719635,-0.13873678786887034,0.016907457936964604,0.031419843784909689,-0.10309071477832113,0.99417558707857345,-6.9202923065382898,4.5517142593808071,-1.8100371995140003,,0.190698079544707,0.288135593220339,0,3
-0.76052744380329806,-0.63756010000261665,-0.1229435891239395,0.64386044452663216,-0.76497782598211539,-0.015895085078271476,-0.083915047494416736,-0.09124716236865299,0.99228635996051051,15.259934099244312,-8.165971191599148,0.86129094100068748,,0.1090078612924157,0.5,0,3
-0.0027626277460470329,0.98496507130865341,0.17273151475592688,-0.9999231892100886,-0.0048079248992008673,0.011423639441526662,0.012082365987799319,-0.17268668784855365,0.984902697870218,-9.4254841498483746,15.371756794473132,-1.9475111779405925,,0.3942487055004811,0.5151515151515151,0,2
-0.60046904502890608,-0.76198402246080721,-0.24252273187584192,0.79638736961618573,-0.59721407426376305,-0.095407059576789854,-0.072139333777669581,-0.25043102646382426,0.9654430161881068,19.46699236030754,9.6871127101407328,0.67403600642265327,,0.2098972438272177,0.4230769230769231,0,3
0.9959594674100215,-0.025161654003006646,-0.086206904852096922,0.049734653746509858,0.95383308223011321,0.29619067416128442,0.074774350502430212,-0.29928137665286542,0.95123049472549215,-1.0973995079611658,20.712484283129914,-1.1947682726510862,,0.3783751865778356,0.1052631578947368,0,1
-0.63995468491390184,-0.72837257120955767,-0.24480890254712317,0.7672034292189267,-0.62351984432666296,-0.15040579086449291,-0.043091756189185725,-0.28407112003938761,0.95783437989461417,2.9027129851107984,-10.341201742829128,-0.29919693006243592,,0.336153489639375,0.25,0,2
-0.19711340324854842,-0.96636718151727929,-0.16516893396194254,0.97927499514546312,-0.20207595551602556,0.013630557036975655,-0.046548793138255551,-0.15905904151803091,0.98617109629553457,-5.1781580912809613,-2.5347610274448393,-1.4157642947696547,,0.9023784926569161,0.4895977808599168,0,1
-0.28254888735703299,-0.92279438192910979,-0.26194780956017871,0.95555631221532233,-0.29471289119825167,0.0075130517781654381,-0.084132398270562833,-0.24818307847562943,0.96505279602703786,4.0808927128987422,-9.5657915493978276,-0.21974755640017471,,0.2807341379442256,0.3793103448275862,0,3
0.16687231155703244,-0.97963291058990132,-0.11168255067275193,0.98579835770023794,0.16360281806596269,0.037890841589887675,-0.018847535412545649,-0.11641940735991829,0.99302129483654022,-10.817035289669706,15.892729498902955,-2.0927579745172245,,0.07186433452079155,0.4375,0,1
-0.7166281797671642,-0.62778333285840382,-0.30386203933495093,0.69316949171898223,-0.68930183336073036,-0.21066332921413561,-0.077201733877214823,-0.36159517351691833,0.92913337189857792,6.2765418538917013,-4.1647249315807828,-0.25792130263394858,,0.5050047063548906,0.3873873873873874,0,1
-0.96670825379296377,-0.23644754483448749,-0.097814674718581879,0.24658630056266304,-0.96293489973345991,-0.10932326033434617,-0.068339947493240974,-0.12980345687636477,0.98918184079549631,-6.1002335272755968,13.85743695657176,-1.654520140702894,,0.1401797599197265,0.2777777777777778,0,3
-0.72933918461535741,0.68098408341330119,0.065764974890528585,-0.68299303514798382,-0.73032515440256474,-0.012069912436092609,0.039810397184034702,-0.053720079901431558,0.99776213863396979,15.961083543952947,9.0367970259517456,0.38213722643257714,,0.6552200928010704,0.1666666666666667,0,2
-0.99221821165888124,0.1130928369098671,-0.052086761198313916,-0.100980130869555,-0.97564160186859272,-0.19474721531476161,-0.072842526191912949,-0.18797200574278281,0.9794694948976288,-3.5271782173227364,-1.0807843776124371,-1.3001646174253985,,0.3838499449551447,0.3474178403755869,0,1
0.6518500133861862,-0.74148278688711489,-0.1590435059930016,0.75791380819023146,0.6440836736312483,0.10355134338219071,0.025655786930234525,-0.18804121386492034,0.98182599399547243,7.2391129219882462,-2.7701183459349967,-0.21257378195568732,,0.1538196254744437,0.2647058823529412,0,1
-0.6971815969824543,0.71041109586887874,0.096197170932272813,-0.71624677395958591,-0.68454897652682323,-0.13558487204907405,-0.030469322629161195,-0.16342819096611447,0.98608460426885403,-5.1486205359061001,-17.882516576523425,-0.72564654329569045,,0.7658403381222196,0.3090909090909091,0,1
0.97244519612289937,0.22395381328157041,-0.064769051669287273,-0.21667494183410502,0.97074997586631073,0.10342366236381149,0.086036678914765685,-0.08654001312803225,0.99252633013392466,16.519530250931201,1.594229969678572,0.58515499682119032,0.1560081895963916,0.169223269960913,0.6666666666666666,1,3
