axis_00,axis_01,axis_02,axis_10,axis_11,axis_12,axis_20,axis_21,axis_22,location_x,location_y,location_z,dbh,dbh_approximation,score,reconstructed,number_clusters
0.9926979815110768,-0.074125587048382041,-0.095163621455711875,0.088445909389116423,0.98373102434956394,0.15636685340726542,0.082024622011719728,-0.16364189279304295,0.9831039071771327,6.4212401839914302,-26.118441391974386,-2.7861687120575134,,0.3167857404180852,0.5,0,3
-0.57505471179086065,-0.81406476254906246,-0.081305847410072796,0.8181127080707451,-0.57243913768367893,-0.054818158862906252,-0.0019171177019542997,-0.098040787552455558,0.99518055077247791,-2.4141511571596292,-12.338620179488597,-1.6681316836169644,0.2942563766178491,0.1045215490502838,0.3555555555555556,1,5
-0.59343890757430617,0.79729982086055673,0.11019645471946354,-0.80315125321140735,-0.5776228479898563,-0.14594488666970579,-0.052709841983828942,-0.17511379481871731,0.98313622221044661,-12.36008123033527,28.395205107329836,0.59782031771787514,,0.2309083511315578,0.2272727272727273,0,4
0.97961060643689291,0.20090554471405297,0.00014784956357020911,-0.1997922078211429,0.97410410567609207,0.10585020075056392,0.021121871372987763,-0.1037215185394578,0.99438207603595352,-1.3980106503803287,-5.5626917015913122,-1.3343253315893318,0.2510569849001963,0.2603867819695768,0.26,1,2
0.99546928275577107,0.093344675933846058,-0.01810189394826996,-0.090608598516764408,0.988986088385998,0.11703246922879555,0.028826879202177424,-0.11486204096117412,0.99296310232641327,2.8542207445478613,28.887239801605176,0.57391218960986701,,0.5599197677439175,0.4736842105263158,0,5
-0.11256457106688925,0.98080747225319631,0.15920401914782331,-0.99318683913284589,-0.10619731577113165,-0.047979502876856726,-0.030151615443140153,-0.16352012871600793,0.98607912846326229,11.324659281267621,27.317097237132693,0.53458234319545361,,0.2980492532422143,0.3333333333333333,0,3
-0.0065975757180660177,0.99997530489308484,0.0024210738582548606,-0.99986696643371853,-0.006560705160093834,-0.01493340491770315,-0.014917152183917275,-0.0025192760438383414,0.99988555936113888,-5.0469502220993805,-14.902330611251768,-1.8112338467682396,0.2253245072961381,0.235045977677436,0.7926829268292683,1,5
0.14206630986794655,0.97041925624125569,0.19520151310036513,-0.98960724408742573,0.14367230599428718,0.0059808812037552223,-0.02224108923128806,-0.19402251314332394,0.98074492012110559,32.671675236802557,-6.8087645527586806,-2.116930419870291,,0.4234138356059192,0.2173913043478261,0,3
-0.71023241225352951,-0.69821466141368838,-0.089812065845858602,0.70378925996633834,-0.70711939688649295,-0.068284962494795418,-0.015830291866103543,-0.11170696099102523,0.99361509485594246,-4.3034648442288983,29.349261255960965,0.64790539604671671,0.3866409810390217,0.2075125805921979,0.2727272727272727,1,5
0.95334007391985842,-0.29510297448382911,-0.063694096345534412,0.29953495824257936,0.95093372823134892,0.077484535893569462,0.037702947485494472,-0.092947721665579977,0.99495688790423609,1.8774035888124427,-8.1193602190782368,-1.5259803947613111,0.4036273645446667,0.3239179691373878,0.8444444444444444,1,4
0.22027121335824298,-0.97146420129122224,-0.087965323709373822,0.9750223604271766,0.22191451314595131,-0.0092382640258853177,0.028495424767915809,-0.083733233932548792,0.99608069768593188,-20.717642636925429,36.007483207264038,0.66533781432762384,,0.3128609647195723,0.6666666666666666,0,1
-0.35259201454719452,-0.93095924246599482,-0.094835437177734599,0.93576157341487465,-0.35018612870207261,-0.041472315883893045,0.0053989811695400198,-0.10336616531436389,0.99462871810064613,-3.6725853402706097,-10.475928682898317,-1.5343386230470837,0.06778474421080244,0.1035634549859316,0.3484848484848485,1,5
-0.93692041008304394,-0.3450582601512438,-0.05581166787704258,0.34891181897352885,-0.93281992597015784,-0.09004181413994411,-0.020992564169343142,-0.10383536398754309,0.99437293277480654,1.3741206761751183,-15.230153928173406,-2.0173731542888569,,0.1186777373398812,0.1515151515151515,1,4
-0.81595439896117439,0.57811438945330695,-0.001473608814972338,-0.57647508963986771,-0.81382732451087259,-0.073222652944169409,-0.04353033242023447,-0.058896846999697126,0.99731452991164171,-9.6989353360195594,-12.815899685497531,-1.592362878188931,,0.081558437979355,0.2903225806451613,0,1
-0.93649669838592209,-0.34786739259430832,-0.044296851828353252,0.35055850752533663,-0.9319579373816238,-0.09253721280110104,-0.0090921237273878415,-0.1021894325310852,0.99472340535703641,18.481749060440894,22.894020352648713,0.35688725706061319,,0.1435517278147664,0.2941176470588235,0,5
0.93246903326449215,0.36025235839731889,0.026827975547069137,-0.36117406136282715,0.93122065848229441,0.048799412030102067,-0.007402661782441834,-0.055193509446062466,0.99844823456880505,-12.289333398949934,-7.1719540625593377,-1.1689754540913226,0.3312047607266134,0.2423975980773234,0.8108108108108109,1,4
-0.95279166455997022,0.3033942795856962,-0.011830260340202452,-0.30043612901639016,-0.94770145974875075,-0.1077036469750825,-0.043888225376374927,-0.099064899458701741,0.99411265426436923,-1.8582874244262499,35.873552771502375,0.88286047906876819,,0.1510166920057481,0.3333333333333333,0,4
0.10521026328696215,-0.99309275915590389,-0.051938157564555811,0.99430674898613147,0.10593799527985245,-0.011455569680925145,0.016878667593050827,-0.050437217094110712,0.99858459717346093,-9.9696737958128629,-3.9558226963464387,-0.9947735973310986,0.3419836975232569,0.2291453575002459,0.8981001727115717,1,3
0.99375140150931418,0.11010683006646366,-0.018293112665376497,-0.10348533934209515,0.97030977218439685,0.21860862413160759,0.041820288611207374,-0.21534955764100827,0.97564113867973867,4.7703414709487122,-9.8970218697946652,-1.721448915558156,0.3682168194805828,0.2272894556406555,0.4406779661016949,1,4
-0.99426715354695161,0.10408767963975672,-0.024465942141126629,-0.10028581349953108,-0.98716516558719658,-0.12428874229767696,-0.037088852616100954,-0.12112262711158658,0.99194441689703949,4.6256519827170317,-15.127073513078852,-2.0703877398197208,0.5107999935569095,0.513805127563203,0.5,1,4
-0.79969380375315913,-0.57824412023920868,-0.16162783685859156,0.60011193231238702,-0.77824694619056722,-0.18492528069831068,-0.018854414207202744,-0.24487839462443337,0.96937045700344282,13.206634362124372,-9.4894115650126754,-1.766261564236882,,0.1774021078857397,0.1333333333333333,0,1
0.0062190227607596205,-0.99606846024192031,-0.08836824241316045,0.99971504995902927,0.0082297071104129871,-0.022407382852360311,0.023046532088724019,-0.088203709854896409,0.99583581122919884,-1.3681997632415346,-8.8058825577778332,-1.5025526152971773,0.1813768329431019,0.1620619790245052,0.5,1,5
-0.93942826998165885,-0.3188307101369659,-0.12578355946953637,0.33651127959851601,-0.92766220664044163,-0.1618733735793409,-0.065074451686031654,-0.19439600984728458,0.97876223215509184,-12.294856225563871,29.615100508399482,0.62760574790599966,,0.2714710539891378,0.1538461538461539,0,3
-0.30949470937843437,0.93564027676702677,0.16967703839376616,-0.94811490110074181,-0.31728520928145892,0.020204709400309412,0.07274035453232712,-0.15462007781184797,0.98529258210948145,-3.6680896771545783,-20.665025671109781,-2.3792968291293879,,0.2261511800230388,0.2857142857142857,0,2
0.43614839322825133,0.89324877296625138,0.10900095723754005,-0.89987332422269639,0.43315242944625548,0.051058527370061682,-0.0016060625166365175,-0.12035614840585425,0.99272947881288365,-3.5263792026497121,32.173548364401029,0.75835890705496367,,0.7469434777827821,0.7037037037037037,0,2
-0.99874552044138876,0.018604311188216847,-0.046489407433011817,-0.01056092875330273,-0.9857957820371146,-0.16761605800668955,-0.048947443060166594,-0.16691481576854175,0.98475560018454644,1.9633460737325905,-19.272888744824037,-2.3348765573667056,0.3311596587991543,0.246511615454518,0.3888888888888889,1,4
0.2025171415200413,0.9791867112915007,-0.013423554696430955,-0.97927612872234771,0.20246605747521945,-0.0050753605797095001,-0.0022519114379749221,0.014173214193599867,0.99989701914462104,-3.0298252281010583,-6.0569013389972746,-1.3094233162951407,,0.06985458804173635,0.219047619047619,0,5
0.29344206681644436,-0.93255993623585376,-0.21029436214571687,0.95547593966429967,0.29322442641183311,0.032941834770931162,0.030943208384348532,-0.21059772335719118,0.97708296309558629,-14.239932625950239,30.144714232636328,0.62995656167462011,,0.4820576763112147,0.5384615384615384,0,1
0.81364260164630386,-0.54541710823385636,-0.20126076327007247,0.58013101334941697,0.78425815203075666,0.21997081243538041,0.037864549864129432,-0.29573523465951823,0.95451922287844293,-13.789574009256341,-7.824309939891311,-1.192183572851941,,0.232873317381022,0.5405405405405406,0,2
0.12711779464109116,-0.96971252124178586,-0.20856340146939567,0.99069096717784988,0.1138003909340795,0.074705278096440036,-0.048708046951209047,-0.21611824811928673,0.97515149027833059,-12.229440642505166,-13.462562853416911,-1.5873534110396839,,0.2593382989722436,0.3,0,2
0.14263881558098898,0.98951404527375897,0.022718329507592869,-0.98967702169736915,0.14290978405875512,-0.010778976969359567,-0.01391262066896937,-0.020946308176929766,0.99968379558732479,13.655893795440928,-8.1911796868590034,-1.6156734925176108,,0.08593111875839197,0.2608695652173913,0,3
-0.90373687163435423,0.42801018215647102,-0.0081823480086189431,-0.4265399280262388,-0.9019276593738762,-0.067750919224248696,-0.036377969266035239,-0.057738905659392416,0.99766871361456155,-3.2280609320879554,-17.783441028327765,-2.1291493290862142,,0.09121124219069943,0.2666666666666667,0,5
0.71081968073435131,0.70336325009782763,-0.0039395294818145446,-0.70245315497499061,0.71016421591974488,0.047184229280324105,0.035985365725515361,-0.030772143879118752,0.99887843535371512,2.180584346758748,32.503480081819475,0.79304592276194674,0.2969717394415341,0.226596752240326,0.5666666666666667,1,5
-0.98401038619137238,0.17809831174345905,0.0021333592371948701,-0.17334179510784556,-0.95483954022798578,-0.24131737294690819,-0.040941200963026794,-0.23782860166795994,0.970443905793821,11.878445632865803,-12.061448021281823,-1.9824912779060886,,0.4649463961815924,0.1470588235294118,0,3
-0.63650921870578836,-0.76920597540175695,-0.056375366152072594,0.77123873875048199,-0.63543008595815054,-0.0376751072962613,-0.0068426861037471764,-0.067459419397521037,0.99769855386355888,-2.892340689398329,-8.1480904124870293,-1.4096026058482027,,0.07474870364534729,0.2473118279569892,0,5
0.92823064921834164,0.37188929548451988,0.0092851362792803326,-0.37169081486755168,0.92613136012417929,0.064238944088724381,0.015290519768556908,-0.063079756646379312,0.99789134894869314,-12.106781678752593,31.73892168641239,0.6987656481920157,0.2054014989558075,0.2749351937701476,0.3636363636363636,1,5
-0.087963640000794402,-0.99360505758854289,-0.070791154618919105,0.99606036924930008,-0.086934386689764206,-0.017497234690743709,0.011231155272680638,-0.072051384062650839,0.99733768564408409,-23.073960150210954,10.68169109452681,-0.18040242409447857,0.335801800185489,0.3309528504330955,0.9473684210526315,1,5
0.96560755357683858,0.25930014436520654,-0.019117730187841849,-0.25767676149812169,0.96419014510610046,0.062769822877847783,0.03470935117791888,-0.055684820305532123,0.99784490865482089,11.660108047654871,-9.8915456964335782,-1.726374701709837,0.3198705358637263,0.2488574060767633,0.7236842105263158,1,5
0.90618432214846212,-0.41912903751952485,-0.056221207744841323,0.42074986246313872,0.90694629718595055,0.020444247551385335,0.042420838388482908,-0.042181322035341043,0.99820900043115657,-7.4822107416429775,26.912006685041575,0.56631227266183148,,0.1764976271719221,0.6842105263157895,0,5
-0.22747660944089187,-0.94020115796861325,-0.25352746342705185,0.9737796795186614,-0.22036442848776086,-0.056503578769803581,-0.0027437043953139327,-0.25973313460500491,0.96567653532352626,24.43111412489208,25.774695836518067,0.46513742922425866,,0.3326559546476809,0.3333333333333333,0,5
0.70021860250664558,0.7138429069488702,-0.011054994456128864,-0.71386633527450971,0.70027802854377108,0.002353316933347544,0.0094214683239730711,0.0062439520845528809,0.99993612245832231,-6.6443227373616516,-14.147821302510714,-1.709301524947388,,0.08909847507354442,0.45,0,5
0.92651909820977396,-0.36778533620530379,-0.079349272995407019,0.37250721756721517,0.92634037092629007,0.055963292008913958,0.052921956812642772,-0.081409235744449651,0.99527473735779393,-10.685004558584028,26.604425514969641,0.49930436515793886,0.2234187595945765,0.2209949510227043,0.3333333333333333,1,5
-0.5643992509894239,-0.79079389549623491,-0.23685121981629503,0.82548794990259777,-0.53898843995751722,-0.16751449536612562,0.0048093708718445578,-0.29006288359259558,0.95699550339265715,13.873937454425539,-12.022592746358148,-1.9992757903480394,,0.4940956789638196,0.2,0,2
0.99629310732527765,-0.077261550436633089,-0.037824557106071105,0.077417711773836176,0.9969951451506418,0.0026792629124267444,0.037503895795584656,-0.0055976218323738362,0.99928080359325211,9.9111829160306346,-9.1118001525703907,-1.611894289003077,0.3331014778628962,0.3240569409349118,0.8243243243243243,1,5
-0.32126177256918054,-0.91694115380715291,-0.23666388389552509,0.94576105810473543,-0.32339390351946917,-0.030861045657114498,-0.048237894422522534,-0.2337419594793512,0.97110133452716152,11.446275664412671,-3.3027374473390649,-1.232343202081734,,0.5402951984359732,0.1914893617021277,0,2
-0.94929995009650869,-0.30930438397788534,-0.056217459910856256,0.31335921776441378,-0.94533080810289516,-0.090308714383515495,-0.025211215536793796,-0.10334631731991922,0.9943258687711839,-4.1865293464178421,-14.303103352421234,-1.7856110762888282,,0.1024699418503464,0.3125,0,4
-0.19176522307717278,0.9814135489713145,0.0073174526778343463,-0.98093488360683911,-0.19142166592858731,-0.03353356432534621,-0.031509575392251216,-0.013608516034252715,0.99941080389895054,-9.0286667091759476,-15.312763142353422,-1.7684752865398794,0.2581179018381251,0.1460989795316686,0.4666666666666667,1,4
0.39151996649909454,-0.91663385014646115,-0.080588464424017694,0.91906051028385483,0.39384418910200752,-0.014646950104397264,0.045165188689150058,-0.068331101822342533,0.99663983778214293,2.3797247038749925,26.819129811594074,0.51803318523813147,0.2031058992280478,0.1645931170773915,0.3611111111111111,1,5
-0.97890115008861933,0.20397719462292235,-0.012076523876553877,-0.19993421619949747,-0.96834617789193911,-0.14943891379010127,-0.042176386140483295,-0.14387141424145078,0.98869720775184422,0.6015070836916071,-16.324538153291478,-2.1002912735516714,,0.08556264263162179,0.3076923076923077,0,1
-0.95205365925348762,0.3050246355423214,-0.023532989914591379,-0.30046344282957232,-0.9467459393983132,-0.11573178368887248,-0.057580807783901906,-0.1031120649831123,0.99300168813042489,-12.154753397097457,-8.2614280148288728,-1.2516277710585026,0.2791115454103252,0.2921623625991504,0.352112676056338,1,5
0.9922547559026601,-0.11153958319499674,-0.054675595737384126,0.11706812028868101,0.98686417836148488,0.11132901094946013,0.04153979538498432,-0.11686750980318053,0.99227840375157617,11.641555047870476,-6.1885376394111073,-1.4150913150425921,,0.1053541155813993,0.2222222222222222,0,5
-0.62969084023382216,-0.72411514677252331,-0.28133023289406639,0.7767713540688399,-0.59190699533952618,-0.21511014008222498,-0.010756822192597599,-0.3539821507968175,0.93519031629587324,14.249867726947587,26.247917865237305,0.53082267513678028,,0.4732822498760663,0.3181818181818182,0,2
0.55660359141982785,-0.82115710516202478,-0.12606922963385481,0.82999708906592584,0.55621930027471789,0.041532182027837941,0.036017692328073753,-0.12775405529307987,0.99115166710021418,-10.086027450063019,-8.5622133396184612,-1.3159074007011744,,0.08704015937970717,0.2340425531914894,0,3
-0.95054906756224011,0.3091246962335894,0.029973193607713788,-0.30788675823057499,-0.9252554360117371,-0.22160352487493526,-0.040770261991087638,-0.21987337335207188,0.97467609257022247,6.7857981603705495,28.959555152778425,0.58014496337671195,,0.3324384234696151,0.3548387096774194,0,3
0.39375447721759038,-0.90147321535193481,-0.17973161567778181,0.91905758007065208,0.38971387028665455,0.058789997626067597,0.017046295368158128,-0.18833252854788643,0.98195737305902475,-2.407292751053193,-4.9009385395385143,-1.2768177974317969,0.243714444091074,0.1828398712748413,0.2950819672131147,1,4
0.34344083462467062,-0.9318193248636456,-0.11730788090733478,0.93861028883822351,0.34487479216228117,0.0084913731545659434,0.032544105446861808,-0.11302266826474706,0.99305929211652855,-4.488583194675412,30.777471347789312,0.70288711713091079,,0.1032400554741218,0.4666666666666667,0,1
-0.7589649402842471,-0.64029634791998613,-0.11829119265464079,0.65092915841959598,-0.75063208144494087,-0.11332567681153313,-0.016231147170972203,-0.16300940201707276,0.9864909957599971,-14.266800000091912,-17.257839669137994,-1.7806416366751958,,0.1173045304419479,0.2941176470588235,0,1
-0.80831299294564396,-0.56214829896679497,-0.17498398613586172,0.58823357626515926,-0.78358778725459743,-0.19992858579939546,-0.024725800079221951,-0.26453632951673017,0.9640586938440312,-21.783126734855209,31.517809235606538,0.50697577081419665,,0.4207393758836275,0.2439024390243902,0,5
-0.80876130231012877,0.58769381162484713,0.022828483600194925,-0.58665273540192531,-0.80335642391428708,-0.10225959222042511,-0.041757920578785641,-0.096095993327026022,0.99449576979262666,-26.227236118920615,27.663888472118916,0.3275615471631087,0.2378324651271513,0.2050361592483795,0.4242424242424243,1,6
-0.73627150157964261,0.67626516243083612,0.023868515748824249,-0.67661334523327332,-0.73521632481743882,-0.040636643244443743,-0.0099326237166499735,-0.046069358627307912,0.99888886127625354,1.0502991392311427,37.584101567967657,0.9758561293994038,0.2462084134871544,0.2012525003631991,0.3809523809523809,1,5
0.7051760245222255,-0.7059665957759812,-0.065863040375475454,0.7078223599313016,0.70635326523996889,0.0072506183265006983,0.04140387929061836,-0.051732294877629391,0.99780232934503688,8.4824340670189979,31.163313008878227,0.67884758354683772,,0.2084168191609351,0.2727272727272727,0,4
0.99534866644801334,0.087389416616702215,-0.04054777507525071,-0.079336740213824988,0.98231667105417075,0.16958667229854663,0.054650835788711452,-0.16558093982232103,0.98468078000697823,0.58022298030437292,-14.788191051412682,-1.9623942832196559,,0.3556569131539517,0.6346153846153846,0,5
-0.2608542097112635,-0.96168964951125435,-0.084309544529856714,0.96500715998227116,-0.25733652148890662,-0.050389442256680114,0.026763080145266894,-0.094503612263813569,0.9951647124020363,14.03419849242068,-10.620021762883017,-1.8909991446361298,,0.07696434421501214,0.5,0,2
0.56922961185256726,0.78739719694067734,0.23660791034988632,-0.82216119816298339,0.54326509194194927,0.17004118357772272,0.0053491331431505728,-0.29132231999500047,0.95661000028608689,-16.263287146224126,-3.9588547570421464,-0.9174537376224926,,0.5043928125475773,0.28125,0,1
-0.71683267379316562,0.69146351248533588,0.089605405439527178,-0.69597214493311232,-0.70182801744466505,-0.15185587709039453,-0.042115214112516904,-0.17121812062726283,0.98433259821521935,-9.3044777903575309,-7.8632841468437871,-1.2849760140558295,,0.1047619124853174,0.3478260869565217,0,1
0.8770553081573228,-0.47349590527561941,-0.081090160440611181,0.47803628503437701,0.87692240717549053,0.049883885013837004,0.047489963398535874,-0.082514965192766687,0.99545767559230813,9.5701676375886056,27.594093047960875,0.54566338569438155,0.1928930978700182,0.2505084924020203,0.4444444444444444,1,5
-0.95083250889697857,0.30705987637043475,-0.040395202042460047,-0.30484747618869279,-0.95093388339416729,-0.052846624057480716,-0.054640244198413408,-0.037933912746533523,0.99778527849316179,-22.650535642112207,15.548605067443283,0.068848481632436759,0.4016723409392368,0.3310705557373394,0.9453125,1,5
-0.78032831475014708,-0.61975171528070228,-0.083639300605776887,0.62512264457251165,-0.7767736621735104,-0.076448394333843872,-0.017589782314325165,-0.11193966750076155,0.99355931398077812,-11.546209334147978,-15.922432423720005,-1.7440883942484962,,0.1119169275395375,0.1739130434782609,0,1
-0.99922527291849184,0.010455844179520236,-0.037941129180062247,-0.0053447930393624443,-0.99118336233508075,-0.1323894837873823,-0.038990859804971766,-0.13208413058583826,0.9904713500647313,-10.210222328480018,-9.6666422746904672,-1.3709554223940341,,0.07211854870461351,0.1052631578947368,0,1
0.60656198957211027,-0.7877454002387505,-0.1074231688650719,0.79475486989734978,0.60438108544195823,0.05557157847719358,0.021148276070870949,-0.11908269380011048,0.99265908672440972,-11.081202789397709,-18.175191853754672,-1.9348923689798181,,0.2340359562195721,0.3448275862068966,0,2
0.42793359265585262,0.89849407239674439,0.097883819625967511,-0.90335111084381303,0.42174906977198401,0.078003158165011646,0.028802965366508195,-0.12180362890480931,0.99213621301296917,3.8075574462914759,-7.3033895093520496,-1.537175706682852,,0.177049829088346,0.3658536585365854,0,5
-0.84388037961006002,-0.50333457894308653,-0.18579614245017451,0.53554134575646284,-0.81123334221123822,-0.23472522546615915,-0.032578703082480162,-0.29758152853456543,0.95414037855050127,-8.7106090054780196,27.317629844532231,0.54441239096099248,,0.1495816199401722,0.4545454545454545,0,5
0.9774557141277046,0.2095847457134265,0.025584395309174082,-0.20921886059748324,0.9451115626754496,0.25098127911750528,0.028421739731912931,-0.25067582344814693,0.96765377912205952,9.0935457644737117,-4.709129916539772,-1.3947308682281765,0.8139501171136869,0.3623373512541573,0.3119266055045872,1,2
-0.86069424268057171,-0.50512733021753453,-0.063653757813837253,0.50843155890532021,-0.85929240088278447,-0.055802506164194784,-0.026509819418896307,-0.08039247509814057,0.99641069816716243,3.8395615644721319,-12.625741908052627,-1.8717400078298569,0.559115507925373,0.3909622160115233,0.5,1,5
0.3947181564550456,0.91878597370031467,0.0054691403615856745,-0.91879519999034598,0.39473145472793369,-0.0015681591338069358,-0.0035996443477118094,-0.0044060390299739786,0.99998381455933383,-0.66609682543585114,-7.2020861244112133,-1.4098009250929848,,0.07047824141073093,0.2857142857142857,0,5
-0.88555443905875575,0.46435417179392302,-0.01298224175214069,-0.45772933670904392,-0.877005110532317,-0.14610232857862243,-0.079228718147083307,-0.12343921272341622,0.98918429576241862,-4.9034365301725753,-13.121795825603408,-1.6597297652914857,,0.1594978710868597,0.3125,0,3
-0.95609366149089714,-0.28715768967093397,-0.058526675283840791,0.29075686341225093,-0.95446219715812675,-0.06680090249951641,-0.036679106254080475,-0.080884951993136001,0.99604832598898962,-9.9043695930522055,-15.829449663626736,-1.8053526346164048,0.3329120530352701,0.2244815446981225,0.4705882352941176,1,5
-0.54428197397397626,0.83837516667605161,0.029735714349821245,-0.83745432893424265,-0.54091933205761755,-0.077952056776185649,-0.049268445848114267,-0.067330202043683687,0.99651355441683165,-15.544250704381252,27.354768453012152,0.53832240367572359,,0.1832016305606917,0.3142857142857143,0,6
-0.9842859892271999,-0.17015087195811582,-0.047220463603449427,0.17254313497479357,-0.98361302425865749,-0.052290391868934596,-0.037549407240353987,-0.059616266912894539,0.99751488346553896,-7.4899721157519732,-18.272513714799274,-2.0631063043383056,,0.09209411861477104,0.3333333333333333,0,4
-0.99331027977215258,0.11546579614413108,-0.0015290584589576018,-0.11184504699693017,-0.96528791679974968,-0.23602949634029699,-0.028729315362942862,-0.23427950742905743,0.9717446880933156,22.107606622259528,-9.2122903628180541,-1.9299853471175534,,0.3264478689707926,0.2,0,4
0.94048824244224294,0.33872270138170385,-0.027364162632551436,-0.33790993370139599,0.94068738514537331,0.03039934430669056,0.036038070617302319,-0.019343603517436345,0.99916319111001151,-8.8476927690768914,-13.008939374428179,-1.6179645810801193,,0.2421392827156837,0.3611111111111111,0,4
-0.90642690756160738,0.42228250459290273,-0.008230890780874453,-0.42007976611972653,-0.9033797585836858,-0.086243851247942802,-0.043854889637274068,-0.074716116708689301,0.99624005669260063,0.42511562719017926,-22.086422463188136,-2.4255207685402875,,0.09498209683841247,0.1428571428571428,0,1
-0.60834395813136644,-0.7634055520246158,-0.21709350921447407,0.79354162209495227,-0.58006038586561359,-0.18390661421587998,0.014467985622583952,-0.28415121306696572,0.95867031116260071,-2.5916202132092914,28.331665874312563,0.58980089180073658,,0.4339400239866027,0.2380952380952381,0,4
0.35229403285913108,-0.93331972024545351,-0.069305225003576484,0.93530682723829739,0.35372047083797281,-0.0091086459800963707,0.033015955737755162,-0.061612728482917246,0.99755391751805145,-11.612185766028029,-12.268920718973542,-1.5160053371254281,,0.1568154531064846,0.7096774193548387,1,2
-0.50714155630335289,-0.85339255222211097,-0.12053461611522161,0.8618624909229029,-0.50204387401413031,-0.071728622634564879,0.00069900671019610533,-0.14026082980189,0.9901143423932931,-10.981564941234151,-14.005114807372582,-1.6439780777916331,,0.116897371212479,0.3157894736842105,0,2
-0.19407739462527135,-0.9733428569171072,-0.12221967020046838,0.98094098299376853,-0.19135987642089591,-0.033707352008124004,0.0094208693169337346,-0.12643211848507521,0.99193052510581103,-1.5242894302202568,-16.033923002590317,-2.0223859395318695,0.416013964038087,0.1660633005415939,0.3333333333333333,1,5
-0.12429613710891928,-0.95441219520532294,-0.27138134044763673,0.99223258419834881,-0.12093272558633297,-0.029150895995249095,-0.0049969145345775167,-0.27289675250104395,0.96203034947943133,0.6733760982569944,-20.030312512361718,-2.3527503784517574,,0.3769964921417118,0.3333333333333333,0,4
-0.57740021977381273,-0.78821570240565086,-0.2128966713838433,0.81645904842797667,-0.55803017220100881,-0.14831368498353856,-0.0018995908076774426,-0.2594577680364954,0.96575258641138761,-15.169002370203104,30.268268563860538,0.618721472740415,,0.3978946587591919,0.3157894736842105,0,3
-0.84079411365399748,-0.53207169402908927,-0.099824700639691205,0.54129949504768071,-0.8289321335633546,-0.1409481273633329,-0.0077533931871460494,-0.17254341586719504,0.98497139782582799,8.099858059477608,26.122312009329981,0.50772025110607388,0.2857768762882913,0.2050575514715991,0.2307692307692308,1,5
-0.1407745643572306,0.97826725714064888,0.15223565822941806,-0.98973276520657227,-0.13521603820800066,-0.046321447385470768,-0.024730052700800254,-0.15719350055853062,0.98725813639370497,-8.882251315438463,-9.3200326232850816,-1.3729740910861929,,0.1445456983299708,0.2439024390243902,0,2
-0.98706585244240619,-0.13099105990718027,-0.092424808176910775,0.14135111316785404,-0.98311054995177116,-0.11624762096375875,-0.07563640491425884,-0.12780840660112602,0.98891058516618513,-8.2693754341714794,-13.767285367890347,-1.6954196056098561,,0.3019851475781989,0.3870967741935484,0,2
0.18842467726307366,0.97458048329904656,0.12119827792053944,-0.98200507131366432,0.18856890108595131,0.01038313331718593,-0.01273502699456436,-0.12097376209672286,0.99257401133195799,-10.953894438677544,-11.457868379014549,-1.476055029781302,,0.4932280650158556,0.6333333333333333,0,1
0.14155749274144708,-0.96771512838791196,-0.20853993991061195,0.98384584171414424,0.16085043234172586,-0.078577975013781956,0.10958483467406366,-0.19404785158472218,0.97485208893698916,11.377902344801784,-19.040275358171179,-2.3859691397743723,,0.5167715307388977,0.2222222222222222,0,2
0.5902329061773629,-0.80579336941309976,-0.048188818986425283,0.80635253345057123,0.59132505513915223,-0.011413630558356175,0.037692283869092728,-0.032120475939201719,0.99877303065419698,10.546888207544844,-7.0921109804538025,-1.4695041250684646,0.2783642485148018,0.2361017409158038,0.6153846153846154,1,2
-0.52410293599189539,0.82999892008245557,0.19083475874859093,-0.85081654171638732,-0.50033303475521218,-0.16055549406484534,-0.037779952705665448,-0.24651297530677199,0.9684028233018328,14.495588228580354,28.993840782531873,0.61746570536081102,,0.4025263239317545,0.2608695652173913,0,1
-0.16263339929239837,-0.96697094725109101,-0.19625892236259548,0.9863703878538973,-0.16436771900089941,-0.0075306650033940296,-0.024976697130551874,-0.19480872701901547,0.98052318915856318,0.68201179909386422,31.546705234022571,0.74211026593795626,,0.2102445834622047,0.2941176470588235,0,2
0.99260797747162921,0.11972539534650325,-0.019880461986677495,-0.11634447875279247,0.98532134997206688,0.12492317460328554,0.034545120110100067,-0.12168675769509783,0.99196722107045032,18.067819768015816,-6.5930531537492474,-1.6576095992993616,,0.1114712068380765,0.2666666666666667,0,4
0.96283399735875508,0.26963330049704415,0.015766318315676986,-0.2666394897953453,0.93959296638770096,0.21463559815752375,0.043058982940130788,-0.21086237402113919,0.97656693739360778,4.4128811564469617,25.000994572329102,0.50742024616893699,,0.4674972267479934,0.4,0,2
-0.78438153483250639,0.62027500761870591,-0.00212667285121019,-0.61880072030746491,-0.78274453551061063,-0.066307319922018521,-0.042793414922909556,-0.050694250678875709,0.99779698164874353,-2.6060141318828896,-6.9091552529745499,-1.3852843533041412,,0.08725491053089404,0.2131147540983606,0,4
-0.84318787693549113,0.53254331429092416,0.073700899540350626,-0.53583463825836464,-0.8212952822472116,-0.19584509133751657,-0.043765792938624183,-0.20462570161763777,0.97786137954514951,-8.6431928203395714,-16.371489815153833,-1.8648846479950887,,0.2653476907107609,0.4,0,5
-0.56090205565085038,-0.80916136514081383,-0.17506218646556518,0.82786761668145115,-0.54946253338143181,-0.11281016647550884,-0.0049084841675768121,-0.20820376935471882,0.97807315534660444,-14.439331245972197,28.771190737648169,0.58385287345035686,,0.3395375568048209,0.1538461538461539,0,1
-0.5613143389980142,0.82699663283631109,0.031666735111563447,-0.82664018462685573,-0.55840610410635405,-0.069632090711405747,-0.039902606372269098,-0.065262486729875016,0.99707000247251065,5.0736194314566427,-10.690372309388046,-1.7739311594646912,,0.1011371219126658,0.3846153846153846,0,2
-0.99738798745919077,-0.05674183744482484,-0.044694142295047139,0.061702957437700739,-0.99099594256537571,-0.1188267093813668,-0.037549267843010312,-0.12127409328602543,0.99190858791629888,-3.4371636777270131,-19.193677389159923,-2.3142405862090465,,0.08437795209561086,0.3157894736842105,0,1
-0.081504950997649414,0.98909526640663026,0.1226682393077705,-0.9960190769254178,-0.076374729165680014,-0.045966282702734992,-0.036096279081222343,-0.12592638610262227,0.99138267279573955,-19.52792526224054,29.153949023113949,0.51151454454440259,,0.2673355647710999,0.358974358974359,0,4
0.39457838257781019,-0.8850149806986265,-0.24709590029235551,0.91885294410669183,0.38125237730832223,0.10176390275150601,0.0041433209801596824,-0.26719863161281909,0.96363256698572242,20.389069958577263,26.544425821038359,0.4994704998803095,,0.5086746903443277,0.1333333333333333,0,3
0.4796793905802354,0.86605822359586637,0.14089299341892605,-0.87740225551868833,0.47499585921394566,0.067410798395532698,-0.0085419121566334515,-0.1559554009054418,0.98772716306940278,-9.1357709936227849,-10.814136733441545,-1.4885689745585637,,0.3316470791284372,0.2777777777777778,0,4
-0.4787674969055839,0.87761270846349082,0.024033681576858371,-0.87710549173692398,-0.47693768108685475,-0.056713355785227716,-0.038309793417480587,-0.048232585488128317,0.99810118596535102,3.8962233442647864,30.491641216573203,0.65672109258084488,,0.1422092907923351,0.5263157894736842,0,4
-0.1787418767149519,-0.96094996346234385,-0.21124987391744862,0.98369213443577153,-0.17016658147896124,-0.058250486667156515,0.020028134152073936,-0.21821664067958943,0.97569481477196662,-10.016741656785966,30.542596011724132,0.67914903948643379,,0.5067372247621034,0.2558139534883721,0,3
0.82674063563744926,-0.55735639367803969,-0.076509945837100912,0.56134730026012192,0.82626992534830013,0.04655339896921544,0.037271032672286993,-0.081436238193597715,0.99598143016444673,12.790439180360197,-6.8193333873121373,-1.4671598738348304,,0.162257705407349,0.2972972972972973,0,2
0.13760466524966322,0.99015379076372545,0.025698769187503804,-0.99035410663738999,0.13796522558812754,-0.012819516171613581,-0.016238829021371255,-0.023686856368913288,0.99958753156858304,-4.8263919059028586,-8.5237617855971788,-1.4158825097348529,0.7637374857416146,0.6665757193096655,0.7014925373134329,1,2
0.83493206142091192,0.53525378634252685,0.12803060968930713,-0.55034694461320799,0.81092267964930631,0.19880303867218835,0.0025871540993012304,-0.23644828575478782,0.97164063047882543,19.914374896314744,-10.270971395686063,-1.9062416048040591,,0.3294809989816909,0.4666666666666667,0,2
-0.12080865856968859,0.98406114263525135,0.13049496377254019,-0.992361473290851,-0.11641435498490567,-0.040821615370542838,-0.024979478429394197,-0.13442977909991721,0.99060822737777798,0.089291520500864072,39.605635957477439,1.0199790291985422,,0.4617385556544665,0.3846153846153846,0,1
-0.99293991228956924,0.11591158664859091,-0.02519592552360082,-0.11133965062496974,-0.98400412900605227,-0.13906601417223322,-0.040912257100951144,-0.13527889036966659,0.98996252910868265,-5.0257188517013223,-18.758957738380342,-2.176110313368651,,0.4089943067164817,0.5,0,1
-0.18083326610192746,-0.97731627801996934,-0.11023711982859247,0.98342161335188372,-0.17814260265642914,-0.033869507099621721,0.013463293181359104,-0.11453429982318637,0.99332805955571646,0.8689889960344338,-9.2730104040273762,-1.5702730113603727,,0.2815823356404012,0.5431034482758621,0,4
-0.89818582194133911,0.4382625453823068,-0.034469850283729668,-0.43266888748281801,-0.89515479776290063,-0.10721717141596643,-0.077845122313102047,-0.081386911460514633,0.993637915729355,-8.8482041276207521,-17.776311110197398,-1.9842025435307986,,0.4821544976999318,0.64,0,3
0.99475127956063614,0.10158592904074785,-0.012255236978726684,-0.095492799495858705,0.96469612929799187,0.24544348303003546,0.036756183927610424,-0.24298493191636344,0.96933343375985914,20.165784168133797,-9.2495688057498011,-1.9036831234676335,,0.3403954022825194,0.1538461538461539,0,1
-0.81381538979111645,-0.56149532360135357,-0.14975818145578573,0.58070981384974263,-0.79549002464618068,-0.17312346111089494,-0.021923125637781947,-0.22785658266161551,0.97344786932841987,20.221341125973741,-13.050649595634644,-1.9975605743098566,,0.25093427917108,0.5714285714285714,0,2
-0.075291086886258171,-0.99180145286615151,-0.10325274973615817,0.99699395511791611,-0.07297513798296415,-0.026032339401264298,0.018284028380562069,-0.10490237046396582,0.9943144306391315,1.5589387703651676,25.584617071092421,0.48109854536276997,,0.1158674565024445,0.1428571428571428,0,3
0.84037578559359494,-0.51811159140481766,-0.15915061369632025,0.54023637781607925,0.82440665163960014,0.16881448047056202,0.043740085414990422,-0.22784655271552925,0.97271411696527721,-7.1135006870214177,-12.337647066824461,-1.6171423909176919,,0.2998307851817732,0.2894736842105263,0,1
0.98593171467866692,-0.16228156162797941,-0.040041837449944516,0.16225605278920952,0.98674095016337093,-0.0039077620133191431,0.040145078453637441,-0.0026442439887072538,0.99919036256845439,-7.9006518922987805,-7.7586648651756862,-1.2977247053756957,,0.3516957701425973,0.8106508875739645,0,2
-0.26442344583083671,0.95333489771064073,0.14571483830410203,-0.96349275751257502,-0.25456377968935484,-0.082939666572065848,-0.041975558552119603,-0.16232638379916439,0.98584390123737431,14.014055848004896,-4.0625965721211417,-1.2165767541378034,,0.5578289736572201,0.6193548387096774,0,3
0.7942419748435533,-0.60489915890443624,-0.057242405202075637,0.60622893750911722,0.79525216994560988,0.0077757008279418314,0.040818632059141977,-0.040877790467497864,0.99833002835901707,3.7127349299348475,-9.8230168412853889,-1.7027994165112761,,0.08692644118416755,0.1851851851851852,0,3
-0.97456687841846779,0.22348182103537403,-0.016591418155111341,-0.22009337207007765,-0.96846143602693846,-0.11679620926838198,-0.042169978189549158,-0.11017405590861391,0.99301730616547657,10.884875236506272,-13.047795893143912,-2.0603385725894752,,0.1005230020575893,0.3076923076923077,0,3
-0.8268889534985201,0.55838653789749237,0.066776739041186556,-0.56066998634163367,-0.80935073114325751,-0.17493015867353071,-0.043632843109224925,-0.18208752920704679,0.98231375166464951,-5.5797117396059539,-15.50307874264811,-1.8503291548777083,,0.09153485987987581,0.6153846153846154,0,1
-0.88968275068044922,-0.45023141985767184,-0.075870097631495118,0.45589119418271229,-0.88511061378596989,-0.093500911386371469,-0.025056380591141764,-0.1177746574453373,0.99272418518705563,-7.2394940279911841,-4.9563680781716757,-1.1427967208347358,,0.4811043393814589,0.4017094017094017,0,2
0.21780138982451894,-0.90827813212556074,-0.35720216865664622,0.97557951313326841,0.21325805812605003,0.052589107227277158,0.028410704763588045,-0.35993309843193,0.93254543937978041,-12.910835553738531,-4.8861306089294709,-1.0022202734676351,,0.3375667499848914,0.3870967741935484,0,1
-0.93824699373832587,-0.33976525932175206,-0.065208491003977381,0.34466145270531817,-0.93430916149572574,-0.09096633313601761,-0.030017690784819796,-0.10782374183442012,0.99371674985217517,30.346511888054017,24.390692885154841,0.35582296186756251,,0.1628985428947821,0.2777777777777778,0,2
-0.83755331878600536,0.54560301623460616,0.02866682518607613,-0.54460356543396349,-0.82951889808286816,-0.12371481010776247,-0.043719500307798628,-0.11922980499474597,0.99190365403790703,12.692272848018737,-15.743701957704758,-2.200080556610073,,0.8287962097899818,0.6857142857142857,0,1
0.96190782563316413,-0.25887677928320241,-0.087841608214075939,0.26997950513477903,0.95006596444276159,0.15647916798930761,0.042946499192122088,-0.17423397015336081,0.98376731082697588,13.982606455996718,-5.1367830208553302,-1.3289973411671741,,0.1304483428321083,0.1904761904761905,0,1
0.30852012950491242,-0.92064262081186965,-0.23923313824577952,0.95013466413980174,0.31026206041250437,0.031330079293442767,0.045381160080126222,-0.23696965757927657,0.97045655837679945,12.113295148216135,-19.870820387812387,-2.4511648120786846,,0.1987837191349067,0.3529411764705883,0,2
0.78332109304923614,-0.61302322531409503,-0.10300772014590133,0.62047518277730829,0.78111259345246031,0.069811631605623717,0.037664475857471305,-0.11859865756186962,0.99222766827120201,1.8200503264175401,-10.748761593826785,-1.7104926586978091,,0.1054631362116788,0.25,0,3
0.26729349094369265,0.92430426348976769,0.27242580309833442,-0.96357039019789326,0.25910266558506634,0.066316753694617994,-0.0092893935761946839,-0.28022747399452408,0.95988867582946025,-9.2091708959524823,-18.917561506993167,-2.0688344475801079,,0.3919857817563633,0.125,0,1
-0.09247368886426309,0.95055856938581884,0.29645745569140347,-0.99542730230403687,-0.081096131724887888,-0.05047675947370979,-0.023939563394986513,-0.29976961751726044,0.95371121085893307,16.589596497336281,26.637256043207191,0.53307306100351648,,0.5128979959139329,0.1304347826086956,0,1
-0.99661381388307513,-0.069112540162313815,-0.044546186927097331,0.073286601796902551,-0.99227269965204545,-0.1001197459160966,-0.037282435200688642,-0.10304536048534203,0.99397770282232811,18.48383665440678,-11.47834705451578,-1.9141022185235255,,0.3213609812924839,0.3,0,1
-0.98685516266077822,-0.15533766112041292,-0.044576888265195694,0.15953063343271842,-0.98045805640075645,-0.11511722996756625,-0.025823727971065042,-0.12071541192610706,0.99235121020593597,32.700550009283219,-7.8404563396608973,-2.1792117823486419,,0.2157692867251997,0.8,0,2
-0.7792087642466764,0.61023457353843658,0.14299463968810486,-0.62528096008020917,-0.74117474396570382,-0.24430251711463372,-0.043097826886515846,-0.27977448805374794,0.9590979163526131,6.6936442787692743,25.255157074987309,0.51258755451359539,,0.3591358959251099,0.2592592592592592,0,1
