axis_00,axis_01,axis_02,axis_10,axis_11,axis_12,axis_20,axis_21,axis_22,location_x,location_y,location_z,dbh,dbh_approximation,score,reconstructed,number_clusters
0.6338649057615745,0.76119175522397409,0.13712181818702646,-0.77299309832656793,0.6174091111305704,0.1459029109800512,0.026399833017732757,-0.19847695400727133,0.97974994133433468,-4.703858279836048,19.072878050836518,-4.0638159963436706,,0.1673062862029492,0.1904761904761905,0,4
0.12236501466011745,-0.99140207420657289,0.046354400504526064,0.98612759078568313,0.12672649494070315,0.10720433839760934,-0.1121569341523494,0.032593292852191258,0.99315582834850125,-25.560198438586077,8.4957366849998763,-2.1603685166202662,,0.1925266360211859,0.2727272727272727,0,1
0.41179824152308975,-0.91126980127919466,-0.003091529567630829,0.9036254608217037,0.40790045109754136,0.13068377309056489,-0.11782713962943646,-0.056608932784491493,0.99141928259225742,-17.192866917358781,-16.733045684338695,1.6763816212552627,,0.1202206616080164,0.2777777777777778,0,3
0.59181763633316653,0.7661344841189861,0.25057900464475846,-0.80505134372537657,0.54614560639558896,0.23155412019819499,0.04054897398195511,-0.33876677649753201,0.93999619778511967,11.633237391320025,-6.2121750884285625,-0.55427806079542152,,0.1975416922185604,0.2424242424242424,0,2
0.76501047633058172,-0.62856849548461058,-0.14021632425886724,0.63354672615405161,0.6954174557703946,0.33913582528142555,-0.11566121598849945,-0.34827605242686871,0.93022915156536445,8.826303566541009,-8.2241014215356696,-0.29130403015250678,,0.2558925065388322,0.1538461538461539,0,1
0.0038040011240438681,-0.99895860497407662,0.045466857420476681,0.99440916377545352,0.0085768987517163189,0.10524662373304688,-0.10552698505525024,0.044812301392011665,0.99340621755105796,1.0148260358904535,-12.832646951058614,0.49437361935822316,0.3547756854188648,0.3007035143609399,0.8656716417910447,1,5
0.4742339738996264,0.847078181957583,0.23991809362948113,-0.87815423497686262,0.43567519177291231,0.19756585450385394,0.062827363398205188,-0.30437753025654235,0.95047727036650298,-14.423112244142098,-17.17420206514004,1.7027649943129655,,0.277404801265661,0.2941176470588235,0,1
-0.53008570313598202,0.83359191164085011,0.15535015988979473,-0.84221819399625109,-0.53884972704282719,0.017592196212091033,0.098375103723073315,-0.12151335940061932,0.98770281079616828,-13.322719809482303,2.8978626201899362,-1.8515909252269236,0.2285116890062595,0.2299432531141252,0.3006993006993007,1,5
0.94169463241223206,-0.3348462788372959,-0.033002861009387929,0.32306557096901634,0.87241389676209857,0.36677326727943632,-0.094020509148018183,-0.35605050524495163,0.92972478808212988,-14.552321274369511,-24.760393160100243,2.7301538690988902,,0.6439931459365833,0.3478260869565217,0,1
0.24214747686520299,-0.96980817368333183,0.028925865670978483,0.96281027313964151,0.24386883769580237,0.11629431601616196,-0.11983729546591274,-0.00031025456960282063,0.9927934963311944,0.92264593604535161,-10.996074743690453,0.26013609629812334,0.240748198949025,0.2161583356410302,0.8961748633879781,1,5
0.89644203365504882,0.43407236394065907,0.089290890685262039,-0.44316064025574659,0.8783165430501384,0.17935634121092875,-0.00057203541537183831,-0.20035277154914044,0.97972365476600654,-15.430466498367915,21.421723237773065,-4.2446828565920045,,0.09656516732504235,0.4285714285714285,0,2
0.4416459584821037,0.85939045152054849,0.2576759577293371,-0.89471035130235088,0.40053463774733938,0.19764966794060626,0.066650090989045327,-0.31783652370348359,0.9458000367790419,-2.090435150168231,6.6806507294433706,-2.2755965111933447,0.8158081347082169,0.7547165755971899,0.3638253638253638,1,1
-0.14658475920434158,0.96889180217451976,0.19940306930440194,-0.98517345080194707,-0.16115688573239509,0.058836468418998124,0.089141349574645659,-0.18782208033148468,0.97814962349119405,7.7038388605432075,-5.02104504349954,-0.58902144614953322,,0.571909903559896,0.4857142857142857,0,4
-0.59841454186996856,0.79361629472093576,0.10987817268214282,-0.79703483859519764,-0.60363224055500986,0.019067884729707295,0.081458591591568402,-0.076166232123889829,0.99376214605908941,-12.538367580300193,-14.739482511111559,1.2572624648793815,,0.1976561166534892,0.3404255319148936,0,4
0.17463075272234374,0.97938994038862426,0.10148618068089256,-0.98066680867066158,0.16375783158300777,0.10712601442661977,0.088298983999413744,-0.11823162546797028,0.98905236067858082,3.7668721835965129,-7.9096970531734092,-0.19566391074060954,0.4399128439423389,0.3437482802397852,0.9290123456790124,1,5
-0.94774912064123118,0.30311666419796041,0.09945799218401119,-0.30014353140643574,-0.95288014685037403,0.043969151609796746,0.10809932876131984,0.011820051772823029,0.99406982727444326,-1.544021966465845,8.2378313003424264,-2.6168554956814725,0.5192939846195972,0.4146839520061175,0.2432432432432433,1,4
-0.73782357363407536,0.66176926529855318,0.13295793957509147,-0.66410126086343502,-0.74693899911598771,0.032429106049989873,0.12077205599573353,-0.064370576398060764,0.99059100509985665,-7.5050635702793107,5.1985739476118171,-2.0908868427839247,,0.154772281492287,0.1111111111111111,0,5
-0.8950910460714272,0.43625488547823488,0.09216123989579364,-0.4369351311425213,-0.89938816118841514,0.013734143132708427,0.088880315122223622,-0.027975174896575344,0.99564937562039424,-9.4709271108154205,-20.740858313388266,1.9917781964150474,0.2709473167348163,0.1685659121508242,0.3823529411764706,1,4
0.82644230492948445,0.54874824058137228,0.12597017536579475,-0.56290615918170883,0.80079925162904764,0.20459035790001093,0.011391776777035956,-0.23999151453583906,0.97070814376549697,11.04655940774264,-7.1396446469979313,-0.44362400807547303,,0.1477821775195407,0.3214285714285715,0,5
0.92730678720018622,-0.37182030845355407,0.043032320806252106,0.35424414853421132,0.90892510188599562,0.2199232647784331,-0.12088509271924318,-0.18869238824880288,0.97456758461136161,9.0295331548473925,-12.246740000619905,0.22365002382964008,,0.4508245792659283,0.2727272727272727,0,4
0.16502601739260842,0.98133174080055752,0.098764508204519694,-0.98202634251299681,0.15418668494629506,0.108861052703976,0.091600634244968004,-0.1149542547390834,0.98913843476194019,-15.614630264112662,12.78933231449871,-3.2516273938617726,0.476900936383537,0.5285172093081318,0.9331103678929766,1,5
-0.74968913058362252,0.65249529615802293,0.11052644921658729,-0.65197415790807012,-0.75685452347821769,0.045835877984653071,0.11356013783381876,-0.037697729138702028,0.99281568093627026,-1.9308051219167177,16.367583817924473,-3.6554246504721153,0.4445348540612336,0.5524599725263317,0.9664804469273743,1,5
0.49230284375054967,0.8283460253301701,0.26735888306699035,-0.86830928653913275,0.44596774164971553,0.21714455166490632,0.060637389002350904,-0.33905108129536976,0.93881173369713289,-20.77223355950224,6.551836028381139,-2.3399857451815271,,0.5329087332066641,0.2777777777777778,0,1
-0.4591162901811176,-0.88089251086733178,-0.1150678773080346,0.88756499163338232,-0.4603669526646475,-0.017048592936134432,-0.037955470187622894,-0.10995750630182277,0.993211321467251,15.887079314160669,4.5603726325256275,-2.0564913369023365,,0.4741731101713896,0.2352941176470588,0,3
-0.94905507282327262,-0.31487093022990215,0.012278682525734344,0.31394627971708705,-0.94817741365836106,-0.048962492583012038,0.027059235026370584,-0.04261325526519795,0.99872514150565506,-2.5701110268507699,-17.174298664370841,1.3467905733419936,,0.08919320916153398,0.3125,0,1
-0.96579468914519806,0.224580447649356,0.12963117276544858,-0.24365622248959101,-0.95701560421891563,-0.15733015770540609,0.08872577788350848,-0.1835340726271823,0.97900101150297469,-4.4422448925358902,-21.748584777233159,1.9955833023877061,,0.6135656358492001,0.2166666666666667,0,3
0.89553620225506803,0.42847929103926891,0.12008500156578392,-0.44488074465109861,0.86804504422381012,0.22040627086625186,-0.0097996678134064947,-0.25080529968277943,0.96798794835564861,-10.652549854521405,20.079616511615153,-4.1376781685469561,,0.2245478619086276,0.1764705882352941,0,1
-0.6683100569736764,-0.74308965120371984,-0.034342947191167532,0.74306043366489116,-0.66902968123031459,0.016139317042798588,-0.034969410483815834,-0.014732817340810445,0.99927978285544083,-6.9013215140336248,-10.623061657155038,0.46786740120889031,,0.07679263580613548,0.3055555555555556,0,3
0.92116743801059708,-0.38767192081849439,0.034073933701432822,0.37654602276464388,0.90998830924239671,0.17359253953523307,-0.09830383455958866,-0.14707739068620337,0.98422791936614851,-5.4138984361691014,-13.741372287782777,0.88595355389298558,0.2504245763874506,0.2044936566005849,0.7377049180327869,1,5
-0.41211003052886513,-0.91076876351806024,0.025798878605081246,0.9078204997715742,-0.40803398349769077,0.096799837321634455,-0.077635448939169821,0.063312934782619013,0.99496945146935267,2.5933128939966297,10.472174067811459,-2.9174695317214772,0.1357780446650791,0.1151464504257111,0.4,1,5
0.10769720410261995,-0.99354903382689452,-0.035519425813534039,0.98723555906934002,0.10265970886037805,0.12176590280432015,-0.1173339811713866,-0.048179887487902903,0.99192309949114843,0.34091755858964512,10.157661410891212,-2.9207763979027157,,0.2883017277416863,0.2173913043478261,0,5
-0.68663077555571839,-0.7232578568567406,-0.073730933499761883,0.72696283998975242,-0.68415871603031786,-0.058752706778329181,-0.0079503040058869351,-0.09394106543328444,0.99554601545658006,-11.87932222149399,-20.02804195307364,2.0085135407479107,,0.3709966118558777,0.2380952380952381,0,2
-0.52779816024185322,0.83355375403692744,0.16314791195800787,-0.84331358317686678,-0.5371737236939611,0.016327614711163056,0.10124871591633623,-0.12896716521544205,0.98646650618334952,-13.164937790636124,12.051099074071551,-3.239830198016485,,0.230944028792784,0.3055555555555556,0,4
0.059809533883675367,0.99272374641953665,0.10451020501068919,-0.99305471358009312,0.048546962686334759,0.1071705568255157,0.1013171036546987,-0.11019417275287481,0.98873256687454802,-18.058282992726163,-21.565846157389661,2.3814738078383968,,0.3055962214484266,0.76,0,1
-0.76204695934747213,-0.64750183436191178,0.0050799849636184724,0.64654284628869341,-0.76044026471425408,0.060933994733892632,-0.035591848254716112,0.049718993345339406,0.9981288704563851,11.66617022685592,-14.692698182909902,0.49105463082627948,0.2214135018535158,0.2614047627819133,0.1481481481481481,1,5
0.95654844625467472,-0.28704651176241874,0.051179781679831331,0.27709447450030356,0.94956053494497417,0.14681090789316686,-0.09073985986967488,-0.12625011112883378,0.98783965666032547,-5.5061115448711142,-8.4697102902739552,-0.020485674184921535,0.2895626048201126,0.246092300812956,0.8370786516853933,1,5
-0.71081444956969686,0.69135028658332298,0.12952837343256385,-0.6949132032106391,-0.71873458029740955,0.022720983434609179,0.10880467952463191,-0.07386057355493289,0.99131536727102076,8.7003226254988597,4.1165749889222507,-1.9281778846378792,0.6043590469148641,0.3303055921074352,0.3333333333333333,1,6
-0.477102349559962,0.86738634633283451,0.14147181429436073,-0.8710833818978605,-0.48807058000468112,0.054780021132519126,0.11656367283913452,-0.097098069647488669,0.98842545244696189,-12.555224252388541,-10.890699221891404,0.5975409547644831,0.5511832362294005,0.539268910734877,0.9271255060728745,1,4
0.9547672105900249,0.27144201869489365,0.12140347634637121,-0.29648972532881862,0.90014332732465185,0.31911727162180875,-0.022658692737771702,-0.34067759063335307,0.9399071033265306,-12.222560891103281,-25.966783670782139,2.7601767652792395,,0.4568631434382766,0.3333333333333333,0,3
-0.47282919569596238,-0.88111374345190308,-0.0084334333269690219,0.8788736871800944,-0.47227204467405776,0.067380693094152747,-0.063352929529522817,0.024447636277483972,0.9976916955655537,-3.8274001568102487,12.389157326167467,-3.2150680290938864,,0.09337367644611834,0.3125,0,5
-0.23210505952164895,0.96375607570326627,0.13153504433987487,-0.96549409838556488,-0.24469083633153227,0.089148979792380359,0.11810329092408335,-0.10630437978002796,0.98729478450586716,7.737428700908767,11.203173189082404,-3.0480929523840983,,0.116485338755527,0.5416666666666666,0,5
-0.98609505646077722,0.14989262440059503,0.071754726491830498,-0.14665064242103573,-0.98799732933745088,0.048526964664626436,0.078167312229043578,0.037329323224062315,0.9962411319186335,0.61589563553008997,22.299936087243157,-4.4041968338109498,,0.1045464214130814,0.4375,0,1
-0.98369672811498055,-0.17962773482561181,0.0086385170776433901,0.1762990356478546,-0.97271917330045443,-0.15078481330464499,0.035487985650323302,-0.14680356526699145,0.98852886457573019,-5.8294649083368011,20.423729182779912,-4.1993580700046955,,0.560198030165999,0.3125,0,2
-0.89698367812208368,-0.43907276423014008,0.051336038938361299,0.44193598600240502,-0.89344841665892094,0.080265254286953358,0.010623815635611888,0.094683866001398345,0.99545070197391983,2.5735914808137248,-11.514980433291718,0.24223316997879138,,0.1066282955005423,0.6547619047619048,0,5
0.8888381593312753,0.45003679168445837,0.086218400860544012,-0.45815221864880656,0.87609699916292749,0.15016854732230001,-0.0079543110177052977,-0.1729766868340151,0.98489379871545579,-6.0174026996539416,-6.4748428393295123,-0.23085771764904889,,0.08668292993594606,0.4380952380952381,0,5
-0.50731573188325574,0.85755003641441674,0.085080451511423932,-0.852385555248659,-0.51386839405014928,0.096840790990962489,0.12676597882393786,-0.023392491144638188,0.9916567843618358,-4.9776889195073295,-16.546564336178371,1.3514543412684779,0.2091350563453622,0.2096008143533285,0.7868852459016393,1,5
-0.38648489553809989,0.9176493371885408,0.092461448606077551,-0.91422008915963249,-0.39440832360390987,0.092971516331115361,0.12178281528137382,-0.048598027011227125,0.99136631860920021,4.8179872505582368,-9.2160308764309562,-0.064529534972776609,,0.09859245748614195,0.4117647058823529,0,4
-0.01663150159623162,0.99502567609927983,0.09822065494500512,-0.99364042512781037,-0.027389418858295093,0.10921778832420061,0.11136471032818053,-0.095779557515036029,0.98915326297583683,0.69627366067526286,-4.5826589342409667,-0.58264975407211939,,0.08893781267941384,0.5032258064516129,0,5
-0.59572198146073152,0.79026375872879195,0.14352181870482827,-0.79145839057740164,-0.60800261034763636,0.06266132615170239,0.13678061554595083,-0.076262818268815688,0.98766140238472877,-19.890087211289771,9.5871689635817763,-2.6955517184567075,,0.08744171644474212,0.2962962962962963,0,3
-0.35300486912214851,-0.91846911191324498,-0.17833130077849121,0.93263390011682201,-0.36064651446143292,0.011318125273414375,-0.07470991051353211,-0.16232246322710073,0.98390540561730122,22.582661105646842,-5.0782581863764689,-0.89484734994646487,,0.3160923619537395,0.2692307692307692,0,2
0.988947248712162,0.12163513242050775,0.08478345254642411,-0.13879265535451718,0.96059943807130954,0.24080140862696028,-0.052153025648455378,-0.24990721105668715,0.96686423440811065,-5.601283820290667,-10.550049541749491,0.41791631621664654,,0.4136792086970209,0.2758620689655172,0,5
-0.5820814890095577,0.80118177029012827,0.13888452436175344,-0.80391484766732013,-0.59267018836684804,0.049628273405727973,0.12207398515836419,-0.082763631964647699,0.98906426655277313,-15.881604648545908,-20.243586616649722,2.1544475718961493,,0.09224473065018676,0.2727272727272727,0,1
0.84400662754130773,0.52026551156188583,0.13029432123311513,-0.53632351454530003,0.81728291410355203,0.21072666195853032,0.0031464920350386875,-0.24773460758169485,0.96882282373724982,-7.1213279703555408,-12.277364399490304,0.78825125153273756,,0.1156485004757436,0.225,0,4
-0.6511852852756651,0.74396345279712428,0.149920329317381,-0.74898772070066777,-0.66185294074764944,0.031113968941746055,0.12237286660068851,-0.092027527000729581,0.98820838682641288,-18.07563941161732,7.7350763311563009,-2.5401370102194769,,0.1584618310281107,0.3023255813953488,0,4
0.27535627413825792,0.9546156656961573,0.11352468057729717,-0.95739453173568501,0.26161583766428403,0.1222819041633848,0.087032366940723485,-0.14235899792670584,0.98598138056151907,8.8684429735655126,-3.4661622877312155,-0.81494352402828807,0.2668208779550612,0.2144783765712812,0.6612903225806451,1,5
0.87974079873079813,-0.47415768914270012,0.035080092293942482,0.46374537858448606,0.87201109133541621,0.15664252433342779,-0.1048634869248052,-0.12153658879066519,0.98703217105376062,-0.5590312412010271,-16.139608440710742,1.1501221453166672,,0.255957134040649,0.3214285714285715,0,5
0.76745726774652567,-0.6392173063177824,0.049097632192149868,0.63063988520235648,0.76649604261943349,0.12156130897907817,-0.11533723325533735,-0.062330184923409651,0.99136888728284078,-2.9335121606202703,1.1249224256390991,-1.3781763471377055,0.4510153146111355,0.3492322833097483,0.9765797613787008,1,5
0.99636975251196158,-0.068787657688698295,0.050155502479342834,0.059647888329321372,0.98445119900479539,0.16522096173269041,-0.060740807511142816,-0.16162949894040013,0.98498043603676255,6.4713151911264655,-5.0449324515685374,-0.54316423059707297,0.203135205450544,0.1437819865773435,0.4428571428571428,1,5
0.2339899210161337,0.96790020557728484,0.0917491629733653,-0.96875449959050319,0.22412829650005059,0.10621311703899913,0.082240114214525609,-0.11373521333094276,0.99010144170309511,2.1794363647875059,-6.2569176011038303,-0.32575958096045304,,0.06687847770799957,0.2461538461538462,0,5
0.70865406027222311,0.69647820853514353,0.11281634586959238,-0.70480278500782967,0.69140246331749178,0.15879442044262893,0.032595354038544293,-0.1920435855585389,0.98084494398499145,-3.1559039231741659,-4.2775700999919151,-0.61240270514822792,0.1885350572584072,0.1428666409555774,0.6098191214470284,1,5
0.67579894898556447,0.72949337862267893,0.10552341491666145,-0.73625451714831602,0.66128495670711473,0.14363666666826033,0.035000950397177405,-0.17476159926750828,0.9839884739633673,0.36853902634346253,12.203013962116524,-3.1702807458995967,,0.07382517305755737,0.4074074074074074,0,2
-0.99690584834440821,-0.049676319475852153,0.060917918710745235,0.053259723848312727,-0.99685490675669997,0.058683018759205598,0.057811169788522423,0.061745916127504921,0.99641623355365827,-7.0695157383667118,17.886329729244391,-3.9341559928656786,0.255948359066746,0.2928484802765163,0.9203539823008849,1,5
-0.69727539467956023,-0.71562425387593243,-0.041096851935111915,0.71630131902357941,-0.69778628948751087,-0.002591248411651201,-0.026822459610224315,-0.031244543007784325,0.99915180738098619,-11.133044641144476,3.2751669998207853,-1.8869455443156995,0.3736257237064846,0.2249704267182565,0.1435185185185185,1,3
-0.70724171836379091,0.70202215931529521,0.083510715696389917,-0.69721231450562648,-0.71215507163311276,0.08203744540723093,0.11706468428838991,-0.00020439551671569498,0.99312427113374557,6.9003181930944342,-9.6666474435113887,-0.087536465830335877,,0.08554449093026784,0.5555555555555556,0,5
0.13065771516690913,-0.95483545946090498,-0.26686664614268552,0.98501358582824539,0.094452547676519172,0.14431545991749337,-0.11259128385956682,-0.28172320031104542,0.95286685387065384,-9.0281570839844303,-9.0505805347028829,0.091561646803063904,,0.09010102032089146,0.2207792207792208,0,2
0.62205162071551579,-0.78290911533187446,-0.010251745971331399,0.77136162843838996,0.61052476889709351,0.17961276328820805,-0.13436152476834559,-0.11963621397140509,0.98368397210105707,-1.1488221781335546,-22.927271620119328,1.9985827491913783,0.2412479966651277,0.2234954496495077,0.3103448275862069,1,4
0.3397578125472151,-0.91661968897046542,-0.21064893687084568,0.93278481334076357,0.29975253623801357,0.20015221462605592,-0.12032090763440806,-0.26449340787733167,0.95685219149849232,-6.8857131424812232,-25.395616612817843,2.4951235835759302,,0.640352098167003,0.2352941176470588,0,1
0.99311122331639867,-0.098345234710059085,0.063704889394994316,0.084301658875872029,0.97727648420507862,0.19448368499834856,-0.081383833983053239,-0.18777350246928917,0.97883491117585009,-4.8490781953358315,9.6364000627092512,-2.8728309602725171,0.4631058172499284,0.290904245344886,0.6141732283464567,1,4
-0.52952700923096385,-0.84829283465671501,-0.00064277911108270923,0.846463434220877,-0.52843448544001059,0.065243000580526331,-0.055684836552780968,0.034003841956847601,0.99786919869803792,-10.834656782812909,4.3122654781544902,-1.9952122040718496,,0.08519588273440024,0.314410480349345,0,5
-0.075035605957144771,-0.99689517984432396,0.023867514361521024,0.99205639350956654,-0.072205206703336286,0.10300737945274314,-0.10096420125686638,0.031407141354822449,0.99439419826167641,0.29310853595814457,15.851102794730949,-3.5829673741499675,,0.1499905066604083,0.5,1,4
-0.301704300492731,-0.9463313144968708,-0.11589459981732271,0.95027481521323698,-0.30832159651505109,0.043767210259050129,-0.077151089659457703,-0.096926963869893468,0.99229676661738864,-10.855903896397894,10.518837940696764,-3.002001985391527,,0.1094313774744794,0.2058823529411765,0,3
0.93350507273213701,0.34591128078062672,0.09441220796101725,-0.35798127079671199,0.91410769091177213,0.19041149958634424,-0.020437439715855404,-0.2115479029549939,0.97715392636636644,2.8285112043715448,-5.1176668301434258,-0.50148592432781169,,0.08661445910840324,0.2073170731707317,0,5
0.93675722173706055,-0.34966877221200932,-0.014753211962439157,0.34682758839271749,0.92184957590991579,0.1729276823542148,-0.046867168179383002,-0.1671080762095426,0.98482402459139406,-14.713294674716556,8.0390656019903179,-2.5654336093409449,,0.1477672274127435,0.24,0,3
-0.97847313978947414,-0.20059248863499163,0.048507403700345716,0.20268216442172832,-0.97830709831544227,0.042838786291671177,0.038861998608552079,0.051748187300046419,0.99790373793032183,-1.6503685888902071,-19.089052926692005,1.506927608405904,,0.08461449361992195,0.4117647058823529,0,3
-0.34262595637469789,0.91285899883658739,0.22202680527671514,-0.92994587613299784,-0.36311413652579949,0.05786874215284727,0.13344707370921713,-0.18664557883374541,0.97332178975930728,-22.688246558860097,10.22017065931116,-2.6301556393296002,,0.4168503488103479,0.52,0,2
0.84914955625897237,0.51632573772390544,0.11114298749382998,-0.527929665483866,0.82367278650339681,0.20701064966764982,0.015339472196999134,-0.23445868151466176,0.97200505515924318,11.594015450858649,-19.123074282517376,1.0522494886791036,,0.1129397909686109,0.4666666666666667,0,4
-0.87686555063346605,0.45409910691627531,0.15779989610297696,-0.4698765956038029,-0.87894394125964015,-0.081691694968043627,0.10160113688364684,-0.14577911105783525,0.98408620545312964,-15.628910660018413,5.2191229966017865,-2.1791069819957802,,0.284651683667119,0.1551724137931035,0,2
0.9355217214665722,0.33913934633527199,0.09891214501518289,-0.35326569117165174,0.89685136482092764,0.26619725930192156,0.0015684722616623335,-0.28397558554587649,0.95883022830355158,-0.55112835997729737,7.5850867037065806,-2.4612723109420793,,0.1952992244952744,0.1428571428571428,0,3
0.6382116292096689,-0.76770161174407092,-0.057620757258963005,0.75899486233590763,0.61490815265632703,0.21404383369880392,-0.12889032271368395,-0.18033912255065437,0.9751231130418474,-2.7509430545788907,-15.46157951735711,1.1400482673799346,,0.1915158652640046,0.3333333333333333,0,3
-0.20649127197259667,-0.97803548349192659,-0.028424419604483501,0.97429919787172192,-0.20820137070476402,0.085984081452192718,-0.090013485798845369,-0.0099389268721588962,0.99589095291953089,-8.7212837054470569,-23.145605803436414,2.3032840322086146,,0.07806300120983969,0.2666666666666667,0,1
-0.43369250507339596,-0.90005361330999234,-0.042594650025428907,0.89769720140300879,-0.43567125486678576,0.065804956317944058,-0.07778525333486197,-0.0096979817707935345,0.99692296769269229,-2.8663134267778605,-21.717090635663482,1.9001421250692077,,0.2647738499838695,0.4827586206896552,0,5
-0.39197115834314228,-0.91200931225811088,-0.12082063309560409,0.91678188038511366,-0.39816323933053588,0.031257297441558703,-0.076613280994035055,-0.098514208113863994,0.99218211835077308,11.908949431969106,-25.280722296925656,1.7405402683890294,,0.1835951663635148,0.5806451612903226,0,5
0.75468644241105665,0.651205468426303,0.0798737224162126,-0.65578263064902875,0.74502723937745663,0.12199817180862245,0.019937777709234453,-0.14445016606873631,0.98931119196273742,-9.7236605133589915,3.2488903937302749,-1.8678377250567306,,0.1094380883701594,0.5357142857142857,0,5
-0.39667273333296743,0.83974454472401672,0.37078274263563737,-0.90988214038399662,-0.41314841725993373,-0.037721027635106874,0.12151227608924621,-0.35233149862290869,0.92795327567596086,-17.955454623421321,9.3037955973822601,-2.6934905072756496,,0.5191360382503951,0.303030303030303,0,1
-0.39552573747233938,-0.91406584613933639,-0.089682885315650093,0.91564443950663377,-0.40006407992684367,0.039293668101491951,-0.071795900980098706,-0.066575978204350239,0.99519494960966792,1.1593806337871333,25.116198156884426,-4.8314270533068733,,0.2269493424218082,0.2727272727272727,0,1
0.58456740142570496,0.80549477697416993,0.097257994312708693,-0.8100135337198846,0.57253471360388242,0.12681512886539362,0.046465346022866158,-0.15291228199805462,0.9871468004471895,6.0512464668672505,-17.379597335914351,1.0199865224378262,,0.1074098429267673,0.2727272727272727,0,2
-0.93341969557981741,-0.35817873756845703,-0.020872562313866531,0.35809872783521474,-0.926452736817441,-0.11597684064619912,0.022202995889759478,-0.11572950530154119,0.99303258183011278,-15.410809451837597,-13.31825219191858,1.1453109942669191,,0.4896804313843712,0.2857142857142857,0,2
0.55893708350133475,-0.82510105684024626,-0.082447454103384277,0.81282164270275137,0.52550518624636067,0.25132703074316987,-0.16404363395457328,-0.20749107264961039,0.96438433258203216,-1.7479476467444655,-17.284937726510258,1.3241105641125095,0.7945981776035372,0.390955606374726,0.3736263736263736,1,5
0.91191550836067947,-0.4076721134800822,0.047048416572359905,0.3983255179925278,0.90687798168696099,0.13751039250678193,-0.098726325401424564,-0.10665727458578515,0.98938230146423434,8.3779455781393484,-7.2423661425394421,-0.39906236422213476,0.2509742049773389,0.1864868017609915,0.6818181818181818,1,5
0.51234717363491122,0.83457980475169957,0.20242757511992834,-0.85732257037434845,0.48334673559091601,0.17712691359679708,0.049983837338083745,-0.26429620257245739,0.96314543725791513,-5.5372468350146802,12.911842434318004,-3.2694950100862572,,0.3398295362682331,0.3018867924528302,0,5
-0.90240856838860561,0.41865255407489987,0.10192553490362526,-0.42074808823781518,-0.90717692859831967,0.0010326970241514544,0.092896834946358142,-0.041953059310173339,0.99479149517447452,5.8945582075093403,-23.735647839286731,1.7699253563235453,,0.3803616858275822,0.5357142857142857,0,3
0.99808396088225304,0.012137004557227769,0.060672070592406729,-0.021148228865500121,0.98843409014498784,0.15016924403852494,-0.058147738093967012,-0.15116462072729669,0.98679688791307374,4.4211696011257589,-2.6948314495920371,-0.9173242635881661,0.2440686118934694,0.2033537887595946,0.5089820359281437,1,5
0.57495805374585951,0.79574177819689673,0.19031095308681925,-0.81757090465278703,0.54977505492302192,0.17124603601138286,0.03163941051910895,-0.25405198565732301,0.9666729210470183,-1.0015059515321392,21.598400049605871,-4.3394345207569627,0.7272999560842361,0.3800779931660555,0.2608695652173913,1,3
-0.78116975451060389,-0.62431864176084195,-0.00021951706145125228,0.62413259485395323,-0.78094545359468015,0.024139232603201069,-0.015242003763106367,0.018719830653538654,0.99970858216861835,-2.6860964151165247,-6.3277974870854843,-0.21696472419752544,0.1702176646149831,0.1241014822631298,0.4177777777777778,1,5
0.027503374703860974,-0.99910910922471385,0.03200862765092239,0.992458115067545,0.03111888800043966,0.11856856516880987,-0.11945900642677902,0.028506186588396411,0.99242981772501815,-11.982537538449872,10.39489211506719,-2.9370992389476536,,0.1006249841971078,0.5068493150684932,1,5
0.56613576390381593,0.8072944705845887,0.16663113332324117,-0.82274751188644346,0.54094737558077388,0.17453500662313282,0.050762471509042464,-0.23590585964706018,0.97044917273934139,8.4585131063411048,14.591259633740545,-3.4877041206285369,,0.2596220631246126,0.2962962962962963,0,3
0.62463331955948986,-0.77074926713252812,-0.1256136270902263,0.77183986853959785,0.58487686821742291,0.24936372301711363,-0.11872840194691629,-0.25271449550599523,0.96022859274876948,7.1817635802739366,-11.680672652252554,0.12108087274466926,,0.4336255417379433,0.55,0,4
-0.6406610465521263,-0.75934280406398913,-0.11380654351562182,0.76688319471107824,-0.64014285120563885,-0.0459052907631236,-0.037994593042505742,-0.11668605729286789,0.99244182445772666,-17.1984542356677,6.2144006918488,-2.3606188576971139,,0.4099390656296774,0.2549019607843137,0,3
-0.86692584754347501,-0.49837583605944502,0.0078167060245756988,0.49230380326806089,-0.85860554565391078,-0.14294573187105514,0.077952165773813489,-0.12007515565011004,0.98969965992050968,-7.0142554615087649,3.2334483927721864,-1.8368027359907071,,0.6732030970662222,0.5482866043613707,0,5
-0.67385935442399392,-0.72311293443747715,-0.15172756672568563,0.73790814240530656,-0.66906704580027054,-0.088548639718786556,-0.03748524812811925,-0.17163033611025233,0.98444800974934898,17.322154614119,-13.359063400902981,0.16526276820710009,,0.369836140770306,0.4,0,3
0.09225503344788287,0.98121532920488441,0.16942693568874975,-0.99020391694390453,0.072494594106401106,0.1193345578376071,0.10481036052069975,-0.17877642897959983,0.97829125354815627,-4.5726886886726659,-11.472861452611829,0.52281524247992761,0.4235458062116511,0.209662043169477,0.5185185185185185,1,4
-0.37836387940695865,-0.92487540284193459,-0.038029777518218059,0.92281819152921685,-0.3801001563334272,0.062693353220655917,-0.072438664695466004,-0.011373670176022362,0.99730801635395716,-10.954553929581381,-17.150910548565722,1.6246405392711003,,0.1000187641415396,0.3076923076923077,0,2
0.95095812226191878,0.28566980094194161,0.11862299327649387,-0.30817918816050571,0.9079133001742119,0.28411094197778031,-0.026537477061984883,-0.30673474566237419,0.95142501444655203,2.1760112668473472,3.0953382196927262,-1.7206122409795117,,0.350089211016403,0.3114754098360656,0,2
0.45487897015220596,-0.89042287090242056,0.015239208875772138,0.8819716584200854,0.45279953488159413,0.13076151939594793,-0.12333335419501562,-0.046040114953191685,0.99129672225731891,0.13815065635382981,-6.2086374877433386,-0.26117298919929927,0.1763706320683581,0.1355826413828537,0.5151515151515151,1,5
-0.42999340473131248,-0.90269845610466226,-0.015529624394451219,0.90040928584841262,-0.43003537004846304,0.065823236514425051,-0.066096821750565013,0.014320539568770137,0.99771044511969209,-6.2711324961107238,6.0385134241283165,-2.2023280729540993,0.3483333192244388,0.2771564314184928,0.7086743044189853,1,5
-0.35544700509244287,0.91907068796751379,0.17019546730078552,-0.92624100208846927,-0.37077974307832368,0.067823212640809871,0.12543935834083664,-0.13353446237467115,0.98307350423930473,8.8427147871551313,-19.177855125000203,1.1275515462071348,,0.2481657868270578,0.2631578947368421,0,5
-0.82344387857805657,0.54101835802854825,0.17099507334546421,-0.55509038447607828,-0.83055793806436951,-0.045256784910814592,0.11753656407487421,-0.13218414350578286,0.98423193827020083,-18.472855632891253,3.538740280369773,-1.8668874774664594,0.1976813395136863,0.3164805739721843,0.2849462365591398,1,3
-0.9399922345872701,-0.33951643939391979,0.033811038092693382,0.3407319934398429,-0.93925933409886397,0.041153516917397374,0.017785037591802288,0.050204488737903244,0.99858059351683015,-9.683326218711926,-16.389956537108883,1.430827909115362,0.222557955796219,0.2218897950043919,0.8598130841121495,1,5
0.9706601947025717,0.2262706687752935,0.081365661503778205,-0.23811029423779395,0.95163538125245339,0.19414836833331905,-0.033500361161593904,-0.20782609460912338,0.97759195997182979,-4.5880382039865326,-13.948566482858404,0.93982598751267621,0.2001101489106537,0.162452928393348,0.68,1,5
0.99568637339908772,-0.0716741462273323,0.058919119052778419,0.052518316036965725,0.95887276954320988,0.27893518657418731,-0.076488380215650242,-0.27463763141841702,0.95850075592086448,-9.5586615528578811,8.4176494149468848,-2.6595503548125987,0.4044792407267039,0.2901398184001611,0.2980769230769231,1,4
-0.81549304154340008,0.55593722909804455,0.16094998135160596,-0.5616696375858482,-0.82727934432979189,0.011666390163706226,0.13963637566363632,-0.08088685769677284,0.98689361070151127,-7.6716645408584281,-3.3137745285468334,-0.84456135820536693,0.3200411093290317,0.1081495382563825,0.2898550724637681,1,4
-0.8841274569708264,-0.46723633505560613,-0.0029743964270005723,0.46721850770170265,-0.88398909029977568,-0.016436371009739326,0.0050503357605096565,-0.015921539962606347,0.99986048960538787,-11.485923848158249,19.199876949177849,-4.0338667803336099,,0.2188466994271149,0.4468085106382979,0,5
-0.69524387314078828,0.70749722554815908,0.12682126281444897,-0.709133580608175,-0.70395861856849307,0.039646288564852146,0.11732656013888594,-0.062369376979375488,0.99113295732771423,16.115219392137845,2.4762995611847201,-1.7545751160273131,,0.1918430745666933,0.2352941176470588,0,5
0.72670918041922372,0.66562906365312735,0.16979904803820714,-0.68653008242091351,0.69514124345795525,0.2132020111885955,0.023879133685172013,-0.27150801325925744,0.96213989924046783,3.6487290537842179,-21.678736955744409,1.6660251975088796,0.8441654923399136,0.3615151566708572,0.3888888888888889,1,5
0.99070927341054049,-0.13038431907837778,0.038666069322159276,0.1083602811665057,0.92860680572504983,0.35489075759539807,-0.082177764899479269,-0.34740369845410046,0.93410785525898377,-16.753627682464913,11.388338870086811,-3.0543150561795871,,0.1212492062445763,0.4444444444444444,0,2
-0.47726327948544006,0.8739957106820222,0.091385227275687722,-0.87079171125513388,-0.48434420701923875,0.084454039194468075,0.11807437344385238,-0.0392706867310917,0.99222792517622205,4.9616554476024772,5.0446451327252131,-2.0067076609503744,0.2765167246900496,0.2273380014395405,0.759493670886076,1,5
0.41375159278765811,-0.90960286975530491,0.037844930949712433,0.90190230014902273,0.41520303347869036,0.11907427083965262,-0.12402362860188068,-0.015134738947408707,0.99216383688653764,14.299986821808337,-12.363009739605747,0.089187174781880638,0.3045895587599488,0.2609720795416907,0.9295774647887324,1,5
-0.96770010042359933,0.24049153314082791,0.075632916959020635,-0.23688334476490006,-0.97005538136702552,0.053654804573956195,0.08627164431694552,0.034005581430847261,0.99569112872336141,-1.5453028982785499,-6.6894828161590274,-0.19305636597238759,,0.07227402450352105,0.3481481481481482,0,5
0.84880208407209068,-0.52778929979221512,0.031200594541097894,0.51742346741879475,0.8413623466708855,0.15614850933893729,-0.10866451784822082,-0.11639526033865753,0.98724068287905864,6.3972623997366744,-3.6676099011389649,-0.74855777079207941,0.2075476181230299,0.1560330640727222,0.5188679245283019,1,5
-0.94996165876336158,0.29979093507345106,0.087739626893138412,-0.29890463089994307,-0.95399648190351705,0.02338234680866005,0.090713110993561191,-0.0040134478316574008,0.99586897919875572,-7.3754885531812615,-6.4932328831223147,-0.23156816251901555,0.3071772480932397,0.3212788214743685,0.5325443786982249,1,5
0.64821474814622415,0.7556725989596037,0.093683314775709806,-0.76044310361466327,0.63608437325589451,0.13085471433828799,0.039292829506488575,-0.15606278634348966,0.98696528827921837,7.284225976711137,-12.836737519421455,0.38231218925890464,0.3745786201938953,0.2675630645917625,0.8505747126436781,1,5
-0.66589651599890065,-0.73712721784945789,-0.11500128123652809,0.74571546256385324,-0.66222275661071872,-0.073276664225928614,-0.022142241840070541,-0.13455290904480055,0.99065899066928065,-12.905361694660472,-4.0289186192653164,-0.61231150191222394,0.461715300508203,0.3789807894393941,0.4691358024691358,1,2
0.22574357997324085,-0.96630376443820254,-0.12368051961979837,0.96631038746749265,0.2059949933690941,0.15430585789039722,-0.12362876353539066,-0.15434732760700859,0.98025141228527979,-9.106024534470313,13.705899808460035,-3.3981640119367409,,0.2748069716169311,0.2894736842105263,0,3
-0.91262355999043787,0.37416257666359581,0.16468334455808575,-0.39742253046275233,-0.90642932512495233,-0.14297276256023775,0.095778755634854593,-0.19592918306873566,0.97592939559737446,2.8179928612155045,-3.4757565661990184,-0.78768047588251,0.4777192236196282,0.4092370083363778,0.1942446043165468,1,4
-0.19361856019935295,-0.9806036771369151,0.030467712941570121,0.97661870680300444,-0.18968853097186633,0.10116403876952977,-0.093422452701463377,0.049342573942749247,0.99440311530482806,7.2042745598516795,-16.44556218967308,0.85923717184542203,,0.281070048780464,0.5600000000000001,0,5
-0.35929906565807601,-0.93243444386699359,0.038343047709908394,0.93017317829363944,-0.35450395082661823,0.095419113553989451,-0.075379306181099601,0.069949672899660378,0.99469844850632383,7.7551058203534664,3.4565191424589354,-1.8059350242633545,0.2009416587894995,0.1292831780137587,0.4523809523809524,1,5
-0.99438513437401022,0.075931417368863816,0.073706338888432046,-0.082447079855425057,-0.99254107153786142,-0.089803676616202352,0.066337648129053753,-0.09537631344746815,0.99322841042424692,15.071452070013784,-13.395014613628231,0.23761842917108106,,0.2032906244073074,0.125,0,3
0.50222702034478384,-0.83279085762196181,-0.23286778973674332,0.85601280549822856,0.44064127840336531,0.27032820901655757,-0.12251570045774332,-0.3351039409322491,0.93418159471969042,-16.533176587538318,-13.218735740179694,1.1557455835680404,,0.26525837453165,0.4615384615384616,0,1
-0.27727695872775521,0.95296644683501541,0.12236191958828556,-0.953792874386856,-0.28835843001950995,0.08443085102935477,0.11574385913535236,-0.093297197403388626,0.98888775502031945,12.358944700406369,-22.372502647248389,1.364638106338498,,0.2153759079438441,0.75,0,3
-0.99373744931853147,-0.10742963008029198,0.030736889932307627,0.100695104171098,-0.98020862378790108,-0.17044515202199775,0.048439424210769771,-0.16628267628542012,0.98488765539501422,22.042837202760516,2.311512554286999,-1.8871527614504897,,0.4954269749245174,0.1764705882352941,0,4
-0.56321050851323973,-0.81516927709727582,-0.1352515167270269,0.82476470863206874,-0.56459005910811921,-0.031642385361230596,-0.050567761422827144,-0.12937200173528235,0.99030590560275344,13.413852395744545,6.2992713678730476,-2.3261677126526363,,0.4775928152074768,0.1739130434782609,0,3
0.95356946089424355,-0.30116545823214919,-0.0021563899646470596,0.29122525448091885,0.92022385541297236,0.2614878717673314,-0.076766753235916516,-0.24997484412777199,0.96520435292269136,14.050006694016556,-14.403484820831315,0.3965608519686758,,0.1856361495892179,0.3846153846153846,0,2
-0.92482976164639685,0.37317311933396369,0.073700305152885143,-0.36733550933974657,-0.926494694461102,0.08168356452518169,0.098765052276491391,0.04847065237842204,0.99392960530755547,5.9199732787491346,8.9548648537306565,-2.6493164615206415,,0.07886175461545937,0.3333333333333333,1,4
0.94495826828804796,0.31249872147186919,0.096945449983487239,-0.32608419431896329,0.9238224557917728,0.20055215877723995,-0.02688809047527288,-0.22112579961032502,0.9748745618474659,2.2088458488972393,13.12883164709824,-3.2646993218684894,,0.1173524443235421,0.2857142857142857,0,3
0.99785746130148967,0.028144427183969062,0.059062493542284968,-0.042837466003916636,0.96338906653502987,0.26466291388694446,-0.049451374412744942,-0.26662595091110525,0.96253060412094948,-11.505843214290381,7.8786748844012511,-2.586053576352346,,0.316726487225675,0.2173913043478261,0,3
0.24879701605137911,-0.94613834086612092,-0.20717694067398809,0.96139335475752052,0.21527618553091446,0.17140297947042743,-0.11757066909739929,-0.24182308385752349,0.96317118617700925,-4.2349031466521438,13.302619423924025,-3.3181726131046094,,0.4841688270518335,0.575,0,1
