axis_00,axis_01,axis_02,axis_10,axis_11,axis_12,axis_20,axis_21,axis_22,location_x,location_y,location_z,dbh,dbh_approximation,score,reconstructed,number_clusters
0.99320150689779696,-0.051448392186543519,-0.10442140411509208,0.054377170044595274,0.99819747180135243,0.025395485176149733,0.10292662470852201,-0.030900974593214284,0.99420885114512181,-1.8558074538270688,-8.9919997736838813,-1.6440098121336377,,0.139089704647629,0.2340425531914894,0,5
0.99533384483277976,0.053691238863054665,-0.080173488135080823,-0.051363949570528387,0.99820447389369527,0.030815142107857608,0.08168403769961273,-0.026553326871818748,0.99630449101523499,0.22051925027732433,-11.030109841002769,-1.5594390736789219,0.2083689798097752,0.1930144322542376,0.6882352941176471,1,5
0.70567440140639848,0.70823370122537266,-0.020704193979232611,-0.7085235595271463,0.70553540649037272,-0.014634062438230441,0.0042432057106022601,0.02499629246654856,0.99967853861540068,6.9036303482949144,-19.025135126005896,-1.4828910394640593,,0.1067887657924034,0.3157894736842105,0,3
0.26579574769785563,-0.95706639569001328,-0.11565697016032114,0.9597032541986521,0.27404486201860201,-0.062201908987778304,0.091226555269045981,-0.094463367725976036,0.99133969343087003,-9.4633280700206104,13.35771857751482,-0.79496270985150463,,0.09153237654138115,0.3333333333333333,0,3
0.97191884569565068,-0.21606364577955567,-0.093221555200941594,0.21960798351980834,0.97514266004652317,0.029480945231731243,0.084534554804524667,-0.049125284017900138,0.99520883010258854,-6.5873468008101614,-12.882060111657596,-2.1735256939766998,,0.1952860506305837,0.3461538461538461,0,5
0.83086104356087664,0.55353023264132362,0.05722069420212908,-0.55491594983003989,0.81643035311258383,0.15971777340260837,0.041691904695708555,-0.16445595175761951,0.98550292998769917,-9.2849641321254932,9.8946640241084847,-1.0961470665915571,,0.3595917343176853,0.3524590163934426,0,3
0.73175458067315013,0.67650303667205924,0.082938983821510617,-0.68140709838968905,0.72349894220965649,0.11060581759407194,0.014818904413178785,-0.13745152598276589,0.99039763634461597,-13.774630400065613,-25.457394954578305,-3.486290636719156,,0.2863634638956852,0.3076923076923077,0,1
-0.40163137632974133,0.91566148711724538,-0.01600870256183299,-0.90953270673329767,-0.40086304258781152,-0.10981382640471461,-0.10696958880859564,-0.029544239666608536,0.99382324634345454,-11.465377137976857,6.1374919920597755,-1.4925428940748122,0.6600783260028071,0.747451214801741,0.8325872873769025,1,5
0.80572928987066694,-0.56636163583335486,-0.17330553626667133,0.58123892831223667,0.81234209020755643,0.047556668214484239,0.11384910917066982,-0.13904972467928867,0.98371924572393121,-6.3070463428521641,-15.479154521953298,-2.3061473745761325,,0.07723401217444104,0.2941176470588235,0,5
-0.796526608441948,0.60440608885397085,-0.015448035480726463,-0.5939099285456072,-0.78696735182649036,-0.1671926551441586,-0.11320935835398056,-0.12399865690985253,0.98580321274868699,-13.848329470985528,18.201551343153344,-0.69782926961206615,,0.1086864890723516,0.1875,0,1
0.9935264237291751,-0.060824614648415321,-0.095945878519024239,0.059076102845663649,0.99803334706425317,-0.0209631157105254,0.097032259710284841,0.015159300795091785,0.99516578326172356,0.18397218864338782,-20.600300141355913,-2.1170476548264623,0.3776668198837994,0.3606093540468363,0.9193548387096774,1,5
0.98338314903763557,0.16117354492195538,-0.083550407575999144,-0.16234665180085209,0.98670605775056519,-0.0073973135253710843,0.081247442038983861,0.020838522395558116,0.99647609562221462,-9.9452033032403282,-5.4175620218141809,-2.0491193096672538,,0.07232882316498139,0.2040816326530612,0,3
0.58985660005591223,-0.76997222095854512,-0.24333509883008256,0.79713359311702014,0.60336052759944181,0.023110786643334203,0.1290241298937137,-0.20760263169596344,0.96966691251072468,8.2632812664034319,-20.212177291987086,-1.4570508189597511,,0.3025415080409006,0.7631578947368421,0,5
0.99268377111197048,0.098008690278141436,-0.070521111738834033,-0.096475364400781916,0.99502541366164987,0.024838080263980725,0.072604646095508832,-0.017852809230677898,0.99720100409492152,-9.9669810116726794,2.4505358279177378,-1.7605024528410225,,0.1739781880054062,0.2801204819277108,0,4
-0.94372166463354323,0.32590268729909133,-0.056363624018735077,-0.31337472855286819,-0.93558531263497968,-0.16271571001634769,-0.10576246595891609,-0.13589540534152947,0.98506179481357969,-14.410788556316078,6.0869764760871643,-1.6934810337670301,,0.145243836810068,0.2173913043478261,0,1
-0.62294562885256222,-0.75323058845987845,-0.21114550457414538,0.78226237196646919,-0.5991046971606413,-0.17070191342058691,0.00207963912229174,-0.27150919404035112,0.96243359908758341,-24.292317642385218,5.399417717597526,-2.3539017072531241,,0.5617157648594162,0.391304347826087,0,1
-0.31879767309674811,0.94687825649763835,0.042303794157155676,-0.94290927293094928,-0.31229022894518838,-0.11574504709139893,-0.096385406825552633,-0.07678789147615564,0.99237768670688997,-3.5186801234529441,13.618515721877477,-0.40688070677828286,0.4664542247639759,0.4696045588410405,0.4733333333333333,1,9
-0.049701395650756243,-0.97716829580700182,-0.20657176220386228,0.9977024786967249,-0.039041250386438811,-0.055367361962415589,0.046038410841174132,-0.20884899434257623,0.97686363546265553,-18.978700049509367,22.995762031887097,-0.71243004592564951,0.581306183930428,0.469778797926706,0.7884615384615384,1,5
-0.53670104618115011,-0.8340832526839923,-0.127503390622174,0.84077545499584261,-0.51592857095011724,-0.16405591715602419,0.071053650888559403,-0.19525070363371722,0.97817613006346937,9.797105361125455,-6.3990034486667318,-0.52219578978174697,0.5999348238306683,0.7192127121368799,0.1607142857142857,1,4
-0.3288829939443631,-0.85779370021672097,-0.39500119514084808,0.94353753223590309,-0.28090282340173733,-0.17558624395753619,0.039659822949365979,-0.43044578250162796,0.90174471263777667,-24.520269687058917,11.846214931630787,-1.9026474277252667,,0.2678278956287507,0.1923076923076923,0,1
0.58905318908401472,0.80803518010473729,-0.009771803470057315,-0.80807585380524949,0.58891507430005419,-0.013872626250265039,-0.0054548076840442977,0.016068073165972922,0.99985602068391011,-0.45410794386138109,-14.946220403597302,-1.8521098281805304,,0.09243425873703826,0.375,0,3
-0.98785412918354876,-0.11233883280827742,-0.10735085513533653,0.1352717837093968,-0.96169978348215468,-0.23840107168898478,-0.076457596006494238,-0.25002702472663263,0.96521537644157784,-0.38929035156508934,19.803518790858593,0.46013374543116126,,0.2696639511131238,0.3571428571428572,0,5
-0.8996630300303321,0.43060202784794888,-0.072030035470459997,-0.42273210043709303,-0.9004098132930709,-0.10276059257118281,-0.10910547033345838,-0.062000497891316911,0.99209472058092485,4.9307998760646736,-5.3327438313052093,-0.89511283091644955,,0.07035893721082027,0.2181818181818182,0,5
0.96345838853067634,-0.24851685940012599,-0.099936500658018484,0.2493529944670459,0.96840339733571745,-0.0042360570059879771,0.097831578338436337,-0.020838201038921523,0.99498479971166975,-7.5644997033891643,23.118111696473509,0.1437777048345209,,0.1176477250466541,0.5238095238095238,0,3
-0.70938894426848176,0.70440986191573063,0.02395980353655992,-0.69608907227940942,-0.6948659418691906,-0.18061374887708392,-0.11057725445515666,-0.14480355405204809,0.98326222419609677,-17.10854564866597,4.8821867937305434,-1.9181389098293309,,0.1275325601697269,0.2941176470588235,0,2
-0.00035766484595207011,-0.99508905968656314,-0.098983005450282352,0.99737949949913385,0.0068060923112517021,-0.072026461014750728,0.072346430836058934,-0.09874938176800592,0.99247899400728923,-5.7638673481413694,-7.6411211248758653,-1.8496637553087323,0.4622379646426329,0.4106270117898004,0.9491833030852994,1,5
0.057083210110542591,-0.93092755821250772,-0.36071510709141918,0.9953672306157062,0.081065582139006942,-0.05169572137889418,0.077366551815988199,-0.35609303946154608,0.93124226917979946,10.954744664847714,-10.795238038998029,-0.61182779269928644,,0.2314893837277421,0.25,0,1
-0.99600983273959354,-0.017744370363017802,-0.087461708229755561,0.029584057126852071,-0.99026774581975074,-0.13599476149096587,-0.08419736723889884,-0.13803959181875899,0.98684136234784359,-0.65468049277405715,-21.431031813281734,-2.2399925617115466,0.3466070896710498,0.2733357948261576,0.8461538461538461,1,5
0.53460747588589974,-0.79926535791848341,-0.27453548834047892,0.8381798643387437,0.54296080362748878,0.051459505839800586,0.10793220902025502,-0.25762075490074487,0.96019903400304341,24.859214914951277,-2.0181749983373938,1.2915209086611541,,0.3140921461731686,0.1538461538461539,0,1
0.44744031991963151,-0.82977067431021811,-0.33358325522271692,0.8882569933661385,0.45567473730354202,0.057965916877912034,0.1039070442576768,-0.32224394771370729,0.94093685458457799,2.8037109720419737,-6.7093717302189875,-1.1474510667928906,,0.3008843720909891,0.2857142857142857,0,1
0.68068553387701558,0.72149976493409984,0.12690663170457966,-0.73254589990925512,0.66880343315841673,0.12680091609154892,0.0066112401788873962,-0.17927648199235424,0.98377651654618348,4.5329572049150668,-20.941999594582132,-1.7958609735131532,,0.5587160415254367,0.1724137931034483,0,1
-0.8090629684113384,-0.57743704464245826,-0.10946950543424311,0.58708066938815007,-0.80273614552951,-0.10464687425426386,-0.027448147044852968,-0.14893334124704791,0.98846621545139057,-5.3709128715440189,9.3798832332155921,-0.86467268298656541,,0.07214511152674101,0.38,0,5
0.95436692448467497,0.29206166992416405,-0.062319775439024186,-0.28957336096677777,0.95605010197693996,0.04599425103517165,0.07301398542790255,-0.025849245075839741,0.99699587484650221,-2.7808021423486595,-13.294043665672591,-1.9069814946028283,0.1335376533377155,0.1452012948666832,0.3043478260869565,1,5
0.14769044692896763,-0.97146772778955426,-0.1855747443735897,0.98579623707785791,0.15976161086758373,-0.051788093768081675,0.079958181876895421,-0.17529027798596278,0.98126449420864392,3.373942638110472,-17.259472188757439,-1.6811170534025799,0.6395386606372797,0.4062855463286718,0.6153846153846154,1,5
-0.56212621079724279,0.82573459504784941,-0.046652992143019455,-0.82087725314873838,-0.5639211705108077,-0.090296449059207404,-0.10086951173528649,-0.012461620716567043,0.9948216169803511,10.317652339852522,6.3596359886289555,0.36990039570423228,,0.09464785269764561,0.5,0,4
-0.46092452938578493,-0.87628180485137741,-0.14028106321562553,0.88714528721238062,-0.45090970721186829,-0.098253118622115457,0.022843326976536509,-0.16973695657846835,0.98522461803597017,-8.9685094108197863,-13.069112779441086,-2.3655328493038379,,0.5282980513696436,0.3939393939393939,0,4
0.98902428656026631,0.11011009861454028,-0.098522722135825608,-0.10997451518000703,0.99391099176732356,0.0068224962453959153,0.098674042204012713,0.0040873741194391994,0.99511141424864025,29.413836545243853,-0.73165957020384953,1.8270047599165604,0.239897117792457,0.218915791437877,0.5217391304347826,1,5
-0.8622924990358809,-0.49532480589477607,-0.10538018206359742,0.50622178882557278,-0.83742066823780159,-0.2060731057813969,0.013825578638585131,-0.23104103763932499,0.97284577004880468,16.644116851493912,0.94115322262966405,0.6505152808727982,,0.1741983197629966,0.125,0,4
0.98928757614285789,0.13578090815027991,-0.053606311860393739,-0.12685009408868136,0.98132040779007379,0.14463509561795754,0.072243652448372289,-0.13628573746584152,0.98803190861647272,-3.6930009940540436,-1.4270120873942007,-1.5186295741236626,,0.3012618381465711,0.2205882352941176,0,5
-0.90947569594898736,-0.36816822993758469,-0.19314790431876222,0.40321002517813542,-0.89433901865331922,-0.19385405672841832,-0.10136880227146514,-0.25418472451908508,0.96182872266698527,-6.8125305107877949,-19.854610539486973,-2.6216934912806482,,0.3015763537182495,0.5384615384615384,0,5
-0.81799586293149473,-0.5415587082943355,-0.19389928751166444,0.57251617270764166,-0.79916615481506836,-0.18319030811233886,-0.055749441388718651,-0.26085939214195569,0.96376572740276256,-8.2657771616919415,-19.31290344947136,-2.6858954573519944,,0.2699457531410102,0.5714285714285714,0,4
-0.19124469666019511,-0.96086414109864504,-0.20041349343323631,0.98018470135111169,-0.17622111273013352,-0.090465853587896453,0.051608305887551664,-0.21374335493511248,0.97552568443096366,2.5491651649442812,-15.446216626902697,-1.6382817685461477,,0.08694132791573907,0.2051282051282051,0,5
0.38625583292201965,0.90614088479179555,0.17238076587154372,-0.91838803766225352,0.39519722906431159,-0.019559202917457812,-0.085847794453865395,-0.15075757708530985,0.98483618391018446,-11.609861511806642,-3.0614796904091524,-2.1158668021924032,,0.2356471419557671,0.3265306122448979,0,2
-0.54863226022760125,0.83017931480328355,0.0990199389532469,-0.82452759093379568,-0.51764717324327514,-0.22846368600317793,-0.13840843480968085,-0.20698722015138457,0.96850368913470686,13.51415959860476,-7.5613129067780926,-0.21695012272541234,0.8764552267104668,0.4292239809304415,0.2777777777777778,1,5
-0.43942590042882018,0.89827419016722365,-0.0028909015443054752,-0.8926938295305068,-0.43704984320867252,-0.10993253053320136,-0.10001302290441547,-0.045726511245589054,0.99393484767303919,23.182125572639983,-5.4422347024101869,0.85134262997593146,0.5631079174836281,0.5141214955686516,0.9285714285714286,1,5
0.90262121349970414,0.42981030389880759,0.023195853136636236,-0.43043553523906536,0.90125388059445277,0.049665810341720053,0.00044152438326283699,-0.054813733460284231,0.99849649958343067,-24.364204261849466,8.8763528836963914,-2.0862067336573538,,0.4756893093215242,0.7547169811320755,0,2
0.28265042938146762,-0.87950102192399215,-0.38286640908432468,0.95625537300856978,0.2897298811403316,0.040401207490005829,0.07539493592220356,-0.37753747947596239,0.92291985309030156,-19.581642190572072,5.1851871772561937,-2.0216544738473261,,0.4522069563127324,0.2,0,2
-0.80231034841978377,0.59612166582656079,-0.030611506834718676,-0.583861425752915,-0.79440600225222024,-0.16740650854557473,-0.12411261151188177,-0.11643909617397559,0.98541260218544446,-9.3963747219869926,7.7799827442367002,-1.2705739129329727,,0.1309182269155385,0.1162790697674419,0,4
-0.43236870168131902,0.90168741305643285,-0.0041370209096735977,-0.89704245248762338,-0.43059790909670509,-0.099500146314137783,-0.091499422082326337,-0.039309665696138849,0.99502894728819669,-10.519844856035775,3.6518505325090866,-1.6934769427452441,0.6702552127118024,0.7659982168470253,0.737410071942446,1,5
0.15140053704696058,-0.95943974192833825,-0.23780929121961775,0.98495881687754483,0.16669843841051143,-0.045472625684975773,0.083270681737817875,-0.2273477781725213,0.97024686617527323,-7.0783336264671473,-11.96008108923014,-2.1753315941916065,,0.194133588071576,0.4,0,5
0.49050301743876618,-0.85997166722335439,-0.14090962158969733,0.86523999597891132,0.49985787380470881,-0.038753778575145809,0.10376193541892498,-0.10291179508939671,0.98926367728204723,3.7670962265762755,-16.093059451076567,-1.5601451554569004,0.3754698116664615,0.4004420842105255,0.8833333333333333,1,5
0.0098548152763772521,0.99943902059512513,-0.032008229062654193,-0.99840572876169154,0.00805542229790388,-0.055866903864811926,-0.055577723880221891,0.032507757281321249,0.99792502840886521,0.44040592184777821,-15.213833616273025,-1.7844510467572756,0.5255127219752014,0.218629379396386,0.3055555555555556,1,5
-0.92748703834511126,0.36778392988602016,-0.067102716930157111,-0.35804328592721624,-0.92548201354748871,-0.12364484624329412,-0.10757694504054036,-0.090653314984512248,0.99005513855444593,-2.7463682279830914,-2.6618115453253384,-1.4857946661263866,,0.08053169382148417,0.3472222222222222,0,4
0.77290913656700699,0.63364039761902324,0.033336363275700366,-0.63432709146830035,0.77032665605340844,0.065007568812715744,0.015511532503583319,-0.071391102238162057,0.99732778106328202,-12.54643649392278,8.4769937938011104,-1.3687694909255157,,0.3762382494502615,0.2941176470588235,0,3
0.89488194667035481,-0.43220082338653137,-0.11130476084822553,0.43446318560077479,0.90067922266215439,-0.0043218308995329122,0.10211778435269224,-0.044490292522098365,0.99377692264924067,9.0284257222593034,-8.0511454640747733,-0.66680339042161096,,0.1040689335246826,0.2608695652173913,0,5
-0.80841120504233577,0.58754357623173592,-0.035550943599596305,-0.57765545450576616,-0.80350891296826676,-0.14383185551292976,-0.1130729828108208,-0.095739087155548991,0.98896336016501973,-23.697326257203212,13.411668861385781,-1.708185053948976,,0.5254277708202894,0.5918367346938775,0,1
-0.41318036510489725,0.90793319317468091,-0.070280172334815802,-0.90438507862960515,-0.41815092900142498,-0.085073086974487455,-0.10662839886215722,0.028409810046405158,0.99389298581347285,1.4924180034188093,-2.9779065088007077,-1.1071458470971225,0.5879188224857934,0.2560275772498624,0.854875283446712,1,4
0.88875588165386565,-0.44647955848188303,-0.10377372829133194,0.44465789311855952,0.89474468932985107,-0.041367849876358227,0.11132089162876936,-0.0093778874940939703,0.99374026501552437,-6.0715697722207436,13.817049763349736,-0.56099829818322777,,0.08407999780107442,0.35,0,5
-0.98042556114970447,0.1715986398648926,-0.096538209227250801,-0.15910996149949633,-0.97933015929194978,-0.12488578483090834,-0.11597301063572668,-0.10708102491908644,0.98746337395690886,4.9184192384634322,1.9943435343670348,-0.50805317984226139,,0.1254133944262771,0.2258064516129032,0,5
-0.37633866274713162,-0.91741544042611833,-0.12929857149037996,0.92594139684264687,-0.367670656784849,-0.086318119491141307,0.03165028490850897,-0.15220774555570443,0.98784161769894108,25.987157790677866,-2.7427042251559866,1.3665146911390946,0.2944768691696802,0.2572211190194165,0.3333333333333333,1,5
0.98173986252573797,-0.14955555007216342,-0.11755841003755294,0.15954209764549923,0.98389014173637701,0.080662928739579851,0.10360097203607145,-0.097945527904979499,0.98978457866173886,7.0723093069238878,-15.936451701018742,-1.2827262376175375,0.1708934931409913,0.1850803003816889,0.1304347826086956,1,4
-0.96225579885511958,-0.23156534587419264,-0.14297296303798884,0.26302600892515526,-0.92619606637703467,-0.27014471169470056,-0.069864842364387059,-0.29755392321035584,0.95214524447876425,-7.5924189322639846,-5.7124314852412015,-1.9449409401732085,,0.2946360640242955,0.2093023255813954,0,4
0.32183408381562045,-0.91100662345059602,-0.2578560732728703,0.94160574734655023,0.33644895289064902,-0.013443164163642081,0.09900221744236333,-0.23847229215975915,0.9660898130161425,-1.0649930334690016,5.6928893428949152,-0.79603947740910674,0.3295820217084612,0.2035149501233228,0.3928571428571428,1,4
0.97591384538285164,-0.19163093594293398,-0.10425809695026289,0.19393248651409917,0.98093764256623506,0.01230983635373495,0.099911746379062319,-0.032232371712799586,0.99447409073804094,-6.2592456782125909,9.4247324917648445,-0.94402002157993969,,0.1950225216522508,0.1363636363636364,0,1
-0.13359703094916595,-0.98263387198971563,-0.12877308313489871,0.98962928696025865,-0.12535629398471973,-0.070140387430832896,0.052779804017240986,-0.13680816195284737,0.98919048676732924,-9.893997665838592,-9.2066135177383419,-2.2267805328852952,0.1905802320010043,0.1412327400484003,0.5,1,2
-0.68867003573510632,-0.70932981784848459,-0.1502823721919565,0.72506678276087677,-0.67468752133850374,-0.13811194404140656,-0.003426721085470593,-0.20407831354933514,0.97894856837397759,1.500696802990668,-17.012614370506295,-1.8023507827168848,,0.07846395759411362,0.2916666666666667,0,7
0.088812365298428869,0.99495246205171839,0.04671147639843215,-0.99475252624535793,0.090990639796544329,-0.046777291476670514,-0.050791488446158752,-0.042311957253693619,0.99781256906033422,-5.1630618761810041,10.806817832307452,-0.74723441359016141,,0.1009821724828034,0.36,0,3
0.35419047893250022,-0.92245895029530223,-0.15368340721644144,0.92998045966969056,0.36472927857165444,-0.045922739303647583,0.098414680135214108,-0.12665716865889923,0.98705243648004515,-7.2651125570735067,-8.1181199326364339,-1.9468862852342173,,0.08209509555751693,0.3409090909090909,0,5
0.5193633068241944,-0.84752321419305321,-0.10938993065411984,0.84763911399076486,0.52717386091776808,-0.059963762373657879,0.10848819271049029,-0.061580205983166193,0.99218858604273485,-5.9317945150744773,-11.071038858465105,-2.0550762118543888,,0.07158632985498502,0.2857142857142857,0,5
-0.75751982533722784,0.65199626548970413,-0.032627963597726441,-0.64452708725491725,-0.75490871483103805,-0.12123393116962998,-0.10367520444034821,-0.070807500023861533,0.99208757170152195,1.6258050397854928,1.5874966077318244,-0.83659153838196509,0.4153634723542625,0.353342813918974,0.644880174291939,1,5
0.95574516407049059,0.28426966807949722,-0.075775571036083053,-0.28081244221073465,0.95828977551899019,0.053151466916795218,0.087724304816367046,-0.029520534306424168,0.99570727847030882,-19.592569180217232,14.592496796200802,-1.3675869369086475,0.2865902095988038,0.2787574785356933,0.9230769230769231,1,4
0.67774608587482443,-0.67949318264844205,-0.28097910565671341,0.72665233951043273,0.67736875553770071,0.1146644953999382,0.11241272421470244,-0.28188753742511968,0.9528393336124571,-26.594188999056815,13.760109546634704,-1.8799004180765442,,0.415158453960646,0.45,0,1
-0.2098684850545661,0.97758622932062822,-0.016744647609854429,-0.97300566346353123,-0.21050533802235727,-0.094591128188576526,-0.095995822038232342,-0.0035590598154493628,0.99537537403958054,-9.201339485918016,17.464824796799064,-0.44782438849966077,,0.1268413846334865,0.1935483870967742,0,5
-0.2271989459275702,0.97384327341750732,0.003149252113722651,-0.9696383104612184,-0.22591518473300665,-0.093615576657766403,-0.090455435742224338,-0.024322995837812597,0.9956034381309451,-8.7166096455739819,10.518448582283753,-0.99920024180103417,,0.4240975317847975,0.48,0,1
0.58818361370441474,-0.783021376246263,-0.2022808960604659,0.80227299276647068,0.59648016138066595,0.023863406228501902,0.1019709843394072,-0.17632056437268998,0.97903675974508209,2.2539439965350936,-9.4200386211253928,-1.3436714465851256,,0.1362414087120852,0.1428571428571428,0,6
0.50506682732051655,-0.84670166788346068,-0.16734331640000427,0.85598669445959452,0.51621749130728889,-0.028395080146825343,0.11042770869905376,-0.12890223920387694,0.9854896924269182,-2.465364907622912,-17.97019985764231,-2.1469962002699603,,0.09712142248563704,0.3529411764705883,0,6
0.74785451090997723,0.66288131531824823,-0.036083130595164783,-0.66377004304636567,0.74755271161290593,-0.023964000384268526,0.01108875402488713,0.041872486935223795,0.99906142672612219,-6.8246938689803915,-17.120863714210458,-2.4230751747572019,,0.2170227804493198,0.7068965517241379,0,6
-0.83507043714438722,-0.52842962712624275,-0.15303429087202314,0.54581736663564429,-0.83061909801198164,-0.11025115099940531,-0.068853230036168223,-0.17559625050946606,0.98205152080764291,22.383049284759259,1.049027560516046,1.273595353673423,,0.158349576324264,0.2777777777777778,0,5
-0.99548013463480289,-0.0079749904215483461,-0.094634565964302891,0.036182677267138218,-0.95316188657549428,-0.30028858094444455,-0.08780726287305568,-0.30235544894647148,0.9491422796815665,7.2838437429783722,3.7556080654210811,-0.15026464737009623,,0.4909657348458823,0.3939393939393939,0,3
-0.22678972561550462,-0.96574232017248496,-0.12612767889368917,0.97292621631620957,-0.21872688918814123,-0.074653369319159446,0.044508403250041059,-0.13964354254294797,0.98920103268556459,7.9483655395381509,-3.6532550381281297,-0.59013311343453001,0.4926780508349458,0.1430053952144984,0.2456140350877193,1,5
-0.49713285258685042,0.86638672240411707,-0.047254355573986953,-0.86115361617796649,-0.49932881981045962,-0.095316205601701579,-0.1061761565629179,-0.0066915580058303243,0.99432481957808017,2.1565976787529908,-11.88339810450576,-1.4570520152294641,0.3006266048400996,0.2480190123117531,0.7268041237113402,1,5
-0.34392605102725315,-0.89214697940595433,-0.29289697601994852,0.93847542345751656,-0.3161924231737871,-0.13887487567491738,0.031284996260732958,-0.32263930117752226,0.94600482575124611,3.6535649188773021,-21.712734039566492,-1.9292430987179534,,0.2538685270852499,0.3529411764705883,0,5
0.78208725647233834,-0.59823205252277434,-0.17452201751629898,0.61856144178375894,0.7792325940953817,0.10088759605511477,0.075639050773845418,-0.1868554939887265,0.97947116259962497,9.4433135157134611,-9.2851619152839433,-0.68649980821386958,,0.6155169724101303,0.5,0,2
0.24638949468891519,0.96742491725682134,-0.058148485599995123,-0.96804248663565218,0.24276486421371574,-0.062920304922648426,-0.046754261572651112,0.071793106729880526,0.99632313475642398,5.7900770925303782,-15.977983228575495,-1.3705604129355324,0.3666237288998658,0.3725189004997602,0.7954545454545454,1,5
-0.98902050424095334,-0.084175380835185221,-0.12146171187753256,0.11779240818085505,-0.94536672642049846,-0.30398470545727169,-0.089237832593155347,-0.31495437421671241,0.9449022972751383,-6.9826253107987775,11.601040535693132,-0.7901288610156384,,0.2074330362004147,0.2972972972972973,0,4
-0.7694700037011869,-0.60217539128858588,-0.21283963806240513,0.63813601021469035,-0.73865379110392859,-0.2171934836846455,-0.026426234528851077,-0.30294450814337953,0.95264173702100285,6.7132145557162142,8.8563863364253024,0.14699913280732477,,0.469364286992687,0.4545454545454545,0,4
-0.15896109127920219,0.98541997450933483,-0.06065348545095018,-0.9834436616289669,-0.16345751960563482,-0.078231730686376108,-0.087005378346038595,0.047213484539874659,0.99508841366808587,-0.15168348882760538,-17.163404599200959,-1.9154798679879279,0.1817847943651583,0.1473025909321941,0.4545454545454545,1,5
0.36189414390969926,-0.90688068287446089,-0.21587046030668167,0.92812005986348056,0.37220148015006776,-0.0076949758355341694,0.087325729787255016,-0.19756893785018786,0.97639168969930967,-16.738839590942391,16.738947267828792,-1.0065994101826117,0.2792724743006827,0.2333775535863447,0.5,1,3
-0.97256438870839845,-0.13287519117176219,-0.19095207091657138,0.18238577365213868,-0.9450526192599612,-0.27131342834293753,-0.14440893111428563,-0.29869671976932577,0.94335906748887211,-21.982212364977734,6.0722362189345116,-2.1266378107399064,,0.2758195251408493,0.4285714285714285,0,2
-0.46277235693365804,0.86004501579824288,0.21485882913826498,-0.88027544793643764,-0.41721340081254837,-0.22593829675982599,-0.10467512320685488,-0.29369295017590591,0.95015134036562898,7.8625431758921485,1.1277938574439534,-0.28610282533467418,,0.5813076704073938,0.3837209302325582,0,1
0.98539784931719532,0.15530859013217765,-0.069787680805439289,-0.15289924274644287,0.98748511134613648,0.038664925155413588,0.074919290764201285,-0.027429850543972744,0.99681227077646117,1.1017377108790927,-5.1622462560756803,-1.2209304035463242,0.2279937747432133,0.1336246957582445,0.2830188679245283,1,5
0.1790815446015917,0.98141043962001784,0.069017022450632459,-0.98045803281967536,0.1838340221463691,-0.070050682943571863,-0.081436148376999418,-0.055123509561087289,0.99515302965483032,-3.0175731495374816,-8.5542344083131017,-1.6949153746933696,0.6417136554603584,0.3073804410591686,0.2467532467532468,1,5
-0.99517743322046037,0.061233643967895643,-0.076631046287711876,-0.042980330321706992,-0.9744438431886796,-0.22048103700117486,-0.088173508573569939,-0.21612412479427068,0.97237636492653257,-4.6761991562576384,-10.366954682123382,-1.8796768936029924,,0.1045247491434802,0.1794871794871795,0,5
-0.39785117826204736,-0.90939797938628608,-0.12128377897988225,0.91681805522733417,-0.38918216357384405,-0.089341463862815898,0.034045463202455196,-0.1467397650404349,0.98858906922502854,-7.31638217944049,-10.754635263530094,-2.1254298832353768,,0.07075754601157849,0.2380952380952381,0,5
0.85256920372935396,0.51983367116774593,-0.053839643131801264,-0.52064251569137876,0.85377396757988333,-0.00117606864496936,0.045355525648463263,0.029033887152239698,0.99854890200229207,8.2789916848518619,-16.316163757122361,-1.1684235280216877,0.3888956391013287,0.2518741449983097,0.7,1,6
-0.11924253609862788,0.99277126589167297,-0.0136539812733911,-0.98940331177623853,-0.11996293090989633,-0.081792309257782136,-0.082839026014196349,0.0037561719015626648,0.9965558624290296,-3.8310262361730016,-9.6348912205255139,-1.7715742156531653,0.454289402393506,0.420537055967957,0.914004914004914,1,5
0.25358126265004788,-0.96221845935605321,-0.099157348226297362,0.96303794129878051,0.26075832112208214,-0.067550141262623598,0.090854096505412402,-0.078362838386934475,0.99277630849458165,12.892134519421701,0.28298535384063583,0.20273206929754881,,0.07677274284291091,0.21875,0,5
0.63613966465451355,-0.73030622891294383,-0.24895609866841695,0.76131314165116237,0.64655452204497321,0.048678027614460183,0.12541382460670292,-0.22049957377317506,0.96729070633567438,-9.4330408085162123,-11.628183590852078,-2.3157453366107799,,0.3138813604364593,0.3703703703703703,0,4
-0.99380105580010558,-0.072021038614907815,-0.084690208923027588,0.081161368813128465,-0.99061611517019288,-0.10996610649420857,-0.0759756125541311,-0.11615800601743402,0.99032066722606527,6.3756533517331127,-9.3005176685176814,-0.95204789549010116,0.3022949627604926,0.1788169065805002,0.5319148936170213,1,4
0.45915639032049677,0.88798730189583386,-0.02557265922050915,-0.88803723222590558,0.45803126645897052,-0.039965399116535613,-0.023775689441189143,0.041059841910903734,0.99887376878855272,-11.046835223295158,-4.1161069612031831,-2.0956073089461147,,0.06656534956478875,0.2156862745098039,0,2
0.67424183237022606,0.73653685916891487,-0.053957451456028913,-0.73850837437452233,0.67261837494335019,-0.046796395879035925,0.0018255028732685789,0.071400117465987803,0.99744608413944003,-0.036435203652087904,4.7197815687924427,-0.76927386284458843,0.8204798738189374,0.8027582085755075,0.994263862332696,1,3
-0.14130180801180273,0.98359866484185443,0.11210470808095901,-0.98638619027959173,-0.13026283123685142,-0.10036871237528774,-0.084119454814622699,-0.12476081644282763,0.98861451334795303,-23.488580310301899,9.0965750279172575,-2.0073417528086703,,0.2582631815523019,0.4444444444444444,0,1
0.3298862173405861,-0.93487424675316033,-0.13109243443627805,0.93937228003025453,0.33884514519887743,-0.052570781674920422,0.093567104900601078,-0.10580222272174591,0.98997529592796263,-1.4567842329507026,-12.866636431587484,-1.7904048958152854,,0.1225570705734184,0.3650793650793651,1,5
0.37973342674493082,0.92509235346542307,0.0025811184311237629,-0.92482508662893803,0.37968827668594041,-0.023138100376578357,-0.022384900141123789,0.0063992270677026624,0.99972894633425813,9.6773591473133109,12.0017701672374,0.72776492593403386,,0.2422821248952523,0.44,0,5
-0.95650213150161234,0.28177199280754484,-0.07555273987180755,-0.27182990407982494,-0.95486444668069992,-0.11975972492083523,-0.1058875615019315,-0.094012938122504247,0.98992393232245302,21.495258204238027,1.6478609513346305,1.2164029171049293,,0.1106412265580972,0.375,0,2
-0.94583839666159308,-0.29799954468998491,-0.12878664047636693,0.32071743729232599,-0.91920864542644409,-0.22846398313503474,-0.050299630389002946,-0.25739412879443097,0.96499648167487428,8.6411163551992995,5.1638032925217843,0.11454653694864783,,0.3467334690724789,0.108695652173913,0,3
-0.75367691120993929,0.64536610778412529,0.12439332953423354,-0.6484422918626167,-0.69927056289366418,-0.3009040943462456,-0.10720871062092328,-0.30744636409290288,0.94550675596372757,10.356917171412084,-8.1250032475517759,-0.52842174555126364,,0.423065820125066,0.2666666666666667,0,4
0.57705423543553269,0.80793455695781913,0.11937403838057246,-0.81657944909592983,0.56819717849665807,0.10173480064670945,0.014367069294098256,-0.15618488410153739,0.98762334384019523,13.236622735400312,1.8517522039413803,0.35667471249148625,,0.4843796444546293,0.2105263157894737,0,2
0.65842404048880776,0.74202335134544295,0.12601241591395063,-0.75257051321338797,0.64667436753366847,0.12429756641490698,0.010742697432728363,-0.17667373441744957,0.98421084429041994,17.347803258509259,-4.4120846724507796,0.35005379422217975,,0.1521086681840727,0.2,0,3
-0.41359192820862817,0.90434041985112912,0.10540456320365106,-0.90906580101920664,-0.40377098331440991,-0.10280254107084572,-0.050409189023207512,-0.13833798486604443,0.9891013677097128,-7.4159201970524027,1.4828519516294851,-1.6657699523827449,,0.457697249176827,0.3165137614678899,0,2
-0.74964434797348034,0.66128294597470105,-0.027170147486476434,-0.64685232557862637,-0.74073696246337384,-0.18135826789550533,-0.14005506218962319,-0.11837912739818428,0.98304168871493225,3.025461604270558,-23.63305607111845,-2.1103434338043199,,0.1244232455207642,0.4285714285714285,0,2
0.94859051970138031,-0.18989102768636695,-0.25321418510202365,0.21870014104188631,0.97156832751797284,0.090693071798179439,0.22879308171560953,-0.14140856610596841,0.96314969926327121,-20.146583438224031,19.701073398513689,-1.0242863866440903,,0.2440824513948772,0.4642857142857143,0,2
-0.8371414456432329,0.54651093988448196,0.022803345652312637,-0.53825313703185618,-0.81563935192744152,-0.21216976236671981,-0.09735379017647354,-0.1898900739216359,0.97696673401109801,-10.612377542338963,-23.90923685277016,-3.1414873583061409,,0.2365212255496877,0.5789473684210527,0,3
0.63916460071340231,-0.7228188107576593,-0.26268151821123376,0.76499548490213221,0.63265525755083363,0.12053726881192711,0.079060238263158653,-0.27799333069009052,0.95732397171365202,3.6155661318320806,-3.545819048222937,-0.93677201723130388,,0.4465992322716738,0.3803921568627451,0,4
-0.98597606192147347,-0.11591358974550089,-0.12006350415564818,0.13223755356982606,-0.98151364469077529,-0.13836254808183307,-0.10180586792365658,-0.15229906433770996,0.98307708764784474,-3.2777961667812354,-14.961731762570071,-2.0269356955749291,,0.3468320719492912,0.803030303030303,0,3
0.042667599523871169,0.99842753308022103,0.036358453462927889,-0.99675329567339055,0.045026771696196795,-0.066749212690896925,-0.068281355545321207,-0.033392379639132178,0.99710711835134869,6.9735233303628608,-7.4683769661896493,-0.80584971013634132,,0.08275637467264926,0.3529411764705883,0,2
-0.99522912972833166,0.029895432376628617,-0.092872183473863695,-0.0037468349434434038,-0.96290713002353978,-0.26980700542746761,-0.09749328473333517,-0.26817181446387189,0.95842523827321058,25.086971466824291,-0.55174661537847614,1.4287961214446252,,0.1628846476372702,0.3529411764705883,0,2
0.90576021407289664,-0.40978704913666508,-0.10804170010920115,0.41596169287789414,0.90842802383884369,0.041646074994064634,0.081082085942448562,-0.082662566280748903,0.9932736760204125,12.752772250501462,8.5140605260783566,0.78935175849190387,,0.1599624580282842,0.3333333333333333,0,3
-0.72305711920384586,-0.65013642310084141,-0.23347598104789888,0.69026114581117437,-0.66678615252920426,-0.28095511630640496,0.026980603256417067,-0.36430599521960128,0.93088838691594777,19.262208569856021,1.405347001616682,0.95734517387877571,,0.2631045041070978,0.12,0,3
0.73525020235992311,0.67597108686271179,0.049701404963408899,-0.67774548565685544,0.73410980575982732,0.041759427187434334,-0.0082581233610244213,-0.064388530134749225,0.99789073579507759,15.016840109249113,0.82134706235948152,0.46654989814401038,,0.436100723532051,0.2142857142857143,0,4
-0.86662657915667252,0.4980657924167709,0.029813398388296466,-0.49210503490437901,-0.84332941259306182,-0.21593549147188179,-0.082407565920642606,-0.2018067597472824,0.97595236809966235,5.0859254339057003,9.7563926610023248,0.056698561565868055,,0.2465447208729711,0.5714285714285714,0,3
0.97479619213199808,-0.18932867874469264,-0.11801286035744846,0.19918386593728016,0.97684338427113315,0.078120356860424053,0.10048965795163858,-0.099657684151847031,0.98993442946199939,-4.9013725634103595,-17.066415401116743,-2.2898305492186029,,0.4348183604218984,0.3846153846153846,0,4
0.17137721902588382,-0.93374008466555447,-0.31425992917920337,0.98140546062484224,0.18978731584683345,-0.028707082739219517,0.086447502304556861,-0.30349667054585283,0.94890284029129446,-8.6412819040578004,14.214956652643503,-0.68892053043711787,,0.534599537990692,0.2258064516129032,0,2
-0.57652041507161356,0.81533836588809849,-0.053362534765321885,-0.80975299471377615,-0.57885701944358181,-0.096044982133189516,-0.10919843660843509,-0.012161420633234707,0.99394557259965455,-3.1027713322528427,18.323667076243048,0.097090041919426523,,0.07560261661134436,0.1538461538461539,0,3
-0.30758120262407368,0.95129999925970332,-0.020545442336819719,-0.94636280457733002,-0.30808763272809425,-0.097362480825665676,-0.098950724630281067,-0.010503426511667044,0.99503689988193633,-6.0513150586277327,-25.382438107556698,-2.9335795644051768,,0.213223662592837,0.2,0,4
0.80935503155915522,-0.50838051722513045,-0.29409808329159215,0.5667888531388654,0.80732427166835097,0.16424955504566013,0.15393124714433237,-0.29962771914673736,0.94155637169078465,9.082762454383392,7.2420300930956341,0.29613903217730525,,0.4516165583448947,0.25,0,4
-0.38192953000373997,-0.90778476058650059,-0.17336857430927621,0.92357168163055836,-0.36802890911095043,-0.10756426427352893,0.033840552614044908,-0.20120027461589776,0.97896540617800287,13.204625025455037,3.1449991653189064,0.44631096420419852,0.2053824208463442,0.1693567886373398,0.2941176470588235,1,3
0.061745406547689466,0.99789394392048436,0.019879171438545624,-0.99584382253825343,0.06293015637808165,-0.065839779241972249,-0.066952116341920054,-0.015731246137948823,0.99763216769122209,2.1448019989779143,31.392889855785324,1.7322130273999061,,0.1811219057276511,0.1538461538461539,0,1
-0.1810705450770444,-0.95202260923539916,-0.24671118582286478,0.98339583648209505,-0.17218439863380017,-0.05731632975686473,0.012086624639785238,-0.25299305202265671,0.96739259307329717,-3.197014717718436,24.166784711730628,0.62518330998889859,,0.4627185916453148,0.5588235294117647,0,2
0.73504598608150751,0.6776065447338645,0.02359595048514895,-0.67790537202880741,0.73384730810590737,0.043731395589418354,0.012316855116008666,-0.048140408385752627,0.99876463501693136,1.9507400289007892,26.282797210647654,1.2467086182671199,,0.5235988654090522,0.35,0,2
0.77223137959416221,-0.60141778328867657,-0.20483004250898315,0.62551048060303227,0.77618234759903459,0.079231319132118533,0.11133433893395613,-0.1893082492121948,0.97558549177114817,2.5531783273305551,10.584206288184237,-0.16222019188919079,,0.4800685492792238,0.5540540540540541,0,3
0.99055514007298651,0.10644835030994941,-0.086424899139511069,-0.10233318465502264,0.99345537304247966,0.050737964990598981,0.09126025308613496,-0.041414616855845791,0.99496552488884571,17.564229334348088,16.526633199734668,1.8754603581037346,,0.7529005892011651,0.8714285714285714,0,3
-0.9928457032542356,0.091368270572570048,-0.076871637566664097,-0.081209598812765363,-0.98866976563755449,-0.12624220995710406,-0.087535196294248677,-0.1190963208783607,0.98901650934803242,9.036330561385677,15.739441229062729,0.96286792368469831,,0.1046748253729042,0.4166666666666667,0,3
0.87042403076725661,-0.46626360593633887,-0.15798815285370027,0.4800166036998168,0.87505926959580338,0.062091342930814621,0.10929806418859769,-0.12988273354723237,0.98548688915222171,-0.20349541201529051,8.6652386786195414,-0.55234449927168228,,0.1082904406984482,0.2166666666666667,0,2
-0.96890393910935357,-0.21315501891475977,-0.12565864351419334,0.23793697855476342,-0.94198624360024019,-0.2367444003649076,-0.067905456442091297,-0.259281420042698,0.9634116431754568,-18.02857583578955,5.6675433421672246,-1.9053785071514151,,0.2280756684193675,0.125,0,1
-0.43137291346108608,-0.88107888992892636,-0.19395205400744131,0.90215360113914334,-0.41984156137172879,-0.099256955910528508,0.0060240753456347988,-0.21779130622355011,0.97597677095803359,0.54924512301769091,9.8243159222032528,-0.38486533338914036,0.8193477581643999,0.5748610895709501,0.8543689320388349,1,3
-0.81996875732593899,-0.5607484375165297,-0.11494532105364147,0.57159204346410819,-0.81284086086519447,-0.11212613770416809,-0.030557697195292596,-0.15764176074473282,0.98702345585675932,-4.4946409720394858,17.994854216027246,-0.049669995702308692,,0.1440786838921631,0.32,0,1
