axis_00,axis_01,axis_02,axis_10,axis_11,axis_12,axis_20,axis_21,axis_22,location_x,location_y,location_z,dbh,dbh_approximation,score,reconstructed,number_clusters
0.46190948489466666,0.88691225296444653,0.0051267246732485342,-0.88029150466387696,0.45774029356829843,0.12474249661048722,0.10828894025224034,-0.062132754530436166,0.99217590488456697,1.5833958273705642,26.452853612702871,-3.6966440452482652,0.2601677219054473,0.2262955335950996,0.4166666666666667,1,5
0.55098031816533821,-0.82265348683690875,-0.14022100266900381,0.83054932383017632,0.52419568552214746,0.18816669196540706,-0.081292740633227223,-0.22013660276074942,0.97207580282882111,8.8814696420607362,-8.199028719220431,-0.70934515059240388,0.134738001472676,0.1244566912305673,0.5,1,5
-0.78773995427028087,-0.58629605688565856,-0.1890044923449839,0.60988103739138777,-0.78545421834304485,-0.10538876181795416,-0.086665360304224962,-0.19828919427806818,0.97630451743085456,-37.903929535124973,17.968431586426597,-2.7841687100988741,,0.5056147529958697,0.1470588235294118,0,1
-0.6300501458664437,0.77066454475481405,0.095461893714334001,-0.77098299612168919,-0.6354844764480071,0.041769604796116883,0.09285490501257683,-0.047282551236750354,0.99455634680175253,-10.142732590791175,25.126072100773559,-3.5001573826229473,,0.2384309778576146,0.3793103448275862,0,8
0.82094495405333245,0.56678343331811543,0.069324758423678648,-0.55963860914164698,0.77454216482005456,0.29476950668932106,0.11337552457375717,-0.28078635050869638,0.95305037421724603,-13.867140061465971,31.361860917584494,-4.1855567887444574,,0.3589895516383225,0.1842105263157895,0,5
-0.32465720014062283,0.92556216160203508,0.19476238704488477,-0.94208866984661899,-0.33474375204436979,0.02038525481534835,0.084063312708224536,-0.17686521839476363,0.98063859498731409,8.6976723339930402,-11.1434729525504,-0.49825677434801502,,0.4619648309957664,0.7058823529411765,1,2
-0.75953017428701508,-0.64488422518593025,-0.085077908142354622,0.64965679251437336,-0.75860812683565004,-0.049595986116240019,-0.032557123452063547,-0.092941088896398807,0.99513918006843582,-7.918328892777394,-13.969447523991475,0.28394387328454523,,0.1661544626835349,0.2222222222222222,0,2
-0.6277455637895667,-0.77284106926610674,-0.093017142496100866,0.77193837883638483,-0.63344595989573638,0.053454234361953901,-0.10023296075629465,-0.038247843695948754,0.99422857333242909,-29.471013131466314,20.883965266980557,-3.0550283407979681,,0.2469355948860087,0.5909090909090909,0,2
0.54223860551004588,0.83673942984387584,0.076448814503999665,-0.83312589682121818,0.52362521390089967,0.17809513023403672,0.10898869088287172,-0.16026154221079766,0.98103909368987696,10.852738561736144,-9.9687051317336373,-0.68556512011011062,,0.2575027536921187,0.3333333333333333,0,5
-0.98818651543748948,0.1532538908187375,0.00080972614562001798,-0.15264092323680561,-0.98373370744692845,-0.094703439146297488,-0.013717115619838134,-0.093708258876362485,0.99550519986458763,3.507526620215454,-11.898879764732541,-0.17682624393387747,,0.1270538457729945,0.2,0,5
-0.41803409637863431,0.89577208975507838,0.15112861238269323,-0.90143019276091274,-0.42964619379965618,0.053176646495348874,0.11256598884175349,-0.11400224282569131,0.98708276592532507,10.994175321935854,29.029287980648302,-4.0445549867478556,,0.2272812356005831,0.3333333333333333,0,2
-0.30847366156959183,-0.94922968286006482,-0.061700966728479904,0.94471225497236033,-0.31329579872361984,0.09677033536764261,-0.11118792840450817,-0.028438559729862804,0.99339241636807574,0.027999218516927354,-15.641091305630733,0.17379733597843097,,0.09246526041205352,0.5333333333333333,0,5
0.86168143705799394,0.50178260850913992,0.07562615174285417,-0.501609904419692,0.81970862224424523,0.2765235585018177,0.07676330384850269,-0.27621004401759891,0.95802682987798327,-5.2672917238982331,-17.306688823770109,0.47584846040186835,,0.6364992057987179,0.6274509803921569,0,1
-0.37576516189981618,-0.87301625071890132,-0.31087484472552201,0.92036096491269792,-0.39077975859262076,-0.015062355036986557,-0.10833391605297106,-0.29177698033773242,0.95033149815084117,-27.712625037867348,20.970704870857926,-3.0724212848668544,,0.1972853187386086,0.5,0,2
-0.45861742153456264,-0.88293301895004217,-0.10049549598242906,0.88038683881450108,-0.46681782938826138,0.083666768835913882,-0.12078524209190301,-0.050103874231410987,0.9914133986787772,7.1132680193055577,-8.5343669329158356,-0.58110713224675126,,0.2592203451675611,0.2647058823529412,0,5
0.99545418913240469,0.061983463497850694,-0.072311877250949147,-0.039809085170226445,0.96052859492932796,0.27531809795398376,0.086522795127384713,-0.27118788427195711,0.95862971858139445,12.901166470185077,-3.3583800301749145,-1.2819645885344872,,0.2647546940232673,0.4025974025974026,0,2
-0.96866286031993409,-0.24223674652456489,-0.054896463182959931,0.24386172881929954,-0.9694867558912329,-0.025037718920772317,-0.047156338429385901,-0.037640254843543511,0.99817808579493827,-13.49286981880334,26.886272504164257,-3.6649680503353834,,0.3019953673815918,0.4666666666666667,0,5
-0.50593926400830502,0.86200930051000824,0.03107132068292344,-0.85927420981477365,-0.50682504582112931,0.069110095323376072,0.07532126845672904,0.0082667262357322135,0.99712505121244088,-7.0199293435702605,-14.60631534348782,0.28696352190474267,,0.2470277151892774,0.2727272727272727,0,2
-0.98018765720523571,-0.1944399261096936,-0.037752772043523869,0.1925919536714791,-0.98012179817962963,0.047640320256418088,-0.046265495172064318,0.039425573776269277,0.9981508543746771,-6.3433674793198147,-13.449861063014225,0.18070523775418487,,0.1015922072762752,0.4242424242424243,0,2
-0.12966101607036506,0.99093426333419798,0.035175370103397816,-0.9869879723898547,-0.13238427478330891,0.091264155876557548,0.095093444933726776,-0.022884264034656682,0.99520527891999677,12.488337864769168,-6.1677902476756907,-1.0218198771988714,,0.1280284604467554,0.2692307692307692,0,4
-0.97915028733142329,0.20247454200765919,-0.016394348342694442,-0.2017214915786737,-0.97866624273681302,-0.03899775843155269,-0.02394064857241722,-0.034877573972387568,0.99910479939780816,-3.8468275957217517,27.615223969282713,-3.8039084735596926,,0.2926000199794401,0.6666666666666666,0,4
-0.99525380558158472,0.0972881342922325,0.0022093893518571966,-0.097299242265286814,-0.99523913620459181,-0.0056497098454077006,0.0016492210199297724,-0.0058378671338784631,0.9999815995193877,-6.0745000601741905,24.647560222952428,-3.4675963426437399,0.2336877630959231,0.1747389751235193,0.25,1,5
0.59994227498387409,0.78781156223690407,0.1393635859649989,-0.79308050490473525,0.56269655651455019,0.2332292820953642,0.10532131516091597,-0.25045064921560412,0.96238344378956298,17.837396545987325,-1.9161245333693793,-1.5980027725470056,,0.2221692051834048,0.2142857142857143,0,4
-0.94426575739601604,-0.31607975659945736,-0.09195524388177885,0.32390963640057518,-0.94195368636146926,-0.088350439709640294,-0.0586917954758314,-0.11321148447956778,0.99183589011779405,-1.6769718521159753,-9.4350793835976194,-0.25609793478980214,0.3361272965148609,0.113250321671513,0.3243243243243243,1,4
-0.84335910506116651,0.53730539960718515,0.0069517956954436456,-0.53608963040607038,-0.84219568285885615,0.057570304367683164,0.036787607716604671,0.044825654784599357,0.99831725047282505,-23.884351218064928,21.560102162474717,-3.0929740758572497,,0.7666765351503072,0.8490566037735849,0,1
-0.76572707116632988,-0.63109167280687906,-0.12403770796355247,0.63749425265662529,-0.7702815536969041,-0.016352549160783537,-0.085224000802632371,-0.091594915514455769,0.99214275239962058,2.5625074209093031,-11.264427384504533,-0.25048302949537304,,0.123565221039549,0.1904761904761905,0,5
-0.03938104624279494,-0.93775868169246523,-0.34504751572389675,0.99323438329390212,-0.074490499304590035,0.089087739651057915,-0.10924556302021907,-0.33920468809225324,0.93434767968708143,9.7318119666228,-13.789313911910035,-0.33864464468891403,,0.2948238765003315,0.15,0,1
-0.79045446805759711,0.58596443757206562,0.17840238739611805,-0.61076971822948112,-0.7760296820051531,-0.15728408673753716,0.046282666535772642,-0.23328868499743879,0.97130546391467654,-0.4325917056083427,-2.7482169040899898,-0.91492730952638857,,0.3507010423482262,0.2998102466793169,0,1
0.89487772526704046,-0.43974595172176562,-0.076271585568965669,0.44276984225156435,0.85323121999143925,0.27559272854058242,-0.05611348869398658,-0.28039255192718127,0.95824385894737207,15.332370315885921,-2.6282478892929939,-1.5008179087765474,,0.3290158398653212,0.2857142857142857,0,5
0.70911392999251599,-0.69440398869098086,-0.12231326494140392,0.70267258002097366,0.68160091684036017,0.20413582598125532,-0.058383898270312866,-0.23070173526100149,0.97127134713751606,2.1585459674704897,-5.7165222167042735,-0.69829937451981061,,0.0848313030850483,0.3116883116883117,0,1
-0.99270479022195857,0.1183436596912401,-0.023064641364233866,-0.11859568571546805,-0.99289348248484754,0.0098790570799597056,-0.021731608317257158,0.012542354244524802,0.99968516371403149,10.784622620461587,-17.734061502434191,-0.11993371917546375,,0.1393720769483187,0.5238095238095238,1,5
-0.82514061324619592,-0.55884953402246729,-0.082644822551473374,0.55895107206503103,-0.8288510304543355,0.02407630270909834,-0.081955276883467834,-0.026328076983683835,0.99628819372373234,0.18906374249549943,-12.711819309117725,-0.066590266559786893,,0.07683811099961044,0.1875,0,4
-0.52396896605302035,0.83775306939937999,0.15370854668900658,-0.84930508867557186,-0.52752300684163056,-0.020008588219655406,0.064322538531277243,-0.14102933015753355,0.9879136293584625,3.4671563996003214,-13.348704550838539,-0.079147342382197089,0.6156114983018059,0.4990133526830629,0.6296296296296297,1,5
0.36746722624745132,0.91906904796180333,0.14240759359173871,-0.92183316008662786,0.339638508892459,0.18673325424789569,0.12325365146196139,-0.19989439300763892,0.97203434560996982,-9.6045536193476853,33.511628255563053,-4.3782281391506066,,0.2737392711247675,0.5,0,2
-0.93607239603180015,0.35148688116123056,0.015014718073852374,-0.35150819626064916,-0.93618392659042127,0.0012820122179282125,0.014507148199117434,-0.0040777402189239136,0.99988645089621908,-1.4526778157476716,25.260733565299684,-3.4970431472479238,0.2700947364504844,0.2306506598127516,0.3,1,5
0.10098651371190615,-0.98604124668200865,-0.13237969591333706,0.98902800404352276,0.085078678106386335,0.12076930797747251,-0.1078208294625982,-0.14312329780110061,0.98381420520367413,-22.564821716278946,22.92053394194026,-3.2317994527022309,,0.1966960940612061,0.2727272727272727,0,3
-0.16938552695645562,-0.9260191443479886,-0.33733823909942867,0.97927244818179948,-0.19671128660263845,0.048271543948373137,-0.1110586128569459,-0.32216954235953782,0.94014507948834014,11.878715592296631,-1.7692652322740685,-1.411414547621574,0.7427181645694779,0.4653144618215045,0.25,1,1
0.93946002421965347,-0.32980290753502767,-0.092977981665826714,0.34240355616066137,0.89307565393364496,0.29184872978912452,-0.013216187867219304,-0.30601620632318582,0.95193456384660413,4.1381441899912064,-6.3383177355867266,-0.69471945528478074,,0.1698030364561564,0.2888888888888889,0,1
-0.92433133415152546,-0.3780376091190541,-0.051953352126792925,0.37582156585220228,-0.92546487665525767,0.047675074387646212,-0.066103973753928388,0.024542374966944079,0.99751087035927699,0.088638795763852585,-14.516527160266564,0.084601441998421192,,0.06797329297270446,0.375,0,5
-0.36586722228154006,-0.92304588965895984,-0.11885899731904692,0.92329586155271715,-0.37603926133131843,0.078225481634961944,-0.1169013588441797,-0.081121880655562403,0.98982488995745532,-1.2002469679747159,-10.970695928464352,-0.13052090684242082,,0.1644478726251333,0.3469387755102041,1,4
-0.3723401645868899,0.92482223753516668,0.077888579367299329,-0.92341404035339225,-0.37757417024569645,0.068878560100355785,0.093109139796435578,-0.046277153366669203,0.9945798676640536,7.9342712007133729,-3.8314114456981674,-0.97897747419712322,0.3858870253958385,0.3649195240848336,0.2473118279569892,1,4
-0.99262621268660134,0.12083515725525906,0.0095951372346458393,-0.12107702918316279,-0.98459814565464721,-0.12612233972460921,-0.0057926584254902169,-0.12635409112698742,0.99196829020077015,31.216757609319785,2.6582907217623735,-2.3425648529155638,,0.572993461169775,0.5,0,3
-0.79410591523721652,-0.60616475063126352,-0.044272909068652389,0.60422148025816302,-0.79523032857650411,0.050250644839041687,-0.065667329623620013,0.013153691658371287,0.99775487080537961,-33.89338709608397,20.854910224588188,-3.106662988311975,0.3274041764810591,0.2007683411087747,0.3125,1,4
0.92069689452049119,0.39000652968583549,-0.014564862606106475,-0.38007609047481156,0.90448145696034443,0.19353412997266231,0.08865322255680394,-0.17265051641192367,0.98098542563739966,16.652019440320441,-3.1080684857319687,-1.4847979780343603,0.2258182722047561,0.14429969185642,0.396551724137931,1,5
0.77427667906556519,-0.63007844693211723,-0.059133535044085764,0.63075047593233502,0.76073497252448175,0.15308866283728451,-0.051472918766392706,-0.15583148683685924,0.98644162845242978,-0.36941690510977276,-16.564058262785398,0.2387714675544956,,0.1256370177212421,0.1875,1,5
0.85190051854150728,-0.52039151590130917,-0.058806264008608146,0.52252670807881973,0.83708644746704697,0.16202505612192133,-0.035090537941506225,-0.1687570728738135,0.98503284437730287,-16.93112787098589,11.547729470311024,-1.9617601859069169,,0.0896463496846997,0.2666666666666667,0,1
-0.98362819697331161,-0.17406510553981838,-0.046657359038484385,0.17601681207308545,-0.98350801089880036,-0.041594162637498905,-0.038647794072394305,-0.049125670797441123,0.99804459643947818,-0.85820586287901979,-19.005832737890163,0.44955550850315545,,0.2249371517713182,0.4,0,4
-0.62691388072361698,-0.76974858831727111,-0.12027508860784183,0.77198427203098541,-0.63455083401615997,0.037222611222027011,-0.10497271022911142,-0.069515105070519639,0.99204252946846538,4.7082116158093745,-10.728595888286607,-0.32674096447188344,,0.172462689595835,0.3428571428571429,0,5
-0.98833306224006934,0.15163220363627339,-0.014332930739216907,-0.15205481344469393,-0.98773573701302064,0.03546050670315222,-0.0087801931337991804,0.037226182288178297,0.99926829208215173,-36.379021857419566,17.886146963873372,-2.7482196951295088,,0.1262368634229619,0.375,0,1
-0.91874770224939528,-0.38263427497191521,-0.097435472124756992,0.38867625928706584,-0.91987486380430705,-0.052545222500450385,-0.069522838535771375,-0.086146657263791768,0.99385377614828474,1.4616708112642545,-12.082297872846189,-0.15485229439571788,0.3411256469121189,0.3312552961751367,0.5102040816326531,1,5
-0.75550314462590518,-0.64940003723924067,-0.086571300637347984,0.6492522384062096,-0.75982557751252922,0.033713835176058804,-0.087672854321593871,-0.030735702227623209,0.9956750409765629,-5.9466068654688886,-8.1553308305490866,-0.26574714447190295,,0.2259206675364852,0.6162790697674418,0,2
-0.9722112117568612,-0.22992647963651747,-0.044036049961518983,0.23031425515994305,-0.97310858748631257,-0.0038756716209607934,-0.041960738844495776,-0.013910101450059302,0.99902242491010829,-20.939157068058009,22.822639001868321,-3.2185529772537227,,0.09269255206836863,0.4285714285714285,0,4
-0.54632391588392404,0.82687790084733359,0.13342831792225446,-0.83253329210004412,-0.55355222936615223,0.02163901358253759,0.091752364973975292,-0.099261606142908423,0.99082220255079712,10.665184712287259,31.185267677024246,-4.2659368172284449,,0.2794701668350065,0.4166666666666667,0,3
-0.97140300119250167,0.2369779955830463,0.014752589048831291,-0.23743481471005909,-0.96976898401483047,-0.05632784752184529,0.00095814289223906924,-0.05821981838073706,0.9983033280070307,30.132470875237537,-1.7798148040957902,-1.9070837110438479,,0.8651114695888877,0.9090909090909091,0,1
-0.94901063742598679,0.31099473417255397,0.051585708963473309,-0.31508558182775498,-0.94093574577831784,-0.12393949508072397,0.0099943072089387231,-0.13387381235156603,0.99094798864010536,-6.4957216386797052,-18.285609709898424,0.62879254822878439,,0.09325618565486327,0.2727272727272727,0,1
0.81724152831321517,-0.53246470667792634,-0.22044868006560867,0.57629312788684839,0.75613539448838418,0.31007337188524764,0.0015859226563386232,-0.38044789570226878,0.92480099670417903,-6.9661102568582907,23.411935726386439,-3.3155654138664574,,0.5683876906307338,0.3902439024390244,0,3
0.97242601171593679,0.23281994612228832,-0.013510160097209872,-0.22554099114814666,0.95359784654205459,0.19945527915366923,0.059320426921500968,-0.19090840672419651,0.97981379210127495,3.6971735519588962,29.548009974835665,-4.0171685166233519,,0.154514370128484,0.4705882352941176,0,5
0.94651326548316173,-0.3136631253340908,-0.075684093903899616,0.32265574542792824,0.91831415572578556,0.22933028874526656,-0.0024306803063791245,-0.24148406821007851,0.97040173979334976,13.848332993254456,-5.3904316903337905,-1.1949297814749835,,0.1918108014313566,0.2413793103448276,1,5
-0.22038217395653051,0.97381212720260113,0.055871623525185016,-0.97237399046427253,-0.22385320000649725,0.066170745163094569,0.076944915821525239,-0.039745260849535308,0.9962428389550525,28.489808547364113,-1.0548237845038317,-1.9715778043601484,0.4577189719787857,0.2465118617481258,0.2142857142857143,1,5
-0.99696138054785532,0.075249372313769908,0.020137965699128554,-0.076008833851032367,-0.99630199986646895,-0.040062229577015149,0.017048837870123543,-0.041471158995849008,0.99899423426705547,6.0146645692773708,-13.495646992900113,-0.21254095939658993,,0.1788209859315768,0.2352941176470588,0,4
-0.61995452115416894,0.78100991332213832,0.075365157686111794,-0.78161724470031191,-0.62313242633580379,0.027936750633312496,0.06878135276075284,-0.041587192035544507,0.99676458151912728,-3.4610513201612574,26.444655762644484,-3.6522166443192292,,0.1709781123308745,0.4117647058823529,0,5
0.62296571135475498,-0.75702309924858879,-0.19705265712577424,0.77920593119728199,0.57833239637721268,0.24159833626821539,-0.06893358588702081,-0.30405207860604128,0.95015814169647839,0.98490740997440529,-21.471266128416737,0.56118690324026033,,0.3148790416782143,0.2727272727272727,0,1
0.8885978601300113,-0.43060984750825754,-0.15801582895798874,0.45788552471642113,0.8123897967195528,0.3610590871881374,-0.027105151309902334,-0.39318949301180295,0.91905785093082626,5.2664799758584753,-4.9625453079507471,-0.81664267797615575,0.6665906545778066,0.3041372156279613,0.1475409836065574,1,1
0.79479775602125247,-0.60363348979039988,-0.062634950523208527,0.60543002803795798,0.78155531735398742,0.15041863935584987,-0.041845049570277702,-0.15747347687522181,0.98663625308787939,1.5543771733362766,-16.479593397061407,0.18879673350635509,0.2002701129328139,0.1316307301469669,0.3333333333333333,1,5
-0.65902991819546741,0.75209258953730107,-0.0060252540488467954,-0.74933896210179773,-0.65588700656549659,0.091122744113384072,0.064580854744085092,0.064567572214152505,0.99582144073066348,-9.7806280865431479,11.345901694424569,-1.9729233082733904,0.4169615483221777,0.3968442070952928,0.9675925925925926,1,5
-0.38877595575619134,-0.92025156313998846,-0.044612966324469212,0.91476967629943318,-0.39132311385921975,0.10031281016178613,-0.10977110525493637,-0.0018113801181544439,0.99395524212772157,-8.7694737593121861,6.5760203549624991,-1.4624902626274647,0.3681009123019388,0.346560966924663,0.9726651480637813,1,5
-0.99916510138113634,0.029910305233187169,-0.027829369789498883,-0.029975877337422591,-0.99954873602041661,0.0019419314711799193,-0.027758727634293486,0.0027745199304644677,0.99961080180202155,8.3729712741621025,-13.421380769112293,-0.29958948825141635,,0.09768599460351503,0.2,0,5
-0.98853815058669903,-0.14172807782242175,-0.052014197978936152,0.14524557788396214,-0.98680304282751941,-0.071578465836478644,-0.041183090459365211,-0.078312876483447216,0.99607783151574336,-7.5023712480253986,-17.063410927566927,0.53678610812004957,,0.2298645904661944,0.1578947368421053,0,1
0.47748091967387296,0.85033925940939326,0.2212128279609433,-0.87206837400093362,0.42790326929689199,0.23747745828267505,0.10727871370761637,-0.30630366637067347,0.94586962185764434,17.284590051986754,-1.2758509936853988,-1.7052664751862086,,0.4260931883087257,0.1818181818181818,0,1
-0.62735036549995105,0.77483950788982492,0.07781552493000414,-0.77437970515195897,-0.63127372318350106,0.042773340608441693,0.082265370331891047,-0.033424892387181764,0.99604979062949583,-3.4064864687491792,-16.608418546957907,0.38005969636402442,,0.1724809508525662,0.2941176470588235,0,4
0.57357940909908389,0.80042720157921277,0.17413487999139129,-0.81253132047659105,0.52897219203572043,0.2449107455737537,0.10392071353735494,-0.28196580470864763,0.95377972838223601,-2.1496522894504926,27.66606167192797,-3.826007480698991,,0.3481961884420066,0.2777777777777778,0,2
-0.99540480427657896,0.095586573578767334,-0.0056993486098941455,-0.094524659494323066,-0.99037491029322722,-0.10110700178110896,-0.015308963733332265,-0.10010366633222684,0.9948592320606261,3.2722631058459415,-14.686018842940733,0.015415203801963845,,0.103225069321204,0.3,0,5
-0.16981029715005283,-0.98106289222498955,-0.093166863642339504,0.97838978268623999,-0.17915165017411797,0.10323816820858163,-0.11797413325379316,-0.073622603451860724,0.99028370487653061,-4.1919028680778592,29.67095511392959,-4.0022549394899514,,0.1763454388155198,0.5384615384615384,0,5
-0.57673235396468392,-0.8020651722685046,-0.15514912608277601,0.81362041013813413,-0.5810257308933845,-0.020758811296965891,-0.073495714820724395,-0.13820477370084908,0.98767293191080641,-30.204613751503455,19.239911029131829,-2.8919191443165606,,0.2184262725228242,0.5,0,4
-0.098463182379797232,0.99218615600825588,0.076626585081187137,-0.99017471065522022,-0.10536390136021535,0.091937428009521219,0.099292719242116939,-0.06682125496963115,0.99281210497746764,-16.356957818509816,21.878396574749438,-3.1129052081759432,,0.2168369459999915,0.3793103448275862,0,5
-0.60822131928614831,-0.77622859896459717,-0.16593971470168312,0.78994657190398365,-0.61240649577565776,-0.030703378786767516,-0.077789718491338256,-0.14975795832354968,0.9856578075659933,1.2382006407915511,-13.205594268665269,-0.044489989653621248,,0.2067740449977869,0.4444444444444444,0,4
0.92252548300690362,0.3570796300779896,0.14642701590296228,-0.3829688470582811,0.89394337237774157,0.23280916898773971,-0.047766048462597049,-0.27084937652739238,0.96143591562256125,10.622226951675069,-3.9038609693881643,-1.1151243594602078,,0.2566963224525428,0.1379310344827586,0,2
-0.75032776134581436,0.65994492406979743,0.038483083923823755,-0.65899153714090697,-0.7513129172137244,0.035483156630546513,0.052329767154491322,0.0012639708511977339,0.99862905918426204,-9.1181510342161225,28.065844288590913,-3.8055524977346806,0.2259688549977118,0.1771261220594374,0.5416666666666666,1,5
0.99867239812905284,0.046620301127032908,-0.021908645279780106,-0.042154051184604815,0.98409520758660218,0.1725678370201455,0.02960535735126632,-0.17141519748234271,0.9847539555077689,6.6605178105887504,-7.5971280975305291,-0.62588940006443605,0.2629667191728131,0.2351683147519306,0.6237623762376238,1,5
0.98614386536673138,-0.16053889474892152,-0.041803589228180567,0.16557237737787914,0.9681234294038279,0.18794364391702589,0.010298769295450892,-0.19226099113488254,0.98128978728958205,8.6652037374429085,-12.300824764301346,-0.4353842543412027,0.2587184221343304,0.2069771007040545,0.3571428571428572,1,5
0.44537393750374454,0.88139190788909727,0.15744954906263287,-0.88909657400064268,0.41463492342113134,0.19386893092981947,0.10559042519437677,-0.22633202377738831,0.96831011412671997,-9.4266561409064025,-13.030027008808963,0.28518575091249876,,0.4218634829868131,0.3506493506493507,0,4
0.96778470800093608,0.25118453472372332,-0.017294174602140559,-0.2464190679189347,0.95904222447685084,0.13969844178249269,0.051675931781692545,-0.13093640130276868,0.99004305809816873,-31.740615536026716,18.101136039925873,-2.7732465539094369,,0.4293846839024831,0.5882352941176471,0,1
-0.80683560209860217,-0.57070293516537762,-0.1526907691375313,0.58465936793328088,-0.8084472284534221,-0.067723720318942748,-0.084792303153318663,-0.14391399723308704,0.98595082368561993,-9.4494607437057887,-15.599425674868467,0.47879495986976811,,0.1216824523152998,0.2,0,3
-0.97521512192520998,0.22068166768622371,0.015970833278982743,-0.22125874117121966,-0.97273232253652575,-0.06954421721483002,0.00018821191540682199,-0.071354258737116941,0.99745101851487006,14.708387632229925,32.13933646963801,-4.4204672673797489,,0.1255198736850403,0.3333333333333333,0,2
0.90686613311765962,-0.39111473670745467,-0.15691742839621564,0.42081255735844203,0.82047707898223976,0.38695497727024947,-0.022596640760760938,-0.41694918826522487,0.90864886850273419,0.15849757798894135,33.002273760827329,-4.3740986623570546,,0.3373669657723604,0.1428571428571428,0,1
-0.87691730367616416,-0.44957803471926949,-0.16998715601858627,0.4748730255488795,-0.86502729807475898,-0.16193635537314266,-0.074240501879911408,-0.22272710720395666,0.97204988740145315,-9.8077766196042653,-9.7937367637611263,-0.029834935681797476,,0.3367852884743723,0.1052631578947368,0,1
-0.758805721859381,-0.61094760576743168,-0.22573634948875185,0.64510214305815028,-0.75274683205914306,-0.13120759065963752,-0.089761358586234616,-0.24518407336523379,0.96531221305481596,-17.18134309855369,21.37117897593588,-3.0650536518456666,,0.1868194405414638,0.1,0,1
-0.56377911181161722,0.82591430836543867,0.0043206853790072816,-0.82249783404287768,-0.56190773453214338,0.088073894359962684,0.075169316078303378,0.046100467570235719,0.99610457323020396,-31.720937161978942,23.033566658485675,-3.3704926051852557,,0.2582001872715893,0.4210526315789473,0,1
0.98698230801247222,0.16082792519446432,-0.00054967992310639554,-0.15420277288653342,0.94728439251172991,0.28084476946845127,0.045688384787364367,-0.27710405659485959,0.95975304808799411,8.8213183732388707,-6.7223234005176069,-0.80514408305039087,,0.09194450836341499,0.3684210526315789,0,3
0.99410066117002438,-0.065647119131792622,-0.086338468894327142,0.089456383406803758,0.94637958967076763,0.31042427051112553,0.061330505697371994,-0.31631649973449971,0.94666912966813233,-6.2122267569300487,27.434615909748075,-3.7626200241330094,,0.5243897554245509,0.15,0,2
0.037644183874370366,0.98637807011677681,0.1601287551101794,-0.99261416061119245,0.018416269147759061,0.1199081698001236,0.11532581486627605,-0.163459915035401,0.9797861055363305,1.486664878482912,-14.904249507190217,0.072445671465638989,,0.3951938359078324,0.1904761904761905,0,4
-0.92327709608825648,-0.38011954861926128,-0.055394337222557488,0.37774810274501303,-0.92462339846958985,0.048764145384592922,-0.069755105271087081,0.024097712755273927,0.99727304462147437,19.81679427809599,-5.9909655415410246,-1.2662552517295516,0.243401687970711,0.1707837835630655,0.4285714285714285,1,4
-0.41799312438210057,0.90740868588647861,0.043488213886810206,-0.90422159343011654,-0.42018395651412915,0.076346268165735282,0.0875503166412991,-0.0074107668906518553,0.99613253264317303,-27.492863801851307,22.834349053594284,-3.2958761110506005,,0.1991971497239061,0.2857142857142857,0,4
0.92010363032178455,-0.37682567792051724,-0.10682564265389403,0.39146324311261355,0.87577431652028281,0.28244623526467488,-0.012877839897654987,-0.30169811895863041,0.95331652993976579,9.2700542430765793,34.507971571873696,-4.6371303506710397,,0.3133967162701644,0.6521739130434783,0,4
0.26320549016628175,0.94358754928352939,0.20091144015070592,-0.96057360674715542,0.23698967233441759,0.1453762058508424,0.08956124143338251,-0.23125404222181409,0.96876227836811601,-5.8445174601945009,26.317816076148564,-3.6551263860030745,,0.5487890634824615,0.163265306122449,0,2
0.65945451202746852,0.7516915988299786,0.0089155378438177651,-0.74606065798916299,0.65296681907323606,0.13049071917250452,0.092267226941048885,-0.092704225566103346,0.99140944387008867,3.2700508315728585,-6.6869041872652391,-0.63472338319322097,,0.07319429742773945,0.3666666666666666,0,2
-0.9863434396755747,0.1644243555988216,0.0095525020213773383,-0.16453667423560053,-0.98110207148027495,-0.10181555956042242,-0.0073689782496630931,-0.10199684614254675,0.99475742849024773,-1.0622616398681175,-13.560699068995522,0.060590663691238375,,0.2744564576140108,0.1875,0,1
0.80289638985384659,0.59337233750665286,0.057154669464098064,-0.58656967223310719,0.76930333414411789,0.25319636587259275,0.1062704416853745,-0.23681564381736614,0.96572508721031025,-7.2197556969026682,-11.388179275669863,0.031979841903949292,,0.2527641690495111,0.1333333333333333,0,3
-0.99934358228083331,-0.017313422808875743,-0.031822161220660894,0.023457992133541553,-0.97864246429880453,-0.20422695629183354,-0.02760665063305116,-0.20483938210657865,0.97840620418056468,0.29941434537350498,26.55735522968574,-3.689373073289564,,0.0881949250672433,0.1111111111111111,0,2
-0.32400565465426207,0.94533943189202396,0.036792584336090735,-0.9416840313635404,-0.32599882027480342,0.083402363601679436,0.090837882114090468,-0.0076241517234180052,0.99583650841065507,20.504913296824792,-4.6152899941601362,-1.4215956863825105,,0.2078785917634481,0.4444444444444444,0,4
-0.99652114976659989,-0.073524148225181274,-0.039240256059508587,0.076152443062426425,-0.9946133629594277,-0.07032114645085015,-0.033858580647719926,-0.073064751079433429,0.99675229554098477,-7.2809724137954088,26.816651104628953,-3.7004452547998943,,0.08010992293347728,0.1,0,1
-0.19105534017248713,0.97237100973229551,0.13413603700636276,-0.97614270056249131,-0.20257737088242611,0.078152651554063715,0.10316629842221793,-0.11600443197809762,0.98787635189394907,-14.897059009504014,23.736277003738948,-3.311831488966992,,0.5852807549967008,0.3684210526315789,0,2
0.40440393648085282,0.91422065908250782,0.025652342301129626,-0.90834961939399694,0.39822233704149146,0.12774951752547808,0.10657591240787087,-0.074963703136628673,0.99147466841390985,-4.2203100225763892,-12.25419900993136,0.025965112703217885,0.4546528202394947,0.2543055486099235,0.8226950354609929,1,5
0.20823210950685575,-0.96376534028006444,-0.16672059694344249,0.96885163824136422,0.17988921575926739,0.17019510313326133,-0.13403690405015536,-0.19696760883040831,0.97120433968567199,4.8957406080964372,-16.201914746594124,0.019238551294525806,,0.3561116044584305,0.4166666666666667,0,4
-0.18004624415770959,-0.95455939046208926,-0.23748625232915913,0.9782119312242531,-0.19912342146759227,0.058747601087691059,-0.10336714940067436,-0.22173460060100267,0.96961280897123814,3.3637954180723475,30.913413239757823,-4.1900073787167891,,0.1868806088559141,0.3809523809523809,0,3
-0.44897387816886997,-0.86102614724354165,-0.23886487913660867,0.88646311325371574,-0.46279489557896819,0.0020083492177627913,-0.11227468798679957,-0.21084320806939438,0.97105073814320941,-5.8288506912464122,-10.407426774260259,-0.098349557112984376,,0.3581424323035637,0.2558139534883721,0,2
0.68908294213751586,-0.71720290076118909,-0.10384940055119471,0.72211935444594866,0.66751674652198956,0.18156274685977328,-0.060896114733806447,-0.20010345387432898,0.97788049932386589,-7.341842193122484,-9.4837293630322623,-0.10500255703166182,,0.07922816030948594,0.1551724137931035,0,2
-0.72404276072332496,-0.68900569944892665,-0.032143844994670628,0.68345010020198571,-0.72293153253372322,0.10132107284438938,-0.093048595787587854,0.051392075219216043,0.99433435695776939,-2.0731378727543777,-18.928739058507723,0.48272624027778566,,0.08274078765759703,0.3529411764705883,0,1
0.0024269574152301948,-0.96999618956599765,-0.24310800502071103,0.99404031248847557,-0.024155422804905208,0.10630321113179177,-0.10898608638500006,-0.24191715064575658,0.96415669120632053,5.7389260902138206,-8.6348246875607799,-0.51817401698525445,0.3811019453016466,0.2700016416325773,0.358974358974359,1,2
-0.78045498442866768,0.62362349513007653,0.044539348919752815,-0.62234692721414664,-0.78171688264939598,0.04003770183239385,0.059785612546476193,0.0035286970198336988,0.9982050034085107,15.834478238860063,-4.62508789761341,-1.3179557730638145,,0.1222306324018703,0.4782608695652174,0,3
0.26240174367423019,-0.93816303392750555,-0.225821714386954,0.96240799340432093,0.23743639042600409,0.13188940341414654,-0.070115470106053984,-0.25194063243829795,0.96519932582777879,-11.334739295346495,31.415882657313819,-4.1719993811107026,,0.1832969976680058,0.2857142857142857,0,3
0.6706684098808976,0.73516241180496911,0.098692007056951164,-0.73713699058977256,0.64573790808580711,0.19912712312796407,0.082661605912793784,-0.20629780010961501,0.97499142384835957,10.223939130548338,-5.7926622124921341,-0.92708305815428882,,0.09911482069519141,0.4210526315789473,0,2
0.72680575785207535,0.68572995159020556,0.039087387290085464,-0.67769816382380621,0.7067109956360268,0.20318653350302832,0.111707605394226,-0.17416659306316551,0.97835954983730689,17.482138112549702,-6.1536136377125699,-1.1639993949707077,,0.2539300104688968,0.5,0,3
-0.99431767228491852,-0.097168608029840411,-0.043481354572346489,0.095114574037504326,-0.99435374239180074,0.047051597178899646,-0.047807785846732002,0.042648524065488622,0.99794564932538787,10.883663496146069,-6.8590818560907589,-0.89629672694096452,,0.1316487497459223,0.1724137931034483,0,2
-0.65161481203824434,0.75096682160990746,0.10699051160489938,-0.75498320989415679,-0.65572923984431608,0.0044177812430774652,0.073474413983916839,-0.077897348185350893,0.99425022687219511,8.7690948692007371,-9.4737681579686424,-0.6030735887172618,,0.1006727354812414,0.4545454545454545,0,2
0.40400546269864368,-0.90377409980256318,-0.14132219442013197,0.91171328751785374,0.38523559320568973,0.14273198341944199,-0.074555130427371191,-0.18650982347728257,0.97962013978553486,-8.221780446629646,-11.899937688151839,0.13134806463034954,,0.1411995623962111,0.2272727272727273,0,2
-0.4185112988484006,-0.90118890881642144,-0.11272463511802169,0.8984694330144648,-0.4289512747345271,0.093560044048132979,-0.13266864993241323,-0.062123703446353755,0.98921164307503928,23.677461548143871,-8.2801625210439624,-1.1361474359348098,,0.2376886166351612,0.4,0,3
-0.90227850734971049,0.41666135934285786,0.11084586959080044,-0.43037273172934443,-0.8858377634818313,-0.17340925169473873,0.025938522675755697,-0.20416848047646657,0.9785920624148402,17.616037080552761,-4.0908327142844136,-1.3812122334820873,,0.3950042346152131,0.2222222222222222,0,3
-0.41738721663650163,-0.90232697536194528,-0.10767516390792335,0.90216582246656207,-0.42566850034560455,0.070022543418214789,-0.10901715535486112,-0.067914338307076327,0.99171714843026015,-8.8768158008680729,-11.145500977746361,0.10222528308261175,,0.1384667624814209,0.1785714285714286,0,1
-0.76686437904538429,0.62821511083401282,0.13139558086613298,-0.63648899076609589,-0.77070497864656451,-0.029926585554613114,0.082466895084611067,-0.10658147310489666,0.99087819675573452,-1.9750860330066773,29.245771377940827,-3.9778211353549753,,0.2832323014105234,0.2631578947368421,0,2
0.22595474830444204,-0.90745669105560955,-0.35421293818419675,0.96901204739718183,0.17212776288122428,0.17716569996652282,-0.099800319226940465,-0.38326803558855566,0.9182295514621015,9.3985928875027493,-16.954542666132323,-0.13817817922057146,,0.3286806528032624,0.2142857142857143,0,1
-0.50948549782957009,0.8556948107399972,0.090614117961800786,-0.85633426052760664,-0.51453584345586312,0.04409648564001506,0.084357345548515941,-0.055129453759342487,0.99490933334661436,12.001402112235107,-14.445057528113155,-0.38545308556395147,,0.2024466992482939,0.1052631578947368,0,3
-0.66668888284294014,0.74529643282028202,0.0076916005483770875,-0.74265896337502746,-0.66513272016650493,0.077821132622416828,0.06311574773669755,0.04617024787965885,0.99693766635550918,11.316708406761315,-15.204830551199773,-0.30998563162041892,0.7405522004648373,0.2392693046910721,0.5,1,3
0.37135198837295658,-0.92162770386625414,-0.11269461476782522,0.92400561032459949,0.3549079832050116,0.142316392400931,-0.091166511505684208,-0.15697993159499163,0.98338495425561423,1.0632600573404192,-20.240328339003064,0.44995749596070345,,0.1324177272288407,0.2307692307692308,0,1
-0.38373755883250715,0.90912110117642642,0.16200095474110884,-0.91900659046330113,-0.39314580575325897,0.029381322360290084,0.090401176022696927,-0.13760522815061732,0.98635309527538384,9.6683676404749264,-7.41478505314738,-0.78801131817591008,,0.112854629595729,0.3157894736842105,0,2
0.29562769560651914,-0.9417912177351091,-0.16010486497105475,0.94228076471746314,0.25989493995173729,0.21109614072965774,-0.15719804716933305,-0.21326960023524991,0.96426389104935639,-10.850732131000898,28.364048464568128,-3.8299705202019161,,0.1771258219191923,0.2,0,2
0.99736445829672316,0.068698300242467605,-0.023338399051345424,-0.0647965260995612,0.9881026951626366,0.13947929601830739,0.032642725558889238,-0.13759944533365495,0.98994992050707198,-2.3474814206518491,-6.9001550334841246,-0.46428046947129181,,0.1316685951264029,0.552,0,1
-0.38851701981030445,-0.91794428132141703,-0.080204873337138619,0.91226270781673247,-0.39544224337680989,0.10678100992216985,-0.12973541245397233,-0.03168167518334019,0.99104237760701985,15.933696804476172,-5.9273430287495064,-1.1904648027309908,,0.1102279907879446,0.2857142857142857,0,2
-0.34542334781346523,0.93174648936739868,0.11194279939713185,-0.93383711466567032,-0.35308116771960518,0.057288151258841249,0.092902928146714664,-0.084747675798742345,0.99206193223431272,12.639694621262919,-7.0714366901938321,-0.9940746085085902,,0.1716735434678759,0.3571428571428572,0,1
-0.98757688152920753,0.15708559807145195,0.0040022428188608607,-0.15692087641199942,-0.98456725205058659,-0.077480092511865745,-0.008230529456652827,-0.077145583594212114,0.99698586615697449,7.4940315938291766,-17.829897344899589,-0.041783615857332639,,0.2033292415530646,0.5,0,1
0.45949658616683592,-0.88646609925553366,-0.055142924946928226,0.88409620587374993,0.45055522874212456,0.12399146991939471,-0.085069301517432569,-0.10572530786812998,0.99074990447414435,4.2915467385293766,-22.243808116732172,0.41105063815889437,,0.112584376695837,0.5789473684210527,0,2
-0.95324913922255095,0.30148922556537,-0.02050183990424248,-0.30218545139543213,-0.95109242506487301,0.064087065381070674,-0.00017758492232153734,0.06728629765570536,0.99773369323250949,15.69434605520283,34.95585901706702,-4.7260290475727089,,0.2347761520794282,0.75,0,2
-0.70886586392657713,-0.70179480101169101,-0.070662891481939147,0.69897983291227683,-0.71236330411496285,0.062973932165126992,-0.094532429047140293,-0.0047518652520577662,0.99551044175090064,9.6950481993433026,-6.5668973184647754,-0.85746854372999948,,0.06644662545124812,0.1379310344827586,0,2
0.4416577893197699,0.89284439564739237,0.088132186482681535,-0.89061327570632609,0.4244364518028933,0.16328408225120725,0.10838076521607787,-0.15060738209667737,0.98263473691355163,-4.7968951855315511,-10.136007956348092,-0.13612548017284859,,0.5110496466630785,0.7380952380952381,0,1
-0.99188831008306433,0.12697789326724024,0.0058476441389395751,-0.12657768971261446,-0.98245410488476603,-0.13697452413529201,-0.011647694517775621,-0.13660361055435521,0.9905573102026628,8.1246140158611997,33.233619365707845,-4.4558464171657119,,0.1427177589946381,0.1428571428571428,0,1
0.81904813013662059,0.56343051737283767,0.1081952522649846,-0.56770791851815106,0.76867611619810505,0.29469432915885346,0.082872672042691414,-0.3027921407163251,0.94944670190007585,14.743836056181916,27.645170884759679,-3.9686488524491272,,0.3457634932346952,0.3461538461538461,0,1
-0.84914931166031959,-0.52250048220100354,-0.077062913301567518,0.52225762886752813,-0.85242465161891823,0.024883376017606391,-0.078691902991815776,-0.019116992757365187,0.99671566908092812,19.373909982090634,32.693419635851164,-4.5333325575123924,,0.565113691847336,0.3333333333333333,0,1
-0.33991117263803367,0.92056388992255511,0.19241236781062215,-0.93582201992146263,-0.35136962572932656,0.027866344305376035,0.093260611974990068,-0.17059164893243237,0.98091842044512723,5.8424843506206701,29.156409156632922,-3.9898363599498445,,0.5317828813102512,0.1,0,1
