axis_00,axis_01,axis_02,axis_10,axis_11,axis_12,axis_20,axis_21,axis_22,location_x,location_y,location_z,dbh,dbh_approximation,score,reconstructed,number_clusters
0.99398281314649251,-0.10726869024705593,0.022171947638070309,0.10554718232906318,0.9920864668153514,0.068001725450370115,-0.029290945218269249,-0.065252359762028492,0.99743880517739358,-15.578906920329761,14.679622423474896,-1.7119829468117602,0.3395302704419099,0.3403570596161464,0.8536585365853658,1,5
0.50665299138384012,0.86013050284151904,0.058976812421504626,-0.8621450113974507,0.50569757686572925,0.031240039606552996,-0.0029539201572461229,-0.066674424134933158,0.99777041223017782,0.18673337382235763,-13.277285244251324,-0.49679018084779208,0.4779404342252087,0.4282436549871754,0.8947368421052632,1,5
-0.96946249764387449,-0.24523466180599957,0.0015576620292330502,0.24259178356640085,-0.95990680561892727,-0.14045693671919177,0.035940119757352659,-0.13578985667332999,0.99008556328049901,-2.4711061716428073,10.375400250402455,-1.7255991063982918,0.2691468821896428,0.299540459619143,0.2857142857142857,1,4
0.99979710119740084,-0.017322901110928161,0.010279763342233957,0.014252709770702691,0.96898999770422956,0.24668855792952091,-0.014234349351601889,-0.24649199063307406,0.96904028907588691,-14.352285845274318,9.8861838669799411,-1.6294797169620674,,0.6477648168004905,0.2988505747126437,0,3
0.3785220842624874,-0.92500898292024125,-0.032854425005516344,0.92549242728826753,0.37772143193263064,0.02811204174075815,-0.013594070680023206,-0.041047550178101487,0.9990647125520562,-19.51004018254104,17.173853508944806,-1.7934277912060004,,0.1299057773051117,0.2142857142857143,0,4
0.23595876284944969,0.95516591654008276,0.17883381703330431,-0.97175165295503785,0.23103396708506774,0.048187457207120817,0.0047103305308061295,-0.18515231009382527,0.98269854729373185,-16.598743877295068,34.109825648888894,-2.4269917385032436,,0.2336531154088297,0.2727272727272727,0,2
-0.39805426538994193,-0.91733742985595035,-0.0066963863503352438,0.91734174460178908,-0.3979865746763977,-0.0095294274903755753,0.0060766286557400505,-0.0099361039964123068,0.99993217191045136,1.961686660763386,15.922711281635156,-2.1341355378275688,0.1970574835252042,0.1931360755380955,0.8166666666666667,1,5
0.75321383625806371,0.65024048368651988,0.099278548763218899,-0.65771679452092835,0.74653901448549409,0.10043962393468833,-0.0088054003046596184,-0.14094968331339788,0.98997760161496928,-13.39097480118566,-11.756103169975438,-0.16647787704542724,0.4565735070151181,0.4591218811884773,0.5434782608695652,1,2
0.22252391196378607,0.9378995585552895,0.26613441465944948,-0.97392084699024761,0.22625166283836556,0.016981426932829054,-0.04428648103127622,-0.262972628090205,0.96378633756305065,-13.074851923519805,-4.1729610394069034,-0.82329733485928691,,0.4362327616842832,0.2444444444444444,0,3
0.99841132191169779,0.044434461538612566,0.03464694656545364,-0.048167463124302513,0.99212287982334646,0.11563773963200132,-0.029235727709513212,-0.11712288400992836,0.9926870112308771,-1.9495813796155217,8.70487055106938,-1.6662845553611385,,0.07486353796859446,0.2,0,5
-0.98767065002197785,0.13854675408989062,0.072879928761745663,-0.15086761080041952,-0.96665463115278394,-0.20692459516028269,0.041780989654804597,-0.21536857013508051,0.97563862567112125,21.872941365619145,-2.8523651543869044,-1.6429711935439233,,0.3867853447492401,0.5277777777777778,0,4
0.99934467063523269,-0.0098948661721671872,0.034818398820046746,0.0074544158451809875,0.99755163684935733,0.069535339961591974,-0.035421193618567472,-0.069230220587558122,0.99697167241603868,-13.191688691372365,16.465591166047943,-1.8962650551253741,,0.07434732794776837,0.3928571428571428,0,4
0.96930845166801227,-0.24559815494978016,-0.011075730685751243,0.24002363381028849,0.93563666911444798,0.25879080088157014,-0.053195683447664649,-0.2535065476347379,0.96586989267129097,-11.508287304324305,16.508333838688873,-1.9541065808849023,,0.2891537199182664,0.2857142857142857,0,4
0.96949813729280387,0.23374325553491829,0.073739082430692521,-0.24415488972161686,0.94739772525997457,0.20694429201417952,-0.021488406427832736,-0.2186358631701642,0.97556988869328509,-8.9836722581269086,19.64105808697915,-2.1682808520049663,,0.4385441039603656,0.5476190476190477,0,4
0.87401267154149587,0.45702681132865741,0.16501013214847571,-0.48419977789776913,0.84759998451170515,0.21708256802311116,-0.040650031594683549,-0.26963078456014128,0.96210540740026729,-17.889054131322638,16.379276414591992,-1.7862383800901016,,0.4497983728838026,0.3170731707317073,0,4
0.27043744688285054,0.92880034684754886,0.25336436809338064,-0.96270932743966187,0.25888164786476331,0.078555988056281653,0.0073714438313974423,-0.26516072125165391,0.96417604913270027,1.7099917763291441,-10.085457722677315,-0.66391889016285965,0.9623111535365764,0.6053197543676492,0.1111111111111111,1,2
0.43023810958639686,0.88701984978979309,0.16760356541081703,-0.90271384059106607,0.42310648403998274,0.078029642884311592,-0.0017003131631427634,-0.1848693842750023,0.98276162913136289,-3.2099822334060342,11.46612468616296,-1.7800458861926849,,0.07962045459560563,0.1836734693877551,0,3
0.053402646167723597,-0.99743026036933657,-0.047760162079317867,0.99848532845444204,0.052702856162875837,0.01579423355218559,-0.013236549531908658,-0.048531274986682832,0.99873395311497093,-14.047556410377219,-5.252052408198149,-0.7252194568872079,,0.1022499996106493,0.44,0,1
0.14524535430126995,-0.96240624440954992,-0.22951690084915877,0.98914359381249484,0.14648339001364211,0.011728907443237731,0.02233243993833614,-0.22872874146380301,0.97323400318463171,2.0280719500453017,14.541318475778217,-2.041685640103708,,0.3969152611290084,0.1111111111111111,0,2
-0.98714894916015572,0.15380818807409924,0.043358891283837644,-0.15958693351039249,-0.96293429431249189,-0.21746161842875575,0.0083043858743861859,-0.22158652061501097,0.97510535382438723,-2.2590258668965255,17.869643770702979,-2.2245225041304,,0.5306344454460162,0.293103448275862,0,3
0.98406549701877977,-0.177250443335953,-0.014049125040013826,0.17594523606290383,0.95931852501111525,0.22079683303269396,-0.025658750631136616,-0.21975042186013308,0.97521863220938443,28.959943622654738,-10.445605307222209,-1.7340733431715929,,0.5315670442902402,0.4090909090909091,0,5
-0.43136738810528691,0.89437324644911698,0.11840047514807568,-0.90136410342662354,-0.42168365110813572,-0.098618717503482903,-0.038274397880859713,-0.14926283671490206,0.98805651459958443,-0.87013876781407506,21.523367021972984,-2.4191695562867368,,0.1982174920573459,0.3,0,3
-0.075411744462205388,-0.98555691388162381,-0.15162664111988025,0.99713920349391061,-0.073749133932177108,-0.016567259875556187,0.0051456440507918226,-0.15244223412290869,0.98829898694824103,-13.303973982287065,13.586840495257237,-1.7101347217947644,,0.3117158880033488,0.3055555555555556,0,4
-0.61543951173465339,0.78216935174703595,0.097186998016369333,-0.78772780096029604,-0.61458460229809653,-0.042079427424189055,0.026816394054171865,-0.1024542424973839,0.99437619098820917,2.9072366445444549,-6.454742385201806,-0.96281227520881418,,0.3062611697575127,0.2156862745098039,0,1
0.80088184966288289,0.5970200166686338,0.046425882625348851,-0.59862095407607141,0.80021348475840715,0.036212320442906003,-0.015531137164181539,-0.056793296327909658,0.99826514777918429,0.31068355152619115,-4.2010853580294105,-0.95500538058471474,0.3138845059222612,0.2194514459326247,0.8162729658792651,1,5
0.4833728563252761,-0.86595198202215429,-0.12836606482964263,0.87531687403472858,0.47590386407146484,0.08564976469273862,-0.013078677227333036,-0.15376175400193887,0.98802139208026873,-5.3951481805317245,18.618234567717622,-2.1872896974567806,,0.485152869033598,0.4210526315789473,0,4
0.89466393448592363,0.44411933411211946,0.048316264321373446,-0.44673848357727486,0.88967550129861539,0.09435162786159533,-0.0010824145427080964,-0.10599773326285582,0.9943657822561538,-9.6508099974227246,15.703528072333768,-1.974134671232908,,0.1155489976531082,0.4285714285714285,0,3
-0.79743785193256955,-0.60331159342142116,-0.010391994441691838,0.60326223540694124,-0.79676665331088969,-0.035179191343545503,0.012944019352219319,-0.034322316574953299,0.99932698900206784,-4.4259176187296543,-17.053290228903879,-0.23614576740609555,,0.1130620639082407,0.3333333333333333,0,4
0.10860043402761604,0.98233906840350682,0.15236764885350301,-0.99405682517990024,0.10615027023494503,0.024148466665732192,0.0075481151469259473,-0.15408463524043897,0.98802882100703426,10.253744447947534,-7.7721092628828998,-1.0948836002340387,0.5582161263429031,0.427027756179822,0.8541666666666666,1,5
0.81284952470347938,0.57209621478154338,0.10946036370283518,-0.58230889201537883,0.80261216382102163,0.12934476706213718,-0.013856567726119465,-0.16887757553673888,0.98553962883878177,3.9410703399539972,1.1371727675542203,-1.2915002627821235,0.8638789434372416,0.8655733950267275,0.6677215189873418,1,2
0.38904431120046673,-0.92098441112505203,-0.020790343604535799,0.92095691435167615,0.38829620894238398,0.032625389328119016,-0.02197466337383247,-0.031839732813149522,0.99925139258546625,-10.714360516643419,3.9374898362545254,-1.3327661862458331,0.1723078384792682,0.1285877686055498,0.564935064935065,1,5
0.29154018195664777,-0.95259200655206233,-0.087021786684709099,0.95635422404404369,0.28838882671431465,0.047100772599344615,-0.019771708519975471,-0.096955421093692984,0.99509232027121219,-6.8810854415230178,19.757156608613304,-2.2079587675270678,,0.07105103433245119,0.3571428571428572,0,2
0.98774428335216036,-0.15572490511942685,0.010534924331636306,0.15378553641962708,0.98253213111868354,0.10478845407537195,-0.026669073723235404,-0.10188407748477812,0.99443873378998127,-9.6335964452848533,13.151841103317082,-1.7680852509537726,,0.07015392077436475,0.3333333333333333,0,4
-0.79555531741856822,-0.60582642890538474,0.0081286509821542636,0.60550849308154253,-0.79546504977849086,-0.024388919349214652,0.021241509672347465,-0.014480767267370296,0.99966949820737638,3.0562767493181431,11.922004560356138,-1.8702595419692056,,0.08291430702061454,0.391304347826087,0,5
0.80895100463594594,0.58002801544723659,0.0957380457019852,-0.58762695382623786,0.80255392137812687,0.10296487953418408,-0.017112429266229946,-0.13955179890253197,0.99006689682449067,-2.4425936620574737,2.5594728083263116,-1.339701722360054,,0.6727093124451951,0.2145922746781116,1,5
0.87054164366290177,-0.4918459495446425,-0.015646359487853884,0.49115214984320632,0.86646778944421032,0.089460245696405732,-0.030443592972755468,-0.085563612430715141,0.99586748911424783,-11.255417464167969,4.91948382193402,-1.3831418374169075,0.1613420331540437,0.1161021009959346,0.4434389140271493,1,5
0.41944927439082913,0.89234228175755526,0.16669600595313397,-0.90765805036440073,0.41525655171493814,0.060982455399192288,-0.014804385218657616,-0.17688201843471629,0.98412071502065168,-7.1502314671247369,25.998956543120954,-2.4438249510997569,,0.1832232205506648,0.3333333333333333,0,3
-0.93605209905986941,0.34780658972929729,0.053263908854772439,-0.35057301966124327,-0.93481956718980752,-0.056665109941298419,0.030083645577137014,-0.071714384470189421,0.99697142452973653,-12.888233514751764,22.706217732300637,-2.212209185837291,0.2830607618574442,0.3270095258026475,0.8725490196078431,1,4
0.94893498340081206,-0.3115858646955279,-0.049362396619693154,0.31491002811185809,0.9262447199629108,0.20712892829205948,-0.018816786991633527,-0.21209659983782977,0.97706753137362123,-17.984160379876471,10.723381477038116,-1.6254306325442944,,0.4065642774535396,0.2407407407407407,0,5
-0.13839364779591448,0.97197805372858814,0.19001542389954809,-0.9903201803187518,-0.13787533163823237,-0.016010414706731611,0.01063666786049294,-0.19039184855353453,0.98165055152085179,-4.2723611790402112,3.6209008224927031,-1.3914692769119461,0.8321815595676418,0.5445629628274425,0.322884012539185,1,3
-0.61054514884716471,-0.79198136753662196,-0.00036700683263618094,0.79187649617383837,-0.61045662744476914,-0.016562633130132742,0.012893255083109623,-0.010402859394437663,0.99986276282786979,3.094808469520137,10.015635455143908,-1.7785534453332523,,0.0738769180650479,0.1875,0,4
-0.94077510731255032,-0.33893697006571055,0.0079954852095521535,0.33809873596117412,-0.93967447376774471,-0.05197237815195295,0.025128513734735961,-0.046191056190446111,0.99861651504744076,-16.825578458637743,12.707175977469998,-1.6654588354578983,,0.09501173312670641,0.3333333333333333,0,5
-0.65332199816036352,0.70358288093702281,0.27953800523740618,-0.75643074028993773,-0.62192589673878307,-0.20253571070326382,0.03135126575061483,-0.34377217545638938,0.93852958904757755,0.90231615991568714,-8.8574671967071126,-0.68346336003077623,0.4517223370799017,0.5307601466504265,0.2142857142857143,1,2
-0.41951101673077018,0.90294258252082005,0.093301658678443491,-0.90749498012825525,-0.41960920143890829,-0.019518686170456885,0.021525981592821496,-0.092859090768944441,0.99544654370690921,-9.1357565446997224,-10.946704227576685,-0.30004559742376391,0.1837354365372051,0.1982321954384084,0.6326530612244898,1,5
0.99455056183721846,0.094946592853475412,0.043061867757786067,-0.1007585601547505,0.98144698816211096,0.16312425320308158,-0.02677484836211402,-0.16657416946525028,0.98566533547758883,3.4706668929138087,6.9053631691922224,-1.5214157010565397,0.3493659581687566,0.2717334953276273,0.6086956521739131,1,3
0.81166434478919935,-0.57523627994474125,-0.10150967260934214,0.58321528987182003,0.78838036311326853,0.19574557138571647,-0.032571721748315165,-0.21808169407982597,0.97538682462376158,11.326225034105493,13.068586127037499,-2.0472403188848682,,0.6375048958801018,0.5925925925925926,0,3
0.9957760535642094,-0.076334126690398976,0.051021096131928408,0.066624658308556142,0.98309743160831997,0.1705303341649031,-0.063175992697839772,-0.16641076007139527,0.98403061582407259,0.59241057815740261,3.0566925965256897,-1.3197949791717527,0.4279077157342908,0.5398569187567842,0.1309090909090909,1,5
-0.84996951399160781,0.52017652439871287,0.083475797386703285,-0.524961267785925,-0.84959272574054134,-0.051067285940732343,0.044356426924008978,-0.087227196637479465,0.99520044390931728,12.66030523877401,-0.53771640383726416,-1.4539290733174866,0.4555024192085835,0.1691652559429682,0.4074074074074074,1,6
-0.9232181561582784,0.37994573779772478,0.057528014645490046,-0.3830112657457222,-0.92194637690259573,-0.0575955590999662,0.031154557476699849,-0.075207143580383509,0.99668113210941822,-12.384574711806382,23.588338942587026,-2.261664087788573,,0.190992206071852,0.3783783783783784,0,3
-0.82002188036705292,-0.57021542931326297,-0.049178042787149823,0.57220823009538335,-0.81502400818729626,-0.091178986007874024,0.011910379103638678,-0.10290884437892808,0.99461948131845979,-9.7862074324477071,28.934541477842217,-2.5201653185406325,,0.3642665783421638,0.375,1,5
-0.45671043844488102,-0.88687550857852937,-0.069766809437285193,0.8892130485825559,-0.45273949509842348,-0.065780725205341922,0.026753124041887674,-0.092080301159360639,0.99539212800403432,-1.0846628501210744,-10.08464234925771,-0.56451939140077911,,0.143462909364587,0.2272727272727273,0,4
0.93462709803815625,-0.35320117658501893,-0.041486340785046358,0.35429971383416087,0.91469745381768475,0.19442294297864188,-0.030722961930883683,-0.19641154965633437,0.98004010263447427,-14.211353646880118,19.333617763530999,-2.0128240690352581,,0.2747521514445618,0.3220338983050847,0,5
-0.45112885233958044,-0.89127170297195379,-0.046016410857936507,0.89245332167109148,-0.45034487973496717,-0.026768599790302036,0.0031348405076249185,-0.053143586423683581,0.99858196058061255,3.0557767163835972,4.1388737597284644,-1.4402296737621911,0.3411960047716411,0.3039733165720355,0.6581632653061225,1,5
-0.25887192592679747,-0.95567793542010937,-0.14023198536036108,0.96590728248790381,-0.25569119215146929,-0.040560274814081157,0.0029064761798352156,-0.14595101235455127,0.98928754889005777,5.4656501981563057,6.5688830202314872,-1.5088033834307986,,0.3952194492969134,0.4242424242424243,0,3
0.76085429430736862,0.62957002966962283,0.15729691851981042,-0.64892261071319546,0.7380012639624417,0.18507722630029516,0.00043375016803107652,-0.24289032943209224,0.97005365817008438,15.399117805408387,-7.4903438497167434,-1.2741777701083388,,0.4338425320933176,0.2903225806451613,0,3
-0.094603630662615554,0.98032377691797123,0.17324966226441979,-0.99515035112096817,-0.097835924504885652,0.010193651950532364,0.026943120258531836,-0.17144510574979502,0.98482518447954814,8.1010715751792084,-13.193736460057368,-0.78707085634130614,,0.3855928692600014,0.3478260869565217,1,4
0.99928888379294778,0.0095292272308367502,0.036481783895912868,-0.020528227255202598,0.94906994514077847,0.31439597821257109,-0.031627813923882961,-0.31492131248752242,0.94859066426332339,-12.701992335191818,-6.1501998052632265,-0.56721229385212002,0.5379161668683983,0.2838363874759662,0.1694915254237288,1,3
-0.24795112960712273,-0.93905868942731885,-0.23809455083558273,0.96876308166430136,-0.24142982386332276,-0.056654494557901024,-0.0042812300613419884,-0.24470475671790906,0.96958818738100927,-13.46172610492896,-13.297961300717633,-0.11624477310936521,,0.3851409176316964,0.4444444444444444,0,1
-0.62927622856686172,0.77514454057152382,0.056234948055710832,-0.77697056520396846,-0.62914281220948864,-0.022272463980489227,0.01811543450467229,-0.057708431509594968,0.99816910789976343,-0.12306243087355033,16.338467580644693,-2.1792180398173056,0.1694949503385414,0.1143797275957846,0.4411764705882353,1,5
0.18073889195362325,-0.93425566817596406,-0.30740819672946107,0.98338938825491673,0.16635315327061664,0.072608122579665202,-0.01669622720848752,-0.31542507014821342,0.94880359459637242,-5.8740035239322781,-11.934757158085201,-0.37387986646009075,1.168024814835054,0.4698479574438901,0.4516129032258064,1,1
0.9885978636320143,-0.14876618184697224,0.023299939074827934,0.14625710866108407,0.98546275443519549,0.086440834025924493,-0.035820694972556799,-0.082047442127534731,0.99598448534704187,23.305405059226072,-2.1286733285134081,-1.7105035033969738,,0.2386698381612932,0.8448275862068966,0,8
-0.85463823988618604,-0.5188490473147136,0.019726759106775651,0.50821159514930214,-0.84369138403368282,-0.17293300165998224,0.10636941985385016,-0.13776978844414162,0.9847360214351929,-16.617394883400799,21.112676899757499,-2.0057979887662256,,0.2283878548371276,0.2631578947368421,0,2
0.94751043560774451,0.31625674570608231,0.046964297182228436,-0.3186707546129085,0.94606060666498426,0.05846604716518379,-0.025940789673054302,-0.070363337840671863,0.99718407333804604,1.6996780252146755,13.096831138157141,-1.9167585618896581,0.1178195889100532,0.09385143391002077,0.3846153846153846,1,4
0.92981801057692681,0.36625977744358829,0.035947776478367471,-0.36742432654988377,0.92942837935264833,0.03409181592807304,-0.020924422719156521,-0.044907272026725585,0.99877199873293754,3.2219528328339924,14.290882075179827,-2.039254573128424,,0.07043875708381717,0.2631578947368421,0,2
-0.20688962503606342,0.97402706364277536,0.092021531957844613,-0.97821337335770953,-0.20759266215548033,-0.0019704830194866847,0.017183691005326018,-0.090424365691069,0.99575506770128974,-9.5834800336331138,4.7050814157375598,-1.3988917882908378,,0.1359052051464496,0.6,0,5
0.80490172900603407,-0.59198626269473509,-0.041054493345038072,0.59209402079252038,0.79659319124359962,0.12191783383117274,-0.039469952936940694,-0.12243999528364462,0.99169076347927021,1.1691853249431734,17.314393781759211,-2.2401602233666984,,0.1709809875187391,0.2631578947368421,0,4
0.99952587819968586,-0.0056129297568452844,0.030273979399664103,0.0045305144263732503,0.99935211048624317,0.035704813481154202,-0.030454773815922351,-0.035550728350292729,0.99890372532370941,-0.41525798371297029,-7.5859303381356069,-0.77633285962796361,,0.07317820961941986,0.293103448275862,0,5
0.56552624121521133,0.82064193127651464,0.082017626933160906,-0.82470485653113279,0.5634866251595847,0.048422338648871785,-0.0064784342984291468,-0.095024438419882909,0.99545385929837427,-15.061315586368769,29.946663178653459,-2.3935598104133198,,0.5162968446557011,0.4137931034482759,0,1
0.1150390381260519,0.99258022028860948,0.039376718995480293,-0.99332929547624649,0.11462839571272601,0.012539603063561427,0.0079328718442787938,-0.040556592412861137,0.99914575130766614,-3.4822349204565226,5.6674765445403175,-1.571126547257238,0.1598310276918966,0.1245843898932565,0.6325088339222615,1,5
-0.17205244873287318,0.98381990442893397,0.04996349201633251,-0.98493627015223806,-0.1726941311962378,0.0087909492647471471,0.017277112710773847,-0.047698351122661443,0.99871235532387381,5.3519917048485048,9.5140447349139805,-1.7645076075844213,,0.07115358531589783,0.3636363636363636,0,2
0.96209921808358345,0.25923953794844151,0.084616526324571117,-0.27261413268067519,0.92209434299226378,0.27463349628992689,-0.0068285595641773365,-0.28729233297452383,0.95781860818650555,-0.82693276611586541,-3.7004795577735266,-0.95498446192187125,0.6801025993182089,0.3954129705657924,0.3281853281853282,1,2
0.82385838111026688,0.56495802548097018,0.045604794912532678,-0.56654358526452286,0.82322157457983158,0.036532247972492146,-0.016903664395365097,-0.055934502687935733,0.99829133900833911,-15.927710026067379,16.942745094449279,-1.8601459235609361,,0.0756927421658235,0.2777777777777778,0,3
-0.33752878285334326,-0.93949846076082766,-0.05845479427365291,0.94131404410857611,-0.33697458480684706,-0.019390708037867323,-0.0014802396756948923,-0.061569240877952999,0.99810171699492345,-4.5367529473508537,-6.7310253998722569,-0.70700328750917063,,0.100935881116224,0.3,0,5
0.821641126658051,-0.55744196959015635,-0.11901390474871554,0.56920759782475727,0.7913662225439676,0.22302962223673736,-0.03014248766539683,-0.25099392892247319,0.96751923912726534,-4.375927996212547,27.561397236109951,-2.6368612002602845,,0.7899397042105628,0.3333333333333333,0,1
0.6571784719829793,0.75203557441176994,0.050586072997171501,-0.75366995805068182,0.65652185550418107,0.030994315240541439,-0.0099020348413529219,-0.058494000243664787,0.99823864964320741,-4.9377333674148254,6.0028957235348157,-1.5953013431610485,,0.07642337127349394,0.36875,0,5
0.075361627651734792,-0.98010597525731313,-0.18361073591321714,0.99682872678773438,0.078767871386251395,-0.011318652217682204,0.025556105501956982,-0.18217546405098253,0.98293386642712799,5.2671259396600716,14.116528760901526,-2.03934589171811,,0.4905417416054264,0.6825396825396826,0,5
-0.64901326950846772,0.71573298184574408,0.25789159486134761,-0.7592695230851042,-0.6307064258691526,-0.16037205392922596,0.047870317693204649,-0.29989281929642747,0.9527710793356361,-6.9086151157463158,-12.762285045620025,-0.30102482572947314,,0.4391659749277138,0.35,0,4
0.76658841645860742,0.63812685038374606,0.071668141951671732,-0.6421387134990203,0.76175214096636046,0.085974114470518032,0.00026903031083633954,-0.1119276487400971,0.99371632223195649,-5.347081304156422,-10.957322882098811,-0.4192605850973376,,0.1127396069345097,0.4117647058823529,0,5
0.13968308142375008,0.96861938740461206,0.20558482217293658,-0.99011585236990052,0.1392740918112497,0.016532581043969315,-0.012618860875286346,-0.20586211330418117,0.97849964468881889,-11.077682790453482,-12.129115544660237,-0.20285425903053705,,0.3161403716071475,0.3214285714285715,0,4
0.99746478123976068,0.064899485425187101,0.029190186327976091,-0.065424742459618518,0.99770555677171313,0.017413358692059119,-0.02799309308398459,-0.019278972441280351,0.99942218704669517,-12.325857666401983,-1.3843417113860377,-0.91971340051795458,0.2167101928474224,0.1852329928141606,0.8149779735682819,1,2
-0.224390837055817,-0.96530138443824154,-0.13357391005358984,0.97441589871841228,-0.22046139222265101,-0.043708475883285344,0.01274396210678325,-0.1399643231000855,0.99007453239084808,-7.4546977729930726,11.495187193776344,-1.7716779262485529,,0.4595686024043892,0.4623655913978494,0,3
0.75107299200560051,-0.65982444864030265,-0.022826687369753112,0.65953675498921582,0.74827648749537501,0.071369230624128199,-0.030010489800254093,-0.068658540897001963,0.99718873602936586,6.0205564526807303,19.093977698515545,-2.2645020778367768,,0.1365141062695738,0.25,0,3
-0.82468830321892528,-0.56415544689250252,-0.040222310667216279,0.56533855346448325,-0.82012847068526218,-0.088213443069283984,0.016778632261746598,-0.095487817615510187,0.99528918118627796,-19.3221216481749,13.650490248733663,-1.6874437464125243,,0.4492776719750402,0.5106382978723404,0,4
-0.6563599228894188,0.70195986426980017,0.2764850820187606,-0.75394330584774094,-0.6236888244460429,-0.20635343910023332,0.027588823678742293,-0.34389620413060357,0.93860228936040124,-2.0187758116988763,14.099945259604354,-1.9181494190001827,,0.5500037037707373,0.4193548387096774,0,1
-0.8228260590127433,-0.56829087056308858,-0.0016622407183367598,0.56807345886541483,-0.82242288130858832,-0.030218365818904084,0.015805756617215883,-0.025808733690906721,0.99954193875146169,-0.59299939711659133,7.979761419599896,-1.6165874830103462,0.1601960772087988,0.1143471353005629,0.3846153846153846,1,5
0.85321373265779743,0.5181609488501101,0.05946055407497372,-0.5212520711974532,0.85107419025283881,0.063000007601909519,-0.017961199194773809,-0.084746408609623028,0.99624065443609422,-6.6059832483606931,11.867067652043268,-1.7984919080659343,,0.07649535424399261,0.125,0,3
-0.18903842612107433,-0.97220079155459704,-0.13816690758022482,0.98193951093406018,-0.1860489393310073,-0.034359700819222544,0.00769872172808116,-0.14216684942145433,0.98981276846145594,7.6137553707382182,-16.106987591363005,-0.5775172561677302,,0.4835222912207697,0.3076923076923077,0,4
0.14540076316099904,0.94607071618339189,0.28949752685030511,-0.98934477984572977,0.1368292506810703,0.049745982250443639,0.00745148738197326,-0.29364597075100624,0.95588520189272497,5.7492057314012248,5.7754400542010593,-1.4974138126475411,,0.2071711246367784,0.4705882352941176,0,1
0.23794092339241063,-0.96397522036715844,-0.11889445526707755,0.97116661463769482,0.23425673760800733,0.044262710021105177,-0.014816328436095745,-0.12599823571519278,0.99191981581594202,-21.650621829460164,25.196409242090326,-2.0429503463128973,,0.1745801674972389,0.2666666666666667,0,2
-0.98733581719772812,-0.15842672053287565,-0.0083041134201000868,0.15643831699021363,-0.96357397036675607,-0.21691532128671015,0.02636355544620685,-0.21546734753285782,0.97615510298896202,-3.6848487643973669,15.468496784915825,-2.0424624407835354,,0.6434701507475521,0.1020408163265306,0,1
0.99593029151367807,0.08534409161486245,0.028969647424735127,-0.088448869873820696,0.98725709546754437,0.13228841546799022,-0.017310455323977684,-0.13431237275627894,0.99078783534168136,-2.637013001743179,12.881116173156087,-1.8274452283363931,,0.1620623939178989,0.2407407407407407,0,4
0.99775532550895418,-0.052023865826092579,0.042164295357916701,0.047242774730998936,0.9930942907356296,0.10738645139873687,-0.047459779331945978,-0.10515344546331284,0.99332286908786982,-22.985445985227098,6.8998463539192034,-1.3547441999437644,0.430812727835872,0.2989568397376132,0.4285714285714285,1,4
0.99351957797488888,0.087251776804782383,0.07284212809225428,-0.10143143531760776,0.96979896292366219,0.2218144166676288,-0.051288518305853785,-0.22776544724035491,0.97236432931972183,11.368052737581584,0.95386121474155094,-1.4441043909433988,,0.3302020293402516,0.631578947368421,0,4
0.81426525006489692,0.5786068147721416,0.046757421186232578,-0.58024006120460547,0.81364334614836442,0.036138298822274546,-0.017133998658394586,-0.056556689858308487,0.9982523563319271,2.0762711377399699,-7.7556362805595525,-0.8597121444550474,0.1665459135752746,0.1980493151802212,0.5185185185185185,1,4
0.258283709707331,-0.94945904343796028,-0.17837334479594288,0.96588799779395307,0.25022024805861143,0.06670984319480483,-0.018705641325750668,-0.18951873863911237,0.98169890836612017,-13.626225568012989,-10.812627153838813,-0.19968647002567383,,0.6674036223249478,0.4848484848484849,0,1
0.10200771627969636,-0.99476632711354585,-0.0058634682933516409,0.99467675558108781,0.10190859905437424,0.015257435743137295,-0.014580045475996405,-0.0073886317949252382,0.99986640627341672,-17.570350088140728,-6.6096308372048629,-0.34513747514273285,,0.4997803709015269,0.2307692307692308,0,1
-0.90527586601641996,0.41435706697067887,0.093722075626169188,-0.4237044462141919,-0.89665098297575063,-0.12841945719767572,0.030824481610336685,-0.15596549547921509,0.98728142672359509,-5.2894093118920305,-14.783683224870542,-0.29418569292180113,,0.09180683661643341,0.2,0,1
-0.70381901521227996,0.70452070345209494,0.091045989658983612,-0.70979922241105209,-0.7026230081694268,-0.050059686930839863,0.028702921284850604,-0.099857332221089917,0.99458768115807894,-24.06924474484693,14.000121552207474,-1.6899663653111519,,0.1384880463015505,0.4090909090909091,0,2
0.19698703587536573,-0.96274712074611535,-0.18524062511258613,0.97995789953333068,0.18763800473119638,0.06689166108505587,-0.029641572820277302,-0.19470480393549577,0.98041390059769151,15.859019329718274,-10.195808666952681,-1.1661722108352681,0.641267992323118,0.3899548613261475,0.4038461538461539,1,4
0.98894512587173733,-0.14687427245006937,0.020383476317757106,0.14470884120549907,0.98594787653222338,0.08346338142300154,-0.032355668614563467,-0.079591035009368705,0.99630235262928191,-6.0776476729883608,-4.9944835645423886,-0.91881430842386602,0.3380112175161799,0.3347025930570756,0.8288854003139717,1,4
0.9811940721243958,0.18853575754122384,0.041381891647214848,-0.19100613094711547,0.97927906886253835,0.067299058153380928,-0.027836141409296473,-0.073937631934459638,0.99687430291655366,22.300323141528214,-0.16208950501105635,-1.7212842621222328,0.3561625036356377,0.2001831888036354,0.625,1,4
-0.87737797879699464,0.46787638918514268,0.10629942034260448,-0.47922563591253636,-0.86538616732526574,-0.14645672154705947,0.023466405909851818,-0.17943930964301183,0.98348912650243081,11.02634361207725,-13.656219558946411,-0.87226822023795814,,0.58762152559644,0.2068965517241379,0,4
-0.55752068515732012,-0.79987536849112129,-0.22219379042382123,0.83013999931820004,-0.53517075213167364,-0.15639644367695046,0.00618604507669775,-0.27164620546588092,0.96237730225847373,-14.687333433566446,6.6122636763698583,-1.4929391879084926,,0.3047878709130511,0.1935483870967742,0,1
-0.97707461836495879,0.20504147822142296,0.05729906068815728,-0.21162356191392032,-0.96478712423858459,-0.15620906806683135,0.023252057754885425,-0.16475374688369473,0.98606061918015364,-7.5396899723081718,17.640799866136341,-2.1481948668316471,,0.5613278820525235,0.2631578947368421,0,3
-0.76311610139736408,-0.62559408703693353,-0.16212912771156732,0.64578966241949198,-0.74775642225417116,-0.15432447923048631,-0.024688614789144889,-0.22246880959376703,0.97462716002465577,-4.5015059127433936,-3.0986428763282894,-1.0778371954323946,,0.4128302118620433,0.7574257425742574,0,3
-0.47935003242492019,-0.85247754556508804,-0.20857991447296884,0.87761723400639624,-0.46469207106564614,-0.11768292001680909,0.0033966143717227646,-0.23946463913497446,0.97089914492431506,-16.29314155095787,-4.4476686878021034,-0.68768028488318267,,0.3017551901572527,0.4736842105263158,0,1
0.034443739619418032,-0.9813000816159142,-0.18937734453104516,0.99932587943610607,0.031408093397501023,0.019008376006059802,-0.01270493960173069,-0.18990440092250183,0.98172037924247169,-4.2890682314042765,-14.192876932921818,-0.32939563205828137,,0.2009340102131397,0.2307692307692308,0,1
0.69683020675784646,0.6888154107691552,0.19990245830588679,-0.71716776904065505,0.67300222282622491,0.18093755585894877,-0.009902221925739715,-0.26944635450842602,0.96296448950262603,-6.6462453114504232,6.7882765872274691,-1.6285008492391746,0.433592891656371,0.5389675955452973,0.3541147132169576,1,2
0.40082681703140588,-0.91599937137063636,-0.016823031744370241,0.91589878797118862,0.40021440013942094,0.030949056753845496,-0.021616496972937046,-0.027813406293437735,0.99937937815875333,9.4989743885306588,1.3409046878338211,-1.4226048059598175,,0.09122651577555563,0.288135593220339,0,3
-0.044915054354873418,0.98812059354471071,0.14697050896403335,-0.9989904491212187,-0.044551309092257178,-0.0057674450800966953,0.00084879731652134189,-0.14708117986681513,0.98912406000061548,10.281255822867967,10.396609888527975,-1.9268637764714565,,0.2096669030698531,0.2,0,3
0.72162085324966352,-0.67439444495826906,-0.15638246949276605,0.6916923883603513,0.6929912567863028,0.20328491803892812,-0.028722535396112515,-0.25486319982918032,0.96655044634682696,10.193418153952321,5.2985001422269677,-1.5429379275418447,,0.4752131530362236,0.509090909090909,0,1
0.96266754555663936,0.24375387072037122,0.11770831423816965,-0.26959072302693837,0.90246357553068202,0.33597669100428523,-0.024331847232951065,-0.35516692603508709,0.93448617745851059,-8.9881475180235491,17.388885458217558,-2.1093147373023791,,0.2081817088797507,0.4545454545454545,0,1
-0.99729662975778977,0.065746000391234502,0.032816089137980918,-0.06900173550140315,-0.99146345307439954,-0.11062993137295603,0.025262477541811209,-0.11259522481147392,0.99331974840838921,8.0453619747427982,5.2674423849653564,-1.4968977060090412,,0.1450129618352037,0.3,1,3
-0.76490032811836206,-0.64351056404084839,-0.028664298565503617,0.6368557983099814,-0.74881404970033794,-0.1835543819426203,0.096654954365410523,-0.15865583172140277,0.98259154629856837,-14.226692116462818,12.701784104601018,-1.6883937670877365,,0.3507518376800499,0.25,0,2
-0.32651843873288172,0.93079519300493863,0.16433507795458546,-0.94477447544921933,-0.31624377485570471,-0.085971305705253256,-0.028051732693243188,-0.18333080358715664,0.98265096384677375,1.6576671819788953,5.3626348082760131,-1.5044964180294704,0.5536112049860618,0.3926840240716114,0.1935483870967742,1,2
-0.015652373467798374,-0.99985817809640809,0.0062150541876971966,0.99981386607561418,-0.015580952614951188,0.01137836185682459,-0.011279911691088438,0.0063919957245057351,0.99991594945920292,12.617267033414231,2.5618324049011711,-1.5270175518298694,,0.0622516035763741,0.2631578947368421,0,1
0.28508216122640911,0.91224258275224557,0.29417959066527993,-0.95849806942844706,0.27032899634351759,0.090574194105418046,0.0031003632721378076,-0.30779165672483455,0.95144872893822408,11.735007063114752,-7.6948811789234384,-1.1512215729765045,0.8246491059923372,0.5754932608568599,0.3653846153846154,1,1
0.61456665693382617,-0.77941560595663284,-0.12173387932878812,0.78867690574923599,0.60369175462414171,0.1163830045008143,-0.01722099076685606,-0.16753381327385933,0.98571591185641716,1.1569894967665399,-7.44537307714943,-0.82549156498896159,,0.1597854777954503,0.2325581395348837,0,2
-0.98648309601602879,0.16128529490841534,0.028950905356088859,-0.16292000220898334,-0.9843042189348552,-0.067840087465086851,0.017554889770562722,-0.07163978108112308,0.99727607391924999,10.268355461479205,8.2851843265410352,-1.8007955727114109,0.2961784688483017,0.1490406961631135,0.2,1,3
-0.83776506086199765,0.53919223011307671,0.086147790363886159,-0.54518833784941345,-0.83475726167421949,-0.077136180584422911,0.030321264351722301,-0.11158876765985797,0.99329178384816375,9.7930351847333519,-11.505663308842083,-0.91014964712050594,,0.1827108742293183,0.2941176470588235,0,1
-0.48552524960639998,-0.87272337476541328,-0.051177564739928107,0.87421517893164369,-0.48444651727500398,-0.032548315250292212,0.003612882527289374,-0.060543232802568001,0.99815903744927204,-9.6861024703348981,-4.8479078265607409,-0.84651839304160348,,0.5475913056864105,0.1384615384615385,0,1
0.22942189625670309,0.9570019393288095,0.17751867968998478,-0.97324309463425551,0.22315866462040557,0.054754809392184384,0.012785627271105268,-0.1853307813767972,0.98259301300668189,3.5704867599105015,-25.469182383197648,-0.19673969314466064,,0.6413885790740719,0.2857142857142857,0,2
-0.31848681843769611,-0.94785191695980875,0.011953660403818272,0.94792539665112086,-0.31843565689886588,0.0060145489608949857,-0.0018944300591971039,0.013246732842615429,0.99991046359348956,0.1276905518067592,-5.216215213923534,-0.9354071023371936,,0.07000648723262531,0.2950819672131147,0,2
0.96250202365527859,-0.27107773276972053,0.010330404441375405,0.2695278975946323,0.95992565140558939,0.076794896912316099,-0.030733806755945527,-0.071130911494116572,0.99699339343463311,26.463559817583146,-1.1501943959479384,-1.841979377701173,,0.2708510394644548,0.5714285714285714,0,2
-0.81356393535929494,0.5374908868890157,0.22184965538390206,-0.58069865333697979,-0.77073354948489714,-0.26221912537232978,0.030046582090400561,-0.34215981968908987,0.93916125382972138,-11.301348115076443,11.09444716850345,-1.676696245132633,,0.5745070513611149,0.2702702702702703,0,1
-0.84660265464927142,-0.53102947676269252,-0.035660060991935277,0.53191933012880344,-0.84194214313919657,-0.090527641311936302,0.01804913782241379,-0.09560921720900481,0.99525529700100057,20.022185156875402,7.5419133991555842,-1.9929394010622861,,0.2886234445210391,0.4583333333333333,0,2
0.91397777918304413,0.39947556994606032,0.071161001791023124,-0.40520213299913926,0.90779408856761046,0.10826414076069156,-0.02135065742734215,-0.12778560864969538,0.99157197804771002,-0.9817533095656481,-15.743294162845592,-0.37881025868272561,,0.1983829726879208,0.2307692307692308,0,1
0.75025688409173674,0.65934499287722503,0.048772822767291384,-0.66107210326545807,0.74923468614319755,0.04038637597120355,-0.0099137357812992162,-0.062542509124879311,0.99799306229814166,2.6886788145668121,-11.921602481759372,-0.64226719611289718,,0.1469310368640398,0.7272727272727273,1,2
-0.96895228797544353,0.22130701960088725,0.11024820498550608,-0.2453529884544956,-0.9157430401561244,-0.31814555703650471,0.030551181378169957,-0.33531759196468086,0.94160965258190021,-14.489668341010127,8.4285525174994866,-1.5918762151849633,,0.1423662503558231,0.1666666666666667,0,1
0.26391882786067211,-0.9624412321474507,-0.063668885361266511,0.96436250082743702,0.26200978939881298,0.036821695466685983,-0.018756846709952851,-0.071117824219296771,0.99729155003931169,-7.836539144013499,-4.6304169815708187,-0.90599823772627086,0.3108545853617073,0.1618490464945566,0.4768211920529801,1,2
0.78583370668305974,-0.61044625933374164,-0.099099696801778617,0.6177248217298702,0.76709203051949149,0.17316426112880043,-0.029688887812825172,-0.19729465572824142,0.97989458043276867,7.4487476191842328,-19.700880488712311,-0.51780406889448816,,0.3315932456395782,0.1538461538461539,0,1
-0.99172470526755019,-0.12756960983914367,0.014425796597738084,0.12554329143855245,-0.98715077738339241,-0.098854563304578799,0.02685127439741589,-0.09622545067108261,0.99499732246191586,14.365083156324616,10.137954447071399,-1.9759359151053799,,0.07922280174968382,0.5,0,1
-0.92803271649362074,-0.36229991070738243,-0.086568191727059401,0.37183994936618897,-0.88721245450560282,-0.27311007419261091,0.022143377628993568,-0.28564459608325532,0.95807976471461542,5.342468210066345,-20.018015328458493,-0.4344211887089548,,0.7404779212702697,0.1904761904761905,0,1
0.93080278783057768,0.35593959005908488,0.083145525408140727,-0.36484061664238326,0.91859314312941232,0.15191432402388255,-0.02230458730464667,-0.17173714107378857,0.9848902780315032,21.196091652417795,10.67013270842504,-2.1148550838944429,,0.2548369679431128,0.3478260869565217,0,1
-0.76573750831990517,0.63057213942059653,0.12658927813426846,-0.64248065850872804,-0.75897238149860946,-0.10573328503607779,0.029405302144588304,-0.16229510500585381,0.98630402366457204,-7.614826894388715,-11.480338769380189,-0.31781751349502113,,0.6422671854808111,0.5769230769230769,0,1
-0.86183671875660384,-0.50468619026718475,-0.050292340932238985,0.50684211096000709,-0.85335796577451906,-0.12202973738715393,0.01866935350925375,-0.13065998470369125,0.991251443195306,30.549753827297355,-12.268797100011223,-1.6985298806807578,,0.5886487117533004,0.6206896551724138,0,1
