axis_00,axis_01,axis_02,axis_10,axis_11,axis_12,axis_20,axis_21,axis_22,location_x,location_y,location_z,dbh,dbh_approximation,score,reconstructed,number_clusters
0.13315722728331753,-0.99091505773776334,-0.018881238592435928,0.98623423892236584,0.13059566271088269,0.10142385744156458,-0.098036619685913151,-0.032126643610419864,0.99466411414652367,1.6330017484578914,-18.407614134709185,0.69641894294614004,,0.1058759352962041,0.5,0,5
-0.59502844154202827,-0.80048291214646816,-0.071890619120817151,0.80107150391845849,-0.59793630941774556,0.027506644464645149,-0.065004610343294911,-0.041222290588893623,0.99703316062843195,-13.608678650472459,-14.888735562083179,0.33832152444973745,,0.1228802289632894,0.1666666666666667,0,2
0.99778712968527805,0.063271109604264381,0.02043552113011838,-0.065903323019670307,0.98184030366522912,0.17789426666853442,-0.0088088506275975798,-0.1788473784767779,0.98383739477751353,-0.095082478806198564,13.266691990144004,-2.9398947155432333,,0.08556514082330009,0.4285714285714285,0,5
-0.82184887733251299,0.56787145204604073,0.045677530344888057,-0.56615582153085742,-0.82303510750396591,0.045615760024947667,0.063498098979471423,0.011628661447261794,0.99791420756442617,-9.9289785436200368,8.3834967464957835,-2.5276448455454998,,0.09862430596930369,0.3684210526315789,0,5
0.42876042878037207,-0.90339439605873306,0.0065620028762761696,0.8989327887826335,0.42734329856986258,0.096423785545402096,-0.089912935462858112,-0.035443904089502633,0.9953187397509129,-7.1029886380714231,3.7977247401035408,-2.0908158664936121,0.4135502158645333,0.3678324784279951,0.9182338511856092,1,5
0.97933759111152241,-0.20222932236749749,0.0010880306352078371,0.19908798874270095,0.96504215090656897,0.17046295700828451,-0.035522603708998457,-0.16672416785938637,0.98536348444486621,-2.5867379022423727,-5.1388681134576393,-0.90243044986615017,,0.07880773933627364,0.4017094017094017,0,5
-0.83106444825278725,0.55223270124995472,0.06611298299477622,-0.55237215913336146,-0.83340722010087454,0.017815815953224762,0.064937513539074218,-0.021712879908231848,0.99765308107650941,7.9461854869113093,-12.725796762083833,0.045404147771313776,,0.1622288300080251,0.3103448275862069,0,5
0.97731175200205433,0.21011395448318534,0.026718262108767495,-0.21180342886199741,0.96888410613865217,0.12807379276887604,0.0010231915634971096,-0.13082704232436881,0.9914046792686031,-14.008699763968993,5.6854134984684679,-2.2879020220852535,,0.08654867202991415,0.2450980392156863,0,5
-0.46439350671662738,0.87442699866512952,0.14041401256615149,-0.88118975839369795,-0.47207586488289477,0.025475233014102983,0.088562297968660497,-0.1119008570144143,0.9897650820159043,-0.20632789540311919,6.4504625828763089,-2.2620789642574386,0.75219536933834,0.3502925731609154,0.3908045977011494,1,1
0.97521739537482266,0.21913747763499603,0.030492583592058038,-0.22124827261280725,0.96620991690906555,0.13224068334829914,-0.00048334686915064816,-0.1357098462247594,0.99074850694485339,19.018774288241168,0.080333807778701138,-1.3911808915148607,0.3831137309709771,0.347155712663723,0.6862745098039216,1,5
0.70069535737034117,0.70041775177450227,0.13579760365632512,-0.71125515865184674,0.67080530208283418,0.21008652024509458,0.056054575645391465,-0.2437933955149483,0.96820590002979523,-11.03721756016715,-23.915127863621755,1.3715878685463168,,0.1466275616130819,0.25,0,3
-0.14012897899963159,-0.98448875317448026,-0.10557350101932876,0.98680848873122429,-0.14759290657842467,0.066523232751644248,-0.081073274341905005,-0.094858994305705394,0.99218390199941886,-7.0671569494751028,23.25751009493689,-3.8626760046032618,0.2840731444749436,0.3233786184827516,0.5,1,5
0.82438024273938826,-0.56603288336703117,0.0019975805747796203,0.56230807767156243,0.81934955439977386,0.11169571831634548,-0.064860166252176055,-0.090956487685580817,0.99374044708950204,-17.484400670458026,9.0311509491534707,-2.6534014211576848,0.3430549140658113,0.319928147621758,0.5657894736842105,1,5
-0.609876446044336,0.76986263684606027,0.18804850690383326,-0.79036283776721938,-0.60826358293764893,-0.073088975559936167,0.058114587126451137,-0.19320179621391745,0.97943645056881423,-15.346435070982178,35.485002868079391,-4.6950315720799205,,0.2550089341680122,0.1578947368421053,0,3
0.0047062121231511425,0.99917341217677869,0.040377518082015694,-0.99550183150161797,0.00086045285368403193,0.094738392945040037,0.094625340392381824,-0.040641752175542167,0.99468301128335657,-6.7740304638249542,12.226235449437054,-2.8941273142668513,,0.1026588226249692,0.3,1,5
-0.056808040687318054,0.99306670023002441,0.10291440816290419,-0.99405539061335324,-0.06585002967832479,0.086704405792893971,0.092880174988008601,-0.097377114794065273,0.99090411776749732,0.99844651896930869,-12.027161853472286,-0.015996714919642847,,0.07556032300613855,0.3823529411764706,0,4
0.61436656820370561,0.77630233802743287,0.14109712912297259,-0.78819130376793067,0.59563063115769743,0.15485031446947145,0.036168889092878569,-0.20634638644722145,0.97781029870929603,-3.5134697186354877,-14.555607056194448,0.29467326828646545,,0.2504148973231261,0.3125,0,5
-0.94022023177477287,-0.34048321602556553,-0.007556147582001225,0.34028238315783332,-0.94011004777017493,0.020024929312858236,-0.013921762597400238,0.016256619773113323,0.99977092718268923,-27.890024217868412,7.8923707966228012,-2.442250446683162,,0.1323724022103463,0.6428571428571429,0,1
-0.99966152924801366,-0.019630560345028952,0.017072435153327018,0.020134839848727409,-0.99935051887920268,0.029885257906463517,0.016474682570249307,0.030218893368386585,0.99940752614626704,2.8535882969941819,-15.405461859592739,0.34075012905995439,,0.1156929340878446,0.2608695652173913,0,5
-0.98132697027918048,-0.19160289488014023,-0.016902901414681312,0.19203861154393936,-0.98093753265409667,-0.029710750693449778,-0.010888024566485806,-0.03240197068146259,0.999415610853161,-16.755239434757264,24.843540196886746,-3.9350787061449224,,0.3185867696984064,0.5,0,2
-0.30522348647535152,-0.94758351231999571,-0.094467510198655569,0.94884971317334343,-0.31103704016189621,0.05422344011764655,-0.080764132600405991,-0.073085202514798719,0.99405015369380445,2.6267713216074369,13.247488719499165,-2.9317281877716068,0.6907154220301367,0.577659339297354,0.2692307692307692,1,4
0.13361831531353055,-0.96976713866623432,-0.20420049602260473,0.98624901158539302,0.10989889362864673,0.12343062961045549,-0.097257559909798091,-0.21788513015417837,0.97111638699904956,-10.569634352460829,4.4237291989480614,-2.1924112711423986,,0.4308433150624879,0.247191011235955,0,5
0.56329396233959228,-0.80110833778384949,-0.2023001313023817,0.82238070580646372,0.51990028574047698,0.23107069828135651,-0.079936766941286652,-0.29652845398067446,0.95167273223036419,1.858005068764456,-7.2515527812176268,-0.60923282490108788,,0.2488340825609554,0.2037037037037037,0,3
0.99849663096637853,0.05224514678739791,0.016580789666205308,-0.053840162426392689,0.99156603908079177,0.11788989376332715,-0.010281773129735156,-0.11860537415645278,0.99288823659187142,-14.849325057097804,11.999454862631609,-2.8806128289583706,0.1347469903953336,0.109978374930895,0.48,1,5
-0.49435926728581864,-0.86452083325767182,-0.090623637711630442,0.86657200639836018,-0.49833517871537664,0.026739621938859006,-0.068277906934440427,-0.065312927649691543,0.99552616686176421,-12.851716941539568,18.815647336953848,-3.4996945090550762,0.6007949003253434,0.6248269761375549,0.7397260273972602,1,5
-0.54075176404806002,-0.83642931442144774,-0.089294633967431897,0.83894910735078032,-0.54399880140785417,0.01515583525068909,-0.061252958738654349,-0.066718108810759832,0.99588993819722649,-4.8491712520043961,-23.692781420862254,1.3206024816349686,,0.2180985879602011,0.4375,0,7
0.34356935253669718,-0.93222043805269295,-0.1136888511436404,0.9370921549912955,0.33233805765549523,0.10681623700328999,-0.061793147284185071,-0.14323571590430528,0.98775763051372911,7.3794310776516356,9.0919574546945032,-2.5116861216928941,0.4939868043284855,0.5658449149022625,0.6887417218543046,1,3
0.93565950550254029,-0.35287396497717877,0.0046102715784196802,0.34959519225563535,0.92859225781933585,0.12449747093709494,-0.048212978693368817,-0.1148755133145108,0.99220921439293253,-6.5960397065595426,-7.56405073623724,-0.590411568981279,,0.08821642795051014,0.3688524590163935,0,5
0.36480565574174784,0.92614023718500205,0.095818028604973335,-0.92986682584005975,0.35713486777355102,0.088331038839704071,0.047586970285641614,-0.12132166866342654,0.99147190226034987,-3.6422780556339909,-11.999190594366176,-0.032252092504356226,,0.1814258888331672,0.475,0,5
0.989065238596326,0.1368977364780814,0.054854020341008031,-0.14717330460637013,0.94012579684915787,0.30741422301184579,-0.0094853682919802864,-0.31212576927564634,0.94999343784178425,2.2691294531982225,-3.5806558929959489,-1.0163502403917744,,0.6704141802040933,0.5774647887323944,0,2
0.83382510046795721,-0.55186706221884518,0.013358423093378024,0.54685441248050592,0.8290730397681475,0.11656820441356672,-0.075405260958376852,-0.089892382144116406,0.99309284875698012,-20.117332320467746,5.3151322408141315,-2.1928761083282762,0.4809812838608537,0.5140854889411354,0.9527896995708155,1,5
0.41894632744937815,-0.8771997045443245,-0.23453070814720314,0.90356216593888483,0.37721042333654353,0.20319377158293109,-0.089774088692168214,-0.29704035899792408,0.95063538653148971,5.0111379559164586,11.288791922557973,-2.75673092698531,,0.4834339644365425,0.1923076923076923,0,1
0.29655368384220987,-0.94854845722211101,-0.11095826648415258,0.95108733524202604,0.28280562127067749,0.12431356048286839,-0.086537814519644179,-0.14239664630622328,0.98601947332641671,-10.332333445419044,-13.96982187342242,0.2004591762701792,,0.3300252598300381,0.5357142857142857,0,4
-0.41773171037760665,-0.908258550112511,-0.02380387137671779,0.90548657262997367,-0.41832771380727207,0.071386207684710393,-0.074794952582530341,0.0082661967252761811,0.99716467299031231,-11.071864880309633,-22.469116974269394,1.1893242318470902,,0.09807770319603049,0.2307692307692308,0,1
-0.91261066091599508,-0.40796804553221927,-0.026530273407775678,0.40871055023587149,-0.9119885693010169,-0.035107486241173373,-0.0098725735429613555,-0.042882668864056554,0.99903133534576061,1.4546641505574525,25.809053157162815,-4.1487879205405456,,0.3355832228763871,0.5,0,4
-0.77091548446590996,0.63404478397004782,0.060634377469114251,-0.63318986890562146,-0.77321064202542722,0.034869656922720878,0.068992070022382154,-0.011511515061103017,0.99755079033351712,-3.4601225362864705,13.562887568005969,-2.9969664199852293,,0.08443812226048554,0.4375,1,5
0.96084065560439336,-0.27596448241641974,-0.025076662105579576,0.27385201790694558,0.9318585878855784,0.23800135392932004,-0.042312017512922795,-0.23554867146416461,0.97094104689494565,-12.87620757030464,21.878970005185668,-3.7447784773244335,,0.7401855862752473,0.1428571428571428,0,1
0.83683331408679007,-0.54707355621723575,-0.02050679210276168,0.54274595973113549,0.82414477377892137,0.16190186857605326,-0.07167166546165514,-0.14661485579816289,0.98659376464137216,-0.17817373691456234,20.26759504853101,-3.6247499313127003,0.269336433822541,0.231684381456118,0.35,1,5
-0.24033797778704846,-0.97065312536383153,-0.0083765538652906257,0.96729271026735719,-0.24020936114316174,0.081512425327823906,-0.081132417053000949,0.011487951976749542,0.99663712446532793,4.3059039466381757,7.6833099008700136,-2.3584740623608647,0.2223161543345391,0.2211032746951987,0.725,1,5
0.95242739232007212,-0.29902639231751377,-0.058866620898103975,0.30475229386523189,0.93264703929392512,0.19312053096487564,-0.0028463559630149235,-0.20187302146113625,0.97940756657475569,9.2957603976818088,-2.0289862528444029,-1.1539096513351459,0.7831139459255481,0.7041172142179075,0.7647058823529411,1,5
-0.77166076403442618,-0.63585094643649576,-0.015272169643426578,0.63451466040351989,-0.77125395364745397,0.050581466133115774,-0.043940994331154608,0.029341317267337817,0.99860316248157655,11.071658274448469,-3.8908338089751786,-0.94800477720821141,,0.1145503512361622,0.375,1,5
-0.97448816055428666,-0.2244143133418828,-0.00332278600201811,0.22442190743428084,-0.97448977467874909,-0.0021181383619170179,-0.0027626804163595983,-0.0028098067286728141,0.99999223626139477,-13.995740825601848,-18.020077844214381,0.6928249787924462,,0.3395008482377762,0.1428571428571428,0,1
0.66930620811002794,0.71561808202474175,0.19979980096238184,-0.74214095335058206,0.63109080541097717,0.22572372645695438,0.035440162884300581,-0.29935790620084785,0.95348247957148102,-0.8610543158012447,15.440082866428085,-3.1456009764671085,,0.1369293462672945,0.1428571428571428,0,6
0.54424006701470318,-0.81641740625779136,-0.19304240004499554,0.8346023318942094,0.50356275338688161,0.22330136810635653,-0.085098161276138104,-0.28264318877468647,0.95544289771115976,-15.874377428834581,14.070869550656305,-3.0537436439656132,,0.4752173667811518,0.32,0,2
0.7104438366580994,0.70256424180499166,0.040902824981855983,-0.70077846358041185,0.70090530589044497,0.1328205449337479,0.064645958391813321,-0.12302535637663492,0.99029574458946601,0.27197460129441103,-8.8250043049401778,-0.42183427466105911,,0.1303811371022216,0.4655172413793103,0,3
-0.99561722692564147,0.091606487964967009,0.018830528713202063,-0.090759856418495641,-0.99499736234989089,0.041748022463969456,0.022560716118696748,0.039855994272912101,0.99895070639583006,-0.096646156719610063,14.639893903378784,-3.0694487667085237,0.2114287779733732,0.2186775333305234,0.8247422680412371,1,5
0.61409077573482707,-0.78923459645251759,-0.0011273508020712153,0.78483435305821325,0.61051513246238398,0.1063311398139494,-0.083231949497140453,-0.066181755770529718,0.99433013520964753,-1.2737005878065792,-4.4752472420362537,-0.96159856747116468,0.2325566673783025,0.1630530047176441,0.7764423076923077,1,5
0.371217326611464,0.92557232611374352,0.074253387504095214,-0.9252166035434588,0.36193590314498431,0.11391504967357027,0.078561650637859817,-0.11098770718877009,0.99071176227096247,-4.8102929979702802,-14.594795771448437,0.26254185243747741,,0.1027914860520218,0.25,0,5
0.042251658105075335,0.97916017990937909,0.19864576377865034,-0.99458881742426464,0.022333702786053396,0.1014607804743569,0.094909860615076433,-0.20185774149062444,0.97480540137933691,1.4636683260283487,1.8329732593440171,-1.7332867751103096,,0.09471425867386575,0.2692307692307692,0,5
0.39933713660312609,-0.9165838708537728,-0.020096243935919404,0.91198720160273972,0.39489951223815228,0.11105727957623644,-0.093857314272362866,-0.062676813294752234,0.9936107998772935,-20.08416723324013,13.803947133213178,-3.1219896379775252,0.3708565082985384,0.2102898964264571,0.7142857142857143,1,5
-0.69838763525919545,-0.71539463899389066,-0.02156899199938862,0.71478150563809872,-0.69869790257140452,0.030143658372067932,-0.036634821069592927,0.0056348417121104728,0.99931283312288044,-19.634053302527224,12.811479187564661,-3.0522609488907144,0.2064065152366838,0.1755260088734075,0.5333333333333333,1,5
-0.99726917517877156,-0.072077008775335474,0.016096491675270521,0.072335072614328463,-0.9972509126533321,0.016070298129619243,0.01489394199436948,0.01719075385476895,0.99974129077165363,6.4337170400166137,-13.044594475394113,0.078904781027872198,,0.3121336425329487,0.5454545454545454,1,5
-0.81407931483468965,0.5773956038192557,0.062363337374445521,-0.57685106770901207,-0.81636120278521684,0.02823530184088793,0.067213948264141052,-0.012988582573565551,0.99765403917464024,1.9545673594090391,-9.9428965368986653,-0.27362266807133112,,0.09730924513666145,0.1304347826086956,0,1
0.92141801423813829,-0.38845996260903531,0.009364853828703841,0.38511564906500945,0.91616253798127467,0.11105017264707685,-0.051718274165739361,-0.098717077800631742,0.99377067710202716,-23.559464286907787,7.5754294684037271,-2.4895158834880067,,0.1603019408508118,0.625,0,1
0.32913981563958672,-0.92933397042764954,-0.16734800019695398,0.93674365823356442,0.29899653450895725,0.18196810465252605,-0.11907266907203252,-0.2166551263201833,0.96895936742427313,-8.3773025410894757,-14.680456176827427,0.30377456332985203,0.7836276305122499,0.3670730569525047,0.2,1,3
0.7210385675976414,0.6895109234190463,0.068396421854921868,-0.69107687244430915,0.7084883985477608,0.14302777875581141,0.050161144418103862,-0.15039573002264359,0.98735251252104606,-10.515463714872482,-9.9249763382471397,-0.29633000731943115,,0.1109364452947847,0.4102564102564102,0,4
0.99964306690804261,0.016911994904688834,0.020681470233704355,-0.019823482594482276,0.98851323407988811,0.14982862071963246,-0.017910006156059061,-0.15018512069198134,0.98849565563143771,-10.65102449098514,-17.706573562098509,0.65314198153186431,,0.1055015109067085,0.5,0,2
-0.48965127760860039,-0.87150157005298134,-0.02695625588714122,0.86760365109743276,-0.49006716460086652,0.084250096631815583,-0.086634467382609409,0.017865821426816156,0.99607995737595079,-18.404950807061738,17.483866445371547,-3.3587063840727356,,0.1194593522642794,0.3636363636363636,0,2
0.26914526653878251,0.93918358660365064,0.21329560744204284,-0.96156776804775301,0.249558354803608,0.1144904144432107,0.054297817188440622,-0.2359127342938887,0.97025611507815335,-4.9646581656854964,-9.971023796934535,-0.2637179408968815,0.8184246296641871,0.5366058947194806,0.4308300395256917,1,3
0.5371286002181801,-0.84348997223909339,0.0041873093692223464,0.83885095403389776,0.53468184288698695,0.10219786594345437,-0.088441753397812586,-0.051380868220285571,0.99475527776275285,0.25639289512144914,1.8464470012281733,-1.733100971473136,0.38491736881144,0.3091800054444907,0.6909975669099757,1,5
0.98567297648263685,-0.1672632003246807,0.021721078449415603,0.15944788038252752,0.96602917297242952,0.20338144066684957,-0.055001426103139621,-0.19700421006503838,0.97885861305056276,-10.315621117402749,15.458255836765108,-3.203971323010971,0.3319985137337788,0.1809055910161702,0.3333333333333333,1,6
0.70174300271814694,-0.69489100528991132,-0.15710903507849466,0.70824265974274259,0.65656885970491508,0.25944106727022492,-0.07713036403806732,-0.29333227444821725,0.95289405691839157,10.795124775714717,-10.82683625404079,-0.16754466503440241,,0.4285954475815432,0.3611111111111111,0,1
0.105814855396562,-0.991362829164387,-0.077478754046438572,0.99332489636995536,0.10178231431673768,0.054277165953534531,-0.045922397901497075,-0.082704905800760231,0.99551546041609273,2.2564627988721289,6.551942353307612,-2.2703076959978312,,0.08622426349332807,0.3636363636363636,0,8
-0.66030031586322313,0.74256697832098195,0.11223981280353713,-0.74466191556639938,-0.66675126009774688,0.030354384576962649,0.097376200254001843,-0.063537704281093829,0.99321741615760017,18.907199341154119,12.686722082339267,-2.7766062939314899,0.4494410593748104,0.4361828710237359,0.2307692307692308,1,5
-0.94567664197043055,0.32289158421995806,0.037904006008015821,-0.32154566884584102,-0.94614759196605702,0.037591449337737996,0.048000746640137648,0.023361486612729389,0.99857406799156967,-0.068321623551703306,8.5372067237984872,-2.4662240453394078,,0.0689339254982623,0.2777777777777778,0,5
-0.96736419635807225,-0.25207725705761974,-0.025759815193594191,0.25332988152565034,-0.96433902136141714,-0.076643479865570074,-0.0055211167983777575,-0.080667889237359236,0.99672574408173475,-0.73100878559049709,-13.047723819514127,0.091101952530866961,,0.2004806684588271,0.2631578947368421,0,1
-0.26053731045920431,-0.95394434168262199,-0.14869600811855899,0.96188630901710093,-0.26972115380273665,0.04500253011531271,-0.083036367840503125,-0.13130381625463461,0.98785842581456318,-6.4568018080794003,5.560972791488787,-2.2811944381360383,,0.0746604500628166,0.2261904761904762,0,5
-0.0102496751049265,-0.99884758231097415,-0.046887647325960992,0.99527932583418433,-0.014716164571889302,0.095929651658612489,-0.096509106965576644,-0.045683058258103933,0.99428318423922457,-11.448071613113914,-8.0398457433502539,-0.5554590235616218,0.57999145270809,0.316924906214012,0.7805383022774327,1,6
0.45181402619548749,0.88381243083319105,0.12140705431624889,-0.89014136428760116,0.4375809213115342,0.12716638269745689,0.05926581913067959,-0.16552499632645892,0.98442320080029333,-1.7002868575046584,-7.9458119231055599,-0.51483528999347028,0.5156114658014449,0.140589684885972,0.2976190476190476,1,6
0.98746413733745142,-0.15773270286150309,-0.0059137061483342775,0.15391696268368207,0.95391899016502635,0.2575813052237424,-0.034987798882382938,-0.2552625210455729,0.96623853125345038,-5.6438177006384409,-13.76242748856909,0.17743890773831764,,0.1522711883209348,0.2619047619047619,0,3
-0.13065155360836242,-0.96544907238367939,-0.22547341345092964,0.98748463207022941,-0.14698652613843302,0.057175716513901562,-0.088341796250945265,-0.21518143453199751,0.97257014002482478,2.2119392146419012,-12.36246664577704,0.0022549931072567762,,0.2319116596571532,0.24,0,2
0.90473758046633113,-0.42512808532749075,-0.026758579142236585,0.41908233556907953,0.87710157195606309,0.23465470054138785,-0.076288311725289465,-0.22351497385630523,0.97171042494979964,23.452224037388611,0.75656416275717975,-1.4678592627685949,,0.4086819270680865,0.4705882352941176,0,3
0.34055953415879253,0.93734327198281331,0.073530906169455068,-0.93726111491185182,0.33224430637875846,0.10561876420926031,0.074570813109017087,-0.10488713623439518,0.99168436636099533,12.550284523461745,-3.6763190696007193,-0.96602284026708829,,0.2964876172511697,0.2727272727272727,1,5
-0.97063897503126306,-0.24052517311908458,0.0027606604813745898,0.2405337466857625,-0.97045649537179335,0.018913151403334327,-0.0018699881198482424,0.019021873901655863,0.99981731904268445,-3.4143492508341571,-7.5527849556935154,-0.55334284626685948,0.1731666509988054,0.1382605997814222,0.4671052631578947,1,5
0.99563669413110967,-0.01209479673131055,0.092527234864676206,-0.020002258900449627,0.94085497432799803,0.33821860818284472,-0.091145394499963922,-0.33859361065189875,0.93650781304117037,4.9071034478460236,5.0270328282848586,-2.0585772017781112,,0.2996007279310357,0.1904761904761905,0,2
0.88320300894500159,0.45665564961526273,0.10685533521990541,-0.46307823531057235,0.81306679532278592,0.35281855722903988,0.074236062477356451,-0.36109279142347561,0.92957033247079301,1.1736085803333309,11.152337569201856,-2.7324074372345053,,0.3667158736903775,0.1379310344827586,0,2
-0.24829643820790021,0.96654377241518041,0.064358486454426878,-0.96408704253317656,-0.25303713806249106,0.080674538615222793,0.094260560113473238,-0.042015982275534332,0.99466054714184704,-1.7909472600736231,9.1518281305722873,-2.5478162534933042,0.2180558432616673,0.1649727535487018,0.40625,1,5
0.57545866964076642,-0.81307657431838543,-0.088055685960413924,0.81583942528361741,0.56321101321427791,0.13114643246022178,-0.057038159929791617,-0.14730865177859054,0.9874445854948003,2.1856022396643455,-5.3276244262293808,-0.80026088184303124,0.3971820964190442,0.3987452381396198,0.3294797687861272,1,5
0.04497695675592496,-0.99012347482502794,-0.13278771766013239,0.99442886633599559,0.031689751548945981,0.10053352398315399,-0.095332592321204571,-0.13656963149682089,0.98603267318793253,-0.65213617798845025,-10.890931672854274,-0.1445285155667608,,0.552961213429653,0.4117647058823529,1,3
0.94327933372019657,-0.33030244406023607,-0.03353198509211669,0.33094222328010325,0.92740887411986506,0.17432735027570181,-0.026482889321325111,-0.17553653651465159,0.98411665005812998,6.3618167525208076,20.013141616308584,-3.6048247947820156,0.5111283382382209,0.390102435566511,0.5,1,5
-0.64720445673457327,-0.76207466680762537,-0.019198786236429455,0.76089452426207327,-0.64732986264228132,0.044761276562643053,-0.046539382579686581,0.014361446360694155,0.99881321313223004,17.54027162656114,-3.7223872747517044,-0.96390815677560138,0.8580885004449782,0.2637054723469611,0.2666666666666667,1,5
-0.73669918186270189,0.67535399612433744,0.034224192637882879,-0.67257151612620858,-0.73703545024815198,0.066530449969900693,0.070156048481364211,0.025994710931126923,0.99719727429686056,-3.6592043304527055,26.717350512260801,-4.2009347623725155,,0.2098306831896397,0.8636363636363636,0,3
0.71286925473855978,-0.70031972325092651,-0.03700960516186285,0.69714432573532892,0.70192613121155589,0.14590920264812449,-0.076205083449364233,-0.12981522078756355,0.9886054793032214,-8.2961009363097293,1.7182411537928164,-1.9136721941581936,0.4458756585588275,0.3545937714590792,0.8525980911983033,1,5
-0.28966769984202406,0.95664820347314072,0.030279340479028669,-0.9527048655210163,-0.29122259588483046,0.086849518471227294,0.091902463953990224,-0.0036897747511902908,0.99576117753278182,-15.746073185565196,-2.6591454301464519,-1.2638984888748317,0.3316416718696358,0.2895526067300198,0.9095238095238095,1,1
-0.21625858767429632,0.96481957380855909,0.149517267407444,-0.97199820488526079,-0.22717814677473491,0.060079774698538146,0.09193319833960345,-0.13233774829528933,0.98693211895205002,-2.7255045376075424,1.5247121772057179,-1.777361833073881,,0.08757728674451037,0.3464285714285714,0,5
0.50028960086383356,0.86148074718173773,0.086955376502557927,-0.86300756087824815,0.48797928053338557,0.13074468110441884,0.070201603503644849,-0.14045335170552112,0.98759535785675023,-3.4099512266502279,-17.557923281131263,0.62349793396632391,,0.08658478046785248,0.4074074074074074,0,4
0.80914433379195772,-0.57604576908954885,-0.11600309912411629,0.58384455616911002,0.76582437309486662,0.26951542405871615,-0.066415219069611037,-0.28580465616900774,0.95598363855667046,-17.178103965570251,10.549160138390258,-2.8061262518644257,,0.2104311711367989,0.2941176470588235,0,5
-0.86477604913571671,-0.48072661250962145,-0.14513548451789476,0.50126492931182076,-0.8436243005454197,-0.19243572997566133,-0.029930845013713653,-0.23916513866839959,0.97051748101849733,-8.7268034589359651,-18.421383843878726,0.74779995296887503,,0.269430886518447,0.4347826086956522,0,1
-0.92579154022825616,-0.37363660467717641,-0.057495318827770509,0.37673868874935051,-0.92446677022623147,-0.058558954455334176,-0.031272742783699896,-0.075874095663760133,0.99662687961242202,-11.477255991521112,-16.24041305183588,0.47452497285406642,,0.3151262700276962,0.8823529411764706,0,3
-0.096503759353067944,-0.98349303601621241,-0.15306362251801622,0.99518313904558009,-0.098006602614374369,0.0022859578677410478,-0.017249469270389579,-0.15210573280320741,0.98821369240579171,6.4660196261379452,12.676076304498023,-2.915165990086598,,0.3074699856220634,0.1929824561403509,0,5
-0.43519364924280907,-0.89004563940654202,-0.13573963102987704,0.89752268411674851,-0.44078554209668142,0.012693989695992709,-0.071130297023097713,-0.11630505428370264,0.99066321986509187,-5.1414539422606067,9.7149672283095434,-2.6352052409080557,0.5411090836680497,0.6098581465975454,0.717948717948718,1,5
0.54196481741494906,-0.83839823134404901,-0.057987432807054332,0.83738693736634084,0.53289520367128651,0.12167916433128022,-0.071114371350676928,-0.11450374484404145,0.99087417899756058,10.195160501549042,-3.7503552042386832,-0.97698685190270296,,0.1112203452760746,0.3928571428571428,0,5
-0.17493416317018695,0.97301792199694725,0.15044654209614952,-0.98219233441629461,-0.18309604596000023,0.042119546147629708,0.068529240254180862,-0.14039929282783278,0.98772049781485682,-5.3897332684435595,13.102170277476194,-2.9750807753103579,0.1096872266465314,0.1232964385596216,0.3225806451612903,1,5
0.22145444995298152,-0.96990335188396326,-0.1012196354482401,0.97040051887084788,0.2089267958184281,0.12112979387513625,-0.096336698984398075,-0.12504831863442661,0.98746248457118191,-14.82434524864594,6.2022699917283841,-2.3457534825823165,,0.0807104502363426,0.2666666666666667,0,2
-0.35756847610620751,0.91913757639786475,0.16532059928679327,-0.92833868256300611,-0.36909824782079664,0.044201514824722406,0.10164681673454903,-0.13766843904496634,0.98524886477410156,-7.7914461838106748,18.296114182266354,-3.4261718111426038,0.5323907626355172,0.4703092103282202,0.7912087912087912,1,4
-0.35210645013720659,0.91172257551576796,0.21161992596792875,-0.93068813061806344,-0.36502019803698876,0.02408025231788519,0.099200056947718038,-0.18847334113856565,0.97705534560823981,-8.3006181828985781,-8.3325468385243333,-0.52204856228348206,,0.2505328300457377,0.1940298507462687,0,4
-0.90126394725284031,0.43208685151779203,0.032003908006239978,-0.42971276850806001,-0.90086805261812619,0.061511692816600648,0.055409691962405611,0.041685783157655032,0.99759313425823304,-14.842922721504006,-1.4017052867995641,-1.4290193764989079,,0.0860411394029743,0.3888888888888889,0,1
0.95787663859220906,0.2820752748404155,0.053906257178482145,-0.28706976887298641,0.93528892610236813,0.2069434041217226,0.0079556922073854286,-0.21370110910797965,0.97686669660067671,-6.4552429451261641,-12.684067062908783,0.035957775724009475,0.1921550904586582,0.1335323042723891,0.3246753246753247,1,5
0.38979507903017063,-0.89265745516190709,-0.2263238036701665,0.9149033979343606,0.34737444893978753,0.20562773322667399,-0.10493602247095347,-0.28721709553515057,0.95210018969661414,-8.8428559034520209,-5.3439700087441846,-0.89337201940602251,,0.191083892678387,0.2139737991266376,0,2
-0.96109922611848253,-0.27617167971602563,-0.0041810139059128065,0.27604801505964655,-0.96095630099758877,0.018986335998782303,-0.0092612599618819968,0.017093592245591135,0.99981100122376043,-1.3350283630234736,19.785935764050567,-3.5526585283000238,0.6347621853356785,0.2376553978557608,0.5172413793103449,1,5
-0.1001951726948043,0.99050529000437748,0.094128623924945226,-0.99065947964736123,-0.10810828695448738,0.083104715128484954,0.09249174424498012,-0.084922722313357304,0.992085383664839,-16.665859804546816,9.3528726981031944,-2.6597272481919427,0.1934567705996066,0.1589975125305696,0.4193548387096774,1,5
0.3533025108170515,0.895547840064294,0.27050212939373264,-0.93165313667437299,0.31059065555474802,0.18856266228199101,0.084851451226055322,-0.31863381935734342,0.94407241268166642,-17.604478399748203,4.8062168761026349,-2.1803559325266213,,0.3832975870932917,0.2,0,4
0.68815247864112161,0.70652965967255921,0.16511210174623081,-0.72351611798412929,0.65111027120328135,0.22930294754050556,0.054503148140776052,-0.27725665859734755,0.95924874360416945,-6.3366413524449756,-17.702323031131932,0.64481932316477364,,0.1049875345218396,0.2580645161290323,0,5
-0.27830206587883755,0.93504948641097785,0.21961424837687113,-0.95843675167349485,-0.28530503126213425,0.00017938247395961224,0.062824781488920386,-0.21043644432245903,0.97558677201558552,-3.3052112275259451,7.4144346497479807,-2.3822573439883583,,0.2902256323854909,0.2073170731707317,0,5
-0.96771086780636517,-0.24690331257642595,-0.05073884673738694,0.24959667520191392,-0.96671751963018626,-0.056202642003831772,-0.035173513580569804,-0.067052154915769754,0.99712929576035902,7.1679930999762114,3.5638762336762904,-1.8803358695150991,0.6937191656435974,0.4826047517993985,0.4772727272727273,1,4
0.64427840183557117,-0.76406894227571542,-0.033226380751934168,0.76152298927505002,0.6369075684432397,0.12013112030324379,-0.070626324651612546,-0.10270053899269449,0.99220185524761817,3.5220080244041583,8.2779899867718303,-2.4361922029289094,,0.07953134977009486,0.3,0,5
-0.86727397229602876,-0.49679441521650436,-0.032111773348087728,0.49688508551989502,-0.86779790925951383,0.0056568960307791915,-0.030676844129637424,-0.011049782554780535,0.99946827540434624,-17.529106316257451,17.300870491926766,-3.3285753672582241,,0.1597523495358446,0.6785714285714286,0,4
-0.77390990832075057,0.63278021218799785,0.025547149866068083,-0.62930665107352146,-0.77292977012273412,0.080948807110700169,0.070968956013145221,0.046570092563027417,0.99639080373168565,-4.8746021503937209,-4.9391797506176633,-0.92906496926420534,0.2323663763372262,0.1919030162834131,0.7415506958250497,1,5
-0.96751114670877336,0.24725424061253129,0.052796983752823101,-0.24960753252373405,-0.96735307657441871,-0.043864620703027712,0.040227611185459165,-0.055618034315569581,0.99764140529409895,-17.07452058108225,-12.069496678063205,-0.023150771588826592,,0.2703713309724882,0.15625,0,1
-0.064507906881912797,-0.98457927794513556,-0.16261111705769463,0.99397617646349523,-0.077862026092173298,0.077128888983527766,-0.08860073686333593,-0.15665615319501033,0.98367106244588509,0.43066792741410248,-20.331854884580469,0.91781257160652874,,0.127425042924789,0.2,0,5
-0.84011390729080548,-0.54154666354429415,-0.030591403704617083,0.5411892123371882,-0.8406706908231325,0.019672977426163564,-0.036371131772730853,-2.8195741652571436e-05,0.99933835109965163,-16.751356246349349,2.3666179753911996,-1.8543052494658112,0.3203921777507375,0.3572678821631207,0.8072289156626506,1,5
0.5927414841360743,-0.80539078681287934,0.0017926240807704396,0.80098976699374724,0.58973197582665715,0.10310960119644078,-0.084100690576630846,-0.059681464497093328,0.99466838526215151,0.49003469154614937,5.4636771147825076,-2.155192302652968,0.125100547510807,0.1177650090542615,0.5163934426229508,1,5
-0.82808264779072716,0.55174674038957627,0.099270654764515465,-0.55675005069721162,-0.83012397546885608,-0.030390235280979946,0.065639237324562935,-0.08043456857134651,0.99459628528473309,-9.1097986568873992,27.996970394989784,-4.2338625188215753,,0.3644595231091954,0.1428571428571428,0,1
-0.98512283968582637,0.16580073171390433,0.045200753228995638,-0.16603023100531741,-0.98611974589106344,-0.0013450487224460133,0.044350345225889452,-0.0088297297171962882,0.99897701812977968,-24.812993604945891,9.4050113504441093,-2.7279597955785202,0.4392473391963618,0.492845320680167,0.8636363636363636,1,5
0.52438915869778213,-0.84286076025940027,-0.12083769716102397,0.84714892254774665,0.50214870871963135,0.17373939494944723,-0.085759624920037206,-0.19347458010331459,0.97734992381819008,9.6413589291270725,-10.638188385870846,-0.17604213621758183,,0.1817028989457819,0.2631578947368421,0,3
0.6503309997569453,-0.75022569728304078,-0.11929372947187576,0.75544915371343757,0.62221550418547833,0.20529111647819398,-0.07978826297635766,-0.22362752399333152,0.97140339900775996,-6.949051375856822,1.7106562530253504,-1.9077956249571992,,0.1114033400059888,0.2642276422764228,0,5
-0.92212683489775016,-0.38688763571122586,0.00024019832642724887,0.38667058421407757,-0.92158835145979967,0.034070071281888284,-0.012959925347087188,0.031509804623115215,0.99941941773592302,-1.6371680568853937,0.48553265009396851,-1.6104592040438992,0.1729797608981425,0.132821120999712,0.5011286681715575,1,5
-0.64752755424192665,0.7399780093439382,0.18204563214988584,-0.75710709037297597,-0.65185059021293035,-0.043355065978735487,0.08658475734466925,-0.1659016387093171,0.98233381600611103,-2.0774366424759254,-20.288907509856745,0.90620069414084237,,0.3037423263569101,0.3333333333333333,0,3
0.58326817495724226,-0.81091966186498476,-0.046984445115659849,0.80778182695723377,0.57298860689545306,0.13846507287269502,-0.085362498321458535,-0.11871545126387797,0.98925218499204348,-0.84596958614947793,-9.9512638843345638,-0.27416555173975304,0.1597343735923001,0.1349076397731888,0.3925233644859813,1,5
0.99723890918127678,0.061892795673122183,0.041034617808653744,-0.072441537806165829,0.93234426813352789,0.35424058107285439,-0.016333450805478041,-0.35623510147418208,0.93425359023257915,1.5058451559143888,14.97012336589909,-3.1097579651738094,,0.1174401247985762,0.3846153846153846,0,2
-0.85818141173800166,0.51120694513999221,0.04682012161462118,-0.5105640133104602,-0.85945565956049308,0.025697423251253775,0.053376519741239567,-0.0018516182314549079,0.99857274079069402,-0.69164302244776577,10.231438394245719,-2.6660514431170035,,0.0992106079664847,0.25,0,5
-0.26179331074902251,0.91421280926614545,0.30932054865586828,-0.96071691854491936,-0.27744442174817702,0.006898931973391087,0.092126352736986175,-0.29536339010534329,0.95093280673076919,-5.3757213287596484,-4.0961223835807736,-1.1067302535496901,0.418396066571629,0.1579002723570934,0.2083333333333333,1,1
0.37941179627955596,-0.9231318521463453,-0.062243653465871449,0.92029083690927604,0.36959176278421296,0.12832265732474019,-0.095453990721947046,-0.10596939385934334,0.98977725939745587,11.560650018267633,-9.331715373410999,-0.33439439668482296,,0.2586188541985778,0.7413793103448276,1,5
-0.78292549218236684,-0.61879291156103666,-0.064210640028062704,0.62027379175134167,-0.7843747136581054,-0.0040904572088666814,-0.047834056459924945,-0.043030700384489848,0.99792798430899232,16.275486395597927,-3.7478002967933115,-0.95580465038867624,0.4544411400524421,0.4310669009064563,0.4393939393939394,1,5
-0.94665754598191698,0.30161966593828915,0.11342428203330361,-0.31904788702401587,-0.92672671979459098,-0.19845914593252881,0.045254131535212516,-0.22406062558609643,0.97352395945911951,-0.67597260045349961,-12.20943633210706,0.0067585526913523401,,0.6989368891412817,0.3406593406593407,0,2
-0.30056285435165447,0.95043079742657566,0.079644647573263408,-0.94948866359116935,-0.30606712907656991,0.069240091064935588,0.090184523593799401,-0.054810690580482054,0.99441567762291916,-3.1152251302631671,19.245691682320839,-3.5018882713943231,0.2137924819360209,0.255795832354302,0.3191489361702128,1,5
0.16625889076065783,0.97395067753043219,0.15420135855772041,-0.9799289133581186,0.14574635150704568,0.13600487413015747,0.10998775389929055,-0.17371838924073557,0.9786340558307749,-10.363923229917456,-11.03265998678515,-0.15382213411638149,,0.1768360110509676,0.2702702702702703,0,3
-0.15371146724294868,0.9871939236963192,0.042672495299508235,-0.9837914683851009,-0.15693184076231359,0.086756810036097615,0.09234246894418438,-0.028645320246393192,0.99531518327476276,-18.478631169973735,15.984225130159864,-3.2431269880190254,0.6536506558832323,0.4328374973734613,0.6444444444444445,1,2
-0.55067436254503177,-0.83419660270578633,-0.029559676414782892,0.83210144673834607,-0.55140534641786199,0.059660089488264172,-0.066067607581726445,0.0082566322384712218,0.99778098761827716,0.048295636720111862,-14.113509709652112,0.19274120664801331,,0.08372490511115399,0.2222222222222222,0,5
0.32020717100470492,0.94627151040153701,0.045139741243798139,-0.9448583218423493,0.31555117155289381,0.087579733824982561,0.068630308774055848,-0.070694318965455749,0.99513425927539412,6.7679267780572117,5.287253047936324,-2.0818560270028419,,0.0827359102696212,0.4736842105263158,0,5
0.9845469889031474,0.17027344085635249,0.040916768942391442,-0.17510800927971717,0.95442443555752443,0.24168405387363875,0.0021004113504969548,-0.24511416146285739,0.96949194742530986,3.3911744834440318,3.7495921614832959,-1.9496339447331434,0.4910320468886249,0.3206994340018079,0.4444444444444444,1,3
0.28881115313353745,-0.95683924745880433,-0.0323538614101034,0.95164780672619098,0.28322168533141179,0.11896188007619644,-0.10466408065284398,-0.065146999013787968,0.99237155276669997,3.5372918352753038,-17.376632560586071,0.55765552102069305,,0.1310602969497622,0.5333333333333333,1,5
0.41857190428155411,0.90658041788205801,0.053939844817223158,-0.90434847530133788,0.41061597943945743,0.1163973910752274,0.083375033230924572,-0.0975010940542093,0.99173693109209848,14.613998882139272,7.0744682174242417,-2.1854954704501783,0.1779473650283119,0.1590287336648032,0.45,1,4
0.43095017647624118,-0.87849868555672217,-0.20620864402397954,0.89657926298973889,0.39099245793181642,0.20801567973884397,-0.10211547665203974,-0.2745267879744131,0.95614197278049584,6.7142180722004294,-7.3853634557633088,-0.51487467319535019,,0.1825793450401212,0.275,0,2
-0.1530421393632958,-0.97400300569146603,-0.16702170063526159,0.98440315008427659,-0.16509747888146928,0.060772202289660258,-0.086767169385996074,-0.15511598038555596,0.98407849836573968,-5.7021367203847095,-9.6406476527001121,-0.32509758698664631,,0.09938308827442277,0.2564102564102564,0,1
0.88908838637308496,0.43357747370791588,0.14673927732398409,-0.45701905448800256,0.82291643984069929,0.33755313192858966,0.025601270503542693,-0.36717721516043095,0.9297986166991401,7.791996649174953,17.221402023361851,-3.3356689336383583,,0.5501905690152948,0.2826086956521739,0,2
