axis_00,axis_01,axis_02,axis_10,axis_11,axis_12,axis_20,axis_21,axis_22,location_x,location_y,location_z,dbh,dbh_approximation,score,reconstructed,number_clusters
-0.95355707602905981,0.22732915609688922,-0.19761163311704347,-0.20509813059051932,-0.97049786208104938,-0.1267622046368172,-0.22059841246750422,-0.080345220669235634,0.97204988860265196,-11.196134558741965,21.179685772515327,-2.2819009036016968,,0.2356500898636675,0.2692307692307692,1,2
0.83854829971854006,-0.44097250044131114,-0.31996875299579397,0.51444043652893878,0.8342415764977118,0.19847425351044337,0.17940954908549522,-0.33103511278586506,0.92640594115095598,2.6545551339416438,12.950003484736859,-0.46180010532442711,,0.368567166994784,0.1162790697674419,0,3
-0.97197608985354766,0.10042503456065102,-0.21254950761293495,-0.078351685219710879,-0.99085412200296064,-0.10985955731284566,-0.22163820558793645,-0.090127250835888198,0.97095498581578199,12.847631027654328,9.5590248623206282,0.60581617942551191,,0.08452549704340998,0.3333333333333333,0,5
-0.87459328991277174,-0.37782891916665889,-0.30386162159922048,0.42585680799446785,-0.89821775178913321,-0.10886160689443147,-0.23180283933618334,-0.22461117116525858,0.94647623607962494,-18.051512864755992,0.37203792195248475,-4.2521750339856208,,0.2553542746053939,0.1666666666666667,0,3
-0.58595665497783178,0.80173802489793855,-0.11777494606215938,-0.79611400077161898,-0.59667174380893795,-0.10092238560106573,-0.15118629654369864,0.034626140021023884,0.98789864569430763,-5.0174073905366479,8.0476266385597572,-1.6505764911021716,0.4769857452774884,0.4281124729278079,0.7046153846153846,1,5
0.39382358834102127,0.91817659011416908,0.043066583710784347,-0.91834721979950151,0.39103091178132826,0.061099999328874388,0.039260223544028985,-0.063612698400392659,0.997202115646318,1.3809268890887194,24.615504874607051,-0.05520819821258309,,0.413489416389918,0.2142857142857143,0,5
-0.084659094586033629,0.99540926532815932,-0.044645629155931406,-0.99607599037659689,-0.085705736726077245,-0.022071431478817401,-0.025796493931478738,0.042601891872266165,0.99875903986384462,4.3706545449355856,-38.705660599652411,-1.6991697130354484,,0.3663624703688799,0.3,0,4
0.60810423751482146,0.77083384174740266,-0.18980101352063064,-0.78658588761351966,0.61734533673577019,-0.012937411559153521,0.10720017595027455,0.15716209348166529,0.98173733689245579,-2.9040586462262152,10.975821391047695,-1.2455277351220608,,0.1150300351820744,0.3111111111111111,0,3
-0.97991162218086636,-0.0014332708535161123,-0.19942707551764974,0.029961215505562511,-0.98968314802161994,-0.140105646165473,-0.19716880655999092,-0.14326622859793553,0.96984496155985256,0.10398449208510571,12.993927003999678,-0.72350633573112966,0.3137417545198941,0.2503782602864086,0.5967741935483871,1,4
-0.88849650157010118,-0.35603415778246778,-0.28950586382631377,0.41751561044754582,-0.88899250194954416,-0.18807723549144179,-0.19040662207576831,-0.28797918322270949,0.9385165466309463,1.5906074447104515,5.6927501771238278,-0.89568720331835816,0.4922366071778104,0.2214734835771928,0.3695652173913043,1,5
-0.9740929082544808,-0.028097701698423308,-0.22439591183351384,0.065630604837024931,-0.98467086429790207,-0.16160418531569343,-0.21641541025780478,-0.17214473027684912,0.96100497503439442,-3.8456143758917167,-33.419700669378635,-2.8333416454558029,,0.1327749604821411,0.4285714285714285,0,1
0.47614541645258113,0.86031552209083573,-0.1820514895318634,-0.87540461458523966,0.48336111833795409,-0.0053656352792545705,0.083380472258590924,0.16192353667288295,0.98327435902563809,-18.729146345032607,-0.57959499970996364,-4.3852054245723489,,0.07248548014854869,0.2857142857142857,0,1
0.91582956330178589,0.37818286453377004,-0.13503307726439429,-0.35866623392629948,0.92158183831403162,0.14847709564392533,0.18059552492679526,-0.0875479083859943,0.97965331628778385,12.508039541315398,8.3701900377774834,0.45953511025429816,,0.3135008551892381,0.2352941176470588,0,3
0.61124348212901813,0.76933130801163141,-0.18577067601724412,-0.78332152483258743,0.62160899647062828,-0.0031055177873364668,0.1130875514313644,0.14741639671315349,0.98258822081855191,-15.22795923170397,8.0158449210647138,-3.4293764679927174,,0.09151799551309517,0.3508771929824561,1,5
-0.2742377619615482,0.9481325151980623,-0.16074322237194441,-0.95747570411268257,-0.28478201784911744,-0.046254495389171056,-0.089632170275203663,0.14122300072573193,0.98591183080322964,5.2269380095014855,-31.973001516896471,-1.3007448717888914,0.1749688850326989,0.1316195169418762,0.125,1,5
-0.89298603190068104,0.41670397223707845,-0.17009922501915026,-0.40921210432665517,-0.90904201810461815,-0.078664242148727637,-0.18740704496583407,-0.00063940763444694196,0.98228213393864106,-4.1673309988657428,10.194304947526748,-1.4641347377534775,,0.09839275205824519,0.2083333333333333,0,5
-0.96727272215521232,-0.17911168314645826,-0.17972892347891292,0.21926973406280381,-0.94648038700399484,-0.23684522528604351,-0.12768815410394738,-0.26850303904651091,0.95477843153493758,1.4433095444580961,13.796691038733236,-0.55018488370443319,,0.3396702975745446,0.375,0,2
-0.26413794326332601,-0.88490128680655133,-0.38364157691356943,0.96385101044099364,-0.25660262606603984,-0.071737869830995976,-0.034962502777929262,-0.38872201494657127,0.92069148931408162,15.909843441897388,10.377483306548257,1.0187375646594343,0.5982600433864269,0.4661621147201336,0.6,1,2
-0.84080120458105356,-0.42581833243730494,-0.33426349207677619,0.50966055709476055,-0.83080405757891185,-0.22363079942680972,-0.1824813714243366,-0.35838996312777549,0.91556386091433528,-14.097512601728482,3.0070193055809371,-3.3828320979288846,,0.4161868372628174,0.16,0,5
0.95813733674694113,-0.17522026251375214,-0.22643035029803329,0.19399851043828858,0.9789541433320873,0.063351110492745305,0.21056453138931905,-0.10462621496331853,0.97196498561586331,-5.9024933670590123,-31.175786666729973,-2.996130355646323,,0.2031093720240057,0.3,0,3
0.86018904099771187,-0.41825107856880739,-0.29178904884088086,0.46719964220444399,0.87568136061168722,0.12209278849016346,0.20444879082908851,-0.24134661786172465,0.94865826406310827,-5.8855337905252911,-29.022443252239334,-2.9873600358980834,,0.09131380156376585,0.4,0,3
0.90369620720547017,-0.31784520334585126,-0.28689299711300548,0.37135816741367939,0.9153500413010508,0.15565157688028369,0.21313440965175551,-0.24720179732396649,0.94523277282487361,0.83658612325865211,6.7448973767015206,-0.95527929554447899,,0.09020751591000684,0.3333333333333333,0,5
-0.95449523448387819,-0.14776120129402673,-0.25904724422335385,0.20592806935744984,-0.95485426440197441,-0.21411904166626541,-0.21571387901171571,-0.25772070375798811,0.94183202390670895,7.9824821972493281,-27.208119208167172,-0.77402368946664091,0.2917193184193326,0.3413056237671961,0.1081081081081081,1,5
-0.70295071275010312,-0.6595599679121944,-0.26615962160287504,0.69792751930268526,-0.7117350310460846,-0.079563957806457114,-0.13695792508694241,-0.24168966529310423,0.96063969959937912,15.386019882332436,-27.47822116059162,0.19747421055691658,,0.4470211504805978,0.625,0,5
0.67336848501877955,0.71738007233264123,-0.17871965533630535,-0.72638536986155133,0.68697610073665372,0.020691337988645562,0.13761968549088738,0.11588644802856532,0.98368244536980098,-6.6858424577399038,14.650769570839934,-1.6810966837975005,,0.07461862919004705,0.1818181818181818,0,5
0.40943548041761174,-0.87939908475361506,-0.24293998664217908,0.90334833499840472,0.4280547290430412,-0.027035802179654005,0.12776686984820562,-0.20839001578384511,0.96966449264206789,2.4942336441642001,-31.902172162594848,-1.7918532202533319,0.3047249085215147,0.2709090298366329,0.6551724137931034,1,5
0.91151446850209406,0.36104001399281049,-0.19695553307133828,-0.35995716894199536,0.93199761452042151,0.042559171226742458,0.19892765076431071,0.03210225575118672,0.97948825155643249,8.024671263604116,-32.377907792209058,-0.99274081283476834,0.3562048387856736,0.3318490914898361,0.86,1,5
0.66795610894215518,0.74253732639269154,-0.049728819013204362,-0.73634200700833918,0.66911070750243906,0.10045551164827193,0.10786605231390362,-0.030482454284035846,0.99369800982946288,-11.682377845757838,16.457001026366036,-2.4436897307316432,,0.3191520189527864,0.3125,0,5
-0.83109233611738076,-0.49353220593457908,-0.25634252583663031,0.52990683305446085,-0.84263880361169918,-0.095700548222236725,-0.16877285661251015,-0.21537364823300281,0.96183674005397624,21.522650942904608,8.5571159939380745,1.7307519240449787,0.2996520449958587,0.1673906547951553,0.5789473684210527,1,5
0.97360339002979213,-0.058683484871272042,-0.2205735422163336,0.092002691223479413,0.9852976506033202,0.14395848194259347,0.20888260753383611,-0.16045182553944989,0.96468817135431084,1.3590555587622375,8.6164349780821112,-0.81683936814125124,0.5907896181161615,0.3681177215006218,0.5748502994011976,1,5
0.97583206098650643,0.0487644276339083,-0.21301131272391507,-0.0011138221889140832,0.97588006537761351,0.21830450613470556,0.21851898807874726,-0.21279127941746936,0.95234937037461087,-8.5104679637499352,-32.013192089381299,-3.4938328671940764,,0.2757642087764685,0.1363636363636364,0,1
-0.19839694036649425,-0.9459649655221436,-0.25649354389127321,0.97995728415391969,-0.19624475826611074,-0.034230338688819993,-0.017954812360180056,-0.25814391113827673,0.9659396181207941,-1.0039542406816122,13.191990132818793,-0.85794799469373284,0.131024322489447,0.09334007420985317,0.3043478260869565,1,5
0.14529283521367259,-0.89708967067014367,-0.41727702406495565,0.98679895940168549,0.16188906284559773,-0.0044435407869333745,0.071538840914034979,-0.4111229184902091,0.90876847443821984,9.3300507516836397,-28.940207710413979,-0.68778742467299869,,0.2702558951529943,0.1111111111111111,0,2
0.096993927519311074,0.98205496481512999,-0.16174122574759134,-0.99526187735681049,0.094595315429065199,-0.0224838114890283,-0.0067803764332906554,0.16315566916546395,0.9865770391178752,-5.234443035800906,14.742998250391549,-1.3798745137244544,,0.09195544973632166,0.2666666666666667,0,5
0.92209946590758662,0.34265128439508613,-0.17978507244857711,-0.32421274326043115,0.93776542876052182,0.12442707795789254,0.21123132362528083,-0.056445530593585945,0.97580491390211765,19.332177000649846,-23.990726442826286,0.70750202224825776,,0.1684775209822251,0.4545454545454545,0,4
0.87323443227591646,-0.41539837373802146,-0.25476620141526873,0.44010285433020152,0.89675123331586359,0.046332528064931523,0.20921544851699603,-0.15258249127041115,0.9658920640835329,-7.5744151196005882,7.5266533640973581,-2.0978984616569707,,0.08368442542204631,0.3376623376623377,0,3
-0.9589314413033303,0.23177510316468869,-0.16349554254754395,-0.20750453067242111,-0.9662404773582951,-0.15271283398861149,-0.19337104392937457,-0.11251507217885445,0.9746527576025481,7.3602298302008338,-29.486641736158639,-0.97063221125427834,,0.1559889819069029,0.2,0,5
0.86051933885017662,0.48500554955132152,-0.15580784437657433,-0.48165588890975775,0.87422371664569831,0.06115961030559855,0.16587366320005487,0.022416738357804025,0.98589219375040793,10.607308767959447,-29.961295848138356,-0.59401992204335963,0.3008360661986137,0.248070576959711,0.7727272727272727,1,5
-0.090640178354793585,-0.95848610551306224,-0.27034929925230772,0.99587963409008307,-0.08801248388027795,-0.021853079550168665,-0.0028482402309798487,-0.27121612824392738,0.9625142592751339,-9.4537777271676724,18.845004930571601,-1.9434243717710813,,0.1266095730039618,0.5,0,2
-0.14766990624728493,0.98276724971387819,-0.11118512345964791,-0.98725726589483154,-0.15321028649528498,-0.043008127719006452,-0.05930168401301749,0.10341731480681433,0.99286865660638512,-0.52446725915471726,-29.110677444707751,-2.0403254974402065,,0.1324518636058729,0.3333333333333333,0,1
-0.95404420639729104,-0.19601852272586665,-0.22666360755121756,0.21591875210960002,-0.97415291803009585,-0.06637156605718357,-0.20779495837771556,-0.11226233135749006,0.97170902240896428,-12.318218994757585,3.5581253431435598,-3.0360228174613559,,0.07047516271730732,0.3152173913043478,0,5
-0.51295153675905003,-0.76471234729917537,-0.38999454717305343,0.85519839618989146,-0.49455271962460473,-0.15509129784144979,-0.074272633525189147,-0.41307703083092523,0.90766235049667032,-1.4560933456509435,8.2903974406547238,-1.1526799626652711,0.9372581683068765,0.4493295900174075,0.2096774193548387,1,3
0.95994032248561589,0.22672124401031932,-0.16465738604941269,-0.19283125102139731,0.96087046494351414,0.19885687875645261,0.20329949802135494,-0.15913964658013074,0.96609724510041761,10.373148829552676,-26.127230188477188,-0.45869891396352075,,0.266741570051693,0.2580645161290323,0,4
-0.34295903055609839,-0.81661750295825641,-0.464235885323658,0.93645843047289246,-0.33598108705935892,-0.10080831877705243,-0.073652639845870158,-0.46931073181915506,0.87995609302004429,6.7302371859536851,8.5765584738334848,-0.074515205075530874,,0.3512502815571164,0.2025316455696203,0,5
0.95995540512058086,0.19846826793961264,-0.19772700068739277,-0.19152877082721395,0.98001022268437277,0.053820938114674748,0.20445623034086932,-0.013795291050834267,0.97877849374596737,12.273825157257408,-26.258546929431699,-0.20812488981890032,,0.1669089268953984,0.2272727272727273,0,3
0.95113698468362995,-0.15768160669897685,-0.26547117974605189,0.20315117444783273,0.96704693508071327,0.15345952453811504,0.23252534633324953,-0.19989181138762852,0.95182730946993432,3.340462817191872,-30.426456422592171,-1.5385172159393907,,0.3383791843813383,0.5263157894736842,0,4
0.17603886073456115,0.97590144788276922,-0.12894449787250259,-0.98430745199540925,0.17613379316176478,-0.010757641598107064,0.012213085506226379,0.12881479312083191,0.99159345984917346,-7.9746710835807315,9.8607586061758266,-2.1172771695457411,,0.07976394035665553,0.2195121951219512,0,5
-0.38475794088409515,-0.84625138227888974,-0.36853754885723605,0.92245325108330678,-0.3665015224520759,-0.12147688506933706,-0.03226959083207296,-0.38669785625392222,0.92164170992645056,5.8446469448870815,-29.568338298494275,-1.1258524629585218,,0.2185318266769589,0.3333333333333333,0,5
0.48097249868961311,0.86287886557869808,-0.15525952093797812,-0.87271931299037941,0.48813344047374285,0.0093137009222288604,0.083823959807872397,0.13101834844359539,0.98782981132037229,-6.9283657323061068,6.8241875816058295,-2.04040748453254,,0.07701440467695972,0.2222222222222222,0,5
-0.92571291386367605,0.34270147012928109,-0.16003531946808533,-0.31077430751158297,-0.93034815710211027,-0.19460636260771055,-0.21558045110055488,-0.13041475740090572,0.96773811548132416,-4.8584805771834532,-34.428307474787985,-3.0159969818933341,,0.2773579466278518,0.3846153846153846,0,1
-0.17371645805250277,0.97693970812009467,-0.12414265544089455,-0.98323263557152007,-0.17915675447926183,-0.034006494549424338,-0.055463290100530131,0.11615362251209004,0.99168148083371166,-9.2042450873622066,9.2677319018551838,-2.3439120866358873,0.8217587505350403,0.2192105584557469,0.1578947368421053,1,5
-0.87550951579536718,-0.35036375739810988,-0.33275865917153502,0.44057564208882105,-0.86162950902889257,-0.25196764230482133,-0.19843435022642231,-0.36720542843550891,0.90872657162521087,18.14465305426349,-24.112686392616677,0.60182139181800942,,0.3479475718876438,0.3636363636363636,0,5
0.34965551762460012,0.92603463618664694,-0.1421297702008249,-0.93444836662625863,0.35563138217775109,0.018236505143848544,0.067433442031325105,0.12643643696739013,0.98968002824286638,7.3028424801868104,17.176522341805789,0.43803521332797796,0.6754239029117565,0.6326323017748801,0.9827586206896551,1,5
0.96466498488055197,-0.085427856061970495,-0.24924595955412876,0.14698054748621245,0.95958925461208622,0.23996912529255357,0.21867369664881137,-0.2681241202161328,0.93823838684647054,-5.1710335059608452,9.1183613452510279,-1.6489992264483921,0.7508065607474291,0.3907002367099337,0.2941176470588235,1,4
-0.71175353892454851,0.70242860824670483,0.00097475380396115305,-0.67964268234184555,-0.68831321129590062,-0.25359563776750299,-0.17746189497343517,-0.18116007692679528,0.96730982749081762,-4.6863156672468271,3.865616559030725,-1.7545185508994157,,0.7990235778460981,0.4086845466155811,0,1
-0.91995467168805878,-0.28122961542685604,-0.27311775014850198,0.33891383551882709,-0.92069580969928655,-0.19353717497187345,-0.19702998282808226,-0.27060881251178548,0.94231101896227853,-8.6369022378402871,-33.212251119093807,-3.5076975536337724,,0.3917264627604656,0.2962962962962963,0,1
-0.95556132333657406,-0.16129871781815322,-0.24674942953019008,0.20846453227631881,-0.96155967083191562,-0.17873314805159393,-0.20843487262468835,-0.2222289878927525,0.95245429329395737,5.6533089486898858,4.1617302128152893,-0.36682192367293803,,0.08695384534372515,0.25,0,5
-0.96230368394109844,0.1978199838642232,-0.1866517448548192,-0.15379942584569287,-0.9618087041843969,-0.22642825169281941,-0.22431530594884808,-0.18918580956057446,0.95597665922238106,-23.189552919208978,2.2685570299098909,-5.2088615268202085,,0.3874304429037957,0.4838709677419355,0,4
0.13782513333138319,0.97963889364255796,-0.14598585782524173,-0.99032615144373848,0.13869375713644255,-0.0042609268958055989,0.016073157400470467,0.14516087556281407,0.98927750091519673,21.497714303395593,-26.447159624156086,0.9986668895895181,0.4504699141953278,0.3588707956461209,0.4166666666666667,1,5
0.97640200415659872,0.0054967641189831943,-0.21589097216696684,0.0069006989976972384,0.99837144782055731,0.05662890189671882,0.21585065816976551,-0.056782371920388146,0.97477395103007058,-6.2426703253196596,-33.299125466252548,-3.1431458955507141,1.067805391630729,0.5323774876230537,0.9583333333333334,1,4
-0.71021242706145316,-0.65792091679661924,-0.25047629765903212,0.69003000988975349,-0.72107660281495545,-0.062506946209123143,-0.13948797044557906,-0.21722937212619178,0.96610274090628379,4.0107954278341795,10.984611522124878,-0.32332679901854477,,0.08088259433872301,0.25,0,3
-0.97262573317397283,-0.0085735065555905786,-0.23221903055764856,0.028770964893816135,-0.99607310602759391,-0.083729319999760798,-0.23058927717236036,-0.088118456828775601,0.96905300310109188,14.364436610265619,10.882208351815176,0.84877338970322624,0.3917180385177119,0.35682537362964,0.6590909090909091,1,5
-0.95197261907256625,0.23153146618429166,-0.20035297028661841,-0.21561740673138494,-0.97152639656087736,-0.098211988575067646,-0.21738736497448718,-0.050295536104001212,0.97478874254756342,20.845035751850165,10.005496067468684,1.7350999786857548,0.2065851034531696,0.2271696832032096,0.4666666666666667,1,5
-0.5261620269607995,0.84935391968278595,-0.041850215100886955,-0.83454258032865702,-0.52518946276796818,-0.16647735526455282,-0.16337748621793027,-0.052668276191466752,0.98515676401277841,-14.945188892270624,11.815258466589139,-3.2762030016589856,,0.6088448455556197,0.6491228070175439,0,5
-0.13619571959666227,-0.92351190098135971,-0.35857564712253276,0.99067312112881778,-0.12848834490638353,-0.045359809260024281,-0.0041824677446327474,-0.3614090673586014,0.93239797993911999,-14.397346939792456,12.638918183635093,-3.1224539995951472,,0.1681715580721257,0.2,0,1
0.72096276217588495,-0.6475667870398607,-0.24671836550729537,0.66929124043589583,0.74297830360101569,0.0056987589823763582,0.17961606562749333,-0.16923503390560291,0.96907046816393672,-11.381712726119055,1.6584616166017843,-2.9459056541429085,,0.07764785942359284,0.3370786516853932,0,5
-0.40487031315758598,-0.82131705624750784,-0.40189342199220607,0.91203823796504901,-0.39413407289709562,-0.11333395374359351,-0.065316782018759845,-0.4124277217870716,0.9086457463105404,-0.9076861421178396,4.3223824743619446,-1.254748032981206,,0.08470663917256116,0.2839506172839506,0,5
0.65603998914846773,0.73620590311539968,-0.16616979525809292,-0.74381488400110862,0.66799273370997259,0.022915628926451898,0.12787083708373584,0.1085659980321465,0.9858308542010582,15.468815370026903,-33.16827018767632,0.026674647096340497,,0.4568759532467587,0.65625,0,2
-0.65715879842243097,-0.67670211909893296,-0.33198878845978902,0.74519701009963757,-0.64945825272789603,-0.15127919256192474,-0.11324190829611561,-0.34681150495714613,0.93107360086881019,-7.3116805881345677,13.840324478739257,-1.8383704870489099,,0.07845628050475784,0.3,0,4
0.052660428218558736,0.99487574062872075,-0.086308400566186314,-0.99786413592335776,0.049078715862717011,-0.043109695976647107,-0.038652885245092333,0.088394232604406611,0.99533532746733588,-14.53165068731119,5.7592203306525818,-3.3907300996409373,,0.7113316085776193,0.8717201166180758,1,5
-0.036385300525072758,-0.90177875484109871,-0.43066365904605458,0.99885709127686284,-0.019451801168557409,-0.043659347649994601,0.030993888294699571,-0.43176000827836652,0.90145586366712338,-11.453189333638589,-0.83719861870363355,-3.0047365038871057,,0.3241634582279181,0.3373493975903614,0,5
0.65771444920495148,0.74554205427761622,-0.10760459381708384,-0.74576947653454118,0.66459466800255473,0.046279748616119935,0.10601693815812827,0.049809362233283534,0.99311602356295192,14.613223299805115,-24.345207054139326,0.12677922137567471,,0.2086271790516409,0.2857142857142857,0,6
0.97166573734918882,0.096469084531326549,-0.21577629756612643,-0.082674717069940867,0.99396593021334245,0.072087590697226395,0.22142851220893611,-0.052205797616868097,0.97377819275034294,15.567927276714842,-25.856499073229866,0.24367869490745764,0.2381100115673059,0.1776554882073441,0.2941176470588235,1,5
0.96175457906816797,0.19139158700704478,-0.19595251992341475,-0.16321801149599785,0.97494149794364082,0.15115871232152858,0.21997274914112369,-0.11339460309174831,0.96889300421922819,4.5805140009665335,-33.647002676802643,-1.4738599393183056,,0.379431697027073,0.2307692307692308,0,3
0.34383283049124319,0.93350717338040035,-0.10170222182291194,-0.93753268941103285,0.347380488476839,0.018953957668791342,0.053023022943788044,0.088832164630440233,0.99463430745423942,-4.2727758556092761,13.191055835546392,-1.3187664981577802,,0.08755171470096493,0.3684210526315789,0,2
0.9733060016664139,0.037479750254211602,-0.2264303324226295,-0.0096446793572000505,0.99238379253429132,0.12280630470523668,0.22930854166436401,-0.11734426545912068,0.96625458140369191,10.889602830829102,-28.794857415162234,-0.51694515292884768,0.2840663724270492,0.2471286393846148,0.6521739130434783,1,5
-0.81203192525424905,0.54919548150583208,-0.19745499604075464,-0.5500215339551221,-0.83328914846905411,-0.055727078062400431,-0.19514216498115405,0.063352333321633578,0.97872673270385957,9.939641302109484,8.2958869552953765,0.20303580163845758,,0.09528055546604663,0.282051282051282,0,5
0.65731672681994802,-0.61102520329005228,-0.44111554221888444,0.7349372448536674,0.64924594494593479,0.19582377051359567,0.16673921785114365,-0.45291048112801557,0.87582539887512889,6.4780864754399428,6.540002409496382,-0.20255312635250491,,0.5233829932233833,0.175,0,1
-0.65352726670819139,-0.71035549159371492,-0.26133730547239575,0.74439195916502754,-0.66571643416209425,-0.051983078178946943,-0.13705007405825279,-0.2285097478208713,0.96384675771175865,-14.803896927877442,9.2576757141277088,-3.3071279734165784,,0.343269917978686,0.6739130434782609,0,4
0.31678808273545656,0.93070044574929067,-0.18287151478255201,-0.94695710896810426,0.32131951585510021,-0.0050992651837402196,0.054014298214117538,0.17478686739202004,0.98312359679529648,-17.700596218983236,10.956027630603113,-3.8592395993207069,,0.1656396804056223,0.4,1,5
-0.96353077363621209,0.15749951268664994,-0.21633851196555554,-0.15160564903531024,-0.98747535549519005,-0.043682370245113934,-0.2205089010370905,-0.0092911674786668209,0.97534070907057835,-1.9828113766111235,3.9586594723046176,-1.3526331527922588,0.1806235745585658,0.1530695743512913,0.6389891696750902,1,5
-0.72036296392484733,0.68574828842591784,-0.10405039705033842,-0.67083438740028312,-0.72695428892478298,-0.14669248956626857,-0.17623400604507555,-0.035871252205452044,0.98369447918472985,5.8317522723116282,-35.216524562352546,-1.4326020281487126,,0.2723078272239648,0.4583333333333333,0,2
-0.19158651061046034,0.97701423647925978,-0.09347615026817363,-0.97783114980965102,-0.19820747219289292,-0.067528071413605242,-0.084503558588058081,0.078466423926121145,0.99332883221126833,34.631789148798809,12.40431968710516,3.6436060489391067,,0.3043486012246028,0.4285714285714285,0,4
-0.94309050144294393,-0.21663464986227279,-0.25228899018218504,0.26171121539075237,-0.95158814389607804,-0.16120559585545496,-0.20515249407889574,-0.21805832448101478,0.95412945730531806,10.469958142129604,6.6496473338402176,0.13399706651141594,,0.08943448972464672,0.1176470588235294,0,3
-0.32440731864051559,-0.88382646185486047,-0.33706182954702774,0.94366490437654005,-0.32696790965485256,-0.05087764051085214,-0.065241396831201948,-0.33457849808535917,0.9401067964643478,-16.391262671155456,8.2261576624517687,-3.6891630404798259,0.6104349777383105,0.5225875279627917,0.4146341463414634,1,5
0.7132234360281533,0.69246885623692989,-0.10862418442552595,-0.68715345692518925,0.7213328175188215,0.086597303688503643,0.13832012484072898,0.012878257346191328,0.99030383900688213,20.019663227914879,-29.048508284937146,0.69576781712600433,,0.2276431271086901,0.1333333333333333,0,2
0.96277839997915715,0.1675172781682677,-0.21212193203125337,-0.1594301564055958,0.98568720787282915,0.05479738556132361,0.21826538379244587,-0.018939106392972197,0.97570565873473047,-17.280580275178195,5.1725667856507487,-3.9566826535086559,,0.1824255865403526,0.2777777777777778,0,4
0.47409554242761415,0.86470856646575356,-0.16586895951626737,-0.87675067628976999,0.48094346107010505,0.0012801872288314743,0.080880580337301278,0.14481879137270598,0.98614697149545183,-13.474614774119029,13.318683036663693,-2.94631076170795,,0.06781642063464337,0.3,0,3
0.97570843515097272,0.035676560740155412,-0.21614863540858895,-0.022389387654493248,0.99772346994631533,0.063612835487360825,0.21792605373313653,-0.05722814457973642,0.97428598192330762,-0.36964049605661864,-31.838881820555834,-2.2735343907601662,,0.3778677964151221,0.44,0,1
0.55815447118394435,0.82827948355438152,-0.04915977441220596,-0.82330278009151159,0.56021743030805193,0.091263152874705947,0.10313155962633551,-0.010465557889120273,0.99461266506470225,18.549732969355603,-22.304562252688577,0.69639988614822423,,0.2374190818924646,0.2941176470588235,0,1
0.46674633317350112,-0.82713667145889369,-0.31303799641096741,0.87563856800118867,0.48188447017700176,0.032318038787312653,0.12411671401515199,-0.28919246900659784,0.94919058000590617,-1.4188510860524401,13.938597447642328,-0.86078357400911931,,0.1141674418124237,0.25,0,2
-0.034098567038104349,0.99205622749395117,-0.12108562762118766,-0.99883404413398069,-0.037970343545499476,-0.029812837670938178,-0.034173674149919411,0.11992787207945341,0.9921942680209298,21.985113339240112,9.9221054084146463,1.8181893405358973,,0.7550110286793363,0.1891891891891892,0,1
0.94632401856444348,0.26428399381856471,-0.18607746370625364,-0.24963907344257008,0.96330612478783562,0.098598392263662404,0.2053075373647503,-0.046853821162769711,0.97757533445953393,24.742555553736764,-25.665649818487896,1.5921805065375783,,0.1431101402403236,0.3684210526315789,0,1
-0.75710344995070566,0.63150395328551756,-0.1673234085760312,-0.62619840411591643,-0.77449358654991662,-0.089639517377807676,-0.18619861641649887,0.036911263562891712,0.98181853408192066,-13.419147417002218,1.8066655408866135,-3.3036300353319605,,0.2976509946718652,0.3076923076923077,0,1
0.97762297301480094,0.076901328798207338,-0.19580477078654457,-0.026198363578345821,0.96804826726427207,0.24939165581963027,0.20872701880570715,-0.2386812474320304,0.94840091403623794,-10.888049409333187,15.060756818281295,-2.3573706229123932,,0.6621175961136987,0.3076923076923077,0,3
0.8813636041191889,0.44534286755031777,-0.15769568052452748,-0.42554738165376832,0.89333406441257157,0.14444263680692748,0.20520142129540861,-0.0601994990193108,0.97686662191732621,-12.892447132558091,15.71903344617759,-2.7185771144229283,,0.4248787924627588,0.1538461538461539,0,3
0.31608565248760817,-0.87431900849272504,-0.3683152612637467,0.94313640547802879,0.3316734237605512,0.022055852577909492,0.10287653256922917,-0.35434307014424987,0.92943929747309506,11.279577375908682,10.629152656029227,0.4746261501249095,0.2686444360224033,0.2250844790887583,0.1666666666666667,1,4
-0.4576513530070398,-0.74581830050236575,-0.48405609357448215,0.88543497568295049,-0.43188235461036634,-0.17170479205176092,-0.080994709260286776,-0.50718112584358643,0.85802515269651225,18.928144431836856,7.2288828398224059,1.4062619353616284,0.6833495861922377,0.447794653476783,0.4285714285714285,1,2
-0.62727773959686595,0.77878771667975721,-0.0035113750833607889,-0.76104385424426801,-0.61393058169356496,-0.20952683068865058,-0.16533266260263224,-0.12875920631213381,0.97779659309418387,-29.649879262546623,-4.6355856541101756,-6.7529270204238294,,0.1789188452642067,0.3636363636363636,0,3
-0.016462202969021639,-0.89751990843193241,-0.4406665517619226,0.99975325973843154,-0.021349220439893259,0.0061343645955037511,-0.014913601704097518,-0.44045683642661887,0.89764990933507427,16.243584613734424,-22.023131248932099,0.398864685479425,,0.497508776151542,0.125,0,2
0.60556938072578659,0.78988833312721685,-0.096758184754024146,-0.7874827628384492,0.61232509577707095,0.070205949277279106,0.11470232499696727,0.033680829430224102,0.99282877595745689,-3.8922668340530513,-36.120081482799264,-2.9539448135005082,,0.2996093280906168,0.4,0,1
-0.5596150955036675,0.80450120705896166,-0.19901947825550664,-0.81527444469805976,-0.57753813171198165,-0.042157872822331924,-0.14885739721858285,0.13866331259315495,0.97908833157892439,19.705095421592333,-27.796000787733629,0.721263070328512,,0.3018462028306026,0.6976744186046512,0,3
-0.70030748614068361,0.68794098321430142,-0.19054298325956995,-0.69200073048617383,-0.71977154501835194,-0.055352615010466705,-0.17522674984692971,0.093092032935344141,0.98011706420307099,2.3560976548327779,-34.78160287329333,-1.9062133642279542,,0.3632362437021081,0.8837209302325582,0,1
0.25813184534027972,0.96427004977650654,-0.059592126369452783,-0.96542343435218969,0.2597818212636121,0.02170248245205246,0.03640800495554216,0.051929533456133478,0.99798686400682801,0.7946369973157511,17.570754503665903,-0.38855205408943849,,0.3059888818951013,0.3225806451612903,0,3
0.87341323339183641,-0.40032093150855808,-0.27729492518280474,0.44064574265303863,0.89208775243232241,0.10005384271480648,0.20731775905061517,-0.20957717851991314,0.95556096248531563,17.111706775986676,-31.21565200030178,0.26485872458725479,,0.1275115799685552,0.3,0,1
0.40247635894129202,-0.80516960765127155,-0.43556249081854942,0.91121715087685717,0.39796689300992061,0.10632805846010114,0.087727330070078949,-0.4396865417348238,0.89385662193443971,21.266735121461164,-24.303211040911734,0.95620829302482446,,0.1820256162139291,0.2631578947368421,0,2
0.65702561524341141,-0.64430624357048516,-0.3913908601514709,0.73577939896792399,0.66111319042271488,0.14682651498793123,0.16415241992860991,-0.38444611318777916,0.9084355613285906,-1.7301016833582994,-35.028884521974298,-2.6105914877935352,,0.4453475642469106,0.4230769230769231,0,2
0.96090966922175558,0.20783827667211333,-0.18290942661903029,-0.17992605626650521,0.97090851603404937,0.15799768279611698,0.21042628607785366,-0.11891132932789074,0.9703509024497039,-2.1631457699722514,-32.251863626262612,-2.5049105119824011,,0.1845783363130598,0.25,0,1
-0.24126384522537767,-0.88436311081607899,-0.39961687303562721,0.96995343944127832,-0.23304221319663032,-0.069868821261354117,-0.031338192403195658,-0.40446658093855409,0.91401570150669553,7.4812753680825068,-34.651515093573479,-1.136239653688099,,0.2933108852455712,0.1538461538461539,0,2
-0.83476974999488551,-0.41674083541641116,-0.35984238298164534,0.52269158338205135,-0.80522964841824052,-0.27999771779391713,-0.17306927270616648,-0.42182020981061324,0.89000827942232641,-8.3602761030692445,-35.530638694226774,-3.6369418379837777,,0.210037561750217,0.1,0,1
-0.72613630414858898,-0.59078990258658826,-0.35170066647528281,0.67213686335040723,-0.71766315900287281,-0.18218569410218213,-0.14476914285476902,-0.36868262938704804,0.91821294592558911,20.279861891418165,11.194229640433052,1.7738432705996081,,0.4116042550106959,0.3125,0,1
0.29356417957851949,0.95147940910355844,0.092233434937303543,-0.95508645905294687,0.2878589946415131,0.070335303636801516,0.040372369290077682,-0.10873883048810333,0.99325018929874109,21.230363027750499,-20.463765904917647,0.98791221566434095,,0.2154882562342962,0.375,0,1
0.75855262391890521,-0.59260118907071047,-0.27096447637600818,0.6258690757507348,0.77833181544030583,0.049874693907021317,0.18134446990373168,-0.20742086632105716,0.96129639937428091,-1.4628066439172269,16.136608064525518,-0.81298405865102963,,0.07540104968978706,0.3333333333333333,0,2
0.47137819117990581,-0.81332451602569256,-0.34103640936347801,0.86745009419485786,0.49735814426164321,0.012853420476584519,0.1591632336982805,-0.30189088752095211,0.939962210448122,6.7484832237221637,11.815564874515704,0.13021584427987537,0.5272731053734888,0.2544517113826225,0.4615384615384616,1,4
-0.66348053295756471,0.7361955280365502,-0.13345308870659522,-0.72909636665668642,-0.67621983194530255,-0.10557095723675601,-0.16796449182599302,0.027255887122807864,0.98541617913589374,-31.850652132176954,-5.0854247966720028,-7.2088572690910189,,0.14052270561027,0.8333333333333334,0,1
-0.64887649759326371,-0.67844272565750818,-0.34449203020318242,0.75049189904874314,-0.64526050190650264,-0.14283134859539631,-0.12538421086129706,-0.35121838317744658,0.92786014408687145,-15.829646617573946,0.076152611690669017,-3.8165182386460925,0.6498547494848053,0.7271829715297313,0.3636363636363636,1,1
-0.37536686138878461,-0.86410902875071016,-0.33528391819864961,0.92492559247815476,-0.37266742316815354,-0.075044254198068788,-0.060102976216398048,-0.33828180285187409,0.93912355635944855,-14.345078447488715,0.15669260927835368,-3.5179182036632506,,0.1447487780460571,0.2878787878787879,0,2
0.33881207214785297,0.93211476500061197,-0.12793922242506933,-0.93947508808615454,0.34253259530367502,0.0076144612442715599,0.050920905651703555,0.11761584086500494,0.99175277934837558,11.381668236362303,6.4261628897844769,0.22645233899196168,,0.8887168518016022,0.4823008849557522,0,1
-0.55993233136708476,0.82633225700572188,-0.06042172888664768,-0.8153512017935981,-0.5625124458578149,-0.13704804263029527,-0.14723519288389414,-0.027472700757101835,0.98871990406259858,-21.532754521699676,-2.2566747332829178,-5.0432002160869809,,0.1114184264208764,0.2307692307692308,0,2
0.92547968419707338,-0.2412941859381284,-0.29200080474365137,0.2718667958982352,0.95989687373360999,0.068457556810542983,0.2637722491592161,-0.14274140124328724,0.95396493276461181,-4.4823067927252627,-31.510441402671404,-2.8294343617385707,,0.6419842136596065,0.32,0,2
-0.78101623431527545,-0.57124458124790933,-0.25237525657418763,0.60396485765559982,-0.79370272048747836,-0.072542692311678161,-0.15887130783447753,-0.20908280628898329,0.96490636212084635,-6.3280961884391838,10.208774476626953,-1.810693905634102,,0.461487954769922,0.3513513513513514,0,1
-0.36788008320204174,0.92883345323277444,0.043962035200136723,-0.92799930722358759,-0.36372821493015639,-0.080740767003193395,-0.059004492844196545,-0.070499658292797335,0.99576516709754315,3.1349551772773867,17.785000746995099,-0.16294006567996286,,0.5248313430086845,0.45,0,3
0.71906407391179661,0.6896483688446936,-0.085627010687193583,-0.67390518317020875,0.72207023012693805,0.15641734833693871,0.16970168445156544,-0.054769609404169049,0.9839723716548231,-0.19633202192317337,17.701377891940208,-0.50264747483490224,,0.2278739298702608,0.2,0,2
0.48432708321658657,0.87488583733857839,0.0014311140023705081,-0.87059619586900339,0.48178928854606212,0.099706294589153768,0.086542129632528317,-0.049536381243017152,0.99501588265314289,14.075335631701151,-26.857363110198701,0.043976129151594018,,0.3582154308200307,0.3461538461538461,0,3
-0.79455287676776853,0.59440304573535507,-0.12397880964340556,-0.57221665848713388,-0.80130719771423631,-0.17457053199545472,-0.20311036844504363,-0.067762778218506486,0.97680826374382579,-4.0984623159299591,23.990823059801603,-0.94776553941991704,,0.1824920880523481,0.25,0,2
-0.071572097871813636,0.99433688131336084,0.078559539625980751,-0.99652935453709091,-0.067928572322183398,-0.048113975185579409,-0.042505062664536609,-0.081730505457193986,0.99574768095416355,27.657363452383692,9.0300090787478968,2.3958794736218629,,0.169636412028251,0.4285714285714285,0,1
-0.97530367789837025,0.034808094249859201,-0.21810807516596697,-0.0114438822071153,-0.99414106485165865,-0.10748293229921907,-0.22057147013596257,-0.10233249606210998,0.96998777663007518,16.179300377371678,14.709033186955025,1.2457134219439863,,0.1217535378298453,0.2307692307692308,0,2
0.64535465269855663,0.7489456845491681,-0.15032542644377792,-0.75366727437103287,0.65634959963766681,0.034508587302489471,0.12451109100182277,0.091025077042829305,0.98803412064912177,-4.0776896798060012,16.678450320795548,-1.0993535714554417,,0.07628290939056652,0.4,0,1
0.94085339072747043,-0.18825623369295116,-0.28169928582154302,0.25901266257969213,0.93562956856124391,0.2398119076636529,0.21842009472573959,-0.2985915285296063,0.92905100038176192,-13.801881548283825,-1.3301043315291863,-3.4565547917607162,0.4538163214116692,0.2473662741229856,0.2363636363636364,1,2
0.95910900643793195,-0.16558877743976316,-0.22954361362418166,0.1786284700583661,0.98321715996850945,0.037092937711462576,0.21954904566918623,-0.076579195147661219,0.97259130338302235,-2.4032138412663708,16.450126618031273,-0.93319507326239581,,0.08985579132508156,0.1578947368421053,0,1
0.95467788255422759,0.21573170739695943,-0.20506089579772924,-0.21709392427171306,0.97601779956221413,0.016108475472238294,0.20361819320994429,0.029139069328388698,0.97861664916993485,-16.259248026361924,11.948654081472529,-3.5233068432284322,,0.1234825203362813,0.5384615384615384,0,2
-0.85579456681597277,-0.4311216643824482,-0.28591916673837831,0.48544600225469342,-0.86026034169177079,-0.15586636393813119,-0.17876755383233614,-0.27218790386875258,0.94549241492691893,9.4555572645603387,13.419723388219651,0.45182033429907187,,0.6886500638226943,0.59375,0,1
0.2299319520769168,0.97161316341370274,0.05567008258763443,-0.97286765434020972,0.22796566054722556,0.039499174040023462,0.025687050291446935,-0.063241744856406198,0.99766760855248782,-12.010281181692815,15.245843357877879,-2.5662693886060191,,0.3600396960676003,0.3,0,2
0.23937769378207413,0.96846429293566694,0.069103060917681744,-0.97052769571718611,0.2366327845096596,0.045617070720213967,0.027826454417756677,-0.0779861436655407,0.99656602883638024,-3.146993683320185,13.886000822314923,-1.1252230662524474,,0.3761347750621176,0.2,0,1
-0.96761623423027265,0.13647078282008748,-0.2123547708211404,-0.12377459594158267,-0.98969201895452474,-0.072038580061071167,-0.21999698328278164,-0.043421573603335643,0.97453368042992028,-16.215341016486036,1.956457123022185,-3.8309067372265821,,0.5043678982499802,0.2365591397849462,0,1
-0.2562082647699232,-0.93043037051084176,-0.26202414143479619,0.96610122761994033,-0.2553763010525984,-0.037833356339828164,-0.031713452269166095,-0.26283506328446699,0.96431944212144816,5.2993001237903412,12.254318607326166,-0.084642430313637274,,0.2132749922498381,0.3055555555555556,0,1
-0.032726747696828463,0.99467935749105574,-0.097682832505858991,-0.99889034579629787,-0.035863225047032758,-0.030527138158976754,-0.03386793557540093,0.096575384391704225,0.99474929407838941,12.19292550078154,12.366108892063897,0.63056771338665907,,0.2474385867556433,0.6111111111111112,0,1
0.071770790048462776,-0.93197407027647505,-0.35534952656239743,0.99651318357007312,0.082198509733217281,-0.014313628773896692,0.042549132386668333,-0.35308318754924972,0.93462389976032823,-14.793522550392259,1.3629971537516448,-3.5590477406481882,,0.1077770547425851,0.4545454545454545,0,1
