axis_00,axis_01,axis_02,axis_10,axis_11,axis_12,axis_20,axis_21,axis_22,location_x,location_y,location_z,dbh,dbh_approximation,score,reconstructed,number_clusters
0.96751375872324386,0.2518023562469624,0.02264288121457338,-0.24283525248901025,0.90065525890870735,0.36034864332849403,0.070343207417760414,-0.35414076013439277,0.93254284361717954,-0.3964538847008518,7.0112363723733617,-1.7927244572984153,,0.1771021797226035,0.25,0,3
-0.99777111307126509,-0.039114228100146031,-0.054063694663413306,0.041807083815232578,-0.99789331260295766,-0.049609519299847755,-0.052009361305395505,-0.051759190704894001,0.99730437305477593,-10.401935010420633,4.0895696692735921,-2.3067134500769964,0.3291993399551927,0.4186791394331969,0.3720930232558139,1,5
-0.31135877114643529,0.94780334731068494,0.068735219915581305,-0.94803890221130771,-0.31478512816089288,0.046179681492067942,0.065406081706216673,-0.050785213550716496,0.99656555557597337,-3.1862699686887885,5.3348086858649912,-1.8762777851302486,,0.07829157039879064,0.2121212121212121,0,5
-0.68952240035850132,0.72321427629599522,0.038986792193131323,-0.7238977068746113,-0.68988674166182196,-0.0053285702504361435,0.023042772956604375,-0.031896618016564376,0.9992255182758174,-9.4960826324479921,12.610921870210802,-2.7233887511855852,,0.1276043794985758,0.3269230769230769,0,5
-0.77212023364772631,0.63540083306745054,0.0098043933504296972,-0.63520757450176046,-0.77215043449089704,0.017176839380654098,0.018484644637387353,0.0070347603163324517,0.99980439589947845,8.1654620734339645,-27.798104194498762,1.0114298623193245,0.4170760984243498,0.3488555723785048,0.6363636363636364,1,5
0.86201500888704052,0.50200931213139188,0.070119718958663424,-0.49867090041893958,0.81509635982860584,0.29486481185370317,0.090870553695018369,-0.2891445568007851,0.95296273156070377,1.5562237761941446,-25.896405883973436,0.45933676985504174,,0.1841723225141604,0.1904761904761905,0,3
-0.3299427651142755,0.92807171247739961,0.17268661861306042,-0.93896494721236001,-0.34151504735185839,0.041379950927323064,0.097378640652023146,-0.14849366630103922,0.98410722556703112,3.2043866345943082,5.8318530937731161,-1.5265778329323649,,0.3182014349712725,0.1607142857142857,0,2
-0.4037898020297484,-0.90551165306247494,-0.13039341219877973,0.90924317927804676,-0.41297527999214456,0.052232739271068231,-0.10114660999324843,-0.097468273214795273,0.99008550085505242,-5.3858174891485247,12.270332115826525,-2.4271821463549021,,0.07899085515798034,0.3333333333333333,0,5
-0.18431983235853464,0.98286542060155713,-0.0013283015642646038,-0.97993702010366501,-0.1836660621338381,0.07739647440677043,0.075826354453253378,0.015567357064482045,0.99699950920968683,-2.7184216694719479,-31.619925211641004,0.57579199695100836,0.2721591480690495,0.2024930333483532,0.6,1,5
-0.93200322776956179,-0.34636383612630411,-0.10678050595024366,0.35934944197909419,-0.92147278938114341,-0.14749873551813777,-0.047307102811659438,-0.17584081282229869,0.98328126523877257,6.4254794018642531,13.53620130635858,-1.8532582913232303,,0.1020281114343959,0.25,0,2
-0.74867119305055929,0.66293038735969723,0.0038400796052157284,-0.66102100439453781,-0.74693040100192309,0.071737074155159744,0.050424958557134442,0.051169107616105228,0.99741618494000939,-10.499720719826906,-25.164244990192159,-0.3619971009181942,,0.2183855596866671,0.5384615384615384,0,2
-0.93303317359302251,0.35978734975538484,-0.0014696703469816612,-0.35896665086411322,-0.93116557655520027,-0.063824858840604182,-0.024331883246765829,-0.059023147955845297,0.99796003299884106,-17.526677826759439,5.4493928404296339,-2.9686200582978279,0.1742147475187034,0.1938375270594091,0.3203883495145631,1,5
0.98668949636765169,-0.12832921224437172,-0.099877179788421047,0.1468401797230407,0.96701050947686218,0.2081553174439803,0.069869874600250126,-0.22005064836541177,0.97298299716763137,9.4043640267991631,-27.252130032442963,1.0440480878276581,,0.4728450286633128,0.475,0,8
-0.67246578820130098,0.73947350614569973,0.031123904115438132,-0.74011359247358588,-0.67159340215108643,-0.034556799952684403,-0.0046512293690758114,-0.046273490204576932,0.99891797970085683,1.2385597842340357,-28.29634698304891,0.58414755246104388,,0.3066935729771896,0.2592592592592592,0,5
-0.94516316150696422,0.32565706417659185,-0.024780530301883343,-0.32571017315976453,-0.94546759955374882,-0.0019751694375948954,-0.024072416380489087,0.0062044134254680807,0.99969096426028048,-11.627708967130761,11.598423235278169,-2.7965293375621925,,0.06881526495746566,0.3157894736842105,0,3
-0.98948942233362136,-0.12673846178731915,-0.069627906716045435,0.13360112761266366,-0.98547484974137523,-0.10483348333350666,-0.055330116487306215,-0.11303398971546601,0.99204934120158716,27.716076837291002,5.5987515839038569,-0.40847012350597384,,0.4826825995471866,0.2592592592592592,0,5
-0.77211202160485859,0.6354702959277434,0.0045309035263945054,-0.63527298167281476,-0.77164825636519818,-0.031419853676967521,-0.016470119908207705,-0.027138007333936745,0.99949600484852053,0.21463961476921939,-26.003035724657661,0.3833832716578538,,0.423211277911869,0.7307692307692307,0,5
-0.96811072102961238,0.25021333025877324,0.012446734043054554,-0.24865642678222818,-0.9536589044198821,-0.16942454202554244,-0.030522340136673393,-0.16711667595271437,0.98546456220967038,-20.829954012803679,5.8431983941587857,-3.2759252622257451,,0.3469435783090984,0.2,0,1
-0.84642191712256709,-0.51611983851406229,-0.13111159562287944,0.52466279715410025,-0.85039224247575973,-0.039521933397607983,-0.091098229933378502,-0.10224160713363097,0.9905795103240016,-7.5151896088194539,5.7767390799645231,-2.1976563966231013,,0.08507291842856166,0.2920353982300885,0,5
-0.99455051993110832,-0.091413076687948291,-0.050128960843061281,0.092557214519733574,-0.99548602834217814,-0.020993556532046528,-0.047983594541362896,-0.025518949546552549,0.99852208682078269,-5.0690852921037601,5.5372409528578093,-2.0221052797577452,0.2517897291125427,0.3292129340822476,0.3606194690265487,1,5
-0.95225146608211075,-0.29890449601512453,-0.062235420834243521,0.29594716867155274,-0.95376060000587792,0.052497535482339409,-0.075049441701871195,0.031572458541778384,0.99667986894582439,7.3568732418815879,10.638993571114181,-1.6092923780185624,,0.1996381511612592,0.6896551724137931,1,3
-0.99693171097379529,-0.044620557465090943,-0.064313058599050663,0.041422067777814604,-0.99787797387386212,0.050237053639766709,-0.066418189947261758,0.047418931967086526,0.99666447159273686,3.0966912281078178,-25.224667726589995,0.52593117255130062,0.5568891872749639,0.5741824373758471,0.6617647058823529,1,4
0.82252860161675934,0.56845589033380928,0.017452801126896459,-0.55828663618290308,0.80120126605830966,0.2153893291835535,0.10845612653030547,-0.18690754936962425,0.97637228381733809,-12.422903289778771,7.4357657678677782,-2.6539303961977483,0.3285637686284714,0.2030226743101647,0.1692307692307692,1,4
-0.20709688096246895,-0.94657234750808428,-0.24720775236357595,0.97365960990381539,-0.22405757376349617,0.042251244729180112,-0.095382629118548654,-0.23194610273132332,0.96804088730289894,32.497968667159938,2.2827209924456797,-0.019814885648525637,,0.4350007672265034,0.4545454545454545,0,1
-0.91665107849786076,0.3993515247410564,-0.016406095687326733,-0.39924326459220816,-0.91679521827220434,-0.0095573757369396568,-0.018857782649727425,-0.0022107555754545456,0.99981973204839336,-21.099712937956255,6.8943476112347231,-3.3524468699977259,,0.1545211660062027,0.3571428571428572,0,2
0.76809122999928214,0.63338531923798846,0.094121728479567013,-0.63786324784117021,0.74389287567514073,0.19938371692112522,0.05627023593076376,-0.21318167579217712,0.97539081072908174,12.937438266914381,-26.753965449318205,1.213858412876331,,0.3109994658351001,0.3095238095238095,0,6
-0.0091356445279116537,-0.97800804325261059,-0.20836700154357493,0.99677287480614329,-0.025525708681613121,0.076106992103213658,-0.079751965804968378,-0.20699928871738177,0.97508508265727367,-2.1898377352990832,10.983804201621332,-2.165680533422659,0.3613347028837828,0.1752306576311677,0.4074074074074074,1,5
0.92634022999514731,0.37553415179072808,-0.029459788379341365,-0.36671795190237177,0.91693438634568469,0.15731902265585004,0.086091358713096117,-0.13492750637168258,0.98710832535201132,-13.316150995394366,14.571511749636219,-3.0632802213879744,,0.1533841184119711,0.3275862068965517,1,5
0.93170770586228768,0.36107142966024575,-0.039346836212585251,-0.3553547899017912,0.92860222690059757,0.1068685055996659,0.075124723831025086,-0.085588123465572305,0.99349431251062303,-13.490132166925191,13.196513695857531,-2.9964468863914315,0.7887968006309445,0.7254478956780102,0.9681274900398407,1,5
-0.75143173015216813,-0.64672207235640333,-0.13077047085469978,0.65305641326722386,-0.75727197067231444,-0.0075155521832958412,-0.094168338687001127,-0.091047919037779104,0.99138418407185702,-13.769224058440525,21.907896684066479,-3.498798526904547,,0.2325104986654895,0.25,0,2
0.36928363115567692,0.92841859567373908,0.040847410783052387,-0.92119948668851293,0.35990749609917577,0.14784485103121234,0.12256061963492852,-0.092225297282378924,0.98816668080637027,-10.788233298331608,13.79289708673079,-2.8505206191013572,,0.1382052905381205,0.2432432432432433,0,4
-0.82810011529767003,0.55793289322661865,0.054415858899404333,-0.55997797847031272,-0.82780234402609809,-0.034175178905149359,0.025978119106033034,-0.058772152254886939,0.99793335020282836,-22.526341874424272,13.223963829858542,-3.7805084907315747,,0.1992588078324259,0.2727272727272727,0,3
-0.71087256342252658,0.69573874772614908,0.10299414296714461,-0.70278456259145017,-0.708390395932878,-0.065398054506270079,0.027460101169344223,-0.11887237636436435,0.99252974815934825,8.8501195262183447,-28.363188209996839,1.0724746764333626,,0.3119727089506579,0.3571428571428572,0,3
-0.63973450891649331,-0.76026467815906518,-0.11285998956701837,0.76202012249114937,-0.64655294557369436,0.035980848913754242,-0.10032492721127741,-0.062983392363970034,0.99295921430156397,-16.973237455183376,12.201560654033278,-3.2531015492837541,,0.06413756798936865,0.2666666666666667,0,1
-0.51986887741826626,-0.81436047078251905,-0.25797940599734809,0.84434767766628382,-0.5356932381277818,-0.010476346869200378,-0.1296663006005182,-0.22327063902592395,0.96609361463448806,6.5292678949287142,-30.516276412330022,1.0791590311195096,,0.4949286748281985,0.1621621621621622,0,4
-0.41108829936903524,0.90657649706582777,0.095527300232590165,-0.90983480149887774,-0.41454522490184154,0.018785379756053239,0.056630769934478874,-0.07919161242792494,0.99524953876788769,-22.806446497483307,17.452624540834258,-3.9586328895753078,,0.1079730784268865,0.3181818181818182,0,1
0.99777814664422548,0.052621211301908118,-0.040862919625666953,-0.045505244035489931,0.98624487060849508,0.15890351778265568,0.048662540464758909,-0.15669098033885737,0.98644812019485506,7.2594787174420121,17.340595611946888,-2.0738008558421832,,0.3218113975101037,0.4736842105263158,1,5
0.97015167044948147,-0.22291843631969169,-0.095462595150475435,0.2409455909307574,0.93059025697460818,0.27558482511734927,0.027403622663948742,-0.29036036983843966,0.95652490667633738,-4.1014431322295133,-24.734755399580528,0.030956013838871012,0.3412509443382448,0.3016398699059771,0.2444444444444444,1,5
-0.99144553092144949,0.12891712913600564,-0.020399338989666588,-0.12680658581171148,-0.98841376517649215,-0.083416536756250007,-0.030916807898971825,-0.080116182041833628,0.996305951183861,-7.3022954110876768,10.460507073363733,-2.4505449199291851,0.3377252638556079,0.1577204247509914,0.2542372881355932,1,5
-0.96674486691638406,0.25105422341624117,-0.048745658223995202,-0.24616405746030173,-0.96515303999626156,-0.088785506703830425,-0.069336996657655386,-0.073833503850506507,0.99485727348381658,-18.908327030201086,5.2148396843750833,-3.0776241561053719,0.3582335125939125,0.3924919953020344,0.2544642857142857,1,5
-0.2185873596105421,-0.94209391140753507,-0.25431993297290589,0.95875415622585747,-0.25586809327386006,0.12378201308770123,-0.18168663720300446,-0.21677310934073685,0.95916598403436581,-6.4838391575906025,-24.399820312091524,-0.148540734722548,,0.4395597948580807,0.2972972972972973,0,2
-0.99634130026168832,0.066306057688465175,-0.053921425302586902,-0.068841039443077803,-0.99653879499416309,0.046597654017971175,-0.050645085459944977,0.050139174159492039,0.99745733669834702,-1.8820776468643796,8.77482628222476,-1.9956868567987045,0.1818380706578681,0.1029812272366123,0.4065934065934066,1,5
0.68973670252238251,0.72405925006833993,0.0012180246394034706,-0.71744269151015805,0.68320493890643541,0.13604041992184787,0.097669163978245099,-0.094705933522274979,0.99070253889018789,-11.436164597987672,-24.357543686993541,-0.49665214780973849,,0.100895122531213,0.1666666666666667,0,4
-0.93728278099063722,0.34851077727746793,0.0064207927789394648,-0.34538045192011707,-0.92606275198494825,-0.15205302633462367,-0.04704606136448132,-0.14473429969263435,0.98835148130741934,26.681996210721397,3.4872216500147775,-0.29382779404842385,,0.6365304843194181,0.5833333333333334,0,3
0.39442304973778036,0.91876363402102801,0.017431082468511522,-0.91235520072896392,0.38926611079125079,0.12680647732772604,0.10971985024762758,-0.065918736258588323,0.99177430631757668,2.6502296803999656,9.9918053222563419,-1.8143636789911268,,0.09618999010489411,0.3428571428571429,0,5
-0.99221760783134649,-0.10486798813324091,-0.067133626256358561,0.1074052825816053,-0.99358622527484175,-0.035362667004325929,-0.062994634557297854,-0.042297966960360811,0.99711712351559523,-15.365338510474233,7.1957058654962465,-2.8778509759375668,,0.1233708107897772,0.2763157894736842,0,4
-0.88892430359105279,0.4579795634283686,0.0082645004158128088,-0.45804362796714038,-0.88863707822503257,-0.022807412882160212,-0.0031011874922048416,-0.02405956536678272,0.99970571667391206,-2.9735466067543177,4.1764789095282806,-1.7775909238812548,,0.1023261340349462,0.2229299363057325,0,5
0.15480680642902489,-0.97224465776741664,-0.17542855561728679,0.98449167217253164,0.1369807902425372,0.10960114291130676,-0.082528783501158248,-0.18967495498154507,0.97837232756582493,-2.2145335763968399,2.0188715841749936,-1.6055769057977334,,0.3077331387559982,0.285958904109589,0,5
-0.229320360903709,0.96965583098606301,0.084733355355016415,-0.97070889979168329,-0.2342394782274809,0.053442480340424606,0.071668709631273544,-0.069995973273070194,0.99496942655809439,-24.347833389111813,12.267831929444771,-3.8964006994951421,,0.2028710187787246,0.125,0,1
-0.7590614438497949,0.65042141680363275,0.027887363156427317,-0.65056896684864807,-0.7594329527323459,0.0046486210548945328,0.024202145238512537,-0.014614064026971192,0.99960026275430125,15.508834669126259,-32.582895422095127,1.7429294358922602,,0.3026220791600406,0.3823529411764706,0,5
0.78951017909636056,-0.60618747921656224,-0.095970918221631646,0.61362806690715155,0.77670654596739896,0.14208285243190144,-0.011587605750349885,-0.17106630729767636,0.98519137526701483,-5.9393254436310006,13.180457596612117,-2.5282951420183633,,0.09434657465217786,0.3142857142857143,0,4
-0.98503795917021164,-0.15596435217400806,-0.073316709178233158,0.15357684090658058,-0.98743696867756903,0.037180462961180237,-0.078194455883639671,0.025364418775025068,0.99661540893629885,12.986592851077285,-13.46297060008806,0.35465898392513084,0.4041397120012762,0.3238980351984218,0.859375,1,5
0.30311685792377729,0.95103027266978102,0.060511080870024388,-0.94786859246278155,0.2943401566142495,0.12210243088048793,0.098312267113733018,-0.094367858246020314,0.99067118937870458,8.5209837768173244,-24.101963990395511,0.78591979661411471,,0.3802777948270101,0.2962962962962963,0,1
-0.99794558229712071,-0.035773685169341707,-0.053149395321735106,0.033790268030553142,-0.99871540304039674,0.037759257358711246,-0.054431907555078742,0.035885751758362644,0.99787242684656496,15.544172340772542,-29.276157323181327,1.549267914856302,,0.3157781501852142,0.4545454545454545,0,5
0.93367497843651481,-0.34566139414114866,-0.093644194918697271,0.35702938637969689,0.91884734671965462,0.16807608600746102,0.027947305825616588,-0.19036216542855325,0.98131605208028738,-1.6440056530512317,-25.673481908045545,0.2557467650042739,,0.4463181578470959,0.75,0,5
-0.77055147333135499,-0.60227028028209695,-0.20861672137151771,0.62845553254583475,-0.77248963600699483,-0.091123026037939453,-0.10627356472523376,-0.20132131469544898,0.9737431168896068,4.6247895448970935,8.2173250224572048,-1.606940478997487,,0.1946654060002368,0.1568627450980392,0,3
-0.69840691835499147,-0.69381021994047298,-0.17565635513706254,0.70883787990946456,-0.70446033569222288,-0.03583985828455534,-0.098876874947284615,-0.14954268334677523,0.98379893751625214,-6.8580352630988326,15.826195572180495,-2.7087501023060074,,0.1494878801888341,0.1176470588235294,0,1
0.51119050197717397,0.85631347978438244,0.07356286446221616,-0.85476978051465069,0.49759413740687852,0.14754218629680108,0.089737912875553841,-0.13830147778626903,0.98631628204895483,1.251189200257377,16.984902546961596,-2.3177396349052173,,0.1527127486264697,0.25,1,4
-0.060756909073443749,0.99388971979677476,0.092151087254196892,-0.99302639439906271,-0.069531307275214116,0.09520492285274601,0.1010305796610059,-0.085724105074880055,0.99118323219396354,1.2217258859047058,14.464269781109287,-2.1870056001959619,,0.2071066243356411,0.25,0,4
-0.93724762743399359,-0.32382465659965753,-0.12924579934165251,0.34043773455155019,-0.92998582151143483,-0.1386669415582123,-0.075292986145835933,-0.17396540910713931,0.98186913724356739,-5.2050938186936007,-25.773216370055092,0.022971500909630533,,0.4805350974523955,0.7884615384615384,0,4
-0.70183581003881268,0.71217704304485463,-0.015177453905392308,-0.71193842375108229,-0.70056793434364018,0.048458746953554344,0.023878369583944691,0.044815496531573379,0.99870986514434734,-17.2731822592628,25.806602381811839,-4.0137760663372228,,0.1558431936695174,0.2857142857142857,0,1
0.8489910546859164,0.5252529319071455,0.057650208900255094,-0.52206355033070906,0.81693666787983776,0.2450798443150374,0.081632337216269224,-0.23816766824305802,0.96778733372796022,-28.280863215827097,8.1127745833915874,-3.9994657873688815,,0.1831046588234101,0.1428571428571428,0,2
0.1525908876746874,-0.96626827926197834,-0.2074647765061497,0.98528102321714262,0.13236960382424418,0.10816465814485315,-0.077054047828982994,-0.22091604847884727,0.9722441942421981,-0.35323743444099698,-27.517884758400502,0.44766920612508709,,0.2106695841436731,0.3846153846153846,0,1
-0.97313937332967781,-0.2208574173002105,-0.064975082139244508,0.21871797993235167,-0.9750295824564762,0.038467630406096173,-0.071848488709452318,0.0232231470354319,0.99714516501457184,-9.5295226911262407,7.6467535463137475,-2.4648365866459248,,0.06786029500643308,0.2835820895522388,0,5
0.93804367766450858,0.34565104892060544,-0.024482875111538578,-0.32605490679159038,0.90436535006245666,0.2753389027426672,0.11731264446243357,-0.25029715537035929,0.96103541946316196,-8.6568391000632161,-25.450193013847542,-0.24415804192605081,0.2872602504368184,0.3404812764132826,0.5,1,5
-0.88050658272156268,0.47090538861496056,0.05437161720408442,-0.47401703043661636,-0.87369600016651128,-0.10937620467491985,-0.004001579693879361,-0.12207954073648446,0.99251225337197779,-9.0043225465894299,10.20598859187557,-2.563385587654758,0.1751527600223503,0.2211819382453206,0.28,1,5
-0.17656175594327264,-0.95343006614670078,-0.2445343642634395,0.97996666336759197,-0.19353350687175683,0.047011917702925898,-0.092148168871742986,-0.23133501828606906,0.96850029648326252,-16.611792273642717,7.3595890872353458,-2.9763869540710424,,0.3788925814626554,0.31,0,2
-0.94329667800252082,0.33089973520954319,-0.026395880505535096,-0.32952064677405352,-0.94303000405989368,-0.045940774834627149,-0.040093897528398634,-0.034637792670011075,0.99859536485001354,-9.7479051246401429,-35.400925042132563,0.39143213066043653,,0.2825731095655078,0.4615384615384616,0,5
-0.60481973211932771,0.78936109381775788,0.10536676518683083,-0.79217866476696264,-0.60989739061202919,0.021866321425179643,0.08152333854262897,-0.070244120689705439,0.99419299372978553,-5.9026373288970078,17.673738549218619,-2.7581965349591395,,0.3999262704735636,0.2142857142857143,0,3
-0.95634799119681446,0.29176344854403852,-0.016510900263407159,-0.29105144906918096,-0.95603844783899916,-0.035770661837980666,-0.026221627114804181,-0.029403679145432002,0.99922362358191119,-25.013596347097828,11.018815506149705,-3.9014094418221057,,0.1607218260925001,0.28125,0,1
-0.86844798801719203,0.48542838406333555,0.1007838084939725,-0.49577254138903487,-0.84916524518025072,-0.18201091610840772,-0.0027711574384081238,-0.20803285875943522,0.97811791230036693,8.5568233846220565,16.454015342125803,-1.9474540995189893,,0.4658871023127977,0.3478260869565217,0,3
-0.46145685234909722,-0.84893275347377972,-0.25762521906733143,0.88107508323100681,-0.47250211847804213,-0.021176537564883895,-0.10375100543868598,-0.23675921970049921,0.9660128367455959,-17.875657347517503,9.7171842487626421,-3.205857825116972,,0.1246545655351703,0.2162162162162162,0,2
0.75737867722039753,0.6504386947294668,0.057506901242433892,-0.64561734550114691,0.73274949689916025,0.21507305266369101,0.097753682692429997,-0.20001919706031612,0.97490334819786773,-17.054977557570663,-23.9667625920886,-0.89506016718819681,,0.6440653393017369,0.7011494252873564,0,3
-0.23317286972082704,0.97240423947905386,-0.0077722499519705243,-0.96963121178432987,-0.23188654109304702,0.077742814417494713,0.073795162170732162,0.025663731277120835,0.99694315130659772,-12.546388400358214,-24.443073805168634,-0.55985536879756725,,0.1441790170731654,0.5,0,5
-0.48978741085851563,-0.82358952553461884,-0.28602200194071137,0.86594184081244796,-0.49765103870784572,-0.049881579800068569,-0.10125719971863678,-0.27210978869320934,0.95692384357506566,-38.724625297616164,12.326555232415327,-4.959000201535698,,0.5190140979032988,0.25,0,1
0.7285678762297314,-0.66625663924379697,-0.15903125601484672,0.68468361137279077,0.70160441994571976,0.19738183865326361,-0.019929928339349,-0.25269216168332381,0.96734144405178735,-1.0829224710539949,7.8238675571109608,-1.8959444629826829,,0.08489111240144867,0.1612903225806452,0,4
0.80145480452574613,-0.57889369844671357,-0.1501741728836351,0.59367321258414341,0.73974992479707458,0.31673674466778468,-0.07226557245757427,-0.34300456944683472,0.93654981307775154,8.0319770280458904,-25.929585376690511,0.87257482242905671,,0.2813759147349061,0.125,0,2
-0.99445923855777651,0.09272967526045392,-0.049517978282430333,-0.090113568883110284,-0.99453702779428954,-0.05268439094504522,-0.054132869407019286,-0.047930237556183725,0.99738273735691418,3.9824287279567496,3.7748738792461274,-1.3336012283336265,,0.3511293920425604,0.3492647058823529,1,2
-0.3205457499964573,-0.93178698143196648,-0.17036268192627343,0.9394872337087814,-0.33569375473056734,0.068362568216201361,-0.12088903944291123,-0.13814023406957743,0.98300717997061071,-14.12725446943864,9.1068482431524735,-2.8792293365132653,0.8286700627929489,0.6487166521700486,0.7400881057268722,1,6
0.74852810736589559,0.65840845281357552,0.0787653587998252,-0.6543974953314714,0.71428685588039076,0.24810926145632617,0.10709617447476055,-0.23726060941534419,0.96552463077475792,-19.61962015211466,8.3862042068082143,-3.2908101669503615,,0.2293508951569316,0.25,0,4
-0.79246429776399308,-0.59999450335209459,-0.1095761503097053,0.6025164282225508,-0.79801400465612737,0.01214916024384511,-0.094732731890100508,-0.056393654961920045,0.99390415291851708,1.1714966125853394,18.044295663969198,-2.3924651776766725,,0.4879257872052919,0.4583333333333333,0,1
0.97707302996939538,0.21229414169783214,-0.016108740087476456,-0.19809557054823684,0.93423060780981815,0.29659958927899116,0.078015633276886501,-0.28660838932606009,0.95486605978656924,3.5537721210721691,18.285863720125494,-2.3023511644096151,,0.5813949405118866,0.2439024390243902,0,4
-0.9980873085325459,0.046392299952461628,-0.040859259065467994,-0.046690455774810409,-0.99888907702862229,0.0063728433565533003,-0.040518216715431439,0.0082683915018295553,0.99914458804327888,38.483733834133602,0.34906267150944531,0.27439183293287867,,0.3902077047784623,0.2083333333333333,0,2
0.076335028941124344,0.9968620791176338,-0.020951338234712135,-0.99373930459001325,0.077781513050511286,0.080201189146603624,0.08157915094871887,0.014698008192974437,0.99655848332430785,-12.671819995767953,12.209992783383708,-2.8925089993018736,,0.07388057836005263,0.2647058823529412,0,3
-0.79923442125765665,0.59910847309611581,0.047889219469310199,-0.6010048401334398,-0.79722887721697999,-0.056738870869383881,0.0041859303765614071,-0.074129311313372886,0.99723985238812451,-7.9499887444958084,15.140736182349897,-2.7602788136584868,,0.2042786075398184,0.3125,0,3
-0.88114269703475345,0.47272434485113268,0.010919764071967606,-0.47281436196143461,-0.88055516842267745,-0.032698233700167334,-0.0058417964121735035,-0.033974831113294919,0.99940561548627549,-8.7847415514156122,4.3701211207181814,-2.2118037435066165,,0.0711730866919488,0.359375,0,5
0.80710008714188763,0.58810396313677471,-0.05218407686618276,-0.58240149618335002,0.80754266601650715,0.093184439722233448,0.096943006859453007,-0.044817084976270828,0.99428038415493103,13.580391341327037,-8.6828720149699947,0.029326340606034708,0.3699634751873178,0.4003142379020586,0.9710144927536232,1,5
-0.65816649199023858,0.72862076132049902,0.18954855576869722,-0.75228569796253175,-0.64640674817035926,-0.12737560426097164,0.029716955804543779,-0.22642902219582481,0.97357423982208624,-20.145647301786845,-23.32614166014034,-1.1324555953687021,,0.570823280395053,0.2857142857142857,0,1
0.38100436461033171,-0.90248187071417219,-0.20090332794686186,0.92266585847170002,0.35718324173409427,0.14528539305450863,-0.059358131360048819,-0.24072101041780833,0.96877758406399539,-7.6008292101821908,-26.80735053888376,-0.060183451759358547,,0.5638973624729464,0.35,0,1
-0.97697127134488737,0.21119831514077217,-0.03037114829002676,-0.21049527960046216,-0.97728103753201045,-0.024769153119981045,-0.034912350718319683,-0.017805767662667789,0.99923174609560172,-30.083417547470155,6.1063287287964494,-4.0824443251302469,,0.9012143753019686,0.5833333333333334,0,2
0.037995810051953231,-0.94914214922779527,-0.31254679486076786,0.99342702851627973,0.0020814846423865612,0.11444826968984445,-0.10797711531529139,-0.31484098840672964,0.9429825526420218,9.5527756201587302,-24.839019971540882,0.88566683934746315,0.316132813972347,0.4245053489729985,0.2727272727272727,1,4
-0.2042659569428435,-0.94652315530039233,-0.24973853389978501,0.97642670656114061,-0.21518471984913073,0.016924037863799927,-0.069758910172025082,-0.24039436936758887,0.96816539993328143,11.456716500097404,3.3909693741029687,-0.8996063153874273,0.4448901631211906,0.4159195758932464,0.2413793103448276,1,2
-0.98708266641886122,-0.13763592316774848,-0.082000989684229322,0.14783694573602446,-0.97973781288127615,-0.13512237226328458,-0.061741777840253594,-0.14549972736873271,0.98742988723491143,-14.61398293687915,11.246968726304067,-3.0078779941255132,,0.33942062409603,0.53125,0,4
0.4079259341351355,0.91271070525889308,0.023571185073972437,-0.90787204146309575,0.40275653309613968,0.11642822414693536,0.096771837791829227,-0.068893712007645352,0.9929193662408845,4.2000630430522374,-25.320711009921009,0.59650189394669939,,0.1365886353680593,0.1428571428571428,0,3
-0.48039037169411508,-0.8703494702332909,-0.10824458623053823,0.87160761551246324,-0.48749069963199804,0.051507109732381519,-0.097597414741727451,-0.069603286107304305,0.99278906480621398,1.5312985132001968,15.969797156055673,-2.2518526984067,,0.08170298798497866,0.2352941176470588,0,4
-0.21066248675570717,0.97057245662866953,0.11666371804331689,-0.97644397955142892,-0.21461643654031881,0.022292150288914486,0.046674098509448411,-0.10921946530048747,0.99292126421373694,16.516939175993038,7.850080547835379,-0.98793901330868328,,0.4175298007460486,0.5384615384615384,1,4
0.77394691306703101,-0.59870073708380589,-0.20630948395388912,0.63315198380804649,0.72586094253440592,0.26878329096690151,-0.011168757941138056,-0.33864925737165041,0.940846395182381,-3.2185909271364403,-26.837712139550725,0.23608259685585925,,0.2894134032638765,0.5405405405405406,0,5
0.91395899844463113,-0.37035559280520886,-0.16587852193695482,0.40556378735904136,0.84775387121928869,0.3418060681376211,0.014034370134660853,-0.37967105329562889,0.92501509595482334,21.159939303270477,2.5937653413289348,-0.43275488009576785,,0.795428534609907,0.423728813559322,0,1
-0.41172465475222803,-0.90290065406957398,-0.12350391714392532,0.90574909678410265,-0.42038421050748309,0.053811608699067391,-0.10050563339405461,-0.089707995389123552,0.99088399584377407,0.91015046949793454,22.142770894893047,-2.6886224513503691,,0.2751829645948457,0.5714285714285714,0,1
0.10413405727296776,-0.99135184142599575,-0.079860031412197344,0.99132586891861496,0.096986419421658393,0.088694171513797312,-0.080181791752385906,-0.08840339896776063,0.99285231496044968,-11.486272336985888,-26.983951432203867,-0.29441657152172218,,0.2083829466179876,0.8235294117647058,0,1
0.59252179175730801,-0.75322070348971881,-0.28561599767373386,0.80466809046787946,0.53679062760050145,0.25370275186334873,-0.037778174591762151,-0.3801504885630328,0.92415280964232416,-4.1354712429617848,-31.433285474199273,0.46907031211996825,,0.3074640086022271,0.5333333333333333,0,1
0.74011329209572452,-0.6414140116565592,-0.20204054175800534,0.67226734284671619,0.69810094017713886,0.24639743721396701,-0.016998076510143761,-0.31818727657534396,0.94787547833063035,-7.659245330011144,-28.258038647877687,0.060696222219634846,,0.4807246053354174,0.6785714285714286,0,3
-0.99260247284358494,-0.093986858709320456,-0.076855717384939348,0.091346182278928573,-0.99512454344397949,0.037188950220131113,-0.079976283283634736,0.029893367581536632,0.99634842333732354,6.0819409717075885,-33.975330258642913,1.2630355061673704,,0.2924303584139361,0.7058823529411765,0,2
-0.56784735391908214,0.81374493162320971,0.12397003228456019,-0.82213122904071512,-0.5681178545940111,-0.036638033892411409,0.040615574390865487,-0.1227244456049261,0.99160934120643718,12.769737418736113,7.121770278559878,-1.096787329859308,,0.7700690052836174,0.3055555555555556,0,1
-0.4680877575861469,0.88364677433135541,0.0078885620845752426,-0.88230858583016569,-0.46783914952159622,0.051556663442097542,0.049248457522492808,0.01717289692216006,0.99863891424426043,21.772614502429278,3.8282625150225034,-0.49471897939197418,,0.09243244073246726,0.3157894736842105,0,4
-0.80583508942917748,-0.57190195943484723,-0.15348601708054666,0.58610830338599362,-0.80726822749442617,-0.06924641203699626,-0.084302226226001364,-0.14576061770103557,0.98572155144378926,-6.5173913050542982,3.8560520263453162,-2.0098102384006284,0.6179331443971945,0.656605322855139,0.2855263157894737,1,4
0.50107933518069403,0.85634731905339545,0.12485499191035969,-0.85973274276422007,0.47610286537783569,0.18489367917299349,0.098889387064462819,-0.19998832648201417,0.97479513662971184,-1.2611113485059959,-26.4224109282112,0.31886548471410814,,0.6435500972582123,0.7169811320754716,0,3
0.62269732590116389,0.77733579796385932,0.089426492268396232,-0.77596679927131118,0.59878518990458929,0.19832252211879883,0.10061593682998882,-0.19288689316491853,0.97604870764783502,-9.7388552906754953,14.396788309594195,-2.815515979676082,,0.186984955415522,0.1176470588235294,0,1
0.1693620986071411,0.95950968061520592,0.22507254910604108,-0.9810613970710651,0.1423545532709331,0.13135340246831706,0.093994759068554826,-0.24305627736954108,0.96544737365581246,16.389391754158481,9.4643030530914647,-1.0943432544719829,,0.3895288786260177,0.1818181818181818,0,1
-0.62692296303670536,-0.76559326944563422,-0.14434176179062699,0.77256555954492645,-0.63482817610276299,0.011646588817076519,-0.1005487673833578,-0.10421195999300442,0.98945935377462779,9.4875748103334292,3.0737808043486061,-0.97740572433498185,,0.1810395776313458,0.2121212121212121,0,1
-0.43031751335322432,0.89806417645868264,0.091145886704142823,-0.90033726441078255,-0.43427452110773768,0.028256868721642649,0.064958817837184879,-0.069902612814057311,0.99543657593387735,21.654795967208447,9.2766930507138241,-0.86990955558043714,,0.2779954646142616,0.3181818181818182,0,4
0.18599572082912705,0.96396277362891414,0.190213992363612,-0.97798372421111901,0.16298543965729345,0.13032107135022,0.094622550226697355,-0.21026535025383888,0.97305449768819585,21.999326993604488,-27.493783526592598,1.7820391317998678,,0.323438331497292,0.3125,0,1
-0.87175772729600365,0.48982922992122924,-0.010285446732215509,-0.48989635628906808,-0.87176402369833628,0.0053895343008643183,-0.0063265309925846849,0.0097371710502230126,0.99993257897997201,-7.9497704589648395,16.714998544530413,-2.8413500529634148,,0.1734061450065043,0.25,0,2
-0.95318046648053523,0.30118247161878064,-0.027131478204311568,-0.30135338072860857,-0.953509630643533,0.0023503602852575052,-0.025162238441497738,0.010416480194132939,0.99962911056900394,-4.5645688684837529,16.544034909297384,-2.6319972283615951,,0.08759741972345954,0.2666666666666667,0,2
0.23708692365052506,0.94474772523242789,0.22636591241192391,-0.96667119879248442,0.20624218614267162,0.15169361911495333,0.096626000947110768,-0.25478598141036773,0.96215774154642875,-3.3680544013743683,19.877197846629141,-2.7413132340428201,,0.4756732340521744,0.6896551724137931,0,2
-0.95874429466763145,-0.26531945805802165,-0.10205372417537706,0.27411804436719966,-0.95795884106223383,-0.084700393051059045,-0.075290604955520674,-0.10918078588515273,0.99116642437026314,-16.148090368901016,9.905285140978302,-3.0975965444381734,,0.09157858142422576,0.1818181818181818,0,2
-0.87122221262398081,-0.47460227019751999,-0.12539753328489481,0.48639148311690483,-0.86909938018402733,-0.089942162054722594,-0.06629616415686343,-0.13935190162714151,0.98802118708608,-15.196575267714373,5.2901350928865538,-2.7590231649277146,,0.2272436597988757,0.3571428571428572,0,2
-0.47059134887440701,-0.85807806753029647,-0.20553786120332571,0.87787674947970784,-0.4787544545126457,-0.011251000277344575,-0.088747930046327389,-0.18573153288488903,0.97858448925206332,-5.3461324745668852,-27.448288490874461,0.12132362486804825,,0.4705104337825108,0.1578947368421053,0,3
-0.99714179225376853,0.073025660921154104,-0.019377796261935747,-0.07271587835947356,-0.99722051067593931,-0.01623742964966406,-0.020509684915929357,-0.014781946226602947,0.99968037236428808,0.13805010203820089,-32.227667272184242,0.77066242907937732,,0.1919109478294743,0.3181818181818182,0,3
0.8716406897589023,-0.47749835915186545,-0.11062470322627277,0.49012526118307237,0.8511608639572924,0.18788936110834081,0.0044425563417683101,-0.21799197387691061,0.97594045054931444,5.2256278205642728,-27.540707591180112,0.79533110849940658,,0.07713508407482314,0.2222222222222222,0,1
0.69648215775266953,-0.69685808475619149,-0.17117655692914724,0.7167932157175827,0.66451303443843945,0.21125792994030687,-0.033467743178048008,-0.26983557358389454,0.96232461955164506,10.691818802323375,-26.657645775254533,1.0771757257551766,,0.1991685135768931,0.3157894736842105,0,2
0.96604498044447984,0.25834054775919402,-0.0041541715786708559,-0.24985126579533198,0.93815389334222277,0.23966980908595933,0.065813682000749829,-0.2304938910043158,0.97084557241159408,6.4666416070154478,-27.176754281331274,0.8593392206942021,,0.3305020441896042,0.2777777777777778,0,3
0.43334819261869406,0.89322951672072659,0.11979304826644913,-0.89551598629550377,0.41184145485067547,0.16863491440288858,0.10129393981528165,-0.18035422513857405,0.97837206175941183,-3.9698200594227058,11.574364966264406,-2.2995982230123446,,0.08318162840390536,0.1666666666666667,0,3
-0.89585691851759419,0.44397082745159039,-0.018173770002704637,-0.44434095732188078,-0.89499135048225587,0.03939030601840067,0.0012227797984861609,0.043363428530258916,0.99905861583576072,-1.1172273700382325,-28.758676203667711,0.47247327135825001,,0.1328311269462108,0.25,0,2
-0.8227300973923608,-0.55269608262663061,-0.13282404561649391,0.56134499779461355,-0.82676384934436209,-0.03678764559274493,-0.089481731631216754,-0.10482641683501719,0.99045668357470806,-17.817078274244633,6.4432297591289771,-3.0268738060212343,,0.1305699149797518,0.4166666666666667,0,3
-0.97047347143823992,-0.23147785512804711,-0.06781772496870285,0.23086838182633915,-0.9728399587305151,0.016798957411016634,-0.069864379389639866,0.00064597409254430198,0.99755628974508126,10.438787672917933,12.821779534219949,-1.6007329986628029,,0.08972051358601632,0.1764705882352941,1,2
0.014656658916695198,0.96451676042828793,0.26361449353615124,-0.9961021992465624,-0.0088497051607456384,0.08776155977835863,0.086980405871450187,-0.26387326801229744,0.96062755916273246,33.192165660746873,-0.55372821796944161,0.18961673671862495,,0.6572477048380737,0.2962962962962963,0,1
0.38668020801798048,-0.90636761586714021,-0.17022385741865645,0.92033414796972735,0.36748220479568289,0.13394732262848416,-0.058851277029531981,-0.2084576073589535,0.97625916288973869,-1.7420011904218178,16.499017992868254,-2.4600586131562845,,0.7115216953241152,0.5625,0,1
-0.69607942263371547,-0.68210398970099773,-0.22407049029243634,0.71174126502173962,-0.69658271642824843,-0.090536682282345293,-0.094328198600235585,-0.22250093574504731,0.970358451574165,13.250664457317228,-22.474577868791709,0.95124518578455286,,0.3773351724323134,0.36,0,2
-0.9890168924940882,0.1394716145959006,-0.048920906403596656,-0.14199899906314351,-0.98846454600346101,0.052669968285892488,-0.041010616020760685,0.059038208104448028,0.9974129632992611,11.981232633668849,10.323236797292807,-1.37268765118846,,0.07993009638536136,0.2631578947368421,0,2
0.35226939928630951,-0.90278046702771952,-0.24676648613552638,0.93385132675269644,0.32162986549950268,0.15644784799095077,-0.061870589529197925,-0.28555499990717037,0.95636309641230166,-19.48212637806202,7.3592018782320192,-3.2224677578936753,,0.6574751660675391,0.5,0,1
-0.82592990602288285,0.5518111565579904,0.11551726206573873,-0.56375575870958095,-0.809975533333683,-0.16161398430395893,0.0043857563562311151,-0.19860534458807663,0.98006973335688474,19.446365612089718,6.5314401977762051,-0.76176694230753328,,0.6451905802719432,0.4864864864864865,0,1
0.53630774202537146,-0.79160883283368211,-0.29279593853628444,0.84286957992598988,0.48418995712520507,0.23479982251798659,-0.04410076052670122,-0.37271375236069332,0.92689782701340862,19.184323715133871,4.3954958757035563,-0.63286607342127343,,0.3044035981261922,0.1739130434782609,0,2
-0.17150596560741735,0.94525861783368692,0.27761817154540747,-0.9822645552685072,-0.18574263207266409,0.025612850170972198,0.075776297245438842,-0.26830173320697515,0.96035000532821579,8.4457889401995221,-33.342632605087466,1.3712658411356748,,0.3498101659406656,0.5833333333333334,0,1
0.83747616684342752,-0.52955742559272045,-0.13491702253181306,0.54438154208698919,0.78686073626765085,0.29068697658361264,-0.047774539288527644,-0.31688975168020261,0.94725840121681071,-13.633109040858484,6.3626950018518968,-2.6993200360647278,,0.3018212897024802,0.25,0,2
-0.58580316283440514,0.80514461146499228,0.09261106328130321,-0.80953551037786209,-0.58674373688087111,-0.019597057644577844,0.038560495983081977,-0.086451962730508147,0.99550949080839057,-11.867760724331486,-20.778701667806271,-0.79089012767699951,,0.4181341100841027,0.1481481481481481,1,1
0.60949886007815757,0.76236724449991722,0.21750246912858265,-0.78634715796299159,0.54645338712721403,0.28817849132216822,0.10084288138957841,-0.34667691040909904,0.93254803257647212,0.53683888364523447,10.300844886867095,-1.958660633964538,,0.1392732497091706,0.1818181818181818,0,2
-0.8240892136322322,-0.55385276731274402,-0.11884477319185777,0.55883133880825897,-0.82921302837018418,-0.010643699869712744,-0.092652591657101407,-0.075185541968938868,0.99285579594322726,-11.039952930948925,-37.546006376954367,0.49351813643831,,0.6146985744622608,0.4,0,1
