axis_00,axis_01,axis_02,axis_10,axis_11,axis_12,axis_20,axis_21,axis_22,location_x,location_y,location_z,dbh,dbh_approximation,score,reconstructed,number_clusters
0.44135244172881111,-0.89620025030291151,-0.045090282068482056,0.89711679178690118,0.43958312004308353,0.044137766902797373,-0.019735350870812528,-0.059931560385049765,0.99800737672414974,-30.302170026393526,12.664988138429754,0.68066812036108482,,0.1011747945418315,0.4285714285714285,0,1
0.089888141797939358,0.98295590877146799,0.16036771300785752,-0.99591708437044324,0.087366396013259698,0.022721661619010868,0.0083236424231273552,-0.16175535310743594,0.98679578572159488,-32.862980475388937,-5.1341213478929282,0.90463138357231221,,0.1253769868989489,0.3636363636363636,0,1
-0.12886717197906544,0.97798663961585208,0.16412003143739723,-0.9913652651251661,-0.13109952148021387,0.0027976009308718409,0.024252073920129947,-0.16234237955799841,0.98643640885260309,-8.1496628430069809,-16.690733487312983,-0.33463033193293273,0.1575331301154663,0.1584306913258842,0.3061224489795918,1,4
-0.18037616885198815,-0.98314006457836123,-0.03000085217349353,0.9835809052971084,-0.18046741363784255,0.00033963184368574449,-0.0057480818714156874,-0.029447003849705288,0.99954981542646293,-29.441812798176318,11.274436321309491,0.60369809985241807,,0.4802223283654596,0.6060606060606061,0,2
0.89304709488749801,-0.44550057900818252,-0.063214874961325856,0.44649347506091519,0.85995878508243773,0.24721339908582471,-0.055771525360435732,-0.24899823706788282,0.96689679640386572,-9.8607176137764299,9.2983956990400642,-0.68116865757639955,0.7108864072605255,0.4363154784865427,0.38,1,3
0.62853066420470005,-0.77777216058981991,-0.0044351286162130528,0.77741332897618298,0.62804404239797074,0.034484731963361132,-0.02403580838182285,-0.025122639587820138,0.9993953836673316,-2.4440981340194985,-5.4522169144814008,-0.95688788758721688,,0.06606965937822255,0.1686746987951807,0,3
-0.52292891874979641,0.84727488427631081,0.093116144731905798,-0.85223347252849335,-0.52171186000787562,-0.03892098957052121,0.015603020130562245,-0.099709606366122625,0.99489423566584134,-20.391040186656593,3.161756300769023,0.13194425379548841,,0.1649454794672753,0.2857142857142857,0,4
-0.87078968138967583,0.48103408398277192,0.10164418739958031,-0.49157973844902381,-0.85547979186878631,-0.1627995284100226,0.0086424262597224084,-0.19173037253130248,0.98140958458604421,-0.34447155045421368,-25.075494681168951,-0.67760849805844103,,0.2658704649754304,0.3,0,5
-0.74506132963421223,-0.66687783556043279,-0.012552590247977414,0.66691455942228794,-0.74454444354935323,-0.029640209350826095,0.010420437336153641,-0.030455278984401226,0.99948181097392008,0.64268675893507277,3.3041267849933704,-1.3227903550212969,0.2811602506203539,0.254199816059646,0.7810526315789473,1,5
0.89133706178991634,0.44271424190771747,0.097582489678192719,-0.45321529649473852,0.86512847030262552,0.21482231004955157,0.010683506114835243,-0.23570496363868654,0.97176593519899646,5.5413573947516097,-3.2134241639167116,-1.2823150518030191,,0.1077734154819635,0.3478260869565217,0,4
0.98753037489225692,0.15319470999430507,0.036264852059801116,-0.15573112372960707,0.984346817656922,0.082517632483027528,-0.023055926940210251,-0.087136234704346463,0.99592956620158479,-31.065426228646434,19.674471767610566,0.80411838473795005,0.5114209618527249,0.4254978464623274,0.8813559322033898,1,4
-0.52941763584247659,-0.82880679884330877,-0.1810973689761137,0.84836132542452969,-0.51725705647673792,-0.11281932037091967,-0.00016847224796668909,-0.21336454184359818,0.97697264235032388,-10.345188481056262,11.629227508023362,-0.73726086905706911,,0.3817486064663443,0.4216867469879518,0,4
-0.48834797049587031,0.8704224652750856,0.062297605547956658,-0.87237696248275753,-0.48873250697137061,-0.0099484651498535151,0.021787497376327646,-0.059205308663355251,0.99800803422825957,-10.193720882327273,13.889591156315381,-0.82535152839222148,,0.0983567775544297,0.4318181818181818,0,4
-0.82545564061301901,-0.55455783611334541,-0.10530238261992614,0.56444232304297226,-0.80918532668062138,-0.16316853570044615,0.0052772471992698425,-0.1941255096324512,0.98096250548730857,-5.0997252566829552,1.8973973447280055,-1.0000571310501178,,0.4129378270364621,0.1913875598086124,0,4
0.88539033655020927,0.46157352415436553,0.055080248213191477,-0.46420476807979816,0.88416856991799153,0.052534495916061359,-0.024451691873735949,-0.072082048867199433,0.99709893841866004,15.502858600896806,-8.4095622737784907,-1.2745579965441913,,0.08638681552814995,0.3529411764705883,0,5
0.83226744620794424,0.51612228074970956,0.20235782489497814,-0.55420514047432801,0.78362164637257803,0.28070229355700316,-0.013695263938261672,-0.34576712777540025,0.93822040752459279,13.979120306789177,-1.2668101230362352,-1.2632632612265147,,0.1382027342293059,0.375,0,1
0.86887086656852042,-0.49468006819733773,-0.018842700357076518,0.49450909623625261,0.86555182454886892,0.079251452729454483,-0.022894780367449411,-0.07817716513408364,0.99667655730609295,14.791032744205888,-14.953583464395134,-1.3030743352921637,,0.1723783775802054,0.5238095238095238,0,2
0.70051022926880047,0.70983709379299187,0.073598362517738949,-0.7136221045061456,0.69753223469364367,0.064747768482872989,-0.0053768624673273362,-0.097877892492695656,0.99518390637670395,2.5871186733711173,-26.28889348834214,-0.84385932294812527,0.2980292913931566,0.309911605216874,0.2105263157894737,1,5
0.82360493801374346,-0.56710995390723229,-0.00782344289401566,0.5668256667177799,0.82255911599069298,0.045882068943708249,-0.019584933732929636,-0.042223226782754003,0.99891622746391029,-23.542407902797027,9.7235776568898888,0.29403584792755427,0.4881415102603806,0.4253211189520016,0.972972972972973,1,5
0.30245671209170816,-0.94810306678202916,-0.09808420907151999,0.95315889152554822,0.30054313264436067,0.034087430617500108,-0.0028398620498724537,-0.10379980818299338,0.99459415592728695,5.074472100113403,4.5839783444512152,-1.3578237981207104,,0.2304250380889716,0.4636363636363636,0,5
0.23186692471703252,-0.96297447938158032,-0.13754228906790278,0.97259181628322755,0.22697090819378707,0.050491244117943507,-0.017403681253010651,-0.14547975423906889,0.98920814441925309,1.7386274641440755,-10.494305520731773,-1.1182526872102005,,0.6579331308369325,0.6510638297872341,0,4
0.36804141721836564,0.90235484808080357,0.22427938683027784,-0.92861111022893172,0.34447188175937921,0.13791493260898732,0.047190265641191491,-0.25902673765891565,0.96471665685137398,-25.594432574578875,9.7429250821034632,0.40071259485979982,,0.307003389850379,0.1153846153846154,0,2
-0.89814601287816054,0.42706329029818357,0.10464552370145919,-0.43830479297922725,-0.88850263681907604,-0.13583803891762369,0.03496638389224651,-0.16786902765322306,0.98518898773395847,-7.9807434823266794,10.792547430130329,-0.87470505324950054,0.3964363645899746,0.347575889886986,0.25,1,4
0.66404582808895374,0.73213839308695594,0.15171193613458545,-0.74754814277587456,0.65408572587107539,0.11551466332915464,-0.014659891882108592,-0.1901190063611668,0.98165159348429054,-4.3740634962441423,23.170507789547365,-1.2990879834430118,,0.2587332513032405,0.3125,0,4
0.95799884504175459,-0.28507001530726028,-0.031197744652148252,0.28555716905049328,0.93827531287177224,0.19518335087615285,-0.026368847197599223,-0.1958941643543618,0.98027045261467194,10.048026392905408,1.6638892596431571,-1.3242330855017468,,0.1045456039478674,0.3076923076923077,0,5
-0.86066316216791627,0.506111369456136,0.055769193954700307,-0.50898763740741859,-0.85813977440814593,-0.067288279403988072,0.013802400281711171,-0.086298373599793671,0.99617372202868959,-1.7748547379801958,-21.343382686063354,-0.68579942983505504,,0.1112654290421864,0.24,0,3
0.88188319209417321,0.46108199000763916,0.098414602536343349,-0.47057263936713417,0.87367654002740081,0.12349370220702559,-0.029041807465098247,-0.15521823957365363,0.98745322497970278,20.802913244542037,-11.641541195734435,-1.2645129452752433,0.2725506658589944,0.1837638432265542,0.2777777777777778,1,4
0.46753038148194709,0.87227162554522042,0.14337905586257413,-0.8839753755797578,0.4616498901795118,0.073938584418894684,-0.0016963961714176331,-0.16131208933599103,0.98690198706562859,-25.3865157816027,-8.6771066571197046,0.53649659640673619,,0.2284490573070512,0.4,0,1
-0.34727217177646991,0.91873145362339603,0.18797487819572481,-0.93764650535177729,-0.34335931446989981,-0.054068587630537783,0.014868413205679037,-0.19503050348549045,0.98068447168237716,-17.129805211607433,16.708959644978357,-0.21634762449598957,0.4824058472655071,0.5559360825656922,0.5233644859813084,1,5
0.40580397451990258,-0.91107604618692939,-0.072550481240604189,0.9137610246613439,0.40277841059646574,0.053012656670234547,-0.019076794114883177,-0.087806548854728245,0.99595486137902922,-40.822590351882532,11.911593140254439,1.393079172720773,,0.4926849872327376,0.9259259259259259,0,1
0.032149154785963939,0.97818260176082594,0.20524431650832434,-0.99946487292580244,0.032702998362216094,0.00069403568350278558,-0.0060332109160222891,-0.20515679737835152,0.97871052352342702,11.185745586849801,-5.4878469763374209,-1.2824552679798029,,0.1387082097406148,0.1666666666666667,0,7
0.91325773604313987,-0.40535537703654734,-0.040587262348145491,0.40709625234782315,0.90434330741335489,0.12820227634886774,-0.015262662995563513,-0.13360464304893191,0.99091717639470323,5.5308438652865091,-7.7337471408785925,-1.2396936660215963,0.3142268993055424,0.2643834560858735,0.647887323943662,1,5
0.96887556872994263,0.24448842765698642,0.03880130229830836,-0.24672957903991899,0.96647218544319768,0.071105763419244586,-0.02011584313456749,-0.078466065955059616,0.99671381516888879,-11.359069665431987,20.065064337895304,-0.68658039231394119,,0.07274637201824924,0.2142857142857143,0,1
0.99848260540178091,-0.050356741615190478,0.022286437220234399,0.048118466596978243,0.9946340983586478,0.091583969965459588,-0.026778720701818491,-0.090372611759203081,0.99554793513993767,4.7522089584478309,-15.793521885020546,-1.1692134977093946,,0.1339541937812159,0.1875,0,4
-0.59786458489400951,-0.78412448609364982,-0.16645338217616668,0.80155565909355575,-0.58269062716942222,-0.13409011292411518,0.0081525152321592076,-0.2135893801603356,0.97688950919646733,-6.0344609411583265,-21.666839751545588,-0.34645115362221213,0.5426142938127152,0.5560189415835148,0.5563380281690141,1,5
-0.86944093408536172,0.49039290807750113,0.05989372124075952,-0.49354384085814629,-0.86758166608930543,-0.060963348142090992,0.022066700880805454,-0.082564207578082291,0.99634141354218564,-29.035684273682111,3.4868694327280831,0.72937697127484669,,0.1738885994510341,0.2142857142857143,0,3
-0.57697551118144119,-0.8107894826022366,-0.098588409047473125,0.81599907570635821,-0.56700808734376651,-0.11246038117102287,0.035281269014631335,-0.14533493657190918,0.98875324943504272,-3.7766654188509841,13.239462551251295,-1.3850186365564525,0.473724075153311,0.2825987441017827,0.1153846153846154,1,4
0.7965544902767363,0.6010764685698381,0.06486927586757571,-0.60448537180400808,0.7936096123425016,0.069146355453893901,-0.0099186337235042405,-0.094291368264538655,0.99549523282427732,-5.310439863789882,6.4949625930484656,-1.0808375982538987,0.1347071738633423,0.1029025631176294,0.5298507462686567,1,5
0.9782874686514913,-0.20642542565175762,0.018497900528143419,0.20491494595419393,0.9767603356487029,0.062841957544490748,-0.031040193363576867,-0.057687003284313747,0.99785205118195175,-29.334205430113521,-0.54344053872732345,0.68348069243957299,,0.1826340703548675,0.7872340425531915,1,4
-0.42960493265702498,0.89275953348361303,0.13572036402425475,-0.90282251530686231,-0.42775228121986375,-0.044039661286093955,0.018737867854815734,-0.14145105614779119,0.98976789755120431,6.4152477291587555,-11.527857302542969,-1.2262284945082178,0.324112314824032,0.1768627997630305,0.5316455696202531,1,5
-0.59933082415715666,-0.80025313866255643,-0.019936832141321977,0.80048391566742172,-0.59896698010767313,-0.021541993836374035,0.0052975440400065453,-0.028869894378431953,0.9995691397926022,9.6481416937151963,-7.257264842741197,-1.305621996340472,,0.08538423834824557,0.2692307692307692,0,5
0.66331801185339412,0.73992781468009772,0.11187512777019078,-0.74825223469524949,0.65804728574123916,0.084216168294180591,-0.011305238804484002,-0.13957291567966851,0.99014725813095639,3.0097503159078136,12.782209812818305,-1.3923815076946622,0.7078626761398978,0.4136617877543955,0.186046511627907,1,3
-0.75637603637654593,0.64796880869543816,0.089619833480772126,-0.65401652057585091,-0.75173566544916981,-0.084592435273796604,0.012557165650104117,-0.12259654256751554,0.99237714873999794,-19.341880461895084,15.33291046623242,-0.035995488071749973,0.4160385247153903,0.3574573860589062,0.7317073170731707,1,5
-0.27828268039917825,-0.92586554377367991,-0.25560075242947905,0.96044836469516603,-0.27097251855365084,-0.064131372533816913,-0.0098837515260492836,-0.26333797493213612,0.96465300622265837,14.932104405515375,0.033670610169062316,-1.2290441833161776,0.4326637084302157,0.3826558903895725,0.2727272727272727,1,3
0.43844531021247846,-0.89873934043668879,-0.005771300036316351,0.89849057993101422,0.43814928230513828,0.027200812317316012,-0.021917749152527134,-0.017111527311082779,0.99961332919542889,-20.914291959667395,4.036458566438343,0.18522860131545857,,0.1131069715993875,0.4418604651162791,1,5
-0.82488688764944795,0.54657787617362175,0.14427143813499405,-0.56258543837418706,-0.81871458183485701,-0.11490891184019791,0.055310461156367806,-0.17595186491909576,0.98284367735574396,3.5875031648574427,10.216575295549438,-1.3275626110226191,0.267825569817993,0.1563173969653068,0.1538461538461539,1,5
-0.94470160452757446,0.32613732300482795,0.034253831118160966,-0.32723579185554158,-0.9443403561253717,-0.03373467536056924,0.021345138362249494,-0.043078281491383992,0.9988436547989108,-1.4433878708844139,7.2162897025055708,-1.3335523855809375,0.2331550745261026,0.2101186791928806,0.6424242424242425,1,5
0.68470938211145549,-0.72497569847606003,-0.074721473939529784,0.72842830670710701,0.67739426257559898,0.10261196332531337,-0.023775282045939358,-0.12468861074214958,0.99191102741870296,3.1081486845520949,-6.2839370515352488,-1.1747517766570994,,0.1340800265120345,0.2551724137931035,1,5
0.16070579787824568,-0.98694098844892297,-0.011005991449141751,0.98690162939652193,0.16052010432677941,0.016077002251944916,-0.014100369598194201,-0.013445498368671331,0.9998101810597908,-25.739065117044792,-7.8774053308804053,0.53549644341648206,,0.09646939906106089,0.1538461538461539,0,1
-0.23329688880009505,-0.97239865019295524,-0.0036642569661163534,0.97239850384902515,-0.23330789029581978,0.0029288287572555665,-0.0037028891924679968,-0.0028798313546739359,0.99998899753097059,10.742200397403199,-17.130364837090287,-1.3262772541865961,0.3500047580636346,0.3821000239588458,0.9404761904761905,1,5
0.16288618133644872,0.97740111878048497,0.13474102914956884,-0.98657506766362391,0.15972432188208296,0.034026120316958397,0.011735748554945665,-0.13847452475442623,0.99029645975328551,-15.842236162816002,10.721204038613077,-0.27709467091518392,0.3807165660976389,0.3152669247637683,0.6129032258064516,1,5
-0.81466095700314367,-0.57986737926675647,-0.0090192902728608425,0.57971380676692796,-0.81381627713563098,-0.040434753775663128,0.016106749470925157,-0.038169222305484279,0.99914147301074197,-0.81187652487793616,12.061200429528132,-1.4670620014252902,0.3763161191806495,0.6499759953835336,0.9775280898876404,1,5
-0.90243458695766876,0.40922486875315711,0.13471014459387853,-0.42913912252407632,-0.88147754118252275,-0.19707094638753803,0.038097634858453473,-0.23565303135070331,0.97109022188127136,-9.5961325748816986,-18.550470577005566,-0.1926725638904343,,0.3440572694855054,0.4285714285714285,0,3
0.094028172768227045,0.98671505294245032,0.13248436520074955,-0.99556891099311884,0.093341053510128322,0.011401368058015872,-0.0011163287344770757,-0.13296936499207826,0.99111951942425192,2.906615639571231,24.245884981815767,-1.5314076928074991,,0.3674075765971138,0.7647058823529411,0,2
0.95461879409530515,0.28682305660867913,0.080221519293012883,-0.29770085231789678,0.92688178859288095,0.2286139814273376,-0.0087841043494773525,-0.24212121793125818,0.97020624371226405,-6.4410009227035419,12.121480865551147,-1.0812799652468712,,0.3714067249659382,0.25,0,4
-0.21378085667225616,-0.96122069597122584,-0.17421974330445239,0.97617641097451524,-0.21697719003138419,-0.00071670286710314585,-0.037112800721467672,-0.17022242109275029,0.98470653871086489,11.839423793728736,-2.3669082384767233,-1.2693795079316039,,0.5863840708018294,0.5,0,3
-0.25617791949619073,-0.96640263597809117,-0.020948000792445961,0.96657520861661961,-0.25633332454931168,0.0050589340018768253,-0.010258637840442243,-0.018951831048590214,0.99976776725875915,12.516289746874152,18.110337679555197,-1.1282453611458592,0.2163505144099943,0.1357113021932536,0.4,1,5
0.55427698701271089,0.81305198493426312,0.17811089652956652,-0.83218396487324153,0.54538067240710075,0.10014874324039164,-0.015712106032054265,-0.20373117571749619,0.97890078034742833,-14.551011912279037,5.3615973830266608,-0.29226598660635605,,0.1335652165586047,0.2553191489361702,0,5
0.10068120793619069,0.97929042885339712,0.17565178713761961,-0.99485069690179373,0.10115764640987816,0.0062627028374151886,-0.011635516427096804,-0.17537783933252271,0.98443243964658711,14.250948507177361,-6.9471475871866399,-1.2797342014902244,,0.114154294137234,0.5555555555555556,0,5
0.75271956678411167,0.6560484612775711,0.054896905519973123,-0.65827388147477761,0.75121449109413974,0.048500364311015384,-0.0094207615651864269,-0.072644372290646006,0.99731341333907086,-14.326293027038689,7.1461047641792623,-0.33418914148143941,0.2382860963327083,0.228892077991986,0.7542857142857143,1,5
-0.10409946432971763,0.98434289738952607,0.14224050718785183,-0.99447487392596479,-0.10496522155926045,-0.0014238654957316225,0.01352873446411304,-0.14160283408818763,0.98983110211893799,-1.8805803097477911,-10.035096976332307,-0.85741262271807639,0.7324326315525201,0.7584714075347392,0.6051660516605166,1,2
-0.8003162535395153,0.58766901822690043,0.11890760840545914,-0.59894246978297427,-0.79271784142603086,-0.11342989806539457,0.027600945830639507,-0.16199860771341815,0.9864049061557677,-1.6577025031762871,-7.4567448487558545,-1.0053753652518163,0.2442372745327008,0.1943188932690414,0.3905109489051095,1,5
0.85456476031798934,0.50877322017472382,0.10425392489349609,-0.51914001162772427,0.84247677050890102,0.14396714722483667,-0.014584880864201405,-0.17715163444330279,0.98407549490079427,-9.0801257887153586,-32.835681878166874,0.32478179565675258,,0.2589044394213701,0.5714285714285714,0,1
-0.31001106339886036,0.94660653679610063,0.088482795306199458,-0.95060783845530938,-0.31013471968814116,-0.012696184910456969,0.015423295290900779,-0.088048396571709292,0.99599678805883662,-9.9977318262624681,5.1160425260920235,-0.65191934093711512,,0.08446527278568615,0.3027522935779817,0,5
0.13603014090454466,0.97120057758653267,0.1956150271862421,-0.99067986655575435,0.13195075239675469,0.033799422228815733,0.0070144683733806418,-0.19838960919744483,0.98009813804328971,7.0554927031478973,-29.030322492286096,-1.1183559302494135,0.7494420077391895,0.5362834699960606,0.4838709677419355,1,6
-0.71188679556365697,-0.70202464879593718,-0.019457203937095383,0.70218980401298692,-0.71102995105201139,-0.036957919951990166,0.012110716011522334,-0.039972505424550137,0.99912738395450507,4.1159516855581373,-31.423812840618368,-0.75723744705075335,,0.3553380878297808,0.8,0,4
-0.95434167615901855,-0.29870000657622336,0.0032048740005482293,0.2982937679687096,-0.95350509715230691,-0.042998345265828304,0.015899469708923305,-0.040079118951566309,0.99907000309640026,2.9831685431019328,-2.7347102444070623,-1.2578423365087337,0.4299709655958502,0.3907889512712799,0.6861471861471862,1,4
0.76124895280506699,0.63931149820371758,0.10853957857714444,-0.64828878931066636,0.75415478225631249,0.10474831766687834,-0.014888838346107386,-0.1501045391200708,0.98855801540842914,-9.3390192766554847,7.1831060921052732,-0.68464833161984417,,0.1191542106762853,0.3898305084745763,0,6
0.83392158221546864,-0.55173290057368862,-0.012868610639596106,0.55023068775834727,0.82939589034476613,0.096688403276652304,-0.042673000412737992,-0.087711250725072548,0.99523150650088332,-7.5686976788555684,19.148541591058375,-0.92079456806069848,0.3210431496562556,0.2157950787328822,0.28,1,5
0.81428425957057482,0.5672723717506738,0.12305771354923878,-0.58040817394803768,0.79869645222043917,0.15877760807112654,-0.0082156089187292169,-0.20071380983591855,0.97961547063694621,-5.3401247593775238,-32.100831283855875,0.050558670154952981,0.7643882060415894,0.5932299925887559,0.6451612903225806,1,4
-0.76060253510581477,-0.63845272529202968,-0.11773657527628131,0.64880193582818713,-0.74102110766174356,-0.17304267122695199,0.02323427761313003,-0.20800441237373418,0.97785189715869203,-0.98978718963653944,-12.302207198423714,-0.92382140633285137,,0.1620854796632409,0.25,0,5
0.82521784617341587,0.55731185820158757,0.091755103753420567,-0.56459020153915607,0.81851117221824254,0.10619493999194178,-0.015918878191703612,-0.13943799217505534,0.99010284094901257,7.423492907354813,16.297521344116689,-1.2502070955613074,,0.08808162395220545,0.4117647058823529,0,5
0.89940117408373454,-0.43711458137445763,-0.0028932346317032146,0.43584643002096052,0.89624685582697228,0.082337493635959241,-0.033397866620270666,-0.075315444432734552,0.99660030420179768,17.630652729388334,0.56119905155975247,-1.2048941155045141,0.3488358917061549,0.263051982946216,0.2727272727272727,1,5
0.67436973699661473,0.73520610249041285,0.068537906912696081,-0.73829122397611013,0.67291247872631366,0.045987656759890923,-0.012309606938229391,-0.081613619177593355,0.99658802458275653,-16.762551312177177,24.433631638168151,-0.22963391121008084,0.4638885354712273,0.4137265712003568,0.9538461538461539,1,3
-0.91148833026438603,-0.4113198024488241,0.0022458640437530543,0.41092038167566081,-0.91081846480791728,-0.039422887875935606,0.018260988893590437,-0.035010630934185979,0.99922009187476779,5.9645078082401559,-9.4532610435449893,-1.2317731310230529,0.3473173674328908,0.3485927105415572,0.8728070175438597,1,5
-0.21643564331613122,0.97047844930801952,0.10642928042147828,-0.97600263823796363,-0.21775716703779521,0.00081630644243815072,0.023967946404869746,-0.10369858066711869,0.99431993941223862,-5.0381164097119209,-22.497667750139687,-0.40191774784278567,,0.1151406371103088,0.1923076923076923,0,3
0.99352000137800289,-0.11118783847380266,0.023564198212017197,0.11063588998802894,0.99358166049495156,0.023562338055669367,-0.026032800625527153,-0.020802608096496769,0.99944461816949792,1.8353761732996245,3.3419422900947113,-1.349689772542974,0.2478202773953316,0.2101436242274123,0.8319327731092437,1,5
0.80704573684259895,0.58425989010770074,0.085542734674099646,-0.59047263362397706,0.79743387073318872,0.12426299026116948,0.004387207010175702,-0.15079656036800299,0.98855508182186214,1.6153289412908867,16.422626577334281,-1.3872078757334709,0.5589785161394408,0.5968662712975352,0.4722222222222222,1,5
0.98766210015728373,-0.15595234683380971,-0.014228191379485484,0.15614136781000193,0.97374730266698284,0.16563835246463049,-0.011977026814941269,-0.16581633232526471,0.98608391872237322,2.9618702095945064,17.800777254128878,-1.3817880155120419,,0.3768839623102274,0.1578947368421053,0,2
0.97728058120392436,-0.21191399960657054,0.003888749473343197,0.20532847947512303,0.95114162647251976,0.23058582330152833,-0.052563115567420646,-0.22454857639708181,0.97304422084501896,-8.6399610831370932,-7.0583136461721701,-0.49178514091375114,,0.4956884675509591,0.5518672199170125,0,3
0.48100532609437735,-0.87512604664031601,-0.052804154765836525,0.87641734700660134,0.47839127189001901,0.05508561377856281,-0.022945808653283037,-0.072774950849466905,0.99708439782904301,-7.3180026515167507,12.409503970127176,-0.98173180697366802,,0.07818163813594564,0.2,0,3
-0.99458883531690834,-0.10310681346210313,0.012729245093379617,0.10015187160370895,-0.98415153881887529,-0.14633984848534759,0.027616141606503348,-0.14427312174529033,0.98915247311253218,24.209510684740565,2.2326525824356036,-1.1737500675025401,,0.6415921065482362,0.1379310344827586,1,3
-0.98330212340308198,-0.1812423694080047,0.016374908926839092,0.18107763291559817,-0.98340672495855996,-0.011050075292159321,0.018105937387325344,-0.0079004327508636826,0.99980486005703895,6.2075319673080127,3.802461606250183,-1.3645239338153461,0.2997367222460559,0.2964553377553163,0.7235294117647059,1,5
-0.018783655722447938,0.99659847235254939,0.080241256110962944,-0.99968277626132396,-0.020067239720693339,0.015220142458050001,0.016778591244549047,-0.07992991176372477,0.99665926378140457,16.817119288763891,1.8894942348645563,-1.1965753144103408,,0.08301792979681173,0.2592592592592592,0,5
0.98170668599990052,-0.18944103142641214,0.019080835285446199,0.18856865049525676,0.98123631542260981,0.040213894940162143,-0.026340970245814648,-0.035880202172755872,0.99900889104079127,-6.6696867460025651,0.94236674170206924,-0.82463164132485867,0.3837093036918275,0.3595424381852488,0.9534997552618698,1,5
0.12358877350099765,-0.98898311246016979,-0.081475262092944742,0.99193191704243477,0.12078599784587722,0.038494346038026116,-0.028229187325155173,-0.085575381932952124,0.99593170799507647,-2.4681900487245318,19.111901679319924,-1.381018514635348,0.3931652594910588,0.3189768408099568,0.6904761904761905,1,5
0.69320867036227296,-0.72057217091328274,-0.015410575585862481,0.72038379126779017,0.69204134745304058,0.046108206363112587,-0.022559534862518479,-0.043064137291925056,0.99881757466821153,6.3976884609458882,-14.301163414978026,-1.2697278372956777,0.3715365779032284,0.2871398136849049,0.4571428571428571,1,5
-0.98768429982142891,0.15418291830396955,0.026596082221342188,-0.15448868683267331,-0.9879455487581511,-0.0098406468116014317,0.024758221401569476,-0.013828246173175506,0.99959782416770193,-36.375379524655642,-4.3760447834785943,1.0696183807706618,,0.3084137395259227,0.8,0,1
0.98714793970224168,-0.15664618268100344,-0.031637297499771108,0.1578760298651401,0.92520772445099064,0.34505916276812681,-0.024781128619187878,-0.34561921252686306,0.93804757640360137,-18.20832955350463,-7.980128641334197,0.1293395721973028,,0.1227000902453869,0.1538461538461539,0,1
0.90437764055280057,-0.41711955873270729,-0.090068623786420471,0.42636150442724702,0.87442854007792681,0.23149642727203926,-0.017803112387523634,-0.24776198663195995,0.96865734249501279,-2.5624418953213737,-25.221886644681874,-0.50086575008002698,0.3778550995236327,0.4378217648781155,0.7841726618705036,1,4
-0.99813767709759649,0.055296621396720619,0.025757740978642051,-0.056081872822196503,-0.99794999924143934,-0.030832167532741091,0.024000022895198782,-0.032219290434765395,0.99919263219106613,-7.7713136514056593,2.530036331952437,-0.82768139213616509,,0.08461987401152198,0.407563025210084,1,5
0.89583345922136148,0.44294122032220912,0.035853712206155103,-0.44397114728216575,0.89557341358105857,0.02894617881047333,-0.019288175664043266,-0.041848969237517672,0.99893775084001646,-21.78142666450125,4.9371125164439311,0.25745800575973377,0.2428414279740699,0.2186685705871179,0.6666666666666666,1,5
-0.14696027958200261,-0.98120232275276276,-0.12507868743220291,0.98905693840121089,-0.14743015727079345,-0.0055426823409037776,-0.013001877772178571,-0.12452449779739007,0.99213134242533885,16.651124753369917,9.3837368971406185,-1.1433033246493149,0.3998658461027005,0.2151762007493432,0.3333333333333333,1,6
-0.65696885193021681,0.75230332059364857,0.049311676277162257,-0.75362609882530762,-0.65712753361874121,-0.015202227780772888,0.020967373770720964,-0.047149956351210255,0.99866773796555508,-7.5647553702613131,5.2440705294418111,-0.88298068898250903,,0.06780590895239462,0.2307692307692308,0,5
0.85389202926407837,-0.51705988780750267,-0.059308302789470316,0.51896403328173313,0.83730154159276615,0.17205365618415031,-0.039303110808573363,-0.17769412164410589,0.98330059728137009,2.1354357040602401,7.3336109854845803,-1.3809992846560397,,0.1477379129494896,0.32,0,5
-0.5566709660336423,-0.82575992152655409,-0.090763360314777719,0.83071014005876775,-0.55413499278379896,-0.053432882909687514,-0.0061724208146215912,-0.10514257830659181,0.99443800181224418,-7.3396797970954655,-19.773426485299748,-0.27902697023263995,,0.1676866147390945,0.3461538461538461,0,4
0.87927742804277875,-0.47619078310201668,0.010655638092749912,0.47563407788248113,0.87900132296135181,0.03359908018196027,-0.025365892283879688,-0.024474728208502584,0.99937858651652201,8.5484178543624854,-0.10907754404066455,-1.2945942919962414,0.5885376152696463,0.4484571495182218,0.9549180327868853,1,5
0.08459365903029345,0.99519812791565077,0.04924021775999083,-0.99639286738082744,0.084155072216371835,0.010916851783853612,0.0067206163764818323,-0.049986098201821157,0.99872730177064795,4.5144571054808722,7.3923924709792868,-1.3779905445866401,0.1810059333483473,0.1222422206031162,0.4857142857142857,1,5
0.90700398599117227,0.41437223287778857,0.075096085224206938,-0.42108363532074528,0.89479315377848101,0.14843781194906125,-0.0056869553533599,-0.16625541967417232,0.98606632331084787,-4.4388323014503177,-30.70821790642276,-0.075852689477572968,0.5021437561791999,0.4012147819748501,0.5384615384615384,1,5
0.48312270094621618,0.8702116791795973,0.09656132377850811,-0.87454173313980266,0.47432297218351033,0.10096769312918868,0.042062011688245346,-0.13322669206441254,0.99019262555035792,-13.872205896133639,24.904347047912616,-0.51044330597820253,,0.2365336890425976,0.5277777777777778,0,2
0.99262500708521906,0.11717928004681749,0.031058197577746652,-0.12064135837648712,0.97999041585624225,0.15831755265599931,-0.011885199120957174,-0.16089686497138056,0.9868996610011761,-21.626199242269784,-2.6742169367685027,0.27353466862092313,0.2789150040025569,0.2731893760618065,0.7043478260869566,1,4
0.10879289947412295,-0.99283653478266498,-0.049393524117672817,0.99354424183102863,0.10699438095210688,0.037709971745957971,-0.032155008138995751,-0.053177228636185903,0.99806725114400763,16.436241644130114,-10.522906003309474,-1.2828458355528296,,0.2085840873082833,0.3571428571428572,0,2
0.9023547951226607,-0.41828814610775839,-0.10387901879048962,0.43098528380003798,0.87420296804309139,0.22365342790230008,-0.0027402311838482774,-0.24658507150754949,0.96911727548459004,-7.3038368027167513,7.2756418155622598,-0.88785752002151896,0.7086444822132877,0.3321801702269794,0.4511278195488722,1,3
0.40166534369300011,-0.91565187702391782,-0.015703241020946529,0.91565811456500701,0.40126283979052557,0.023629444227508688,-0.015335217873970235,-0.023869928902716605,0.99959744776932014,-8.3907276121341319,5.7780326910295345,-0.80073897759602297,,0.09568253339025054,0.462962962962963,0,5
0.9603764009101684,0.27234606027814151,0.059201283987818189,-0.27829008224870239,0.94866257673611865,0.15031282587456626,-0.015224936677757948,-0.1608320209142515,0.98686435863891442,-11.943297523782697,6.8346977352623215,-0.5043540736152341,,0.1547438208487507,0.3529411764705883,0,6
-0.77840667929057783,0.61240606053652324,0.13799224128172258,-0.62625462070564009,-0.77276201656374821,-0.10316983959067441,0.043453327613105254,-0.16672637096292475,0.98504524035441265,-18.528616707203902,1.0953490487944624,0.076640513511287742,0.2132869297014875,0.1498497819626252,0.2678571428571428,1,4
0.50442981968624201,0.83975856002216742,0.20088832191245143,-0.86341690476053812,0.4926856694864426,0.10849921500373691,-0.0078616528183705191,-0.22818061256862138,0.97358708006154826,3.0868839633712333,-10.575316210733225,-1.188036400811207,,0.1262729914788608,0.2168674698795181,0,3
-0.79584639831502579,0.60030482420780296,0.079136769720790118,-0.6049770850218974,-0.79376350113701877,-0.062787187077546061,0.025124428101159654,-0.09784488895972944,0.99488448616763991,-13.013645089059414,4.3512010921238895,-0.36434140559233147,,0.08068593454576171,0.2941176470588235,0,5
-0.02785219172619021,0.99324882464734954,0.1126100694996062,-0.99944052729868205,-0.029756989742687517,0.015269379633285703,0.018517230056878314,-0.11212178155074143,0.99352192642785098,-16.632754101996202,-1.5726629869169806,-0.10807210254210221,0.2452168248574418,0.2384629156388203,0.7607843137254902,1,5
-0.37591153323891502,-0.92504562452203376,-0.054599557970825906,0.92659847241810511,-0.3758893200695585,-0.011067518695698561,-0.010285430977980414,-0.054752274932521446,0.99844699323464914,-21.6544910298262,3.1025307753660183,0.22388349523539222,,0.1035984299677155,0.2666666666666667,0,5
-0.75316394448999335,-0.65778901934623335,-0.0075946525789704839,0.65773285023615768,-0.7527979479247785,-0.026129433986649034,0.011470415881499406,-0.024675000055995128,0.99962971841164372,-1.8465864432393297,6.4525140973152517,-1.3079616978576036,0.1521296514339919,0.1265946262744215,0.6182795698924731,1,5
0.77397414091540717,-0.63279555586911029,-0.023104407946564914,0.63296719209775454,0.77212815302190085,0.056308516574955891,-0.017792215211768544,-0.058205667965340706,0.9981460500821342,-22.643616755503082,-3.4191143920013709,0.32434544403815008,,0.1909299861690705,0.5915492957746479,1,4
-0.47530060357535991,0.87263721882048961,0.11222130176637685,-0.87817759001404094,-0.47833471969591834,0.00012779107415627109,0.05379086017187272,-0.098489493158757227,0.99368323076285336,10.328148986951975,-2.824458775034004,-1.2706237719449787,0.5308502616324083,0.3466248054538241,0.1590909090909091,1,5
-0.38097846950976794,0.91880743843878376,0.10319058503349035,-0.92441313962238025,-0.38067329475586265,-0.023413456669359088,0.017769441845112529,-0.10431075557810481,0.99438599809492323,7.4693575763594211,-15.29620536634366,-1.2783832684891014,0.2694554129700502,0.2851960023357033,0.7916666666666666,1,5
0.94648825235289247,0.31648351655305818,0.063231099216898248,-0.32161961337437001,0.94122624963414536,0.10321807638471905,-0.026847950590087651,-0.11803105841197538,0.99264689431804543,-10.008630206418166,-1.2875002453996984,-0.52770288669081666,,0.1284327484133354,0.2173913043478261,0,3
-0.56267523374711981,-0.8137336303412972,-0.14571945710576228,0.82660938992288313,-0.5560903113938831,-0.086489780119811718,-0.010653535513776003,-0.16911872878373996,0.98553810568421418,-0.6383611078783582,5.3944092924927087,-1.3497906659995038,0.7878375001412379,0.5114955026703267,0.256,1,4
0.86802224550181872,0.46826970376204718,0.165108648630483,-0.49629444808900769,0.82838439412965181,0.25975202859357244,-0.015139422380225328,-0.30741304478023307,0.95145573611647272,-19.27187344752949,-5.463519284312266,0.15391498095109379,,0.2853202978179268,0.24,0,1
0.91537786333936355,-0.39513076649948631,-0.077168935937912617,0.4009601495799906,0.87749416395745961,0.2631253516280595,-0.036253630949916633,-0.27180079026030601,0.96167042413543113,4.8300405544249987,-1.6443606768641807,-1.3049978674759746,,0.108237584044415,0.2941176470588235,0,5
0.72235324573359361,-0.69136766019268026,-0.014715529818588931,0.69112848216826017,0.7210565136897048,0.049182570098011365,-0.023392509782835979,-0.045697510931641622,0.99868139463029582,-11.394026978608911,0.42903156691351196,-0.49958405086061625,0.6624628841675415,0.4856661092202834,0.9930864197530864,1,6
0.99724134281967147,-0.071733274296512023,0.019079872376910861,0.063304383441977183,0.95613483947573108,0.28600476180956919,-0.038758988741309515,-0.28400793316282325,0.95803822193706445,12.812270379668997,8.0386214914783416,-1.2137039477562486,,0.4891680098683375,0.32,0,5
0.049227225135139482,0.98759169724740459,0.14912853460516809,-0.99874425190523808,0.047282154885612694,0.016562521414886237,0.0093058901637579714,-0.14975659370245933,0.98867910013861238,-4.3401809681247849,18.773025466179504,-1.2595750086022872,,0.3067378916094239,0.2857142857142857,0,1
0.98821180626181049,-0.15232606748048969,0.015303435258094017,0.15165207794472277,0.98769037510831803,0.038332364568813122,-0.020954074062508522,-0.035559697472250552,0.99914785427176089,-13.36886088314229,7.7466273567178865,-0.40752410772301556,0.3251860691293192,0.271844438877879,0.8273381294964028,1,5
-0.92320319649954585,0.38129300822345347,0.04807805999550048,-0.38341732827318115,-0.92234987659219381,-0.04755899000421035,0.026210882336867438,-0.062340572906209445,0.99771070086315561,12.555040417627886,1.773748766334573,-1.2618586025882419,0.3491520248766515,0.3629539048928634,0.5752212389380531,1,5
0.97215965167488172,0.22559212694968497,0.063354588734280376,-0.22976093464324346,0.97081540258832488,0.068755850726549606,-0.045994831962250807,-0.081398073414459204,0.99561982155699291,4.8955243212880557,-5.2740291181918888,-1.2461405304982254,,0.2834383491526294,0.2571428571428571,0,4
-0.81411114530808426,-0.56411788845222399,-0.13781890658891058,0.58060846935837895,-0.79513225473553062,-0.17509569608791301,-0.010809643587040087,-0.22256618208387993,0.97485765432606919,6.6397122634365342,-12.704915076925982,-1.2406023419676524,,0.2076798346007424,0.1351351351351351,0,3
0.88483176367270999,-0.46590223715537282,-0.002802750338398895,0.46520668976668966,0.88314825428835275,0.06026522001746188,-0.025602456760233198,-0.054628439123343732,0.99817846492838491,-7.2654924630290925,-11.799761145875177,-0.45880190944961985,,0.1012274624057148,0.4444444444444444,0,1
0.98954311154758767,0.13267172172206218,0.056591913238749028,-0.14259715751887111,0.95884825414840191,0.24551186566864641,-0.021690575286437412,-0.25101442144200597,0.9677402953126828,12.08806244295481,30.164048780016543,-1.1717800896081387,,0.6270258593635842,0.2777777777777778,0,1
0.42739450497394216,-0.9013101016241295,-0.070526858914751994,0.90389804038089716,0.42451301816493076,0.052507428084758341,-0.017385905603501593,-0.086190475801004487,0.99612696588715233,24.212775402357298,9.4896757379668166,-1.1701795044146868,,0.1700890512256563,0.3333333333333333,0,3
0.7202393204057792,0.65741846711983432,0.22148652426553758,-0.6932336360768574,0.69408317646462414,0.19410221523835322,-0.02612368949977107,-0.2933419561511515,0.95565058970752215,-1.6951647714873441,27.924022486358318,-1.437954816122891,,0.4571959483273957,0.2142857142857143,0,3
0.46792049947894032,-0.87384298858784804,-0.13209404779639775,0.88323247442000996,0.45716761902077901,0.10439427306503737,-0.030835082248711988,-0.16551797308670063,0.98572460570282261,9.6976462326100901,-10.884955373135318,-1.2759820639892632,,0.6888438306924261,0.2608695652173913,0,2
-0.1547015085883196,0.98275889188634213,0.10125415378554571,-0.98786436215864826,-0.15530713726951403,-0.001922261697682983,0.013836372985149756,-0.10032274682980495,0.99485873431916871,9.8203909508635299,10.422526168469892,-1.1784627125850031,0.1757744445724186,0.1408560767918736,0.5151515151515151,1,4
-0.93007913041790702,-0.3648100344608281,-0.043202429535386007,0.36664910662017414,-0.9145308114624342,-0.17088542214153435,0.022830763800161104,-0.17477709701946545,0.98434329508650098,23.31155510460108,5.5330450075784015,-1.1543698516251222,,0.3474644556704228,0.2777777777777778,0,3
-0.99774164210278449,-0.063873224550867122,0.020780442716942515,0.063223500292968762,-0.99753169086404225,-0.030550200206028198,0.022680489958168647,-0.02916739459392878,0.99931719612336223,15.246422437516825,11.09820048576133,-1.1496884395653628,0.3062381980954315,0.3307569794623915,0.8787878787878788,1,4
-0.47479203963779215,0.82596234460785445,0.303905782087937,-0.87986298942206087,-0.45344785262789983,-0.14221872166638191,0.020338115494280835,-0.33491976686520286,0.94202712849529913,-20.87446661735472,0.76229479238715547,0.22697764357696554,,0.4232706632839262,0.3870967741935484,0,1
-0.085436663549089478,-0.99243306837689294,-0.088188328670104316,0.99627958182712917,-0.08609925523401446,0.0037300244649909257,-0.01129474904374028,-0.087541550364239551,0.99609683545520078,19.596831138115906,-6.4338678405763554,-1.2300389786205015,,0.2540167304664886,0.2666666666666667,0,4
