axis_00,axis_01,axis_02,axis_10,axis_11,axis_12,axis_20,axis_21,axis_22,location_x,location_y,location_z,dbh,dbh_approximation,score,reconstructed,number_clusters
0.73203169813491431,-0.68115431948439387,-0.012585148925028222,0.67860703757556973,0.72741336049466665,0.10179534138046116,-0.060183731012808973,-0.083057787242423076,0.99472575240604355,-1.0976444898261062,-26.383341380788234,0.86891232240570948,,0.1133253121085813,0.4117647058823529,0,2
-0.049435617432510487,-0.99875013969205739,0.0073673736271420509,0.99764128221797743,-0.049026325703113681,0.048044681313565631,-0.047623436914363264,0.009725114557045212,0.998818016659349,3.999871374292252,-5.6738785940838987,-0.4742496232774232,0.3372582161231256,0.2929903053620951,0.9264705882352942,1,5
0.94900986268725207,0.30398393029213938,0.083510781618106517,-0.31493364187655137,0.92599467109865841,0.20820823785638284,-0.014038580294866567,-0.22389202580938819,0.97451284190731591,17.760717054454346,0.21988849694041174,-0.60892705460406982,,0.172894531451078,0.5294117647058824,0,6
0.97891213801461829,-0.20414946909838871,0.0073498513247335674,0.20026906392293897,0.96615834573414516,0.16257414617241792,-0.040290545827519425,-0.15767385717076543,0.98666895495997764,-5.3205973003235529,-27.795902488648601,0.88825829921286881,,0.3396528098054118,0.6363636363636364,0,1
-0.84328904043708985,-0.53739176720089066,-0.0085838699545313576,0.53743459327353138,-0.84329738510336305,-0.0036848650917489846,-0.0052585389231717631,-0.0077206750050875595,0.99995636852107661,-10.880125255864314,-3.3200190320742817,-0.78686403346125533,0.4327070534931601,0.4156462740667373,0.8628246753246753,1,2
0.88203305967107892,0.45451575647475073,0.12423006384712271,-0.47088762293273062,0.84087780014726032,0.26681336508553505,0.016808575669503521,-0.29383660822928398,0.95570786302524102,-15.774135632477169,4.4868434838766698,-0.76296459310973952,,0.4909639746814489,0.1935483870967742,0,2
-0.9793921232978432,0.19599388595912437,0.048759260543848208,-0.19793145163704162,-0.97945257505112027,-0.03867549196302205,0.040177223336047063,-0.047529463413445515,0.99806149150873169,-23.029325838863464,9.3553948988202471,-0.29492375186837505,,0.07121191036524011,0.375,0,1
0.98616376424704011,0.15698904106963532,0.053249141496789887,-0.16258870440926226,0.97862462450217802,0.12593155885833202,-0.032341046436785439,-0.13284684904809888,0.99060878827787813,1.6151137017989114,14.554415177015667,-1.4131361766165746,,0.08458458463133953,0.3333333333333333,1,5
0.50352022631205662,0.85099476162725973,0.14924911181517461,-0.86367174559166027,0.5004113762363579,0.060494383209424317,-0.023205550226393441,-0.15936238645363435,0.98694738067563281,-15.583589642845787,23.371627860722228,-1.0408390228376398,,0.2644649246313925,0.2666666666666667,0,2
-0.85932316617784443,0.50094640048822547,0.10303591562157187,-0.50959470822144715,-0.8557440820985398,-0.089528203969622411,0.043323543516006598,-0.12944021705489639,0.99064034885825158,-29.266807410868886,8.3242810646449872,0.14219528704989862,,0.1371919321033395,0.1666666666666667,0,3
0.050839564944564236,-0.99854896852015196,-0.017756579163548343,0.99684473861886058,0.049651538571001783,0.061929732806070871,-0.060958229339002599,-0.020849033188046172,0.99792254814238002,-11.90908304729434,7.0057302155663272,-1.1126343187612375,0.1676651269702881,0.08930357117587684,0.203125,1,4
-0.026006868977855906,0.9912402443644468,0.12948521428442,-0.9984236526791046,-0.032200512087365608,0.045971042975206447,0.04973783808013265,-0.12808553772235548,0.99051513995975404,-9.0235635712148881,-3.5211293950123266,-0.91636005686536948,0.5874868257823535,0.3250858471898968,0.286624203821656,1,3
-0.18438634273014176,-0.97417784975116395,-0.13030423503785316,0.98006349008419691,-0.19222284600210265,0.050258659739734923,-0.074008323981733445,-0.11843941290402156,0.99019941095335151,2.8143798191192388,10.602183409114916,-1.282252869194991,,0.3011536268341229,0.5326086956521739,0,5
-0.07058415670926102,0.98573112913465422,0.15281367045052277,-0.99732535680685175,-0.072652343526195692,0.0079855901620812346,0.018973916088345182,-0.15184129225961601,0.98822275448058838,-19.021545919182199,29.287118869586987,-0.89927050145860776,,0.2813216210153801,0.6818181818181818,0,4
-0.98571671517798098,0.16352588455541159,0.040272105719739083,-0.1638756656949252,-0.98646555334354635,-0.0055207118795038545,0.038824265759660762,-0.012041476113067258,0.99917349806789912,-0.29062995479751946,-2.7081098291987984,-0.92968302214461973,0.4464511512309313,0.3772293675173414,0.9165935030728709,1,5
0.51343230637664627,-0.85800217411813429,-0.014816746515789724,0.85616229111271802,0.51100993409027784,0.076517831501370481,-0.058080961126514834,-0.051972266350483146,0.99695811621402397,14.073421724116612,-2.9746712972143587,-0.49442806497336572,,0.1199009542883265,0.5106382978723404,0,5
-0.98269001715581139,0.1697461000517248,0.074206412792581958,-0.18201476895194485,-0.95926702782011708,-0.21604951566835504,0.034510202341965515,-0.22581636533783461,0.97355842920696223,-5.3748238575900382,-16.894180180842355,0.17707755852250026,,0.4861744596994435,0.1739130434782609,0,3
0.54345680189053136,-0.839111238029985,-0.023388772748947465,0.83718340298920879,0.53974697347578793,0.088301497060559481,-0.061470759213829766,-0.0675687415563829,0.99581916577567575,-7.8156458301506859,19.049958602592611,-1.4869866555263878,0.3203946053052872,0.3185597630658027,0.8409090909090909,1,5
0.9858939346827208,-0.16534375483465183,0.025972914603490382,0.16296431483474424,0.98368199604765527,0.076238853232075632,-0.038154706738016041,-0.07093076475605041,0.99675124527880921,-0.63189219512307548,1.5256764604050765,-1.1723551447656673,,0.08796012956798638,0.3385214007782101,0,5
-0.018031288145278285,0.9922288171346979,0.12311314753225747,-0.99659024983391442,-0.027751699420982785,0.077702748440598088,0.080515505238415983,-0.12129228181019959,0.98934596364945904,5.7711113816076489,11.32041860802909,-1.299063768102672,,0.1943793570116178,0.4117647058823529,0,2
-0.99551980350205327,-0.074095080456316784,0.058738742644065145,0.066565051187815499,-0.99039849074962372,-0.12116073407350911,0.067152176402535721,-0.11670796276621416,0.99089345372313509,10.701564916613249,-6.5873417184373979,-0.31191669202872224,0.7465191438418362,0.6110693025109135,0.7567567567567568,1,4
-0.074415775496649836,-0.99155176712116688,-0.10624210782981613,0.99710572670133879,-0.07231970239264357,-0.023452727458301927,0.015571195735270941,-0.10767986703525199,0.99406367205458379,19.243936168441085,-4.0413381158143507,-0.34419733757336474,,0.239800666602291,0.45,0,4
-0.73661626921214174,0.65071015429086432,0.18431702860763127,-0.67417365570860255,-0.72814247001738697,-0.12368680327940637,0.053724797630939632,-0.21537139656820617,0.97505323324410142,-3.8918881611187532,-8.9105253221901393,-0.5156717079429225,0.295851361366456,0.1602039829605231,0.1521739130434783,1,3
-0.43879825177858145,0.83431640398035578,0.33372478524279275,-0.89643503068031105,-0.43211840307703347,-0.098376427518710952,0.062131554022496593,-0.34232999250933588,0.93752325103077161,-24.377709867663789,-21.53656171351232,0.92193060867715015,,0.5188101165198301,0.6,0,1
0.23805648611442876,-0.97039225706929022,-0.040840872160367969,0.96722271113050595,0.23303343537582075,0.10087440245323528,-0.088370450333835629,-0.06351602488279541,0.99406055051535136,19.811811592428764,0.95788119871960076,-0.63474712966685953,0.4030528028268434,0.1753638858598857,0.5882352941176471,1,5
0.97937054789524847,0.19918302375984007,0.03405074097943088,-0.20137227671574207,0.97603711043491903,0.08246675223490689,-0.016808809763929258,-0.087622383554328456,0.99601193859038606,-4.7339763674062212,-2.963415022967848,-1.1000791732059527,0.544221081565109,0.4647076514290699,0.969327731092437,1,5
-0.5995900573623395,-0.80011520092234756,-0.01753363525394604,0.80011285861325954,-0.59978341208719266,0.0089034862140450199,-0.017640198239964027,-0.0086904452151129515,0.99980663108824119,-7.7828524801074419,23.943799740242838,-1.4881898295885683,0.2920678820499317,0.1919147318748299,0.375,1,4
0.38348015622944759,-0.91422047884016666,-0.13093466251338934,0.92058367585511502,0.36703571555407816,0.13345590753799871,-0.073950426147004547,-0.17171400518583932,0.98236736249516876,12.317247860096099,18.859067110547155,-1.5620154944657403,0.5190703958687566,0.3883152533174446,0.6,1,5
0.90161533637686764,-0.43116394200278119,-0.034459256037385949,0.42924445430633185,0.88209066923603663,0.19407537116795728,-0.053282113859035689,-0.18977277561163317,0.98038120645969618,-10.346544261000359,-8.8362955071981588,-0.44968368005827436,0.3673778953468576,0.2677831543505907,0.7060931899641577,1,4
0.30421313993609111,-0.95081594668826497,-0.058338675109422929,0.95063143650894166,0.29907431787204619,0.082791450707886974,-0.061271832118604791,-0.080644825703009515,0.99485786656997421,-6.1524209300379917,2.7205895341690374,-1.2823342103588913,,0.2848831710854923,0.6953818827708703,0,5
-0.63402722928921496,0.7645018153951767,0.11638920386926307,-0.7708734749798708,-0.63676940909294644,-0.016697461360316183,0.061347845050176548,-0.10030799519928445,0.99306331520543067,20.787623859004754,0.71377621353927379,-0.60232062366655348,,0.1197700528201221,0.2380952380952381,0,5
0.63262514126869562,-0.74358824354618314,-0.21647622200755984,0.77367133360821416,0.59419493267110157,0.21992055279321621,-0.034901263410536718,-0.30660871815375451,0.95119556126196303,-7.031539381023201,-20.475551940160461,0.39292196363237902,,0.3355915691649055,0.2156862745098039,0,3
0.55689006114567774,0.82092369455773495,0.12632397836848616,-0.83025676430443085,0.5459099601986861,0.11249898080696467,0.023391560954753195,-0.16753090183469921,0.98558928149942471,11.751483952858576,-3.9924806073040844,-0.45985545198326427,,0.1219772380568681,0.2647058823529412,0,3
-0.044406973616377722,-0.99857772458689775,-0.029505061482521029,0.99728476732584781,-0.046047525287100016,0.057469281140125221,-0.05874617905926479,-0.026872911524189091,0.99791118496194287,-28.397220854294407,5.1251524450001735,0.22047761883018455,,0.1485523749466167,0.5,0,3
-0.63163770554403886,-0.77525068068131586,0.0044934439150540956,0.77491050417297191,-0.63116439952581904,0.033840970636238019,-0.023399133690211894,0.024857249935744112,0.99941712896476775,-22.886511523275015,4.8958262439780862,-0.18413762185331831,0.5838916660775026,0.4506482320477342,0.9127906976744186,1,1
0.89601612791415364,-0.44160197697251163,-0.046290306238951973,0.44233825900123569,0.87868637461865184,0.17957483031673918,-0.038625938713283486,-0.18137791760161789,0.98265461270225463,-1.1564873611343971,-15.520178338821932,0.11744101513015262,,0.2319036278884767,0.2142857142857143,0,5
0.96877146290268989,-0.24723202746023398,-0.018925571676533564,0.24430460724567996,0.93867409834680615,0.24332323352147028,-0.042392352422525079,-0.24034820925214323,0.96976060281152465,-16.655049694061375,4.0631605311376262,-0.68533829753331832,0.6505024000023039,0.2677157962460915,0.4375,1,1
-0.043927606271556258,0.99625173560921798,0.074517412078466683,-0.99748067913095539,-0.047895856246348151,0.052328593664240385,0.055701527516749123,-0.072031008947883182,0.99584580813610446,-10.923999981750166,6.016078311049303,-1.1703666207977623,0.4887404894185447,0.2500010303869228,0.7025316455696202,1,2
-0.98279098940444354,0.16580105748763752,0.081436358473448101,-0.17598294714990184,-0.9743895525024332,-0.13998214988541585,0.056141548409975886,-0.15190460595416216,0.98679943110646406,2.107526134670632,-29.53974612446962,1.0602837704247217,0.3225733581761281,0.2148289802828155,0.1333333333333333,1,3
0.10648967362293833,0.97502721410551763,0.19488940752466175,-0.99363866616585272,0.097131460060412775,0.056988424848192103,0.036635372412815184,-0.19971832970502743,0.97916823797956642,-22.04990648820376,22.130683171541527,-0.62009710181642519,0.5363049016798099,0.3916577949217622,0.3888888888888889,1,4
-0.29043563596882732,0.95390402273702102,0.075592703123461794,-0.95347098166426825,-0.29516858580801841,0.061388867690090068,0.080871679119205217,-0.054245934024805188,0.99524728090973302,-8.8867311898405941,11.780870672790265,-1.2776574170084001,0.6158772638660184,0.5834190502972962,0.8902195608782435,1,5
-0.99737509140188052,0.059941719286695221,0.040619174536731958,-0.060091781336628666,-0.99818976916747759,-0.0024824474151392707,0.040396842288491684,-0.0049168097719105462,0.99917161694815249,-11.26429847099298,7.5657808725926605,-1.2191287130713613,0.2851060134877679,0.22367926048461,0.6859903381642513,1,5
-0.9472113747721026,-0.3193752038663244,-0.028108551326747656,0.32038551612482896,-0.93962569504438909,-0.12023591089926919,0.011988851478421117,-0.12289439518421398,0.99234733590237234,-10.864381887910106,-12.587204854186956,-0.039818041030034945,,0.2247940189347907,0.5121951219512195,0,4
0.84012312191227712,0.52874026492677606,0.12094160687509295,-0.5423687849927088,0.8167082903931171,0.19703722863632175,0.0054075034812528901,-0.23113048403079992,0.97290773368176375,2.2330725065619705,2.9969108355410707,-1.1401711364244589,0.6909429270137865,0.5209344174374944,0.4777777777777778,1,3
0.94769291413462076,0.29784064855737874,0.11475664933218302,-0.31899446338456972,0.89617323008838612,0.3084089395639148,-0.010985118525532862,-0.32888370245402571,0.94430653785257201,-4.8383271474781804,-26.625710169758435,0.83415720333451782,,0.4637534128827657,0.16,0,1
-0.5367064673264671,0.83361433143244013,0.1305117403162997,-0.84018308988174206,-0.54223894760365532,0.0083246128107138315,0.077708065261669027,-0.10518588371129332,0.9914118147677895,27.201663855589011,2.1561369390163518,-0.67196021634933178,,0.340038237026194,0.25,1,5
0.71886492807518865,-0.69238988186497219,-0.061882684770972043,0.69222963118015768,0.70485206828173819,0.15492481904181443,-0.063650238802667611,-0.1542070469530035,0.98598622392526247,-23.112366272920074,5.2636702411525924,-0.15054451267211966,,0.5316763759730405,0.6036866359447005,0,5
0.98409011768445143,0.17480010338357282,0.031805096020855121,-0.17747380701518131,0.97553566696481164,0.12974286224320444,-0.0083479398261919902,-0.1333232400469371,0.9910374491229107,-12.460215573482593,20.982746032226665,-1.3142991178111816,0.2656448040312472,0.2238614482687774,0.25,1,5
0.79498584342147072,-0.60573061489739033,-0.032983798075452882,0.60402645993441162,0.78537545753356097,0.13541575389537217,-0.056120802369134075,-0.12757669410977399,0.99023968950020635,15.161972658311925,1.6335180031941965,-0.73030514122550472,,0.1046658147223931,0.3703703703703703,0,5
0.11072720940744232,0.97341453588030757,0.20050841985753601,-0.99254620128080318,0.097974006950098377,0.072478495329235421,0.050907007571535233,-0.20703921198427025,0.97700728824356498,5.4106818262871359,27.774132093107315,-1.7514647914341457,,0.3360883546793807,0.35,0,1
-0.56877470524351825,-0.82214521505088023,-0.023928644844430091,0.8219034768117579,-0.56922784581176311,0.021315120390094835,-0.031144975194939618,-0.0075435350759245397,0.99948641091245694,-10.775136386926711,3.177955948923417,-1.0684456120952182,0.3088917114007951,0.251813563867438,0.7381370826010545,1,5
-0.18029873535097588,-0.98228158041358982,-0.051139640309834519,0.98177156372641838,-0.18289694103802304,0.051704019351670134,-0.060141189620946882,-0.040885275333724304,0.99735221039102484,-1.3356822055590831,-28.040530830002108,0.96873051065485105,0.2888959186901778,0.1915251261252108,0.6666666666666666,1,4
0.66047364591037372,0.74153981655852863,0.1178696887083464,-0.75055886749152623,0.64766720592491978,0.13110521270813569,0.02087940343248304,-0.17505967790371257,0.98433640574985959,-4.9685840316780387,14.985430432941063,-1.4362391270575912,0.5212849774425461,0.5615414839016404,0.6935483870967742,1,5
0.59843112851236724,0.78010327011994918,0.18253512641564876,-0.80070674221703564,0.57457007236265256,0.16952269733979181,0.027365989760960698,-0.24760476548996091,0.96847456482401484,1.400164995115718,-2.7544716725517229,-0.83144320441359454,,0.3797128851014866,0.2148148148148148,0,4
0.42301519438958041,0.90279046109638084,0.077637160361070851,-0.90604503210033571,0.42030255245545967,0.049276406177078097,0.011855172788624975,-0.091187431989341899,0.99576317823332972,4.1111610691991993,26.120756299258979,-1.7056361197439651,0.5461795367332903,0.5092143814744842,0.4827586206896552,1,5
-0.53197153192225599,-0.84321762295540836,-0.07739721934100377,0.84672209783550079,-0.53060953757346352,-0.038925668563615873,-0.0082448930458396252,-0.08624128346393381,0.99624016319618269,-6.2481780937060947,28.032167318503763,-1.6054854063820927,,0.3433351492867511,0.3333333333333333,0,3
-0.47360391582635214,0.87320769836322742,0.11492452494198457,-0.87825461058959176,-0.4780226220716926,0.012775436032822217,0.066092131846918395,-0.094882497368582785,0.99329207275656373,-4.4721129301607245,-23.227495044421726,0.64136328861267788,0.1547800224871291,0.1608988464722199,0.2692307692307692,1,5
0.94599624779467106,0.31743250676006562,0.065785278067542072,-0.32404605602619735,0.93171723763918413,0.16400348368212969,-0.0092332406158139469,-0.17646414009092296,0.98426376268239268,-3.1888573202770787,-20.417533357251585,0.43275500881533618,,0.1129846305641696,0.3333333333333333,0,2
-0.86128229560604486,0.50481054878656562,0.057957890829365269,-0.50552361027644155,-0.8628085560887141,0.0026972195278685621,0.051368148970493112,-0.026976014789352503,0.99831538498484063,-3.9971378398508315,-6.0303454978712558,-0.71641954270624231,0.2969007011999386,0.4153415734220337,0.9039145907473309,1,5
0.91872194689591613,-0.39449700426400236,0.017947086629962954,0.39192487963161815,0.91641945427601779,0.081057217755025515,-0.048423888913607563,-0.067435135138676855,0.99654785611695995,-18.42746052852349,3.7407706661242455,-0.51483274629024178,0.3964215246244647,0.3566196510810477,0.9600886917960089,1,5
0.95989148859759876,-0.2791788071338735,0.025836481285074236,0.27691235412165194,0.95844508478846357,0.068575269446355364,-0.043907610418825974,-0.058670376614973548,0.99731133988096521,-19.916320238029353,8.8160800603392939,-0.53754656110377952,,0.08256023529053666,0.4117647058823529,0,1
-0.99802455572816695,0.057538121606287886,0.025225993055099677,-0.057997415130047671,-0.99815679042077254,-0.017869571207398096,0.024151314701871474,-0.019297313256600619,0.99952204963134705,3.3538880417944963,17.506874103863083,-1.5495036214609463,0.2271271815640338,0.1767361576473136,0.7368421052631579,1,6
0.49506527038438974,0.85835295539330303,0.13468697794075593,-0.86820133234331276,0.48269689701210738,0.11502239839344179,0.033716829277495614,-0.17387900845836887,0.98418964932629038,10.304898359984485,6.3263889677685778,-1.0369127638963,0.1150375945431909,0.09036340048102035,0.1875,1,5
0.76481950705318924,0.63691759506958956,0.096887041041037472,-0.6441509219654028,0.75344651544862828,0.13186333110248222,0.010986872259160084,-0.16326152470527594,0.98652164861642577,0.4712940568756529,12.808578832333707,-1.387232578909227,0.1509594591703054,0.07594269014500729,0.1428571428571428,1,5
-0.10520660812910725,0.9915266046086405,0.076200800253213602,-0.99315952973690869,-0.10866412038987658,0.042734733328501605,0.05065291796858501,-0.071183574602264127,0.99617627988630231,16.251782146841368,-0.65525385736171571,-0.60639608627666708,,0.1019763665661284,0.3461538461538461,0,2
0.98462381158937506,0.17019878004726718,0.039348760102859509,-0.17317187040442153,0.98060674241704571,0.091771019537016954,-0.022966343893720677,-0.097174029435087697,0.99500238947024822,0.040441337511518044,11.28612614149147,-1.3245486145750627,,0.1163921177888669,0.5853658536585366,1,5
-0.92375242797338775,-0.38191554045625697,-0.028670050074544789,0.38277207392452783,-0.91811022636695661,-0.10275773286683763,0.012922508920005682,-0.10589679975533556,0.99429315423812081,-10.637350151788297,-10.639353865443754,-0.2271723191033348,0.3535361432577211,0.3665135138505309,0.6728971962616822,1,4
0.45581387699699955,-0.88772550964780839,-0.064630712958347603,0.88748952522908608,0.44775934928227423,0.1089674618359391,-0.067794189615457884,-0.10702796200458319,0.99194201604908838,3.4741015177427399,-12.864460705380615,-0.08321060025211835,,0.2230595728537909,0.3333333333333333,0,5
0.44285481054339504,0.89508402461189096,0.052001977492720487,-0.89607345719608789,0.43987812333975157,0.059662349230894363,0.030528283397935185,-0.073019350118156759,0.99686317938877511,-5.460045396424996,1.5487776837814167,-1.253628161747314,0.2842103852345491,0.2747407407419097,0.8904261206419479,1,5
-0.84548408155389054,0.52860221640065441,0.075738792275093988,-0.53245340112138517,-0.84530084760475366,-0.044270223321709955,0.0406207271382895,-0.077757146649041431,0.99614445873666124,-1.653493149207699,1.2910516291172958,-1.2029679233674657,,0.171364955404272,0.2477341389728097,0,5
-0.96077254873673723,-0.27665867495205265,0.019392966964582502,0.27686898837517188,-0.96086451608276058,0.0091074150642741613,0.016114368433912053,0.014119465528783112,0.99977045756671501,15.667825175826195,3.0485036301367558,-0.78807045653668284,0.2294849871606454,0.1489686099553574,0.5454545454545454,1,5
-0.79192007445186796,-0.60875600063501567,-0.047736017544498938,0.61031753814557643,-0.78661973159585397,-0.093498130975917693,0.019367454971439813,-0.1031771755521919,0.99447442004960673,-15.933320645162436,13.337808993893342,-0.81869340545808167,,0.3869919583874197,0.5172413793103449,0,3
0.97343988360520728,-0.22811892703346179,-0.01940484825457468,0.22541698621972472,0.94018184828360229,0.25543154558833697,-0.040024684012461335,-0.25302143641820624,0.96663238999247825,2.3926667274576467,17.910701119091129,-1.5566262039855436,,0.1140158579908385,0.3157894736842105,0,2
-0.52912592230726685,0.81841836916454003,0.22409179225607637,-0.84645225260208534,-0.52761202030665133,-0.071722660943323899,0.059534380044990391,-0.22763332146676185,0.97192526901540643,-3.4898077686553823,26.732428132881751,-1.6274944747166344,0.3472977995865149,0.2648702449315227,0.2692307692307692,1,5
-0.94235114030450495,0.32156772444594889,0.092566338165940301,-0.32948392050161118,-0.93997037536036521,-0.088859662253353691,0.058435216245726916,-0.11423612405691307,0.99173354963052773,-16.414582985978161,10.245771204873742,-0.89979671790711935,,0.2898291029536091,0.4230769230769231,0,4
-0.36240174488045046,0.90978013926637891,0.20239830410369825,-0.93074761497749037,-0.36462190653746401,-0.027563426613867861,0.04872219741881656,-0.19837077271975587,0.97891530992688458,6.9742564992001466,-11.547547360489281,-0.1323927968028665,,0.4646817060311064,0.2068965517241379,0,4
-0.63478530754249463,0.76825800945576694,0.082627139822476423,-0.7711679379772074,-0.63660886536436356,-0.0054003680874274186,0.0484522936935139,-0.06714747535507383,0.99656589937107365,11.874910448214921,6.3113107857462092,-0.98634900308422235,0.4796018008250547,0.2568538347341879,0.2142857142857143,1,5
0.21347984355144328,0.96156614220673897,0.17267573818837842,-0.97639881282098595,0.20407793628155685,0.070693381902631067,0.032737054220281975,-0.18369199787881599,0.98243856560920284,-1.9330589410215668,-11.378013141224129,-0.26671085341112544,,0.09725894893109965,0.25,1,4
0.079651774137875928,0.98382955172368081,0.16042134531249014,-0.99221847150296916,0.062800415013760338,0.10751098865888405,0.095697960714949543,-0.16773646302840617,0.98117601850316294,-8.1086749526816231,-21.247650741545641,0.43325092521007108,,0.3951781064727824,0.5263157894736842,0,4
0.49953747264378207,0.86503008213432131,0.046746876124004175,-0.86556592068491933,0.49618210102926436,0.067815629224053584,0.035467596105910583,-0.074338950899749012,0.99660211218198513,1.6367123686424536,-7.0785582434605656,-0.43837941065050245,,0.07445005739195468,0.2391304347826087,0,5
0.97076188212500092,-0.24002625964015181,0.0029602189588936985,0.23777339860658797,0.96319652200157346,0.1253645520836964,-0.032942057133682152,-0.12099526721005098,0.99210632806396815,17.711442858743794,-6.5706250985312229,-0.21037454034318911,,0.1250037830598379,0.4545454545454545,0,5
0.9967419365417951,0.068704036065894633,0.042252424393984238,-0.076450451288639518,0.97171708090302233,0.22343062274243758,-0.025706816930076287,-0.22593288850799556,0.97380361955260686,-33.570966135599072,5.9318986412659056,0.54901583185053471,,0.1322909449755326,0.2727272727272727,0,1
0.20064196716843716,-0.97955834901450334,0.014430588579805939,0.97778633984794139,0.2011472625235905,0.058937699191869516,-0.060635588704533297,0.002284656483061641,0.99815735519366289,-9.6386510057676489,2.7836063330644158,-1.1233302828298752,0.2775572419670081,0.2283048862035538,0.7335526315789473,1,5
0.60439169589964192,-0.79619381379650711,-0.028037275183728741,0.79494783615909326,0.6003742099083712,0.087228125411906388,-0.052617636905611026,-0.075008125886950938,0.99579373634171708,-30.898779324164472,13.084727468142884,0.22356020043849451,,0.129548041860554,0.5555555555555556,0,2
0.99927146062607253,0.022848142568071234,0.030569762174828718,-0.029211723287480746,0.97336934220914895,0.22737369872064236,-0.024560602615004225,-0.22810104346214394,0.9733276379363065,-8.122499508589236,-5.6174016927894836,-0.79546306110154286,,0.1305346264364009,0.5333333333333333,0,2
-0.9735527969208837,-0.22778042669191328,0.017636009287079181,0.22821480599635471,-0.97318798166120757,0.028690672251290524,0.010627978715174111,0.031956682653784964,0.99943274736332044,-6.3488574933087012,-9.9748255077525894,-0.41661418234327025,,0.07317154506842467,0.273972602739726,0,5
-0.11052949773922335,-0.96541531524545776,-0.23612814152283457,0.99256787304034333,-0.11939468463793687,0.02353564718413707,-0.050914119237040499,-0.23177182393405882,0.97143686057952094,-17.86685436888278,15.040433260269731,-0.66568835466915144,,0.3386077935691484,0.2857142857142857,0,1
-0.5753020795347048,-0.81792733014693431,-0.004732851334137581,0.8174825646167031,-0.5751637017493334,0.030149174743280965,-0.027381998297077045,0.013475859479484381,0.99953420520787917,-8.9991931190722632,-19.483992338884953,0.31500490879182547,0.3966267549824354,0.3699349489985446,0.8229166666666666,1,4
0.049659971625385047,-0.99816349962257633,-0.034691717158104866,0.997383820081299,0.047734452305362884,0.054285702566542027,-0.052530016735215131,-0.037296783833449129,0.99792261586632047,19.832285542973345,-0.57397358877730076,-0.57149205167126682,,0.1170281587397225,0.1538461538461539,1,6
0.59327973049780125,0.8039257087501982,0.041504411704642558,-0.80425861310154867,0.58974078130102958,0.073306849082644121,0.034456416418872982,-0.076871748262565542,0.99644542734995112,12.395273540987704,8.6735740475418623,-1.0906466785808775,0.4373558311137499,0.3517859907979216,0.6904761904761905,1,5
0.91500286669590969,-0.40302353064740692,0.018487500717125585,0.40113018649642662,0.91369617325199848,0.065221748412594843,-0.043177857978472102,-0.052262192157930272,0.99769952182570387,5.7357782035482927,4.9869738169131042,-1.1116800305769345,0.4459034100416057,0.4046285941861957,0.9147982062780269,1,5
-0.88329114930927477,0.46653664953755214,0.046263378499363607,-0.46529023092736582,-0.88444762671307731,0.035459788566253495,0.057460826268500867,0.0097954193315009045,0.99829970610266172,-5.634870486397487,5.5368432453167831,-1.321676508706958,0.1741783832489724,0.1396377225444812,0.6648648648648648,1,5
0.66348445158682767,0.74061581982048341,0.10619128935162404,-0.74815789975636615,0.65542328955888207,0.10334441705267849,0.0069382659699989049,-0.14801526588648833,0.98896073811344132,-23.227992000242235,16.211398698815181,-0.35439837041062011,,0.2776726910568517,0.6923076923076923,0,2
0.056538476173548423,0.97964963959457008,0.19258760176657638,-0.99700460138840563,0.045202627550467674,0.062757846305300805,0.052775235881227019,-0.19555895812967,0.97927088610502366,1.5475586785323097,-15.268860931755908,0.1271882982004828,,0.1259733207239546,0.2857142857142857,0,1
0.46722472685289274,0.87875087347034619,0.097457462476421966,-0.88347457530133022,0.45975752782309554,0.089976054626382501,0.034259734578277336,-0.12814022781741471,0.99116414009059428,-24.130291901663067,10.815395046469298,-0.19715840721621242,,0.0856703509090046,0.2142857142857143,0,1
0.95506015936136057,-0.29243323452667125,-0.048403464183064689,0.2930308190315537,0.90689722410406592,0.30277114130979604,-0.044643376869913549,-0.30334836122288272,0.95183335760260157,-16.847457125293246,-29.16533886043803,0.97071713435019524,,0.5454623089974996,0.1666666666666667,0,1
0.89400153889342682,0.44520427155572018,0.050541122313665886,-0.44804445158012185,0.88930800028017365,0.091583022694966057,-0.0041734715108985056,-0.10452003265508159,0.99451402449102144,13.434263416293565,0.1688411365954498,-0.68213521717423642,0.24266490018038,0.2259016506117072,0.7934782608695652,1,5
-0.26433716075540165,0.96096901502385534,0.081635884314773893,-0.96259817382422297,-0.26810322149435489,0.03905660475029904,0.059419030571402215,-0.06825844115148684,0.99589666332281912,0.42115332313405202,6.3176167661011862,-1.2696326686620574,,0.1148149489642982,0.6857142857142857,0,5
0.87621327704618868,0.45849097712865178,0.14844634390780323,-0.48192353086351847,0.83357120727228828,0.27001620841471763,5.9397130252825047e-05,-0.30813157303047495,0.95134374974230362,-13.573403101792616,-10.580105875564024,-0.091403518474904605,,0.2262082082133434,0.2857142857142857,0,1
-0.99513985161608232,0.084189207243610675,0.051076933240115537,-0.088478405402031196,-0.99213732217826911,-0.088516132532146324,0.043223228743774648,-0.092605136599580945,0.99476431438423507,10.492067305759763,-2.7975823716987454,-0.57348926451491677,0.9126949940489697,0.6427832773445412,0.6526315789473685,1,2
0.90469237108013834,-0.42604134706145114,-0.0045259588444627697,0.42301869325650993,0.8969043654106571,0.1289098307456093,-0.050861565695055407,-0.11853830562890194,0.99164599088267213,28.136476181383365,-3.0126403279575,-0.41151588974960329,,0.09315020971548157,0.2142857142857143,0,4
-0.89800071926156977,0.43173027297103439,0.084874493259517209,-0.43748371762076499,-0.89668394937925378,-0.067571382569391811,0.046932984375792998,-0.097810358991164734,0.99409779632167039,-4.5475423852536405,27.611539586464037,-1.6474983961224603,0.3582052614153403,0.3597079028717617,0.543859649122807,1,5
0.57465461116895244,-0.80055253227247003,-0.16996388126421569,0.81588510725250563,0.54414485793402201,0.19554504684990495,-0.064059110404598607,-0.25104186235785342,0.96585424041004897,7.533384239004941,3.2601824429731154,-1.035874377739723,0.5707754722918212,0.3913936057862348,0.5540540540540541,1,5
0.10493026435997814,0.98478288550371484,0.13853630585634638,-0.99285240851767653,0.095771424044047579,0.07121747845315296,0.056865934635730558,-0.1450189737777553,0.98779338058242339,-23.186397104931302,12.378066228676241,-0.19107840705609583,0.308363458818654,0.1304766942458356,0.4444444444444444,1,4
0.96879975257657491,-0.24783634867627591,-0.0020454051866469554,0.24558459299175048,0.95882018675114011,0.14266063634928874,-0.033395315429599143,-0.13871190919787363,0.98976954850815524,-8.5249492849924078,22.113018047485365,-1.4949911794761743,,0.1918993459890395,0.375,0,2
-0.76784674784928475,0.60871198416256256,0.19970250913334214,-0.63804261071324209,-0.75464317338161091,-0.15302061228070493,0.057558654705497349,-0.24491508978706847,0.9678344900152529,-8.6439617416835404,-14.845272081102495,0.033674036302849771,,0.1803222864108959,0.2941176470588235,0,2
0.99183917131310528,-0.12749532637191063,1.5005260609079572e-06,0.12251650069133245,0.9531100722913759,0.27671446864065219,-0.03528123165767217,-0.27445606542768863,0.96095218551323824,-2.6891792105273202,-1.7610649358053667,-1.0961628949719409,,0.235826508079556,0.2490974729241877,0,5
0.064153767112942295,-0.99513137873460189,-0.074818668946912095,0.9967009259706634,0.060158812197551544,0.054481019485695129,-0.049714769781618449,-0.07806699925544075,0.99570778107475411,6.3662893001057137,2.6914507452364136,-0.99584694475722801,0.4647757379123905,0.3832353259013395,0.8716577540106952,1,5
0.99538857266761815,0.066547418436564212,0.069087122549355715,-0.076010844448208645,0.98652460929051622,0.14488459818235866,-0.058514450599754311,-0.14946784391173279,0.98703364821437867,-7.921063550849313,6.310329984781796,-1.2853694885057845,0.3545874211053333,0.2474677324714732,0.2551020408163265,1,5
-0.75165547089884466,-0.65803158712557797,-0.044816106622829317,0.65942734588191376,-0.75111379825009172,-0.031362997010100938,-0.013024153368682963,-0.053127134529479612,0.99850281872697566,16.12057461365443,14.670255527252921,-1.2772972262352476,,0.1896948772388412,0.2,0,5
0.29049193937309381,0.94931839900784454,0.12003753773067014,-0.95584024069621787,0.28204545330480157,0.082582059406905939,0.044540626680095535,-0.13872613155160116,0.98932865772688117,-18.650207856985123,10.517758910383218,-0.67960755112741855,,0.3200954652735052,0.2,0,3
0.20858079871889137,0.9739344423846531,0.089138949638680298,-0.9767582073181148,0.20284679269094819,0.069257368789905183,0.049370586815378231,-0.10151295795066416,0.99360840602604328,-4.4169750127339809,-18.905738255996461,0.31381246650212563,0.1542948262212429,0.1286306773644873,0.3235294117647059,1,5
-0.98334565830505649,0.17806895148139748,0.036369833803722627,-0.17747225570335032,-0.98394141000070234,0.01904993809423574,0.039177988056552128,0.012278037471244179,0.99915681204088025,-17.66106787011692,8.0274986135583433,-0.67217668534384534,,0.07605358902536039,0.3809523809523809,0,1
-0.541327219848733,0.83899458250152159,0.055253340025186039,-0.83830529615202654,-0.54361729429882599,0.041526711676784525,0.064877357331389551,-0.023839628191748514,0.99760844053835784,-4.6537478888433315,-8.8169174494122355,-0.54252617588579788,,0.1174885866358339,0.1147540983606557,0,4
-0.70712855662826901,0.68607763765768448,0.17107506979940473,-0.70456077095864089,-0.70409593230221912,-0.088560928979058734,0.059693587821356475,-0.18315674495229245,0.9812697296622851,-16.613273001904293,7.1773287734833824,-0.71790296098553574,,0.08569699990367849,0.2222222222222222,0,1
0.80540280821834853,-0.58082158997107347,-0.1182057407128479,0.58818081964900226,0.75851530035212389,0.28053139312518333,-0.073277826871618129,-0.29546712127612829,0.95253847183920692,-9.3840002428298934,-9.6944358658069234,-0.39119904362679747,0.4959758589130958,0.2359427292943936,0.3571428571428572,1,3
0.92749871971027686,-0.36593966650008469,-0.076382494182918231,0.37072387969876591,0.87412647663172338,0.31379405327778914,-0.048061730689726544,-0.31936039725240778,0.94641376084136253,-22.747200918431027,6.4867764900617466,-0.18644472710242324,,0.08151340840571611,0.4285714285714285,0,1
-0.75633602025448587,-0.65369558992573118,-0.025256685793216941,0.65388211101053784,-0.7565955996684427,0.0011329001515472266,-0.019849669166249039,-0.015658041831631615,0.99968035709420155,7.5285591711928275,-13.556030557448558,0.052469370231800393,,0.1326821743903089,0.1538461538461539,0,4
0.91172739040733997,-0.41073101457572092,-0.007293781366397697,0.40827687460831313,0.90403085444335085,0.12664204623462413,-0.045422012737105007,-0.11844090458968874,0.9919216667050309,4.7895479534332059,-15.339114131375517,0.17198522088599918,0.1717314620183284,0.1357885625060083,0.3125,1,5
-0.96759679510491903,0.23528651333399483,0.091633502311227882,-0.24887964610111177,-0.94993997656589269,-0.18887287438533223,0.042607086960684069,-0.20555850156372515,0.97771690103812836,-14.908406650003396,-9.4819321237277592,-0.094575901396210818,0.8676450936589487,0.6456886667300986,0.6764705882352942,1,1
-0.34439223560870319,0.93566819620608166,0.076935132812624291,-0.93686846289200088,-0.3478072944818183,0.036160325546330988,0.060592666972318424,-0.059624764265315842,0.99638015646413114,-11.987945772919508,-15.325877672982786,0.10447800242111788,0.3566665820505193,0.3320927749251394,0.45,1,2
0.16418890350436532,0.98313116765879394,0.080592252381303076,-0.98384902615899394,0.15730693765006729,0.085414407995129782,0.071295846246712383,-0.09331470701349967,0.99308069549405265,-22.064329767339121,12.536159407951409,-0.2911620938556731,,0.2361462278985555,0.288135593220339,0,4
0.98611826425317362,-0.1653344593880629,0.015339017086002767,0.16301712196169146,0.98155909521648954,0.099835667700041694,-0.03156242787927984,-0.095949252923840378,0.99488569896733448,-18.236878371842042,8.8810514779235188,-0.69125781259301977,,0.1106242830862052,0.4150943396226415,0,3
-0.47826977348242633,-0.87807851178259788,0.015367202696897991,0.87766258064636515,-0.47727744410767131,0.043756552414608511,-0.031087269198696685,0.034414655187981973,0.99892402774288147,1.8992264558912257,-9.4657773543341186,-0.33710526951921038,,0.07794529624673877,0.4680851063829787,0,5
0.49842754448077942,0.86172845077442861,0.094837018240582674,-0.86608043651085997,0.49010425459835516,0.098501254396834617,0.038401307217590774,-0.13123222451248301,0.99060761295958466,-4.8986402974078933,11.077695386468196,-1.3561349826105762,0.6418845709334123,0.2070419301939692,0.5365853658536586,1,6
0.9416035050589191,0.33336164099836779,0.047464255726120209,-0.33657982469820719,0.93592369273845244,0.10373457946578851,-0.0098417918532818071,-0.11365235449252777,0.99347183223855051,18.952104224685591,-6.7310803766684524,-0.19125018470588331,,0.212478561524994,0.2857142857142857,0,1
0.51372195344621452,0.84297163542853237,0.15965142157321985,-0.85738047387622907,0.4975911749328531,0.13153610015777023,0.031440063027568091,-0.20445499380520754,0.97837093065203751,2.6745913759908695,-13.046746430323489,-0.086690980115319047,,0.1200171314957389,0.2380952380952381,0,1
0.19200593309059716,0.97773672856793492,0.084644026766700631,-0.98034143204551949,0.18709226443175545,0.062667066348590914,0.04543564980221685,-0.095012494962878113,0.99443864945404248,-1.3295046444308989,-13.189791058118463,-0.13111252283724359,,0.08405967192702353,0.3928571428571428,0,5
0.96983986154251578,0.22969383130032678,0.081556034882596204,-0.24343438158626068,0.92961392674239196,0.27669052941563749,-0.012261518050756216,-0.28819904765485949,0.95749201777660964,-7.3911852083506888,20.403909500418752,-1.4857238097626633,,0.1674490660316331,0.5833333333333334,0,3
0.99416355505648901,-0.10637124762637815,0.017999540990027856,0.10298064936804954,0.98540738344746504,0.13552591819632032,-0.032152941594491793,-0.13288132421686877,0.99061028766169845,9.7290837700341957,-13.640267517214177,0.12907550403351772,,0.1165420458903979,0.28,0,4
0.39777453717833472,0.87566202054844289,0.27384565605753475,-0.9164723127680251,0.36521737586594205,0.1633853368427651,0.043057142290103406,-0.31596248849288289,0.94779416982971365,1.0580973454448943,-5.2267034316608516,-0.56576869177072875,,0.738313996811862,0.3547169811320754,0,2
0.92147246630606583,-0.38800873061247493,-0.018377127313909444,0.38002755864909182,0.8907034537766616,0.24945222407815315,-0.080421070044030318,-0.23684717097491784,0.96821271892810323,-5.6888949485554123,-5.9693601299339525,-0.73858296211931984,,0.6981297839666067,0.2162162162162162,0,2
0.83279260857917636,0.54383079568462334,0.10346273126552144,-0.55119123465544606,0.7972186680602894,0.24623285348463253,0.051426587820864247,-0.26208865095842848,0.9636725818990054,3.252544458663662,6.9129098385447305,-1.236126457790705,,0.2239924673011348,0.163265306122449,0,3
-0.99781166146350142,-0.053694982316546847,0.038584156352979543,0.053954949278160282,-0.99852694462121605,0.0057275050247740577,0.038219781472904793,0.0077967775037759753,0.9992389396759509,-18.845667528689543,5.5386847954942544,-0.49271534007651235,,0.0851185390626384,0.3684210526315789,0,3
0.95331607667023988,-0.30134226830145844,0.01952678409244428,0.29666536196047433,0.94666796024824817,0.12573557989798126,-0.056374825719659127,-0.11407282925549196,0.99187159887292109,-5.4053404820173947,8.4945379413647526,-1.275783053888857,,0.1819869964152112,0.2545454545454545,0,5
