axis_00,axis_01,axis_02,axis_10,axis_11,axis_12,axis_20,axis_21,axis_22,location_x,location_y,location_z,dbh,dbh_approximation,score,reconstructed,number_clusters
-0.9960318057823957,-0.080650011379122227,-0.037632665789271491,0.07965986556882608,-0.99645339054562265,0.027109892801149678,-0.039685610583889343,0.024004502383526392,0.99892383902773263,3.8516699006054607,13.356263826769203,-3.2077840186513593,0.5295655326412572,0.5307277477335438,0.8490566037735849,1,5
0.45040752994785899,-0.88573612326876094,-0.11227010689892097,0.8895303173354121,0.43439466573800639,0.14155242463316509,-0.076608560275146051,-0.16362394175423214,0.98354376322427983,-0.51324233855149659,12.773765205144862,-3.0722395224274082,0.3997496726544755,0.3654225455199496,0.8648648648648649,1,5
-0.0050403001590039725,0.99831529375579697,0.057802851379354245,-0.99775858562322839,-0.0088777267695472166,0.066324888108014707,0.066726308075919727,-0.057338993893177419,0.99612240191147006,-8.0767857392897913,9.7500122006492074,-2.7534338625001542,,0.1326392444820231,0.2682926829268293,0,3
-0.23800569842240474,0.968154801149959,0.077650296385432555,-0.96631211987526122,-0.24409690677638043,0.081594038289457257,0.09794985707310494,-0.05561457643896299,0.9936361730466905,-15.114185830024333,4.4679542520603306,-2.2949565849961497,,0.1550199163124089,0.3466666666666667,1,5
-0.90174836200330599,0.42757411281222718,0.063484404992033783,-0.4307302490451117,-0.90116115959170706,-0.048785417912195782,0.036350298236629865,-0.071336824264668711,0.99678970365967456,4.6830471464056709,-17.014364604944085,-0.53682124064853931,0.9283593086514548,0.3628585924281377,0.3870967741935484,1,4
0.82321426294050415,0.56733797031985445,0.021116456252646677,-0.56254946523457228,0.81012322666651038,0.16504077308271048,0.076526965545608325,-0.14774296954099023,0.98606066674195614,-9.1895246018149574,-16.779182717673184,-0.4314282055178833,,0.1022851623537451,0.3461538461538461,0,3
0.47009916877474989,-0.87050769691203467,-0.14568157444986926,0.881284419602682,0.45389797427827971,0.13158419628373766,-0.048420484124511616,-0.19024452308273671,0.98054193084955266,19.086865117352289,7.7286513079647188,-3.0332073120831895,,0.3550524719041731,0.3333333333333333,0,3
-0.18049042275742225,0.98327647922636441,0.024301701443574898,-0.98000933070637242,-0.18188331928647247,0.080623631112621108,0.083695394265729514,-0.0092641009029884695,0.99644832149648588,-10.668449017957249,-14.244300814887652,-0.64816302230337453,,0.08609644540201036,0.4117647058823529,0,2
0.36679809443512379,0.92483703878956602,0.10067576471877546,-0.92553875197664737,0.35184206447465011,0.13994706233332826,0.094006257814435945,-0.14451163741776818,0.98502751745449402,17.686236298539423,-2.0996677751897943,-2.0926120913022657,,0.5100976953107565,0.53125,0,5
0.53859062277692893,-0.83707708300508377,-0.09603175602091639,0.84147548458239141,0.52858625280712668,0.11187306284424041,-0.042885311046916751,-0.14106215102224048,0.98907144314523066,-18.118797434118985,1.4774223801538686,-2.0234727931183918,,0.139448319611823,0.2463768115942029,0,5
0.70678341145715606,-0.69936578778494374,-0.10651152127788625,0.70617097181022137,0.68850436958245409,0.16517957391419774,-0.04218729502578504,-0.19196152724390619,0.98049528514756024,-13.358725623842568,10.973351690943659,-2.8406858877086774,,0.1666730981577053,0.4680851063829787,0,5
0.50251356908108791,0.85849143708889453,0.1023355526414577,-0.86056166394697242,0.48528422914613323,0.15470242236908721,0.083148875122917451,-0.16580611987224567,0.98264672959243382,-0.29879749592367932,-23.217212011321823,0.073762685876735345,,0.5433131217922759,0.2307692307692308,0,5
0.43036130655065474,0.90263604435863676,0.0061087845442024495,-0.89781628182043094,0.42734380707098119,0.10631648346431539,0.093354538840654172,-0.051239066957491808,0.99431357634057083,2.2781922908984833,-11.56869164967123,-0.93861425178945568,,0.07141239701074394,0.2962962962962963,0,5
-0.16217369074499136,0.98270596978281421,0.089379365534591249,-0.98327867861998008,-0.16854120979422949,0.068970289055820602,0.082841621190641909,-0.076699658110813751,0.99360677747496806,14.679716227336293,-9.0184790729084945,-1.4063789167899925,,0.7562308543139242,0.3541666666666667,0,5
-0.98835019010917613,0.15044216213781078,0.023044686208673559,-0.15149607963809256,-0.95794236936146004,-0.24371162228429188,-0.014589022086634219,-0.24436360783359973,0.96957392064819015,-8.5913772330517251,-23.093714953840113,0.1287029495249977,,0.7004406187935022,0.4736842105263158,0,1
-0.98621517958636418,0.16464766288157881,-0.016454988941656666,-0.16368012128316548,-0.98530278522074499,-0.048859383264344206,-0.024257729699300457,-0.045492510854840705,0.9986701127028681,-11.108073694943526,-22.385342162768922,0.058861750710360421,,0.2269072967037077,0.6071428571428571,1,4
-0.90910528961968839,-0.4140966472941412,-0.045293918855120449,0.41182087251888444,-0.90978574407078017,0.051898640091650891,-0.062698814528565197,0.028528347048673026,0.99762467495114815,-4.6460230145085335,0.59800116319324881,-1.9156833956793493,0.3952673061859799,0.3707717103111849,0.9193154034229829,1,5
0.99892368557773881,-0.025147045672707889,-0.038975588330670129,0.039091807196166631,0.90870402985583654,0.4156065648349429,0.024965996914300518,-0.41668286767960427,0.90870902206392623,-12.344643185148088,12.02503990024818,-2.9033630072735725,,0.3449129741372119,0.1666666666666667,0,1
-0.36643054073333658,0.93036923551501893,0.011905646772545478,-0.92760054467734809,-0.36628010080731732,0.073458268880149086,0.072704114960305335,0.015873668756138576,0.99722722501346639,-9.709917115674866,-12.388654313077097,-0.82987188197428852,,0.1021958234553813,0.4166666666666667,0,1
-0.84292500447036156,0.51975001418781541,0.13905883499586386,-0.53748857679844297,-0.82506688200350109,-0.17427182799352856,0.024155054332903762,-0.22164061670367952,0.97482920061792777,7.8974289274764482,-12.885426072807904,-0.89330267719888035,,0.6956505988409791,0.4047619047619048,0,1
-0.082563285514724361,0.99342761097323029,0.079277270645720418,-0.99347400845194356,-0.088326095332532023,0.072165749588964115,0.078693699973013828,-0.072801666459835712,0.99423700340775356,-3.2437182004000107,-19.07521307767399,-0.2522773466690873,,0.2278851650293106,0.3947368421052632,0,5
0.93004011889574101,-0.35813352604422677,-0.082254208205568946,0.36722361343639498,0.89786783064416187,0.24285834642660417,-0.013122308452142677,-0.25607369294302051,0.96656819149163553,-6.8927988077241293,-8.1808206022017842,-1.2150031095588592,0.2526514745245106,0.1737002176500294,0.3109243697478992,1,4
-0.95407263812703236,0.29896312084239446,-0.019142976610252806,-0.29957427008684018,-0.95194628423600125,0.063667327815825167,0.00081109756616804451,0.066477998657048856,0.99778756146551162,17.901235479073769,0.14857587564353175,-2.2904086025965698,0.4293244240656903,0.415437871226272,0.6181818181818182,1,5
0.7873555741586874,0.60094511749171731,0.13760874101636561,-0.61182844612118203,0.73425235948723666,0.29417584044983253,0.07574399222501485,-0.31581392994972757,0.94579300552051304,5.8670762614398821,-3.8639805072931446,-1.6356432276252111,,0.4507186892890306,0.3650793650793651,0,3
0.68651608866701797,0.7219127437354681,0.086819643132578714,-0.72405802997493374,0.6678026048479353,0.17256781329996476,0.066600519743903339,-0.18133303998621372,0.98116395132475254,-1.2097464190979641,-16.131846747940198,-0.53140748767720269,,0.153186771558689,0.2272727272727273,0,4
0.88096102974889556,0.47291625726221076,-0.016058570324498294,-0.46805358064484492,0.87588471753570107,0.11726809980955794,0.069523447190887919,-0.095792354624505999,0.99297045025830866,12.538388819453774,-4.5480288229535377,-1.7115364540866822,0.2667794179956156,0.2659759266783482,0.6595744680851063,1,5
0.63548123927299882,0.7702033939340962,0.054316908089957344,-0.765917835295854,0.61992189173618883,0.17048964109862616,0.097639459788380817,-0.14994525707278772,0.98386124823249799,-10.465428913367505,-17.806292940363317,-0.35411332185625843,,0.134340114258594,0.2702702702702703,0,4
0.51747938555317297,-0.81566542935303055,-0.25865999475343326,0.85465072773102757,0.47773473516528697,0.20332647738397974,-0.042275514382857135,-0.32628121333427873,0.94432692999234957,2.2877142746186787,-19.041115068605151,-0.31497107462095464,,0.5015582246988712,0.5185185185185185,0,4
-0.90400509435952958,0.42616469361842474,0.034035911698255733,-0.42646152314725772,-0.90450422806791753,-0.0016342221946256653,0.030089178236341552,-0.015992351933800782,0.99941927439522948,16.945784403815459,-5.2417192790371736,-1.7511680724554237,,0.1701301144077106,0.1,0,5
0.91654653714652423,0.3999187080321393,0.0027335344557266033,-0.3896991408000483,0.89154729623814166,0.23082027257189705,0.089872269941402391,-0.21262277755773296,0.97299256397940492,-13.399589669850112,18.935729919816684,-3.4532593820163164,,0.4695533238804133,0.1428571428571428,0,2
0.26437887907731566,-0.95850733899318785,-0.1066184289605714,0.96120855516452131,0.25287080185099686,0.11015657515449587,-0.0786251981005857,-0.13160561791744366,0.98817915357298058,-10.104237893359175,26.012695226359703,-4.2838028666251367,,0.6251444880602745,0.8181818181818182,0,1
0.25873933408388988,0.96482194428743295,0.046610865892444404,-0.9615570972356916,0.25266805920733104,0.1075490614188369,0.091988617521393631,-0.072646181440038149,0.99310655348189347,-6.0007749281522305,-13.894251173499564,-0.67367510769032013,,0.09223153350399278,0.2115384615384615,0,5
0.4512237927936103,0.89221780682053253,-0.018560011026588007,-0.88761196558941002,0.45085422781990248,0.094209679966674773,0.09242341348085209,-0.026035561243764334,0.99537935591977655,-11.432848269571629,-13.222244279966619,-0.74299367090664603,,0.5820680828239131,0.7777777777777778,1,1
0.68469573909142067,-0.71974799284814872,-0.11469338106933094,0.72744886075618764,0.66520419022655308,0.16829004810018211,-0.044831906657854685,-0.19866104826084496,0.97904233210281799,-1.2042960895445667,-13.644600981979684,-0.75153741550881359,,0.5053278434112692,0.2156862745098039,0,4
-0.17409577636127177,0.98353918339365864,0.048387347338960073,-0.98133918238078877,-0.17736044428055389,0.074274369258917755,0.081633753909590462,-0.034553545895315264,0.99606324231380494,-12.37065244177699,3.3526684646032359,-2.1725500129349768,0.3304653429745016,0.2267751480299049,0.7795527156549521,1,5
-0.68371504057690935,0.72578170310305534,0.075991201660076974,-0.72849489228700792,-0.68493182731586033,-0.012789989894323282,0.042766051964791739,-0.064103910727693669,0.99702645573162207,-4.2667398418909608,-29.615836104823849,0.64638275465914175,,0.5229453251230685,0.1923076923076923,0,2
0.95118165665502685,-0.30499788903022101,-0.047220162326159068,0.30863046544277106,0.93956709863383037,0.14819211505807661,-0.00083177134982922616,-0.15553120218115923,0.987830629867543,13.741426627686366,-2.7446240943363382,-1.9054002058298745,,0.139089370652493,0.5423728813559322,0,4
-0.96794456376529747,-0.24168100375141233,-0.068363834758716491,0.23945995468238557,-0.97011744865653105,0.039128837392039532,-0.075777645653036657,0.021504144666844634,0.99689283284685615,-26.411175878353813,13.332456565778216,-3.0651353619341193,0.5424411830274203,0.3601400210543643,0.9399999999999999,1,4
-0.97309842968545379,0.22930058962431141,-0.022376008170553435,-0.23019942744435068,-0.97164502962535915,0.053982960354451597,-0.009363212482833087,0.057681678220040437,0.99829111698428097,-9.144620010165692,-7.199858410886522,-1.2966326722415966,,0.319120013408956,0.8979933110367893,1,4
0.71668290589865014,-0.68119409922447283,-0.14946642289967335,0.69628059615644189,0.68677316523478493,0.20865270410283096,-0.03948346247094886,-0.25360839634198379,0.96650082125994663,3.9194380383673382,-9.6220022841455446,-1.1611382467228188,0.3791316717057665,0.272973438027901,0.6363636363636364,1,5
-0.63930093581233005,0.76868889736419888,0.020290207945986499,-0.76728301340352467,-0.63942735994855249,0.049085931707889004,0.050705924820340857,0.015812350180692918,0.99858844313855233,-8.3325702698717432,10.236815027070406,-2.7996067803354037,0.9401028581896289,0.3894889944173078,0.2,1,5
0.30349086649320206,-0.90654327135493262,-0.29338130669199408,0.95062462889340371,0.26711946539744219,0.15798736071934152,-0.06485452101807522,-0.32684321679802586,0.94285067891826591,6.4920164563045244,9.8350777571043153,-2.8974871408063909,,0.6334524261290547,0.1212121212121212,0,3
0.97571645970386078,-0.2123270322630188,-0.053801688015741929,0.2188843063688376,0.95434596179857656,0.20325709243267201,0.008188448473130841,-0.21009763580090532,0.97764611835902759,-14.371024985948768,-15.612164004808548,-0.51625630234095243,,0.153248720519621,0.5714285714285714,0,1
-0.71129004467933421,0.70205837217327083,0.034358614661944634,-0.70160544428262839,-0.71209645746330552,0.025854125805892178,0.042617753261365195,-0.005716408805211114,0.99907509716603682,5.2080144961385741,6.1827522081286777,-2.4979206038686641,0.8478015157846981,0.4979551491952711,0.1395348837209302,1,1
0.28123887323733648,0.94161821244051624,0.18509413329578897,-0.95531883555283148,0.25643716554941276,0.14698946412231367,0.090942941552245138,-0.2181630631553132,0.97166571373930644,12.558243837422554,7.490065851403485,-2.8262686240770356,,0.5905101171939862,0.4375,0,4
-0.48366100354246205,0.86393231523356839,0.14033170827530508,-0.87515145697536734,-0.47487621163540367,-0.092749722245946173,-0.013489292279109116,-0.16767092269673434,0.98575072948278131,-9.8030935099220695,-22.383452680133438,0.06786701502370289,,0.3128103890475966,0.6,0,4
-0.93793522222960513,0.34678422832707306,0.0042682414056957269,-0.34657661741984619,-0.93677982076733102,-0.048251587133950787,-0.012734486990784312,-0.046736135770130638,0.99882609419976509,-10.055651229387324,-0.68864547811581189,-1.8248697194175216,,0.1721839235071407,0.2033898305084746,0,5
0.81331352045783001,0.57916685264088519,0.055559645810094482,-0.57834529083749986,0.79432483345014038,0.18591606582137069,0.06354401629248678,-0.18334070951771614,0.98099354851444476,16.507750701832094,9.1569668618436229,-3.1335648007019334,,0.3369123727773649,0.5,0,5
0.57361362825972206,-0.8127035069836448,-0.10237389907198524,0.81740351055105354,0.55981855070131381,0.13584804462889241,-0.053093374478650222,-0.16160507426180773,0.98542624968046444,9.9691150855004391,-13.704870061768773,-0.90738725316891833,,0.1524137752841251,0.4285714285714285,0,5
-0.66288524910239177,0.74731346452753278,0.045888258392706861,-0.74728316344606693,-0.66416496337089859,0.021278511709511536,0.046379091760171222,-0.020186311361644803,0.99871992704717405,-7.0645911543337627,-25.186592687677923,0.30668911101531793,,0.5579162990999628,0.8172043010752689,0,4
-0.97263992356463647,0.22923195056542447,-0.037739792370245259,-0.23024806959444735,-0.97280620361098558,0.025177701722224347,-0.030941970464225178,0.033178352218781744,0.99897036563045172,-8.5284951501688937,-19.548688625849362,-0.18001876941075381,,0.08568384804666941,0.1304347826086956,0,2
0.60068184172819605,-0.78276653409004915,-0.16265877820356225,0.79764523197503434,0.57295628850833491,0.18836978358072484,-0.054253192767963171,-0.24289430740016743,0.96853443227748848,8.8556878769989353,6.0098579116145743,-2.520935156153552,0.9309422866469204,0.9306396020993528,0.5362318840579711,1,2
-0.94452237363418501,0.32715272740387186,0.02913037343829477,-0.32811027712009627,-0.94385094045249263,-0.038588188025882389,0.01487049940722599,-0.046005381849899364,0.99883050268212514,-3.9921925734135213,-15.601305822476858,-0.55413313688727539,,0.2606803377912134,0.2954545454545455,0,5
-0.98112506745143924,0.1919263015600674,-0.023619838862332571,-0.19144203382886379,-0.98127248250703958,-0.021313440781347899,-0.027268107779540942,-0.016389321033707153,0.9994937921038719,-19.919366816715044,-1.0877057395281322,-1.8187913051461277,,0.4653567704113629,0.968,0,4
-0.10431401902035858,-0.95394997981652385,-0.28124370471865762,0.9896269715847763,-0.1276477389869731,0.065912911052845968,-0.098777743180167243,-0.27145071512075414,0.957370078241777,0.59604088432797298,-20.116976103230638,-0.19203487042751805,,0.5197102171960185,0.3043478260869565,0,4
-0.40155858487507667,-0.89802767902978864,-0.17971363501274967,0.91108771102363884,-0.41166169352480242,0.02130335433676871,-0.0931122211894444,-0.15518033954293869,0.9834882696222188,5.0985645656216407,-12.821209246721612,-0.87857622087733822,,0.2591526932925646,0.15,0,1
-0.39749963489842671,0.90013092196316413,0.17820876404195685,-0.90833563586371346,-0.41352450986837991,0.062640660582246946,0.13007848736697955,-0.13697373129129795,0.98199683505623314,8.627522306972697,15.914962732494322,-3.5053756616586149,,0.6529279840882931,0.8,0,2
-0.74456257332941211,-0.64617856210049862,-0.16757040394656608,0.66198218586840984,-0.74706959819575725,-0.060552465222415523,-0.086059049436800997,-0.15601372161884169,0.98399875948939719,1.1177364892970145,-11.573833988713977,-0.93811672566233661,,0.2299984593367047,0.2222222222222222,0,4
0.87985995857351185,0.47518234203994081,0.0069422699785961876,-0.46182107638230069,0.85149139847951905,0.24836201747547434,0.11210596196506327,-0.22172988100125643,0.96864240727063888,9.8460800979540739,-4.4814943704538575,-1.6480998854525484,,0.4850362308891356,0.3257575757575757,0,3
-0.81651549077141417,-0.56496020388330459,-0.11883779431835553,0.57248509027798944,-0.81892724218163893,-0.040236717338501905,-0.07458736313692485,-0.10088676841345834,0.99209807237962644,-6.5083558490148006,-22.776433508098524,0.082055406177594589,,0.5740925474573091,0.3333333333333333,0,1
0.97544601241792916,0.21954828440198124,-0.017424915325718257,-0.20975945954228237,0.95023547986485168,0.2303334581395973,0.067127088351062431,-0.2210228124474094,0.97295573917180178,17.723513246880135,-3.686974886422639,-1.9330314569150218,0.5934541994143212,0.4970716225617948,0.2,1,4
-0.92570147050292073,-0.37616754991952089,-0.039683269727612283,0.37348810756740258,-0.92559464352144138,0.06149137655099559,-0.059861682355661194,0.042101428383852751,0.99731842894513356,4.5879058734672258,-11.845124425879776,-0.94981021943335708,,0.08320503108829946,0.4117647058823529,0,1
-0.9866638578904291,0.16275304003761179,-0.002424766234195901,-0.16220352420682546,-0.98435723884589521,-0.068781124347974773,-0.013581173279977727,-0.067470543870649796,0.9976288274915367,-12.070712747364238,-10.681274057446206,-0.95546964955039249,,0.1297569829685823,0.3513513513513514,0,1
0.9052633119336585,0.42478574762855797,-0.0074434319068408319,-0.42027757301854435,0.89794476741169738,0.13062142357054776,0.062169909800054636,-0.11511847501422739,0.99140437714680973,-3.0938384849816694,-6.6951019044508682,-1.3960486285522564,0.6186654069814363,0.2414453138703213,0.2151898734177215,1,5
-0.9994499933419646,-0.0139416850984996,-0.030088872118483434,0.015190006314983689,-0.99901611920345124,-0.041666020686267784,-0.029478373715300713,-0.042100154254966826,0.99867842797109163,-6.0253886204712925,-27.209511638672438,0.46193820510907518,,0.3856073090579598,0.8695652173913043,0,5
0.38897378096273616,0.92059448357123153,0.034715911939221057,-0.91637439409868682,0.38276948804396294,0.11724115686408364,0.09464337041662986,-0.077416508838754894,0.99249650709481152,-9.336889862379838,-11.148119699165131,-0.93597517520692708,,0.3699254933153521,0.8989071038251366,1,4
0.99311141625542554,0.11631224294193085,-0.014183689398807367,-0.1109292401524872,0.97226072470448366,0.20592179796298066,0.037741470325577113,-0.20292990252531048,0.97846565401077501,-3.8121755186786515,5.9776308485007137,-2.4125756290869895,0.07408914654263267,0.1448222415441552,0.3846153846153846,1,5
-0.9336805610220863,-0.35560819891883505,-0.042230543818246681,0.35454716126329949,-0.93453542115130039,0.030657088147745301,-0.050367850952949246,0.013651207831725664,0.99863743376418534,15.985530036192296,-14.417762440436809,-1.0206938261759513,,0.1567691937340848,0.3333333333333333,0,4
-0.024070065083817212,-0.98096876842252378,-0.1926678679657246,0.99733021340635808,-0.036853311963903616,0.063041881508410516,-0.068942565905905182,-0.19063606368389036,0.97923685277333317,-5.4701545278907044,-18.189265208616138,-0.33138183052956482,,0.1698272048898754,0.2380952380952381,0,4
0.26213759227886063,0.96465980946621666,0.026745741994633858,-0.9604024719072265,0.25806920032948877,0.10501133174942032,0.09439795902841551,-0.053214094391429032,0.99411130437661233,-21.154510780122408,0.32082106322773735,-1.9462167066262066,,0.6630157088103115,0.9117647058823529,0,2
-0.20155821445831967,0.94069676327325591,0.27288071707541789,-0.9760592934388681,-0.21615443641393589,0.024197423627159789,0.081746815693288635,-0.26147057040094218,0.96174352035156163,7.6455963387437249,9.230819025261825,-2.8740259183451622,,0.4819361024100343,0.1176470588235294,0,1
0.50658280860833393,-0.85604998334894777,-0.10272431080692992,0.85961274228793916,0.49226258423527436,0.13690683495800934,-0.066631759084554196,-0.15765777548308957,0.98524323621683518,-30.333508692985681,-1.9087464409751502,-1.8555523003117866,,0.2400912089954855,0.5151515151515151,0,2
0.13430462445941088,0.98826724236753394,0.072733249013688939,-0.98663521082805328,0.12652632533510377,0.10267448442276191,0.092267158854606082,-0.085550842546792905,0.99205232963611045,2.7935340670425228,-6.7840542337683356,-1.3821827897705152,,0.1417195223407219,0.1111111111111111,0,1
0.65782143469089494,0.74929852546441023,0.076306485950236203,-0.75157805206154438,0.64645822799856845,0.13123334603798772,0.049003996985837538,-0.14367838804013586,0.98841040519088075,4.5837945529297137,-15.832750465536522,-0.62637498299305572,,0.1787648771295879,0.2777777777777778,0,4
0.92867458992060081,-0.35595230959184171,-0.10421832531776162,0.37031763119944,0.90554986751150346,0.20698862160209663,0.020696812765271688,-0.2308189566438035,0.97277656797191969,22.246003974006769,-16.81035485683315,-0.92555168860350512,,0.5178658064926615,0.5789473684210527,0,5
0.42862576448300227,-0.87918642809729375,-0.20811337936539046,0.89987246863496451,0.39486307632199796,0.18523685149111818,-0.080681436614480018,-0.26667278752630386,0.96040414939689545,17.241812154766059,5.7542279008475958,-2.7696450819596556,,0.4328920905510835,0.2666666666666667,0,2
0.68798066903197297,-0.71754959316915801,-0.10865164693226569,0.72484110362713994,0.67199089611829954,0.15176827740576837,-0.035888348121750721,-0.18316882070074048,0.98242618531480119,0.965145105018547,10.947639933738751,-2.9158460944183191,,0.3125780057215281,0.2222222222222222,0,2
-0.99979902163374978,0.010940624772274322,-0.016799377065520704,-0.0083376490039161078,-0.98897271027859435,-0.14786298364803907,-0.018231838889282183,-0.14769319907769979,0.98886516724825113,-13.60688800008351,9.7071324026792336,-2.7303585571320821,,0.2001359257794092,0.2075471698113208,0,3
0.14064654944520447,0.99005373597221624,0.0034854004955335756,-0.98594258897745612,0.13974006404467992,0.091596537823326274,0.0901984443856374,-0.016319141774167698,0.99579010149838598,11.607397329641881,-5.3277215220800098,-1.6151916404723672,0.1903655306640698,0.2260935487823554,0.7450980392156863,1,5
-0.70601882578758335,-0.7036533577740679,-0.080058539374659191,0.70329315666215919,-0.70991456811639886,0.037417132015763355,-0.083163413985358273,-0.02988742326445756,0.99608764097589009,-21.779991879171465,-1.2656220199641433,-1.8183759386733436,,0.1417646310132624,0.3846153846153846,0,1
0.99981505604833132,-0.0020512484827292813,-0.019121874351996079,0.0041209875662886562,0.99405099667880925,0.10883764727034625,0.018784865199141538,-0.10889631941221849,0.99387560612881642,-10.791365827954644,-10.257669357457097,-1.0030848040003395,,0.1889806960017273,0.8110236220472441,1,3
-0.38388243523007154,-0.91724390310185189,-0.10629157137003119,0.91839317702347889,-0.39121996157909317,0.059168522533312118,-0.095855351016790144,-0.074903697402287542,0.99257301383672292,19.730645587969597,-14.668217311824923,-1.0872299324663317,,0.1622469623907968,0.4,0,5
0.48559575566675472,0.85926709721812222,0.16080055260096615,-0.86868925107848471,0.4537194565894121,0.19879044185501163,0.097855746582076159,-0.2362175064438522,0.96676033354203872,-1.2559302765439706,-17.85674294217193,-0.3820667456291168,,0.1913275723316181,0.25,0,2
0.70905963106871428,0.70514266520915558,-0.0028742460625648197,-0.70024939591029267,0.70460712848225382,0.11480234326556392,0.082977244567231309,-0.079389018092696065,0.99338419591329763,-10.390057342513025,-16.922673364646364,-0.42287058468863309,,0.07347486317337976,0.4,0,1
0.14248521112553375,0.98760508591448448,0.065834329087150395,-0.98825713830262296,0.13823991425842819,0.065096502976219786,0.055188705406293247,-0.074336534635841015,0.99570491934805272,-12.140629724284953,-0.58934079319850019,-1.8384637746978467,0.1850421747602238,0.1852436557397975,0.5422222222222223,1,5
-0.57246187929226477,0.81959200921425912,0.023586758770580814,-0.81780341718393768,-0.57281106039015328,0.055543315862333825,0.059033614148575601,0.012507099057801294,0.99817764194241287,0.078725698071304695,-7.4925832466270768,-1.3169613338630386,0.4828732166858251,0.430724601013326,0.9152542372881356,1,5
0.80244841194609096,0.59096172551014015,0.082709039090501368,-0.59187165988348489,0.77060837825169215,0.23632745417125287,0.075924201622175058,-0.23859372655284755,0.96814696676571799,-12.376829818717759,6.9816611326849376,-2.4746733919816308,,0.3312762906324606,0.2777777777777778,0,1
0.42467544629440124,-0.88950371354884306,-0.16862357159504451,0.90231227801573888,0.40061248781763265,0.15919229738469071,-0.0740494311706687,-0.21975617895154914,0.9727404091307793,21.276778154454007,-14.629504789009316,-1.1312339262261113,,0.2992825122696551,0.5277777777777778,0,5
0.23125910400725747,0.95838405010367389,0.1673894839009811,-0.97118585811389258,0.21722528804224217,0.098036744308170817,0.057595623213410274,-0.18523818921011237,0.98100436158297277,-8.3097675090232634,-14.250633840361225,-0.64481784463084102,0.9398573839086668,0.3818119526218064,0.2181818181818182,1,3
-0.95143428396176932,-0.30544392111893964,-0.038429342352447854,0.30367049040844152,-0.95167479701872937,0.045818271185810298,-0.050567148992713931,0.031923216799795893,0.99821033438444307,-4.9649016690494268,-23.802608329529964,0.18153674274827991,,0.09577096269145188,0.5,0,2
-0.027596742364891073,-0.99579671085332422,-0.087334589164592982,0.99555103182547389,-0.035253477748417396,0.087380405915044965,-0.090091968799011241,-0.084534625807087246,0.99233932412132875,-23.587720288811347,0.052565201908358949,-1.9319664675565416,,0.7443779259081686,0.8777777777777778,1,4
0.54486272603664332,-0.83628812650418527,-0.061210940558332955,0.83617116911650491,0.53641740696774409,0.11434221197938192,-0.062788420224224095,-0.11348363304952802,0.99155387111120963,0.40723821832018647,-10.43669640381939,-1.0335708151288499,,0.1350055449278062,0.2784810126582278,1,5
0.9485357447481787,0.31660595272440073,-0.0063727258290279237,-0.31313137944867975,0.94074626582499044,0.13017373982836741,0.047208898944843029,-0.12147894482506444,0.99147071859163061,23.833783488092525,5.2277231865340061,-2.9225010728707979,0.2348218217874844,0.3017481221966694,0.6896551724137931,1,5
0.68961147468927264,0.70649189889035569,0.15907611630658619,-0.71860956475881321,0.64040160492265141,0.27108315670591265,0.089645453950751949,-0.30125567416198584,0.94932013113131231,-1.6969892944959142,-5.1472382615540564,-1.4991329384782364,,0.4699260456775785,0.3628318584070797,0,4
0.59450016653054993,0.78286573854455255,0.18355050369922957,-0.80120074177559641,0.55736858630266251,0.21775589631788661,0.068168345831352034,-0.27651671634109987,0.95858832780842573,0.15230538926652132,-3.570458569599503,-1.6353545749866016,0.611961513584024,0.510357757695042,0.5701559020044543,1,4
0.0065212647471709212,0.99671848869855129,0.08068288165759574,-0.99287135260065507,-0.0031488670398400042,0.11914932572747848,0.11901239553527465,-0.080884726140611402,0.9895926994405907,32.043890589473193,6.58451770272596,-3.2069413008759935,,0.392282057761916,0.55,1,5
0.1432102440375001,0.980324943211766,0.13584488109445889,-0.98538170041307049,0.12844008296677731,0.11191983550083424,0.092269878583241247,-0.14988712687998068,0.98438819512522557,6.3164026304494163,-11.666137906467032,-0.98626197171695851,,0.378769193496072,0.3333333333333333,0,2
-0.8990060183598535,0.43782705619248613,-0.0097799702751616997,-0.43777903890619363,-0.89786075286124434,0.04685703325871491,0.01173422545935931,0.046406220889663979,0.99885372833844299,-12.915561825865428,10.264860237198816,-2.7839499605823907,,0.1327156228618114,0.3428571428571429,0,2
-0.29171164941845823,-0.92474694690357628,-0.24443280832587655,0.95290945153426165,-0.30310618109963788,0.0094984291261732516,-0.082872738401925009,-0.23015153089151014,0.96961971001937619,-11.936964418595716,-34.579239753650832,1.1876923438133749,,0.4770973072857975,0.1304347826086956,0,2
-0.99726317345828308,0.053763492899020264,-0.050750859058842406,-0.051465235224263592,-0.99763522604353294,-0.045555299586106407,-0.05308005677488211,-0.042818717733786524,0.99767182228647189,19.731427656390185,-4.465952827155875,-1.9239324932428115,,0.5203750973436011,0.7906976744186046,0,2
-0.83448971788103588,0.55102139003056583,-0.0015292088186703067,-0.55050287967486622,-0.83357743145654495,0.04577384882210473,0.023947655845777252,0.039039640048189619,0.99895065758244517,9.7004034875601839,16.85419300331915,-3.5993216737075451,0.8151911437373272,0.8062178085899734,0.8695652173913043,1,4
0.11454358114953472,0.98101550021725503,0.15648755973216538,-0.98832046904002946,0.096595275500338362,0.11786434247689034,0.10051078794804034,-0.16816046231056156,0.98062206808819152,6.4858268618806862,-14.732485250850861,-0.73486800303305966,,0.1632062000272821,0.2692307692307692,0,2
-0.91472336931292031,0.40252520961709726,0.035420520260595209,-0.40365501630942507,-0.90622037961610125,-0.12580640435481907,-0.01854145196734043,-0.12937572875606254,0.99142227903541769,-9.5122132000124022,13.251289161432075,-3.0602656294909729,,0.3221270252887761,0.1904761904761905,0,2
-0.9654182413893394,0.26005804626494416,-0.018369315871208634,-0.26067047392278181,-0.96405075509920302,0.051546538366123808,-0.004303860777079305,0.054552306692916566,0.99850163876525244,11.55978319857771,-7.7805992367042984,-1.4463231566526018,0.7484838352761423,0.8489750408251632,0.90625,1,2
0.10917184847762258,0.99236979818215876,0.05730350038069576,-0.98878392219414357,0.10250499096638625,0.10862357956423545,0.1019208649411185,-0.068519416831161639,0.99242996065554789,3.8313669015452638,-22.99613904635012,0.019771789257124601,,0.1559082708607357,0.4545454545454545,0,4
-0.59104433329635619,0.80620846051168349,0.026353638793282962,-0.80474197198062047,-0.59157887418471899,0.049242198885541266,0.055289733323723451,0.0078964433589797951,0.99843912762434861,24.868231013219198,6.1792520952066194,-3.0495881949939028,,0.2412026782403285,0.2142857142857143,0,1
-0.36616175344443302,-0.90951547177845282,-0.19674139602563731,0.93039331462446362,-0.36171842649536523,-0.059397474995334279,-0.017142065704064721,-0.20479596316660034,0.97865456778889148,18.638311590442598,-21.370392412725174,-0.47748200198444846,,0.6130168771054025,0.35,0,2
0.62338318532394998,-0.75247886895182814,-0.21252989445332846,0.77851261700109309,0.57196819141955391,0.25839987069337611,-0.072880103083591247,-0.32653933880196051,0.94236964657681077,13.509895436943181,-12.952090906205823,-1.0757399364363205,,0.2690318254998191,0.3571428571428572,0,4
0.49976125508472297,0.86481770478068198,0.048259977351997684,-0.86132197714571967,0.49031332430501295,0.13310633228647004,0.091450202853417192,-0.10808876679304077,0.98992609769175655,-17.088170241535259,2.72617187039608,-2.1288158493079781,,0.0798050257019622,0.1944444444444444,0,1
-0.91892239458202585,-0.39013742439479254,-0.058089782425428262,0.39353715873135509,-0.91677556340843103,-0.068198761241000924,-0.026648403953865647,-0.085529856914134075,0.99597916953265653,3.4527819474433921,-3.819438404188237,-1.6238807267808146,0.4616382005854035,0.7263651677560421,0.3909348441926346,1,2
-0.025206536801673757,0.98520089103835728,0.16954006841951663,-0.9972026913318992,-0.036717280005551571,0.065104790525836342,0.070366347801239237,-0.16742474621818143,0.98337049551575173,0.97935032522645749,-8.7618589878168294,-1.2215543025187494,,0.4945847436108597,0.2676056338028169,0,4
-0.26254264229850799,0.96490643306726442,-0.0051900289330005147,-0.96171996271547311,-0.261230346275801,0.082785382158771917,0.078524354753581868,0.026726047407593236,0.99655388419317326,-2.9409689614985055,-8.0826031872245387,-1.2328034823599998,,0.07644997276867484,0.2676056338028169,0,2
-0.92913213685010321,0.36785337534326407,0.037381365958570723,-0.3681477876767742,-0.91097610670819418,-0.18598316976403526,-0.034361005530366695,-0.1865648071189972,0.9818415829672289,0.18341317228125789,-14.632254691665366,-0.66043928572432087,,0.4468532405079812,0.25,0,2
-0.90413475730545756,0.42637509574395083,0.027287696156685456,-0.42620904974228691,-0.90454605345758343,0.011928247653764127,0.029768885601910735,-0.00084551975108173975,0.99955645090528689,11.129722702472341,-12.438745410525513,-1.0403285188843268,,0.1246478857196127,0.2,0,4
-0.97569495305040999,-0.21259987284014004,-0.053109816986251154,0.21305559726037959,-0.97703545243682133,-0.0030061865541271518,-0.051251059188857528,-0.014248464827185047,0.99858415277936785,6.6308983511989439,-21.128746039569627,-0.18640645055442534,,0.4709979061364093,0.4,0,3
0.020097793267848479,-0.98303633195639084,-0.18230646932977387,0.99755663388385107,0.0075136428293683154,0.069457234077911684,-0.066909198919759619,-0.18325696501131322,0.98078542193221818,5.4440357049485799,-5.1840211622678503,-1.5267830489413952,0.616580534923528,0.2276460657405791,0.24,1,3
0.44565231201909611,-0.88447770584393626,-0.1381781627359466,0.89429039751368111,0.43288126531083321,0.11339530439006472,-0.040480880756936524,-0.17410628365438127,0.98389445586668689,4.4598987987504897,-10.83329591913933,-1.0370291058473053,1.006269962048819,0.4559085416022285,0.2333333333333333,1,2
-0.63460161541264892,0.76166343926719038,0.13095646222822638,-0.77115236499796413,-0.63524958602453441,-0.042213663827085711,0.051037434043111264,-0.12777624481621835,0.99048897600476238,29.106320214661107,5.1027763480251602,-3.0898975610066715,,0.4745640596165809,0.303030303030303,0,1
-0.86305254009784427,-0.49282729297311151,-0.11073198422974063,0.50294504302346477,-0.85873728943762462,-0.098064016986092517,-0.046761059962172072,-0.14032650152454568,0.98900044299337808,-9.7011702965871862,7.3555533996635463,-2.5449376016722534,,0.4436224089561434,0.3175675675675675,0,2
0.99947771210369141,-0.011857060809854058,-0.030061821583548577,0.017941429074739126,0.97731468089987328,0.21103108685768263,0.026877651138553567,-0.2114602199150708,0.97701697388671005,-2.9694480418627154,-0.25306511281833971,-1.8742106867208086,,0.2248738884356034,0.1345144356955381,0,1
-0.67582227658116167,0.71932924630132622,0.16071616562194763,-0.73558530688029977,-0.67204467928462563,-0.08526549916021095,0.04667447673483574,-0.1758447737659283,0.98331078950692841,-3.3548167922769836,19.088326657111701,-3.6474392275686429,,0.3079823466869587,0.5,0,1
0.71626121533005005,0.67574714236304445,0.17417138399317772,-0.69690040272330678,0.67977239097432496,0.2285592377331159,0.036051353622479076,-0.28508822504135267,0.95782305455901329,26.761796372004412,9.3748796932675234,-3.3488961171241112,,0.3137615951520391,0.2941176470588235,0,2
0.55954108144450876,-0.80811212960162815,-0.18403413859018408,0.82660191352963441,0.52795316765738831,0.19492236739193686,-0.060357722994302573,-0.26119004336163226,0.96339851905828278,-8.0048153751714128,-27.408522936834473,0.49944129562391026,,0.5449146134261296,0.4,0,2
-0.61123049510202931,-0.7828267575079203,-0.11653132448815222,0.78655353032687458,-0.6171836016838026,0.020443721357415345,-0.087925114658202602,-0.079162298742801729,0.99297658817823953,9.1025167146792416,-6.7914623191225711,-1.4863488506056823,,0.07357154351475342,0.1428571428571428,0,1
0.81863118304859372,-0.55739978571994353,-0.13837797881101152,0.57338707479683637,0.80694845661523484,0.14163845107250414,0.032714654153562901,-0.1952937972533989,0.98019900232450841,-0.71900169088935539,4.6008513178435981,-2.330386893555223,,0.7322522299978891,0.281496062992126,0,2
0.14547473430344168,0.97277706827176191,0.18039367262723352,-0.98631830937094322,0.12830492667947901,0.10350863920186087,0.077545433643706585,-0.19298347399290966,0.97813295849114523,-0.25059996657713063,-16.090587275584255,-0.53935931036621065,,0.2194221123390053,0.3,0,3
0.86140638641084966,-0.4949447716644953,-0.11405573397502135,0.50717144704379802,0.85033334376935665,0.14039347483955164,0.02749837729940121,-0.17878164748095496,0.9835044289528615,9.0338613098392901,-9.9378114681648242,-1.1822776776847503,,0.7918909968786163,0.5294117647058824,0,2
-0.99868204153432094,-0.033670384569150384,-0.038736095825561694,0.040082272780888405,-0.98305117421368471,-0.17889606000640548,-0.03205606534745075,-0.18021291318899005,0.98310513913537168,-0.030536358036880339,-32.100641777404924,0.9089694263982615,,0.3791423595189774,0.3571428571428572,0,1
-0.83423621912946455,0.544199777594496,0.088862437276261863,-0.5508127833827684,-0.82992537372274533,-0.088482493823865818,0.025597038006461462,-0.12276186752108244,0.99210600014717842,14.970601007959759,7.567103044371966,-2.9064332990454766,,0.4521792808108881,0.2307692307692308,0,1
0.49748544576451598,-0.86382512412573453,-0.079463112081266468,0.86515448934195194,0.48737827927745686,0.11819527257894837,-0.063371451174385793,-0.12754829602038698,0.98980578466603664,-13.299038908775477,1.0584576088265112,-1.9118564000106137,,0.1264974810417027,0.5714285714285714,0,1
0.63423936010953441,0.77284081021585249,0.02138962722332954,-0.76838629603168274,0.627038867684517,0.12808106215842741,0.085574144217515538,-0.097669547341143151,0.99153301778791847,0.54148029561701316,9.9078286374582891,-2.8186963942460044,,0.06901188338003876,0.2727272727272727,0,3
0.9775400795968674,-0.19656847319850934,-0.076001500815162021,0.21055790312910588,0.92631083611015996,0.31243175948480506,0.0089867798250676985,-0.32141728368167127,0.94689501400053455,-20.079026131464282,1.1591419157982221,-1.9727064386292508,,0.7043032892765289,0.2758620689655172,0,1
-0.99804476687622667,0.05644947103417837,-0.026834688948073136,-0.057958432340201628,-0.99655942565538236,0.059246360715923478,-0.023397936482618596,0.060685816772755953,0.99788264250410696,8.842618922388489,-12.536333322941712,-0.96986460592252832,,0.5371956750629157,0.6538461538461539,0,2
0.83495425747140706,0.55024822676692575,-0.0088474216710027285,-0.54522586786235638,0.82930169930240061,0.12242321899007345,0.074700340990594402,-0.097393944750199635,0.99243855153953198,16.633065082225983,-1.2411898192252759,-2.1234384693832533,,0.07384467221454688,0.2903225806451613,0,3
-0.83802558521722736,0.54505297086547999,-0.02510731909300817,-0.54549994614471176,-0.83592869471353526,0.060440268949122189,0.011955219673453126,0.064346532969848783,0.99785599984031781,23.59487211458206,-2.3370222534572274,-2.3057126873951814,,0.117590768881425,0.3333333333333333,0,2
-0.86882479928608103,-0.48969292572723327,-0.073104764811898121,0.49032832644376634,-0.87147787208962557,0.010220114725071812,-0.068713902758873915,-0.026965847860591891,0.99727190004371602,-16.532692874897908,24.26186388800561,-4.0167189156437733,,0.7243672253210487,0.1428571428571428,0,1
0.70457465673080988,0.69915668075892545,0.12146805688255659,-0.70491291839928782,0.66985863091369535,0.23321061739172555,0.081684334890242336,-0.24993869316412884,0.96480999118632027,15.183242226461013,-4.088400356508429,-1.8047393720153526,,0.4883745260954435,0.1578947368421053,0,2
