axis_00,axis_01,axis_02,axis_10,axis_11,axis_12,axis_20,axis_21,axis_22,location_x,location_y,location_z,dbh,dbh_approximation,score,reconstructed,number_clusters
0.18010599061161184,-0.98240991663072086,0.049321271794542876,0.96320855141743777,0.18631013344864347,0.19369517456733654,-0.19947711302836804,0.012621009467148107,0.97982120384175142,-19.348970986290333,11.165353607383157,-3.5775301799048145,,0.1490496059229839,0.4146341463414634,1,2
0.5622573349601464,0.81660450552721742,0.13047517325591315,-0.82058309059424706,0.53137244393968663,0.21044409531359351,0.10251868470823121,-0.22538945710527741,0.96885990313949988,-1.3754399237641697,-10.858880843512155,0.62107772116435389,0.3249134292528367,0.1065212661626881,0.3076923076923077,1,5
0.84912682289738561,-0.52365941709061192,0.069025021032325898,0.49470497281441328,0.83426607994065105,0.2434483471563342,-0.18506925327801835,-0.17257150040716676,0.96745462360688372,2.3226048098009935,7.8690730150058661,-3.3512510855019437,0.4135640902866952,0.3718273548257135,0.7811320754716982,1,5
0.95168394326531902,-0.29408673074327718,0.088377977639820304,0.26925658338311381,0.93753442674126819,0.22029546291236865,-0.14764336908857686,-0.18585530252229462,0.9714212485263648,-8.6788298352272015,-4.8361100842663198,-0.30742125827956529,0.07444849336546158,0.1008877444949999,0.635036496350365,1,5
0.95569244683156152,-0.28414498722317949,0.076899761410823456,0.24970063885417706,0.92087229364529821,0.29940576105389766,-0.15588950582036729,-0.26693790482504909,0.95102188037010738,-13.991168176221521,12.954978142597561,-3.9763821542481463,,0.5819922898729037,0.5600000000000001,0,2
-0.47708443621403995,0.86820736348914518,0.13640533239415403,-0.86212182194682174,-0.49247308459442696,0.11923181233691064,0.17069389223233883,-0.060714371719376554,0.98345175795322937,-7.137861506383901,-5.5734230321263967,-0.18829498790024835,0.30633966467768,0.2301499940263438,0.4923076923076923,1,5
-0.75827737516793925,0.6256496478461766,0.18324284558577436,-0.62848659951569108,-0.77623832578708685,0.049584834460352382,0.17326285388859394,-0.077566614785049476,0.98181637984562298,15.432661360755242,-10.783023999277749,-0.58794838695894158,,0.2045525543280302,0.1052631578947368,0,5
0.93459232274592929,-0.35369116867700795,0.037944004325588435,0.30107660090957433,0.84332014419645773,0.44515616897579036,-0.18944674884807325,-0.40461548610051712,0.89464866722000824,0.076137865417816919,-15.09385612869462,1.3464276173886778,,0.5571815588809161,0.2142857142857143,0,4
-0.99159543271731287,0.035849147515063753,0.12431144933838466,-0.029184366249532256,-0.99805827999861052,0.055026743432902293,0.12604273315340211,0.050936316598871809,0.99071626668313162,-8.3394688334264249,-15.615861890775312,1.8466374263926413,,0.1528034986805541,0.2941176470588235,0,5
-0.93800267720507913,-0.34500322115471727,0.033522454399603989,0.34611477656188355,-0.93748433291620514,0.036437439292242385,0.01885574187407351,0.045781032420945847,0.99877352691631305,-1.7733027000057433,8.628087075556957,-3.3109475932698533,0.3182049315926774,0.1904157552879581,0.2054794520547945,1,5
0.98860329518115053,-0.10787509826828502,0.10500708514466256,0.076331962668633277,0.96039383518802501,0.26798715045313526,-0.1297572974137676,-0.25691758310097201,0.95768282811243421,-15.865341672533599,11.234390088664226,-3.5216700255404776,0.4067162073903415,0.1534732545317854,0.375,1,3
-0.77138868089946755,0.60806393686594384,0.18766393277150684,-0.60639416434774551,-0.79180481630142718,0.073015411570866787,0.19299124442621482,-0.057475051674206662,0.97951569564242769,-14.56274569906588,17.501203468735504,-4.8227571176340742,0.2869997213659856,0.2673987217663412,0.375,1,5
-0.5474876356418561,0.82733227626575423,0.12561287142732092,-0.81005480458894397,-0.56163214105491699,0.16846528335665695,0.20992499227500047,-0.0095206503452431087,0.97767113838721131,-9.2958542745373478,11.624173334049503,-3.6855911334188947,0.1568186242259393,0.1487927370010416,0.5333333333333333,1,5
0.19569016130085287,0.97241079035087497,0.12697486199729596,-0.96724356950242163,0.17003833320408482,0.18848565594599234,0.16169489177540672,-0.15970040717031028,0.97383291273368688,7.0668484764996808,-4.639382442296629,-1.129608127505026,0.345207046231869,0.2665645733594578,0.9018691588785047,1,5
0.87339784528677833,-0.48021689492399589,0.081042813857668775,0.45428274845695826,0.86332097300555566,0.21978189648634183,-0.17550894080588889,-0.15514068260226532,0.97217692849547632,-8.3728081356434529,16.184545455609545,-4.6735883805812,,0.1090958277479874,0.3793103448275862,0,5
-0.70882120632954637,-0.70403376609850987,-0.043691574138218649,0.68885521076177603,-0.70421036883543486,0.17194840805023701,-0.15182554483312746,0.091783509509117706,0.98413657147690359,-14.031956942745538,-9.9861958409985814,0.92098481013040867,,0.1804312400075653,0.2142857142857143,0,2
0.46653089312080681,-0.87228891648292239,-0.14649563797244006,0.86371716419999478,0.41357801210674061,0.28800327805106224,-0.19063469261974042,-0.26089322352810695,0.94635782867100104,-14.492669614537755,14.66004474274451,-4.2631231132562304,,0.4906165569923071,0.3770491803278688,0,4
-0.98123798096842685,-0.18155674624614193,0.064878136513917481,0.18504960638163329,-0.98132071366603824,0.052595628221166361,0.05411716809855345,0.063614501668177684,0.99650616018893801,-10.233735030532701,13.464709599262097,-4.072052900554386,,0.3721244480697149,0.2941176470588235,0,2
0.65308583161837985,-0.7556388986726883,-0.04988738670300602,0.73554037131666838,0.61728352015560728,0.27917990240638696,-0.18016453231051532,-0.21902262567376066,0.95894203721617333,-0.027651061001904158,-5.4613955886832954,-0.5312519846778837,,0.7376486234898796,0.3341121495327103,0,5
-0.46388623310673777,0.86566846585858093,0.18822239492709514,-0.86083724119806126,-0.49064878687737029,0.13499263721505478,0.20920995889429311,-0.099407621205896385,0.97280487146479322,11.184291242250662,19.233614951686775,-6.1693750070302347,,0.1230013693702628,0.3846153846153846,0,1
0.38219096554552695,0.89324286299689537,0.23674301164023423,-0.91474164564533256,0.32936486147104638,0.23402245565378654,0.13106405906062821,-0.30599996034847587,0.94296672088111588,-10.689534869981163,4.4339636847107808,-2.2232637236383819,0.4424591725103065,0.3316362431836206,0.3725961538461539,1,5
-0.68280027492201767,0.70903835416545535,0.17620555294530443,-0.68972746140601482,-0.70511066672434697,0.16460551829742157,0.24095604069795126,-0.0091411155714472159,0.97049298114786897,-3.7593592922266845,12.514655838090215,-3.9799660726209956,0.3319777097812831,0.1804552503068415,0.2857142857142857,1,5
0.9355642001991098,-0.3509085092157902,0.03978499045809069,0.31945989507918954,0.8889335098576423,0.32824166476571132,-0.15054900445300837,-0.2943814416910891,0.94375556371662417,-6.9449938267790383,15.701548007174168,-4.5963411508795167,0.4054577819371648,0.2408628917185198,0.2857142857142857,1,4
0.96316198590070323,0.24480073674612721,0.11131751077151258,-0.2645559118973882,0.93682252761616458,0.22885305597916172,-0.048261355098606566,-0.24987226944863924,0.9670753282783261,1.5885046218629684,14.874624308614305,-4.6927385655403233,,0.08003260544282226,0.4615384615384616,0,1
-0.067394576359053118,0.98489865527877152,0.15947604806820298,-0.98265873411986426,-0.093197278613705123,0.16029996730176374,0.17274195592076308,-0.14590718313046641,0.97410025694258129,11.312651395649381,7.8770723854369704,-3.9669760416015798,,0.1152369435075181,0.25,0,2
-0.85933011102255752,-0.50676608168056425,0.068846922575284006,0.5113698735890273,-0.84951308757685651,0.12972419366170504,-0.0072534595540187305,0.1466821478359413,0.98915708299073224,-8.9466658306053777,4.4133761911997231,-2.2614643495244566,,0.07329588661716399,0.3247863247863248,0,5
-0.087032098144563474,-0.99451912952754418,0.057940615256739506,0.98010866613045255,-0.075067688289160772,0.1837167514161559,-0.17836035565264866,0.072777353474111975,0.98127011589712831,3.2368336583525665,11.976279631845786,-4.2480734693811515,,0.0742344242576029,0.2258064516129032,0,8
0.40208500167816774,0.89074488675399943,0.21189902818812645,-0.90377602854450445,0.34903966264903702,0.24770991931323696,0.14668517871206929,-0.29110970547106657,0.94537748953883893,-18.638870138519522,6.7427318413481121,-2.5585874662109838,,0.1196815560323431,0.24,0,2
0.68225848421153812,-0.73054284287711857,0.028818664826672526,0.70241252784339026,0.66590368559828039,0.25137406834294951,-0.20282998163494817,-0.15125949962777388,0.9674608841303729,3.2366802237853376,13.280372772662698,-4.4835212356895813,,0.1022773764338699,0.3333333333333333,0,4
-0.63796671840184338,-0.77006390213421316,0.00022987260179440326,0.76379186086896778,-0.63273250844500639,0.12756004871122606,-0.0980839409990409,0.081554640497767533,0.99183082283793622,-11.42638233326795,13.357935929863531,-4.0135594763270337,,0.2043701671147369,0.1,0,4
-0.99051897599552985,-0.10133725712380828,0.092751919179015221,0.11284575752477471,-0.98524718143600498,0.12866167448416246,0.078345345754723517,0.13790849064155544,0.98734150880409244,7.6691411859569252,0.68703324874390048,-2.2388284271277024,,0.08078482080996408,0.3380281690140845,0,5
0.37038359490154099,-0.92810517052721508,0.037904947809737827,0.9049175011385483,0.36973754357108546,0.21075688602554402,-0.20961943793688517,-0.043760042443620334,0.97680333226517813,-9.467089088379165,6.1284013123492258,-2.6195900715845659,0.7212493340974901,0.4797225050381541,0.6880733944954128,1,6
-0.90778792473003511,0.40698251441644961,0.10142148033626885,-0.39331622099554919,-0.90999625344820545,0.1311837223591788,0.14568264830142347,0.079196285705164446,0.98615643501139827,-14.439401076548403,18.524824231083969,-5.0470852514426721,,0.1100536601489338,0.2941176470588235,0,2
-0.53582250925301089,-0.83756786612912359,-0.10665040180755771,0.83758186588005523,-0.54322087016388987,0.058031923690946181,-0.106540398566424,-0.058233631573969824,0.99260162584342726,10.142951172070724,5.1115619704439528,-3.2414149860427792,,0.2888082877217958,0.1333333333333333,0,2
0.87115151280028635,0.47548424944850992,0.1225143676152291,-0.49100165392678902,0.84178588817371669,0.22430758862050346,0.0035238596637984106,-0.25556065228820807,0.96678660283182216,12.986093597483395,-10.51628520219565,-0.39441866747030568,,0.1370575215145449,0.4137931034482759,0,4
0.56191250817613125,-0.82239273390317746,0.089019797677071993,0.80041949195937467,0.56772503111085881,0.19239783247654069,-0.20876534685312592,-0.036857567383535808,0.97727097044773736,-4.1428896527884946,4.1215894358419973,-2.2706805079041352,,0.09246674381466702,0.5016835016835017,0,5
0.7290652310450928,0.66206783570583339,0.17358015383378084,-0.68370680313667809,0.69270104563137136,0.22958717021172789,0.031763126826391236,-0.28606195536106954,0.95768453128846798,2.0139105147226593,13.801906399736788,-4.5012776928957505,,0.1709118015128236,0.1739130434782609,0,4
0.93194714324409789,-0.3575134952824392,0.060486551315963304,0.32778251801695996,0.90199065176968962,0.28101865596887465,-0.15502626577979214,-0.24206809953198019,0.95779428485836626,1.599995798842434,3.2724518079755915,-2.3917333226227395,,0.07530081167960073,0.4655172413793103,0,4
0.32004546647164234,-0.94588462543392293,-0.053602003308413519,0.92718553113212343,0.30108857278676343,0.22287364625830369,-0.19467380473548673,-0.12102870198823196,0.97337257154948265,-10.153959606993487,-13.158328290130788,1.3449294281613242,,0.08524739125902647,0.2857142857142857,0,5
-0.047495394368503266,-0.99818927739842933,0.03691007993192981,0.98271043122086044,-0.040074914721184234,0.18076008845926281,-0.17895361377600361,0.044857192253761349,0.98283438911121646,-1.2329372249972659,-19.271274229046277,2.2540002890471249,0.3930869237270782,0.3568773740396287,0.8076923076923077,1,5
0.99518437510895874,-0.020679950542202279,0.095814399672300044,-0.0027506314892573993,0.97121462041577822,0.2381902498362318,-0.097982108394346623,-0.23730676504518008,0.96648073219200314,14.723290460587247,-13.556839336737406,0.027744862101712418,,0.1375727728904568,0.2903225806451613,1,5
0.7234767135950293,-0.68465665616234583,-0.088468684054478511,0.66131819832694683,0.65056677734021484,0.37339136141958201,-0.19809009426858529,-0.32864590579187669,0.92344582037004219,-13.678099664575146,-7.1030206400755942,0.24123733203977107,,0.2965025126649845,0.1851851851851852,0,1
0.99166637909565403,-0.10259754338519797,0.07792006585365234,0.067673308880397617,0.92948565250193882,0.3625972215257921,-0.10962716741982073,-0.35430236505613177,0.92868278668183524,-10.812420646966055,-5.4276075950254485,-0.17339817601247973,,0.4044144642376737,0.4124293785310734,0,4
-0.53839001741226744,0.83133476106177018,0.13790831810005705,-0.81653878024178195,-0.5551027015030412,0.15850997175347609,0.20832812943066656,-0.027267303394244182,0.97767882489779079,-7.4076842371621989,5.2818602143312825,-2.4230056981569845,,0.06584972567985402,0.1678832116788321,0,5
0.99325683032831713,-0.10200519946191736,0.055098169560137564,0.069073494231647187,0.90236788120658251,0.42539518022818812,-0.093111338733657012,-0.41872084525310715,0.90332891703396079,9.9234455876989305,14.3655696778416,-5.1774835735730322,,0.3555891909827871,0.1666666666666667,0,4
0.81539674150396013,-0.57810826443966834,0.030314823622751057,0.54730072237206628,0.78689229823849949,0.28506565956626101,-0.18865331493440182,-0.2158502850576931,0.9580284866353268,-0.77838035460411537,2.8723671646065365,-2.1345345382144791,,0.07203104626633228,0.2164948453608248,0,5
0.051887619926649267,0.99186954827870522,0.11620014671136958,-0.98241298833522228,0.02979841733404346,0.18432789988128329,0.17936665032442853,-0.12372086938662533,0.97597169591623478,7.9402629866761645,-7.7320763105626247,-0.54615977940640337,,0.07149776272376329,0.175,0,5
0.86011982084546035,-0.50582429882491475,0.065845823763211075,0.47669169283214546,0.8430177085385353,0.24917097157425952,-0.18154592744976711,-0.18292873423472933,0.96621848172019731,4.0643526018847238,-13.309330716176344,0.71298995089378991,,0.1287835738259478,0.5,1,5
0.63778881295333467,-0.76067303988409662,-0.12083855537478035,0.74252561017301377,0.56556224341878669,0.35888029627760754,-0.20464884145474699,-0.31861556021732074,0.92552848496339291,-13.579121916302459,11.525279509572139,-3.5910522866670784,,0.7124922390585646,0.3968253968253968,0,1
-0.53319994547267091,-0.84506978820876533,-0.039431855202793895,0.83831342803254316,-0.53405241995316033,0.10962941723141978,-0.11370318609550101,0.025398145581256651,0.99319007227859768,-20.752270272265388,21.468866592680978,-5.6739022351258912,,0.3017429383934129,0.5384615384615384,0,5
-0.9828371130876925,-0.17091432415585944,0.069422639936807432,0.17387984491233982,-0.98398837478233436,0.039149429452818664,0.061619872368502249,0.050548710088055941,0.99681884976043822,-20.67179686982017,23.088739099864831,-6.0339827271666673,,0.3295395366521384,0.4166666666666667,0,2
-0.54245295546944672,-0.83982109083004786,-0.021102760470844677,0.8371429984471922,-0.54248279465550397,0.070028691645625515,-0.070259456682399885,0.020321242574752353,0.99732174138886154,8.9404946049077001,-4.7265689455008726,-1.2059834655662869,,0.1532478042772738,0.28125,0,3
-0.54590497713609898,-0.83473440533826393,0.072154199341476488,0.83287497206288952,-0.53128111876253048,0.15511174603386679,-0.091142947337005412,0.14477170093291084,0.98525840151693989,-5.3745362985210869,-15.909228144226606,1.7643413707715729,0.1893151364866569,0.2017495657820213,0.3043478260869565,1,5
-0.28910747050775487,-0.95729062512001373,-0.0033955196865374311,0.94612657327125393,-0.28627253302277544,0.1513028227982518,-0.14581281784055491,0.040530184974386929,0.98848162666755712,-11.822959195118727,-1.8241627682136234,-0.82081608400091532,,0.5217470399371206,0.9588607594936709,0,3
0.63239877410475687,-0.7740528070915188,0.030233133224011804,0.74559801090702249,0.61881039416977313,0.24730002466425696,-0.21013185537250789,-0.13385046843844209,0.96846716798067944,-15.172328073549654,9.2857817554209419,-3.103190531999624,0.191916360662164,0.1670390932754681,0.3783783783783784,1,5
-0.97255566291592577,-0.22214591426434074,0.06918580277647024,0.22496719764961703,-0.97370183867126037,0.035979012630771495,0.059373752718205233,0.050556128647942074,0.99695478099274415,-1.2988770236560141,12.918687534891387,-4.1839483741911208,0.8266458692316569,0.6365675013221455,0.7908496732026143,1,4
-0.93912807432583756,-0.34338048000692961,0.011327222221482204,0.34214636551690925,-0.93773106405119044,-0.059969292783828364,0.031214172688281843,-0.052443278536276491,0.99813595164173574,-19.565807371361522,9.9145462682571139,-3.2160776189435816,,0.131469566261092,0.2258064516129032,0,1
0.65115104426118409,-0.75529338964446979,0.074392292053250042,0.73108828910779444,0.65054197396289681,0.20568192346897118,-0.2037455056854193,-0.079542665732451681,0.97578723769127473,8.6560924615458177,2.2993131607820656,-2.605676541434518,,0.07209580566483481,0.2666666666666667,0,4
-0.90681950437594161,0.37469326354103527,0.19308895551102734,-0.38883482452551471,-0.92043941901898507,-0.039984436374739606,0.16274478707345258,-0.11133837691003794,0.98036620714274669,-6.4678315859465405,-6.6711369068921558,0.0097895395178439655,0.5479257726677225,0.4390623945433716,0.5360824742268041,1,3
0.97359044993295374,-0.20899116101434206,0.091893037914888134,0.18361341296380534,0.9559898432290882,0.22884390798666199,-0.13567516493129025,-0.20592744902198468,0.96911616195385286,5.1865855757672144,7.6224619555506106,-3.4706904883546272,,0.09481782487710501,0.3928571428571428,0,3
-0.97686146669949303,-0.1921005580708175,0.094016224485968178,0.20470510713372947,-0.96712981238469109,0.15085007494237798,0.061947509966775942,0.16660522676564871,0.98407581233525054,-8.2561652460495001,-7.2879650616985163,0.18315642529150877,,0.09091789358453398,0.5288461538461539,0,5
0.15366977702682427,-0.98797759134569108,0.016907945685176402,0.96927129128531142,0.15404246949007142,0.19179176594292568,-0.19209050866357685,-0.013084211560777449,0.98128998766379016,-8.4031769234782629,-9.972977665229255,0.72898543952213157,,0.1214703971670037,0.3548387096774194,0,5
0.94414085114866864,-0.32882117742678701,0.021787300611318162,0.28520875178732569,0.84845790919078545,0.44584206198553766,-0.16508791929206121,-0.41472377506873387,0.8948464501223411,2.8247205704802916,14.653968320564493,-4.7026471168692074,,0.3092370939549942,0.35,0,3
-0.81139286785684406,0.55510371782074841,0.18303408549400912,-0.5569989693075087,-0.82925157253661508,0.04576000039252591,0.1771828495690784,-0.064820459016683554,0.98204101030020496,-15.855967025743006,-11.259564663795176,1.2747190322781037,,0.2318349591238637,0.1304347826086956,0,2
-0.97111416406508044,0.20402538802052556,0.1237373080168416,-0.20345831824224223,-0.97893008561706663,0.017337826040261069,0.12466753021624864,-0.0083383761511349793,0.99216353409755187,6.1499068228632687,9.2388484321665434,-3.9140940022098922,,0.2269304878471138,0.2258064516129032,0,5
0.99274100411607591,0.057568045823065787,0.10559933165848127,-0.085036352009341828,0.956872466358343,0.27778391235318972,-0.085053615934584714,-0.28474726201565964,0.95482190967270797,-8.8116740749208944,-8.7163402164435428,0.48269620833401428,,0.0711017265332147,0.4,0,1
0.35793017365924656,-0.93095951946740219,-0.072113548638838898,0.91034599816749573,0.33073500647799342,0.24876599267269062,-0.20774059402218178,-0.15468913537487514,0.96587531130694404,12.216977995926278,-7.7743076039638996,-0.8019179840292181,,0.7711643225620624,0.3181818181818182,0,1
-0.12764087510239328,0.98348190106024169,0.12834000658418715,-0.97177943591040794,-0.14989136649764825,0.18214638670892924,0.19837473363497263,-0.10146885500685264,0.97485975223046983,7.693439384563618,5.8967813126423669,-3.3505811351555175,0.3012393195834941,0.09954022649147966,0.1764705882352941,1,5
-0.92804375845249876,-0.36190171186191261,0.08810183510448294,0.37160611721596382,-0.91572619397774402,0.15282156690307633,0.02537077147103976,0.17456428218410897,0.98431886873132313,5.3704657672124192,10.390436338753352,-4.055098144132999,,0.07194105367031775,0.2571428571428571,0,5
-0.6666089102506122,-0.74226610345508892,0.068363677754272906,0.74231602208025071,-0.65270197006925623,0.15148287570106575,-0.067819496735408005,0.15172728801804436,0.98609297022808429,-6.7394876751183981,-7.6626532724551497,0.23680084882153593,,0.07664244541384321,0.32,0,5
-0.95486629836790271,-0.28921841613916566,0.067698301360761395,0.29186779298622262,-0.95588926864029755,0.032998447170584082,0.05516832115020031,0.05126805890874607,0.99715998840567144,-8.330241041176631,14.994949162800204,-4.4296921160245741,,0.1923112690274008,0.2962962962962963,0,6
0.86515541728333534,0.48904731663877293,0.1110802684265537,-0.50141238658314746,0.83928267044844018,0.21021469421981284,0.0095771878070721721,-0.23756540399088572,0.97132433115842265,-19.663791940921264,6.6513431642702434,-2.5477303835392706,0.389563297474011,0.308451034218801,0.8245614035087719,1,2
0.25276693377142068,-0.96551822311512037,0.062317236976747299,0.94599642721211541,0.26014112061273942,0.1934356664843965,-0.20297693685172416,0.010057743234441582,0.97913186288023679,4.0423224402508584,6.89551729645133,-3.2582119587798091,0.3569971693680904,0.2645627069120431,0.3768115942028986,1,2
0.80913086272164469,-0.58224989645680714,0.079324051001973733,0.55677547255901882,0.80279643516409771,0.21335172097852401,-0.18790508281578683,-0.12846377607658124,0.97374983342136601,0.69120337983037405,-11.747001933364587,0.72452704634690224,0.3712081227166382,0.2994052818159973,0.8064516129032258,1,5
-0.44585618310688857,0.86787701265473904,0.21909302793754365,-0.87391732148865786,-0.47500166322368731,0.10315975541275811,0.19359953302486524,-0.14547477733344541,0.97023518281514509,4.6438558206654088,26.185759198083264,-6.9843097842337549,,0.5360934847844939,0.1333333333333333,0,5
-0.95594580267586027,-0.27617544185894594,0.099472346209493259,0.2851498999229452,-0.95412434911407829,0.091303127008726351,0.069693306137244476,0.11564537060191053,0.99084256637369383,6.7943365065351902,17.113176871957595,-5.4612428407197759,,0.1260970838504379,0.2941176470588235,0,4
0.75539082392475698,-0.65420452812157948,0.037431784829171803,0.62570341524302142,0.73709061924305375,0.25532852401780404,-0.19462769403015392,-0.16945162852304652,0.96612949769034162,-2.3368719564560889,-4.2990855653302544,-0.63028150694023111,0.4548527211574264,0.3777002929207308,0.9552117263843648,1,5
-0.54001032955553685,0.81064905249133312,0.22635582092851664,-0.81151145133317337,-0.57281953976652789,0.11544236318089007,0.2232442794976966,-0.12135027217343003,0.96717945755427803,12.821028257051799,-0.039123554401306417,-2.2501972728258566,,0.1686314469534521,0.1428571428571428,0,3
-0.30945080846654988,-0.94626701380475808,-0.09390918871136307,0.93959628878439849,-0.31946478871327089,0.12288638197527478,-0.14628400883892431,-0.050209434944172321,0.98796761151396217,12.016260107676185,9.3921315136308809,-4.2645148857508302,,0.3642882749614023,0.3076923076923077,0,5
0.24575749603097458,-0.96630473837602615,0.076540222998258675,0.9475471054480461,0.25613051859815472,0.19118483307958273,-0.20434709712059307,0.02554036089560989,0.97856525273673334,2.1031410125626695,-8.6414966641490043,0.088887469244069817,0.5639874080612195,0.533261188463818,0.8860294117647058,1,5
-0.66910915590742337,-0.73597366284759247,-0.10312955481118496,0.73975587101853124,-0.67287139670503637,0.0023097163955267978,-0.071092818023125753,-0.074745241259304943,0.99466525029007569,5.5725821790764822,13.373121533266412,-4.6561008541315072,,0.3818322892758014,0.5,0,1
0.25524407054252762,-0.96390478088292131,-0.075749837253477323,0.93962748637511029,0.22881953547935788,0.25444411376843257,-0.22792685515593247,-0.13612198049564933,0.96411625602137263,-13.269685314392591,15.110772520577488,-4.4053883715314841,,0.2006166127934824,0.2,0,2
0.74441947026445843,0.61189709093343603,0.26724820373274921,-0.66587315304446926,0.65062741803650792,0.3650984893884997,0.049523694791481755,-0.44973982812993751,0.89178556315285507,-7.6308664366960581,-2.6079233848773273,-0.66520428383237129,,0.2776928966036848,0.2028985507246377,0,1
-0.74510132038686416,-0.66615713681352651,0.032537538784539508,0.66450647343202252,-0.73731274297816052,0.12165963097493568,-0.057054089465066321,0.11227015682907528,0.99203842806661824,-13.008335371640074,4.8547907521962053,-2.290484950606404,,0.1360144062872255,0.2317073170731707,0,5
0.62165706964680512,-0.78113604332831232,0.058042825323530292,0.7553373845597019,0.61744380842870816,0.21961006106179162,-0.20738351729261967,-0.092680231152298287,0.97385956457227452,-2.6157832727499195,-13.961652429547959,1.2865391028797093,,0.09515351498378262,0.3,0,5
0.68565682823322116,-0.72395057537417429,0.075962347992690027,0.69962561902278497,0.68421706495998258,0.20584217552419554,-0.20099429619804018,-0.087991888449735933,0.97563247202156278,11.175408447987254,10.917118278087447,-4.5390751420412414,,0.1028647916527427,0.625,0,5
-0.48834439129403645,0.85212990929857957,0.18813392349720318,-0.84132280268581761,-0.51698866668264576,0.15779309301291197,0.23172332030362899,-0.081223987839152301,0.96938483928054453,10.112801710002243,1.4338507583089712,-2.5714839904516174,,0.1117384473341461,0.225,0,6
0.92368188545389107,0.35657088528041586,0.14024613454453641,-0.38230992855778534,0.88204712447792266,0.27537608597401575,-0.025512604933341461,-0.30797739197961915,0.95105154067429321,-9.7960497424679271,-8.3197465336840359,0.38984773059505917,,0.09788021349837261,0.3225806451612903,0,4
-0.93734526608787405,0.30506625764030409,0.16828080874536006,-0.30354684217623812,-0.95216154530724828,0.035322885541071547,0.17100633540160703,-0.017971368547030124,0.98510601620590077,12.308831819027024,14.786436868258413,-5.3897018623148325,,0.2071765526980443,0.2222222222222222,0,4
-0.053728732811192198,-0.99570775224457686,0.075361099982385105,0.98231188927062663,-0.039146696753868095,0.18311441322526334,-0.17937830266806334,0.083866609883267731,0.98019886567910897,-12.679534073039262,-4.627608986595968,-0.28816438526284771,,0.07733393345039399,0.34375,0,1
0.50437320227034854,0.85336594491101259,0.13181136862079787,-0.8557365540696853,0.47358367810980345,0.20840693332259921,0.1154236668127218,-0.21791067870603306,0.96911934932978272,-14.483727260953055,10.297648802768903,-3.3170091932236083,,0.06713451150578173,0.2432432432432433,0,3
-0.5829882696744092,-0.81127790659628507,0.044190900542850138,0.80701467335234189,-0.57191074845396106,0.14712380091896693,-0.094085038215712125,0.1214341552924048,0.98813043243914345,6.3458849725123283,-0.56695901371427537,-1.8782726295606043,0.4693967576846534,0.3521150986642675,0.9048843187660668,1,5
-0.77386341422000593,-0.6278964103462108,0.082954891393447736,0.63209998224560837,-0.75744640051617207,0.16347649002286782,-0.039812417370179917,0.17894426009078396,0.98305336742401972,-2.8506093597073057,6.5160428096614256,-2.8463456027058087,,0.07774250109184963,0.352112676056338,0,5
0.85391490700214978,-0.51157810529255621,0.095483892802865122,0.48544075209733051,0.84913393207906795,0.20813178900667847,-0.18755427961709964,-0.13137506451842518,0.97342898283341239,5.017182338885239,12.567844571671094,-4.4566025497709143,,0.07900867285009244,0.2941176470588235,0,3
0.26010935697856091,0.95265159819355227,0.15747398156987791,-0.95350267715123072,0.22770443474084776,0.1974419789831629,0.15223589286904826,-0.2015083692024271,0.96758390337155908,-1.7884005047101077,15.552459617579185,-4.6544039292658557,,0.1057585124570443,0.4,0,4
0.66825190953177049,-0.74230314412167631,0.049248630785190151,0.70979828304367321,0.65601272763788931,0.25658078370242443,-0.22276845107733736,-0.13650400508472357,0.96526725511665112,-26.10312754986316,12.200718922029029,-3.7992044630854491,,0.2609446805650016,0.7083333333333334,0,2
-0.83312288021478809,-0.55223971155966933,0.030619723041018024,0.55281975835176,-0.82971805453916458,0.077189796914138298,-0.017221534151091785,0.081235773820635029,0.99654611926054137,-1.2651749998066955,-14.092739017903174,1.2275792542631441,0.3772211447704057,0.2868148494237359,0.5454545454545454,1,5
-0.93136928103845196,0.34457794005763437,0.11754703553707319,-0.32309708885990507,-0.93108627582652082,0.16937124353843228,0.1678080257561341,0.11976806833683817,0.97851728461928111,-16.445051005729553,6.2916597159084366,-2.5217834145888443,,0.09222903565867528,0.308641975308642,0,2
-0.37773488715014236,0.87625134017864115,0.29916541221338527,-0.9032059917429065,-0.4198255618448648,0.089249280676972131,0.20380208907021163,-0.23649542586861849,0.95001822194831564,1.1456708447865724,-13.186003062947055,0.8785992901662113,,0.707621391980828,0.4912280701754386,0,4
-0.18737908810253981,-0.97907392893659184,0.079393444430422816,0.96935155584891564,-0.17123243108985936,0.1761732548270139,-0.15889190827461294,0.10997134272037699,0.98115221309699452,-10.202110867530076,9.4375176938234251,-3.2860507087444164,,0.07671212564210202,0.2807017543859649,0,4
0.90196835470209025,-0.43022435643687656,0.036879401357359953,0.39871856456752214,0.86260516577405666,0.31134520110180769,-0.16576065089524875,-0.26611901681087324,0.94958099997124823,-7.7106064258225535,-12.103791426973491,1.1045449436274695,0.8177638205174201,0.6661888593033105,0.7545454545454545,1,4
-0.1646233404023871,-0.98484319624501993,0.054617164011436826,0.97105665609645309,-0.15210605973002062,0.18415405845156407,-0.17305526991552275,0.08335241690137031,0.98137874857323326,-17.625605019292827,15.84225241166382,-4.5135511192216589,,0.1149192521272981,0.2777777777777778,0,3
-0.91456852612470707,-0.40366535209009885,0.024873571196306576,0.40443051019454762,-0.91274320198620562,0.057756468484034831,-0.00061110216753995357,0.062881879344894615,0.99802078926453008,-11.03770567879244,-11.273539819145665,1.0569677589631115,,0.169900164430921,0.3333333333333333,0,5
-0.52207917972060069,-0.85275182597654875,0.015737007210002391,0.84687625788756526,-0.51611695311581762,0.12815574326888432,-0.10116290786953479,0.080234743098659453,0.99162919081240908,-7.5839507655023262,6.6163874941088725,-2.7310346016234601,,0.3619312786327886,0.8319838056680162,0,3
0.8913572888111212,-0.45329949834448846,0.0013223025080168196,0.42445347346978601,0.83565205550649257,0.34860420391499619,-0.1591270955642731,-0.31016964217732479,0.9372690971801374,3.9746489394864564,16.610496897841895,-5.1806332584747494,,0.4105640939098517,0.1052631578947368,0,4
-0.99481752891663411,0.0074045812384205588,0.10140639199224587,0.0094857365053792487,-0.98623609034923898,0.16507087839954762,0.10123292430406182,0.16517731765993587,0.98105471242307207,-12.001308372749063,9.9327111520912563,-3.295210557691528,0.2274456447988311,0.1996209547368425,0.6423357664233577,1,5
-0.85883496035443452,-0.50838017318489492,0.062865812533473994,0.51217412098084258,-0.85006735823154744,0.12273205069068302,-0.0089543660020568391,0.13760481816322967,0.9904467342304516,-16.590436132514075,-7.4219044455273711,0.41708150314710241,,0.08071790432350322,0.2380952380952381,0,1
-0.26881359844367708,-0.96312779208522148,-0.011140260535910178,0.9514174426022739,-0.2673126201562751,0.15280318392408043,-0.1501469253894693,0.030476535535284368,0.98819384817851219,-5.9294211074968572,-14.244048687543911,1.4623808783878343,,0.09498530860318082,0.1052631578947368,0,5
0.8368473098006356,-0.54713873414661951,-0.018049533951718238,0.51995324303618096,0.78408707380264209,0.33890424274678088,-0.1712752321136882,-0.29299601753615273,0.94064771757143884,-11.707689844763605,-16.069324828786254,2.1169177861863697,,0.4551057944354643,0.5892857142857143,0,5
0.32251494178808932,-0.94635066050567085,-0.020113171900675728,0.92579196258642227,0.31093902804905432,0.21500270427669196,-0.19721398108097318,-0.087962197541843895,0.97640631781538756,-5.2775645853843365,29.426141899858415,-7.1003145984311287,,0.2131312277082435,0.3333333333333333,0,3
0.80749829107847904,-0.58868157798877829,0.037423383625463151,0.55965473290846746,0.78463683211764423,0.26670512109358002,-0.18636815671806353,-0.19441975573750497,0.96305133234967366,-1.8331920412404379,22.024344161335925,-6.0124025830714807,0.4334776328952524,0.2690795925069375,0.3243243243243243,1,5
-0.26953881809182079,-0.96270759071208745,-0.023300650784744099,0.95293033214918388,-0.27013333186697841,0.13766540990565412,-0.1388258175258161,0.014902274986497618,0.99020468317844079,11.123029659875215,-9.7419510160987439,-0.36145722384137507,,0.7240237896932122,0.46,0,5
-0.98891407234494078,-0.11221383153610782,0.097247177491839407,0.12591942608915246,-0.98083288942970004,0.14869815448203452,0.078697240431426604,0.15929500627756843,0.98408934824207206,-12.296711881202421,8.2554202343930516,-3.0288622609449662,,0.1002091915527681,0.2444444444444444,0,5
-0.75951083385215423,-0.64989797746302924,0.027855199706153265,0.64972476528871215,-0.75583330648260083,0.08107861729277252,-0.031638941697436869,0.079678301318763953,0.99631839572860614,14.06687355352101,1.0456642077107794,-2.6676927964510941,,0.1846070740937612,0.1538461538461539,1,4
0.99270192364916021,0.078452579879131262,0.091586480954154545,-0.10773012176071402,0.91821948147730403,0.38113935076422301,-0.054195125691144257,-0.38822438942686249,0.91996995157747496,6.1930821662548752,-13.760371867231141,0.70629429573878699,,0.5505753766140178,0.3333333333333333,0,4
-0.99294960816882405,-0.011795980370310705,0.11794884689763366,0.015590258395468994,-0.99938849967941168,0.031298091821982323,0.11750752946318242,0.032916281011651012,0.99252632154710196,-18.033162684561518,9.8021772600930497,-3.2597129923712695,,0.3842422817346383,0.2903225806451613,0,3
-0.832673599598167,0.53954890706260061,0.12466616790367113,-0.53061205847741488,-0.84179409103297087,0.099164266247158309,0.15844721496635344,0.01642209455367441,0.98723087212661575,3.3171637941233718,-14.633369400804117,1.0131988728151931,0.4728545982997623,0.3381903418104174,0.1363636363636364,1,5
-0.0081604510484831819,0.94342062628766465,0.33149800743545199,-0.98361260211381696,-0.067283202666756914,0.16726990046565424,0.18011012187428857,-0.32470061985449578,0.92850947839240427,-11.165829117557436,25.947578493201107,-6.4153458458032695,,0.2806223587139295,0.24,0,5
0.26143436381972568,0.9386802811899061,0.22479191070724366,-0.95464606066006186,0.21707998130509382,0.20378218907158063,0.14248849876534123,-0.26787237898263833,0.95285959946771848,8.0953300561391597,31.308474923769435,-8.2375632806117736,,0.3770829924524403,0.5714285714285714,0,3
0.9179548851222088,0.36525281488649292,0.15475532332609798,-0.3965003871106566,0.85672046181266215,0.32987496621083318,-0.01209429209880891,-0.36417088231899075,0.93125361560083952,-3.211871178734417,-12.687380111510581,1.0557447330645378,,0.2721614987466779,0.1923076923076923,0,3
-0.0075326760913622037,-0.99783263384592968,-0.06537043385963856,0.98278046211510117,-0.019456941657946016,0.1837498046424762,-0.18462346025283874,-0.062860657437017409,0.98079697984386915,8.5821737492657011,-5.9939648802977707,-0.92573628241945871,,0.08454695668596302,0.24,0,3
-0.98951812778653603,0.046111111353609742,0.13684896854402992,-0.047339405457495445,-0.99886241011048593,-0.0057329189078733182,0.13642893927888153,-0.012151175992816598,0.99057533456533853,-5.5064747533753673,-9.4677172744769003,0.5207024076544654,,0.3111028473192029,0.2372881355932203,0,3
0.93972622218362112,0.31901370822381475,0.12306454122041009,-0.33935193251192836,0.91424108914470725,0.22136733458195515,-0.041891445915829988,-0.24978687892839849,0.96739424325054291,8.1012051374385017,-10.122254345966306,-0.071928903933891522,0.6004965234264203,0.4821021458526584,0.5495495495495496,1,6
-0.71398589397654022,-0.69998888923942726,0.01548218795496251,0.69760990261800393,-0.70932585276521454,0.10098147537147649,-0.059703994605213397,0.082899876599748679,0.99476783396324509,-12.864957722367116,12.64942148662352,-3.8685926549205676,,0.0850636399409177,0.2564102564102564,0,4
0.88862734075808347,0.41544929643565814,0.19427643024395239,-0.4586100333725181,0.80887647570203447,0.36796152563265938,-0.0042762772682204938,-0.41607779218191032,0.90931896730781592,-9.0403120328329845,8.6208598750823082,-3.1005051291445427,,0.1271755384934395,0.2947368421052631,0,5
-0.50965540607035287,-0.85671868505314308,-0.079274597091863311,0.8534812855028534,-0.51506255258304168,0.079248105485485276,-0.10872470905760506,-0.027270159652173113,0.99369777902181322,13.319813799644878,-5.7397755771749672,-1.247559819731773,,0.2731471488669657,0.2962962962962963,0,1
0.98884435146687766,-0.12558062054799929,0.080102161736302413,0.091145990619502057,0.93547927327958669,0.34142486385482479,-0.11781025832260515,-0.33031505719097259,0.9364895653593186,-18.395197609081585,-11.836528396980775,1.4918984360600869,,0.408000552840608,0.375,0,1
-0.42509721923903487,-0.90426032016856728,0.040070282802599208,0.90009509817809186,-0.41763888309439612,0.12412323538901782,-0.095504808418277617,0.088831507340053073,0.99145740951020322,8.1743752829712424,10.678481025305123,-4.3391020143405896,0.4114830520127388,0.1892157233204871,0.2631578947368421,1,5
0.82765156088723946,-0.5601091114620893,0.035646556889304307,0.52793079631602435,0.79851169117530196,0.28925447854352321,-0.19047826138969798,-0.220583005495677,0.95658829682599078,-4.7146111081035151,-5.5675187276167142,-0.27414758031074177,0.5170652403247326,0.2750360747944152,0.4810810810810811,1,3
-0.95083922000973242,-0.2999011444561846,0.077227464319068559,0.30776176826988239,-0.94282993918144276,0.12788432184795553,0.034459711006879487,0.14536508981521953,0.98877779049710379,-7.8974302576977422,-13.46797240809731,1.3750018133838671,0.8272102162821309,0.5652497401104645,0.2083333333333333,1,3
0.045646650294336698,0.95429216510096271,0.29536900132516219,-0.98256147363047153,-0.010460847547190266,0.18564353262559674,0.18024797877930035,-0.29869220661997797,0.93717321336584603,-4.1512460882496613,18.09522285514867,-5.1662847368503293,,0.2807491371967947,0.1904761904761905,0,1
-0.92353930780309823,0.33076629703151667,0.19408452717986638,-0.34870308269066591,-0.93490820770336069,-0.065975778062228804,0.15962865364526646,-0.12860909733354131,0.9787637064268635,-9.4809855343835352,-1.1705665325945411,-0.97864545658335489,,0.5418221924765078,0.266497461928934,0,1
0.76312277657133043,-0.64623854138020553,0.0044017624704180457,0.60719585737309534,0.7193172277461608,0.33748469099579692,-0.22126187802469155,-0.2548695225058521,0.94132072527413535,7.206025232222844,13.402969172605406,-4.7744429856995581,0.6222325642672016,0.3042562165778377,0.4,1,4
0.2671080593461036,-0.96341368620065393,0.022076092807069802,0.93888590994328747,0.26533279243447971,0.21929832960806367,-0.21713252345589323,-0.037849418756293905,0.97540806268837399,1.4938927218550451,4.1839960169058603,-2.6450993026738976,0.07622975227290478,0.2999491929341186,0.1825396825396825,1,4
0.0085615979915961496,0.93920289954536107,0.34325589947649476,-0.98924181851341964,-0.042177192109237607,0.14007751057912299,0.14603877411185753,-0.34076237754682898,0.92873768013607549,-5.503783906276368,-19.418606553917737,2.4875906445104463,,0.5049514013703519,0.3043478260869565,0,2
0.91524659559813692,0.37044182716449975,0.15841881811529551,-0.40251722259553929,0.85774185267654324,0.31977929839341407,-0.017422822962803855,-0.35644321687196973,0.93415452596771631,0.31292497133483704,15.133193485959548,-4.7195860400083101,,0.1931433650755647,0.3,0,1
-0.41720053719396294,0.88220245913632023,0.21831750470105943,-0.88752290214906815,-0.44718960582450329,0.11101601057244302,0.19556791640236895,-0.14744584611427314,0.9695426305932513,14.917232010566506,3.2225978382751563,-3.2458469437219803,,0.2071121674996446,0.32,0,5
0.95860961072064721,-0.27506958516277302,0.073514199665028201,0.24572953284217555,0.92969247353442208,0.27438823105704579,-0.14382145501689214,-0.2449665854189679,0.95880486080588689,-15.360127486137035,6.5141218868459809,-2.6020230903049639,,0.1833993409583502,0.2,0,1
