axis_00,axis_01,axis_02,axis_10,axis_11,axis_12,axis_20,axis_21,axis_22,location_x,location_y,location_z,dbh,dbh_approximation,score,reconstructed,number_clusters
-0.97758432352816349,0.19576654034831981,0.077487754335970702,-0.20904647777214908,-0.94632436715961976,-0.24651523736070102,0.025069114923358209,-0.25718797366905388,0.96603617203340997,1.3437604988913079,8.3338160888015498,0.059805388863857584,,0.07641845006745777,0.2647058823529412,0,5
-0.056770664110281956,0.97856314003576073,0.19796785764317495,-0.98030969856123951,-0.017073264418551063,-0.19672671030865374,-0.18912954978862578,-0.20523811684344864,0.96026419739116842,15.052373095885278,-31.200406829498704,-8.2568500123098332,,0.2334638953646885,0.2631578947368421,0,5
0.10292081642134485,0.98813661671973696,0.11398829871892721,-0.9778387245979876,0.12151496925280211,-0.17048618983387356,-0.18231493143389232,-0.09391559479214355,0.9787446688647109,-5.922244069367582,14.06866723793765,1.8788138489950035,0.7077568687211875,0.6639254027687587,0.9702380952380952,1,5
-0.41974606282302707,-0.9072999542141682,-0.024900518619809391,0.88724168919364099,-0.40437375315326268,-0.22200011873320807,0.19135158139242453,-0.11527645398654604,0.97472863477734417,-19.200878120870453,6.7193152491502586,2.1620154104088471,,0.1448388434359603,0.3846153846153846,0,3
-0.32299037559007154,0.92435698236231634,0.2030797538757026,-0.93879329843175796,-0.28577503615929661,-0.1923532467305204,-0.11976794268836807,-0.25277815939314091,0.96008272666370287,19.875323002933317,-25.383431478533904,-7.9772543192889245,,0.2222747999991926,0.375,0,4
0.95797532150368847,-0.28327558785180129,0.045146702173260292,0.28334733887299601,0.95900465096156984,0.0049360903222149741,-0.044694171247448469,0.0080635452062897961,0.99896817281393357,15.128854713683653,-23.873684843097735,-7.1411175809895404,,0.1710897625429477,0.4545454545454545,0,2
-0.44599142487198612,0.86701829462813063,0.22219569239925374,-0.88840873427833911,-0.39867302304586749,-0.22757359590565324,-0.10872704262793063,-0.29889646614772392,0.9480713753329898,6.2277665938587301,-27.957110515136634,-6.2560284154314481,,0.242429780518711,0.2857142857142857,0,4
0.89429612875125564,0.43831127241577994,0.090098071975927299,-0.42732443695863476,0.89627499647598263,-0.11868005843428579,-0.1327714565654278,0.067634008939582893,0.98883637734271124,9.535713710943476,-29.691756384205718,-7.0804707295067439,,0.1439660656644139,0.3636363636363636,0,5
0.63316887094646201,0.73196661268763941,0.25163874656929486,-0.75874844631992178,0.65121331059033427,0.014900312650477553,-0.15296396984743571,-0.20036492213099702,0.96770652674659163,29.762146867793145,-15.745137982936738,-8.0040860271724181,,0.4505558806482504,0.5,0,2
0.9980029934898762,-0.0056395977278805741,0.062914385657923011,0.0054543448058092603,0.99998027049573279,0.0031158854312827401,-0.062930716728681252,-0.0027665062351677062,0.99801406369613088,29.047303496009143,-18.177203996863973,-8.2209732318276156,,0.3323289423065753,0.1875,0,5
-0.14133063585697647,0.98204161278503033,0.12497968685686375,-0.97637433078076452,-0.11743004267490999,-0.18139280931112872,-0.16345891704240986,-0.14766331919588491,0.97543668508180315,-23.802688518018591,-3.4034086211822983,0.9412634471668444,,0.3685933983439431,0.6056338028169014,0,1
0.27671455904477105,-0.95971080629764494,-0.048828486441665243,0.95070700852936019,0.28081077224148965,-0.13153514407296316,0.13994726415980735,-0.010023894884931508,0.99010821872435861,-0.46031390025179364,8.9147218368785168,0.41398741273460149,,0.1422101070014332,0.325,0,5
0.20192402591635503,0.92408116375843408,0.324500678804512,-0.96220793715623654,0.24898348060769362,-0.11028649989014139,-0.18270898563363297,-0.28996763469624698,0.93943397713590926,-2.1577474955875799,8.2745449701452785,0.49516601536638366,,0.384810055579558,0.2,0,1
0.60238566547429007,0.78167147545603921,0.16162058807427881,-0.77519852364720021,0.62116818950033992,-0.11496664424115191,-0.19025971451229071,-0.056033782767620971,0.98013338695427199,-11.892301904145752,3.7462386153135538,0.89726817469064601,0.9213280223624906,0.3036611997280569,0.851063829787234,1,4
-0.93242022104867262,-0.36117304472306877,-0.012106326652338937,0.34300710862020301,-0.87398361901041099,-0.34423648432069748,0.11374820796633783,-0.32512561490435304,0.9388049210126207,3.2486756207041196,-36.255215129344982,-7.3334833897811418,,0.4605675258521014,0.7037037037037037,0,3
-0.94008698333485141,0.30862258576645463,0.14487430179022714,-0.33994741306105131,-0.88084092899056887,-0.32947687956536548,0.025927208054037875,-0.35898656990179839,0.93298254137613057,-10.09021485738144,13.390433871823182,2.250533519176757,,0.3605127714303522,0.4545454545454545,0,5
-0.86428319917154406,0.48060141752994556,0.14844806869072516,-0.50186497382712381,-0.80405239157280373,-0.31879664309956829,-0.03385409392229928,-0.35003146869140178,0.93612599112001915,15.32647535258638,-21.737159294934468,-6.8516537802718478,,0.2858965892342334,0.3636363636363636,0,1
-0.59567245213729392,-0.79543388637529311,-0.11162106508468984,0.78321941408578399,-0.54437514933264886,-0.30037151360969261,0.17816194645283967,-0.26634682125933812,0.94726854251641934,-10.59273106369624,-0.57842964821486675,0.11352099300756166,,0.09516427874806939,0.2676056338028169,0,5
0.99413479971060026,0.096976607951733393,0.04787000641885121,-0.09582860067469938,0.99506534462961671,-0.025726235827876771,-0.050128627520549966,0.020988030572646615,0.99852221972051636,7.6661131527261492,-32.770244138985412,-7.4188988809606844,0.6612304503908336,0.3287539809425725,0.5294117647058824,1,4
-0.98144148951597976,-0.17823107431772012,0.070755118572489825,0.15279791195581,-0.94978814782299026,-0.27304811363003201,0.11586803165066865,-0.25716951297252483,0.95939483052540697,-12.928329688912278,7.9820963321249794,1.6644532413340503,0.163000466984928,0.1658328136621904,0.3214285714285715,1,4
-0.59140410213171657,-0.79293301099147351,-0.14662342262330688,0.78682175218548633,-0.52764418496621579,-0.32016112249787321,0.17650132653761685,-0.30471109948824071,0.93594787652899103,0.050597048415991032,-34.084914519852461,-6.5358269128245601,,0.7023036287591991,0.3684210526315789,0,2
-0.37705723501261273,0.92161996580130501,0.091893852683646055,-0.91560738874435488,-0.35595423115915581,-0.18697511865656746,-0.1396099967817008,-0.15463901175413211,0.97805716849390645,-1.1001554896736203,6.3084786065767293,0.085402365332380936,,0.1086229454367215,0.34,1,5
0.67536946904755035,-0.73624240009961794,-0.042699046523134034,0.72984931947762943,0.67556774713417211,-0.10453798300188184,0.1058113941712894,0.039437892028029733,0.9936038453709376,-25.755662618213812,-1.0615336494493142,1.5738514770627769,,0.172875774804488,0.4285714285714285,0,3
0.6583385100450162,-0.75271090953329423,0.004085689815572109,0.74749128861126413,0.65311526401147368,-0.12123211358998411,0.088584308102394191,0.082865786575546219,0.99261577751576957,13.268530429610225,-24.369610659449833,-6.8776126934567374,0.1703251513126808,0.162001366527866,0.4444444444444444,1,5
-0.99603566020403,-0.064445085811780697,0.061317163312016379,0.051200014028784768,-0.97901294405473016,-0.19726179036179442,0.072742849582433211,-0.19334033797425851,0.97843139337749419,-11.457382264298429,-1.1559385612243951,0.092698139417196831,0.1981306038448329,0.1593414872297335,0.6981519507186859,1,5
0.82258672549344858,-0.56655892169485123,-0.048601103793352883,0.56658289182420551,0.82387514914585569,-0.014613873956416149,0.048320862306933547,-0.015515375208503889,0.99871135339398853,-9.5355127075128578,2.3274706280534101,0.4827380242107468,,0.09267490189222871,0.3265306122448979,0,4
0.88198920141934922,-0.46146961998992531,-0.095607731936345197,0.47048455198939476,0.87391473144860077,0.12213651581921893,0.027190713837572541,-0.1527050489783281,0.98789768351663243,-21.489109485633154,-9.5546214447509641,-0.1249799469509464,,0.3109535123777778,0.25,0,1
0.43848368812319188,0.88920072020501228,0.13059147918899475,-0.87243583470121544,0.45602977575521075,-0.17576278887706798,-0.21584200142482907,-0.036863570249482308,0.97573219051611904,-14.02520726603337,-1.9593304969228458,0.29032715962417205,0.7742666585765554,0.7125723970668826,0.7359454855195912,1,3
-0.55290441192367967,-0.82997420728995464,-0.073753145754888921,0.81578474231217435,-0.5211692616091651,-0.25075457117352357,0.16968195391964908,-0.19880999971623575,0.96523707892249999,-11.152914291756227,7.8363604635422694,1.4170410772092028,0.9026971215890924,0.3250939207238658,0.2884615384615384,1,2
-0.017237830886081735,-0.9872519716629311,-0.15822895321020064,0.98495402970181678,0.010449287091596978,-0.17250035296609798,0.17195469333662819,-0.15882177699210642,0.97221768477670334,6.3059007369945528,-31.794719514886697,-6.9402123857237479,,0.2339368678624637,0.3461538461538461,0,3
-0.80452888198169159,-0.59331133725641172,0.026738271079048408,0.57318265375308597,-0.78745005430738535,-0.22668051836861741,0.15554717449654329,-0.1670451108362758,0.97360207859876557,-25.378692274274037,0.21821166964156044,1.7011908164536158,,0.2044804091245644,0.6612903225806451,1,2
0.91646078585682589,0.39290869493958586,0.075646450198022547,-0.3830351828909051,0.91615925512411767,-0.11805197125907835,-0.11568784142865389,0.079214750465395015,0.99012188474666329,-8.1131044704621456,10.684810835246685,1.6123868706046858,,0.07749785171714026,0.3181818181818182,1,5
-0.040498125711334314,0.96386175669159802,0.26330669532173945,-0.97772438667687744,0.016089021505473828,-0.209275337974449,-0.20594884197584704,-0.26591663613693434,0.94173956968708916,28.255109203498993,-15.729879889400317,-7.8095332031419096,,0.3160784930071943,0.2307692307692308,0,4
0.25857090597803251,-0.9647077822740393,-0.049799411659226897,0.95499050685916342,0.2630444687823032,-0.13711578775587871,0.14537612730630414,-0.01210381191780396,0.98930242057041384,-15.780028991108736,2.8370286657604198,1.2447318206193765,,0.166756545377378,0.4035087719298245,0,5
0.98147324149317239,-0.19077484067848829,0.017754897830843403,0.18638434504911525,0.9721244056408993,0.14224983612623951,-0.044397659324547929,-0.13630517276107715,0.98967153527070539,16.107991150553119,-22.932123763201812,-7.1520243017972298,,0.5187669768365641,0.1754385964912281,0,3
-0.84743789192151009,-0.52842764694788247,0.051119871642544445,0.51096985867745992,-0.83797533068087915,-0.19159109763610538,0.14407922424403444,-0.13624084230286862,0.98014264779665683,-15.558231380886893,4.2316118528004365,1.4120547667325332,,0.07708656164280719,0.2916666666666667,0,2
0.67785063547747171,-0.73498463354501542,-0.017779326069553184,0.72968595434439676,0.67552644666155282,-0.10593596128474526,0.089871708647909804,0.058835434166119298,0.994213994908133,2.2254839907212078,-33.874358892415337,-6.7783658204130015,0.2459694101335905,0.2822890584874081,0.3103448275862069,1,5
0.98866691462953848,-0.13542742715241063,0.064785367883384973,0.13700146628323867,0.9903590350255026,-0.020483651520094171,-0.061386726196708402,0.029127198942441007,0.99768896762899795,11.988269478177111,-23.11817688819642,-6.3922813309003557,,0.1829353295787491,0.25,0,5
0.85613175196423996,0.50013226285357926,0.13002362451338711,-0.49169559883712999,0.86581031491524607,-0.092778966746552075,-0.15897754987052751,0.015498975428073661,0.98716053425865968,6.2553188165784102,-30.273693678944781,-6.6731507655771516,,0.1227005548152635,0.2777777777777778,0,4
0.16798258715552722,-0.96785729211034544,-0.18717401668331221,0.97169266127703657,0.19456410566378793,-0.13400813709473158,0.16611809784874637,-0.15936458482385443,0.97314320974409219,0.023133345744974481,10.733999730020869,0.63947906933789167,,0.3161917881092726,0.1739130434782609,0,4
0.37739399528562878,0.86347016018060796,0.33465363407563392,-0.90101999143686906,0.42583336386319259,-0.082637287298558709,-0.21386151442804624,-0.27034279849597498,0.93871083084617124,1.1705095876957257,7.116642425064664,-0.10215752376247161,,0.559824429136489,0.3333333333333333,0,3
-0.99778729154538293,-0.042721756871459363,0.05094479679363146,0.01213124436374177,-0.87035630832487976,-0.49227302330035716,0.065370893681482328,-0.49056574284075583,0.86894873163517594,-24.900836108738449,-6.9377217792606336,0.54098543859512926,,0.3085358849956165,0.1956521739130435,0,1
0.97159031030757836,0.20938751893073004,0.11031380617336663,-0.20640052092629255,0.97773084416248512,-0.037963421008490768,-0.1158062773677532,0.014116064938431797,0.99317150725988645,16.337510793719815,-21.389386871262666,-6.9596267119757487,,0.1821124063514888,0.3,0,5
0.7807165156268725,-0.62158723962989659,-0.064117281264257184,0.62266331092721683,0.78247969722544053,-0.0039905707785045375,0.052650958705332811,-0.036807974126097515,0.9979343914246771,-12.186370713818841,12.416968872071605,2.2819538226807681,,0.4055097467771273,0.5652173913043478,0,5
-0.99305765440319027,0.095289330691336493,0.068966937641386436,-0.11037486182633628,-0.95756017248315872,-0.26626285124072491,0.040667983820825683,-0.2720265787205734,0.9614300055446201,9.9162309324947575,9.9181188762996069,-1.1395825622492322,,0.1476899226838842,0.4545454545454545,0,5
0.68888135921767046,0.69780270639018871,0.19624947357112052,-0.70724148752716465,0.70637425368490714,-0.02906702687673823,-0.1589086254511605,-0.11877203663159823,0.9801230800627051,-13.672507493356076,19.489284052876176,3.672189116349895,,0.3897249005594813,0.6129032258064516,0,4
-0.31730723123026677,0.94308976038099723,0.099487812688271296,-0.93723308783327242,-0.29586919439043524,-0.18454148281962468,-0.1446038038209683,-0.15179961684822951,0.9777763631041807,-19.861238386981,2.290646193720157,1.5167626182119438,,0.07592918667389909,0.4166666666666667,0,3
-0.85752091171961264,0.50997681764443126,0.06768701078362796,-0.51316834112319887,-0.83867149029665533,-0.18245104831831455,-0.036278638789633409,-0.1911904203375426,0.98088229851431452,13.07739195099151,-9.9385204040673507,-4.5918557388335408,,0.1212264384227235,0.4583333333333333,0,1
-0.093466778078697327,0.98591828504862289,0.13866901817770866,-0.98142195374135732,-0.067796113426052768,-0.17948436065245091,-0.16755569256245761,-0.15286864364906202,0.97393853382993878,-13.397100092392966,5.5944084458712675,1.3203405826416472,,0.07924472521745826,0.2444444444444444,0,2
-0.97947322255822955,0.18881637465139131,0.07057324531932338,-0.19978634378461277,-0.95587114304855514,-0.21539678438691787,0.026788488732522486,-0.22507495318349682,0.97397312197045405,-21.368708268862772,-4.4647642839224817,0.6133755502286361,,0.06623820677524365,0.3055555555555556,0,1
0.53457084782892661,0.83865945509061179,0.10432797821572584,-0.82541311159346964,0.54461534321966443,-0.14861804446067217,-0.18145854584739082,-0.006666807095279303,0.9833759961592029,-24.282170720284046,-2.6615909985024335,1.1334455723926806,,0.2744952871715934,0.7755102040816326,1,3
-0.59796127376325836,0.76322483952891107,0.24480637125183097,-0.7901300733752149,-0.50997561486156129,-0.34002843909686409,-0.13467287116379004,-0.39675271463802264,0.90799256670958506,12.735299165664156,-20.593373474334769,-6.1646379747895939,,0.5950674440882505,0.1666666666666667,0,2
0.20236774279367745,0.97531817284027633,0.088327563105156215,-0.96248586699508709,0.21472695439385475,-0.16587130822252974,-0.18074360987682533,-0.051447028915601857,0.98218376625988335,8.9346104326122209,11.103204239765461,-0.76837376058728946,0.3003298043686464,0.2887117396528461,0.8,1,5
-0.85325969603034491,0.51447232434575252,0.085241531030845002,-0.51995964754159651,-0.82682115767737785,-0.214496475834592,-0.039872999117479706,-0.22734335420090834,0.97299801810798037,2.464855561838283,10.08465302152522,0.12769329714276584,0.4792813267104012,0.4655938164689727,0.835820895522388,1,5
0.23465042770756192,0.95377819119129281,0.18774008305240403,-0.95461419356011123,0.26254208931791301,-0.14065344926507561,-0.1834418660781568,-0.1462149559533851,0.97209581236898268,-28.597479613111375,1.0367985307635827,2.1489652082982351,,0.1523668812019201,0.35,0,1
-0.10050510227316778,-0.99274523418599692,-0.065997154620871995,0.97866752487460651,-0.086697300227203067,-0.18626178859102327,0.17918872780639108,-0.083309532073499351,0.98028104219801293,-13.435373687383461,8.499805686677492,1.7695477202301122,,0.1811833430826632,0.1666666666666667,0,1
0.43893693340443218,-0.89851749158587468,-0.00082813509885849227,0.88892558140635192,0.43438511266821561,-0.1453302604883166,0.13094151066370605,0.063054668395373159,0.98938285288287497,-17.783916265805619,0.63558053983439222,1.0070969581448581,,0.08868346504653751,0.5892857142857143,0,2
0.039845483831357179,-0.9919718371125239,-0.12001754785801247,0.98510350556637161,0.059107478083803733,-0.16148495086360032,0.16728245795388053,-0.1117952611257647,0.97955010022496081,-8.137140683794069,1.2413412714989809,0.17864567542464702,,0.3367730653474842,0.1592356687898089,0,7
0.5184328167527732,0.85144655135794989,0.079159236317935325,-0.8351601897972698,0.52404192600127297,-0.1669955603321974,-0.1836705525977787,0.02046533590073505,0.98277479522772448,-5.5651859223187561,8.449103506611932,0.91897491816308807,,0.08017104755275954,0.3166666666666667,0,5
-0.9741403177014698,-0.22379675824462528,0.031074948554684078,0.20143491252503695,-0.922517245399056,-0.32922015120185005,0.10234557852936389,-0.31444704314166327,0.94374172293851366,11.729501075470399,-24.313443084787711,-6.5171901693378249,,0.2609696149171912,0.25,0,3
-0.6064743801130098,0.7812910984364555,0.14755692383110203,-0.78868260149021119,-0.56759042065150567,-0.23626440377526173,-0.1008393790796711,-0.25966388637737814,0.96041974455871237,15.15882925870261,-19.785547618275647,-6.5803636257098805,,0.3581704243586473,0.2580645161290323,0,1
-0.98014381047230748,-0.19703183909781075,0.022283742382266564,0.18556202405489045,-0.95104010762925373,-0.24716279839245589,0.069891673477440394,-0.23812007068340935,0.96871770186997741,13.479301543430163,-25.94636963817323,-7.1314924222138547,0.4156643038929422,0.3349778260181299,0.4333333333333333,1,5
-0.97966333455778198,-0.20023222569265245,0.01291536748582108,0.18944403841552065,-0.94424893208088623,-0.26926735890732223,0.066111324536314173,-0.2613446193405799,0.96297885891112922,28.571526696274052,-14.485908180114011,-7.668033347311332,,0.2297952814057075,0.2631578947368421,0,5
0.56015266011937248,0.81450222219130386,0.15104677224826257,-0.80896280761526351,0.5771027912478478,-0.11194438006962805,-0.17834846020199019,-0.05948527867776144,0.98216766815254497,-18.783285464066417,2.7721458782030033,1.528502274174049,,0.0770205336899524,0.3103448275862069,0,1
-0.16726154839931737,-0.97933507997728508,-0.11369421952300378,0.96848712036507034,-0.14162373781446111,-0.20487902424219068,0.18454341525514847,-0.1443797700972784,0.97216161715664329,26.223364923314112,-12.519000064997476,-7.1395696531862942,,0.415294572220697,0.4166666666666667,0,3
0.72838799809892807,0.66612779104555653,0.16038918361972979,-0.66711565855773336,0.74287143222185603,-0.055666267125884031,-0.15622939010479991,-0.066451494982550346,0.98548291536792543,5.7853211620472598,-39.799136841069831,-8.2607887244457974,,0.3254509719623608,0.1785714285714286,0,2
0.97118348332024773,0.21162659974226944,0.10962127534140048,-0.20956940832780704,0.97733059461192573,-0.030092722187143317,-0.11350464668498243,0.0062522889428614711,0.99351779252507166,-3.7306462873706998,9.3020526432624884,0.86782943674451007,,0.2790193629158679,0.2647058823529412,0,5
-0.60219496078885315,-0.79037209946348552,-0.11257519082903295,0.77877908204155633,-0.55053349981848176,-0.30069254555463154,0.17568258472319292,-0.26874673945425914,0.9470537574275717,0.85939339842341,12.157699342473069,0.73603064800401341,,0.4362957279716101,0.5517241379310345,0,1
-0.40831577654653023,0.89387961892470158,0.18508769136340553,-0.90338523433303453,-0.36658462820626675,-0.2225102890922635,-0.13104710989660734,-0.25805994891479078,0.95719993614387722,-15.46902517778125,1.8517348577844508,1.0435101087013812,0.4259915433517094,0.4370472661242171,0.6955307262569832,1,5
-0.99535794247871467,-0.083337588699397558,0.048139512402073273,0.063833017949687793,-0.94599570513996956,-0.31783245850001901,0.072027162681686518,-0.31328417158627964,0.94692402845715307,7.881448257465351,11.899674997687971,-0.45303353120569384,0.3705224336286456,0.1451728123202379,0.1290322580645161,1,3
0.9105342943423621,0.40786260642333783,0.067641652168010588,-0.4004314319950309,0.91072395972596931,-0.1011757750227788,-0.10286868861254908,0.065038169274761221,0.99256640555708997,-22.890034666222448,-5.5817771644415384,0.54974324903487093,,0.4862032829923534,0.8470588235294118,0,2
-0.58079336254440606,0.80648940934698565,0.11069734701208697,-0.80674267586334769,-0.55205209527442489,-0.21072432001068342,-0.10883623002111842,-0.21169156032839262,0.97125761686615475,3.1978978827056683,14.229207458050054,0.57102356366972817,0.2362483159619983,0.1831007107512565,0.4285714285714285,1,5
0.77829370628449601,0.61299364659702238,0.13600623511305768,-0.60379428731960727,0.79008780465537776,-0.10580037587388014,-0.17231182593818423,0.00022397886406339283,0.98504242775391027,-17.028303515598012,0.14952975123213944,0.90521936186727792,,0.07888974054205167,0.2428571428571429,0,3
0.33962505076708654,-0.94046987305763208,0.01308597579148371,0.93166280219709963,0.33447025412942621,-0.14189458095658808,0.12907070889129924,0.060382671136332819,0.98979527435361048,-7.5920712445103806,7.1065910776349241,0.96988767155225508,,0.1158176056183467,0.1666666666666667,0,6
0.9598751913440462,-0.28042756106634625,6.0508215884799836e-06,0.27995544965512198,0.95825794974622158,-0.058022822721474007,0.016265400414078261,0.055696362022575156,0.9983152568236251,10.176525084633596,-25.681474959644166,-6.5467247086042786,,0.1384511076236178,0.3,0,5
0.77140149621927823,-0.63297567170620062,-0.065433406290226925,0.63034097835995406,0.77416451052312585,-0.057788940522422609,0.087235214396904542,0.003333117845517783,0.99618216591874031,8.1079780575411391,-26.448032822036243,-6.4140808288745275,,0.4664643727447459,0.3,0,4
-0.80381807081178158,-0.59453557742199403,-0.02009866204312585,0.57423653207222569,-0.76666496327188871,-0.28718850834422222,0.15533484564028599,-0.24238869872750193,0.95766319990855797,4.7451605191139947,14.784262476797883,0.39316773495494539,0.5626892611379281,0.7001674857725317,0.6086956521739131,1,4
-0.9479017098141358,-0.31620169084063293,0.038714845227175797,0.30120059854586129,-0.9291694657997901,-0.21429489788828135,0.10373306110905173,-0.19146956555771164,0.97600146388111941,-19.957732155299425,-5.9896459755731595,0.26388937733633039,,0.08496730976433352,0.2321428571428572,0,2
-0.99767113815832342,0.016949554494709498,0.066068242660955498,-0.037688957151131908,-0.94431924282075719,-0.3268649723468281,0.056849297222887202,-0.32859379215204804,0.9427588648028723,-0.19596055140336943,4.6630484225863498,-0.27311690666482008,,0.08988797234116139,0.3170731707317073,1,5
0.069150117438677799,0.97949511354568619,0.18922891903284678,-0.9783172100873242,0.10370210587981933,-0.17927997568898812,-0.19522729754102139,-0.17272867676275805,0.96542793957841044,19.113561682004924,-23.282050467628714,-7.5413661133835435,,0.4035261211358259,0.125,0,5
-0.1259036442251309,-0.98879373893447309,-0.08021978692826566,0.98358054110520898,-0.11388171394982488,-0.14000097995026353,0.12929652559143065,-0.096529255005075809,0.98689640357949859,-10.526588981711427,9.0050970210567893,1.5892488756030665,,0.2148780983639825,0.1052631578947368,0,3
0.31339011218833313,-0.94899313787896156,-0.034621696105560318,0.93835844732603391,0.31506551771645425,-0.14218700319627409,0.14584259293655824,0.012072439881995935,0.98923414532699794,13.695122945307448,-39.742473774070461,-9.2976517342351901,,0.2252695891967188,0.3846153846153846,0,1
0.84719722363351868,0.52176843087810432,0.10007281752133478,-0.50860092886749064,0.85096228092414472,-0.13110412502855473,-0.15356418665425656,0.060173922785355542,0.98630479041411845,-17.411080262779397,8.152897232968515,2.217261549173799,,0.081222939141311,0.2758620689655172,0,2
-0.94863130674567175,0.29064285814734819,0.12500149147086659,-0.31605585984699025,-0.85256658716966538,-0.41621978316539737,-0.014399212422225829,-0.43434657066657162,0.90063073411460348,16.131474900975405,13.296461630217273,-1.7621669596468104,,0.4022424738016987,0.5384615384615384,0,2
0.17820682678353567,-0.97754887602344676,-0.11243007548266969,0.9708728567635615,0.19327549027695481,-0.14159972054338213,0.16015062562320537,-0.083921271698530822,0.98351868170818046,-19.317215617071533,-8.46979277715233,-0.20351650770988167,,0.2527524400340448,0.282051282051282,0,1
-0.34547077737064413,-0.93658890991061206,-0.058746538752266424,0.92347569183037403,-0.32816793691767693,-0.19874217412920889,0.16686098579755537,-0.12291061390963907,0.97828952381542966,12.14626886533109,-25.721502551940517,-6.8171664281768818,,0.3942717365187674,0.3684210526315789,0,5
0.35045707493613809,-0.92702149718942495,-0.13345779248842327,0.92586062298822347,0.36440710666873555,-0.099947823433925678,0.14128674894364493,-0.088535893049077441,0.98600174960034292,16.532722132370623,-31.436561346770734,-8.44465544132132,,0.268494383409452,0.3529411764705883,0,1
0.97797917813510693,0.19191462226183234,0.082009175683452867,-0.18734468945085286,0.98044381464347097,-0.060265194448565727,-0.091971161070983423,0.043574121786423878,0.99480782136139101,23.59524236212879,-20.39653346684711,-7.7891109870264383,,0.2675313907967152,0.5277777777777778,0,4
-0.98818776827163557,0.13078566466832506,0.079875181098942385,-0.14915792154710783,-0.9404500391888998,-0.3054597162136834,0.035168865180316262,-0.31376557125800392,0.9488489433071351,-4.1503166671377629,1.1872216447436454,-0.33231747428787684,,0.07476616862356761,0.3774834437086093,0,5
0.090888315958966917,0.96612018930944865,0.24155971069451801,-0.9801688956108473,0.12967553060698228,-0.14984389490002797,-0.17609159576526079,-0.22315025559132526,0.95874694958073814,-6.7646042795905297,8.8917975960148414,1.1631426809263177,,0.2668767382374436,0.2391304347826087,0,4
0.43986378797071035,0.85645040959866803,0.27020833430952912,-0.86834727644288756,0.48236060457795549,-0.11533106539613502,-0.22911319369751756,-0.18390471187400725,0.95586934328090056,-4.9856198243395564,-35.925599341894625,-6.2752924694560033,,0.5004055405785822,0.7333333333333333,0,6
-0.78831932149521677,0.58688917898190229,0.18469904967614234,-0.61250692832746279,-0.72018914147978652,-0.32582643116460702,-0.058205756658406028,-0.3699847187230263,0.92721270364639929,-23.404629004654637,-7.1994757669148743,0.34917081199235062,,0.1544556307787306,0.2727272727272727,0,1
0.99443644313200741,-0.094601453406037858,0.046332770092316233,0.093619711803316102,0.99534407584359508,0.022924228338694386,-0.048285713547862562,-0.018459027507585178,0.99866298327846725,9.4729530986232966,-28.452280886908586,-6.9013619135334867,0.3337180729412246,0.2243777537986693,0.391304347826087,1,4
-0.52169585704044896,-0.8484518557167392,-0.089234977882289998,0.83030063364818574,-0.48091349614718643,-0.28164351046475583,0.19604665391240997,-0.22102411125103869,0.95536069195641249,9.2578236875312552,12.968223917066863,-0.51843205203418941,,0.475136417612172,0.3333333333333333,0,3
0.24505938246902328,-0.9631171198734062,-0.11113645878223957,0.9676017086557398,0.25015038560021668,-0.034230366497544649,0.060768680011946109,-0.099147354936066495,0.99321546984467957,18.033907954736051,14.38420840697569,-1.9578878946224556,,0.1332041419685808,0.1666666666666667,0,2
-0.95796195628705394,0.27043398983637174,0.095782813948338597,-0.28674212380632125,-0.91342154394852881,-0.28885989248375454,0.0093725525723389862,-0.30418175519229779,0.95256790575077188,14.511452568786694,14.840925704860265,-1.0986413581294292,,0.1230074757790162,0.2666666666666667,0,4
0.16717220238834732,0.97324370851729791,0.15763926725319685,-0.96960603936839351,0.1912623727079561,-0.15258713316154421,-0.17865492763695423,-0.12733965846356857,0.97563672963527481,24.491864073686024,-21.631476880138784,-8.1056042503840366,,0.2227784259179553,0.3103448275862069,0,4
0.18961772999623683,0.97291876497981944,0.13218998911119012,-0.96476863403889668,0.20963062537827026,-0.15898579709595514,-0.1823913354460544,-0.09738622928144218,0.97839119124230989,-3.0640956837213729,18.90758322080103,2.3642805425660565,,0.1119784578168219,0.25,0,4
-0.80140419401277718,0.59164543727839536,0.087789488928840809,-0.59564425810083166,-0.77609042003115758,-0.20710281921637677,-0.054398856699756991,-0.21826437291394488,0.97437232509253924,23.357192696191255,-17.915643949484377,-7.3828178555333244,,0.1455083155298981,0.4444444444444444,0,1
0.63245299897024188,-0.77334051838660911,-0.044132150582960161,0.76866933578425778,0.63362826370313174,-0.087536710365091835,0.095659062918964838,0.021439824115056943,0.9951832382146415,7.7668186756898558,7.8826719735029496,-1.0486026646629873,,0.7534157586708925,0.6335877862595419,0,1
0.80964623860335749,-0.58011322930797482,-0.089115708476724398,0.58461639336949844,0.81055454721688214,0.034999979852497594,0.051929191396316604,-0.080436106120998177,0.99540614420095685,2.7215156775853093,-32.298944895482769,-6.5531439038166983,,0.2297572841412409,0.3076923076923077,0,1
-0.73693134997578569,0.65017973757402581,0.18492834901938862,-0.67301272113488131,-0.68016735124447192,-0.29056195809448626,-0.063135272340337417,-0.33858334741869722,0.93881587877350092,-2.8013684240594827,11.152080481307515,1.048376246518677,,0.08389626353187077,0.3333333333333333,0,2
0.65028293652519753,-0.75858085914375406,-0.041075328420963467,0.75576013811900045,0.65146486807197523,-0.066484128168410775,0.077192720476192495,0.012190398216961105,0.99694166233375769,18.267264064936722,-21.990774609303145,-7.2416939263579172,,0.3763447357278377,0.7142857142857143,0,4
-0.56596186449747077,0.78125436133687143,0.26330360959672255,-0.81726669878280167,-0.48964644758497589,-0.30384453167380637,-0.10845418846318385,-0.38715368945617734,0.91561438921920679,-10.964033409049669,5.5203354116027112,1.0476604766976847,,0.2751083794832028,0.3333333333333333,1,1
-0.70610813020475716,0.6432154709111374,0.29611681215241142,-0.7036264076835691,-0.59039310802161438,-0.39540593876533436,-0.079505892039890225,-0.48755495688295819,0.86946476475461532,4.6238569484948639,-33.003766111218411,-6.9182992767830074,,0.4704599569716755,0.25,0,1
0.7366509131746829,0.64501047832587322,0.20324102678527733,-0.66265435384797478,0.74845700338764787,0.026482473568488183,-0.13503569692947451,-0.15418688961714805,0.97877053675770209,4.7319775763937937,16.245142546384763,0.63346519036258486,,0.5639620897060267,0.7096774193548387,0,2
0.56558479206669776,-0.81037985115825351,-0.15296515884212711,0.80999655828080996,0.58072552538638555,-0.081629894878952003,0.15498199429647525,-0.077732625077461967,0.98485441586178302,21.568694521899616,17.413098974153893,-1.8760719597527904,,0.3553914771731142,0.125,0,3
-0.99249671486314295,-0.079622012992260058,0.092793351232350815,0.036416960526015028,-0.91696538106854009,-0.39730126466936244,0.11672221713074467,-0.3909409481864089,0.91298472005789633,-9.3788163737096468,8.9599116456198917,1.4667204757797545,0.9218257864307551,0.293943772617776,0.1666666666666667,1,3
-0.52669718380205954,0.83353676469221405,0.16675292645532364,-0.84202199793166621,-0.48468283932854989,-0.23681532944380698,-0.11657200167340064,-0.26513959939407411,0.95713737846716895,12.875298227653783,-7.3417291773995697,-4.0367648051466327,,0.1359076058783177,0.1944444444444444,0,3
0.16391756862041523,0.96606202204425606,0.19963767245020386,-0.96961306204554432,0.19503896381756258,-0.14768314901719551,-0.18160820633505279,-0.16936343217098232,0.96867666805546082,-26.674959431498181,-4.3369401445749292,1.0848578087278851,,0.08822419378733945,0.5454545454545454,0,1
-0.82545644469320056,0.55566540080117721,0.099285549134441556,-0.56070957015977752,-0.78692156906822852,-0.25760283784623694,-0.065011044028674525,-0.26831028024968406,0.9611363886913431,15.239098700809452,16.382277841630888,-0.99739007796684742,0.4530856358949144,0.3611656399379183,0.391304347826087,1,4
-0.8442112406926553,0.5034435434287331,0.18398907486068222,-0.53421764208399858,-0.76221366139391578,-0.36557057495194378,-0.043805159221046018,-0.40690899838219746,0.91241776345115955,1.9979509674544176,16.158766113593018,1.183937113543349,,0.3111940835164899,0.2857142857142857,0,4
0.98530215454998193,0.14151851530378814,0.095666995695351531,-0.13943135621525324,0.98983026851614075,-0.028194617096877667,-0.09868414838837121,0.014441238017423657,0.99501401472611684,16.257719732824501,12.093586887845055,-2.0461489497035896,,0.8543083845472307,0.3478260869565217,0,2
-0.9640973526561154,0.24856718041488104,0.093437954933025785,-0.26516539873324124,-0.92004681807394595,-0.28844611952087185,0.01426905449255024,-0.30286665279063629,0.95292611713148279,-8.3821977314790441,19.66409640856935,3.1092320048351314,,0.3573091778759182,0.1666666666666667,0,1
0.44004880918708195,0.89208524647794762,0.10266917039408004,-0.88435350160482029,0.450370406888779,-0.12282255818100804,-0.15580734813327199,-0.036747919876002927,0.9871036726972815,-12.748231842123053,1.5055127299051165,0.61059024318473265,,0.1141734687376436,0.2222222222222222,0,3
0.83857894972411706,-0.54375683825651666,-0.033374330388387032,0.53934176434192582,0.83728297319733325,-0.089820287409761654,0.07678415406928242,0.057321232044593301,0.99539864880396234,33.107198486444666,-16.26643299357011,-8.5951153795733539,,0.448779204041739,0.1666666666666667,0,2
0.93592756624604245,-0.35064127681530688,0.033019475072911073,0.35219028103696598,0.93146280094835565,-0.091318434023733172,0.0012635995655980523,0.097096577914854085,0.99527416216505993,22.488077768101654,-17.208220741019513,-7.1331873732724675,,0.0785211417407209,0.3,0,3
0.39845890700922854,-0.91404652130344022,-0.075825169423417105,0.91485746976559346,0.4019741212398974,-0.038113198075049003,0.065316991963092,-0.054182679395644522,0.99639245672295262,13.26986981008217,-29.454520119091395,-7.6321736039903696,,0.1689217154965226,0.4545454545454545,0,2
0.90617722141610346,0.41110468729694227,0.099175498330351469,-0.40288133512830065,0.91050650302633251,-0.093083498816907195,-0.1285669988442921,0.044394189138247574,0.99070665828938942,-11.020750321476985,20.016630485145136,3.3616865555196696,,0.1653722157136936,0.2352941176470588,0,1
0.39479986574499487,-0.9185598456709152,0.019516042856057729,0.90705243045012951,0.38629680240806208,-0.16742362098527386,0.14624963050294509,0.083800897192883056,0.98569186625812244,-3.1353486028758324,20.340357303618863,2.5675717385834149,,0.08845050986264048,0.2,0,2
-0.6105379897927411,0.7625881552035646,0.21378182467895193,-0.78920935062565367,-0.56322556415872704,-0.24479698683422835,-0.066271893777620744,-0.31817647527953297,0.94571230650437221,2.2642401135096262,-36.928701080713864,-7.339506197416739,,0.4276441157652806,0.78125,0,3
-0.95911175214362987,0.25852762737274954,0.11518729437309143,-0.28295503573677855,-0.88508047417402658,-0.36955243469239824,0.0064105109917102256,-0.38703490814253122,0.92204277841536597,2.8986505122845267,19.537178163978577,1.5220652344766874,,0.45770143755382,0.4375,0,3
-0.67671261351699064,0.72473025400878299,0.1297154486997158,-0.73117966467449602,-0.64090600965878386,-0.23370020271652867,-0.086234196659420434,-0.2529931732431126,0.96361720492054537,-14.199347630117307,5.2648244338998147,1.3762549879287274,,0.09120328388375201,0.28125,0,1
-0.059418746868568122,0.96959595607396065,0.23738806727717551,-0.98091205496401912,-0.012604302607996345,-0.19404296426831055,-0.18515116242366889,-0.24438660667227619,0.95183729362342984,11.307307958831013,12.96759445835894,-0.91583038963015029,,0.1240011309058075,0.2666666666666667,0,2
0.25641500574760451,-0.94355882230933208,-0.20963800626241708,0.94533382492941143,0.29002367357406439,-0.14909804898432649,0.2014827642052392,-0.15994692122335388,0.96634449246600695,4.8553600837168336,-30.736573928189653,-6.5564072504562549,,0.3001313399991237,0.1818181818181818,0,2
-0.71890747203097172,0.67501124432049009,0.16592729341172868,-0.69368629465387344,-0.68145165415812803,-0.23328730710120407,-0.044400126885156523,-0.28281347755376757,0.95814673492452451,5.4736994306769802,18.030337506910197,0.82317672278838872,,0.1703311745145913,0.5,0,2
0.93647293865995274,0.32345603393964367,0.13562680142814076,-0.33040557399429482,0.94330701528500227,0.031686457479519654,-0.11768853738190854,-0.074485361126444438,0.9902531692182408,14.646670811401739,20.35970869914329,-0.16798369046820066,,0.2587881645357317,0.1428571428571428,0,1
-0.25990837752959633,0.96072029342478682,0.097283878889183592,-0.95360715914278349,-0.23951500576117118,-0.18238955026770917,-0.1519243934381965,-0.1401751754663379,0.97840170628500944,11.160402953061075,-26.870262136398971,-6.8271124978068638,,0.08084638862978583,0.4,0,1
-0.80474287754404472,0.56325909110288186,0.18742491118334798,-0.59355347855405527,-0.76833984912801878,-0.23947472588629062,0.0091197115366220723,-0.30396228800936587,0.95264041397034993,-10.934375539909203,10.671976960812826,1.8851941703047865,,0.6197015182783387,0.4202898550724637,0,2
0.63719923108840315,-0.76954315712041921,-0.042195606755742937,0.76486060999320438,0.63814995850189937,-0.088050427283729249,0.094685728497862748,0.023831907039966814,0.99522191144772665,14.390819280049923,-23.66848833709356,-6.935967989563931,,0.08416744521264508,0.2,0,1
-0.96911075657728252,-0.2403456529792016,0.055301976277602582,0.21857066193532712,-0.94086708351321813,-0.25883584933792414,0.11424188035637467,-0.23875321621987178,0.96433691960709822,12.927446561312344,14.926828074794596,-0.80671971015740707,,0.2356699564442176,0.4736842105263158,0,2
-0.48692566837661211,-0.86644689750074455,-0.11033207732714854,0.85433096188507174,-0.44617531819530626,-0.26654491741139158,0.18171956702710274,-0.22404767181261162,0.95748662638954396,1.343244800638252,11.040302221037072,0.50126175020874608,,0.19484750671746,0.3,0,1
-0.33420231069196354,0.90751156363844798,0.25442401103404466,-0.93154078794247319,-0.27700422003428149,-0.23558527645571542,-0.14331983787204333,-0.31573948746664343,0.93795948746554736,17.316188934123371,-17.353213972022761,-6.5391696044367817,,0.3042590798435397,0.1176470588235294,0,1
0.19736763394204548,-0.97975798261542502,-0.033471070694998821,0.96745878727260226,0.20017723255633224,-0.15476618007533888,0.15833354667013191,-0.001836046687580905,0.98738397644048115,-0.27709929045742021,25.763972697921794,3.0324771961233923,,0.2454685148247401,0.3333333333333333,0,1
-0.97431533662929526,0.20602877425748031,0.090894273674990173,-0.22393652104739439,-0.92896066215053053,-0.29476180674917574,0.02370779091635741,-0.30754549639818923,0.9512379872014457,8.5280703356141743,16.204438087389072,0.19147719930211396,,0.07581936962389883,0.5833333333333334,0,2
0.88081286445650187,0.46181741333257048,0.10437133011870235,-0.45353989957778851,0.88626639903535787,-0.093986325770670412,-0.13590532476287615,0.035447802240969661,0.99008746887200971,14.662938550421881,18.15308381257837,-0.57042139293020355,,0.1292441890658647,0.1818181818181818,0,1
-0.73580250644572487,0.66409362865513888,0.13256818580579205,-0.67332840850037856,-0.69655224499412649,-0.24787864833419884,-0.072273963600566302,-0.27165165630507832,0.95967799381468089,-15.315979374771286,-5.1314528917764761,-0.056643619177421986,,0.308779363557708,0.3809523809523809,0,1
-0.99804551946654696,-0.023210013014074736,0.058020999376408366,0.010483343053277989,-0.97749529854696171,-0.21069656104695775,0.061605524031355982,-0.20967650467916898,0.97582812154310694,6.3847495212293177,-36.0283221393045,-7.7474617353937152,,0.1956100776189355,0.6666666666666666,0,2
0.52803564515805834,-0.82795600680062287,-0.18885764015596596,0.84138374042738806,0.54020670793036474,-0.015814994513287176,0.11511628376094681,-0.15055086685172162,0.98187711945195277,27.163648372194107,-15.551303828396296,-7.6708495880723708,,0.3294737554625575,0.2,0,1
