axis_00,axis_01,axis_02,axis_10,axis_11,axis_12,axis_20,axis_21,axis_22,location_x,location_y,location_z,dbh,dbh_approximation,score,reconstructed,number_clusters
-0.99737275326047192,-0.070745585010414155,-0.015577331451827443,0.072431963534098504,-0.97067447772146043,-0.22922623968203382,0.0010962263547461782,-0.22975230249489217,0.97324851799839618,1.5557725692674358,-7.9588810782743629,-0.62668010268190966,,0.07552661895095825,0.3636363636363636,0,4
0.9974565784239019,-0.071076706925008323,-0.0053362806877210655,0.070952739414436514,0.98300542179049177,0.16931051207790962,-0.0067884407980589633,-0.1692585078015087,0.98554831165617518,-23.590855203536577,-10.909852160348303,-0.17761768300498837,,0.1178068746218771,0.2666666666666667,0,2
-0.77174536329074817,0.60413957694087839,0.19855595134099518,-0.63585184488703883,-0.73801859424786842,-0.22587825459337491,0.010075990918043842,-0.30057266362411711,0.95370569270028094,-11.768578121029613,-1.1419967415772785,-0.69033616478895299,,0.1364530940251933,0.3725490196078431,0,1
-0.67212873667058082,0.73566190621535588,0.083931645314492917,-0.74036073343045083,-0.66932816937034845,-0.062175445970761127,0.010437707407950922,-0.10392959843532004,0.99452988533936926,-12.622060108481755,16.271318305764002,-0.2818853210200537,,0.07769715549909084,0.2941176470588235,0,3
0.73087823280760278,0.65919039677823321,0.17687574622709368,-0.68250786254091267,0.70596985264684442,0.1891813540590816,-0.0001624126554925566,-0.25898762122763352,0.96588062703057731,-1.2236829718150584,16.630895391581575,-0.20516952558896909,,0.3300378140277723,0.1142857142857143,0,2
-0.9838855061964743,-0.17826891856192315,0.013766022347471226,0.17611295206576422,-0.97952159837941599,-0.097579026552415418,0.030879423750946027,-0.093582215099865987,0.99513256916142234,19.168436033577713,-7.0134342981329176,-0.16443392519355735,0.7945279157763442,0.1871330993947295,0.2222222222222222,1,6
-0.52906937019089373,0.84785857602980164,0.034949056904682585,-0.84849785319622495,-0.52913825081603683,-0.0080065376250467585,0.011704471248512708,-0.033890213573549079,0.99935702267844706,-3.008413876116816,-3.9143560997412452,-0.91466613178143097,,0.07241376117458431,0.367816091954023,0,4
0.76560998036367378,-0.64294477882578704,-0.021526015613554494,0.6432430480952267,0.76464304239699921,0.039489223732851492,-0.0089296721494866154,-0.044079803703293376,0.99898810396359683,-2.6592060669845745,-0.75894300629925815,-0.9544826893741859,,0.06890799611180957,0.2508250825082508,0,5
0.93843503953906604,0.34361288636371146,0.03563510755016748,-0.34534545131221628,0.93573734287968746,0.071638986581503958,-0.0087290218967838416,-0.079534957504624193,0.99679385768144879,-1.9247464247210997,18.269909468107258,-0.17902170650842866,,0.2730694767610161,0.7972972972972973,1,4
-0.55512545523003642,-0.81470230870988436,-0.16761824822622537,0.83173457708847376,-0.54194649987165278,-0.12046403841944546,0.0073022072760177007,-0.20628654696719373,0.9784643776393952,-2.639318443619064,7.6315780673891549,-0.59061550817757369,0.578941589671561,0.3682846225811105,0.8538622129436325,1,6
-0.93254172746456498,0.35059244905927767,0.086318371161771101,-0.3605640950643389,-0.91680493664752261,-0.17164568590315665,0.018959427413237678,-0.19119006982934175,0.98136990850077133,4.3452303693588643,-13.112164190957253,-0.37564043429594574,,0.1372479917565541,0.2857142857142857,0,5
-0.53174376313753746,-0.83725259037315947,-0.12750164813744946,0.84680908131757693,-0.52335423127946912,-0.094945923556297135,0.012765193395041535,-0.1584564562121448,0.98728344527915424,-8.2490062954333574,15.278249155270323,-0.31532758341293454,,0.3272662876302267,0.4175824175824176,0,4
-0.74452238021302708,0.66701843264962379,0.027799925675598608,-0.66750092419040108,-0.74447726225214561,-0.014004363409698227,0.011355244025990124,-0.028983038060043275,0.99951540355210156,11.134904559914373,2.0874104539578444,-0.38423940407547263,,0.0829836502208318,0.4,0,5
0.96219319384007629,-0.27218195485608859,-0.010061867547919039,0.27229955262042421,0.96046783822272241,0.05791791935565186,-0.0061001123391854596,-0.058468069837210937,0.99827064137886012,-6.2498973675487735,15.941309142060064,-0.27968593057211938,,0.08290652289968914,0.3870967741935484,0,3
0.5288600827494746,0.84143745168050743,0.11086039772449376,-0.8480878044395338,0.51894826007407369,0.10695690406431431,0.032466734285267314,-0.1505845884395402,0.98806386073438801,8.6804198733607034,6.1031249995202472,-0.39852704362576469,,0.1628949180486673,0.2121212121212121,0,4
-0.42973712970919936,-0.89566272232608213,-0.11451762827063143,0.90241343479935965,-0.43039978538447704,-0.020149874307744915,-0.031240871353415887,-0.11200139542178816,0.99321684207460526,12.507685969169492,12.668056709229573,-0.16409445596068792,,0.2176150807831793,0.5833333333333334,0,3
0.86760371604815156,0.49519054849868493,0.045278168878698566,-0.49725621092019151,0.86404139908869193,0.078541208051239902,-0.0002293484914819569,-0.090657494662192986,0.99588210449874126,5.574304375112682,2.9535790585187534,-0.59442113924729179,,0.0739933867830701,0.2857142857142857,0,1
0.5513070650028199,0.82385550350463632,0.13161546042581246,-0.83415405444658963,0.54133200496760736,0.10557780944907939,0.015733198285548027,-0.16799336219884509,0.9856625673773125,-8.4558461783382253,-6.2678358274528714,-0.82530186536553263,,0.2825375919507342,0.2727272727272727,0,3
0.96859643979402976,-0.24824105708185434,-0.014046864319608469,0.24863785124840829,0.96695857691160025,0.056305678787019385,-0.00039464528924209105,-0.05803006217449859,0.99831475804934322,10.417831949399767,2.9864227847767579,-0.39214892527730888,0.2751592851440196,0.1114836052886826,0.2608695652173913,1,4
0.34717923603422951,-0.92255656794213026,-0.16839227124047873,0.93777023052607078,0.34012462028560791,0.070015979709285955,-0.0073193446270057288,-0.18222135336565035,0.98323029121962169,4.6169620131047724,-1.5461500074239998,-0.83188049619474658,0.5713608000519306,0.2668162513108275,0.2046783625730994,1,4
0.71889320931530687,-0.69411736212622943,-0.037331504058408738,0.69491041272316334,0.71631835702327629,0.063146889712770299,-0.017090110861576951,-0.071337921096698426,0.9973057851653826,-6.2896370306375857,13.833296072627395,-0.35935590612263058,,0.07293003431804668,0.4090909090909091,0,5
0.99986575101024233,-0.011712506727867502,0.011458496536367669,0.011112066951683078,0.99863012210143975,0.051131215511908218,-0.012041674500899035,-0.050997023617202923,0.9986262071753379,12.120805801924687,-13.94199297852072,-0.16603648945949481,0.1380732551109862,0.1354760985495499,0.5925925925925926,1,5
0.76595546869283804,-0.62252555477203175,-0.16054330766279329,0.64279442781596918,0.7371873628029908,0.20825492957506214,-0.011293517976122205,-0.26271034577904884,0.96480864977070813,-10.782861504495044,14.84232305318336,-0.33470698094281742,,0.2635692405595234,0.2,0,2
-0.49378974359189881,-0.85856283295844271,-0.13799112647492495,0.86956683045928507,-0.48660841198804217,-0.084058198573772919,0.005021602178477488,-0.16149958280084711,0.98686000439105437,-0.31507233168059068,18.930536764392475,-0.17418325721757563,,0.488764847329606,0.2105263157894737,0,3
-0.37390489342042571,-0.92558042101459692,-0.059127108086741847,0.92744475530146053,-0.37357737560881149,-0.01691656871373038,-0.0064309050742066302,-0.061162314113137967,0.99810711589100076,-14.999391329226722,-2.8360506443039339,-0.59834691960908204,0.3110755549850977,0.30827821625701,0.875,1,1
-0.42020786741158195,0.90608558937296035,0.049338148486399322,-0.90739728552947108,-0.42001858145732368,-0.014647779501551373,0.0074507972163198816,-0.050924414196270688,0.99867471664181451,-5.9089825241371505,18.987968662077538,-0.2002794199407632,,0.07278623069749768,0.2592592592592592,0,2
-0.56174601259589074,-0.81923335533521346,-0.11531750447709208,0.82730698628651222,-0.55590017007035519,-0.080858835987653074,0.0021372351637603086,-0.14082510579423368,0.99003218220616285,-8.2266117848288633,-12.366517532711304,-0.62662107915566712,0.6715535604782159,0.2465861737858898,0.3,1,7
-0.40320772474139227,0.87797373832522785,0.25804194527264951,-0.91504707568746801,-0.39008630868148042,-0.1025744659019427,0.010600942631754226,-0.27747934443932953,0.96067311476112249,-9.2759808332632705,-9.7461468096673958,-0.70762501756331542,,0.4165931925636359,0.3076923076923077,0,1
-0.60382421271573894,-0.79205013976061656,-0.089737930906643087,0.7971169744133435,-0.60011538278351195,-0.06682856012750607,-0.00092154236724849791,-0.11188433068033475,0.99372080953750686,2.4132268310259413,-22.789939680703359,0.00066193535353016141,0.3135433190952763,0.1596546738633267,0.125,1,4
0.92152798529092395,-0.38736182848653006,-0.027147488967168218,0.38821594890227384,0.91749141343024199,0.086590318741093061,-0.0086341961732121844,-0.09033449016488164,0.99587405355451097,-16.452044501984645,-3.502286011311714,-0.55922261167474152,,0.1095956182178061,0.4,0,1
0.91451606426123166,-0.40453776839046818,-0.003092273242717593,0.40444223446703409,0.91407059549825975,0.030023747680300687,-0.0093191838408931242,-0.028707845462828174,0.99954440242613662,0.47172887167347177,12.696127019127797,-0.30107930178527609,,0.08081378199769923,0.303030303030303,0,3
-0.98888523032238063,0.14577137385260233,0.029269571492893141,-0.14769776245875613,-0.98572437616423236,-0.080825894367538911,0.017069628435605014,-0.084250583385283018,0.99629838250611957,10.192675069332378,8.9344308208439696,-0.25814388071766509,,0.2352037154700769,0.53125,0,6
0.99801207386215918,-0.061447295949945135,0.014004650862922852,0.060063064016852089,0.99465946497265301,0.083934361743113736,-0.01908739810084251,-0.082926344190228179,0.99637286829428673,-16.911745325679604,10.163828563912688,-0.35758607481362104,,0.2555970791825116,0.7333333333333333,0,2
0.064094073677232535,-0.99665113424242446,-0.050778601130271495,0.99785072158968935,0.063309899138027023,0.016905445692739503,-0.01363404350861493,-0.05175300266093328,0.99856684281683594,-8.1180641666444977,-1.5717523626227368,-0.88254763779105094,0.2314264458493117,0.2292135742692295,0.6666666666666666,1,5
0.99995041134305218,0.0099012003943868068,-0.0010682160885326537,-0.009743289323936425,0.99486799894250955,0.10071113639155123,0.0020598951457958502,-0.10069573432314678,0.99491513503469786,2.7437581541514158,10.900407772925524,-0.33941731041504664,0.8749307123932522,0.8126453204383266,0.5740740740740741,1,4
0.013046278874728567,-0.99436596784685916,-0.1051956111037933,0.99935028727770381,0.0094316336467637138,0.034785738524901376,-0.033597588090402947,-0.10558108862258878,0.99384296334973132,-9.3502236476296243,-1.5404213896821992,-0.83861075796657292,0.2215823160330203,0.1750525228765318,0.3985507246376812,1,5
0.2400691646975755,0.93232166842897801,0.27044981556513453,-0.97072655227640214,0.22839531353183201,0.074333985916711628,0.0075337153502196734,-0.28037811493499826,0.95986007094707237,-18.608098856556889,22.453637089265087,-0.16924016507902004,,0.5241292770543395,0.1904761904761905,0,2
-0.25079226762114415,-0.94378897642975113,-0.21532674351117456,0.96792011103480835,-0.24799292254464544,-0.040375351665709741,-0.015293696603786017,-0.21854491148834421,0.9757070382582792,24.560834464685193,-13.910792369632135,0.077208891247380673,,0.3193335427819274,0.5185185185185185,0,4
0.86111250946351381,0.50671132621319281,0.041579777930122651,-0.50841177387006253,0.85848841239521856,0.06719459779948489,-0.0016474937776376679,-0.079001757388082836,0.99687311534309542,-4.1725864526386696,-11.174876728250952,-0.66733903507978287,0.4545583233180725,0.4048803030937774,0.7992831541218638,1,5
-0.93507605918802927,-0.34876856971836273,-0.063192153864169653,0.35444164455426003,-0.91908979099462629,-0.17217745698878686,0.0019708219242041856,-0.18339694890063343,0.9830369652230182,-6.7606872138692315,10.223587340766461,-0.50823294092955751,0.339400823354012,0.2936925773431492,0.1630434782608696,1,6
-0.52455541150687035,-0.85097593289817874,-0.026107123298656575,0.85136230710515237,-0.52447597508746657,-0.010352468142548463,-0.0048828577133877733,-0.027657063910049226,0.99960554446062633,3.3636878429037655,7.9387580724201969,-0.44984771472968615,,0.06448570094680302,0.2045454545454546,0,5
-0.10978256604076311,-0.99366780940936572,-0.023918042083271369,0.99388584412052794,-0.11002821022450626,0.0092044452096203058,-0.011777820270768716,-0.022761315831548751,0.99967154878554243,10.782602572198808,13.864022859305589,-0.16977851175451958,,0.09417000609349231,0.45,0,4
0.9926140784535078,0.1202316669662504,0.016175212963375797,-0.12117668466576711,0.9889925474303185,0.084911437514054208,-0.0057881213970616069,-0.08624434697884012,0.99625720085974123,-16.590669021865907,-12.533631616476315,-0.40530131996038965,,0.1658221123323754,0.3235294117647059,0,5
0.76639253109419248,0.63503790385053094,0.096795397391409271,-0.6422607311261771,0.75469855445211698,0.13390759934056451,0.011985054705974045,-0.16479366668961773,0.9862552437795632,-2.7731160823718999,10.558209851297518,-0.44243775401416702,0.3271161288884115,0.3367796447282586,0.4906832298136646,1,5
-0.30746124633970318,0.95092182176750295,0.03486073558617777,-0.95147889151038301,-0.30770856187675832,0.0018330187969191156,0.0124700043868891,-0.032605671808908131,0.99939049883240361,0.79495696226037682,-2.3013952587717994,-0.916075293321024,,0.09463791438984567,0.503731343283582,0,5
-0.96727558267124036,-0.25227040261382794,-0.027158629071984703,0.25369872442706232,-0.95997850143929653,-0.11865173407263664,0.003860620687663329,-0.12165903476281298,0.99256444368538932,-11.650983792311694,17.268459023219464,-0.26611664957382786,,0.08395486245522671,0.1851851851851852,0,2
-0.99812255839853714,-0.060678660042842995,0.0083341845050676731,0.059997639397299497,-0.9960047872463339,-0.066141870620185367,0.012314287746801544,-0.065517661724078816,0.99777542278786302,3.0183066447347122,-21.043268339198999,-0.068484477565084204,0.2107932185329293,0.2240720450565339,0.5967741935483871,1,5
-0.92916057074787617,-0.36814701007005524,-0.033591855321790751,0.36966878706622053,-0.92588033104537226,-0.078042299122346823,-0.0023709990448829805,-0.084931687607106579,0.99638395551300329,4.8693717850875071,12.65930201823145,-0.28525963828716305,0.2410073143592195,0.2847883636379761,0.7368421052631579,1,5
0.81632233650583974,-0.57757669377892784,-0.0047964283638421337,0.57752287593647256,0.81605730314571312,0.022755345583213359,-0.0092287968724206765,-0.021345743977395946,0.9997295576916484,-5.8700125717891547,6.7619860204304763,-0.68918572286652391,,0.09104028786039033,0.4780058651026393,0,5
0.99485620452027157,-0.097927383504944426,-0.025910613412168833,0.10109427039975449,0.9436484896331907,0.31513088789475913,-0.0064094321012611085,-0.31612933361659656,0.94869445218535231,-14.759796708761971,13.798357227553728,-0.30753527705045941,,0.155099247432386,0.1538461538461539,0,1
0.97856839139462171,-0.20592012577917201,0.00089730843782558631,0.20583544470212206,0.97827378687026889,0.024742021477308258,-0.0059726934981005715,-0.02402706227556593,0.99969346662403669,-2.9539485671860399,3.5727105869186748,-0.77024615763909465,,0.08285865697932353,0.2453703703703704,0,5
-0.44227614706433782,0.89325627145967745,0.080529766148171242,-0.89681462872368967,-0.44153326897533113,-0.027782982114022386,0.010739247884018472,-0.084508022612724998,0.99636492444734936,4.5574960164467226,8.5635132947120542,-0.40959737937658458,,0.08099110809281393,0.2926829268292683,0,5
-0.093503546315602606,0.97765096427361486,0.18829678404390499,-0.99558211043550726,-0.093439550722525508,-0.0092364355437738258,0.0085643567877373081,-0.18832854912530816,0.9820687396395269,-0.96699967734905845,-12.986306801494148,-0.54631430515922064,0.9697787671477215,0.562809711083014,0.3535353535353535,1,4
0.85316399770450579,0.51625534064724454,0.074777110629286866,-0.52159212240362329,0.84227287350128821,0.13608109497783685,0.0072698602015800308,-0.15510264284363801,0.98787161074482188,-4.2660109754271609,5.3154597736700149,-0.71589012323856105,0.5198374781542565,0.5202775395738289,0.641914191419142,1,6
0.96309886351004614,-0.26878973848190463,-0.013880042956915981,0.26904781158164015,0.96005363680590106,0.07687840749451022,-0.0073385413255453768,-0.077775902068642433,0.99694385743060809,0.41962003807719439,8.468216679468064,-0.52826990903664928,0.64600270966935,0.6122595893383521,0.7324749642346209,1,3
-0.24873457515323602,-0.96448377780489669,-0.088894057588425751,0.96857054132978826,-0.24754337745412835,-0.024359448818156437,0.0014891579703398409,-0.092159202632174017,0.99574317159533754,-7.227514935641314,-17.279006097668965,-0.3167205745298794,0.5526627330183325,0.3720438082309074,0.625,1,5
-0.86228084070426803,-0.48365575768244334,-0.15016277772791287,0.50643030351104157,-0.82368774386642563,-0.2550820422725833,-0.00031534117288881168,-0.29599933896017261,0.95518809241692559,2.8462460270525218,-13.969640707900147,-0.39904450299080496,,0.1076328732031318,0.1428571428571428,0,2
-0.46336130859313673,-0.88569799274079175,-0.028902653057942786,0.88615549265766902,-0.46329056262530433,-0.0095024951971922709,-0.0049739854743960791,-0.030015333369145983,0.9995370624600366,-12.668675698575072,-14.759361637288048,-0.42994027918383576,0.2023572241526834,0.1676401870263423,0.5588235294117647,1,5
0.65866117498808796,0.75038208530442141,0.055607397147314309,-0.7523559523057376,0.65568455803356207,0.06354747348604034,0.011223974048348836,-0.083692809789850706,0.99642838979830428,-10.917425942803337,-13.890326978168643,-0.48937017375142972,0.2728657221301573,0.2122588951284451,0.5957446808510638,1,5
-0.16874784580914723,-0.97635940705621271,-0.13507950543147595,0.98553301612728639,-0.164940992028246,-0.038976188523137396,0.015774620687209109,-0.13970246025599536,0.99006786835074878,-1.680113557886711,6.8403821126412252,-0.63390610922713753,0.8442472389212859,0.6134228137857056,0.4795486600846262,1,3
-0.98279297558940681,-0.17977828174917099,-0.042399723388654734,0.18422105724833415,-0.97071484935276275,-0.15419235815158971,-0.013437603894471205,-0.1593500883506434,0.98713068037834606,6.075298840794205,-5.5080789801420158,-0.64196924107967812,1.048342410670015,0.5033110916615894,0.2682926829268293,1,2
0.72217053670155185,-0.69169089414396778,-0.0057812523307947134,0.69164334288466145,0.72195010226525391,0.020433699677776612,-0.0099600282893521266,-0.018755180551228844,0.99977449509325211,3.6937822414014185,1.2099234223171251,-0.80485955028476464,0.3205513048700998,0.3017581570506885,0.9101123595505618,1,5
-0.18679624375444562,0.97816043037169065,0.091155558109739993,-0.9823933320441367,-0.18629548049009242,-0.014047601367624929,0.0032410606979505845,-0.092174651635002589,0.99573758045055116,18.212971635527072,-4.3739647878815511,-0.20196748819700291,0.8218025150510886,0.7136432486834537,0.959349593495935,1,4
-0.84395306712628004,0.52825178797470196,0.093237701546501309,-0.53628627413018237,-0.83474145041509296,-0.124914943615539,0.011842831912628509,-0.15542444936507555,0.98777679051081746,14.471206733028666,-5.1929973998563685,-0.29822637542981512,,0.0947664229851457,0.25,0,5
-0.32373994976579096,0.92377071852630421,0.20454853829602157,-0.94604754233859734,-0.31917130995237653,-0.05589027230551042,0.013656227910492928,-0.21160655589248598,0.97725952179683429,3.2879242628584389,-8.4121043386488861,-0.56107308301071968,,0.1120462863026945,0.3181818181818182,0,5
-0.42087778727653463,0.90543848514162084,0.05516373629165789,-0.90711317280145243,-0.42028147330269922,-0.022564904799165734,0.0027531631428180268,-0.059536819053086922,0.9982223135503181,11.466415867344081,-7.6877839533573988,-0.33320278454827557,0.2768199022399813,0.08601639883478714,0.21875,1,5
-0.94310004193174413,-0.33169689200110741,-0.023226767858418894,0.33250213696073522,-0.94032407049965183,-0.072339279478792776,0.0021540252755361069,-0.075946127457376791,0.99710959573125202,-10.475135165692713,15.665899720793741,-0.31089935531467777,,0.09376904220417367,0.1428571428571428,0,1
0.13110060295326406,-0.98241927234796766,-0.13290976346596794,0.99132628588950789,0.12866593161989381,0.026781951850034146,-0.0092101471108403735,-0.13526807221097586,0.99076622965789563,-0.2738732711694114,1.8384351886946708,-0.86044067070054264,0.5294350849816344,0.4978827187380609,0.8701586130579122,1,5
-0.83459973468597137,-0.54600478657713902,-0.0729524221459463,0.5507730331059244,-0.82481214386112645,-0.12780451221499908,0.0096098317054860109,-0.14684583880405486,0.98911270882570645,-11.762084251633969,10.832831668109298,-0.44360272919303495,,0.1953348618818456,0.2903225806451613,0,4
0.89846857938100932,0.43621161617734105,0.049735679114917906,-0.43903683468800614,0.89292349571026086,0.099670901449237945,-0.00093255144979173619,-0.11138696836039337,0.9937766719073623,-14.809533844771376,18.791313594832715,-0.24159394640944176,,0.09174701612008615,0.3125,0,1
0.24499013844699308,-0.96925295297476288,-0.022990111209498423,0.96947733504908562,0.24467253023436197,0.015781310935340437,-0.0096710335458942889,-0.026154657298790737,0.99961112689472231,-10.177214178994456,-12.949653219247971,-0.54041704797794332,,0.09158378144206625,0.4473684210526316,0,5
0.98124376111006539,-0.15857841067332093,-0.10960642750722849,0.18038987286909638,0.95583697807983914,0.23202406147094598,0.067971869540604662,-0.24744405226944868,0.96651501072028367,6.5628043450930473,3.3203777795597147,-0.54475348625882924,,0.08332147039984465,0.3461538461538461,0,2
0.71936959147767598,0.69445722769926721,0.015380174039691325,-0.69408113264741478,0.71774948669752592,0.055561278317917205,0.027545819285781113,-0.050644182703320835,0.99833681420560116,7.0477185209611557,1.0749424818333126,-0.58363304621673506,0.4630596356697963,0.2092042394106808,0.2307692307692308,1,2
0.6713861106238258,-0.74066758311193848,-0.025538633254980916,0.74108286496943176,0.6706824622480192,0.031324464586539556,-0.0060727020436880004,-0.039957053946135399,0.9991829442748883,-8.4664198302960827,12.407063904370464,-0.39706650465431809,0.8396330893731399,0.4824147391246268,0.5934065934065934,1,4
0.99843091629162839,-0.055819411253914097,0.0044607981711574669,0.055668066670046736,0.99803162620091468,0.02887800990330068,-0.0060639711639013019,-0.028584373878437624,0.99957298974296971,-2.1019022828995775,5.0560228826521412,-0.70507457376590776,0.1576518772907199,0.1064667638657943,0.621867881548975,1,5
0.98618886568972652,-0.16559929701318493,-0.0028972432329335425,0.1654647111572588,0.98431729596052109,0.061162817418872452,-0.0072767129431299893,-0.060797481047395303,0.99812359743021606,-14.192379004725458,15.614056512702692,-0.28424410337271949,,0.07030905550241399,0.2352941176470588,0,2
0.89847220897972546,-0.43870289643847626,-0.016954596650561954,0.43902794738914847,0.8976679597666859,0.038035449512083153,-0.0014666636843132738,-0.041617336108965335,0.99913254687895636,-10.572490773301707,-3.0621554492843512,-0.72345873721486686,0.3154450519920997,0.2512883872557243,0.6593406593406593,1,5
-0.85332309358079272,-0.51665883806187973,-0.070023874601841396,0.52089761457287687,-0.83901492159375135,-0.15722479599388436,0.022480504753961721,-0.17063881854835977,0.98507716474925322,-12.24017748645503,14.758545879552877,-0.32785716956684779,,0.2049404699331928,0.1621621621621622,0,3
-0.3014086665548058,0.95210590598569578,0.051450554057387909,-0.95343818891811039,-0.30154089901756631,-0.0053578103953537065,0.010413243404848832,-0.050669813566226289,0.99866117094585982,-7.9187657635419573,-22.20754791321075,-0.015171085292609274,,0.1102734884953955,0.4285714285714285,0,2
-0.8990543288919578,0.43753574203939644,0.016241555918876403,-0.43771635700076611,-0.89905887854237221,-0.0098754102755245383,0.010281270087363136,-0.015987725046629264,0.9998193277453804,5.626997147328777,-4.3385991893019602,-0.69790906138135644,0.5921222543531588,0.5919478912848737,0.9959514170040485,1,5
0.1789751935332006,0.98301755249404155,0.040550851882277195,-0.98381537865025281,0.17845292479742048,0.0161819146736897,0.0086706880357785097,-0.042790713009614186,0.99904643237895385,-2.9297409153526046,12.306747848369188,-0.32640770978482309,,0.07683860230768096,0.2909090909090909,0,2
-0.5152329489470292,0.8560517115161681,0.041357895613617468,-0.85688071489590845,-0.51357136386491642,-0.044720181768485599,-0.017042557285357869,-0.058480094290010894,0.99814309085070885,3.9713903187428943,3.1147611469581906,-0.67355438216282548,,0.2070101491498609,0.4634146341463415,0,5
0.52692406537214898,0.8344151304712758,0.16156243180978197,-0.84989837052964068,0.51621676460305665,0.10579703074195158,0.0048774073797715391,-0.19305864907679127,0.98117509595071528,-4.4694884514855602,20.123233280388831,-0.15915103470796571,,0.5632694886486855,0.3333333333333333,0,1
0.62393564494940879,0.78087994594188037,0.030509359012792812,-0.78146587122559474,0.62325603967878729,0.029376880595738099,0.0039246746600894722,-0.042171305762570201,0.99910268636366539,1.702162176684664,1.8790484027838341,-0.82534096941047363,,0.08913384896040266,0.5329949238578681,0,5
-0.90832609593394764,0.41805360996210239,0.013224320135569796,-0.41820807975020191,-0.90826442065817781,-0.012559625715521557,0.006760582596384933,-0.016938753322469878,0.99983367274704182,-0.7935769623830079,15.095394285830155,-0.2309876431948639,0.5538789444517119,0.3589159802017479,0.2368421052631579,1,3
0.99990807055751985,0.010907304297644029,0.0080548834191492592,-0.011550286705752368,0.99634434856175991,0.084643546511571646,-0.0071022046543596966,-0.084728801490403877,0.99637873767310314,-12.678561670244369,11.801926035566682,-0.39910818442083912,0.1498089312811166,0.1231481879326503,0.3076923076923077,1,6
0.20773593239999252,0.97800108244204909,0.018964839363558736,-0.97817923470615487,0.20776190788716467,0.00061189931005676114,-0.0033417330213655078,-0.018678125528680607,0.9998199640170965,0.11434823491312769,6.123217860322443,-0.68539825121411357,,0.4582440737794448,0.9720708446866485,0,6
0.83783302290790374,0.54351045742673765,0.051305052312440404,-0.54572221437501456,0.83124158608504806,0.10594663892943458,0.014936213128993091,-0.1167638995177513,0.99304738119929292,12.859848719308223,1.0873042576639842,-0.33865306543253842,,0.153658419330275,0.3529411764705883,0,8
0.45700165334848319,-0.88909639029566456,-0.02563391503405664,0.88943699632320228,0.45656490467373972,0.021220683113888503,-0.007163686782227615,-0.032497639660126774,0.99944613912316838,-4.1458475089203439,11.338941997136418,-0.42524612151458491,,0.08016894521101031,0.4404761904761905,0,5
-0.024098022052449777,0.99748535732934862,0.066650185646416282,-0.99966070027262133,-0.024702640760217179,0.0082621952243037804,0.0098878543482647015,-0.066428468693879777,0.9977421956013357,4.4520587721497629,-5.414168723753499,-0.6765955992286401,,0.09155452894102178,0.25,0,5
0.18057601842828794,-0.97287821431874999,-0.14456929712960004,0.98310353940943818,0.17404903435037442,0.056695365263282942,-0.029995539155372751,-0.15236441102062556,0.98786909754537611,14.736254568741769,-6.9279228214491217,-0.27284120065838435,,0.508151290931976,0.3125,0,4
0.64876269132187603,-0.7597459584548466,-0.043509182482797844,0.76080009498190904,0.64625929697169027,0.059431780666354343,-0.017034841481891706,-0.071658912140653341,0.99728371814970662,8.0149615936398924,10.066402098634473,-0.28997558569107607,,0.1335163772849569,0.1212121212121212,0,4
-0.09815680070171473,-0.98218956708909633,-0.1602151577639859,0.99517096068963673,-0.096882620710632514,-0.015764415761672434,-3.8419669372813301e-05,-0.16098885708512489,0.98695622315194687,-7.4727572266209581,11.47808329315437,-0.42364870358490359,0.520151863935121,0.391274069504428,0.5728155339805825,1,4
-0.60678274355097317,0.78178063020420607,0.14364452083622165,-0.79309193620504348,-0.60753208691404026,-0.043702907184828943,0.053102569196685608,-0.14044148107800872,0.98866390018920269,11.773824191337496,8.0010283872438901,-0.23653025991576249,0.4786439167309132,0.4111808437843022,0.4705882352941176,1,5
0.99248868229059306,0.12043346580246042,0.021494088487040264,-0.12222938773014783,0.98354468297696818,0.13304072069425607,-0.0051178413607985323,-0.13466861884842168,0.99087747516898517,-1.3933389562866063,4.2011574981425639,-0.75112807026694473,,0.07163548924800392,0.34,0,5
0.76441539977715034,0.6360105846802222,0.10563916299489526,-0.64471971413672602,0.75347853735584491,0.12886653540603726,0.0023636385084188846,-0.16661521514801408,0.98601915969933518,-2.3998128656414313,-11.238594137358653,-0.65542248118891366,0.3033067078251296,0.2905122482833397,0.6515679442508711,1,5
-0.92494664758864342,-0.3796903168512677,-0.017577326415458134,0.38009407059037875,-0.92376975884542611,-0.046668299140864573,0.0014820987037495149,-0.049846724386353881,0.99875577968359452,-9.81238031475017,9.1441816777947533,-0.52458740264993142,,0.07927328625532751,0.2,0,5
-0.99991511138814404,0.01292160259484596,0.0016739784995272932,-0.013029581845159965,-0.99166613682902216,-0.12817372220367249,3.817890343043594e-06,-0.12818465295418474,0.99175031874582176,-4.4085222458714908,-13.366442706457066,-0.57162002255487432,,0.1910545658542984,0.2631578947368421,0,5
-0.25070029294237023,0.9633209560093523,0.095718853063737869,-0.96762837712807659,-0.25232783165972872,0.0050979551179205782,0.029063497640417168,-0.091342219609155756,0.99539535463140383,2.9645281099782421,16.092319529929764,-0.2305340881983641,,0.1290807935107016,0.4074074074074074,0,2
0.4516817974323537,0.88354715323837685,0.12380622711575451,-0.89213677644567546,0.44864221394731119,0.053029576441583987,-0.0086905685312773009,-0.13440458276716138,0.99088843072759092,-3.2546512659226821,15.76402236515014,-0.21982472716091092,0.9538361735239094,0.6769912105518303,0.6568627450980392,1,3
0.91487768589259388,-0.40350657588060762,-0.013463397673704615,0.40363390507701019,0.91341689239998014,0.052433303831120409,-0.0088594880267425565,-0.053404343451360838,0.99853366772104057,6.8939488782265439,-5.7389863602966749,-0.61461742921759865,,0.06179759495654813,0.1071428571428571,0,2
0.42369545299426647,-0.8986176499695232,-0.11387924426880489,0.90568013441988415,0.42236083108229155,0.036807913342866455,0.015021891663947219,-0.11873351477458557,0.99281251766892464,13.052169800835573,5.6389631743980715,-0.25299240636107834,0.6156613379437458,0.5740662834291921,0.6103896103896104,1,5
-0.76793982731015131,0.63722074683673957,0.064947220353784904,-0.64044240278184861,-0.76548534786490796,-0.062174841561142571,0.010097046591328653,-0.08934149094888004,0.99594987205439378,-19.311258267062453,-14.033320383029686,-0.19911184602521348,,0.09750460547035758,0.1333333333333333,0,1
-0.33218910655946809,-0.93815288233466754,-0.097568267640547671,0.94316884751910124,-0.33139033695348047,-0.024758223751890969,-0.0091061821150453248,-0.10024776277311065,0.9949208327833291,9.0334974991275434,-3.0485729298016904,-0.54394799495898116,,0.2212820108740211,0.25,0,2
0.68819753107759074,0.69709965004570462,0.20108763294858778,-0.72551347525292276,0.65977969695389405,0.19575737205493823,0.0037888580253691261,-0.2806115275493597,0.9598139482010456,-3.5255529037756124,0.34681942150771455,-0.89096357774956425,,0.1044986409732284,0.163265306122449,0,5
0.78379484388726384,-0.60914821651612794,-0.12084739554893772,0.62093796107034149,0.76555033081511537,0.1684302214291597,-0.010084205350354808,-0.20705347450378389,0.97827765358223528,11.685849300671952,-11.538640948411125,-0.23363702642869671,,0.7237433648055746,0.3157894736842105,0,2
-0.85773272949820778,-0.51240162105754283,-0.041703039279599473,0.51391803695290794,-0.85674373698985828,-0.043340747837585826,-0.013520948266413734,-0.058606722022767808,0.99818957923418627,-2.2597303585334472,-18.604230543398305,-0.28636533772342082,0.5328189308355384,0.4018117740725675,0.8765432098765432,1,5
0.9033079943873803,-0.41898301180308267,-0.092129816543106244,0.4287622337253123,0.88879483820354566,0.161884781599796,0.014057532028385696,-0.18573360332247618,0.98249957475314942,25.014913855224879,-5.0180419435606369,0.020617295152154262,,0.2267873704603577,0.25,0,5
0.017304288950677142,-0.99803366710000296,-0.060244177468301054,0.99914278079023056,0.014994362699963987,0.038585912999272852,-0.037606717201545251,-0.060860236790063547,0.99743760025335948,10.194941203582564,-0.19249321465111915,-0.47376608857562141,0.2597983795983871,0.1642612130041819,0.36,1,5
0.73959400078186466,0.67176439355412598,0.041633082522570156,-0.67296173383355151,0.73909747502144929,0.029281858080681719,-0.011100396534084098,-0.049674157967442338,0.99870378953271743,6.5509087787106859,7.8739140470565898,-0.40194045987142474,,0.7234362633711546,0.8863636363636364,0,2
0.75522962105521307,-0.65159567744565661,-0.071072446242805953,0.65539862114578229,0.75219370674165054,0.068244230074524265,0.0089926014594060091,-0.098120847287380422,0.99513387664504704,-15.978664956131057,9.5751444201411999,-0.38759637447486595,0.2226291437776762,0.2159051733543589,0.71875,1,4
-0.23369862839694483,0.94859518792206587,0.21342942753164382,-0.97196836839975809,-0.2337295786828425,-0.02545535069590198,0.025737946998490135,-0.21339553298942196,0.97662679903044924,9.3585969008383945,-10.282395665699136,-0.35333875509729479,,0.335103417485082,0.1333333333333333,0,4
-0.67342756859204445,-0.73841071430133365,-0.03528352115650444,0.73924689137464095,-0.67285169142074042,-0.028011336012024719,-0.0030567062562596474,-0.044946839235289866,0.99898470368150272,0.14783393408259146,23.605701426466272,-0.12971795231463282,,0.1126584828863904,0.2352941176470588,0,1
0.66991699121681469,0.7398944323246075,0.061379588578418853,-0.74241765255778347,0.66702583657661962,0.062390403988515281,0.0052205411213368915,-0.087365681788139998,0.99616262909029707,-6.6454213594706912,-23.99488765757085,0.059960550316029183,0.1795684774152373,0.1622650288222212,0.8235294117647058,1,4
0.60971591170854689,0.77070988408884789,0.18507507011256505,-0.79261847185803103,0.59239804305259569,0.14429316219729635,0.001570056959386048,-0.23467175619407291,0.9720734034865548,-5.5861528993829017,-4.7252120907288893,-0.90751394094207538,,0.09524287316803301,0.2678571428571428,0,5
-0.80494391913000096,-0.5929657001897366,-0.02137675031731872,0.5932669782985881,-0.80370168397257447,-0.04580279074586685,0.0099789536573766085,-0.049550797956668474,0.99872175249453743,6.0174085129094053,-16.552548012017493,-0.22801082867591466,0.3976916656818014,0.3708588250268887,0.6590909090909091,1,5
-0.42377600963121476,-0.90093843621081804,-0.093401433709828133,0.9057241419259191,-0.42250028744782098,-0.034018904142653669,-0.0088131942905528785,-0.099012328851085199,0.99504717794780095,5.8870087275764753,4.8409872264372389,-0.4953284907871201,,0.1339239914730999,0.2708333333333333,0,5
0.33709812536726641,0.93433486701088098,0.11568582524075732,-0.94137627287321801,0.33278101854974312,0.055385075284996609,0.0132501601954081,-0.12757409604130382,0.99174053223312442,-9.9175125692944395,-8.3912285087123788,-0.74629726386206774,0.3369086007159629,0.239170886442983,0.43125,1,5
0.65979904809273049,-0.74802961270712731,-0.071532612486546326,0.75128196239142697,0.65469767008337532,0.083344908498868872,-0.015512224895601013,-0.10873205277480752,0.99395005487104993,-2.2019379700748658,8.9908920109488015,-0.50371988680094715,,0.1564020078419342,0.2647058823529412,0,4
0.98414197693639871,-0.17738121027692902,0.00068954507315007883,0.17478787058475734,0.97040147978281432,0.1666438367650275,-0.030228621009933399,-0.16388067084319263,0.98601691476151754,3.2508590841042526,-12.567194492560244,-0.41326049295587564,,0.1223181584148112,0.5409836065573771,0,9
0.74372813122880133,-0.66767493545619239,-0.032842767582612099,0.6683087306981651,0.74151798705731331,0.059283347940875704,-0.015228502602801456,-0.066039801892804603,0.99770077542038482,8.2392167815746795,-8.4095075189942747,-0.43875417287004381,0.3579268619311654,0.38140290233477,0.7431192660550459,1,5
-0.21641793764504025,0.97437407933374787,0.061306033862740826,-0.97604215461672306,-0.21737897458037111,0.0093858308919295072,0.022471953110778167,-0.057806011217678817,0.99807488516167409,11.001142488458878,-17.351694410480604,-0.084138992757632855,0.4647302877378949,0.2990250112458256,0.5357142857142857,1,5
0.19133409513420965,-0.9759187529055332,-0.10475615383586404,0.98147540085139795,0.18915903971880263,0.030412089968457279,-0.0098641554510405134,-0.10863445779296026,0.99403282290740702,20.29169967002057,-10.624573133087857,-0.076557498194034526,,0.2486097697727369,0.6111111111111112,0,2
0.95001839941486244,-0.31139943747741189,-0.022258281873801206,0.31209898537132841,0.94555455147797263,0.092308252661810281,-0.0076983182195581486,-0.094641325635478127,0.99548167003644472,-13.435039639542637,13.6295457979987,-0.33287600434540981,,0.07003605415898591,0.2857142857142857,0,4
0.96313042350163025,-0.26531870384323852,-0.044562009789899971,0.26893965397977637,0.94508273178229163,0.18571508448200938,-0.0071588995529563498,-0.19085233946133776,0.98159265211151925,-1.7955953370675171,3.3982274419879426,-0.79522684795244358,,0.07908512184510136,0.2641509433962264,0,5
0.33295143269214228,-0.94080599469915005,-0.063461987097746406,0.94286984003122409,0.33301433127956481,0.0098954495562259878,0.011824052932287934,-0.063131097729793959,0.99793519642895023,-3.6154623028797102,18.423168315085039,-0.18125448324439483,,0.106627755904319,0.2413793103448276,0,3
0.18476039720276438,0.98139525180981846,0.052220258048190193,-0.98277159400347613,0.18423454617599938,0.014752152900176658,0.0048569172675039188,-0.054046199870725273,0.99852662389852676,2.7054219299313518,8.6415568420766125,-0.43545506822202112,,0.1093433666846407,0.2650602409638554,0,5
0.90162482059472948,0.41759268951911321,0.11264558823014217,-0.43246183338217054,0.87462869851263036,0.21909222351748023,-0.0070317533555316284,-0.24625390433106886,0.96917984349987951,-7.9445380094696771,16.850683020853335,-0.28560371749969404,,0.214635728218481,0.2,0,3
-0.99988097452688018,0.014791849204738762,0.0043861117496590968,-0.014856967782086929,-0.99977400586420595,-0.015205515662425105,0.0041602028193658529,-0.015268870139682672,0.99987476931721742,1.5805203748241163,3.7740331492862094,-0.73547799155159899,,0.08804914410288001,0.3762376237623762,1,5
-0.93468875856989364,-0.35413256146978989,-0.030774234513920473,0.35516890592646616,-0.93394392046306574,-0.040047492968680362,-0.014559287965738493,-0.048361992689765987,0.99872375800168411,-13.677330627906235,12.203114470815114,-0.36133622976679186,0.4909230027364136,0.3665033521036366,0.897119341563786,1,5
-0.73805989100462288,-0.6708103509492388,-0.072670973225917951,0.67458988359832239,-0.73584385602450708,-0.058841384227304554,-0.014003079555756016,-0.092451568998814362,0.99561871273726632,-9.5752636061908891,14.876270088239634,-0.31519704436042045,0.1963299595580581,0.2293802993894244,0.4929577464788732,1,5
-0.42634537476768386,0.90306563645213112,0.051981512805136965,-0.90454940812992302,-0.42591966126284941,-0.019565541176917257,0.004470980430431256,-0.055361524627189983,0.99845636455728182,-4.0012289968991848,-3.3249956731252444,-0.93315895497424406,,0.06851848558241591,0.192,0,5
-0.31655952041046387,-0.90660618134899806,-0.27902562960646443,0.94854725943068841,-0.30469845872783713,-0.086121692246554207,-0.0069402207476919366,-0.29193163786864107,0.9564140066662058,-11.436366563097204,-3.0036762369913386,-0.681238186566959,,0.1134193342009114,0.5,0,1
0.91347163298483258,-0.40575590185891103,-0.03052415172751741,0.40380825221837552,0.89473761152865683,0.19074459876057903,-0.050084640084197656,-0.18656568447240013,0.98116500865296896,-14.505604692616464,-21.634923698444794,-0.0037452978405251585,,0.2258739822274433,0.28,0,2
-0.64906483689955385,0.75779851896901318,0.066755090809059447,-0.76068670853185449,-0.64749061475590564,-0.04595253274839553,0.0084005335264350084,-0.080605883478747239,0.99671065138538639,5.8249827023827869,11.932176024990364,-0.28779629241342919,,0.0908567549153307,0.3181818181818182,0,3
