axis_00,axis_01,axis_02,axis_10,axis_11,axis_12,axis_20,axis_21,axis_22,location_x,location_y,location_z,dbh,dbh_approximation,score,reconstructed,number_clusters
-0.93389198046498534,-0.35274984058201408,-0.058423615024676585,0.35675247466887472,-0.93021540854295137,-0.086179844087259053,-0.023946620655572178,-0.10132543450996902,0.99456508870990679,5.7145871866921425,-17.983325776148121,-0.67305025985469424,,0.2335125554347852,0.3333333333333333,0,5
0.15811644935553268,-0.98571109352080577,-0.058076058347796715,0.98588657956096482,0.15432044229837649,0.064906496827476248,-0.055016730953238002,-0.067519191337359022,0.99619993882572,-13.790825445818736,-15.347002674451391,-0.8924878998724064,,0.5252872831769819,0.7241379310344828,0,1
0.38725918397791498,0.91998177188598229,0.06052985893169336,-0.92046077317225228,0.38203465993278929,0.082471108038998514,0.052747412030368861,-0.087653054753210752,0.99475356371140067,-1.6084999693579913,6.2973917453427877,-2.5267455718002738,0.4791120853307077,0.1834892922642013,0.1758241758241758,1,4
-0.77807344523330235,0.61701497738776268,0.11787379480595844,-0.62785588884473531,-0.76983079584845537,-0.11470627099823393,0.019967390058938592,-0.16325765967485781,0.9863813866308111,-14.286787699959083,-13.035378120260066,-1.0607081386873012,,0.06100339444671716,0.375,0,1
0.59601239147056673,-0.77472566372217644,-0.21111460201456836,0.80223926958752467,0.56326288386212797,0.19785620534871726,-0.034371260454205049,-0.28728917423660877,0.95722700903246405,-0.32355633655445548,11.871832176281519,-3.0470633185383176,,0.5177546628929786,0.1538461538461539,0,1
0.70389927368926553,0.70879058815550289,0.0462786629225777,-0.70636976863604661,0.69167299499145896,0.15043343363961201,0.07461610051981285,-0.13857983309891198,0.98753636257177679,7.9598664752532153,4.5770253726632948,-2.5136173262475485,,0.3187535094188721,0.1904761904761905,0,5
-0.58801498635637883,0.80882055695812416,-0.0069052488917700997,-0.80804115449321823,-0.58702384095713511,0.049724267648691207,0.036164464126737371,0.034818339849595023,0.9987391124535695,-5.0962380455824201,-4.1052369455376292,-1.7017925365747326,,0.08309252516992602,0.3623853211009174,0,5
0.31718081040546148,0.94826219679841595,0.013969238833116777,-0.94602796450504967,0.31533136599870137,0.074814570718710754,0.066538890019046296,-0.036945036749675746,0.99709961406802194,1.1888030870310244,-9.6943770281513899,-1.2913935609186054,,0.08254507554540727,0.2857142857142857,0,5
0.34278659525962674,0.93886708724046875,0.032030338851035914,-0.937182383420051,0.3394252919215055,0.080496281970749622,0.064703402672707494,-0.057611315733977805,0.99624013469744066,0.61839433106524966,-11.435095050451086,-1.1638002574304305,,0.1974831552516465,0.32,1,5
0.87008217779872998,0.49226415603019458,0.025159581969905219,-0.49049744808709272,0.85966013526143492,0.14281703421630657,0.048675017175855678,-0.13660326690885621,0.9894292749725766,-6.9525883399130688,-3.7012324720683183,-1.7545741489889655,,0.06998486195290825,0.2027027027027027,0,5
-0.97452631082319008,0.22376406843147814,-0.015103350367921951,-0.22411646791515463,-0.97415174538624549,0.028287555040459107,-0.0083832167202586745,0.030951876193930257,0.99948571927641727,1.9156793227772899,-6.1866692424651379,-1.5804174982548598,,0.07193287019949075,0.4545454545454545,0,5
-0.84979908508689828,-0.52252706585627373,-0.069332390937455551,0.52385961050611085,-0.85180373834099232,-0.0012246749347580928,-0.058417663988356912,-0.037361166951039179,0.99759286271414349,-12.459705970536319,3.0168728608656363,-2.2734174775967673,,0.3601294875666149,0.5150300601202404,1,3
-0.7028641850105356,-0.68501174414937693,-0.19167902286610672,0.7089430374316037,-0.69662875148480219,-0.11003704958775798,-0.058152447125881128,-0.21323060986208286,0.97526970624085174,21.090079221010669,0.042531029496321766,-3.0209263776968829,,0.3746894582164855,0.1428571428571428,0,2
0.85503233039974658,0.51829114495735173,0.017146516555138592,-0.51619053182379981,0.84746896575346375,0.12386963687771177,0.049669395271542675,-0.11476341378484288,0.9921503464847492,-15.837348454128454,9.0752379971876067,-2.7797592747147228,,0.08778568059644884,0.2692307692307692,0,1
-0.12887245286348506,0.98130098703337088,0.14296945037413042,-0.99003512572489027,-0.13556979450226403,0.038095677569960427,0.056765665008429673,-0.13663529436403343,0.98899365802324768,-9.1662617207209482,-6.036634466331475,-1.6024330787636705,,0.2092345410008171,0.1919642857142857,1,3
-0.87075097362577736,0.49152522785153507,-0.013989006943247827,-0.49166975935630597,-0.86987854533009268,0.039650524699108382,0.0073204961767571698,0.041403704663941859,0.99911568077767066,3.0828018408391724,10.157814265833803,-2.9317853727207641,,0.07607119563611375,0.2307692307692308,0,5
-0.075866987254576607,-0.99259663621248362,-0.094847867791405666,0.99058171835685105,-0.085901519171985755,0.10662451998078376,-0.11398271580420213,-0.085865282760886619,0.98976517099476236,-8.589868352819666,-3.1902133087007232,-1.7895318264604678,,0.1222466024555258,0.4770318021201413,0,5
0.35177251010074406,0.92343293091164402,0.15338749377101904,-0.93403984838658005,0.3354323243925168,0.12269766655731321,0.061851942276683718,-0.18643169757465017,0.9805190255043692,-19.519676083312994,5.2958869612767909,-2.5272780545390341,,0.4703211011620774,0.1666666666666667,0,2
0.63590075688517655,0.77126583104493951,0.027914964721808405,-0.76941106112005508,0.63071525901952774,0.10101921137111472,0.060306271804610768,-0.085716275598570965,0.99449277205947539,-7.1719277004161306,-6.2983752149641585,-1.5517876320939081,,0.07126633937536626,0.2178217821782178,0,5
-0.45025782047932816,0.89149733421492461,0.050003981690349697,-0.89054997090909715,-0.45242791368461888,0.04722004058436894,0.064719737414574222,-0.023269851883216588,0.99763213139028484,-3.1594448597145415,-11.285992367876176,-1.1600908339347329,,0.1762097612357958,0.5423728813559322,1,2
-0.42747154160352541,-0.89965538882388418,-0.088815890916268389,0.90211915557136091,-0.43088728758007699,0.022741472096104477,-0.058729126251967294,-0.070401184379446854,0.99578841275024432,-11.332308479211381,-5.9459103692798774,-1.6101850493017682,,0.2904666611471978,0.3879003558718861,0,2
-0.39713301052638039,0.90821663663702412,0.13201482070580517,-0.91665119211951507,-0.39959978387060263,-0.0084026612712695421,0.045121657063163477,-0.124348516944513,0.99121212785032786,-5.8397184390255932,-2.5939185066777153,-1.8201359262688808,,0.07868773367522833,0.2398523985239852,0,4
-0.92351542503049644,0.38355533241301693,0.0021369857935013862,-0.38355334245656086,-0.92351782257944048,0.0012902978451308058,0.0024684450857985385,0.00037196191898224699,0.9999968842067406,-4.1856049313195065,8.120165015869258,-2.671103453068,0.5715324861822224,0.2370991327850491,0.75,1,2
0.41088861131162385,-0.90978312437635711,-0.058866082716622796,0.91009253814891589,0.40549940758936498,0.085450584844918798,-0.053871338391300087,-0.08868425477315002,0.99460192130080949,-6.9772118805408221,-2.6641412892338519,-1.8204535829770057,,0.1066576496513987,0.2925531914893617,0,5
-0.55656709657973713,0.83058637712442684,0.018956190021246006,-0.83074378326699705,-0.55665441101481616,-0.0007957769696569668,0.009891085281135182,-0.01619064029210501,0.99981999859919479,2.6057281421024996,-8.295141484230637,-1.4177904854625027,0.5693118701438286,0.2301629178614632,0.7888198757763976,1,9
-0.95703749603752741,-0.27705012595372924,-0.085571367216156935,0.28728917372948587,-0.94597157894642236,-0.15034195184126625,-0.03929582466431978,-0.16846661252199227,0.98492377300444733,3.867851267318704,1.3545158557872037,-2.1494181950440407,,0.08367302808705804,0.2428571428571429,0,5
-0.2586887217625794,-0.95884534031121738,-0.11702887932603588,0.9639691107359637,-0.2640296141468379,0.032433260711597071,-0.061997570756903847,-0.10442210597826974,0.99259877342423963,-9.9842742766775228,11.764283874814838,-2.9680909642741877,,0.6507880525056187,0.8842105263157894,1,5
-0.31262501702894385,0.94460995603570463,0.099888085805453913,-0.94816129118581505,-0.31664714597084465,0.026921196952730785,0.057059307956735354,-0.086293776755591647,0.99463441498309113,5.8669846793673113,6.74727426501906,-2.6733496077813257,,0.1543247654686821,0.1904761904761905,0,4
0.67017937821618057,0.74107565007765963,0.040822565766350419,-0.73986337707132177,0.66269871348410969,0.11589908720574509,0.058836929579924022,-0.10787629956797726,0.99242174487922574,-12.536609608683284,13.836354362822414,-3.1198859042511971,,0.07241000666092555,0.1538461538461539,0,1
0.65012434352347259,-0.75840128894786452,-0.046538402211428943,0.75911618229784827,0.64564575700952775,0.082970948103146272,-0.032877952060840571,-0.089269487384059709,0.99546471504040446,1.4814211542741849,-16.197262519536402,-0.8199418040677845,,0.09331242930623068,0.2142857142857143,0,2
0.35437849331574406,0.93383520360295802,0.048658976428660759,-0.9329686147579801,0.34957791449307923,0.085818678475287152,0.063130399585607441,-0.075809591810609367,0.99512183095220563,-2.1366835161687945,-4.5694508287679119,-1.6695199871560007,,0.0711554092121985,0.1971830985915493,0,5
-0.75338664884831175,0.65598843835915588,0.0456916412074133,-0.65721444962801889,-0.75346001414893971,-0.019161792160974755,0.02185691051478534,-0.044465445210815649,0.9987717955794273,0.53928671701034026,-6.5982819820631367,-1.5068914868028467,,0.06996608661402418,0.3225806451612903,0,5
0.78167252309265578,0.61343719314362977,0.11261827875627962,-0.62132264191700148,0.75019194673166778,0.22620835020005092,0.054279289634627421,-0.24679313833049776,0.96754684929968371,-3.0025235369555698,-13.558940646957328,-0.992100342588215,,0.07799565761091845,0.4666666666666667,0,1
-0.64035464648200191,-0.76255912576342055,-0.091921196923441931,0.76547954048797717,-0.64343888508311564,0.0052415891971904103,-0.063142694139745492,-0.067007319584690431,0.99575248897446889,1.7288035800986163,1.8159519853079724,-2.1847731339596654,0.8118794585543068,0.6800382563607077,0.5841121495327103,1,5
0.64294135232760463,0.76409683504333969,0.052748878129341779,-0.76362485601614594,0.63417420285802062,0.12124421513505552,0.059190343312679444,-0.11823327410736338,0.99122015523917872,-8.5344743855292666,-15.334767905956499,-0.85207359407733929,,0.08448335290050854,0.2962962962962963,0,2
0.99736510895584107,-0.070992235999829206,-0.014931237900734825,0.072542393977662364,0.97785374343002274,0.19631519945200801,0.00066371190542727806,-0.19688107803350896,0.98042715211221643,-8.6796008154641218,16.018885463076899,-3.31706086410678,,0.2318473147597088,0.3888888888888889,0,3
0.34670358926176365,-0.93466989071809592,-0.078669031886972648,0.93675068026486574,0.34074772199782072,0.079932177354351902,-0.047903906065391688,-0.10140604192216168,0.99369111420267797,-0.56880452692501371,8.7442257722331025,-2.7886113081492212,,0.09527586815198075,0.2692307692307692,0,1
-0.40726224118132087,-0.90956028242547571,-0.082689537077295483,0.91083624990357315,-0.41115137087749337,0.03649487754677648,-0.067192207655084477,-0.060453642236408221,0.99590690547399519,-2.0398060715006539,9.2473422486924797,-2.796299163260354,0.1846418704110783,0.2810612615828666,0.7831858407079646,1,5
0.8578078927980054,-0.5102620749157647,-0.061629813857453884,0.5135702107000637,0.84622431633907647,0.14195085458691317,-0.020279490499955845,-0.1534177999422543,0.98795329895999706,4.9807847626858139,14.112061483948295,-3.3744400376786547,,0.1072773250071138,0.25,0,3
-0.83479345339620048,-0.53585030813210077,-0.12642917954957303,0.54819001620561536,-0.83028134595563718,-0.10060115650718225,-0.051064628651667124,-0.15328840084242554,0.98686122117947228,-8.6037593462172257,-8.385542695660881,-1.4365677801923395,,0.604441898136318,0.69140625,1,4
0.71853935905387012,-0.6657847188808419,-0.20107684500014744,0.69502670045347181,0.67688973213374981,0.24240085847344206,-0.025279935664766065,-0.31392833359966138,0.94911007065362385,17.369357426146248,-4.0712358964529738,-2.4936410790622565,,0.6950546826758371,0.6470588235294118,0,1
0.62676890298282106,0.77920515087419173,0.00027405262092726175,-0.77666324433250145,0.62469580769733069,0.08092807144799756,0.062888370599212581,-0.050936045159663983,0.99671990656696952,-3.0863285632778021,-8.0821645326966944,-1.4084836943010126,,0.4803660608941424,0.9786407766990292,1,5
-0.95506584068576772,0.2756097864423131,0.10903433208128371,-0.29159944668082116,-0.93962688142191653,-0.17908402051764336,0.053094280771359692,-0.20283138151318544,0.97777319866256607,-8.6067472082734433,13.216435853429642,-3.0978357155491421,,0.3698588058475991,0.4347826086956522,0,3
-0.99719972130243439,0.073839674449902568,-0.011849823267913194,-0.071901627491234146,-0.99021721507418381,-0.11958270332636092,-0.020563846878932014,-0.11839581685119231,0.99275352366721925,8.4488926105806108,3.4731866205220228,-2.4330031622129145,0.3488446019877085,0.2413849184161618,0.4615384615384616,1,5
-0.88136016253491412,-0.45909527072517964,-0.11151590153069899,0.47008426760180577,-0.87574329641076187,-0.10997481595750226,-0.047170385303750971,-0.14934929256406518,0.98765871816174911,5.1580753712491472,2.0190316602061276,-2.2280991255513869,,0.1068118362437167,0.3103448275862069,0,5
-0.97496614267240189,0.22233278719409189,0.0030252902348261446,-0.22219091311382091,-0.97364363192868753,-0.051471119420129677,-0.0084981628688028648,-0.050854790759784697,0.9986699011608563,-21.895649028763653,6.8146648673040024,-2.6425870751942804,,0.1317188505511883,0.1333333333333333,0,1
-0.80212994299779072,-0.58657118013553555,-0.1119008721179816,0.58785176738045886,-0.80859172964822346,0.02469239421691978,-0.10496596655121394,-0.045974616680273354,0.99341254294833137,-13.260751219311153,12.389583213915039,-3.0219518103800165,,0.20726332698149,0.4,0,3
-0.56334986014064337,0.80881639013956275,0.16868011774102143,-0.82562184451306153,-0.55884336201096385,-0.077734590750406049,0.031392753023077952,-0.1830577607693539,0.98260080972882502,13.435020929715698,-7.3058254196797323,-1.8745591219442039,,0.4632284453092934,0.1875,0,3
0.87869274264983444,0.47601649570826871,0.036157431160595783,-0.47432090998857562,0.86196866397286265,0.17896842368543459,0.054025349254983729,-0.174408480706815,0.98319018683844628,-15.74533044415632,-7.063694659255666,-1.5166157149482506,,0.2197222992740399,0.6209677419354839,0,2
0.68007452386581946,0.72986236831134443,0.069278895138664934,-0.7307993773106185,0.66731745209641624,0.14359557183269533,0.058573988348844107,-0.14828466357146439,0.98720856278620617,-3.300177262855311,-2.8815823609777453,-1.7800526136070272,,0.07754735656634419,0.1868686868686869,0,5
0.10464753992076223,0.98469888439410969,0.13934489391982932,-0.99262068546253657,0.094787344883234398,0.075627601058547045,0.061262281874057488,-0.14623086651929129,0.98735174405912762,-16.424745001621041,-8.2205878075797401,-1.4391335039499382,,0.08439565672335633,0.3181818181818182,0,1
0.93423037537648579,-0.33772628160392426,-0.11469334958007973,0.35466353476164664,0.91369598962783538,0.19842735609886322,0.03778072040453536,-0.22605441214892888,0.97338174418555701,4.9993500638646697,10.613488265118914,-3.0233951942177972,0.4431766292055883,0.4163565592790638,0.3714285714285714,1,5
0.39784408284237943,-0.87967161517719217,-0.26057232239602318,0.91632144321740694,0.36688808102818032,0.16046229681588403,-0.045553248482137397,-0.30260698182793233,0.95202621607900861,3.6720364937364205,14.738120875299687,-3.3804292860984724,,0.7203742396524083,0.3777777777777778,0,1
0.92483755506498966,-0.37254221107559915,-0.076731986213820241,0.38034693003226377,0.90397167551055957,0.19537508205926746,-0.0034219229164758939,-0.20987498860401893,0.9777222405172229,8.1282193627940504,-9.7982612675288525,-1.413419672987078,,0.2295337070527694,0.3888888888888889,0,9
0.096557010297176976,0.99507976559672506,0.022203690288738583,-0.99331737669401476,0.094921004262497638,0.065655099630721248,0.063224464570227179,-0.028394771521641916,0.99759531074982621,-5.303309036676584,-9.0317459401002687,-1.3479654210441263,,0.07867791495105757,0.2933333333333333,0,5
-0.78534009908575886,0.61826758642417867,0.031402553163630345,-0.61782251048694936,-0.78596708582823871,0.023475210973962834,0.039195335227255192,-0.00096517971890296617,0.99923110145978578,-18.301871100437776,9.2956704281372229,-2.8193325088278627,,0.6798620849820424,0.308641975308642,0,3
0.84583290047163895,-0.52882648932250564,-0.070066030789317849,0.53329325574521991,0.83509917643488474,0.13493579545265796,-0.012845538384948193,-0.15149887692194958,0.98837395880050882,2.5850480537164207,7.1705211407174367,-2.6636483226643435,,0.1262228893577654,0.1636363636363636,0,1
0.55099982503177702,0.83120828299900584,0.074107915156190932,-0.83139142561868773,0.53911042441164814,0.13471543229496791,0.072024233579252528,-0.13584086485494176,0.98810918891222943,3.6985257955248114,-10.544804946544801,-1.2473791672981127,0.6114832770894787,0.1827308689113591,0.2142857142857143,1,7
-0.93098228481495726,0.36486305977663591,0.012121591114812091,-0.36506178719862731,-0.93033777890751812,-0.034662785011763134,-0.0013699956451922342,-0.0366955685043652,0.99932555174181126,-4.7145823920487073,13.391858198289647,-3.1358053121630372,0.2587123829775523,0.1300282161268108,0.3636363636363636,1,5
-0.60665919151109882,0.78654643844590377,0.1153660501324633,-0.79372700808784868,-0.60739064863096948,-0.032772497426411418,0.044295168890228324,-0.11145088659905918,0.99278227113968542,-1.8436650265717489,-12.020743285100359,-1.1141075135913485,,0.3056067875418886,0.3461538461538461,1,4
-0.44794977412017029,-0.87833484388439964,-0.16693981515580564,0.89199961356860691,-0.45172341328648064,-0.016812117126212091,-0.060643954844176999,-0.15644123467736201,0.9858237422751992,1.9107314748360835,4.09172305371745,-2.3691604034044293,,0.08108225850083831,0.2558139534883721,0,5
0.99809020686763827,0.038641589628024366,-0.048195087985549029,-0.03175802551799374,0.99017147460315347,0.1362052814593287,0.052984589930600748,-0.13441457671411922,0.98950763251055851,14.752913981565634,-4.2982050388615107,-2.2126970092851885,0.1981361859580776,0.2300546624623189,0.3157894736842105,1,5
0.052074957417690054,-0.97859672149541654,-0.19908956649801671,0.98734637177538009,0.020550784210118678,0.15724123953448679,-0.1497843147727374,-0.20475869199321331,0.96728410361242367,-13.035988426490535,10.949122159253207,-2.88999833469446,,0.07999002684127804,0.2380952380952381,0,2
-0.90344892374241892,0.42812534026133414,0.0221073565760781,-0.42851891474795423,-0.90335569164881346,-0.017889496050171497,0.012311859806726524,-0.025635666400748738,0.99959553356159458,-10.48297947451336,2.9863492344389222,-2.2783220890728249,,0.1962559411229601,0.7495291902071564,1,4
-0.87605653922321913,-0.45237683910874776,-0.16697345753806375,0.46546477355603738,-0.88377737421322944,-0.047750365518988994,-0.12596620444652651,-0.1195522825660327,0.98480443087477443,2.168595686278135,9.8242897119148989,-2.8863118080910595,,0.2694978407732305,0.1836734693877551,0,2
-0.24869261400855744,0.96804116175778476,0.03237735134673269,-0.96719141597102432,-0.24998754422138186,0.045243702391910619,0.051891700777251151,-0.020063321679168269,0.99845115780074234,-15.712863093149085,-13.461384807172781,-1.03881954063007,,0.07748317351319836,0.2,0,1
-0.40800539299168881,-0.9068068517205583,-0.10598553185387218,0.90928498761717613,-0.41403997637776374,0.042091676791662098,-0.082051268020248341,-0.079197421888286795,0.99347640021417694,15.059436511633065,1.3459041519103656,-2.7612100146830136,0.9180964502228801,0.8897021434796941,0.6372549019607843,1,3
0.32940250971252572,-0.93879283762093091,-0.10080671915467229,0.94294878782080827,0.32161758700093596,0.086079679826091896,-0.048389773117431298,-0.12341043620105634,0.99117520857530905,13.35390854036007,-4.6000306129731516,-2.0918660388619337,0.4762685204211015,0.4234431432276785,0.4181818181818182,1,4
0.21379044335708663,0.95841299796039969,0.18904542223957516,-0.97486938640825416,0.19690915245470278,0.10419436224462592,0.062636457220807643,-0.20657035368157142,0.97642478625170925,-14.208457818335585,-9.0862394493046015,-1.343319719243014,,0.07772480167877942,0.3888888888888889,0,1
-0.69126193276283543,-0.70485041535076265,-0.15919432242654918,0.72114168402227596,-0.68692320540179452,-0.089950994691781222,-0.045952278273295712,-0.17698136020604702,0.98314087813553575,-3.4641275719986502,-9.3481764323487599,-1.3153562075087466,,0.4528033139749917,0.1621621621621622,0,5
-0.76987281438780542,0.63766978432759591,0.025944090313553759,-0.63784693372438606,-0.77016099227950874,0.0018262282008600595,0.021145656882651135,-0.015142395010058318,0.99966172731997771,-11.84082931064513,12.976942097990584,-3.0428568090296935,,0.1109204417851596,0.3846153846153846,0,3
0.64903271391491779,0.75702032282624099,0.075344323583732595,-0.75842945207224222,0.63611586225689032,0.14192031572178498,0.059508843860679499,-0.14925428172493616,0.98700651309357557,-5.5327357641176969,6.3412537684822636,-2.5440902716508305,,0.07225261370822102,0.3289473684210527,0,3
-0.41430581666295691,-0.89580113293600028,-0.16090686905728416,0.90013905413821127,-0.42943369113046426,0.073050586152543534,-0.13453762854460327,-0.11457327416392761,0.98426246060334499,5.7907064712649312,-12.846581985138361,-1.1085111362603399,,0.1778508812655595,0.4285714285714285,0,4
-0.79685441638313614,-0.60236800856460615,-0.046645700215596844,0.60193496395903989,-0.79817190192109688,0.02441135283611286,-0.051935905251781468,-0.0086253835607759365,0.99861317060416777,-11.41568872954625,13.695233483335389,-3.1332756446435033,,0.179757922591929,0.6491228070175439,1,5
-0.67787961860466783,0.72196051066354583,0.13875245483530008,-0.73236716482253472,-0.67962960820250062,-0.041736453422844898,0.064168205290407759,-0.12991003308808516,0.98944723190924155,-15.545444204950371,3.6050257845799489,-2.3661324536700366,,0.209656955183767,0.36,0,3
0.11845392143164805,0.96385565414510332,0.23864397430058681,-0.98809590147806448,0.090660432209156108,0.12428666667788207,0.098158840558122518,-0.25052537596850982,0.96312090519109872,-3.6320523176893134,-14.033131033620132,-0.96855222314875067,,0.275906820402561,0.4117647058823529,0,4
-0.84203827022497668,0.53897017647125967,0.021970442668973994,-0.5393166565038725,-0.84197046529467701,-0.01494254292116122,0.010444878841578426,-0.02443121867623815,0.99964694770702933,4.6329476098977134,-17.900038464400268,-0.66985239508560346,0.2324454210211062,0.1279884142657167,0.4166666666666667,1,5
-0.47010768355360777,0.88107672636526302,0.051986230112721132,-0.88135324496270728,-0.47176471887468902,0.025583346512759529,0.047066160429413077,-0.033791304836562147,0.99832005101564292,-3.5720994459088611,8.9031282721877982,-2.7488315897503579,0.4768759955199661,0.3125978104333704,0.2,1,4
-0.13252797910727082,-0.96216091826700145,-0.23808129307726761,0.99096909279507894,-0.1335669855167817,-0.011837124011254132,-0.020410582515959397,-0.23749995313591282,0.97117309496391968,8.6488641058770455,-11.618427270059348,-1.2547783843694407,,0.2761314414331748,0.2352941176470588,0,4
-0.96722053379163364,0.25393330736085173,-0.0015213233078682051,-0.25316594671417525,-0.96472984926037952,-0.072134051392953619,-0.01978490424902634,-0.069384388437350952,0.99739378592661787,-0.66748015924107928,7.7698679641605466,-2.6855217488122838,0.07573943910436634,0.1353335648971913,0.293103448275862,1,4
-0.80340821159893028,0.59537533506181584,-0.0079659233890029234,-0.59515432332978924,-0.80256019112857357,0.041091009205517379,0.018071440376169298,0.037753807962878853,0.9991236525210645,3.1671465763867137,-6.130313911986832,-1.5914255188929867,,0.08549704491603534,0.2096774193548387,0,5
-0.18342145420048725,0.97526339944128682,0.12336073868620225,-0.9815393015642967,-0.18861311183063167,0.031712671445967046,0.054195660561088356,-0.11526662897730897,0.99185504718207529,-12.74781669266477,-9.9545556243182123,-1.2679089515142561,,0.1676141947208555,0.2916666666666667,0,1
-0.74348883387989839,0.66874571545009776,-0.0018766893844458328,-0.6684599945488503,-0.74308292601581905,0.031448382335500492,0.019636435105685659,0.024636012885727011,0.99950361544390343,-6.6207754484045678,4.251997901389081,-2.3492830462782051,,0.1566655573177256,0.6023622047244095,1,5
-0.36976486666272573,-0.90886620935286111,-0.19296672479590313,0.92905492347158813,-0.36423224630929868,-0.064744265550574887,-0.011440828427074027,-0.20321684045630523,0.97906691456705797,-1.5278972098097678,4.2344876500828494,-2.3469184368839602,,0.334600238820759,0.3061224489795918,0,4
-0.62934105262668028,-0.76969500548008918,-0.10723543265986057,0.77480930139162862,-0.63211417403180503,-0.010110265333073513,-0.060003216211785795,-0.089449815690667095,0.99418224914607467,-19.009949742300581,-9.5977095106723862,-1.3561682162615756,,0.1281512887013066,0.2777777777777778,0,1
0.40969924761115833,-0.90414832393787048,-0.12108812834951908,0.91135086128667075,0.39989134544255323,0.09760389066111648,-0.039826299588253913,-0.1503420106307064,0.98783153710570637,10.406140895667489,-7.0797769537537558,-1.7339306781235106,,0.1052142957513288,0.5,1,5
-0.90162831366648977,-0.42723387705862975,-0.067361697487315852,0.42933724358800684,-0.90292422834093,-0.019934120075570085,-0.052305977317831792,-0.046894052590774976,0.99752946451141944,-5.7410938947669079,-5.3111021557991469,-1.6334130641607232,0.5269646589513157,0.216910724342425,0.25,1,5
0.31445368494183679,0.94154831786305415,0.12085381729905589,-0.94467129415369444,0.29786276311592663,0.13738238733887831,0.09335430374912726,-0.15736752993613021,0.98311771141268589,1.140618038610083,-12.629468819601241,-1.0940104490957832,0.151691914395516,0.1452890881842804,0.3529411764705883,1,6
-0.90639137457225216,-0.41069253251270271,-0.098925829990574615,0.42017098938054331,-0.90069055144216004,-0.11051185558930231,-0.043715166521435408,-0.14173275655654929,0.98893923470296363,3.6959660806791952,0.89136173755570525,-2.1131788492920442,,0.07812220226008305,0.296875,0,2
0.41870011603882501,0.90642617626344102,0.05551396052807487,-0.90608553148623461,0.41288452712112117,0.092387103511670843,0.060821233630883723,-0.088982887390814086,0.99417444308894387,-2.3140407616813876,-7.1199516882454841,-1.4714345103459228,,0.07867676302162997,0.2626262626262627,1,5
-0.5614003264814692,0.82411997466443943,0.075205989027360004,-0.82251497199976475,-0.56568354406201071,0.058917304874453541,0.091097718208117379,-0.028781857767127161,0.99542594420717567,12.643339031258503,-11.815323195708167,-1.442369206766015,,0.273314726027768,0.2222222222222222,0,3
-0.99835839665319281,0.055127549579132407,-0.015539147642901912,-0.05511174229484328,-0.99847914890746337,-0.0014439730799926784,-0.015595117610790337,-0.00058521314857474529,0.99987821750065031,-4.1867078303854504,8.2200525949019223,-2.6788603858903217,0.3308754513664244,0.2576111829208879,0.7064676616915423,1,4
-0.30455083780210435,0.95063786581103904,0.059467934891585465,-0.95119858503494092,-0.30680031956190618,0.033088000003613421,0.049699487135815741,-0.046488837401529592,0.997681687200628,4.9406983607337276,6.1280254602385469,-2.6083060542988741,,0.1330222683295331,0.1,0,1
0.0065405201411443915,0.99170520491029002,0.12836669408426485,-0.99821213962598787,-0.0011518569336216088,0.059759497395075467,0.059411664676146295,-0.12852805055490582,0.98992464072825526,-13.898005948723494,9.001555181610021,-2.7560375736377218,,0.9184055171548947,0.7052238805970149,1,1
0.47243375877018345,-0.86865414541288377,-0.14915200042671309,0.87967500369699647,0.45424794741022712,0.14082148324842511,-0.054573175140971646,-0.19773410917342898,0.97873540378614343,-4.4163422874670726,-8.3406300723952782,-1.3927749939634293,,0.2101745370231933,0.3728813559322034,0,5
0.091554237046595932,0.99527129698862826,0.032447913174653432,-0.99392700727961325,0.089335856147528633,0.064251140118912503,0.061048553455489776,-0.038133321347112982,0.99740609779769773,-16.435710317976383,-10.640013495117353,-1.2471995911903901,,0.07548536756028448,0.2758620689655172,0,1
0.70063204920456668,0.6920621561227539,0.17367988855977007,-0.71009503516936601,0.65246406204187735,0.26468035206949081,0.069855369551853258,-0.30877276402969511,0.94856713391211045,-1.9478048329576552,15.59127486507961,-3.3513673648132811,,0.2805604972644633,0.15,0,4
-0.076120901364770621,0.996581570312572,0.032105795251674181,-0.99518048293301331,-0.077931343234030073,0.059519006468130582,0.061817592679013419,-0.027420420402819855,0.99771073251734832,-5.653355388817606,-7.9415631838366725,-1.4199271004677172,,0.07536755484747171,0.2388059701492537,0,5
-0.89272112027603989,-0.44409844999598064,-0.076325409427397725,0.44593878914404167,-0.89502671722725413,-0.0081099806504671187,-0.064711650804460022,-0.041276411672678988,0.99704997873205403,-10.862418199611207,-15.835348644359579,-0.83542989478751584,,0.1040307970744369,0.5,0,4
0.32094828085342186,0.94467632377593425,0.067667158314942799,-0.94371637380058748,0.31295440592907536,0.10704646481901743,0.079947525527077609,-0.098214984125468044,0.99194869325753521,-0.017029387769026429,-9.5879152670295138,-1.2985133999864964,,0.178334911890867,0.25,1,5
0.76606836924510413,0.63432033689626266,0.10381215652302109,-0.64195408037593282,0.74698299284720926,0.17294903031158573,0.032159171799637752,-0.19913341908589682,0.97944457172028043,1.1465500856487556,-3.7301263827551527,-1.7434861012828455,0.7170252952650562,0.4877448027763447,0.3316455696202532,1,3
0.024649146275486849,0.9968417333386842,0.075491577425683853,-0.99847434872605767,0.020816383788878564,0.051143456101732716,0.049410469780861235,-0.076637046134897968,0.99583400656723553,9.66713184105698,-4.7047674277150362,-1.8726071950370471,0.2668120391152254,0.33052865946891,0.5227272727272727,1,4
-0.86904949981241819,0.49472491066029362,0.00047921597594438549,-0.49471825993955748,-0.86903189199878028,-0.0061166961178261607,-0.0026096279741767234,-0.0055527885954558525,0.99998117801319242,-0.66734553619383519,-8.2749532344230321,-1.3919776175832346,,0.1883252795313242,0.2948717948717949,0,5
0.81708477956981129,-0.57564147027864332,-0.031770437371772119,0.57625210307610741,0.81379552414652856,0.075301783374889353,-0.017492189563199461,-0.079835722421216629,0.99665454432805678,2.2582251885488041,-5.1351090990580328,-1.6498031382064549,,0.07072065240948104,0.2535211267605634,0,5
0.47180804163774931,-0.8762015955319864,-0.098325662129236463,0.87978951229312785,0.46050867463562317,0.11790748341119603,-0.058030904740246379,-0.14213558517325164,0.98814467034057585,-11.443846605299839,-14.910747547875152,-0.90415377126185859,,0.1564935395346274,0.3181818181818182,0,2
0.21780648872996178,0.97161115878024285,0.092369310925427078,-0.97410058947982681,0.21051950091170121,0.082520187293421449,0.060731993563345237,-0.1079504324660229,0.99229951581577414,-3.7120828037105378,11.57718258811115,-2.9879005621722636,,0.1438361857025941,0.2272727272727273,0,3
-0.94452283629425393,0.32683212822984697,0.032517251965815744,-0.32844226899420276,-0.93941660501435753,-0.098092396041891988,-0.0015125001154135092,-0.10333054814549573,0.99464592200609447,-17.62140179339708,18.274481924376271,-3.4840192402818215,,0.402456183496726,0.1578947368421053,0,1
0.65485507675642263,0.75565105907658614,0.012502214314848057,-0.75266242428882546,0.65059170425149015,0.10114202599715844,0.068294242143889988,-0.075643316132861252,0.9947934384657029,6.9892901583673819,3.9709655395048586,-2.4466343044251078,0.6595827459637754,0.4180569653036133,0.4965034965034965,1,3
-0.90008689442166845,0.43203124360889489,0.056502982541710281,-0.43471584667923602,-0.8992063461944052,-0.049498278855560095,0.029423037509950057,-0.069115493989840557,0.99717467544770166,-14.554262615946472,7.4865435212453599,-2.6406180983323209,,0.1773523548312568,0.1865671641791045,0,3
0.0067214587427639541,0.99864160960327708,0.051669696741360065,-0.99709807258636829,0.0027748392090156389,0.076077157622457592,0.075830440041697436,-0.052031104508158434,0.99576227510723792,-3.6181861648493112,14.784213191806385,-3.2670070579755746,,0.1853815773129923,0.4,0,5
-0.73418243481941192,0.67878502232427673,0.015068041374764043,-0.67853435049655764,-0.73432836794205536,0.018787847981409367,0.023817800042299907,0.0035695243085272963,0.99970994338225749,-7.2799024191561257,-8.0452299901325031,-1.430160754056617,,0.06955363432550757,0.2641509433962264,0,5
0.3319494019939726,0.92719750019572333,0.17353498248666024,-0.94038523639822957,0.31083266994245062,0.13805310014879435,0.074062147417486901,-0.20901637956688704,0.97510355931698944,-7.2162685514505291,-5.1541817034557376,-1.6372399453238009,,0.1759260378304515,0.2434782608695652,0,5
0.37809610947150024,0.9238111662713715,0.060135356279363408,-0.92346563731203624,0.3717832118384391,0.09480748967761532,0.065226901707748183,-0.091379278107374368,0.99367765337969904,3.1940164679326841,-5.0903753165178109,-1.6764904148313271,,0.07950976097511987,0.2142857142857143,0,5
-0.97430787989753898,0.22511770985053983,-0.0067949894195287993,-0.22472337084347929,-0.97371883108193469,-0.037027619329024583,-0.014951982019365286,-0.034549308358912796,0.99929114052192702,-16.590966696464566,14.402241051047129,-3.1836864472717372,,0.1300810052865655,0.4193548387096774,0,2
-0.78738345091551032,0.61165494471071624,0.076847445210070864,-0.6162557337004424,-0.78421480361443685,-0.072360296249402448,0.016005371152007605,-0.10433297850105981,0.99441362505316955,-2.3869033338184336,-10.337085418859143,-1.2592787375108963,,0.1843045438345765,0.5581395348837209,0,5
-0.56925901549852731,-0.81569306014540988,-0.10290289065067963,0.81857477879170937,-0.5739940116898492,0.021591805628497163,-0.076677929026239142,-0.071942380936493619,0.99445703226707438,1.4855080646056376,13.242627187591124,-3.1993337307165497,,0.1969595117332189,0.4102564102564102,1,5
-0.17633740023401495,0.98178739718020192,0.070700976067059856,-0.98284349456034537,-0.17956200834572034,0.042144398907346232,0.054072048963571526,-0.062056360648829703,0.99660685409237748,-1.9896680744258208,-5.6356615952314657,-1.5711263681298926,,0.07259180277946076,0.25,0,5
-0.618799770639618,-0.77821824278834417,-0.10706638336928377,0.78323336778031216,-0.62167526024500008,-0.0080847012821639707,-0.06026885971931608,-0.088860775321474988,0.9942190036191223,-7.2326715108424953,13.82437323946413,-3.1604277694126042,,0.08260139817880223,0.3571428571428572,0,1
0.03788764675747909,0.9976640905673464,0.056840906182183223,-0.99758381814273056,0.034447261470393523,0.06033168286202005,0.058232739957462962,-0.058989393704475486,0.99655867836642043,-5.0340840242458968,14.584731119188774,-3.2317639084648127,,0.4331993846175888,0.6785714285714286,1,5
0.43880904721619163,0.89853385424891341,-0.0091396307261808214,-0.89672465920409983,0.4385335356216708,0.059776447790481732,0.057719196603119,-0.018034713852723899,0.99816994717319629,-1.7790192752219665,7.2673170051830773,-2.6175508877827425,,0.07044214361688747,0.2297297297297297,0,2
0.9473768683399747,0.31955117873159644,0.019081758451180847,-0.31884530280369411,0.936610458475163,0.14525330273341316,0.0285436895716468,-0.14369374811101299,0.98921047534862139,4.6528901865320158,19.174338436154908,-3.8330153247731049,0.6502031364072156,0.550896760648695,0.1666666666666667,1,5
-0.892205603363039,-0.44280339080414688,-0.088849977039649225,0.44948037665658463,-0.88977626264783072,-0.079155501571992276,-0.044006276009803488,-0.11055930318525378,0.99289480215727821,-4.5267080739737624,-13.160728847305389,-1.0506940632874411,,0.1220363397794554,0.3023255813953488,1,5
-0.48219827552895422,-0.86932684146947514,-0.10842354807701637,0.87382207534547329,-0.48611236440728867,0.011390777378457652,-0.062608335833442275,-0.089250276588151628,0.99403952859687916,-9.552596694926585,-19.204758126820302,-0.57217946791953733,,0.2247101693179467,0.1666666666666667,0,1
0.66845429535343104,0.74346188268083579,0.020815475594278141,-0.74141804814240342,0.66387848317689702,0.097798964531592467,0.058890855930758899,-0.080807107208526338,0.99498848159781872,-15.267088451685067,-11.605613811379859,-1.1701497907754326,,0.09081581685422166,0.2272727272727273,0,1
-0.97025285325852018,0.24181669180109006,-0.011579650688945658,-0.24192808932241594,-0.97024838368008237,0.0094272776024320517,-0.0089554642820188404,0.011948285758417431,0.99988851284877234,-6.5878883099371173,2.8472795584748978,-2.2412684292362841,,0.06923106679722291,0.1423357664233577,0,3
-0.28871146181289659,-0.94184746340034664,-0.1719565279487637,0.95554078341158477,-0.294696394262767,0.0097901198000352047,-0.059895768256494022,-0.16148495563010623,0.98505588981037395,-7.6231142126346922,-17.781100503425876,-0.65320769852212968,,0.6862882538845693,0.5789473684210527,0,2
-0.01474944434907218,0.99751325477728614,0.068918505751495662,-0.99815288297171834,-0.01875134747497962,0.057785890865503661,0.058934506926256278,-0.067938895424476065,0.99594730301450252,-15.438617275283244,-10.147099975830869,-1.2869285942994566,,0.06685797465524145,0.1851851851851852,0,1
0.91709011385437667,-0.39183479120575698,-0.073560991505738457,0.39867011762783727,0.90002419630012032,0.17612093397699399,-0.002803637132846073,-0.19084533652951369,0.98161611495724954,-3.2436338457998839,-7.0268475966231332,-1.4963906659248571,,0.1110632253029149,0.1875,0,3
0.99334951406029748,0.11484706892995059,-0.0081788553216469041,-0.10923798153569532,0.96251454966883077,0.24825955181184217,0.036384149106174747,-0.24571506350651123,0.96865902218469668,-11.346532265814304,-17.752179774488919,-0.68260296506779339,,0.2168295135497145,0.24,0,2
0.25573112240940565,-0.96591286845888369,-0.04017366770358597,0.96550649646295306,0.25307681812113442,0.061231768041735107,-0.048977528715321995,-0.054446805922981442,0.99731476826813636,3.5662124202110026,-14.344962843086204,-0.950954634058369,,0.0912835424370579,0.2941176470588235,1,5
0.25332003545123527,0.95845541426857628,0.13111894789936709,-0.96169029573507236,0.23482356716000291,0.14145553151163989,0.10478900098757452,-0.1619293400391158,0.98122278515458583,-2.6207533563429251,11.522274508157739,-2.9922819867186408,,0.3279127734896088,0.43,0,3
0.59282056270057271,0.80026065160878168,0.090258904968229345,-0.80303584612149992,0.578942058063593,0.14127817683215435,0.060804689648927546,-0.15623374440811089,0.98584674611468803,-6.4870165044320851,-1.8802836925008315,-1.8761570550653315,0.2684891650876475,0.2046644395979029,0.4952153110047847,1,4
-0.50902283682268523,-0.85831260581503255,-0.064770535677860466,0.85862516818331791,-0.5116126936716151,0.031863336866144253,-0.060486131924246019,-0.039394445967484912,0.99739135020901404,7.0865505526876156,-5.9629197550878148,-1.6585391577348223,,0.109556259964925,0.2291666666666667,1,6
0.88412037533783849,-0.45289426235204638,-0.11496933956962682,0.46718952554768356,0.85256309155087506,0.23424372380865441,-0.0080690229278736845,-0.26081212022030487,0.96535585605266805,-8.3679134400036954,-22.844103846323456,-0.29393122621641543,,0.2493728966267937,0.2962962962962963,0,1
0.26634477070511986,0.96186566459770673,0.06224874606006342,-0.96210124685133513,0.26137960168731061,0.077729625168851471,0.058494905121253993,-0.080592475391911764,0.99502924529134351,-11.010933480534478,-13.327849405707116,-1.0126903853056861,,0.07433580357935402,0.1666666666666667,0,2
0.43492317742497094,0.89997790392642085,0.029691786453069195,-0.89817952556781466,0.43123304359376008,0.085507905854596514,0.064151146438264431,-0.063857924778914901,0.99589497230058766,0.085100204395128484,-5.2344651172243335,-1.6338355085214595,,0.08070217141483864,0.2857142857142857,0,3
0.93575732428800107,0.35075735851369172,0.036434948742386015,-0.34952618990743228,0.90880891479767512,0.22781088418481496,0.04679393775005742,-0.22591067224186467,0.97302348150343942,5.0777272912597295,-9.6816282829514417,-1.3540551464439781,0.1691080328089309,0.2873028832861095,0.25,1,5
