axis_00,axis_01,axis_02,axis_10,axis_11,axis_12,axis_20,axis_21,axis_22,location_x,location_y,location_z,dbh,dbh_approximation,score,reconstructed,number_clusters
0.94295319912860798,0.31011592124377713,0.12110895773743051,-0.32771873013039243,0.92869613334647338,0.17356245512504087,-0.058648940099939442,-0.20335094614589883,0.97734778586065307,7.0987911357987414,-14.038121930772324,-1.8067994216938257,,0.2431663226084266,0.3571428571428572,1,6
-0.5209660158561783,-0.8321653397896468,-0.18998751952620926,0.853338833205882,-0.51301776878563232,-0.092874133390493496,-0.020180338593883681,-0.21050799548471572,0.97738382315815042,4.9160916072082168,7.5440367046946051,-3.8123037886837023,,0.1071407346596268,0.5,0,2
-0.10974241097812078,-0.97669337907771148,-0.18446313045828769,0.99248304924670605,-0.11778927307534769,0.033212710012006826,-0.054166412015839792,-0.17943168731899936,0.98227810186076492,-0.74963166857415231,-9.5755014504079501,-1.6430511068814284,,0.2982892475790095,0.119047619047619,0,5
0.80895440555867615,-0.58754706885421037,-0.019524641047572268,0.57936569040031471,0.79118082498430498,0.19587827588613091,-0.099640185237571843,-0.16976850137166824,0.98043382715400129,-3.7866244684855288,17.324869142893085,-3.9267279593830469,,0.2805865182434829,0.3846153846153846,0,3
0.88060400771005298,0.46353560281968365,0.098342902761644549,-0.47361804623822756,0.86753697972402655,0.15187341797957576,-0.01491736848368231,-0.18031731400480444,0.98349536775097002,3.1512448051470674,-5.552847278968188,-2.3155217921897471,0.4966605236380603,0.1741776263368992,0.2142857142857143,1,5
0.77013111104480181,-0.6373872901522889,0.025209406046558861,0.62763565545939215,0.76422038448956198,0.14846106535615541,-0.11389273812213653,-0.098512163121857038,0.98859688342624985,-7.3474944512424454,-12.097794365846637,-0.87512604628300372,0.1894807441714776,0.2672529843163695,0.2083333333333333,1,6
-0.99521162907333904,-0.095754537343675519,0.019618408072276713,0.089619146105950842,-0.97403765571794032,-0.20789192840209189,0.039015663629265167,-0.20513827975684815,0.9779550419983376,-16.830682319776404,14.095924745148627,-2.263671410106106,,0.4233948543477195,0.3089887640449438,0,3
-0.27712700610772106,-0.95918274490179412,-0.056294621132315079,0.95982222161366404,-0.27904695161960191,0.029565210779193791,-0.044067282448340177,-0.045839509971936573,0.99797635941095875,-14.470622734714331,-1.6281812196230694,-1.1728252824474872,,0.1322739982593308,0.1612903225806452,0,1
0.033860824461712694,-0.98882555406188888,-0.14518081209640119,0.99690387511564971,0.023102435672766451,0.075159438830967637,-0.070965543372635179,-0.14727627473623564,0.98654629417663042,-7.672504735806462,7.1976069350992171,-2.5329495427366027,,0.1551651216738055,0.302013422818792,0,4
0.55850709196778681,0.82734044583778588,0.059813166632606649,-0.82922320055438548,0.55500570235113467,0.066011771829463883,0.021417560179155533,-0.086466508190497809,0.9960245132913722,-16.95226640005432,0.078698618627544847,-1.0857451861039535,,0.09879014342490186,0.5666666666666667,0,1
-0.61959266983717554,-0.78476360566409098,-0.015843191254831381,0.78427441754443539,-0.61977486658900904,0.028155864929247394,-0.031914909828774547,0.0050197579296593327,0.99947798403013866,0.12493554760612577,-11.713472901436091,-1.4888935242197325,,0.1249718911361149,0.4782608695652174,0,5
-0.08319532265168933,0.96042976037947414,0.26580672238735342,-0.99348535047151176,-0.10078147928297122,0.053197291585511119,0.077880656695865011,-0.2596493189110311,0.96255744478013305,-5.0690385001859282,-9.9075698974707098,-1.2390797441020911,,0.5294159392744243,0.336,1,4
-0.99542848481045765,-0.07278473018902902,0.06184266067421882,0.065998271809963413,-0.99222983659325414,-0.10547122589702887,0.069038827814893622,-0.10090755385715258,0.99249750923038149,-15.82185144877945,11.633637329126897,-2.1580552484311784,,0.3472045174553382,0.25,0,4
-0.55137065741771696,-0.81422126005419937,-0.1817529582001543,0.83411602054337797,-0.54208635274600669,-0.10194533064055403,-0.015519742640725132,-0.20781271819184829,0.97804550596896134,0.93931681184647053,-22.043763838754185,-0.66522660752092022,,0.492731043173338,0.282051282051282,0,5
0.94971932786688773,-0.3130814612464915,0.0036327537527385632,0.30534605867654191,0.9286961562374566,0.21044532268614313,-0.069260253585792672,-0.19875474337367305,0.97759887953070834,4.5897634456707923,-5.7365814936723432,-2.4188850770045573,,0.3053343637791792,0.6388888888888888,0,4
-0.049752507871012215,0.97603919662920424,0.21183053274719935,-0.99674858189073368,-0.061981630475904395,0.051483414633838452,0.063379432463190777,-0.20858035412513307,0.97594942666804096,-8.9089238597698888,13.436835574175278,-3.0537918140253044,,0.2578054378110358,0.2777777777777778,0,1
0.82850905930676644,-0.55989539395303123,0.0094808478944345565,0.55439506471904954,0.82251906479505299,0.12691926671641637,-0.078859690982012259,-0.099897626993096192,0.99186773980171894,-13.791964216110671,-3.2640052421435577,-1.0865583681538997,,0.9403905622740022,0.7461538461538462,1,3
0.73157628342883607,0.64450416547362666,0.22228477728264523,-0.68175800735338232,0.69089394625278855,0.24056511476270692,0.0014700115634767258,-0.32753615940593922,0.94483750102735153,6.0641741591057547,-9.0134812258125869,-2.2014271234926861,0.8197196260050601,0.2379258589304424,0.2941176470588235,1,5
0.60885850861494573,0.78316411469592317,0.12627464488064752,-0.79309126647502592,0.59749171410865731,0.11836340064621544,0.017249913861292092,-0.1722138816241251,0.98490853354396746,-12.593232186738685,-13.332750060918338,-0.35021714127406534,,0.09772312105072289,0.2692307692307692,0,3
0.98992328289207687,-0.13968231411429013,0.023253926804951988,0.13548591014363315,0.98204125754307692,0.13129560783119709,-0.041175989857253667,-0.12682199969598695,0.99107049106124967,-14.294476390667679,-11.61633658656649,-0.29124863885894647,,0.6530331702918439,0.9305019305019305,1,5
-0.8950065369191389,0.43760185250544659,0.086417113790104069,-0.44009646601098712,-0.89787954985117857,-0.01128780597303892,0.072652594424772884,-0.048134526515238883,0.99619509529032679,-11.814974424903559,0.15298731284612954,-1.5332723567515907,,0.9207789646022612,0.9891552511415526,1,3
0.23014351988590076,0.95707505628903278,0.17618540485486905,-0.97240241130440974,0.21903810200732521,0.080348368735148862,0.038308102849121804,-0.1898147689153156,0.98107229231985149,-20.908424959168673,22.556220335975816,-2.650089087008999,0.5195061977230684,0.5990635416727559,0.6818181818181818,1,5
0.79944473426963303,-0.60066201487384818,-0.0096571598436163471,0.59505122081305117,0.78956545497229014,0.15000145640392315,-0.082475217231927106,-0.12566437920942297,0.98863861058551483,-0.065079539229210462,-7.3951007308431205,-1.9000378417686621,,0.1109037237894665,0.3571428571428572,0,7
-0.56628789450634864,-0.8207389458486789,-0.075535444016477743,0.82394968239281019,-0.56602049431993318,-0.026976302463577202,-0.020614107314030895,-0.07751375863044227,0.99677814773530615,-10.160888049199816,-18.06915066452714,-0.17616984965481661,,0.2626934972024262,0.6153846153846154,0,5
-0.99106628171816191,0.10906611788202981,0.076760713724393775,-0.11365023200285976,-0.99181964181585724,-0.058115599230835258,0.069794340795162779,-0.066320283763009316,0.99535439415042559,1.3431174120339677,-7.2402548215744469,-2.0127453836226303,,0.1332377508562428,0.275,0,4
-0.76730358286286982,0.63757548615949322,0.068867344759968654,-0.63634148707625859,-0.77029394200175783,0.041433739162280353,0.079465234860146894,-0.012030892064928534,0.99676503454161314,14.151054701430365,-6.0083648411627504,-3.1669746971140613,0.4997560450133948,0.3856902462945073,0.872,1,5
-0.061614853926695856,0.98845343657872897,0.13843198146126881,-0.99547798715101588,-0.070905727428919832,0.063213565913797148,0.072299286810826785,-0.13391109563242645,0.98835248347599625,2.030351029845757,-12.010659060194573,-1.6142430106172014,,0.1083693632695273,0.5882352941176471,0,7
-0.79646605315343855,0.58249407869850878,0.16230364892804644,-0.59964743708312018,-0.79541818690055188,-0.087936676918580384,0.077876680552193545,-0.16736354510171247,0.98281466533480133,5.5427723766117811,5.7279364974494937,-3.6473153855770835,,0.125141826366971,0.3478260869565217,0,5
0.93109844024387178,0.35700933742987806,0.074833331900352767,-0.36381068154098584,0.92375568066807845,0.1196546297898176,-0.026409895344590487,-0.13863540464590726,0.9899912838033238,-16.001044046002431,-3.3510804319397676,-0.87599767814472695,,0.07565603057341613,0.2424242424242424,0,1
-0.76207859262326672,-0.64747625565536027,-0.0032736871961797664,0.64748450865114526,-0.76206747872858016,-0.0041193350255835951,0.00017240107041610061,-0.0052589187845364527,0.99998615692973036,0.46677407735901227,-10.239806566176645,-1.6458816280079747,,0.09140761203816761,0.2432432432432433,0,5
-0.0026814134745285186,-0.99970664263310927,0.02407153291788694,0.99815698436385913,-0.0012163477742585039,0.060672523136427778,-0.06062544504931016,0.02418985682740505,0.99786742919049343,-4.611862689316669,6.5679059571562721,-2.7778302163115298,,0.08088715874544758,0.3269961977186312,0,5
-0.97264014474485272,-0.23052726735523449,0.028780685128042018,0.2287554388147906,-0.97196070339599261,-0.054436571040241827,0.040522808927366344,-0.04636345608013865,0.99810236544000874,-4.5219657685417944,11.55878189559694,-3.3339667803851736,,0.126521920535981,0.2828282828282828,0,5
0.68103689235385723,0.723924051141139,0.11010322171672624,-0.7310733543642558,0.66369553456392616,0.15824028544747989,0.041478931900376763,-0.18826100387309744,0.98124272870126172,-22.641168616366741,28.794719636086473,-3.0653858698111232,0.6121051658760378,0.3871314254764337,0.4166666666666667,1,2
0.97932571876251095,0.18738089767936061,0.076220310647282311,-0.1942313474589801,0.9763002705648518,0.09545661506289714,-0.056527163687559945,-0.10828749179787175,0.99251120844329299,-18.459458161254613,16.479080205198308,-2.374976210808982,,0.1184133726518111,0.3409090909090909,0,4
0.22474652492779773,-0.97439926531987353,0.0059221007228168832,0.97185710350046783,0.22459216422299955,0.071078338087716422,-0.070588737830912449,-0.010219173827742524,0.99745315608188789,15.324387022887434,-3.7131155820912625,-3.4718184446173006,,0.1680518184455506,0.6511627906976745,0,5
0.36757457420712802,0.92398997005007677,0.10550577066353241,-0.92923337247540982,0.36031521964522895,0.081843032507272581,0.037606806224732441,-0.12812290091497225,0.99104502944452899,-13.417771367724393,-8.6076591369363253,-0.69707695813436132,,0.07586320261386995,0.2068965517241379,0,2
0.99470616996351324,0.084830809385016762,0.057994561948523753,-0.091727560618954429,0.98739495469221383,0.12898549558480238,-0.04632159387817112,-0.13362236799070737,0.989949176833408,-4.0572128238727325,-2.126874185273568,-1.98300196637593,,0.6656362865618815,0.2124352331606218,1,1
0.99381415747339563,-0.1099694905220522,-0.015496178876245305,0.11094993335934977,0.97705748841313389,0.18179322491054059,-0.0048510507109481155,-0.18238798066248449,0.9832146722953542,-14.774598722329911,9.5153143395831652,-2.094874769618551,,0.1969171066846435,0.3181818181818182,0,2
-0.89892371594896725,0.42072886893847761,0.12216125304796485,-0.42992399019515876,-0.90078495895708854,-0.061252105036058421,0.08427049044103592,-0.10758102322633176,0.99061839670097063,7.0017677631853861,19.625572412201031,-5.3084416812156086,0.3089553614999085,0.3547084227589982,0.5909090909090909,1,5
-0.86396556630573462,-0.50334549235910475,0.014381083400801343,0.50351479917367126,-0.86389318650783198,0.012704696707940359,0.0060288681448218331,0.018217508806472615,0.9998158706090724,1.0475715214953873,-11.518337548507406,-1.5836599103746671,,0.08172662943725746,0.1578947368421053,0,5
0.42449901099814291,0.8959581045146966,0.1306126510565877,-0.90486304430319653,0.41469971398874234,0.096161417793239626,0.031991572576998473,-0.15900698780898462,0.98675899646872411,10.429172925984526,-12.889489424765472,-2.1796756463921931,,0.1110696961664381,0.4,0,5
0.047893026119451211,0.99215451838834501,0.11548017011899937,-0.99714917782167833,0.040741899768363371,0.063510745333493976,0.058307591432615734,-0.11819267847399063,0.99127731515276374,-14.40677897682045,2.8926558694167506,-1.5381065331997763,,0.09697482731400672,0.34,0,1
0.98119661385487611,0.17567495428907162,0.079946953633373452,-0.18627084050692441,0.97038591913228178,0.15379968116559867,-0.050560646124906732,-0.16579951262090165,0.98486249937648795,-6.1962150356430712,19.223616735494634,-3.8967440640899516,,0.2210724048771139,0.3809523809523809,0,5
0.48473976205651526,-0.87214130426170799,-0.066309188519243542,0.87389499421946815,0.47975607507002321,0.078368664091988574,-0.036536312889364091,-0.09593567550235943,0.99471676572095502,4.8102278716322102,10.569137798742398,-4.1552630300887206,,0.3112907255897103,0.1,0,3
-0.98474343780541485,-0.17350231307925809,0.013315744640104264,0.16909312181282285,-0.97216511373565828,-0.16218047906862368,0.041083790657230328,-0.15745456167250793,0.9866712639748616,-12.939434998183481,13.927289822774954,-2.6322596728278906,,0.4915771781628455,0.25,0,1
0.83518665760379895,-0.54922058993039646,0.028635477245931802,0.54382738488806148,0.83250145043955959,0.10579749742712204,-0.081945240291350793,-0.072787901553327872,0.99397530099145626,0.3860767557102201,-8.572351965453251,-1.7997404559900243,,0.09554924671991177,0.3181818181818182,0,5
-0.9758835753084627,0.18257889261086152,0.11965030470568366,-0.20427819253240498,-0.95705350416395341,-0.20571584825479752,0.076952371625994373,-0.22519666547373363,0.97126968158212679,5.9845507381914578,12.05824413790474,-4.4207235413341825,,0.4967784426145929,0.1333333333333333,1,3
-0.45711591499621707,0.87214576516218989,0.17437547008346438,-0.88687277314947344,-0.46175725684869173,-0.015392205616267864,0.067094891782707972,-0.16168487887625538,0.98455892431049397,-3.3978360834427819,-10.877061415304587,-1.3091119810106133,,0.2251815822274393,0.2352941176470588,0,7
-0.70973110096743097,0.65352634823635303,0.26303056187526097,-0.69994686776375914,-0.69642931002953889,-0.1583053961161244,0.079725445293589811,-0.29646168098531278,0.95171126140237594,-12.216567426832192,25.8110155420108,-3.8422917779399723,,0.3031664633013582,0.2727272727272727,0,1
0.99762713856474983,-0.051415329709195906,0.04578816735800087,0.040415117865952525,0.97575334841058137,0.21510932409688752,-0.055737874439117194,-0.21274836529673577,0.97551597753013564,-0.71721033388490052,-3.6193032347770711,-2.1868168637603511,0.1831083625602553,0.1231775583565895,0.5123456790123457,1,5
0.983452745915116,-0.18062930775059668,0.013919401336189996,0.17032905361669348,0.9480710313208679,0.26860627889948274,-0.061714747395247987,-0.26179070409723371,0.96314947811968155,-10.585915902435158,2.8950489224264842,-1.9150370113978787,,0.2888832198167761,0.1779661016949153,0,1
0.99292760250295953,-0.10977965173447647,0.04520181691903892,0.10228664461279009,0.98432172706990317,0.14369474573546598,-0.060267889639359556,-0.13805493719233844,0.98858920477377166,-0.35134745764420244,17.295186769041649,-4.3183196553967615,0.2225055503294397,0.2058512736686621,0.4528301886792453,1,5
-0.96588739452756767,-0.25719908666887842,0.030169038921385082,0.25766658620337346,-0.96615005262513676,0.012728164311622502,0.02587414630562531,0.020067526731981842,0.99946376768936185,11.205606457946072,-12.051572783138454,-2.326369884130056,,0.7484426230711625,0.8682634730538922,1,5
-0.75071691119885831,-0.6597325601936358,0.034308428416297991,0.66062128723169233,-0.74955087506688489,0.041868849313171114,-0.0019063306081341888,0.054096531375105422,0.99853389086039279,8.0060081018589422,-6.5367119307563,-2.617098254958933,0.5153432266053668,0.3631978989832048,0.8939393939393939,1,6
0.84782005129073046,0.52398459201346459,0.081494220420008229,-0.53012459240421272,0.84126493933203916,0.10602461213758901,-0.013002967263249661,-0.13309188248402656,0.99101840228080906,-6.3455912409025332,-0.72904203100090448,-1.9490193586043356,,0.07963620134538356,0.325925925925926,0,5
0.96326981829646119,-0.26798075075010919,0.017250344533123421,0.26076226629539168,0.94879880925032545,0.17828028506163188,-0.064142790986944934,-0.16723377886232571,0.98382852447559843,-15.854396346878369,-6.3242795666709481,-0.673517968227342,,0.2753147876344471,0.3125,0,3
0.58889379311556256,0.80346123548554826,0.087487962040513942,-0.80799781526639092,0.58279651191523008,0.08653182203202063,0.018537285526879305,-0.12164813509248162,0.99240017143983672,-16.947402980878667,1.5010389074329353,-1.2434344190186108,,0.0800676379428675,0.5555555555555556,0,1
-0.53724494216130003,0.80492685959128873,0.25191391948561959,-0.83982024912500453,-0.53811913889398155,-0.071622213841900567,0.077909057764272649,-0.25004108275342557,0.9650956614003493,-17.769358196486657,17.675348985395175,-2.5638460467326429,,0.1201133887368283,0.4444444444444444,0,2
-0.041369729974243326,0.96627123535688308,0.25418191352600078,-0.99184325432501941,-0.070413834322801669,0.10624900369374674,0.12056327920146731,-0.24771312370934698,0.96130260794941402,-7.1267563518297568,-4.501656400274177,-1.5119128503044543,,0.3457467208762661,0.2272727272727273,0,5
0.75961389394903711,0.6257243945535792,0.1773575884481334,-0.65006866315133127,0.73883959292846502,0.17755784722152065,-0.019936532000870207,-0.25017001815136969,0.96799664085673431,-7.6078222459681122,11.026293890510983,-2.9694662093952964,,0.250380951568176,0.2253521126760563,1,5
0.48784435835887113,0.86350728092940243,0.1279181683707642,-0.86970239864944876,0.46820246318980924,0.15621840879483681,0.075004131891626843,-0.18746100726525872,0.97940428371244026,-13.018153637250522,-4.8871921052348215,-1.0279873941359048,,0.3751200822192969,0.8415841584158416,1,4
0.98446650040212491,0.16349448223118407,0.063994248694326086,-0.17113678312482195,0.9749947660661068,0.14176532582189058,-0.039216208991715594,-0.15051498405028033,0.98782960500719119,-9.3175030800472776,-13.189044364765914,-0.62955436367874462,,0.109400795295821,0.2631578947368421,0,2
-0.034020440554277664,0.98875450554780653,0.14562670559827512,-0.99741557906255851,-0.042816218694873932,0.057696915515255701,0.063283270046629966,-0.14328747040682435,0.98765577432454665,-20.69510547414529,14.369513851919519,-1.9866056546938524,0.110193888217384,0.1272363593155217,0.35,1,5
-0.28962055931751662,0.94950749070631346,0.12064599750182022,-0.95223886651171263,-0.29858049832949268,0.063959574121476154,0.096752636786279517,-0.096359800279536112,0.99063298762205088,0.4235734693281431,13.252541463132493,-4.0085906483479974,,0.1883456270986949,0.3661971830985916,0,5
-0.96505030815934689,-0.26063920071858576,-0.027296698890625904,0.25978043423875558,-0.93771235323097557,-0.230672210256781,0.034525768757150813,-0.22970143588319561,0.97264856019269619,-11.350713449892558,21.813244776258447,-3.5538034720925129,,0.5026627678642777,0.2666666666666667,0,1
0.72785290490770804,0.66073900919752437,0.1834505670257901,-0.68572260625803105,0.69981893226235925,0.20009490076926925,0.0038283265408510709,-0.27143585572257073,0.96244891819984468,3.5866778098812468,-7.3181594817615796,-2.2098029552035623,,0.1195965947851869,0.4285714285714285,0,1
0.50149087544323911,0.84486538999754901,0.18630452123194349,-0.86316051378896308,0.47394937149361555,0.17414339119352337,0.058828813371913306,-0.2481420279700656,0.96693572933890315,-22.660768549238398,17.278372457280657,-2.0459671820234098,,0.4444369884406879,0.6756756756756757,0,3
0.82615739955233225,0.55438391971676859,0.1006102416476503,-0.56329611955107939,0.8166995232963441,0.12529712824410391,-0.012705623307145022,-0.16018850834874188,0.98700466510011042,9.2819294502996108,-0.88266840953235859,-3.2893451139093957,,0.4868938253737624,0.7131782945736435,1,5
0.9598749923431088,0.25900150556087237,0.10750915864017357,-0.27597618461597101,0.94050118043547526,0.19822884533863538,-0.049770921220408153,-0.21994487881439423,0.97424181068366866,-14.246178258809795,-0.38422958502742266,-1.29873642944073,,0.1834640672360877,0.4545454545454545,0,2
0.82643968378699662,-0.5571262581941987,-0.081288261714590013,0.56044957198132361,0.80024532592562569,0.21331595252146468,-0.053793366951695371,-0.22185073983360917,0.97359566705449141,2.451795808266469,-14.8146724472895,-1.4137052638752672,0.9379674940685022,0.624842173302545,0.2272727272727273,1,4
0.91865019809513193,0.38468103224087824,0.090012871156667534,-0.39265584410011928,0.91417739405557485,0.10050413071998769,-0.043625699235625544,-0.12767221949919233,0.99085649956709299,12.193659067951273,14.23627032692081,-5.3491436571461728,0.2210540034163216,0.1610852478761428,0.5454545454545454,1,5
-0.99529461988660883,0.083616200913222083,0.04895866184456231,-0.085424921140334731,-0.9956906304481189,-0.036093646061253343,0.045729667317160022,-0.040106101564065008,0.99814843492558503,-26.041715536775666,20.012306538095444,-1.9750785353728464,,0.3200244907396241,0.25,0,2
0.99460300801190749,0.083503829973282567,0.061578947972966973,-0.092877089438764548,0.9811113296635664,0.16968914244338398,-0.046246110226136797,-0.17449260495958116,0.98357187236285393,-19.395456420031095,16.294118387318022,-2.2827377451603352,,0.08458824753228392,0.1739130434782609,0,1
-0.73454468187272526,0.62955509175256752,0.25318865847607153,-0.66745584098732713,-0.73757043557731194,-0.10243316305861939,0.12225714974755654,-0.24423398414371006,0.96197866417342826,6.8935679922188768,14.036058443410122,-4.7334048464226006,,0.4176215774954026,0.4,0,2
0.99854209760571533,-0.0036855680727843668,0.053852538446755013,-0.0050480030105241932,0.98691804447567544,0.16114369722057081,-0.053741947999529159,-0.16118061321477264,0.98546060953694448,-7.7275423735631383,5.6901232316357042,-2.384165107459399,,0.09762204491568149,0.1869158878504673,0,3
-0.2988863056409915,0.88245754382208164,0.36322948620917017,-0.9514751993848809,-0.30478031965525743,-0.042472364030495133,0.073225140872377692,-0.35829825579025237,0.93073113123064843,5.2058019787675498,-9.4357240276062537,-2.1090963002899796,,0.4299066117750741,0.2173913043478261,0,2
-0.84203352124514896,-0.53937733844962521,0.0071858100791366269,0.53931182335351679,-0.84205494909333201,-0.0092854670604747679,0.011059217449722276,-0.0039432821892861529,0.99993106974179757,-18.641248729392352,-5.557443591930002,-0.50945291517685209,,0.1110284947179882,0.4761904761904762,0,1
0.04211390573517379,0.99530678925964156,0.087125278750725413,-0.99696817880657296,0.036152830177985165,0.068901548003121774,0.065428353111121648,-0.089762843781736795,0.99381173392417799,-3.1992067936832345,9.1646215233976598,-3.1899070291865486,0.2424597928955018,0.2448095361641759,0.7916666666666666,1,5
0.31519897941941977,0.93836133239829134,0.141871819727036,-0.94812361362733977,0.304844676358415,0.090173924047747545,0.041366854547958985,-0.16293475122157811,0.98576926823124866,-20.119122578607708,-0.93323831247914824,-0.75838348920526066,,0.1246627283016913,0.15,0,1
-0.2107042905027651,-0.9775261018596092,-0.0068133799897657681,0.97576443258475076,-0.21073540440100721,0.058943714122074803,-0.059054839482359955,0.0057714396039915327,0.9982380559859515,-6.3868020317506815,5.4300969431013959,-2.5109682425107072,0.5078895896247136,0.1757850985981582,0.2816091954022988,1,4
-0.21789441080142885,-0.97559248158572565,0.027227479040533801,0.97496535958829045,-0.21631789980702668,0.051469542701986504,-0.044323507807625395,0.037760774574705024,0.99830333594511489,1.5430666159876067,-5.8229378867375656,-2.1625213874180385,,0.1062089226555955,0.3448275862068966,0,4
0.77386910747992388,0.62555095034383679,0.099058634213019553,-0.63333116300465186,0.76538243954333396,0.11437376974582029,-0.0042711187528866341,-0.15124724712409635,0.98848673627013406,-11.287620912684808,-6.0475544665619063,-1.0719914330187608,,0.09341973734692532,0.2741935483870968,0,5
-0.95954763830078527,-0.27765212754101287,0.046665039412123008,0.27927299326678007,-0.95965514908532246,0.032689295890875228,0.035706092802194167,0.044399221907340733,0.99837557263327747,-6.6882828233386018,-5.8681062606685686,-1.4590000199388873,0.2266043640421741,0.1076069437174025,0.3297872340425532,1,4
0.51036333764189645,0.83963919902178275,0.18583669997361418,-0.85935752627701745,0.48987558878696885,0.14671928824004607,0.032154402841116786,-0.23458031242344282,0.97156480555918212,13.18509485650314,11.845216220079005,-5.0832910198668975,0.5345397226883332,0.3308803581125268,0.7333333333333333,1,6
-0.54212953616847326,0.8308699836161535,0.12550153919154644,-0.83748357340752377,-0.54646248778720186,0.0001171067267641213,0.068679183791883369,-0.10504199049481799,0.99209341795345363,5.9453050777231073,3.5213427973337526,-3.4306437424503593,,0.1246847169007822,0.3404255319148936,0,6
0.73428483320466886,0.64353932949526715,0.21606229453186304,-0.67882000909067752,0.69354471029918974,0.24124495865021703,0.0054017574661949196,-0.32380992296221389,0.94610673542020673,-8.856833620270308,11.158544236282278,-2.8338926473856216,,0.3475213796466368,0.2857142857142857,0,5
0.94873939543878572,0.31120446515626621,0.055184603008898832,-0.31594825274230187,0.9384679219515808,0.13947996650762459,-0.0083821913324650145,-0.14976561799920499,0.98868599592276118,4.6463005819588279,-8.4541221553540886,-2.1377348879358333,,0.2706046625795515,0.2333333333333333,1,5
0.91272992575251966,0.39472460046508934,0.10543515743562565,-0.40796148979877395,0.89451809683320149,0.18276979312531769,-0.022169922800146801,-0.20983294361368079,0.97748587217281713,-2.5943178659968194,-5.6892529842376023,-1.8181138959101568,0.6737663843363951,0.2585998365522779,0.360655737704918,1,3
0.38964762177681828,0.91017520517791162,0.14055542224693726,-0.92090051858369304,0.38684868480082979,0.047857391698174628,-0.010815068929687199,-0.14808508009658991,0.98891548847049204,-5.0422280113071514,15.198036824418102,-3.6596889283373431,,0.1565099455342082,0.3584905660377358,1,5
0.89226278868475151,-0.45090994348446756,0.023395272927354271,0.44483708510128517,0.886762020608868,0.12559094921319056,-0.077376247305636983,-0.10165304556437309,0.99180621831100912,-11.975105788947085,-8.0225263403684757,-0.8429872208424033,,0.06975378412339255,0.25,0,3
-0.87472844878223344,0.4638289941527477,0.14040229725427592,-0.48024106875483008,-0.86848925277554723,-0.12286144104067064,0.064951187612284994,-0.17489734702568249,0.98244198873578892,0.4581925777430878,15.255662119022329,-4.1847488331467053,,0.1180583984415324,0.1538461538461539,0,2
-0.99714139013538894,0.060718913869066166,0.044969562788896654,-0.061274401839054506,-0.99805948454629234,-0.011077589379215453,0.044209679461964899,-0.013801405933793363,0.99892693698594415,-15.011109813162951,-14.588430257460061,-0.1049985164355029,,0.4495652012606421,0.935064935064935,1,5
-0.93316417455182488,-0.35674427090625488,-0.044024408100231067,0.35930749093543596,-0.9292242590600116,-0.086257772589219406,-0.010136581805154112,-0.096310962771309655,0.99529967756418491,-13.275374256625534,-6.0271440214774481,-0.94432838910731176,,0.2600343175979972,0.4,0,3
0.9979033215601415,-0.044810237813825024,0.046701214184486937,0.028984822551789427,0.95456947049253382,0.29657546436825299,-0.057869170383531121,-0.29460001458023061,0.95386686205594218,-21.960767467264617,17.845523537137023,-2.1729110322030869,,0.5963603461954183,0.1935483870967742,0,3
-0.96517603775611382,0.2495190767716364,0.078584008986809992,-0.25083513368647575,-0.96800313930204496,-0.0071873506853111883,0.074276186290739357,-0.026648689056238049,0.99688158550636663,3.4587223058075915,15.073759565672841,-4.469255990313167,,0.1699849144198097,0.25,0,2
0.9445087945192493,-0.32828286875465323,0.011554010473021584,0.32119921705682131,0.930352509505461,0.17684815808760043,-0.068805523309401914,-0.16332350149046812,0.98417032764812262,5.6125938726169489,-6.4719803353419092,-2.4312896964202713,,0.1414756238956747,0.2702702702702703,1,4
-0.92277893314433823,0.37045217271940734,0.10603880550283568,-0.3808946689963032,-0.91857161330959747,-0.10557197711514717,0.058294868343572531,-0.13780921213501998,0.98874179105342364,-25.29166799489083,22.249971729783347,-2.2535770976009331,,0.364126167630311,0.5777777777777777,0,4
0.15348309116412198,0.97885884842778992,0.13519724694432697,-0.98630307533589801,0.14339129669264783,0.081517971121402133,0.060408478789442423,-0.14585709063127705,0.9874596319865051,-12.171099086798673,-11.846329645653435,-0.53964167764853233,,0.1038797965963115,0.4736842105263158,0,4
0.85747304289158055,0.51095164004959881,0.060567336451921916,-0.5144925803782634,0.85284985801485313,0.089131949489296133,-0.006112728520985598,-0.10758968916523311,0.99417659061927155,-14.877560661223082,8.6192946265786272,-1.978990600994037,0.2475944769615872,0.2489061049137519,0.7857142857142857,1,5
-0.5928160645618118,0.79755360889446048,0.11170207937575333,-0.80192541938219841,-0.59735339335133608,0.0091948464004876808,0.074058999089445784,-0.084125884191877179,0.99369920009165924,18.574795535847098,-10.907240905506715,-2.9675793138671938,,0.338848248234456,0.859375,1,5
0.83521756954899717,-0.54967510276152853,0.016397954773942496,0.54017202461626468,0.82563756242021469,0.16290119503174516,-0.10308149852728517,-0.12720022376123491,0.98650611135281885,0.41796052089552654,-14.356967315533552,-1.2819400222701063,,0.3526539376319864,0.2,0,3
0.26368333630731333,0.95179033021382953,0.15673629275089915,-0.96195679181239102,0.2474220524268135,0.11585101923987355,0.071485864615730574,-0.18132152460299508,0.98082224479045588,-15.648862298092169,-5.4126340693751942,-0.74379602947090517,,0.2132449958527593,0.3181818181818182,0,3
0.0053772142524068783,0.99768535069276909,0.067786625376473578,-0.99806883775276034,0.0011595056002002902,0.062106768178819653,0.061884413819137479,-0.067989679803700825,0.99576489331892626,-9.8442175127096281,-11.345713846442456,-0.75430784698024722,,0.1030359456180445,0.3023255813953488,1,5
0.99712183539970045,-0.058835177884390848,0.047817018021249137,0.052939855527532075,0.99179311539600234,0.11637778116898298,-0.054271696729109316,-0.1135114007331587,0.9920532973775853,12.541842062259578,-10.824092646542688,-2.5424504067252811,0.1231533119833856,0.1110527300570869,0.2258064516129032,1,5
0.35840359361048418,0.91210059253669773,0.19904615841883438,-0.93278583251405467,0.34115078783810332,0.11630447376822362,0.038176625677932306,-0.22735137794094451,0.97306417887013019,2.471393220730377,8.5243059978077635,-3.7025623903759737,,0.4039198513537153,0.2,0,1
0.16458399549902616,0.94005147113397924,0.29868937049118277,-0.98501886577749909,0.14083880114961422,0.099510130907106767,0.05147759209584938,-0.31059243987834273,0.94914824648335738,-10.912956242503762,6.5552538573938408,-2.1993142406292043,,0.4910724563483976,0.2292263610315186,0,1
0.98129287832304501,0.17765701230626385,0.074177307384977478,-0.19097526926420869,0.94698512075995611,0.25835562232843784,-0.024346118416215565,-0.26768856351675435,0.96319785064149732,4.3354570970245492,17.401838710827938,-4.8114202788620535,,0.5028023322840748,0.5142857142857142,0,3
-0.34837740899942926,0.92575765232544271,0.14698962568742657,-0.93414243133169594,-0.35585888052839848,0.027246561889228891,0.077531276814928357,-0.12781715968507637,0.98876269893513236,11.386976224564618,7.151450770972807,-4.3775130975322627,0.4948036045924995,0.2427251876160827,0.3157894736842105,1,6
0.9911916730555046,0.11799748397480989,0.060130367045649974,-0.12493246279298115,0.98375514180610879,0.12890966104417287,-0.043942542096588801,-0.13528641744705064,0.98983162116010048,-9.4914316295226193,8.2448205757740158,-2.4846908751770043,,0.07110981094150469,0.2408376963350785,0,5
0.037437128729044859,-0.99455277233167483,-0.097279208672277503,0.99497927482993098,0.028056573285250269,0.09606805584789449,-0.092815430028792736,-0.1003873086742989,0.99060975374044313,-25.223974583109637,17.442599659950542,-1.8049310046528728,0.4834942995863551,0.4261370775361945,0.8157894736842105,1,5
-0.010670266370087195,0.99608627054554266,0.087739882871268271,-0.99780147087693161,-0.016345999853242883,0.064226419833508269,0.065409251114988798,-0.086861671175900573,0.99407076204317912,-6.5308267858871147,-9.2657498005635848,-1.2026554559472182,,0.07821250876673393,0.2592592592592592,0,5
0.81048923351502355,0.5783172523650365,0.093039550585678713,-0.58571356984333656,0.80200068147381387,0.11719437280396121,-0.0068422553011011165,-0.14947930469631399,0.98874117999095279,-11.827741557229034,-4.0187288933065153,-1.1942949380279924,,0.09145689586146083,0.4137931034482759,0,3
0.56961423440953274,-0.82104855416910361,-0.037668231374276752,0.81907682514220315,0.56324930582375132,0.10891911679788278,-0.068211278195107569,-0.092895054690153023,0.99333666515492258,10.67193496380132,2.5790538359553192,-3.7538454522102311,,0.1166456962935159,0.3703703703703703,0,5
0.0059682727790153428,0.99592414236511217,0.089997124256003272,-0.99802743657258819,0.00030786963159487102,0.062778507983529741,0.062494924340968941,-0.090194278480428963,0.99396145627534815,-10.132193628287792,-8.6943950739699929,-0.93798914974749947,,0.1009781423134759,0.2765957446808511,1,5
0.97701124205452616,-0.20791323790164457,0.047128742868077451,0.20087966868001017,0.97185520050013152,0.12306432452931886,-0.071389016032444061,-0.11076802230834636,0.99127899888165494,10.325168406925423,-8.7857538220918983,-2.5921266356554984,,0.1061653222759242,0.3243243243243243,0,5
-0.97412586568100323,0.21303500182717774,0.075464467186425035,-0.21779901468736515,-0.97403878834990476,-0.06174162284118407,0.060352191446952023,-0.076580198395828816,0.99523519140010652,-1.9882342500174686,12.25275429213425,-3.6736018886517305,,0.08731687479776494,0.1964285714285714,0,5
-0.55435821886826508,0.79028221771376395,0.26103827600300539,-0.82847691353804487,-0.55392389216898186,-0.082427698128982332,0.079454193770252743,-0.26195865713845579,0.96180283480687323,-18.862108829574275,0.98250664197660109,-1.0192292738527875,,0.5621180077603849,0.2258064516129032,0,1
-0.85421207518950415,0.50070413033400285,0.1400610740602494,-0.51457370855278184,-0.85271664409684012,-0.089934550348905476,0.074401808221826529,-0.14889492518784186,0.98605003533625502,-31.667758050687084,23.867429624856491,-1.7651261936830205,,0.3610062293175098,0.5238095238095238,0,3
-0.92069406580453805,0.38290610811812548,0.075533764358329439,-0.38650859575080226,-0.92140447474881337,-0.040310039985174718,0.054162187945577922,-0.066307663800603892,0.99632813426012146,-15.551796511008307,-10.681814019329057,-0.36372893615049945,,0.131302380645917,0.3888888888888889,0,3
0.95176842823576935,0.29875195047688319,0.069886558792582931,-0.30513374908038521,0.94549293541426571,0.11373875440614729,-0.032097572895153255,-0.12957770320534073,0.9910496277413493,-2.2679194711989528,6.3234078324894165,-2.9772107582664575,0.9253182359158555,0.8101875664037923,0.9661880500231589,1,5
0.23896089449965832,-0.9665203012197281,-0.093467631991246178,0.96866839306428543,0.23056502681810262,0.092310956482016024,-0.067670046388193072,-0.11259784961754589,0.99133369209531375,9.9992316205114982,15.637484271651369,-5.3032794863242891,,0.1913816130191837,0.3076923076923077,0,4
0.38274458441763642,-0.90112416720386268,-0.20367085795497145,0.92127056247089345,0.35580773219466244,0.15703951233703392,-0.069044433689710832,-0.24774198875369252,0.96636265096744656,0.27737658878188876,8.5837278655210127,-3.5019432273123932,,0.2818313039871134,0.4,0,3
0.56484459555927835,-0.82450839719174152,-0.033711805466057808,0.82091057725595273,0.55728254209215677,0.12466752756272433,-0.08400242268395812,-0.098092156871023989,0.99162569639134346,4.7694007800170128,-13.01371840573921,-1.7090417013500145,,0.1851308880253469,0.2068965517241379,0,7
-0.56265156954554341,-0.80398490836662206,-0.19243564744259345,0.82642659708369615,-0.55294021884329181,-0.10618942517121849,-0.021030713744371831,-0.21878158401530562,0.97554719392510958,6.0192368990970122,13.522651443052743,-4.6044573342549109,,0.6010593143247513,0.35,0,1
-0.98991713227647471,0.1088287154923719,0.090666321805836891,-0.1154561210193899,-0.99074562587829806,-0.071365180040228599,0.082060680868947161,-0.081113596192615128,0.99332101013117857,-11.488588393210044,-9.1063551183485139,-0.81864960085051164,0.3912402840505321,0.307879430393082,0.2903225806451613,1,5
-0.86775985235146313,0.46793522375947549,0.16742002572015291,-0.49112036000115283,-0.85899413969722604,-0.14467155891245637,0.076115902670237809,-0.20776355390441301,0.97521314338441045,-18.587147039758388,-1.9777478159504305,-0.78390813798691472,,0.4919124507809852,0.125,0,2
-0.39676223385119253,-0.9105442872197248,-0.11614142586060634,0.91611589152149786,-0.40073138551244286,0.012084285955281913,-0.057544792042222952,-0.10160441760475307,0.99315917114630536,16.073148439058702,-14.530881474311672,-2.4225391842435906,,0.1709476317544341,0.1333333333333333,0,3
-0.037746128373678321,-0.96857292448455468,-0.24584897752122983,0.99755226613647618,-0.051014174680522009,0.047822905679656871,-0.058861754295790013,-0.24344207511665195,0.96812770332437026,-11.534300571878388,-27.086125162778494,0.61751294275679547,,0.6698820341979993,0.35,0,1
-0.13739248859258812,-0.98280766831798139,-0.12333852266711892,0.98974385805604725,-0.14113469991583311,0.022092802447802009,-0.039120321045020105,-0.1190381601631996,0.99211870101631194,5.2312280635334778,2.5319672131655873,-3.2971038336508305,,0.2990157293434345,0.125,0,4
-0.27086230769256364,-0.9356326636550184,-0.22632969087875859,0.9615888851686426,-0.27385721973096167,-0.018682588721980746,-0.044501979636706782,-0.22269652422757574,0.97387156848599443,6.0117253670012527,-4.7357803573825263,-2.6361650125057166,,0.2873339046378107,0.2352941176470588,0,1
0.75501961118300964,-0.65486232604476813,-0.033177110427134497,0.65091772298830508,0.74244915946188239,0.15835202402895204,-0.079066457039496441,-0.14115445278694383,0.98682516983994761,-3.4271979648410844,19.323900206678257,-4.2327341091254453,0.2776671396150961,0.1853768861149128,0.25,1,4
-0.63335985276725182,0.76446046198050999,0.12023102333087669,-0.76979780663701469,-0.63827995991074848,0.0031669659256836104,0.079162072986284887,-0.090547748977422751,0.99274088832667484,4.4470238586553439,-11.514113725979598,-1.8569121469746415,,0.08294334457244966,0.2,0,6
0.70562886138170744,-0.70509858109187173,-0.070170513233027795,0.69631765380806687,0.67166271399151534,0.25300380160934932,-0.13126170416532851,-0.22738775159577815,0.96491718579566843,8.6886063686816772,3.7318846594690949,-3.7225674809503992,,0.2576507820683491,0.1875,0,3
-0.91786576567886091,-0.39649432286374225,-0.01773945127621562,0.39620707276209705,-0.91274573658327085,-0.099574975984694031,0.023289304155532223,-0.098424957637200577,0.99487191940775288,-4.6669452750429112,-13.622998581019829,-0.96070411695332802,,0.08048463848488224,0.3076923076923077,0,4
0.77519307587130826,-0.6304878218518386,0.039506981885536002,0.62656623115358168,0.77533394010475032,0.079196207608948771,-0.080563348361251771,-0.036638611029450582,0.99607588018315951,-11.066232532450311,12.822658369912869,-2.7487550280341266,,0.09273495532818671,0.25,0,4
0.72830912670978443,0.67125678434202651,0.13776844858687301,-0.68521673397657024,0.71534733618150492,0.13695333547054592,-0.006621437133604767,-0.19414561054226151,0.98095037513498029,-10.181972165977404,-6.4826169070549629,-1.1419713826411539,1.290827796218937,0.7156428685948747,0.5637583892617449,1,4
0.22863120139679502,0.94556831306677658,0.23157793304179458,-0.97253451637042698,0.21118179953331023,0.097871660934173821,0.04363929669459967,-0.24759404853494449,0.9678805705840352,14.994957728839104,10.508275376440986,-5.1112107540893001,,0.276348510925453,0.1111111111111111,0,3
-0.99464672351943817,-0.095251363152508428,0.040063364931530808,0.094957608003729779,-0.99543901907665822,-0.0091767086644586396,0.040754730697896292,-0.0053232619033175381,0.99915500039205762,-1.0637386597438847,-12.365289685425857,-1.3564817414162254,,0.08276847977123312,0.28,0,4
