axis_00,axis_01,axis_02,axis_10,axis_11,axis_12,axis_20,axis_21,axis_22,location_x,location_y,location_z,dbh,dbh_approximation,score,reconstructed,number_clusters
0.99739108894406381,0.06932584799465899,-0.02012318301849729,-0.064534301335003569,0.9812197018708696,0.18177794313844958,0.032347173696900766,-0.1800050650961352,0.98313368210714802,-14.079428968751538,-17.157774992299412,2.0250111067630683,1.020987743732104,0.863578578269268,0.7916666666666666,1,2
0.31629775255534598,-0.94759346007585321,-0.044970725476819226,0.94108405104911685,0.30744008713867516,0.14085951043912384,-0.11965174712231727,-0.08687477908828381,0.98900770076321509,-7.3045291155337058,1.0812512074347926,-1.1244042215954473,0.8620622437435257,0.6319194812887083,0.9800412938747419,1,5
-0.99486842396382491,-0.094593447968827737,-0.035901233977452193,0.095656471476812985,-0.99498768675615856,-0.029143484147140564,-0.032964503095613849,-0.032428117506226983,0.99893030724403498,-14.714446260273235,-12.672146012014872,1.2998832609125675,,0.4853549259912241,0.2272727272727273,0,1
-0.53093248022054262,0.8382895801268675,0.12402129372645342,-0.84169030655062893,-0.53864961196287153,0.037603502376193303,0.098326645959126185,-0.084422599953852831,0.99156678812446108,7.331451273339515,9.5730806722131039,-2.1140112591151086,,0.2926259257246518,0.35,0,2
-0.93545909933090932,0.35343241864932046,-0.0013412407301491285,-0.35288362962148312,-0.93378124024087694,0.059377936301110934,0.019733662208846699,0.056018932709416477,0.99823467268670152,13.985656735730188,-1.3272484344011735,-0.51345717625762077,0.5418663196390181,0.3731125670890863,0.7741935483870968,1,5
0.99719178802981012,-0.072461788265396343,-0.018916319073497421,0.074554009225407253,0.98443161005786661,0.15917319129581498,0.0070878483566866142,-0.16013648666140104,0.98706943425749694,-0.69636653339061294,-24.373726856276836,3.2179754879061488,,0.2063505743308112,0.3333333333333333,0,3
0.94639579594669776,0.31808989253408837,0.056158861117982885,-0.31668053234065419,0.87947414000128588,0.35530082677280622,0.063627335720245023,-0.3540396267886573,0.93306350524093074,9.3855427507144107,9.2301540746468334,-2.0276804245901676,0.4705825578335745,0.2854148222874049,0.125,1,5
0.74694008416564972,0.66487555890800754,0.004582775728393604,-0.65537829027016059,0.73507383884490596,0.17362530946948634,0.11207054612686493,-0.13269115498999126,0.98480112209432846,3.1009992782084113,-4.9161254400474963,-0.26240630754667527,,0.07949758611568572,0.2407407407407407,0,5
-0.97199439577667146,-0.22463536941788065,-0.069035102558303307,0.2229464369649565,-0.9743259400361074,0.031366364427305123,-0.07430868605603147,0.015096800298345195,0.99712100860295694,-4.9478493455929931,10.774472086840648,-2.3205472379437881,0.6718448440591012,0.5471317041129018,0.3959390862944163,1,5
-0.45179602192466445,0.89197251832318858,0.016290522681483271,-0.88528845858520266,-0.45051663291537786,0.11532176100990668,0.11020299301236483,0.037680101151385099,0.99319459840875968,0.44251735986170304,3.0778104634969567,-1.4853643495648616,0.2235976687791132,0.2025785204220698,0.8226600985221675,1,5
-0.39976199373010629,0.91454424349246044,0.061637448549817772,-0.91072367225193274,-0.40390616891191616,0.086268183676551938,0.10379181648320314,-0.021647942389516235,0.99436342723443694,7.9157009100411475,-6.6810693599020698,0.11099343255528986,,0.615710012161842,0.865979381443299,0,6
0.7168744575328635,0.69719332607722029,-0.0035324510392669112,-0.68904630048964488,0.70925197225645664,0.14891888943938653,0.10633065371047114,-0.10432212576298906,0.98884310492504035,-26.848836601907188,1.2306180603393413,-0.63717617274047378,,0.09917531531988616,0.2222222222222222,0,1
0.14386159965499692,0.98430526116046402,0.10221053270840466,-0.98048695686028076,0.12779180397596654,0.14938066228074515,0.13397450343842038,-0.12170623520756275,0.98348280347956751,6.776221515108201,1.4699916979515468,-1.1238152681532345,0.1999399051194138,0.158074906259848,0.4918032786885246,1,4
0.61287021068955894,-0.78839515187858489,-0.053133693111631637,0.78452987855902889,0.59907859774704175,0.1600553134688027,-0.094355574808773157,-0.13977810349186934,0.9856769791806671,-0.42049512225075247,-12.273992066325563,1.0754076256976672,,0.07808784697126821,0.4,0,5
0.2403455806225071,-0.96890256356038607,-0.058837268812729451,0.96268699541645242,0.23016019245234648,0.14233774856425843,-0.1243694123620154,-0.090852122355013804,0.9880678828563938,-3.285376557537488,11.887643260934279,-2.4653716976543496,0.2954762237993849,0.2563918772424839,0.6526946107784432,1,5
0.58376720210972144,-0.81077753457305723,-0.043077176934239569,0.80648592395425112,0.57291392023912846,0.14611671519676633,-0.093788635796917943,-0.12003928285303014,0.98832902535920919,-16.512082039772224,-0.70108011674301529,-0.58971150079666668,,0.3139170072795542,0.7837837837837838,1,2
0.32624122702293618,0.94517615633411023,0.014446289767553818,-0.93491651275434839,0.32036712544134216,0.15263033484763799,0.13963443690515465,-0.063300382573335257,0.98817776012023861,6.2882021754533923,-7.999851691610961,0.38292467584840795,,0.207363531225211,0.2,0,5
-0.99797174376554587,0.059622298980444667,-0.022306503756522746,-0.059141545877103609,-0.99801534930415248,-0.021624987967058411,-0.023551564636340932,-0.020261885835120213,0.99951727338029672,13.496983392169989,7.6573280608915848,-1.7151696812074018,,0.2457232479507368,0.5581395348837209,0,3
-0.13195146876665589,-0.98777910766078392,-0.082953266115252722,0.98238402211643261,-0.14148320720832208,0.12208249329198673,-0.13232703042335359,-0.06538299891342364,0.98904732974333665,7.7156677407429077,-17.742974431532168,2.209247111502795,0.4988657383876203,0.4187452224495436,0.7321428571428571,1,5
-0.48524705886371505,0.86617484120163513,0.1194840421706421,-0.86523856166461,-0.49537617361355674,0.077231327999382884,0.12608538088403043,-0.06590592602576055,0.98982770502851425,21.692668368457511,2.9662454843599826,-0.77576997643542855,,0.1525735628156292,0.3076923076923077,0,5
-0.26757369540982795,-0.92828012269216209,-0.25826407287765124,0.95631339054159359,-0.28861051401293164,0.04656898401332734,-0.11776678901783298,-0.23452075604478068,0.96495129327267792,1.5358457745639738,1.8970351755798023,-1.3311565961399257,0.1506563746854435,0.3919682337598353,0.3309859154929577,1,3
-0.51791170794738683,-0.85035985366871747,-0.093035380579318844,0.84388613316054384,-0.52569954302443644,0.10722026265237579,-0.14008446391504809,-0.022980638207341572,0.98987283690240624,8.7851796028062381,5.2488560845035979,-1.5349014836801671,0.45349647324566,0.4326036773788474,0.2580645161290323,1,5
0.90953686296211,0.41495186754695473,0.023614456003403759,-0.40943748972282445,0.88478669556157563,0.2225161687758862,0.071439743298211567,-0.2120553016939708,0.97464296647591064,6.604046674876936,2.2128893718864875,-1.2141918478794578,0.2636399576572162,0.2097421729082444,0.5230769230769231,1,5
-0.57373200837008187,0.81773319195368288,0.046303448563512865,-0.81421695169571207,-0.57556730121988087,0.075980506301328951,0.08878253287091728,0.0058913957348544722,0.99603361053396211,-6.5149005743046686,27.815442637466372,-4.5569562691974577,0.5349687389046845,0.4010691038973999,0.3809523809523809,1,5
0.60082539719230588,-0.79005029915681391,-0.1217758879702171,0.79772954705794064,0.5828016055877786,0.15482202128585995,-0.051346001202036341,-0.19016522638625236,0.98040847346094684,-13.232971462158838,2.1650275138070385,-1.0876424180016688,0.4242733472251016,0.209654456670471,0.2818181818181818,1,3
-0.42857404381968756,-0.89985488262715196,-0.081150965343085024,0.89505435522261267,-0.43510564872093477,0.097779218897310324,-0.1232963509641469,-0.030728889716496843,0.99189401912488462,-18.309322002244031,24.243960210347655,-3.964681611037574,,0.2850580538556436,0.2142857142857143,0,4
0.20652101659671743,-0.97505981043167189,-0.08128613525572137,0.97137169642033405,0.19435053563238497,0.13661953261846768,-0.11741421164979066,-0.10717385586213707,0.98728297236521856,-0.30625118629567799,13.407685232769976,-2.672463314853752,0.242010272952371,0.2167653047445613,0.575,1,5
-0.90566903188540315,-0.42088199663668119,-0.051204976231572809,0.41579032647400183,-0.9052929586856332,0.086965874714478933,-0.082957875421193469,0.057471765775310268,0.99489446025408557,13.814633737123913,12.051297107031344,-2.2838663025889892,0.564768564958067,0.5012524685928529,0.4915254237288136,1,5
-0.90332980131908902,-0.42883268859027063,-0.0098891478528257762,0.42548537389065638,-0.89872523879693655,0.10609025287234682,-0.054382595137999194,0.091626799277449406,0.99430732824425394,-7.58059690496935,-3.9221446590602609,-0.39824084958560646,,0.09114568108989091,0.2596491228070175,0,4
0.098772531101038535,-0.99199346430335478,-0.078695323109588822,0.98672405892653958,0.087388294459526047,0.13689016592505923,-0.12891709985657232,-0.091171556808488222,0.98745538055837578,6.5379606222767688,2.3119476137287598,-1.2456868296122552,0.2638275838525325,0.1639686036114556,0.55,1,3
-0.86152936698166449,-0.48782842753605776,-0.14067897894095094,0.49334406933804797,-0.86981970996174351,-0.0050300507992506911,-0.11991154688830728,-0.0737366764220143,0.99004248569093611,9.5366925418401323,1.0387817304465914,-0.97117147359534106,0.395018105774202,0.5125557934221835,0.4666666666666667,1,3
-0.62932598873100365,-0.77089535904033712,-0.098331812338706651,0.76856467109856619,-0.63612479140184808,0.068217271296270643,-0.11513968146081605,-0.032643455301567349,0.99281280137751882,-16.249143077267743,1.4323747228288592,-0.90624459635707877,,0.1519688396262498,0.3727272727272727,0,1
-0.58621580938167883,-0.80915076688164678,-0.040324450223476055,0.80146667072425981,-0.58648023271100913,0.11701329991677024,-0.11833089431401453,0.03627634344973512,0.99231135555165462,-9.9241811609132569,-5.1892989295696763,-0.1263839952389349,0.2820982271800825,0.2376031653496935,0.8442622950819673,1,2
0.077524190864897105,-0.99392838352718527,-0.078079243399125989,0.98809273775223383,0.066156770952439159,0.13891012655110158,-0.13290124691679736,-0.087918428535679993,0.98722216774735039,-0.64901543497607117,-3.4703613307330374,-0.62537820157782853,0.2055119177554842,0.09724571562149537,0.1655172413793103,1,2
0.99854522124820311,0.052567838518975757,-0.012002644534418036,-0.049852360349351338,0.9848653160191736,0.16599714295749862,0.020547099308056538,-0.16515729368059009,0.98605318571268163,6.6369030329800891,4.9499011508089783,-1.5496688790208077,0.1850939102984425,0.1642284345830442,0.4482758620689655,1,5
-0.99634521579741875,-0.077510708530319369,-0.035892910452102772,0.079647378473072877,-0.99486074288215331,-0.062517176634404426,-0.030862696900333737,-0.065147466068129739,0.99739826629332973,-39.693433590425371,10.586979084437072,-1.9010718965035738,,0.3932029561265311,0.2222222222222222,0,1
-0.87763022680648539,-0.47295618533279327,-0.077959167203411922,0.47107080772835203,-0.88108589555673433,0.042189320415793041,-0.088642422697911755,0.00030233498098304433,0.9960634665982907,-20.369736903637879,18.779270330109615,-3.224717536509357,0.4997947883361444,0.4206213290661337,0.5,1,5
-0.10221880400138554,-0.98983881732353241,-0.098845494728267688,0.98603398785850682,-0.11395442525236858,0.12145519236842763,-0.13148494551231235,-0.085050012845101955,0.98766300144263341,2.7879002745004171,6.4101136697014809,-1.8444552943669072,0.3802953929159947,0.3102568743374413,0.8682432432432432,1,5
-0.99636187763863848,-0.078837904030127193,-0.032366551817331828,0.079320532576180866,-0.99675215764345237,-0.013906449760974583,-0.03116507500774857,-0.016423188522937313,0.99937931586485351,0.062993555460845618,-17.982047747917552,2.0894840475303629,0.2408718890450019,0.1525706753564656,0.1818181818181818,1,5
0.54862250269598767,-0.82367249652449326,-0.14344674274692487,0.8305602112452708,0.51726000464829336,0.20642631394147004,-0.095828414532462394,-0.2323912779352085,0.96789008100498597,-11.480337810169081,3.6410673480598597,-1.3228318595069564,,0.3617727422338914,0.2989130434782609,0,3
0.80594123583129107,-0.58555783799625638,-0.087067460901775667,0.58947786644404088,0.78023692912157949,0.20915587347122366,-0.054539612753613631,-0.21989168423584957,0.97399849991907494,9.8101901713218851,-7.6602814523605005,0.30138630876275252,,0.2106340992735995,0.25,0,2
-0.93858331689082153,0.34424263930718868,-0.023629696084501082,-0.3413777180376581,-0.93637511676003493,-0.081626554135489485,-0.050225599863280776,-0.068546670199605433,0.99638282960061164,-18.552363377639143,12.499186880694831,-2.3593876407384378,,0.7081672657510271,0.725,0,2
0.97895015991809131,-0.20211738459576561,-0.028375116572612723,0.20397033556172545,0.96388576625150879,0.17123180729227189,-0.007258554069451458,-0.17341508718075233,0.98482207577354386,0.3260669894186623,-3.0864147563929301,-0.67313517444112791,,0.06852753200884731,0.169811320754717,0,1
-0.98420313098418966,0.17571460972064534,0.021646544565772256,-0.1769675442301647,-0.97997049384924839,-0.091325349569570474,0.0051657768110310361,-0.093713430817470453,0.99558581128617762,-10.938753372372533,-0.50555440691538966,-0.78149522405448935,,0.1390745131698548,0.2863636363636364,0,4
0.025712887079130883,-0.96571852990326523,-0.2583148629861089,0.99099043985527491,-0.0093517134470777075,0.13360573928934663,-0.13144122471091393,-0.25942294897922991,0.95677737117336503,-14.957160121236807,14.744234177646064,-2.7233495421137506,,0.1442045712692376,0.2727272727272727,0,1
0.87001172486335399,-0.49016002102120321,-0.053129581146328431,0.49214026598028227,0.85690798749970842,0.15331881671881015,-0.029623591969035263,-0.15953637438431556,0.98674747937208285,15.170476613171372,-4.1813320610047189,-0.080199600686810812,0.6378560595218513,0.606375425764851,1,1,6
-0.74693346629481439,0.66487307840177068,0.0058469261468328329,-0.65996882790631639,-0.74243545533937871,0.1150249574960719,0.080817962859605658,0.082057201216974587,0.99334539441609182,15.281307244036384,0.88434788713719903,-0.76679231933017278,,0.1157340316352478,0.25,0,5
-0.96917492622690649,-0.24430614662658051,-0.031850731444385168,0.24097643384519757,-0.96690021859629638,0.083870886544056208,-0.051286652301761416,0.073610284600091849,0.99596747200738045,-9.4703027057140083,16.545711409337727,-3.0171557165256644,0.512278890502071,0.4712344649676283,0.8278688524590164,1,5
-0.6595636574732836,-0.74786929208426089,-0.075281496384248511,0.74263978092719296,-0.66384186753641083,0.08831834854763787,-0.11602558995702797,0.0023445390074107431,0.99324345737184017,1.9530672241225258,-11.069981530414113,0.8457006277644159,0.1296382715732219,0.1922262255279876,0.2765957446808511,1,6
-0.81937800316944009,0.57218106862767526,0.035050144452647675,-0.57018145637992146,-0.81978358328253154,0.053366500549730536,0.05926883432742612,0.023742394246241767,0.99795967052427703,-17.711322993529976,11.320591835044313,-2.2116192488001292,,0.2529509051366972,0.2222222222222222,0,1
0.73073308595913111,0.68100897455902665,0.047496669932829777,-0.67520297602959856,0.71073815387769035,0.19736316217396455,0.10064838918442098,-0.17628968544017579,0.9791791708170603,-13.01687287819639,-9.4170914277333591,0.6762986304236478,,0.1223502328077258,0.4857142857142857,0,2
-0.91145399784618297,-0.39625488341067455,-0.11060595455671755,0.40497090775864109,-0.91152378332848782,-0.071574830042850229,-0.072458082222429471,-0.11002935880806185,0.99128369628524338,-12.520349554118837,-10.695891612308799,0.88917876436711929,,0.2476268866878727,0.1428571428571428,0,1
0.24382120739469126,-0.96662840503036596,-0.078617716915748814,0.96104779582480249,0.22994194882609942,0.15334221307371385,-0.13014742780740471,-0.11294346709086561,0.98504082162954554,-5.748900580398141,26.056280080971909,-4.3379715313851452,0.3224099032231885,0.2763103194442247,0.4545454545454545,1,5
0.93789121140129161,0.34393457009281253,0.045487218768471407,-0.3413978348921432,0.8916492808547597,0.29733664133797605,0.06170570400842687,-0.29439866074128684,0.95368854174020679,-5.3401794329905341,16.374447389662713,-2.987702999599088,,0.5473682861713735,0.2941176470588235,0,3
0.75891868350185254,-0.63531278765587651,-0.14289889318232901,0.64642119015242117,0.7085066042224476,0.28312194668570684,-0.078626183639696631,-0.30723940765158297,0.94837854764443164,27.447674605300111,-0.58988002504444459,0.040834570036452321,0.8218182667266919,0.5147759346344094,0.2,1,5
-0.7823600372321392,-0.62174152689073392,-0.036745692015591309,0.61504767997421339,-0.78053835731528953,0.11169701928828726,-0.098128097405706619,0.064786931545866955,0.99306270194807333,-0.9736147583325101,-6.2698522433626867,-0.044767554608296858,,0.07083965341288014,0.1791044776119403,0,5
-0.58757316611119215,-0.80774881604888615,-0.047954401650874813,0.80045634066514604,-0.58889778531588544,0.11166487871757619,-0.11843741450671316,0.027225881467262607,0.99258819770501872,2.0954524089244577,-4.2049243802470375,-0.43310854720246628,,0.08002875080521012,0.3535353535353535,0,5
-0.48744660084848185,-0.86612249140857089,-0.11057866520026023,0.86533918129324217,-0.49609948365366713,0.071227829093040901,-0.11655004350064925,-0.060968288435673319,0.99131173460482247,-2.9146451874219208,9.9963602099320141,-2.2282273784872975,,0.1835576733789305,0.2807017543859649,0,5
-0.97830387833311394,-0.20325238231201817,-0.040124689691980575,0.20571776795472638,-0.97596059484767983,-0.071979978134822029,-0.024530013985194343,-0.078672653374939297,0.9965986614604867,-12.731615155568624,0.64248126149153917,-0.90518449401805989,0.5045553134017944,0.4424482704965252,0.6144329896907217,1,6
0.99953042735753561,0.012897075841684919,-0.027795507212413532,-0.0072434407288829248,0.98084856326692826,0.19463717143343898,0.029773433676159429,-0.19434444003350487,0.98048140281965279,-20.176176921916461,5.3848297348316017,-1.4513735639453771,,0.07422471210394292,0.6,0,3
-0.19825409684819839,0.98002420225763121,0.015744080544669449,-0.97222992147821186,-0.19866457057511921,0.12369869918746994,0.12435550999201385,0.0092169076970181844,0.99219491822279005,7.0276864178946772,-9.5923881409261007,0.68639035403867543,0.1970231908943924,0.08979956142106443,0.3103448275862069,1,4
-0.95914513427053272,-0.28061996894551555,-0.03595892704432524,0.27585153703273468,-0.95583841113904644,0.10138471930158222,-0.062821500474272554,0.087323334912271275,0.99419721094859204,-7.2553962887974635,8.521835485328797,-2.0400632871377642,,0.2887425783260934,0.4166666666666667,0,4
-0.96463803742843501,0.26245736125400049,0.024281479975561428,-0.26312632991624157,-0.964281288075308,-0.03043241647707726,0.015426965062052728,-0.035745363215556783,0.99924185148419509,-33.642447422726484,7.3504761312057942,-1.454569850862284,,0.306782868967969,0.1428571428571428,0,1
0.63948002544318461,-0.76621597941603004,-0.063074320818527332,0.76367853566207233,0.62361125262491579,0.16704520277044049,-0.088658847433394736,-0.15499057547837586,0.9839296368565511,-1.2276120365779601,4.6608238983477053,-1.6701038842942095,,0.07011511616318089,0.2596153846153846,0,5
-0.23416006924191099,0.96274819404542455,0.13522195396789805,-0.96428960043218814,-0.24770251937891211,0.093749818088733616,0.12375228673020301,-0.10844066006628976,0.98637011044203504,24.212627689728613,3.2362459312391305,-0.69657156644019758,,0.1107957850572729,0.2222222222222222,0,5
-0.47774827913973422,0.86630392754955499,0.14585639132803785,-0.8691223052527024,-0.49028052957587054,0.06520292041797493,0.12799609482812854,-0.095616460042291948,0.98715474586192897,-11.943541212745615,-5.6476078202165159,0.011970803945713978,,0.1122785529030756,0.2692307692307692,0,2
-0.99737731506026761,-0.068938649477023883,-0.02204436461899436,0.066103994125110727,-0.99168197722260798,0.11044056325719345,-0.029474622370413161,0.10869369190593746,0.99363822791596457,5.489705293080763,-9.6350541937191068,0.66238214049884736,,0.07454414890539729,0.34375,0,3
-0.70887797903673511,-0.70313941478482089,-0.055560545469353871,0.69719100948076118,-0.71045263111201407,0.095821475908133419,-0.10684899220858395,0.02918942140699431,0.99384670374355699,-11.874279734839719,13.149215538826153,-2.5177190483212515,,0.0946324383892526,0.1851851851851852,0,2
-0.27494663459185958,-0.94614045346305997,-0.17094616242350988,0.95229940235681521,-0.29247259953563448,0.087095503854798126,-0.13240164801641716,-0.13884531263814046,0.98142334533113362,-29.843514659180247,12.80500675452002,-2.2873143477361113,,0.1309047956501724,0.1666666666666667,0,1
0.95631544508619448,0.29157755824589171,0.021054619848311674,-0.28885805274046039,0.93140405206864818,0.22146674052121904,0.044964373192371038,-0.21787386102391224,0.97494060630684087,10.325861699551391,-9.8917901502572541,0.79310416831680375,,0.1073261760475585,0.2727272727272727,0,4
-0.063071366198310219,0.95911221490921428,0.27590897407989334,-0.98944332876292562,-0.096236155075370658,0.10835359533882763,0.13047567563503876,-0.26616228445865464,0.95505692835523159,-24.78316942210758,2.3433486379829054,-0.85354166436894219,,0.3698855171803808,0.4166666666666667,0,1
-0.65324246211014814,-0.74783730051398944,-0.11837929572446627,0.74355097290350503,-0.66311951516624679,0.086049167921216516,-0.14285039863620733,-0.031810070192173565,0.98923297713119407,-7.7832200410904946,-18.342349919561588,2.1768929861815178,,0.5293631675031247,0.4102564102564102,0,3
0.39008836810633046,-0.90997144618158077,-0.14065216742852568,0.91581109965031948,0.36758726137548031,0.16177031566930536,-0.09550442306727136,-0.19191553456840416,0.97675346570458144,-25.535080270472328,18.054014635851569,-3.0600237720538654,,0.4286517552641907,0.6,0,4
0.68446243974906329,0.7178022525167731,0.12755820183196859,-0.71989546892774103,0.63780667301708727,0.27377575070152094,0.11515937821153234,-0.27921778979269907,0.95329730067446028,-8.5552647668160162,12.555022393021021,-2.522817136922499,,0.5005179704661782,0.6279069767441861,0,4
-0.071189852348151811,0.99746180623352665,0.001396434029456057,-0.98878515205028539,-0.070754718135684222,0.13152069398552499,0.13128567327603791,0.007982165551412056,0.99131244167798438,4.116693426398994,-3.3170668410823638,-0.50696778728537217,0.3720361992897036,0.2902844423550032,0.8781362007168458,1,5
0.79001870757302339,-0.61003046140636563,-0.061100555161030877,0.60987035946239054,0.77177783355156093,0.18004755007406903,-0.06267843595579202,-0.17950435035061474,0.98175842337682018,-19.46542163703274,11.151642426228163,-2.1453582987080595,0.5594005737127479,0.3789629224630591,0.8666666666666667,1,5
-0.6559090282384078,0.7472328856357876,0.10689415933418293,-0.74416185659314493,-0.6638490301969413,0.074347806278496062,0.12651670983388574,-0.030781158701303189,0.99148678377566579,2.9453245640964139,-5.8687919813578784,-0.031598164714331259,,0.2265850354931628,0.4084507042253521,0,5
0.94563892227771551,-0.32120974418768172,-0.050905097115364416,0.32433433247951976,0.91991012600686872,0.22039192554422607,-0.023963919723304691,-0.22492145364306923,0.9740821681165216,-27.758306832709533,2.0910519523610702,-0.7599939176602466,,0.1916558675557614,0.3,0,1
-0.93952623008815461,-0.32256698297681097,-0.11506956361078546,0.32511556959474669,-0.94566746429867654,-0.0035935183308683514,-0.10765839207150675,-0.040787111446492927,0.99335093605252511,-19.087777769689104,6.7836706529416242,-1.6756828280352369,,0.1896282387610654,0.1333333333333333,0,2
-0.52697810818949731,0.84966834693553173,0.018914906948224681,-0.84330025345476056,-0.52553325366613823,0.11251436270192502,0.10554030515474222,0.043341660177296279,0.99347005213087347,-16.503550476834462,6.6667294193670763,-1.7017774184584762,0.1879965279860872,0.1503454149087439,0.7446808510638298,1,5
-0.46102453853713227,0.88681548884270112,0.031853784944710729,-0.88096018116619157,-0.46170294807404899,0.1036317853718749,0.1066092588204909,0.019714879873126492,0.99410552228892313,-1.3744249516515374,-15.018383291010025,1.6228765637668827,,0.08910550726733484,0.3333333333333333,0,6
0.77019700179150874,0.63327740157233747,0.075870357117634485,-0.62998911271728819,0.73678895084726315,0.24547048654995601,0.099550471063944546,-0.23685813173116155,0.96643050921614082,-10.509876212559645,-11.645672109303437,1.0032511105630642,,0.3675531141002871,0.2,0,1
0.31369222269230351,0.93548084049225644,0.16270459887250877,-0.93958395154441776,0.28108695759928326,0.19537686727900186,0.1370371753304194,-0.21416283370249048,0.96713757720294358,-22.086229233863573,7.3598582919835644,-1.6659593393284489,,0.3128297373355006,0.2424242424242424,0,5
0.57254376618030489,-0.81810620329410422,-0.053813343510489893,0.81414275875039466,0.55956799440074678,0.15509747907887769,-0.096773985049544112,-0.13261183874010454,0.98643240824883649,-24.199872058786667,4.3112336415326693,-1.1837078077009964,,0.09509968835127008,0.2857142857142857,0,1
0.56310222880341498,0.82255418272843783,0.079501549623746157,-0.81816148464042382,0.54137128013147584,0.19372382945777339,0.11630849052241861,-0.1741314260113834,0.97782952579048155,-5.4676235698425346,1.9566109221261843,-1.290399976817211,0.8075918848462569,0.2691576053063141,0.2927631578947368,1,3
-0.89750451948142207,-0.43975343107255443,-0.033204779329758918,0.43442847611103519,-0.89456507108966321,0.10500110823315523,-0.075878433393593001,0.07981386750598439,0.99391760719864086,-4.9125203600076768,-12.110783313048735,1.1025845230131299,0.5215844751545881,0.4894481987517308,0.8412162162162162,1,5
0.98486813943472584,0.17304594737523152,-0.0094788197255831173,-0.1689683662391985,0.97094372675664531,0.16946377395294115,0.038528419859080842,-0.16529785107171238,0.98549083267894311,11.109508278166276,7.4199951578179908,-1.75806988146103,0.8991840672654547,0.8429332586588043,0.9823943661971831,1,5
-0.095166228875123396,0.98499592803772251,0.14396669972876702,-0.9870023448092563,-0.11217934931366935,0.11507460592412308,0.12949810895421632,-0.13114425392165338,0.98286897623264857,-12.471960155157269,-7.0418678894593905,0.24634552737632656,,0.462899559186616,0.2894736842105263,0,1
-0.01586307587721212,0.99981945213959689,-0.010460685780150971,-0.99145942662714903,-0.014374267525999617,0.12962093112324552,0.12944716364555836,0.012427532191398175,0.99150844084543865,-8.6186115267903602,5.2426795610526993,-1.6195860539402964,,0.06376124907826487,0.109375,0,5
-0.25291239481849126,-0.95471888787548853,-0.15667535122336759,0.95782097803990307,-0.26991669681982644,0.098610094841034807,-0.13643421335522674,-0.12512722290398659,0.98271505713226781,8.5507275879684972,2.7512580470312047,-1.2102006212297636,,0.1257885803984064,0.2553191489361702,0,4
0.62397727722071505,0.77558430536473333,0.095505721211490271,-0.77473940692375687,0.59801371548681181,0.20532522360656122,0.10213328973282244,-0.20211031977997215,0.97402269468775138,-0.94371258734502705,-10.77233440003047,0.85472813286562388,,0.1169382356722901,0.1578947368421053,0,5
-0.51249227109047102,-0.83006674588793194,-0.21986557130108145,0.84975332278967275,-0.52709921234630996,0.0092580101431736627,-0.12357573580781302,-0.18208684113608981,0.97548624788083949,1.1324891969603126,25.283709305817304,-4.2221700282764933,,0.311571264793188,0.1851851851851852,0,1
0.083480881823970676,0.99530085378744326,0.04906274370516632,-0.98648679212121471,0.07557573152715702,0.14536890236405672,0.14097783989084173,-0.060535272809509016,0.98816027516065952,-2.7867197786551317,13.106844549314436,-2.6385983881414576,0.5399245651434339,0.1275073976909064,0.4,1,5
0.15881640408115227,0.98729137399337075,-0.0057526196653157205,-0.97820098444887049,0.15813834242667632,0.13459234256748831,0.13379156856092611,-0.015748253643655338,0.99088435686975196,10.980231001755898,1.9762949250181918,-1.0568164461395968,,0.07453470367690043,0.3720930232558139,0,5
0.9740678800109579,0.22609436983846473,-0.0085499156899410296,-0.22080661888706149,0.95817220637093092,0.18207267777985306,0.04935789892835394,-0.17546326927767439,0.98324790309858712,0.40505090356895396,10.923344731179714,-2.3476956863991991,,0.06881463821384261,0.282051282051282,0,4
-0.96044953908209019,-0.27836539282185518,-0.0070278699571560228,0.27732417036326285,-0.95851886129252073,0.065824745186124828,-0.025059676959779242,0.061272347968920435,0.99780645015205593,-13.273713007238412,-12.046970352745234,1.1593138061658446,,0.1092415626925514,0.3333333333333333,0,2
-0.58111789978852224,-0.80012184109088214,-0.14868431643826541,0.80459240483453376,-0.59229288985649797,0.042663739967579523,-0.12220085363024055,-0.094837608757159242,0.98796395649702984,8.0014525297166514,-13.996496799359639,1.5110555073612064,,0.1744384134672366,0.2,0,2
0.96724671666361028,0.25331125157940271,0.016346220564458433,-0.24941647499863792,0.93645836453499454,0.24665188726563145,0.047172143291557798,-0.24265024482930242,0.9689662778350755,13.018446171235546,-12.557927283346775,1.3170250964981804,,0.1569163256150809,0.2777777777777778,0,5
-0.92627475115906421,-0.37041341829833629,-0.06934684498775881,0.36929468943824018,-0.92886639920608449,0.028786190762900545,-0.075076745520355967,0.0010545001024468616,0.99717720105887209,-9.9671518216757953,4.6985311706100763,-1.5188281266719501,,0.12358554419261,0.3207547169811321,0,5
0.99969402266003315,0.019264242556686281,-0.015516121181475166,-0.011566648341736881,0.91853030820885373,0.39518133248913395,0.02186489661397148,-0.39488094643888044,0.91847208146769199,-7.5197034538369198,11.912141012789908,-2.4613851863529637,,0.4142102554536414,0.2352941176470588,0,1
-0.68860142518916723,0.72513440374375249,-0.0028589744035267864,-0.72103362892051714,-0.68427761385984753,0.10897088205564007,0.077062203401915663,0.077098921376800147,0.99404083071540683,4.4480532177194529,-5.2755683236129371,-0.13119537452767904,,0.07537961160954616,0.325,0,5
-0.45704582966744756,0.8876098907960116,0.057077064962081793,-0.88284099882069278,-0.46052254907803353,0.092253740259954767,0.10817060776789252,-0.0082257857838416281,0.99409831307741503,-5.7233132206068431,-4.5161800345259833,-0.3499431822129036,,0.08526060026929665,0.3811320754716981,1,5
-0.85767248314290179,0.49561000488748963,0.13699866683625378,-0.51169060789312693,-0.84891327516547321,-0.13235925748428876,0.050701414708574831,-0.18362182414749129,0.98168854136294004,3.922875337007071,4.3751723139350993,-1.5715899444444672,,0.3718882487757115,0.4585987261146497,0,1
-0.39657925149146439,0.91630003682454508,0.05584925963525772,-0.91098078703245566,-0.40032696609786234,0.099258883091684652,0.11330888290066843,-0.011513588937327951,0.99349309727123136,-5.6615739011989863,4.0589516646917216,-1.4928417786117734,0.1972646376815916,0.1755083509471644,0.4225352112676056,1,5
-0.96793430087522359,-0.24287479411125082,-0.064148449510569444,0.24802440894528921,-0.96449695722824635,-0.090716658143887477,-0.039838194694696613,-0.10371814635285603,0.99380856524815442,2.2221062544074304,12.71283691637622,-2.5976194529110126,,0.5363184124015222,0.125,0,3
0.84529290647037736,0.53422861334863025,-0.0089269787979825051,-0.52443114171374361,0.83275592432645162,0.17745294615760868,0.10223443584076505,-0.14531813093621618,0.98408879728890497,13.543156384109208,4.2978803418155254,-1.2864181657280158,,0.1028027638922592,0.2727272727272727,0,2
-0.85997016631428536,0.50813449206389583,0.047441026805373231,-0.50793785302370642,-0.86122570519331532,0.017012412525744324,0.049502025363103039,-0.0094669260715897815,0.99872915587545907,0.081839383005943775,-5.386569420855059,-0.25647543843482984,0.5648773738654269,0.4537728221556572,0.8269754768392371,1,5
0.98510517642116091,0.17146704828983059,-0.012916761939621411,-0.16649582724753409,0.96992135784673761,0.17757167314045141,0.042975933932740476,-0.17277618743192846,0.98402309838697111,-5.3257677239311505,2.9149117236096278,-1.3888064118311862,0.3562565452984439,0.327609675465833,0.740650406504065,1,5
0.29076745950531596,0.95672655828686004,0.01133918698161835,-0.94802136833906459,0.28648017458811365,0.13850846450846371,0.12926627427659887,-0.051023545903274542,0.99029633347705759,-9.0069128287582991,-8.8648943378653602,0.48573449145164255,0.4022950822473485,0.4536242646300521,0.6863207547169812,1,3
0.53370558368288068,0.84566357181737262,0.0033872181504397249,-0.83655049462327113,0.52735912541267038,0.14857867541994085,0.12386129295012345,-0.082130847706976096,0.9888947891275679,1.8494568284516881,-5.9077320139877685,-0.047294544785289043,,0.07141649219803806,0.25,0,5
-0.74492603433872251,-0.66516872996673404,-0.051339692624960166,0.66116411154297783,-0.74633934908159183,0.076417233789572131,-0.089147187123142471,0.022981224660729622,0.99575330395692063,-10.361292853937444,7.839821158888804,-1.9171013390256659,,0.1025195420802456,0.3461538461538461,1,5
-0.52595567120059072,-0.83924639869942086,-0.13797142530969542,0.84210919621352398,-0.53660837532742545,0.053884628430323926,-0.11925910273245063,-0.087846080154516407,0.98896932845105845,-12.727476965508886,12.696442918301477,-2.4433249263189869,,0.1464675354367031,0.2222222222222222,0,4
-0.96363895576611236,-0.26603261480645324,-0.025032195054340216,0.26192795870103663,-0.95897503608966161,0.10844641353010183,-0.05285553311343423,0.097946556938337773,0.99378708212736411,0.89641931375693762,-7.4798435599997424,0.25142686912161649,0.2242736224874085,0.1772567977898146,0.4855491329479769,1,5
0.61086659015152145,0.77705879274082812,0.15172884254755375,-0.77991253982542175,0.55760022479705096,0.28428580606379095,0.13630274854057017,-0.29199592793469881,0.94665724462967116,12.428335097354049,-8.0809089046150806,0.47620503896931099,,0.4572104497162355,0.1666666666666667,0,3
-0.14226680373124898,0.98982756786723858,-0.0012419525440098128,-0.98135802192842503,-0.14088546893502057,0.13071999632683953,0.12921528296925205,0.019815916153098485,0.99141854940998042,-2.3101205761196679,-9.0526973742511565,0.55207605017036598,,0.07457039450228663,0.3636363636363636,0,5
-0.46256210118276619,0.87494663932257466,0.14319455606801398,-0.88116606711414058,-0.47153101448870383,0.034711158751200531,0.097891085988365559,-0.11012211727616331,0.98908566594134417,-10.349788205832533,-9.7119377121275292,0.67756518870813309,,0.3182113748313942,0.2,0,3
-0.93700265190142729,0.34628641802810839,0.045953748693166242,-0.34854166048956847,-0.93557340954738433,-0.056754790556017197,0.0233396922187705,-0.069196185134334717,0.99733000893886092,-1.5509418201872718,-9.8882758144149374,0.72966629654583925,0.4950901067871853,0.2659828703584127,0.2790697674418605,1,5
-0.35959932133754746,0.93281232034167283,0.023441482725284204,-0.92578471596444389,-0.35980593487745838,0.11602736277961824,0.11666613810446538,0.020021594485523448,0.99296935903080485,-14.102127670211505,17.185946739507447,-3.0792106506082471,0.3153994382522857,0.2914158731981912,0.6911764705882353,1,5
0.96930258318530327,0.24130902300048226,0.047142949089460588,-0.23976924718480169,0.88525918054791153,0.39853091644196803,0.054435377602550294,-0.39760047619965705,0.91594249327732047,-14.500999967811955,28.457634862450153,-4.6331753755745311,,0.4966531374052576,0.3928571428571428,0,2
-0.81389544093516075,-0.5771093032989919,-0.067223978390994851,0.57327079475165876,-0.81648233500272849,0.068681820835613167,-0.094524108616599281,0.017362277334657127,0.99537115902360407,-12.405442055514245,8.0152814506010497,-1.9407957758798293,,0.07831785022754682,0.2195121951219512,0,5
-0.83617575173748393,0.54687192601798129,0.041727793371302946,-0.54480576918505885,-0.83696450862533422,0.051740556280645875,0.063220139741470588,0.020530655979236739,0.99778840747732289,-3.363280314040586,-13.559057415484638,1.3523635059578039,0.2092602400695955,0.1769418018424553,0.46,1,5
0.92487755129460869,-0.37859834961167727,-0.035564094007902024,0.37899921782460244,0.9101337807713934,0.16738008838302612,-0.031001741880549209,-0.16828485009080379,0.98525078088286122,6.8055076552478679,0.40436349049208742,-0.97056416960527081,,0.09165557308466281,0.3676470588235294,0,5
0.97558220012814989,0.21848879596633722,0.022405732085764674,-0.21393840363041813,0.92224038079930248,0.32202956304542424,0.049696380604497631,-0.31895975617676092,0.94646444396737628,1.1735439759999544,-4.3544747471402161,-0.40472100128057176,,0.1495067947937196,0.2769230769230769,0,5
-0.97848584712497289,-0.20407563962999134,-0.030308089443814676,0.20118155557498069,-0.97635572637918178,0.079091575170889147,-0.045732140476423599,0.071292558350723637,0.99640651465717234,-5.7510733221234158,12.265943811115443,-2.5268597284527297,,0.07444851832459533,0.2894736842105263,0,3
-0.83953512041036327,-0.54226639564153489,-0.033584784583126109,0.54142819987111412,-0.8401685884279011,0.031180882017574962,-0.045125225560454514,0.0079936960792250395,0.99894935549361608,3.8774643312167774,-19.452250389656012,2.4235734019361446,0.2035177664565519,0.2007516115936902,0.2142857142857143,1,5
-0.752019271294874,-0.65850104408952126,-0.029041186858247275,0.65115427674233506,-0.74902361103808046,0.1223181833892234,-0.1022991861223332,0.073075338114055588,0.99206596125369761,4.3922877232490389,-9.1680345098274607,0.57950464856606609,,0.08505130349799304,0.3902439024390244,0,5
-0.65683586150850937,-0.73753306498514459,-0.15688093921822971,0.7350823915118605,-0.67266756144821038,0.084689016197638745,-0.1679896685084524,-0.059693633068678933,0.98397974646101516,-0.57469801402457266,23.279413471896888,-3.9539533937470934,,0.3382922744749806,0.2083333333333333,0,3
-0.99610706668517202,-0.087368757000487754,-0.011722286468618781,0.087966456748230087,-0.99380155567242945,-0.067973306747739159,-0.0057108832087883477,-0.068739859203014023,0.99761827247185386,-6.8658711824495526,3.5782589174162451,-1.4396927569888966,,0.2347177313148739,0.2702702702702703,0,5
-0.89957692572865877,0.41705544693793317,0.12971549204307017,-0.43496054438411941,-0.88239313274600173,-0.17942041163638023,0.039631799424775273,-0.21782358334693322,0.97518316587821396,-22.358950612982799,6.0874774330428636,-1.4929292670986396,,0.417379453956315,0.25,0,1
-0.61406935620265701,0.78742644747426815,0.05365086756900754,-0.78582524363259765,-0.61631655945050001,0.051308722619717237,0.073467763288551716,-0.010653091811845108,0.99724069280802274,3.1460222018114483,-8.7036029748554302,0.55605723933287821,,0.142866143519041,0.3684210526315789,0,4
-0.3185104603118577,0.94625131155493147,0.056209803882414991,-0.94138655394787762,-0.32270852328220201,0.098237289494161759,0.1110965468323284,-0.021625549278378023,0.99357430165053084,-3.1630033387929086,-12.108302348392487,1.103069517636516,,0.1013915187463725,0.1923076923076923,0,3
0.20393218347344133,-0.93834915571473265,-0.27912815428258803,0.97150614038477823,0.15879845909829918,0.17595132446980685,-0.12077865597210485,-0.30705685362397539,0.94399608309786853,-13.744167565510571,0.52615739295830455,-0.84430552222561683,,0.3221384750702057,0.1707317073170732,0,2
0.89733729128065642,-0.43734145739649199,-0.059314714189702529,0.43950327102418801,0.87321855870366027,0.21053793837344673,-0.040282259570844407,-0.21499255423808153,0.97578457724338552,12.620775979326316,2.9518068321337072,-1.1234612787257057,,0.1428550495586848,0.16,0,1
0.94120687246931989,-0.33685660339773105,-0.02563692578810587,0.33667906618337518,0.9290326246959818,0.15344571888581912,-0.027871663215740014,-0.15305558140048023,0.98782445778172001,-2.9988262085456983,-7.0106033863426189,0.08183248640218023,,0.0701898966533171,0.288135593220339,0,4
0.88042280162653863,0.4645790465751729,0.094984208473716178,-0.46823916894484507,0.82012196325963849,0.3288647838321947,0.074885052192784504,-0.33401538117646384,0.93958818324605597,8.9011781866790134,-11.767253830966858,1.1666506515485353,,0.4206609449286967,0.2222222222222222,0,3
-0.41281218311675782,0.89560826214298495,0.16574662063402348,-0.89898320933997078,-0.42988374128972839,0.083840075736803105,0.14633964191285775,-0.11439322425724509,0.98259803554090663,-19.311323163651423,9.5958510021684464,-1.9981357052406243,,0.6039024509912336,0.4358974358974359,0,3
