axis_00,axis_01,axis_02,axis_10,axis_11,axis_12,axis_20,axis_21,axis_22,location_x,location_y,location_z,dbh,dbh_approximation,score,reconstructed,number_clusters
-0.11151194606206738,0.97001784355482612,0.21594089253936277,-0.99181285129041641,-0.12224065908600971,0.036938994049566687,0.062228240378678107,-0.21005381322762023,0.97570745700128292,-11.471527055746623,-22.892605223985942,1.2809721495061299,,0.5412812849154406,0.7878787878787878,0,2
-0.63111258370489642,-0.77543893492528471,-0.019782944454004452,0.77514701868570102,-0.63141983778903144,0.021356213829773214,-0.029051783284332878,-0.0018565151260839603,0.99957618380971169,-9.2937394543719076,-6.3320166250912999,-0.292722116380223,,0.07329315141606818,0.2117647058823529,0,3
-0.98240783179889024,-0.18492714984972369,0.026015404449304627,0.18570770730541539,-0.98209314750336341,0.031712727323628231,0.01968500616127055,0.035986092805338508,0.99915839668044393,0.13875986414415126,0.66063432945844081,-1.2672830810148217,0.1668584931123526,0.1374864975969417,0.6436781609195402,1,5
-0.38429724314234748,0.92246594993839526,0.037043219588020634,-0.92073135321934629,-0.38589497863208183,0.05778270212976986,0.067597367641528183,-0.011901120569093603,0.99764169881633191,2.6935189743517505,-3.4243795046239804,-0.95592071704706283,0.3471039913843886,0.3153980431917198,0.9546925566343042,1,5
-0.39212407836250185,0.91781828431548962,0.062034701131952724,-0.91749948056561592,-0.39508631589781434,0.045842187470918533,0.06658385938187264,-0.038940980553454872,0.9970206566081522,-0.55809589873333032,2.42653425833532,-1.3812347205252009,0.564112413230302,0.5313237043031933,0.9738524113887275,1,5
0.12605136778058434,0.97919450786910611,0.15902568484249407,-0.98788011769770556,0.10926513753914122,0.11024519389125849,0.090575525050713715,-0.17099486974039002,0.98109980572022104,6.2195017916696571,4.0932916486616424,-1.6764689245997331,,0.1688884489740313,0.2619047619047619,0,3
0.94130794258175843,-0.33754743828543682,0.0010412201658437726,0.33518137405529996,0.93506559164003478,0.11535070791837773,-0.03990994511266234,-0.10823153994011601,0.99332428241903592,-12.299359795020655,5.0295726075387037,-1.2320209994573059,0.5035379775129761,0.4220538734310086,0.7382920110192838,1,3
0.19837361420312316,-0.97907334154950298,-0.045423573781459656,0.97910909387052847,0.19584370209429849,0.054686622221814002,-0.044646293105052193,-0.055323017064228146,0.99746983528069033,1.2825808350764272,3.3643588832076161,-1.5628865764378868,0.5093207601544635,0.3480355050442978,0.8740740740740741,1,8
-0.87871334957065195,-0.47021423066597218,-0.082227894084283354,0.47718590065239269,-0.86076687916658579,-0.17712706159247335,0.012508617225460017,-0.1948819052888873,0.98074694875185953,-6.5161803364255437,-12.307020419672485,0.11419975040302845,,0.4104763197489468,0.1836734693877551,0,3
-0.17315305646826126,0.97155710314266663,0.16153889429091156,-0.98485132167709866,-0.1692571950072885,-0.037681243731307386,-0.0092678598701431292,-0.16561641606826261,0.98614669775958397,-3.9401446207085442,11.022560276220357,-2.0243754712710711,0.5271275692611816,0.3292626395573461,0.2368421052631579,1,3
-0.86769341393106991,-0.49709285339627407,0.0026142920639088121,0.49706731339250759,-0.86756477814980215,0.015982542683795741,-0.0056767400327719418,0.015167426157232284,0.99986885330345443,3.7204197227744458,6.1883908962355436,-1.8179345719003135,,0.1059383876229755,0.3478260869565217,1,3
0.83334767729433867,0.55063029381660988,0.048352127973493628,-0.55270064515379069,0.82892116856755493,0.086091190880273033,0.007324315306910298,-0.098468146281087604,0.99511324911954191,3.9487791359180897,-11.258089411567475,-0.24101615883734082,0.2470399868992851,0.1680836273820194,0.3043478260869565,1,5
0.49135021246846716,-0.85345132122846978,-0.17376941906034624,0.86677348627664363,0.4596126285349032,0.19354574440960748,-0.085315251831218492,-0.24571746780523177,0.96557973975242428,5.0738980366111424,10.759311335807137,-2.2174850356311908,,0.2920445487177277,0.25,0,5
-0.0079553757363437106,-0.99770790159336309,-0.067198624205132479,0.9980819482808635,-0.012048224765842495,0.060722852336403212,-0.061393293711695281,-0.066586660662333555,0.99589009439248322,0.1626083772227884,5.2193166948906597,-1.6797317797233058,,0.06878896544252908,0.2340425531914894,0,2
-0.81790710983363069,-0.57507391376667583,0.017831247535585126,0.57533442344480745,-0.81726147975503771,0.032771556387180073,-0.0042732754449902981,0.037063019489575827,0.99930379349989784,-12.001361581734454,1.3133172976667709,-0.91139876803951336,,0.07573591102697945,0.242603550295858,0,4
-0.9858203052884158,-0.16745436663855351,-0.010833317808344192,0.16734155999014177,-0.97625836830179535,-0.13753690639527683,0.012455038382978185,-0.13739953935293325,0.99043739762010241,-1.1962102488930726,-12.225072984932376,-0.052942251274383553,,0.1111989352366716,0.2272727272727273,0,5
0.50978845858889743,-0.84990477090342564,-0.13333269623446081,0.86024947543588781,0.50192306471688131,0.089688779217318618,-0.0093041658323375215,-0.16042168650406424,0.9870047188323644,-9.4991015395229965,-10.485711771224477,0.070250513829355224,,0.3700406139747447,0.8349514563106796,0,2
-0.66471902589817422,-0.7283790722179827,-0.16617022526269207,0.74650905141886559,-0.65635693206027057,-0.10917790017277124,-0.02954408161863404,-0.19662020468736399,0.98003451079541604,0.39677483909378924,14.365575130537307,-2.3592162623798809,,0.1170793361788496,0.2916666666666667,0,4
0.5085483839592726,-0.86005101553352337,-0.041119239440541619,0.85839345581168724,0.50267394308020219,0.10236982938284055,-0.067373705494669464,-0.087356497342544664,0.99389618481004349,-25.556779296687154,-3.5317866430306979,0.1449484761989322,,0.1098096377818174,0.3,0,1
-0.49140022772968889,-0.87086958914379442,-0.010581818923404878,0.86996071939112074,-0.49138912549719044,0.041292542420998009,-0.041160210199818803,0.011085397946144394,0.9990910624405972,-10.288492881443442,17.043806518335003,-2.1813217215484442,0.247076800559322,0.1847092162239178,0.4473684210526316,1,5
-0.79758050849349205,0.60048940700759201,0.057252113873056079,-0.59987845909719417,-0.79955671433442177,0.029238585361137742,0.06333377284229133,-0.011024184070259353,0.99793151096813559,7.6043359685752279,-11.97596492563987,-0.2479807981505695,0.570969082074252,0.1087603803132282,0.3953488372093023,1,5
0.92300498252948426,0.36940906342428675,0.10769747483454961,-0.38074989388543007,0.91725794423368989,0.11690757908031466,-0.055599645070638685,-0.14891208010157359,0.98728611449156012,22.820222796149313,-9.2040187794975665,-0.98178436750124332,,0.4309433899743267,0.2666666666666667,0,6
-0.80564192831455472,-0.59160938859438894,-0.030649872244116239,0.59117438520576737,-0.80622472500044051,0.022683453761465473,-0.038130429032340901,0.00015532204867034813,0.99927275868847332,1.4097759152082934,-3.626632507002582,-0.91506250887774032,,0.1329271587215079,0.1196581196581197,0,5
0.52051078345370749,-0.8377095437586245,-0.16526114063543698,0.85309029139637604,0.50202096706270705,0.14216857372384331,-0.036131413391327055,-0.21498295031267606,0.97594920566656718,-16.968420744009205,3.6020253230075823,-0.91883616086591413,,0.2664806365025509,0.21875,0,3
0.60225702097264,-0.79810918612734238,-0.017555845417214899,0.79555189580371277,0.59821302505373752,0.096116376019781014,-0.066209227244249075,-0.071853348392461602,0.99521527045786007,-21.980122592893537,13.916599409636291,-1.5358489747938993,,0.3163785221269776,0.5,0,1
-0.3023445935790206,0.94610174548833437,0.11610010300367071,-0.95078798945615706,-0.30799160208905096,0.033813786367955706,0.067749139031096944,-0.10016316801372542,0.99266177217317975,-20.249959930367385,5.7222459486471928,-0.98219575533425152,,0.07319318461910458,0.2941176470588235,0,3
0.95001254677365965,-0.30903874162612105,-0.044398391263298753,0.30875845976863592,0.90886461067126434,0.28041635649631952,-0.046307391353055852,-0.2801074358947202,0.95885110932957651,-9.3538159157775969,-9.1569181034846476,-0.051040427886578386,0.9251152062220699,0.6587713934206622,0.5544554455445545,1,1
0.50384516619600195,-0.83453434903175561,-0.22291807640267058,0.86115977924689036,0.46515472360764193,0.20502418811678111,-0.067408331149570677,-0.29526852760096506,0.95303337480908135,-17.335336013869675,-0.0056134402513304841,-0.52403522856501228,,0.6614018538038062,0.1705426356589147,0,1
-0.84487203194467064,-0.53203088013360655,-0.055985642998387868,0.53491295319243914,-0.84165303096776434,-0.074083115280869957,-0.0077059810943516972,-0.092538197772785033,0.99567931574796609,-1.3392448501653886,-15.842479945933032,0.3446285858276173,,0.1174162248280015,0.2,0,2
-0.98502046136126109,-0.17238899789208237,0.0040895116347191346,0.16960496533177888,-0.97284849744319268,-0.15748002018455179,0.031126298116752764,-0.15442744065833747,0.98751370579717068,12.938570881884141,-0.37577304491578589,-1.4536947091724317,,0.5325552070305066,0.2272727272727273,0,5
0.4859024655391897,0.8502448735093594,0.20244122370207199,-0.87356775304957279,0.46505519236768827,0.14353762184102073,0.027895784894135627,-0.24659140926420839,0.96871796827674972,-4.4716967454921059,-23.570735036925495,1.0992988539769539,,0.2674171590963962,0.6363636363636364,0,5
0.99376519269661368,-0.1088716984480341,0.024035287843108988,0.10582469149252888,0.98892518403216279,0.10405822916743618,-0.035098097600466102,-0.10086591923931451,0.99428073997278776,-10.073792891915677,-3.5571199601790688,-0.51161608109883949,0.1334841163412358,0.1398036150809847,0.7008086253369272,1,1
-0.91202007288490616,0.37665002240156653,0.16233960477933845,-0.40239244712903588,-0.89830188839339487,-0.17644839416205657,0.079370681920458111,-0.2262487081372217,0.9708304779505641,-2.0710676134131543,20.787213819372365,-2.624770046223865,,0.5416842352021057,0.3125,0,3
-0.7364749660042712,-0.67452667200848326,-0.051170237425349013,0.67643374834406567,-0.73360643359714872,-0.065260897067605669,0.006481400327370582,-0.082676292454557807,0.99655537834872143,-2.5753095987043237,-14.801827145536665,0.25815562286821908,,0.4201629840549566,0.1764705882352941,0,3
-0.48833216280217662,0.83905842915400353,0.23981795437073411,-0.86955775221255582,-0.4910058467139905,-0.052750109570728579,0.07349159366890233,-0.23429513643755456,0.96938370870451074,4.0145620498982852,-4.5828664612115215,-0.85481154666656167,,0.1284031563140489,0.1818181818181818,0,5
0.63444585133013776,-0.75740496370821198,-0.15432492566056721,0.77041633595519399,0.60341368605368761,0.20579259650550272,-0.062746561844864768,-0.24945870286134497,0.96635046672694502,-4.4842913964296027,-13.352355943251027,0.17652892969415482,,0.2398111452536274,0.1363636363636364,0,4
-0.88537894038263198,-0.45189062452898637,-0.10908251642554873,0.46484388108055602,-0.86309851557859507,-0.19743636602204673,-0.0049293152560325989,-0.22551234083488264,0.97422784089876913,-5.9348016042764025,7.8573902258547932,-1.7411719125777572,0.5793047187555842,0.2358360477992022,0.1851851851851852,1,4
-0.91629682324071582,-0.40048355294349913,-0.0036132451789644675,0.40048980905346232,-0.91617266360163274,-0.015348071976983006,0.0028362939363170752,-0.015510457467166183,0.99987568284555506,-4.4308739059029669,7.8993813959119752,-1.8099904438604735,0.2782799106283606,0.268398882819136,0.8113207547169812,1,3
0.85631904835559447,0.51289278596168109,0.06048700299927829,-0.51639855552996516,0.84873835028382649,0.11391112590109286,0.0070865555762229873,-0.12877966790590209,0.99164791023029464,-26.940354442991744,3.8516153037042606,-0.48294544615563051,,0.103811834821656,0.2727272727272727,0,1
-0.63232574905595895,0.73791950938810258,0.23587908924964843,-0.77186820388313515,-0.62612080223389543,-0.11041837185997382,0.066208933800845554,-0.25188794864861297,0.96548891159378414,-13.635066029265062,11.487804192031543,-1.7393060634074244,,0.1454276118838087,0.2666666666666667,0,4
-0.60728371398183545,-0.79442832991223888,0.0094931219984729521,0.79410263662450353,-0.60657738860700827,0.038273674199291605,-0.024647377922186943,0.030781492224262019,0.99922220076317714,-8.2816809075820714,9.0142537921465724,-1.7350085322477862,0.1928997837968236,0.1051790280339801,0.2388059701492537,1,5
0.70561910401139238,-0.7077433486411564,-0.034655915921561059,0.70572551428067953,0.69753005191996487,0.12411013319548668,-0.063664578435973243,-0.1120320450707455,0.99166306895529577,1.7816903226611891,4.5942907206876704,-1.6677101078411809,,0.06487880108621662,0.2222222222222222,0,1
-0.59350873115127289,0.76263262154933165,0.25717478608137401,-0.80272413488667782,-0.58400987567892182,-0.12069145943241355,0.058149370741580199,-0.27807184262036427,0.95879857166355531,-13.0254251769919,27.794121690315503,-2.5455514903278771,,0.3302925037295994,0.4166666666666667,0,4
-0.65713618338884572,-0.75008931665909873,-0.074418099377950991,0.75375265475801856,-0.65461406592127214,-0.057769889590155492,-0.0053825576057824872,-0.094055524728246367,0.99555240260958278,-17.114992757981305,14.052643355051913,-1.7934797240436038,,0.1993600855922265,0.2083333333333333,0,4
-0.34804372700130537,0.89136579080729805,0.29040074220552931,-0.93504763152055814,-0.35235836271977505,-0.03910896328509781,0.067464738069872951,-0.28515015553199463,0.9561055893138809,-17.945762427327718,11.235182901708685,-1.5796700687575258,,0.1879285194333772,0.6190476190476191,0,1
0.85736710026715346,0.51056462536866998,0.065156877623481074,-0.51465325135741335,0.84858136278671437,0.12264461503989829,0.0073270899226696995,-0.13868465687736059,0.99030948682726061,-4.9097711898556033,-17.743765387035044,0.58829211663885939,,0.1704199695606265,0.2580645161290323,0,3
-0.9334444595971032,-0.3564083831105857,-0.04067561057895816,0.35868953810686621,-0.92581605863739391,-0.11919077490228047,0.0048224578957390372,-0.12584788443840034,0.9920378288564522,-13.476861163417567,21.070426180851669,-2.2157628632615318,,0.6898330316274075,0.2333333333333333,0,1
0.054149052228170964,-0.99287959651506219,-0.10610366142070093,0.99773410265084195,0.049550053852782931,0.045513213144167453,-0.03993169856531182,-0.10832773877116708,0.99331292172326802,10.908711844156956,-1.8569346179044608,-1.3138251064894373,0.6716159336033207,0.3704808436886802,0.24,1,4
0.86627162965856996,0.49647980347081289,0.055509173964929118,-0.4994490248191204,0.85821526515928082,0.11839438438885481,0.011141600240342237,-0.13028569911225513,0.99141389003327729,-3.8872106132802626,-3.9706146284496042,-0.68569922570541697,,0.3402784285787292,0.7987616099071208,0,5
0.31954519680623533,0.93272448293924071,0.16708053783666924,-0.94628516834480569,0.30492895318148461,0.10753005943589544,0.049348225588236441,-0.19246654887894246,0.98006192671377779,11.493075290113156,0.62757159823937059,-1.5049092440607044,,0.163130557911571,0.2222222222222222,0,4
-0.19891211390138952,0.97547947063478568,0.094200707605409231,-0.9778058449240572,-0.2039980920735556,0.047754665350109679,0.065800460299548669,-0.082611021059107406,0.99440721971631907,-11.238229662023855,21.070054480757136,-2.3144447368942456,,0.3394469130329663,0.1764705882352941,0,1
0.99017742094961025,-0.13861794334339977,0.018268574789119509,0.13459578461942404,0.980404004590677,0.14384701090132887,-0.037850360688654834,-0.139975189107968,0.98943129960090115,-9.5731514942963951,-12.980795205062007,0.31279815511987308,,0.07622689795790345,0.3157894736842105,0,3
0.72640600185021031,-0.6868387457851628,-0.0242251473526327,0.68442866000614266,0.71975816565525297,0.11621356347166033,-0.062383730556840454,-0.10099861514322817,0.99292877383071199,-14.318081333225674,22.973614250688001,-2.2642273156553521,,0.1503015294091209,0.3142857142857143,0,2
-0.95171737861227901,-0.30575915406319099,0.027301482632521207,0.30609587438542757,-0.95195770847948125,0.00904637776772357,0.023223844031352001,0.016966466133454434,0.9995863104781646,-14.334395579866614,13.79744343967411,-1.8683577075629101,0.3621253056946983,0.2985916139805351,0.8,1,5
-0.98645688159391953,-0.16401953918022488,-0.00064150066675644783,0.16205512742099129,-0.97402379164451391,-0.1581638042884968,0.025317117382613948,-0.15612573163175353,0.98741267942531674,-17.004563506492939,6.3616818226065126,-1.1324914546984797,,0.3609378508802667,0.1891891891891892,0,3
-0.88530490661747085,-0.46492866044233716,-0.0087500296185521829,0.46500069456216808,-0.88525378398166221,-0.010004599084944684,-0.0030945719789489895,-0.012925890508708442,0.9999116685881928,-20.250094651499317,12.516690985762107,-1.5454075695417071,,0.1045104226559639,0.5,0,1
-0.45940657308117172,-0.85237030719068574,-0.24982085587370539,0.88626044538297166,-0.45858696112748859,-0.065118522967224965,-0.059059491696013607,-0.25132222047306557,0.96609995235332491,9.0563167936630133,-1.7409188930592199,-1.3008544002267675,,0.4021662763607069,0.1525423728813559,0,2
0.9972887440297421,0.063560343120550936,0.037084279876752523,-0.067702615335931984,0.98997941842198989,0.12392379504168623,-0.028836034891335339,-0.12609850864802824,0.99159853227427097,3.2452843099123991,0.94041339837327032,-1.374233451669399,,0.07550285430100268,0.1,0,5
0.7643132294595385,0.61825669499876545,0.18325923267964966,-0.64460463591783113,0.72476405368576802,0.24331446697270998,0.017611093843687715,-0.30409821698618472,0.95247788625219609,-23.648631302288134,6.7944277874854668,-0.96735258960592974,,0.4734013222629967,0.125,0,1
-0.36682082668812693,0.91912058124657148,0.14373530615964594,-0.92802977800270103,-0.37230238526446807,0.012315237173859029,0.064832185279381366,-0.12887315878551092,0.98953953771264103,10.154877963425749,3.0061898448768041,-1.6786218871535028,,0.1908949217172408,0.2608695652173913,0,5
0.4964937228927403,0.86329490506384887,0.0906415468695667,-0.86731544397367055,0.48910065702714911,0.092436291251689576,0.03546693915271943,-0.12450885183958742,0.99158440994235353,-21.347449229596304,5.6498613330252034,-0.95020912791008749,0.2759302847176358,0.2624713928401535,0.6176470588235294,1,4
0.73205121379605409,-0.68116872924982474,-0.010496793410450529,0.67832840784479442,0.72740028545111024,0.10372750761677824,-0.063020564028489309,-0.083054121016488625,0.99455036146577724,13.25905498357943,-3.4756596202900649,-1.2422147581317751,0.4749123179673558,0.4050656694129192,0.9476439790575916,1,5
-0.57504736440635151,0.80215883190873649,0.16081584834872806,-0.81554181190363684,-0.5776449324494568,-0.034898209873815006,0.064900552588117652,-0.15122017195557902,0.9863672631771,-16.305577360989147,-1.1154807220652962,-0.47101455063861247,,0.4595871594567617,0.4565217391304348,0,2
-0.57012645393585792,-0.82142318847445928,-0.01482470771985234,0.82089918437126408,-0.57029916594577257,0.0297218845323052,-0.032868763608017465,0.0047756421569250251,0.99944826660556596,13.558256932741285,5.9647182300372235,-2.0287081028499161,0.1804093687480704,0.1560416962490554,0.2916666666666667,1,5
0.13089862733791915,0.96082866925735089,0.24428225005963411,-0.98911554470670016,0.10986870607334713,0.097873932409692527,0.067201105501450947,-0.25443493423450625,0.96475223537469224,18.403234667482742,-7.1982510457929045,-1.0462787600886336,0.8210412797296197,0.5656466479332861,0.2272727272727273,1,4
-0.98027676173054157,-0.19405307950485023,0.03742823460659972,0.19368062891951676,-0.98097355977246758,-0.013367460816218004,0.039310105474582697,-0.0058546871835286002,0.99920990699930479,7.5984696789831832,-5.3662233013808667,-0.90985783328332226,0.3431549573567655,0.2940046365296185,0.6229508196721312,1,5
0.66920193804186945,0.72356396081171348,0.16918617182107593,-0.74249849683142655,0.64210496656946925,0.19078048671154246,0.029406603409401794,-0.25329114970974764,0.96694304131868891,8.4161829893791431,5.4655338640624045,-1.8562332778888275,0.8739936028659406,0.6358941857972397,0.9803921568627451,1,3
0.034941744591037799,-0.99853647675444446,-0.04127928143458573,0.99756056241348934,0.032350410486649807,0.06185770169209924,-0.060431769808753415,-0.043339999217423972,0.99723098912218699,-4.2093388826156533,9.6907931834531666,-1.9115943057806939,,0.07986972716819749,0.3142857142857143,0,5
-0.84642942821414158,0.52699416265797061,0.076383084367580886,-0.53017889753797287,-0.84740454270585619,-0.028563571326048351,0.049674537325480647,-0.064673746805814933,0.9966693267155341,-24.567270433176777,5.1882800182602518,-0.8012905987880814,0.7257615434286029,0.5907210733087946,0.8571428571428571,1,4
0.78600070478699779,-0.61728911022583421,-0.03401538579730215,0.61593492159526386,0.77717010516098994,0.12896045906979003,-0.053170146076324878,-0.12231427570260377,0.99106617010448284,5.3065045524728882,15.168941962354186,-2.5515267779644537,,0.1140230697537141,0.3157894736842105,0,4
-0.71772529480111158,0.684281459734423,0.12895458528639367,-0.69473096396919665,-0.71622330558284841,-0.066129148205688021,0.047109329278704003,-0.13705130573513793,0.98944310129042046,-15.284611468303124,21.597832832458156,-2.151164271745905,,0.2772087620845164,0.2307692307692308,0,2
0.60417497896276662,0.78129471552276664,0.1566881051373748,-0.7965061273006746,0.58633257944923367,0.14762145998766982,0.023464525731912239,-0.21399222829955447,0.97655350199544566,-9.1139851407523018,15.093295443992716,-2.1120508457787843,,0.1132733933415769,0.3409090909090909,0,8
0.60356521393786189,-0.79540678479982518,-0.055109701673559809,0.79414668527724819,0.5935756539596726,0.13038015680887802,-0.070993484118640912,-0.12245811414827783,0.98993127816628979,-10.294429641598395,-15.643639406520489,0.55387972306705835,,0.2032198470250407,0.2173913043478261,0,5
0.88916545896540089,-0.45652420322985166,-0.031151861071181484,0.4547382529129651,0.87399891534949958,0.17128636053569454,-0.050969676480368112,-0.16646785825873028,0.98472866529122538,-4.2875800554439634,18.265446127889057,-2.4600542052262999,0.2541555798698935,0.1444226531627242,0.5,1,5
-0.87223268023842104,0.48414907179090605,0.069352922130965666,-0.48599352285191849,-0.87388455264747733,-0.011665521424259898,0.054958595961701898,-0.043880119964763702,0.99752397855981167,-25.409050046265691,3.6832515222632991,-0.53579516279319761,,0.1101886270741655,0.3684210526315789,0,1
0.28539548126515346,0.94022437026794758,0.185815911126234,-0.95626041282923147,0.2663748691175773,0.12087370250911186,0.064151711817371018,-0.21218520838370117,0.97512152843328481,-6.4214906279916892,10.857690022141554,-1.9229781884845856,,0.1982214498331437,0.4666666666666667,0,5
0.52899244928335909,-0.84862651433993386,-0.00016661466436468261,0.84590928337025406,0.52728294054622138,0.080063630425762616,-0.067856266543451282,-0.04249399684877353,0.99678974077916727,-4.1001959476391345,-2.0482222028450332,-0.87252643553365872,0.1344686517108549,0.09961633983424034,0.5204545454545455,1,5
-0.25777656975764651,-0.96614564021884797,-0.010669675257199467,0.96479075742427978,-0.25798085282648137,0.051231571941597956,-0.052249731795167037,0.0029122948055326412,0.99862980331367002,-4.5296538381458733,7.7383296423687726,-1.8021036390901017,0.2605773137459025,0.2615490340161641,0.4409448818897638,1,3
-0.86176263330054192,-0.49842424010390252,-0.094543327230239366,0.50726182129070152,-0.84919570936476674,-0.14680630728041849,-0.0071139656842857842,-0.17447041030879573,0.98463671850024159,-6.2160012925929982,13.503706380340034,-2.1194287921061066,0.8210224907865035,0.3923201174320125,0.2444444444444444,1,3
-0.33856417912107928,0.93580357496917532,0.098213877283101395,-0.93819537802698794,-0.34370276926051796,0.040716569740686076,0.071859093125830442,-0.078358633714233961,0.99433203471354104,-0.95150200040422961,14.553713947234471,-2.3261592883349826,0.1780770130682128,0.1649779166105548,0.3414634146341464,1,5
-0.96845523900147557,0.22991056030211254,0.096101947494131368,-0.24178704824623606,-0.96029038709473535,-0.13921708140101616,0.060278299171164867,-0.15806171805662955,0.9855876520807364,19.081443901223302,-5.2687268620733798,-1.2202832615687389,,0.3684725310952452,0.5769230769230769,0,5
-0.73152069181072221,0.65967399947802219,0.1723591943165004,-0.67421714163914526,-0.73751404811097565,-0.038784981099679282,0.10153188352780358,-0.14457953953320002,0.98427030503600177,-26.562671347541333,14.503993269547564,-1.3708103927507931,0.4649965564407199,0.3874769439573552,0.5714285714285714,1,3
-0.95513552447329808,0.29129205026133964,0.0535263612032695,-0.29423250877939477,-0.95389849722631626,-0.05920209258766812,0.033813616584168246,-0.072295217296309194,0.99680993217843583,5.68651192430689,20.575049043994657,-2.8552385059872214,,0.2847675174857229,0.5,0,4
0.64299954474706966,-0.75089629412268954,-0.15068623337210268,0.76185934746888706,0.60703166356535432,0.22601525192641278,-0.078242700166484769,-0.26012941952399221,0.96239844397669672,3.1113965341136764,20.61769418529871,-2.7825287047359315,,0.4511537856914519,0.3846153846153846,0,2
0.78704381533084888,-0.6168734849223183,-0.0053978096719871456,0.61364909691062419,0.78197330303239987,0.10932766898353878,-0.063220397105965179,-0.089358026748542804,0.99399110883617592,20.17398296270413,5.9009899558411441,-2.166693572249633,0.6602587919040069,0.6334852813588909,1,1,5
0.67911927129387584,-0.72400828360416347,-0.12086778160382064,0.73145090042362315,0.65371149809576645,0.19401251899519337,-0.061454012291684609,-0.22016648820822532,0.97352458717965118,1.095530866646484,1.3528318383900999,-1.3302331079502021,0.1396304474573361,0.2170153888766519,0.2203389830508475,1,5
0.94897243456983571,-0.31440278715624276,0.024539882945606075,0.31177050068246381,0.9470348699806006,0.076968239846263331,-0.047439153984906605,-0.065389926358822931,0.99673150055568249,-9.4139067431146888,9.5809683418524187,-1.741625202029603,,0.09678622210914489,0.3333333333333333,0,5
-0.16675049707388145,-0.98599904171047903,-0.00040183532617253149,0.98440679400257258,-0.16650434321945734,0.056741233777856032,-0.056013709457503072,0.0090660595118883334,0.99838883753662633,-9.8732676275060651,-5.0223763898942329,-0.39998314683722164,0.4913080940473207,0.4430461732136292,0.9616306954436451,1,3
0.29798986539721184,0.93911753921517205,0.17105638736683215,-0.95325897660763792,0.2833788863544221,0.10485099086554672,0.049993635970101181,-0.19430556941829449,0.97966626054770367,8.7531696004526154,15.155396916677805,-2.6483584543908099,,0.1301789858339908,0.3333333333333333,0,1
0.39899579854948847,-0.91678421812821265,-0.017579821696973447,0.91442573730734822,0.39640070524408999,0.081804962147173879,-0.068028844542359232,-0.048715277614208963,0.99649330054807739,0.60177879526185807,2.7029548944293955,-1.4644176388035364,,0.08462203292078374,0.1724137931034483,0,2
0.98535822917305638,-0.16353771834747938,-0.048213845300270987,0.17046226469514134,0.93925609633995022,0.29789360819467375,-0.0034316928681841774,-0.30175055951222141,0.9533807336621184,14.816878156150917,-3.1119755604676582,-1.3020358565133767,,0.2679505206597547,0.1176470588235294,0,4
0.87090128302827596,0.48588375973849152,0.073810075478157378,-0.49033670622749514,0.84891949133709965,0.19724505508106288,0.033179357222142387,-0.20797276083744295,0.97757171655279451,-7.5293810219972483,-21.881404060682708,1.0168083467647218,0.3438429324653651,0.2471818025529869,0.2083333333333333,1,5
0.87352600461872809,0.47390673367503294,0.1111967941637802,-0.48675514403706543,0.84820178943266444,0.20886156696884489,0.0046635832035604261,-0.23657162167235274,0.97160286064369705,-9.8567920549050569,-21.945383709139165,1.1065509842600545,,0.2064636713100657,0.48,0,3
-0.56765936612263845,-0.8232568015221059,-0.0033290840836699494,0.82240263543770009,-0.56724600268026848,0.043426693039909793,-0.037639730051766733,0.021913721519833729,0.99905106953087275,4.7353155075110012,-10.648989181622838,-0.33820498327190213,0.1535271372082842,0.1174613692801672,0.3939393939393939,1,5
0.54513106739985129,-0.81522303927088346,-0.19555949375431311,0.83566685321941891,0.50974453186614177,0.20450286712641264,-0.067030066282631723,-0.2749034530058006,0.95913245265689651,-19.815944719847973,7.7734599203224821,-1.1692042138036141,,0.1200095919861753,0.125,0,1
0.8376462741106544,0.53844593836994237,0.091786115079844632,-0.54613130693915246,0.82270389335953709,0.15779385105888216,0.0094506639698720366,-0.18230270240446719,0.98319703500700018,-22.953494416561039,-0.37266508779605978,-0.27581815075582594,,0.5840401450624356,0.4444444444444444,0,1
0.20134816409235476,-0.97733229665464272,-0.065425520497742126,0.97702600205783452,0.19562394071498124,0.084566335630833683,-0.069850612878652893,-0.080949711147748113,0.99426758779795943,-15.041647287933843,16.442773674479316,-1.9998310455765949,,0.106588904750695,0.5789473684210527,0,2
0.93478823803241584,0.35321257832060826,0.037574253849678711,-0.3551331544862682,0.92721923836333031,0.11893244550398645,0.007168864685868759,-0.12452051447466198,0.99219113524264124,-5.6928805559118691,-6.8148646293761264,-0.37474815263799122,0.5666736035494921,0.5235526564556201,0.9511823035850496,1,5
-0.25807586619079204,0.96140348659017316,0.095394880691434147,-0.96457361025893984,-0.26199521074009341,0.030923452932863475,0.05472291733734036,-0.084034787567498423,0.99495907292540298,12.242175332975206,-15.537115900416092,-0.077550658209041001,,0.3433578955222695,0.2592592592592592,0,5
0.47303573581602015,0.86495234151370859,0.16761455650077023,-0.88010796301346739,0.45513981290483252,0.13512114619570106,0.040585293904100685,-0.21143603670828606,0.97654883968996153,-7.091240307119298,14.599674740907998,-2.1330861190334938,,0.07847033977643693,0.375,0,2
-0.96460065865378353,0.25618588551904903,0.062564857432163945,-0.26223710676656181,-0.95689124476063236,-0.12486330740113351,0.027879547331138212,-0.1368500557590964,0.99019937036908967,-1.2431524239183334,-6.0176586432281285,-0.596688967098009,0.3804594884771587,0.3306369995663861,0.3252032520325203,1,5
-0.51634750460722012,-0.85334235012267279,-0.072056144588853843,0.85627104048148639,-0.5157884721980891,-0.027607194357868587,-0.013607340616332566,-0.075954495816074261,0.99701843255111189,-8.5363793045009544,-7.6865409689403243,-0.1870006460683549,,0.1460731021535162,0.125,0,3
-0.034328989710089498,0.99777164372753513,0.057212476250715252,-0.99741688447658117,-0.037818449141615709,0.061068187017099311,0.06309579246286523,-0.054968280651454898,0.9964925534572282,7.3535423695201603,-0.68862557354052656,-1.3118625978556537,0.2516796481757629,0.2069296023086759,0.2987012987012987,1,5
-0.96672572274683366,0.25575205196288964,-0.0056802197479090145,-0.25537826876179071,-0.966134013928726,-0.036973057409417233,-0.014943788804844709,-0.034292200960871475,0.99930011914810457,-2.5115620830814565,-28.175886605589891,1.5433100610305086,,0.2578495079326622,0.3846153846153846,0,3
0.92494556894136104,-0.37608996275853712,-0.055063912029798087,0.37489369259343408,0.87875975801619388,0.29535742236311152,-0.062693011966269724,-0.29383265237819278,0.95379869922693539,-11.68167158572162,16.545903461591163,-2.123338052999594,,0.09592779000655562,0.4375,0,3
0.66921503856453579,0.72473038104262266,0.16406433784610958,-0.74260079030819959,0.64445314826958688,0.18227508309984761,0.026368511385837849,-0.24381553371193065,0.96946309219488158,8.7467581796578973,-9.6366750602793925,-0.52628156389444292,,0.6268022994484396,0.3333333333333333,0,1
0.39592633832071467,-0.91674457306117119,-0.05311988692420945,0.91547678002828814,0.38953739619427419,0.10081112138658714,-0.071725865996773941,-0.088543801189438595,0.99348648476863355,-8.2672320485507473,12.010188693986649,-1.9244402238223579,,0.1242043136411982,0.4090909090909091,0,4
0.98151566448440863,-0.19113261176185709,0.0097634570118291103,0.18747119287022843,0.97046809377293075,0.15180985084160034,-0.038490936797436759,-0.14717337969152744,0.98836149464385226,-7.2744109837397435,-7.3076614103630453,-0.25850508453037874,,0.07653718501047135,0.3035714285714285,0,4
-0.99398812396001757,-0.10798186313500173,-0.018097697652946353,0.10942132826116086,-0.9854837963808577,-0.12980238823817886,-0.0038186840674471235,-0.13100230648605155,0.99137470884995171,-15.447658925064124,7.6129045220188241,-1.3475956964348659,,0.2651181519393033,0.3269230769230769,0,3
0.35329192605212617,0.93380729444857391,0.056469034178147103,-0.93432119789868329,0.34915236450241599,0.071669557829955058,0.04720925908704815,-0.078080491782557174,0.99582866129643255,-1.022742413220987,-4.883710491330592,-0.68842485476460813,0.167015922191706,0.1586433263450543,0.7111111111111111,1,5
0.066596538773226077,0.98287198569889667,0.17183585409260049,-0.9977781979434861,0.065927453720429505,0.0096040905133981027,-0.0018891088044648437,-0.17209366802485188,0.98507877892769358,4.9961169340259612,6.3765101545716698,-1.8542183727754302,,0.7563067020619432,0.6744186046511628,0,2
0.60978192322726366,0.79167887672644688,0.037557452661367362,-0.7919254007149592,0.60669243436338705,0.069126332093339168,0.031940034560261447,-0.071894688478209332,0.99690069112269653,6.5273079537363339,-4.7253528702475949,-0.93405888954177541,,0.07573558371030517,0.2972972972972973,0,5
0.9820153985911011,-0.18612458428914416,-0.031676427405158129,0.18728571368746424,0.93911362399222553,0.28807926457967548,-0.023870868826629723,-0.28883081614568534,0.95708251539043332,4.7119200016583243,-3.3794250657041252,-1.0378316322658032,,0.3985046129129846,0.1523809523809524,0,2
-0.71093140955988698,-0.69401599221271582,-0.11365884679245884,0.70281030189993277,-0.70692267773963913,-0.079485893344315925,-0.025183535187054816,-0.1363896266232075,0.9903351247456913,0.2312660573069962,10.58418447499878,-2.0568266037505425,,0.3289359272063818,0.5853658536585366,0,2
-0.010659352357828727,0.99331435905148502,0.11494765029982149,-0.99624434178779808,-0.020427844176636661,0.084142228625661744,0.085927816585257943,-0.11361904454990564,0.98980155741060405,-19.930190496600162,19.483488362345653,-1.8679475880106822,0.3526982007528606,0.324771914638051,0.6444444444444445,1,3
-0.91119562123743525,-0.41099023530969581,-0.028452878901906939,0.41197140630105361,-0.90925717672443573,-0.059421771813383643,-0.0014492163599285793,-0.065866630817057292,0.99782738322655395,4.9247944517686406,-21.328128652815554,0.69600807545746068,,0.2505246920733771,0.24,0,4
-0.72627124620344974,0.67800735630192921,0.11329652129945203,-0.68548753171207144,-0.72664955142856291,-0.045686685981373668,0.051350957200235872,-0.11084427909972334,0.99251026442323598,-5.7919709265776573,-3.3050463343848193,-0.67686500439520614,,0.5618991380380853,0.5351145038167939,0,4
0.85489434517803553,0.51270723330357648,0.079290298907307308,-0.51880179335790244,0.84467424592922202,0.13179574148099596,0.00059815653688245426,-0.15380738337964481,0.98810066846787659,9.047654849411261,10.251358598779934,-2.2749544719881643,0.2399629699838036,0.2054412162141738,0.3076923076923077,1,4
0.99630803312931371,0.07232044227181085,0.046260747417310157,-0.08254358523347595,0.95507664218307209,0.28463162876446563,-0.02359787403141176,-0.28739930616812276,0.95752011945195126,-32.997688613568727,12.31767229406787,-0.99388024840282396,,0.2698792447868201,0.2,0,1
-0.97822688246540279,-0.20683194010893635,0.017108915009218583,0.20696372534789095,-0.97832827274005751,0.006309290576541152,0.015433172458768211,0.0097128424382265325,0.99983372511614543,5.9137161662877809,2.0341306506864965,-1.5173392962511931,,0.08317279228578531,0.1666666666666667,0,1
-0.99625233854267647,0.075026688242098308,0.043038052926106997,-0.077852058842321076,-0.99462705455457368,-0.068235469384362091,0.037687330527103872,-0.071330346974590078,0.99674051122557672,15.147293867805351,6.0188097076608047,-2.0765131117221163,,0.2213522264461531,0.2857142857142857,0,2
0.086203173327346477,-0.96995216794946748,-0.22751220802063424,0.99424755559430522,0.069183725616058109,0.08176435840041868,-0.063567374517480221,-0.23325180385156905,0.97033642871786696,-12.674712670513653,-18.717170900506847,0.91545901502772253,,0.3418831444129319,0.5714285714285714,0,1
-0.38610764964163174,-0.92158200747682195,-0.040093470580707613,0.92133108402976172,-0.38741700417974428,0.032513050809434986,-0.045496334893701453,-0.024385823081928763,0.99866681888598707,-2.7225345474395279,23.930523977512522,-2.7390056141981916,,0.1495867245771521,0.5238095238095238,0,1
-0.90375521821244897,0.41094387182717246,0.11979832954370111,-0.41612154387008787,-0.90907044857094299,-0.020827392112296349,0.1003462320216522,-0.06867353014602702,0.99257976000739556,1.3396910263785708,-10.385513969895262,-0.25920394335933111,,0.1918392433877704,0.1379310344827586,0,2
0.84246202027514694,-0.53705278100815945,-0.042802509334388894,0.53571525986849355,0.82663109119912848,0.17230844264565667,-0.057156843316888105,-0.16809327611281982,0.98411266925474972,-8.7923313658567164,7.0615771826171123,-1.5728832080439277,0.5508693746067507,0.857840800924649,0.3310344827586207,1,1
0.48618099315158775,-0.87378880805595904,-0.011007307312942459,0.87141942235448722,0.48384532467046348,0.080758232632378496,-0.065239805651973667,-0.048855099126699386,0.99667293885597796,6.8596817021156129,-10.764416053809551,-0.35576517923043521,,0.08265705740806494,0.1666666666666667,0,4
-0.33234079502108949,0.92569639430424766,0.18065376147997786,-0.94075065007394298,-0.33903476528726406,0.0066062328193407429,0.067363271522423801,-0.16775462288331805,0.98352456814818368,8.3425208236895436,4.2983710856668562,-1.7403015810975293,,0.2239564637424278,0.3125,0,1
0.91749804015154934,0.39703391619660772,0.023694212534938371,-0.39380207242987358,0.89843769972763143,0.19424115799196418,0.055832553837365885,-0.18754671177524715,0.98066760772154071,-14.781666958944584,4.6351366752131931,-1.0742882769614259,,0.2616678383021515,0.1612903225806452,0,2
-0.67784558370026315,0.72756175526958289,0.10573200521646149,-0.73236931094719937,-0.68082993954361515,-0.010285222591784668,0.064502380117131441,-0.084406668516660927,0.99434146914887533,-19.027514074374796,2.5071219357600616,-0.71342004256060032,,0.07612784973258738,0.2272727272727273,0,1
-0.73711268881705849,-0.67215368707262357,-0.069816222610249182,0.67546517639914228,-0.73593970286895583,-0.046255261465358827,-0.020289885582770478,-0.081253767271620411,0.99648690199480661,-8.7077644064459676,-1.0348686696973981,-0.82107684816860227,,0.5815227928717757,0.1797101449275362,0,1
0.43072731105254947,0.89148108468896936,0.14048294969574979,-0.90190885776910501,0.41965917826286642,0.102208543563459,0.03216202405117026,-0.17072682783181437,0.98479335622627795,0.84809787999022712,-16.157248589887168,0.34701987773778686,,0.5785553242752479,0.3333333333333333,0,2
-0.80485201795717587,0.58902700371329264,0.072528739729867231,-0.59068988897821784,-0.80689654656042997,-0.0018488395693173146,0.057434173182548551,-0.044330035477009394,0.99736460921041514,13.658230404597086,7.1409004779430161,-2.109642956445875,,0.216611483400326,0.1578947368421053,0,3
0.86739867105767055,0.45627138542123169,0.19858491456597682,-0.49219491640519403,0.84540748966348345,0.20743755852248921,-0.073237351892805821,-0.27767354801398847,0.95787978944179175,21.55992518074655,-6.2867224617443433,-1.1867391830403664,,0.5932473361271944,0.7818181818181819,0,2
0.28989069420875618,-0.94775547888386902,-0.13312752403907077,0.95471171061940485,0.27663033782066393,0.10955001507711107,-0.06699951505298575,-0.15885593612715057,0.98502581516416654,-7.6127506533273541,-13.173346132163124,0.25539323415678733,,0.1336886813028343,0.2777777777777778,0,1
0.95439750117908007,0.2718536749978559,0.1233733728698658,-0.298192826218658,0.88797037514309141,0.35012804980459089,-0.014368303130712863,-0.37095039056239965,0.92854152282315605,-13.156745473625865,1.6057511301340324,-0.89446467345005387,,0.4437475078843113,0.15,0,2
-0.0019785402994460695,0.99487963068746399,0.1010475423820843,-0.99820547195447917,-0.0080125182866658123,0.059343367875796235,0.059849153197181551,-0.10074879648850153,0.99311014437860745,10.628708135919458,19.344678791967546,-3.0363529251009718,,0.1136562539362682,0.2727272727272727,0,2
