axis_00,axis_01,axis_02,axis_10,axis_11,axis_12,axis_20,axis_21,axis_22,location_x,location_y,location_z,dbh,dbh_approximation,score,reconstructed,number_clusters
-0.86391012570059944,-0.50361713331332647,-0.0053923784402075316,0.50338948354366397,-0.86376229805983007,0.022665398916513368,-0.01607241642125936,0.016866401028931225,0.99972856413464206,-19.689483244858963,-17.113880051761182,0.14563646037604963,,0.1644039902047854,0.2857142857142857,0,1
0.97441903006874298,-0.22387051716279516,0.019736904143091007,0.22094288670399051,0.9703321674483345,0.098182104428071112,-0.041131431470329341,-0.091309782390934582,0.99497272775937007,8.3648300811790346,-5.6920252740013542,-2.4574189181851738,,0.1073097033545359,0.5454545454545454,0,5
0.95935021284709798,0.27643329617498441,0.056848939093548136,-0.28189789162903511,0.94821425073642873,0.1463670502382893,-0.013444248038969774,-0.1564428568717233,0.98759550663643669,-7.0148793624141126,13.021848919779906,-2.9324751798373931,,0.2197967484233176,0.7024793388429752,0,7
0.041058221955628978,-0.99502734305045148,-0.090745848344714566,0.99631546413398653,0.033927781544440642,0.078768023759338335,-0.075297532079884807,-0.093645567014313744,0.99275414350243163,-3.9179323419929397,10.915777120316299,-2.962849516810361,,0.133866424922921,0.425,1,4
0.88948931356543115,0.44105013699339529,0.11951375532133147,-0.45677467796634419,0.8508204691692417,0.25973336869061547,0.012870688468078781,-0.28562091292610203,0.95825624938093601,10.064898318264659,-2.863182676625792,-2.8083000812214101,,0.09514131056097348,0.3529411764705883,0,3
0.71329535191161109,0.68485874707547323,0.14892359616764805,-0.70033354570798423,0.68821738214179973,0.18944592810079358,0.027251893464018413,-0.23942709009655017,0.97053181443501613,21.432645132970379,-3.212791823031381,-4.135510890120238,0.4586072908153138,0.4512191091323191,0.5588235294117647,1,4
0.057406040404324038,-0.99737729454967461,-0.04408036798700888,0.99542306458971652,0.053802844448629553,0.078982127168455429,-0.076403331131008986,-0.048412666173322579,0.99590097135512246,8.5459739232073968,-6.6644227942107852,-2.3961109800442597,0.1009496506642014,0.09986151404275601,0.3333333333333333,1,4
0.26125091744490669,-0.96526758953629554,-0.0025374642823770698,0.96187621649810795,0.26011096652721538,0.08447738885383535,-0.080883263222244567,-0.02451052188484654,0.99642216557413699,0.79496970369922415,6.9364694129378366,-2.9108780196562782,,0.1315181943585815,0.4695652173913044,1,5
0.071702178342601272,-0.99727397051573508,-0.017419108837962691,0.99482138273197651,0.070242735892096217,0.073460019831424389,-0.072036199789868471,-0.022596145383144622,0.9971460274872781,-0.48944438182807337,14.539364906178035,-3.4182711197379438,0.09797929211562662,0.1203444309943852,0.5964912280701754,1,5
-0.93761277556718325,0.34613828183417628,0.032719610970900224,-0.34418145018477336,-0.93737453954742589,0.053554663260605775,0.049207849393252484,0.038952053310896385,0.99802871957722494,-15.762158446499949,17.282802984089599,-2.7717665734095518,,0.09182399803430205,0.4074074074074074,0,1
-0.98229523596019186,0.18436281678334987,0.033262910239794378,-0.18297324012440794,-0.98226749888791731,0.040882196942568359,0.040210232631599681,0.034072164829728677,0.99861014654144609,-16.403138718983307,5.2309581201989639,-1.7998497776082665,,0.08547607464304213,0.2698412698412698,0,4
0.58819408006777485,-0.7974815805715666,-0.13435346226391232,0.80525145178091884,0.56216322761541326,0.18852746463511202,-0.074818604490772656,-0.2190790591683679,0.97283428303897479,13.981568851192932,-4.5403328393104907,-3.1475533076400546,,0.09364130412672012,0.2941176470588235,0,6
0.7326307314681445,0.67283521581049988,0.10268877092306584,-0.68058527923041756,0.72254345057731051,0.12138632428196984,0.0074758948164074879,-0.15881981738143211,0.98727927994241937,-4.1432575438622461,-19.483571300872793,-0.43769607597089716,,0.3326918768562702,0.3636363636363636,0,4
-0.94336995065361817,-0.33119953708813193,0.01897374070649669,0.33173247050589233,-0.94224343650750131,0.046161394807691013,0.002589250055041948,0.049841478621138018,0.99875378487043087,12.571745577681378,13.012848583137226,-4.2001233551054566,0.3342049289915928,0.2189871186878317,0.7916666666666666,1,5
0.94283942447040925,-0.33322630111663659,-0.0037485875249953248,0.32973482395361797,0.93121358587844849,0.15529392566252515,-0.048257284803275062,-0.14765327534303474,0.98786119710407172,2.1639182554146528,16.514560089476809,-3.7251027519757369,,0.157435064193773,0.5,0,1
0.63841427513528981,-0.76946771649474743,-0.018618447192013474,0.76721097867442867,0.63422842404213042,0.095611821123019747,-0.061761861248731939,-0.075324228568200438,0.99524455943536672,-12.802370204943086,-18.27840061427624,-0.079454416330803551,,0.1346314072883711,0.7727272727272727,0,2
0.83851864278969868,0.53021201547057806,0.12554562654569215,-0.54487052687073556,0.81527189956175572,0.19608120443472951,0.0016107891636591935,-0.2328238571014466,0.97251758694775081,-14.693512112889721,10.734920807096065,-2.3207384331148582,,0.09798543759615208,0.4,0,4
0.81080037139599481,-0.58183461170270434,-0.063806287847520293,0.58183269105878122,0.78927622882580228,0.19624921458649502,-0.063823799318229582,-0.19624352023769642,0.97847585734411591,-19.172098487985007,8.1290227420016059,-1.90885665297183,,0.1967185930266422,0.1923076923076923,0,1
0.70657658175945559,-0.70374231600469161,-0.074136946076000382,0.70460232688379865,0.6899835344303209,0.1657054107896824,-0.065460637478251066,-0.16932062744802878,0.98338468061158324,16.757310857161773,19.011723063523952,-5.0143221953235404,,0.1556792582029878,0.2666666666666667,0,4
-0.98481350241665988,0.16968001634315291,0.036756734234953917,-0.17281099207370521,-0.9783877881042945,-0.11355041658614759,0.016695103363964622,-0.11817795116760663,0.99285207628402172,-5.5058557304423354,15.760938095679508,-3.2504416194020207,0.4678537596312751,0.2375185940603765,0.4090909090909091,1,4
0.79844602591240044,-0.60166410373479029,-0.022005680669025633,0.60144272366026663,0.79542275661963568,0.074627665163401399,-0.027396968095310118,-0.072821319190415942,0.99696863622209952,-9.4359378700000747,20.611166820268942,-3.3455359487413205,,0.7954315225601233,0.2318840579710145,0,3
0.61350718544356142,-0.7776347085071198,-0.13745251374262843,0.7889055724220233,0.59579068948601932,0.15053721175594378,-0.035170032849000714,-0.20079271512388472,0.97900222387008862,11.287259304867526,-11.494354735188015,-2.2259201772619641,,0.2952456011363315,0.1666666666666667,0,4
0.65355450250745206,-0.74249135281147804,-0.14687785146992194,0.75351562774523018,0.62000585463148761,0.21864797956165016,-0.07127910630718029,-0.25357312795890236,0.96468645568453459,-8.2857423249043443,-18.374215921726641,-0.2422298086689321,0.2741119572420677,0.2106539943193278,0.3714285714285714,1,4
-0.62086787464644744,0.78125889737334797,0.0644795898481451,-0.7804226280789246,-0.62376298996536805,0.043130661157104122,0.073916194534002208,-0.023542889042033239,0.996986523761062,16.718882379665185,-7.1833675542991342,-3.1694665741735748,,0.1997394461704584,0.5,0,3
0.44553172975786193,-0.89290049969496732,-0.065039798765416434,0.89187102993462963,0.43634839660759356,0.11902160619536756,-0.077894439739371296,-0.11103501439843413,0.9907591442097462,-12.150263548996115,19.958389556675616,-3.1528631640578686,,0.06539283779546098,0.125,0,1
0.13669761854105184,0.98143534050355508,0.13453041847803926,-0.98833271557378,0.12591058336241048,0.085702790642399065,0.067172944045668689,-0.1446761812048159,0.98719633213471192,7.6624034007567019,12.947707054848662,-3.8616894806849045,,0.1192898707373911,0.5319148936170213,0,5
0.66298799931515506,-0.74751591428322617,-0.04082732733600191,0.74511276084993139,0.65361080519180825,0.13266457309737631,-0.072483697357965407,-0.11837598248728089,0.99031976673571931,-4.2495893534050344,14.526457097659225,-3.1834307186666724,,0.077437409999671,0.2285714285714286,0,5
-0.98224930492531926,0.18354955394223085,0.038676403934903111,-0.1826188355744921,-0.98282953297906561,0.02639071801919388,0.042856316537288733,0.018859224580032564,0.99890323143991067,-1.1996836540767115,10.675469271218539,-3.0780449997202548,,0.155322421638706,0.3893805309734513,0,5
-0.048343686360272378,0.99124686740377665,0.12285168232995006,-0.99591880246595355,-0.057221749065052847,0.06979548931497255,0.076214348280884303,-0.11897612910216683,0.98996770342268425,4.6261003369938347,8.0278980986163759,-3.2955636011958838,,0.0881996856010429,0.3125,0,5
-0.87856590390296629,0.47337408840079115,0.063552536769858475,-0.47560836575042265,-0.87928698814400708,-0.025516169556825227,0.043802225141837979,-0.052643754723239504,0.99765224410175257,20.728959645081755,5.4774109455270157,-4.4073331995150786,0.4481709057945416,0.5562090773037331,0.7894736842105263,1,5
-0.4765975236544534,-0.86737920644564059,-0.14320653851055465,0.87757457887846668,-0.47906381067542253,-0.018992730383634259,-0.052131170644110249,-0.13472630599431962,0.98951056766484313,-7.8679876720028741,-13.127255116177428,-0.77655800116739693,,0.1404253931958929,0.2222222222222222,0,5
-0.58839878306373961,-0.80513007119233904,-0.074514700233778028,0.80697542386070065,-0.59052521636915034,0.0084044105689070475,-0.05076945315790788,-0.055186386853893155,0.99718449914349305,1.9295584926919509,12.819347915625672,-3.4165172074183121,,0.4707824116527047,0.7192982456140351,1,5
-0.44620832161778917,0.89065661110162508,0.087343773790728385,-0.89121355962396331,-0.45111867949956136,0.047226350154945425,0.081464868878684121,-0.056769165112253016,0.99505815761242689,11.112096312238139,-10.453679945156996,-2.2641316940156386,0.302859295498535,0.2492663940354839,0.6764705882352942,1,5
0.3929381296259658,-0.9045695509236813,-0.16538909827367665,0.91951004269191161,0.38454268141631154,0.081413804467508427,-0.010045281218976984,-0.18406752486760183,0.98286226838471524,-7.4826818626594687,-14.137649366158028,-0.69766519064155563,,0.3186736565113986,0.2142857142857143,0,2
-0.59726008564283783,-0.79899062562620327,-0.069959776009935401,0.80078173912209372,-0.59894335099831986,0.0039330120136578956,-0.045044382407870419,-0.053673480009716501,0.99754205984366451,-1.6910051032728772,4.635797765122998,-2.5883486444606052,,0.06996832472124735,0.3265306122448979,0,3
0.86246456613826761,-0.5061148775987151,0.0016133285994889856,0.50258349559297266,0.85681411410724861,0.11523629560238972,-0.059705126358467808,-0.098576389363024791,0.99333679753982251,10.702586498623905,-7.0695124094079143,-2.6331563578327013,0.6254777080609877,0.5361307064902618,0.9814814814814815,1,5
-0.85336318175898007,-0.52068816651766392,0.025595180535884061,0.5209430175348938,-0.85358185476306436,0.0040484195541782425,0.019739617519856058,0.016788402774562651,0.9996641921327627,9.4585838399921229,10.214137908811951,-3.789036463813046,,0.4066754771449178,0.3636363636363636,0,4
-0.85089873600024912,-0.52532784904185104,0.0014114156870121968,0.52501948809252763,-0.8503008055259681,0.036648018295001611,-0.018052096726961127,0.031924773185611759,0.99932723902674048,-8.3374698338874662,3.7230389428145974,-2.1139824592413694,,0.07214754742564278,0.3619402985074627,0,5
0.29850882879221791,0.94964274692607165,0.095242492322516123,-0.95228273289538101,0.28970351923397936,0.096070118001136337,0.063640205549662723,-0.11937555928310234,0.99080744854055458,-12.7201524664516,10.389201090037862,-2.3763870095755091,,0.1036464552018183,0.2647058823529412,0,4
-0.57036876807313519,0.81813877558302128,0.072995974507163955,-0.82037833386579329,-0.57181978007599843,-0.0012362998919212334,0.040729077209289803,-0.060589462791421092,0.99733146910559645,-1.8514715244775901,-15.751152202491005,-0.89089922242992425,0.1456445299204683,0.1391555642730467,0.4838709677419355,1,5
-0.26655555894725935,-0.95954990585585165,-0.09062070495391196,0.96162865874588299,-0.27110746892785281,0.042083998979778867,-0.064949647211597253,-0.075925743088645775,0.99499589188273962,-4.0030314355476895,22.745692791719751,-3.8015508416101285,,0.3172430077502821,0.8113207547169812,0,5
0.85623398258662209,0.49352226619525508,0.15264055762919618,-0.5163330676119422,0.80831338797714147,0.28289508675011676,0.016233618028445168,-0.3210377541449207,0.94692725700514679,12.035518966403448,-3.4516430200498354,-3.1007664192563533,,0.12771055050073,0.2352941176470588,0,2
-0.95760976862412817,0.2653121528034158,0.11221850386839451,-0.27969726473756945,-0.94956158335129237,-0.14178236675168171,0.068941795262133676,-0.1671593880049915,0.98351653156814323,-12.10851981027055,14.242180459701709,-2.7157994853544016,,0.2500625884148019,0.1111111111111111,0,2
-0.40923892153023977,0.91139599220701939,0.04336877325622817,-0.90884348720338703,-0.41137941973310505,0.069068725107978235,0.080789980026943403,-0.011149816547265783,0.99666878185192953,-3.084108905182827,10.769489991051369,-2.9928182147392617,,0.08570238134287118,0.46875,0,5
0.65768235672901665,-0.75325117620826931,-0.0081598522184478696,0.75000411662502942,0.65375895530123218,0.10046418968444443,-0.070340192584873479,-0.072193447793424084,0.99490721346406064,14.712875347507701,13.225300313405617,-4.3957483222114968,,0.1084564136286127,0.4,0,5
-0.21829151427323623,0.97001125671479338,0.10689703757768515,-0.97274019595329131,-0.22506389307983027,0.055881617804987765,0.078264461750206696,-0.091784562309454781,0.99269847796227206,-15.858454063984457,16.221086550101187,-2.7110745579648077,,0.1226709919460179,0.4,0,1
0.72375878130318771,-0.69001940359880864,0.0068153608612411551,0.68654580149815991,0.72103960350551066,0.09357752199040352,-0.069484451007208931,-0.063048495888166703,0.99558866919750832,-14.006331203631488,-17.931650248211437,-0.039192309307551791,,0.1309466149085708,0.5263157894736842,0,1
-0.10045095639233689,-0.99405654629808959,-0.041966511908644935,0.99408576213721389,-0.10202474280861473,0.037208189567753701,-0.041268666999780046,-0.037980713747237542,0.9984259424250308,-5.358995620549079,-13.038870615872241,-0.94770052954722939,0.09806884262762104,0.166456969683691,0.4642857142857143,1,6
0.87491252924748852,0.46534307300949795,0.13410402890234085,-0.48411243199310255,0.83310109355637951,0.26754012989622322,0.012775733070412316,-0.29899563929469175,0.95416895166803228,-4.7949787144884581,-10.924819737672657,-1.1592941579675589,,0.1316491459309286,0.2758620689655172,0,3
0.70271557948095509,-0.68069433501218268,-0.20699284199476303,0.70796322553547486,0.64014906829823537,0.29832405475641444,-0.070561219123204066,-0.35618028109262906,0.93174928050233741,7.0657404650195623,-5.7695117960391986,-2.356214110539621,,0.7612246091630588,0.5573770491803278,0,1
-0.78440336709515346,0.61643379608802362,0.068707588593223165,-0.6159267300634671,-0.78719852239011556,0.030866641219015535,0.073113753036698037,-0.018106943069656083,0.99715922386024225,-5.752618478660712,18.987463072752952,-3.4413216566418559,,0.2553454959091399,0.8227848101265823,0,4
-0.059813337263157726,-0.99491172796407967,-0.081074152755197568,0.99449476293645611,-0.066394369473537121,0.081067590282264346,-0.086037963582394225,-0.075778897205889581,0.99340577185803247,0.98747451172377931,20.525516458816504,-3.9522746706986767,,0.1858728491989926,0.45,0,6
-0.85561667385286067,-0.51753705305795528,-0.0086894267392836049,0.51702845799845076,-0.85533049748188772,0.03303503741684672,-0.02452918760811796,0.023772647927304855,0.99941641979998097,-2.5780270539267702,22.682643327873624,-3.8663482614405646,,0.1104974998715249,0.5384615384615384,0,3
-0.13860619389395201,0.93441652387095386,0.32810681634363603,-0.98802180179253773,-0.15316336713399431,0.018812287229487443,0.067832456809845981,-0.32156918833293335,0.9444532889021241,9.2402927080193784,-0.09579874987563064,-2.9012061984316557,,0.3460051389496785,0.3928571428571428,0,2
-0.85608730408286671,0.50093086872371506,0.1272116053976001,-0.51135683974767532,-0.85669083705603766,-0.067786371399391226,0.075024730798586931,-0.12308157646020988,0.98955657509041361,-5.4590902559460064,-9.2537831095182099,-1.2245586814586107,,0.3509482418846553,0.3950617283950617,0,5
0.56881904888781232,0.80428295571239772,0.17197039504779629,-0.822133284723503,0.55010579541216287,0.14656219159011039,0.023275561692668898,-0.22474995217904295,0.97413844356098045,20.486796277078273,-14.771565630689832,-2.7638724806982573,0.6255575287222458,0.5898579618087391,0.8961038961038961,1,5
0.1762133498434485,-0.97923748892798956,-0.10021374963026239,0.98126684246199147,0.16669430455625284,0.096583604784563709,-0.077873225319258457,-0.1153557502100078,0.99026704058645842,12.985845398433861,-1.9413516875182035,-3.3408595984289069,,0.1047408348128214,0.3333333333333333,0,2
0.48107247124483421,0.87317395037513734,0.078336005748747412,-0.87457646561636126,0.47181047934327125,0.11185203338280343,0.060706533424200362,-0.12231976115146728,0.99063242064423973,-5.3597840594684731,-17.919999340715048,-0.47153917440079302,,0.08670303827355468,0.1578947368421053,0,3
0.84931340632218255,0.50335531703760883,0.15906024849528111,-0.52757346984692788,0.79894210722400871,0.28871741065985951,0.018247513668576718,-0.32912753472541556,0.9441091537160764,-17.919283044380876,-15.728383776992672,-0.066001617318310196,,0.3059241867938761,0.1363636363636364,0,1
-0.15941838750135201,0.95348986097786914,0.25581802661046465,-0.98630146010699438,-0.16495271215030868,0.00018040251598227069,0.042369889276219985,-0.25228493368939209,0.96672493746466415,12.117188687776331,-1.8214236517653111,-3.2110702155598552,,0.4939459665017851,0.3333333333333333,0,2
0.89189859342001165,0.41653227369852514,0.17611860782706293,-0.452088368661347,0.81128621538017887,0.37071658130602719,0.011532821707099817,-0.41026277152776536,0.91189443046979357,-13.909880031905553,-10.715871606446926,-0.67676159161575589,,0.468473256599694,0.12,0,1
-0.75945939834091258,-0.64632067885343836,-0.0741012979514616,0.6498850006575464,-0.75890693145510812,-0.041349187534142511,-0.029511153688079262,-0.079560351154476072,0.99639311636129657,-1.6900171681142051,-8.1156220206707559,-1.5403704367048654,0.3365928959189756,0.1367986162792851,0.18,1,3
0.40642629219676596,0.91203172790867271,0.054916266252455846,-0.91148514622848453,0.40054844171703291,0.093572293136886392,0.063344275321672444,-0.088085601127415702,0.9940967908900995,-5.0628164970758265,8.8486008323280565,-2.7018348980479736,,0.1191109520934712,0.6178343949044586,0,5
-0.011593846744832308,0.99142750044333949,0.13014259134629885,-0.99713557110225903,-0.021191385436361378,0.072605633568332703,0.07474112362166338,-0.12892802855841695,0.98883331653611417,-2.8152989151737633,-13.523904606880818,-1.0857348428333928,,0.08019438215260137,0.3,0,5
0.889203500157281,0.44396952862678979,0.11049069172987808,-0.45694926059319962,0.84984850378248389,0.26259263862873489,0.022682780944335776,-0.28398693327260599,0.95855981199873574,9.8163059527289942,-3.3817375685089157,-2.7892098918328152,,0.1551898066552186,0.2608695652173913,0,4
-0.76310127859994303,0.64512533414012996,0.038597174115717364,-0.64307999218541501,-0.76390352482826507,0.053847269250718019,0.064222754923309741,0.016269849585623671,0.9978029513608998,-0.34461048195965877,9.0519993646092214,-3.0205131600116681,,0.06994028505291409,0.1935483870967742,0,5
-0.27837667744973493,0.95542960578030256,0.098288828716903351,-0.9573217950649282,-0.28428839497818092,0.05210651758073899,0.077726482910963693,-0.079588798704492897,0.99379284409532032,12.150041285564493,6.1231069834948686,-3.7577519590573103,0.4613080731460074,0.4368198464988868,0.8409090909090909,1,5
0.92385695697407388,-0.37245800226941139,-0.088109929043698187,0.37925872604908578,0.85990078683822191,0.34166278039996228,-0.051489239324646552,-0.34906399605299837,0.93568327167545495,-12.348085143214965,-13.11221680455408,-0.51923142917466669,,0.7707315660607118,0.3142857142857143,0,1
0.52336304808128853,0.84965102148828497,0.064685868526118254,-0.85057348756649198,0.51635555224826968,0.0995072153733602,0.051145499821967477,-0.10709848433241095,0.99293204828007353,0.97111150874806473,-10.73241830344271,-1.4941106447489112,,0.09981602051888884,0.2888888888888889,0,5
-0.90906661668403022,0.41206037974245424,0.061677628660273411,-0.41308616582650332,-0.91068165551353297,-0.0043291932145325665,0.054384795976527969,-0.029413700169049782,0.99808673381072233,5.8660931599916291,15.895855438929368,-3.9168854565806628,,0.08468221623791904,0.4285714285714285,0,4
0.051197042350931907,0.98708155136765663,0.15181855553303483,-0.99375351974308335,0.035257998113573573,0.10588113886455897,0.099160500466413934,-0.15629102507387777,0.98272087116770135,-9.8533630311474099,-15.369292674237276,-0.41337099003083883,,0.1528734718252473,0.25,0,2
0.38709314222410285,0.90552912294190802,0.17371213759299867,-0.92007080741453207,0.36704073126387743,0.13693360046697059,0.060237933120587991,-0.21283352437371425,0.97522986127170141,-13.796326014809182,18.036706053983746,-2.9155986113955659,,0.2133631473484281,0.6,0,3
0.69785331846973009,0.71203265895712742,0.07752572785359059,-0.71533097333677342,0.68741844019471232,0.12552882802501183,0.036088010278346121,-0.1430572635650213,0.98905625464653824,-1.7110839757416731,24.978647877963212,-4.0731731727639007,,0.1487995429248694,0.1875,0,1
0.41434028140492291,-0.90909731072558331,-0.043176507927380731,0.90565810611498765,0.4071509368067866,0.11837022212351982,-0.090030694951803047,-0.088148705542792707,0.99203038243676123,-2.9177268771883651,15.329435639747361,-3.3454776966585076,,0.1275011030817533,0.3396226415094339,1,5
0.42818388907904587,0.90141454624941153,0.064112190284784529,-0.90038671350528854,0.41948110704371971,0.11549617732428104,0.077216081720649254,-0.1071793666866165,0.99123673261253109,-2.341595923401937,20.716671628872188,-3.7497706945876406,,0.1502122437794856,0.3157894736842105,0,4
-0.91162605058928659,-0.41099927531819386,0.0041880275665606616,0.41094508097661353,-0.91121587679733362,0.028456392842199016,-0.0078793596251986557,0.027662638348223703,0.99958626147597218,-8.0606098799173349,14.904057723725575,-2.9945706182191714,0.1055325811115304,0.1097843237228766,0.4038461538461539,1,5
-0.96624117069564597,-0.25760744142806413,0.0040504535048757184,0.25753532883414648,-0.96617849412998669,-0.013216349079822554,0.007318090939357585,-0.011727045731904454,0.99990445640741366,-2.2704656716558342,3.9206776921382787,-2.511383535785185,,0.070448741507511,0.2962962962962963,0,11
0.013368713004049008,-0.99119622425791321,-0.13172441888075875,0.99751013717635728,0.0040975626214165284,0.070404092288514131,-0.069244521393547212,-0.13233765525133723,0.98878306076689926,12.149288399128029,-5.4649225554914427,-2.8964287182467436,,0.2504044438648237,0.6129032258064516,0,3
-0.62346861256336494,-0.78000876190648971,-0.053602429958166074,0.78060488125141836,-0.62487752199099555,0.013568414677233361,-0.044078435938377299,-0.033382837798782525,0.99847016862083959,12.242286310912366,15.538538627553185,-4.3755429257046865,,0.1332416215146127,0.4375,0,3
0.12239446156088719,-0.99004339565395327,-0.069524603567444609,0.98816226859134526,0.1150341103892415,0.10150115457156904,-0.09249284681328733,-0.081124769145715578,0.99240306585551608,10.070614241248164,-9.388389668306333,-2.2853404338329186,0.3358291025987881,0.1503986860514934,0.4074074074074074,1,5
0.94599234328735315,-0.31600672940402835,-0.072375641020124712,0.3210705702316784,0.88235566441699786,0.34403803627265506,-0.0448572778131879,-0.34869503644676259,0.93616216340150316,-3.4603571910395021,8.3357390709382813,-2.7769461110086948,,0.2186618900884167,0.3012048192771085,0,2
-0.8021082190856571,0.59447088037095097,0.056804729259304236,-0.59368996851114508,-0.80407343776038076,0.031593163460453134,0.064456389632615352,-0.0083832618466943322,0.99788531142428316,-13.703571514775378,5.3465100110201753,-1.9448346225153508,,0.1078611763546808,0.2159090909090909,0,4
-0.85010189728781227,0.52065654841745479,0.079015965587250339,-0.52386490132553265,-0.85140696721073372,-0.025917973381630086,0.053780381059013505,-0.063426609361085309,0.99653636955110858,-9.7425788170897949,18.79647687390343,-3.1978757715301716,,0.2897254055498634,0.5625,1,4
-0.84370838272231452,0.5351028652057831,0.042674214376604708,-0.53419280057784857,-0.84477876997610191,0.031414671866197709,0.052860351255866467,0.0037085639036839018,0.99859502793619015,34.137972055783699,4.3850686520362512,-4.9588625224242682,0.5954303918493065,0.6487827051043966,0.8666666666666667,1,5
0.59540257924712303,0.79350008058767318,0.12591024872197307,-0.80278103818818081,0.58128684054736801,0.13284657967732724,0.032223801007626923,-0.18017555637159674,0.98310650264089161,22.371258674707864,-8.7148461585754031,-3.6135707682912428,0.1713769324947347,0.1856383402066633,0.3571428571428572,1,5
0.14280015741564109,-0.98934882844341754,-0.028231377927877378,0.9869266014740915,0.14018110417537902,0.079530757163326374,-0.074726155694432542,-0.03921930251559879,0.99643256067097796,26.01623578471013,2.7507908706486583,-4.6424738812763904,0.2515144202783224,0.1262800920942965,0.5333333333333333,1,5
0.85398615140054335,0.51899170630101377,0.036813883343815204,-0.51993318912478581,0.84861127470044928,0.097613438100544236,0.019419888326641151,-0.10250128409947652,0.99454328950294557,14.263915816458681,-8.3898782332096751,-2.8444126571557398,0.608966912788271,0.5552323579036562,0.9583333333333334,1,5
0.85951086184942271,0.50276373885735026,0.092030979854840295,-0.51045240111782364,0.83518026861747696,0.20472485219212644,0.026065773648836752,-0.22294066879377933,0.97448347017374826,2.6365846335661725,12.3393922405242,-3.4416374061132258,,0.07349048552317283,0.2903225806451613,0,4
-0.94942144665941031,-0.31194583360935868,-0.035898656199294297,0.31400455203420902,-0.94310854214457207,-0.10930424985212271,0.00024067602410041404,-0.11504814047911352,0.99335988818119159,8.4526320328367301,-4.7162505860168951,-2.5154413517133385,,0.7055239547229417,0.4258064516129032,0,1
0.50924604298722886,0.8554632355964833,0.094080392455840878,-0.85907490993621771,0.49873514243267147,0.11512409313754192,0.051563231278967066,-0.13944859355855194,0.98888589985630437,-11.373091068619118,-11.49064038768458,-0.73181926538928066,,0.2498504146539282,0.1666666666666667,0,1
-0.43683854822607054,0.88992987817322822,0.13113693117624259,-0.89609951193995752,-0.44325671222501356,0.023003299077331937,0.078598648109931474,-0.10746301225098295,0.99109734815165151,-5.7662765915220549,13.499798392618366,-3.037513294204055,,0.12554473436012,0.421875,1,5
0.49309862089390916,-0.86901355765740795,-0.040855681124405387,0.86805857788100516,0.48835632143326202,0.089344326531559964,-0.057689300912131126,-0.079520688652618493,0.99516250162296671,0.61710054309762097,-14.837857964446069,-1.2038665554655146,,0.08117491168505347,0.3529411764705883,0,5
-0.9220055115429473,-0.38610728832819136,-0.028757583074383936,0.38712922984650261,-0.92050957028871483,-0.052849696359958467,-0.0060659774878313163,-0.059860612315085958,0.99818831440283873,-12.877885779604442,19.343280715871817,-3.0738028158667516,,0.09383852327412102,0.2068965517241379,0,2
-0.99339147717511178,-0.11472208504207973,0.0034951794586640448,0.11354826385721327,-0.98675641998466879,-0.11583850566220662,0.016738125667562401,-0.11467611269413627,0.99326191124320218,-11.189468176664038,-26.533241232790001,0.44026783636516076,0.4038282955003373,0.3305107153983277,0.4117647058823529,1,5
-0.95354235550958744,0.2995645088115062,0.031907386444971923,-0.29787919100724758,-0.9533619746887797,0.048671683578628555,0.044999597932597363,0.036905965344798931,0.99830505653726531,18.785382873881488,-1.2114617972291808,-3.8532156753231779,,0.2115862848069585,0.7058823529411765,0,5
-0.017851558121957049,0.99730984776851872,0.071094229136782733,-0.99818379932142243,-0.021868667158400926,0.056132558902705194,0.057536289807989693,-0.069963054111795722,0.99588892272907692,-5.6067613206592322,3.8558735086468863,-2.2708162787877626,,0.1707737709213323,0.7647058823529411,0,5
-0.72885092301616528,0.67933582207599863,0.085318068794432433,-0.67965075590226987,-0.73293056291144121,0.029793287025625816,0.082771867321920115,-0.036271625199944924,0.9959082222702037,-5.3373126570965876,28.579197699819172,-4.1141667468873049,,0.4608580337179869,0.4,1,5
0.079511706982272889,-0.98115422315537382,-0.1761087131210208,0.99389608317051636,0.064476731432870485,0.08951718808162383,-0.07647525293238655,-0.18215142461180561,0.98029199435720082,1.8029232953345271,18.111203921600712,-3.7991174703624413,,0.2291612302462609,0.3125,0,4
0.66939175191470723,-0.74288940206699405,-0.0054789383190580769,0.73935680602328013,0.66545201870650827,0.10259202788953209,-0.072568559690909196,-0.072725147617433678,0.99470842815792471,-2.3962086765221344,6.1632759140804732,-2.6758382302714949,,0.08970434884166385,0.3089430894308943,0,5
-0.17981224620224567,-0.98122858871158858,-0.06969944627304786,0.9802236326910081,-0.18467863162566273,0.071101567738819774,-0.082638889330316309,-0.05553611181870035,0.99503093130531084,1.7292355050996358,14.753715540329315,-3.5692855851094816,,0.3224830188962165,0.5949367088607594,1,5
-0.79402163327293429,-0.60716440078286182,-0.029682255921199732,0.6072866513052092,-0.79446207317281969,0.0057391146051856273,-0.027066012655884226,-0.013468656649219559,0.99954290865724116,24.823698378718522,-1.2009465161721864,-4.6436327544440932,0.4627397362326299,0.2710196895465006,0.3333333333333333,1,5
0.94355633188106192,0.30511372611624182,0.12886839295428185,-0.33120993876282717,0.8677994026141872,0.37043781298240142,0.0011937469918358713,-0.39221143654656887,0.91987431968187716,-7.7194913703804566,-15.392771394641471,-0.53204416997617088,,0.5077536572966179,0.1388888888888889,0,1
0.24192531978340387,0.96576927315741001,0.093604757746093947,-0.96758356664667733,0.23291727419091818,0.097629836314348961,0.072485731030264275,-0.11418955472581403,0.99081106392113294,1.760964455712773,-14.91006458428607,-1.2670693366773285,0.2227947010594056,0.1464070829757239,0.4666666666666667,1,5
0.03111035235382506,-0.99946962628932356,-0.009623518145696966,0.99675937206759302,0.030308535522222554,0.074512729583040421,-0.074181535248591238,-0.011910449176159644,0.99717362632020279,3.1116221897447005,8.9325041437840156,-3.2440697705103672,,0.3193876641540327,0.8884615384615384,1,5
0.99885040814405124,-0.041520234949670907,0.023956882939732443,0.038078809418565632,0.99083557959644031,0.12959497860276845,-0.029118145952798366,-0.12853374769106976,0.99127756419721358,-7.2093222285915388,-16.124043306134087,-0.48312390863637988,0.1088103816860241,0.09075543073704523,0.75,1,4
0.33204616844407647,-0.93487116452280306,-0.1255438081523198,0.93963388143440474,0.31616173240919232,0.13088135016316671,-0.082665052362671715,-0.16142386658668742,0.9834169128167769,12.374063578347254,-4.3423672719841173,-3.0130208597313328,,0.09678855444086427,0.2857142857142857,0,3
-0.50389338908361903,0.85419540606357791,0.12822503927744894,-0.86049189315689645,-0.50933428030758399,0.011501857015912602,0.075134241521983836,-0.10454089708546604,0.99167839877022668,7.0561906762625171,13.158924022152092,-3.8283691345359321,0.4062304949433084,0.2828639538839272,0.9318181818181818,1,7
0.55110184021950859,-0.8105635471275856,-0.19817542172181077,0.83222943001863514,0.51664918429639484,0.20116609102114366,-0.060670730319721394,-0.27579042121476266,0.95930115503352476,-0.42263377501372196,7.2986565682056845,-2.8686315312477264,,0.1160771888945635,0.1333333333333333,1,5
-0.6964373267231122,-0.71506502495398094,-0.060473630900819399,0.71629113980501369,-0.69779874760396887,0.0019775942878301369,-0.043612532414432539,-0.041939455526936287,0.99816783613103077,10.521789003021414,17.909540295897884,-4.4308265582279756,0.1719614319733654,0.2167162816702846,0.3333333333333333,1,5
-0.039661748488169092,0.93363308938394329,0.35602836981658581,-0.99635181245526161,-0.06389809313883052,0.05656942204351021,0.075564618201752781,-0.35248586936303655,0.9327613308748427,23.291831217427806,2.62727314001416,-4.5370679393338378,,0.459602512508012,0.3043478260869565,0,1
-0.86094203386199941,-0.49950906086492364,-0.096278307231728505,0.50843462072075096,-0.85108356075991731,-0.13096186107705832,-0.016524248306992763,-0.16170179565503495,0.98670131169459108,5.7501086419209573,19.340429767026265,-4.190891407331895,,0.4616808641090638,0.1363636363636364,0,1
-0.0049895487277279143,0.99698614745290015,0.077419159066206056,-0.99715588466077243,-0.010782658167977225,0.074591393399135231,0.075201370266010648,-0.076826792656321641,0.99420440445627511,4.0526507943871382,3.208622269829196,-2.7527834872499719,,0.07361882007825446,0.4,0,5
0.19679491479571481,-0.98020388557471505,-0.021727959287057924,0.97729306466208954,0.19433866521871784,0.084443762140190504,-0.078549521156588198,-0.037852686895910301,0.99619132039023106,-3.5523699025470163,-12.622063058569061,-1.1024644605339704,0.5112198884049215,0.4301034009339825,0.9722222222222222,1,5
-0.83541009573748881,0.54780993367575126,0.044657009595927055,-0.54641303051413814,-0.83655287648766441,0.040150777384395472,0.059352944528785499,0.0091411928316229539,0.99819520464154665,-10.969201721850506,2.0134891782870579,-1.8418480922156648,,0.259008182920205,0.8430034129692833,1,5
-0.90503959037626458,-0.42532512834996772,-0.0013693230617109811,0.42522795501804461,-0.90489303024403289,0.01870267593003206,-0.0091938089351234018,0.016344387717365825,0.99982415197244001,-15.878196356490756,-10.642215394708646,-0.54124968610822943,,0.1445678736244111,0.3636363636363636,0,1
-0.97348520783928061,0.22239738342948154,0.053534605273900991,-0.22473137101712032,-0.97349841428433492,-0.042386887909467201,0.042689120380696187,-0.053293913626272171,0.9976659750495237,-11.693163203498546,18.448123237302681,-3.0570973905164025,,0.1417124946111027,0.1904761904761905,0,4
-0.74088324980816489,-0.67130204612541933,-0.021108600652763123,0.67107014218089067,-0.74118312124718955,0.017676115285681502,-0.027511350875802212,-0.0010694139044498828,0.99962091911228479,27.662545234601691,-2.7668861444739909,-4.5831671648808792,,0.1478115941231595,0.4615384615384616,0,4
0.93291197954375493,0.35358969211094865,0.068187741248991005,-0.35971409989847508,0.9062265785658119,0.22216920271525897,0.016763196532419321,-0.23179240266624071,0.97262082915606329,-11.689225452531961,-8.7060118383821585,-0.9451631777037951,,0.3786438555333621,0.6901408450704225,1,3
-0.23186318293995739,-0.97257382142378257,-0.018428952170214358,0.97027373246349424,-0.23258232319412581,0.066890560088715037,-0.069342256152440593,-0.0023716700367791277,0.99759010956049743,6.9380370349104057,-9.4703911239547978,-2.0105609934414215,0.5492909335127028,0.5293286421482868,0.9789473684210527,1,5
-0.074806227047717125,0.98016947361481843,0.18349885936576199,-0.9929922786470109,-0.090101412847460927,0.076472674533512724,0.091489687628183158,-0.17649231823663525,0.98004086581180683,-11.113152338108819,5.1734828420180774,-2.0742971669153958,,0.294049547026492,0.2674418604651163,1,5
-0.36003671909807505,-0.93282567274670691,-0.014485343135338096,0.93096299242647806,-0.36024096575971376,0.059450427423581399,-0.060675098956916584,0.0079190184469657941,0.99812615510936575,-15.642869201758694,7.1555353048012673,-1.9962180083591434,,0.1730252424143791,0.6346153846153846,1,1
0.92574395249907515,0.37528979121112582,0.046429592116460527,-0.37814185609107726,0.91956864680191941,0.10678127406470868,-0.0026212751450961471,-0.11640909084602034,0.99319789190524232,6.4375447053855126,12.392015192136391,-3.7343566772909611,,0.07793110790342546,0.25,0,5
0.99286071205401027,0.099475691845124226,0.065819398292131306,-0.10841155628963751,0.9827016442411155,0.15014796991190651,-0.049744757738510489,-0.15621160372309706,0.98647016880379845,27.34549491715385,-12.478490137358886,-3.5819830002577215,0.553129239348658,0.4993098565495133,0.1875,1,5
0.17387157117647462,-0.98084190810856564,-0.087851169796277953,0.97895723978967863,0.16247921527926334,0.12346346530698891,-0.10682415176353802,-0.10746932539187687,0.98845280347612807,-13.430803605263499,21.928212384968234,-3.2419385854956446,,0.2209650022490154,0.391304347826087,0,3
0.4731675401102633,0.83156936720396701,0.29086915703456329,-0.87931711222321807,0.42556341185742486,0.21376903105849715,0.053980507013397745,-0.35691479377613733,0.93257596733258918,-16.871966144215424,28.611907494671627,-3.5616477710316694,,0.3530915591326945,0.4,0,1
0.87506275978411929,0.48092869215409678,0.05452301809283195,-0.48360958322554976,0.86419633506566307,0.13887571951743813,0.019670725746936457,-0.14789282444400825,0.98880775433173174,-11.7221596963207,-19.192146063064939,-0.065346856124963354,,0.4301383851869952,0.7567567567567568,0,4
0.10798749035606829,-0.99395097505563268,-0.020004027408426495,0.99117469599542607,0.1060860899228849,0.079488763628887918,-0.076885785064429585,-0.028411277881021591,0.9966350261475837,-2.7962354680308561,-5.254068395557141,-1.6924505443917144,0.2490112986715353,0.1331823509445796,0.5015197568389058,1,1
-0.077791462794563795,0.99401226748123639,0.076733958669504443,-0.99432020791203923,-0.082962075406816924,0.066667969685240705,0.07263478818059943,-0.071111926854816959,0.99482022567142947,-11.936406100291167,5.9529854939271463,-2.0837536427757493,,0.09642357101521555,0.5363636363636364,0,4
0.52584586249373366,-0.84364362710400853,-0.10840460942697243,0.84712785701312621,0.50797043459400415,0.15601420272118463,-0.076554051300827791,-0.17387198746540961,0.98178816921180045,-9.2915153357863041,11.80653607488965,-2.6851536045091708,,0.7245924034472373,0.1891891891891892,0,1
-0.89116856540993183,-0.45365481833833077,0.0039867058608700299,0.45352251247969833,-0.89061403942368766,0.033525564208890753,-0.011658417530130813,0.03168498981913502,0.9994299088584726,-15.474335262932684,5.9554000413764454,-1.9039938327749535,,0.09910384887362067,0.4210526315789473,0,1
0.73170801986582734,0.67177613497092148,0.11541316280026424,-0.68153182446260741,0.71835576506214149,0.13956850306087804,0.01085107868828855,-0.18078113642057672,0.98346348930999183,12.571724238620394,-6.8301076987359863,-2.8182512530717712,,0.09966814289296788,0.3448275862068966,0,7
-0.92408586906597878,0.38040498489544072,0.036842286292728822,-0.37912613935218409,-0.9245925920456729,0.037308299266687099,0.048256367999301573,0.02050819838415998,0.99862442226622539,-6.9979366864432002,-18.21464055570646,-0.30889359470419325,0.2725597650589577,0.1968167700736847,0.5454545454545454,1,5
-0.56230771736135166,0.80286674203336805,0.19802784029673925,-0.82338596107632189,-0.56574897267807922,-0.044313192348537922,0.076456458839570404,-0.18797099364110006,0.97919421743150081,4.223183722296767,11.880796241398691,-3.533354025014666,0.186697354274683,0.1029396769273149,0.3888888888888889,1,4
0.64263145571192382,-0.76213537450148683,-0.078577878967634018,0.76267513334931702,0.62653023680342135,0.1605817652837635,-0.073153626705548619,-0.16312428790504213,0.9838897365026722,-12.366743389042496,-14.582477320214306,-0.38592334864228894,,0.5156086878670567,0.5476190476190477,0,1
-0.46300862253432029,-0.87668353546750111,-0.13057179672147345,0.88423428277962557,-0.46704350262482575,0.00031593216817162051,-0.0612596818149743,-0.11530977970725967,0.99143880602273715,18.704668433026818,17.308378618136782,-4.9844293668376514,0.4160526646931098,0.2543183431458353,0.4814814814814815,1,5
-0.093906917080480573,0.97637823456536577,0.19459453741423335,-0.99259978332178977,-0.1069346132780369,0.05753832316476206,0.076988057995871384,-0.18775124913058872,0.97919472393182749,-11.10828800386918,8.4170182348297669,-2.3305479055590093,,0.1065497332296815,0.3026315789473684,0,4
-0.97742325199088809,0.20908161859989452,0.03047397629462742,-0.20752554772488269,-0.97707478143615922,0.047518612384712472,0.039710622118580473,0.040121668025262486,0.99840538772876497,-13.01899704812481,4.0828179429369236,-1.8816545898829959,,0.3140543430925903,0.9734151329243353,1,5
