axis_00,axis_01,axis_02,axis_10,axis_11,axis_12,axis_20,axis_21,axis_22,location_x,location_y,location_z,dbh,dbh_approximation,score,reconstructed,number_clusters
0.71030996921738998,-0.69944875461206857,-0.078937869885232714,0.6936045939115375,0.6764160570490646,0.24773773445119152,-0.11988500713268001,-0.2307222517180002,0.96560593806530315,19.267971076508047,-7.6129786817789746,-3.377084691364479,0.1958068795230932,0.1526434091084851,0.1363636363636364,1,4
0.29385912227320826,0.93386784509189613,0.2038079099550332,-0.95552277922222695,0.28143557556269244,0.088148937572318981,0.024960661935377416,-0.22064646997202403,0.97503440997978807,7.4820089401557714,-17.258037387121494,-1.9933793619294478,,0.2670775692111353,0.6703296703296703,0,8
0.94139222460047867,0.28289116740999254,0.18372062176896323,-0.31855195033329486,0.92470956572462171,0.20841514819282339,-0.11092941179244109,-0.25472496237862913,0.96062992829735927,-19.112466906440758,-0.36322524851313726,1.2515892856516677,,0.3070739020657828,0.4205607476635514,0,5
-0.35710068286543156,-0.92368633231492359,-0.13886202429624153,0.93404072133293414,-0.3542144928382126,-0.045826018321727738,-0.0068580747223875244,-0.14606728777510533,0.98925088539416028,-1.7215613400773775,12.465802725565094,-0.93549786934072876,,0.2726313803182963,0.1538461538461539,0,3
-0.98512488655906738,0.1316383393781389,0.11045499304128537,-0.13480754322132238,-0.99063416745057753,-0.021699598386437324,0.10656399097544993,-0.036266980647240349,0.99364421295658778,-10.692493375519719,13.832465709356208,0.18330631543211953,,0.8831746802364246,0.7804878048780488,0,1
-0.018328038581821263,-0.98051434671225479,-0.19559064111859534,0.99827635300437489,-0.028854402809833576,0.051105248955195831,-0.055753080937540514,-0.19431685292307432,0.97935313071233088,0.76276385653411782,-4.4821555074387387,-1.3113316611074231,,0.7163204433315467,0.3422562141491396,0,5
-0.16253322835950093,0.97180102549120051,0.17083827596089066,-0.98498677589462258,-0.17000775601214815,0.029973558487949362,0.05817216681330481,-0.16340174341164482,0.98484306834047419,-17.784595589099567,20.294740969917385,0.97966623938965802,0.4933482568183026,0.3209858673010033,0.7391304347826086,1,3
-0.99244882431773529,-0.073542972858859065,0.098167012042877935,0.064196193157187387,-0.99338637272998642,-0.095196445618973932,0.10451880163143146,-0.088175652067009336,0.99060631660013532,11.069460053839551,4.8277644751410902,-2.4742626269252992,,0.1371302247507611,0.3529411764705883,0,5
0.95714026154887799,-0.27314916916342646,0.09629149031703288,0.26241104582995595,0.95857350061805813,0.11080291936258309,-0.12256819631769976,-0.080785984540464331,0.98916665024314965,-19.604106441027582,-1.6064173940971118,1.2926122617720071,0.1421799408142289,0.1464786303070102,0.3076923076923077,1,3
0.3949651759420279,0.89779701629824349,0.19484103089199048,-0.91858656837490993,0.3892090006629762,0.068666368799678759,-0.01418542189322931,-0.20609917837996874,0.9784282817237101,22.628777467577599,10.227036223776466,-3.8607862974175773,,0.6090976753954016,0.3214285714285715,0,5
0.760727780779624,-0.644538707309398,0.076570871289531009,0.64038875662534456,0.76454186054670148,0.073334738423429954,-0.10580871390369048,-0.0067526477560879887,0.99436357425758926,-16.903247081797023,15.930712267981406,1.0149611928423656,0.1683379570331035,0.1572420875437555,0.5,1,4
-0.99228676704933028,0.068037928664294325,0.10362341531652228,-0.069007736727879312,-0.99759927222119604,-0.0057986494493125571,0.1029801156072558,-0.012904740478316997,0.99459970011191112,10.981164636925753,-0.58107719424407256,-2.5100116022080434,,0.191511417386588,0.2857142857142857,0,5
0.92752317483969493,-0.37349668583898071,-0.014176946165867578,0.35706928447403175,0.87424248265415272,0.32894012769485259,-0.11046395892097623,-0.31016174359517756,0.94424435745706392,8.4398772183014312,-12.828918591211366,-2.1441995314655857,,0.2904756716427639,0.3846153846153846,0,1
0.79585507620168705,0.58999756401509407,0.13607928622777965,-0.60241388950354136,0.79417438116304051,0.079903429447787486,-0.060927854198408599,-0.1455676020292874,0.98747043997388639,14.615081725895742,11.451972535870269,-2.9013314804320065,,0.2687339152204465,0.6153846153846154,1,5
-0.31127682049183703,0.93134149502461649,0.18897026398300079,-0.94743753675685172,-0.31960958535856637,0.014554273978267744,0.073951707002623462,-0.17450711329982402,0.98187494745469506,-27.804477555377012,3.1494040886115586,2.3232433103437371,,0.1483088853738825,0.3225806451612903,0,3
-0.32763389520735536,0.93701256022759527,0.12109290931752756,-0.94171581546854122,-0.33422491158161133,0.03827572827112765,0.076337105051715773,-0.10149468190004571,0.99190295691581243,10.847950328243318,-2.8658457896385898,-2.4389252519725102,,0.07158624760597121,0.3928571428571428,0,5
-0.96223391022781435,0.24142524537233045,0.12577659919317472,-0.24933232963675792,-0.96706230470541676,-0.051223902777463963,0.1092670645967834,-0.080649548757311534,0.99073526175242421,-20.051903644515317,-5.0762232948917152,1.4163002937823108,,0.07520444383118866,0.25,0,1
-0.79622035709631678,-0.60484626998931135,-0.013933148439289283,0.60238708523542506,-0.79042171756354895,-0.11119041301055771,0.056240043447555926,-0.096925219029449172,0.99370144380951297,-3.769369340585869,-25.220354431422642,-0.44663588074829264,0.2868193384737203,0.1877090615212656,0.5,1,4
-0.84563850783807937,0.51924131809397733,0.12362834483003524,-0.52260327278004581,-0.85255451688895278,0.0060510339470078826,0.10854185064282741,-0.059491590298731238,0.99231014171112675,-13.581962724547525,-2.2140056952700551,0.51526897642155411,,0.07535384205984863,0.3426966292134832,0,5
-0.92359142461031296,0.35153483156841059,0.15297758849080198,-0.36839529089674744,-0.92424328024317515,-0.10029590505317822,0.10613100410055915,-0.14898866104339753,0.98312694442228687,15.473531164517732,13.164561991793734,-2.9889553109335516,,0.2159342630049779,0.25,0,2
0.98009722677828126,-0.1871053179367384,0.066340229584419319,0.17119274471985269,0.96579664740113114,0.19475594990658926,-0.10051104524779746,-0.17952280041411611,0.97860568867888142,-10.039393668482374,3.9408387758871135,0.027491084491946847,,0.2018476841297169,0.3555555555555556,0,6
-0.5697188777294514,-0.82087434602147724,0.039820954314368461,0.82121013526604703,-0.57050994305127911,-0.011502982915212264,0.032160753955959034,0.026147904761929842,0.99914061722139269,-3.24553114110312,-22.028428233887162,-0.6649454258867894,,0.1468281020521978,0.5384615384615384,0,4
-0.63049295684614182,0.75512501733788573,0.17962416195453476,-0.7719894464985313,-0.6341119177172585,-0.043981476826431928,0.080690308354240209,-0.16639796873580084,0.98275164214479882,-14.749552090336238,2.6831057015554736,0.72627474975601458,0.7368793128130542,0.6266822651758991,0.3693693693693694,1,5
-0.09935656028511336,0.98042200341043684,0.17000285043779795,-0.99350698345244648,-0.10726045110323276,0.037935069004176196,0.055426958779381204,-0.1651299211463407,0.98471313659495385,4.5286330662426604,13.543025376138312,-1.743319927534196,,0.06868416080231665,0.2941176470588235,0,4
0.20129818885566597,-0.97799883388121511,0.054747786169053618,0.97737866774380378,0.20424439989397411,0.054910517674654109,-0.064884350985247544,0.042455930550797397,0.99698922509638466,-6.0902172973600956,-5.4960926096833971,-0.49981219591246168,,0.09067203768944933,0.43,0,3
-0.92951971655635091,0.33493528959458946,0.15430958595365896,-0.35112379590871401,-0.93172637930922209,-0.09272558463543798,0.11271724127060982,-0.14037202671300497,0.9836617902698197,6.6777766152958087,-13.940089705371399,-1.9250875988546468,0.7487900678155122,0.6447310768067969,0.9539170506912442,1,5
-0.91371215523013327,-0.39694655245349114,0.086968568345074909,0.39923983250028505,-0.91679157094960095,0.010038504913919201,0.075747300478951354,0.043893620619062712,0.99616047730227708,-11.329484626359985,10.32502481485575,0.23237043647713207,,0.08196600966275931,0.3076923076923077,0,5
0.75345208488958948,0.63319595129765416,0.17712380708360592,-0.65573106440380224,0.74340594347589295,0.13177395182878646,-0.048236158132550416,-0.21543094128972604,0.97532701315181225,-26.569932161340528,-3.4384051283509232,2.193879926199751,,0.2379621132636803,0.2173913043478261,0,2
0.44987803866052489,0.83843994326519322,0.30761698891384193,-0.89299783130322508,0.42725387912956103,0.1414531585242248,-0.012830573591860637,-0.33833797349130368,0.94093718816672434,-12.280387993908523,2.5039417743091059,0.3642513735891717,0.6052392015753227,0.2058449923896903,0.2926829268292683,1,5
-0.1980746782836639,0.95952699896238336,0.20018581389565152,-0.97814144547472903,-0.20668243459393912,0.022840400060615242,0.063290871912384875,-0.19128593647355124,0.9794916824761738,-28.389293597551816,-2.4216434809837359,2.4279055397676439,,0.07974070165256261,0.4,0,1
-0.63112689456031246,-0.77317920082106373,0.062231554539142739,0.7745046354792452,-0.63255371857568554,-0.0042851764532121379,0.042678010541952117,0.045494137356086754,0.99805253913930181,-23.41784211512865,8.2490710766042401,1.7877670115124067,0.2069906989022889,0.2083708240105336,0.7413793103448276,1,5
-0.91130721951325266,-0.40580580484753814,0.069575860864704603,0.40432968693398358,-0.91395243928697822,-0.034762666543984411,0.077695919628316429,-0.003547882949476383,0.99697079024396984,0.84955931959543618,18.53006613390999,-1.3336262257763054,,0.1635902441770726,0.2608695652173913,1,3
-0.99069488204138501,0.068063325686567852,0.1178602324513658,-0.075757734813648642,-0.99519187741474602,-0.062079728926740387,0.1130681931973386,-0.070430893961363802,0.99108782298184439,-19.593437369006619,-6.082620091641239,1.3511701575023385,0.6239609257898949,0.4755352767549791,0.9673913043478261,1,4
-0.9873571760184553,-0.13689343487230887,0.079912417393813218,0.11959590712624246,-0.97423116612434724,-0.19123402926949606,0.10403185071656318,-0.17925909304929605,0.97828602749688254,-5.8467472990674043,-8.5232832790457635,-0.5676041754408987,,0.09710115046573656,0.3855421686746988,0,4
0.54833631647230097,-0.83438802961174097,0.055891860572228391,0.83146341606144647,0.55112013113424752,0.070250898997807981,-0.08941963872113802,0.0079509181360894448,0.99596230406164188,-13.237894703533092,4.4417570600516143,0.45291534821539409,,0.0711838030577405,0.3235294117647059,0,5
-0.80580679572508762,0.57556733588190701,0.13927544589435908,-0.5809041594425487,-0.81396699030503084,0.0028453885705437758,0.11500332823711928,-0.078612852381626117,0.99024959173675575,-14.454016290841786,10.086957465897825,0.61919285004079627,,0.09308292686419931,0.1081081081081081,0,4
-0.82984780498503263,0.53268954286625125,0.1661158375425629,-0.54726806362168345,-0.83507804728055701,-0.056056413458806027,0.10885902397732478,-0.13742818441293625,0.98451165916289052,-4.6615991773011247,-27.202888793197125,-0.26019531924646599,,0.1162543986347531,0.3,0,1
-0.57564103793551968,0.8080839207545516,0.12505107941344498,-0.81225892417572654,-0.58269957956553964,0.026393940043764299,0.094195729953156976,-0.086380420189377846,0.99179916690149394,-12.175355023444773,-1.2115771061464162,0.32129393418945629,,0.07901223932646177,0.2063492063492063,0,5
-0.99373257334001164,0.067491155112971268,0.089109576727512824,-0.071232994165888561,-0.99667736892525083,-0.039497883669933231,0.086147740685418653,-0.045597875539962855,0.9952383636702522,6.9667560100911059,-24.056901676747525,-1.7403139972792854,,0.1414612116487549,0.4761904761904762,0,2
0.3521041060853134,-0.92658520192275329,-0.13214598766377389,0.9327857940473756,0.33577501844920171,0.13101831707378436,-0.077028312335600105,-0.16939598744719481,0.98253327604489826,8.3762749110296522,-14.734453055858243,-2.1332006927954859,,0.441956465997195,0.32,0,1
-0.99430385194207171,-0.039026419010042272,0.099180585965255585,0.040771894052671197,-0.99904618140667389,0.015632660429416856,0.098475898922104815,0.019587394824128822,0.99494664746180594,3.9659253741140055,-1.6594191528112727,-1.6687961260858544,0.1711652147375552,0.1302554885335684,0.4236111111111111,1,5
-0.4877588340750067,-0.87195525784216876,0.042253379784186827,0.87236855935026481,-0.48865569858385044,-0.013736990160611725,0.032625395613442083,0.030160181745570853,0.99901248590702818,-20.106466541905814,21.744385713279843,1.2717895734022742,0.3030297823977112,0.295021365484404,0.8461538461538461,1,5
-0.38235759033600097,0.89839462255341429,0.21607816937292473,-0.92145097050911107,-0.38813158688048782,-0.016792266477495939,0.068780680865077784,-0.20552608942112896,0.97623165514492172,13.224173919189374,-2.2770704900543453,-2.7024208623724948,,0.2625959496378608,0.3,0,5
0.8710390468446344,-0.48202183944798488,0.094582901029576449,0.47849833475696479,0.87614095681018545,0.058449700038095374,-0.11104198533348195,-0.0056542103704022243,0.9937996314138402,-5.1603298094995731,-7.7690969568348613,-0.65682200718092298,0.1992636603195984,0.1875293200935357,0.7637231503579952,1,5
0.3251592853657288,0.92975027876092131,0.17273059452348655,-0.94557007799421866,0.31715042423714818,0.07288920364638482,0.012987176077029264,-0.18702948310409651,0.98226844890149967,-24.076933480425847,-4.8759424695765912,1.8999610843843293,,0.101744400361028,0.2121212121212121,0,2
0.13711476256921468,0.97398536242372979,0.18042188245859972,-0.98977958561479673,0.12750922360663258,0.063857417700970184,0.039190735968979734,-0.18733369072206602,0.98151422533484456,-32.135793254650707,-4.7363826216467997,2.8708349196853584,,0.2293192787968104,0.8571428571428571,0,3
-0.7628247524236037,0.61816053244282809,0.18967328019483387,-0.64135574653607164,-0.76064940301336526,-0.10037575444583645,0.082226537535198263,-0.19821715825178077,0.97670300229883711,15.244377099804865,6.9076674113551118,-2.9235513510037885,0.5553574346625707,0.4996054708452272,0.3333333333333333,1,3
-0.44204438417275277,-0.89241405193309864,-0.090520286862561083,0.89694493039236667,-0.43871742846797435,-0.054925493187409365,0.0093034544532736366,-0.10547121821045002,0.99437883518528236,-15.37384763942897,-1.3860404221287954,0.74097712536206295,,0.308370609814957,0.2417582417582418,0,2
0.8933174618951546,0.4297597170241671,0.13149333784076986,-0.44333753920723645,0.89065117673714611,0.10095695967296833,-0.073727461660301669,-0.14848254779618023,0.98616286403265241,-5.7021695092962945,10.748814700569037,-0.42834277360228235,,0.1120756722805829,0.2352941176470588,0,5
0.96194575466028542,0.22964080660017883,0.14807249925314761,-0.24908568101339676,0.9597545525917297,0.12972094007345639,-0.11232403396044195,-0.16166724691002859,0.9804320540819671,6.9422274401313224,-5.5263659775049536,-2.104961074193247,,0.1666809045501091,0.1964285714285714,0,5
0.35050680171113541,0.908679928786849,0.22681659766022239,-0.93621570951515765,0.33337966458259022,0.11116719165217287,0.025399354544201114,-0.251314118709491,0.96757226423973663,-29.274407387378012,5.9305191370495267,2.4720265603402667,,0.2297517752974674,0.1052631578947368,0,3
0.53094717240406941,0.7823562411596412,0.32559762289470129,-0.84651735307271858,0.5072581980699985,0.16154718022155623,-0.038774618797365171,-0.36139705644807779,0.93160544037043025,14.627856503268829,0.68975520103824006,-2.8838021385184458,0.6355845971222398,0.5145316402083603,0.2142857142857143,1,4
0.16879557182025176,-0.98456388866958922,0.046281789741651508,0.9837974281681402,0.17117068821690035,0.053321813782968054,-0.060420818131063085,0.036531419670866316,0.99750427573680289,-4.1909152893931463,-10.717019055454628,-0.75143990614963785,,0.08651093960279739,0.3814432989690721,0,5
0.63282277554194244,-0.77362198848249586,0.032316461622256418,0.76934354990983911,0.63294003235277019,0.086587629932932828,-0.087440476711419926,-0.029932162996765238,0.99571995493251819,-27.725429264121928,-0.22788636449712113,2.3028411877656731,0.2023258479674995,0.1736121778379351,0.3548387096774194,1,4
-0.90696118378258717,-0.41457202067510518,0.074508058524227788,0.41404743173704711,-0.90996251933125827,-0.023085443124756123,0.077370119449597485,0.0099122694510957003,0.99695316416102786,-12.326806509630803,14.826763661420545,0.39088866294303959,0.4497948288819161,0.4928869036981465,0.8191489361702128,1,5
-0.33806076861667317,0.89612524085399137,0.2875316842135488,-0.93822018858404799,-0.34488621097715627,-0.028220191550271789,0.073876887154357987,-0.27930817063271934,0.95735529003718678,5.2368637472899815,-18.849284192253773,-1.6842642604262363,0.2954088220411182,0.3317899330786875,0.696969696969697,1,5
-0.4731919019050706,0.86073630957167557,0.18767639530957536,-0.87666023801200976,-0.48109412662035556,-0.0039074825815566304,0.086926699351752054,-0.16637742249575599,0.98222314278552803,-35.460773682827671,-5.276262439381358,3.2150913726478296,,0.183648126655177,0.36,0,1
-0.30433120117318918,0.94256735487603471,0.13765646194232908,-0.9493848568763894,-0.3119318800441232,0.036971553198875622,0.07778761807821577,-0.11943736322497593,0.98978977704337967,-23.502581844479426,2.8806908937761766,1.8277061655730562,0.1772867937281942,0.1822213232427444,0.6944444444444444,1,5
0.99411615456280211,0.024904648060493622,0.10541740720701524,-0.042384912883442934,0.98504776943737382,0.16698626017225879,-0.099682447788613612,-0.17047184644813732,0.98030748195218465,-0.10433150528871152,-28.691859539562756,-0.86665684990104208,,0.2052268088391803,0.5333333333333333,0,1
-0.80133486884330096,0.58412544069335348,0.12907322538267296,-0.58847609807226975,-0.80849658083374598,0.0054000720161365727,0.10750958084527615,-0.071629242038002833,0.99162036168663614,0.75253983549549719,-21.147519518908151,-1.1459009600302166,0.3166872156477483,0.2827082662568007,0.8059701492537313,1,5
0.31646084897757093,0.92993448414219115,0.1872815694818715,-0.94860050337836244,0.30958500789911575,0.065682629929251932,0.0031009764129573281,-0.19844137191448363,0.98010785419666191,16.778711611881047,-5.3502039235506809,-3.1407539459152449,0.2591184298577587,0.181225984941828,0.4,1,5
0.80646746830982552,-0.59081819601701269,-0.023325561368267241,0.58045394746252699,0.78357328924267367,0.22155386537045285,-0.11262076821400201,-0.19221539907255497,0.97486912092150479,12.129326689901204,5.4919040094260856,-2.5986212445352077,,0.313695698409857,0.3214285714285715,0,5
-0.78961303056876031,-0.6086524435468913,0.077804016094398701,0.61125470832765827,-0.79132716029585204,0.013000266357789138,0.053655787230164495,0.057823250881477058,0.99688390906574975,-2.5318631689972548,0.31837724318419325,-0.9381302556670984,,0.07701491236669485,0.3524590163934426,0,5
-0.54394588613799255,0.80119838413801325,0.24940734192920128,-0.8331709384640178,-0.55101201136278788,-0.047031379236865352,0.099744976076697148,-0.23338147439025761,0.96725592640153291,7.7590118211822521,-11.197229580941084,-2.0740053152014211,0.8768864182334077,0.603980577003723,0.1666666666666667,1,5
-0.40377202475668073,0.90541048752912068,0.13114877466516389,-0.91126886818896946,-0.41072187065170412,0.02994319351643834,0.080976551504052058,-0.10742157157968052,0.99091039154197291,5.4216743957358,-1.6344236554486393,-1.8175358207666428,,0.08530491210761337,0.3396226415094339,0,5
-0.81369831467109599,0.55799740064981662,0.1628924601369485,-0.57512212793328954,-0.81351730951111512,-0.086163362790012341,0.08443690344218284,-0.16379404138687748,0.98287431614792475,21.122149031160255,6.8450066905626201,-3.597118739658161,,0.6691233520578579,0.4651162790697674,0,3
0.40464148519506526,0.90465103813693681,0.13368533074684874,-0.91447461380657435,0.40048644592733712,0.057851424630749833,-0.0012038116335174175,-0.14566092758956564,0.98933383901052252,-20.678723383956672,-2.5818489492384487,1.4412209331896892,,0.06641344962009949,0.2325581395348837,0,3
-0.97589683304290775,-0.20659583393463446,0.070310259974470685,0.19717443647628041,-0.97279220580038983,-0.12164524624610341,0.093528673983361829,-0.10484982467732976,0.99008024998383271,-24.152172157050938,-6.8063836128052033,1.9486813839734438,,0.480526560173702,1,0,3
-0.10029694598048267,0.97451347320587833,0.20065894738885906,-0.99294905237227471,-0.11084581512362203,0.042016480844811702,0.063187831265131764,-0.19502998695020357,0.97875972647540688,4.9966601750003541,-24.750148147849455,-1.5506232720541464,,0.1567168657754266,0.5,0,2
0.96126720832370682,-0.26007133895401996,0.091259261755774188,0.2498732612770686,0.96204993447116838,0.10965070397759133,-0.11631297219273291,-0.082600376746615481,0.98977192840624062,10.975962930771397,9.5052933892298643,-2.4041249139327321,,0.1146056511343395,0.3809523809523809,1,5
-0.50518690299985358,0.81308892906342267,0.28926214144251805,-0.85953330978406361,-0.50410242183913156,-0.084161972811797853,0.077386577706137202,-0.2911479722244637,0.95354295963030067,5.3865237830778865,-3.6584278819294376,-1.8291192424446832,0.5169364425090499,0.2965340911018463,0.1219512195121951,1,5
-0.60124534486039627,-0.79773547476438778,-0.046066773124899311,0.79865100105098408,-0.59808038417909259,-0.066756517138411825,0.025702408524597039,-0.076928319639952725,0.99670528233445643,-19.396564521146395,9.3095862828122815,1.2783876618843704,,0.1474251745088645,0.2682926829268293,0,5
-0.37552230374748974,0.91429603462737841,0.15180830165979226,-0.92340546718869154,-0.3831219195179173,0.02323656495573059,0.079406187128040595,-0.13145476731392808,0.98813678283739059,5.4473730380129917,14.622923438596334,-1.8878004702065354,0.2308012958565309,0.2723386218661993,0.62,1,5
0.25738448410491033,-0.96330171739517312,0.07617761223324504,0.96391323742889712,0.26149517049972504,0.049915393564129891,-0.068003662043976662,0.060581161005953288,0.99584407659019514,-1.803152782480969,3.4724186603393505,-0.97990717951275619,,0.06884635010431683,0.2012578616352201,0,5
-0.76534100862890708,0.62805647019772748,0.14070611484102991,-0.63484474490571663,-0.77262719570150684,-0.0044007190344560751,0.10594947086456674,-0.092694588327451199,0.99004162686137676,-13.441948104514546,7.5154223469735859,0.49020724935503035,,0.1152264118233799,0.1666666666666667,0,5
-0.17672535607471743,-0.98234478052262786,-0.061374919146297752,0.98411661153661834,-0.17742080738199137,0.00602926244309072,-0.016812002199311869,-0.059334553911465346,0.99809657212825753,12.108081753648056,10.891527234098648,-2.570349484527402,,0.6540082708857072,0.2121212121212121,0,5
-0.91054904252430968,-0.40567550097609612,0.079547652799162982,0.39732867958578938,-0.91192647219195289,-0.10256719599439462,0.11415060900703054,-0.061785898256258985,0.99154028725009002,-20.763291168628374,5.8139937373507022,1.4268238730490932,,0.2037901718135648,0.2352941176470588,0,3
0.66639797358312181,-0.74491094728282425,-0.031959684330667308,0.73922588372457154,0.65450571940964564,0.15864222669797001,-0.097256535183692774,-0.12934428428913719,0.98681873841440371,-9.1703354076537558,15.278415465641258,-0.054483394270666945,,0.201935813787453,0.2,0,2
-0.99036803169349197,0.057518199830428378,0.12594768155002439,-0.09029043771220395,-0.95790272340591009,-0.27252524534303291,0.10497046564295155,-0.28127216211315426,0.95386957817245333,-9.6460750318666921,-12.857848518612949,-0.015971048387968922,,0.5757549582637413,0.2258064516129032,0,2
-0.91110398197177656,0.3938643673953322,0.12149236244080405,-0.39762875301440032,-0.9175162040541428,-0.0074424508255106145,0.10853989502199601,-0.055089703160862348,0.99256446430156997,-1.7719504137156608,-15.168609894618042,-0.98226632835482219,0.6514090792218937,0.5760857370683082,0.9593220338983051,1,5
0.69491843537874631,-0.71398173912657947,0.085547906839035751,0.71090625543862718,0.70002787641250475,0.067625943421359441,-0.10816960825012287,0.013822027318168714,0.99403636121211936,9.7882186250882111,7.937386440354345,-2.2997815057112909,0.3218896647442971,0.2778897842859862,0.8939393939393939,1,5
-0.99271896263597459,0.052622279602300405,0.10835108173161558,-0.058444191526440904,-0.99697301165674601,-0.051274657530777298,0.10532491490513828,-0.057233816206287723,0.99278948049558302,2.2251293330877666,4.9152775716813322,-1.4824690532690479,0.4174055830901272,0.2899118868866868,0.6996466431095406,1,5
0.6769318178248942,0.70509691771802052,0.21119102878870633,-0.73412892987124589,0.66747358146098179,0.12463439484247646,-0.053085104712946203,-0.23941043142728358,0.96946615050831864,-24.366686820827184,-3.6644140340679408,1.9219470724291281,,0.241357648644233,0.1612903225806452,0,3
-0.6700847878227606,-0.74213424166745512,0.014938021060284233,0.74227827050847084,-0.67002628691596688,0.0093671752709372086,0.0030571652686316414,0.01736497009137148,0.99984454369379172,-21.948000358980011,6.5022698417537939,1.5794546131698817,,0.0773031785083071,0.3809523809523809,0,2
0.99419921951521784,-0.043175138338615374,0.098507965895016328,0.028574629921862164,0.98900706315886333,0.14508107921679381,-0.10368896971308425,-0.14142466705395626,0.98450376388743022,-7.1083896450197628,-23.693478906207908,-0.033149921532010865,0.3440359232086697,0.1888071556336045,0.5882352941176471,1,3
0.0054264211584735605,-0.99988886575505165,0.013885607386295618,0.99797986204461864,0.0062939860013658073,0.063218515433518543,-0.063298885510048905,0.013514506254025317,0.99790310612498589,-0.64180169821037292,2.9788953083700385,-1.1065154056727295,0.6673689502225064,0.6921158223084415,0.1657142857142857,1,5
0.61052713948790127,0.72768367159736991,0.31262291349050719,-0.79151698007983284,0.57432934469506769,0.20891786440473864,-0.027522394409344245,-0.37499637053271118,0.92661763413679488,7.1779084322826563,-35.027228375401201,-1.2042474131467178,,0.2493382904169087,0.2,0,1
0.81187455560811084,-0.58236666049117647,0.041337376603856543,0.57346705697408284,0.80874206725238018,0.13065911074943412,-0.10952278539928777,-0.082373183771804692,0.99056520132380976,-27.571424947003798,12.855553866838621,2.3324122727368031,0.3464107002604779,0.2976920374040546,0.6521739130434783,1,5
-0.65947143027525135,0.72206433220479782,0.20909455470756436,-0.74363227839031065,-0.6673395364468937,-0.040853122657657823,0.11003848048183321,-0.18243092734644936,0.97704170308168747,-6.2181405512393608,5.3594226673480714,-0.44531223272478837,0.4331901431974524,0.1812280250034767,0.2127659574468085,1,5
-0.93851391850605714,0.31510406848348194,0.14107108419361974,-0.32886916797129412,-0.94030642472313342,-0.087572244360113127,0.1050556763258174,-0.12858170029034383,0.98611868008986092,-7.5381337437173093,-7.3532376609598344,-0.34857578108560622,,0.1076546159866807,0.297029702970297,0,3
-0.32934451029659206,-0.94396552032527492,0.021477662222203927,0.94417848309673325,-0.32906303119619901,0.015636929274049936,-0.0076932174446215354,0.025428683351728976,0.9996470359423606,-4.5178823362599454,11.292442877732553,-0.58992886077422124,,0.3827214523997017,0.9004149377593361,1,5
-0.70632657760780526,-0.70743919326764049,0.025150618156901602,0.70670035742899884,-0.7067538120165644,-0.032766660033934303,0.040955714797444795,-0.0053700120003645716,0.99914653199445447,-0.88801575052439774,0.81457165394269693,-1.1103154459984337,,0.07724697197726334,0.2482758620689655,1,5
0.47288416191452243,0.87213215256935583,0.1255630433891298,-0.88104722170364513,0.46990554073916846,0.054263946694990142,-0.011677437162614202,-0.13628753148168188,0.99060049779108317,-19.307413933867714,12.03266565343392,1.3221557167814622,,0.1014206913563667,0.3157894736842105,0,2
-0.16694071675660482,-0.98175628321561592,0.091024158636324001,0.98556260418579655,-0.16351597664120712,0.043919000598644876,-0.028233850592907304,0.097041876268608093,0.99487975350338986,-9.3799659679593859,0.36945131981053497,-0.052696920973454152,0.2712320820545767,0.2412245488065475,0.8609271523178808,1,5
-0.90239291235502384,0.38216993160291912,0.19908082557101875,-0.41650195351638336,-0.89203326353797474,-0.17550720628745378,0.11051314151925451,-0.24129401177901313,0.96413901768942778,-27.172554272811237,9.8175455337503497,2.2358605139463497,,0.3274464606634112,0.2941176470588235,0,1
0.81788673315503246,0.56170089940368217,0.12471323641892475,-0.57241253519498803,0.81630878754638592,0.077355367791740848,-0.058353931149794827,-0.13465534888612157,0.98917276334102588,-17.072408797940351,9.7864012674402776,0.94772440907078415,,0.09506268237744112,0.3703703703703703,0,4
-0.80247361845048015,-0.59665009774774347,0.0066897345689720545,0.59340714973129471,-0.79918565768916616,-0.095761365861801603,0.062482368223171172,-0.072876233447847563,0.99538184043093769,9.8607495748646272,-5.7687671301278254,-2.4142856322609556,,0.1248310307963687,0.28,0,6
0.72979753934720604,0.66403364133527165,0.16264954576568696,-0.68223572900036744,0.72272976170668846,0.11052647474126741,-0.044158369966541315,-0.19162728072592999,0.98047387708367062,8.1818442157096118,6.8982957900575599,-2.1313440434171209,,0.06240404738297175,0.1851851851851852,0,3
0.024968614308237561,0.98792208014918403,0.15292655705677427,-0.99966624051741404,0.02365944074963864,0.010374894370418258,0.0066314304120206596,-0.15313456310424081,0.98818309523770276,-7.2135167169466756,6.7253805233945094,-0.28970400024190368,0.4317457716747752,0.3059834107369075,0.9028571428571428,1,8
-0.54412101256893641,0.80615063039665602,0.23249405324014094,-0.83620111654038543,-0.54370737974709871,-0.071763346529808869,0.068556665449600415,-0.23345973168754064,0.9699466672466136,13.871118668031603,-12.11511967821618,-2.7269010956185666,,0.5295238289008888,0.4666666666666667,0,4
-0.99225476859674544,-0.081288010657277712,0.093929407111938257,0.071442462623340391,-0.9920279087230498,-0.10381041782443683,0.10161913565530142,-0.096295833959490859,0.99015183867461176,-1.8000235597695831,14.166456107187674,-0.97157927047588144,,0.1090066777766966,0.35,0,4
-0.26673660611874916,-0.96271861205958675,0.044993965710009777,0.96365002365493202,-0.2656777680785728,0.02817721523920828,-0.015172833159955585,0.050874330883564071,0.99858979946274695,-8.8595737604234479,9.4665515238327647,-0.056593128771803641,,0.06943630732937955,0.28,0,1
-0.82039903200926079,0.55981337074848636,0.1164234435562157,-0.56248395045331157,-0.82672672125756208,0.011607490734851565,0.10274840028295404,-0.055963544293949612,0.99313183815108597,12.255539132850116,0.0581724353714392,-2.6530844904279145,0.06745570725178743,0.09507774731939327,0.3548387096774194,1,5
0.23340860409272693,-0.97237469735896209,-0.0028056142914565387,0.97053746634240301,0.23278817839564672,0.062182718056596691,-0.059811787811051904,-0.017236935206246015,0.99806083887884411,-17.003434013664315,-0.95213148555225846,0.95403533693843323,0.185048527807484,0.1439739178488498,0.6132075471698113,1,5
-0.98190168308960002,0.15665364402853835,0.10643646254171038,-0.15583639151505499,-0.98765321631293423,0.016004480194156942,0.10762947470548857,-0.00087184820851061355,0.9941906940096169,-1.092967860211286,-4.1799686771169071,-1.0933264629379629,0.2519159650286888,0.2109941682479561,0.8494055482166446,1,5
0.88829220014805166,-0.45463491136725903,0.065146485110251853,0.44728424309972609,0.88855189040473692,0.10204089343432796,-0.10427738504028981,-0.061503133450705398,0.99264474589094864,-22.475700093588703,2.0812310631730604,1.7354536492106205,,0.07484364828097465,0.24,0,3
-0.92656802186730225,0.35148806900116508,0.13389487743280995,-0.35950218752351953,-0.93226476783543089,-0.040504071629340582,0.11058877890057028,-0.085665278862458324,0.99016745148419127,2.7609377761072764,2.6811056664970012,-1.4979227618827253,0.4491544483275383,0.4386926890347068,0.9060509554140127,1,5
0.80606169168985153,0.5497686264486612,0.2191323950557037,-0.58926847225290924,0.77995191399416119,0.2108024655111253,-0.055020149025778141,-0.29904760361788441,0.95265067783085311,-25.000223727349866,7.378631427563203,1.9632469719467995,,0.3395064617946824,0.1428571428571428,0,2
0.29315258974293251,-0.95573539615564296,0.025127906045415215,0.95258000905685569,0.29422516364489293,0.077607212444311083,-0.081565222198264606,0.0011855856575417358,0.99666730101593859,-17.745055153831736,0.93698932264253665,1.0788855204541934,0.4538289073924002,0.1442283416506905,0.1568627450980392,1,3
-0.99444488729546754,-0.032783932496094612,0.10002289688864605,0.032372646485669593,-0.99945942805385912,-0.0057326637584161864,0.10015676657829503,-0.0024628122836922875,0.99496862094451821,1.1562380676670825,-27.238220061458485,-1.0311205660764444,,0.1438274507001918,0.5882352941176471,0,1
0.99498073782110696,-0.00055133669571063519,0.10006511576375497,-0.014230228858856503,0.98904225293850334,0.14694530441274523,-0.099049643874121518,-0.14763169690204658,0.98407014491764344,-16.287461389538326,8.1528461041580371,0.88166521601474057,,0.1779336311708616,0.12,0,4
-0.25755495099090797,-0.96391943033140037,-0.067266477904380673,0.96573844204005421,-0.25908542666683437,0.014966738285773997,-0.031854493970574056,-0.061107066027211915,0.99762278326801745,14.555953684037826,-5.1306543964842035,-2.9014231630581238,,0.2990959541755657,0.1176470588235294,0,2
-0.98459322333582888,0.12302788492862535,0.12425910063714871,-0.14356386011616584,-0.97444331942766949,-0.17277046996328055,0.099827864996252971,-0.18794775006042441,0.97709264689563369,3.8452129184057502,-6.1683909578989065,-1.7593029837609295,,0.1284315327756996,0.36,0,5
-0.99464737048999718,0.0065849658516232163,0.10311763477731764,-0.0088535685792419157,-0.99972839839979732,-0.021557916327655999,0.1029476697198532,-0.022355483839776629,0.99443552311929329,-3.0900237790696257,13.137357037138251,-0.80086792568153353,0.08552574898930622,0.1165655245893579,0.2461538461538462,1,5
-0.93807959076819136,0.3134551414939305,0.14748747626562184,-0.32823224864192924,-0.94038690070584707,-0.089084611085834625,0.11077126132551325,-0.13197860149233148,0.98504384491883556,-19.817598894879961,-5.8806195777932322,1.3851520914134459,0.6885314129496394,0.6543306038532677,0.9222797927461139,1,2
0.78760040447034962,0.59776203908022174,0.1495531594878482,-0.61456750762528978,0.77962501029850195,0.12038115254599085,-0.044636100293168474,-0.18672275691976351,0.98139809995684302,-5.3970356602428105,3.2497201351697993,-0.48926090041286502,0.4161896921867931,0.348711883068095,0.4158653846153846,1,5
-0.16513291631894317,-0.98327902687224333,0.076768973297656931,0.98573896763672886,-0.16198594896996169,0.045598684397455479,-0.032400735029913939,0.08320401221982282,0.9960056650039929,5.2297076401486375,-13.574923664716605,-1.7624169747013783,,0.07577175562176244,0.1666666666666667,0,3
0.64935279701690918,0.74031974023224123,0.17397593864895328,-0.75973391339691088,0.64168671481965311,0.10508349470100849,-0.033842663029565699,-0.2004116819110815,0.97912707648835806,-3.6587589608726292,-5.2066393788207543,-0.85103963090961099,0.2167729197433092,0.07614830538758129,0.2108843537414966,1,5
0.76159927559524532,0.61344118577080986,0.20894127168393445,-0.64616628035061818,0.74338858871984059,0.17274994731973067,-0.049352624556788273,-0.26657703907355956,0.96254921987819919,11.470565872118879,-1.793018036361385,-2.5073560079737449,,0.08935094380692293,0.3,0,1
-0.57999447342130583,0.76430597997391536,0.28185595572358385,-0.80907830069361109,-0.58076027017511467,-0.090054494240247834,0.094861552525145762,-0.28027464666330543,0.95522113057149127,-33.508191985690019,-5.9150652107840784,2.9800833371944648,,0.3378392668776709,0.3529411764705883,0,1
-0.98078786848591715,-0.17104736675784993,0.093797416574541326,0.16689105369183102,-0.98467840867194212,-0.050554996715689346,0.10100758995482899,-0.033929777784396667,0.99430691285488892,-2.8182090188374662,-23.253929157745141,-0.65112047855900301,0.27433278376766,0.3855429195484446,0.8518518518518519,1,5
-0.48373919968200474,0.84126245311548009,0.2413998170445423,-0.87072560343109118,-0.49048342289197044,-0.035537802376326151,0.088505989744061223,-0.22738402944424529,0.96977481557994827,-16.336469759658957,3.3651476026686526,0.90657434978677831,,0.09250160616163794,0.1724137931034483,0,3
-0.99394440799959771,-0.072616352956513974,0.082470474047530301,0.046680587674322607,-0.9584703978708905,-0.28134572884548492,0.099475808821588727,-0.27579224370622207,0.95605606622769701,-5.3131582235668464,-27.92618309792983,-0.12594447807458237,,0.7919570302378203,0.35,0,1
0.24229324566155763,0.9584104650603813,0.15080903013259034,-0.9701771968993852,0.23820680966768321,0.04487451887649075,0.0070844705688164885,-0.15718427494723719,0.98754387952438416,-23.084711528208206,21.327702162006055,1.631472907267107,,0.1466272779614096,0.2857142857142857,0,2
-0.039996026245424553,-0.99590724449750267,0.08104985035130198,0.9982673843479124,-0.036323536559346815,0.046290712232595302,-0.04315723846302566,0.082760866653358175,0.99563451713921225,-4.4872002978472141,-8.1725330798738174,-0.76121454138644806,,0.0727830712307604,0.2063492063492063,0,3
0.99212525442455513,-0.076553540968599301,0.099131402180029957,0.068405863277791371,0.99418762139042605,0.083136101323465272,-0.10491957587709731,-0.075700256533345778,0.99159535787464914,4.0978503885855151,-9.298644936095279,-1.7076812332212097,0.306172540564437,0.2925127976192111,0.7122302158273381,1,5
-0.5691494352274441,-0.81459756288635377,-0.11180219550570074,0.82223379405890784,-0.56398111958852726,-0.076530285868833287,-0.00071294303801293618,-0.13548471237480936,0.99077918045593805,20.671753552285388,2.1857569217456545,-3.513229972852832,,0.4398101530347655,0.1923076923076923,0,3
-0.41080616922273744,0.895697622823871,0.17018830687273204,-0.90659116477823765,-0.42109110287915513,0.027834205971368452,0.096595813959919494,-0.14285675183093166,0.98501837403255432,-6.6510099897054893,11.997134914385677,-0.32835775262422734,0.2466580666147354,0.2867732486948737,0.4680851063829787,1,5
-0.94504785537310076,0.28608843054377031,0.1582338805809432,-0.30808021212224634,-0.94127349213612233,-0.13816944633521677,0.10941267729753076,-0.17932546643148864,0.97768667943043719,-12.308817491719825,5.2333698245608229,0.31554502962703734,,0.1233814398615911,0.4285714285714285,0,2
-0.18013252883797054,0.91118299595403973,0.37053720452696626,-0.98211784223178344,-0.18756921321750591,-0.016196734947290129,0.054743182446991771,-0.36682875860159458,0.92867639457369067,-2.3622160244260759,-18.088812016567768,-0.88309774124393425,,0.4778833891191155,0.2419354838709677,0,2
0.7237016151826644,-0.6858195670317524,0.076860221560848957,0.6822380685168099,0.72776947727891839,0.070020038614839367,-0.10395763583525658,0.0017633540627359082,0.9945801629501736,21.531214151491973,3.2908503231760555,-3.5783952941975343,,0.3927750843582734,0.6666666666666666,0,1
-0.86582992369580036,0.48539097500389627,0.12138428488767708,-0.4881125051350424,-0.87274194127565252,0.0082271665353271153,0.10993054881932995,-0.052125860407034791,0.99257149319991467,-38.26858158942467,3.9316188527940246,3.4944902708635146,,0.1643861416394677,0.1333333333333333,0,1
0.83267293580279733,-0.55310570724826114,-0.02701589515363409,0.54294026595230727,0.80582503629996804,0.23635117617603216,-0.1089570997649493,-0.21147124504659448,0.97129205851239953,8.2464262578912884,-3.6918363731859176,-2.1633672861521394,,0.5813490201937694,0.509090909090909,0,1
0.74966469775607192,-0.65672163439244324,0.081972775109889984,0.65277970246529193,0.7541329931559585,0.071847676948955011,-0.10900229808413958,-0.00035150327792594232,0.99404143548336199,11.010222687203225,6.496380182348747,-2.4673074686395178,0.2212298314914258,0.1256601855203512,0.5428571428571428,1,5
-0.44739971985136162,-0.89409437807515979,-0.020705887358828719,0.8943116742220395,-0.4471046022363917,-0.01743857818778085,0.0063340371877983566,-0.026319531785946197,0.99963351395372513,-36.083050137979626,-6.7869982304610899,3.2781233780430394,,0.2524264594962276,0.21875,0,1
-0.99368942052302378,0.050515428479492662,0.10014752631069772,-0.055709465765387392,-0.99720616235206661,-0.049762688745687969,0.097353946837063401,-0.055027822531864251,0.99372740114311486,5.0419880151301788,-10.158682271817947,-1.7974101778493623,,0.2046499573792823,0.1904761904761905,0,5
