axis_00,axis_01,axis_02,axis_10,axis_11,axis_12,axis_20,axis_21,axis_22,location_x,location_y,location_z,dbh,dbh_approximation,score,reconstructed,number_clusters
0.52178197629894929,0.7868026893320651,0.32967422900401783,-0.82609276622789229,0.56245355129369912,-0.034881860945998967,-0.21287158287454108,-0.25414076945058817,0.94345013567625891,-4.7540323336854051,8.8038218622179052,0.016139795827194773,,0.06897654297905449,0.3970588235294117,0,5
-0.40505619966984696,-0.87568277792494298,0.26288618745509768,0.89688542120990544,-0.43640386566619443,-0.07175100872275493,0.17755567107291131,0.20671559805021436,0.96215520847345137,-9.8438029381327077,5.0359086062291052,0.934857937884642,0.3551624224511566,0.3199315265732207,0.9210526315789473,1,4
-0.73858485210587044,-0.61840862973938693,0.26844586587169483,0.61935421219010556,-0.77969159029203605,-0.092094429094544392,0.26625697377181268,0.098243527480085704,0.95888238758783439,-16.058594563313342,10.745907023207659,2.4719447182600764,0.2024660613680243,0.2239900155860521,0.7014925373134329,1,5
-0.95248182263533532,-0.031254741685885691,0.30298765432178504,-0.078364970569442596,-0.93609256920421291,-0.34291344865476731,0.29434216302955885,-0.35036244519469234,0.88916187955865267,-1.4501756312377898,-5.8985163318206695,-1.5302437825314661,0.2493836597860227,0.4266550745957723,0.15,1,2
-0.55070863531958969,-0.79032351894200048,0.26853069543642127,0.79440228366659815,-0.59500955711097769,-0.12201900938743591,0.25621282303922333,0.14612447554646987,0.95551170948164732,-4.5551691421931428,-11.92770881910646,-1.2662958961877151,,0.1520735499400172,0.4285714285714285,0,4
-0.10994173147763292,-0.97481665683013874,0.19402397080312733,0.98875781560525355,-0.12716863137117138,-0.078651899371290898,0.10134494441869603,0.18319559154547341,0.97783872774557068,0.936790677978382,-11.769080643030165,-2.6965341651217996,,0.1440399888231574,0.5526315789473685,0,5
0.15310729082709107,-0.95221497672725675,0.26428165958291611,0.98810523506847037,0.1436288150877259,-0.054943679407012933,0.014359732792546653,0.26955036926854259,0.96287922217759003,-14.982828526604441,9.483454369845397,2.1495999718192516,,0.07050360556875587,0.2765957446808511,0,4
0.72037068221497169,-0.65221013968618435,0.23598307968086399,0.66895704513258269,0.74320442357136074,0.011985681100620999,-0.18320085145168113,0.14922841041333212,0.97168324548326424,-1.0335603928866774,8.9754928079591991,-0.9388595169632038,,0.07245397526160778,0.1454545454545454,0,2
-0.24225065558884779,-0.95856787702602164,0.14987409716358877,0.96598720691892737,-0.25270333075437762,-0.054861121886216474,0.090461792684780398,0.13148631776527542,0.98718185371530509,-3.2189784076033887,11.253949519952926,-0.29913377167239141,,0.2049509589435317,0.2195121951219512,0,5
0.36332748324281189,0.87323389597465773,0.32473943838309266,-0.91598910846713399,0.39847775402379682,-0.046684394798873124,-0.17016783800128285,-0.28049606497965834,0.94465065735482223,-0.069399270349372072,9.1344114524183198,-1.1867368379930416,,0.0734092333419584,0.1964285714285714,0,4
0.55167553696210458,-0.80087583089363157,0.23292059893450756,0.82501163622763385,0.56500185727915808,-0.011344662185574594,-0.12251490524249105,0.19842077704095912,0.9724295826597863,-9.7994330829490721,-17.23803664479221,-0.24823473552712716,,0.1718000120855872,0.1818181818181818,0,2
-0.38410134685449837,0.73917173676711101,0.55325518425881337,-0.91686878317711706,-0.3759195430615157,-0.13429866559178602,0.10870965817200184,-0.55884670591237662,0.82211469364743284,-16.748316128801939,-12.819734533409544,1.6421790131505023,,0.5174725438224026,0.3666666666666666,0,2
-0.80535975627255374,-0.57365444740328086,0.14938620401848338,0.51930305169517654,-0.80428334817654412,-0.28888169956923004,0.28586710807067711,-0.15507698352871918,0.94563794641656773,3.3844475464478188,-4.7990706850852662,-2.857030318819747,,0.4205317407795852,0.2391304347826087,0,2
-0.4956073942438165,-0.83464442933511496,0.2402956249096396,0.83968165371980263,-0.53116665189584766,-0.1131225367472472,0.22205411767682054,0.14570746203820614,0.96408573494744376,-10.754774643109316,21.834835822961406,1.9401974920641636,0.6679838616197185,0.3936731989185492,0.7647058823529411,1,5
-0.94959933094858406,0.12372785078655305,0.28801480795567236,-0.17618456445413494,-0.97061185208508804,-0.16392568999416529,0.25926841286610508,-0.20640748903975573,0.94349130285244009,-22.227834670775501,14.777455750143186,3.7508537204761629,,0.3400081004006454,0.6428571428571429,0,3
-0.9541803860298137,-0.045114557509651335,0.29581154070912086,0.023982557545525012,-0.99691895281435738,-0.074682249919914109,0.2982693880531006,-0.064166020760471759,0.95232247370845735,0.12635473799206631,-14.851548415237639,-2.7757685623879436,,0.07759423501981584,0.1875,0,3
-0.81994205161078515,0.47759789483561654,0.31558720324006151,-0.52690332953936403,-0.84515185742160448,-0.089951204645318056,0.22375860502029585,-0.24003872342894811,0.94462346886681359,-2.377789956607828,8.4817599233058729,-0.63144724078775771,0.2577616808264354,0.2183779505535444,0.8169491525423729,1,5
-0.29645419319367045,-0.94232290727625967,0.15537840828219218,0.94447827463799638,-0.31340420102093719,-0.098684322560685378,0.14168874364155867,0.11749614974477129,0.98291350317331116,-18.151008306316445,18.824694254049753,3.3002936409456405,,0.3816811203086953,0.5416666666666666,0,2
-0.18239989077250934,-0.95123797491324358,0.24875006518417087,0.97647486861729771,-0.20484772504420196,-0.067336769324399873,0.11500917704691663,0.23061596784951319,0.9662241792502525,-1.7076752305923526,11.937906198886411,-0.62528769514486149,0.6137347638144511,0.1989067065765996,0.2631578947368421,1,5
-0.12787482539292203,-0.94740005703398833,0.29339591163260165,0.98654339112516531,-0.15189422280870885,-0.060500268632441213,0.10188310192563306,0.28171133631668793,0.95407471223834295,-11.054131437650122,-16.514305471115414,0.12788589675671885,,0.0855374726200249,0.2916666666666667,0,1
0.82801743901233016,-0.47782983192766637,0.29336968557000087,0.50051996089293926,0.86572099727173235,-0.0026312792646582092,-0.25271899303216927,0.14901612866671926,0.95599545185005508,-0.6780519771637078,7.9533929604970499,-1.073876727351218,,0.08813233717518412,0.4594594594594595,0,5
0.085129463402088823,0.88341498585164679,0.46079381206088893,-0.98141328876989165,0.15417658305277912,-0.11426958415971164,-0.1719910785091377,-0.44250146215679659,0.88012017639772322,-21.692691943619348,19.360864038691616,3.8921473472998778,,0.4071814564978743,0.4285714285714285,0,2
-0.42873001368132679,-0.8740186471284368,0.22865253079856038,0.88737087281322224,-0.4549095568682292,-0.075034852919505263,0.16959808209855945,0.1707299023069149,0.9706120702972747,-4.1956124314420578,-8.9631613019697465,-1.1057116742991115,0.762894852577286,0.3005332078394671,0.5327102803738317,1,5
-0.70728595656068882,-0.6719011715935761,0.21976212426897013,0.65813158133384553,-0.73933347250175352,-0.14229841211169444,0.25808796427389274,0.043986725834935597,0.96511956287668255,-8.6907589127600193,-13.786270641726341,-0.3023755903098399,,0.230913059728749,0.2666666666666667,0,5
0.1516778805320288,-0.94930908608184494,0.2753290388603517,0.98835194046991204,0.14216296993066357,-0.054315115298172456,0.012420238591595382,0.28036039139462388,0.95981445530393128,-9.5125877999503281,9.7010020208483443,1.107495693644212,0.225616233069626,0.2223532769963596,0.6493506493506493,1,5
0.92012854608939199,-0.26222240712935024,0.29086572137450556,0.27497932923196711,0.96144511630806961,-0.0031075428397495906,-0.2788365599532453,0.082841399835183058,0.95675883863531042,3.8535819076374946,14.362184237534841,-2.0393952355973282,,0.08531804728701056,0.1666666666666667,0,5
0.89964331918705964,-0.33335881968882547,0.28198190647232008,0.32708533271125656,0.94236023685995929,0.070515027550221196,-0.28923534252794519,0.028793772259205264,0.95682487180874842,-2.7626479614338191,-15.225468814291226,-2.0315454505844235,,0.1669110437094176,0.35,0,3
-0.41432394748932166,-0.8657003588227814,0.2808888664062264,0.89006459779732228,-0.44985734594668891,-0.073575675638714519,0.19005440874854271,0.21952507153377751,0.95691591306829726,-7.8107789033172814,14.462816373356036,0.95340985836250591,,0.1380350006608868,0.2258064516129032,1,5
-0.90848594014292305,0.26861523600433801,0.32015488681100079,-0.32415208787476235,-0.93644729596887699,-0.13413383539962045,0.26377778619334735,-0.22563757856109423,0.93782139165836065,-6.6520113872049071,13.274758359460693,0.64049076861498822,,0.07532855238140053,0.3170731707317073,0,5
-0.87663242705405886,0.35961850918470634,0.31967188754890447,-0.40922678096070259,-0.90668773542505365,-0.10222911607917315,0.25307909748110607,-0.22043565564934656,0.94199739497335733,-4.7493187203917877,17.211901118253593,0.25717207536800019,,0.1201963883777191,0.2941176470588235,0,2
-0.95298831934482942,0.03517178286944378,0.30095881592354484,-0.073480313716030074,-0.99041810456855905,-0.11692998605582899,0.29396242393971256,-0.13354745910202584,0.94644131856068137,-18.881841589797531,10.808393257219276,3.0200348876934915,,0.1450244430565698,0.3448275862068966,0,2
-0.88846253057762881,-0.38036031224393402,0.25682749975283548,0.35414638189788739,-0.92411670591581141,-0.14348746996147385,0.29191552193782261,-0.03652871085880529,0.95574629548576429,-7.0053091045762184,-9.2825614223705628,-0.40138047368683966,0.4087541226779797,0.1522757631064004,0.303030303030303,1,5
-0.49838532786413497,-0.85447059135458781,0.14660175128524641,0.84096443910323848,-0.51757704659451897,-0.15777456386335512,0.21069142634083521,0.044654331801490678,0.9765321876506825,0.054908012089199494,-3.0334922106834408,-1.7168588404772389,0.947191250888713,0.7258312183222406,0.3498920086393089,1,3
0.89190504077442012,0.31923481367390188,0.32030381199694025,-0.35756387551414792,0.93146009470187685,0.067306514582733859,-0.27686363641418316,-0.17456009199287814,0.94492079092109882,15.788263944174522,-6.177835805256497,-6.7226764377189907,,0.3266478860376713,0.4285714285714285,1,5
0.9522607080846206,-0.034854209127672994,0.30328984147884502,-0.0050932819964690096,0.99150924330959234,0.12993644180962247,-0.30524351314431403,-0.12527810877294315,0.94399777179058675,0.51274678941090079,7.1488676146650514,-1.3921574128532457,0.3736205003685993,0.1324284352642289,0.2,1,5
-0.24252725758490312,-0.96301748239273943,0.11737912052105802,0.96978329330422652,-0.24395763542472751,0.0022441359106596596,0.026474390575720756,0.1143765741921255,0.99308464187083201,7.946220451872767,11.404936130812059,-3.3789701798161396,,0.5036095908973022,0.5714285714285714,0,2
-0.77024673302174385,-0.58209009771754627,0.26055918408014023,0.57638923742149772,-0.81024413570130016,-0.10620681497115961,0.27293848620888084,0.068378057158939146,0.9595983660079741,-4.5805982564449046,-11.023721988191076,-1.2035352485214561,0.7497371142074849,0.8839350212538051,0.8421052631578947,1,2
-0.52647500806622749,-0.82357567591429826,0.21106200966534297,0.82226913386373957,-0.55634424678315053,-0.11981047769817817,0.2160961299436952,0.1104725536664948,0.97010219951805177,-12.63891083060186,15.571042232266183,1.9695960848114691,,0.1592992710942183,0.2222222222222222,0,1
0.80052566991032448,0.49429424192213967,0.33886849103633709,-0.53414643910990867,0.8448789082211382,0.029448463954211516,-0.27174663457130654,-0.20457964914838275,0.94037276319207252,-6.3113471761924886,-13.194636795006522,-0.92249047072775414,,0.1891882660376685,0.2916666666666667,0,5
-0.39096626572591875,-0.90625770134055328,0.16075558411846491,0.90217668460346923,-0.41192084232833925,-0.12805643058201061,0.18227070204019119,0.094964195444651775,0.97865172189156613,-9.3662439444714778,8.5817948871935208,1.0317926867928504,,0.1024542930048486,0.3125,0,5
-0.31448702822919888,-0.9225864989360556,0.22345483001376246,0.93618500479078226,-0.34037719097536678,-0.087755368317854687,0.1570208453691761,0.18159713611351674,0.97075585719320734,-8.7862687250510749,-16.018907312281804,-0.50881142319870554,,0.2765373836869413,0.75,0,1
0.55380849970062107,0.74344268505313083,0.37495215654845865,-0.80392458616271245,0.59467322961586411,0.0083072102026349407,-0.21679807522775724,-0.30603386090305496,0.92700694202271772,12.998043655881361,5.6381780119670699,-5.1171101201592997,,0.2604139503334629,0.5714285714285714,1,5
-0.79742597997419828,0.4855363900458462,0.35828231941227279,-0.56796349295115722,-0.80447027197530563,-0.17391104675292743,0.20378733311202368,-0.34217246448132838,0.91727243903535183,2.1426261747711406,-7.3326358587892395,-2.7781362663565616,0.5075913299051431,0.2681413445083731,0.1458333333333333,1,5
0.73633727525147896,-0.63709661534054429,0.22784933573931967,0.6511529299713289,0.75875059894125707,0.017245010757791546,-0.18386755794587678,0.13566661832560445,0.97354367637364547,-15.656693737687199,24.012324842196772,3.0531638780909365,0.3986109711082364,0.1916985364036076,0.2142857142857143,1,2
0.30659214285906505,0.86768951984078457,0.39130059429491848,-0.93917839951262005,0.34260149316981348,-0.02383591338146655,-0.15474234012060564,-0.3601931621176116,0.91995418045558974,-17.172444114279013,-17.506388968677062,1.5556790561814067,,0.5082263215880939,0.95,0,1
0.78408995448411778,-0.56457783143549023,0.25778831534554442,0.5846659262403181,0.81127264039283176,-0.0015676873395709969,-0.20825152573425582,0.15194925206016349,0.96620014843080615,-2.5333280963658815,-14.165948166453472,-1.9303981493102182,,0.08133727318692693,0.1923076923076923,0,1
-0.74103122716144165,-0.63408634765899319,0.22092357068472154,0.61052933098206319,-0.77322229399588982,-0.17140950988299686,0.27951146019833095,0.0078605203525732616,0.96011017900946349,-2.4236002128600105,-17.943544233458422,-2.2421626675907889,,0.3584290723219767,0.2307692307692308,0,4
-0.19428803909302378,-0.97227048520924719,0.13016244257220441,0.97335305630843683,-0.20755587466696329,-0.097490443974045521,0.12180306088277248,0.10775278410420104,0.98668807222818944,-1.2731242830485994,-13.067475793181059,-2.2440009948173878,,0.09921260161312767,0.5,0,1
0.13454557937050884,-0.94855271300403798,0.2866099051403046,0.99070226835786945,0.12288285037905787,-0.058385105577459094,0.020161908204013954,0.29180054101286101,0.95626666872906074,2.1927740951358543,5.027532418363247,-1.8602649086577518,,0.8461638778507102,0.7060931899641577,0,1
0.55822785871224656,-0.79638314143816946,0.2327134499564088,0.81885951842038329,0.57399397873064306,3.8383660905844803e-05,-0.13360668714506552,0.19053819673241379,0.97254534533670045,-10.250993878056002,14.375572297603576,1.3986586926953888,0.1102246471952568,0.138747296879305,0.6140350877192983,1,6
-0.82849010577964433,0.41642754144296013,0.37442255187555995,-0.49867702023279453,-0.85283054638714251,-0.15492349286260465,0.25480458025117164,-0.3150685034667543,0.91422451509803893,-17.957279209064627,12.358296310849951,2.8833341093244105,,0.1510474038046302,0.3684210526315789,0,2
-0.69292238844125109,-0.71585052563882956,0.086119617622721314,0.6729935293655076,-0.68500448926769919,-0.27901354647266896,0.25872431858839584,-0.13537678761778249,0.956417718544183,0.59283930112198302,-10.463595193291768,-2.5569853495762191,,0.6853226673998043,0.2413793103448276,0,1
-0.56636654425423105,0.75539667707588132,0.32955242043146532,-0.81444105443868398,-0.57420647420001281,-0.083502657631928212,0.12615350329786845,-0.31569413242806244,0.94043740267822606,2.0582486398272182,3.7580547469854113,-1.9028616058686787,,0.06701362302736091,0.2173913043478261,0,5
0.72745175031449372,-0.64423974875851442,0.23615481592367751,0.66055157988916591,0.75066664697194019,0.013084167143218164,-0.18570288438876403,0.14647433646707889,0.97162735011228585,6.8262285470003077,-5.9898017061283175,-4.0263342214138094,0.5342575574261361,0.3879281483829103,0.9710144927536232,1,5
0.81294149429693641,-0.51793387885747788,0.26621537142305096,0.53650981666374797,0.84388690222024154,0.0034803569583353598,-0.22645825989284862,0.13999783352885672,0.96390728969830441,-5.456288025492964,7.7953714610061713,0.14527020203654162,0.2408724384739499,0.2203085784801615,0.6103603603603603,1,5
0.084799049254543998,0.87553295845837087,0.47565865901784959,-0.99243360109163103,0.11675862013496857,-0.037986471914041892,-0.088795656818470486,-0.46883841915665542,0.87880934681696776,-8.1746169701203044,26.270657890597072,1.548920437391953,,0.09721333472590181,0.2,0,1
-0.90097309577401952,-0.33639518895256909,0.27401780515314411,0.31243906287467904,-0.94124616249515414,-0.12820878900504423,0.3010470273584735,-0.029898803282287965,0.95314046650056516,0.63211183019603168,2.9074009864607069,-1.4346991928745558,,0.07047959238698627,0.2405063291139241,0,5
-0.91386861660069962,0.16730312755002519,0.36993758271403415,-0.30688743304714006,-0.88119925536648636,-0.3595941820709655,0.26582749111041926,-0.44215103285362745,0.85664357180592288,-0.95148227176530031,13.439236929885654,-0.76997595200643976,,0.1095423345767419,0.1428571428571428,0,3
0.68833617589805962,0.6092643274258952,0.39368805960596243,-0.67724438817405397,0.73419838331453591,0.04788290535330595,-0.25987179076765449,-0.29958256502105379,0.91799615418509184,7.6494276064576585,-15.882186935702768,-4.9681376542162132,,0.2957413719679819,0.2857142857142857,0,4
0.28329828479249664,0.81308869399849826,0.50855565823756765,-0.94783627160920902,0.31817242979654203,0.019305624551360732,-0.14611120441493558,-0.48749674933191178,0.86081265983675903,3.4387020249518589,-6.2749505489834574,-3.064874283084964,,0.362635613209691,0.2,0,4
-0.70152760803422687,-0.66073436750220371,0.26700020742920533,0.66525490420473643,-0.74151964572866236,-0.08708919238335748,0.25552872166807922,0.11652772459763149,0.9597532817358716,-10.946259084263465,20.231504020392435,1.8886355705913771,0.5040574073100558,0.4403531113813597,0.6914893617021277,1,5
0.93110543764005471,0.0082627607718569907,0.36465653810339105,-0.048739618280583069,0.99359617717391702,0.10193667796844064,-0.36147906385707307,-0.11268701562205644,0.92554552719096905,1.1955033732372686,13.830084399038357,-1.3250078908555794,,0.2461925427050884,0.625,0,2
-0.58098058272831643,-0.7779860731892092,0.23916361014230714,0.78105122150540196,-0.61556609964466935,-0.10505887089232031,0.22895534909144663,0.12576186580949156,0.9652789240579791,-4.7997964029698474,16.062219172584712,0.27550914706053103,0.2413024936267759,0.1732112041839367,0.8108108108108109,1,5
0.63079827580226977,-0.74870259392734007,0.20380863841200425,0.75840100421364809,0.6504276544427563,0.042092554493915503,-0.16407757937211434,0.12801676524020558,0.9781054420484635,-1.3675717097561411,-7.1992609573276338,-1.682333963399582,,0.1110728682202434,0.3444444444444444,0,5
0.12151349514533875,-0.95890649744391843,0.25638408620154163,0.99243972939113512,0.11288111472352549,-0.048179222335195504,0.017258447891211649,0.2603001788293855,0.96537348362060127,0.20441017484957266,4.5591002017791817,-1.2850776528783574,,0.07267949856426796,0.125,0,9
0.88949306231443637,-0.3643924218998677,0.27571770881906432,0.37971813652563879,0.92509915664275066,-0.0023847793120033356,-0.25419722439079045,0.10681625925307182,0.96123569319454527,-10.084534578980181,-11.859533491023083,0.12024148842030723,,0.1190612759812194,0.2857142857142857,0,4
0.84644430052820707,0.41943049175279257,0.32803979741995698,-0.44489161131611626,0.89557981192909586,0.0028730899038942239,-0.29258075856738336,-0.14837406462403338,0.94465953478651699,-9.5305155283188672,-2.4686367838964807,0.7566198434209378,,0.07810770071552607,0.1366906474820144,0,2
-0.75229518568153575,-0.62040160053252791,0.22170658009419042,0.59148047275854432,-0.78422178573525003,-0.18747544138778552,0.29017719404824549,-0.0099017591817601031,0.95692170589834225,14.964096875721491,-1.5669566343358812,-6.145674831300342,,0.3639493816321426,0.6043956043956044,1,7
-0.80529196891501786,-0.52521109742136174,0.27506026239066617,0.52029845596892355,-0.84847600166044368,-0.096840029546982273,0.28424348984159276,0.065128931756592734,0.95653743300035932,-7.0922251526477726,-15.456323943674178,-0.80474122019997352,,0.06989503781905422,0.2857142857142857,0,1
-0.568278828796834,-0.7759002474594634,0.27393060934047425,0.7908519209022189,-0.60694999592216625,-0.078517142429878756,0.22718365246331007,0.17201891885030371,0.95853903395271478,-13.294167062025146,-1.0836060721239051,1.3886060588760205,,0.08618028328100122,0.3559322033898305,0,1
-0.61535438975479884,-0.75789448397012471,0.21664470032096028,0.75531160850709989,-0.64555347199307467,-0.11298269271045436,0.22548469807043997,0.094109861148267568,0.96969066457852282,-9.6056151674724681,-6.4805934717721323,0.36970971179438761,0.4434544632823816,0.2150924575113259,0.1710526315789474,1,5
-0.91706155819452828,-0.27803711874582365,0.28582067644126874,0.26340295735096403,-0.9605478805506138,-0.089256099110871429,0.29936095360048182,-0.0065673258822977493,0.95411733538918864,0.96819891914974443,12.63115631068248,-1.3080397922759133,,0.07196122486893586,0.2857142857142857,0,4
-0.49743060838247427,-0.82387532657838347,0.27164726411212908,0.84225752828555234,-0.53365996925103709,-0.076218719913779931,0.20776199337355886,0.19088342901976946,0.95937399935327661,6.4168700087613004,5.0838483845227156,-3.2260740584228982,,0.07835893891737582,0.3818181818181818,0,5
0.0016800798743757221,-0.96666191612534225,0.2560506146145668,0.99884763258868692,-0.010659147912001099,-0.046795186053331647,0.047964405589890957,0.25583416988094426,0.96553005821555671,0.99906880138270482,-9.0082556829325053,-2.5066271149921517,0.7275376439346477,0.2675858023164724,0.4489795918367347,1,3
-0.87500561953995526,-0.4461645600198908,0.18788919914608404,0.38203725079200446,-0.87476094438265484,-0.29806178753750567,0.29734273957974255,-0.18902506597016014,0.93587222399972436,-7.094166106893522,8.9717492658114235,0.60989226250922413,,0.6941347900179493,0.2461538461538462,0,1
0.71462774093543646,-0.65035080824261771,0.25758691368873632,0.67337586909987424,0.73929859318403668,-0.0015902924552512565,-0.18939939492908595,0.17458927897863,0.96625382424403272,10.65080076552519,1.8225071792044691,-4.6467249610630192,,0.07781825079209842,0.2962962962962963,0,5
-0.74991771571083021,-0.59699957024188688,0.284982337687888,0.59971009094177663,-0.79535755660931073,-0.088057730876249116,0.27923328326984453,0.10487073126220761,0.95447938858776471,-10.422093325216556,6.35324872653654,1.1355812925617816,,0.06809660716252111,0.3518518518518519,0,5
0.029296099395983669,-0.98144440812978129,0.18949567887147931,0.99748460115754534,0.016463076868545982,-0.068945177884981404,0.064546177375209651,0.19103884644438823,0.97945798793794303,-0.59640692267163875,11.973744297054047,-0.93962315387579998,,0.1660230893633925,0.3636363636363636,0,5
0.10402378618663558,-0.95992978365625015,0.26021887394472742,0.99417522961441651,0.092944120968603272,-0.054561920773523391,0.028189798305765297,0.26437889633448142,0.96400681244711217,-15.090993415849253,11.913355173228735,2.3764945169654648,,0.07806518350964631,0.38,0,5
-0.69650377757025528,-0.69547018975600794,0.17664569904502553,0.67023399874476075,-0.71846853953236567,-0.18598210835678936,0.25625938959767219,-0.01114328779897321,0.96654381813762413,-12.422652406663781,-8.6589272410760625,0.86824307581272164,0.5732867053903835,0.3108057345278418,0.2575757575757576,1,5
0.75909073640216329,0.51552591529776959,0.39751010624236993,-0.59796997842323629,0.79354886040159633,0.11274799803031559,-0.25731917692418038,-0.32328507050546984,0.91064460926057067,-9.0570600547435518,16.780527636646799,1.2247712968512194,0.8050743036019867,0.4115457605020243,0.3125,1,3
0.16957157140031043,-0.98493114832125028,-0.03400169465502182,0.98547776390799502,0.16977499677985045,-0.0031665930114438585,0.0088915136915932256,-0.032970949864777457,0.99941675863940105,8.6103485746932762,10.554378205335244,-3.5811345361046114,,0.1191474315360633,0.75,0,1
-0.16012981411110541,-0.95069009216247935,0.26560645944110484,0.980812436926776,-0.18355486201444346,-0.065685433701984555,0.11119984803272903,0.24999192245941684,0.9618412719895848,0.75539155724507201,-6.5604757307541197,-2.2194945388202454,,0.09899416366059878,0.3953488372093023,0,5
0.026570846317300369,-0.98868542425375439,0.14763171066595476,0.99816766112342514,0.018209260199073461,-0.057703926472934715,0.054362766792850244,0.1488944415053034,0.98735765296849243,-13.327230188925203,13.750102321439012,2.0478595336750867,,0.2228238900800116,0.5,0,1
0.94938731817342004,0.093199612733649295,0.29996258479647347,-0.13772021315924801,0.98179116687537349,0.130840542389836,-0.28230632826568924,-0.1655292627658112,0.9449355534581998,-21.130476161004008,13.319601558142686,3.4476543907152588,,0.3851744928917729,0.2941176470588235,0,4
0.84374427603695401,0.3655624935420041,0.39301356206908361,-0.45169549749480459,0.87912813884534413,0.15200293758096695,-0.28994270847496462,-0.305774064965743,0.90688226743967593,-17.497597541637436,15.32782904287928,2.9037556591987048,,0.3842871004395381,0.15,0,4
-0.17036492659730912,0.89019914361423058,0.42251778245890026,-0.98538073864687648,-0.1542433714783997,-0.072344884122617525,0.00076921338521292193,-0.42866591544403138,0.90346275033744528,-1.7126751597490935,24.820108621897045,-0.12765562827568741,,0.2903211803956444,0.7096774193548387,0,5
-0.93884110166221402,-0.22939722658791339,0.25681568928602205,0.15112443531705871,-0.9446185798597293,-0.29130249506979689,0.30941685616621034,-0.23467562936436837,0.92151427449750145,-12.266923388872463,-10.779744076513019,0.69238372297677642,,0.161912724615864,0.3,0,2
0.12591506070635244,-0.97210346380733403,0.19788949729861485,0.99203531856296101,0.12406042589443067,-0.021793059688276873,-0.0033651465049670064,0.19905744492652216,0.97998204545201972,3.7622162012055402,-17.815461777662929,-3.9787150344948707,,0.1987096489735242,0.5,1,4
-0.27398069242224021,0.85152995892265604,0.44702495370729523,-0.96128981856907136,-0.25661701278186394,-0.10034736402295034,0.029265421494857481,-0.45721377692288789,0.88887518656819076,-0.60170787883075227,-12.210600859692596,-2.3496010667769669,,0.1780594760011432,0.2307692307692308,0,3
-0.39747586958630143,-0.91734456094540917,0.022178584276054323,0.8996538865733712,-0.3943413782733291,-0.18739733657371102,0.18065386093312036,-0.054532869770145105,0.98203378182453105,-17.388861748410463,13.199518397613152,2.8169803701938898,,0.09879375739577363,0.3181818181818182,0,1
0.4927257748475975,-0.85242939816291785,0.17488691188433622,0.85886630956842325,0.50870362365921562,0.059743498092258179,-0.13989271992906291,0.12076731521230412,0.98277427850308541,-7.5686354166205616,-7.9202585675323602,-0.20455055678604189,,0.1358455355453328,0.375,0,5
0.28403188476143942,0.90450646135461332,0.31810996495963439,-0.94742726316766557,0.31574317098286003,-0.051844295581245661,-0.14733454939521659,-0.28666062049999808,0.94663520915348598,0.20653983180441354,10.17826798900221,-1.2308632914559847,,0.1169200609167595,0.2083333333333333,0,5
-0.37717593349762696,-0.89987960164043834,0.21898634144996396,0.90865088503196934,-0.40529555502448777,-0.10044442347891518,0.17914207858795478,0.16109691377813204,0.97054412576159999,-2.2394237499928358,-3.5724450345258876,-1.0574583342936454,0.9149656361369971,0.6208799922746175,0.7855543113101904,1,5
0.95232847240621155,-0.072964248859091599,0.29622069312065386,0.080105259193738884,0.99671387466697459,-0.012024953049838218,-0.29436988312997647,0.035180540569687814,0.95504382175440972,11.372643646258572,6.5173360384669001,-4.6199651363806664,,0.3591600811192339,0.8135593220338984,1,5
0.67747071238011958,-0.69376799866666949,0.24437552637941901,0.7123233373555552,0.70164119175745088,0.017178506565725397,-0.18338183368539546,0.16243645543789967,0.96952849417588227,9.6381748799469591,-13.447427802546347,-5.4135923692067109,0.335022860652216,0.267405902429551,0.5,1,5
-0.80045314688457792,-0.54158776743715342,0.2568218250169127,0.52825632133443734,-0.83987913714830598,-0.12469279832141977,0.28323138705444667,0.035857009711606415,0.95838106003914614,-15.976294658138196,15.049812005008441,2.6221643742909491,,0.1343681234760539,0.4545454545454545,0,1
-0.82548226073464437,-0.51214764678228353,0.23724212338408723,0.48521551848331607,-0.8586328436881332,-0.16527413700575352,0.28834863938535926,-0.021317308352583993,0.95728816692217233,-17.472122410634437,25.378851607851576,3.3973406130672505,,0.1049989621283513,0.2307692307692308,0,1
0.81456645094352331,-0.5482520538563953,0.18947607352781587,0.53293963111379716,0.83630416109293748,0.12872722993574059,-0.22903459691837796,-0.0038775740977421576,0.97341055975038293,-11.145703678961105,-7.3092990148002945,0.63812095886586007,0.5966269653486119,0.2943946631615624,0.2115384615384615,1,4
0.74150639187930723,-0.65675432717503057,0.13726625418872995,0.64310218250014706,0.7540268588153074,0.1336528303054941,-0.19127951710959482,-0.010828200311891979,0.9814758766329037,-10.250832354300757,-0.89852511413667646,1.0179465242613814,,0.5917459524530484,0.4,0,1
0.79078180892746397,-0.54010826831797598,0.28800553668977358,0.57511635152498519,0.81668930530370909,-0.047536941541652285,-0.20953594650559851,0.20322804210320478,0.95644814288329316,5.1634761902641424,2.6071871875259669,-2.9410271317122549,,0.09308779818942713,0.3214285714285715,0,5
-0.03845724623381281,-0.97468213421691463,0.22026297339878234,0.99611301816176956,-0.054873962556194339,-0.06890357960245759,0.079245790176909248,0.21675697329438376,0.97300386395301408,-5.7329918386957521,-6.8060098099233279,-0.47367144333553846,,0.1076289338710756,0.2312925170068027,0,5
-0.34521778927496377,-0.91828305175447467,0.19385797592205417,0.92493260825767687,-0.36790583719500453,-0.095629311089714356,0.15913625655317337,0.14629262393686063,0.97635757795589961,-6.0265530479925955,9.824706833173467,0.3864684534895157,0.227868013092607,0.1459048580307422,0.3153153153153153,1,5
0.7409780198178948,0.59091089458145529,0.31902333584190418,-0.61482151188847556,0.78803215417576855,-0.031620128150709588,-0.2700853247881515,-0.17271258972652359,0.94721923475193259,-8.2670670149982932,-6.0125318270304344,0.12618585921052694,,0.1099781368241671,0.5736434108527132,0,1
-0.76845713799574999,-0.61415345626524698,0.1796918451706509,0.5764201831273309,-0.7863103868320277,-0.22238648350005943,0.27787299175493102,-0.067316474339640026,0.95825627716996742,-8.6504717566314326,15.750294792902906,1.1302241923452137,,0.2353983176486821,0.3333333333333333,0,2
0.45212967721399683,-0.87691618303577767,0.16308514007207667,0.88417070881257986,0.46472901335800926,0.047635090229265736,-0.1175623777414616,0.12265786592490963,0.9854613819255017,-5.5511106412360025,-15.397509291110371,-1.2612577081306922,,0.164146914984476,0.3125,0,4
0.43366414014895777,-0.85898630586878622,0.27217262881994891,0.89755881297653461,0.43845171374041825,-0.046349454864592313,-0.079521008526173179,0.26439103813856268,0.96113151449476131,-3.0976949651953509,-6.4005120564855948,-1.149446088940363,,0.06574964363875643,0.1910112359550562,0,5
0.6706891583185447,0.66084282519863202,0.33684241611984261,-0.69714970494843687,0.7167001584705095,-0.017976978017862168,-0.25329496995453821,-0.22277262675615589,0.9413894066558709,15.477890806352267,3.7986605837940672,-5.9723496556369948,,0.1745039589852061,0.1538461538461539,0,1
-0.7064041283182293,0.61185890218118943,0.35583969890470651,-0.68514613228715249,-0.71728920945799068,-0.12677131933953539,0.17767381604197727,-0.33335397675258088,0.9259088190941489,-6.1116130615559916,19.685058735488688,0.71838766475241211,,0.942881658329585,0.6730769230769231,0,1
0.8845922996121951,-0.37768339628115843,0.27359041584152682,0.39461711600300214,0.91881497733080342,-0.0075079417998483861,-0.2485433467713094,0.11460492836752771,0.96181698631787105,1.111918781342891,14.911086905054908,-1.2457213998821237,,0.1368302625384171,0.4117647058823529,1,5
-0.48587464093159194,0.74325829055846826,0.4598836231218712,-0.86860003219415505,-0.46916446065267609,-0.15943240866522496,0.097261592480837086,-0.47691909416229722,0.87354928896514161,-23.569124847788036,15.95769146947657,4.0950479252669485,,0.5749033712202017,0.5,0,1
-0.93891190770498667,-0.18994645200629343,0.28699263917390644,0.16519276619057063,-0.98028952012690806,-0.10836884574297259,0.30192015429263863,-0.054339691750851835,0.95178328328056483,2.5258357674775143,-9.4081099072219327,-3.0634782031341272,,0.0818056352356519,0.3703703703703703,0,5
0.50596652623491911,-0.84719669558826194,0.16203590131232851,0.85662566238557658,0.51552887187739393,0.020553753995148423,-0.10094725787380529,0.1284045997819051,0.98657078300677836,3.881518246266547,12.950244504908532,-2.0678121705834895,0.9542190726292006,0.4128329227551317,0.25,1,4
-0.92024308334728699,0.16223227674100865,0.35613670961431004,-0.28358575551160015,-0.90356450384855724,-0.32117021445928928,0.26968831421178324,-0.39654996629471512,0.87750574779272361,-7.0492941359791343,-11.225440202256715,-0.58265819193142587,,0.3427688545835659,0.1818181818181818,0,1
-0.5740240176291167,-0.81601826892304441,0.067901487235300151,0.8007361300062702,-0.57674062602900189,-0.16183911885034621,0.17122522386467764,-0.038528367101567311,0.98447828195495402,14.759119259400943,11.923149582219203,-5.3499872588781585,,0.291381231971973,0.2,0,2
0.037608304079478273,-0.97751891353752196,0.20746659765053144,0.99919415492750885,0.033871720434964489,-0.021534793091096131,0.014023416950451537,0.20810929876196693,0.97800504269959443,-10.252995025213291,12.512941361067009,1.3726138979436227,,0.2987849358167671,0.2,0,2
-0.95746138793311597,-0.06917428263586331,0.2801474776595454,0.0019863216564035887,-0.97239871050497506,-0.23331695680884273,0.28855457914139765,-0.22283551429266335,0.9311716213601311,-1.0402854977889149,3.0208787300779627,-0.88038406126192414,,0.2823322768743013,0.3246753246753247,0,4
0.32552427741084661,0.8840156299761468,0.3354851871156509,-0.931225168204181,0.36123184707871953,-0.048282903384038775,-0.16387077506145478,-0.29669499256639614,0.94080733971774744,-6.8769261161379385,4.6901245888372003,0.4249524236916874,,0.08751571086861257,0.1705882352941177,0,4
0.94103732825447306,-0.1778783713976391,0.28776384731339533,0.1868092104262758,0.98238945452005533,-0.0036439741629037373,-0.28204798480328658,0.057186052816330067,0.95769446569962646,-0.22618487875846019,-10.322319089476386,-2.3502546014982646,,0.08279601802644879,0.3333333333333333,0,2
0.70321754893252253,-0.65108219497479258,0.28561697123970442,0.67801033890971096,0.73502613366519054,0.0062099243748482526,-0.21397910927208544,0.18928433167065992,0.95832373579032104,0.91824669274567527,-13.982908194490898,-2.9612195256870848,0.7970632005906073,0.2257228843031596,0.4074074074074074,1,4
0.60416666509213302,-0.7599199319618124,0.23980062093039944,0.78980569097477471,0.61100974077515358,-0.05361032719297814,-0.1057809590394659,0.22178546770479393,0.96934080437153602,7.4739860168123835,7.2987187186199929,-3.3979200537376757,,0.1503300689022079,0.3617021276595745,0,4
0.60563580805913142,0.72265130418479406,0.33313714976955033,-0.75877866252383785,0.65057192070939229,-0.031798070429326517,-0.23970859245154155,-0.23351931085995656,0.94234204095985885,10.536464478529989,2.8818413342716256,-4.5566746611654168,,0.07649356609218441,0.1724137931034483,0,4
0.11957622728375659,-0.97405791679407572,0.19212678261858804,0.99245697290685209,0.11200367780022887,-0.04984308465365693,0.027031144947124858,0.19663761311104583,0.98010354877065897,-3.6593174933037611,13.727189742795066,-0.08146474096644106,,0.2496876534263881,0.1176470588235294,0,2
-0.16681389407790256,0.86476958282695415,0.47365250274844012,-0.98580287736910532,-0.1555965068074093,-0.063106370836262249,0.019126204886446549,-0.47745501954281161,0.87844800221755548,4.3565302314870804,-7.4086744186452407,-3.382510018760621,0.4394013428509683,0.3554555071071392,0.3333333333333333,1,4
0.91348783917683185,0.20746749701986519,0.34999600762916672,-0.27213020272308713,0.95104175629078191,0.14650846582104737,-0.30246507309429149,-0.22907818637237742,0.92522325094347235,-5.2295593222214354,-16.521933687333298,-1.4346837673205952,,0.4362426310127752,0.6,0,1
0.16519680798991318,-0.9793250630343634,0.11675802132053011,0.98610344623999135,0.1618955341527718,-0.037280414898474092,0.017607042442087363,0.12129409274210468,0.99246044511724152,14.402687457352094,9.1508285550629029,-5.3214429426629657,,0.2439371101913464,0.4375,0,3
-0.61594442268553251,-0.77033727895395776,0.16490283447048135,0.75048829117246463,-0.63742895327899152,-0.1745040238352209,0.23954079605699835,0.016272866233759814,0.9707499167390734,-12.303574365888712,13.43597582120861,1.8500839157022304,,0.1980146803526431,0.625,0,1
0.78472594177049082,-0.56098174650584287,0.26363739567760874,0.56367524473706421,0.82277012652795067,0.072935158625949403,-0.25782826606683124,0.091371762489489985,0.96186058565497778,-9.0598883682326949,-9.7526751761997588,0.038031536882185461,,0.5307002082629615,0.1025641025641026,0,3
-0.6365641568353978,0.70464621626695667,0.31346416722346704,-0.7566692919122342,-0.64922606969590446,-0.077182207173984718,0.14912295902871056,-0.28632013608524143,0.94645819916288498,4.2812440207824114,5.8784046866125905,-2.4778281164840545,,0.06500781321976654,0.2156862745098039,0,2
-0.78304221767716464,0.43016202226592204,0.44922769275203939,-0.58624153801132006,-0.75172217499563299,-0.3020507088718008,0.20776367450868383,-0.4998743904421668,0.8408090445129156,17.378624529278071,-6.0253814409409738,-7.1167565454526374,,0.3865136403031891,0.1538461538461539,0,2
-0.83242438330950308,0.42653359949150865,0.3537495365037408,-0.50772467319442893,-0.84282058256312464,-0.17851924780696868,0.22200293309189525,-0.32821114257863471,0.91814603608893453,1.3982329570270999,-15.433704718635227,-3.1754610207147334,,0.2221567330321522,0.1,0,3
0.95169499498525467,0.04988702534419491,0.3029652145417418,-0.06032894297665873,0.99786042192203495,0.025199146828757461,-0.30105988633382413,-0.042259473066826952,0.95266840074434034,-0.21404205419565561,-10.468433516399758,-2.3629866557527683,,0.1139570914043458,0.2285714285714286,0,3
0.60802360580209125,-0.75982566323607315,0.23015702525729287,0.78131559028008413,0.62412570320357141,-0.0036131684063183925,-0.14090153715523551,0.18202216372878982,0.97314679711684937,-13.060742411393782,-5.4460811828859779,1.1685167122687197,,0.7779268813300927,0.2264150943396226,0,1
0.83656080097546714,0.44721969879915491,0.31648154334380552,-0.46821825808323608,0.88354575559901527,-0.010888551807490035,-0.28449549920655004,-0.13907350131839413,0.9485361733546368,-13.219221870403585,-10.779383135688754,0.88458649833768921,,0.08968136966830333,0.4210526315789473,0,2
0.54277160652489709,-0.80986418610785915,0.22252861211591979,0.82917159111939909,0.55887554059981814,0.011515320220688,-0.13369164383351079,0.1782642145219174,0.97485815080450422,-4.7735316768723814,13.076367439305873,0.13555988689575668,0.5750923868361987,0.1576638682083114,0.1666666666666667,1,4
-0.64945033462154689,-0.72212908573971357,0.23820966896557066,0.71354610756733872,-0.68702284688193427,-0.13730098411061264,0.26280451905448915,0.080803412000782143,0.96145961609085318,-4.1827874261420455,19.632500486875418,0.25742023369179229,,0.2122955161102753,0.2222222222222222,0,4
0.23996531003897933,0.79307504570959841,0.55986482462342213,-0.96196126527056058,0.27182242876284357,0.027259701768936776,-0.13056482718159257,-0.54510965786178056,0.82813542781893668,-3.4804987207818194,18.113475912218316,0.028104123565411202,,0.4152416865500788,0.375,0,2
0.67179602881572231,-0.70801153870166189,0.21773781649665347,0.72229123463390277,0.69131641660509113,0.019416088775253085,-0.16427254194921845,0.14422646496950944,0.97581415175428809,7.4781643169384298,20.791472579019185,-2.7719473757535043,,0.1339334232501511,0.5263157894736842,0,2
