axis_00,axis_01,axis_02,axis_10,axis_11,axis_12,axis_20,axis_21,axis_22,location_x,location_y,location_z,dbh,dbh_approximation,score,reconstructed,number_clusters
-0.95000675330349504,0.30619399876020209,0.061093402270540977,-0.31002356903757705,-0.94827883534953339,-0.068210241674808603,0.037048013697839707,-0.083740584852093181,0.9957986539103546,7.4011860918841492,14.727517510246569,-3.4709294054838251,,0.1006646978465679,0.2608695652173913,1,5
0.99880346896724559,0.03685068298449317,0.032150544980955702,-0.0378862003232791,0.99876259434092352,0.032216703283423354,-0.03092355419515096,-0.033396216985822777,0.99896367626004046,-5.1598240324768092,-14.384716367910501,-2.6242510748008767,,0.06945703722178917,0.2826086956521739,0,5
-0.56882743394137047,0.82014172256866502,0.061667700603958264,-0.82223511160259799,-0.56881442499638335,-0.019482586170668652,0.019098995877784984,-0.061787578186374294,0.99790657054572152,-7.5819774882757143,4.2008338970923598,-2.4533424921469043,,0.6701458167989849,0.9930444087747459,1,5
0.68734382617685685,0.71592588126904744,0.12250957981192989,-0.72626065404121221,0.67979672357073007,0.10208759481019233,-0.010194459681052417,-0.15914316558255662,0.98720287977708665,-1.0265690597986743,7.0465787738443257,-2.8461444827879641,,0.1307335801594174,0.4363636363636363,0,4
0.37916251381307459,0.92179834865870625,0.080768759610583316,-0.92486348196845947,0.38029652451035784,0.0014467779788194062,-0.029382441017165892,-0.075248640223096103,0.99673181664098998,-10.489528417843614,17.574827666831055,-2.2294975807738493,0.4184779579808356,0.3607598985927538,0.5227272727272727,1,5
0.59735056282870169,-0.7961596260591921,-0.096447679710407602,0.80195109369679618,0.59196826627076959,0.080299533291874295,-0.0068372806543778395,-0.12531329363506274,0.99209365990897569,9.9299768642501931,-24.942160326610207,-3.7513130378971584,,0.4356478650190663,0.4210526315789473,0,2
-0.56401234301186709,0.81643745293590309,0.12377383557843927,-0.82556126619562109,-0.56084249269228481,-0.062484351226418391,0.018403061912247505,-0.1374248297588137,0.99034122577928363,9.4031665178106998,-21.05298118462925,-3.6575143449228862,,0.3683967434656593,0.3181818181818182,0,7
-0.85241959498327191,0.51937682422815046,0.060237434733188787,-0.52186442960593704,-0.85223429504500581,-0.036799775287511369,0.032223457304021465,-0.062804624064016323,0.99750550273948513,5.5050748166612431,-10.155606474185413,-3.3192311670927608,,0.08772560715490386,0.25,0,4
-0.61796191929233679,0.78071628726930298,0.092763921310855937,-0.78576863710730316,-0.61724659329213694,-0.039677348799823792,0.026281461965858129,-0.097410070637931015,0.99489726248253907,3.7229210754099831,7.537077593873561,-3.1717192201759183,0.3246390775334556,0.2481861811447278,0.7085427135678392,1,5
-0.82214584529522916,0.56380981753521398,0.078706408345835463,-0.56889257829600559,-0.81878010083794961,-0.077203502715351743,0.020915148182974196,-0.10824803057194596,0.99390387888053744,1.1159601842977054,-12.623977426789933,-3.0325283338719529,,0.5236177010475314,0.7228915662650602,1,5
0.97437752613608852,0.21370046484868493,0.070146617055807103,-0.22294139511010133,0.95890327711162537,0.17550395861902648,-0.02975854343343733,-0.18664569769497291,0.98197648272485549,14.348781238659424,-1.1641960134442118,-4.0111998323918332,,0.2363230583880832,0.2173913043478261,0,2
0.93429443773665477,-0.35648034672558593,0.0039580314241321034,0.35441903788771961,0.92997598684756189,0.097630986216704602,-0.038484401997322663,-0.089813285683740807,0.99521481325269645,3.6770068787794363,-20.802309298191474,-3.2326170716181664,,0.1235387611280521,0.65,0,4
-0.50706413777281767,-0.82286951082281223,-0.25645999364995498,0.86177374440860788,-0.47876390425721466,-0.16772339559034791,0.015230680637337705,-0.30605700798807839,0.95189134581038659,-10.894586245164442,-14.656192717498312,-2.2893640929019461,,0.7140434047223368,0.4222222222222222,0,1
0.99739819377403727,-0.043087912048220607,0.057795111312382567,0.038126757800384804,0.99570603226183807,0.084355483858584698,-0.061181642638267586,-0.081932467024433908,0.99475820049465846,16.43901711775284,-6.1538561723932181,-4.1495763115023001,,0.1242510350672657,0.2,0,4
0.94179442155885085,-0.33015874448127353,-0.063391410799727349,0.33478942871772183,0.90385951515026397,0.26637194914478562,-0.030648098464539284,-0.27209038997156798,0.9617835066924515,-1.4975027877547094,13.955742761487443,-2.8132774938904417,,0.3397071434937856,0.4444444444444444,0,1
0.79213445388653025,-0.61026036698899533,-0.010261162134289152,0.60975126150619841,0.79050752399773594,0.057456536569561963,-0.026951921220741255,-0.051770058773643844,0.99829527443391475,-31.504445370637978,10.256980756263586,-1.1952669907388702,,0.2232707481642932,0.2962962962962963,0,4
-0.042976936720915557,-0.99837425318833251,-0.037441066768007548,0.99907555945481841,-0.042909038981973208,-0.0026155063917729917,0.0010046940471205718,-0.037518861180524693,0.99929541460250315,19.757248210309712,17.699199638289087,-4.5336396033485054,,0.5728830290616337,0.8181818181818182,1,5
0.64658600910046826,0.75527750157673901,0.10715609384225037,-0.76276354982710537,0.642112831673745,0.076699924739719108,-0.010876575319606015,-0.13132786076048247,0.99127932143134756,12.105226545234647,10.33321672838631,-3.8987121677646432,,0.1554016683004582,0.2777777777777778,0,5
0.97882126079818144,0.19854335447924959,0.049894647023365879,-0.20470885335380271,0.94712975695800783,0.24706175107295875,0.0017957639127964399,-0.25204317066088577,0.96771432528157664,14.87990523271845,-9.3888129504244375,-4.0281155994383084,,0.3841760427891778,0.1363636363636364,0,3
0.99918702875335796,0.023231690716741978,0.032947991099276215,-0.024451770841329781,0.99901146478413805,0.037124171809937774,-0.03205296357217903,-0.037899627653742551,0.99876735316586507,-11.977876048551133,-7.1349649984380115,-2.1970030884181946,,0.1437609842677207,0.6557377049180327,0,1
0.57251420155388233,0.81261142996833069,0.10904197771475774,-0.81968360475559732,0.57030070651934839,0.053627345994390813,-0.018608522617085014,-0.12008233853634454,0.99258951982058152,6.4191075987656161,-8.194193597444265,-3.4140731191269174,0.09180138548927173,0.1534173311699999,0.25,1,5
-0.98760254082355492,-0.15559600008588739,0.020763095051858384,0.15358549382022588,-0.98512544204659414,-0.077067240254865957,0.03244560751253265,-0.072922892083188959,0.99680967810478627,-3.9592236034947099,3.0527236493284873,-2.6634769731906878,,0.5709893922695148,0.9551223934723482,1,5
0.24963846021199704,0.95651269457935462,0.15087777931665339,-0.96829027336374474,0.24501227700642395,0.048815270410917877,0.0097255175773209128,-0.15827965511925093,0.98734642607505452,0.92013966422653826,8.7077747683038265,-2.9625681118970224,,0.1695399240190183,0.3153153153153153,1,5
-0.05006077917863256,0.96355257441335096,0.26279336888405841,-0.99874462226322824,-0.048760373340527775,-0.011471943687721626,0.001760081904372565,-0.26303775837909082,0.96478393424569064,9.7632454297931233,-18.197142488844428,-3.6933217420868125,,0.3182577121502426,0.5,0,5
-0.43869832753357474,0.89004016648602435,0.12398499691806911,-0.89852587762427205,-0.436594411680373,-0.045128338424978626,0.013965122941631623,-0.13120145475945807,0.99125735992739317,-16.135079612922958,2.8465103879392006,-1.9479147052756902,,0.4934572827831046,0.6380368098159509,1,4
0.86587491770086533,0.48946480920784424,0.10336743899143816,-0.49923395080387134,0.85868129044993535,0.11589609051211403,-0.032032628073226134,-0.15195605278620258,0.98786804217990543,11.584605493623526,-5.3680422404998529,-3.7736694548167944,0.4354632781314919,0.2174102055142412,0.3714285714285714,1,5
-0.14533783155589314,0.97940250214388846,0.14017008779665466,-0.9893820869405644,-0.14387580161210359,-0.020563067660450414,2.7563825383430884e-05,-0.14167036565480329,0.9899138885455997,13.027868987923465,-3.8370943850781765,-3.8879556304228622,,0.1796811958253081,0.2857142857142857,0,5
-0.95075380660998365,0.30724232202791418,0.040857738208580907,-0.30979064565863118,-0.94616908758135987,-0.093775335605184751,0.0098465770211671813,-0.10181460239254574,0.99475465902935767,6.3968858187798707,-13.491266334652684,-3.392284937071413,,0.1441404023371375,0.3181818181818182,0,4
0.86885040360412047,0.49077798888938634,0.065084113104873137,-0.495044515429374,0.85980504648222367,0.12516473060330979,0.0054684458719844332,-0.14096895993583908,0.98999891335008772,12.624107462226096,-6.9944697811321559,-3.8569246014395806,0.6751061263692062,0.3125965230377464,0.32,1,5
-0.9413352984623905,0.32547235967508514,0.089194164362109224,-0.33607939089854799,-0.92810595450664402,-0.16021853894781568,0.030634929116677763,-0.18079568661017281,0.9830434480841489,10.077848802541586,-23.078403109927716,-3.7673441994451231,,0.2101540497101796,0.5333333333333333,0,1
0.33437991198690992,0.9225374793229919,0.19265169011458941,-0.94243836634944822,0.32732110138477871,0.068343413880486273,-9.6026223147274162e-06,-0.20441500882429572,0.97888431598179837,-2.8580099462644815,-6.6368864178538498,-2.7990084590948561,,0.322839524175431,0.9947643979057592,1,7
0.93060653635006507,-0.36062422390123561,-0.062623028018192722,0.36550101922017586,0.90646426471731689,0.21149832561868584,-0.019505882485766436,-0.21971050481514637,0.97537009110507678,12.210227270751446,14.341545808682705,-3.8954522357111734,,0.3634368362246688,0.3235294117647059,0,2
0.90483170384148459,0.41407561533628312,0.099100819911810842,-0.425122342239313,0.89147049342627716,0.15668871522630104,-0.023464480652148463,-0.18390688984969261,0.98266356094725327,16.649547677343261,0.70082519593349624,-4.1660050206630252,,0.4845885568292791,0.6507936507936508,0,5
-0.50339095718168692,-0.86351729319778436,-0.030584776868217201,0.86278847958282801,-0.50041726446387291,-0.071962496660746431,0.046835709953611131,-0.062613463207746148,0.99693829824030478,7.9951811627006304,14.069858050057572,-3.5154917592219714,,0.1567055887822813,0.1333333333333333,0,5
-0.97147303617702496,0.23102563793262249,0.053547125028495776,-0.23396014285128564,-0.97056455417738541,-0.057158531571925963,0.038765855311066598,-0.068055865230541787,0.99692808550553103,3.050200572588007,14.504207779141364,-3.1447397464026348,0.1924117800244944,0.2659525832346723,0.1818181818181818,1,7
0.8159121006952571,0.57431981119271169,0.066664821387455872,-0.57762187170755919,0.814740364112573,0.050508537998726712,-0.025306466843666799,-0.079717586248459649,0.99649620630417368,4.9845446102169797,-18.39177423859967,-3.3330170012101754,,0.2094603903831394,0.6,1,5
-0.41677554357293295,0.90134820590760556,0.11776908756812204,-0.90893687278491586,-0.41159300160944667,-0.066520390243175784,-0.011485102152991146,-0.13476873796718492,0.99081051654454488,12.041323480847968,-11.317076866662983,-3.823268830470127,,0.1451177392348664,0.1666666666666667,0,4
-0.50370419503274078,0.85382022640990307,0.13142718470605239,-0.86368965637380324,-0.5008947637835065,-0.05607684983275181,0.017951640017515123,-0.14175844450192504,0.98973849174065887,-4.7238923970784326,4.2723818211567908,-2.6345495935414687,,0.1028550837639784,0.2142857142857143,0,4
0.516742920814246,-0.83963537973905444,-0.16729967985270228,0.85578529789079272,0.50094117001964,0.12918772423617467,-0.024663286527340855,-0.20992944831492522,0.97740541692168981,-37.662882509250451,14.516486250477769,-0.92712031606173984,,0.4148577799809061,0.5714285714285714,0,3
0.94537718556323991,-0.32583689007761091,0.009607189031047356,0.32468582495611392,0.94384130749480377,0.061177621227591537,-0.029001587699557942,-0.054716609279539467,0.99808065835374982,-6.8145877086407944,-8.283769853162033,-2.543484742363689,,0.1384622210216915,0.6266094420600858,1,4
-0.83580052406330696,0.5442236121027616,0.072513060929222856,-0.54834249592845274,-0.83405943066462684,-0.060542326337478046,0.027531638789890553,-0.09036330089821791,0.99552824305306442,4.0694732062900654,-6.8737620635399983,-3.2473165418346048,,0.1333374696308149,0.2718446601941747,1,2
0.95520907176170045,0.2897841447961404,0.060006488390165119,-0.29436446166692537,0.95125331424949178,0.092014650121039751,-0.030416984263576672,-0.10555700618208962,0.993947949097025,-5.4440865714173627,4.6294558491251951,-2.5858111239578982,,0.07262879179607573,0.2429906542056075,0,4
0.29646999195722912,-0.94880140603087093,-0.10900199898499009,0.95498241142128271,0.29323752299214334,0.04494829235271347,-0.010683526799390584,-0.11742081171272607,0.99302478077430267,-2.1214039584341897,5.1954217284923496,-2.8015986528990267,0.9109717296396762,0.8753204632084628,0.9097744360902256,1,1
-0.29083059588418858,0.95136539721338853,0.10159451502251028,-0.95675247568113242,-0.28990120335293978,-0.024124522224103741,0.0065011364907663844,-0.1042169529372682,0.99453333877995209,16.102135897555893,-3.2248487211049022,-4.1148408444434672,0.4766802003081682,0.4105331804707587,0.6666666666666666,1,5
-0.56107722474315491,0.82208399626439688,0.096800056614022301,-0.82728318261355271,-0.56088728356170336,-0.031748872477049703,0.028193680840036341,-0.097894628170967862,0.9947973452598059,20.654996178878246,-12.788961190880185,-4.5377771157217444,0.4914795038434661,0.4284172196707948,0.7272727272727273,1,5
-0.13425960127638789,0.97084994493521704,0.19855665157428201,-0.99091554601580645,-0.12995689092886428,-0.03460617234394589,-0.0077935954026990169,-0.20139908371040011,0.97947826364412482,7.0000013007655362,4.6394642930610646,-3.4414286660389544,,0.5444968298207981,0.572463768115942,0,5
0.59401865374842133,0.78936610668106799,0.15505801695522528,-0.8042818346127778,0.58671257731366466,0.094334946514335341,-0.016509679306958441,-0.18074706427804252,0.98339103577572407,-14.319197814408515,2.2303718086560878,-2.0396304731899151,,0.3432057302942416,0.3070866141732284,1,5
0.16451811990218396,0.98019360725330995,0.11024645356470472,-0.98635999700369004,0.16408180270975178,0.01308122052404191,-0.0052673081105170149,-0.11089478941439083,0.99381819320538023,10.127627803485977,-9.6883276627979207,-3.6766778132222306,,0.09068798200443115,0.4545454545454545,1,5
-0.95094208551005333,0.28009729615528045,0.13135697428112289,-0.30753346169962786,-0.90204159483899882,-0.30289293672081408,0.033649961973736979,-0.32843030595061823,0.94392860651235122,16.612314842528725,16.230691464225348,-4.2359509649844993,,0.6085886633303549,0.1728395061728395,0,2
-0.75269323586487746,-0.65052588590038141,-0.10133589915120148,0.6577135782922956,-0.73610179579269874,-0.1598968266123717,0.029423487441205636,-0.18700325666759535,0.98191855078845958,16.599857569923273,-9.2291391602366648,-4.1690924191319345,,0.3001222561607191,0.6086956521739131,0,4
0.90278180872148561,0.42796426110639746,0.042797161789294116,-0.4291505910956282,0.90292468637902645,0.023596204983220678,-0.028544281455951719,-0.039668651892805683,0.99880509713015131,5.2320741096456249,-6.063600624739764,-3.3148419860881564,0.2451600855456107,0.1965189400819738,0.5595238095238095,1,5
0.94572573526020554,-0.32474748582842528,0.011912351348987958,0.32368210224437033,0.94461165871635888,0.054209878286113684,-0.02885706764745994,-0.047411862073187101,0.9984585043864086,1.6874694322530828,-11.459900020183085,-3.044703125657731,,0.2184089967964241,0.7790697674418605,1,5
-0.80864477303379567,-0.57537856889959493,-0.12260967945547953,0.58806577541462346,-0.78473057096775112,-0.19589939962803682,0.016500752440998297,-0.23051558177199558,0.97292871872979436,10.65249604837512,-8.2140277472956349,-3.7294956861139652,,0.3932706700403548,0.2777777777777778,0,3
-0.77073109160051401,0.63303592419699772,0.072381649030215572,-0.63661908828139935,-0.76040865152132575,-0.12843215768365376,-0.026262537501930208,-0.14506619650205183,0.98907334296117178,3.9514827936328638,3.6483968541920575,-3.2218389276172394,0.2758848379267455,0.1823889751810402,0.2,1,2
0.85178604861012175,0.49587899187637546,0.16901051094185179,-0.52266139525465471,0.82643245731065318,0.20936680590278367,-0.035855171225554504,-0.26667099377162462,0.96312044302737188,9.0589460287093662,17.16149172562961,-3.5829563290358517,,0.463973924418271,0.3333333333333333,0,3
-0.36968924245574808,0.91712269030429694,0.14904977336951133,-0.92910366762561103,-0.36318767303543481,-0.069721510021964514,-0.0098101384868903609,-0.16425798331927013,0.98636863093812588,4.7685782954720306,-12.162973035258242,-3.2796306694384141,,0.202676476442222,0.4210526315789473,0,5
-0.66054982921288319,0.7408391917626973,0.12178347619946475,-0.75045299654735442,-0.65631910423647455,-0.077881534315454512,0.022231129074536615,-0.14283740883475246,0.98949646363059141,5.9593158745259434,3.6163425332763488,-3.3659942217465955,,0.07205914656316409,0.2,0,4
0.47050829025537189,0.84802374805856262,0.24388044515638257,-0.88225747028586432,0.45699958198062796,0.11301830911104432,-0.015611051398127287,-0.26834139598325096,0.96319737866960886,9.6366231599337837,-33.397406682148471,-3.7402369531185267,,0.5804865958414497,0.2333333333333333,0,3
0.13032150605415085,-0.99145604004272059,0.0055879980839591741,0.99144332289585124,0.130358401793015,0.0068428478869957468,-0.0075128253681028502,0.0046484131463634028,0.99996097409359419,-2.1949175021447571,-5.883893939728174,-2.8242189205173562,,0.1647178435942047,0.6399026763990268,1,3
0.69635200989843082,0.71164000175883402,0.093071941030059613,-0.71496307082857746,0.67652301341400889,0.17647781637531562,0.06262336354577791,-0.18943368290226492,0.97989448111533817,-0.14825583506704476,16.053157687204141,-2.8942699038273627,,0.6129187206872928,0.3148148148148148,0,2
0.86971429250030752,0.49046417492557259,0.055153807985194793,-0.49353342409468048,0.86528557146618912,0.087781769826151421,-0.0046699809497158622,-0.10356530754556979,0.99461169224523083,3.7715382761327967,15.175325848331989,-3.1802983775172735,,0.1800338968116084,0.3333333333333333,0,4
0.97941026158841171,-0.20016206812188253,-0.026280905244866103,0.19937710839267811,0.93860077789205176,0.28156233482021242,-0.031690821136301062,-0.28100485089337168,0.95918296775438017,8.2815926278041747,2.5778028631788854,-3.5252827407968073,,0.7344992249779725,0.462962962962963,0,1
0.61794068582811945,0.78097754028790056,0.090682911092088037,-0.78605408116409115,0.61608629075697752,0.050563463356330607,-0.016379569089304817,-0.10252689358003206,0.99459536788046554,-4.6581553163647413,-16.122397239697957,-2.6575744192427644,,0.09323053788205585,0.2666666666666667,0,5
0.82338972580221392,0.54856172598015018,0.14529071626582435,-0.56644110967651129,0.80995100350213467,0.1520652530801492,-0.034261183747793328,-0.20750760158501677,0.97763324747710789,7.5505619201482608,-9.8486714517264833,-3.4619717277697934,,0.5285239647210531,0.5135135135135135,0,4
0.87052691043853736,0.48702358833540055,0.070646462099997975,-0.49082135423180362,0.86966082736308425,0.052767827131834047,-0.035739284161751081,-0.080610605723237055,0.99610473034342084,0.56934320839428898,-11.003463040243009,-2.975346635759184,,0.8404526164552877,0.7380952380952381,1,5
0.77252490050706168,0.63034215139200356,0.076642353010952943,-0.63437101408092234,0.77144043370492343,0.049528514404353109,-0.027905099722045617,-0.086881697863591664,0.9958277340915157,12.992763253787237,-2.5097668657684542,-3.9058392126222259,,0.07882065059595818,0.2647058823529412,0,5
0.85498789125302388,0.48803388431436912,0.17555236703541427,-0.51795397998482706,0.82094842338755214,0.24034841533775483,-0.026821268213588503,-0.29642303199738279,0.95468005408769963,-23.867073067391754,0.91814534316167662,-1.5610055755199741,,0.6141736909480366,0.1818181818181818,0,1
0.95188265218112666,0.3035234345212513,0.042343136079505884,-0.30555651856845917,0.95058294600288884,0.055020693641494339,-0.023550593133649999,-0.065311465034035232,0.99758697971563381,-4.1771605478731271,-5.4339727612992981,-2.694328411738899,,0.140293826887821,0.5382882882882883,1,5
0.38305592909701786,-0.91217182285305864,-0.14563900843025729,0.92361373230307919,0.37577054517716169,0.075724308372110152,-0.014346730805175834,-0.16352083344389731,0.98643555711714725,-26.683237784403801,5.6677581256003862,-1.4228202888042352,,0.2439098035706467,0.2222222222222222,0,3
-0.1533455785167176,-0.98403227225178669,-0.090363824157450756,0.987996802293854,-0.15095095511644155,-0.032804387001634752,0.018640069916504253,-0.094309577013257498,0.99536839987870218,15.318942081515097,17.102727996265319,-4.1330256638593497,0.3222792622323319,0.3494800441424381,0.4838709677419355,1,5
0.89388599434693627,-0.44799316539837486,0.016430242442958348,0.44736634268680642,0.89379327844386225,0.031574211622847584,-0.028830271268596875,-0.020873408081045861,0.99936635739535573,-5.7543816773255339,2.902158098274918,-2.5552968214403844,,0.1006645647911103,0.3629343629343629,1,5
0.81497573522878564,0.56187132352416158,0.14182794784353223,-0.57605000406607476,0.81214024982881494,0.092707105571608092,-0.063094720886740785,-0.15725403145610373,0.98554057541383211,2.470824042745952,15.31423227240769,-3.0871057069234915,,0.2235011523772535,0.2857142857142857,0,5
0.11782745317753764,0.98859687657924711,0.093770501200809986,-0.99300108828509115,0.1180668277283498,0.0030104575711323036,-0.0080950566593813184,-0.093468924289948366,0.99558928793441726,5.5605738909394455,-13.497216581942807,-3.3341626875560304,,0.2533404777160705,0.3333333333333333,0,5
-0.89037311186556978,0.4437985958089985,0.10138307563288307,-0.4540365348920129,-0.88185927997784519,-0.12718111219914041,0.032962807072148513,-0.15927026299632194,0.9866845679724634,-26.242851559942466,26.464756818379911,-1.4233436856236368,,0.2553677775887039,0.4230769230769231,0,4
0.42499763465883411,-0.90357677450943719,-0.054092726881880798,0.90507428476368501,0.42320807252390735,0.041658929536212995,-0.014749562498604357,-0.066662882608845106,0.99766653270939121,30.539567509937687,21.075442851839092,-5.4280044552377715,,0.1980175889553866,0.3529411764705883,0,1
-0.81302414071553641,-0.57608679463079138,-0.084354914888137386,0.58214968237750619,-0.80674097454581739,-0.10134469545385032,-0.0096692254877430699,-0.13150287084655504,0.99126863212631788,7.2692687055745653,-3.0402538799673153,-3.4617720573878019,,0.3059463687540416,0.6353887399463807,1,5
-0.83913559647576763,-0.54384017999388157,-0.0094503625052288626,0.54326201823243569,-0.83713463447970904,-0.063812093685635868,0.026792354754267136,-0.058681022304882369,0.99791718461402135,-1.3092617849141608,-18.953261606125505,-2.8817062715852777,,0.6260868635045178,0.8979591836734694,1,5
0.67795882769185478,0.73051245829922606,0.081996196401461954,-0.73450852700080094,0.67765927858203345,0.035708905258932909,-0.029479683136008187,-0.084436072986011856,0.99599271978308213,6.7484244520651879,-6.9600280735362503,-3.43321886241436,0.4399324366773495,0.3955031937953996,0.8445945945945946,1,5
-0.071445031316739183,0.98852886395322981,0.13306499401228242,-0.99742259086221985,-0.069919871919420243,-0.016105488147520042,-0.0066168525635829914,-0.13387268818586737,0.99097644806526175,25.586553285485888,21.098923031183507,-5.0395534702362887,,0.5279558054208177,0.4545454545454545,1,5
-0.37815756704008885,0.92365074398244018,0.062178433809517972,-0.92570647752072333,-0.3778715590885211,-0.016751188261849639,0.0080232142246376426,-0.063893567537695914,0.99792446610994079,-23.343369085439726,6.2395746990918894,-1.573793912343203,,0.433633477247036,0.765625,1,5
-0.74976280768945458,0.61736389786493828,0.23815446629999742,-0.66094036575136939,-0.71602527220952106,-0.22464559305209617,0.031836537595546104,-0.32583681064344455,0.94488983892495948,4.0761604506816358,-8.4756256379197623,-3.2455830817410676,,0.6213739665302422,0.1282051282051282,1,2
-0.46203595153854488,0.86012868565397782,0.21610512164461232,-0.88657175226956519,-0.45418767671106464,-0.087772902432803807,0.022656291919566088,-0.23214693286573179,0.9724168314038425,7.5748539737837115,-22.752127839077289,-3.5530222286097972,,0.6668469506462623,0.5555555555555556,0,2
0.8702834630234334,0.48299342519520894,0.096561095717383014,-0.49012940498512853,0.86861657692105443,0.072652657672481843,-0.048783812447012513,-0.11055583890573645,0.99267192270507199,3.9945928903719401,-30.544520711389062,-3.3151053301544935,,0.3404411473705656,0.6551724137931034,0,4
-0.0040474769149180896,0.98935866168584985,0.14544090373002652,-0.99970794259587303,-0.00053806478273072853,-0.024160711848278258,-0.023825352911324382,-0.14549621656068315,0.98907188996815432,-13.087046219691565,0.99420017812286876,-2.1174399255233936,,0.1415156188865657,0.3333333333333333,0,4
0.87236004035761372,0.48347206308619567,0.072406658550438457,-0.4882283851762152,0.86916683232486114,0.078626086603564682,-0.024919949748893111,-0.10394124206273313,0.99427119756280191,7.0283876930649676,-12.581316592604846,-3.4415063762366724,,0.1705930811476833,0.2173913043478261,0,4
0.98344314241608666,0.17559158432928859,0.04480157527927052,-0.17943450434951186,0.97813185335477271,0.10517288672278401,-0.025354374052987804,-0.11147050266993901,0.99344425246255919,6.4566001036123648,17.272894416921311,-3.3657351011767656,,0.3478341796711046,0.45,0,2
-0.55037583526051725,-0.83242966158774512,-0.064399522282395497,0.83475090523628803,-0.54708839954246535,-0.062331447065359175,0.016654313810116329,-0.088063281763607865,0.99597564841543085,-11.402298091033128,-13.193548508954503,-2.2411840340577847,,0.3040066259759329,0.3478260869565217,0,1
-0.73431446384533505,0.65908233998736776,0.1624584171544059,-0.67731108826102859,-0.72729345493524689,-0.11087795149178233,0.045077243773329674,-0.19145417082197186,0.9804658803694658,18.864763628711735,-2.5052456701483745,-4.3554264795701227,,0.4756012673724368,0.1764705882352941,0,3
-0.99207296558065061,-0.12509243224793465,0.011963041348627421,0.1215975064371244,-0.97963558531926076,-0.15977536231992384,0.031706109699655455,-0.15705414152605254,0.98708090815151928,11.43813114655102,3.76063783176361,-3.7833622580628714,,0.0899257064347788,0.2,0,1
0.80060926602398841,0.58344254100495041,0.13645367163333527,-0.59866598432857099,0.78838773777997284,0.1415761778198599,-0.024976836557788692,-0.19503737145445788,0.98047773119622761,-4.2125703177254472,-19.722669310491071,-2.6789186661473465,,0.6613601317570542,0.1428571428571428,0,1
0.20385754802729195,-0.96733197024937445,-0.15070155754259565,0.97896265167089036,0.20006532863052318,0.040074816449485282,-0.0086154945185715152,-0.15570075020186855,0.98776669798124705,13.323753862139931,-14.824309344572294,-3.9459792498955131,,0.4566064086799488,0.2941176470588235,0,2
0.52622073007597803,0.79765682834093898,0.29467834572526369,-0.84953381388718296,0.50830228015268963,0.14114209525819232,-0.037202718994729718,-0.32461111532516851,0.94511564451486474,7.2959280462568641,-36.624542856635578,-3.5336851208390931,,0.5400106801326753,0.4210526315789473,0,3
0.8241101790379125,0.55712481853382678,0.10224651279995123,-0.56468039526630309,0.82224443639114553,0.071064323156554726,-0.044479928147331156,-0.11630143334223393,0.99221747242958291,-3.3107642756910103,-20.967077739383974,-2.7455097883121362,,0.5720533184042349,0.1132075471698113,0,2
0.67875319272419865,0.72374471778689564,0.12444953532365569,-0.73271864579364554,0.67878101244091882,0.048782407238752393,-0.049167972024816632,-0.12429770965407269,0.99102602887195579,33.807423736450126,4.5592751054613849,-5.9540575790677561,0.4363892267161017,0.4486949386663346,0.6176470588235294,1,3
0.97685481356026738,-0.21154403643432504,-0.031682706216616459,0.21155287848022886,0.93356622348100116,0.28930863447562544,-0.031623611919971914,-0.28931509989023135,0.95671140901770402,-12.363570264471655,18.534159737591413,-2.1150743163746544,,0.6963566765519112,0.3529411764705883,0,1
0.96846744776392601,-0.24453025582223542,-0.04770489083039,0.24856764758851385,0.93539052578227533,0.25151280056703029,-0.016879786548998226,-0.25543985253728607,0.96667758562086759,9.1193862201325508,-3.4379094858286359,-3.5936750746861366,,0.5275032480592806,0.3131313131313131,0,2
-0.80105286835308298,-0.59825316440079934,-0.020185474671894271,0.59807709343434112,-0.79850591146673811,-0.068498902632127337,0.024861464406382722,-0.066943712453863075,0.99744696448004977,7.553120383283134,-15.435400959307925,-3.4840205811765532,,0.1862646529814255,0.3043478260869565,0,2
0.94688421527735112,-0.31802118537441149,-0.047673981495662592,0.32009691682698843,0.91792116445591865,0.23443271888059131,-0.030793614540203261,-0.23724093554221304,0.97096266241632834,-8.5728068956875276,-11.664761719985009,-2.4200028755984055,,0.514378827736149,0.54,0,1
0.99749008429250996,0.049462961723641466,0.050665048659291702,-0.059029427660666316,0.97607964535702518,0.20924639205912082,-0.039103176446127486,-0.21171193007771372,0.97654953804432953,15.499023577880402,8.8546974024962815,-4.1800397082951868,,0.2932003490770047,0.2307692307692308,0,3
-0.21417902102943487,-0.94986602372274376,-0.22777595116257884,0.97659236330603094,-0.21297424135349682,-0.03015507340804114,-0.019867130724257866,-0.22890283855174687,0.97324651944907503,17.285276788759738,-4.4957378300226276,-4.1983535084953489,,0.6084959681464075,0.2285714285714286,0,2
0.81850230243186628,0.53420833749243024,0.2113656383315583,-0.57393341696048739,0.77672104290541499,0.25943179142885175,-0.025581513047366927,-0.33365532164420486,0.94234797847117457,-6.0798515561029367,-12.528116520724856,-2.5638003146712132,,0.6589685542560386,0.1176470588235294,0,1
0.93551623140792151,-0.34568919958208777,-0.072858479702891957,0.3519674913870825,0.89420938898530045,0.27660161542771228,-0.030467454422797434,-0.28440911719357997,0.95821875804962386,27.219409606891912,-3.7415070118277436,-5.0488347449854025,,0.4769839219396315,0.3043478260869565,0,1
0.40494379834082167,0.89659657070424459,0.17926268319618457,-0.91426429564037037,0.39960033360284836,0.066636109593141396,-0.011887720661454269,-0.19087735011226453,0.9815419090958849,-0.90119203290968442,11.885041614325507,-2.8206294501239273,,0.7589653928794859,0.5,0,1
0.93645410115183314,0.33518437271989948,0.1034657079436416,-0.34940682869701217,0.91743311850244513,0.19034532075881008,-0.031122090158088572,-0.214401281151128,0.97624971505498825,15.09300306176752,-11.678706113241814,-4.0788439293575651,0.4185721285590581,0.1729064627053273,0.4285714285714285,1,3
-0.99880621687706428,0.03137700834861893,0.037438275532115046,-0.035738489230529739,-0.99186474217381415,-0.12217648554444963,0.033300172901160385,-0.12336862072490119,0.99180203765932484,10.848304147589836,4.7459031731334678,-3.7571403985421252,,0.7147087315439669,0.8192090395480226,0,2
0.45692449157561849,0.88227443694560348,0.11318934097644326,-0.88940170928143059,0.45510086665160826,0.042986052391739797,-0.013587072003667282,-0.12031217347082587,0.99264312438514035,15.326723051510571,-12.513740927282077,-4.0994425345705219,,0.1347763408836617,0.2380952380952381,0,1
-0.65939925765612717,0.73608786496506684,0.15286357987996613,-0.75146836886244994,-0.65131973806219889,-0.10525155300421096,0.022088675871542302,-0.18427494094900412,0.98262649899973875,24.054861831049852,-2.6279573163007552,-4.7790810172958764,,0.4359413900261437,0.3333333333333333,0,1
0.24159716290438352,-0.96361074872420949,-0.11439027851929187,0.97033544778151859,0.23881637904027986,0.037627860432518374,-0.0089403386508826888,-0.12008772645552815,0.99272302698161963,-3.3401114655429689,-23.60186307214661,-2.7640926168391555,,0.4797689610380486,0.1052631578947368,0,1
-0.67792117295149179,0.6859112887768597,0.26447795218607839,-0.73478518573859575,-0.64331921215840115,-0.21501423694023511,0.02266305546856558,-0.34009718492860513,0.94011716861275685,-0.50005927353132962,-19.84516599019183,-2.9277216121936216,,0.1183054411390275,0.5,0,1
-0.33300488142317336,0.94229200380130884,0.034547482114505146,-0.94285074109120393,-0.33321518169631764,0.00035030109496551036,0.011841831450643967,-0.032456467139904896,0.99940299617756312,-30.318319511266161,9.0286811238385756,-1.2380163922448781,,0.130198828106677,0.2666666666666667,0,1
0.75685690648012394,-0.62898876774675372,-0.17759716541025722,0.65309854770468678,0.71740727993792808,0.24246459881412169,-0.025098009868646475,-0.29949945699530828,0.95376630531810547,14.510653302174235,-6.6094417430887686,-4.0046776908053197,,0.2359895721998802,0.1515151515151515,0,1
0.44613283621619049,-0.89496369738304138,0.0023394050896931185,0.89480455126723613,0.44610021988772958,0.017872012968848085,-0.017038411931196519,-0.0058799815131695835,0.99983754597247798,21.476559823031053,-0.89296740034878108,-4.5636472502016368,,0.07009606506877161,0.2222222222222222,0,2
-0.26415568920483734,0.9089942107880925,0.32241478969559012,-0.96443170060224193,-0.25229380037498389,-0.078862748911109587,0.0096574703823680535,-0.33177908771663411,0.94330767526811354,8.6889373479837761,-12.75230745338799,-3.5408593858900463,,0.548364588641011,0.25,0,1
0.56039790105298515,0.81698123086600261,0.13599948863167888,-0.82763630027810164,0.55858148030432631,0.054816825181706087,-0.031182478371397888,-0.1432773473850531,0.98919121244020269,6.2751999842582293,-18.273145548526191,-3.4411215589693449,,0.1136985922847298,0.2222222222222222,0,2
-0.40816095947293629,0.8656158226242473,0.29002392795195348,-0.91279924902776233,-0.3919168344128765,-0.11488570789329494,0.014218373201094306,-0.31162548439807969,0.95009862400551703,10.58706300495162,7.3836030144210572,-3.7117035422420841,,0.6613080619279921,0.3283582089552239,0,1
0.40329223739003228,0.90852217771559818,0.10928322771518555,-0.91499471715848091,0.40191686653699804,0.035319965531586291,-0.011833800446739928,-0.11423784395719433,0.99338294538158767,14.746857204394258,-13.675200068581033,-4.0556880980511281,,0.09903223468911063,0.3,0,1
0.69780529338178598,-0.71083772169926784,-0.088190169167277871,0.71582497657659383,0.68762516633360526,0.12151639203745106,-0.025736655522378526,-0.14792350737484228,0.98866387641525888,18.389768327711803,-14.899028807589234,-4.3387934872315785,,0.2834189095560514,0.4,0,2
0.99402441345419823,0.094317857628414173,0.05495095257976626,-0.10442643502304638,0.96826236834116108,0.22707511031097888,-0.031789701562219955,-0.23145653541594358,0.97232571039124183,8.5963894715046738,-14.304214313568897,-3.5448094124489002,,0.427570649382872,0.2,0,1
0.93696618699391943,-0.34899136340057685,0.017302968007857834,0.34849008050862879,0.93693648932220908,0.026545786175248057,-0.025476032209976841,-0.018842591339281466,0.99949783818398319,20.045073322287276,-5.3200714476742004,-4.4235325512134755,,0.07733568699991974,0.25,0,2
-0.94567729614910478,-0.31640505075987418,-0.074714760267032623,0.32372249123965846,-0.89526076687888578,-0.30612400747575941,0.029969988550348083,-0.31368137200202206,0.94905521264319559,5.5699016625478066,13.802747529820051,-3.3232490975125657,,0.3091403991251903,0.25,0,1
-0.49589013283109451,-0.84083730297679526,-0.21699217977491173,0.86825804800973083,-0.4758114107602347,-0.14046872768230728,0.014863990954333951,-0.25806226247373582,0.96601393906084265,-4.5981988824297346,-0.81763795602812872,-2.6541574792788607,,0.1236818212174069,0.294314381270903,0,1
-0.36387355020204354,0.90742410622502656,0.21018451633047036,-0.93136014149893109,-0.35756035774966705,-0.068694085575266711,0.01281898164648183,-0.22075344166658639,0.97524540075916533,9.0002739708210271,-36.66207116130871,-3.6872659106833678,,0.5995708442296521,0.4705882352941176,0,1
-0.73613762507584102,-0.67288542135231,-0.072983605551008149,0.6764473475922862,-0.72779523797419798,-0.11284093901346928,0.02281190222365766,-0.1324360272494042,0.99092901653112031,5.8218942908326161,30.296188432297416,-3.6110276365139593,,0.4498533737797857,0.65,0,1
-0.055861868317954623,0.95949344031895778,0.27613726596190874,-0.99843396702051057,-0.054516685809606696,-0.012551671921397445,0.0030108416951526982,-0.27640598574058961,0.96103624587164205,26.020265879155442,-0.18736271301231608,-4.9717773421099754,,0.5417005257661887,0.2,0,1
0.18255645088123021,0.91726846527076011,0.3539656831692507,-0.98318431527512529,0.17202092595544732,0.061297660888601974,-0.0046630932472515778,-0.3592037912567958,0.93324749767042614,9.0814110340921683,-7.6543214767294208,-3.608157646375926,,0.3151777487828243,0.2637362637362637,0,1
-0.68970418086593854,-0.69974323695718987,-0.18619222655287659,0.72377898286046893,-0.65867400133426568,-0.2056515109007746,0.021263275041925565,-0.27660072722062851,0.96074966085630731,24.654116327599787,-5.1566667398103387,-4.7744722370178314,,0.4023891252833928,0.3888888888888889,0,1
0.29213019804044776,0.94808845609821601,0.12565121092194503,-0.95634328349002995,0.29071567766266143,0.029865011043835606,-0.00821410472040098,-0.12889016321830704,0.99162485563301672,10.515407214901376,-13.993745192979956,-3.7020100595760139,,0.09102427316211176,0.3888888888888889,0,1
0.55926371696083421,0.82136323142660339,0.11218973639152395,-0.82881656385233538,0.55676937880225252,0.055416263967911279,-0.016946928192424,-0.12397701758229901,0.99214036342457035,12.571290373827068,-5.4774887434344306,-3.8489025109943511,,0.1266946270400986,0.32,0,1
-0.28247835296128848,0.95559025122511565,0.08398364050099108,-0.95921902298833694,-0.28231217430332023,-0.014096175986194649,0.010239435803781973,-0.084540570163997047,0.99636742517545596,27.595206883215386,-0.96236140040651263,-5.0960112876751493,,0.2566867945773799,0.4117647058823529,0,1
0.73908763689044554,-0.67038397755084067,-0.065839104176853874,0.67316169554556715,0.73149758652918828,0.10846479867767909,-0.024551917357181281,-0.12448535474137593,0.99191763761362739,7.8149753288575887,18.527437465518645,-3.4711169899378898,,0.5756008458413795,0.1333333333333333,0,1
0.55901630756270548,0.80494532606292879,0.198906485385479,-0.82898362203017562,0.54748049993438319,0.11424209643265776,-0.016938780495934867,-0.22875341361615334,0.97333701947181028,11.063890773991767,-19.694306084276647,-3.804561801341078,,0.6281280265269268,0.8,0,1
-0.11504644300525282,-0.97528113939501337,-0.18865581118057975,0.99335701062448256,-0.11247754601945011,-0.02430331427259752,0.0024830213509536426,-0.19019858249157873,0.98174249873536756,12.313909822041849,-25.552278106658697,-3.9270449702353742,,0.2516735375953563,0.4285714285714285,0,1
-0.48680679652675923,-0.87021171485032123,-0.075833463540954174,0.87338821387546217,-0.48345374984219786,-0.05886849434924718,0.014566081105918944,-0.094889636424534657,0.99538122655615457,3.8210495863219718,-4.730927265603615,-3.198430952308045,,0.4504354233376667,0.3229974160206718,0,1
