axis_00,axis_01,axis_02,axis_10,axis_11,axis_12,axis_20,axis_21,axis_22,location_x,location_y,location_z,dbh,dbh_approximation,score,reconstructed,number_clusters
-0.99718441874901975,0.066856397748133553,0.033962583593183729,-0.07047349969298497,-0.99029878368521929,-0.11975727482119057,0.025626565224459358,-0.12181355060796271,0.99222212132318377,-13.798312161989507,5.7415541426007417,-0.68771597108747062,0.5706315143472752,0.5444647847796401,0.2272727272727273,1,4
0.46954120923357628,-0.87886893194765803,-0.084382778389045093,0.87974697080415154,0.45763369880564286,0.12890564409049754,-0.074674762754164903,-0.13476200567908575,0.9880601609380677,2.692863042046715,-8.8996593392083021,-1.1585535384283798,,0.3038890619983996,0.75,0,6
-0.95027517890989333,0.30604013635380034,0.057589228926224686,-0.30652734111614183,-0.95186177325052823,0.00039213853123972966,0.054936995695417039,-0.017280033706753184,0.99834028614448644,-11.145033494716285,-9.4403804600385648,-0.46700599543136961,,0.06838078879407168,0.2444444444444444,0,1
0.57026051451937609,-0.82136946523078724,-0.012455808548097759,0.81920919259600844,0.56750724531953367,0.082654856336636565,-0.060821413550592271,-0.057338713765873121,0.99650039014411984,13.491947055167469,-2.7240360329601234,-1.5585523576539206,,0.07543821934702143,0.1818181818181818,0,5
0.92150399695226259,-0.38730710419472147,0.028698268960061571,0.38417315421955894,0.91988903788999155,0.078836194395848824,-0.056933041179967607,-0.061622763733252123,0.99647441703832818,1.9180695661942659,4.3569019026003062,-1.2598398778388626,,0.06410774690568664,0.25,0,5
0.031082614205980161,-0.9994995066318888,0.0058828000759618328,0.99863669351434514,0.031301645986785018,0.041772734232438311,-0.041935968581375875,0.0045763742339886291,0.99910981945830812,-6.5666634902056096,-13.821237082935847,-0.59231517051380511,0.2527054902414422,0.1416203465073746,0.5142857142857142,1,5
0.16547394787434341,-0.9860049336488661,0.020313625845078769,0.984789698595533,0.16630654665708774,0.05031284208939004,-0.052986999490414126,0.011679184864047773,0.99852690225447305,-7.2603741159740309,7.8905202093113322,-0.92257720236093754,,0.085395503925487,0.4285714285714285,0,5
0.65292505724520389,0.75430342790271676,0.068667374171114126,-0.75741543158975544,0.64983806351473217,0.063500828318411945,0.0032762190172417002,-0.093471010808866717,0.99561661121503864,14.84430002284455,-4.0708522021573481,-1.5840311589884724,0.2088109806231357,0.09444051541381331,0.3333333333333333,1,5
-0.47132658436282182,-0.88171345736194728,-0.020799759126410244,0.88154251992217403,-0.47169758429576281,0.019600370884335003,-0.027093106911864916,-0.0090976962129118554,0.99959151431046023,11.20692014505239,-7.1718927208963335,-1.4422952266595661,0.3671183135710555,0.32630874559909,0.8915662650602409,1,5
-0.65433081525336589,-0.75572012646212572,-0.027171210314118205,0.75618194881706446,-0.65418607914765625,-0.015147083304783657,-0.0063280718304658734,-0.030457582134578002,0.99951602848449794,5.7674007045569216,7.7427315870540525,-1.3675471807951378,0.3193670580438733,0.1287001138137777,0.3333333333333333,1,5
-0.5670021319839651,0.80092025677906598,0.19244564065364692,-0.82143954896483018,-0.56714536904666724,-0.059859817618956146,0.061201713391812497,-0.1920231044688992,0.97948020787968559,3.6285990590998294,-5.0069942465682447,-1.1992608969476477,,0.09959353373532501,0.4074074074074074,0,5
0.75771985625633964,-0.65256790778407048,0.0039680177914904156,0.64967194246154403,0.75490275099954141,0.089711781342077232,-0.061538497000792558,-0.065398488236699387,0.99595986421303073,-13.02485874187961,-0.06757899129991185,-0.59852818686025533,1.118507083269887,0.4629972033400593,0.3939393939393939,1,1
0.095664698459357864,-0.97867979536188576,-0.1817529191487666,0.99427368120010073,0.085212897308477059,0.064487277854591768,-0.047624703059237161,-0.18688129998133279,0.98122742897648718,10.676250781353822,-1.5467574390776515,-1.4742538353551384,,0.09365628990523575,0.2580645161290323,0,5
0.83298411141404494,-0.55116046975355093,-0.048575783192844869,0.54456903020765468,0.8011465239062483,0.24821123780286003,-0.09788790257456341,-0.23320888450910052,0.9674872478309845,-3.2986941278677087,8.3649432837686568,-1.062471903721127,0.8792425184138525,0.7123350079209781,0.1573033707865168,1,3
-0.21786017903895308,0.97078680008593732,0.10054815347894012,-0.97463775614754211,-0.22180415158165279,0.029734872335851519,0.051168219441383202,-0.091519982080703777,0.99448776070857148,-5.6845517263105565,-7.7202590932454314,-0.84482269597400184,,0.1037258667932131,0.4316546762589928,0,5
-0.39407906030308998,-0.9142964041981263,-0.093615060225432922,0.91870525507598977,-0.39476605237559192,-0.011849818038810769,-0.026121801744810647,-0.090674412940857679,0.99553794619363301,-4.0046367279324144,-19.03846067417464,-0.56482491756521058,0.3034142714427628,0.2775494057483348,0.2631578947368421,1,5
-0.15792342548469634,0.96191427991788436,0.22311680746469639,-0.98618189323080863,-0.16509517552521305,0.013742506394301798,0.050054621633550921,-0.21786349191261456,0.97469484134510809,-22.177730952221385,9.4521983958852243,-0.45575169652935965,,0.08685478294817504,0.1875,0,1
-0.5818245524315826,0.80828977662184565,0.090265315578005614,-0.81061050015359892,-0.58535006415747126,0.016610822724270294,0.066263166454085448,-0.063505428110140649,0.99577921919069357,-16.716254614928893,7.2302133104917674,-0.60140871597469825,,0.08987175737233032,0.3684210526315789,0,2
-0.99765897813736482,-0.063133484007330792,0.026281676868229329,0.061313427420321621,-0.99599394787127327,-0.065090086970052349,0.030285755065424403,-0.063326289966270113,0.99753323455372966,-12.015396625893271,11.313108403622918,-0.7546305115228954,,0.5645693616858994,0.1666666666666667,0,3
-0.88997414243638151,-0.45585083597530501,0.012084748042175738,0.45575758593244975,-0.8900505452420604,-0.0097493476364399097,0.015200284854336442,-0.0031689517077508802,0.9998794472762309,-18.984076183507216,13.530396090335334,-0.58269438036347954,,0.2167041344800087,0.6666666666666666,0,3
-0.92268384786533708,-0.38482471112575239,-0.023758337387060895,0.38459250056914784,-0.91426884475927273,-0.1272834946429231,0.027260326380769934,-0.12657970299193455,0.99158179359853527,6.9484359093196542,-7.1137432338678739,-1.2853335129917063,0.3840009583017111,0.1626422102677518,0.3793103448275862,1,5
-0.26432234378976205,-0.95460273653651706,-0.13735834146669237,0.96293202116073506,-0.2691668113529152,0.017639452639071428,-0.053810976545578343,-0.12760424390708061,0.9903643449458962,2.4119196014594371,-25.74850563661504,-0.41470468883167733,,0.5933797300948328,0.8923076923076924,0,5
0.0034061472881769736,0.99293151195244955,0.11863983619541493,-0.9987673402688656,-0.0024971330207497291,0.049573827156406625,0.049519674604220111,-0.11866244940376178,0.99169905965902438,9.9655273925461945,6.8632912613071948,-1.5219442410542083,,0.1632568570305847,0.5625,0,5
-0.9482363477633563,0.31303225583818667,0.053466209752220273,-0.31232041907004898,-0.94973568572687395,0.021402875713643337,0.057478557848307903,0.0035963956624375983,0.99834026330000269,0.92889994233193318,-2.1154798579287419,-1.1539276377844252,0.3193846196447874,0.2923386454556137,0.8264705882352941,1,5
0.27314769807773331,0.95803899110923108,0.086900095219988538,-0.9614615889764303,0.26894388434797889,0.057103414913114887,0.031336048853579428,-0.099148769968308278,0.99457909361499186,-21.371580812444968,7.4598971464492001,-0.43282644665210823,,0.1103183238487456,0.7222222222222222,0,2
-0.93417294782981875,-0.35579201690120993,0.027072943177931241,0.35558530763524548,-0.93456337044315008,-0.012263589192669941,0.029664668157491227,-0.0018295724385742165,0.99955823248463016,3.0584980318922619,2.9354094553158636,-1.2946596385460212,0.8240261783277346,0.4441880557188435,0.2577319587628866,1,7
0.45424651929751897,0.88676696380927511,0.085466084516431173,-0.89066381716101517,0.44994981917734511,0.065292610779817045,0.019443880946435167,-0.10578049025579005,0.99419938813850961,3.5166210904427277,-14.761622038821413,-1.0039615563723161,0.3241628270453846,0.2634526584160289,0.8936170212765957,1,2
-0.15900862857236153,-0.97487335186822766,-0.15600706348349969,0.98688205336450174,-0.16141831035744889,0.0028181249815847583,-0.027929711538114885,-0.15351246496149501,0.98775191941845641,10.067106938310141,3.8207579115828003,-1.514122662669585,,0.1598335628206239,0.2903225806451613,0,4
0.14313890152829359,0.98140979244940607,0.12785176632994966,-0.98958805794879767,0.13995769215882584,0.03357558593237453,0.015057570667289633,-0.13132655363630727,0.9912248008779897,13.707175181693701,-4.2089649411403744,-1.5373557345247586,0.4456313913045968,0.4270992921418439,0.8680555555555556,1,6
0.57083864643576421,0.81195308200226057,0.12196488167671626,-0.82105995952713506,0.56485582516802224,0.082452650867345351,-0.0019448898900243353,-0.14720764042937251,0.98910369931697917,7.6308293830920224,6.1085239725101248,-1.4507221764330405,,0.2189927270273699,0.4333333333333333,0,6
-0.73467504752810786,-0.67729480156414412,-0.039042621758288147,0.67841762144937823,-0.73333267539269631,-0.044415291379879054,0.0014510156931982841,-0.059118008893892959,0.99824994644521825,-3.8360759444134982,-7.0094953958870407,-0.9517260856322356,,0.102465078710809,0.1846153846153846,0,4
0.082100352167303339,0.99045653652248156,0.11070402627680478,-0.99662155124948149,0.081342460423768442,0.011352872644589824,0.0022395890429684237,-0.11126209323978396,0.99378857452117064,-5.8348568226912709,-3.1669741178775577,-0.92915556710886749,,0.09066040830628226,0.4197530864197531,0,3
0.1211215872296646,-0.99253127756702908,-0.014533552839207089,0.99150927700053071,0.12027300594573338,0.04943437733666773,-0.047317171606650742,-0.020397722714578591,0.99867162680192756,-5.7088166642712954,7.4895628234199361,-0.97871860741941796,,0.09014770278419185,0.1910112359550562,0,4
-0.6877324428872762,-0.72553010678694219,-0.025102811516417523,0.72573331570226274,-0.68797463740157139,0.0014327497956266261,-0.018309600762987273,-0.01723259811826611,0.99968384806497479,15.58337113544269,-0.39602175771876091,-1.6518024543623786,,0.1100071256293395,0.1666666666666667,0,4
-0.5631798790301269,-0.82624311797753369,0.012277371476611849,0.82442024497514821,-0.56282401829898676,-0.059668954246722791,0.05621106235188713,-0.02348264083412429,0.99814271627294238,4.1670217770852069,15.502555363840756,-1.3816987440129596,,0.2730066164326527,0.6,0,3
-0.56275120251906374,-0.81033221143612866,-0.16331806750136588,0.82433070905957451,-0.56484056849113962,-0.037868381110686834,-0.061562701083416861,-0.15593857539312972,0.98584643557689777,-14.729107099893666,4.9248826228683562,-0.63325966256348998,,0.2244048712736114,0.3703703703703703,0,4
-0.75226299027865162,0.64766005619681188,0.12098282962538459,-0.65679287974835387,-0.75169310071910544,-0.059838076867174628,0.052187226108373064,-0.12447463170638541,0.9908494131262704,6.3549212479360193,10.959586736304432,-1.4095578693913833,,0.247298761579977,0.1875,0,4
0.20723325488112757,-0.97738294421544314,-0.042153984724170923,0.97699424391176759,0.20454787262215071,0.060352424715376364,-0.050364922660979618,-0.053691229847195217,0.99728663201852308,2.0625350782990957,-21.586186340446929,-0.66123246244847844,,0.1677586010656462,0.4814814814814815,0,7
-0.54410903083511952,0.81557583127967803,0.19693000278304973,-0.83211141061929561,-0.55460405788331535,-0.002222452818038804,0.10740559985789999,-0.16507695905796502,0.9804150318652517,16.623119188762548,-0.42483349250831526,-1.6793535063168585,0.4165973391830443,0.2282711465504544,0.2631578947368421,1,4
0.0035336386642295147,-0.99912616864119874,-0.041646278755130176,0.99902891903394697,0.0016981500291389552,0.044026528597451757,-0.043917335206662578,-0.041761410690227894,0.99816193688474641,-3.5957511002906064,6.0394548571501039,-1.0441086099146737,0.2818880097685879,0.1141345521976505,0.1975308641975309,1,5
-0.94832729405996308,-0.31666588160692988,0.019951510394338332,0.31585236399234567,-0.94813791465552621,-0.035662009942191659,0.03020972527773523,-0.027517525665948509,0.99916473030220021,9.2320767268478772,2.0044243971373943,-1.45987734744413,,0.07068290770442739,0.2941176470588235,0,5
0.61726000762228839,-0.78675859511834823,0.00099799676068337037,0.7842721876421499,0.61540906068322065,0.07866907727938964,-0.062507748968646457,-0.047776574138353539,0.99690028602788239,-0.6749719393373711,-3.96929538773988,-1.0835925274587253,0.1949575429503155,0.1100384999423463,0.2705314009661836,1,5
-0.18720073014324715,0.96344580464302632,0.19164568387935926,-0.97940520148162169,-0.19808088410522162,0.039107731496951674,0.075639526337617335,-0.18037778374247171,0.98068471854494366,1.2552737059983283,5.9170445952701245,-1.2253065180298406,,0.3012642782610174,0.8512396694214877,0,5
0.8938939861184706,0.42761597557908337,0.13452924964772836,-0.44757594727822386,0.86814963996177763,0.21445739449185763,-0.025086111680219424,-0.25191423156261877,0.96742436755385852,24.593694435997794,-2.047785098972732,-1.9080053657149174,,0.2355924039622816,0.3157894736842105,0,3
0.42790697878824147,0.86979128120419114,0.24568016738331244,-0.90225114645035875,0.39505589002782165,0.17284013562636225,0.053277445822161047,-0.29562471293093617,0.9538173529933125,10.896094157219281,-2.8730413544668458,-1.4785057788076577,,0.29559008213209,0.2631578947368421,0,2
0.16520373421739484,-0.98624765264219461,0.0048263711409821022,0.98501926124785788,0.1652393526896189,0.049325564299258183,-0.049444728448570736,-0.0033946988788195087,0.99877109231703853,6.3363067367490293,12.988826790552256,-1.4394102390955452,,0.09195987444395694,0.3461538461538461,0,4
0.92235561570061653,-0.38307587038081603,-0.050129788724050328,0.38364551580599127,0.89287150116213454,0.23578931403783263,-0.045565736990554759,-0.23671366657727477,0.97051038308101156,8.5348020361481574,-5.474301022842508,-1.382120230887171,,0.2518198941111421,0.5161290322580645,0,4
-0.76438971042862658,0.63880243002340165,0.087406098111271688,-0.64474861419380569,-0.75674684685120708,-0.10785839919043008,-0.0027559183600087654,-0.13880081115379836,0.99031648463359445,7.8650294117083055,3.9751706957422597,-1.4375310454398764,0.6197209190503755,0.4780838251422413,0.21875,1,4
-0.072680807681612836,0.98200929653945124,0.17428494399930478,-0.99630822062676205,-0.079492453355048773,0.032417269643357317,0.045688397939555023,-0.17128540909747036,0.98416151058859702,-7.3314596939399861,9.3380489636268855,-0.9037774681134132,,0.08620538816026307,0.3125,0,2
0.27049831380399109,-0.96088033007414075,-0.059494987232608744,0.96180057814905373,0.26702244974208794,0.060321299769481786,-0.042075053194775398,-0.073539122991403541,0.99640437940040805,6.6767264787087477,-8.9317053699454636,-1.235664839885372,0.2304984677883722,0.2163317721671125,0.1818181818181818,1,5
0.99839210754373742,0.038813975726783995,0.04131192179814816,-0.042060806450203596,0.99583701952128434,0.080867293213785621,-0.038001159918273623,-0.082474880049906607,0.99586836781053578,-10.155282002083267,-8.6535427035207331,-0.54811471593283567,0.2537007560265083,0.3027761609334849,0.5230769230769231,1,3
-0.88411563902918833,-0.46722115360351324,0.0066280049346364202,0.46691559821465417,-0.88391058863365257,-0.026303905511576763,0.018148304820637944,-0.020160975341305672,0.99963201934783275,-14.803861888159581,7.1780519991271987,-0.66339294275180261,,0.06590050514053883,0.3181818181818182,0,2
0.8650249426951937,0.49650244074658956,0.072230013483707264,-0.50163217707314223,0.85867524587284749,0.10508083103051713,-0.0098492355051897282,-0.12713043875439092,0.99183710562878191,-15.946461987948615,7.0612894811897879,-0.62230635573913617,0.5352461925731049,0.4342366338437761,0.7419354838709677,1,3
-0.35999539595614066,-0.92469304330397428,-0.12387933869542861,0.9295807939928471,-0.36679887764993924,0.036580470122359307,-0.079264508640434411,-0.10198705319784492,0.99162280059002839,-15.227833137939543,3.1610793065003007,-0.57531446066225078,,0.3380634878565389,0.3333333333333333,0,2
0.23769224595086436,-0.96943420654983259,-0.060825285744747819,0.96980405524719482,0.23332980633309069,0.070973910013876457,-0.054612183997064634,-0.075858556851938708,0.99562191052196725,10.117037276830951,-2.3970797628080898,-1.4652208996972742,,0.0985693291828878,0.2093023255813954,0,5
-0.12324084527062816,0.98172557891583723,0.14500545423999264,-0.99164258316669429,-0.12744760027958507,0.020052342343515633,0.038166494566144647,-0.14132231559573533,0.98922763902308808,-8.1086298678921764,9.0702517392683824,-0.87453892285252199,,0.1327625596795825,0.2666666666666667,0,5
-0.69080983761413806,0.71977776679748751,0.068569196287765394,-0.72125291203297293,-0.69265700795448815,0.0045283789033435436,0.050754360792789041,-0.046327483803437298,0.99763608550661298,0.48291691763707795,9.1831061052547778,-1.1770933445413145,,0.4204188876178233,0.5066666666666667,0,5
0.9065614825321231,-0.41290997863621254,-0.087473584194330128,0.41777335224308748,0.84833341803432505,0.32526272150643432,-0.060097458721088674,-0.33141478752288933,0.94156918708421322,-10.479819304683231,-14.96073186909546,-0.31665131147773196,,0.4816784479105677,0.1818181818181818,0,2
0.87249671185268118,0.4645736355329802,0.15139625151875261,-0.48685550766011398,0.85287112024598488,0.18863341939160944,-0.041487377204064049,-0.23829013705570762,0.97030748122164856,-13.64129676460829,9.7684052101720216,-0.71964769251511362,,0.3123331153107589,0.1935483870967742,0,3
0.89982469746696969,-0.43435675518742156,-0.040616782880131638,0.4325585461492949,0.87624277091522329,0.21234808822313431,-0.056644664194304362,-0.20864519079496249,0.97634961278040611,3.7037677118734091,8.5199510883527942,-1.2727965258181206,0.1506214186043972,0.1073613235845524,0.25,1,3
0.50856808237189355,0.84385694044443982,0.17106714955339866,-0.86100913532895007,0.49734549587633509,0.10635189989659717,0.0046663125344095328,-0.20137756030717999,0.97950257974752675,-10.198342893439975,18.136309893853912,-0.79905214823050141,,0.4154399020785525,0.6764705882352942,0,4
0.062158900103863754,-0.95620637417747067,-0.28601685460869797,0.99698976919892468,0.046181378830720828,0.062279052352842396,-0.046342974122864825,-0.28902707525709176,0.95619855601113479,-5.3686115458327155,17.614529384061292,-1.0316941157655752,,0.3415187869995273,0.2,0,1
0.98487363148039497,0.16184568575025421,0.061886218325657112,-0.16974898106497652,0.97287687030212044,0.15714922417420432,-0.034773746447904492,-0.1652772495995202,0.9856339164835981,2.7908546486432315,-2.0214765274350399,-1.2395550088507352,,0.07613547250125266,0.2676056338028169,0,5
0.61365008007627431,-0.78949275638757221,-0.011608911832548618,0.7868560540384163,0.61024864223580788,0.091946423924180828,-0.065506712980233736,-0.065557472960039706,0.99569628315747938,6.7168751449781174,0.088210462117696689,-1.3896472659465577,,0.1199549453845557,0.2837837837837838,0,5
-0.098953039674176679,-0.99490569578615307,0.019260125428230756,0.99432024235553806,-0.098095569959340559,0.041285769901691909,-0.039186114648739105,0.023236085010657524,0.99896172738104105,-17.073169340499891,-10.695354269333015,-0.060320224486564093,0.3027569419771141,0.3131726719150771,0.8775510204081632,1,1
0.86600399983870657,0.49206359484923684,0.088940940445944805,-0.49978192966891827,0.85744137933357489,0.12252470682662205,-0.015971694956239794,-0.15055796103356212,0.98847215708366953,-13.310755833210791,11.072388117202067,-0.71504362463748194,,0.0674310216909472,0.2962962962962963,0,1
-0.31371760728783932,-0.94616904569566029,-0.079658018083291801,0.94910859781436063,-0.31493571941240689,0.0028917456750554779,-0.027823235477789768,-0.074696918313640573,0.99681805659909384,-11.11453956007932,-25.224684587953998,0.1940596327233525,,0.2542325374584433,0.2352941176470588,0,1
-0.24276908664935309,0.95485797478873013,0.17119993735338782,-0.9686901848652778,-0.24807260407477461,0.0099653827439650493,0.05198553946159018,-0.16342041209691366,0.98518590763213976,-9.7144179337055068,-1.3107457213949396,-0.76483888951023449,,0.1333085601689125,0.2395833333333333,0,2
0.80341975379087827,-0.59504711591902004,0.020871728607430917,0.59276705562247134,0.80265889789973133,0.066075043632639996,-0.056070642829128596,-0.040713922174679,0.99759634098862038,1.5105468963586344,-10.789576510640428,-1.1284544130277521,0.222302769961402,0.1977551891649902,0.6142857142857143,1,5
0.9995971401344429,-0.02832805172536014,0.0017546852962631739,0.027624705421019045,0.98524193275335015,0.16892367979311113,-0.0065140682714816388,-0.16880715455776435,0.98562757240484411,-16.473010724228438,6.3551828432663919,-0.60208485397019718,,0.2509397327442717,0.3793103448275862,0,3
-0.84084721469621271,-0.54048490922075476,0.029189457724561184,0.5410185187442319,-0.84088158619676068,0.01473500495474549,0.01658082969631932,0.02818192505582209,0.99946528463310313,2.4188356772301902,-5.586986610888788,-1.1399857467772931,0.4928869260553886,0.4638960289405062,0.9574468085106383,1,5
-0.81729670757357409,0.57063610414789978,0.080003302633720075,-0.57214626359736764,-0.82013735818027578,0.0048339185603748901,0.068372105722776841,-0.04182284495325924,0.9967828774608084,2.2952852613270953,1.4075865768092295,-1.2698277059874192,0.738634663439776,0.3137985662199374,0.2344827586206897,1,7
0.41809551810191226,-0.90831211133211065,-0.012854810403037428,0.90706529923810453,0.41667029841662451,0.060153182255715053,-0.049281646291311036,-0.036809928345562168,0.99810638136123242,2.9461120993837637,-14.337596581422288,-0.99845694981506161,0.6055350514889375,0.6393377196560062,0.6363636363636364,1,6
0.97076710882959805,0.23307851715593955,0.057320373821290967,-0.23720498140178509,0.96809908728381111,0.080733846671830631,-0.036674476312593365,-0.091970441124527749,0.99508613735020834,8.8767633902284917,8.4705465737239827,-1.5006315250967841,,0.0769869281187494,0.3125,0,4
0.68904130697400956,-0.72327889774984822,-0.045713382650110164,0.71659486593931321,0.67053750975379411,0.19201886918373215,-0.10823065828575482,-0.16506690789781825,0.9803259868656381,-19.734956461783096,16.487637404255985,-0.60982295861154079,,0.3268432330756741,0.6666666666666666,0,2
-0.75445389273528296,-0.65559575116771496,-0.031520386853887569,0.65617554689083823,-0.75226282168862091,-0.059449968608771456,0.015263531671542261,-0.065535167321938578,0.99773351474479333,-15.6873500723857,-16.630780325290385,0.064052627655350428,,0.376195681895496,0.9666666666666667,0,2
-0.72423334688929475,0.68675932721030086,0.062029716613770686,-0.68645548337650897,-0.72657451421554298,0.029467687978021143,0.065306420785807118,-0.021239156812402158,0.99763919811826007,3.6451372029903744,-3.3020672559110444,-1.2502608762059175,0.3130280509651032,0.1364941613498901,0.4444444444444444,1,5
0.073676909489493486,-0.99399398999278221,-0.080917617774547757,0.99678554117894924,0.070837124051602751,0.037425749861403963,-0.031468999104952884,-0.083414925009429014,0.99601789762082382,29.689970879637812,-9.6350304870254373,-2.0209314056093506,,0.3413732724088345,0.5,0,3
0.34229868470980929,-0.93954568874039102,0.0092471192963077264,0.93745133606123188,0.34216641391392705,0.064086954259778492,-0.063376675227929363,-0.013268155811138601,0.9979014746348589,-4.0609126199523908,12.067034250753007,-0.99306352858970925,0.3763011760361178,0.2028281547850535,0.4285714285714285,1,6
0.99530086608363699,-0.077486604139750781,0.058069029198465016,0.06365363530021341,0.97548576222111394,0.21065550649569853,-0.07296849105079567,-0.20596930325361945,0.97583412803149538,28.401477232712338,-2.968868130811428,-1.978263165728618,,0.4382945441131634,0.7647058823529411,0,4
0.4372101959289163,-0.8992900470485149,-0.011164938660018938,0.89739678710785364,0.43540282182094009,0.071438009762782292,-0.059382245362594697,-0.041252806326915074,0.99738255193574255,2.6315115965057796,5.8219511318361112,-1.2698020439102045,0.3799386844059304,0.1985432425003875,0.3294117647058823,1,5
-0.26371908571125452,-0.9644557249356841,0.016655283558252899,0.96407470120167571,-0.26296680636226599,0.037529045478555678,-0.031815316036792919,0.02595406308107261,0.99915673058587995,4.3077421262511075,7.4511579021943692,-1.3009269851259839,,0.07168170992342313,0.3617021276595745,0,5
-0.304601604663369,-0.94606424141754741,-0.11036445780931181,0.9518587625838475,-0.30653636822459107,0.00059249306033013415,-0.034391256575608889,-0.10487090190668022,0.99389100780942408,4.5386362336007027,11.061703475980174,-1.3414378659277748,0.341834026424742,0.2991254159706246,0.2258064516129032,1,5
-0.80234780502058534,-0.59684526018287898,-0.0037060998205848926,0.59680022225116669,-0.80217085726047788,-0.018745945773614475,0.0082155036124555957,-0.017252569641104602,0.99981741050112372,4.1595778815854825,3.1313012183618305,-1.3272765910757887,,0.1406628427815498,0.2385321100917431,0,5
0.75454500687811332,-0.6562129104269766,-0.0068153344940365167,0.65324917674940752,0.75006440483474346,0.10329037552513631,-0.062668538131425838,-0.082389348758558079,0.99462789501381454,4.2208949909470173,6.3571921617982525,-1.3104999558584276,,0.08300271591332295,0.3333333333333333,0,5
-0.42978684880947604,-0.89503885338649836,-0.11911639483716877,0.90220869875260745,-0.43096343491716654,-0.01702884786251508,-0.036093330208617012,-0.11478662244783014,0.99273425589201492,2.4655548537370064,10.845998055253428,-1.2559464607870996,,0.09113355979466721,0.4117647058823529,0,4
-0.59864630194995549,-0.79680180632751541,-0.082033448024883993,0.80091480018543326,-0.59703282620230758,-0.045686839251715267,-0.012573305276255014,-0.093052059999193443,0.99558185305093649,-11.161751450135917,-7.2625509290917902,-0.51529664326029678,,0.07967123491282223,0.4,0,2
-0.34789788701217245,0.93138296143231514,0.10720466112085453,-0.93584927120908024,-0.3518443039404654,0.019792103528501193,0.056153377368590933,-0.093441772983076404,0.99403995557114344,-11.0762868645891,-1.4977555012572328,-0.68710814962347699,,0.1014619875862132,0.2941176470588235,0,1
-0.80251469776025397,-0.59652399979873783,0.011370028271091936,0.59516331004607759,-0.80172984205592102,-0.0548625075255008,0.041842493398053925,-0.037260944984056334,0.99842918012502546,-2.3042603670574504,5.8913113463113636,-1.0845397706219853,,0.1031888460801297,0.2457142857142857,0,2
0.84800892139352479,0.51337828603474533,0.1316191652648602,-0.52980364557402027,0.82760704047255429,0.18540410916896485,-0.013746504045356982,-0.22695665222303357,0.97380784122856834,4.5670544190423117,8.6635593728936762,-1.3199915990264668,0.6683474945962116,0.2662597259116438,0.2692307692307692,1,4
-0.38633697020140095,-0.91743457133943018,-0.095171176134577568,0.92226749944980069,-0.38568036779068487,-0.025948282398919803,-0.012899802875008437,-0.097798063437262425,0.99512267277643118,-6.4245574677981407,13.545964466856411,-0.87409465272053766,,0.6812340008753607,0.5869565217391305,0,4
0.98259522082464001,0.17151639932494989,0.071335522533889015,-0.17988349531216319,0.97437978321786411,0.13500357836216181,-0.046352563325642089,-0.14548595402620038,0.98827388767195012,8.061481182323071,2.4740449803600164,-1.4191891063226008,,0.1554428882404964,0.5238095238095238,0,4
-0.88783187824262477,-0.45999698956871904,0.01254294877169451,0.45978956861857939,-0.88787736867180822,-0.016350253513817942,0.018657667745839053,-0.0087491592819737268,0.99978764927665753,-1.9245504668608671,1.5020972890383761,-1.0962213765751581,,0.07112313456867674,0.2810810810810811,0,5
-0.91778930487969612,0.37968025687592649,0.11621400254304319,-0.39291192892304344,-0.91064867674255001,-0.12782489451204387,0.057297538851306624,-0.16297818898758384,0.98496451812027741,-14.77255453235499,12.897612061249735,-0.67541962303628877,,0.3251869072678752,0.2592592592592592,0,1
-0.54244544442049469,0.83730754772061311,0.06833015701391916,-0.8378438879445812,-0.54514713208344734,0.028848289639104189,0.061404879784601935,-0.041601381122350692,0.99724558952514475,-3.2349067099033331,1.6218450598828273,-1.0472049605701534,0.322827740056592,0.2918979593954799,0.8457047539616347,1,5
-0.30084141014481891,0.94883931523731513,0.095908288495102315,-0.9520933525905706,-0.30460814147809384,0.027057865734542837,0.054888012306184793,-0.083173517451436585,0.99502234753789931,-1.4229674089373485,9.6930659140521271,-1.1012940604254753,0.2509399195051563,0.1795561440603756,0.8137931034482758,1,5
-0.7980087429412287,-0.60238725037219243,0.017653520283214735,0.60231502456986175,-0.79819889774875019,-0.0097535024522844953,0.019966405955177319,0.0028496002719072622,0.99979659051805325,7.9367120226921912,-1.1440567958752885,-1.410741397644995,0.649564355296584,0.3498901257842247,0.2307692307692308,1,5
-0.67663729201807654,-0.73607866666243249,-0.018712870835396005,0.73631292548636773,-0.67649455850496454,-0.014085030169698412,-0.0022914650669398893,-0.023308985341076605,0.9997256825700831,-6.4204894708774383,3.0315914195327873,-0.91649571767914551,,0.06724078220439977,0.1944444444444444,0,5
0.86441048617180538,0.49646395335139992,0.079486190114527761,-0.50256337403918938,0.85787280186464965,0.10716487715311072,-0.014985542051245693,-0.13258129145393971,0.99105884521850507,-13.536413286544283,10.476052892327582,-0.71823919941746228,,0.07290135275943363,0.2083333333333333,0,2
0.93897238660439875,0.3222119708741395,0.12045871915243435,-0.34310701637279639,0.90236544562492238,0.26079527959281623,-0.024666424755120195,-0.28620979781890815,0.95784942403399853,1.2809926780082619,8.2780644687357583,-1.1975699470465198,0.8079723925790242,0.3997491808914262,0.3809523809523809,1,5
-0.48918744236416639,0.85949615831570447,0.14819581665402229,-0.87090341453867803,-0.49055430387942961,-0.029727386199274061,0.047147521441514094,-0.14360650676733058,0.98851114431553511,-19.133486678534986,3.5583091101972109,-0.41926588706909967,,0.07701852276402539,0.25,0,3
-0.87568661992319086,0.46669777923289857,0.12396018129455182,-0.47911745572346337,-0.87172992634674318,-0.10263234934744762,0.060161510191919738,-0.14926526176770749,0.98696528526632876,-7.2429545741636217,-6.4139492857024916,-0.79769864221814102,,0.1837103050430184,0.45,0,2
0.97695433362364581,-0.21216512887201727,0.023370667613445528,0.20492635926088737,0.96293919749364598,0.17536615754007379,-0.059711115330862229,-0.1665354617521824,0.98422584942935321,0.60010051917449603,14.995060041229138,-1.2433913624434356,,0.1754097239780782,0.2,0,4
-0.19102482429369827,-0.97984754813751362,-0.058380638164258362,0.9806023274861736,-0.19315665061495169,0.033310413565628187,-0.043915735588298879,-0.050885073765475318,0.99773850153014643,-7.0824913722982643,-20.08947598438813,-0.31085465535974632,0.1417551231343412,0.2043655358053712,0.2105263157894737,1,5
0.14920126649009685,-0.97275172165274792,-0.177462869635784,0.98761003299065775,0.13777355832561033,0.075132345647481003,-0.048635427560000548,-0.18647395166058919,0.98125534930421743,-3.9833779310622721,5.0054599841629592,-1.0429465316970332,,0.08616720073411088,0.2209302325581395,0,5
-0.78797057526614112,0.60144791399696873,0.13176789921464746,-0.61231701805184846,-0.7879151594668643,-0.065250064263549817,0.064577410282842487,-0.1320988577959715,0.98913075467814715,-15.553838343369973,4.3880798239425793,-0.58760632774264077,,0.266149463103756,0.6296296296296297,0,2
0.9981050910481426,0.04347634650998531,0.043543478477545021,-0.047326314229269612,0.99466268815855752,0.091686186345956225,-0.039324892946493335,-0.093573201715751272,0.99483546816315904,4.5793034966032717,-14.344725506891661,-1.049071470013202,0.2911654947592163,0.2893707137621013,0.7377049180327869,1,5
-0.52393874362222925,-0.84888884144498178,-0.069827844029121483,0.84906728735126746,-0.52703552822239741,0.036308312289293293,-0.067623475816600012,-0.040265206587497764,0.99689807836957278,-22.41801388895826,12.072013107072634,-0.49075705162243377,,0.2124752985305993,0.6842105263157895,0,2
0.87938382011420968,-0.47536749469858031,-0.026642858430241476,0.46527990036056704,0.8461579682146243,0.25986786478392859,-0.10098866887824258,-0.24091998217435759,0.96527656707666298,-19.54109073935803,10.428432465683251,-0.53858737375447907,,0.4455698175067162,0.675,0,2
-0.7888374767105929,0.61077989711238467,0.068435024806375644,-0.6118029177321429,-0.79097655705392544,0.007299044153430312,0.058588609740297913,-0.03611098827922106,0.9976288745491465,-1.2362575737034256,2.8809055046195642,-1.1284797201830181,,0.09733553799813488,0.3717105263157895,0,5
-0.49109913252175375,-0.85934308108993895,-0.1426573202441257,0.8706496528195502,-0.48950319441531753,-0.048536632581992471,-0.028121594577488737,-0.14804084449925889,0.98858134934782627,18.099695428929039,0.46551401531954006,-1.7157120754937312,,0.5029319623088085,0.5185185185185185,0,5
0.67564724418028455,0.73402097450885628,0.068658651404290061,-0.73718574652439461,0.67171301539582562,0.073203825508763629,0.0076142335699324317,-0.10007414215928033,0.9949508477900938,-7.4535334582966852,5.5113145724789181,-0.90649554050969905,,0.09488283552719247,0.5053191489361702,0,8
-0.20204528296977911,0.9628441983754864,0.17918915504106361,-0.97801567438000392,-0.20799935138096401,0.014886587658871962,0.051604692583997157,-0.17224203749307754,0.9837020058043725,13.275698799227973,0.048611305754550541,-1.5895835954107578,,0.09532180173345213,0.3529411764705883,0,5
-0.97459365334673453,-0.2139892676098728,0.066149861708511962,0.21383720798063832,-0.9768235626717604,-0.0094538823926298629,0.066639772953621682,0.004931607956709977,0.99776491214296115,1.7266326073020855,3.5756479582832039,-1.2660980296613698,,0.1311501045862043,0.1942446043165468,1,5
0.95768216740466794,-0.28776414486531143,0.0060550115635125629,0.28297347203134487,0.94516930788648312,0.16303678589788223,-0.052639152364222772,-0.15442401484005752,0.98660141053976513,0.88521353116601631,-10.008520648586259,-1.1198347580608898,0.1925455021440785,0.2801586895476462,0.4876543209876543,1,5
0.36993434404645048,0.90875516254255451,0.19316478883889895,-0.92813563933470145,0.35222910167914689,0.1204113571348816,0.041386182376311399,-0.22382742120337965,0.97374969546889112,0.084154852248835052,13.756843400734008,-1.2139823576188002,,0.2741108350222879,0.3333333333333333,0,4
0.078546817653306164,-0.98693861869249933,-0.14065049011602862,0.99498127908179423,0.068837732546923353,0.072619700182208952,-0.06198912576649189,-0.14564865090737719,0.98739243402791288,1.0260525259257822,7.0670990209033651,-1.2078141310515385,,0.2203377300943874,0.103448275862069,0,2
-0.70242130462348229,-0.71098438220158422,-0.033249347008279251,0.71141095676255595,-0.70277474074147539,-0.0014540886961124664,-0.022332966870294974,-0.024675332645851776,0.99944602983332076,-7.11387277196678,11.617820402790251,-0.86082956867055127,0.7578456200689982,0.7650711229301184,0.8165938864628821,1,3
-0.13072217384733448,-0.96935333300045678,-0.20800439674567797,0.9907042785852106,-0.135685917720826,0.009714119888845206,-0.037639681953822217,-0.20480099495159532,0.97807965258932383,-10.788404885656078,-11.682247537633549,-0.4075105585017485,,0.5204316197340655,0.1666666666666667,0,1
-0.37860772586389363,-0.92456855385341397,-0.042768903908999366,0.92521252847803637,-0.37932346059275568,0.0097718673350523071,-0.025258009886937414,-0.035870621256711678,0.99903720224384462,12.803395187914035,-4.3158858530125404,-1.4975211722970938,,0.0727149153736775,0.3157894736842105,0,5
-0.98080967400272367,0.18693241683560155,0.055395441316705242,-0.18798950920682425,-0.98206424973310491,-0.014482880387926802,0.051694562681668284,-0.024618711017325816,0.99835944992622627,0.71988500300172364,0.98394878896479321,-1.2075157488940793,,0.07961585936503673,0.235632183908046,0,5
-0.56754269746682118,0.80448193343889618,0.17522586944427238,-0.82110590713458698,-0.56871473343961232,-0.048462781981628206,0.060666101084315666,-0.17138369449608562,0.98333476163517253,-10.304240908081145,12.671222164854294,-0.78563676358939971,0.2877213076641291,0.1538997728000133,0.2608695652173913,1,4
0.87354991261810488,-0.48512779649747101,0.039516720896494127,0.48185355011071174,0.87340395795158654,0.070588118548434872,-0.068758318846570549,-0.042620972537151823,0.99672250214860814,-3.5182059110149115,-11.142519723622181,-0.85747672055212476,0.1720663293141659,0.1511273217933387,0.6666666666666666,1,5
0.63026641298618402,-0.77502811292053919,-0.045778519464459447,0.77069736943163614,0.61744513473595686,0.15743910042315623,-0.09375400478212019,-0.13450996161520803,0.98646705814922719,-7.3945201114074406,-10.442974202624953,-0.66167008276011841,,0.195383491820414,0.1666666666666667,0,2
0.99121773437672911,0.10257169396849482,0.083465266150038936,-0.11707519739944824,0.97414517138295631,0.19322159099114672,-0.061488220099004211,-0.20129638016542481,0.97759857105120229,-13.138304367460961,11.410400082828595,-0.71627631874624531,0.7504564718779029,0.3952751112792129,0.3673469387755102,1,4
0.58494198831988786,0.77498656174231717,0.23924610638252511,-0.81065334568871739,0.54911279538144409,0.20326409193968734,0.02615384147817781,-0.31284335867522994,0.94944457948251859,2.300693948549263,-19.286219753391919,-0.75023014509731512,,0.3182750753359691,0.3953488372093023,0,5
-0.40055874641277822,0.89391256099651673,0.20117908431264603,-0.91524232464458211,-0.40074719373694023,-0.041631405106603472,0.043407117520132744,-0.20080343623707805,0.97866940390715051,37.13091178802209,-13.46457405741964,-2.0383294695707006,0.7447307170243762,0.39746446624415,0.2,1,6
-0.21704024679137737,-0.97611283171333696,-0.0098626080379095038,0.975597682226506,-0.21724725506978873,0.031824402569593263,-0.033206832233855933,-0.0027147613548003879,0.99944481406617924,18.443673153410316,-5.9505255144746521,-1.6821733269789487,,0.1620569532659933,0.5,0,1
0.24660364831225023,0.92566935769528291,0.28691964182169555,-0.96860080629475209,0.22576624592023542,0.10412531031521161,0.031608838704441172,-0.30358827781567227,0.95227886613568768,-12.735069573399709,9.4624084633667263,-0.76187619445070476,,0.5628436865352545,0.5208333333333334,0,1
0.95436168052571702,-0.29648651189236547,0.035910040518342193,0.29357661209947616,0.95340837423653046,0.069463981773653705,-0.054832067007585965,-0.055751414345782076,0.99693792395821845,-6.4202735126531749,-12.043187194448192,-0.65219646809273735,,0.07981202063227109,0.3962264150943396,0,5
-0.31343431328621763,-0.94361129670699784,-0.10656759348757744,0.94796824847910721,-0.31751183738042515,0.023290191041672452,-0.055813359782837232,-0.093722749907601002,0.99403265289401199,-1.6455088467816896,-6.7428838027515248,-1.0502192298253341,,0.1074769453469315,0.2916666666666667,0,6
-0.2236519906877055,0.97036447707700724,0.091501741450598514,-0.97319105452657018,-0.22749470829687637,0.033842710978587154,0.053655926521565138,-0.0814796865726959,0.99522967310321253,0.35460155427725493,-4.581333772008632,-1.0941725450277386,0.3883106092925107,0.1842428531692409,0.4268292682926829,1,5
-0.83560322060907677,-0.53770984108817321,-0.11240722621197713,0.54899166847034175,-0.82463061501530976,-0.1363543058712185,-0.019375387941646591,-0.1756487277961418,0.98426222053155521,-7.3632345637530641,-3.0282478882974364,-0.83816682226915384,0.5028018281878999,0.273761588170894,0.2573529411764706,1,2
0.77910027666365766,-0.62428718530780547,-0.057168777869303404,0.62394254122954251,0.76334807837966667,0.16731830885497959,-0.060814999355690506,-0.16602777326257034,0.98424403191426058,4.4595891951974354,4.5401104664685423,-1.3412208601124656,,0.08269102017699587,0.21875,0,5
-0.57586942760774751,0.80307390800878664,0.15312315508185023,-0.81502024059493439,-0.57863254720357882,-0.030436536223313024,0.06415925316975267,-0.14232594138874685,0.98773828347417347,9.2933473048040245,-9.3035949710308579,-1.341313109525873,,0.1723118352148647,0.4615384615384616,0,5
