axis_00,axis_01,axis_02,axis_10,axis_11,axis_12,axis_20,axis_21,axis_22,location_x,location_y,location_z,dbh,dbh_approximation,score,reconstructed,number_clusters
-0.31176481410798373,0.9490731520241934,0.045418639247316504,-0.95013952242286326,-0.31109350599733321,-0.021347563241304782,-0.0061309554123851594,-0.049809463289125389,0.99873992047608773,-1.5524963453575014,15.401055425443857,-2.2682764051261959,,0.1132727193199514,0.358974358974359,0,4
-0.02194183538064768,0.99544112590281442,0.092819829354863895,-0.99948235024628407,-0.019656056580823037,-0.025469020119665609,-0.02352843824593983,-0.093330618239830507,0.9953571260068812,-16.474397568629758,11.019006510069374,-3.0052427906026282,0.4794143745567834,0.3435021685871529,0.6375,1,4
0.59472294284336369,-0.79501360060387904,-0.11940685118780074,0.80393017009391243,0.5879503645744778,0.089502236896691692,-0.00095019392878237371,-0.14922380390405152,0.98880299022601226,-8.2218756182770836,-4.8457569049098854,-2.0654526966708127,,0.1470799217154897,0.2794117647058824,0,1
0.86738355309679871,-0.49604029166410735,-0.039872306968130017,0.49763994039233983,0.86467680174160877,0.068472755576297159,0.00051141322015073245,-0.079234194485022585,0.99685589775093786,-11.901889734666828,4.0932724732119095,-2.5342800987233827,0.2001864994885419,0.1466095259134129,0.5414012738853503,1,5
0.8437466226927226,-0.53173823747303994,-0.073116916672462437,0.53674150902447582,0.83599142385671321,0.11413540961573719,0.0004349537346889532,-0.13554625058292313,0.99077092446647752,-10.913684532494525,8.0291556390805585,-2.6417148614617338,,0.1227272097003605,0.2888888888888889,0,5
-0.84575004115751351,0.53318273813266859,0.020567830206801228,-0.53353778000338792,-0.84553657184410613,-0.02013313147958606,0.006656214473859637,-0.028001311245512871,0.99958572487676678,8.3118996605862545,-3.7273791159969392,-1.6816654580561186,,0.07559530086791307,0.3513513513513514,0,3
0.74238658161348625,-0.66791809702838989,-0.052417354971586928,0.66995475947223959,0.74064956767800716,0.050978801073338166,0.0047732274968376202,-0.072963234305749969,0.99732320876379299,5.6842177250972519,10.473557830355551,-1.9049859816995667,,0.07860237572379263,0.2666666666666667,0,5
0.54386017733290615,0.83763694876981953,0.050798125624920989,-0.83908885833394753,0.54367814603864228,0.018546194752975798,-0.012082852777821623,-0.052710678003323477,0.99853672395820159,-9.933456389414614,13.386546064634826,-2.7264383477435117,,0.07528952097065937,0.5,0,3
0.28999304976241452,-0.95242867690172239,-0.093721110240589822,0.95691312947652285,0.2900864974012724,0.012926200559665195,0.014875944505842991,-0.093431469220474961,0.99551457389350295,-9.0784723351030507,15.609768057421602,-2.7362005743199935,,0.1200490983553098,0.4166666666666667,1,5
-0.36149021957680944,0.92870297227049048,0.082677750612048462,-0.93237226904412562,-0.35981727679063802,-0.034835028928929798,-0.0026025118290228366,-0.089678964194103247,0.99596732391843779,-3.9969463879820224,-6.6477923175464175,-1.8422625909379673,0.2208009453499993,0.2074282806435013,0.8103448275862069,1,5
-0.92079086848920444,0.38609523640913751,0.055449480872847262,-0.38983492806563036,-0.91571363476494683,-0.097453927399736393,0.013149348537504236,-0.11135083083543017,0.99369416175466074,2.0103804972602086,14.633858335556058,-2.0758572631895151,0.2033969183521819,0.1668387789488082,0.1818181818181818,1,6
-0.99968791375969424,-0.0071968714888101578,0.023922377046685931,0.0053053923436788622,-0.99692272730374987,-0.07821079591291849,0.024411634416193602,-0.078059469803644616,0.99664978366480561,-12.869353464268768,9.7747371994125221,-2.7819132017260966,0.1057576522252073,0.1032530398909687,0.2222222222222222,1,5
0.35489487598863528,-0.90544283635770584,-0.23285810504580545,0.93490136755652931,0.34451055145156273,0.085275511604861187,0.0030099730799363713,-0.24796320296982013,0.96876477538926109,-23.371773242057785,0.91749016370322256,-3.08459775631359,,0.4006667146717005,0.44,0,1
-0.60651445217222555,0.79437441594659741,0.033309256907451852,-0.79507245626635636,-0.60597706515822169,-0.02552617849992422,-9.269739384699386e-05,-0.041965268874746844,0.99911906578518583,-17.826079445054578,2.9672697201379203,-2.9019165261468252,,0.0861746995934351,0.559322033898305,0,3
0.65604418304951218,0.7540552986702761,0.031727534322400192,-0.75459359662362135,0.65612918139096765,0.0091105028316960327,-0.013947538188719312,-0.029918286623729636,0.99945503265728508,-21.159943295899851,2.9025156144885793,-3.1366821856322487,,0.1090006637193787,0.3888888888888889,0,1
0.9740260702547312,-0.22551752480142759,-0.020373032949563656,0.2263383939321463,0.96701790957891121,0.11682163320999354,-0.0066442378301086449,-0.11839851587360047,0.99294392870019965,-6.5435477302361935,12.929119541340745,-2.5520859651151051,,0.1184851515185544,0.5172413793103449,0,5
0.86480747240819345,0.49998661053857824,0.046058929091939482,-0.50189382431015972,0.86345285309224917,0.050514944384580492,-0.014512917910417552,-0.066802393437653498,0.9976606714934324,-12.087957329957703,-7.431826531563666,-2.2698258970975527,,0.1632509550253944,0.3130434782608696,0,1
-0.60711502981077348,-0.79461282608209249,-0.0013405982597404771,0.79454988093549606,-0.6070437844872647,-0.013723353116775871,0.010090950562373861,-0.0093968261242542862,0.99990493166877537,-7.6576530884788347,8.5856232028004484,-2.476728832612598,0.1631813555169696,0.1398040417245776,0.7117117117117117,1,5
-0.044595222042875284,0.95800830895368072,0.28325138330934296,-0.99897842491637001,-0.040690532199950169,-0.019656732711547414,-0.0073056637313147869,-0.28383861711365937,0.95884423485384251,12.156026739373651,-4.3592210317357569,-1.636391451258336,,0.7018391234546966,0.4166666666666667,0,1
-0.96874172117693003,0.24513926072818057,0.03802920589231288,-0.24724004913925715,-0.96662322266743517,-0.067170704191923405,0.020293736786911491,-0.074473406325092695,0.99701648732483894,-12.871681431074107,11.125156782201811,-2.7752642636385154,,0.07801138421075629,0.375,0,5
-0.71446730399954028,0.69238577202748508,0.10068969266777296,-0.69966136044407345,-0.70768762970492727,-0.098245607861971729,0.0032329888919529945,-0.14064196193356873,0.99005524407797552,-17.090552068766385,15.665571841833412,-3.295740839602721,,0.1440438893590583,0.4705882352941176,0,1
0.70676950339241817,0.7002425456631266,0.10068389303984517,-0.70742323956484188,0.70064222514173957,0.093020602406220981,-0.0054064034273202857,-0.13697025075415573,0.99056040765332676,-3.0346261165398616,16.520225437390444,-2.3749680524036032,,0.1248152852143977,0.2,0,3
0.98382337998067948,-0.17914063318135365,-0.00043651663752000588,0.17903796674369402,0.98317100917577815,0.036334187490092103,-0.0060797588500725672,-0.035824576196585536,0.9993396000722975,-16.226829400207418,14.024646271957376,-3.2042158028247325,,0.1209444744484074,0.3703703703703703,0,3
0.90845617040757021,0.41351320060147695,0.060944395777901957,-0.41536795556700817,0.90940640928983052,0.021200099779481188,-0.046656703017836219,-0.044573710535459624,0.99791599666134512,-14.402397219831643,17.164769145448705,-3.0967478966736812,0.3830465557617985,0.2695504386714938,0.3055555555555556,1,3
0.149860658119501,0.98474704979654126,0.08840266435464543,-0.98868477758183593,0.14985823396125286,0.0067022602136285426,-0.0066478361853170896,-0.088406773671616784,0.99606227146852133,-3.9689124223006869,8.5864032379272874,-2.319315542806065,,0.08864917527052803,0.3,0,5
0.76706798924082953,-0.64108774122069245,-0.024763035730303386,0.64154388079900171,0.76615098875947762,0.037869663745928359,-0.0053055528822061604,-0.044935180865598813,0.99897581583799555,5.3950015748440556,-5.8293908211569612,-1.7140451989299417,0.4219300940560841,0.2499354467058188,0.6466165413533834,1,5
-0.48549591731019764,-0.87350568873385692,-0.03579840813110248,0.87409200377601248,-0.4842564842774354,-0.038194585612279529,0.01602757654686203,-0.049834417673423378,0.99862888382280735,-23.895548897788281,2.9983398997146811,-3.2521247648278586,0.3422031702445208,0.3184582122207498,0.7815126050420168,1,2
-0.044085531977897968,-0.99815519576191125,-0.041745311637678174,0.99901853181385325,-0.043867014187328066,-0.0061366243800688707,0.0042940613315405,-0.041974876292728891,0.99910943884916403,-15.232946515782549,4.6903109998969787,-2.7311054462389848,0.3107581939745565,0.3566084166064863,0.9206680584551148,1,5
-0.3640064456663365,0.9304407148951247,0.042182740295181438,-0.93139193173902612,-0.36349044224858501,-0.01958999452204549,-0.0028943055827308651,-0.046419548246167459,0.99891783873140239,-0.7052799629671489,20.724239923673629,-2.3146135428926744,,0.08309551992860667,0.3529411764705883,0,2
-0.99338730724534652,-0.11274105432718189,0.021705125501469538,0.10513604067237965,-0.9692291027859623,-0.22257888324019778,0.046131017283112648,-0.21882504651413504,0.97467303659356008,3.5317411118059039,1.6351765954054385,-1.7571801032427994,,0.3235313428733106,0.375,0,5
0.60331229208022008,-0.77583984050430477,-0.18462616312745761,0.79552366816323083,0.601773139590979,0.070789701644617634,0.056181595002538928,-0.18958277968494724,0.98025608798410402,-13.463038279494494,13.094065726060364,-2.9386333463100196,,0.1507638795141867,0.4736842105263158,0,2
-0.82478400145484509,-0.56447345831292117,-0.033182311619045821,0.56533413770217311,-0.82201973352546065,-0.068416887120574518,0.011343001925108618,-0.075188247452510029,0.99710484090307461,19.911963954308316,2.0262864099451665,-1.5991860500889814,,0.07475456901311762,0.1818181818181818,0,5
0.8257430361231648,0.55309508758040415,0.11060859997541637,-0.56329992077844826,0.81872493620118347,0.11127748241832436,-0.029010990074285054,-0.15419242178781642,0.98761483358550084,-11.405436747202756,9.0728554420054888,-2.6608707080029643,,0.2336226866905758,0.2,0,5
0.99047013611369394,-0.13568155930339337,-0.023652144340836387,0.13728564198792786,0.958876361976014,0.24841250964395106,-0.011025514540487759,-0.24929227205961149,0.96836553073747611,-12.409173977641037,-10.119241274833874,-2.1987255547032585,,0.3204546638851564,0.1,0,1
0.028266747955507869,0.97758670060172015,0.20862702070121153,-0.99916272410242235,0.03380778530859558,-0.023040929164318671,-0.02957772344598273,-0.20780105018784645,0.97772382696576521,-18.760036705471553,3.8253144881363386,-3.0132853906112622,,0.1800076684308436,0.275,0,3
-0.016698987710307488,-0.99508957522904029,-0.097559628330258177,0.99971678012740517,-0.018271591065239099,0.015248229131172224,-0.016955923482460448,-0.097277367513886687,0.99511286316097025,-20.611582524287435,-0.58679726979437052,-2.7678952905688745,0.31849826776327,0.2090708880595364,0.3333333333333333,1,4
-0.14337018511149402,0.98871287210167247,0.043495362529339825,-0.98963468561764678,-0.14285998865981248,-0.014636005690771997,-0.0082570602249236787,-0.045142886267727625,0.99894641536764217,-6.6163213634354463,-12.128378196890425,-1.9220482432388597,0.1931941945689966,0.1542368495997292,0.5,1,3
0.99280984732482691,0.11546765017097237,0.031556755518366231,-0.11885017502395932,0.98227000861831271,0.14498367516983424,-0.01425633022997928,-0.14769174632650167,0.98893068772052983,-2.50884881122697,11.898444303352809,-2.3131957341653315,0.5717329455748459,0.1724194862026272,0.1923076923076923,1,5
0.9802010095710697,0.18979083016903336,0.056439539505605027,-0.19596673389472932,0.97065988825667437,0.13934281659336417,-0.028337608270422806,-0.14764424172072796,0.98863449153072891,-25.14807447356651,8.8174825318476575,-3.484269309856951,,0.2178146079730273,0.2222222222222222,0,3
0.20242256909969311,0.97201329464606523,0.11922775914350944,-0.9791851605897125,0.20274391630870453,0.0095564470755829696,-0.01488370921441789,-0.11868049305219355,0.99282093842188357,0.83872521592032723,-14.172019621227983,-1.8144006762986371,,0.5542926330476888,0.6785714285714286,0,3
0.99541641409702386,0.095601269532731917,0.002561212594381464,-0.094438874554380006,0.97838472608784155,0.18396909178153228,0.015081827446491518,-0.18336773168076698,0.98292869195029886,3.4192324194763364,-3.9694569323546633,-1.7543255240812119,,0.395374624886801,0.1626016260162602,0,3
-0.97131917494028241,0.23250557736770833,0.049801775934570885,-0.23647725090077004,-0.96646396590799044,-0.10012947821601799,0.024850959734843879,-0.10903466923096711,0.99372726173027481,-5.8869335919794823,-14.5361275955024,-1.9117310760409327,,0.1261448699568253,0.3513513513513514,0,4
0.27784319608661157,-0.94156240190037233,-0.1904295190246959,0.9595912992883876,0.28123608988816717,0.0095289073055049682,0.044583592479732564,-0.18538205164474542,0.98165462267010395,-6.3161270623530799,-18.484012131167042,-1.8982134753391897,,0.303496442283239,0.1818181818181818,0,3
0.1688280780394214,0.98504815083216957,0.034310648604159978,-0.98556331922137197,0.16916123600981497,-0.007029938618715292,-0.012728859763007293,-0.032628465697221248,0.99938649148133785,8.8449778114891107,-4.4021801889170078,-1.6722703478223884,,0.3476102992291127,0.9391304347826087,1,5
-0.9998555209523754,-0.013058162123039877,0.010882169959210305,0.012509933386511206,-0.99872000193912414,-0.049008767515408613,0.011508205234430977,-0.048865551554062345,0.99873906456271055,-14.890796821128829,2.3749298819137858,-2.662029848416271,,0.07125590561557142,0.1717171717171717,0,3
-0.99734400712458571,-0.072745011501165635,-0.0036186674855369153,0.072788454800758087,-0.99370113695427709,-0.08520499553134063,0.0026023643852466304,-0.085242088884969619,0.99635687079586832,-13.148192865446941,30.41656917732962,-3.0688100531517213,,0.7759274711511319,0.9545454545454546,0,2
0.82984409434205575,-0.55783802161777363,-0.013248423422475718,0.55797104748165727,0.82935260599181215,0.029026972057232103,-0.0052047341752475586,-0.031480098032845259,0.99949082745666407,1.1894244344590101,-4.0919606636476695,-1.7807282677913485,,0.4248391269330022,0.9842602308499475,1,5
0.66575390475193985,0.74139909980871821,0.084256234845673406,-0.74599598942187384,0.66378864016820072,0.053615529001699795,-0.016177826616273653,-0.098549561066882341,0.99500063414025042,-5.489059013983085,11.534977618506261,-2.4580277140312914,,0.08199320076465078,0.28,0,5
0.77720123415912845,-0.6256912787532013,-0.066848076365074435,0.62888827225609145,0.76874411935797382,0.11632721079472444,-0.021395855679900672,-0.13244962304482391,0.99095878557839556,-4.29951048298887,18.323026260806021,-2.5161345558415302,,0.4721431523469527,0.1904761904761905,0,2
-0.14113776687155649,0.98921779478064586,0.039093289089384545,-0.98998121179983123,-0.14086038022002853,-0.0097751505157774223,-0.0041630572716840316,-0.040081264620580211,0.99918775071583388,-6.7498240364934956,11.000717968607084,-2.4485261726501353,0.2192894796754026,0.2195700889337217,0.6178861788617886,1,5
-0.18813353729278312,0.98061830509419701,0.054712995347445191,-0.98214262256225304,-0.18776856635022723,-0.011782802608893058,-0.0012810512264757434,-0.055952705072809854,0.99843259847762911,-6.025869213244885,10.122012434296341,-2.417059411972911,,0.0955410398634414,0.4029850746268657,0,5
0.36898768405832816,0.92774326419132414,0.056040385088759616,-0.92936255728817296,0.36903698907305565,0.0098456999080140661,-0.011546693208741233,-0.055714777604495086,0.99837995644565258,0.94609252625798679,-5.1491919887807791,-1.7650553523938621,,0.07430214536587706,0.3157894736842105,0,5
0.81908510057165462,0.56360009947132506,0.10702581883562123,-0.57349272942459328,0.79978888675205384,0.17732407034872688,0.014341803186934246,-0.20662203295830467,0.97831572009118006,0.02463412464407443,-12.093841052402277,-1.8309576096152922,,0.4093919604169415,0.1714285714285714,0,2
-0.95616152859097681,0.28952318362796448,0.043948349053115822,-0.2926893466995914,-0.94965649915290384,-0.1117384443475764,0.009384965164185367,-0.11970321532263854,0.99276536133685123,-13.862111876516602,-18.279868772662653,-2.0513932124589092,,0.1454024337553125,0.4117647058823529,0,1
-0.95118387154487782,-0.30335368738922347,-0.056795975739997194,0.30830508930850303,-0.92559613090332049,-0.21959001426130045,0.014043305144197408,-0.22638096829054216,0.97393759696217863,0.85045858181800937,6.3751580902479104,-1.9287976530208941,,0.09858947943823478,0.3488372093023256,0,5
0.9429185137250351,0.33290445939426311,0.0089049081962962982,-0.33282716373091392,0.94110740506114021,0.059522527012233754,0.011434839631864009,-0.059088688041791168,0.99818724264944081,6.0644933549678832,-3.0480349940096003,-1.7018896319909582,,0.1576094638470462,0.2432432432432433,1,5
-0.034257665593312565,-0.99835289783716008,-0.046020688046159768,0.99935876120084766,-0.033739585014583816,-0.011987777698574802,0.010415313687236779,-0.046401851075025626,0.99886855464450763,0.80073668542245813,4.9041499258177588,-1.8641617571216271,0.1677712995778326,0.1188314765658303,0.39,1,5
0.9884248037914336,-0.1501260764125229,0.021876206957528836,0.14761577097381084,0.98496848917185142,0.089703174404970332,-0.035014160130934342,-0.08543556940468322,0.99572826216333943,18.910892106763782,3.8078489235885344,-1.6065012706223532,,0.2596113071942163,0.1428571428571428,1,5
-0.94928535199894615,-0.31439556258875001,0.0035708128961995534,0.31323456355395624,-0.94664138833240807,-0.075856378052559958,0.027229187931313112,-0.070890846521915629,0.99711236037068918,-8.132077994343792,2.0587458813939539,-2.2566700462353779,0.6952587406728075,0.3934046442470095,0.7633587786259542,1,4
0.36504108886393949,-0.92803240783585317,-0.074167738589092286,0.9309906204554238,0.36398423874784758,0.027783782449052184,0.0012116373450186801,-0.079191691164795464,0.99685867001566741,-15.069832190354493,12.663722018481863,-3.0327480777561702,,0.1004042016463584,0.3461538461538461,0,3
0.95253993642509383,0.30120822173041401,0.044059921439790976,-0.3043253685011425,0.94572199567839232,0.11399989902066968,-0.0073307299720096371,-0.12199800839391156,0.99250327271299055,-14.27145919986879,14.504564099850437,-3.0680754832528128,,0.1708135611972593,0.5294117647058824,0,4
0.74882682017981372,-0.64612926986617847,-0.14756476544753716,0.66263993297861667,0.72555398655431302,0.18568718808048204,-0.012911723412532919,-0.23682985288459998,0.97146534069990143,-24.112315994667199,5.4243100857215998,-3.298130065697451,,0.3672495967819356,0.2571428571428571,0,3
0.028006442191627592,0.99552713753230848,0.090229472083653756,-0.99959920258901458,0.027518755469414513,0.0066447182649218518,0.0041319945755818798,-0.09037940326281424,0.99589883526725975,-2.732768858545227,8.6838177247186188,-2.2641225424459597,,0.1619692283355167,0.1818181818181818,1,5
0.45224639001297068,0.88932401028801533,0.067646193133669097,-0.89183449169177254,0.4500450502797621,0.045724087170365843,0.01021969417903195,-0.081007761627685637,0.9966610759967296,-12.016416887552483,15.017786240896793,-2.886664529738336,,0.3684952080739416,0.2222222222222222,0,4
0.3493910855411147,0.90361605300937597,0.2477980994442022,-0.93696989891234272,0.33797701823068249,0.088650683472216121,-0.0036438820776341684,-0.26315311871922409,0.96474719913133244,-7.6681564498850303,3.7261252309047888,-2.2448892416990414,,0.3855749274719565,0.3667711598746082,0,3
-0.49510126197336096,0.85985795431752399,0.12457543413236222,-0.86875602048754141,-0.48800423041012214,-0.084349558199627889,-0.011735299699348676,-0.14998723111887022,0.98861828490184156,-1.488230423550305,11.103730985031277,-2.227404865266668,,0.3299008303895277,0.5853658536585366,0,5
0.9992364992595143,-0.039060947270578968,0.00081298580326067175,0.037206891624168875,0.95774314174780617,0.28520820754443399,-0.01191913433344071,-0.28496020219210727,0.95846524058172033,-10.841915149374172,-5.6214570752445283,-2.1500312373460866,,0.18952292050744,0.3116883116883117,0,1
-0.18284192068616031,-0.9818469959457109,-0.050451051447717159,0.98314177715324724,-0.18265511213811397,-0.0083280265230141742,-0.0010382946358908701,-0.051123248744551736,0.99869181201312174,-16.904379507766272,5.3357261166190897,-2.8855655021874873,,0.1072563198566809,0.5357142857142857,0,2
0.99277475149903394,0.11976072084187847,-0.0074607325020612557,-0.11766596712906086,0.98382447568482512,0.13507080077893802,0.023516227708040498,-0.13321700637273931,0.99080786040860158,-30.994607480709778,6.034752293137994,-3.5437494177942677,,0.3210568029773114,0.75,0,4
-0.28798773873321493,-0.94739087416623857,-0.13969106587702815,0.95763063425333295,-0.28529851816050883,-0.039348746803131329,-0.002575010463813642,-0.14510440062916224,0.98941299882261657,-1.3855499846385457,18.15307731749796,-2.3522605293911276,,0.5819282395989988,0.2916666666666667,0,2
-0.16003886207754858,0.96510645856428423,0.20726091349415079,-0.987091216642349,-0.15514855443204206,-0.039747403502305267,-0.0062042447123534456,-0.21094655649039201,0.97747790647788835,-7.4962178171525062,-11.511770635923728,-1.9399832647916873,,0.1949177486256968,0.5612244897959183,0,4
0.31865930880388788,-0.91438740359779302,-0.24970366648152464,0.94785918953162118,0.30861777355240361,0.079486015550012737,0.0043819782162901125,-0.26201287370899418,0.96505442969693067,-6.5522482410118466,21.188457970542316,-2.6734958905429824,,0.4577694260631627,0.2380952380952381,0,5
0.92880806964815954,-0.3705511931777728,-0.0027171659849156496,0.37049529453075819,0.92847978467219905,0.025661765052980394,-0.0069861639708364565,-0.024841551674493603,0.9996669899638464,-16.194556240594594,0.16513210320566538,-2.5992670171056562,0.1495700315737705,0.1350664964780238,0.59375,1,5
-0.4101565104646166,0.8955819070393175,0.17235047057466302,-0.91197967668743318,-0.40441718608179678,-0.068846270129656842,0.0080440184344166398,-0.18541787234649262,0.98262683984406118,-3.4565625872363435,-16.988900860674658,-1.8282430488854646,,0.1621404451574798,0.4117647058823529,0,4
-0.95755945074836635,0.28762738632595308,0.018718571467579038,-0.28823582553082322,-0.9555571177123614,-0.061892678644630432,8.4634807985493253e-05,-0.064661282268012849,0.99790726593827561,9.389623618385162,-7.221308114679192,-1.6527928618112595,0.08780049484368489,0.09827874370690011,0.3703703703703703,1,6
0.16273576163346035,-0.98411052288156653,-0.071017959977369566,0.9862960490043915,0.16423286220639044,-0.015737556666242689,0.027150977954836668,-0.067483670063700887,0.99735088041813524,-5.7415777321044779,-9.897012619083954,-1.9337020143070203,0.1859656010267125,0.1261964502229879,0.4393939393939394,1,5
0.96307937005654554,-0.26862052346732379,-0.017920416949071299,0.26904262609495083,0.95791908264218761,0.10003547597668645,-0.0097052725577405127,-0.10116345922362849,0.99482247773283117,-3.0196949438014302,-3.6542402203893616,-1.8688160632154363,0.2102271737278122,0.1785431256184712,0.7074175824175825,1,5
0.98782843557375888,0.15443114085194792,0.018601199076005302,-0.15554590649077529,0.98021315777655271,0.12242400212246501,0.00067293823071212018,-0.12382725086540583,0.99230356196944736,-12.003152488666069,12.665811815579417,-2.8124386149906542,,0.2084343380768491,0.125,0,5
0.9901947966023299,-0.13954056871961371,-0.0065341000204097808,0.13925917798080797,0.98235054812606093,0.12487706732837757,-0.01100664025847924,-0.12456255568120495,0.99215070608874045,-25.262712216692773,19.446780570022895,-3.5047175380127227,,0.200068193420304,0.2173913043478261,0,1
-0.30254843085231437,0.94922335737089525,0.086252332202254145,-0.94944791159633246,-0.2921908962203667,-0.1147743147716468,-0.083744314160213065,-0.1166168855160547,0.98964003145505919,-15.810093251690478,1.809933215400725,-2.7099032092105135,,0.4430857392454695,0.4769874476987448,0,2
0.70083532745392807,-0.70369006719423566,-0.11683378417528242,0.7131721571867623,0.68785536733227459,0.13505727616741017,-0.014673718210606654,-0.17797551226040148,0.98392550481706798,-5.8280798148022477,27.278762360870832,-2.7130912781524859,,0.2521485758992389,0.3333333333333333,0,3
-0.75603012157131277,0.63632515071359108,0.15332565945135021,-0.65448071996278778,-0.73799856692412635,-0.16435663179478258,0.0085698584501999048,-0.22460725230334994,0.97441168904056263,2.3619149295074018,-13.509238222954089,-1.7912726820485876,,0.7802847561118473,0.3103448275862069,1,2
0.81967370681043517,-0.57067864664315615,-0.049607425141572015,0.57280476623324261,0.81573322468629972,0.080461207568435042,-0.0054510681633098282,-0.09436730582371422,0.99552252483178527,0.26906609227810147,3.5653421430813834,-1.8598723714758316,,0.07305253546221024,0.15,0,5
0.43497219087317279,0.89894383547762058,0.051953573734408828,-0.90036348131650157,0.43497983624219477,0.011753449465696092,-0.012033066052404709,-0.051889524178756863,0.99858033357456033,-15.494305803430777,8.2850472666246802,-2.9433240792688702,0.163055268584992,0.1148367830062733,0.6206896551724138,1,5
0.19867912471401514,-0.93606300462208269,-0.29036641813534719,0.98005040259784992,0.19135064460564619,0.053722799413237494,0.0052738762465667638,-0.29524732375905144,0.95540630312053787,-3.3814751021349219,-15.991080221653045,-1.8526319205777042,,0.3204625842646195,0.1666666666666667,0,1
0.028017310178525726,0.99557328980483129,0.089715410925581704,-0.99957382295886521,0.028639341965465675,-0.0056533660047733284,-0.0081977305249129797,-0.089518784168300766,0.99595139665310473,-4.699653642832553,16.865346198930283,-2.5279859198242765,,0.45247026919051,0.7727272727272727,0,1
-0.80622617669787955,-0.59160712371763491,0.00060263891869581036,0.59142969447122262,-0.80600851221485603,-0.023689549064297589,0.014500638082357671,-0.018742716018244742,0.9997191816162494,-10.453382713643197,-9.5599331591543404,-2.0959744033338628,0.2064893119936496,0.1625180376431582,0.703125,1,1
0.6857342332749361,-0.72738928431490135,-0.025949766447722067,0.72784187976398129,0.68547691239020569,0.019172914270507279,0.0038417933923762262,-0.032034850457678711,0.99947936896150336,8.0134337510955476,-4.7571452554446783,-1.6797386789294517,,0.06965429671770779,0.1875,0,5
0.72730300789626601,-0.68598513260685234,-0.021324458900572652,0.6863075994852571,0.72678421307475971,0.027687298786352579,-0.0034947952481838656,-0.034772193886210945,0.99938915390277872,-19.238563256789337,6.4151046499771383,-3.1691442858750953,,0.07166117526289906,0.3333333333333333,0,1
0.48107859797780089,0.86467052385551613,0.14459691470823394,-0.8765785213698607,0.47691421340850509,0.06452076349497457,-0.013171121468616553,-0.15779010813220723,0.98738483041562097,-0.52756790292102762,-5.6894594112450489,-1.7765989932919373,,0.08624307644791687,0.1962025316455696,0,5
0.79383969458794668,0.60763069099528488,0.024565884008275429,-0.60790305622705709,0.79399590302560097,0.0049376318578393035,-0.016504954599113587,-0.018853364133564889,0.99968601927531653,-6.253725552395081,-6.558796128396045,-1.9363526023805797,,0.06640244615213634,0.1851851851851852,0,4
0.87148902199835609,-0.48999835208731024,-0.020211370266972846,0.49041368719009137,0.87065043014019194,0.0382392980233257,-0.0011401547997425461,-0.043237061052042128,0.99906419042953076,-14.922590645783172,10.857706704655719,-2.8645426835191072,,0.1135270319731632,0.4363636363636363,0,5
-0.79923594208825988,0.60042642886216546,0.026646057834496886,-0.6009848625407338,-0.79886813794339717,-0.025037834885322682,0.0062533088191417587,-0.036025014957338716,0.99933132364903698,-1.9985804056168814,13.427661103699444,-2.2754224857097243,0.2410094769565665,0.1088485648618048,0.4583333333333333,1,5
-0.99392515769932177,0.10897778213148142,0.015382584115877191,-0.10938266974807212,-0.99359003636534293,-0.028535437517243977,0.01217425361830665,-0.030044677352564789,0.99947441433566342,-2.8857294072354565,3.6919863832866691,-1.9496052226958756,0.4586403374153959,0.3649086782153934,0.9423076923076923,1,5
-0.25686070627982338,0.96231814435403595,0.089254504740289273,-0.96625846303854213,-0.25388163992415208,-0.043459124655430295,-0.019161424159581764,-0.097405862022914957,0.99506026846003082,-19.660663141938436,5.5161028727883057,-3.1225344125932208,,0.1079553787465412,0.25,0,2
0.87929307233921594,0.47375400704524789,0.048998303489343455,-0.47608513402034119,0.87721865233625562,0.061890073179766865,-0.01366155558844654,-0.077746876477029547,0.99687952386282319,10.249933108856839,-2.6307941817388505,-1.6498295993454266,0.04297840156118155,0.1974961821130842,0.2705882352941176,1,3
-0.92941859209971966,-0.36537218167791302,-0.051809743439783527,0.36886326253316742,-0.91561987870308581,-0.15993789818905532,0.010998827790342528,-0.16775996715446514,0.98576651353531497,-1.9276809433965094,25.212509657494788,-2.5063858734019733,,0.1549495131701573,0.4117647058823529,0,2
0.56010141134260505,-0.82097916666274873,-0.11081343293013239,0.8284228500438402,0.55529489430491497,0.073233611710293342,0.0014108640128827116,-0.13281862920777385,0.99113935508489681,-21.496128940570983,19.054754376174323,-3.4658098587692479,,0.1731371222380009,0.3809523809523809,0,2
-0.99605893178417282,0.082999684020919798,0.031267504943650756,-0.086609253574628342,-0.98618614194974952,-0.14119394683029171,0.019116527096192885,-0.14334554711848216,0.98948805577080345,-3.3245400924651936,-8.6355823359317512,-1.8544840337374211,0.4751441632676007,0.2631226021093327,0.2465753424657534,1,5
0.53902538501121589,0.82500323433789413,0.16976836467824058,-0.84218598920104493,0.53105817830274948,0.093273634276905909,-0.013205828522566014,-0.19325339476909231,0.9810600040279156,-13.381550760384377,-21.565371602093311,-2.0258966693795419,,0.2955018125092378,0.2666666666666667,0,1
0.37220103608627958,0.92487528016208953,0.077923711932860934,-0.92807074103806753,0.37196630027203603,0.018049129923205415,-0.01229180073672363,-0.079036621935840101,0.9967959289782532,-19.935703600076206,14.35092641047763,-3.427162077501857,0.4411358522838141,0.2874616262607862,0.6976744186046512,1,5
0.58980430383942883,-0.79883670653767946,-0.11828270989675099,0.80754562482310732,0.58326624710595421,0.087581669406284521,-0.00097314004258791296,-0.14717473042261084,0.98911003013996801,-0.79283311481518415,5.6097947207256489,-1.9464317298445499,0.5173601321637776,0.3613762493189445,0.196078431372549,1,5
0.93021737217215283,-0.36700494380678056,0.001735433811804815,0.3668897911799453,0.93002524628669769,0.021093183669177597,-0.0093552999454506684,-0.01898453293466729,0.99977600784984932,-9.4570249102612127,3.4728078168506662,-2.3950116171795663,0.3148088077378585,0.2534717865792907,0.8608562691131498,1,5
0.55252304394163432,0.83311324699416411,0.025310148089496304,-0.83339585727655807,0.55267531702406947,0.00115716317567708,-0.013024246148698102,-0.021732731885004672,0.99967897716070486,-10.752373206449596,9.9708991633107775,-2.6387861966562638,0.3136131966019207,0.283806878210994,0.848780487804878,1,5
0.90325939533318977,-0.4278478399843218,-0.032690833012802956,0.42886771855276656,0.89767831144067056,0.10122316509757574,-0.013962260764852269,-0.10545081787153811,0.99432649581742416,-8.1261789608392938,17.456057581282408,-2.7550391256899238,0.2852816182552326,0.207745037672115,0.4782608695652174,1,5
0.9996953186976566,-0.024039797452335011,0.0055998136077409534,0.023674862150806622,0.99803465063113106,0.058020143413610732,-0.0069836005134198305,-0.057869890945519878,0.9982997070248103,-4.7053847003657667,0.8734480369404376,-1.9519940824063136,0.8501553247344839,0.9629898288177513,0.8469703670942061,1,5
-0.93742127604717118,-0.34445266143199138,-0.050928530771204711,0.34817445563600408,-0.92560417699998943,-0.14842996989404292,0.0039874373559738233,-0.15687342525932244,0.98761066660437724,-21.727378467352882,1.744436033707893,-3.1393635543526326,0.5183393468976425,0.3282998287681359,0.1724137931034483,1,3
0.33252927117517894,-0.939575466996319,-0.081377058378593201,0.94292718753684868,0.32961313995514113,0.047365567375050856,-0.017680577353478107,-0.0924830783849733,0.99555726977250603,-10.796002582834515,0.86190466671027266,-2.2836117810426901,0.5869792098990474,0.2143718124508444,0.3238866396761134,1,6
-0.93572962257278924,-0.35218603313231472,-0.019366762928008659,0.35243196408213578,-0.93134874696078607,-0.091549015438622275,0.014205074198809944,-0.092490591959923679,0.99561222685637452,-12.479577164572866,-20.682497896453818,-2.0290516659130309,,0.1602406399736627,0.5263157894736842,0,1
-0.45913644174929441,-0.88815586907718691,-0.019310103095142812,0.88834511037377983,-0.45886907627022111,-0.016796896079694951,0.0060574526655097398,-0.024866102763847504,0.99967243845198839,-16.273545051480198,7.8781699134668886,-2.9761353186028692,0.2815710019649849,0.1152575462113993,0.3571428571428572,1,5
0.96336858788134694,-0.26803150731167497,0.0089484619756313843,0.26800138962780495,0.96340832785548458,0.0044327165781838651,-0.0098091304947574981,-0.0018721396659024509,0.99995013678283295,-5.7120918405177159,5.798473030035793,-2.1881313596960785,,0.07036237424497446,0.2435897435897436,0,5
0.96123470314767367,0.27074178661486059,0.05221810457301012,-0.27538032384528355,0.95219266698475191,0.13226791817871786,-0.013911243778728901,-0.14152035161438306,0.98983759646493041,-25.891963555643262,9.5947628887452385,-3.4711688474112803,,0.377049038541227,0.2380952380952381,0,1
-0.70180617082728325,-0.7123679493669417,5.7475947677050238e-05,0.71221838413161154,-0.70166047178029378,-0.020434178378668445,0.014596982349173431,-0.014299897055353979,0.99979119872626609,-7.8696481702069629,0.48365551662943124,-2.107428887179239,0.3707055185095109,0.3144202320854205,0.8982112436115843,1,5
0.46935652380857606,-0.88221650842073052,-0.037396334422833168,0.88300641232115495,0.46903163494256478,0.017578430613295427,0.0020320821960227806,-0.041271754179334645,0.99914589172398072,-19.135235049819578,9.8349885294701096,-3.1693415543527426,0.1862299372615542,0.2135930205507645,0.7857142857142857,1,3
0.6089249249899169,0.79141045929043929,0.053664892170958205,-0.79303672172385697,0.60886849500584994,0.019285066419104706,-0.017412458858592259,-0.054301387781599861,0.99837275882382259,0.34689858107313676,11.007137260733588,-2.1214210319833038,,0.09248298472024796,0.5,0,5
-0.86361534495585845,-0.50216775661112112,-0.044677513101419271,0.50413633881233588,-0.86087476195317125,-0.068856344086538845,-0.0038843076174633479,-0.081988953232885242,0.9966256687955154,-7.2057757250970358,2.5172754592243192,-2.2182973648091222,,0.1621239177401544,0.3188976377952756,0,5
-0.70674693880572459,0.69989818396970116,0.10320511888782495,-0.70714134825302355,-0.7032870120336302,-0.073064986797390402,0.021444768117930276,-0.12461906266988658,0.99197288830877095,-17.412887546789598,8.9237450327580561,-3.0528593733772218,0.3515927600408977,0.3151851648447444,0.515625,1,5
0.62030746017780991,0.78345163276261676,0.037711987077633284,-0.78416375109363334,0.62050807926698581,0.0075455308068250746,-0.017489034236215891,-0.034252922298466652,0.99926016181748101,10.180144364327614,-5.4299633855857445,-1.6510622176337251,,0.1112155614222926,0.3529411764705883,0,5
0.46853564857873176,0.88212309967658853,0.048303033319606087,-0.88341936805108057,0.46823459717382487,0.018071584371467893,-0.0066757893268533505,-0.05113901667448769,0.9986692319333913,-4.7784069117266634,-9.2860020282448819,-1.909186928058773,0.1583538087671578,0.1365471623358162,0.4077669902912621,1,5
0.9905763135078316,0.13257178732112465,0.034398958177776405,-0.13632656611385968,0.97854053465085533,0.15451048319392791,-0.013177044009844104,-0.15774391668682552,0.98739213196149289,-8.1612283960423486,-7.7310605199343589,-2.0369350819305443,0.7804877929658153,0.7563192803950793,0.5746268656716418,1,1
-0.090802911020740326,-0.98981537312234069,-0.10963739544900476,0.99584618367696898,-0.089505586188986422,-0.016707139102279993,0.0067238237764332496,-0.11069903871148951,0.99383122964725557,-1.7775742163903383,-6.1343596295048721,-1.7903873345707695,,0.08118807399883438,0.2428571428571429,0,2
0.98580995278169625,-0.16786148033880824,0.0011226820625784518,0.16752189049606153,0.98419915480215481,0.05734492036221759,-0.010730945959014172,-0.056343119412998723,0.9983537948511223,-10.515781568148192,-13.24333332691147,-2.0206215448618465,,0.4211391065341291,0.3571428571428572,0,1
-0.99923680273474835,0.037143939246533191,-0.012088831113387301,-0.03560228907283057,-0.99336227094762286,-0.10937950297270486,-0.016071374341130831,-0.10886563477530999,0.99392654884139031,4.7281284609039602,10.269171216361912,-1.9421069958299086,,0.1477386507977481,0.2272727272727273,0,4
-0.35106043737438625,-0.91036422365056979,-0.21907430156821048,0.9362803473954121,-0.33837978187873474,-0.094224382708644874,0.011648192633622443,-0.23819341618271997,0.97114788580090861,-8.9415474699260997,11.781310671797042,-2.6193173637265725,,0.4912207450417053,0.1428571428571428,0,1
-0.99705578348678126,-0.076603796477118638,0.0034092493091435706,0.074633929363366727,-0.9796975738687409,-0.18607106261717749,0.017593783087889107,-0.18526878344986722,0.98253037442903601,1.5709442380785208,-8.7691165396069213,-1.7632381699012292,,0.3959206464237978,0.1707317073170732,0,4
0.53182610972004096,0.81602527081858356,0.22641498714860611,-0.8459937727329494,0.52399031726821721,0.098634090994050364,-0.038151350134912686,-0.24400185408027,0.96902402946896671,-4.0087585274794666,-3.7266106583297209,-1.8972218490135493,,0.2710270251082625,0.1450381679389313,0,2
-0.66085700266797831,0.73344768689756235,0.159130489251151,-0.75046098107303272,-0.64825589799854666,-0.12873463635322918,0.0087371569515782496,-0.20449640900199775,0.97882832038804968,-14.225390564764471,5.2332549789715825,-2.6953094011119139,,0.1900948244587072,0.3333333333333333,0,2
0.92027420562410478,-0.39084522797226251,-0.018313771709640839,0.39117101486684447,0.91794941575570588,0.065985659364748719,-0.0089790640361670938,-0.067888716920176853,0.99765249386946664,6.9827821145755271,7.5229541730741811,-1.7790497469586011,,0.07187684737100028,0.2962962962962963,0,4
0.38465096301290463,0.8904290747223258,0.24326878045155892,-0.92298468756657759,0.37443434859238683,0.088871734043070708,-0.01195421142830377,-0.25871795740407832,0.96587893410395353,-3.0716414518371664,-7.1516929318284461,-1.806185346060653,0.3914501862261272,0.3190497505008992,0.3148148148148148,1,1
0.45913631186306969,-0.87967990551893749,-0.12392381108960827,0.88836477266197045,0.45486178153823986,0.062520319809683533,0.001370336464031357,-0.13879489731994243,0.99032020006456656,10.840004386207569,2.1922335926988321,-1.6643036382473444,,0.1170384601666129,0.2666666666666667,0,1
-0.98377419239306241,-0.1496506259088522,-0.098959731944189264,0.16725272539856958,-0.96457336595991638,-0.20402143889186383,-0.064921985706905744,-0.2172623111490915,0.97395185914193239,1.901187880275687,-15.400653398451444,-1.7766453497409791,,0.6018561374864585,0.3404255319148936,0,2
-0.92560901058765055,0.36686800168570516,0.093036707046672135,-0.37838926469016032,-0.90240577763777041,-0.20611981188912959,0.0083380984757111861,-0.225990446313794,0.97409383238407854,3.9270295349255169,6.6246206091500399,-1.837653699637197,,0.7633702020349398,0.3796296296296297,0,1
-0.96979334834433872,0.24077124814824399,0.039116078180367095,-0.24372552282458421,-0.96298067263663356,-0.11517852947567586,0.0099363489752992713,-0.12123295836295012,0.99257434924322319,-2.126803149756034,-4.651975690466049,-1.823173730228119,,0.6137145548332106,0.5838926174496645,0,1
-0.69112444558804331,0.70793129416195022,0.14553447514869025,-0.72266755258152349,-0.67967030828820263,-0.12569757546289051,0.009930214320408623,-0.19204571012549207,0.98133574074622643,-10.163771419347244,9.0084220605622267,-2.5970788187975589,,0.2807352679933927,0.2698412698412698,0,2
-0.70158298849293943,0.70160824949086376,0.12460808362093122,-0.71240437164190362,-0.69456222541063217,-0.10031613179411157,0.016165442240146724,-0.1591514350516357,0.98712182591521325,-17.948667166154955,0.63797507689702504,-2.7321648422044289,,0.2326321871252225,0.3809523809523809,0,3
0.28833615869567064,-0.94612274923422945,-0.14735672013888115,0.95673549031636063,0.29093005169468167,0.0041117624010538548,0.038980266260480408,-0.14216697366967238,0.98907486594285099,-7.4972897653430106,-6.2827204881965324,-1.9961988608613217,0.3329056721904792,0.4684733910462186,0.1304347826086956,1,3
