axis_00,axis_01,axis_02,axis_10,axis_11,axis_12,axis_20,axis_21,axis_22,location_x,location_y,location_z,dbh,dbh_approximation,score,reconstructed,number_clusters
-0.46647723435506977,0.87904631996866645,0.098369493126636731,-0.8746358938406058,-0.47498636208063066,0.096953643784305668,0.13195091145608356,-0.040810821934313686,0.99041578833283739,3.5559817082801808,8.287065433463173,-2.8367948748949767,0.1234731711097739,0.08479741234762468,0.34375,1,5
-0.99875039648202724,-0.019200717713378591,0.046140849215039866,0.021441193603866912,-0.99858994101039422,0.048563411429793729,0.045143335541754016,0.049492041301092783,0.99775378581292085,15.41830021029023,-0.85028197213058054,-3.0996925557184869,0.3276091904799912,0.1300035243845195,0.3043478260869565,1,4
0.98756611598369592,-0.14419889124591034,0.062608676110647493,0.124126447166094,0.95964978902189513,0.25231905901884577,-0.096466531371251982,-0.24141036057651499,0.96561651090457068,6.2295629750785304,4.7845865661807192,-2.7461501271181938,0.1795388247365991,0.4144826002668883,0.25,1,5
0.84202368690971663,0.504567556162964,0.19080799760676312,-0.53941764396037617,0.78429641004873152,0.30644370864631831,0.004971525641616902,-0.36095806190249707,0.93256879718355812,0.65370496784752241,-4.9368093271217051,-0.7541130889214045,,0.1025072434893952,0.3191489361702128,0,4
0.73330260912602141,0.67133645898412753,0.10758551151350425,-0.6799001571135922,0.72365438043068797,0.11857535174052745,0.0017492300826595327,-0.16009902099054221,0.98709940921468886,-15.8565195874405,8.1630087679744658,-0.73974543337397503,,0.3903517337938811,0.375,1,4
-0.88547708442065154,-0.46444381133640372,-0.014909026702551918,0.46468002398341368,-0.88513116205290432,-0.024805267054589377,-0.0016757913582567132,-0.028892422435484677,0.99958112209521699,8.1643116293564937,-24.203818817452579,0.91391359349864865,,0.604892515573044,0.3095238095238095,0,5
0.083085578366072221,0.9864990703791221,0.14112537266099304,-0.99056679727078822,0.066269871984345807,0.1199405027998147,0.10896883413283454,-0.14975943445508635,0.98269929529812139,-4.8756956315303794,10.92307512625429,-2.1633740512625703,,0.07189869540443546,0.2173913043478261,0,5
0.96178536034526196,0.25196656827292074,0.10715301721511575,-0.27222316478940062,0.92196373383271979,0.2754585668467644,-0.029384846053333677,-0.29410155043793657,0.95532235860594428,-1.5623948695361918,-4.9192703877957271,-0.39490452935390308,0.1582081084597058,0.1097003013008343,0.2184873949579832,1,5
0.93436600843402362,-0.35296746870610873,0.048725027637472829,0.34251321195918005,0.92742739876322366,0.15021025150330425,-0.098208257883316871,-0.12366238740410251,0.98745265811837357,14.038076798853432,1.9881243500124381,-3.1493440556289194,0.1286794051201973,0.1602632721575761,0.4705882352941176,1,5
0.99314738395547142,0.083818485885555752,0.081441605867377212,-0.096088347713827987,0.98230020107987692,0.16078975213632335,-0.066522952249812278,-0.1675135110439952,0.98362285477803069,1.5060724418841356,-8.3832979350494021,-0.31295789022127302,,0.07879194089869748,0.379746835443038,0,6
-0.54668945045334816,-0.83723313133672383,0.013089253421103739,0.83438040905024669,-0.54338143506950254,0.092444302230870398,-0.070284975323042301,0.061459741407800611,0.99563182071985168,3.2071939986547675,2.7574074112887188,-2.0600240018964984,,0.08654107349142573,0.4326923076923077,0,5
0.58365027801286917,-0.80883557396085615,-0.071675430036469284,0.80160827901912002,0.55984817973526413,0.20974790262387782,-0.12952420616821045,-0.17987503979853192,0.97512483819968976,-6.1266092544825623,-20.446176479457026,2.0841725877436423,,0.1095555928726002,0.1612903225806452,0,4
0.62453938127064612,-0.77009992678418893,-0.12998716863239118,0.77025802144643685,0.57986189774676844,0.26544822459179634,-0.12904705203722766,-0.26590652927016184,0.95532223676202443,-9.1126428677832596,-3.6199367949323138,0.30529812165552506,,0.1754313829591604,0.2363636363636364,0,1
0.79184562955369509,0.60453100607296795,0.086733855287985342,-0.61039398154300595,0.77875034926536535,0.14480014093621529,0.019992154781027539,-0.16760118202290947,0.98565214834227133,-12.62219736849846,2.5807065516474434,-0.27052469375316796,,0.1055038154869877,0.3771929824561404,0,5
0.99515983563311472,0.062442350964550981,0.075880526808216317,-0.081834257162615248,0.95409241434052794,0.28811598229273211,-0.054406395739063119,-0.29293108012616681,0.95458437364059257,-10.881856836082321,-8.4706452798518939,1.1750016745836649,,0.3273162043542877,0.5882352941176471,0,1
0.97330564595162083,-0.22551102375216953,0.042671978216935191,0.20199173147196858,0.9299386411431344,0.30726774013198488,-0.10897458408112563,-0.29044603952388343,0.95066589196690776,2.4713944746901748,-6.1050366341231275,-0.80393019531404086,,0.2177079587962457,0.3636363636363636,0,5
-0.78077839146367545,0.60799055778349076,0.14398814211425828,-0.60892694532526559,-0.79207937236679771,0.042640862184778375,0.13997527881821531,-0.054385195753439981,0.98866029140581113,-10.75231209096196,14.135949098597557,-1.9554139266271455,0.1573952986873897,0.129789684339606,0.2857142857142857,1,5
0.43190296657733956,-0.9013367470290139,-0.032432944930234346,0.89248077256423219,0.42191738793904893,0.15957377089559593,-0.13014568016205419,-0.097866164785609389,0.98665308783042416,32.193596932132152,8.1064496376610116,-4.6575768118734802,0.3974926833698957,0.3221024853557079,0.775,1,5
-0.33802945118684363,-0.94012206241768403,0.043664606786743165,0.93703468288616198,-0.33186768829401969,0.10876507038021448,-0.087761570170268005,0.077681048022687188,0.99310803117251323,-0.093797610552700972,11.347428613590893,-2.7419155214637385,0.2949677502787781,0.27056292501565,0.8904109589041096,1,5
-0.39122014420799273,0.90183183720912297,0.18342883132674476,-0.91102127618894591,-0.40773380759912214,0.061590392690635563,0.13033431281493799,-0.14301216569488057,0.98110167024947936,4.2170282834094017,-27.696962238781794,1.6851884000401716,,0.1541551320268176,0.2857142857142857,0,1
-0.95254251724410088,-0.30385235289124557,0.018343949540013917,0.30195173088803201,-0.9507829710734973,-0.069547783073044878,0.038573372369991366,-0.060708233042214857,0.99740994850908649,13.889702286402388,-2.9330311689881294,-2.9466558722617973,0.4077785209602664,0.2488792852932074,0.2857142857142857,1,4
-0.31235537759206233,0.94144290159374622,0.12696212477769497,-0.94198644143927601,-0.32423877865988388,0.086779943291724809,0.12286440588668582,-0.092490418162605836,0.98810417482885704,2.5936512396451166,17.750024899638415,-3.7609171852872891,0.1913401446663167,0.2568881133597442,0.325,1,5
0.973879918873651,-0.22503745587706314,0.03026626946006078,0.2125730332475492,0.9504483900646562,0.22684920841704279,-0.079816095811474849,-0.21449009598552884,0.97345949559985867,5.9747133106985775,8.8260491489089379,-3.1286190557307112,,0.2220192827125141,0.2857142857142857,0,6
0.077820972447512474,0.98311883245155018,0.16559365183009062,-0.99259344433912733,0.060861736836021425,0.10513849553941713,0.093285317721025496,-0.17254915319526962,0.9805736276431688,4.1386259578773172,10.653688190751387,-3.0559610462732771,0.7894648460620212,0.1655534914722696,0.4571428571428571,1,4
-0.85574683472557855,-0.51667886274848362,0.027208595077431941,0.51720435866328329,-0.85282164061744392,0.072075659374533724,-0.01403589102464993,0.075750921337668337,0.99702797938655618,28.518956573692218,11.071047405312109,-4.5648265925552929,0.6358124704197808,0.651539401390408,0.987012987012987,1,6
-0.5555418160378609,0.76588671204164027,0.32371412535043914,-0.82100584470217675,-0.5668850020721401,-0.067755423329307535,0.13161570422339192,-0.30341215984814146,0.94372579050170358,-2.6323779184360601,5.0638534880830459,-1.6994930723326636,,0.1527632189829235,0.3387096774193548,0,2
-0.4416524597341519,-0.89544312848337182,-0.055899091787655154,0.88791470902525282,-0.44517324265031022,0.11588034140788757,-0.12864903539231784,0.0015452119982150851,0.99168898250031312,-0.19520156518978987,25.777871435819744,-4.4610436498503994,0.2259457832142305,0.2398891571833975,0.3636363636363636,1,5
0.62796045312980953,-0.77824502875232371,0.00058696447819180249,0.76738101194080355,0.61931958493779904,0.16604106186476869,-0.12958414956202027,-0.10381679505150676,0.98611866489156408,13.248593430609779,-2.04956972435712,-2.9467295990877251,0.4730833822281543,0.4751247350155805,0.8636363636363636,1,5
-0.46393771059436062,-0.8853975668267533,0.02886086183273822,0.88298483932761185,-0.45955612270983814,0.095634426842489961,-0.071411303069294191,0.069852120491545433,0.99499804374520262,8.0330087473790339,-9.9420461365069404,-1.0637221329359854,,0.08612921629207376,0.3488372093023256,0,4
-0.9920437677752868,0.10552972702670019,0.068648667371514718,-0.10186932086009071,-0.99328685351441082,0.054807555163015817,0.073971645146763063,0.047378300403383561,0.99613427426485524,-5.6142685612331134,7.9213803640372928,-1.7419783056192635,,0.06733692470218891,0.1851851851851852,0,5
-0.99189936540544166,-0.11279575015587748,0.058418898098617486,0.1165610057759717,-0.99101178191360706,0.065644345079475239,0.050489413155409613,0.071921949745486116,0.99613154367484613,-13.20622825463402,12.016397282209379,-1.4971853205651604,,0.1496283512565127,0.3125,0,5
0.23817408262625042,-0.96753043872384825,-0.084604707363017118,0.96227397839622864,0.2232846897357145,0.15547584323977856,-0.13153667498701099,-0.11844322467943619,0.98420999063253667,-12.65011850331776,4.7675265798686031,-0.61619424903949105,,0.08592335355059504,0.3333333333333333,0,5
-0.79680473136148533,0.60027942590879624,0.06904224004592234,-0.59363314397030098,-0.79900702956488212,0.09585122370549494,0.11270275267218796,0.035388946530113388,0.99299834441130952,-9.4583481815060502,0.16353437091739648,-0.29636133765992123,0.4506210846865787,0.3895590529462952,0.9111279908849221,1,6
0.79187502729464032,-0.6106642958021794,-0.0048019766284473596,0.60015439316690489,0.77674440633032105,0.19100479469641674,-0.11290989996265181,-0.15413385438307967,0.98157735783963496,-11.851906912564061,-28.448895376589029,3.4514462666396954,0.3727618179467007,0.3181350447386544,0.8775510204081632,1,3
0.76758590761420176,0.6306886547716779,0.11420899778202388,-0.64044244687644991,0.747645883466308,0.17566759853425015,0.025403674359994532,-0.20798426305414597,0.97780222931369709,14.116174102119322,10.412340884874183,-3.7954083126435734,,0.07452157351289365,0.4166666666666667,0,5
-0.22847974586963354,-0.97326697995549594,0.023417759407248426,0.96829075284668009,-0.224683459914963,0.10922619096283823,-0.10104466180336709,0.047631172239924371,0.99374103656440271,-14.438630552558845,3.5669762837036489,-0.21577071026240477,,0.0930876179432383,0.3333333333333333,0,5
-0.8943800669719556,0.43315764616337488,0.11161876801615614,-0.43418730584970777,-0.90067717624091892,0.016186649982514727,0.10754384799797825,-0.033986435071785233,0.99361926460234173,-13.574111567250769,17.713701078649311,-2.1586901376761642,,0.178135688681268,0.1,0,1
-0.87031772391504192,-0.48978964219209992,0.051508890889599257,0.49248957450734338,-0.86532207057278065,0.093122141197528624,-0.0010384800998042645,0.10641344173069213,0.99432142739564444,7.964539708560098,-9.9671001858285173,-1.0560012574637874,,0.08964626102148858,0.3529411764705883,0,2
0.51926838882631476,0.85028279882928581,0.085904030061214026,-0.8522588416147685,0.50776333382498995,0.1258223498126754,0.063365663061114963,-0.13854803801557952,0.98832648143559176,-7.8837914997823413,1.0251387060723767,-0.56339368231857889,,0.07978526753501,0.2756598240469208,0,5
0.63943747002489026,-0.7665142425509387,-0.059796637821283354,0.75475166800562143,0.61099416834857279,0.23882220559815934,-0.14652522503276175,-0.19784347907019267,0.96922046832415898,0.028191652469138351,-22.588786426454682,1.6506724984518906,,0.2068463476268531,0.3076923076923077,0,4
0.17964782309756661,0.9729253114619808,0.14540632026467692,-0.97869531165456769,0.16182824036690066,0.12636102075055369,0.099408986523727552,-0.1650089662302052,0.9812695320155238,-4.0468931766887417,28.532478720987978,-4.3440720351788462,0.2694865295715102,0.1553369485347899,0.3214285714285715,1,5
-0.24906303386394119,0.96351305103629026,0.098031656342366921,-0.96070362694236699,-0.25859971416705385,0.10086986176504383,0.12254038657630519,-0.069056414006641434,0.99005811210366468,3.094455144355158,-9.8167600417096885,-0.32939426153556028,0.6870750468353564,0.6214459196003668,0.9580952380952381,1,5
-0.94920032447884772,-0.31010252812909794,0.053433753912589851,0.31358714930108622,-0.94628008225551319,0.078848625350837864,0.026112138986827484,0.091599279333631281,0.99545352891186789,-15.683709696615647,12.642100181447802,-1.3357012080871637,,0.1826168284503027,0.3488372093023256,1,3
-0.38713985506153581,0.91755177430207857,0.090672344725603385,-0.91365891003731903,-0.39498368832985103,0.095996260670732594,0.12389563645403019,-0.045679617210006067,0.99124328186333566,0.21846383240203984,-12.079405239966173,0.42003693749155591,0.3150707972587465,0.2916242156652358,0.8652482269503546,1,5
-0.97101388128667498,0.22787814955795233,0.072135922414776038,-0.22207851423941849,-0.97171733195508714,0.080290474474248086,0.08839217081732699,0.061943326776424917,0.99415785889669939,5.8173444871736439,-16.024318643800935,0.12885220827795546,,0.08532819348536827,0.25,0,5
0.0976690859572793,0.97259949481357355,0.21097623642640703,-0.99143454882576032,0.076616776220424523,0.10577052990436689,0.086708044857041797,-0.21949964075134837,0.97175183183109981,-8.5523748023514425,16.411779670246332,-2.4759860565943681,,0.4827782660572223,0.7777777777777778,1,5
-0.63708182553014403,-0.77035668396983781,-0.026025507529616059,0.76920369745284656,-0.6375723892830788,0.042744827157625238,-0.049521908323974129,0.0072130358976828244,0.99874699133919298,16.629712440438333,9.7993620456266211,-3.9071835689050136,0.3565560334672369,0.3581164648639555,0.7714285714285715,1,5
-0.99793749772687568,0.0074005169648940225,0.063765060803481516,-0.0023563006611729263,-0.99688599412181989,0.078821079483488085,0.064149812765225869,0.078508261172952412,0.99484735233591637,21.961327956479494,4.213738594730251,-3.8490806361816854,0.6115760186217105,0.6653272861039783,1,1,5
0.51103105802998883,0.84923658058276863,0.13283255598247126,-0.85367634015165361,0.4833812410719403,0.19385376458822925,0.10041894240643991,-0.21246130466472493,0.97199600309164558,11.327324264694484,-15.389871822769971,-0.70086547956120404,0.3784358367465784,0.3292136158107987,0.8,1,5
-0.61571653163158135,0.78003110487523408,0.1115554933774944,-0.77694515103142814,-0.62458581143208403,0.079049329196871201,0.13133691394397043,-0.03800052084966226,0.99060919410776083,12.064853694948235,14.705598382303316,-4.0140737780774263,0.4604251268324975,0.3552728399542164,0.4583333333333333,1,5
0.028536201278289656,0.98758239270455672,0.15448852008012501,-0.9931759532248271,0.010528462089087996,0.11614937546967023,0.11308055161061401,-0.15674874514962114,0.98114352657572867,0.57078506268871754,5.3129000518700389,-2.0793578343912147,0.2744230864624493,0.1798904775780124,0.1777777777777778,1,5
-0.40316193484168666,-0.91200596427684333,-0.075535259436718794,0.91042888364959795,-0.4080773179595279,0.067765406982506438,-0.092626681422006821,-0.041449049330752982,0.99483781301191132,-13.309857187593535,13.419928656905425,-1.66009097158318,,0.5081249635802304,0.5789473684210527,0,5
-0.72224699103672729,-0.68401878390395776,-0.10236008599520185,0.68788406056349138,-0.72581239612692072,-0.0034474412513689459,-0.071936104711593368,-0.072901775664584764,0.99474143773338108,-7.65650010636248,-21.086216354305773,2.2989091722336212,,0.4267463888512499,0.3125,0,4
-0.95217394406487665,-0.30130859750606553,0.050773116044493638,0.30446740921411453,-0.94960704802958373,0.07447181385589742,0.025775511059621847,0.086368879820629643,0.99592973629074222,-12.093188504108698,1.421282729392334,-0.1749897881197246,,0.08953911433034836,0.5290322580645161,1,4
0.86783163045928513,0.45996205364188869,0.18789137921659962,-0.49647552791196742,0.78792538531135792,0.36426039774656072,0.019501573241997545,-0.40940016657481426,0.91214647521634507,10.835788050690338,11.207543242595539,-3.6298571398258064,,0.4151249942396911,0.1538461538461539,0,4
-0.36683387867293571,0.8860913792664048,0.28332838376613662,-0.92014890307776087,-0.39043860485664994,0.029726957503027764,0.13696313964919143,-0.24979944641122426,0.9585621184618569,18.260445102238524,-2.9882054769608501,-3.1700345347812942,0.3901829755241538,0.2424546380687313,0.3333333333333333,1,5
0.63253032211301297,0.75331801146516364,0.18004823023229227,-0.77300312698397899,0.59936979069082486,0.20789906127788965,0.048698637358751601,-0.2706803051745898,0.96143674524640055,5.1867969118214283,17.252208096435456,-3.8609220742491832,,0.4218982249860701,0.3333333333333333,0,1
0.2882895105813677,-0.957440409383983,0.014036401511265615,0.9488784142194463,0.28761763042916338,0.1300225122611498,-0.12852592391087184,-0.024165288016969592,0.991411683276888,-4.0943020975282316,-11.346581214033545,0.96138222332139867,0.5184976664634783,0.4766762387306168,0.9809523809523809,1,5
-0.81810415254092494,-0.57331757685275286,0.044861471966315382,0.57493988729148515,-0.81376649565644676,0.085018918766838092,-0.012236077662026237,0.095346980123733216,0.99536889231316383,7.4654016673584884,-17.121361775369568,0.077221207105175424,0.3786581033144089,0.3297609039484596,0.8805970149253731,1,5
0.078166169365963808,0.92753190353562354,0.36547861481929789,-0.99152211560557824,0.034159863192728311,0.12536745196298499,0.10379761187854335,-0.37217962285734463,0.92233854093715217,14.022783371684691,-0.9935864045319116,-3.0412255910498875,,0.3674207845398041,0.2173913043478261,0,2
-0.99587442377146806,0.040243464463537944,0.081330164427585713,-0.057126365993719327,-0.9744221247056325,-0.21734327961202779,0.070503265074731106,-0.22109271008364892,0.97270103483119086,1.0685781020925262,-28.133571349743445,2.0362825606506161,,0.365360614127433,0.125,0,1
-0.97567836233496386,0.18439669025528937,0.11853098284523195,-0.20045320386082652,-0.96935764441957772,-0.14200095164208049,0.088714408825690413,-0.16230717121625096,0.98274418636717775,-4.6923500552822439,-27.804339751964658,2.6345560331638462,,0.4752023876685184,0.6190476190476191,0,3
0.75527059047744993,0.64904818150894095,0.09111966439677581,-0.65481321436031181,0.74130445473096995,0.14726628838649894,0.028035503543907502,-0.17089225692217908,0.98489077925680857,-9.9407612480153329,-16.986227463586303,2.0553961355946808,,0.104818163786836,0.4,0,2
0.73634753139339293,-0.67646500428780532,-0.013689813174643491,0.66499703032723556,0.71983648115551235,0.19903364050734876,-0.1247848655359094,-0.15566161495869882,0.97989703487745872,-3.0389364629491857,16.604063049939064,-3.0401152807278273,0.2501492671874851,0.1777428515397366,0.5357142857142857,1,3
-0.85693176695759143,-0.51427088494394702,0.034545675241795158,0.51542247794960461,-0.85463378463279793,0.06277549990650369,-0.0027597107151253616,0.07159993759209464,0.99742961302218147,2.9611384822455831,-15.320511618397159,0.4053777642137168,,0.112031583422005,0.55,1,5
0.1435124756292567,0.97198334014847554,0.18615196967148895,-0.98637211314441431,0.12519090424542392,0.10675809995141275,0.080462561168438543,-0.19893623090836429,0.97670371775794373,-11.929738254676989,-33.289314692244709,3.9171218415472482,,0.3781272273989608,0.55,0,2
-0.77035265468608682,-0.6371932285388916,0.023271805307769032,0.6370758495293356,-0.77068959887983746,-0.013111221335597261,0.026289719750771406,0.0047256409744740472,0.9996431958217924,5.3918252994006757,-8.0925161248388253,-0.89737630806035684,0.6661887336242874,0.3407490841455324,0.3333333333333333,1,4
-0.93466949458288595,-0.35304762492617825,0.041836711512234698,0.35517346883647016,-0.93245445567478258,0.066185308996140141,0.015644261914271231,0.076720679260745495,0.99692988441661623,-2.9772163362469999,8.5269212337976867,-2.0768246341170928,,0.07358956076491895,0.2816901408450704,0,5
-0.40260331841415814,0.8929988187115474,0.20115585445541678,-0.90719523980463312,-0.41856375220483194,0.042440337133745322,0.1220957201449827,-0.16540101305612626,0.97863943309182322,9.7079360385032256,-4.0577458550382959,-2.2234805642577267,0.4870548695095311,0.4254476638431055,0.2427184466019418,1,4
0.33406327803376118,-0.94219854701786121,-0.025760905783147853,0.93399211487916434,0.32723148682036707,0.14345132755355333,-0.12672985288748245,-0.071982303594440009,0.9893220367283615,17.862809142258879,16.540210247217111,-4.4043662537324835,,0.1799484078123845,0.3888888888888889,0,5
-0.98777618859848115,0.13402223110685288,0.079600520142769707,-0.13431703758771452,-0.99093701418019031,0.001663532779975926,0.079102052132158054,-0.0090485079870047773,0.99682545606123585,-14.741748143166156,1.4228013569721252,0.097211791070331968,,0.07496457231221554,0.2068965517241379,0,3
0.99690218053154178,0.052744316198646723,0.058344490401360999,-0.061408682665637294,0.98546651425739429,0.15838157396191074,-0.049142813764866858,-0.16147379473499199,0.9856526758798726,-12.654668783102387,6.5433290771182264,-0.85046871720876749,,0.07792724820307328,0.28,0,5
-0.90763399842184878,0.40397655409366096,0.11403275253794698,-0.40297852874016754,-0.91462473449298898,0.032709332430381058,0.11751097941545374,-0.016264648666437263,0.99293838223757858,-5.7103129215030695,11.210604479257647,-2.1258720470281443,0.3571328614788654,0.3820253330081217,0.850187265917603,1,7
0.71743014788348691,0.68107660358949462,0.14638525523725446,-0.69471355371899612,0.68390394921955167,0.22281935849702084,0.051643597734870567,-0.26155314619575676,0.96380645906120588,0.35249164752666207,24.159151584128313,-4.223073901469232,0.3238483753107931,0.4325537363972584,0.4905660377358491,1,5
-0.99062617174716228,0.10563996454833594,0.086602458047029471,-0.11172920631170777,-0.9913568189329256,-0.068762213548911474,0.078589899519703202,-0.077793672271056685,0.99386707976875155,-1.1743595222247531,-21.757503648084711,1.722227179302279,,0.3184281372283032,0.32,0,5
-0.99732533449001426,0.015866543170524407,0.071347249366726109,-0.012358300383524963,-0.99870524784628911,0.049346735818203633,0.072037834476131227,0.048333019066668072,0.99623012887178308,2.505483353485662,9.4115732634117446,-2.8370772672022628,0.2168554137739579,0.09860519511009361,0.3125,1,5
0.31108506900849481,0.94246689793707072,0.12240190412267025,-0.94689396177768781,0.29633765985227373,0.12480311094773622,0.081350506998634539,-0.15472600830549929,0.98460243619692078,12.814190631161205,6.647811727821634,-3.5186241910738265,,0.1437286383853295,0.3181818181818182,0,3
-0.65828362301754084,0.74499801222907425,0.10789176725602814,-0.74169659730483473,-0.66639695392705056,0.076165985473695214,0.12864225283059486,-0.029884135782675774,0.9912406918681218,11.088566399585295,-9.5281889993394202,-1.6912732776890433,0.2158233171942192,0.1251422652015514,0.3214285714285715,1,5
-0.98915679037106274,-0.13951357757814267,0.045878161843781448,0.13228115845845712,-0.98206321863897905,-0.1343634240161225,0.063800777265682243,-0.12683767684641395,0.98986951895312869,4.6047955393130797,13.058191872708672,-3.3807201435728249,,0.2587986668977842,0.2083333333333333,0,5
0.97005101285630335,-0.24235781593694397,-0.016239504633266049,0.2262515271471234,0.8772107108131475,0.42345202242790958,-0.088381439907109213,-0.41444427597563305,0.90577296448446665,-8.6630707435759309,-14.42165133974901,1.7208365636062857,,0.3274349897627522,0.3125,0,1
0.71308067475335546,0.69097763030674775,0.11859960248234985,-0.70055837688422773,0.69574165696311996,0.15862379185843861,0.027090807862377254,-0.19619750554450077,0.98019009735228402,6.5479543761520969,-13.622492551843418,-0.31087700102121146,0.4019687702928533,0.298499499050215,0.3333333333333333,1,5
0.79986671934163145,-0.5984253416762797,0.045829485370040016,0.58837078961696154,0.79691375521747687,0.13692436112939138,-0.11846115487858541,-0.082556509039605694,0.98952078179289615,1.9966051298452696,11.650779372866785,-2.9986980712805158,0.1657608662116291,0.1197495722969031,0.6363636363636364,1,5
-0.65042442370173614,0.74922217712576999,0.12495678595092884,-0.74869430483261701,-0.66011606826210756,0.060857327688463726,0.12808164178940409,-0.053971341701852062,0.99029399034399512,-0.0061269317196864098,4.4407767541858085,-1.8831961229836514,0.4953105169444975,0.41735385668193,0.8826086956521739,1,5
0.94294814085213308,-0.32995837315736709,0.04445532191820397,0.31794665918962378,0.93203960102728145,0.17381629390556175,-0.098786262069504069,-0.14976533010096504,0.98377417140626622,-6.1321126337337573,10.261044876983231,-1.9666322223522459,,0.08135809989835721,0.4468085106382979,0,5
0.42124812594359662,0.90102440316051047,0.10346516949318203,-0.9041682166899786,0.40829556530602473,0.12559684422427292,0.070921451738316696,-0.14645735304408167,0.98667136951603585,0.89771050562040189,20.18390411301387,-3.8558205385382487,0.2291678312564303,0.1848156825122765,0.2608695652173913,1,5
-0.56471284203809435,0.80327651115475029,0.18933106629475824,-0.81492559845683632,-0.57898981352593282,0.025827597893960597,0.13036746149643652,-0.13970555629701129,0.98157357468644058,-9.7170488080870161,-18.700899277424011,2.2130375925096066,,0.07250979208271824,0.25,0,1
-0.090312097746963999,-0.98830620565943206,-0.1228599562737991,0.99024037509381102,-0.10226049387844834,0.094693140859332434,-0.10614953855110416,-0.11310895299132089,0.98789606751853987,9.2143943635095429,-5.3146771301863884,-2.0108884281850159,,0.1003512853955744,0.2,0,2
-0.47427272444894114,-0.88034826604953076,0.0072327938836153349,0.87909041367617313,-0.47311894885512723,0.057952608369891238,-0.047596506451979416,0.033843621227692765,0.99829313424252419,-0.6236112448319111,13.760915832445377,-2.9788546722745486,,0.1536350132747247,0.1875,0,5
-0.59332280254259195,-0.80495412795188548,-0.0041114323809755479,0.80405190447113684,-0.59288548106450822,0.044579605866850586,-0.038322146330048379,0.023144291653136265,0.99899737480362383,7.707027305675048,6.4532594870037823,-3.1514485758384865,0.1345379650896698,0.3063177539188794,0.1428571428571428,1,5
-0.97691470416531967,0.20146278514086136,0.07106621552379476,-0.20368241512634838,-0.9787066301935724,-0.025432376677004168,0.064429298877802563,-0.039320201149412495,0.99714732473576118,10.013736407528546,-7.1529355217370867,-1.9581113619636066,0.395559032934665,0.1534125291216978,0.2857142857142857,1,4
-0.94217560951890089,0.31060574062348095,0.12581412766230562,-0.32062460578176832,-0.94470577990963367,-0.068781186182102216,0.097493502321815223,-0.10514306109805893,0.98966658714334521,-9.4776885615422604,-25.628703318123048,2.9393645657684226,,0.4350543622439138,0.15625,0,1
0.62813837541940298,-0.77810162992293541,0.00018664604082270749,0.76945595142334766,0.62119459880460692,0.14850861670345741,-0.115670740227008,-0.09314034532497191,0.9889110960688432,5.8409640114498496,16.197901850510974,-3.7728522126716459,0.3799614650788393,0.3751264005834466,0.451219512195122,1,5
0.055218674788621025,0.99210092210617717,0.11263506696700663,-0.99303269545308848,0.042805937868994601,0.10978942318971467,0.10410073830556148,-0.1179127306071288,0.98755234000280112,-17.53131284630685,1.0586916450347688,0.38111352723805447,,0.1780719545518371,0.4692737430167598,1,3
0.6738011222614817,0.7328246437937993,0.094657747108515988,-0.73759479764456537,0.65940977038418891,0.14537079902629979,0.044113060728556946,-0.16777006935196531,0.98483868816309017,-13.129552278637616,14.780055079246585,-1.809326546945607,,0.0956206033409792,0.4,0,3
0.18057360367591599,0.97735498840618074,0.11031953722278648,-0.97824458231998035,0.16681737495614546,0.12332680395741302,0.10213085144608659,-0.13018905503266145,0.98621503696334001,-10.079206193119013,3.3906308180624509,-0.65852134030304277,,0.08079079410943139,0.2898550724637681,0,3
0.49168583361508839,-0.87026740622746535,-0.029659445044646085,0.86086426529540439,0.4806852546905005,0.16689638300614382,-0.13098762445223772,-0.10759334357314744,0.9855282414315234,17.961530299043972,-14.568502866499857,-1.6452128701502386,,0.1606651065063928,0.8,0,1
0.85743740516553024,-0.51247523560516051,0.046585717923388871,0.50195877637911768,0.85289270795892425,0.14356676330708323,-0.11330702996275752,-0.099715403032472297,0.98854355258586868,-0.54058700053131348,-8.6987402036165964,0.041100242828521871,0.5255378311945151,0.4744631844233138,0.9792243767313019,1,5
0.18059896381592463,0.97664607235843393,0.11638927620472124,-0.97951124924230248,0.16787050951442045,0.11125288599920677,0.089116367051164713,-0.13409676126668185,0.98695305447695358,9.7682768051091209,-15.713329140482701,-0.37661328301240538,0.6707419146720475,0.6041161441952826,0.8181818181818182,1,5
-0.080420200415643739,0.96659299725155889,0.24337331207294374,-0.98584172901093914,-0.11317367576139967,0.12372471238751985,0.14713489289026124,-0.22997760060253764,0.96200916134685011,19.263695586623644,-17.506723325337049,-1.3355763207265656,,0.3515916485583712,0.53125,0,5
-0.52737349459861538,0.83103151392012253,0.17681578002676834,-0.83949944830028966,-0.5417211216682134,0.042177039275452348,0.13083529148648856,-0.12619369718873899,0.98333985848814409,-8.4781940780233658,9.7638479426349623,-1.7002073056098088,,0.07813263109467573,0.3243243243243243,0,5
-0.17407786344459258,0.92516312459254479,0.33729822168627721,-0.97192634457061544,-0.21648048930310898,0.092170377457660518,0.15829111847531727,-0.31178420525300132,0.93687487487208621,3.5888048828419841,10.536981421471534,-3.0210767254969726,,0.1024992545937514,0.2941176470588235,0,3
-0.73886990500456828,-0.67375169306720639,-0.01139822651177738,0.67316154185290134,-0.73877486867551445,0.032637891839109645,-0.030410558179116559,0.016442308309655599,0.99940224556916279,-13.572086114766725,2.187897415265093,-0.11722569196919773,,0.07400360987129523,0.1914893617021277,0,4
0.52647918408879435,-0.8501057171699492,0.01182955435185745,0.83937629107343414,0.52194564032003676,0.15172406050034415,-0.13515587558446274,-0.069950112121946365,0.98835209875283014,16.432757712456873,-13.079948172058737,-1.7594616107997292,0.4865536865306673,0.5288133879551229,0.4262295081967213,1,5
-0.20296670287476021,-0.97593114777646617,-0.079767865233165161,0.97833765537014961,-0.20550649686593384,0.024950186987847081,-0.040742479170828766,-0.072975849057064834,0.99650116700654867,0.35255231688754651,-13.035947037020502,0.50513773181232069,0.2556729125140982,0.2157056662584572,0.3095238095238095,1,2
0.98422271313747489,0.16069810933926651,0.074038966761379776,-0.17154657773079623,0.96916453722654095,0.17689508600104173,-0.043329235086249543,-0.18680529285127112,0.98144096101069189,-9.9083177689425792,-13.079223901363619,1.6330043913666976,,0.08364196483640479,0.34,0,2
0.80150485230512225,0.58934274183969493,0.10131685137337806,-0.59702731605402426,0.77904616442577079,0.19143003311607903,0.033887396132967498,-0.21392102826595993,0.97626299635342195,15.731831020571168,-1.7433702481215332,-3.0745701457066126,0.3121851271037533,0.1520894904396001,0.2727272727272727,1,5
0.17335856115242992,0.91296650131692336,0.36937647021473347,-0.97956023051619079,0.1209869253804307,0.16069822238611628,0.1020223704205446,-0.3896849129234114,0.91527979578577312,14.976014844713726,8.0618642521282808,-3.6978991522460349,,0.2352421841764974,0.2222222222222222,0,1
0.88537291291487552,-0.4625901416537811,0.046099521921207018,0.45191896571173124,0.87969718597050062,0.14799361278657427,-0.10901400601146739,-0.11019628777920824,0.98791331839034069,-10.654407092030111,-10.972647123012282,1.4396879070920416,,0.06687986021147907,0.4285714285714285,0,1
-0.15468938285575612,-0.98778564842015348,0.018727188974471568,0.98234997973825777,-0.15176514063737639,0.10934285251247619,-0.1051651660006919,0.035310832084469508,0.99382766765549069,-9.177318870359338,6.6813026097920867,-1.2106114966722399,0.4321234257043384,0.3248919432570614,0.9466666666666667,1,5
0.99824628227726164,-0.012249388254299538,0.057916426055317848,-0.0018435600880007822,0.97144974625677905,0.2372382595279299,-0.059168920945269945,-0.23692898299919943,0.96972351513673083,-8.3245232007073451,19.34599374915036,-2.8226773345576039,,0.1172285937405408,0.375,0,4
-0.96021851415385806,-0.27718594118159506,0.033887447343098731,0.27757848149618991,-0.96067451914200441,0.0073928939901079811,0.030505600902577541,0.016505219857757904,0.99939831200128626,7.4859366067312063,-4.6820629344563081,-1.8136332735446008,,0.5247053665502954,0.6462585034013606,0,4
-0.97884356712532294,0.19504979607306841,0.061813009546768903,-0.19978720039573958,-0.97631876434722342,-0.08298641419861813,0.044162717935008866,-0.093580165822498979,0.99463179464022133,0.48845166156613989,-20.702784748322138,1.3971046038500421,,0.1035240273331333,0.6,0,2
-0.14174849595619157,0.97837798132477638,0.150611717847632,-0.98229943288243771,-0.15784345385224235,0.10086262060266898,0.12245484087205562,-0.13364868025855017,0.983434208380077,-7.7281337927607359,5.8807886289285554,-1.2590326236054901,,0.0836679245889269,0.2564102564102564,0,5
0.0049345135527404408,0.99295826492581407,0.1183618802297202,-0.98996351540781158,-0.011866775637830245,0.14082406682584078,0.14123699493194156,-0.11786884130879632,0.98293389783398799,9.7821124866579723,5.8407838703792834,-3.3423684668374278,0.2006945441415967,0.1562002263090221,0.2307692307692308,1,6
0.39781473611144308,-0.90746883307014292,-0.13506943673124874,0.91607946143453944,0.38479541243997728,0.11283133830170108,-0.050416823287350886,-0.16862030592862101,0.98439084532422949,6.675355409352437,-11.823583701099382,-0.5817346970057008,,0.6575623226294662,0.4081632653061225,0,2
-0.99575041551760357,0.063519309123820297,0.066681386945322899,-0.060199842293503197,-0.99689974843467011,0.050664292738853069,0.069692818743086249,0.046434781568597948,0.99648719112506379,3.3338970393097562,-8.7411947452515992,-0.50875481207937667,,0.09822455691976129,0.4714285714285714,1,5
0.99735056563867497,0.033918055576060716,0.064353824487395281,-0.042032939225380386,0.99071964789831302,0.1292586990817958,-0.059372394597916427,-0.13162121703654775,0.98952047678940303,-11.388899508374189,4.5192871530029954,-0.69403600456298054,,0.08442516546450603,0.3666666666666666,0,5
-0.0078289181130625791,-0.97995256630546124,-0.19907706003585815,0.99342170833294186,-0.030367004814611822,0.11041356090376578,-0.11424542640315723,-0.19690305434383448,0.97374389329845379,6.3103962929450796,8.9219133579027616,-3.1774215785889535,,0.371959933888214,0.2631578947368421,0,1
-0.66108513903516564,-0.74891745458483505,0.045706511188533777,0.74910819680858587,-0.65535195024685666,0.096699176738123033,-0.042465850056778796,0.098165510877362111,0.99426363910843163,2.0086988222865858,3.621273704986133,-2.0314797949882166,,0.07311782633829286,0.2543859649122807,0,5
0.66546239718745748,0.70448313866467605,0.24670489510078508,-0.74494334412853502,0.60595323529334366,0.2790700461821814,0.047108512692693581,-0.3694917914848671,0.92803911774083425,2.1658027314380268,-20.337676198376879,1.0886084624718475,,0.1505258628852803,0.2222222222222222,0,2
0.83935622351382666,0.52839149762623983,0.12760703462155645,-0.5435506009222133,0.8133403388193885,0.20743730977397407,0.0058201620001942251,-0.24347467729819933,0.96988979127982866,-12.065751820161822,25.526171745937809,-3.2224815870641015,,0.3908641594410841,0.4736842105263158,0,4
0.70955244074713386,0.69076997308670263,0.13918397217921044,-0.70444813299838083,0.69061302243501843,0.16372684922842162,0.016975327533891367,-0.21422067483080764,0.97663777355279102,-9.8785612842573833,21.329216578173753,-2.9461020354316498,,0.1236336997046555,0.3333333333333333,0,5
0.3408784115376654,-0.9361190452911653,-0.08650457554785726,0.92926563328941436,0.32158356576085967,0.18179492022538535,-0.1423632373008617,-0.14235569281095753,0.97952415252995695,16.664651472300818,-8.1630219567499331,-2.4454985844487656,0.4271365655142624,0.2905557363217662,0.5405405405405406,1,5
-0.12174986440895047,-0.99223227972030581,0.025535731778170721,0.98653715184621071,-0.11814085784361349,0.11308043922421404,-0.10918524874527787,0.038959476241597964,0.99325764062876043,-10.517834946135284,10.178432548899004,-1.5254186721440988,,0.7863166154539531,0.2444444444444444,1,5
0.9974527633921153,0.032680597721625626,0.063403180787638708,-0.040932141659249924,0.99019603029213776,0.13355291600290298,-0.058416988801373665,-0.13580795310381727,0.98901145357024622,-2.9138519668121265,-7.5265030334529008,0.17455685441117463,0.26658610930102,0.1175354128468058,0.6436781609195402,1,6
0.98426532348266516,-0.16881876658862949,0.052172761447517861,0.15426144412501916,0.96497276501432616,0.21220501793565208,-0.086169483264258911,-0.20081779509819497,0.97583145743815369,18.169557919775499,25.858832255340374,-5.1243995829807085,0.3201298350278068,0.235169912342427,0.25,1,5
-0.89142512408924901,-0.45169644660104719,0.036490660044103077,0.45313830636872854,-0.88939415954747036,0.060363103499811797,0.0051887805645812989,0.070344502918393809,0.99750926184442845,-16.058395675061881,4.6542655563179238,-0.212435224325314,,0.08211652095008708,0.4418604651162791,0,3
-0.78861742851468652,0.59913547823528868,0.13827230439482771,-0.60326942341486089,-0.79740560478398559,0.014501869941083987,0.11894769529329027,-0.071979025964919799,0.99028807203033431,-5.6170903021865906,11.135230474993394,-2.1282586975493598,0.2428438526826132,0.2567674565216784,0.5625,1,3
-0.55170168437872047,-0.83113644451685553,-0.069551865895615544,0.83172634553916525,-0.55446308385878873,0.028319159130623772,-0.062101027284149596,-0.042224391454236308,0.99717629493313342,-9.3696135504046278,18.968034677729307,-2.7005157286668631,,0.3512929496770386,0.3157894736842105,0,2
-0.22265778250978094,-0.97462638782927624,0.022954651700321738,0.96994618037923708,-0.21909587511412162,0.10583668870341977,-0.098121960108603773,0.045830139153544294,0.99411854388177012,1.0684940138605654,-15.279781111079361,0.64916271115913349,,0.07793507330340463,0.24,0,5
-0.99138793314981488,0.10030640486166506,0.084193771436290643,-0.10669118409590531,-0.99145154177124839,-0.07510546954535674,0.075940484862504432,-0.083441389388855425,0.99361490392188934,0.21116180303797033,13.975871376038421,-3.0556700060008528,,0.2889053967526896,0.2241379310344828,0,1
-0.16761504098725677,0.97806879907521538,0.12363908083776175,-0.97926529711140287,-0.17965415834674392,0.093615496911777077,0.11377467164600445,-0.10538409587926163,0.98790157223660413,-3.5647426703670821,-18.05289384284729,1.5667469547262514,0.1764538674379409,0.108235341214131,0.4242424242424243,1,5
-0.85091810459847173,-0.52287351641576163,0.050414929312264954,0.52527456739322265,-0.84603809222133586,0.09113822118269381,-0.0050008115748504285,0.10403284260991398,0.99456128998774818,-9.7643666626926393,9.1914051747041778,-1.4798037859124853,,0.07294913333403799,0.2456140350877193,0,5
-0.35294614460577067,-0.93467991218733304,0.04245563285832233,0.93156708835322466,-0.34681528020582575,0.10909592711393379,-0.087245509368772636,0.078055257153075971,0.9931241603776183,7.0876389432990496,-2.4106967847978078,-1.996439665219387,0.2357526702092276,0.2088243192887497,0.7393617021276596,1,5
0.21962652756711878,0.95634820516819086,0.19277525479269694,-0.96992146753598052,0.19278738361801384,0.14861147846169342,0.10495968369645173,-0.21961588100431259,0.96992387825490722,18.988739292624281,16.240547511677235,-4.4223865535409477,0.3592911870010272,0.1962627545613327,0.5,1,5
0.79633478173353889,-0.60234602687106664,0.055047064536062666,0.59291645377956759,0.79536932944959327,0.12584795830034948,-0.11958676448026782,-0.067578796109023023,0.99052113156539778,-9.9867660548973554,9.9903309502386897,-1.5914564569955842,,0.07732886384302592,0.3333333333333333,0,1
