axis_00,axis_01,axis_02,axis_10,axis_11,axis_12,axis_20,axis_21,axis_22,location_x,location_y,location_z,dbh,dbh_approximation,score,reconstructed,number_clusters
0.88042935243479969,0.47417589177646585,-0.0011743207534071029,-0.46425854661275501,0.86251385798732882,0.20133019315747466,0.096478791805509403,-0.17671182314097453,0.97952272780877359,-9.8099610871312173,18.804053642425842,-1.9763002406191683,,0.5702862328700848,0.4038461538461539,0,4
-0.86012047197393848,0.50779727594650104,-0.048318735834481361,-0.50981638523214123,-0.85889954120660184,0.048773265873043113,-0.016734008490573257,0.066584567704554218,0.99764045041459459,6.4831774766834043,7.2256786659620573,-0.79103042437585114,,0.07736191956880786,0.3409090909090909,0,3
0.99663502293330131,-0.04428044544640463,-0.068977338407659974,0.053759184190112351,0.98836796523164827,0.1422628392063934,0.061875529718544361,-0.14549229345542158,0.98742261031795797,-7.5497550666431312,13.315249996774007,-1.8030334420405252,0.3907449122116269,0.3002420184288365,0.8096676737160121,1,5
-0.80613910582717374,0.59140232876343368,-0.019571090653102141,-0.59172458298944208,-0.80562187932196072,0.028903381181503363,0.0013266281075457087,0.034880841316394504,0.99939059779794037,-3.0123910586460294,15.760771150846946,-1.5668046105378546,0.6042448426821391,0.6718069811004643,0.7628205128205128,1,5
-0.20779442609187315,-0.96702853205996653,-0.14723211153513208,0.97624410117252847,-0.21446881924098093,0.030831485517577459,-0.061391623296587275,-0.13732786955066359,0.9886213252978534,6.3570093894874429,9.1006654900985584,-0.85242745163019884,,0.2614506873697085,0.6461538461538462,0,4
-0.97030275916993358,-0.22865172944894127,-0.078936317162781988,0.23146604489339145,-0.97242717417147073,-0.028440481611607858,-0.070256854531252036,-0.045866954911984302,0.99647388166397899,-2.9926550550894651,-16.843509278509394,-0.21384557787320413,,0.4677352549993414,0.24,0,1
-0.5409903583788247,0.83532839514684798,0.097754306312003006,-0.84028576920970344,-0.54173360332859366,-0.021083858476906629,0.035344846934270792,-0.093547716626372568,0.99498721926926437,1.9964093917149097,-9.4465417300767438,-0.34026438804135195,,0.4560886994151792,0.4782608695652174,0,3
0.93736697108556977,0.34810770612266878,0.012813526285791093,-0.34340659082652913,0.91728587327598676,0.20163962920321599,0.058438642136550353,-0.19341057785530569,0.97937596125232285,4.584783349207286,5.5039390262995855,-0.84314177914767818,0.677282058722399,0.8095689527758296,0.723404255319149,1,4
0.43985430218766841,-0.8931402141508239,-0.093961432053892735,0.89766427157771433,0.43410169304017743,0.075858919267955793,-0.026963834665157688,-0.11771269246037393,0.9926815570231361,1.6586328157240566,16.425337637011477,-1.317308227012143,,0.07855670205269999,0.2,0,5
-0.65159055111944242,-0.7066021291854816,-0.27594054562967779,0.75451843567360044,-0.64125873075439821,-0.13960361907887978,-0.078305069571027883,-0.29916662792130022,0.95098246293907751,6.5706013783338957,-5.9391444323532916,-0.20240883394120771,,0.5108267852843928,0.1578947368421053,0,2
0.99729150782746323,0.050638183866156698,-0.053342504159085216,-0.041457288107711751,0.98608245245524506,0.16100524905295557,0.060753120726254765,-0.15835773203284825,0.98551097762908435,-28.753764198875547,-18.720165115746145,-1.7116637481103931,,0.2360382584323905,0.1739130434782609,0,1
-0.93700418450618406,0.34663701525025659,-0.043196503056322735,-0.3478026355940162,-0.93728482565500781,0.023032200735465257,-0.032503613518464987,0.036605126078951354,0.99880107121137329,-2.8568749989337063,8.5261716656116349,-1.4785610844231061,0.187737674491466,0.117869661765933,0.3306451612903226,1,3
0.60266106729709679,0.79410007214812817,0.078770003038343264,-0.79438689809884933,0.58762551752509984,0.15377160752962982,0.075822780832752554,-0.15524601949066358,0.98496171465650983,-1.8408454669509828,-7.1536286313308537,-0.8015345721514624,,0.09904387065259147,0.3333333333333333,0,4
-0.60812909769251866,-0.77914946178172018,-0.15200367345869595,0.7867999858169944,-0.617025859589862,0.014995696574978639,-0.10547408619210515,-0.11047716869402047,0.98826616472451001,14.798205501119911,3.0998224219759183,-0.033658747879507331,0.3285242597775046,0.3248631802728549,0.8,1,5
0.87502398498500844,0.48372426802386181,-0.018543414619037857,-0.47758341577198349,0.86890244701480135,0.13008696533955361,0.079038640426813092,-0.10497318751218668,0.99132916996475529,-13.749108389643013,-16.317072292573194,-0.99984320468859189,,0.07390620110139083,0.2105263157894737,0,1
0.65976326677657815,0.74029953199573639,0.12910861605326368,-0.74810223951274102,0.63078133176018392,0.20605327160438019,0.071101835759121157,-0.2325328244135447,0.96998608986002488,1.646288229674828,18.330671722800357,-1.3029706494957407,,0.370395963876343,0.2222222222222222,0,3
0.76677060059817781,0.64098939254251164,-0.034575203633431605,-0.63637797249968486,0.76610895789645983,0.09000078192989637,0.084177919762261397,-0.047007055627685299,0.99534135578991967,3.4284981789840727,11.535527956017484,-1.1226782357903136,,0.08950340580746735,0.3518518518518519,0,5
0.63450492154285276,-0.74792461765582541,-0.19496735840208607,0.77277619459148117,0.60902766582436751,0.17861202460426456,-0.014847815011312056,-0.26399634195365607,0.96440939119467295,9.9310569669779074,-8.7678397573674651,0.22759778257687482,0.4883419757824398,0.363006416948666,0.1714285714285714,1,5
-0.96352695251702569,0.26749842816732677,-0.0077719174766372979,-0.26376621754677176,-0.95418763333073009,-0.14125630208868681,-0.045201706320927022,-0.13405428499943833,0.9899425510699934,-3.3500218946066123,5.68861115343626,-1.5136477629351777,,0.6244652413422666,0.7411894273127754,0,3
-0.0050382760965815019,-0.99327265916646912,-0.11568941319907156,0.99852451030426825,-0.011252453133624834,0.053124237595441132,-0.054068642442694229,-0.11525106008556481,0.99186378855846791,-2.7888070382354559,21.75040032366752,-1.6393810029508447,0.2319133033400467,0.1923065955125497,0.3823529411764706,1,5
0.23923671007750966,0.96949551578963744,0.053331429899015279,-0.95758500860632123,0.22649896194619729,0.17812684112655908,0.1606136602027389,-0.093683857206453308,0.98256123832318931,-4.48795908422432,20.21778197580425,-1.7207584937411218,,0.2178502913593064,0.3333333333333333,0,2
-0.98797342094317842,0.15280071580143728,-0.023674052471033914,-0.14657366950879971,-0.97425280931619396,-0.17131147931831314,-0.049241028792645095,-0.16578119552612705,0.98493244250221013,-27.201977395688822,-15.884300884371525,-1.84214249901265,,0.3435451399606372,0.25,0,1
0.99208209461301144,-0.077975876571084596,-0.098452426182555869,0.10081147569335901,0.96194106502355603,0.25398116817960192,0.074901027474848211,-0.26189530368893388,0.96218536986845404,-5.7185147809125167,17.226242329353159,-1.7338971285233646,,0.4640275966953669,0.2272727272727273,0,3
-0.82265574647911921,-0.56191896713954437,-0.086513566298642305,0.56190449428476519,-0.82676661835555343,0.026838369464341101,-0.086607517499719497,-0.026533622853840168,0.99588910264686858,11.850930272224259,14.8939006715961,-0.66262135325130445,0.4743897885565646,0.4607853217567796,0.8266666666666667,1,5
-0.98047580246232768,-0.16963940907840361,-0.099446828372678805,0.17367282014328694,-0.98423862543259033,-0.033347859752069234,-0.092222298438785544,-0.04996798068859979,0.99448391066752395,4.0335799796460963,20.527293506624119,-1.1739409502563498,0.6036462985745216,0.5401392492002612,0.2857142857142857,1,5
0.46856166332827737,-0.85008673054935402,-0.24042154271809438,0.88270136257208076,0.43944720296218159,0.16650663747162842,-0.035892508583703929,-0.29023905035784819,0.95628082772527834,10.539145575553267,1.4287334484792256,-0.29421873247339542,,0.366183016368627,0.6052631578947368,0,2
-0.35248380050746347,-0.90213270238321042,-0.24882073400458624,0.932727578826547,-0.3602641697195087,-0.015132472127234228,-0.07598969717128054,-0.23741591207642262,0.96843133500353951,9.4048269573900676,-2.6962806963536492,-0.13503964175631408,,0.215505686932508,0.2142857142857143,0,2
-0.93645789478612984,0.34772722989285992,-0.046177753126016609,-0.34918489094509053,-0.93662673298159738,0.028289132186843306,-0.033414416475447691,0.04261615486241524,0.99853259341713396,0.38336477446082518,8.6073580320837895,-1.280134181839732,0.1686286654244034,0.1469346266135171,0.643312101910828,1,5
-0.99841680446727255,0.015358307700328476,-0.054111061179212154,-0.00098108209025743378,-0.96661001465739105,-0.25625010642333235,-0.056239861622256714,-0.25579132500657437,0.96509474976091769,13.573135232911186,1.7825912854310024,-0.067904250947198375,,0.5424256484937221,0.2413793103448276,0,2
-0.64389602537114032,-0.75578312203129827,-0.1191208670379445,0.76304823817390155,-0.64575809706948595,-0.027456625592042965,-0.056172010209291613,-0.10857417981187108,0.99250005176182576,-5.8887017160935793,9.5957133851621847,-1.7018572815326167,,0.1400715650292168,0.2214285714285714,0,5
-0.2122764118282309,-0.95386737470249905,-0.21231051895630018,0.97475145907427219,-0.22208530339205157,0.02318859740990117,-0.069269892550149412,-0.20202759587596622,0.97692708657845484,-13.205023739206851,11.418762150777102,-2.0964517666961124,,0.1527379456894188,0.4444444444444444,0,1
-0.47857152361323896,0.87722483393498052,-0.038024827603163974,-0.87777675574611158,-0.47689705996135096,0.045575884764344654,0.021846369454355925,0.055188630423004217,0.99823692138374553,-6.672639418353044,11.079532483468444,-1.7435560054110617,,0.0880621049719741,0.4684684684684685,0,4
0.1942762783501078,-0.95311558767816174,-0.2320073365118985,0.97887241414806114,0.17299174857358202,0.10900757655045615,-0.063761465560167416,-0.2482831678756505,0.96658674937082212,6.8541350868076512,-7.4766781039690207,-0.087440112700454167,,0.1046966523148322,0.2647058823529412,0,6
-0.82107533522223486,-0.56495181242865089,-0.081637880443314298,0.56488786718656825,-0.82475465246030744,0.026104803207227203,-0.082079177597638053,-0.024682238120971273,0.99632012713095108,0.58679599431306462,11.202925053253008,-1.2779126704563488,0.4001715973309535,0.3915794634256718,0.8299319727891157,1,5
-0.47682062141517279,0.87841850094290685,0.031984874463807371,-0.87867891557814093,-0.47731483652325202,0.0096907251124365417,0.023779367352225259,-0.02348369723868568,0.99944137279398748,-2.2821895859835388,5.9014979426959382,-1.4538512622614146,0.4734311341931027,0.3109885393090712,0.6172248803827751,1,2
-0.71444549872492114,-0.69378650823237431,-0.090707829576215065,0.69528637904438917,-0.71848036959379769,0.019047562145904924,-0.078386736550516714,-0.049459473340197117,0.99569537511724437,10.586576903556352,11.936919174658241,-0.66351341686832221,0.275539321078473,0.2122533951885224,0.4,1,5
-0.75133436511344565,0.64462136099209355,0.14127976766783323,-0.65976067570221142,-0.72900619149513901,-0.18238920899744826,-0.014578154771361203,-0.23024611552522234,0.97302322875099356,-20.471885805519044,15.765660178628712,-2.4908837169067786,,0.4467486899912563,0.360655737704918,0,3
-0.93954007432941888,0.34102730253529151,0.031061675012366109,-0.34242578356958375,-0.93642693334983351,-0.076479940139782265,0.0030052413926086262,-0.082492287048733737,0.99658717185284018,4.9540577317177323,4.0986573242411559,-0.79473257779980266,0.8677156282552712,0.4074504993174092,0.8359375,1,3
-0.9367914988209074,0.34817166850770714,0.034614693201537296,-0.34872664516211654,-0.92104723108983366,-0.17338317408481532,-0.028485341683972383,-0.17449494935472848,0.98424595399668136,5.2390984911237712,7.7120770790861499,-0.89948712418214616,0.3008855964976072,0.4384964182025153,0.59375,1,2
-0.91078744389951538,-0.37785389252754337,-0.16641114126395051,0.40564428852854328,-0.89403671247989236,-0.19013434177527858,-0.076934668512697896,-0.2406757001442609,0.96755168551396298,6.497737030303985,0.55912422403410533,-0.53201402134687426,,0.5433174939383818,0.1830985915492958,0,1
-0.99587383524672002,0.090528784614880134,0.0063121650121714772,-0.090146455843902823,-0.97887082611596887,-0.18353616068182288,-0.010436511379362143,-0.18334787954921433,0.98299269290012248,13.614541167858464,5.1569583055497779,-0.20925185593107959,,0.333964221074836,0.1428571428571428,0,2
-0.2948445563651137,-0.93588327957186923,-0.19284494963483367,0.9492133511340366,-0.31005893707789334,0.053455304386184378,-0.10982122568407114,-0.16728999538504832,0.97977209382249641,-12.07723281128097,15.261312355441104,-2.090226771181027,,0.104449428964512,0.2307692307692308,0,3
-0.18364848161793976,-0.91297777341241071,-0.36434162602472792,0.98064139415936968,-0.19577707166741848,-0.0037140638793067594,-0.067938878858825921,-0.35797056228724722,0.93125795850299098,-8.7326276990570602,5.2642074576042832,-1.8009344447508171,,0.7204880177744951,0.304077401520387,0,1
-0.41108703713467992,0.91063912542218217,0.0417592043764392,-0.91113162709801687,-0.4119083884305243,0.013062834389567275,0.029096494660890319,-0.032678169944035461,0.99904230701585273,-8.7909601079113244,-16.104488961272686,-0.68514846922867623,,0.1033767785303186,0.2777777777777778,0,1
-0.029740641637593844,0.98807633397061223,0.15106506042821394,-0.99845499077890132,-0.036463485635668771,0.041929054413409418,0.046937465032631527,-0.14958466653535413,0.98763419438262556,-4.151211413186731,-14.106625670572271,-0.49801310782956043,,0.4816233553954637,0.32,0,4
0.7124789316279817,-0.65632071681817505,-0.24822749376635658,0.70169310352273595,0.66678578106481212,0.25104483790434695,0.00074863534587724133,-0.35304367838139422,0.93560654160819834,-12.422684284680914,-16.224878490662402,-0.92563121814305405,,0.7898882984641118,0.4814814814814815,0,1
-0.27471088455406606,0.95491548526086789,0.11256263108387993,-0.96067906114070012,-0.27749641142473219,0.009564681501306186,0.040369188663488112,-0.10550904063348684,0.99359859649219251,0.97812987196607004,-7.3463280480890996,-0.56910649931590429,,0.09575808805252681,0.2608695652173913,0,5
-0.62046627032116164,-0.76249267653778863,-0.18337536808411978,0.77872360117867678,-0.62669581435836419,-0.029015672196599271,-0.092796338080014112,-0.16080197291061654,0.98261465750669186,-22.651010870016442,16.176022748417942,-2.5782370156248939,,0.1803701790532633,0.5555555555555556,0,3
-0.4508259797509665,-0.87809499550062042,-0.16032814743003193,0.88917694701695804,-0.45752978501949704,0.0055545219069545173,-0.078232300715132042,-0.1400559698719695,0.98704814088677484,-12.448120710003487,10.761139139539555,-2.041666550557045,,0.06874626196268116,0.2941176470588235,0,1
0.79556194844159878,-0.56298807775742998,-0.22388749517291201,0.59625590507528914,0.79309453085142589,0.12441849057276452,0.10751782110261984,-0.23247685785159525,0.96664079611238929,-18.369858945676903,14.724840592015665,-2.4170797034371256,,0.1861571341611943,0.2045454545454546,0,2
-0.99223255730291249,0.11108678525452848,-0.055984626192715298,-0.11068467878471219,-0.99380279509579583,-0.010242379709331846,-0.056775471027979599,-0.0039661822448349062,0.99837909397580682,3.5270185109385461,14.225180684155299,-1.1611752331712857,0.2572990268459989,0.2766675183026867,0.8372093023255814,1,5
0.26394676375556914,-0.96078452919845436,-0.085001143262102799,0.96369802835043961,0.25901566358530154,0.064784227794580082,-0.040227056273558243,-0.099015021438004752,0.99427250262349787,-2.2411680053224678,10.541964142667194,-1.4701706607027838,0.2503233035971219,0.1857097385614787,0.3333333333333333,1,5
-0.66167077407600605,-0.73052380393276461,-0.16889866376399193,0.74449013695196864,-0.66685133268492136,-0.032306904487790188,-0.089029336260007474,-0.14711992381709454,0.98510380432782507,-14.623324083456334,13.883776811879853,-2.2021262887228215,,0.1628811679946126,0.2,0,4
-0.86028034846600498,-0.48568632960623281,-0.15500487500989468,0.50578596451982571,-0.85124554902253058,-0.13986269468331891,-0.064017811099388186,-0.19872041793171472,0.97796314621722136,2.9841916273888849,8.762105386202558,-1.0902794124450745,,0.433890075709398,0.2758620689655172,0,5
0.96501856659386254,0.26028499793224258,-0.031478341451529786,-0.25227809007345997,0.95453674810246569,0.15879345638551265,0.071378788151759048,-0.14529733780556028,0.98680988656812851,0.34412173136143037,4.9235155756415514,-1.2183158547794701,,0.07366893270284983,0.2045454545454546,1,5
0.21456351686566277,-0.92526338413736264,-0.31281011365509542,0.97550486042336781,0.18710573134986286,0.11567935246369009,-0.048505304046302253,-0.32996835495348359,0.9427449921419192,5.3040528367514872,-4.5059567614156562,-0.39454117052275084,,0.3590444318266021,0.1020408163265306,0,4
0.066703951990265145,-0.99450688313300128,-0.080663760078270849,0.99649149048504004,0.062304467229324291,0.055882580060116795,-0.050549897920626398,-0.084108339445945868,0.99517360046167869,13.004855452748991,4.2977550605315198,-0.21815249195634237,0.170953616737152,0.119126632840036,0.4230769230769231,1,5
0.99341113640706369,0.11141770955385628,-0.026840418405811209,-0.095293905694301115,0.9331510901316451,0.34662388048668619,0.06366620453546834,-0.34178229471974619,0.93762011359406783,-2.9070116741965455,15.433922029031381,-1.5701617872191573,,0.5394125635363052,0.1428571428571428,0,1
-0.92311829144295943,-0.36471095409343318,-0.12181354591214276,0.37908417766971841,-0.91626375851075981,-0.12944462553621397,-0.064403464533403079,-0.16567028944260051,0.98407598738720381,-13.76165663854605,10.679626682588902,-2.1244024759052409,,0.3644921984055207,0.2363636363636364,0,3
0.18551994203460248,0.96718015014003811,0.17362289100971467,-0.98028292783344206,0.16993084690046362,0.1008409077209574,0.068027439359225533,-0.18890755529301831,0.97963575018852922,-19.016039928804336,-15.616860138612823,-1.3991676755743419,,0.7987010459480322,0.6764705882352942,0,1
-0.88392717924522468,-0.45916821165377564,-0.088528499356159585,0.46027904990041429,-0.88773220952615439,0.0086440958222400305,-0.082558694359540094,-0.033107062335484487,0.99603613609605646,-5.3871784445809343,12.449132988793059,-1.6891604815957619,,0.06795350881151783,0.18,0,3
0.85125743810704924,-0.49887403713639972,-0.16274356865527279,0.52439312144800587,0.79732713225574792,0.2987997629631638,-0.019303581155857737,-0.33969712868974261,0.94033676548059308,-20.333788754661803,16.728752894993026,-2.4677450725636221,,0.3952609625133084,0.6904761904761905,0,2
0.064385587336011893,-0.99466591855041864,-0.080586640441509885,0.99606308015482403,0.05912473263314743,0.066050029095715695,-0.060933049290864051,-0.084522047214387871,0.99455677919302665,7.6365241726365349,14.798455501989237,-0.91364026382123054,,0.09832049399008994,0.4117647058823529,0,5
-0.56162629192464641,-0.80530777752037164,-0.18988231008752132,0.81832699800716124,-0.57452469767432313,0.016195557873008529,-0.12213448551315016,-0.14628996967471714,0.98167327162402174,-8.760504620887211,16.415370056769223,-1.9258137627776757,,0.1543126129620389,0.2,0,3
0.60420948668565189,0.78949335271526633,0.107847773354242,-0.79263903787025947,0.58164856758338435,0.18277937376057074,0.081573597708877468,-0.19592138690455554,0.97722083395219561,6.2893937702911158,-3.6865529452860097,-0.34341706476674344,,0.4979623963210643,0.1739130434782609,0,1
-0.51932605354019301,-0.83436699641448964,-0.18474892532470003,0.85096882158615272,-0.5247475479289877,-0.022182777796975812,-0.07843796786405921,-0.16873566972273049,0.98253537288006998,-16.536627341022175,13.540757836257162,-2.3057510937399925,,0.4874574609307231,0.84,0,4
0.97839270548406265,0.19934492544019614,-0.05485721973286016,-0.19556641932952881,0.97837635118441091,0.067331204309040979,0.067093140381141544,-0.05514812910989414,0.99622145849679189,1.9306511315035118,15.375504146165499,-1.2812951042979721,,0.08181507037351632,0.2692307692307692,0,2
-0.73170288704650488,-0.66921890979998688,-0.12944858382356653,0.67467264408712213,-0.73811345213030444,0.0023141099319303779,-0.09709638720519545,-0.085642177403442599,0.9915834352394638,12.396922026483603,3.1759251902840107,-0.23126550425784956,0.2218297554089139,0.1657820422438978,0.3620689655172414,1,5
-0.18354926244193184,0.9828156531330845,0.019571924116198413,-0.9819876992977431,-0.18422995673707146,0.041946173467693255,0.044831090606273119,-0.011520199531439285,0.99892815473276508,-14.769348521445179,-23.476270252372412,-0.55211102083439467,0.5231739965739728,0.4702449082845179,0.5116279069767442,1,4
0.064438493723957227,-0.9881660215564364,-0.13919624408694453,0.99403690167387027,0.051264314623750168,0.096242444673701397,-0.087967713606759465,-0.14456792136391064,0.98557688562349999,2.7702348913822354,17.233614779659039,-1.252701464920829,,0.1587945224215527,0.3333333333333333,0,4
-0.62023156028556536,0.78431763446837399,0.012596026661893365,-0.78425665018837432,-0.62034987598521807,0.010370053058434327,0.015947359061714801,-0.0034466834868631126,0.99986689219710523,-6.028019880775739,15.094187790052889,-1.7305165961905116,0.1003033160199385,0.1677066690019025,0.3877551020408163,1,5
0.9974872438879141,-0.029007257329637246,-0.064635727760309528,0.043794680296253989,0.96960644641008109,0.24071843522622874,0.055688636710208267,-0.24294426953980067,0.96844042544656872,-12.156967986728501,-14.918266029089537,-1.0063235102918908,,0.5966782324230093,0.3513513513513514,0,2
-0.70384738901808541,-0.70502492171082498,-0.086825760803277766,0.70634446285876629,-0.70759349748662892,0.019721615131644988,-0.075341573922927771,-0.04744788805926705,0.99602828532001564,-0.072181383956749251,12.508565286866171,-1.3676000879415198,0.1467772581204304,0.1135421799386295,0.1176470588235294,1,5
0.58619929251192271,-0.79656578144946544,-0.14782877014412543,0.8101090913458,0.57413751100170729,0.11869868819682931,-0.0096772711755421462,-0.1893385176992991,0.98186418416093979,9.1807756771432842,15.167036637864472,-0.83861806855083232,,0.164563314016355,0.1538461538461539,0,5
-0.99777736072526246,-0.0064856440056909022,-0.06631949069437279,0.013437832752169528,-0.99438912382747124,-0.10492709404419524,-0.065266860465739138,-0.10558506918814854,0.99226610850591879,-15.033101475658087,11.939899797509357,-2.2239903684419806,,0.36797757980519,0.8299319727891157,0,3
0.5747296650288134,0.81805970742253009,0.021543612223372512,-0.80672304980822929,0.56195157011992547,0.18277952223336924,0.13741809576608088,-0.1224285421440359,0.98291785975457213,7.0589064472773613,4.8705330813471646,-0.67072520541131997,0.3193002570733148,0.2227587946618937,0.3357142857142857,1,4
-0.98086789287657117,0.1883144469766638,-0.049354288402802364,-0.18910738609268329,-0.98188454904174394,0.011879767602240014,-0.046223081345434652,0.020985743088190897,0.99871068149788433,9.2369365107423054,1.0907470900070637,-0.37018812043460475,,0.1036886043565577,0.4705882352941176,0,4
-0.24821785699072421,-0.89465699145485833,-0.37145223530337496,0.96610848465613441,-0.25668242618567455,-0.027359239076842321,-0.070868126448780419,-0.36565420786362812,0.92804887205645692,3.1370602011373396,-13.592886086718472,-0.015164516861962416,,0.2752945826381668,0.3181818181818182,0,1
0.80682392704286154,-0.53345883561741891,-0.2538834800707645,0.5906545107303085,0.73762610125304862,0.32716201445792426,0.012743614286180616,-0.41391956398790136,0.91022425524866657,-5.1056860383302185,-6.6901218293941414,-1.0783565856169046,,0.3728042376392992,0.2142857142857143,0,1
-0.0098261767831133353,0.98041393267281352,0.19670273732425494,-0.99746892507033025,-0.023463707221849015,0.067120771467909957,0.070421514957199352,-0.19554532739095348,0.97816299008227536,-14.608292875205102,-16.933998152220592,-1.0098930030592912,,0.4112903552263091,0.3571428571428572,0,2
-0.99704326198815685,-0.057399611178552613,-0.051088338792391066,0.059947846182086421,-0.9969570653585782,-0.04982836109828389,-0.048072751763800964,-0.052743667564581286,0.99745030756910003,-9.7446650997092039,15.580524948880033,-1.9584119519523109,0.5403982950154546,0.4947000250691628,0.7278911564625851,1,5
-0.43779671053031127,0.88528058925485698,0.15688313656162212,-0.89867424280058317,-0.43609132699121728,-0.04699957286868621,0.026807565641785016,-0.16156309235593658,0.9864982116622153,-10.218480300451574,-13.366955094644705,-0.97469774875030757,,0.1228840092820153,0.1794871794871795,0,1
-0.62723261487909165,0.77779695840310481,-0.040138987665559948,-0.7788059168577206,-0.6259565124601586,0.040494300538732847,0.0063710830588724109,0.056659827105226331,0.998373213429258,8.4570957142672434,13.127290482690322,-0.83280138055507602,,0.08870687790042638,0.125,0,5
-0.29722395247653888,-0.92229848001281622,-0.24702922062030239,0.95110633097122543,-0.30875014424361369,0.0083723124645029377,-0.083992078559109187,-0.23246260386478884,0.96897186158511506,5.9679022727713784,13.529164201603766,-0.99056242316982546,,0.2362718869843482,0.25,0,5
-0.8641242843043393,0.50016946676010543,0.055854505605415009,-0.50265971133665965,-0.85222870870753242,-0.14504979370422549,-0.024948664783105253,-0.15341685883762565,0.98784656275655303,-16.484054506647851,11.792343352252956,-2.2977323264814267,0.3577228522590892,0.2356382812414494,0.148936170212766,1,4
-0.85630275582665916,-0.48468908732679838,-0.17838744067333892,0.5102642600820686,-0.8473413536865172,-0.14711565251733036,-0.07984970411070906,-0.21700027409894229,0.97290025480231812,13.723407319030663,-1.9357350119236678,0.18300371874725516,,0.1304994918629963,0.3333333333333333,0,1
-0.41870432017109671,0.90784937125151477,0.022275802752977025,-0.90808302377187899,-0.41833102257720833,-0.019605547348368741,-0.0084802244888772527,-0.028437205694950281,0.99955960859014392,1.8758116042541306,27.176485615858361,-1.5218419858777472,,0.2656984864108169,0.625,0,3
0.96708006345509334,0.25447212469971414,0.00029768860628014311,-0.24441796846782454,0.92854401926361163,0.27940268606411078,0.070823778194577108,-0.27027752781278658,0.9601739688210954,6.3019667828002888,2.8313997603327481,-0.64599654076982949,,0.1185988673506359,0.25,0,1
-0.55517431026501862,0.8306636486920399,0.042182792266362241,-0.83157956681245637,-0.55533424431026512,-0.0089051196709515994,0.016028389868225284,-0.040022241790949369,0.99907022319767791,-4.3899426325828284,29.106587446998176,-1.9595398129459496,,0.5210978383927829,0.8214285714285714,0,1
-0.25086326079867383,0.96695502125674571,-0.045448996114577485,-0.96736759535099492,-0.24869029248064514,0.04850849297520151,0.035602806719282697,0.056134884806664127,0.99778821142637864,-6.895498767348446,14.848150369442505,-1.7923623909138127,0.2008960869954019,0.184658011070466,0.6642335766423357,1,5
-0.26268049434410878,0.964306439344638,0.033347397643615592,-0.96482080807538129,-0.26289867368697362,0.0022573609369567634,0.010943774298851107,-0.031581298454891389,0.99944127160729135,-7.2349799619360313,16.822159474475512,-1.8063748844289451,,0.2307677741159915,0.4722222222222222,0,3
-0.22981003756940913,-0.94480995273898161,-0.2334983936512417,0.97071054906713483,-0.23979008891531872,0.014891043877636232,-0.070059807037478911,-0.22323724255452335,0.97224315732975175,-18.463417866060858,-25.521617118340231,-0.64469225559466281,,0.2591860195097339,0.4761904761904762,0,1
0.99002278734756222,-0.12793607324008782,-0.059052872042521333,0.13324611779125667,0.98632038672343725,0.097044148856528026,0.045829604254478518,-0.10394448469080138,0.99352664356636211,1.89180922037318,7.7336665833203337,-1.147617592894284,0.2253832282636221,0.1942271733561066,0.8086124401913876,1,5
0.78144910343604079,0.62240690768042828,-0.04412414317234032,-0.61855749654851766,0.78202559665923221,0.076305895141866906,0.081999525624463235,-0.03233585380746528,0.99610766002270235,2.5580941999181586,7.1241345218794638,-1.08261235820034,,0.07326025084999913,0.3098591549295774,0,5
-0.61493777782302017,-0.78308082075468288,-0.092929852965862689,0.78418930014726218,-0.61966848437442046,0.032528618286899701,-0.083058238246615096,-0.052871520115088493,0.99514116155452381,-7.8591519963954459,6.9717820419305978,-1.7886288670094685,0.184756664769361,0.1471299977969327,0.661641541038526,1,5
0.17602515956827591,-0.98119246937601134,-0.079224246533286441,0.98288756246755882,0.17074869488075259,0.069115285885973016,-0.054287961331617236,-0.090034555790116266,0.99445794079897232,-13.888103213027655,14.243875892990607,-2.1695107441426127,,0.1049002460485069,0.3636363636363636,0,3
-0.83269170405559068,-0.538091336799841,-0.1306990407690686,0.54423311524761397,-0.8388188058658711,-0.013904214959131736,-0.10215107569121344,-0.082708670565499784,0.99132458536465917,-9.9443788413514671,13.492939949981457,-1.954144266585873,,0.1168072443747252,0.3333333333333333,0,5
0.63582300321731144,0.76961775571242264,0.058460402597759725,-0.76378236973023594,0.61646969144955266,0.19131547562431719,0.11120072063158414,-0.16629380510490216,0.97978608385440358,2.1375840766742189,14.373018083971894,-1.2588196864190784,,0.3181891396202386,0.6153846153846154,0,4
0.34510971536671703,-0.93394102939710144,-0.093023856984032011,0.93801096749553725,0.3398118521832782,0.068288578648673548,-0.032166896300230806,-0.11082445002999974,0.99331930015376113,15.09016419108856,8.5891798190374224,-0.23983936475615314,0.1885329153901805,0.1756859666095177,0.5,1,5
0.90536882031290378,0.42301839072838765,0.036915312687070601,-0.4194875673346376,0.87754260246027771,0.23226958845038231,0.06585954795537878,-0.22577515800638312,0.97195066642824213,-6.7992781885470341,-14.321834111395365,-0.67872526141066991,0.6746520528332012,0.3543384119747501,0.2916666666666667,1,5
0.69322473650488392,0.7180200533383565,0.062343144785273072,-0.71710813548688501,0.67851296618522339,0.15929870287310369,0.072079031044106456,-0.15513657764213318,0.98525999389056107,4.8927358095484266,11.515178234424836,-1.0168444583162697,,0.3625114334421276,0.1428571428571428,0,5
0.47058716606015777,-0.87169114376572765,-0.13675623941841517,0.88126009647721726,0.45661089777275754,0.12201282880141187,-0.043913113035125899,-0.17793548807237353,0.98306184982838718,0.30276020244907009,2.8014843639005025,-1.1475173675517452,0.3920666811916714,0.2806176532459446,0.5555555555555556,1,3
0.68007472737937003,-0.67168940386636966,-0.29382258237500525,0.73313715385816058,0.62149193041258943,0.27614795683616716,-0.0028772925871470164,-0.40321349824339253,0.9151014129710946,12.121840466000601,4.0002584852688718,-0.28784710946842323,,0.1880667789872888,0.1333333333333333,0,3
-0.89716293655905577,-0.43029918822992919,-0.099705937001740783,0.43351984537935756,-0.90106207609508149,-0.012152311939689991,-0.084612108631028471,-0.054127106258192538,0.99494273575976455,3.8450910851740265,9.1967808282831349,-1.0436368810472163,,0.09804310357105436,0.2894736842105263,0,5
-0.9508393631518619,-0.29723720236921169,-0.086916920151871246,0.3009165741411246,-0.95309527776705494,-0.032536239876650885,-0.073169125238255278,-0.057091479450669641,0.99568410757930814,0.58114277608605902,-9.20881497717453,-0.46990239406460194,,0.1225835131476477,0.25,0,1
-0.271536567797382,-0.95042448579361061,-0.15152949928238663,0.95883150257906524,-0.28074662462298772,0.042702253158048487,-0.083126662454308192,-0.13369603422223253,0.98752991267224777,1.1424142075631087,14.327405650005833,-1.3180970396759673,0.2604826529554807,0.3026551140810197,0.684931506849315,1,5
-0.96639131829737546,0.25311689946687388,0.044940573246640025,-0.25624327962019844,-0.96248495226536157,-0.089230590675113686,0.020668855046787796,-0.097747388031707419,0.99499660630779696,-9.2803297068017123,-15.313679683548287,-0.76271166777599952,,0.5159436016043454,0.1,0,2
0.9628140622838981,-0.25042253327447445,-0.10137867772254815,0.26829918544455744,0.93031713147998796,0.25005115869484285,0.031695876043494997,-0.26795258853618326,0.96291057826705462,6.2643383437463163,15.98973312345437,-0.99860428660044231,,0.2142110707299736,0.1739130434782609,0,4
-0.52630084340580996,-0.84544747552461708,-0.090697234574073443,0.84651167728486387,-0.53102326572295366,0.037845362744935683,-0.080158608088584535,-0.056858221832739142,0.9951591531806957,-11.784464857243226,12.258130443865101,-2.0436377791432228,,0.08459722934184682,0.2903225806451613,0,1
-0.69678817672268833,0.70994886219698961,0.10226851834592215,-0.71727309615140944,-0.69013365482544431,-0.09609809579094046,0.0023542125735788416,-0.14031447374548855,0.99010418953799195,4.6178544186929136,14.6566624344093,-1.0979470337618875,,0.1243503426284906,0.3,0,3
0.9990522108188844,-0.033044525778917692,0.028332655610510127,0.025818750848686633,0.97390869708130434,0.22546672005865601,-0.035043860553751527,-0.22452151136459358,0.97383880533281575,-5.1671576831877921,7.7552264541902032,-1.6061615786395413,,0.2226351092724192,0.4430379746835443,0,4
-0.96906038461675315,0.24155632939702548,-0.050719924040418127,-0.24310416839599799,-0.96962794913198225,0.026870124126924144,-0.04268880737289827,0.038368997776091075,0.99835138389984568,-11.347313154424207,-11.160471144552018,-1.2226277955491427,,0.3913981704591344,0.1694915254237288,0,2
0.33971195291718226,0.93753439424190288,0.07500032439038086,-0.93850526321015881,0.33267230934545772,0.092395917234426403,0.06167381917819649,-0.10177619666812303,0.99289372332578796,6.5008284261708091,-11.746295418978338,0.13403935440989334,,0.7346984849030274,0.4838709677419355,0,4
-0.96296627599237006,0.26531144300185233,-0.048018637149152082,-0.26631735696134534,-0.96375571794635595,0.015810803484596563,-0.042083449032969546,0.028013467082457194,0.99872129694900869,9.186516724325184,10.77073335573221,-0.72179041684660217,,0.0796898377860972,0.2592592592592592,0,4
-0.5786352842841147,0.8130748065013832,0.063957539150432452,-0.81432646340006443,-0.58031945843411814,0.010086484475537097,0.045316870895784463,-0.046245920852213129,0.99790164646459267,14.808333571596036,-1.8052552281297274,0.25321704793183747,,0.2347160171000191,0.3703703703703703,0,3
0.96911727121237234,0.2457105118523602,0.020929859128450766,-0.2363168051203903,0.9010988324266096,0.36355915862084076,0.070470435329839751,-0.3572775371677504,0.93133596471937574,7.3870481022837753,13.283762199990784,-0.90358791343363243,,0.5888540454749017,0.1923076923076923,0,1
0.5427062169698198,0.83661620370533618,0.074453272325529687,-0.83572078517137816,0.5290100487019489,0.14737414157476353,0.083909065629663368,-0.14220301005968461,0.98627459291777519,11.836874295594187,-2.6894831532661763,0.065741793207475821,,0.5245788357934891,0.2307692307692308,0,3
-0.25843758433246505,-0.9000825624503922,-0.35080107721775061,0.96339257546652446,-0.26694363255707826,-0.024816175636216676,-0.071307506900577633,-0.34437258574103413,0.9361211255225772,-23.621406942393104,-12.808110696284725,-1.9210981421680173,,0.3045141941224079,0.2352941176470588,0,1
0.87558064828907067,0.48105017465320049,0.04415039986021959,-0.4765665215873538,0.84522544450445647,0.24182286588405158,0.079011890521756709,-0.23277602416995427,0.96931545109309381,-10.601784981841559,-15.636275238534834,-0.84784442041378172,,0.5342194427296969,0.25,0,1
0.32316582884622097,-0.93616893441705062,-0.13838920947306407,0.94575382307136746,0.31433632647349052,0.082111996718173125,-0.033369944741175168,-0.15741791540862113,0.98696810824685521,10.183050683132029,8.7677503098162219,-0.59105469031788405,,0.1627264771361907,0.2,0,4
-0.884688392473577,0.46609536077151154,0.0090312175143419,-0.46553355120720202,-0.88226829657395667,-0.069865338766081225,-0.024595953385233162,-0.066013389003762565,0.99751554952757904,6.3223642431100524,15.081576335050453,-0.99156594544797061,,0.1745045587094457,0.2666666666666667,0,1
0.35138343987278342,-0.8906175249000251,-0.28866953861487193,0.93561345813100916,0.32284019468334607,0.14283439943148887,-0.034016689246677237,-0.32027274788494275,0.94671444048082565,4.3642104571227911,-11.195489194860691,-0.052056902818175856,,0.4796788950731508,0.1621621621621622,0,1
0.71057978513714803,0.69301566869289,0.12167847755700438,-0.70084468611493,0.681781518631284,0.20973956898326351,0.062394670436737902,-0.23431441227326663,0.97015651381729306,6.7645750773380824,11.073380959907324,-0.89565052612449847,0.6708357177227121,0.4515991971949676,0.3625,1,4
0.82502699131925272,0.56495821262508861,0.012356438895079321,-0.55889077569561785,0.8125454206877728,0.16556279824188228,0.083495894731736922,-0.14349967702680283,0.98612183742991444,-24.115886711246887,16.431003305773263,-2.6511515146049058,,0.3949036235649104,0.1875,0,2
-0.41168718343599281,-0.86989976561058679,-0.27163957882677209,0.90932409899151712,-0.41185274939648375,-0.05921989368298692,-0.060360135750394721,-0.27138848650081737,0.9605753189661862,8.9745020575968368,-6.3722529204601575,0.031012687080171058,,0.7528794701097209,0.5774647887323944,0,2
-0.013557640502437537,0.97894478636565996,0.20367448448811262,-0.99808640385702807,-0.025539180006584929,0.056314125406836078,0.060330098787854433,-0.20252124711269931,0.97741773241954444,16.339541324299617,-0.19719369972918072,0.27516132527846482,,0.2123027425837737,1,0,3
-0.47775806705522517,-0.84499281848054097,-0.2402797662724977,0.87452032603510255,-0.48344003559904819,-0.038728946944745206,-0.083435176724883653,-0.22863260637166871,0.96993077205983336,12.284116847768173,0.9310820613702403,-0.12439641442487366,,0.2532295817131957,0.4285714285714285,0,2
0.77928500254242117,-0.61453427722852383,-0.12272940529340594,0.62660452946307621,0.76693864927963606,0.138462528857029,0.009035954228229795,-0.18480457340753775,0.98273374887547316,18.148944119797552,1.8127881559243957,0.32329589016053489,,0.2034167851337083,0.1428571428571428,0,1
-0.9962393883624332,0.06733533468706239,-0.054525533264943776,-0.067487320860571048,-0.99771968063890226,0.00094888822844828606,-0.054337303929322317,0.0046251019868786564,0.99851192573414149,-11.163763119823937,16.574495896637863,-2.0515893761093169,,0.5122735164705748,0.625,0,1
-0.45529549458781854,0.88922339868978217,0.044584300270691483,-0.88996899257424811,-0.45598084201295064,0.0060550783264682979,0.025713904106783102,-0.036921794915117621,0.99898727529224995,-1.6571287075156214,9.6457689528663337,-1.4115793000731598,,0.1107183666477324,0.1842105263157895,0,3
-0.77041892295745573,-0.63082280191576579,-0.092289087828491448,0.63225023469151687,-0.77458695697269653,0.016573678538552215,-0.081940978036597834,-0.045581121869915239,0.99559431368780138,-17.667049437660008,-12.111679335769331,-1.598856278027637,,0.4550980559427846,0.1666666666666667,0,1
-0.79827426993889117,0.58811558419160626,0.12991631762213321,-0.60218294509244352,-0.7751943266988367,-0.19091740751887509,-0.011571110289028389,-0.2306378448670173,0.97297085974954867,1.5985402694324131,13.105810358675351,-1.2508686479279076,0.781973861912966,0.4203578438614906,0.125,1,1
-0.75274886125126927,-0.60292427138343507,-0.26429429593101444,0.6531648079927731,-0.73412003562206229,-0.18558961958586376,-0.082127251778448415,-0.31233010785868143,0.94641693678859284,11.458172236930581,-6.8882232160989778,0.2432490318317968,,0.5369609399705466,0.2978723404255319,0,1
0.89355962223040719,0.44492688534711949,-0.059927190946698704,-0.42345899497137152,0.87962642623999132,0.21665601731338327,0.14910962778200137,-0.16821836093474488,0.97440694883972367,1.928424775786451,-12.367542208640371,-0.14986602915223374,,0.264495484293632,0.25,0,2
-0.97377357026673772,-0.21560165083083369,-0.072670227803347323,0.2166143108280589,-0.97623718855036246,-0.0062603542846898785,-0.069593636163489125,-0.021837578856277233,0.99733637552996113,-13.068473269817279,13.079914830210603,-2.1326892536658981,,0.105747754415586,0.2142857142857143,0,1
-0.70688535697553334,0.70694378752315623,0.023314660108762965,-0.70732812999722638,-0.70649691935731196,-0.023431164146382074,-9.2780385016251753e-05,-0.033054261768219892,0.99945355428391858,9.1189478990079564,-0.42629001362117808,-0.30593056353074871,,0.2495074599234196,0.4274193548387097,0,1
0.90224219005634876,-0.39986532407578018,-0.1614520148034542,0.43034068300150985,0.85892340826086355,0.27759228248518786,0.027675386828691105,-0.31993483921466476,0.947035253631336,-4.4592777529275969,15.441859528808543,-1.6453742370920936,,0.4776456224946554,0.2105263157894737,0,1
