axis_00,axis_01,axis_02,axis_10,axis_11,axis_12,axis_20,axis_21,axis_22,location_x,location_y,location_z,dbh,dbh_approximation,score,reconstructed,number_clusters
-0.61356694324627126,-0.69007672861865654,-0.38383553089103201,0.75796593576511229,-0.65098898867452781,-0.041242900531289935,-0.2214119381947261,-0.31623953776131325,0.92247997722517894,-26.676291299462079,-14.172667741628812,-2.7160894871509496,,0.5764299610185041,0.1538461538461539,0,1
0.28160070209978449,0.95668410515552249,-0.073868582764833754,-0.9369687137239302,0.2907594068348015,0.19377460318524234,0.20685906815857058,0.014645486671704516,0.97826112855449632,0.82142268404100338,-6.1904310638385631,-0.081459879339050884,,0.06945380261782087,0.3703703703703703,0,5
-0.80122266750260962,-0.57630120727781353,-0.16099427185504855,0.56101847484376621,-0.81707885563134075,0.13281722239285618,-0.20808774102281286,0.016095408361189559,0.97797772462654253,-5.709581553909838,-14.64360335914612,0.33813336879235528,0.9869005838467477,0.8192134959324407,0.9758308157099698,1,5
0.49373528926205401,-0.84287935724153396,-0.2139622706773667,0.8663028865295509,0.45529129651541761,0.20549730924729595,-0.07579428031114456,-0.28681740612000722,0.95498220015804858,-2.7054960783065232,-13.552883170965517,0.62323432847173599,0.5180583766376087,0.5501956347801007,0.8247422680412371,1,5
0.35692570567237608,-0.89813143505854598,-0.25683451090138154,0.92693909684312126,0.30647115198255553,0.21647019135701562,-0.11570631518605194,-0.3153337253802086,0.94190057344918521,-2.296819319527267,20.452015280536049,-4.5358728363775667,0.4159991103499624,0.4016834256275572,0.32,1,5
0.55549159878130994,0.82824989593894882,-0.073696631948170166,-0.80424076397189936,0.55766832161453039,0.20543328998370247,0.21124837809857736,-0.054846631115799092,0.97589239663293181,3.4222287049310438,10.708794134141252,-2.0714844661691898,,0.2026652746816081,0.1818181818181818,0,5
-0.66213068923765483,0.74691291889251155,-0.060860840949953768,-0.74830484738019676,-0.65462352031395099,0.1072748900678524,0.04028406331252677,0.11657245919700641,0.99236488047481486,-10.423723611211205,2.6230511982291111,-3.1612493945730082,,0.0679652538500374,0.3409090909090909,0,5
0.78993229562087253,0.6079536871327611,-0.079995516354476229,-0.57409319822562688,0.77908083197774414,0.25189294749146379,0.21546221962610895,-0.1530534924349882,0.96444318669750762,0.91665945433918239,4.8338547061931818,-1.7537678563413339,,0.1461664052538849,0.2456140350877193,0,5
0.47065497258513495,0.8774894080187613,-0.09217502696375561,-0.85456297172258056,0.47935205158781519,0.19985929550367187,0.21955870317880219,-0.015295406285409104,0.97547938287029246,14.173455729118032,6.9331272926343326,0.1545691769951528,,0.1024265784540796,0.3809523809523809,0,5
-0.15200704079867161,-0.96022395147551098,-0.23423027677989605,0.97042555685540488,-0.18995888542697861,0.1489626142668625,-0.18753159240381079,-0.20465968059218642,0.96070095086368867,-16.05077638853691,-21.513079399906289,0.15770903372900741,0.8796217999667255,0.8117463830214346,0.8765432098765432,1,4
0.98297541380978593,0.17096824545694109,-0.067299293390471582,-0.13208260376106806,0.91214012052143856,0.38801364192362309,0.12772439715723191,-0.3725188043314217,0.91919324344248265,13.237868929938109,-4.9158648342544744,1.5816098731033101,,0.5432393792540593,0.1590909090909091,0,3
0.76495277008695717,-0.55037650370773827,-0.33456384099710551,0.64408605610691538,0.65417496317657908,0.39649498090336588,0.00064176703723528084,-0.51878783883141177,0.85490278185048774,0.2035211113988207,17.256581795858146,-3.7180792804104192,,0.4295505248066727,0.21875,0,3
0.98851731930566178,0.059291904573052417,-0.13898913441290778,-0.023717570877935152,0.96928200070551063,0.2448058004622708,0.14923466844000904,-0.23869828897673953,0.95955830493783867,8.5068427766693571,-8.7777259780962513,1.473094433808126,0.3027782604652103,0.2857611160758488,0.5970149253731343,1,5
-0.98552672819862319,-0.093088925622534874,-0.14167399172946085,0.081997428544768755,-0.99323520448908842,0.082220741151880467,-0.14836943660391355,0.069413835003990024,0.98649289393886475,8.320623330910097,-7.3457027794910932,1.2125254246559534,0.1789609297879118,0.2076918947837704,0.131578947368421,1,5
-0.97203950410229234,0.22202551265090287,-0.076445236585895415,-0.21895795294730322,-0.97462495365563306,-0.046514670297466428,-0.084832878683304913,-0.028475804534011009,0.99598820838925839,-12.088751602714549,-20.417325733488106,0.55123448211751969,,0.5081495077050455,0.3421052631578947,0,4
-0.84874629016708281,-0.47463805506910739,-0.23312754364902721,0.48537513710659957,-0.87421290099422688,0.012758527109668426,-0.2098587887279538,-0.10232556090964409,0.97236246759023104,-7.6956460199074606,-0.97547292284762743,-2.1062907975172505,0.4684409872564008,0.4379867282056599,0.1904761904761905,1,6
-0.97723869457073753,-0.11307136866001376,-0.17949763068918848,0.13741383639765251,-0.98200879654102935,-0.12952282070167712,-0.16162292968561187,-0.15124017027691697,0.97519456494304213,-16.179111774613155,-13.355516739892829,-1.3674592078491041,,0.3451337058622572,0.2631578947368421,0,3
0.65361760270163061,-0.73420952949446361,-0.18363114179815065,0.7558698300977974,0.62109990008235583,0.2071128051705525,-0.038010911413709554,-0.27417381515601896,0.96092866004521549,-11.565324706200361,2.5054838074277246,-3.3266555372149029,0.2087860311704011,0.1480567299041844,0.3846153846153846,1,5
-0.13146011776099931,-0.93273867995403514,-0.33573321604492484,0.96859701165959022,-0.19295525898336738,0.15680592155519354,-0.21104043793163449,-0.30457646486270989,0.92881381913134697,-5.2556195653336495,14.434170739597345,-4.1081307116094345,,0.4878171285299236,0.2264150943396226,0,2
-0.94749297521343279,-0.27271303276359532,-0.1669870165075111,0.26563669707128912,-0.96196114900094964,0.063780035919005773,-0.17802866929304895,0.01607325647327424,0.98389402037825757,-10.613338478001051,15.911245279996312,-5.1446066324454076,0.1783054610349045,0.122792437154723,0.4210526315789473,1,4
-0.99063024217193862,0.046698539762904702,-0.12833927566562325,-0.038875958398864874,-0.99726887917235774,-0.062796835054623273,-0.13092128609563131,-0.057219131576075576,0.9897401617741618,11.74319622700598,1.2852353653703266,0.47905513046133752,0.503917302879095,0.4079896627365838,0.5853658536585366,1,4
0.62201998732760233,0.77912777006075917,-0.077788516409038069,-0.75121937511737424,0.62183713931547335,0.22133238040605674,0.22081799250340156,-0.07923692376725823,0.97209100607847942,8.3211516884933925,8.8466641430456665,-1.0853284137444075,,0.07096165778323256,0.2307692307692308,0,5
-0.97912647766367111,-0.13237970609569011,-0.15423019857327522,0.12613654405550542,-0.99077067385711648,0.049629064855686703,-0.15937663878896044,0.029139067224863157,0.98678771869617365,-0.51801942251603483,7.3246327817614691,-2.3085281683154788,,0.07754450318942033,0.2647058823529412,0,6
-0.94629897165626786,0.31929854899013554,-0.050662538971937086,-0.31288036088143278,-0.94395714681752174,-0.10512271280188445,-0.081388795402029687,-0.0836262015454311,0.99316792255795749,-15.558265539645678,9.4882886963189055,-5.0205400003842025,0.5853721752067532,0.3709389278747851,0.3225806451612903,1,5
0.78725648757626787,0.6127160606541231,-0.069327135997158687,-0.57875656551952404,0.77301665919547757,0.25978083546386932,0.21276292119897325,-0.16439061293989379,0.96317582285900605,-5.0886803276111481,-13.475262677623739,0.26870509252535207,0.09043268237535437,0.2126743872338365,0.4090909090909091,1,5
-0.15427944070845681,-0.93733192521257469,-0.31242073579065288,0.96501095989833829,-0.21080779181490647,0.15592922172001594,-0.21201816302093687,-0.27743276102041414,0.93705888911093327,-0.90789173017687808,-13.64905895597739,0.88514042321836373,0.5973815127312024,0.4059983934768773,0.5774647887323944,1,5
0.96651584522476541,0.22826481321333125,-0.11722753933330231,-0.19230337808723627,0.94679021779795136,0.25808466490348814,0.16990153532471505,-0.22689966622009672,0.95898384228490208,5.8720231750849861,6.8068734390800616,-1.2566003617753163,,0.07547069036820464,0.1666666666666667,0,5
-0.4583499427308908,0.88141960473945058,-0.11408247183305364,-0.88376234112193608,-0.43838708873113763,0.16364866283753238,0.094230857012253033,0.17583014762772661,0.97990015040918754,-10.414543910432476,-1.4421548406325009,-2.4393413776192285,,0.08281765674149136,0.4358974358974359,0,2
0.3486307518965811,-0.91845636128388386,-0.1868007260403266,0.92986023226052505,0.31394375084884624,0.19183135761225531,-0.11754381009831155,-0.24057687694399515,0.96348649133625486,-11.641862809874052,-28.7783066686704,2.0941227437433549,,0.4985230799631044,0.875,0,2
0.95066342326439135,0.28909189285098574,-0.11253858518331618,-0.25564471630084484,0.9355477006581483,0.24371351792773527,0.17574081681467418,-0.20291963256690115,0.96329579466756987,-10.566346333813483,4.9421149836593044,-3.5274021609740065,,0.07367474761275448,0.25,0,5
0.93028597256099965,-0.32659635003614218,-0.16704141222853802,0.36186384665082855,0.89172915642263995,0.27179710828636933,0.06018775409749428,-0.31329528520045796,0.94774653706983436,-3.4055434203708654,-0.14661406893858717,-1.6137506397057906,,0.2513899178794206,0.2926470588235294,0,3
-0.61240244839877034,0.79054338163948989,-0.0020983186583699068,-0.78832224230582493,-0.61047856522431843,0.076576521777728779,0.059256083916410705,0.048549800696381096,0.99706149929241272,-29.493247777302066,28.223143080473623,-9.8804277433529073,,0.3077432883190609,0.4,0,3
0.27282378678243946,0.95563650266299405,-0.11102277308611953,-0.93992349275612497,0.28937947717609364,0.18111693999849338,0.20520967114348479,0.054939903233739318,0.97717480416855351,-2.8776152003802293,12.645386640934555,-3.4052422503603483,,0.07590496034934667,0.3333333333333333,0,4
0.81024224585405402,0.58219723548642588,-0.067482457167333323,-0.54822384179880435,0.79356412538456034,0.26402007155895652,0.2072634128753488,-0.17692472380817831,0.96215358430380615,7.4460368276562283,0.68254088306228211,-0.11038170413379063,0.2787279079309192,0.1317937269031169,0.25,1,5
0.011456149088396445,-0.95508769206003807,-0.2961017681870447,0.9828329881851694,-0.043776562672953351,0.17922870834649091,-0.18414145101816409,-0.29307185643792355,0.93819017953768524,2.8011410261883323,4.530074784341787,-1.4249732576171739,,0.2799333834922865,0.3181818181818182,0,5
-0.43932413967431655,0.88536203923289114,0.15208010976060551,-0.89290821851839186,-0.4489395578394561,0.034178746454854962,0.098535341891796566,-0.12077803149699805,0.98777702620883867,6.4521521827753148,-19.333272948911862,2.7814540452199847,,0.3751262533673559,0.2692307692307692,0,1
-0.25492872437279535,-0.88552182663506906,-0.38841014410356028,0.94676447392775109,-0.31024820111506485,0.085924877731504132,-0.19659190318516934,-0.34582820627842864,0.91747178449491096,7.9669909141043869,-1.2582847141961451,0.22777774207802232,,0.1629950824127021,0.1363636363636364,0,4
-0.925081105746827,0.36586305658037549,-0.10182912952536265,-0.37441068930454885,-0.92351602462435289,0.083275374490447474,-0.06357344984127071,0.1151623900919775,0.99131026443973769,-1.6911319901452999,14.299580376868162,-3.508370089582515,,0.08839991495394296,0.2173913043478261,0,5
0.53523227060513712,-0.82152557426897166,-0.19652518241921674,0.84123188049647613,0.49732902994729378,0.21211496695906909,-0.076520191709329125,-0.27885402416626676,0.95728004965477465,-9.6704596884906771,-19.594524560089162,0.69995244249418176,,0.1055921329681021,0.2105263157894737,0,4
-0.65091142282142189,0.75183392624804324,-0.10516685306237526,-0.75704971697197965,-0.63254208969333525,0.16360388381402674,0.056480489314781668,0.18610817313820374,0.98090453267273803,10.276299472047139,10.798174654402715,-1.0648511397217513,0.6109370986902307,0.341694894415097,0.4642857142857143,1,4
-0.51250457035259822,-0.78030727318783799,-0.35841264595136824,0.82264631896155194,-0.56583232604423894,0.055559091986606579,-0.24615462471119406,-0.26637255529338655,0.93190855909781423,-16.776406767417377,9.9068593066528017,-5.2911653364272579,,0.4818985567330092,0.4285714285714285,0,4
-0.97344322303340858,-0.17515941507776486,-0.14740241124196868,0.15935809642422497,-0.98073101778093297,0.11301180410215783,-0.16435719830411635,0.086520807162163746,0.98259903383507907,6.9719262295627029,-7.9320014244670185,1.085110570131304,,0.07617641731270078,0.2978723404255319,0,5
-0.94878053363398074,0.29994163254033324,-0.09924976607659905,-0.30514334863297876,-0.95138638042751689,0.04185082940733291,-0.081872069610290865,0.069992658229767163,0.99418207186191998,-3.9887050575657916,12.777020728040466,-3.5953232027494741,,0.1282300877641845,0.2037037037037037,0,4
-0.9890738887347551,0.050536598437633209,-0.13848788698460923,-0.047752411756164084,-0.99858610966546435,-0.023355700688746147,-0.13947239796668817,-0.016487383101813066,0.99008869118068155,-0.16626862873915266,-9.4740175561666469,0.30800830277185531,0.5000386241674754,0.3389094136205199,0.3571428571428572,1,5
-0.96846959172549507,0.21696643501571197,-0.12244270488528662,-0.23156591968480869,-0.96523993018400844,0.12119860568050536,-0.091890558511640963,0.1457307217265553,0.98504755316759995,4.1788463307012815,5.7300759449438834,-1.3418579915758677,,0.06664905401889523,0.16,0,5
-0.86325390631370891,-0.47845809545139695,-0.16084322842800935,0.46085277787154239,-0.87706181740835409,0.13556284731606405,-0.20593059598370936,0.042900108873726042,0.9776257823402662,2.3005835699588029,0.92877274010987854,-0.93837609243234799,,0.2213785015938706,0.4803921568627451,0,5
-0.89108676201142711,0.45373973048634714,-0.009199975335069048,-0.45337788579913885,-0.89091787162328662,-0.026717759833764867,-0.020319331590677822,-0.019636776731650683,0.99960068115387857,5.854104326891008,14.264268531882269,-2.3082050112892296,0.709509971434658,0.5306856159363946,0.2553191489361702,1,4
0.76356733416684097,0.64542486118237918,-0.019790774644976961,-0.60339751970517852,0.72409075725560845,0.3340718612374235,0.22994860166345985,-0.24314465617139133,0.94233980960602182,-0.88691097367477389,16.1555237664106,-3.626914960610804,,0.2342443292507243,0.1111111111111111,0,4
-0.21478574787716853,0.97528899816798975,0.051753768571222533,-0.96656055057458012,-0.21986711477292326,0.13198164233859991,0.14009919550735933,-0.021675375288757112,0.98990019371868065,5.2141662145092722,12.629030679129155,-2.1632111791537176,0.7911530549253663,0.3961330084540136,0.2307692307692308,1,4
-0.77427070376393647,0.6222852537182656,-0.11517786374860099,-0.6328186812852713,-0.75935889334759377,0.15137565098220784,0.0067375002239532618,0.19009243566936251,0.9817430784029092,8.7529350863774305,0.58956816881797247,0.075324097495946304,,0.1126469591266552,0.3953488372093023,0,5
0.46565760248286048,0.88488120477260845,0.012175824000527274,-0.85740759715031589,0.44770783757891097,0.25379106469562246,0.21912373125436793,-0.12861938271735324,0.96718242580734015,1.429511562830291,-10.630549398247053,0.76267184865904858,,0.08245847726064554,0.35,0,4
0.69407880038044711,0.71906203069194596,0.034704680946724527,-0.69051754152301148,0.65134519922308021,0.31453927624076106,0.20356852338083883,-0.24227923449239427,0.94860984014626581,-9.9115486738053811,7.8333253267261291,-3.9129962360539872,,0.2637661253317316,0.4347826086956522,0,5
-0.80683502628510373,-0.55453014155212621,-0.20374877292807414,0.55153785797384935,-0.83062548419695026,0.07659827820650085,-0.21171497722441604,-0.050572987975414443,0.9760221008287181,10.568527296331057,-0.2821059375529909,0.47761658786438194,,0.1715710412872267,0.1777777777777778,0,3
0.97903600599316876,0.18207685246470504,-0.091304538581016018,-0.13327912743422385,0.91162439705480058,0.38881567983408954,0.15402978010540086,-0.36849556101942305,0.91678015268092738,-9.249293688525464,-11.356963651073173,-0.66526186883946958,,0.5504647578366842,0.5591397849462365,0,7
0.34463419743631629,0.9381886602665146,-0.032082825697654693,-0.9091452635875682,0.34208880001148728,0.23755029489139656,0.23384216825396348,-0.052700006205128547,0.97084527587678071,4.5499342252535895,20.068585486103526,-3.4521201161448238,0.4963369748156858,0.2577535158150261,0.5714285714285714,1,5
0.52468423922973007,-0.829366065734362,-0.19198535910904002,0.84722873101133345,0.48670341915218868,0.21289259999938068,-0.083125967379914942,-0.27435690403902113,0.95802837262435947,18.422960056360385,-9.2457614811856175,3.1091752614729842,0.2068034235427669,0.1924802023296732,0.2941176470588235,1,5
-0.54988502546199902,0.83515389931380035,0.012017621795170257,-0.83290139784416695,-0.54936442292169141,0.066887908452498854,0.062463751423443757,0.026771165250542364,0.99768811983968142,-17.238534642915468,-17.803628205628801,-0.72304765681390082,,0.2217425446555614,0.4375,0,3
0.95663292640148079,0.27190207855392934,-0.10451174002279258,-0.23336927934212046,0.93009435341444824,0.2836604893281735,0.17433365591267325,-0.24696913455857644,0.95321247526011188,-11.099515150063272,3.4717583389613531,-3.3439259659974616,,0.07571037358533923,0.2530120481927711,0,5
-0.81680498454760098,0.57635889114848182,-0.025299126709945625,-0.57684520007792983,-0.81659870010259894,0.020400444549050357,-0.0089012563858457735,0.031256864603446725,0.99947174850013409,-0.6571168983160881,-11.107965479920328,0.55745411254423982,,0.07822422263646572,0.3333333333333333,0,5
0.60970686005859753,0.79202024230193602,-0.03100775034518875,-0.76202263985227181,0.59648224230178182,0.25205243694758145,0.21812620463864874,-0.13004949212750655,0.9672166708898875,13.878695239180916,-0.17347739528220404,0.98784314082424918,0.7785142825708952,0.7970290553689334,0.8727272727272727,1,5
-0.91556778026218488,-0.37376421324824532,-0.14844511659430162,0.35422676586571278,-0.92425715852210855,0.14238013648313336,-0.19041806135472841,0.077775431953531191,0.97861736347478967,-4.1354721690376683,14.583615175837512,-3.9351612684056363,,0.08198358595259647,0.1904761904761905,0,2
-0.86218439004686587,-0.48093640805654053,-0.15917992638893777,0.46206865924678342,-0.87538775931498292,0.14208738502546536,-0.20767915567383002,0.048953470225996887,0.97697130257313014,-4.4163906651625249,0.51802890718059003,-1.8824470949410175,0.1843697330885533,0.1493341036142874,0.6639526276831976,1,5
0.44341877551089554,-0.88212922073319167,-0.15883270271915187,0.89075491662741013,0.41398753119850917,0.18753666979089667,-0.099676817909253146,-0.22463829135037477,0.96933078462961775,-4.1395956355515109,8.2852397570529508,-3.0398767743270589,0.5680820215805762,0.5228899359006011,0.9714779602420052,1,5
0.30929715152284976,0.94891746959026724,0.062377142979262203,-0.92764615188914035,0.2866260583929463,0.23941202880263482,0.20930334193490921,-0.13191337519951277,0.96891226253895213,-0.40142074893863638,-4.8781394864250105,-0.44729691538081967,,0.1302944708046615,0.1428571428571428,0,1
-0.4994861156934719,-0.82083174545789872,-0.27703585666477859,0.84010676685470631,-0.53700980339478455,0.076427032801410333,-0.2115047056554081,-0.19456545609751688,0.9578152445953162,-6.1264969620269882,12.851561185096559,-3.9716139029495077,,0.1341954342728377,0.2307692307692308,0,2
-0.53677082151016764,0.84227942509753617,-0.049421202258366888,-0.83856167219118116,-0.5260958022638258,0.14155397829913038,0.093227716411102404,0.11742477122713139,0.98869611913622168,11.810781751029459,-5.0864358221858597,1.4166867418297013,,0.2649766846844465,0.25,0,3
0.99057607698705319,0.023063944318721705,-0.13500774116102321,0.0049516524608716021,0.97904464743094777,0.20358550899982403,0.1368740911891132,-0.20233544625021485,0.96970400141067803,-9.6149981939624993,1.9162076974567099,-2.8866138404318957,,0.07280139984667766,0.2826086956521739,0,5
-0.89436331608478914,-0.4164965951361338,-0.16323248782588584,0.43139082296292619,-0.89957547977441588,-0.068307496308969901,-0.11839010391578268,-0.13150871616983442,0.98422011809664467,11.401135394671075,-2.8899635353711588,1.0291754529876109,,0.4388412186805356,0.4354838709677419,0,2
-0.29844117117015395,-0.9349055220099457,-0.19205346199925269,0.92754441388382869,-0.33152503212175655,0.17248916878915685,-0.22493160654628502,-0.12666024629685455,0.96610711330810939,-11.497089382385182,5.2422067982335916,-3.7417336347970451,0.2544092504340048,0.2861623359026326,0.6517412935323383,1,5
-0.77403268842264183,0.63290556925575048,0.017433807910807685,-0.63205791869976591,-0.77402328009732457,0.037292750988608306,0.037096962977268118,0.017846631963271978,0.99915229723272436,7.4588837668030896,11.089963712082037,-1.5519036970914295,,0.1910756507335932,0.3846153846153846,0,3
0.64238126555314068,-0.74621038509552695,-0.17468935526222301,0.7649038386698791,0.61009619885627941,0.20665126597532141,-0.047628009137786254,-0.26636946018022623,0.96269355634535447,-8.2779335671337488,28.139463578533366,-6.693178177435688,,0.3975431830401984,0.9,0,2
0.10374052582382887,0.98792363911889192,-0.11508599641955226,-0.97541391659426324,0.12367588889108934,0.18240604655887643,0.19443660821984007,0.093333583329285139,0.97646466787430664,9.3607562149532271,9.6064024411957227,-1.0000283968654264,,0.1369311899284699,0.3181818181818182,0,5
-0.99030874273757297,-0.0077016877546049614,-0.13866967247115639,-0.013589560533860299,-0.98829635766447632,0.15193957111834258,-0.13821692335609184,0.1523515455545493,0.97861386085887636,13.293523312279904,-7.2017622933316705,1.9484568998549796,,0.07584217471795499,0.2424242424242424,0,5
0.37632203231462452,-0.8542034641076689,-0.35877314545691641,0.92592193068974171,0.33320315580288212,0.17788826614136721,-0.032408428878491768,-0.39913919736034364,0.91631740945382523,0.75653716981915731,11.220946418939009,-2.593729767308278,,0.4490420678236376,0.2068965517241379,0,4
0.72426758119926427,-0.64066382130715949,-0.254924182634512,0.68916463451755083,0.66075262429562254,0.29741902430197215,-0.022103785966577989,-0.39109568848883364,0.9200845532294234,-3.8056032999472658,1.9877572595705313,-2.0596707578600721,,0.0882599141861338,0.3147751605995717,0,2
-0.24988302617362332,-0.95449817191494102,-0.16276275077961952,0.94498106066495413,-0.27705121855641929,0.17393509502381105,-0.21111434867116752,-0.11034428896612376,0.97121309179690829,-9.2903580456401222,0.94717773547454043,-2.6840187941579496,,0.1960454823943758,0.36,0,3
-0.98434290705606642,0.13662849440289893,-0.11136290156784588,-0.13503781888568636,-0.9906019371676833,-0.021739124872689516,-0.11328648992271431,-0.0063605500415346641,0.99354200444881058,-19.099770286919686,15.620535837118695,-6.4484495756801952,,0.2266201736447293,0.2608695652173913,0,1
-0.20463032607093348,0.97883801525810188,0.001602977754738842,-0.96965685246199373,-0.20293420732568543,0.13632056327126088,0.13376104861132621,0.02634098294814477,0.99066348196131815,3.462628095259769,2.6077788960856321,-1.027205803093866,0.1376696562891564,0.1943442125447357,0.2542372881355932,1,5
0.8024458485474909,0.58827574118177262,-0.10006154349166548,-0.56293508903248357,0.80191419236624617,0.20009426183072307,0.19795137202072713,-0.10423665583002989,0.97465377129341912,-11.874041509758712,-2.3493420657267046,-2.5097836518085819,0.5756834744485773,0.3576414259089218,0.7490494296577946,1,3
-0.54120750776177395,-0.7463333031682392,-0.38740293510023227,0.81136402447090594,-0.58449362556790685,-0.0074579799449342177,-0.220868407285118,-0.31836111925370075,0.92188033085149745,-15.661414382689195,19.772110980945101,-6.5889176277548991,,0.1535554786545675,0.2666666666666667,0,1
-0.76242674076315931,0.63775844273914306,-0.10940582107096107,-0.64670116861491078,-0.74527334757490715,0.16231215575736185,0.02197870517971184,0.19450400024019185,0.98065545958261424,-3.9055225211396101,-10.387915930204006,-0.002716656753675978,0.1984286091796746,0.2131510543428153,0.3636363636363636,1,5
0.15771120015912032,0.98709376431202422,0.027804276661822298,-0.96012344704495833,0.14669820654153276,0.23799706433484508,0.23084658060901933,-0.064230340601736297,0.97086781776270037,-7.5174539694098295,19.448282657803524,-5.2443339749698943,0.7605178211046475,0.4236298981457129,0.6461538461538462,1,3
-0.88071908619795058,0.47028517028230665,-0.056264996393751751,-0.47315192026741826,-0.87896946043740354,0.05949746184195303,-0.021474439548020485,0.079022441312085204,0.99664151138469903,3.6681972696161158,-9.4270849810177193,0.85717589606946931,,0.5811407542161343,0.5492957746478874,0,2
0.94768800744726001,0.29221806410793433,-0.12843692440125515,-0.26568158907216782,0.94514783099773014,0.19002334274602733,0.17692013387042832,-0.14595951688498299,0.97334222432912687,8.4054513169217255,7.3335157389450663,-0.87118636599256416,0.3423685795030748,0.3242694660591235,0.89171974522293,1,5
0.98866965434503673,0.071533639491188183,-0.13196686325896545,-0.046579027218129412,0.98195050340514389,0.18331285575702896,0.1426979635477624,-0.17508896962267287,0.97415663212637027,6.6714408478577996,1.931309339180538,-0.43814486422526844,0.4817482139090608,0.459148058396279,0.9765494137353434,1,5
0.94175317256042679,0.32954518873610256,-0.067088974900928799,-0.28478761653769252,0.88756605764761598,0.36210841854153164,0.17887698409563788,-0.32191064271433373,0.9297185394882117,6.4874572363592975,9.9826999710423223,-1.5030607601934873,0.4435049794061112,0.4240567073512091,0.1538461538461539,1,6
-0.41877303194691096,-0.85181352930590337,-0.31471075451184138,0.8743952611445156,-0.47177472623265465,0.11340870767325927,-0.24507565158947661,-0.2276890840148573,0.94238824590423931,-14.536337305172546,-7.5920941879395727,-2.0857221915400217,,0.4473944718657409,0.3285714285714286,0,3
0.12685761909073986,0.99143956807899825,0.030898662203384112,-0.97302989091718095,0.11833076279875557,0.19801682240952226,0.19266545061408483,-0.05518526454403154,0.97971149361272558,1.1716319782746882,14.4753411595941,-3.0635032525768811,,0.0760648323082953,0.3103448275862069,0,4
-0.74675248305129671,-0.64396947082857769,-0.16632513248900399,0.63217738634103782,-0.76494028256827973,0.12336172949247723,-0.20666998150611396,-0.013026309727715617,0.9783239923456547,-4.6759462969468917,17.39742379028322,-4.4312877421109533,0.305012366752463,0.2516650096328418,0.4047619047619048,1,2
-0.97298879607868283,0.22606279061834522,-0.046780523759372673,-0.2223254082489762,-0.97217520863282736,-0.073802280226592076,-0.062162814867741577,-0.061408292742629912,0.99617508803932342,1.9841575507223035,-18.496013359646174,2.0484815900491622,,0.4906627718405943,0.5263157894736842,0,5
0.53831977856082291,0.84243548571588445,0.022677487005157898,-0.81009929871271147,0.50986535343127604,0.28944161344833153,0.23227342128491646,-0.17418316157723804,0.95692700034410039,-5.0884596599831653,-19.006052497815574,1.1611010338355787,,0.5007223513518044,0.3076923076923077,0,4
-0.29280009353384506,-0.93999224389934455,-0.17516474141689128,0.93274281226087585,-0.32109778297634178,0.16397274146439791,-0.21037811531203451,-0.11537241948036359,0.97078846996706902,13.068091935638385,-5.9907741318770595,1.6870744671512425,,0.07868890820043432,0.25,0,3
0.98374691493521671,0.10494117962805216,-0.14570297242581434,-0.03718274424258744,0.91290892030580961,0.40646616926464224,0.17566858252412426,-0.39444220368053334,0.90197333501030463,5.2829526535899829,-11.072304232394925,1.3657774957755384,,0.3221540566019924,0.2894736842105263,0,4
0.13292128220923877,-0.97532963480005286,-0.17624992543728635,0.97875659211139987,0.10116261630509997,0.17833019503378425,-0.15610082041530821,-0.19620965456140077,0.96805697421307013,-6.5224710222752504,-6.0451807702470433,-1.0920718068347637,,0.09801899630641844,0.5833333333333334,0,5
-0.49006398201649237,0.86945503492281684,-0.062331659511859254,-0.86745975924519159,-0.47940601944313765,0.13297907584263066,0.085737154258892959,0.11923846178582341,0.98915687815964626,5.3666344321652888,8.258989985461648,-1.4315420523232016,0.6916330376391622,0.7067210724749288,0.782258064516129,1,5
0.98390231426789165,-0.12204651965779635,-0.13054073317438539,0.14790204642643717,0.96612271784500658,0.21149912228340373,0.1003056361385489,-0.22740171745876783,0.96862130797109958,-9.6032591218569419,-4.6749273181349835,-1.7924074917210087,,0.09595382479676696,0.5833333333333334,0,4
0.9146365433081729,0.39823868815858687,-0.069612792639030835,-0.34166280825827178,0.85348150946537971,0.39349185309707363,0.21611691071813036,-0.33611792611288277,0.91668872614820951,1.5222724176926254,7.4861318896381839,-2.0017265086480176,,0.2822559618685963,0.1428571428571428,0,5
0.64382521872452503,-0.72857438164502009,-0.23381286992998326,0.76181262114450743,0.5817346586156199,0.28500231092099026,-0.071628332378005061,-0.36161327046438174,0.92957260320256929,-0.33995630855128756,-6.4599309650759622,-0.16679489939038494,0.5743405337455652,0.5506761841238431,0.3668341708542713,1,5
-0.45000870375147561,0.89221245853750031,-0.038066985412391938,-0.89113461693589646,-0.44587683965343233,0.084100763130792747,0.058062561486993902,0.071768883864374133,0.99572986610949454,9.681271012561707,3.0625185175800964,-0.064837383375204699,0.6841266115620531,0.5492106386409038,0.8333333333333334,1,3
-0.25737603182330715,0.9634301665302456,-0.074564686429910182,-0.95721324289703702,-0.24362873256235923,0.15616609200654374,0.13228902397941339,0.11156771436917273,0.98491231043429073,4.4928675567958098,9.3036498370611014,-1.697092377500532,0.9010392572164978,0.6396546339405074,0.775,1,5
0.93511455793744946,0.33170969894113989,-0.12461717041333904,-0.30276879742066015,0.93067688219180678,0.20535724058865257,0.18409730807889657,-0.15430235442830012,0.97072084791457303,-9.4876153633740348,14.414574561533671,-4.800989634270298,,0.07809888837234071,0.3548387096774194,0,5
0.48010869379938409,-0.81906887639458825,-0.31404110855102313,0.87094693763271325,0.40238748492392962,0.28202082158023806,-0.10462826561903531,-0.40891379005641343,0.90655525939418136,11.265792230081891,4.2360745133433042,-0.021437382490925753,,0.4420946307594071,0.1714285714285714,0,4
0.53085182219666804,-0.78684909832565431,-0.31474567405221415,0.84471063943048086,0.46136320594381913,0.27130781012383376,-0.068266232526968604,-0.40989326496704814,0.90957530355173344,11.658865063361084,7.9016156656862666,-0.37798953022494181,,0.6414909783552021,0.2105263157894737,0,4
0.8726859104034338,-0.45724948731695492,-0.17129567458553058,0.48726335737916182,0.83816636507043885,0.24505420832990313,0.031523361795932445,-0.29732146039764823,0.95425689772099265,7.3031011906662524,5.108417468740206,-0.76678503854947733,0.8630898972838328,0.9031262944571943,0.7650273224043715,1,4
-0.88437485706093077,-0.43654035028738403,-0.16526837195733227,0.4212964098413472,-0.89894223105051896,0.12005082377355053,-0.20097374767180595,0.036542958348832276,0.97891478941829535,6.0653634258645441,-5.6918202353294491,0.59304125720244383,,0.08268477095872875,0.5,0,5
-0.89527520470697119,0.44354618875532503,-0.041822078828268279,-0.44506025850648034,-0.89464840635939458,0.039058869629594123,-0.020091643413049629,0.053581782717845125,0.99836131657118088,-8.4885518768551282,-15.31851531474264,0.080089299258938706,,0.1804624824103997,0.3076923076923077,0,5
0.1943176857620417,-0.93532316975657437,-0.29565386031066682,0.96997481191991286,0.13827408154231127,0.20007284327104538,-0.14625149996158818,-0.32565448943649639,0.93410901519514367,0.80649066923585555,-11.97155541966165,0.90916901175541087,,0.08955270009372425,0.35,0,5
-0.61512996516006124,-0.74575402691636317,-0.25586335669690868,0.74920144837757274,-0.65397665908980351,0.10493673863183277,-0.24558565860230627,-0.12714346504546176,0.96100063662055091,-7.4189338809784182,11.125920651330393,-4.0139283927686096,0.2144761937017116,0.1803650391796511,0.2923076923076923,1,5
0.26185782789550921,0.95771628916490947,-0.11920565187121207,-0.94289080020557103,0.28022021745750147,0.18009322201506625,0.20588204598153573,0.06523909254630493,0.97639973573644057,-3.6248287789759144,10.87120692596625,-3.2947125383462139,,0.06967289864492207,0.1944444444444444,0,5
-0.13410579116792667,0.9881330617737657,-0.074891181088483777,-0.97884525254316479,-0.12030214479287635,0.16549732786949256,0.15452381159204215,0.095501027155928828,0.98336257070483923,-2.3051006777796741,11.197154245206173,-3.066338306452876,,0.118664487135114,0.3225806451612903,0,5
-0.34144183123885824,-0.89280102329698463,-0.29380913648168411,0.9162073512673703,-0.38590283674502801,0.10790315137089627,-0.20971782319079452,-0.23234744111351446,0.94975423202222031,-12.54664329995629,-4.3857647894265188,-2.2718367638695796,,0.1132600604732814,0.2258064516129032,0,2
0.027263253695753227,-0.92625008046947521,-0.37592220395743037,0.98410223108275341,-0.041153015636167883,0.17276929149011561,-0.17549790248281658,-0.37465613265278364,0.91040280562495624,-0.43417859330161385,6.3527477957579697,-2.1885108469160053,,0.1698220794981603,0.3571428571428572,0,4
0.90146006594106476,-0.38798314303536685,-0.19193444254205552,0.43233396955171072,0.82891106238355061,0.35495603872850884,0.021379623130259567,-0.40295847351628217,0.91496851330318252,2.1584264367614288,5.511671189736294,-1.6486373053405157,0.3083194614854058,0.168715240098651,0.2075471698113208,1,5
-0.27272179261314933,-0.93450776255856871,-0.22873142668126537,0.93970246190449969,-0.30972970309687059,0.14500618645473715,-0.20635432373587911,-0.17539313765738118,0.96262928499927014,7.9014077384023871,3.1779798787628799,-0.38306818024083511,,0.07077568353881986,0.1621621621621622,0,1
-0.72337605614355927,-0.67020571345848357,-0.16598609292888353,0.65510582104252302,-0.74214860113084813,0.14160443875715284,-0.21809045058047161,-0.0063051952492453409,0.97590819234110171,-5.1786203128693042,-10.727172549968754,-0.16572957002068822,,0.09323990529900403,0.46875,0,5
0.40530043182689052,-0.88364771355771499,-0.23430381619845475,0.91107088598697161,0.36929658640981616,0.1832208284365423,-0.075375066619218639,-0.2877268662990658,0.95474177123548365,-0.13410725891573355,-18.408701313465919,1.7294554659427905,,0.2130748283481284,0.2903225806451613,0,3
-0.60433418026486208,0.79590876603310101,0.036186112187747609,-0.79337625645922272,-0.6053320732796893,0.064243262258881578,0.073036389904947971,0.010115197011433097,0.99727797957193109,10.953209222722791,7.1301976762089589,-0.40671504175270839,,0.2717392276773348,0.4705882352941176,0,2
0.55101206928431257,0.82790624953383485,-0.10467541012979363,-0.80478007127174334,0.5603690832849193,0.19574352449638885,0.22071415085324489,-0.023616360457105488,0.97505257864993733,-7.670696097531108,13.14180738766486,-4.3132486273147848,0.2288795266456228,0.1696201422158282,0.7777777777777778,1,5
0.3978142984368932,0.91697914918891155,-0.029883505683635563,-0.89179045882611685,0.39412795507754189,0.22220020831020995,0.21553088295153447,-0.061744594736515473,0.97454299213270057,-6.7169957937962899,5.1911390912400099,-2.944934654274078,0.5301870445077156,0.5759849780627126,0.5058064516129033,1,5
0.86434048989848422,-0.45698623213166639,-0.20995023497045726,0.50214919444200456,0.80714375102856317,0.31042736943894977,0.027598986272932589,-0.37374128594208433,0.92712229351853193,6.4747608122196105,-4.7662311306559841,0.54395681749132219,0.20432203749909,0.2456092698040114,0.1212121212121212,1,5
-0.86246977360667687,0.50185383635602721,-0.065487529725782714,-0.50089915204930102,-0.8649338402855572,-0.03145618230443023,-0.072428786343128729,0.0056726416788155732,0.99735745449926094,3.9891137116136917,-4.1034231455542738,0.088954090853127332,0.4877384108105086,0.4054252257063083,0.6210526315789474,1,3
0.7944684420402186,0.59590689234789163,-0.11711050445824626,-0.56833453668976019,0.7974982696541818,0.20246571142843048,0.21404613756810081,-0.094294674032328191,0.97226167539470243,0.82715360552229156,19.481058604446815,-3.9309338128060047,0.5397438895163577,0.2214241181495598,0.76,1,4
0.41919247511046293,-0.87660025484985904,-0.23632533086388641,0.90155431849768219,0.37119860686108602,0.22228676312944903,-0.10713299962636544,-0.30624106103125737,0.94590640812371385,-11.650821211002956,-15.692652262539939,-0.25300326720302019,0.2950473420609476,0.2357991081769179,0.4090909090909091,1,5
0.75434265320577332,0.65235810484887768,-0.073457910346357361,-0.61972588067725043,0.74455230464123945,0.24815660070250736,0.21658022618253744,-0.14167134040234838,0.96593076197795935,-7.3760970695191217,-15.707932618171318,0.34117672065819044,,0.1852485982019385,0.48,0,6
-0.85303267686357387,-0.44221998046299282,-0.27708616183829238,0.47988130223112763,-0.87334898605965894,-0.083519364925287276,-0.20505898656709304,-0.20421321560534825,0.95720832351176344,27.520706274044489,-17.056811421581454,5.7717687476419188,,0.1611609091009093,0.3636363636363636,0,1
0.94002051253632535,-0.28211376091491819,-0.19176355731313224,0.33071327362914515,0.89149441682334463,0.30962305375779314,0.083607216533267831,-0.35447077548825873,0.93132180403355425,-12.007841073537239,-6.234543740405563,-1.8774622874918925,,0.6180908261571311,0.5300546448087432,0,3
0.58180757570153585,-0.75587993827350297,-0.30024234173737979,0.81068915801212826,0.50925605779366734,0.28886217592831082,-0.065444892374324368,-0.41146541351138749,0.90907270311346122,3.8530771688673693,-6.6574173712678997,0.42994258864472618,,0.1333097225256717,0.1875,0,5
-0.75017425317979858,0.66112371555366756,0.012410584137989152,-0.66090021570700574,-0.75025825785236133,0.017984754732110909,0.021201291106112453,0.0052895422159361192,0.99976123449480736,-5.9817589356034793,11.391164710084462,-3.7571541632559038,0.5673447815175722,0.5386110648985024,0.8541666666666666,1,5
-0.014782795440853189,-0.98530513728911173,-0.17016243824839428,0.98386730788691612,-0.044678256636965383,0.17323098410859997,-0.17828793966588555,-0.16485642182082613,0.97006998240030473,0.87614982896650961,1.8012700919948028,-1.308860383374447,0.2150017604573379,0.1799578874997601,0.7050691244239631,1,4
0.99122820550069446,-0.0096092918786708642,-0.13181163123739817,0.05693782119034254,0.93109883411041616,0.36029577521297768,0.11926746890066001,-0.36464040180404372,0.92347855862181005,-12.083080659292824,-3.5054000669869771,-2.2878866858914444,,0.2751405784926222,0.1875,0,2
-0.98346955311589157,-0.089267909734485715,-0.15754008501223912,0.085762325971085518,-0.99589565374222433,0.028925253695975869,-0.15947558288984895,0.014936102201813057,0.9870888771093308,-10.038602679955634,20.365095155085996,-5.7670881864980075,,0.5742775471179927,0.7173913043478261,0,2
0.6586959642713448,0.74631216907567799,-0.095591699128117907,-0.71841953625999533,0.6615975147797668,0.21485366731152206,0.22359113706186406,-0.072848299409070227,0.97195685536992316,1.9473047845277098,-13.099360814761079,1.2427537076023574,0.6715187041558315,0.6413632676224978,0.9405940594059405,1,5
-0.96991835318894826,0.21371784575844816,-0.11654643088317386,-0.22398135229340146,-0.97101870703540627,0.083396788979593531,-0.095345382541880186,0.10699230342251631,0.98967767734565315,-7.1011015051086019,29.319873949252351,-6.7221124667002012,,0.2037080360693148,0.2,0,1
-0.9216164254635667,-0.35554203828548042,-0.1556053447911187,0.34017687510390132,-0.93304091382431964,0.11710826945362297,-0.18682306592148021,0.054995564745564364,0.98085301136205605,-2.9408546068403063,19.935374137288239,-4.6190581467557994,0.2237849508153472,0.163744006131373,0.3846153846153846,1,5
0.87151334217550613,-0.44677023137202748,-0.20214068064064669,0.48881288197039974,0.82434144500811291,0.28552258835638217,0.039069947912313163,-0.34764571391248467,0.93681161220834985,6.6645886476218497,-12.937233458779312,1.8336042325612936,0.8209391568277848,0.6618038189835778,0.4202898550724637,1,5
0.24857868475088177,-0.94600954317044517,-0.20802543526686015,0.95789284772856886,0.20822932765601249,0.19769127288369903,-0.14370083422852434,-0.24840791318790539,0.95793714768123261,7.2828886387619081,13.20794609984085,-1.9181564791623358,,0.4683619424609152,0.5681818181818182,0,5
