axis_00,axis_01,axis_02,axis_10,axis_11,axis_12,axis_20,axis_21,axis_22,location_x,location_y,location_z,dbh,dbh_approximation,score,reconstructed,number_clusters
-0.88516276331897048,-0.43906894842607497,-0.15396538884289984,0.45368269582479231,-0.8878982330951114,-0.076215084961762339,-0.10324191950304762,-0.13731418788530272,0.98513243772739822,-3.4312158117185949,-14.109657171442828,-0.96564104729803246,,0.1700933624801406,0.12,0,3
0.97873941387137975,0.19715996579881762,-0.056542971454615822,-0.18932437699633964,0.97446473681146861,0.12072595821074922,0.078901457588921406,-0.1074542907340824,0.9910742330386656,-16.123846280864633,-17.839023252322896,-2.5293703715183318,,0.2042290268544948,0.4615384615384616,0,2
0.6700926338655252,-0.71325210575616316,-0.2055414694740737,0.73949755563807407,0.66542124755962551,0.10177390874632045,0.064181206318328202,-0.22019536082894683,0.97334206516770516,-1.0229654756966025,-17.81701907493342,-0.34390525572013808,,0.2015811027168047,0.3548387096774194,0,6
-0.96678667317379197,0.2343588971222951,-0.10197762457113979,-0.2347938463364731,-0.97201318547057514,-0.007887774963165806,-0.10097216594723239,0.01631792299793218,0.99475542074067502,-7.4074718422534662,-15.697045133100016,-1.3854748278999138,,0.08172834763147985,0.2857142857142857,0,2
-0.63603960403150417,-0.73631118988640054,-0.23086674457686529,0.76645355815235572,-0.63749809389018697,-0.078390837997632551,-0.089457058408155474,-0.22680831539970159,0.96982236660457988,-6.2033353146129517,15.160264620949045,-3.7384034260866814,,0.287412925902846,0.4782608695652174,0,4
0.94031473681933508,0.32481984443445544,-0.10149021815899523,-0.31648106467302456,0.94431406649143235,0.09005931117793213,0.12509169206551354,-0.05256436519155154,0.99075176310122992,-8.6460861567495062,23.951788289506684,-5.1043101891087259,0.2655020261309017,0.2404591345224019,0.5652173913043478,1,5
-0.92777017709825749,-0.33763003905744798,-0.15889762494491452,0.35289135262023014,-0.93227833809047855,-0.079528570797671838,-0.12128557924556813,-0.1298578340082801,0.984086760003276,-23.827959813627164,2.4494673633432402,-6.1375527110631243,,0.1328215883502857,0.1481481481481481,0,1
0.96022851798468944,-0.24511537756993507,-0.13371478948745849,0.26205422405800333,0.9564510098725959,0.12856535056946505,0.096378300992935761,-0.15849264144571468,0.98264505580869588,-5.4290503995777595,-15.999874858799457,-1.1072671646805641,,0.09742401236190296,0.3793103448275862,0,3
0.63704140596910064,-0.74745525743302565,-0.18838493893260308,0.77070201204045208,0.62206792156600899,0.13802140991652276,0.014023398935720228,-0.23311400450053416,0.97234829417653323,-10.931564420571927,12.98531203573973,-4.6277630421430462,,0.2477472290368382,0.125,0,5
-0.96899903990472647,0.23946319955910939,-0.060813129508630222,-0.22349588159829678,-0.95451147157462413,-0.19737639560253181,-0.10531121294676757,-0.17766605384642598,0.97843973842966969,-11.852254823037992,-17.493239569159417,-1.8860329309221686,,0.1354239441726092,0.21875,0,2
0.78899283028964406,0.61401749912887638,-0.021744528393522693,-0.60325014398197763,0.78089874911144863,0.16213083427250269,0.11653144441420071,-0.11480267592567042,0.98652965898803324,-15.876320689944988,11.480287804883281,-5.4236229118781187,,0.1948961001237786,0.375,0,1
0.46398179830646102,-0.87500653040817089,-0.13814652577374503,0.88573810667651276,0.46066943914153402,0.05702345326380976,0.013743988555283922,-0.14881948657376198,0.98876886237103612,-35.64442091737574,4.359422439880662,-8.0113665130108842,,0.1535254215867135,0.4736842105263158,0,1
0.99065030729953185,-0.060275590714821636,-0.12238799700674273,0.081700771600431932,0.98056184910090971,0.17839126662395524,0.10925636167856412,-0.18672255689065617,0.97631845940808581,-4.1446942960552162,14.442076765915415,-3.2957389969896562,,0.1752242891031426,0.4285714285714285,0,1
0.64620835257047238,-0.74466166514587973,-0.16701427942041841,0.76270323019441988,0.6377448470382201,0.10754205097167709,0.026430053332401175,-0.19687690199300381,0.98007190437359393,-11.519019812512184,-20.918656688511032,-1.678101375098946,,0.1787289338994952,0.1304347826086956,0,2
0.81019690427247792,0.58531954807835962,0.031336926215531691,-0.58184421185475277,0.79661050770663744,0.16391769929600272,0.070980908971460699,-0.1510388216609149,0.98597615838967778,-3.640163358624934,-19.724757604630724,-0.61820292867229687,,0.2166520884534978,0.35,0,2
-0.46002356477976186,-0.87158681400946203,-0.16945425781654999,0.88407074302888933,-0.46733819875115834,0.0037321988656376422,-0.082445382937251663,-0.14809265219064857,0.98553098642278691,-13.741357281313848,9.6647478411015868,-4.7645783974216265,,0.08605843718428136,0.3461538461538461,0,5
0.90449211700028964,0.42042845868275874,-0.071651388081276093,-0.4106532305541325,0.90388354557084027,0.11982679283758355,0.11514310452557959,-0.078958515537757221,0.99020584643006671,-2.7470403744919918,-10.952738642671108,-1.0200533581451172,0.4885284220567858,0.5363669943241567,0.6461538461538462,1,5
-0.68864513256657989,-0.68206926645628063,-0.24606787101966274,0.71817667422376175,-0.68837390077264393,-0.10180195153312163,-0.099950717822610932,-0.24682562365128582,0.96389157352676302,1.5154304916847643,-9.526473269686722,-0.49651060436036665,0.5567042483994007,0.4809044035477404,0.7028985507246377,1,5
-0.30127470914443161,-0.92016328369087708,-0.25006615320183129,0.95201997885319445,-0.30505644961826395,-0.024464717669823492,-0.053772757919812529,-0.2454385745833837,0.96791962301224943,15.878535070436397,3.6259477243289346,0.86309553954585982,,0.4315769576041339,0.103448275862069,0,3
0.96153082658706002,-0.24289821442022388,-0.12829234955472674,0.26091092198269661,0.9536501288967747,0.14992305508261536,0.085929973309343058,-0.17762851428369461,0.98033879378530309,-1.4541062709829544,11.477280674083227,-2.6690820909522937,0.491642545368469,0.1834343216379283,0.1935483870967742,1,5
-0.70749049810883424,0.70572871282857519,-0.037472376159450253,-0.70498934376240407,-0.70847382145357241,-0.032478754539321558,-0.049469387171942131,0.0034392156508896354,0.99876971896856082,-23.946176741511689,10.846137509114552,-6.9982273868839204,,0.1131104724369692,0.5238095238095238,0,1
0.51646998517673814,-0.79320032507208038,-0.32263291635709901,0.85621842290100258,0.48372713065587652,0.18137826593159864,0.012196995386602573,-0.36992067713630139,0.92898327537720526,-25.019430438140766,1.8250637240935199,-6.2427819987023314,,0.4483783838756998,0.5882352941176471,0,2
-0.74612285761834896,-0.64895153228347369,-0.14887105187496788,0.65598029391470569,-0.75477392866496551,0.0024840698921942271,-0.11397602965099414,-0.095803055037845183,0.98885349739504402,-20.776133002456817,7.4342923410405497,-5.9811954599704285,,0.07622765924464242,0.2,0,1
0.73887353370339837,0.66578523452000127,-0.10390342962481744,-0.66421619830565848,0.74557869636198626,0.054122540956045621,0.11350217223045002,0.029024627927115434,0.99311370339587057,-3.6029032680044639,-6.3781285393195954,-1.3861538876283457,0.1510954386179922,0.0982511169605341,0.4420289855072464,1,5
0.91107013952360605,0.40541700093607541,-0.074754640126447225,-0.39403272170521708,0.90968165927540112,0.13121544498850632,0.12119989725249482,-0.090090699464212498,0.98853136054251367,-17.667494597073954,10.768449794636103,-5.7332129985457465,,0.1009863190282052,0.2105263157894737,0,1
-0.92667955674864311,-0.35620656020267383,-0.11992449946828057,0.36093558176981072,-0.93238484956492695,-0.019595869827024555,-0.10483560901061816,-0.06144411094944837,0.99258960115095141,-2.569853233658872,11.361801021582609,-2.8677303246882531,,0.07662199818644597,0.1904761904761905,0,5
-0.96874250760933234,-0.21554955331215375,-0.12278576471934395,0.21511511230965921,-0.97644170657053497,0.01694349803390327,-0.12354530507787753,-0.0099991867945917953,0.99228855372651636,13.605970456590066,3.3130197576304976,0.55925125879370041,,0.08264547805650273,0.2,0,5
-0.98418221380632431,-0.13012387980583801,-0.12022123743980793,0.13099942718575094,-0.99138224657814589,0.00062549714131218627,-0.1192665925743165,-0.015133310078910816,0.99274692788331897,-6.1417569021788978,-10.490953034045338,-1.6528424751977071,0.2166267896825674,0.193231505930589,0.581151832460733,1,5
-0.15549887951148722,0.98470055001132939,0.078644295902873654,-0.98750239104241044,-0.15702204865365813,0.013531589785835244,0.025673452362233361,-0.075557283196228106,0.99681090022120578,1.5063214864366219,-12.728574208350624,-0.29783972572033063,,0.1714383183695142,0.25,0,5
0.14118307945603401,0.986656366222736,-0.081095949759881325,-0.9878721436579655,0.14575564080005862,0.053515614166147765,0.064621713532890229,0.072556930524314972,0.99526856977047262,8.8946153429374739,9.2042737073215122,-0.52261154300255486,0.2239910319074896,0.2054339652280484,0.3265306122448979,1,5
-0.74373085875830836,0.66746188245630256,0.036865230211088756,-0.66558978615995457,-0.73426735695645395,-0.13357277068223114,-0.062085797813778681,-0.12387931213915851,0.99035310356142869,6.2732998952177583,10.196846662595403,-1.1271454487279009,,0.4968665916861246,0.4347826086956522,0,2
0.17575324312753485,0.96567780615204202,0.19125159407318135,-0.98238996829781233,0.1595329161350332,0.097258412784066273,0.063409366169178583,-0.20497712890669478,0.97671061676793036,1.5598871651482797,12.814209487513933,-2.1746925148047134,,0.2520995046819064,0.1428571428571428,0,1
0.088889830643354303,0.98540016223050275,0.14520715644999868,-0.99526362455892381,0.082111166611832334,0.052039157828286609,0.039356265549836143,-0.14914515276649953,0.98803178479653564,-5.8603186838218431,-14.553969480906401,-1.2964451180535892,,0.483146730258118,0.2571428571428571,0,3
-0.98499673696581491,0.12762241462255741,-0.11616345144926341,-0.12277227728082538,-0.99127239080489971,-0.048020986653945899,-0.12127817651159441,-0.033038863688788958,0.99206856486241701,-19.753437925195634,3.4985065479571564,-5.4280156176087422,0.2990424221611349,0.2189250484121761,0.5121951219512195,1,5
0.12583185308995984,-0.95905865246774291,-0.2537180440463454,0.99166701440078631,0.1144793770736476,0.059084725388713455,-0.02762023347795629,-0.2590385557240199,0.96547198268568934,-0.90644836407631102,13.222048906591581,-2.6553153724789929,,0.1060412855070061,0.24,0,2
0.29613210986758942,-0.94275412166750661,-0.15336374925091872,0.95507334231683816,0.29027340090344961,0.059801868897968249,-0.011861041316611443,-0.16418288219809671,0.98635860461193936,-7.2352579064177807,18.987521311972134,-4.3558308888345847,0.1906707999773833,0.1381737470029641,0.4333333333333333,1,3
-0.93959310584816758,0.34181093521858102,-0.01816810412761706,-0.33015913370221034,-0.91901420707838277,-0.21542477485446368,-0.090331289571216014,-0.1964132677623622,0.9763514154090781,-20.631699488485481,6.4525186486813597,-5.9589618194902592,,0.1683175222638117,0.3529411764705883,0,3
-0.84277665503719157,0.52902355808420665,-0.099305512013423122,-0.53336362102384383,-0.84560615876202283,0.02175941249367359,-0.072462110738341509,0.071304272352098921,0.99481905050701624,-9.2690205781998731,-4.3877978937207525,-2.6676359960550537,,0.9133069282763825,0.5410628019323671,0,1
0.38863388630270707,-0.89233831868535096,-0.22955615309343141,0.92106824821947386,0.382853522203359,0.071108808585091179,0.024433267058734987,-0.23907217642854764,0.9706943442291982,-19.846051331116684,7.6312543510565689,-5.8141161664475742,,0.153447588875631,0.2352941176470588,0,3
0.42198404066857809,0.90405453582067596,-0.067932802702985282,-0.90232941774308306,0.42608119965218411,0.065241345620588739,0.087926624502760745,0.033766959665009172,0.99555446919720714,-13.507953496650217,-9.408569391188097,-3.0325249467040178,,0.1182484575119085,0.5238095238095238,0,1
-0.99020216398643779,-0.074680699583795529,-0.1179935063732309,0.078907486962608686,-0.99638225260169233,-0.031559708516121034,-0.11520973456188739,-0.04056106273326246,0.9925127290126442,-15.014038339266911,9.0325922582978198,-4.8981467434018731,,0.0704036705752709,0.4193548387096774,0,5
0.81499339724649256,-0.54845618833750742,-0.18703361173573574,0.57612493733688297,0.80155268791735312,0.15997920199525842,0.062175710878073991,-0.23813672116404022,0.96923943533579293,-1.2319748492888907,-11.666060672816402,-0.77361856516754746,0.2115817173681,0.1348103770484777,0.2769230769230769,1,3
0.69040604334663636,0.72340754376344574,-0.0045848594941477819,-0.71764015793660685,0.68567393890018458,0.12183535295565234,0.091280332093857122,-0.080825584682355456,0.99253973514091132,-24.982714290110298,7.213391960638134,-6.8017027745721661,,0.1512205222494721,0.2592592592592592,0,3
0.65816043514057776,-0.71931802344754991,-0.22227555591894629,0.75215657011422032,0.64113936211803668,0.15231812885172494,0.032944432755453161,-0.26743578572507598,0.96301233889500815,9.1140366018657009,-3.4285554087724859,0.3228528124036123,,0.1155988759503809,0.1851851851851852,0,5
0.95251104997960423,0.28992096492777764,-0.093104960996169758,-0.27843456496494956,0.95303627241845013,0.11914720511839812,0.1232756776478286,-0.087565390138413551,0.98850159825382999,-17.099186815202497,6.1493471688135539,-5.2875794941703411,,0.0842807563811493,0.2448979591836735,0,3
0.9869481955761753,-0.11332483903882976,-0.11441477223572996,0.124276823373335,0.98782239498507429,0.093606554995813135,0.10241352655369072,-0.10660392498766001,0.98901318128529558,-8.0605605349212244,-12.554269273726764,-1.7221053513143469,0.2226691652459164,0.181351482821931,0.7070707070707071,1,5
0.96949395085221712,-0.18079009148067698,-0.16551864572720584,0.20390884879010607,0.96959483072750874,0.13530353140841647,0.1360244854651303,-0.16492667173293463,0.97688102259438137,-18.201429841038081,5.0830371734882291,-5.3895242103678527,,0.2317372048947332,0.273972602739726,0,4
-0.93694684582654586,0.34130233440439428,-0.075122064839817024,-0.33610747979216093,-0.93892822776006668,-0.07379393703484266,-0.095720270180608913,-0.043891908655824229,0.99444010892114532,3.4731547892124222,-13.484095822811071,0.041023390097359738,0.5267493684511403,0.5229745414148871,0.1764705882352941,1,4
0.99276694231589124,-0.051917100037334428,-0.10825161877990312,0.078300068752657159,0.96350281285709871,0.25599107181655434,0.091010425106606493,-0.26261558282054115,0.96059885393526379,6.4432005104833818,-10.395210026688639,0.27990049816871515,,0.2071646682407247,0.2083333333333333,0,3
0.2891263665411869,0.95449829958580401,-0.073068052242412418,-0.95483508879033974,0.29300720347997877,0.049363264920250442,0.068526618079660886,0.055495718723619004,0.99610457674779962,-5.1755374710646711,13.076445440692201,-3.4820568637167808,0.1853455624454918,0.2331870222317421,0.8695652173913043,1,8
-0.29515419657519448,0.95265648007980719,-0.073004323200778931,-0.95543118832098972,-0.29381089871110488,0.028747176941663441,0.0059367185880596996,0.078235457182311438,0.99691723257845299,-12.927326023145227,13.223331391967731,-5.0079145024380107,0.2487422288747368,0.239550880198383,0.7551020408163265,1,5
0.57205187707820637,-0.78727777258181697,-0.23010944945810757,0.81986807136634721,0.55703209364051953,0.13240691903554588,0.023937324105391396,-0.26440301710281683,0.96411516379611029,-3.6734900766729188,16.972237215874351,-3.4678287745227871,,0.1380771328913223,0.1578947368421053,0,2
0.1639781107247969,0.98520383706134163,-0.04984554787276501,-0.98446038667473734,0.16665488192949893,0.055352483208000611,0.062840482742842541,0.03999437171246243,0.99722190306870606,0.43074139687298535,10.331506888937511,-2.24468298788406,1.01058204968064,0.9597901490875353,0.8636363636363636,1,2
-0.12842698926654689,0.99167205150873261,0.0096462782663895488,-0.99121127079957327,-0.12866636950270108,0.03074381236754533,0.031728931085472381,-0.005613164477974707,0.99948074884747884,18.448994231975043,-3.1063376924245167,1.5608322120687899,,0.1552272643680807,0.28,0,5
0.98176014367027098,-0.14306004344873283,-0.12522317784250547,0.15640712049430869,0.98218546035578147,0.10415629661418013,0.10809178025737139,-0.12184229739359384,0.98664614812334994,10.941611778441459,5.4527296498614124,0.025032694774468036,0.2036894831872278,0.1897718698898354,0.625,1,5
-0.84208165220625819,-0.5008647812173016,-0.20008238791488636,0.52716760782443406,-0.84273233581122486,-0.10907118519031714,-0.11398598281473987,-0.19732379763804811,0.97368912626538873,-3.5257495364594189,13.768664923417033,-3.2100111001399965,,0.1279664224133716,0.2777777777777778,0,5
0.80859596359137142,-0.57533927978570809,-0.12311490892416051,0.58461636397901451,0.80923958084922709,0.057922428772662876,0.066304408840575563,-0.11881083251383416,0.99070061645568352,-27.474316651350044,11.198614956812131,-7.5970005451708102,,0.08212993760194542,0.2777777777777778,0,1
0.58415305825393282,-0.79710791038410134,-0.15291887959198747,0.81102148130715401,0.58062672905821855,0.071531520055877276,0.031770448390404431,-0.16580585244871723,0.98564651772469969,-9.6015399767099652,7.8573444922934677,-3.9149132579773176,0.1245432019426424,0.1131294858587005,0.3956043956043956,1,5
-0.82283731708803176,-0.53271289329510252,-0.19787805063859309,0.55931133243658504,-0.82078180258149314,-0.11613813309626705,-0.10054642219085233,-0.20623822601117064,0.97332225450586674,-7.3175703219390735,-4.3588825542346665,-2.3222246230673873,,0.1020700595936305,0.4366197183098591,0,4
-0.44877040507466887,-0.87062786713705376,-0.20152478878168378,0.88679330227149522,-0.46173315525899777,0.020003309250894306,-0.11046611505585895,-0.16973393973791723,0.97927913647004183,-0.87833211769645614,4.9634082030313262,-1.7810752412515889,0.3397901115858881,0.1828557748954811,0.2953586497890295,1,4
-0.89668913007175488,-0.39558890531713842,-0.19864043395328007,0.42034721046265855,-0.9016180830458147,-0.10194633382840119,-0.13876896867607239,-0.17491212169194703,0.97475582738335043,-0.039869637528710131,-7.5962023739287021,-0.77717668738471168,,0.09341691343621726,0.3835616438356164,0,9
0.25721431815878221,-0.9082709939342567,-0.32997665995004838,0.96635097014256111,0.24084584218447019,0.090327641433750799,-0.002568470097882105,-0.34210682816940435,0.93965755521957306,-8.918498161729973,6.7421619424800072,-3.6245098880480313,0.5071176628979061,0.303427434847921,0.3275862068965517,1,4
-0.9924358038070914,0.057899026590736175,-0.10825376687033746,-0.053017019267788457,-0.99746578079547921,-0.047446936782303294,-0.1107265595497805,-0.041348746799754019,0.99299038774217674,1.3498948479531612,-19.97004346242549,0.099288164633891146,,0.1659838474261557,0.2142857142857143,0,1
-0.80228024292344202,-0.58238616859808356,-0.13104488712020149,0.58524963928521034,-0.8106180784125443,0.019524104775492494,-0.11759792315867321,-0.061030169395124186,0.99118416396367437,-5.8526071113502898,3.2837036869704765,-2.6657501993299699,0.3506782859988701,0.2611006960154528,0.8919753086419753,1,5
-0.26649023027040691,0.96375514965360043,-0.012608278494284659,-0.96383722514284975,-0.26647915571951536,0.0025812779671996553,-0.0008721234746574153,0.012840213517630563,0.99991718072921643,-7.3664085618759865,6.305005375212807,-3.2986165865651884,0.4894206815485432,0.3472789635190557,0.2189349112426036,1,6
0.75339145902341953,-0.62069805099142827,-0.2171065152546221,0.65344971549228614,0.74359822352266824,0.14165151357109571,0.073517200664969098,-0.24858723110685796,0.96581551537393107,-3.3735442896311501,15.133920941815902,-3.1756807378444583,,0.1434743143659939,0.2727272727272727,0,2
0.69571265092782619,0.71352061872913619,-0.08289893839710881,-0.70927655045830384,0.70061886766678172,0.077845855633336208,0.11362518342755773,0.0046399264765435797,0.9935128528475845,-9.0280711595597491,-6.3807241164443047,-2.4454766913628907,,0.07018201547575136,0.1298701298701299,0,3
-0.29986348621382303,-0.93857032225514925,-0.17078536183630497,0.95101559262188728,-0.30820895310543361,0.024012159746546899,-0.075174678088658894,-0.15521917216477418,0.98501562239730434,-0.52983812045444345,-3.3337005920859704,-1.138960734670295,,0.07120812278430083,0.25,0,2
0.87545797750496224,0.48229958774604914,-0.030990922588928618,-0.46514616450884505,0.8582570371320376,0.21687301320369046,0.13119594226054551,-0.17544790073787905,0.97570777329128611,-4.9919211755971764,-3.4107017959731216,-1.9419105900144233,,0.2936781506337863,0.2080200501253133,0,3
-0.98024874783768157,0.17307140274197438,-0.095701002688496933,-0.16805579938211704,-0.98405457763278148,-0.0582566436898561,-0.10425756882210527,-0.041022893521721886,0.99370392046645895,-21.273396338435916,11.988788835720351,-6.5825329793203675,,0.1332256972486492,0.4444444444444444,0,1
-0.021861000998530812,-0.92339644651097219,-0.38322460673376801,0.99867459285750915,-0.038034390315528598,0.034676256058205485,-0.046595645893478657,-0.38195862043451095,0.92300404011008219,-26.480461345853424,4.667129526710573,-6.9526041837404202,,0.6398077328181837,0.3125,0,1
-0.75187124421430007,0.65337404356217521,-0.088272256812961927,-0.65676067004739314,-0.75398331618436065,0.013212917714661439,-0.057922831444431881,0.067908159412900113,0.99600874869782763,-9.5513201306644859,-15.248600782146582,-1.7878295767349284,,0.09515716151990919,0.5227272727272727,0,4
-0.96803294367905257,-0.18866652761448993,-0.16527904074612301,0.22024691216399211,-0.95467610677533765,-0.20021195976891679,-0.12001465591457769,-0.23021397114461672,0.96571114203758157,-25.293176662312366,15.173498234450165,-7.4138825631943721,,0.5745192841365832,0.5,0,1
-0.78492120976344459,0.61271138680637116,-0.092105650973777264,-0.61646555688643323,-0.78720222190263989,0.016819007231299581,-0.062200575850950547,0.069981556922948884,0.99560718662254011,-27.666784573657882,9.1879216935560173,-7.4809527306132999,,0.1512251107587097,0.5,0,1
-0.33491818028911347,0.94180305774430251,0.028927719151585349,-0.94213487424551545,-0.33424633180288049,-0.025715139640057019,-0.014549613129486029,-0.035866280819216667,0.99925067858770111,-10.104864008000261,-12.793045874768442,-2.0170886883372501,,0.07637363835028566,0.1428571428571428,0,3
0.69941680370146431,-0.67546223645860604,-0.23359559460393553,0.71308742396924629,0.68153887241277045,0.16435051313346974,0.048191912982703852,-0.28152359138919153,0.95834336592601288,-17.670349522327534,9.2539257229908731,-5.5763864285422633,,0.06823306642539972,0.3,0,1
-0.054290680139096874,-0.98941185416115696,-0.13459830940771558,0.99721349681173987,-0.060631472712009409,0.043463390264387981,-0.051164087273554634,-0.13186359377081197,0.98994657876640468,-6.6708710329430563,9.6152139373609344,-3.5209313040836516,0.2690171261660583,0.2572224337823622,0.6826347305389222,1,5
-0.42730012021688063,-0.88017654534704171,-0.20664911391918558,0.89808124413606272,-0.43956612276019164,0.015221782175286141,-0.1042338054263542,-0.17908342397474239,0.97829670400335156,1.6218011043426892,-17.59723749498356,0.035122314160944731,,0.3263561265265492,0.375,0,5
0.92380270537588849,-0.34305394405180051,-0.17000750868915224,0.37168962831664276,0.91008419752644454,0.1832854975563597,0.091844334294631388,-0.2325096662144405,0.96824783675194637,-7.6039345550692428,-7.989551839367306,-2.141044661646903,,0.1624405525898991,0.2162162162162162,0,4
-0.12152765005698252,0.99235107978017878,-0.021687893644583813,-0.99254022689571675,-0.12127830838408672,0.012468757327490438,0.0097431137438230651,0.023041405656026089,0.99968703370603307,-2.9207709985042789,-16.163073592099575,-0.68674735592849268,,0.2320312434723118,0.25,0,6
0.97393850371413127,-0.15793577353816099,-0.1627884591117616,0.20257568884448607,0.92852526845935868,0.31113327710429484,0.10201412290590396,-0.33600166259912873,0.93632045874174941,-17.274136044541631,7.5307585535071411,-5.3356918375371061,0.7852137892804758,0.3415186845001482,0.4,1,1
0.95643846937641219,-0.22756333600723094,-0.18286711678748083,0.2754170534713466,0.91107491400553575,0.30673758773089349,0.096803413958741522,-0.34374035139195724,0.93406191971992236,-11.094010396924332,-14.297926641530033,-2.0417429333010717,,0.4349804821479708,0.1764705882352941,0,1
0.63085793852098171,0.77512791148518811,0.034568515178815949,-0.77016124094666316,0.62016355138794754,0.14916042529231835,0.094180275793574506,-0.12072236895662532,0.98820857377627869,-0.28659477532243871,8.3437731162627777,-2.1319588396882483,0.4283228454880916,0.3610327831618105,0.1764705882352941,1,5
0.70179296702471039,0.71178505857604757,0.029131800880565148,-0.70402996802717144,0.6867427449200848,0.18090385960306749,0.10875861140301789,-0.14746671721957663,0.98306924057167377,1.883155131453877,-5.223761963759582,-0.6386965367469325,,0.3866247534024039,0.4603174603174603,0,3
-0.23643666121124915,0.95598898684647748,0.1737318688770805,-0.97108566339815749,-0.23856851659035502,-0.0088146034759701789,0.033020290396028967,-0.17079262255766087,0.98475354302588758,7.2238128125479157,-4.2413881333286971,0.12182422403352983,,0.6268964353493992,0.1,0,2
-0.067156035138552034,-0.98266615323994622,-0.17279264515908951,0.99721101533736078,-0.071757940753627431,0.020518012297201259,-0.032561600610209226,-0.17093282076711991,0.98474449120078644,4.5559946816325567,4.4470125696149152,-0.8531858197948613,,0.1846976425601726,0.1343283582089552,0,2
-0.68977542722057361,-0.69608366174984226,-0.19919185688076466,0.71558944872704511,-0.69730252980827712,-0.041242245252905409,-0.11018893262573803,-0.17098747839508127,0.97909227417996336,-6.6635682189056586,-13.820303379482274,-1.4811328725187702,,0.08896261019047001,0.2,0,1
0.88095061586962697,0.46434459038508924,0.091159825466193403,-0.47314890734801474,0.86129145838013432,0.18522185399352842,0.0074915869015356844,-0.20630347816147832,0.97845937627689539,-24.063280488274106,3.0947013834325041,-6.2975676385179638,,0.5480733139658692,0.2631578947368421,0,2
-0.57999158659393568,-0.80206615226932887,-0.1424768292183789,0.80817591554383361,-0.58849250275733334,0.022983988628972711,-0.10228122513509512,-0.1018158218661709,0.98953124730984621,2.2588590961448727,-13.286336108991964,-0.19335850817500583,,0.07029027339316563,0.1379310344827586,0,4
-0.81857142023128104,-0.53378313085832252,-0.21217068410039822,0.56386636983494343,-0.81715674889031786,-0.11962259281661454,-0.10952418431427328,-0.21755554912273237,0.96988351676693607,-9.9918654040556927,10.925471345050438,-4.2638057413876354,,0.2959709186072818,0.1428571428571428,0,4
0.92824109659488974,0.37007667794037952,-0.037572849731280875,-0.35275067835938267,0.90781133565490446,0.2268160879952168,0.11804840324761778,-0.19728616601543855,0.97321258889803552,12.477311143432335,-4.4652683993472788,0.82413401615267601,,0.1501386884401992,0.3125,0,5
-0.98358110415789668,-0.12894539466402269,-0.12625884815914024,0.13738860711996803,-0.98866267206931358,-0.060584581292609116,-0.11701530744807928,-0.076936376647884067,0.99014555080105615,0.60908888147010798,14.733966521107265,-2.413458134652636,,0.1051366522643586,0.3846153846153846,0,5
-0.93963362591104427,0.32564008593793142,-0.10510558257105801,-0.32897531499515431,-0.9442089788258814,0.015641177335057477,-0.09414824045675943,0.04927411830692071,0.99433805623840665,12.205276590707614,4.4262236816621723,0.29346290549604531,0.6293642208870244,0.4085964893312715,0.7916666666666666,1,5
-0.9837494424406179,0.14295961141190561,-0.10862589011248014,-0.14612994252348532,-0.98902589695829768,0.021767292985495571,-0.10432197465469367,0.037287057416622048,0.99384435449085962,2.0112212164934804,-14.955066195916789,-0.064915029003591029,,0.07379775169362049,0.5263157894736842,0,3
0.23475535269009165,0.96536122912637412,0.1138754656761721,-0.9711057874757173,0.22773687620257183,0.071340484639927981,0.042935695109267528,-0.12733268440235154,0.99093032730276909,-10.127159981183324,2.9905009503913957,-3.4850883815743798,,0.7647750716813956,0.3484320557491289,0,3
-0.97525216760258815,-0.17567928419929885,-0.13423858867581653,0.18134128571850772,-0.98292870860363102,-0.031088452788089364,-0.12648536547921913,-0.054662079232505309,0.99046126093531173,-0.83163569012882976,9.5881085207629742,-2.4592508780059745,,0.1049416439149616,0.42,0,5
0.98881150343489788,-0.088080241722915356,-0.12038970758686678,0.10109435374782055,0.98914425664867511,0.10664694641316522,0.10968929900008023,-0.11762444710592619,0.98698163464569966,-16.153538660806792,18.676566800942556,-5.9579396662543633,0.5974717299548927,0.5949794856810554,0.8734177215189873,1,5
0.42401855306738162,0.90559752489113399,0.010069238585706311,-0.90135671778319715,0.42089901026506782,0.10198083381198783,0.088115458131623636,-0.052317741435752393,0.99473540198854671,-12.602326572121491,-18.334952355734444,-1.9063700851133036,,0.1977572481297178,0.3043478260869565,0,1
-0.93011414770499257,-0.3294597269209395,-0.16230822707489759,0.34782623808526103,-0.93207329299961528,-0.10127331621068814,-0.11791768458747778,-0.15065080422631216,0.98152929393242994,-3.0497559247592458,8.1621360318028575,-2.7372596376438185,0.2782060178976032,0.1783303908565579,0.1926605504587156,1,5
-0.80380091521075736,-0.56702866797166285,-0.17995160017246664,0.58321258213550797,-0.81075618056702226,-0.050373601332529237,-0.11733359597823328,-0.14544038424954947,0.98238481354516094,-23.562774017906239,1.4029035594348822,-5.855054906582799,,0.07386033572189196,0.4545454545454545,0,1
-0.89405084499656884,0.43468057387339565,-0.10828612680309148,-0.44001801471552876,-0.89747712935683999,0.030314171722304661,-0.08400734067166131,0.074750257380827981,0.99365746901775653,-1.4193921090701171,-4.521535200475542,-1.1786337559856939,0.1487434935320709,0.121992694541574,0.5894428152492669,1,5
-0.98224924129446578,0.15033670530421672,-0.11218423692622766,-0.14537052297509462,-0.98804879288922198,-0.05125420880376181,-0.11854888876068961,-0.03403612651911548,0.99236470264977727,-4.5475480264039305,9.9661901020730532,-3.2077064957977584,,0.07965473461495368,0.3191489361702128,0,5
-0.47380052159945357,-0.82933966212323573,-0.29615669933567651,0.87574421922313439,-0.47911119153662612,-0.059367740748799996,-0.092655967046640683,-0.28748598396038516,0.95329254733108049,-13.265721244931491,-19.57386934693498,-1.9471719110091827,,0.2009545900886892,0.3636363636363636,0,1
0.98177836146439057,0.17159697177864247,-0.081643911204059477,-0.14733837596739044,0.95871223487207813,0.24323292062111498,0.12001104918959962,-0.22677153697716448,0.96652574621135989,0.49751109925655579,17.150032205690351,-2.6290347333793211,,0.3712559603351755,0.2058823529411765,0,4
0.35620800193803653,-0.86790351732060045,-0.34620708250676041,0.93437290108668647,0.32769336910317332,0.13987257615651999,-0.0079461355489166066,-0.3733102469372393,0.92767252759877317,-4.3241577490300411,-4.7612668031565883,-1.6853620301802381,,0.2999783772377023,0.2623574144486692,0,2
0.31318760699445669,-0.94087619749262863,-0.12909494109723268,0.94967794423639695,0.30955591815244954,0.047821917231801167,-0.0050324006216740484,-0.13757585009225345,0.99047845025289516,8.3802603761960697,5.2747821200431861,-0.3248034145341076,0.2331565254557421,0.2364188302348874,0.8015267175572519,1,5
-0.68761163747634091,-0.68140515702538473,-0.25075336086743771,0.71733181722355788,-0.69097525327818599,-0.089377085183478325,-0.1123623602718149,-0.24133008792182761,0.96391622491676587,-10.906014337218478,-6.0005554197661484,-2.7752234110225005,0.6874351790932817,0.3874730304407619,0.392638036809816,1,2
-0.94694018415690151,0.31226469303034399,-0.076125219970508765,-0.30813386666418885,-0.94936422357050043,-0.06132773613102923,-0.091421047048637363,-0.034616939365667808,0.99521045998596913,3.1269853274818078,11.440249934792774,-1.7897752516461434,0.3897008904673398,0.3214722330339387,0.3076923076923077,1,5
0.47674728280686729,-0.85869044236569281,-0.18804986712592561,0.87903902473850293,0.46533107084568109,0.10371782629997603,-0.0015560601046394494,-0.21475036366772707,0.97666773264070106,-10.550560217030927,-19.897535667184638,-1.5977341522855935,,0.3581014749944095,0.3846153846153846,0,2
-0.82177579456734473,-0.55490938206595708,-0.12946088659663391,0.55786020762907873,-0.82978807374265728,0.015612220165355866,-0.11608846715867277,-0.059391332445297158,0.99146161671701716,-7.4871546870159866,12.222305539543093,-3.8784309522530784,0.1716395025636327,0.1739669335077798,0.6307692307692307,1,5
0.93495656155334483,-0.30917536973642545,-0.17397361511646142,0.34188007824481603,0.91617793602731346,0.20913154146625179,0.094732465964232834,-0.25500702007018694,0.96228747243599633,-4.0618327986428513,11.322670734569741,-3.2107450126316648,,0.1546378871031445,0.4444444444444444,0,5
-0.89972933524237131,0.42998930089681808,-0.074808585193044258,-0.42528925151253383,-0.90226170072362688,-0.071083584287905593,-0.098062102018201106,-0.032140698834540946,0.99466114814352613,-1.3613723799529907,-15.584343565101424,-0.50001212028226283,,0.2028497692580578,0.3548387096774194,0,3
0.29664931575654768,-0.92466012005435605,-0.23875268761259152,0.95496520066459367,0.28889166290527091,0.067698394541226697,0.0063756553235264097,-0.24808319065364121,0.96871775122287518,0.51466707818652369,-16.359577396761487,-0.18297115669797914,,0.2221574539485024,0.1153846153846154,0,5
0.97927049835060931,0.18949600074139036,-0.071558065675142293,-0.16353210249270672,0.948087846198024,0.27273922956902769,0.11952632561266115,-0.25538344032965576,0.95942313704169391,-8.0941176532227157,-9.8713190703709728,-2.0355905790578306,,0.1343726651240231,0.3693693693693694,0,4
-0.91126887422321423,-0.37072389236285352,-0.17931211477000361,0.39576780348469331,-0.90874206639925581,-0.13249793387563302,-0.11382831193010298,-0.19170720484046952,0.97482894038666967,-9.9979036369361438,-9.8253547466424909,-2.3031036334506512,,0.2066687082067105,0.5555555555555556,0,2
0.8853718485762444,-0.4463138204336633,-0.13007945048543371,0.45790765572447417,0.88554249267299701,0.078326703616407339,0.080232590495390638,-0.1289126346034549,0.98840490896291877,-2.0561147768190788,-13.017810821816509,-0.82318400222081867,,0.07357561930042658,0.2857142857142857,0,2
-0.98896296421558116,-0.091539085206756896,-0.11650258061279342,0.091282559958905829,-0.99579643492246328,0.0075468167501653001,-0.11670368313501978,-0.0031711315365192789,0.99316171607019665,7.7016704099462991,-8.0623476158837697,0.32443534587669631,,0.5714444908759866,0.8604651162790697,0,1
-0.97884947295659752,0.18095297989407977,-0.095444896982732952,-0.17876029297810725,-0.98340051393961669,-0.031115700822570314,-0.099491039531070108,-0.013395829602949449,0.99494828247616773,1.6606238404910689,-10.823375958012695,-0.39707655953896032,,0.1731105245612573,0.196078431372549,1,4
-0.78774823423583051,-0.57255313267143348,-0.22723474586088163,0.60488786377374781,-0.78872909759073206,-0.10962245606143962,-0.11646197541499867,-0.22380643619395307,0.96765039523610941,9.6293651790649619,-8.0581313490632471,0.62285139556544,,0.5962371735834374,0.44,0,1
0.9410558467964848,-0.31232805598365854,-0.12986561768081539,0.3258015407525186,0.9401562713750633,0.099797502160243787,0.090924415056880967,-0.13622544123476943,0.98649651793960058,8.5838870436232941,13.410877551698658,-0.88080632842002582,,0.08746482282112092,0.391304347826087,0,4
-0.70550108753328888,-0.69568958414298099,-0.13521914806828575,0.69960860590192775,-0.71412561399882402,0.023925007393190548,-0.11320783558264891,-0.077721360936161804,0.99052681741431059,3.2589117467205577,-10.589637685012407,-0.17612777534619514,,0.07368838509467919,0.1875,0,2
0.52253341526158259,-0.83430656507571843,-0.17575945324966888,0.85250720241933664,0.5145789477720687,0.091869343814719812,0.013794917840389635,-0.19784100176997343,0.98013705075383739,21.106007727677166,-3.5426900465508417,1.9483718373357684,,0.1150467705347422,0.3076923076923077,0,4
0.92345824841233592,-0.33631489831744049,-0.18470829057990459,0.37496654712468624,0.89311347352831627,0.24849227742442373,0.081393807974631804,-0.29873167319840055,0.95085984006659641,-6.8125422693095059,-11.712475081396418,-1.6395851721548047,,0.1307072506482244,0.5,0,3
0.92106677757714295,0.37458398704977597,-0.10640877731442357,-0.37003699434590281,0.92705010857576209,0.060421180103654985,0.12127907510823012,-0.016276757526029938,0.99248498885642156,-1.7824542241006098,-16.748552403259382,-0.49734396288695976,,0.08256965170109135,0.15,0,1
-0.81578778852523748,-0.56253342870923284,-0.13433698551678774,0.56646709319621646,-0.82401657103360015,0.01056990954823848,-0.11664182962785086,-0.067474678559167653,0.99087933237826942,9.5561171170911532,-4.9533659484119577,0.45598015923603558,,0.1021950331650007,0.2888888888888889,1,4
-0.91977696091810968,-0.3554728128836302,-0.16628115186288314,0.37323334732648755,-0.92329016239133233,-0.090731165951147733,-0.12127328892923314,-0.14551410698619111,0.98189532744600605,4.9114492843248643,19.968553494765327,-2.0113754452488313,,0.2280067918864789,0.3333333333333333,0,1
-0.38404178681910767,-0.89305260525978414,-0.23445458028262303,0.91981286483422176,-0.39214269136664692,-0.012977029443834278,-0.080350480161916177,-0.22063806073847858,0.97204045517216731,5.4667304454201444,-4.7043429730919426,-0.12219197680923111,,0.1153405911168974,0.2413793103448276,0,3
-0.25044890363575695,-0.94076752159828492,-0.22854281212382527,0.96318073245132785,-0.2659653940511193,0.039310123400402228,-0.097766166449183386,-0.21028285587049533,0.97273989186461196,3.9008315085313323,-9.5784577312508805,-0.13789020835916979,1.126844152268517,0.7764447253052641,0.9273743016759777,1,2
-0.9844091053399272,-0.11695514707827874,-0.13137810660738761,0.13051503521940769,-0.9864081335029794,-0.099823943725165898,-0.11791750890143808,-0.11541441734491614,0.98629355334170776,0.020705554390714209,18.379505616672017,-2.8507940065072019,,0.1636685275432543,0.375,0,1
-0.55094406752645997,0.83094930152800051,0.077355625183479063,-0.8341392272111432,-0.54542719980385457,-0.081981213346248638,-0.025930369935581843,-0.10969242455271877,0.99362728822770829,9.5394386151983799,-12.276453763500941,0.8235998210485459,,0.2438820450628189,0.4285714285714285,0,1
-0.74483472824389929,-0.6559632062504257,-0.12220269901887415,0.65745667237602723,-0.7527519317747382,0.033395406235604629,-0.11389447550288714,-0.055468921524226979,0.99194316732102195,-2.9865485359463584,-8.3953739513823535,-1.2499807333519397,,0.06986584452923281,0.2333333333333333,0,1
0.54340376672956425,0.83220506590598253,0.11021376767237367,-0.83364584683696596,0.51952133338867579,0.18743581889684274,0.098726634479247635,-0.1937325796929133,0.97607414636897816,-5.2683967730410837,-0.11763053737512962,-2.2874459665445377,,0.7073760137087468,0.2357036300348085,0,1
-0.4210768806611398,-0.88955877932237137,-0.17714242491051027,0.90276131000605342,-0.42994136053071591,0.013131780578059042,-0.087842345875082467,-0.15438783836652564,0.98409761590793043,0.35172186542482758,12.666939649959202,-2.3811680164113427,,0.1412165919448893,0.4285714285714285,0,1
0.51760886079797441,0.85197845105874292,0.078827572301625223,-0.84534807330799633,0.49499042036668478,0.20092565465781378,0.13216543488326141,-0.1706376355812439,0.97642976969434947,5.7368987011820316,-14.263209822693357,0.41868050204048779,,0.2842486174495243,0.2666666666666667,0,3
-0.16350172172709546,-0.92501346956478692,-0.34295374048986438,0.98562331356695421,-0.16816882128470725,-0.016307400191599288,-0.042589561462549198,-0.34068949011002081,0.93921073278737632,11.184635042540565,8.1026794970600307,-0.035382327259060063,,0.5114129064416302,0.4444444444444444,0,2
0.99198779325826703,0.082640340119921413,-0.095555178883497474,-0.05164004094862306,0.95554056296110734,0.29030249517838269,0.11529754636338987,-0.28304205821897571,0.95215212496835167,-13.251992602061637,-15.959764484804461,-2.2420592034771496,,0.4758966249282882,0.1666666666666667,0,1
0.20927490836598153,-0.90022878370923254,-0.38182738208489564,0.97753086183579718,0.18251554895651417,0.10545846835444345,-0.025247314450705872,-0.39531786118324735,0.91819734357191918,26.6108106832374,3.8263212325089762,2.3022662414655244,,0.1381244432324927,0.125,0,2
