axis_00,axis_01,axis_02,axis_10,axis_11,axis_12,axis_20,axis_21,axis_22,location_x,location_y,location_z,dbh,dbh_approximation,score,reconstructed,number_clusters
-0.45708021893423056,-0.8790696270659768,-0.13533020442281085,0.88887120266700614,-0.45684756947354527,-0.034616229364616932,-0.031395199128935021,-0.13611351525913226,0.99019566371271073,-29.089320595954977,-1.3690597689989938,-0.82359936682176327,,0.3824101451974299,0.375,0,2
-0.99676820384584364,0.066770975428352863,0.04466301201527989,-0.071054690209444063,-0.99219892896134665,-0.10243298476173186,0.037475042377169997,-0.10527545871808663,0.99373673525261519,-14.040663987394597,15.738397043021958,-1.6343161461802118,0.3738368817449048,0.436330625196329,0.7638888888888888,1,5
0.18736775128403993,0.97631108545808387,0.10821270808190814,-0.98153587535814346,0.18176894632068027,0.059559848374491936,0.038479230289663303,-0.11737425000879791,0.99234199461233485,-7.0069004723041672,-9.0395998747682587,-1.3367082787958326,,0.1235117287733656,0.6490066225165563,1,5
-0.43775069535082889,-0.89839643920018031,-0.035470646347392693,0.89822398059676167,-0.43872299657355152,0.026754681056426071,-0.039598098448958535,-0.020148704920154904,0.99901252258881446,3.3760639464580589,10.289937493312232,-1.0842942951538463,0.6590509282208545,0.2850300835673646,0.4324324324324325,1,5
0.90343766923344859,-0.42866603291854294,0.0067683108612931614,0.42004411265449726,0.88820572875846571,0.18615457777057598,-0.085809796843557815,-0.16533606872828405,0.98249715681173644,-14.429832216298321,-2.441572296803264,-1.721881348979112,,0.2590010642469266,0.3548387096774194,0,3
-0.90215884224154352,-0.42575314599994679,-0.069596566269793922,0.4314015093014259,-0.88978674459880935,-0.1489036161706804,0.001470080898980508,-0.16435877770110605,0.98639952912334128,-10.770058468010163,13.304335689807239,-1.5398168449365317,0.8741958242232115,0.7374763269599792,0.3111111111111111,1,3
0.62654171429777172,-0.779383290294274,-0.0026771355736838727,0.77769549649666503,0.62495129025657481,0.068011760273113134,-0.051334150169398823,-0.044694201153090363,0.99768092765656879,7.6630503233750664,4.6150735583608888,-0.88731308887522164,,0.07106770120644387,0.1351351351351351,0,5
0.39301667364026094,-0.9194641500313725,-0.011116251518840442,0.91828148636078166,0.39182369572804199,0.056862142705428234,-0.047927090958854668,-0.032555618149626334,0.99832015189473045,8.273241648332311,10.869459451724948,-1.0297844108776071,,0.09033354212210601,0.4545454545454545,0,4
0.25245632944041174,0.96244753968522112,0.099802480326587242,-0.96717864932227648,0.24792500849154547,0.055665523078506148,0.028831614949752706,-0.11057994175406194,0.99344894909655879,-5.1081279405030928,-2.6972232701087604,-1.4014722617610216,,0.07868334005225994,0.2325581395348837,0,1
-0.78475125424613601,0.61575864649947987,0.070758449815166047,-0.61849153298413717,-0.78540592424224165,-0.024612147247293676,0.040418963198589307,-0.063077915519767491,0.99718979336314528,-13.045398890014191,-5.7062725352174146,-1.4569912161305638,,0.1191300087939352,0.2783505154639175,0,1
-0.76937337328730682,-0.63072492261945712,-0.10124566392289709,0.63878224426270624,-0.76078809873481035,-0.11471143464437614,-0.0046751354214034134,-0.15292985584950616,0.98822598746371715,-0.22079976243533875,12.534637010324422,-1.1425454649597349,0.6295588645326698,0.2785229504710537,0.1724137931034483,1,5
0.049952295719413439,0.99219801356589465,0.1142272735744537,-0.99806854347788576,0.045361420179586415,0.042444364516657937,0.036931702807915377,-0.11612684200986366,0.99254753331642731,-13.837134685557201,3.9294810180496831,-1.7102468021570241,,0.09466371684408656,0.3770491803278688,0,5
-0.49189937273356227,0.86637042017574462,0.086239794461897334,-0.87007356809770142,-0.49276531729495537,-0.012422888912616399,0.031733156194448518,-0.081145776943130202,0.99619695325885893,-6.6501141157468533,22.18530127102526,-1.3025628305787926,0.4345025864818897,0.3815545155997794,0.7608695652173914,1,5
0.02633951454488483,0.9867387277870775,0.16016526795369779,-0.99865922483136571,0.018830772787702999,0.048219857480439075,0.044564365055004974,-0.1612206099770061,0.98591172641666369,-17.639958378997214,3.5580768332657371,-1.6090495161621119,,0.3772205276484644,0.4305555555555556,0,5
0.99120525796779346,-0.13223835307525875,-0.0050154314811470119,0.12940832904091865,0.96067466081238684,0.24567800155455871,-0.027669856375417037,-0.24416636551529289,0.96933851930025716,-36.608787191396125,7.834338766419684,-0.67067477536532227,,0.2984772565863504,0.125,0,1
0.98950192157871275,0.13792491542602781,0.04315860165434085,-0.14341399190923507,0.97399401728889834,0.17540832708309784,-0.017843041127925435,-0.17975642405810227,0.98354931441852522,-19.200096966956977,-6.7660091633174702,-1.1398797702325298,,0.1579796986427783,0.1724137931034483,0,1
-0.0072364956495990698,-0.986548193521668,-0.16331042523319264,0.99933698863325016,-0.012962365293284546,0.034022936901890073,-0.035682156326935624,-0.16295594173007727,0.98598790295557037,-40.977646459974935,4.3651660841692737,-0.28666082203591864,,0.2631195423727439,0.4166666666666667,0,1
0.9683133287570368,-0.24856084747804938,0.02422400570632675,0.24661397899714912,0.96698525589879336,0.06419548455723699,-0.039380740402637046,-0.056187364908302222,0.99764329161780119,6.0489184345908598,9.1077457771340793,-1.0025716880742495,0.1667268244957068,0.110347384170218,0.3478260869565217,1,5
0.627419838854538,-0.77817728184163648,-0.028008281584360549,0.77791776745116503,0.6248068261994052,0.06678605407135936,-0.034471624498155398,-0.063691035163432053,0.99737413198070746,-1.6717062100677302,6.4772936795700389,-1.1634992303856966,,0.07114244645484419,0.3186813186813187,0,5
0.38769257613007685,-0.92085646106306263,-0.041446888086293335,0.92084820228598829,0.38487464920216091,0.062530734428583118,-0.041629974300845883,-0.062408993902534793,0.9971820609697033,-27.812079766041226,9.3925556135470796,-1.167179778355653,0.992876772249663,0.8799534326387285,0.9700598802395209,1,5
-0.97050861931113097,0.23689505953300205,0.044651434597983798,-0.23828224788373339,-0.9707698801159369,-0.028764738885737592,0.036532043280901268,-0.038556071228083487,0.99858842331822451,-23.013107501504052,5.9279353735282969,-1.3057328692920285,0.3210818930220578,0.294329951935391,0.4805194805194805,1,5
0.31676928943262578,-0.93182019903943725,-0.17711107795519349,0.94605770981008341,0.29699730087210596,0.12948904580535542,-0.068058996328531532,-0.208575453821357,0.97563530741869198,-3.3987607412670937,8.1857919736769666,-1.2380865158047707,,0.2610811345833366,0.1842105263157895,0,3
-0.97167845616382531,-0.23603040666247196,0.011429127605944243,0.23590592903156854,-0.97171077268869588,-0.011250195042305065,0.013761194527997178,-0.008235373184348296,0.99987139580731932,-7.0630614386634756,-10.650022337507934,-1.2698712041788951,,0.07204137409435256,0.1818181818181818,0,3
0.67384971388932313,-0.73882090957665736,-0.0083801350585179374,0.73785503205716962,0.67228838225791543,0.059985687867598836,-0.038684813030326948,-0.046604663429281865,0.9981640599558036,3.8682466845751349,2.4415244826110394,-0.89851639622719859,0.1248668599707054,0.1098997153333646,0.4931506849315068,1,5
0.29855553684364067,-0.93523338667466593,-0.19027113251631383,0.95347033813697357,0.28351886515072544,0.10252495987129406,-0.041939309877145947,-0.21202727549228154,0.97636342042005519,2.8634324862917024,11.006737174854786,-1.1033066361461643,,0.5806712784114971,0.7173913043478261,0,4
-0.93297858130166422,-0.35940200681615814,-0.019523430253228877,0.35921972340752734,-0.92635128232921982,-0.11328941716696304,0.022630889230295794,-0.11270980092045663,0.99337019465510323,-6.5709908087087516,-12.840273519277854,-1.174456281607446,0.805851741471355,0.4390470167054419,0.4096385542168675,1,5
0.89328902170413715,0.44258941089492088,0.078417708883602555,-0.44899580064222727,0.88675504972540364,0.10985559973047786,-0.020916374172210758,-0.13334202319668201,0.99084933776094553,4.9685368721721357,5.0495678959763417,-0.94264392525828689,0.5540320346075046,0.2760460639358979,0.5471698113207547,1,8
0.020343009138292473,-0.98862393589170661,-0.14902642504331856,0.99921617761050652,0.015041304884447113,0.036616793262433694,-0.033958686379924344,-0.149654510554696,0.9881550157186807,3.1012127381385954,-14.263432706158959,-0.83066588849889822,0.5832878304304858,0.4527107542295521,0.9352941176470588,1,5
-0.014669106053276372,0.96503317040859027,0.26171701767126709,-0.99929456467551692,-0.023199136115627978,0.029532576817092954,0.034571524952866368,-0.26109917674062699,0.96469271250891098,-9.0808524385440634,-14.544480815611488,-1.1665108114502343,,0.1127456797727697,0.1904761904761905,0,3
0.89105520073099653,0.45117597407174548,0.049607153422194919,-0.45383076276826484,0.88743023998634762,0.080654869183122133,-0.0076333488991736798,-0.094381192926256297,0.99550686708148761,-33.909793472219633,5.6137304471182494,-0.74542408888082234,,0.1335963062775893,0.1666666666666667,0,2
-0.98309042067451269,-0.17809992128805607,0.042586885483643304,0.17529009552800853,-0.98252980694795422,-0.062518484215443856,0.052977421490577839,-0.053996263722625427,0.99713479345382661,-21.516856953499012,21.742196088129091,-1.6128879650582624,0.228666650062651,0.1964449440839011,0.2142857142857143,1,4
-0.94208578445617674,0.33200219498500427,0.047422750349676954,-0.33272378706577443,-0.94299037646386252,-0.0080019633309737874,0.042062527815120876,-0.023317212991269331,0.99884285617514457,0.92057134930410733,15.486386278849226,-1.1910892578253542,0.4285731468658769,0.4211218448416412,0.7952755905511811,1,5
-0.94228433056858796,-0.33467992436763072,-0.0094651249428941587,0.33380576359621489,-0.93688008933250488,-0.10406445311567733,0.025960596196071741,-0.10121781679918865,0.99452551551357882,-7.8737563903251635,13.104302826068006,-1.3495154803656475,,0.426921507754429,0.2857142857142857,0,5
-0.31878212953537816,0.94576068459150953,0.062567414601283913,-0.94689242201339241,-0.32070512731353823,0.023301554635248006,0.042103384929262293,-0.051816491542816472,0.99776868871582258,5.3454380664219823,-18.97849090061224,-0.76955152540186822,0.6199526916274176,0.6146914591457905,0.9107142857142857,1,5
-0.89792344558797066,0.42792847895302966,0.10300826551482484,-0.43827690742917036,-0.89084650006228661,-0.11960713081207246,0.040581255251022255,-0.15254419106514761,0.9874631291823156,-6.8370374354252439,3.9904568516948267,-1.6579082449989215,,0.1124885159382044,0.3724489795918368,0,5
0.30382972125700503,0.92496129461557808,0.22832893803450571,-0.95254433445674291,0.2902344845271666,0.091778183059002968,0.018622335386640782,-0.24537837609358421,0.96924850331090229,-0.91666749360182032,-12.298246344315626,-1.0575038291778998,,0.3901636066495637,0.1428571428571428,0,5
0.99708927680446757,-0.060458140430687451,0.046451989593624184,0.045726089379916769,0.96172066785728616,0.2701897143974103,-0.061009006151245951,-0.26727919910048648,0.96168587953480866,4.8362491580697231,8.308362855438423,-0.99789885639613185,,0.4504876816133984,0.5151515151515151,0,3
-0.50159044550155718,-0.86509579997028174,0.0040350781067973055,0.86490139451986647,-0.50136557650571778,0.024044468234498975,-0.018777719220923885,0.015550420215155951,0.99970274666622394,-1.8133068292555758,-8.2837203255605409,-1.0907618120560991,0.2469759481494685,0.1806345839604955,0.7434782608695653,1,5
-0.62471980299793106,0.7732593728921886,0.10860529442253843,-0.77977945280329086,-0.6250775770499315,-0.034957512142425894,0.040855510375311425,-0.10652682715526135,0.99347011146194353,-7.2791078219851526,10.004686124711268,-1.4506259943974098,0.1492663272658583,0.1040646899205182,0.4414414414414414,1,5
-0.97795222966861406,0.20607006698695557,0.03383140520549606,-0.20569219424596097,-0.97851179474400751,0.014331391179630512,0.036057699766744424,0.0070565599872300412,0.9993247956738982,-21.699907546118027,10.212808283409309,-1.4459164588009517,,0.1120611114819482,0.5263157894736842,1,2
-0.76191674199943504,-0.63216329071492627,-0.14089873006326625,0.64765134284968706,-0.74550037727855389,-0.15740687908261863,-0.0055332057581994254,-0.21118418821021787,0.97743062274722492,-4.7231767516674239,-13.633989497984528,-1.1015602775893878,,0.3587275946210484,0.1818181818181818,0,1
-0.054240604293447355,0.97490761479292687,0.21590067036637031,-0.99809887412948928,-0.059272330636153989,0.016894622884347954,0.029267632417528444,-0.2145738414619193,0.97626915973667194,-14.623801079426995,18.820718383889968,-1.6126812498856409,,0.4668655939013976,0.375,0,2
-0.72841896918908899,-0.67510482900903879,-0.11678730741900567,0.68448907229636791,-0.72446751899289863,-0.081372746243023361,-0.029673476917315839,-0.13921308764965434,0.98981776150697909,-19.270222778468707,8.1299878445150462,-1.506399412838429,,0.5012808328956518,0.6612903225806451,0,8
-0.77401563853563093,-0.63052506123637497,-0.05777489467878507,0.63282475324392617,-0.77336812184508452,-0.037875847126761168,-0.020799590958548917,-0.065877881467693966,0.99761088694404565,-9.2962976587526356,14.86919148577916,-1.4302178575068294,,0.1323279356483191,0.3666666666666666,0,5
-0.66433213043535333,-0.72241858652263358,-0.19176601971638607,0.74735469723452819,-0.64584279006005518,-0.15603860755893328,-0.011125510896657776,-0.24697869619480239,0.96895704065412736,-5.9412042060519612,-6.4772113111152407,-1.3669578852718363,,0.08447118166197021,0.3253012048192771,0,4
0.77964293420290987,0.60913931909905883,0.14527967880957474,-0.62621581830945849,0.75957063678346592,0.17580158314240624,-0.0032625214931842205,-0.22803889506813538,0.97364655717031712,-25.668271189420786,7.8066334978033813,-1.2139412146965853,,0.1195185447624405,0.1818181818181818,0,5
-0.31213440621792699,-0.93786434302705923,-0.15160008751120277,0.94964925376979648,-0.31257291228365336,-0.021551550315089724,-0.027173650278357178,-0.15069389033712594,0.98820693386841374,-2.6232079817689158,1.8082421231669537,-1.3578775880674976,,0.3205506443196415,0.5314384151593454,0,5
-0.77812431638623558,0.62685628127779813,0.039670528998533724,-0.62679878051563664,-0.77902862285536623,0.015417312223033785,0.040568916581101289,-0.012868853664629819,0.9990938672681331,-29.649110414710481,5.8731307208110479,-0.97758616934679399,,0.2088587785065719,0.5208333333333334,0,2
-0.10301067126302441,-0.98661360839584156,-0.1264214749719256,0.99440382390374227,-0.10514308108973391,0.010294051902535828,-0.023448595087031912,-0.12465360093913744,0.99192320426601066,-5.7487003659400306,15.363431125671552,-1.2456958278724386,,0.4147454630164084,0.5806451612903226,0,2
-0.83490202380347667,-0.54940320603881332,-0.033086671684097638,0.55039650438328513,-0.83322336702633704,-0.052938724993651549,0.0015161172508004147,-0.06240943707138015,0.99804947951136891,-0.075496672616690727,6.5522235884909916,-1.0596419290768067,,0.1150002977405072,0.3229166666666667,0,3
0.5161693251321422,0.79928571881782684,0.30775244513488215,-0.85628180856952241,0.47372517281192339,0.20582984467083712,0.018726775097077708,-0.36976587232758928,0.92893622362155748,7.7156263353183725,-4.7632605696701624,-0.69833993847168974,,0.2896516066076505,0.1587301587301587,0,1
-0.01938287716561728,-0.95550651762359384,-0.29433246312904943,0.99918543363588752,-0.028934011098520708,0.028129916665567464,-0.035394537468989136,-0.29354747108531076,0.95528901853667969,-36.117989489073913,-2.4596658855639477,-0.31866503840579691,,0.7076038808588365,0.2647058823529412,0,1
0.81419970983525602,-0.5763283408712081,-0.070174610884742014,0.57998035726117803,0.80187439922236625,0.14359746885988098,-0.026488067037454384,-0.15761691337038913,0.98714502020939654,2.1503229499793615,-20.93402907738054,-0.80026891051422688,,0.2076618730539593,0.3,0,5
-0.97357655052675718,-0.22767580610622515,0.01767562101601718,0.22740277281220861,-0.97366614970427912,-0.016192832901135993,0.020896870142207022,-0.011745477168924118,0.99971264100457125,11.048314100308824,3.44130537232496,-0.80426139454873213,0.1375535837379366,0.1317395324901564,0.5454545454545454,1,5
-0.35884343708664707,-0.91920539130732382,-0.16215065911488477,0.93302958784248879,-0.35812667532182851,-0.034656494822895144,-0.026214039565037255,-0.16372761836197205,0.98615723447896464,-14.643748896346832,3.9253718117196814,-1.7090011334496225,,0.1323267318039406,0.2291666666666667,0,3
0.9664603126906538,-0.25365074309394725,-0.040196573507841366,0.25375486527185309,0.91907646443301827,0.30150774596379121,-0.039533939150387942,-0.30159534653769243,0.9526160373424658,-16.924488108756876,8.8343537453119723,-1.6024887366604088,,0.2663938673056502,0.2307692307692308,0,4
0.19754125575552645,0.96973560554728344,0.14349323192531549,-0.97981808960265149,0.19075516842258933,0.059740915689994963,0.030560817429171265,-0.15239855988135942,0.98784650395906537,-18.138147373441832,-10.1784558981979,-0.97410136952051041,,0.1542982495908655,0.3157894736842105,0,1
-0.7563032400222045,-0.63853446488660914,-0.14240486748663869,0.6521844539524837,-0.75303335965600504,-0.087156165977455624,-0.051583399990848607,-0.15879073145861203,0.98596382106455738,6.1090882016679648,2.1427094869645016,-0.82839620377283751,0.7443528007268458,0.4674443176261633,0.2,1,5
0.66864627522969,0.73777115010534633,0.092767929230395077,-0.74349720519493623,0.66147899649643738,0.0982722904046954,0.011138423980984474,-0.13468209705191034,0.99082625532679514,-2.5892853186302403,-22.45600310352658,-0.90617263671224613,,0.1157106729732303,0.3333333333333333,0,1
0.098374612986987034,-0.96581386979731254,-0.23984579301459541,0.99460735637517406,0.087468503648103699,0.055726721722608598,-0.032842688136751133,-0.24403448481044912,0.96921025998451471,-0.40527085641315203,-14.925270877110433,-1.0407784851375146,,0.3687791732513487,0.2558139534883721,0,4
-0.14497899742076895,-0.98601726668847556,-0.082164713223237637,0.98891127916795729,-0.14710266566634711,0.020378608594547577,-0.03218030828415927,-0.078299141413192525,0.99641039346882254,7.327310037636158,3.8134382814095655,-0.86711850590034023,,0.077947534747345,0.391304347826087,0,5
-0.76129748027782029,0.64564395898545823,0.059749684084736542,-0.64720914547212849,-0.76225162383094835,-0.0096324443585151399,0.039325164206637737,-0.046003697597765861,0.99816691553439818,0.88566163264604225,-18.126939682729368,-0.91152994518595565,0.2806283374841537,0.1696617139731512,0.3939393939393939,1,5
0.38530636658805767,-0.91709894931905078,-0.10231579069040901,0.92183145093098373,0.37748438488429487,0.087933584272472887,-0.042021184433423751,-0.12819928364238178,0.99085779188155643,-9.380939669079547,-5.5576902689582051,-1.4504451488461036,,0.6836742066180259,0.2057142857142857,0,1
-0.14119017747974461,-0.97538979033295048,-0.16935197281839356,0.98960036952993702,-0.14380779989814582,0.0032288255863951272,-0.027503498131159345,-0.16713489642411189,0.98555034573980616,10.492552786841832,-5.7810179128232404,-0.66379877716403346,,0.1635427029349718,0.2666666666666667,0,6
-0.25601795831435536,0.96096136538096444,0.10491929882390576,-0.96667019052520575,-0.2547165198198818,-0.025850285894142577,0.0018835526300439486,-0.10804049600033677,0.99414470951340372,-7.5739340042337533,-18.961817380493173,-0.97739641541020805,,0.138144301861976,0.4210526315789473,0,2
0.89645903452680575,-0.44275980265805831,-0.018026551679780418,0.43846333180182973,0.88040457382494319,0.18065905195521745,-0.064117907642913613,-0.16985742120471675,0.98338057250546584,0.61615852086099165,11.450816358651259,-1.1285209251801465,,0.128000735469658,0.2105263157894737,0,5
0.87979943402700289,0.4740463076076607,0.035114870486877753,-0.47528918105398849,0.87615937227262475,0.08028043816441674,0.0072904224017495394,-0.087320402097018565,0.99615360116742069,-21.482371531108623,9.2323213245739755,-1.4464573696224217,,0.1559351156618152,0.4411764705882353,1,2
-0.036129844564343871,-0.99842863420080941,-0.042835694691010846,0.99865365393712613,-0.037668126448602061,0.03566499303066685,-0.037222490644524812,-0.041489452367526762,0.99844534729371137,-0.84787032930446493,-5.2576405889124702,-1.1446336786957945,,0.0804931709218806,0.3478260869565217,0,5
0.80385228213579762,0.58694227956866907,0.096541540073709201,-0.59482780827661741,0.79287129975480686,0.13241971350957557,0.0011777121485677521,-0.16387148159413453,0.98648099348859086,-8.1738504982752485,-1.8726956384005506,-1.5808763818600475,,0.0783527004052145,0.3063380281690141,0,2
-0.3417828772650997,-0.93950438707511119,-0.02271500550320809,0.93946945161015671,-0.34219076750101041,0.017396210172967622,-0.024116680942916191,-0.015394326996995318,0.99959061640083857,4.911472165326674,1.9695486500755022,-0.86698700580081012,,0.2179240165772555,0.4029850746268657,0,4
0.9979218655590969,0.056238706770716781,0.031450883927301818,-0.060386891777721718,0.98653765323513964,0.15197658388952084,-0.022480514684433121,-0.15355997724036086,0.98788357606018651,-21.109987264671268,1.0414069697111128,-1.3717672282049707,0.3869893573476755,0.255506888272427,0.3503184713375796,1,5
0.79494008581597653,-0.5961295683583907,-0.11269337909445112,0.60496121503259614,0.76487784058907771,0.22132288015944709,-0.045740444566836957,-0.24411355289009826,0.96866732422756985,6.298811800535419,17.488145507671629,-1.0939556787136926,,0.514788371637465,0.2105263157894737,0,2
-0.27261968643904555,-0.9516669585937283,-0.14145142801271934,0.96148401470619638,-0.27483113128495318,-0.004042120864849349,-0.035028503112888382,-0.137105248614318,0.9899369448465265,3.6691981384678578,-4.1875349799954575,-0.90326076720024251,0.6830266067107252,0.7322450664137453,0.6822660098522167,1,2
-0.80069929668503725,0.57940566152322437,0.15221601651245809,-0.59772658547176716,-0.78967353157580933,-0.13834248280572087,0.040044541554980516,-0.20175428848830829,0.97861720900882776,-25.459690175613101,12.095846463920154,-1.315928886285878,,0.2775799868550346,0.25,0,1
-0.89757870659677241,-0.43304371070064662,-0.08261725053933687,0.44047541574638654,-0.88868616593952721,-0.12735111538872007,-0.018272208052471036,-0.15069851721340155,0.98841088790167075,-5.7172212453025768,13.571164276693438,-1.2424984445538128,,0.1390727993444179,0.1851851851851852,0,3
-0.96293220237182486,0.26058921654260875,0.069676637813950518,-0.26892347334252081,-0.94755144871454799,-0.17270326437087369,0.021017590745410649,-0.18503921816920532,0.98250636059955754,-31.92164932145792,-4.156007651402895,-0.53348200454141526,,0.3639428267098743,0.4545454545454545,0,3
-0.84797706178714283,-0.5281405962782354,-0.044748332323266186,0.53001971038806084,-0.84433235414162278,-0.078625583303532906,0.00374289767423691,-0.090390189249356281,0.99589939472040301,-14.471169346839957,9.7257276119546443,-1.6345063340877903,0.2760989230988437,0.2852558377896804,0.5352112676056338,1,5
0.16323884412059081,0.94826348853707465,0.27230394062089991,-0.98535366481000386,0.1429076873629872,0.093035198382424592,0.049307555360895754,-0.28350264407948628,0.95770298933660636,-12.119771358192249,-2.1140204055591045,-1.7271310886461155,0.5885023339855902,0.3886551599663699,0.5998336106489185,1,4
0.83517224443812432,-0.54997344117691871,0.0040664628617246333,0.54865614548094455,0.83364062633251745,0.063401420756339533,-0.038259066195875796,-0.050720017034182677,0.99797982130195073,-4.6802628346415025,2.8250808499282609,-1.5977929800191519,,0.06592363130424246,0.2945736434108527,0,5
-0.88023145137235337,-0.46528727027715783,-0.093275656700718468,0.47448728051008565,-0.86601112505179245,-0.1577547207555795,-0.0073764930056351204,-0.1831187794972404,0.98306312103871429,-6.1483412881240787,5.1813069982856623,-1.5718158243023601,0.3948768240310632,0.1658881670048911,0.2261904761904762,1,5
0.99248846133634039,0.12011995284678706,0.023191615776180039,-0.1215630142601334,0.98962432162986658,0.076590701802618164,-0.013750915540969855,-0.07883463050406625,0.99679286381628629,9.5869783116528744,3.9764738284821215,-0.83177450507437845,0.3615376617966338,0.3166945698201359,0.8102189781021898,1,4
-0.21242476207295219,0.9639916081987141,0.15998718630160971,-0.97631815039925274,-0.21623860232988637,0.0066133246856958016,0.040970595055855402,-0.15479355989469826,0.98709693756788375,-11.85858567992106,9.3289160503152591,-1.6881401872092625,0.2214183893349607,0.2458574389767928,0.3050847457627119,1,5
0.99491406831352036,-0.098787028179186595,0.019675358582918499,0.097283424600891913,0.99302829600142206,0.06656379375033418,-0.026113827175740303,-0.064311168579330127,0.99758816233263237,6.4379613917722427,5.2621472801315452,-0.92217479466696717,0.1188255948390895,0.1026441472877383,0.5681818181818182,1,5
-0.2391340097732145,0.96855999685354544,0.068603628656540863,-0.97013172380025248,-0.24129047870915385,0.024966845228384594,0.040735289935568887,-0.060584134716671539,0.99733153904531557,-12.586388318600303,7.2716478352289524,-1.6795106268728364,0.2007782304079433,0.2202408365484509,0.6395348837209303,1,5
0.27684930451580986,-0.95730624362328609,-0.083181840019228168,0.95967064091831744,0.2710522675388547,0.074585046902646043,-0.048854104725572674,-0.10047598808629431,0.99373932812863175,10.945855308435835,-3.4121387520746906,-0.62190073590319039,,0.1513002576068367,0.3125,0,6
-0.9875354950903884,0.15326157300528565,0.035840426567312261,-0.15423759610915599,-0.98768491291373095,-0.026254080617388993,0.031375306899698162,-0.031454777737905205,0.9990126060638117,-5.8284715866764163,-13.407096532855766,-1.1223627978604269,,0.08593311216920681,0.2105263157894737,0,3
0.88219241912414625,-0.47048835215863188,-0.019422824793034955,0.46940672868042405,0.8753965904123342,0.11549083324663363,-0.037334417223637055,-0.11100234221634274,0.99311863405791367,4.9387348439502627,-11.73124391921853,-0.84841058191327334,,0.5300457315124446,0.6818181818181818,0,1
-0.69392397196407318,-0.71728601329762909,-0.063010286947433061,0.71986071490243775,-0.69307909394853684,-0.03797263055973879,-0.016433875798345491,-0.071708748832125219,0.99729022007998036,2.1923643343367987,5.9737059324254203,-0.97040903184003524,0.5057408072724615,0.3000221426989476,0.5721925133689839,1,5
0.96195072962703165,0.27044543010047517,0.038859530462815775,-0.27293450965194593,0.95770023163566176,0.091197696056707439,-0.012551781191263075,-0.098333797154227437,0.99507432743798496,9.5997825768167768,12.175334622137591,-1.0018060247388314,,0.0871801628706956,0.1578947368421053,0,4
-0.62384011767995329,0.76967357199455078,0.13574277198514709,-0.781489932122994,-0.61649853735985105,-0.095932473248443326,0.0098485310306139096,-0.1659281350654975,0.98608866763097225,-2.0073789985466277,11.587106709931646,-1.1133207603173523,0.6937948256638063,0.2564255026815181,0.3142857142857143,1,5
-0.389821341538438,0.91760481172360731,0.077722140879268209,-0.91964641986147699,-0.3922912941655789,0.018920966092251745,0.047851688759556955,-0.064101092218303457,0.99679549851475557,4.669898668342916,-5.8611220795571439,-0.85817533846630722,,0.069259160222228,0.1219512195121951,0,4
-0.7027214985532142,0.6786218546214442,0.21367001170327074,-0.70785351755463599,-0.69710134204207685,-0.11398735284523241,0.071595343121275759,-0.23134843278761613,0.97023296660650549,-29.984043423515249,11.853971871554268,-1.1138884298963538,,0.3045983717612942,0.3571428571428572,0,2
0.95409797787807993,0.28631131420017331,0.087879917898959159,-0.2992765004648702,0.92263310635960805,0.24327294818520231,-0.011429124133488058,-0.25840662222588107,0.96596862925839966,-15.929102725183638,-7.0444176943783621,-1.2537961704022533,0.2379057382947736,0.2823914403054172,0.463768115942029,1,1
-0.72609244376064874,-0.68271788490844842,-0.081768286883264082,0.68759308149180254,-0.72052962308378121,-0.089737486834387592,0.0023489142803680518,-0.12138101945888873,0.99260320910060762,-14.171718074184502,14.535205071600325,-1.6554581015333807,0.3230138921422226,0.284078260478623,0.4421052631578947,1,5
0.99970811298736773,-0.0076040540870676568,0.022931794275137002,0.005870440397084984,0.99718575809616494,0.074740228657138308,-0.023435587399946466,-0.074583793223581718,0.99693933167048909,-31.124119207235545,6.8137891626391145,-0.91220221794372092,,0.08887819982208522,0.3809523809523809,0,1
0.9932138263436483,0.11207737944459722,0.03106374376407086,-0.11454455315294408,0.98892767178399288,0.094348319131197469,-0.020145483434269966,-0.097266237702101382,0.99505449021673009,-26.204705966259432,8.8578208241682095,-1.2150898490202546,0.241116535825504,0.1449199848296964,0.7931034482758621,1,5
-0.91616479953580998,0.38271884348433538,0.11903086546573249,-0.39921710436074881,-0.89775415653466517,-0.18618049847003476,0.035605669173991071,-0.21809117649906021,0.97527866533413299,-30.418033873126696,5.5496838247146645,-0.92455295359947498,,0.3569319726105228,0.2222222222222222,0,1
0.95704019058840517,-0.28674052624966712,-0.043057452369756936,0.28666156755335237,0.91335951499334211,0.28913585398387093,-0.043580033115691932,-0.28905754959383329,0.95631925304076382,-15.427320272053796,27.863892545142477,-1.3656726544120907,,0.4489825698209653,0.3529411764705883,0,3
-0.94772666791365834,0.3118314855924515,0.067640871656704057,-0.31906568553175169,-0.92390799304894744,-0.21116606899882975,-0.0033542870221962796,-0.22170959603379808,0.97510697043201489,-0.68324582151344393,-7.7551923907908966,-1.0382367997328545,,0.2839124536582009,0.1811594202898551,0,4
-0.0094946028248163606,-0.99993577522628607,0.0061885329282762311,0.99931997914924708,-0.0092678806252340876,0.035688732982050102,-0.035629086296825603,0.0065231749418349274,0.9993437928952833,-34.419089201662409,4.4704255655755727,-0.6867769529918315,,0.08820406502245504,0.2307692307692308,0,1
-0.45054806572899253,-0.89167944317265491,-0.043751698151815316,0.89244254215150054,-0.45114123080343155,0.0042307005722210696,-0.023510623684418485,-0.037139742762558436,0.99903347795832165,9.2606592868965869,9.0165217067382315,-1.0009571284572671,,0.08300943674750737,0.2727272727272727,0,4
-0.67576351955879821,-0.7367146459620495,-0.024396640312084543,0.73699379699515022,-0.67467029242808985,-0.040744812009222794,0.013557611300547844,-0.045514030144642129,0.99887169558247846,-3.649041923345349,16.054396637275143,-1.2152900827801887,0.3609686369961633,0.143465030053632,0.1666666666666667,1,6
0.96551186120084553,0.2468693468291398,0.082718628353184248,-0.25979073021167665,0.93446935149792998,0.24346623504527501,-0.01719367257342156,-0.25655907060010813,0.96637561067953592,9.3268560602959614,5.3844145022161429,-0.89447805264905322,,0.2810325507564095,0.1,0,5
-0.80054678301105031,-0.59529840662853595,-0.068881458145029203,0.59923934518776256,-0.79636744219080136,-0.081921329319189148,-0.0060873138247247655,-0.10685833652087125,0.99425562131998646,-6.9724510106504427,-18.466889113333046,-1.025603397941999,,0.1945579371303744,0.2307692307692308,0,3
0.3416848688065996,0.93703115534215065,0.072277689135521336,-0.93965444962038036,0.33919522110954053,0.044677928388296276,0.017348364108369325,-0.083181824304376928,0.99638336917481662,-15.731636228530546,7.163417446714373,-1.6042118542719286,0.9522055700585459,0.7770642327786026,0.9946140035906643,1,5
-0.99430709776281279,-0.10431859728392301,0.021703124180825817,0.1042500293210184,-0.9945419531112869,-0.0042702327987566525,0.022030132207057376,-0.0019833714486945124,0.99975533982701881,1.0770185579566687,4.3624805501349586,-0.99104052612089222,,0.07295241725584178,0.2307692307692308,0,5
0.39793581413600776,0.91554784764570885,0.058474152402784016,-0.91713324874569535,0.39543081176222877,0.050010770382314447,0.022664771630890569,-0.073529665988471424,0.99703545390650206,-0.89792619849028354,-10.65650371605455,-1.0396705379355757,,0.07631273587414845,0.45,0,5
-0.54748382903464199,0.82476008928489519,0.14153533858488182,-0.83565960991239185,-0.54773996917916379,-0.040668692192844122,0.043982647790175682,-0.14054081715423022,0.98909747012465099,-11.325593991554044,4.3956511432635574,-1.6856286145441828,,0.1090306352843773,0.2857142857142857,1,5
-0.025862644434988456,-0.96586305631367764,-0.25775895730552484,0.9990442137825789,-0.034061831737598025,0.027394352086307708,-0.035238934864413596,-0.25680410445918023,0.96582082675957059,-35.351965741491007,9.3784039638191263,-0.77484418170824776,,0.3211164046547842,0.2857142857142857,0,1
0.90158985019446369,-0.42787647730717904,-0.06369821185500614,0.43216863188603166,0.88437758107798459,0.17637054090865034,-0.019131535225431658,-0.18654225862751106,0.98226064265349977,5.189691721441152,9.9331506818432302,-1.0245529885963489,0.7475617040884378,0.288638534567295,0.5142857142857142,1,5
-0.10750085209847132,-0.99364327836292976,-0.033415597589625347,0.99365221134884718,-0.10850101933726765,0.029712147083640832,-0.033148901635628732,-0.030009401309307942,0.99899979286955221,-9.183758378040908,6.6984505909928673,-1.6646256177870176,,0.2710114701491976,0.26,0,1
-0.1539536478897198,0.98327613265469249,0.097295021728140654,-0.98730827779156827,-0.15697225672810849,0.024126235137953027,0.038995370311040792,-0.092345858430770769,0.9949631166656322,-9.1934242133158843,-4.4144204704484773,-1.5038840752543066,,0.08034503011446953,0.2254901960784314,0,1
-0.89608550282695343,0.44151495708198951,0.045774603179656377,-0.44346830749872629,-0.89492684446521464,-0.049414606137747667,0.019147633472086173,-0.064579297986447515,0.99772886216847334,-1.9421698794630748,15.176584694532602,-1.1983581519119413,,0.135288920048858,0.1025641025641026,0,5
0.55212959569007514,-0.8331225914693855,-0.032552375434803889,0.82852034259344232,0.54387305208687575,0.13325218618300688,-0.093311046891343147,-0.1005427809295163,0.99054742326200618,0.071170701124087812,8.9545717380238532,-1.0631619867075439,0.6862873654728643,0.6625850882899791,0.7985611510791367,1,5
-0.83196570119948832,0.54283574838789295,0.11472760042727081,-0.5540674144774943,-0.82368713312977127,-0.12061843528533563,0.029023649699304811,-0.16391722602769448,0.98604704287854217,-4.1017506903004026,12.491983682594753,-1.2056495307409512,0.5263185968266226,0.2779810978239939,0.1346153846153846,1,5
-0.67956633267730848,0.71604441028289934,0.15959323918678051,-0.73222449763055275,-0.67541799667373148,-0.087508941479875674,0.045131857497768609,-0.17632620982672531,0.9832965896243836,-7.931277016988191,19.36276019257264,-1.3034503638767945,,0.1667135051514059,0.15,0,3
0.98665586618206236,-0.1623878603946077,0.011848397570353907,0.16048931365883359,0.98222415123418638,0.097359626815216052,-0.027447803734366481,-0.094158905732506265,0.99517873698216452,-3.0889016580854234,3.832417953884212,-1.2992912557000666,0.1398758483956404,0.1056197203404197,0.4766355140186916,1,5
-0.88805272849208006,0.44529864786580242,0.11433051048018876,-0.45824464713172081,-0.87740549113021271,-0.14202622120466118,0.037070133435112951,-0.17851811768960263,0.98323806215161558,-33.472798191374288,2.5887652820592377,-0.6901143639252838,,0.2981869237965101,0.1538461538461539,0,1
0.32388188115768757,-0.93823758597575369,-0.12169946310542315,0.94517680495699941,0.31520498662749319,0.085361723134206424,-0.041729299407450467,-0.1426746251705345,0.98888958782232694,8.9132306479944745,7.2138468418653012,-0.97425821368789534,0.654268333104073,0.5061311508539227,0.65,1,6
0.35402155008134401,-0.93520418958674345,-0.0078654851983787962,0.93433642969650965,0.35329900052495861,0.046853520359151177,-0.041038740477534842,-0.023936165262398487,0.99887080334373057,3.829721195136996,13.458238388228038,-1.1314540565853919,,0.08382754084133412,0.3076923076923077,0,5
-0.97392930636274311,-0.22617294410410493,0.017535836537435005,0.22640134079024626,-0.97395590769528151,0.012341910461463539,0.014287725367075135,0.015990285198878126,0.99977005940520813,-3.9011604420045489,-2.8720292389272584,-1.3186974826155442,0.4121034603288951,0.3967508593726057,0.9569336778639104,1,4
0.25652676630770299,0.96586728677137268,0.035977805833880459,-0.96611096668639984,0.25513070710798852,0.039216352951904121,0.028698749380132293,-0.044818596982559349,0.99858283339367071,-22.735946728160012,-7.6157250888294623,-0.86056158757992296,0.3539303796154005,0.249365188768504,0.5625,1,1
-0.23190929275842187,-0.94907228645112307,-0.21326011118520369,0.97229022533699849,-0.23281032195169205,-0.021238448786993679,-0.029492331993533755,-0.21227611519713277,0.97676458436534042,-20.013312143440061,-7.0759586039266962,-1.0487608681287033,,0.4314143243205479,0.1333333333333333,0,1
-0.09974710248494971,-0.99154358337445325,-0.083017093509743178,0.9944535052060498,-0.10214054286791902,0.025090545750297674,-0.033357780640472769,-0.080053930394424253,0.99623221524860683,-32.057430905136897,-0.75761778213310893,-0.68573815178897235,,0.1497694499709172,0.3461538461538461,0,1
-0.58125742169132877,0.78657019858033728,0.20843975732579642,-0.81260098835320016,-0.57451909711393634,-0.098017553421768489,0.042654934722145266,-0.22635178319747268,0.97311120987643207,-1.2397966710247301,-17.58291610636984,-0.94338171923943925,,0.1016711737817102,0.25,0,1
0.7026767934503565,0.70649858916117725,0.084291562208749629,-0.7114676769363325,0.69640800773118605,0.093966118589091763,0.0076856113058005318,-0.12599853285315235,0.99200065579499985,2.6468578135580971,-11.795825615065652,-0.86893898049641494,,0.07828188370446662,0.1333333333333333,0,5
-0.74601426819578098,0.66440894043408394,0.0449830136781703,-0.66451117091417367,-0.74713160249782129,0.014807845194717428,0.043446695830486971,-0.018844851294035719,0.99887799865705229,-8.850680658788562,3.8752457789469799,-1.6643270329042352,0.1141294644776025,0.1005515262059478,0.5632183908045977,1,5
0.56416014891464283,0.81297347130730657,0.14421324948546047,-0.82550034844113129,0.55188493887612899,0.11820401416729547,0.016507607342632964,-0.18573408193500543,0.98246137313768322,-16.764202053328887,-7.1128861496280473,-1.2298544958722897,,0.2404570096908441,0.40625,0,1
0.51515609410933549,-0.836022069713098,-0.18889493813927508,0.85606292712805876,0.49106411081236817,0.16128330313147146,-0.042076876059817393,-0.2447920301494422,0.96866216942562633,1.9152224251870642,-10.573245855954065,-0.90583128200508711,,0.1579252418099497,0.2857142857142857,0,5
0.78074505995235011,0.61980441430816768,0.079244175584778836,-0.62481759960534655,0.77568677023611532,0.088955054404331643,-0.0063339232245527548,-0.11896437485556054,0.9928783203050674,-8.1192874956105978,-6.3114215449677404,-1.4020530956139581,0.1911454406285568,0.1111507099025702,0.4308943089430894,1,3
0.99098787112788322,-0.12312702581439712,0.052752012203601747,0.11725856795673734,0.98777277800959618,0.10273931703073648,-0.064756988180144776,-0.095627791657591443,0.9933085411615723,-1.0978087739594897,10.539342523563208,-1.0910451142411421,,0.1628002252526917,0.3214285714285715,0,5
0.96031182093513912,-0.27888262349341664,0.0050684204311541008,0.27653335182181832,0.95428413533794731,0.11345084562266203,-0.036476182673467659,-0.10754660085626069,0.99353068233539543,-26.287072872943817,-1.9988020834324474,-0.92469489435456431,0.4924758634114468,0.5199170569290699,0.1935483870967742,1,2
0.10619059042019685,0.99040434094926211,0.088446593688319738,-0.99380295624056558,0.10277315163126655,0.042348122405695639,0.032851829077252967,-0.09239545839830797,0.99518030355993492,4.9251953947635938,3.0703123345173884,-0.86125783456929872,,0.06671993553347511,0.2205882352941176,0,5
-0.70357201482785736,0.69543676076864336,0.14613052974203278,-0.70939387956255262,-0.69943783504622625,-0.086873693055146584,0.041794061662644981,-0.16478600267457777,0.98544346856239007,-25.34894343256888,-0.7863156538767675,-1.0789245548944641,,0.2558686041577849,0.9,0,1
-0.31074629039822266,-0.94853479696236165,-0.060979356796508073,0.95013846561244919,-0.31174234807124784,0.0073215150512797485,-0.025954559664240321,-0.05566369885838833,0.99811217478900593,0.83975062659324717,-13.365884454130981,-0.94659752100993766,,0.08919447231343543,0.3,0,3
