axis_00,axis_01,axis_02,axis_10,axis_11,axis_12,axis_20,axis_21,axis_22,location_x,location_y,location_z,dbh,dbh_approximation,score,reconstructed,number_clusters
-0.76785745722113474,-0.63947060031227709,-0.038370258353951477,0.64041251704315838,-0.76775673844124037,-0.02052799533598626,-0.016331974906266783,-0.040335368032588061,0.99905271366496773,-7.5446251927566479,-19.251117276880652,-1.6397514761480712,,0.0768780868941091,0.4285714285714285,0,1
0.77618845446281359,0.62931757607789163,0.038611806459643933,-0.63031046010646985,0.7729921448413023,0.072054617437153218,0.015498614099331639,-0.080265387640573352,0.99665302914700948,-23.601197057281286,-1.6912350679899968,-2.6320569158478491,0.1535662019786952,0.1064325439286096,0.5238095238095238,1,3
0.73429075330117199,-0.67872518059095244,-0.012215516697075702,0.6771211206492892,0.73104022704060978,0.084185357509869094,-0.048208687879351238,-0.070087913938084237,0.99637523390174609,-6.8907130477818619,-7.0693590489027054,-1.7629060239314451,0.3961970177510722,0.2992679943087503,0.9695767195767195,1,4
0.82290471576542912,-0.55647525452455082,-0.11473064051444576,0.56716652258222788,0.79246487481450878,0.2243246706165152,-0.033911125504792701,-0.24966920772706683,0.96773721757506936,-19.027872659956326,12.410928936979831,-2.4054850564671515,,0.33285115515958,0.12,0,2
-0.62524601527066814,-0.77422399375228568,-0.098207066377177951,0.77995252940775617,-0.62428878843669744,-0.044017729413078507,-0.027229988222429658,-0.10411875974338515,0.99419203960346869,1.0395570685932902,6.8876386151768303,-1.9749512598433232,,0.07544566751499104,0.2131147540983606,0,5
-0.82642725930279981,0.55836563596099709,0.072427906632280825,-0.56105887161113943,-0.82746342024468911,-0.022742707477252044,0.04723269701909933,-0.059431512977815133,0.99711432022485247,7.0641368285812929,2.6089319249187026,-1.7990898731918374,,0.6797887215452982,0.6470588235294118,0,5
0.85761500472141794,0.50551544181210228,0.094607831421070501,-0.51423703031334878,0.84019336166500902,0.17214932956174842,0.0075352724695587079,-0.1962886983592449,0.98051719340623655,-19.987514237311672,-0.55800376471766133,-2.425213160962147,,0.3741080611959958,0.3596491228070176,0,1
0.44439931537670346,0.89072927431758675,0.095449506894387401,-0.89479738572959644,0.43624936325510277,0.094995429105806301,0.042975423025212588,-0.12762387289681348,0.99089114441628812,10.25915042173032,-3.0937666631013654,-1.5751441899122538,0.2782709240747828,0.2199959386111886,0.5909090909090909,1,3
-0.03010353994958264,0.98767021440496716,0.15362722564620107,-0.99814321155286245,-0.037846317214214158,0.047726151156961258,0.052951922660465646,-0.15190524629046218,0.98697562788348148,11.07272729513188,-4.211995446624381,-1.5599048125398678,,0.1165215221830746,0.1578947368421053,0,5
-0.83586106743274668,-0.54869796571959706,-0.016334575763249964,0.54811962031878447,-0.83586796897680082,0.029826502647637129,-0.03001928999461409,0.015977510875418655,0.99942161342170555,-5.5214297184516266,-18.502119452218714,-1.5944598748355088,0.2240850718032031,0.1536604719914984,0.6274509803921569,1,3
-0.2443235046847918,-0.95107565081921364,-0.18910613812711347,0.96826784218167106,-0.24985215961255203,0.0055932221299758913,-0.052568154384492118,-0.18173883667437291,0.98194072345985062,-1.1837853353395196,12.408288742726503,-2.1518632513010911,0.7499793020223995,0.5549428600494983,0.4142857142857143,1,4
0.99729671116754581,0.069062917199658694,0.025091499801121547,-0.070897899721800356,0.99413798410677756,0.081628159180210838,-0.019306934231879135,-0.083186429325854669,0.99634695777453963,-26.436650269386327,6.8062947471072635,-2.600355271021304,,0.08825790746182072,0.4444444444444444,0,1
0.37349057900359106,-0.9215204470435312,-0.10632428262749857,0.92607017737335551,0.36375106265803941,0.10039517416105323,-0.05384063498180066,-0.13596039899852061,0.98925019885209975,-14.355507203628045,12.617042862848924,-2.2564739079982381,,0.2205506080687022,0.2,0,4
-0.67001475694653712,-0.74197473859436358,-0.023531102007738416,0.74195899707204249,-0.67035309322298131,0.011116522398198894,-0.024022325818314962,-0.010010878792941545,0.99966129772442025,-4.5595697611419395,-11.382791234228904,-1.6579540122830196,,0.06595311765881129,0.1956521739130435,0,3
-0.90836259719515322,-0.41796713468621399,-0.013448655660387382,0.41818334955402331,-0.90787103562420124,-0.029880910803009503,0.00027959372799905277,-0.032766705614637896,0.99946298822443158,-22.307485053537267,8.6983640302401177,-2.3618657441320789,,0.07997123100923531,0.2222222222222222,0,3
0.98549239334550665,0.16329081489638489,0.046269346533312022,-0.16915753906172562,0.96719183136121645,0.18954072999415381,-0.0138010737526398,-0.19461775643196239,0.98078206511164534,-12.228203593081995,-17.618100066468511,-1.776410206558324,,0.1790172182437598,0.1111111111111111,0,1
-0.16129370392070644,-0.9860112539223379,-0.042025566195340876,0.98576688523923706,-0.16300710339471358,0.041137965537909417,-0.047412962797873291,-0.034792116655424761,0.99826926206177613,-1.7337837768102644,10.968936946794786,-2.1209164203191855,,0.08360641158945754,0.2444444444444444,0,4
-0.34047183413991183,-0.93868281646709495,-0.054346115103177932,0.93928270540781478,-0.34217873142241911,0.025723823275728749,-0.042742595606505049,-0.042288128730739102,0.99819075566209914,2.3655828759758535,-9.4538276242604251,-1.566299137861064,0.168127976673116,0.1146099660007585,0.4878048780487805,1,5
-0.093863882049949235,-0.99538258509549693,-0.020076875631427814,0.99428934371388655,-0.094751159911095381,0.049101106632248814,-0.050776693704126061,-0.015353403013946297,0.9985920089768241,-6.123915699650432,-11.999209864727748,-1.6489969504359334,,0.9158840156305545,0.8220338983050848,0,1
-0.17381887171885477,0.95364610318830878,0.24565445183862758,-0.98300902942782287,-0.18296521251436626,0.014730209534866574,0.058993625907827495,-0.23892015587498044,0.96924553711581318,-15.523428061537826,8.8545307514362221,-2.2815283895166605,,0.1370069105897057,0.2571428571428571,0,3
-0.060150629287426524,-0.99484385207747372,-0.081655445501080393,0.99690554721959934,-0.064019407545559417,0.045616284157157724,-0.050608613092215329,-0.078658918382907589,0.99561616240382178,-1.7668405708678236,5.5758109163341869,-1.9562911630208009,0.1926947545799537,0.1500784985362387,0.4844444444444445,1,4
0.51680978070803019,0.85016007382433256,0.10067521760355132,-0.85542958851683537,0.50816782954689776,0.10002837649143297,0.033880225123726473,-0.13781620328756661,0.98987818667599947,6.4974861060297195,5.6191353832203008,-1.9005024302093489,,0.09366584246285634,0.1428571428571428,0,5
-0.33160128296599023,-0.94197069119825561,-0.052266682110026302,0.94246120836023395,-0.33325224668576847,0.026642274960217347,-0.042514231399347034,-0.04042470782045484,0.99827770841893204,-17.119152617625044,20.508887578268485,-2.4811828007295498,,0.190210927709426,0.4666666666666667,0,1
-0.90855427570260872,0.41536653089008096,0.044718822869648754,-0.4158318648002331,-0.9094406906414596,-0.0012208285485828287,0.040162025836210077,-0.0197047005032721,0.99899886709585795,-8.8771324896215713,10.743726811114152,-2.156453192477938,,0.100169251764644,0.367816091954023,1,5
0.83901279978701282,0.54235667060794601,0.043666504790539018,-0.54411056466285468,0.83614228878608721,0.069352478873020124,0.0011023682811291684,-0.08194702404985571,0.99663607702789148,-7.3955553954029236,-13.233847825101,-1.6680947585176713,0.276283252249483,0.2479538446236305,0.8041958041958042,1,4
-0.87432462656614407,0.4821439772899338,0.055620432783433815,-0.48315997457496856,-0.87551377547023801,-0.0056628553367537365,0.045966143504632802,-0.031824740767097945,0.99843592660040936,-9.4309645455822047,-12.882225060117053,-1.7209680120170618,,0.06459643040128143,0.5,0,1
0.94951628832772716,0.3055758278336565,0.071008673020347787,-0.31320501829192848,0.936297360676559,0.15890207332461351,-0.017928600533443268,-0.17312037960299109,0.98473747742686579,-29.230370384023587,0.42768150577546565,-2.8437599209129809,,0.3716021477178415,0.5964912280701754,0,2
-0.95525200426838164,-0.2957885830163105,0.0016499995282286278,0.29579212574887997,-0.95521879199914339,0.0080048583158058607,-0.00079163514232483286,0.0081347138179973851,0.99996659931464749,-5.9476773409485286,14.440853503176488,-2.2464757580016794,,0.0822303667725839,0.2105263157894737,0,5
-0.82754435612700106,-0.53818895126317068,-0.15975916681241303,0.5612976456953862,-0.79862675338543088,-0.21711808242028927,-0.010737391636912761,-0.26934728793009127,0.96298325369942994,-11.175467707585021,-15.031253797279827,-1.7467661324887189,,0.3433538293163599,0.1,0,1
0.884825536864566,-0.46581914788806439,0.0098127862083373998,0.46400108229312492,0.8828918945772164,0.072144979871521686,-0.042270142454713985,-0.059282577125922879,0.99734588338558228,9.3079232316247751,10.322252522726982,-2.1171124323579016,,0.07588736555413012,0.28125,0,5
-0.84210069886364181,-0.53551091909489834,-0.063988034065006832,0.53932028818180244,-0.83610874452083728,-0.10027858241562683,0.00019932100847640781,-0.11895470930538113,0.99289966129776097,-3.9777596946513878,14.577477212527175,-2.2292299857466786,,0.1500346981531968,0.3181818181818182,0,5
-0.53146172374157064,-0.82154405652292783,-0.20643110082904445,0.84644799440262286,-0.52448212976275488,-0.091892808920515073,-0.032775432406240992,-0.22357070190742204,0.97413649571259087,-2.5634125787247002,-16.298365681072614,-1.5286533874261545,,0.3631084766621693,0.3076923076923077,0,1
-0.091073835299605804,-0.99382030672434607,-0.063456713326077469,0.99411157564702368,-0.094487795754305201,0.053049331928741242,-0.058717388296937137,-0.058251647151135996,0.99657363697609813,-11.762106833791879,14.488774804500716,-2.281037902128388,,0.1042691953492291,0.1764705882352941,0,4
0.86834461983399758,-0.48893992076058262,-0.083158734309664875,0.49394508443514706,0.83746770953342831,0.23380780365759588,-0.044675214243536862,-0.24410159642138446,0.96872005030185349,-24.884781771048317,6.8710742726584657,-2.4964892767493487,,0.4956137294598638,0.1739130434782609,0,4
-0.9968580095220142,0.076207261099329654,0.02160005110054769,-0.076617785995432092,-0.99688212966879308,-0.018860922993558831,0.02009536565892427,-0.020456610245819195,0.99958876713190614,2.233960855828494,16.589505420190847,-2.2864614608671308,0.3510399248031816,0.1905472537197552,0.6296296296296297,1,6
-0.4661892504288736,-0.88447984821854386,-0.019052057103271222,0.8841375747271315,-0.46655021254308343,0.025132610919460317,-0.031118029182294143,-0.0051280865149852832,0.9995025617718567,-10.615565251881593,9.5501143933754378,-2.1644499850011134,,0.07796632732717806,0.3559322033898305,0,2
-0.8363414889043802,0.52604847260362841,0.15429166668551914,-0.5460648125861296,-0.8242624348420976,-0.14968185916621018,0.04843691146719508,-0.20943839900927341,0.97662143260730883,-25.705945537796538,5.8072209844039584,-2.584888233264381,,0.3844349328348333,0.2368421052631579,0,1
-0.96190608255808074,-0.27243873708480504,-0.022667661401302695,0.27262726653773178,-0.94980463146421812,-0.15344554600667409,0.020274660981926675,-0.15378002661190568,0.98789708043768953,-17.38825308967137,5.1344626163172844,-2.2295052525187358,,0.5330378291565804,0.7674418604651163,0,5
-0.91166497469416008,-0.40400130733122047,-0.075165933710431718,0.4109336078945362,-0.89595438264009042,-0.16852096050875601,0.000737440625154572,-0.18452286552803984,0.98282794439242782,1.5361127229483049,17.461758214345082,-2.3166911170097646,,0.6019507523168223,0.3636363636363636,0,4
-0.99331599146528837,0.1111637037068155,0.031080091336990308,-0.11039834735089027,-0.99356412662899452,0.025348198716205476,0.033697863456375883,0.021747580420528326,0.99919542470145906,-4.7401891727571108,7.109929482226728,-2.037975804034915,,0.08960449036596145,0.3636363636363636,0,3
0.36949481593713512,-0.92838041537586147,-0.0397917748049154,0.92829022588789079,0.36685316223817521,0.060794850742963001,-0.041843010367212947,-0.059401697807331746,0.99735680715630315,-3.6767543822890145,-4.6016248685132686,-1.7399113359811493,0.3546896320502177,0.3391048586596853,0.5147392290249433,1,5
-0.83970380558973323,-0.53843074464287044,-0.070638885193948675,0.5430146116051594,-0.833891975023206,-0.098789197664495912,-0.005714058226653114,-0.12131161203784704,0.99259802655624974,-0.66517211931206466,6.2905161847016489,-1.9529757798360241,,0.1569006036576001,0.2372881355932203,0,2
0.17788972937026717,-0.93386245677555113,-0.31025176229911317,0.98243083308216239,0.15045803839431043,0.11041755699174212,-0.056434939479560249,-0.32444304663171386,0.94422021112570442,-10.263137631606716,14.123012543961629,-2.2639798185946525,,0.372815760345356,0.1111111111111111,0,1
0.70860779377481442,0.70215892920662892,0.069626379605668365,-0.7052308360984112,0.70157532106112419,0.10218383773336319,0.022901144458911712,-0.12151093371949287,0.99232586914233523,10.204408689480749,12.556276439411967,-2.2069215554400916,,0.1921404959091192,0.4193548387096774,0,7
-0.84721697169157584,-0.52843872311037443,-0.054551982505061929,0.53074256946197662,-0.84641206790740831,-0.043576785810831707,-0.023145795269428046,-0.065872051874686643,0.99755959468252509,-13.919553871574678,11.04072567082426,-2.2430977406351369,,0.4408983184363867,0.6956521739130435,0,5
0.51749858103497082,0.82673884380200768,0.22067646629332804,-0.85554776285960388,0.49531058408963979,0.1506832796122593,0.01527233095234789,-0.26677764043805957,0.96363709272193465,-24.737659921520201,-1.0032610249328233,-2.6803603093230888,,0.1580739907232808,0.5294117647058824,0,3
0.85876141450458243,-0.51237103497167091,-0.0021807063416337921,0.51025658266257579,0.85481530432058095,0.094493467228286457,-0.046551614446761286,-0.082260063344078302,0.99552309323843868,-7.1037343452914561,8.0159427081340215,-2.1034638412079434,0.3457183276258035,0.2739094602852674,0.308641975308642,1,5
-0.42177341908105148,-0.90542170982502534,-0.04815298883980975,0.90590044624912003,-0.42303779303665723,0.019580785181377694,-0.038099402125551435,-0.035363159363971289,0.99864802734370517,-14.782136590722731,12.931299274914792,-2.2594016295885715,,0.5100425799344509,0.5964912280701754,0,3
-0.86582613556015098,-0.47803571515934251,-0.14773949374852696,0.50030141109849458,-0.83104561699182034,-0.24302609022806529,-0.0066031078917517102,-0.28433261773982355,0.95870295788392623,-6.1879426861131899,-12.836668145335825,-1.6398070871206214,,0.4431321429100003,0.2647058823529412,0,1
0.3834655979561376,-0.91152714355574649,-0.14856783550029526,0.92232968238756607,0.3696850239936067,0.11243193506160545,-0.047561456779545534,-0.18014230373775975,0.98249002958455478,-25.040300506451068,4.8722178741172719,-2.5729215974667308,,0.477472310036091,0.1176470588235294,0,4
-0.18629218918903342,0.97964746024952787,0.0747400419708657,-0.98086582257265864,-0.18982267996201424,0.04323873588462103,0.056546072861152291,-0.065254913981155779,0.99626519453672224,-10.897250986137021,-10.142976782990951,-1.7952745333231899,,0.07976013718361832,0.1081081081081081,0,1
0.94283555136707931,0.31967386580883561,0.094179310876488953,-0.33323341320902428,0.90779206464255513,0.25469405115367449,-0.0040761991363725209,-0.27151829936643596,0.96242464521112459,9.2907133286571177,20.544693724471269,-2.510964121478743,,0.1887891396703987,0.2,0,1
0.88927504438036575,-0.44871154658808993,-0.088588054504108865,0.45321700713615254,0.8384566968839865,0.30262966129073227,-0.061516175798300633,-0.30927061840549769,0.94898232054461029,-22.15031513379763,-0.59023310428262288,-2.5719489860205238,0.9275012008541037,0.3752484391402182,0.2285714285714286,1,3
0.95437525211849961,0.29255380437200562,0.059834352099917151,-0.29722012172018453,0.94997760732130043,0.095930937828918567,-0.028776333824675041,-0.10933808639062403,0.99358799583934565,-37.54888046780529,-1.0093875156094456,-3.2117079008764455,0.5761033453562605,0.4115886130186381,0.8974358974358975,1,2
-0.98829200868572076,-0.15158191477687669,0.017373217333607284,0.15176861387041121,-0.98836568805981917,0.0099777006316881054,0.015658652936921796,0.012497590912546814,0.99979928826219167,-14.19700720593563,6.1621139557370732,-2.1800911666066507,,0.08361449226961662,0.2622950819672131,0,5
0.99605850882664393,-0.087248911914365068,0.015971047673908407,0.084313617457029574,0.98725546533375019,0.13497355326118565,-0.027543799762426022,-0.13309497938840431,0.99072047801397933,-1.1417824697412005,8.8692632226344319,-2.0653254224299582,,0.129957784347991,0.21875,0,1
0.14485708372051179,-0.96488439545690785,-0.21912217756253086,0.98806329898333378,0.12933044759599588,0.083693204782644248,-0.052415097998181545,-0.22863013521488351,0.97210129038771698,-3.3181158816391254,-10.758160384462563,-1.6218265698126906,,0.4010103968507705,0.1147540983606557,0,4
-0.68032031984119501,-0.73021511532246342,-0.062850201000279035,0.73226756564475426,-0.68081899113104782,-0.016422960147522796,-0.030797316699333971,-0.057196037187059727,0.99788783869441822,-19.373208416802154,8.5148978864976375,-2.3268211269776167,0.1801136342548767,0.1435311577037533,0.4642857142857143,1,5
0.97467956199302164,0.206979424164383,0.084612466018141735,-0.22082847082815454,0.95045617780133196,0.21878720380995995,-0.035135991586827085,-0.23193225746295523,0.97209716080407682,6.7074561130297825,-2.4126867714684992,-1.6871341696484106,0.4932882560772808,0.4619627737713353,0.2127659574468085,1,2
-0.65091407412631019,0.74388171020777927,0.15149544324050479,-0.75777002996475751,-0.64869407657520939,-0.070573201028761065,0.045776083182139125,-0.16073579636964763,0.98593537007955856,10.02673003330079,3.7341520608540066,-1.8079933040013285,,0.3103498417301722,0.3333333333333333,1,4
0.13300241609938956,0.986275450493733,0.097831963412314468,-0.98961499331094493,0.12672253896046934,0.067849562515833045,0.054520843041009716,-0.10584013356376661,0.99288737719909659,-21.199473497936065,9.1779332289198887,-2.3581634419730784,0.2830827429150813,0.2218341015457127,0.7368421052631579,1,5
-0.99808575660160459,0.054153213199793528,0.02987058702368291,-0.056296868360961844,-0.99549207152023689,-0.076329536570682116,0.02560244288637804,-0.077865043764736075,0.9966351137090067,-15.65892242372111,8.0035436322606017,-2.2692672731748771,0.1861435118409289,0.1870227062295255,0.2564102564102564,1,5
0.11795557604333975,-0.99041164519810554,-0.071911439536868821,0.99019763924855608,0.11185672723029945,0.083646325680877154,-0.074800516755360438,-0.081073088193969495,0.99389739765421592,8.0776416624828045,8.0228500525165654,-1.989858432753784,,0.07634217085817392,0.3235294117647059,0,4
0.69754201334470911,-0.71396949523057573,-0.060685249436801203,0.71240515182733177,0.68193189595924741,0.16567374240748775,-0.076902791034436702,-0.15879688017597562,0.9843116943212098,-0.59145471012982354,18.4415801999541,-2.3467176420463072,,0.1831198278912725,0.3809523809523809,0,5
-0.60786681069713289,-0.79360674991098734,-0.026196697284501816,0.79338103882973232,-0.60837527739956332,0.020640956238969093,-0.032318225173274352,-0.0082370106667648355,0.99944368724652277,-13.64372681928934,1.4714669560854616,-2.0953303709674538,0.827186540372041,0.7656946995482947,0.5970149253731343,1,5
0.19802664458989588,-0.97679001838394519,-0.081649911316297091,0.97930525047188999,0.19360726331649769,0.058969941404793599,-0.041793234268905494,-0.09163780648066798,0.99491499033472997,3.5733840511472139,18.41803534159175,-2.3838891096093313,0.1794216216892316,0.1525739970318512,0.2727272727272727,1,5
-0.99330541644625803,-0.1132699435126109,0.022677512102871413,0.1121423259909122,-0.99262679502092432,-0.046001570927912287,0.02772090149821746,-0.043150500612828928,0.99868392693433705,-16.711606375642276,5.7987649142451705,-2.2123391927806586,,0.1494637391856559,0.4222222222222222,0,4
-0.94769359226296235,0.30627363635589699,0.089851626902675646,-0.31681377163486812,-0.93684761909808711,-0.1481403817084819,0.038805789338853987,-0.16885792330708335,0.98487619143230765,-7.6277722300301916,-1.743883937403047,-1.8687744901700734,,0.1570681135656308,0.2,0,1
-0.016802089398995929,-0.99982117222634692,-0.0086783270140177206,0.99846466261282119,-0.01723622344640912,0.052642474436248775,-0.052782642083300357,-0.0077804992924327123,0.99857571396738232,-12.508528491864475,-15.404159152213014,-1.7771256244402911,,0.07957260734659732,0.3157894736842105,0,1
0.4688968352194226,0.8712001818964149,0.14541664617527059,-0.88251309510979836,0.45537369469615108,0.11749653245309423,0.036144085006177828,-0.1834258467131365,0.98236885327082502,-24.306664462522594,7.5526541622204242,-2.4579793064801887,,0.3196913843522993,0.3666666666666666,0,1
-0.36645789469529205,-0.92858668522724086,-0.058612109961847063,0.92757937589510797,-0.36953905449417968,0.055112508721614321,-0.072836205485571098,-0.034170970460806825,0.99675836186521694,-5.3452102643047201,15.682240902022182,-2.265641604368358,0.9139992160925765,0.4556804861850743,0.3529411764705883,1,4
-0.95133730092059632,-0.30716205974606203,-0.024674053774601953,0.30795837982034419,-0.94485416441505377,-0.11141025215822559,0.010907620067815085,-0.11358731020711581,0.99346814079987922,-25.276189365073787,3.0049179776245949,-2.6817203746637568,,0.3104751812505868,0.2444444444444444,0,4
0.91855384475335233,-0.39161786680202315,-0.053798519405919558,0.39390385347395679,0.89539110560445423,0.20764036751750078,-0.033144962018442782,-0.21192030201438439,0.97672472943349298,12.480266914685309,14.753504657417876,-2.3003111829513703,,0.3867023036239279,0.425,0,4
-0.94467508791906751,0.28365270535180426,0.16471223698227352,-0.3012136502367615,-0.94898106974488372,-0.093302015931604781,0.12984342561773396,-0.13775366424330807,0.98191884227332837,-27.185121287867268,-0.47649770292437427,-2.760701668075773,,0.399501107707558,0.4186046511627907,0,2
-0.25298425265035179,-0.95515270576759015,-0.15389046941183224,0.96634712509065634,-0.25713609069730259,0.0073664570813640647,-0.046606885113317113,-0.14684801505556597,0.98806045297556255,8.2271659239870605,6.6040114107959669,-1.9199066249394308,,0.2250979195691124,0.3617021276595745,0,4
-0.90699515601121039,0.36186193587756277,0.215443093031881,-0.38778052010352371,-0.91714171751379925,-0.092072461811770187,0.16427432909752443,-0.1670539115339173,0.97216610486108657,-1.7322704309823675,20.603784368809084,-2.4107435641555122,,0.1752336821498187,0.4285714285714285,0,2
-0.24999750977949284,-0.96783886868705093,-0.028092158383103354,0.96701956196146699,-0.25103574340012419,0.043060681826918398,-0.048727937447674161,-0.016400603468044089,0.99867742956270866,-1.3378703520814872,-14.81194124454761,-1.520204390720429,0.3113346086933126,0.3474625532608318,0.7368421052631579,1,6
0.054064610363349447,0.99271862442001424,0.10764176994036539,-0.99747768866676567,0.048727322689197376,0.051613066519540257,0.045992157138656169,-0.11016070421515194,0.99284910269816729,-4.9764786500096347,2.1377313835510234,-1.9590396105785643,,0.08622017317174957,0.4152046783625731,0,4
0.86793134023317853,-0.49649543208035063,-0.013692135128698909,0.49444017297239334,0.86106415287712068,0.11873264075659282,-0.047160407038813475,-0.1098217216826895,0.99283185155119857,6.9746315282398452,11.083245488864337,-2.1395166528402574,,0.09698230478404959,0.2903225806451613,0,5
0.4208015919738029,-0.89981763541644666,-0.11512707407846406,0.9056029067032294,0.4092707755201751,0.11126907780590455,-0.053003731594816056,-0.15108161800387657,0.98709926002320325,-2.5515924988263672,12.217534651763968,-2.1578337585902108,0.1800113300172507,0.1442277101704175,0.2307692307692308,1,5
-0.1056705571001043,-0.992498333653131,-0.061488137538160091,0.99312104875739693,-0.10846913366391012,0.044102489240503494,-0.050441212090526447,-0.056404829030491259,0.99713297978999749,-11.389638370585301,9.5830503130991858,-2.1758163459018105,,0.0757682936132226,0.2702702702702703,0,1
0.72553289441078905,-0.67315530694523074,-0.14305226967572007,0.68611797339516301,0.69144223444629749,0.22616313361824833,-0.053330532643293072,-0.26223952630254516,0.96352804065714615,-6.0276158773359514,20.46900853432351,-2.399740019699784,,0.5331311760520728,0.3333333333333333,0,1
0.97606233020927702,-0.21696440198484784,-0.015125336948152285,0.216822898570909,0.9652613564203758,0.14580241581265632,-0.01703403069585039,-0.14559176512720318,0.9891980993336974,9.1044352975752485,5.3751439812036246,-1.8664332274176112,0.5501968886597591,0.4037589974354162,0.2608695652173913,1,5
0.045893320000490755,-0.97254908546840557,-0.22812733184320652,0.99731110191797145,0.031545956302058233,0.066146947262513023,-0.057134658225052988,-0.23054962371592916,0.97138174876510297,-9.384340660517104,-17.121833665058887,-1.6687519610717476,,0.4668059404870678,0.1794871794871795,0,2
-0.44301621305508487,-0.89543489707892987,-0.04396566914738588,0.89540827301465709,-0.44437209443221504,0.027883082807227143,-0.044504601865870415,-0.027014566129635476,0.99864385725321891,-5.7066176218727902,8.6119940127325716,-2.092365626010297,0.9168816208386305,0.6708118064000631,0.7813953488372093,1,4
-0.72796712310412437,0.6833198993427414,0.056015915967960961,-0.6831983139051262,-0.72982878956757324,0.024289952563197933,0.057479836087940266,-0.020587692453395319,0.99813436738885364,-17.170149941821272,7.3334156307064493,-2.2681928195507473,,0.08940102728692147,0.2653061224489796,0,5
0.73512901675372433,-0.67441364910025603,-0.068931550352369989,0.67495423481743777,0.71859967581576301,0.16748518388051278,-0.06342010429439289,-0.16964886036976148,0.98346182160088536,9.0344089445198072,12.042593273569743,-2.1804972522859316,0.812985632519178,0.3562258173005808,0.1333333333333333,1,3
0.29342906950025449,-0.95547030613551931,-0.031239002313026839,0.95439120841948466,0.29090102025035314,0.06718643991833867,-0.055107190672468054,-0.049528683715621601,0.99725127577034822,2.2401096993676162,6.5807424950379536,-1.9733546961630142,0.7041613086145279,0.4248431882835113,0.6981627296587927,1,7
-0.58327563432586438,-0.81215310309320288,-0.014031091826459679,0.81162684231092863,-0.58341331178198896,0.029845878709843413,-0.032425348759134727,0.0060203630832125861,0.99945602804035094,-0.8058536206427136,15.015651438641031,-2.2185755348037324,,0.1218579661409818,0.5172413793103449,1,5
0.097038342493673352,-0.99024693182953472,-0.099972866760304868,0.99360265312558493,0.090554495057230622,0.067480746340927336,-0.057769609552767207,-0.10588152542876912,0.99269923682100103,-17.162617241602195,8.8915621970755208,-2.3234456858286623,,0.1825751660235417,0.2580645161290323,0,5
-0.18506509035416266,0.97985966300196226,0.075006354090075111,-0.98154661077634908,-0.18804237449206901,0.03473206398769918,0.048136921439440185,-0.067194540083733906,0.99657801028181814,-7.7513313469202538,12.685843958940055,-2.2275298401603267,,0.10000559980792,0.34375,0,5
0.70085229944542504,-0.71196540146416465,-0.043718662834451395,0.71083777439326623,0.69201897187672134,0.12577520049005902,-0.059293447004618569,-0.11922671546535819,0.99109498912145366,-0.35694866285434151,10.695067582462416,-2.096795500758593,,0.1517838158191833,0.4509803921568628,0,5
0.77084055570357435,-0.62358510420655022,-0.13017855235909631,0.63512265409622259,0.73652260943339221,0.23270938968420699,-0.0492346619402858,-0.26206118294232716,0.96379452398241672,-5.6286672276820662,-7.9096819690374849,-1.7274309837441579,0.1886473465030789,0.1152579343528619,0.2903225806451613,1,3
-0.22092747986202055,-0.97464493474491098,-0.035472522012180756,0.97471839005343686,-0.22189717611507159,0.026185937519838519,-0.033393243829439978,-0.028790526362765679,0.99902752557589847,-12.25925453328556,6.0252086379272809,-2.1277342812041367,,0.142392429790872,0.1797752808988764,0,5
-0.7063872904756513,-0.70760143032420275,-0.017810436760759277,0.7074469986282268,-0.70660879168991497,0.014925134452685047,-0.023146057685490749,-0.0020570147446400018,0.99972997789601126,6.6897847505205039,-6.5567649671002961,-1.5597870198416883,,0.08252705913467361,0.3793103448275862,0,5
-0.96231500765356426,-0.27165996141375504,0.012275642932130531,0.27186437787184686,-0.96212111532795785,0.020315498626404957,0.0062917476962788326,0.022887219244875478,0.99971825486292032,-6.625447071572367,13.506333027902285,-2.2464291462075034,,0.08113322603889742,0.3125,0,4
-0.29460928950379661,-0.92682196994740385,-0.23282268480730695,0.95467415764285668,-0.29627414435560107,-0.028616151300602431,-0.042457264007121374,-0.23070038450156768,0.97209809861137941,1.1819999055370898,16.161094776075849,-2.2615338236597915,,0.2740772575061303,0.2857142857142857,0,3
0.093981706028018613,-0.99270625191591755,-0.07550984266382163,0.99346510086126294,0.088578510059602822,0.07197875329805542,-0.064765209046096714,-0.081781079490752709,0.99454377617807432,-14.257186690058122,8.5803214538309316,-2.2601583463443169,,0.1336669930339606,0.2571428571428571,0,5
-0.05667114726851407,-0.99819426605961081,-0.019914524171654922,0.9968895399890727,-0.057668764757817619,0.053717395987523626,-0.054768842672118741,-0.016808354381692314,0.99835757777228007,-8.6367447192040689,12.028486577263791,-2.1836916295582181,0.1923586252301217,0.09067838175134621,0.2631578947368421,1,5
0.33917092686866218,-0.94069560584609702,-0.007406720522409432,0.93922206435099709,0.33817379801726233,0.059164145990887609,-0.053150693347349356,-0.027023313572250469,0.998220789364894,-24.29899834236814,4.4463707651824551,-2.5432206933025925,,0.1061447973718435,0.3478260869565217,1,4
-0.69765042193793836,-0.71561278428438657,-0.034383596940454869,0.71643493242152456,-0.69699113496851439,-0.030403048884394473,-0.0022082517929317333,-0.045844309832841289,0.99894615614655058,-16.689087266792843,0.79197758552512554,-2.2047391286934528,0.6461385723681861,0.8192445920468092,0.5502793296089385,1,5
0.83945680486109076,-0.54325062773275501,-0.0138212966242798,0.54067529699602412,0.83238085815613083,0.12170591683860099,-0.054612232976412017,-0.10963969373922425,0.99246997010796223,1.4661855383270344,8.9800343279718753,-2.0367922798660847,,0.1005882437389529,0.2745098039215687,1,5
-0.99634102613212949,-0.085146260487026726,0.0073941849484263581,0.084273413638777619,-0.99315299242159849,-0.080901949282402671,0.014232055355556064,-0.079982797957438151,0.99669463760534838,-20.186483219755758,10.362870706212084,-2.4068487062414792,,0.2072629134114808,0.2941176470588235,0,2
-0.12340531235975902,0.98567167037917103,0.11498907379975137,-0.99082798211249146,-0.12881386075170503,0.040827676166146715,0.055054870304794438,-0.10889603982778562,0.99252738690957376,7.3278732210190167,-4.1774176572694364,-1.6299534207535027,0.2995582662520427,0.2449778982021226,0.8,1,3
0.37277956998105166,-0.92029850251211776,-0.11868470195730338,0.92430845083204916,0.35700519573693673,0.13491174128772745,-0.081788018225150846,-0.15999361390625252,0.98372392650784768,-1.1557582625063847,16.451728701059675,-2.2912710514454848,0.7135648935919782,0.1839565353986206,0.2380952380952381,1,5
0.8947318465872397,-0.44390681305638113,-0.049006775293971537,0.44576961604454668,0.88096411123041896,0.15871888399145798,-0.027283183723391106,-0.16385657156831829,0.98610681563398128,-13.318921781450083,14.639458347874527,-2.2864453827281248,,0.3455486665674838,0.3611111111111111,0,4
-0.93015811950953631,-0.36653321508602393,-0.021430701089454624,0.36715387311105002,-0.92824462198269564,-0.05966536030023533,0.0019764033085063245,-0.063366584245204333,0.99798836157094406,-16.685585086338463,9.827651539930951,-2.3231371677386874,,0.09425531976726315,0.3076923076923077,0,1
0.62499598535979917,0.77874252401128097,0.05422268511125803,-0.78004004967981155,0.62032158707369467,0.082089277654825085,0.03029090919156854,-0.093601334963309996,0.99514885867061909,-24.471450844378129,9.2316234934103854,-2.5139996101752122,,0.09339154495719877,0.6190476190476191,0,3
-0.34995084124048942,-0.93597405540761947,-0.038561331912781348,0.93627589487532514,-0.35080471152668213,0.017986190427373889,-0.030362104513390761,-0.029809763073452646,0.99909435021674597,-16.201386676414533,11.532489467592612,-2.3204949743380379,,0.1063901775817014,0.375,0,4
0.47469536888266151,-0.87938910044570762,-0.036593944562513921,0.87825307796315866,0.47053428665298269,0.085258525275820701,-0.057756712247090287,-0.072610571553038419,0.99568663096837318,-13.214635472910745,-10.911636786725749,-1.8715709343137281,,0.2496547223434379,0.3076923076923077,0,1
-0.67932105189935066,-0.71631644656506699,-0.15941661402361418,0.73306464326997312,-0.67238778275788769,-0.10252267254318503,-0.033751107149619666,-0.18650849304609698,0.98187343623699663,-9.8863643080616601,10.0689745301888,-2.1487480760762963,,0.08165843465939467,0.3636363636363636,0,3
0.94264539315316809,-0.33349272595807966,0.014221972442622832,0.33116152611413269,0.93969910487680608,0.085426201574739943,-0.041853391605319708,-0.075816845270550409,0.99624299223851676,4.802249824947828,3.5648051728247125,-1.8423555490223205,0.367848792190268,0.3041011158911728,0.8467153284671532,1,6
0.89264558675559813,0.44946396503993408,0.034146750597048206,-0.45068749997884705,0.88858792350629168,0.08539484505281944,0.00803951544389272,-0.091616845227062163,0.99576187909663905,-0.4923987856851651,-6.9098293307783232,-1.6678940475412558,0.3061799851708534,0.2382087972447319,0.6954314720812182,1,5
-0.74228978299669612,-0.66972844982068913,-0.021672137861663332,0.67004777811605254,-0.74217912597504609,-0.014356880185413876,-0.0064693972253413879,-0.025178333298572709,0.99966204210815524,10.664424874149214,10.099171112528264,-2.1037445293061734,,0.3035676308975788,0.1578947368421053,1,5
0.8369536983316046,0.54129218685884128,0.080692473593409406,-0.54718895435868986,0.82508315164159629,0.14079077066702364,0.0096309437176883179,-0.16198938645091607,0.98674550092734792,-24.640420303165765,-2.0729870820470246,-2.6407351477035848,0.4769348116107323,0.2152352530105504,0.4324324324324325,1,3
0.314336459917335,-0.94174052111691864,-0.11965525835947145,0.94676443086859996,0.30176550755329878,0.11213692921226097,-0.06949606038253868,-0.1485340679357233,0.9864623298706201,-7.9256667059839998,-7.130751743823911,-1.7816448842798787,,0.113748228165935,0.2592592592592592,0,3
-0.91749069377757764,0.39710536572919303,0.022763025735211519,-0.39765365153257271,-0.91705450638410602,-0.029708681280279325,0.0090774585842757632,-0.03630923890259722,0.99929937401959956,2.3875219537170289,12.687627457564957,-2.1754741550313934,0.2955447132095411,0.2342671917173798,0.6494845360824743,1,7
-0.15741192892928868,0.97905459984911347,0.12912619852320439,-0.98537689582933696,-0.16435553945898881,0.044940291664454173,0.065221605289214349,-0.12016383467349114,0.99060930494320576,-8.8420022892622256,1.2295448081585183,-1.9392161400495223,0.4049998971907359,0.4167851242223547,0.4844789356984479,1,5
0.59851374566729665,-0.79805374822422104,-0.069939339377596735,0.79912412310211367,0.58860140054824461,0.12226621425775451,-0.056408617458514242,-0.129068223114432,0.99003003068518203,-23.394824497973087,16.411411058796361,-2.5152300564980323,,0.09411746673310481,0.4166666666666667,0,1
0.47294081947039718,-0.87919779439786094,-0.057777327773140645,0.87958939474381337,0.46728608035188068,0.089253659664950025,-0.051473079691044678,-0.093032023708565129,0.99433171760323891,5.117654156940004,9.870607901881332,-2.0671224358538423,,0.09838088300881827,0.12,0,5
-0.39351082229211842,-0.91897447620001704,-0.025202079911906816,0.91846651229907772,-0.39417872866313958,0.032286152676963532,-0.039604274064168603,-0.010442315950810879,0.99916087769359496,-11.290369355133342,12.950902950952708,-2.2096520410043534,0.2641563224651586,0.2381625208803606,0.5671641791044776,1,5
0.51267548535816587,-0.8535862200724621,-0.092490062250902935,0.85665585146266232,0.5013358383261376,0.12166811153548017,-0.057485640533532167,-0.14160841116344564,0.98825222439426585,-2.8513157969668885,11.09990531564741,-2.1413984119914771,,0.09516448213812802,0.2857142857142857,0,1
0.46034876866912683,-0.86914175536763116,-0.18075292601032208,0.88660829351922155,0.43986232951945009,0.14299253453470034,-0.044774379367598975,-0.22608348048054447,0.9730783703310083,-12.345712944155228,11.66948139359787,-2.2004797533013849,0.5263960152917567,0.2833103176628978,0.16,1,6
0.84553456644187253,0.51745566286987366,0.13157102232579287,-0.53370540510138731,0.81213251494402305,0.23579507784570003,0.015160393052897769,-0.26959305468538258,0.962854998090515,12.74983570309189,12.434069957665937,-2.2115856208933038,,0.2221444584926299,0.4310344827586207,0,6
-0.71765182171998565,-0.69621727069918826,-0.016042903794480274,0.69609607282562758,-0.71782895948605652,0.013108864172908625,-0.020642678574355498,-0.0017598020736893389,0.99978536842561228,-9.0120085995975057,-11.915583999490652,-1.7210974078288035,0.4068544794410628,0.2409209714504165,0.126984126984127,1,2
0.994561839119397,0.1041047456402991,-0.002991672210120702,-0.10262703955071602,0.98452643918188065,0.14204006936390753,0.01773242568008954,-0.14096060615298367,0.98985638786264585,-0.90084030352016164,-21.858892950345215,-1.4286662061262927,,0.2026035048142653,0.5238095238095238,0,2
0.14639219138485468,0.97246198704626896,0.18134775998496264,-0.98776603163144194,0.13374038698866891,0.080198351873311188,0.053736329020638893,-0.19086956970178534,0.98014346618504899,-15.018493437424574,15.854390416664089,-2.3153850420556745,,0.2836317491215296,0.2307692307692308,0,3
-0.38469346641201019,0.91180907873798733,0.14357973683948222,-0.92098071754405986,-0.38955701655965935,0.0063125875174888189,0.061688368530384105,-0.12980575788508172,0.98961861866475587,2.3512553029251921,2.158179073456556,-1.817013978009357,0.907513910708864,0.6506292962851689,0.1075268817204301,1,3
-0.60638882364494873,-0.78957032139119854,-0.094187590141667235,0.79376822494149057,-0.60808560388336286,-0.012802477222828762,-0.047165661574181991,-0.082526395341160158,0.99547214649143467,-20.320066875611815,13.85040373977937,-2.4472110633972699,,0.2238698568267459,0.2777777777777778,0,4
-0.99928451714748001,-0.031101127103099729,0.021521470262132063,0.029379226243857207,-0.99666252301856262,-0.076162170895955436,0.023818372208008632,-0.075475394024737047,0.9968631551231949,3.525163676835243,2.0888253942277664,-1.8012256568624507,,0.08907671953421689,0.2068965517241379,0,2
-0.18582882686670649,0.97824614916206365,0.092206934418931574,-0.97912592756942585,-0.19222201675840336,0.06605387372927439,0.082341150506016758,-0.078007486326156991,0.99354656006169095,7.5584676595032478,3.7124529650619751,-1.8390436980269382,0.2182543155089103,0.1238644333432696,0.4347826086956522,1,5
-0.42629256473002419,-0.89854939050236815,-0.10432469546431389,0.90370824198409572,-0.42811497128976772,-0.005383746611501183,-0.039825401767134928,-0.096574138284454686,0.99452871913721119,-23.52903541985636,6.8847069253153572,-2.4293915603614202,,0.1986001272130956,0.3870967741935484,0,2
0.21781257667620982,-0.97007244092574973,-0.10731794257265977,0.97431994814905643,0.20969023847219445,0.082040493223131089,-0.05708169654530889,-0.12243146346357461,0.99083410148908235,0.8298597234547761,8.0009484990909154,-2.0267067814145303,,0.07483826858882263,0.25,0,5
0.21855975500802657,0.97450934683667489,0.05062772381599407,-0.97487889062933741,0.21577175160620143,0.055260291476827185,0.042927637905475109,-0.061433574995672272,0.9971876121207619,-8.0618531808752039,-17.19674227466945,-1.632955211003368,,0.1787101616510697,0.64,0,2
-0.21614156654588393,-0.97636007021403426,-0.001958699245955554,0.97537408674284709,-0.21601264993352925,0.044541283987440575,-0.043911434975942409,0.0077167584087827201,0.99900562436755713,-3.6298981042454606,-16.059160665880583,-1.5625490714660353,,0.09533591269552401,0.3846153846153846,0,4
-0.65723891253622202,0.74712461690913123,0.099205940631537828,-0.75164811173292168,-0.65942626501367874,-0.013495078304418163,0.05533649768947662,-0.083437448537770714,0.99497540884434377,-18.763723786222329,14.062656414613771,-2.3711677566973743,,0.08801153724950384,0.3,0,2
