axis_00,axis_01,axis_02,axis_10,axis_11,axis_12,axis_20,axis_21,axis_22,location_x,location_y,location_z,dbh,dbh_approximation,score,reconstructed,number_clusters
-0.38705594244438601,-0.90603581433719016,-0.17113386735779185,0.9152743218741699,-0.4000029308427745,0.047650509283436164,-0.1116271164917752,-0.1381910216169516,0.98409482693904893,-10.668008347403804,-26.915473438788684,0.58514743142132353,,0.1765046393652066,0.3636363636363636,0,4
-0.933094875532126,0.35957848019365907,0.0061049027270220066,-0.35885952205863153,-0.92985003770135288,-0.081232695478147446,-0.023532885151182011,-0.07798861435115452,0.99667646673735133,14.296628253621259,3.1016505941421078,-2.2092349155050943,,0.1682502605581166,0.4285714285714285,0,5
0.60898924937315146,0.79317828926215406,0.00054368289324935727,-0.78388140418524188,0.60174633030497637,0.15307285238430859,0.12108690400080174,-0.093645904382719108,0.98821475716154117,-5.3063400153527329,19.169411791427247,-2.8995510765034345,0.4017192399488166,0.3749926309528072,0.78125,1,5
-0.89226445458217529,0.45050769435669608,0.030115783479519855,-0.45123538442191286,-0.89206907186564988,-0.024482623763911988,0.015835748633399736,-0.035434282074995813,0.99924653650590556,8.7867009314223274,3.7721788054330352,-2.0070713539564409,0.2669450035411379,0.155466746511901,0.3950617283950617,1,4
-0.53101640682990392,0.84457102157222486,0.068712191042827261,-0.84411755371532859,-0.53433019760694989,0.044235680564077409,0.07407517254186588,-0.034511294466679929,0.99665532626235787,-14.056552250721243,23.091580111134402,-3.5450542693235327,,0.2763540832201139,0.6296296296296297,1,3
0.46006075915189226,0.88768887004962327,-0.018776790956039281,-0.88156707495147368,0.45920251077587587,0.10941913205026743,0.10575249524283943,-0.033786448276696371,0.99381833634863026,-1.083282674598167,-31.234313977993931,0.88466645396189381,,0.1455538967635707,0.4166666666666667,0,1
0.75536539233776356,0.65419830721437611,-0.038048638559900476,-0.64462029109945629,0.7522386342196119,0.13638811344932605,0.11784652884692652,-0.078495936361436522,0.98992453430222305,16.241093661115155,11.388589840320797,-2.7497871691315305,0.3391086858061165,0.2629146618597604,0.4117647058823529,1,5
0.92881291517642417,0.36842644626100385,-0.039604574192418751,-0.36005024398241164,0.92258892360047229,0.13854060725264267,0.087580765066771121,-0.11441866869183909,0.98956453950467993,-9.9955552854675833,13.547778582869089,-2.5275723032730197,0.3996578520121141,0.3842950566517341,0.7737226277372263,1,5
-0.47968087957282485,0.87723635813962464,0.019042734314443123,-0.87581828475959178,-0.47999999748235994,0.05042156778306861,0.053372144916699255,0.0075082870792149451,0.99854646350188847,-2.8914484321029099,18.19760163482378,-2.8217421582506383,,0.0890657466012947,0.5217391304347826,0,3
0.46035155869527444,0.88741277290930076,0.023979426270378825,-0.87687648476642799,0.45034163045354103,0.1681667218688615,0.1384343630407707,-0.098442807547690622,0.98546686437019537,3.6088617353411814,8.3815594841700989,-2.061061642901314,0.5388891450649683,0.4366776384304573,0.8693877551020408,1,5
-0.97458889038065744,0.22196448465333549,-0.030137390384348109,-0.22173947415734765,-0.97504772201036238,-0.010655768523537437,-0.03175059601050783,-0.0037023445252074494,0.99948896557090383,9.4747675315492579,10.2543912269616,-2.3740299511026048,,0.1411390504176941,0.3,0,6
0.33583862863311942,-0.92443666908908884,-0.1806357117551716,0.9403995694371956,0.31818298099217052,0.12003433012798914,-0.05348892707995536,-0.21018191037862358,0.97619798157414206,-8.9832714772877722,12.290149233540207,-2.4047211671102962,0.6576669308164087,0.254420856796353,0.4482758620689655,1,4
-0.89664982269396154,-0.425543236721318,-0.12219676404730144,0.43670293863021969,-0.89549410649597438,-0.085911865436085991,-0.072867268746799219,-0.13039654486113406,0.98878061380351756,-6.7386344672585698,9.1088171889978646,-2.116623972726996,,0.2397370144740121,0.1481481481481481,0,5
0.23336961987012869,0.96617846441305344,0.1097168876067198,-0.9658531495111925,0.21726169705534232,0.14115611418547572,0.11254472044917037,-0.13891195015932487,0.98388879249737959,-1.4886152007231348,14.916222381084875,-2.5986248650387775,0.2996219884099825,0.1725685671775459,0.25,1,2
-0.87153383322929145,0.48993072489889916,0.019916383624980539,-0.49032334221862112,-0.871077763018824,-0.028399838902431283,0.0034347652349926848,-0.034516888245638921,0.99939821233261161,-4.7960240814235799,15.764242303173468,-2.6671436836091784,0.3825235787254034,0.373124423995829,0.5048543689320388,1,5
-0.26527783727109611,0.9625395163760857,0.056083406345026232,-0.95959345088870762,-0.26923303717073976,0.081816750774652419,0.09385136154724881,-0.032113098734169301,0.9950681739586581,-6.4020666699333635,18.319089632666092,-2.8444227065561352,,0.5337433039912292,0.7666666666666667,0,5
-0.79599058518781474,0.60462044155771333,0.028863643964610483,-0.60527489615209318,-0.79554650494867674,-0.027350659078315361,0.0064256035073033384,-0.039241306228271218,0.99920910299349575,-20.055783615826197,7.3086804952549072,-2.2602141918661105,,0.3888843280310864,0.5588235294117647,0,3
-0.98933102332450895,-0.13450501011295501,-0.055968996258594091,0.13132718383946732,-0.98969614750337953,0.057050034195998994,-0.06306581540323887,0.04909111805086306,0.99680126658027568,-7.1255398301113786,7.140688230363498,-1.9406242792432731,0.5216970429343692,0.4942432764729617,0.9596541786743515,1,5
0.30940633530747969,0.94232961908762236,0.12760332543383091,-0.94527613538864619,0.29017416670895135,0.14917097854298664,0.10354104276228747,-0.16677482413404768,0.98054342611572087,-16.495487140669749,16.066096303704782,-2.9420259516968774,,0.2260811108389224,0.4285714285714285,0,1
0.81683954159466976,0.57430265502211808,0.054310438425364926,-0.57123698264522171,0.79215856091655112,0.21487932433112539,0.080383287726940061,-0.20654605975705345,0.97512935154934366,-8.0659498072323181,2.4850175534095991,-1.5296203573123008,,0.7503807430687279,0.4806201550387597,0,4
-0.92284833902967656,-0.37427183985264023,-0.090947968880486244,0.37592308725816054,-0.92665020431546763,-0.0011096433638811628,-0.083861645681799338,-0.035213473776684538,0.99585502742523646,-12.994147240091509,10.619558407819724,-2.3420363784378204,,0.08964841622041869,0.4,0,5
0.95627488294778806,-0.27079098583400135,-0.11050153951074172,0.28907532962316046,0.93251206316295443,0.21646409831385879,0.044427492011766455,-0.2389424492354181,0.97001685753749889,-8.61417268341315,11.234109420742264,-2.3110004012199963,,0.1512645113642832,0.16,0,4
-0.55387310352349595,0.82520435829964223,0.11073550576271722,-0.82536341985166162,-0.56167906496137987,0.057374673462067274,0.10954364593174533,-0.059618747281237394,0.99219241813702397,-8.9807005599620862,16.603043356048111,-2.7581226990454057,0.7063792390947523,0.4366512190410764,0.4814814814814815,1,5
0.87975295664729158,0.47367386299020386,0.040838790264719468,-0.46681836097181617,0.84434676996804181,0.2629812729152437,0.090085254786426358,-0.25042284952550209,0.96393622367125131,-4.0330384699393083,-32.240614728284434,1.0065958229235967,,0.1826088578576502,0.1428571428571428,0,1
-0.7124481511497015,-0.69765366096091741,-0.075478482173403652,0.69442449396092421,-0.71642081190701101,0.067200018256047975,-0.10095669423315111,-0.0045375780244568918,0.99488047336108953,1.4628557086345937,17.609959885282372,-2.8103912398925819,0.2481885361456872,0.2564728577407884,0.7733333333333333,1,5
-0.83297848796271567,-0.54167134274755613,-0.11286715659308059,0.54453441743669795,-0.83871410775475941,0.0063963802274450143,-0.098128012403306361,-0.05613200423285792,0.99358949837575228,-14.833869007353124,4.1606388492710478,-1.8446900439503602,,0.1585709378368648,0.5848214285714286,0,5
-0.69124281387684727,0.7222747518117727,0.022417742055351509,-0.72202484910742781,-0.69160014771936129,0.019218557332804666,0.029385192444747459,-0.0029014771754630199,0.99956395087817473,-18.68187795742524,11.293334820106033,-2.5608937360194406,,0.146142743489918,0.1379310344827586,0,1
-0.77036003540927134,0.63134495594624029,0.08915695399388103,-0.63689571926656763,-0.7685510216363256,-0.060771456471630611,0.030153915569109645,-0.10359958370090742,0.99416189206429106,5.2360176085108021,-30.716303701595276,0.63465937209939827,,0.4101001327424002,0.2333333333333333,0,5
0.96478550977403066,0.26014078991056677,-0.038931857838682214,-0.25238948821927198,0.95721923202361281,0.1415305199613873,0.074084184320804311,-0.12672060317420014,0.98916804556389193,-4.7773952182272978,8.8018071848856838,-2.0865461532894853,,0.07173128381118103,0.3076923076923077,0,5
0.69979034853424704,0.69441306992375118,0.16758268531500689,-0.70729097083780268,0.64064633415872307,0.29885072712026173,0.10016461785299216,-0.32766257468325827,0.93947021585694945,-11.751925732236847,-28.20380557257041,0.68679103771193772,,0.5623193200276586,0.3461538461538461,0,2
0.85306903797362155,0.5211164360812085,-0.02666226728504267,-0.50720671487320401,0.8401300601229279,0.19215314326176874,0.1225339334155713,-0.15039661606520674,0.981002697772969,-3.8135400577914425,3.6468553518249798,-1.6860779417587743,0.6631165220746795,0.3465432629516643,0.7341490545050056,1,5
-0.49943049257038041,0.86269476133759493,0.079542013122483171,-0.86474395910776658,-0.50199159367957402,0.014910568790861075,0.052792691516276601,-0.061336682627213729,0.99671999231818165,2.9067200135467641,-27.821841455715205,0.5471383595727578,,0.319380391403745,0.3947368421052632,0,1
0.76185310688968055,0.64774982328407804,9.9789715909033555e-05,-0.6396737124097599,0.75233009319495303,0.1575340360848729,0.10196756922893421,-0.12008162769016728,0.98751355308006972,5.7094257721512616,-27.299109446632475,0.41351816323944934,0.2549639047528753,0.3193397866352829,0.8936170212765957,1,5
-0.12609787986870724,-0.9792056259365538,-0.15892031596626607,0.98743979661849757,-0.13926764567984892,0.074613476804208337,-0.095194394512686992,-0.14751564324163363,0.98446795897701511,8.4664371258063351,8.3931501360744232,-2.2144311061023432,,0.1704158824145764,0.2222222222222222,0,5
-0.99786392946072622,-0.024059512861543134,-0.060734818037622665,0.032904024881336646,-0.98827246694059379,-0.14911356824166266,-0.05643494863828856,-0.15079347110540914,0.9869531020490161,2.7661873593107389,4.359221020289012,-1.6860932619154501,,0.1183219091226615,0.3832335329341318,0,5
-0.42718226910769996,0.89612624627338833,0.12030403027314825,-0.90225647762576766,-0.43113186998566155,0.0076524025644942673,0.058724420323567179,-0.10527611990680827,0.99270760097574973,-12.471653631112741,6.1647557427925141,-1.9926593040793719,,0.0862955396829133,0.39,0,5
-0.16112332381442324,0.98585070634352578,0.046234828051654922,-0.98401329586106945,-0.16407167329075875,0.069269903942538874,0.075875609332845581,-0.034334688371151084,0.99652597612045613,6.1678597040805672,6.0354137052358832,-1.926438855187004,0.5303466657909326,0.2122916710768904,0.5,1,5
-0.92089371692194044,0.38979472212937855,-0.0038518480983735022,-0.38949344126266328,-0.92049258595202432,-0.031436577751453317,-0.015799409706092556,-0.027449477361784883,0.99949832658464399,1.8803899273845424,16.842179066660581,-2.8136617409506299,,0.1012793845512235,0.2857142857142857,0,3
0.73644794185376661,0.67640423303793729,0.011033696919514011,-0.66825868261632504,0.72484853743414135,0.16740648400668698,0.10523669534551948,-0.13065952436752237,0.9858262152351237,0.27078132108531222,10.021178417511631,-2.2406021995393206,0.5024633973435183,0.245472237842831,0.3548387096774194,1,6
-0.34561833494720423,0.92372417984664335,0.16517144461125333,-0.93416982202699728,-0.35534302122008288,0.032528155254062101,0.088739563681431113,-0.14305585215862346,0.98572831601856703,0.53736364458514208,-27.536182804491297,0.67294550319451296,,0.6398894685659728,0.6071428571428571,0,4
-0.90607213324118074,-0.40989660572328229,-0.10496695661163441,0.41235773613925025,-0.91101997744774843,-0.0019230541379602706,-0.094838741081317915,-0.045026362362920395,0.99447385077862893,-10.88594396432236,7.6212523739796367,-2.0291701734729428,,0.4388120758979978,0.3225806451612903,0,4
-0.99292318695553161,-0.10267872178580066,-0.059670971992285049,0.10109150043565536,-0.99445309601524479,0.029043904099869428,-0.062322173788610782,0.02280613772931913,0.99779548342139412,-3.3319210939612898,7.7059658961287081,-2.0082607008948137,,0.07649982648982002,0.3469387755102041,0,5
-0.96232417359619793,-0.26325450210669032,-0.068038606929839485,0.26086422116398078,-0.9644585581802505,0.042065991838805765,-0.076694478477294672,0.02273228262694835,0.99679546562856347,10.371724427384406,5.6186828994607216,-2.2169829686027782,0.220211014903399,0.1386018639720474,0.3333333333333333,1,3
-0.36088593633309679,-0.90420844327848715,-0.22840409817005727,0.9273068867930202,-0.37398639751143675,0.015365942296291948,-0.099314040614705584,-0.2062553407316057,0.97344514779029467,13.97050335784107,-26.305625278757642,0.10175177841221367,,0.4967444464252503,0.3333333333333333,0,5
-0.15702404980462409,-0.97130214741964815,-0.17864933865239066,0.98160910461655426,-0.1733835010534244,0.079885713969053723,-0.10856801332272389,-0.16281983902595798,0.98066441074544963,-10.80672524528133,10.737769664232159,-2.3120266448048072,0.6415233055206867,0.3927823535952444,0.3875,1,5
-0.37779919447350147,0.92520888109544253,0.035444251964092628,-0.92285209721974348,-0.37938185888171699,0.066433514197098587,0.074911783534345147,-0.0076112741097401626,0.99716111696863308,8.9355702827325256,6.2513838772507304,-2.1916591388118314,0.26712632942224,0.1884655824532061,0.4,1,5
-0.34716784702483899,0.93747425577554244,0.024829533830330805,-0.93515898441099921,-0.3480544359182855,0.065846666680963797,0.070371584233466497,-0.00035971613477830548,0.99752078210770911,-1.429234720509607,10.806757841650297,-2.2994163915016643,,0.1163683020506802,0.3617021276595745,0,5
-0.94646331352699531,0.3200708193620993,0.041974596369426825,-0.32225659851075694,-0.92919524434909584,-0.18096099744227295,-0.018917739393986849,-0.18479953590823719,0.98259414341035178,7.4198315439175877,2.8061511942312332,-1.8514147973936652,,0.4016076587071056,0.2,0,2
-0.87399099299786032,0.48417865553187966,0.041361500044799646,-0.48573244695141882,-0.87294368511382847,-0.045092267612942827,0.014273546763224832,-0.059500858373902885,0.99812620129699414,12.247606405410897,11.496606369994103,-2.6724648269425662,0.4157429506342772,0.3665879018418947,0.9230769230769231,1,5
-0.99791339353696351,-0.029274936986954492,-0.057548562657551039,0.0294006484849492,-0.99956681092727695,-0.0013387909983877085,-0.05748444022694036,-0.0030279625299465397,0.99834181049113235,12.81134198012208,3.4892168073320335,-2.1385481100777577,,0.08457975820694272,0.3125,0,5
0.93773950970364051,-0.32626534492706,-0.11914502356541028,0.34664118014663836,0.90081175523314538,0.26149201490738916,0.02201145536582045,-0.28651196542798513,0.95782377789407169,-7.2942853153382279,14.715393245651535,-2.6235552876368242,,0.380884507227653,0.2666666666666667,0,2
-0.99832608510124154,-0.013605517105019801,-0.056213145355276384,0.014783460846038309,-0.99967864731251155,-0.020592508172664028,-0.055914909387765846,-0.021389062899823404,0.99820640696021667,0.46584055226401039,6.2451615271208381,-1.9056095949785772,0.1893137551351467,0.1386651623627344,0.2894736842105263,1,2
-0.22090369744186755,0.97490568378418152,0.02757651504106063,-0.97444403692523818,-0.22180389563490602,0.035522539070650408,0.040747703706564553,-0.019024710417710793,0.9989883307807782,10.606323062842289,-30.276470101223001,0.48476043794669965,,0.4088953457962056,0.4117647058823529,0,5
0.065832622744844638,0.99782978339479911,0.0013375921739701355,-0.99385838025791429,0.065450995588637373,0.089228286812942911,0.088947095363769907,-0.0072035093353929134,0.9960103029987214,-9.8227250795363954,-30.35173975963832,0.86200224991080299,,0.1034024799212315,0.1666666666666667,0,3
-0.99868504352171172,0.0075425106840151046,-0.050707932107496634,-0.0057359617891744518,-0.99934687089303642,-0.035678149877065635,-0.050943916107716931,-0.035340375901774801,0.99807603680417645,3.9153176498104889,3.8466417312670611,-1.6514806337783985,,0.07267488424601498,0.2317073170731707,0,5
0.99760408017339663,-0.04183491806244926,-0.055099354370980617,0.04888006044774821,0.98985029994250373,0.13344333401994876,0.048957521506048866,-0.13581687426252778,0.98952359130722167,-11.849444735585092,-24.233358943406465,0.4266789191846504,,0.366246337672649,0.2592592592592592,0,1
0.93072794426990746,0.36290723506471101,-0.045208765663276675,-0.3520452352518022,0.92255237587825367,0.15799134817416718,0.099043657503212285,-0.13113143215520209,0.98640503922542411,3.0775827558488933,-27.844170812291072,0.54213659378704748,0.4149130481219236,0.1906058825213626,0.2631578947368421,1,5
0.24732263450171346,0.96889789627167189,0.0082692843379142417,-0.96345858360963854,0.24501032309961474,0.10824739832223695,0.10285461648386207,-0.034739144706684245,0.99408959339337577,5.1509391191986618,12.39377748492114,-2.4525237435962755,0.3127936492305616,0.3197839638782024,0.6486486486486487,1,5
-0.5342619411577495,-0.83992973337769994,-0.095300688446727552,0.83993125639189814,-0.54018071001589396,0.05215635208345943,-0.095287264449570266,-0.052180873074256631,0.99408123094590595,-6.2146452519506363,16.145084923742314,-2.7003402020203691,,0.08581133234370289,0.6,0,5
-0.80131071939835352,0.59409046506001273,0.070410583736194979,-0.59728359123925179,-0.80113967523771645,-0.037782699696420181,0.033962370553844233,-0.072330768589756983,0.99680229599533909,-12.867184337716614,8.7912903489342078,-2.1997970500250181,0.6508712790309096,0.346264854012616,0.2439024390243902,1,4
0.33771727475692503,0.93340336388167011,0.12126500989624482,-0.93531640684152806,0.3183519814349991,0.15438664129212062,0.10550005414125391,-0.16556018908780815,0.98054044402329488,-13.135524441132794,13.36396593970875,-2.5762459186402835,,0.3311328489500583,0.4516129032258064,0,2
-0.7017174926951617,-0.70405278784817016,-0.10909735271231924,0.70544054713386894,-0.70804926044592276,0.031935548240961009,-0.099730611675073896,-0.054551963348742606,0.99351793561551494,16.352678275912012,10.094275201327113,-2.6931762404252311,0.9690698646033544,0.5250475528475965,0.2272727272727273,1,6
-0.29753399702623923,0.95464927512766096,0.010875757988417958,-0.95355004155071432,-0.29771450840089647,0.04591720534010775,0.047072697736830781,0.0032913501553653371,0.99888604362156042,11.871934619740076,9.4299595282597224,-2.5320073942888448,,0.1858803390716703,0.391304347826087,0,5
-0.87501469160933587,-0.46461123734008608,-0.13596208149749836,0.47435489354185045,-0.87895549679057483,-0.049240934541634397,-0.096626727362143353,-0.10758081984697795,0.98948958698933975,1.9562976906589276,3.2663998365595175,-1.5793569381797634,,0.1080560723587444,0.2129032258064516,0,5
-0.40238232460626805,-0.87636427775649728,-0.26471516298993719,0.90940453599081716,-0.41587565867735427,-0.0055521562481796452,-0.10522288136989612,-0.24296725950631709,0.96431066365783169,-26.250396609468336,6.5326815784343202,-2.3827503745515055,,0.330481263347706,0.1578947368421053,0,1
-0.41962327808601352,0.88530276521899887,0.2003879197555164,-0.90565758627204773,-0.42314518600745166,-0.027064515266466325,0.060832893373879808,-0.1928397403397813,0.97934273552697026,-18.877275061594474,13.862891835231192,-2.8365723347882401,,0.3727126563174963,0.3333333333333333,0,1
-0.99842713387889459,0.012848220873410908,-0.054572718044490764,-0.015724335348933562,-0.99849162645818912,0.052604345549724894,-0.05381452974996364,0.053379725676221193,0.99712316254037636,-1.7803135929471265,8.7555374519538489,-2.1176778823341311,,0.07880793232090837,0.3766233766233766,0,5
0.50954551945037585,0.85964859281097628,0.03698189403145917,-0.85079165574965521,0.49694449635273746,0.17087927332325537,0.12851817814926492,-0.11853465494458446,0.98459769117257301,15.221425350078611,-33.156853501153677,0.6771062275155586,0.3041197834785762,0.285565870828712,0.3809523809523809,1,4
-0.10815214931982442,0.99405744189679668,-0.012365872678437887,-0.9904316879447923,-0.10666843179728366,0.087560934055881667,0.085721549871269995,0.02171745536441063,0.9960824102553778,-14.804763316127447,13.610119686517319,-2.638960985910348,,0.549937238246289,0.9364406779661016,1,5
-0.52946562597813096,0.84252518350856942,0.099083127026949852,-0.84735638381814726,-0.53083562303671927,-0.014166866903193692,0.040660911330422517,-0.091459589267998576,0.99497830821616928,-3.4255301754789991,13.247393632373855,-2.4548496386786147,,0.161688708619204,0.2222222222222222,1,5
0.026327294878366235,-0.98603545551351002,-0.16444133912934666,0.9969692165487325,0.013852323718004203,0.07655386588421835,-0.07320693135622354,-0.16595840924122185,0.98341168978385107,-10.036179520783209,-28.784118714477241,0.77986103890384773,,0.195928887923615,0.2777777777777778,0,3
-0.71084401609016956,-0.67717167051361837,-0.19010342827680415,0.69589375150884314,-0.71638263679348946,-0.050277274307150087,-0.10214044938097466,-0.16803108746479917,0.98047584480478134,-2.7669444039013249,5.4451341662362447,-1.8552059975952526,,0.08127110694404532,0.3461538461538461,0,5
-0.97509142781781954,0.21736685452006274,-0.044140207886439062,-0.21937538624193928,-0.9744922839854504,0.047320485669726936,-0.032728386874458358,0.055825075090613824,0.99790401025535602,-2.1181099973876094,-27.651866536411013,0.73458928621210839,,0.1346701910464881,0.3333333333333333,0,5
0.01205732556021823,0.99406655049898895,0.10810325656231504,-0.99741769471711805,0.0043018065614455619,0.071689864872936382,0.070799457381585038,-0.10868848899193841,0.99155143547630675,-13.966007694726004,5.6430162026920714,-1.9717962807285012,0.3643757123705549,0.2241449226139664,0.4293478260869565,1,5
-0.16068858844634165,0.98683232454218295,0.018469996800104228,-0.9836210076580999,-0.16165789254532986,0.079727279343201896,0.08166327716169966,-0.0053562128856341163,0.99664558402008563,-7.5079523688090246,12.33929433522839,-2.3800912078082277,,0.0768610972367483,0.3235294117647059,0,5
-0.94457794282643992,-0.32105901419708832,-0.06850999436991051,0.31852553485389257,-0.94682380814869582,0.045455032381955994,-0.079460641652411859,0.0211136383789443,0.9966143791369817,-8.2959708185442658,10.114594617784674,-2.204154457414337,,0.06905059048923556,0.3333333333333333,0,5
-0.97383789538621823,-0.22631079765106277,-0.020571251208457812,0.2267852012813284,-0.97363054680973526,-0.02473925622900594,-0.014430037752170836,-0.028757280565394401,0.9994822623863594,-6.2654725265148423,22.471900371527532,-3.2503185463791668,,0.4235689230089699,0.7666666666666667,0,3
-0.40972095773373374,-0.878354529529079,-0.24621546915151585,0.90182916287493353,-0.43062976405433545,0.03552699394550244,-0.13723300543982905,-0.20748813644701875,0.96856376942961009,1.9120242470467261,-27.734605129025315,0.63957414872574081,,0.4994617285254721,0.2903225806451613,0,2
0.69925383340796821,0.71083198731366326,0.075907590371254927,-0.70796930605982045,0.67386372872468148,0.21139332247364445,0.099113763632699109,-0.20155783517635312,0.97444902428889768,5.1935397466012052,16.658555461754744,-2.8093004823285503,0.2765163396347154,0.2363767724941555,0.2272727272727273,1,5
-0.86870579381580093,0.49342232438755501,-0.043412597098550706,-0.49531458425381059,-0.8659937910351686,0.068689275101807654,-0.0037022177588261086,0.08117366373719459,0.99669309714633181,-9.84683141210553,6.9805443803858127,-1.9561847961099643,0.2663484436467387,0.2312541865132368,0.7632311977715878,1,5
0.14081727174660388,0.98381091308823865,0.11084486125359984,-0.98732398919443043,0.13126787553527883,0.089219309645680603,0.073224561036856539,-0.12200341036602744,0.98982489942414531,-12.008205149571996,21.03351065050051,-3.279697982103047,,0.2874682415201882,0.5625,1,4
-0.75589275756109109,-0.62078732107526713,-0.20796451874991534,0.64424523264130773,-0.76183133395783542,-0.067535907626785435,-0.11650845156312836,-0.18503005321357871,0.9758020599087418,16.6194974837967,6.5753831239533103,-2.5261827254713638,,0.3496207904740789,0.3043478260869565,0,5
0.98410599738468041,0.17400318009205326,-0.035472231806816863,-0.16169484670735113,0.96058833098201035,0.22610801606639902,0.073417725787375668,-0.21677857758332403,0.97345615506871264,-11.871240593334075,-30.370525920752691,0.83446272182500647,,0.4064373394716844,0.525,0,4
-0.99802124979151274,0.03745438969218564,-0.050504986460472093,-0.036134396732089229,-0.9989875001017452,-0.026800746505902844,-0.051457655770493077,-0.024922747305455208,0.99836414515413874,-8.3771999861026281,6.0610586023753177,-1.8415785116745567,,0.08807555354407362,0.3049645390070922,0,5
-0.84208142741744363,0.5367913041793877,0.052478236974898146,-0.53884566484631402,-0.84151006682054896,-0.03880923750874906,0.023328503486842154,-0.060958208611051355,0.99786766543865779,-5.7026911045175686,10.75402146282414,-2.2377471850230415,0.5968210463577484,0.4004936657313395,0.6,1,5
-0.9147084911856691,0.40372610566834977,0.017708973846777436,-0.40320932421617017,-0.90885223880289601,-0.10681689420735119,-0.027029928190376341,-0.10484674351086631,0.99412099030107559,-7.5027630806221204,-31.218599697555184,0.87865082632920832,0.7129635123879212,0.410454967871156,0.6862745098039216,1,7
-0.050249135626345483,-0.97292178771085092,-0.22560633715905626,0.99466549568130613,-0.069126308832088645,0.076564385508611735,-0.090086492160954587,-0.22055554498758667,0.97120526950040909,21.418003673731093,8.4484111828122188,-2.7282076724313375,,0.1985305137995335,0.4,0,3
0.2682265187598466,0.95481633631585594,0.12798554034867324,-0.95860568618158304,0.25136104125337527,0.13376384175238815,0.095549322626130709,-0.15856667633644658,0.98271406629868852,13.450800607838728,-29.039033096966822,0.3786690901998655,,0.3697737651464097,0.3571428571428572,0,3
-0.9979687394454918,0.038024405439993955,-0.051113008916624451,-0.039701618983004304,-0.99869232986293743,0.032208876463892241,-0.049821446583819054,0.034172721048708839,0.99817335598403101,5.471668916935525,13.93861764494045,-2.5744579301457389,,0.1346636840043201,0.25,0,1
-0.99140982271191802,0.1266559704268497,-0.032631711348865187,-0.12278359211583031,-0.9872350031884557,-0.10144573912502983,-0.045063876192091373,-0.096567663504524781,0.99430575449799186,2.4039201003598634,7.3247017393846967,-1.9926120490843067,,0.1372160095597944,0.1851851851851852,0,3
-0.8726986626448261,-0.470478137945194,-0.13056556182070356,0.47942599790772505,-0.87633951381740716,-0.046687996877720288,-0.092454079131831041,-0.10334107720502579,0.99033977250941085,8.4753703103977163,12.594737155257935,-2.4469568976681346,0.2161034528473779,0.1062565064360378,0.2666666666666667,1,4
0.99234272241791932,0.11547678278766757,-0.043829600741983318,-0.10319322082009795,0.97012357513019998,0.21957096382120644,0.067875477464002396,-0.21336673033443837,0.97461149077231002,15.916549507607115,-26.760461466304815,0.13007073305020742,,0.1031424337882715,0.5833333333333334,0,2
0.97141424983534952,-0.22479685879271386,-0.076293692358897894,0.23369165655362292,0.96205976529343384,0.14081625495931849,0.041744039982362029,-0.15462011602787301,0.9870917155186133,0.32949966218594884,19.180991550175769,-2.888438654933601,,0.09113192880789843,0.1578947368421053,0,2
0.46500992894941762,0.88472658006482519,-0.032010068810548763,-0.87896345018022115,0.46569700463393066,0.10271101753106805,0.10577816043843871,-0.019625962442218127,0.9941960583167071,-1.8882530497943957,-30.991717422413458,0.89489148187427059,,0.1105485156056827,0.3125,0,1
0.97397470073977854,0.2258665866645978,-0.018909451270242419,-0.20866698641573564,0.92611751842052015,0.31426808755391061,0.088495034318503404,-0.30214338831604604,0.9491459328248032,-2.0285948919126295,18.96121056032316,-2.8618575470196816,,0.3485261401111593,0.1904761904761905,0,4
-0.523460803382364,0.83017539170426158,0.19182702189985146,-0.8510292775356314,-0.52042671758521775,-0.070037135868465605,0.041688800648039349,-0.19991210726754916,0.97892655151874219,-13.806105053754239,7.4245372925536017,-2.0880798205457998,,0.5439541902809751,0.5617977528089888,0,2
-0.76936110823920367,0.62758201023102722,0.11926569315326539,-0.63859875828199064,-0.76042633171265073,-0.11808225928878352,0.016586471886628072,-0.16701082142312348,0.98581553775436614,-5.008238151978559,12.172595724999004,-2.3544879600727135,,0.2245870847303066,0.1621621621621622,0,3
-0.087112019244765387,0.99591106015344377,0.02393023959646564,-0.99183561555877864,-0.088951198062242623,0.091377218563665652,0.0931322060956353,-0.015774809898578383,0.99552877786652927,5.4730926577789347,15.092155438997175,-2.6855993587391938,,0.1156026152221417,0.2380952380952381,0,4
0.99838717251207931,0.013287999497287839,-0.055194952963980817,-0.0029889338429557018,0.98317688005630099,0.18263156571973266,0.056693209803453624,-0.18217203844750343,0.98163090231006056,-6.3996081726091996,-30.377641645592448,0.83825352067515535,,0.1070651613933895,0.3333333333333333,0,2
-0.99762178079166575,-0.027399685264822494,-0.063245867354747354,0.03441736838838455,-0.99303484312699108,-0.11268205309174723,-0.059717897177344124,-0.11459082678444109,0.9916162136500063,10.259684370346475,2.8860951906674956,-1.9920371919822666,0.3124359492606249,0.2731583643902846,0.2611464968152866,1,3
-0.26879433067883512,0.9599281246146727,0.079294409441494615,-0.96036602592047648,-0.27340223976173988,0.054298356798125023,0.073801788952771577,-0.06155656640052664,0.9953713302483399,-0.48993967786938358,8.6901433389304668,-2.1286804886086297,,0.08363415086491946,0.35,0,4
-0.86708787922308261,0.49759687709572309,-0.0235787533385984,-0.49796925626183441,-0.86708589377238532,0.013735815919772548,-0.013609905306596637,0.023651653758877275,0.99962761554091639,-10.206637646858187,8.4031243488973093,-2.0898630040124506,,0.1009764123435199,0.2702702702702703,0,4
-0.24696278224891968,-0.95759435440248997,-0.14839958423240263,0.96528194010002988,-0.25655428164527122,0.049098642406901448,-0.085089131506876567,-0.13112190124443832,0.98770789543946069,15.341590562228333,4.7588996599813544,-2.3571714104948054,,0.4848129118800733,0.4772727272727273,0,3
0.2422413897391302,0.96833412139736053,0.060399821480327458,-0.96291776030199872,0.23233136985370725,0.13715510007608808,0.11877919006390203,-0.09138470287471856,0.98870639731330867,19.227153376004321,8.4369584484434128,-2.7353587917431637,0.282596257212834,0.2478728822203815,0.2592592592592592,1,4
-0.93413255042861554,-0.34838715320270125,-0.077606505610339938,0.34737674255134166,-0.93734835008767881,0.026598295477831459,-0.082010834431488294,-0.0021123615279517016,0.99662919933374761,-4.0643691041243324,14.28834998951287,-2.5489205987223467,,0.5140274891890055,0.6829268292682927,0,1
0.53115769362751997,-0.83592503932425755,-0.13820576374027488,0.8447433011307649,0.50988354219534104,0.16256545940952805,-0.065423693681971887,-0.2030962875807214,0.97697064350774532,12.657327300138725,13.581839844608027,-2.7772235670035381,,0.1360522049922761,0.3157894736842105,0,5
-0.4695334520161154,0.86122294298413582,0.19450804588904205,-0.88114309628812626,-0.47102764413353632,-0.041470499463889948,0.055903321024820027,-0.19086120857773628,0.98002388632045179,15.894388300154096,-22.444842711081694,-0.29723145806398232,,0.3557248119983164,0.3333333333333333,0,1
0.59732491901312779,-0.79755659801711853,-0.08429954973380048,0.80091579654868705,0.58775139170528967,0.11437739456413014,-0.041675268022458786,-0.13583730896869398,0.98985423044375642,-12.500231291654218,-27.059664548430636,0.63387158086581541,,0.0823863603505654,0.2307692307692308,0,1
-0.73995216444511924,0.66558653694510062,0.097290062033135935,-0.67229305501536929,-0.73654621862371961,-0.074308249940382848,0.022200056555902965,-0.12039198340640697,0.99247817498441093,-0.84108103425376612,17.49927580455449,-2.7689206525807704,,0.2429400185329952,0.2,0,1
0.12552004497948249,0.98794526424086893,0.090602832032930028,-0.98728326291247448,0.11540975700592129,0.10932678885219181,0.097552432472215608,-0.1031733630927716,0.98986806194910681,4.307952972343096,1.5293352057598419,-1.5351960235258277,,0.4831106959916296,0.1339869281045752,0,1
-0.27983495799506158,0.9598609999892862,0.018954075642708575,-0.9572871583794631,-0.28047202829395479,0.070261922450559663,0.072757767184511421,0.0015172489058867332,0.99734848737544224,20.18955838095129,4.0127100173513659,-2.3908909028637018,,0.1246557165145133,0.4444444444444444,0,3
-0.94179251821627652,-0.31271597874289853,-0.12343244820838709,0.32508631897028228,-0.94067373367857487,-0.097220429877485193,-0.085707280030327654,-0.13168767370594026,0.98757917087376967,-5.8362445242362186,3.9617391529886965,-1.6850690828827373,0.6595379478700144,0.4829096778857159,0.2735562310030395,1,3
-0.44745774898669327,-0.87181525533243009,-0.19929807686330114,0.89194298787532067,-0.45123943999118965,-0.028647411340004571,-0.064955902363117851,-0.19058102834775251,0.97952008778896749,15.007928260527558,12.794617637035486,-2.8410465677152192,,0.3522979600635645,0.4,1,3
-0.94249564393615293,0.33341609034796199,-0.023144585942617396,-0.33368133190118859,-0.94264644050906465,0.008628843273492344,-0.018940166367391296,0.015855563461108405,0.99969488905630888,16.565090737039693,5.5827589787187604,-2.4809966926222891,,0.1334494465020084,0.1875,0,3
-0.52153487049793967,-0.83314328321595077,-0.18404795159643461,0.84689380354461297,-0.53171444353705122,0.0071159013360030778,-0.10378951956935069,-0.15215787908035069,0.98289150747238319,10.451672883453126,11.085338187327974,-2.4968422791758811,,0.1457751138350402,0.3333333333333333,0,3
-0.9418253017870537,-0.2893892510594962,-0.170935550091107,0.29914546452271851,-0.95360847000752391,-0.033806463662992219,-0.15322236119187163,-0.082974377377201342,0.98470206698760121,-16.084526425162942,12.381765469747233,-2.6512278961802402,,0.5001908537180501,0.3857142857142857,0,2
-0.97062909318126833,-0.22039399243178387,-0.096465805185504142,0.22920786112343722,-0.96897614710218172,-0.092460709202510802,-0.07309527939154388,-0.11185577520624956,0.99103247458581378,-17.530936022949081,4.2628260286226825,-1.9140756941167711,,0.4572641067105405,0.2857142857142857,0,1
-0.75371118482911492,0.65135986595780748,0.087462991504514934,-0.65694264301751093,-0.75047340437886878,-0.072222109531352094,0.018596065408021827,-0.11189278055092773,0.99354627069499035,7.9428006985741879,11.170689561264242,-2.3287541375098861,0.1667124689713744,0.2119240360942674,0.2580645161290323,1,3
0.98582749951773618,0.16436126427421122,-0.033608272802837791,-0.15253393433607873,0.96156913126485555,0.22829411879088715,0.069839387673174227,-0.21993221820536832,0.97301196258047218,18.230609166038857,4.5493218560754425,-2.395437664006244,,0.2348323190612729,0.1538461538461539,0,2
0.99513420019187726,0.094870282540761755,-0.026599870283701539,-0.077570551192870041,0.92082631221015676,0.38218020923260615,0.06075140488999415,-0.37825723024428815,0.92370489582540005,18.578931892896506,9.6616816463099102,-2.8213603713545465,,0.4796047296784577,0.2,0,2
-0.14441096979582607,-0.96434615616968411,-0.22177006760017248,0.98535641639001836,-0.16067814657495771,0.057054937492371845,-0.090654313089069113,-0.21028320021816435,0.97342835957473406,21.330365765285471,20.19430792245749,-3.4782978761342767,,0.2511265879004903,0.1428571428571428,0,2
0.57474931789491823,-0.77883552301310421,-0.25115423482838256,0.81791916647466589,0.53701823121332704,0.206445286838664,-0.025912519999306643,-0.32407815020055608,0.94567536389073414,7.0365572108316874,13.376441903428614,-2.5036525305447399,,0.5161813479539383,0.3894736842105263,0,2
-0.98909970471049857,0.1465327319593461,-0.014489051250338326,-0.14185981702245329,-0.9746594508949874,-0.17295880172873057,-0.039466016469369841,-0.16901808555776707,0.98482248161708164,14.822747228736583,23.753110976326337,-3.3446408548470372,,0.2585435924489632,0.4444444444444444,0,2
0.071988443288379861,-0.96948397672497655,-0.23434692851932459,0.9946249719697261,0.052246394353002025,0.089395074871790645,-0.07442331064349518,-0.2395227194873929,0.96803410977208149,6.6805841806336588,11.213118448275498,-2.3138411847096387,,0.09708789313070783,0.2727272727272727,0,2
-0.99185972252163912,0.12567722045336016,-0.020482360665059467,-0.12017767529175334,-0.97708641047833233,-0.17566864495417964,-0.042090583278995071,-0.17177713095079103,0.98423625216791744,-10.07542671798674,17.57053652227928,-2.8789927422762407,,0.3407300937194378,0.25,0,1
0.97271659566865998,0.231925191203948,-0.0057558835798183026,-0.2238417770938925,0.94475630452830128,0.23943764090358893,0.060969527948151372,-0.231616559725422,0.97089468322920591,21.778233372729154,-28.328623279466221,0.0044238793050304153,,0.3092407920075251,0.2727272727272727,0,2
-0.21181771096466492,0.94702557021348799,0.24140386633918298,-0.97494499615177965,-0.22192843016322053,0.015166620055040625,0.067937558097823009,-0.23214293279595016,0.97030621298258168,-6.114475115565182,-33.290719043027103,1.0427375254111331,,0.4469479568700561,0.4516129032258064,0,2
-0.52276594793118303,-0.81597016216051721,-0.24679639006142381,0.84588172080211099,-0.53244866301993676,-0.0313454248837364,-0.10582947650097918,-0.22514687586555834,0.96856027493982444,12.571577241772092,0.74441218753370786,-1.9366625683094825,,0.3057679888845218,0.15,0,1
0.75351504698009508,0.63964330203185704,0.15189312078026565,-0.64939089004410944,0.68814053177675738,0.32365735037802246,0.10250144341571671,-0.34251869247062272,0.93390277834789137,18.55920890407215,-36.664926390699307,0.79842867591965994,,0.5852659684427286,0.4137931034482759,0,2
-0.60358382133116195,0.77049549554912522,0.2049957608483145,-0.79624926619721803,-0.59571665850011435,-0.10539814450857397,0.040910594076154445,-0.22684433897270995,0.97307141010738296,3.4473971921910702,-30.130636822356056,0.66350767918109999,,0.5075229438946247,0.4,0,1
0.92782276135652431,0.37255864453520399,-0.018573634292872641,-0.3636316605845652,0.91444734119314763,0.17764592763498693,0.083168136502300899,-0.15806997364102712,0.98391917579842902,-1.6949548497235869,-29.8813222692051,0.81829891767690188,,0.106074836748879,0.2777777777777778,0,1
-0.8216204392061458,-0.51969756877270568,-0.23420992910301441,0.56194064557867618,-0.80742401393225094,-0.1796918823212493,-0.095721286688599361,-0.27925060203564783,0.95543526025440761,14.397894042187307,7.7126609602734471,-2.4485419692274157,,0.09226576003404433,0.6666666666666666,0,1
-0.27703722663547148,-0.92009710693482383,-0.27689653097916117,0.9553513501160561,-0.29457524934464308,0.02300478873996532,-0.10273350422114202,-0.25816029184153905,0.96062432346195359,28.678537633025552,3.1599761305131246,-3.0477756149685149,,0.581127092099337,0.5813953488372093,0,1
0.96526008012365316,-0.22481112088717986,-0.13316507667226296,0.25980574630751008,0.88003793179872292,0.39753517175342573,0.027819991108511365,-0.41832188386561586,0.90787270560021038,-1.1219686964723614,4.227579286461947,-1.7370754207380905,,0.6407373470780839,0.3109843081312411,0,1
0.060407475940516001,-0.93334536719029482,-0.3538606539231347,0.99426655641809047,0.024926774493059668,0.10398399252713671,-0.088232372964844749,-0.35811322435479076,0.9294998477155374,-2.4512588498183874,15.703710242505752,-2.6408348673696431,,0.366570261301402,0.1818181818181818,0,1
-0.78958742564426843,0.61363417114155316,-0.0021911804755122164,-0.61347539170732002,-0.78929083253150556,0.025844253737993293,0.01412943855954168,0.021750533077195648,0.99966358004923384,21.610653905858278,6.2944209190189184,-2.6122933487704705,,0.08833700472828049,0.6923076923076923,0,1
-0.40277186163736639,-0.89817715613722526,-0.17621754642037563,0.90923150522539831,-0.41474989477667512,0.035785397696467207,-0.10522783556990711,-0.14580919372928494,0.98370055486682006,9.0453247184500345,24.284553420117,-3.3814843486869806,,0.1359905743531957,0.1538461538461539,0,1
