axis_00,axis_01,axis_02,axis_10,axis_11,axis_12,axis_20,axis_21,axis_22,location_x,location_y,location_z,dbh,dbh_approximation,score,reconstructed,number_clusters
-0.93439945369317534,0.35112757578424247,-0.060059024815395518,-0.35280190249480226,-0.93549136033481672,0.019665511306900894,-0.049279595513187162,0.039564381238619252,0.99800109278660698,-7.2341114571585896,-15.953458153534557,-1.0746286072184152,,0.06680616506792619,0.1904761904761905,0,1
0.12975648637481513,0.99143392833620347,0.014900335147405677,-0.9893401181446736,0.12845141464073245,0.068602949690791268,0.066101322779086896,-0.023643177041954833,0.99753276402643365,15.997083687323679,-3.1520735008301055,-1.2920390256990899,0.3463442955142361,0.2695403257265955,0.527027027027027,1,5
-0.52883160494988835,0.84801337959657674,-0.034791401686551274,-0.84869842529962536,-0.52870448043798668,0.013511301148765385,-0.0069366058024857326,0.036672610896805721,0.99930325883084681,7.2554510959126581,-10.26630383347641,-0.77801963696338616,,0.07605139065481699,0.4,0,5
-0.36500730104111101,-0.8921765911789562,-0.26606503028203604,0.9285954635857977,-0.36942543194934596,-0.035147051610569767,-0.066933812042648047,-0.2598957105866434,0.96331411513799725,-22.121812424368485,10.711404759026513,-3.4217256628834281,,0.2367713403035844,0.3181818181818182,0,1
-0.96194686631553417,0.26722972078757673,-0.056978089767189051,-0.26763235509955102,-0.96352092891501362,-0.0005848475163429352,-0.055055870618780652,0.014686588117847938,0.9983752577262045,-8.1696584313130103,2.0380770313993275,-2.1999094657436542,,0.06355068376459239,0.2388059701492537,0,2
0.99732016858329653,0.025927592242970709,-0.068412289082200498,-0.020133731951018745,0.99625722481278822,0.084060542741797584,0.07033572474005545,-0.08245787996791637,0.9941094425949728,-15.54830884598867,-6.380366370931652,-2.0626362163603096,,0.07529100437492928,0.3541666666666667,0,1
-0.8710978063033481,0.4816702060230415,0.095824967953110185,-0.4902025241567422,-0.8646302776008703,-0.11007255955141615,0.029834496205778025,-0.14285760632728683,0.98929348888516622,4.102428531087349,-14.764460636209929,-0.68831106272499121,,0.7648051332650603,0.5757575757575758,0,2
-0.93919793145269004,-0.31885254764537674,-0.12743742941161393,0.33049200041867366,-0.94010732932936258,-0.083505969849324208,-0.093178770190696508,-0.12054568512089389,0.98832507535956171,-6.1618395433223156,15.157737841872622,-2.9046752476791147,,0.3866033523499319,0.3461538461538461,0,2
-0.94483448509428203,0.32347047075503055,-0.051523298867035945,-0.32340943480274081,-0.9462089152035279,-0.0097481418708805848,-0.051905040768645806,0.0074527403605613501,0.99862421531020529,-13.338809494392651,7.5987477715128717,-2.8225623120352625,,0.0834918417674181,0.48,0,3
-0.98103982085719477,0.13952167158812814,-0.13451606985686726,-0.12552302819188893,-0.98624961974358827,-0.10749724158863935,-0.14766461758329708,-0.088574210201855741,0.98506333298986237,-16.911583074574903,7.1794308966735372,-2.9405036816887544,,0.2135523012306462,0.1636363636363636,0,2
0.75567451094683169,-0.6436686877450577,-0.12102336105819125,0.65490439431941394,0.74472888725678243,0.12837102004111239,0.0075011869985853056,-0.17626543876162809,0.9843140897557966,17.227825956151239,1.5619957985911739,-1.6371768656847654,,0.145387096256276,0.6153846153846154,0,4
-0.64800228921129388,0.75956596478371508,0.056147825595542218,-0.76163239062757293,-0.64594144442536161,-0.051727670744065868,-0.0030223705682029243,-0.076283651694595556,0.99708157628164362,5.5888756057490676,-9.2717076508799483,-0.91834103091453134,,0.1108719955665439,0.4615384615384616,0,5
0.44471472920031291,0.8955768844215598,-0.013071102557286936,-0.89216465106220422,0.4442162518231953,0.081939959794998143,0.079189930088026966,-0.024778331378896973,0.99655154872526786,-6.2275973093686003,-11.690780174562962,-1.2474812774554791,,0.2316334268461588,0.8595505617977528,1,5
-0.97193649579333652,-0.21221603340757389,-0.1015076514836432,0.2220765111070778,-0.97005699792327893,-0.098343500011862553,-0.077598140180530267,-0.11812610187774224,0.989961995581493,-20.483664357316151,2.210482162679186,-2.8350309884185965,,0.08575180848029046,0.2142857142857143,0,1
0.9503513409996871,0.30967267190138759,-0.030580466601257295,-0.30151206744738895,0.94067566026021876,0.15562703935242508,0.076959741707571194,-0.13867998583593749,0.98734242271101014,-4.1456878744884396,-15.222601773233322,-0.96083985873115707,,0.07071522305371038,0.2105263157894737,0,3
-0.080032358115504867,0.99670441247012675,0.013233888961767798,-0.99636567697420941,-0.080379433926595203,0.028188372591676492,0.029159207845870245,-0.010929810804442934,0.99951502231511358,-8.2741845155077858,8.7850305230483503,-2.5983960552917962,,0.1095418567595566,0.1764705882352941,0,6
-0.81767464491703234,0.57550477293091573,-0.01422783868124583,-0.57482981083595674,-0.81755998190814727,-0.034152079829012368,-0.031286796481945656,-0.019746703929620784,0.99931536766418883,-0.63740123654980851,-9.3803524097993556,-1.1997166375447357,,0.06658135653045145,0.2432432432432433,0,3
0.34433700756029378,0.9382264366932761,0.034105405938910226,-0.9365161546912808,0.34069803588151909,0.082839244013509936,0.066102323912831717,-0.060464881016262476,0.99597915687880245,-0.0097480861849312487,-7.9650286979972273,-1.2144990941910834,,0.07838760140495722,0.2545454545454545,0,5
-0.17734663199392817,0.97568082267251433,0.1288219872129612,-0.98359312047359859,-0.18011824247082919,0.010099113140714717,0.033056700945793549,-0.12491737668677512,0.99161630862157335,-0.79370410488055232,-11.63742326426887,-1.0116320912285151,,0.3721495918029278,0.3653846153846154,0,3
-0.36974545173089252,0.92834230553577535,-0.038325770401127661,-0.92901181664519383,-0.36871610402485722,0.031392342479150299,0.015011510847208068,0.047212269435522515,0.99877207417750347,-7.6339856664129933,-7.2112734125888753,-1.5786760661952,,0.07253650942999071,0.225,0,4
0.43468096691089581,-0.89103377687796415,-0.13081003580765166,0.90045605351650071,0.42755663618880446,0.079838703248506948,-0.015210282406899511,-0.15249305332868329,0.9881874903051534,-15.664963538964082,10.699440277074082,-3.1349839582355425,,0.5210500545943217,0.7205882352941176,0,2
-0.34380078174284101,0.93703388880401328,0.061388221230457091,-0.93890503461222607,-0.34413408009386448,-0.0053917434809590027,0.016073532680345275,-0.059491395602875793,0.99809940156098498,8.3820259463992794,-3.178013205869187,-1.3009722891806534,0.1645926870745832,0.2022404029180229,0.3170731707317073,1,5
0.2721691454244819,0.9621091530123258,0.016429667337191055,-0.96000564997189908,0.27032958861965883,0.072877057698265246,0.065674259043687733,-0.035607459985649709,0.99720559589907609,-17.724579847332421,4.7356620131306242,-2.8208143496407136,,0.6680065277941398,0.8932384341637011,1,5
0.29809055873826051,0.95453107109544055,0.0035288956491213714,-0.95243370230164404,0.29718618408254915,0.067456761784392943,0.063340836046698684,-0.02346926295911228,0.99771595766784305,-19.030100520119955,11.109466908712978,-3.3176203858749509,,0.08083306202611396,0.1176470588235294,0,1
0.66177619046009417,0.7486042511801333,-0.040545639163256833,-0.74548418603515876,0.66281881228511874,0.070175141271262856,0.079407821476364715,-0.016214104846599488,0.99671033941281129,5.0030485247742194,-5.0939909232919156,-1.1698962235049417,,0.07049188158934694,0.3090909090909091,0,1
-0.65398474139133811,0.75650320256568138,0.002619644092744866,-0.75641711424846358,-0.65384888069557023,-0.017742335956060395,-0.011709282613893928,-0.013584760616894497,0.99983916055516175,-25.823293658379153,8.0256955751368579,-3.4988503315470827,,0.09624877705810456,0.3125,0,1
0.86385685563089287,-0.497947950203534,-0.076152293909026975,0.50229546139665626,0.86291438909085139,0.055479965395485852,0.038086775130329778,-0.086177700062503609,0.99555150623767841,-15.02461118685237,14.651268561953181,-3.3205085993944499,,0.09211561836681006,0.2307692307692308,0,2
-0.47517575653763888,-0.87533854340304817,-0.089389232192204057,0.87695219602611274,-0.47943456184694139,0.03312622513370761,-0.071852949026884952,-0.062649304382895801,0.99544573853951412,-13.504440768270138,13.746922987415987,-3.1961513642803667,,0.07142851718110312,0.4444444444444444,0,2
0.99741309387203958,-0.027971855064079062,-0.066217033283596821,0.035507978064160221,0.9926704772795174,0.11551842723761163,0.062500429329740897,-0.11757082487560597,0.99109575595482646,-13.405987100929252,9.7857909621899619,-2.9254288206741332,,0.37463930395089,0.1851851851851852,0,3
-0.96908247445173479,-0.22527555825558004,-0.10064830134255159,0.23243608784192693,-0.97036468173846724,-0.066074575317173978,-0.082780570058705635,-0.087426010358712475,0.99272557634701641,21.649401769206349,0.54075180824417834,-1.604773184546096,,0.1257163042809445,0.1923076923076923,0,4
0.032398839601593246,-0.98041903565859989,-0.19423910448396298,0.9985754887024918,0.023509163582682808,0.04789898318568777,-0.042394676022472169,-0.19551428015852021,0.9797840872860949,-24.206989685687006,13.503166206498269,-3.7224625958317361,,0.1604450946378118,0.5,0,1
-0.56328997462931563,0.82258724725183552,0.077811471781166056,-0.82625501209020968,-0.56048088993743217,-0.056247906723273761,-0.0026569678039263982,-0.095976000508409459,0.99538010219639095,-11.626816424477514,11.212002414757142,-2.8937919846691558,,0.1294600878720192,0.2941176470588235,0,2
-0.9569134929125509,0.28827508972810562,-0.034843072828806602,-0.28339492415946604,-0.95331744147576047,-0.10427450665795525,-0.063276251805487529,-0.089907332405994633,0.99393801996758646,-15.336677123091052,-12.141447788870357,-1.7472873046880102,,0.1517560990903083,0.1714285714285714,0,2
-0.83697333162615117,-0.53035866315169411,-0.13489006845045531,0.54163157384070904,-0.83804065315227594,-0.065750299489380104,-0.078172120128963657,-0.12809196728934477,0.98867667492992284,11.003843173786846,-7.031205489602991,-0.93376995984626621,,0.4737906512495884,0.2142857142857143,0,4
-0.66257292094810183,-0.72012372833474481,-0.205958588836607,0.74541972127951883,-0.66083259541434602,-0.087462677557363894,-0.073120199356022653,-0.21147599562883124,0.97464421186345207,-16.513415603396208,9.1866954612261669,-3.0868088778704355,,0.306264281774572,0.175,0,3
-0.16554465363488133,0.98420654011282871,0.062709282024610999,-0.98567882511149174,-0.16719345852541059,0.02199093343043429,0.032128202248759348,-0.058170729971754778,0.99778952930706599,-9.3392021732297366,-7.3633301346458566,-1.6658199272994438,,0.1200873758957488,0.1956521739130435,0,6
0.31605416916198403,-0.93562991827572795,-0.15718275408798216,0.94735238956893197,0.30226926764676154,0.10562546953422329,-0.051314833463265361,-0.18229082770025909,0.98190470107999395,8.4345630372433238,-4.2663215926078175,-1.2132102052256939,,0.1361673688924613,0.3214285714285715,0,5
-0.99329679996900744,-0.081645690624143313,-0.081825719513093711,0.089995552679691296,-0.99047918962942794,-0.10417185516687388,-0.072541489295476283,-0.11083752123508517,0.99118755854644169,-2.9327776132006669,10.305919969849983,-2.4300381414612646,0.2761753908264268,0.0985452543170624,0.3333333333333333,1,4
0.40292418791708046,0.91523287400437436,0.0009408151010379765,-0.91177390969027694,0.40131168917459265,0.087276948502694657,0.079501172315054505,-0.036023804262298148,0.99618364227034151,-13.016930705210429,-12.098770668007727,-1.6043730568799504,,0.2123256203169551,0.25,0,2
0.36675516226337779,0.92999291498411119,0.024572932924641522,-0.92645414434284667,0.36270002529263329,0.10065490590471522,0.084695745956495913,-0.059681401894381772,0.99461789692564551,-0.85781639870633464,11.459727713703352,-2.4291693654540074,0.5240505145915483,0.2986472860374504,0.4848484848484849,1,5
-0.22129162880005659,-0.9540533235993075,-0.20202047112144828,0.9745923596703191,-0.22371250712539931,-0.011065560442489382,-0.034637371367587523,-0.19933632354586589,0.97931878498268421,12.299996627853874,-15.302758019618757,-0.30200790459915383,,0.3257923986438853,0.3333333333333333,0,4
0.052177582862830044,0.99863763032121877,0.00061899354932988049,-0.99747535717221159,0.052086936781047123,0.048268652880905406,0.048170651653913023,-0.0031359724470757305,0.99883419745023228,-8.6208429967077187,-9.6403348854119901,-1.4985800991604907,,0.08569165917063337,0.2807017543859649,0,2
0.70569395792115863,0.70641066490657767,-0.054589470228387602,-0.70391660000109468,0.7077935606235034,0.059411242898977819,0.080606811104694323,-0.0034997208673674058,0.99673983263306076,-19.97919694894442,6.908422523276367,-3.0785407974682744,,0.07351134515209713,0.2173913043478261,0,1
-0.83249534250280643,-0.54517916962027191,-0.098646731944273439,0.54782672937681121,-0.83659176838618299,0.00029605537474581325,-0.082688447146143054,-0.053794851804143534,0.99512247217512351,-2.079779092532771,-17.043824090962094,-0.76377404851968189,,0.09627041102999123,0.3214285714285715,0,2
-0.19837395219821324,0.97991064737543732,0.020564490013409022,-0.97994996669191858,-0.19869267799670071,0.014808189997639949,0.018596716639446481,-0.017214612128942566,0.99967885806366907,-8.3770828828032808,12.488499017114925,-2.8116292780652761,,0.2479613379448614,0.2142857142857143,0,2
-0.20146136870318812,0.96410415430328189,0.17296385915962753,-0.97797137918195209,-0.20783691969851076,0.019385466493879695,0.054637884486760539,-0.16524828127816696,0.98473737976854669,13.073242778124579,-10.453580723465773,-0.68781764365847886,,0.6395580911455055,0.4054054054054054,0,4
0.15410423593183609,-0.97176726033945104,-0.17866246444125344,0.98744090328492418,0.14509767146558772,0.062507025646058006,-0.034818773495308382,-0.18605122269853944,0.98192290712899677,-2.6995592761100444,-7.3448096872265189,-1.382442517058698,,0.09022275086675932,0.148936170212766,0,4
0.76973995066137724,-0.61838461238518072,-0.15843257089705168,0.63743089344271853,0.73120559487548342,0.24294080371071303,-0.034384072484762725,-0.28799105747925424,0.95701561448669326,6.1659052169966451,5.5968200241597783,-1.853419569605891,,0.3247501897601251,0.1363636363636364,0,2
-0.93913133600179011,-0.31069053591318718,-0.14664148333083907,0.32742545754389379,-0.93866596101456157,-0.10816091431187722,-0.10404279644292545,-0.14959145873540372,0.98325860890294259,1.7162809486035051,-9.6547507519136531,-1.0635439361738657,0.9530570925740033,0.3740203771429982,0.16,1,3
-0.99595838443087048,0.070014805501758107,-0.056256763970225249,-0.066784369166301247,-0.99611575510724659,-0.057386849209374098,-0.060056178007844102,-0.053397841133057213,0.99676573278048608,-4.1296266675183597,-4.5363306274207984,-1.6168208282925469,,0.07965353755904839,0.2333333333333333,0,5
-0.058097578394727074,-0.97624593458133735,-0.20873079935189168,0.9968559684791648,-0.068014793867537324,0.040646843944182845,-0.053878098445795761,-0.20571305993681491,0.97712808140964691,24.670221978841969,-10.683091943562788,-0.4806770400052191,,0.1512156137287239,0.5294117647058824,0,3
0.53990646830501388,-0.83703281122800399,-0.088752906488473254,0.84171727871209079,0.53643966481131578,0.061192391149844531,-0.0036094597822113579,-0.10774302272011796,0.99417222494656965,-9.0451951905510484,-2.3946377603709634,-1.9331918133251322,,0.1830962879743365,0.4639769452449568,0,3
0.52999426610779032,0.84678822080551586,0.045340787354137088,-0.84501835389646929,0.52289385840927038,0.11191958906271474,0.071063770452781713,-0.097630537962741834,0.99268233518388949,-4.860808641093862,-12.071963044727164,-1.1518541065822399,0.2574016532817709,0.1402268449712233,0.26,1,4
-0.9933192945575513,0.10200121003182749,-0.053967881297418703,-0.10059000535884932,-0.99452664001042723,-0.028256205185356827,-0.05655466277501741,-0.022638804332678949,0.99814280273755984,10.529551167849702,-9.9431896823704413,-0.70908421095471619,,0.09557235294258798,0.3636363636363636,0,4
-0.74859623890415328,-0.64904552921618974,-0.13543844396267501,0.65799304410918302,-0.75237037086908909,-0.031368438632469638,-0.081540327461233353,-0.11259984921297411,0.9902890734299401,-19.219754717111364,3.025918176879653,-2.8178464222304447,,0.07679928798988939,0.25,0,1
0.024117160314257872,0.99901295820277336,0.03730243854386478,-0.99946934647780195,0.023277375097087064,0.02278572491328399,0.021894931596392917,-0.037832170854075177,0.99904421264469379,-1.8330742599243399,-15.020925808743939,-0.84577234275047519,,0.298967986219044,0.8095238095238095,1,3
0.06118664069109081,0.99220966143712663,0.10851812176664753,-0.99681246737621854,0.055167228976935719,0.057632297631977358,0.051196678449620371,-0.1116985434006548,0.9924224581890001,-18.839314129888958,7.427827766286331,-3.0345746060337859,,0.5448014250188966,0.4462809917355372,0,4
-0.62720923672447482,0.77383123551078636,0.088282457574264436,-0.77624095252963277,-0.63035034102413245,0.010413029657522188,0.063706804843676981,-0.061997310575620128,0.99604105161283385,-8.9909484432834876,-14.088562647698138,-1.2709901203463543,,0.1872407844017355,0.2592592592592592,0,4
0.45319530738130848,-0.85394404882604913,-0.25572167456462469,0.89089509410212875,0.42413457024301604,0.16252937466664757,-0.030330589712711385,-0.30147873523574853,0.95299036066915843,-2.4766524492450923,-12.440194218884923,-1.020158933855517,,0.682868358778714,0.5918367346938775,0,4
0.3212325897836027,0.93887384661556983,0.12379629801493722,-0.94566260388900081,0.31108024038430532,0.094611435082225123,0.050317619844294212,-0.14746180584723056,0.98778699776291801,3.9703528253929714,-8.7263342545010669,-1.0014545386666491,,0.6409014769328123,0.6727272727272727,0,2
-0.997301818442347,0.0047002760969673393,-0.073259745673871821,-0.00027336104191291776,-0.99817899942787436,-0.060320895010841584,-0.073409864496053051,-0.060138111923974495,0.99548701613275259,0.13467875220417624,-5.2116905891970244,-1.3404407986993774,,0.06875676073125733,0.2428571428571429,0,5
0.5660014214168162,0.82392690994675799,-0.028050633143132147,-0.8208833522184602,0.56639908834825858,0.073093055544591667,0.076111188433283683,-0.018344475567552618,0.99693057291439535,-3.4502471118990212,6.2937658244823433,-2.204502315071144,,0.065748729159604,0.2307692307692308,0,1
0.94420515304167185,-0.31567895088709386,-0.093933108840149326,0.3253034978945254,0.93846208150393495,0.11604549037720879,0.051519542186806634,-0.1401275188752161,0.98879220022547532,2.1963195244713605,-4.3923901877875444,-1.2829375085450889,0.1434296128947315,0.1015506755386351,0.5217391304347826,1,5
0.86873530411397337,-0.47539677250040419,-0.13891321061079578,0.4927283808481831,0.85799002009627789,0.14516152424769596,0.050176828245001366,-0.19455342225565031,0.97960770300967137,-2.0294096782206346,-6.155401452177335,-1.4184417024097293,,0.180608109883676,0.2417582417582418,0,3
-0.18914470469457262,-0.91067281035035064,-0.36728641844560189,0.98075456107627601,-0.19364684050758818,-0.024927737352401384,-0.048422841862951954,-0.36493277963211745,0.92977378686210144,7.5183886664968842,1.9342285789943801,-1.5956469875884913,,0.5462535705919001,0.2988505747126437,0,2
0.498262622146671,0.86555317721780167,-0.050517885740513913,-0.86435033730555311,0.5004550945012699,0.049428663622442914,0.068065070126308719,0.019036696034052437,0.99749924833696346,4.4931129082710104,-8.0882514180667897,-1.0137407035294812,0.3220253886865362,0.1441514072469711,0.2222222222222222,1,4
-0.32285018041132224,0.94565904962491076,-0.038687502773974161,-0.94620351974011818,-0.32156332122274089,0.035999023259132533,0.021602320240843197,0.04822854244853228,0.99860269749961217,9.5069070592237921,-3.6489938753877338,-1.2442239328087363,,0.08724747037379101,0.38,0,5
-0.24407882058065217,0.96486468507970813,0.097271109945310699,-0.96930550920852843,-0.2457901815278408,0.0058323650867928914,0.02953572687361079,-0.092861865965238058,0.99524083250613327,-6.3227907001787953,-7.3691595542491939,-1.5076626215650608,,0.579061076606246,0.2375,0,3
0.27206741362868703,0.95341857090707793,0.13027797623121865,-0.96031107804730675,0.26035923452400767,0.10007848109205138,0.061497608254437737,-0.15233547731102484,0.98641367920939027,0.21572326241245976,-12.236337306298964,-0.95624821546412986,,0.09049516556461604,0.2,0,4
0.21841244939873619,0.94030775663432931,0.26099295921721699,-0.97408576225529686,0.19396953518882087,0.11633033649977431,0.058761634755700884,-0.27963751935666326,0.95830575916504335,1.4698319170071359,8.6932564984771759,-2.1716000374824715,,0.369439008507271,0.5625,0,1
0.75360385848723332,0.65729771421192185,-0.0063983876825739264,-0.65351169507735596,0.75023961716568122,0.10031441188689144,0.070736757561218888,-0.071415906679638014,0.99493521367114679,-17.954589043818547,9.5339007830277254,-3.149640066003335,,0.1408703701515842,0.3333333333333333,0,3
-0.71748388440835997,-0.68950046259719577,-0.099025187162370798,0.69150252575819671,-0.72215013001523121,0.017984620902797458,-0.083911456216202815,-0.055572491371506723,0.99492239180673714,3.7830628887977924,-5.1181941727528795,-1.1969053188564713,0.3269285183084973,0.2883702753416097,0.8018018018018018,1,5
0.79728073510393827,-0.59460725277289272,-0.1038539569876778,0.60352530387271652,0.78814217705181988,0.12078541442311978,0.010031800310547859,-0.1589783749504709,0.9872310972009738,-10.630394172837873,10.323635098525745,-2.8013726241125516,,0.2039246175390303,0.45,0,6
-0.83512130529781603,0.54831746528243008,-0.043821943178286027,-0.54887722538634698,-0.83590250292655899,0.00089277841469420963,-0.036141345988430766,0.024798444857756959,0.99903895832083534,9.3128370508624165,-14.620742378353151,-0.44817316632433191,,0.1303615080519157,0.2,0,3
-0.38272315049223887,0.91718943496996785,0.1108446230394938,-0.9238419275718629,-0.37913791873498709,-0.052635837958642462,-0.0062516347943002053,-0.12254786394211305,0.99244291428052711,-10.86840078260953,-12.004522588388836,-1.4718995324169128,,0.2130993819457852,0.2325581395348837,0,3
0.96838884890954224,0.24727538502796603,-0.032831711300538552,-0.23659546653387567,0.95221186536714608,0.19317129359622015,0.079029251061037059,-0.17929709259575452,0.9806155873039345,-7.8277552723192239,-3.1014404767621953,-1.8598925481043946,,0.3333955469985269,0.4654832347140039,0,2
0.74374725038121958,0.65736347779942883,0.12129833307105092,-0.66348039590346608,0.70384069296209373,0.25377557641037862,0.081448092685805856,-0.26922395321753939,0.95962736059981368,-12.079903646960812,13.219340136718833,-3.0660721474230939,,0.3842510945144038,0.1818181818181818,0,1
-0.69563057713070586,0.71839754002923817,0.0017534653521263572,-0.71806522462918143,-0.69523018093451372,-0.032207587553363705,-0.021918789634591561,-0.023663685209688229,0.99947966295630686,-4.2910621521313193,12.046168608818324,-2.6220493797055928,0.6386235944106093,0.5801212957909383,0.4545454545454545,1,4
0.3756182388077266,0.92677440813873968,0.00036755145230028363,-0.92452864808366808,0.3746803887202757,0.06972363430722725,0.064480365597339911,-0.026529280569051059,0.99756627836195522,-7.5963990785704318,-4.3268557795054265,-1.7641472913634813,,0.1204872839007761,0.2432432432432433,0,5
-0.5630135438891084,0.82641597868311945,-0.007237373463342414,-0.82643046715992363,-0.56303673801593324,-0.0015213790478428647,-0.0053321991013744376,0.0051246289229962714,0.99997265254163026,8.4288041375745131,-6.4644044136065766,-1.0128959947241896,0.8129396150550907,0.5167416224033784,0.9574468085106383,1,6
0.64923364656271676,-0.74441152211023454,-0.15603575846709331,0.76056822074479491,0.63388972298413582,0.1404272077917687,-0.0056261677876353906,-0.209845907381152,0.97771828324492649,-1.7893934470317632,-10.957501652349359,-1.0888636236107152,,0.7416329374756375,0.8380281690140845,1,3
0.096204765027623276,0.9951553903037984,-0.020258142443798692,-0.99152068256855774,0.097599919887325942,0.085796221809401926,0.087357765680907501,0.011832361864015005,0.99610672921527743,-11.015814983055837,-13.22291230269412,-1.4059294885885671,0.6551294641233535,0.3185836700307061,0.5151515151515151,1,2
-0.2020292341936461,0.97256681738695516,0.1153168428675499,-0.97892886936273149,-0.2041029794333451,0.0063436988135313248,0.029706182173651369,-0.11160537399355744,0.99330850355588185,-23.738337860798673,3.9935829675389769,-3.144089228513903,,0.5889165336963655,0.1875,0,1
-0.44947024443153627,0.89198746612704005,-0.048320385376318407,-0.8932617447686475,-0.44832646312524216,0.032967223032589539,0.0077430422654710205,0.057980537543830694,0.99828768527043432,6.8714882486679372,-6.4376182719153618,-1.03398289947638,,0.1016998206948815,0.3225806451612903,1,5
-0.18515226287729245,0.98247243078309499,0.021600053300304876,-0.9823506349667751,-0.18563411551447309,0.022960948097464847,0.026568205279868334,-0.016967554576816968,0.99950299277185306,7.4826235405602288,-9.2699433022052524,-0.84504625065362116,,0.08248938433569783,0.375,0,4
0.61045570930413795,-0.7578716811798023,-0.23016155596380908,0.792027522722202,0.5863046619739456,0.17011539200833287,0.0060191551328420759,-0.28614219928790152,0.95816825847977727,21.026620311628999,2.2999233867904993,-1.663876103981454,,0.4399727513793329,0.2222222222222222,0,2
-0.13013660276759439,-0.97806747547922912,-0.1626298804949346,0.9903043711340197,-0.13625932630370655,0.027030510689105818,-0.048597501303700157,-0.15753542269898368,0.98631682205166182,-20.251483133452162,11.483717379349262,-3.3930522922213973,,0.3378115866735745,0.7246376811594203,0,3
-0.99578431345941454,0.014128012635053634,-0.090631122287802957,-0.012156095340924449,-0.99967802259802185,-0.022272864220201152,-0.090916612421632209,-0.021077248242902247,0.99563543488180573,-16.728809973163703,-6.9362733362735742,-2.1039410150749922,,0.1143600881130057,0.3333333333333333,0,2
-0.49286839129825599,0.86962041947665869,-0.029001291149024982,-0.87010214921262286,-0.49265990073738714,0.014438564367816374,-0.0017317028165534892,0.032350397751329633,0.99947508871941726,4.5460294384346644,-10.09752457088152,-0.91068288109530326,,0.07942004389167993,0.28,0,5
0.97199072497453076,-0.11737029555628276,-0.20361297670953143,0.15747317444404729,0.96837529539439748,0.19352386571254637,0.17445982315134917,-0.22016698433426352,0.95973447844450999,4.229883241530584,-19.8960085326053,-0.27118489069458596,,0.2453121249171982,0.1428571428571428,0,2
0.39362122295184621,-0.88732141458747882,-0.24025619670753645,0.91835524504529853,0.36788708830474587,0.14588603139590717,-0.041060647092861793,-0.2780643764906493,0.95968444073413217,3.6698945261337288,11.323351597951204,-2.3375158024658531,,0.5708406530829714,0.1666666666666667,0,5
0.59171841056182106,0.80590739751240403,0.019559888470419333,-0.80277202259327951,0.58685217987569582,0.10564846764926777,0.07366411842740378,-0.078216274584814241,0.99421115063470578,7.348872741067078,-3.176009290685808,-1.2863544848416868,0.6904226485451821,0.588628222122769,0.119047619047619,1,4
0.23866760095057693,0.97095810531563609,0.016677349260842373,-0.96998248025152833,0.23753331947484832,0.052076003536705572,0.046602191596440683,-0.028605591431252138,0.99850385871927361,-15.977283307074,12.308763259577233,-3.2347263971016487,,0.1977680298907983,0.3235294117647059,1,5
-0.023978140183286138,-0.99149898069842224,-0.12788596509132652,0.99874925713130225,-0.029372384177111448,0.040462135724947598,-0.043874482025689887,-0.12675580586995408,0.99096316556430897,-23.014320043191063,6.5694443710531756,-3.2361862448434957,,0.1013563623072037,0.25,0,2
0.13338499153183639,0.97506536423009138,0.17735833646291152,-0.98959644693045357,0.12130106439629088,0.077362290548751073,0.053919535019085467,-0.18583214806692172,0.98110096141434899,-13.775390923006821,-9.4725477460786891,-1.7902334920626966,,0.081703447641003,0.1333333333333333,0,2
-0.89757568966365286,0.44008570590225987,-0.026123797299158539,-0.43928579762038128,-0.89780203791381397,-0.031296784608456515,-0.0372272660001155,-0.016615419895756121,0.99916868370052736,-10.734914269941557,12.088978246803281,-2.9022263243019322,,0.1433678601832254,0.3125,0,5
0.53778553240499483,0.84305634690957154,-0.0065358298144306366,-0.83986891741538838,0.53639621356599521,0.083062046878015397,0.07353178017278364,-0.039180326792285093,0.99652294469172653,9.910045218312078,-11.488908228930816,-0.62027254819943889,0.4863734830734366,0.2599727015519759,0.4090909090909091,1,5
-0.84101925159828095,-0.53346563719122297,-0.0900057352463145,0.53551740208096377,-0.84452269005972469,0.0015931235801409866,-0.076861762336825193,-0.046859789910419627,0.99593997287990632,-14.527173989591434,8.1414263948985166,-2.9144019644986443,,0.07387932451065572,0.1666666666666667,0,3
0.96136747427322045,0.26983571689319613,0.054417509114844553,-0.27469352253885138,0.92765983267443308,0.25296383835963726,0.017777741271791193,-0.25813934363281044,0.96594411390312629,-5.4826425577828273,-14.717834025922579,-1.05289787706692,,0.0895565357860599,0.25,0,4
0.48416354927577493,0.87343412296798484,-0.051946995946168577,-0.87195229709036337,0.48657116560683644,0.054292655109540046,0.07269696796650528,0.019008777844765026,0.99717291239449801,-6.016834893480941,14.111220683056136,-2.8297585732162402,,0.08380387712061582,0.5454545454545454,0,1
-0.92155219729008264,0.38722893348197412,-0.028201077004848411,-0.38525532517852962,-0.92102886877627754,-0.057307567582964528,-0.048165154327645732,-0.041947299735543224,0.99795818647551093,-0.57306618476750204,-13.117758247053667,-0.90103137178340353,,0.1279045089908489,0.1666666666666667,0,5
-0.098731042455511536,0.99392288984912702,0.048677205030777465,-0.99432606724255157,-0.10048115496410953,0.034917180571170804,0.039596126800599173,-0.044953604205213299,0.99820404738277457,2.6988811722483255,2.4002648474307735,-1.7446707508005732,0.2030853257097045,0.1282951598718226,0.3225806451612903,1,4
-0.97197080859841922,0.23054725723450478,-0.046051160834240538,-0.22793204368295661,-0.97208001658399212,-0.055744280608647861,-0.057617104188295021,-0.043685278295003689,0.99738250724846911,14.033250170649714,-3.7960059630370147,-1.2001183240623474,,0.07976841131596316,0.2,0,5
0.41951375897013493,0.90308979588557137,0.091853288466468536,-0.90507090975662674,0.40836225771359352,0.11868830939636937,0.069676784850185691,-0.13292511817716587,0.9886738889090414,6.6385133742367959,-1.7189213801865326,-1.4054122188464138,,0.5828352714627714,0.5,0,1
-0.98102607851874912,-0.17454632440376411,-0.084388470203339186,0.17618314179144604,-0.98428059651865918,-0.012296660740484132,-0.080915596856348276,-0.026931170676510744,0.99635705358640003,-10.10493234621639,-9.9215505055038236,-1.5603827066853015,,0.220413942150691,0.5053763440860215,1,3
0.63209971817546362,0.77411446356437819,-0.034593981888975889,-0.77096006209576995,0.63275818506501247,0.072371692577404487,0.077913599171043846,-0.019075548056793862,0.99677760535163884,-16.928650290526758,5.6543817766361126,-2.8421649300219269,,0.07523141938476023,0.3478260869565217,0,4
-0.87669910049908184,0.48103916148310394,0.00011092219119335365,-0.47963376902653909,-0.87412009747378838,-0.076586570636179727,-0.036744180403116486,-0.067196579615679,0.99706292925494755,6.3992358983472233,-8.1823748609587117,-0.94875670361423281,0.2098464181446243,0.1422156579565626,0.2954545454545455,1,6
-0.32804501563069677,0.94464414548844922,-0.005822895693372133,-0.94455305202575324,-0.32790726645211254,0.017215008473436835,0.014352687159316698,0.011147331622553405,0.99983485504807545,3.5867239166026859,-10.104475206203194,-0.94593093298175934,,0.07047567016450987,0.3125,0,4
-0.79285505665672429,0.60914244385954641,-0.018064944580059077,-0.60876760276329023,-0.7930318999193452,-0.02241453849958145,-0.027979724081880882,-0.0067741271859657138,0.99958553723089116,4.3778684589615873,7.2110180506192512,-1.9924187140076184,,0.1057384567107784,0.2380952380952381,0,1
-0.62945360523116045,0.77699862851189305,0.0078288027267272298,-0.77701531424380077,-0.6293261231467826,-0.013994004275056079,-0.0059464520602159343,-0.014891676053414982,0.9998714305810612,-1.4299047744600157,14.505389981766479,-2.6780412105727924,,0.4053482739532969,0.3529411764705883,0,5
-0.96414700478443127,0.26197660499127556,-0.042294344804638999,-0.25931534093259406,-0.96395829291842372,-0.059497592142959098,-0.056356961612751069,-0.046396852813984091,0.99733205349408849,-16.27950272456096,4.9176813119148965,-2.7653980335728625,,0.08224378020875818,0.3125,0,3
-0.89545824415166586,-0.41599944125650179,-0.15842663240469601,0.43973165451170632,-0.88198773398144659,-0.16951020360635782,-0.069214196529408856,-0.22145451447317566,0.97271131021400037,8.1220718069892079,-11.065391973816572,-0.70828040940560089,0.4591573917630621,0.300885617348215,0.35,1,5
0.49562099298936102,0.85592361950024398,0.14749436901062321,-0.86727553792363798,0.4785556189829504,0.13717747941666827,0.046829185637856444,-0.1959062967886625,0.97950382860458918,2.9868841849400853,4.6365121859148246,-1.8644172189352783,,0.3887171178428897,0.1842105263157895,0,3
-0.8574514054764002,0.51455688988229853,-0.0028799863195558099,-0.51306561556211361,-0.85536653219272341,-0.071496641406874575,-0.039252533350272317,-0.059827273707313458,0.99743668267531405,2.1227172742087399,-11.687914846527153,-0.94070109899968068,0.2460571263021809,0.09455755610342684,0.125,1,7
-0.14904846140797356,-0.96023373516589206,-0.23608415872581259,0.9867925311424719,-0.15975815435210966,0.026792398165165085,-0.063443334033994603,-0.22897271882773815,0.97136318511630049,-20.845267259593452,4.841143889665533,-3.0124941857875576,,0.5066322328854024,0.7014388489208633,1,3
-0.83188291352542776,-0.53508919009783495,-0.1471406701931556,0.54954899963755277,-0.83120670897577786,-0.084209880364621958,-0.077244515545202008,-0.15091376873599693,0.98552438793978492,25.452859440608844,0.71185607212865254,-1.6276196674386818,0.1920508474295158,0.144113703040719,0.1818181818181818,1,5
0.20396952856620595,-0.92998772092436888,-0.30580920579076354,0.976160159175117,0.16952437425953645,0.13554641334658266,-0.074214385773175864,-0.32616610103107058,0.94239476838663505,4.8698585233914029,-11.763558219269957,-0.80400053196899557,,0.5668763896154065,0.4459459459459459,0,5
-0.89655222089146325,-0.43331863086011685,-0.091810017776377914,0.43530349184517031,-0.90028201395732699,-0.0017791380894493865,-0.081883974024144227,-0.0415603115297929,0.99577495213705791,-13.85993030543079,-10.62471568509334,-1.7259046017106521,,0.7476840458901073,0.7368421052631579,0,1
0.22179247952510847,0.97502747161960512,-0.011380931999762764,-0.97280298272519128,0.22205592121522116,0.065920593551859766,0.066801592998028611,-0.0035492873000720652,0.99775996599011052,-0.61382988780809011,-3.4975173849394752,-1.4799419435487717,,0.1102755720307869,0.1666666666666667,0,5
0.76979068180123333,0.63093026396682039,0.096691820867910699,-0.63302038749512957,0.73518073909322657,0.24247570988009204,0.081899299310248169,-0.24786343594224833,0.9653270025723899,-18.402269676838369,-10.869513838407865,-1.9928681823803964,,0.2569139114209184,0.3125,0,1
0.90350940091243703,-0.39182809782856931,-0.17361308768319819,0.42515324395830062,0.87050970953401741,0.24790636288472714,0.053995199921683175,-0.29779789683448971,0.95310069301536648,-9.3778275459558866,15.618717380581883,-3.0946407331033923,,0.333823492082194,0.3684210526315789,0,4
-0.99057560893042129,0.13487136375953501,-0.023867933085406488,-0.13144792580341894,-0.98508370392078892,-0.11104746314832958,-0.038489034725557689,-0.10686351813104357,0.99352845087523889,-10.259607819816726,-2.8090809424203629,-1.9652896886558533,0.3848700838869578,0.210534883840702,0.1471571906354515,1,3
-0.2113995120957286,0.97534141577485567,0.063398493357403468,-0.97723601594987664,-0.21210617547189639,0.0045540594087037298,0.017888974707927174,-0.060992565128758794,0.99797790134998166,6.0917322985622464,-4.9451865833838742,-1.178416993128627,,0.1313173513904985,0.25,0,5
-0.28344884717571284,0.95854049686251919,-0.029272289102706888,-0.95873066802520479,-0.28253473497882553,0.031774671019348728,0.022186870502672797,0.037070735155887095,0.99906631580305916,-3.5681248822680618,-8.9860268712267501,-1.2996009127236796,,0.07627788533328132,0.3076923076923077,0,5
-0.90225315885757684,0.42927267780631134,0.04079467392347659,-0.42899330075678122,-0.88402245392590229,-0.18565841984846149,-0.043634679296698717,-0.18501153759650948,0.98176715453250374,-13.092198163942442,15.117365169162637,-3.232257138476105,,0.3135652058668235,0.1875,0,1
0.98511851901704006,0.16302072211607277,-0.054458678375697428,-0.15441087657857264,0.97857832850858739,0.13616804385602199,0.075490295296218549,-0.12573264943558982,0.98918780632496517,-12.34423878711539,-8.1035797231283304,-1.7987655532224782,,0.07054729285794825,0.2222222222222222,0,1
0.1342301031508315,0.99083457840506717,-0.015136632550547806,-0.98948725831033524,0.13484599767687236,0.052263969922163776,0.053826062921349109,0.0079621069687685463,0.99851858260275006,8.0357497342365729,-5.2778126892707951,-1.1124185287739516,,0.07069694269654112,0.3,0,4
-0.3804419662066888,0.91205710879956814,0.15302202663983336,-0.92447967623292415,-0.3706788815558052,-0.089075782347422722,-0.02452016682359397,-0.17535391942215151,0.98420006317934816,12.010020525147029,-16.42789674777001,-0.23679563677573023,,0.4177631315962657,0.4137931034482759,0,4
-0.99667650103595706,0.063397422104779264,-0.051153877205846465,-0.045838154717302682,-0.95557016952859009,-0.29117780595233383,-0.067341041385138981,-0.28786527747814744,0.95530035390320833,-29.248005079603978,10.304401330055843,-3.8200707207806239,,0.4359920951731091,0.3333333333333333,0,1
0.93625435298989768,-0.34243875647556449,-0.078507863115343648,0.34779938090314316,0.93499543552271802,0.069419926498620332,0.04963242036067602,-0.092299694556117251,0.99449353403327323,-12.401540735967565,11.168160049844797,-2.9515248419594151,,0.07309326982534334,0.1304347826086956,0,1
-0.82594365750157717,0.56350094786018778,0.016845070305167582,-0.56280583712647503,-0.82245724209837623,-0.082544985409772301,-0.032659827453370677,-0.077658011052315859,0.99644496535940863,0.67602967911667544,-4.5601721257933816,-1.3517154354794638,,0.08305621520253707,0.4,0,4
-0.96120028461944129,0.27443658223480216,-0.027902960036252793,-0.27000452670032149,-0.95671710497935458,-0.10858147448463215,-0.056493967897816286,-0.096834618660900623,0.99369587310200558,1.0936454571359961,-18.282850528894354,-0.5126542759648901,,0.2644719429074366,0.21875,0,4
-0.63603013290243426,-0.75890139352731678,-0.13976532095770083,0.76933836059029392,-0.63767720176207865,-0.038552214944471787,-0.059867829126761175,-0.13204719328778941,0.98943386933158228,10.258276853616048,-5.5250110822073308,-1.0673049261288821,,0.1416977344056083,0.3043478260869565,0,4
0.15713791361027762,0.9869703714434499,-0.034600028887091849,-0.98584177391669681,0.15884134343510087,0.053716146702016548,0.05851216033431908,0.025669310635681123,0.99795661908947719,-5.6908022846837945,-5.4519893006653595,-1.6177178265609831,,0.8370692312563991,0.8680851063829788,1,4
-0.5987631310146887,0.80062058646316248,-0.02212214883025302,-0.8009046087462327,-0.5987212029406912,0.009204826901971051,-0.0058754256467341316,0.023229241929792154,0.99971289963310794,-23.321071087899103,11.774864669661461,-3.5360090468128793,,0.07187394112030621,0.1818181818181818,0,1
-0.97684050364156427,-0.18789472494324236,-0.10236309287921136,0.19788813794484567,-0.975292559268362,-0.098207477803325061,-0.081381295799565767,-0.11618948392291022,0.98988741204225417,9.3672521646175451,6.1827589424157372,-1.8867389966962538,0.2701425044781645,0.2673392009041017,0.3548387096774194,1,5
-0.94456156928740054,-0.31801973623835367,-0.081651020741995387,0.31916027492665511,-0.94770025819046866,-0.00096929585751504628,-0.077072438225760556,-0.026975321844335477,0.99666050954039986,3.6251008665835687,-13.330976108369537,-0.78274071611818408,,0.09535672537737985,0.4285714285714285,0,5
