axis_00,axis_01,axis_02,axis_10,axis_11,axis_12,axis_20,axis_21,axis_22,location_x,location_y,location_z,dbh,dbh_approximation,score,reconstructed,number_clusters
0.79659147502585337,0.59309905549647779,0.11694243150081095,-0.60434429772244902,0.78595698851275997,0.13053574996265796,-0.014491091280360274,-0.17465715724567279,0.98452266896012353,-11.172303046945519,-6.1405122338211511,-1.1496516133896906,0.1443665740328196,0.2011976993016826,0.6904761904761905,1,5
-0.9282678820912742,-0.36993208990039383,-0.038327378461206082,0.36930862431622891,-0.90468867200636549,-0.2124842270593616,0.043930389065385503,-0.2113969148433503,0.97641254872685779,-20.640329213726812,13.929609957340128,-1.6342410311139819,,0.5642086935468773,0.35,0,1
0.47812882145340196,0.86560501999592876,0.14873055991769124,-0.87794540346821259,0.46629744917678811,0.10852906256048957,0.024590620663557074,-0.18246818421047994,0.98290419834606058,-5.2291266902427855,14.13521382013553,-3.084113166823732,,0.1178950532486139,0.2352941176470588,0,4
-0.27287832027157838,0.95688809055721114,0.099511830832005516,-0.9601485834150949,-0.27737617213611154,0.034309720154874386,0.060432773324987948,-0.08618376460154259,0.99444468857114277,-12.32849360265236,-9.6418501976125679,-0.81623462024913418,,0.08264804144038615,0.3409090909090909,0,4
-0.1944381181557599,-0.96553304823744701,-0.17303106937585336,0.98038658306450821,-0.19707414869363057,-0.0019818334388985101,-0.032186425013436243,-0.17002268283374819,0.98491437260650705,-19.685176442365357,14.485114625800293,-1.7429010479849403,,0.456593372280199,0.6363636363636364,0,1
-0.24034332620495397,0.94901708296946108,0.20396485427856748,-0.96884263022622341,-0.24748118921013204,0.0098498143878348963,0.059825106812064766,-0.19524250874048171,0.97892865898166981,2.6770267883719643,-6.7035369950127794,-2.456074301570585,,0.07598467308053362,0.3548387096774194,0,5
-0.80304687541613162,0.58319740122172403,0.12246022657424455,-0.59058866233091312,-0.80629837448575747,-0.032984287589811832,0.079503130822442744,-0.098811550488049099,0.99192516334629621,-4.6906822496940972,13.121290741658493,-3.0722120399825594,,0.09591226882099511,0.1666666666666667,0,4
-0.39116722877132709,-0.92018683244762023,0.015633058733831997,0.92020657059124888,-0.3907965117739845,0.02231487902674497,-0.014424513026532909,0.023114492754570382,0.99962875791397965,4.5628590418864983,7.9826660326903145,-3.7897416498253245,0.8791047092563662,0.5183805919273625,0.7286821705426356,1,4
-0.30159562395909206,0.9163475182106342,0.26333876561937586,-0.95185022468683589,-0.3053044965348613,-0.027754534029847282,0.05496571087819227,-0.25902970923198271,0.96430409122996485,4.5915216590804819,-13.776253804013347,-2.177678983314109,,0.1623559550383603,0.25,0,5
-0.97954927356485699,-0.19905967996160687,0.029299564367816264,0.19344064023083191,-0.97177461755019112,-0.1350363336005006,0.055352862307626288,-0.12660701599343716,0.9904073526259739,8.9089213745237572,4.2335653244647631,-3.9936805942353253,,0.4908903210420011,0.6111111111111112,0,1
-0.31047944384965309,-0.94926118457321484,0.050057151431795066,0.95029694706004231,-0.30867110436356066,0.040716848347354791,-0.023199727480551782,0.060210902614354515,0.99791603847778243,-21.85974296211997,12.266197818567736,-1.4329766154924437,,0.3919491251399508,0.8469387755102041,1,1
0.63651096388893469,-0.77113006004562668,-0.014567887396893887,0.76733199564311427,0.63124426090128172,0.11283745628802347,-0.077816459130033919,-0.083000684173228034,0.9935066608308375,3.1420340336407726,10.675751053236322,-3.8184765541585901,,0.1272901726677104,0.2352941176470588,0,3
-0.9957544492083531,-0.070506972736192219,0.059176377697078085,0.067882066143324676,-0.99666642125753402,-0.045255605551272129,0.062169944329094416,-0.041046455794342046,0.99722118233059998,-13.858177580185552,-2.8925081906015744,-1.1208487188655332,,0.6824440584250865,0.3214285714285715,0,1
-0.92179701402156766,-0.3872448302872013,-0.018212807492498692,0.38549761979458663,-0.91064282482926018,-0.14873207696961108,0.041010365441319467,-0.14412177837794862,0.98870979712125184,9.367904126811089,-0.35014822073443347,-3.7101533597978338,,0.08161597774749248,0.2222222222222222,0,2
0.25061613044074921,0.95766824023635411,0.14164426146338999,-0.96768442528265863,0.24359936803507834,0.065162880217807168,0.027899968248642538,-0.15339781463734808,0.98777057165933502,2.5742743980573888,-5.5827430126796873,-2.5104550973418456,,0.07009004906525274,0.2340425531914894,0,5
-0.40778398785506886,-0.90994266851168837,-0.075607931269455572,0.91305387883633859,-0.40697984860414466,-0.026457837630200348,-0.0066957890450421251,-0.079823197455232586,0.99678654864373484,-0.20375080241450994,-14.788208225869234,-1.642260294653338,,0.2653301135131304,0.2307692307692308,0,5
0.93290578068568253,0.31389151421022188,0.17651889890335179,-0.3573250985171153,0.86779150269703476,0.34533560751326547,-0.044783683780719792,-0.38524021746650017,0.92172902553483271,-12.044788265447623,-19.595236064501641,-0.21087011050172966,,0.3626008523626906,0.15,0,1
0.18988159393627585,-0.98159054217501018,0.020615232154650422,0.98012938563530483,0.19074229507945642,0.054440465482787123,-0.057370442724282732,0.0098683524659622761,0.99830418606816829,-11.909242266114001,18.315037694195052,-2.705274976370581,,0.09625496632411712,0.1785714285714286,0,1
0.26183610142619684,0.94973240372182233,0.17161065616884699,-0.96461970307444167,0.25185121292086338,0.077973040154066961,0.030833170944750778,-0.18595517704829229,0.98207432900897673,-1.4609740569498022,-2.4135699152927135,-2.3532961797843601,0.5095260943013631,0.3740611343079975,0.515850144092219,1,7
0.63592275248839414,0.75625924655284582,0.15386424169022447,-0.77172270505890972,0.62489011012723938,0.1181372793055858,-0.0068058330970031684,-0.19386671263651617,0.98100427031046444,-2.5939723285845195,-6.5415966912639272,-1.9505478542943939,,0.08981133917863089,0.2597402597402597,0,5
0.37886165825866058,0.9174055118539699,0.12178247296493602,-0.92530329632558705,0.37313682866838283,0.067695767225924519,0.016662944232717174,-0.13833305429744291,0.99024558185242095,4.6455048221759299,-6.5585944409501327,-2.6640410383805064,,0.08704397496024881,0.2608695652173913,0,5
-0.82512764394473936,-0.56022073255315286,-0.072918461419677769,0.56427541477051457,-0.81096541321230042,-0.15468792732132333,0.027525033765066546,-0.16878338007935501,0.98526876694900889,9.0477654688630622,-0.93140670230832523,-3.6159055809452592,,0.09122776098546699,0.2195121951219512,0,7
0.83462063420871679,0.54568584410222987,0.075069011579198347,-0.55003425994797384,0.83294692123692193,0.060512306892227204,-0.029507792810133899,-0.09179534818481333,0.99534059708981248,-10.372439466244259,-1.1033673108190587,-1.5748505921379514,,0.1237031988806821,0.5708418891170431,1,1
-0.47484411539959093,0.86241006578630053,0.17541933901611192,-0.87770339735163161,-0.47867208781342713,-0.022578277740768038,0.064496607257936517,-0.1646873121366802,0.98423486875512178,-12.078650340360003,-12.478557274255317,-0.65142818832509997,,0.1348013776381995,0.2941176470588235,0,4
-0.362452116908071,0.89240118606855279,0.26879097092778104,-0.92948712321654292,-0.36728876452576276,-0.033950717632687151,0.0684262429444564,-0.26214325579076009,0.96260000141280233,9.8140811070728589,-6.2923834993268084,-3.358681726439809,,0.1129225055202293,0.2352941176470588,0,2
0.89368113281609451,-0.44502930948538005,-0.057297002953978562,0.44172292017052583,0.85014208452336781,0.28659954277403554,-0.078834603091317693,-0.28143800351272541,0.95633558729883394,-8.3327638380166622,19.271896325313698,-3.1309746178052351,,0.4077911694043047,0.5806451612903226,0,1
-0.91846035731014752,0.38472550567703645,0.091743432087898466,-0.38870663195610944,-0.92088285901305222,-0.029697041086392571,0.073059744887699549,-0.062936835458243245,0.99533975526924867,14.659183056065578,-4.7506610359486086,-4.1834262501380808,,0.5352246683495074,0.3409090909090909,0,2
-0.11890906620918724,-0.9922374409795981,-0.036407343922869796,0.99218996319568797,-0.12013497896665676,0.033565812405189563,-0.037679051301732325,-0.032131721817231035,0.99877316821491624,-12.472336935622252,16.805334959802074,-2.5686878688650374,,0.8508453922735671,0.7875,1,1
-0.38922265820638469,-0.92040125700056519,-0.036976322836859643,0.92091872337166569,-0.38970109766983196,0.0064621527705064239,-0.020357487130222066,-0.031536971742827019,0.99929524772763467,-6.6993054791806745,-5.7060679493556083,-1.6704867540185313,,0.2935054977913473,0.3157894736842105,0,5
-0.5864897067823045,-0.80807937830256915,-0.055113902062370587,0.80987013729763746,-0.58407314201361415,-0.054487847194127498,0.011839955739476583,-0.076591664954343455,0.99699224285227472,0.0038739032232988383,13.427050646626874,-3.666309227206018,,0.1431526159569566,0.2,0,3
-0.9777508679335648,-0.20976864823592084,0.00059537587774830783,0.20623671403165397,-0.96179915378558067,-0.18002445823489294,0.03833611926874015,-0.17589628192379581,0.9836619541106576,17.786256534442447,-10.464247341343507,-4.1204620558955911,,0.3086687347558458,0.2,0,5
0.99018159451602761,0.11886144521316193,0.073568789058508194,-0.12667446483065356,0.98552317531336209,0.11268385367981922,-0.059109980896328192,-0.12089676489511993,0.99090361912565894,-17.714698478404461,13.148300944161486,-1.8554318982653855,,0.0701367464560783,0.25,0,1
0.66788277260975137,0.73179177434302645,0.13569598761569471,-0.7441781426802192,0.65941946010664687,0.10660613298342589,-0.011467083680389784,-0.17218238770717986,0.98499834078810677,-16.862291370242197,-9.3000745643520233,-0.47567043397899844,,0.4475293667110863,0.2173913043478261,1,3
-0.89689179981813949,0.42788825225054117,0.11178883220141717,-0.43518302918385987,-0.89890697021564869,-0.050813285743822385,0.078745352430089927,-0.094222621931789152,0.99243199615236122,-22.519012271897726,14.079121860253254,-1.4909131125745358,,0.09358526670750036,0.2380952380952381,0,1
-0.28183856796085466,-0.9531026090152972,-0.11028344525815426,0.95917875998964952,-0.28267990318381525,-0.0082570406749046827,-0.02330510661835555,-0.10810869078951243,0.99386587776283186,7.5374458344212316,2.3977842937172333,-3.6983398890168875,,0.08845316360074663,0.55,0,5
0.78658061379099486,-0.61730015177205744,0.015213830233654416,0.60977596835510972,0.78040314528845933,0.13836256444743017,-0.097284152999198181,-0.099556282805638718,0.99026478283798081,-12.855066212410136,-6.7171478995539999,-0.97962096029805446,,0.1903884225626684,0.4090909090909091,0,4
-0.93707328143557256,-0.34907910022777983,0.0061193957000319297,0.34857172372705059,-0.9364170381022936,-0.040260205782904436,0.019784302806081351,-0.035593714836929573,0.99917049037017991,6.755919367432571,-9.9019242566069234,-2.6307797994374091,0.8151383023844226,0.4127874588213805,0.4090909090909091,1,6
-0.93907424141767881,-0.34186958309679938,-0.035563425861870543,0.34094273616499099,-0.9133888654488983,-0.22243837602874231,0.043561677678225309,-0.2210112409521183,0.97429790701338548,0.185153829131179,-11.130499954337951,-1.9069820508855686,,0.2455347015000978,0.1333333333333333,0,2
-0.98516238291010993,-0.16768153327311155,0.036578445812433386,0.16328000139493504,-0.98137658133320183,-0.10119113970713033,0.052865115561632904,-0.093717175639987577,0.99419433238513244,-1.198838138589611,-13.746320301394389,-1.615948290653094,0.29352626164437,0.2276262442104862,0.24,1,4
0.47865227994488196,0.86600195604304009,0.14468105277884688,-0.87798962749880771,0.47114010685959196,0.084623954722275366,0.0051194636508039362,-0.16753391250120458,0.98585302112128637,8.3833642198503231,11.646618120614693,-4.4763458196363333,,0.1472602391946523,0.3157894736842105,0,5
0.42080871215259796,0.88577598144329672,0.19575734590211036,-0.90714875447002408,0.41063695351538698,0.091969721490756953,0.0010793701670415007,-0.21628269257101537,0.97633018587682496,13.775499345850436,-7.2646091929875407,-3.8994761878663082,0.693453860144427,0.425553179626511,0.48,1,5
-0.55598394824275577,-0.82593248594583779,-0.093366899679306822,0.83040651479680461,-0.54705695301465607,-0.1056111279238381,0.036150649778692846,-0.13625057364154231,0.99001460176248368,-14.232611153939242,-8.9520789146627795,-0.70187430676827101,,0.2711497950829039,0.3636363636363636,0,3
-0.47940363335116221,0.85564494426301552,0.19504841882682669,-0.87356300490768535,-0.48654504352583927,-0.012712083900519856,0.08402281110721746,-0.17648130206222956,0.98071123029975549,11.509780044837946,4.3579664044359365,-4.3431074883966012,,0.1887097201757069,0.4285714285714285,0,8
0.89496678906761973,0.43930903479171762,0.077730421434381802,-0.44417782256545946,0.89370925525013611,0.063165093376455692,-0.041719400846661064,-0.09105679014010204,0.99497143303834557,1.1780548251476521,-8.9266156329372244,-2.1571419583692304,0.555881368977677,0.4754462410358338,0.9392405063291139,1,5
-0.84109936463113177,0.53243505316864215,0.095209101321309275,-0.53492446375673064,-0.8448995620960309,-0.00074030028321265119,0.080047966193277753,-0.051552343566908,0.99545702015761517,-2.9625250691476168,-8.3342984930281236,-1.8161143137660387,,0.07040190724568669,0.3396226415094339,0,5
-0.97514417134100206,0.19324620148298444,0.10839626705781585,-0.20902183694731571,-0.96461969172562889,-0.16068205255822321,0.07350997741015336,-0.17934535384991612,0.98103594596406507,-11.701999937064413,5.8259977561970855,-1.9570654771085496,,0.5332756996041703,0.2248520710059172,0,1
-0.31034072986113626,-0.95018299186435007,-0.028998506185169186,0.95034198380190138,-0.31084864259607592,0.014941058183576049,-0.023210885651463332,-0.022921678993716669,0.99946778408280101,-12.043350240546266,-1.3429053140879497,-1.4051170377688527,,0.07516110682020033,0.1639344262295082,0,1
0.8935291695926878,0.44227918594976967,0.077425737081480608,-0.44895100132397064,0.87736031636531175,0.16935723686209511,0.00697291167344446,-0.18608599340887724,0.98250871831237452,-3.7087057188690333,-7.516973185698272,-1.8030813884047803,0.7193891902122562,0.4397951370609881,0.1016949152542373,1,3
-0.92559857089760245,-0.37796930431752496,-0.020161610700628135,0.37718730478178325,-0.91661924112631532,-0.13243452687450241,0.031575665690082286,-0.13018591241276894,0.99098668282953439,10.552049755043116,-0.13293347376715789,-3.885714350743962,0.5080651895145143,0.2974890259022635,0.3478260869565217,1,5
0.87446280377450791,-0.48141506886928143,0.059618254590444578,0.47857590667714184,0.87625247323383126,0.056095496251881732,-0.079245860226117432,-0.020521564686412204,0.99664384763055824,4.478552013317902,6.09535577271226,-3.6572935468894041,,0.0704182046447735,0.391304347826087,0,5
-0.90750186570192781,0.40925371630732765,0.094613738094218441,-0.4130417816537082,-0.91040123139986018,-0.023792529792942607,0.076399282430205814,-0.060671192128217415,0.99522970016468548,-9.2079309806928542,15.189927474109147,-2.796783655719127,0.1960371807925046,0.1325010842450892,0.4897959183673469,1,5
0.58140789687789052,0.80749383980156741,0.099591948121073109,-0.81334376297480293,0.57370101116129879,0.096638879455899926,0.020899298505382139,-0.13718909750787564,0.99032437657918859,-7.9970691163907448,-14.535977925039205,-0.90318102524592625,,0.1202559132471382,0.28125,0,5
-0.45501559025387645,0.88645596549394168,0.084596890404565625,-0.88763858913926685,-0.4590983355262287,0.036420507792999469,0.071123467974853777,-0.058519565593500203,0.99574942266916711,-0.29509568354629323,-4.7148931818314646,-2.3222575093762461,,0.08229953364370331,0.4503816793893129,0,5
0.55153736120648611,0.81019752054094551,0.19846036607517248,-0.8341499129989689,0.53589359119348501,0.13042998720219004,-0.00067958605019626558,-0.23748270805904015,0.97139152844553145,1.7398777937437255,-3.6352406663463097,-2.5619644651796936,,0.09748045946412238,0.1891891891891892,0,5
0.1324118564076717,0.97718132676559055,0.16608357806633378,-0.9904468895144356,0.12393341850829082,0.060460456730243868,0.038497523736663916,-0.1725026446101354,0.9842564596021991,7.2884972120961065,-11.919002054836499,-2.60377627728829,,0.07618285086664975,0.1875,0,5
-0.49606928804058054,0.85083227184608079,0.17320423392097012,-0.86546804541088973,-0.5005729011380472,-0.019794772514331104,0.069859314594168276,-0.15972230849658192,0.98468698596709259,-7.3253860805129394,-13.02336771322202,-1.0383085577216691,,0.1190548314087436,0.2380952380952381,0,2
0.12734778962065713,0.98185912797931729,0.14048200341121425,-0.99111559432064056,0.12049015772721092,0.056320516557610431,0.038372114525748263,-0.14640619759616511,0.98848004842397086,4.0025178834037369,-10.847941738208625,-2.295798114480017,,0.146989706221383,0.2352941176470588,1,5
0.67429241364976311,-0.73727290946009083,0.041933254949155271,0.73421685495918088,0.67541390012479785,0.068859809846236714,-0.079090775620339962,-0.015643544817712372,0.99674466575814191,1.3710990106742893,7.5450755037001711,-3.4147917546627298,,0.07288781653053336,0.2619047619047619,0,2
0.17083589100769642,0.98033326504099594,0.098801760093968183,-0.98461554888165481,0.16612120760255386,0.054184548398461284,0.036705847546167611,-0.10653841484989693,0.9936308403613423,-1.1342457120781388,-9.5709138944213539,-1.8750043367264437,,0.07956006882749121,0.293103448275862,0,5
-0.86400128043658941,0.49369593378876353,0.098823642739857206,-0.49615948121538112,-0.86823130791782843,-0.00040638821438047777,0.085601148380251096,-0.049383407251200793,0.99510488014291432,-4.2255562760213294,13.7865518495427,-3.1458368226794327,,0.1679564626063677,0.532258064516129,1,7
-0.51000415747986605,-0.85974552519153191,0.027081197654263259,0.86015265145245934,-0.50952908882293835,0.022749150370296622,-0.0057598222677611366,0.034896125234808589,0.99937434672450975,-3.2296564737171938,-2.9360887964979296,-2.1323575890500464,,0.08471723064024024,0.4484126984126984,0,5
-0.84089713999810967,-0.54044251527690745,0.028528715781994035,0.54074828687279963,-0.84117620355665756,0.0037262332376563102,0.021983861970377248,0.01856023305830537,0.99958602809447505,-14.785488249545171,-8.2389943713434874,-0.70606372258013606,,0.1103365987880349,0.4814814814814815,1,4
0.57105542206684001,0.81283267916379509,0.1148857720149455,-0.82076577335591272,0.56269818143396033,0.098561158162758511,0.015467715265475157,-0.15057819328946845,0.98847709001784423,-17.989498711326636,-9.0684870706956264,-0.38454843182592768,,0.1899591435492264,0.2857142857142857,1,2
0.9188029051399399,0.37181963616429298,0.13248162011788789,-0.39303931391678987,0.89273570753165044,0.22032488332865049,-0.036349954913682814,-0.25450562795470166,0.96638789630104371,-8.1430549268930204,-17.45211462696097,-0.67912150687917749,0.9363956312435175,0.5592311664617993,0.5454545454545454,1,4
-0.85535424089571266,0.49896824089503505,0.13928322641235732,-0.50784825982453397,-0.86072297294240796,-0.03530026688819296,0.10227056064632768,-0.10092897714382848,0.98962319798890552,1.3831766488321828,2.2608199667076203,-2.9478061857489859,0.2195249869801662,0.1608184333177045,0.5148514851485149,1,5
-0.34307238326571982,0.93282042395382936,0.11021522805391744,-0.93697113232189788,-0.34812787656201105,0.029867687487407261,0.066230182211731783,-0.093021708299854705,0.99345886917837589,7.573136421764989,-7.8631662536642581,-2.9532921954046061,0.1214506706581404,0.1311494923113397,0.4193548387096774,1,5
0.98155251430451373,0.17120230075050349,0.085114240172972006,-0.18296601519401748,0.97028775509063192,0.15831964377551155,-0.055480617755310151,-0.17097205777236346,0.98371258836845898,-9.1807420254025018,9.8687231042663424,-2.4219255458351081,,0.1777260273895185,0.2388059701492537,0,4
0.38444406026197891,0.91023159216097282,0.1538870142714609,-0.92294093552769441,0.37544678848424046,0.084969044622934989,0.019565123473882399,-0.17469446942868816,0.98442828499311241,2.0905847186496622,-8.0763480709133031,-2.3326963138493362,,0.08563012591265226,0.3125,1,5
-0.88429580602096924,0.46237911580295643,0.065011389179131976,-0.46417743640479253,-0.88561372526355608,-0.015087649170131983,0.050598764672659106,-0.043518764850147197,0.99777045562570033,-12.61853219350729,-14.751577305673809,-0.46230873683723439,,0.07865868240820872,0.5,0,2
-0.92332729309016282,0.35568682628437354,0.14475355416204144,-0.37607870981979474,-0.91377906515993934,-0.1535337881240034,0.077662821575524663,-0.19620066687750484,0.97748339344551061,1.7145416156063173,-11.333742067529402,-2.0271395481036474,,0.2975221741807325,0.28,1,4
0.81198505530071119,0.55807547144171621,0.17097379373286606,-0.5832946254045267,0.78647572315464365,0.20303526014605031,-0.021157739541250171,-0.2645896919070877,0.96412895662043985,13.687618107191351,-5.7463697493810661,-3.9202040758707635,,0.1485021648670287,0.1666666666666667,0,3
0.33021092639062494,0.93254815127930257,0.14599551238925662,-0.94381833311844621,0.32408445195738161,0.064623695878542262,0.012949832499461116,-0.15913269162884097,0.98717226880276421,-2.8885650698700371,11.69119429905226,-3.147221759653859,,0.9073971725668053,0.5821596244131455,1,4
0.6018528843812615,0.76725061780442094,0.22158428428183186,-0.79858663859238466,0.57622685395948048,0.173844739459314,0.0056996687336241941,-0.28158320662762426,0.95951988594381543,-7.9010499197820643,-12.973135678060608,-0.99737111161086034,,0.5929036520351473,0.15,1,3
0.99782459910547994,0.0015700218728982077,0.065906027427754602,-0.011681804733997646,0.98810676247159812,0.15332501881967681,-0.064881467755793523,-0.15376137677978868,0.98597557482558285,0.5809786962106942,4.1986543029257106,-2.997534828005199,0.9046743723508468,0.6762397969478018,0.8979591836734694,1,1
-0.99828277242887387,-0.011754224157465038,0.057387668415595172,0.0059613032948268446,-0.99496054474714635,-0.10008984593598788,0.05827494431356689,-0.099575863596148464,0.99332204156272141,8.0590244558693733,-19.934987169047325,-2.1145852939898875,0.278016171113899,0.1812143016755342,0.2380952380952381,1,8
-0.87486050428382578,0.44882522121382218,0.18214010773746642,-0.47258670939621239,-0.87337745523640853,-0.11778634380452331,0.10621158197820109,-0.18912361430329397,0.97619227530571506,14.529318381443131,-13.558553073444394,-3.5697997708156257,,0.08773314550130078,1,0,3
-0.94847775889799635,0.30180163405508398,0.096466131660366564,-0.30722663097450531,-0.95046969466116882,-0.047107926623434847,0.077470885472473106,-0.074317785303284242,0.99422086514603247,1.8071841089759,-13.137436328508011,-1.9068830843334954,,0.09691967451681099,0.4285714285714285,0,4
0.66773001614755201,-0.74118086493257274,-0.06919213100775512,0.74202902915436963,0.65530035481465609,0.14133069331185755,-0.059409977510638708,-0.14571331592407766,0.98754143413559914,11.687777490483811,12.986324065759918,-5.0444983815509348,,0.1911078979340727,0.2222222222222222,0,5
-0.99001104022930586,0.11954883202492447,0.074740999361554303,-0.12173723697058329,-0.9922366070643065,-0.025427558598510577,0.071120920683406877,-0.034272326489298822,0.99687874000710575,-7.2170582987366911,15.035833410466434,-2.9549168227231455,,0.2033918876010307,0.5384615384615384,1,5
-0.95692606190332963,0.26929631442459889,0.10849888058185742,-0.28541610214826246,-0.94104249999411871,-0.18159477371145616,0.053199254550050215,-0.20474009925305311,0.97736959798899603,9.396223617068781,1.0814189898080773,-3.8241142839052515,,0.1668981637917647,0.1621621621621622,0,3
0.63978016003384242,0.75622404973417501,0.13713691490884369,-0.76741985023505566,0.63828771428921494,0.060461287222934666,-0.041810528485971638,-0.14392352271638362,0.98870516298673716,4.7853079876396221,5.2841797554840575,-3.6125387782133385,,0.1417509397687457,0.2352941176470588,0,4
-0.07384138960634444,0.9852319909497963,0.15448421663751211,-0.99597495299401828,-0.080747217636212135,0.03890732389376203,0.050806910844568648,-0.15098943954168426,0.9872288726315297,-11.248223933253787,-9.2753083920527786,-0.94017216756961786,,0.07326876581413429,0.2121212121212121,0,3
-0.28784073855557418,-0.95585264981139739,-0.059105169624253169,0.95719411521099729,-0.28910904012478839,0.013978151650323518,-0.030448892150907948,-0.05255163904821205,0.99815389104091989,8.9844210359845977,2.1441715401012176,-3.8419430108288584,0.8015677084709171,0.6673562805860717,0.7514792899408284,1,5
0.91684048883684699,0.37306078695101452,0.14222927711586855,-0.39697693521040434,0.8897961651141274,0.22510463668958008,-0.042577352434917365,-0.26284678766856406,0.96389767883938304,5.955031986566329,-5.3705853639430661,-2.9194395052346511,0.7262204619455603,0.3487059264890354,0.2441860465116279,1,5
-0.98513492613681031,-0.16245476532459557,0.05583571015714469,0.16199342636483938,-0.98670982830763343,-0.012721813380984239,0.057160363189902093,-0.0034876846835322421,0.99835891789253173,-18.164803809955242,17.211668950944699,-2.0738005913391424,,0.221334646931732,0.4411764705882353,0,1
0.217053108693985,0.92016414437289329,0.32586177348191614,-0.97562403066138759,0.19343148523868511,0.1036436747437373,0.032337266463114425,-0.34041475868249127,0.93971915659351957,-0.1394589210326268,-3.6377239617411261,-2.4070988707263883,,0.1515435846956412,0.2727272727272727,0,4
0.36636616494747143,0.90955185205419087,0.1961918999512316,-0.9302844624108022,0.35383866530987546,0.096793687442783993,0.018618597657386257,-0.21797620823502226,0.97577647054269312,1.12807254036973,-8.372254193305686,-2.2040875191743177,,0.6384018866784893,0.4845360824742268,0,1
0.69605511393417063,-0.71771163043733543,-0.019932232716651167,0.70537758679381024,0.67838577808293932,0.20551203406064911,-0.13397663383974603,-0.15710745249601232,0.9784515879465796,19.840598840132543,-1.9987662372185608,-5.0569178082654513,,0.7718110902526627,0.303030303030303,0,3
0.59285160229164213,-0.80486925023799816,-0.026692090243283059,0.79995178236179243,0.58476441054107064,0.13463925898765836,-0.092758415016773704,-0.10117348558726873,0.99053510904848729,17.897276999877295,-7.8552391769257675,-4.3388970579825248,0.5750139309076731,0.3422116135027668,0.3333333333333333,1,5
0.29583882386661753,0.93819999573840307,0.17961113075106649,-0.954941092822853,0.28578523334007466,0.080089385333225668,0.023809652066155439,-0.1952115990437536,0.98047209652660117,4.3010554770570026,-12.687670718586341,-2.2341683812300959,0.99393765235973,0.3725491971244679,0.3,1,4
-0.12376524402082084,0.98084242510817621,0.15043371124976782,-0.99085522107907387,-0.13036545383113474,0.034796254219980442,0.053741001412384096,-0.1447514613235879,0.98800755017959219,-11.207017227975584,-7.1480821332008251,-1.0874379278187383,,0.06881811165422795,0.1956521739130435,0,3
-0.99043134631902541,0.10564347701330573,0.088798671123067482,-0.11993289851869969,-0.97721883061079429,-0.17509842075979859,0.068277727566072588,-0.18407284662386064,0.98053829045795149,-9.6891750431400894,19.257862451345147,-3.0143828879701875,,0.4139839098271431,0.3142857142857143,0,2
0.95258350030754024,0.2911674964838471,0.088352498171606175,-0.3005195516927533,0.94577747580156346,0.12325974735009666,-0.047672570648344799,-0.143966854719244,0.98843354392190996,0.71604776135574011,-12.113470133180186,-1.8939248898619947,,0.185178402134063,0.3653846153846154,1,5
-0.9976807889230177,-0.035088807281088132,0.058325114809460593,0.03246156224315442,-0.99844142124294577,-0.045397966067888776,0.059827171006825323,-0.043399354257385211,0.99726486234067369,3.5483209663902491,-9.4802806716669359,-2.3500670706930271,0.32331682244215,0.2493800076116049,0.4324324324324325,1,5
0.1921296437545153,0.96870537237129395,0.15714993327951221,-0.98050717854380565,0.18277192765620523,0.072111686188161342,0.041132381584684262,-0.16794143026611069,0.98493847685291691,-1.2546876243373457,-8.4125819243621613,-1.9411694424565309,,0.08600319688461569,0.3333333333333333,0,5
-0.230828278822022,0.9211352207604484,0.31341380118090534,-0.97116471183470909,-0.23785981194650835,-0.01618061642147748,0.059644012130892647,-0.30811136774772352,0.94947879222316367,0.86212275864523114,14.428037901697877,-3.8353195772936846,,0.7589495304018608,0.2439024390243902,0,1
0.79788614639889521,-0.60233219661317239,0.023950413521919123,0.5971589237987841,0.79521128812423103,0.10507248434903574,-0.082334179489431225,-0.069533676466525279,0.99417611655322391,8.7515120696206363,5.4057616699515512,-4.1054539744884231,0.307555506344138,0.136039726431595,0.1538461538461539,1,4
-0.85443333107856523,0.51087439022442493,0.094609936871387287,-0.51364064320573144,-0.8579858118682665,-0.0057996792973997145,0.078211075872846397,-0.053550948129537701,0.99549752564496019,-4.6740056735588809,3.0485932424441757,-2.4040189215541647,,0.19243748119351,0.699238578680203,1,5
-0.51628547130462044,0.82842932969583649,0.21715008132504687,-0.85332379635456634,-0.5191392225268926,-0.048300788908727341,0.072717334211299181,-0.21023632734111888,0.97494249880252992,-0.82941915982932812,-3.1136080068541716,-2.3709569134547235,,0.07970159816606023,0.2867132867132867,0,5
-0.53493438963620032,0.83359148879957634,0.13773317895646511,-0.84256632702867162,-0.53841617349097604,-0.013784363632411572,0.062667242973991011,-0.12342306884955891,0.99037344609687372,15.102189381214316,-6.7771818966907587,-4.0869566470757732,0.4453951059264568,0.2682702486118116,0.2777777777777778,1,3
-0.083924238596828668,0.98310413568328359,0.16267446197350119,-0.99446802204510953,-0.092980394669765126,0.048867160105160679,0.063167042875468427,-0.15767341123182507,0.98546893410441383,8.4858991717524539,-10.391839095663252,-2.9275607687761882,0.7685354749017443,0.5882173082369933,0.7115384615384616,1,4
0.00067506800325079039,-0.99181494480800936,-0.1276818684805201,0.99912475694362857,-0.0046712385872628584,0.041568011648336393,-0.041824207649713473,-0.12759817704633045,0.99094371226065459,19.330492456718062,-7.6750966799776252,-4.6614167325415448,,0.2661435646682562,0.2857142857142857,0,5
0.01810024570932621,0.98697966887805921,0.1598233847927755,-0.99850263856758181,0.0095905160760437619,0.05385631601746288,0.051622300208724763,-0.1605588839733034,0.98567539428475537,-7.4439766353100847,-15.828656245066256,-0.86319281175295826,,0.2511942888094149,0.3157894736842105,1,5
-0.76448888256371716,-0.63721501366200339,-0.097538581085705595,0.64463645617819754,-0.75586651205488053,-0.11449740311467488,-0.00076668278605299285,-0.15040891701532424,0.98862357339878504,0.61906048529755053,-10.198484318240693,-2.0019294999499748,0.9422642442902658,0.3982344656244387,0.4659090909090909,1,5
0.44104033635688156,0.88377792142848444,0.15626902220772557,-0.89744238655114961,0.43254002581474316,0.086638841691013282,0.0089768885248809292,-0.17845366811509072,0.98390736546114088,7.7434722294851843,-6.8436182591641632,-3.0651837714190497,,0.0728936660039454,0.1666666666666667,0,5
0.50921715986995364,0.82546327621040883,0.24353288016601929,-0.86061673049730403,0.48640048393837615,0.15084234290359161,0.0060603037967943306,-0.28639998053856774,0.95809097890826567,-21.62241567141443,-11.066975658428962,0.0053322538926788834,,0.3025100661381934,0.5,0,1
0.95481933725413448,-0.29701387252926859,0.010138674999397631,0.28319470314663925,0.91967964321452844,0.272011238676797,-0.090115444376992648,-0.25685037158230067,0.96224066288157428,2.4453113254866476,9.9131920544783885,-3.6991321615998514,,0.3596811215239673,0.1904761904761905,0,5
-0.73358200527357931,0.66156271740046302,0.15553845982428352,-0.67252126292092418,-0.73962099053838237,-0.025998870634476954,0.097839626215763212,-0.12367522508869049,0.98748764358913466,-4.5552654055768231,-6.1047275883212606,-1.8321652610305612,0.4186646554660496,0.2390176707003704,0.6442953020134228,1,5
-0.134707133180755,0.95773743930632449,0.25415150131602088,-0.98949083558051432,-0.1436209431940384,0.016760399107143772,0.052553540055815647,-0.24922283608654305,0.96701918460834169,-12.048987307363296,-7.1001762635351104,-1.0291219124606052,0.3474208741582827,0.2462085948184508,0.4966442953020134,1,2
-0.97270714090929944,0.22112732586988493,0.070310196825858429,-0.21984567461574711,-0.97519950602152117,0.025569568008248569,0.074220599410165247,0.0094143087380425417,0.99719740945019542,6.2971558512031223,4.6047534273661519,-3.7222924374939885,,0.09960142121225368,0.4814814814814815,0,5
-0.3539856477905115,0.91614464882205426,0.18807749358455275,-0.93403017317897752,-0.35657265749894845,-0.021061232522979,0.047768156229661157,-0.18312542794176115,0.98192834814540608,-0.28289437878874912,11.707253760268818,-3.5170442133932718,,0.1293100791415685,0.4166666666666667,0,2
-0.98712352990970598,0.14411810120586693,0.06940540039088508,-0.14582410168971915,-0.98910533656367106,-0.020148561925232681,0.065745479426269307,-0.030010099734656043,0.99738504392683147,-0.85387156986325941,2.3627416053735653,-2.729384536098665,,0.07108924541276818,0.2074468085106383,0,5
-0.58992803506692282,0.78975255270106459,0.16815415232528011,-0.8039372570850748,-0.59389990508776669,-0.031109313834764899,0.075298075092313524,-0.15353764437067446,0.9852697050292869,-9.5858112875432315,4.4052905387891927,-2.0622424331367712,,0.211678663601608,0.3456464379947229,0,5
-0.98708970904115478,0.14154736697711984,0.07495498120134321,-0.14328657002423953,-0.98951147296137909,-0.018330404482476352,0.071574193364213487,-0.028833795789786069,0.99701842864844537,2.210251265778894,7.3101990471854501,-3.4864567187173425,0.4093488543730835,0.2199046820025201,0.7560975609756098,1,6
0.8636506158518763,0.49161476502324775,0.11145643341598724,-0.50297197238554625,0.85512948877083228,0.12558961911371716,-0.03356797183728423,-0.16452501404246175,0.98580155762762878,-5.0232068066965025,14.318668027135569,-3.1352836541962192,,0.078757609308543,0.32,0,1
0.55049247258367218,-0.83457008206370176,-0.021232422209960761,0.83088476572685732,0.54523429678339252,0.11113085842440786,-0.081169844842411645,-0.078818397188135186,0.99357894329185181,-0.20328397092574158,-8.9624748765491304,-1.994917327010707,,0.1562770969061228,0.3333333333333333,1,5
0.43481228436831909,0.89281075857947101,0.11758922878884544,-0.90051389442645935,0.43056303439737331,0.060747011082190952,0.0036060098859541736,-0.13230428101644204,0.99120258974511677,-15.602639430387169,-13.565315519220707,-0.28616249472632477,,0.1043150240692606,0.2857142857142857,0,2
-0.99410789311693315,-0.098464033028219489,0.045324728818051198,0.089555094638470945,-0.98165226148526397,-0.16834108988942995,0.061068665180325589,-0.16329014581622581,0.98468621723491623,-22.655673672539375,11.082300657287073,-1.2719679753808044,,0.07868450547158781,0.3846153846153846,0,1
-0.9838003634830933,0.16376984104484993,0.072912851917054336,-0.16428163749919819,-0.98641292935770264,-0.0010374856808424556,0.071752270982288105,-0.012998921497591527,0.99733777610636176,-0.70073017768461243,3.7575952007752056,-2.8531047291860436,0.2335680990597173,0.1489381482746105,0.6413793103448275,1,5
-0.23596857764140891,0.9684974370212861,0.079571005077793605,-0.97024354810960634,-0.23938277776398842,0.03637778252833581,0.054279717368205631,-0.068619240692366079,0.99616520321141033,-15.236866387580642,-10.818030404891285,-0.50862506400854113,,0.09645910358521435,0.4545454545454545,0,2
-0.9041846542559494,0.41990843953280738,0.078275241406030246,-0.42033139031446853,-0.90729400534732307,0.011794497747579843,0.075971266439065252,-0.022237137179379283,0.99686201472706848,-10.304250385115047,-10.059766870027083,-1.0061948191077426,,0.08651820418908755,0.2765957446808511,0,4
-0.75500091055913066,-0.65313484752438833,0.058210789413807994,0.65484344185978627,-0.75560887784014286,0.015339178021970013,0.03396603756862749,0.049700047066929195,0.99818646234730712,6.9908716158404101,3.371319170045457,-3.7081750202234125,,0.08973350237781759,0.2727272727272727,0,3
0.49859303339833211,0.8384803585846361,0.219899239003752,-0.86681332557304314,0.48042772869081318,0.13350601527267328,0.0062964796236261184,-0.25717675978354998,0.9663438666290497,9.9501326256933496,-7.4361318359317234,-3.2861074883551202,0.683165849233151,0.48281200394754,0.1935483870967742,1,3
-0.26441852765378898,0.9410204618577811,0.2111002903796497,-0.96244851656868813,-0.27142848442384432,0.0044080378977414299,0.061446685737600995,-0.20200759443235011,0.97745446779045453,-2.6730080770703757,-12.132021416641491,-1.6250404215773426,0.673094528132518,0.5230347491857597,0.4666666666666667,1,1
-0.92689190793400911,-0.37531755551132645,-0.002850180951176355,0.37163823814359487,-0.91669022664329247,-0.14684702355238025,0.052501532891685319,-0.13717055406198178,0.98915510823245079,14.260368489181571,-9.2153780005621151,-3.8369447413544959,,0.3570000849169653,0.1333333333333333,0,2
-0.56172522129714686,-0.82503779242967812,-0.061460693304240345,0.82732361160349488,-0.56011486889656192,-0.042508532371038438,0.00064609753443069847,-0.074725997509257236,0.9972038948250378,-8.6621821048691601,9.0078424065128573,-2.4012104135741623,,0.1173453680202239,0.4042553191489361,0,4
0.10832012143266732,0.98506384216735843,0.13385058142307163,-0.99339171452564801,0.10211661574460272,0.052393685694583192,0.037942756945243614,-0.13864134896686223,0.98961554330560264,4.4482661722209471,-7.479191428481835,-2.5469677973158587,0.577951874944006,0.2877446828609319,0.3235294117647059,1,4
0.99553005641525483,-0.068408610532076961,0.065116578372258427,0.065274292735071349,0.99665843826318756,0.049104217198935936,-0.068258138575382071,-0.044634285519706593,0.99666875494036078,-19.795521676200998,-16.439172283004854,0.19992098474713232,,0.1201749158653114,0.4444444444444444,0,1
-0.81723449321483899,-0.56790265288170516,-0.098052842640108967,0.5762679174117038,-0.80332933679192375,-0.15025732598254463,0.0065628089917567044,-0.17930017707567489,0.98377252250648262,13.992426189051912,0.53520300053436498,-4.3491310161733265,0.3657864118922439,0.3537313146648263,0.1176470588235294,1,5
-0.98922429824100355,0.10759807566489134,0.099287168772242237,-0.11245776424708083,-0.99265032327847469,-0.044705558442870511,0.093747208119193459,-0.055389437696669652,0.9940540584704155,-8.1206584844476968,8.0761810037154742,-2.4100404208481159,,0.1744933578258226,0.6837209302325581,1,4
-0.60941491242917145,0.78641581654079928,0.100814820356005,-0.789188617806869,-0.61388409308035985,0.018100988563816884,0.076123518264915271,-0.068530896370703503,0.99474053210352231,-16.487417473704365,-12.45776485295665,-0.30466134239296566,,0.08922885754325896,0.3333333333333333,0,1
-0.86669785184491022,0.48724217752669391,0.1069106825647578,-0.49555296011934741,-0.86553036935916949,-0.072694177441735189,0.057114773258492881,-0.11598379264373028,0.99160761519847407,2.9506471340907954,7.9286158823568691,-3.6189399332874217,0.5067120997994083,0.3055123354849611,0.9117647058823529,1,4
0.98637847394160871,-0.16363688924994363,0.016747376547584701,0.15723961235236794,0.96788928476696101,0.19612760320918374,-0.048303317193562789,-0.19082269495503848,0.98043535668507786,-5.9918763329749352,-22.783173403828034,-0.50017746082463066,,0.1858857955246196,0.55,0,4
0.92549637369476523,-0.37373055854362497,0.061497413673345713,0.37070812893938243,0.92710419500977626,0.055256626150512529,-0.077665599953277681,-0.028342215967449465,0.99657652660392948,-17.522237947596331,15.134176771954719,-2.0224403875483175,,0.3642261565879643,0.3076923076923077,0,1
-0.20430896314034325,0.92302524754922499,0.32600957036137723,-0.97717594474497738,-0.21209913195084087,-0.011879866895741567,0.058180929799020981,-0.32099587320149719,0.94529182202922357,-13.748712046971788,14.409476120259802,-2.3167933765687407,,0.6187938616341733,0.4444444444444444,0,1
-0.65821700278697204,-0.75161391262134247,-0.042742292827748267,0.75273926990522311,-0.6562046940404046,-0.052716136636623868,0.011574488528116229,-0.06687245975270148,0.99769439476321409,7.1323469045065071,0.30518273312013022,-3.5170222477194315,0.8952157653160451,0.6081172753017544,0.2380952380952381,1,4
-0.81562643599958362,-0.5760041482512005,-0.054522821790741742,0.57793191910933772,-0.80663367392909435,-0.12384188692945479,0.027353496544574855,-0.13251919589651448,0.99080293143779374,12.3645642775127,-12.209805195631338,-3.3146251553637662,,0.411758927017706,0.4857142857142857,0,5
