axis_00,axis_01,axis_02,axis_10,axis_11,axis_12,axis_20,axis_21,axis_22,location_x,location_y,location_z,dbh,dbh_approximation,score,reconstructed,number_clusters
0.88300323559812743,-0.4680436844174462,0.03521924758109693,0.45096215977025672,0.86679349098995662,0.212843074664852,-0.13014767142973363,-0.17205857564906341,0.97645144793124894,-11.043152786794126,16.003707069419562,0.59249882940663567,,0.3417570969078592,0.1363636363636364,0,2
-0.26026254351319772,0.94221113799778766,0.2109539757315671,-0.96453194384682006,-0.26368078858690608,-0.012270738741483581,0.0440628839627559,-0.20666546195022784,0.97741897316032456,3.3493758795339219,9.6550122049009612,-0.8756390164535155,0.4833297614732496,0.228667626703792,0.4107142857142857,1,7
0.20335283287067416,0.95813118746342874,0.20157443531706654,-0.97870888292104508,0.20477550715472503,0.01399693398454516,-0.027866608242020089,-0.20012900659186753,0.9793731836565881,8.120822198983209,16.477990014139081,-0.8394064416150262,,0.1401781848962739,0.3793103448275862,0,5
0.027059737843429056,0.9834476098138476,0.17916073604245772,-0.99921451450078802,0.031800988601973411,-0.023644262198072318,-0.028950381669313463,-0.17838020034568713,0.9835356523918356,15.431174298641507,-3.301788133627368,-1.661271936409221,,0.09023907444869343,0.1538461538461539,0,6
0.12405954679177704,0.97450813606181663,0.18693079360860362,-0.99189057213281362,0.12703295902451292,-0.0039648752206857089,-0.027610175005929525,-0.18492301119871463,0.98236508395063682,10.495360056180367,9.0109382896157957,-1.2202854912172389,,0.09497729584109481,0.2580645161290323,0,4
0.99564441955687599,-0.04674619924988016,0.08066587048400678,0.031844916594300963,0.98369562411266998,0.17699949262268208,-0.087624717359624432,-0.17365975917660195,0.98089968750651113,-15.781794018737175,-1.0392437936617447,0.79112196727906026,0.4277624959662925,0.1458712224433009,0.3061224489795918,1,2
-0.99282302157186109,0.048152164675625234,0.10947062105410192,-0.083327038870397149,-0.93512027661330133,-0.34439319514147382,0.085784919595524714,-0.35104335530488745,0.9324213158579524,9.6469835446635592,10.608649058988153,-1.1171726041932599,,0.357213264944058,0.2222222222222222,0,1
0.43067530593274161,-0.90100539726799522,0.052038975332748101,0.90236976439834016,0.43089871293357845,-0.0074234420500028436,-0.015734966139904678,0.050155491086501885,0.99861746307304722,3.2305635153877637,3.6067584887327953,-1.0868364780523716,0.2875891143044073,0.2116838725269227,0.8258928571428571,1,3
0.39356559686001014,-0.91848635317872451,0.038586785207776995,0.91914946232964145,0.39390662843375351,0.0013542433618436078,-0.016443444510029145,0.034934039279759924,0.99925433500798255,5.5399035007350923,-12.950848615075037,-1.1245689105931245,,0.08072202309443756,0.3703703703703703,0,5
-0.96551608549547341,0.2340374410798364,0.11404018950483878,-0.24890880654296063,-0.95822849775523389,-0.14086359400180548,0.076309204391452418,-0.16439167333702942,0.98343900830839248,15.703237779670754,-14.527646250258766,-1.7262587557022349,0.2340013068758366,0.1850144784981134,0.36,1,4
0.29148245794851824,0.91599418645018027,0.27566760255380329,-0.95559770113342635,0.29186224816351075,0.04061356528859332,-0.04325517653183189,-0.27526546911374944,0.96039466430045672,-16.780720446111328,-1.8911861190165318,1.0010539640844622,,0.2596482898726623,0.375,0,2
-0.98451291438691946,0.13056198939579661,0.11699524917870391,-0.1500268738518524,-0.97271608774260143,-0.17696143582421822,0.090698723958033106,-0.19177325040719428,0.97723935752744107,6.1557411157182154,-20.224579637412628,-1.1126082796628531,0.5279093869860082,0.4827362021311907,0.2,1,6
0.36606165146472164,-0.92929091242923345,0.049165713697281802,0.93053022121946216,0.36612851888419168,-0.0079633571391964,-0.010600694513986356,0.048665262108722018,0.99875888859109041,-11.712466291765914,-6.3053818754801565,0.29169948150646641,0.222584766696116,0.1845093825745412,0.7530864197530864,1,3
0.45184073372718675,-0.8920541398822065,-0.0089085837198717623,0.89190377508595631,0.45151081807076732,0.025409391029416906,-0.018644230536465974,-0.019426597336715624,0.99963743426485385,-10.622468102921388,10.875729031838665,0.31150813944176914,0.185010510053627,0.1352895488104192,0.4430379746835443,1,5
-0.048059305924941349,0.9717434991010685,0.23109494816811915,-0.99866253412246841,-0.042330973955372005,-0.029685545035924792,-0.019064261173809174,-0.23221253325090449,0.97247822255672922,-10.333012543403791,-16.620742670962468,0.34495211554134481,,0.08128870991267687,0.2222222222222222,0,1
0.67689762411391807,-0.7358523132924002,-0.018192841755943989,0.73471324738523203,0.67393303553567152,0.077528754216241003,-0.044788956067095438,-0.065845551375160571,0.9968241132609712,6.5860407543635393,6.1313933762023769,-1.1109755238664893,,0.07681372743179241,0.28125,0,5
-0.60948519581236094,-0.79234024598582709,-0.026920822362750205,0.78962484367791563,-0.60366126377472729,-0.10993491194577498,0.070854797524192881,-0.088261051483752975,0.99357414643235731,15.979792816327569,-13.347819280577689,-1.7405526681983274,,0.3989219777733826,0.1111111111111111,0,3
-0.97424071307450988,-0.21979369061505105,0.050455589917125621,0.20889413375390892,-0.96386996888892162,-0.16528134788073406,0.084960425324228789,-0.15048394146846211,0.98495497840705493,8.4997912299424954,-17.16290562049905,-1.3001641558688353,,0.5253022657632116,0.5151515151515151,0,5
0.094059798909362211,-0.9869275363236476,-0.130869371035642,0.99539469963108107,0.095669825188830826,-0.0060561121759079208,0.01849719371902055,-0.12969704157949311,0.99138112309547621,0.79202597405723452,-22.956662637614489,-0.68660290307179805,0.4518972476986999,0.3997623571398541,0.391304347826087,1,3
-0.98998555685286271,-0.11950320131861616,0.075150396521436374,0.10806885147819538,-0.98406322176634697,-0.14121153956748816,0.090827972359348502,-0.13167596759256728,0.98712295029324981,1.4663881299045969,-22.687981288837996,-0.74614784958691949,,0.3842163065583274,0.2692307692307692,0,2
-0.25125851541425398,0.9404733606801019,0.22886462435881175,-0.96707973734791319,-0.25377216486749371,-0.018880411795193529,0.040322946853071563,-0.22607420505121867,0.9732751480272902,-18.535748859356545,-19.983162415366753,1.3442592592294507,,0.2074449239223465,0.4,0,2
0.31847368924715475,-0.94709175565328563,-0.03989631099343121,0.94790152775519765,0.31784556184601453,0.021375043722858224,-0.0075632623033570576,-0.044625163174707889,0.9989751708000365,-13.371651530000729,-7.8136397333646128,0.52308899759361227,0.2026551770397198,0.1540746307648564,0.5319148936170213,1,3
-0.75230474426851546,-0.65679040323469551,0.051613350694269117,0.64352515174252134,-0.74936672048791364,-0.15596441036324132,0.14111325531589183,-0.084118276515838641,0.98641328292463548,-2.5672972757145893,5.4848636260195534,-0.68825360282242209,0.600669868631485,0.3289681720357169,0.797432239657632,1,4
-0.062440805838321588,-0.99798659726492145,0.011130922955604675,0.99771707255776809,-0.06270364476041769,-0.025077800153033625,0.025725257880479552,0.0095396338159241673,0.99962353238288693,-10.598916874079938,7.9295448765078644,0.26819956231927183,0.2363776300307295,0.1192159307925919,0.2900763358778626,1,5
-0.99019040866100427,-0.09066401305983772,0.10631552723679517,0.065091252588889981,-0.97260206191862808,-0.22317786177853904,0.12363690157942928,-0.21406836732108961,0.96896266733054282,3.1198971538416838,-9.4428513398329894,-1.0180670249196233,,0.6828554116272338,0.4905660377358491,0,5
-0.32834709210337332,-0.94143599431296354,-0.076723241063067174,0.94230209856257152,-0.32087140122005775,-0.095437408408082694,0.065229917613265062,-0.10363306659092612,0.99247430463318709,-0.02682093406460483,-11.843619590396797,-0.73554997671174827,,0.1118221845963167,0.2631578947368421,0,5
-0.43238720755915638,-0.89102861214421536,-0.13823644627791767,0.90057211365500478,-0.41912199315909326,-0.11535433653445815,0.044846079495884213,-0.17436962806263442,0.98365850881449035,5.4424926456016527,15.605293189375498,-0.71754919897971925,,0.5980003061407951,0.25,0,5
0.86430898715293381,0.49194982260866965,0.10466779238127111,-0.49546050507354805,0.86858494789345908,0.0088924802604137161,-0.086538214904948133,-0.059544607885313509,0.99446748415061326,-6.8565277316293747,11.045140451810052,-0.10098442707729068,0.2939741730147594,0.3183464988964288,0.8554216867469879,1,5
0.56808808373215969,0.78980489060832226,0.23126643485966464,-0.82267006617870619,0.55255663363378893,0.13377267598735595,-0.022133488993967984,-0.26625063642829394,0.96364968077952629,6.5862177036153779,1.9518193420068886,-1.2522453846073742,0.5372186664175205,0.6865705522455926,0.5886075949367089,1,3
0.77037706347069201,0.62864745446837789,0.10640281043610597,-0.63174798794125941,0.7751524000499489,-0.0057651044200258111,-0.086102612100000933,-0.062778457190603834,0.99430639417753119,9.3214542760315471,-6.2866342522339034,-1.4141322217258829,,0.1016141325617705,0.4736842105263158,0,5
0.84597157970359227,0.52172650488463401,0.11015235101744854,-0.52662535725893411,0.84988294566799749,0.019097427957342688,-0.083652970214493985,-0.074164902504824201,0.99373122513622447,-10.035147881225923,12.347320242967431,0.33586830384893623,0.1237001328322065,0.08685813431491539,0.2571428571428571,1,4
0.62937349968659217,-0.77652292354180552,-0.030019112350927583,0.77611858941485612,0.62616337330127037,0.074561150076070573,-0.039101573586543023,-0.070225203097321831,0.99676450969774966,15.270215086584354,-10.967337532816593,-1.656936743262911,0.3115302087042936,0.1694397325028416,0.1111111111111111,1,5
0.98444112567202768,-0.16717709989642476,0.054106259857906965,0.15802058037045191,0.97695683235650366,0.14347419242264622,-0.076845079640638289,-0.13269199290901412,0.98817390612829759,-10.096943115630497,-20.080473047357934,0.38637174962632004,,0.09280565155623713,0.3571428571428572,0,5
0.98622465922265889,-0.14349212807415751,0.082285665348841686,0.14206996997642685,0.98959132041186237,0.022915981244661768,-0.084717443139232809,-0.010909983788169157,0.99634528507023823,-1.6561527339822648,-9.0255388812125865,-0.66964561708875514,0.2780688335313502,0.2608758803574351,0.7283018867924528,1,5
0.37425886188003832,-0.92725204729597521,0.011573464895195354,0.92713566035590322,0.37440530267762379,0.015496342255489994,-0.018702181709116746,0.004930528602369577,0.99981294164809631,19.743026503017486,-19.278304285857605,-1.9490717353488047,,0.2867077907154877,0.4666666666666667,0,3
0.64913195563794701,0.70923752808857943,0.27497242210894002,-0.75696652193299574,0.63794014498196383,0.14154171149542771,-0.075029253243774893,-0.30002416597866488,0.95097639875366469,-14.675367230914567,-4.6497459854400489,0.54418272463443307,,0.167499135285343,0.2941176470588235,0,1
0.25303142515826077,0.88303019190778187,0.39526292270042923,-0.96641479049926049,0.24966944386078499,0.060890241471985261,-0.044917152477086317,-0.39739507921154782,0.91654765311564568,-6.8010620134595756,-9.341813397193663,-0.18877719457048162,,0.3942300493491991,0.2783505154639175,0,1
-0.88819211304843304,0.4124947519338471,0.2023928110027467,-0.45144353978702439,-0.86543386713865078,-0.21730842596181404,0.08551900784691592,-0.28438055706477877,0.95488962611414163,7.5833958286139485,7.8086810878379938,-1.1154126258764443,,0.635663272470167,0.4666666666666667,0,4
0.014738624697440066,0.93404696064758042,0.35684597272078677,-0.99958786126699084,0.022556674948907604,-0.017756802159483945,-0.024634945701375914,-0.3564371918308552,0.93399445808314274,-15.723445053054295,-8.8701232235848479,0.811551042810572,,0.4919184964528638,0.2352941176470588,0,1
0.3001175326904294,0.94024106627562742,0.16086082139750521,-0.95191586789960714,0.30608053143074637,-0.013072441241366209,-0.061527611791342432,-0.14920269960005053,0.98689052453618709,3.9546093981134192,-16.321303079963648,-0.95722264523646095,,0.6664070485602231,0.5,0,5
0.9637457989770466,-0.25304015586263012,0.084644636422574818,0.25439010805956364,0.96708670663742147,-0.0053828214375669795,-0.080496632696887227,0.026720429753300037,0.99639666336166599,1.863195205475344,10.410772652091595,-0.79964277708041165,0.4143299909115641,0.4152631981078569,0.9563636363636364,1,5
0.042513485756447443,0.97432619349955196,0.22109064247387736,-0.99872427860568824,0.047479110634039881,-0.017191549579652937,-0.027247364136470203,-0.22007771971300527,0.9751017272231346,10.554476195999451,9.0647108541967345,-1.2204248255030659,,0.107058367516994,0.5333333333333333,0,2
0.6539728770733656,0.74136968365858802,0.15063355603699433,-0.75377892899337073,0.65548591249775556,0.046427844259582643,-0.064317977720014005,-0.14390695142678187,0.987498854213542,-8.9926293038221914,-23.062816163968108,0.27998131624716088,0.1552377066772419,0.1463463210644116,0.15,1,5
0.93139727380699433,-0.36047900453109832,0.050537170846484507,0.35616286045247397,0.93116936668889239,0.077920647934407922,-0.075147422971182931,-0.054575615731522864,0.9956778429734765,-4.6027333973019946,12.174277345130996,-0.25317655294643582,0.2896205643889837,0.2638615253598725,0.3376623376623377,1,5
0.55010600671578302,-0.83488174447868058,-0.018864095829108571,0.83455364807602495,0.54879611908682213,0.048404836103849817,-0.030059771426490092,-0.042370891086659049,0.99864964713873006,-12.027523611902751,15.824226544507246,0.71369735374516741,0.3072224100656173,0.1294133062840505,0.2857142857142857,1,5
0.19759111753173267,-0.98024726876888513,-0.0085464813639239742,0.98005311215779567,0.19734753772326441,0.023448810297867734,-0.021299005196996401,-0.013009282290257548,0.99968850696200007,-8.8082541641638841,-31.073583654210815,0.30340444089313823,,0.4270681155936517,0.5,0,5
0.93564951164227983,-0.34393451118852808,0.079177290791438121,0.34495777711072556,0.93861786091085198,0.00080199124905931901,-0.07459305178359886,0.026562439508540269,0.99686022763121862,-5.8087804646789234,-4.80262981348094,-0.50742975030573967,0.5478963479142075,0.2774866082897878,0.5408450704225352,1,5
-0.95310672984129075,0.28016144917661484,0.1144426665474914,-0.29420454038175659,-0.94638583597105419,-0.13340741318280669,0.070931304443105747,-0.16082105542691807,0.98443147967818057,-17.752267676464726,9.791153264892527,1.3249854786060704,,0.1076690894704125,0.12,0,4
0.85376673746630505,0.49893351763337557,0.14882104346538999,-0.51316157871804169,0.85469284185202599,0.078519680427995023,-0.088020180207430021,-0.14340673299707202,0.985741830707898,-10.842023174145554,-9.1886015341804761,0.2668865174782849,0.3070409818015834,0.2007469921583009,0.5494505494505495,1,5
0.98161465528633174,-0.18319026266576169,0.053609665094503718,0.17319634833449993,0.97289805891188041,0.15320702297574004,-0.080222773890523902,-0.14110526081597277,0.98673887727167497,6.7714277180637472,-19.074604851611316,-1.161837049408069,,0.096988046256774,0.2222222222222222,0,5
-0.63515576778280858,-0.77098681988366768,0.046437853286951179,0.7687971433002424,-0.63684999341916304,-0.058077864418371802,0.074351214553750197,-0.001187201617832936,0.99723141118132741,-10.089912463892544,15.292270036073917,0.4924944057550163,,0.1184473822077428,0.4242424242424243,0,2
-0.7053943165049783,0.7017488630265174,0.099836824285752621,-0.70741311518957262,-0.70583536304994721,-0.03692051903660603,0.044559428859200889,-0.096669403169454049,0.99431860275799056,-4.4349808889489051,-12.521153572679236,-0.33679521048246192,0.1856551631789989,0.1650028502217982,0.6229508196721312,1,5
0.62741957033105822,-0.77603091099842691,-0.06419274055951793,0.77826318441683151,0.62764956652334969,0.019037789378591904,0.025516632751262404,-0.061903528316263202,0.99775590934608582,-8.7112940695655752,9.9339145262430293,0.093635329087632557,,0.1054818051953032,0.328125,0,6
-0.87052913378750196,-0.48879264718853138,0.057103198523470552,0.48276704368726525,-0.87073247278474297,-0.093599905809922029,0.095472554991688524,-0.053913902591040251,0.99397096655323103,4.6290502315910924,16.650005586908687,-0.63395950009894775,0.3416915109744204,0.1628553661804166,0.2916666666666667,1,5
0.35340683550949886,0.8784324457388698,0.32165205873488506,-0.93391425397555583,0.35112734041227806,0.067184499970463898,-0.053923787296916388,-0.32413890400294154,0.94447138446610923,-12.680290817270622,8.9069131553935375,0.59513694019547758,,0.0895540416374405,0.3513513513513514,0,5
-0.86245715583699745,-0.50613005797787858,0.00013695570519128483,0.49936415471645873,-0.85097193715466968,-0.16273353421942208,0.08248087857117227,-0.1402823103122291,0.98667004519423296,7.4620621326469063,9.2879105909211539,-1.0459053729301524,,0.1460259712559653,0.32,0,5
0.99443893170483333,-0.069552251111344596,0.079080310287037728,0.060118602369472279,0.99143019863767357,0.11598239038062579,-0.086469444076454002,-0.11058320665728151,0.99009817172162373,-21.000345536164073,-23.308163653054841,1.5849602521251278,,0.3083603433785962,0.1578947368421053,0,1
0.13807134727122272,0.95181384556741555,0.27383700708428405,-0.98885103878604996,0.14804634347336923,-0.015996977086795483,-0.055766711884955959,-0.26857528473471637,0.96164306802222999,12.070930489185459,-10.037019066111197,-1.4772710269434179,,0.2083146976718612,0.1111111111111111,0,3
-0.85065005182015063,0.50706813502530368,0.13883946045823597,-0.52203843177755371,-0.84593686166646975,-0.10893439227863272,0.062212258322664964,-0.16514458064327489,0.98430528922613725,-6.4632838535266455,1.8438255356861626,-0.49618983155249152,0.1898780847360702,0.1713033900669701,0.6271331058020477,1,5
0.93113042335328422,0.34366511213641754,0.12202633079051285,-0.35499730669818019,0.93076290550938701,0.087506148154059007,-0.083504771977236714,-0.12479865555359757,0.98866184746304575,12.900940603379743,-24.774574366204284,-1.5767056614244834,,0.2113960344341361,0.5882352941176471,0,5
-0.66942236361664609,-0.74109506636028843,0.0514956474504705,0.73907894856899092,-0.67139848189475548,-0.054647838855463031,0.075073343285469121,0.0014768635204075481,0.99717692111384371,-11.746182782950585,4.8496120048315046,0.26481772695633587,0.08513471000825414,0.09504330082746186,0.3928571428571428,1,5
0.99204271723431892,0.082508243558446104,0.095098038503688059,-0.088149055529301926,0.99449114897285029,0.05671947305776974,-0.089894333479039953,-0.064650942449117982,0.99385072543556563,15.456907261242455,-12.163335906460444,-1.6914992504718536,0.1385879364117915,0.09909783187446627,0.1875,1,5
0.82557166922076219,0.55385008574834838,0.10808099507587907,-0.55849512860497752,0.82935129752432724,0.016112622977798412,-0.080713135886016252,-0.073664834291962897,0.99401150993546528,0.52087485417371227,-20.894225772187081,-0.66896910875102567,,0.1021305822312313,0.2222222222222222,0,4
0.94026814140366866,-0.3339369128181725,0.066196378441415002,0.32961885023305831,0.94164262196853077,0.068268485139684781,-0.085130698530714768,-0.042371107487283829,0.99546845927833105,7.665479613757312,3.8791219155014698,-1.2327774376153533,0.4066770197873812,0.3228167186705135,0.6585365853658537,1,2
-0.55211554741828406,-0.83142047533581842,0.062517321530677281,0.8309749480698897,-0.55484908532932786,-0.040288065099376234,0.068184000903819583,0.029706660895657603,0.99723039279756109,-14.056688469451283,-20.81059293055829,0.80818897493142794,,0.1125341000328448,0.4705882352941176,0,1
0.38243913354187625,0.89801037315396981,0.21752627161703134,-0.9228190713562181,0.38302386038983843,0.041202960006677516,-0.046317066800319308,-0.2164950162935238,0.97518441191555205,-12.944461350281752,-13.517252364737127,0.62657437491831824,,0.1190115245663116,0.36,0,2
0.82218545685302902,0.5606784257255194,0.098238370636575215,-0.56275640673424521,0.82658666007555404,-0.0077278758207484652,-0.085535379925130647,-0.048930525350680536,0.99513290693754575,7.8441427065493174,10.405541696565301,-1.0400131753488271,0.42279322201629,0.3803719327711366,0.8117647058823529,1,5
0.026134511414536082,-0.99948361926669205,-0.018694441170525669,0.99955255009120914,0.026399353412894941,-0.014063205379359003,0.014549464570369807,-0.018318541343017133,0.99972633461551874,-8.6788327573175366,-7.3888078268116093,-0.041439417342669892,0.887584209944508,0.7486520211289802,0.9454855195911414,1,6
0.30506214474754756,-0.95148070359871195,0.040268579827534678,0.95232509443962754,0.30495309774359797,-0.0089734428809206904,-0.0037419704141008225,0.041086236818229947,0.99914859695719738,-13.921936634881714,-1.722872070129061,0.43105235938753972,,0.1002325898097979,0.3963963963963964,0,3
0.2388699213272166,0.96057445748259684,0.14225987599159265,-0.97014318699675839,0.24240691283517923,-0.0078157106835825482,-0.041992349409160662,-0.13614551128014377,0.98979848572796203,-6.3573481654265693,19.955133331660665,0.28844790923379643,0.2105830742013451,0.1526284236480678,0.6,1,5
0.91394048759179114,-0.40426800939524304,0.035779347675512337,0.39930318147335736,0.91146922813669795,0.098898005162616709,-0.07259307408928542,-0.076100083702304006,0.9944541331075899,-18.163154197178169,24.596958243979529,1.6910831504174753,0.578857816635765,0.4450209636205489,0.9411764705882353,1,2
-0.056349755773470969,-0.99558226967950492,0.075104256364582539,0.99783420716866456,-0.058714431065393952,-0.029656543776216793,0.033935232846611429,0.073270457105670261,0.99673458858774122,0.00055674364233357029,7.7367676105687728,-0.77943495102958782,0.2276046441295041,0.2115224068342327,0.7489711934156379,1,5
0.65030573703558336,0.69318736372217948,0.31079531391979065,-0.7559504270193117,0.63093433566807844,0.17453027234379848,-0.075109255541023323,-0.34844388766482193,0.9343155017878586,-18.49368446334578,-9.9666251794671332,1.2159526916476231,,0.702260664302371,0.3414634146341464,0,1
-0.96748640563528543,0.23086048554889285,0.10331258937344386,-0.24835660312321445,-0.94441731617312241,-0.21539482490871145,0.047844044519819828,-0.23404992870002295,0.97104664063035617,7.7895397524323364,1.6564705419675703,-1.3111937037566461,0.4794500004288008,0.2488212211733887,0.2380952380952381,1,5
-0.99676754079448637,-0.0068275329186141447,0.0800490750274961,-0.01674675869208803,-0.95683756818012,-0.29014033534216382,0.078574904974943724,-0.29054303108730661,0.95363029072842453,-11.172249393973949,-24.488889491628576,0.55980414424373959,,0.3599763579574373,0.2083333333333333,0,3
0.61320163105824177,0.76109852374254516,0.21145400640430034,-0.78499217760755757,0.61700587162016429,0.055597081588741541,-0.088153506807476162,-0.20008196206344886,0.97580539437655522,6.8346474501851979,-4.5556921368102969,-1.3596585114300435,0.4895280384966577,0.4907868745908252,0.217948717948718,1,5
0.59176147185304562,-0.80583389906169156,-0.021215266987460173,0.80543720228798688,0.58998296620279778,0.056489049921635413,-0.033004145206595996,-0.050515608613379746,0.99817778961746206,-11.809460487105696,-3.1602686286901651,0.20748409650484009,0.2603891083872679,0.1527068219127903,0.4114583333333333,1,3
0.47242461802003494,0.86754683067155702,0.15549108296092751,-0.87955397799571811,0.47537860520366748,0.019999537657756052,-0.056566598629690712,-0.14621107449968873,0.98763482199298491,-13.605372261868975,-14.644979452992892,0.72077694825355076,0.4542211160139178,0.4325267433744642,0.7611940298507462,1,3
-0.55590495238426207,-0.83123288035547149,-0.0046457002268729345,0.8284705056498044,-0.55358392954981872,-0.084743461178658441,0.067869766339725524,-0.050958135367454464,0.99639197269792557,-12.279559169854863,3.8449313153974245,0.2715157317841832,,0.07892477798958469,0.2204724409448819,0,4
-0.76548802651173919,-0.64235871049583826,0.037461557859874074,0.638618337031857,-0.76557254964191357,-0.077879977153611543,0.07870642206218105,-0.035692552233001919,0.99625867165172866,16.149792294472945,-8.8670134604894795,-1.6809759734577103,,0.1326741775410349,0.2777777777777778,0,5
0.39164241877871864,-0.91947532278916599,-0.034370722932667137,0.91961849554999064,0.38992675142409788,0.047528424823697041,-0.030299149419196831,-0.050222099773000149,0.99827836911297674,13.823235693677418,-6.3027973454877761,-1.606170627624367,0.7866543498273828,0.634348161655399,0.1538461538461539,1,6
-0.080118600248870589,0.98859838908077857,0.12749209779846124,-0.99647363143755252,-0.076237295083070672,-0.035045351875447328,-0.024926125728215249,-0.12985029821031424,0.9912202521694532,4.1012468329523948,18.29083818293056,-0.5539252094613154,0.3974297591988399,0.3455666033006723,0.40625,1,4
-0.99573637043531205,-0.030957823103058991,0.086894728154421341,0.025715901098590774,-0.99781807347750939,-0.06080941269506434,0.088587657283611357,-0.058315567650078309,0.99435985515639702,-17.304969256841208,0.82900662313039153,1.1320095887027648,,0.06265627630477329,0.2162162162162162,0,1
-0.97849758799514175,0.18428392699102703,0.092638569399890208,-0.18953058676985132,-0.98052982293558499,-0.051375315206703076,0.081367235213987144,-0.067828464428129773,0.99437350751463416,11.891863861305772,2.5633340617896931,-1.4544850045663897,,0.1086500733680937,0.4814814814814815,1,5
-0.84177259477172639,0.52381872189839129,0.13050994322277798,-0.53553614151551632,-0.84074188482709566,-0.079712760760478341,0.067970139193249554,-0.13699280888470125,0.9882373351032292,1.5211002149098793,-14.083156130211114,-0.79615314040540952,0.7850569359890742,0.8886337291846462,0.9915492957746479,1,5
0.31523123365259664,0.94010489631980221,0.1297384031248878,-0.94752366919884379,0.31944175727435664,-0.012484390951528031,-0.053180500541285175,-0.11899473780384098,0.9914696600184868,-7.7838728199990088,-6.8885996806392411,-0.17096002281338094,,0.07825285458352005,0.3979591836734694,0,4
0.31601721018979362,-0.94875254545013399,0.0013154336749014776,0.94875343341573726,0.31601658692891116,-0.00066284813743926099,0.00021317999736861985,0.0014574936346665587,0.99999891513270922,-9.3488013871791988,-3.6861511571157539,-0.073901823771369973,,0.08971145686896911,0.3851351351351351,0,4
0.74362649373945167,0.62816236297229056,0.22897965751096125,-0.65904807972461743,0.74634952317491443,0.092833279958599524,-0.11258448569879911,-0.21994189005654594,0.96899447809483974,15.104117831106294,-1.25350235222104,-1.6223049774539455,0.3179824761540627,0.3256677190882463,0.5277777777777778,1,6
-0.99898536131307625,-0.041135249744803197,0.018334096940277045,0.038801067593873209,-0.9928016886754899,-0.11331056489432596,0.022863180788300009,-0.11248421307689467,0.99339044527955556,-27.150821034433402,-8.7168690349601139,2.1796786856612917,,0.2877584384994289,0.4210526315789473,0,2
-0.99391370575860261,-0.080415386928335927,0.075292171242210451,0.07354697021219829,-0.99322823402200888,-0.089936190235774663,0.08201456381525371,-0.083851301043486925,0.99309746280790923,0.76739722304011704,28.931459199498399,0.14344989591071317,0.3318917803575075,0.2860161635161653,0.9387755102040817,1,5
-0.46359402592961074,-0.8860031193589758,-0.0088910971505025433,0.88402982097717209,-0.46183809385645502,-0.072089185639072823,0.059764995987986159,-0.041280110818654271,0.99735856025070324,-3.1265522695930765,8.2191046352987058,-0.54050119934982288,0.3229226965469911,0.2932807902684322,0.7302631578947368,1,5
-0.89402991755266514,-0.44481977975258979,0.053346696820262759,0.43969330777752907,-0.89402964263351525,-0.085911542811457381,0.085908681845495619,-0.053351303952643161,0.99487352801756823,11.931428479006259,-4.211948046920492,-1.5117855556417772,,0.09575350625977735,0.1428571428571428,0,5
-0.027945185735142274,-0.99205628445741489,-0.12265151879523231,0.99951072399027896,-0.026006790170230946,-0.017376981713452193,0.014049171600364053,-0.12307711133102862,0.99229765969881911,-9.2286193495464168,8.0015715716619162,0.089581318722794373,,0.1168076804737988,0.25,0,4
0.69664014725424217,0.70579781882524395,0.12861548963914571,-0.71314555153314474,0.70081215209797354,0.016904135597374529,-0.07820439605339119,-0.1034976638061747,0.99155045561211341,-22.921369281122967,-0.87199869007695718,1.780860416401659,,0.08452214609200508,0.4,0,1
0.95942320623042243,-0.274560200215484,0.064216880990669523,0.27336247019536797,0.96153431626216723,0.026920596927497362,-0.069138059238186444,-0.0082737602019650018,0.99757279115706521,-15.851307351738372,6.358989647289798,0.93360856257851987,0.4440500704222309,0.3821565484832375,0.9333333333333333,1,5
0.43389833031210195,0.88088132217910053,0.18915690626664888,-0.90075085704575075,0.42867167476871887,0.069917728669679366,-0.019496986529087188,-0.20072043116479521,0.97945452984265857,10.446216847751966,-3.1935884694942973,-1.4475915508121462,0.3114593713675987,0.4050805539125382,0.35,1,4
-0.99225712553035617,-0.094894789394948414,0.080129743416055679,0.087189957391646422,-0.99167799956030089,-0.09472410737569284,0.088451727876155184,-0.087004161588784351,0.99227343393943324,9.8331927214772676,1.8312378277234989,-1.3812080409091252,0.127961498046346,0.1071722442091252,0.3888888888888889,1,5
-0.24604297844641498,-0.9679369692228964,0.050605102201362294,0.96819415006820897,-0.24788405899271329,-0.033964408886281966,0.045419605138249768,0.040638859591410177,0.99814104342031473,0.23412528963244694,-12.979854694535376,-0.73771951521387547,0.1894416252176411,0.1626389772247447,0.3469387755102041,1,5
-0.87936614111550093,0.46554703669380132,0.099905687952449071,-0.4719030027845097,-0.88007845954240316,-0.052625668759949479,0.063425119807491478,-0.093423025401072349,0.99360424339991349,-7.8242552334878575,-1.55824522696942,-0.36105228484118979,0.1938157846173325,0.1587250736116691,0.7136294027565084,1,3
-0.75629886745469088,-0.65412233274431364,-0.011661770529819933,0.64306465391023515,-0.73999907134440168,-0.19715279683720702,0.12033234801192139,-0.15660570939324364,0.98030341109647157,-8.2647491638110822,-4.1703780914444009,-0.16273018443524029,,0.4764531841146504,0.1162790697674419,0,2
0.95228125217852877,-0.29824178503436138,0.06490188293734582,0.29732928583172974,0.95448532843307732,0.023517091503735064,-0.068961674400268014,-0.003097654841878308,0.99761450069573165,9.2553245476365937,-9.6964638686786575,-1.3662456529958193,,0.1103079656479354,0.425,1,5
0.94670932002553421,0.29043337274515263,0.13924769072651177,-0.30900560625710632,0.94095552114045111,0.13826873304178441,-0.090868028912644686,-0.17392861533162765,0.98055690201556067,-7.2453133026988432,10.117831594322446,-0.071305953604038921,,0.08427625770809774,0.2692307692307692,0,1
0.72696672201780854,-0.68575535330992987,0.035482115008210122,0.68490490475207677,0.72783193379256006,0.034145974848158296,-0.049240801427586391,-0.0005211128053677946,0.99878680003102438,-6.2354866715448116,5.5577561608174024,-0.33878233973250371,0.3371743169744653,0.2955670905874586,0.6703296703296703,1,5
0.70504164771211186,-0.70913171121870611,-0.006963557669737541,0.70768707768721295,0.70290369933989638,0.071452008570931549,-0.045774174661293104,-0.055304661632792448,0.99741973077323853,-17.500227866643421,-6.9833325261224735,1.0770873540961721,0.1968429307643032,0.1082763709658814,0.25,1,2
0.9921314132031881,0.063573846907902479,0.10785928297914675,-0.082814929267995371,0.97933131143701047,0.18453148763666877,-0.093898596505922333,-0.19201184450026959,0.97689022164510519,16.040795671671553,-0.81103579576030049,-1.6608157567840707,,0.1545644763632669,0.1818181818181818,0,5
-0.22788988754788239,0.94382459936913732,0.23929338640902917,-0.97320740739783973,-0.21308002157981318,-0.086395871368492722,-0.030553908741572634,-0.25257084160534787,0.96709587354686699,-1.8944222840971587,-15.350113888385382,-0.51591407500779896,0.572747468872874,0.4315567721013818,0.7159090909090909,1,6
0.98199587607382122,-0.1803547375451712,0.056180673002548649,0.17278897157768291,0.97777934533236821,0.11870772149498286,-0.076341801623576871,-0.10686309225554058,0.99133859444614048,-9.5677270330443722,14.416633921883847,0.36342348904239885,0.4502698490468385,0.3687240071752009,0.8571428571428571,1,5
0.99408538389344614,-0.085205851206447261,0.067336561017056928,0.072296488136874698,0.9818851321123393,0.17514224259100958,-0.081039911972396642,-0.16923814657729525,0.9822377423061015,2.4406753247430246,-17.34614408196105,-0.8343408675961288,,0.3907657318868441,0.25,0,2
0.52401381115937351,-0.84513430527412881,-0.10562921832071161,0.85129949564668739,0.51586882447820537,0.095752413249850246,-0.026432828564576273,-0.14009768727673685,0.9897847966067097,-24.906079620392251,-6.7350624595206527,1.9401244168249248,,0.622433611319539,0.2352941176470588,0,1
-0.95231902664017165,-0.29431958694420962,0.080401817393048899,0.29010108509296534,-0.95510331786457925,-0.060158229960294997,0.094497787947651873,-0.033965172531013797,0.99494549354622364,-15.697035958052114,12.164638209797999,1.1152852658415304,0.2404221652392817,0.1509311042785648,0.5,1,5
0.70079333701732482,0.69943009396925315,0.14030767064663288,-0.70727775271761539,0.70688033136206285,0.0088531149422034529,-0.092988597703385079,-0.10544069794733855,0.99006837133277648,17.668658714873413,-0.32959424300477247,-1.7494556290005201,0.2229028978101045,0.2892857164847646,0.9367088607594937,1,5
-0.066297113222412066,0.98398438611418704,0.16546727973186054,-0.99762228534398156,-0.062238462436213157,-0.029599823962780936,-0.018827335537091199,-0.16703622863637455,0.98577098240895233,-1.8150452552743987,23.805817829595043,0.088384329741250975,,0.1573670809443437,0.1904761904761905,0,4
0.12269181815509864,0.96956032665470693,0.21189499931573266,-0.99190783696616314,0.1268204358229513,-0.0059514723207043261,-0.032642927609263711,-0.20945011347548806,0.97727431627061689,-21.573731600929033,13.577347408968327,1.9289968747425439,,0.2473854554817605,0.2727272727272727,0,2
-0.7251555867416527,-0.68748765479514296,0.038859998991801196,0.68352498030345199,-0.72550863973266289,-0.08019236231977013,0.083324524112255535,-0.031590159504729022,0.99602162903419478,-2.1226537120809303,7.3589548027986647,-0.64496984648719335,,0.1044579166894856,0.3684210526315789,0,5
-0.3067121694695239,-0.95178032916612443,-0.0064691662307203258,0.95039939026815667,-0.30588411948774891,-0.056355163233894078,0.051658920596662612,-0.023433106017496805,0.99838982640307339,8.7459450228473194,-12.732723162161252,-1.3250937878447726,0.2306691520963544,0.1701678893200278,0.4230769230769231,1,6
0.96831185709749734,-0.24043063268623036,0.067566694979813879,0.23657013495959631,0.96973571093086275,0.060392236178276132,-0.080041980545177749,-0.042494256217908796,0.99588529436822815,8.2913418598078987,-3.3314387410358557,-1.404344613263105,,0.09613702790145146,0.25,0,1
0.98285750809726935,-0.17000489582257525,0.071340410520146141,0.16732470226994314,0.98500500843538463,0.042042566138185924,-0.077418103742616345,-0.029384838838493074,0.99656558663207651,-1.4444256332895655,-3.6579302109125345,-0.91550578190800691,0.3515842766495766,0.393264328236678,0.7173913043478261,1,5
-0.84517842230423545,-0.52961633242034523,0.07197204252309343,0.52666261949913662,-0.84817761100962175,-0.05675584026616072,0.091103895051919306,-0.01006382708678924,0.99579054006891232,11.256041249530353,6.5108579006063243,-1.3300846820613559,0.2694645576628933,0.233093305220332,0.6181818181818182,1,5
-0.95027936320221806,-0.26058811723854924,0.17047863510145331,0.22020100222364822,-0.94942833658125836,-0.223824378288525,0.22018322027731183,-0.17515612136209227,0.95960391967608183,-18.778805575655884,2.5324415342885214,1.3861226573924319,,0.1995822627499175,0.6666666666666666,0,2
-0.52334372629164472,-0.83683547930476287,-0.16067894923711573,0.8495559989910364,-0.49778638753249249,-0.17453743714656925,0.066075326177913604,-0.22784883796964722,0.97145198456041237,-23.637177233216921,-2.8525459050540145,1.8280099949799591,,0.5452153235384721,0.4482758620689655,0,1
0.76209631010910472,0.62803666646240908,0.15741397554497383,-0.64252649228093806,0.76355997637110629,0.064310723843776924,-0.079805518826971844,-0.15015361488469733,0.98543643686531979,12.096539436413652,-10.908991206484975,-1.4760763959217729,,0.1304961825213035,0.4285714285714285,0,3
-0.81081890687019842,0.53062876957429039,0.24699354072908794,-0.58222148536104479,-0.77442819574506383,-0.24754618078052437,0.059923636787128004,-0.34452006985823053,0.93686449352031942,-9.6746087786516775,4.6161871227273688,-0.052028385541643879,0.562842677933187,0.3815975433167841,0.1601941747572816,1,2
0.97038992642582156,-0.21928286114203344,0.10128384619795394,0.2165909920103587,0.97556152516215866,0.036987197829105312,-0.10691928203675823,-0.013954835457443401,0.99416976905159316,14.69582520535287,4.0457944514214788,-1.4911385079941455,,0.1347895946500268,0.1935483870967742,0,5
-0.91058360541150429,0.39102690063990536,0.13392333826385425,-0.40863841449988281,-0.90034641720689512,-0.14963614275210588,0.06206564066218187,-0.19098243897975609,0.97962929940387966,6.4283779364670366,14.787790441349228,-0.78848574020311479,,0.2196887158987023,0.4,0,5
-0.81240273592037981,0.55949100143591168,0.16423036863297386,-0.57844908801435402,-0.80879077633847896,-0.10608549705384855,0.073474126360533382,-0.18118305500802492,0.98070089901738922,21.856778968726225,-18.545346169631472,-2.0562470842721678,,0.354071572585748,0.5,0,5
0.97526733097437157,-0.21454275739796547,0.053151090131845387,0.20567514161333617,0.96895214969091359,0.13722050769360844,-0.080940529133802591,-0.12289482030352336,0.98911348888087913,-21.528933971357063,-8.0616084709899685,1.5777205871960172,,0.2237978671036721,0.3421052631578947,0,2
0.89840330895543041,0.42049378932422732,0.12671411759423185,-0.42438376481405882,0.90547305365897546,0.0041193761341032503,-0.11300404691947084,-0.057476275429441948,0.99193072497154755,-17.059648411668721,12.003391681314611,1.2400756085400824,0.160655745335139,0.1380741915091286,0.5,1,6
-0.59845556233604613,0.78498928840341908,0.16013355988343214,-0.80043493359107065,-0.59432979439250233,-0.077948781802050851,0.033983186962154438,-0.17482537741775289,0.98401282024912462,3.1810067914953324,-14.133926008782122,-0.91285562497467687,,0.09019837509234405,0.4117647058823529,0,5
-0.96640167422235013,0.23568505424596883,0.10256880259276351,-0.24437089088442404,-0.9661787232727892,-0.082350120724353257,0.07969110206661377,-0.10464812420696991,0.99131130244306753,-21.413890709428497,-1.3547643223083328,1.5781142530589525,,0.08555465557284493,0.2272727272727273,0,1
0.09776784680512228,0.97044568046834723,0.22062780738477927,-0.99515998092338132,0.097536254708159922,0.01197043800696093,-0.0099025501596152997,-0.22073028853745927,0.97528461447031201,15.348813693749808,-6.8575284257122258,-1.6640386632719029,,0.2113566041367552,0.2857142857142857,0,5
-0.04979488792768913,-0.98549432202406939,-0.16223874504750374,0.99824722231951035,-0.04390645021440507,-0.039682575029246415,0.031983624992340663,-0.16393036597253724,0.98595328633990531,-2.7326177646656147,27.27270327820542,0.31310663743933698,,0.2377049903677952,0.25,0,4
0.86580895225451393,-0.49924368710832001,0.033624382201466713,0.49614469270168093,0.86526837476016538,0.071771049482754715,-0.064925357911181911,-0.045457458380240165,0.99685421069367686,4.0200364971931029,-7.1379932551588112,-1.1392620450679496,,0.2272452130345842,0.2,0,1
0.45366497686258456,-0.88417977076582555,-0.11141912644050299,0.8909820380366732,0.44742577624159846,0.077208695434003854,-0.018414577494163122,-0.13429932137988274,0.99076969857410169,-6.74913112673398,15.219743906274815,0.10059563510747409,,0.08030917723545516,0.1578947368421053,0,5
0.99035214555978901,0.10702784979042072,0.08802083363818336,-0.1175591163273678,0.98519812399951012,0.12475780791667121,-0.073365400247323631,-0.13390181416651459,0.98827517534817466,-14.994671772980244,16.126961360533524,1.1088130934643732,0.6469553588167404,0.3360684743359525,0.3636363636363636,1,4
-0.98639519689101751,0.12869599063425863,0.10228322220676722,-0.14116191462601899,-0.98196151892812145,-0.1257970158767428,0.08424861666192876,-0.13852406772486792,0.9867690982451307,1.9143340312956236,2.4321887945477503,-1.0558033445235302,0.4468500322099175,0.2042910114392635,0.225,1,4
