axis_00,axis_01,axis_02,axis_10,axis_11,axis_12,axis_20,axis_21,axis_22,location_x,location_y,location_z,dbh,dbh_approximation,score,reconstructed,number_clusters
-0.34430021751188306,0.93192937654902086,0.11386394225663547,-0.93850392423756157,-0.34496730669446107,-0.01442017692908875,0.025840750994632945,-0.11182662669025664,0.99339169573291186,-8.5524447430326394,-15.81670608176079,-2.4128605013730082,,0.2324895166174956,0.2173913043478261,0,3
0.98695974792698937,-0.16090910400151748,-0.0043262248348686369,0.16052033252754638,0.98186257638778873,0.10089154540584221,-0.011986609910185532,-0.1002703412707965,0.99488802377166963,-2.3364090386806406,4.9642426249491445,-3.0065398953801021,0.4367573928595924,0.1981169245369103,0.4676616915422885,1,5
0.48715245498973209,0.86182773171903371,0.1411929404662412,-0.8732636480996977,0.48250034748110016,0.067852896682648836,-0.0096481347982664712,-0.15635336747459022,0.9876540578432671,6.0518830911671078,-20.214075520443458,-2.3755644840431267,,0.4013617363258571,0.1875,0,3
-0.12446968668773012,0.98834934150449516,0.087594955582445108,-0.99182569310298418,-0.1264333377181337,0.017216434422918862,0.02809077422650736,-0.084736003334383095,0.99600738859823335,0.67865052288338057,-4.0396319082626775,-2.7440392966021863,,0.0980683143327671,0.4739884393063584,0,5
-0.99289087110352614,0.11527647172510645,0.029648830430425873,-0.11683074267828401,-0.99148498032501775,-0.05751618341945465,0.022766107364281751,-0.060571188336621652,0.99790422160594561,25.802887434990012,-13.264274211636122,-2.9438662674340508,,0.2040763414494211,0.24,1,4
-0.012956167344585011,-0.99845771705677078,-0.053984488304691491,0.99970815546729452,-0.014035495786881815,0.019662368885637865,-0.020389743007639554,-0.053713984285255589,0.99834816886308975,-19.703369312345281,12.111572961090156,-3.1901431376293221,,0.3473969531115794,0.2352941176470588,0,2
0.53006592269682806,-0.84795204662801704,0.0027284088615896662,0.84712352373416222,0.52968509922468587,0.042607877153758009,-0.037574634153580901,-0.020273684388642497,0.99908814655641498,-9.6175943015792935,9.7307712601612089,-3.0755995615696619,,0.09040682165307945,0.352112676056338,0,3
-0.96058207513847194,-0.27793192352720159,-0.0059935638093665013,0.27679454077786081,-0.95420366644923837,-0.11349072706791459,0.025823615514491159,-0.11067614385810774,0.99352097716276666,-25.182740116980419,8.5294536892951474,-3.1634365228639263,,0.2945641601774009,0.5454545454545454,0,2
-0.62970971164717571,-0.77549010164811116,-0.045615581800877048,0.77639234752949893,-0.62629654949552438,-0.070480882426609395,0.026088345192139747,-0.079798084787805534,0.99646960009291474,-8.6701650332911644,8.3932527597068347,-3.0595259273650028,0.4366397678188729,0.5494781169109481,0.4736842105263158,1,4
-0.30426560165992089,0.93438536901443514,0.18532788731943609,-0.95180992203816073,-0.30606614650116132,-0.019529113539567943,0.038474874349867232,-0.18233895946201081,0.98248266544813623,-19.433599899230181,19.311216665045126,-3.4873879739360065,,0.365324277347647,0.2666666666666667,0,2
0.37752963515512511,-0.90816735487915989,-0.18084089723131624,0.92540672914245004,0.36304915278094441,0.10870923752335912,-0.033072046164544171,-0.20839234198220394,0.97748599558544136,-24.698612750257542,7.269639297613355,-3.1085063854917605,,0.3287806266150693,0.1333333333333333,0,1
-0.63969595900364962,-0.76624863661346776,-0.060432664366237579,0.76859861980959343,-0.63700322554397548,-0.05901738958441613,0.0067261921760349373,-0.084201648051401679,0.99642603378486572,-4.4363078096559532,-7.8418420471684236,-2.6054002850106164,,0.1054296849597176,0.304,0,5
-0.98355622033809909,0.17500901680781122,0.044598267569464237,-0.17611795342783854,-0.98411749412382099,-0.022253634306389963,0.039995348662362908,-0.029742256057940317,0.99875711276063583,2.4906506536535384,7.0503043287110261,-3.0811385720951803,,0.1369743234116458,0.35,1,5
-0.9938770138165528,0.10437574297889506,0.036251699059451054,-0.10865149415753531,-0.98285702404898834,-0.14895275457306292,0.020083182626975095,-0.1519795201833842,0.98817958449889109,-1.330707625320388,5.719224986606104,-3.0768027666704434,,0.167955871352514,0.2307692307692308,0,6
-0.57168531702602199,0.76223190844869981,0.30360898543934695,-0.81958740754955384,-0.54771917354654653,-0.16816714398386332,0.03811009948895721,-0.3449727883067602,0.93783868316720698,-14.499639563032673,12.387112706470349,-3.1588304602357327,,0.524096901355134,0.2857142857142857,0,1
0.86569247647890257,0.49771809796425975,0.053415644961597265,-0.5002048957197659,0.86422049241336185,0.054018541176002396,-0.019276889422364937,-0.073482211804250908,0.99711020759119295,-20.86454608228216,3.7940537805308532,-2.8776679411155635,0.4519921794013923,0.3415449110012427,0.5866666666666667,1,5
0.18275152551799631,-0.98019435233135166,-0.076294898771586475,0.98280303420983228,0.18004600139207189,0.041007722817453608,-0.026458946857200502,-0.082477081910356007,0.99624166500441025,-10.779924679994673,7.9240427587816624,-3.0527453276875844,0.1824372987842315,0.171947470937582,0.3818181818181818,1,5
0.24662977504340361,-0.95990073357849592,-0.1332829161502172,0.96812064834842582,0.23782463236318682,0.078624770160164614,-0.043774014020463776,-0.14842515257455788,0.98795435612165572,-3.0642208423230968,19.170495127638816,-3.3763990416129648,,0.180554516329903,0.2727272727272727,0,4
-0.75617762698051016,-0.65403128152583423,-0.020939895887984346,0.65284040122512554,-0.75184367435376487,-0.092360705185957404,0.044663262110394016,-0.083511508906887813,0.99550540977824586,-12.545912818693379,20.998046056741281,-3.4664319936715291,,0.4460809058994217,0.4583333333333333,1,5
0.006055233865530303,-0.97584846371944645,-0.21836462625441569,0.999765384244102,0.0013663494329676357,0.021617343881030128,-0.02079688943273527,-0.21844429254531672,0.97562778785984727,-15.194744794858918,-17.039198536329629,-2.3684111152209755,,0.2565197244988585,0.2857142857142857,0,1
0.7603945554920476,-0.64844012732459155,-0.036407708707330379,0.6481280493899676,0.75404989758864327,0.10648372429865251,-0.041595090720015319,-0.10456650143245183,0.9936476715648106,-11.155629173719417,-3.840966449728088,-2.6900646519379303,,0.06908471335734821,0.1785714285714286,0,1
-0.78389849546384893,-0.62070275802136099,0.015206412929727686,0.62066888020118149,-0.78403762777593111,-0.0074255896265140358,0.016531483881517012,0.0036172387488145373,0.99985680255950071,1.30197183061766,13.239809073087859,-3.2366917884200412,,0.07287472818774159,0.3103448275862069,0,5
0.3884632939429028,-0.9212304906537564,-0.020752164920091229,0.92082047502267439,0.38725180657753389,0.04610521750793807,-0.03443721879083568,-0.037019203020554871,0.99872101037761118,-5.1156857301254854,11.966508162357377,-3.1570405064691647,,0.464307871482858,0.7950819672131147,1,5
-0.21825712702744832,0.97280980337256096,0.077491373480941705,-0.97553113412608927,-0.21964478848694485,0.0097556773824627029,0.026510994933983983,-0.073466001339148448,0.99694529127472475,-0.31552666292387371,4.3695859121968574,-2.9910712354326048,,0.12877114903376,0.4520547945205479,0,5
-0.23866503048608656,-0.97110139590104994,-0.0010402413697980866,0.97105009075510529,-0.23866321813116007,0.010079164438584226,-0.010036158008774554,0.0013954176114593332,0.99994866285330475,-17.706112439575751,2.7611889898114144,-2.8593416061657981,,0.07680769180877303,0.253968253968254,0,4
0.1533733762609262,-0.96169114946521239,-0.22721518544015118,0.98807404699429979,0.14607374031817658,0.048704620373877065,-0.013648630357289646,-0.23197541988265882,0.97262588874635314,-16.783767449160816,15.008187299596326,-3.2851215746216691,,0.2948927186605392,0.2857142857142857,0,3
0.056994097816038668,0.96379066117154644,0.26049805038166918,-0.99820454595034613,0.050196002884921098,0.032680969056037776,0.018421651885770891,-0.26189296044928706,0.9649210952243239,-24.701395561003999,6.0721362949770556,-3.011433723655931,,0.254353250467708,0.148936170212766,0,1
-0.88345285538232565,-0.46759045379632236,-0.029499488730575577,0.46748018517542322,-0.8755503786303831,-0.12195823444337647,0.031198217660118467,-0.12153477691073775,0.99209675395905284,0.91267822585416358,15.017842748505126,-3.2954894481100192,,0.1423903696081545,0.25,0,5
-0.82268213186066652,-0.55836703471540128,-0.10686610529217831,0.56818797443928681,-0.8013269816984212,-0.1871830497258726,0.018882150824774083,-0.2147121862988404,0.97649482406974519,-14.569651748171829,-12.476350935052746,-2.4604394646596122,,0.2205248085649749,0.3333333333333333,0,1
0.55587394677934754,0.80555949216705725,0.20512937349756463,-0.8312590014954464,0.53973339520151231,0.13302757058986356,-0.0035535510048117793,-0.24446219888522791,0.96965231170324917,-13.730534901980981,-18.834049104995007,-2.3819361208682097,,0.4192915762955923,0.6666666666666666,0,1
0.23671786173099837,-0.94464458367493387,-0.22718112701347926,0.97115207253898439,0.22312815999267316,0.084127737527637914,-0.028780304736730229,-0.24054196048069176,0.9702119661740759,-21.458711974619767,5.0787519851555158,-2.9421121898286953,,0.481434651356425,0.25,0,1
-0.70357568211727983,-0.70841066338921943,-0.055996352824548838,0.71032479690140404,-0.70336859040174948,-0.026670375761065134,-0.020492497168106024,-0.058540225765732534,0.9980746963665158,-9.437423760074001,12.73818027000774,-3.1580599072589446,0.1368947604739273,0.2547942308781423,0.8362068965517241,1,7
0.86211224334922254,0.50302143603798299,0.061089399683224882,-0.50666028898808058,0.85753706325901957,0.089025483428123955,-0.0076046978826185899,-0.10770153213108001,0.99415418751154094,-8.9524863440370428,-14.904528313551925,-2.4311017430153559,0.1979860591983797,0.1852889936216904,0.5666666666666667,1,4
-0.018948375867139676,0.99131159863879859,0.13016248866776972,-0.99959413716699552,-0.021552743261294513,0.01862901498422628,0.021272517325587097,-0.12975667097341245,0.99131765158526763,21.262565158317354,-8.3637275108622973,-2.9719975933512561,,0.08597709299673326,0.1428571428571428,0,1
-0.62023732363750217,-0.77954961854343885,-0.087224162912398026,0.78432481100123597,-0.6179994388135831,-0.053956320055888428,-0.011842855013271005,-0.1018777986358002,0.9947264251693827,-12.398738906832696,13.433887629292746,-3.1805891860676114,,0.1533045284316343,0.2380952380952381,0,3
0.53447324090404391,0.82895295517992507,0.16484948545869502,-0.84472270189511023,0.53037430288853404,0.071740196114353949,-0.02796268335750781,-0.17759531788301799,0.98370625260058031,9.1631718477961233,-3.9377584766574953,-2.8385307015920644,,0.2624618803022339,0.2688172043010753,1,4
-0.97533695577583646,0.21543782919412918,0.048003796204522151,-0.21691018623181535,-0.97579378609388923,-0.027864998285170361,0.040838631304234881,-0.037590274974713969,0.99845840044566803,-5.736991998200307,10.784899265425107,-3.1102052906428881,0.3684788210274403,0.1930815401067713,0.4655172413793103,1,5
0.19748324036238926,-0.97613490330394115,-0.090338365757730243,0.97992039195422564,0.19398014226024199,0.046127322065934298,-0.027502640023258234,-0.097633779812639404,0.99484232410530715,-0.51144630602704921,-5.2661642132643856,-2.7121822280255614,,0.1036256773283533,0.1973684210526316,0,1
0.11363397017641128,0.98849059527150718,0.099868232595397552,-0.99322140492362021,0.1105488513020176,0.035919246614529325,0.024465519072716244,-0.10327291288419416,0.99435212266124162,-20.900056212890178,6.6228183386604131,-3.0171671366470956,,0.09032664494027917,0.25,0,4
-0.85845210472136546,-0.51069810980321861,-0.047407009427670128,0.51208482007716005,-0.8482399163273211,-0.13512283817164111,0.028794460335247879,-0.14027289471753457,0.98969409115219176,-13.394282072937111,3.7696269813719248,-2.8866364562634224,,0.2637253558019834,0.1692307692307692,0,2
0.30579681979047263,-0.94539491983501589,-0.11276857078183695,0.95195254278799002,0.3015365945210699,0.053498022805680036,-0.01657290817914436,-0.12370985294139221,0.99218002953078321,-16.927593217626061,7.1070071891362918,-3.0512935580931195,,0.1570527530565426,0.1944444444444444,0,3
-0.065589930694518253,-0.99632274810881749,-0.055126605122954739,0.99768264490349345,-0.066480626974550303,0.014479858267290559,-0.0180914634526456,-0.054049124303401905,0.99837437422651087,-22.528577352958497,8.9496772983155513,-3.1351102268680715,,0.194487040403052,0.4482758620689655,0,1
0.9927070068022209,-0.12052402771367957,0.0025994979222418698,0.11508763926071032,0.95390748264567304,0.2771558223129939,-0.035883616528607304,-0.27483535670700643,0.96082146768718735,-16.090010234310871,11.487085313307862,-3.1374482355032476,,0.391599265209436,0.36,0,4
-0.54759316633127253,-0.8164893319962242,-0.1829942483348852,0.83673885302859585,-0.53351475377480084,-0.12341028861891011,0.0031330527733241264,-0.22069702816524719,0.97533738046859808,-10.37193526012538,36.433392768898713,-3.9078509714693896,,0.233935319019769,0.3636363636363636,0,1
-0.48836410540223124,-0.87254950665807374,-0.012564194579395824,0.8726396947698708,-0.48832457005007324,-0.0062511916749082583,-0.00068093070404267263,-0.014016872552807695,0.99990152696013679,11.072819226233124,4.50231229158471,-3.0798822796973413,,0.4917182407163654,0.9613733905579399,1,5
0.91894414869151608,0.38018999103110468,0.10486764184148485,-0.39286978862524891,0.90575968624296965,0.15891104418066607,-0.034568493909592532,-0.18722970249617449,0.98170772520746541,-13.984585433690766,3.2167876101812301,-2.8734969631084275,0.6324525997046586,0.3006059329561123,0.2151162790697674,1,4
0.24717401227657057,-0.96655592369090004,-0.068371441648782325,0.96833140311849419,0.24383160149307703,0.05366976660923347,-0.035203712725649643,-0.079471985575750984,0.99621528904096712,-6.7556747937795851,30.008283004407346,-3.7231780564969026,,0.3423775427866516,0.375,0,5
-0.31128678939183918,0.91809470181841979,0.24536228977385049,-0.95022954166307205,-0.30418802131620654,-0.06733101691285065,0.012820019536186673,-0.25410975223449678,0.96709042023919023,-13.0179944650331,24.933127192768939,-3.6057766529713131,,0.5509124774689065,0.2666666666666667,0,3
0.1748909922922979,0.98057752157926814,0.088774236062461279,-0.9844962511322759,0.17293291591006063,0.029348562168134945,0.013426552852775367,-0.092530701760562217,0.99561930320287961,-2.1976290215185399,18.101367284775659,-3.361953691281665,,0.5723064606458436,0.8823529411764706,1,5
0.83988275610574281,0.52956127812021792,0.11900339790066176,-0.54269589690470865,0.81576778593451138,0.20001020702529099,0.0088385224452959561,-0.23256777968408895,0.97254002918841209,-9.8238873937203284,-15.493827370030122,-2.4193504757919775,,0.3956793930751532,0.1481481481481481,0,3
-0.67826589653691627,-0.73313516602959239,-0.049681001657925043,0.73453617652733094,-0.67458815120287741,-0.073399125534933968,0.020297265027153961,-0.086276616689837896,0.99606443890190743,-10.99847615589101,12.31373459702904,-3.1499420971568539,,0.1370832362708269,0.3157894736842105,0,4
0.87000371365688323,-0.49279224977564801,0.015790401650548128,0.49132901088739067,0.86920052817215931,0.055553981726391193,-0.041101597093650556,-0.040573887985908566,0.99833081607754459,-24.6856876456912,13.549624735793804,-3.4566679497396673,0.4801691507229979,0.4747525319638193,0.8289473684210527,1,5
0.056145915898951307,-0.99842014723703731,-0.0022012993981780481,0.9982996406732787,0.056104268916196451,0.01581576558316251,-0.015667276708807142,-0.0030855470425252209,0.99987249979183723,-6.4976714854032913,-9.2869287326207441,-2.5483140840250078,0.1816423384592927,0.09208607928452686,0.367816091954023,1,5
0.99182137683375915,0.11485935921155295,0.055656841961220192,-0.11849543063397983,0.99068156605359436,0.067148101987055314,-0.047425619389233883,-0.073194004420497075,0.99618946407921738,12.285099784773541,9.1800678506501239,-3.2466322986358853,,0.8024038320037784,0.9721115537848606,1,4
-0.016799031570822603,-0.97748993014577923,-0.21031221790919014,0.99965992935742709,-0.02061587495267066,0.015969074395234095,-0.019945379800524823,-0.20997243191318241,0.97750384125131573,8.2364760445809981,-2.651818826541072,-2.8641004135372965,,0.1803680893462266,0.2428571428571429,0,1
-0.015516740662196972,0.99010493967137103,0.13946841648765199,-0.99933165333390839,-0.019973867953531108,0.030615212622035516,0.033097996980779101,-0.13890015492189323,0.98975313566491641,-23.550268927744533,3.1413265667008243,-2.8813021545854132,,0.2751300835190256,0.1764705882352941,0,3
0.53320689264417009,-0.8453521918223792,-0.032712098952026779,0.84516630919121305,0.53059198851844691,0.064544957418394763,-0.037206443593154066,-0.062062980118094795,0.99737849738903517,-21.489498469731526,7.763752576935234,-3.091433432446697,,0.075166490898431,0.1052631578947368,0,1
0.98328574286412818,0.17462053176879674,0.051544328154741463,-0.17936122463658449,0.97767763820998266,0.10943485203999852,-0.031284164956183781,-0.11685078360428024,0.99265663519369129,-1.1700524130806003,-4.0123802965974518,-2.732994014778737,0.7287851831989901,0.5689178573348266,0.8526627218934911,1,5
-0.47864141970359869,0.86494548583957309,0.15090294188606468,-0.87780421300832934,-0.47513352781325724,-0.060892482069278379,0.019030369648335325,-0.1616089022098538,0.98667137779382996,-14.381351480982115,-14.468075460017332,-2.4302829656991571,,0.2984436926109852,0.125,0,2
-0.93770136678124127,0.34014926420946867,0.070814015521988946,-0.34500783185625777,-0.9356712163191433,-0.074087589444510785,0.041057796999298554,-0.093903423843922015,0.99473433855273752,-7.1296101956952596,20.336722089284148,-3.4220871689572974,,0.1334282496175491,0.25,0,3
0.087385271807139842,-0.99602065167710274,-0.017512158745053921,0.99590558928296402,0.086939668221493085,0.024769968197178253,-0.02314889859463749,-0.019604987178174365,0.99953978058484438,-14.301996539686542,9.6932809377992939,-3.0885112185270938,,0.08876063221921303,0.4807692307692308,0,5
0.36725630881399995,-0.93001883286170761,0.013703071147133358,0.92950903598707701,0.36750913047604433,0.03082192458489846,-0.033700974091133179,0.0014175821984409682,0.99943095549718675,2.349128611030622,-5.4588781283516346,-2.7329431115041132,0.852048989538422,0.6738175492269473,0.9982394366197183,1,5
-0.79802763515470843,0.59300244960993076,0.10723799833083281,-0.60019902455744689,-0.79807235518550113,-0.053307099048394181,0.053972441575969629,-0.10690468018420676,0.99280328610709168,-17.822460991922444,3.9683918865465206,-2.900368696666821,0.5023691910926198,0.3662479977152814,0.4824561403508772,1,3
-0.32767914297776896,-0.94193127145337852,-0.073429279688524932,0.94471287550665928,-0.32764864999959759,-0.012804101115660613,-0.011998421116696252,-0.073565222841109515,0.9972182288140562,-8.5185617118318877,17.963560923850917,-3.3667967043749507,0.2367151611395772,0.1771071978103809,0.4722222222222222,1,5
0.98073298272909371,-0.19247936297617493,0.033384298937959377,0.19046962930194053,0.98012200008191419,0.055517432118277234,-0.043406645814604343,-0.048089081751599774,0.99789944549308729,4.2661919213390771,-19.004500038889816,-2.3924730093080218,0.4135723030362751,0.3837181638140569,0.8469387755102041,1,5
0.32229343718822351,0.9339108502879957,0.15471736831963182,-0.94464754606577028,0.30669259783888758,0.11653610660542947,0.0613836627883853,-0.18371220467129135,0.9810616044864332,-1.6278082719456606,-6.2373498454003435,-2.680955162974759,0.8694178623785478,0.581964731388202,0.2191780821917808,1,3
-0.34142253142236967,0.93693960386194675,0.074664809329153106,-0.93929943668239158,-0.34298515174447447,0.0088178189458342007,0.033870684747768103,-0.067122011276760846,0.99716970086183399,18.05373181989237,1.7072632827319132,-3.1310814459307914,,0.3754144387427885,0.9090909090909091,1,5
-0.93993867180963764,0.32680879035385041,0.098545967873828577,-0.34039339230204141,-0.91893494928663855,-0.19922574496453468,0.025448609271335052,-0.22080437841451056,0.97498604849461201,0.30925809573068996,19.013700920350498,-3.3825757355791994,,0.472894035054617,0.2380952380952381,0,3
-0.67670162564960989,0.73393070295922636,0.058486178683101207,-0.73513224575245661,-0.67792225108632709,0.001415180906273888,0.040687726627641183,-0.042037420660923794,0.99828721526725528,13.953783363344922,7.5448582720518882,-3.2124421087888879,,0.2959929458611066,0.9,1,5
-0.59208957404546236,-0.80572344840934673,-0.015480988018063592,0.80587174446713328,-0.59199948903694766,-0.010360330568746587,-0.00081717572396949596,-0.018609934533611018,0.99982648622673131,-9.1659989714123018,-7.9448052854431896,-2.5797996566975474,0.2937745686452228,0.1988759817176695,0.7377622377622378,1,4
-0.64491617441799098,-0.76083265379645737,-0.072227424785217792,0.76420014284912863,-0.64087019166130721,-0.072687957113760734,0.0090149677446004946,-0.10207384756655356,0.99473597502026867,-16.161448733054055,5.4963997040345021,-2.9600907106495571,,0.07304610188876945,0.3125,0,5
0.60535469531981778,-0.79591880903412271,0.0076773875735197594,0.79503337464038037,0.60508924130782138,0.042295901237040308,-0.038309607961697169,-0.019500243055628107,0.99907562999934707,-9.0852542055837322,-3.9705623505100718,-2.6950274849729778,,0.09234410619673961,0.4246031746031746,0,2
-0.89429098214141733,-0.44738978203887975,-0.0092748147013042796,0.44686925313159764,-0.89177902830112288,-0.070979118675241967,0.023484247191426191,-0.067620615270120116,0.99743468083095188,0.17451263753736704,-5.7106470539292804,-2.7110085198142793,,0.07397959694817335,0.1886792452830189,1,5
-0.31219926813264248,-0.94824609809537175,-0.057973739092325588,0.95001511489590074,-0.31172628146105735,-0.017262876810955254,-0.0017024825317548348,-0.060465385910984867,0.99816884276151618,-6.9239601211876876,26.138917154162833,-3.6207973512831488,,0.2475899085454195,0.3333333333333333,0,2
0.99830953419760982,0.046466972988348829,0.034912667492636128,-0.053939679801335849,0.96443268561135254,0.25876650839589638,-0.021646821315857767,-0.2602122505682124,0.96530875878194788,-14.866138866987118,8.2536231658535133,-3.0650260407624335,,0.2418563286566172,0.3428571428571429,0,2
0.38868537687908128,0.91874607180478629,0.069493405037035022,-0.92135623408386258,0.38715185948106201,0.034873021308156942,0.0051349503570750962,-0.077582815388660312,0.99697268720923338,7.543954261806304,5.4839147528880883,-3.0672312261789707,,0.1086975144143915,0.4210526315789473,1,5
-0.59120091677041042,-0.7904175648250702,-0.16037939152469147,0.80615115140998717,-0.57307784356440461,-0.14731634768728774,0.02453155295076773,-0.2163835909480564,0.97600017647449533,-20.985118441313723,1.5574168788771046,-2.8223917162401837,,0.3184429898426972,0.35,0,3
0.91936452819541836,0.39055767003236491,0.047260667313373673,-0.39229041642959211,0.91916011675395792,0.035396453866834106,-0.02961576393599169,-0.051082150970176612,0.9982552380923162,-9.7625578061021923,5.7224058762372501,-2.968512437512528,0.2516966864973292,0.2177018877242972,0.8326771653543307,1,5
-0.17939090910058961,-0.97270409196788177,-0.14719256503303213,0.9827755634255736,-0.18394310538844583,0.017808029469930257,-0.044397000637552461,-0.14146265743649261,0.98894753292851445,-12.872635563240701,-30.559091645094508,-2.491483129995586,,0.5952523949214219,0.5217391304347826,0,2
-0.78514544407732978,-0.61752392444056903,-0.047019510717702592,0.61910832861744647,-0.7806784029767242,-0.085124077453000019,0.015859037837316479,-0.095944952286355592,0.99526029612842704,10.925930991440053,-4.6874374720258194,-2.8526299464394835,0.4620906380581162,0.3952921747781399,0.3023255813953488,1,5
0.11459531304018407,-0.98713977354938598,-0.11145843039487606,0.99328520414436472,0.11206280873446123,0.02874769775880243,-0.015887651088506153,-0.1140043612122395,0.99335320413611128,-18.932883693964111,10.888666384793231,-3.1456110029694586,,0.3954298149497225,0.2222222222222222,0,2
-0.41503972265002392,0.90533945199990773,0.090013917118953526,-0.90912089188437706,-0.4165248635020618,-0.0024984042794621228,0.035231130580015563,-0.082870469632405006,0.99593737388500414,17.941082064814175,-8.6262879678039983,-2.8769606967270414,,0.405081103176972,0.8557692307692307,1,5
-0.22673188820236179,-0.97345773274930714,-0.031188033326429127,0.97380912157053268,-0.2271395485132561,0.010169574584132349,-0.016983686826475958,-0.028065424489447374,0.99946179833448734,-11.163343959498086,6.7349509559825691,-3.0224700000427585,0.493704302125092,0.4327795227899573,0.9525101763907734,1,5
-0.067190996793869529,-0.99591061265532976,-0.060393886696698922,0.99766943970361599,-0.067783580041932953,0.0078150724995752468,-0.011876827493946918,-0.059728032590956395,0.9981440292320013,-11.342572909305712,15.236740161683297,-3.2815514881138972,,0.153094961737027,0.25,0,4
0.8007729481618846,0.58839294714634416,0.11205545609458263,-0.59855919490628795,0.79300891820263608,0.11341845460163621,-0.022126357252427332,-0.1578942538521472,0.98720809808024435,-12.147844447468442,-4.6600768425600183,-2.6729428495078338,,0.1674479252948709,0.1590909090909091,0,2
-0.2812217654893065,-0.92513752373892721,-0.25501937335285768,0.95964145552725078,-0.27066353731149262,-0.076351335309678886,0.001611039607912161,-0.26619881994523742,0.96391679766001881,2.0494279138301819,11.554257902352324,-3.1966242188260181,,0.4820033989734117,0.4833333333333333,0,2
-0.92641947098408206,0.34519360618596179,0.15029417164316394,-0.3741286799660975,-0.88873577377354285,-0.26490839028231522,0.042127124378470278,-0.30164565082804229,0.95248895359900487,-22.191208676321903,15.433708657833437,-3.3605084755826513,,0.2115846315437482,0.25,0,1
0.91844024928240542,-0.38871474966343722,-0.073269037745574278,0.39528664848810446,0.89504220122082556,0.20651373697848549,-0.014696054746522313,-0.21863280043915789,0.97569653301988135,4.7549345305127027,11.727182610933623,-3.213791700944602,,0.2738823699148986,0.2291666666666667,0,2
-0.97414523816665144,-0.22395148106790697,-0.029779004092304065,0.22413840511751296,-0.9414861772500468,-0.25172555173933342,0.028337789409482901,-0.25189186603498159,0.96734040415812228,-18.846060516997529,6.8403064677485617,-3.0393114937933374,,0.2689406505366896,0.375,0,4
-0.53019208006173213,-0.84549839626102075,-0.063472987639275932,0.84787315360205695,-0.52894297329825157,-0.036475284773500552,-0.0027337960268830402,-0.073155949303163562,0.99731676685035042,31.833541636784439,-18.141764954343365,-2.962256515425373,,0.5205168946622751,0.75,1,4
-0.98609805643678383,-0.16510959852400536,0.018693409716764024,0.16279416618613765,-0.98250745660293548,-0.090427635020444791,0.033296884949755343,-0.086127337093819104,0.99572757281184587,-17.756590035390023,6.5342526731603296,-3.0256007785475441,,0.408811760168025,0.3157894736842105,0,1
-0.58264240152569458,0.78819246960768374,0.19819299381691724,-0.81127886216826905,-0.5786038656936624,-0.083929580025815659,0.04852256942218508,-0.20969071857879545,0.97656303575272485,10.171477690515976,10.333023820171208,-3.24363305202897,,0.5251297846519587,0.1818181818181818,0,4
-0.58646880126851153,-0.80996325274405478,-0.0037248279082548854,0.809955578669462,-0.58642172208571308,-0.0090290890041084381,0.0051289103026514781,-0.0083122241486609134,0.9999522994667347,-18.757144705752157,14.000120432306534,-3.2236047415974705,,0.07265174482431533,0.4705882352941176,0,1
0.99567831951893859,-0.09221777891496126,0.010980222763361906,0.084403441236875654,0.94788720201418908,0.30722290175877953,-0.0387394262646596,-0.30496841395413837,0.95157423427864074,-8.3150058153539224,-14.432120557243302,-2.4336966991084044,,0.2695083804905859,0.186046511627907,0,1
-0.97682488078235474,0.20831526509051801,0.049172173175538958,-0.21064588436041534,-0.97637272663781149,-0.048214210351968469,0.037966612787507306,-0.057454756183561884,0.99762592553788931,19.35002095213364,-28.961116611842758,-2.3700784730704836,,0.29036484187182,0.2631578947368421,0,3
0.80631302911572955,0.58599734372633294,0.08041400514771882,-0.591242879004648,0.8024162603248477,0.080993846634048947,-0.017063326302644902,-0.11285060173506675,0.99346544206807785,-13.507513844310527,-14.814460384091413,-2.4215120109073047,,0.2058619393211147,0.2916666666666667,0,2
-0.57208052411871912,-0.8030561510305706,-0.1668073506054765,0.8201857455305761,-0.55902963928630522,-0.12157798002877755,0.0043836916526979264,-0.20636540575249107,0.97846517697673052,-14.389895999115955,17.094615714676568,-3.3936791588009196,,0.1483398254627422,0.375,0,1
0.94055466366900942,-0.33926855332319356,-0.015930266051274948,0.33704925091879018,0.92656175600088198,0.16697638986289345,-0.041889462941882831,-0.16241970644767834,0.98583219254186005,-21.65065739248892,27.765969151722068,-3.8151345143186175,,0.281366701182492,0.3333333333333333,0,1
0.24349144834021386,-0.96447411632256608,-0.10247728298989087,0.96947310392803687,0.23887558276098877,0.055320490966150521,-0.028875860945135584,-0.11281903609056104,0.9931958768290744,-3.0621729715078616,-6.0737163971726487,-2.675732138774352,1.058121649772145,0.8708366802989976,0.926,1,2
-0.30470046589296224,0.93904675181544273,0.15921314012819382,-0.95196017645117759,-0.30560990224505863,-0.01934967960485294,0.030486858409099434,-0.15746042536025961,0.98705459114970495,26.28188248339023,1.9494339245726704,-3.3410005227994248,,0.2098872835810365,0.375,1,4
-0.9935511843587338,0.10330191138373808,0.046741407379572511,-0.10642452025709168,-0.99184311957810323,-0.070150179141778138,0.039113495719568868,-0.074672225425803304,0.99644076251554081,-14.503892243984195,14.027136413377297,-3.2067653693034397,,0.07940356400184177,0.2857142857142857,0,1
-0.1697619920036689,-0.967449978363489,-0.18767366740017374,0.98546501822008015,-0.16543633168702659,-0.038594274477407001,0.006289986919186104,-0.19149767497916245,0.98147291177196117,4.7687735261514854,10.155110059859972,-3.1864892565553462,,0.7643669825921692,0.2864077669902912,0,2
0.75740949047623052,-0.65105723828549666,-0.049551349251028776,0.64601913066656902,0.73619978784364437,0.20166594951002964,-0.0948163833382486,-0.18475482363130205,0.97820013729073818,-14.775404526496445,19.927567590212615,-3.4525442225406349,,0.2407741979481394,0.2631578947368421,0,3
0.4750181673458565,0.8740517243793563,0.10193784283012576,-0.87997050155738454,0.4714081714328151,0.058534197655869979,0.0031075843079199244,-0.117507101980455,0.9930671799550751,-4.8076090078111919,-12.670342987483947,-2.474283201660842,,0.5436909681301917,0.2631578947368421,0,2
-0.39802542926667789,-0.91008921661337105,-0.11538360135277714,0.91670211031227034,-0.39938950456864575,-0.012052576050020573,-0.035114079884095442,-0.11056962261159922,0.99324788444245926,-19.152534258150332,12.531291032808269,-3.1956123321573373,,0.1095895229018268,0.1363636363636364,0,2
-0.9113397329414723,-0.41162949665425663,-0.0045878803743484731,0.41109542317277875,-0.9094633105841663,-0.062265879482122984,0.021457963756141795,-0.058631426602562715,0.99804905270532096,25.324805385132279,13.25520268804787,-3.6049573942552486,,0.3102483629137796,0.3076923076923077,1,3
-0.44320762215746895,0.85782884847523266,0.26018583817182928,-0.89573926243111923,-0.43510727454443393,-0.09128435450759409,0.034902398210949433,-0.27351659248054733,0.96123384055959715,22.328986027962937,2.5831504707956388,-3.2616624098584257,,0.2003714796134395,0.2857142857142857,0,1
0.47042137266401407,-0.88200269659863784,-0.027838378789645211,0.88117892661738939,0.46782704998352209,0.068275548984540996,-0.047195671690633975,-0.056648870213324765,0.99727803248503533,-11.491383872557526,2.5634567779201101,-2.8749363916249044,0.3257248864152751,0.3503778655296146,0.3675889328063241,1,3
0.92920806880115725,-0.36905305631027391,0.01929265411677876,0.36657047191272674,0.92706550491529616,0.078585232186639917,-0.046887674249259624,-0.06594991451240162,0.99672070048700312,-10.305743792951786,13.206142127163181,-3.1783999465834238,,0.09547939815877732,0.2903225806451613,0,3
0.98810370472364928,-0.15378867539927049,-0.00033470933320192285,0.14923008438874477,0.95828387713830754,0.24376708705258326,-0.037167870866220289,-0.24091711050838918,0.96983374618516993,4.550451384807344,19.313692324585272,-3.4171268194605617,,0.5627554877883273,0.3023255813953488,0,3
0.76446504811291771,-0.64450896442866534,-0.014191017750822436,0.64298445819424221,0.76069872257879712,0.088929410138847018,-0.04652071296069666,-0.077108029660184485,0.99593683285013246,29.552687434707671,-1.7850500984740578,-3.3188627625176155,,0.1676759418391407,0.4736842105263158,0,4
-0.52190218149594692,-0.83104298251309738,-0.19231659877792143,0.85297967044211498,-0.50670030587739168,-0.12522173068688883,0.0066177611194115334,-0.22939564346232505,0.97331076434932795,-9.8475992892929316,18.004932802197185,-3.3784985149772737,,0.1695355271021037,0.2941176470588235,0,2
0.06590329613914038,-0.98380016110573709,-0.16671532193029412,0.99762362649213265,0.061598801379717828,0.030865636770800325,-0.02009615442520464,-0.16835329125653273,0.98552184851499391,28.55620808964947,3.3706469824914089,-3.4327139980761592,,0.1444957457128867,0.4117647058823529,0,2
0.938945455030332,0.32811581676495871,0.10354440239118495,-0.34399727151918591,0.90125502437311789,0.26344877724059995,-0.0068782021807381639,-0.28298302392701191,0.95910025466782445,7.8767292210761299,27.430354608600215,-3.6426413689545867,,0.6576030358903971,0.7796610169491526,0,3
0.65908268477722298,0.74721602743484916,0.085312501846627364,-0.75201639612773474,0.65614181108278313,0.06284316752089876,-0.0090196774832606349,-0.10557524375292013,0.99437041052346775,-23.431474434050273,19.418820852493763,-3.5406084626169894,,0.09852916163334591,0.25,0,1
-0.66245246483572373,0.74157525955610781,0.10593803022222902,-0.74813567968545958,-0.66213504804058476,-0.043245611775859727,0.03807540695317467,-0.10790418235909312,0.99343190547453519,17.313068998609577,8.0046327335163561,-3.2996610185839002,,0.4926404823962749,0.2794117647058824,1,2
-0.95744842230706206,-0.28840663163663871,-0.010683325780183659,0.28449302163813556,-0.93693589560343427,-0.2030144038461146,0.048541108979098538,-0.19741515230042014,0.97911746914314668,24.762191833572956,4.7480905404963254,-3.3668207378153729,,0.6080942972226873,0.1587301587301587,0,3
0.86788667446281376,0.46705073189925078,0.16922273524042575,-0.49627298551179461,0.83028952480272122,0.25363838206013029,-0.022041872449664164,-0.30411004395653324,0.95238187562745391,-5.9611007604566755,-16.806080247497004,-2.4052434253392474,,0.4313154268066071,0.1538461538461539,0,1
-0.42777580680164934,-0.88450294333187374,-0.18617841537742585,0.90388083396973129,-0.41921674783959029,-0.08518659702664369,-0.0027013140099602334,-0.20472386663027028,0.97881604059934069,34.984495049469821,10.26008152761249,-3.741426481183618,,0.6520046128669447,0.1379310344827586,0,1
0.97854289282097817,-0.20585903606522096,0.008710004583803414,0.20176058716739056,0.9659212339921831,0.16213832116094024,-0.041790816879089317,-0.15690196618690436,0.98672959853815156,-9.488503841234758,36.230845316390877,-3.8924320190307031,,0.5154159924801023,0.6363636363636364,0,2
0.39600257490835261,-0.89466996059888337,-0.20675498124095393,0.91823323928913037,0.3844911046344307,0.094943713438994798,-0.0054478372355717189,-0.2274472511572472,0.97377516347998239,-11.862189251247523,9.6794657114608906,-3.0791841335855197,,0.4270442549803283,0.2727272727272727,0,2
-0.94531984358452603,0.30825702075013567,0.10652700354172034,-0.32345672254684693,-0.92795742782025914,-0.1851236365039883,0.0417868635408239,-0.20945792253209009,0.97692437615404071,26.7007668684642,5.2988141300968872,-3.4321251155923567,,0.1860008146910969,0.2,0,1
-0.66785407931032437,0.73091214971057006,0.14049326729076134,-0.74373065616367717,-0.66268452447542592,-0.087828993522218568,0.028907435564336635,-0.16314610147427047,0.98617833566898128,35.676120946254635,-23.822605693412822,-2.8670591216459824,,0.2001563436894166,0.3636363636363636,0,2
-0.12306525337208056,-0.95026116957848072,-0.28610951225676512,0.99227209272655226,-0.12242773813216022,-0.020187692585137789,-0.015844160076647445,-0.28638288797898098,0.9579842399874251,-24.688176697001737,12.340339784510238,-3.3814029854396428,,0.3447375241728995,0.1666666666666667,0,1
0.30973643033900372,-0.95061030223238197,-0.02008474571685041,0.95030424580112793,0.30880123655623826,0.039542846555196583,-0.031387643001683126,-0.03133447926800853,0.99901599900892546,24.733294699281419,-11.948779865686557,-2.9432141304185087,,0.1214126317131738,0.4347826086956522,0,2
0.093601009012085942,0.97038663192141672,0.22268505944523459,-0.99546455816966872,0.087396184938945937,0.0375795195044255,0.017004838722708783,-0.22519256525544046,0.97416587089349838,18.614351564646352,-3.3340724772167594,-3.0325336469751409,,0.2486496633408588,0.1379310344827586,0,1
0.97670398781795409,-0.21354299995564791,-0.021182713481702736,0.2107089488019806,0.93565952786177331,0.28309536699891075,-0.040633226247371326,-0.28096376117112642,0.95885781314713403,-7.2898991854447344,-12.461702767158819,-2.4624446694023039,,0.2012375641620814,0.1818181818181818,0,1
0.89954163354796535,-0.43069247621257478,-0.072998907168116606,0.43565151596782936,0.87219711015507728,0.22244090827018512,-0.032134189717350166,-0.23189694256504018,0.97220944342265903,-18.984185026368188,9.5333442400821831,-3.1081783899848512,,0.5748971676546993,0.2,0,2
0.67179240625269665,-0.73253032087959158,-0.1099740509995638,0.73964862321220604,0.65531468322484998,0.15324026928390336,-0.040185533236480171,-0.18428780464794087,0.98205047119613076,-13.30983989375955,23.034770829112578,-3.5631937900779902,,0.3544894580271644,0.4583333333333333,0,1
0.13522972388054935,0.9560555862975425,0.26013580624061078,-0.99069521205921607,0.12640003829746521,0.050458171997646267,0.01535964134135673,-0.26453874239449593,0.96425273408489909,-9.6194249029740604,23.366045938682205,-3.5529469191979723,,0.1996647194826262,0.3333333333333333,0,1
-0.25531824363185313,-0.9665403917109483,-0.024744002505520186,0.96680108009507759,-0.2554952551274266,0.0042244685302800311,-0.010405094701049012,-0.022843944462783074,0.99968489445707043,-6.0361100128140777,-13.541515963187669,-2.4563036316209668,,0.5349188514151999,0.1176470588235294,0,1
-0.96006716992504504,0.25695750188233363,0.11065202871391285,-0.27669356622176072,-0.9305779770485233,-0.23971920875007466,0.041372692003279268,-0.26076324675588053,0.96451585238280702,-18.401469214798222,8.3474258010923386,-3.0764650828423892,,0.2822226026167079,0.2857142857142857,0,1
-0.8691909866109131,-0.49443104942435728,-0.0067056811344030007,0.49398072771586282,-0.86763250671615189,-0.056540904969352802,0.022137512047518675,-0.052457322220788562,0.99837776412827339,1.8018327747310605,22.467618692099514,-3.5091327593525135,,0.3997362535414463,0.25,0,1
0.10565301782009703,-0.98869545021214567,-0.10638959796573115,0.99410410350516509,0.10239176702132212,0.035678529123892556,-0.024381780486654837,-0.10953188018131946,0.99368420335851482,-8.4927508490152075,6.4918344507472288,-3.0225824556685263,,0.1156173414697002,0.4285714285714285,0,1
-0.89243635605636784,-0.44636366138156797,-0.065702604110290122,0.45054008409138802,-0.87397082110582058,-0.18217748621205487,0.023895250903842025,-0.19218346873146877,0.98106805642146122,-19.178329537943938,1.352193497601043,-2.814237192271388,,0.1488563366202903,0.2,0,1
0.29518556572779225,0.95212850319892162,0.079478268615667383,-0.95540043159612875,0.29339382803992659,0.033616617527778371,0.008688906254198046,-0.085856712400713728,0.99626960600223402,22.205264098522193,14.430717505989636,-3.5687189362245948,,0.5581954424190705,0.7755102040816326,0,1
0.72161306259926417,0.68772518264790983,0.07942708000429792,-0.69218239277518079,0.71881371856203991,0.064733091530049566,-0.012574697536546815,-0.10169027071903819,0.99473663138689783,-13.3842608076997,12.835624389708013,-3.1619220443909946,,0.8910536511225009,0.5128205128205128,0,1
0.98271900706261606,-0.18384450501864008,-0.021553448269777158,0.1806770366460822,0.92738096638709766,0.32759785043819195,-0.04023880697357958,-0.3258308474613551,0.94457138282713105,-4.6318708995012798,9.9459903257253082,-3.1007018206186507,,0.5026503983381676,0.196078431372549,1,1
