axis_00,axis_01,axis_02,axis_10,axis_11,axis_12,axis_20,axis_21,axis_22,location_x,location_y,location_z,dbh,dbh_approximation,score,reconstructed,number_clusters
-0.96633955294056073,-0.25433542198607378,-0.038747406955853138,0.25703583126099322,-0.96087205286652955,-0.1032350689835138,-0.010974965631242017,-0.1097196023654224,0.9939019866094273,-13.362508283803622,-12.172137923128037,-1.0177813894170957,,0.3698408994192365,0.3421052631578947,0,2
-0.45401291480925904,-0.87759325785335029,-0.15395566555584975,0.88923735992951181,-0.45714999540886275,-0.016455983813474347,-0.055939171355976147,-0.14437435876228408,0.98794071362606928,-13.435441547959378,-14.269275379039602,-1.0106210426750866,,0.2833830179329765,0.7571428571428571,0,3
0.99561128887847727,0.087125402240484387,-0.03416614906851792,-0.08318712664610893,0.99115514945016414,0.10339908935182929,0.042872641837221372,-0.10010311684886294,0.99405296769288964,-4.5033614622273159,30.461526353468244,-2.1668258581562969,0.2571502743968583,0.2735798189132909,0.8378378378378378,1,5
-0.97553956050555768,-0.21317688539415974,-0.053648685186772946,0.21618215892070317,-0.97460793781846411,-0.058349307670487412,-0.039847710762452679,-0.068519946547604529,0.99685363864115284,12.276884211090012,25.029105470875585,-1.6937793416266615,0.3543392202144006,0.3080174908489478,0.6515151515151515,1,5
-0.94354034145692445,0.33081971588520026,-0.017027613602240046,-0.32977760695844827,-0.94293655329451065,-0.046015067204431173,-0.031278650739935257,-0.037801746556272463,0.9987956117070127,16.617110233958194,28.473466457152742,-1.7225862940226164,,0.3427744487511525,0.4285714285714285,0,2
0.30409974121489164,0.9522366369822739,0.027726063220814941,-0.95143813892524287,0.30212573667641285,0.059038182866724229,0.047841563430828529,-0.044333130122104089,0.99787061204450256,2.2790565329940362,30.204487496713636,-2.0404961612993633,0.7022096917555818,0.7336134999775987,0.7681159420289855,1,5
-0.46635720525147595,0.86041648533911086,0.20541282546794537,-0.88441234115294465,-0.45825308895514066,-0.088424641811199134,0.018049042257127421,-0.2229071067053805,0.9746725880283269,11.371233556709859,-5.0290994972341325,-1.0668050504514428,,0.1748771839257045,0.3571428571428572,0,1
-0.77791524227112252,-0.6126607572139865,-0.13962332331041707,0.62730835641623617,-0.77009396075119141,-0.11592893333806745,-0.036497969979453086,-0.17776976172714604,0.98339504269792422,5.0614716481782667,-12.49381435104875,-1.0838243322928802,,0.1520884219081488,0.2,0,5
-0.10225078180213241,-0.94647249718103044,-0.30616105190039672,0.99380972531671463,-0.11063472791162818,0.010108750953315433,-0.043439699432303823,-0.30323220320379002,0.95192605986673495,-10.924311821603183,-15.342646510776801,-1.0452611306840449,,0.3584478702969592,0.3333333333333333,0,1
-0.74581640845966701,-0.66318881897572179,-0.062757272549965271,0.66488570215044096,-0.74689345973990773,-0.0087842400733144799,-0.041047386618863271,-0.048277843606957124,0.99799016120822737,27.393386251730004,22.681193317032434,-1.3643323030325141,0.3048865068179298,0.2579389183456706,0.5294117647058824,1,5
-0.67437556936449028,0.73793621364142803,0.025840589019446473,-0.73834422839717673,-0.67430532693369483,-0.012654108479854207,0.0080865219282855935,-0.027612871371793454,0.99958598304383384,-1.2788410679133571,-12.629133899935377,-0.98500581471007231,,0.09965231241409972,0.25,1,5
0.20601664978684969,0.96735918287066514,0.14755795921061687,-0.97808032810610301,0.19889960577457305,0.061626443955313602,0.030265686551944757,-0.15701961068133793,0.98713161740419431,-9.1738791018625694,2.1546672531607758,-1.2696331284498423,,0.2828695287293065,0.2545710267229255,0,2
-0.98089081768173425,0.19289585775479623,-0.025384874407783455,-0.1928962122757937,-0.981216087133293,-0.0024579748737885536,-0.025382180310394548,0.0024856411385665573,0.99967473035523891,10.090057844138457,-9.1122152819093216,-1.0590555103448267,0.4647629972813451,0.2147843034948573,0.25,1,4
0.42627615974898148,0.89666649687737265,0.11948986989415744,-0.90310865490742542,0.41428322815932761,0.11297860105873192,0.051801477401349771,-0.1560724198683042,0.9863863374436459,22.902802645055907,26.688284045317261,-1.5683505442129033,,0.6902635496965831,0.5172413793103449,0,1
0.67091331104236385,0.7415274340632142,0.0035204542032520416,-0.73758384307672042,0.66684073120157505,0.10627094448965765,0.076455238527831912,-0.073895221375765791,0.99433097747152499,-3.0153405723848099,-3.1974636875437015,-1.1403951538245805,0.3342542860924596,0.2794842675030793,0.3690773067331671,1,5
-0.32913705595357684,-0.94279911674980277,-0.052902021265786491,0.94289749866141026,-0.33117107612784946,0.035637415091156054,-0.05111854278311688,-0.038151589640744103,0.99796360193727318,6.4385958276918585,-7.2514208337035031,-1.0245996494860463,0.2579971566560916,0.2104365810706646,0.7586206896551724,1,5
-0.99471280439184451,-0.084697851631470145,-0.058075043761732024,0.089741856413168689,-0.9918367396131117,-0.090588526652948961,-0.049928308467560065,-0.095321329631133961,0.99419364719903647,8.218157158140043,27.435058694219862,-1.8733590211081874,0.1305232983579699,0.1421055282514693,0.2666666666666667,1,5
-0.77716761938569545,0.62492121810010792,0.074053781447328645,-0.62908339336905728,-0.77455158235725097,-0.065756600088133804,0.016265778974368206,-0.097689904474088152,0.99508396982274849,-0.99752804963190411,-14.810107464678834,-1.0488892585159402,,0.3343426976663347,0.3,0,5
-0.098958874606665456,-0.96979428088751574,-0.22294885937014561,0.99426411542816762,-0.10549767183505615,0.017581524655906955,-0.040571047662413151,-0.21993020255355877,0.97467158371234197,5.8786868169943514,-14.345318533518949,-1.1283579290320556,,0.5005526346335922,0.1,0,4
-0.41387542624710832,0.909901988404202,0.028026827270575386,-0.91004489968173941,-0.41432328684596176,0.012429583275873218,0.022921869732361492,-0.020361372135472247,0.99952989070499232,14.505308033794211,12.76735662872581,-1.2409534918006988,0.4260712139129281,0.4554882416109244,0.851063829787234,1,5
0.97303069081000415,0.23064912569394203,-0.0035007939709111044,-0.22624233925626114,0.95718118958465559,0.1806061301095809,0.045007540142308643,-0.17494327972781382,0.98354927187630758,-13.842475967814941,-2.1193652070409095,-1.1197134503724369,,0.2936554783955445,0.1833333333333333,0,1
0.94683617406214748,-0.31107768790882684,-0.082048348994085557,0.32094905271462659,0.93094434812570415,0.17416752353522352,0.022202816238945725,-0.19124145151642075,0.98129187409911511,11.481140625053575,-7.5400069046144571,-1.0668106751415676,,0.9172994121350657,0.7821782178217822,0,1
0.44806308737015998,0.8806089473707831,0.15416663564740962,-0.8914975449403012,0.42721564354933156,0.15072797110073785,0.066870001508411159,-0.20497481727580852,0.97648027485505973,2.6141164127202035,-11.72854074552178,-1.0388723045926582,0.6339990447459993,0.346912997233366,0.3414634146341464,1,3
-0.74073033864033033,0.66205026029439862,0.11405269949414229,-0.6715146526747503,-0.72469573083185768,-0.15454503860424978,-0.019663078621897759,-0.19106425766793542,0.98138056470510471,-2.7888093960929496,-14.897500001734681,-1.0224825430306497,0.6335536833415736,0.3784728853556496,0.6129032258064516,1,5
-0.28548237422639483,0.9165556174943964,0.28004573563174689,-0.95798434955828082,-0.28134613223609206,-0.055770421167393794,0.027673091758199962,-0.28420090414222304,0.9583652988695307,8.7154407481167588,-5.8394368775325143,-1.0363736490142104,,0.5348437829518075,0.1891891891891892,0,1
0.35421095037455691,0.93375333543512984,0.05137422698709098,-0.93411501029173138,0.35067551635172239,0.066752002060830151,0.04431422099540417,-0.071633726660147348,0.9964461144599579,-14.431019832280725,-10.269822012159537,-1.0015411268807757,,0.2874068047801254,0.3157894736842105,0,4
0.13875063749837269,0.97793038917102526,0.156206320389425,-0.98917624828094286,0.12925164942706927,0.069457619864355807,0.047734792663576157,-0.1641528709958813,0.98527926219583883,-4.1479049793881648,34.181577778172411,-2.3655343504685482,,0.2727718287733846,0.2352941176470588,0,3
0.30647839831690044,-0.90827033213492137,-0.28480869918004109,0.95150480798719317,0.28395024545972847,0.11836747222364118,-0.026638163269299058,-0.30727391992630898,0.95124820440869096,-16.79835878690772,-7.4680961128539831,-1.0272368325530565,,0.262401223307715,0.4444444444444444,0,1
0.99743784223925258,-0.058307833868699532,-0.041448128771313895,0.061463677532044132,0.99494168523915916,0.079456021280311567,0.036605562601060487,-0.081799996839856809,0.99597630157733086,2.8843388043963887,-9.1347939371270872,-1.0171233469766277,0.2721277792562382,0.2353925352943244,0.8431372549019608,1,5
0.12938892823672143,-0.96939397710325925,-0.20864760340267058,0.99098442241676743,0.11903795007469625,0.061480411265048551,-0.034761757393117293,-0.2147214092677758,0.97605652327362791,-7.5988072716387167,-8.8434124212268657,-1.073003755798378,,0.6817680059875805,0.7288135593220338,0,1
0.86469203161370389,0.50183653147835694,0.021628364190056482,-0.5000121863294783,0.85584417596443252,0.13235769713082993,0.047911418114901023,-0.12526309169716898,0.99096602054393679,-4.3113281665309717,-5.6591500009842459,-1.1080673184191845,,0.0934308032289272,0.4782608695652174,0,5
0.32460162618018878,0.91710523530478938,0.23141255726024135,-0.94454441205675499,0.30144726968890956,0.13025128502038197,0.049695451839540342,-0.26085921676960006,0.96409689922373221,-23.14029104079788,29.701384079622585,-2.3381311023033291,,0.4025841031763571,0.5,0,1
0.8028049949648961,-0.55590238315424401,-0.21558450886565469,0.59621256212835227,0.75202719661905149,0.28104390458723039,0.0058924375057179817,-0.35415764279304068,0.93516717394887128,-1.6418302595004914,-10.259984782633143,-1.043423554175015,,0.3901952593511601,0.25,0,1
0.92051147523778531,0.39067528030003734,-0.0056079691550820678,-0.38762705515524942,0.9149421884857335,0.11236573250153381,0.049029481612867,-0.1012601456221752,0.99365109210494507,-5.8567227451212283,-9.9381499023156454,-1.0744181351215212,,0.08109779759378016,0.1764705882352941,0,5
-0.61642864446831036,-0.76720807833974325,-0.17722158674721217,0.78566065675610708,-0.61427551929043167,-0.073504549696140689,-0.052469597907013804,-0.18454633816661964,0.98142222838326199,-0.069313024206072146,29.009140522450114,-2.0349331910398081,,0.2368140733608958,0.4166666666666667,0,6
-0.57964540384552965,-0.79307504716442145,-0.18719822479367429,0.81179120051610765,-0.58195926632743777,-0.048150380063359657,-0.070754876618991713,-0.17987601813688292,0.98114135858899076,-14.256604337820781,29.797916428079105,-2.2708990466798964,,0.4840294417609572,0.6956521739130435,0,3
0.98864611094705301,-0.1323285099992651,-0.071190116944997092,0.14449567259196575,0.96722877609474867,0.20878097445995922,0.041229454416270558,-0.21669716226944274,0.97536786493758754,18.930736387937049,25.981710623172013,-1.5881895728404178,,0.4477449859181996,0.62,0,5
-0.2697554872442901,0.94592356409913658,0.18016822134766997,-0.96228856540885543,-0.27163750158270389,-0.014621375355066002,0.035109742023585348,-0.17731801548600193,0.98352713607665332,3.1806811106085808,-6.5330391253237439,-1.0469236629472565,,0.5748169078438632,0.1458333333333333,0,4
0.94958189234015988,0.31303529532477009,0.017410732914358424,-0.31269031832598793,0.94157493907889633,0.12514551100125221,0.022781452211690249,-0.12428007877172485,0.99198561857298129,0.68737671737569372,-10.768418230423027,-1.0089447661988684,,0.654037833156256,0.735632183908046,0,4
-0.08988065433157072,0.96745136108812102,0.23655724868554009,-0.99497531586342836,-0.097742115197037377,0.021693310934052443,0.044108829041373136,-0.23341881424930797,0.97137534885081767,4.4410624752677164,31.282615628839842,-2.0401079933091872,,0.4444361106800543,0.3333333333333333,0,4
-0.97399323514229164,-0.21863970102567232,-0.059446270130751745,0.22231170205323572,-0.97284802666864312,-0.064375648634562632,-0.043757114018718422,-0.075917047771444923,0.99615356086821372,2.0524328901706475,-12.269706412666988,-1.0262441109570835,0.7050521142288513,0.3310829776638664,0.4210526315789473,1,6
-0.77393343181486374,-0.6084411614210441,-0.17557447481874675,0.63050167138206448,-0.7662277098504402,-0.12394651686018635,-0.059115865076057268,-0.20662635298035095,0.97663241024980751,21.575046340825406,23.276122000832338,-1.4872675819459498,,0.564588890508232,0.8571428571428571,0,3
0.25016361803693438,-0.93374849180405806,-0.25599202773586294,0.96775803867821886,0.23312995504357861,0.095366674656647041,-0.029369078711436201,-0.2715956150511768,0.96196324207352923,-6.7079260275340706,1.7988501850130871,-1.2712207491910084,,0.3230780494272964,0.2636655948553054,0,1
0.23411972904534331,-0.96707509129459357,-0.099768332998448173,0.97197733528073804,0.23059432985452805,0.04567619445068688,-0.021166298029907066,-0.10766625672185019,0.99396175227782979,-1.5213748954697639,-11.717864745159703,-0.999787993443222,,0.4334781803067359,0.3888888888888889,0,5
0.88859331785772577,0.45867424198606382,-0.0044559170896515217,-0.45579289374664339,0.88401911847627623,0.10374505375433374,0.051524299788169546,-0.090156186182304143,0.99459394157837178,-12.840083567998054,-6.4314018152145005,-1.0565113571880507,,0.0891786610356336,0.3166666666666667,0,3
-0.52857135266043109,0.84418231882420902,0.089266666406368697,-0.84885209291912633,-0.5265969091164755,-0.046322992733578712,0.0079024991960158168,-0.1002592035354264,0.99492996869774752,15.331905824183048,25.870873899696804,-1.6594565544196154,,0.598016503542612,0.3636363636363636,0,3
-0.99825361773224885,-0.054620492634241451,-0.022501477037548217,0.056433940392143923,-0.99434765397730729,-0.089933049551551111,-0.017462103432704958,-0.091045839082401631,0.99569359249193123,6.8425373571058472,28.297435034826474,-1.9291847535568034,0.3988093353537121,0.1982177206520778,0.3888888888888889,1,5
0.95679011112570211,0.29063244470395416,0.0092447464795675175,-0.28833254734872327,0.94414334171415992,0.15955466911443458,0.03764339771413952,-0.15532589089467125,0.98714580596096002,-1.6023043794115785,31.719938358456094,-2.1896856294246914,,0.1410851018368609,0.3157894736842105,0,6
-0.99793432871226184,0.054410910940498172,-0.034154477718642426,-0.054036626642574637,-0.99846936809948594,-0.011788297082461026,-0.034743611768194779,-0.0099183535749920344,0.99934704067389057,-17.751114805960945,-11.373007436753532,-0.98751802621319762,,0.784008173658546,0.6721311475409836,0,1
0.94591504136920179,0.32424270883027817,0.010554633196117954,-0.32109221202127441,0.93108839525293552,0.17313056230659588,0.046309026018543087,-0.16715581352653161,0.98484232652414827,-6.91306945830841,-2.1096206476405746,-1.1213556483556006,,0.08820840276605199,0.3131313131313131,0,4
-0.98069879473966404,0.19361117679887832,-0.027287107115358967,-0.19345919713632845,-0.98107464520182641,-0.0081289350765318975,-0.028344541618074041,-0.0026930949973614517,0.99959458491920483,4.6137152903167697,-15.462579639790084,-1.1142726012456974,,0.09322209198550614,0.5,0,5
-0.22279691947324637,-0.95163802730047942,-0.2115339161195762,0.97404670779493685,-0.22619420191003334,-0.0083182964679003046,-0.03993173809235831,-0.2078972054115569,0.97733525889276507,-6.9964556059415273,32.071258024180004,-2.2839843607409596,,0.2201649182398802,0.2,0,5
-0.94088446064118514,0.33570330191245307,0.04516331264449281,-0.33868032167210649,-0.93458251700939543,-0.10886302683860374,0.0056631648418690962,-0.1177234555450212,0.99303026971916364,9.8877352799426763,28.315185629310086,-1.8724405353731379,,0.348012224952254,0.1875,0,5
-0.91031779116854716,0.41280303435292537,0.030251841448683314,-0.41324478088169397,-0.90228178074077414,-0.12294852263162413,-0.023457837838538189,-0.124423643140185,0.99195185713403744,12.796457494395106,-9.1681922533244453,-1.0269363194655639,,0.3055158238488647,0.2105263157894737,0,6
0.61111294213368772,0.79153693289834581,0.0032024700758393034,-0.78969175766245514,0.60940180315884118,0.070826338227623575,0.054110071490335365,-0.045811856157889672,0.99748352066521795,-0.97925288093165208,-8.2925544069765689,-1.0686813623328555,,0.1720266071280743,0.6410256410256411,0,1
-0.78544892650613352,-0.59136600893401003,-0.18263687285930003,0.61659693560015272,-0.77322690175924358,-0.1480823331944196,-0.053648884973173237,-0.22892444577471951,0.97196470885926389,-29.039904283421439,32.047431031077146,-2.6005049939534395,,0.5019933862963775,0.5882352941176471,0,1
-0.05471465733817641,-0.99131018300818574,-0.11962619837078087,0.99734372705139096,-0.060026588528276754,0.041258923651729139,-0.048081143742721225,-0.11705097066635718,0.99196132680788385,-1.590498457137248,27.594601585113516,-2.0062727017539945,0.1730311162337234,0.2420015005711221,0.5757575757575758,1,5
-0.9483872612057328,0.31664163975915999,-0.017311116466638122,-0.31617409862627843,-0.9483658419305,-0.025222395154224763,-0.024403732102927386,-0.018447271616310129,0.99953196848793424,12.047762810704338,28.638845065623268,-1.8417308047580705,,0.1553474807286418,0.3333333333333333,0,2
0.088676064687715009,-0.94018859015212419,-0.32891027727825856,0.99539361775002511,0.071564404573023044,0.063797192262864594,-0.036443124097920186,-0.33305247476316613,0.94220377188807392,10.890969283982093,31.943820575036064,-1.9445109837900405,,0.189385498502783,0.3333333333333333,0,1
0.8006534400409685,0.59884766734500139,-0.018317758214773498,-0.59678276964617594,0.79984926533657774,0.063964666762021241,0.052956536933636403,-0.040281808002964978,0.99778403532027393,6.8949368789266252,-8.6966451070153106,-1.0405487861792588,,0.07174701164741809,0.25,0,3
-0.59964171396142796,-0.76997574842497407,-0.21809897229194519,0.79844224745759895,-0.59402829836093562,-0.098083424803940694,-0.054035102963354113,-0.23295434656561506,0.97098531403102484,-13.988200278612206,-3.3414284138484516,-1.1081121618139564,,0.2649592202640375,0.2333333333333333,0,1
0.14240875224508068,-0.96922965709269171,-0.20078251690817617,0.9888094069911737,0.14841667239209283,-0.01511449641306636,0.044448891209585659,-0.19638320490317157,0.97951923559580834,-11.738068332098869,-12.180097779911623,-1.0329020452206525,,0.4195568155206733,0.7372881355932204,0,2
0.994873954936906,0.098304266888801756,-0.02370832975253518,-0.090561998149920664,0.97045538526982056,0.22364004492017536,0.044992646946957031,-0.22034658225681536,0.97438341806931794,-10.643307477932424,-7.0616508256611787,-1.0474457418581411,0.6081206209279482,0.3183652611637144,0.319672131147541,1,4
-0.97530126848916876,-0.21378233170888969,-0.055538728222096809,0.21410516311155825,-0.97681060566796718,0.0001406540109561499,-0.054280888095081456,-0.011753948429696915,0.99845652378254324,0.65644307403273583,-12.195978250677548,-0.99755330251846841,,0.08944529204649583,0.1904761904761905,0,4
-0.58561816245747766,0.81030441135309594,-0.021403942198535114,-0.81046114833978233,-0.58485765455136207,0.033079464089352417,0.014286176244410441,0.036718998548307812,0.99922350868758147,13.641660568079011,7.8565040121247627,-1.0978942345464395,0.3497122803594263,0.3471049210695987,0.984,1,5
-0.36853863844267748,0.92861931996626101,0.042958474835779532,-0.92939548336503719,-0.36905731537113934,0.0045534022132751725,0.020082516662155912,-0.038247307832661788,0.99906648225634498,5.0672692530397985,27.696738944006405,-1.9443111081336419,0.730099648381293,0.3393881504904652,0.4090909090909091,1,3
-0.94868443439652994,-0.30971404726679297,-0.063836140699128519,0.31275516572257139,-0.94877989237380378,-0.044731668211678177,-0.046712420699243966,-0.062401320120454476,0.99695738374297682,-7.8578662731410622,28.558618615582795,-2.1511891800851588,0.1907722846359357,0.1218053354595411,0.2,1,5
-0.79152613360735702,-0.6051974473556424,-0.084984878247857859,0.6093352619933069,-0.79219214253014847,-0.033795677312950946,-0.046871295140381422,-0.078534444848789658,0.99580892879314742,-5.7193636434418726,-11.213479555630084,-1.0536685966259149,0.3417162136836447,0.32510273723491,0.6739130434782609,1,5
-0.91610077113562827,0.40074455355936339,-0.012774189493423701,-0.40048464202954287,-0.91610874433157607,-0.018889681249067609,-0.019272483575710271,-0.012188984852285712,0.99973996620375971,10.783079358633476,-6.9127068922853683,-1.0705425790813476,0.2738163192791618,0.1903574769148925,0.4130434782608696,1,5
-0.78046794274188813,-0.60046512993702295,-0.17410174634953896,0.62288395802903163,-0.77074944618097985,-0.13401815564243602,-0.053715595336293109,-0.21304205909028159,0.97556533142390855,-19.01027583818944,-19.095127822855197,-0.93538802558222922,,0.5861663187214173,0.3823529411764706,0,1
-0.99911579454419164,-0.010016251134421703,-0.040832631626447465,0.013601197904522926,-0.99598450239120095,-0.088486600183948355,-0.039782364282316886,-0.088963732553013555,0.99524008047422674,-9.3995416790636082,30.986005718721529,-2.2590095020742393,0.267809387595585,0.27209168846098,0.3333333333333333,1,5
0.86472623138860227,-0.49408387626388095,-0.090164671377010369,0.50222295254240934,0.85226707803468416,0.14633158796994739,0.0045443028124014457,-0.17181953007234049,0.98511796166635279,9.0826917253360122,-7.6470408412625792,-1.0455869498307684,,0.128108932034205,0.1666666666666667,0,4
-0.56474182595023403,-0.80054481807557354,-0.20048607002667962,0.82351570867498725,-0.56248172959438447,-0.073730464789276598,-0.053745209906828739,-0.20674210535073972,0.97691819221837328,-11.483367516372269,-8.8419584173651913,-1.047913335272469,,0.6108256952132867,0.3013698630136986,0,1
-0.99893133415550328,-0.016358497098399091,-0.043227181437003534,0.026327570892674595,-0.970096895052734,-0.24128587447245101,-0.037987480216476015,-0.24216608718341609,0.96949086512719473,-5.7036967180196996,33.609081585114865,-2.3416793363129318,,0.2854354709682057,0.125,0,1
0.92626539850873413,-0.3752114226073372,-0.035338362588478861,0.37172864555752949,0.89416078919705144,0.24958825520138347,-0.062050186119148323,-0.24432124632844515,0.96770703366003019,6.1624247549482902,-16.543780771516307,-1.0836009678442058,,0.6873121556003701,0.2173913043478261,0,2
-0.61700130619405991,0.7848795934280659,0.057213739390272196,-0.78691526436840753,-0.6161252880511856,-0.033970518510062796,0.0085880649055982434,-0.065982219150599444,0.99778384026658751,-13.295431339586052,-16.854707471461943,-1.02654156311761,,0.1892734521935311,0.4736842105263158,0,1
0.93459981787988833,-0.35303727444218319,-0.043449548597360624,0.35513836197868276,0.93300139828255646,0.058181910022722848,0.019998106659820953,-0.069807404028720682,0.99736001627937398,-11.007378153557339,-4.3680747672050533,-1.0899310359207646,,0.07695261392359981,0.29,0,3
-0.23406084731250859,-0.96643894149311893,-0.10588338925917702,0.9715052587800499,-0.23667808617758793,0.012689195641256489,-0.037323610731793633,-0.099896225599238872,0.99429758734141926,9.0370049675651849,27.988387470585202,-1.8787798880418911,,0.1306565364260323,0.2692307692307692,0,4
-0.16467333536917581,0.98401171175147584,0.067850156627097105,-0.98507923648996254,-0.16756008797318106,0.039274861613659777,0.050015902018690203,-0.060370258027861036,0.99692218427062118,5.7909114875980174,-10.126912422318393,-1.0617592677758911,0.8022378823476717,0.395593767934061,0.5142857142857142,1,4
0.89298663063160433,0.45004969221221441,-0.0054910884992314052,-0.4471997306214292,0.88857845362456578,0.10217990353438831,0.050865297063287886,-0.088789674477761052,0.99475078047760146,-13.089171348342687,-2.6304987874682215,-1.1203570398252951,,0.137737120825389,0.3884892086330936,0,1
0.42320969944815395,0.89178033541347412,0.16006680999768369,-0.90539732171606824,0.40965085731349959,0.11154310795241663,0.033900444279879288,-0.19213018625959294,0.98078374344474162,-16.7756430078887,30.97860711616611,-2.339587287063845,,0.2535485236243114,0.1111111111111111,0,4
0.21335933256641965,-0.96624198355679292,-0.14440991800789593,0.97647936646806544,0.2062068254059127,0.062982473896642216,-0.031077999757669138,-0.15445120384202499,0.98751151059762943,-0.89790011654394841,28.343362617821686,-2.0216903833638526,,0.1838991946884804,0.2857142857142857,0,1
0.5169521630464522,0.85587942879138013,-0.015194225657641737,-0.85346324912566762,0.51669970164136447,0.067984562332807363,0.066037440240010195,-0.02217705335399164,0.99757066656507165,7.3580892691986666,-9.5581858645701328,-1.0592980415093922,,0.0890718257340187,0.5384615384615384,0,2
-0.43052582620892277,0.90211409222159411,0.028942660249782801,-0.9025782504779748,-0.43030872909195983,-0.013671116683750408,0.00012137233180743036,-0.0320087844578976,0.99948758020611994,-3.1007027100959514,33.064107502434439,-2.2785615071130993,,0.1266693883278816,0.5,0,2
-0.91129720390458835,-0.40435241036589398,-0.077695137473145867,0.40870135996245366,-0.91121859749506284,-0.051418536968407945,-0.050006044839802498,-0.078611677315919365,0.9956503400637482,2.8445895515407362,-12.59364396657825,-1.0482585832206108,,0.084577429048382,0.2380952380952381,0,1
0.64701092251615389,0.73733623077330757,0.19419616096567943,-0.76054661731837581,0.60595804011690946,0.23320312284197711,0.054274386503877128,-0.2985802009622977,0.95284004668304223,-10.968230383395948,31.304110921169407,-2.296038459792813,,0.4345228440210399,0.2142857142857143,0,1
0.054453559294752721,-0.99647017593743803,-0.063890518446350325,0.99772039679178881,0.051744409329575816,0.043318886513478282,-0.039860001326732876,-0.066103740970870128,0.99701628658908481,8.5090905241023211,-11.690882580229044,-1.0797719576304823,0.03612050643341158,0.08289651774766051,0.3333333333333333,1,4
0.83172328893581149,0.55501594336668203,0.013916653713746717,-0.54457167147537189,0.81068012460323013,0.21503355598559523,0.10806509736411717,-0.18642703179014125,0.97650749948456672,32.9419326936601,-9.5329961837530668,-1.2579505494988947,,0.5060733323276475,0.3823529411764706,0,4
-0.59256891597573058,-0.80007688752503259,-0.093482906820468031,0.80429973079132555,-0.5940584020775922,-0.014019913338493374,-0.04431729762010321,-0.083496041638357707,0.99552216859413867,-2.1131275935991702,30.89738583332532,-2.1607771995552829,,0.109983390349201,0.2272727272727273,0,2
-0.35194263052014774,-0.8906567782387611,-0.28786609421727616,0.93393729081078658,-0.35465207354551986,-0.044531377284689672,-0.062430134194690512,-0.28452137021182439,0.95663476219360721,13.937535257814721,-12.491025407946339,-1.014300322231009,0.6938720079012242,0.3207523238129634,0.1875,1,4
-0.50154155019148794,-0.83635025980335997,-0.22130141517480317,0.86412103720467526,-0.49665989817909212,-0.081386599640532548,-0.041843834573735361,-0.23204996976424028,0.97180342921836815,14.123858286333324,-11.14900840606783,-1.0200554032515003,0.3558339514001176,0.248731627657221,0.2666666666666667,1,3
0.94240444616664065,-0.33073673192657266,-0.049870572483969894,0.33397567729134003,0.93862584908167612,0.086265650252540585,0.018278589199909531,-0.097952690571691314,0.99502319751181079,11.137558902363457,-11.394829172034914,-1.0242009522499933,0.2145736337084866,0.1911401805745954,0.4666666666666667,1,4
-0.49078345791350358,-0.84400990395629327,-0.21628425615877614,0.8700059551043553,-0.488153369091125,-0.069252626866741079,-0.047129985374755295,-0.22215663453670373,0.97387124108369827,-19.089706593017844,31.252874933189624,-2.3811540761099472,,0.4469838608744068,0.2631578947368421,0,2
-0.95587191529348003,-0.27638475581153432,-0.099600945317669068,0.28745964971169863,-0.94986958718500325,-0.12294192583744293,-0.06062863466054897,-0.14614798697207682,0.98740312667279295,11.464556073812991,-9.2250372708449859,-1.0489252039585744,,0.2130616673286478,0.3125,0,2
0.99490469661477254,0.097479954517725273,-0.025735250554261777,-0.089544228653908237,0.97166285895248294,0.21875355916433586,0.046330074127342455,-0.21533450025369871,0.9754407092344699,19.282788194502992,-7.4612578994354326,-1.0369696762135052,,0.1686554396984163,0.1428571428571428,0,3
0.99928460002129582,0.0029907288521800104,-0.037700712210943933,0.0096609264984503923,0.94360777289382081,0.33092451923898858,0.036564390593461511,-0.33105199965458132,0.94290382270156947,10.898635087920562,-8.5148031325093427,-1.0599240703695487,,0.168690391759567,0.1739130434782609,0,1
-0.77494195567763546,-0.61968480407177895,-0.12432099152211867,0.62973975192764997,-0.77378514147710797,-0.068442674343960203,-0.053784850772531388,-0.13132897026845455,0.98987872560006229,-20.19323520345851,33.572458478755863,-2.5229207618016645,,0.06186400299987919,0.1428571428571428,0,1
-0.86581625728375256,0.49281465751106296,0.086578992633368629,-0.50021688301723777,-0.84834074348576605,-0.17349655007099357,-0.012053155921747088,-0.19352440746394686,0.98102141931155329,10.935205446710503,24.754342874759498,-1.7148498282881748,,0.7120640741755266,0.4423076923076923,0,1
-0.97624297576934238,-0.19410127365161517,-0.096303415452628313,0.20285487711153147,-0.97493666626278452,-0.091369555150904475,-0.076154783783333291,-0.1087345039223036,0.99114946227281253,8.8274088540768538,-8.8511830457429728,-1.0573943593387645,,0.3092121527694969,0.2857142857142857,0,3
0.012668901228786592,-0.95814936902584436,-0.28598826125739757,0.99816955003279195,-0.0047964472875683586,0.060287175093454513,-0.059135846396128608,-0.28622854632057887,0.95633475882779639,3.6680964254561537,-12.066031758687847,-1.052328957937043,0.6007794151947006,0.3439525354484652,0.1891891891891892,1,3
-0.92632241540257221,0.37616577816415048,0.020641949057765258,-0.37618992210159047,-0.92066321202892543,-0.10421320706023976,-0.020197159006737238,-0.10430032288895545,0.99434074512378101,0.35377054711060657,-19.709650573171817,-1.2127504200835766,,0.3289550867786143,0.1052631578947368,0,4
-0.64256175806629834,-0.74663545682222077,-0.17219141002564795,0.76377215732543979,-0.64211428637568713,-0.065888807294442603,-0.061371644634884925,-0.17385263256020719,0.9828574583258215,1.2119636455237741,-13.212068458102374,-1.0389250701569228,,0.179882100796713,0.2727272727272727,0,4
-0.7752292423755498,0.61491459840976292,0.14456714159307224,-0.63163192176027305,-0.75177287087518563,-0.18941664665362842,-0.0077934061394964562,-0.23815454494643132,0.97119600263906736,-5.2056316964094753,-15.062629193590407,-1.0711413563787975,,0.1951099388413436,0.5,0,2
-0.017278360190721861,-0.94848598183666155,-0.31634759447238386,0.9992066046689011,-0.027735192097737421,0.028581817740431201,-0.035883414764558128,-0.3156027588261005,0.94821267612608329,-9.1202480735125633,29.056249851997453,-2.1785305704153002,,0.2132199760875905,0.2857142857142857,0,2
-0.045543596198928941,0.99608378868983816,0.07578170461638889,-0.99706314377051608,-0.05000160252433157,0.058007991513691064,0.061570026634090384,-0.072917252103294972,0.9954356866046048,-7.193231009460173,34.903581576407319,-2.4212210952126521,,0.1885715367462794,0.3636363636363636,0,3
-0.72380862850854266,0.68993138182569524,0.0097855847383404998,-0.68999933533946556,-0.7237632946465653,-0.0082225636784771187,0.0014094423294229795,-0.012703609504305635,0.99991831255252239,1.6980766762036843,-15.03996903921627,-1.0836473607902966,,0.0869669760548291,0.1481481481481481,0,3
0.96019084252267617,0.2792978651759096,-0.0051233235085053844,-0.2755775560146842,0.95008414364664506,0.14627758068888877,0.045722604437706559,-0.13904252047269638,0.98923031744080336,-9.282974581218193,-19.866431416768641,-1.1282264996431022,,0.3110007528359293,0.3043478260869565,0,2
-0.903575105265635,0.42828878427796374,-0.010988466949466038,-0.42744529609350812,-0.90294004190120369,-0.044607169591718274,-0.029026677242298838,-0.035608959450610635,0.99894416961866062,4.7608964608345827,-18.455915150608547,-1.1176933277265531,,0.1569677121085099,0.5714285714285714,0,3
0.39949544675731191,0.91073964879973757,0.10467416168427755,-0.91529882319176947,0.38987162495174832,0.10113446653463259,0.051297683026988811,-0.13621089589901975,0.98935086776858328,14.004705749885991,31.728232203415541,-1.8945489385690872,,0.2327392645884871,0.25,0,1
-0.053572076960938221,-0.9720095450610251,-0.22875199863684137,0.9973381201932261,-0.063431037693969336,0.035960776778411703,-0.049464194924529338,-0.22621659480976278,0.97282030491408988,4.8171451270593346,-20.963330174166806,-1.0975361320485126,,0.2153530805779741,0.4444444444444444,0,3
-0.66235568336689055,0.74909358937490667,-0.011989289762055414,-0.74914970748474541,-0.66207066995495001,0.020907983186425883,0.0077242790666619179,0.022830294409462236,0.99970951439409528,3.320278548666542,-17.830305693686704,-1.135868586848267,,0.1082167915264892,0.7272727272727273,0,3
0.219802168557237,-0.94012488807532202,-0.26048455140161603,0.97446961164791313,0.19905743355016065,0.10385140405016208,-0.045781903327653077,-0.27666104346255282,0.95987639014505954,-0.68865570023261291,-22.441914352349453,-1.1695039543120749,,0.2148528344171491,0.3157894736842105,0,3
-0.81936747783961317,0.57264364892793895,0.026761681584790645,-0.57322127603179096,-0.81780646375331856,-0.05108773382893543,-0.0073691901343109619,-0.057199992882746485,0.9983355427164643,-6.7462906997431187,-18.189234832013643,-1.1196776457069022,,0.1157489313871323,0.2608695652173913,0,3
0.084836868012708733,0.9896485441481464,0.11575173817808695,-0.99547252187127466,0.079187126331405483,0.052572399817945946,0.042862151428016561,-0.11968775245959008,0.9918859197942741,-3.4234487544346943,26.928050263088718,-1.995089999150597,,0.1725747322041949,0.1428571428571428,0,1
-0.86072516889215489,0.5038444191892627,0.072752902948305664,-0.50893962958006378,-0.84843880013860518,-0.14536868941512371,-0.011516817202606494,-0.16214932522584866,0.98669902161212419,-6.0100538303488378,-13.395787654227243,-1.0541834441036808,,0.09425173833772293,0.4166666666666667,0,1
-0.80373384130254166,-0.5528920574485684,-0.21982330439548489,0.59259081549729109,-0.77699551378151044,-0.21240079319922919,-0.053367009784289383,-0.30097897663075296,0.95213634417187765,-21.67578159105965,32.463372890073757,-2.4894679813259746,,0.5645180227022331,0.6842105263157895,0,1
0.15319813605860483,-0.95043364015950471,-0.27056649231071345,0.98812640850020883,0.14409621731610539,0.05331492267338462,-0.011684687956826558,-0.27552164308515575,0.96122385127451371,1.2414486471950492,28.221737363293016,-1.9936881103312531,,0.4514970877036637,0.8679245283018868,0,3
-0.97929927847951936,0.20142773662669466,0.019994751484832495,-0.20044200995108602,-0.95123071690047256,-0.23448480520447751,-0.028212121796525307,-0.23363858872724777,0.97191413511754121,5.5609154080061787,-16.023866710846342,-1.1054050215871889,,0.166624790219141,0.5789473684210527,0,1
-0.97933946031583952,0.20088925812573041,0.023188950773480644,-0.20074355966477356,-0.95191473272620408,-0.23143112338645316,-0.024418122806569992,-0.23130466400073713,0.97257488538935155,22.837070542902488,23.868632266323701,-1.4868332750728035,,0.2866934296603466,0.391304347826087,0,2
-0.073120360182192645,0.99134731575052992,0.10901335918613374,-0.99641197042401564,-0.077287127619929452,0.034494711188677606,0.042621568748181266,-0.1060999503226998,0.99344159487056094,-2.3004288126027119,1.0050658544247568,-1.206025402111341,,0.3888044714117327,0.2024922118380062,0,2
-0.96037174384142188,0.27859277090396245,0.0084959773445867585,-0.2786743608204425,-0.95919516589156084,-0.047804124838548442,-0.0051685832009582874,-0.048277341790057444,0.99882059651239752,6.8325536135337517,-21.067247232038262,-1.0651681162374975,,0.4063146723597272,0.36,0,2
-0.58522026585931208,0.80281725795227332,0.11402495674872715,-0.81073168735951118,-0.58194121229716045,-0.063706801374033201,0.01521090197047408,-0.12972615682314889,0.9914331811560172,25.341381006242791,-7.8998125776920123,-1.1341256580075052,,0.3733404366238475,0.3333333333333333,0,2
0.40658353532950742,0.90936133232443961,0.088044284721265534,-0.91323188935923316,0.40173658815924856,0.067935484038396249,0.026407291726419063,-0.10802629775793607,0.99379724991387919,-0.93375829327025583,-5.4278851009894078,-1.1115114681023033,0.7150564487749513,0.5283464278424636,0.1907032181168057,1,3
-0.14243556611146763,0.9872231815649648,0.071431780652972204,-0.98976438778175235,-0.14141220646590136,-0.019210532045143603,-0.0088637568512372929,-0.073436895653301998,0.99726047558864384,25.913870060403735,24.575287164204102,-1.4634840934942106,,0.3040469856000677,0.15,0,2
-0.99419839850927061,0.10413593526223749,-0.026930491801326069,-0.10293247245486578,-0.99376855721912327,-0.042766351223252119,-0.031216189964991922,-0.039746215790706238,0.9987220773640626,-1.6624723821675476,-17.866927813167059,-1.1858478182286045,,0.1203243350245909,0.4375,0,5
0.48204267876522972,-0.8715286643780582,-0.089847888212472971,0.87598355009463658,0.47742627901503748,0.068680186876957441,-0.016961008591470129,-0.11181205334513321,0.99358461588045255,5.6883543072865441,-7.6412783738086523,-1.0230118301911677,,0.07073103942961677,0.2,0,3
-0.091038553440087211,0.96489460584590991,0.24635417876911114,-0.99581583644414207,-0.090174726535526925,-0.014810083770752058,0.0079247507588642192,-0.24667168119528787,0.96906670566153508,22.337589536464701,-8.3617156660219472,-1.1325686533024477,,0.5582196076460723,0.34375,0,2
-0.9433120563958578,0.33190453793272534,0.0013198325207719429,-0.33119942463774721,-0.94103361082449288,-0.069012204849885878,-0.021663457199714329,-0.065537172644855854,0.99761494256244732,10.060768046526855,-15.752575492588338,-1.0765788809818726,,0.2703808653816219,0.1428571428571428,0,1
-0.95279341872390688,0.30361673037265419,0.0012578848236956053,-0.30246472561234611,-0.94880100260698719,-0.09105903146983621,-0.026453563023885792,-0.087140911687884029,0.9958447020060639,10.750937615291074,30.457332403465589,-1.9091748099079708,,0.2011027593473074,0.2,0,2
-0.85395526470367056,-0.51024538984803491,-0.10202964286770322,0.51753135588057786,-0.85321645413401359,-0.064675946652454852,-0.054052766490668973,-0.1080339045568911,0.99267667137940618,7.67943364063846,-12.341641724007275,-1.0998909687464355,,0.07898995981775439,0.2307692307692308,0,2
0.84605519610219182,-0.49007776434791578,-0.20979606774253848,0.53300123962127233,0.78503915253588075,0.31563144258443898,0.01001417548627323,-0.37886318622623638,0.92539851005490348,-7.2802179954611264,-11.485976822417276,-1.0678678060118103,,0.3231854140381819,0.1333333333333333,0,1
0.63528911062096438,-0.75444491529138524,-0.16498671376022586,0.77217247523325794,0.61706950920061598,0.15157469876946303,-0.01254649028879965,-0.22369195471872735,0.97457913735906909,22.7258851257908,-10.886302916133753,-1.1199280258764277,,0.4106157290719767,0.3181818181818182,0,2
-0.81839636115956194,-0.53981776900251233,-0.19703850463789738,0.57219601944768483,-0.79717607494612908,-0.19261884866676068,-0.053095304585370449,-0.27038321287135025,0.96128757758974148,6.1671611889946689,-12.512372065774032,-1.1003412459990747,,0.6750084573281266,0.3404255319148936,0,1
-0.96715057142456706,-0.24145454326687177,-0.079495130221414065,0.25005517240827491,-0.95991899630015287,-0.12660146639741046,-0.045740386366986782,-0.14232084906257753,0.98876316323834867,6.9085575570125615,-11.590898777544753,-1.0911325476427833,,0.1670850848041341,0.3333333333333333,0,1
-0.53916359070324216,-0.83868355088357005,-0.076892938149835416,0.84015921758949319,-0.54196372448153363,0.020194317158933349,-0.058609824768536219,-0.053714270202912383,0.99683482363788389,11.460351904042701,32.580139601595242,-1.9546415911685338,,0.09278257171146759,0.3846153846153846,0,2
-0.79924370309474657,-0.59718997019619946,-0.067628711066078817,0.59858380196296712,-0.80106007541704694,-0.00043312861180890466,-0.053916000324173499,-0.040827626307406877,0.99771046393186968,8.3032783292171199,-15.535165011356552,-1.0939735657675638,0.5329699486079922,0.543115218779153,0.8275862068965517,1,2
-0.7481011290421653,-0.63773142546092365,-0.18342118117986458,0.66072422862793057,-0.74149319667312308,-0.11675329970283373,-0.06154830972386325,-0.20853409377617807,0.97607650176770699,-2.8942668097625077,-21.262290617601899,-1.2021995486845698,,0.3973282016956133,0.2222222222222222,0,2
