axis_00,axis_01,axis_02,axis_10,axis_11,axis_12,axis_20,axis_21,axis_22,location_x,location_y,location_z,dbh,dbh_approximation,score,reconstructed,number_clusters
-0.18818751160457986,0.97760688590123523,0.094181936243455708,-0.97669110773007117,-0.19636330825074583,0.086694470722359834,0.10324698812596773,-0.075671842922666668,0.99177307466557352,-2.7325674404892011,15.638533945553734,-6.0310919128298508,,0.1687372416056492,0.3469387755102041,0,5
-0.60581703073517046,0.79521982703950256,-0.024721487707734188,-0.79347758397249146,-0.60163583818922584,0.091802189186990568,0.058129588028799077,0.075231276006789638,0.99547034416199009,-12.540150726141551,0.57437651662715516,-4.3728193413650294,,0.2254358893106214,0.780952380952381,1,5
-0.99894877923685943,-0.013889878707625508,-0.043685326262658274,0.017359012158121346,-0.99663864875508312,-0.080062903423090401,-0.042426420519313647,-0.080737073746379812,0.99583207608752455,0.52414429963481313,23.660042133221964,-6.9982335097204089,,0.3274765612392463,0.4666666666666667,0,2
-0.045997485057195961,-0.99560570424113692,-0.081569069204709868,0.99349755503838977,-0.054107323860311196,0.10017487528026804,-0.10414816129512271,-0.076430878492825899,0.99162063376659348,11.724833123472596,-17.708076668141899,-1.8054286252993972,,0.2996585185900694,0.6666666666666666,1,5
0.97981642501114274,-0.19401685073995079,-0.048137666201581594,0.19853258080715597,0.9725926458175741,0.12103040799576131,0.023336401531370499,-0.12814447678508031,0.9914809153145836,13.280980155396609,-1.7226123871436878,-3.7236010559379742,,0.08112137508177461,0.2,0,2
0.50743019249607857,-0.85730245382022063,-0.086874060669575398,0.85895685303596903,0.49521412748048299,0.13021556192056583,-0.068612858604909649,-0.14069637741453214,0.98767241786763005,6.9664008015455048,21.755149595500509,-6.7476058631438098,,0.07862591895322715,0.2307692307692308,0,1
-0.35525066873398004,0.93435865253506845,0.027764560088543055,-0.93115872431703683,-0.35633039092167473,0.077279250991934167,0.082099893375861877,0.0016002932408742214,0.99662282061430585,-7.6012774029718013,20.496381945379284,-6.6665529581109499,,0.06814066611870577,0.1666666666666667,0,1
0.95423575218515366,-0.28503926221446108,-0.090480651234776818,0.29889944016770337,0.91880812063049333,0.25778045335303079,0.0096568068773912,-0.27302794080404325,0.96195763400538437,-7.5826319624843315,2.2788207329362282,-4.4881656951673268,,0.1892707991312634,0.2967032967032967,0,2
0.8513588455423039,-0.51863288485414072,-0.078791159813440509,0.52416052007420366,0.83498978989340134,0.167474774128267,-0.021068111268356629,-0.1838803456643622,0.98272282621598839,1.1695379176935587,-20.090672233443634,-1.7024922754780971,,0.1540678599662388,0.32,0,5
-0.99078900142786375,-0.12839890705342083,-0.043021800486066381,0.12865792698554696,-0.99168355747003378,-0.0032954009406106883,-0.04224088627571114,-0.0088001426729752211,0.99906869884686977,18.301887252454488,1.8643662618715753,-4.1476706784704822,,0.1363210042450354,0.25,1,5
0.71745708588875334,0.69660224202091436,0.00080393995571400169,-0.68911459194697533,0.70957556274528044,0.14704965120826119,0.10186466057357908,-0.10605582099136848,0.98912878522469239,1.1093994442272785,8.8622043759392568,-5.1788835617205713,,0.09706870859212686,0.3333333333333333,0,5
0.64569640164350217,-0.75968940023492704,-0.077124393516778592,0.7617461391855197,0.63381687474194581,0.13423482680850332,-0.053094033003618597,-0.14542415364392006,0.98794374293092324,-19.606363590301388,8.3254352138038623,-5.4238720539837502,,0.07591057295463516,0.28,0,1
-0.10750010726525619,0.98630605393074133,0.1250763563489431,-0.99029609835736798,-0.11737171372660916,0.074414503929363635,0.088075902017139773,-0.11586306053461673,0.98935250880938264,3.3102314148151941,-10.491189268002579,-2.8084032688688785,,0.1092729888304034,0.3809523809523809,0,4
-0.50897279824386887,0.85832735916922842,0.064967954788373333,-0.85607661625271347,-0.51262779375012524,0.065920954029678638,0.089886137713831873,-0.022065574464698954,0.99570758391730296,12.996645679883658,9.1037479439661144,-5.1535847235558343,,0.1771702950048657,0.4,0,6
-0.93626078051646833,0.35125412611301737,-0.0060240978803979576,-0.35130524650246875,-0.93615157491265022,0.014312671602555643,-0.00061208376206422534,0.015516690276712842,0.99987942156858267,-6.2540797542967033,-14.385020257778208,-2.5359456673447425,,0.06599927129610259,0.3333333333333333,0,4
-0.76506360361460879,-0.63017668902521606,-0.13249536985662635,0.63455009410037699,-0.77279583310470257,0.011522951584144354,-0.10965336520796128,-0.075259158547144447,0.991116642254253,10.168299095345786,20.538469008899405,-6.5749486579597836,0.5326050403600252,0.5436347089685536,0.5263157894736842,1,5
-0.057558519946634239,0.9805423172886587,0.18767999570475966,-0.99361444006102995,-0.074538163057331935,0.08470186981550773,0.097043089830021051,-0.1816062395795483,0.97857131189403734,-7.6880477370989091,-12.219082188916444,-2.8137151220472405,,0.2019718185093617,0.2,0,3
-0.99734268574447127,0.066769857801931912,-0.029143666226382703,-0.065053088335716547,-0.99629011945190371,-0.056339094601322866,-0.032797300041169167,-0.054293498428643727,0.99798624897259425,5.9969055663211224,-4.0478373365301143,-3.5125544947941658,1.014151975147213,0.5222337891518968,0.28,1,1
-0.50430277253672151,0.85626613504273563,0.11174533364196244,-0.86094661766118807,-0.50856454510568039,0.011533646397151936,0.066705585594745931,-0.090390317182926574,0.99366994289353172,-10.016090143233352,17.350461993766977,-6.3284103701236409,,0.1744372421591706,0.2916666666666667,0,4
-0.17525441146398013,0.98437640744293919,0.016999403876225644,-0.97964341520344045,-0.17607677040595995,0.096414469722895815,0.097901329464692557,0.00024370707816952016,0.99519609640306916,5.0984374445675682,-21.773827133980703,-1.4526412006491063,0.3476602770464011,0.1672960690030784,0.6333333333333333,1,5
-0.90327633919714811,-0.40617428200404554,-0.13825450330856318,0.41243537145644849,-0.91079233089684664,-0.018825364566752652,-0.1182747623890269,-0.074025553817502046,0.99021780329573583,-21.437134296946514,10.972573592719051,-5.769053245902362,,0.392419655441349,0.5569620253164557,0,2
-0.81004204865172291,0.5861026019759098,-0.017765679643298102,-0.58560586164228579,-0.80706449862877727,0.075582205996363741,0.029960878263430139,0.071628451122085421,0.99698129910421884,-16.181887396714242,2.7941454553925196,-4.6955032169606765,,0.06998302915246776,0.1666666666666667,0,5
-0.65136994087177202,-0.75449052006396922,-0.080381933681050316,0.75223862144234055,-0.65599727200523728,0.061681727701268944,-0.099268608025049485,-0.02028877165545865,0.99485381298233055,14.685998485593034,16.762247026724491,-6.096720734959356,0.4692088421967044,0.3303697440227331,0.6153846153846154,1,5
0.20390669923081461,0.97878375258538319,-0.020110288005646664,-0.97319492606779712,0.20488869041729152,0.10446176532580195,0.10636584924067356,-0.0017292235145508342,0.99432555830640723,-6.4123810592069068,17.52058112094203,-6.3007683669738022,,0.3091441635443809,0.9108910891089109,1,5
-0.73599864734459841,0.67406625551140864,0.062774790224645174,-0.67540135721797534,-0.73745033894435963,-6.5260740454858488e-05,0.046249300265375416,-0.042446210333498616,0.99802771577410931,18.713179545291094,-7.8357191667602528,-2.9704768326378468,,0.3072541745675281,0.25,0,4
-0.70669879996530605,0.70748654388407306,-0.0062925631157901901,-0.70580048541209017,-0.70434014127696964,0.075832975531733779,0.049218704977421882,0.058032366907685574,0.99710067870372943,-7.4556315924569558,5.8730635665504378,-4.917002959344968,,0.4323064137452749,0.9018567639257294,1,4
-0.3882373855134309,0.9175972386304192,0.085364161962297777,-0.91778956573147596,-0.39335679087042552,0.05415485306553184,0.083270916436200812,-0.057321398569382592,0.99487698322050144,-10.737048127608375,18.150725584028407,-6.442594661254609,,0.1285310260262796,0.25,0,6
0.88868246327126721,-0.4510368090043797,-0.082518339763098941,0.45843405853486457,0.87045553238705131,0.17929132748693222,-0.0090384428616812427,-0.19716227595541883,0.98032920159032033,-1.4662893636454641,17.192623419763802,-6.1895572223582134,,0.2634212102350577,0.7578125,1,5
-0.4795105654692885,0.87670141962845838,0.038265368478136053,-0.87451259973928308,-0.48102054414418077,0.062023777766880284,0.072782762386174607,-0.003722490118258137,0.9973408707993251,-9.8097787614248926,4.2136009942701254,-4.7486309176174304,,0.09426562230344221,0.3121387283236994,0,5
0.95702617498287801,0.28941443408021067,-0.018444124909388331,-0.28280997791248202,0.94547984268205276,0.16151279662943824,0.064182682950957637,-0.14935579141081959,0.98669824707519627,4.3459801058449701,5.5286822181653719,-4.7124530416025951,,0.09671896527784733,0.3111111111111111,0,5
0.95946469619396269,0.28030367009397816,-0.029280527476006606,-0.27440980311914231,0.95283317242262167,0.12964646344253314,0.064239837402817926,-0.11635634087959612,0.99112786522606211,9.460361648585728,-4.9807046048577783,-3.3951322364481573,,0.2229571574239698,0.7651515151515151,1,5
-0.69734307446472821,-0.683447588586923,-0.215898193949835,0.7094141556000968,-0.70111003324869592,-0.07194634884561045,-0.10219683131233612,-0.20333252305701796,0.97376162007802813,-1.0205295387249917,12.18873821754635,-5.5889352829817653,,0.5230908366367514,0.4299065420560748,0,5
-0.60366534908381531,0.79698018778584578,-0.020266390708597998,-0.79497471952495546,-0.59984315923953502,0.090572510342556811,0.060027840472018215,0.070786754342687871,0.99568363136987181,-9.0911252837828993,2.4883759186880363,-4.5253434317552541,,0.2129021337779095,0.789712556732224,1,5
-0.60086671472590369,0.79661920596519398,0.066007816369598113,-0.79720332376373571,-0.60325372327188842,0.023490549986230735,0.05853248426772404,-0.038506961006898904,0.99754256161803023,-17.642909524296439,-0.75783304192768208,-4.3076178395035907,,0.6053108926138804,0.275,0,1
-0.91909631642739964,0.39345856739816548,-0.021267742488773212,-0.39401461232083884,-0.91719322543364867,0.059237424794461598,0.0038008429650152721,0.062824700234888134,0.99801733984593299,8.5722984895322902,5.8419182550678039,-4.7135713539787449,,0.07817317653475024,0.1702127659574468,0,5
-0.13627502098493555,0.98966713952607244,0.044587796512453072,-0.98615068709529519,-0.1398103874266822,0.089218147868456055,0.094530106299697214,-0.031812081193809898,0.99501359311975557,6.9989044443717878,-8.9969894851478127,-2.9290638273611416,,0.1480019240680523,0.2916666666666667,1,5
-0.045411991569628905,-0.99284441861355588,-0.11044324990503927,0.99291017353116573,-0.057017215981722769,0.10429968542618412,-0.10985052717209573,-0.10492376999326981,0.98839458930652269,-17.730585509728787,13.52814623783029,-5.9714730246705008,,0.1523112709488771,0.3043478260869565,1,5
0.62071456250684076,0.77511802550145104,0.11792149267488881,-0.77992358975137577,0.59504897630743159,0.19399976789884635,0.080203653540656575,-0.2123882349336009,0.97388839792890081,-12.776044788400558,21.197790472438378,-6.7825751201727202,,0.5528487836909612,0.4565217391304348,0,4
0.8516292231589756,0.5156401769796245,0.094036557497925916,-0.51409401367982532,0.78678014237077798,0.34159091420818766,0.10215190336066567,-0.33925243618202577,0.935132489642165,3.6608619013903523,17.098395508728419,-6.1678929162759966,,0.4255283124094681,0.1,0,4
-0.24478758617788759,0.96957218425128733,0.0029693735687052049,-0.96505422074500358,-0.24394010575961825,0.095726568016617816,0.093538166945141346,0.020567069022433632,0.99540323838953304,8.6342892962124846,14.584173294444824,-5.8832297482064178,,0.08554472899091006,0.3333333333333333,0,5
-0.41892485003316132,-0.90536955752716042,-0.069339269737768078,0.90143549105593934,-0.42385246683182504,0.088108693244843037,-0.10916054914405018,-0.02559395756131155,0.99369458278030243,-5.4722570871448646,12.341617825615053,-5.6605058777908859,,0.08472450666772635,0.22,0,5
-0.23356990352560444,0.97231627637967533,0.0067940307773150894,-0.96812112799862748,-0.23320098367907466,0.091426378763338326,0.090479730822462717,0.014777005727656617,0.99578866152011414,-7.6968538950148702,8.3683622029044233,-5.2196688906106514,,0.1233914392672946,0.5850340136054422,1,5
-0.11491258429821573,0.99242455578872146,0.043458014651663122,-0.98994351959543736,-0.1180393711574582,0.077964959230087796,0.082504096752239561,-0.034061825029063103,0.99600846687906563,-15.540581757701013,7.3374323023107646,-5.2412368463863883,,0.2871163924531371,0.2222222222222222,1,5
0.15444472802513032,0.97064755587530349,0.18436417292560636,-0.98212921870666048,0.13051547311166317,0.13560202447265718,0.10755939637190182,-0.20201245890226208,0.9734587524391437,-21.782008328574662,20.646633809772865,-6.8595476197286009,,0.3594609428826345,0.3636363636363636,0,1
0.43683470390088008,-0.89531709909918156,-0.087078892554150286,0.89667122753996276,0.42566826149919718,0.12160279953285535,-0.071806344913294809,-0.13120146040680342,0.98875175125878589,7.4948890113329316,-16.378931715156586,-2.0258295758205493,,0.1545424658334543,0.2857142857142857,1,5
-0.97807537120152266,-0.20081357327200913,-0.055158653344046488,0.20433937177859582,-0.97652364078059395,-0.068168908878900814,-0.040174486806056932,-0.077945415428609624,0.99614784185056049,13.269526810047473,10.262259383225643,-5.2935624437224309,,0.1172254897511076,0.2,0,5
0.14826881859110816,-0.9803314845749711,-0.13025566315762083,0.98497330452977438,0.13459099143110792,0.10822594138786321,-0.088566058946387055,-0.14434488344456783,0.98555598918888465,3.5069453182171828,-15.850170043707749,-2.1658778612756646,,0.4026974567339633,0.6727272727272727,1,5
-0.5484426850731553,-0.83303107802040743,-0.072593692852091829,0.8291919382637305,-0.55300736392191696,0.081385410035023475,-0.10794142257810123,-0.01555887207635997,0.99403549775223121,4.0560677355217321,-24.928264017896556,-1.1129923660353249,,0.3212346543812335,0.68,1,5
-0.53510392506328119,0.83890486181546031,0.099510915000580957,-0.84212444588447022,-0.53904776820197731,0.015934906345520212,0.067009007048630789,-0.075273743223317341,0.99490886846761306,9.0189792177618227,-7.5031904177572102,-3.0815027311330954,,0.1358274608730266,0.25,1,5
-0.91417512841268023,0.40531839702514044,0.00091193455355423889,-0.40526828608004295,-0.91409321707407043,0.013827754587081468,0.006438236513512296,0.012271411171768148,0.99990397617893767,-21.036266684455626,16.217918722751993,-6.3648599600170037,,0.1786939188911568,0.1538461538461539,0,2
-0.95941343745727869,-0.27234932065185985,-0.073155338608192913,0.27751323075953643,-0.95792382756823702,-0.073269006615505519,-0.05012247779004101,-0.090596843860529713,0.99462553209873827,10.342107715737795,15.490264097832126,-5.9726275906314621,,0.4112805868211392,0.7027027027027027,0,5
-0.90104812919626032,0.43290561203549466,-0.026551834966591234,-0.43364525016207939,-0.89807515398792181,0.073571834294368241,0.0080041166774941636,0.077805840768827475,0.99693639980616078,5.304887788324514,2.1885849840078713,-4.2809572727817047,0.1060868297668445,0.1341736731240639,0.3980582524271845,1,5
-0.7810051004228179,0.62245153821518262,0.050844032954676245,-0.62270655706253375,-0.78235404926540819,0.012597038911721059,0.047619081310632111,-0.021822561068101709,0.99862715711298378,-4.3599287893609127,15.408032638137286,-6.0115969875531405,,0.1766104276886064,0.32,0,5
0.91990808860421536,0.39201662557567518,0.0095955089912830582,-0.38574384204607515,0.90024674935669957,0.20188481517001333,0.070503878220091867,-0.18941688294594725,0.97936226576837737,3.3780960393041246,-14.319144800687999,-2.3497068200994407,,0.1644100034231065,0.3170731707317073,0,5
0.49683402032393914,-0.86451068496201278,-0.076008103747309291,0.86490844391545862,0.48605023917020906,0.12525393664999768,-0.071339609562224376,-0.12797046764426845,0.98920888568512977,11.876754031197711,11.290323257606156,-5.4513592511476672,,0.08437075919103428,0.4090909090909091,0,5
-0.18512227556619412,-0.98091540814462586,-0.059453386393503463,0.97711056188011969,-0.19018157064442057,0.095320092580406232,-0.10480788592233888,-0.040446659338966955,0.99366965073751101,0.63207491140098215,4.2697909814047801,-4.6045876709618501,,0.1208391579024242,0.5596330275229358,1,4
-0.53216914060056175,-0.78572788773270663,-0.31532156956281499,0.84008479875568365,-0.53630984785669755,-0.081420378232646098,-0.10513580119103329,-0.30822627002094394,0.94548560527217695,-20.929800144608468,7.2053415262877891,-5.308793573646061,,0.5221863500092236,0.3174603174603174,0,2
-0.28111318160039639,0.95848477821786893,0.047773518345885987,-0.95566594856792186,-0.28413715911949522,0.077257165074033962,0.087624048515669892,-0.023937517251059439,0.99586596557447371,-7.5002698802645336,13.788484174676636,-5.9070061256039894,,0.08341536388519091,0.2307692307692308,0,5
-0.99010782754758364,0.13792446044699216,-0.025755252656669815,-0.13555724627927376,-0.98769005457502212,-0.078055038753234676,-0.036203906007268673,-0.073791593721742599,0.99661631427837916,4.9032634092742651,-5.0550231726024277,-3.4299281458953157,,0.3095150119159969,0.253968253968254,1,4
-0.5760110081119334,0.81743151118666535,-0.004128323262233541,-0.81572963999600823,-0.57447039521880039,0.067593782621902035,0.052881688379398092,0.042302358518629603,0.99770438382213456,1.3580135491619807,2.9867545718513422,-4.449488409931762,,0.08249767994857801,0.3725490196078431,0,8
0.35845038349903868,-0.92605164524134087,-0.11807486148710172,0.92935530456830684,0.3419997979306128,0.13904983310371161,-0.088385747946952073,-0.15957596486070885,0.98322096753406996,18.588112818267675,-3.0502835268251651,-3.5361204200990541,,0.1104342291383227,0.35,0,3
-0.50342070502967506,0.84089431240529899,0.1986563593541473,-0.86141511137181037,-0.5063578129048617,-0.039569827021315618,0.067317157157122498,-0.19104586013474423,0.9792700749423825,2.1600304021437076,17.133183600709994,-6.1678569009199125,,0.2835741421198208,0.1666666666666667,0,3
0.96793245750899648,0.25012804919142401,-0.023296280996901397,-0.24318237312264684,0.95621853349266039,0.16281415665593382,0.063000723035785647,-0.15192786187147433,0.98638168762610878,-10.575932107441931,9.5202053761096384,-5.4131206422686962,,0.2128783419351092,0.1724137931034483,0,2
-0.9994404216492635,0.0085687317365935548,-0.032332961664053764,-0.0061559008960727028,-0.99723928614103829,-0.073999399058847559,-0.032877780607890927,-0.073758952089486282,0.99673400088938535,-7.856255796885339,4.4897414506725033,-4.7557063830808897,,0.08478547200613999,0.2876712328767123,0,5
0.91788427120786442,-0.39396082910571339,-0.047784200312925212,0.39682078166403478,0.90972874211518895,0.12217562362869223,-0.0046617495376095148,-0.13110484697315436,0.99135754760398842,2.140632493732304,15.005499864807387,-5.9317036608465354,,0.09927122405896401,0.6,1,5
-0.9989983967184195,0.0063337818004840767,-0.044295446291133272,-0.0073579097249936278,-0.99970848708542814,0.022995695550314915,-0.044136883878516636,0.023298584881227949,0.99875377917884567,10.735193156226023,7.5485158402333301,-4.9674184398983652,0.05995718452314237,0.1425991224325336,0.7169811320754716,1,5
0.18168195062558751,0.98217004263311691,0.048308137730010636,-0.97673267512059558,0.17454742105377641,0.12460529344790808,0.11395152552136001,-0.069822669367017212,0.99102968909807043,-4.8850475253485222,-10.91684025736655,-2.8977632085365408,0.09653906285277689,0.2087303891356462,0.2380952380952381,1,7
-0.95861958102863332,0.28400337379293089,-0.019763161253179472,-0.2846031424422259,-0.95773103013192118,0.041860783968510194,-0.0070391889089969151,0.045753224986670733,0.99892797148884649,-5.2637885134462943,1.700551981927074,-4.3876965945802739,,0.268876181839731,0.4712507409602845,1,5
-0.94621051714138382,0.3211617932354176,0.039252513509910214,-0.32352597035980379,-0.93761921398223047,-0.12728376202050226,-0.004074770396265746,-0.13313644180747528,0.99108934214280753,-20.336475402521039,1.0234773949853768,-4.5924912863360392,,0.2469197195690225,0.3918918918918919,1,1
0.6521212053109815,0.75419198186266145,0.077021997363249314,-0.74911223595518794,0.62543269486005548,0.21832270184822269,0.1164851558181208,-0.2000709841385313,0.97283236468564749,3.809653192850333,8.1216757865258149,-5.0448543152736427,0.1336486161096006,0.2657527646576683,0.3225806451612903,1,3
0.64013481987118293,0.76743361681036504,0.035679912806079059,-0.7608435842209621,0.62683040030286274,0.16793060949675626,0.10651034099225896,-0.1346450632051327,0.98515290905330943,14.055550792640442,11.570929145502744,-5.4305616415043056,,0.09589857435991514,0.1764705882352941,0,4
-0.15761152804697454,0.98732211884760723,-0.018805314700111819,-0.98292601508353539,-0.15502184627411142,0.099119503881770946,0.094947643987096625,0.034106609506636638,0.99489782595463705,-0.68026307495912386,-9.7133955174414535,-2.9479669524084899,,0.06923127520505264,0.1794871794871795,0,5
0.30505536380683074,0.95129759255337065,0.044431018611361159,-0.94643732759580046,0.29765213758132325,0.12513828321735843,0.10581875989634773,-0.080225279029929486,0.99114393236228282,-11.344186861729629,5.3627258119477581,-4.9207194260864719,,0.4624998645715671,0.7103448275862069,1,6
-0.62651498724090371,-0.77587319389167209,-0.074160351690541998,0.77227585478913663,-0.63080816874765344,0.075306429678609135,-0.10520919575891388,-0.010091642164024519,0.99439890581506329,-2.5482992056072615,18.693188822221281,-6.4103273431259229,0.7727244746017251,0.552877870651629,0.45,1,5
-0.26474216367706704,-0.95190465687760906,-0.15423719067172545,0.95599614215273498,-0.28004722587654712,0.087435275878433388,-0.12642374365866801,-0.12430235514088768,0.9841574881825349,10.690850006435012,-10.422062877691268,-2.7228564051245154,,0.2317094260992533,0.3571428571428572,0,6
0.12187263612189103,0.99250883106653498,0.0085604216976553713,-0.98644167015664086,0.12016357521336445,0.11177453453501533,0.10990856173782977,-0.022066613851759984,0.99369672063957215,-6.5283237986766043,-20.927618924197326,-1.7927246399710923,,0.1068430385419987,0.3571428571428572,0,3
0.995286085458016,0.088034413279159174,-0.04068845256646466,-0.08185641085443425,0.98754441559075612,0.13437096128830228,0.052010922849813838,-0.13040693736955328,0.99009539671195568,-17.175118623963012,16.572565647168481,-6.3372416156491544,,0.1218482398803815,0.6521739130434783,1,4
-0.99915491309090942,0.021942498857489799,-0.034756098604212346,-0.022628722392194184,-0.99955422959855189,0.019475189717743834,-0.034313271036053784,0.020245217596611752,0.99920605011942976,-19.657643482071784,3.4907653411089821,-4.8616863004022628,,0.1210298557030843,0.4516129032258064,1,4
-0.59370715673419938,-0.79700631940283895,-0.11087262454966518,0.79806294032363401,-0.60084322543171698,0.045639475619306945,-0.10299201582932006,-0.06138684944472559,0.99278612973321856,0.71633770435232069,19.034400298861236,-6.4025428525261914,,0.08349101307631177,0.3125,0,5
0.94118728507378524,-0.3170678572208131,-0.11676672613736916,0.33787684972170956,0.8856256005886004,0.31860089454396406,0.0023934990224832812,-0.33931588453752481,0.94066944335560676,7.0359357886681622,12.67521650715803,-5.6588159404275995,,0.4227015668746824,0.1176470588235294,0,1
0.65502428655591161,0.75388654889065132,0.050973085286866442,-0.75108553392410193,0.64225124206285833,0.15291783021826608,0.082545167949829232,-0.13845003961884264,0.98692344271360555,-6.4036343368700894,-13.054822465295446,-2.7038604956401464,,0.4396997782868719,0.2545454545454545,1,5
-0.55939047420477506,-0.81028053157497304,-0.17472194344023934,0.82112068543545114,-0.57050603264301181,0.016843000562365335,-0.11332747821675868,-0.13404598788665081,0.98447374561870393,2.9476927254790288,13.790055822559955,-5.7782148844645125,,0.1239925871644198,0.3529411764705883,1,5
-0.83676517965655539,-0.5349739700537095,-0.11673425152587164,0.53930771066121042,-0.84208213956832589,-0.0066980177213106316,-0.094716563153953409,-0.068560349948083063,0.99314059985447178,1.9242610140182352,24.373899063917428,-7.0750648400016134,,0.2417975691793153,0.2173913043478261,1,5
0.50471211867184507,0.86037227000285288,0.070888886829415493,-0.85722861822628338,0.48976539726777052,0.15902500348372209,0.10210177941462291,-0.14102982893444624,0.98472626348193193,-7.6111239698693307,14.90077997606522,-6.0242012266722336,,0.1562746946160609,0.5384615384615384,1,5
-0.97158650550595749,-0.22863019371107551,-0.061220068950937234,0.22795418460705641,-0.97350727600396869,0.017901767718968051,-0.063691067182560415,0.0034377450411528358,0.99796374176128178,9.9477921431493428,11.151351245849662,-5.431877560654927,,0.07647653497625743,0.5,0,5
0.87514511449793186,-0.47614867668007599,-0.086043397574795108,0.48361933597881013,0.85515324303621998,0.18661529624350354,-0.015276335876663714,-0.20492771559856957,0.97865788963341804,-2.3998972302664057,-27.607141857128227,-0.9229466293902352,,0.1411257426717269,0.1428571428571428,0,1
-0.60070912334210447,0.79936885997765139,-0.012568803904480945,-0.79766939959031424,-0.59822997796353661,0.076448822247127596,0.053591772603514866,0.055949255256664138,0.99699428420901026,-11.951811007764892,10.18746473201695,-5.5125939494567149,,0.1302369500676181,0.421875,1,5
0.32746164002550388,0.9150422405695412,0.23551342272847281,-0.94078299771065155,0.29261349895019267,0.17118613101149721,0.087728134200877148,-0.27762391504623446,0.95667587837471579,1.7130596183838809,15.985570898024879,-6.0498416150554775,,0.2584334884321939,0.2173913043478261,0,3
0.98146086608851779,0.19135368514703308,-0.010878212970251461,-0.17765925079881897,0.92958235637905295,0.3229765213051396,0.071914942413787222,-0.3150562011600741,0.94634445693320601,25.407951750629532,9.3841279123299355,-5.1127861983021372,,0.4919706307305041,0.4565217391304348,0,3
-0.98328093454341692,0.18204785066387466,0.0041453385977042942,-0.18098106630976038,-0.97449821184647889,-0.13266155714975766,-0.020111126293875122,-0.13119380769182623,0.99115272658784204,-4.549041277142317,-16.67945106591899,-2.1936184001866645,,0.2574151805175715,0.1724137931034483,0,2
-0.9240816465559083,-0.37726351339647257,-0.061199280700607268,0.37305834733430882,-0.92515495895588307,0.070112562380314811,-0.083069729641526771,0.041958829572438121,0.99566002060853886,22.101200565136288,-4.51210496109708,-3.3573086826824383,0.5281786696055361,0.4652797717996854,0.8315789473684211,1,5
0.51279852093233136,0.85850711126122692,-0.001793556108421618,-0.85160317504592009,0.50893693218959568,0.12551984426833965,0.10867248585230151,-0.062838992411906366,0.99208948782422623,-4.835350395544511,11.483197659425946,-5.5372361180230882,,0.09143064719594834,0.2586206896551724,1,5
0.67992038941852295,0.7208796042978205,0.13431626915746903,-0.72918839117276846,0.64534493116543179,0.22762734896745931,0.077411589777199502,-0.25271033996752446,0.96444021579446038,-14.096102049697361,21.962304249228158,-6.8944223665415247,,0.4858203078953955,0.4347826086956522,0,4
0.92488557072920408,0.38017460460368718,-0.0073451393004644906,-0.37291800846149248,0.91066720613228735,0.1778128191113536,0.074288895684532313,-0.16171737596697164,0.98403691510447355,3.1447069743352833,6.9127254892156111,-4.8986581980381487,,0.0788663233384122,0.3013698630136986,0,3
-0.84203946030989629,0.53930832041688415,-0.010774173292638259,-0.53887975974749092,-0.84014432552470564,0.061368695791305397,0.02404478769935374,0.057480847399447678,0.99805701258331758,-17.625275597620185,11.053646176898228,-5.7138851059144979,,0.1279274823518577,0.4193548387096774,0,4
0.060699028124322658,0.98843384063382478,0.13897543191021583,-0.99347014813458689,0.046350131746558824,0.10425320164158061,0.09660586291838659,-0.14439601094540316,0.98479292202617441,5.0857023264122594,15.227393209037727,-5.9509662109198844,,0.1352516357730688,0.3461538461538461,1,5
0.12736793982937966,0.99168215622268152,-0.018544781830790832,-0.9861563616964667,0.12861540319385564,0.10465996534907016,0.10617456469986632,0.0049577304095820935,0.99433514607499385,4.6070218741219655,3.3642433933887967,-4.4214975270079933,,0.2974813780455437,0.9392523364485982,1,5
0.93979580169305676,0.34022594358438757,-0.032096081259525143,-0.33310229446659112,0.93298075208882625,0.13634433487630071,0.076332906018290972,-0.11744455519044565,0.99014143631853002,2.2880939083258007,-21.651626466790223,-1.5001645598899815,,0.1778835505869672,0.7037037037037037,1,5
0.8274145790328421,0.56158936696500195,0.0015802897686295423,-0.5514394080037438,0.81192112600068078,0.19156895482897865,0.10630001742420016,-0.15937838017006833,0.98147788473810271,-8.8109566722299597,21.92798685581807,-6.8516444555322789,,0.1850691677579106,0.8333333333333334,0,4
-0.45464406375800248,-0.87738137958245366,-0.15329934785118937,0.88557753608804024,-0.46368168134187315,0.027417621417792575,-0.095137809864664427,-0.12329319993399614,0.98779936423556736,7.7645827895362816,14.161949389370243,-5.8131887079425768,,0.1469662771683201,0.3809523809523809,1,6
-0.90250265076392511,-0.42746451177318334,-0.052564784205810483,0.42370198265365366,-0.9031213200803393,0.069631250970444467,-0.077237266001926749,0.040570585291070861,0.99618694648629524,3.2611090568971681,3.9842387994212243,-4.538258384882714,,0.08756868927969388,0.36,0,4
0.87687432567319212,-0.47128556058027427,-0.094769918031636091,0.48065447579285803,0.85630197271564057,0.18899260944173799,-0.0079178201216887987,-0.21127435223386892,0.97739472896710566,-8.3256458799061015,6.8997242726245371,-5.0568549390070814,,0.09585085237189035,0.3228346456692913,0,5
0.74871672941187972,0.66272932737613943,0.014597867458845936,-0.65278575830426433,0.73329505236918768,0.19012921902220981,0.11529966545442699,-0.15188220701069194,0.98165053982548067,0.45780283111556913,-5.9945618870044397,-3.3831202472028679,,0.160688647025286,0.2016129032258064,0,9
0.9525027719571999,0.30337669484817908,-0.026477357059299596,-0.29720380656507356,0.94502436359713193,0.1363775992275375,0.066395532809678512,-0.12203086999129106,0.99030303442536649,3.0568490192293729,-9.4958269321471143,-2.9209709736949634,,0.08515618887767054,0.34,0,5
-0.156344555184981,0.9871794382517679,0.032142444787748595,-0.98311268303237243,-0.15866924465169299,0.091178524130137273,0.095109581667145018,-0.017344379336954093,0.99531569865069247,-19.223025322987755,6.8883145885842305,-5.2296430108640539,,0.09254858884619885,0.3636363636363636,0,2
-0.83696950742238096,-0.51932825331201637,-0.17256943227879068,0.52838827087686868,-0.84896667232427059,-0.007837377265709088,-0.14243552522066569,-0.097743309717557153,0.98496617533830511,15.161374323296442,10.432305149004485,-5.298646695950981,,0.2509140287253893,0.25,0,3
-0.92077318604854541,0.38464667688584381,0.064989797773864461,-0.39007529247279765,-0.90966370022460252,-0.1426647072542663,0.0042433543655769337,-0.15671275140958199,0.98763510847345193,-18.555542370617562,1.3024254476301735,-4.5900869370343207,,0.08410676370138483,0.2592592592592592,0,2
-0.993658988166923,-0.10113499195598782,-0.049127676895499482,0.10090094374827246,-0.99487022523957314,0.0072273426975844202,-0.049606600224105943,0.0022244850691012369,0.99876635750328657,2.1841862690829394,-6.8416146695793953,-3.2599996966136731,,0.3191612028213292,0.5777777777777777,0,4
-0.95180960581236129,-0.3039136479776155,-0.04116999946872045,0.30455256380538276,-0.95244194622785383,-0.010103214600587449,-0.03614152961462256,-0.022154765596487967,0.99910107406532178,8.3746299289943025,19.338214509599563,-6.4255745597063809,,0.1229108993673759,0.5,1,6
0.96960535023154359,0.24453495194007926,-0.0082536102421703113,-0.23986565740533516,0.95666373228439439,0.16510290648319845,0.048269360881131679,-0.15810490381818179,0.98624181020111479,7.4475326958320105,2.9360446475389246,-4.358738008664834,,0.1925092223098626,0.6164383561643836,1,5
-0.18304424395495328,0.98308650758670457,0.0059769018677977084,-0.97922439559448404,-0.18285803256607011,0.087650002844751412,0.08726045970299727,0.01019110038434525,0.99613340153082897,-12.261717712491714,15.774067543355731,-6.1572989930455213,,0.3471944697811699,0.8947368421052632,1,5
-0.89429346582924452,0.44628151037158353,-0.032741571061510842,-0.44739027578696589,-0.8902428025092739,0.085496746790133846,0.0090076693090017958,0.091107442510982004,0.99580032928932505,1.9189341807566891,7.1114446174371633,-4.9284270551721487,,0.06652620016442889,0.2950819672131147,0,5
0.05817227371028192,-0.99511940638828256,-0.079707926837980891,0.9951750749894368,0.051485567855530705,0.083521293227315149,-0.079009851861306962,-0.08418196559849625,0.99331306242132389,-7.5476083762338106,-15.765693300311108,-2.3943431567082292,,0.5808786415574063,0.8,1,4
-0.72482461714159629,0.68726002242224149,0.047988915029595389,-0.68756218802734259,-0.72601754753264036,0.012520314282912136,0.043445505873346835,-0.023920331412202601,0.9987693956887842,-5.6717819641367004,-8.2401697234454634,-3.2848110511283966,,0.3626088746224297,0.6678200692041523,1,5
0.50071037904868998,-0.86219803760360547,-0.076835280082842711,0.86317030273788098,0.49065917780564555,0.11912430359285706,-0.065008805436743394,-0.12596870717594791,0.98990188404109447,1.2513959188171073,19.950765826248666,-6.5370495819870049,,0.1494232417427674,0.75,1,5
-0.23487162391078356,-0.95875618136396279,-0.16006843841902188,0.96558997290452986,-0.24905045744453036,0.074899091268855356,-0.11167508454324766,-0.13696880792013569,0.98426024056099948,16.407762312291396,-3.0299355483161197,-3.5804302890558581,0.1039255541485639,0.1915621071482804,0.1052631578947368,1,6
-0.44970742327627788,0.89305604219098023,0.014633487499350008,-0.89034119936192047,-0.4495242627416981,0.072252930219550288,0.071104023578057785,0.019463882262175696,0.99727898559946448,-13.173630749392009,9.6632172650478907,-5.4666043565381521,,0.07843088944548755,0.3103448275862069,0,4
-0.95086466113066559,0.30907969058355694,-0.018059376557283867,-0.3096067686388399,-0.94928542976008368,0.05477975591611859,-0.00021219302758369022,0.057679439265533324,0.99833513273856767,-18.289594689368535,3.595697727783933,-4.8461607170389822,,0.1465783552016821,0.4193548387096774,1,5
-0.80944375153289772,0.58716120216163548,-0.0065219460631631863,-0.58644628021353595,-0.80779683199963082,0.059540227032368317,0.029691303913006398,0.052019235744696031,0.9982046010635709,1.9562741896988352,19.35562938750396,-6.4617864579276825,,0.08488110058710982,0.3333333333333333,0,5
0.9694475268754309,0.2445556263904719,-0.019079786054189696,-0.23550931990410121,0.94969312865933686,0.20644205389296813,0.068606507515084569,-0.19564127115208443,0.97827278411932672,-16.285603400523819,10.459260015310829,-5.6237289067190908,,0.1087389326056798,0.2916666666666667,0,3
0.98904050406341282,0.14336454402345711,-0.035291483943520059,-0.13717584071067287,0.98067879180744399,0.13947005422100936,0.054604670563144934,-0.13310039374861909,0.98959719842805383,-2.8509521670749676,3.0674648042496822,-4.5088430839595741,,0.1331051238792052,0.6009389671361502,1,5
-0.78568952564226668,-0.60568059920214301,-0.12586890420657465,0.61135671283201776,-0.79131075903429482,-0.008381665216357366,-0.09452480611596438,-0.08353618609143168,0.99201147505562581,4.0998219434778251,13.696114147823263,-5.7399539795651995,,0.2072627407589844,0.4939759036144578,1,5
-0.31742135523904863,0.93830771155127957,0.13719446665811988,-0.94402874735815279,-0.32636362376518863,0.047921907769314306,0.089740778911273147,-0.11430408359395842,0.98938423732852299,-11.921833563999954,12.202599765580503,-5.7764206456249303,,0.1056411727882018,0.3793103448275862,0,5
-0.6795037496923757,0.73349464185600388,-0.016132715906923011,-0.732359320654285,-0.6768091528286263,0.074694016481852532,0.043868891082353409,0.062569809140905625,0.99707599478639308,-8.2174312705377819,12.628931779612511,-5.7719755907125947,,0.1074345121841601,0.4576271186440678,1,5
0.18493207450579877,0.97895796903498367,0.086263681128746175,-0.97892801630880688,0.17576634001051214,0.10395254977639329,0.086602925497272401,-0.10367009492717467,0.99083421656355053,-4.5913711293203354,-15.239667121258158,-2.4116964357163777,,0.3064282674234369,0.3035714285714285,1,5
0.29386979487438381,0.95583099019487361,-0.0052594527830409753,-0.94967333298101653,0.29259208011039117,0.11185005713634649,0.10844862509601949,-0.027874591293219446,0.99371117678882015,-0.92792350300917126,-4.7757635995365275,-3.5604385926327553,,0.3567860099679283,0.9460067491563554,1,5
0.138982836071597,-0.96483256526052896,-0.2231185610617889,0.98560216040021353,0.11285997825979757,0.1259007812590153,-0.09629201779964959,-0.23740418345089381,0.96662666060278291,-18.230210918644577,4.8615071711510769,-4.9871613889444459,1.122115981176035,0.7459195400143257,0.4485981308411215,1,1
0.63591769342214977,0.7701464027691598,0.049831771936957606,-0.76565215144409704,0.6214655758591644,0.16600397890130111,0.096878636353320585,-0.14371867075561776,0.98486520574876668,8.8330745138514217,-5.9365796534579642,-3.2814231868609172,0.1679123614511867,0.1362764806278933,0.2419354838709677,1,5
-0.057756427003654992,0.99682224680103082,0.054859852554607111,-0.99324179196514883,-0.062916553678351153,0.097530764208512644,0.10067242836858964,-0.048856069794662227,0.99371935002322864,5.3871590976279711,5.4026489269208247,-4.7157091947581362,,0.08148473761619589,0.3934426229508197,1,5
-0.88212510086526119,0.47084852648852504,-0.01252882783969028,-0.47081656117721737,-0.88066871280146397,0.052482225694719109,0.013677431948705515,0.052194668273651865,0.99854326118555914,5.7817207181029699,-5.9548305840099323,-3.3279797814117331,,0.08604532284638275,0.3111111111111111,0,1
0.54836965589912878,-0.82837822475058676,-0.11436886485463377,0.83489773813056301,0.53461293923287723,0.13089985511548038,-0.047291514604007129,-0.16726781508661562,0.98477661968723107,30.121877696117508,8.4741362429333602,-4.9518937286382725,0.549077005273204,0.4169470679324054,0.7692307692307693,1,5
-0.055410594136051622,-0.93984368115002781,-0.33708088207410225,0.99295335956168129,-0.087288728120543863,0.080151754056093386,-0.1047534810527099,-0.33026433798619997,0.93805766094727727,14.387504684441039,-4.7832482649561392,-3.3525264799068388,,0.4576812472747023,0.2571428571428571,0,1
0.93517652006187657,-0.35085999228052706,-0.048395683091237623,0.35417381310399709,0.92545580026183993,0.13450825949767212,-0.0024055012646006725,-0.14292944965480914,0.98972995609157965,-3.6585956193550908,27.614334003023362,-7.5127111762824699,,0.4827873917394507,0.746268656716418,1,5
-0.67011365356214647,-0.72616767976586438,-0.15371464527836473,0.73599169308333101,-0.67690532715419216,-0.010742708346088464,-0.09624925465646153,-0.12033153756907719,0.98805688198824815,28.299292334891451,4.1421672118783155,-4.3295754005330469,0.5557726679988446,0.2844146704206598,0.4210526315789473,1,5
-0.6625168311081755,0.74766832621387314,0.045426010995093517,-0.74788126530859733,-0.66365034563597469,0.015550940089354735,0.041773933245417463,-0.023670503032180445,0.99884665779458415,-7.0762337945414577,-25.150112373240926,-1.3167763669510768,,0.2934277363617508,0.2,0,3
0.64436356555391439,-0.74674136199349905,-0.16484214774971967,0.76086101327750699,0.6044143742967869,0.23616473618588657,-0.076721013164399041,-0.27759791503452963,0.9576289906365153,-6.8525665154778119,11.312780535159403,-5.5573502856886359,,0.2964415953948228,0.44,0,4
0.27329447943704405,-0.92951780636194126,-0.24760205000225763,0.95863943867538004,0.24190845011229847,0.14996909141692699,-0.079501912715281398,-0.27834681499947311,0.95718467207444469,16.37556176888436,-11.36314627473678,-2.5197873154769335,,0.1613717901405609,0.1904761904761905,0,3
0.83854059145576698,-0.53404855110663974,-0.10789727309765963,0.53864970687631897,0.78283063729011915,0.31150070080499243,-0.081891206872702141,-0.31932481641871291,0.94410036111426621,13.909225480104446,13.624475878776066,-5.7838578979705657,,0.5605680227458654,0.1538461538461539,0,4
