axis_00,axis_01,axis_02,axis_10,axis_11,axis_12,axis_20,axis_21,axis_22,location_x,location_y,location_z,dbh,dbh_approximation,score,reconstructed,number_clusters
-0.30549345801956107,0.94432286818127775,0.12218047199588719,-0.94975683043053283,-0.31136764630689784,0.031814334565615873,0.068086049656306311,-0.10632266674227896,0.99199787317262489,-9.7562923041262692,5.1581156336460632,-2.3242071934006274,,0.1418716651095944,0.2903225806451613,0,5
-0.14708725900896344,-0.94479362237974873,-0.29279745447627054,0.97215468230582625,-0.19268107597988951,0.13337644705903259,-0.18242974512970461,-0.26502644032206601,0.94682647513793483,13.004629367700549,22.177188317853421,-2.3631553020031695,,0.4045071194283587,0.1818181818181818,0,2
-0.89925729327913473,-0.42625695137951847,-0.098190284065802103,0.42461114975702746,-0.90457193331619989,0.038144317513987773,-0.10507945558623426,-0.0073911336905407863,0.99443636254738232,-7.4960272221750195,-6.2321079736787697,-0.59275470499590233,,0.5725493214257313,0.6721991701244814,0,1
0.023825588259683141,-0.98335967451078465,-0.18010022734612022,0.99241683782909018,0.0015346281281307297,0.12290835980444312,-0.12058673781718345,-0.18166286208951046,0.97593926204454851,-42.403118082755064,11.264539017154412,-4.6150502089267276,,0.3295116361851269,0.4166666666666667,0,1
0.91616117305272271,0.40071949961126774,0.0085198369677125935,-0.38776469816909798,0.88076313277364238,0.27183605868351945,0.10142605111355581,-0.25234933441175667,0.96230586072072533,14.993110965371478,-3.4357217737179493,0.66277191867640217,0.3182337289700559,0.3161458891328289,0.35,1,5
-0.79914396276213395,-0.59531831947645453,-0.083456726970113457,0.58898195031007816,-0.80317940608962224,0.08946006842418236,-0.12028794199657231,0.022336967772119614,0.9924877182519577,2.3812927470133722,23.679485224029261,-3.2456339966923786,0.1876488256843147,0.1884206803918138,0.3809523809523809,1,5
-0.89260576869460528,0.44897295237739354,0.040966202248189976,-0.45054997797377899,-0.89159291062314605,-0.045462061923919092,0.016113939336494361,-0.059037020250632913,0.99812572915389064,18.350497629072454,-8.8435676487214128,1.827309119097434,,0.2704283037110959,0.2,0,4
0.987843769718172,0.15074844671219931,-0.037941961505046945,-0.1218762013634327,0.90257472930132943,0.41292257091112389,0.096492891811839121,-0.40327876691005093,0.90997547109210419,13.257330317773816,-10.048604118486425,1.5568400520633876,,0.6716724681887097,0.2857142857142857,0,3
0.97868343084015941,0.20352346178812536,-0.027512591675690756,-0.1896768624293966,0.94709763202773067,0.25889913724538827,0.078749159093132903,-0.24816179381452766,0.96551245151623044,7.2262836597501741,-7.2947323604572958,0.63887470776706956,,0.1563389281182321,0.4285714285714285,0,4
0.18281456733189505,-0.96121846131692112,-0.20648947574823634,0.97704760027225723,0.15426819979174183,0.14689897663100979,-0.10934724858666869,-0.22860531961558705,0.96735866516508728,3.5559016504617165,0.90180778966686292,-0.76710682634377925,,0.5060458489781172,0.4437689969604863,0,1
-0.53902899792673453,-0.83686781089117379,-0.095393954149695592,0.83215181326164267,-0.54663313488133214,0.093357246827265372,-0.13027317098873475,-0.029059988713367534,0.9910521772220261,-9.6272544384586727,-6.0097999178305423,-0.71616915619672095,,0.07959036019409087,0.2117647058823529,0,3
-0.73334714714969984,0.67891622901536874,-0.035703161581968478,-0.67863040243947814,-0.72786691575976448,0.098338852073839481,0.040776692512131382,0.096345767535059482,0.99451231989646649,-17.076814721473625,15.888328451836513,-3.8061014414643233,0.286777147157951,0.2425911108345759,0.75,1,5
0.73329712511863399,0.6778985894746633,0.052238191785411441,-0.66676876491913906,0.70196839951044043,0.2503193564568218,0.13302157877936016,-0.21838925906970175,0.96675301452958196,-22.866866701856235,8.2668892431646164,-3.3160349263217466,,0.2677753560504037,0.5081967213114754,0,5
0.42463619612337666,-0.88604925002925505,-0.18601297660234248,0.90247815077983984,0.39786090671052604,0.16504510376402873,-0.07223079888018645,-0.23795677219628078,0.9685862306780213,1.4254186209186646,-15.612576319367012,1.5031008801248873,,0.400012355523814,0.1111111111111111,0,3
-0.026051993484675632,0.99965610280142136,-0.0029949569864010932,-0.99392072588761582,-0.025581699199141484,0.10708486035440132,0.1069714180821747,0.0057665239061862241,0.99424537359523557,-1.1281542018012862,1.3705662743340818,-1.2391004587919274,0.3197874274520963,0.2550359022545619,0.4468412942989214,1,5
-0.9969441580491919,0.038133233016966188,-0.068177725624014918,-0.033820427844779483,-0.99741936692202016,-0.06333075989813107,-0.070416790554425013,-0.060831431255169557,0.99566109323376872,-0.66415426127563093,-14.063733314663414,1.048709858476613,,0.4409325433324828,0.3888888888888889,0,5
0.99767439352353382,0.047458503563223273,-0.048923357887502648,-0.028047780946832971,0.94003535033270402,0.33992184706021661,0.062121868061155501,-0.33775913098598875,0.93918030374586858,-13.09568447236054,21.35626511042657,-4.070956211798034,,0.1543599073440678,0.1904761904761905,0,1
-0.9543850162820342,-0.27647164962196313,-0.11275046630347486,0.28417280337053874,-0.95696452160856627,-0.058861890956856816,-0.091624551954537295,-0.088217522850045041,0.9918783242622714,5.6141424993193114,8.2199837333381147,-1.3884676809500425,,0.1077171625377909,0.1818181818181818,0,5
-0.74891042778467043,-0.62443545670948408,-0.2218412305217401,0.64936557987025956,-0.75827693196904711,-0.057796523454019796,-0.13212688914503187,-0.18734047840129836,0.97336839393789076,15.396308384519534,-7.0562008639039666,1.2580050285122437,,0.4387621154902877,0.25,0,4
-0.21342323407160657,0.9423826202605452,0.25761506203886125,-0.97123074496058881,-0.23317755650425886,0.048363903750668784,0.10564735302749868,-0.23988168786627578,0.96503648253561414,-13.290799830609506,5.1841449038617613,-2.609357303140118,,0.4712558236044017,0.4966139954853273,0,2
0.11561142587016957,0.99147564640362518,0.060083615044216346,-0.98666770141484439,0.10765423979505311,0.12205495335666762,0.11454625787434253,-0.073393509540452651,0.99070305720953611,7.948811714633524,25.37000872629859,-3.0728541602619397,0.7465602403097107,0.6776308483633122,0.3333333333333333,1,5
0.69586955791983507,0.71805751045309285,-0.012608332259303233,-0.70543320193860859,0.68671616712066608,0.17545627209577183,0.13464603953736284,-0.11320034230076086,0.98440648440565193,-5.9432809816446142,26.743462961968369,-4.1074265033332189,0.1742901300884688,0.1175727080650384,0.2307692307692308,1,4
0.58178515332179348,0.81272537488093177,-0.03167807442040798,-0.8023099357017579,0.57985137576948187,0.14167268294374494,0.1335095593902442,-0.05700742971654349,0.98940656481980871,-5.2197645122380347,-2.6850761662526348,-1.0034661652215531,0.4980388185462057,0.3893009102229529,0.8666085440278989,1,4
0.93385906476226055,-0.3443614172512261,-0.096552894674807849,0.35754989207586235,0.9050546768124903,0.23029135167517648,0.0080821926416543045,-0.24958214336880655,0.96831990162008819,-7.0139878398017608,-16.416857019518915,1.0377990006165798,0.84917199075312,0.5270728853596525,0.6635514018691588,1,4
-0.35251797088866521,-0.91345133481628038,-0.2033168441691276,0.92722208280198815,-0.37029964238977031,0.056012355872172431,-0.12645271592528501,-0.16877450568247365,0.97750952776264799,-10.186128197684347,2.6165020670025818,-2.0235373361732067,,0.2495895766622411,0.3333333333333333,0,4
-0.080807073824048697,-0.98068795251093199,-0.17810490341344654,0.99034432446973508,-0.099191226214857875,0.096846371292784394,-0.11264251333569268,-0.16855930838108954,0.97923410058448723,-17.860178013263571,15.256777470823776,-3.8070661179812673,,0.1416246250885795,0.3478260869565217,0,5
0.52282897349548574,-0.84750741011354902,-0.091548098157640034,0.84910489983679793,0.50828555784730878,0.14375903713155294,-0.075304273097863722,-0.15289532853058152,0.98536911102729796,3.1728832808798306,-11.530113791504894,0.96642665649012294,,0.09102843776595548,0.5,0,5
-0.0016676805079743682,0.99979169701205051,0.02034161811379687,-0.99477215410029041,-0.0037356227376382977,0.10205099974733393,0.10210573083030959,-0.020065086805849276,0.99457116991348682,-14.453520198175404,9.8510914715335893,-3.3884170809941101,0.7630922235428367,0.602321908031087,0.8407224958949097,1,5
0.27277547218366727,-0.91963126334237688,-0.28261613764659971,0.95650853984613426,0.22766949535847111,0.18236779892468907,-0.10336805587991878,-0.32007021162008131,0.94173781099469656,-1.9332006522579195,-12.761042995750596,0.76258017853914706,0.1251340066447919,0.1122422668452889,0.16,1,5
-0.9450486442735031,0.32461815888656897,-0.038808644370905677,-0.32651221938550368,-0.94316562135886228,0.061873914363838149,-0.016517583018285979,0.071145355490327217,0.99732918730145881,-7.763473596798427,-3.407867547462875,-1.0378105256930708,0.2600039298136432,0.2323155267340219,0.5424200278164116,1,3
-0.98645773923956548,-0.1462450064089284,-0.074253126498607921,0.14144983034689937,-0.98772893887284674,0.066207921036340475,-0.083024539680742679,0.054808223959305166,0.99503918736762698,-14.921050066890492,2.3263734876822872,-2.2700371851872219,,0.0775249393955042,0.3082191780821918,0,5
0.76048081089751152,-0.63151480665814441,-0.15118857505840139,0.64681755244288075,0.71610076986958204,0.26234851103826262,-0.057410714230574207,-0.29730243248873456,0.95305575572881196,-14.428016525040551,5.2710466854382085,-2.7424134037861263,0.4139522218016963,0.2512070408747789,0.7302325581395349,1,5
0.90116359214454822,0.43268375870753134,0.026247764549718215,-0.42275373396789845,0.86386751283274987,0.27388355315418023,0.095830374147939948,-0.2579102270614369,0.9614046256222113,1.1177912650371002,13.32467580830791,-2.2354700920517852,,0.2039576131084317,0.2407407407407407,0,5
0.72248419459727431,0.69136330511963096,0.0057765812715988634,-0.67953351956815489,0.70853182199395126,0.19030725946544325,0.12747856423902593,-0.14141936768346636,0.98170758278805437,17.185044758748596,-6.8199497847265,1.401102174413007,,0.1008319587843715,0.4117647058823529,0,3
0.78799436231350461,0.61474797331041353,-0.033908911407966251,-0.60376385305050795,0.78235157976004621,0.15295494564271603,0.12055743324962989,-0.10005465985000668,0.987651239218866,-34.259328567730364,6.7875053795407725,-3.6633284399125881,0.8223023990922096,0.9191866567476653,0.8676470588235294,1,1
-0.6719355201379491,-0.72072339694357723,-0.17047123474374254,0.72928284599390925,-0.68399493699001024,0.017246933381262788,-0.12903172988055867,-0.11273292008168885,0.98521170385551515,3.8004838868885069,13.641819628388699,-2.0694163791930964,,0.2167233747505698,0.1111111111111111,0,2
-0.87616852866901329,0.48020055081205609,-0.041667017769165614,-0.48188629363875601,-0.87075644208350633,0.097820338238926066,0.01069155615804504,0.10578586658846839,0.99433145432348058,-8.9253056738431962,13.210537463394955,-3.0964107472148301,0.4306158490346902,0.3676865154719637,0.8975609756097561,1,5
0.49480528055747031,-0.83103301067883639,-0.2540705994295912,0.86408741658351218,0.439451661987527,0.24542855025125365,-0.092307479840340406,-0.34097855055482457,0.93552817019427903,7.0152626515022147,-10.731768404408065,1.1422016407709077,0.7266564477292984,0.420411424254284,0.4166666666666667,1,4
-0.5653877652545195,0.8034037227746903,0.18675955968107411,-0.82203449709897447,-0.56745085348576874,-0.047526986623484271,0.067793513552081644,-0.18039397747719091,0.98125534516262491,-25.780020259095679,4.1821611072692741,-2.8526018462253462,,0.453088873647136,0.3442622950819672,0,1
-0.98216219663504656,-0.16349656736956122,-0.092877833520121952,0.16812431710337877,-0.98476758638699402,-0.044351040574689755,-0.08421183705123364,-0.059174937768499122,0.99468924455859642,3.555580823482511,18.734674014035416,-2.6416318551420259,,0.1127280024154636,0.25,0,3
-0.82551478895397856,0.56432743225687487,0.0077383732548544281,-0.56416602837995633,-0.82550148287313596,0.01624789820994969,0.01555717327330014,0.0090471529564194603,0.99983804857743264,5.1799188893406667,-28.158619666430337,3.7120206106199634,,0.4659744481477535,0.8064516129032258,0,3
0.82620915056668054,-0.55442453470490316,-0.09995936593004813,0.56262243715187099,0.80293207698461166,0.19686562158606696,-0.028886549346968361,-0.21889156006212512,0.97532151222066032,-7.2620586931172202,26.841685663595634,-4.1981672235327219,,0.2068145966063787,0.2352941176470588,0,5
-0.48231832509596562,-0.86005850837292341,-0.1663381960103138,0.8718562657836193,-0.48974394746510502,0.0041854193506107888,-0.085062830251916896,-0.143004293979725,0.98605987993270205,15.36437612409367,-5.8161791090500987,1.0352210386533616,,0.4279117300134104,0.40625,0,3
-0.98552814822692358,-0.15675536140531818,-0.064513763826792497,0.15126677089402374,-0.98503243536912277,0.082640578979517709,-0.076502503721812859,0.071685828037786337,0.99448906931289638,8.1220980444194861,-5.2512865852381863,0.40226801075413593,,0.07370482586633791,0.18,0,5
0.53725362416772016,0.84290281590163874,-0.029553109205937317,-0.83269762617423804,0.53566699395915451,0.14026950825661302,0.13406418866512834,-0.050751497789237252,0.98967220774845932,-1.3211427049064852,-1.1931080157584928,-0.87580239380125424,,0.07662322480275673,0.1941747572815534,0,5
-0.93929822402708008,-0.33196517331610809,-0.086706228408238092,0.33358732713819983,-0.94270838222890418,-0.004516774087341982,-0.080239276619165703,-0.033166696859510188,0.99622368407254014,7.2105851183948992,16.391810165019798,-2.1332262251160881,,0.1408305688680479,0.4285714285714285,0,4
-0.73652639945849607,0.66913246787562464,0.098947477660522032,-0.67477410888444578,-0.73700645024792855,-0.038747829257255048,0.046997498655837189,-0.09530599523442107,0.99433797191521878,6.7187340527005714,26.700240244229768,-3.3030812456819159,,0.3522296084890563,0.2121212121212121,0,4
-0.97802383833944762,-0.18865558273868799,-0.088760592276648426,0.19178780925081002,-0.98103360440257448,-0.028115889736400647,-0.081772904207630268,-0.044521209938865984,0.99565609223417617,-2.3185414079324058,-9.5996848033577091,0.26943635868737476,,0.238086483988993,0.3478260869565217,0,5
-0.87550961942513783,-0.47694430183016506,-0.077505091741035967,0.47090893703517889,-0.87813920964600489,0.084358173893746724,-0.1082944103564351,0.037358552354528549,0.9934166594392938,-4.2509317146142678,-16.925212911191615,1.2899952364368119,0.1406301519362516,0.0953126262798981,0.3846153846153846,1,5
0.14973894910467328,0.9818394808885722,0.11648811479926734,-0.98107592844517355,0.13291841457238507,0.14079317346023776,0.12275288080720996,-0.13536590721456712,0.98316214401161117,-8.4245072553638973,7.5694848008188966,-2.4368586829180665,0.2396277446358996,0.1885177490788714,0.2577319587628866,1,5
0.99756170392627896,-0.026155576254956854,-0.064703421010565823,0.042792850285950666,0.9616180539377962,0.27103411280739276,0.055130924390069856,-0.27314209520258398,0.96039261607128135,7.3247213931496384,-6.3494342306390115,0.5171869000592727,0.456625662232942,0.5364064845592458,0.6506024096385542,1,5
-0.83864987753436682,0.54024657365008411,0.069282195194264817,-0.54213103507788674,-0.84022832186046059,-0.010502759110550507,0.052538782979538852,-0.046368165834971088,0.9975418133993833,-12.309699381131335,-9.2222896687531755,-0.34078821470868631,,0.5066891704044707,0.2448979591836735,0,2
-0.43264412618352666,0.89748481193612073,0.085674222627807495,-0.89755990637077432,-0.43772013964218498,0.052794827656822627,0.084883888663162876,-0.054056375161607891,0.99492343109900061,-0.47445465591212893,-6.8258398881444702,-0.030079658217576286,,0.1148312219759863,0.1428571428571428,0,1
-0.90358573935008302,0.42407364654817759,0.0607811973104894,-0.42840702645575601,-0.89428546932130493,-0.12930939271418826,-0.00048096413851427439,-0.14288121522476718,0.98973972690268042,-9.9645489408335735,23.051302383459831,-4.0419321685050722,,0.2789971495312727,0.1666666666666667,0,1
-0.64610159985599558,0.76303566019778291,0.01814673331639656,-0.76122563864692316,-0.64593569017552643,0.057468349759242289,0.055572022908178365,0.023316634062400955,0.99818239057092828,-25.770859159154785,6.1712616859152494,-3.1682624125519281,,0.08483816738942981,0.4,0,1
0.9913702850171594,0.12056549582562254,-0.051467651989556669,-0.1066806406412812,0.97015582308763226,0.21775426480674359,0.076185293182885083,-0.21038450547861495,0.97464565917935353,-28.88010065477993,8.5730578706653553,-3.6062470048275035,0.6156593218449558,0.6269105204051335,0.9310344827586207,1,4
-0.98332900474378337,-0.16994907503735179,-0.064663593493929569,0.16447091241514933,-0.98294323377532455,0.082291665098208691,-0.077546034063180266,0.070284500917741424,0.99450827122343,-8.4360561221743584,-4.5131273096611508,-0.91095819521756372,0.1667601899354728,0.1327426682394093,0.6613333333333333,1,4
0.019608697665351369,0.99518809847966572,0.096000768852630383,-0.99210313934949312,0.0074703029915815346,0.12520205855374061,0.12388244374708296,-0.097697713471919564,0.98747571965775904,11.17993813013023,-5.8859033481145033,0.76905808494136929,,0.07724014516205839,0.4736842105263158,0,3
0.65266436504879022,-0.72209910136358046,-0.22935150840003352,0.75626661202395873,0.60264248033504797,0.25472112679050884,-0.045716934862964298,-0.33969829070151741,0.93942271271308131,4.6530769296880683,-5.5397499927074945,0.16411485726052666,0.3744091007724277,0.2257425775131066,0.2105263157894737,1,5
-0.61701253814519175,0.78618666752414601,0.034728253323595221,-0.78467441669985016,-0.61798241041239721,0.048824176364128308,0.059846366208652885,0.0028747570615826239,0.99820346033434404,-17.536816759493956,8.0943400148403519,-3.1833803333751858,0.5369554220034013,0.242241219908871,0.3902439024390244,1,5
-0.60860730534325613,-0.78185640109479138,-0.1352690502292461,0.77867832696990491,-0.62128297710883484,0.087564407507471312,-0.15250315075489965,-0.052038739626216364,0.98693199288904609,-9.6278855351918136,-13.783633508603884,0.52804278733939791,,0.2339561269666957,0.5,0,3
0.89663656313567897,0.44222875870329886,0.021831138861169615,-0.43405041289229795,0.86817959384746612,0.2405502689561434,0.087424897576502167,-0.22516198125479947,0.97039114251993752,16.788842590878264,-4.1781553662341446,0.92083011590175035,,0.1907535711187672,0.5294117647058824,0,4
-0.21051007943888153,0.97056119127245366,0.11703196337083524,-0.97265619440835716,-0.21995535454766005,0.074562520644535724,0.098109295857678289,-0.098135701972370301,0.99032517390234109,-6.5760954489576893,7.7221110055220281,-2.3058242315507522,0.2066766765207045,0.3020741661231416,0.4734607218683652,1,6
0.99390340960892476,0.10386319704783563,-0.036992548800492513,-0.093152910560185487,0.97054566076113924,0.22217933214385799,0.058979213473226676,-0.21737883217260853,0.97430380051673471,7.8207598375969321,-2.8250523242503269,0.016990029217918399,0.1905766772307216,0.1529251949756478,0.2777777777777778,1,4
0.0059658295770232154,-0.99461702494523807,-0.1034474869996459,0.99198105724824504,-0.0071739280040492171,0.12618287053973429,-0.1262457561192159,-0.10337073302476242,0.98659844953041098,-2.3717428926212447,-20.085689651011467,1.9036529790481569,,0.1330152516715758,0.4210526315789473,0,2
-0.27144145504227168,-0.932512115547669,-0.23820304540737236,0.9534090773520163,-0.29437759124215973,0.065977003548528326,-0.13164599389010323,-0.20919605190174151,0.96897179740249006,-11.323827925072155,1.027233864024504,-1.9421541621118812,0.527545221463413,0.507343978544783,0.635004397537379,1,4
-0.96146119744354086,0.27476549044170417,0.0098128014738055516,-0.27416254965335773,-0.95544608487641103,-0.10935115574108133,-0.020670321187748392,-0.10782719581195584,0.99395474427426889,-8.852513635391599,9.7697398429137259,-2.7180994099492626,,0.1461762522978706,0.4029850746268657,0,3
-0.30824233248509686,-0.93059709191120721,-0.19742268610915079,0.94183745170012678,-0.32773983352825603,0.074356009130964726,-0.13389876414351312,-0.16302040990402472,0.97749448434022623,-24.652843659552566,10.408944695301145,-3.6860156207708958,,0.08540001517221918,0.1052631578947368,0,1
-0.087746889737682174,0.98761828990674483,0.1300407504709194,-0.9897549998160704,-0.10119826842683868,0.10071718228038597,0.11263003010056434,-0.11987086347017945,0.98637997364629204,-7.350553898312624,15.759571756058858,-3.2247573717504632,,0.1148878996074771,0.4615384615384616,0,5
-0.85085823027173779,-0.50228782143582607,-0.15410131867086668,0.51808557510721942,-0.85087519474400042,-0.087170751030279062,-0.087336182906457185,-0.1540076212614582,0.98420223721993172,-14.937937792577554,-15.167122497976735,0.46776516608785745,,0.5504315816975833,0.6206896551724138,0,2
0.35957079989623991,-0.92676150797741597,-0.10872877812890593,0.92782582262662583,0.34270393140563105,0.14728631391392252,-0.099237506665595235,-0.15384122571843778,0.98309958526094654,-25.872314318747495,9.0764514188542034,-3.5520206769200562,0.2738575115881924,0.1622556491468259,0.6153846153846154,1,4
0.94747984113601458,-0.30859793882586173,-0.083959888001971003,0.319810486979625,0.91570170253538752,0.24333442911279365,0.0017897091185094317,-0.25740571890737746,0.96630176074301366,6.2734222301795803,-17.399976824782915,2.1690547008596246,0.5179252644569167,0.4544154372747474,0.3333333333333333,1,5
-0.79985026859551012,-0.59545161637468025,-0.075345340827887949,0.58813765010103003,-0.80261638109638611,0.099504016649474156,-0.1197232323374557,0.035274882742838819,0.9921804424025652,7.9439797625199811,2.9930151094022057,-0.64534216233027519,,0.07875753671789197,0.3,0,5
0.99618747192339441,0.081692536502751989,-0.030608009778878738,-0.06831303475398269,0.94869924647288839,0.30871195154136255,0.054257258183385594,-0.30544405252275242,0.95066296904470871,-0.28112007068309691,-17.463511869393376,1.6658172807569203,,0.2770806823209206,0.4137931034482759,0,5
0.9338136267057946,-0.34723479948552555,-0.086140029050477809,0.35739916039294023,0.91623681796387502,0.18104124822220558,0.016060844591478735,-0.1998451586445861,0.97969585169956086,-2.2161636948568191,-17.62773707882253,1.5201555295968785,0.1376595699274186,0.09550262341231681,0.5909090909090909,1,4
-0.017019581034524899,0.99598970787403629,0.087834137272471607,-0.99014993992460265,-0.028999309273918715,0.13697494854512657,0.13897276829909413,-0.084637709507203521,0.98667270551113284,-12.522972203200633,-17.145179962568211,0.88470214563783589,,0.1760596503046401,0.3076923076923077,0,4
0.54188804900188769,0.84034690004443291,-0.013207192534337277,-0.82909998307591037,0.53707751129885539,0.155373630068145,0.13766103447400288,-0.073245030157268839,0.98776748536525916,13.891711375339552,-12.027881811233202,1.9351106033475778,0.3902468875451724,0.4013880801706752,0.7230769230769231,1,5
-0.56466727000579475,-0.81177326513256476,-0.14891286109741825,0.81447865119273077,-0.57725229550469515,0.058346500202083325,-0.13332441987675944,-0.088339987268372708,0.98712747186670402,-0.91313914484224745,-18.953933999541103,1.845831417189125,,0.2532575399547516,0.2380952380952381,0,1
0.73645117859629405,0.67647878452806898,0.0040144274256396729,-0.66495512382667477,0.72278920547894565,0.18817663972918214,0.12439591971114243,-0.14125232219875583,0.98212699618362886,-12.484798497140972,23.228527834874139,-4.2132764235843299,,0.3783566268725321,0.6857142857142857,0,5
-0.72702487040696095,-0.67673287849945485,-0.11604933850558416,0.67667942651948521,-0.73484377284883839,0.045930199548291403,-0.11636060989442502,-0.045135802453561837,0.9921809148546803,1.5837819797684798,28.715270044965113,-3.8664412419665819,0.2310894578685485,0.2061196320888588,0.7333333333333333,1,5
-0.19871099534219114,-0.94390247832084073,-0.26374618812390549,0.97120311032772577,-0.22574512295613974,0.076181742899918539,-0.13144755159327837,-0.24101296828447275,0.96157906086750877,-14.741956847144561,19.982205612364016,-4.0460005097650455,0.292580671502321,0.2660759459253628,0.6875,1,4
-0.95034993668619661,-0.30465487911330436,-0.063406643760727591,0.29794456285562698,-0.94963011709522771,0.097116827432084538,-0.089799973860304513,0.073403306043813385,0.9932511864360023,9.3186041168018221,-3.7073766849346557,0.2612770193134899,0.6667335757787229,0.5608540252297087,0.8961424332344213,1,5
0.45960095401915202,0.88643489683301968,0.054773504008048701,-0.88554978150710739,0.45270200264463933,0.10422322809358693,0.067591031486435124,-0.096405759569474461,0.99304450151261248,2.8347160712696526,-7.5396737342997078,0.31874786393950993,0.4444931639701323,0.1580221413892755,0.2758620689655172,1,6
0.85639814977305462,-0.47806666927506453,-0.19502427744651341,0.51625870015647246,0.78724001716337189,0.33723895072984006,-0.0076917864009648212,-0.38949379340993356,0.92099697139409853,5.9954162707655581,-6.0171172297693678,0.35628829554770175,0.3085553522420882,0.1142542412400168,0.6666666666666666,1,4
0.96187891340472365,0.27149742348473749,-0.032834509110049551,-0.25653145076977524,0.937359997991697,0.23568591160899083,0.094765873146946969,-0.21827822430594335,0.9712744442641027,-3.2044638992667429,27.531977615799896,-4.0481094580768309,0.2891880602000215,0.2284194721029875,0.5833333333333334,1,5
0.92780288764259977,-0.35840051529343769,-0.10358992383167138,0.37306991812717588,0.8919112937590119,0.25556423899620156,0.00079866803828962504,-0.27575952332154136,0.96122632476791892,-4.5807545654378092,-14.238426027067915,0.84678010458463748,,0.2863258335136423,0.1176470588235294,0,4
-0.98064389416647835,0.19552556024342599,-0.010358963534048036,-0.19557390316243253,-0.98068133095504118,0.0038698214508410566,-0.0094021931386672267,0.0058208597083528628,0.99993885630894419,-16.89423792788612,35.065593444101467,-5.7089414598843868,,0.5474249338398174,0.9090909090909091,0,4
0.92500755164626025,-0.36813949146365621,-0.09399119225902032,0.37988728564068208,0.90056074328752211,0.21136697437864091,0.0068322475032992075,-0.23122210637027507,0.97287700040639624,-3.1807182461239307,-14.773808701608916,1.0268990756918404,,0.08835926522184995,0.2758620689655172,0,4
-0.5797847401045555,-0.78067306669970316,-0.23323639954255526,0.79646246465555537,-0.60338129059399559,0.039731103129954121,-0.17174748189330721,-0.16272855032478362,0.97160805954484697,-10.612519182772795,-12.073879225395414,0.19567619134751424,,0.3193198240662624,0.1818181818181818,0,2
-0.77873560154349752,0.62487756258440408,0.055667716562327614,-0.62663276048988592,-0.77902271464191764,-0.021330577881653393,0.030037416159096938,-0.051494095297559488,0.99822147431317709,-6.6495432864793713,4.3477561376625404,-1.9800014977845082,,0.1640642077907629,0.4812967581047382,0,5
-0.84953867803969529,-0.51665700168422402,-0.10653439409521387,0.5216762349858749,-0.85280000664944378,-0.024208562734516069,-0.078345008555293319,-0.076142571990814409,0.99401426969892859,-11.288502338246143,14.413009289058254,-3.3823989225403457,,0.2238410532324248,0.2,0,5
0.97657274058332832,0.21233319079413635,-0.034932770241568094,-0.18038470481111704,0.89628578600105313,0.40513349415061028,0.11733303294373455,-0.38934098923650096,0.91358992632393266,-8.9316115454053957,-15.113302522644664,0.74803144345188222,,0.1860464580260618,0.2,0,3
-0.938981381248016,-0.33507869650787481,-0.077693196717296437,0.3356921812524476,-0.94195617361949091,0.0054153878995727321,-0.074998167414564221,-0.020996050264570149,0.99696260750228016,21.970007857704896,16.123961660098178,-0.93007833126136663,,0.2609446099037854,0.1,0,3
0.95332007247466544,-0.28869466807149535,-0.088522471971739639,0.3014733010055044,0.92662697939007654,0.22466928995140123,0.017166484722937501,-0.24086890561778901,0.97040583371533029,-2.1004441213960918,-7.3389400436071828,-0.074573476722485696,,0.24915194355207,0.2241379310344828,0,5
0.45705813038349025,-0.86218180955156776,-0.21849574991000237,0.88565030625771934,0.41852287591443194,0.20115202549793712,-0.081984147711359784,-0.28544899652074263,0.95488086686735141,-4.635747002940354,-18.629182498599835,1.512320758368318,,0.3630713137080934,0.12,0,1
0.87665318852079732,-0.46658848111558637,-0.11736428906004724,0.48105972645722511,0.84610757072325304,0.22952890525094305,-0.0077927297669026351,-0.25767647943700012,0.96619982679968119,-8.4884831528778353,-2.0245454739776689,-1.3078249824986428,0.635316875108985,0.5881529660172168,0.9073979591836735,1,3
0.96897771410704658,0.2466012814282442,-0.016431602533838952,-0.23189122551026545,0.93014711257055938,0.28469774939046821,0.085490637471184017,-0.27205542996712723,0.9584764962846879,-2.7180601702016141,-21.788550831005239,2.148332631258798,,0.2232007526886367,0.25,0,1
0.87746097771724219,-0.46083968000555287,-0.13300008239050087,0.47922957533971855,0.85389786561157721,0.20297154781817345,0.020031143332653784,-0.24183718580146382,0.97011006017895407,13.16077225777069,-17.092059544861748,2.6361244656416374,,0.4357873575250252,0.3529411764705883,0,5
0.19941271544742159,-0.96724814194657993,-0.15705285995095553,0.97168867426515992,0.17445790698789415,0.15932846259918421,-0.12671104617475948,-0.18437860665026204,0.97465318969724102,10.038306851558104,3.9087113878780246,-0.58223498139723373,,0.2404539859819675,0.5625,0,5
-0.81226592528650066,0.58313634695884142,0.013269041938359899,-0.58280483257942495,-0.81230910236443055,0.022191199561114056,0.023719058592887868,0.010291893479350519,0.99966568571101599,0.20480799243083952,2.3819636720021151,-1.2128612873354665,,0.07433402222388071,0.3043478260869565,0,5
-0.99691228286620137,0.060846062556457949,-0.049635238912211291,-0.064035311725842467,-0.9958012092288494,0.065417356645877708,-0.045446442354389674,0.068393774349244624,0.99662275335634987,-0.89786391606770821,-12.175146257619875,0.76663472436692992,,0.08624021094445453,0.3333333333333333,0,5
-0.63934933225457857,-0.73448194277992129,-0.22752737654150021,0.75344818047065643,-0.65748630712104772,0.0052531222892372885,-0.15345445803587046,-0.16807150763457948,0.97375751480045447,-12.421321097093925,33.228524607886513,-5.2772680236558651,,0.2696532301063842,0.1,0,5
-0.32831830125796624,-0.90540142698624082,-0.26917531289173346,0.93319346702620987,-0.35500544166419706,0.055866711809548948,-0.14614050143162299,-0.23285057955712199,0.96146948024429069,-5.7954162014769333,16.000400233233567,-3.1081281258564779,,0.6252153129579381,0.4883720930232558,0,2
-0.20713136302899757,0.97815838836939639,-0.017400164146807708,-0.97264777164553085,-0.20398796898925037,0.11110904922923752,0.10513282438293997,0.039938399695366916,0.99365588282213668,-11.202641766706307,11.888846893564473,-3.2202008730483764,,0.08538706618515837,0.2686567164179104,0,2
-0.94872042492621267,0.31194979710270077,-0.051155443653731661,-0.31565447109156358,-0.94359264704493995,0.099975853697922279,-0.01708245321174677,0.11099657891262665,0.99367396527329876,-0.87960049638333482,9.6095346325938831,-2.0135679406184122,0.1894363325387655,0.1485691627078237,0.5147058823529411,1,5
-0.98316147961372313,-0.17715146762347708,-0.044842641788836582,0.17527908263637981,-0.98359037970535923,0.04274585525189302,-0.051679282056766744,0.034166101181066118,0.99807911977767638,-0.81071165247485633,-8.8544539650981378,0.19817163174476807,,0.132730687024586,0.3442622950819672,0,5
0.98649012719297791,0.16058649386835805,-0.032391463965850652,-0.15235934835402173,0.97201639831135422,0.17880366434433595,0.060198487687989778,-0.17145290723954462,0.98335143396406755,-22.176454826256712,15.67469209281624,-4.086872077271746,,0.1100316989838061,0.32,0,3
-0.90438584240149389,-0.42073147845637393,-0.07121285768493249,0.4138339367643194,-0.90547996013862531,0.09406122776946349,-0.10405633496277836,0.055597345469612161,0.99301622057791528,-11.426831137302971,-20.856288966500774,1.4679602635273421,,0.1344981949822936,0.3928571428571428,0,1
-0.021736821151416091,0.99151169197713707,0.1281876564996289,-0.99253739763648896,-0.036789788417244125,0.11625844382754148,0.11998760310639828,-0.12470395399044043,0.98491212753216317,-6.1873468876897242,-19.161282037983337,1.4859270106356215,,0.4926671143105512,0.4230769230769231,0,3
0.9590871822505791,-0.26842021861280241,-0.090013127278749827,0.28227746868284137,0.93102116535363455,0.23134178251575899,0.021707314819031223,-0.24728561604633748,0.96869944594798418,-14.213183701858846,-11.25724479736459,-0.085269690534527348,,0.1360222423703371,0.2222222222222222,0,1
0.98326470670074451,0.1763685678909955,-0.045657910779840022,-0.16476404807627898,0.96781492658247392,0.19022901026310382,0.077738825680725029,-0.17952268977553151,0.98067745912585436,-11.188415293914426,-10.82943644737248,-0.028214353912039952,0.3714857463132057,0.287508446517923,0.9461077844311377,1,4
0.3321033168424008,-0.93806688986246378,-0.098680783772939012,0.93762948136592683,0.31691845790267065,0.14287633363877245,-0.10275379611352821,-0.13997571640952167,0.98480884246634481,1.3117924893664601,19.010610792124918,-2.8285885523605252,0.3509371426926166,0.3018143802496241,0.7945205479452054,1,5
0.76154276168303869,-0.6260455539792964,-0.1676889575104053,0.64781325853166127,0.72737932185253085,0.22640076018411184,-0.019763709134719643,-0.28104499014234074,0.95949106786729921,-3.2000583156156175,-12.060444404366581,0.61664978080765676,0.2849985421905514,0.2586370173463535,0.3373493975903614,1,6
0.35340785896319593,0.91592605263336702,0.19021659057639406,-0.92573870455141105,0.31317324134239882,0.21196785558798845,0.13457613502595653,-0.25100196615674808,0.95858608213708252,-11.688587779888366,-17.438233934346034,0.95561845072644391,,0.3369550472313765,0.2608695652173913,0,1
0.4978667889415837,0.86268273987208988,0.088922161443479281,-0.85358882091568589,0.46931003565845048,0.22612875809598576,0.15334531384025218,-0.18848496162041042,0.97003022322306354,-6.7511689550913623,2.5647230883977401,-1.8205451531014543,0.4039597902633922,0.2411310114311246,0.1538461538461539,1,2
-0.85093261661761899,-0.51981437841334521,-0.075542663250904002,0.51294149183094662,-0.85329630126487621,0.093682699608436129,-0.11315788940473784,0.040968698324807429,0.99273201712397474,-12.857582803277177,-4.9470573925990298,-0.99609595933341299,0.5244197199528503,0.4876961327583478,0.996219281663516,1,2
-0.67585798829692545,-0.72040217183486799,-0.15568137483603506,0.72247027553789767,-0.68933710906316292,0.05339523417530085,-0.14578299152996918,-0.076387570219546841,0.98636314737348441,-9.0472172947109595,-9.8060995039352026,-0.095993114658276688,,0.2252278434570195,0.1785714285714286,0,4
0.83500768767329803,-0.5452752830121087,-0.07373620048902782,0.54981125655607954,0.82155548969363901,0.15084481932924201,-0.021673571249751229,-0.16649757683015007,0.98580363826624806,-4.0401634123253922,10.915243341944249,-2.414944136770631,0.1573698723941973,0.1258661374407544,0.3837209302325582,1,5
-0.41813683647961292,0.90804922282963974,0.024661607760029503,-0.90683725992579245,-0.41885463715429266,0.046978473204513073,0.052988394853049764,-0.0027206346380925055,0.99859142203308748,-4.5531517739669658,19.249857006127449,-3.3120371683344296,,0.2336278347232933,0.3728813559322034,0,5
-0.70871994915129732,-0.66959791934592816,-0.22215908732839856,0.69396781295785237,-0.71835743523298301,-0.048695685886806096,-0.12698310223600046,-0.18868285998758588,0.97379364862039797,5.74700142179476,10.420221159033353,-1.6097031029589126,,0.5083243835910323,0.36,0,1
-0.68777155123271105,0.72160907389115181,0.079060975157802887,-0.72424903524235784,-0.68950111626190225,-0.0071795281253634029,0.049331817982540709,-0.062197710179258903,0.99684392789593335,-9.6731837626714441,19.65232111458068,-3.7021873682516553,,0.3440625480344711,0.125,0,5
0.53996723835482663,0.83948951804934513,0.060767841731805085,-0.83287700884086879,0.52250350103574983,0.18249925903869649,0.12145480495950338,-0.14915575916022808,0.9813262912312023,8.75873422604705,5.6485359543521572,-0.85674695575547477,0.5320443820683343,0.5851144214429036,0.85,1,5
0.98914840134631299,0.13872271998407831,-0.048388501467311155,-0.12704560029680836,0.97303614275413397,0.19250994867637389,0.073789264525787088,-0.18427336176011846,0.98010125629261768,-39.80792656938322,11.72297882926839,-4.5828288367561862,,0.3230057773593658,0.8,0,1
-0.29877846010811132,0.94001433093579567,0.16463441138095697,-0.95154747027305098,-0.3065896090764102,0.023669039341119115,0.072724436005947607,-0.14958565854286449,0.98607062990736849,4.2492474692373161,-10.423034831350581,0.91429771498296519,,0.3328031149692071,0.2962962962962963,0,5
-0.88753659039882815,-0.4451765359823176,-0.11872932457487938,0.44294494443000815,-0.89536599209834189,0.046038205847417364,-0.12680132849114703,-0.011729961830136144,0.99185877577825743,-6.6958122993577751,-8.2190658249558375,-0.21908082350095262,0.3406982924915659,0.1572803254730226,0.4054054054054054,1,7
-0.416649929796162,0.9086998267999431,-0.025835262232190841,-0.90507037194623874,-0.41198863512579387,0.10541815001356372,0.085149620233738524,0.067305195200210152,0.99409232613128606,-8.3399337353396756,-12.276718343663932,0.33756841641156854,0.6043010001252926,0.4988696705739241,0.9587020648967551,1,5
-0.3000162674676764,0.95326390111856574,-0.035751560511088618,-0.9484048330153555,-0.2940383864018748,0.11861576638583389,0.10255979703509889,0.069493612270453059,0.99229639014042792,-23.857822649057791,13.643932796273903,-3.986720149844432,0.4481520113880789,0.4246671581376265,0.7534246575342466,1,5
0.48982434838394684,-0.85761335177552744,-0.15675282002754579,0.86833640066821183,0.46385606824187453,0.17558315189608953,-0.077871708629113301,-0.22211908250201265,0.97190488741627767,-11.304961587074805,-12.625500627388345,0.26577368892651138,,0.1515205644218053,0.3571428571428572,0,4
-0.083011693886090157,-0.97697013013446965,-0.19656658796245233,0.98918221117006222,-0.10471790821762175,0.10272639779157899,-0.12094466413558731,-0.18591267983535756,0.97509428451487035,-11.382095012746085,3.2403121417293956,-2.2438829279111663,,0.2622758766067267,0.168,0,3
0.34192740319377563,0.93893795877410435,0.038485848285830238,-0.92839343688571074,0.33117920416390217,0.16854068077738102,0.14550353017263809,-0.093358686272264985,0.9849430838402885,-5.3194874907939012,1.3925111233299883,-1.5658270080464471,0.5101387244966384,0.3447758206275585,0.3948126801152738,1,4
-0.82315446305668571,0.5677286320944942,-0.010046404828307187,-0.56748555852085125,-0.82193954832785909,0.048739304107393917,0.019413161003230695,0.045821165357396852,0.99876100744129614,-9.6412807291323457,-2.3809210463379076,-1.2924482511824407,,0.1414602283841784,0.2521008403361344,0,2
-0.80354730670548524,0.59520175997073999,0.0068257464129006361,-0.59479808246336585,-0.80333897130066834,0.029355379191653177,0.022955761461179246,0.019528495008996678,0.9995457322696244,-9.0215766295538149,-11.435294222603003,0.18625855401782496,,0.07479644812420456,0.25,0,3
0.1113954117343864,-0.98677062914608815,-0.11779128872357074,0.98708528726713707,0.096134350782311639,0.12814375622876473,-0.11512470588574883,-0.13054467455356614,0.98473569552465356,4.016768719300928,10.212963907727366,-1.6841397626867187,,0.1149616193535522,0.35,0,2
0.46360852070788383,-0.87323508124461191,-0.15009207977359529,0.88112752896259405,0.43656175389481106,0.18173638254504648,-0.093174123185144897,-0.2165047988382757,0.97182521826132762,-6.877293272382702,-12.617806392441947,0.48578722184424389,,0.1526193091919125,0.2692307692307692,0,4
-0.68186033945775448,0.73148158799864138,-0.001078838979272224,-0.72957294151668672,-0.67997319326351768,0.073210514611670927,0.052818561900589853,0.050706438072521301,0.99731592620230036,9.1054779768326561,-6.9453839467173069,0.69560984793799074,,0.1164211840846507,0.3142857142857143,0,5
-0.98349466934279584,-0.16415430368942535,-0.076102562076095087,0.17017351939023656,-0.98209536818109344,-0.080806318413751924,-0.061475268788731677,-0.092423224232244541,0.99382027497423819,-4.5885773728273245,-10.055678155239042,0.15874864681154932,,0.2233681233652803,0.1428571428571428,0,2
