axis_00,axis_01,axis_02,axis_10,axis_11,axis_12,axis_20,axis_21,axis_22,location_x,location_y,location_z,dbh,dbh_approximation,score,reconstructed,number_clusters
-0.66594458485922681,0.74200792665329285,0.077084672149231814,-0.74373960998111854,-0.6523318071270322,-0.14599522579699445,-0.058044831310003958,-0.15455565403460053,0.98627752045969852,16.835826556936155,0.15540173869205129,-1.8580927217461052,,0.5370859304901301,0.3880597014925373,0,4
-0.87208006936720861,-0.44720577158291835,-0.19870417830385664,0.48298972816880786,-0.85189276056935759,-0.20248369557310081,-0.078722773680208996,-0.27255407234610463,0.95891449178310406,-4.7812763166527299,-10.095407581198225,-1.541369188154982,,0.245935402296175,0.4,0,2
-0.19324648503481043,0.98102311484064364,0.015793801633976274,-0.98106768594097182,-0.19341400350574697,0.0098599619830551672,0.012727593021430061,-0.013589385425453553,0.99982665346530986,-13.235899774163666,10.396522950094081,-2.75509904976711,,0.1513900650222254,0.3289473684210527,0,4
-0.95885032529633063,-0.2695698597103775,-0.089096264875976591,0.27375182641445339,-0.96103346033728132,-0.038400854767888959,-0.075272778704348273,-0.061210937322351916,0.99528248750706305,-7.4900800219920614,1.8386587303559934,-2.2178512442466527,,0.0686723062961174,0.3548387096774194,0,5
-0.75166233339955268,-0.64325272585288329,-0.14570403985880084,0.65455721551857293,-0.75466951983191555,-0.04504184109512805,-0.08098511073593799,-0.12922788599795962,0.98830236533137272,-9.4344540233896481,18.14775420517946,-2.8887936638755787,,0.2007764966737048,0.6875,0,4
0.95583961052271915,0.29051570973047958,-0.044398889125435874,-0.28388963788096999,0.95179331699724767,0.11617295392297471,0.076008634112110909,-0.098438326474872592,0.99223615305089463,-12.152802964041907,-23.052822517150879,-1.4494226685698577,,0.2318669413712687,0.4,0,1
0.081540721788015108,-0.96565148613010154,-0.2467150543137068,0.99640682948979686,0.073293836335901405,0.042443417643462232,-0.022902856511378036,-0.24928943196592165,0.9681581680044471,10.266932876562576,-3.0946365647697496,-1.6503982573207592,,0.1088834466071577,0.4736842105263158,0,1
-0.62281590833116096,0.78197633779956799,-0.024765933279530437,-0.78203435919444164,-0.62316293665346623,-0.009498179865994591,-0.022860563618808047,0.013452193241377725,0.99964815466644386,-16.062261219739401,25.31116165295067,-3.3339302972815137,,0.5457645405657143,0.8431372549019608,1,4
-0.94042402350408227,0.33631318914807856,-0.049960932952075168,-0.33557635201597441,-0.94173895659767293,-0.022721126600086024,-0.054691571416845733,-0.0046017856724264597,0.99849269180329048,11.03715081679128,-5.6044709412069125,-1.4719293157069988,,0.1051907089018384,0.3555555555555556,1,5
-0.95582862101148192,-0.2829323541856244,-0.0796299579948897,0.28483203263216988,-0.95848424031283197,-0.013366909087698697,-0.072542128738506809,-0.035457637074579634,0.99673486721954896,7.9696943964192188,6.525962694446072,-1.9906405184706706,,0.07102001663512608,0.2702702702702703,0,5
-0.21314547907609138,-0.97060819776737139,-0.11175299179976821,0.97597685638862253,-0.2168057486598563,0.021550942945075261,-0.045146212944234473,-0.10447484757019168,0.99350230280658103,-5.5504296372937691,-14.722173536440524,-1.4188541381729582,0.5133862594807822,0.430712022953755,0.9543568464730291,1,4
0.65898396018084437,0.75215608915596954,0.0011652338687903028,-0.74919035714937376,0.65624657056128655,0.089745458831881883,0.066737912604200839,-0.060013799847601981,0.99596405299041102,0.20828866651566211,12.791258598185395,-2.4018112103764646,,0.08037054594996945,0.5757575757575758,0,5
-0.37359085497633582,0.92713551304374764,-0.029148130834704127,-0.92757506317435767,-0.3735975208845852,0.0054216755692191908,-0.0058630414578402026,0.029062567711724038,0.99956039932705654,-15.793852427360768,11.253340097864989,-2.8890617437657871,,0.1119347541024005,0.4390243902439024,0,4
-0.59540326190269199,0.80325797270010069,-0.016479836448164725,-0.80316478045185657,-0.59560772814537866,-0.013333027233962775,-0.020525378373006969,0.0052974963166338663,0.99977529744209015,19.300189052602413,-5.1197524909853787,-1.6071491361508208,0.2866681865999948,0.1909148887564357,0.4642857142857143,1,6
0.052258111172307962,0.99857461789522239,-0.010854598662001476,-0.99807542720174125,0.05258918497526302,0.032860603154840066,0.033384598736019205,0.0091164751438258234,0.99940099982348785,0.073869079022532272,-15.824692532142555,-1.1507611715906088,0.1743942835010835,0.1679159570206625,0.2758620689655172,1,5
-0.84907109205956999,0.52827386452588521,-0.0022371159233676467,-0.52572208641543794,-0.84537068875471166,-0.094682028122459877,-0.051909233126361892,-0.07921567176556589,0.99550505215340901,5.6046005640209131,-24.460827461216887,-0.79573768877479056,0.4041905555943652,0.2773641617311865,0.5333333333333333,1,5
-0.18505651733158779,-0.97707242791413285,-0.10527846884850969,0.98182038943191929,-0.18842447382348984,0.022911581353038772,-0.042223314517688855,-0.0991246098318872,0.99417880858365604,-4.4794697052644672,10.267188642113762,-2.4403772896244127,,0.07003844325375266,0.2068965517241379,0,5
-0.98930252435526844,-0.12435103711712099,-0.07627145515978094,0.12597614149695058,-0.99188998328505529,-0.016860392412800247,-0.073556285100828608,-0.026288412402990572,0.99694452819376878,-5.7272379317840034,2.1644227855800211,-2.1613762903835028,,0.09593959517270367,0.3947368421052632,0,4
-0.97438325685830052,-0.21198563139011081,-0.075095677893923227,0.21275916403310471,-0.97710181464218548,-0.0023626135705151494,-0.07287528301246092,-0.018279384756746557,0.99717353415479748,15.854285781858584,-6.0612184389836123,-1.3851693330838459,0.09525277895853149,0.08989019010517831,0.35,1,6
-0.21220891980645312,-0.91350252291960254,-0.3471030322168045,0.97627031144528365,-0.21386883412580765,-0.034005893315680706,-0.043170051483731445,-0.34608273925347599,0.93721026682687558,-6.156347825065704,-30.582924279617554,-0.90304026506019686,,0.403383021740751,0.1666666666666667,0,1
-0.85982276447874262,0.50888744673946784,-0.041693887263222588,-0.50696851629245987,-0.86058071455124452,-0.048823736345060674,-0.060726741822321989,-0.020842271792090278,0.99793680287590858,-7.7273603459617286,-20.973828631968168,-1.2553113081370439,,0.2179554674304944,0.6136363636363636,0,3
0.75368523365838413,-0.6294426147515283,-0.18910463585028095,0.65683659056442378,0.73139935099886011,0.18335943568344548,0.022896765295818619,-0.26240614339837243,0.96468583178451539,7.919254863606807,-0.68466232413296069,-1.6767740011144019,,0.2695823152295279,0.2142857142857143,0,5
-0.90880378944103324,-0.38887117995295872,-0.15117829771369382,0.4059890691301149,-0.90775662762472442,-0.10559725730457684,-0.096169371654802355,-0.15734392395443722,0.98285011143619416,17.611357671290726,-2.9779726113375573,-1.7180005824811342,0.3995060509767819,0.2631128803623036,0.5918367346938775,1,5
0.085436702187378644,-0.93791758064465902,-0.33617135784747149,0.99609370935243713,0.072850170291285238,0.049901652047118238,-0.022313496091963897,-0.33912160740094149,0.94047788027467916,-6.8261889825864079,5.4408980739278947,-2.3529084518498116,,0.0833724155865916,0.1911764705882353,0,5
0.8248783118628038,-0.55961123191117534,-0.080068968628476581,0.56372486012367695,0.82487270515975619,0.042418184319551161,0.042309014369423796,-0.08012670841413165,0.99588636796664953,-8.3651848531181887,-18.913863239387137,-1.3691259926906496,,0.06971127001751522,0.4210526315789473,0,1
0.84614236506588991,-0.52689229287338513,-0.080172375238169072,0.53108170481123451,0.84617861443717612,0.043976985844576752,0.044669014489861818,-0.07978887253125215,0.99581043123914736,-5.4447324921482183,5.3684879313646165,-2.2934987883072515,,0.09409895623735413,0.3043478260869565,0,5
-0.087395264046406504,-0.98824291125188624,-0.12545125022356099,0.99553335502804441,-0.091158458482569288,0.02456571744702132,-0.035712838711926508,-0.12274397666475258,0.99179559857041999,3.9546928144979341,-9.3618817603810083,-1.2462043538076519,0.538427282496768,0.4734416006942321,0.9875444839857651,1,5
-0.28367200794216624,-0.94806364903474905,-0.14389409052833199,0.95770608640523203,-0.28765698485980912,0.0072464559433244877,-0.048262241684722158,-0.13575262958882164,0.98956656147390398,-6.2111133716709208,13.081708549042624,-2.6013966488415878,,0.3513944150550479,0.4347826086956522,1,4
-0.70881495481057222,-0.68586083111683038,-0.16485229806288568,0.70381623613378363,-0.70326907227853463,-0.10027620720271009,-0.047159999908375931,-0.18710299921758955,0.98120762435501996,1.7155675338038341,-19.622295013087427,-1.0046767822581144,,0.4301551818050553,0.3225806451612903,0,3
0.94112958004891167,0.33796860784829919,0.0072342011335346339,-0.32961678053748417,0.91270307739108192,0.24150749576141908,0.075019274490372712,-0.22967436215200498,0.97037198837611072,5.6578427049463693,-2.3436792916735723,-1.576233941871181,,0.1131362734285619,0.2571428571428571,0,5
-0.94156597468926662,0.33492362093984462,-0.035772663361761957,-0.33194922398918159,-0.94068994329030919,-0.070086684080892678,-0.057124670681158722,-0.054116529166401257,0.9968992794011593,-8.3300698972938214,1.720107747418657,-2.2388362056388034,,0.07535322917115037,0.2566371681415929,0,5
0.21311350370494983,-0.97028969338631499,-0.11454494946042827,0.97692301560740424,0.20990710871380072,0.039502244087514016,-0.014284821144738434,-0.12032005909117748,0.99263237266631577,13.911770510503443,1.3374979738854347,-1.8421871886477579,0.2219003404247795,0.208622842769766,0.8611111111111112,1,5
-0.95560743584842023,-0.27661285128513241,-0.10148772859374519,0.29154979794100094,-0.93749129689489674,-0.19002311324385546,-0.042581027133807021,-0.21117622676389214,0.97652007525600604,20.730213493464451,1.8487958399726185,-1.923670600083891,,0.3001884285320069,0.3166666666666667,0,4
-0.31079322868933212,0.94735482466526411,0.076983148703509807,-0.95042958681215062,-0.3105701579696406,-0.01515841320180592,0.0095482727728489168,-0.077878194394571457,0.99691715670104508,5.1421369101887118,7.0908179376350429,-2.0455831680666372,0.4596531338418914,0.3293587401188566,0.9233870967741935,1,7
-0.91008972661615117,0.41227881946346157,-0.041986480318711279,-0.40969069435467476,-0.91034191188696278,-0.058575920147905351,-0.062371663974304374,-0.036107872878414937,0.9973996175301415,-3.2224687472380893,-17.407034120711284,-1.2240400866643621,,0.1415396800534488,0.3448275862068966,0,4
-0.21227789663320665,-0.89761707803260171,-0.38629221558969551,0.97625511847820967,-0.21226275532483158,-0.043248888390433282,-0.043174509216423823,-0.38630053575697365,0.92136195809670596,-6.6228557321007715,16.541802167140705,-2.7386129483224613,,0.3971356163114373,0.1818181818181818,0,1
-0.59084147829889666,-0.77160292501957173,-0.23565923199148148,0.80430122130551807,-0.58624760746414228,-0.097022101343048645,-0.06329212374400163,-0.24686568988786114,0.96698057799945691,8.6565609862158972,-10.383044384180478,-1.1800714103142742,0.4830331499825876,0.318968527853316,0.3230769230769231,1,4
0.8967009897972904,0.4418627816587638,-0.026165188349010583,-0.43602990295459831,0.89194714335662628,0.11961696028305449,0.076192247807524427,-0.095851842145750307,0.99247527210067199,-14.220080911831896,10.060492480870794,-2.7954822735634011,,0.07449624772492416,0.25,0,1
-0.83650695585511492,0.54626586318961323,-0.043008365694528219,-0.54627057923570865,-0.83751274145386767,-0.012683144874591009,-0.042948423341152196,0.012884665930217604,0.99899420334473144,-15.904506638241251,-1.9709886249595616,-2.389831622915028,,0.2752387999139667,0.6090651558073654,1,4
-0.43464801472204639,-0.87726332707767529,-0.20369133084839916,0.89731089650217377,-0.44115200122904791,-0.014767086038624002,-0.076904215207293805,-0.18919293532321541,0.97892378401341174,-7.7795518834501358,18.813492444183122,-2.8628727472238498,,0.1208664483672591,0.3461538461538461,0,2
-0.99416640180414095,0.070466128745663867,-0.081655925831550014,-0.058121545803568306,-0.98775748363820304,-0.14476546352680214,-0.090857313614324878,-0.13917499134659811,0.98609090369319563,11.371741818214517,-18.652568145740098,-0.75488637884868914,,0.2356921340234636,0.3636363636363636,0,4
0.88325793272139685,0.46886993369681929,0.0040508714945458237,-0.46268623583658858,0.87014359982323763,0.16962182304770457,0.076005733021225402,-0.15169410325321919,0.98550090186975892,-21.226439091392411,5.7710529330738662,-2.9635429426674453,,0.0874052581952757,0.2564102564102564,0,1
0.057463662033394342,-0.98477691260324463,-0.16404987031184567,0.99804302359790942,0.05260660180859577,0.03380337991525758,-0.024658681904254853,-0.16567129458591609,0.98587269541101075,-15.319276310984808,9.8437781600765479,-2.8184106630719463,,0.08158403726420677,0.4,0,1
0.65906465958538829,0.75200216284328836,-0.011248180502286769,-0.74982170917238034,0.65816643105945949,0.067707853903840556,0.0583196273942682,-0.036189723755087784,0.99764178188121388,14.948824911006813,-9.9246161677962395,-1.2217651876096285,0.2506129342998985,0.3019953766601315,0.8166666666666667,1,5
0.71659684265569112,-0.69006935904898159,-0.10145562969900736,0.69681214248922629,0.71468880903674281,0.060603170851172124,0.030688811894052086,-0.11412355558503227,0.99299245258217428,7.1947140352760206,-6.157337975215845,-1.4414477612097014,0.5602939240818967,0.5033013320643029,0.9756756756756757,1,5
0.39047291013037072,-0.90949927557046795,-0.14262529295714832,0.92061440914210158,0.38577986306093531,0.060357327116302879,0.00012702069838723399,-0.15487080097125783,0.98793472399357551,-11.975665688844423,11.707160853081225,-2.7562033223626692,,0.07530055315680244,0.21875,0,3
-0.15693600852176623,0.9517042570323403,0.26387515300947934,-0.98745733592493268,-0.15588622781757072,-0.025049824447333131,0.017294477652992298,-0.26449667507045993,0.96423151261477691,-1.6477909951792213,-19.48072663262532,-1.1197915438140504,,0.4520510971959252,0.3703703703703703,0,1
0.99428692458478285,-0.078120395068026344,-0.072737304556517973,0.083354138532378344,0.99392009942625437,0.071936941455889802,0.066675326690292552,-0.077588915644688131,0.99475341717423726,-2.6049115404871537,-9.7269507846609997,-1.4343036766510753,0.6285317462611135,0.4908572985907647,0.7330097087378641,1,2
0.11872093529058596,0.99162241299867959,-0.050895280354922648,-0.99212788364105065,0.12052627012814249,0.033995304248225396,0.039844723937554456,0.046458672470009975,0.99812523749610993,-6.9957330533774575,7.1998382224327075,-2.4076511460084662,,0.07455825038745978,0.3076923076923077,0,5
0.9496439413020531,0.30879081134189978,-0.053147150244516557,-0.28985377516799832,0.9301794363154996,0.22527983770554871,0.11900073012028754,-0.19853073083679032,0.97284344842541226,18.042436048808863,-20.898664056395695,-0.51759519950818411,,0.5478313568090158,0.1818181818181818,0,3
0.35478214210433889,0.9336893040445432,-0.048517163526662577,-0.93335136026677945,0.3567310656959769,0.039977306757277536,0.054633963173190012,0.031100326046987103,0.99802199363929933,14.540951540823217,-12.470344921373492,-1.0146439218338514,,0.09384390593176531,0.2380952380952381,0,4
0.88075712829792652,0.4731489855748045,-0.019922811094904447,-0.46743576931086439,0.87533048195106311,0.12369457925099407,0.075965008531232808,-0.099632247876144095,0.99212032166567188,-14.519003504925989,9.1718934808077144,-2.7718886107814087,,0.1815640747275138,0.5526315789473685,0,1
-0.98478907765432766,-0.15579046503229566,-0.076940259537906952,0.1568174773608432,-0.98759946728417258,-0.0074545968503240785,-0.074824804222402577,-0.019406782964738613,0.99700783620192246,-8.3120209579520647,12.540242467152318,-2.6577897650333169,,0.1103241129115991,0.4864864864864865,0,5
0.53458011244982739,-0.8360386754157475,-0.12354528150524859,0.8450772879229278,0.53024319662152986,0.068458234518645633,0.0082753132845806935,-0.14100172213722442,0.98997476409471064,1.7463089088410806,18.194818292201958,-2.5732626251309245,,0.1958547716462474,0.7666666666666667,0,3
-0.045205603498909765,0.99865187359606655,-0.025512521932677824,-0.99865101458379768,-0.044522999902302782,0.0267180379229374,0.02554612461903609,0.026685910941273271,0.99931739586288737,-18.294856030556758,14.662732751284238,-3.1238386353112104,,0.2693010798860231,0.6944444444444444,0,1
-0.090705151628368022,-0.97889648046213562,-0.183123608546025,0.99576239541827438,-0.091947347003182273,-0.0017138406974805021,-0.015160057352619867,-0.18250305728376012,0.98308840230324412,9.9306574510528893,19.567674760014146,-2.3284858783516391,0.454210476897927,0.3198369950114282,0.5882352941176471,1,5
0.79330336934693768,0.60862419108550014,0.015695802251447882,-0.60336758105914767,0.7824844185770321,0.15383659126162841,0.081346950217135047,-0.13150942441393637,0.98797163166797775,-8.6542705296686773,13.878862170014415,-2.7175151632238821,0.5446233571493051,0.5292901582949165,0.7931034482758621,1,5
-0.99733955444229527,0.022876887707268534,-0.069213157373966397,-0.019584350543351399,-0.99866102575384152,-0.047881195203138188,-0.070215855464699314,-0.046398315153838451,0.99645217145242149,-7.5120114599781429,1.7608486608454723,-2.2168951411750477,,0.06423982914270826,0.2634408602150538,0,1
0.98158858777413827,0.18112320260056594,-0.060648411613881258,-0.17632369214408491,0.98132448656071425,0.076890881546698195,0.073442494104233633,-0.064781459971698291,0.99519322872680571,-1.5339492848148339,-11.921337447825191,-1.3172839818067064,,0.07965416433135364,0.28,0,5
0.18653575700922542,-0.96999346718502066,-0.15593936313637313,0.9824304331643392,0.183213847551805,0.035540541045312388,-0.0059038419291810914,-0.15982915780184301,0.98712703588080752,-10.815653225391356,8.2508842773987574,-2.5769730807538225,0.1866153212962265,0.1256156649531015,0.2705882352941176,1,4
-0.82798976772420907,-0.54565300929324012,-0.1292119885817189,0.55659253501445449,-0.82772879183461889,-0.071202507920623104,-0.068100620483180982,-0.13087337627353549,0.98905736177057602,10.975783530197406,-13.009135236798985,-0.99248338863006635,,0.1551358923777799,0.4242424242424243,0,3
0.33605921131284811,0.94176491092561698,-0.011960729118708319,-0.94072404155071276,0.33625190737062238,0.044417704106709158,0.045852853131284371,-0.0036752331739835463,0.99894144399000551,-9.5683276569643105,14.476963611313819,-2.7849642917010091,,0.09313502759532548,0.25,0,3
0.74634838115045765,-0.61165780719516827,-0.26237153209007241,0.65815207219820115,0.73691359354276753,0.15425370502228106,0.098994665590157918,-0.28780737056073735,0.95255812087011749,9.0478333195033525,20.536601143605527,-2.4001169239849278,,0.564549757926526,0.4,0,2
0.83683851337977222,-0.53859952266137434,-0.098040077077045706,0.54545015702318,0.8355952255368061,0.065305017138680074,0.04674856925855389,-0.10812572889481278,0.99303746053371211,9.3511154992219048,-5.4468753775839733,-1.5053035287307528,,0.08299537004476103,0.3095238095238095,0,5
-0.91518636588067659,-0.3898824005244606,-0.10210597175191394,0.3980795530941228,-0.91404246994169613,-0.077839787713390438,-0.062980831325905443,-0.11188421204158427,0.99172341808658027,-7.0195053300934527,-15.448603049732236,-1.4598757982797683,,0.2062217253655602,0.2894736842105263,0,3
-0.47366256004407581,0.88019644281608223,-0.029966669257822532,-0.88066769290859825,-0.47368652166856967,0.0067449133855889184,-0.008257958557632462,0.029585490420935182,0.99952814111310206,-19.288615516708813,0.67150856051198382,-2.6523191558260759,,0.1257760351955326,0.3953488372093023,0,1
-0.31071603194275582,-0.91369939143961398,-0.26193313951584563,0.95033417216026517,-0.30382257858776979,-0.067504088503898996,-0.017902757279595897,-0.26989861582297436,0.96272230080051147,-4.467090714787723,17.970658787397348,-2.7258810045681767,,0.3622647874529439,0.1818181818181818,0,6
-0.12843429276127169,-0.98651543664368357,-0.10144912866374763,0.99100312484470265,-0.13155193125973985,0.024635257860776881,-0.037648890965687888,-0.097372391598205765,0.99453565967415103,4.933019248351048,-6.2954926029877818,-1.3927458379878499,,0.09680289663283004,0.4084507042253521,0,1
0.21346885706050817,0.97592462734017416,-0.044745601082377469,-0.9763538720218975,0.21471434934952052,0.025117021544384999,0.034119842513254915,0.038325838990882426,0.99868261545523873,5.5340083166810761,-16.003186267655892,-0.95701750789181217,,0.09536693311808583,0.48,0,5
0.93750593231295498,-0.32428369284338071,-0.12618523461117229,0.3451017444821281,0.91295089075039215,0.2177738667367079,0.044580408627655055,-0.24771103656059679,0.96780774409624637,-9.5454076584614054,-7.4897593268346574,-1.8768714450181956,,0.1386479064831966,0.1176470588235294,0,2
0.2265560230700262,0.97191637841096168,0.063646852139082402,-0.97225929955791446,0.22176527704620097,0.074377525636281361,0.058174073553840855,-0.078731920293755198,0.99519699652531624,15.178488192164416,-1.1469516459413687,-1.7225618334607047,0.4593865767828611,0.4387358649108258,0.475,1,9
0.80359968729907794,0.59481209908143984,0.020642416504771707,-0.59190789820359768,0.79508769563855108,0.13221420607627435,0.062230078073424615,-0.11846570402657251,0.99100620298384856,-18.166375719237791,3.1572919964757391,-2.6935121629809942,,0.4731349223245845,0.5460122699386503,1,2
-0.52976920245706949,-0.82894605158573897,-0.17942417810432917,0.84618168547284345,-0.53095675339223625,-0.04540353727975896,-0.057629396130262862,-0.17587884917632857,0.982723502880679,-13.377192434291173,19.73836129413456,-3.0910976053676533,,0.1223962484623968,0.1333333333333333,0,3
0.47998493809946902,0.87704597887143465,-0.020119894211828047,-0.87522264547101103,0.48030365277185116,0.057390957377813002,0.059998167075117056,-0.0099374080857858125,0.99814902087221535,-4.5576343995329971,3.8279009905863943,-2.1696473040206428,,0.09103476248535222,0.20625,0,5
-0.77287939905561265,0.63443113856023392,0.012432414914277864,-0.63433710679890898,-0.77195724663108534,-0.04121218644702327,-0.016549001583940407,-0.039738392002189801,0.99907306577029475,13.498843716035047,-23.474991678361928,-0.57423533611221766,,0.1582350909059461,0.2608695652173913,0,4
-0.66264355705693179,-0.73104429510592739,-0.16271986628563012,0.74575983784344158,-0.66405721660774775,-0.053574969257049514,-0.068889625856578998,-0.15685104929278518,0.98521671107685316,7.0915445739038745,-8.5782982289569443,-1.3312942442989366,0.7209016798927121,0.2035951215187521,0.1509433962264151,1,4
-0.84573933858758643,0.53098629428977639,-0.052711729641929328,-0.53171975320444853,-0.8469203548546036,-0.00012878336168166968,-0.044711018973328201,0.027918950721056528,0.99860976210580021,-21.88524862524023,-0.027073677887396085,-2.7747725060004704,,0.08118354176949147,0.3333333333333333,0,1
-0.51079812137071723,-0.85197272099456489,-0.1150120075699204,0.85734099525166663,-0.51472234364301794,0.0052275056691245009,-0.063652942312416499,-0.095934308960644227,0.99335034670513689,6.8338879390251792,14.574564890209867,-2.2850338968491641,,0.1061767889087244,0.3333333333333333,0,5
0.65814516231474196,-0.74604968228249424,-0.1012660697760716,0.75245844587384914,0.65634896992106995,0.054884578131414764,0.025519258508329059,-0.11232052906633164,0.99334428381878004,20.172310813413844,6.7957238958685267,-1.8509595514804202,0.1203411917287153,0.1581034444495701,0.3636363636363636,1,5
-0.21864808037105068,0.97493756028616174,-0.041106818088001977,-0.97578681385735111,-0.218201775718706,0.015102283778354706,0.0057542030006705836,0.043413576407261303,0.9990406150559431,27.670636359334765,10.156118259374189,-1.2941200902598557,0.8450225092223219,0.6122904260283886,0.6885245901639344,1,5
0.0061976359572269313,0.99897203600195372,-0.044905017477487139,-0.99950375128335511,0.0075753439668341874,0.030575567603662465,0.030884307974174744,0.044693237182999931,0.99852324663528025,-0.98157113561917686,-15.88374962685857,-1.1921601925531691,0.4434277294971335,0.09451867340888062,0.2352941176470588,1,5
0.3832251594812407,0.9229342148783668,-0.036481668649194179,-0.92208988625419064,0.38457558747007509,0.043033233550130751,0.053746802772919815,0.017147959904856225,0.99840734605810544,-6.3105990758136397,-20.297541655875285,-1.2395003308521693,,0.08156958792601487,0.3666666666666666,0,1
-0.90534839780561549,0.4246557054389114,0.0034366304696710204,-0.42029989279445851,-0.89484538617488241,-0.15033208226620332,-0.060764123525081905,-0.13754732523646609,0.98862958412770663,13.260204452947931,10.235363260174381,-2.1292545046348588,,0.2857255921603937,0.375,0,5
0.43170511882106677,0.90085861027092939,-0.04565582859196117,-0.90034498356039783,0.43343200685991923,0.038930784823973351,0.054859830124747433,0.024299377154834816,0.99819834667693741,-1.4827421657094872,2.425938392225468,-1.9621129996314202,,0.07825253182157113,0.4016393442622951,0,5
-0.43272498204313636,0.90092751286321171,0.032843667302467093,-0.90150204198973594,-0.4321607648468489,-0.023046509829544419,-0.006569490399099342,-0.039581433691752196,0.99919475173901995,-0.66708379672834506,12.853252035669204,-2.4282586946951437,0.3336386398521504,0.2896608979915478,0.6829268292682927,1,7
0.92223268776011036,0.38638930260024534,0.013790448247205947,-0.3790433351393096,0.89651482645781599,0.229319244782861,0.076243161747345245,-0.2167128809679035,0.97325356794072926,11.694386540738675,-17.10473531380589,-0.81674204210069323,,0.4661745664895388,0.6,0,2
-0.21261856898413334,-0.97150711674465129,-0.10472471646002446,0.97604746375489559,-0.21621435589904939,0.024139196357658533,-0.046094388170076626,-0.097083852507265173,0.9942082442635306,-8.3794928697558575,3.9332814531437075,-2.3528584016548826,,0.0924516819559912,0.3773584905660378,0,5
-0.99292649630168361,-0.1055537257038504,-0.054363442975024608,0.10839237107889547,-0.9927358628841183,-0.052216859687460114,-0.048456855386596019,-0.057740086021421631,0.99715496069180787,22.917151538284777,1.7107483750365657,-1.8558828321646752,0.2685204518560108,0.2045969097804031,0.5555555555555556,1,5
-0.69717057739916921,0.71036126957114865,0.096643948088717138,-0.71676122595631686,-0.6879655277443899,-0.11382784194115603,-0.014371185563707978,-0.1486280570035447,0.98878873865798267,-13.557010285298965,12.688023611389657,-2.8508781228030924,,0.3079632097786711,0.2941176470588235,0,3
-0.99489395841895001,-0.071002538575948654,-0.07172622266118947,0.075102537128307931,-0.99559205767893844,-0.056178853704111749,-0.067421216381512564,-0.061278823441608093,0.99584099402427118,11.729842387545677,-12.52392570092713,-1.0273442045469918,,0.1167293417285591,0.4736842105263158,0,7
0.40650980661637337,0.91326062607904956,0.026548182205566716,-0.91072863063938903,0.4027200919244599,0.091596336684702059,0.072959841408965331,-0.061412998738507238,0.99544226609458453,18.257702315188023,11.204080314040937,-1.9156180672350014,,0.1968447740965596,0.303030303030303,0,5
-0.89611889891919649,0.44071180799657605,-0.052383406649761252,-0.44121956176725041,-0.89739680924680432,-0.0020652040017544904,-0.0479188617744686,0.021261915389787604,0.99862491138574905,16.313924028366952,-13.287362836909997,-0.92358805704146163,0.3675648681839208,0.3340269072149578,0.7758620689655172,1,5
-0.65715639278182147,0.75353840156716256,-0.018037538346168874,-0.75333535380522698,-0.65740079727383383,-0.01760785196669129,-0.025126084715640547,0.0020172028487193483,0.99968225489878992,8.3681736210871147,-19.246720572027236,-0.81451334992781355,0.4187534207320383,0.2135140309091926,0.55,1,5
-0.82131057125260232,0.56810804081501387,-0.051982684713784026,-0.56908127565291411,-0.82226650200160856,0.0049296437288097756,-0.039943050083565489,0.033631141035763971,0.998635819056505,-18.339701386229628,-0.4175436750426747,-2.5664019342704272,,0.3355428406092517,0.8773584905660378,1,3
-0.59952524764278381,0.79880890258596327,-0.049737456592266839,-0.80020181056428097,-0.59947047574182144,0.01766949584795275,-0.015701586178004025,0.050393311691961283,0.99860601556780715,-10.05325360340858,8.2881968805664918,-2.5488061328249239,,0.081917890197342,0.273972602739726,0,2
0.99804605971073046,-0.00052112170523565724,-0.062480325927854317,0.0065068818052747791,0.9953949865040127,0.095637238206915623,0.062142764543064513,-0.095856920849996363,0.99345343501348882,24.749433999627435,-7.8321135469052008,-1.1791815503195373,0.5442103343351339,0.6194182319437598,0.8985507246376812,1,5
-0.69018481541738841,-0.71079094283434352,-0.13572455987009449,0.72112623456546709,-0.69118631894826188,-0.047312010316444983,-0.060182010507269443,-0.13052857190445763,0.98961629813169816,-5.60401117248822,11.32659870446129,-2.5097677595266616,0.8002476166962227,0.3256764744066001,0.6896551724137931,1,5
-0.99697503801876808,-0.013978231967197661,-0.076455101847732632,0.030181664478038037,-0.97612443866002818,-0.21510496828288364,-0.071622906229858452,-0.21676182616345629,0.97359358565136023,-20.090975726969052,13.944071400955679,-3.2008725934694819,,0.3034282434834264,0.36,0,1
0.45035102753233097,-0.86212866823753964,-0.23220273771758224,0.89285102018489648,0.43514663369521145,0.11603647244946708,0.0010038701927769817,-0.25957959585971363,0.96572119457840633,3.4023001712630183,-18.800275098265512,-0.97057493251852478,,0.1046530001348338,0.3783783783783784,0,5
0.64042470306713672,0.76733738334036772,0.032396602132458027,-0.76461124437250327,0.63304360595199161,0.12093567688004148,0.072290004015103965,-0.10222100122606333,0.99213155489977189,21.369368947333029,3.9940185478434893,-1.8419736504038355,,0.2884371236907159,0.4473684210526316,0,6
0.44422768172766081,-0.85409989440638334,-0.27050903342009297,0.89589560083889141,0.42541733495002565,0.12802797944800978,0.0057305483498756105,-0.29922142553470793,0.95416649454725,-8.9672714983874897,-21.337369896747713,-1.2934922689859547,,0.08955618306425647,0.2777777777777778,0,1
0.80748193288958015,0.58618815723014273,0.06600282100059926,-0.58521263202859453,0.78198010785272987,0.21455369080208911,0.074155939553569347,-0.21187391355653706,0.97447952332676768,-3.5970479753474822,-20.796671713907205,-1.1491680237725703,,0.255498600201988,0.3333333333333333,0,1
0.42379557004354157,0.90281893472655372,0.072906007370311068,-0.89834791457698093,0.40868976847479205,0.1610704737660196,0.11562153426874526,-0.13375591292810654,0.98424642065394863,-0.25144253412770595,-13.093789821676848,-1.2339585861060718,,0.4047063051722927,0.2962962962962963,0,4
0.99130751005296946,0.11213884169297711,-0.068806254776282563,-0.10862684029189552,0.99267772118651498,0.052831348914696742,0.074226882467070571,-0.044897906896700958,0.9962301681215614,-8.6140582024987982,15.366448004940121,-2.7763429349212982,,0.1036517390756898,0.8214285714285714,1,5
0.48647623064165163,0.87357970987714417,-0.014119756076314785,-0.87241283012191784,0.48657434909958064,0.046273714320172882,0.047294089053032229,-0.010192805761097393,0.99882900230788241,-14.432982951195132,15.804128390575544,-3.0019313447262568,,0.1021836559888306,0.2352941176470588,0,2
-0.99476913057444905,0.079244935080468898,-0.064456319474878371,-0.066503073161335302,-0.98138136581310476,-0.18018866805352662,-0.077535270143679794,-0.17495958132922629,0.98151791974718883,-8.0195060498888573,-11.665907189224439,-1.6333893064931211,0.6597558396342726,0.5683318326237198,0.2352941176470588,1,2
0.39381617313160444,0.91705276336810981,0.062634263617390357,-0.91780118953777701,0.38856422558359471,0.081601587482500251,0.050495527158561405,-0.089621826557685511,0.99469499342333279,15.253196979211781,10.079713478822196,-2.1221213055377843,,0.2924485672326073,0.45,0,5
-0.99759210482780114,0.021080785207755443,-0.066072633368604763,-0.019204918943970448,-0.99939783576685326,-0.028898736181463946,-0.066642054842217399,-0.027560231485871202,0.99739624531419413,-8.2097510580256863,8.6714078706587809,-2.497506250524391,,0.1051761508480134,0.2875,1,5
-0.595585630899648,-0.78866043585618351,-0.15261871831791526,0.79936984445807835,-0.60063399398276052,-0.015705318952036484,-0.079281826649845871,-0.13135266341971205,0.98816034618659543,9.1890168097784954,5.8725436775173678,-1.9498684931114867,,0.08435839850460282,0.3023255813953488,0,5
-0.97936953682007466,-0.18564676410828657,-0.079815971615670514,0.18769519522454772,-0.98204524933439907,-0.018911423779194907,-0.074872051116890437,-0.033502346721678504,0.99663020660909585,-13.675998659469078,0.26587745842149446,-2.395527547002045,,0.07394762006983706,0.261744966442953,0,4
-0.77220595155457783,-0.62462380306583964,-0.1163747095689404,0.62920450004240291,-0.777232281787542,-0.0034172026161383689,-0.088315714966691217,-0.075862275149754965,0.99319950145931113,-10.851572722643532,12.798750417567257,-2.7590725753225755,,0.1374253182639111,0.4090909090909091,1,5
-0.99543873634440405,0.065859461127816474,-0.069023572531495631,-0.066155349154782925,-0.99780731650726961,0.0020072126871637295,-0.068740031737450968,0.006564335801616303,0.99761300990525337,-22.58853086204034,16.99784018588181,-3.4123996330460198,,0.2549031683286607,0.7575757575757576,0,1
-0.12770386589319596,-0.97786910220598156,-0.16572188022949899,0.99103652953957921,-0.13241767906724974,0.017667919758427734,-0.039221419582672043,-0.1619801753959744,0.98601425092369221,21.511594401424496,14.799951911438571,-1.5693174286873277,0.3395845643098214,0.3054717154374318,0.7619047619047619,1,5
-0.9954309039217365,-0.05899911902451737,-0.075076091213411272,0.061606837491471493,-0.9975579785531361,-0.032904057489613787,-0.07295144338430215,-0.037378916240458561,0.99663478944337214,-4.9924319675279438,-16.374527206065487,-1.3296968808886582,,0.09420921494140251,0.5142857142857142,0,3
-0.43957846391196437,0.89725464725599091,-0.041290096177228633,-0.89819446172912298,-0.43932299562293819,0.01555681317040004,-0.0041812658285046728,0.043924975747459467,0.9990260825031827,16.155329839988397,-4.5882613474382712,-1.4957340886378756,,0.08418262679360859,0.2222222222222222,0,2
0.68433832877146306,0.72793447620768892,-0.042337337215715323,-0.72582035075448259,0.68560501517068206,0.055951600544113037,0.069755789759127579,-0.0075605238605255167,0.99753544712658382,-6.3986575760167437,3.2398149619286953,-2.2489715727117066,,0.09442847890324321,0.415,0,5
-0.051383102901218128,-0.99244291588707889,-0.11143085498098738,0.9980235723958305,-0.055070565108598923,0.030268495186959555,-0.036176313777197482,-0.10965533076039022,0.9933111208263613,-1.0726599850697334,11.949680025445796,-2.40099665949346,,0.07636108612009901,0.3333333333333333,0,5
-0.17588222995800051,0.983203828866971,0.048740866696523978,-0.9843320672310274,-0.17628023464996725,0.0039573087375570836,0.012482892521080877,-0.047281177788627574,0.99880361814584295,18.637304628405218,-11.439618901390578,-1.1146462824013901,,0.5056083436301915,0.9206349206349206,0,6
0.61820463970289186,0.7859530824474219,-0.010038707148520129,-0.78337525825561261,0.61712276312454561,0.074045256340150592,0.064391212154843724,-0.037911046212446627,0.99720435436890664,14.342107935463865,8.2483849210979834,-2.1059017179803026,0.4695630962561325,0.4899355154589939,0.744,1,5
-0.64150086242997806,-0.76064486648699003,-0.099478794667931511,0.76455264150386093,-0.64455872640204059,-0.001818402719332232,-0.062736766501505947,-0.077223282149683825,0.99503802079265646,-4.0023007597487359,-6.4414012139361718,-1.6539359532207165,0.4972266640085821,0.4271138692806727,0.9668386145910096,1,4
-0.79038244288076265,-0.5944955936081483,-0.14788706220063089,0.60832236821929331,-0.7901572587437975,-0.074802424951055352,-0.072384323647517373,-0.14908553127310173,0.98617139182553271,-7.3681082994930023,2.6059146154450934,-2.2631646833455124,,0.07188925622738766,0.253968253968254,0,3
0.98557511049432656,-0.15163363486983569,-0.075159446181141218,0.15922833548727428,0.98129089479883203,0.10823362214606951,0.057341422654539904,-0.11863987761738221,0.99128025335264525,-1.3108167000184172,-27.516449627601425,-0.88052017201271726,0.3198754574268591,0.3186964422727731,0.2222222222222222,1,5
-0.50338099940545822,0.86272174628564025,0.048153482983240133,-0.86401777418082193,-0.50199154551083658,-0.038441827938584985,-0.0089919595851016918,-0.060956350952930796,0.99809992883544618,6.2452669486268269,8.0804178537005971,-2.0808258036813836,0.1098629496612707,0.1346285074999309,0.3157894736842105,1,5
0.29005869310822274,0.95485352210488683,0.064192724480605187,-0.95678085737065766,0.28787239133277359,0.041229567999442419,0.020888885116732852,-0.073377364576846543,0.99708546115482843,4.7702150910196988,16.483490515570043,-2.4122049699772043,,0.2478633112794602,0.6744186046511628,0,4
-0.40994872805443416,-0.89003227708241417,-0.19946073828712296,0.91098386185655167,-0.41038969687877125,-0.041093796766340805,-0.045281826414960029,-0.19855186336885108,0.97904377519561525,8.3513276745322926,-7.3797582359861309,-1.3603966439473216,,0.3177047542657003,0.12,0,3
0.99187713784757991,0.11669589084164006,-0.050614350494399531,-0.10389701098503792,0.97282962117261362,0.20690079573922679,0.073383612091997813,-0.19996148936689379,0.97705181451471956,13.45924664075817,7.3565571495825317,-2.042544306741862,,0.158702204234743,0.5,0,1
0.98913772721552673,0.13106743543033608,-0.066542347182959857,-0.1274464315837236,0.990261140072488,0.056038214986850424,0.073239085708917434,-0.046948927911634811,0.99620873038358304,-9.2921209071127624,-10.488472295562911,-1.7285878610986141,,0.08741376053966103,0.4761904761904762,0,2
-0.24323889745886726,-0.95296716288693528,-0.18079940603392486,0.9689145350756343,-0.24739526815081972,0.00045278665160887536,-0.045160408348048547,-0.1750690371133897,0.98351988783248723,-10.71240924370991,-17.233873565795303,-1.5498151316629463,,0.2686028324302745,0.1428571428571428,0,1
0.99695439535575237,-0.02474664182163494,-0.07395632021267598,0.029449825261772703,0.99756655412828854,0.063195552665243945,0.072212473804040347,-0.065181084703817838,0.99525714507555085,-4.8073973670082779,11.0559416849713,-2.4743647216911255,,0.07618652772133384,0.4210526315789473,0,4
-0.83359272565351861,-0.52186886781207342,-0.18104157684378222,0.54766358066338816,-0.82356145453129481,-0.14768592697090463,-0.072026176856021862,-0.22225979262755449,0.97232341040862647,-9.7588679179569731,-16.2197723622279,-1.5434158552137063,,0.1859346398366751,0.2857142857142857,0,2
0.071360266821582058,0.99744836532130354,0.0021144353884493231,-0.99683368782265869,0.071241425486060078,0.035316541685060085,0.035075791381393565,-0.0046279382637921095,0.99937393954735254,8.8918700830249602,11.414526499513022,-2.1442113872660817,0.1723390281329241,0.1003078767743247,0.3636363636363636,1,5
-0.17113288550560618,-0.97864680582329411,-0.11385940870384799,0.98448114706753354,-0.17441252781432909,0.019420123841278843,-0.038863949453443264,-0.10876901945536105,0.99330704912408663,-3.5585387092607448,7.8641758888404283,-2.3141630392207895,0.4077100766550102,0.3259414011112003,0.886435331230284,1,5
0.097738095834647182,-0.95566439537454484,-0.2777639790109962,0.99494472873423656,0.087358974287606111,0.049531771373255193,-0.023070574040807361,-0.28120094776657706,0.95937155241783401,7.3948865211256605,20.607094507191562,-2.4804680806364527,,0.2143307309083747,0.2857142857142857,0,9
-0.63067071984599021,-0.73592116383355222,-0.24632191082161137,0.77092114896789699,-0.6305391480505329,-0.090005360116635416,-0.08907875842734593,-0.24665851576132064,0.96499976756446126,17.941093137089251,-20.242296822783349,-0.54764447514142878,,0.5511485246988322,0.4146341463414634,0,3
-0.29354166675342391,0.9559462316377676,-0.00030347516181832273,-0.9558550787260135,-0.29351803199932991,-0.01371981650488229,-0.013204482318861448,-0.0037372595297030472,0.99990583283522205,-11.048167198707645,0.97859559028620302,-2.3065479260936019,0.1335139691481106,0.163377269394752,0.599250936329588,1,5
0.9209196985991015,-0.36340055440242686,-0.14087918864100635,0.38580448515155469,0.90127392199803236,0.19712994892514035,0.055333606145662378,-0.23589267599120875,0.97020247239667612,-3.1485314013354682,-7.4647644824255615,-1.5683804141614055,0.3282974706524874,0.3063979949389411,0.2446808510638298,1,2
