axis_00,axis_01,axis_02,axis_10,axis_11,axis_12,axis_20,axis_21,axis_22,location_x,location_y,location_z,dbh,dbh_approximation,score,reconstructed,number_clusters
0.23367253698736251,-0.93978664721039773,-0.24939567595074333,0.97004827092642432,0.24283389577295139,-0.0061685603170729556,0.066358854198544689,-0.24048442109369542,0.96838202465797851,10.28673183204679,0.4151059168838489,-1.8546485267444384,,0.3304403331198872,0.1891891891891892,0,1
0.5590058011335689,0.81721933947235104,0.14023218422099371,-0.82903654128153226,0.55383092952529522,0.077263928977897176,-0.014523343932119577,-0.15944858949994389,0.98709939711637307,-2.2182330517666595,10.921245682992227,-0.94772290963041506,0.212700753328625,0.1572929810463872,0.2205882352941176,1,5
-0.68408624003255802,-0.68838660693196285,-0.24114289455594107,0.72939310240430066,-0.64406109355661845,-0.23058839938662015,0.0034232094805199832,-0.33363031511442964,0.94269777472607841,9.9362739122646797,-3.9597198350361507,-2.1702665426985033,,0.2827430260764726,0.148936170212766,0,4
-0.59500762576115607,-0.75978126412754632,-0.26210371223395479,0.80329484327648393,-0.57278799754311871,-0.16319100660254934,-0.026140391188373073,-0.30764645382531536,0.95114159797436415,-11.549475384180628,0.39469013555126031,-1.7627604774740395,,0.2559714484412577,0.3270300333704116,0,2
0.99824548385261436,-0.02103998288139336,-0.055346843525274587,0.027015349990841885,0.99361600516257531,0.10953266704339132,0.052688944122395144,-0.11083570455912113,0.99244109233855837,1.4696632970162238,-28.592642538248136,-3.9152003693594977,,0.2168573698807495,0.4090909090909091,0,6
0.40460366472896636,-0.89330365016439617,-0.19571526024011887,0.91429951281549571,0.39953831713065835,0.066524687220234954,0.018768999793245339,-0.20585849933235387,0.978401759452319,14.417164793889834,2.7860899014446145,-1.8343636498450808,,0.5688716450722062,0.2173913043478261,0,2
-0.55738384590400258,-0.82543063860007593,-0.089372866047435578,0.83005223863990507,-0.55163136781533062,-0.081951907671932375,0.018344739140814414,-0.1198628170136897,0.9926209627261543,-13.142394393584169,10.744824598755946,-1.0819236274311539,,0.08069610514092125,0.2307692307692308,0,3
-0.15401360013474322,-0.93820256470448038,-0.30992863461685838,0.98799412588492941,-0.14237529717615177,-0.059974010795314774,0.012141589286804368,-0.31544448376209905,0.94886635490655524,7.8101766788958642,7.7524336118892725,-1.2136337146037868,,0.2199372514273593,0.1333333333333333,1,2
-0.21804367235118416,0.97116920236487425,0.096370832338335558,-0.97226655191964451,-0.20760304345674715,-0.10769739256723632,-0.084585512742401239,-0.11718087184122701,0.9895018617004393,15.270870412676347,0.63292138599335046,-2.0213919778809424,,0.5552683250689191,0.3333333333333333,0,4
-0.98085585128318775,0.19396921054552893,-0.0172552706115328,-0.18654005689177616,-0.96131706396412631,-0.20266304474719887,-0.055898176878552551,-0.19556443411759808,0.97909649469800364,-9.5963702522767118,2.7343470327700854,-1.5729324380939922,,0.1117044077603226,0.2832512315270936,0,4
0.97501151626323468,-0.16488888049851416,-0.14887645966376389,0.19142934296061354,0.96364230278382124,0.18640900981219852,0.11272688147792201,-0.21025025415785625,0.97112691282798935,-3.9513984097879153,4.8977882181043224,-1.3631892866036028,,0.2986654655033945,0.1287128712871287,0,3
0.51219999339589883,-0.83558610643283382,-0.19861275261588404,0.85817099248105488,0.5072157686366765,0.079213077899974324,0.034550172638111457,-0.21101664100900305,0.97687167160684663,-8.2965111711225568,11.84306282311522,-0.93395392771709296,,0.2269832382055754,0.2941176470588235,0,2
-0.98705376871917572,0.15720266936573815,-0.031814751320058544,-0.15004750808776118,-0.97513418310693534,-0.16309221395585491,-0.056662182925864106,-0.1562070602778742,0.9860977392456689,6.5561578254558173,5.552312753668871,-1.3302687044140513,0.2457087059843915,0.1469700990191187,0.125,1,5
-0.3164288271582803,-0.93837891344879409,-0.13898853239708645,0.94703969326586024,-0.30405004996943796,-0.10329272235974868,0.054668242354595942,-0.16431245207908995,0.98489227906894283,-1.6037649839274586,-30.941841272733022,-4.1491220228381405,,0.3004802782826195,0.6923076923076923,0,4
-0.97073426786854133,-0.20394998079257409,-0.12680452089904579,0.22791604454554104,-0.94878522867526249,-0.21877126522088322,-0.075691861018491957,-0.24126954880867124,0.96750180722994961,3.4594906555615701,11.155984368856879,-0.91047694686102121,,0.2973178896839364,0.3076923076923077,0,2
-0.98109078089023438,-0.17557044736062466,-0.081461019302367529,0.19004407939072135,-0.95357474281951904,-0.23362032819346365,-0.036662344997608648,-0.24468393463870625,0.96890951310687312,-16.359960549924818,2.7578289891704539,-1.6847144718672402,,0.1579973511769058,0.125,0,1
-0.99814311858309379,-0.020166590595140269,-0.057477155888093524,0.039919944168454673,-0.92928739481476774,-0.36719386690952505,-0.046007748073597921,-0.3688065162956729,0.92836686749099684,-21.904341626444914,3.4816979543026876,-1.8043529011691906,,0.1306981958908739,0.5333333333333333,0,1
-0.37209010808519005,0.92786525786111229,0.024799490306944054,-0.9261843750453812,-0.3693925742486272,-0.075707526123699118,-0.061085635684257004,-0.051138922009610462,0.99682162685645348,-20.098712597762322,-30.922898730657408,-4.1389474659546259,,0.5120679563376986,0.8923076923076924,0,5
-0.71114782082025152,-0.66586931540132432,-0.22558109794390707,0.70181400159732477,-0.69132939196391219,-0.17181611964177851,-0.041543761319329853,-0.28050263209777393,0.95895379934680025,-10.780083261734182,-26.868769448573168,-3.7207925837809683,,0.2719207576900496,0.1538461538461539,0,2
0.99648857628789089,-0.063942347562252908,-0.054054542047460262,0.065686045998676348,0.99735494603250963,0.03112000940794301,0.051921678408853478,-0.034561363004353689,0.99805293020885877,-27.764483078414688,3.9326743502970927,-1.95823879385927,,0.6463605078651754,0.8775510204081632,0,1
0.48919711111442349,0.8643628104624087,0.11646080184692149,-0.87212395513899776,0.48620860515005965,0.054781375947898128,-0.009273259945326115,-0.12836714598198123,0.99168335797391838,5.1777165325859631,7.2818308169118078,-1.2115540512651368,,0.3250416840470014,0.4516129032258064,0,2
-0.97509329061420136,-0.21045780897150185,-0.070004180175778932,0.2190598545773608,-0.96325573116663366,-0.15540648791855377,-0.034725418812645653,-0.16687092921641225,0.9853670576342286,-19.938165727830562,3.8194319958699117,-1.7450453492584086,,0.07747031446368673,0.2105263157894737,0,1
-0.68620013931920676,0.72691139910022173,0.027003456379873232,-0.72361003876975838,-0.6783514137211436,-0.12738866234541757,-0.074282437964368939,-0.10695408996707047,0.99148522028792019,-10.011886653163087,9.422537520447019,-1.1170501217925113,,0.07390903228972093,0.3333333333333333,0,2
-0.88622511686172967,0.46324074074157906,-0.0036136353726521279,-0.45808449141536439,-0.87746956085841699,-0.1421469960697872,-0.069019134797102075,-0.12431888788164908,0.98983896323984399,-15.14666576432427,3.6542535360389756,-1.5977577727556254,,0.1372725266404915,0.2727272727272727,1,2
0.52981595149777039,-0.79181994007252055,-0.30383587681849167,0.84491489538280951,0.52386522722520401,0.1080927530620865,0.073579053396793201,-0.31398472288924295,0.94657261564731343,1.6610502528646895,-10.341323694086125,-2.5215825687546096,,0.5238017094372035,0.2972972972972973,0,1
-0.82462716261659175,-0.56071017516858657,-0.07479399800332473,0.56566297292369294,-0.81828604897782808,-0.10214373750448352,-0.003929852164883051,-0.12653869570478563,0.99195388741175539,2.8631919103155035,8.9221124696663043,-1.0464799736510892,,0.07641486691581305,0.2258064516129032,0,5
-0.60046185833518617,0.79965283229300199,-0.00095104702062960122,-0.79656568789557802,-0.59824728071157018,-0.087082122095509779,-0.07020442686967987,-0.051531921437032502,0.99620068235316317,-11.297450515916065,11.084663630913651,-0.99664948326432945,,0.262295273768076,0.4230769230769231,1,4
-0.99368390622379754,0.10839781973487794,-0.029020806131804036,-0.098558505174469152,-0.96670764596890657,-0.23614095003414681,-0.053651799313620574,-0.23178921437802094,0.97128535690003615,-14.816482839671218,6.182676292328356,-1.4065362941909585,,0.402796004003567,0.4130434782608696,0,1
-0.096622249435422539,-0.98857744694942495,-0.11566664297452815,0.99179453831600817,-0.085853609135711037,-0.094724609077631777,0.083712213449272543,-0.12387004957345644,0.98876108142366403,-4.3556906680523459,-31.680881711875138,-4.2020528075017136,,0.2730821788657457,0.6764705882352942,0,2
-0.92221253974027406,-0.38105794220626515,-0.065718157516160766,0.38601698439714083,-0.91720352875765265,-0.098633536849524819,-0.022691833392868177,-0.11632940950609091,0.99295143344537939,-11.034094963858182,3.0779418520047441,-1.5913537331284535,,0.09537305144521055,0.4121863799283154,0,1
-0.90527213348979985,-0.40115228661785823,-0.13985423578887107,0.42253731386490062,-0.88436605336094054,-0.19839078117349226,-0.044097423038764759,-0.23869127886049343,0.97009375355028549,9.7522091616300894,9.3107908896311233,-1.1028624757839836,0.5684495256992073,0.3497684971700146,0.3125,1,3
-0.99877380705619156,0.03444122364543397,-0.035562402228854567,-0.027706318315094305,-0.98417618657138273,-0.17501312439709774,-0.041027335569158337,-0.17381322130268601,0.9839236361814262,0.65146260034055292,5.3647119475508189,-1.2796053930700286,0.4427454429272364,0.4248386231841198,0.532258064516129,1,2
0.2211065014796498,0.95796832356072903,0.18278021243470638,-0.97402305604731865,0.22631230711012901,-0.0078629472040079394,-0.048897865921447882,-0.17629359235303341,0.98312235657805636,-6.2172757523733893,7.9165569997101093,-1.1863032800291211,,0.4742342206550378,0.2127659574468085,0,5
0.99896632294264809,-0.019651852805921459,-0.04098890469065674,0.023613728282323682,0.99485397401834741,0.098528991756287182,0.038841697479048712,-0.099395045455979936,0.99428966980239231,-6.8025672745514223,9.6208200657673135,-1.0959543924876203,0.5774236436742108,0.3313071473171847,0.4044117647058824,1,5
0.76982623255330218,0.63807487791928796,0.01510039208348603,-0.63494161661757931,0.76321014613081029,0.11983078206388641,0.064936239187717265,-0.10183674686120542,0.99267948595147404,-10.97034896136285,33.988634349693029,0.4449629202132897,,0.4943862723849076,0.4615384615384616,0,2
0.98948206250263748,0.14330658652515943,-0.019709648501005199,-0.1390256732117951,0.97974544260812402,0.14412053939885966,0.039963860843683231,-0.13986454142175617,0.98936383594679078,-9.0781317285806313,7.4579299912580863,-1.2556569329203986,,0.5266239116346164,0.1395348837209302,0,1
-0.99104700867758055,-0.12130772014328443,-0.055769737536206357,0.12694379476439283,-0.98555500165918786,-0.11210089952972406,-0.041365439222066126,-0.11817688326485927,0.9921305986107718,-2.1943992642279615,5.5524860008376988,-1.2884189865828264,,0.08528957074847365,0.5,0,3
0.52189005185980242,-0.8243747731621075,-0.21917346359378367,0.84975558692659892,0.5248752414304777,0.049207960944633346,0.074472922977439307,-0.21192502048418108,0.97444423618592713,-0.82798275906638763,10.360540590611949,-0.95783610619200743,0.6162661093462256,0.3861804176064417,0.3789473684210526,1,5
-0.98729916871535839,-0.15471468377633679,-0.036107036404966104,0.15882186877498808,-0.96687487113531101,-0.19982141418250318,-0.0039956792641431651,-0.20301810311167601,0.97916683172795138,-14.645484499342468,-30.659919287737978,-4.1188575948627797,1.017384993996037,0.6196513435292695,0.6296296296296297,1,4
0.9911790071569031,0.13103691712944979,-0.01983688787755402,-0.1269247876916669,0.98163457613298932,0.1424207049892425,0.038134945140673553,-0.1386466201875016,0.98960741744880909,3.2198589514223173,-29.286813987571684,-3.9612602373247663,,0.3248444296367527,0.2857142857142857,0,2
-0.39859448834696853,0.91595270745599178,0.046401202176847699,-0.91436133092894545,-0.392957044908468,-0.097612075885373392,-0.071174365899993028,-0.081335100423141432,0.99414224891505909,-14.979370051538016,13.894485860188075,-0.94104953807334479,,0.08616562445211097,0.2272727272727273,0,1
-0.9072246572058309,0.41981668627386109,0.02640778831706507,-0.41534302940534612,-0.88408215601678741,-0.21421696790194023,-0.066585203177240745,-0.20531120607201492,0.97642906520602013,10.629931652646141,4.4289054858606498,-1.5747324277268953,,0.2358141559111379,0.3714285714285714,0,5
0.57050036001157278,0.82067292552342497,0.03202012709983601,-0.82107728974565986,0.57081633242121421,-0.00089381492318649095,-0.019011141222677469,-0.025781077440983253,0.99948682460320337,-13.981284671435962,19.823763855969176,-0.52821219220518267,,0.08435141690815755,0.3,0,1
0.97916884429106621,0.20241304551470105,-0.016041613857789461,-0.20048300304485261,0.97629620758729829,0.081561513845550854,0.032170481187207049,-0.076646422330882188,0.99653920448924682,-19.372026911205218,-27.42589433612843,-3.8927606436875211,,0.2017059836661392,0.1764705882352941,0,5
0.96013201738260234,-0.25588156105629589,-0.11256614014972458,0.27260585703591961,0.94620391191321374,0.17431065311633606,0.061907640130489897,-0.19804742813660781,0.97823548305198438,5.5111921531433383,11.065398189328096,-0.93331229669362981,,0.724702615903317,0.575,0,1
-0.36374179792153555,0.93120258082127028,0.023529936604577698,-0.9288115085475277,-0.36065857849853949,-0.085056283395645499,-0.070718357125122644,-0.052793401360581207,0.9960982736348386,-17.736159180622124,5.8365454591362722,-1.5416267460912494,,0.07577818392371344,0.2857142857142857,0,2
-0.84725925794608337,0.53117950038027617,-0.00029698554301085762,-0.52643258726024833,-0.83976199970196563,-0.1329229661384275,-0.070855351915955656,-0.11246387078665029,0.99112632740360107,-14.262242166983233,9.8377201520054864,-1.1842023087006095,,0.09410035782067613,0.186046511627907,0,1
-0.12683951662259232,-0.98988862087872109,-0.063500041557249129,0.99065757211941119,-0.12318490862922769,-0.058506863601501105,0.05009303170524744,-0.070327779296904411,0.99626537209407451,-13.451677244593249,5.2765760538054414,-1.4465174969362744,,0.1102946244556852,0.5694444444444444,0,1
-0.91081613559166741,-0.40452661018123037,-0.082293309577048002,0.41255869716714832,-0.89897274031981977,-0.14711673444451814,-0.014466808134692947,-0.16794711613230132,0.98568984860616105,-7.5966790774303874,10.644109128962782,-1.0255032498110777,0.3655779922571201,0.4007367357393392,0.7945205479452054,1,3
-0.98258680100077134,0.18541008860506847,-0.01209452531241201,-0.17666737680935488,-0.9524484868569193,-0.2482549452785747,-0.057548383733806448,-0.24179532445319796,0.96861922580661231,-21.099846194150956,4.5216585217469039,-1.7286646696837771,,0.2304353175012916,0.4375,0,1
-0.71675744471701175,-0.69407644958113934,-0.067206008508020526,0.69732152784578583,-0.71325323199438972,-0.070799109121347611,0.0012050915146645091,-0.097609985075287758,0.99522401426414719,4.4692940572901252,8.3583263059329873,-1.1326531135659583,,0.07009249214811734,0.2564102564102564,0,5
-0.18798043224552949,0.97419416283921212,0.12493634452308149,-0.98018141795185865,-0.17797924748315674,-0.086992961595826909,-0.062511958813235888,-0.1388132578514582,0.98834363176478057,-1.9507310812674827,19.532319202802931,-0.29681323588898517,,0.3591290329426785,0.4166666666666667,0,5
-0.36543479859169226,0.93049467751914972,0.025240108691963834,-0.9281837244857607,-0.36221335206914057,-0.085302175720068624,-0.070230916112421451,-0.054599841495828846,0.99603537875450954,-22.122585043992437,-27.796254690363828,-3.9897473406411339,,0.08227803103981737,0.2,0,2
-0.92553053588446466,-0.35969457727510462,-0.11837667939379036,0.3786024511060293,-0.88501415379003145,-0.2709430412611154,-0.0073082940501211719,-0.29558375914484813,0.95528887262852491,-10.107814610243029,12.344552024096005,-0.85376525941777304,,0.3178097511326916,0.1818181818181818,0,3
-0.97906014519712015,0.20058342911449165,-0.03474938922148281,-0.19414341797158852,-0.97135980623436635,-0.13699802951372819,-0.061233694522734014,-0.1273829454715463,0.98996162544721411,-3.6952758426871664,3.3464957385042569,-1.4521127048268616,0.1949774494638452,0.1852925698588366,0.4429629629629629,1,5
0.038668383377619714,-0.94664227534317591,-0.31995805765765156,0.99537269589011423,0.064677765142150831,-0.071063232213742056,0.08796563194457753,-0.31572961411516731,0.94476285827041262,12.289669827505179,3.2775816530133262,-1.7236709402039356,,0.6937849951601935,0.2608695652173913,0,2
0.59851269939788287,-0.77491405203372599,-0.20320128104943594,0.79766782971961536,0.5999487423240315,0.06154299321785324,0.074219822755510298,-0.19892138785079197,0.97720095137369589,-13.209607895023773,18.564066416365709,-0.57947262997880122,,0.4722174658673214,0.4166666666666667,0,1
-0.33904478221686613,0.940503326352637,0.022408229986797663,-0.93489752240519608,-0.33417543777769704,-0.1195550056949074,-0.10495360047250755,-0.061483899564909066,0.99257466814449169,7.5746258794258177,-34.151512884280912,-4.448104223372467,,0.6557174001781728,0.9428571428571428,0,5
-0.66627539188368456,0.74060064954825955,0.087107864506823646,-0.74438238515774702,-0.65358351729328579,-0.13683366029381044,-0.044406833225385106,-0.15601046058272469,0.98675669207341066,2.580979853114481,4.9438877110452157,-1.3412354770841914,0.6337477674605325,0.4303297727909995,0.2777777777777778,1,4
-0.96452333874708551,0.26090416309032516,-0.040295740399109534,-0.25680046803719697,-0.96263216141132135,-0.085981634274099661,-0.061222942007486687,-0.072583327966588715,0.99548149750421944,-4.3986636479863197,7.8028747561709535,-1.1648415897076987,,0.2759962334636705,0.8141891891891891,1,1
-0.75745616895411672,0.65191077774842388,-0.035671977360356974,-0.6485545629051247,-0.7575902374996738,-0.073715744452125587,-0.075080830098605056,-0.032701221699399916,0.99664110844931109,-11.043164022427137,13.401621667989792,-0.84779822212509937,,0.1088504294481734,0.1914893617021277,0,2
-0.9822558169140535,-0.17850833249127493,-0.057517696143814447,0.18610216181049563,-0.96570620058610213,-0.1810456282792221,-0.023227042600549776,-0.18853728909884818,0.9817913195334802,7.6993016268218417,4.6575567369290063,-1.4084518882344426,,0.3671201000244454,0.4736842105263158,0,4
0.34131733352980181,0.90640344579879784,0.24886797961202545,-0.93922742481885946,0.33925036966510486,0.052545515034336569,-0.036801118192792158,-0.25167832669134488,0.96711100581763865,-16.914109143291732,-29.306492425566027,-3.9690049337078737,,0.6358750017825748,0.3243243243243243,0,1
-0.6109865857757435,0.77913090322735823,0.14017998301548365,-0.78887561825531527,-0.58444304845791795,-0.19000416319520647,-0.066110898680891164,-0.22667456572217554,0.97172423574297484,10.86513223086196,11.479433721604506,-0.947726813410945,,0.2426767703567409,0.5714285714285714,0,5
-0.95157215303522591,0.30535660800770403,-0.035605891562130142,-0.30088041247482528,-0.94881743169129173,-0.096002389072981725,-0.063098454473020524,-0.080640084726955039,0.9947440684811073,-11.809159682892046,9.0875782057143919,-1.1714814583712834,,0.07540254787076817,0.1276595744680851,0,1
-0.96265752960262552,-0.26171024749551919,-0.069269235994076028,0.26892843484790385,-0.95385160377701428,-0.13358373741692445,-0.031112338864598164,-0.14722385787585934,0.98861375574211097,0.84967127804479936,8.5023979667270666,-1.0893911296286909,,0.07065728881851405,0.3461538461538461,0,5
-0.59328290736128586,-0.78975102603110847,-0.15591250339774695,0.80441430226537924,-0.57428037009331634,-0.15205159267955132,0.030545411174906226,-0.21562785860898534,0.97599774817765861,-29.247796937818979,-1.8020385387745388,-2.3726615452861344,,0.2936217635807403,0.1351351351351351,0,3
-0.94338381328888166,-0.31892286907961276,-0.091187632947435954,0.33067616912865533,-0.92584347020114233,-0.18294026308143124,-0.026081640955372944,-0.20273646012479987,0.9788859360217308,-4.2537795335915662,5.6733578729685359,-1.3141286376994361,,0.2468113452026493,0.1724137931034483,0,4
0.92080356030819244,0.38953896078765982,0.019498752581286534,-0.38935536005660315,0.9151373054557651,0.10452806206160231,0.022873716771637416,-0.10384175553038055,0.99433077136806891,-19.94215444034457,8.2655830551793752,-1.4418518295848801,,0.5475386812679173,0.4696969696969697,0,2
-0.95742670986068212,-0.27727166641819839,-0.080340016473886638,0.28691692417700637,-0.94467708731985678,-0.15894615224558872,-0.031824108253885465,-0.17523020200452666,0.98401300928356505,0.59369479293962513,5.477919915475213,-1.261544897412525,,0.16065061653254,0.313953488372093,1,4
0.96239785900948227,-0.2608069221936884,-0.07596124215559534,0.26457616204684919,0.96333597266595294,0.044533787670741759,0.061561477000841032,-0.06295675582174344,0.99611577210978697,-18.359678494173377,12.162218052136673,-1.1451969806930264,,0.2939500954288119,0.5238095238095238,0,1
0.48015313836642959,-0.87451388893179416,-0.068398989628927237,0.87452690581309245,0.48330619824172538,-0.040222005794210723,0.068232358348864389,-0.04050403444744452,0.99684691325580832,1.8637288645992001,6.8172668875901064,-1.1891615106259301,,0.07371203079898606,0.25,0,5
-0.92687979445615809,-0.36931895918081775,-0.067062306987660636,0.37446032019751269,-0.92213586656255786,-0.097184938115414427,-0.025948318374913695,-0.11519092841243309,0.99300439817001585,1.0111924325459321,12.931522717475914,-0.79614220954619719,0.2583841333587334,0.2364385990038554,0.7307692307692307,1,5
-0.99717980071914392,0.062146956809407308,-0.04207375425438202,-0.054771964670029628,-0.98589821042024572,-0.15812890493626541,-0.05130766925044937,-0.15537848773072507,0.98652169191893591,-8.7472798003242893,4.3351068896660871,-1.4643260973493533,,0.08355118562120641,0.2810810810810811,0,3
-0.71973545982631693,-0.69125397723117354,-0.064411232177971789,0.69424787065134563,-0.71651386621781377,-0.068027741500610847,0.00087290587865959993,-0.093679338595474296,0.99560203874622599,-9.2281806785133718,10.676747514145269,-0.99945129747049355,,0.06915006744086516,0.2857142857142857,0,2
-0.99879301157362421,0.01383340214525486,-0.04712915251494719,-0.0065605150735899946,-0.98849528101179851,-0.15110936125658814,-0.048677301421285617,-0.15061778249095459,0.98739293289138352,-13.647021828500337,2.6047785361883631,-1.6550134477138503,0.4020289836591121,0.1383972990398554,0.391304347826087,1,1
0.95630471972878239,-0.26865583372941815,-0.1153487148936046,0.28562189883207073,0.9427316011680984,0.17227088862194898,0.062461299474292888,-0.19768958283679169,0.97827266899663401,0.16947548996944467,-28.676063710605771,-3.9252281620028042,,0.6709875763092945,0.1428571428571428,0,1
0.81939725023547705,0.56956370248772392,0.064694166004463594,-0.57316430598551293,0.81573124729690927,0.077879461525953264,-0.0084157382731822588,-0.10089460338344577,0.99486152521715954,-3.4428672569873284,-28.564356944812996,-3.9298625618422713,,0.2614993457159326,0.3939393939393939,0,3
0.11277815778302261,-0.98317091117328992,-0.14372211572945592,0.99354671565909003,0.11334292741617571,0.004278388454513218,0.012083498256045872,-0.14327714481875667,0.9896088362795078,16.067200963648119,8.8258599557546322,-1.3802480182750196,,0.1684879591975662,0.1818181818181818,0,5
0.99778190283726431,-0.013074333686868903,-0.065271250708810222,0.026461783559439352,0.97762428734818507,0.2086876297191734,0.061082308251255102,-0.20995193398870574,0.97580179187840244,-6.063289687315736,-25.907206930299736,-3.6942334407707178,0.7683466679299306,0.4844684640529008,0.25,1,3
0.97907594915122587,0.20330910652965409,-0.0087001721673207084,-0.20028848428337595,0.97032650238645235,0.13546586961276663,0.035983452545510462,-0.13088883057231845,0.99074381409843648,-29.630885800400133,4.2421325843259972,-1.9974343531946628,,0.5323170889396606,0.2105263157894737,0,1
0.16718899947002272,-0.9265772509581961,-0.3369012265679161,0.9845137756246356,0.17517587975837462,0.0067850391455256094,0.052730105836605264,-0.33281828248705492,0.94151554781683178,-10.30850957174108,8.0791539123144283,-1.2275035804391314,,0.2515350930028055,0.4615384615384616,0,2
-0.90428657786627886,0.42679019837871413,-0.010766227693710257,-0.42153053565837262,-0.8965709299028416,-0.13591385198249845,-0.067659386624921172,-0.11836677836712774,0.99066215895255016,11.934303568193156,13.782999752814243,-0.76750352914537123,,0.6079220184962854,0.5625,0,1
0.97458160548322348,0.22183265039303027,-0.031320432202405143,-0.22137756945455897,0.97503360763649438,0.017361904323968846,0.034389911255101546,-0.009986951435064912,0.99935859170014618,-0.54772293941895578,-29.818120819228501,-4.0430566740551264,,0.800023220451576,0.7466666666666667,0,2
0.85953216336942784,-0.49626466819622456,-0.12217135193474317,0.50615594071852965,0.85967737238637143,0.068999848421612095,0.070785759929609504,-0.12114534455337526,0.99010766166323172,13.300562299801678,-34.261956171607096,-4.7417559943861107,,0.3023422045006564,0.6190476190476191,0,3
-0.36654961042839351,-0.91492635541723011,-0.16897084736053575,0.92870082616574401,-0.34883019939752041,-0.12582633852795316,0.05617969894773113,-0.20304496091070767,0.97755643585161445,6.3825844976197006,15.58767851881176,-0.59881481969765382,,0.4094243460537075,0.5185185185185185,0,4
-0.45050379100640953,0.89273116883964743,-0.0087974127475599507,-0.8895277228592855,-0.44968326357785093,-0.080779902963224959,-0.076070786466477233,-0.02856610999367246,0.99669313873739585,1.834477341926966,12.812235626230407,-0.82061214585559372,,0.09372659022029908,0.25,0,4
-0.085651634979475422,0.99610625867608105,0.020883458805534969,-0.99448128842110339,-0.084199727130120111,-0.062588920197709785,-0.060586833599757368,-0.026129052366151175,0.99782087982603451,8.7995941691175652,5.0624388034013368,-1.3892487923785835,,0.1935760904744615,0.3125,0,1
0.49049620753001227,-0.82733788447790502,-0.2737252186158613,0.86837959667439679,0.49034974037333529,0.073986540636903533,0.073009221871547708,-0.27398751253191894,0.95895802645281802,0.01079511475126109,-27.348096324997087,-3.7947279182790274,,0.2044937213149894,0.4666666666666667,0,1
-0.84791366530458601,0.53011884214027238,-0.0040533193310896987,-0.52569218773431114,-0.8417718883291655,-0.1227510153679606,-0.068484596405738549,-0.10195146505376068,0.9924292210674448,8.5143326912514912,11.434927208015235,-0.9659493475501385,,0.7688236878733983,0.4117647058823529,0,4
-0.82904888188731163,0.55219148686446684,0.088105126274287238,-0.55457677116380588,-0.79179202398119208,-0.25594920520543807,-0.071572035928333,-0.26105545884768805,0.96266686401833568,6.622863187433099,-28.701730208235396,-3.9752310292540414,,0.55630436085083,0.2142857142857143,0,1
-0.23623941097240278,-0.93109371884718761,-0.27794860572905433,0.97071306998168116,-0.21328419917389357,-0.11057118136969286,0.043670086674412606,-0.29592961512167737,0.95421097584537551,3.4603427663519377,-24.831324597640357,-3.5559207913451489,,0.4620773069375727,0.1555555555555556,0,1
-0.92036945319894825,0.38851497180589256,0.044454317011235894,-0.38537396819302316,-0.88183249069376668,-0.27176895149371144,-0.066385045435187862,-0.2672593778326493,0.96133524366012568,3.4653953110902251,9.64243319408736,-1.0106771447229927,,0.1727914505644559,0.7272727272727273,0,1
-0.93288404362022803,-0.33257304593225306,-0.13828423727278835,0.35556089765415821,-0.91161893638077207,-0.20622163536195795,-0.057478771891388857,-0.24154934061457267,0.96868473035891489,6.2974618469861516,9.3643115877732832,-1.0739900915634228,,0.1912596126508325,0.4333333333333333,0,3
0.87651212208273921,0.4808221603561485,-0.023163547924692687,-0.48114344995816416,0.8765745964243592,-0.010860822520767952,0.015082453526163431,0.02066463195700026,0.9996726927258307,-2.0207452090859421,18.422093213023444,-0.39767961324653522,,0.09357992684735611,0.3478260869565217,0,1
0.99821733651560562,-0.026012783538442316,-0.053716702916998184,0.03241093251031904,0.99201290096196759,0.12190133624712103,0.050116669217960319,-0.12342503561921399,0.99108757435904427,-24.421738986142632,-27.895808101431385,-4.0629798386208398,,0.152271449135954,0.3,0,1
-0.016634515086292836,-0.97971455276210395,-0.19970650468623838,0.99412496625971869,0.0051592135383173275,-0.10811537344327851,0.10695253324235673,-0.20033166904365546,0.97387287569334535,-8.3169528957614212,-28.778811316240432,-3.9470743219856361,,0.2206068772155523,0.1428571428571428,0,2
-0.89850223537510998,0.43703346246044533,0.041176276127940697,-0.42998149598183294,-0.85734173393642354,-0.28298597909456846,-0.088372202298884844,-0.27196857160473686,0.95823976640511199,16.844405913317477,-30.992482610008931,-4.6387664099340169,,0.2097932323528001,0.2352941176470588,0,3
0.73540293875058627,0.66004646550388135,0.15336616658453311,-0.67762389527568356,0.71728020103888157,0.16228052794168202,-0.0028938259123054244,-0.22326615635482025,0.97475322476929205,18.663074380765824,-30.706115593128914,-4.5876676476092531,,0.3577516988044044,0.3636363636363636,0,1
-0.44775178532247395,-0.88605138923007865,-0.12013023925716991,0.89359327446937709,-0.43863856052329847,-0.095327189432739948,0.031771033405193647,-0.15003049311888714,0.98817076083583333,12.011012092929821,9.3965289641553902,-1.1446353171756265,,0.2312013791183333,0.5769230769230769,0,3
-0.88851072585880153,-0.44689222252802296,-0.10409626063327003,0.45855145722849289,-0.87303267971737786,-0.16596536150390023,-0.01671080810407757,-0.19519549582267173,0.98062197981844668,-17.579284238784275,-27.429108836884058,-3.8482679941236051,,0.09277643586915414,0.25,0,2
-0.68741038065652171,-0.70196635370406524,-0.18630675466304203,0.72592060147112847,-0.6561416998881292,-0.20619735698527156,0.022499976121117499,-0.27698611505874365,0.96061045337806594,10.079438960314516,3.163419682635503,-1.6592078348713692,0.542700087003129,0.4003081908998929,0.3297872340425532,1,2
-0.78619421715970561,-0.61468276224679164,-0.063747585846769539,0.61797245935419232,-0.78248334975526823,-0.07635343368510325,-0.0029482849876052578,-0.099422880427135957,0.99504090290962544,16.388638092185552,-35.616244448285066,-4.9589414499875026,,0.5730689829229638,0.8,0,1
0.5010557771606845,0.86120062995176672,0.085302890599218084,-0.86505094670255589,0.50126474529563092,0.020506455879021546,-0.025099159008106692,-0.08406622445659262,0.99614401675796826,19.459719833881618,-32.358975820981676,-4.7503139035150621,,0.230496705818252,0.5,0,3
-0.1158814455585573,-0.97212706139411131,-0.20381478621657784,0.99170923650340614,-0.10176495447422532,-0.078464541512017899,0.055536301723210203,-0.21121759052244932,0.97586005587112756,13.258054328971607,1.244628765784765,-1.8940638316411125,,0.6311573292290081,0.4205607476635514,0,2
0.67823884725211236,0.73026677786799343,0.081868792713860938,-0.73478934076926627,0.67529632356204217,0.063714206229517109,-0.0087573266464869293,-0.10336976601448461,0.99460444434162754,9.8169986328746965,-13.393042393141215,-2.6675966335682793,,0.1362848220788872,0.125,0,2
-0.16561848237373433,0.98202729402616851,0.090514706450738211,-0.98482894655228914,-0.15987163358470571,-0.067475972076490615,-0.05179251228634172,-0.10031677109337098,0.99360660279029478,-5.7986482609769361,3.9304069532485602,-1.4467354598929132,0.7717576043231287,0.4299283749403542,0.7215743440233237,1,3
-0.99872435150183647,-0.050297849280200216,-0.004449278033805867,0.049296906344749834,-0.95217458753999284,-0.30155160398824188,0.010930907650913351,-0.30138626578002981,0.95343947582271638,-2.7813381734554272,-38.996442236898432,-4.814505771968304,,0.5700150433069845,0.4615384615384616,0,2
-0.72951802341906513,0.68350419881311353,0.025009272512076301,-0.67982607335079248,-0.72060724195661163,-0.13624137709274708,-0.075099690406704792,-0.11639249565383711,0.99035994641155012,-2.751809467613894,14.360880709805505,-0.72841787680528636,,0.1319823338702549,0.1538461538461539,0,2
-0.99162107269904465,-0.112987611591022,-0.062621464420376791,0.12403016458875066,-0.96825597884595671,-0.21701815062603921,-0.036113244817982365,-0.22296672185780372,0.97415690445261516,-10.170505662814755,-33.593388745334011,-4.4497218587316212,,0.275875361138258,0.3333333333333333,0,3
-0.93824873980933099,0.34566422840663474,-0.014336786468668027,-0.33986397190458023,-0.92866666649425811,-0.14856211880451076,-0.064666705865113916,-0.13451566355814693,0.98879914715278072,-18.112290743861625,-31.413038287441399,-4.1711843007192266,,0.1080878413746714,0.2727272727272727,0,1
0.99212412518295412,-0.12508911391257738,-0.0065141239261654899,0.12525186382964559,0.99126807136450779,0.041225978466136098,0.0013003219444115137,-0.041717193983496041,0.99912861278665499,19.904479898449782,-29.962515344960231,-4.5201880062480946,,0.1256092835900402,0.3333333333333333,0,2
-0.98987165186608517,-0.12919955772013833,-0.058835254030460811,0.13617089717016537,-0.98128630964241814,-0.13614207752284618,-0.040144733101372579,-0.14277483249258277,0.98894071996805499,-7.3555847886296108,3.9204117023714398,-1.4605958888643682,,0.0685735854697621,0.3098591549295774,0,1
-0.51255699773518726,-0.78983585023912184,-0.33681545948743918,0.85831975965979934,-0.460363932503706,-0.22661032595022684,0.023927270012181805,-0.405246072561804,0.91389447225760023,-2.1457080744974482,3.9791888875961776,-1.3874945705120354,,0.2930091612976572,0.184331797235023,0,1
0.89374468415143493,0.44779344716187613,0.026485245513977119,-0.44820195864236079,0.88903083655522597,0.093483559640541378,0.018315125448739249,-0.095421173398775858,0.99526848430310377,-9.3044912191938351,-27.448678725434842,-3.8240501333894006,,0.1264551305110413,0.2857142857142857,0,2
0.014082030426623312,0.99161554897943316,0.12845349135497308,-0.99569613458887563,0.025675533871864015,-0.089050404407662015,-0.091601877621788036,-0.12664663431222034,0.98770933276625017,-8.256424485762091,-29.579075966060742,-4.0591237582109683,,0.7175091582646955,0.6590909090909091,0,2
-0.98724643118945221,0.15117229738730711,-0.049914132330776385,-0.12858963236004717,-0.94206203219553775,-0.30981257873934381,-0.093857288226320765,-0.29944292277203299,0.94948656938818465,1.6416518599255512,22.681659453096817,-0.066887126545601722,,0.4925045994587055,0.1666666666666667,0,2
-0.55188562071357805,-0.78182211870099982,-0.29013175689584242,0.8336647025110262,-0.50864408509934211,-0.21513799869073663,0.020625843904934132,-0.36060417274808798,0.93249086063074971,3.6472598918793362,-28.57663513174208,-3.9073723106817,,0.08328034021822243,0.3846153846153846,0,1
0.81522937707257725,0.57908838927665107,-0.0075960623240467432,-0.57910106654996252,0.81525551526833284,0.00063209592668283414,0.0065587711160522083,0.0038835846248757061,0.99997094972399458,5.1630374223080011,-31.975644964008229,-4.2453309584260861,,0.07978910347016344,0.3636363636363636,0,1
0.99729501436983414,-0.048032549114948433,-0.055637474229085278,0.052713528788348417,0.99490206729091557,0.085971858087064923,0.051224390633291671,-0.088672153045826665,0.99474283665601992,-13.824020808838785,-28.418077235927186,-3.8915163732828444,,0.1123137828056962,0.2727272727272727,0,1
-0.99815312346471297,0.039969388690371983,-0.045747022693890117,-0.03418846180248028,-0.99208413165797338,-0.12083138992838505,-0.050214452075251104,-0.11904420893165293,0.99161836667269287,15.409063198259545,7.3029502325621749,-1.4945906366229902,,0.1004029595306656,0.3157894736842105,0,1
-0.68998613836467126,-0.70245023400789008,-0.17459323471105465,0.7237986346976798,-0.66762867693408823,-0.17432006810753167,0.0058877223426228613,-0.24664877554429512,0.96908705297724229,15.799426230778623,-31.95599468306397,-4.6815256546060411,,0.3005433017650007,0.375,0,2
0.93775846078276159,-0.31660494942954204,-0.14272482344379575,0.3412044987632763,0.91651717539846356,0.208748071184678,0.06471907952101269,-0.2444536217697314,0.96749876875870688,-3.5412371470408335,-29.328863604790417,-3.9853228055174386,,0.3757141262233583,0.2105263157894737,0,1
0.7195016674363911,0.69442163360921616,-0.0097951687969552205,-0.6944753505345711,0.71932037437517093,-0.01679840792007473,-0.0046193133837984512,0.018888985792581223,0.99981091620345408,0.51138618960431026,-30.419907299385585,-4.0875785307089352,,0.1290607815063565,0.5,0,1
0.83503284624438523,-0.54625696209042018,-0.065753152477636786,0.54555422930033037,0.83754557132918361,-0.029799309377827266,0.071349341871701694,-0.010988508298120108,0.99739085823956597,15.322420629571246,2.6490570807961822,-1.8845283016187409,,0.1170432420961933,0.4347826086956522,0,1
-0.99611391028695762,0.082624518480492126,-0.030500273420014146,-0.0705380487198322,-0.95578448876141064,-0.28548273980381,-0.052739562148612813,-0.28222189849293777,0.95789839680177813,18.394123490044834,-31.895612189574599,-4.6787267618137385,,0.2465434457231751,0.1724137931034483,0,2
-0.94134597368843853,-0.3129150349786472,-0.126300984576038,0.33640608636167341,-0.89955867528014688,-0.27861287620468811,-0.02643298846870756,-0.30475952915788956,0.95206245935236489,5.9091036587557095,-26.824383872156286,-3.7681728356856286,,0.5575975536174187,0.1891891891891892,0,1
-0.99427316777680597,0.10677015144612775,-0.0045828592872987125,-0.10269657339708743,-0.96644508028189258,-0.23545131261350846,-0.029568254117767853,-0.23363227850427337,0.97187534014879184,4.4060551957405156,12.538530758308214,-0.82087956788389593,,0.2556543576521821,0.2380952380952381,0,2
0.5512268199159589,-0.82272290613138033,-0.13883808098672001,0.83380323242362742,0.54923497197796478,0.055795296901039973,0.030350660705328752,-0.14651950478724746,0.98874206551134947,6.0480732828918438,20.556226360902141,-0.23516796071609486,,0.2077017070914544,0.2222222222222222,0,2
-0.81191660951834732,-0.55151325480819824,-0.19137541367453584,0.5835381525013511,-0.77604617535328835,-0.23923954166241826,-0.016572379537715124,-0.3059174128590943,0.95191380531330527,4.9939552657633222,14.954861433634942,-0.65842348225544778,,0.3425591466570611,0.2222222222222222,0,2
0.79984253570504193,-0.56284989437701693,-0.20845122805277791,0.59581511544050458,0.78651492667492173,0.16247651624207846,0.072500112341628439,-0.2541540212495661,0.9644425681154517,7.4923930859664241,-36.400025219627167,-4.6303842079288593,,0.4035795490368149,0.391304347826087,0,1
0.97048114864012014,0.24080892720936073,-0.013319185802073303,-0.23885601819315277,0.96731812029034725,0.085108499756852196,0.033378776296705111,-0.079414826916809247,0.99628266197837045,17.089241715894708,-27.189110876846208,-4.2110288347393627,,0.7099405148191822,0.4871794871794872,0,1
0.41711337304306001,0.90885438961294795,-0.00036401911581280752,-0.90831254797467498,0.41685080189819906,-0.034694727965243782,-0.03138071414730606,0.014802278138989634,0.99939789040276694,-0.67031621536623409,20.559420563499465,-0.20980506779972571,,0.8528171781627374,0.6363636363636364,0,1
0.6012835320996831,-0.78315371751599183,-0.15851930092771713,0.7955798084151271,0.60521467601333712,0.02771217025463742,0.074235318197473574,-0.14277762667502913,0.98696690261283171,-1.6098676258137894,12.347157660758363,-0.8495998016935199,,0.7826810676852779,0.6120689655172413,0,1
-0.88234615257432558,0.468847278447519,0.040589364735605878,-0.46550112149906298,-0.85686857561198471,-0.22155123563592172,-0.069093942718592941,-0.21437927516680233,0.97430362488218047,14.86842239449191,5.3100402941056002,-1.6465192387538865,,0.08331878957204958,0.7,0,1
0.9130261234132504,-0.38688077086386241,-0.12925388621142495,0.40236188879133106,0.90625948702831438,0.12960961623062392,0.066994092375708886,-0.17034380325377432,0.98310466394977236,17.743431678526395,7.1457415251485443,-1.544327647573174,,0.3168859434524755,0.3333333333333333,0,1
0.38984285282196807,-0.91785996352926857,-0.074536148637290883,0.91814291567664785,0.39364573964317467,-0.045349950976418231,0.070965741709749258,-0.050755482569166926,0.99618660124133251,10.802359949819786,-31.078342494101676,-4.2268863023714305,,0.08994210732993246,0.3333333333333333,0,1
