axis_00,axis_01,axis_02,axis_10,axis_11,axis_12,axis_20,axis_21,axis_22,location_x,location_y,location_z,dbh,dbh_approximation,score,reconstructed,number_clusters
-0.82204690975886985,-0.56901988415264615,0.021336578797965446,0.5693488443373117,-0.82195869246723829,0.01502668723690298,0.008987302579759316,0.0245005982877427,0.99965941653939461,3.4998058919627049,-10.70606269107172,-0.22497441240464036,0.2222814544569726,0.1790817210685253,0.5671641791044776,1,5
-0.76322095587178695,-0.64473327818212034,-0.042576666411223582,0.64612002382086442,-0.76202724537744049,-0.042934742577493044,-0.0047631224928062991,-0.060278331985936136,0.99817024367445062,-12.687303432616867,16.974935910513839,-1.7099743829133993,,0.3161942762771639,0.2222222222222222,0,1
-0.93113652257026014,-0.36465051241350527,0.0038444937680457004,0.3619087275928739,-0.92532772845276867,-0.11309583479751566,0.044797870796183734,-0.1039163064827071,0.9935766462730099,5.4606748503127269,-0.67707742211255073,-1.2912647706156113,,0.09477861083051102,0.1666666666666667,0,5
0.99107269800048292,0.014570616710912374,0.13252397672386862,-0.055141816324758175,0.94980431879431515,0.30794664487874335,-0.12138487290618802,-0.31250512496330668,0.94212857907040382,-0.69756330978474246,-14.565891149586367,0.45426486128136256,0.231375929400574,0.2963356929458903,0.2424242424242424,1,5
-0.043015966467252399,0.94420708810273268,0.32653116452407233,-0.98916682213671547,-0.086164650106174898,0.11884717521267338,0.14035178877677215,-0.31788146823720165,0.93768478047717163,-20.344359848661473,-11.076044717398556,1.8253717252606094,,0.3123436198082858,0.1212121212121212,0,2
-0.46314889294841327,-0.88597667605072572,0.023204147361316582,0.88541246297428,-0.46137820822681486,0.056346422985244594,-0.039215728610819997,0.046642024693620512,0.99814159725061147,-7.0926311053894846,-16.664153219042102,1.2949928251284704,0.5791763300888197,0.5975090576700962,0.8518518518518519,1,5
-0.9954608629705739,-3.909317767754939e-05,0.095171785554352975,-0.014284486875720072,-0.98861063909203817,-0.14981641334890192,0.09409369654008537,-0.1504958562411442,0.98412264150646767,-15.710622064836215,-4.5654203796649391,0.69430162708149545,,0.399529547682325,0.1666666666666667,0,1
0.99163359315905319,-0.11034192908889676,0.066988622940069742,0.083204479085978389,0.94313450696797085,0.3218296388251301,-0.098690585054993757,-0.31356332765682843,0.94442480270812457,-11.866058771814524,15.060072642970342,-1.5862573453448561,,0.6450720739271246,0.6415094339622641,0,4
0.80135298089261175,0.57966149718214488,0.14773607785195611,-0.59805251320493658,0.77101973468060092,0.21877330774643056,0.012907031563618276,-0.26366857495274137,0.96452697791124842,-12.224245110348585,8.0262982033081194,-0.88307081197507564,,0.1137976621323445,0.1875,0,5
0.77900305671059955,-0.6246391642470418,0.054590769588820039,0.61030477059501576,0.77532583924026877,0.16247439796884292,-0.14381350640502338,-0.093251045544432851,0.98520146055533353,1.0658821610730931,2.9714230603738336,-1.3886180082808719,,0.07014795415447478,0.1724137931034483,0,3
0.31890392732610034,-0.94741592214032444,-0.026520852380492399,0.93069321872572686,0.30773930496300178,0.19775402094226696,-0.17919379942937577,-0.087747311388367194,0.97989284699408719,-3.1097051161998941,7.0925941303492728,-1.4561537984830759,0.6166441716111331,0.8601146166485681,0.6453488372093024,1,2
0.7635501440869511,0.62928100029913314,0.1449020363118394,-0.64573587621933037,0.74265855726706043,0.17743575029080436,0.0040442091994146783,-0.22904953608451095,0.97340636652500923,-10.430193487368301,10.990652429888463,-1.2938953676143647,,0.06996134582346564,0.1395348837209302,0,2
-0.36808947017201082,0.87494192611536947,0.31462162651988218,-0.92124819885700793,-0.38895617849913838,0.0038532207392224312,0.12574536989967947,-0.28842627677254756,0.94920934720214345,12.972835115190465,-9.7603924503173634,-0.85350673371081398,,0.3901359438564172,0.5945945945945946,0,5
0.99447017576239993,0.04211219164973639,0.096206199558861866,-0.063109502622660504,0.97186115579810717,0.22694291028690403,-0.083942004966667746,-0.23175948128442389,0.96914461389255679,3.9558281195184977,7.6175169450271056,-1.9342509848920688,,0.3998555000618871,0.6323529411764706,0,4
0.62959924637500164,-0.77688571554349217,0.0073057476349749082,0.7627460060114738,0.61987358526170111,0.18432381454480751,-0.14772717853385783,-0.11047770489687155,0.98283841878670231,-1.9559351729460956,19.803854346688546,-2.6115279122584156,,0.07578083160795834,0.1,0,1
0.82375506600541293,-0.56641821280443583,0.024454026945433711,0.54977886248945951,0.80860239602786599,0.20953607684069925,-0.13845863494276944,-0.15916209769107831,0.97749508084100467,4.6622024594535336,10.314900195244663,-2.2324015160295416,,0.3183209248627639,0.2083333333333333,0,4
-0.41428713067993567,-0.91012824403327941,0.0057230032224457675,0.90786061395281259,-0.41279322359241705,0.073422477412585688,-0.064461453491266585,0.035613676713856075,0.99728450657007262,-1.7942966743075326,3.9730769384085987,-1.2679836531765305,0.3716048422778677,0.4160912149229307,0.8713789107763615,1,7
0.90323478137940361,-0.42184759507233016,0.078813299881386856,0.40868948216344259,0.90157377068317635,0.14190716396679054,-0.13091919979697125,-0.095965319505599084,0.98673746284242725,-11.979782045356346,-9.9221443739271642,0.83859725001382501,0.1657501938389266,0.1309848651317537,0.64,1,5
-0.99013058386453423,-0.10569300995300471,0.092034855044981975,0.11170619205885333,-0.99175319983788579,0.062827679147213447,0.084635415470046244,0.072488469830647551,0.99377173847409472,-14.457791497282336,14.663583930519273,-1.3522437125012334,0.1145972124786783,0.1308404009737685,0.3529411764705883,1,4
-0.81184855051318017,-0.58242840839958399,0.040976580125438422,0.58379966410731809,-0.808677529276978,0.072239918539999004,-0.0089377412041075494,0.082569986869385908,0.99654518916633128,10.179189574233865,-13.145630623601786,-0.35595615991232471,0.2671880507645044,0.2042568108691854,0.6590909090909091,1,5
0.21474166218960361,-0.96221506561731118,-0.16741620596321846,0.96754787250378593,0.1862125274438827,0.17080986223388253,-0.13318082794998268,-0.1986631876368489,0.97097672729294748,-17.901669477432641,9.396528291972329,-0.53627087651754801,,0.4967232316586298,0.1428571428571428,0,1
0.72892403907898551,0.6500732011865511,0.21464989716244387,-0.68456938098133435,0.68945137778940579,0.23668874136114448,0.0058743404404536697,-0.31947086058568797,0.94757789197565723,0.40098881570236156,6.0232489801788809,-1.6098679371985463,0.5481148124661948,0.461323270050237,0.5279187817258884,1,5
-0.55116606899766118,0.82250090581378899,0.14038598335005581,-0.82129131861363114,-0.5644775175794805,0.082738758252650979,0.14729743499310727,-0.069694993240577166,0.98663370789855354,6.1648207726917406,0.66041040361275893,-1.441127552705447,,0.5344733981303731,0.4594594594594595,0,1
0.49935396670884891,0.85410471831381862,0.14543296079710222,-0.86444214875607905,0.4798844968571942,0.14983538010126721,0.058184081896267288,-0.20053927253830151,0.97795634502962281,-7.6688374716727727,8.4611496289589265,-1.2486896478101979,,0.08013820944369358,0.2478632478632479,0,5
-0.073995064679225869,0.98723131794367291,0.14106401126550847,-0.98497127055052225,-0.094484897203954116,0.14458284957230505,0.15606513573891759,-0.12824558109953157,0.97938590164206296,-8.0380583898644904,11.451780837488725,-1.4964927991199557,0.1277977474986715,0.1291731137356412,0.1692307692307692,1,5
-0.57458509899771293,-0.81809854526004522,0.023806180987051329,0.81798319964737864,-0.57304120492626742,0.050271886291346962,-0.027485434404916641,0.04835853285668814,0.9984518031410049,-11.095526891440748,-4.254838759240072,0.20285341159448464,0.2928639104695586,0.3001294328402377,0.7310924369747899,1,5
-0.9963553190096216,-0.045776994250764654,0.0719760034914564,0.043338092649332138,-0.99844404508189522,-0.035089864149377106,0.073470320584264434,-0.03184267008071557,0.99678892266887587,-3.6128493896530176,-15.691904193454057,0.84529689318242385,0.5731312380555714,0.3876737069983107,0.4545454545454545,1,5
-0.059903881773912565,0.96072105004666475,0.27097341003436554,-0.993840509251527,-0.082757326440926579,0.073703915031811479,0.09323393759293705,-0.2648892012098365,0.95976098272608112,-0.79294202028388849,6.9613107572438349,-1.6130378893874968,,0.1886482517035056,0.3559322033898305,0,5
0.46598419882215625,0.87681016228523523,0.11858611116574255,-0.88257404582846521,0.45113563867747425,0.13243749146311456,0.062624117383387662,-0.16637480226406909,0.98407197150083736,4.4609009747695598,-8.6824658275705247,-0.44930879167113702,,0.07158459634313499,0.2727272727272727,0,5
-0.73234005477788655,-0.67962570456835159,0.042272282383327718,0.68093333759112762,-0.73117652296682178,0.041360391912531685,0.0027989149561357166,0.059074478009732201,0.99824965420627543,10.722112657421555,1.8158034273520172,-1.8377940568801476,0.9135759524596964,0.4239398460355301,0.5,1,5
-0.87291617230164564,0.47206882199574468,0.12315999120572173,-0.4707179062356639,-0.88129772102401749,0.041701075129852876,0.12822639698344632,-0.021572070309145611,0.9915102807834224,3.1687838183451014,12.973672823598287,-2.3836332606118606,,0.1181126708492028,0.4666666666666667,0,2
-0.99354711683112351,-0.1000058891423295,0.053506530194130042,0.095372123577677603,-0.9919677517217117,-0.083091140252481668,0.061386355819900484,-0.077451931422176309,0.99510447373033573,-17.850637458986867,-11.98811739761577,1.6503983569341032,,0.4512801499003458,0.2083333333333333,0,3
0.96250698610037277,0.23094995984194849,0.14227585092693348,-0.25496841453635977,0.94929402097514404,0.18393468767380824,-0.092581905882281351,-0.21331427000988187,0.97258707215002593,12.489781897745416,-14.332474024377268,-0.3324613990738059,0.4578316631410433,0.2601270335893784,0.4516129032258064,1,5
-0.78662883127916206,-0.61314116746676384,0.072615360343894125,0.61742488424453645,-0.78092740280312545,0.094545776567681664,-0.001262583066789824,0.11920696417852031,0.99286862452962077,4.8402872153647216,-20.571084837227556,0.84775879495848561,0.6063186643125349,0.6330947826344607,0.8428571428571429,1,5
-0.76574075344404713,0.61728420749001367,0.18055831661368785,-0.63108580212351262,-0.77527985521388998,-0.025920194012630005,0.1239830991428499,-0.13379593896286757,0.9832226796834882,0.54175865152115366,11.549179492802622,-2.0585292160537483,0.8683357786465988,0.426085707787989,0.3055555555555556,1,5
0.15157196398677372,0.91853753685164108,0.36512290140131209,-0.98341837945359378,0.10292520869517964,0.14931407290647769,0.099570229918682834,-0.38170039927877181,0.91890727198361377,-4.9040673600566347,8.476905338086679,-1.4790496696785984,0.462435841598543,0.335277676044632,0.2589285714285715,1,4
-0.92872621331298333,0.33842644726610444,0.151443588494757,-0.34585544052219719,-0.93795651971427085,-0.024931533981870493,0.13361001072720391,-0.075532158160183202,0.98815143481004042,10.812724785327203,3.0641442544900781,-1.9684828723702283,,0.1849691069009861,0.5,0,3
-0.77165139995675069,0.61700888368583995,0.15444790188778987,-0.62435497767102555,-0.78113981747200811,0.001203086535204755,0.12138772096962697,-0.095501952925327913,0.98800020151073298,-2.2698330567383795,-21.696098270480615,1.5531674151278789,,0.3120161628204028,0.7058823529411765,0,5
-0.59832264151169301,0.7773548312681885,0.19424078603238101,-0.78751958454167381,-0.61521909980104739,0.036309271588660465,0.14772582921676322,-0.13124376382897604,0.98028167066319505,1.199780766076231,4.6741960502264721,-1.5729431715466835,0.5526653481728726,0.6037296081195157,0.7008547008547008,1,5
-0.97898942087033747,0.16978503459848276,0.11292810035750443,-0.17648313499613191,-0.98292088497847008,-0.052155890703535185,0.10214409863472131,-0.070989970415080636,0.99223334312779865,3.6369185022795376,-20.068939596189601,0.8539181660980607,,0.4632484380036446,0.6666666666666666,0,3
0.96674719748312732,-0.23560058442605017,0.099459643959870406,0.21375366646946956,0.95793721676551435,0.19148278984389241,-0.14038955171015877,-0.16385558688566321,0.97644360841626565,-3.3058505332044161,-12.387499633091196,0.41851997168816113,0.4794320921343824,0.8535879723604204,0.8968253968253969,1,5
0.90799149433936943,0.38942669200933439,0.15459074279537732,-0.4182390705547247,0.86447755554959127,0.27884518251625595,-0.025050470432298709,-0.31784494254537249,0.94781172520150359,-4.8742491596485129,-14.166054331677413,0.7565387358297686,,0.1585734719607209,0.25,0,5
-0.78034751921031842,-0.62522708559956564,-0.012200028482580765,0.62455830399658774,-0.77823715753474609,-0.065374701078821013,0.031379518339327436,-0.058634614903764842,0.99778620343432289,5.4505725481262566,0.29583908561988825,-1.388369587974823,0.7454562582033621,0.422628150710981,0.2962962962962963,1,4
0.94687796168307536,-0.31388076735785098,0.070007067941402684,0.29330508079596884,0.9321535433707433,0.21227788665011391,-0.13188728239741548,-0.18046782390280869,0.97469847095274065,-2.6333532999187952,15.848323634117133,-2.1921546932011036,,0.1066654847197464,0.3043478260869565,0,2
-0.26386377311084774,0.91586589904185878,0.3025980241375596,-0.95488702001157133,-0.29234801754146389,0.052186355046100232,0.13625963545059375,-0.27517683698273737,0.95168851003626609,-23.209838063625813,15.009385156134096,-0.69853649731382461,,0.2611851028651884,0.375,0,1
0.0043578952904864462,-0.99739065213228073,0.07206174982459472,0.99309010662729336,0.012767658439142021,0.11665773449271943,-0.11727339369025513,0.071055428625311445,0.9905544291936943,-6.7796097000837916,-11.78128315860797,0.61166304517366332,0.1210060887652212,0.1028866701125593,0.5151515151515151,1,5
0.086055385064069082,0.95126891255296964,0.29611134174793891,-0.99012797959152921,0.048652416370585837,0.13145161243323866,0.11063930012192784,-0.30450024366425887,0.94606476885937185,-0.18096020958169748,7.5297783870437422,-1.6996015606245498,0.2324144079821928,0.1508932597431444,0.2830188679245283,1,6
-0.99011633928745335,-0.11150362873079084,0.085068063665974872,0.11042444503687458,-0.99373390102341841,-0.017302482338569829,0.086464308326098693,-0.007737876752973911,0.99622489862934327,7.6241640155675894,-6.868114151516334,-0.83784857616183994,,0.1062222167823859,0.2777777777777778,0,4
-0.29831685382070566,-0.94956502819365274,-0.09660906768054954,0.94849545009352332,-0.30623249546875553,0.081105116181810571,-0.10659941781455491,-0.067438238044657969,0.99201242339550988,8.0820711891214163,2.0655870556995124,-1.7082071460135799,,0.08537511892012685,0.2,0,3
-0.97337554269175086,-0.21844236243581575,0.069447729862108454,0.2197130305041167,-0.97550112567805158,0.011123759596124475,0.065316438330926513,0.026086166723285287,0.99752357104453859,3.9488692423917531,12.065384245161349,-2.3394189483363186,,0.1385409359549943,0.2,0,5
-0.90453754504110662,0.40622780128871822,0.12957933118805565,-0.40464226844022455,-0.91361981941214276,0.039540614169167071,0.13444874191512388,-0.016667304444905981,0.9907803675689093,0.41327189310157036,14.496887132639342,-2.2931686860396456,,0.5937549797277734,0.631578947368421,0,4
0.64840361689743742,0.7128196833035646,0.26732162031778933,-0.76075030278070721,0.59337747326450851,0.26298697884361316,0.028839667359121395,-0.37388671187571598,0.92702588975140399,-16.678693203226803,8.1332815987854179,-0.51394672172198341,,0.2903569053849072,0.1764705882352941,0,1
0.69138569318817067,-0.71822516572149397,0.078348162576067595,0.70716461525650753,0.69494741056733411,0.13025476373197756,-0.14800010197236033,-0.034651231869735524,0.98838012016940202,-0.33868860753558372,10.837040957628885,-1.9477102964975452,,0.07349191658432898,0.25,0,5
0.82110592617965683,0.53630315146854346,0.19535605370081652,-0.57066199956438779,0.76452492235606218,0.29974409977450989,0.011399133555767684,-0.35760393289415243,0.93380377324832653,0.07455597681127514,15.90909632838121,-2.3852230715742477,,0.4779447500229596,0.675,0,4
-0.75278615315822039,0.6303642494787407,0.18961519082698536,-0.64287957312432487,-0.76594420694599963,-0.005943593639517031,0.14148802801910876,-0.12637398792856733,0.98184049269843032,14.38331798158142,-3.0269425202490097,-1.6039446485576501,,0.2497085761181053,0.4090909090909091,0,5
0.034854962309948952,-0.99017992174427572,-0.1353840986854522,0.99212254336492223,0.017972619113650386,0.12397517456859666,-0.1203245218128475,-0.13863876635593625,0.98300625731162783,-13.480961271867541,9.0663314511530189,-0.85809499237403808,0.2968734126213676,0.1122291905018403,0.2692307692307692,1,2
0.78550782758074178,0.59315227875124343,0.17648746987134914,-0.61885152111546482,0.75311662610349361,0.22324457955248447,-0.00049761677863304561,-0.28457990389115251,0.95865219484380448,-7.2065355823708614,21.248912664736704,-2.4287648028773283,,0.463473741905258,0.4193548387096774,0,1
0.22744249942065262,0.94258447271752721,0.24454942496171805,-0.97144861015327888,0.20221399872766377,0.12408503757436135,0.067509312606104224,-0.26578941007946305,0.96166443326196793,11.54998158479,0.90932842185542329,-1.8106733372334334,,0.1234346581443083,0.2222222222222222,0,3
0.67963289790312764,-0.7327328494866413,-0.034665478086756116,0.71863354726526696,0.65558448116273438,0.23189396888131211,-0.14719017913140625,-0.18251454556219593,0.97212318757732008,-10.721153935017766,-8.5294579153822703,0.59822049549781031,,0.3422167628236843,0.1612903225806452,0,2
-0.11715861425060842,0.95793403213737172,0.26198520794105062,-0.98328611404476718,-0.14890963715628239,0.10475847406642724,0.1393638297178259,-0.24533305940093494,0.95936927870938182,1.810333821864665,12.695435398707533,-2.2501456898567205,0.4463828782417147,0.3802965208959527,0.32,1,5
-0.84758988287036474,-0.53056322493920749,0.0096981852893508781,0.530441442537404,-0.84659767659591645,0.043637713290587361,-0.014942104759265419,0.042131203691577808,0.9990003479383075,-6.1663225107167277,13.0279025745916,-1.7626244769309063,0.5330836240598664,0.2079442749816897,0.6,1,5
-0.8620703565819573,0.4833971633567557,0.15219028471390389,-0.49056166010916175,-0.87133507445777247,-0.011155521082037181,0.12721618581611574,-0.084275562758787989,0.98828825328852798,-4.6294362511886016,17.380688554603314,-2.2100013183667686,,0.2036223394741239,0.2,0,5
-0.15068188393314097,0.95157684937422227,0.26794863237081129,-0.97924729652814724,-0.18083193656482544,0.091512528981172681,0.13553487409768178,-0.24859869358716213,0.95907715406534544,-2.3250895321431488,-3.0343702233125387,-0.53978067713058997,,0.2376823517132511,0.3208955223880597,0,5
-0.92427574162631243,-0.38022669651264607,0.033793678406030953,0.38081810635052321,-0.92455869728841023,0.01299173367797179,0.026304435305316183,0.024877188897422155,0.99934438616316379,-7.164890180748503,12.850278466313533,-1.6685853392300087,,0.1840805469487691,0.2333333333333333,0,4
0.20387914258318721,-0.96526270291722649,-0.16340504758567034,0.97030710927848263,0.17704655014418513,0.16479876445434274,-0.13014380086342889,-0.19215211016008479,0.97269736180265631,1.3738501196373578,-6.379606970468739,-0.43352115539753738,0.4595494436710994,0.2626810948020371,0.3690476190476191,1,5
-0.46843264033228443,-0.88341277623049952,0.012358327720461649,0.88191091619148021,-0.46670640428803134,0.066470054151033076,-0.052952784380325996,0.042035687091545232,0.99771188408132805,3.5038357993875797,1.867776248757621,-1.4448719627831739,0.4097830351490203,0.3089824093349494,0.6941580756013745,1,5
-0.98010482249542685,0.17434750947284319,0.094855062394290257,-0.17638882624426044,-0.9842277952309727,-0.013514032371952556,0.09100285103984336,-0.029976541418164984,0.99539936109444294,7.4950698961752495,-0.20541023939292119,-1.4768814011409004,0.3526353651655523,0.1442526761269832,0.2307692307692308,1,5
-0.38015961847642538,0.90896699024633143,0.17104875071857226,-0.91805829331952993,-0.39331642821631746,0.049710736892446511,0.11246170257954645,-0.13813470938791581,0.98400770704056284,-8.710401389091567,8.491795084956042,-1.1820746014138601,,0.1244778496516063,0.25,0,5
-0.31315101597551931,0.91445150573867773,0.25634914637221928,-0.94054483929227384,-0.33601565294183317,0.049687888451255095,0.1315744902105685,-0.22554805392718172,0.9653062876079751,-9.219979931362781,17.001359924337585,-1.898989689053314,,0.09318999134739354,0.4,0,3
-0.4784871788566632,0.86283494783996773,0.1629904060237686,-0.86525800298225686,-0.49492121179247933,0.079884807022497076,0.14959481256029389,-0.10280489727568964,0.98338829825821428,-6.0520280294459585,-8.2124529724637707,0.22557642520227106,,0.1107933765151892,0.375,0,5
0.8361703378153359,0.51440623459830681,0.19027714514407496,-0.5463685968652825,0.81157264757217507,0.20695698604336249,-0.047963762542671561,-0.27701274974102202,0.95966838749834249,5.5047306798784303,3.4153027105223464,-1.6590290356929862,0.2951142520651686,0.3100539294007433,0.7102272727272727,1,5
0.71134571424625237,0.68526570678206855,0.15619918671991229,-0.70275035835588207,0.68987152088613057,0.17383675819842365,0.011366998467903733,-0.23342706736522637,0.97230787077298808,11.104143613215372,-6.2905120756124493,-1.1005930338546135,0.2642104448199835,0.2825770904560017,0.5531914893617021,1,3
0.45786815528974589,0.86145329904560963,0.21967012981969444,-0.88833079960190975,0.4335981432855085,0.15119867928653322,0.035002040657616966,-0.26436880243855537,0.96378627996408406,6.2749475788602149,1.7551391728936199,-1.5395568507642121,,0.0852035680529101,0.2272727272727273,0,4
0.51104600807938783,-0.8584482214717678,-0.043573256454859814,0.84869445673466737,0.49590875640647508,0.1838266151220517,-0.13619727138959048,-0.13092423905198824,0.98199243728996632,7.6929487424091745,-9.9982603535637633,-0.54444010845995672,0.3417270564226654,0.2830669796158943,0.4,1,5
0.18105032879646585,-0.98299454354870852,-0.030700257265358282,0.97393004124584182,0.17486773454778887,0.14450449879847477,-0.13667864939911401,-0.05606248984474068,0.98902777717860102,3.7326732014117265,9.5462637815950071,-2.1016145619717008,0.2096743229442473,0.1660861709488889,0.3582089552238806,1,5
0.77729951032814293,-0.62691137929097807,0.05279766812191642,0.6126464330585446,0.77334765802034189,0.1630881598862832,-0.14307277625135675,-0.094422043771224928,0.98519777625905847,-3.8159873606306522,6.4753014478814048,-1.3285404889808217,,0.1394641737833752,0.4558823529411765,0,5
0.8992183033982637,-0.43739987038207001,0.0093699638897875442,0.42536106594439183,0.87907759489377379,0.21515237794276856,-0.10234454754503708,-0.18948333843777784,0.97653553854546216,3.6663070982356922,16.637522725914629,-2.739582992182946,,0.3988260651488572,0.1333333333333333,0,5
0.18956441060611001,-0.98149097577436961,-0.027217617548775729,0.9725535101169136,0.1838846522489504,0.14256964833564886,-0.13492592112276336,-0.053496720841149294,0.98941047936052096,4.2670219196116932,0.88065061363756303,-1.3844336969960493,,0.1399548617496507,0.3125,0,5
0.7795908276507999,0.61036336369378918,0.14033782705723,-0.62562172619044532,0.74861456354792344,0.21948505863142609,0.028906697515093525,-0.25890693212881821,0.9654696283852825,-0.95118006959954715,14.00756001260156,-2.1312616558055311,,0.1649302803076428,0.2692307692307692,0,5
0.59081760651292503,0.75251921605273453,0.29094567414848715,-0.80584737433050579,0.53284402787067964,0.25823874853937234,0.039300955700457579,-0.38702980690630212,0.92122926758060741,-7.9192007310115216,-2.1081033152679347,-0.22540616816070252,,0.1124506757361387,0.3829787234042553,0,3
-0.56311804721876701,-0.82637315456339089,0.0023397250848431112,0.82550697712660859,-0.56239344914022449,0.04745354654238957,-0.037898490890950327,0.028653407844651351,0.99887070565067471,7.0561429456807989,7.4669605717964922,-2.1274916850851833,0.3667057930386372,0.2519295621452853,0.3333333333333333,1,5
-0.65583986728988863,0.73763409433520277,0.16053040630193968,-0.73998115375665729,-0.67024268321862601,0.056591851682574024,0.14933840952061597,-0.081674282771145884,0.98540720059053333,-4.1445310394267318,2.4104445016902822,-0.94557518075170754,,0.06901641795274985,0.1971326164874552,0,5
0.89280266041185985,-0.44759914935193479,0.05058073804254562,0.42396828388212715,0.87293689668204077,0.24131321694671237,-0.15216538313147449,-0.19400045337717975,0.96912822694723921,-6.8502016639990586,15.819418016749395,-1.9759125373237034,,0.5283267926158079,0.2105263157894737,0,3
-0.20976756437109906,0.9398740639507247,0.2695075376507392,-0.96956467760630705,-0.23554764366104136,0.066795535059669578,0.12626125643281588,-0.24729345215447757,0.96067894930904307,6.102236957076995,5.2794467873107518,-1.8590464971238239,,0.2324573828281426,0.5444444444444444,0,5
-0.41871640423779516,-0.90459999793560308,-0.079846205652360544,0.9045056800828718,-0.42326964666266231,0.052079563284334697,-0.080907648093325124,-0.050414779072933895,0.99544578080929913,0.71887078649959957,-9.8212415948766498,-0.083414735077625063,,0.7268657045025931,0.3125,0,2
-0.11782614660908523,0.97252077307798279,0.20079926570347945,-0.98523136505393882,-0.13978445762025374,0.098891166045120479,0.12424232969968986,-0.18618176962209187,0.97462823280016875,-2.014527175324957,7.3323655997793633,-1.5575077289218449,,0.06784668389756268,0.1754385964912281,0,5
-0.99235598711428552,-0.084552057867156874,0.089891848066778871,0.092875637553915688,-0.99133957833206721,0.09284372020418119,0.081263219154704802,0.10048278431068458,0.99161459210208613,-17.642533309759116,-5.5837408441920573,0.98246035105009211,,0.1040499692757921,0.3333333333333333,0,1
0.0031926357347228022,0.98614054250810335,0.16588139587937367,-0.99316711614936293,-0.016224538323231324,0.11556748572049237,0.11665713212925981,-0.16511691245303164,0.97935055967991103,6.3398732977451964,4.1306588360975915,-1.7690039902623982,,0.08974290349826139,0.275,0,5
0.23036085115158686,0.96668887694837358,0.11156385364897337,-0.96841872312029953,0.21650145598336709,0.12366202435320024,0.095388966693039506,-0.13652741388225018,0.98603306754482634,-9.4761464495730063,-5.3542824767081427,0.18593051220516396,0.2297673463613562,0.1722824248443997,0.6666666666666666,1,5
-0.019285183511289661,-0.99933133115942119,-0.031064002640917843,0.99313205836676866,-0.022733118981733087,0.11476898512031432,-0.11539842434418439,-0.028637315944435689,0.99290639427610594,-3.5462774809127091,13.728332831145975,-1.9656196157467289,,0.09625009252187489,0.2758620689655172,0,3
0.51071854158193974,0.84785159929006149,0.14252802133511103,-0.8585271592095598,0.49410516329489224,0.13708101438525852,0.045800526022962453,-0.19237399301000449,0.98025229335585218,-4.1512054696737506,-10.736234327390569,0.30371648185460737,,0.07663384442280763,0.1935483870967742,0,4
-0.34613673857075805,-0.9356346547601011,0.069116937313115176,0.93499440683693957,-0.33795278987795274,0.10757960307301571,-0.077296942987662931,0.10186120274989242,0.99179104552274899,-10.78683375338063,1.6416858163568537,-0.37413342385326659,,0.1235306213160401,0.7331730769230769,0,1
-0.84955396881333534,0.48416742946434538,0.20937992816743367,-0.51067172779331904,-0.85434826563485167,-0.096454276417937065,0.13218335941448073,-0.18886752302238133,0.97306557756468481,-0.89123165042646169,16.065926828045498,-2.3362351291765946,,0.3360826377212418,0.2727272727272727,0,5
0.5021497197701974,-0.86396434337703776,0.037566904421270232,0.83605016675523203,0.49611298007479954,0.23429048138977121,-0.22105605081802529,-0.08624108286881739,0.97144052726986496,-0.44912986878166555,-7.5287012974810228,-0.23864137299541144,,0.1567042138771588,0.1888888888888889,0,2
-0.34967236044797079,-0.93544447236704242,0.05169989803366308,0.9337668352646934,-0.34349312317647474,0.1004588059367182,-0.07621507527060821,0.083403317970077745,0.99359707570678735,14.204362498396186,0.81869733765021024,-1.9207591816827787,0.8019554476443846,0.3509254949368034,0.7045454545454546,1,4
-0.60235828545311298,0.75193461638796899,0.26787838401682262,-0.78362461234213254,-0.62094103155546554,-0.019097179437730569,0.15197684980821474,-0.2214194390931214,0.96326344740888992,7.7361757016485475,11.908192631289683,-2.546909749222908,,0.3885949366706981,0.1428571428571428,0,4
0.69490355093514677,-0.71652474738104588,0.060838649625489391,0.70303985031479865,0.69472734739277497,0.15195026046027393,-0.15114239566405649,-0.062818780433306257,0.98651395178061385,6.2484766730045394,11.33062200760757,-2.4323516698102607,0.7414546276424603,0.3322960915210328,0.4736842105263158,1,5
-0.69771514155006586,-0.71613552958057747,-0.018533335482835166,0.71634295418710092,-0.69720423538173781,-0.02755042925737114,0.0068083212520163652,-0.032498575939786514,0.99944859263676866,9.3318463440394837,-9.6373193211864017,-0.65220082057644713,,0.2022403058465865,0.2666666666666667,0,5
0.98228387720826349,-0.16511200407356771,0.088636395952855995,0.15101823551457036,0.97749855556669385,0.14727547795574639,-0.1109588983307201,-0.13128061538489957,0.985115994644994,6.6957061025187556,8.9352982322340626,-2.2316018851276502,0.3750643433810477,0.3330025015855268,0.8974358974358975,1,5
-0.27463324886538931,-0.96132477067378708,0.020766894486929224,0.95939436461775551,-0.27250888852381638,0.072810430675876225,-0.064335307237421924,0.03991980666917553,0.99712956895187999,-11.918009531329226,-17.176663201729976,1.7702446993360557,0.5337799835867163,0.4557466235089276,0.9302325581395349,1,5
-0.31667574641487634,0.92312813958231454,0.21806171040298666,-0.93725137674119141,-0.33988064362959647,0.077723901617666596,0.14586407518413319,-0.17976536373068722,0.9728350762454302,-8.6172398435964332,13.399263474253036,-1.6207459295042468,,0.08120234132020392,0.4545454545454545,0,4
-0.99740338757592828,-0.069719663147481223,0.018045803464070063,0.06945806064696082,-0.99747597866402993,-0.014739396168027609,0.019027881206934206,-0.013447697157383913,0.9997285127363017,-7.4472074549099885,-7.8325005509999022,0.27668941823901555,,0.1802808736798047,0.2295081967213115,0,5
0.4012177401472769,0.90156319916463101,0.16188923034948557,-0.91481106229229614,0.38546021668992048,0.12058665621452912,0.046314633743059219,-0.19647956448800502,0.97941346500844639,-14.334382402543083,17.144778815186623,-1.6005201309987238,0.4164694235471352,0.3719065342356765,0.8723404255319149,1,5
0.38130389205414761,0.91619416948641585,0.12327037642295385,-0.92175091606196891,0.36661382496725681,0.12637069312858756,0.070587468032796322,-0.16181021952267219,0.98429409335561124,-4.7770386318573799,-11.366804122518744,0.44530894976715524,,0.09271800835305134,0.3611111111111111,0,5
0.45334822609322822,0.86966143513120686,0.19535704272857227,-0.88918742361615533,0.42606044742274579,0.16678795167755286,0.061815140386375041,-0.24932204753583201,0.96644575897023488,-4.399092345720133,10.431215081790919,-1.6653653434623634,,0.07620977837846869,0.1739130434782609,1,5
-0.76419621368476098,-0.64498074771191416,-0.0019955126796071584,0.64497486968921069,-0.76419824669012482,0.0029081308642761794,-0.0034006557102886741,0.00093532706488685447,0.99999378033266839,9.0275068444319793,6.6201950057593635,-2.1599342446125966,0.4957105555497074,0.5948375038399939,0.7115384615384616,1,5
-0.93060398325330351,0.34910679601876732,0.11000305144220014,-0.34656966981747866,-0.93708242828997246,0.042023642783217449,0.11775266585384996,0.00098364814763766614,0.99304246743058922,12.626404057176467,-6.5429247092367051,-1.1750638969906464,,0.1657120560154698,0.6521739130434783,0,5
0.41293076010478352,-0.91045550813291976,-0.023642230641653949,0.89915249735042646,0.4033979215241586,0.16969061087308449,-0.1449585246468017,-0.091328443654845756,0.98521375422382684,4.8607423751901218,-4.3124882171450292,-0.92899760886648175,0.6393635593800231,0.3922409854265923,0.6711864406779661,1,5
-0.9765792128541233,0.1750590902544111,0.12508939179850476,-0.18187780573054246,-0.98227910929464046,-0.0452572118669703,0.11495001002116055,-0.066948236441498332,0.99111272256666627,-2.2251414401978677,1.7399408529708174,-1.0044609573321825,,0.5486585369111699,0.4271099744245525,0,5
0.90200804531157663,-0.43081608173291958,-0.027910390779833094,0.41095976711874038,0.83703201913070757,0.3612332608712564,-0.13226320729098942,-0.33730535523508226,0.93205769205926092,-16.349929994033676,-7.4321002286352416,0.99861682229084281,,0.4745343059598125,0.3555555555555556,0,2
0.98333259090462644,0.1297220473178248,0.12739390136292558,-0.1702984860723481,0.90256191457009749,0.39544963776570402,-0.063682346896616934,-0.41055350541340202,0.90961001417448506,3.9319585000864823,-7.0819942203682995,-0.56532153372472083,0.09902543502580746,0.2320302222125101,0.2162162162162162,1,5
0.31874517826311055,-0.94150771270228772,-0.10938344598761275,0.9396636006925454,0.29875839970322021,0.16666054164166205,-0.12423296208148277,-0.15590588676787687,0.97992832676863861,-13.66650818311005,-6.0643394378806867,0.62369051071626513,,0.2884678124531385,0.2564102564102564,0,2
-0.92356432072633166,-0.38310963010579629,0.015998649990237829,0.38300091437470213,-0.92369908178794591,-0.0095029412419544972,0.018418606609951746,-0.0026490798980060887,0.99982685366329449,2.7532776081936614,-6.4932239553918398,-0.55094871644305954,,0.2895406509882061,0.108695652173913,0,3
0.28325516144566487,-0.94395215834660018,-0.1694722286015789,0.94915268563913568,0.25060730592072034,0.19053912344496285,-0.13738883818711975,-0.21482621109155658,0.96694053910757094,-10.400259497146038,22.65155266388215,-2.3735761719165627,,0.3707790522770312,0.1176470588235294,0,1
-0.023765961271625606,-0.99969462312120061,-0.0067704938812343718,0.99269411870591318,-0.024399818486871075,0.11816528908481407,-0.11829440295941954,-0.0039127177725956086,0.99297085801553442,11.965898448388288,-12.832143028472899,-0.43695894223183823,,0.1173592694368558,0.6470588235294118,0,5
0.7793188306836325,0.57513074239608564,0.24877055551817745,-0.62647554907868852,0.72384549609616611,0.28909528565483439,-0.013803859911300663,-0.38114607033553694,0.92441177324789991,18.083194609643037,-10.63945736380604,-1.1165766515737421,,0.2574454623217505,0.5,0,4
0.88298169070364407,0.44729283081003701,0.14238138006100765,-0.46714667200206028,0.86706416998822,0.17312917709051232,-0.046014353407747455,-0.21938288134807149,0.97455314408804028,-3.4828688750736303,-2.6019008211425412,-0.51275714708697784,0.5853601781492854,0.4674770579395781,0.573024740622506,1,5
0.98584913084643411,-0.15316704910461282,0.068127426767179602,0.12609189046935779,0.94533997358846533,0.30072108255595414,-0.11046414063937576,-0.28787530183109949,0.95127571409579226,4.2933534888017473,-17.187736390273244,0.42990575327418207,,0.2745647808280571,0.375,0,5
-0.20280904547881504,0.96347679488860571,0.17487411696175195,-0.97022794596098083,-0.22186076154311471,0.097136683924487918,0.13238664565698713,-0.14996755715383817,0.97978748096360302,-18.933964170682387,-24.433645675770048,3.4659163259305052,,0.175943562934623,0.3666666666666666,0,1
-0.31338497380479485,0.92434936450102956,0.21764216167808897,-0.93939166297854726,-0.33531329432655205,0.071472359512436467,0.13904374031134178,-0.182052868679454,0.97340823465071147,-13.613257331338058,-2.2990615701110562,0.29102466096012614,,0.2022141341590254,0.1612903225806452,0,1
-0.21760071728433092,0.96739073270893039,0.12963447884812071,-0.96674681607866519,-0.23190222697041776,0.10780515167618117,0.13435222900684696,-0.10186524134875466,0.98568400167896231,-8.8439643201146865,-18.937600558563805,1.7551599554836701,0.1575846762599899,0.1715169435520736,0.59375,1,5
0.69458044257667562,-0.71798550951885221,0.045330088362403834,0.70717290894838214,0.69297879370816429,0.14030990100581112,-0.13215326571626015,-0.065400302688377515,0.98906941857930086,10.924647404153832,6.6170770757305926,-2.2782243770887796,0.1594361593455139,0.122285731164774,0.5384615384615384,1,5
0.30406178536495937,0.9380879041225767,0.16594431240504934,-0.94802126421153055,0.28080284020747737,0.14968449329902325,0.093819578358915856,-0.20283207110889839,0.9747086937368673,1.2216573908832038,0.18542003795982531,-1.1309640328793393,0.7074735794087218,0.2700794757171658,0.1877256317689531,1,5
-0.89071844598034799,0.39528875163572758,0.22442694316998291,-0.4345937016461649,-0.88527384231853246,-0.16558544198107145,0.13322523965014579,-0.24502454353972533,0.96031974288947708,-5.4593648418129854,-0.23268366968852541,-0.63088803873309562,0.693653460351555,0.3931275855903214,0.2020460358056266,1,4
-0.014609358851927941,-0.98820424556209197,-0.15244322119068332,0.993269896978491,-0.031862041618480379,0.11135403926323977,-0.11489768661845422,-0.1497904514879311,0.9820190131829265,-2.7180122821993118,12.867036617296316,-1.9363870218123049,,0.143484774969383,0.75,0,1
-0.09958821986575396,-0.99318913849605683,0.060477447345508271,0.9890259648828077,-0.092138273213030503,0.11549103600258379,-0.10913215498467628,0.071315312400489606,0.99146573262297844,1.8010835687577422,14.048350062245291,-2.3642021691182276,0.1771488951421123,0.1462946250435639,0.2682926829268293,1,5
0.94711380162613068,0.26992812733801302,0.17353458687273862,-0.31684350460134786,0.87230480202793925,0.37241713971155144,-0.050849192336106262,-0.40770471965724298,0.91169689108166596,-20.69666636111991,13.609960685092492,-0.73992598613633376,,0.7261915704889566,0.2280701754385965,0,1
-0.09319324477333199,0.9675866628387243,0.23471486749935383,-0.98934641057422568,-0.11647450787245561,0.087334809210103684,0.11184229527559671,-0.22407529741694113,0.96813302912099664,3.8538521391307068,17.932707356305176,-2.862287477151741,,0.1748943950863794,0.5,0,3
0.40577298669427647,-0.90989458368967024,-0.086256187264504264,0.89873623428781979,0.3800659724315551,0.21868479091561496,-0.16619706509850388,-0.16625794168056804,0.97197573651855418,8.894536395601504,9.483972035812803,-2.4009162728841646,,0.4070507266062935,0.4444444444444444,0,3
-0.75979657339198492,0.6309600769493926,0.15683924367904356,-0.63413082544252997,-0.77241488119938229,0.035402648563620139,0.1434826236356635,-0.072557787988334815,0.98698941438946874,-0.89970139911732971,4.9647098319411294,-1.4246902425320545,0.4403748225674842,0.2646790069252642,0.5449101796407185,1,5
0.83381862740534052,0.52204077738128718,0.17949909008965476,-0.55177898989880614,0.79810713996600924,0.24200194098711031,-0.016924624017263919,-0.30082955288072527,0.95352773279829495,5.8969059591633757,-12.305687059936243,-0.17298126373695349,,0.3406624570246923,0.4705882352941176,0,4
-0.49173821863027667,-0.87012301429918382,0.032855202407309804,0.86927426960080112,-0.48836843185053919,0.076540962770528381,-0.05055460956546378,0.06619829876022662,0.99652497043121613,-10.57202090500633,-6.9199872839117837,0.43097949655841455,0.4803215003660745,0.3002318099071574,0.7298578199052133,1,5
0.51783836869916322,-0.85476961396520978,0.034818543116503578,0.84144952427009445,0.51626499650685986,0.15947774605694603,-0.15429232647355323,-0.053285649320788636,0.98658730863914967,-1.0317275145459255,-16.904033392682003,0.74643926412175399,0.3263581218630975,0.1567881829766809,0.4090909090909091,1,5
-0.45394736341331215,0.88275394625851078,0.12114974872087103,-0.87837637683723102,-0.4661773342589986,0.10551603497798055,0.14962196317520643,-0.058516351460098488,0.98701018472323654,-6.3955018172410245,-6.4079937039882093,0.090693703076846627,,0.09000203788806534,0.4758064516129032,0,5
0.90553561271980909,0.39426118390904846,0.15672706517635968,-0.42269829842634876,0.87013807950985311,0.25334930648094067,-0.036488389984061169,-0.29566508324376006,0.95459455055370568,8.2400656557037717,7.5893401176818012,-2.1838318599485875,0.3263769672438792,0.1614498701259159,0.5217391304347826,1,5
-0.52325218400835105,0.83913335008919199,0.14853407924977921,-0.84042444730855459,-0.53698491439305407,0.073033896790423852,0.14104573831421052,-0.086616525457751017,0.98620671120258852,-12.156466711065553,9.4095845083587317,-0.99042555699874946,0.7966972903570528,0.7934031871996761,0.7413294797687862,1,5
