axis_00,axis_01,axis_02,axis_10,axis_11,axis_12,axis_20,axis_21,axis_22,location_x,location_y,location_z,dbh,dbh_approximation,score,reconstructed,number_clusters
0.7442970620131163,0.6550658374543078,0.13004088618172976,-0.6672607390473938,0.73757698409788675,0.10364988497336475,-0.02801766593721694,-0.16391748268367179,0.98607609709701327,-7.8139858740690373,-19.161598524761178,0.36706560986636499,,0.245986714096055,0.1764705882352941,0,4
0.33086405114512518,-0.93579878028288943,-0.12169479233267862,0.94330631196875325,0.32435081222198053,0.070496470910624012,-0.02649870675612058,-0.13812021369806579,0.99006091989748546,2.1678744359518776,23.834068764190889,-2.4925587676901406,,0.4977513510664396,0.5342465753424658,0,4
-0.86525727027676924,0.49766132725546275,0.060523215277491049,-0.49886108312975896,-0.86666396256558109,-0.0055853136643831246,0.049673694968245106,-0.035025409982708429,0.99815116324319597,10.513397496607491,4.7717658739857862,-1.7204485211491622,,0.07721390028827872,0.5,0,5
-0.12838800846256168,0.95958739399267856,0.25041675777263228,-0.99086414239866172,-0.13463261980049052,0.0078936046405738893,0.041288867647131133,-0.24711554175323849,0.96810595413540412,7.3753187040051564,18.352792633687848,-2.6015058531899853,,0.2907633228843484,0.2,0,4
0.64807454400971631,0.75464540757343668,0.10251679976920393,-0.76155117406919393,0.64104781322173998,0.095380870395781733,0.0062605655039946898,-0.13988570331504985,0.99014786538558119,-6.2238476517828669,-11.011197319753403,-0.22375908923115853,,0.1898564414078799,0.3333333333333333,0,5
-0.77884578671229954,-0.62620744286447361,-0.035545450083484462,0.62695982036004549,-0.775659246081291,-0.072623120441797862,0.017905981531321183,-0.078847780372952453,0.99672584162128541,-10.18961370976486,-7.4694208920864726,-0.27223758539141019,0.3205628480225795,0.2871321917806993,0.5592417061611374,1,5
-0.40607030453595466,-0.91075889332166615,-0.075000973390817668,0.91364570052362959,-0.40631385357892336,-0.012672265169698573,-0.018932556318760074,-0.073670147450227583,0.99710293735696998,12.441434715123359,3.5468719208352129,-1.6967363414824004,,0.1098156653418459,0.3333333333333333,0,5
0.43267687227974927,-0.88368437867524285,-0.17858511438404748,0.90097062208325007,0.41673626068555647,0.12075937716277588,-0.032290282394786596,-0.21314973121064407,0.97648580621926839,-10.748535540904031,18.099356157417027,-1.9426506450715491,,0.3695818815246115,0.32,0,4
0.10088717952213452,0.97095834819097893,0.2169370025752034,-0.99434365151420701,0.091127594242076143,0.054556981780928125,0.033203609765529961,-0.22121403130429301,0.97465987536814147,-0.29656678912269091,23.013631258467502,-2.3906654384387354,,0.08172700139975979,0.4375,0,2
0.62843104303185082,0.75614837999605899,0.18252137294913134,-0.77726749357810976,0.61961412002216942,0.10924095246726873,-0.030490450647762426,-0.2105183357774052,0.97711430381547904,-1.1592297229041824,-8.0302708421684308,-0.60273602018316919,0.6285947081358413,0.3913202466607779,0.3333333333333333,1,6
-0.98918107793753574,0.1413325821258592,0.039317887531906549,-0.14198347803285027,-0.98976612671704112,-0.01427257402296111,0.036898333512903829,-0.019700650577660465,0.99912481570161538,14.183059008625566,-6.4767926664678441,-1.1025246840227763,0.1602498414384961,0.1382857313512055,0.1818181818181818,1,4
0.94498006283604774,0.31934066782874926,0.07095222838690407,-0.32695034289441416,0.92912984787581743,0.17268815555064881,-0.010777482247915285,-0.18638471948351443,0.98241772287527818,-7.5590532850682797,-11.003255604600557,-0.16849763237004142,,0.1930432646581577,0.125,0,3
0.80147896688647324,-0.59798410014953263,-0.0068177420708869195,0.59447594651759994,0.795433586147413,0.11782936408497657,-0.065037025228672662,-0.098490740666420495,0.99301045279109956,5.560171090694233,-22.257165854352316,0.19184592316472257,,0.326894954523645,0.1666666666666667,0,2
-0.79204508900555937,-0.61037193026962733,0.010520633113353221,0.61038544842792464,-0.7921013551697148,-0.0022466610210627809,0.0097047065704180743,0.0046421845322467889,0.99994213272226462,-2.2312552549716744,5.1548269880902504,-1.445135762530426,0.2858965702441847,0.2427283008533773,0.7532013969732246,1,5
0.97412975342962804,0.21279565134834694,0.076087017620385319,-0.22398719179204071,0.95384954398531063,0.20000196337068937,-0.030016018993992713,-0.21187038067235281,0.97683672146244793,0.70898403051219094,-19.810512551290003,0.18177199810030073,,0.1417821869544919,0.2307692307692308,0,1
0.39477660220961502,-0.91877304199413523,-0.0027443856641900686,0.91825452233463378,0.39444955157164568,0.034902485254216194,-0.030984940855592252,-0.016298729084503534,0.99938695452282367,15.693813823657871,22.539344154070129,-2.8549963940875438,,0.3443974863424712,0.3076923076923077,0,3
0.98858664597042545,-0.14778043331660329,0.029281170360847458,0.1444232960846403,0.98494742359471499,0.094976230195673431,-0.042876041759848695,-0.089663349719326393,0.99504880722511135,-2.9230496253949361,6.9222040028397025,-1.5583466637997072,,0.06857331933559915,0.2569832402234637,0,5
0.99809361331804736,-0.05555562878066974,0.026883287829204829,0.049371030964170622,0.98007715159433717,0.1923831547310344,-0.037035663289029311,-0.19068914241118884,0.98095158423401618,-13.123778934845545,15.569674412427661,-1.6206830069974134,0.2297663451602839,0.245293893642852,0.3873873873873874,1,4
-0.78341569857792814,0.60489441322322957,0.14269755454450828,-0.62045121679034676,-0.77452281170499027,-0.1231044342498511,0.036057326648497347,-0.18497881770603455,0.98208080431044076,-4.8318128918091245,-14.076241858363197,-0.085105015236626363,,0.209488524903767,0.1304347826086956,0,5
-0.87297683162232487,-0.48696717029012571,-0.0278285197284113,0.4875654937405785,-0.86958631298741218,-0.078099510744077977,0.013832597881560256,-0.081747289402071197,0.99655709315184771,2.3172835896673556,6.0176956627368048,-1.6420004651929465,,0.5191411855657438,0.5031055900621118,0,3
-0.26653453716841824,0.95665102768910837,0.11738037194433855,-0.96140934342469508,-0.27250510684859541,0.037855529545025371,0.068201282041583697,-0.1027607802754042,0.99236525894706518,-0.26393429611151753,-10.161296748292125,-0.49875532039096532,0.3067811155490162,0.1892230388667451,0.4791666666666667,1,7
-0.3789241761582588,0.91836016625337835,0.11415372863753383,-0.92433174438795895,-0.38158652777317931,0.0015962890469516438,0.045025493217705236,-0.10491104260789473,0.99346181511894371,-21.434227404239994,-7.4768374193219893,0.36485225895715589,,0.3630579869527693,0.5600000000000001,0,1
0.99907622901003312,-0.001107904370988817,0.042958831164225525,-0.0049880794293453616,0.98992058275568162,0.14153571598807949,-0.042682639218987288,-0.14161925146164447,0.98900059652395811,-1.7372914165406914,16.892402568380188,-2.3459507806566382,,0.2554493119496573,0.2321428571428572,0,5
-0.76920835759196382,0.62555062285484386,0.13040291736227316,-0.63501556062068298,-0.77107607800132749,-0.046871310027481558,0.071230192897919167,-0.11886168507979915,0.99035254300663922,5.4466349405334569,-9.3689443051755266,-0.72765232627520204,0.3827255713289816,0.3197783730581599,0.2727272727272727,1,5
0.50588278171868029,0.85484797705299187,0.11540167801630224,-0.86255606347042924,0.49992423921250395,0.077928123409953781,0.0089246025663886428,-0.13896291295236757,0.9902573707339043,12.364064786856458,15.313132212586027,-2.6063645710410754,0.1756655249757589,0.1395562126683583,0.7272727272727273,1,4
-0.94749875693248597,0.30073750428831547,0.10864188476747079,-0.31849586428000659,-0.91778738910102231,-0.23712168362184805,0.02839876842267304,-0.2592744914594638,0.96538606165124985,-13.645885753804999,-9.9762385940048794,0.097711412850994855,,0.4349092239659834,0.4814814814814815,0,2
0.11300842888788902,0.98801920157806022,0.10510543427122755,-0.99331090234530361,0.10981719804481173,0.035688013331449678,0.023718058146696735,-0.10843542007406516,0.99382051366990365,2.2727436066879934,21.051439860924098,-2.4673012222708652,,0.1482622018870075,0.46875,0,5
-0.46141841321282845,-0.88674535571548097,-0.02785178746835084,0.88703837741779723,-0.46168211593755359,0.0035413008099421175,-0.015998904217438884,-0.023071582963678464,0.99960579086127388,-12.755668971550859,12.339709000918139,-1.4268832651424159,0.588290221823247,0.5818775943468453,0.9066666666666666,1,5
0.041947060470068423,-0.99763071378252266,-0.054528919260290326,0.99792825981109423,0.039169898832533794,0.051038292446464698,-0.048781475872734695,-0.056556855846342069,0.99720694425402712,-2.3797125047360432,-9.4509992328432766,-0.48011050164193692,,0.07037874843404254,0.2777777777777778,0,5
-0.86334369181191728,-0.50460608332335688,0.0032203232182774219,0.50461465986441578,-0.86333976530854151,0.0029145646179360983,0.0013095260550356998,0.0041412932827178724,0.99999056737124126,-10.211677828028266,4.1291341334216636,-1.0088627861794905,,0.133801060900508,0.6488970588235294,0,3
-0.72438436925094285,-0.68174762821042711,-0.10240828586775222,0.68875135208397942,-0.70925318639102441,-0.1502713964687547,0.029813765065896041,-0.17938809610349413,0.98332652277306098,4.7247523997623153,-8.0296457793069393,-0.79604597519246822,,0.2871083782458026,0.2173913043478261,0,4
-0.73858376597480646,0.67085523829220517,0.066687854174363417,-0.67235148191771676,-0.74023204785115115,9.8560553472549928e-06,0.049371098848646551,-0.044830398057569769,0.99777388721517324,0.55516421387836612,-7.5517457894123101,-0.69465222408484051,,0.08418793554415006,0.3478260869565217,0,5
-0.44628491471960974,-0.89401844383035778,-0.039506923252212722,0.89487682916775546,-0.44609060034890213,-0.014093860330663462,-0.0050234960311354151,-0.041643707465854267,0.99911989576633076,8.0834677221269615,-9.1525458548099472,-0.80979505835316423,0.2164699802181519,0.2181753229463679,0.6808510638297872,1,5
-0.82901928160324956,0.52167116469586483,0.20146023591490939,-0.55696283957114656,-0.80256838779998241,-0.21372032715907385,0.05019388475577765,-0.28938413714126798,0.95589612150281589,-7.968227475395028,32.578748418181156,-2.309558894382794,,0.3993134076826174,0.3333333333333333,0,1
0.36014706662692597,-0.93285532557501694,-0.0086620982648793719,0.93176722292390102,0.35923943575961376,0.052505905189763689,-0.045868645987238353,-0.026980906979645454,0.99858304510634155,-15.622761162388539,0.1109070605680869,-0.4525425933003232,0.3092666766879765,0.2461218412686781,0.7894736842105263,1,3
0.97491239078068181,0.21796529766144068,0.045132685690702286,-0.22053901378622009,0.97332426594396015,0.063264656190119603,-0.030139238552054127,-0.071631015209978249,0.99697573890215152,-0.44250409761819087,2.7771496330543193,-1.355416920394132,0.4362481195624964,0.4020236276804457,0.9343922651933702,1,5
0.1757066841739465,0.97176139975408238,0.15750220025315373,-0.9842447942771736,0.17020164878443819,0.047891373851083628,0.019731854319411581,-0.16343555518627606,0.98635666633630659,2.9522840532085324,1.4614458374107007,-1.357428400016548,0.4747153827716039,0.3034629678361088,0.6621621621621622,1,5
0.99551760536666734,0.083664872528506101,0.044100867449572104,-0.087946597932719153,0.99043814244729156,0.10629055413167611,-0.034786395574657465,-0.10969263918033399,0.99335664873829466,3.9550454824495946,23.142379737149572,-2.5673196338838582,0.25848973515661,0.2107975575210216,0.4871794871794872,1,5
0.51788232800253986,0.80763445213566443,0.28200086181817724,-0.85541139942838917,0.48570463268498676,0.1798953793634151,0.0083205811476617896,-0.3343913897095242,0.94239756282446829,-15.453735338790549,-5.4989273135504977,-0.16824661103639585,,0.288114407919888,0.45,0,1
-0.19602824570683011,-0.95977654609020879,-0.20100225983866993,0.97984365897240322,-0.19975811456466741,-0.0017605786384530212,-0.038462070363875424,-0.19729591288396894,0.97958919548074119,9.3782116785262897,-5.5504501117753007,-1.0915061770317334,0.5284782497095141,0.3174255830056039,0.3902439024390244,1,5
0.042658806689563539,0.96319459984323663,0.26539854755565434,-0.99859282214825573,0.032728936353840776,0.041727596134086817,0.031505583089441076,-0.26680513405475298,0.96323539110449052,7.3210603537330465,-2.8366971238416991,-1.2510200410491592,0.5835056204972672,0.2230726834392498,0.2666666666666667,1,5
0.82105188189124767,-0.57027347432178255,0.025728811239619429,0.56863560178063444,0.82099988682700742,0.051114951018438409,-0.050272851822993583,-0.027337708664126464,0.99836130236231546,4.4574474340948562,30.238522379010011,-2.6700191551514294,,0.4532767828431688,0.5454545454545454,0,1
0.13843470475482836,0.97511268596940426,0.17317933531740248,-0.99034867949595839,0.13748735802669185,0.017513406392013972,-0.0067324245302177151,-0.17393238929070703,0.98473458272550285,2.0170919582367506,-29.139030232751715,0.84006906656566438,,0.5421410545778179,0.8157894736842105,1,4
0.42372574503032501,0.87532850783172855,0.23293023928973924,-0.90568852938561939,0.40557038665584599,0.12345423932430084,0.013593407880663129,-0.26327298540660576,0.96462560323541202,-13.780320585340149,17.531799140538531,-1.6547262946206669,,0.4533010298051321,0.5714285714285714,0,1
0.73507752892232658,0.67253597256926756,0.085769412226936875,-0.67793377969240753,0.73064397226510891,0.081025774569750714,-0.0081741559448872195,-0.11770620796275341,0.99301481951762238,14.2874571150449,6.1814741207601136,-1.9152206849384033,,0.08516428199224133,0.2,0,5
-0.14875532003830513,-0.97957779455601823,-0.13527453261079633,0.98850859364918664,-0.15102110977930017,0.0065867049984436243,-0.026881499995525117,-0.13274023057760792,0.99078626158430094,-13.597006695871388,5.6614307499798509,-0.92274190260264477,,0.38987096305048,0.34375,0,1
-0.26939357328703384,0.95748138965909324,0.10323028203069058,-0.96209776545844106,-0.27229789663833476,0.014891110979855604,0.042367350300899026,-0.095306054072294893,0.99454600883300037,-1.2811840927282574,-5.687543891296416,-0.77115949911839077,,0.1929592302182306,0.3376623376623377,0,2
-0.8263496621992612,0.56061488015313721,0.053452707452954606,-0.56097040361031847,-0.82778114705910411,0.0095172919883255748,0.049582678996239013,-0.022120775854343633,0.99852502683666289,-8.166885072750846,-0.26423117048435651,-0.83507275528706715,0.119626337555397,0.09575360948030412,0.4834123222748815,1,5
-0.66267917256586184,0.74688549558022532,0.054939700939347948,-0.74699389544840178,-0.66444384385711053,0.022682559891011828,0.053445621057726961,-0.026008361199202409,0.99823200246109356,-8.8506654817416415,-1.9892721570207061,-0.69972831924772327,0.213878728946791,0.1829842593803111,0.8227146814404432,1,5
-0.60994759207292826,-0.77919176041524318,-0.14430570129218828,0.79220394852395926,-0.60402994678895039,-0.086952442893718479,-0.019412338022100253,-0.16735597952607298,0.98570540084215008,-8.4046595966512374,31.813646361919279,-2.2720881375395803,,0.272834409726466,0.35,0,4
0.98839211527672899,-0.14599497469290573,0.042029677886115092,0.13048174090562456,0.95746134456240561,0.25737577383854088,-0.077817361488489362,-0.24890407998497752,0.96539692210914019,-2.1318647417809546,-14.877598121457373,-0.11431599511247319,,0.3601956534469947,0.1,0,4
-0.8744969464851523,-0.48502697805495304,0.0019801886336024482,0.48502739750769414,-0.87449890611090408,-0.00029475031093291709,0.0018746346465711231,0.00070268749264410532,0.99999799598560668,9.2340888746189957,-3.0739463041817512,-1.2635944997845283,0.3469473738220073,0.2781437109656905,0.36,1,5
0.090756950448930826,-0.98414819729397041,-0.15236634047006348,0.99441820610163367,0.08129034524023443,0.067262999816637151,-0.053810847594325542,-0.15762044770191622,0.98603254872617063,-19.97945326807082,21.077607503904225,-1.4336161014640734,0.3193589014318361,0.2198310017098947,0.6363636363636364,1,5
0.97801333522660572,-0.20816122918760005,0.012602332404673759,0.20378937927254759,0.96680461515421179,0.15413865515251385,-0.044269685052416949,-0.14818143871491898,0.98796885386419731,-15.082274465342016,-11.216169740315699,0.26045078293141566,,0.2990664276048904,0.1428571428571428,0,1
0.95316320859905301,0.29958364750438232,0.041587689538230437,-0.30175146141838244,0.95129183600491518,0.063165641627930619,-0.020638636220175515,-0.072756311742471241,0.99713618217202593,10.909097396167539,3.6709684155751292,-1.6468087267641272,,0.08908108509818602,0.1,0,5
0.30573660826474991,0.94485339510826249,0.11737626727391044,-0.95120977836847731,0.29773781890424239,0.080945344093015598,0.041534129375236817,-0.13639740813715723,0.98978313945556096,8.364591089965236,9.7623984798931325,-2.1393912861113047,0.3772363964116907,0.279036632369374,0.4444444444444444,1,7
0.9905927576131508,-0.045672948089258342,0.12899600915225901,0.018914524834237549,0.97930810333672391,0.20148915476849971,-0.13552944076719559,-0.19715379923264303,0.97095939674811638,-7.532003055076455,2.6790353518501613,-1.0492940568145772,,0.5075393371641165,0.6513761467889908,0,2
-0.50313758121189267,0.84626336550843551,0.17518815762083395,-0.86341095940833945,-0.50093296958796707,-0.059897204887642497,0.037068713840884573,-0.18139591003690519,0.9827112669935486,3.9795951836012549,6.1045406592070863,-1.7210924835891697,0.8229745445579366,0.3158199646278533,0.2631578947368421,1,5
0.92940743862138819,-0.36858558701631849,-0.018613921646640448,0.36517733727641738,0.91117849244936544,0.19078591991394023,-0.053360335221371485,-0.18411523549543243,0.98145517201934651,6.2577592522229475,-14.304336516362078,-0.35059907933986922,,0.1945807747534227,0.3076923076923077,0,5
-0.51213565103460124,0.84270766542049524,0.16601465471730448,-0.85708927518897227,-0.5139759723249796,-0.035023909385394313,0.055812626666457622,-0.16022637271726756,0.98550112135423751,4.0514837902128464,-9.6825205994295924,-0.67409318803067997,,0.1989516391264303,0.4883720930232558,0,5
-0.99294396474752789,0.087759254154212846,0.07975334589693979,-0.1047775591171361,-0.96423065594288482,-0.24347670370162769,0.055533287107064851,-0.25011508441165925,0.96662221088325595,-18.832708814503061,-20.177501162133979,1.0205402426477954,,0.1885703973025162,0.375,0,3
0.97834324063273204,-0.20692483947471318,0.0051589065323757524,0.20438921032748822,0.96969236344804932,0.13387221882169476,-0.032704039657989854,-0.12991855556040538,0.99098517380995566,-8.6406171873567299,17.687999136510275,-2.196966861860703,,0.153102437639408,0.2957746478873239,0,4
-0.93445193839184104,0.33677152196175336,0.11569147259541571,-0.34846030271556949,-0.93171595155294018,-0.10237579329692031,0.073314338755152877,-0.13597914405291803,0.98799528344801868,12.257718787448976,14.23507894256209,-2.5726630359617566,0.4250773235599517,0.4067030566245926,0.3333333333333333,1,7
-0.90114510317113339,-0.4270349918734157,-0.074690151602206031,0.43304106385269497,-0.87861815461176096,-0.20125996970076207,0.02032092635720591,-0.21370833886935059,0.97668613476883614,-0.57706826751987106,12.697367623905517,-2.1205565551677501,,0.09543473378260528,0.3125,0,1
-0.46772284311356904,-0.88239348868544276,-0.051157337257649427,0.88370851091769964,-0.46797467510129598,-0.0076792705030219845,-0.017164199992475138,-0.048799944563183539,0.99866108147321353,2.3247967796201219,15.712562126987605,-2.4065598388561105,,0.2672491042230499,0.1052631578947368,0,5
0.81061797703496807,0.54263134681746206,0.22011296363186669,-0.58545605132095457,0.75860444657048576,0.28593794014639456,-0.011819783391092664,-0.36065290113148157,0.93262520747942135,-19.122808976363579,-10.777581920288096,0.44989985959134993,,0.382830469811749,0.1428571428571428,0,1
-0.8530232112861047,-0.52115482682955638,-0.027368731782794902,0.52153902522359574,-0.84942843998384643,-0.080426180534902525,0.018666713046633952,-0.082879260486963341,0.99638475600802456,-6.3097180040445444,8.7125913919794566,-1.599638485317918,,0.163228262057713,0.3346456692913386,0,6
-0.23803114058822317,0.94569060982324749,0.22138303142382967,-0.97117252519205033,-0.23476049234760057,-0.041369524348354052,0.012849218745369935,-0.22484835272878262,0.97430904535100515,7.2922624068042801,-6.1224905606791662,-0.99324016194066622,,0.4280365935495623,0.5263157894736842,0,3
0.96537768105379373,-0.26060212341536521,0.01150939592693956,0.25708864673205561,0.95798002990931863,0.1271994104405447,-0.044174207912316237,-0.11983653685894237,0.99181038701405799,-5.9882393071802023,22.363128071529239,-2.1923837333430511,0.2072128846489523,0.1695016549019307,0.5555555555555556,1,5
-0.4244289251868491,0.89449828803284093,0.14047384159000309,-0.90497558770839714,-0.42414583946055734,-0.033458818271728946,0.029652539799777711,-0.14132628762766128,0.98951887668139304,3.6029907109809103,12.12780965925691,-2.2233846311461014,,0.08882970259704991,0.3333333333333333,0,5
0.99309769895287026,0.10000499551898735,0.061285897282837856,-0.10784571910668786,0.98398532574519193,0.14192314676785744,-0.046111399944879394,-0.1475529721468759,0.98797867345694634,5.9275519290585867,-20.17384501363205,0.034242762985442404,,0.4780591592969312,0.5,0,4
0.17051398052207195,-0.98372013526910063,-0.056742205743698773,0.98362883455998418,0.16652542935979719,0.068873777293699673,-0.058303501341560773,-0.067557211625976721,0.99601040400622165,8.9180706773218255,3.5821166082401348,-1.6194068791215559,,0.1959060012342657,0.1851851851851852,0,5
-0.69863148651414075,0.71343179399821888,0.054121357739127414,-0.71357294920829051,-0.70029307812755892,0.020081107659016634,0.052227312866219865,-0.024590242762396759,0.99833242347008955,3.5868179848852551,-7.0309209541961781,-0.85674338767023328,,0.07393298283367614,0.2222222222222222,0,5
-0.85323719081168281,-0.52136208940948514,-0.012956386161433273,0.51930879327760648,-0.84706545272046785,-0.11313043813238416,0.048007014491054587,-0.10325546249010284,0.99349566482476936,3.5472722186703778,-8.1724155871753368,-0.76500776947424143,0.1629268019852485,0.1714609051806785,0.2941176470588235,1,5
0.98336923446417634,0.16440939319612358,0.077165407652791534,-0.17897329959769342,0.94947294411616667,0.25781715695913682,-0.030878904456818762,-0.26734000789305806,0.96310737378512756,-3.3867245208394063,9.8005565455260424,-1.8112979927357646,,0.07851829772561256,0.3013698630136986,0,5
-0.98519156993781609,-0.16620133511981408,0.042127030845447826,0.16469808746013892,-0.98565101145033418,-0.036967872726286849,0.04766666036586327,-0.029482195157852362,0.99842810940910542,15.670864578214907,1.7716656847231658,-1.6760931104355643,0.1435035821298864,0.1228200984516083,0.3684210526315789,1,5
0.24028181202597473,0.96731377825474474,0.081047549056383131,-0.97027279492821783,0.23685065419207765,0.049723948264108878,0.028902495250429729,-0.090585992335004487,0.99546914756861415,-5.2712235529480829,-9.9138488216972487,-0.3326225320270027,0.3914699073195484,0.3933762742717837,0.8697674418604651,1,5
0.28936059096649275,-0.95619524887549667,-0.044284245770376755,0.95503914780406507,0.28527091441303581,0.080751046752583586,-0.064580759961536449,-0.065659358951176791,0.99575005600045663,-5.9633544392117095,-14.241583768164141,-0.028962174803044739,0.2546532362768917,0.1960681908181168,0.44,1,8
-0.99917243496249764,0.013344640988729981,0.03842350541003843,-0.01359889781412528,-0.9998872817257628,-0.0063634755681219249,0.038334256081921314,-0.0068807267019563509,0.99924128237913501,1.7612825468352897,16.349337412294641,-2.4079292821877578,0.2181873885779632,0.2006473105460534,0.782051282051282,1,3
-0.82454301819201425,0.51467931154377511,0.23501918521607987,-0.55862002510715125,-0.80648869099847709,-0.19369991956851632,0.08984697379483618,-0.29100033945064346,0.9524947893503255,-1.5086194784660736,26.373989546195514,-2.3897555584206884,,0.2292455659780122,0.6666666666666666,0,2
-0.10926495003732854,0.9665860310665656,0.23188923053976465,-0.99321590908597479,-0.11550357586214677,0.013456667550993754,0.03979106221076182,-0.22884573081017121,0.97264911600129333,9.9980489103831101,5.9624174393210634,-1.8191030019116039,,0.2917545209167661,0.2909090909090909,0,2
0.10481212390957242,-0.98896943878804788,-0.10466072723241406,0.99381123527933246,0.10026528543157688,0.047813190333756486,-0.03679194632160683,-0.10902440864585231,0.99335795713594088,-12.334005266420924,-19.275523238704729,0.59358963522429364,,0.1298248686814811,0.3076923076923077,0,1
-0.99679361128142774,0.07760101335418243,0.019508440094839492,-0.078623343303194523,-0.99517653122806982,-0.058668914943901126,0.014861574491215893,-0.060014618379780477,0.9980868595389738,-8.6876631665315731,-8.6757582514294267,-0.26002583011333452,,0.158458093697124,0.5176470588235295,0,4
0.02920442918092039,-0.96838835847434335,-0.24773188831392579,0.99898455664377372,0.019770483759962546,0.04048436190852208,-0.034306805497739602,-0.2486626532941042,0.96798240064232388,2.216871250636606,2.0058985069987072,-1.3661225863673245,,0.08057131926451923,0.4848484848484849,0,5
-0.89941250347065127,0.4301673875750171,0.07754461469076733,-0.43683431859834237,-0.89080034168171074,-0.12510207574004828,0.015261936160803643,-0.14639252005014425,0.98910884303902091,11.404043870122198,-14.677122978372896,-0.47244813527856927,,0.3692386893571859,0.3548387096774194,0,4
0.95825215988829826,0.2836631695175369,0.035888777196746505,-0.28370566668780794,0.9276896230688676,0.24269952191871047,0.035551269437799959,-0.24274919054367461,0.96943743363445234,7.102740171623215,2.1551778282184348,-1.5327172447867587,0.4555267058620878,0.4472109417401742,0.1388888888888889,1,4
-0.89473600293146671,0.42586453877644714,0.1344874703120931,-0.44394991987122739,-0.88087761947234999,-0.16420440968212763,0.04853816750303689,-0.20662529885144565,0.97721544818427686,-8.5935220620248813,-11.064958126103003,-0.10269435434544488,,0.0791367226977347,0.25,0,4
0.97861180672736547,-0.18733952917837191,-0.084987249284985023,0.19911667133927352,0.96640615601638191,0.16251674623991658,0.05168639016772146,-0.17596318484520473,0.98303889783190324,2.9589306932051347,18.028842588271448,-2.452175247823281,,0.3521113544375436,0.6666666666666666,0,2
-0.35639328610436977,0.92486479523031428,0.13269866677294978,-0.93116600869867661,-0.36327298749346915,0.031025808639694841,0.076900519269416046,-0.1125070980034571,0.99067071372627913,-26.357702684974452,-9.826916717173388,0.81127604848547086,,0.7952618855178815,0.9245283018867925,0,2
0.18530855631430826,0.97993570845513656,0.073394456542950501,-0.98255652173618713,0.18358187184250785,0.029671163180538866,0.015601940596990889,-0.077612522348711119,0.99686151286137892,7.2240669029788993,15.476236880026535,-2.4593884529595496,,0.08723254711681146,0.3666666666666666,0,5
0.49123076335646126,-0.8575347763501352,-0.15272997244271797,0.87038039344257601,0.476491886386256,0.12407035471383079,-0.033620051204255229,-0.1938803485611485,0.98044892911300197,-20.08090725547498,-18.938539374290038,0.98679719028199409,,0.2283528377525333,0.125,0,3
0.72597144607520436,0.67770688133502177,0.11695658371650521,-0.68770646067185837,0.71662063839543855,0.11625267556447985,-0.0050282634838157841,-0.16482792122960663,0.98630952187914323,-14.515168446133226,3.0947437017716495,-0.67274157170547377,,0.2831076910627159,0.7853403141361257,0,2
-0.99792685654898883,-0.056055748167947214,0.0316186981956195,0.054294416385670875,-0.99706079485677757,-0.05405448833270373,0.034555829140586199,-0.052225706858813177,0.99803725893150075,0.48735669056824721,13.563388619908682,-2.2401736926346385,0.3927176528216556,0.3825554021787525,0.8272425249169435,1,5
-0.6490977584689569,0.74814972062620111,0.1376375511171084,-0.75899681742243341,-0.64906958034619622,-0.051308001440630711,0.050950280599763018,-0.13777037198233802,0.98915286660387092,-12.263965674455378,1.004654986677495,-0.70733701055300846,,0.07453245150784309,0.3333333333333333,0,3
-0.51911654345422331,0.85228776183685884,0.064215148798852692,-0.85379586879325164,-0.52056111578437669,0.0069813440613563007,0.039378023613656908,-0.051202497560608358,0.99791165716201524,-11.077147591879584,-12.038379110226687,0.084847779485218405,,0.08112848417216527,0.5,0,4
0.90965403326613292,0.41291568383349003,0.045057494459612414,-0.41477033047636253,0.90879878996972807,0.045280595248815884,-0.022251128492411183,-0.059878187964226975,0.99795765936583425,-9.9042610426772129,-1.3008028103578824,-0.68940302085629634,0.4795061683211671,0.4102271886131449,0.9895287958115183,1,5
-0.36664514009346649,-0.9231296828361234,-0.11577102363165322,0.92604122274833667,-0.37408356182683272,0.050091341983583046,-0.089548841514608055,-0.088842993183642208,0.99201206018150967,-3.692836177330264,-20.303015681336738,0.29203076679316015,,0.3157752305995981,0.2941176470588235,0,2
-0.66233147919701785,0.71799244168951437,0.21401837617695466,-0.74728676392721471,-0.6535627909654268,-0.12007568748366038,0.053661011208158714,-0.2394630074608852,0.96942145836261873,4.6158375047646629,17.924277758760859,-2.4932269455706253,,0.3759783725019065,0.5714285714285714,0,2
0.89141277722521206,-0.45003466030254607,-0.05340472943482346,0.45204521785627227,0.87458224841961774,0.17538817452314673,-0.032223929197258722,-0.18048461229605839,0.98304980703493949,-11.924157595382061,15.606651400578027,-1.740779342881589,0.3137365029649631,0.2931605648047909,0.7757575757575758,1,5
-0.98066692488711804,-0.19561489214586708,-0.0052150170857174468,0.19316765960850271,-0.96345010490955585,-0.1856075177118077,0.031283185800317748,-0.1830265262756362,0.98261012256421221,-5.1755926299029085,23.961662547147672,-2.239471853839389,,0.2784923099265537,0.1818181818181818,0,1
0.13503352729687307,0.9636906505023608,0.23036118735607419,-0.98871498318891049,0.11582962734796097,0.095006207408695253,0.064873943332559858,-0.24059058078563283,0.9684562684570297,10.618347111998654,15.502238626239116,-2.5924074895534051,,0.2524999771724518,0.25,0,5
0.94367715607936309,0.32574558979499857,0.057993411893722244,-0.32989476658515215,0.93976804739025677,0.089473236691391206,-0.025354843199957476,-0.10356557262630378,0.99429940364705671,9.5282960698106578,28.04228945278663,-2.9674254966098141,,0.2442907471297037,0.3125,0,1
0.0027634359859577376,0.9912495519991924,0.13197230422688638,-0.99994993827147027,0.0014699670219889597,0.009897481893850351,0.0096168795581698264,-0.1319930485228544,0.99120399049298069,13.680673308285773,-4.7483592436859992,-1.252442002746833,,0.2831087902534378,0.3571428571428572,0,4
-0.4566762245124239,-0.87639845579533637,-0.15288091000719717,0.88925908376629192,-0.45467516261394991,-0.049887658204345854,-0.025789686004556785,-0.15873324535688396,0.98698462445686452,1.0018361278603702,-6.1548393056456216,-0.82757252769033351,,0.1698053584253524,0.2105263157894737,0,5
-0.98052839501243771,-0.19474153235743816,0.025294310613438391,0.19396719959693376,-0.98054480481460993,-0.030143178856932473,0.030672333704097422,-0.024649976189737216,0.9992254933792416,-5.0333951329424806,9.0433261445884003,-1.7020284123935931,0.2628054256871095,0.2189815487002539,0.3818181818181818,1,5
0.66323668957407522,-0.74513043250134547,-0.06998379929083226,0.74691026979877861,0.65309133686835108,0.12488696720084851,-0.047351266846173572,-0.13510123710709598,0.98969970862893275,3.302826052653653,24.295072711497568,-2.5413989974632147,,0.1962427320103279,0.2941176470588235,0,4
-0.85974201111725523,-0.51071874641511084,0.0031680246584362476,0.51041433959311333,-0.8594140725715943,-0.029743130360367725,0.017913019225822138,-0.023954413499094777,0.99955255480446381,8.8698074229155708,20.174658801668368,-2.707629277297559,,0.2170233445383833,0.4545454545454545,0,2
-0.9230491933425975,0.37695155817004677,0.076731411187037038,-0.38275345251805987,-0.91991357975504529,-0.085198593695927999,0.03847052449714676,-0.10801170573337135,0.99340499805944327,4.4620589375337865,19.459844362263961,-2.5317049826938791,0.2292470611871716,0.1992087778424835,0.45,1,5
-0.52611679471836315,0.84112759001643223,0.12532156888749402,-0.84726460063116593,-0.5311141277646525,0.0077768763718034806,0.073101401030250021,-0.10208898374427955,0.99208569416430625,6.5030904320281611,-5.3657507778127256,-1.0367067929759686,0.193988979494605,0.1326663612624857,0.3076923076923077,1,7
0.90368436203865365,-0.41466598621302703,-0.10680212397124692,0.42692984674997991,0.89172022085509595,0.15021968470269798,0.032946619869579349,-0.18134819435582208,0.9828669048467612,6.0741377443382651,-10.742679391310405,-0.63938767578338607,,0.7499446207748504,0.3846153846153846,0,2
0.02354301916208414,-0.99852581508002458,-0.048907288490624014,0.99921231329351157,0.021939615354479549,0.033066693828175495,-0.031944940309265708,-0.04964725467605309,0.99825581435410016,-3.9217577690238481,15.094730131418203,-2.3149647960588196,,0.09137310843444901,0.34,0,2
0.93343805774270661,-0.35322913876772993,-0.062630407015536155,0.35795011381282266,0.90551326342098137,0.22785400104029932,-0.023772008306223891,-0.23510615749931618,0.97167895229185464,2.1859405891385522,12.921837347557085,-2.2188959963450747,,0.7167821288032536,0.2378048780487805,0,2
0.12232335841975633,-0.97580945632250604,-0.18119851251179539,0.99172093048120347,0.11298696840319818,0.061020824449946207,-0.039071626922976381,-0.18716262961026742,0.98155160742925884,-10.790044839873358,-2.6082771327606653,-0.56276812267782073,,0.2394879717659337,0.1538461538461539,0,4
0.85276207302359819,0.51407337981563028,0.09233313044313686,-0.52176818529658897,0.84644957321081438,0.10621243252809066,-0.023554354688656489,-0.13875042405760241,0.99004722725687988,-2.9541675402631431,-5.1386452837978158,-0.74806231102937382,0.5554124437813067,0.2329768427114219,0.1267605633802817,1,8
0.92657852988609368,-0.37481364247152882,0.031096002497930361,0.37155818856530015,0.92506393691618116,0.078747857921401904,-0.058281561957441899,-0.061412100064738455,0.99640946076472003,5.0027228174188121,9.2496295753540423,-1.9739849157902223,0.3393023610853293,0.2377741337541374,0.5572519083969466,1,5
0.89336988831418851,-0.4493048460381574,0.0039240260095061213,0.44687683807684131,0.88938427181776558,0.096419441160115124,-0.046811689180589214,-0.08438466904486909,0.99533305651236614,7.514091815164921,17.3366438689131,-2.5477503537676047,0.2983776324790005,0.3066820620641401,0.392156862745098,1,5
0.71796952486845178,-0.69580046512592242,0.019531361722116641,0.69433329825297374,0.7178749797620172,0.050564655331873369,-0.049203986599838524,-0.02274260675987301,0.99852979001151954,20.282487183457967,2.9994109815617751,-1.7783398490269351,0.4684873870055392,0.4540362900881153,0.9692307692307692,1,5
0.70984491190725618,0.67798227597506056,0.19094563232254627,-0.70432812935604172,0.68573161612691824,0.18355935509198271,-0.0064874677031391886,-0.26478705426746663,0.96428508681569836,-16.234149068187907,18.521547106790667,-1.5520960777139585,,0.148952304184422,0.3214285714285715,0,5
-0.45432483940329987,-0.87151733361948713,-0.18451687592723176,0.89065117072244704,-0.4486001523917777,-0.074151165633515009,-0.018150272502112933,-0.19802888798065166,0.9800281256847917,-2.964441922410348,-16.284354927982132,0.022899765790084042,,0.3295013332867803,0.4583333333333333,0,3
0.87628295072757934,0.46891054773964314,0.11068463526016151,-0.48137788587386143,0.86168241208098095,0.16055762735514895,-0.020087838504399144,-0.19397504718084496,0.98080077478324346,-0.65044775531869514,8.9706969002142358,-1.7800208245092588,,0.08896874922812109,0.296875,0,5
0.15265803911885562,0.96120443533731081,0.22974237001534778,-0.98827654547114541,0.14900107617461184,0.033288871570364885,-0.0022344493743838285,-0.23213080964553268,0.97268201096211515,-14.181329628308733,-2.343380785713792,-0.39913404834351063,,0.1581157568374246,0.4193548387096774,0,4
-0.61081403229449094,-0.79172818284632263,0.0085265725238932617,0.7917510430152076,-0.61067865524604958,0.014207952393232096,-0.0060418404875116653,0.015429339381095546,0.9998627064001272,10.710881492337149,9.8333569588159406,-2.2259054522180537,0.208249187658449,0.1851101857755744,0.3448275862068966,1,5
0.23864555994438078,-0.96921894495128358,-0.060522173344601173,0.97043694890717713,0.23570304539868359,0.051924970731962949,-0.036061404777989872,-0.071124616957190828,0.9968153610113214,-0.30934504568969762,6.9926613859128217,-1.6315993302296274,0.3555714363742234,0.3103326771511311,0.6579378068739771,1,5
0.42219292452127444,-0.89774890985395051,-0.12569816760882649,0.90484823558220684,0.40896773457924318,0.11830072965492978,-0.054797856234896324,-0.16368349620277867,0.98498980097404798,-10.521311924166818,-15.552896723342503,0.28096231700491414,,0.4883563344410424,0.775,0,3
-0.99504314484922551,0.048347916388490876,0.086900051032524309,-0.059881506402581601,-0.98897416665692273,-0.13544114174136099,0.079393608555861681,-0.1399734855825823,0.98696711102971491,-11.352045488946619,-19.395340757235058,0.56929154787692049,,0.1897411725391507,0.3636363636363636,0,4
-0.58906997039693421,0.80273352741564219,0.092819469613842812,-0.8080443103247168,-0.58403390118882548,-0.077257975730755046,-0.0078078504344907965,-0.12051259778546654,0.99268109241920732,15.578545724143702,21.825629234918122,-2.8344845588809431,,0.2001933768635764,0.2857142857142857,0,4
0.45456282622309241,0.88388869351759536,0.11006095805431403,-0.89067846602559875,0.44994675741496315,0.065113636436982508,0.0080316358459413106,-0.12762716389358186,0.99178969538008377,5.1204756203121047,5.0289340525545567,-1.6651276197980363,,0.1613746572782701,0.2586206896551724,0,5
-0.99416044301396977,-0.10042905992561546,0.039484395255915961,0.099884922499078543,-0.99487786442849879,-0.015525370447869415,0.04084134918953284,-0.011490813402349698,0.99909956731235328,20.427703013956179,-0.48407658524468145,-1.5772232061130413,0.3891059778980028,0.283534119631469,0.625,1,5
-0.075347067884717969,0.97741229743492164,0.19745384317395445,-0.99651631612379588,-0.08090686046525622,0.02023145147326676,0.035749840002932486,-0.19524159585663217,0.98010339668175872,-14.16734249142956,-4.4862510048312654,-0.27190416927328287,,0.1294493678132976,0.175,0,1
0.19065679680429165,0.94843371435155288,0.2532261347366101,-0.97992926320681162,0.1685832667578033,0.10638759927840619,0.058211896922213985,-0.26842721853527451,0.96153949653986304,-20.74080955084592,-4.4563463859608374,0.11678824814262048,,0.5969912457392792,0.3538461538461539,0,2
-0.93616656244480645,0.34797464192326427,0.050058125600645598,-0.34815304340669911,-0.93742220152805056,0.005392072788495174,0.048801902902725625,-0.01238001052824186,0.99873175057789831,7.0687304628049885,7.4254367181603627,-1.9196334371237802,0.1997251356538964,0.1686229455481449,0.5932203389830508,1,5
0.98994715627460961,0.13463000396011032,0.043351929801515275,-0.14063651256548562,0.96953945405696351,0.2005358281214224,-0.01503326701794584,-0.20461673700024463,0.97872671968335523,-14.820074091085203,16.015835649521399,-1.5100753616180902,0.265039095178126,0.2658899297997838,0.358974358974359,1,5
-0.11165504597064643,0.96440456211703685,0.23970188000334799,-0.99221931401399222,-0.12156146004316247,0.026900638092400876,0.055081608608468648,-0.23483324296193933,0.97047378346510871,-6.7695536712143323,25.397421706277736,-2.1934443931194321,,0.4037182943794281,0.5241935483870968,0,5
-0.4070509339563691,-0.90839862303036734,-0.095506433509887453,0.91305503613441474,-0.40756043877280246,-0.014999657892838757,-0.025298975371133944,-0.09330825485374547,0.99531579482158195,-6.4637536602492895,-12.914698272992322,-0.077726556966121976,,0.3265409868652051,0.6363636363636364,0,2
0.66281511342747734,0.74521124806721417,0.073050127763230041,-0.74876023831286143,0.66039549936698538,0.056884883207193676,-0.0058507207920298759,-0.092401191388066017,0.99570466951615655,2.7718309650660409,5.1875707121276298,-1.6081054108071475,0.1904136656050158,0.1445038952278588,0.4693877551020408,1,5
0.64366418326648434,-0.76392170307558338,-0.04604400883928482,0.76358788907647424,0.63702248494006408,0.10552672332884382,-0.051283085277952674,-0.10308241969845644,0.99334991816252138,6.0376600895294166,-2.5798460315577048,-1.2484340932949143,,0.1088811150206588,0.4468085106382979,0,5
