axis_00,axis_01,axis_02,axis_10,axis_11,axis_12,axis_20,axis_21,axis_22,location_x,location_y,location_z,dbh,dbh_approximation,score,reconstructed,number_clusters
0.09571773834372943,0.9910844496242398,0.092680787002365914,-0.99460139751935439,0.091475941189950977,0.048991960931960087,0.040077108414997155,-0.096869839973178357,0.99448984885953562,0.29215924602949134,-19.397799774054391,-0.15060524736355377,,0.1345278787432834,0.36,0,5
0.74295554599642788,-0.66919734209491111,-0.013855468460308459,0.66873468413857162,0.74124305319844774,0.057902144305076696,-0.028477691325539501,-0.052284351560938566,0.99822611049732479,9.0826380446556136,-8.5868186182538171,-0.46660205738885063,,0.09778509186432804,0.5454545454545454,1,5
-0.60869275645239962,0.77799751315677401,0.15560526264961558,-0.79305310889021163,-0.60245507097476536,-0.090081373970210168,0.023662094623052347,-0.17823511713090212,0.98370338430818849,-19.989747793991057,13.613708249704118,-3.6315662588138378,0.3635354010963164,0.353582126781751,0.3333333333333333,1,5
0.13617982401316342,0.9841900259976003,0.11324772959573245,-0.99030695513108613,0.13208153965331962,0.0429721014357776,0.027334779142002302,-0.11800194748245831,0.99263706874144386,8.9085657750650373,3.8955999762192537,-1.0136566996549059,,0.1743781511535672,0.2333333333333333,0,2
0.82420700455299711,-0.56202677009709201,-0.069344959009345078,0.5658078624834717,0.81226473389478349,0.14173025373124373,-0.023329732052941868,-0.15605099091344604,0.98747344867458109,3.8226347617570204,-4.7678587241631414,-0.81389239010708569,,0.0819323416046028,0.4347826086956522,0,3
0.93438693821261698,0.35526101033636498,0.026658286374700444,-0.35615564482485079,0.92968556584589357,0.094010134119648106,0.0086143111764580924,-0.09733634055472247,0.99521426358868537,12.731836437793953,-2.240314955502293,-0.54427364509018705,,0.07326405296240794,0.2352941176470588,0,4
-0.9867355544741554,0.16012423314643015,0.026705345829045678,-0.16139406473072018,-0.98534032320124321,-0.055284747836684862,0.017461426238349915,-0.058861510623984342,0.99811343100911387,-5.7383976943271389,-17.409575382838181,-0.47663785817646581,0.2398769211513313,0.2204325901386714,0.5205479452054794,1,5
-0.70059555708733645,-0.71330323871655232,-0.019088085969069416,0.7135498866887513,-0.70046844004633524,-0.013803032475659524,-0.0035248540332267074,-0.023290644807113903,0.99972252213727464,-6.0389549526975248,-8.0759792848101668,-1.2561769591855918,0.2234038008020354,0.2240517990777679,0.706766917293233,1,5
0.2984221101009274,-0.95401536361366612,-0.028265353208366577,0.9535012573596211,0.29669075773481068,0.053008928383476046,-0.042185263025500346,-0.042770086086277206,0.99819393071669216,4.5000213951035128,-8.6747268223471821,-0.64918482871831251,0.1498432718337657,0.1166816024086166,0.5161290322580645,1,5
0.97201873493101532,-0.23466842254343506,-0.010502875991075439,0.23249757793920234,0.95471904039313538,0.18562443309870197,-0.03353289721322416,-0.18287231986220803,0.98256463371765046,-16.872025023295258,7.8911835670064239,-2.961860383114336,0.4341378462719852,0.3526399997281079,0.2564102564102564,1,5
0.34918157277540524,-0.93684031401364998,-0.02006128791730424,0.93645683704851634,0.34811377783236619,0.043190161244981914,-0.033478673497973441,-0.03386773866210447,0.99886543372905456,-9.395838446912542,13.738590275629038,-2.9276533049064488,0.6678831797669186,0.3036620411841741,0.8292682926829268,1,5
0.98434691734380952,0.17527177569866018,0.018464857410216948,-0.17619739548250193,0.97633352243292759,0.12540865519929614,0.0039527384082227637,-0.12669908293729573,0.99193332348597174,-11.819098086984701,-6.8950715403123537,-1.6157155859601389,,0.07899947945324437,0.4722222222222222,0,2
-0.97283631684467375,0.23138457199025944,0.0071190219113977217,-0.23116530324278273,-0.97263362674714116,0.023375857147416336,0.012333012801535495,0.021095211911439489,0.99970139983379513,-13.987440791826096,-6.6913446302804198,-1.7337701474015832,,0.07938682185419872,0.4,0,1
0.94381956691674318,0.32965535987155514,0.02306444911650949,-0.33036343571380511,0.93954144890872182,0.090121396604089354,0.0080389954884414142,-0.09267798816577992,0.99566368069799616,7.706788610326516,-4.3309363142545951,-0.68220377626847295,,0.07483530747757609,0.2448979591836735,0,5
-0.18351340854283815,-0.98238112558864987,-0.035357502346283917,0.98236122506996704,-0.18458607765859661,0.029906578099948535,-0.035906160530237471,-0.029245581235335539,0.99892714629956103,-8.3761607926322181,2.4190948325998982,-2.1023783433312038,0.1403843642428219,0.1108586325890656,0.6376811594202898,1,5
0.75356466571461722,0.65706066785746209,0.020287270420707423,-0.65687218843244177,0.75142565483632351,0.0622769083832585,0.025675331553680156,-0.060255821366140876,0.99785270122453429,7.3706422994668914,-9.5656370913315136,-0.48527448593977457,,0.07832132829929997,0.2,0,5
0.97282142194370458,0.23050000383424901,0.022095910025163007,-0.231498559156991,0.96600203150379604,0.11510209484964448,0.0051863393319405903,-0.11708895491441802,0.99310788866133959,6.0378037441707892,-10.99693407024334,-0.41728712224020958,,0.197726632548766,0.6875,0,5
-0.66070100712061175,0.75005345441916216,0.029899744207787893,-0.75008547642678391,-0.66122427867423506,0.012418991317393489,0.029085344134351251,-0.014222123808313546,0.99947574955621943,-11.059985874758912,7.5970542157443948,-2.6873689920044761,,0.07550785148387218,0.423728813559322,0,5
0.036374668983361079,-0.99627874469853017,-0.078137995356113224,0.99849353304997823,0.033018512303440224,0.043822851375049786,-0.041079774996012883,-0.079614324761242722,0.99597892115199305,3.0702629741655567,-15.76952529429146,-0.20799330546632605,0.682241474652804,0.2381954905283786,0.65625,1,5
0.68668622097083543,-0.72649205319096133,-0.025910047842000478,0.72610951647696598,0.68373534959629734,0.072601252014109621,-0.035028617020657932,-0.068667811693770203,0.99702443682530117,-12.778937319684854,-13.038674924893652,-1.114642291283013,0.2104039277979071,0.2016182930228338,0.7066666666666667,1,2
0.65544276343415564,0.71739272740943993,0.23609840855423533,-0.75489632709182442,0.61280928310033655,0.2336585497886278,0.022941647828146703,-0.3313796270232926,0.94321854497716073,-12.505235625931769,-30.617495918946787,-0.0081706659990662522,,0.5330208210230118,0.3571428571428572,0,2
-0.95649053280495111,-0.29165939378313854,-0.0077883677721091926,0.29169324481206749,-0.95650509997990396,-0.003611736900922936,-0.0063962164995141841,-0.0057264064199513305,0.99996314766295524,-15.247146932344412,4.468079478985743,-2.6415697233791322,,0.09593312475067287,0.3027522935779817,1,4
0.047610336453358909,-0.95773359628738608,-0.28368929201721277,0.99822419054271572,0.03544098231332355,0.047879037041339313,-0.035801135151517567,-0.28546505095211944,0.9577202010017154,-9.2742853502596319,8.8073347806981612,-2.6824473480681061,,0.08048141091296415,0.2857142857142857,0,1
-0.13617070145679314,0.98945685641602565,0.049322098050264447,-0.99000691551880904,-0.13775093201103572,0.030182577010969758,0.036658522742972391,-0.044719235474301171,0.99832677149763704,7.0528987651067894,-6.7350169960288815,-0.6280795683739494,,0.09659379117175079,0.6190476190476191,0,5
-0.15673969033199395,0.97647475704848363,0.14808686073293753,-0.98706336579365062,-0.16000001800848748,0.010291071149025057,0.033742871584103308,-0.14455809587978613,0.98892081358057671,3.5853879413585701,-13.106822254283717,-0.37363262124900926,,0.4903399818215775,0.5147058823529411,0,2
0.067496859421863231,0.99720025774571275,0.032184156351658368,-0.99709772605792135,0.066281047042124147,0.037455940691978828,0.035217874130994094,-0.034618907476731318,0.99877987193715989,-6.16332253737834,-13.813542320872809,-0.72874909283611533,0.302268838216824,0.3024053494594313,0.8461538461538461,1,5
-0.85588774111394272,0.51544682219009907,0.042080257900844797,-0.51695865216288006,-0.85499450518207387,-0.041691102916561334,0.014488842769924952,-0.05743665730689166,0.99824401016615127,-7.4092951262911688,3.010839485169968,-2.0648183658195562,0.3698905949962072,0.2683342926899925,0.8203252032520325,1,5
0.70656470390859294,0.70315927560865898,0.079582361840230501,-0.70730298865881902,0.6982261093153016,0.11046620526079221,0.022108853992589401,-0.13434036398611998,0.99068858133078885,-3.3609837968697489,-7.4398246692673755,-1.0818663302167544,0.2224199200406596,0.1461719346603963,0.5872340425531914,1,3
0.98035826864758902,-0.19690037279201322,-0.011309654666137474,0.19690987849916866,0.97394185005721434,0.1125334281739107,-0.011142927969960128,-0.11255005953572962,0.99358357436843681,-5.5423952862749557,-25.011920592019141,-0.045725830893762878,,0.1147288408583024,0.6,0,1
0.9994674308654844,-0.026387376461186787,-0.019197942666956708,0.03004183879063323,0.97375850219014914,0.22559225903047986,0.012741372030741278,-0.2260488570550471,0.9740326337771652,12.422598553763159,-1.0002544579964769,-0.57934764245765746,0.2311830769639749,0.220940416219918,0.3859649122807017,1,5
0.45183615483620637,-0.88961944379803515,-0.066493115427892477,0.89129815213706975,0.44701248467968796,0.075943680036832481,-0.037837721652827339,-0.093579291282670965,0.9948925686038449,-11.197717738022192,3.7964863960461579,-2.2634016966241419,0.3424322743219296,0.2285504119480808,0.7061068702290076,1,8
0.30487814146685122,-0.95219790687661932,-0.019195442050255258,0.95162573674995876,0.30376316531940312,0.046221169935823925,-0.038180833029389336,-0.032358701069772774,0.9987467839518982,-8.2776887758972926,-6.1982052185024612,-1.4381383500534712,0.1768643464900798,0.1438640234780189,0.4503816793893129,1,3
0.54260040075674998,-0.83865866586472615,-0.047291090795332391,0.83933108918883059,0.53908309345771455,0.07009094855366646,-0.033288553884273646,-0.07772425952081434,0.99641899402923606,-23.665794589972901,1.6351003277479839,-3.1827830573629647,,0.0991366890697018,0.375,0,2
0.69879683565909445,0.68955733115027751,0.19024633907054478,-0.71461934004297578,0.66119874045316251,0.22833182971214183,0.031657247343694711,-0.29551127335528043,0.95481459247885492,-9.547408526029967,11.19101476841459,-2.8730985259915536,,0.4551103954955848,0.1515151515151515,0,3
-0.63259034413668669,-0.7733817126246495,-0.041354359900656397,0.77409376823485787,-0.63306792132830658,-0.0019608582344269347,-0.024663626760615964,-0.033252572273758989,0.9991426184245128,1.6019646296889198,-8.8814100099517397,-0.76031794132887109,,0.08418665524158493,0.3098591549295774,0,5
-0.923600078846465,-0.37649949894771523,-0.07218740642883216,0.38312795558507318,-0.90002094368128827,-0.20778659866373428,0.013261372628963767,-0.21956873235313115,0.97550689785815081,-4.4043744000856444,-12.699725642489012,-0.73397459360278283,0.8606512691082223,0.5569494497747308,0.1951219512195122,1,3
0.44947168067244558,0.89137769994367688,0.058489352164373933,-0.89291689148866127,0.44641374866851097,0.058431069594476831,0.02597370146348282,-0.078489241573916485,0.99657654286534236,4.4808575606250178,-5.3445594685408935,-0.77669881681900765,0.4835719521745482,0.4279190312422282,0.353448275862069,1,6
-0.14083162285285347,-0.94879529593822909,-0.28276127813071816,0.98961067111453183,-0.14325480746484556,-0.012197530670321479,-0.028933952735066448,-0.28154137625524195,0.95911275658049022,13.702504499471903,-3.1816859639864994,-0.48625149289308417,,0.4816781136947636,0.1666666666666667,0,3
0.80931940323051665,0.58449839955189398,0.057997624743397973,-0.58733797240825114,0.8043105146673335,0.090103840999897031,0.0060174514510728519,-0.10698699414809594,0.9942422106112726,-1.3399102176068243,9.1328838320940715,-2.2009530234698089,0.1990923688830143,0.1476196359438022,0.3125,1,5
-0.950693982963284,-0.30206095361758095,-0.070286065881117868,0.31003065856856515,-0.93141011790652939,-0.19067297398657909,-0.0078702925580317867,-0.20306248437607197,0.97913415114276781,10.927571379489878,4.156051470543713,-0.90056592890565434,,0.1922201639703815,0.2195121951219512,0,2
0.94994349980248161,-0.31209399591476239,-0.014306812956376411,0.31219611831332306,0.94652157456755337,0.08142783669146865,-0.011871431805222286,-0.081818375638454136,0.99657655125674016,-8.5605322415329912,-4.8726050460253374,-1.5459389259050564,0.1726731222223716,0.1514997910149009,0.6402877697841727,1,3
-0.73321769184009689,-0.66874607597703595,-0.12316859274180794,0.67992429898843654,-0.72360856110052829,-0.11871646030397801,-0.0097346811845077513,-0.17079032808487515,0.98525930587581678,-0.13692964332154137,10.148404451213946,-2.2521469119743691,,0.1846015767374298,0.3181818181818182,0,3
0.68783508614051192,0.7209577326718225,0.084278360062227595,-0.72550302596774519,0.6791640755981293,0.11127226846156336,0.022983767874709959,-0.137681175611055,0.99020989709083274,-5.2704779975319473,11.750876508827901,-2.6726025505844735,,0.07155913853106664,0.2941176470588235,0,1
-0.94498697696779455,-0.32633366699692029,-0.022493357810993427,0.32710716103668619,-0.94259646327478652,-0.067177471077621675,0.00072011095652312106,-0.070839573729719538,0.99748746169262847,10.07146900534106,-3.2928549135266962,-0.62284004861962805,,0.1554501711196122,0.2682926829268293,0,4
0.99097342016855816,-0.13351281202695495,-0.012083440904154556,0.13376776958798098,0.97886637444723568,0.15468291694941533,-0.0088240772257511847,-0.15490303418970822,0.98789027005023911,9.4293228087907757,-2.2159474529947225,-0.67052248699423223,,0.08510514891837548,0.3404255319148936,1,5
0.011188872361615684,-0.95325843007031641,-0.30194896031473989,0.9993003986722101,-0.00011707455527123867,0.037399191262798469,-0.035686444889318193,-0.30215617119864591,0.95259021927465592,-12.257675957152836,-8.1818849325189813,-1.5818663256021985,,0.3346259091806457,0.4230769230769231,0,1
0.79288865467367131,-0.60932568158640787,-0.0070565607087577729,0.60874647611781707,0.79150646099115285,0.054270157760984102,-0.027482887474155424,-0.047325848841002299,0.99850135449460586,-6.1225692693976494,-4.2663237731293302,-1.4644254620873431,0.2204793322100625,0.19576282599829,0.7165562913907285,1,5
-0.88159971981841179,-0.47182747634778499,-0.012679376143078437,0.47192495211937774,-0.88161751481334771,-0.0061153202253831735,-0.0082929839756433581,-0.011374978576523545,0.99990091323048724,-1.5895993219264606,-14.93176937972277,-0.45199623519979976,0.2263720674415051,0.2438857147109686,0.765625,1,5
0.76763077901204879,0.63847163314105593,0.055650344002062181,-0.64066415373779473,0.7621421952797951,0.093213283868393337,0.017100562236086494,-0.10720656625546433,0.99408969561248461,0.060346883717799053,2.806525774019156,-1.5276404017883372,,0.1911499823772369,0.4808184143222506,0,5
-0.69348006326083012,-0.70951249211421763,-0.12520952596997881,0.72043763821382278,-0.68110228076652368,-0.13064950279097115,0.0074169606068575228,-0.18080848063216248,0.98349035685503516,-11.374477043681603,9.9742156714842025,-2.8539976331638544,0.5807801649782258,0.4225696119742173,0.3170731707317073,1,4
-0.95567453719150808,-0.29365541032964404,-0.021276253145869624,0.2943951889509317,-0.95411012224223901,-0.054821048489119617,-0.0042013910010887503,-0.058654706708238684,0.99826948951404282,7.4537831525932896,-15.357513777499458,-0.10420912395306328,,0.1048998910483245,0.2941176470588235,0,5
-0.55526309098915683,-0.80088102784477444,-0.22421525154071523,0.83122619191445513,-0.54326870139331018,-0.1179921012687765,-0.027311493195396341,-0.25189024857013664,0.96737034532526034,-30.907924370562036,3.50328924399347,-3.4681573491360052,,0.5979439343489675,0.2962962962962963,0,1
-0.35295585628575804,-0.93323541224209627,-0.06703602651495072,0.9343813354683046,-0.35529024001454035,0.026464415332277912,-0.04851477550248233,-0.053296441604822178,0.99739952169138735,11.637003245609877,-3.8194758668899138,-0.5550743698409395,0.1409908547607082,0.1069935173005743,0.2777777777777778,1,4
-0.94470751847653422,-0.32739836034092989,-0.018385270734487286,0.32757574516795951,-0.94479464980327332,-0.0075631263884077598,-0.014894150246512352,-0.013167511123281423,0.9998023709410041,17.521637844951094,-10.270755943270778,-0.041906310940026316,0.3718718788500679,0.4469409673427669,0.9672131147540983,1,5
0.99892602978319267,-0.045584703445962493,-0.0082958925578570306,0.045964221390402529,0.95239405114027786,0.30138490623218622,-0.0058375828526814845,-0.30144254206125787,0.95346647369589488,-14.465229428434091,-8.6920962055506212,-1.6314514906526771,,0.5143928476493205,0.1666666666666667,0,1
0.44500310299190177,-0.89428658196457467,-0.047156628862729803,0.89500491286728934,0.44232432526626148,0.057579486114085685,-0.030634037784703919,-0.067828464495849811,0.9972265816418755,-2.1955685826994866,4.6869252237360381,-1.8463240825208904,,0.1732796276688646,0.3591836734693877,0,5
-0.62742513637856334,0.77743876564456216,0.043893779894195066,-0.77812832862746639,-0.62810172769956896,0.0021269340002869493,0.029223319930599068,-0.032820501731013647,0.99903393948271713,-17.748863628684749,13.549636312057771,-3.4633400640647025,0.1998792209928936,0.1652047765728681,0.6551724137931034,1,5
-0.55926560864291552,-0.82179514731608883,-0.10897116516307252,0.82863662544749062,-0.55800708342214211,-0.044603114439572968,-0.024152059048133424,-0.11524248651622698,0.99304372881826941,0.37323913247897,-25.477097939083688,0.11789488968565097,,0.2031626257456998,0.3684210526315789,0,4
-0.45640427297834346,0.88642179842552482,0.07714619163100625,-0.88942048699662191,-0.45694435464270405,-0.011534906625297632,0.0250267240725057,-0.073879984002576324,0.99695306361231339,-18.249300412055305,5.6412499256870126,-2.9031538997544759,0.4018827407983189,0.4532718938049612,0.8148148148148148,1,5
0.72568134034253995,-0.66427216022639912,-0.17924589096212748,0.68747841878988269,0.68962111766620982,0.22758764853780838,-0.027568387272678536,-0.2883837915295509,0.95711795135512046,-5.2055379748016115,-22.17446786488447,-0.21622910006613288,,0.276060841991677,0.2142857142857143,0,1
0.96795149497889188,0.24977845383813374,0.0260888360483927,-0.25107770669397017,0.96022485759393761,0.12218104623876458,0.0054670439384846793,-0.12481565149024268,0.99216488779518952,-14.621628365236731,8.5779532173378179,-2.8915967788496602,,0.1757189740980673,0.2888888888888889,0,5
0.023096683777365741,-0.97318922748599934,-0.22884333222467296,0.99970114084187611,0.024316906172079551,-0.0025133789346958664,0.0080107551416496326,-0.22871688958059466,0.97346002086507799,1.8689348837145316,-13.090784917750552,-0.44760966967385574,,0.40237027785539,0.25,0,4
-0.55871650441257914,-0.82206710134057148,-0.10973399013295206,0.82359258804228797,-0.56552902521133874,0.043268586356833359,-0.097627437837905215,-0.066201227609641103,0.99301877164743557,-25.233089400025676,14.160481379794232,-3.8500762957936772,0.2795862249552276,0.3115548662205974,0.6551724137931034,1,3
-0.066639581762594657,0.99572508276177374,0.063958781270170378,-0.99718469710906066,-0.068671627923351145,0.03011457072362099,0.034377987055928941,-0.061771895530377312,0.99749806362146209,-9.5575205379156696,10.158679601130569,-2.7802849204923437,,0.1592095725052799,0.4754098360655737,1,5
0.99084376946541797,-0.1349932604654677,0.0023332681941024315,0.13222620853325945,0.97373727315541503,0.18534279766091993,-0.027292018768904594,-0.18333723707081462,0.98267115721117959,5.5033025443865835,-22.079102038550669,0.15159046853781319,,0.4217243922825157,0.6274509803921569,1,3
-0.83832923383905766,-0.53399792812890157,-0.10977389691934424,0.54498833832094584,-0.82600845520865374,-0.14386710193086907,-0.013849432659588013,-0.18043349100943928,0.9834896789174522,-8.362129809145749,-23.051102282076361,-0.27384940250220857,,0.514569546332268,0.25,0,2
-0.29585478900124146,0.95493290597727731,0.023939275403069251,-0.95462750201142621,-0.29646653334566697,0.028176710408200332,0.034004061940538066,-0.014516875965428366,0.99931625829051174,-9.1575996151524102,-10.64650809919172,-1.2058697770676678,,0.1072175722553525,0.5076923076923077,0,2
0.79373622282991174,-0.60609387775851586,-0.051312960461763507,0.60782990400789749,0.78716517244139861,0.10446912983773568,-0.022926324639048323,-0.11411048435156665,0.99320349425462451,7.7817014816325027,-2.7756475300601728,-0.7099041147024937,0.7298314705653239,0.5957624591781002,0.5975103734439834,1,3
-0.89543915979221278,0.43878387022126619,0.075215864977166175,-0.44375645030981753,-0.89325539878223359,-0.071937510068275548,0.035621958383089999,-0.097793188822330221,0.99456903646801353,-18.102228753335218,-1.5737616665200411,-2.363036831293996,,0.332476062905583,0.7619047619047619,0,3
0.97774294453431521,0.20959194176310628,0.0094843218702773385,-0.20977639273298845,0.97583883291816054,0.061093675784477434,0.0035495725522026707,-0.061723497283405093,0.99808697537729796,-10.421983268952593,-9.5616703420373845,-1.4331540965372904,0.4364754609038384,0.411075201124218,0.9512987012987013,1,2
-0.65093363088633305,0.75801462627565874,0.041221772563893588,-0.75854994967462208,-0.6516034422832484,0.0038636580141105581,0.029788958185273186,-0.028753788564212113,0.99914255119749584,16.697197510166117,-19.301724875147389,0.25336225984691801,,0.1511374194208528,0.5263157894736842,0,1
-0.99756755662390517,-0.062935124318521385,-0.029968985608855005,0.064825296355762702,-0.99564836552430447,-0.066947839256900787,-0.025625200951388451,-0.068727740802332099,0.99730629533780024,8.7059687061296422,-13.783172061472527,-0.12244356214763111,,0.1721290820973496,0.35,0,5
0.37855864880651263,-0.92445952346755278,-0.045474596028255834,0.92508941507169096,0.37630714330154275,0.051014782392453294,-0.03004868609614364,-0.061380154532046004,0.99766204352652299,-10.643669534137672,-4.1764968531780022,-1.6649437799104549,0.2257847757211043,0.1615971961486624,0.7912371134020618,1,2
0.65450763616004948,-0.74968634267100898,-0.097929269479317418,0.75555719089865836,0.64386497644411056,0.12071132254248142,-0.027442403129363704,-0.15299764612958344,0.98784545086227615,14.512351878787655,-7.0916284436304338,-0.31750921027654916,0.1663416874738836,0.1384665971385113,0.5714285714285714,1,5
0.97901615268797193,-0.20358251346885015,-0.0090295617693758636,0.20310693813701591,0.97120606267020859,0.12452451771935004,-0.016581449172128667,-0.12374548089662026,0.9921754439115168,-4.0891035988330184,9.7360882568729838,-2.5234871290505043,0.124374382346779,0.1333741423838197,0.3728813559322034,1,5
-0.29136138209463286,0.95005455469736111,0.11182525708758415,-0.95611357943772579,-0.29298978210768545,-0.0019521258337684784,0.030909031668513064,-0.1074864209065034,0.99372596880730879,-5.1172416000375343,13.151228449328608,-2.712627110008524,0.2086162640222702,0.1520518110744991,0.275,1,5
0.87040082646759698,-0.49165021035528511,-0.026124163950801971,0.49191856045035737,0.86621919548431914,0.087638092510889221,-0.020458034337950508,-0.089131229275169296,0.99580976737473514,0.43194225041341416,-22.377626435946791,0.05297790383546977,,0.143310856117261,0.5294117647058824,0,4
0.059123426638549775,0.98112001872914234,0.18414105808168971,-0.99822096450155695,0.05668380141599369,0.018489258682119106,0.0077023666556552111,-0.18490661293193475,0.98272591196220216,-12.68293263048348,15.876805339220809,-3.2815107432756707,,0.2588000005870025,0.3478260869565217,0,8
-0.77859438332850572,0.61877447892581861,0.10444582557186173,-0.62507010492812853,-0.77944307298830684,-0.041902981942643296,0.055481079427535385,-0.097911389534766413,0.99364742722201438,18.560697966535983,-18.091606572289663,0.25197474033655543,,0.2331696025698821,0.5652173913043478,0,4
0.94078188393342721,0.33754034803725058,0.031558838850063609,-0.33897293576360232,0.93516606086700171,0.10277055717616908,0.005176454624275793,-0.10738227064738076,0.99420433124591423,-17.066343416289673,9.9232211415200595,-3.2619681394288849,,0.0820600413534603,0.2333333333333333,0,3
0.034160177380699826,-0.99788424527159436,-0.055318309085331675,0.99844198166306852,0.031630986777206091,0.045968357902211647,-0.044121327428407464,-0.056802409405247681,0.99741004343836159,-12.830019559821126,-25.215072763471522,-0.30017730132809017,,0.1716578402799062,0.4444444444444444,0,2
0.34673516404252092,-0.93569204545559548,-0.065231296840777636,0.93731441088826317,0.34307044014021887,0.061191243190377061,-0.034877229786691846,-0.082359390315372094,0.99599222369920426,4.0018724324509272,-6.4709632492017191,-0.76005184337370268,,0.07466908209774897,0.2564102564102564,0,2
0.94387599905500141,0.31764970934414732,0.090535962807616249,-0.329922263146813,0.89358253413339417,0.3044036053857222,0.015792361698248655,-0.31718908689505732,0.94823081813800536,-6.0388999567827151,7.6842192138534866,-2.3943245943217888,0.7450029382608883,0.3778606764535591,0.291044776119403,1,4
-0.65750061007186222,0.75321156504523135,0.019112457645305662,-0.75281518929635216,-0.6577760972049842,0.024492788948535325,0.031019969694173536,0.001715875255854041,0.99951729212269236,-7.0498986177055709,-10.77408296742701,-1.0528592860833468,,0.08912898280990705,0.4090909090909091,0,3
0.29716342038278232,0.95007156767789247,0.095173094288662788,-0.95426363855904095,0.29208679163586454,0.063766874440635446,0.032784290604900679,-0.10976940576472063,0.99341626111494385,-6.6171041272637305,-18.524350150341125,-0.44678209255206486,,0.1188273744537526,0.1818181818181818,0,1
-0.99674397277430682,0.080226028469161256,0.0080769483198094173,-0.080624670714231336,-0.99033357925156384,-0.11286746333205072,-0.0010560351875323394,-0.11315116509720685,0.99357722328303721,-22.634476656500023,2.7198481489952058,-3.1764478574645953,0.3329083574469386,0.2929430071595396,0.6068376068376068,1,5
0.25560939284942602,0.9651871540140925,0.055476085057664153,-0.9659070506790618,0.25251961189020972,0.057073768574491437,0.041078068791322718,-0.068173333034223516,0.99682746196489824,11.74940482324789,-11.584426649859001,-0.16057830737686185,0.297854653402533,0.2458831245006981,0.5925925925925926,1,5
-0.12037970288777716,0.98732098405073854,0.10346981002075829,-0.99227305609209793,-0.1228240167571527,0.017562547118414221,0.030048448983239211,-0.10055613039849935,0.99447752883259322,-0.90617314333562071,-19.228691738894931,-0.20576919286247108,,0.1056659960105139,0.2727272727272727,0,5
-0.99250841891980413,0.12191657160589195,0.0079616544246146718,-0.12194065727186273,-0.99253395724766724,-0.0026114774348085495,0.0075838299966231905,-0.0035627627133755263,0.99996489550605272,0.66893960253501317,-12.195708946849082,-0.59214307234149843,0.3170461224442808,0.3043038170645741,0.7941176470588235,1,5
0.35920692527642267,-0.93248563920129324,-0.03795941934243801,0.93246712191000114,0.35693144924664955,0.055722590531726998,-0.038411604891471676,-0.055411850916956724,0.99772444862678344,14.228257094621803,-12.734505000965047,-0.042746814618034937,0.1511326918978673,0.2575607077846295,0.3571428571428572,1,5
0.91066504639380985,0.40715878174583442,0.070077811922235569,-0.41300159532489217,0.89268060154466056,0.18041902861105402,0.010902088591368743,-0.19324355118117265,0.98109024783209142,5.4562421275738862,-11.783879648328011,-0.40072562978233289,0.8501998920964473,0.8122485549741791,0.8803418803418803,1,1
-0.0022653500594131191,-0.99412657301302187,-0.10819993076936492,0.99521065211893334,-0.01281541224271399,0.09690987110743185,-0.097727304772607312,-0.10746218887793201,0.98939438641193411,-3.1222488210758974,8.0447120769890947,-2.2239469695036536,,0.1741708711190956,0.1363636363636364,0,3
-0.99984112732366193,-0.017719921328665011,0.0019298964362940501,0.017616418700008189,-0.99885216709101099,-0.044542228163586516,0.0027169660165157275,-0.044501153756918668,0.99900563832741607,13.262125010927141,-11.396746599277861,-0.108691546551132,,0.4180700737863106,0.5625,1,5
-0.34481636833453583,0.93816291611638047,0.030854739548273634,-0.93859964686215336,-0.34500704623013639,0.00091703969284649071,0.011505435186185393,-0.028644037347527407,0.99952345849690305,-12.383609564245203,-14.839363136422762,-0.89558307374314949,0.2978145915357978,0.289878909173155,0.8108108108108109,1,2
-0.99050362487284249,0.1357133385771668,0.022010425847740829,-0.13740815780898055,-0.9717627525720931,-0.19182322821037956,-0.0046440587099958004,-0.1930260149455206,0.98118264878306405,-21.633641945372268,6.7590335612955101,-3.2339042324534457,,0.2537077259269525,0.2222222222222222,1,3
-0.99050211543740663,-0.12830130714147811,-0.04944020529700046,0.13472879822059911,-0.97743854171517097,-0.16267159586034663,-0.02745378378392609,-0.16778757926469684,0.98544082420023427,-8.4583316490746014,6.8044728514069366,-2.4363299845816448,,0.3882301516739196,0.4166666666666667,0,5
-0.94785792774123911,0.31764578396424525,0.025816753239438217,-0.31861327823062019,-0.94269185951425716,-0.0990839893256798,-0.0071363683497537092,-0.10214310517746213,0.99474411700270138,16.081092379323824,-8.9421393747391171,-0.16512430041982634,,0.3789847457071763,0.1935483870967742,0,4
-0.1585403445485126,0.98307512378064865,0.091805556226739735,-0.98669643939360185,-0.16113766332212559,0.021558987617074376,0.035987437230605726,-0.087166246120545132,0.99554354495362252,2.5575008627724407,-11.055383836238157,-0.60891143799854264,,0.0996761820193215,0.3684210526315789,0,5
0.99010131207703034,0.13981815006768383,0.012258741166764866,-0.14035187369197535,0.98576244668071955,0.092594547707696831,0.00086219168106827784,-0.09339852046843021,0.99562843119298927,-19.885084730071796,19.035896486197117,-3.8582846602030685,,0.2946921659544865,0.7142857142857143,1,5
0.50786398587847992,0.85546697245196579,0.10124441165561529,-0.86096332965234923,0.50016859220525567,0.092593327866287184,0.028571259012586454,-0.13419254232363709,0.99054330785844735,4.2695047080653135,-18.653871037689136,-0.045848826111939175,,0.4561169789907962,0.4545454545454545,0,1
0.086843172816898226,0.9470234631641008,0.30920029681707512,-0.99560196150989622,0.071554379379517807,0.060470695624071327,0.035142532247141769,-0.31309188908096142,0.94907242685633486,-8.1769557848685501,-26.036017370580574,-0.073721694554185369,,0.09905206884562225,0.25,0,1
0.41940559556206769,-0.88541352179935284,-0.20035429076037933,0.9062278939780769,0.39537662433672166,0.14976090646146037,-0.053384928465688271,-0.24437720913163369,0.96820959976120224,18.607743836809938,-13.061034460507617,0.071746462316788467,,0.3326593250978174,0.3461538461538461,0,5
0.94186921449855199,0.33218493298752949,0.05035427564718415,-0.33576571984985643,0.93598640751144657,0.10578670203539359,-0.011990169039250051,-0.11654447756066334,0.99311309557196092,12.72548265878822,-8.6548671385794478,-0.30340061233376819,,0.1421715604858271,0.25,1,4
0.31614765594712707,0.90407619077490409,0.28757068854992168,-0.94815361671582343,0.29071759361215643,0.12840560685990432,0.032486593355418099,-0.31325632002929482,0.94911279583296271,-22.984657073899793,0.28226181376802839,-2.8622756807510421,,0.7494925439499927,0.3626373626373626,0,1
0.52383585647088682,0.84284245559978399,0.12333933076654943,-0.85137914909403645,0.51339394928696847,0.10761132525643227,0.027377727504827913,-0.16137920520952301,0.98651265180058134,-18.431200423257962,19.921405503682212,-3.8554078969668319,,0.2233738996973242,0.3,0,3
-0.22066449900491611,-0.94884515856545582,-0.22583189311035384,0.97476266036071679,-0.22257141528446678,-0.017312454036589032,-0.033836885870437351,-0.2239527409190748,0.97401244088021077,5.7659249904419152,-7.1163784336328488,-0.66370620787964818,,0.140995694814118,0.5714285714285714,0,1
-0.64885503943754352,-0.75869074029621109,-0.058099039452400539,0.76052084091243899,-0.64907633197318182,-0.017548954671914113,-0.024396482007470147,-0.055572258016277097,0.99815656878298986,-21.228874306516932,9.4357417344509962,-3.5242023546084456,,0.08863988807117376,0.2,0,1
-0.93388216222564091,-0.34363068074421327,-0.098904308945714337,0.35747201655450678,-0.90400104224179301,-0.23451198904577472,-0.0088240839306509798,-0.25436208616265832,0.96706880037863074,1.5301054275414014,-5.6399841951178127,-0.86938705099185687,,0.6534151664686669,0.3595505617977528,0,1
0.99925715894105804,0.035836111047169709,-0.014174041415896944,-0.03061894974585927,0.96162388219511497,0.27265727407948559,0.023401073084480195,-0.27202073879947114,0.96200681257540177,-3.3320086719092221,10.784844058265159,-2.5013514796154648,,0.7340394764613317,0.2166666666666667,0,3
0.70277822179095872,0.71054020478222379,0.035148091902324721,-0.7110560839530462,0.70001570563678939,0.066160844426192564,0.022405723592359143,-0.071488665184516645,0.99718972833680908,-15.087763883594885,2.4659183537673783,-2.4062350101058212,0.9980222325671606,0.6556684422730776,0.2822966507177033,1,1
0.97986462170307376,0.19930982066296016,0.011870910748201104,-0.19918745505469299,0.97170037309774437,0.12697536245484828,0.013772468316453117,-0.12678320199854612,0.99183483443941856,15.269898939115119,-11.233064288011699,-0.061697713339338843,,0.09620357615113406,0.3333333333333333,0,3
0.21947381591777693,-0.94195809595149071,-0.25405942139179127,0.9753851749865059,0.20615743599475925,0.078248782742031286,-0.021330835497761876,-0.26497935213051754,0.96401812140719534,-22.960385186790905,9.7701173590180233,-3.6234463112938,,0.5135072239256431,0.25,0,2
-0.99989922205103376,-0.0055457544711315547,0.013068678168990327,0.0040376353340639305,-0.99361829933268253,-0.11272254757650754,0.013610409349018079,-0.11265842107261581,0.99354055625262627,-3.4458153570482883,-19.969210365861954,-0.26413850063039063,,0.4246392638301944,0.4285714285714285,0,4
-0.90922959387637348,0.39231958165934744,0.13923681792557288,-0.41587726419429843,-0.87098528630661987,-0.2615926836966978,0.018645287492293362,-0.295753236472586,0.95508239245120596,9.9687707615337775,-11.961417258734411,-0.17530217251630589,,0.1623408135054061,0.25,0,2
0.65866138683306752,0.72203913561234634,0.21171836042090639,-0.75205492785256611,0.62273208604411212,0.21591233059698225,0.02405333631354201,-0.30143695137677634,0.95318266945893593,6.2955227657651527,5.2474925624184374,-1.309910941553988,,0.2606734290869656,0.2277227722772277,0,1
-0.20756566950829741,0.97343933015834616,0.096604157997685056,-0.97760953709760401,-0.20991334229412137,0.014696315957356015,0.034584473646127517,-0.091390695520826681,0.99521437638070653,23.31128519766526,-14.508549358713626,0.2347353250414401,,0.3417640892183326,0.5714285714285714,0,3
-0.72523764433488602,0.65866299592767064,0.20048295946331915,-0.68794587479458646,-0.70491877207435161,-0.17268467833105416,0.027583194026376674,-0.2631588542549419,0.96435812063492743,-11.602665785220047,-10.031823702967595,-1.4994243878449218,,0.3110990136541226,0.3076923076923077,0,1
0.80834846500770596,-0.58843937819335168,-0.017659482186862502,0.58818287276631653,0.80600677505752949,0.066287153700583884,-0.024772309219159769,-0.063970123907831203,0.99764430331815546,6.2042202000644142,3.7603846845201203,-1.167937149661415,0.7201749085248987,0.4556870900047362,0.6031746031746031,1,2
-0.82103649410037638,-0.57004885899850655,-0.030714389296605211,0.57062549359569992,-0.82108074745322446,-0.014592882522597758,-0.016900337689719828,-0.029507702658038117,0.99942166980200009,19.375479359434678,-14.892988373968661,0.16487273466178529,,0.1781842531233387,0.5,0,1
-0.33513236014607767,-0.92426493867141002,-0.18281308576154201,0.94148334088604202,-0.33593544165714717,-0.027504506406702389,-0.035991943778831317,-0.18133312488719397,0.9827628797434651,11.583416146675033,-1.3226719073538835,-0.60898551655138033,0.6355478460026657,0.5985472870987589,0.5581395348837209,1,2
0.48960092696997509,0.86296784030569196,0.12480961064065059,-0.86583373072056569,0.46424266045980878,0.18657626578883396,0.10306737144532227,-0.19941228349158518,0.97448030156387633,-7.7266427229025485,12.538118689521626,-2.8202791199402366,,0.6184279147446849,0.3809523809523809,0,2
-0.57629392382964284,0.77696767456534732,0.25339010643186566,-0.816633402802043,-0.55945359738111788,-0.14185047693005448,0.031546771387761685,-0.28867439279895335,0.95690746478286248,15.343284995829103,-5.174265147811159,-0.35753456457503513,,0.354107254608135,0.2777777777777778,0,1
0.79550606304136662,-0.59040700272049829,-0.1363439577063211,0.60456388406147565,0.75815213933451375,0.24435188501626684,-0.040897600821176147,-0.2768120386852741,0.960053374290187,17.054464515429792,-15.13152250894818,0.11858925136696234,,0.3555514258899635,0.4,0,2
-0.6875636871519123,0.7085155167988576,0.15894004707849854,-0.72595211903757884,-0.67549475399118541,-0.12922986572474926,0.015801802900820155,-0.20423662694442368,0.97879400449708909,13.10660926028009,-14.695046372036284,0.0035191814767073087,,0.6288889772131474,0.1111111111111111,0,2
0.92210937140755389,-0.38027972048101327,-0.071425775132292674,0.38622382221686896,0.89346761773781636,0.22923083389043464,-0.023355220284957557,-0.23896223602233463,0.97074795052096152,-19.72929886221274,20.341560710646633,-3.9712331755162591,,0.3520425377324142,0.1111111111111111,0,2
0.55957911105341307,-0.78797721174409419,-0.25683288777856123,0.82816326368227899,0.51971436369377666,0.2098632622863961,-0.031887727416483769,-0.33013466031662858,0.94339508102270486,-12.380853628021566,19.233454318937454,-3.4932599973108092,,0.5573169473015196,0.5,0,1
-0.96411216563025293,-0.26352680391467637,0.03227004341892558,0.25444682854171929,-0.95183922582370628,-0.17105233008757206,0.075792766995303601,-0.15670262219198067,0.98473333683254172,21.62377440401287,-14.8751530245416,0.21749858460420679,,0.2250538066758654,0.5,0,2
-0.7486624967021579,-0.66280979072489732,-0.013698443375402282,0.6625114274574776,-0.7487585977340987,0.020956402542445456,-0.024146936036411153,0.0066138973747394752,0.99968654179276073,15.897917876011697,-12.533496769922804,-0.010498493649142966,,0.08501364101543904,0.3333333333333333,0,2
0.99864589912546975,-0.05194761158722519,-0.0027953193495284657,0.051670952915517779,0.98422100794691836,0.16923096684931815,-0.006039932506692533,-0.16914624786360319,0.98557245601172283,9.5629171049899835,5.899065476489989,-1.1126751513134487,,0.4973441157089452,0.1111111111111111,0,1
0.34111402257044671,-0.92266502197095768,-0.17980678751688298,0.93937251170143765,0.32747539467619691,0.10168161161882441,-0.034935767710774633,-0.20359057717144405,0.97843260831876255,-27.773781261157453,1.5842904341396196,-3.4196682241110956,,0.3920676822276273,0.3571428571428572,0,1
0.26363921480172392,0.96150510147066137,0.077474539460543751,-0.96404730055711207,0.25986066821653081,0.055544895378447874,0.033274114673046917,-0.089332933232660575,0.99544586007114066,5.815045258649767,-17.425495728384252,-0.06609506457560009,,0.0856321369253002,0.1666666666666667,0,1
0.22000797827328281,-0.93900833007385331,-0.26431013137603293,0.97484489999048518,0.20172292058671343,0.094790739381580807,-0.035691882251332747,-0.27851610251811215,0.95976813355074297,21.877605682343244,0.51897123360112907,-0.37167782506766278,,0.1643286251555868,0.4615384615384616,0,1
-0.82242121260617762,0.56730239999702348,0.042324177641173438,-0.56838398373564025,-0.82253134428981844,-0.019540590922163637,0.023727538603651989,-0.04012698117727214,0.99891282367051959,-13.957076112282303,1.1518169626750374,-2.2894093714768853,,0.1372341950950771,0.1363636363636364,0,1
-0.30865275233602246,-0.89960633201761053,-0.30893676678119514,0.95061576543796966,-0.30288125516058501,-0.067768811212322824,-0.032605904008029679,-0.31459719112886103,0.94866509494006868,2.9364245374094473,-4.8970593300902632,-0.83898505764062292,,0.4568697962750548,0.2290909090909091,0,1
