axis_00,axis_01,axis_02,axis_10,axis_11,axis_12,axis_20,axis_21,axis_22,location_x,location_y,location_z,dbh,dbh_approximation,score,reconstructed,number_clusters
0.31328926784774069,0.94703207606157092,0.07056969294206443,-0.94944061711833594,0.31076266172770639,0.044599132747892067,0.020306383660798951,-0.080974162461996457,0.99650932549384497,0.2919364024693562,-5.8473821424822034,-1.1898820832296098,,0.4200703995562586,0.3272727272727273,0,1
-0.73040198138599699,0.66720880024146634,0.14610052179151506,-0.6830158752086658,-0.71302400535768051,-0.15838586425761345,-0.0015032632338968558,-0.21547432483716866,0.97650834893287819,14.742089394914569,8.8469472016109592,-1.9812413336633516,,0.3491123324080692,0.2272727272727273,0,3
-0.6167295301765916,-0.78575898959103496,-0.047196365167647435,0.78696999593341399,-0.61682829425902963,-0.014180299787376846,-0.01796975538855905,-0.045887532929687509,0.99878497296109903,-10.931869965653794,9.6191025735119684,-1.9090552615962422,,0.1176679273953059,0.4239130434782609,1,5
-0.1392977857301376,0.96498038050690638,0.22228133553545795,-0.99004769095795808,-0.14025844601579981,-0.011538541937706075,0.020042368110977423,-0.22167641633240806,0.9749142885005454,2.0291322269685819,26.189068975271958,-2.6736401232684539,,0.3240799527249536,0.2352941176470588,0,2
-0.66542900472370892,-0.74483500503836775,-0.049244846856380718,0.74612085176987986,-0.66566848115865329,-0.01375309950956438,-0.022536952469277872,-0.045894318400275635,0.99869204328059547,-22.846342531176724,-13.059129263061577,-0.71859420856912959,,0.1402924821942506,0.4782608695652174,0,1
-0.54967519777629248,-0.83246835096619232,-0.069667938029076545,0.83509128698170154,-0.54975860786567798,-0.019698108661437105,-0.021902496589198024,-0.069006649804357251,0.99737573808767765,0.71821247193005311,8.4215215879552172,-1.7820232745390265,0.2292809168884617,0.1718397504054625,0.577639751552795,1,5
-0.59771826095473046,0.79855287395001506,0.071036526008970688,-0.80169808136229248,-0.59576071789777718,-0.048470128429200419,0.0036148113742041871,-0.085921327480988532,0.99629536715907308,2.6928953972897505,-8.6687392519566142,-1.0590198475257901,,0.1512806674313623,0.2,0,1
-0.70904795768015338,0.70311883588867974,0.053618059720142171,-0.7051600585270662,-0.7070526969602694,-0.053158024599444388,0.00053438535640015089,-0.0755009029069105,0.99714559021866667,-8.7848680943926745,12.737535808270566,-1.9805781706185366,,0.07378500555888227,0.28,0,5
0.84373010427630746,0.53242523258773422,0.068138702965253276,-0.53547026880365434,0.8437022099879331,0.037923239429385108,-0.037297484703824824,-0.068483228350987038,0.99695483602287271,-6.5329223680524979,7.041657767743267,-1.7888932712274634,,0.164526177471628,0.108695652173913,0,6
-0.49316922386463935,0.8569832141800785,0.14954560256433158,-0.86992786705232572,-0.48643760400329661,-0.081264774271028697,0.0031020571462179805,-0.17017117272062227,0.9854096352362034,3.6360094029307586,23.641473205323095,-2.5917983999250374,,0.2635132934397532,0.1111111111111111,0,5
-0.81026319169916072,-0.57078076487766793,-0.13297698531382635,0.5860492491709598,-0.79083199285499883,-0.17643989521405037,-0.0044539559543719642,-0.2208938150393876,0.97528769332628262,-14.442419570700245,5.5675857663877277,-1.7094614283854805,,0.4673594950732757,0.4238805970149254,0,5
0.68046930410024542,-0.73048323129348947,-0.057929051229498624,0.73277560591348834,0.67820939582521911,0.055424965426342294,-0.0011989810038780236,-0.080163983268132677,0.99678096803216432,-9.5736632832928503,14.753618260535761,-2.0731791302484832,,0.0860666631189084,0.4074074074074074,0,1
0.99590001701705388,-0.083350262780284248,-0.035155224361254442,0.088819342667836809,0.97466512787932358,0.20527789180531833,0.017154605022732323,-0.20755871986124833,0.97807213299228313,-15.65824298436358,11.120193541904753,-2.01241491451125,,0.07847669097323831,0.3225806451612903,0,5
0.66467078462392204,-0.70243217078812903,-0.25456196398774472,0.74713447705679636,0.62413328443804772,0.22857759393615909,-0.001679660825432556,-0.34212086855152962,0.93965445246700097,-0.45802899530992436,-14.216176350514676,-0.73871032560603433,,0.7012258051205617,0.4,1,1
0.96522412365989807,0.25880383058068523,0.036918401668336452,-0.26134847467227285,0.95188624109720277,0.16002986845059089,0.0062742243709466008,-0.16411325749798847,0.98642154924856584,22.895487207852455,-4.1282717653660672,-1.7685603903259708,0.3213158813676084,0.3068028369618328,0.2222222222222222,1,5
-0.89750780514569384,0.44099209901638892,0.0023892064956048684,-0.44092615381783717,-0.89724907550257815,-0.022983110955175325,-0.007991657022683122,-0.021680985099583005,0.99973299850667274,-2.2791366089659069,-13.956170151945351,-0.72515147165127403,0.4415860768994042,0.3454453947708773,0.7111111111111111,1,5
-0.24510169445768967,0.94628255308690046,0.2108897557903352,-0.96940768483821182,-0.24216932526396884,-0.040034466123737726,0.013187113049787036,-0.21425066540044171,0.97668969095863833,-4.3092434775216288,-6.3991979912676822,-1.082373422497467,,0.1288346346348352,0.3333333333333333,0,3
-0.18519092881687288,-0.96811358198332775,-0.16870214066026246,0.98256703297335779,-0.18526747872651705,-0.015426828587005089,-0.016320097973884781,-0.16861807051953426,0.98554634629549154,-4.5091310389264656,-9.3397125144895181,-0.8914194393613899,0.2398599428541364,0.1644545087526877,0.3846153846153846,1,4
-0.28485790552972784,0.94521418682361891,0.15945568250954054,-0.95837142876416981,-0.28421457576321496,-0.027318115825607829,0.019498158521827638,-0.1605995515283353,0.98682703948724326,-10.273102710985482,-8.7101714909195085,-0.80693137083818967,0.4597838534590326,0.2097422428830995,0.5769230769230769,1,5
0.95539685500016858,0.29348792587829831,0.032889007577642126,-0.29464457997012061,0.93971106948131944,0.17357326230876324,0.020035492257963413,-0.17552191674526016,0.9842716270380103,13.216828806091153,24.469965973087685,-2.5909178932668446,,0.2280271414992732,0.6153846153846154,0,3
0.60259534244016677,0.78405607724636117,0.14877809315375415,-0.79804268866849681,0.59263351067860115,0.10914847265772233,-0.0025923603483317399,-0.18450363073339529,0.98282841326144998,-13.622335668630415,10.860729964834606,-1.9713216061383887,,0.4172831432928643,0.3761467889908257,0,5
0.99285964352925282,-0.1187840595732558,-0.010957894061406813,0.11849544370671763,0.9715151640517895,0.20522454979405186,-0.013731644901901496,-0.20505763387087139,0.97865356930814196,10.237407013221057,-5.3746458407645434,-1.3691536910104192,,0.6220606419018768,0.2083333333333333,0,4
-0.98461643894359951,-0.16868600231165465,-0.045557664406090333,0.17209376950043748,-0.9813377150686784,-0.08579057922007817,-0.030235784447502044,-0.092311004803862007,0.99527105641174252,1.5144305661597681,21.769377005684721,-2.5219898387542306,0.627008819067588,0.7554573354581541,0.5742574257425742,1,5
0.99244698819457267,0.12218284039295525,-0.010969463844337536,-0.121219157895496,0.99047824906588489,0.065259128759788065,0.018838561055171465,-0.063436516620077765,0.9978080561793844,-15.911966521580144,-7.6887960273993334,-0.79332120246554483,0.1774641268162433,0.1620027937549621,0.7692307692307693,1,3
0.84036687707110902,0.53952256954381428,0.051951023806965736,-0.54187443649704481,0.83407042205032667,0.10343416327210281,0.012474253194556851,-0.11507357652228432,0.99327864418480671,-16.527905603079375,-3.4456208386151337,-1.1477818638483979,,0.1188729398848816,0.3492063492063492,0,2
0.36939737183843246,0.92581305146735993,0.080098535639268997,-0.92908597739655263,0.36622666823194155,0.051742381862692761,0.018569552605062042,-0.093531926145182076,0.99544309255106123,9.7601282331888317,3.8477351453502138,-1.7067458075001223,0.308804594028094,0.247286832115243,0.36,1,5
0.035791371860014069,0.99555993619971583,0.087059698680828204,-0.99911721459573877,0.033729351478359031,0.02504241097223997,0.021994753893404599,-0.087879145892912097,0.99588829018032998,2.0868297000202811,15.640252656840659,-2.1695351063604704,0.4530903082624534,0.4850482897081712,0.7983870967741935,1,5
0.15924007196104784,-0.98628743455407208,-0.043355460124271002,0.98713432363109954,0.15842722455850053,0.021601889455832499,-0.014436986915968704,-0.046237549236928722,0.99882614225367095,-3.9821847272680415,19.06098725456139,-2.3364123692941545,0.3050079298737018,0.27366589135562,0.625,1,5
0.98183019571187191,-0.18234438383766988,-0.052535630492532112,0.1893705209180627,0.95927406629879786,0.20959978896409107,0.012176723516979553,-0.21574010153291015,0.97637489520929432,3.0853846379547014,1.7757199403799793,-1.5721420687573588,0.6556212608390022,0.3342594024196731,0.293103448275862,1,5
0.8249023405951077,0.56325967919226083,0.047693419639879185,-0.56461001798127675,0.81690155531770425,0.1178447135628035,0.027416346873651288,-0.12413856256517736,0.99188606261422796,-7.6969197662514182,17.433173478807532,-2.2844809578075975,0.6840915011247888,0.7689310743428602,0.4,1,5
-0.54167414021597315,-0.82573690964098756,-0.1573139595771447,0.83764947706224158,-0.54587954154006746,-0.018944120601410534,-0.070231612530549464,-0.14203549621330247,0.98736692187696917,6.4652758216019466,12.35515174963381,-2.0360482529016295,0.6921890597957444,0.3478522487016367,0.1818181818181818,1,5
-0.2502708291763287,0.96633664303435862,0.059649009987405792,-0.96764987566141281,-0.25169025389210714,0.017485257452408032,0.031909719457294504,-0.053343307216663881,0.99806626101644336,16.992286433114774,11.124010827507828,-2.048614794957492,0.2536329740999555,0.177987651564508,0.2,1,4
-0.22981058143780128,-0.96724395116534734,-0.10782502303856442,0.97304134928833486,-0.23056244994688119,-0.0056115282792432867,-0.01943268469245896,-0.10620779448109811,0.99415405001292645,-12.457279026848161,8.8548141974824528,-1.8980285605181653,,0.1200557145262907,0.2142857142857143,1,4
0.75970108719191443,0.64804443016539304,0.053783590908704951,-0.64966475848964844,0.75281573268896962,0.10584977181155102,0.028106221660172955,-0.11535549032266117,0.99292655879294922,-7.0282870517867719,14.580886455543414,-2.0694586176774945,0.1844430572452914,0.1831261107362842,0.2777777777777778,1,9
0.59740468881458753,0.79898368954604726,0.068794633669581648,-0.80143592222866011,0.59178746568684171,0.086533565842639132,0.028427105794351221,-0.10683004865360239,0.99387083686001487,-13.79748051369554,18.362333310390017,-2.4038497676415336,0.6706061998947739,0.5724776796554988,0.8775510204081632,1,5
0.98596141370621226,0.16684357452903076,0.0065812096778232344,-0.16639338574451076,0.97849125907821466,0.12193480671247567,0.013904382867504898,-0.12131808416681369,0.99251629235552996,8.6200078668913669,8.6999986221108507,-1.9200928710843366,,0.08030003052366762,0.2222222222222222,0,4
0.24517524273575822,0.96465417626609651,0.096599278267697916,-0.96947865035532821,0.24390403419964957,0.024939298433326675,0.00049684471658903418,-0.099765436467317031,0.99501085965521618,1.6421821371112151,-9.505126809677515,-0.98751276402677868,0.1268343233008473,0.1155882015641243,0.3333333333333333,1,6
-0.89388525917546713,-0.43522058599326635,-0.10748109115786689,0.44799603885755374,-0.87599999036767906,-0.17867167107229814,-0.016391845434517327,-0.20786307609458704,0.97802057698176614,-7.2688341744006353,19.158111875262694,-2.3580108618693361,,0.173580270270175,0.1428571428571428,0,3
0.96264803933310716,-0.25507202715942329,-0.090813068051402046,0.27056545396859355,0.91882515726063452,0.2873232769960351,0.010153200820183032,-0.30116206823860459,0.95351891494996166,4.0417800618592423,3.6354783578000127,-1.6322716922902409,,0.08205189674551891,0.3043478260869565,0,5
-0.10641790580313529,0.96256610768651851,0.24928240543147451,-0.99421655341460824,-0.1066506648383645,-0.012612716040298238,0.014445561285508278,-0.24918291278248161,0.96834869842241533,-11.121476924211832,-11.714383048227722,-0.73254227225654245,,0.6518468266756324,0.5178571428571429,0,1
0.75933369943613582,0.65000630550728367,0.030068849352839478,-0.65031375997048435,0.75647580940993731,0.069543967176390609,0.022457660022430756,-0.072361264350144991,0.99712561943215783,28.145147465384181,-10.781341993940121,-1.5577832403927629,,0.7792223307513028,0.5483870967741935,0,1
0.97512281869715411,0.22154816168913333,-0.007204200738640444,-0.22091797308268826,0.97398848114445902,0.050415154139862618,0.018186193256249063,-0.047569429785053075,0.99870236393270395,7.5592377320416819,3.7436672961081343,-1.6802113694405469,0.2996519035320841,0.2117849332968499,0.5222222222222223,1,5
-0.97237747680489484,-0.21825476705709104,-0.082745992406887181,0.23263678344164751,-0.93510255424371858,-0.26732628010877801,-0.019030753859731533,-0.2791918152520374,0.96004674922828726,-13.07712095333688,-15.861947886345201,-0.59610302191786557,,0.5743889170922706,0.2884615384615384,0,1
0.27617060441044927,-0.95917089681957357,-0.060999901261414448,0.96104222875342704,0.2748487208934498,0.029257737025962662,-0.011297425025777351,-0.066703607980150806,0.99770887380548923,-0.12747750710580205,13.356475379015883,-2.0178707739917527,,0.2024469847241051,0.25,0,5
-0.076198755059736167,-0.98760228237670411,-0.1372424189952621,0.99648172564908555,-0.080244805191832538,0.024185567744943695,-0.034898713081813457,-0.13491665236007599,0.99024218085334215,-7.2991117015356721,-11.181212811178288,-0.82489789971901406,,0.1757233701260713,0.3478260869565217,1,3
0.99139150473626059,-0.12928076896353355,-0.020721175472722436,0.13036979102404631,0.98933801244680686,0.064915442817167157,0.012107928192733075,-0.067058033851283408,0.99767560768562469,4.2088195175698537,18.549167310665283,-2.2974467878144509,0.1711015577887196,0.09432475683179585,0.2857142857142857,1,5
0.68824703407118992,0.72535551056524572,0.013243994293320894,-0.72513250254935002,0.68724409522028851,0.043340596804422642,0.02233548384805847,-0.039432687931184277,0.99897256683244029,-18.353661605546961,-9.1182122198043949,-0.78971111865021426,0.4808108628954629,0.5059823333141918,0.9301310043668122,1,3
0.06326185256072217,-0.95940679130248607,-0.27483912897047885,0.99798836343089969,0.06195837738567677,0.013430782860535957,0.0041430021841963828,-0.27513590873312072,0.96139641525153374,12.135145411158348,13.607458741601674,-2.1381619453378531,,0.4659580480355204,0.7241379310344828,0,5
0.99207007743929776,-0.11678059130330561,-0.046467783941527348,0.11926902110490532,0.99133947226239094,0.05496318166920907,0.039646715554555269,-0.060069494998502622,0.99740653382477973,-16.266016678520231,-6.1401835404087919,-0.9551668072603533,0.6982292275432118,0.325581683525849,0.4178403755868544,1,3
-0.99979764760739476,0.014419335085310545,-0.014026639455559939,-0.012844148787800972,-0.99422461529739115,-0.10654783985923923,-0.015481979222165678,-0.10634611940475679,0.99420863565295603,-11.7980155533435,12.288714720291274,-1.9987007363548976,,0.1459193071352482,0.3809523809523809,0,1
-0.76875354806528173,0.63512317341000757,0.075076873500708838,-0.63947477342849202,-0.76161290109354463,-0.10496572315024096,-0.0094866477545494186,-0.12870253876857113,0.99163786738350435,0.88581997914547084,12.28812319922428,-1.9776840084857252,,0.226309788587005,0.2692307692307692,0,5
0.96205885083777465,-0.27148118612835276,-0.027216412383780149,0.27202019896578228,0.94664070186437155,0.17284788956867994,-0.021160786358675934,-0.17369325591994941,0.98457243205800238,-21.749615224394024,9.9066283590929558,-2.0754116848836786,,0.2923260422494806,0.3333333333333333,0,3
-0.98961018708514237,-0.11695504371058933,-0.083625327311536435,0.12758255623759723,-0.98249977738551653,-0.13570880141423772,-0.066290036666061675,-0.14496794538125593,0.98721321195106937,1.7296531873165,-13.43080360013469,-0.81723305204173868,,0.2546325594032694,0.1724137931034483,0,3
-0.83556201891739645,-0.52325360947286681,-0.16745677865138758,0.54920728900643412,-0.80352007813888338,-0.22962325171873285,-0.014403688586125011,-0.28383295122536134,0.95876555505181471,-16.819843364437308,9.6875448951999577,-1.9804015186055679,0.8407574635591962,0.2826713125101504,0.1818181818181818,1,2
0.39675064344735789,0.91786282772278482,0.010805387954216959,-0.91768653355619823,0.39635036572133031,0.02752841663039635,0.020984590863691779,-0.020837876026631955,0.99956261928354551,-2.1125552981058466,5.5349951663282244,-1.6884280168024854,,0.06542343049572677,0.202020202020202,0,4
0.11768355524187775,-0.97244424480391933,-0.20125300388656772,0.99086370619614772,0.12843165401960407,-0.041163405945361144,0.065876373373659577,-0.19457004135663741,0.9786740021261473,-6.5347278306346688,-13.746259658224103,-0.70228054551285313,,0.6930231021135023,0.2592592592592592,0,2
0.97466474151961757,-0.22144914833030577,-0.031447040278526586,0.22332770076584807,0.97128793912991451,0.082002910749577065,0.012384656197765583,-0.086948341010887137,0.99613583726634258,5.2644673088326792,11.305011548686116,-1.9972971570976989,,0.08224193491604723,0.2857142857142857,0,5
0.37578940809500211,-0.92529368226873232,-0.051126532418879121,0.92662583845071511,0.3744634746137725,0.033788484661047662,-0.012119252415774209,-0.060072520620923678,0.99812044162372082,-13.697910923441224,13.815829846912115,-2.0526153427725484,,0.07450450912885651,0.1481481481481481,0,2
0.6004145846706751,0.76033156789348288,0.24778666909133626,-0.79937567342351135,0.56196961926624855,0.21257629162363248,0.022379885018668555,-0.32570854131629123,0.94520531465928881,-17.936631973940308,-16.31826221379038,-0.51122211257725791,,0.5215501683747749,0.4736842105263158,0,1
0.29652269445510226,-0.95081652687286089,-0.089566868308076072,0.95496444485729515,0.29413368132538714,0.03909330592791202,-0.010825928666114966,-0.097125227080330417,0.99521328846288515,-14.400721231950357,-17.514362325693078,-0.48994591600488308,,0.1488342109149408,0.1333333333333333,0,1
0.99345902176148493,0.11399046761991062,-0.0067338972747070071,-0.11243260804691053,0.98677808349697727,0.11673869357587119,0.01995196051725193,-0.11521799868868353,0.99313983509357395,1.8962099916107567,-7.3469872835321413,-1.1429080080580789,,0.0741132145500136,0.2692307692307692,0,9
-0.828210240001231,-0.55991591120920126,-0.023705921873508558,0.5599826080120317,-0.82849295655350164,0.0043473745273027702,-0.022074353470631834,-0.009674363855424124,0.99970952261286683,-19.161265160498587,-16.868861084560145,-0.46086107232735096,,0.2104917930184923,0.6451612903225806,0,1
-0.98347525027546456,-0.16963670422093088,-0.063244135512099842,0.1789581666740771,-0.96376258191510411,-0.19782734967891974,-0.027393551727836505,-0.20587635678093971,0.97819452004309526,-5.3018291613599793,16.765312201618563,-2.2453739978264466,0.5546497212874022,0.6112529890884963,0.5223880597014925,1,4
0.69806077115786846,0.70892036252204405,0.10071285604179872,-0.71531481325747437,0.68410063827913714,0.14258693713135892,0.032185054060961497,-0.17157574510312104,0.98464505583860118,-7.4357382624228494,-8.8918532941198798,-0.87545587213194442,0.08893975527341458,0.1180295085993154,0.1515151515151515,1,5
0.77720525466045354,-0.62845589543524805,-0.031546467644764521,0.62924185936154997,0.77642722495102323,0.034863258339895412,0.002583516092642406,-0.046946265533432147,0.9988940752637715,4.3282358989246106,2.4793623926559705,-1.5949271543673076,0.4864654414851066,0.2681060838105389,0.7705479452054794,1,5
0.22154209649185955,0.97469510591534392,0.029808555595124096,-0.97483782063523328,0.22059307164705613,0.032092369816903277,0.024704714957670466,-0.036168318263263791,0.99904030439860969,-8.1703591697437457,-3.2922377896822588,-1.1552648835258781,0.6221295306865405,0.6511324722964806,0.7289972899728997,1,5
-0.89545959923187501,0.44416978702689941,0.029416091446169686,-0.44509087976062689,-0.89238887617025797,-0.074405661353795255,-0.0067981539701419107,-0.079720097717346797,0.99679410668529511,14.926841656912964,1.245476089463694,-1.6999040889635697,,0.07235536203809889,0.3333333333333333,0,5
-0.85294535383790959,-0.51931247579617124,-0.052903457814916566,0.52051947848084001,-0.83851832340004318,-0.16107915397224903,0.039289895499452547,-0.16492899625242444,0.98552256712203723,-17.327073171648035,-12.179129627280366,-0.63431275364289486,,0.46345720299196,0.2258064516129032,0,2
0.97487449519191527,-0.21829174914232291,-0.044367002160303148,0.22233249883376,0.9657898414023034,0.13348498869329148,0.013710528313793038,-0.13999533742413411,0.99005723416015612,14.785386463130813,5.27291895361956,-1.7948698730662851,0.5410309338855825,0.241448910727101,0.4285714285714285,1,6
-0.45467824669550416,-0.88524740826052828,-0.098003663961711882,0.89063564756348357,-0.45264664974588509,-0.04334920717845283,-0.0059862568502163762,-0.10699549823167234,0.99424148378906385,-4.7219658999242569,14.706495717099836,-2.0796333342544435,,0.07435399469110718,0.1666666666666667,0,5
-0.82956329669572915,0.54638225801442908,0.11528731457696235,-0.55835634576338378,-0.80867642075238344,-0.18515031100399071,-0.00793271208818222,-0.21796530606077638,0.9759242785343325,11.807768164818597,-7.3310427737702222,-1.3753334406255229,,0.6238682103480082,0.2818181818181818,0,4
-0.88209267185869233,0.46520773803923082,0.074123401983558115,-0.47105238643133696,-0.86948831307779628,-0.1486597546697514,-0.0047082364571106681,-0.16604768558926297,0.98610648442240423,-3.01556317500446,-15.737416021395497,-0.67335212727512306,,0.3867936593747274,0.1428571428571428,0,3
0.73170304278286991,-0.67581551910452997,-0.088792124198965636,0.68159005381496596,0.72672396743716194,0.085482592923371056,0.0067569018641363016,-0.12306770205811808,0.99237527427245631,-7.4991160520508222,10.803925366831246,-1.9336528106792596,,0.1953592275943691,0.2285714285714286,1,5
-0.68931872034071062,0.72439910411649111,0.0092541743591727094,-0.72444805962484038,-0.68932044734449704,-0.0035113784452300398,0.0038354522091303108,-0.0091246275544305411,0.99995101403935971,10.777116281357939,13.130723325050635,-2.1095361770107974,,0.1512289295712234,0.2941176470588235,1,5
0.13305381556618667,0.9908857133644936,0.021028200432212204,-0.99091097262745864,0.13257340214102992,0.022797749258557671,0.019802183964968932,-0.023870402068060844,0.99951892299011824,10.455185538381341,-7.649116065469463,-1.3384024000309591,,0.08507641157255411,0.2380952380952381,0,4
0.62135178928792323,-0.78116167770044975,-0.060896528972637774,0.78352913862101681,0.61927082773314501,0.050850082109206808,-0.002010691548672768,-0.079309994394934122,0.99684797331818431,3.4651848432172843,4.6445139488797729,-1.6621064962752632,0.3203629688722949,0.221531494393499,0.680161943319838,1,5
-0.19968232098780556,0.96617591591712193,0.16319028827302945,-0.97973110831481502,-0.19957595214214463,-0.01721611822627981,0.015935058366627567,-0.16332035644177328,0.98644439026565744,4.5931986465199026,16.066589637800252,-2.2167036611584119,0.368953174145228,0.2455104197754882,0.2068965517241379,1,5
0.76713440961223023,-0.6313183729553774,-0.1137625138517475,0.64147115630485607,0.75617929291111796,0.12925800788094993,0.0044219020573510225,-0.17213363686803335,0.98506368212455087,-15.918018750506373,8.2459047156939693,-1.9309524000301452,,0.1970280978338684,0.328125,0,2
0.75645387152707133,-0.62691323040156455,-0.18643321002219537,0.65404581512980875,0.72562356377097015,0.21376275496798,0.001269631005052787,-0.2836375244000548,0.95893072887947384,-14.772492532285684,-21.229201833179776,-0.39063637644005883,,0.6593875612135187,0.3214285714285715,0,1
0.92887975206365148,-0.36637792313574813,-0.054310437716030092,0.3701915201670064,0.9230633287781439,0.10446209581209073,0.011859367715515472,-0.11713798915701686,0.99304483629574336,11.979655267267001,6.3983732187087057,-1.7970740944899961,,0.1052609580560658,0.3157894736842105,1,5
0.94496263233270184,0.32625668874052621,0.024539693293082501,-0.32655886266030648,0.93590384372188751,0.13207310295667346,0.020122939965578762,-0.13281780136210788,0.99093617298415204,7.3149000771159285,-8.3933247631280885,-1.2244893781441419,,0.8952330700519653,0.3333333333333333,0,1
0.77963345123113581,-0.62246329349330931,-0.068637671689011831,0.62621514972068637,0.77580752394787855,0.077312819416692088,0.0051252299192320397,-0.10325761007945915,0.9946414419171119,16.578557158634833,14.408092676698061,-2.1824544686644245,,0.1161529390206074,0.5333333333333333,0,5
-0.016272894222490779,-0.99477566302944831,-0.10077982515337022,0.9997921151545337,-0.017427201390170725,0.010583908849230874,-0.012284925251950877,-0.1005866437258281,0.99485245524928245,21.275843836789836,-3.0956908085060739,-1.7254122533553258,0.2095754442092213,0.1287686959259831,0.5333333333333333,1,5
-0.72276569886846087,0.67471366384642073,0.14957010516184283,-0.69100995277958788,-0.70890875281236621,-0.14125730191946745,0.010723324985152547,-0.20545036384722004,0.97860878715465649,20.264068241008871,-0.038157957070153577,-1.7215219804547932,,0.3673699869062544,0.2,0,4
-0.16505020533241574,0.98220837094636781,0.089583177899711305,-0.98593975726117755,-0.16190678417143944,-0.041339911599259864,-0.026100282977375652,-0.095146777571007896,0.99512103080296499,0.60086268214894412,-3.7019509829843535,-1.258482381519161,,0.2578854278744562,0.3132530120481928,0,4
0.72589710857512524,-0.68056848502117229,-0.099498366611007943,0.68776760501028811,0.71675040321251782,0.1150851032632154,-0.0070077999889248356,-0.15197169700532631,0.98836000225051401,-3.2801869726095405,21.968766445180343,-2.559911294863991,,0.08827853580569026,0.2727272727272727,0,4
-0.99949001003765459,-0.027593061459980955,-0.01607304557934883,0.027565264518691027,-0.99961810696726494,0.0019484391695309743,-0.016120670796983132,0.0015043877320965494,0.99986892180455722,-5.8567472777054901,3.9350297221955448,-1.5883280064343419,,0.09158886916817142,0.3956989247311828,0,4
-0.6743308858688537,-0.73656680940373553,-0.052413658984356105,0.73811019512194387,-0.67442590870043895,-0.018521164397343918,-0.021707054622245623,-0.051176449255381701,0.99845369187621213,-1.9847691584335521,13.207557677620578,-1.9831900061388343,,0.1097033732306942,0.3111111111111111,0,4
-0.57527997335361281,0.81702501682519968,0.039026582479756815,-0.81794563191696879,-0.57486387191933652,-0.022281651416790803,0.0042303056883956211,-0.044739810501290264,0.99898971659877034,-16.107882913816734,16.139854938134739,-2.2346224873827243,,0.1196287743468044,0.1,0,1
0.23369591185655283,-0.91359711909215058,-0.33275595376800871,0.97223454395621922,0.21531120920931529,0.091657376828408035,-0.012091828636588232,-0.34493678721665127,0.93854802780938051,11.825861678052517,-6.0187306167439001,-1.3953160563752456,,0.563691418910321,0.2871287128712871,1,1
-0.67820040448291363,-0.71532610533424712,-0.1683828209365478,0.73420758057992197,-0.66933381663726832,-0.11371662378370322,-0.031359846590653009,-0.20075060381758383,0.97914031430060389,-2.9193910009535551,-2.4254411385159558,-1.2765515853028877,,0.6092806255915617,0.2769556025369979,0,2
-0.98996269971046447,0.14107372661819814,0.0084886300439107609,-0.1399634020745035,-0.97029884325469085,-0.19730788341660269,-0.019598450492305488,-0.19651554248115513,0.98030482111516581,3.0444959591944771,-10.654586925598407,-0.98330585041011531,,0.403605969969858,0.2222222222222222,0,3
0.88882191079229711,-0.44703908816507432,-0.1007554690727481,0.45822956174438745,0.86481472559076034,0.20523440049106093,-0.0046129859177125501,-0.22858596644133172,0.97351280233338788,-14.732125086948658,7.2929091936654595,-1.8742654862549357,0.713729465886805,0.5103477137459159,0.2692307692307692,1,3
-0.86093342743036549,-0.49669568270498526,-0.10994104017714643,0.50825249443218745,-0.84905896624595834,-0.14414670908766683,-0.021749377840837702,-0.17997852821815674,0.98343006560912261,-18.052092214492742,7.6193507361032857,-1.9273748425496968,,0.0847242281218083,0.125,0,1
0.69724938608598819,0.70588001875122997,0.12480662134068288,-0.71668308615767407,0.68295196720781914,0.1412160207004956,0.014444639774859203,-0.18790957829427946,0.98208011015753749,-8.8874118166519658,9.9113534888081141,-1.9041258432396877,0.568586697411719,0.2918142354679011,0.3283582089552239,1,3
-0.77891684963071151,-0.60191591806304057,-0.17602775049319563,0.62583546826765657,-0.76406993854973548,-0.15661128842713209,-0.04023068504973127,-0.23215158105627975,0.97184727987143038,5.950046896225559,-10.498263926014415,-1.0590536093063088,,0.3632548045645972,0.1875,0,4
-0.09645341938105878,0.99393921791779194,0.052740581857505839,-0.99462571133224353,-0.098252598239258804,0.032651512921488504,0.037635518417167252,-0.049307788676855778,0.99807430070574821,-8.7779343470086619,14.806476251312624,-2.0716700836404858,0.4275908994510884,0.2739965344948218,0.6078431372549019,1,4
-0.83191584723300249,-0.54850842131734034,-0.08399127851482581,0.55490006929470781,-0.82194864743034579,-0.12839912026238298,0.0013914809824484918,-0.15342402918508041,0.98815946640675922,-3.9576428778346178,34.796473532623651,-3.0517406655590422,,0.2668529087182958,0.3636363636363636,0,4
0.34034758188114272,0.92139930797294756,0.18758155233026266,-0.94007447578957171,0.32906055735957918,0.089325973597626937,0.020579200096691959,-0.206742508587797,0.97817893642533704,20.287006822138455,13.673685895348024,-2.1675353913424464,,0.182047534065624,0.25,0,1
0.47075264033021769,-0.85867758697705998,-0.20264440097220354,0.88205031900059194,0.452985833050704,0.12958036041898627,-0.019472708416738281,-0.23974285532339495,0.97064111645257567,25.578397459040691,-10.545815990961515,-1.5087075468821756,,0.3289356713895711,0.3181818181818182,0,4
-0.6499247084603218,0.75338506776092296,0.10004405533380499,-0.75990822025950477,-0.64216235037382252,-0.10083160488853575,-0.011720499767307151,-0.14155725144702319,0.98986068436319197,13.950352983744827,-8.5332177309583184,-1.3944212928939481,,0.3729717815406284,0.3333333333333333,0,3
0.93435088901817231,0.3544112963793557,0.03716247017699368,-0.35625661229454492,0.92655926019215951,0.12070279014410722,0.0083452014574699248,-0.12601813500787329,0.99199283629559121,14.454804397454016,3.2659180194500022,-1.749900194113519,0.2893921369355845,0.2623140848506137,0.2380952380952381,1,3
-0.160736724084073,0.98687452069767112,0.015568748455211348,-0.98689304477692696,-0.16092902855690294,0.011998580693447789,0.014346557135642569,-0.013436077012006387,0.99980680540436417,2.0050256904533961,-11.250673190983177,-0.92926533056159388,,0.07325147585895823,0.3636363636363636,0,3
-0.9225134465306708,0.3858955834572349,0.0073170785361163998,-0.38586738978614221,-0.92168829779708961,-0.039962972906594577,-0.0086774690856752448,-0.0396898018652658,0.99917436974642371,0.9591011181802046,-10.263911251969075,-0.94005583664942793,,0.07391188654345535,0.4090909090909091,0,3
0.68561585952709581,0.71344408349374666,0.14466662674123995,-0.7276105735564542,0.6654276476604305,0.16670002692847241,0.022665974802974075,-0.21955314950342572,0.9753372073951434,11.495362903540082,16.197369347353842,-2.2404239105514132,,0.1205282242546413,0.2307692307692308,0,3
-0.33453524057720818,0.93191304359901073,0.1400865874449726,-0.94231758655712239,-0.33255005930243675,-0.038052912150134816,0.011123797782663716,-0.1447360951109786,0.98940776421802745,0.7763351502867788,-9.1755257159879324,-0.98071253039892126,,0.08061001053925267,0.2702702702702703,0,3
-0.73518535826760323,-0.67259720650283017,-0.084353344886405779,0.67728197613773844,-0.73400729022360989,-0.050223726440327354,-0.028135631997441804,-0.094054748435059218,0.9951693777990368,-0.80881551945373453,6.4344566091314137,-1.7056053055136375,0.7722482362097267,0.8676538742040775,0.5256975036710719,1,2
-0.91125368932561956,0.40206857822268244,0.089205224602816685,-0.41170847353910289,-0.89491202514088397,-0.17212960255094056,0.010622923634762008,-0.19358028221963555,0.98102692512958933,4.1318501240968004,12.024889326839933,-2.0102722447796211,,0.2523472829528278,0.2409638554216867,0,3
0.60800124313384118,-0.77964030345389812,-0.14998495117182556,0.79387120334297057,0.59458978125021444,0.12740292200575037,-0.010148933465396633,-0.19652986862849411,0.98044531203243512,9.0614856018687533,15.507891891096367,-2.2297287978216045,,0.08114201756008101,0.375,0,3
0.44949906416707541,0.89248115625003044,0.037788583613758434,-0.89313560690095284,0.44826098846593154,0.037025314383729316,0.01610524754828074,-0.050393173725779582,0.99859959395307851,2.8242064894036667,16.67303288530745,-2.2316860586394056,0.1353496545106785,0.1447242433107588,0.2857142857142857,1,3
0.4868662147554344,-0.8450911444260838,-0.22086703362504709,0.87345223715863407,0.46914464709659243,0.13032455449066815,-0.0065175403560443794,-0.2563674271689485,0.96655742920660515,-0.62955905485319741,18.21896710711296,-2.2932478279944069,,0.271398287163076,0.3157894736842105,0,1
-0.97564476220442653,0.21739809404845975,0.029246652580510644,-0.21934306157327024,-0.96835333306945248,-0.11908166808096958,0.002432965830547688,-0.12259645605554299,0.99245362090119282,-11.728093450693757,19.324532957280105,-2.4202762659091408,,0.1485008463986421,0.3076923076923077,0,2
0.91291845511269698,-0.39103173379558837,-0.11693621115575631,0.40806913157232444,0.87990445036229492,0.24340859083121422,0.0077122093109843731,-0.26993025283847788,0.96284899149871861,6.106566205665974,-7.7575374308543816,-1.2233424009950182,,0.3549944473980674,0.2602739726027397,0,1
0.98251057867626501,-0.17116023321355694,-0.073328966687877375,0.18573627810743326,0.92881330768219139,0.32063667049678712,0.013228672799236117,-0.32864877002469944,0.94435956509013186,-12.233170428638889,21.369638208685839,-2.5845889288664972,,0.4736342388665182,0.3846153846153846,0,2
0.61193514061032028,0.77772203127998218,0.1438187253036452,-0.79026307061099943,0.59390078385965195,0.15088451928334032,0.031932161134212225,-0.20598616699339001,0.97803376020087829,-2.2789364012224236,-10.819016559460239,-0.90336499621418664,,0.4327066017852375,0.1842105263157895,1,3
-0.85526024085355379,-0.51684939281260789,-0.03737145387003156,0.51773989883554195,-0.85531210025412951,-0.019662357758739396,-0.021801779030258289,-0.036165125578495438,0.99910798521631672,4.4073436870004272,1.5665373056648193,-1.5804836737874461,,0.06854220417071459,0.2727272727272727,0,3
-0.25262755255566816,0.96497360677200272,0.070747847480784845,-0.96749264149132874,-0.25281836557265647,-0.0063923930808873911,0.011717864560707305,-0.070062916458008564,0.99747374872100458,-1.2511131942486786,28.931625129952078,-2.7955448177953142,,0.1620866507949951,0.125,0,1
-0.98447987640000234,0.17475758484683118,0.016098431660812155,-0.17504370681997672,-0.97120194748689503,-0.16163687048561518,-0.012612440927800688,-0.16194617542925829,0.98671898866783636,0.6027950234713364,-14.214383672375471,-0.74990011845207061,,0.3120206115614225,0.2352941176470588,0,1
-0.77346704046761749,-0.61383496790296466,-0.15797268589801181,0.63156550491709018,-0.76745449853603864,-0.11017534059679047,-0.053607371779320741,-0.18498709375619793,0.98127775111563065,-8.3049837801929502,20.27839142897378,-2.4454670676108545,,0.2564739463783498,0.2608695652173913,0,2
-0.62342120937253764,0.77446426890219133,0.10747600615149987,-0.78072991323758201,-0.62406305575307952,-0.03171915856649872,0.04250644986964567,-0.10368412915158827,0.99370156640792129,26.08713335360105,2.35160971761522,-1.849978180157928,,0.216229650611968,0.2,0,2
-0.61875433631217347,-0.74449164404109514,-0.25074940328517065,0.7854005743514878,-0.59315811284792219,-0.17694459859245382,-0.017000267740086766,-0.30642396302456365,0.95174331927315681,23.503498201527965,-10.237448779976541,-1.5032748974657903,,0.7471135311928951,0.575,0,2
0.62455339951722599,0.78001789570812874,0.038796050398722352,-0.78076891950773519,0.62245141650474944,0.054351894373204146,0.018246793751262792,-0.064236410751963888,0.99776787784108623,11.050385324898759,-12.138518540681059,-1.0987838283996034,,0.1437536741655768,0.25,1,2
-0.93313669694723944,0.34544333433482077,0.09962332846295037,-0.35941361212421896,-0.88952989131563165,-0.2820610357277693,-0.008818176127583956,-0.29900748355123452,0.95421002119561737,2.8999929928475283,19.294778557792,-2.341769498993862,,0.3401920292959895,0.2,0,1
-0.63173222963673947,-0.73188593094907206,-0.25545522918312641,0.76979414356764964,-0.63109805227140858,-0.095562675497198588,-0.091276319859766031,-0.25701796143079997,0.96208648308497335,-9.4114794246862399,8.2998492281961767,-1.8584033633293091,,0.244520358333547,0.4444444444444444,0,2
0.99453031494106969,-0.10159513049661331,-0.02424628059298083,0.10350331729788068,0.98976655277247327,0.098230516242303403,0.014018415443682252,-0.10020279672879058,0.99486827447465487,8.9198059487737691,5.2051924886987937,-1.7185112361157151,,0.06932901124675629,0.2903225806451613,0,2
-0.80697019298154804,-0.58243420468977103,-0.097823846002484047,0.59017363276715784,-0.80149410118073916,-0.096448374578815485,-0.022230403184370445,-0.13556401801316431,0.99051915993300554,-11.4416183138433,14.012371859818012,-2.0357773321582058,,0.1824055403745127,0.2222222222222222,0,1
0.8716184658985483,-0.47702670367275624,-0.11281300407207549,0.49015138074021908,0.85085520648782276,0.18920106117837107,0.0057335733289515488,-0.22020658840204879,0.97543640723586511,21.271606683660014,4.0424499006060239,-1.8456958457234804,,0.7399772056859963,0.3095238095238095,0,1
0.23067307782763999,0.97055402271294156,0.0693889051740397,-0.97247378363085402,0.22754024942308465,0.050201345033499135,0.03293434857736717,-0.079058989926565404,0.99632575234989107,37.102643568927505,-10.031439434680289,-2.0582755242540167,0.6206755947845,0.7252838527187164,0.7419354838709677,1,2
-0.068526038376070991,0.99734187783000039,0.024766121840317852,-0.99753513878678379,-0.068872663019003896,0.013423977588710887,0.015094003780068562,-0.023785184783788351,0.99960313926812361,-4.685355700010315,-16.7560761920031,-0.65407028358113861,,0.08909636299514379,0.2857142857142857,0,1
0.95354422096324853,-0.3005448742831735,-0.020644544308452924,0.29952960315018623,0.93854025618349735,0.17153484882002329,-0.032178183669750074,-0.16974971595006497,0.98496172434800178,25.402965678706487,7.2207442043720604,-1.9872435866326512,,0.2546185135245982,0.5384615384615384,0,2
-0.51428768106596756,0.83987429181411666,0.17354928710174827,-0.8575979184151018,-0.50501151902448382,-0.097412401585563427,0.0058302173092827396,-0.19893350547939048,0.9799956474208481,-10.399545285883352,-5.372042415240621,-1.0439580550569123,,0.289379985585244,0.2592592592592592,0,1
0.97983468131003493,-0.19620775901137474,-0.037769201815712306,0.19962206135233271,0.9694602995982422,0.14247020784827738,0.0086619815000516329,-0.14713681662527614,0.98907822100674714,2.9828261880012485,13.091814190697388,-2.0363017489339001,,0.1036516599704976,0.1388888888888889,0,2
-0.97578908908705753,-0.21362584270132259,-0.046900457874110263,0.21869196871021715,-0.94997734061085992,-0.22297281257491619,0.0030783827411215848,-0.22783119113955638,0.97369577995574708,-4.9865453354892093,-11.541023530558533,-0.85653013957272706,,0.4622923196225485,0.2537313432835821,0,2
0.80473625922777814,0.5649322930014381,0.18234872472331326,-0.59321558347801051,0.75378153008129845,0.28268122758177489,0.022244653355920931,-0.3356559387712853,0.94172196861103386,1.3531113309978851,16.942085303040454,-2.2318112819654941,,0.6348891462707452,0.3207547169811321,0,1
0.6732034125133155,0.73901403115916031,0.02560131110536408,-0.73899468178469097,0.67115432369184391,0.058640720354425302,0.02615388449865574,-0.058396365808417582,0.99795081982330136,-10.849467599947927,25.406479429921021,-2.7687385805463309,,0.1421806861436843,0.45,0,2
0.59577401480960412,0.77290340182047401,0.21834297500030755,-0.80284071237412347,0.56554368943839484,0.18869850526969842,0.022363224996759429,-0.28771629566423168,0.95745455212088115,-10.143958615488289,20.558437095824484,-2.478208869183987,,0.4139947199394506,0.3076923076923077,0,1
