axis_00,axis_01,axis_02,axis_10,axis_11,axis_12,axis_20,axis_21,axis_22,location_x,location_y,location_z,dbh,dbh_approximation,score,reconstructed,number_clusters
0.91215836279242279,0.40716832181087281,0.04670202245689456,-0.40809111460031144,0.89184455751369818,0.19512797702398127,0.037798986390141093,-0.19704629645571514,0.97966524572476532,16.85384494973864,0.68551950277111029,-3.6850261265538755,0.6465897545398629,0.3258003144766218,0.2258064516129032,1,4
-0.94511655934363259,0.31355413286300526,0.091861281392020919,-0.3254179026575964,-0.92854572486375209,-0.17862257826820768,0.029289552478424963,-0.19871246211996782,0.97962006896236875,4.5513796647135667,5.6696367313831146,-2.9204615089198249,,0.4995211197820558,0.3982300884955752,0,3
-0.47149624016540581,0.88093419810216278,0.040573810814204622,-0.88113539194970514,-0.47248071238135453,0.019036740299972016,0.035940458588156664,-0.026775269218225314,0.99899517936512905,-14.964021363709508,-3.099653024769967,-1.6302044843868753,,0.1095220516777272,0.3333333333333333,0,2
-0.90076901930289266,0.41832130646665527,0.11671528785954141,-0.43250179365212255,-0.88846181059548901,-0.15355067437521017,0.039463557262387976,-0.18879326171613145,0.9812235891878992,11.807119061867906,2.1024772413696682,-3.3164958653435748,,0.2188382858285384,0.2857142857142857,0,3
-0.86972381662622156,0.48711970217007644,0.079340270675447064,-0.49271053826035033,-0.86628076279350996,-0.08242551486699129,0.028579857947745882,-0.11077922084772254,0.99343402194008701,-19.506779976097786,-6.3371924766932226,-1.310660616246351,,0.1309621738531389,0.24,0,1
0.90630995286842886,0.42121126643893292,0.034399685413328863,-0.42240113519775041,0.90026756207143721,0.10533564290211202,0.013399638624875825,-0.10999720772301447,0.99384156885182784,6.7490834057910325,-5.3061823931192516,-2.2592551844015674,0.6198566392872229,0.183332922156568,0.462962962962963,1,5
-0.20175884905686051,0.96458310989717067,0.16991995447373176,-0.97941153015910931,-0.19990142462484659,-0.028150932921480028,0.0068133265475801945,-0.17210126244179849,0.98505570098715589,3.8342946207419759,-21.808616075023682,-0.77403441619406688,0.9230627870078338,0.5864150930648149,0.7073170731707317,1,5
0.93499908632945683,-0.34331268218900418,-0.088955667673693617,0.35403174883329058,0.88872538142498503,0.29125369908218651,-0.020933928946156959,-0.30381507312706985,0.95250100890218015,12.844457145004418,11.314834981769872,-4.0144248956586805,,0.7410286612132361,0.4848484848484849,0,1
0.49200192935856196,0.85946747337540208,0.13874351774823707,-0.86927975618356068,0.47622681571517356,0.13251688753979665,0.047820570855036708,-0.18580549562240867,0.98142218784762048,-5.0397251662216016,-4.4662172529877147,-1.7854226342880246,,0.2055131918241825,0.4390243902439024,0,1
-0.98966608613687068,-0.14110647266047366,-0.025495123530723245,0.14328816870853872,-0.97993654451695245,-0.13853833198190224,-0.0054349479004978767,-0.14075983835417505,0.99002885273502295,-6.7793751745495294,6.6741133452245407,-2.5637470654645576,,0.09695146241438758,0.1073446327683616,0,4
0.11933495091450308,0.99131118523293438,0.05532904772638042,-0.99188396390324807,0.11657023067064268,0.050769907159388547,0.043879056984088324,-0.060938619556633759,0.99717657062564391,11.647599743742965,9.8455771260513316,-3.7922201383546819,0.179770708321482,0.1595591965477531,0.4761904761904762,1,4
-0.99995863384422035,-0.0026337693469565193,-0.0087059668864154852,0.00388904740304747,-0.98905772412714354,-0.1474777734261386,-0.0082222813559972106,-0.14750553075549966,0.98902705346509179,-5.4003709616492515,-12.003241045148142,-1.2288531966592777,,0.2408097161372328,0.5294117647058824,0,4
-0.39391734709714032,0.90676881255169051,0.15033111534059593,-0.91529880655460838,-0.40193486908810583,0.026008762577943441,0.084007251923032045,-0.12735258770328786,0.98829352928652558,17.492056701711366,-1.6487711032335852,-3.6325852870023012,,0.2064402824379861,0.1363636363636364,0,5
-0.68477691911744465,0.72108797205667852,0.10541682787490404,-0.72757395011641512,-0.68470294902355655,-0.042638230620428479,0.041433297672485693,-0.10589621406656237,0.99351360015369328,-20.884655996154184,-5.8948918900564724,-1.3279635422365692,,0.4873241927287708,0.7058823529411765,0,1
-0.22796451666441378,0.95929674316955327,0.16667914592488492,-0.97204005059697673,-0.2341230094064212,0.018015451754209922,0.056305587443767874,-0.15791192168664653,0.98584659344740044,5.0127317737831776,14.816720757748127,-3.6997775754807862,,0.1341247848633287,0.3684210526315789,0,2
-0.62687598437997127,0.7635231527448425,0.15510930155931046,-0.77470961873852551,-0.63200141753574568,-0.019980362029147349,0.082773829448985814,-0.13268987698910248,0.98769524130825248,-8.990839029002041,-11.264262062405111,-1.1812373467676618,,0.2899109841389312,0.3043478260869565,0,5
-0.4979673162172501,0.86027150034751576,0.10936863201679098,-0.86636580382614747,-0.49903492252015974,-0.01935045389575768,0.037932122799326284,-0.10438913638464938,0.99381289097334868,1.645241092921079,-13.286915458102021,-1.3989843298398645,,0.1976472513906665,0.3333333333333333,0,2
0.94323655135965445,-0.33071779581164251,-0.03050488014454673,0.33186631913552272,0.93492627221199787,0.1256089636579128,-0.013021305717314758,-0.128602507989791,0.99161073034540681,4.9645353951099516,-10.159836787923396,-1.7696983806980611,,0.1669997506982521,0.6052631578947368,0,5
-0.98976325298608481,-0.14256362277451098,-0.0066570639030642783,0.14260906260614742,-0.98975478203242873,-0.0069373414600984078,-0.0055998483013778889,-0.0078156832935474818,0.9999537773285605,-1.4376494371367496,18.574368029859418,-3.6233768152116608,,0.2040707518508068,0.7659574468085106,0,5
-0.99998628235396059,0.0051662318210142413,0.00086322226360983293,-0.0051884137951723605,-0.9995930645991119,-0.028049698173872914,0.00071795974463622324,-0.028053792152342716,0.99960615708371803,6.6559935760936337,11.2091230406213,-3.50701309153128,0.2276958787049624,0.186120699078915,0.7058823529411765,1,5
-0.99561953600560382,0.092907927441561566,0.010481247182485758,-0.093491848058484955,-0.98807918357132762,-0.12230617866497262,-0.0010069114141801247,-0.12275033202208699,0.9924370721198762,-3.7926929058394223,-5.519411600427337,-1.7476361023855913,,0.1641526639048155,0.3333333333333333,0,5
-0.92592411980919875,0.37748611754269851,0.012990589597884503,-0.37724758186766044,-0.92594501781363681,0.017609257823835704,0.01867582208535095,0.01140416803819118,0.99976055064239944,3.8829646015496935,-13.820334720235419,-1.4887356840358144,0.7974600938667789,0.2478920977201987,0.3888888888888889,1,5
-0.03940204732638089,-0.99875014726520972,-0.030750967532960451,0.99768096517510818,-0.041031899598438205,0.054305385944762273,-0.055499282821992589,-0.028539911581279481,0.99805075174220437,-9.5171639150422536,10.470395820969964,-2.730866145204784,,0.08282418535865438,0.4206349206349206,0,3
-0.93413449765959777,-0.35654877764308718,-0.016300596414621865,0.35644173309733312,-0.93427268074964709,0.009156905123360877,-0.018494085238834879,0.0027435681309792934,0.99982520554599486,-10.001034872598865,7.5098841534413676,-2.4992067314453164,,0.2573852394965778,0.7661050545094152,1,4
0.20546699880614094,0.96722059263966476,0.14922344847701707,-0.9773127786989213,0.19477430333870299,0.083202784512997022,0.051410553327021463,-0.16293340950430843,0.98529673655904881,1.4101499037854628,9.7299082325918302,-3.1173765039538526,,0.4842833947618999,0.3448275862068966,0,3
-0.31046347509456962,0.93170385928602351,0.18852148212799247,-0.94908987181783688,-0.31493797626621967,-0.0065181529700894707,0.053299585786449208,-0.1809474777300569,0.98204743493281721,12.178778688809007,-0.68110395999203333,-3.187636282450478,,0.3530395312657117,0.3947368421052632,0,1
0.60889035269637515,-0.7740337782857345,-0.17356338457748841,0.79231606919285891,0.58279503611508188,0.18051369027970093,-0.038571814736404579,-0.24743010316517558,0.96813767572365983,15.790881425435018,3.7616660783083273,-3.7628405068283919,0.7389296406215966,0.5414615903173147,0.3076923076923077,1,4
0.40260079557935058,-0.89965643737882317,-0.16891090575127729,0.91353485335530582,0.38319484994652525,0.13643965215273529,-0.058023022189243365,-0.20923671202086616,0.97614206304140161,-6.3885052348158471,-10.140764736668721,-1.3401307125338418,,0.09604709082438881,0.2413793103448276,0,5
0.96590555698374692,-0.2588405823577582,-0.0052922502410720435,0.258355358766718,0.96237324004182567,0.084203654599543321,-0.016702202981584702,-0.08270005910575437,0.99643451196727806,-5.9872970898700819,-9.4522863779241071,-1.4107273330127543,,0.08707910907648289,0.3384615384615385,0,4
0.87384915858057199,-0.48608434406751683,-0.010471795475375691,0.48550166979566911,0.87124519012838075,0.072249202789914757,-0.025995704907607529,-0.068218979255137757,0.9973316370173686,4.7188731567673159,9.0230126146009404,-3.2252591607806433,,0.07345989933915874,0.2439024390243902,0,5
-0.99562671877773468,0.093243121707257542,0.0057582210939899365,-0.093267469974201919,-0.99563258602550186,-0.0041149348455359501,0.0053493831880960614,-0.0046339937912336718,0.99997495478689391,3.2636958598307388,-10.722023417717935,-1.6861348049952352,0.1447579775556287,0.1304010046221235,0.5238095238095238,1,3
0.98517612162833323,0.16993565406643879,0.023449581027567265,-0.17134573615220072,0.96818720996857477,0.18235724596442077,0.0082854134367058956,-0.18367199005368123,0.98295267027151678,3.8717992226935456,-12.660938343732134,-1.5674801173356403,,0.192431275482817,0.1363636363636364,0,1
-0.89441158846956637,0.44688681692607013,0.01789087110883068,-0.44648637638466548,-0.89450881460284803,0.022447634634828198,0.026035093897250255,0.012089394339374202,0.99958792531236051,-9.2876764082255363,18.314977764245498,-3.3050253773271665,,0.08123917391677153,0.2666666666666667,0,1
0.99575103026407186,-0.091632296919984743,0.0091327919722789114,0.084895138846095883,0.95188724127483959,0.29445457255488267,-0.035674936977425756,-0.29242811434495203,0.95562183776445531,1.2821775057741869,15.146954924196425,-3.5148528163692121,,0.5208387251829966,0.2777777777777778,0,3
-0.32038283227652703,0.94633293266005192,0.042530240364919591,-0.94652395426391689,-0.32160460563219329,0.025746487930610216,0.038042670609073313,-0.032007158561616227,0.99876338389717867,-1.866538235842363,-13.17179498114351,-1.2722540838475425,0.2322558061610425,0.1913583444585965,0.6226415094339622,1,5
0.50636856005493935,0.86005524233957709,0.062416836767803574,-0.86135683650810824,0.50106278010627625,0.083668934455470106,0.040685151943078229,-0.096130486924705799,0.99453690122337257,-13.386823510918813,-3.1241609602891298,-1.6473223218702073,,0.06826968867282564,0.1320754716981132,0,2
0.24016359978561311,0.96808296346393408,0.071671620526560273,-0.96913220477806661,0.2348756488346517,0.074941305342946601,0.055715482588048509,-0.087457449284717201,0.99460895811599881,-5.0152682117356235,-16.774224418030826,-0.87618890966497764,,0.108571565494045,0.2857142857142857,0,5
-0.86853331820246327,0.49417086304668134,0.03801359346230266,-0.49379555364589084,-0.86936259195505483,0.019355487819664896,0.042612514262446485,-0.0019600573683466686,0.99908975162562186,-13.982042684201991,10.512503254705404,-2.5952006861259727,,0.1313747759252038,0.6218487394957983,0,4
0.43801015323118697,0.88368494029915423,0.16506977904774858,-0.89760789657494977,0.41980595494355444,0.13439875073907742,0.049468875797680889,-0.20703595456444479,0.97708185114907531,-22.504019015987588,-8.0069300710368854,-1.1700175025248405,,0.2099525040713587,0.2068965517241379,0,1
0.64952760800233589,0.75638938887634155,0.077388492930407393,-0.75907991487072113,0.63923257117723808,0.12320471900863705,0.043721496802188502,-0.13876891705786695,0.98935919583130416,0.53374989390326999,19.516318233396223,-3.7930991523009463,,0.4025660579403798,0.4736842105263158,0,5
0.53577257803822265,-0.84131594115672526,-0.071660531520853304,0.84245881267333367,0.52694053053343082,0.11223558361849392,-0.056664747165361441,-0.12050379428350307,0.99109431538676795,-19.711470259355046,12.63314538292601,-2.6381960281215244,0.3703475911567999,0.1987728030074312,0.2631578947368421,1,3
-0.96020955272345709,0.27417801231665972,0.053141626063800393,-0.27826722562510009,-0.95544045233756736,-0.098493112347485826,0.023769013474036167,-0.10936160020350086,0.99371780420771461,9.4203792583272659,-9.7540030479230673,-2.1611454716219458,1.111228462164094,0.3517579312901864,0.782051282051282,1,5
-0.93136358940642294,0.36320271033814022,0.025409752675186505,-0.36341762865257238,-0.93161658908710943,-0.0042612348259659224,0.022124455078626194,-0.013203111024679928,0.99966803807401272,-14.132678990734114,-9.2773571301927262,-1.2060318392776921,,0.08256022670822841,0.2631578947368421,0,4
0.43956344866729319,0.89506927931359903,0.075066369465635982,-0.89668148358055411,0.43240356963397802,0.094812815439531614,0.052405072268750741,-0.10898687167190857,0.99266085356665468,-17.761950809560236,-10.101027329965618,-1.0757151080888594,,0.0914369605603334,0.25,0,3
-0.97185573239438672,0.22922216014403116,0.054347370783463092,-0.23523450062190898,-0.95669818100488435,-0.17144480213499433,0.012695082880087695,-0.17940399037047741,0.98369357175383576,-9.7272952556267782,-12.651308687041466,-1.054889106483476,,0.1803525389390304,0.3548387096774194,0,5
0.78358193494658923,-0.6212221249389932,-0.0090786954811799339,0.62029436744347266,0.78141833306352282,0.067972689148847965,-0.035131879301570031,-0.05889363495748777,0.9976458744555774,0.94604527857218834,-14.907807934208552,-1.2282200474254628,,0.08683548279973076,0.3846153846153846,0,5
-0.96550624824846609,0.25603107462872471,0.047389591870282188,-0.2598796905832807,-0.95883259370725882,-0.11446660502936697,0.016131677392940462,-0.12283381484376005,0.99229613670285932,0.13253604442119316,10.129573514971041,-3.0994142952064001,,0.07844494097139695,0.1666666666666667,0,5
-0.86675117193695983,-0.49847947338318699,-0.016143746824315325,0.49825045412083291,-0.86688026012611841,0.016281878640294407,-0.022110877736775565,0.0060687082063836445,0.99973710537641636,11.792273634163553,-11.244172144038179,-2.2230963529245065,,0.09858670763837872,0.3333333333333333,0,6
0.96333714826050398,0.25407094775113254,0.086194502667864464,-0.26794385951139027,0.89467657049840088,0.35743520021307268,0.013697698035050956,-0.36742589417467642,0.92995192636957302,12.01558552248493,0.36334005092614552,-3.2222661023297041,,0.4660694869872299,0.2222222222222222,0,1
0.8904370978988565,0.45434364404443955,0.026336814573562871,-0.45447738796339976,0.8846750184832054,0.10392504751841906,0.023918162877354536,-0.1045082044059711,0.99423636862489251,-20.318879499175864,15.355800032155871,-2.8015405212163333,,0.1329823958769755,0.6666666666666666,0,2
-0.69068802548675956,0.71890611250714709,0.078256327853163998,-0.72301164962941422,-0.68435943790874598,-0.094373270820593366,-0.014290064707823137,-0.12176272477685943,0.99245636322488295,-4.9947743173500978,14.281163527497487,-3.1831414361798935,,0.668891677519226,0.1538461538461539,1,4
-0.43723492267864489,0.89204797697516491,0.1143504663948349,-0.89758175312889377,-0.44079807898064965,0.0066370186854577606,0.056326005008893495,-0.099736955746029726,0.99341830102845108,-13.342957957910382,14.840822584382478,-2.9253141896642361,,0.1439621934408649,0.390625,0,5
-0.45584815970241394,-0.87088914684245577,-0.18372411166731623,0.88876259574393135,-0.45651275787075984,-0.0411964841672747,-0.047994829955255294,-0.18206645988005354,0.98211419930897748,-0.46482182063619842,3.0936612662442107,-2.5014622311388912,,0.1364281509614287,0.3432835820895522,0,5
-0.16567026482896335,0.98446245201012084,0.058198315557431456,-0.98464099089233459,-0.1684201757183369,0.046008297790358033,0.055095212188201501,-0.049682240219475683,0.99724429935734027,-18.108809733414063,-0.3291519245533292,-1.7592678254355425,,0.06139755569557145,0.25,0,1
0.40585476312878788,0.9109546728962219,0.073780045908180866,-0.91264954824047595,0.39967561369841215,0.085616621699602088,0.048504776487791376,-0.10208323928704191,0.99359262221220956,0.69673511972281388,-17.692989541486256,-1.0062142171294743,,0.2106127380012866,0.2857142857142857,0,5
-0.29672265356232425,0.95268083573168794,0.065991606227653168,-0.95369831338277755,-0.29917733433022292,0.030861783388312022,0.049144622429906422,-0.053778693296087657,0.99734279875757259,-10.678152638241306,-8.9060725447172082,-1.3135287367514688,,0.08993050547962468,0.3148148148148148,0,7
-0.22169138242627304,-0.97437014794637589,-0.038154236316364651,0.97370883218089821,-0.22330370257007112,0.045017402761684609,-0.052383595627241923,-0.027171146634883285,0.99825732539245993,1.6180525691515339,-10.830905965370764,-1.5968857596364732,0.1238830304786625,0.09821454376396796,0.6181818181818182,1,5
0.99768667659430088,-0.067907756329874239,-0.0031355982620102953,0.066432564861186053,0.96415111694826694,0.25690336318034601,-0.014422540420557867,-0.25651736845221779,0.96643201002976231,-2.4360296608401244,19.617347996401399,-3.6706865911849169,,0.3315937649218312,0.2142857142857143,0,3
0.75741374866374578,0.64288365189530761,0.11412722488908933,-0.65180366315547489,0.73417525686053775,0.1901017540972911,0.038423925258042772,-0.21837422544686008,0.97510835276303953,14.627527224668759,-6.3004100856982905,-2.9621527570686181,0.2322314938552046,0.1806322783689904,0.358974358974359,1,6
0.77947572766869067,-0.62463381115643446,-0.047436188037753686,0.62539868619111905,0.77160657156156132,0.11618856240368579,-0.03597323012724081,-0.12023269390311811,0.99209375868967775,13.001081144180793,-8.2282699345096706,-2.6179438448657826,,0.08586764771106323,0.2941176470588235,0,2
-0.9738610342488363,-0.21975553475866502,-0.057464692766260178,0.22685867672568458,-0.95368530470591428,-0.19753349179888113,-0.011394154907613072,-0.20540653478144424,0.97861040700731439,-22.997608815382648,-9.5827080262119892,-1.0162357121880852,,0.3317643389185841,0.2142857142857143,0,1
0.57988899743269573,-0.81341489593303595,-0.045661337373662542,0.81341775384129666,0.57493165942183366,0.088346730161540182,-0.045610397852713196,-0.088373039263706696,0.9950426611653459,-8.3434631237165338,9.8109499822677506,-2.737913362834695,,0.1048746282741209,0.4268292682926829,0,3
0.59949637564329494,0.77428894906133661,0.20268379055081218,-0.79917946919498983,0.56523729573518389,0.20449688390582252,0.043775239665459965,-0.28457586487871472,0.95765354148604531,-19.566082804873474,-9.2663119242167369,-1.1042523522460552,,0.09209660583213694,0.6363636363636364,0,1
0.98529482647753219,0.16719378519732223,0.035218505192622339,-0.17070566321027739,0.95441148601866899,0.24486382318255237,0.0073267635795318401,-0.24727505645945916,0.96891762549167337,13.879078905617023,-16.271488884866493,-2.0333405733319716,,0.4122507283269852,0.6578947368421053,0,3
0.83615254321012977,0.54663139672509442,0.045200006610661626,-0.54819931073647932,0.83014185314483468,0.10169571950337013,0.018067655943157214,-0.109811746965576,0.99378817664384,-6.3790852644932148,-7.0678977499007818,-1.5623724613644807,,0.1011011028910709,0.1495327102803738,0,5
-0.31320508881151582,-0.94801767487196398,-0.056258870171072742,0.94854707837667773,-0.3151799897710823,0.030331735047122707,-0.046486691059257075,-0.043864133164302439,0.99795537243711741,9.6451436502577188,8.6597978477148043,-3.5298536865636314,,0.07583337253047184,0.4444444444444444,0,2
-0.9806598322831781,-0.19571193715136748,-0.0017694639831993728,0.19548255668926126,-0.97987554441977542,0.040379295168165436,-0.0096365645620371601,0.039252453483920681,0.99918285689804265,-19.034364622402176,-2.9257976848142628,-1.5661619914134364,,0.06751965332030327,0.2666666666666667,0,1
-0.53820570546461421,0.84252857159333538,0.021914028708338702,-0.84129325289562085,-0.5386142640876298,0.04604711884195184,0.050599221709835322,0.0063466975848593208,0.99869887262984569,-3.0848305864915897,-11.783809242082819,-1.329644284410322,,0.1146042697804884,0.46,0,5
0.052368352316709554,-0.99702302574217228,-0.05659188824872588,0.99711927252351329,0.049091479480188993,0.057820264653710492,-0.054869955693548141,-0.059456814431732452,0.99672171401039455,-8.4751682685469873,-0.077995828825669827,-2.0031689916436255,0.4518501624288313,0.3915157925885882,0.813953488372093,1,4
0.55134505922878163,0.82628386495866857,0.11521111132601249,-0.83205676716129329,0.53454010849317934,0.1481499532001129,0.060828955975808688,-0.17754392955283946,0.98223112921238076,2.0939441567215797,19.820051462358116,-3.9137390238534016,,0.1914631121313412,0.3636363636363636,0,5
-0.016410147420274517,0.9972942301934743,0.071658394375325882,-0.99883722052438639,-0.019600351876114034,0.044045806854343679,0.045331158784686874,-0.070852273281366146,0.99645624159523449,-16.618550392311494,-7.5320379649301499,-1.2679133340676259,,0.4365090316654814,0.9137931034482759,1,3
-0.45867297921583811,-0.83728126827673999,-0.29762253935171168,0.88726053213243172,-0.44994545323707741,-0.10157675536930304,-0.048865593799129595,-0.31065924564412195,0.94926444515660868,9.9111005341982601,13.078443949550318,-3.9213615656465488,,0.3186945528382925,0.2666666666666667,0,1
-0.61432568039950697,0.78774227912636963,0.045453933586384838,-0.78837838583706177,-0.61516232309784102,0.0059022864905136033,0.03261102799102944,-0.032208972626581532,0.9989489991664785,28.109852075712539,-9.9615758188104646,-4.1314746966331004,0.2669985199043349,0.2018278204283344,0.5714285714285714,1,5
0.85270552238630226,-0.50629337215432713,-0.12868688124476338,0.52198536691391006,0.816067986071073,0.24812158075760754,-0.020605067814849921,-0.27874731105878547,0.96014340999552927,4.1221097001387266,-11.182223319476996,-1.6947606255962744,,0.3989847707654073,0.3972602739726027,0,2
-0.24480199202846023,0.96661070899995483,0.075734549219638611,-0.96805294732322134,-0.24804370299437653,0.036712567108023862,0.054272238554544397,-0.06432774402574401,0.99645193836473478,-18.034968338602724,14.424727076412886,-2.790376596178906,,0.08560342409860699,0.4090909090909091,0,1
0.95161005080589811,0.29265650926881948,0.093757553230579896,-0.30689739435112273,0.88925890687505849,0.33916454101787674,0.015883971344947592,-0.35152633489678264,0.93604323368546827,2.7350750294715565,-8.8352821511217847,-1.786480423553616,,0.3197595056884064,0.1627906976744186,0,1
0.43726507133251025,-0.89552167991518083,-0.082705369804308121,0.89737217191059693,0.42839397971209442,0.10583847706241727,-0.059350168264572165,-0.12049696655238326,0.99093795899573944,8.6938860971669598,10.981681522017642,-3.6402197397145355,0.7232440594943013,0.2886899945073512,0.7722772277227723,1,5
0.2468097234927378,-0.95161719168631831,-0.18305649640612109,0.96762069355857039,0.23169942756179618,0.10012776170856952,-0.052869213978179529,-0.20184175919413155,0.97799015867172678,2.9789368913732019,16.851836692630009,-3.7469162056289984,,0.3994122883811193,0.5652173913043478,0,5
0.78819754171629308,-0.61493022140993836,-0.024606056756756856,0.6142638584784641,0.7836327024264419,0.092734566667345572,-0.037743176860749704,-0.088207768844673032,0.99538678015930249,5.7208124201371024,-5.1428525741768496,-2.1841466398985188,0.1523321692558052,0.1187246318573186,0.5,1,5
-0.80174166882655873,0.59658741049778363,0.035968849060731119,-0.59656768024182982,-0.80246611246919319,0.01245557021826357,0.036294618858543286,-0.011471703192151888,0.99927528772995533,15.33014786183195,-0.17610833635460005,-3.5415734683872886,0.1763644785649694,0.1443768810176296,0.5925925925925926,1,5
-0.90836037641074463,-0.41757457390217256,-0.022647335325547899,0.41730267362874651,-0.90862913548555602,0.015861044387717349,-0.027201197569748613,0.0049567506683765496,0.99961768965619158,-2.0879046716838761,-16.978904302408644,-0.97085636027560596,0.202078466644295,0.1238659226184691,0.55,1,5
0.34386927093402792,0.93681585604486284,0.064264892205864801,-0.93749522855526612,0.33861144728201925,0.080280658976405572,0.053447366103576241,-0.087854081478936669,0.99469846658376015,-15.220071211778206,-9.4626703265062897,-1.1591590676650152,,0.07606812573735888,0.35,0,5
0.90780157138671558,-0.40584603858092017,-0.10576057845901045,0.41935431423821701,0.87464885045757446,0.24316938031552812,-0.0061859613323327163,-0.26510070041668587,0.96420088805236959,-0.24733212225393322,-19.555391578292731,-0.81930293332980642,,0.3663065906989263,0.1363636363636364,0,5
-0.70842799772374343,0.70415613197408178,0.047894820643026512,-0.70462704758981765,-0.70951969047572483,0.0090847472220420607,0.040379398781865944,-0.027312096780202053,0.99881106998445157,-1.5220367798467505,-3.3472922009272508,-1.9966929984801269,0.6705992463057604,0.8952487516110402,0.9625246548323472,1,5
-0.48286660886899979,0.86491520200250283,0.13697273956639636,-0.87534738343673935,-0.48113436613467175,-0.047714568369033108,0.024633236689643064,-0.14293850100361002,0.98942497875333391,-12.458655280390797,-11.434207052170761,-1.0827725908215731,,0.2512498364021236,0.3157894736842105,1,4
-0.061269695085496047,0.99693649801016737,0.048617315838621916,-0.9961075327257024,-0.064166012020238347,0.060435967341726377,0.063370400908010313,-0.044725181236531374,0.99698738730844361,7.5482541979760214,15.474992259966323,-3.9250433335155135,,0.07765381936651046,0.25,0,3
-0.260195365164615,0.96399437112936448,0.054892844504121102,-0.96450798636250823,-0.26214065028398575,0.031727333824767036,0.044974617172265752,-0.044689281708145262,0.99798805198790741,-9.4256402305230598,-16.510207124719795,-0.78079775969821164,,0.1205319722268344,0.36,0,5
-0.43648027720589683,0.88517508193497174,0.16109016708564478,-0.8989733521270985,-0.43633625038592683,-0.038178380852502199,0.036494928080934456,-0.16147987775746897,0.98620097814989116,8.4966723874469352,15.533977864256578,-3.9982662433996712,,0.3039949128681984,0.2727272727272727,0,5
-0.33640218116593656,0.9405495095316454,0.046906210959545655,-0.94023485242515181,-0.33825008677957497,0.03931031771256413,0.052839329971652728,-0.030878777718538947,0.99812549626525238,-19.572086948465625,-4.9304342971737505,-1.419355535635062,,0.079560323692158,0.4210526315789473,0,1
0.55260590790430175,-0.83240620372621599,-0.041552647898443061,0.8320226550493881,0.54806917713899406,0.085781574681003864,-0.048631389388225275,-0.081976149386851799,0.99544708493112588,-12.236143099489858,0.99091929226228714,-1.9763114487577227,,0.09220948522303422,0.4738675958188153,0,3
0.23114757377150136,0.97097932443105173,0.061399923998053323,-0.97132010032489413,0.22669151324305642,0.07175110123482549,0.05574999412004749,-0.076224073303593348,0.99553092810049026,-5.8606258647293634,12.880451015797981,-3.0270518301170877,,0.07014669285035674,0.1818181818181818,0,4
-0.19221391586403361,-0.97521851692899253,-0.10955662822042726,0.97984585178410466,-0.19690392606240298,0.033629609612549537,-0.054368348234012785,-0.10088452874463229,0.99341149307337773,-23.949063770077622,-4.1000429841778274,-1.3973242902695393,,0.2425265078887252,0.5714285714285714,0,1
-0.83798561784078651,0.54562487804141813,0.0085788550681742647,-0.54489598067730793,-0.83750833353554632,0.040843132840476047,0.02946989198670381,0.029551374262418349,0.99912874132690888,0.096972405256796984,16.128585092103741,-3.5159933674386035,,0.1854591913715428,0.5471698113207547,1,5
0.19086159776520162,0.9781668026400171,0.082228685454172334,-0.98012704957455832,0.1852884890556542,0.070845906838325687,0.054063085287341286,-0.094116321838879788,0.99409219933200144,-6.2434914537012638,-11.52706693925054,-1.2305118342635264,,0.08182933482047286,0.25,0,5
-0.49499113410024137,-0.86711496374584673,-0.055636470144988591,0.86758651106020823,-0.49674652838872269,0.023163168179790857,-0.04772235313278423,-0.036803888134126835,0.99818237353185091,-19.744712893970263,-8.0930308376522095,-1.1797664303746496,,0.2348753012098673,0.25,0,1
-0.1345289391243864,0.98908255765442366,0.060146975666695628,-0.98914321465944288,-0.13766422909090958,0.051422377638415534,0.059141063832581053,-0.052576174952049033,0.9968641233368577,-11.518676633436497,-13.824726729611159,-0.9343657262172631,,0.09406066156712288,0.391304347826087,0,4
0.091052345794102985,-0.99503168157888466,-0.040266896822182041,0.99439296679063693,0.088661540444183201,0.057634701728903087,-0.053778229077446241,-0.045288893786022154,0.99752534713506535,-4.295510877453947,17.36794590739834,-3.4382281557461374,,0.09361375412426899,0.4583333333333333,0,5
0.35812304692995489,0.92415048910817443,0.13301788127439285,-0.93287516768460166,0.34827307305564686,0.091922728972779477,0.038623888657568307,-0.15700872608074787,0.98684165657894174,11.246315523687173,-6.8683035754116153,-2.502396749268851,0.2197638025828736,0.3078363996643222,0.1894736842105263,1,5
-0.65652968338056883,0.75207457755943019,0.057901680709756632,-0.75232865938002769,-0.65842798173387673,0.021775700799366957,0.054501037748468852,-0.029264699873023277,0.99808477306573617,-1.0273025980136368,-13.821231525066365,-1.2422229600066785,0.66875750201583,0.42575264750492,0.2727272727272727,1,4
-0.70490094761219346,-0.70014597897690711,-0.11362333465402837,0.70895949718755302,-0.70046310207067353,-0.082023618458967051,-0.022160446814193123,-0.13837286858339981,0.99013224563034929,-11.616616884883591,16.397763557225524,-3.1035108316087299,,0.2282883210725909,0.4074074074074074,0,5
0.66354394763323299,0.74457979358642401,0.072872220647539648,-0.74807861264308095,0.6591167858115462,0.077093786827858266,0.0093711720349263262,-0.10566926537198398,0.99435717299692561,-7.1409281543794654,-14.196777054191601,-1.0012899582024639,,0.1073490443349735,0.3529411764705883,1,6
0.86767870811974657,-0.49268880456243108,-0.066267649230159209,0.4969558872040043,0.85616111481465751,0.14150262065631372,-0.012980972572570582,-0.15571090950272629,0.98771737203154708,-3.9736359305756577,-9.6125169323735431,-1.4634153098370282,,0.1384277696976353,0.2857142857142857,0,7
-0.53130488720512714,-0.83231100363570942,-0.15803009225734443,0.84334779567937257,-0.53734187634986608,-0.0053106914378227097,-0.080496039372690134,-0.13609592627159303,0.98742001524051948,14.372864001822261,-0.68586407873640087,-3.4132955638007982,,0.08309707681040672,0.4615384615384616,0,3
0.9971027389633953,0.072941108765495866,0.021580607122046413,-0.076009137534326518,0.94438488440646939,0.31993718307797248,0.0029561737066415099,-0.32065056487809346,0.94719294564538292,-17.247762127298405,-10.941588397305082,-1.0198253894908438,,0.6245150978159365,0.4285714285714285,0,1
0.34109366819796627,0.92904643881676274,0.14327534343754766,-0.93859670972366449,0.32818326384445123,0.10645168776639707,0.051877991587636056,-0.17078776260111528,0.98394116395978626,-24.375391854343054,-10.798962219764125,-0.93368673151562342,,0.2100135130231014,0.3157894736842105,0,1
-0.73463535021476734,0.66538591822942794,0.1325612388174186,-0.6776015481153066,-0.72940060541801632,-0.093972862080347233,0.034162028724408149,-0.15885948708784567,0.98670999749451271,-5.2115466440277913,7.5676538679414325,-2.680027712304994,,0.1449277978856381,0.2178217821782178,0,2
0.81812403134953493,0.5746458761380544,0.021335097044845947,-0.57420803157798217,0.8143781283195991,0.08410351113957977,0.030954899446191765,-0.081057887661809755,0.99622859477535686,-16.847737164339744,-0.35518837700183631,-1.7731917883699557,,0.198747449247159,0.6694214876033058,0,1
-0.99652338637065685,0.081444114513259558,0.017549832691771895,-0.081918393487484448,-0.99623850325147589,-0.028252813093358191,0.015182793708267493,-0.029592243078374679,0.99944673791293293,-6.2753135438578305,8.7382436311823568,-2.7066802136490802,0.3881988432825066,0.2384678538841565,0.9559228650137741,1,9
0.45518668325202777,0.88014055711427552,0.13475044754133642,-0.88977185497362554,0.44396288518097737,0.1058442378147004,0.033333608967686598,-0.16807604321959352,0.98521028933361976,-2.9871629133278059,-7.763395334202202,-1.6101639961453897,,0.3208935269826471,0.2786885245901639,1,5
-0.38964157518450288,0.92022560556414301,0.036936130710274497,-0.91949755845822767,-0.39097141124264473,0.040811708862696042,0.051996950651920767,-0.01806074347975916,0.99848391407566561,-7.482244135698819,-9.173405603177315,-1.3748716219905301,,0.08691675627968326,0.2127659574468085,0,5
0.18802896064597974,-0.97919106003061163,-0.076354292050402936,0.98055546511212843,0.1827062675088684,0.071619827224820784,-0.056179086830670376,-0.088336220029517937,0.99450521488515464,3.3523370636780507,12.667457223865561,-3.4370086938261948,0.8716798775183853,0.8774477786446419,0.7837837837837838,1,5
-0.25744147661451139,0.95854578634477161,0.12212232228067119,-0.96477792005582452,-0.26205311272219778,0.023059294988459482,0.054105924733782201,-0.11188450113081441,0.99224715031861521,-20.644152561763502,-4.0004648747147691,-1.471434095433483,,0.1271166521557164,0.5,0,1
0.76353673602988592,0.64371572160382073,0.051397689567725731,-0.64481734232808841,0.7556892285002641,0.11464896406690965,0.03496066025933052,-0.12068081740172096,0.99207554780141827,-13.733216388398841,-0.39841122116874678,-1.8389713125278031,,0.07782914239895304,0.2135922330097087,0,1
0.11274319890282815,0.99171536391596182,0.061559792675001369,-0.99243393021643689,0.10936027589103216,0.055814193644573518,0.048619597451171281,-0.067386697723431754,0.99654160360399302,-14.96388096955026,-5.0849813299779401,-1.4850598057051401,1.00671182745353,0.3554937344071853,0.845360824742268,1,3
-0.0080632945742874409,-0.96487858870877741,-0.26257245158616127,0.9962697516184954,-0.0303122336621275,0.08079449548350924,-0.085916036283283467,-0.26094152130653986,0.96152376838412035,2.0901596293101004,-7.0798277308439479,-1.8767298524751355,,0.4303723591435663,0.225,0,2
-0.13424914131616891,0.98010353832166341,0.14619925521433774,-0.98956310176301765,-0.14039067279209716,0.032485791080677194,0.052364450584594428,-0.14031219890778582,0.98872162470163261,18.873648412594473,-9.421104447981838,-3.2497283728210733,,0.09837909836881975,0.2105263157894737,0,3
0.66197161432425156,0.74854232402682008,0.038444388010107196,-0.74849225858798174,0.65748924674382569,0.086413131236512467,0.039407114367920902,-0.085978366795165434,0.99551735282737808,-0.94111215508647739,11.869921801342436,-3.1814360609432919,,0.06982214558264119,0.2142857142857143,0,5
0.37659317472034065,0.92170890041911646,0.092899319923445217,-0.92496980693630304,0.3685961714230504,0.092561972042993559,0.051072859820785556,-0.12078727292414934,0.99136370605811197,-0.56326515047961001,-13.253509813948481,-1.2940861446108014,,0.08615550677595664,0.1875,0,1
0.99658864524307089,-0.071187528794213015,-0.041754136522682096,0.079091046558887865,0.96832809870715064,0.2368233510623807,0.023572834509272268,-0.23931784095292372,0.97065508419563284,9.2621300264499045,-0.71587086832361913,-2.7829598224620593,0.5549032306957337,0.3223210070765826,0.59375,1,5
-0.77620219196413986,-0.62252071929981845,-0.099890496207111074,0.62973935617380516,-0.77319137191798359,-0.074856166595606413,-0.030634955130820384,-0.12100849736289057,0.99217863466722067,7.1128977584128208,4.861967122262401,-3.0429956429092173,,0.1265337170009302,0.2777777777777778,0,5
-0.030766626996166706,0.99690196668174891,0.072387039512205445,-0.99567572199152443,-0.036918659556373523,0.085245933704888699,0.087654271430070319,-0.069451287983905888,0.99372694805839012,-6.3328249707436424,-16.205252058385682,-0.88251598630193773,,0.1317756923981915,0.1875,0,5
-0.23162814787412239,-0.97021342478351957,-0.070952882127773301,0.97134920464267904,-0.23465356960352668,0.037661982321135296,-0.053189507916865303,-0.060196450411605866,0.99676841021643825,1.8573344085051726,12.768141078730554,-3.3709067434382201,,0.08372140917105567,0.25,0,2
-0.98148020752604503,-0.19155611877781462,-0.0016898501148014417,0.19133905800014245,-0.98071872124869897,0.039751159428797041,-0.0092718454607885227,0.038691641876449079,0.99920818137696199,-10.257655649556447,9.1408452177535313,-2.6062335235198173,,0.07663722161581214,0.3245614035087719,0,3
-0.36391188801981739,-0.92709277609622442,-0.089817160209214097,0.93001570962380098,-0.36698295627744193,0.019856728199943469,-0.051370396249095791,-0.07630527053922917,0.99576030653824843,-25.747601153007039,-7.6528522231904752,-1.1139304661243183,,0.3289323864356262,0.2,0,1
0.99956624730865251,0.029299647235703954,-0.0029745441938973192,-0.027469181103182975,0.96397789007011481,0.26456014731151439,0.010618913824806718,-0.2643636853424331,0.96436459938207453,1.8513550464571056,-4.4527071199173962,-2.032571695686801,,0.4456773365283599,0.2121212121212121,0,4
-0.42081674092419113,0.8981406510236134,0.12750153542926851,-0.90570960503033093,-0.42388534395206179,-0.0033654923031507366,0.05102334675168476,-0.11689562079702111,0.99183266326771857,1.3103993889189727,11.628832620461376,-3.2319383957720205,,0.1668447262670152,0.2592592592592592,0,1
-0.88106004656578063,-0.46206388315886782,-0.10114426442291377,0.46948711885585598,-0.88030994517253403,-0.068089982073402486,-0.057576380347597531,-0.10747729206896395,0.99253896251763907,2.3988351312662659,-13.253045926381956,-1.446576029555797,1.113565209516488,0.7549953324715699,0.2666666666666667,1,4
0.3710119352069674,0.92822291182373717,0.027429361994825287,-0.92720923585530579,0.36865123117019577,0.066176300148299685,0.051314489947771033,-0.049984954958078351,0.9974308634683603,-16.62690191991987,-9.6082160859679053,-1.1211205447894754,,0.06572495422270812,0.5882352941176471,0,2
-0.8914199485851908,0.42779699649411435,0.14953329079168351,-0.45241081780436621,-0.85926336045067919,-0.23872773052284907,0.026361471847379487,-0.2804571396445813,0.95950448963223711,6.831038467721064,-11.463143787191758,-1.8018924799074327,,0.4107243990478874,0.1428571428571428,0,1
-0.95763427933748668,0.28680847480560678,0.02602855772906227,-0.28689780292043798,-0.9579611429193895,0.00031517614651089138,0.025024742100551691,-0.0071657125437274496,0.99966115001361489,-7.0578596590935003,17.347177085240798,-3.3423431437342708,,0.1590555358311251,0.3877551020408163,1,5
-0.57766118583399562,-0.81267877643485897,-0.076555605367632534,0.81449343049265577,-0.58005451468966562,0.011713738619402343,-0.053925931286989255,-0.055587465497891571,0.99699650331099676,12.86059498065433,-6.8982428344086486,-2.7081110802728046,0.1572452109527905,0.1214391066193983,0.3703703703703703,1,5
-0.88798671402141993,0.45269654070967957,0.080903879702590165,-0.45845446708879012,-0.88523645558438557,-0.078587017443900814,0.036042992769401302,-0.10687497243922005,0.99361896265034222,6.4085291230717463,0.44193853984920828,-2.6082761837696147,0.2400246285974358,0.2715466723259687,0.2545454545454545,1,3
-0.99458462579903395,0.10132358675217619,0.023129048659005998,-0.10196439767650778,-0.99438123317507077,-0.028446875323887667,0.020116752488000333,-0.030651164364506787,0.99932768519261861,-11.521856244436316,11.223183780114331,-2.7226261348204654,0.3714397674770265,0.2532529337546243,0.5644599303135889,1,3
0.92824016755923822,0.36134905425536429,0.088300919125174765,-0.37024717484103536,0.87460875307934005,0.31301207414288806,0.035877860190213794,-0.32324354599242194,0.94563544197667238,8.6830145501032625,3.8734022865701552,-3.1100563825345646,,0.3562279003239774,0.4339622641509434,0,2
-0.99616472875138118,-0.086840724044809914,-0.010701487703150825,0.086979950558650737,-0.99612108622909945,-0.013314269434479907,-0.0095037567573120294,-0.01419402047104559,0.99985409355083732,10.046844411431408,10.707454388733826,-3.7625242416442966,0.2098663638421382,0.1672679015851163,0.3513513513513514,1,5
0.84778672674434141,0.52187552912959534,0.094358879030114431,-0.53033384197924505,0.83361067006677081,0.15439969819388144,0.0019188558173385854,-0.18093972158300051,0.98349231575331519,-3.7607524758493431,23.803395897989024,-3.9163545364940888,,0.2885875817721383,0.3181818181818182,0,5
