axis_00,axis_01,axis_02,axis_10,axis_11,axis_12,axis_20,axis_21,axis_22,location_x,location_y,location_z,dbh,dbh_approximation,score,reconstructed,number_clusters
-0.34850293056442361,0.92638878913992184,0.14265173936506204,-0.93696394345791212,-0.34843826048018256,-0.026255424074707285,0.025382593401911378,-0.14280962848986603,0.98942464794585505,24.982202444654931,5.3801070166668961,-0.9913791631374913,,0.2146121131171982,0.4444444444444444,1,2
-0.69745073943249491,0.71448003350403988,0.055504484405597812,-0.71608411963613205,-0.69785337017541116,-0.014973554680362239,0.028035685652595215,-0.050189196635191488,0.99834615483363398,19.159951613866706,-0.63858000839615781,-0.7253843990663712,0.3857430267475527,0.2744610335557879,0.4074074074074074,1,5
-0.67266256218183984,-0.73721055005080915,-0.063605678463061491,0.73992297119081718,-0.6708750438499439,-0.049403160258119659,-0.0062509313798751577,-0.080294958952103021,0.99675154648676845,-22.209124478437388,9.1836490865783453,-1.4523403693768868,,0.08001401986093276,0.2857142857142857,0,1
0.99965093197977806,-0.02173288042296765,0.015023185430640356,0.020830571262635253,0.99811018674577967,0.057811265469442777,-0.016251199735240748,-0.057478143870754062,0.99821448671332114,-3.064211828270996,-4.3548274844732511,-0.93999193480466947,0.3762626263117999,0.3060178350626897,0.9208400646203554,1,5
-0.58830698855329389,-0.8046071747764455,-0.080636105545969616,0.80858901728495891,-0.58643336110245115,-0.047746351821125792,-0.0088706451568567584,-0.093290981795394384,0.9955993694102826,4.8020402431962408,3.2394344755666653,-1.2585052122047637,,0.08211893066894657,0.3617021276595745,0,2
0.70930267763368338,0.70373027391806597,0.040662182342944338,-0.70485672734343141,0.70740568895842082,0.05248033105812102,0.0081673386359788248,-0.065885452115516996,0.99779376715789292,-9.238885892501095,-8.1373047520233595,-0.70677717795803985,0.4565627049885475,0.3322225704017348,0.9723032069970845,1,3
-0.91095001405256704,-0.41240328733841985,0.0096747346264960225,0.41248816826694518,-0.91091243576556247,0.009594029780604885,0.0048562266636627566,0.012730395128014898,0.99990717274278818,13.515805424726469,-8.6641023732217572,-0.51676558901005987,,0.3951191332122098,0.9493670886075949,1,5
0.74262376515469763,0.64644348425211107,0.17498789985439048,-0.66966548399190351,0.71975240184613865,0.18304267149111283,-0.0076212188886795552,-0.25311519453542186,0.96740612739321907,-19.585073130212244,1.7970331013674334,-1.2173058742788634,0.4460521674959911,0.2884163238988177,0.4961832061068702,1,5
-0.57880965719145894,0.7907020716687444,0.19942320476981268,-0.81504766291927,-0.56875032737513131,-0.11054579268573933,0.026013225708151184,-0.22652438934789754,0.97365805759456436,8.5201580160652703,4.3969630827418538,-1.2300094163846176,,0.0868177262056716,0.3703703703703703,0,4
0.94254637019950127,0.33363884451517128,0.017072242217322769,-0.33401830251678399,0.94209845497984546,0.02970310940617462,-0.0061736219151976458,-0.033698999320014064,0.99941295961042986,-13.336559899618694,0.64540617808485079,-1.1440770942469203,0.08864091380386455,0.08870425957422204,0.5277777777777778,1,5
0.78682970219102943,0.58922156202199139,0.18362181405905909,-0.61665198101239338,0.76275680180242389,0.19478807873591331,-0.025285451616809784,-0.26649580137874967,0.96350435068246121,4.4347550088012273,16.789275915213327,-1.7045128943699819,,0.1144748364549731,0.2777777777777778,0,2
0.20755129461949545,0.9757821247592483,0.069077529646744393,-0.9781406321592514,0.20609284439075184,0.027688322629378689,0.012781385717930699,-0.073314285724235859,0.99722698102682383,0.073212257154498847,9.9672675834790745,-1.4933620026780898,,0.07544646030991746,0.3529411764705883,0,5
0.34345728094251549,0.9212350763514543,0.18265549613221507,-0.93908329985162975,0.33948511921971491,0.053594866994437454,-0.012635351492914546,-0.18993627333426227,0.98171511140683998,-12.057708410155033,17.756466396448577,-1.8165788992272192,,0.4397238353580252,0.6153846153846154,0,3
0.98569426467210552,-0.16821480845719899,0.010516406621300999,0.16769242500977213,0.98506910646021528,0.038962880951162175,-0.016913520829757663,-0.036641966559947801,0.99918531769625207,-1.1055973253738873,5.7696741329280821,-1.3555239394525755,0.1964914885624426,0.1715400808038561,0.5985915492957746,1,5
-0.058465931030940534,0.99662453122259997,0.05763053595115885,-0.99803923953488993,-0.059646115659239725,0.018974120147802351,0.022347511210511602,-0.056408196674748522,0.99815765492761632,20.215845751417742,-1.9836403784190109,-0.68942274306182183,0.2206813867400983,0.1393264504749901,0.3,1,5
-0.68611212660197662,-0.727442554374371,-0.008802261925459888,0.72747295428487191,-0.6861362544793822,-0.00037559692028252143,-0.0057663258453760609,-0.006661109089023739,0.99996118880282048,-16.863581333393437,0.044148923836190616,-1.1148257040046403,,0.0816438450099736,0.5102040816326531,0,5
-0.46017213742174806,-0.88677129748720207,-0.043339011220425307,0.88774922880112794,-0.46023916232514722,-0.0090122264313573092,-0.011954526494305529,-0.042621349287782447,0.99901977451959678,11.478151179205991,-10.061710056993137,-0.4819200348623755,,0.1632440464940527,0.5277777777777778,1,5
0.81757718439700588,0.5753779230995496,0.022534266420559567,-0.57581841658144095,0.81689321906800627,0.033445773520018006,0.00083587026877889807,-0.040320146953587196,0.99918646261372768,-12.165413025650199,-11.763542303225314,-0.49496523468049813,,0.3010508116493934,0.5905511811023622,1,1
-0.97290750922079527,-0.23092540730422262,-0.011155033086742833,0.23119358343144014,-0.97162140445392609,-0.050013731985421597,0.00071097251506660746,-0.051237707485393316,0.99868623293290848,-27.328386053033896,7.7496404272864128,-1.34325277742975,0.2066183379544749,0.2034731440967207,0.3846153846153846,1,3
0.907907430230384,0.41600169196823494,0.05144599510190933,-0.41897901769804741,0.9043428493057466,0.081367030413692282,-0.012675995473303338,-0.095428523980669394,0.99535557262198071,-19.44572943438984,13.001673619552918,-1.5980018981416799,,0.1025080197810573,0.2222222222222222,0,3
0.78032412528264561,-0.62533210239408976,-0.0073499127383791054,0.6249285614201523,0.77926869589796899,0.046953090577916655,-0.023633717930388189,-0.04123179972868854,0.99887005464570833,3.2660276101523582,-3.0183095762821153,-0.98820655699468263,0.2190482823027966,0.1570269101678984,0.7229437229437229,1,5
0.15886138610662739,-0.96986080621230453,-0.18475139127350856,0.98726787081269962,0.1545194143469556,0.037761115593032732,-0.0080753492331669743,-0.18839789585632274,0.98205958147745298,-7.5027046933264145,13.543259484142494,-1.6424927519123869,,0.3338089152990664,0.62,0,5
0.84461973162032589,-0.52396873660510768,-0.10988299239671442,0.53512197793416916,0.82005462736511192,0.20286664799540377,-0.016185724865813787,-0.23014597801724801,0.97302150598691961,17.193970143505183,-8.8968847782205991,-0.48014798545268528,,0.3453880385626775,0.1304347826086956,0,3
0.049122804204998531,-0.99283985511586104,-0.10888513305568551,0.99847467794136313,0.046063442537096613,0.030438080943508895,-0.025204515804303548,-0.11021425205094194,0.99358822005291636,-7.9220680757668651,18.942157605777982,-1.8675403865623363,0.4233585986759866,0.3530660481560844,0.6037735849056604,1,5
-0.98860394482799829,-0.15053641166393431,-0.0010144130654174731,0.15017465240949521,-0.98571434089500254,-0.076254914121115958,0.01047921963736099,-0.075538248042154171,0.9970878391789334,-8.9218892858572563,0.56920644036010148,-1.1435393510429859,,0.0783054355762525,0.3283132530120482,0,5
-0.58990633777269386,0.80089788261671946,0.1028255526397228,-0.80713070615141203,-0.5885570329305263,-0.04626707442166126,0.023463500231898186,-0.11028690134404752,0.99362279741801263,-1.9285670605805694,-8.77446498207172,-0.64401718703568323,,0.1296091646978794,0.2127659574468085,0,5
-0.09462350419689608,-0.98756670286697412,-0.12553246529067827,0.99532198852452658,-0.096321086374069997,0.0075091596935422484,-0.019507219511866444,-0.12423467997372685,0.99206109321893221,-24.892039730460127,0.33406557256358804,-1.1188051721384751,,0.07482699204403781,0.25,0,1
-0.62930366059304543,-0.76485819700907298,-0.13772741641453934,0.77715425986118725,-0.61998987139461537,-0.10790651392617492,-0.0028564215032543081,-0.17494141258181109,0.98457470159459071,-20.228643317462605,-1.0547354108213571,-1.0563587424613847,0.5885304404626904,0.2670466872965061,0.4117647058823529,1,6
-0.91214906497472714,0.40863675724417431,0.031624103065491321,-0.40957580297327589,-0.91166813352739107,-0.03329978873025332,0.015223169332547498,-0.043326838560514752,0.99894496353694262,4.2562989363731161,15.603117725589998,-1.6609822136405283,0.5109391764060843,0.3363422000108945,0.5454545454545454,1,5
-0.54473472298672454,0.82693863141465318,0.13941514066498401,-0.83822458973263858,-0.54193780617896126,-0.060687324883249419,0.025369642096942036,-0.14991969219550649,0.98837263577654666,-4.3296838394533763,-9.759298236607167,-0.61312189249411631,,0.08345558437390987,0.1428571428571428,0,2
-0.69175664951541005,-0.72178113360215712,-0.02246626420211453,0.72211389108865875,-0.69161793220261469,-0.014702521980147994,-0.0049260682101422287,-0.026393768805628614,0.99963948642509337,8.7688449987655499,5.3516750907750312,-1.253503113345346,0.52593029114932,0.2501526522683277,0.7083333333333334,1,5
0.90601893314488502,-0.42323413813999794,-0.0015990922101364079,0.42263980777040261,0.90453306621132379,0.056528975031724681,-0.02247856024750013,-0.051892161674316276,0.99839967842841637,-2.2994448009554489,-3.4034617055163574,-0.99420757615447086,0.2261482131648768,0.170300248903358,0.7889908256880734,1,5
-0.99707036390766912,0.07403241680152256,0.019232542202096321,-0.074516242340648783,-0.99688620894709068,-0.02579178238371093,0.017263228100777669,-0.027149358622712217,0.99948231264085763,-15.791880379058442,13.338998931541004,-1.6202686682526211,,0.09085998539345334,0.2941176470588235,0,3
0.74861545011732589,-0.64412638548265877,-0.15708630548421157,0.66292390109688371,0.72351810888310153,0.1924927205707006,-0.010334853657558899,-0.24823929109483395,0.96864361101315866,-17.812535032958365,9.5497749382955028,-1.478189019555006,,0.7201362688400192,0.2758620689655172,0,2
0.61687572911949717,0.77909895447860045,0.11166536595400944,-0.7863823071755357,0.60422063947071036,0.12853126389672717,0.032668054496290684,-0.16709948524145823,0.98539868086347127,-12.368064371758923,8.4606360544423502,-1.4550624034448778,0.7810847641487544,0.6104344627070327,0.2549019607843137,1,5
-0.16599946376367783,-0.98610050749889244,-0.0070687439193708743,0.98597253986868938,-0.16609578464507679,0.016442048169914004,-0.017387600612416464,-0.0042402162164811852,0.99983983312897684,4.128527080342014,-8.5449825767779011,-0.6349382538695133,0.7887600223101985,0.3355278148023049,0.3035714285714285,1,3
0.95669660376075738,-0.28738256046981697,-0.046291168600962558,0.29070535760622618,0.93514332601724293,0.20247803551112223,-0.014899778913355732,-0.2071671396317937,0.97819209404140683,14.361596523486702,1.0003217038821224,-0.96783186897214735,,0.3163325205810423,0.3225806451612903,0,4
-0.73583073787407438,-0.67714934496021584,-0.0046786557521194434,0.6771626383952315,-0.73583017069132994,-0.0021728004920453904,-0.0019713856307702546,-0.00476702426256313,0.99998669447066946,-6.4723831770846454,12.146738462502142,-1.5791621071459292,0.1793150164681308,0.1888928703291744,0.7216494845360825,1,5
0.78359611412372754,0.61729317279963247,0.070187383090953931,-0.62120719042108807,0.77688629100691586,0.10270987009365354,0.0088744858629367668,-0.12408396214047993,0.9922320362899939,-11.201127076065207,11.8661895769153,-1.5745086510738764,,0.1635341955012106,0.4285714285714285,0,3
0.08160897805009,-0.98234245286857413,-0.16835462569758031,0.99658945780053232,0.082501987476007121,0.0016954832200109854,0.012224046075686557,-0.16791881179504931,0.98572503536375589,-17.750223752229285,13.760856926504626,-1.6389467483586377,,0.2532287525345795,0.5272727272727272,0,3
-0.99395504117612143,0.097951890105109712,0.04958632216057661,-0.10028488441410861,-0.99384929443425385,-0.046973629949001824,0.044680175454275939,-0.051662434876546148,0.99766461034959164,16.268860420244451,5.1825458770684483,-1.1129873286922654,0.3463572947011805,0.3010880463771736,0.7941176470588235,1,5
0.93671400796564452,-0.34589799469849153,-0.054050388939393429,0.34705527936347358,0.89714407574509092,0.27328582184487243,-0.046038031526975817,-0.27474913033356124,0.96041314809516853,-2.908012833615893,8.8704687679794851,-1.4644574275306355,,0.2716640837188793,0.2413793103448276,0,2
0.94197865342374976,-0.3356637016727862,-0.0024689822401935593,0.33489791937177626,0.93927929767535279,0.07481834373301742,-0.022794738305909598,-0.07130413969622966,0.99719412331187862,-20.590793171923742,12.783035568440845,-1.5822438780310182,0.5509347953983577,0.6122040860342952,0.8545454545454545,1,5
0.94939340857408316,0.31371107426491607,0.015411607302172647,-0.31402334529964737,0.94905670254710139,0.026090495534607093,-0.0064416118248852103,-0.029609748968460255,0.99954077875948721,-21.396496797730943,-2.4808957325772636,-0.96001656841912797,,0.08869996286549241,0.5,0,1
-0.05650379854296686,-0.99814601211784726,-0.022624306474581631,0.99830452835456418,-0.056801012170997263,0.01271666949807165,-0.013978176454343958,-0.021867407472999787,0.99966315680504236,-2.4717786378642499,12.783725681269766,-1.5959817185081755,0.1538464309007507,0.1157947180325097,0.3278688524590164,1,5
0.98691130339292099,-0.16082669760038121,0.011868132719219023,0.15854273106985381,0.98108929037738235,0.111031557368687,-0.029500536608636382,-0.10769669282647232,0.99374601417768837,2.9453302693063068,-6.3426227438777927,-0.75908195827773495,0.574278889195494,0.2335955477825313,0.2054794520547945,1,5
0.97046100037187177,-0.22974470856754001,-0.073639769435006594,0.24113883682098622,0.93328621198989936,0.26613700961378078,0.0075834117550522022,-0.27603299693109135,0.96111824271074608,3.4050942437563601,14.585607016740337,-1.6239276605600019,,0.4015850304616002,0.5483870967741935,0,3
-0.93564033184060957,0.34483811151790461,0.075258529602692331,-0.35179359304672975,-0.92839860639472349,-0.11965490184529752,0.028608343616262955,-0.13842942060523447,0.98995901843785084,-4.9394172709195772,13.054759179368283,-1.6134160167305902,0.2312309407633083,0.2262682846828699,0.4,1,5
-0.46587228681640896,-0.8846336695363809,-0.019654086064918211,0.88459589412965123,-0.46615689861584814,0.013705836779179309,-0.021286532489183312,-0.011000754312848738,0.99971289225413906,-0.1077150526235861,-8.4481386214364917,-0.6647795534323433,,0.09919805335433439,0.2777777777777778,0,2
0.94432128842117935,0.3281193821734531,0.024392115051286488,-0.32897266403911818,0.94289299993447517,0.052247267771354883,-0.00585581331406644,-0.057362546288302584,0.99833623981790509,-4.0516952481847825,-7.0000344981006073,-0.76123569484252351,0.4089618123918711,0.3246667538527164,0.9658314350797267,1,5
-0.53418915969003566,-0.84354624226897457,-0.055422728402211893,0.84533342374188203,-0.53358642765974384,-0.026399373517951508,-0.0073037233299693919,-0.06095294390925611,0.9981139184753981,-19.344541400598235,10.20324125235701,-1.5084576671525953,,0.1807670561746995,0.3703703703703703,0,3
0.99937936711825437,-0.034074900026074682,0.008932063956914392,0.033557565726770128,0.99804209598937166,0.052781288499201821,-0.010713092961927663,-0.052448792372708448,0.99856614894449214,-18.601362769396413,5.4935021243156488,-1.3509635459598788,,0.179846046078854,0.28,0,5
0.26082813940730865,0.9323667357377764,0.2503216965886203,-0.96526653469266899,0.24780987157983958,0.082769466290357183,0.015139309618624698,-0.26321576251673695,0.96461819579925223,13.461626590639272,-11.859007379168494,-0.40338447692171675,,0.4078541027698079,0.1739130434782609,0,2
0.9989873113695068,0.044987493824446577,0.00069074026860430451,-0.044849495847052598,0.99446389846801941,0.095026719221773123,0.0035880976838018582,-0.094961466096432343,0.99547448260205373,-8.8492472978814014,7.3008791573429743,-1.4168364321058096,,0.07712650926546262,0.3636363636363636,0,5
-0.89452205409763252,-0.42452576651950963,-0.14002916943971122,0.44635786719838977,-0.86532869637045251,-0.22797127369017076,-0.024391578937353813,-0.2664284534332565,0.96354601866133338,-7.2855006602745211,11.844739688117473,-1.5777645937652793,0.08655537922890622,0.265042452470201,0.4146341463414634,1,5
-0.60513267362988055,0.79441342236744505,0.052170505728787259,-0.79565715194350395,-0.60572279094546944,-0.0054403207979852406,0.027279000471173358,-0.04480195187350814,0.99862337306995719,-4.0579054817670865,-11.742424793996852,-0.5110533522106927,,0.1106854976892634,0.4657534246575342,0,5
0.8970880010078125,-0.43952450214387606,-0.045291615813355335,0.44168749701382853,0.88923447033030578,0.11905549864680628,-0.0120529427720357,-0.12680799971436466,0.99185405064403276,-29.996125167554325,12.465982172109939,-1.4524696595550131,,0.2091853030083286,0.4090909090909091,0,3
0.99134652683971725,0.12463244072773844,0.041216725258991414,-0.13014212543570594,0.97420725948013531,0.18434544410774167,-0.01717821032312097,-0.18811424798363968,0.98199691384221943,5.5005830276520822,13.380063923363064,-1.5667237121471784,,0.1968984342099705,0.1176470588235294,0,5
-0.32648699976062112,-0.94342585150665448,-0.057912880227563891,0.94507989556042704,-0.32681518028536893,-0.0039785603595384536,-0.015173331697448094,-0.056031247032221843,0.99831371289851234,1.4584755195394585,14.163700335580629,-1.6344604769909536,0.2550794776963604,0.1431282608337689,0.3720930232558139,1,5
-0.12765378741150479,-0.96415343457477354,-0.23262129128084152,0.99127013865663693,-0.13182458882658013,0.0024062394634008478,-0.032985190118452357,-0.23028337408152347,0.97256441681488559,22.506976768619474,-3.064717781498024,-0.65959327362706044,,0.3622110038279819,0.3181818181818182,0,4
-0.99071056057272777,0.12957964452942053,0.041251677460443004,-0.13112309723588381,-0.99066782000825415,-0.037202201162868133,0.036046061379024247,-0.042265661283393451,0.99845595563116207,-16.565187109564917,-0.96910646348473695,-1.0771403424780881,0.13730914012458,0.1175115206967653,0.4383561643835616,1,3
-0.99513561678471607,0.096854411036044002,0.018009088521189105,-0.097639614366669583,-0.99398672137061461,-0.049567160955864185,0.013099996672940904,-0.051084447748385303,0.99860841639023423,17.676484015697305,6.6897098588326216,-1.1548526472624967,0.155658793825646,0.1416096719828598,0.4285714285714285,1,5
0.94184948390533663,-0.32724862141397149,-0.07634061468121657,0.33534765132548372,0.90082279121546305,0.27579023111282264,-0.021482607330874117,-0.28535353267383523,0.95818153758712643,11.266500597055304,-5.9420351657474946,-0.66784828854526779,,0.09381805552740483,0.1052631578947368,0,5
0.63144850164378985,0.77494836403180856,0.026978192234427587,-0.77527695533940666,0.63028844122148742,0.041013697495462562,0.014779455046593204,-0.046813608566449692,0.99879430002454184,-8.425932682035624,4.5120862224356717,-1.3183464094028177,0.5803888226369044,0.5111971566790162,0.9855386840202458,1,5
-0.99559012412787162,0.093322675166848654,0.0095489810321491043,-0.093434400583803284,-0.99555297819550748,-0.012011677385004364,0.0083855546384787039,-0.012850910697645407,0.99988226135262881,0.26094920723074327,11.746619170820489,-1.5536700649293693,0.4872505872647602,0.1776776510757679,0.2,1,5
0.95041014822961511,0.3097654844287423,0.027674804403800154,-0.31086903963297186,0.94881829986869215,0.055716012347973402,-0.0089994633082044785,-0.061556303421440126,0.99806303967698007,-1.1175679368256763,3.9728565741204909,-1.3072026074665786,0.4586981886948442,0.2824583042625418,0.7789203084832905,1,5
-0.2118457446916224,-0.96825639907420114,-0.13266848196882411,0.97718973028090017,-0.20779259187034632,-0.043845978120509728,0.014886621161044675,-0.13893086199856378,0.99019018582025065,1.0625971063072102,-16.066628006682897,-0.27223762614850983,,0.574252896818279,0.7407407407407407,0,4
0.86530550182696997,-0.50051795372233088,-0.026984560577958717,0.50068643245022593,0.86054763971186543,0.093652849110971464,-0.02365343248326544,-0.094549128964509829,0.99523915585341138,-15.634416086024105,23.431771303892841,-2.0540311738933235,,0.1691114074036215,0.3478260869565217,0,4
-0.97883581363266758,-0.19954067713013107,-0.045430915911104049,0.20464697118223701,-0.95469171812573228,-0.21606327899037675,-0.00025910617450139494,-0.22078777482592982,0.97532183988230481,23.92525270716926,-3.1505558038022792,-0.6431015029764906,,0.2815382703146753,0.3,0,4
0.44023590136979468,0.86279978108700084,0.24853347641987486,-0.89773855014263071,0.41801694508851611,0.13902276506627678,0.016057606700028409,-0.28432089507295955,0.9585946911453137,4.8422608406220551,6.1997915009023652,-1.3429896342480929,0.5100851217992757,0.2798703273533914,0.2432432432432433,1,5
-0.46010663937364465,-0.88779830849569041,-0.010772364479659673,0.88777369508231785,-0.46019887087429318,0.0086524890011069541,-0.012639095069646045,-0.0055823541823642386,0.99990454074256707,-8.6736874371621617,-14.116734100069792,-0.39965721532155557,,0.08183055855227303,0.2727272727272727,0,3
-0.86461745639436571,0.49981756673002364,0.051176694756643493,-0.50243050069569672,-0.86022066420536181,-0.087086169078431183,0.00049605323077402087,-0.10100895436625416,0.99488539293178258,15.263803280258742,5.8351493283793996,-1.1526470188029665,,0.08618495088084853,0.32,0,9
-0.029525959109466138,-0.99644585199921054,-0.078891582391505538,0.99947582261172219,-0.030479669341637667,0.010911909615102661,-0.013277716418490997,-0.078528044610788647,0.99682347908559954,-10.541864439159358,-12.090834155960176,-0.49383836795450609,0.5070284004467607,0.6393139036088988,0.978021978021978,1,3
-0.30526898252109469,0.95185211226461075,0.028078544975389946,-0.95198377732829476,-0.30576379324479175,0.015342439320676511,0.023189135695147266,-0.022046748466739572,0.99948797134720779,-3.5324701786321429,6.3131622558697851,-1.3784958430195062,0.1494104578613209,0.1241395056994161,0.7125748502994012,1,5
0.81992241734415283,0.55271028134158207,0.14912603540572361,-0.57220730285696142,0.79920556305081092,0.18398171253088566,-0.017493772997314617,-0.23618173699070175,0.97155141655929511,22.937892342674605,2.3133127768245667,-0.85714426415867218,,0.2948809048080092,0.2142857142857143,0,5
0.98107562135743975,-0.19354399167069763,-0.005598970109513008,0.19307615148741239,0.97571015253181648,0.10349540073428581,-0.014567940998098076,-0.10261784218406449,0.99461417321520362,-8.7677447958555899,12.562136359318716,-1.5969046873108776,0.2501468302182823,0.2176127881223716,0.7083333333333334,1,5
0.22430891039834391,0.97266135318617752,0.060128235746121424,-0.97434742096319138,0.22268762481957802,0.032516534480051915,0.018237762425396882,-0.065879539845450821,0.9976608994299947,2.5238667542219617,5.6363179597061093,-1.333336383619117,0.2981217282205927,0.2817197265443688,0.7688888888888888,1,5
0.56906883006157793,0.82019034869665253,0.058723577523937989,-0.8221958525026708,0.56647089572090437,0.055719874628024538,0.012435705840572102,-0.079990725750048591,0.99671803285293625,1.2539586561030007,-8.07802134968329,-0.67500792432005985,0.772808201967308,0.5246163772551261,0.4946236559139785,1,2
0.65330130059550717,0.75539242889796632,0.050790638939189323,-0.75709286432224387,0.6515775468757744,0.047508896005797788,0.0027938204238303135,-0.069490853865672067,0.99757867649447107,-29.321998832574707,2.3135929985454098,-1.1661676519790749,0.2288949684994863,0.1289515363862972,0.24,1,2
0.26273868154396746,0.95744229716037788,0.11946812473959618,-0.96485597535585321,0.26012120054484406,0.037281467879010634,0.0046186622134858288,-0.12506481773611292,0.99213782274641149,-18.237800777126655,1.2861366809894732,-1.1928862028696059,0.3009152214399436,0.1153274602738523,0.3333333333333333,1,5
-0.93345275604826794,0.35759629323973402,0.028121936048115845,-0.35812707074669181,-0.93352306046511724,-0.016724137593155875,0.020271986194897586,-0.025682418909499322,0.99946458663359872,-25.62970771676774,-0.83876414203763738,-1.0543235215639644,,0.07279000764482577,0.1818181818181818,0,1
0.82498433065248844,0.55190185515623535,0.12167660602174765,-0.56515537023902718,0.80544201008499394,0.1785009128274504,0.0005115348020750146,-0.21602664341546135,0.97638733485579166,-7.3790045320616571,17.329367047782906,-1.7943189899588405,,0.3166374941006276,0.375,0,1
0.32271789928137085,0.94185089480203954,0.093648542135026949,-0.94646777835141538,0.32037196453633165,0.039503783131078697,0.0072043060703101984,-0.10138390552611644,0.99482129132538988,-2.768742266441536,-12.433704194607044,-0.46799836418803226,,0.3913267682517202,0.8353658536585366,1,4
0.99974932285119811,0.01704380593823307,0.014518957872791727,-0.018681229425258242,0.99243575284732055,0.12133543644597111,-0.012341115254826637,-0.12157625240775143,0.99250537113143877,10.357867007730006,-7.5264732343254446,-0.60861934696576458,,0.07849814600196033,0.2,0,5
0.15756494461565151,-0.97426810710979617,-0.16116743994046212,0.9873601299622411,0.15259869610857391,0.042820692508542493,-0.017124893845356915,-0.16587734448880853,0.98599768995476234,0.82888743446355362,17.425697648855557,-1.7607790462344206,,0.2920550019875062,0.1,0,4
0.51396049071028471,0.85706044602133968,0.035944482950041198,-0.85774369563769459,0.51293116356848689,0.034312884374072705,0.010971170522489138,-0.048466620533938104,0.99876454688349126,8.5792862963662113,-6.1805290408104945,-0.7024014923910693,,0.07736944516807613,0.3333333333333333,0,5
0.94081527962364342,-0.33863758362912377,-0.013827385165504297,0.33777458354955875,0.93350461007779428,0.12032237394362352,-0.027837750171468927,-0.11787166715260819,0.99263856954485552,-6.6879187365628407,20.168701475504754,-1.9058218553453423,0.4078691035469895,0.1378140005701153,0.4375,1,5
-0.75484990384159623,-0.654846471721796,-0.037117666196162857,0.6557719759820434,-0.75238851711982258,-0.062246564747325567,0.012835037473308896,-0.071327538719287917,0.9973703645252896,-8.3154047682967853,-16.243621745038805,-0.28150436131515,,0.139797321039142,0.1666666666666667,1,3
0.44476079210002056,0.88944781419785013,0.10521608065893825,-0.89559115477358842,0.44031284273879223,0.063569521081989863,0.010213779999208888,-0.12250382172793431,0.99241548373661392,-23.490020926535955,0.44158699760277292,-1.1300758862159344,,0.2349962787997689,0.2166666666666667,0,4
-0.99192506230021171,-0.12670864148111188,-0.0054397568633067321,0.1266643466145787,-0.9875935092165723,-0.092818122422284183,0.0063885896270371202,-0.092757645115145865,0.99566822044055925,-8.454313134272736,9.6348986623140629,-1.4908131114834968,,0.09875116850645338,0.2903225806451613,1,5
-0.81836465334017316,-0.57062071329235187,-0.068346877947329035,0.57469431628770973,-0.81205407384853268,-0.10146242640803217,0.0023952014573670665,-0.12231182570680181,0.99248883132368237,-16.433918605761686,22.107762656232271,-2.0043359572450448,,0.2056335582849309,0.3571428571428572,0,4
-0.89905544466056198,-0.43783477029512624,-0.00014610549012167802,0.43746816088193474,-0.89828889081271879,-0.041215007667528586,0.017914118476161176,-0.037118493545276646,0.99915028989444454,26.758904943082801,-7.2623092002858707,-0.51472634256339578,,0.3299935812169853,0.7837837837837838,0,5
0.98219838075392718,-0.18774811049958282,-0.006081763576357163,0.1866656249082296,0.97188704967693484,0.14349741164175336,-0.021030580638261638,-0.14207818155543475,0.98963200484014124,-3.866156872334177,-5.7613863723486789,-0.84988385803149757,,0.1021598396420462,0.3406593406593407,0,4
-0.6031518856162037,-0.79704853705493006,-0.030355105933180682,0.7975614190870447,-0.60315148504428839,-0.010201415231735631,-0.01017770413592985,-0.030363064197580333,0.99948711781145849,-12.356844203390157,25.614237310459874,-2.1997360303346376,,0.1387484589121189,0.2608695652173913,0,4
-0.26123872357730671,0.94511021452422528,0.19626770418403142,-0.96491606800963103,-0.26122509272407979,-0.02642787596700354,0.026292793699621522,-0.19628584598301249,0.98019414182405729,-13.50904913004179,12.175177012619544,-1.5873541558398374,,0.08372322382661605,0.375,0,5
0.35681516228711491,-0.90405872205190985,-0.23528868872915981,0.93383430703046144,0.33838436321730248,0.11597202137998071,-0.025227504334711288,-0.26110122522096335,0.96498172169899343,0.46483614467289391,2.1413875388839427,-1.2339148856150641,0.631482602171514,0.4485258884320492,0.21875,1,4
0.46462187597212873,-0.86649571331255659,-0.18251490673121343,0.8853455988851805,0.45059999558656982,0.11455485372529844,-0.01702007352455007,-0.21481346044497998,0.97650678149661196,7.5952293959001116,9.0559826069878628,-1.3967612927158233,,0.1005166940719983,0.2307692307692308,0,7
-0.85055859665788869,0.52476038220207044,0.034301820979351846,-0.52537187669740992,-0.85079421644879161,-0.011558219271507793,0.023118495340402605,-0.027852154825498503,0.9993446816012842,3.6556624356587699,-6.5748445651706815,-0.73265706952117526,,0.09332608305956164,0.4,0,4
-0.70099104702063242,0.70527429583164669,0.10582872783933368,-0.71238111165571227,-0.69944129536453659,-0.057402317853465418,0.033536603183517359,-0.11562889767680623,0.99272617285380238,6.2012377978740369,3.4554480406051558,-1.2378985275321277,0.1162332135862808,0.1502222570179882,0.2352941176470588,1,5
-0.86716644255212205,-0.49795867347401335,-0.0077149480555002538,0.4980162660623893,-0.86701289763696965,-0.016383957654430022,0.001469574351136389,-0.018049787897582215,0.99983600930756633,1.7501734119746397,34.229930635466069,-2.4363393894540555,,0.1915911429280934,0.4117647058823529,0,1
-0.96886745437814115,-0.24658954080944828,-0.02212361205156688,0.24728550484509781,-0.95948640345787839,-0.13503970035871865,0.012072072743646632,-0.13630641930170739,0.99059316831725674,3.147714241290847,-15.61246592542186,-0.28577004818580076,,0.1042595894865586,0.3870967741935484,0,5
0.61885474270376983,-0.7833483663772558,-0.05817339879304595,0.78511110342532198,0.61449909357157106,0.077404258784583943,-0.024886998841241941,-0.093574573970719332,0.99530117873680524,-27.358154998753626,6.2829936737818759,-1.3052162676458123,,0.07667683406047104,0.3333333333333333,0,1
-0.69398071642042158,0.70663739714537233,0.13803751009132159,-0.71980731097385175,-0.68529169462823381,-0.11069204281318665,0.016376822194529392,-0.17617855212589531,0.9842219858678386,-5.7306998679574708,-12.999051613244802,-0.44890035601252659,,0.3973641485285103,0.6553030303030303,1,5
-0.99976897623469752,0.010714348678331976,0.018633220092736484,-0.014985243476081416,-0.96892768349406244,-0.24688982692041697,0.015408979089731777,-0.24711201284281994,0.96886439529594781,-3.8420330739183659,12.911007261864093,-1.6113625892916539,,0.1523499644564202,0.1666666666666667,0,5
0.73307088331797865,0.67472195689805936,0.085775059959462455,-0.68005181089006794,0.72494351559079073,0.10948257262232222,0.011688222128943569,-0.13858997107480725,0.99028087196559855,5.790912798501612,4.3857827364172115,-1.274741206693278,,0.1175230402178776,0.2903225806451613,0,3
-0.96631762502324747,0.24849537366250615,0.066935019517150793,-0.25065863293287216,-0.96772631732234993,-0.026000471110084168,0.058313783153330391,-0.041902553980086236,0.99741850727981374,-3.9726807725158566,-12.793316007695248,-0.46012046442767601,,0.1231715240645874,0.2571428571428571,0,3
0.89631186666882279,0.42888575715763044,0.11261458598235206,-0.44303427190956823,0.87681077674433749,0.1868782911377094,-0.018592245217007516,-0.21739335107660882,0.97590699317377205,-11.476204422908275,10.05478278947926,-1.5203213251127585,,0.2202287051829543,0.1714285714285714,0,5
-0.86301401882156725,-0.50374932261191108,-0.037992410893328235,0.50493207570848997,-0.86250343134639229,-0.033636733438527619,-0.015824103076081945,-0.048212559398351597,0.99871174363682003,13.357868021303995,9.6650211349079864,-1.3117709528690276,0.2271261009250033,0.154007624768847,0.4324324324324325,1,5
0.99191074077114683,-0.1266171015859438,0.0090106564027630839,0.12625941759171611,0.99145104201140499,0.032914901851589989,-0.013101214151160338,-0.031510964448488298,0.9994175390232507,-17.341860191920595,-3.2653562482983483,-0.95890540962538606,0.1069256176152535,0.09923768517795492,0.4915254237288136,1,2
-0.38562749362051146,0.91645249641641069,0.10680008415769777,-0.92203478347620726,-0.38702003380952615,-0.0082067953585380146,0.03381263408766165,-0.10163815839635301,0.99424664471842794,-12.172007453112895,2.3873187172796686,-1.227056540656692,,0.09206705555792835,0.2023809523809524,0,5
0.98042714620267335,-0.19534223131664091,-0.024576892666051824,0.19687674633078797,0.97179990733140731,0.12978631231709961,-0.0014689258270175647,-0.13208464246423612,0.99123735274756997,-6.6141130241507362,-11.626710008209189,-0.53212474473738447,,0.1481550289832427,0.654320987654321,1,4
-0.87987076275094056,0.45968333993591892,0.1204934348478624,-0.47500714634935826,-0.85821154315415504,-0.19452803940307223,0.013987557796738347,-0.22839477704694161,0.973468116604011,-3.3313272526914934,24.128775777438264,-2.0847369395247672,,0.3663452540403769,0.2222222222222222,0,2
-0.9611083610224127,0.27588631845549555,0.012548213493704325,-0.27605728866395784,-0.96102537853555636,-0.014919624194138637,0.0079430314310717232,-0.017803401350947431,0.99980995551755791,16.393529722891138,0.3411304931726109,-0.8773682022541458,0.1696236520444544,0.1545632022116051,0.375,1,5
0.82374201932437152,-0.55721686662745051,-0.10468261147532969,0.56690440295690969,0.81218800034170147,0.13773180463865398,0.0082754762690003276,-0.17280050823662632,0.98492207856545011,-15.203948328194361,8.2012478701705778,-1.432295515146375,,0.1413994539021174,0.2,0,4
0.3876122103475132,-0.92172430485729639,-0.013456605249836327,0.92161566037323228,0.38717468844081837,0.026839060817535332,-0.019528157729988987,-0.022804965820846002,0.99954919068027059,25.546953857290706,3.8215265903307656,-0.91424933079659476,,0.1558571973486126,0.1052631578947368,0,6
0.38947004902861992,-0.88030235963099357,-0.270888974559228,0.92071111250882454,0.36426281561479129,0.14001302961920367,-0.02457901976092115,-0.30394137064323834,0.95237362153679095,-22.063419153023784,-0.30019187850083379,-1.0964265917864124,,0.1161786843232221,0.2,0,1
0.90012665833820071,-0.43330795315623583,-0.044902301505132226,0.43529071945126085,0.89058148279969573,0.13185830293879805,-0.017146093097505789,-0.13823472872563281,0.99025106476370084,-3.7775055086168332,-8.0691284167586961,-0.6938079617730829,,0.1249241495696859,0.3421052631578947,0,2
-0.17251841925123554,-0.97104054818543073,-0.16528051548441056,0.98480033210190376,-0.16660563020573099,-0.049100609728710359,0.020142018544197501,-0.17123906611369027,0.98502359429887565,-6.1820330564033421,17.040351372538669,-1.7769619612524972,,0.1903519655914185,0.2777777777777778,0,4
0.65887724886113552,0.7503469920961594,0.053480486024607532,-0.75223356972265221,0.65671870863143922,0.053527509896985785,0.0050425703265387116,-0.075497875372106088,0.99713321241386843,1.0419272200130472,-6.6071108345544562,-0.77895152311102334,0.3066225519641793,0.2754188351954595,0.9146005509641874,1,5
0.78573748801384258,-0.6110233299518516,-0.096265726944984822,0.6181100926543448,0.76966375418606747,0.15986750404958933,-0.023590533875543298,-0.18511670844836969,0.98243335191996983,-2.452243486335695,-11.15980756891666,-0.52825476774345359,,0.07223032406531686,0.2727272727272727,0,4
-0.99637299763383236,0.083188420543951008,0.01790352684731316,-0.083360026768746889,-0.99647830095911838,-0.0090609963437545092,0.017086706039595133,-0.010520570565822875,0.99979866076709889,-10.314442046897057,1.5782560875812983,-1.1896696455900808,,0.07050534745530383,0.2523809523809524,0,5
0.40633817522260285,-0.90869219060889828,-0.095748577447234334,0.91370278320562659,0.4033992379943287,0.049155658350688504,-0.0060424596862544101,-0.10745956221760178,0.99419109388937088,-2.2941323184172044,-16.159977830025845,-0.29269970361696063,,0.1620906199320545,0.2142857142857143,0,5
0.65881985757759276,-0.7517597524321411,-0.028524899379424182,0.75159017933605976,0.65607669708577487,0.068378138806272609,-0.032689410931217383,-0.066487909909893866,0.99725160328213258,3.5477038344012279,12.289804815691955,-1.5447422995318683,0.293574593703894,0.181947672730529,0.7222222222222222,1,7
0.93814722195296496,0.32818292667993454,0.11034381078124933,-0.34547055384051806,0.90845049695958557,0.2353036145132695,-0.023019260871308515,-0.25886996969458648,0.96563784744554393,-10.739567702202189,16.884905551898171,-1.7711764595069615,,0.3279473593454467,0.4,0,2
0.16705563436335327,-0.98586854123936118,-0.012475352581472407,0.98562708922948106,0.16666543930471561,0.02760203467839711,-0.025132767545157295,-0.01690712086490704,0.99954114135416217,16.30439761079305,-6.5821096287728444,-0.58549682126721325,0.1901885792051336,0.1792403342175673,0.696969696969697,1,5
0.99456315339578538,0.10153344190125996,0.023132100706903261,-0.10311500607113248,0.9912321971730288,0.082619772515296744,-0.014540613136354298,-0.084555848190486366,0.99631264124591212,12.92287745709719,12.224453460323343,-1.4254589272231963,0.472344673164365,0.460903844350939,0.6833333333333333,1,5
-0.7014119186157064,0.71184778415601901,0.035972942832073161,-0.71231735961112042,-0.70185743832537861,-0.00033979991090937913,0.025005991691506899,-0.02586249136304053,0.99935270646555074,-5.4399013030613341,18.882263472663492,-1.8565817092474814,,0.1213843672498263,0.4838709677419355,0,5
-0.90959100452935571,0.40770325335161584,0.080139014754276969,-0.41496566626368342,-0.90117624677939956,-0.12523924330229974,0.021158929595216074,-0.14717142877305889,0.98888465973099282,-14.77289973452571,15.032563613551321,-1.6800355427782578,,0.430809737964414,0.2631578947368421,0,2
-0.97894273232609541,-0.20133062688444736,-0.033720995006576986,0.20228880773924549,-0.97892833447740346,-0.027902584481213803,-0.027392792653410231,-0.034136412166660648,0.99904171097859307,-27.310265274659475,-1.5266791174656917,-1.0195542861426528,,0.1118851366777757,0.4285714285714285,0,2
0.68674222181224398,0.72556290565458814,0.044086173778802314,-0.72676450348690358,0.68417380228014235,0.060988234479844174,0.01408819547771278,-0.07392346184808285,0.9971644019601672,10.253953736809562,-4.5301868155956715,-0.76102330958421582,,0.1552467493927555,0.5675675675675675,0,5
0.97193751886454671,0.23400457933289323,0.024068989897049368,-0.23509973173467191,0.96978576681943285,0.065143553884709451,-0.0080978739008381075,-0.06897407720064426,0.99758558585847923,10.70186685614139,-8.9006470569740159,-0.53801280068715673,,0.1183179472492838,0.3142857142857143,0,5
0.73697969430326893,0.67499873599091798,0.035180059626460349,-0.67590211742520068,0.73564698334954992,0.044495432898617876,0.004154256225672932,-0.05657050732818443,0.9983899638196696,7.0377519549143788,-6.7797812453791453,-0.71418691575074467,,0.0895735264776415,0.4054054054054054,0,5
0.30323737331636663,-0.92693442103319257,-0.22099700117433713,0.95108599488832424,0.28004128291529823,0.13043124698644779,-0.05901292868072526,-0.24973878146377945,0.96651332907596754,17.207918786127848,2.8087374985426941,-0.97125102073982506,,0.2874747548141046,0.2777777777777778,0,5
-0.76818440606365235,0.63954605900051364,0.029555992582646715,-0.6398069523788007,-0.76853523451430417,0.00081055400481545349,0.023233208310194233,-0.01828747459206195,0.99956279757935151,-0.90911461347789702,-9.1080258744668949,-0.6203249033320698,,0.07680723470067392,0.1884057971014493,0,4
-0.63539582959239638,-0.75213709359108072,-0.17481971336479768,0.77214417344858688,-0.62123714426287446,-0.13363302734543236,-0.0080941426962302769,-0.2198958913496753,0.97548976510342877,-1.2071331391992368,-5.0716656054758209,-0.87642117711325052,,0.09998991657294307,0.25,0,5
