axis_00,axis_01,axis_02,axis_10,axis_11,axis_12,axis_20,axis_21,axis_22,location_x,location_y,location_z,dbh,dbh_approximation,score,reconstructed,number_clusters
-0.67008624213914147,0.6303182934019842,0.39202458736494256,-0.68435348668989249,-0.72914577497099053,0.0025969399954627833,0.2874799703479014,-0.26654321946874449,0.91995107413601374,0.49562860397765146,4.6767579723830499,-1.9739171524081636,0.4571716556019799,0.2062132502503937,0.4401913875598086,1,3
0.94086531253678241,0.0049854834598883424,0.33874416396409457,-0.088994651338183642,0.96841270071861474,0.23293087627034995,-0.32688287764619511,-0.24930300046639856,0.91158959968847408,4.4412515691151695,15.861295376817626,-4.3673131780282368,0.6064991854536543,0.2628527755940672,0.4210526315789473,1,3
0.92089958097387503,-0.21840591767536691,0.3228665620446356,0.1958653952743773,0.97539928058036784,0.10115824423798944,-0.33701737150502131,-0.029918197935065428,0.94102295016442838,-18.231454920359905,18.311879958517384,3.2848501930571268,,0.1468551009953426,0.6551724137931034,0,3
-0.034819430179981667,-0.9783037524058632,0.20422873282314627,0.99837380675893683,-0.024820403241763166,0.051319485194071923,-0.045137005434672847,0.20568353266978615,0.97757707375370961,-4.7555287753267805,-8.3170964174831106,1.3237076259825262,,0.24374686046051,0.2272727272727273,0,2
-0.9188400648597046,-0.27246660087835173,0.28547309262767917,0.24023733666144709,-0.96010551516695486,-0.14312030540706344,0.31307979379453599,-0.062923375241586643,0.94764006435237691,-7.842024206582046,5.8476788242134452,0.79820150362401843,,0.5634328465161972,0.2854166666666667,0,3
0.43514608122391457,-0.85039898341245368,0.29575235756716339,0.87015751416499676,0.48157877841589197,0.10444032134022765,-0.23124400216581426,0.21190433971611389,0.94953818368289633,0.80442987060071935,15.157534796166789,-3.1950822936292353,,0.2135818698952592,0.4358974358974359,0,6
-0.60019333373377393,0.70239557471657565,0.38263353062703542,-0.75394355523687639,-0.65655045979132787,0.022596664899383598,0.26709001789343967,-0.27492171679655936,0.92362382601106296,-3.469062645176904,11.167558533292119,-1.526349706117651,0.6391219671293751,0.4168481539759398,0.8811369509043928,1,5
0.5093984579864852,-0.82949966974386102,0.22900547787294812,0.82735880200280298,0.54527734895958679,0.13472203034430677,-0.2366233795496093,0.12084250331084342,0.96405729375597327,-6.70929231076778,13.567115804500453,-0.39109797239684013,0.3380561055570991,0.1223054011755636,0.325,1,5
-0.87393498051322327,-0.41581676056898842,0.25166261435752429,0.41250681538924222,-0.90838214428984021,-0.068410578076906162,0.25705209023226627,0.044026146382614081,0.96539417925628601,-10.563690871293717,11.706851828525366,1.2571111196979037,,0.3844170816018103,0.4758064516129032,0,4
0.76501708171785276,0.47522992698816197,0.43463246677477591,-0.61133880351806114,0.74811256001082238,0.25805515857498246,-0.202518473214189,-0.46312429654346554,0.86284538241686948,-27.144772462447936,17.184012936447211,6.6864959375762014,,0.3980799405213835,0.3243243243243243,0,4
-0.90865034564123115,-0.29777943584847483,0.29271480480466799,0.30035298336148752,-0.95310121654907798,-0.037231121370719301,0.29007349887903389,0.054087693595042834,0.95547469178918765,1.7159959372389715,-8.9900421258064149,-0.72776244391014855,,0.08533871439636763,0.2380952380952381,0,9
-0.84856082358521845,0.35470903187321817,0.39258888341869841,-0.41714089636915663,-0.90495230273406624,-0.083992870844180736,0.3254811841761554,-0.23503793839266715,0.91587071481918891,5.9916469752518493,15.966537622012329,-4.8720612759416815,,0.5626318311109135,0.25,0,1
0.40672693758073697,-0.88381258526122031,0.23118934313690467,0.88819062314357855,0.44177765218957621,0.12629300450020017,-0.21375363203000089,0.15397343978668535,0.96467692241197445,8.0530195548743482,-8.5144914699707108,-2.9500576669594074,,0.122971741686547,0.3181818181818182,0,5
-0.038426548898810142,-0.96440650839979181,0.26161706155342379,0.99661693222921455,-0.01795334890507232,0.080202042724110467,-0.072650469604501916,0.26381388102071768,0.96183374106288744,-10.312195919008143,7.5044181691400755,1.6102023615757615,,0.1498139902609949,0.708029197080292,1,5
-0.93794285204656835,-0.17205696520536468,0.30109733811355716,0.18594815166853385,-0.98239704946133455,0.017869585913513866,0.29272254984166468,0.07274914387114384,0.95342596507553223,8.2455754597327022,5.4508574173756621,-4.6677063851039433,0.8613127758171593,0.4426094344146229,0.3448275862068966,1,5
0.82307525733701592,-0.54557007800588597,0.15779863986820694,0.46861431259079173,0.80936844067042657,0.35401038583886424,-0.32085471290704787,-0.21743048827469763,0.9218330846601035,-9.7598689176197304,25.453792609389382,-0.41269856346878919,,0.4031354879806305,0.1,0,1
-0.80421518678401627,-0.50813918526320101,0.30827342043387451,0.545467405291859,-0.8370117068866304,0.043321037601799887,0.23601534507340208,0.20299253911112075,0.95031088910687678,-4.6260373696392865,13.244695286293611,-1.1249824182546451,,0.1104551939736925,0.2666666666666667,0,2
-0.6752520938633888,-0.72566689575658783,0.13206879319546505,0.716611879158915,-0.68784448754891736,-0.11548755602616149,0.1746482876567583,0.016658852048221508,0.98448994828134084,-10.012447111498105,24.335576368671198,-0.2731980888234562,,0.5687566378905933,0.1666666666666667,0,1
0.43871636508262501,-0.88626613859284253,0.14852704330330566,0.87461005569792138,0.45907478410898944,0.15590892555387667,-0.20636182176160472,0.06150344851321754,0.9765408974232539,-11.67879373553396,8.6366741095775517,1.9668084712017098,,0.2633049683974951,0.2073170731707317,0,6
0.70439214115888038,0.6173593744976309,0.35028433335434989,-0.68463038955681188,0.72118988384627969,0.10567109885430717,-0.18738447419382284,-0.31424919118063394,0.93066347552346795,8.0751130095816048,-4.9990294256085965,-3.426011881927979,,0.07361214058620748,0.2790697674418605,0,5
0.50308502279325673,0.70913645891561372,0.49399488102381384,-0.86003896115197276,0.467063953706571,0.20538804358730584,-0.085079052308682013,-0.52818249287969554,0.84485786323715184,19.062115192562036,-5.8464190550435209,-6.8560040004830594,0.5166652270510259,0.4476784380057562,0.4883720930232558,1,6
-0.28601712758044556,0.86776671589012866,0.40641743260334334,-0.94288599563380981,-0.33045510935356798,0.042016900644402826,0.17076358501820926,-0.37118775235099494,0.91272090506153425,-26.026692325855336,18.284779782771807,6.1325417518640766,,0.2594661588075201,0.5714285714285714,0,3
0.84911284545417087,-0.42349889124014706,0.31568348832824294,0.40131749618715518,0.90582453437066901,0.13574306680723638,-0.34344088710984094,0.011428125416149414,0.93910476253220987,2.8121192509329664,7.2266963397596635,-3.2139077740657003,0.3486755302453345,0.3366169096730778,0.76,1,5
0.25512776118993835,-0.9296709746314531,0.26574744476290496,0.95317527087859,0.28797471273904524,0.092344289527778428,-0.16237834971367171,0.22974430080127767,0.95960972681272649,-9.0657685387623896,-11.626882142602774,3.1981755332799482,0.3223895623760295,0.3559274538930738,0.4691358024691358,1,4
-0.35062438118788597,-0.90539440071236266,0.23942331230545394,0.93584227944535714,-0.34842546471290331,0.052904853672574886,0.035521420567474267,0.24261218992107575,0.96947282271478297,11.864689299847607,-0.069662242465263383,-5.1647562391864748,0.2630393142678666,0.1759100245134177,0.5121951219512195,1,5
0.90293303503438216,0.25390113071793169,0.3467652665186543,-0.32053698244786988,0.93531588324489412,0.14980067233839692,-0.28630050144352126,-0.24641106787232073,0.92591231145460451,9.1847595611649435,-4.2602048456519777,-3.8098921787713547,0.180792126634683,0.1071810931918638,0.3392857142857143,1,5
-0.51682489547184196,-0.83052594419900083,0.20765038750957715,0.84943292044669738,-0.52768416159079767,0.0036248127690857953,0.10656331958940603,0.17825846857463634,0.97819638994401859,-10.856412979994289,-10.40441596672701,3.6983435785496761,,0.07952067222044248,0.3076923076923077,0,2
-0.93589605555847533,0.12316579982456141,0.3300435712806154,-0.11906315084581849,-0.99234804375691565,0.032700552938562437,0.33154568207224849,-0.0086917090032949118,0.94339912809682436,8.5239572934599579,5.9867879588831165,-4.8010428996755703,,0.209059442542432,0.5757575757575758,0,1
-0.54162173441479733,-0.81880136173157181,0.19028984953493855,0.83210154956054239,-0.55436359957405656,-0.016970877591866135,0.11938554363259414,0.14914868250781729,0.98158125617685421,-27.346690575085212,9.021301076656508,7.5223618406489834,,0.7472955626868186,0.3333333333333333,0,1
0.69198128360279176,-0.66502999283238085,0.2808861188752439,0.65896027444369609,0.74077466047388496,0.13047704435988194,-0.29484446721707841,0.094805121344605905,0.95083054700525504,0.65377347457121093,12.674808405912435,-3.0287531875967151,0.2539179111256815,0.2018083444294922,0.6164383561643836,1,5
-0.16665266307063248,0.87437168089003892,0.4557423104661173,-0.98600660979409671,-0.14976243698406141,-0.073226893358568246,0.004225557219865411,-0.46156838726901955,0.88709456572569423,-11.099224360268453,-0.80877427011470771,2.7353020275849191,1.018723641067058,0.3833785199348122,0.9897872340425532,1,2
0.91766274531287462,0.16438878110169411,0.36176154371731728,-0.25069503170651575,0.9458700897709269,0.2061110728573482,-0.30829707579298615,-0.2798322746300671,0.90920119397900878,19.744572561596556,-12.508418028337003,-6.4132614848704197,,0.4734365444976387,0.3157894736842105,1,5
-0.80757085689965902,0.45562845241050209,0.37447566601898391,-0.49680220086403765,-0.86772350225960415,-0.015604385376397514,0.31783153446912549,-0.19864198191806742,0.92710543020557423,-15.159947009961176,19.050821162057357,2.1471719928943718,0.3022957925374787,0.2803491690861019,0.4888888888888889,1,5
-0.40900554715798881,-0.9011250151969209,0.1438338255777922,0.91240171713492235,-0.40649757222049138,0.047778973912076049,0.015413272307945465,0.15077609480681861,0.98844777316333976,-4.1439169481748301,-13.259759418071262,1.6756329597685082,,0.4199013931621038,0.4111111111111111,0,4
0.91450932265003382,-0.31165639325812494,0.25795928230539422,0.2311158074867386,0.92579090109765605,0.29915997555579399,-0.33205147540092311,-0.21396611878081892,0.91867312886463748,-9.6826123526447745,27.641332309215059,-0.56670484827699918,0.532323117116191,0.656803741016692,0.5512820512820513,1,4
0.79310782069935326,0.44854955583807521,0.4120476679984813,-0.56397366871556709,0.7963120098347497,0.21867986644509396,-0.23002974968691597,-0.40582074731389178,0.88453142132349805,-11.108712632776147,-16.116488395272626,4.3057855802016993,,0.2881422620532199,0.4666666666666667,0,6
0.94596749474217912,-0.0058246004361340283,0.32420914996490335,-0.084969826134064785,0.96044838709957991,0.26517734511938051,-0.31293070724675243,-0.27839714392855325,0.90805803928739703,-9.3181205205120268,26.906557814144126,-0.72560641829361594,,0.5630840666701822,0.4259259259259259,0,2
-0.51868298174978555,0.78129685622664613,0.34719329903313406,-0.81901907204181468,-0.57057601133626679,0.060421642805875732,0.24530740729728545,-0.2530182557404817,0.93584509305072883,5.7400668856138974,-4.3198024388415748,-2.6990924955096185,0.3587702650687398,0.2382343449029611,0.5068493150684932,1,5
0.84078830660335946,-0.48290349295812651,0.24470234973921984,0.43287701027246606,0.87114292263591575,0.23179193756238703,-0.32510385641610862,-0.088961929105630083,0.94148460301439796,2.182098445873339,-13.931974422712621,-0.41180029704704818,,0.1608597483896754,0.2,0,5
-0.39625522853066686,0.761004950224764,0.51366648673581272,-0.89011150327440758,-0.45559295760586815,-0.011686261956304402,0.22512953071661343,-0.46185119109226258,0.85791035177690611,3.4128817708304293,-7.9632755485829749,-1.4710415050812817,0.415754978365823,0.1975624122610297,0.2195121951219512,1,5
0.92533089331817453,0.17024517605124978,0.33879096490648675,-0.23800754026191231,0.95636156643005854,0.16948440941254528,-0.29515275477193775,-0.23746396418556645,0.9254705381933086,-2.0761251400531462,-9.8481430582040748,0.61866337740154187,0.3055669532825189,0.2427793883962834,0.5333333333333333,1,5
-0.4601291632376095,0.80699209119009951,0.37019578319436253,-0.85195931142216741,-0.51867198967203443,0.071726555826411867,0.24989294671783654,-0.2823882644273365,0.92618053493603114,7.0572151674221901,5.7300341888464477,-4.3182689725102339,0.6349495895245603,0.3018881475938879,0.2,1,3
0.64523256500693549,-0.75376855171143742,0.12453074923654643,0.71127469556103562,0.65217713631996899,0.26220848635397592,-0.27886061842635534,-0.080609883465549384,0.95694242364864524,-1.7949132507900252,26.304624371172967,-3.1010899751873366,,0.2560261780779219,0.2352941176470588,0,5
-0.43092429518625175,-0.86468856070019573,0.25810452303757808,0.89931669170183604,-0.43509453846564122,0.043843250607531296,0.074389111062685379,0.25101082763815974,0.96512166308901626,-5.266496053551645,19.986324125298594,-1.5114482996529874,0.3676286575144857,0.3289125701231099,0.5441176470588235,1,6
0.85424833468155847,0.35943634537704722,0.3755866029503408,-0.45178138778295091,0.87071967621467461,0.19426997479158697,-0.25720295555591116,-0.3356378391579305,0.90619748431492531,5.4192503909806087,18.638918110138132,-4.848154100702728,,0.5100349232689504,0.25,0,2
-0.89975522650786555,0.20091839081755389,0.38739170435499076,-0.28288269031180618,-0.94447289108296884,-0.16717757484583209,0.33229191367491112,-0.26000530425486279,0.9066307549744832,-26.3918823407672,10.317875832665981,7.1830865257653906,,0.2638387707022921,0.2142857142857143,0,1
-0.91410217029781948,-0.31451546017970344,0.25592430045770681,0.28152822876577116,-0.94651313837102991,-0.15765384644540664,0.29182028487551187,-0.072061808185568066,0.95375469442420135,-20.55390956804321,6.8899280874045639,5.4139908171758249,,0.2293081096831255,0.4375,0,1
-0.14256173777379627,-0.97390894818642215,0.17657154800627595,0.98948709201964424,-0.13584933955290238,0.049600924079581006,-0.024319655618933046,0.18178646150210837,0.98303725095497707,-3.935919100465711,24.788954946756363,-2.4188026467956631,0.3198737982426169,0.3300032298797456,0.4634146341463415,1,5
0.93719970541262676,0.032077410255301725,0.3473150614727184,-0.16088399803882689,0.92326189796363867,0.34886072714425986,-0.30947221418009069,-0.38282960637846697,0.87044152079882964,-5.0906788130401921,9.2795444119736654,-0.66099804203511214,,0.2233538480749503,0.2708333333333333,0,1
-0.16373224667877437,-0.95790586548558088,0.23581370669628471,0.98593458090289232,-0.15076729938155942,0.072126441871404406,-0.033537346009469018,0.24430631245531018,0.96911798668538252,-5.2550288109144674,-10.778099719679789,1.7977182566707217,,0.07331805771710836,0.2916666666666667,0,2
0.94507347111250684,-0.12209104553942228,0.3031994571209668,-0.001260610899773554,0.92624997998737046,0.37690766168062345,-0.32685554157688324,-0.35658764865385706,0.87522037440178224,-4.9210285727795195,10.190972316281158,-0.87789915954091902,,0.1955820295649435,0.3142857142857143,0,4
0.33078248935562821,0.82648223168691881,0.45553272708061671,-0.94052636528474087,0.32831497917570973,0.087289350170148231,-0.077415120874202006,-0.45731432861289523,0.88592917544540128,-12.195791543621684,-8.4514963927044455,3.9323434181233621,,0.4776637038845604,0.2368421052631579,0,2
0.84059579378345162,-0.49811694224162573,0.21278680251703178,0.42833026753154962,0.85174149788365561,0.30177740587933066,-0.33155978855995238,-0.16252978999174339,0.92932888364417021,0.40480855033146396,28.339178739741939,-3.9335566881833026,,0.403355216157171,0.5625,0,4
-0.06964077670244688,-0.97030990238815551,0.23162222593647719,0.99589859335606223,-0.054180384220669876,0.072460180217257114,-0.057759449198349709,0.23571843223046676,0.97010343094698614,3.2541940766047928,3.6856337127198784,-2.7218228541522507,,0.07772893917848576,0.2571428571428571,0,3
-0.78754632528816904,-0.55244520075095849,0.27308439298563991,0.57824242647156265,-0.81567756260673907,0.017487426574802092,0.21308796717173353,0.17168114056926223,0.96183112042575103,7.4906717911618061,-12.513846830070825,-2.3231990904976874,,0.1559792244140663,0.2857142857142857,0,5
0.27217506414720433,-0.95416181671994305,0.12448277780545511,0.94707040598346071,0.288517178845486,0.14076748069552106,-0.17023037498280733,0.079580556826017751,0.98218560079471362,-7.863370578425366,20.355534460522417,-0.68382456256611135,0.1673040594805356,0.1211297008086014,0.36,1,5
0.94480101214904699,-0.11472564282441997,0.30690238565488837,0.030587326422860012,0.96348619091376297,0.2660052168300287,-0.32621383003244919,-0.24193467464795687,0.91381187905309513,6.3335700451257004,9.6787042277507283,-4.4965731815033454,,0.1479328602692457,0.2,0,5
0.42302197291873672,-0.89116282402712466,0.16395496790259187,0.87687799249272125,0.44820961923784525,0.17376168595119343,-0.22833614849575362,0.07026349190487359,0.97104358552819792,10.588859983616841,8.6084143310045711,-5.8494979886864682,,0.2424619415025044,0.4137931034482759,0,3
0.74384710041285507,0.54901448106369211,0.38114904012702572,-0.65075535406709895,0.72493750506127452,0.22579433763613085,-0.15234487310176528,-0.41599124190047465,0.89651677413292585,-3.802401309039551,-11.220010549758557,1.3809174547512448,0.6832941943205035,0.5657579352036939,0.9481865284974094,1,5
0.46494547196787117,-0.85648860678318495,0.22417175233996797,0.8546633546720851,0.50028410889208708,0.138803316137286,-0.23103302421348859,0.12705540854544101,0.96461425703859449,4.9571656510738009,-4.7972543269404779,-2.375098623658586,0.1106083754034329,0.2692852121279677,0.3275862068965517,1,5
0.92894367885885554,0.15566401673330565,0.3359052774259863,-0.21388268749637349,0.96622840406792299,0.14372497055725258,-0.30218841390348572,-0.20535672637341973,0.93086560653817674,-3.2511670683326472,-8.9811902815311786,0.91203969396597295,,0.109451998366433,0.2909090909090909,0,5
0.60816036615761171,0.67160818403717892,0.42318248565993638,-0.77825321999635799,0.60948642635101269,0.15115628223521241,-0.15640618466141112,-0.42127039206209821,0.89334672002056703,-1.7951502876057479,-7.102852207413525,0.21637881306349707,,0.2604827046985704,0.4864864864864865,0,5
0.088245390933974432,-0.98969394666154253,0.11277696094686135,0.99403989582860275,0.094772405341826141,0.053878350817237568,-0.064011221516002192,0.10735028238073972,0.99215849560078073,-25.069481592632361,17.791054187776233,5.8898408241175106,,0.3413325341063766,0.28,0,3
-0.1294612138765075,0.79560968539975618,0.59181502397262786,-0.98383997788201349,-0.17751158092339098,0.023420857354022759,0.1236878814708222,-0.5792191874723932,0.80573348002989176,-17.20534386288556,20.626365046815991,2.6775831227181364,,0.5695874163303032,0.5,0,1
0.39347554225870796,-0.88155240083440789,0.26084930942463264,0.89563153498766679,0.43159155819962175,0.10757732301214322,-0.20741540728656585,0.19129582189351343,0.9593668523282598,4.3364212288772261,-4.0335843985376689,-2.2288984938876628,,0.0734225266997669,0.2333333333333333,0,5
-0.045983272942909222,0.93387158802682957,0.35463981119680699,-0.99462224651326536,-0.075782897823017517,0.07059418629357947,0.092801537435348663,-0.34948649397908804,0.93233420251315524,2.8949248059446764,-6.6424325749597255,-1.4453798054843043,,0.06674049071743762,0.2258064516129032,0,5
-0.51404986987717149,-0.83439405111991327,0.19884491126242856,0.84857185831660631,-0.52853045774067053,-0.024111335789185409,0.12521394711598541,0.15633976684176423,0.97973432355485945,-14.992788010408578,9.7905201957681349,3.0192371757112095,0.6074736360585459,0.6189618851458411,0.6645569620253164,1,3
-0.64250718916138572,0.66536343568985967,0.38010000042478487,-0.71593828566880013,-0.69806447069907596,0.011762901905503359,0.27316091043477453,-0.26457039364714463,0.92487059841679453,6.3373459329141406,-9.6681773024697648,-2.262083827354862,,0.09648868678369435,0.3793103448275862,0,4
0.48199240894733186,0.80304197251358689,0.35043816587043686,-0.87092800564629935,0.48282324572991614,0.091466509520089528,-0.095748246449257696,-0.34929257616547871,0.93210888287665994,-13.228513917046005,-9.4798236940203608,4.4645360549917044,,0.1164920212775663,0.3333333333333333,0,1
-0.61556692207764097,-0.76599880404157805,0.18526520626046222,0.77724958023344959,-0.62893771503138429,-0.017900855790363483,0.13023230962701249,0.1329781290963781,0.98252550232105429,3.8778335078246364,12.172583878967247,-4.0128951103942487,0.4428910641225186,0.483829299945425,0.2916666666666667,1,5
-0.13483500387723374,-0.96368088805507202,0.23051825898790107,0.98925838923286902,-0.11766711370794598,0.086731134456028591,-0.056456718482522358,0.23973651442579205,0.96919504878489537,-3.1233994165870298,23.464823602164898,-2.5007411282984013,,0.2974643866867299,0.2727272727272727,0,5
-0.85759701396609367,0.37185812802764795,0.35531520408816314,-0.39393049611136605,-0.91907363208386295,0.011064494639557942,0.33067525742016513,-0.13048061705843275,0.93468105934706813,10.527580133289339,-8.442332744000618,-3.7368676707096733,0.4995585742122795,0.4821584687243637,0.6886792452830188,1,5
0.26999304845973093,0.89376032315297371,0.3581846430835845,-0.96278197673210242,0.25539957768078125,0.088441624817191075,-0.012434591398502197,-0.36873234259822119,0.92945244120330384,5.6378868703161551,11.228536171698716,-4.4238953955114155,0.2827203466396541,0.2626967990615691,0.6956521739130435,1,5
-0.18201764740982815,0.85429588243444277,0.48687587872777838,-0.97104902865660525,-0.23407173223560962,0.047688658119960488,0.15470410458825185,-0.46410017175581408,0.87216837284997251,-11.779288023225579,21.536851517803033,0.49409385105052483,0.2713530584617327,0.4320538109689075,0.391304347826087,1,5
-0.94871833870432898,-0.10303888222557579,0.29885866652282495,0.099013094574061281,-0.99467434944899735,-0.028624214418574146,0.30021645675906111,0.0024346042627961429,0.95386799495166874,11.105970037959336,9.7251852888097066,-6.0882053419728752,,0.2857113461113435,0.5,0,3
0.26597877218891103,0.84705215387608246,0.46017164336665561,-0.96372466849247584,0.24461744195907539,0.10675706266315628,-0.022137210392144793,-0.47187387690280919,0.88138810305833226,18.579757357315007,15.165750548156552,-8.8045643322485372,,0.5352792194618853,0.7878787878787878,0,4
0.56015658883052921,0.73388861123243143,0.38422923144013837,-0.81899791412236067,0.56026723535410106,0.12386703214292051,-0.1243664450443465,-0.38406787328805087,0.91489062518698139,-15.835113023126002,6.2597530962471799,3.7835483618933408,,0.08364371925669267,0.3076923076923077,0,5
0.67482068761426428,-0.70497270821718516,0.21824417572237451,0.67895916224574981,0.70896722383358046,0.19073523935616779,-0.28919110562111078,0.019466797338877271,0.9570734288606102,-7.2014932196934485,20.855738975763956,-0.99243661418755857,0.2247816157113225,0.112154916381741,0.3103448275862069,1,4
0.94084772481795187,0.059022232426722367,0.33364941897784006,-0.10258931239059697,0.98811281803506179,0.11449232209206801,-0.32292567517636139,-0.14194870522190506,0.93571874695215762,6.2919806998881178,-20.70980750498768,-0.98465139610553698,0.2698963987465091,0.3274330866092433,0.75,1,5
0.12459251597850417,-0.95171797812101877,0.28055230365011441,0.98510036322557148,0.15243582017035959,0.079627853806548382,-0.11854948053447328,0.26645114158177219,0.95653008829559383,-22.255889299530953,11.331413411963533,5.4728507376362572,,0.2344900721770934,0.3703703703703703,1,4
0.59652334451970501,-0.74861387851864281,0.28937373815241041,0.75796086783904726,0.64401960840841632,0.10360534161011083,-0.26392275814658905,0.15753096481246054,0.95159275578240465,14.759108523831765,-3.0329905465187794,-5.797740422496112,0.1625502009723387,0.1372070368757597,0.3,1,5
0.63561927312689426,-0.72138497312953054,0.27493973916577691,0.72148818912980273,0.68178972829943263,0.12090309893292185,-0.27466876883955471,0.12151743466800401,0.95382942945574412,11.936018637604384,3.2188032754988147,-5.5323383084539781,0.2132630906194079,0.2056915944323734,0.7384615384615385,1,5
0.41174143637190042,-0.86772076191989866,0.2784414999736109,0.88689622220138431,0.45178888017504237,0.096446351901424934,-0.20948527542363599,0.20723775496596,0.9555984681325892,-15.047291749842156,4.8115300047214085,3.5851208782235999,0.3047099500503022,0.2847193991542632,0.8913857677902621,1,5
0.29742289602727384,0.83854453581217614,0.45648952055692443,-0.95470711891074689,0.26551936360293216,0.13428992759337544,-0.008598721991644501,-0.47575469415596428,0.87953597593769528,8.5153901056145429,19.747049130216638,-6.0044341351427972,0.7179510879591365,0.4766348005589622,0.5362318840579711,1,5
-0.10912979985300215,0.84801466375309165,0.51861528790016853,-0.98717357887932888,-0.15361990401041214,0.043465506489731673,0.11652901761630378,-0.5072199277942091,0.85390217993738371,-19.599327750245919,13.298892255370278,4.3271736566652903,,0.2428594543391736,0.2058823529411765,0,4
-0.70840478428466358,-0.67883660450373873,0.19324473081674071,0.691574556365116,-0.72230196263574875,-0.0021231488264244871,0.14102231947813484,0.13213909019809619,0.98114828963344103,-5.2495307812731973,-12.742706957530977,2.0307727010515335,0.5365771758109181,0.3082517903426981,0.1944444444444444,1,5
0.42730302371448631,0.78079905027857432,0.45581242743976774,-0.90085346923574583,0.41043748940242336,0.14143583088792241,-0.076649545924151713,-0.47105616477986123,0.87876671348686686,7.529856484676456,14.883085518951818,-5.3667022267674156,,0.5432663781168016,0.1428571428571428,0,2
-0.95060921895768091,-0.14934339177349173,0.2721004670452758,0.098058463121255504,-0.97623985921982326,-0.19323631925897558,0.29449388897388901,-0.15701047291199621,0.94266699356293648,-20.870090872504125,20.393084717454659,4.0742411458571182,,0.4754237887519569,0.5636363636363636,0,4
-0.4610864873529919,0.6865877174599615,0.56213571085067948,-0.84758889317076058,-0.52829530114598022,-0.049971421439077443,0.26266389046468364,-0.49950113215106656,0.82553394819701875,-4.2610370924406764,-15.755505492416473,1.9718022074331643,,0.2535978698780589,0.2727272727272727,0,3
0.85824468846641688,-0.44752078834812975,0.25127912510881567,0.42263549796096189,0.89401682424598861,0.14870492200464264,-0.29119630935585877,-0.021425731291738085,0.95642336204012768,15.733462337599951,3.8355915271919825,-6.8399156925817026,,0.1368199204449997,0.2941176470588235,0,2
-0.94015307177469987,0.088369146912154514,0.3290943565402068,-0.077428713568023416,-0.99592546050651232,0.046230633027144169,0.33183881018921779,0.017982518981153783,0.94316469031834249,15.735268869872806,-5.8132364282524094,-5.7781067123491914,0.1692238680049361,0.1028102125572484,0.4,1,5
0.59150510248074251,-0.75200978774405591,0.2908659362599631,0.76047317897284583,0.64020649847299549,0.10870226941457561,-0.26795943312781284,0.15689779619256966,0.95056868439252418,16.995940017029476,-2.4826558034173964,-6.5367470646317178,0.7029035006401974,0.5667497604409492,0.9090909090909091,1,5
0.78198834634151004,-0.5477776862372008,0.29737826525603395,0.53792261496424854,0.83412616984707344,0.12195406137671164,-0.31485470696194745,0.06459983929445208,0.94693894959867164,-8.1316111124112176,9.5165264024246756,0.57386906588038766,,0.1179846540215474,0.3652173913043478,0,5
-0.95267966218616751,-0.020704319513405758,0.30327016406223595,0.013240936956006167,-0.99955724978188665,-0.026645487366475026,0.3036875678149763,-0.021369032780093583,0.9525320076473367,-6.7393717449924431,-2.3064764007326342,1.3644183102922807,0.1617158730703326,0.1714801809403041,0.1388888888888889,1,5
0.94582816433903028,-0.025975000753695215,0.32362691927419124,-0.030136436652207568,0.98546703554020121,0.16717211803860565,-0.3232659566501952,-0.16786905968477794,0.93129968327686041,7.9470078650090255,-7.3926262394695943,-2.9577021262891314,,0.07958622404759005,0.28,0,5
-0.90322043585000311,-0.29801960194581611,0.30883193021284122,0.30900473696159453,-0.95095834528245859,-0.013939084365391466,0.29784042169965419,0.082840463504901596,0.95101447980988507,-6.3962102875450979,14.913318698569782,-0.63335265382896044,,0.1267082687074133,0.3103448275862069,0,5
0.25318207954291683,-0.96654437223354439,0.041119473513004066,0.95344985016829398,0.25649774441823275,0.15856320608014801,-0.16380542668782569,-0.00094000639439097687,0.98649221921695673,4.8108566826128225,4.7243683172172259,-3.378126111565551,,0.3463850770223912,0.18,0,1
0.79889640533261697,0.44840195009776435,0.40087432531298905,-0.5588904772110681,0.79972916452507237,0.21925943056300493,-0.22227453302033226,-0.39921041388790279,0.88950833465125057,-5.98971070714608,18.676770101401679,-1.1697255114607759,,0.2843995554072315,0.358974358974359,0,3
0.8451601111450503,-0.4989756518870494,0.19164468516810321,0.42443561077820435,0.84442376897174554,0.32680714603399502,-0.32489813608671209,-0.19486353486336713,0.92545632200981476,-5.3145323434304537,-14.543572400716384,2.2869696432264717,,0.474730476776522,0.1666666666666667,0,1
0.10528304706759221,0.91291107791415771,0.3943460964961788,-0.99361081734753942,0.080357610804589585,0.079247700507536767,0.040657393548004593,-0.40016998663991349,0.91553861641248835,-20.590778922430815,5.2794105451180515,5.5348399700127571,,0.2459048325922347,0.3275862068965517,0,2
-0.059232891496738084,-0.96045361207469926,0.2720667631622754,0.99715357936773641,-0.04419169886245887,0.061088729776940208,-0.046649798703166254,0.27491080881680841,0.9603373592007346,-14.776428039359887,-17.352895666497325,5.7249599805560409,0.361029352853001,0.3943975246240473,0.6964285714285714,1,3
0.72264721417572064,0.59647543863901487,0.3492821995814665,-0.66422103435794311,0.73908441814072756,0.11209210667147035,-0.19128884274974503,-0.31300363250604463,0.93028882863199325,2.0824410604937391,-10.186092942674296,-0.67382105074607423,,0.09150534617596136,0.5,0,5
0.92285895225045877,0.13354680748357114,0.36124313759867177,-0.22220241268520269,0.95073205555036078,0.21618197507160969,-0.31457501815634042,-0.27977456775041781,0.90706601148538568,-18.409239511940179,13.353583484390821,3.9185579816938061,0.4418006545205433,0.3518322559537835,0.6833333333333333,1,5
-0.89155075554558627,-0.35519887624426377,0.28101780833410916,0.36977917039741093,-0.92911886068112948,-0.0012279522799703189,0.26153511318042272,0.10281975024970408,0.95970176801561169,5.1881686848161079,14.07967568981981,-4.49250430235079,0.2950391631878477,0.2760887273349885,0.8484848484848485,1,5
-0.80652726089788185,-0.49683706949989775,0.32041645369630267,0.53621636214700075,-0.84300706851000973,0.042556966621191954,0.24896945675001542,0.20613589889418679,0.94632034786994212,-5.8642248124269196,3.9575613215239893,0.2999179978831113,0.4082512961727314,0.1466173199283719,0.2350877192982456,1,5
0.93838986026901317,-0.12763238350469858,0.32114551970284849,0.098231304913459452,0.98947919610474677,0.10621455272656327,-0.33132322719559232,-0.068124115824093445,0.94105474015270962,-7.5010217436052331,-9.2409128865798849,2.3856713865893089,,0.0675812050870911,0.3454545454545455,0,4
-0.41103809964757126,-0.86301769649726667,0.29368032990083653,0.90986089367985767,-0.40836773554885314,0.073409445678274246,0.056575920586439461,0.29738232646755025,0.95308075057391795,8.1273421668224923,-15.516086186133883,-2.194856074231097,0.8476550984371641,0.6735536231772704,0.956140350877193,1,6
0.91795413646616986,0.0031833891975430254,0.39667375685551304,-0.13177022005794053,0.94563362311314414,0.29734434574040758,-0.37416147911100056,-0.3252182603592948,0.86846777181329127,-18.424565624787647,16.861335458228805,3.5335260561615924,,0.5308325860818988,0.2142857142857143,0,2
-0.05094521799296281,0.90414736551590613,0.42417228362340703,-0.99293955329094852,-0.091413205627629765,0.075595432052819683,0.10712435892000134,-0.41732621205422421,0.90242074691268659,22.584643390382663,-6.3349061653864993,-8.0507802282155438,0.6763926900377809,0.3260015692652743,0.3333333333333333,1,5
0.92964736982010909,0.13658010622884637,0.34220117236659142,-0.2012291653316475,0.9662167059993374,0.16103446857029599,-0.30864638472932276,-0.21856612644759513,0.92572472018587237,-3.8317230557109481,-1.7993618541182415,0.27546210306704827,,0.08935807797450127,0.2263157894736842,0,5
0.72646467392714176,0.52251379876839321,0.44635009536523573,-0.66122666363867444,0.70838017978367906,0.24693485007772764,-0.18715869423887094,-0.4745280297161229,0.86011323218779456,5.2037221145665287,-14.437671489239182,-1.2696524580301192,,0.3112905844976228,0.1176470588235294,0,5
0.84187517959249136,0.41591211442424308,0.343894307980324,-0.48779523521983603,0.85905071564771129,0.15520205037943194,-0.23087223844138444,-0.29841075888833207,0.92609342320132793,1.3193373652939204,17.209096227338915,-3.4872015977330229,,0.2895041763860526,0.2424242424242424,0,5
-0.59674268386292562,0.69894816948136229,0.39416953920200987,-0.7569940009579933,-0.65330381224402545,0.01241818912049791,0.26619213318518931,-0.29097351303181479,0.91895384157434257,-14.219268820999696,-11.66366126209836,5.0087037749425454,,0.3683233276933208,0.2142857142857143,0,1
0.32405265965818492,-0.90824655083878281,0.2647226409998048,0.92715573830597187,0.360526819097091,0.10199338036383654,-0.1880747476264833,0.21238788948805062,0.95891567601330119,7.5165385034555197,-4.3131065378021631,-3.2121934378196699,0.5663545725762004,0.5564085806059015,0.979933110367893,1,7
0.91669510992360059,0.18172531780707402,0.35587355101225931,-0.26241847487454778,0.94541730725877204,0.19319073264545614,-0.30134136703525072,-0.27048479440347406,0.91434750314627933,2.2616818220288204,-15.960978571848656,-0.22018580739949575,0.3657943501874558,0.2354477197986338,0.1666666666666667,1,5
-0.18076998549115977,0.80498555260291538,0.56508448257415855,-0.97433084768100342,-0.2249502315431095,0.0087631379036308011,0.13417008460436503,-0.54899513060616489,0.82498650593084022,-12.901479109226916,-18.817875471468295,5.2003756023498706,,0.4295496868009155,0.3548387096774194,0,2
0.49279628499516992,0.70621734211975673,0.50833934255009827,-0.86086885962459692,0.48076854252821694,0.16663257497842582,-0.12671475061572787,-0.51972942403196754,0.84488146965819588,-10.138419560063863,-9.6023613686351634,3.3806509710247998,,0.2476376520308184,0.2857142857142857,0,2
-0.54644282509803277,-0.82266323111294182,0.15692497275352491,0.83051504179235869,-0.55643338719235635,-0.025032997708564445,0.10791202090368272,0.11664944831611819,0.98729321984506069,-18.618317778649164,20.8540561029874,3.1336658323702378,,0.5037990044528229,0.3695652173913043,0,5
0.77697392935169207,0.50160398135809492,0.38040105020031256,-0.5851812388655081,0.79825827550553108,0.14264166034775802,-0.23210866159542995,-0.33343240915160616,0.91375510818803873,23.086230671739557,-2.3736309963728806,-8.5819509570625101,1.090120078027966,0.7211464144783191,0.9479166666666666,1,5
0.94409709773143557,0.07382932174175226,0.32129410406391457,-0.12187505070743011,0.98371893601148608,0.13207394499859373,-0.30631216441751408,-0.16384836338390141,0.93772414480287047,-12.442304604360407,3.1357228077313963,2.8422031252258844,0.4135763203151386,0.406131636275063,0.9680207433016422,1,5
-0.82099992067935856,0.44587208165622899,0.35659110623237716,-0.46908619699691562,-0.88282992508582536,0.02386342724609166,0.3254493355830676,-0.14768009402928994,0.93395573760004391,20.854244226928422,-7.8703182304676558,-7.2027075106082803,,0.1408556456686592,0.5,0,5
-0.5250012770898721,-0.80145613529006166,0.28642926222703491,0.84263135466710715,-0.53681862797791957,0.042404726007623517,0.11977503573734073,0.26361681255531477,0.95716253423976849,0.68859356517548742,-12.304615768626128,-0.016195335326979289,0.1723193448766583,0.1772980311251245,0.3720930232558139,1,9
-0.29491211377519361,0.82507613087466092,0.48195043667325965,-0.9422991368914293,-0.33475352057652669,-0.0035237870660788208,0.1584272128212616,-0.45518068799381123,0.87619139433982451,-15.990512499588027,22.753394931236105,2.0895334473852012,,0.2807327519172841,0.3695652173913043,0,4
-0.42758534411968008,-0.87072008654626787,0.24293477391866908,0.90088985357907581,-0.43263379002537461,0.035006791434684728,0.074620675501675587,0.23382586386698131,0.96941075926282838,-30.472373465299331,19.466555089372577,7.6491320407657355,,0.3719741552041442,0.6521739130434783,0,1
0.92851441116094768,0.11943276245226279,0.35156337055993186,-0.21653170962030338,0.94334924821755695,0.25140846170381564,-0.30162063423338148,-0.30956099744701621,0.90177435196631139,-6.8422878161563832,-11.674397368895345,2.4539377039617007,,0.27903306590085,0.25,1,2
0.91081635858228138,-0.35036858693216161,0.2183012007068961,0.24401696849887672,0.88349120462825892,0.39987374311040341,-0.33297038910919752,-0.3109423493763227,0.89019412227940553,-10.033885201711609,-5.7665026454007968,2.9355405659150948,0.5081026165321796,0.4822360141463412,0.1100917431192661,1,1
0.38222038356602983,-0.9220200272950495,0.06153574289363696,0.9012723210457001,0.38666363368970019,0.19544676435994546,-0.20399946495893501,-0.019243275415378,0.97878185243074178,-11.09931827802275,24.292475927038527,0.03912897864230766,,0.3900568111463479,0.3809523809523809,0,1
-0.13357682562414255,-0.9792856261124,0.15217389442943538,0.9904642787537612,-0.12669010510634915,0.054130673198588206,-0.033730463515457457,0.15795341008596731,0.98687029343943922,-19.285219888700627,36.457811694246871,2.1566361072181937,,0.2786137769963061,0.3181818181818182,0,1
0.074660700720174056,-0.96349598797115188,0.25710165485944991,0.99229553826997619,0.097343405031890345,0.076640891345916048,-0.098870341849675705,0.24939876234715469,0.96334049683496437,-15.352864486300227,22.135946743162577,1.965955768324664,,0.3970777722107503,0.8064516129032258,0,3
-0.88688475875211303,-0.39061783896847019,0.24668426900151072,0.39290431932283859,-0.91861839901858167,-0.042028952425628367,0.24302596682384447,0.059648477467083169,0.96818409333411115,-0.1410459187863646,5.8188042746472526,-1.9630884291157504,0.5527475668478705,0.3099199889829151,0.4063157894736842,1,3
-0.84645024101419053,0.36174864810444979,0.39071716763103836,-0.42212989453261229,-0.90314598679177627,-0.078317805662526371,0.32454328159569623,-0.23122552224291942,0.91717305686254458,-5.345985058976698,14.41321798850154,-0.96189025507662085,,0.139903525372206,0.3,1,3
-0.2284492341112323,0.85153749050172245,0.47190555167747339,-0.96377138787082517,-0.26635814865331747,0.014072972945357554,0.13767955314982261,-0.45159410859311094,0.88153678410402037,4.3410932791814663,17.520947219153381,-4.4981045822027808,,0.172976367850995,0.4736842105263158,0,2
-0.94384211640563287,-0.023820432183484765,0.32953701811712766,0.016466042772895529,-0.99954955835506709,-0.025090831544439248,0.32998625537185239,-0.018255612911711683,0.94380919886536374,-8.6641363427083711,-5.9055110229277608,2.4987232538761384,0.1500293173787931,0.186599630594936,0.2941176470588235,1,3
0.83386826549051973,-0.46046195774183951,0.30436573604856321,0.45198137011110506,0.8861402941122849,0.10231432071357559,-0.31682259528057555,0.052250977245834669,0.94704449657686851,6.6737607390848073,-11.298400061636311,-2.1214591968833441,0.1177527737604622,0.1142225530981965,0.2631578947368421,1,4
-0.73156652678737588,0.49230156892498961,0.4716456107272175,-0.60902778586382267,-0.78282591571471938,-0.12754897777411467,0.30642384523738675,-0.38055584467907683,0.87251457073823613,2.1001185845300956,4.7079669869831831,-2.5657083915693217,0.6694544361741089,0.5188632279581895,0.8988095238095238,1,5
-0.78392141437734453,-0.59133817505874131,0.18917288071714325,0.58748275783890114,-0.8050644943494395,-0.082068076496784492,0.2008263561453634,0.046800883069449351,0.97850827897432557,-6.7385435855477747,19.241036122955617,-0.88659355575735499,,0.2631405553161149,0.25,0,3
0.92074495547433455,0.20284302559225223,0.33329181498672733,-0.25379801946851605,0.96018362130953805,0.11676462941644877,-0.29633645115379381,-0.19209924606172368,0.93556538380815069,-14.089032797352404,25.941881396849173,1.0718107776021415,,0.1544278982321696,0.4347826086956522,0,1
