axis_00,axis_01,axis_02,axis_10,axis_11,axis_12,axis_20,axis_21,axis_22,location_x,location_y,location_z,dbh,dbh_approximation,score,reconstructed,number_clusters
0.5281409405633587,0.84914766536432984,-0.0039229207436847274,-0.84825517024276798,0.52778740467934815,0.04363051246837419,0.039119215959241317,-0.019715422089025318,0.9990400337697124,2.6448545215869825,9.5716052618367762,-1.289261101100877,,0.104232011190987,0.1875,0,2
-0.3906460548867538,0.8948019787599879,0.21615984504210398,-0.92048204639412456,-0.38235562011222096,-0.080727826891873911,0.01041451235059274,-0.23050726360748394,0.97301487108712259,-13.451856340892666,13.467881549731127,-2.9952347353993991,,0.567480880731182,0.5833333333333334,0,3
-0.98472551185881996,0.16855244009195425,-0.043654796224847081,-0.16799834988698775,-0.98565593981578536,-0.01609107644346398,-0.045740799398720271,-0.0085113597567224534,0.99891708165665949,-4.4160659964079256,16.125772597544643,-2.2130889357164616,,0.07848679242120286,0.4642857142857143,0,3
-0.47361985819637908,-0.86612296585299808,-0.15973489895463405,0.88017032108639182,-0.47193061709423323,-0.050810417511896237,-0.031375719923512721,-0.16465874003848571,0.9858514409018323,-19.908502860067255,6.0474546241973837,-3.1085913271905707,,0.2990487206438733,0.3103448275862069,0,1
0.67147688605420808,0.74101749961897889,0.003443363672624098,-0.74000787568777482,0.67030409060859719,0.055504684788307362,0.038821841983758078,-0.039818229139671993,0.99845248921176522,-16.857918162681173,10.814846783908836,-3.1379075176879034,,0.8395356927665167,0.5370370370370371,0,1
-0.0057098759402178893,0.9957123226271487,0.092327503406066838,-0.99992443815542287,-0.0066903032385113278,0.010312992879822838,0.010886473088646927,-0.092261641059688024,0.99567528556887663,1.8249091826709321,6.141007874326383,-1.2263979933849378,,0.130257720886256,0.375,0,1
-0.96133940158659148,-0.26110179248900606,-0.087478048195891278,0.27150137119482348,-0.95178442819102349,-0.14280548901361553,-0.045973474922669059,-0.161034953386261,0.98587736731878572,-17.866122292776282,6.4500625762833979,-2.8934756349480089,,0.1194637269571512,0.4,0,3
0.23504644629258759,-0.95088670996871238,-0.20141408314739143,0.97020684341641905,0.24204974601499307,-0.01051672201904065,0.058752438870009846,-0.19294140369282026,0.97944972595221547,-4.8180943886740026,-35.701904440513282,-0.47691605692700284,,0.2970110476753577,0.36,0,4
0.69686400879280286,0.70737535226567272,0.11832440262363296,-0.71618304747424932,0.67754031597947284,0.16739463173271887,0.038241283447616049,-0.20139322538122098,0.97876369620599801,-8.9746493845961357,11.246339899342006,-2.3845235070083763,,0.1192130009662957,0.6666666666666666,0,4
0.67815306351327309,-0.73156141205729763,-0.070187768423680616,0.73469787662560837,0.67720015426522939,0.040236564775993022,0.018095649460188316,-0.078853354094057929,0.9967219752863542,-8.6823727918711722,-31.438136309145531,-0.86931301516517534,,0.1957078053084223,0.5151515151515151,0,4
0.2686620804298831,0.95809868029248124,0.099335821136641411,-0.96311153391284754,0.2655477696553315,0.043595358412550023,0.015390249612225838,-0.1073838947556052,0.99409850586548443,17.063244789661212,-30.141986380142949,0.83323571123152174,,0.2892496421911935,0.5,0,5
-0.82952613603274705,-0.55111787140102741,-0.090307704327931435,0.55655485109397018,-0.82917765864125914,-0.052068302583895214,-0.046185358744400336,-0.093453208787072639,0.99455186411018848,11.020801001403573,2.9794789252860236,-0.35335216486505461,0.146507530853586,0.2508678800314513,0.4761904761904762,1,5
0.99880692151029316,0.027021448522494405,-0.040676465712710365,-0.017317554993883585,0.97481526174600641,0.22234052207390984,0.045660002542322893,-0.22137083544769648,0.97412017604658196,-11.424410752826935,10.464880345311016,-2.6100421191053229,,0.07993572392155988,0.4210526315789473,0,3
0.82149009619877733,-0.52612061334269711,-0.2198888857200999,0.56958962371444355,0.77527996704876279,0.27296269571080006,0.026864147188426134,-0.34948257883444278,0.93655765689415249,-18.557605054563766,2.8769999729299638,-2.7605597820005512,,0.5586600753064558,0.303030303030303,0,2
-0.99909152394413769,-0.029149476526113265,-0.031087534499136218,0.030911644853754226,-0.99784967574899253,-0.057797013937281684,-0.029335933518754433,-0.058705473559835415,0.9978442114772722,-21.630204951081865,7.0885642952323948,-3.3109484480225686,,0.2577073082151116,0.5454545454545454,0,3
0.16263007638752289,0.98664106032559484,-0.0095329079390855612,-0.98637832698876771,0.16281328677551596,0.023444182566130102,0.024683077219604353,0.0055903245827203692,0.99967969568758952,-6.6115256531246978,14.153258352328837,-2.3093740850639888,,0.09480726969605663,0.1578947368421053,0,4
-0.55223241031232861,0.8331611894337112,0.029695074036598521,-0.83353634764871143,-0.55109585192638888,-0.03886539769478331,-0.016016308846983435,-0.046214655802361823,0.99880312546566785,-17.806121566808514,8.3453699575620366,-3.0129958584775269,,0.1077472370962427,0.4,0,4
-0.03042480421065297,0.99265942363652071,0.11705383357392718,-0.99943567060247507,-0.028544436791851199,-0.017707497158439257,-0.014236278169646795,-0.11752652378865462,0.99296769564272835,-1.8574265083287629,15.805977389340425,-1.9519101596969817,,0.2804161401930575,0.2592592592592592,0,4
-0.71924863586195509,0.6878312990567067,0.09782384090128618,-0.69418370261957518,-0.70580212160743205,-0.14125279520004116,-0.028113819165919582,-0.16950359634064074,0.98512849111143608,-22.484444423835381,4.3396466702500005,-3.243149855689976,,0.3044506320813275,0.4558823529411765,0,5
-0.97972446762471521,0.19348523340862878,-0.051994538081206146,-0.18892377369261426,-0.97858600871128143,-0.081714327313311033,-0.066691643188719285,-0.070234521478639608,0.99529861685900878,-0.15008075813136398,-26.987910541564165,-0.35805166484453599,0.2573400778512842,0.2517929472616989,0.6557377049180327,1,5
0.96757639133097506,-0.2474983738126007,-0.050403193341735888,0.24920583346629777,0.96795721468154083,0.030907654591051149,0.041138540388475142,-0.042466286699803776,0.99825058727187055,-4.1004167512765557,-15.217754914972716,-0.87541254770054544,0.4270166601358669,0.4022850681358312,0.9395348837209302,1,5
-0.99294768494076913,-0.10719440363183501,-0.050638471548653315,0.10908512850335958,-0.99337406590683541,-0.036171811167385506,-0.046425528647222068,-0.041440620334868623,0.99806179431741016,-21.670652784829375,-29.835981832512889,-1.9449322951158579,,0.1633745213532134,0.4545454545454545,0,1
0.86162565947249325,-0.49487104371922402,-0.1127114591638191,0.50675914454773252,0.85115906407725772,0.13683353776167798,0.028220424444742855,-0.17501684983844379,0.98416091667815486,-6.6430824000982884,-29.037155153682651,-0.76594587630648558,0.4441408755578136,0.520406096447253,0.4615384615384616,1,5
-0.96759985266892412,-0.24042848742693129,-0.077101670206769446,0.24742719109367178,-0.96374877461837327,-0.099840295117144026,-0.050302189043530628,-0.11568250453366216,0.99201171763354024,11.958544839271815,5.6225202037721385,-0.3766354242432019,,0.1011362123204325,0.2105263157894737,0,5
0.22373481459189928,0.97065366583510237,0.088171388445494769,-0.97464616171191409,0.22256078765188494,0.023055482211537234,0.002755394665434987,-0.091094219359136766,0.9958384663185027,-8.7907624129743773,12.910093969053227,-2.4870230553304205,,0.1850096664187792,0.4074074074074074,0,5
0.95646801020420247,0.29182358063709973,0.0028183754462699135,-0.28782764969081054,0.94168780097655658,0.17429667112541533,0.048209848884621424,-0.16752039659718829,0.98468915257275114,-13.617663790274536,12.041853253686233,-2.8697649352079933,,0.08781263875956553,0.1666666666666667,0,3
0.95551050273351479,-0.28328256773797394,-0.082162436561521751,0.29279442282854701,0.94463268033796144,0.14812334454101642,0.035652561288692243,-0.16559011460017403,0.98555000320646169,-0.72281713627798616,10.529038639368638,-1.5627871653693428,,0.1187405631377906,0.4615384615384616,0,5
0.40929058416845715,0.90944047067367151,0.073479575474377973,-0.91234249157828695,0.40699784428010227,0.044541360689518111,0.010601687213232189,-0.085268898504679599,0.99630157039725298,-15.776267433105078,13.166400225140848,-3.2409236696134576,,0.1365496386193751,0.2307692307692308,0,2
-0.99783093632080166,-0.039322557271975929,-0.052793550844242802,0.041496238736662354,-0.99830819665203496,-0.040728450351946249,-0.051102687716610327,-0.042830841539166643,0.99777454082632522,6.3112596580016556,9.9225387740833213,-0.98970619135864324,0.4669599401345459,0.6936573378557153,0.6627906976744186,1,5
-0.8287422270640834,-0.53863911229708705,-0.15183618733578652,0.55735554947298804,-0.81885307418037523,-0.13723860381471017,-0.050409449040089108,-0.19836216778698923,0.97883161873650149,15.066315021108121,2.504693256323371,0.066285516111728227,,0.1798163932730699,0.2666666666666667,0,5
-0.79717684513418041,-0.55805355830193226,-0.23040248186264456,0.60221200956446252,-0.76215894404856355,-0.23760143001065712,-0.04300898880752678,-0.32816149998640831,0.94364201729703812,-16.880582673080252,7.835578777013704,-2.8911159961183679,,0.2556505171902503,0.15625,0,1
0.93940700960526369,0.34214366785326616,-0.021264544491051841,-0.33998846106701186,0.93783134053058137,0.069858593314630721,0.043844231613552699,-0.0583959524841237,0.9973302342191831,1.1469171181509132,5.6627948163611572,-1.2518326469089962,0.2444857922231005,0.2121020391573027,0.8502415458937198,1,4
0.30076748121745167,0.95300823254462741,-0.036252323294876036,-0.95336243467812432,0.30145205228039462,0.01505750047445625,0.025278259170874166,0.030032796708008683,0.99922922331924746,-4.0640425864092782,9.1467982987206131,-1.8183662440902617,0.4313895782367631,0.2661148629338138,0.8783783783783784,1,2
-0.99374937956556075,0.10522431365841257,-0.037282897261085045,-0.10401554921733161,-0.99402789085776888,-0.033004813556113691,-0.040533148583369129,-0.028920511959039847,0.99875956458696646,4.4022696620604718,8.0465790817300018,-1.0820338773935148,0.2174504702882998,0.2462416164665264,0.4318181818181818,1,5
-0.18491957109706952,-0.94130230885317134,-0.28240877389515373,0.9827254311405198,-0.17929278272327204,-0.045878372388570905,-0.0074484370813421331,-0.28601409302870673,0.95819646178328732,-13.740125179900131,-28.499044759722384,-1.4095804246883075,,0.3119732544488996,0.4285714285714285,0,2
-0.72042071336681979,-0.66639258151595648,-0.1921325663507944,0.69101497381232979,-0.71331194617934746,-0.1169802265555052,-0.059095699667473169,-0.21704145857031912,0.97437195338457916,-25.20470567055844,4.3228985861623777,-3.4377480829355469,,0.2639328170307783,0.24,0,4
0.58644955629149009,0.80186440557293015,0.11441325535394363,-0.80919767227912043,0.57377511449240171,0.12641694968351885,0.035721773522160459,-0.16672010395991099,0.98535697177826309,-13.470846231554978,14.679056913466145,-3.0845068607085921,,0.1804494327416343,0.2142857142857143,0,1
0.91297521226867762,0.40695558864595371,-0.02938385020362292,-0.40540375652122479,0.91291146062348094,0.047333489843687127,0.046087481830135904,-0.031301979683851865,0.99844685891960683,-5.913403983350725,15.904364959978626,-2.3838033633588709,,0.06784538842842301,0.4,0,1
-0.30466691297892617,0.94411579657741529,0.12579123494458164,-0.95233132108503882,-0.29979558676896251,-0.056459375078696528,-0.015592530786083341,-0.13699623646963779,0.99044883975742981,-18.834128178836604,7.6322747475119543,-3.1060667352395446,,0.4724744664766239,0.1904761904761905,0,3
0.9785306914343691,-0.19033483937547271,-0.079059059195556489,0.19771652261828759,0.97521093540193293,0.099356973364818302,0.058188165503869647,-0.11285513011112072,0.99190617348764099,5.6114398440521347,-29.525579352503762,0.10124832677192307,,0.160945448158145,0.4,0,5
-0.97225132144912096,-0.20171934330827457,-0.11847647224540254,0.22920525139233072,-0.92274674987639793,-0.30984413553708257,-0.046822224152806131,-0.32840179982427314,0.94337687972387874,-26.266270229252047,5.0135932564558185,-3.5748829363794745,,0.1017772843752003,0.7777777777777778,0,1
-0.47501283572947245,0.87781212255810037,0.061714531370563257,-0.87995993428927533,-0.47429307146704819,-0.026769318332156754,0.0057723424933099768,-0.067022084781037036,0.99773479452895886,-12.839753860372113,9.2378656016051917,-2.635477523141355,,0.357271783247155,0.2571428571428571,0,5
-0.9702335027547615,0.24202307019612082,-0.0084725217655595032,-0.2394435769494383,-0.9639540403879977,-0.11601457441766075,-0.036245325076244943,-0.11053253599052253,0.99321137473229681,14.707725206986925,-32.028843470508001,0.69819522267763967,,0.235079286276048,0.35,0,4
0.69023840196420017,0.71030073701232244,0.13799931685939398,-0.72257563064700736,0.6665714685760743,0.18321281416815596,0.038149789632281619,-0.22617546347932471,0.97333922826059238,0.65305043714235667,-26.750303873528221,-0.29441849455930857,,0.2857469485499714,0.2105263157894737,0,2
-0.67917950960314599,0.73393127091420785,-0.0077513424311746806,-0.73321293840685264,-0.67891932792733256,-0.038305784412896567,-0.033376349231430562,-0.020333119311955628,0.99923599993746559,-13.838071280364808,-31.848258828504154,-1.2727423022075857,0.2491733869230854,0.2193236178529293,0.4705882352941176,1,4
-0.90436995638436091,0.42674914319522922,0.00038829304506244261,-0.42519094726130818,-0.90098938195316891,-0.086202041592295789,-0.036436799480504149,-0.078123635282712336,0.99627760049788971,-18.443862343712254,12.711551628408142,-3.4111045685670334,,0.2634605662863037,0.2222222222222222,0,1
-0.65977399055415598,-0.73096571678910016,-0.17431982752183414,0.75116327908877567,-0.6480828516749052,-0.12546850406983234,-0.021260515911966687,-0.21372350887050429,0.97666281398404675,25.224824295375118,0.95370477807828491,0.89439678104303721,,0.2613768106948479,0.44,0,2
0.72598002895173841,-0.66025430721805722,-0.1923986677792672,0.68724680696220775,0.70684540973518351,0.16751535170410842,0.025393382671154249,-0.25383816997509312,0.96691331544260595,13.071783874071064,6.8439428520487686,-0.29924266638316993,,0.4309288420119256,0.3103448275862069,0,1
-0.81895158737310558,0.57386237972179588,0.00051640982503830819,-0.57296302420045853,-0.8176170992353291,-0.056706718623720342,-0.032119626992457982,-0.046735940966696622,0.99839074584243925,-15.684979831525466,8.0784196625658193,-2.7887057776161366,,0.1629995766171501,0.3809523809523809,1,3
0.5393579166711957,0.82330950313454898,0.17678942211696472,-0.84139250561154977,0.51844800399654045,0.15254611975636226,0.033936547037471752,-0.23102625218867712,0.97235548107409175,-25.54859998753556,11.897380034133414,-3.8845192850257151,,0.4192959068363045,0.1153846153846154,0,1
-0.52694711240987002,-0.83349952401056582,-0.16614838006149871,0.8483691657501613,-0.52757093824174595,-0.044030259221349462,-0.050955856653334443,-0.16415678053886254,0.98511727833585416,-15.469753545430242,7.19623102745535,-2.7267672959626923,,0.345093591960536,0.7384615384615385,0,7
0.91733979657918951,0.3973909515117891,-0.023835462416487017,-0.39444673985909579,0.91537751816223711,0.080596331539812521,0.053846699310018828,-0.064532401936543166,0.99646179157743819,0.075321477009119162,10.042829594894998,-1.4893785279340841,,0.1093744352831199,0.1612903225806452,0,5
-0.5359649696924571,0.83587408495341931,0.11855827835224293,-0.84423681285833629,-0.53025254666225985,-0.078079706537531407,-0.0023989742313206327,-0.14193925060205301,0.98987246353313907,-23.074966826425737,6.6059269890919783,-3.3853448962702144,,0.2636101949797685,0.3333333333333333,0,5
0.85457666061457616,0.51736966441342003,0.045026230994674551,-0.51656990635979072,0.83792224601673782,0.17618695035019868,0.053425302771980022,-0.17382445160279214,0.98332639395508525,-10.586701840960979,9.6945410217427792,-2.4751796994186788,,0.1594809876829719,0.2727272727272727,0,4
0.32948257087900318,0.94379014301735453,-0.026483984410290679,-0.94379374325948062,0.33000758055446439,0.018664591097755576,0.026355372720193358,0.018845761323720091,0.99947497798039397,-3.9451734006617993,-10.313619696259295,-1.0468936727402136,0.3709227986116347,0.3560756320806904,0.9751243781094527,1,5
-0.67381564826827711,-0.73454447183982019,-0.080105499426460086,0.73806815041122509,-0.67423181937513099,-0.025823614980393862,-0.035041082993487384,-0.076523673668099229,0.99645183018095906,21.008228414011455,3.7965701819015365,0.52928593870332974,,0.1114209648951844,0.3333333333333333,0,5
0.84811414377464944,0.52981247316232205,-0.0010688362912396098,-0.52794140227494357,0.84528497276331993,0.082287244360716202,0.044500279699792283,-0.069224692864164772,0.99660808094481301,-15.443780264971636,-26.925423718198402,-1.5462757942157328,,0.2475217046906985,0.5277777777777778,0,1
0.49786936635057877,-0.83757202471653658,-0.22494265371849168,0.86688109097911881,0.48821047129624251,0.10083506245129362,0.025362731566783817,-0.24520122171177036,0.96914038854983686,4.3241891752791792,10.569705504401879,-1.1898029014188956,,0.2589705075520576,0.1428571428571428,0,5
0.84371615962568092,-0.52029160108258032,-0.13205942537137297,0.53586915301540128,0.83078344153094819,0.15047632413290102,0.031421216288500191,-0.19772587873345862,0.97975363436224727,-6.7087573499081063,11.214855155877553,-2.132030552790626,,0.3829116350133764,0.3333333333333333,0,3
0.82852541099163091,0.55909017534475436,0.031045437251229564,-0.55942488247144762,0.82406914978135071,0.089184288136688925,0.024278472212127498,-0.091259039067990072,0.99553118664129803,12.522806356296041,11.275342386345688,-0.5169022439033909,0.2819576881139647,0.2143025420793897,0.2105263157894737,1,5
0.49207781427429514,0.86379919321945786,0.10821450222796811,-0.8703998870354408,0.48585867534043919,0.079657920165707941,0.016231492467572845,-0.13338778575959778,0.99093099520724826,-17.160135721303213,13.779292495811003,-3.385107811417726,,0.1843553303501921,0.2857142857142857,0,4
0.7572387518612006,-0.64934742499483078,-0.070266594710945873,0.65257142245282063,0.75667137123422212,0.039987179850833436,0.02720314830294689,-0.076133813822132274,0.99672645751745925,-29.755430528248759,7.4165805118316621,-4.0822002825013586,,0.4104979598843678,0.6,0,1
0.71189996739568018,-0.69242550294903815,-0.11724060426235076,0.70186035614122666,0.7072657049689941,0.084659689652291037,0.024299730437605256,-0.14255576256498045,0.98948844240858957,-18.679719124638382,-27.354227301293516,-1.7796042389292281,,0.2501253476275224,0.6551724137931034,0,2
0.88564270128718425,0.46426708537941008,0.0096477505174356205,-0.46099583928944465,0.87652381662488121,0.13852377069359315,0.055855544170292898,-0.12713013931660075,0.99031211537715802,-9.2291859657872681,10.255470071976202,-2.3430543892933402,0.2074209386784794,0.1588958780139031,0.3125,1,6
-0.32807184573077003,0.94401213457376365,0.03478439041139187,-0.94464490026429093,-0.32799696809378548,-0.0080000828715647981,0.0038569992835741839,-0.035483498964596821,0.99936281942933802,-17.096175039874424,17.924721069973423,-3.4821581347715962,,0.121942882209697,0.1818181818181818,0,2
0.29617731520768265,-0.93423807519355151,-0.19869126003681506,0.95512875754180837,0.29031484983208389,0.058705574553154144,0.0028380403468652271,-0.20716299579225708,0.97830232479605539,-11.412906112934238,-28.951907107879975,-1.2054932410469843,,0.6359021189202689,0.358974358974359,0,1
0.77320683659409761,0.63413471199183713,0.0049350674946410621,-0.63256045701031971,0.77068928906691314,0.076845871355784454,0.044927230841020023,-0.062539481646110062,0.99703077042004662,-7.5646246985508228,12.273062517815095,-2.2936352874117039,,0.08247517888252723,0.3333333333333333,0,5
0.99027700142701913,-0.12263176409761002,-0.065672755987700573,0.1324748989235662,0.97539789639569097,0.17620824288906561,0.042448340366884371,-0.18319496210641045,0.98215973459459638,-10.967848783016073,11.79242225808115,-2.6545118629154327,0.6860399709697047,0.6687906903997736,0.5555555555555556,1,5
0.96146112599234712,0.27491830755299201,0.0035252486049041159,-0.27013280107680415,0.94218224459282207,0.19829495141438028,0.051193485795827921,-0.19160517254560266,0.98013605426279582,-13.759271844463441,-29.847113116460328,-1.3548626469381855,0.5300485549343477,0.3724034845309999,0.2222222222222222,1,5
-0.97429530115575236,0.22342780688564262,0.028786824348875979,-0.22436641748348302,-0.95094901371541118,-0.21296873953543832,-0.020208336187040252,-0.21395323887232459,0.97663485229874569,12.598857623115881,3.2438039301512815,-0.2415472412365002,,0.5326616457943735,0.1818181818181818,0,3
-0.77353209576309256,0.63295172799720201,0.031940677039071753,-0.63201047845035907,-0.76668070646594755,-0.11297543742701083,-0.047019697503350021,-0.10757696946015993,0.99308425810122547,21.777370661276109,3.3481998920398972,0.59841891852924622,,0.2405557607109405,0.2727272727272727,0,3
-0.99663544811642613,-0.066281165631134786,-0.048214008756250121,0.069639197242087045,-0.99499435520993484,-0.071670184231960476,-0.043222283202618707,-0.074786631044215068,0.99626241224479017,-16.329921498262692,12.096436430673545,-3.177107572193429,,0.1488358479859019,0.4444444444444444,0,3
0.37174759748851194,0.9281570769023062,-0.018115307275478745,-0.92790811402951789,0.37209727306756268,0.02302501452477131,0.028111486614931503,0.008249846777332856,0.99957075004646267,-1.5457374529778207,9.8043037962612782,-1.6339837318199293,,0.09532863721650697,0.4366197183098591,0,5
0.77417848454851768,0.62242644680325288,0.11503474423859583,-0.63130206779495479,0.74610867477012266,0.21161177809986531,0.045884346568038706,-0.23644695758806009,0.9705603860591957,-5.4714009985861516,14.334348310458964,-2.1860461044020658,,0.2786128488561549,0.1363636363636364,0,3
0.40186419294696279,0.91548454385063593,0.019829785618627842,-0.91549033116269329,0.40121568407019736,0.030057085748731362,0.019560776434213632,-0.030232843509634403,0.99935146530067875,13.80456798132157,-27.717940002584154,0.5859056300521891,0.1591571852175263,0.1948135774571321,0.7142857142857143,1,5
-0.71206171197142076,0.68391453521215018,0.15883647839799903,-0.70139887203122131,-0.70312059607926169,-0.1168804931649166,0.031744931212081023,-0.19463385084484236,0.98036213893012403,1.3273262506732584,8.6478074740925361,-1.3568891211299796,,0.3975376976663512,0.1304347826086956,0,2
0.85326730752979896,0.51784189790937807,0.061438348532982183,-0.52135214722158096,0.84458246075970078,0.12195247256425196,0.011262348258415321,-0.13608907284091909,0.99063258767567519,-5.4697173667013157,16.591578442630702,-2.3799315743838343,0.5013945499427213,0.2772213146113157,0.3157894736842105,1,5
-0.9983596333349839,0.03643369024108245,-0.044165922866520498,-0.035319097513302922,-0.99904404323542018,-0.025759678310643838,-0.045062222294072279,-0.024157522456553875,0.99869204974840919,-24.693188706319813,5.4096988774906976,-3.4438150001397503,,0.06832274871919319,0.3333333333333333,0,1
0.4571674547498295,0.88908391643174889,-0.022971892824641536,-0.88892006037686122,0.45760940248006865,0.020365682444573242,0.028618954857946861,0.011109649149222288,0.99952865447600903,-7.2112145111308292,13.378499110557788,-2.3375709421185689,0.1136218794815376,0.09187422771119806,0.4444444444444444,1,5
0.95013001582825796,-0.29903953263227079,-0.088477742654671121,0.30982076861690278,0.93749292560028052,0.15848692622124108,0.035553401466311266,-0.17799542795391854,0.9833888260864444,-10.554247511649132,14.023551540624947,-2.7241312956700563,,0.1605300434506772,0.3076923076923077,0,5
-0.12221359170381951,-0.96528969566092659,-0.23082383207478441,0.99228403647234031,-0.11394210605576999,-0.048883406486612546,0.020886095015867218,-0.23501702048662737,0.97176682960295402,0.66591277146531325,12.69064477812929,-1.5615291707900889,0.6823604928343604,0.5729287018829017,0.8,1,4
-0.97258102810311686,-0.21360457516765874,-0.091974068309106552,0.22780228677768341,-0.95462133768929169,-0.19184425914570699,-0.046821596648792575,-0.20753598988067382,0.97710621274839216,-22.307773327795601,-32.759141468062559,-1.9241448375144785,,0.4748622013789357,0.4166666666666667,0,1
0.48661793339576698,0.86491012450236127,0.12301814269018915,-0.87341559087593001,0.47865159171427579,0.089654109578095664,0.0186599172689461,-0.15107326130954155,0.98834643582339898,12.380551183857486,-29.340110095586319,0.5207102170122645,0.1964114563086838,0.1534274942115918,0.2142857142857143,1,5
0.83662122073886303,-0.53934854929516718,-0.095750067272111494,0.54564001736424783,0.83596253090268402,0.058682351499601389,0.048393227420357475,-0.10133996891640636,0.99367414489854966,-18.506573587612845,15.350237909216721,-3.5058425203553742,,0.2008232787177405,0.25,0,3
0.73017953144754777,0.67952030288866572,0.071344304728093125,-0.68159327855401852,0.71714272123506684,0.14538541883403056,0.047628295004367389,-0.15478525556931594,0.98679940726234616,-7.2179630362528346,8.48054847658425,-2.0579322593513698,0.3841534173679949,0.1347462845034185,0.2702702702702703,1,2
-0.75673511093777901,-0.646370617889514,-0.097759890564147342,0.65351333888069574,-0.75176207719585197,-0.088170829616043375,-0.016501144778189571,-0.13060935502216001,0.99129657953697348,-8.4683507723092024,14.630917319611031,-2.5770662862174678,,0.1660524063829443,0.28,0,5
0.46084568226877604,-0.84744783143852875,-0.26354018692480613,0.8874109876389511,0.44373436253252824,0.12490618289545323,0.011090363018766078,-0.2914309326375395,0.95652758211675526,-20.331708866522408,7.0351494139220669,-3.2316181271010054,,0.07094402129442418,0.4285714285714285,0,1
0.95931594602653458,0.2802259468463657,-0.034443205618420937,-0.27785087627088162,0.9586845998515261,0.061014166904272533,0.050117923487691653,-0.048961788382136676,0.99754244873273656,-3.6348935322433089,13.46262852304951,-1.9610848859522751,,0.08390575852910835,0.4545454545454545,0,5
0.63929990588055952,-0.75086675449605755,-0.16581540137654513,0.7683522678441701,0.63232201641107355,0.099013433737822204,0.030502833308199508,-0.19070391856066052,0.98117357924364268,-10.774729065182418,-27.331050099014266,-1.1753662925093067,,0.1867511540889625,0.25,0,4
0.26602027399028888,-0.93802015458757593,-0.22215175761994699,0.9639664655094502,0.2591861782021585,0.059926441594478894,0.0013664550300698684,-0.23008849301183873,0.97316875113424783,-18.999646419545478,10.384129657651878,-3.2969581150368392,,0.1551151734316467,0.25,0,1
0.82715829935321017,0.56191041677948028,0.0081136505849222669,-0.56033915517980004,0.8235745850824735,0.088005306536695957,0.042768902060859253,-0.077340715803130886,0.9960869614122887,-8.053243364570438,10.536918465661151,-2.2230721362441233,,0.07927350479077674,0.3396226415094339,0,4
0.99026845480380299,0.13549292075295336,-0.031781375777686818,-0.13115458904880944,0.98495513668473789,0.11252489719962984,0.046549556302144177,-0.1072615827973059,0.99314051959624039,-7.5963071677001341,17.021344156155912,-2.6570542767703174,,0.1272375110609986,0.1428571428571428,0,1
-0.99303936967872275,0.11577985130271015,-0.021629523813710281,-0.11196254442438271,-0.98492795481209072,-0.13183820567533178,-0.036567730502503087,-0.12849883214253446,0.99103524217047978,24.260033090714661,7.1871731638918455,0.70185190030563482,,0.2334602956049269,0.5263157894736842,0,2
-0.4598850901454471,0.87566218678386132,0.14738194766938098,-0.88790979199232845,-0.45140771309734928,-0.088584862365763878,-0.011041066345883697,-0.1716007319131457,0.98510470695293018,-15.907493014508375,16.660155883072413,-3.3584115898730262,,0.1971072818050354,0.3684210526315789,0,1
-0.95191445652421691,-0.30030301868626696,-0.060637978430361034,0.30278117694831058,-0.9523517991556536,-0.036737032144497708,-0.046716446204748942,-0.053330550465053181,0.99748354675207229,8.314030487170502,7.7100834419367663,-0.71220497772385039,,0.1743012562193634,0.6727272727272727,0,1
0.5564324296362354,-0.79117996084526032,-0.25380547828210631,0.8308746693996526,0.52780442244963222,0.17626620604253235,-0.0054986361158334595,-0.30896077615047324,0.95105888555933427,-3.716958099459339,-29.647701022452264,-0.53515536303887878,,0.3994935099160433,0.282051282051282,0,2
-0.9673742588922164,0.25109667701971405,-0.033726873890006698,-0.24839362266524978,-0.96620890875620113,-0.068854577621129426,-0.049876361655282954,-0.058230605610863864,0.99705644028722018,8.5731079328172211,11.098347193629301,-0.83703805419535704,,0.1209827201533733,0.2692307692307692,0,3
0.65663154406824298,-0.7475749095426798,-0.099833711524762045,0.75391691694485508,0.6542987217605658,0.059181627612412059,0.021078369930327346,-0.1141268475195205,0.99324255093926417,-16.550033293207335,15.743226711619171,-3.3883309675150546,,0.08895413775106091,0.375,0,2
0.64282737313707783,0.76020672939056499,0.094120650948586959,-0.76507855349309506,0.63111879613106692,0.12784315450968631,0.037785914447036641,-0.15419077066859252,0.9873183027322181,1.7536430883845382,11.044019701600281,-1.3895849079561489,,0.09295902917194027,0.2592592592592592,0,2
-0.63710569135671458,-0.76037407653561218,-0.12620460282215065,0.76983438252577496,-0.63583208638946442,-0.055430870449401932,-0.03809673899483261,-0.13247196552567181,0.99045434868434179,14.584471614905116,5.8714492501267346,-0.1402109845326075,1.035104761238682,0.7534668768168989,0.4919354838709677,1,2
0.16635844103312,0.97280059072304037,0.16119516055370142,-0.98589057797601931,0.16101379596549009,0.045763804113007331,0.018564410982848934,-0.16653398511321094,0.98586094072499508,9.8033979983041508,-29.399173689022359,0.37776660285376135,,0.2753058696530314,0.1,0,1
-0.80302153020400846,-0.57690980888886445,-0.14943725919805353,0.59438306958794862,-0.7934934889223062,-0.1306784206558731,-0.04318782948957213,-0.19376056215267129,0.98009777876406801,-9.6001301679100965,-26.575285747432037,-1.0849748727985469,,0.5968002872743512,0.5833333333333334,0,1
0.38516799331357826,-0.91019583044854302,-0.15227989742864662,0.92271019350011718,0.37699616067095282,0.080497165480146002,-0.015859247704989032,-0.17151514531798334,0.98505382552872878,-1.770491045964196,13.647316932528279,-1.8266319781264493,0.5786035266881673,0.3827418051888826,0.1333333333333333,1,4
0.24629001405262818,-0.9545614654638066,-0.16779045750442964,0.96919393501875029,0.24219816006682346,0.044756760194583751,-0.0020845385164106377,-0.17364463686458873,0.98480617117651037,11.032953233300796,-28.831870054041346,0.42787826713740912,,0.1683729635839053,0.1851851851851852,0,2
-0.98967251010262569,-0.13339872473575856,-0.052470019878414216,0.14160503089504067,-0.96668745675995793,-0.21322142520904935,-0.022278643863180535,-0.21844940188024542,0.97559393235391734,21.796471217463605,-27.958385643800622,1.1239502308940843,,0.3076103380364936,0.2352941176470588,0,4
0.72684854361235007,-0.68054721222141235,-0.092448291418875367,0.68632633554399836,0.72472576349887319,0.06106331844669162,0.025443187444826446,-0.10783348115793534,0.9938433400461103,-5.2256575219115762,6.8022356429522244,-1.8132841060717619,,0.08555393987703638,0.2242990654205607,0,1
0.70983020534077024,0.68586841231125206,0.16039202155819024,-0.70322713801561121,0.67707591804220713,0.21688659148429495,0.040158086909775327,-0.26674467604986124,0.96293021858014305,-1.2195109772582968,8.5793699769451557,-1.5677785038540129,,0.1194037356514405,0.3157894736842105,0,1
0.34565268941248084,-0.92799908867003755,-0.13907519451540884,0.93828350834321939,0.33988317346883568,0.064058460517664589,-0.012176874519305575,-0.15263394059098745,0.98820777365218504,8.9839058854172347,9.5704203951217064,-0.7280927351970703,,0.254799461697051,0.6923076923076923,0,2
0.54507401947939715,0.83492782207079763,0.076091032459088645,-0.83700932269446138,0.53672923895806013,0.10647590229747844,0.048059411264956949,-0.12172615158468617,0.99139953450122698,1.3706128155116262,-34.612454017378788,-0.118370436563321,0.2805117153842336,0.2073599766591565,0.5833333333333334,1,4
0.43528204524205633,-0.85192349870621009,-0.2911286544503352,0.90024098211498726,0.41538510404627926,0.13046604714294491,0.0097834150753188312,-0.31887547363921198,0.94774612481446319,-6.2474436082516442,18.917109350726069,-2.6970916030030616,,0.3620378779735294,0.45,0,1
0.85012154713164978,-0.51571971578593889,-0.1064261708987112,0.52444026936047505,0.8474134756186531,0.082781671963231204,0.047494831040899126,-0.12618865277665081,0.99086864161442267,3.1867178868506558,10.877611870269096,-1.2902978052281415,,0.1577541122890837,0.4,0,2
0.99189719784677777,-0.11111807263153416,-0.061585086168370343,0.11929803859685327,0.9813402591862509,0.15079546971712332,0.043679822465942451,-0.15692058384710775,0.98664482133867637,4.0552345731311883,-28.995948334467212,-0.03151315494407099,,0.1537080465286266,0.1875,0,5
-0.99783560673374738,0.050941103413673215,-0.041582519371631703,-0.050411353989656585,-0.99863469296759666,-0.013691069733350728,-0.042223184664638973,-0.011565205770386985,0.9990412647595015,8.7597214111382886,5.2157216709784873,-0.62540870703171891,,0.1566289685452642,0.7792207792207793,0,4
-0.47751374386116774,-0.87166040749274798,-0.11040271026233625,0.87797876935808328,-0.47819671082310422,-0.021935959391629019,-0.033673505611353592,-0.10740595778420622,0.99364483355588429,6.1857663193764676,11.384122558553109,-1.0674657161969165,,0.09167120349911742,0.4615384615384616,0,4
-0.95641124402790467,0.29159665570932231,-0.015777283547373195,-0.29064549262720346,-0.9557507053151798,-0.045450928538655393,-0.028332488639114826,-0.038884182756933471,0.99884197469811953,14.846121773730877,10.772509826545063,-0.30118807936789599,,0.5472904407685214,0.1875,0,2
0.68092206797632804,0.73229045089250511,-0.0097894266682868897,-0.73136153721118069,0.68063312584288604,0.042998254539485234,0.038150219277756116,-0.022118850263864398,0.99902718543194069,1.7910469848965032,14.045204962168699,-1.5275144812556265,,0.07916180145087502,0.3888888888888889,0,3
-0.82931436548489967,-0.53700591704761125,-0.15447436116143232,0.55704975398323187,-0.81627665891967671,-0.15293131690452008,-0.043968793337994666,-0.21287804292313492,0.97608897343101719,4.1521186627477986,5.512157295019688,-1.0153536389257989,,0.2991295015426791,0.453125,0,1
-0.97071281660871311,0.23969312707162563,-0.016242921726230295,-0.23733077923732523,-0.96724723288397152,-0.090038279108965044,-0.037292477769422815,-0.083546366246087717,0.99580584241552395,12.933503508925247,10.059625277663978,-0.43306570266436584,,0.1003805430274782,0.375,0,4
-0.47687883771081724,0.87306466158650564,0.10170875494479478,-0.8788882739893612,-0.47206330783154404,-0.068641352282296661,-0.011915367706515727,-0.122124240378318,0.99244329506750018,-11.920241721974755,13.943184193649783,-2.8387725617798916,,0.274375718851347,0.1818181818181818,0,1
0.96543882746852572,0.26061969839340243,-0.0022898090594413866,-0.25477705808371592,0.94557393633902687,0.20243167141167226,0.054922864914383147,-0.19485200467444103,0.97929371241928542,-2.5713508314933486,12.135019508058791,-1.8317813767325219,,0.1101882211020003,0.2272727272727273,0,3
0.86923323941254182,-0.48681307869923879,-0.086293695643121823,0.49173675710292453,0.83317610932302899,0.25300698126186116,-0.051269261885445394,-0.26235585997021132,0.9636082531428487,-0.33775742933634878,14.333959259819393,-1.7076765395599294,,0.3292530065760965,0.3333333333333333,0,2
-0.89163027863106392,-0.42013847111893182,-0.1687575518729072,0.45052285302720974,-0.86032592224975613,-0.23847110182436856,-0.044995612325132675,-0.28865718870478813,0.95637462444406873,1.5417173484655611,-27.218963283736006,-0.22217490564635345,,0.5287196047179291,0.1304347826086956,0,3
-0.99283663589545879,-0.10575872838831961,-0.055592317755906825,0.11185647600239118,-0.98628537854334397,-0.12136424863994578,-0.041994561554021911,-0.12671323309464463,0.99105005592986439,8.0038493018162669,12.122816555854683,-0.95455453658469003,,0.1918476898187185,0.1904761904761905,0,3
-0.12946642104305156,-0.95504776308359873,-0.26668748761671768,0.99085368551931763,-0.1349233473456668,0.0021596837327251708,-0.038044969642360836,-0.26396867346345126,0.96378063879435616,10.129124037710108,-30.608544969336496,0.41524151809471688,,0.5578651806642823,0.8787878787878788,0,4
-0.99215831995394099,-0.10972464727020695,-0.059852902415864322,0.11430811187860639,-0.9902630504529587,-0.079452793949300937,-0.050552187934077522,-0.085671422825997046,0.99504014170587496,20.261471645694982,7.5205856925183561,0.36802130581396753,,0.09087937355014447,0.1818181818181818,0,3
-0.57031680340022917,-0.80772899343710081,-0.14937408383127301,0.82067391131945278,-0.5680689110586622,-0.06157957103014302,-0.035115168217950667,-0.15770727773223911,0.98686135779617534,-10.470920727502044,-37.370101093133449,-0.80639268811192055,,0.1119676101886621,0.2307692307692308,0,1
0.82063199242516827,0.5707362646299815,-0.028692320305509781,-0.5697824984080293,0.82103620781357067,0.035319257735904601,0.043715415086701841,-0.012635730897996661,0.99896411386419204,20.083999297850085,-27.866146564723405,0.9933742407702868,,0.1504765356221847,0.391304347826087,0,1
-0.77668484186801745,0.62975459796846234,-0.013030838424035676,-0.62905155791050693,-0.77655240803332715,-0.035503451494260964,-0.032477590779139205,-0.019377923398069177,0.99928459518895885,3.41284896111548,-29.581816809555683,-0.057199914585532148,,0.2279444147639098,0.5357142857142857,0,2
0.77955763369489406,-0.61658309285585045,-0.11006900268618441,0.62632990891111895,0.76766638990159075,0.13564349972943138,0.00086078534320714194,-0.17468143410154513,0.98462462676332663,23.890542776087202,1.9849269852497129,0.7705533631218856,,0.1197390990984154,0.24,0,2
0.91144882574778596,-0.37374178310122808,-0.17198289917110279,0.40976683952157494,0.86204001441567757,0.29829205617099386,0.036771935922428521,-0.34235083337204525,0.93885234814532159,7.6455505780431494,21.967494179821369,-1.4639877110849957,,0.3571411842448927,0.1578947368421053,0,2
0.98296575784360141,0.18360011981943899,0.0083255575934813707,-0.17774707898516648,0.93815728803151133,0.29709742312177873,0.046736439949954481,-0.29351643721544435,0.95481087460562408,-9.9787101729993957,0.74801993789681531,-1.9589961698169294,,0.2877670111795416,0.340625,1,1
-0.16615274382843162,0.95732868753163414,0.23646363303316528,-0.98609407246692693,-0.16213737322497665,-0.036468513121546607,0.0034272385203518523,-0.23923473040648693,0.97095571361595112,-11.020578690174956,-30.25728014802748,-1.1004956392126495,,0.3435171672578122,0.4166666666666667,0,1
0.18590050229428437,-0.92363851572129341,-0.33516099940610511,0.98256542237204048,0.17388646332669241,0.065792770351981972,-0.0024887759213292658,-0.34154851799986075,0.93986084919338586,8.9696616550193351,8.7300382444503004,-0.70626349985489589,,0.3270527732358721,0.3076923076923077,0,1
0.93200710605910497,0.35979074381208603,0.043742141265342281,-0.35930569647582716,0.90135606755941855,0.24177811305790317,0.047562282697028134,-0.24105571999221531,0.96934512384582683,7.2438763684637859,14.148527750332018,-1.0862546793773769,,0.4402167084003539,0.2307692307692308,0,3
-0.85277701221998659,-0.51555755949769921,-0.0834971273393951,0.5187957374125971,-0.85462351412822102,-0.021670993093346864,-0.060185964075307935,-0.061798478491859245,0.99627235120945634,4.4004552163890907,13.971200737033923,-1.3313103966771442,,0.09346482398564815,0.3529411764705883,0,3
0.8467525083617895,0.53008012906144353,0.045002737219203857,-0.5319841133543336,0.84399238518702246,0.068335619444940682,-0.0017586135507128447,-0.081804098433536448,0.99664687666086393,-17.775410581621607,3.7951589363976792,-2.7531465230699452,,0.4752042430163868,0.3253968253968254,0,3
-0.991917434012481,-0.11133918190519904,-0.060855490095611857,0.11802514328168397,-0.98568734945598924,-0.12037655367954792,-0.046581859724940694,-0.12658608017909437,0.99086128930817452,5.4998605092234021,18.895895575884367,-1.4573635595421399,,0.128516530076547,0.3333333333333333,0,2
0.68783786072703301,0.72346962469267273,0.058913321901784402,-0.72479441201022976,0.68015279838962006,0.10984184613122205,0.039397178442178313,-0.11825342696858088,0.99220158704820804,-2.2797947980074604,-32.790008526810809,-0.38913035327481099,,0.1976164374251376,0.3157894736842105,0,1
