axis_00,axis_01,axis_02,axis_10,axis_11,axis_12,axis_20,axis_21,axis_22,location_x,location_y,location_z,dbh,dbh_approximation,score,reconstructed,number_clusters
0.35053922099679274,-0.90374813101695717,-0.24568591784291904,0.93636791667686414,0.33305259667604875,0.11086519952433292,-0.018367883960615377,-0.26891501172433097,0.96298875243073945,-12.838101750711417,9.9764208002851316,-3.5617381854343781,,0.1505166138138448,0.15625,0,5
0.94687716141070433,-0.29983720075993331,-0.11628110009478998,0.31184022131460692,0.9444160165191422,0.10408681046402031,0.078608635462423582,-0.13481854762073076,0.98774725595578006,-17.003894263644021,11.141862014163097,-4.0313114982171703,,0.1608087561507509,0.25,0,2
0.75344984308697127,0.65737302117340135,-0.013192611021856426,-0.64759244876717303,0.74541199763973576,0.15806635971792385,0.11374249096953917,-0.11055163864952158,0.987340357191962,-2.2435935139462999,-19.005990809790088,-1.2509774571153665,,0.5129862253298859,0.4666666666666667,0,3
0.88980032020052302,0.45634752798779693,-0.0015244246367483029,-0.44225639915254822,0.8631391564099743,0.24372130411701717,0.11253740524673635,-0.21618910789238321,0.96984411224125444,-12.905570436514447,12.647124337384238,-3.5987553573970796,,0.5736973475446587,0.2444444444444444,0,3
0.70730474201486737,-0.69941103897280832,-0.10268495744878453,0.70666913668821763,0.70334748733242369,0.076948315871730913,0.018404705257384288,-0.12699019893733207,0.99173320817558897,-7.2526398772126264,-11.516411578892351,-2.0872377448883017,,0.2982872983909908,0.7058823529411765,0,1
-0.25083005140309522,0.96800424814191333,0.0072153234390825525,-0.96728776876347256,-0.25092252092843481,0.037313012361685265,0.037929641623731664,0.0023799306983888985,0.99927757816142737,8.749232241695557,-6.1584405055063947,-0.43776094259023585,,0.102336502587057,0.375,0,2
-0.30441797915351526,-0.94081641989602371,-0.14897703857345912,0.94730085237200301,-0.31539728715794807,0.056086061982303828,-0.099753641855151565,-0.12405246997716289,0.98724880128020365,-8.0962720399816774,7.7401837407623386,-2.9341783996929114,0.5814481712818168,0.5626773398821282,0.7222222222222222,1,5
0.28545638304265492,-0.94502487126847179,-0.15950751099623126,0.95782982620897605,0.2756118586585663,0.081241168081540818,-0.03281276283228541,-0.17597186153126357,0.98384817250657819,-3.503454880071267,9.2451834482929662,-2.4276900482232366,,0.07327166877734148,0.1764705882352941,0,5
-0.61853450404041954,-0.74103470731735377,-0.26130945230235464,0.77821358111477346,-0.62370100559097696,-0.073353103501659064,-0.10862177258723446,-0.24872599014957963,0.96246386547450136,-16.792246226975994,3.0770640086060306,-3.8512951606203925,,0.5965760384668101,0.1590909090909091,0,2
0.75241110255900601,0.65650470917736103,-0.053657241579213449,-0.65157440267781108,0.75374960190809859,0.0855121944428818,0.09658328282366084,-0.029378639371693764,0.99489123276249314,-27.844172543872993,2.36666272217726,-5.1195392407840874,0.8722888208166886,0.7509147359948607,0.7017543859649122,1,5
0.63929884452274222,-0.7285956536295739,-0.24585638267895385,0.76891383615678432,0.60914816557270657,0.19419069222304208,0.0082764701741994372,-0.31318825950456713,0.94965499743325488,0.92405599849704378,-11.663730436520611,-1.1837627395580039,,0.4324283522790383,0.5454545454545454,0,2
-0.66186466339341177,-0.71560635556847141,-0.22325481231349978,0.74341358472167507,-0.66485100456984469,-0.07286551841397329,-0.096288158162851661,-0.21419777214639452,0.97203287238916281,-7.8824292947532895,11.596201646943047,-3.017115497595166,,0.07944586580382196,0.3181818181818182,0,3
-0.0024025950398393393,-0.99041030979936884,-0.13813633041381018,0.99927903675409124,-0.0076118362697723862,0.037194981548842529,-0.037889764328788024,-0.1379473747184809,0.9897145485276998,-16.248122466158428,0.56988245859238396,-3.704296315354235,,0.08772722308729335,0.2272727272727273,1,6
-0.18244500178289202,-0.96596379095237084,-0.18337877710728728,0.98059618327705933,-0.19237241632021834,0.037735643383733121,-0.071728283590953207,-0.17293584940099674,0.98231779243025596,0.004567037209382601,-2.7897607475040074,-1.5363514637142848,0.2032703916863395,0.1370603829994717,0.5366300366300366,1,4
0.79629967809382907,-0.58398200057448579,-0.15770810274898939,0.60392364565843171,0.78234084871829046,0.15237790732706222,0.034395535790184291,-0.2165821309151951,0.97565830477987525,-1.5829326260356162,9.1934587433788,-2.1762289415230565,,0.2898201631598026,0.7476635514018691,1,3
0.94442716986426201,-0.31157043111458743,-0.10479116030110015,0.3231341012590363,0.93846273803889224,0.12195098161171473,0.060346279302833837,-0.14903541782950797,0.98698873894623973,-14.920794188286509,1.6685398935674707,-3.5763336744811594,0.1179543680833666,0.1127834631303656,0.3581081081081081,1,5
0.38745616078478723,0.92140893406951418,-0.029720358120231865,-0.91795446335192632,0.38857735660984966,0.079794994469447322,0.085072478994033973,-0.0036351268180909,0.99636813436140492,11.417200314976586,-0.85733791163239892,-0.44003148344476845,0.89331530137395,0.852316496722932,0.6589595375722543,1,1
0.69575147155193318,-0.67322458646933303,-0.25039677714881825,0.71821486287174119,0.65683270489220891,0.22964801008088626,0.0098641058107401189,-0.33961662791621428,0.94051222504514764,-9.4807979886704636,8.6668885181720974,-3.1350867119370074,1.108567883640922,0.4448094955149313,0.25,1,3
0.88353348641825469,-0.44611964482540817,-0.14263884771847835,0.4675408018272717,0.85816957703925412,0.21201550809075251,0.027824036449008178,-0.25401228227217565,0.96680069479214026,-6.5386084518852527,18.041411405936,-3.0766078356491455,,0.408291010938839,0.303030303030303,1,3
-0.61768570318356475,-0.76533411055681744,-0.18090901387390859,0.78249820205327436,-0.62107840372774614,-0.044251329995691112,-0.078491629273559391,-0.16889439197676079,0.98250381601945058,2.797224781944629,6.5788644370853966,-1.6117832738369204,,0.1418661275620191,0.1219512195121951,0,3
0.86510354247040877,-0.4774664679529918,-0.15369330754995517,0.4987665682981845,0.85133516884189531,0.16266634759837414,0.053176791490301058,-0.21738031712516487,0.97463738209313555,5.4424795427016255,5.3510184917881078,-1.2645360054387838,,0.1563009499800788,0.2424242424242424,0,6
0.35200102429583147,-0.92399722282734087,-0.14941355728998784,0.93565322726602052,0.34301626771124749,0.083023360520567857,-0.025462073783725472,-0.16902358501939538,0.98528306110773312,-2.9983299663792571,5.7263978877905544,-2.2203557935288845,,0.07817638437192395,0.3362068965517241,0,4
-0.32173896254117601,0.94337942475107484,0.080742188100506526,-0.94681984964930355,-0.32092671780576776,-0.023199441986533086,0.0040264491797499299,-0.08391247079395879,0.99646499434363223,9.9401718107479571,-5.9485334474137721,-0.30894501686275849,0.5800572393884824,0.3447958254824,0.8,1,4
-0.71912134281779394,0.69475942620937448,-0.013184612135142628,-0.69478878027533619,-0.7192077773784078,-0.0029536015171403667,-0.011534518084611882,0.0070365226946244776,0.99990871695416506,-20.125996840900179,6.8085422152562156,-4.339067085736084,0.1907121110592541,0.1156534019483758,0.4054054054054054,1,5
-0.98064573290197965,0.18405469114495754,-0.066766887067428546,-0.18159475673619435,-0.98250737917404962,-0.04126250349244584,-0.073193516564398736,-0.028339381363677415,0.99691503579636243,9.1588019788053607,4.8663791422504907,-0.87696900718510717,,0.1751351722488214,0.4210526315789473,0,4
0.35506124422503305,0.93473303081100922,0.014341337463351447,-0.93290910503145286,0.35329875848243031,0.069717924554514352,0.060100870199914808,-0.038133297335002085,0.99746365198716636,-13.574058187562656,-4.7579171376496303,-3.1893061368403095,0.4803529448865703,0.383826657912283,0.125,1,4
-0.91903666489398905,0.38962795676691492,-0.05967967732966379,-0.39042215898990745,-0.92063418105180661,0.0018006800741273497,-0.054241555565757944,0.024955159480735446,0.99821595542502617,-16.083166424867514,12.99582049743776,-3.9692598807124719,,0.06515073847495077,0.4736842105263158,0,1
0.63561816994452369,-0.7609370972172147,-0.13024698121267675,0.772003582443331,0.62648408682522105,0.10736925840031707,-0.00010359073073681675,-0.16879698763132572,0.98565083383293128,-12.330022750609947,0.92796987988822488,-3.2614363703171048,,0.07778540784060228,0.3064516129032258,0,5
-0.96838080292155104,0.23078952486161994,-0.094735504153195454,-0.23223564952096973,-0.97264967789903434,0.0043825990552320985,-0.091132999646592147,0.026244986131702737,0.99549283125412902,10.420921845520944,4.3357332239091111,-0.7390463620971951,0.1356126714947991,0.1330982870030409,0.1724137931034483,1,5
-0.19135759065945199,-0.96827333439191876,-0.16071410144279386,0.97882478867799005,-0.20038338373297004,0.041815458782768655,-0.072693229165430084,-0.1493092409373255,0.98611482343803247,-34.732539089693994,-0.31894390258484923,-5.6869432709923675,,0.2626869508681455,0.78125,0,2
-0.99659411086326066,-0.015225751279522205,-0.081045386609259112,0.01440394191747797,-0.99983884297279768,0.010715154691296086,-0.081195471855935855,0.0095112870209351792,0.99665281355610513,-20.467592689408562,0.55177588648222942,-4.1937028820742031,0.1356879623523431,0.08403110571212788,0.4,1,4
0.99810731216993998,0.017501341518043591,-0.058953341194260982,-0.0084137802076335831,0.98849738491889505,0.1510037360833304,0.060917991558453233,-0.15022191269443771,0.98677372038928435,-5.3771847093796943,-14.777837345467466,-1.7660567931146813,,0.3887839653814508,0.71875,0,2
-0.708265281092607,-0.69589250421485305,-0.11871779216439901,0.69784336918056589,-0.7155711364467312,0.031186227329528075,-0.10665328728888489,-0.060758301999916282,0.9924381618259952,-12.401684827023706,3.458900657497169,-3.3012105837522769,,0.1435806295731898,0.456953642384106,0,5
0.78961293227096474,0.61226709483896224,-0.040502120535927555,-0.60532177346565719,0.78806386882096835,0.11198611176088046,0.10048366911514181,-0.063908866649205268,0.99288402595911163,-6.2781750888004666,-12.47638535108465,-1.9612181129304316,,0.07258609586687391,0.40625,0,2
-0.22976699249755173,0.96968881352798786,0.083130825072972911,-0.97288639932730914,-0.23116343755767335,0.0074511167259534699,0.026442071828322391,-0.079164828397482595,0.9965107860842366,-22.851153071666246,0.45146055151387698,-4.5288267133921769,0.3102907373388913,0.1513223173784694,0.3636363636363636,1,5
0.73154833583142564,0.67406877487451633,0.1023148038234926,-0.67446970492049574,0.69356776081496485,0.25308966455107307,0.09963759073126198,-0.25415555846230087,0.96201730889625114,-19.943235638135516,9.4239673197424842,-4.3329914378006738,,0.1591314444172838,0.2,0,3
0.77692217928317864,-0.59632574365917779,-0.20195924041054453,0.62894310807337084,0.74971391355106864,0.20581451512210794,0.028679158719946387,-0.28692273398472395,0.95752433419618477,-29.334924070796923,3.6934557619060726,-5.3166208697235868,,0.5792230232091315,0.6,0,1
-0.97413974796583713,0.20542713801903911,-0.094082104559601143,-0.20604604345900349,-0.97853708708910714,-0.0031933001828275114,-0.092718819060358754,0.016274524769523201,0.99555932040013606,-5.6661731644537365,1.8014374610677419,-2.4256828448076559,0.8766720188633415,0.6263031284140979,0.9151515151515152,1,4
-0.99555906157806029,0.060408225668293535,-0.07220111620620108,-0.051139259609660627,-0.99096785968666856,-0.12396562908564654,-0.079037529290765199,-0.11972279373466385,0.98965626437868803,-17.687062099265308,8.9311418863645322,-4.0279467100927109,,0.1033366663034726,0.25,0,2
-0.21651664984262728,-0.96278111808062172,-0.16178089815658928,0.97335171101820894,-0.22570572553679424,0.040538526340191769,-0.075544602711577771,-0.14869244811804339,0.98599369616332366,-28.935396937647607,-1.4491547176050881,-5.1705578268384231,,0.3066887036328415,0.3658536585365854,0,5
-0.020796731190257357,-0.94320821500757102,-0.33155053779783045,0.99877842589920596,-0.034467870129209356,0.035406523227503199,-0.044823564451122552,-0.33040918430180838,0.94277283531023981,-10.750401162781449,9.9129572362078058,-3.266873098766176,0.5324118014414657,0.3627023261089879,0.108695652173913,1,5
-0.21384301537978956,-0.96801470911678811,-0.1312199973587107,0.97423061819887558,-0.22119694622977185,0.044120443588669386,-0.071734701066614934,-0.11840369044993654,0.99037099046302857,-4.3806111242045001,9.0731215721819929,-2.5388041075319263,,0.07470153728809337,0.2758620689655172,0,5
0.85575775239958118,0.51674747776154195,-0.0255090853442809,-0.50751025660088511,0.84800033266905761,0.15273760256751384,0.10055848374414114,-0.1177602650313463,0.98793750375559009,-6.675073743478011,-15.283245776955317,-1.8713567548997165,,0.3193489374808032,0.6,0,1
-0.94594727347453567,-0.29929128986433534,-0.12493390099342419,0.31087201434521738,-0.94652584835321485,-0.086298372500148768,-0.09242481540711496,-0.12047216363363723,0.98840483167899951,-27.109048365770239,5.2235183614183001,-5.1039877231402642,0.2386636647422384,0.2315833911829513,0.6481481481481481,1,4
0.99187803285426901,-0.084204397777406834,-0.095328837903808888,0.098442367715070089,0.98281579926003892,0.15614802260516361,0.080542337809361902,-0.1642641900104706,0.98312268191737273,-2.3079247072390205,-2.9287774472990833,-1.7432275765610885,0.405707979423675,0.3007161404244168,0.4311475409836066,1,4
-0.99287201763698485,0.10212088788295615,-0.061453078453881295,-0.087313190196274093,-0.9741840953173464,-0.2081868277496739,-0.08112683533339303,-0.20133721138607186,0.97615662877433163,-18.313837939656668,2.1255233266043421,-3.9618648869124997,,0.2214476299895694,0.2352941176470588,0,2
0.3203412918916782,0.94364513666219352,0.083158359549483224,-0.94589938520427408,0.31385647392300081,0.082270692514394214,0.051534549375616905,-0.10501414109733616,0.99313454294483261,3.4204502233489347,-1.5107195148810391,-1.2257268120338189,,0.2719986235821527,0.1181818181818182,0,2
-0.74505605421537557,-0.65626061721877493,-0.11922029342628244,0.65945490403993279,-0.75157544350493832,0.015924266326584405,-0.10005351375488744,-0.066755936125481932,0.99274011673615381,8.1372503402552319,-2.9196173183448835,-0.62516156928096345,,0.08015575684111378,0.3214285714285715,0,1
-0.39022921462150539,-0.9112544672995504,-0.13166797591857471,0.91617038577162535,-0.39850628767382451,0.042714902779908435,-0.091394662267295312,-0.10396169732665211,0.99037315250263502,-10.942301529149221,2.9660955381072514,-3.0943935997099117,,0.07072040225886078,0.2978723404255319,0,5
-0.21333324564048828,0.96241514751608481,0.16806549359130288,-0.97622860042182347,-0.21673472164207597,0.0019442616028723463,0.03829681478848735,-0.16365556594972563,0.9857739140952817,-17.644571311803315,17.395188905044613,-4.2643091894564256,,0.7592939728521162,0.5666666666666667,0,1
-0.99527558748437583,0.06699001606302224,-0.070276900226934516,-0.05923890736145887,-0.99248095666501834,-0.10710883489194806,-0.076923707738583189,-0.10243968178965672,0.99176048256753147,-27.868391177646135,11.129666217068833,-5.350643792039266,0.3996965300156512,0.4027394267000928,0.5,1,4
-0.90338987966032169,-0.41329111014675823,-0.11435551408204817,0.41715487029543319,-0.90876779023898013,-0.011086821589682713,-0.099340523031186456,-0.057719682066183331,0.99337802411069531,-14.273804417163984,8.649777167110182,-3.6475927521875144,,0.1561657173481069,0.1176470588235294,0,1
0.82283876096319819,-0.56035630788648505,-0.094536668379927261,0.56737314999662736,0.81945351528104693,0.081139663275369645,0.032001283090751238,-0.12040242732338209,0.99220923870682842,-11.34139001467655,-9.9825443423176203,-2.6086554929630954,,0.1795352098054084,0.6902654867256637,1,2
0.63284493826569055,-0.75215690222425391,-0.18375875094239408,0.77425480830432869,0.61288646827232818,0.15779628901308251,-0.0060643160473449484,-0.24213667926418544,0.97022319732409601,-8.1149985371354649,9.2465146736494699,-2.9715378549617322,0.4628784032109409,0.2354817844626773,0.1320754716981132,1,5
-0.17960351460115678,-0.97714474559144116,-0.11371334005273862,0.98118570510666847,-0.18625955812645012,0.050813276816887347,-0.070832122919210719,-0.10244766063496626,0.99221332746198332,1.9850794540517074,3.678511212499779,-1.5283840338218682,,0.06849407749674512,0.2567567567567567,0,5
-0.94693180887386419,-0.23598206347120013,-0.21824897494088341,0.26530001636251216,-0.95714260826004061,-0.11616337103931702,-0.18148292112736855,-0.16790024768606412,0.96895482669009725,-16.191452923164533,14.579893458440756,-4.0089988023998355,,0.2244471913233079,0.1,0,2
0.32517096077805113,-0.93789677882183009,-0.12088622147422003,0.94526436467099195,0.31869473240725743,0.070063888123716098,-0.027186892978515363,-0.13705217915634005,0.99019067509175895,-10.984406804179299,-6.7844371088583788,-2.7399643911472493,,0.07195681966072748,0.196078431372549,0,1
-0.0014778860450483172,0.99849149625333955,0.054886681103937122,-0.99835914312727758,-0.0046151601754205957,0.057076454258511183,0.057243665038207971,-0.054712267420777345,0.99685993530017614,-9.2810453417402439,-13.620925797685061,-2.2420256672275389,,0.6906015518493032,0.3888888888888889,0,1
-0.21984461605823566,0.97457488903424017,0.043268122840097512,-0.97479062818551432,-0.22119292356118042,0.029273226131550253,0.03809955369683523,-0.035741799484030043,0.99863454165062093,-17.498503619066025,9.9040659392326766,-4.0338678072828253,,0.1003580836187266,0.3939393939393939,0,2
-0.98075829642167034,0.1939449250621269,-0.022327786336934167,-0.19068034270191567,-0.97617318633474648,-0.10357083174401839,-0.041882823533542286,-0.097320482549737256,0.9943714360183239,-18.488438079295886,1.0005278550413801,-3.9952726711471143,,0.2495138880213583,0.1458333333333333,0,5
0.99328280482217524,-0.062955685004358983,-0.097086823875461123,0.075874590281280352,0.98784022863691789,0.13570088148648848,0.087363128345090454,-0.14215577516300223,0.98598144982223956,-14.083635399281507,4.4981584731353141,-3.5373269077017633,,0.07549040787810124,0.3442622950819672,0,5
0.66246250556485153,-0.73463505294727294,-0.14647446092030889,0.74874184824298129,0.65537250993439422,0.09936054504669152,0.02300159582338409,-0.17549419421578707,0.9842117223372866,-25.479602527349048,-3.0190386619259666,-4.8275571360785055,0.1631851022324017,0.1667857737547744,0.4583333333333333,1,5
0.96416643181853579,0.26510533433138189,-0.010112045458733062,-0.25252008748971544,0.92874734579214602,0.27140739322691887,0.081343083101758959,-0.25912840329282938,0.96241143667269979,-14.26156996382573,20.819315618658671,-3.9977430306494282,,0.4309133034815172,0.7,0,2
0.81675583074341651,-0.56828459557990907,-0.099812481049276702,0.57595090767149515,0.81334710903279606,0.08214032006496845,0.034503114337895047,-0.12457567440946814,0.99161002236081408,-4.1831264230897158,12.354868982009613,-2.6362921612856445,,0.08508372746010051,0.4418604651162791,0,5
0.38169829187363385,-0.91695452536789768,-0.11619299629531561,0.92408965320463476,0.37599193688856858,0.06847171850421209,-0.019097822412192083,-0.13350828364605569,0.99086366942026716,-14.023999127501188,-0.16826896432024172,-3.4545711713389431,0.3118043240656589,0.1938246030748381,0.4625550660792951,1,5
0.98830092005306269,0.14183024927649165,-0.056084505992632191,-0.13252347521470151,0.98059011943515084,0.14450102485164065,0.075490528805193371,-0.13537798216964356,0.98791395475739052,-7.4547253348996998,4.7975593758402901,-2.7653157048319037,0.7525113369402557,0.7747597065162893,0.6635802469135802,1,3
-0.85856310136091785,0.51264391693051725,-0.0081003342931463499,-0.51081089200074214,-0.85663748946708118,-0.072418535285827104,-0.044063971620022263,-0.058038143265228485,0.99734143618491899,-17.934033842507375,13.708291485717481,-4.2210585907456872,,0.1816531986205172,0.375,0,4
-0.6066399580758336,-0.76303007269910184,-0.22309878848293721,0.78917613475295545,-0.6118526368748689,-0.053267054411287186,-0.095859217616962339,-0.20837816321791799,0.97333938145530241,-0.58345814916011152,12.122491772361265,-2.2244334481365327,,0.08242969933952517,0.1363636363636364,0,5
-0.99222577151107794,0.10547673440526432,-0.066050562817040831,-0.10123879215991607,-0.9927672659985709,-0.064527997983232166,-0.072379039170521325,-0.057339463381897909,0.99572760362853663,-27.754559607117468,9.6867722074095521,-5.2782852612788425,,0.2170427605074575,0.5526315789473685,0,5
0.99016827553247055,-0.076040141338460945,-0.11740818980923344,0.10358087024040798,0.96266977905043705,0.25007578815875753,0.094009517865447534,-0.25977835438737173,0.9610813790426368,12.51511835609471,-7.5104621915655008,-0.039898866294130246,,0.2306662740281014,0.2692307692307692,0,4
0.21265359393415059,0.97634719509938006,0.039046172776126584,-0.97484006628481512,0.2092535329440397,0.076810182373535263,0.066822856514125076,-0.054397734989717325,0.99628088021164085,-24.199469587588183,5.3123366511396135,-4.7353559657932669,0.2134363715854276,0.156175437202155,0.2333333333333333,1,3
-0.35499545735840965,0.93465826782538053,-0.019802718009191953,-0.93442182986413114,-0.35409203878715934,0.038401457536412074,0.028880254989550849,0.032136434979800697,0.99906615417525113,-24.819224509648592,3.109272003877201,-4.7977642504969475,0.1806738691286568,0.1688338425175707,0.6956521739130435,1,5
-0.66407984695807942,-0.71675290532348135,-0.21275156773683454,0.73876065069580443,-0.67282502538528999,-0.039232463583037357,-0.11502459670715628,-0.18322597502982832,0.97631838261231341,8.5565057137984279,-4.7660480303398147,-0.5220664925329217,0.7838870771456786,0.5730420216614909,0.6848484848484848,1,2
0.94917719337361173,0.3122943914236056,-0.039177399923339483,-0.30209598157050127,0.9388837180000551,0.16503145758717966,0.088321421514538867,-0.14480876064573414,0.98550989307155024,-4.7816373402435897,10.069398845640183,-2.6232610880005169,,0.2733763076657762,0.2941176470588235,0,3
0.064796651338569197,-0.97852965669936087,-0.19565557731671948,0.99654589582088116,0.053247825405520657,0.06372555697787767,-0.051939113371961165,-0.1991089652662936,0.97859999410010234,-12.75860866202798,7.5677103348526016,-3.445658257865833,,0.6642662918153933,0.65625,0,6
-0.97051380879884608,0.24080664638208907,-0.010728745917852767,-0.2313046382710485,-0.9428965677750254,-0.2396752527742036,-0.067831491543809075,-0.23012653375108741,0.97079383352937165,-7.7437956477392369,17.854702590567506,-3.202383721475603,,0.3601104056883035,0.1304347826086956,0,2
-0.98716628752031155,0.13001111106603536,-0.092735277983835449,-0.11488561396553212,-0.98151236224418392,-0.15308422017178713,-0.11092347130849703,-0.14046563195748804,0.98385232110904519,4.8058551126892208,-6.5499118967616754,-0.86634941600628068,,0.3429598476780268,0.8461538461538461,0,4
-0.8209720952431161,0.56910045727159664,-0.046146379764688876,-0.56867361084659673,-0.82223641841310713,-0.023186128652260229,-0.051138470438808224,0.0072070637880614647,0.9986655671808925,-10.973487804708293,1.6829460402070171,-3.0577047603994805,0.3277359774434453,0.200047448097835,0.2592592592592592,1,5
0.072464298261997989,0.99225586532002652,0.10088222447687371,-0.99509873816976013,0.065104600966680665,0.074430452275405026,0.067286155859494948,-0.10578132477415596,0.99211031874417943,-15.954299248521854,5.9599072454179556,-3.7857822088510162,,0.3617558534887636,0.4166666666666667,0,4
0.59937248237448548,-0.78240543052774358,-0.16909869796347735,0.80023473667915301,0.59079770741589888,0.1028709634647417,0.019416322625401005,-0.1969766767737082,0.98021589214973071,-5.8677092473117174,6.685008452161374,-2.6125328745402485,0.1384160136053546,0.1871964793036154,0.5238095238095238,1,7
0.11704617865399522,-0.98198513077688432,-0.14834215515355473,0.99217777304361032,0.10909524644942971,0.060675315247300604,-0.043398833402732595,-0.15428360293706678,0.98707300192236969,-31.946800215411745,3.7394913923221447,-5.5849539877026579,,0.2964048693976363,0.6666666666666666,0,3
-0.015978135431177699,0.99959407019749702,-0.023588005726339362,-0.99834476556019502,-0.014645743013897665,0.055616825602796786,0.05524878520568563,0.024437615218628427,0.99817351933204679,-7.0063340651869925,2.5148283975071881,-2.5885257217803743,,0.06717871091240649,0.1650485436893204,0,4
-0.18181082938366272,-0.96541496481871714,-0.18686564163296526,0.98072899226916177,-0.19184702516957042,0.036950814014052612,-0.071522486265086962,-0.17654649426613192,0.98169031232909665,-6.9350982983556815,-10.281914987654172,-2.085475331587233,,0.4438631844031485,0.1666666666666667,0,1
0.82466352924538899,0.56548280649051375,-0.012619789861657663,-0.55436381031489979,0.81247550923706779,0.18045584696294528,0.112297948982544,-0.14181940083634634,0.98350212414652904,8.859370077219836,-1.642388399811578,-0.63040993077113261,0.4817157577683696,0.2086376244827617,0.4107142857142857,1,3
0.62777383057104641,-0.77146982208804704,-0.10360661782721299,0.77838614561121133,0.62284317614874363,0.078621792433583693,0.0038763346965502168,-0.13000265971273053,0.99150606780641448,-5.2166814083823922,10.802455323482388,-2.6834302206515068,0.1476753143702284,0.0885915389343177,0.35,1,4
0.030660451126432391,-0.93805575747629211,-0.34512509703338562,0.9953389754343096,-0.0029319275479417341,0.096393608617134738,-0.091434461326697747,-0.34647193200378268,0.93359356232541746,-13.823512468278066,10.713959811497988,-3.6837560044989766,,0.3475009476454683,0.2142857142857143,0,5
-0.89540151040876714,0.4401866049263245,-0.067021548781971446,-0.44252461134092863,-0.8964204302222486,0.024543443884659202,-0.049275790356508344,0.051634921551165641,0.99744961344478289,-15.431987319330853,9.4707967590486035,-3.7967800600226269,,0.06302366908719988,0.2,0,1
0.99597459059314086,0.057527662793079228,-0.068739965859697091,-0.030153970390186104,0.93721595425627724,0.34744351074268864,0.084411805824388869,-0.343972125471037,0.93517796377823414,-9.0370576403062941,3.2705076791449015,-2.8640136349488658,,0.1618521406217241,0.2321428571428572,0,2
0.1316013479721293,0.97858138775208658,0.15830209334408196,-0.98906940195663362,0.11890654307826992,0.087194908832581866,0.066504160208706253,-0.16804672433098913,0.98353316930165557,-23.237064284840258,1.7769385609971788,-4.6042168981519449,0.4675247939534865,0.2021656796046896,0.2456140350877193,1,5
-0.61345840274143526,0.78962743053876105,0.012542290328393924,-0.78965232274022246,-0.61354145628235757,0.004011310745426158,0.010862656070202297,-0.0074432764075097763,0.99991329641095517,3.8156409896327723,7.6802454280704859,-1.5281571847408537,,0.08310195777102911,0.1818181818181818,0,8
0.74790573332002941,-0.65372783458367001,-0.11522557163049141,0.66343261495254147,0.74195188682295565,0.09677067250509154,0.022230148093537787,-0.14881974308001128,0.98861443676760929,0.90688101113468755,5.1648906238276915,-1.7430441471708182,,0.06992731802170186,0.2537313432835821,0,4
-0.84320125258052014,-0.48306216363690246,-0.23592921334391051,0.52509901098195244,-0.83413096175622747,-0.16880926309123828,-0.11525049376214157,-0.26622637867436411,0.95699573613758426,-17.810991204739814,3.7288236537868245,-3.9710549725952795,,0.4006211813643264,0.1538461538461539,0,2
-0.035079107346260428,-0.99410778110440345,-0.10256303318188824,0.99767138780604325,-0.04084053324598768,0.054624653750371822,-0.058491522299852682,-0.10040801955951005,0.99322553905303079,-6.5790466352885595,11.885967110072933,-2.8928159218720788,,0.07931858492600818,0.3478260869565217,0,5
-0.4724423519765299,-0.86542463503440159,-0.16684850953621777,0.87677066448812346,-0.48078014082667186,0.011120165454723205,-0.0898411150417191,-0.14103424145312507,0.98591983283926388,-4.8236276140275525,3.6883818381328255,-2.3956926366468396,,0.07940434415965383,0.168,0,5
-0.91506827616176845,-0.3784587792781155,-0.1393520805357768,0.38798639491180703,-0.92041161160428409,-0.048052290136328182,-0.11007546195983159,-0.098037837651210699,0.98907632418484603,5.2686931404639132,-10.842115128214688,-0.75299852902685849,,0.1497966009447212,0.3,0,4
0.99585386559081623,-0.014144529340348657,-0.089861063189615523,0.03086608642214737,0.98177436867502321,0.18752699464807709,0.085570807503544025,-0.18952314186531258,0.97814038644802492,-7.0269414188498267,13.884688412609238,-3.0296905675246815,,0.1456267731339615,0.1904761904761905,0,3
-0.7101641327152266,0.7037758288520416,-0.019143858765985469,-0.70380832888035971,-0.71036351895737415,-0.0061243067470665513,-0.017909237936489342,0.0091243442568973415,0.99979798236364537,-1.070539542291574,4.048965683194254,-1.9098762509033731,,0.09858607903398726,0.369098712446352,1,5
0.93505824011743777,0.35391698640066144,0.020220146526537117,-0.3404506589664163,0.8806577233215096,0.32944699598495242,0.098789859792457677,-0.3149360904870232,0.94395753215435307,-0.043827704622592514,-4.7923656507565013,-1.4838499307673148,0.4672302854166791,0.5502878972659624,0.185792349726776,1,2
0.51490925441572377,-0.85104937363667166,-0.10287576658121046,0.85721386463540539,0.51015190291501988,0.070209872731806983,-0.0072698001262688234,-0.12433824666936692,0.99221325853936826,-5.9050278383636963,4.9538489844552442,-2.55505143150181,0.1067407044291094,0.1095028085322489,0.4713114754098361,1,5
-0.31563419119032959,0.94857002043449823,-0.024289373901447111,-0.94864187713993031,-0.31487668394664581,0.03051659946972992,0.021298973873365185,0.032673999443929812,0.99923909224583596,-13.285052672850279,13.864631915728701,-3.670296534808339,0.4971342175736567,0.4150162329606353,0.9054054054054054,1,5
-0.33483273528581697,0.94114029693495582,0.046281539151170482,-0.94184006736473758,-0.33576990759409592,0.013994879800808135,0.028711093455402587,-0.038903864068181346,0.99883039725128508,2.5583770833410528,-11.696683306748008,-1.0292105745860558,,0.5180450602846768,0.725,0,5
0.97820700864592725,-0.18769657595933123,-0.088775242095588291,0.20106541679974291,0.96299745443588114,0.1794675483678308,0.05180488783052304,-0.19340604469136147,0.97975014951451311,10.171203199277864,6.7033573649362168,-0.88536675231918405,,0.800102753299637,0.6610169491525424,0,2
-0.60988652967799772,-0.76859935596859341,-0.1931151234937101,0.78656737643579722,-0.61681510860332567,-0.029169918161924512,-0.096696345557805763,-0.16968839619528991,0.98074240499350007,-9.7549806286631107,14.883493418234421,-3.3690427692801954,,0.1692342752622077,0.1428571428571428,0,3
0.65110524121797764,0.75715063181940334,0.052772015253903438,-0.75467865936898892,0.63844386663122799,0.15116067694342086,0.080759432585335536,-0.13824742274793442,0.98709957154891403,2.4951987795993333,-4.6578848897561782,-1.2091372997458349,,0.2640995503272534,0.1372549019607843,0,3
0.98311849849689759,0.17371444886066892,-0.057457011497638134,-0.15853512427827871,0.96551612231591155,0.20650722001449995,0.09134895885162804,-0.19391211361098712,0.97675660218482463,-8.0214039533967494,13.021368964793426,-3.1126753513174306,,0.5327295902330766,0.759493670886076,0,4
0.78674810345755863,-0.59133208087529243,-0.17707001957878063,0.61651542167620865,0.76697589921701892,0.17792331172629108,0.030596675331479389,-0.24914722584837412,0.96798218129814673,0.5364915513661016,4.3985371782041582,-1.7526087396556598,,0.08436914928597225,0.375,0,4
0.95296791669950709,0.3017707689937254,-0.028045547281861153,-0.2785830391932097,0.90865003052268123,0.31104117461359898,0.11934672184554565,-0.28859924638167095,0.94998254456208597,-2.4180328175567629,-2.2035902233407563,-1.7831486333777105,,0.3264181402594235,0.2667876588021779,0,6
0.87674280574485675,0.47492230014370679,-0.07596618590430973,-0.46871359456067185,0.8791095328641032,0.086452272968809765,0.10784071053480403,-0.040190024305421235,0.99335549683770274,-7.0846957902362959,8.6307683774411679,-2.7983844642604745,,0.08930589742571673,0.2181818181818182,0,5
-0.61138797223732233,-0.76782132198564035,-0.19145538620722474,0.78202506146913631,-0.62324314793429647,0.0021867297824017533,-0.12100227534111638,-0.14838596987980873,0.98149888094948945,-25.346050421198402,-0.34820054127926525,-4.851106303327871,,0.1694054777057537,0.6,0,3
-0.53410195523291593,-0.83589156161131384,-0.1265717134409311,0.84082002075534057,-0.54080555604515879,0.02347431037694735,-0.088072663825746508,-0.093886355652370884,0.99167966506778371,-6.7805058778091398,3.6170969404747355,-2.6379460078571535,,0.06937757096109312,0.287292817679558,0,5
0.99509609626311446,-0.057171191647332663,-0.080716875853402939,0.064878826926822925,0.99323156028193005,0.096342127216093768,0.074662554326175259,-0.10110649091698609,0.99207004816995858,10.494354039276509,-0.14303740724504882,-0.55136497377953819,,0.08502745526083839,0.1714285714285714,0,4
0.21318499157852944,-0.96816410427260713,-0.13118851536503889,0.97667672012927387,0.20766526824716192,0.054568495685320989,-0.025587960512454683,-0.1397619531984832,0.98985446037029046,-9.9410988891650813,12.650212430652685,-3.272864266886232,,0.08991240751435332,0.2580645161290323,0,6
0.77614517201226052,0.6277453481020332,-0.059451239670132529,-0.62231632321510799,0.77778356980697005,0.088176597793040254,0.10159264649613046,-0.031440363779438103,0.99432913952238611,-2.6176648132122247,4.3167137479108941,-2.1501426515812723,0.3568472746230691,0.2717731258709478,0.8217967599410898,1,5
-0.76282213600489202,-0.63703587123907113,-0.11084984246994545,0.63870749889314171,-0.76906373507666126,0.024366005983806203,-0.10077261373310614,-0.052213696906202568,0.9935384291393996,-9.1826075173461685,15.961738134252037,-3.3265928801095979,,0.08059290510271352,0.3125,0,4
-0.54333337257057113,-0.80821112837960596,-0.22712027257480172,0.83797275746633881,-0.53851179353320544,-0.088355565585368973,-0.050896993971637619,-0.238327128520892,0.96985033681266353,-31.861212210194296,-4.5343491051104534,-5.347794782788438,,0.2892969691513359,0.1875,0,4
0.93261496738816629,-0.33219849404775703,-0.14097334200469322,0.35386745470808018,0.91844355545598066,0.17674631520855616,0.070761197714529864,-0.21472213671109866,0.9741084420659879,7.1003675905612997,-9.4392300603754506,-0.50209560809654874,0.2333327470974829,0.2657916127793961,0.3846153846153846,1,5
0.75357406296055174,0.6573612725796667,0.0015129261606302384,-0.65177313465764586,0.74686457286680097,0.13185253404860195,0.085544798624304655,-0.100346734420869,0.99126818788832072,11.486586420506457,5.042924669408702,-0.7027005522644868,,0.1850071141335077,0.4029850746268657,0,5
0.56114761932487667,-0.81789561673359745,-0.12712241916354408,0.82764625773814715,0.55245356337464679,0.098978443949660419,-0.010724802005833894,-0.16075391268216002,0.98693624828522364,3.7063087866334721,9.6222467477779023,-1.646577749351902,,0.1163294941013518,0.1666666666666667,1,5
0.5554316438513599,-0.79930762962566704,-0.22935344390431914,0.83156147339810615,0.53352305461049387,0.15446250729240812,-0.0010977105926631139,-0.27651485208083071,0.96100901744477374,-5.1105549218607642,7.9330131844737641,-2.565406886109153,,0.0737235615665347,0.1454545454545454,0,5
0.73220978344703325,-0.6716585536296874,-0.11288764485330625,0.68057891180045216,0.72790313863325384,0.083482726239455865,0.026099383842581602,-0.13795581939133891,0.99009444703982818,-6.8699727315365831,-4.7582058767984599,-2.3094085991394877,0.6049383734687359,0.4934426762843405,0.8966836734693877,1,3
0.83811189766579564,-0.49826025572711213,-0.22204766279740315,0.54425954556810108,0.79121342238300219,0.27885994208379833,0.036742265159359092,-0.35456739529140013,0.93430828324875159,-19.431712254722438,13.321310596634591,-4.3533641646497143,,0.4394594892418063,0.6176470588235294,0,3
0.62427389860077331,0.78118389982554637,-0.0058149960569327131,-0.77390402283083437,0.61943733064279927,0.13179513212700703,0.10655826092820332,-0.077776012108325035,0.99125991998490637,-21.98140870155234,18.881104021452924,-4.7890105193995378,,0.3798773422595606,0.7666666666666667,0,4
-0.77746319783525286,-0.58868566240160691,-0.22135981318785752,0.62084055935315885,-0.77462169571081552,-0.12049161131032174,-0.1005384298357538,-0.23110694367950541,0.96771979658849538,-15.446413410943254,16.821589960031648,-4.0083015620718854,,0.2733021972281025,0.2,0,1
-0.36372370640303564,-0.8944251786451265,-0.26020888763851086,0.92860062488370587,-0.37020370367021804,-0.025497004813192,-0.073525130846729417,-0.25090400075424552,0.96521564302464768,-5.3786021762062646,14.023429932428114,-2.8182839409427549,,0.286336577436145,0.2173913043478261,0,5
0.033531791484334446,-0.97468675212365874,-0.22104604541697542,0.99689768387067446,0.016860236623308305,0.076881339181169212,-0.071208334155034483,-0.22293825973941422,0.97222831963033529,-7.2306809365143199,10.754976382172453,-2.904272792353948,0.638411233522001,0.2954007316444244,0.2666666666666667,1,5
0.99498639128459188,-0.047305718718831269,-0.088114982465869587,0.061391481438110608,0.98442729922766192,0.16472394647459829,0.078950409532185586,-0.16930759437138962,0.98239593409321169,-21.44953979791142,9.8579330770198901,-4.5284842848933211,,0.2720393126988104,0.5,0,2
0.28839417388146021,-0.93889080091566546,-0.18791717438055258,0.95701207979385883,0.27629852746049388,0.088243996123229904,-0.030930237630254619,-0.20528806024487542,0.97821272365525558,-12.154499463539088,-15.241236456864419,-2.5478629647439011,,0.5836614395271656,0.5555555555555556,0,1
0.059655564973485217,-0.98186886499998383,-0.17992983496724141,0.9967980890189565,0.048980758211376506,0.063201701347326333,-0.053242683026423869,-0.18312404885400257,0.98164698310312448,-7.1235292463017741,7.6163205916969838,-2.7999910738017206,,0.06886681145665417,0.2156862745098039,0,5
-0.51990407649417791,-0.8343343380397964,-0.18326473641274141,0.84976707167135679,-0.52703706415162443,-0.011307383142212976,-0.087153170612571829,-0.16161109299219636,0.98299856534689045,-14.378293386334313,-5.1211036745788308,-3.2741485992356298,0.4650639252814731,0.4619529709645026,0.4838709677419355,1,3
-0.35184520090567933,-0.91248047465113635,-0.20876862307367527,0.9311823002489118,-0.36393081295083463,0.021304625978641217,-0.095417389939084538,-0.18690571624586763,0.97773297731631781,0.27829908143236509,7.7873099039674303,-1.9244709458204856,0.9800499470259684,0.2353176744473809,0.2926829268292683,1,6
-0.78417142029218734,0.6068578980868734,0.12960970305697242,-0.6197995470117863,-0.7557262577433782,-0.21148603944746638,-0.030392517515330814,-0.24617334316853284,0.96874918322149306,9.324694048921927,-8.2145304469436198,-0.3069692935482578,,0.3677104656892042,0.1428571428571428,0,2
-0.14603100948174164,-0.97631769329546814,-0.15962050628901456,0.98677967373820485,-0.15521770694661349,0.04661908351050089,-0.070290965044359305,-0.15070243929164867,0.98607705328979312,-6.6826146284293477,1.4602635776100934,-2.5151091404397516,,0.1275109341721796,0.3180661577608143,1,4
0.96426273935189588,0.26479936852721081,-0.0088692685813487222,-0.2474576895233756,0.91206458516989652,0.32696006541260964,0.094668164624282736,-0.31308063962253502,0.94499653528476724,-10.296928039123053,-8.1633190971898593,-2.6195189667024401,,0.3931011441715974,0.1142857142857143,0,1
0.89748781203670724,-0.42118802298083141,-0.13082918842162944,0.43775393519140443,0.88684678103024839,0.14789955781112532,0.053731922262314852,-0.19000904261056942,0.98031089163398122,13.389776076885624,6.9277526947649255,-0.59516732691863439,,0.1946310381820586,0.5,0,3
0.95125298066260844,0.30294660815640245,-0.057802416792340515,-0.29439561030885991,0.94779031294875993,0.12257547597854525,0.091918395391663896,-0.0995835091118209,0.99077451183485676,-5.7714297452056638,-8.1372042283267625,-2.00491062596728,0.7186650925862375,0.5124818340935791,0.8315217391304348,1,2
0.19869443728323202,0.95708712321815481,0.21096151109313077,-0.97735857669718262,0.17752605464715057,0.11512911220831638,0.072737426055353022,-0.22906055638501857,0.97069074805492428,-10.389936503442843,-10.032723055377373,-2.5196465088156743,,0.4729471734975367,0.2352941176470588,0,1
0.99442291612776856,-0.041018377609449083,-0.097162526615116832,0.06993182044181756,0.94606729518110433,0.31633244139418076,0.078946845216500194,-0.32136298120193929,0.94365948834490287,8.3999546504454532,11.410638144524231,-1.2838785259012051,,0.5789088907546714,0.2941176470588235,0,1
