axis_00,axis_01,axis_02,axis_10,axis_11,axis_12,axis_20,axis_21,axis_22,location_x,location_y,location_z,dbh,dbh_approximation,score,reconstructed,number_clusters
-0.98346489112166746,0.16340377229696409,0.07807698207647043,-0.15556312361812874,-0.98297832048837164,0.097743214700718645,0.092719590708859129,0.083981120789031485,0.99214426816355716,-1.9148246801780131,-16.507704260373597,1.3543958061419725,,0.08989723036927276,0.3043478260869565,0,4
-0.4151343136816919,0.88718398478753979,0.20141518994487809,-0.89316058956969258,-0.43954524217176388,0.095205784087327147,0.17299613534281041,-0.14037292196383919,0.97486808335065733,-7.8445817913029519,6.557742150509549,-1.4348426284281328,0.5277131174011129,0.5073597269500381,0.1530054644808743,1,5
-0.1792117587505315,-0.98286847841499581,-0.043042997847870315,0.97319749402937539,-0.1835178060149405,0.13859239694299777,-0.14411725483259827,-0.017051950435452701,0.98941368893191617,-6.8810861721065448,-7.9399212910758186,0.36138469231906339,,0.1040127820717074,0.2058823529411765,0,4
0.83756325770362505,-0.5463334264981653,-0.0027525325911999278,0.52790411333690812,0.80799166931492139,0.2616614404906844,-0.14073036796251395,-0.22061108178978903,0.96515579785062444,8.8648475606397348,-11.623464204629025,-0.047418030438812216,0.193354804841405,0.1499457277754893,0.4444444444444444,1,5
0.10023056449055609,-0.96085646537379388,-0.25828024874404237,0.98186534382366697,0.053536845750491363,0.18186328036500465,-0.16091699891539327,-0.27182468448702007,0.94879769201004893,-17.95388051304478,18.260918827827773,-2.3818770885991318,,0.5944231596926455,0.2608695652173913,0,1
0.41166865069299391,-0.91094838061859551,0.026494714283604601,0.89707850870412864,0.41018002168253065,0.16432437139297479,-0.16055862249592026,-0.04387935346924228,0.98605047085904041,1.9953826273424429,4.3244930191287621,-1.7082986915065865,,0.07319444448441467,0.2592592592592592,0,5
-0.58597802494057172,-0.81029859809677229,0.0067776256279269021,0.80313543613037242,-0.57964540904520878,0.13778487219026891,-0.10771826919526281,0.086182258587356328,0.99043898993646184,7.6882161458145761,14.355027619896692,-3.1869036481416502,,0.2189175838268096,0.4090909090909091,0,4
0.0090773091701778913,0.94897455858027124,0.3152219688181751,-0.99188543169217225,-0.031431797409961063,0.1231881995501599,0.1268104603534734,-0.31378229599350682,0.94098872355941721,-4.6010034400533479,8.8469942644194113,-1.9067129304209152,,0.4952057340143496,0.3174603174603174,0,5
0.64402637381796324,0.74764570807668751,0.16203680144150309,-0.76084893233242079,0.6039514322451468,0.23738485557771058,0.079617410128061381,-0.27616763511234199,0.95780608962407188,-17.373278254399796,2.6236162016900706,-0.33137193083611938,0.3845883192072259,0.2910040154066291,0.6818181818181818,1,2
-0.35037935276849436,0.86848679235602655,0.3506636574506577,-0.92131331584824239,-0.38697428022093228,0.037850766018787736,0.16857070680948322,-0.30980897009388303,0.93573624427779856,-1.5926861414123443,7.0219328623547588,-1.8517052778640068,,0.1398597874859441,0.4736842105263158,0,2
-0.15110994944683018,0.95526728172594022,0.25422471091950899,-0.97341685297562253,-0.18857634127180589,0.12999459163970026,0.17212034604081372,-0.22782314188086958,0.95836903252469396,-6.4929173687131341,8.9438868602788428,-1.7691063927254609,0.4869543993348043,0.3817274788080731,0.512,1,5
-0.71710477626464963,0.67694380404176058,0.16585483420117234,-0.67641391699699849,-0.73332852632321477,0.068509016730651462,0.16800283554513457,-0.063058374940157785,0.98376759887622955,-17.543473959004579,6.1281522275802338,-0.85016563982333493,,0.5843749667935195,0.6261682242990654,0,3
0.2996132878796775,0.93588423672058252,0.18534447168411347,-0.94566814891549089,0.26560861468914421,0.18752017472704957,0.12626808722982624,-0.23145789954297796,0.96461578407492099,-9.4366184281229479,-17.035865849836398,1.7864161801958531,,0.1306930195056927,0.25,0,5
-0.4246520840489138,0.88549712840846739,0.18858802478755743,-0.88867538741241547,-0.44748641526141897,0.10005980193803059,0.17299324645866174,-0.12510293256691862,0.97694554246531573,-7.7061368087605269,-21.044735066942007,2.3824271619023865,0.2931100844783146,0.2045077205117657,0.5,1,4
-0.91494485856469754,0.37119949053376711,0.15838826981029294,-0.38456141491960749,-0.92093732014024532,-0.063142462162424168,0.12242721895500172,-0.11868188825754084,0.98535586741977099,-11.523580170788803,1.999599924391575,-0.61542754229754359,0.8983056697627505,0.518253278991313,0.9559228650137741,1,2
0.72768595062768882,-0.68582323135841916,-0.010938582548691596,0.66568702583087369,0.70229704842643947,0.25226898226289723,-0.1653297943491247,-0.19085426665549976,0.96759532243591828,8.151243371731443,10.793463029379586,-2.7684561495431517,,0.2745812898031635,0.6530612244897959,0,4
-0.99527517263221488,-0.070922766962313796,0.06631207935456418,0.078045528877656922,-0.9906560875933772,0.11184548062568592,0.057760074135370591,0.11649239134206656,0.99151061345569302,-11.073455053328493,-1.9586255557232324,-0.11401520233020074,0.6110412236103936,0.5278908084093392,0.958502024291498,1,2
0.78862049931731071,0.58204504037076954,0.19824550193208998,-0.61380519016361845,0.72614512524535679,0.30976837412913927,0.036344140995776313,-0.36597380789094153,0.9299151979363951,-10.426853582904458,-5.6180511316901711,0.3508186400224147,,0.1153670109158274,0.1265822784810127,0,2
-0.99756944150492421,0.0075394108762273752,0.069270243677884008,-0.0075915291317575411,-0.99997106428161731,-0.00048916759028275777,0.069264551258170173,-0.0010138457126853274,0.9975978117738008,-6.6663175920657327,18.554695476687407,-2.9392996503780986,,0.9069408116759718,0.8292682926829268,0,1
0.73735340021317686,-0.67513717474212676,-0.022355278465855177,0.66135557818463986,0.71477215400506811,0.22739737699238302,-0.13754549210398537,-0.18245701724015551,0.97354541468885691,-10.399062058233575,9.803671020684833,-1.7375374566012933,0.4438521120324028,0.6069262629372814,0.7688442211055276,1,5
0.47724682012290837,-0.87872073036128684,0.0092385451180950692,0.86242389207219905,0.47036223686157141,0.18704116262902795,-0.16870240978009735,-0.081297258058963165,0.98230863417078984,-12.588380161443899,10.158939944506093,-1.6559976929451923,0.3218264668435536,0.1447801758748568,0.5208333333333334,1,5
0.96436511039200556,-0.26234172968494363,0.034303800438574866,0.24475155287005046,0.93382077032634425,0.26091271773298819,-0.10048189501754266,-0.2432192134125655,0.96475271598511669,3.1114744503153333,3.0600890696092908,-1.6580575120338346,,0.6028477990908045,0.5979899497487438,0,2
-0.34116577288231092,-0.93907091889116523,0.041853610435898005,0.9324972810137252,-0.33249047956379074,0.14106346763585245,-0.11855267316946612,0.087154404893526952,0.98911544998146228,-9.0430629013121813,-11.367545670891916,0.96678069981765646,0.2723709120471894,0.2516150365602076,0.7878787878787878,1,5
-0.43959283582702391,-0.89709250042084621,0.044532958336849393,0.89144937148180869,-0.42968777448706791,0.14382779474441268,-0.1098915682581951,0.1029245458820533,0.98860021296817946,9.3483198448471043,2.8726537720755538,-1.8986615918731848,,0.1249252715722322,0.6052631578947368,0,1
0.55872334002610535,-0.81991322749486606,-0.12478192452846378,0.81223043042316656,0.51054254526655574,0.28218440312559095,-0.16766024336339425,-0.25901468848638798,0.95121050979456101,-3.6984952383854361,-26.302273575940415,3.046124090477325,,0.419146454616511,0.4333333333333333,0,5
-0.51206657681440992,0.84006287725446771,0.1791149998423274,-0.84861918691408034,-0.52702642607441774,0.045701442214773173,0.13279042326484278,-0.12859824445991122,0.98276609374304946,3.2520523790580409,10.398845342597911,-2.472809879996249,,0.1813986998683893,0.3823529411764706,0,3
0.9880348092588993,0.13614965765927586,0.072460240214846414,-0.15338962705977718,0.91645182698816963,0.36957769294223969,-0.016088443156306784,-0.3762702745757468,0.92637025128589867,-4.9895045365160318,4.6818235255131251,-1.3826936343246534,,0.5558225511738286,0.1762452107279693,0,5
-0.8248745452584616,0.55631251392960812,0.10049065344581819,-0.54647735386216245,-0.83019428077444291,0.1101814770513419,0.14472210024891416,0.035970029395680843,0.98881832036265338,5.4928800684102583,-2.8466753021005724,-1.064532594740784,,0.06838841628392543,0.2368421052631579,0,4
0.56799602373120917,0.76289928172869848,0.30881256930923706,-0.82063565309166742,0.49635726601195418,0.28317236685798064,0.062750632668908846,-0.41426338290388981,0.90799130374947834,-3.2637691133331832,21.050197010788491,-3.4132263723866072,,0.4394880775307921,0.4193548387096774,0,4
-0.32058081441961428,0.90521609454103558,0.27894760011502284,-0.92722504971447095,-0.36008769791075645,0.10291043190720289,0.19360177842171833,-0.22565609231129932,0.95477624572186592,-7.2202643653307792,-9.6479204281432942,0.63335563269129769,,0.2615239108113769,0.2558139534883721,0,5
-0.98483764075230684,0.13942954509671066,0.10321929718592562,-0.1431454622598205,-0.98926259249105686,-0.029477105222472672,0.098001010157316396,-0.04380553677332065,0.99422174435894739,-12.033222149000435,3.1065656002993354,-0.735766714831944,0.6888909244267751,0.4950794012252864,0.2081218274111675,1,4
-0.99134588971787241,0.051727896623157868,0.12065467935568636,-0.05645909898890776,-0.99775106410724668,-0.036127333339411975,0.11851454375240329,-0.042626737897711327,0.99203692680028766,-10.022307155263336,-27.671009389274953,3.6817400319574656,,0.2972262984585759,0.2727272727272727,0,4
0.98344319124226809,-0.16842461637788469,0.066877785528423092,0.1477644371755536,0.95893582512843534,0.24209038475626807,-0.10490548462980996,-0.22819998221561799,0.96794607670643296,8.6161192790218788,-6.3689521267282041,-0.74444294533468802,0.3012620707304888,0.1517631025016682,0.375,1,5
-0.49892273060677239,0.85272699114652428,0.15470225419843758,-0.85132697148980907,-0.51564682455761601,0.096699224079808924,0.1622297645251084,-0.083456760623948065,0.98321740861738494,6.4501453685117101,5.0384593683525489,-2.0024535591123835,0.7586253998275176,0.4199356152917039,0.4038461538461539,1,2
0.0036933267502013666,-0.99917311754633076,0.0404900050662493,0.98786502912960872,0.0099325453134373413,0.15499686695657947,-0.155270871576981,0.039426205959300235,0.98708486500573067,-9.1557097274793637,-0.76811228293142708,-0.38697782656703483,0.9021702974082297,0.8080284187231608,0.8773678963110668,1,1
-0.19932110553637644,0.95462430990341562,0.22127702960132403,-0.96591310480162518,-0.22945644194728329,0.11983995669799896,0.16517557585866577,-0.18984775002701937,0.96781964277929267,-15.109775975295449,15.293039130286351,-2.1555772613995257,,0.5498560146568678,0.6666666666666666,0,1
0.86680738417512515,-0.49628280828936172,0.048459601070401884,0.47853845384646421,0.8552384283257557,0.19891751784377146,-0.14016385743019974,-0.14923339073852163,0.97881739265246559,-10.351085427786455,21.796613721852946,-3.1735404732288237,0.9602479541894615,0.3517444335133109,0.8205128205128205,1,4
0.21497516237093239,0.97215279025209933,0.093298617185090055,-0.9669571233624088,0.19846974035233619,0.16001151128332053,0.13703868483857837,-0.12461426310633535,0.98269613018886903,-4.3199395532580906,12.940680069267382,-2.3934865322255456,,0.09999939469322519,0.3658536585365854,0,5
-0.99574324817709881,-0.042081494879292844,0.082003240780132561,0.044825898441143285,-0.99848480258379935,0.031917672818279272,0.080535846296321129,0.035457676149382091,0.99612084139597268,-6.3676968572836596,6.154224132599631,-1.4928081650522176,0.3991491692150054,0.3147551392252729,0.8187702265372169,1,8
0.53982809157542366,-0.84147975589756174,0.022303631108350992,0.82578816584394232,0.53452904005251767,0.17986831430975408,-0.16327748374510995,-0.078679894224097852,0.98343781580064915,7.4997329615125716,-11.526823956690659,-0.0090271729281207694,0.2091636837683041,0.1372437896319816,0.3076923076923077,1,5
-0.81086842184036934,-0.57938260280108811,-0.082511829658211328,0.58410002240634251,-0.80997209019162253,-0.052653365851802178,-0.036325834980341476,-0.090890113224984026,0.99519818178638697,-14.214690238601326,1.7363070188058527,-0.39863195140852059,,0.09553296013120111,0.2857142857142857,0,1
-0.35068793859109276,-0.93600787105044969,0.030120342931931811,0.92869714107493928,-0.34344772571265653,0.13987594454387181,-0.12058022178602276,0.077025483019654159,0.98971080881216256,-8.0365927370176209,-17.440291951580445,1.7866683366216149,0.6364419261345735,0.5353061235495934,0.9595959595959596,1,5
0.24788350048687052,-0.96874305090986723,-0.0095221583802676674,0.95407649086356749,0.24240051153312364,0.17601148141510856,-0.16820172343896123,-0.052715209591949704,0.98434205787919105,3.2582120785002031,6.0105092470043902,-1.9895053652079198,,0.1108014680033108,0.1739130434782609,0,5
0.9680753579270962,-0.24977932257626639,0.020985504227149215,0.24028335449476895,0.94858275791800251,0.20604528854943219,-0.071372340069997556,-0.19442489911021965,0.97831740640699805,5.6497164509289801,11.563861453196123,-2.7079546632734797,0.5555904104906894,0.3508143632687321,0.631578947368421,1,4
0.3668897444018222,0.91922008718497972,0.14292077094811803,-0.92252736218847398,0.33974518763943817,0.18307504878988592,0.11972961816669173,-0.19901667968158274,0.97265470735620108,-19.523429536794065,8.5189682944929608,-1.0511447983245517,,0.08046730808443413,0.45,0,1
-0.68364333344592232,-0.72768663385871335,0.055713154087024638,0.72638946826901496,-0.67105877508266132,0.14845356436413942,-0.070640873598838,0.14195873797669242,0.98734876497074742,-4.602944142130224,-9.0630488053212712,0.35498772388955152,0.2780311850184483,0.2592255513167034,0.7512953367875648,1,5
0.8093404535024582,-0.58557413864371954,0.045507784785705635,0.5692717046016823,0.80115513536797511,0.18460816724461776,-0.14456056400115139,-0.12350456358041134,0.98175804866091221,-2.5576410478429779,15.439346440633059,-2.7675867002582222,,0.07077264211409748,0.25,0,1
-0.9667477395250198,-0.25349184765596477,0.033774121679639633,0.25394105121521426,-0.96717126492886585,0.0096791943678586484,0.030211763122628823,0.0179339752387488,0.99938262037177694,1.0999821047306613,-4.2611281895434461,-0.62762640566012418,,0.1352342261961734,0.2368421052631579,0,5
0.958923700301193,0.26470638539296326,0.10196012226777476,-0.28239439581435544,0.924802776829178,0.25493769666662902,-0.026809368014049574,-0.27325876655879305,0.96156690057710192,-4.1433127758555921,10.128663873138791,-2.0848965041468124,,0.08085352969211045,0.4375,0,5
-0.75081296643880779,-0.66051115458123222,0.0022145205183112986,0.65778361332657098,-0.74739954371549133,0.093352236678701447,-0.060005062006455036,0.071546745052754088,0.99563068243498731,19.375289522137528,-9.4182864670585555,-0.80595945962606907,0.4619485721997505,0.2788774634347129,0.3636363636363636,1,5
0.96082720343420602,0.25067957338331609,0.1181982936812581,-0.275194156628221,0.91349133051024967,0.29966942660254031,-0.032852112542185959,-0.32045801686175951,0.94669287423669934,9.0474267193709768,1.7262770008758743,-1.7282536264211881,0.2168605071315632,0.1454269837092155,0.1764705882352941,1,4
0.99602908794276945,0.019175448021727621,0.086938818516590882,-0.044992046266381154,0.9510678141248573,0.30568894109622163,-0.076822989688364249,-0.30838663253930354,0.94815395011907744,-5.4260859928525109,12.434827609260317,-2.2625296220563218,,0.2374347821299191,0.1428571428571428,0,3
-0.50705011245544307,0.85038231177907775,0.1405350748823713,-0.8457785209148716,-0.52230203209434889,0.10890032520229043,0.16600866549061111,-0.063643625630417144,0.98406839797782397,-2.5918680218067034,-2.5908486743910948,-0.64774489930507761,0.3298574291275405,0.1124197962517469,0.288659793814433,1,5
0.38907252643748597,-0.90984715129171734,-0.14422458340344843,0.90969910782218499,0.35480478025521606,0.21578021488442251,-0.14515544219584581,-0.21515512820844926,0.96573193403062629,-6.542691269468949,-18.059936503040731,1.8016471451008755,,0.3257260568242064,0.1944444444444444,0,3
-0.25680665290282823,-0.96640162375610872,-0.010874034504466524,0.95883738732147339,-0.25617490727793879,0.12249604710222819,-0.12116603360421682,0.021031369016244184,0.992409428521276,-14.14325752859577,13.764352407271659,-2.0089869166730621,,0.1104971734275712,0.4482758620689655,0,3
0.10343998721698376,-0.98205188939187293,-0.15771574298846763,0.97538450832765955,0.069108157852774965,0.20940182289704848,-0.19474401135583394,-0.17549401431402173,0.96502674625162077,-5.5456804252736864,14.636196422175907,-2.5518413395076744,,0.303613596254119,0.2631578947368421,0,2
-0.97452041772711351,0.20810802401946807,0.083672013072988341,-0.20165433574285221,-0.97623143299047066,0.079421144020233259,0.098211426570857061,0.060524702230462142,0.99332334922261478,9.312579875552446,-0.83541257659768353,-1.4595181742714245,,0.08670265655992233,0.1842105263157895,0,5
0.011284813354519451,0.99714360028128379,0.074681278816263783,-0.98796514170604088,-0.00040356429417692607,0.15467616464608328,0.1542644863904698,-0.075527991856922383,0.98513856420543444,7.81101290036408,4.0063390278502666,-1.9699251406497675,,0.09885898851538724,0.4444444444444444,0,1
-0.92094027553590618,-0.38969370421982957,0.0027974608625955227,0.38970137924026688,-0.92088594364599219,0.010095237167319608,-0.0013579079804464484,0.010387284854995725,0.99994512869419916,10.589919342523055,1.6856633010497688,-1.788346952837548,0.6271454395742802,0.3689893734185181,0.3,1,5
-0.99276320091900183,-0.10514783128518118,0.058010003250147352,0.10846686866262957,-0.99244256220500959,0.057382045331973539,0.051537998637732223,0.063258946402701702,0.99666551078907051,-1.1394673982487347,11.482177882905809,-2.3894332529791384,,0.08702739645312672,0.3333333333333333,0,4
0.2969876351537149,0.90816299812046641,0.29502256423984013,-0.94571355409077384,0.23703507483136171,0.22235162897691554,0.1320008264171143,-0.34504252222666304,0.92925854296888899,-16.723969217439453,3.8476584039197523,-0.54874468633643947,,0.3215654655727714,0.3617021276595745,0,2
-0.18228190872139116,0.96194012516641092,0.20357922621848648,-0.96952820339732082,-0.21030922998209425,0.12563873049940791,0.16367152644870966,-0.17447413383986127,0.97096364919124611,6.4376135585963885,8.147618499408452,-2.3623646152614985,0.5893094038986785,0.368742680301258,0.2307692307692308,1,3
0.97999987916974896,0.18750854350543625,0.066639199723188214,-0.19850850640992071,0.94462136212142833,0.26131371013928606,-0.013950258426980689,-0.26931585236730171,0.96295086165052768,-2.0463635533538365,-9.7147468393026273,0.29299602497901778,0.5596445153308113,0.2740565308400763,0.4623655913978494,1,5
-0.94084812207154345,-0.33339290916334896,0.060448153934166075,0.33864865518553999,-0.93107621449855016,0.13569882510941048,0.011040812265174177,0.14814267080975752,0.98890436825300587,-4.0494132579253312,5.4446848708533295,-1.5166630269719223,0.3692494813448807,0.3424943017472174,0.9217491369390104,1,5
-0.45711533220659939,0.87923251513408607,0.13414826645409789,-0.87163163073462679,-0.47285868104939244,0.12908511943335602,0.1769290065663206,-0.057921084996901545,0.98251782403589849,0.8627722294262925,2.7782946662470551,-1.4834632451139755,,0.06672034787563684,0.2631578947368421,0,5
-0.61254377907081115,-0.79039920437278632,-0.0076952224474899104,0.78585404471844866,-0.61001044412201155,0.1015907400392429,-0.084991406161471064,0.056181454136870028,0.9947965144137586,-10.287348782181194,16.014655953265375,-2.4552295564310684,0.7819780968545044,0.5921209088946376,0.6906474820143885,1,5
-0.9439554994606808,-0.32957810902816703,0.018063363124143819,0.32989579487802562,-0.94382733472897351,0.018940082898395112,0.010806459167212547,0.023837622948191084,0.99965743541097496,11.834530580463309,1.2640495233353488,-1.7871679990593738,,0.1892148523480457,0.2666666666666667,0,5
-0.44927925763021226,-0.8908840657831234,-0.066885947679452828,0.88831641494594682,-0.45344203031593144,0.07269299884134385,-0.095089934277120439,-0.026756428698520959,0.99510903820761043,-13.474966128843844,-18.598129537489811,2.3280386888210236,,0.2017956439002295,0.5,0,3
0.87715904822704083,0.45624371364513872,0.14977876308985283,-0.4799666387401027,0.82327226379837914,0.30307557697185211,0.014967625394876583,-0.33773429411237754,0.94112247702966589,-5.0544654843157026,3.1106430432277845,-1.1875864986489337,,0.1640409050946022,0.3095238095238095,0,6
-0.23981072086494171,0.95540078699643438,0.17233732725335851,-0.95644360044905907,-0.26294357199419588,0.1267924173875298,0.16645256777315706,-0.13442475275605792,0.97684365613346524,4.0342044080783248,8.6227010095988721,-2.3213293286273524,,0.1699074118392253,0.2222222222222222,0,1
0.78291210619775264,0.59483761474136254,0.18225489309701737,-0.6208093171241621,0.7278766004519216,0.29118970841426522,0.040551519587188889,-0.34112148364381839,0.93914413571922506,-18.615822219421229,7.2740230705036062,-0.93276935074311285,0.2590503340397191,0.4573893507796286,0.7333333333333333,1,3
0.65552663801889144,0.73966584165798621,0.15224739581363378,-0.75272194571749806,0.62375642956065314,0.21056492826919315,0.060782392869266393,-0.25263087552025359,0.96565166672613234,-12.925473412600175,5.8638900189326275,-1.0779250623129839,0.2443235392984968,0.3126612206641391,0.562111801242236,1,6
-0.95795404877152535,-0.28353754360072092,0.0439374761577336,0.28556601982728397,-0.95705104281387776,0.050053469099275237,0.02785836969826579,0.060495973566331331,0.99777960914222763,-5.4368304819614597,-18.084884389052423,1.7724585411883302,,0.3601677656504228,0.7314814814814815,0,6
-0.88710208443300653,0.44726643990112908,0.11402904688185712,-0.43614167722322039,-0.89311391132829276,0.11012710284391487,0.15109708529131602,0.047961162726186501,0.98735474763958109,-14.63768144445099,3.9686962885667811,-0.7164755475194311,0.3801956571113154,0.3153379556761328,0.7755102040816326,1,5
-0.8474394202086325,-0.52908319231299672,0.043788179778859085,0.53030563470402592,-0.83974311788777889,0.11665088838612571,-0.024947201799348721,0.12207567969092206,0.99220721905778464,-6.8339089491495679,3.5319878802239715,-1.1373424133940817,,0.07479305126458831,0.1875,0,5
0.64084255135245061,-0.7675567290921077,0.013322612413030979,0.74945894748922948,0.6293019273967595,0.20564622584200457,-0.16622909012690615,-0.12180210096771518,0.97853571104760029,-10.124199808205388,-3.7829386484297802,0.029408855368507947,,0.0694256495939623,0.25,0,3
0.89942237547614889,-0.4369876249586408,-0.0090114441599920374,0.4153882917956519,0.84818798747623947,0.3286787260229927,-0.1359851371729012,-0.29936424892430524,0.944398797613622,-5.631426308291962,-17.08679071667499,1.6118837505748704,,0.2551052979746163,0.1875,0,2
0.808590176588033,-0.58837018116554962,-0.0015672397877114358,0.57417158888809028,0.78848993232136289,0.22047814663040519,-0.12848701428183215,-0.1791763280767604,0.97539065538781422,-11.153888011030963,-6.0560901519243098,0.4510506810622435,0.4619759735520212,0.1302527199562015,0.2826086956521739,1,2
-0.16523198031136538,0.94767454195161016,0.27315079208962884,-0.97254232707630583,-0.20258410746168162,0.11454737643856659,0.16388964191610594,-0.24672381713316791,0.95512697759609488,-17.081398138739697,15.531052632657412,-2.0955875542709665,,0.2066760253127197,0.2380952380952381,0,1
0.79007035327679198,-0.61294347445806807,0.0094410800419343441,0.59880341494615119,0.77495818961078455,0.20217387220905697,-0.13123759797372869,-0.15407823166965626,0.97930413631498536,4.3235698365115622,-8.499867813491921,-0.28188050687500843,0.2881907265615178,0.2605984595190234,0.1538461538461539,1,5
-0.89647266198092235,-0.44307948929596552,-0.0041632302441036509,0.44225076222006571,-0.89529803394186092,0.053438691372533917,-0.027404919934380285,0.046065134158759895,0.99856245361936458,7.7960539460929654,6.5149842400617262,-2.2516635551732209,0.9473157163911259,0.807032844787069,0.6956521739130435,1,2
-0.72225117465455857,-0.69103723132419248,-0.028649356605436927,0.68830800455017105,-0.72221985096209262,0.068048348609311859,-0.067715076476900699,0.029428418239643817,0.99727059347884139,-14.321323261658655,7.2584978531402253,-1.1981717105104244,,0.1013261081629773,0.2962962962962963,0,4
0.10701867805197196,0.98979934381377077,0.09404393406189053,-0.98307406321722779,0.091193993932244713,0.15889947042157115,0.1487023496034223,-0.10945736364683074,0.98280552336965787,-7.7921167346142095,-11.936318376659388,0.94543220870221412,,0.07585898816297368,0.3103448275862069,0,5
0.033819473087819421,0.93619490772014313,0.34985045090571953,-0.98755054962971422,-0.022503512555413063,0.15568398713007597,0.15362341997921916,-0.35076015549309669,0.92377873874231753,1.5496619362144493,3.250377525257504,-1.5907587102250595,0.3611045810059068,0.1089150112483498,0.1111111111111111,1,4
0.34539469450523358,-0.9338401496598574,-0.09297892175590336,0.92300023569463485,0.3201262583122772,0.21351754880250048,-0.1696262654051057,-0.15956739523547783,0.97250458943003482,-16.214839462025488,11.441879878418103,-1.6105752325216645,0.2260829969862105,0.2012380993464007,0.5444444444444444,1,5
-0.61672683699050013,-0.78717723910459736,5.2643676948551147e-05,0.78302764827285609,-0.6134689119253729,0.10258458042697716,-0.080719951535993942,0.063307885265284608,0.9947242839537318,2.3130589099119874,1.6336359493695747,-1.4391892901479004,,0.06567952488927489,0.1475409836065574,0,5
0.63167182357984764,0.73027768992202302,0.26016380012881168,-0.77148792049006687,0.55920273097023165,0.30347766674558996,0.076138661882269892,-0.39241152031711424,0.9166330252010283,-7.6927389017908991,11.50860800644349,-2.0312663821385066,,0.0775022661354503,0.25,0,4
-0.064012427309129261,0.97393779229677324,0.21759500427647779,-0.98547731075223499,-0.096055574038987776,0.14002784254776712,0.15727962087484557,-0.20547141755516149,0.96594234684340063,-14.553039424080598,8.8874349062490872,-1.3862051255565788,,0.3679524457883277,0.8333333333333334,0,4
-0.26895439061665116,-0.96029283500437357,-0.074170120717773416,0.94939621095803117,-0.27729453137007304,0.14749433036827203,-0.16220471752251628,-0.030747583832144165,0.98627796066926587,6.5673102758871611,-8.3283609222608952,-0.39251556903838569,,0.08943495102587193,0.12,0,5
0.94318938818551801,0.3147937075970661,0.10629534172071152,-0.33225170800837012,0.89206231550281845,0.30632275100826678,0.0016064058486839248,-0.32423717695083137,0.94597445660187174,-11.422524881332096,10.678892507195929,-1.7899084957007685,,0.2742802880495497,0.2051282051282051,0,5
-0.88599900052464442,0.4324524897354492,0.16730396047596646,-0.44042097242423822,-0.89771221689988423,-0.011922360403232898,0.14503495481510889,-0.084247372364410447,0.98583327298862933,-14.516191207234741,5.3176899049715898,-0.89629151275132612,0.5568156701786722,0.4883378722359806,0.1530612244897959,1,5
0.54305307672733183,0.83004402200113658,0.1269656543997412,-0.83449832942067348,0.51668361761010229,0.19144340544255214,0.093305380611637984,-0.20991655683512267,0.97325697794333998,-5.4946827268091694,-1.7534278738982869,-0.52046725387667647,0.8275228338559839,0.8688559525937409,0.6024573919936583,1,4
0.99617453196091621,-0.048696799515425909,0.072559793201230474,0.034907737736620023,0.98296539345595879,0.18044524131737208,-0.080110871413075171,-0.17722205558261558,0.98090498586586439,9.3593785828390068,-3.9058067609327018,-1.0853345817829172,0.3231588076253666,0.3113982416782498,0.7868852459016393,1,5
0.90915122460474318,-0.41361450302796482,0.04865278701806762,0.39609803329171972,0.89485378556138162,0.20577427071647317,-0.12864835335956543,-0.16780865696201203,0.97738930617562936,-6.4947862247908343,16.119975917367032,-2.6843146945180489,,0.3007560098558884,0.5740740740740741,0,4
-0.874156682741146,0.47742960957793207,0.088944150551115764,-0.46723197034365505,-0.87674154641906199,0.11409884605681885,0.13245519962531466,0.058182718061080864,0.98947985902252866,4.4841108460592896,-12.579341231014876,0.28242586099597755,0.1806399996560394,0.1706719869651638,0.4827586206896552,1,5
-0.72460322327189675,-0.68867779287744169,0.025943523689616162,0.68686885995308267,-0.71860450712522084,0.10871398974405762,-0.056225777457770278,0.096594305923144455,0.99373447258938119,-13.429502065287023,1.9598344425017824,-0.4828920892043842,,0.08000071560288373,0.1447368421052632,0,2
-0.97657515207838586,0.20129097806138949,0.076045476487211286,-0.19031712924293501,-0.97291214548634297,0.1312301317605403,0.10040100925690816,0.11368332910435902,0.98843094752438043,1.4923907324428867,-13.250237819432815,0.58622229289868311,,0.07519988364922056,0.1333333333333333,0,2
0.78583204197275514,-0.61842130148993923,-0.0048057957114378607,0.60071209568842598,0.76143548476355738,0.2436410897950213,-0.14701353646025087,-0.19434787471535717,0.96985355785864635,10.736531126061539,-16.052232204891311,0.51807723473857847,0.5247268241625067,0.4465693957528057,0.7666666666666667,1,5
0.42291958209713304,0.89198509258787673,0.15969227182234969,-0.89932924252913748,0.39155045224336932,0.19466678422365849,0.11111228829771215,-0.2259443248878133,0.96778263129704711,5.0500832935757565,10.612910388775569,-2.5979188230850054,0.4946258867388813,0.1633127781428437,0.3333333333333333,1,4
0.98067586488599168,-0.19045178016891709,0.044754524470765368,0.17165568245492954,0.94738240772834581,0.27018678762621878,-0.093857203831385322,-0.2572832931951346,0.96176719237641983,-22.513435071414836,7.8201441602424193,-0.73440024509226476,,0.3417351716927396,0.4444444444444444,0,1
0.41886055615710527,0.89269993919599766,0.16626079831163468,-0.90141858712842604,0.38668371357549858,0.19473119019523491,0.10954617873368055,-0.23143578853522917,0.96666287324481659,-8.8223731223847466,8.1016788167288709,-1.5683894293941456,,0.06847487674201831,0.2333333333333333,0,6
0.98145163073767949,0.17079244828029874,0.087078333314159165,-0.18823486777561318,0.94460797784923645,0.26885572848104611,-0.036336360244908571,-0.28026007170840095,0.95923613418706999,11.192225150923592,-4.033382676756724,-1.1419270120102731,,0.07704608615167563,0.2941176470588235,0,5
0.98603195714888647,0.14749509016609835,0.077370393937431309,-0.16174850957479217,0.95878834397119495,0.23358581103164028,-0.039729071616035748,-0.242837620318332,0.96925305830142205,-1.5426511891784573,13.910652666387779,-2.6299868854074657,,0.158991450164546,0.2857142857142857,0,5
0.6923685488444743,0.69952904631839519,0.17687539661545615,-0.71856991830270889,0.64624287329794994,0.25695801451219469,0.065445130311096972,-0.30500698691749295,0.95009877004976573,-11.897577903738743,8.0431688861084556,-1.4201620452537989,0.7580668726233346,0.6578121324746175,0.7520325203252033,1,4
-0.49900256093551598,0.84125041577697912,0.20807254055943536,-0.84544951521655398,-0.52530579857361959,0.09627530942576433,0.19029335616329743,-0.12787320258753579,0.97336369495688357,-7.7042477793397355,15.696500073936534,-2.5909608668697661,,0.2826815010598313,0.1379310344827586,0,3
0.99719835387680378,0.017503825452440069,0.072725917800485068,-0.032941206646608767,0.97564669197455878,0.21686034525418613,-0.067158915491971852,-0.2186484587954598,0.97348987233371442,8.1507675803868871,-0.35177067202030993,-1.467793689278208,,0.08659281070954809,0.2592592592592592,0,5
-0.65246970374100854,0.72697502804210923,0.21398736949477867,-0.74489549189786908,-0.66716447464262296,-0.0047191021459802888,0.1393341015342332,-0.16247729803885569,0.97682502822749195,-5.5475151014893651,11.770865383015479,-2.2088817652688859,,0.3075031030698553,0.2045454545454546,0,3
-0.95779393796584877,-0.28213284764616692,0.05506204386813298,0.28685181659136422,-0.95049308498788265,0.11949447982417992,0.018622774071166567,0.13024573570478928,0.99130683474725023,6.6046884034347855,-3.7064227601427331,-0.98395898679638538,,0.07756127665648847,0.3947368421052632,0,3
-0.97469569094455721,-0.22023908824025978,-0.038249889741182527,0.22306578649948736,-0.96939255124249624,-0.10256576665208661,-0.014490167268830264,-0.10850265253284938,0.99399054796605513,-10.511692857846894,-21.763186761528125,2.7159688621347819,,0.2743668323506458,0.3076923076923077,0,5
-0.83010673273150093,0.53233916481163313,0.16594524965025889,-0.53940673697123664,-0.84204026057668035,0.0029277428165640058,0.14129113342271912,-0.087081646605987356,0.98613062138872576,-4.2807367917895354,12.001263745700273,-2.2955615010442765,,0.1035304911303014,0.3333333333333333,0,1
-0.95956052539552095,0.26544246536480209,0.093722439595482487,-0.25603627158911557,-0.96134013071768876,0.10134387353186454,0.1170001099718186,0.073249236533589626,0.9904269400686907,-19.292533919046196,15.35205422511997,-1.9565682252406276,,0.1747836234717081,0.4444444444444444,0,4
0.0274893617392581,0.98140127498456975,0.18998913771537346,-0.99367583463911902,0.0061279994768160704,0.1121195044435332,0.10886997127500089,-0.19186970860736488,0.97536318583054327,2.5018443625849396,-4.702878600113384,-0.65590921722601081,0.482032121172027,0.4542263014517654,0.8155737704918032,1,5
-0.98376397799870552,0.16713475965714325,0.065378954614704166,-0.16103386446147863,-0.98287893051496789,0.089538273639571453,0.079224554834752353,0.077556302542743955,0.99383524280794833,2.7461859526758801,12.220041098647489,-2.6867974694622516,0.8141021694701986,0.3681645646786754,0.3333333333333333,1,3
-0.025374351520572588,0.99202110182583514,0.12349200709829945,-0.98727577602083261,-0.044265861377505614,0.15273203854781048,0.15697988523174811,-0.118045190705778,0.9805216206610966,7.6071461753862,7.9336147870398062,-2.4274952224707929,0.3335950764171326,0.1751568468127853,0.2,1,5
0.84535406481071074,-0.53033287305451049,-0.064214864834855501,0.5159017258304992,0.77927095773925759,0.35578390029518492,-0.13864311880912994,-0.33389192590101713,0.93235951618728541,-20.266452826886486,4.67064501272759,-0.419268150723699,,0.6776284058902035,0.2830188679245283,0,1
-0.69360217835962346,0.70729467424746051,0.13656596192303477,-0.69632742808634618,-0.706863804070755,0.12438518958973811,0.18451051750358069,-0.0088207865748876693,0.98279095572495023,1.3833528364948815,8.954068005134884,-2.2493938942677376,0.2332508306469916,0.1220206345808875,0.1951219512195122,1,4
-0.063176347870582308,0.99418202183257354,0.087240223146390877,-0.98461651251078819,-0.076359486143528749,0.15716091170195365,0.16290817155940393,-0.075969311835721851,0.9837121485975352,1.0332734514595836,4.0074845768524545,-1.6513095607343846,0.1329514635238805,0.1030544736926891,0.3679245283018868,1,5
-0.09952641250407876,0.95238014034620166,0.28821270181624226,-0.98194267860677076,-0.14083874064480811,0.12630528517898781,0.16088215918686846,-0.27043764051576602,0.94919988066141114,-10.597368180055332,3.8998666171955043,-0.9092849573718691,,0.09471327730706573,0.3222222222222222,0,5
-0.99106136078449292,0.11798082159768959,0.062272826297873424,-0.1131405678995458,-0.99064883398168346,0.076250243449448349,0.070686569129921967,0.068523087101107841,0.99514219862227538,-0.77175957985832777,-11.035986221759174,0.40362549375076884,,0.1265303304450366,0.28,0,5
0.18277095809423971,0.97338689327113803,0.13824880789821181,-0.97335836290562505,0.15934975594573253,0.16486707567527675,0.13844953679588662,-0.16469854670882353,0.97657878047447211,1.038794130448172,7.7341357093224978,-2.0723755715372252,0.1075129214165394,0.0964281665747164,0.225,1,7
-0.99684998067100117,0.046508894784697649,0.064242032518689776,-0.037958784466986258,-0.99099164135441353,0.12843168397041235,0.069636532926441383,0.12558857221735145,0.98963541964220014,10.658442684595126,-7.4113463252460843,-0.71644763465467232,0.4134402315476859,0.4451540159962715,0.9038461538461539,1,5
-0.95048653399368876,-0.3074464039868563,0.045299639868498068,0.31044264062089777,-0.94600192215026857,0.093304502422557903,0.014167412642715798,0.10274761293357494,0.99460656163905514,12.836386753863385,1.1378062005852123,-1.8187474164129607,,0.1162180980306887,0.3157894736842105,1,5
-0.74558198831640454,-0.66631813416876517,0.011297910249870178,0.66440615659408409,-0.74191389271419528,0.090156723973026723,-0.051690983527458691,0.074725630646563596,0.99586350588142303,-5.3904381287452328,9.6284311953372566,-1.960404529398629,,0.3340889877955641,0.7547169811320755,0,5
-0.22992575763344583,0.9668425591471328,0.11112880723966137,-0.95853871247250044,-0.24473015014129751,0.14598181497494639,0.16833800126010595,-0.072956284401289651,0.98302578699549459,1.47528727457617,-10.211164696683843,0.11776456673333525,,0.1189112701479754,0.4210526315789473,0,5
-0.67069710101493851,0.72238647032405756,0.16829493807868171,-0.72313460775775107,-0.68731645783333062,0.068355145047660729,0.16505071267098784,-0.075854296412220884,0.98336381261596462,-18.520953237525958,4.0850274021253128,-0.47407201923310682,,0.1089508903241602,0.2727272727272727,0,2
0.29638332968056585,0.91648296225076686,0.26873016539183164,-0.9418747036186601,0.23387105867895741,0.24119778314828122,0.15820545050889576,-0.32459714696288355,0.93252760152868097,-9.1720100116910839,18.845517952887306,-2.8860911319626168,,0.2904243366342574,0.2727272727272727,0,4
-0.93434725252600703,0.34605501576807024,0.085094875044636906,-0.33527208229590955,-0.93454826877740649,0.11921478162592283,0.12078014129014096,0.082858067723743184,0.98921519301061123,3.2901421628703984,-5.739147609783374,-0.5672251349224231,,0.07032849547649082,0.125,0,5
-0.96220087475088312,0.27091843483500988,0.027797091487889419,-0.26967446153816133,-0.96205210784319017,0.041610414424507067,0.03801527880655757,0.032541411478683807,0.99874716275754027,-22.932773293041443,11.101364470129491,-1.1369022819084622,,0.3758066057347801,0.8148148148148148,0,2
-0.73801744553010584,-0.67287767352374794,0.050654580903267771,0.67245113257383038,-0.72715977064075776,0.138015007379099,-0.056033243645087077,0.13592021348919647,0.98913395006523841,14.207566139584554,0.62683124922849953,-1.8066278091665426,,0.07757073727011904,0.3333333333333333,0,2
-0.55816700610106174,0.82224189623463073,0.11121086896817006,-0.81317677522691223,-0.56873465948899227,0.12363017159050843,0.16490338241447963,-0.021427813057284674,0.98607693578941646,-3.8824377815689859,-2.0513535262702063,-0.60391726725028627,,0.2146477647675401,0.3481481481481482,0,5
-0.36544003051900392,-0.90620035046173109,-0.21273107181910589,0.92307852766875109,-0.38224560929886009,0.042594904960965838,-0.11991503596780498,-0.18080160119528621,0.97618193240505169,-17.483097789282269,14.511207088886326,-1.9421472663280652,,0.3632278997772969,0.1875,0,1
0.24622050901283477,0.96196803688157184,0.11829182964040652,-0.9592530701188865,0.22441532864314453,0.17167209364797514,0.13859656708934129,-0.15574099103384381,0.97802644918368409,1.8291500663462699,6.4988348918164469,-1.9621697132633791,,0.07789643067558302,0.3658536585365854,0,5
0.74894367521178462,0.60583343695582426,0.26841985400964297,-0.66258275198433925,0.68971374982956668,0.29202575240703843,-0.0082138987773291358,-0.39656120582115789,0.91797153654377805,-7.5089518279702139,17.213698192401669,-2.7784645061874542,,0.4029733535900676,0.3548387096774194,0,4
0.48651224772773172,0.82943956565641774,0.27447375053837952,-0.86781602003048197,0.42246483151091263,0.26156991706790533,0.10100093162622373,-0.36544968608571871,0.92533525748805512,0.33133298888371515,1.3884100267513613,-1.2828350702020019,,0.1360093592047071,0.2247191011235955,0,5
-0.52131849252272888,0.84250607280077783,0.13568546955234201,-0.83744906397529839,-0.53565155707846313,0.10842727814675489,0.16403077333453447,-0.057104524279848898,0.98480098431411334,-5.2059314105810968,-14.640972887999025,1.1967673209433871,0.2865249566311824,0.114103855591223,0.5185185185185185,1,5
-0.34932940080794717,-0.91738060182483927,-0.19074014031308675,0.92934305720770249,-0.36519093933616392,0.054378854774724615,-0.11954267752983026,-0.15826689237571323,0.98013322514173196,15.18585164877862,-8.6555569679762492,-0.71291165847838733,,0.4463422204923927,0.1111111111111111,0,4
