axis_00,axis_01,axis_02,axis_10,axis_11,axis_12,axis_20,axis_21,axis_22,location_x,location_y,location_z,dbh,dbh_approximation,score,reconstructed,number_clusters
0.84578172127100415,0.53268892035279369,-0.029929819532255222,-0.52136400782075409,0.83710646239283992,0.16562711725205506,0.11328217561884506,-0.12448005765390903,0.98573417508653971,2.028416853383491,16.816267343279634,-2.0697408541254871,0.5060181609500437,0.3143205986936836,0.7111111111111111,1,5
-0.62707196908815999,-0.72269486175237729,-0.29067659413962021,0.77394477447369925,-0.62031200750635473,-0.12736757596928067,-0.088262288939003161,-0.30483626775721417,0.94830618378828457,-14.723149006452562,8.0218312595183701,-3.7010321572195632,0.7008002497104101,0.2979279775223797,0.2888888888888889,1,2
0.52171697709318943,-0.8427652737419995,-0.13250694014773645,0.85311182063770685,0.51476081911156191,0.08497953045180591,-0.0034084161952672538,-0.15737850069868201,0.98753247552517154,-21.608219959422044,6.7378886743601196,-4.8171975613654565,,0.1011695834964839,0.2222222222222222,0,1
0.97166074810228908,-0.21288449442908794,-0.10274036513937444,0.22953626631345159,0.95357429863686605,0.19495937891286449,0.056466742815400352,-0.21301701577780424,0.97541542839189233,-22.86276051925876,6.2981548693045513,-5.0574639377791799,,0.5384225401033838,0.3478260869565217,0,4
0.20401322601520394,-0.97122927702748285,-0.12285070229975123,0.97835097577623009,0.19781766407795892,0.060807400671611472,-0.034755888832936156,-0.13259661844637133,0.99056053069361683,-13.479253894508471,10.448979712322881,-3.6305271626053988,,0.07191009619058017,0.1666666666666667,0,4
-0.30180388947811049,-0.93362071160256244,-0.19304605451189474,0.95295707827724085,-0.30138309285450127,-0.032265125178111254,-0.028057427843419521,-0.1937023443538563,0.98065905519432739,3.5363498992915834,11.912208048518208,-1.5551332306191119,0.5256406432145051,0.3110219636147296,0.3333333333333333,1,4
0.6687770219785798,-0.72777800292901695,-0.15190942474419569,0.7434612371517465,0.65511629519160186,0.13449174185511514,0.0016382082453443886,-0.20288375545390583,0.97920145937731473,-4.2302942935129018,8.8873082841783475,-2.3213632573585405,,0.2160844698831851,0.3636363636363636,0,5
0.91502327755680157,-0.39087264859905962,-0.099754569350802541,0.39912408365134366,0.91311878489124576,0.083150769859391613,0.058586409504963105,-0.11589934105028532,0.99153163104634534,-17.299003438320465,9.9434223660065246,-4.2554545728023285,0.7331422354067046,0.4964518139550257,0.7987012987012987,1,5
0.14871127849717852,-0.98146188175484617,-0.12090297891272467,0.98622841424609531,0.13825123039079404,0.090775063916603116,-0.072377279455409324,-0.13273722898142673,0.98850511251129369,-11.390738285807263,-5.8501715695920149,-2.4396803950693204,0.4763974947070195,0.3983202731277062,0.9360000000000001,1,3
0.34224925211245122,0.93955934867885049,0.0096788294046129923,-0.93068249448265383,0.33756320678836038,0.14100062370892208,0.12921123748348776,-0.057265275105724989,0.98996219340692648,4.576463977185008,-5.7204973591150248,-0.24541954574984792,,0.6129857006043533,0.5405405405405406,0,3
0.65864285169022363,-0.74050514477708784,-0.13357291819839084,0.75235301085394357,0.65102653706899227,0.10064489600054953,0.012431451096936285,-0.16678302848497484,0.98591525012700976,-2.2266301525171093,9.5776384304202704,-2.0533372870831696,,0.09001997548478065,0.2857142857142857,0,5
0.34814041558168773,0.9367996399470272,-0.03470858155744945,-0.93437118403317998,0.34975649686094457,0.067977079607715138,0.07582045559770384,0.0087651297012868012,0.99708296094872506,9.5637279255030254,11.921736670541426,-0.86361957880511786,,0.07442277688883676,0.3809523809523809,0,5
0.96538183541131106,-0.20888100631384185,-0.15622623678245193,0.24741873955477242,0.92294757094753987,0.29487581894615378,0.082594667957548357,-0.32332105790275079,0.94267789532884982,1.5877790170382773,-5.4281381298902351,-0.60430393637345459,0.5139580287927268,0.489418838461992,0.3275862068965517,1,3
-0.16463980781769871,0.97969775673290982,0.11439422683971143,-0.98410648301175163,-0.17098061679834262,0.047958927985297134,0.066544449625734123,-0.10468015156543475,0.99227712968315729,-8.4932520000953478,25.471230248284517,-3.829077648348389,,0.4430874491630619,0.6086956521739131,0,2
0.91663575197042813,0.39464812527701215,-0.063496105588832327,-0.38908622851252839,0.91731587154114058,0.084519220302926898,0.091601337280112896,-0.052767878809535589,0.9943966743580942,5.9893700689153277,8.4889907089842751,-0.93274467377973369,,0.07318995930952073,0.1818181818181818,0,5
0.24985696974006311,0.96782095462880513,-0.029901412235874055,-0.96573217580663562,0.2513199063896604,0.064804855250758742,0.070234316997409424,0.012684811140843832,0.99744986655080914,-22.839584626547492,7.4119045549668581,-5.0968073783024765,,0.09563678469419018,0.52,0,4
0.30164759961955612,-0.91556620424853652,-0.2659835545323917,0.9522544864303939,0.27553027210320086,0.13150841124400295,-0.047118135754140901,-0.29295322970170851,0.95496507082216953,-19.509621423790367,13.3983455174615,-4.9019661025637147,,0.2878418610667043,0.25,0,4
-0.25671048788390788,-0.95916150204131378,-0.11878105241264886,0.96409564353489852,-0.2627762477736203,0.038317538060873714,-0.06796554662059047,-0.10467978127540814,0.992180844334689,-10.561114417166023,20.154737445118972,-3.8811758772140115,0.2054795998627185,0.1784950934279051,0.6206896551724138,1,5
-0.59095754815238277,0.80563769265062868,-0.041437717870282775,-0.80670198883173749,-0.59011081399850851,0.031640613409649423,0.0010380253587274073,0.052126148741209313,0.99863996871783867,-2.9985834626168533,20.612449241498503,-2.852848009485502,0.2462597797958953,0.1989567925714862,0.7666666666666667,1,5
0.99517143840179301,-0.047125861678849336,-0.086098556029317944,0.064852504835682279,0.97414830348853265,0.21640063638296569,0.073674695831373802,-0.22093943960153592,0.97250079857176219,-17.305409001334599,15.268903559765265,-4.7083613316757278,,0.200423410607325,0.2,0,2
-0.28304632727990231,0.94219206538551625,0.17932899525155807,-0.95872366582741864,-0.28322434370917154,-0.025157577644624094,0.027087066947062803,-0.17904771167229136,0.98346744112305073,4.1217903564778826,-8.125501090940773,-0.27296834076323556,,0.747087931555213,0.4615384615384616,0,1
0.80481982433199117,-0.57785285487163862,-0.13546633706910588,0.5926564702853544,0.79473904099791826,0.13095100206800375,0.031989976416504147,-0.18567696365033129,0.98208996867825993,-18.510486383742947,5.5309434686902526,-4.2734738309414544,0.959599798399746,0.8063597109715539,0.5886524822695035,1,5
0.029968890918892339,0.99909007408904393,0.030346160116886008,-0.99795642536866735,0.028193188214018002,0.057342106725505861,0.056434374653059415,-0.032002624815428968,0.99789327754146151,-1.6464580047726696,16.788930477200374,-2.5094726140394163,0.2053754312238018,0.1900863699530662,0.7383177570093458,1,5
-0.056064524849014627,-0.98909127637738403,-0.13621753208604717,0.99686376510400776,-0.063085279755694876,0.047779507121868695,-0.055851614803130001,-0.13311158654416522,0.98952610003555708,-4.3328816597737374,18.676884930107867,-2.9566182090060469,0.7606808938492993,0.7929305357389829,0.9888475836431226,1,5
0.17236792273981655,-0.96785962234392342,-0.18313123886065599,0.98456435198908931,0.16355035777757809,0.062324291116148817,-0.030369985226617106,-0.19104719811372309,0.98111091732292466,-22.936468952015304,10.827672806763818,-5.3299213887646566,,0.3109490866643069,0.5888888888888889,0,3
0.89076163178702916,0.45279562439452359,-0.038985097989913051,-0.44472255150266565,0.8861137772800316,0.13047691711361839,0.093624609591007352,-0.098886279350012068,0.99068457958890399,-17.613676630255121,14.122221274910169,-4.6398365819832401,,0.199562385505041,0.375,0,5
0.90586689256911779,0.42243934768195363,-0.030824835396411586,-0.41377478541063711,0.89814208435217002,0.1487656656420451,0.09052955266404282,-0.12200735160466733,0.98839192947376064,-18.630184908563436,22.187733504756544,-5.3353882230755847,,0.2096991134965681,0.4375,0,1
-0.99409287626583687,0.074093955629560129,-0.079305983990365508,-0.068412298250443482,-0.99504761591665902,-0.072111022088618498,-0.084256221168574286,-0.066259548728750298,0.99423868431913998,18.741423333579029,8.2062563860726652,0.27420758171804821,,0.3727343893574484,0.5238095238095238,0,5
0.18559309949890018,-0.94007210204703007,-0.28604133332662002,0.98231854563297771,0.17021040344440069,0.077965976328183709,-0.024606428507686354,-0.29545365374652854,0.95504013641517893,0.49124105844975535,-12.371342126315147,-0.51502235911151539,,0.4646024773353958,0.2,0,3
-0.69835515279594096,-0.69584347335033692,-0.16763633603457614,0.71563701359563159,-0.68300980862335559,-0.14615493866514817,-0.012796301625234187,-0.22203482141327874,0.97495476446073637,7.9987127435590599,-6.3751641188272687,0.12906005270409451,,0.7054265365292194,0.4,0,2
0.038694508687391035,-0.97888711835707887,-0.20070561654327665,0.99803640154657147,0.027959243936841759,0.056050172760227612,-0.049255214804247924,-0.20248034520183827,0.97804684633279826,-6.2811091625921716,18.850470615280276,-3.2123240035122347,,0.07952463500035385,0.4285714285714285,0,2
0.98220525890341592,0.18407732979827948,-0.037260784167947779,-0.17475112755541855,0.96842910484315314,0.17778389215786694,0.068810412007085001,-0.16810890977882667,0.98336388059171198,-20.90706623907889,12.164352991024076,-5.0567417449662262,,0.3738608215352401,0.4193548387096774,0,2
-0.51882420795777695,-0.83237339861010684,-0.19487423257898223,0.84968529658951863,-0.52718826808248298,-0.010364687924630994,-0.094108118653858319,-0.1709592211097534,0.98077347370377987,-0.47028024984920375,2.0903889088169643,-1.3535246207394267,,0.1260347930086535,0.225609756097561,0,4
-0.44247192842972061,0.87920063149107897,0.17670552378851359,-0.89667532416343432,-0.43678956431460875,-0.072029435248756962,0.013854803790916579,-0.19031848594275588,0.9816246320872215,-19.716097849704422,4.9417308254850161,-4.4859260107442473,,0.1259548560431252,0.2894736842105263,0,3
0.20463255584742412,-0.96807864573145852,-0.14473856696159798,0.97828953568025057,0.1973162775721298,0.063370900132464908,-0.032788739925033138,-0.15456397472834463,0.98743854302447864,4.4125283029093092,10.328076671158559,-1.3170134707038517,,0.1063569689139585,0.1538461538461539,0,5
0.89931521402308601,-0.40524843224536877,-0.1643345794082334,0.43294947129243494,0.87798798713062853,0.20418582164760515,0.06153780248116883,-0.2547759851653551,0.9650400490388007,-1.1684594998904501,23.492808283346985,-2.8254874233299865,,0.6129246508827381,0.3043478260869565,0,4
-0.74533837952478832,-0.63872709413294437,-0.19104554228729748,0.65089439871332144,-0.75916727897558156,-0.0012346078062697322,-0.14424694704216953,-0.12527067395562472,0.98158039737747271,9.0171897959951721,7.6587090352709559,-0.55225601632964672,,0.5570137954132052,0.574468085106383,1,5
-0.11551650246786481,0.99203732263390432,0.050178562742947484,-0.99328851666189355,-0.11566296915632235,1.5282690628572109e-05,0.0058189625543399355,-0.049840024752198377,0.99874026233425328,13.424011935162291,9.1129184484653045,-0.2475002826061021,,0.1905470040987271,0.15,0,4
-0.99500437954677257,-0.053484548679268579,-0.084295241474930158,0.054692006251352801,-0.99843020979226393,-0.012078933163879986,-0.083516879341506936,-0.016628867272019527,0.99636760868582286,0.099145105183118615,15.689573169061953,-2.2103002835848113,,0.0768431824249599,0.2173913043478261,0,4
-0.67425102955233962,-0.72632574093715951,-0.13355323732390789,0.73573702478260306,-0.67628594403130038,-0.036446567324454095,-0.063848097165485188,-0.12283419702093874,0.99037123369500568,1.8231806003294808,11.875842966524539,-1.742413739852239,,0.1402008468812835,0.1724137931034483,0,5
-0.30431889598312561,-0.93258458677564382,-0.19410306039862643,0.94979619959434791,-0.31260603229306422,0.012831516282975932,-0.072644261877619701,-0.18045347622722296,0.98089721894486281,-10.992964228856669,12.271188300682901,-3.409021229848654,,0.1483420891762138,0.2857142857142857,0,5
-0.026658679704661212,-0.99427874817943329,-0.10343638487081845,0.99848767003042882,-0.031461654627653504,0.04508366761141544,-0.04808001241275453,-0.10207808387127004,0.99361379680415074,-16.044776037874904,14.306772571709393,-4.4075915189048329,,0.09556483344473429,0.4358974358974359,0,5
0.88534168307339611,-0.45055423445153009,-0.11476491637500923,0.46158299200475333,0.88136290365668224,0.10070041484424198,0.055778541615095496,-0.1421278082419424,0.98827548812041055,-21.703962083171831,8.9568134214094624,-5.0536996035971429,0.2535640562026461,0.1906556923886519,0.6060606060606061,1,5
-0.49811064989005505,-0.82959722123446877,-0.25229790127179669,0.86089564028409638,-0.50792426250698097,-0.029523551557584213,-0.1036555691023921,-0.23190815871112819,0.96719911544483517,-18.201371987320485,4.1236280137374415,-4.0655549134684081,,0.278716530592595,0.25,0,3
-0.55098249980832459,-0.82743747955551528,-0.10846890029766976,0.83059188947675677,-0.55633035329498981,0.024771982926339014,-0.080841808740283849,-0.076444459769744066,0.99379114834562277,-4.8746602733543574,-8.6978150946152972,-1.3113786239133531,0.6561040408580765,0.5439129250325614,0.9608695652173913,1,5
0.53623411152142286,0.84240080259348282,-0.053045880430879974,-0.839892178970154,0.53877019344980048,0.065633881150150022,0.083869573419671814,0.0093576941562286877,0.9964328016552253,-14.799745727626394,22.335768497742997,-4.6840483929387702,,0.06025115979090957,0.5333333333333333,0,1
0.46810767497509381,-0.84281642083889974,-0.26558555192954153,0.88362485916428635,0.44335627615861806,0.15047365436400617,-0.0090726454966085449,-0.30511586840915123,0.95227201678334683,-6.7753866681053836,-14.177756182973125,-1.3976986709673136,,0.261914380244773,0.3571428571428572,0,1
-0.80893137264287662,-0.57181698730928043,-0.13658465279324131,0.58548134586083267,-0.80462211416563456,-0.098968919588994952,-0.05330692265644342,-0.16002683031342962,0.98567225058674424,-8.9922328906996736,16.04604301837831,-3.4815237129665797,0.5973307611825991,0.2561705880638189,0.1764705882352941,1,5
-0.96412602664476743,0.25954500734102953,-0.05565423533316264,-0.2481516189672309,-0.95572053070087581,-0.15817408511124348,-0.094243189409719902,-0.13868906359616678,0.98584155161400189,-10.997614771136337,11.164534279381368,-3.3433603095252482,,0.1219592845140982,0.2666666666666667,0,5
0.80472352820738458,-0.58479380220753685,-0.10215797594465995,0.59292209906215076,0.80026487530497936,0.089551738100593567,0.02938413846262275,-0.13263611217446189,0.99072914267929535,-1.2409216068360729,10.796579610049969,-2.0203693619667007,0.268714604394266,0.149792605787477,0.1578947368421053,1,5
0.66800767273739037,-0.73540316928864058,-0.11378896152175573,0.74411426510877166,0.66170414824835377,0.091878074928429906,0.0077272003733115519,-0.14604724848878353,0.98924743698593787,-7.9143253073733693,17.926054984397087,-3.39461893104074,0.2175985333053263,0.1950820908022201,0.7833333333333333,1,5
0.68354234734610264,-0.72235077775329959,-0.10478174108013012,0.72977510536883938,0.67910524528421801,0.079021271891575318,0.014076752767594795,-0.13048149181652435,0.99135080840480228,-5.3939016656872081,15.92998770283819,-2.9522762826920537,0.2318518056697054,0.2014325661072449,0.7835051546391752,1,5
-0.2279373403654808,0.97345607570713433,0.020684233995430158,-0.9734488943173456,-0.22829139383823005,0.016741853294548442,0.021019491417468512,-0.016318951199904286,0.99964587370342672,-28.952270128821173,10.362947374327312,-6.4916939756678822,,0.2893584359351964,0.3125,0,3
-0.99165271662371224,0.10591656923860053,-0.073529381702403765,-0.10694438203729373,-0.99421295308401603,0.010173645886448529,-0.07202630605184758,0.017952277869012167,0.99724115787297962,1.8157128776887341,2.3263059527575907,-1.0188757383623737,0.4995075866102286,0.4323693971096446,0.9687150837988827,1,5
-0.099692448110586057,-0.98879915620634118,-0.11107494981023866,0.99331475961592308,-0.10542914991945666,0.047015770507595714,-0.058199691742141353,-0.10564526980840015,0.99269928621321757,-14.61038687551582,23.785736155805196,-4.7189250279252395,,0.1152899101478758,0.6666666666666666,0,1
0.031309819613745918,-0.99190715631654858,-0.12304425400551031,0.99824988867538766,0.0248535290386049,0.053660617345522708,-0.050168266417428463,-0.1245090171125974,0.99094936788027899,5.5717667073085542,5.6600503498847479,-0.83380643725730541,0.1754968736572276,0.1716382475496689,0.3023255813953488,1,5
0.84118608138129569,0.54070904728422087,0.0063010059014934599,-0.53511751068758417,0.83069741228903704,0.15359381163256844,0.077815334259409633,-0.1325727551244521,0.98811398044598509,12.879465368837383,20.86935493704264,-1.0526024715793225,,0.3562786515769022,0.3529411764705883,0,5
-0.67314594463412925,-0.73198891523225396,-0.10519869390697857,0.73378823687285011,-0.67880628571407253,0.02787202723339156,-0.091811549652861882,-0.058431622022438921,0.99406055393932979,-12.979402480720568,7.0630287958315279,-3.4369508259218087,,0.09012754442034994,0.1666666666666667,0,5
0.056493190939126352,-0.99300834861658804,-0.10364814979184193,0.99742582883202668,0.051541041514370813,0.049852151592062792,-0.044161469136109036,-0.10619764883165071,0.99336389305549533,-7.3743767245900864,8.6686755479509578,-2.7284947848409167,,0.07859931436585811,0.2164948453608248,0,5
0.02585693270640425,-0.94322418583059076,-0.33114884009344764,0.99847217091172347,0.0081858290033300155,0.054647196802382669,-0.048833829932195406,-0.33205591015331659,0.94199476091239809,-13.679284466833556,26.639438405105171,-4.685315102368091,,0.3295393664551939,0.1875,0,1
0.80949964546737163,-0.56434381845579795,-0.16194560370361799,0.58686256604939135,0.78592764076439925,0.19470508994997857,0.017396912315800307,-0.25265351383512341,0.96740040799487037,-23.429156894852575,13.078310537183006,-5.5700848197842223,0.4797625927293047,0.2751465116948296,0.2857142857142857,1,4
0.045866491801934792,0.99845325941117979,-0.031422184853603922,-0.99768587074566539,0.047366338469570231,0.048778410126298168,0.050191316422726916,0.029112175308229828,0.99831523728959315,-17.346092057214438,3.111006507438983,-3.8257565646017078,0.1883010680514062,0.1836119239313043,0.7365269461077845,1,5
0.23980542592224227,-0.92956997014928389,-0.27998755024984778,0.96910538456977691,0.21207215700543547,0.12593710263828448,-0.057689785024004445,-0.30153784309721549,0.95170731734297531,-28.105489474779244,6.8200199704516224,-5.9373020972843413,,0.2232825192594864,0.5714285714285714,0,2
0.37795230967607729,-0.89274123725087728,-0.24528582291337503,0.9254891901131943,0.35717836900469396,0.12606891646544058,-0.024936130296061371,-0.2746574157508217,0.96121875417562364,4.2223592411078714,4.8768517496791146,-0.96164035669580705,,0.3418140976923372,0.1111111111111111,0,3
0.005353278131894435,-0.99437450085023127,-0.1057860788199282,0.99869932852665333,-4.7641349594923797e-05,0.050986752502131513,-0.050704966360844629,-0.10592143215211587,0.99308089126575716,-4.0543351889269639,4.0849109770794634,-1.9740130296519718,,0.09347117487104398,0.276978417266187,0,5
-0.32194674479202695,-0.94210564430179822,-0.093740324794145874,0.94391872701330026,-0.32706612942927643,0.045223708093686962,-0.073264795853183906,-0.073923622441316117,0.99456903618288139,7.3807820166407563,8.5081144829761346,-0.75469460828080348,0.3322247263807583,0.2695622719511667,0.7129629629629629,1,5
-0.75522790231050285,0.65474461831441733,-0.030664317373574543,-0.65506204242836841,-0.75557498302634574,0.00040693281220388188,-0.022902754010247023,0.020394357382547485,0.99952965641130465,0.026109694080544425,9.1192553970736032,-1.7243936461296003,,0.1462617792582498,0.3,1,5
-0.56553329070788438,0.82443083945658435,0.022042868552502339,-0.8246500591438668,-0.56564099241771704,-0.0015961361836672621,0.011152446149982856,-0.019080321003888814,0.99975575231916536,-20.283657902049416,9.6207838972670192,-4.8434575773234316,,0.4209760471700028,0.4117647058823529,0,5
-0.74844205419478338,-0.65411519149069364,-0.10939747608509205,0.65661102065692845,-0.75404985972837391,0.01645529080534807,-0.093254807192777053,-0.059515756776796901,0.99386186949229782,-8.6932953199968566,7.0861621129452912,-2.8766672214736486,,0.08376224530079021,0.2307692307692308,0,5
0.99559062330533143,-0.031290683616433612,-0.088431916779621172,0.04270475637935383,0.99055660593576833,0.13028397529854052,0.083520144690258008,-0.13348596763640339,0.98752512974358841,-10.959575194291743,15.842240221221045,-3.7557823724354797,,0.08092416673687183,0.2333333333333333,0,5
-0.298943418930534,0.92756979726448863,0.2241586569393158,-0.95392675495597601,-0.29678151239050099,-0.04409625927862252,0.025623786942679371,-0.22701322672021013,0.97355452668907749,19.333397744011254,-0.93957000399532931,0.86140091876444935,,0.4293757674218463,0.2272727272727273,0,1
0.76623551407934365,0.64255931881711081,0.00081164330500924455,-0.63640066592009359,0.75871579482827367,0.13908463284835593,0.088754320345690418,-0.10708811549089421,0.99028016547873132,20.327241548263821,0.10533641044045555,0.86907440638426869,,0.3322480735467515,0.4411764705882353,0,2
-0.1013607949714307,-0.9597613037240299,-0.26188590858751865,0.99313892276658577,-0.11304901757979594,0.029916545760979824,-0.058318687646288815,-0.25705672428122472,0.96463504558616431,-15.809529198421428,15.495527488799144,-4.5195471251178585,,0.1684204597096818,0.3333333333333333,0,1
0.94063563218556423,0.33649712418888461,-0.044433015601842596,-0.32759338814465289,0.9343058128624947,0.14055326426397607,0.088809793979999774,-0.11765344646019797,0.98907557195052931,4.5830792983291628,11.356607484274431,-1.3790475114423015,,0.8706494625637592,0.8409090909090909,0,1
0.86611377821033486,0.4998295831238499,0.0041606524076583645,-0.48585314862762902,0.83988101567935303,0.24196404168809379,0.11744633311788891,-0.21158985641012382,0.97027629647513558,-16.271582125232811,10.385291460118779,-4.1007283120063915,,0.5328291723743431,0.3294117647058823,0,3
-0.94208536954095168,-0.32011414490090534,-0.10001045310992043,0.321691381706605,-0.94684450348610394,0.00037570447090079517,-0.094814616133720706,-0.031818555160727166,0.9949863155415255,-11.138591334799418,22.610581845902587,-4.0947597813103718,0.2451327080209739,0.195066059727266,0.3333333333333333,1,4
0.82029563584480958,-0.55890991673904944,-0.12138688061198144,0.57096686902450211,0.81261812115647925,0.11682732404908407,0.033345228898834706,-0.16514083122856518,0.98570614362030939,-8.035991223291802,11.652989293627916,-2.9563538906001829,,0.108850693821549,0.2142857142857143,0,4
0.69262291340901327,-0.68573339327649574,-0.22370340445847312,0.72121382783175902,0.66318210164462899,0.20010026137532363,0.011140662685414348,-0.29993201463617369,0.95389552479881878,4.3329632585325788,16.333142783160159,-1.7403306926917557,,0.2495835365789859,0.2083333333333333,0,5
0.97495305295343582,0.21301890133682125,-0.063949137680110998,-0.20537982794761292,0.97262581840804985,0.10871128569877622,0.085356141015073592,-0.092854536988375591,0.99201429634440774,-0.058379483825858655,16.783982170078879,-2.322179592355194,,0.07660422236395115,0.2962962962962963,0,4
-0.6540860711455887,0.75226611792620457,0.079165013443851989,-0.75566746276562335,-0.65451441362242135,-0.024032646085334879,0.033735696979504598,-0.075541843906111156,0.99657178997228868,12.266298615240391,-5.4109597224406372,0.4628913707866989,,0.634714736373667,0.2647058823529412,0,3
0.23346226714493551,0.9723482307428053,0.0058555948360281274,-0.97003588596352475,0.23248198733726916,0.070586864972699379,0.067273692945363867,-0.022159506651789822,0.99748844930778169,-1.9610339623899358,-9.3109140684515701,-0.96341660674037044,0.6312484941339216,0.8343738992334528,0.4747474747474748,1,1
-0.18136046771682293,-0.94658898290613325,-0.26660397257030594,0.98144862797618349,-0.19136200389645822,0.011797207652649232,-0.062184977230863775,-0.25951855599448975,0.96373396106048526,-3.3927534601983353,13.345112544802186,-2.4884620008714871,,0.2028980968300109,0.25,0,3
0.13831364021154416,0.98408094537303037,0.11159762490820829,-0.98974328245148868,0.13327657755898262,0.051435286684494125,0.035743136034532767,-0.1175672013270969,0.99242147366858702,1.7898513778995864,-3.0690965297475703,-0.6895174182963264,,0.2135674254760549,0.3333333333333333,0,3
-0.96482445082843105,-0.24492078964362721,-0.095538400049181571,0.24844567319644151,-0.96827646510656695,-0.02674760906505121,-0.08595653874826728,-0.049542849343491492,0.99506631915935351,-0.71854264381773936,6.5857421538548051,-1.7474921436877118,0.7126785665125541,0.873934350235234,0.5942720763723151,1,2
0.91133871771793917,-0.39432439028086802,-0.11819482568134645,0.40763818733390145,0.90446687753791666,0.12558174892850532,0.057383358348507892,-0.16262823453027073,0.98501736406939244,-25.603962719274541,8.0855654626638014,-5.6389643973368813,,0.1724046221820766,0.3333333333333333,0,2
-0.99627110224719795,0.050894107062757321,-0.069668362212965268,-0.051009418034938366,-0.99869816455422467,-0.00012404740503837473,-0.069583978751500242,0.0034301577669821489,0.99757019999537044,6.4130975909823,10.381512232290001,-1.0927404253406481,,0.213999335736697,0.25,0,5
-0.51310762836414914,-0.84621918008762353,-0.14364421661294866,0.8534463623664017,-0.52081289775409578,0.019576314682216316,-0.091377613659329268,-0.1125478777445903,0.98943575179852594,-21.847207408050881,3.2421026833728126,-4.6711540535949139,0.3069599390174112,0.2678320560947249,0.8032786885245902,1,5
0.96229655356645138,-0.25732263484989881,-0.08814989840060701,0.26354179668493033,0.96224532261990348,0.068041608565633224,0.067313181429869542,-0.088707388023916325,0.99378062715861293,2.2507360297183991,7.9965554585400858,-1.4000242952655344,0.2888264398449288,0.1336707444477968,0.3098591549295774,1,5
-0.99670469273974793,-0.020542625657846619,-0.078471370586002176,0.024407720374690498,-0.9985192037166909,-0.048617517368697773,-0.077356439012373282,-0.050372614981419164,0.99573017479800119,-19.386249083370082,3.1650322588711814,-4.2629469635607133,0.1234998541498792,0.1347737080314617,0.2368421052631579,1,5
-0.069746640859700157,-0.98362166283616492,-0.16620418312487154,0.99610316247749986,-0.077686668194731121,0.041752500369737579,-0.053980513068247089,-0.16264441577939151,0.98520703317864577,-27.045709734530888,9.6385228716556881,-6.0816554387102881,0.2034629310225699,0.1306987768815346,0.5625,1,5
0.65854558797058727,-0.73119147730258738,-0.17797958333621922,0.75244364430203681,0.64358112869679029,0.14011385704075036,0.012094243008318642,-0.22619096866459057,0.97400789266855048,-19.746181012536223,17.392295939865967,-5.234453524739898,,0.2403670345835158,0.6949152542372882,0,5
-0.91423543185514711,0.39889617473501726,-0.071101455135620911,-0.40200814486211717,-0.91492162181741843,0.036164587589286874,-0.050626342996024719,0.061646311428623028,0.99681327523367858,-7.1295956698907004,10.377491302433993,-2.7484430060205707,0.5085299439742562,0.4636241786516616,0.9677966101694915,1,5
-0.98203935436327894,0.17794499230871644,-0.062723888543417802,-0.17799451322817236,-0.98401956483449948,-0.0048424460337907699,-0.06258322253145987,0.0064090354325008793,0.99801917041828636,-20.555780876921421,5.5317863160240295,-4.6129691615138899,,0.07886005386396,0.2222222222222222,0,5
-0.038611377699864981,-0.98811287836607675,-0.14880222148619407,0.99786270253608644,-0.045983967947021025,0.046427379629116937,-0.052718008303587922,-0.146691561785112,0.98777649157162506,-9.5106864025690356,8.9390135960927815,-3.0297143126770751,,0.08760356257924526,0.3103448275862069,0,5
0.2116613704156951,-0.96257618896221553,-0.1692529016493553,0.97675387793810298,0.20232535645685173,0.070825927932391702,-0.033931198131311867,-0.18030954100541752,0.98302448759722572,-3.2732006069482731,5.9087605172319835,-2.0616739031844533,,0.06739523442276264,0.1604938271604938,0,3
-0.7530444495545362,-0.64133508744453049,-0.14701483805256746,0.65118176982628295,-0.75844583558387535,-0.026874097778105868,-0.094267489841493246,-0.11597077260238373,0.98876914406801286,-4.2051349750511662,14.943598027165255,-2.7016935301786336,,0.1204479537917015,0.1714285714285714,1,5
-0.95155933846810048,0.30031500319237608,-0.06592210730638029,-0.30072671870738948,-0.9537026989196189,-0.0038213517138653633,-0.064017700908712324,0.016188296111624503,0.99781745476783712,-0.19184329616483636,12.793276789857636,-2.0355365058121517,0.1564589120728498,0.1427294364269223,0.5161290322580645,1,5
0.84026824152040636,0.54210879396992584,-0.0082059608015994327,-0.53732315794044705,0.83467918725032952,0.1208076086678108,0.072340211729784734,-0.097101544125735767,0.99264202202772389,-16.426885776290188,20.242199887019641,-4.8185120618449293,,0.571316469861484,0.6981132075471698,0,5
-0.33321140994185872,0.9425335244813926,0.024509416827856699,-0.94275151704629878,-0.3334430277702401,0.0059434281619590032,0.013774374448956605,-0.021125871818647574,0.99968193149043238,-3.2050118287636691,16.643625026567786,-2.7022889945009432,0.3717600998295784,0.4073068397283434,0.807909604519774,1,5
-0.72992372372335712,-0.67159930281821123,-0.12714453979594015,0.67721065410114667,-0.73578814823198169,-0.0012372927094651098,-0.092720480573203451,-0.087006766262426427,0.99188342818439612,-10.084817496942652,13.518655366576947,-3.4022070337845713,,0.1495321772380904,0.2,0,4
-0.88949830072957925,-0.44690887313310046,-0.095211512508173682,0.44651153669895494,-0.89438143107330914,0.026632749501285503,-0.09705782087977026,-0.018823253336306404,0.99510073085085637,-3.398117560645542,-3.674793434377071,-1.3236452625197006,0.3846246009874066,0.3594601168330155,0.9379586390927285,1,6
0.68500650954518594,0.7284801672761948,0.0090954805243771593,-0.72523021105298724,0.68065606405025503,0.10367479658844619,0.069334139186708429,-0.077614227799181021,0.9945696600974594,-18.348179088228278,8.1747679991649136,-4.3457770159313984,,0.2175928974862524,0.2941176470588235,0,3
-0.71778217894080243,-0.66610476460827617,-0.20271454353633833,0.69033677237223068,-0.71875807314281537,-0.082595235956545665,-0.090685634505604004,-0.19922669213280503,0.97574834913318498,-7.8049132052211334,5.0916039718842816,-2.6160244816857565,0.2776796387828953,0.2293522046664742,0.3709677419354839,1,2
-0.20791152620344225,0.97391295001173528,0.090919541745405133,-0.97574627449564166,-0.19999400122602287,-0.089003411628326826,-0.068498212236752579,-0.10721923928588868,0.99187299068344636,-10.330120014883015,7.6498712571092051,-3.1006230736650395,,0.2676494924902729,0.1052631578947368,0,2
-0.51737430323042288,-0.83428927348692539,-0.19048684600647042,0.85163907316419929,-0.52378207295961754,-0.019058570412007397,-0.083873234210075517,-0.17208645557040231,0.98150472866530691,1.7930693509975149,4.557590227017041,-1.2076602923266901,0.3792219221016936,0.5005061032525355,0.5467289719626168,1,4
-0.5643374127510371,0.82553829734753914,0.0031311630412711655,-0.82509093521259569,-0.56414915575063185,0.030994817241805302,0.027353851638648802,0.0149080407289061,0.99951464077428898,22.343556490221975,5.0126430568889528,0.77686494803971673,,0.1300682399221885,0.2692307692307692,0,2
-0.81742807169379716,0.57603045870435687,0.00050818481793827967,-0.57277652280467251,-0.81271623066821796,-0.10686151473862347,-0.061142477303014059,-0.087642678264032089,0.9942737844356343,-6.3747257193493603,-5.6351729014891951,-1.6236081923296508,,0.3309389733239794,0.427536231884058,0,2
0.60183933917732868,-0.77576628930655089,-0.18967359909629219,0.79661486002578885,0.59996080598056789,0.073836278842046285,0.056517029333548553,-0.19553438486029057,0.97906696897230594,15.942861501265693,8.2148003430975951,0.030978933506229819,,0.1937667562115895,0.2857142857142857,0,3
-0.99360022917543311,0.093920162729114048,-0.062750200122890135,-0.094112523607253945,-0.99556156049463029,0.00011029854766880711,-0.062461327898149045,0.0060151723526668506,0.9980292581977579,14.373459954956342,13.612608924661433,-0.48448070484826927,,0.1664811929760342,0.5,0,3
0.88550625201280675,-0.4160445469665916,-0.2068468336368581,0.46178962276984153,0.83720078834374001,0.29299348849199075,0.05127398900337253,-0.3549672871350012,0.9334715866675849,7.6872867310331845,-4.3918793539515706,0.019214795232559201,,0.7635275607901332,0.2327586206896552,0,2
0.40991132449502299,-0.85339918210474264,-0.32199773606920434,0.91200249482341289,0.37767343006774307,0.16004446149972371,-0.014971823088953921,-0.35926677581404964,0.93311479910543216,21.378354410863558,-1.6561988543671045,1.0845334900072419,,0.3383053272878039,0.1666666666666667,0,2
-0.98237281100277374,0.18647631977551296,-0.013047695792342389,-0.18177570305176677,-0.96922534806925975,-0.16601150092706907,-0.043603371229123895,-0.16071343074865585,0.98603749380764039,3.1774712794853763,-12.38810995551578,-0.24141526112299835,,0.4817330978891495,0.3846153846153846,0,2
-0.25142730847932265,-0.95127047897542683,-0.17851830264907012,0.96438670736075049,-0.26187060435277942,0.037176138069997505,-0.082113258471047557,-0.1628135817607716,0.98323402625086909,-4.764357088726638,17.510143621298251,-2.9577843399211394,,0.126172406027808,0.5263157894736842,0,2
-0.30920298976009963,-0.92450704529412064,-0.22289063310276316,0.94784574245373276,-0.31865616463099389,0.0068335389804347786,-0.077343129208404485,-0.20915298693587844,0.97481950555990238,18.575180581374191,11.982747448858893,0.033346135288407901,,0.3635619739622559,0.1333333333333333,1,4
0.96511878807509743,-0.23812463227279493,-0.10882272009741796,0.25500450986283946,0.94914352215141429,0.1846598881934573,0.059316311871758412,-0.20596901189973557,0.9767591009470955,19.588735510045971,3.6404856744381511,0.59411161745807006,,0.2991158398498815,0.2307692307692308,0,2
-0.97454852268643677,0.22330360776414715,-0.019765517681035783,-0.21490625874870742,-0.95570231591072341,-0.20111783439942085,-0.06380028903004327,-0.19175135494278819,0.97936762300848368,-16.099999401047544,16.689005913097262,-4.5769426102776514,,0.5969949661887614,0.4838709677419355,0,1
-0.74141240290138122,-0.65032825078145129,-0.16547149319305343,0.65875755709034634,-0.75233753200208853,0.0051690344714355289,-0.1278519839515998,-0.1051732103558006,0.98620102718618963,3.0078777313050642,3.8160199435654567,-0.99229884415538028,,0.1445893359033166,0.2435897435897436,1,4
-0.55251535448684075,0.83346474920916858,0.0079558080656677594,-0.83346125541629579,-0.55255790713964836,0.0047005294747330438,0.0083137702741787906,-0.0040337430692545233,0.99995730415887196,11.665175266422674,-13.332458881719324,0.79390786311961958,0.6759158623202843,0.7122562410598406,0.8157894736842105,1,4
-0.63064938166921913,-0.77024581162514572,-0.09488280705244416,0.77122319397191585,-0.6356506492280789,0.034103331445442232,-0.086580266111784709,-0.051668576619078456,0.99490412387836158,6.6247963032212347,7.6330730247563539,-0.81677990246495269,0.2827853824497105,0.2603830166353017,0.7593984962406015,1,4
-0.63458117127729652,-0.74766617151552217,-0.19570905199212943,0.77142963410165022,-0.62814374975480625,-0.10164521274397299,-0.046936730714127385,-0.2154779005264694,0.97538003757231795,11.603417118500506,-10.401672097129858,0.64568946806104011,,0.3661371416066073,0.3076923076923077,0,3
0.97907433747085526,-0.17337791026185986,-0.1065530006111312,0.19291890465060188,0.957415635612758,0.21479664083181124,0.064774516087866066,-0.23085796697850527,0.97082895566012728,7.0905310951885454,11.181235679069232,-1.0741818896186766,0.7324326904625988,0.7614003716660416,0.6666666666666666,1,3
0.7765628947818588,0.62968822009752246,-0.021043191735865975,-0.61892272691022032,0.76868148179168783,0.16144174696945857,0.11783347810378508,-0.11234556075318641,0.98665786695136415,8.2336627727955669,17.029900309135041,-1.3331426287431765,,0.2386082972790437,0.2083333333333333,0,3
-0.99429384388023256,0.093285608925260083,-0.051745020913282619,-0.07847623530642539,-0.96820449295439781,-0.23753218795575584,-0.072258096529061525,-0.23211603777068363,0.97000047035846115,-11.097854743760262,14.417357959449392,-3.6131093750349885,,0.5171775391364426,0.125,0,1
0.65537169890592728,-0.73597208012173343,-0.1698029256357089,0.75529051877051756,0.64004514658767764,0.14099093086053183,0.0049161497657987567,-0.22065200568054119,0.97534020929142107,5.7521927310181953,15.689186147541855,-1.5277275707623685,,0.1284683657620339,0.3333333333333333,0,4
0.038866579552263809,0.96273173072659446,0.26765089883294679,-0.99779703268484365,0.022980632230787029,0.062233207434574958,0.053763096629835971,-0.26948006455849394,0.96150404276129886,13.888429948234656,-5.8107836425664532,0.64421852018559289,,0.6212072671302753,0.1666666666666667,0,1
0.87462986095444917,0.4841472407769804,-0.024981104355830897,-0.47611519418219678,0.86754100835276993,0.1438294847905231,0.091306780666329759,-0.11390367893222315,0.98928712906317307,-14.60493428493306,5.4611057761873445,-3.5832686623630692,,0.6876898605662619,0.2365591397849462,0,1
0.91918737520788851,-0.35368071167482029,-0.17321813833321534,0.39055432133040663,0.87518356033588485,0.28551892723241679,0.05061512964102486,-0.3300964857537827,0.94258920996605144,-13.362853341471631,11.554835932856692,-3.7002197851465697,,0.3368202045397027,0.2352941176470588,0,1
0.75958707137223824,0.63354454815292216,0.14713526603046387,-0.64400406570957558,0.70095204038423931,0.30647185911712638,0.091028810569414365,-0.32754777145766201,0.94043937234647734,-20.243658255363417,15.778798472587633,-5.2491422564894554,,0.3666657419640816,0.1111111111111111,0,1
0.17663291454267824,0.95514981759300632,0.23767549190483331,-0.98222401656370661,0.15546126219668072,0.10520350394199285,0.063535775635597272,-0.25203297781889655,0.96563066609657833,23.877660526620932,0.57170024709093348,1.152185928415963,,0.3368023480170523,0.1111111111111111,0,1
0.11471415963056933,0.98139688641876732,0.15395068336256512,-0.99162907051018534,0.10388069268182155,0.076684993362781936,0.059265910094734996,-0.16145882761711569,0.98509826864386907,11.015859309246967,-3.2080045427987423,0.24587748610674429,,0.7739547010934822,0.4487179487179487,0,1
-0.0059675763575131229,0.99423207878574293,0.10708389956383359,-0.99871272742011719,-0.011319885389482601,0.049444395879005808,0.050371381969210628,-0.10665099018831899,0.99301978337310226,-8.6651104220519954,-7.9559377589065106,-1.8939188618594638,,0.3979584251630153,0.2,0,1
-0.40303481642533256,-0.87675115367081569,-0.26243161258867476,0.91510497180354078,-0.38985933003571399,-0.10292032532277048,-0.012075898701098054,-0.28163294786121529,0.95944622327130091,10.570393178836726,-6.7493251682633861,0.37315529297262051,,0.3311362036138087,0.2222222222222222,0,2
-0.82304194460271618,0.56745469571794083,0.024436156249288722,-0.56694612573800496,-0.81818682415121868,-0.095615957329359999,-0.03426438289604309,-0.092549927568869469,0.99511831606686407,-10.021303156188164,25.826671796075939,-4.0682245260631209,,0.3422868571384931,0.2307692307692308,0,1
-0.86974670768132756,-0.47859597052253433,-0.1203601324238395,0.48314222992510086,-0.87548434562883126,-0.010037241745470991,-0.10056962832034166,-0.06688092073565928,0.99267955166864308,2.3044536702918434,14.187953305951963,-1.8375374267074218,,0.1233137641479762,0.1428571428571428,0,2
0.60873903133715213,-0.78136525697578751,-0.13749591600431818,0.79290325831482023,0.5932273409702461,0.13923270046620628,-0.027225258133700147,-0.19377733901705904,0.98066769509504126,-14.552297452200115,10.808413892236576,-3.8211848566871036,,0.1765756345497337,0.2222222222222222,0,2
0.93207087464539051,0.359140051917265,-0.047563723010732438,-0.35108505934193879,0.92784026883321669,0.12590360057747363,0.089348563192951078,-0.10065216659550319,0.99090159734203032,0.58189447416688433,18.127846302361299,-2.2989918098640678,,0.08693671487087566,0.3,0,1
