axis_00,axis_01,axis_02,axis_10,axis_11,axis_12,axis_20,axis_21,axis_22,location_x,location_y,location_z,dbh,dbh_approximation,score,reconstructed,number_clusters
0.80936612992014101,-0.58472329357976505,-0.055001251652360549,0.58691136015239076,0.80184415931515585,0.11216505470173216,-0.021483087817282927,-0.12306345565359265,0.99216624757166194,-3.0009719925133806,11.555311823361098,-1.4027267044766893,,0.08066612747250231,0.363013698630137,0,3
0.071552689494507854,-0.9974201434688359,0.0057680177451047794,0.99743312581098464,0.071535486219934608,-0.0031358804512837792,0.0027151723756993033,0.0059775926494556996,0.999978447880296,2.942408117718319,-1.3987999181334076,-1.3064186976926482,,0.1569433883513256,0.4866666666666667,1,5
-0.23882466163641866,-0.93933132657820684,-0.24621015393983239,0.97089983141637581,-0.2263381938187691,-0.078259436328856707,0.017784778601464941,-0.25773568035427924,0.96605176917306734,21.496670167411192,1.8530513627526155,-1.7806571879619624,,0.3859412660069591,0.375,0,2
0.7582169224851969,-0.63364885220408029,-0.1536106459771911,0.65200216476806738,0.73668357997313738,0.17941705642362291,-0.0005249712681999779,-0.23619152207142197,0.97170638019247046,14.98042844623717,-4.412833862551313,-1.6039312995471329,,0.5194973194533015,0.1052631578947368,0,4
-0.66091440987014505,0.74776917645977226,0.063509066775324238,-0.75026662281005507,-0.66030011195471661,-0.033222836269418313,0.017092030985045355,-0.06960618427455581,0.99742811349367111,1.2592366009087232,16.9381309928329,-1.4669315831860257,,0.06953423681416841,0.2363636363636364,0,5
0.14938420872990768,-0.98280982186861732,-0.10848600011390867,0.98877890488580555,0.14857075882736812,0.015588677759377308,0.00079714174720845897,-0.10959737068030218,0.99397574462609406,0.33117431610958253,-14.705776530672741,-0.63362373030980479,0.2856223108588921,0.260452379227328,0.7311827956989247,1,5
0.92012360230405221,-0.38931587036021292,-0.042493641508864678,0.39159837368231404,0.91328517853678948,0.11207540494859186,-0.0048239208514325674,-0.11976366623769445,0.99279071008794428,27.407719636413912,4.7306837363044254,-1.8394433525467491,,0.4554973309396806,0.9354838709677419,0,6
-0.07295750573848539,0.99165865453059354,0.10625589513523651,-0.99731501419711954,-0.073216126366567907,-0.0014701349845334562,0.0063217729646734512,-0.10607785694689656,0.99433773108141466,3.7581475695244952,-29.14483320025947,-0.4836759191242368,0.2527110912809089,0.2384724604396616,0.3571428571428572,1,5
-0.22228883416092432,0.97163355787167149,0.080721146083379866,-0.97497895981434313,-0.22168862985720361,-0.016437132091007629,0.0019240911409352968,-0.082355209972854532,0.99660118265212205,6.4525788255395335,-1.1466771534549534,-1.4311321262303704,,0.06829728114311835,0.1111111111111111,0,4
-0.95711999018872074,-0.28596099794782093,-0.046342551006940805,0.28801269030071486,-0.92211891186896289,-0.2583513162330433,0.031145057503381954,-0.26062045204912043,0.96493884022088394,-5.3267960447129274,-5.281028083130634,-0.7487508331349918,,0.1444223167728041,0.3611111111111111,0,2
0.34294406259401461,-0.93802821644762968,-0.049924293481147616,0.93935126713645933,0.34229210953255484,0.021337963372398894,-0.0029269199922518033,-0.054214176188821225,0.99852504036680367,-10.217288712655103,-8.5197143802709405,-0.34489136086158667,0.2030422154992307,0.2006835372736497,0.7446808510638298,1,5
0.31562110589162023,-0.94885116927608959,0.0080483587860006936,0.94885316384549889,0.31566887185078568,0.0055530896660544024,-0.0078096719609578964,0.0058840383963450708,0.9999521924152236,-10.421910642633476,-6.1663927092134081,-0.43606928490556296,,0.06757471774896057,0.24,0,2
-0.83140964454076105,0.54346798256028894,0.11576076579072467,-0.55530520941024641,-0.82009137107120145,-0.1381530582231158,0.01985264129651676,-0.17914434131840856,0.98362247717665829,2.3777312555602621,14.16605498884682,-1.6405867189896028,,0.1677844383975309,0.5471698113207547,0,3
0.97347768769881793,-0.22873760812872221,0.0045053501655191938,0.22744928199331141,0.96974181872503762,0.088699656913561853,-0.024657973827750156,-0.085322398251616874,0.9960482280910411,4.135732986964511,-25.568706494237944,-0.64534039431609647,0.1939181170277132,0.1204770188487694,0.7692307692307693,1,5
0.93677811600584182,-0.34973116492734274,-0.011613511575340348,0.34830192676860561,0.92873033487168266,0.1270658604756231,-0.033653070912232859,-0.12307752584325582,0.99182629197379124,-19.344457429561508,-12.41739126266298,0.23909387559564274,0.5077351131924138,0.5260587301079556,0.6231884057971014,1,4
-0.9331054748699954,-0.35959834773473537,0.0017891545738769146,0.35855728044733648,-0.93076014632203186,-0.071569732826106999,0.027401631445058933,-0.066140595136714039,0.99743399394100796,9.6791980622657192,6.9348104549826903,-1.6991170955027921,,0.1212463663573083,0.2195121951219512,0,3
0.95462338164250093,0.29571222828478699,0.035333797761953348,-0.29781571262857276,0.9478716356259913,0.11333650641891142,2.3086181648641165e-05,-0.11871663918151826,0.99292817416390888,-2.434340392115327,9.6861060694694316,-1.4239502492875209,0.4299927618738522,0.3827272942361369,0.8516624040920716,1,2
0.64074893438135694,0.75594601210634693,0.13411349622490265,-0.76678138553642938,0.63887493570062315,0.062330757482634398,-0.038563063726705149,-0.14277409889064629,0.98900376480677499,-3.7996181660697799,-12.004602679155816,-0.58628366942584709,,0.134045638639032,0.4210526315789473,0,5
-0.57533360616652729,-0.81777472214488778,0.015354003916629435,0.81754190521461656,-0.57553697523754532,-0.019555647585113599,0.024828911242241944,0.0013015203686087731,0.99969086782427685,-4.9865023870892902,-0.23069746327247759,-1.0757050249762645,0.3878195327073743,0.34927175980534,0.9497816593886463,1,5
-0.39794338499505472,0.90883886092092059,0.12511189878920584,-0.9173549122479997,-0.39569598518585714,-0.043412582073152017,0.010051234408868593,-0.13204776479651834,0.99119239328149644,-12.41153294341512,7.7656727950677977,-0.92127017934314526,0.3576705154144749,0.1652031384241971,0.1904761904761905,1,5
0.9684257397043069,-0.24742670657421414,0.030522312363313455,0.24311686916941663,0.96439665654480877,0.10408302825367373,-0.055188536884273165,-0.093376194605648527,0.9941001517339898,-3.2429837371038071,17.075301904625722,-1.216162344402939,0.2727368234751474,0.26110459156341,0.8877551020408163,1,4
-0.73192087344284207,-0.6727407007677878,-0.10822099865151924,0.68127235879150727,-0.71955957545784222,-0.13454363795284052,0.012641525434930561,-0.17220327202871369,0.98498031703038713,-3.9290557798593242,11.407310660951525,-1.3599098631269142,0.1888481794021136,0.1188882256142053,0.2549019607843137,1,7
0.1313544141578088,0.94368209097407652,0.30366120769050148,-0.9912730253958556,0.12847046297854708,0.029548760796781811,-0.011126859566223618,-0.30489252420627316,0.95232176373288924,17.34125283318269,-3.2074281271505414,-1.6738362030680247,,0.2049946528556451,0.2727272727272727,0,3
0.1852951502363071,-0.97928099056190099,-0.081697299973783041,0.98265687220048914,0.1840435511649339,0.022659276064162345,-0.0071539371017665847,-0.084479067222017659,0.99639957265408419,-7.3298110570381541,23.83538940813208,-0.7828801095994421,,0.2039877626874597,0.2222222222222222,0,5
0.064594773472061495,0.98268801545024032,0.17364267773378977,-0.99788991975685493,0.064754359516127111,0.004751943951005754,-0.0065744420105722018,-0.17358322849320409,0.98479725806793617,16.223451448628673,-2.5202346884243432,-1.6674093230868039,0.281671192249105,0.2442715015115962,0.6056338028169014,1,5
-0.91608399655797645,-0.39870677493267109,-0.042696825094538739,0.40097763014912724,-0.91156113055964749,-0.090957382178724761,-0.0026554416496874958,-0.10044507392403741,0.99493906132689325,17.460656094374645,2.8378667101585844,-1.7430151823056625,,0.3350009489040269,0.8372093023255814,0,3
0.32987410732977829,-0.93192071165410895,-0.15068795739368623,0.94401556124301622,0.32493000950720047,0.057053563014804368,-0.0042063576186079496,-0.16107226984105621,0.98693365047698856,-0.2476018630552197,26.303064433574395,-1.145974578343782,,0.08987703971875627,0.2857142857142857,0,1
-0.58246936592610565,-0.81281468383492961,-0.0078566850493631581,0.81235835067721462,-0.58175093919485266,-0.040493886339836978,0.028343391516136976,-0.029968892008739596,0.99914889664610673,1.2217240116390511,-15.618023156884206,-0.68451370216773111,0.206415368693958,0.2065922743623962,0.6,1,5
-0.0059884476679813422,0.99518664327376971,0.097814536465784543,-0.99968398945729542,-0.0035697910588636766,-0.024883283837630086,-0.024414334258297046,-0.097932638284100676,0.99489353130947722,9.5609169859216383,15.720561757584852,-1.8544285020507216,0.2581795850426403,0.1815608742781571,0.9166666666666666,1,5
-0.43591586103473162,-0.89717894846330737,-0.071044327941252219,0.89990629936602895,-0.43345650961827153,-0.047792328159299922,0.012083644304982976,-0.084766672128974443,0.99632755499207759,-4.8250320133808087,-22.825591347408,-0.11715638680014874,0.2474473804337331,0.1814350842122215,0.25,1,5
0.69672048020520716,-0.71502781388778003,-0.057582964750771501,0.71730214433294714,0.69528658787060627,0.045323222111921357,0.0076292986559998877,-0.072882001167041979,0.99731138954085219,2.1891501250334406,12.885308669079432,-1.6730462563372024,0.2856176283092078,0.3034958760582233,0.5065502183406113,1,5
0.77996405278997394,-0.62562185312669416,-0.01591770227641303,0.6253270178139374,0.77807836808891628,0.059667192861885487,-0.024943879958163967,-0.056492034858116651,0.99809140505778471,12.08074054067033,24.819935281586307,-1.9568412056544762,,0.08849403450879297,0.4705882352941176,0,4
-0.045369034676983284,-0.99143251340810068,-0.12248764039598793,0.99892470354192997,-0.043853215866289305,-0.015044338199254794,0.009543969098210996,-0.12303847697156697,0.99235600760935139,5.3711709502558449,-10.670536337484874,-1.1595885573704552,,0.1027947894461997,0.3783783783783784,0,5
-0.60019220037856902,-0.79971352868875567,-0.015086239985869734,0.79928549088255019,-0.59894541973125925,-0.049062085642452381,0.030199779293452265,-0.041504893869583094,0.99868178971857802,13.843290433934969,-3.2972516988022966,-1.6037464443602198,0.3005494619288953,0.1264868113242182,0.5,1,6
-0.071343794641299224,-0.99299123581471438,-0.094225625820931816,0.99741863983523171,-0.070252281764626542,-0.014855093944496542,0.0081314128794689224,-0.095042214315690682,0.99544003215791643,-2.3613793111183519,-3.3025671744339413,-1.0742504650562417,,0.154805671273364,0.3611111111111111,0,3
-0.051593647705888861,-0.97035049176675459,-0.23613135887555892,0.99859258652651417,-0.047218080767455449,-0.024151583445485073,0.012285831298157131,-0.23704509270739074,0.97142096043510306,-1.5888405532668799,13.235290882840605,-1.4528328888289541,,0.128510035552621,0.5,0,2
0.19020671882534765,-0.98156081659401839,-0.018967536502694421,0.98170454731203161,0.19033690450825355,-0.0052957123314429635,0.0088082859045683134,-0.017613236769595329,0.99980607519154618,6.0128970905031975,-18.12707120241096,-1.0111170198490518,,0.09540362082987272,0.4,0,5
0.25735151832028424,-0.96498795450082464,-0.05067981537612741,0.96623234241163058,0.25627688559354039,0.026780933296072808,-0.012855212793950764,-0.055860590569643154,0.99835581729423128,8.285423412083512,22.851485236681562,-1.7291937028047322,,0.1586952977704959,0.2916666666666667,0,4
-0.76270024401956926,0.63235772172807381,0.13569100759951497,-0.64661828109760022,-0.74983931644683377,-0.14009210563387312,0.013158127635677768,-0.19458856924656986,0.98079669269206782,-11.425482847797332,4.1622385178676584,-0.96776656133202443,0.2842578073205531,0.6547175789924951,0.6448598130841121,1,5
-0.82886942396399999,0.54744677658284513,0.11522805572706611,-0.55799290940308333,-0.82381178647688424,-0.09989020731607158,0.040241658433396776,-0.14709237665772298,0.98830382052064991,10.908809651750172,21.142365623316447,-1.9144697290293904,0.4937724568544646,0.2450542552843566,0.6129032258064516,1,4
0.57497949460823339,-0.81283664955867296,-0.093247852062611353,0.81812636996446109,0.57235121060643135,0.055527781210181114,0.0082355053781743345,-0.10821586229191385,0.99409330729040857,5.4975768597880217,5.83608876573782,-1.6546573043164243,,0.5988248683180022,0.5254901960784314,0,3
0.91870790596047658,-0.39463431946564659,-0.015476996659581478,0.39297407608326362,0.90953492073792974,0.13534254129707948,-0.03933394274949055,-0.13042232116525215,0.99067797951183223,0.4275365746525121,21.465471095218156,-1.2908525488016251,,0.09418887786423792,0.3684210526315789,0,4
0.58669958555830259,-0.80751245314219866,-0.060887062057415751,0.80978686984320858,0.5845275789548493,0.050722133933031023,-0.0053685878267741701,-0.07906419835456592,0.99685507010964003,-21.376592429335929,6.2273927741736514,-0.26663497481636739,0.7448866622587516,0.6163681522864269,0.9044117647058824,1,3
0.6496123222535275,-0.75953260678834311,-0.033377387580267343,0.76000978702504773,0.6476287273569642,0.054425684452662659,-0.019721926947461992,-0.060722736493863352,0.99795981626024211,-20.684138506191744,-26.683168838925948,0.7937473613128021,0.515471752468443,0.428633435260749,0.7631578947368421,1,5
-0.639504232001885,0.72076033190011046,0.26746753300340004,-0.7684597299511402,-0.60945715922730515,-0.19501695954456622,0.022449514362295652,-0.33025219912338055,0.94362572256115973,10.045518621778562,13.057600566830253,-1.8625005102974688,,0.4070166982979617,0.2380952380952381,0,3
-0.65087787384720242,-0.75521336063861555,-0.077529176759939034,0.75888590928562782,-0.64436805735122049,-0.094244274909091208,0.02121721055820304,-0.12017731307673306,0.99252568903670479,13.914732093328094,-16.671801049168813,-1.4142809843157196,,0.1474738571558105,0.5,0,4
-0.98839765589037376,-0.14932019842594141,0.027812805907581343,0.14798182517074837,-0.98795684021859054,-0.045195810474352657,0.034226499230118564,-0.040555643347592069,0.99859090049084398,-9.5554288575819726,-2.4699257197631264,-0.57708385719221345,,0.08505866293683899,0.3442622950819672,0,4
0.845114521642922,-0.52643438860991043,-0.092996127861141226,0.53453908679845186,0.83444434853487914,0.13405444372671391,0.0070292242056420222,-0.16300142234689621,0.98660079379653653,-12.559263707691969,-4.1067462404162471,-0.46317904531601206,,0.3109628544073124,0.15,0,3
0.98605953318525696,-0.16488513635237509,0.022349246621136125,0.16262440211343851,0.9834183996056366,0.08025929948819624,-0.035212225884206708,-0.075505914517658451,0.99652343475762406,-0.86919825886996382,-22.627481007048594,-0.29397709681957401,0.1813182845300967,0.1804481609824283,0.4,1,5
-0.40908129453208658,-0.90306398954066314,-0.13087369964531906,0.91148630064431369,-0.3976514371651404,-0.1051953338235212,0.042956003092650873,-0.16232302768060791,0.98580221975957461,-6.8636794935782834,21.42036441114891,-0.8743046292115263,,0.333763479648592,0.25,0,3
-0.93409433074777926,0.33642598909195248,0.11952127479390248,-0.35589581728104891,-0.90402971744760841,-0.2367877471776178,0.028389232231824393,-0.26371921400440013,0.96418163623779352,-13.567423706121009,-4.7028566464001029,-0.44360683611937607,,0.2732222171267562,0.1388888888888889,0,1
-0.64259102930586498,-0.75994625523074744,-0.097767367850387199,0.76607363261322703,-0.63962704117443703,-0.063312223252778729,-0.014420765250273686,-0.11558086934782548,0.99319338709558358,16.07451111475774,-11.808793488339889,-1.5279169141541031,0.4311260869943538,0.4218385921838611,0.42,1,5
-0.81367031383119748,-0.58033099561256463,-0.03400817432869857,0.5806429077732993,-0.80848503808150263,-0.095946635433037677,0.028185706349310252,-0.097815534194123976,0.99480535142705673,1.046390239406928,10.287939355546554,-1.5847317268955234,,0.1198169013701083,0.3118811881188119,0,5
0.86432105833223249,-0.49590994885789791,-0.083799944792387782,0.5023168187980882,0.84288708521468825,0.19292271802682118,-0.025038404023000071,-0.20884128950484057,0.97762896546795164,6.9199376793907561,21.1023110436678,-1.6771017545810865,,0.1304796672718607,0.375,0,1
-0.6229277343662375,-0.75486712828024738,-0.20527215203061536,0.78226616836771001,-0.59956386725526389,-0.16906451700228178,0.0045474811323133321,-0.26589243637953691,0.96399197750370635,-14.383192893550039,-2.5067530255488633,-0.47940338363197438,,0.5105531695526565,0.379746835443038,0,3
0.53544538991446722,0.82749230150488429,0.16898143498471729,-0.84425085397336019,0.52991892927884987,0.080164979618345525,-0.02321055761062811,-0.18558668956072169,0.98235372991265035,2.7921596836139773,5.7423828580230074,-1.5566982402718257,0.2490019989710786,0.1858925600246884,0.3870967741935484,1,5
0.98631129893848135,-0.16327858504457776,0.023024449008118553,0.16268637168651165,0.98634539271224553,0.025610754436472247,-0.026891746945207087,-0.021514412405819493,0.9994068060630108,5.5846682413574582,-3.4238462027074275,-1.360670642383331,0.7298064571139358,0.6289736188162222,0.7545454545454545,1,5
0.88619089752798896,-0.46330128431009582,-0.0041967958199377467,0.46278456031401888,0.88469442031395085,0.05609129522772377,-0.022274287272525336,-0.051649807569621495,0.99841682352839145,18.106590253192479,4.1134384710540326,-1.8110999488713238,,0.1010422650692028,0.5,0,5
0.90551801708391289,0.42304348660941499,0.032731165175848426,-0.42350765180822192,0.90585247369958299,0.0085184947163494135,-0.026045913236143605,-0.021575549348659122,0.99942788938171978,21.383187479625359,-7.2556079412162058,-1.7089135795358106,,0.1502052833840577,0.3888888888888889,0,2
-0.8889856360865297,-0.45039085991584527,-0.082780505773361379,0.45580535484898677,-0.85285998997713985,-0.25469848053567568,0.044113686343550632,-0.26415508853788577,0.96347084640726122,-1.9159331924983514,-10.685748219620599,-0.72483490276199947,,0.5234784191022037,0.2,0,4
0.99689037096497468,0.070459580205858088,0.035285065318487671,-0.071454605686462128,0.99705694392682687,0.027779306929605681,-0.033223901088040089,-0.030214204019158093,0.99899112822486147,22.556218719069033,0.9509950723508136,-1.7605113026125403,,0.169786978382632,0.3636363636363636,0,5
0.82649383399296372,-0.54859340648089439,-0.12630604394604328,0.56246094945342273,0.79541889844512892,0.2257132170172845,-0.023358568268749665,-0.25759279951509861,0.96597118327950582,-21.617525380958128,-18.059605519908565,0.53361586655973847,,0.2323621848396245,0.4444444444444444,0,1
-0.86905680094735638,-0.49362336590300743,-0.032806239676821003,0.49370377496471957,-0.8611438353079135,-0.12119355385812917,0.031573078923868861,-0.1215206465822307,0.99208662582533791,0.76591188031422419,29.293896864878519,-1.1485382650697371,,0.1322445655646187,0.6,0,3
0.62579791827580589,-0.77538965455050157,-0.084544953117990637,0.77978131862156397,0.61946975902003321,0.090544534834954726,-0.017834253852749716,-0.12258915643611087,0.99229725290046011,-10.935390791801137,-3.3879014717365497,-0.52084415855117194,,0.1240233714412453,0.2380952380952381,0,2
0.08633878706822623,-0.99002081632655636,-0.11137502901318053,0.99625686952635806,0.086271074771800793,0.0054361364276216797,0.0042265552319710169,-0.11142748717357681,0.99376357919429403,-18.400667430529097,8.4472116836773434,-0.37599000158595575,,0.07816422498878667,0.3333333333333333,0,1
-0.94696090186506165,0.30828602819657625,0.090690546131827116,-0.32010719206463217,-0.92974176054976287,-0.18196605254366588,0.028221196420528213,-0.20134543329464219,0.97911367091057755,-14.975755671028862,-5.3630825526768007,-0.40554027999523357,,0.2677527420313693,0.358974358974359,0,4
0.70764737758270313,-0.70622007665500663,-0.022099600216284671,0.70632213764086149,0.70623596715401316,0.048371443812229672,-0.018553352224521362,-0.049839362229388028,0.99858490429897862,11.136325282226132,-10.901005115136046,-1.4375279267103336,,0.1135000349456998,0.4545454545454545,0,5
0.79585548866649669,0.60395711197700086,0.043009859937121343,-0.60468715916351046,0.79644599648044179,0.0052167262759623282,-0.031104351820500122,-0.030159270260993763,0.99906102802338836,-1.3472105604151707,-9.7774756935141252,-0.87152118429399816,0.1423831225636084,0.1736235439577695,0.5333333333333333,1,5
-0.96391270785824612,-0.26573308499331505,-0.016069199398831269,0.26250237263412551,-0.93867420767491516,-0.22356930962751928,0.044326019343478136,-0.2197195016055847,0.97455556261475185,-9.9160309890517873,10.751617116515973,-1.0271522023304047,,0.2137510718884461,0.3703703703703703,1,5
-0.39654017557324067,0.91602924034696753,0.060384766172436502,-0.91801636557551636,-0.39558372806575826,-0.027558422036006822,-0.0013570894819329273,-0.066362225090427218,0.9977946749653378,-10.952128481519797,-7.6701479413718925,-0.38290196131804699,0.2616901644228463,0.2596981815719983,0.801980198019802,1,5
-0.6416865919552639,0.76481589799557892,0.057401741071638417,-0.76680444425106309,-0.6412919424439697,-0.027487976157936831,0.015788032862183259,-0.061654575902015139,0.99797267061211947,-0.99105342700551635,27.012235498728913,-1.0962986424219132,,0.1051145614406402,0.1578947368421053,0,1
0.84126063343819013,-0.53576199466438212,-0.072385300306198982,0.5400096715578655,0.8263188563142293,0.15995843936320264,-0.025886313973650692,-0.17365550026644011,0.98446618325672874,3.8154049179295568,23.964031528298872,-1.4621614787342694,,0.2774731121413259,0.3333333333333333,0,2
0.96022688761371666,-0.27818640186432164,0.024013540377407234,0.27762665308027334,0.96038409818979331,0.024203831176555807,-0.029795399026037995,-0.016574370635404446,0.99941859320052651,-12.656525700377355,10.106818396578358,-0.84024096886509148,0.1657955882085496,0.1125165075372949,0.5757575757575758,1,2
-0.86490699585630526,0.49816179265964633,0.061406162988338099,-0.5012553914541501,-0.86360351244369882,-0.054147999344893373,0.026056113619833583,-0.077613153711437594,0.99664300394574412,-11.741209011520008,-18.010740034042829,0.054970291638074952,0.4738481439784463,0.386515537246898,0.8311688311688312,1,5
0.97939191886509547,-0.20196413174893449,0.0013995530171261547,0.19958410892459191,0.96886566818999142,0.14651109332586509,-0.030945964624250661,-0.14321245228562601,0.9892080371609473,12.7363607122424,0.20178999776221429,-1.6322595655151442,0.275178250683269,0.2058984613893493,0.67,1,5
0.58909477519447151,-0.78814905038997229,-0.1782930739203277,0.80744736869982814,0.56552026467794592,0.16797492973152045,-0.0315609350035519,-0.2429154268628699,0.96953391006902423,-8.5038030686160706,-8.4865895136756713,-0.41503002974118319,,0.105603112335319,0.1714285714285714,0,5
0.099462029447565062,-0.97745261955229368,-0.1862623988585205,0.99503416530873545,0.098414951039126675,0.01488312065105165,0.0037834595966083143,-0.18681775596105732,0.98238730218338799,-8.5213964773560473,-11.993468249690542,-0.21889948291418765,,0.2779167832649553,0.2222222222222222,0,1
0.97710202551646019,-0.21146337751648064,0.023555714825781501,0.2101535010208701,0.97646079974275701,0.048577902120271819,-0.03327367939231262,-0.042515250617370742,0.99854159438885659,-8.6813469939613643,-4.0004533560512066,-0.54896148583786353,,0.07862982766324113,0.3684210526315789,0,5
-0.95394384748639538,0.29661268958291082,0.044855860500565684,-0.29883888029359673,-0.95267443322928547,-0.055738208583797542,0.026200371518814831,-0.066575796275021817,0.99743731827249393,-5.2845389731255832,-15.494157497906041,-0.31459330998492219,,0.09053512403267991,0.375,0,4
0.70165790366185998,0.7089336296351606,0.071339294930359981,-0.71202590940179378,0.70135918104409389,0.033382682721826727,-0.026368363039676788,-0.074218649526078304,0.99689332503188754,6.3191964656330653,-11.172882413469798,-1.2112741008184775,0.4404141643133354,0.4597198588190878,0.8317757009345794,1,5
0.93868494722951845,0.33946007506144904,0.060311087570960056,-0.34313596923612993,0.93685732875061645,0.067498534670326613,-0.03358982675004725,-0.084054761944431844,0.99589483407303958,14.838186977210261,-0.95842514596130679,-1.6625686411229577,0.2747496378366263,0.4594045766595575,0.8152173913043478,1,5
-0.98709276669870849,0.15418783740734018,0.043289499035420696,-0.15627852354034807,-0.98644831158661628,-0.049967505920985873,0.034998471554325922,-0.056087782658636884,0.99781224066720053,-8.1549505654068124,6.7393922140263882,-1.1812154232921939,0.265812508504422,0.2635534997177816,0.7045045045045045,1,4
0.35353430790905549,-0.90764608385338641,-0.22625666751916648,0.935415972371475,0.34219881172872141,0.088864682994882552,-0.0032329187424186218,-0.24306081485312378,0.9700056641686905,2.8481380639217293,-12.015512858179495,-1.0381538926569069,,0.301677530757106,0.2580645161290323,0,3
0.57981466138629245,-0.81316542747111675,-0.050763628782957509,0.81472470348311699,0.57819609353714763,0.043737111847127634,-0.0062141753954456664,-0.066717801103578805,0.99775253396824637,28.751948006912311,1.2638198598149666,-1.8012550779747614,0.2535448366362333,0.1916279080936407,0.1875,1,5
0.61168712882602438,-0.78418305479099037,-0.10438291530344151,0.79109303445038959,0.60578912989257738,0.084801774439389174,-0.003266079094254267,-0.13444875113835963,0.99091516591718676,-6.5755588099212652,1.1869979643469231,-1.1114572405355962,0.7633470441086554,0.4993212395024064,0.3258426966292135,1,2
-0.22887991606805846,-0.95456411505738736,-0.19084374306061858,0.97317611900613155,-0.21968451814655487,-0.068315107281491955,0.023285734191650885,-0.20136052922910419,0.97924037490890481,-2.2705803540562899,26.705306369383173,-0.9998779997037347,,0.2001160439673068,0.1666666666666667,0,4
0.13438774472400603,0.97940118539589416,0.15070916399845066,-0.99090207639004757,0.13170335017368531,0.027700226694366715,0.0072807330597264523,-0.15306059453087273,0.98818998443010342,-16.634067673055078,4.2532570888032915,-0.62337421760985345,0.5036327645694855,0.5397218854760327,0.8986784140969163,1,5
0.97122402277069075,0.2109466704445502,0.11056852997790963,-0.2350070176676341,0.92418584903014545,0.30108506787848877,-0.038672978164110902,-0.31840543129913518,0.94716544599089492,7.3216013949173568,-10.117145439741812,-1.3227029613131034,,0.2667502572050072,0.3090909090909091,0,2
-0.24946892303201246,0.91433530165793719,0.31899249612387209,-0.96835548890877166,-0.23801305314321514,-0.075082845135893347,0.0072734820755547954,-0.32762897105649208,0.94477846809871913,7.0361344524218703,6.9455161239212186,-1.655558273828162,0.1774427495838964,0.1433251620880092,0.1304347826086956,1,4
-0.95620516558626945,-0.29175076535510541,0.023519613535204376,0.29082581739628649,-0.95609127008405648,-0.036191534988691286,0.033045805209086489,-0.02776642187546223,0.99906806603670262,13.131694354204759,-6.5414034180082394,-1.5466095546476704,,0.1057848329567837,0.4571428571428571,0,5
0.9242542458802967,0.36415557219943512,0.11465080988962016,-0.37943734795507372,0.90938870477031397,0.17040974917237192,-0.042206491788161944,-0.20100473345737996,0.97868059609796243,21.930403867250245,-1.5778978069220666,-1.7178710740449052,,0.3297890271919305,0.3636363636363636,0,5
-0.87262376521980445,-0.48839301043063288,-0.00017814633158989696,0.48741446632744478,-0.87085218158677347,-0.063589431828645071,0.030901494920858724,-0.055576480529640399,0.99797612818323211,12.323200020521471,-28.923173546981044,-1.0725225870001773,0.1854557984212535,0.1979813317682096,0.55,1,4
-0.17449465722570406,-0.98461030015862971,0.0097041960623392657,0.98453916631340632,-0.17461829103230445,-0.013823256919387152,0.015305051276815741,0.007142076623066043,0.99985736290079086,-9.1115609044926948,-1.607289148224412,-0.62273550718230952,,0.07798754327009126,0.3823529411764706,0,3
-0.60080040727499873,-0.79924592446431131,0.015646815822573011,0.79900571317086766,-0.60100368638430335,-0.019607123011614064,0.025074707147045565,0.00072192774429944448,0.99968531942898076,9.1688259126508367,-2.2893116200026573,-1.48338936103605,,0.07394606242230248,0.2307692307692308,0,5
0.87115553312327842,0.48719295849223643,0.061082389477480271,-0.48994224995841007,0.8707023841299677,0.04282464215941123,-0.032320718036382395,-0.067233767304628128,0.99721361388603202,-17.303402088991362,-5.2269392041157579,-0.23107134709699392,,0.07530379694138593,0.3529411764705883,0,1
-0.49430215781797482,0.83589160460058309,0.23864325285822971,-0.86909869078414237,-0.48096768316286448,-0.11548832594785033,0.01824397034048857,-0.26449066734236432,0.96421566282393845,-4.1348707704629541,18.423384164517955,-1.1208885267358892,,0.6659900101004816,0.2875,0,3
0.43124409096309474,-0.89965483364975729,-0.06818881359901828,0.90207174493401132,0.42849375426868114,0.051571984104157788,-0.017178504042043387,-0.083751315472407148,0.99633860517171524,22.744063545193161,-16.932741781981829,-1.6641280784610832,,0.2309514764992288,0.2941176470588235,0,2
0.80637852702835922,-0.59138466201466589,0.0042252433507344077,0.59076705494434767,0.80582566651652321,0.040488047317484441,-0.027348819717784419,-0.03015255738739106,0.99917108912490249,-5.7756288449085567,15.079551796470575,-1.1891090769138735,0.5971596368153219,0.5749769120585573,0.9058441558441559,1,5
-0.99449144889457097,0.091115284654650644,0.051814698473293903,-0.10074572255479385,-0.96734719489087084,-0.23257193279429825,0.02893194536302237,-0.2365109076534633,0.97119798861943984,17.237500626707842,3.3290949956181275,-1.752724120982686,0.3045108419630354,0.3368620045611932,0.35,1,3
0.99760726745324901,-0.056086894568705963,0.04042276811525989,0.052242106279940186,0.99451633379204596,0.090598146516708097,-0.045282471839517086,-0.088269598834855481,0.99506681969887656,16.280739317111479,-3.8375945987593867,-1.645723478173144,0.3828728861240046,0.3627628456492418,0.7068965517241379,1,5
0.94395143988730801,0.31453365926996824,0.10012120814753249,-0.32763445288354226,0.92969146136940262,0.16831355245649948,-0.040141554757879061,-0.19168297744731669,0.98063565697895771,6.6374088907994135,17.385162566147461,-1.7438310041752845,,0.1450440959841238,0.2777777777777778,0,4
0.84776247747939826,0.51112769347143183,0.14158835667019526,-0.52749520920035065,0.84034455891489679,0.12477911112363932,-0.055204945871459084,-0.18047022820593206,0.98202999479783082,10.698801076029856,-23.457785353226807,-1.1213797633100893,0.4510844434722917,0.5017994335987687,0.5172413793103449,1,7
-0.27294636747161777,-0.9591239190606099,-0.074710028576249227,0.96170022002339417,-0.269998076890963,-0.047262302971134491,0.025158841209448245,-0.084748724834047204,0.99608467830200031,25.936957310482057,14.174662260677147,-2.1539256540091967,,0.3034965358440378,0.3157894736842105,0,5
0.70186458235113192,0.7091367886645239,0.067164894131075931,-0.71199396180092367,0.70123738631721388,0.036479122659796796,-0.021229846916480492,-0.07342440325647831,0.99707479689656864,16.613564518893693,7.1916776890712715,-1.9363641322370648,,0.0811383755346026,0.3157894736842105,0,5
0.93399614202038284,0.33943548191593181,0.11151125641629252,-0.3559572985733741,0.91090956953776092,0.20865799221903092,-0.030750744436302397,-0.23457900532876017,0.97161056086046271,20.866613510485728,12.041467930698072,-2.1104660762648608,,0.391005293040062,0.375,0,5
0.85311090120621391,-0.51979457515217709,-0.044893093962082437,0.52163379692559286,0.84814168132560663,0.092487135879332272,-0.0099986073085301681,-0.10231953889917722,0.99470133196419763,-26.028414589292584,6.7902579881040985,0.01228277623802052,,0.3382867796549008,0.4878048780487805,0,2
0.32284721047745585,0.94054060955433616,0.10560795645254964,-0.94626088689084997,0.32300355050780288,0.016094728947571826,-0.018973998721085936,-0.10512881687963418,0.9942775866095046,-8.0319334418019039,18.788814202694478,-0.93185362129221394,0.3703134970559961,0.3781368174667553,0.8043478260869565,1,5
0.67111570433453061,0.73447819472758935,0.1007248373802051,-0.74085278328408488,0.66943262659307889,0.054745885260141881,-0.02721883347595868,-0.11136309946473925,0.99340696352593338,-7.5591631693621046,-6.8856429043642589,-0.51839723527984782,,0.07639606383288355,0.2830188679245283,0,5
-0.48518986378610107,-0.86735952534830141,-0.11080726450370246,0.87400631799816375,-0.47721224074574087,-0.091550168660256309,0.026528327849998989,-0.14126546311819396,0.98961624721479013,4.3992331439449233,28.590965478475081,-1.401957411581654,,0.2698200992139856,0.3404255319148936,0,3
0.79178699317424583,0.60646221069440454,0.072642580073576088,-0.61034179949817413,0.79017332646465233,0.055758424736719631,-0.023584851609043889,-0.088485598508716221,0.99579819925080071,-6.363151286264177,-1.48988687129194,-0.94677030088067604,,0.08436682900523311,0.3789473684210526,0,5
0.69397280144478468,-0.70573919450565048,-0.14259712547381043,0.71990210093359774,0.67684662178197486,0.15368674521155185,-0.011946377119026732,-0.20931039133507945,0.97777627510227838,-9.3864023382101536,-6.1232790507568975,-0.47701654346068612,0.3765299936779107,0.4009113655796844,0.1388888888888889,1,3
-0.0096877209369662307,0.99092236253105492,0.13408586614151685,-0.9999300198630594,-0.0086894865381544929,-0.008027963649966571,-0.0067899513775448077,-0.13415425546577545,0.99093719896909427,-32.755503167361987,0.48292734773642276,0.51933509831650737,,0.6106061824107365,0.6153846153846154,0,1
0.58304127549751972,-0.80815171688341825,-0.083388689668377008,0.81226515222691953,0.57769070220236129,0.080614980411350234,-0.016976264135696344,-0.11473558771072877,0.99325100119187848,-10.460609745241053,0.52214523832500392,-0.6571409972527309,0.1381903706942221,0.1540081344982545,0.2988505747126437,1,5
0.92865240937057414,0.36462603007409455,0.068209682323209883,-0.36939162222995742,0.925823477043347,0.080004492259421411,-0.033978404855849846,-0.099492449702341668,0.99445800336448553,6.7965205592867868,-17.718628643555828,-1.0592030162161581,0.4623165703814683,0.3627265717819044,0.367816091954023,1,6
-0.053424948929962295,-0.99744409905231357,-0.047445169380562063,0.99853247973187043,-0.052940504226339405,-0.011410080314508539,0.0088691460893084665,-0.047985125590960596,0.99880867335524648,23.54720877343447,17.473884324500276,-2.3637035641502586,,0.2404025560541311,0.3809523809523809,0,1
-0.96710247421155704,0.23243720544416735,0.10337190091698149,-0.24994724604669852,-0.94382163289982168,-0.21616451943828527,0.047319959505007621,-0.23489076353832972,0.97086927577137017,11.967421043150335,20.736176379560057,-1.9707990197968586,,0.2898274656333157,0.2727272727272727,0,2
-0.60822894070344791,0.78859524731307429,0.090416213181013214,-0.79372893745706963,-0.60527934925720817,-0.060260129489101956,0.0072062149589284591,-0.1084179195428665,0.9940792851618846,3.8705157464709208,13.544294365148447,-1.727321759075269,0.3605129189445634,0.3469929574428555,0.4326923076923077,1,5
0.95696741049392009,-0.28252736924006849,-0.06626960753502413,0.29018055122992159,0.93394387299146953,0.2086722065575384,0.0029364843706635928,-0.21892265239572387,0.97573779742693212,14.504106650422536,33.568953997025339,-2.0795769055468631,,0.2054337389438688,0.3846153846153846,0,3
0.98457080149103926,0.16349763163193248,0.062360735258993202,-0.17168895831437755,0.97145104905721669,0.16372464957530977,-0.033811809241997094,-0.1719051591325374,0.98453307604132856,-0.28304774330442117,12.06452031078039,-1.5153748163109149,,0.4873770827246368,0.186046511627907,0,1
0.99704947928762055,-0.068660468305185338,0.03432311093708304,0.062225723078278269,0.98476838263592248,0.16235514142772536,-0.044947694486726801,-0.15974032882382544,0.98613525041324124,20.213314865599624,9.0442368166767135,-1.9739859397414081,,0.2625703041806631,0.2857142857142857,0,3
-0.76076270135511692,-0.64902373202883812,-0.0028822717121724266,0.64869780524938758,-0.76022357035419874,-0.035373444029963716,0.020767033767281666,-0.028780520170287892,0.99937000753836658,-22.964678298072407,-3.2161602167015908,-0.0019246406272347507,0.2744355824376836,0.1905507286492242,0.7631578947368421,1,2
0.44116534216816411,0.87805007809484259,0.18547560817338621,-0.89710542672325866,0.43700862158483916,0.065002446140116354,-0.023979036955776224,-0.19506800101031357,0.98049654806557762,-17.79533290758253,-14.447390943194343,0.22227833898338292,,0.3338499179955102,0.5,0,3
-0.93254961823887583,-0.36072269749455443,-0.015177122084874668,0.35847208145454224,-0.92008706368073312,-0.15791631348601812,0.042999724884875835,-0.15270537239933155,0.98733585618076614,15.684344274283079,1.5110060561684591,-1.6895980568736693,0.1935184086353143,0.1908105876314181,0.4117647058823529,1,5
0.64547466813088727,-0.75403223818742104,-0.12164635866062733,0.76363871562073371,0.63403467651907441,0.12188494975373133,-0.014777171801053349,-0.17156751657998004,0.98506153231569293,5.3269785636170344,10.784984095447154,-1.8485161175436913,,0.1324260413235161,0.2868217054263566,0,4
0.72907073761923513,-0.68418636301832836,-0.018570950624479946,0.68375878015466796,0.72686988345925252,0.064296991230800418,-0.030492459867079401,-0.059575105368644118,0.99775799506271567,9.5330212576875955,11.728484924981849,-1.8221210772507115,,0.1698056555992682,0.2380952380952381,0,3
0.99745615296372447,-0.064666682464995087,0.029990716793352724,0.061730681382617288,0.99400759545224593,0.090212100958143568,-0.035644717572810181,-0.088131267789678239,0.99547091054783665,-23.455516230232092,1.8418134444268743,-0.17033776870850678,,0.2014747752519977,0.5,0,2
0.44578416195054094,-0.8897781903632247,-0.097832780334608516,0.8951047070299808,0.44407311511009995,0.039832548113131049,0.0080027749454138659,-0.10532730125830485,0.99440540787086229,26.166411488760765,5.6275893935347137,-1.8654855463714308,0.4731880529251185,0.3931352926918627,0.4594594594594595,1,5
0.91943749480144388,-0.39291002604997083,0.016012638216608206,0.39187707613555245,0.91888236106579091,0.045689864539170927,-0.032665736677674556,-0.035733988744171809,0.99882732826837295,-8.3511778034681896,7.914689406403892,-1.1607828892416998,0.2237881734743855,0.2030416641685955,0.6086956521739131,1,5
0.95678917077674297,0.28010134595650854,0.078087890723879325,-0.28855691631101937,0.94775155195014793,0.13602169615602314,-0.035908059449480896,-0.15267688682128189,0.98762360213652955,5.9072828759059961,14.274820614499179,-1.8233235927568294,0.2267928200598413,0.196010828003905,0.3866666666666667,1,5
-0.54110633549729625,-0.84074091008721541,-0.01893820979945976,0.84074550433288464,-0.54033321615161223,-0.034453047286108596,0.018733142521504743,-0.034564976912710051,0.99922686700383168,8.655054498269207,14.527616320434449,-1.8266823660723712,0.2911631475673259,0.2833887548063977,0.8726114649681529,1,5
0.98650853745866807,0.15850683245472325,0.040944958008642902,-0.1599352029094358,0.98653037780815866,0.034329936382244249,-0.034951915419283983,-0.040415315498727539,0.99857146258125207,-3.9069884255166625,-4.8753743881424842,-0.9683327511004205,0.7260647474514487,0.5333937438411496,0.9766454352441614,1,8
-0.45140093781631951,-0.89228377722537677,0.0081764441513673802,0.89206569806559832,-0.45147200011639543,-0.019794530700103518,0.021353774216349895,-0.0016413443620767315,0.99977063485351547,1.7388026113351425,22.884989255612698,-1.3519766658477781,,0.08127616249233702,0.4,0,4
0.73180190893022867,0.66679625752760185,0.14088547488388217,-0.68075794822304792,0.72495323964245373,0.10493529560189492,-0.032164919045739766,-0.17270075645200594,0.98444901681279851,14.776545329926263,29.982538695624438,-2.146313394814932,,0.3175000268950458,0.3333333333333333,0,2
0.63501406243105729,0.76355809620670334,0.11720142589576522,-0.7724658571526607,0.62907331946268885,0.086966995312011075,-0.0073239366607528869,-0.14575936490458916,0.98929296343115702,10.891599222120742,19.064399852404019,-1.8898384093120602,0.4315133403437699,0.2922912310392649,0.4339622641509434,1,5
-0.93320088238593091,0.34653308619490342,0.095136393069923442,-0.3532460622719093,-0.9332133954790508,-0.065802568246617663,0.065979789356361743,-0.095013570981707124,0.99328701226070282,20.443824281514601,6.878009779015855,-1.8817859204592366,0.5500322131919537,0.5615121004177164,0.5211267605633803,1,5
