axis_00,axis_01,axis_02,axis_10,axis_11,axis_12,axis_20,axis_21,axis_22,location_x,location_y,location_z,dbh,dbh_approximation,score,reconstructed,number_clusters
-0.88498531129622204,0.46554307320585886,-0.0084051043999350643,-0.44398493739361355,-0.84916729714478012,-0.28599349088295339,-0.14027962844803443,-0.24936829880695169,0.95819469701757831,-19.778642576894651,5.737104783675802,-2.4318242739278566,,0.08219676225484299,0.1538461538461539,0,1
-0.96443551779376335,0.23264938705816149,-0.12545275891481683,-0.22477775485798757,-0.97160986313815056,-0.073818932352536545,-0.13906506728463394,-0.042994610756788405,0.98934946834118953,-12.998100703248781,12.151818550155339,-1.5187315478033618,,0.07596394757146746,0.36,0,2
-0.97363261405948565,0.19211443801139458,-0.12301046925875614,-0.16333100128847591,-0.9635185128014162,-0.21202608213861676,-0.15925613601301913,-0.18634408548841466,0.96949129183592453,-2.5557911531869157,18.270352728524646,-0.33035995150634673,,0.1757312862183483,0.6,0,3
0.97920525004923253,0.1622498801219574,-0.1217869232571013,-0.15756607215464127,0.98637900266615763,0.047216480227516108,0.12778893215681461,-0.027045138190209365,0.9914325742674055,13.32014840163559,-29.31004233496515,-1.9148096878915364,0.3193414204894504,0.2448538343895101,0.75,1,5
-0.48850067950022097,0.86753501333615302,0.093541898439488597,-0.8648857976593286,-0.46722187446409474,-0.18351097250422152,-0.11549737284895233,-0.17054829421046361,0.97855691515971222,3.2677871700352896,5.3716597938057671,-0.54378746472050232,0.7056565215184825,0.634547487067513,0.5403726708074534,1,6
-0.47701998390657757,-0.8303308791693198,-0.28810165923103037,0.87521569497790386,-0.47873044194514131,-0.069387687808097717,-0.080308294827575649,-0.28525040762970694,0.95508260518605048,-8.7834327121941165,3.692882340932075,-1.5933272954093214,0.7939767751854844,0.5663189865375812,0.7108108108108108,1,3
0.82603783716493173,0.54912333669028413,-0.12698445839554498,-0.5476399879614835,0.83524954530594619,0.049483741286966705,0.13323638826321879,0.028666324639516738,0.99066962539195369,6.151236805329809,8.4024682055931272,-0.15715658696347837,,0.2005215446190412,0.3333333333333333,0,5
-0.97483490105349069,-0.15200915904287315,-0.16306480691770528,0.18573792456604463,-0.9583338962628416,-0.21701973793085785,-0.1232815438982181,-0.24184573355913985,0.96245119465524698,13.772414482454492,3.9109165748824779,-0.30822134929369166,,0.1094788657781755,0.5,0,5
0.16059232702810103,0.98467964314915124,0.067941922752890196,-0.98673309432315925,0.16182667358223571,-0.013035654366100909,-0.023830758845309358,-0.064947117603238277,0.99760411328737431,16.890708448928308,-27.851289648036037,-1.6469048852676496,,0.2963345211314732,0.3333333333333333,0,2
0.72314693784215867,0.68470386387836923,-0.090769626415118904,-0.68700937630472569,0.72660737574175926,0.0077355275880465523,0.071250425675222578,0.056765661342974345,0.99584187325769469,-15.641522850727434,-28.332557438456739,-3.6490182882968947,,0.0848603175778999,0.3684210526315789,0,1
0.054234005320185269,-0.96536332330584562,-0.25521035771070433,0.99734088410718424,0.064830868179228229,-0.033288427710390672,0.048680936260845444,-0.25272635902695834,0.96631234800024512,-14.374551508601424,18.377364283646894,-1.3479959670521295,,0.8678007143122127,0.2,0,1
0.0014241848322900934,0.99820167594179054,0.059928172377978525,-0.99986805979286142,0.002391157135999666,-0.016066903049764734,-0.016181307228498473,-0.059897383202876242,0.99807337845562516,-25.076383916330503,1.3335457072901753,-3.1209672229160144,,0.1163173191025381,0.3571428571428572,0,3
0.98954140825796155,-0.016990511695515603,-0.14324497846407902,0.044976822671754131,0.97987540451441635,0.19447693192268917,0.13705796863080782,-0.19888568108346363,0.97039146693216705,-3.3839995867271351,-26.761576836871221,-2.8123162154562613,,0.1128550112019236,0.3333333333333333,0,5
0.92686237688103756,-0.32108948575722779,-0.19449338409980244,0.35090110520577639,0.92512912748566845,0.14492933396304397,0.13339620942065375,-0.20257749039260481,0.97013803744541238,10.711746826927838,-27.323753927343404,-1.9872961728665737,,0.3131367947986103,0.4117647058823529,0,5
-0.10104184048030594,-0.93705864346526313,-0.33423292055001214,0.99482975387626382,-0.091715412294870582,-0.043612428848574823,0.010213093304307743,-0.33691153416679021,0.94148091370485854,-7.3807865561991912,11.802360367974851,-1.0974308515799971,,0.5777308148360223,0.6206896551724138,0,4
0.55453274524310547,0.83037944916347139,-0.05443716432840516,-0.83080651812500694,0.55617579837126629,0.020712574612777583,0.04747592962913405,0.033740950091204806,0.9983023511906578,-12.071572417868223,-35.796171461774662,-3.9344494359650395,0.7220320255819426,0.8103882376325552,0.5079365079365079,1,2
0.97973924365604026,0.15042593241940164,-0.13222349751857426,-0.14233956155254637,0.98743293414563271,0.068670588912401895,0.14089167348470097,-0.048458636178713439,0.98883835732761716,-28.804382187729026,4.9637338929695041,-3.3309084574658248,,0.1478592507197878,0.2857142857142857,0,2
-0.97869977336071889,-0.16075674388127098,-0.12768720734815087,0.18290154869400338,-0.96524596342596425,-0.18667419097244761,-0.093240426366535401,-0.206052176369419,0.97408866306122943,9.7550068922781161,-29.476598472411041,-2.1746180360550285,,0.177911226499147,0.5,0,5
-0.98440758354262348,-0.104388707720316,-0.14157933169871573,0.11522171920392589,-0.99082857867668883,-0.070588122947307236,-0.13291224506216179,-0.085800497539437262,0.98740701320910251,6.1751402784757534,5.0566253893515825,-0.46921394427437013,0.1542877223776461,0.1485114262136449,0.6460176991150443,1,5
0.02356322892882216,-0.9781550265885347,-0.20653696570355032,0.99808368190467123,0.034841008067194694,-0.051137736286184149,0.057216589884941292,-0.20493620499180532,0.9771015370602455,-6.8242562291934936,-30.368740008495688,-3.2019661925713034,0.5066737698326191,0.2485668703709858,0.5909090909090909,1,5
0.5104052619465983,0.85425540258360266,-0.098661926465844763,-0.85948953043002441,0.51046103863920078,-0.026594644433882698,0.027644450770465328,0.098372939308102994,0.99476557497406592,-6.369017445382231,11.327693586724145,-1.0190776480266805,,0.09268513714859705,0.28125,0,5
-0.12733500248306065,0.99181699019319625,-0.009211683165874382,-0.989532456749878,-0.12766658784177168,-0.067281196387922571,-0.067906657856133382,0.00054800816480977997,0.99769152823197904,-8.9335735750282783,8.9310760464719241,-1.3771177363626526,,0.1741061487812699,0.2375,1,4
0.71117365896233697,-0.68088240692618252,-0.17501764121519517,0.69218171747417545,0.72170637128535564,0.0049379794071571625,0.12294916344824368,-0.12465577236748145,0.98455291458755245,-4.459835334573846,-30.782972440010596,-3.101181357719573,0.881279685878494,0.4226484711688451,0.7741935483870968,1,5
-0.39638945999317637,0.91806251325297261,-0.0060512615176538023,-0.91400176202172645,-0.39523977342005734,-0.091576746655702243,-0.086464877421407668,-0.030769193465195913,0.99577963511311274,3.9380518538333953,9.4760338552125312,-0.23348040764321623,0.431257106236003,0.3568403540940291,0.6122448979591837,1,5
-0.72626451316282203,0.68094745837753301,0.094076648800580046,-0.67539834232585849,-0.68137673993555525,-0.28206881688389024,-0.12797240368084137,-0.26839578462407537,0.95477053090895891,11.48067171579555,7.8633271206867619,-0.20691726352015219,,0.443970359214885,0.25,0,1
-0.94287543408648922,-0.29919092767502625,-0.14652885242562427,0.31155996878563053,-0.94765737367241876,-0.069827558847415636,-0.11796737534805982,-0.11149121454737874,0.98673877365401974,-6.8166565239803472,3.4506396606675063,-1.3966401324033888,,0.07581925055774945,0.3296703296703297,1,4
0.41387135324787799,0.90367868693501618,-0.1098878234390596,-0.9100931606691931,0.41352010121846217,-0.02704745443530511,0.020998615762165197,0.11120232312176211,0.99357591630856013,-8.3261114560855187,14.650138554836627,-0.98996437259319603,0.09245700987017078,0.1410778885190946,0.7551020408163265,1,5
-0.60717496009433103,-0.70982664733050649,-0.35704999450214303,0.78728548684901634,-0.59814847451243192,-0.14966617732593304,-0.107331868666089,-0.37197383399640283,0.9220169937645738,-2.3450510696119986,-29.4480494631011,-2.9707545181440849,,0.5803843231961849,0.4782608695652174,0,3
0.74925480510925868,0.66136739069180739,0.034790969377102056,-0.65790089247178352,0.73723855463637544,0.15377167893503813,0.076050330081591344,-0.13810317913494932,0.9874937261609833,-9.7867809740952936,-36.337360735648971,-3.8195179198958886,,0.3033929908662736,0.3125,0,1
-0.74211454196664228,-0.64642170133333454,-0.17721453283226024,0.66395411594213116,-0.74517819419491249,-0.062244604745398252,-0.091820142262697454,-0.16385494481926718,0.98220192350307045,-23.40167822763728,3.3178425801157907,-2.8563290873488212,,0.09311398351666374,0.2857142857142857,0,3
-0.73290517505886499,-0.65931735030433192,-0.16778151256801285,0.67638899459381729,-0.73266179517230867,-0.075528947346404279,-0.073129558759098851,-0.16884112497423623,0.98292662094030969,-3.6008076387127996,4.4297303982234943,-1.0476452652949277,,0.07896276293903319,0.2848101265822785,0,5
-0.016486799500876562,0.99986368530398617,-0.00089232984277702739,-0.99812438361692046,-0.016510730150471876,-0.058950068865441997,-0.058956766121963954,-8.1241791642579564e-05,0.99826053369258805,-14.747831598156623,5.7746189478630932,-2.0261004168096419,,0.1312818884834587,0.1166666666666667,1,3
0.5867128236249024,0.80595103329431472,-0.078809863125885296,-0.80790314925050133,0.589212120277531,0.01102627539917576,0.05532236460253824,0.057201479437887483,0.99682868474221842,17.708294268965496,16.484345607712793,0.8020899473628893,0.6237431553913702,0.6258000415213234,0.4444444444444444,1,5
0.98720846370158899,-0.049990361147249043,-0.15139489089238159,0.077338593375845394,0.98052257544703014,0.18053869672003461,0.13942091367723192,-0.1899379973335788,0.97184636954526682,9.416604442064358,7.4794712539933839,-0.22889934948337831,,0.1030638720043487,0.2666666666666667,0,5
0.6726258520771512,0.73985881070147619,-0.013542649108740671,-0.73736320995120042,0.67167106267097332,0.071787743946345184,0.062209000377332957,-0.038300441222542989,0.99732798841414783,10.41175279041882,3.1974637929705909,-0.49583573615356419,,0.9195467023035728,0.8198198198198198,0,1
-0.8751389271453015,-0.45632310716134694,-0.16093812495982215,0.47536447639520868,-0.87289853512421389,-0.10989432178010589,-0.090335335148979679,-0.17267706636555505,0.9808272824380988,-15.346264346413861,6.9853303784728809,-2.0487010735453488,0.4662709543157376,0.4153062184519448,0.7325581395348837,1,5
-0.97366079675876538,-0.13735573407159346,-0.18198366732413179,0.18981694711990718,-0.93050634385951625,-0.31325304567278356,-0.12630985488537666,-0.33954579419402381,0.9320699942622257,-20.859033800692856,6.7901915397198875,-2.4701110426800503,,0.3031468390976136,0.1538461538461539,0,1
0.75462359352558506,-0.609645054848719,-0.24264405863947167,0.64147694028952018,0.76323055538242091,0.077372181095253845,0.13802379204806761,-0.21403744165249197,0.96702502883820352,18.049834894662617,-28.834500349888909,-1.6163751146635927,0.4422608725415527,0.3353444561884635,0.4193548387096774,1,4
0.93163323147722166,-0.29113755628365801,-0.21748205748633692,0.32703185184798134,0.93264199754079291,0.1524108667385648,0.15846037322999876,-0.21311458829535915,0.96409153215424004,6.3621690812010838,-33.06254858672299,-2.6235458629759947,,0.4495998138494745,0.1111111111111111,0,5
-0.092244031378607649,0.99089172251164859,-0.098105213586845361,-0.99445392798205345,-0.096675951082753536,-0.041414316405201351,-0.050521518149077349,0.093740891504951657,0.99431394512184612,4.7919924890672148,16.213150986949572,0.25201714608266451,,0.0861924203719372,0.5416666666666666,0,5
-0.94832542164662681,-0.2699635105372139,-0.1667291145456333,0.29972769180571346,-0.934605855637896,-0.19150771622098042,-0.10412591139368993,-0.23158496839341691,0.96722603200630064,19.171485376796209,5.3584802477248186,0.0072110479126415092,0.2968321707605513,0.2168440645811323,0.2142857142857143,1,6
-0.79425312294950279,0.6053170981901379,-0.052470823546356869,-0.59208492410547042,-0.79048010092742371,-0.15676942522312554,-0.13637235545366738,-0.093447421989269794,0.98624041693269604,30.213339311909216,5.562270069757167,0.72337668431058078,,0.162125800002037,0.3333333333333333,0,5
-0.091062279913162125,0.99573953294630091,-0.014506677941482889,-0.99414731062060591,-0.091747660563895592,-0.057039386101778097,-0.058127325440213241,0.0092276383182893773,0.99826652990483122,1.2574321216120035,11.898753717758307,-0.24865806466963575,,0.07927368138120201,0.1707317073170732,0,5
-0.93013929527070582,0.36565202188380891,-0.033756336969485108,-0.34866042169163952,-0.90826701252848974,-0.23127244604228253,-0.11522500483455392,-0.2033460912947552,0.9723032270932882,12.983536546606032,24.778271648719919,1.3013736195701109,,0.3727536420736596,0.2307692307692308,0,5
-0.98890369422752666,0.048972735030712429,-0.14025389394509688,0.0030263897950362625,-0.93726479524656714,-0.34860514132212644,-0.14852718440729751,-0.34516137503350924,0.92671640790320442,1.6492029924458533,-30.361634619310312,-2.8476418449726295,,0.4714053947008314,0.2,0,2
-0.90850049525612819,0.4065738664093454,-0.096563664348058714,-0.3946754181179033,-0.91075843928197386,-0.12145114083498916,-0.13732503214209388,-0.072227116996442547,0.98788920386729318,9.9004810112104238,-32.343141408436225,-2.3151591574282286,0.6456711145252413,0.3319292580838488,0.6363636363636364,1,5
-0.65575803337200922,0.75051037447030422,0.081948639284121036,-0.74810345910414566,-0.63134606016895489,-0.20431193500515443,-0.10160027630123428,-0.19528525321073861,0.97546965802834218,-11.265253282369065,-29.655953473385317,-3.4251230825429797,,0.5767184282072462,0.2307692307692308,0,2
-0.99410445369404554,-0.0088585261454154074,-0.10806415529764833,0.024009749471707614,-0.9898993649429414,-0.13972393930843297,-0.1057348905327333,-0.14149478364975795,0.98427605839212562,9.8285941780815218,13.499715136084147,0.41984913207061642,0.8791480926886561,0.3918596315006754,0.4,1,5
0.97165510760279616,0.21464346520507893,-0.099068333558992666,-0.19974475099128347,0.9695634410723778,0.14159367283646879,0.12644519097549689,-0.11779183579793183,0.98495517517221287,-6.5468633365509712,-29.028243879423716,-3.1080619793053441,,0.2087685352128634,0.25,0,2
-0.5222439810246996,-0.8338481086740811,-0.17876956101118122,0.8522937925571773,-0.51753362293380023,-0.075856709007957837,-0.02926628524387585,-0.19197989684774946,0.98096238651354573,-17.42815774751044,15.341612368136602,-1.7858984570731185,0.2249728803851302,0.1384929739070052,0.4761904761904762,1,3
-0.94292156731681986,-0.26813160231053718,-0.19749521951474025,0.30895393990715025,-0.92568361119177744,-0.21830555418220279,-0.12428346995735372,-0.26686194148535619,0.95568735645190239,2.4884153531206743,15.655634910179483,0.024448211413224893,,0.1648843520603176,0.1666666666666667,0,5
0.97152159033337715,-0.18681563402403256,-0.14575911086551088,0.19991464648006252,0.97646139382214658,0.08097703685405086,0.12720036807673657,-0.10781032074485876,0.98600050765810132,12.89383596205592,-30.496199346718182,-2.0116976861343088,0.3656220159480599,0.286513140821847,0.4666666666666667,1,5
-0.41440712392772189,0.90956379212700811,0.030991025950920962,-0.90652242147203721,-0.40952963086619232,-0.10248209995445269,-0.080522264041865813,-0.070563372185129716,0.99425196781270442,-16.471577374616167,12.250187563880937,-1.8193011110455901,,0.2404198109487221,0.4242424242424243,0,2
-0.83920371023476303,0.54380244544152023,0.0040041303712880097,-0.5253741752595491,-0.80881970582830476,-0.26418300368146908,-0.14042474389706561,-0.22380702356190016,0.96446425932006774,-22.965183879626125,1.3422719489187345,-2.9258288291453307,0.1749501570781695,0.1924110998244307,0.5102040816326531,1,4
-0.77230568903432051,-0.6171388677619607,-0.15061055933336515,0.63018554637390178,-0.77418411356015027,-0.059204184417249922,-0.080063099032267729,-0.14063632606325477,0.98681878983163873,-4.20763379332955,6.4617106879274875,-0.99793504738926475,,0.07370672154502392,0.4,0,5
0.67868341192948523,0.73128722680199976,-0.067880912545377925,-0.7305275352643531,0.68170320638308912,0.040128027955591054,0.075619750015071457,0.022354648806367693,0.99688611339731403,-0.10300011040355159,23.538312326275427,0.18255781210034941,,0.2238132243238256,0.2857142857142857,0,4
0.25617066434551622,-0.93005892023644343,-0.26337614853550956,0.96547038603177038,0.25953351012598003,0.022567472551282341,0.047365857159371,-0.26006299623420043,0.96442921646186652,4.6917554683709044,11.759206831007816,-0.041940408087010217,,0.1781904226265555,0.1764705882352941,0,4
-0.56690878800982825,0.82362650219122846,0.015931445806045844,-0.81665924925973099,-0.55936551267053281,-0.14204891352406021,-0.10808374843500429,-0.09353933997562533,0.98973142579245443,5.5125657356370841,11.197816687849917,-0.040478451664108697,,0.2301327840970259,0.1842105263157895,0,4
0.92067543205541602,-0.35366001664218355,-0.1651706433910845,0.37730247265680367,0.91475245828966811,0.14446724258485794,0.099997964662469366,-0.19532673314643989,0.97562691351853581,13.404956162854003,-26.596939273421111,-1.8058889819048369,,0.3995716008851971,0.5925925925925926,0,4
-0.34395203301847271,-0.89976141647397623,-0.26856357237570966,0.938947885842353,-0.33218766608883638,-0.089600346933629546,-0.0085945712304050913,-0.28298541998342475,0.95908570285567796,-34.140100718043371,4.6225465672959656,-3.8847197720884723,,0.1575353979822223,0.1333333333333333,0,1
0.071802558584572213,0.99738162054460988,-0.0086194884138285424,-0.9969276845079279,0.071493345914076897,-0.031998333576463707,-0.031298313730448189,0.010890568847273669,0.9994507546987057,-27.538449427067455,2.0933719449529762,-3.2736178736264701,,0.3706583991994274,0.6363636363636364,0,1
-0.91349477847835281,0.40594720682227547,-0.027095294166661978,-0.38140592999457312,-0.87764562485382236,-0.29028894870442157,-0.14162205427743291,-0.25484313302134731,0.9565553676050873,-21.601076306561776,8.1383921578302534,-2.4714612657336739,,0.3266214023870141,0.25,0,1
0.80677462793672639,0.58355187494234118,-0.092638593301254485,-0.58344383744927786,0.81155869706180428,0.031076836483260293,0.093316602274287563,0.028977413180354072,0.99521471113793225,0.24473847221391282,-27.720856764883841,-2.7488511519699652,,0.08333417677811095,0.3571428571428572,0,3
-0.072397538479548634,0.99401581230003833,-0.081799519067031423,-0.99632128383318608,-0.075847862790071413,-0.039887355028514503,-0.045852980307658886,0.078610855533277596,0.99585030882619707,1.7112361048640514,8.7233826121624833,-0.40175764914624085,,0.07300603534561285,0.3043478260869565,0,5
0.85623673077503004,-0.4525763604830525,-0.24906484859089026,0.48531267911221665,0.86993653563568751,0.087647175990451021,0.17700357161541019,-0.19592106037405085,0.9645126612633429,-5.1354861990741147,15.14384129441628,-0.71576757757138609,,0.2542209085486104,0.1764705882352941,0,6
0.84859374313103375,-0.4943389023850937,-0.18846142498549137,0.510723307406317,0.85840141780883628,0.048049028873981936,0.13802305021558553,-0.13702574755308106,0.98090447145311022,12.120417555424611,9.0031766092790129,-0.082433102116136706,,0.3899590475394489,0.1363636363636364,0,1
-0.99124792597826883,-0.0052595840394665761,-0.13190862754010096,0.021971800241852697,-0.99184233146434275,-0.12556285083379373,-0.13017215231343993,-0.12736218548340478,0.98327721649135047,-17.04285339183221,5.8949266885105738,-2.2040480200461046,,0.155240672172918,0.1475409836065574,1,3
0.50284075565604269,0.86083411937387067,-0.078203538110963589,-0.86291864561566312,0.50518946760147954,0.012450416593984897,0.050225347187350465,0.06122271430071366,0.99685966602805431,18.503646779892758,-27.254098025518065,-1.5216943864356611,0.2446471691228793,0.1539407661876213,0.4285714285714285,1,5
-0.41555828670810024,0.90866000293322458,0.040599377059525883,-0.90618373108849537,-0.40975404566551299,-0.10455939733605427,-0.078373183288434886,-0.080241018999872085,0.99368960093738556,-14.821917549028498,15.875086481941459,-1.4921763208839638,,0.2259413895451679,0.2222222222222222,0,2
-0.47930004348615157,-0.7742821819739083,-0.41322944110009469,0.87714515766764878,-0.43858985343695278,-0.19558965423137301,-0.029796655758134668,-0.45620833304519515,0.88937400241167119,-8.5795088976034481,-36.860958118163623,-3.7602693468121648,,0.4073680064757003,0.1428571428571428,0,1
-0.92956651210699826,-0.32958171243197909,-0.165172620005961,0.35104668181375859,-0.92816460270080925,-0.12359893802455786,-0.11257142957597667,-0.17287673389919481,0.97848929892951186,4.4923769821173138,-30.973654659893874,-2.682478848989835,,0.238394164219073,0.3684210526315789,0,5
-0.98939045633297551,0.060508880191942206,-0.13208027988743568,-0.044881423990616287,-0.99196974212865019,-0.1182441900551307,-0.13817446470965861,-0.11106172211494161,0.98416112054026128,8.1601321220185188,3.2596754490250834,-0.57845568327633934,,0.1742744105160972,0.2166666666666667,0,1
-0.92387445149673486,0.36767764767510275,-0.10615623048936314,-0.35770701400403576,-0.92825315918331541,-0.10194000489754629,-0.13602091752346174,-0.056206937884020786,0.98911025175648559,-6.1028943106798339,8.9037970785410767,-1.1077216478767473,0.705241947037512,0.8059398485724248,0.8932384341637011,1,5
-0.96968226629462106,0.20825525663040068,-0.12785167390195737,-0.19900101595442177,-0.97660716796810787,-0.081468000604034002,-0.14182700054233144,-0.05355546245824834,0.98844165956218577,-24.891304250760534,9.263827426037972,-2.7596747364988747,,0.1234376753357726,0.1538461538461539,0,1
0.78161906441207762,0.62304901411777158,-0.029691146061759283,-0.61788247347359759,0.77989827854427818,0.099899570058235604,0.085398402337145726,-0.059737769715181292,0.99455442875074407,7.134938585692101,-31.512468854862856,-2.4739713946535113,,0.2675129108752065,0.4583333333333333,0,4
-0.91658607350426902,0.38098805366933136,-0.12131806468652004,-0.37396380214622799,-0.92423404870307801,-0.077087598887591827,-0.14149574036826995,-0.025288854841056779,0.98961579882218143,18.746538584207087,7.2926137418325769,0.20175684322338408,,0.09778586898519401,0.6190476190476191,1,5
0.39955133742039672,0.91521006407514904,-0.05243345669639566,-0.91654981089260279,0.39989913462671961,-0.0041383906937679195,0.017180597146364853,0.049711374355989983,0.99861584522845037,-5.4177105124973481,-36.996644912258752,-3.6321883987382848,,0.1710224887327287,0.2,0,1
-0.97890740408907084,0.1673350838322186,-0.11721460633581815,-0.14786307719090389,-0.97618642592263183,-0.15873428189283853,-0.14098512199247568,-0.13805445144312689,0.9803388005243413,-20.423776249418701,3.7341282906531887,-2.5896782798346152,,0.07595660492026657,0.1666666666666667,0,1
-0.42471421785815378,0.90532711358209572,0.00080657439113360153,-0.90108434357834821,-0.4226373246906977,-0.097080881414765521,-0.087549065712402604,-0.041958422174834031,0.99527616865947544,-6.1252858322350807,6.155862670555627,-1.1809179752043648,0.7125048644400837,0.3370239625763599,0.1862745098039216,1,5
-0.27515093866169293,0.95902037781705896,0.067615648227424399,-0.95407344691661,-0.26371088632553341,-0.14212820382338043,-0.11847286120562869,-0.10361700326214335,0.98753617543496852,10.979192931430021,13.661142269282426,0.43804267300393918,,0.6468565978332881,0.5517241379310345,0,2
0.47413837231618916,-0.85757246513175855,-0.19940479168062439,0.87572478510241203,0.48277300183238064,0.0060273923952317652,0.091098324104720227,-0.17748153636249223,0.97989866802426084,-3.7261049349771431,-28.860383589887334,-2.9291236378910104,,0.1634641848645781,0.3333333333333333,0,5
0.45355335983998624,-0.84864543528486114,-0.27219528825464234,0.88695890641409314,0.45967465984026917,0.044756065884392994,0.087139245524478132,-0.26172529925649268,0.96120061361742981,3.8766667495696825,10.60152784623361,-0.17098275964667012,0.661155760307119,0.3433291759338172,0.3918918918918919,1,5
-0.18605804946960069,-0.92031757574501527,-0.34409004926383269,0.98240828104031552,-0.16854542199326569,-0.080413991745997698,0.016011607382800011,-0.35299858427468411,0.93548684006194815,7.3380025229725874,5.2408579560199362,-0.451720972437611,,0.1000364590716711,0.275,1,5
-0.93198594816897107,0.35909660251804743,-0.049515881044159826,-0.3334437600768782,-0.90284024533031537,-0.27146777023744278,-0.14218808417507159,-0.23649338568317543,0.9611729434637305,-16.96762650779538,11.21511837217432,-1.9119369417405581,,0.09485255526795512,0.5454545454545454,0,1
0.28892243304457121,-0.90754801827557197,-0.3047628950638312,0.95625298296020622,0.28882993593950379,0.046448904022484853,0.04587003666134571,-0.3048505578628069,0.95129494748338839,5.5828139833157984,-29.661204544757506,-2.5289311980268376,,0.2236293041912353,0.4,0,5
-0.22663224259519663,0.97330836253885178,-0.036175378756980049,-0.97143578859271129,-0.22856723553765329,-0.063792848187957496,-0.070358618928520952,0.020684541344055164,0.99730728188049311,-0.12776253285856751,11.500824179294185,-0.39189777450634461,0.6917705563848906,0.4200060242183724,0.3636363636363636,1,5
0.77933525470552378,0.62158269945648725,-0.07919285642949446,-0.62257296053883904,0.78242700734288129,0.014521948435645157,0.070989221569060013,0.037985864697923616,0.99675353247639409,-5.6680981563310988,12.584558158367848,-0.85422603201209102,0.6953129264922984,0.413047232954386,0.7422680412371134,1,5
-0.86406400676194128,-0.44249201594553972,-0.23998793311946068,0.49155251496148872,-0.84444410772601886,-0.21281511685461163,-0.10848740596739173,-0.30185255465418726,0.94716182249666625,-6.4243596330870707,-32.282581213812293,-3.3134473061919794,,0.2543648977096974,0.3636363636363636,0,2
-0.9824149885608161,0.12756487772423011,-0.13633778721342457,-0.10336621312977702,-0.9796904033013506,-0.17182007933430185,-0.15548702915118143,-0.15470590050298169,0.97564843469115481,9.962946517826655,6.1559969708451057,-0.35909347199197306,,0.2648440147913333,0.1851851851851852,0,5
-0.93758595093273589,0.33251314181806618,-0.10182138838100646,-0.32273031145595688,-0.94104578813705542,-0.10138032697249018,-0.12952887971837898,-0.062191921885293773,0.98962337996387051,-22.147029648564718,6.3317279803285098,-2.5998858113491781,0.492066248161206,0.4640500490911483,0.8439306358381503,1,3
-0.33191165392457966,-0.89123617728347237,-0.30908369463657231,0.94285803187066219,-0.32358551211602954,-0.079442734630606526,-0.029212766490562671,-0.31779001345188734,0.94771099055789043,-24.947074097680389,6.3070774988997407,-2.8618477745437776,,0.1971058281728113,0.2777777777777778,0,2
-0.088366904162022197,-0.93568434874602313,-0.34159345684680614,0.99467262193466655,-0.064615247742129761,-0.080319642260404542,0.05308168631869329,-0.34687125748749209,0.93640945387507168,-0.27318562215425135,-33.201668974912742,-3.1092880916885739,,0.4460236189217806,0.2142857142857143,0,3
0.99119609981740975,0.1088991651977462,-0.075307791934096882,-0.097012411795155504,0.98441935137043546,0.1466531029508012,0.090104848173904697,-0.13805619314846077,0.98631719232147241,6.4588659857216886,11.918658684034741,0.078559181395269975,0.8862753118315021,0.3661791207473288,0.25,1,3
-0.48389544889257857,-0.84746951902265311,-0.21826728767399434,0.87456640200438618,-0.47722003815727093,-0.085992113977240631,-0.031285827880234297,-0.23250042905054022,0.97209297264467598,24.015314838123434,8.8881177332125141,0.49999712922780998,0.3039122160626077,0.3696754370589588,0.4210526315789473,1,6
0.67797911492170926,-0.65757447797757451,-0.3285424259399341,0.72465709305388004,0.67289538999858789,0.14860649920292709,0.1233548426964944,-0.33883270212771638,0.93272503062379242,3.5983646468822852,-34.062339256166204,-2.8895436028913291,,0.7009715745614105,0.375,0,1
0.93835416821968387,-0.3071328741123463,-0.15862172809623071,0.31503153637912257,0.94870606923175449,0.026681928143271666,0.14229049887942105,-0.075007945194644057,0.9869788356830772,1.185833445056292,9.513453432794801,-0.38735409303677293,,0.08284449987196937,0.3414634146341464,0,3
-0.32791011409833898,0.93595656869137034,0.128297539319703,-0.94096176037471735,-0.31149966814353053,-0.1325100836124698,-0.084059042253214797,-0.16417447508655766,0.98284323223265146,7.4552098888764249,12.223098748451516,0.15586893024756487,,0.579348097093027,0.4047619047619048,0,1
-0.93367021638260184,-0.29602477524033199,-0.20156700990979812,0.33929535711918535,-0.91129033331635412,-0.2332993549959643,-0.11462367851988596,-0.28621540987179472,0.95128447452614862,10.950471796081223,-37.175465929840939,-2.5764162760175724,,0.1991764808184223,0.1875,0,1
0.87846645812079804,0.46835922019927018,-0.094532125814623696,-0.46197500218338861,0.88307784846827919,0.082174271534908999,0.12196630401204359,-0.028515862234317117,0.9921245215630321,-8.794884070276586,12.835996661695594,-1.1369924762240284,,0.1335179674281152,0.1764705882352941,0,2
-0.9365528359962314,0.3397639441278873,-0.086193083586085545,-0.32035324260393289,-0.92946188312854094,-0.18296012615947757,-0.14227643986465877,-0.14373959121205268,0.97933464381570323,-14.802924150777084,13.540743628609258,-1.5757990271720557,,0.2635799345126295,0.1875,0,1
-0.29354338299352772,0.95262063987923129,-0.079663032686424884,-0.95217491518237118,-0.29876300597916389,-0.064059325283190652,-0.084824602552317607,0.057048950335456448,0.99476138046642293,15.222682174691023,-27.03677694782731,-1.7204872045373854,,0.1680627898210212,0.7894736842105263,0,3
-0.89333784922492043,-0.38767425241926345,-0.22727991805999734,0.43159511670181999,-0.88104837924536306,-0.19359599341996186,-0.12519242142133113,-0.27103953113943519,0.95439217839333712,10.486969730475908,9.132106028832867,-0.066438413975373242,,0.4666735402017331,0.3043478260869565,0,3
0.73166390812422821,-0.64224838090066805,-0.2284402389660172,0.67299722360652492,0.73386321492213558,0.092301239439436758,0.10836356660007919,-0.22127313215710917,0.96917260507047587,11.431703622452115,-29.592741246574551,-2.0685746156781013,,0.3132201456864422,0.3636363636363636,0,3
-0.31619903788433201,-0.8996661045357377,-0.30103001310586242,0.94814589077617617,-0.31045913663301578,-0.068077120131039795,-0.032210840493167379,-0.30694628981399247,0.95118160039192845,-19.402001677547297,7.6456831359966149,-2.3238269262033371,,0.1945294455327232,0.2380952380952381,0,2
0.77233397104927426,-0.56749707291611795,-0.28538974998219341,0.61355771337445775,0.7827899620912363,0.10385955713322213,0.16446023690232064,-0.25531734661170302,0.95276748632454589,-10.741512418540918,6.13914184453093,-1.6728199718593235,,0.524632135457978,0.2542372881355932,0,2
-0.70641657934554047,0.70313345869649702,-0.081110761846064486,-0.69647130817272462,-0.71095201405632769,-0.097339357925899567,-0.12610841890183663,-0.012270817851890348,0.99194056964685462,-12.941780106638999,5.5994416046248174,-1.8988094870548979,,0.07517690255554677,0.3015873015873016,0,1
0.78885048553302795,0.61028602813113142,-0.072566351308533089,-0.61000506990386827,0.79188279707517306,0.028556091959101196,0.074891429188408035,0.021739355195767595,0.99695470020948762,22.612363642836055,-25.892998222791501,-1.2441584658636415,,0.1770313282115824,0.3214285714285715,0,4
0.92385575744258219,-0.32425584428165732,-0.20334376530738008,0.35543384340409134,0.92392175204460991,0.14154638484191215,0.14197648538821195,-0.2030436986168456,0.96882193103211856,-9.49746860524162,13.548519303276041,-1.1354000626502097,,0.3849456639726272,0.1052631578947368,0,1
0.90804260901327594,0.41797418715719076,-0.027499074287142686,-0.40461014509824789,0.8922092793592119,0.20063208195324014,0.10839396062483732,-0.17105607471119721,0.97928063832818613,17.123337136786226,-2.4560351139792478,-0.47905038222978275,,0.3492100701065512,0.2564102564102564,0,1
0.48194778782165376,-0.8064906954697878,-0.34248954427029221,0.87020054319848572,0.48623052342092238,0.07956690713403694,0.10235890010582786,-0.33638168234087001,0.93614636641641225,-14.56636988321285,-34.043343165955484,-3.873855512054428,,0.5436202771431742,0.2222222222222222,0,1
0.68151390390315703,0.73156103691471575,0.018901006717776728,-0.72622617528169098,0.67290956178220196,0.14067076454548988,0.090190582226782695,-0.10959548772806309,0.98987599624763267,15.894166899754268,7.8189991212682566,0.038363369179656479,,0.3865916579297072,0.2391304347826087,0,5
-0.95210146124700057,0.30269605063206484,-0.04333484075287506,-0.2706202778745106,-0.90009450616111453,-0.34145943416707958,-0.14236387426046418,-0.31337673958085982,0.93889698390996057,-17.82898636965918,-24.089614126295746,-3.6931080558299163,,0.488182421821686,0.1578947368421053,0,1
0.36018719352708806,-0.88453805814487119,-0.29640784286583816,0.93008575102245561,0.36507331709886681,0.04076725263522437,0.072150407927288593,-0.29036855345531049,0.95419097763508298,-10.043329693844379,-33.300070271741923,-3.6362788665981713,,0.1966118424700638,0.2,0,3
0.24122889253046886,0.96633743669634231,0.089445960488243895,-0.9704549226093836,0.23971579584117025,0.027451419042519107,0.0050857243080078404,-0.093425348077357431,0.99561329829652534,7.0022720290492764,14.928773513236447,0.32468765596010474,,0.7808040992271366,0.6,0,3
-0.95534908872030078,0.275436601461862,-0.10697101129012314,-0.26131486327372327,-0.95656195811322353,-0.12924303665123268,-0.13792266279885823,-0.095519102098669068,0.9858262728395597,-10.506785947070323,4.2650126451696364,-1.7515318139749669,0.4581324204792261,0.1139095365276051,0.1470588235294118,1,4
0.32056445470118855,0.94658913754729368,-0.034748166276806033,-0.94721334593445405,0.32053899596437069,-0.0064520810448417763,0.0050306724983483868,0.034982234685967784,0.99937527265316628,6.4413979059033251,18.01883587315568,0.42973647762121986,,0.07702254076347972,0.2,0,1
0.62056492800575003,0.78219613770349294,0.055392890256395898,-0.77954314034973637,0.60772388586150472,0.15160531285896423,0.084921507657894746,-0.13726208768313147,0.9868877630318349,12.319541774209402,13.140447415906253,0.32418552157935726,,0.3694106861788785,0.1666666666666667,0,3
-0.55419818694158507,-0.7949154705948368,-0.246928662167131,0.83145075967019888,-0.54270657535099542,-0.11899246747018705,-0.039420855324422008,-0.2712544334748902,0.96170007200046903,7.9964644851309608,9.6756184616348193,-0.01921650696343917,1.044901624153876,0.4837195145226791,0.25,1,3
-0.5928123312123319,0.80366240898241059,0.051964144861523162,-0.79714292931373543,-0.57637215544449549,-0.17988409788912302,-0.11461540126753425,-0.14806036207187626,0.98231432799049989,8.5508030665358525,10.125532806818541,0.043851168412751121,,0.1762919512319142,0.3333333333333333,0,1
-0.86172452603526406,-0.42606413331602422,-0.27549990114510992,0.49779015482256789,-0.81500439973467842,-0.29660207378715492,-0.098162126051873869,-0.39273041989993873,0.91439981096574741,-3.1819467401670884,-33.6909808603626,-3.3042788722705314,,0.1068091457287472,0.375,0,1
0.34319260804369578,-0.92433042972964685,-0.1668295251445977,0.93526249916726156,0.35267640651650362,-0.030056778570124246,0.086619232480863215,-0.14571413439475117,0.9855275235131763,8.7015547437320659,13.947487715531713,0.41121694645265999,,0.08866490548996886,0.3846153846153846,0,3
-0.92710676270592784,0.3629653060030511,-0.093430386829159301,-0.3468277659369437,-0.92532852717416025,-0.15322407634862309,-0.14206882599685081,-0.10965082505759614,0.98376478146153701,6.1607453338317635,10.376780180312975,-0.0564122726753533,,0.1007489967451287,0.1333333333333333,0,1
0.91917822040867458,-0.31037502261997996,-0.24244328091326758,0.36741862406321069,0.89745754771639397,0.2440768418723375,0.14182719703159788,-0.31342829384170789,0.93896099535690891,-17.261668167563855,7.0231710273053896,-2.1528456174951445,,0.2129263964273055,0.2105263157894737,0,1
-0.22191895859656194,0.97439871757056318,-0.036043238093432607,-0.97054739562261605,-0.22429400804787639,-0.087920138785019239,-0.093753552815748556,0.015470525222550159,0.99547523032156049,7.2571265418575379,-34.795582446600427,-2.6159319416419793,,0.159897966237646,0.3636363636363636,0,3
-0.64580550207999521,-0.74094869369359606,-0.1842017556837024,0.76135030528140657,-0.64306250156330902,-0.082561078790478595,-0.057279718322575952,-0.19356046186370898,0.97941481583238976,13.322636512408959,10.934822503250915,0.1217134137378043,,0.07977559584250096,0.3076923076923077,0,3
-0.020383339011056184,0.9967001607221585,-0.078570408597540706,-0.99895839531932951,-0.023512286446246991,-0.039106224659259718,-0.040824550356265032,0.07769145385751107,0.99614125207508386,-3.6431137299501479,16.274551453898187,-0.50760140125063036,,0.06651724079411719,0.3636363636363636,0,2
0.17385598157335436,0.98474239168460276,-0.0075179578646184797,-0.98470154698384438,0.17374791314408039,-0.013210830621159195,-0.011703035451937915,0.009699726664490111,0.99988447045838502,24.219527778549971,-28.901570856991949,-1.2213244688490499,0.4622659268584874,0.3482696577215603,0.25,1,3
0.64719095772414403,0.76157008874342835,-0.033983292533719296,-0.75885665034971794,0.64785281260873517,0.066508025192131323,0.072666694297397097,-0.017254944980444133,0.99720700880690316,17.183415840469802,-34.445853802277099,-1.9207244378361998,,0.3827608105674769,0.25,0,3
-0.67271954335755157,-0.70736582581978991,-0.21698388061580909,0.73706245021830119,-0.66632515689292715,-0.11291470130063701,-0.064709817361845084,-0.23589059700188222,0.96962274405208448,29.879512675642911,7.1220935279791107,0.80382320713480959,,0.1986333934354567,0.25,0,3
-0.95134882805684062,0.29927308495249849,-0.07328729752073028,-0.27325172114862423,-0.92939166503041448,-0.24812220751337408,-0.14236890195612223,-0.21602489114685369,0.96595255688920856,-12.637105806765691,4.4100166675728678,-1.9221419176550807,,0.1241532373699431,0.1363636363636364,0,1
-0.20705558706496596,0.97363706820105655,0.09570184580264908,-0.97632811354661608,-0.19938765861168156,-0.083833026259692439,-0.062541174946502728,-0.11079449904306288,0.99187357078314597,-1.3757622200944519,18.981288015048179,-0.1798727185625987,,0.2077090891140576,0.12,0,2
0.99002289188954828,0.0025330739713902073,-0.14088384247638985,0.030112636101695334,0.9729366203554054,0.22910164102076994,0.13765138096533444,-0.23105825306112379,0.96315324897478238,-21.525295251586357,1.5012596323473932,-2.7712788366263057,,0.2290756570298871,0.3636363636363636,0,1
0.89310983906195407,-0.36153060831342221,-0.26767598813352111,0.42726573589747108,0.86789420383202587,0.25338437576686901,0.14070823109798025,-0.34066885711391393,0.92959449411771844,-8.80441499859438,31.36854050978657,-0.30374133315921376,,0.5662135882855404,0.2727272727272727,0,1
0.66726196559774875,-0.69094257835908235,-0.27813633828957601,0.73394438414337015,0.67354157844158413,0.087563594574628673,0.12683497250774001,-0.26256445974450587,0.95654210269493001,22.471588401600798,-31.193269562610258,-1.4303650408261752,,0.2919184754294313,0.1818181818181818,0,3
-0.9452070242948778,0.32168030415792359,-0.05572668248235,-0.2937925620793459,-0.91254898990954858,-0.28450003775380517,-0.14237138648786338,-0.25253934927438271,0.95705499600472044,11.300234954402791,18.295722972728882,0.84488449384304865,,0.3554629871282177,0.1428571428571428,0,1
-0.63612481965984247,-0.7026791450902784,-0.31872752135315802,0.76956225039390014,-0.60769555442553091,-0.19616333984749007,-0.055849409857294634,-0.37006503777936339,0.92732556916756581,6.2644021304492883,9.4407860878551926,-0.074176241090235878,0.5324304047376802,0.2164411859209054,0.2682926829268293,1,1
0.98706355111462407,0.093566694107961576,-0.1301953141042112,-0.08541282807044652,0.99409886051799856,0.066873793954165719,0.13568417321852758,-0.054888334557745694,0.98923054737886107,18.014335568407489,-25.483644050497084,-1.5023116630829507,,0.08150571372914663,0.3333333333333333,0,2
