axis_00,axis_01,axis_02,axis_10,axis_11,axis_12,axis_20,axis_21,axis_22,location_x,location_y,location_z,dbh,dbh_approximation,score,reconstructed,number_clusters
0.43676364042018156,-0.89116504966779153,-0.12272887458749335,0.89957310004923074,0.43231427072652495,0.062230290004221825,-0.002400015568074094,-0.13758352218487221,0.99048726107329488,-4.5293798280454123,9.292466371270546,-1.1912168799463838,,0.09937990430602198,0.3344051446945338,0,5
0.51975563596542396,0.84993011932691676,0.086445769954988844,-0.85256431168038327,0.50955375501645539,0.11614243495632845,0.054664186915497646,-0.13406626350265519,0.98946352315752617,5.929254354985094,-0.16693660936267687,-0.3661003323464459,,0.2141099167481788,0.1739130434782609,0,5
-0.82469016660044125,-0.56342924354342938,-0.049331700078296389,0.56387240577128928,-0.82584192933791511,0.0057461079983378389,-0.043977711653001995,-0.023078025641483323,0.99876592133004627,-0.98531991373239192,10.194846918727574,-0.81832548633458524,,0.08142571433692621,0.3605442176870748,1,5
0.96851987672254647,0.24634321800650874,-0.03583667584390518,-0.2423730728180756,0.96600118882685704,0.08998331377440387,0.056785050550891128,-0.078464782719999251,0.99529831503255162,-8.1551457334802375,2.149349199647248,-1.2750865230589508,0.3243760291898679,0.2454362484826884,0.6506550218340611,1,5
0.60616865106917561,-0.79234885922565002,-0.068868365341346979,0.79528883839590625,0.60480028432915411,0.04162066311661472,0.0086735219990659394,-0.079999383492547566,0.99675717637594485,-2.1597645605284796,17.477327180565979,-0.93757328800509387,,0.4219207475182003,0.9441340782122905,0,5
0.71326469617064525,0.69426776926658595,0.096154759394414424,-0.7002313350430428,0.69988435755611622,0.1408473055194964,0.030488532605507337,-0.16779198611931087,0.98535085059774608,-19.153023798725041,4.3286797256397813,-1.5491992987100329,,0.1979026049778132,0.625,0,4
0.070485433127536051,-0.95416171513015458,-0.29087321137689121,0.9973179882908324,0.061646178122324709,0.039453503702945744,-0.019713800961544157,-0.29287398331499609,0.95594779980334521,-19.232339952942169,7.5804705680663691,-1.635253160501166,,0.4215958901352703,0.2571428571428571,0,4
0.96533984052562016,-0.25629228406468058,-0.049328059184209509,0.25859580075441491,0.96479740050469531,0.047897680649140073,0.035315777297898296,-0.058993568363789745,0.99763347716761874,-8.0287037454260162,12.825032371467239,-1.4534052444720771,0.3300562782298884,0.3083953159664939,0.8992805755395683,1,5
0.99883974692418043,0.047136166336273398,-0.0098661941780119229,-0.045147435921526036,0.98783911885068265,0.14878032228093235,0.016759146581815425,-0.14816226608494343,0.98882105252387464,7.0002443711563149,16.617432724293089,-0.19266532969709815,,0.1691608334465564,0.125,0,4
0.80502593005104228,-0.56176652293771712,-0.19066102289645898,0.59234200895861144,0.77883659274844541,0.2062631964720591,0.032622022750483516,-0.27898375490781224,0.95974156319772219,-15.872533053876902,-26.356400222259111,-0.73998186876409289,,0.3053265291725455,0.3043478260869565,0,3
-0.0046343978062314507,0.98604117949143877,0.16643711936976677,-0.99997786736532501,-0.0053642232828223207,0.0039357195109607059,0.0047735873795843346,-0.1664151959879398,0.98604421574685241,13.953250050604042,13.058410248639696,0.27057347783929914,,0.2514203832612065,0.1578947368421053,0,2
-0.98999738700571571,-0.1197049454089133,-0.074671947654420506,0.12535913259562664,-0.98917446261303321,-0.076282176090419512,-0.064732229968753136,-0.084879965591809409,0.99428624140355382,-5.6446604231186264,9.8412209332653138,-1.2947767662478493,,0.1641004208417116,0.1940298507462687,0,2
0.84441442885705931,0.53072276600822144,0.072784737264002738,-0.53374083887611601,0.8219575936002611,0.19876224802182479,0.04566168255580802,-0.20668589686636088,0.9773412662845673,1.8371660529016203,2.3700931751429475,-0.72758828807272091,,0.1144567452554837,0.2352941176470588,0,2
0.098200394857420478,0.99515200861364328,0.005400203892303404,-0.99453627001027423,0.097943629012193653,0.036119982973057373,0.035415958040110655,-0.0089176952265439414,0.99933286978261082,8.2298245954682514,-2.2615394100256818,-0.14085527899658221,0.2640034517159391,0.176607685112558,0.2631578947368421,1,5
0.97610405219563978,-0.21122501810009245,-0.051037937025970467,0.21466671929121933,0.97376439459837494,0.075505651716973959,0.033750243199067005,-0.084657519105367868,0.9958383531190832,-2.3941409715090853,-15.713426569129561,-0.36597003582486859,0.2427019054065565,0.2024846594440908,0.6122448979591837,1,5
-0.98143859306349879,0.19144567425184986,-0.011262408969481406,-0.18703360149607001,-0.96849363381144415,-0.1644339173592701,-0.042387733567042035,-0.15927534359391787,0.98632380330502523,-2.4223039603025489,16.156712761859417,-0.95790071761852735,,0.5341499340320199,0.28125,0,4
-0.97609593310994869,-0.21036835213302943,-0.054606645997110251,0.212143373168202,-0.97680867503209678,-0.02898278114429401,-0.047243185614826599,-0.03987441288438992,0.99808722695468344,0.23570268786673501,4.4748391534418142,-0.79160030609307641,,0.07886399709841009,0.25,0,5
-0.54629891510488071,0.83757671636791498,0.0047686007981520388,-0.83758880551783421,-0.54627837075994878,-0.0049934468120043981,-0.0015774113093373848,-0.0067220412225475028,0.99997616268357326,-20.603242520791692,5.3496601016856387,-1.633674443692225,,0.3812256957909413,0.8720930232558139,0,3
0.70440562231518344,-0.70380785625824782,-0.092017502247828203,0.70961953059002603,0.70119022518799479,0.069082486246522579,0.015900976572236526,-0.11395950846673231,0.99335813751842306,6.0932187416714738,-17.646717504460554,0.16296831335452699,,0.08973794458105948,0.25,0,5
0.68168660257880875,-0.72808136972646575,-0.072117230408515864,0.73152137307634713,0.68005975343486003,0.048940908150683742,0.013411062488013315,-0.086117656815261914,0.99619470616320371,5.9767067164532524,-4.5270493182020424,-0.32292130902084265,,0.07485327828521415,0.3103448275862069,0,5
-0.59277173788863002,0.80535601698700177,-0.0048324593454815079,-0.80534799001278656,-0.59278936477404653,-0.0039222433819861872,-0.0060234328134744003,0.0015668163947399037,0.9999806314841938,-6.957380733425599,-9.1691200749955577,-0.83275540748982535,,0.08145047139036828,0.3636363636363636,0,5
-0.94774210097626332,0.31695405982535024,-0.036401016432575331,-0.31710074252327985,-0.94839010675776092,-0.0018233198253212767,-0.035100272481576766,0.0098147523773700947,0.99933560004009059,4.0549082282620024,9.5309206350148958,-0.39755499831325392,0.8925267043863028,0.9008605756795879,0.9035087719298246,1,3
-0.74492119024028325,0.66669147477285573,-0.024797132822108523,-0.66681882231910894,-0.74520952763884063,-0.003926591047673008,-0.021096884413564061,0.013610194028509473,0.99968479236534846,-7.0004729836008881,14.255966617560778,-1.3435464609130896,,0.07039233148518106,0.3225806451612903,0,5
0.99757371447120335,0.056664030772542812,-0.040445912188213931,-0.054512567098009036,0.99713461666851377,0.052449368630359365,0.043302011783674134,-0.050117300984256742,0.99780418515735958,7.8919258258210068,-4.0389548443595684,-0.18785341976630343,,0.0705321080424785,0.1612903225806452,0,4
0.65036005746541903,-0.7158268635806595,-0.2542119136269041,0.75924868236379628,0.62310431025455315,0.18783625015165961,0.023942305286167368,-0.31517125490512832,0.94873275799832613,-0.13325446086904666,-6.5301498945298597,-0.72422539541043274,,0.5917149652333673,0.498220640569395,0,3
0.6595188400154417,0.75146048101862473,0.018494462196628599,-0.75135274158896825,0.65829030844985126,0.046075237468083785,0.022448994886780836,-0.044283352044037078,0.99876675323136199,6.6373389748886185,14.466197730866844,-0.19574186807331459,,0.1410447661476193,0.2424242424242424,0,5
0.9533760504321237,0.30056280097640553,-0.027131331181176031,-0.29830425139715483,0.95217904129286379,0.06610330491727566,0.045702079392825133,-0.054927916325133636,0.997443855035135,-8.3215609635716774,5.2005555004402675,-1.3561616636643883,,0.08257144234796587,0.3,0,5
0.83817719864282758,-0.53449951549765196,-0.10848618164558137,0.54488017671640487,0.82931410744291578,0.12386970661812582,0.023760822729070766,-0.16293673351622187,0.98635036583067304,-2.7222494287819736,-4.9151280400792476,-0.84814260446473888,,0.07179742748282852,0.3555555555555556,0,5
-0.11222414199012561,-0.96652563512926415,-0.23072481139347048,0.99364311225674729,-0.10707439617100639,-0.034762611371124165,0.0088942351726023841,-0.23315932390231967,0.97239787240517339,4.9271375372156072,14.757607774608108,-0.29430915988688811,,0.5594821436336188,0.6376811594202898,0,2
0.22712138615762281,0.94189941943296818,0.24746991659932868,-0.97344601935795227,0.21210525029014754,0.086105808140405318,0.028613342097671749,-0.26045507572553195,0.96506187893979656,-9.7928976957335294,1.3950487167455246,-1.3025772796236526,,0.1204636173531887,0.25,0,4
0.7388724484901209,-0.66768344163829796,-0.090919341310041105,0.67372328817500837,0.73455101126403233,0.080819198348182561,0.012823253599187619,-0.12096955655463709,0.99257338799410999,8.4770918981317678,0.24780756638970816,-0.1620966949925203,,0.08271050507924511,0.2173913043478261,0,5
0.837525907916018,-0.53492711109006597,-0.11137028055224302,0.54515780278466941,0.8318063632898568,0.10440854396788517,0.036787547246871374,-0.14815923802226555,0.98827906815646993,-0.74769792771859367,5.4646284410987311,-0.83583223175280608,,0.09512103472436152,0.2457627118644068,0,4
0.10002942903747457,0.99495433375753373,-0.0077451316025472705,-0.99477608588441047,0.10016475678306438,0.01968655508419985,0.020363012521003001,0.0057354368354543064,0.99977620119973731,-9.8580948742764871,-6.9774693433074804,-1.0104121316412669,0.1919457764039995,0.1472172825119075,0.64,1,5
0.40603622696142955,-0.91048854726097495,-0.078391247607939807,0.91385478163480605,0.40435040950184903,0.037016002200288514,-0.0020051129971184432,-0.086668054335434785,0.99623522718260804,-4.7974780248564866,0.089896940130288691,-1.1253517040675749,,0.06998274111536198,0.3129251700680272,0,5
0.69164650434255182,-0.71052107079308013,-0.12955663236508821,0.72209548237834942,0.68383573329572223,0.10462697642902821,0.014255783370508895,-0.16591714145005074,0.98603664983282258,9.9665531082286805,-4.6729465051663821,-0.0016850734872899667,0.2075726267562329,0.1462837484451502,0.4426229508196721,1,6
0.68483288571729173,-0.70076508171873519,-0.19983047536314619,0.72858516789513539,0.66334707897209677,0.1706877439724479,0.012944951268509501,-0.26248610070424838,0.96484893904369029,-10.390758801542189,-16.926056684144726,-0.70903584218823967,0.5706229254691431,0.4944585768357282,0.6814159292035398,1,5
0.19015659993681525,-0.97904472412622445,-0.072882752836834319,0.98169258614461508,0.18879125956455961,0.025249289509306536,-0.010960556973423762,-0.076349777161640667,0.99702085119529982,0.2675978558418512,-10.653682249480946,-0.4951103466139935,,0.09079531508806464,0.1875,0,5
-0.89494186972701162,0.44300284640586901,0.053174504095653649,-0.44121038954891695,-0.86091872779029199,-0.25328311490116745,-0.066426214430852046,-0.25013480808604605,0.96592967436565647,21.852694832022809,6.7088500318607673,0.83774153522730699,,0.6165882549922319,0.5263157894736842,0,2
-0.93947167762707795,-0.33776497192785382,-0.057513395614767898,0.34065613136516232,-0.93879174523613529,-0.051219715342956121,-0.036692875328677974,-0.067711762752629273,0.99702996448704939,-9.3285156322551259,18.795549296923109,-1.4033406384500444,0.5131164772328263,0.4915920611762529,0.9478260869565217,1,5
-0.96867685226180733,-0.23461304133242905,-0.081374914616879956,0.24550925842356772,-0.95401916123319264,-0.17196698528562362,-0.037287530361589175,-0.18655873294130182,0.98173595189484109,-1.2824771611460406,2.1936263356331449,-0.96123286565879906,,0.09326237941791933,0.2475247524752475,1,5
-0.95615814614892403,-0.28891504727099082,-0.047850757710322774,0.28943831396097502,-0.95718726764726014,-0.004242294826893085,-0.044576473217145668,-0.017906147390530223,0.99884548751103031,-7.3286362442726896,-4.5270536787947062,-1.0059295375656425,0.1854872876224425,0.1448207592699387,0.4965034965034965,1,5
-0.77720161778778885,-0.57698037386511103,-0.25110016623355952,0.62771104288988322,-0.73880206023167683,-0.24525570825472323,-0.044005589896507435,-0.3482314804435514,0.93637510864287377,7.7456093306015132,5.2493182938078773,-0.17720321838717537,,0.398423269784671,0.1627906976744186,0,1
0.0064190719322254489,-0.98817456269159154,-0.15319865914821873,0.99981247030725939,0.0035430680544729872,0.019038668200751271,-0.018270734348291531,-0.1532921404314147,0.98801199382817761,-4.4178451438162796,15.089335578633507,-1.1502197770038445,,0.139959571924122,0.25,0,4
0.3730156278249277,0.9276605631761724,0.017470573145778812,-0.9260802132867888,0.37109389148586164,0.068299064858720809,0.056875125996091395,-0.041655770663216497,0.99751191311852649,-5.1562502376375976,13.504637435273892,-1.2100917415306061,0.59299250114099,0.2648159458456227,0.3636363636363636,1,5
0.68612344191155838,0.72747063055748429,-0.0045939237841101897,-0.72600183767249926,0.68511387221749442,0.059500536058983096,0.046432253397740479,-0.037489515486980853,0.99821770274472743,0.53048970352696156,8.9565326396950677,-0.67375467528573307,,0.08126269772973863,0.196078431372549,0,4
0.54730278415327049,0.83591228283611985,0.04135598943062023,-0.83611669288065349,0.54391578211413449,0.071165285452169713,0.036993760884747581,-0.073527391976572182,0.99660683535922334,0.30007202009335854,6.1501229572869853,-0.74086796829762447,0.1510753185623188,0.1672197824499468,0.4376996805111821,1,5
0.12781105585422917,-0.97717124437563396,-0.16970766973476131,0.99170072807493059,0.12351063975515579,0.035704170665701883,-0.013928386018506843,-0.17286260738704556,0.98484745977753962,14.190530371589405,-21.660396936405114,0.84894724529255905,,0.1113310298512597,0.3333333333333333,0,1
0.99855539017101169,0.035698161813977732,-0.040159357608429397,-0.030790334480262874,0.99267721848591295,0.11680708540865611,0.044035077642854067,-0.11540182469170325,0.99234234556165812,2.5016848858809997,-9.070019776793627,-0.44501309798501865,,0.125870722458866,0.3378378378378378,1,5
-0.093537987373959811,0.97076234011644347,0.22106814318141044,-0.99542099457408018,-0.086793969672876461,-0.040048100948414309,-0.019689806478975783,-0.22380188971514842,0.9744357473331684,8.5959685906126335,-12.377626843233701,0.040959031185904146,,0.3886177670789076,0.1935483870967742,0,4
-0.47464869462515197,0.87423666932783906,0.1020728303379866,-0.88017192097000951,-0.47112144388811084,-0.05780981443273446,-0.0024507604135557866,-0.11728099211445109,0.99309574697611458,12.677368207187468,8.0892217583389616,0.19309778518295787,,0.09908611212961438,0.2380952380952381,0,1
-0.62301322990897678,0.78029946748895207,0.054655799279147557,-0.78185408114270993,-0.61909522621280466,-0.073656613287643738,-0.023637071706822558,-0.088621904273009686,0.9957848396737885,12.653154080203917,-9.640351426577789,0.37304300934719703,,0.2029249522058283,0.3076923076923077,0,8
-0.64269340962489407,0.76611425702743674,-0.0037585108789990013,-0.76610654487168361,-0.64270408782383137,-0.0034953396557057962,-0.0050934398494525716,0.00063298802224988923,0.99998682801158167,4.863430657506699,5.0076850486788835,-0.40148847891077211,,0.1033205933648965,0.3208955223880597,0,4
-0.65206193541581514,-0.732318646787953,-0.19627692668381544,0.75653559039652607,-0.64544525622835724,-0.10513953431365165,-0.049690369742660737,-0.2170479688432331,0.97489540278732767,-5.1449795441464587,6.6467531575685435,-1.208707930738395,,0.1998640480614751,0.3333333333333333,0,2
-0.93720066499564758,0.32542568180870346,0.12551111166370349,-0.33984391671067421,-0.9329697649143569,-0.11863190983205081,0.078492202201661213,-0.15383609256280537,0.98497382240267861,-19.236725891204259,-5.5508630846665419,-1.3366909508293785,,0.4001064172710989,0.4925373134328358,0,2
0.89500866678916335,-0.44282601428597723,-0.053522027651056951,0.44596947343152016,0.88612208109097623,0.12609078542943122,-0.0084092294235400544,-0.13672153625012279,0.99057382682256923,3.8786456955119761,-2.3737750825598951,-0.58865504197644192,0.7143418379667066,0.6384039398487164,0.6355421686746988,1,5
0.87283945248914419,-0.46851745157999281,-0.1365382281393818,0.48709323141757693,0.8535282592519714,0.18501268757975595,0.029857563290322381,-0.22799321968710087,0.97320481795512881,19.314234048343643,-15.855840746955904,1.0901227745315538,,0.3342847107591151,0.25,1,5
0.0074225382208060612,-0.995306076181661,-0.096492075541090003,0.99981920859122186,0.005697496345730451,0.018140801178959637,-0.017505886392434642,-0.096609281392923796,0.99516842327837118,-2.7692087707453572,8.6196087351314912,-0.97478916255969472,0.174417192740018,0.1207970419812996,0.4313253012048193,1,3
0.1409465128726981,-0.96830981714676667,-0.20617996635517752,0.99001715594869732,0.13792629443603197,0.029023580592312432,0.00033382073002889771,-0.208212476380117,0.97808356148305653,-11.238686334801187,-23.347563285634855,-0.55445440126365098,,0.4194132150133437,0.5600000000000001,0,2
0.10460772953051711,0.9833622357383931,0.14851241108425961,-0.9942356723782888,0.099875942640754542,0.038990048116333845,0.023508523836333877,-0.15173499729861498,0.98814160923514749,-5.534111374623218,19.637236997132501,-1.1551638934967332,,0.4014668987289767,0.5,0,1
-0.22749638858253024,-0.96466211169597416,-0.13293759227611116,0.97240162306014544,-0.23230601238073365,0.021656409715290575,-0.051773319884864624,-0.12434197549510616,0.9908877819804186,10.160455643621335,11.463661422581328,-0.026802686801628187,,0.309868816116383,0.1,0,4
0.92930926683097648,-0.35995294324792393,-0.082572181933332975,0.36754329671166802,0.92326522797118915,0.11177318042191003,0.036002939107709388,-0.13422070431370439,0.99029722351884897,17.537532057161158,1.714679492378741,0.59894206593246568,,0.1485230185259878,0.6666666666666666,0,3
0.97763138667467886,-0.19522364702437767,-0.078259820029485574,0.20795789081594104,0.95289377554269039,0.2207871558297359,0.031470421603967257,-0.23212320042274998,0.97217716101005502,-18.170004705055181,-13.203766174875332,-1.1090744443896396,,0.1739998746684256,0.5789473684210527,0,2
-0.95599828876746029,0.29281669779486524,-0.018045868396884955,-0.29126179284208226,-0.95468870951634655,-0.061123121258887782,-0.035126057337866556,-0.053177527344953728,0.99796708897707309,-13.921160118468777,-4.0517419300523168,-1.22515360586237,0.4291849388799846,0.351960805260335,0.7421052631578947,1,5
-0.91977509288773274,0.39171875687276025,-0.023878735674693497,-0.39157512735142597,-0.92008491184012886,-0.010614831315528796,-0.026128492935437078,-0.00041293849641897852,0.99965850736074924,-13.624333310305353,-11.875629820307323,-0.99096836348588113,,0.1104884879618976,0.5185185185185185,0,4
0.42402956875508363,0.90330671059421763,0.065083879853858106,-0.9054023928589171,0.42114361390854033,0.053708132246441526,0.021105255902849267,-0.081700936711325042,0.99643340224711796,-2.9193261276257441,10.160685693454097,-1.0197059769496777,0.2647424023046033,0.1391709199982887,0.248062015503876,1,5
-0.99712900952517791,0.065861549631511876,-0.037363011702404157,-0.064635186540502307,-0.99735873916431594,-0.033133639604507298,-0.039446559092176252,-0.030623548009706684,0.99875230527047343,-8.7421908896948537,16.042000478991696,-1.4054465153201845,,0.1150387534375041,0.2666666666666667,1,5
-0.7305635966528804,0.68284465152786444,0.0001145661266097125,-0.68244090310242511,-0.73012584390352875,-0.034506026095559528,-0.023478607674960052,-0.025287031141478584,0.99940448319871755,2.1391688482696072,15.184494701583931,-0.51227897930063893,0.3073735218255063,0.1697991612583848,0.2769230769230769,1,5
0.14323156682751831,-0.95904373990648384,-0.24437639659001237,0.98965944613933499,0.13687750209498137,0.042880416129315875,-0.0076745639171919835,-0.24799123848721599,0.9687318755477482,-16.505794176940682,-18.853454610759446,-0.91349330762501313,0.3059260043427927,0.2274470392151183,0.5172413793103449,1,5
0.20270363305381589,0.9627937158149299,0.17871624977618311,-0.97910824634172022,0.1962771366244096,0.053125583141866897,0.016071063823671034,-0.18575130262208661,0.98246535535955293,-13.959807179582052,3.048434317527728,-1.4028319477638913,0.5787760506363537,0.4107382774032954,0.1764705882352941,1,3
0.21713483022227789,-0.93280595146344047,-0.28762044854065655,0.97607697023326245,0.20409026470441652,0.07497274193423023,-0.011234486396716994,-0.29701888957988382,0.95480551189660356,3.211871658514402,6.8414047492886771,-0.54583980878488014,,0.09115899588275291,0.3529411764705883,0,5
0.57345582085479063,0.81657104373445122,0.066031447524551201,-0.8190138218217452,0.56955559259074362,0.069446285815339806,0.019099245867242653,-0.093905045035056811,0.99539794118948577,-18.674727629656338,-6.7920043811220969,-1.2989888412513322,0.291072461433166,0.2082650096813995,0.8026315789473685,1,4
-0.27060745288845772,0.96109883276013042,0.055323052232654706,-0.96266626579214087,-0.27055527717584482,-0.0085733714557462148,0.0067280864320829279,-0.055577654317339339,0.99843169881246541,5.1559031765075263,1.65629545123234,-0.42611371596114661,,0.06925048980618591,0.4680851063829787,0,4
-0.21356310868286107,-0.97190956556032104,-0.098907001683703366,0.97639074663825642,-0.21570981327358241,0.011418683666009346,-0.032433138745743433,-0.09413327164092325,0.99503116467841113,-7.0324750342097166,12.420796793891828,-1.4145754067784186,,0.07467025826692208,0.36,0,5
-0.88611597199640513,-0.45525331854162238,-0.086849871212955565,0.46118363421406117,-0.88470122678716601,-0.067921976225633507,-0.045914482529784272,-0.10024048722010788,0.99390326743395829,8.6776379967408452,9.7186860014845688,-0.08453293121572876,0.1227804088933704,0.09888953993111727,0.3448275862068966,1,5
-0.95387900994444885,0.29980883738879271,-0.015149105946515919,-0.29452235328193527,-0.9444340565737861,-0.14594826549450407,-0.058063911379352171,-0.13475523665952185,0.98917622716489062,-3.4437050711041075,-8.4078329244114904,-0.71381139765240065,,0.2323018590621016,0.5757575757575758,0,5
-0.9717995206228478,-0.22838784719828467,-0.058691421599229243,0.2321500843699511,-0.97028768259471254,-0.068177352046039141,-0.041376684790230885,-0.07987993651172931,0.99594536280794754,11.831929637271754,11.981724623260373,0.1005380766309982,,0.1620601696977863,0.45,1,5
0.13421936834939621,0.97500424216917003,0.17706464613810502,-0.99062854460014227,0.1274538357992373,0.04909792626441549,0.025303118054778074,-0.18199518535440529,0.98297380673369039,4.9491713380445947,-13.961539998494169,-0.092105988219031931,,0.2395700560151731,0.375,0,3
-0.97674291655448586,0.21294266534441103,0.025073815757774575,-0.214314245626676,-0.97315400587171208,-0.083908789630818048,0.0065329229373577184,-0.087330991817671733,0.99615792863683839,10.936363790268333,8.2690610685607631,0.03569843693294774,,0.1885797622027366,0.2105263157894737,0,2
-0.38709881795575946,0.90880148293753615,0.155673921219287,-0.9220123549149577,-0.38026596248447175,-0.072739364582960486,-0.0069081489147445763,-0.17169060075115747,0.9851267000199917,-0.14602902529138309,16.696341749324894,-0.77756573103052107,,0.2636998323429254,0.1666666666666667,0,2
-0.99467855154126394,0.096952661818517707,-0.034853414037603343,-0.090459484853668198,-0.98376998206740696,-0.15496355695163369,-0.049311871834087313,-0.15098610449109998,0.9873051886558788,6.6809735206376555,-3.5477454072347125,-0.27108347346218914,,0.1985795800370015,0.1481481481481481,0,2
0.61158225574892155,-0.7550929318503935,-0.23622406465607682,0.79112706173883873,0.58712823900620537,0.17145962541060389,0.0092258678471472139,-0.29174491466184965,0.95645166533987369,-8.242180011442521,9.807039563782121,-1.4676839445653429,,0.3028876066617409,0.3442622950819672,0,4
0.71350940591121037,0.69978787403134857,0.034659183990928627,-0.69938318477005179,0.70838356496230714,0.095162417750879413,0.042041509691392406,-0.092139330635611263,0.99485820859702923,3.9660099888528175,1.5207793900706947,-0.55260785898075149,,0.0670634307897655,0.2903225806451613,0,4
0.25243178617756779,0.96239318198709023,0.10038703398331154,-0.96700676723046897,0.24723483717228595,0.061423508682520098,0.034294393968709404,-0.11258018721407916,0.99305065127070047,-18.262461188885158,2.041319338165724,-1.4762107370211268,,0.1833204274540548,0.25,0,6
0.92647412385034877,0.37472538660397131,-0.035022599421414724,-0.36707552494378526,0.9202419214142159,0.13568480039826339,0.083073803470005023,-0.11285251750127881,0.99013284587001282,-20.774666418424431,0.83175244270166016,-1.5274450506200818,0.349519575432744,0.3833900008380626,0.875,1,4
0.65482116877725871,0.75515774193933882,0.030757465927244002,-0.75452905926761471,0.65084832695204775,0.084156722990207919,0.043533155662268452,-0.078315005540450996,0.99597772277560781,9.5351576892276206,0.047252700570088728,-0.074281403327152773,,0.108213575427858,0.3076923076923077,0,5
-0.90599577552692334,0.42266885739963356,-0.022862452008867839,-0.4215597896831228,-0.90585632669303662,-0.041372202171516548,-0.038196838215890365,-0.027845149931140969,0.99888219984922266,9.7732048700691703,8.7278256590070491,-0.035372541128466425,0.2088127320599696,0.1659888740723011,0.3625,1,5
0.15557994761850352,0.98102290757648924,0.11571056438024302,-0.98751116231664371,0.15151558332350287,0.043182546360420494,0.024831113528291985,-0.12098381222423649,0.99234385823697013,-21.892031995345093,3.3583675482247894,-1.6271270508967766,,0.180519343045496,0.3333333333333333,0,2
-0.43519871571357516,0.89275278317764772,0.11659565159052408,-0.90033431074140469,-0.43146848611888988,-0.05686013003918864,-0.00045469006451965931,-0.12972052117856123,0.99155049273453943,-12.519661191997704,4.1715746236518347,-1.3916807883752618,,0.07983773226284914,0.2444444444444444,0,4
0.6054998826287874,-0.78807432833671176,-0.11094478425399712,0.79522451004759498,0.60462521585012219,0.045236345760422722,0.031430411325465826,-0.11561661374921216,0.99279651886430298,-3.4304735925074916,-11.818307555670835,-0.57391573889843661,0.409175635708195,0.4393307644348853,0.7280701754385965,1,5
-0.65394169103497801,-0.75335256286756347,-0.06942752154000581,0.75596226627227292,-0.65428176190667919,-0.020890859455311061,-0.029686978606844237,-0.066145990484429984,0.99736823252198625,3.9283547284722933,-4.4540080585320121,-0.54523495078002671,0.189146440197876,0.09856952033146837,0.2168674698795181,1,5
0.8619929153067849,-0.49206272162850506,-0.12182976624970715,0.50624677140316654,0.84800164160434133,0.15686753099418901,0.026123177539880277,-0.19689462618337517,0.98007657138375115,7.2136795229865971,-19.127145747902212,0.27385561435587913,,0.1931391595609233,0.2105263157894737,0,4
-0.36600813916530384,0.91939781238931828,0.14403369271975297,-0.93045382624468642,-0.35868611223492669,-0.074832814436030418,-0.017138240614933901,-0.1614061196594796,0.98673924886217801,14.617395221259697,8.7207193769622524,0.35618522439572414,,0.5010605144928862,0.1304347826086956,0,4
-0.54743865957780358,0.82130169772239381,0.16054418493976025,-0.83669676170089213,-0.53355381378958477,-0.12352674507907399,-0.015793763291215339,-0.20195011539710378,0.97926845549736696,-5.1293552884948106,11.202774403837608,-1.2477397348938464,,0.3012867094581708,0.2375,0,2
0.78144292480454269,0.6239076760149691,-0.0092826226101258274,-0.62272671255717427,0.78073233611226012,0.051657146808814447,0.039476534050703505,-0.034586574827425068,0.99862173624503603,-10.208354479945553,6.4837264903239999,-1.4170709846735152,,0.0961141362507799,0.4324324324324325,0,5
-0.42725875144632919,0.90387892498691713,-0.021280232071541099,-0.90412900945417518,-0.42716188828198287,0.0091353961481001698,-0.00083281206508389687,0.023143253096002282,0.99973181216774265,2.2701610925116946,10.997411034400173,-0.50870838414993302,,0.1017475027588731,0.3636363636363636,0,5
-0.65146136224287299,0.75149692356162168,0.10416557676160934,-0.75858608375163894,-0.64302943847933625,-0.1051679361179147,-0.012051848116044194,-0.14753140386496805,0.98898394215003316,-3.8701595991227773,18.837816476430554,-1.0644124656725837,,0.1554235700216821,0.2727272727272727,0,1
-0.9278126140753713,0.37251946647275158,-0.019824234196621299,-0.37181035239368976,-0.92775401125657808,-0.032086702077491515,-0.030344933934782489,-0.022399591428994253,0.99928846850562014,12.393846538754229,-20.359126560727251,0.66848474159778049,0.7246663244439343,0.6336877110019473,0.968,1,5
0.9986192311876263,0.036299148377486608,-0.037973713662289806,-0.032716414545974071,0.99530851245448304,0.091052738865464833,0.041100697335840125,-0.089684652325332501,0.99512179948777824,13.59587391082322,2.9337953261354701,0.33512553997334826,,0.0961183531433932,0.391304347826087,0,5
0.77936089900113747,0.62256553891543631,0.0707724442355286,-0.62577326855866366,0.76766910116234899,0.13817368591015519,0.031692356579237274,-0.1519746718223918,0.98787615299638176,-14.020372044385116,0.6642148771949774,-1.3545274032078225,,0.09957969714381591,0.4074074074074074,0,3
0.45324183823726716,0.891308633490691,0.011864060698677978,-0.89064855745666094,0.45228408619902316,0.046735986899659888,0.036290262766663327,-0.031749413161090465,0.99883681930145862,-1.907241272991625,4.1009804385983708,-0.96646499245423156,0.1933912358708358,0.170752641896454,0.6908602150537635,1,5
0.21165341117130546,0.97734104652955711,-0.0027041279668345436,-0.97697103239805039,0.21164817186681303,0.02706756731817966,0.027026568310433381,-0.0030870882635068951,0.99962994877675393,3.6520495142548426,-1.0195892306643211,-0.59073195936306355,0.1386861931880208,0.1204442818755788,0.6010362694300518,1,5
0.89408324289536234,0.44777342932311859,-0.010682264082430851,-0.44529260725821401,0.89119403594003388,0.086531406010166109,0.048266434453921973,-0.072609546873178138,0.99619185150651457,5.17924428754245,-19.353950625549359,0.18981388908306548,0.3047921317958083,0.2876559456935571,0.5600000000000001,1,5
0.97003113303971522,-0.2351203603263777,-0.061302667916497765,0.24064571543570526,0.96452334217714408,0.10855580149337711,0.033604174980554416,-0.12005473149953806,0.99219837777958997,-15.028219516195144,0.73667100805489749,-1.3861395046893319,,0.1033414932088417,0.325,0,5
-0.14166903827565042,0.98986886988153222,-0.0094606571394233313,-0.98982390292538636,-0.14152066778757383,0.014850649363375929,0.013361316986251363,0.011468261787061279,0.99984496507207332,5.2215528623491512,-2.5205740782039929,-0.42364193847473086,,0.07076801167377858,0.2571428571428571,0,5
-0.33185747048451242,0.94320748474207838,-0.015174320747419317,-0.94327932110434698,-0.3316308895449821,0.01565488666611501,0.0097335327885610893,0.019508814062583899,0.99976230400697153,-1.2826049244351851,11.359425027713003,-0.85831301956697525,,0.08286917870885838,0.4166666666666667,1,5
-0.43751149475540368,-0.89639656959375635,-0.071111756956473329,0.89867505528905578,-0.43861501726240942,-0.00010785688482587204,-0.031094001963458847,-0.063953550741460419,0.99746834856523359,8.652247542651347,7.1765044365710953,-0.10020259422097891,0.2605978358082647,0.07790852510305353,0.1538461538461539,1,3
0.19394332726619518,-0.96362545256959087,-0.18388032240827018,0.98087340994694261,0.19363776604920357,0.01979316090298943,0.016532981218618816,-0.18420207034538411,0.9827493362055757,-28.53132890353946,-9.6833302610975611,-1.5046643493061949,,0.2587476111501057,0.25,0,2
-0.57601599539615311,-0.79821387499400298,-0.17623899345728586,0.81564829900878832,-0.57549807299989542,-0.059328073434738067,-0.054068709729838099,-0.17792295450690285,0.98255788475167471,3.581144576557024,-3.4753659689551393,-0.60985480196618036,,0.1790872253528482,0.24,0,5
-0.83057928391648195,-0.52657222827432137,-0.18127256146201945,0.55510493653286686,-0.80893160185393487,-0.19361862761333312,-0.044682911337868329,-0.26144091480149845,0.96418467396144059,-0.09155888425944711,3.239051567890995,-0.83503758220823443,,0.08262782668714849,0.3157894736842105,0,5
-0.20851246132812043,0.96658195204415354,0.14913712969412687,-0.97795107338599241,-0.20786603571065498,-0.020085050687574973,0.011586696426281984,-0.15003679942084366,0.98861251624965529,17.292216262866972,4.8890042403501122,0.5446902455244127,,0.3959788470018419,0.2777777777777778,0,2
0.85479907616572892,-0.51708860981820848,-0.044021687637899008,0.51857691794570426,0.84783603747380687,0.11068890520123557,-0.019912798902980425,-0.11744540500584229,0.99287967915697783,-5.7819001501839606,-6.840184167098303,-0.87209705482099775,,0.1515126247769161,0.26,0,4
0.5937700716630312,-0.80281133371485192,-0.054139306019367874,0.80461131062347691,0.59292094091517811,0.032332594096826262,0.0061433552761643211,-0.062759224686413304,0.99800978898140591,6.3328687133409023,-2.7438304520402914,-0.29628089725605022,,0.07153108318543007,0.3269230769230769,0,5
0.77919867627578376,0.62676859730235335,0.0032478186073819602,-0.62510349368533813,0.77672934327985466,0.077052900467340604,0.045771662329989034,-0.062069740805692254,0.99702171601418166,-8.5043251269854689,4.212488492399828,-1.3407318480576129,0.3631314949886109,0.1767246764646221,0.3582089552238806,1,5
0.8829899484348771,0.46877617785046322,0.024034268095433315,-0.46396341092024967,0.86386871887974315,0.19613462179920763,0.071180785962364448,-0.18433592059330553,0.98028238997178674,-1.2168178553696674,16.408393812705516,-0.86018138350498929,,0.2196647424083181,0.2962962962962963,0,2
0.96855519034893289,0.24704458783036828,-0.0294926240247772,-0.24543680227311129,0.96815193400545385,0.049422755603570227,0.040762965276008749,-0.040630091129900292,0.99834241438330362,-8.9686391962497236,-5.0613824475094704,-1.0399109523475456,,0.07285142112408954,0.2571428571428571,0,4
0.98641754707795959,0.16099786428414803,-0.032559338332446251,-0.15266973577387966,0.97176947454842899,0.17987784775954571,0.060600120424281707,-0.17246383978044658,0.98314996280971767,-11.017252300171268,-4.5584176535656002,-1.1166190221380736,,0.2884517931676479,0.4736842105263158,0,3
-0.99879037461726738,0.025852517961043084,-0.041826246388737727,-0.021307381857679546,-0.99417178567798181,-0.10568091615908247,-0.044314591843640783,-0.10466187403694791,0.99352005972340807,2.3780514615125434,18.295063114464057,-0.49818601394571965,,0.161354093476654,0.2307692307692308,0,2
-0.99715384051521416,0.070899375506936424,-0.025641702332070956,-0.065559152807001864,-0.9833477898278844,-0.16949667171907828,-0.037231919491053291,-0.16733320887780545,0.98519712818180194,-7.171559945028565,20.531076222141472,-1.2587031153411818,,0.4087922570169216,0.2083333333333333,0,5
0.98198053775002647,-0.18355792134644786,-0.044952341331018747,0.18584856820426274,0.9811173374358001,0.053563792615091602,0.03427146300633592,-0.06095293014989768,0.99755210747586898,-0.61521309389308154,-12.714612135359813,-0.41113913228259619,0.6474120982936176,0.2142138468617019,0.3846153846153846,1,5
-0.64868857333827334,-0.7448935669298602,-0.15600227167213723,0.75915698462861858,-0.64779542811876678,-0.063574806315152901,-0.053701094122382977,-0.15967046456666764,0.98570864622114651,-4.8228756520154583,-4.4018702041888984,-0.94036490028403474,0.6815811199161954,0.2235404337463001,0.3055555555555556,1,4
0.99241035178887271,-0.11640827293484919,-0.039633415883737047,0.11879611960798428,0.99082489397010298,0.064447742049051904,0.031767524744195932,-0.06866690237269546,0.99713373270096883,-9.4591387320186744,14.307845882888266,-1.5109870536215448,0.1005410633605476,0.1037505222011029,0.3846153846153846,1,5
-0.88443021929792554,0.46549760018558245,0.033093374171980175,-0.46590336858450099,-0.87668016486513278,-0.11985799795448848,-0.026781305685827754,-0.12142434992005154,0.99223933046027524,5.7405657608310543,15.976478022794673,-0.26925500721157286,,0.1312286977274494,0.2,0,2
0.5291297811396557,0.84844761567333304,0.012582454821503771,-0.84769456636595786,0.52788178533574948,0.052485644364637853,0.037889271103173673,-0.038437796099368544,0.99854240719475329,0.91911245661776098,3.1921960515140735,-0.78283663919217372,,0.06553164479573188,0.1836734693877551,0,5
0.57390986093629848,0.79726568860504687,0.18706922059280592,-0.81843996915903994,0.55060084232202933,0.16430072829182149,0.027990862848965323,-0.24739873525827338,0.96850935844191954,-1.9725191207675679,0.19967254995843667,-0.94532462652759419,,0.4690481172782041,0.1997471554993679,0,4
-0.50789977413835941,-0.850768137912987,-0.13502368289404051,0.86059153328453974,-0.50799836263145437,-0.036330103257832258,-0.037683315527788856,-0.13465228953058428,0.99017610991934313,2.8253999421191418,2.9926891242033444,-0.64239277088837066,,0.09253419088535286,0.3084577114427861,0,5
0.92155311824168917,0.38601765231988117,-0.041595941586494052,-0.3808048778899048,0.91955714798802946,0.096965440025693808,0.075680216928035685,-0.073518866160795129,0.99441816208482281,12.243340003092531,-8.1789459609323938,0.28471730765509445,,0.1303332824181804,0.4117647058823529,0,5
-0.9981298490084809,0.036001167052744878,-0.049403648540859366,-0.031372510647139973,-0.9953141182787707,-0.091463498351252601,-0.052464941570571563,-0.089742531309267445,0.99458217759026979,-9.218539935571032,-21.623496684980275,-0.48725710831869129,0.9092417493459176,0.7870684806780249,0.7272727272727273,1,5
-0.074826794423886123,0.99599689219532983,0.048899300337420494,-0.99699811419145745,-0.075700109841716906,0.016255881047453753,0.019892489409886738,-0.047536134752373019,0.99867141981628837,3.6328068651634764,-10.138271930418528,-0.33227479624529471,0.3596415375254985,0.3545700771647411,0.5892857142857143,1,5
-0.88885808966813762,-0.44834601857535789,-0.09443063093686456,0.45594128600536077,-0.88588130069884718,-0.085626308970416204,-0.045264115447972778,-0.11916446072442941,0.99184222089653407,-14.016008241586116,5.6613463237591937,-1.473979042223873,,0.05907399223934663,0.2,0,1
-0.066090717562586693,0.99638109456429069,0.053448399853773296,-0.99766973940208992,-0.066895934431772677,0.013417340938730423,0.016944265502775672,-0.052437089463150149,0.99848046726774053,-18.675856896008227,-0.91047473690748981,-1.4156969229500282,0.3610570192864689,0.3694505672694279,0.6571428571428571,1,5
0.010510157430662333,-0.9945250539611652,-0.10396852232441312,0.99975524855977438,0.008426990909103288,0.020455532293244805,-0.019467397565282932,-0.10415806674356617,0.9943702115229901,2.2494105479319146,-1.2638541960603402,-0.70712597225392015,,0.07235215450572371,0.2846153846153846,0,5
-0.90818127062220255,-0.38838541758205736,-0.15608826701789963,0.41618287181629243,-0.87768218056625913,-0.23762535033787777,-0.044705669638019321,-0.28076815582623771,0.95873387641000174,1.8998411563799225,-2.0522909996910528,-0.72640271854069449,,0.1353528051926888,0.2111801242236025,0,3
0.34075128072173977,-0.90170574798362524,-0.26611145924177276,0.94010608517489958,0.32395763906004649,0.10607542934990068,-0.0094399843018478941,-0.2863183405720498,0.95808804112589219,2.7382185215511985,9.1466749323503294,-0.50401029812276854,0.3637832477593526,0.2950320865931161,0.2807017543859649,1,3
-0.28304215377929803,0.95848806345032567,0.034464059645092575,-0.95908304542945244,-0.28310860111172598,-0.0030384118101617398,0.0068447902628667135,-0.033913893905094333,0.99940131911382368,4.6258306811453691,6.320953902205126,-0.41526222933448559,,0.09429015447425725,0.2293577981651376,0,5
-0.65181135439745208,-0.72085942719111862,-0.23559211469879743,0.75709445851727997,-0.63659936719211685,-0.14679654823265834,-0.044158115460079549,-0.27404914143322678,0.9607013734343911,1.5610669552809444,-5.134755851553189,-0.69778921154175988,,0.3128724669952361,0.3454545454545455,0,4
-0.97875597664595393,0.20291490068641452,-0.029364625985170117,-0.20255429189375426,-0.97915911072694439,-0.014805225963862844,-0.03175684202256561,-0.0085427723745735411,0.99945911573456159,11.044770577965636,10.067211833445457,0.039211792556708654,,0.08667929378786147,0.2068965517241379,0,3
