axis_00,axis_01,axis_02,axis_10,axis_11,axis_12,axis_20,axis_21,axis_22,location_x,location_y,location_z,dbh,dbh_approximation,score,reconstructed,number_clusters
0.82509830969439646,0.56487445791294533,-0.011385347469750893,-0.56107916347229858,0.82158848210298419,0.10090856451729328,0.066354741026367167,-0.076871404782737324,0.99483055616022009,10.132785057554516,-5.735305485806145,0.26193082595965927,,0.08867939213703897,0.3428571428571429,0,5
-0.6382862548955458,0.76297232724985486,0.10229313106147347,-0.76780716163223539,-0.64054205794642405,-0.013342958742788671,0.055342744399515198,-0.087058025779944523,0.99466480825935988,-11.41760200726269,10.215487114674019,-2.1021786531770119,,0.1607076808374083,0.4,0,2
0.17742691271394204,-0.97523642774429364,-0.13203636107280856,0.98172871448210541,0.16601868421295224,0.092986706864552571,-0.068763520896718083,-0.14612223134331717,0.98687378711826046,-16.181241138119088,10.588408213611013,-2.2652541891007565,0.1839665903678387,0.1494797114323171,0.396551724137931,1,5
0.91643023153592396,0.39882891581926261,-0.033032206003298065,-0.37634115989417688,0.88693680838499811,0.26778803054158229,0.13609908925675579,-0.23297766811062676,0.96291144144475527,5.0815734797453818,-3.4154848713067438,-0.32658417528220618,0.5638095638170105,0.351562711693779,0.2790697674418605,1,5
-0.22443326103038841,0.96265007161345961,0.15144157608090178,-0.9722736762903883,-0.23167640196647329,0.031779602965482899,0.065678076525124654,-0.14011025799159443,0.98795521450594592,15.141133667504135,-1.0526397580068487,0.16939702050709676,,0.09802352169568421,0.125,0,4
-0.66211402962602894,-0.7377926236514788,-0.13140417138678656,0.74412610778789356,-0.66803781375015292,0.0013472595723553332,-0.088776953545506979,-0.096889235136738375,0.99132796219706987,-17.815312537934727,3.5341512059936178,-1.7435634934943447,0.1459186882701031,0.104607345075406,0.3333333333333333,1,5
-0.13667193398035035,0.975449261091481,0.17268329826058448,-0.98948332308404663,-0.1427604568719372,0.023285302065201408,0.047365977247626694,-0.16768479653742904,0.98470212410128266,13.783970545363875,-13.223025292145262,1.154261313322082,,0.3386898363544925,0.1578947368421053,0,5
0.25118797963859235,0.93756462565388354,0.24057674785310421,-0.96467314135939108,0.22208715695507608,0.14171459012895046,0.079437580683748871,-0.26767492866928233,0.96022903691619743,-18.2662855939057,8.5927415241641434,-2.1038912458747023,,0.09267077171291875,0.3023255813953488,0,3
-0.11886000661094261,0.99057848461856546,0.068018855027373634,-0.99056784386477426,-0.12300448532481831,0.060375850230620795,0.068173642484031294,-0.060201016609063254,0.99585550762633046,-2.4107459303879466,-14.366701797937594,0.38844342247526553,,0.08374030733830751,0.2666666666666667,0,5
-0.69369433994278795,-0.71750954779823561,-0.062993742147237464,0.7165863679811012,-0.69633586027785543,0.040253532947488291,-0.072747095852651655,-0.017216808922453711,0.99720180582243945,-17.238611953015262,4.5665008459950611,-1.8136059035918732,0.1332960413791205,0.1150801774715512,0.5212765957446809,1,4
-0.82118589653007024,-0.53546506563091512,-0.19730911491612238,0.56651959280853181,-0.80652572094713182,-0.16903198636578756,-0.068624152484085779,-0.25058616270574141,0.9656589981749516,13.999939818073267,4.9303894908395192,-0.36479308380791925,,0.4326121796773936,0.3076923076923077,0,1
0.87906223547995876,-0.47306643422553285,-0.058802508127766689,0.47535647292237287,0.86059887038776028,0.18277255794596592,-0.035858190191054587,-0.18862060623497554,0.98139515848600511,9.5753232403137325,-1.5435533871445977,-0.13713867335076665,0.3505839974409098,0.210162345197539,0.5172413793103449,1,6
-0.95429711441509801,0.29787813153833731,-0.024199920872737399,-0.29872582589925706,-0.95315972103120161,0.047428126091265538,-0.0089385882456046901,0.052489665220415295,0.99858146221789257,-5.4717125872498897,7.4118817094346028,-1.721559050205324,0.2095650830383661,0.2017819390481118,0.609375,1,5
-0.32829007728741266,0.94219290750789875,0.067068250286092937,-0.94283093719337796,-0.33117138056798462,0.037354257638892087,0.05740600165211137,-0.050970989145871136,0.99704890012466785,2.6839249846812594,-24.902386201354595,1.513639442039528,0.5750771366594967,0.4641370209933785,0.4117647058823529,1,5
-0.94265611957789586,0.33318490516476479,-0.019678902222655701,-0.33344233165929166,-0.94269908458781171,0.011603765548987243,-0.014685083586997109,0.01750013964651756,0.99973901265900078,10.156778906688309,2.339033158317926,-0.4023530142528669,,0.214958701466379,0.4,0,5
-0.98965665633757616,0.13513963274792359,-0.04813504157561093,-0.13643111457620061,-0.99034346443254262,0.024624650885766607,-0.044342457557346664,0.030937067031420306,0.99853725235529822,-5.0118304568445353,-21.083664277323571,0.92583334519266802,,0.1432734548745866,0.2,0,2
-0.94085811372377604,-0.33374959699979628,-0.058285644395612519,0.33457128667650787,-0.94235887094812276,-0.0046703829613561516,-0.053367255613945862,-0.023894870743598629,0.99828902186710566,0.73227512763293034,-20.613141518860466,1.0803537309691134,0.5486555607704748,0.4712990854839745,0.7761194029850746,1,5
0.76508720477108816,0.63833133355438465,0.084703469222011468,-0.63985468550846991,0.73887301150317186,0.21131174672765135,0.072301801695534254,-0.21586982529968138,0.97374158173340064,1.4457584401420747,-4.8987423718929364,-0.47523530693220439,0.570098017588723,0.6345780147368231,0.5770392749244713,1,5
-0.38582694983792792,-0.90269526003463718,-0.19047002989908701,0.91961827484047087,-0.39281145558996916,-0.0011785315971415582,-0.073754954804384654,-0.1756144295560241,0.98169230351139802,-12.725299117658729,12.38042979918583,-2.2872190667213661,,0.4257433817377698,0.2727272727272727,0,4
-0.12339365856546149,-0.9800396945754265,-0.15587239037859171,0.98952453733582202,-0.13337487985742832,0.055247908859478868,-0.074934605064409493,-0.14742231337054226,0.98623093973182552,8.9872487377666204,-4.2252978496377729,0.016756757244396028,0.7284316137623834,0.6226904310591511,0.4,1,5
0.49825995388836464,-0.86218503225903909,-0.091509499504945385,0.86632180144875615,0.49081553995260141,0.092664135865067693,-0.03497934655976729,-0.12544750252403203,0.99148341863327982,-4.7229012684192417,28.518303788646193,-3.0321365060769736,,0.2161205993926064,0.3666666666666666,0,2
0.41838030426017647,-0.89768663367276547,-0.13826289716486073,0.9071753549826459,0.40552708976617757,0.11216351803454626,-0.044618340615420089,-0.1723556996186468,0.98402373776738417,-17.528216909922946,15.501618345724017,-2.5921791672464543,,0.1042583852468418,0.6111111111111112,0,2
0.63473510596905602,-0.74768788425109522,-0.1951260438654254,0.77180754835530208,0.62576562401376623,0.11282948242565022,0.037741933604804864,-0.22221658701992192,0.97426656254897093,-13.94010012223251,9.9940580058187827,-2.1502783266537149,,0.1762756045330005,0.2282608695652174,0,2
0.99896295311426953,-0.031725284544364879,-0.032657688616874007,0.034522072644682052,0.99543517494906841,0.088977744264691336,0.029685767726857121,-0.090012881270941467,0.99549808457865452,-7.2897330119886927,23.488840431671019,-2.8288222121616644,,0.1293779739114665,0.75,0,1
-0.87173737357683934,-0.48717164949324948,-0.05232337373851819,0.48550703250548682,-0.87323759159304493,0.041701678821059913,-0.066006612525339861,0.0109495460547522,0.9977591064701562,-1.9322451269876355,9.6514019779972795,-1.710541886767265,0.1715514748449599,0.1196906578022891,0.2222222222222222,1,5
0.59258707267960964,0.80414882424451306,0.046746441139179674,-0.79919033134775075,0.57969641746289269,0.1588926614446389,0.10067460242426539,-0.13151704089909988,0.98618856836806879,10.467141777675888,-10.358670832784901,0.65584170592177393,,0.2394957182564514,0.2666666666666667,0,4
0.4358162855930191,-0.87298335966042839,-0.2190073491184619,0.89862378239622631,0.40842971565601605,0.1601888419367791,-0.050393084087051503,-0.26661811852373729,0.96248393023003664,-12.310297460932397,14.920681191690596,-2.4761227947679387,,0.07640223141631605,0.2666666666666667,0,2
-0.045841012477548931,0.99791763188516858,0.045376222272565651,-0.9959387303700894,-0.049179302787119766,0.075415127966385734,0.077489656883010807,-0.041734831377026979,0.99611924834634302,-12.315086004102692,10.60672337297177,-2.147846273541326,0.1359625024678668,0.4305097031258359,0.3846153846153846,1,5
0.96748405557508776,0.25147121982891907,-0.027144572307118357,-0.24682182133616837,0.96210611566052295,0.11589137466143712,0.055259304377429701,-0.10542318438738484,0.99289091116463857,3.7757355059821216,-9.967345657494878,0.20119896114247032,,0.1125278016213616,0.2203389830508475,0,5
-0.20901280276020323,0.97788539878935321,0.0073345154518651015,-0.97582031007992487,-0.20905007410738999,0.063818406053551852,0.063940368452532592,0.0061816947744166035,0.9979345749756704,3.8079080647615307,-6.5393699264089946,-0.13407194657637694,,0.09782108135402298,0.3380281690140845,0,5
-0.98649484379943986,0.16346299248408455,-0.01038138937070102,-0.1635073188190814,-0.98653566393834125,0.0035693795442333213,-0.0096581493938151103,0.0052186076575696594,0.9999397413266472,-7.5992396422007955,7.0290073909087116,-1.7674116265157722,,0.1059923703986536,0.4322033898305085,0,5
0.35041334044918165,0.93655671008805341,-0.0084864376677471036,-0.93311410821356311,0.34987710875902306,0.082970294800216601,0.080675596607981792,-0.021155083442747451,0.99651588575219274,-13.304719074292505,-7.1538012033916383,-0.65976613997226152,,0.08074614875413991,0.3090909090909091,0,1
-0.9117972326963979,-0.40121551538120098,-0.087475234578643243,0.40635978595213118,-0.91226096072608498,-0.051494309356076677,-0.059139925668955456,-0.082498786369972807,0.99483487043798013,9.4452740798228021,2.0612015766775764,-0.43951133481056714,,0.07732127952649101,0.2692307692307692,0,4
-0.52854202489561875,-0.84164569345036599,-0.11079645579030084,0.84388442210741255,-0.5350972219198703,0.039115792438299081,-0.092208513943550507,-0.072825062925412146,0.99307305882610264,-0.86642679050981763,-3.1336020628800854,-0.75294362056808584,,0.4548125614055107,0.5063649222065064,0,3
0.89883512028017398,-0.43368793151727786,-0.063326176319036073,0.43828003790652043,0.89019942256286166,0.124320539097152,0.002456608146163144,-0.13949826567026685,0.99021926811762428,9.7465618975026356,-11.200489255106211,0.69846223703597332,,0.1148246244752353,0.2083333333333333,0,4
-0.99301172804352511,0.11796914191458778,-0.0033150450900085501,-0.11565996829470873,-0.97839039349562651,-0.17139139316062849,-0.023462303852774279,-0.16981024548421675,0.98519744255987107,-3.5177262577196897,1.9524905576496681,-1.3194488537097164,0.5751983454283603,0.5475001242273325,0.3495440729483283,1,1
0.16583189600192993,-0.98148036367944813,-0.095896183344611433,0.98589015152311099,0.1627523529700621,0.039144357606760834,-0.022812088859698019,-0.10103448576781372,0.99462135573668964,9.7796896198895809,5.2318596149362389,-0.67844505729260329,,0.1223754414570749,0.2413793103448276,0,3
0.96372786315821457,-0.26205914453394713,-0.05053326170591408,0.26668833615004506,0.9528930492197758,0.1444720322767005,0.010292576646456452,-0.15270835443673411,0.98821769937155168,-11.723966491959938,5.2353137159143319,-1.7703945388941815,0.3233334285123219,0.2780681335906244,0.5211581291759465,1,5
-0.25199500947011005,-0.95214459096157311,-0.17297165404995893,0.96443311549812472,-0.26183088572691776,0.036240212610294066,-0.079795243797739612,-0.15768723848833582,0.98425985079407907,0.5507452944479071,3.6779845374215272,-1.1723724537184479,,0.07110864300395388,0.296875,0,5
-0.35607555611589908,0.93438013680769838,0.011998261373185807,-0.93300121471622832,-0.35620792832665465,0.051231290587633573,0.052143376135372281,0.0070478178508617097,0.99861473882010443,4.6499718344628231,4.0126966928526757,-0.96556248765890174,,0.09050362821385072,0.4102564102564102,0,4
-0.78387409134506303,0.61972983309251739,0.038423207740555437,-0.61931780844439599,-0.78479554888917036,0.023267973426533764,0.044574219696858701,-0.0055570152841192951,0.99899061983561654,6.3457008039028837,2.1551380724426914,-0.71163994166585287,0.1505053691784294,0.1242781691980121,0.4252873563218391,1,5
-0.56062630058814877,0.81359678211875475,0.15413768914465922,-0.81801747613293796,-0.57305661732545177,0.049533040292420283,0.12862954493407214,-0.098317798315054092,0.98680699769738911,-19.498076690828501,4.8651735111586634,-1.8114223469253583,,0.2815440934913291,0.1923076923076923,0,2
0.61773355994194956,0.78629373074394815,-0.012141577912676716,-0.7824985866055838,0.61613903784299051,0.089825653385755141,0.078110248250210526,-0.045987553084263055,0.99588349422992872,-15.562885745301331,12.106024928047514,-2.3577415388502598,,0.1243892941877949,0.5769230769230769,0,1
0.77671510371793562,-0.61627291656940864,-0.13008205087356114,0.62979591613602459,0.75714381081271531,0.1734657135182211,-0.0084114014779260622,-0.21665858406957814,0.97621119962544123,1.287021576992426,-18.672636027664957,0.93447789838941253,0.2654489846761677,0.09104843271838617,0.1818181818181818,1,8
0.8449158529175218,0.53477254741257385,0.011641478536795966,-0.53083267624054242,0.83561521450928178,0.14129360606874702,0.065832145065762612,-0.12556088489045197,0.98989928420095685,-14.574079497444284,-23.192643554623519,0.93246006661222713,,0.1111323048163926,0.3478260869565217,0,2
0.31909094931517989,-0.90986884566590531,-0.26517852430340405,0.94731895496424834,0.29803377718708896,0.11731438624926571,-0.027708547969581804,-0.28864260139866799,0.95703588492136904,-4.7604478611399825,-23.133409377672816,1.1034819547728607,0.5430174193395213,0.3160262845607009,0.6530612244897959,1,3
0.34435473682282408,-0.93145289055997593,-0.11753862299325732,0.93711921120381592,0.3334435989511696,0.10306769770996038,-0.056810203488667929,-0.14563955158527164,0.98770528083716314,-15.745286695021138,5.4363308502512053,-1.8876099962017121,,0.08919893643099963,0.2736842105263158,0,2
-0.77077645112754167,-0.61956300801812192,-0.14847673717713636,0.63314479902961274,-0.77083954159167001,-0.070242897010982588,-0.070931839458619195,-0.14814884479563309,0.9864180624546246,2.0293150234323472,8.9964076682254639,-1.462088307628173,,0.1636783052024379,0.3977272727272727,0,5
-0.060459945485210477,-0.99622203939966569,-0.062339740184707476,0.99500233098124602,-0.06512249543872306,0.07569294504589634,-0.079466699527619464,-0.057451795465459254,0.99518055390164362,10.6392017038718,-9.1123746939367898,0.57458867928002022,0.1777499209848216,0.1386203611284191,0.25,1,5
-0.99386962292861103,0.10741395600101378,-0.026180425434933687,-0.10790730423578102,-0.99399401827941825,0.018218268779000516,-0.024066289957292191,0.020931643054226925,0.99949121057002965,-21.169472684504726,14.008020407657584,-2.4727660694291611,,0.09182288391499788,0.2222222222222222,0,1
0.050482940772553581,0.99869793638284465,0.0073419721874879449,-0.99585522917090086,0.04977964128614689,0.076120626944306505,0.075656032303621293,-0.011154334496936253,0.99707158499177106,5.9509092803258694,5.2594886744316813,-0.96518624979772782,,0.08322677356618183,0.2857142857142857,0,1
-0.3742376120774441,-0.91652353632232531,-0.14117654576377764,0.92381011877925046,-0.38172746668473007,0.029308797647225576,-0.080753168034698342,-0.11945186706652092,0.98955049255037109,-14.881988143258951,-3.9295643367083612,-0.99860636279722359,,0.09283989416295937,0.3548387096774194,0,1
0.80629439658377811,-0.58986498149133704,-0.044143511956179583,0.59121960554841901,0.80128920754779842,0.091624144648628031,-0.018674154673578674,-0.099974544148224764,0.99481473977297985,5.6659129079456472,-6.1035818832927617,-0.044188758251751725,,0.0721773742079347,0.2978723404255319,0,5
0.67035306651201487,-0.73703556448905316,-0.086054302020537793,0.74128784836894468,0.65992492934334213,0.12243942784792235,-0.033452833639016105,-0.14586865430752707,0.98873820782451427,4.6288735296586285,-16.130853855863666,0.82460417103146877,0.1085383947506909,0.1487140903548156,0.3157894736842105,1,5
-0.99055355962347513,-0.13494952529463269,-0.024336621376300459,0.13593708368976068,-0.98969757991327112,-0.044942291794421697,-0.018020954336080107,-0.047825996451357516,0.99869310564770042,-23.468875787769868,19.324494881191164,-2.8390405042972811,0.801909823687688,0.4007894094483108,0.8658536585365854,1,5
0.64437422408544665,-0.75089317431780178,-0.14471109182510752,0.76386352850825012,0.6231277235447189,0.16800104155898238,-0.035977342164271182,-0.21879506601592411,0.97510735303241503,-15.942557064537565,-20.132326001857201,0.61536829030218765,,0.07589960654544986,0.3333333333333333,0,1
0.99827917516553388,-0.047656768827310229,-0.034169003727982393,0.051084305744813742,0.99287232444626483,0.10767980802008618,0.028793786437232554,-0.10924000976571055,0.99359827804248713,12.214256275654272,-0.60318238942023572,-0.067391523192586275,0.7574825156681412,0.2720589884260196,0.5428571428571428,1,5
-0.95468277628412301,0.29687634114990152,0.02110058605555425,-0.29747881849695379,-0.94958817293778097,-0.09893762864727032,-0.0093353742344390988,-0.10073102740534311,0.99486989647177893,14.260719765431805,-2.7143229069836794,0.23315116608998493,,0.3811375127378678,0.3380281690140845,0,4
0.64514924359153414,-0.75301071849054102,-0.12945003411212511,0.76324122249501758,0.62731886417068361,0.15470578185676939,-0.03528866358453224,-0.19860992043189174,0.97944311204298895,1.0945815822792635,5.8547642605191905,-1.2759222816677582,,0.1030648738823095,0.28,0,5
0.9648969901121246,0.26262645037508003,0.0010705306864825237,-0.25814657829781629,0.94767219750649045,0.18782372104276851,0.048312964985544424,-0.18150689693950464,0.98220217052178216,-16.35493181690936,-9.4153497243727315,-0.4013952250575315,,0.2347958732868405,0.5405405405405406,0,2
-0.1783922244540094,-0.98257675345965279,-0.052145352765505817,0.98100827017385572,-0.18170868907660293,0.067858132633914048,-0.076151087351722865,-0.039049659086235214,0.99633133847149413,-22.514197684825064,11.794468868223788,-2.2730350644036745,0.1592460873129096,0.1019592372603304,0.4333333333333333,1,3
0.4904540322211205,0.87074103638795008,0.035565289652726165,-0.86776772105318734,0.48420886038025895,0.11189710374897252,0.080212371715349992,-0.085742796078091335,0.9930831527845535,0.005015049670127926,-13.161618024090883,0.35906075151941469,,0.07573736323595444,0.1363636363636364,0,5
0.35607591468254934,0.93427927066323857,-0.01822600866762877,-0.93077619976471326,0.35633532831022285,0.081736159376400122,0.08285897015136183,-0.01213994262805608,0.99648733702864611,2.3631450453366001,10.101902711621131,-1.5178130386662128,0.4165537913629802,0.3839064766665594,0.9569377990430622,1,5
-0.99945738757271085,0.0062802531405275162,-0.032334019960756064,-0.0080291845550286012,-0.99849526342193229,0.054247037885468363,-0.031944680648160619,0.054477218582239008,0.99800389279492774,5.7764032578583357,6.2039726031355,-1.0490524024958767,0.2626999157387321,0.2219661596145355,0.6460176991150443,1,5
-0.14147201560514649,-0.98742508401910178,-0.070550494331985444,0.98698638903158598,-0.14619417850331753,0.066971113460447387,-0.076443028897402635,-0.060157839236549188,0.99525750321782591,-5.2977364019197069,-13.201253763122356,0.16949132691515587,0.1613012138727119,0.1423407481729149,0.5833333333333334,1,5
0.96929210148268397,-0.24336276559110315,-0.035318356801119027,0.24578853669590775,0.96331526959074032,0.10775753617359235,0.0077985403868831554,-0.11312937592494872,0.9935496600928736,-11.311680225215648,-5.0967121123660535,-0.88237565097391801,0.2135465550791339,0.2284165049447211,0.4189189189189189,1,3
-0.93640077817100098,-0.34119442812988943,-0.082097167148816444,0.34677834345761027,-0.93552838605491628,-0.067315818306540098,-0.053836448151217464,-0.091504104271890915,0.99434834728673405,-23.294951114603641,9.5201359656643181,-2.0903587005976609,,0.1366794178122347,0.4705882352941176,0,2
0.72073726859071174,0.69238101982905831,0.033857245086901494,-0.68919339855490847,0.71045866560089554,0.14234094232135391,0.07449999364252563,-0.1259246117844687,0.98923846624269274,-15.062216508337995,-20.033176121723283,0.60588793953747722,,0.08101955720684695,0.3157894736842105,0,1
0.66798969102209693,0.74401703417768494,-0.015113753393714681,-0.7399864198835393,0.66624755193644825,0.092381263937189761,0.07880273520726741,-0.050525759688816521,0.99560899781577017,-1.2234334380818324,18.034983164482927,-2.2347837354608564,0.4603898216156835,0.3898998439465748,0.7826086956521739,1,6
-0.41003297204856881,0.9115402497197892,0.031102009160224868,-0.90994202202869667,-0.41116650800759741,0.054291981352373543,0.062277430738154664,-0.006039522632090827,0.99804060327575428,-21.281894514533693,11.876472910856675,-2.2945850294659724,0.2465487994702734,0.1890182263973376,0.6078431372549019,1,4
-0.8461677107850013,-0.53033581003288355,-0.052384480732712804,0.52858137874892563,-0.84773225290950049,0.044178653407131507,-0.06783753580987005,0.0096930889683326093,0.99764929347015352,9.5298207544294602,-6.3597067143968546,0.22995443869361717,0.1385521038002492,0.09883878826263331,0.4473684210526316,1,4
-0.37908589985258945,-0.90334681706100617,-0.20064498159361349,0.92183040373472136,-0.38757928490011168,0.0033173282319718298,-0.080762536384347175,-0.183703092031863,0.97965840306440466,-8.5622394487251015,27.032880274773373,-3.0742750387900357,,0.1063221305334409,0.5,0,1
0.017104170315110689,0.99889969049975369,0.043667558637141217,-0.99780108736630335,0.014255714610751329,0.064728391387089287,0.064034657869431091,-0.044678662921279207,0.99694702952118375,10.014748618809387,-3.269837034612074,0.040954540548795063,0.1526722250576608,0.1006834590729726,0.3666666666666666,1,9
-0.78678781861672431,-0.61250268204983249,-0.076193129336571838,0.61312887283029194,-0.78978602339465287,0.017635831489272266,-0.070978262716083665,-0.032840550120608221,0.9969371015713997,-7.6855060234491157,34.258969567439948,-3.5171653390722133,,0.3299413799059041,0.5384615384615384,0,1
-0.90572828797088534,0.42340712806683384,0.019562010927456113,-0.42384533272554387,-0.90436677241457142,-0.04975816394547812,-0.0033767286096315009,-0.053358643673240849,0.99856970355065844,0.95791988177615151,14.445900763194087,-1.8429309478623619,0.3747826563295261,0.2236159205764127,0.5957446808510638,1,5
-0.9349343763670741,-0.32634200575033556,-0.1392788827136347,0.34344309103169451,-0.93092713375802982,-0.12418339202830272,-0.089132233842228223,-0.16393769217574056,0.98243568643162937,-0.020947657231329686,15.420675870601684,-1.9664014421072868,,0.5519090434327101,0.4166666666666667,0,2
0.28926321895891699,-0.93039714694769926,-0.22513982124250254,0.95461489054024051,0.26293708071183786,0.13990890731322519,-0.07097324084730626,-0.25539232670210926,0.96422899694279696,-14.692390588761475,7.6686367922333405,-2.0096135990738464,0.2864682510155581,0.1682029367423118,0.3076923076923077,1,5
-0.53449142739615052,0.84143332319896513,0.079428437290268161,-0.84382191962050868,-0.53658818707249467,0.0061388486066994942,0.04778579295133676,-0.063742294472367469,0.99682166804670336,11.269820728699822,-3.529197249430303,0.13105988114607281,0.4615475914402906,0.5360095383505251,0.7123287671232876,1,5
0.45257813757065118,-0.88659836516675683,-0.095479674678519408,0.88964965778007365,0.44162883619038934,0.11613551333214751,-0.060798978649972545,-0.13750385423237232,0.98863348833951803,-14.478522251773709,-31.206718642824573,1.7171138308174214,,0.4729560045616166,0.45,0,2
0.81957204703445219,0.5722623044757067,0.028592212154932194,-0.56831629725857602,0.80554271165812963,0.16768281356409456,0.072926305199570371,-0.15367756690754397,0.98542628310762925,7.3481636465391587,-24.939481903142521,1.7653709452094262,,0.1958519523800273,0.35,0,3
-0.50537157521104048,0.85872572414954096,0.084792108433258948,-0.86021833017827909,-0.50910531924692781,0.028917094248501099,0.067999966132379117,-0.058325848457862442,0.99597896564519117,10.481086947693674,-13.587569381107862,0.9232496667771849,,0.340180293193927,0.2941176470588235,0,5
-0.99713796746749073,-0.024862984566584607,-0.071398220098558174,0.023249244057699573,-0.99945709739234168,0.023344873587579335,-0.071939881050401402,0.021618105155547664,0.99717466426094925,-21.383980622528952,6.0980282689774272,-1.8429733079578261,0.4272922430695154,0.3520342969288867,0.7222222222222222,1,5
-0.99356312922033141,0.11043879304722798,-0.025210736684505738,-0.11084060689344886,-0.99372293666333855,0.015135554587902052,-0.023380934912784857,0.017832502333182697,0.99956757337517799,4.350135991776531,1.6150755573483238,-0.80414867937382517,,0.09691970403880483,0.3076923076923077,0,5
0.44474562421470365,-0.89247573494966936,-0.075421431091702254,0.89340022045937661,0.43607543111248726,0.10804751021284567,-0.063540348008256572,-0.11543518053914512,0.99128065817349797,-11.833302229197688,19.623535608206943,-2.7289872639936612,,0.1774664359781669,0.631578947368421,0,3
-0.22836611353652583,-0.96674305524949178,-0.11513810540000058,0.97001782554097349,-0.23603568536236355,0.057901410762444767,-0.083152488363154808,-0.098463294492914494,0.99166054843208207,8.381348685644701,-6.5954804615072167,0.17509186334481017,,0.6720045015061945,0.6532258064516129,0,6
0.91438708097202392,0.39403389230848851,0.092916940671133236,-0.40475303066928031,0.88499883025967507,0.23011313435577455,0.0084409901962515035,-0.2480208905540589,0.96871790916307388,-11.511219893501853,26.33076094380462,-3.126905135224769,,0.4514979339895762,0.1,0,3
-0.11774838809856691,-0.98618145129455759,-0.11653953072992544,0.98984846183826292,-0.12596487589420846,0.065824559530495722,-0.079594847173773575,-0.10760573945435553,0.99100235375092149,-16.032099745962768,7.623052780600414,-2.0127300299582576,0.1927959555648725,0.1426024124166546,0.4418604651162791,1,5
0.9760892105939869,-0.21439282067228579,-0.035854865864887904,0.21733080966448759,0.95939943160501084,0.17977777895658037,-0.0041439271936526143,-0.18327151737289646,0.98305359914261559,-1.064719448632609,-18.378727265449548,0.82333780453535288,,0.4801023764069026,0.46875,0,5
-0.8635104155248694,0.50230869557164604,0.045119138214049358,-0.5042459896460475,-0.86154546038202418,-0.058952537019231151,0.0092598167338941752,-0.073657274238441608,0.9972406237943866,-11.932575913058152,1.5589898199201051,-1.5365803057200613,0.2291061751214689,0.1577978664069243,0.5411605937921727,1,5
-0.75246113030683337,-0.63695642472200464,-0.16759701782168945,0.65639472778074148,-0.74619299707854503,-0.11109443034007278,-0.05429740987385219,-0.19360403951441679,0.97957606502235983,2.3500997442282028,1.2254561825555754,-0.88360653781200016,,0.5588741850435768,0.3461538461538461,0,5
-0.89514244737018578,0.44346607788545545,0.045363384805420556,-0.44416148052118565,-0.89592625729388609,-0.0060597617607960896,0.037954948785922288,-0.025573018129667106,0.99895217233178724,2.6694871076014262,16.21947897300219,-1.860274729798612,0.4125661199683374,0.1506403038333839,0.1538461538461539,1,5
0.87822498060374543,-0.47345381770052458,-0.067545288128413428,0.47819949803868333,0.86732845118517765,0.13808185195844372,-0.0067914298276104618,-0.15356705463581891,0.98811489018806775,9.9542057158594481,-12.41920817286937,0.80303578047058166,,0.1086773356049355,0.2857142857142857,0,5
-0.79297671847845752,-0.598547597743181,-0.11370442905623947,0.60639892507365611,-0.79343641730743431,-0.052335412101739032,-0.05889199963197464,-0.11045100690447206,0.99213522639463647,-5.470966850793884,-12.003406766484643,0.040783744360665841,,0.08528452432688223,0.3333333333333333,0,5
0.66170334480654003,0.731583067832552,0.16411854962967934,-0.7496666927114578,0.64201286849504358,0.16068393362695504,0.012187424293213373,-0.22935930665111104,0.97326552139774236,-7.3812833642231652,-15.833249499404623,0.37447350202504731,,0.2999202180956518,0.4444444444444444,0,3
0.84487323004576032,0.53423327630319628,0.028000565037123754,-0.53078805049690891,0.83059596533678182,0.1684469881474652,0.066732830014440817,-0.15717871629649555,0.98531293533661213,0.01725204019419584,-19.563559785446891,0.97309129955415086,,0.7321006097987183,0.425531914893617,0,1
-0.50591378179517366,-0.85643723791714566,-0.10279349638258313,0.85782661534205862,-0.51203693306088427,0.044177790714247704,-0.090469571682935013,-0.065828843909446613,0.9937211982790003,8.4920624916055125,11.625330806511689,-1.2250581181089424,0.2680863844116537,0.1519220841376323,0.5294117647058824,1,7
-0.022320332978233808,-0.99112342364897843,-0.13105785680404261,0.99649472238464099,-0.032627195067061236,0.077030736732904656,-0.080623017775936057,-0.12887911093883334,0.98837751075604585,17.871468593882625,-6.1036585725425505,0.78970329305061393,0.4349195656934339,0.4155205340069384,0.3448275862068966,1,4
0.93982653365949975,0.33766278798649496,0.052056971087040382,-0.33712993614504672,0.89185034647148054,0.30157315141361229,0.055403003387960885,-0.30097641287630506,0.95202085381976054,4.7895037048850959,-2.3212474230848654,-0.44811782028574521,,0.1019871984943027,0.2826086956521739,0,1
0.29212459018757214,-0.93476245318340201,-0.2021939166401682,0.95412128727364487,0.27032470249799551,0.12875218208113381,-0.06569469521221874,-0.23052919844982422,0.97084524806122174,9.7649584070450075,-19.007670904286087,1.4323412228051979,,0.2202812454319353,0.2,0,2
-0.97500110881667479,0.22172192141184557,-0.014568025662178623,-0.22191480434776345,-0.97497532690215016,0.013301561687989051,-0.01125421776706239,0.016201897959338341,0.99980540160821607,4.7734724751869102,-14.520037912356552,0.69949754321037394,,0.101827503329036,0.2380952380952381,0,4
0.99429725231913546,-0.09538513672702964,-0.047693288020260724,0.10457369189838837,0.95975426175613232,0.26064554476085472,0.020912125510302682,-0.26414661219199392,0.96425580126548027,10.458032449438791,-0.73267181342237686,-0.1365715816803372,,0.2788322832680298,0.25,0,2
-0.018750065038785964,-0.99448144418253348,-0.1032235062263667,0.99704729567579098,-0.026287375697671513,0.072150288041853292,-0.074465597739051467,-0.10156589513982013,0.99203792452597972,-12.521463762671795,19.278663772391379,-2.7464738888356992,,0.0909075083585963,0.2857142857142857,0,4
0.99203508810591434,-0.11559440074042775,-0.050043166208331602,0.12296733461394301,0.97485449391856671,0.18584334883099915,0.027302354928392156,-0.19051679769573923,0.98130419912029676,-10.047145111565104,11.750718802955911,-2.1644824309647719,0.2983688710138124,0.2124115228917101,0.6298342541436464,1,5
0.9637220977902371,-0.25914258859065348,-0.063912729634401949,0.26609832598502231,0.95148124601254658,0.15451575775428641,0.020770150186111669,-0.16591732056945666,0.98592091143067795,-8.1061875780573924,9.6237278726001367,-1.955576033217967,0.3684067844320471,0.3632621139664988,0.9344978165938864,1,5
-0.15270626550528674,0.96186031685030793,0.22694829222546342,-0.98505280593824252,-0.16666032533101044,0.043535106221960565,0.07969796728037977,-0.21690796857005332,0.97293327992323742,16.515450001859769,7.9480531259747531,-0.38475935019651863,,0.3085388661321349,0.1538461538461539,0,4
-0.61538341560864207,-0.77648024387522419,-0.13557906425888069,0.78822695951858712,-0.60647939594347089,-0.10431204429080429,-0.0012296674042600738,-0.1710589756999478,0.98526002392797785,-8.4004296406778192,5.2188340222253293,-1.6818579811653398,0.8084562230476839,0.5244928413127697,0.1865965834428384,1,3
-0.9994124291992339,0.017507699750718302,-0.029466537148510739,-0.018402456911291915,-0.99936921538489654,0.030373029493353781,-0.02891618822932774,0.030897439868293169,0.9991041999050303,-9.9931048403866019,-12.741689542655568,-0.060123193574898738,0.188511088459428,0.1548171804169212,0.6666666666666666,1,4
0.95588508770854486,0.29275678330918398,-0.024024256968497065,-0.28873879104834332,0.95148880348640485,0.10629660099905598,0.053977862502788569,-0.094670600856184187,0.99404419805819522,-14.443605667817637,9.3146778168314093,-2.097698685266502,,0.2313380293104491,0.2063492063492063,0,4
-0.9188257394368865,-0.37318647961929458,-0.12841772454617512,0.38559586549804992,-0.91821138218082543,-0.09057420242204009,-0.084113548605853433,-0.13273925215600968,0.98757541579263408,-13.714357554185581,1.9397469559778695,-1.6209106783279728,0.4312381995097542,0.3221100885256222,0.6472545757071547,1,5
-0.46266795664187088,-0.87821260161762649,-0.12116512805603791,0.88272480941859499,-0.46901049807108319,0.028741321055573622,-0.082068707396551699,-0.093657776287475444,0.9922161801780619,-8.6307664162653186,7.8400554656338421,-1.865920487518969,0.3223461501395294,0.2527513329232044,0.7511111111111111,1,5
0.88360746869364237,0.46820389858215045,0.0047906806706857017,-0.46055142286996953,0.86722935805367096,0.18922374962531466,0.084440678356226179,-0.16940587322254383,0.98192230953189319,-15.02015252656652,14.112242131222501,-2.4726646273874548,0.4124279220146281,0.2905528867351091,0.4838709677419355,1,5
-0.94576942832608957,-0.32035997982538011,-0.053755667329346994,0.32026353762154441,-0.94726881953161535,0.010632497980890271,-0.054327294372856161,-0.0071600886490386078,0.99849751037078838,-0.86102988469948438,16.313672509827711,-2.0824125723517257,0.1896114633588549,0.1542722000263617,0.4090909090909091,1,5
-0.98400230479249173,-0.15511269127463911,-0.087632854390364306,0.17248522293632398,-0.95257520529423767,-0.25069767874323806,-0.044590492615252789,-0.2618024661155422,0.96409084463247008,-16.801673118341949,-24.516733052452931,1.0394228761808095,,0.3511168398606413,0.1666666666666667,0,1
-0.92297567446001727,-0.3628878726044818,-0.12817291551521989,0.38048639038847165,-0.91045572978926703,-0.16217419900541211,-0.057844715266217678,-0.19845089067698549,0.97840238803126556,-5.8835349340831318,3.8124639492220438,-1.5272444134550383,,0.3026941614530865,0.2081632653061224,0,2
-0.86118923203532638,-0.50121274695020757,-0.084491945894467457,0.5038872417210073,-0.86367914006065771,-0.012489621886990402,-0.066713973477837321,-0.053330341445672627,0.9963458839299173,-3.9175725777451831,-14.294565815713888,0.35260184253286403,1.224693755925831,0.8936841123592874,0.980701754385965,1,5
0.99928114783236055,-0.018174732851320301,-0.033269605838122503,0.022381195610916171,0.99115848700181264,0.13078201606988882,0.030598523981832878,-0.13143261669030976,0.99085276282607782,3.4846867068436134,-23.121952961790299,1.3886297622470709,,0.609508642675693,0.1764705882352941,0,1
0.45760106199834022,0.88885009457171527,0.023383272607647956,-0.88534367790985524,0.45304747657618288,0.10447275220364229,0.082266883027386953,-0.068509074930299965,0.99425281825557443,-1.5677119039362188,-16.540670463646418,0.63062393297665897,0.6447556999879407,0.7391995948230734,0.7894736842105263,1,5
-0.64706699881842944,-0.74124923199495729,-0.17847653937421365,0.75914355820727841,-0.64809599862920619,-0.060602265578139677,-0.070748548200665479,-0.17470304126630637,0.98207611227429814,15.046946826942404,4.8555012994586022,-0.2972673298490866,0.6534370457817915,0.497023696179445,0.6153846153846154,1,6
0.70915986476817616,0.70456497533602491,0.026086044769728541,-0.7009470193318762,0.70056784559900487,0.13370852554167026,0.075931299815955283,-0.11310565521898223,0.99067731803334624,6.042532187004074,19.647678644027287,-1.8780442863696163,0.2514580604485334,0.1922680422908435,0.4347826086956522,1,5
0.99232165458084842,-0.098509755267502011,-0.074790119448124345,0.11460331777851424,0.95974067240108996,0.25644477240384772,0.046516807758967396,-0.26304689668620157,0.96366099679279038,8.3937962520212839,-14.739610213059171,0.95438192584292714,,0.6487598665817772,0.7375,0,5
0.90819096182654491,-0.38958921854768475,-0.15300136485658675,0.41748530346714785,0.86930608522665676,0.26459960615399092,0.029919863728256339,-0.30418279204995807,0.95214370279657534,-12.141793535760479,8.6728897539165608,-2.0120406652872878,,0.6335087831110787,0.2614678899082569,0,5
-0.6071976385094483,-0.76055118655402154,-0.22994112381176718,0.79229241747714718,-0.60136730025502827,-0.10310235396049819,-0.059864455203120032,-0.24478411471181685,0.9677277428016543,-1.0928838626347206,-5.5205543182088874,-0.5220004171976772,,0.5167156176173159,0.2295081967213115,0,4
0.99902592118068112,0.037516259320830643,-0.023232285631512216,-0.032833755328255318,0.98372616922153555,0.17664871496777967,0.02948140634597075,-0.17571384201392845,0.98399974207545815,-6.9692707607501063,-3.9900918396108853,-0.89350563279644868,0.3972517023609239,0.366366376287696,0.7378277153558053,1,5
0.70204686630139879,-0.71084566656731807,-0.042762551828095796,0.71152014794188123,0.69769299475707236,0.083447972651652574,-0.029483496894856645,-0.089010804902396615,0.9955941944494644,-3.5959759375464651,10.088162359433531,-1.8043954371575985,0.3947312960141189,0.4002855069414634,0.8927444794952681,1,5
-0.26939787840170837,0.95368570112668982,0.13382214532413106,-0.95381637004754671,-0.28340699281059362,0.099573132196283221,0.13288760416976714,-0.10081696232554625,0.98599027620229041,9.6175658635168872,-7.4529567971566095,0.34396625059042724,,0.2749735669600059,0.3448275862068966,0,4
-0.9014935868771311,0.43192474796822722,0.027392059287093519,-0.43170702751964157,-0.90190948207584487,0.013723284294828256,0.030632584114953374,0.0005461082902064291,0.99953056309258259,16.335793048776228,-18.756360926884348,1.7856423619547421,0.4239126956865064,0.4348009459928063,0.4242424242424243,1,5
-0.41691358578820786,0.90867817289824615,0.022068984650957312,-0.90734146708830532,-0.41749695760824651,0.04927222838375462,0.053986332411653001,0.00051815650489776908,0.99854154016073637,-12.60014829829997,20.491452901900608,-2.8138502061763453,,0.09873534806478694,0.1111111111111111,0,1
0.15081111738848901,0.98454583459374567,0.089025313569462652,-0.98536076224728442,0.1424696755498478,0.093629908534468217,0.079499528901039243,-0.10184248196517433,0.99161884500632946,6.4619043031895993,-10.622172416028555,0.44113327715826889,,0.09203739299936273,0.28,0,5
-0.74547031996105939,-0.65997652252298178,-0.09330054541978787,0.66163333043837025,-0.74964977898206275,0.016326203636398317,-0.08071764435480204,-0.049560050349235329,0.99550412520450893,6.4667739120418197,-4.45194569889623,-0.16591033352356199,,0.07906495353031512,0.2888888888888889,0,5
-0.99002970129796419,0.1407498184542369,-0.0055388765072742043,-0.13801992872892807,-0.97718135040997189,-0.16145311296040599,-0.02813698316318081,-0.15907890185704482,0.98686484037198896,-14.980618123003353,6.2820057342726967,-1.9201038848181144,,0.3416136662410382,0.2285714285714286,0,2
0.62662544321930724,-0.76933180693294911,-0.12437493618688319,0.77817280789623,0.60902431660907586,0.1534159797079396,-0.042280432366583881,-0.1929195496058731,0.98030322473139031,-14.231489142222298,-7.6003625902118692,-0.6161081545563688,0.8787741420513215,0.6228831921479493,0.7530266343825666,1,3
0.33403599552786944,0.91936402237233805,0.20782143310799828,-0.93901329511374365,0.30547913363048917,0.15791304732667624,0.081694463039648418,-0.24789573066860759,0.96533606657212512,15.493255167849782,-0.13335313032318472,0.10677842711494444,,0.1829189251245054,0.1176470588235294,0,5
0.19930029649537165,0.9757413256605223,0.090599432752656417,-0.97665791744892316,0.19022356249245195,0.099771281223670127,0.080116815346027062,-0.10836909924386373,0.9908771034936088,5.037525960571152,8.7148479890421076,-1.245720503286045,,0.09665018022941523,0.3714285714285714,0,5
-0.97894705243829661,-0.18715417275638113,-0.081461550084967291,0.19351818254007774,-0.97792489134196114,-0.078826517874372323,-0.06491056577134513,-0.092931278446431786,0.99355442525186066,2.9849611310145758,-17.320679849246986,0.87184702264471825,,0.4292896331821515,0.3191489361702128,0,5
-0.5004400597216937,0.86166307051186009,0.084240723773125303,-0.86514967930747411,-0.50139409689230918,-0.010954085800277328,0.032799070412463341,-0.078362698509036169,0.99638522091732118,0.44519683910882735,16.983306584433265,-2.0584106138685794,0.208726619349039,0.1940882622837735,0.1052631578947368,1,5
