axis_00,axis_01,axis_02,axis_10,axis_11,axis_12,axis_20,axis_21,axis_22,location_x,location_y,location_z,dbh,dbh_approximation,score,reconstructed,number_clusters
0.98181585042553365,0.133494135933685,0.13497018753970905,-0.14095006534324786,0.9888889540102731,0.047241038475052344,-0.12716412596687621,-0.065406057118481298,0.98972285654080649,11.051296181364261,6.7622322324904376,-2.5160639810172252,,0.2990077121101953,0.2727272727272727,0,1
0.46485689472970565,-0.88483248542783477,-0.031297606200076336,0.88395205016925782,0.46180314970341352,0.073257244867462504,-0.050367056930300025,-0.061719718531489907,0.99682186769782122,-34.517910104371524,17.578326156363701,1.0769307328950142,,0.2192014017699862,0.375,0,4
-0.98371584853453797,0.08191121403751371,0.15998025614704586,-0.12267703892732605,-0.95652636617044196,-0.26458959718929292,0.13135247794387855,-0.2799068842234318,0.95099877113607945,-9.015399388610172,-8.4449169769073578,0.088201245322954896,,0.5097353872122601,0.6078431372549019,0,2
-0.54487316907417516,-0.83840300564741144,-0.013915090529799024,0.83635314105983283,-0.542199460372219,-0.080828018727581885,0.060221699265442248,-0.055678948386813712,0.99663092549053578,-12.098565265763646,-12.202264822735934,0.40158282794201727,,0.3725891240116151,0.5957446808510638,0,2
0.98988554304883281,-0.039326954303878434,0.13630848223091921,0.029003328121810022,0.99661587398846951,0.07691298116739588,-0.13887195044635461,-0.07218164849446311,0.98767625819387095,-14.199729873226582,-10.88801983124293,0.52634278964768511,0.1308715693802303,0.1925789402525734,0.6153846153846154,1,2
-0.21821619562700509,-0.97110144233448092,0.096662715986911715,0.97524457470268433,-0.22062799090429255,-0.014876462701665349,0.035773055209966931,0.091023504247117679,0.99520601394661912,12.500639102397098,10.55076835527675,-2.8667230683930796,,0.1053110542036584,0.5,0,5
0.94771827934769448,-0.31030549075685843,0.074434974282184138,0.29355747349404143,0.93924175754444161,0.17790146328971598,-0.12511623694005256,-0.1467495256924948,0.98122907822943539,-8.6526843152013058,13.025621481256758,-0.86642526178170043,0.664735170118538,0.5995889335272977,0.6875,1,5
0.90335421274248984,-0.41089663016257538,0.1229435872318526,0.41259308129699884,0.91082942514831189,0.012518288614810481,-0.11712435949128777,0.039417224725181041,0.99233470503087828,-1.5639121861631606,-4.0667586174677099,-1.0810343835157612,0.2218195030236527,0.1951299743135146,0.8211678832116789,1,5
0.77674227350988667,0.57295975670441002,0.26151206041006064,-0.62287303089527135,0.7603214395440997,0.18422946548510052,-0.093277156506994127,-0.30598762355169001,0.94745498378928728,-13.029592166207213,-11.302127337562931,0.47185539131459259,,0.3200554812892638,0.2272727272727273,0,2
0.61586916996654373,-0.78784816020561066,0.00066478970737973524,0.78320590372861409,0.61233130210986342,0.10788368190363212,-0.085403031851133002,-0.065921566403366702,0.99416330108969597,-9.6069429821224919,-11.595137728909748,0.16551088479349563,,0.1592514396388087,0.6296296296296297,0,5
0.46483238223071555,0.83157513764042457,0.30399612972540863,-0.88040080283271194,0.47054036935591154,0.059043942770779664,-0.093942976327316935,-0.29508397324272251,0.95084181961778169,-19.949979399046811,7.016596753390659,-0.0062653311866083493,,0.2356766361674181,0.1923076923076923,0,4
0.26287328348663702,-0.94947091843944698,-0.17147189818365832,0.96435990288594675,0.25301303296346123,0.07742339992816992,-0.030126641611054893,-0.18571316643787894,0.98214204943931394,-3.8719523024717932,10.78325544159175,-1.2631968717994881,,0.3707412194752465,0.1956521739130435,0,3
-0.95988663690876919,-0.25233042960945606,0.12225791825923464,0.24847562011252192,-0.96754215170491364,-0.046065723525465362,0.12991347310295434,-0.01383976037849876,0.99142874203797182,-23.328115358238804,18.204189559551196,0.1059835737280128,,0.1796808450806206,0.1875,0,2
0.94439926562723464,0.27927263758109172,0.17354198622016082,-0.30564790015967758,0.94021175706423765,0.15027046618067286,-0.12119978634765846,-0.19495806158422155,0.97329438815427438,14.382817635271669,12.891577340490796,-3.0711442016868937,0.6229714392033531,0.664546226763405,0.7096774193548387,1,5
0.26635896040332097,-0.96386690306098843,0.0036738803030957959,0.96373254306046474,0.26638323855644164,0.016110731280460651,-0.016507260798552786,-0.00075059962779847999,0.99986346414954452,-0.19681283787765699,17.31973420085124,-1.8438493733168659,0.5818617989056044,0.3082097242172983,0.2272727272727273,1,4
0.32773765493703261,0.87689630304613131,0.35162608441411414,-0.94413104624829247,0.31766014734566222,0.087798623556616537,-0.034707305376229729,-0.36075601795723289,0.93201421580422361,-8.0643053990546161,-12.217515796332242,0.062360902810633001,,0.4260713460758475,0.2340425531914894,0,5
0.19900338278041504,-0.97466280575977471,-0.10212770784872907,0.97977721313337551,0.19565907281966424,0.041882452745096423,-0.020839056277757,-0.10839715075514246,0.99388922493486143,-8.8834944168030709,30.902716533102904,-1.1071350901122763,,0.1024423930011694,0.4285714285714285,0,1
0.78041522897975846,-0.61660613461674396,0.10367711960441495,0.61761184724452467,0.7860542703318516,0.025967099111481103,-0.097507315211096762,0.043767097756847617,0.99427197719450267,-22.009126699937379,11.132880211233726,0.10884159451075408,,0.06505055205796159,0.5,0,1
0.7387249245847769,-0.67323421037973064,0.032267379372907842,0.66719309035203589,0.73720841106759627,0.1066636715929504,-0.095597416197899632,-0.057266540192065812,0.99377144122313921,-8.7487045100294498,-10.733242729181692,0.061379752019029427,0.3002005429823096,0.2944990677534439,0.1333333333333333,1,5
-0.23586690294025356,0.90509957464883117,0.35378180290664824,-0.9708112293866008,-0.23575763679619305,-0.044089608630055545,0.043501275777271232,-0.35385462645383026,0.9342882544177521,-10.272059377394681,-13.074344419725399,0.2447428657771184,,0.5213992837634174,0.8409090909090909,0,4
0.53368260553534785,-0.84402759055087051,-0.052917888637917139,0.84142934196997043,0.5236870048090293,0.13322380968179257,-0.084732160488122488,-0.11562589408536721,0.98967222533320354,-1.7698667644612269,-7.0149456538792165,-0.82444343121929631,,0.3677851020512146,0.3730569948186528,0,2
0.94982841301234477,-0.30743532354419983,0.057528320605796164,0.28960271438606472,0.93393714031608199,0.20950342660310248,-0.11813658897510734,-0.18233194940956282,0.9761141360362704,-5.2994991964894389,16.273522226057935,-1.3076834222109359,0.2735845265891941,0.2111910491662395,0.3490566037735849,1,5
0.69493408974397319,-0.71863525055384869,-0.025099553245446403,0.71366104347978188,0.68500848132624259,0.14646260796005856,-0.08805978611751647,-0.11969443250427345,0.98889772822896882,-11.593255733835486,9.6435532683291463,-0.62134982042879261,,0.09431745266044664,0.4411764705882353,0,5
0.78225589141398999,-0.62073388068190472,0.05258488111318501,0.61542606434972391,0.78312663738597088,0.089238047578106022,-0.096573700701143725,-0.037444882028469795,0.99462123501499855,3.1424045484804637,-6.9366485925053345,-1.4071840296221141,0.2691680626433076,0.1488911529890061,0.2796610169491525,1,5
-0.26543148399282063,0.92415450716752967,0.27474456170652201,-0.9634490865282217,-0.26495230429414296,-0.039574412404466082,0.036221333124333455,-0.27520669201740655,0.96070249905760752,4.8272126271731048,-6.9593316874095006,-1.5619600327985246,0.3336722572503963,0.2883764709909901,0.3726708074534161,1,4
-0.74046821700007448,0.65695947810089017,0.14181348224388499,-0.66559795565943225,-0.74606392916731212,-0.019182674928602022,0.093199683662098243,-0.10859492496814897,0.98970751297362969,-15.949897866778249,24.147593629650494,-0.49497163354705515,,0.3299156274120745,0.5833333333333334,0,2
-0.22361574145319482,0.92077306753853416,0.31964505043878849,-0.97467724517421739,-0.21142285117381321,-0.072832998984894981,0.00051760403401323912,-0.32783736226551913,0.94473403452445304,-25.330176661291816,17.987528898715915,0.27278247020455704,,0.2772883889133893,0.1904761904761905,0,3
0.12565319327909275,0.9029680221335461,0.41092581571738573,-0.99185106882653884,0.12312661745419663,0.03273061780566322,-0.021041204490699496,-0.41168991617298545,0.91108105053011668,-8.1025627238883722,16.96070130679044,-1.0911340706108312,,0.4521738161421107,0.4285714285714285,0,1
0.99137789137637244,0.014744059014114004,0.13020172508045399,-0.028725187054561112,0.993933498383478,0.10616526936744089,-0.12784654910797658,-0.10898996979066071,0.98578722164887755,-6.0104638311538734,-21.837770318412826,0.095648136664310116,,0.3123430361112819,0.2580645161290323,0,1
-0.27334346483646899,0.9084868368398189,0.31612500299719015,-0.96110768087124421,-0.27141769054928128,-0.051033939953642721,0.039438255558423882,-0.31777996246722973,0.94734392880982454,14.69697588709332,18.035321406064735,-3.3070435247587091,,0.3513760342670243,0.2,0,2
-0.30158492350700256,-0.95213595884679547,-0.049836229634369872,0.95134194679347084,-0.29704500784584187,-0.081931456627311453,0.063206282792811236,-0.07212058780097301,0.99539117267070354,11.878948607153408,3.9091780510443601,-2.5478340083858315,0.6136244320079737,0.6489625239855119,0.1388888888888889,1,4
-0.033493832254235717,-0.9994151479202692,-0.0068938601981937513,0.99942384569797194,-0.03345464049802184,-0.0057239566232503277,0.0054899773407407161,-0.0070816055139526369,0.99995985470024917,-2.3637401674648304,13.866099887069598,-1.4576909389663335,,0.1123043028306436,0.2352941176470588,0,5
0.1154192104220368,0.97816002423654391,0.17286229447486887,-0.99325560616800146,0.11558381651190576,0.0091477962579296877,-0.011032075117042796,-0.17275227450341948,0.98490352064174591,-18.805578218222777,10.696468609044606,-0.079848823457529833,,0.0880617160619384,0.2692307692307692,0,3
-0.13060489831119301,-0.98970787200014754,-0.058486653503719406,0.99133809990557442,-0.12954215477389991,-0.021624102574243541,0.013825057422281198,-0.060804261671992842,0.99805396124147305,-8.5668003514443019,-14.358835563519962,0.1020325302898149,,0.4633069775032395,0.3225806451612903,0,2
0.70653613689613248,-0.69869047192694922,0.11242024594523678,0.70233885725179901,0.71177742234533503,0.0096452389119264913,-0.086757229405551292,0.072142397228870947,0.99361393793965336,-6.7750573287812346,13.89595529674575,-1.0013060667368994,,0.07786677926109005,0.2702702702702703,0,3
0.9388951746854407,-0.3213380039830544,0.12336019677587459,0.32176630124033145,0.94666677433397017,0.01698427973839985,-0.12223869411324825,0.023746695944961298,0.99221660744677398,-6.2416425970721718,11.731094965371607,-1.0573056562976033,0.3614482563701549,0.3548609825032768,0.8323353293413174,1,5
-0.65754984635239333,-0.74712065816945705,-0.097154113131563816,0.74821099634421517,-0.63243480189719958,-0.20051565100721358,0.088365742861927943,-0.20454081129614937,0.97486129885372563,-14.459425199784748,23.949642749260587,-0.61765502522935556,,0.670103134281665,0.2692307692307692,0,1
0.89754217040677386,-0.42607471607606878,0.11348298842644433,0.42591127968115694,0.90436471573577515,0.026908042896333251,-0.11409484730634534,0.024182581600175303,0.99317549736453636,-12.937292072300385,3.2531277565231989,-0.35901194161207084,0.4275776627733078,0.3848310252148689,0.9541809851088202,1,5
-0.27261728631922177,-0.96182040116285483,0.024110808921915867,0.96168983438337574,-0.27316061132100877,-0.023150439875046395,0.028852688672268229,0.016875909743134999,0.99944120688849092,-13.191172234273051,21.635187649715764,-0.68209501310580278,,0.2044684858624037,0.6216216216216216,1,3
0.59991465567076407,-0.79768954707406059,0.061593769167086719,0.79667638510142047,0.60267864081302991,0.045663917150105766,-0.07354687847326663,0.0216758482311219,0.99705617407962521,-21.964134004168944,9.5896047761735748,0.13421175450257092,,0.08744898658918743,0.4166666666666667,0,3
0.72340341505473937,0.6195867322947145,0.30463056355444285,-0.68364386298003221,0.70449430223646892,0.19057504224344007,-0.096532728630649323,-0.34612145163324948,0.93321025124160151,3.9183471512855319,7.5572842492007046,-1.905675818008858,0.6353075399066652,0.7865423314018345,0.4095238095238095,1,1
-0.032670371999196465,0.98232904716853886,0.18428860486309345,-0.99946594701780545,-0.031984042740711809,-0.0066963991638896523,-0.00068377279555658841,-0.18440895883582117,0.98284936198577921,-14.175862232059409,18.80168826067403,-0.57720200167849056,,0.09246978685332555,0.4,0,1
0.14541662723283391,-0.98521582985583034,0.090574682586881922,0.9891711501960796,0.14661451880885759,0.0066797076441835494,-0.019860517213599337,0.08862252239659224,0.99586726443842588,-7.7458677991565263,17.894915499407084,-1.1153125416383489,,0.09505146213393821,0.2592592592592592,0,2
0.88492090075070184,0.44426586895417408,0.13979569770547259,-0.4581754810811825,0.88428720756786772,0.090063106030440279,-0.083607583092648638,-0.14374968596214763,0.98607596047930834,7.546715056650557,4.5710595813471393,-2.1829450982411607,0.6067749575520979,0.5000660628073587,0.1842105263157895,1,3
0.41434450559088337,-0.90760380245646588,-0.067631120449173451,0.908804093113036,0.40860669535084693,0.084354542589311299,-0.048925974978922961,-0.096415280329543024,0.9941379897636633,-1.4760994182377616,-14.394372318067514,-0.57231022080552585,,0.3819274636428664,0.1904761904761905,0,1
0.56822238569076722,0.80434750519142229,0.17363297869998068,-0.81907828478937006,0.57311230390294399,0.025554852798690766,-0.078956214362115765,-0.15673984179969783,0.98447881551926208,-12.563735944128895,-7.1280071558365687,0.18470507206524669,,0.08555419583200215,0.4,0,3
0.92334827823814769,-0.37070603150500925,0.10002497328394894,0.3662774404575862,0.92855719965631633,0.060186074620784652,-0.11519024996277691,-0.018935817178730937,0.99316294793014015,-0.32676374098879102,10.604520199782156,-1.6288315845903318,0.1058601190048735,0.3028644666275868,0.2093023255813954,1,5
0.54609448088377976,-0.83633523003150856,0.048209967396988199,0.83639903992299602,0.54756233955978462,0.024741267382762337,-0.047089956085829388,0.026811700877763477,0.99853075502554045,-4.5951019166547278,9.5403195877869162,-1.2218548318960401,,0.1601050960299303,0.38,0,5
0.40185844523709985,-0.91205735502626051,0.081615998028099782,0.91447443887815583,0.40433575791843412,0.015782759803257489,-0.04739504858213496,0.068293308684139548,0.99653887699320076,-0.49473949909889153,1.4122508187479796,-1.4482129895283657,0.154198173519273,0.1352906537504663,0.5936329588014981,1,5
-0.30108343491524325,-0.94848847218418886,0.098581861178118124,0.952740924254597,-0.30358267805716599,-0.011058428194598974,0.040416537087366602,0.090593463987985193,0.99506749912381498,11.122341256678506,-6.7944698793224454,-2.1831101869304215,,0.07406047728694512,0.1851851851851852,0,5
0.97515660507428092,0.1745774923513263,0.13635356520577757,-0.18230378781170056,0.98215152807519557,0.046300160356801429,-0.12583689653480051,-0.07000767860657621,0.98957768790863965,-0.47461585871066669,13.268240656450851,-1.6351857878067526,,0.08131939375038716,0.3823529411764706,0,5
-0.51549934622193072,-0.85673892336602797,0.016088543575480896,0.85284254252302194,-0.51479672038384039,-0.087429596504320931,0.08318666784784827,-0.031348905430019135,0.99604077447698414,-26.111450971069896,14.776466254072011,0.38845553786507109,,0.3209274962295772,0.1875,0,2
0.91826575067125016,-0.3959608814182291,-0.0017296041931647418,0.37845847044696773,0.87637502354589425,0.29788589132732585,-0.11643537817651287,-0.27419299497148514,0.95459991840428116,-21.590748189509938,18.338395125931164,-0.028277547894507947,,0.3610805112485999,0.25,0,1
-0.651788280940237,-0.75750761019299573,0.036800235443096907,0.75244974015703658,-0.65197879607885423,-0.0935042138150778,0.094823126749643202,-0.033254623186321892,0.99493854316241925,-8.1825344178222785,-5.1534694509114889,-0.38515226184041224,0.2576375901322753,0.1850903371470802,0.5732899022801303,1,5
-0.87160235797901309,0.43728995789079156,0.2215554609872995,-0.47772676950429765,-0.85905802769857276,-0.18383807751830508,0.10993845216489384,-0.26607667649478128,0.95766212150271413,-21.612621899857363,8.2303538119076176,0.11209626797754817,,0.4046107402667006,0.2857142857142857,0,1
0.97426935896796629,-0.19016742832780903,0.12097754080546208,0.18553455117485609,0.98143634937358337,0.04857594516424265,-0.12796931857478303,-0.024880541220850504,0.99146599143493808,-4.017647467887528,13.737394867699484,-1.2616998170242504,,0.07516040929467736,0.4347826086956522,0,5
-0.72341864834519565,0.66705870274410894,0.17803973241879226,-0.68458467818793944,-0.72648146899052457,-0.059736869717814944,0.089494567526324675,-0.16509803847022056,0.98220840969549861,2.4610827284872547,-13.300418859759951,-1.0363253762727251,0.2114827566169888,0.1905053836911537,0.4736842105263158,1,5
0.89384090796873661,-0.44779008103316315,0.023075410504208631,0.43357180522434002,0.87628596155147587,0.21009141653649829,-0.11429751071712606,-0.17778345512481927,0.97740939330853072,-10.910829023594335,10.264783236397029,-0.65611616207392709,,0.09022074826469613,0.1702127659574468,0,2
0.0047332894179636575,-0.9999665192146503,0.0066750596269544256,0.99948531705473098,0.0049425951665768297,0.03169655730555937,-0.03172848819737667,0.0065215951083254604,0.99947524823476919,-11.765399966464402,-9.4471687262115509,0.29073471672667478,0.4638154754044425,0.2262596709177392,0.2162162162162162,1,2
0.071187288234868487,-0.99610636370547911,-0.052004636131907672,0.99187437348555318,0.07620346242737891,-0.10187374311724795,0.10544001714911538,-0.044329950366827714,0.99343709326965823,6.0073854372369615,-4.8584371728248188,-1.7996783731003745,,0.3800487892714213,0.4609929078014184,0,4
0.59793492307064977,-0.79576002117826761,0.096123964061303205,0.79820282760980976,0.6020841829291973,0.019154181323785168,-0.073116850097632913,0.065273465978477177,0.99518505860516038,12.519601351672991,-10.584483938615653,-2.2675550034325433,,0.4216940473904124,0.15,0,1
0.66209045896269425,-0.74520887585947193,0.079372258950030833,0.74508576515538805,0.66593485138803876,0.037121102753023744,-0.080519728721466455,0.034561612332944462,0.9961536368651015,-14.464257114279995,10.660959802520493,-0.38635002269426821,0.915810606410162,0.9082866821339743,0.7705479452054794,1,4
0.79345527154659268,0.55212550052700726,0.25609795727948204,-0.5982130868156551,0.784987172416581,0.16104732814891748,-0.1121152746837247,-0.28098500103959539,0.95314091003029056,-14.67588846532488,21.974846968231741,-0.53915807463438914,,0.6281962517157265,0.4146341463414634,0,2
-0.80973410059062578,-0.57757604616318192,0.10361755275626429,0.57653345585029403,-0.81595156859908247,-0.042804345410417645,0.10926966928662415,0.025078847645044196,0.99369572343589618,9.1958818055379776,6.3385318664409578,-2.3102786325260087,,0.1218701033432258,0.391304347826087,0,5
-0.74227942375590106,0.63476838540931579,0.21468664130182352,-0.66369359137311223,-0.7406032584384854,-0.10496490061233822,0.092369225605001534,-0.22039943392656017,0.97102626930788249,-21.787557860339568,17.102532364963821,0.0027245872889882536,,0.08409105486126998,0.3,0,1
-0.61376615565855164,-0.78882776984866576,0.032277789324934407,0.78658743307947188,-0.61450132146035541,-0.060566789950651248,0.067611510037655892,-0.01178454237801015,0.9976421243468877,13.068042875589258,2.8192327932227097,-2.6470850456394195,0.3773578075897585,0.3980235238247801,0.4646464646464646,1,4
0.96933496841427635,-0.23196108563866905,0.081140456978155653,0.22409103559281127,0.96987238945551979,0.09555498908367771,-0.10086092789695764,-0.074441943292544416,0.99211162189674729,-27.577322745022489,14.68350309820215,0.51499190406076623,,0.3813821286006056,0.3103448275862069,0,4
0.93209307259164353,-0.35761461456599342,0.057569883406919847,0.34975989941716867,0.92991847548997975,0.11366460179882525,-0.09418342097398269,-0.085810351305710214,0.99184982069990302,-9.4410938778414426,-4.2733507827515886,-0.31479381167735354,0.3795518016711474,0.3238366664241613,0.6970588235294117,1,3
0.96749911501617125,0.18557645589042018,0.17177555548470166,-0.21512447886708413,0.96107559272812615,0.17336425137394326,-0.13291697045559039,-0.20468288663548143,0.96976182379153064,-10.336570872991743,13.726304407456809,-0.77045386445255448,,0.1625650668109777,0.2222222222222222,0,5
0.25165017206144852,0.86191434219812302,0.44019979283800281,-0.96710497120789218,0.24140741132590263,0.080190002007160976,-0.037150579624352503,-0.4458992357810268,0.89431186169225751,-26.01398267652856,19.366475378726605,0.33692389550407142,,0.278826521311043,0.34375,0,1
0.94711976543328569,-0.30458503350243332,0.10095596709417809,0.28630658399321424,0.94421853148822643,0.16272647220521583,-0.14488854298299686,-0.12521710011232459,0.98149273453843033,-7.4512478989276643,-14.499107821887495,0.01947836197874497,0.7412495363063297,0.3127996874412765,0.4736842105263158,1,5
0.96847768555324865,-0.23485967875896868,0.083017491401845792,0.22738832758731845,0.96960403739812262,0.090346882283234356,-0.10171293458780845,-0.068621730920258375,0.9924442236131169,-0.053653124281496219,-14.844499208063203,-0.73410677034162353,0.5195838625645511,0.1670548267399978,0.4375,1,4
0.97256241659063691,0.17406320132517811,0.15435137764144446,-0.19867749347478042,0.96661705763218009,0.16179838528578103,-0.12103552958515879,-0.18802517341818353,0.97467786203396622,13.292460756108392,5.5164408131573834,-2.684521805068107,0.2931584294197112,0.2318193277848003,0.5,1,5
0.92635733002308407,-0.36704431038986679,0.084501901297715232,0.36248613822131076,0.9297425280074294,0.064673265046333583,-0.10230296530356471,-0.029279785258429697,0.99432228048320248,11.064678158595807,11.554048093932691,-2.7363326730234805,0.2794146252200311,0.2409102849351501,0.3333333333333333,1,5
-0.90604695101089405,-0.40853392967185953,0.11035828410559824,0.40626377544022219,-0.91272629333050093,-0.043364250578350673,0.11844267528606574,0.0055445261324579779,0.99294541184349472,-9.0191318798866345,-6.5686438728167236,-0.14912154627618235,,0.1038362332556661,0.4705882352941176,0,4
0.02818424111964268,0.98033286819390852,0.19532822656036047,-0.99894241698676123,0.034724110047287801,-0.030137745869135323,-0.036327621683212054,-0.1942722412495658,0.98027475749542425,-4.1861636985740374,20.009931954126088,-1.4592621055710173,0.2814783652089428,0.2360723350476246,0.7142857142857143,1,6
-0.84211613853978051,0.52179221585922209,0.13628386800927833,-0.52900918357600779,-0.84836427377912593,-0.020672268077303966,0.10483173614460946,-0.089503868318287189,0.99045412041798686,6.5498859556879658,3.7903661584927266,-2.0821906141938165,0.1584299248593762,0.1424006819230021,0.6213592233009708,1,5
-0.62527452967045616,-0.78038830709246698,0.0050845549206609518,0.7727243644519759,-0.62001945352584198,-0.13591517145559553,0.10921913352374504,-0.08105533543738809,0.9907074308136854,3.5272315913755046,16.508118386722074,-2.2074146925105009,0.3740854158676195,0.4258067553796455,0.2857142857142857,1,4
0.070577541075674488,-0.99671620117175452,-0.039694143364702159,0.99664773216352087,0.072111612100151143,-0.038642119165846527,0.041377634889172003,-0.036833812211925401,0.9984644017735006,6.0224588927121978,1.9078226669664822,-2.0421480947812345,,0.3292222424631838,0.275,0,4
0.1996597212731234,-0.97542871541802023,-0.093138696786507325,0.97759526224917603,0.19182889918199655,0.086655505691140985,-0.06665957492440712,-0.10835356282362701,0.99187499539726431,32.626656444261222,-2.5963742253385944,-4.8271557518655097,,0.4317146355097483,0.1578947368421053,0,5
-0.074981025958170161,-0.99381516599135489,0.081910082357646311,0.99675007703929497,-0.077120701379305642,-0.023274048657758249,0.02944706553155926,0.079898768853719854,0.9963679325767365,-7.3138889958383961,9.586044233717276,-0.97366994453427491,,0.07935365738540401,0.3451327433628318,0,5
0.94847805640789096,-0.30569654998105056,0.083300635306057774,0.28667691856840133,0.93994603717283498,0.18525061825324521,-0.13492857693178223,-0.15182577690486737,0.97915433543154862,-8.2649924725156101,7.5856879357336284,-0.91799459920981419,0.452792569912722,0.531583178183577,0.6666666666666666,1,5
-0.58314681877174868,-0.80896174694152301,0.074301276851137826,0.80919177722474656,-0.58651147196640752,-0.034827588542051584,0.071752738123682991,0.03981438480145133,0.99662749276479257,10.983884073522457,14.438927477960153,-2.8262488695326771,0.2154305230883062,0.1530688916944092,0.3571428571428572,1,5
-0.23928774518377841,-0.9669498762745492,0.088030175380355291,0.97075671619047665,-0.24005798405656426,0.0018873955015742444,0.019307329591225542,0.085907514591747169,0.99611602033132862,-12.413132055849156,11.818608348894724,-0.55157353442483226,0.1993177719822881,0.1392078913554022,0.35,1,6
0.55907741964407531,-0.82333572839304703,0.097727770851544979,0.82629782117017303,0.56300261411050168,0.016123499439184633,-0.068296043615617918,0.071737959660357523,0.9950825672125011,-1.7655846558989479,26.410987667304379,-1.7972130170311238,0.5186103144506843,0.4736043363575789,0.92,1,5
-0.56185035712007902,0.81485667805254902,0.14259302380272568,-0.82435189236060191,-0.56589739099916536,-0.014286371891873845,0.069051674603408691,-0.12557363215859679,0.98967829578149447,-5.0319577550307466,-3.8608548406716667,-0.69121411444343084,,0.08643980090026086,0.4125560538116592,0,5
0.045188088592688955,0.97681252742881597,0.20927332105997068,-0.99893062887286843,0.046234050353433871,-0.0001062429909295324,-0.0097793327480084815,-0.20904472929506357,0.97785718067873229,0.54166662873963189,2.2761554883960025,-1.521847902025167,0.1962128694634076,0.1457886443247901,0.4901185770750988,1,5
-0.67556946312510691,-0.73721564905862014,0.010908128892417225,0.73522038409173385,-0.67470301595440729,-0.065014052927280797,0.055289124688850069,-0.035901630117665263,0.99782472691652424,-10.448185538058956,18.687832782820731,-0.90124103666402655,,0.1126919904457601,0.4090909090909091,0,2
0.3559922840838356,0.9119618904485185,0.20394853282712783,-0.93315888868483321,0.35855602935934827,0.025535510148514441,-0.049839564015553096,-0.19940683082488048,0.97864852407752445,21.364071639628982,-8.4412038664716444,-3.2972608821481977,0.4709831874606101,0.4632637546346764,0.6842105263157895,1,5
0.99161896367466207,-0.027221734357896706,0.12629650850019289,0.01528558213711519,0.99540439186376684,0.094532786043019207,-0.12828944562792641,-0.091809987674946608,0.9874779715535974,7.8055068527088824,6.9277828953296758,-2.2120173275344501,,0.07428790287292757,0.35,0,5
0.8513066428324717,-0.51670562439262335,0.091062053514819608,0.51354974748215043,0.85616123050537896,0.057049138823780855,-0.10744141068659772,-0.0018014162608148473,0.99420978579429087,-1.1229419418752811,2.3699475757392836,-1.371130958848775,0.1521136962622475,0.1376448897890386,0.5147392290249433,1,5
-0.98025432149307534,-0.16066288710960439,0.11527749953809709,0.14905100415992886,-0.98343259140931294,-0.10317042363429352,0.12994330822734323,-0.083951026554588526,0.98796101228103328,-9.9783751381192509,10.265367352717409,-0.74494403046942659,0.9723312057187309,0.4924308763033366,0.5186915887850467,1,5
0.89498983520918673,-0.4425223621462685,0.056277472160003762,0.43348073205569904,0.89252927266463866,0.12444256656460807,-0.1052979098020872,-0.086979632312504107,0.99062954415568172,10.829475807920058,1.835486413502744,-2.4432806813167263,,0.2642462090250998,0.3137254901960784,0,3
0.079986345226845293,0.96620561979438302,0.24504873975396174,-0.99654847962380388,0.082990155507459668,-0.0019395484870360863,-0.022210635667126256,-0.24404781164067132,0.96950882063891641,7.0859768568567105,8.5416408606584522,-2.2060708030372016,,0.2332156070476417,0.5,0,5
0.40671641162120659,-0.91326250790597319,-0.023094418617099207,0.91290479754671339,0.40534408055559568,0.047968812521607444,-0.034446932144440556,-0.040592708850620593,0.9985818148023754,-5.9538457002861529,-15.438439669784469,-0.064717927966141245,0.6897505256726021,0.2681950055410914,0.7692307692307693,1,5
-0.24254065702994809,-0.96700756686884959,-0.077912741614366385,0.96807364463480772,-0.23600148241968388,-0.084479103091771035,0.063304409411664042,-0.095914888907288651,0.99337449425427737,26.792345374433552,-7.4669864863952462,-4.0268524225113156,,0.3726294320220099,0.3181818181818182,0,4
0.13495919008336282,-0.98991025470476202,0.043170645610135165,0.99076891747816498,0.13538118112209824,0.0069919923577329611,-0.012765937928240802,0.04182850019231836,0.99904324601113925,-13.633827657874033,13.145949796142304,-0.44492220572421948,,0.07688119676320239,0.2368421052631579,0,4
0.13634702509899807,-0.99024910757008244,0.028569103999032838,0.99055105759371809,0.13584527441586985,-0.018832517591725204,0.014767905965939637,0.03086691392950314,0.99941439982514213,8.9287116653073522,14.671777136943742,-2.6661741113726851,0.1300264707060854,0.1329688954150033,0.4347826086956522,1,5
-0.82165772887992128,-0.56560501468934155,0.070494992234619705,0.55485783077368589,-0.82201678927688815,-0.12814517461081149,0.13042762054491758,-0.066176774665931498,0.9892468197036598,-21.379712287486917,14.714119270056409,0.025911254449266865,,0.2568298310439332,0.3428571428571429,0,4
0.94518477517713051,-0.3193036489075684,0.068344133381516889,0.30093447950279451,0.93302570734101153,0.1972345519608267,-0.12674454552263953,-0.16585598944601967,0.97797117081493889,2.9581278168507925,9.5204777957713773,-1.8872530146143067,,0.1614258571258183,0.25,0,4
0.82315500725302848,0.53898967353217597,0.17862241141565882,-0.56151871241705031,0.8194215002492149,0.11508753422861848,-0.084336051838845461,-0.195034706539641,0.97716369846880402,4.0174171286628431,-18.894201657075381,-1.1336929736485866,0.3639204295205638,0.2615796193094171,0.3809523809523809,1,4
0.99163086365561615,-0.033446296523222098,0.12469793700978735,0.027699006650029064,0.99848509534446639,0.047542395875181394,-0.12609914859434157,-0.043690498095484337,0.99105506663350951,-11.886784312858367,21.196858310038074,-0.7959802196106498,,0.08703717928991692,0.3333333333333333,0,2
-0.67928508981356217,0.71953107293230067,0.14438421604134721,-0.72906187022642766,-0.68413571341500079,-0.020666761045039037,0.083908021898540186,-0.11930364921091584,0.98930585924982495,5.0562674066700879,3.9798283633082527,-1.9581381290201445,,0.07168126757712726,0.2142857142857143,0,5
-0.95717733905130287,-0.26369419151278012,0.11948604508095945,0.26195284398409019,-0.96460368301356203,-0.030338791098513285,0.1232568421440155,0.0022601059916602137,0.99237222995486563,-14.853951739871761,29.418045220193598,-0.57486889689277443,,0.2373850563259272,0.6923076923076923,0,2
-0.95749220876011498,0.23844460083937133,0.16233558603777509,-0.24999808324563982,-0.96670490099919382,-0.054613118915177207,0.14390840328897103,-0.092875221209373346,0.9852231040470617,-2.9440574287130454,-8.004836522988457,-0.58617657445343796,0.1961722665868051,0.1261630081399209,0.2363636363636364,1,5
-0.66896721779887136,0.67730607143142241,0.30616882126135814,-0.73971988236897257,-0.64698416279317683,-0.1850026722046054,0.072782945381937039,-0.35023988735857042,0.93382796283072689,22.668488542151021,-8.1493451508027555,-3.4629141155965018,,0.5089424165160074,0.1176470588235294,0,2
-0.94585082031067957,0.28437319789627469,0.15651872103956599,-0.30146032321973937,-0.94835569706189626,-0.098707372442466343,0.12036568963731124,-0.14054663342994633,0.98273025016514248,-12.689527215070568,-20.766029204252622,0.70849459723497221,,0.1219029886508249,0.2941176470588235,0,1
-0.41034431204154137,-0.91118787029095094,-0.03679960067440035,0.91012781333577097,-0.40666331028157415,-0.079324116531356084,0.057314125377625876,-0.066042540119784054,0.99616940021600975,-14.052816040611074,-13.76735128078845,0.58271214752302025,,0.6242420523095451,0.5416666666666666,0,1
0.9866956329687564,0.12187562068792954,0.10760139851468767,-0.13343496422919368,0.98518751925174464,0.1077063704325157,-0.092880774122196585,-0.12063119411049701,0.98834269198792413,-3.3113797851561868,5.4175833814751133,-1.2935174798999733,,0.610763693288463,0.6490566037735849,0,3
0.13872318374011655,-0.99028671473830709,0.0093862082768204399,0.9902455690159615,0.13882959139910817,0.011834593200035808,-0.013022723880185681,0.0076529187090042423,0.99988591424120654,6.0982747452513264,9.5676857717976311,-2.1903096672974853,,0.07833627892340697,0.3333333333333333,0,1
0.050967387180609204,-0.99733412485107642,0.052220387316834774,0.99869073292441057,0.051126264637162092,0.0017102734152838013,-0.0043755473813037191,0.052064848715704805,0.99863412024290732,6.5930105590167178,-8.7037905259635142,-1.6614561089533755,,0.08045171419349052,0.2380952380952381,0,3
-0.94260287646294549,0.29149782352297671,0.16287675145688815,-0.31164791466512998,-0.9431313166880857,-0.11566718102847523,0.11989743353657428,-0.1597884174887709,0.97984298082283439,-27.42847536036885,17.325759278042888,0.49716240816368096,,0.5631841115915034,0.4827586206896552,0,1
0.70155018386798507,0.69883699492529194,0.13947829235613679,-0.70634743109466369,0.70783750918781385,0.0062743264786336711,-0.094343235585629001,-0.10292188839396091,0.99020525083876199,10.794539497078823,-9.1880293932706785,-2.085284158289082,,0.07529691329067786,0.2564102564102564,0,4
-0.33655926557210408,0.85431697850899968,0.39606863166479017,-0.94086469531572881,-0.32239033192915878,-0.10410619091604345,0.038749011161664119,-0.40768489561162335,0.9123001370295486,-5.0904620167306325,12.649453874846337,-1.1602105789595034,,0.5829689287705284,0.1724137931034483,0,1
0.98393195379392251,-0.15290469357636616,0.092184949886581199,0.12637081987276327,0.9611463336201933,0.2454142238199428,-0.12612821329091886,-0.22982140903487855,0.96502528141042143,3.6031990309983146,-11.541339978870663,-1.2955388866776578,,0.4100527947675333,0.3333333333333333,0,1
0.95368002116171247,-0.27372872861439496,0.12476778577879266,0.27212722479877116,0.96179230495691648,0.030038902259913652,-0.12822320679313398,0.0053052103453613596,0.99173114501001569,11.181066929514341,-5.7369231497273407,-2.2619277523567507,0.2499970318788704,0.1847188878272268,0.6166666666666667,1,4
-0.75415115077038442,0.5770200162876078,0.31353459553158364,-0.64994343522350273,-0.7241431706198479,-0.23063000553810523,0.093965806555243878,-0.37770963615995112,0.92114377702416239,-25.114209986520937,16.191150299964676,0.28387249885632232,,0.6018038616698935,0.3333333333333333,0,1
0.97459461754053545,0.12590272188975163,0.18523994191796311,-0.14278924550210942,0.98645062649080051,0.080786093263918474,-0.1725588677233274,-0.10518396321046311,0.97936702571272249,7.9174737630963197,0.78015440972067773,-2.1945976316994082,0.6033833334661889,0.767513212423626,0.73125,1,3
0.20490899952878405,-0.97526869028860363,0.082844937412402023,0.97842551839820624,0.20638060112099044,0.0095159039581432826,-0.026378151173172899,0.079107706474721207,0.99651701637101764,12.460335615106413,12.448018588329774,-2.9011798199922989,,0.1096679659063099,0.5,0,5
-0.90471131834740526,0.36032446770358073,0.2272965209329724,-0.40082035357028772,-0.90070876113020781,-0.1675314053754631,0.14436230331319719,-0.24267263050747886,0.95930679127414265,-21.565123141823292,12.236745411807709,0.062005226828677013,,0.4523625640704671,0.1627906976744186,0,3
0.42924757244289258,0.88254166558256264,0.19200710940649507,-0.9003345418089268,0.43499309222602878,0.013368715022226941,-0.071723318227697966,-0.1786091213415251,0.98130247497701495,17.962409924052309,4.3661779248855437,-3.1567372684278454,,0.09534996356302269,0.2222222222222222,0,4
0.78325710106572977,-0.62093736818234169,-0.030742453137276245,0.61302775279805988,0.76315938393134197,0.20441313318105658,-0.10346636134256978,-0.17895401507740127,0.97840184615433312,-25.52184641602118,10.981685382411255,0.34723328703634249,,0.3569908067658659,0.1153846153846154,0,2
0.13137663838514096,-0.97541120730775766,-0.17695523599216531,0.9912590277233414,0.127083461997721,0.035430687879994933,-0.012071406032262118,-0.18006323984949518,0.98358096301794484,-19.355178316808015,21.669820773546821,-0.19661145960520884,,0.7496153485947361,0.4594594594594595,0,1
-0.93471013205005593,-0.33545365584822756,0.11742152196691188,0.300119000907899,-0.92194986892682751,-0.24482039228759103,0.19038265240565261,-0.19359567134588623,0.96243189977219912,27.810948902909072,-8.9210065634036315,-4.0959568302965321,,0.7090931343177636,0.3333333333333333,0,2
-0.88376986852478323,0.45337660215808295,0.11576042546258684,-0.46332711975111718,-0.88247380081038929,-0.081043019356386678,0.065412533896966413,-0.12525832307218954,0.98996543015921612,10.321585500226286,-11.745058630243907,-2.0399389605724934,0.2771719527090691,0.1215810553786456,0.3333333333333333,1,4
-0.11757250324276888,0.97895042852608483,0.16683154668654118,-0.99304375153274216,-0.11697986921006277,-0.013409613766764082,0.0063885853681610811,-0.16724762685368982,0.98589422216016798,11.899045088941451,-14.780395819982747,-2.0660814501570348,,0.3979850927720013,0.7142857142857143,1,4
0.74917777364916527,-0.66236755056980889,-0.0013752898722327854,0.65894787231616347,0.74509594101602561,0.10305212395407158,-0.067233660022953626,-0.078110605128854885,0.99467500638465989,15.44353009743719,5.3807352730767875,-2.9037769887115736,,0.5620824440237308,0.3684210526315789,0,3
-0.97023203581634998,-0.2311003308968842,0.072404652716596768,0.20682169862603533,-0.94623235668757033,-0.24873502394099525,0.12599437151357887,-0.22635583539382581,0.96586150877341681,4.112126110275053,-15.49140617445668,-1.1877720773724216,,0.6820120151548863,0.2,0,1
0.50469295878860543,0.79772829141607238,0.33002210596200526,-0.8605189834809277,0.49551173168728835,0.11821676204843184,-0.069224969614683052,-0.34365345456529145,0.93654162040305911,-20.075258877386698,15.008730142734994,-0.056371922767437382,,0.5339462494474339,0.1666666666666667,0,1
0.993740246798962,-0.027943950593178609,0.1081640306071505,-9.6748616261358448e-05,0.96799527198171365,0.25096841247605994,-0.11171531914488651,-0.24940787687299396,0.96193315694078374,6.4380692473975634,16.011066660021072,-2.4689530347671735,,0.4402267070401113,0.1923076923076923,0,2
0.91574840120049561,-0.39611033839918325,0.067092961717463401,0.37849344862499162,0.90661469290751129,0.18652749918491879,-0.13471293570662501,-0.14541801269960886,0.98015612355165116,10.54832008703012,-10.317354259273582,-2.0742747899329999,,0.3893905464862634,0.5555555555555556,0,2
0.98396651479892938,-0.15452455769798129,0.08906210654757056,0.13127561538231569,0.96551250565814106,0.22483841803333346,-0.12073363475205184,-0.20954179174088622,0.97031728159070574,9.3870164565041865,7.3813463026691535,-2.3888758217175616,,0.2146140337370614,0.375,0,2
0.033765238693098595,-0.98252120249909602,-0.18306281789519199,0.99942964449066052,0.033293421095558266,0.0056510021257368363,0.00054255807922022831,-0.18314921444408108,0.98308497642840953,5.6311609007200447,13.735032438930524,-2.2884532488056935,,0.2934046516646658,0.3809523809523809,0,1
0.52688241532295621,-0.84928702732815853,0.033263578213237485,0.84754607751889266,0.52793119510638131,0.054353470136577972,-0.063722577676893169,-0.00044547238787210377,0.9979675519016461,3.7954607445854149,-14.213398528025488,-1.1327788201900397,,0.4399053510141613,0.3448275862068966,0,1
0.3968283175723924,-0.9037736884176657,-0.16037582890383748,0.91670761118105015,0.38134348249525568,0.11926568643630842,-0.046630912229954503,-0.19434574469825444,0.97982411153343441,10.970296089746673,8.3429228840981455,-2.5700892197998555,,0.1730163402161485,0.25,0,1
0.73361940472197018,-0.67263374965267508,0.096780203779308863,0.67271635481411285,0.73898979313396063,0.036698659504649525,-0.096204339720173199,0.038182777164688438,0.99462897632584446,6.7389746166589104,11.04007968200164,-2.3281518028019219,,0.1218243314608132,0.4418604651162791,0,2
0.93855099513362861,0.26674184523718142,0.21902241331228925,-0.31335404024918673,0.92456305341718059,0.2167773182678733,-0.14467644933846963,-0.2720881258992448,0.95133420875707519,-0.31884066204830619,-13.254648453529262,-0.75998050242362125,,0.3803528143998652,0.2142857142857143,0,2
