axis_00,axis_01,axis_02,axis_10,axis_11,axis_12,axis_20,axis_21,axis_22,location_x,location_y,location_z,dbh,dbh_approximation,score,reconstructed,number_clusters
-0.8951767387892815,0.44512692388482172,0.022817273356467434,-0.44561856650495169,-0.89486136397057281,-0.025440763722792362,0.0090939274606507293,-0.032941780546338555,0.99941589920201812,-8.1392499625914301,3.1679381350079487,-0.73452813507422865,,0.09046362303498037,0.4,0,5
0.11992905647709098,0.98218679787541963,0.1446586170670274,-0.99275015714720194,0.11982073245036169,0.0094930268758437377,-0.0080091757828973445,-0.14474835458231991,0.98943608532789551,-3.3087969247420781,3.954088707144118,-0.96197981216983497,0.7759870889084016,0.66940676473295,0.5210884353741496,1,1
-0.616381528974001,0.78510331762320362,0.060717307225468656,-0.78744688951793429,-0.61465345427487061,-0.046135965758829466,0.0010986028413953405,-0.076249011829719562,0.99708820134769849,8.0178921015485276,5.9971051554099333,-1.4436258036333598,,0.0772210912642617,0.2424242424242424,0,3
-0.58855314063943864,-0.80687329182227563,-0.05060327644864674,0.80840057538953047,-0.58660750858170707,-0.048786684509592684,0.009680410803737818,-0.069621274187187734,0.99752652487401228,-1.2190299885127194,-30.89851285255644,-1.8830932995242207,,0.07874363657261768,0.2307692307692308,0,1
-0.227752634158601,0.96216602754778502,0.14955023593005248,-0.97311447179607102,-0.23032195784239451,-0.00014323651870211735,0.034306885823002294,-0.14556212133849294,0.98875411828045823,2.7735102665230222,8.3023776855765306,-1.1257380806537096,0.06063757587384174,0.2661700485525523,0.2142857142857143,1,5
-0.69036862115024511,-0.70761703108476248,-0.15056328984814263,0.72339735677631145,-0.67788581776021606,-0.13102321278540341,-0.0093504620289823932,-0.19937140065302611,0.97987938720104506,-19.088443996840947,16.387965572258985,0.27319418130976064,,0.4471138497060783,0.2884615384615384,0,6
-0.76152516340058329,0.6434172488271348,0.078061958849609259,-0.64812139233992749,-0.75517508904669806,-0.098230574032056012,-0.0042527989690023041,-0.12539867939908531,0.99209731624770392,10.924028793572877,-29.149257177324976,-2.4451442827865901,,0.2851194721954076,0.3125,0,4
0.78827744189316862,-0.61302562143214645,-0.053087306110707548,0.61530513967836675,0.7847200887305612,0.074926413420666166,-0.0042731355872248841,-0.091727693803069832,0.995774959768432,-6.2748151009015194,22.292999996957402,-0.17881331929852973,,0.09410673586095074,0.125,0,2
-0.26601912357686619,0.96277497930758604,0.04793918137259106,-0.96367426065301975,-0.26683615966527896,0.011418548504188048,0.02378539985480178,-0.043160202899938639,0.99878498769223811,9.1061720250836853,11.036335058770879,-1.375924583796446,0.3333743768232121,0.1708059724393259,0.103448275862069,1,5
-0.53116244094545106,0.84289749697303107,0.085966684974288721,-0.84722061437124252,-0.52729492612191997,-0.064631969415242019,-0.0091483284420810634,-0.10716282229708766,0.99419939529454449,4.1993768047212638,15.72217745534709,-1.0233553955161376,0.5712487809924688,0.4913826486240955,0.5909090909090909,1,4
-0.35079706185091925,-0.93387775026258024,-0.069381330062650945,0.93636745746266226,-0.34880890975010365,-0.039348812991651272,0.01254615485598092,-0.078769867610934838,0.9968138752820831,-16.574543767116467,12.078002200881791,0.027687450816299586,,0.1069027410142128,0.2631578947368421,0,5
0.98542275044597605,0.16626464797165028,0.036028734898012137,-0.16926899780125745,0.97943301983764319,0.10981332357721116,-0.01702965903492798,-0.11431109520330308,0.99329903061795854,1.7018588588260275,-31.662825399486277,-1.9925947122188936,,0.1390938702404221,0.2758620689655172,0,2
0.93008916471036962,0.35950219123068322,0.0754474664167364,-0.36715732609533974,0.91618852157044162,0.16060538856803475,-0.011386113598921421,-0.17707842173146471,0.98413088000235338,-15.250784388148622,18.334258103067505,0.14252480418534447,,0.2886843061969375,0.3043478260869565,0,4
0.85706836323361935,0.51174975186982319,0.059548402205425219,-0.51500273792738127,0.84777383465812584,0.12669532428766919,0.014352723481823718,-0.13925414439158018,0.990152656209346,16.0825017414532,-24.639775710101713,-2.6621635768780716,,0.245000844162214,0.1333333333333333,0,6
0.99496078578684455,0.088793665689250956,0.04656951449062121,-0.094755763668436133,0.98455407966238218,0.1472229923339842,-0.03277773631656257,-0.15089383404773843,0.9880064123518314,-3.337227803112973,-34.052481120301152,-1.8294499073993706,,0.2955989879447952,0.2142857142857143,0,3
0.99709868441648453,0.074385122506120241,0.016157570506253119,-0.075124546428640013,0.99584951498405316,0.051381378240722551,-0.012268498637003373,-0.05244613480300131,0.99854838985670524,14.566871569032516,-28.412166589879945,-2.6519159981009994,0.4318179332603517,0.3851542140376181,0.8103448275862069,1,5
0.71214821765511682,0.69880887208345888,0.067164547106971978,-0.70195080394477571,0.71023163930368061,0.053254928159654831,-0.010487370114739953,-0.085071610008575202,0.99631964561511377,5.2969279061901684,6.3555361076671293,-1.2553164857679235,,0.08024804731096565,0.2222222222222222,0,2
0.75676776938890988,-0.64776076490522072,-0.087798261164649838,0.65294827851754822,0.75543673029491043,0.054533403545935139,0.031001432146001668,-0.098596845642934902,0.99464444563580567,-0.62755109170689038,9.1455451562409564,-0.91641335736573093,,0.4176693694132611,0.1071428571428571,0,5
0.67662287969741797,0.69737052737593574,0.23633837229147356,-0.73626556174346902,0.64500439916607011,0.20465177166834222,-0.0097211758829775004,-0.31247987551813106,0.94987463706303166,-0.90888391245653688,-33.388167089919428,-1.9507475225750062,,0.2674327905683067,0.2,0,1
0.9768849549665809,0.21302765305331561,0.017748346247950512,-0.21332703223277061,0.97683066615088854,0.017129710621291209,-0.013688026837326018,-0.020519958620985549,0.99969573832216241,-6.5201463265490585,-30.531792946926259,-1.5010584012999624,0.2591556418287062,0.3099942543679173,0.6097560975609756,1,5
0.55800154305650518,-0.82476222282444467,-0.091659989898754776,0.82978373084894352,0.55583490461835616,0.050065145823323665,0.0096559807874194627,-0.10399439701052879,0.99453100878024392,-24.793371764118405,-0.1395184069269185,-0.09864796093990022,,0.2009894948793373,0.34375,0,3
-0.97316439583335623,0.2292335928729082,0.020075322684221995,-0.23004795904840816,-0.97122991305362272,-0.061566163820016742,0.0053847209732558682,-0.064532285628427541,0.99790109173785857,-15.596266941577426,14.138073527280316,0.040709597666639903,,0.3112845951905689,0.7840909090909091,1,4
-0.65113991836217022,0.74093631266905491,0.16440859856981788,-0.75895162609811606,-0.63654097179162472,-0.13714233654710667,0.0030390719524992422,-0.2140770230523559,0.97681205574189622,8.5038827667529269,4.089823335776833,-1.5566155395265442,,0.156297091647211,0.1641791044776119,0,3
0.92233205296945497,0.38483360998506322,0.034737252208772211,-0.38573343791305381,0.92228813564990308,0.024378468270243238,-0.022656101626884955,-0.035884362406086681,0.99909910098737553,-7.3396328699536522,20.350841207582306,-0.16398890666719243,,0.1768083189213698,0.4,1,3
-0.12962689014175413,0.9645123137534396,0.23002796779992432,-0.9911852883615806,-0.11964134060930209,-0.056900560214975526,-0.027360436541596641,-0.2353761802629874,0.97151915075157325,-12.134285884452582,-29.295798331657767,-1.2694549389155774,,0.732891323304762,0.3194444444444444,0,3
-0.8214881596536967,0.56667231189009293,0.063558590968650061,-0.57010326577331571,-0.81388564511454431,-0.11212681673481274,-0.011809737650901903,-0.12834581260648639,0.99165915640556546,-7.4970595689097923,14.891167608896749,-0.3618915108118505,0.4543896547712407,0.1380848468995093,0.2777777777777778,1,5
-0.86061978281977058,-0.49457177224912185,-0.12137689859941919,0.50916405826056721,-0.8313502222683834,-0.22273026222302963,0.0092493888922812236,-0.25348682417173596,0.96729461839526809,-33.995731491076093,0.99798681008124313,0.20692579818610002,,0.5129871103068766,0.25,0,1
0.84738248259769366,0.53020781920847326,0.028680945534701963,-0.53097169400650401,0.84647964703171419,0.039258977634777502,-0.0034624197366607433,-0.048496140168674082,0.99881736871077065,-9.6659333006260706,10.107486221926779,-0.42453279895940504,,0.1293705479833219,0.2941176470588235,1,5
-0.96321193007025374,0.25260529633619355,0.091724271778190744,-0.26870953274012987,-0.91064266745114775,-0.31388711224266286,0.004238488517935699,-0.32698699741788018,0.94501933246612557,7.8786727017585809,2.7773048666865781,-1.5372936521807463,,0.4314741864369268,0.2647058823529412,0,1
0.96852951033452306,-0.24532317570664575,-0.042037210568434936,0.2487629661156886,0.94851723742122096,0.19604090645612665,-0.0082203589029603789,-0.20032870432372205,0.97969425634913532,-5.531798188689196,-31.227640231881079,-1.5707454171405504,,0.1495801492497237,0.125,0,3
0.012936511124415994,-0.99945457563149342,-0.030384172346789629,0.99989303650988526,0.013137601879015349,-0.0064279822580479325,0.0068236514395995729,-0.030297766685682383,0.99951762521472876,-23.774114116570765,6.5026089628782247,0.093355699322487246,0.1908849540952785,0.1988723341847277,0.5576923076923077,1,3
-0.045232382651990907,0.98682456311414479,0.15534256723190978,-0.99806273595011852,-0.037991797859970158,-0.049268635084914164,-0.042717755879577116,-0.15727016541589731,0.98663128290292357,-13.979804706573272,13.229168240390775,-0.064346700596423986,0.4581973300515129,0.2343092646239551,0.1612903225806452,1,5
0.68511472667325912,-0.72691403709891422,-0.047050971977033638,0.72799068929497646,0.68101074332324707,0.079081753762439061,-0.025443419488155906,-0.088432743635354749,0.99575714019929251,-2.3820497287542199,-36.323144242587873,-1.9638447503594112,,0.237025817995672,0.3181818181818182,0,5
-0.7670467411606694,-0.63422640790396423,-0.096933793859677861,0.64147915785082221,-0.75528568818245145,-0.1343429167085454,0.01199111828795953,-0.16522830491170043,0.98618244779463071,-0.13469615184204708,13.761756482382156,-0.81669610424439565,,0.203443082843048,0.125,0,5
0.92224524505549954,0.37794358513245979,0.081377849748842782,-0.38617676309188359,0.91049200127920693,0.14789125482752591,-0.018199330218369114,-0.16781824115336272,0.98564994917860926,10.65799710287309,-24.826650500242891,-2.3399175382661666,,0.2448416891958055,0.2173913043478261,0,5
0.89665139223715751,0.44093471441719717,0.039910630425890381,-0.44255501328924324,0.89521944716209978,0.052222616128861199,-0.012702008176858142,-0.064488131036722018,0.99783763205426657,-5.6550823726572226,12.021120836672679,-0.52423422628094407,,0.07021157379101547,0.2432432432432433,0,5
0.83510712240199669,-0.54779575553628024,-0.050158791152627252,0.55008329167262393,0.8312717164706952,0.079973155611588742,-0.0021133707833311983,-0.094377664795757876,0.99553422344569964,-18.795968994322582,3.4795721578938643,-0.21306002510993691,,0.09799464548472492,0.48,0,4
-0.45760953213074407,0.88798407294752491,0.045582916697006669,-0.88915067690906513,-0.45688295237349352,-0.025865838138967038,-0.0021423947425179579,-0.052366535325575274,0.99862563361990797,-18.209413557871795,10.231348658716302,0.018914895025165426,,0.07709571189843169,0.3181818181818182,0,2
0.076246509414801517,0.99245500903844164,0.09601835676872375,-0.99708887860228823,0.075845029616566473,0.0078294093068443857,0.00048782137153200649,-0.096335800806187824,0.99534877079008865,-25.420845398850712,13.019846308112658,0.39061365899099221,,0.2223226430205199,0.5555555555555556,0,3
0.10659517768675955,-0.99417427212144416,-0.015968241785623633,0.99428286392877285,0.1066802636706646,-0.0045725092404853649,0.006249367289975374,-0.015389541739553085,0.99986204419085778,-9.6966377694905468,12.772948382555303,-0.29702663150378372,,0.07911510790218249,0.2424242424242424,0,5
0.97849459275833084,0.20384928232951674,0.031524625873295332,-0.20589056453792359,0.97450500888253766,0.089157518455271756,-0.012546209665286523,-0.093730772730133999,0.99551852562694632,9.0572289542445663,-24.962015385237937,-2.2203172433762615,0.4322793553528401,0.3254834296285834,0.6551724137931034,1,5
-0.96864664432117709,-0.24461664568954442,-0.043432419883315032,0.24820219353122,-0.96049485188216366,-0.12587815789148221,-0.01092472295371536,-0.13271147712032322,0.99109450319781744,-3.6206442079771923,20.762721820388123,-0.40492679728864905,0.4199473163073001,0.418970819038163,0.8720930232558139,1,4
-0.32348955558314335,0.94432029936059825,0.060113888945318321,-0.94623074458322287,-0.32274355816069483,-0.021999401611242052,-0.0013731111021932244,-0.063998186546837546,0.99794907018575696,-16.071254003040142,11.115496252531258,-0.033762318080581888,,0.1087703682765566,0.4285714285714285,1,5
-0.96996941953164273,0.24177232992677913,0.026560603442424113,-0.2431929030903269,-0.96585970034749846,-0.089287463460107616,0.0040665784079461078,-0.093065459362847353,0.99565168769687484,-10.981854688710108,7.8139189367777888,-0.43026535024496249,,0.07344966937296663,0.2714285714285714,0,5
-0.99762010431787551,-0.067256510164885305,-0.015188459475243927,0.068680947881960344,-0.94986752838073929,-0.30501574701300305,0.0060872702277691643,-0.30533299914733342,0.95222618362071321,-0.57333793806053734,-27.396012235282321,-1.8125627013412631,,0.4235671751870651,0.2916666666666667,0,3
0.1659347886919158,0.98583499389364937,0.024392841500702891,-0.98609691691524171,0.16609958336382377,-0.004878407180618622,-0.0088609453234424346,-0.023244208333976193,0.99969054733297469,-5.4085696496374869,9.8268520623504454,-0.6399791591373708,,0.07482534269452881,0.3076923076923077,0,5
0.37907943385625092,-0.92423410056454647,-0.045717722831173389,0.92536385930626253,0.37865455215348531,0.017957116229028531,0.00071464469744592085,-0.049112701891539677,0.99879298745829681,-21.165040166826376,9.3201107928655436,0.14423066513242649,0.1916679928751337,0.1484733407480736,0.36,1,3
0.72007523243420968,0.68490345348197046,0.111350433511904,-0.69375046935488849,0.71388075271337981,0.095312943377329762,-0.014210767209774532,-0.14588190536817314,0.98919994125629662,-1.0065448891111632,6.9665157030369587,-0.97700115989393144,,0.1146909722829408,0.2,1,5
-0.55320673858746494,0.83097692933682088,0.058648506301247447,-0.83303807308882183,-0.55156456432426382,-0.042709485670594641,-0.0031421594297892865,-0.072483613953306561,0.99736465374625394,9.0628981259908716,9.0359477481176338,-1.4208823434792996,0.3580586293084874,0.3010433264855509,0.5333333333333333,1,5
0.74383098008016146,0.66619812620954744,0.053810126443591941,-0.66805235088202697,0.7435396116961257,0.029238712690072347,-0.020531184914282265,-0.057696641788439466,0.99812302246384088,2.9566341752787366,-26.593656369439174,-1.9672614847204797,0.2710994594987219,0.1523408186621422,0.6,1,5
0.99840801958074299,-0.0057137388100515617,0.056113987789761781,-0.0083357999507088342,0.96898462399291341,0.24698038971646022,-0.055784772797249811,-0.24705495674874314,0.96739439086126433,12.774783036672968,7.0622484831082186,-1.8146128360405811,,0.7331121439031023,0.2372881355932203,0,2
-0.31330162815695534,0.93057015670545262,0.18942352874812213,-0.94964448772736088,-0.30787986428477371,-0.058183641146183296,0.0041757302642171958,-0.1981140394247187,0.98017008251608162,-11.095838308177006,5.0596455562903708,-0.50648019286537238,,0.186280946790159,0.2684210526315789,0,3
-0.94726996507784367,0.32000627107355639,0.016601196794742916,-0.32039964399947168,-0.94667553330122967,-0.033904317923293133,0.0048663524771765387,-0.037435559598186806,0.99928719469987115,2.3984191076220411,7.1884137948065812,-1.1421166267772083,0.3448149424525405,0.2846702144354806,0.8702702702702703,1,5
0.78280280862704588,-0.59639789006446076,-0.17756497270652685,0.6222691569544806,0.74983054634121904,0.22480046280377255,-0.00092688120608551698,-0.28646763953418847,0.95808946993010069,8.455032996049562,-28.353509810538085,-2.287255433518264,,0.389859671790088,0.1153846153846154,1,3
0.198507412282247,0.95367076659102523,0.22606829989781968,-0.97993535809948351,0.18890249611508914,0.063580979136247703,0.017930454970280642,-0.23415361605401958,0.97203424984584974,8.1939297408930987,-4.5847150577984968,-1.8169650116549199,,0.3647877596026595,0.2043010752688172,0,3
0.99960398379176085,-0.02777970300433704,0.0044903996071266068,0.027088225952759566,0.9931272976310882,0.11386131351211352,-0.0076225719001595839,-0.11369458562729533,0.99348650599626365,-3.1354609313966599,15.383669611617281,-0.59503445888832773,,0.0786795975194058,0.2380952380952381,0,3
-0.49789639927232421,-0.86252222518623523,-0.090302749966092458,0.86693788766179269,-0.49228696040062442,-0.077924627403803307,0.022756856728511476,-0.11708526670464645,0.9928611009564926,1.3423281553428719,-35.431060330173253,-2.053620879580877,,0.3178462294056035,0.3888888888888889,0,5
0.94896562107706939,0.31401917092286441,0.029261071523955861,-0.31535630601154563,0.94592877122869112,0.075954986804895708,-0.003827567447559944,-0.081306334652942777,0.99668180964274611,-9.4081245335626953,8.4935115615296262,-0.49494307867689236,0.6856935796540191,0.4094045435023034,0.6455331412103746,1,3
0.13429102844744514,-0.98439831151794022,-0.11369205759048141,0.99078549011829564,0.13542180871385898,-0.00224639616213472,0.017607732664308991,-0.11234277015142903,0.9935134975153217,7.1778107797486719,-26.107765679589885,-2.1325304846526261,,0.3684932250067737,0.3953488372093023,0,4
0.36095497316984054,0.9320662134329476,0.031049655726382186,-0.93258168502686212,0.3606933724502025,0.013845281613549337,0.0017053141700872085,-0.033953863510161032,0.99942194645520721,-12.73904671413205,-15.745108684745595,-0.98454355954250372,0.4129820781927491,0.3587921630379122,0.8383838383838383,1,2
0.99606829505594852,0.086830611866445417,0.017561219411962203,-0.088165529084090533,0.99098985908578396,0.10082627966190422,-0.00864818279517446,-0.10197815468048464,0.99474904619321203,-12.624578107727858,9.7120785403668304,-0.22643298759003533,,0.07540734802004798,0.24,0,5
-0.97538184533541328,0.21286086918912325,0.057623833247496439,-0.22050075765968843,-0.94508472057613524,-0.2412349203681578,0.0031099295149010129,-0.24800226067836378,0.96875446168615575,3.683314008022704,9.9665951195013456,-1.1270591657192053,,0.1828665975961912,0.4166666666666667,0,2
-0.99449659083358621,0.1044592012521727,0.008050223234882567,-0.10474441114113286,-0.98966170961401556,-0.097970959261200738,-0.002266970460925831,-0.098275000878252819,0.99515671381310966,-19.107685369218473,7.2600987805147446,-0.065950145647441338,,0.2070042902576086,0.2857142857142857,0,5
0.26607925783271374,-0.92688008071505834,-0.26475487630039879,0.96393296114681526,0.25752916369893314,0.067171245777198921,0.00592241217115504,-0.27307882711439807,0.96197342957895671,-2.5861685433866533,23.434347694354013,-0.3891432184106543,,0.1681706717465192,0.25,0,2
0.93744290800002683,-0.34507239300687387,-0.046106808878565227,0.34813423218750816,0.92847607218827111,0.12936282214398445,-0.0018304697946417779,-0.13732161868530235,0.99052482170916878,-2.6055491478801445,-29.712138130631963,-1.7394979661004721,,0.0897013612842361,0.2,0,4
-0.56200515444302823,-0.81859702864080575,-0.11852894616890428,0.82708215475419367,-0.55777036564131699,-0.069478978831805552,-0.0092366480189962422,-0.13708072042703404,0.99051681480961129,-13.98117430099599,5.7521535352327602,-0.30581556939738819,0.5124292368269654,0.3696719598105901,0.3005464480874317,1,5
0.17767818666372057,0.95426758819908042,0.24042427518160794,-0.98400472305886466,0.17546986554214511,0.030741361135571944,-0.012851730690385274,-0.24204069161884956,0.97018098137354236,12.271025365192902,-28.468937586983962,-2.49301446741657,,0.3441021513399266,0.1111111111111111,0,5
-0.81710583674858173,0.55121317557136029,0.16882561010680908,-0.57648672089509068,-0.78181651192841506,-0.23754158016589721,0.0010546008844090292,-0.2914223339976233,0.95659391126242888,6.4441295600141553,6.8932053628693186,-1.3140343317909924,,0.3715663713071597,0.2173913043478261,0,1
-0.87722342959670163,0.4715582523470645,0.0900659159170797,-0.4796821043987145,-0.85327060727784421,-0.20453447013967868,-0.019599318514197876,-0.22262543744837562,0.97470702332275116,-26.739078825854975,0.98773364142863507,0.0029220432485154587,,0.2934190590756392,0.2142857142857143,0,3
0.63613833391295493,0.75645405322079939,0.15200422853418732,-0.77154589025181131,0.62536005941950745,0.11679783952783433,-0.0067051742698929755,-0.19157782086831865,0.98145452222166485,4.6096784273811098,-28.501286134196373,-2.0574159833415124,,0.1465253779371626,0.3181818181818182,0,5
-0.18157481012615564,0.97857392165049206,0.097075579798569206,-0.98328821507130482,-0.17934409176899635,-0.031304677756567152,-0.013224009586325707,-0.10113741450685625,0.99478457414524202,-20.404887211662913,12.816541014279085,0.23396488871226309,,0.2651571315347703,0.3809523809523809,0,6
-0.67535073527367295,0.7215307815728802,0.15262606464211501,-0.73749598018676676,-0.66044015938511713,-0.14113282778900929,-0.001031297081632997,-0.20787526816384547,0.97815479823601525,10.022609365570863,4.4225186533424843,-1.616684260040631,,0.2336439885969092,0.2439024390243902,0,1
-0.38947738798570586,0.91511232662889475,0.10429186880904021,-0.9208360893440497,-0.3845291803805978,-0.064793564475047527,-0.019190122703838998,-0.12127134487452423,0.99243387694240626,6.4334197418592654,3.7893452911035066,-1.4446336339924346,,0.1728798394714992,0.3272727272727273,0,5
-0.99364751531972573,-0.11207398819907879,-0.010199826865577674,0.11214303123180155,-0.97851311377479788,-0.17302030723846165,0.0094104115254440932,-0.17306503789009847,0.98486544096897821,-10.199371426454309,20.160727997932884,0.016457644365967711,,0.3307478208635851,0.3333333333333333,0,5
-0.895262414914339,-0.4446859718988877,-0.027560748140949855,0.44541362472766194,-0.89182718786108828,-0.07906307544454301,0.010578816035480651,-0.083058132582702768,0.99648855249980794,-2.892943150234347,6.2895108040964454,-0.92186276873451578,0.2123516979107214,0.1810558956136406,0.6194690265486725,1,5
0.8970001863969117,-0.42992221848662082,-0.10274994722843807,0.44196415600595057,0.87631655379671491,0.19166893944454297,0.0076387439970434356,-0.21733886811472622,0.97606632253999848,-9.8229199122356086,-28.629245696298156,-1.3397115249214899,,0.3460560422142979,0.5652173913043478,0,4
-0.46665904657386531,0.874195695842235,0.13420588519763721,-0.88442089216541997,-0.46217091363042528,-0.064789907357089435,0.0053869984307872249,-0.14892928511521272,0.98883317515290625,10.562043983206454,9.6745259857495434,-1.5086324856138691,,0.3041931455173045,0.2,1,6
-0.87977651968265824,-0.47138462052578906,-0.061561472909812051,0.47502905626695596,-0.86668297914125636,-0.15234175189015076,0.018457278163172979,-0.16327018465902768,0.98640872648421596,-0.22037133642147672,12.475457207220082,-0.84069549251982534,,0.1334294185935861,0.2105263157894737,0,2
-0.98352369105561477,0.17677264073654197,0.037849473171616237,-0.18058817712569289,-0.97033343232998692,-0.16075117537712008,0.0083101994415796191,-0.16493775671366367,0.98626896787615959,-13.869198296913927,-30.716986900093286,-1.2139647423197812,0.3002589303940046,0.2563136989016277,0.2380952380952381,1,4
-0.97173548827217482,0.21956528289290411,0.086725010121628102,-0.2324948557825281,-0.95380506573249868,-0.19026833319731645,0.040942433575680982,-0.2050536103831935,0.97789403004707942,3.6445354154374749,17.988597288503282,-0.89325044275887389,,0.5309803934784162,0.2222222222222222,0,3
-0.08607203972530067,0.97137750270353018,0.22139862515151162,-0.99611259032675181,-0.079724310702442541,-0.037466540747037924,-0.018743302005125025,-0.22376277957800245,0.97446339444099772,-5.3212494526690399,-37.227700227422062,-1.7882205164782101,,0.2217047230254275,0.2727272727272727,0,3
0.95143948817814772,-0.30540736563226223,-0.038590689976563911,0.30740229492027632,0.93595346289544123,0.17174092223981147,-0.016331852713426631,-0.17526396181644191,0.98438600877671634,2.5907390568434523,-28.499451426804555,-1.9832635649571537,,0.1561421482118075,0.375,0,4
0.63060163110091538,0.74728730849933112,0.20953105118022861,-0.77491589927833693,0.62120337637663736,0.11666925140718508,-0.042975945580196843,-0.23594076318875568,0.97081667907355007,-23.230256310038531,2.5426288475633414,-0.083363332123942382,,0.5539968515512568,0.2647058823529412,0,2
-0.94683544521583685,-0.32171394017097338,-0.0016674479285772909,0.32160761930939696,-0.94636118838151617,-0.031129412575013879,0.0084367579714628611,-0.030010695173402876,0.9995139715332344,-7.7450256018415127,-27.492152587911178,-1.4138478220883304,,0.08814349628273904,0.4210526315789473,0,1
-0.98876523270924621,0.14198741184953237,0.046721402608466647,-0.14940439827042037,-0.9484966415019308,-0.27934288399207841,0.0046519203437707813,-0.28318491473916718,0.95905404628794855,6.178736445127762,8.8302960608627519,-1.2530477705347609,,0.1351497710008491,0.16,0,2
-0.78278585868007611,0.60852356288929865,0.13017439402206002,-0.6217061596031338,-0.77381622683593698,-0.12120189023656976,0.026976852337129893,-0.17580534830860167,0.984055246896267,15.495610501942741,10.333573835649148,-1.8907186431068537,,0.2365764898844976,0.4285714285714285,0,3
-0.99932134614420487,-0.036668797530050756,-0.0034994897103479499,0.036833887473991696,-0.99562300692164185,-0.085895825404150375,-0.00033447583768660133,-0.08596643168125058,0.99629797789110541,6.0234514895492053,11.697189749903622,-1.1960247286197867,,0.1622559082169861,0.4705882352941176,1,3
-0.96097714235884069,-0.27662154199500322,0.0018585930544007272,0.2762518754430443,-0.95999975360954903,-0.045665899572926917,0.014416420430737127,-0.043370445857873523,0.99895503965296273,14.13498324511399,9.1558288764593989,-1.8145677597723275,0.1918249015077509,0.1708645804716891,0.4,1,4
0.49475385982725179,-0.83436381211169552,-0.24301367703171708,0.86877085142674559,0.48174271348948583,0.11472212389524017,0.021350079561534042,-0.26788241270793917,0.96321502639052003,14.7242932680261,-22.066149032505592,-2.4940715848492667,,0.5482375791545875,0.3125,0,2
-0.99550327330979793,0.094683605014055094,-0.0028718932815195658,-0.091634242565001647,-0.9702406139326305,-0.22413459497625779,-0.024008298961327747,-0.22286355919525083,0.97455396749682821,-25.633578186424877,3.6474342242112123,0.056282431415775311,,0.442808517732175,0.1071428571428571,0,2
-0.78152588190431993,-0.62373024922216691,-0.013336870657207532,0.6237993202467762,-0.78092709297690444,-0.032051263848712243,0.0095762191565006618,-0.033368423095698138,0.999397240523893,-13.300055195820724,-10.891381974022652,-0.86431996376283904,,0.3865212300914027,0.9047619047619048,1,1
0.97074994542708437,0.2361459506323709,0.043354739686070419,-0.24000740837362783,0.95926758219202501,0.14900385794079901,-0.0064021386339006741,-0.15505094567722275,0.98788573067208141,13.642326498460781,10.423897590914507,-1.7031800162062967,,0.2272663009579021,0.2307692307692308,0,3
0.73582020574449614,-0.64044213743184419,-0.22000566679033423,0.67717692209755787,0.69600128061730915,0.23877527836345361,0.00020247618816382661,-0.32467843473319502,0.945824440909938,-13.25178385257801,-30.08196309989977,-1.2375184614443677,,0.5971624274150218,0.4,0,1
-0.84212759237886148,0.52707722327591822,0.11406453812614055,-0.53927628110290926,-0.82365460298919813,-0.17542573247537541,0.0014868739011675771,-0.20924314965717231,0.97786251258934553,3.3864507035276792,-32.915022999668224,-2.082037798176831,,0.4439478060564721,0.3636363636363636,0,1
0.4414797425553097,0.89492659288707888,0.064823068863042635,-0.89722216949239209,0.44105743299373179,0.021464374492296975,-0.0093816568186658299,-0.067636781003423865,0.99766590117675791,-10.617134158404136,-29.611924735711185,-1.3032666288855503,,0.0925525363312059,0.2142857142857143,0,1
-0.88976314599359652,-0.44905272005035596,-0.081689648346380039,0.45630285855698333,-0.87106803960595536,-0.18173654461820274,0.010452047852175716,-0.19897769973646548,0.97994827909603544,7.477483945197128,10.52863376212448,-1.290559532296339,,0.230308594080699,0.2941176470588235,0,3
-0.19033562080888183,-0.98146101775411754,-0.022508266933472208,0.98168330018295302,-0.1900829082013866,-0.012899075610624642,0.0083815030396034752,-0.024551143328858795,0.99966343924745105,-15.544787094996105,-33.447423890823501,-1.2086214544414033,,0.6188523173820493,0.92,0,1
0.5017022628592166,0.82148385344474406,0.27103342593029828,-0.86454304634707135,0.48678945794032519,0.1249053427643869,-0.029328492202394002,-0.29698535682376259,0.95443152576672341,5.5874128248157149,10.609604539745664,-1.2022062086359184,,0.4133021706212105,0.4423076923076923,0,3
-0.65589151076814789,-0.75384690963548906,-0.039002088858150458,0.75459448143949104,-0.6534314470517486,-0.060120816568997794,0.019836700414678974,-0.068863494225027674,0.99742885685134319,-10.018356835926555,-35.840738009391941,-1.4618121871390406,,0.1941286297489886,0.2857142857142857,0,3
-0.9984642508471826,-0.052689243641621496,0.017116757422127229,0.046008219614960162,-0.96074175389934335,-0.27360286190439409,0.030860711398729656,-0.2723951650064429,0.96169043385752606,-12.861593603538335,26.975434129605418,0.20623133405697469,,0.3167390837746603,0.3333333333333333,0,2
-0.85766867295303451,-0.50291621766397243,-0.10714348064882336,0.51410016666684433,-0.83451439249787263,-0.1982088478020837,0.01026966738039752,-0.22508000072078896,0.97428616289436532,3.9503942307709865,11.523067489486841,-1.1175038686123921,0.7453405637315905,0.3758119996681057,0.6666666666666666,1,4
-0.9908664612148923,0.095299623537762182,0.095402504123516946,-0.11163948635840167,-0.97656715178256293,-0.18399245404343351,0.075632540120698949,-0.19296263838591537,0.97828683884739942,-18.400231456864379,0.43284449134137853,-0.32658462283615447,0.9128158760977181,0.4006434732325054,0.4130434782608696,1,2
0.79137176649650842,-0.61062562381693941,-0.029446132689516895,0.61098565440800567,0.78837266134829542,0.071868469764050633,-0.020670203187592818,-0.074865842523667084,0.99697936203484405,-5.7184189741151012,-33.675527899760183,-1.621264340034489,,0.1972417730820089,0.5555555555555556,0,2
-0.86320419962738271,0.49690801442944221,0.08922407153587647,-0.5025245937056001,-0.82873361616794738,-0.24631205036339329,-0.04845144442296398,-0.25745488658983817,0.96507483590877152,-11.549643383504431,-32.431884835462782,-1.3174666898176621,,0.4770441808473174,0.2558139534883721,0,3
-0.74389097186287811,-0.65225534783040107,-0.14556504802851891,0.66775930140185191,-0.71667389146397398,-0.20118660165427255,0.026902367409084998,-0.24686331141043735,0.96867681303273701,-16.309125159450687,9.885032913155877,-0.075243164191935399,,0.5594094329192552,0.3888888888888889,0,4
0.05048849252943214,0.99812657441808583,0.034557973935457315,-0.99869568189299618,0.050720305459304199,-0.005863922100351901,-0.0076057274727398243,-0.03421683875715513,0.99938549161726287,-29.212499269070605,13.476591767755714,0.44340201274008262,,0.1668798376039637,0.1666666666666667,0,1
-0.69228278914644892,0.7179388319691129,0.072858584960455594,-0.72135979752863599,-0.68574708623075487,-0.09690704946223172,-0.01961077155695937,-0.11964433658496382,0.99262311597206188,8.6522502610696623,6.8548827036360738,-1.4672704669815957,,0.182083434119887,0.1052631578947368,0,3
0.60170979083369391,-0.78287093597894575,-0.15829853193987986,0.79871241358959011,0.59025631591748851,0.11685872623559096,0.0019514078926159146,-0.19675004223369968,0.9804517391938643,-15.935411939966542,28.276199558975559,0.40349855361219816,,0.3414162110793368,0.2857142857142857,0,1
0.89248512834196114,0.43564992937014996,0.11695911562685807,-0.45075615053654866,0.87112440472661268,0.19483624981808934,-0.017005541505802295,-0.22660849615468548,0.97383746129865356,-24.070417340035952,8.046581752250443,0.17699666826494967,,0.2956017358554989,0.6111111111111112,0,2
-0.83977726967528832,0.51043582269414511,0.18501191379819101,-0.54292913806749354,-0.79041955835636601,-0.28366330888046737,0.0014451207584873615,-0.33866235792936616,0.9409068598685606,11.2862554972931,8.0734571649006632,-1.6216152310949119,,0.5159577880944364,0.1481481481481481,0,1
0.7351854094134761,-0.66970121133377647,-0.1048937620815082,0.67779696392832733,0.72404652045496609,0.12785895317340182,-0.0096793323675487455,-0.16509671030983253,0.98622988535624379,-2.0822506360782707,8.5661907772318138,-0.87786878421465231,,0.1532270841395484,0.2173913043478261,0,3
-0.13824617497686997,-0.94593967384971134,-0.29340437716804169,0.99032449315622639,-0.13563739927343405,-0.029323952209795834,-0.012057916865196073,-0.29461946533696792,0.95553857969494427,-1.8227514897330805,15.002192054028871,-0.70062288139243523,,0.4540136850168305,0.3125,0,2
-0.12370080483996997,0.97162264841850199,0.20161235071830039,-0.99190090869388281,-0.1151685277373191,-0.053561157110981139,-0.028821835718644297,-0.20660503212418058,0.97799982744721048,22.421343627522013,7.9137831811158366,-2.4582334449160168,,0.1939649538112235,0.3333333333333333,0,3
-0.84508280038793371,-0.53124879785622237,-0.060081405316497159,0.53455402807357166,-0.8376405834522781,-0.11229534284218982,0.0093301424858222067,-0.12701562002385539,0.99185683478572084,-0.51191798721018145,4.2842341064943623,-1.0671934091960853,,0.1125993821485821,0.2782874617737003,0,2
-0.33762276993998636,-0.91372856095161059,-0.22607738082202972,0.94123814540612905,-0.3254196455567212,-0.090403583547157398,0.0090343151639160606,-0.2433149629328947,0.96990525824045437,-19.772081574703559,-0.21444675372677421,-0.29585348819718987,,0.2499726975858162,0.2666666666666667,0,1
-0.78511594833704501,-0.59269809523069561,-0.17972733675411781,0.61927492515502036,-0.74676043163463657,-0.24258488167875458,0.0095663337317127874,-0.30175789244816265,0.95333659302692075,-14.44231256500362,8.821364287181451,-0.18906417352704061,,0.1521463809610996,0.6428571428571429,0,1
0.38964519113886842,0.88956213788201011,0.23844460125811612,-0.91932375945030798,0.3911387129562735,0.043061961602572904,-0.054958623822893626,-0.23598667350869024,0.9702009274340011,14.855324911555076,-30.204970779989264,-2.688329987842256,,0.3613799153935326,0.2272727272727273,0,2
-0.9367614193667928,-0.34958327068798351,-0.016418892806875123,0.34982644347976344,-0.93401252662709577,-0.072402068658077676,0.0099751004110978717,-0.073567227477737432,0.99724037243436336,2.8837521111783921,13.090817622169071,-0.99032750421243088,0.1864569882281404,0.1213405270936525,0.4347826086956522,1,3
-0.95100979593593482,0.30679313465701158,0.038188225426391602,-0.30913658451267312,-0.94519734131390132,-0.10505502410152347,0.0038652489869469846,-0.11171373460974923,0.99373291248192641,10.951234955159121,6.6878360186691843,-1.6412056933457086,,0.06347208157754297,0.2083333333333333,0,1
-0.10426146492013484,-0.96885337257634319,-0.22461676112915641,0.99445286650133635,-0.098402588787247669,-0.037154095699430005,0.013894000143301168,-0.22724452241454104,0.97373861163692399,-19.83158155095569,1.6705664113973346,-0.23047323166309164,,0.4150036403469124,0.2432432432432433,0,3
0.17430720175443529,-0.96163299230082921,-0.21184661322545068,0.98467442911068626,0.17148275020689369,0.031779475090471097,0.0057678481329170054,-0.21413933431304771,0.97678609604553779,4.9569004934172591,11.460072253831427,-1.1623215647594438,,0.3748831168369941,0.2857142857142857,0,3
-0.41308045469040727,-0.8738066370421369,-0.25656675352406383,0.91064708169585551,-0.39345188179843144,-0.12616461194841752,0.0092968032994156947,-0.28575790062635981,0.95825674622098411,-22.997470257018271,8.6492125684587116,0.16665406007415737,,0.2032342665268209,0.25,0,1
-0.98273358174814474,0.17843577996957946,0.04894261671703877,-0.18495934690604521,-0.95449884449800404,-0.23392733026319287,0.0049746654714079627,-0.238940637562185,0.97102143355583292,0.64492640918869237,6.8900602343524078,-1.061356889349043,,0.3651952152670916,0.3371428571428571,0,1
-0.58669615161195432,0.76038863887571706,0.27856192049965484,-0.80980435512764293,-0.54998680033717195,-0.20428271065163794,-0.0021288729468580264,-0.34543253657351541,0.93844117054632792,15.15381736843281,7.8072737678938893,-1.9471830985872403,,0.5388455682536378,0.3095238095238095,0,1
-0.18425439242727473,0.98240880000413877,0.030385334384936562,-0.98286039681768111,-0.18397482864776496,-0.011777214926144374,-0.0059799028961105821,-0.032034545391718836,0.99946887328365541,24.572147384712718,7.7249358411931368,-2.7435186650349919,,0.09301794113298695,0.5454545454545454,0,1
0.80911344853423239,-0.58263970721882963,-0.076592421119842921,0.5876517486781212,0.80200615898702643,0.10701188355702959,-0.00092177903476121318,-0.13159442434553861,0.99130321184014036,-2.8139006312746444,8.9994799335628155,-0.8448646039048876,,0.2518490479466479,0.2857142857142857,0,1
0.80793005367559845,-0.58927266321796012,0.0025993752627825181,0.58890945350091695,0.80757242755280878,0.031818702577489692,-0.020849075399063523,-0.024176489415870112,0.9994902767983932,6.6018186687220579,-34.099952509728304,-2.3371055070564561,,0.3040691435713703,0.2142857142857143,0,2
0.24977154929252104,-0.9253286897263947,-0.28527353388151588,0.96828944406690964,0.24034103319303796,0.068203667586861458,0.0054521255130275219,-0.29326268724973797,0.95601635477352231,16.268277776369839,-22.841998683551402,-2.6312494281930978,,0.6317009217367643,0.1111111111111111,0,1
0.92021910725149936,-0.37949438332068969,-0.095816531336213442,0.39139160096478315,0.89027366226094939,0.23286352436287971,-0.0030674653181417149,-0.25178725009921987,0.9677777489403212,-1.3668182564192382,-24.829946672830459,-1.6699598783295031,,0.7829117520915176,0.4509803921568628,0,1
-0.98313246910029661,0.16724783296524959,0.074018312390802546,-0.17649221233259724,-0.97369545817905034,-0.14410986679417453,0.047969231666766102,-0.15474274487004969,0.98678955999918405,-10.8126560849495,3.0685526552514317,-0.59039612763865368,,0.6749553743709436,0.160377358490566,0,2
0.85185976418472698,-0.52013430398971783,-0.061605583969911053,0.52375780683523865,0.84512685229024886,0.10695028432462167,-0.0035639784346959834,-0.12337304953314641,0.99235396341557958,29.938884877511736,-26.181413212207438,-3.3903639470834355,,0.3099889186742782,0.2727272727272727,0,2
0.38308887529593466,0.88746063585454693,0.25623530871669264,-0.92366568452030762,0.37079883880525694,0.096695007008139169,-0.0091987425296531696,-0.27371854330555689,0.96176584582036229,16.274542078298403,-26.332902576685029,-2.6952527870465421,,0.3084673036980214,0.1428571428571428,0,1
-0.99463024727814642,-0.1034149370994954,0.0040027470716731857,0.10279974729921547,-0.99170159717601303,-0.077202034388743748,0.011953374194334936,-0.076375997166981527,0.99700743422610372,8.1882275438700436,-25.765370224854252,-2.2044236135397459,,0.4551137544834916,0.2142857142857143,0,2
0.9189670106564648,-0.39177367830986093,-0.044866672583133628,0.39432964572106899,0.91242857768196228,0.10944505989201547,-0.001940059436387029,-0.11826865862447355,0.99297973824069063,14.385673652888487,-34.06255600011626,-2.7542904739828167,,0.2877655295505048,0.3478260869565217,0,2
0.90096430204717992,-0.43334949896525488,-0.021714929960748759,0.43376883060503429,0.89837903289828358,0.068990686648890687,-0.010388841714974242,-0.071577405620117704,0.99738094375845887,8.6731712108376335,13.048739613019254,-1.2804894452780622,0.747096931940245,0.3579920391468649,0.5833333333333334,1,2
-0.97275712894832189,0.22011808697209023,0.072743356177494917,-0.23178155921753021,-0.92963262350770381,-0.28646202910137214,0.0045691232101026692,-0.29551854949889717,0.9553260752304209,2.2432786601722969,10.328009320345187,-1.0393160992974508,,0.4357806440231282,0.325,1,1
0.99251592999812999,0.11276585137582719,0.046861406972396748,-0.1218983477614673,0.93776005631680892,0.32518743762593344,-0.0072747173809075581,-0.32846604016272496,0.94448776537700474,22.984377996867973,-26.021024658852021,-2.9936498083673961,,0.496259186263674,0.36,0,1
