axis_00,axis_01,axis_02,axis_10,axis_11,axis_12,axis_20,axis_21,axis_22,location_x,location_y,location_z,dbh,dbh_approximation,score,reconstructed,number_clusters
0.94139402517495163,-0.31708241761998585,-0.11504794566252687,0.33262816427080488,0.92928748931803484,0.16057168657898038,0.055998157994145564,-0.18942941332657068,0.9802962326093142,-16.915320659589039,25.262265151652421,-5.8878611376998,0.365838811977528,0.2289548727589759,0.4545454545454545,1,5
-0.49413924578723717,0.86933307710403096,-0.0092955271856219965,-0.86902411621718822,-0.49360006730699929,0.034000867451620058,0.024969805881446091,0.024879200295913322,0.99937857400830876,3.6013846009465214,-6.8587395328742566,-1.4007436571335601,,0.08845602403116394,0.2916666666666667,0,5
0.033519532451933384,-0.99556424231991558,-0.087910638481210959,0.9973827366772674,0.027682757612304734,0.066793274430451105,-0.064063386753799995,-0.089919432521278556,0.99388650163521319,-10.345587569555134,14.721977721846841,-4.3771742772824433,0.1996026351711503,0.2112972432435503,0.7793427230046949,1,5
-0.22986113917379086,0.96019332360330178,0.15872188886656882,-0.97245776818967844,-0.23307316570800332,0.0016698845466233331,0.038597225098141112,-0.15396649224585818,0.98732191988238038,-8.8612673567887263,-6.1963886605507215,-2.1709383186728735,,0.2151021782645716,0.4137931034482759,0,5
-0.59939693793927662,0.79997108246508852,0.027741269052652579,-0.80044019418119616,-0.59884030601294846,-0.026187467107105629,-0.0043366263600121578,-0.037901914383722715,0.9992720543264787,2.4165121413324,0.019514221348585457,-2.1384009853892234,,0.1736868465708344,0.2903225806451613,0,5
0.47273140523189994,-0.87198113349008277,-0.12717673271798832,0.88060366029325043,0.46212453965708905,0.1047764445133206,-0.032591593787393111,-0.16152341218558119,0.98633056088226523,-14.257697281697855,9.8147496984128413,-4.0742118399717944,,0.1422757272825175,0.6205128205128205,1,5
-0.94991845011625331,0.31194838435399436,-0.018524136354141289,-0.3088817671279358,-0.94626696025104418,-0.095764784097140621,-0.047402447876221235,-0.085246967313687444,0.99523161248985703,-4.8970461379356003,-9.5269750695430648,-1.6256626736034256,,0.1077425606584232,0.4146341463414634,0,5
-0.92004633569522887,0.38977903414361731,-0.03983772980291729,-0.38978663204400216,-0.92087134090388945,-0.0078965170591672289,-0.039763320454600092,0.0082630529431164321,0.99917495980558058,-5.230896000105675,-12.517051064550808,-1.380568450763362,,0.09350129013358738,0.2894736842105263,0,5
0.41272272017719902,0.88577254698308672,0.21228978133821752,-0.90606115787349772,0.375359111972281,0.19534255873290141,0.093344171979132362,-0.2729698372906344,0.95748333326855062,-18.592740765613915,27.304587157899544,-6.1813615622149838,,0.3688830212104479,0.15,0,1
-0.25403166590141041,-0.96202655947608606,-0.099863965382708017,0.9635554988820364,-0.26067281044612978,0.060087323690661373,-0.083837421796858422,-0.080960390047977643,0.9931851297465818,1.0667086644342119,11.133472934640178,-3.3388232668214446,,0.09880784637059034,0.3409090909090909,0,5
-0.22648672113750506,0.96929574637731097,0.09575761694629692,-0.9729480472737555,-0.22974158102704212,0.024308501668798825,0.045561633580996602,-0.087661633580756002,0.99510782106432316,6.1516154031119203,20.477058299597324,-3.9605246451690039,,0.422293278102186,0.3571428571428572,0,3
-0.53929559421820183,0.84006235604796187,-0.058783501154524978,-0.84188381987125815,-0.53619046275927296,0.061085362280796668,0.019796360670994356,0.082431945246634358,0.99640005946760168,-24.14807338284492,16.361215334836196,-5.2851312848788536,,0.07111873863271215,0.3333333333333333,0,1
0.11377187366234974,0.99282522700414433,0.03679713830620835,-0.98670954462666161,0.1085908191954988,0.12088138206148907,0.11601825419305144,-0.050060988909713146,0.99198470859352317,1.0999173778526341,19.232983120548138,-4.2146005214893343,0.4734731802784693,0.6007069522020136,0.9441340782122905,1,5
0.9421093550306322,-0.32579059152543449,-0.079312380100919649,0.33226074068500533,0.93886717689322174,0.090173301769441411,0.045086177074764762,-0.1113055013288133,0.99276297373075095,-15.427394329131008,7.4751021067193886,-3.9051020277364881,,0.3827932869701404,0.9701492537313433,1,1
-0.93387378805114907,-0.34523019666278792,-0.093251591424326249,0.34667755983554904,-0.93798408726144011,0.00072218473541191372,-0.087717828846056542,-0.031653804771235187,0.99564231486314292,-16.478342180756197,12.741321589609088,-4.5005442906242115,,0.08350052854202906,0.2666666666666667,0,3
-0.81024283767672423,0.58391188625637114,0.050531703732365416,-0.58594714207002052,-0.80509103462470877,-0.092164921021455376,-0.0131335712410682,-0.10428487452858363,0.99446074545504959,-11.11287648001489,28.766416957556444,-5.908883815615253,,0.5682905041295253,0.2258064516129032,0,2
-0.68147025827797802,0.73184458385169349,0.0013387193459702194,-0.73184507306702218,-0.68147102640316903,0.00017088164529723541,0.0010373572533545743,-0.0008632843986121424,0.99999908931457349,-6.8348646730209222,-3.1895918173822815,-2.3317624620928252,,0.2207113284805444,0.2450980392156863,0,5
0.26639025106679004,-0.95642504346181767,-0.1195297886538416,0.96279337474987414,0.25819317296136107,0.079782222166927319,-0.045443939907547616,-0.13633569479488558,0.98961983945880694,11.499265923677097,6.1797483090443173,-2.2423837865905045,,0.07115446310920677,0.1666666666666667,0,5
-0.98707368867919265,-0.13944586960021227,-0.078996092110254296,0.14809068530209502,-0.98203995452054615,-0.11690456215237646,-0.061275460373684823,-0.12709200280396721,0.98999643473058463,-5.9830578012149438,-4.5971562704031861,-2.1644354641420818,,0.3918987795546313,0.1612903225806452,0,5
0.33188277577819469,0.94331517266498288,0.0032106326157563497,-0.93709194882014091,0.32929898660928658,0.11584842197702658,0.10822431611348139,-0.041456753830103825,0.99326171524107354,-7.4217325774475871,35.858776628546003,-6.1700702043188773,,0.6968335838515975,0.7037037037037037,0,2
-0.77272516112092815,0.63382850700185467,0.034018363900051037,-0.63450718501576475,-0.76987687639990665,-0.068485234526095937,-0.017217942211740615,-0.074505160200645348,0.99707197511988599,-7.6816801153697671,6.999232130997556,-3.3963204469713362,,0.1757395759297002,0.1870967741935484,0,5
0.81647800296928474,0.57507449022556445,0.051507294231926321,-0.56865182696100869,0.78548422528743611,0.24423274047207949,0.099993851616957105,-0.22870037716716241,0.96834775113200022,-10.065631055736921,-0.24487028642656866,-2.8208349191606481,,0.1289169880676181,0.365967365967366,0,3
-0.12843511594746546,-0.95742307583657471,-0.2585449184323565,0.98855704581495629,-0.14439666359462289,0.043641387607960644,-0.079116295168366033,-0.24998131409842256,0.96501292967527541,14.950679669856703,27.951692302565608,-4.0886782508433486,,0.4778971573173895,0.4,0,2
-0.98773051637270481,-0.13953777396381348,-0.070125863013098338,0.13984763702867367,-0.99017291062214863,0.00049546700970505705,-0.069505866253176452,-0.0093175483516366418,0.99753802827216009,10.623840948726269,12.642136892179558,-2.9334864363574376,,0.1438925797957161,0.4166666666666667,1,5
-0.81322814569764335,-0.5652404977876121,-0.13843107565132518,0.57107433426472798,-0.82089296293246106,-0.0029745843510316484,-0.11195574031405572,-0.081473450085141466,0.99036760303533455,-0.80379792604911127,-17.678860455872339,-0.62367122282648879,,0.1078737148241559,0.5,0,3
-0.92819304773869393,-0.33557054041051942,-0.16077959614997053,0.36040561918709596,-0.91823863481706236,-0.16415114738455275,-0.092549747638346308,-0.21030982368375278,0.97324422539986766,18.250743973200365,-8.868438336123905,-0.4693498202904986,,0.4531339760700365,0.2592592592592592,0,1
0.17766458997331688,0.98270795532043032,-0.052157147348675388,-0.98002075515232034,0.18149657372892167,0.081353015895769376,0.089412599449341129,0.036661536719025112,0.9953197068204318,4.1902550747963057,-12.090484486791166,-0.87756815831629142,,0.07835497675372904,0.2777777777777778,0,5
0.9368776615493053,0.34466240560673944,-0.058890351088128491,-0.33885052424868339,0.9365010254260292,0.090256033551175521,0.086258735826001839,-0.064603835314739524,0.9941759275683193,11.112224266073481,1.3578544021806658,-1.7603487797699113,,0.07447066653213505,0.2,0,4
0.96996560264439113,0.24308634814990271,0.0087038514376389393,-0.22742807073428387,0.89363231665461673,0.38690794159927255,0.086273995669528064,-0.3772668948816591,0.92207726774797283,-16.808196463810059,38.164534092664603,-7.0227663131814957,,0.4431550342333498,0.1,0,1
-0.51901029182435854,0.85418719703300638,0.031504752106462044,-0.85448096716959121,-0.51943855899920277,0.0067720137146970354,0.022149350449033899,-0.02340546623606439,0.99948066035564609,16.416957815506265,1.8542084880084939,-1.5921321869271086,,0.7527051168179433,0.5757575757575758,0,1
0.53489362174825017,0.83900599793822683,0.09978852056584625,-0.8397760606785758,0.51490500375462556,0.17218886438914321,0.093085881444037538,-0.17590273599955647,0.97999655414886921,15.618921153282354,4.1925543792396986,-1.8490169146754447,,0.5667073377438443,0.1481481481481481,0,2
0.32268806889376617,-0.92580635603211925,-0.19686289981644614,0.94638899215040295,0.31233098369886952,0.082445328298458603,-0.014842025810385117,-0.21291300512703445,0.97695842619715334,-6.861551292459322,-17.344465724932796,-1.0456051479082815,,0.2305301162377826,0.1304347826086956,0,2
0.4032582931755449,-0.90551166825609375,-0.13202790476718271,0.91442650579675022,0.39327386996535801,0.095706993991123701,-0.034740674741470683,-0.15932445466574363,0.98661482031437731,-10.497517603752325,-15.407543125233991,-1.439038761027148,,0.1566787741282211,0.1666666666666667,0,1
-0.4658944510915759,0.88475978054635152,-0.01193696651794417,-0.88440792874392926,-0.46520273247386318,0.037537091972129719,0.027658199814013081,0.028045470693550033,0.99922393664114428,5.1970448911087566,-11.036556662155185,-0.91342150537030498,,0.08608720027427177,0.25,0,5
0.13843809145738245,-0.96966198525044756,-0.20147091401440048,0.98985810037903876,0.1289262931549553,0.059656953050949965,-0.031872181406959521,-0.20768641095045937,0.97767608069282252,17.560702493929522,14.947438129356151,-2.7513837061815698,0.4816770937634087,0.2387587286551208,0.2,1,5
-0.98652216110584612,-0.13703387868360067,-0.089418911534302314,0.1413167949595947,-0.98901099263130532,-0.043437540409058978,-0.08248387181382219,-0.055488490224270555,0.99504645034452166,-5.5068894388180496,27.273987858647679,-5.5776753671604222,0.7582853176050514,0.3718342183088699,0.1333333333333333,1,2
-0.023103056333191128,0.98192947493181382,0.18783172002672299,-0.99596641785493079,-0.038900115338569165,0.080855893612423874,0.086701460733271354,-0.18520606708954715,0.97886749329004641,-1.5733930554828111,-8.0051193905373932,-1.5815758973908653,,0.408668188528108,0.2266666666666667,0,4
-0.68553352422106195,-0.71913734112285632,-0.11351331098949884,0.72132889060270067,-0.69202970812047537,0.027919789765800979,-0.09863274684873892,-0.062740478811033867,0.99314410513662843,5.524793659080796,7.9861812293714269,-2.7600892181992593,0.2471482160878306,0.2190081585489069,0.4655172413793103,1,5
-0.77170146493900826,0.63358685474518917,0.055177409372736581,-0.63573282038207468,-0.76604416323189162,-0.094974317935974897,-0.017906146990382441,-0.10836991036468108,0.99394936109819476,12.246353870543484,16.790899677099123,-3.217873692259555,0.3864152723273558,0.4094605974434756,0.125,1,5
-0.10276244216385506,-0.97326860131890758,-0.20539744440293195,0.99202834740106716,-0.11541783348299772,0.050581435989865732,-0.072935851494489473,-0.19856221544097,0.97737066058171895,19.178597907513407,11.55058917565761,-2.354454632810469,,0.1203072130401551,0.3,0,5
0.98096034955250611,-0.17991283450528425,-0.073131146484236464,0.1852855989983142,0.97982997670494099,0.074849606239649952,0.058189684735875234,-0.086974644182479702,0.99450961375929903,8.1798125966819466,3.3124680624219431,-2.0872911330930175,0.752637385631189,0.668601355046279,0.6086956521739131,1,1
-0.49039384251778123,0.87056182061319354,0.04044744381650299,-0.87103657563875192,-0.49111925245776283,0.0098571681961337511,0.028445792661904955,-0.03039730836722138,0.99913304445597528,5.1680489346464533,4.3844607547000898,-2.3963001151315724,0.5012963074163937,0.2755722683172374,0.6625514403292181,1,5
-0.96616328061609547,0.24798838279930846,-0.070924447024482029,-0.24462368800173631,-0.96817554429154429,-0.052871227564738922,-0.081778765321898456,-0.033732438873535588,0.99607949286694475,-17.716199652082476,16.689537515467681,-4.984554713139616,,0.4066416153666563,0.3703703703703703,0,3
-0.25190789693702503,0.96511070063056681,0.071440513639968325,-0.96754680590888797,-0.25268469161186491,0.00190394341489871,0.019889440320822484,-0.068642422403307368,0.99744304499571879,14.752490721607561,-10.986998398948295,-0.43374385739131754,,0.394017212363819,0.5,0,5
0.25935963407261997,0.93852747013145543,0.22781301109104299,-0.96193257543969757,0.22999998771730845,0.14759988468149254,0.086129556609032792,-0.25742220855763209,0.96245285911552236,-13.172447350752281,-24.508345728707077,-0.82881571828918921,,0.2302676819500506,0.3529411764705883,0,1
-0.62581957272014421,0.7794342646497614,-0.028845961420304333,-0.77990840986883925,-0.62488714866109962,0.035481314153506215,0.0096298814237232473,0.04470210876554391,0.99895394631368195,2.1050156447222133,10.76676845352247,-3.2428841852946335,,0.09016196411499453,0.3432835820895522,0,5
-0.38165835506552664,0.91804919194393775,0.10734328660777526,-0.92424282405992197,-0.38038131224374444,-0.032943276544192358,0.010587831809040455,-0.11178433909456899,0.9936760837168086,-15.191670080968679,24.069361349350679,-5.6716219627936431,0.6327941684268791,0.5488121309037618,0.4893617021276596,1,5
0.14872923921388909,0.98838597659315452,0.031189335947628172,-0.9880945035537877,0.14728222773307553,0.044465688353795663,0.039355627928571217,-0.037431359419325863,0.99852392454180561,-3.5978167182956637,12.94561910084647,-3.8290879046812791,,0.1655149385779295,0.2068965517241379,0,5
0.54339039702329139,0.82868479566095077,0.13419532727794942,-0.83452971496407202,0.51590479626473384,0.19339699075483666,0.091033132786104864,-0.21708005581215825,0.97189979838650853,-7.5413850035804684,-14.498218400559601,-1.3472850276874524,,0.1648669524438198,0.2083333333333333,0,2
-0.30086705675771669,0.95342779378990095,-0.021317978020226409,-0.95284302947235888,-0.29960376355810386,0.04824672059070817,0.039612817924087912,0.034828535581355992,0.99860792995317826,-4.1295070457988192,-5.386523134295043,-2.0012388833960131,,0.1082825306646279,0.3076923076923077,0,5
-0.59226873582453865,-0.79899123162440044,-0.10407091981973295,0.79980322876930088,-0.59863095979898873,0.044224079643813502,-0.097634726480916534,-0.057043717949168307,0.99358616859713356,12.756705344166996,-4.0117403049567404,-1.2046099466331006,,0.079592874934764,0.1428571428571428,0,5
0.25813871794714804,-0.96026653723975408,-0.10607817755869424,0.96535564362986825,0.25204615652644108,0.067536777330657105,-0.038116710358644175,-0.11983702448667462,0.99206159282254991,3.1704404247729205,14.296827071523504,-3.5479486272172545,,0.0715831305230734,0.2727272727272727,0,2
-0.96542101744423958,-0.25164677480215281,-0.068089351653581501,0.25245036886836286,-0.96760412984154431,-0.0033255333132340597,-0.065046678125466093,-0.020399721695761434,0.99767368463820849,-6.835906246065111,16.633776286949761,-4.4103991684754522,0.7826682156717291,0.4802511232165456,0.1645569620253164,1,3
0.72306425005656838,0.69066908911063429,-0.012421740506796349,-0.68520791952975935,0.71939451658187814,0.11384918324531136,0.087568243695021211,-0.073808799333223443,0.99342038626009521,14.022571818841033,15.828468805850871,-3.0169474614669207,0.3662339716117215,0.3353346544138958,0.7173913043478261,1,5
-0.085830728736673106,-0.96684613921201568,-0.24050286712500904,0.9943119800143092,-0.098404534462893448,0.040745969090996877,-0.063061655580510176,-0.23563762579002401,0.96979283195303345,-1.5823766656827398,14.63468759833431,-3.8623788826929077,,0.1450713658807929,0.2258064516129032,0,5
-0.78438758549000687,0.620101210088427,0.014512235390356161,-0.62008568417419496,-0.78336670475934778,-0.042782591748293214,-0.015161134897400478,-0.042556963253374422,0.99897900121437655,-10.256883079023742,-3.8715799305834975,-2.5008713550339174,,0.116202064420764,0.3980582524271845,0,5
-0.60326094293721466,0.78887145487248944,0.1172947672058047,-0.79747247849623337,-0.59861558096938661,-0.075478687467114614,0.010671493221523066,-0.1390726928913267,0.9902246741645947,-9.917359319938118,27.393572336919725,-5.734291215618267,,0.549470499516721,0.2307692307692308,0,2
-0.25918500018629537,-0.9560437186090367,-0.13712601425927631,0.96182870732663839,-0.26840369576526618,0.053338483873419489,-0.087799051480062465,-0.11806720208318493,0.98911650595440492,-19.360215417621927,15.852564289566532,-4.9930463575462465,,0.1253045977220239,0.3243243243243243,0,4
0.93955797394393403,0.34060413107882731,-0.034923337332023553,-0.33209914341505392,0.93138508080484017,0.14910395768439075,0.08331249931046758,-0.12849380197580826,0.9882046196575105,-8.9433425873277734,-11.382970997750155,-1.70021460185409,,0.08155546075046878,0.1111111111111111,0,5
0.91336387807831765,0.40577546169827278,-0.033357171722006591,-0.39480921246244938,0.90272876282243009,0.17089899510490855,0.099459097002327371,-0.14292325023116642,0.98472373413401737,-1.6476441247272213,30.790446452992313,-5.4809540859760801,,0.2995728810594382,0.6444444444444445,0,3
0.13987808626788162,-0.95163697062989483,-0.2735346360379089,0.9881522648586395,0.11653974398327412,0.099867860330809827,-0.063160291614085345,-0.28426319530088517,0.95666358421367437,-8.2822349620761493,28.181536641964215,-5.7546118584637567,,0.5054319366105642,0.1739130434782609,0,2
-0.87544848860933588,0.48074901789845542,0.049702369976691252,-0.48239365543087304,-0.86281889701749948,-0.15112879325114079,-0.029770874889220252,-0.15628158157369773,0.98726377542638233,-7.6125226106594983,-5.5080303135371667,-2.1927223262358431,,0.08876130073927471,0.5,0,5
0.76628967804106529,0.64219292181793231,-0.019707371581856339,-0.63629346490773198,0.76278741870356415,0.11526482717318749,0.089054791243544554,-0.075786575555957428,0.99313928485488279,-7.3697807762326892,9.376928826494348,-3.6719798203561145,,0.2200712866088393,0.2209302325581395,0,4
0.97998235819691881,-0.17360535369415861,-0.097446184078866835,0.19283918018406446,0.94939248064903881,0.24792532801834385,0.049473510172053363,-0.26175388985799536,0.96386579612281353,-2.540502394844641,-22.976984981182323,-0.27391123200011847,,0.2842005592897703,0.4,0,4
-0.69989307801358891,-0.69834290728226944,-0.14988950329229775,0.70717627450922904,-0.70698993946686528,-0.0081818252172678792,-0.10025665125023787,-0.11172470336136872,0.98866890035992439,8.2948140414107456,1.813193380763563,-1.940521627184145,,0.09145263114016389,0.3571428571428572,0,1
0.53991608023988735,0.83305779347227538,0.12043811287752611,-0.83588058760277928,0.51383061964597454,0.19308479376446899,0.098966002077626777,-0.20492146556507554,0.97376225198116695,-10.752641211754424,1.4572051242140742,-3.0008147500699272,,0.2461072005155323,0.1917808219178082,0,2
0.45609167191988365,-0.88285384155689117,-0.11202446720946976,0.88941714674778616,0.44791695333449261,0.091145718421515684,-0.030290689598512353,-0.14120728509459549,0.98951653688044094,-13.198967110907207,-1.0183720571483763,-2.9108935075106142,,0.1066873501912017,0.4567901234567901,0,2
-0.98041428954600429,0.18215930130331787,-0.074871956049571212,-0.18546737071433197,-0.9818423316285293,0.039843320927912755,-0.066254624399467346,0.052949266009446071,0.9963968586736639,-6.2318893787136149,-19.367572375703514,-0.82715942667896114,,0.1389137040694314,0.25,0,3
-0.54069768602782775,0.84008521298739514,-0.043621637338307873,-0.84098787062780544,-0.53861298953880699,0.05133662393436729,0.019631958156593129,0.064442861668235096,0.99772827152433963,-22.662686856936684,-15.397627138126106,-2.2167702676873833,,0.1040073294994185,0.2352941176470588,0,1
0.069464508351678042,0.99729908920027055,-0.023858096314885491,-0.99403649919421921,0.071212899788966263,0.082584267105470691,0.084060218588585228,0.017979143026222118,0.99629846435035807,-2.0954509678608386,-11.913453004481285,-1.2558859181497291,,0.09103679033245943,0.3809523809523809,0,6
-0.82130728136630859,-0.5499874798087605,-0.1515523725590967,0.56184908738400152,-0.82585990835944934,-0.047759970375693378,-0.098893642770644052,-0.12437517364060487,0.98729471972730698,-4.4841044644315895,29.17415481388408,-5.6393199405216565,,0.1846965406496063,0.2380952380952381,0,1
0.89396285322628732,-0.43453641235748358,-0.1095834083563831,0.44782738413736956,0.87536481791655962,0.18217318565197599,0.016764577781617832,-0.21193051193585888,0.97714093509708655,5.5092068213644634,-0.037930903046337255,-1.9424164512325743,0.6683893474618576,0.8631218828981493,0.7155172413793104,1,3
0.91815069677675298,0.3933058809631792,-0.048060191511701253,-0.38554670199399294,0.91477350079222552,0.12059511942816147,0.091394959324456557,-0.092195044596306036,0.99153771242548672,-11.07562056339073,-10.08502776033229,-1.9631894430793873,,0.290183987130032,0.8490566037735849,0,7
0.98243788262884268,0.17607067345873226,-0.06176507689256891,-0.16700905081891015,0.97738371033923677,0.12972686579145415,0.083209276648239197,-0.11713326048264733,0.98962417895299082,-5.3129097517782364,16.90418398828572,-4.3781654166899422,,0.07575509814828148,0.3695652173913043,0,5
0.59686307065665278,-0.79637443449839695,-0.097684363967179083,0.80208963483939233,0.58917569107278978,0.097592124334463445,-0.020166620180986885,-0.13660075082612652,0.99042089149220636,-4.7192590076022691,0.3225231514230501,-2.5453658373748169,0.3401219745283801,0.3131859433472534,0.8173491379310345,1,5
0.47627571647403827,-0.86060543111746679,-0.18033228725955128,0.87782043842064272,0.4534933153979131,0.1541917338264289,-0.050918756741820746,-0.23173714596613318,0.97144489055804883,20.470782850090856,9.6103303204372583,-2.1130039250924457,0.4039227434796385,0.2414049571872906,0.4285714285714285,1,5
-0.30933463367709957,0.94946000778274531,-0.053270799027623349,-0.95000254450505495,-0.30603586651178377,0.061945248746785524,0.042511761217033352,0.069769205453183367,0.99665691595887473,-10.347731935067888,-11.905460053130371,-1.7269128271321534,,0.07862665729254073,0.4333333333333333,0,4
-0.31775797612815937,0.94500401880649509,0.077442062514557944,-0.94562138110715444,-0.32183106224240954,0.04716959793044509,0.069498720851060458,-0.058242354137645683,0.99588039240893333,12.574856858833728,-0.47622651628424817,-1.5380609475631517,0.1191866291006486,0.1942100767223048,0.1,1,3
-0.47535155801764789,-0.86967849578043022,-0.13304213718699401,0.87508268924345822,-0.48299966003093114,0.030685752336272198,-0.09094604596480664,-0.1018363510103011,0.99063523778244167,8.1344855234229847,16.157386799906607,-3.4255640030767882,,0.1321228390200215,0.3461538461538461,0,5
0.10739449716519407,0.98844968431623559,0.10692821682684457,-0.99215440226927054,0.099626808996343408,0.075525763729419951,0.064000500281960096,-0.11420035247029525,0.99139407677235913,-18.221530926190525,-9.2414015209112836,-2.496483637716421,,0.517604997651075,0.2222222222222222,0,2
0.95666684722370776,0.28988703820965506,-0.027459943573958558,-0.27731396832679911,0.93579432729902878,0.21768311823796069,0.08880037383870637,-0.20063519649601108,0.97563313367941396,-15.43705800975734,-1.1004201540512129,-3.0714164067109362,,0.1437146490259892,0.2,0,1
0.1841138326665156,-0.96944180835864346,-0.1621254971531898,0.98135007002781083,0.17203059831736606,0.085775948254621523,-0.055264244111874056,-0.17489440656833954,0.98303499931276672,-1.1077664445955784,17.543145570026272,-4.1511645370699455,0.594415880768278,0.5378488697379451,0.8277310924369747,1,5
0.98868956339624836,0.13198345728847155,-0.07122720149998471,-0.12260276853493349,0.98480310700099205,0.12300976216855285,0.086380023031408834,-0.11288581595300907,0.98984609115645772,-14.67295613582105,12.114473290257651,-4.3476300717335947,,0.0960558742655272,0.3793103448275862,0,4
-0.78434083062675242,-0.59067585126681921,-0.18950329849887249,0.61317516509308745,-0.78449618227947682,-0.092638852011396475,-0.093945081429521182,-0.18885915047765839,0.97750014984963374,30.827273570373912,-14.32780095567635,0.86543460751188284,0.4971020136932672,0.5629453605479063,0.3333333333333333,1,5
-0.81923688825698182,0.57336050976272568,-0.010423375827646993,-0.57337443036004354,-0.81868096188007855,0.031674047174380826,0.0096272284855360244,0.031925045023250359,0.99944389936201539,-14.050642626675506,-24.676077645636909,-0.86699359690176492,,0.1177568281525945,0.2941176470588235,0,2
-0.75839951326993738,-0.63363556934353071,-0.15276172143119357,0.64432495363591491,-0.76420171269543591,-0.029001662632313952,-0.098364284138085983,-0.12042303590286221,0.98783741578760809,2.1857403203995549,9.560893817863235,-3.1000011523581574,,0.1162424213460464,0.2619047619047619,0,4
-0.20061879562015433,0.97904619220309408,0.034937835888048253,-0.9772539679648542,-0.20249962095832738,0.062996711094160371,0.068751588642490161,-0.021504814445958812,0.99740200622155262,3.8951961929673566,-15.807840000640427,-0.5276748139011751,,0.1524588479453807,0.4117647058823529,0,5
-0.10939295196221115,-0.96127096178862281,-0.25296505703944788,0.9895284106503186,-0.12942390421956235,0.063898180978976871,-0.094163191199374163,-0.24332610020000595,0.96536298996005054,12.91901740997614,5.0544925428904142,-2.0640804319336552,0.128665558180801,0.1631863706101611,0.3888888888888889,1,5
0.22879687262635726,0.97308262586410033,-0.027607866955400587,-0.96963019874286116,0.23031956024969755,0.082281090490262998,0.086424931369826749,0.0079437653423730468,0.99622669499964078,-2.0220334148628929,8.3359257239185389,-3.2188132975289676,0.2915632800573095,0.2297423462954274,0.7532467532467533,1,5
-0.93918392764403635,0.33941626127793439,-0.052250852961757195,-0.33947042208326034,-0.94058179387660878,-0.0081068834008509189,-0.051897809064885447,0.010123764515774698,0.99860108492144883,2.1189115067456132,31.384722860045745,-5.2209838191978415,,0.4449446558589455,0.7777777777777778,1,2
0.87542253876485177,-0.46240722389717626,-0.14076554233976218,0.48313098152103884,0.84601632664325033,0.22547911155488087,0.014826777027336393,-0.26539769091076781,0.96402501645041017,4.6581639447467467,-9.4256233832039253,-1.0917485786684451,0.1264210181457612,0.2853650168158212,0.2857142857142857,1,4
0.046885113964451747,-0.97925778202616698,-0.19711920867772334,0.99666358965726454,0.032661841717276485,0.074799018356737176,-0.066809244420486441,-0.19996849861122384,0.9775219304052144,-7.0273573521178605,-1.4927264977610513,-2.5210447644329133,,0.07522425877350097,0.2882882882882883,0,4
-0.19393787642558252,-0.95901543333428918,-0.20658533034603949,0.9786616137882852,-0.20370839141082711,0.026913508989425908,-0.067893635819906595,-0.19695758400087082,0.97805836447509353,-10.663585457846199,-18.468872712344041,-1.1930624998296884,,0.2366684457835992,0.5238095238095238,0,5
-0.5071692719448615,-0.8478345064217081,-0.1547771924915865,0.85563380102505571,-0.51685160797107532,0.027481155018120193,-0.10329631231721151,-0.11849500014081896,0.98756711508802919,6.0597473995301554,9.1486759843310708,-2.8314670536089297,,0.07538399254946959,0.2058823529411765,0,5
-0.88651737900387384,0.4624624664017396,-0.014676644497967064,-0.46137401218949559,-0.88593644419054018,-0.047440886703218776,-0.034942203712233652,-0.035285748180251299,0.99876621807863075,-9.9703883896193464,-1.4173944409434873,-2.6989283781070448,,0.1300993312591697,0.3932584269662922,0,3
-0.029383837486856815,0.99947542896843522,0.013618259173176642,-0.99744296628218876,-0.030206595625295696,0.064769519026453892,0.065146904061008884,-0.01168025980411772,0.99780732229332414,18.838307210605457,14.171912375365453,-2.6306662463721344,0.2667460583341439,0.2233967432191302,0.7826086956521739,1,5
0.87927303375226706,-0.45597227543378277,-0.1377251471294304,0.47540906631787722,0.85796391940199168,0.19463846656593178,0.029413462544371913,-0.23661613858761077,0.97115789199338731,7.9603693151903103,-9.2867207844601687,-0.92466796980761601,,0.3432486071962704,0.3076923076923077,0,3
-0.40224799895444585,0.90897689510905044,0.10935058982489676,-0.91343554126511484,-0.40653044373464348,0.019196621333442541,0.061903629060417117,-0.092162912686300766,0.99381785968774294,7.5837076958781333,18.718388098713518,-3.7089580832321691,,0.1808223935095613,0.1818181818181818,0,3
-0.77534043241873074,0.63146904428833672,-0.0096984515418046466,-0.63139095005779544,-0.77539925310087776,-0.010073056920038898,-0.013880995708109354,-0.0016865337750918963,0.99990223200169703,-16.861663857010022,-10.756899775319461,-2.2789306029301688,,0.1300268788519317,0.35,1,4
0.41386065176267339,0.90957774008246295,0.037251787461194862,-0.9059220217365076,0.40748032989760197,0.11517409118104541,0.089580418928543792,-0.081413239052505401,0.99264658013391949,7.0968914362885975,-15.381564151771295,-0.40249866963592007,,0.09512845657185048,0.2941176470588235,0,5
-0.19840860520290821,0.98011938661382558,0.00011560784501870591,-0.97833758896562273,-0.19805501675585171,0.060247592107661153,0.059072729735203139,0.011840537216553664,0.99818345722620261,3.6224878780435614,16.702398756454127,-3.7336885445433166,0.2297948346884632,0.1302164836247579,0.3793103448275862,1,5
0.11016254219792006,-0.98259773697003672,-0.14955233731992579,0.99169801736445262,0.098624354949753384,0.082512295848308867,-0.066326892373344895,-0.15740052068562685,0.98530493728387847,21.621884439581699,-10.480360495331958,-0.11436028468748799,0.1418364196052336,0.1104445480817212,0.35,1,5
-0.86628355101215571,0.49383022017347072,0.075395775008884433,-0.49927264092304308,-0.85082807640990044,-0.16376328776120244,-0.016722418231203282,-0.17950849015032519,0.98361428552682717,-3.301201372566597,9.5135381475057184,-3.437798128149149,,0.4312288715699034,0.1757575757575758,0,4
-0.50010411018958845,-0.80408717484282222,-0.32146491911990688,0.85932274369415151,-0.50669814938915902,-0.069436356295220922,-0.1070527960467887,-0.31096752347936563,0.94437222439018953,-7.9875148231043074,-13.287776168297418,-1.4839680451432768,,0.4387297296023039,0.125,0,3
0.85546802182912907,-0.46842341434943102,-0.22080300839657643,0.5172116944978743,0.79410330638636184,0.31920526602937893,0.025817178435976793,-0.38727179561061531,0.9216040525204604,16.65142494527538,4.6181331126363485,-1.8087533334497721,,0.2870546513858421,0.2666666666666667,0,2
-0.53388941340165452,-0.84011658332250105,-0.095740381679643452,0.83999184083125034,-0.53993269888208961,0.053725115307737714,-0.096828722983235291,-0.051737869152385901,0.99395542722045938,-1.8865439386649416,5.1840870550296305,-2.8849720352737127,,0.0650019603963274,0.1530054644808743,0,5
0.99753188744050114,0.0099579049924494387,-0.069505206046398607,0.0053113652728007162,0.97635478472546422,0.21610905520739213,0.070013733926493751,-0.215944841271687,0.97389214114798972,7.0870483688210726,-6.0591597468190974,-1.3017356222337844,0.4622384788029598,0.280212869968549,0.6086956521739131,1,2
-0.66980573121147047,-0.71464335311795557,-0.20160644900546679,0.73553996521682541,-0.67575467006360146,-0.048338240101044976,-0.10169189744075179,-0.18066683074532461,0.97827309799633222,3.4967719296953406,18.900059060481237,-3.9796904767722028,0.6623117589546225,0.418778412971224,0.2424242424242424,1,2
0.18373998896756075,0.98251672693164749,0.030008294748643992,-0.98014287355664997,0.18080956006733839,0.081411610992336,0.07456248299454922,-0.04437098475103405,0.99622871462426221,20.200285971129532,-0.071439350549026837,-1.2421293115964982,0.3800434258222084,0.3264956853394148,0.5,1,5
-0.99038074217388128,-0.043372038058489409,-0.13139578321150411,0.07058319726697547,-0.97512047333481378,-0.21013822771418764,-0.11901259510943722,-0.21739118840914765,0.96880187520843253,5.7699580549107647,18.757461748897867,-3.8046440574730744,,0.5904202006682566,0.2727272727272727,0,3
0.31981931332921731,-0.87567846897583224,-0.36180495545773023,0.94650059022483979,0.27793285946590934,0.16398157924941947,-0.04303765241806784,-0.39489307996120349,0.91771848399882217,-22.781947866089201,13.308129172486856,-4.9001541383226312,,0.5235084220719882,0.28,0,1
0.78670925914199419,-0.61085634536084177,-0.089123885197231106,0.61728907357765084,0.77995264447731449,0.10309254102256044,0.0065376771026690638,-0.13611905709796399,0.99067091461941148,11.654672032151836,-2.9359607933387082,-1.3344437794708184,0.3181749574707198,0.255777871371931,0.546875,1,5
-0.96674916286664825,-0.21912612527319184,-0.13183245927839576,0.24259148183416612,-0.94893076279329125,-0.20169229129057978,-0.080903825855987002,-0.22696728541201278,0.97053615198742815,-7.7206343769267303,18.527527625398211,-4.7001217737458596,,0.4983034001176057,0.2727272727272727,0,2
-0.38394207433574473,-0.89187236233290879,-0.23906520629627576,0.91931537739816793,-0.393425528599952,-0.008694269670979575,-0.086300176326752992,-0.22311441628134204,0.97096459091637655,-8.5154891623405096,-15.605219841510964,-1.2927622732546746,,0.2462990513971568,0.3333333333333333,0,4
-0.88671088753850735,-0.44355383944447407,-0.13039859445077912,0.45116553264794751,-0.8917713999988699,-0.034546089424856451,-0.10096268652906894,-0.089463744936828501,0.99085961380546328,-12.870784366333995,16.587482772231674,-4.7380913816134154,,0.1704743621928429,0.2962962962962963,0,4
-0.87256758123080225,0.48607452695665038,-0.04855275923051023,-0.48677073695325929,-0.8735248559346247,0.0029284313846430223,-0.040988606112044593,0.026189316681847947,0.99881632638875595,-9.3486607844555749,-13.4771740444915,-1.5381987741370993,,0.1210138554341333,0.125,0,2
-0.94291521558553615,0.33211951459295025,-0.024648006893552739,-0.32571421236697623,-0.935095334225022,-0.13966734683795975,-0.069434487680415768,-0.12366626030222543,0.98989166477116086,6.2380253887873911,-9.0629696467528831,-1.0684764841273968,0.5234914807258961,0.3254132464538623,0.2592592592592592,1,3
0.79110003966597975,-0.57830530267877356,-0.19930806339457913,0.61084702880109687,0.76396834935143165,0.20789003967030609,0.032041139888548481,-0.28620855697002051,0.95763146735671822,-5.9790218685202596,21.592560871446832,-4.9808809201229769,,0.342057134593728,0.28,0,4
0.78492397694061633,0.61815572190425772,-0.042164604833362158,-0.61153290665549054,0.78385870581663153,0.10767094962413935,0.099608506168975736,-0.05872846662822611,0.99329205811094834,2.7365501243910768,18.227314458546793,-3.9665762692625317,0.3382578386401361,0.3402993413432487,0.7619047619047619,1,6
-0.70889283303219441,0.70248881151179299,0.063090577555907648,-0.70531318954335953,-0.70578644622168552,-0.06632342712750304,-0.0020629909749309478,-0.091514818638909881,0.99580157764372168,-20.813519975882748,13.297665292348558,-4.8153677636080729,,0.182216839080838,0.25,0,1
0.71961466970044241,0.69433926871939877,-0.0069070301963025087,-0.6829965245355748,0.70958225772415262,0.17323038704401608,0.12518176634098183,-0.11994165013582266,0.98485710940138271,-13.58364789285676,-9.0722259772415565,-2.2112744677372942,,0.1385273441498176,0.3870967741935484,0,4
-0.44448927074043731,-0.88475360471914632,-0.14014402282334251,0.89210055941486555,-0.45138400205696716,0.020225592172271448,-0.081153435468359875,-0.11603250244440716,0.98992453161247118,-6.7275377579965454,28.481805704393025,-5.7100720380708019,,0.1678346097901244,0.3888888888888889,0,2
-0.93325637204248146,-0.34237476256998572,-0.10868332897574662,0.34723112041934601,-0.93733569018742235,-0.028850527086929909,-0.091995070815941604,-0.064663172331814442,0.99365767802073324,-10.963680836429361,20.811855897689426,-5.0867768310973593,,0.07658925095246696,0.2173913043478261,0,1
0.25792047840671362,-0.95716694031362126,-0.13156167826959242,0.96520369926493343,0.24918716672018476,0.079294229722310983,-0.04311433339087762,-0.14743542421218395,0.98813154485808874,4.5979936371092585,-14.155672950233551,-0.6456849505990615,,0.1062686220871265,0.2857142857142857,0,5
-0.94695064584114497,-0.29718467759938599,-0.12233454843660102,0.30094495485827988,-0.95355193439633956,-0.013070675359252271,-0.11276794086257796,-0.049193249629884826,0.99240284950440671,-10.675290203288737,2.8226679922901163,-3.1277869250032722,,0.2856597026136785,0.899009900990099,1,2
0.85747986065523163,-0.4926300923042195,-0.14847181795553221,0.51348186668401663,0.8376502433314309,0.1862214875719034,0.032629145826735609,-0.23591876144794191,0.97122483331074627,-15.603138800366199,17.457968758729052,-4.9313575696052965,,0.0994069594290117,0.3181818181818182,0,2
-0.82688105708164328,-0.55449378363998891,-0.093831558359402351,0.55372570267769072,-0.8319015499196899,0.036437033843555393,-0.09826272759109797,-0.021827852524424096,0.99492109296191444,2.3426066812323949,13.108465883274175,-3.4635080446877415,0.1646463291208179,0.1266281714449291,0.6056338028169014,1,5
-0.6261835980922803,0.77951974387058953,-0.015590715061746484,-0.77962210263621889,-0.62578107708155273,0.024236762319528215,0.009136660291759701,0.027331529093390521,0.99958466822782488,-15.233243130671388,-2.492019533052368,-2.9128991534097008,,0.6186456141108275,0.17,0,1
0.50759074960483674,0.85609878925575822,0.097193075630026854,-0.8590600222564343,0.49421249753176061,0.13330373379689739,0.06608713245688691,-0.15115842787699305,0.98629793703798341,-14.148177241088689,14.479683742187197,-4.5565600915852258,,0.3349451858872964,0.2272727272727273,0,5
0.993448609251674,0.098745744774039718,-0.057525113341356258,-0.085055575599361596,0.97508084018948771,0.20489730148253668,0.076324372485969155,-0.19866210757057937,0.97709158075394342,12.022305810375725,15.543126269414062,-3.1415731761950303,,0.1822444588156699,0.1666666666666667,0,2
-0.039547377808251898,0.99464476041381589,0.095487200659748112,-0.99886213123964485,-0.041901504414468341,0.022775133439787137,0.026654224503579436,-0.094477851950326999,0.99517007983910277,0.22901943378925405,-13.075274607993736,-1.0147352591492287,,0.3431713628303324,0.7037037037037037,0,5
0.10795227101648416,0.99412506333529715,0.0078527467153638904,-0.98986007755819305,0.10674889982948269,0.093710721060528412,0.092321904436989469,-0.017889405629791251,0.99556849846072437,5.4549623657964554,-6.0033132765276491,-1.3928133931460946,0.8100240338645193,0.8573195905886057,0.6947040498442367,1,4
-0.90701139761536853,-0.40994096981477329,-0.096326143196631353,0.40999890052313603,-0.9118643481276888,0.020107515597015742,-0.096079270218057025,-0.021255866978030939,0.99514670373436753,-11.31863952390888,-14.375930564627797,-1.5725125346240054,,0.09638458031886027,0.3157894736842105,0,3
-0.74713438684710565,0.66288388910626828,-0.048735588166618896,-0.66451023881159466,-0.74656342436385026,0.032698561385446634,-0.014708858050692419,0.056815516942721599,0.99827633775892655,-4.9656104930147533,21.01546041320082,-4.845207158439548,0.1331781845653316,0.1136758383049508,0.3928571428571428,1,4
0.74274158487478426,0.66576009811381998,0.071403290240508385,-0.66451659335508562,0.71983630410976829,0.20063248102274311,0.082174419702515905,-0.19646675811715941,0.97706098975523958,5.7975376933243652,29.260585087346971,-4.8070303869840973,,0.2304255448077086,0.3333333333333333,0,3
0.79663155296165167,-0.59088232080203729,-0.12742155151113616,0.60433189411929444,0.7829855978345811,0.1473652446603661,0.012693721916479649,-0.19440071128270539,0.98084006488146946,16.686866183950933,-2.5553451937126992,-1.1333928098900672,0.3505060110495212,0.3617899401735556,0.3636363636363636,1,6
-0.83108001808637455,0.5560773507435246,0.0091642527034630668,-0.55611107860670617,-0.83070277746857235,-0.025949253493789848,-0.0068170219624081414,-0.026662248518494025,0.99962125463372431,-18.710493732886921,20.745243696938171,-5.4706956768872388,,0.2151650113893206,0.3888888888888889,0,3
