axis_00,axis_01,axis_02,axis_10,axis_11,axis_12,axis_20,axis_21,axis_22,location_x,location_y,location_z,dbh,dbh_approximation,score,reconstructed,number_clusters
0.58612918066290365,-0.79120024791635279,-0.17451289715243523,0.80708261762408751,0.58908636095212619,0.03993629513654743,0.071205560909843757,-0.16425415379004693,0.98384467323771774,-2.6057745888438033,17.795678403455064,-0.061738918358258274,,0.2325713631277338,0.8214285714285714,1,3
-0.12685647931655511,0.98803399520140645,0.087728319154960863,-0.99191798644991769,-0.1261379962902755,-0.013708174532532211,-0.0024782680541754168,-0.088758268449878455,0.99605011318167624,9.1653905136746427,-35.224288534339465,-3.7635888049518145,,0.3889813691184171,0.4814814814814815,0,2
0.24143586605179027,-0.9533455354538507,-0.18122089452938855,0.96966316605063962,0.24436267414626317,0.0063425459190998004,0.038236984562994465,-0.17725454441084712,0.98342196411165839,-16.690858704477829,-23.297898876311983,-4.643142455945406,,0.1644227281285915,0.2307692307692308,0,2
0.39995930352603121,0.89872914768672019,0.17977339797999445,-0.91651638021154924,0.39336061374294778,0.072561369610076573,-0.0055027562994205952,-0.19378685882709598,0.98102822233564546,-14.617391308291502,-21.565761899098266,-4.34397066067576,,0.7108361469978639,0.2786885245901639,0,2
0.68420225702076798,0.72895629060274925,0.022135895698292586,-0.72918003666325271,0.6832491595361071,0.038302220888339136,0.012796312729173502,-0.042347519217564661,0.99902099176976966,-6.1776558502475138,-27.136744143733431,-4.1490917725302339,,0.1341708853954444,0.1666666666666667,0,4
0.87203200935951319,0.48720388902289086,-0.046824621444077064,-0.48492965720847986,0.87298793135325725,0.052300088634985628,0.066358135990071149,-0.022900703756254089,0.99753303481909439,1.7119650593172875,7.58966105281662,-0.60075287110360254,0.5411654304430265,0.4211808995326972,0.3265306122448979,1,2
-0.98628099826131888,0.15094342812252196,-0.066827194878120694,-0.13970876657000098,-0.97889785264627049,-0.14913233930978989,-0.08792754410391701,-0.13775004751774991,0.98655647146866987,-6.4807890966565633,4.5382177263257786,-1.4239414450393268,,0.07913074054962518,0.3508064516129032,0,5
0.99263691390622155,-0.050356733414056526,-0.1101642253664913,0.056753339753631317,0.99683220526966343,0.055719053868756634,0.10700941817215129,-0.061560977388977173,0.99235035672154237,-14.169941256867515,-24.272546435869408,-4.5449197948228619,,0.4569482273018185,0.7682926829268293,0,4
0.05546526274854769,-0.98957464711924747,-0.13291208525582454,0.99596142861083348,0.064246666846997161,-0.062715217599229323,0.07060054778613481,-0.12889679428856235,0.98914163751933437,6.0160626603892,9.2026856804574102,-0.19218210254793766,0.3406447952714478,0.1292683770342147,0.2,1,3
-0.38783621851294237,-0.90680335941967405,-0.16519907673705261,0.92126099506991921,-0.37565634984775997,-0.10079923502606317,0.029347002783306167,-0.19128505996091474,0.98109570341704488,7.0991682749220599,15.885022868495728,0.43388379591987331,,0.1538052225974256,0.5555555555555556,1,5
0.10061445101310575,0.9947054982725535,0.020921375520806147,-0.99362896216445384,0.10153428880050253,-0.048910875536696014,-0.050776153805909337,-0.015866943755096414,0.99858400863450225,2.5502857567366153,-29.123103383343455,-3.6654376394830948,0.3661495973658836,0.2587831209900709,0.3461538461538461,1,5
0.82488876171148373,0.56348174540916918,-0.045242163882064639,-0.56432479308273342,0.82551854517203016,-0.0075272497756637803,0.033106777466634797,0.031740418517901589,0.99894768988074822,-7.1416456809639888,-29.369317144114135,-4.4502583822040469,0.5563072054239544,0.5417010279398655,0.5531914893617021,1,5
0.68475706720406759,0.72876959801563568,-0.0016223200090181868,-0.72874296411662454,0.68474831487307408,0.0073100977422021372,0.0064382578853997658,-0.0038233867988077589,0.9999719648814096,-6.5306624125408597,-26.069466511830178,-4.1122815231129461,,0.2708490972330286,0.4390243902439024,0,3
-0.72472345494184376,0.68901564062207477,-0.0057758839417655925,-0.68177211983831032,-0.71826843262651285,-0.13884248378442729,-0.099813278016171875,-0.096684567902039484,0.99029763397741311,25.017098903815857,-0.44599917126863525,-0.033162506983128601,,0.1475488670411848,0.2352941176470588,0,5
0.93641693209553079,0.34225975103149353,-0.077340753220114244,-0.34680176254095613,0.93629233394348599,-0.055544602772425622,0.053402872425374351,0.078834816055600457,0.99545627980047391,1.9239777789817951,-8.5440199871416294,-1.9489229303776885,0.4021253494179117,0.3544334887732553,0.9654320987654321,1,5
-0.15403478150703076,0.97544940558024329,0.15739041660543687,-0.98490163800966857,-0.13884398293239814,-0.10339783290447538,-0.079006642328067478,-0.17094094172146015,0.98210851992609616,-14.054993462341749,13.072732347401409,-1.3751289452659987,,0.241895980831258,0.4,0,5
-0.96957141253311607,-0.21400913624594034,-0.1188754205115736,0.23515549709600603,-0.94918105225600669,-0.20918227033787842,-0.068067379735576625,-0.23077135793127687,0.97062423840252754,-20.999694185550833,6.0823101980957475,-2.6530014231088681,,0.1997453523441655,0.1875,0,4
0.72846139934533649,0.68464710337151313,0.024542483754293774,-0.68478750170320268,0.72661681895863073,0.055624418356740916,0.020250115429779118,-0.057326627769616209,0.99815008419257478,-5.5385460616644222,-26.212603264691094,-4.03005054416235,,0.1177926131251444,0.3125,0,3
-0.36090579548908319,0.92369107826565666,0.12861492415275885,-0.93069116563858223,-0.3479004234743342,-0.11304534288804352,-0.059673788087303663,-0.16049949307959457,0.98523040540601692,8.6590466948386986,5.904505272357377,-0.27915207124967184,,0.2663627741669882,0.1935483870967742,1,5
-0.74621220762594032,0.66394253877163123,-0.048452516957348542,-0.65857244455447672,-0.74688380399864374,-0.091907119408983912,-0.097209446370001507,-0.036672721933300505,0.9945880730244262,-3.0022948391185946,11.145172016238668,-0.66979816864965336,,0.1988121486272982,0.5802469135802469,1,5
0.90225118022612816,-0.4182922636609438,-0.10475872251016803,0.41929713538571356,0.90775151687194278,-0.013307737374236695,0.1006614128546468,-0.031918110503135914,0.99440862535680785,-4.6392640441036361,-27.257407335194312,-4.0538675212153317,0.4406499905720427,0.3377319430547079,0.6666666666666666,1,4
-0.02702526403944585,0.99871427790305833,-0.04288853245531813,-0.99756563130270715,-0.02970355761377998,-0.063091282351178543,-0.06428410649009228,0.04107906739030831,0.99708578561481509,3.4185501366774229,13.013150263424141,-0.047009141967554645,,0.08040634146622187,0.2727272727272727,0,5
-0.0063939064566171265,0.99886482569730639,-0.047203579789188516,-0.99790526559426018,-0.0094124065241918825,-0.064003808501315818,-0.064375452305003564,0.046695466462105366,0.9968326512270822,-14.138229490005495,-27.503743585421187,-4.7720568762744442,,0.3382712995562794,0.5178571428571429,0,2
-0.9413796506371791,-0.32240915606424747,-0.09928086145960964,0.33342596640610911,-0.9339785467663303,-0.12849591085480452,-0.051297936531351319,-0.15406625284660339,0.98672798249640825,-0.21683102232026363,10.987167551942848,-0.4473446787199496,,0.08535424011631776,0.4,0,4
0.15135525439569561,0.98439559124365628,0.08976027465903777,-0.98789204181087797,0.15377038567393528,-0.020590828454019269,-0.034071992802709609,-0.085556930927545932,0.99575052642552531,-2.2960294657970635,-26.652795565682592,-3.8508969562011242,0.5931080711034832,0.7093277412097505,0.2857142857142857,1,5
-0.27152671255279454,0.95807369146055943,0.091477024992117947,-0.95636854941657745,-0.25794338504376385,-0.13720206922271888,-0.10785379945603761,-0.12473977650814175,0.98631006590199399,9.1175820168250912,-28.025604476023062,-3.1532455583168417,,0.4281743728098539,0.25,0,5
0.2090608786734279,0.96694660162319779,0.14597197887829091,-0.97790138632154389,0.20695621467038239,0.029631129571961054,-0.0015580881547317298,-0.1489409104935801,0.98884487031214696,-20.88218649494943,7.2631311819101061,-2.5213790268669158,,0.2772313807924607,0.1842105263157895,0,2
0.54439095350882694,0.8382235055291084,-0.031935004559941312,-0.8386926448392803,0.5432131809693409,-0.038911277461210876,-0.015268831986875816,0.04796660087668677,0.99873223036512349,-7.6647482235475541,10.919742946566846,-1.043105931878775,,0.07571282120692144,0.1896551724137931,0,5
0.99096231560260384,-0.1087657106209618,-0.078509294027161378,0.11228604553379105,0.99279216456224462,0.041899426752603108,0.073386191030121464,-0.050336251121140894,0.99603249384202353,-10.339714600568833,-24.491011237921978,-4.2897334132673368,0.6702481052421457,0.3463432303532169,0.1111111111111111,1,2
-0.16209019801340216,0.98605206009051261,-0.037790243439692013,-0.98375859311517189,-0.16446860972434835,-0.071896501218045847,-0.077109001939025007,0.025522758600807448,0.99669593689016889,-25.691888250159067,12.704836363627763,-2.5338611638004771,,0.3244241592839026,0.2307692307692308,0,1
-0.97366411726165603,0.21871524944161722,-0.064357023072633288,-0.20880098117740178,-0.96880570037343716,-0.13348282729732638,-0.091544180680339024,-0.11652962964681884,0.98895930573403312,-8.4622464948468039,16.964091888225028,-0.63521160296361978,,0.1072848741558487,0.35,0,1
0.20200356285352711,0.97933077868937612,0.010285256736816699,-0.97829491965404913,0.20226294199255623,-0.045041674875542573,-0.0461910248160761,-0.00096343561121553024,0.99893216036839294,11.217323176106996,8.6925387966936576,0.10708863108325548,0.398301847920669,0.3124275928658743,0.4705882352941176,1,5
-0.32426535277717189,-0.93229799745471131,-0.16022616805700315,0.94567028387242114,-0.31524409854782692,-0.079554211273961811,0.02365787794690102,-0.17731780021391735,0.98386925073321962,16.729618665262389,4.2840795898060726,0.03668188277438008,,0.280242015126726,0.3333333333333333,1,6
-0.99529352737678545,-0.052386019842284311,-0.081526065077124815,0.068096082921538584,-0.9766466881470105,-0.20377480222593447,-0.068947210622466296,-0.2083673473857158,0.97561740999780322,-13.667558508921324,5.4609129619045742,-1.9832923591273393,0.3865954536748294,0.1433855446420778,0.2432432432432433,1,5
-0.83673417760778768,-0.54041165457463147,-0.088493839463135354,0.54667069130886092,-0.83377850299126954,-0.077230584702750751,-0.032047952928542997,-0.11299845817331237,0.99307818280513216,1.043918436019158,-13.285923371705234,-2.4343992687714726,0.4274119582469611,0.3241327606270181,0.9516129032258065,1,5
-0.97690184622707155,0.20101647570488668,-0.072492477770640065,-0.19413376805047189,-0.97664724744829623,-0.092044739959396493,-0.089302088109213057,-0.075845438536895682,0.99311258501364374,10.96058216441946,3.3007565343207452,-0.3729397243929376,,0.09017975145001403,0.4,1,5
-0.69083229139868652,0.72107347502398289,0.052950814702670712,-0.71421859457137282,-0.66920557125751656,-0.2050748706360499,-0.11243906940797865,-0.17949079924814229,0.97731290212292299,-11.752091534204904,-27.043969402457936,-4.5700801316931159,,0.1732101240016717,0.2,0,3
0.93027493851299592,0.36611154063606438,-0.023470802877780358,-0.36338607547939533,0.9283577019874526,0.078118738521930478,0.050389472336226586,-0.064142941729094669,0.99666774007389902,-0.14680469074427854,-26.300315653233906,-3.6603293586561696,,0.4741153689722668,0.3157894736842105,0,4
0.94153734978894998,-0.3069403171423073,-0.13890666170122989,0.32009023478841403,0.94360552004793863,0.084562782168970341,0.10511736557533256,-0.12408168377177417,0.98668843877227175,-7.8626776603574751,-27.12504065888983,-4.2754412306843816,,0.1871879558403257,0.2,0,3
-0.98476748871057784,0.16033533401837469,-0.067272385448110886,-0.13225255337606281,-0.9418706860516507,-0.30885089101717966,-0.11288159860745539,-0.29524937158580095,0.94872838751352673,-17.373858605844305,5.4928184613727904,-2.308487806578412,0.6096727189052671,0.6218350421751271,0.4011627906976744,1,5
0.97621796499946867,0.20270337403814129,-0.076875398963837618,-0.20486667856315799,0.97855808215759266,-0.021300794786898884,0.070909300002154313,0.036543426188676745,0.99681314657040787,-12.317327159911862,10.013003281134218,-1.5160357805696236,0.3332148354771031,0.1742529724926676,0.2702702702702703,1,4
-0.98264667635015845,0.16566920995006051,-0.083421953540475199,-0.15644787129538898,-0.98186568567610688,-0.10706931800907948,-0.099647242937915048,-0.092160122429989971,0.99074564788777209,1.6064470823515409,10.502417299167778,-0.36618194153215716,,0.07641070997296293,0.3709677419354839,1,5
-0.17868399302378171,-0.96932453952159225,-0.16876601470180572,0.98266897524524011,-0.16721412101236788,-0.080007017345545314,0.049332704441843948,-0.18013710005247163,0.98240363876419923,-12.437015371550547,12.283375192771114,-1.327708400214568,0.457407840798157,0.183724109249998,0.375,1,5
-0.92292116643942934,-0.35952931830280543,-0.13767784795965646,0.38421167432906783,-0.88286092507741698,-0.27007031728922176,-0.02445219514351403,-0.30215104873583803,0.95294639613175303,-17.780602616336957,12.213151546080852,-1.7919862977944943,,0.4772274454742609,0.1428571428571428,0,2
0.84650566171354003,-0.482078568293134,-0.22589470706362913,0.50775532080859842,0.85862336258826055,0.070359472767953998,0.16003967907202843,-0.17425893150731026,0.97160749580911121,-13.091866057580344,3.3417191079861994,-2.1088869687584055,,0.3982660888989548,0.2595419847328244,1,4
-0.37806314567987681,0.92299512052718535,0.071751413656056237,-0.92276411098637889,-0.36944749675144378,-0.10961269369744038,-0.074663601266971136,-0.10765014922004582,0.99138125462344118,-4.0353715068545029,-26.64266080418609,-3.9675777569385575,,0.4400069442662818,0.1538461538461539,0,5
-0.12613929131727242,-0.97221779479572656,-0.19718376877550314,0.99029300926344266,-0.11170959115448889,-0.082708663681940145,0.058383516423144551,-0.20570251998123837,0.97687145432929767,-5.575840724019967,8.5435517816732709,-1.063936379803853,,0.8012842361885034,0.5360824742268041,0,3
-0.67962229055918832,-0.70344353071213139,-0.20804023955555698,0.73354643631488059,-0.64984336203629611,-0.19903072774600175,0.0048133091342329494,-0.28787289541847272,0.95765652931443257,0.42538133540860473,3.6846634747242955,-1.010198088064441,0.4672675116111243,0.2478552209904247,0.253393665158371,1,5
0.94247568459998843,0.32800727657227086,-0.064426783665053486,-0.32796975967092024,0.94461871678011067,0.011459347716801791,0.064617495147835491,0.010329880170535882,0.99785663945101899,-0.55860659787404998,-28.25815706440557,-3.8717458931391922,,0.1509647468581166,0.2666666666666667,0,4
-0.28852344855363643,0.95744437332784549,-0.0073818437782029005,-0.95366858270821897,-0.28805512389491217,-0.08683593699145066,-0.08526695719921891,-0.018014371505427396,0.99619527625323079,5.0213217573220064,-36.032827780631415,-4.1224063178106745,,0.7163140837490363,0.3870967741935484,0,1
0.32524637842612714,-0.92902190479751445,-0.17644572459282951,0.94002485199683228,0.33792516033279846,-0.04647433315700273,0.10280112328678156,-0.15074775759676384,0.98321261313640873,-8.5764271016522144,-31.049776492755647,-4.7226352425925118,,0.1651289842986479,0.2857142857142857,0,4
0.24823332948956595,0.96323589273464016,0.10274643097560235,-0.96768360955270682,0.25143216574418764,-0.019243124284544541,-0.044369425661908268,-0.094649252384194887,0.99452142917563335,-21.175673902831267,-23.46176734795176,-5.0171152176426954,,0.3922989249162705,0.3103448275862069,0,3
0.61747223678900987,0.78165782557408303,0.087972043931998811,-0.78657436341146925,0.61434724418880582,0.062275471748206711,-0.0053672729219764953,-0.10764992929127382,0.99417437359095373,8.0841276558054176,14.389658709656098,0.3650211957112261,,0.3946830938310346,0.2857142857142857,0,4
-0.98604956640428332,-0.13577499817335095,-0.096288122138457749,0.15200779928735847,-0.97022979373109974,-0.18854117935432937,-0.067822426598715319,-0.20054749369546823,0.97733352609164481,9.6018633318951085,8.5691147724986205,-0.010913351560037608,,0.09268529610816986,0.1818181818181818,0,5
0.83449167509614097,-0.51399789883272673,-0.198569393892361,0.54602251170028893,0.8197892046811357,0.17264146838109182,0.074047693493755978,-0.2524912273403056,0.96476169036941017,-16.003776254678574,-25.248095649746237,-4.75742199815567,,0.2638002011572262,0.25,0,3
0.88871829341867337,0.4584496098284242,-0.0019365410316390939,-0.45520917919329523,0.88292253018464339,0.11503220797026821,0.054446286569132786,-0.10134969630203199,0.99335987483807653,12.744174846550544,-28.342343927463325,-2.9448792398201951,,0.2103139228708938,0.25,0,3
0.2767694516728631,0.95538046240350494,0.10318353879552297,-0.95914123150516906,0.28121555284833649,-0.031079106533993484,-0.05870918707876524,-0.090365839197503489,0.99417666762939128,26.346803780034605,11.380192972758396,1.1083690366700629,,0.5776701690303291,0.5,1,4
0.0084200409498848723,0.99987403720999413,0.013454093198338584,-0.99788975737635932,0.0092680824839005607,-0.064266124594707444,-0.064382723099858916,-0.012884578396631149,0.99784209803244339,-12.416882684202697,-24.614176310386583,-4.4324801200300969,,0.1414860019307108,0.3043478260869565,0,1
-0.53193992673669654,0.84050674587404428,0.10289958446748354,-0.84239122057432281,-0.51290096995515544,-0.16525624502076039,-0.086121692056408392,-0.17458810142527911,0.98086800793891538,-15.587471834365472,7.067936286340097,-2.0334130639076635,0.37268841831428,0.3761553063365067,0.5114155251141552,1,5
-0.74440239052945278,-0.64428184723656656,-0.17540234404213143,0.66755861876605038,-0.72404824000524026,-0.17355009840526636,-0.015184580507865987,-0.24628245464659484,0.96907914075582546,-18.097457244015178,7.429643169639168,-2.235552344013751,,0.08279062012903962,0.1666666666666667,0,4
-0.98977873781319792,0.12867496899291644,-0.061488230805454659,-0.11297943711563745,-0.97060279404459548,-0.21252261757718496,-0.08702698984767103,-0.20340346247666649,0.9752196339751148,10.474094381300285,2.1567901157818934,-0.50132454157508055,0.8426378873152705,0.3849537130560747,0.2083333333333333,1,3
-0.74911678202046617,0.66170710213800987,-0.031108807039463886,-0.655620238681765,-0.74730915980532242,-0.10812549330259116,-0.0947953032917081,-0.060603058100894273,0.99365040120892267,2.3847078794844809,-32.540240502290352,-4.0034326589460845,,0.3920119276228383,0.5945945945945946,0,5
-0.86506295636568165,0.5012138083360359,-0.021232047879438488,-0.49301949923893923,-0.85721868301912474,-0.14868726526889703,-0.09272461859750554,-0.11815603165410242,0.98865630898189427,-11.58477123435242,5.6509213373838048,-1.7854275595417091,0.183352364034524,0.149902113569616,0.3446327683615819,1,4
-0.87479794661602661,-0.46174919950977783,-0.14668411416531948,0.48314067012920503,-0.85398513880525762,-0.19309188374157235,-0.036106030846490493,-0.23978544462048915,0.97015426355021928,-23.316251483238347,15.186084093774845,-2.0583667289239624,,0.2008400772575333,0.3888888888888889,0,3
0.47168575084932285,-0.83435244779467377,-0.28525172270250404,0.87738200382434672,0.47632420097252948,0.057585370825016149,0.087825803787291615,-0.27743692693460442,0.95672116092527126,-22.080877972357538,9.1572066515460904,-2.4444206850479553,,0.4037525897666275,0.3676470588235294,0,4
0.86610908579579993,0.49854620984261233,-0.036148695046000448,-0.49883812600816313,0.86669450127860592,0.0010795805163175164,0.031868095999395871,0.017097312800356722,0.999345839213022,-12.95841644866899,-31.078269476336256,-5.0120422122183257,,0.2033535762746188,0.3928571428571428,0,2
-0.99280398088255806,0.10605437469296038,-0.055612275193789688,-0.084387166168128344,-0.94909932414267839,-0.3034621543092697,-0.084965061818710733,-0.29658547253767409,0.95121921540186882,-29.444609263106514,7.8702059832106936,-3.3677937766792128,,0.529713152553418,0.4090909090909091,0,1
-0.99661247640311768,0.040280561300367786,-0.071701103610560271,-0.015454201168383577,-0.94803656520086288,-0.31778583780338093,-0.080775859908094633,-0.31560124749987428,0.94544757286304948,1.8077053695419918,-36.059986333486158,-4.3425281101849853,,0.4256441165939603,0.4,0,1
-0.31546850947552091,0.94852399466990067,0.027961599824535232,-0.94494246638887403,-0.31130395107946157,-0.10086419214581442,-0.086967549949419728,-0.058241579458067648,0.99450719639328145,-13.760793312256801,6.6448281207629645,-1.8868976153088688,,0.08022304742819532,0.3448275862068966,0,5
0.93029462071261415,-0.32359727555470763,-0.17273309447452692,0.35362084055273579,0.91633015616462155,0.18785991065179009,0.097489588161771445,-0.23584708638626981,0.96688775565892737,-4.1976526589693846,-25.072993683335127,-3.8214713572167716,,0.246427287204699,0.1739130434782609,0,2
-0.10298176738275618,-0.96968565166966236,-0.22159533508787019,0.99268564315086427,-0.086080221748446595,-0.084648740722427326,0.063007693727658048,-0.22869178465725407,0.97145771815421866,6.0833637514947618,7.5539424657388672,-0.30148062261460068,0.6383339694495817,0.4180520828014037,0.16,1,4
0.024741666487528353,-0.9515277520485117,-0.30656612177624309,0.9975269563600242,0.043678712475158796,-0.055064883652093256,0.065786178445978158,-0.30444557339205769,0.95025526652971282,-5.3008018498880229,-30.883566980914125,-4.4589707917186967,,0.4078096146384305,0.3529411764705883,0,2
-0.57181987737704865,-0.77450191488977149,-0.27049734133365039,0.82036688333665331,-0.53802785185284141,-0.19371166034888593,0.0044949483870404833,-0.3326752387279423,0.94303074232832096,-3.1096621712307657,-29.363720622559331,-4.1442544949340565,,0.6268607380156315,0.36,0,3
0.49149173377274441,0.86959304720404917,0.047368849336216622,-0.87028951757853734,0.48842373687480384,0.063548476379597887,0.032125242815854549,-0.072458163871491302,0.99685394279322259,7.5204911587263981,-31.312315812825229,-3.533513538130034,,0.2064982113682325,0.4,0,2
-0.91821723147058187,0.39435563112442662,0.036888372571242209,-0.38500828115447194,-0.86681297209943731,-0.31686573630264769,-0.092982467556947015,-0.30515390805394438,0.94775279114673472,27.233414031011044,-1.1611614551463385,-0.020534938384477973,,0.2571610739694514,0.32,0,4
-0.47354574804586708,-0.85608467010587552,-0.20705907880939023,0.87500758382826416,-0.43041728071081264,-0.22159127399004566,0.10057908704448541,-0.28611186986076376,0.95290285190782897,0.32553843513956265,13.011365057852904,-0.25981215383433237,,0.2424335685248387,0.3043478260869565,0,4
0.88924906232448131,0.45516458043339469,-0.045401650563852744,-0.45562674914218909,0.89017089906925395,0.00018951611064015733,0.040501489122637846,0.020517679428415751,0.99896879541341088,11.527058614299637,10.356952154876517,0.25094086340453436,,0.1259053451081279,0.375,1,4
0.6974114214304723,-0.68488780540519023,-0.21105924112815039,0.71212746246160885,0.69536608080090945,0.09664621502972956,0.080571623207666476,-0.21770325601342133,0.97268366175999743,3.6002084810652644,17.70029222355873,0.31527738578190995,,0.4151303999786827,0.4,0,2
-0.29464415946213612,-0.90062540979013606,-0.31946625883682889,0.95482446995359627,-0.26393738173910097,-0.13655508082287177,0.038665887713645465,-0.34526935827127286,0.93770678752276215,0.6543176440337376,-27.043023623148009,-3.643888759611678,,0.1400551111972869,0.625,0,1
-0.99377872361048625,-0.082547343931361011,-0.074764861459043097,0.10066387456369899,-0.95296808759613572,-0.28586466794829241,-0.047651157981062349,-0.29161234547467507,0.95534894520788716,-17.900301996849759,-26.049439457768337,-4.9704017232766269,,0.4660602666255407,0.1764705882352941,0,2
-0.99276064355680838,-0.068421207139473653,-0.098715971444589934,0.085619951905390512,-0.97954029011013122,-0.18212645026650753,-0.084234959728075348,-0.18926002870267475,0.97830726926414724,2.337881683132081,-25.935135360583935,-3.4155990694999638,,0.1952225683666811,0.4705882352941176,0,2
0.85042886663048844,0.52509333726188201,-0.032368657135591172,-0.51580133080573209,0.84432604690820701,0.14512929976884353,0.10353612867312302,-0.10672634949036157,0.9888830852956495,8.3214603789807047,4.0518482232967017,-0.4366304404810728,,0.6093406577172049,0.3027522935779817,0,2
-0.97758140525950366,0.20702025996839879,-0.038434464396839979,-0.18510012726187391,-0.93195320428298511,-0.31177101840022903,-0.10036203952936315,-0.29766732603578527,0.94937959954499407,24.827489395958434,7.600931169552573,0.68173493335477564,,0.3817351155968902,0.4545454545454545,0,3
-0.30683080186111295,-0.90777033736210844,-0.28602075734944171,0.94833647046526692,-0.26611276238074794,-0.17274818807607029,0.08070190713201375,-0.32424838057200744,0.94252330999380829,9.8104898809271948,-33.996087980302484,-3.6291947773625619,,0.3480432093660149,0.6153846153846154,0,3
0.96753130974716506,-0.23137908406464458,-0.10171963486142288,0.23511094553178954,0.97161516699560557,0.026207070710964481,0.092768571995493085,-0.049271560981033566,0.99446785032418705,23.31190130132752,0.051982139067587564,-0.038152787675389627,,0.5344231534136028,0.1538461538461539,0,1
-0.71163954740609425,0.69229448848566255,0.11957213630283282,-0.69499276301602442,-0.66883012832452915,-0.26391536294946011,-0.10273370392914276,-0.2709143788317035,0.9571056291858443,5.843459692650212,-32.976966371085304,-3.7795484900639229,,0.4080651166635459,0.3809523809523809,0,3
0.23453237871083166,0.97134171077656373,0.038598500513577196,-0.97109161047039305,0.23591782972325531,-0.036384910233321251,-0.04444825542422106,-0.028949240479271079,0.99859215602037266,19.014234547564246,4.9251781036668438,0.18511574532620251,,0.1438103265026036,0.1578947368421053,0,3
-0.55034637615952198,-0.76759509065138976,-0.32850668647071302,0.83493593537363808,-0.50552369923285234,-0.21754947330591631,0.00092199231601525081,-0.39400960181424277,0.9191058609367867,21.081320978362399,7.6738044032505108,0.51252723092047914,,0.6633934057260794,0.34,0,2
-0.27001917912595264,-0.91863745878943537,-0.28843519586388183,0.96197722000729968,-0.24459618462560628,-0.12154231630845302,0.041103176168934032,-0.3102868443480733,0.94975396979077753,-10.844292484906816,16.061481966654075,-0.88440858818864165,,0.5912107103963795,0.1111111111111111,0,1
0.93162119870636861,-0.32709462358429425,-0.15840154463627418,0.35013777511526034,0.92460901095522918,0.15000571755012559,0.097393431802375807,-0.19521087081062269,0.97591353887478904,12.589296832467822,-9.6183820445381425,-1.4160017785626708,,0.3012963811526605,0.3157894736842105,0,1
0.57373623728620649,0.81681323320450849,-0.060356210009086642,-0.81900017071976916,0.57142049509913517,-0.052128093593051837,-0.0080901412628282144,0.079339522576421087,0.9968148222070593,12.272243859206986,12.919619491967454,0.50171849965157023,,0.07298062782091087,0.2307692307692308,0,3
0.91035720822781163,0.41221777761422218,-0.036417814959938587,-0.411400564417641,0.91102489546766108,0.027985986403623649,0.044713857186682263,-0.010494934822528399,0.99894470683745074,19.766412170505706,6.6690449064157198,0.35755610617364159,,0.4315255343121877,0.7105263157894737,0,2
0.90678252849376551,0.42076984391630889,-0.026423180525789715,-0.41841113741926489,0.90584981597786174,0.066092593960223614,0.051745203661503723,-0.048875856447933144,0.9974635755527671,16.26536069161628,-28.257821619365281,-2.6921641405830612,,0.2971869409383611,0.2857142857142857,0,2
0.086063988678888939,-0.97435232226635438,-0.20791955643190557,0.99371307946417586,0.098950497202768981,-0.052374753509183671,0.071605206196917334,-0.20210480250970064,0.97674272111340066,5.5205531658412275,14.29552189862792,0.20931997905448294,,0.07991770026016616,0.1851851851851852,0,3
-0.84698520752912287,0.52445687070773361,0.086954292558214213,-0.52680547988200666,-0.80606127346752188,-0.26970578373888293,-0.071358563558529819,-0.27424480703081305,0.95900872843968166,-4.9141998936560389,-23.3565505551719,-3.7367173077043563,,0.2837522633804705,0.2380952380952381,0,2
0.99784912138881332,0.0075358942061842984,-0.065117902623527735,-0.0093051764590059184,0.99959455034713152,-0.026910009427414436,0.064888709608381084,0.027458062838262447,0.99751466663429578,15.526808087679418,8.8395813263916185,0.34815973725720628,,0.1217335505229866,0.2692307692307692,0,3
-0.54281644222007253,-0.81048210858140823,-0.22015690251494627,0.83952803599164083,-0.51635956848593101,-0.16901323266845092,0.023302078009469426,-0.27657105362357803,0.96071091669553921,18.42599232800341,2.0562166769923635,-0.10951110569566662,,0.1115382595729912,0.4615384615384616,0,3
0.91215715921397922,-0.38606249688923838,-0.13756840258696662,0.4030719598965532,0.90579726467419353,0.13063043463871724,0.074177571002523035,-0.17460545181750647,0.98184042703270769,21.754254803679213,10.855718915888321,0.83895046981851173,,0.2163295759337382,0.3,0,3
0.80810760347161292,0.58901501867411765,0.0048382835487168364,-0.58898804295550733,0.80791248264842785,0.019248522964053584,0.0074287594395203412,-0.018404568921472148,0.99980302328809101,3.3186994015098796,-30.484989036779051,-3.7638723055993717,,0.3595153116432701,0.5555555555555556,0,3
-0.30141789091531551,-0.89230781598561104,-0.33605656751081564,0.95300663229250682,-0.27068680652722704,-0.13604047772110295,0.030423902488952419,-0.36126917153706878,0.93196511300276819,7.3126871803536329,-33.664486284655901,-3.772283098996434,,0.4683671697439701,0.1666666666666667,0,2
0.8125039749396612,-0.56712582275748546,-0.13492809888564733,0.57388330892153161,0.81881452517195275,0.014167607726887587,0.10244627103278921,-0.088944221448469002,0.99075410017945509,10.783675798326676,-26.177487919393418,-2.8870685377464071,,0.5844111469154547,0.1785714285714286,0,1
0.22918117163515087,-0.94841040283111477,-0.21907464109216823,0.96906928295077976,0.24347871403584251,-0.040284496431181732,0.09154624737913053,-0.20306605726505664,0.97487612596556295,-17.168462364167898,8.603712615783957,-2.0669289616718363,,0.1795718897465284,0.5,0,2
-0.50750950072244583,0.86116199392480108,0.028881255095917702,-0.85600589348315248,-0.50007516232280491,-0.13106770139866983,-0.098427724745441564,-0.091240628270973359,0.99095263799747502,1.6335279007213119,16.056772052891201,0.063812523788807071,,0.1149405237920473,0.25,0,3
-0.96699832817169129,-0.20107397272887462,-0.15647201284633361,0.24730463691013357,-0.88845416388210263,-0.38663886928670543,-0.061275197885461007,-0.41257539452999731,0.90886021694896313,-15.527881340383503,3.2862933696553225,-2.3257812703696383,,0.3793524886084967,0.2916666666666667,0,1
-0.0082109893011518987,-0.9872967795480031,-0.15867466322269641,0.9978904169545475,0.0021291307080669214,-0.06488591952577312,0.064399498483866363,-0.15887270343444068,0.98519651273157516,24.228368489494088,9.3958879286034005,0.81366002356969547,,0.2022170620372539,0.5263157894736842,0,1
0.81550805358278966,0.57100149278130041,0.094360530854464775,-0.57808796185959177,0.79591009363159981,0.1798372353222801,0.027584830879179414,-0.20120740070102944,0.97916018046512843,7.9282283177679824,-34.511224498765714,-3.7825720599361712,,0.3078985536686697,0.25,0,1
0.41012208138313488,-0.90540291340835355,-0.10975173234910167,0.90754126662172119,0.41706292923227017,-0.049268270101950527,0.090381014270728227,-0.07939822070967352,0.99273722344210047,-9.5074202841147653,-24.192623219339055,-4.1856769913099114,0.644249169219413,0.5879871921906509,0.9104477611940298,1,2
-0.98932001268941738,-0.11083981971342834,-0.094659636900346053,0.1273647012793257,-0.97317069882666341,-0.19161686724620988,-0.070881205973366196,-0.20162669791254875,0.97689432863981918,-0.10395931228598383,14.925972066580631,-0.16070912187545158,,0.1017747770305495,0.1153846153846154,0,1
0.3009279641247054,-0.89612523707624214,-0.32619307148191984,0.95032712995754864,0.31030794342978313,0.024234816092291514,0.079502870856394903,-0.31728305930104034,0.9449924623012419,18.483432610345009,6.7584707917920559,0.31974065968260201,,0.2123789519188141,0.4285714285714285,0,2
0.82381621435129693,-0.52269366357473757,-0.21935856270207035,0.55401356146645464,0.82433010725461175,0.11639951883430089,0.11998257658157763,-0.21741942951912269,0.96867588644728153,19.886148813840858,-28.103280010554432,-2.4301258130159273,,0.2045148946678284,0.2352941176470588,0,3
0.79339423492472327,-0.54215672423528671,-0.27675200876357725,0.59999575375653602,0.77318447526367351,0.20540414476188837,0.10261911840557807,-0.32901649438546382,0.93873183761922185,-10.026365502023998,5.4043158794190145,-1.6829843215397806,,0.6566144662482158,0.415,0,1
0.84105675686639725,0.53694409435476687,0.065685396146454342,-0.53999283934328257,0.82615241658694105,0.16087236563666635,0.03211331791262495,-0.17077243368031209,0.98478703825118763,5.8846378320716797,-13.640730698509056,-2.1351025263004932,,0.1258891087957089,0.2142857142857143,0,1
-0.89336142728792345,0.44933414461265431,0.0020461474283569483,-0.43805568158654157,-0.86990558942696194,-0.22665278580569168,-0.10006288054935632,-0.20337918273251221,0.97397347395461498,15.851283264783243,2.8856771223411002,-0.14652423217035423,,0.6572910511458298,0.4651162790697674,0,1
-0.11277370214161035,-0.9374425635811513,-0.32936838356417036,0.99206105392757682,-0.087665034093140692,-0.090164888274505278,0.055650313434704661,-0.33692177398299389,0.9398865680659404,-10.491050001427972,-22.204125842512749,-4.1020223757756629,,0.3545551304788039,0.3225806451612903,0,1
-0.98188697990522955,0.18623405393295855,-0.034854495381279486,-0.16715861844603302,-0.93809358145822774,-0.30337835899432447,-0.089196160073185204,-0.29205703138697342,0.95223250072953702,16.910808578890844,-28.938894793236372,-2.6862001239461608,,0.3029868196311033,0.2142857142857143,0,2
0.89187589466826611,0.45024779970886025,-0.042828814681357394,-0.45040205144308737,0.89280201135914394,0.0065238461758046207,0.04117499927793903,0.013471724848635297,0.99906112528917101,8.6175947309832264,10.849888396002797,0.10890906041522713,,0.06513088253082891,0.125,0,2
-0.97361520683368807,0.22042137959431854,-0.05905797524410257,-0.20984485204695438,-0.96649877090996283,-0.14780143402188026,-0.089658056478977635,-0.13150871167823722,0.98725219253296359,-2.2794859974171162,-33.200549535768843,-4.3935603728865837,,0.1537637893608311,0.3076923076923077,0,2
-0.65064258342757531,0.74073806867652181,0.16724635196041479,-0.75261824946397604,-0.5996779177287026,-0.27194147451675527,-0.10114345853524366,-0.30280936016236926,0.94766897817412266,0.5886710297437896,-22.175615812538165,-3.2025188069406849,,0.09673959806266576,0.25,0,1
-0.28491429006503693,-0.92057490035976319,-0.26714359461598147,0.95773324565905649,-0.26186843440392088,-0.1190460130462529,0.03963429671515855,-0.28977021222073746,0.95627524627245464,24.300062981407628,-29.502638505366296,-2.2195200213779431,,0.3513439511180553,0.3,0,1
-0.97577606583577003,0.21302054089924621,-0.049832905765778292,-0.19891593238378238,-0.95871146529133999,-0.20323576989010411,-0.091068771738499282,-0.1884000410666766,0.97786088138350091,4.415465335144769,18.939241306750667,0.48474908599999311,,0.3824220061562541,0.5,0,1
-0.10248214104167618,-0.97530669631663802,-0.19563808138355648,0.99312649887313165,-0.089138624987195964,-0.075855538831306274,0.056543505405216431,-0.20206720084001062,0.97773804177866241,21.313463570002963,9.7803745366830697,0.73060280824818069,,0.08978862584921653,0.625,0,1
0.9097478101647648,-0.40095579383610541,-0.10767252801746824,0.4031602894748989,0.91512829338124047,-0.0014098381654899122,0.099099459589494066,-0.042126690380275521,0.99418541483300482,-7.4062240805774326,6.6706210219313533,-1.3450354771277206,,0.3788202019226294,0.184,0,1
0.93183136944975753,-0.32639773077800222,-0.15860271199560247,0.34958343894736277,0.92466019973429392,0.15097991336953195,0.097374114235379908,-0.19613270092033763,0.97573062138408306,-7.0979112684905878,-33.392050769980017,-4.8126858531383521,,0.2625176302096122,0.35,0,1
0.22912375996730638,-0.89506601699775679,-0.38256911510760572,0.96997305370180609,0.24288198657621124,0.012673424524852378,0.081575595068857129,-0.37398551551171794,0.92383995176469702,4.819723085894287,-33.477302991867766,-3.920965925725524,,0.3066249325578265,0.3888888888888889,0,1
0.96394446148545909,0.25571101666838975,-0.073640689336312737,-0.25919165374332154,0.96490196203448209,-0.042236125435568463,0.060255803050917121,0.059800331240098398,0.99639006347025771,16.749659412119151,19.327356425461183,1.3016309384624014,,0.08649993780841901,0.125,0,1
0.15846094751885387,0.98695985432062106,0.028290883175424674,-0.98601603785327363,0.15967683594963883,-0.047704100004547223,-0.051599430302656915,-0.020336027648747316,0.9984607877988555,8.6541955341159333,-36.153164857869541,-3.8765203072163903,,0.09711141155852614,0.4,0,1
0.13550112790548982,-0.90088748812451414,-0.41236049529148899,0.98791528384614058,0.15446297759759672,-0.012828892971836149,0.075251819111158885,-0.40563890628536425,0.9109304262280814,26.386790299015537,14.684095884986275,1.4161479438699516,,0.4174337125025493,0.1052631578947368,0,1
-0.61860484360351919,-0.7564316998516033,-0.21245971601665861,0.78570040233855087,-0.59496929025328094,-0.16937066280954943,0.0017103319281751943,-0.2717031967333487,0.96237957566106658,16.973290878918728,-31.464669203011049,-2.8785679653535197,,0.6617981801951841,0.1568627450980392,0,1
0.91026174701898988,0.41098618911875356,-0.050138849882910737,-0.41146645200700294,0.9114245437879881,0.00081231374909477802,0.046031628112695587,0.019891036536654468,0.99874192656501237,-8.5002771520288132,-24.480141489977914,-4.1308635433976129,,0.09138317334738268,0.4444444444444444,0,1
