axis_00,axis_01,axis_02,axis_10,axis_11,axis_12,axis_20,axis_21,axis_22,location_x,location_y,location_z,dbh,dbh_approximation,score,reconstructed,number_clusters
0.30290468274979931,-0.8649185951050965,-0.40020566838773014,0.95173634736485047,0.25273655761113906,0.17413258612759516,-0.049463908790716854,-0.4336358567834282,0.89972955127574084,-2.6857813200887946,-21.72344269429485,-0.7310755042790742,,0.215961615318939,0.3636363636363636,0,1
0.40027000893993542,-0.88347264399662417,-0.24343378412381178,0.91572605529905571,0.37544117086576251,0.14314230285061275,-0.035067243827469181,-0.28021422970391779,0.95929676007051401,-21.525159936269684,2.0634040052060527,-6.1907960336057499,,0.8235893276806137,0.5675675675675675,0,1
0.91660507766425947,0.38977881551259902,-0.088924724220502765,-0.37720589121262627,0.91685903359822452,0.13071047449924794,0.1324796106372054,-0.086266954779483596,0.98742451117971008,-6.6348451535213888,6.0663300122176338,-3.8325535105418123,,0.1201977040532827,0.4158415841584158,0,5
-0.75516985800934044,0.65342100858055407,-0.052530668182740638,-0.65489225711462362,-0.75554151186601792,0.016527414151226456,-0.028889740834197097,0.046882932851777602,0.99848253539145571,-14.731494026919707,5.7546178770705945,-5.2115839598025948,0.5312692213582784,0.5581167076281267,0.5431034482758621,1,1
0.98098397963481476,0.16100439991151305,-0.10838826001451551,-0.14764151232948844,0.98152003659304543,0.12173907180296491,0.12598577513712483,-0.10342147250701612,0.98662636468299258,-19.884436816602008,12.958619661498684,-6.6256682457654605,,0.09460279339681814,0.3333333333333333,0,1
-0.78159744250061447,-0.56489490488105987,-0.26457358960394889,0.59837109055757476,-0.79880457056716503,-0.062155418315282915,-0.17623131350994134,-0.20689370333682797,0.96236038969719417,3.0853406240415597,-12.225898527029186,-0.67635064636574638,,0.5570909452707405,0.2222222222222222,0,3
0.19742845760876682,0.9756333629722852,0.095715960955384094,-0.97423396903634363,0.18440548163811488,0.12985681313472741,0.10904209142306512,-0.11888717086887064,0.98690205334717995,-2.5837158126685278,-19.258952710998003,-0.93065788402766636,,0.4188634100695536,0.1428571428571428,0,1
0.77866597178908648,0.61929318590343851,-0.10077328153497549,-0.61075368312564426,0.78491211727908361,0.10436908879992422,0.14373323528752271,-0.019721005096990676,0.98941995079528622,-17.03501771349088,-22.616020234340525,-3.1917579066166106,,0.1401485722141843,0.5,0,1
0.99331785114931881,-0.032643341489701258,-0.11069805257766405,0.050796546207343675,0.98492286733652501,0.16536824450602428,0.10363087127639965,-0.16988630802388341,0.97999963513488586,-4.9520155356546844,15.358904370979731,-4.3723340006582001,,0.4264929446144963,0.8900523560209425,1,5
0.6299050444679658,-0.75952888532742491,-0.16228218419496718,0.77640219713673697,0.61027864597205406,0.15735184317879281,-0.020475918417912221,-0.22511296413977508,0.97411749298590633,4.4941664214964954,10.006886710008201,-2.4134733902770571,,0.132851027551064,0.3243243243243243,1,2
0.54744399402703436,0.83684221030288863,0.00043411876922042222,-0.82520766977683724,0.53974658255684471,0.16645097884870177,0.13905889092471638,-0.09148082680859744,0.98604963525230549,-13.492051038149322,-12.316037752153623,-3.4108848455951875,,0.3311052537807256,0.4025974025974026,0,2
-0.28980884008237245,-0.94704188318297911,-0.13828415566269631,0.94994229917377782,-0.30224632763997811,0.079099846198221496,-0.11670674552289287,-0.1084381340921258,0.98722880155720294,-0.59998072802181646,4.50297365478822,-2.7098758903545792,,0.09593350866268378,0.4425287356321839,0,7
0.22585699849409394,-0.93872899853249669,-0.26033917020958286,0.97299142974230801,0.20429252378298401,0.10748135826457347,-0.047710521682932008,-0.27758319841185314,0.95951616665910733,9.7960469832502053,-3.1235558743580603,-0.47683644374187334,,0.2737329308789386,0.3272727272727273,1,4
0.83557700308928751,-0.53435968724268224,-0.12755703257064072,0.5482806550072864,0.82576219344307178,0.13230692810608127,0.034632286281815979,-0.18048967984344591,0.982966978192505,7.6728188418752588,6.4451914985206384,-1.6210035097940001,,0.1788812606536285,0.391304347826087,1,5
0.95081769968957963,-0.25812387583784113,-0.17122431684625383,0.29975544187099384,0.90606759546724214,0.29864391424057901,0.078053680411244414,-0.33528134031982743,0.93887914334465783,-2.1842520563020673,-7.5553274732894034,-1.8145623502274772,0.86254162550562,0.7111712267150799,0.5230263157894737,1,3
-0.742673202117765,-0.65174347072283412,-0.1538407073121433,0.65645417288482377,-0.75395039197212543,0.025034483161853992,-0.13230432252291849,-0.082396934501431873,0.98777847285032438,-7.6449663570341624,4.3759335942683615,-3.826902902047129,0.2901856770459896,0.2642523600651275,0.8128571428571428,1,6
-0.45767550889765179,0.88643118155925127,-0.069086097839904922,-0.88885745378017755,-0.45427178910294824,0.059745865837110536,0.021576733179395468,0.088751912569116548,0.99582003524764895,-14.615319882991894,12.774961659194318,-5.7825870082423299,1.04108773404242,0.8967369762963032,0.7717391304347826,1,3
-0.31663645870778578,-0.93490275333123429,-0.16030656515149455,0.94500243289841845,-0.32551226352102947,0.031814589632534016,-0.081925300323303779,-0.14141643508126411,0.98655442680870065,-4.3573718014440157,8.4975541049918224,-3.6679395241474975,,0.1426266315462217,0.1917808219178082,0,5
0.96665126142815871,-0.21895119374314673,-0.13283716926297787,0.24447895043208964,0.94340929017149178,0.2240735459927081,0.076258649181412952,-0.24907686760631442,0.96547673842949377,-1.9930988876118283,9.1059676711650912,-3.3238953197967462,0.2448621128110411,0.1565718630355694,0.1914893617021277,1,5
0.81140792514848459,-0.53254476175719911,-0.24085941071753636,0.58138333682891052,0.77775647413721993,0.23893154374280787,0.060088224003646204,-0.33390259607048256,0.94069041755164029,3.4632093974843596,10.322736003938324,-2.5929490253410576,0.6228822450755241,0.3070448839758644,0.2380952380952381,1,3
-0.85355972548593106,-0.4971625659495521,-0.155772841172136,0.49900627607913417,-0.86608350283874147,0.029868085713870857,-0.14976158206301565,-0.052237430344852093,0.9873412375713625,-1.590905650282314,-21.524400166498275,-0.5877263797505019,,0.1691839596505076,0.6086956521739131,0,4
-0.79867073732912919,0.60100508460467794,-0.030297551278435031,-0.59982061276107546,-0.79912363004399023,-0.040207666088002532,-0.048376500918043505,-0.013939590547797325,0.99873189694446363,-17.794241533613068,5.5925216535316267,-5.8036174125063642,,0.3589602579001451,0.4193548387096774,0,4
-0.68667467056930465,-0.71019238883221425,-0.15525677970166163,0.71429960774550327,-0.6988364334180307,0.037466114052387166,-0.13510724322980314,-0.085172825316291972,0.98716342246584654,-2.100193851991337,7.1279231511502079,-3.1971054601886024,0.5290344701971968,0.2181355761979904,0.9766355140186916,1,6
-0.84849664662512769,-0.51454240692714592,-0.1236913583866396,0.50961893791128943,-0.85746055889033335,0.071062845915750752,-0.14262530907269586,-0.0027388722306512818,0.98977296376028656,6.3711995491263451,7.9273977212905962,-1.9307504712181396,,0.06971763123665366,0.2647058823529412,0,2
0.43202603306089521,0.90032065760262692,0.052689849607303552,-0.89700067784053139,0.42290633373248737,0.12860799680647336,0.093505565135419799,-0.10282483349327581,0.99029478586216257,-13.608616339070894,6.0621330535928033,-5.0578213471850901,0.4318059402143391,0.5239676737799078,0.4262820512820513,1,4
-0.39100050432004785,-0.89001434228101817,-0.23450602584060282,0.91189477182796719,-0.40914476278960893,0.032380367426158421,-0.1247659037328975,-0.20118407893250362,0.97157523416861147,-13.775699400859356,19.666903415968452,-6.0356132193351062,,0.2304426586800324,0.1515151515151515,1,4
-0.88507236470373163,-0.43270643335866549,-0.17149942206248991,0.44569464521760871,-0.89408928578131963,-0.0442790274893246,-0.13417597572626469,-0.11562651763792446,0.98418865872190997,-2.0572790692178189,15.515247375999085,-3.9397572086088735,,0.1301612371731496,0.4166666666666667,0,5
-0.94474651204308602,0.31559379545216315,-0.088626092402423848,-0.31800768065383433,-0.94798161446639284,0.014211744398978635,-0.079530767804627714,0.041610274041290127,0.99596357466858032,-1.0118786363312373,2.4946924979253642,-2.5962481367759742,,0.1174370284192397,0.3710691823899371,0,5
-0.64663801002130727,-0.73979369796057226,-0.18591548739549801,0.74789816561014089,-0.66282454350155207,0.036220966427550884,-0.15002539075993315,-0.11562399832984813,0.98189789343777933,-6.7693371725423583,-16.365140622880642,-1.8777011733038949,,0.1238490576764944,0.5882352941176471,0,6
-0.14842062520441227,0.98886679376005582,-0.01066687454876856,-0.9864212197952269,-0.14726938089602706,0.072697363007182686,0.070317104260830876,0.021311819472037166,0.99729700250184428,10.40695636399356,2.9752125317085762,-0.92345172595653668,,0.1111725277591404,0.3962264150943396,0,1
0.214895474889159,-0.94840569933165508,-0.23312349591449985,0.97444028691403528,0.19221309550192536,0.11627662343076768,-0.065468023576824227,-0.25215224645599094,0.96547044620544564,-5.1398574902693461,-10.715988002608604,-2.0966659944965462,0.4788155817020059,0.238433661684943,0.2105263157894737,1,5
-0.99382441438843094,0.015939648815738339,-0.10981330047459241,-0.01255201336350446,-0.99942582809261338,-0.031471591982555239,-0.11025189488627667,-0.029898858456887001,0.99345386301375893,-7.6681280255216979,8.0540148468776209,-4.1739123083048533,0.5856413397812047,0.571938104479767,0.5231481481481481,1,5
0.3288070758598941,-0.91856097203085318,-0.21938926027998759,0.94314952966893295,0.30745247560233691,0.12626139525312197,-0.048527018760031848,-0.2484325178146547,0.96743289821182676,-5.9072252295843795,18.765524527451024,-4.7325544439657445,,0.1730445603282804,0.1666666666666667,0,4
-0.78092671247880974,0.62183935730456386,0.058900623460933624,-0.62419147259426777,-0.77340701455975269,-0.11057393621632074,-0.023205070084763912,-0.12311540739005346,0.99212102144120684,4.0991115641383455,17.178874972919328,-3.0773491171752219,,0.5412438506346419,0.3333333333333333,0,2
0.96334863858575182,0.24659299229447951,-0.10559970021848601,-0.23468076751182262,0.96542207205528918,0.11351281931365328,0.12993974717168455,-0.084570201251545615,0.98790867146980355,-7.8242505429049896,-6.7503667544643111,-2.8973339824780386,0.2104911991737706,0.1826786385438248,0.7820069204152249,1,4
0.60303873971822919,0.7956288182288308,0.057611300999411023,-0.78525835512710884,0.57936265633341211,0.21842213292008741,0.14040510710838722,-0.17695676322222728,0.97415230320920321,-4.967591986099122,-7.6585621591586373,-2.2624792407752454,,0.3008658803998479,0.283132530120482,0,2
0.69543135066991246,0.71844252017605836,-0.01468270099451938,-0.70339878885984675,0.6847646750243821,0.19059770111219163,0.14698768770179838,-0.12221982262229557,0.98155842140050553,9.285112230134061,5.4641929991112788,-1.3103773347177254,,0.3829738247828909,0.631578947368421,0,5
-0.5896023536984828,-0.7578255662322384,-0.27940915460664062,0.78974717485548729,-0.61342633754299225,-0.0027437595318435134,-0.16931764326551069,-0.22228031755731192,0.96016821240115791,-3.7612530707587428,3.7461481884478181,-3.1585600993457015,0.6502459046579083,0.7156165607586364,0.5185185185185185,1,2
-0.90824084361063695,-0.39618311782838239,-0.1346755625390883,0.39436884410191286,-0.91803503246011964,0.041047460063536122,-0.1398991951340646,-0.015830866171135154,0.99003919057636913,-5.3471342134695954,7.2627442590907521,-3.7025799966823021,,0.06817563615759166,0.1904761904761905,0,5
-0.99317579458920369,0.064603364060202437,-0.097099157536047961,-0.05521296137244823,-0.99380361063307876,-0.096467157049128907,-0.10272959621545216,-0.090447713319694964,0.99058863370051342,-2.6854728721601289,-12.50287939837018,-1.5280371129887236,0.3345463395512522,0.2809213708176526,0.3636363636363636,1,4
-0.98633086097316658,-0.098389220727091067,-0.1321778874723222,0.10871401348926614,-0.99136720071780227,-0.073296225086987993,-0.12382526383168267,-0.086663917437780749,0.98851235169387219,-14.76542713073785,10.588226426392746,-5.6899751190554282,,0.1661820452209461,0.3214285714285715,0,5
-0.91865799455465202,0.37759249494354752,-0.11615247222135326,-0.37501659749432631,-0.92596696094115083,-0.044133194414041794,-0.12421771469723462,0.003015793049311986,0.99225040405518616,-17.297522818952064,11.528041584188337,-6.2009289343641969,,0.2212759088820803,0.3260869565217391,0,3
-0.77564258789744789,-0.6163795786884082,-0.13584841116351234,0.6149514080101518,-0.78647887801798255,0.057321376622578725,-0.1421736319648694,-0.039079270815562714,0.98907000205568985,1.7003841574768448,5.5541846325873809,-2.432576726107885,,0.07212362318941146,0.1839080459770115,0,5
0.3086598420863001,-0.92935528528431155,-0.20255334012890419,0.94992795808917296,0.29029551320190045,0.11560877758794555,-0.048641302653136348,-0.22809486782687727,0.97242313575276718,-10.663518879760444,-4.9600955927669963,-3.5215131164097939,,0.2384746243731328,0.3615819209039548,0,1
-0.98936662927423891,0.10225802970180681,-0.10342614872475789,-0.10594173696034136,-0.99389647814401405,0.03075937422561947,-0.099649491962363487,0.041389444239205493,0.99416140171363176,-12.973509700889441,9.7070399247151702,-5.2580759369114576,,0.08414542611943686,0.2,0,5
0.51671444664833754,-0.84262412068161374,-0.15162708158650426,0.85578637018180781,0.5031096925798999,0.12045881388759071,-0.025216447726607701,-0.19200319913401678,0.98107028407059349,-10.147382802375294,-18.571539374000391,-2.3018884272003968,0.4966955912268816,0.4729887430569457,0.9185185185185185,1,5
-0.66151421174863989,-0.68133247257162688,-0.31334487306163128,0.73457297731426874,-0.67282449406133216,-0.087805131915871637,-0.15100161805168574,-0.28825901895785722,0.94557138775199168,10.190429719382266,7.0950858381799611,-1.3407951738307715,,0.4976745045124647,0.3709677419354839,0,4
-0.63257489560867319,-0.75715676793266817,-0.16298045962455601,0.76241557080163402,-0.64578893675243654,0.040977390929337366,-0.13627728660673599,-0.098337571364727178,0.98577797866111416,-1.4134017072757792,4.3170789478765466,-2.8392131379365204,,0.06900174375167818,0.3295454545454545,0,5
0.90324359271945065,-0.39336368724380155,-0.17151099605920117,0.41989416658675144,0.89261463658885432,0.16409753018788625,0.088543215876068351,-0.22023650947403681,0.97141956888721159,-3.7060211167185888,-12.346847301285786,-1.7288041001832093,0.1635411326303558,0.1383379475419025,0.25,1,5
-0.92407213762364149,-0.3386566813943262,-0.1772070444837234,0.35375841256095264,-0.93334350331052873,-0.061031879951255995,-0.14472618978619381,-0.11908634252092662,0.98227937625451534,-0.86220112385955883,6.1146137689393489,-2.9149788793258922,,0.2799225535779943,0.1967213114754098,0,5
-0.69515108856424557,0.71878420666173948,-0.010687765042337332,-0.71749302546928362,-0.69466664589041771,-0.051400481420828571,-0.044370288154127066,-0.028062703736683754,0.99862093017726639,-7.6089620356335885,-11.692711780644501,-2.4169044080872673,0.3197198658601823,0.2179976117701241,0.2465753424657534,1,5
0.84849375654220538,0.52916210913966699,0.0067681134562480143,-0.50957339609203545,0.81349912242715983,0.28027510022381757,0.14280510881662156,-0.24126052321318642,0.95989585936953237,7.2434351643502026,7.7691884349586928,-1.8147511239443572,,0.4450842859264884,0.1935483870967742,0,1
0.44789021281521174,0.89402006363314468,-0.011067207675487628,-0.88518783091500108,0.44513970750808635,0.13525215266165322,0.1258445917166888,-0.050781557882792629,0.99074939925021233,-6.51799159645015,-3.749175211568923,-2.9037764778606916,,0.1366761957336009,0.2925170068027211,0,4
0.21803208326300863,-0.90482974550794426,-0.36571182960361182,0.97327568825824595,0.17391439181516255,0.14996072474151087,-0.072086373978925616,-0.38863468188466016,0.91856771047265706,-9.4589879643823878,-15.321523821411008,-2.481228834245166,,0.2744641968177863,0.4,0,3
-0.71587591141947104,-0.65736120693875655,-0.23536763384408771,0.6816271573928393,-0.73102104268363588,-0.031506403448958935,-0.15134760570917816,-0.18298764648399704,0.97139560606394981,-0.58859898522272791,-12.049099658625236,-1.2360758067991184,,0.5475129711677186,0.4782608695652174,0,4
-0.93050008916360005,-0.33462690337504941,-0.14897791649825065,0.338843450151113,-0.94083760761243052,-0.0031164710507978585,-0.13912117148811198,-0.053380067813234802,0.98883561222481875,-7.1070007716303047,15.854020147648026,-4.7324580954885151,,0.1329072135873966,0.4482758620689655,0,5
0.59512471738756734,0.79893082662732939,-0.086810742531910901,-0.79194793740880409,0.60139373787134787,0.10556531856187787,0.13654682416047145,0.0059250581180075061,0.99061589856916232,9.6700984892633208,2.2893464050288719,-0.97644822240036744,,0.2668234240980232,0.6027397260273972,1,5
0.65509605783460401,0.75479756710850243,-0.033612314657680963,-0.73585510514638131,0.64748199172506959,0.19820276138778875,0.17136633053073499,-0.10510805430043199,0.97958454340685053,6.84698716213033,11.034720327736874,-2.1727101789418861,,0.2178516397871451,0.4444444444444444,0,5
-0.81242904562570506,0.58159730101268603,-0.041274995802121517,-0.58113526842089291,-0.81346290533626719,-0.023662236564951155,-0.047337570925035301,0.0047624674947042171,0.99886759547113102,-12.125602407684616,-10.841552758887673,-3.2754458754905018,0.3538124500797957,0.4777072017692403,0.7472527472527473,1,3
-0.64915472911011984,-0.70919114219212653,-0.27503829098907773,0.74524755469876802,-0.66538336537801035,-0.043255742898933136,-0.15232931395326585,-0.23305128387215251,0.96045972283905134,1.0268026004591571,-17.023641453903107,-0.58726452912650584,,0.3691392838831968,0.4761904761904762,0,3
-0.71894227592681881,-0.6755278712642504,-0.16365848291597238,0.68029986422129862,-0.73216297747125114,0.033607575945252058,-0.14252753637683391,-0.087174936567936789,0.98594443647130925,-0.67380864818535025,7.6907452303506734,-2.9774492599268205,,0.06833109529519288,0.2205882352941176,0,5
-0.48601989659618666,-0.84167473592289399,-0.23530469400706627,0.86661423284215089,-0.49895102191788931,-0.0052582470942583639,-0.11297978380242475,-0.20647400959011941,0.97190742965353283,-7.3308024631562834,-14.361854953755351,-2.1749760485320233,0.6339777145196642,0.7156446599857273,0.180327868852459,1,2
-0.98184560343420058,0.16110179491743495,-0.10012703276993444,-0.15955724812599745,-0.986913666415139,-0.023300206297089111,-0.10257044207465234,-0.0069012113001144732,0.99470180340401604,-9.0481607972809659,-6.7133444268707629,-3.1331307511706568,,0.4747687761858085,0.2,0,2
-0.69896988957486195,-0.69873119577215681,-0.15236735057917841,0.70089648001781979,-0.71163586447209526,0.048151019674403696,-0.14207469080148108,-0.073137626785852269,0.98715027720291815,8.6276615402840875,3.2334729469063244,-1.1734022685653858,,0.07337069867010537,0.2727272727272727,0,5
0.99215058005752466,0.061424824071112022,-0.10892298875513888,-0.041865725706256705,0.98393871261807964,0.17352772349848433,0.11783245521759977,-0.16760549155475454,0.97878695930119708,-7.8846810702190746,-4.7681412100225042,-3.0202811443574551,,0.07292126281098141,0.1228070175438596,0,2
-0.47428655221878807,-0.81395924778888817,-0.33544389892106036,0.87116691701459759,-0.4888754565500068,-0.045486159238872358,-0.1269664092730696,-0.31380110089349594,0.94096142322325516,-11.3306317133408,-22.925338895851787,-2.0491299899087192,0.4217118974159409,0.3840247741826694,0.5405405405405406,1,4
-0.73300300790875927,0.67960888943520359,-0.028954236259347912,-0.6801365800522976,-0.73293087547302771,0.015052051458419759,-0.010991945754838582,0.030726034221678276,0.99946740214452823,-10.783987223589969,-8.7935301620453625,-3.2271012821862586,,0.3582441254831374,0.303030303030303,0,3
0.91621643346241988,-0.37105027265744261,-0.15122546814026136,0.3982156418427153,0.8850555103573815,0.24104158599260417,0.044404387679574733,-0.28106660909270825,0.9586604255980995,-3.1680184852537852,-11.264284267566691,-1.7010170066102261,,0.1219701540989285,0.3513513513513514,0,3
0.99188636494541726,-0.060526997136467177,-0.11179410383829889,0.075830973712528851,0.98750309979559614,0.1381567635691375,0.1020348100462582,-0.14551326575859302,0.98408068115733938,0.51740258349226664,16.153190055073395,-3.53584307536428,,0.4527567309458235,0.8584070796460177,1,5
-0.9838627344703379,0.13589990492422011,-0.1163844300675068,-0.14239118973126974,-0.98857855563801256,0.049367888546866655,-0.10834606041506045,0.065143343284255167,0.99197655013527752,-10.527970172699906,15.745122593670649,-5.2079792258241415,,0.1529062602034425,0.4772727272727273,1,5
0.11492007350028526,-0.96803824765814273,-0.22292448895902564,0.98850627674510472,0.089249669564508471,0.12202392108991492,-0.098227885766826686,-0.23438525455663753,0.96716846252563515,-18.000777885435067,13.266158794914544,-6.3568788543313577,0.4474135222795093,0.2710190685737691,0.5,1,5
-0.96946310985255046,-0.21607953308097713,-0.11597807559417161,0.20926210940885939,-0.97547877360810342,0.068194807762643472,-0.12786965316592949,0.041842533665352719,0.99090794434987128,2.9913682422841172,3.4908222156653812,-2.0559629464220817,,0.06934991256486765,0.2282608695652174,0,5
0.48376607558794632,0.87186353796382443,0.07631746379067253,-0.86805788254397309,0.46687660604077036,0.16882460509394256,0.11156117901632162,-0.14791959268823887,0.98268708012033745,-2.8524302215121753,13.613914955859773,-3.8541890600428741,,0.1987947616835074,0.5769230769230769,0,5
-0.93726880137688817,-0.31170672255397747,-0.15609648644408847,0.31497269717440657,-0.94909230367831965,0.0039998916560849453,-0.1493967670340007,-0.045417157696606529,0.98773371299482871,-4.6969396026432939,-4.1979464436813672,-2.5202975743702121,,0.3762823108115071,0.6510067114093959,0,2
-0.8190063117616615,0.56453032472067621,-0.10263612310160841,-0.57036429084447526,-0.82049553289753674,0.038362171792878229,-0.062555871219567447,0.089958840399127604,0.9939789585348402,-3.2270310094612196,8.0185572999110075,-3.4487941095321681,,0.1106405099648299,0.4787234042553192,0,5
0.76656778118417013,-0.60421260680158928,-0.21748784479231661,0.64139538433555032,0.73696140876841598,0.2133069219203253,0.031397417145849447,-0.3030099136465671,0.95247004909785482,-20.010939587290054,8.9957685976536492,-6.5624915731111484,,0.7844434970874812,0.4,0,1
-0.37426656978399686,0.92700728197902582,-0.024125378753050507,-0.92688670760954239,-0.37316832541321271,0.040329048650319457,0.028382494584897191,0.037455307583255229,0.99889515662805195,-21.082600264736172,12.683529727778511,-6.855079820431488,,0.1605358532042265,0.3,0,4
0.89801344466533839,-0.40305736364000838,-0.17639902158419116,0.43330393782826387,0.87973294283719117,0.19574893805468246,0.076285979464210091,-0.25221956883355023,0.96465835321869497,-3.4774285718092695,-14.255631967384648,-1.4985926866193171,,0.08698014287206579,0.3235294117647059,0,5
0.99130535957687305,0.066536103710343977,-0.11351929781853609,-0.054580613390390213,0.99293551935559465,0.10535658994085337,0.11972735993120333,-0.098244599368528696,0.98793388340456378,-1.164669937625046,-10.652375959255885,-1.3890630633691796,,0.07021941760246456,0.3695652173913043,0,5
-0.33643390017435038,-0.92649654714523777,-0.16857158402716726,0.93377960520805969,-0.35139143469763717,0.067673543712569173,-0.12193391534333722,-0.13464103293234642,0.98336357088309667,2.2902112531658223,9.9565422504904184,-2.7685530792950379,,0.06987542723612399,0.4375,0,4
-0.82976369147683882,0.55763106733158874,0.023233791196497561,-0.55619778036089818,-0.8227492184549382,-0.11716549258804215,-0.046219535137637692,-0.11014225473641649,0.99284059057496177,-22.95240326144042,9.7262092953430717,-7.1512404655957003,,0.2755082044208173,0.1764705882352941,0,1
-0.093727886546260047,0.99420904481795924,-0.052568607416702523,-0.99211268093018945,-0.088855345434703983,0.088414681615612639,0.083231674385909823,0.060440903284443279,0.99469562459532179,-14.300040878181496,-11.244484764884067,-3.6068645650205,,0.1439280020810029,0.3043478260869565,0,2
-0.57050752170820895,-0.80858355000480797,-0.14392293193227035,0.80997487317242867,-0.58293098582750658,0.064281961633732398,-0.13587447333353961,-0.079900615916241854,0.98749887041582973,6.2659379944523197,-6.0502214141961419,-0.73938725525677307,0.367306051562179,0.2994085240608519,0.7964601769911505,1,5
-0.84359982913731257,0.5364309129857785,0.024108170248670562,-0.53605456482260216,-0.83868486733317893,-0.09619353844815437,-0.031382030086424081,-0.094072147310296936,0.99507065040030318,2.0385004864539287,-7.4778779518171516,-1.2238852065726975,,0.3748062568466961,0.2891566265060241,0,4
-0.89097626472617775,-0.42655277386182439,-0.15560856919004171,0.43167700291411959,-0.90202774611260417,0.00095414783915849554,-0.14077024134976784,-0.066322517697981628,0.98781833491615734,-2.6271023321958,10.130271229982453,-3.5213138577599854,,0.08258762845824943,0.25,0,5
0.99128255303504564,-0.031640395290762284,-0.12789755835889377,0.046325252761196228,0.99245438086495352,0.11352652931616293,0.12334046783166344,-0.11846175453624951,0.98526846174393523,-6.5687083632720089,-5.5705805018370924,-2.7395446386226769,,0.07449448256388036,0.364963503649635,0,4
0.66080739442435599,0.75003297144788106,0.028002307318428999,-0.73402595759885436,0.63801760022141629,0.23267882451738098,0.15665082522980464,-0.17431030821143978,0.97215041809693969,-1.4651697095080911,13.373752565300299,-3.6270946537559472,,0.1080637092435738,0.6666666666666666,1,8
0.26723566582495756,-0.95402495297189149,-0.13572578243677436,0.96211975171307063,0.2562710056146521,0.093009435246307379,-0.053950739333892876,-0.15543989445518161,0.98637100369845188,-18.896319666300112,8.0516856090079081,-6.2286597285180569,,0.08883590038539174,0.4583333333333333,0,3
-0.98766051583536074,0.10643791175512145,-0.11488114031919712,-0.10897856221088928,-0.99391454797357226,0.016048186967311404,-0.11247390114278692,0.0283697421154906,0.99324960573565002,-11.062178204295085,8.5538011675022485,-4.7898547379002121,0.1634778903364692,0.2168952756377098,0.3333333333333333,1,5
-0.54727233121065888,-0.8201860878718592,-0.16669666089248986,0.82617025880148709,-0.5612672265056835,0.0492118270591686,-0.13392422843957222,-0.11078755215308513,0.98477937596437959,0.59273766747910372,21.424192820109635,-3.9469559787756161,,0.2817917418413923,0.4,1,5
-0.44368813409041857,0.89492121328464225,-0.047506438305865387,-0.89552180013427862,-0.44070504830931795,0.0618042545375736,0.034373611268328143,0.069964865524261913,0.99695705646760324,12.568993973800836,3.6585361058089512,-0.69276210279354289,,0.1034332115995777,0.2727272727272727,0,4
0.98302118239634295,0.16174320221078686,-0.086651552200155899,-0.1342942399313638,0.95597573231211752,0.26091273704357121,0.12503764265753392,-0.24484594292924464,0.96146557512463016,-13.286710354971131,-10.14997881206928,-3.5359239129838147,,0.2301751899825477,0.2903225806451613,0,1
-0.24386920415350957,-0.9586333778427506,-0.14679869941975759,0.96315472049041173,-0.2571058465033087,0.078927612980845052,-0.11340544811679439,-0.12214184614461773,0.98601246125888975,-11.837379675476805,-5.9545381784408216,-3.6542168659317453,,0.1898925247651724,0.34,0,1
0.31060446969382327,0.94134283259660778,0.13190350611418261,-0.94302268565685587,0.2877502988597388,0.16705681621131913,0.11930246327193056,-0.17627659239140731,0.97708417510065337,-7.2782473834632464,13.243501619836074,-4.543781088512703,,0.3814464085860679,0.3333333333333333,0,1
-0.77376524301023963,-0.59583130832246545,-0.21511020601553077,0.60342414278871204,-0.79660904783926556,0.035962880868011228,-0.19278654675317236,-0.1019758644158399,0.97592738995666528,0.28034668303968996,23.462016059231484,-4.1624888124432724,,0.3370811008409803,0.5,0,3
-0.98597515951318282,-0.088113397946202682,-0.14173571859389575,0.11232842096315554,-0.97847553834916479,-0.17311252611014677,-0.12343140065185214,-0.18660560000891233,0.97465021386056028,8.2505927720066499,-4.2918290789328992,-0.59175533751486542,,0.7918005753955057,0.4941860465116279,0,1
-0.35835327683382845,0.9307029714724796,-0.073313763201441229,-0.93305065777641027,-0.35438256756219166,0.061882677956272565,0.031613272615604079,0.090581315404051399,0.99538717406555233,1.3754615651211979,14.708437365725665,-3.2874970599248128,,0.3964160703375585,0.8529411764705882,0,6
0.14041604840446839,-0.96103810450300886,-0.23809471863890197,0.98821956790462806,0.12125282402113037,0.093380074305447286,-0.060872152589373854,-0.24840192100739622,0.96674250277877571,-11.235432516309043,2.426278896420516,-4.2909469294030398,,0.3529053859245421,0.148936170212766,0,3
-0.7833418370536428,-0.6024380934532988,-0.15311404206596479,0.60474350038213676,-0.7955884738199458,0.036390645369509499,-0.14373887806360641,-0.064088406761310099,0.98753825801930917,10.635255274077991,-6.2589716393760959,-0.11372306479923493,,0.09089205195797601,0.4,0,1
-0.68748989538437966,0.7251516823213342,0.038893204688145944,-0.72614923626362105,-0.68705520179587587,-0.025737839050485194,0.0080579413087273379,-0.04593677515637988,0.998911849098857,-11.621146964605261,5.8625207107957911,-4.6404169539040323,,0.2906811459545105,0.3076923076923077,1,4
0.63203667409294795,-0.72222414518001499,-0.28093046598851179,0.77461814967010756,0.59922192522586104,0.20223700583788373,0.022279246019203083,-0.3454350422982741,0.93817816364974427,-0.3535513474065457,17.225271392667636,-3.8148292304131659,,0.1480393204392912,0.3333333333333333,0,3
-0.48326630077007765,0.87484663048793432,0.03312183062443623,-0.87519884280369864,-0.48371630506646174,0.0067469821340952682,0.021924144112664995,-0.025727598736740614,0.99942854800539371,-9.2494420632204584,-4.3636456662204699,-3.30844608976351,,0.7764212482680213,0.7586206896551724,0,1
-0.97402544811646385,-0.15390393466456057,-0.16609637357958398,0.18636617795631732,-0.96149537056829848,-0.20197598889393945,-0.12861599486640984,-0.22768449940761698,0.96520344725556528,-6.7334018130454476,-24.324485558153707,-1.1743072245251558,,0.2825110369758453,0.25,0,1
-0.90038199709078282,0.42714279542719191,-0.082832913925915602,-0.42975643999433155,-0.90280453555680618,0.015917690204874661,-0.067982803694848937,0.049929979898895825,0.99643631783927056,4.5614645158508678,13.271039401165869,-2.682538593648947,,0.07435832806113039,0.2692307692307692,0,2
-0.28394997801607258,-0.93346137354383818,-0.21913985052090557,0.95037301038803257,-0.30429773574231594,0.064761324477575238,-0.1271359552237766,-0.18987562277383715,0.97354183103017566,-14.857926209687307,3.3411362581048945,-5.0155901304838242,0.7056139584122173,0.4696851797304268,0.8125,1,3
-0.80220510353792884,-0.52598824729258731,-0.28249484166578054,0.56471393477767107,-0.82205004002162851,-0.073019884746284652,-0.19381729470205339,-0.21810569779469893,0.95648563024431621,-7.4509093488213463,-21.187709865351465,-1.5645640531260963,,0.3235657578816469,0.25,0,4
0.79366970094108535,-0.53096580954502703,-0.29692375267445953,0.60718909514655472,0.72151725966317537,0.33276755662662083,0.037547417264008093,-0.44439639186467017,0.8950430371521062,-9.304219397358656,17.308646706868345,-5.079478259899072,,0.4472191255068245,0.15,0,1
0.47370518383555371,-0.85617550443728641,-0.20631748449630677,0.88037035293514565,0.45411237508995606,0.13685756268108612,-0.023482769857333389,-0.24646593353183457,0.96886691713986717,-7.9192388909893676,-17.109044922721392,-2.0749803546615815,,0.2533441482428614,0.1666666666666667,0,1
0.40696964527886764,0.9078298603459044,0.10109724272169168,-0.90818582464300279,0.39028635024594671,0.15124507505769388,0.097847921485854444,-0.15336723729673879,0.9833129078705638,-12.537295124114738,8.0483943801197437,-5.0269233444850467,,0.6034278691508524,0.6891891891891891,0,2
-0.5530398219354653,-0.74718024279298512,-0.36860363554013531,0.82190142674370315,-0.56174137644272082,-0.094470475329082912,-0.13647344089695373,-0.35520178880750797,0.92477385838792647,-9.6289487198682906,7.9316358128175741,-4.4732607264167896,,0.155789368591034,0.3333333333333333,0,1
0.072313317557440887,0.99736791516599943,-0.0052939494958135066,-0.99272395696917359,0.07248696680217119,0.096149804489075522,0.096280472388243152,-0.001697480853625358,0.99535279634682705,7.5435715871357338,-11.06843517435874,-0.10039040931920437,,0.8800883081276649,0.4655172413793103,0,1
-0.8980757858783428,-0.39542905158681269,-0.19260256483274524,0.42236595027005991,-0.89752070853904709,-0.12674218633129702,-0.12274724791809931,-0.19517285391345218,0.97305738280114396,8.7932260473115171,-10.926993785413734,0.067461822159560578,,0.4174295900025542,0.3333333333333333,0,3
-0.43367509842940721,-0.82189358093605547,-0.36934651835147075,0.89179783594363504,-0.45014823603630777,-0.045422300686462344,-0.12892838635651541,-0.34908094650024918,0.92818099742560822,-10.981351372813842,-16.715627116599258,-2.6236083399591736,,0.5040509812454141,0.3333333333333333,0,1
-0.670171059168576,-0.72930390978125426,-0.13779172192350864,0.7286906284695146,-0.68179721139865601,0.064517675947916561,-0.14099900508008278,-0.057169657221227903,0.98835768366499499,1.4404570924595266,3.9778045755240106,-2.3446986219821775,,0.2257635577395528,0.7448275862068966,1,3
-0.097215203614018281,-0.97775612309111237,-0.18585523383569896,0.99053730900359849,-0.11322839662613778,0.077557524904956307,-0.096876434999404556,-0.17655677261241326,0.97951144066136064,9.8099562417287647,-12.189226351889234,0.29458869345719457,,0.5534152316242913,0.5,1,3
0.63084673375150335,0.77513805315339568,0.034545579581542578,-0.7631319480250105,0.61179828432053185,0.20816457240848527,0.14022135507337605,-0.15768277602838679,0.97748356186964558,-20.906693070079641,8.3207019023801969,-6.6646255654826074,,0.2357167311337084,0.35,0,1
0.50763986361176472,-0.81020597729339705,-0.29303249517806212,0.86138350539377384,0.47020918141956719,0.19215041593573384,-0.017894845843534093,-0.34995656882932291,0.93659498953680276,-15.142906783770052,16.31779923241826,-6.0236032980562149,,0.3302749155971144,0.1176470588235294,0,1
-0.31994386063508251,-0.86622250256291,-0.38378965866157527,0.93979465500402382,-0.34150474265581293,-0.012669537065535419,-0.12009135051196192,-0.36473701045717394,0.92333362374332317,-15.954369168685645,10.506040835987278,-5.9145231582500486,,0.4243088957487274,0.1,0,1
-0.061645323677367039,0.99107969669832519,0.11815620534304706,-0.99627865587095854,-0.068244981757575096,0.052644679891362935,0.060238641457692935,-0.11447120711018952,0.99159853207740645,-0.32016228816846964,-15.545087103058023,-0.93107768048621409,,0.3727739231439407,0.1428571428571428,0,3
-0.35050579281060862,-0.89303685889470685,-0.28218940068982318,0.92783135183105148,-0.37214374428102015,0.025258981607855609,-0.1275722217630865,-0.25297075374038291,0.95902613415195936,17.324221701189167,-5.0868951201016879,0.76069985170552501,,0.1951365781241548,0.1764705882352941,0,2
0.3183517116304958,0.94347669968701997,-0.09221661916174681,-0.94027245092659628,0.32664186960786712,0.095879127277883364,0.12058153146491876,0.056185462236827875,0.99111214708670015,16.616416791050831,-6.2859454510933483,0.74502801465478929,,0.1122049760668809,0.6666666666666666,0,2
0.37769771159261584,-0.8728490348547765,-0.30899676537269094,0.92512827542906062,0.34186267879060128,0.16512898852644173,-0.038498216313911163,-0.34823048574643611,0.93661807378325135,-10.875293778725649,-17.676039968257196,-2.5372490948694226,,0.6024084727146951,0.375,0,1
-0.84413848684132153,0.53293790837607991,-0.05837294620775025,-0.52929145342388184,-0.84575297577736874,-0.067471929690501475,-0.085327442043450857,-0.026059351094269802,0.99601211732331207,-19.972173870133997,6.995122645850687,-6.349190363166751,,0.2243486680074578,0.4333333333333333,0,2
-0.069035141841438399,-0.97225461984163042,-0.22350638332615835,0.99299153164023335,-0.088511432474286555,0.078316948434763028,-0.095926885082942379,-0.21653332426662864,0.97155100339628442,9.0213885742221258,-6.5914768598137439,-0.27419472698075326,,0.4164679367278754,0.391304347826087,0,1
-0.96685097133965803,-0.18068608729704119,-0.18042099954508065,0.21934775819289118,-0.94943760361224849,-0.22462145450242205,-0.13071250971239498,-0.25675041325052772,0.95759775746415066,3.0387590204626926,8.314401375869334,-2.4861331812608656,,0.7461069289556423,0.4632352941176471,0,1
0.85823906220705692,-0.43245483049142136,-0.27642093207025215,0.5104488968170614,0.77538120172248282,0.37178746045777661,0.05355031129877711,-0.46018128123602964,0.88620852656684024,-9.6128473640751171,9.2907844482474733,-4.5973599623383601,,0.4852909602770555,0.253968253968254,0,1
-0.86378913244312827,-0.45965947364085674,-0.2063528603275456,0.48335838090030353,-0.871589988731307,-0.081826445338890302,-0.14224278641318169,-0.17042317869225404,0.9750502191568613,3.0906441486275398,15.908431359557714,-3.1320908397466622,,0.3046936899009821,0.2,0,1
0.93106548678029388,-0.34555739526982765,-0.11707752090349206,0.36235259599177194,0.91328308801816205,0.18604998607373019,0.042633971250626179,-0.21564806448086565,0.97553998215401638,-3.86391376727931,12.091507604874673,-3.9158166835362995,,0.2144002271000158,0.2105263157894737,0,3
0.97907167084074842,-0.15041007164256931,-0.1370965853170043,0.17900788251041394,0.95694322439646373,0.22850786262366893,0.09682376441888256,-0.24826694429620905,0.96384059004255473,-8.0175989813467758,10.669422622022092,-4.4729114438293118,,0.9523084673802775,0.8947368421052632,1,1
0.98704481185613369,0.13938226451900315,-0.079467752739364614,-0.10331298276409091,0.9310877889296616,0.34985991039051734,0.1227557207639499,-0.33711735885834887,0.93342536893749284,-15.909198663732854,7.4329782302101464,-5.5669180029611267,,0.5735553878677728,0.2439024390243902,0,1
0.048846072135222365,-0.94574547067520542,-0.3212157622756005,0.99750305209967549,0.029767347334630028,0.064043470272087483,-0.051007080771133154,-0.3235419752211357,0.94483801150314284,3.1027019392083832,-16.721689509925874,-0.30002615748540523,,0.4434868866135784,0.2424242424242424,0,2
-0.84670494060900936,0.53200228555506235,-0.0080194583660123577,-0.52965875315257005,-0.84421476547303409,-0.082237673642773332,-0.050520775500370603,-0.065383468258426378,0.99658048010250566,-2.9798598157582732,17.412088468716941,-4.2434491231470544,,0.6027694209680545,0.15625,0,1
0.57175845961211713,-0.79234420541432682,-0.21279784775302116,0.82041923796537009,0.55286243116076184,0.14579233926147561,0.0021302202468830686,-0.25794145141359298,0.96615820123018614,12.27868338301729,6.8229978237684819,-0.9979128109657649,,0.1693674343926825,0.2857142857142857,1,2
-0.98506781528641418,-0.11577694635714139,-0.12742487190132135,0.11947882687133418,-0.99259791458943958,-0.021775901408365855,-0.12396051474684318,-0.036675313835231184,0.99160915291196594,5.3878764443074765,12.259128955428304,-2.4857484712072346,,0.09209486810627565,0.2272727272727273,0,1
-0.48221709300261967,0.8667495292518731,0.12732607257651457,-0.87577305954820095,-0.48061075240277373,-0.045109343205410227,0.02209577755333832,-0.1332612404883608,0.99083460698434311,-1.4202429239384233,-0.46245060456208553,-2.3764871711684341,,0.2444446925729703,0.3542857142857143,0,1
0.20728164815398559,-0.9545343032854372,-0.21423954394544811,0.97623888874950426,0.18768404588786183,0.10831588531834863,-0.063181883730243152,-0.2316008695375501,0.97075696587650095,-13.82338769429226,9.7596705257910976,-5.387806363543052,,0.1329338107697127,0.2727272727272727,0,2
-0.12201312902701539,-0.89161364033016999,-0.43604806239934196,0.98732268205885354,-0.15397008109878516,0.038563397393734072,-0.10152200666432096,-0.42581490169276254,0.89909674210244694,-9.2078737479120729,19.659622112142749,-5.2819377616636682,,0.2640007830191308,0.5454545454545454,0,1
-0.4010133927063842,0.91601505638244785,-0.010231097242062236,-0.91600301257668681,-0.40082084858412492,0.016766880769434174,0.011257878154860923,0.016095459638148336,0.99980707957009762,8.5198584842238567,14.399548068312821,-2.2151136653533503,,0.1985131517136027,0.4090909090909091,1,2
