axis_00,axis_01,axis_02,axis_10,axis_11,axis_12,axis_20,axis_21,axis_22,location_x,location_y,location_z,dbh,dbh_approximation,score,reconstructed,number_clusters
0.64921837938419136,0.72119291839657462,0.24165320259495088,-0.7594268665552788,0.59697462269183987,0.25863513724157222,0.04226499998575256,-0.35142861909151296,0.93526017527725269,-15.65497239954774,18.418392024853318,-2.0186642364355647,,0.3242044781145702,0.25,0,1
-0.89333260529690672,0.43942614718767642,0.094135633429831653,-0.44503983249458823,-0.89414192595884845,-0.049495087996586411,0.062421180753250885,-0.08610968244277438,0.99432827516015776,0.52994030870336117,11.141749119688447,-2.6237696584362262,,0.1193721692969362,0.4482758620689655,0,5
0.6667018520826441,0.72168932775558847,0.18620728942030471,-0.7420614630648914,0.61938128033567919,0.25634276780070436,0.069666530440112562,-0.30908145168130013,0.94848048517774763,24.574303451499521,-6.4359495580404822,-4.2293509685678483,,0.4102169223783053,0.3333333333333333,0,4
0.92045708760794676,0.37007008101286776,0.12572543502182043,-0.39083134433380401,0.86895544240356992,0.30359067739877599,0.0031000255689492347,-0.32857963152993147,0.94447118303584388,-12.742796380760446,19.746428508566339,-2.2671974829864112,,0.6478712238478518,0.25,0,1
0.97025732953029609,-0.24176466313850031,-0.012270376940664738,0.23675454808642843,0.93713986853042119,0.25635161550334745,-0.050477702534183905,-0.25163210142649234,0.96650570980132244,-22.420629872688789,11.256177202891001,-1.1281616272431043,,0.4805452700628322,0.25,0,1
-0.23756276251737499,-0.97018356639834402,-0.048039372973656055,0.96697699765827594,-0.24089775294208965,0.083209125865119832,-0.092300703490811417,-0.026685578840278248,0.99537352788642086,1.9396060896400369,-33.924105576473124,-0.21379797726008334,,0.2825917378071966,0.1,0,5
-0.73160632538093784,0.66506209568040664,0.14981519800002385,-0.67709162533783041,-0.7344527951739368,-0.046108812157394909,0.079366967687923035,-0.13517211454429676,0.98763828595779302,-20.339392591904311,8.8130673250051235,-1.0640790928174912,,0.09299677415124302,0.2,0,1
-0.85325926339739644,0.50667341729034487,0.12341263159765037,-0.51894714607036763,-0.84831183063020177,-0.10517080202345785,0.05140514577310179,-0.15378259402208339,0.98676665162736743,3.3479921359312241,22.149421305306284,-3.352031070342175,,0.3408011189886698,0.3333333333333333,0,3
0.77535165168724107,0.62579327450737821,0.084926991040548169,-0.63072835308806841,0.76056124672655312,0.15404004215971084,0.031805044201845947,-0.17300106230623405,0.98440798026236798,-8.5281019661464619,-27.677189688209754,0.56374333268042376,,0.148685359951669,0.4117647058823529,0,5
-0.35995127426936258,0.92587380198845604,0.11485984042868511,-0.92874007707778006,-0.36730454418670588,0.050291560418767728,0.088752179586872607,-0.088572425795148485,0.99210784494798854,1.5875812551799457,13.875771045114595,-2.8622213162599941,,0.1171838846390264,0.2285714285714286,0,4
-0.2739969121761508,-0.95955039528977892,-0.064720406497212099,0.95827289267658256,-0.27809427143890009,0.066156173968289586,-0.081478557174203256,-0.043893223760588032,0.99570810463142956,8.75715849928417,8.806408989418447,-3.1796255992613025,0.433330592120833,0.3265854851458929,0.660377358490566,1,6
-0.01635279580665925,-0.99320849505735265,-0.11519319170513094,0.99985160265020967,-0.016867995698917282,0.0034990568599530094,-0.0054183712602207355,-0.11511887797842131,0.99333694443822862,-14.409202643549664,-26.066547477583569,0.94124837285858209,,0.2330634836497067,0.5172413793103449,0,2
0.28178312484849516,-0.95877421637924953,-0.036746054985167247,0.95546379445413288,0.27689866800755425,0.10205912572108659,-0.087676724607660975,-0.063868064492341323,0.99409942274406049,-4.9789427641341586,18.040308739652701,-2.5397058679715143,,0.420655402719937,0.4615384615384616,1,3
0.38166750843967506,0.9195574345732177,0.093509558455670397,-0.92173361913090612,0.37112186424436372,0.11258639901707057,0.068826218589238305,-0.12916147413571841,0.98923215942153653,-6.7213568220969346,-26.832458223476472,0.40549237018391265,0.3157657584569656,0.2803818805505108,0.8095238095238095,1,5
-0.98195700533834596,0.14964014002156384,0.11562122712234209,-0.15984913363640549,-0.98350044072712606,-0.084706183748541275,0.10103808263541046,-0.10165978351284168,0.98967499426502858,-14.190732861763195,5.6602327986431495,-1.1870210906975638,0.6534517923484099,0.5641872472021483,0.3565217391304348,1,3
-0.97052693149859859,-0.24003148474128799,-0.02150259446689403,0.2408111285329087,-0.96246492161503816,-0.1251849632953799,0.0093528397089745526,-0.12667344233678796,0.99190037977406142,-1.0753237802628675,2.6744852821125003,-1.9424149491500373,0.6227133544707379,0.2704365723260337,0.1721311475409836,1,4
0.76328339549010582,0.61727053779870655,0.1907237303923946,-0.64540405149467439,0.71518321374081406,0.2682658776244593,0.029190212115622696,-0.32785675827875987,0.94427637774519602,9.8554123090400996,-27.457543892677137,-1.2918514938709382,,0.3673205080611489,0.4444444444444444,0,1
0.34304934903531814,-0.93853962955596226,-0.03821659167694582,0.9351497007240871,0.33741611540894506,0.10791386517954292,-0.088386545141755368,-0.072758015471117751,0.99342543244201775,-24.095273028965121,14.231681771683842,-1.2541361767588843,,0.6665239410705888,0.6285714285714286,0,1
-0.91061585986143212,0.40273275186383378,0.092655741025639657,-0.408241399682575,-0.91148343292311673,-0.050367758456220664,0.064169426941798599,-0.083691589080837528,0.99442345233963958,-11.349326042115907,17.370823043097086,-2.1430875256651589,,0.1657917212777801,0.25,1,4
-0.9507378633765533,-0.30977254108760938,0.011768089492862085,0.3099628572395785,-0.95050603599554573,0.021477957722080859,0.0045323585541599291,0.024067578277841683,0.99970005971880249,-11.033176422765886,9.1551879040593231,-1.6171036167493484,,0.08024578810553776,0.3773584905660378,0,5
-0.014696786963922497,0.99528093605343737,0.095915915162870166,-0.99665795365508159,-0.0222906854834257,0.078587841023561464,0.080355011474099458,-0.0944403709717027,0.9922822624947627,-14.628509071462698,14.214079624433738,-1.7487476088915759,,0.07764853143793231,0.4,0,2
-0.091164540963795421,0.98793996536798523,0.12515450970526357,-0.99304558411832977,-0.099589807802553804,0.062788040620298816,0.074494928243111713,-0.11856009029414091,0.9901484790956856,-13.041716298201647,12.487435948736277,-1.7057398487515283,0.2295505546186955,0.2035988274205619,0.3414634146341464,1,4
-0.96583892098338953,-0.25795483732360308,0.024788719510980731,0.25883737701190179,-0.96492110325922709,0.043937190927427254,0.012585347640778479,0.048852496214093558,0.99872671068636754,-14.867474201163784,9.0140545756009267,-1.3661118078734358,,0.4923710826385774,0.951171875,1,5
-0.21757278242286793,0.9734221548197276,0.071494005726982085,-0.97202090589603563,-0.22273772603956199,0.074587290470800538,0.088529333273339006,-0.053265503891762767,0.99464835155211262,-9.3848615937353195,9.9163346186645054,-1.8076532474279021,,0.08186992838217248,0.2602739726027397,0,5
-0.99234931562301076,-0.12338825764697446,0.0042630572817983362,0.12162975532105316,-0.98296676404303474,-0.13777715125269491,0.021190526257853063,-0.13620454713999494,0.99045407916536254,-5.4516989158351272,4.9760205945300946,-1.766958362676301,,0.1338884511109031,0.2676470588235294,0,5
-0.99493194250234585,0.092847609935682279,0.038597294176382503,-0.095704181474229461,-0.99216672008815088,-0.080286419759922886,0.030840548582257172,-0.083573446014569563,0.99602426661421928,4.9086730870494337,10.770698699193009,-2.9309758861555033,0.3342379119672781,0.334822602838855,0.582089552238806,1,5
-0.93739931365650653,0.34287627394490527,0.060978582485738522,-0.3476738350108054,-0.93149741750641035,-0.10693673656778964,0.020135322326475465,-0.12144308108965203,0.99239414893995759,4.1901312701740254,8.7488981731107014,-2.758900499154,,0.2838897425208423,0.3454545454545455,0,5
-0.27666121565255547,0.93613382580538529,0.21705306249076753,-0.95985887968206196,-0.28004715248927253,-0.015637246501402243,0.046146536697196039,-0.21266652902048552,0.97603455091775937,-10.441072403826656,14.543684989367861,-1.9892490621547385,,0.2140444529368074,0.1666666666666667,0,3
-0.9890870370240048,-0.14686323713421337,0.011748309220274535,0.14644020718829806,-0.98872921446007811,-0.031141711446313058,0.016189469099501246,-0.029081438265961108,0.99944593202366883,-17.763785820769115,10.639890321187448,-1.3311408619839378,,0.07648110162634329,0.2195121951219512,0,2
0.79592664722018214,0.6007927015222968,0.074490952755209699,-0.60512192239291562,0.7858423402401753,0.1275902634425764,0.018117154421732718,-0.14662859913190207,0.98902569361583037,-12.397303203546095,10.287378902332334,-1.5827565582196219,,0.08648216801072181,0.1363636363636364,0,4
-0.99471377425873775,0.092799205287748654,0.04396378962166729,-0.098943071124449555,-0.98071215620216257,-0.16856433594852263,0.027473186498803627,-0.17202317918020979,0.98470972872635654,-16.086283807740902,5.8603906021743963,-1.065645506432779,,0.6478431156753697,0.3142857142857143,0,2
-0.95142529641765416,0.30384605681818549,0.049673726381449144,-0.30786948050237134,-0.94024331565775432,-0.14546095811630208,0.0025076506493361974,-0.15368825952867232,0.98811620296970559,18.139112422115666,3.3858026810433643,-3.9577915265048875,0.905699765217197,0.426003102235638,0.3157894736842105,1,4
-0.74951179953704428,0.65345265336157132,0.105979678096616,-0.65776080693489125,-0.75318636594269373,-0.0078114671092070626,0.074718024700208774,-0.075564065353576459,0.9943376130933288,1.7208826574001037,9.7494323503488047,-2.6111707254793379,,0.1066840484835015,0.3333333333333333,0,5
-0.54324328964558266,-0.83181409469617063,-0.11389486432598971,0.8379626786107035,-0.54559170151060088,-0.012175569733766175,-0.052012282305432922,-0.10205394214608932,0.9934181976296903,-10.698236888613113,6.7744323324138893,-1.5117825413088986,,0.07878596684565189,0.21,0,2
0.98842865873297703,0.12965633741313018,0.078727509575372848,-0.1504951918527094,0.9031586087019825,0.40206432912746104,-0.018973239695531819,-0.40926001722146232,0.91222050759635109,-8.2586441153753629,20.131087100146718,-2.4885842893248262,,0.2798065687245592,0.3333333333333333,0,1
-0.99403483232032985,0.051252763248657775,0.096269966205819943,-0.067629716730887149,-0.9821684614842382,-0.17541760082894664,0.085562687830576259,-0.18088191597022824,0.97977587178198366,-23.01743919320883,7.1664273992320702,-0.800209478692266,,0.3496829447208149,0.2142857142857143,0,2
-0.75234588762217003,0.6374653398763217,0.166173420962484,-0.65412522463091882,-0.7527817526843078,-0.073755157969406751,0.078075962239086388,-0.16418761610397978,0.98333441455007231,-12.136562696654078,5.1946386247039946,-1.3027433033958831,0.7444780325597572,0.405209406383641,0.4717948717948718,1,5
0.90292969021221126,-0.42073597090575149,-0.087745184023262104,0.42799776481049601,0.86161318032938017,0.27283812196962448,-0.039190405082122223,-0.28390838358295623,0.95805017712060025,6.2061486332709244,11.810133708516851,-3.116355714694083,,0.1843641952556206,0.4,0,5
-0.25608198171866436,0.96409134176393008,0.070355549709083073,-0.96251778454895964,-0.2610363314347956,0.0736175800880908,0.089339426156678475,-0.048866332038420057,0.99480176343184434,-2.0838625358794181,12.593773138336569,-2.4524007588737087,0.3775645001490975,0.3396080822928716,0.8579234972677595,1,5
-0.97428998962322488,-0.22461712649941573,0.017497502768077291,0.22458278261435988,-0.97444709254209083,-0.0039290697950606253,0.01793292706628229,0.00010158449059870438,0.99983918697329721,-4.9384700920441116,-26.970744600985295,0.31220433368918404,,0.1163941211605655,0.6153846153846154,0,3
-0.93253906415582555,-0.35478147833777546,-0.067089466027390465,0.36106817864120555,-0.91671698452881389,-0.17105478844253777,-0.00081498226987876854,-0.18373914363809782,0.98297470104730533,6.6006319029878346,7.0703536257847297,-2.8592763338316995,,0.2256564789029533,0.2,0,4
0.72973333189649847,0.67675244381860544,0.097444312839596772,-0.68188875499069401,0.70987985369514717,0.17634715516559682,0.05016961367677935,-0.19513257827257605,0.97949287223553649,3.3519963695819768,23.857436999666682,-3.4476935734114265,,0.2235996352750349,0.2962962962962963,0,3
-0.83865753199021886,-0.54273582564453571,-0.045731472729607585,0.54313325063907136,-0.83963541742640635,0.0043171580258084706,-0.040740840520423503,-0.021217666345007484,0.99894444017100426,-16.395595162760085,8.3409157357506203,-1.2192139687839261,,0.5157445742704364,0.2745098039215687,1,4
0.68896984172695885,0.7176966289190152,0.10115387303020514,-0.72141121868643243,0.66558640502006283,0.191208239900443,0.069902866494056123,-0.20471024959867151,0.97632335983789942,-7.6646383461648506,-30.35660003048838,0.62117488166486545,,0.6474543360053936,0.4571428571428571,0,5
0.83086751786954904,0.53028128422474385,0.16870366726971978,-0.55644815207619791,0.79443651294208739,0.24338463582445441,-0.0049620359007351081,-0.29609523215576167,0.95514553430058324,-19.276679526408159,-30.750561051323732,1.4980493532540342,,0.2174249335376625,0.5,0,2
-0.99722212667965537,0.065595821893123504,0.035287649548688821,-0.064603447702751615,-0.99750210504218761,0.02856475067845941,0.037073233004733808,0.026205697597475694,0.99896888680679463,4.3115407067802716,2.6463645520490542,-2.3574228011749292,,0.07675582157544875,0.5,0,1
0.97395938598143039,-0.22633603043504236,-0.013233132115362008,0.2227307259853773,0.94427566171094746,0.24235201340690207,-0.042357268097716567,-0.23898844329226479,0.97009813205264872,1.8781575332852958,-27.124345736787628,-0.31749515935392325,,0.4446344875404323,0.4166666666666667,0,4
0.57371417346335463,-0.80496409930212953,-0.15127738099918295,0.81455625452486558,0.54141347629590042,0.208253585562437,-0.085733047196998979,-0.24270197057275902,0.9663051268095485,0.6004335853986289,-37.899798922592808,0.1121787507572926,,0.6428743316832051,0.1724137931034483,0,1
0.53521818398146215,0.84136188580487603,0.075177607373783747,-0.84252870139200031,0.52531797626021071,0.11910672167675855,0.060719707396313376,-0.12708737519021196,0.99003127031471438,7.6564392505671295,11.511367536424538,-3.263679453880262,,0.08332279618012979,0.3478260869565217,0,4
-0.073766074747150204,-0.97650563442109162,-0.20247299118711959,0.99417915993799744,-0.087991932088715225,0.062170876077736831,-0.078526200477141553,-0.19670832679669792,0.9773123707430843,6.5691433800706642,-29.070047124301986,-0.90734303908548408,,0.6537001515293358,0.5434782608695652,0,5
0.021651824478505326,-0.97562417807900315,-0.21837733775376428,0.99397645808612978,-0.0024654386541571815,0.10956606401069231,-0.10743369707547318,-0.21943423789352529,0.96969408370515664,-15.889781107538612,14.366305743003936,-1.6766539441011787,,0.3912838636299235,0.5306122448979592,0,2
0.99940058603099413,0.012983488460933541,0.032092018763070843,-0.02219262425964354,0.95175170537312381,0.30606564450754686,-0.026569833822867043,-0.30659439059893873,0.95146934978689146,22.331436638852008,2.3137527449920965,-4.1971899927392062,,0.6965926898890775,0.4722222222222222,0,2
0.96573565279408113,0.24461741142405088,0.086700466841807267,-0.259363489208428,0.92155994396356256,0.28889072354007156,-0.0092319763875571611,-0.30147900708021602,0.9534281194206029,0.426558206200705,3.1829783221227874,-2.1063320179034863,,0.3240080036920117,0.2037037037037037,0,1
0.86278449883793351,-0.50494266675029842,-0.025215310033238184,0.5008496634037648,0.84686128487814405,0.17881716596253724,-0.068938546788505473,-0.16690975846137626,0.98355915393892479,-11.497259855374891,20.62421721521164,-2.3855242882933863,,0.374044696677729,0.4782608695652174,0,1
-0.85767281928899908,-0.51404340814121285,-0.01251837047814512,0.51381602046795494,-0.85772084723536213,0.01755122013787291,-0.019759356349229654,0.0086210651557872518,0.999767595530204,2.9439625904220392,10.585951765246262,-2.7655530561191988,,0.08762425367238348,0.2926829268292683,0,5
-0.97213754337121061,0.2241544582502408,0.068581160785808642,-0.2273247872573341,-0.9728923598871061,-0.042472310647126262,0.057201729576959903,-0.056879125519291168,0.99674105323979001,8.0916834118393925,3.1522722287304807,-2.7380676522970564,,0.09963494811691158,0.2,0,4
0.96885275187114817,0.23341703862919541,0.082709317910862626,-0.24742238022285368,0.92634269494424226,0.28402707140041467,-0.010320414553740741,-0.29564454603630919,0.95524226845467008,-21.565570841651457,10.028804968138873,-1.0721239980303876,,0.2834660145036494,0.25,0,1
-0.046227817799990252,0.98708385154781519,0.1533898916975355,-0.99534670302766304,-0.058511853837009367,0.076559151853438617,0.084545429405807129,-0.14913696045610972,0.98519553256828207,-8.1315506683301528,9.6459639998232358,-1.8613469308912791,,0.08881647267351091,0.392156862745098,0,5
-0.88977343387173891,-0.45640215863644951,0.00055314381775727495,0.45625287113915686,-0.88945005478509731,0.026681784424273304,-0.011685630208502487,0.023993116404015802,0.99964382477553149,-15.620101984566794,12.155752066607793,-1.5698333101615092,,0.06663214283719003,0.2571428571428571,0,2
0.94162995945405525,0.32745395266474098,0.078146838341621741,-0.33604743646057855,0.92814931969896453,0.16003424880513137,-0.020128087510428314,-0.17695408790583733,0.98401326762731478,2.8297270383436395,19.796887803016276,-3.2023149590569129,0.1467696840207991,0.1020245309033111,0.4074074074074074,1,6
-0.98815221893752136,0.14605846761332839,0.047139328031924631,-0.14663884680172376,-0.98914842797429037,-0.0090794297537561981,0.045301664621906101,-0.015884315359471126,0.99884705921780037,-9.4003543690693512,-26.994424594963526,0.63937704107826887,0.2516902677445332,0.2031578529915958,0.6451612903225806,1,5
-0.68569912946839229,0.72378474640157331,0.077151440185511039,-0.72361491381314325,-0.68930075973737692,0.035297579699912755,0.078728396106396273,-0.031624413067827088,0.99639436778046331,-4.1380578819344054,8.8295689471312517,-2.0722717735879019,0.5867016886628353,0.3795805350114283,0.9446366782006921,1,5
0.65237075427429769,0.75367086992047971,0.079953854196603086,-0.75688629814939112,0.64240843733219044,0.12014379433880344,0.039185847461747608,-0.13889427445982433,0.98953163157171697,-20.317626039824439,-28.877516733671811,1.4782922405772623,0.4556062461293768,0.3354580087488007,0.75,1,2
0.73065384644702147,-0.67656127683548528,-0.091704936393358957,0.67652648743789867,0.69934353041171848,0.23071744248368542,-0.09196123350146608,-0.23061540529203928,0.96868966463717232,13.56287847095215,6.4491481820760583,-3.4859354316721216,,0.3082931429745382,0.3,0,3
-0.9946035803529113,-0.09954389324326185,0.029235787438420566,0.10090867855016618,-0.99365565231084896,0.049657660274731744,0.024107188604847053,0.052339831377981282,0.99833831215119428,8.3938196210958971,5.330948507690203,-2.9024033823904407,,0.0735253876003034,0.4736842105263158,0,5
0.18355467934775963,0.94542685976891028,0.2692131730005759,-0.97803981027390641,0.14814085907419619,0.14660291740664616,0.098720865114330952,-0.29021085214074266,0.95185705444190605,3.4687089506059143,18.38736539103251,-3.1835091909877709,,0.5588121660669186,0.3684210526315789,0,3
-0.99902833314726924,-0.032012559924540183,0.030291675029091133,0.032564940632818361,-0.99930894009733395,0.017921129515888718,0.02969704043455108,0.018890162747365599,0.99938043183805048,11.689480975888996,2.3224207714340639,-3.0477949127536532,0.1897846988107957,0.1474925656349858,0.4482758620689655,1,5
-0.54449223090266052,0.82405809852255829,0.15638561553426147,-0.8346722935784997,-0.55073182373676832,-0.004076843874915922,0.082766979037844343,-0.13275055021716231,0.98768766247128459,-2.017308663175009,6.1524255671080192,-2.0874853270998006,0.2710514232105597,0.1530375519013338,0.3823529411764706,1,5
0.62564404650321737,-0.77630040220158425,-0.076988392740324346,0.77523333261150729,0.60768277191385711,0.17243818813460951,-0.087079314898176885,-0.16756889407270534,0.98200705631686502,-0.66219557130002382,11.145225267833677,-2.5212142664042085,,0.091041554384607,0.35,0,5
-0.99231562513653693,0.11213617103801676,0.052298941239914853,-0.11572520291239251,-0.99070003121151262,-0.071562039996029253,0.043787869561888633,-0.077064436041798121,0.9960641019416322,5.7407206681195557,2.261595507553114,-2.4601362672015035,,0.08582223061983386,0.1904761904761905,0,5
0.61065633062125191,-0.79080617135027431,-0.041526440089520035,0.78735786168107369,0.60071581816604747,0.13859330234215231,-0.084654849366089149,-0.11732904652905224,0.98947837334597055,19.906499311852102,0.33875942987293883,-3.804313572032052,,0.7756624142776016,0.2631578947368421,0,1
-0.059395531621041657,0.97685412876990763,0.20549496813459647,-0.99466907853217035,-0.075299243962876516,0.07045174284985968,0.084294691620631759,-0.20021497187724041,0.97611903474974748,10.082861670825569,22.030482031026235,-3.9320814295214745,,0.2558401398260324,0.1666666666666667,0,1
0.9913476627634743,-0.13029385101710311,0.015916152818128183,0.12441500650385678,0.97135180175885438,0.20247613038694851,-0.041841578484114704,-0.19874403036811,0.9791578487164353,-19.11734219236758,-28.317564404809858,1.3699279437694116,,0.1162492816566332,0.3333333333333333,0,1
-0.7791624435734581,-0.6218754623135585,-0.078592594415365216,0.62605909767137136,-0.77825715658542283,-0.048639535837457754,-0.030917515222737561,-0.087101708340727876,0.99571953865362162,9.8656981786382545,3.1512026891189211,-2.9074372347336843,0.5965447708188945,0.2218384056710487,0.5882352941176471,1,4
0.95345602073328561,-0.3011414773708318,0.015343634978729389,0.29649356512503133,0.94557283441212903,0.1341028734265631,-0.054892461840371158,-0.12331190302936977,0.99084862224477988,-15.811767277030418,13.239378095931265,-1.6220236173471925,,0.07832895107130855,0.1851851851851852,0,1
0.4925711482903749,0.86448172177649973,0.10022483018813332,-0.86834227442262724,0.480543322464828,0.12271841624223866,0.057925454874696879,-0.14747700820400095,0.98736780063396679,-1.4905484552536548,16.793904486404358,-2.7433927528753532,,0.1839260308916039,0.6904761904761905,1,5
-0.83881985463487974,-0.54252797809088926,-0.045217744956270831,0.54411097057729618,-0.83821204340981537,-0.036658177534815831,-0.018013971459719183,-0.055353078246407034,0.99830432913059886,6.8188921576653465,3.6482598547062821,-2.6463672691177211,0.4100134444307386,0.1565393785990953,0.3043478260869565,1,5
0.91765720155555053,-0.39722179384655415,-0.010959330570863762,0.39146156113921693,0.89892268696240041,0.1967126051241895,-0.068286942995589378,-0.18480489538327685,0.98039994087040472,-16.818777883482831,15.668698580407989,-1.7302642801344987,,0.1926546599326617,0.4444444444444444,1,5
0.32629525323786207,0.93830856104249738,0.11449214815347553,-0.94256031980930366,0.31380432991161139,0.11448530931830408,0.071494414015520799,-0.1452717687752251,0.98680528067167061,11.331873335412579,6.7799891154358027,-3.3172625147661643,0.5150275693384267,0.2591836719990109,0.6111111111111112,1,5
0.85538877186322959,0.4851275172815967,0.18155258452170048,-0.5176662564426493,0.78830740453516168,0.33255538320058786,0.018212520719778889,-0.37844778758929298,0.92544344838450321,-11.710730890788975,-26.546101038857312,0.82680373829463649,,0.5633476828580122,0.1666666666666667,0,3
0.31654457884623871,0.94028807362489841,0.12513140373956771,-0.94609522773791899,0.30341989180683782,0.11331455911515394,0.068580971519745432,-0.1542553333104055,0.98564798102096451,17.197290821845819,11.402616727638213,-4.1153322788266875,,0.2392267696554002,0.3,1,5
-0.9550002482728549,0.28794854168727235,0.07113482367279883,-0.28797838815945465,-0.95758408247914173,0.010058475812196504,0.071013898300751235,-0.010879444965405443,0.99741599341767972,-8.7867916847694261,11.919081358550008,-1.9546504432708411,,0.09859922550423243,0.25,0,5
-0.033157803933693858,0.9914726783901,0.12602574357747801,-0.99645055422979989,-0.042556367895333895,0.072630906139756354,0.077374756952250365,-0.12317014068969205,0.98936457558832258,-7.294532027381722,10.662124272829139,-1.982903512572173,,0.1358416691558551,0.2380952380952381,1,5
0.57840558666179953,-0.7951337440799584,-0.18223420739204549,0.81395620504915656,0.54774492995963497,0.19352206066877856,-0.054058057497429216,-0.26026490491209547,0.96402277239217904,6.7787285277601814,-26.415276763107538,-1.0269573856997385,,0.3050523750260138,0.1111111111111111,0,3
0.044708250669855142,-0.99624647163601476,-0.074122466734665896,0.9948771136448169,0.037667009365442532,0.093812180185842378,-0.090668081857943228,-0.077936924228852719,0.99282684027676571,-17.521462306642842,9.1829737298543108,-1.2410016405158353,,0.1749494409991717,0.3529411764705883,1,5
0.85900997786767008,0.50453850985673221,0.086849006875922452,-0.50948975753567616,0.82583599342158298,0.24169215737302294,0.0502199650539885,-0.25186465421121784,0.96645856148571685,-21.643670457057382,16.310111607157076,-1.5187722678172371,,0.4452228182521458,0.8947368421052632,0,2
0.98813170733400379,-0.15359668898919765,0.0019457884629578248,0.14949881473191237,0.96452524541154505,0.21758022740486321,-0.035296364613657039,-0.21470702851875711,0.9760405004658903,4.76195040696558,-37.726404814682397,-0.24458631734805347,,0.42590791156441,0.4838709677419355,0,3
-0.98334388326054611,0.17702199270327959,0.041207054656074375,-0.1753401573481847,-0.98363727841986814,0.041394851417391812,0.047860594179162656,0.033480122492520074,0.99829276513591081,0.92087611594943708,6.0180497497210599,-2.3069468220448099,0.2762804380165935,0.2023741898288009,0.694560669456067,1,3
-0.62341536120320606,0.77986679098495226,0.056223444706880052,-0.77724103639838327,-0.62593417672809959,0.06405292922327871,0.085144927941963489,-0.0037675884260089548,0.99636145375220608,-1.3703129899538811,15.220964217751437,-2.6629134436426543,,0.09240830965334215,0.5151515151515151,1,5
-0.96532393651155823,0.25089750613051665,0.072111989400619567,-0.25249013465211678,-0.96750188106583768,-0.013741980840481886,0.066320656670329006,-0.031473028954194869,0.9973018695195871,-1.6543401176114758,14.092445838627725,-2.5943832732313235,0.2548121433308958,0.1303501929761929,0.2,1,4
-0.91137880091565393,0.40414743604912307,0.077804441881325931,-0.40836112157199195,-0.91152618071968272,-0.048592347659417952,0.051282313032950159,-0.076058344693458069,0.9957837378529949,-2.20942211865475,-30.501066202907289,0.19974265161333996,0.6474714646462482,0.5227733561490329,0.4347826086956522,1,4
0.99460059815392321,0.096002447700008819,0.039410407095917928,-0.10313041092006905,0.95668175663012001,0.27225747900575004,-0.011565833100845154,-0.27485186294932723,0.96141701926789747,10.835644898984176,8.0579756429104119,-3.3272702893730983,,0.4102753421587949,0.2962962962962963,0,3
0.064241656920727655,0.99097968391073832,0.11761069505896632,-0.99469324814526194,0.054095940310042119,0.087515549111006105,0.08036387005556711,-0.12260870816604347,0.98919601347333908,10.537589590336543,-31.95401097018468,-1.0415727424965442,,0.0758824752192718,0.1818181818181818,0,1
0.92551912942204917,-0.37848186102180814,0.012877187244111672,0.37367231718916361,0.91822448988932281,0.13127370465547555,-0.061508864729665366,-0.11668447645235708,0.99126252451845787,5.3195044231040542,13.016885468447315,-3.0853915946200483,,0.1220445073996691,0.4615384615384616,0,5
-0.22698937562793892,-0.97383789323029335,-0.01075086325938048,0.97117275214748466,-0.22716571774576175,0.072244184314953927,-0.072796351820119481,0.0059577168308273228,0.99732903134915529,0.69756733414762173,8.1950499949090663,-2.4267658442997306,,0.08915505025950961,0.2241379310344828,0,5
-0.97249742305415876,-0.23215900559169442,0.018733880422762968,0.22749171909779553,-0.96403527089507912,-0.13741729953750192,0.049962785099996826,-0.12937616702053523,0.9903360679648725,-9.4161731871000605,-29.469969113049682,0.67817990314706877,,0.2211262169951821,0.15,0,2
-0.99404422949597437,-0.10633476036332661,0.023853480757076748,0.10643249297781211,-0.99431581130153357,0.0028621380646714658,0.023413548306104696,0.0053838772503814096,0.99971136815656481,-5.4257202325499136,8.0120430584185911,-1.9383190248407465,,0.06621837297475525,0.2345679012345679,0,5
-0.99945965903585865,0.0032049240769762084,0.032712664544286077,-0.0039768241697585981,-0.99971454677504801,-0.023558646732872869,0.032627822934559965,-0.023676009546000305,0.99918710547250844,-4.4172369913423211,4.2803272520188642,-1.792861411253329,,0.07478346951416545,0.2263157894736842,0,5
-0.38340736654731727,-0.91685396276495579,-0.11125467288814311,0.91685386289787352,-0.39235461816801126,0.073734982820103961,-0.11125549589345267,-0.073733741017465632,0.99105274837874857,-14.26195647089588,10.833339147547413,-1.5246766465727302,,0.1961422739351174,0.4339622641509434,0,5
0.32426573177282003,-0.9411404638149683,-0.095427263232183174,0.94084044497640318,0.31037642210288474,0.13596225100819878,-0.098341203442108158,-0.13386972761890098,0.98610745039919456,-4.3435989500125656,12.374139600003238,-2.2962917559224145,0.9208834591106914,0.3196872911444479,0.4848484848484849,1,4
-0.92313316299003334,-0.38420932653210321,0.014434569400036052,0.38446602820157116,-0.92212353404461378,0.043290427579097984,-0.0033221298778785499,0.045512430904315511,0.99895824841995018,1.2476686376270594,12.351173255453554,-2.7477027111532193,,0.08077888225544512,0.3023255813953488,0,4
-0.95153269187893663,-0.30744998582903849,-0.0077487095279235082,0.30751445919564929,-0.95075811815393474,-0.038650461187360749,0.0045159352554498414,-0.039160017595915315,0.99922274761469276,-20.188537329373617,13.347793218569766,-1.395934679580233,,0.08053480654655852,0.1176470588235294,0,2
0.4805969409416343,-0.87249258141694563,-0.088222875321181574,0.87616624072659188,0.47350635380926387,0.090135739378380333,-0.036868671912266157,-0.12061686563101245,0.99201425027908507,7.9161966091603579,21.865589574266689,-3.7667010542338994,,0.1737909933267077,0.2857142857142857,0,4
0.98816216068150331,-0.15254678285596349,-0.016279534316376326,0.15289330702342038,0.97052737038163683,0.18628005799748845,-0.012616689926628838,-0.18656393644110603,0.98236180542348783,9.6655446002855108,6.9888347581358934,-3.1188759130744184,0.5700261663057159,0.2807617286533771,0.7317073170731707,1,5
0.34783840709037878,0.93333786742329095,0.088819298503042265,-0.93465597216533525,0.33775991925579735,0.11106957567214649,0.073665841802706883,-0.12164975206740772,0.98983568412814782,8.7564910422931295,10.113004027677917,-3.267003898846534,0.3994013389891723,0.3205804275374238,0.8247422680412371,1,5
-0.90829206132943774,-0.41472839456753119,-0.054825998078987699,0.41818760791428661,-0.8966393527326304,-0.14545444550832662,0.011164941237914783,-0.15504267112845369,0.98784468122094293,-6.4094237540011019,4.0604387803600375,-1.6356190103286743,,0.106964999963145,0.3758169934640523,0,5
-0.39388186545412646,-0.91894433766182726,-0.019959467569111423,0.91696922943353865,-0.39434868147428048,0.060469411205651767,-0.063439012747986107,0.0055155868918429695,0.99797047549654427,-20.110081135650081,11.443242113324645,-1.245326739512657,,0.06495680271648704,0.3684210526315789,0,1
-0.99113131684471745,-0.13278371681283832,-0.0052151048910659831,0.13205740022840223,-0.97981575899042261,-0.15007305380693139,0.014817415920882935,-0.1494307966364046,0.98866115590835135,-10.66098160490926,37.153060440373629,-3.6776054826977775,,0.4670656416308709,0.1875,0,2
-0.53296152074547098,-0.84506299678265151,-0.042667890425931394,0.8444200890966761,-0.53441491688236265,0.036815889824629341,-0.053914103299941077,-0.016408171206500035,0.99841075784619915,13.384870782340831,4.2436094378494946,-3.3209886882638946,,0.08916842028418562,0.5,0,2
-0.16648329176025936,0.96645593842449107,0.19556644049709832,-0.982245090271606,-0.17994096487664654,0.053064411770850813,0.086474829875480372,-0.18325983805323587,0.97925376463647507,-18.081164850174702,13.026986386271563,-1.478412384230535,,0.3621347720666143,0.4838709677419355,0,4
0.95902055420652921,0.26744269075868926,0.093562726387984851,-0.28313805385279811,0.91694720819876807,0.28114170775061953,-0.010602785947609191,-0.29611184464022516,0.95509442276348366,7.8492760316625834,9.0026397839222572,-3.1042685480968535,,0.2184497168120852,0.2631578947368421,0,2
-0.17474754680861418,-0.95776491551761866,-0.22836300376352661,0.97459831440984712,-0.20124944455383972,0.098268950418005874,-0.14007648065916259,-0.20538994052849863,0.96860391899674037,29.773350583514443,-3.3344843663938777,-5.0890222263938636,,0.4464972467733609,0.1052631578947368,0,2
-0.99564614061080647,-0.092692356990533104,0.0098432536462810388,0.091880664299402587,-0.99371593637923938,-0.06392637416459189,0.015706884309307275,-0.062743643036330551,0.99790607225521133,15.953730221848273,3.7153308560000617,-3.7138046559449744,,0.2571847874302978,0.2307692307692308,0,5
0.98557596034472783,0.15694629066263524,0.063307884483742777,-0.16833630851543308,0.94764284817585864,0.27135939183404639,-0.017404413979340082,-0.27810230877931624,0.96039376936007326,21.291776697788844,1.6034681773395718,-4.038587864511892,,0.3317171301305958,0.125,0,1
-0.76497095151674732,0.60886777407056503,0.20999875483897096,-0.63910119863055226,-0.75799486605358712,-0.13035889285122307,0.07980664912495837,-0.23393122223157953,0.96897217814583625,11.438216873427157,4.2888668816598274,-3.1115552411519043,,0.3357957215514956,0.3478260869565217,0,3
-0.11192128214180895,-0.94924883939270688,-0.29393922418645219,0.990610904190938,-0.12994829431402938,0.042467367505976988,-0.078509000132130788,-0.28642639842806772,0.95488023080477458,3.710458957244545,0.25084056316870174,-2.1366944388238451,,0.2611067965535415,0.3413173652694611,0,1
-0.36107330681261435,0.88833433365356973,0.28370438621859639,-0.92833845533738024,-0.37124728540213825,-0.019056899625836232,0.088395585009713576,-0.2702546294401082,0.958722408112473,8.3421610561443966,4.2973959248320774,-2.82160737311079,,0.2944343859953729,0.1304347826086956,0,1
-0.10038003833119657,-0.98309718861030282,-0.15311357108742898,0.99169916297400884,-0.1112886885543122,0.064401847461938957,-0.080353083707329229,-0.14537794037053559,0.98610782188984947,-21.894448192623646,8.3542221343741048,-0.9561714593147872,1.163492516636213,0.3813689670488907,0.2444444444444444,1,3
0.057527870143966015,-0.99463749464798679,-0.085946485658675159,0.99479701741099802,0.049860299293108611,0.088841683373210689,-0.084079951872507511,-0.090610180414672517,0.99233076990403712,14.868928120111354,18.154804035817754,-4.2494173287628794,,0.2972138972716663,0.5625,0,4
0.81433277979603036,0.55227520825984189,0.17847750023803235,-0.57992022518679953,0.76175836653980311,0.28881953435649382,0.02355113944081241,-0.33869792640073576,0.94060037129637608,0.70737429762103521,-29.759363518180177,-0.10914389156412097,,0.3441901277708831,0.1111111111111111,0,4
0.94847815728536577,0.29493745043840103,0.11576305749872651,-0.31681823599277331,0.88736080450929655,0.33498807137425396,-0.0039230721361262636,-0.35440471631950737,0.93508390348433712,-13.724517827975518,15.219551115686674,-1.8494505882041494,,0.3782647568195836,0.2857142857142857,0,1
-0.93703106468933184,-0.34856969744963751,-0.021724406252980298,0.34924493205235735,-0.93505816167448952,-0.060780027325328327,0.00087249236138887824,-0.064539912502199009,0.99791474508160638,14.458263534541715,11.04872271943429,-3.8557156654762927,,0.7269964922454211,0.4117647058823529,0,1
-0.4654199159894028,0.87050532407849046,0.1600149447752347,-0.88101061528214208,-0.47297853188386502,0.010564285927920622,0.084879900804610595,-0.13605803588170659,0.98705805974695005,7.1503383060722783,33.673513634223958,-4.3004260769587566,,0.3721002856968335,0.88,0,4
0.95626902232959266,0.28714868114729292,0.055634448394640268,-0.2924835709234776,0.93990551271014466,0.17615614640690791,-0.0017081196259773929,-0.18472482803470472,0.98278879736945157,3.3481584061310086,-27.764740537955497,-0.46591806467468461,,0.1202836103082151,0.3636363636363636,0,3
0.85712984087942667,-0.50110150815924759,-0.11927159927885651,0.51038361762190232,0.79493635905526372,0.3280011401125621,-0.069548535118924962,-0.34201383535244367,0.93711767547641722,-9.4036675042898441,15.029819394332741,-2.0776432112626972,,0.4658338142693249,0.1153846153846154,0,1
-0.96610578816234527,-0.25772456275239808,0.014753163501381254,0.25790117261779483,-0.96610109607789885,0.011647202215489569,0.011251277331025067,0.015057287643110061,0.99982332781709626,-7.3848264924503662,7.2595097761225329,-1.7475680861649081,0.310984337389854,0.2765762857189354,0.5595667870036101,1,4
-0.87153865929664998,0.47870702358048245,0.10611291592503408,-0.48449123220393903,-0.87404717758695449,-0.036190845110163454,0.075422882926249241,-0.082952498015397225,0.99369526103534334,5.9600864684066117,8.9839201780876881,-2.9484326733405584,,0.1221688056499881,0.1666666666666667,0,4
-0.66430775855514301,0.73889649255656342,0.11281478276826003,-0.7422196871797403,-0.66993382651320266,0.017280163662010538,0.088346691427859128,-0.072254005985732117,0.99346576223479599,2.6466278669329806,30.239166718898122,-3.8008728988922549,,0.2569283973067364,0.2380952380952381,0,3
0.21659485633287198,-0.96109492810497632,-0.17141530672910288,0.97144188484684646,0.19475164578612114,0.13554505091962302,-0.096888247870154903,-0.19587836949108761,0.97583007321467818,20.198549916702884,2.0466031650178804,-3.9908628500958092,,0.4485988137384327,0.16,0,2
0.97427933073621265,-0.21807846357099003,-0.056758870907670754,0.22533311428318362,0.94526559186594905,0.23600412801847079,0.002184790067503006,-0.24272359704164184,0.97009302756566984,15.88498655744916,-26.424634144786811,-1.8713275666204958,,0.2653132599231064,0.6,0,2
-0.89202609666738741,0.44977801617245233,0.044600213366260015,-0.44871227574540817,-0.89309850661703416,0.032130220568778477,0.054283850818816468,0.0086483320007243701,0.99848809201406308,6.8580126383356879,10.160289893722787,-3.0974961289021805,,0.07893399766230232,0.1612903225806452,0,3
-0.39088237103983925,0.90104426459289244,0.18796330826660743,-0.9161918256566135,-0.40047768700469732,0.014496924203786217,0.088337481344421293,-0.1665438544516791,0.98206905761972918,-0.18669538539683236,13.259290418400902,-2.6484399032322203,,0.7592839109056748,0.4720812182741117,0,1
0.90214651279611036,0.39474097034500288,0.17410122280128407,-0.43137233490884819,0.81873188531197871,0.37894064000682365,0.0070411735602338129,-0.41696242792915778,0.90889644931109514,0.24278661835930268,-28.374186070180773,-0.10288248146247957,,0.1427378851995587,0.5,0,1
0.030725347255717038,0.97345191431308264,0.22682002459265085,-0.99619517534451496,0.01130834408762142,0.086413505740176685,0.081554433701223103,-0.2286120991421737,0.97009555326755437,19.360770051618434,-1.5782528846562853,-3.687795343903697,,0.712124538169693,0.5555555555555556,0,1
0.99291420099967165,-0.11841107738916599,0.010010304926465704,0.11159896973589009,0.95809521763425565,0.26381664826211448,-0.040829638831023064,-0.26083015680305316,0.96452090174087113,20.309680115768334,-27.312688142376221,-2.2021898363032602,,0.730484760736154,0.5294117647058824,0,1
-0.2086940837948216,-0.9552838182038792,-0.20947459527794307,0.97603127784576627,-0.21696243205354754,0.017036658832381413,-0.061722962143769267,-0.20089830699940664,0.97766566176222613,16.246151411884021,-30.142468359141361,-1.7322589050212776,,0.1941468228791678,0.1428571428571428,0,2
0.15874043272453975,0.9418579413735807,0.2961504571834182,-0.98480531282744888,0.129649125841972,0.11554046908007556,0.070427060461567242,-0.3099914876894756,0.94812726293193883,4.4813691155273458,-23.545654596285303,-0.75987566136814066,,0.4589523181371084,0.2,0,2
0.98113360498645663,0.17104021655687249,0.090122658008169529,-0.19272953812290236,0.90205045005894668,0.38621277902651585,-0.015237266855051085,-0.39629563443044619,0.91799651188343745,8.9187989104533258,-30.357040237286206,-1.0109827960942495,0.6589340697227698,0.6715303912130458,0.2678571428571428,1,2
