axis_00,axis_01,axis_02,axis_10,axis_11,axis_12,axis_20,axis_21,axis_22,location_x,location_y,location_z,dbh,dbh_approximation,score,reconstructed,number_clusters
0.34624066874376869,-0.93700794176954139,-0.046190002908387547,0.93112946011287256,0.33722409107268397,0.13884466468004242,-0.11452217173010301,-0.09108254202102109,0.98923639375086214,1.9513766586656678,2.6441489676428098,-2.1358445973866473,,0.1317939495197527,0.3867924528301887,1,4
0.46914572007199679,0.87890090261073917,0.086229326381200372,-0.87836123682532685,0.45426399478484458,0.14874730479842929,0.091563262178723973,-0.14552465918923385,0.98510849280018276,-7.698406452692276,-11.590316831499061,0.52316690927019815,0.4679298525677123,0.4610541417369259,0.7352941176470589,1,5
0.24531899018898209,-0.95513271936724864,-0.16595204562397525,0.96272151403569173,0.21990012376903195,0.15751578327008706,-0.11395560304558425,-0.19840721751107801,0.97347249399971669,-0.53207931592859581,-14.708386987950771,0.62160869284923259,,0.571723653563511,0.5,0,3
0.99804131012393138,-0.048811536109779244,0.03912770410732621,0.038180236715458553,0.97073269238367854,0.2371082231005211,-0.049556158148693359,-0.23514989661945132,0.97069496408985434,-9.326033112553306,10.177760882716365,-2.891452109360316,,0.07833134190217746,0.2954545454545455,0,5
0.6004256671515108,0.78876634505567877,0.1316687933155383,-0.79227863193476589,0.56439858939189269,0.23183787799239827,0.10855223445530587,-0.24351978400111235,0.96380212035189716,-10.20734652186824,13.069611953214304,-3.2912563926630489,,0.3040833717997849,0.2631578947368421,0,3
-0.86066198078544232,0.49661244557106188,0.11241456193219791,-0.49908853356338689,-0.86652324172063844,0.0069359371035454922,0.10085430330941235,-0.050135321499770492,0.993637186825296,-16.795724279748903,30.266904704902117,-5.8309627328138394,,0.1869154268867338,0.1538461538461539,0,1
-0.7075692213837208,-0.69979408108440688,-0.098153150890158788,0.70434686104763966,-0.70962323575657038,-0.01817587980573453,-0.056932383427822759,-0.081994556853526357,0.99500532479159232,-14.929963427839841,-10.814745699922547,0.7843645821269154,,0.4394742602832285,0.25,0,1
-0.91220318937622069,0.40291667418252725,0.074454650341955322,-0.40006851405616595,-0.91509146507808892,0.050525187799050623,0.088490255693737738,0.016302276127249025,0.99594362814384685,0.56360572248916718,6.4995701928467229,-2.648113041657187,0.2301769504318665,0.1476624053568871,0.3706896551724138,1,5
-0.83632262548592429,0.5097413664006667,0.20181230259900435,-0.53815223844061821,-0.83357565583603532,-0.12467475389538842,0.10467394308844334,-0.21287405989811231,0.97145663838424234,-21.589511098943078,14.799011372775473,-3.2866215788089139,,0.5832146115258123,0.2972972972972973,0,1
-0.48425987849379759,-0.87153541751247932,-0.076931047714959566,0.86671963876746705,-0.48987415075767582,0.093916900471841078,-0.11953843673046802,-0.02119746307450468,0.99260325896263379,-5.2836230488938867,17.155918161651961,-4.2273711153839848,0.1461380936309754,0.1546258677463377,0.68,1,4
-0.79658497803970574,0.593535979280855,0.11474935320339977,-0.59648325439681671,-0.80255770086778544,0.010433791352967344,0.098285807651281559,-0.060134666182919252,0.9933396810444074,2.6668326995186242,11.485403811142879,-3.5692038731734534,0.7301276197932594,0.5955821056945649,0.68,1,5
-0.96748250477095254,-0.25209284593172226,0.020659138224254123,0.25258264137988551,-0.96722319614939001,0.026101687763804487,0.013401948950956404,0.030471065957789149,0.99944579738158523,-24.079066402487747,14.504031982455629,-3.1655474172367914,,0.09616965097963301,0.2777777777777778,0,2
-0.98381102353581618,-0.17768927103895452,0.023289330755818065,0.17790957318679254,-0.98401640646177047,0.0077392236404200615,0.021541906552165983,0.011757328425627839,0.99969881038760333,6.9741395445702903,11.125657858737515,-3.7239327800506712,,0.08100002228937421,0.5,0,4
-0.91910309374267274,-0.38622180584570615,-0.077988587382570182,0.39392353137246033,-0.9050194603692282,-0.16051176836618875,-0.0085880442300549399,-0.17824840263596312,0.9839480435744713,-2.6808125305648134,-18.402056801934012,1.2216444234431048,,0.7404779212702697,0.1904761904761905,0,1
0.21673820998913657,0.97398585559773132,0.066152108252580208,-0.96998980260171153,0.20720846102080423,0.12721806683833742,0.11020132113272861,-0.091739886510426846,0.98966633874435517,-10.942358630246769,7.2231604522586039,-2.4441357235299477,,0.1209474405596438,0.53125,0,5
0.62696555206048643,-0.77845411407109755,0.030387313393457606,0.76905988862435659,0.62468272919285728,0.13534539355757821,-0.12434260829893233,-0.061487235536704911,0.99033238643774157,-4.2227063398332572,11.301424526186297,-3.2363136312775809,,0.06739213270518854,0.2413793103448276,0,1
0.99483791247041309,0.077579933002930451,0.065413163100178792,-0.096267981643743505,0.92539289261981228,0.36657941840612851,-0.032093669496485358,-0.37098429654635839,0.92808439707510082,7.6274724239623932,-6.1522560218930096,-1.0948984415441998,0.8276966555867694,0.5475083480706143,0.125,1,2
0.69221281674217461,0.7086093033544596,0.13680011526812347,-0.7196728423642974,0.66358574458798214,0.20426688312819216,0.053966807401935595,-0.23984748232808445,0.96930942888208926,3.0806203848104201,-12.1339668917898,0.016538397286791913,0.3445735181527783,0.2122628685403548,0.3513513513513514,1,5
0.3733122312088325,0.91115461085256322,0.17445702379669051,-0.92248298015492158,0.34466150845721549,0.17387810647834079,0.098301217461329402,-0.22584445910872525,0.9691909775351345,13.865142531625484,11.683838796590107,-4.1091947637202075,0.4764545557820822,0.4031888734207819,0.3478260869565217,1,4
0.54405965446252968,-0.81936441128251092,-0.18066835337097101,0.8282012443235176,0.48992097491650416,0.27213992216843225,-0.13446855129394014,-0.297690107092136,0.9451448613056006,4.0468170387847469,14.178843368153748,-4.1061952322928086,0.9348668689936308,0.6546216551313699,0.5,1,2
-0.77927496569242782,0.61101827102229533,0.13923792702417934,-0.61659610723825831,-0.78727014507271997,0.0038677145454295752,0.1119811072623066,-0.082839550663335856,0.99025140265601497,-15.448953237230098,-9.5794171511868917,0.62531602719406232,,0.6422671854808111,0.5769230769230769,0,1
-0.93716050980986298,-0.34822066933407242,0.02173808412551349,0.34856656973010108,-0.93716705335281991,0.014807450036476795,0.015215956082610402,0.021454126841303222,0.99965403771603345,-4.5844560240143926,-23.735149576108618,2.0877332916272953,,0.6397326687469926,0.7391304347826086,1,5
-0.82052399250550634,-0.57121508936416521,-0.021300220785497648,0.56977837093305705,-0.82030611999602077,0.049502298067305037,-0.045749161081857406,0.028481418148707464,0.99854685572613144,-7.6940129361672653,9.441464174411772,-2.8417053242718633,0.2979280034250663,0.2101645651247871,0.3818181818181818,1,6
-0.68280076632715569,-0.7288302428123894,-0.05088802084069368,0.7288093455822785,-0.68434859075760524,0.022448699739875802,-0.05118643663100847,-0.021759675781447958,0.99845203450887243,22.666820328010537,-11.445482367717906,-1.2682191330094617,,0.6699050501283271,0.6206896551724138,0,3
0.97938222422202181,-0.20118509853592473,-0.018303415118952591,0.19043897513714853,0.88922794609294808,0.41594068884401109,-0.067405160237469952,-0.41085060060125045,0.90920752766293889,-9.7310438978400313,7.2824285454120039,-2.5198605764089121,0.7123070260384937,0.3229171537232471,0.1976744186046512,1,1
-0.65975434312959536,0.74752528205104551,0.077007528308212433,-0.74800290713557849,-0.66309165493734823,0.028303852549986058,0.072220894749086856,-0.038928265398715273,0.99662868336943211,-7.3484207818054008,17.722854911924291,-4.3007361232397043,,0.1327247390581305,0.3888888888888889,0,2
0.2128212506126608,-0.97571885491864274,-0.051767088424180582,0.96827815719416988,0.20350567506235814,0.14499258780392202,-0.13093710546795784,-0.080982444848669843,0.98807758705377302,-15.510651566684903,-2.8049340387737374,-0.58322096749812768,0.2255556283486646,0.1431944103613846,0.4647887323943662,1,1
0.84938101467159421,0.52276237628042255,0.072604337756767501,-0.52701637122902234,0.83268996671884055,0.16994459032981749,0.02838373428649215,-0.18261138319234668,0.98277537940087401,4.5290750771161861,2.0497886040435724,-2.1906108701823115,,0.1290796493186606,0.2142857142857143,0,1
-0.77632147618453451,-0.6240062133010531,-0.08911347471816769,0.62906960521258637,-0.77594004238973735,-0.046781218602049576,-0.039954942276838129,-0.092375843042934155,0.9949222613901858,-6.8597463812182271,4.5997997185596144,-2.0428959644934772,0.6148814355170559,0.5565013928699962,0.4863945578231292,1,5
-0.76057426672846884,-0.64924053934413772,-0.0036751683750266963,0.64801606200052853,-0.75876652471417061,-0.065943493708680828,0.040024594686002279,-0.052536492510567065,0.9978165907494766,5.5150097622378436,-8.5317808932681718,-0.63489025847072134,,0.5782806285178275,0.3111111111111111,0,2
0.99703244601144925,-0.063560892577496003,0.043431722682585175,0.056591976723951352,0.98763162378909231,0.14622285683912492,-0.052188598092885383,-0.14333104557796086,0.988297810177998,-4.2474816963424828,13.225898011883201,-3.5013441573683113,,0.08308831604276341,0.2068965517241379,1,4
-0.63130688037338967,-0.77541394375495354,-0.013595536900343307,0.77299940133298761,-0.63056356818547155,0.06972454385687514,-0.062638233787852493,0.03350824238297552,0.99747363341611317,-4.4876554355961797,5.56272526778349,-2.3975522881502314,0.3572685242777119,0.3270905930042226,0.8373570520965693,1,5
-0.79438004604375945,-0.60725144099419281,0.014353740209126426,0.60605306420538663,-0.79078462036924269,0.085786756289852953,-0.040743414373078081,0.076846415648027286,0.9962101196972829,-11.467414699879919,14.122118963610333,-3.3760835453009892,,0.09210452464848017,0.5263157894736842,0,1
-0.82493229198570983,-0.56084881249769447,-0.07025185520062277,0.56480290070320571,-0.82275465722230434,-0.063815808200266361,-0.02200902079711933,-0.092322172520659454,0.99548592127895907,14.206422329172726,-1.8377232787258473,-2.1193404003145195,,0.3416113102992389,0.2121212121212121,0,5
0.0092714323366457733,0.99197434358768655,0.12609893816446544,-0.98869432381428624,-0.0097795353704989187,0.14962584918839558,0.14965819255837062,-0.126060550338779,0.98066873257407694,5.384071768330454,0.60027429576701496,-2.031429758048398,,0.1485294461463939,0.2597402597402597,0,2
-0.79259084115460832,-0.6058772473028774,-0.068647794709805476,0.60836623009575708,-0.79335056814217231,-0.022031933813669354,-0.041113119522946238,-0.05922530902563064,0.99739765097673638,-20.450818384093431,15.324932564793746,-3.3252855582001262,,0.6356816637087629,0.3461538461538461,0,1
-0.96110158457764028,0.26773874908056078,0.067821135076951686,-0.26552896557707834,-0.96327679351855422,0.039902224351288283,0.07601389716306052,0.02034161521094938,0.99689924572581279,-11.967521816715173,-1.4844191434285912,-0.86905226238818156,,0.1277607087566107,0.2323232323232323,0,1
0.96019234788584251,0.27385215289217868,0.055096764131771843,-0.27930018167488607,0.94451327794541218,0.17287589855497074,-0.0046971882918364028,-0.18138265115807428,0.98340137801460292,-5.64779300921459,-6.1295222132179186,-0.43056251069136398,0.1955869549827119,0.2191700663074366,0.4063926940639269,1,5
-0.71104113748559605,0.68523572097351237,0.15771020101788377,-0.69308537167435591,-0.72082054271341034,0.0071001953047682047,0.11854606013786748,-0.10425810234344503,0.98745991296939939,-9.3799581697709389,18.992131791967257,-4.4049813522472752,,0.5733482904319012,0.3191489361702128,0,1
0.26680570357513611,-0.96375033795746645,-5.1250810336505646e-05,0.95461488685246298,0.26426932979688972,0.1373759044678558,-0.13238253034080952,-0.036701599632327442,0.99051898429307894,15.494476855802079,-1.406069774759976,-2.2437331822425883,0.3989094513067014,0.253682791810074,0.4444444444444444,1,5
0.40679416763798781,0.90669727848373727,0.11143854972988675,-0.90845371312451351,0.38868746067977494,0.1537332398038635,0.096074743226304327,-0.16377454961163024,0.98180830135699459,18.766034504522388,-0.32879122264533256,-2.5939166671234704,0.2366079132665033,0.22788242589012,0.6153846153846154,1,5
0.99934016195838082,-0.028470280892609282,0.022554019661554091,0.023160461239880682,0.97782945429245749,0.2081181187529613,-0.027979166037496978,-0.20745843300288289,0.97784363005740105,-9.8962824180308093,14.287818277750723,-3.4459211158051737,,0.1129963298795289,0.3214285714285715,0,3
0.38735426183563687,-0.92190055639138069,-0.0074859844396941537,0.91141959344615486,0.38170257862479007,0.15367975193118849,-0.13882002924727571,-0.066351379762959614,0.98809235088798131,14.723810431944976,0.77766265901239728,-2.4882749416335805,0.3009485272910581,0.221995213646012,0.671875,1,5
0.95523004691535396,0.29284079612869918,0.042187979245278083,-0.29500910307584999,0.93190428347115706,0.21100719312500085,0.02247635585394054,-0.21400624890600381,0.97657367303071829,-7.3215403429843953,-2.6839325215051573,-0.84771885406932745,0.3221088202945271,0.3064523428037669,0.8488372093023255,1,5
-0.051310456201135106,-0.99856179132672351,-0.015543036601574427,0.99159207501468272,-0.05279129833921116,0.11814497698902615,-0.1187955969407474,-0.0093502792486048168,0.99287470429327884,-12.296325372928228,-5.0185194793988934,-0.28887006387571734,,0.1187466516151567,0.1590909090909091,0,2
0.95016872711933287,-0.30719773878695017,-0.05299942724797254,0.30401665971837372,0.87554922842127225,0.3754829146906673,-0.068943894712374512,-0.37288483194560373,0.92531272631839967,3.4099602846342334,7.03702555610485,-2.8327306391356619,,0.3530229654958815,0.1636363636363636,0,2
-0.022242479175952359,-0.99250819458832529,-0.120136404953412,0.99180204816965856,-0.037030322493320479,0.12230066419488843,-0.12583310123563476,-0.1164312625159736,0.98519530639480779,7.9663891721928302,-9.0182643400970637,-0.68146121150128314,0.8989483742262288,0.3464274415872678,0.4240506329113924,1,4
-0.58551937348231531,-0.80297178017853654,-0.11137047864577687,0.80695223252943815,-0.59043783168218011,0.01453483175691222,-0.077428403655462358,-0.081360230797103625,0.99367265996001397,15.249405493328609,-9.8196980281512367,-1.0252996828465337,0.6443841491294704,0.2481001905388477,0.375,1,4
-0.65219120255027785,0.75279527617109032,0.089139819892770103,-0.74962417981704199,-0.65795202542468001,0.071852079115288695,0.11273963078550001,-0.019960070492218762,0.99342406415200957,-9.9251694200807119,4.1497225586382829,-1.8874714015292191,0.6655722488674894,0.6926979762455373,0.7642585551330798,1,5
0.6806492518683287,-0.73258875643839627,0.0055054401394722561,0.72275604943905813,0.67270410848934126,0.15840730860919067,-0.11975094542562531,-0.10384072592969289,0.98735850363890842,-18.232831170289845,5.7376970951487136,-1.9145004589990338,0.1793412212670284,0.1067670742639132,0.4736842105263158,1,5
0.79393388579361623,-0.59536995837455364,-0.12330286960866928,0.60080585978687784,0.737118263436496,0.30933636151302385,-0.093280779555065835,-0.3196737061027195,0.94292492691208052,-21.582522686037063,11.637353627639238,-2.8137743987705104,,0.3851255778853186,0.6451612903225806,0,2
0.97456241852874137,-0.22228202406544498,-0.028614579654099408,0.21290094558100384,0.87833241166681164,0.42802495486394049,-0.070009140561260133,-0.42322910626861759,0.90331381249538212,-15.226048869314324,-8.2221103830496798,0.45033930696400326,,0.7245418371382981,0.282051282051282,0,1
0.25026097121136126,-0.96780143694778631,0.027015272164952458,0.95926183021484901,0.25163783747698509,0.12843340625695929,-0.13109609979402484,-0.0062271495651453988,0.99135010729161099,-7.5763253346500603,-3.6058005672620133,-0.71785176843241827,,0.07149435040127657,0.3,0,2
0.93019667215432178,-0.36451318103069102,-0.0431774474455471,0.35176195120569598,0.85162924392434614,0.3885758105914589,-0.10486982786763746,-0.37664010905337003,0.92040455640727825,21.431686406632583,-9.3961748714712101,-1.4932382610926807,,0.5034655143928326,0.4482758620689655,0,6
-0.24902823813041183,0.96264591561516366,0.10629100509030545,-0.95953435218495076,-0.26012908505611504,0.10782711201213102,0.13144871087489265,-0.075137874985341954,0.98847131276128453,-10.106837552327637,-11.582605393498518,0.6670739089316049,,0.1998850859378601,0.125,0,1
-0.47211834551716891,-0.88083764924206032,-0.035061424726493588,0.87558643373199363,-0.47317415543902019,0.097234848120715631,-0.10223827507650733,0.015207047783532216,0.9946436954040826,-0.97816957924204606,5.8454825084819513,-2.5451739217644889,0.1423753082532359,0.1649337858713837,0.1304347826086956,1,5
-0.95856841746025256,-0.2838831219853658,-0.023600044482773603,0.2847761288126629,-0.95702263957419487,-0.054865506476418947,-0.0070103855971383362,-0.059313071023867063,0.99821481360451536,-19.898276427068556,11.331896959910791,-2.7803616110554543,,0.3543269510339432,0.1666666666666667,0,5
-0.84709548387692868,0.52607292809177642,0.075342654082909855,-0.5194023207195001,-0.84954888747331547,0.092129892130892427,0.11247431007350099,0.038909666174317653,0.99289252562988606,2.8397632658123828,9.4874613807765815,-3.259023173649191,,0.08101840822168119,0.1944444444444444,0,5
-0.30351131604091575,0.94378043875082474,0.13099375735664678,-0.94492930673780617,-0.31580235518569305,0.085892244860510863,0.12243155762759848,-0.097710572050674432,0.98765538413275,-30.369341932729309,8.9589543222179753,-2.1740496344757534,,0.2932023018675743,0.5526315789473685,0,3
-0.8720954321133807,0.46618654224300365,0.14872681371725702,-0.48069727555201652,-0.87302906703109295,-0.082160680350689602,0.091540627941063338,-0.14314452818858173,0.98545926221524982,3.1408092771505256,-14.090795217509937,0.32998482878586094,,0.2695241200848802,0.32,0,5
-0.97177032412201392,-0.23578038352995562,-0.0083694622445241139,0.23573507186019649,-0.96892328655016235,-0.074944250452583211,0.0095610172504532968,-0.074801574337032287,0.99715260187487731,12.551568755692607,8.3650625673316554,-3.5717499542936473,,0.3711803386415939,0.4545454545454545,0,5
0.64494943219769185,-0.76351589980710066,-0.032919608892397353,0.75540727287701337,0.63039120861806752,0.17879255068812494,-0.1157587231805379,-0.14017986602506693,0.98333591573216028,8.0121141878229913,15.40185425523007,-4.4821121265901196,,0.271824633805938,0.5,1,4
0.99062819676818836,-0.13616059350340087,0.010773511247926594,0.12297397810757114,0.92344965043517391,0.36348059620776707,-0.059440528902476794,-0.35874926604518215,0.93153947186141151,-25.47866655631438,12.433425550147044,-2.8059278113343753,,0.1321305674871011,0.625,0,1
0.95683261963418342,-0.28971104071604514,0.023213162025257313,0.27945498412412983,0.93901573626990498,0.20038552563912751,-0.079851423607643038,-0.18524837360882018,0.97944208109674302,-13.764731661509268,-3.1629396344481706,-0.60612033013520905,0.2916275564949223,0.3553910316836651,0.7236024844720497,1,2
0.99462212000238071,0.091796056345875718,0.047961676798388898,-0.098035229157120179,0.98379759281064727,0.15010459761141734,-0.03340557208130461,-0.15399928707406213,0.98750609483415352,-8.148074048939991,-5.9231107439512796,-0.32495437102514468,,0.07287447314046779,0.2716049382716049,0,5
-0.23230283630502416,0.95599189268176599,0.17920628719823181,-0.96398308847087266,-0.25082510758689347,0.088449819367707683,0.12950674649143945,-0.15220468629696413,0.97982740116943257,-17.101470447474359,6.4570517602970607,-2.1374934711178346,,0.1305899946827928,0.4084507042253521,0,5
-0.8938016951246901,-0.44838984013467792,0.0080672830759691214,0.4481581580591989,-0.89238827722876612,0.052890717802467097,-0.016516511653975732,0.050889231952075217,0.99856771974368941,16.271468330693278,-1.1018509821876226,-2.3271521175796437,,0.1881012954233734,0.2142857142857143,0,1
0.94140439390206654,0.3293214164923135,0.072836610172214183,-0.33724830743697592,0.92206276335542936,0.18990481711700952,-0.0046202026771466299,-0.20334125275714721,0.97909702719106262,-22.824224018116336,16.460370048947237,-3.4490162647994103,0.5342212442835645,0.2936997430366817,0.9090909090909091,1,2
-0.73968169607541767,0.66258800295039222,0.11767806438417062,-0.66729490174525063,-0.74479316930981199,-0.0008056390272981321,0.087112011776734152,-0.079121888852942884,0.99305147102683111,-13.184027207082348,-9.0055199864705369,0.44725475866448894,,0.1890849259489954,0.15,0,2
0.25273517931130307,0.96445972046155048,0.077086813046811559,-0.9611071559563773,0.24108890853705844,0.13471886634713159,0.11134614455799528,-0.10813688449201962,0.98788078749636199,-5.1953714912175091,-10.31472800806541,0.22823210317525611,0.1724837814640228,0.1544206508246054,0.6,1,5
-0.97021072636439931,0.23159947173339862,0.071083269060137524,-0.23127827926548714,-0.97280303624525311,0.012830051130578625,0.07212145303209451,-0.003992162926103212,0.99738786770629584,-16.942226010316567,-9.0288088180408916,0.58727942362850427,,0.2744834081979475,0.4411764705882353,0,1
0.66596934603064173,-0.72979174569378291,-0.15456014384291256,0.73660276692714155,0.6105822057022493,0.29087064794347489,-0.11790332439248781,-0.30756036480177107,0.94419565138810246,-21.316728402627515,21.037223723078192,-4.2547744241522523,,0.2811293352493218,0.3571428571428572,0,2
-0.97135536638350883,-0.2375365876123619,0.0067172720233038578,0.23726559507204101,-0.9710400999276172,-0.028038575706946629,0.013182928091688929,-0.025641643434822968,0.99958427184949827,-18.022244757578783,7.542539130482866,-2.2709322901068187,,0.1110976773663694,0.3225806451612903,0,2
0.54335455674283806,0.8332361900969989,0.10238787613497857,-0.83561579448048129,0.52507724753007157,0.1613695390741324,0.080697395754434464,-0.17323780083712059,0.9815684360652448,-18.299336996487153,-10.084488291781081,0.84479239413529539,,0.4309545025613161,0.4,0,1
-0.99860449951791053,-0.038348251960306119,0.036310674934130517,0.034428088369354758,-0.99408177987538615,-0.10303456532162582,0.040046975838571343,-0.10164067341066441,0.99401479527963366,-26.332783074377513,15.75372915155055,-3.2649163201312681,,0.3015562789302215,0.2352941176470588,0,1
-0.062804400303081445,0.99378954922607898,0.091858255761791435,-0.98994011167367979,-0.073723426432405426,0.12076188013843539,0.1267839997873329,-0.083349794505410121,0.98842229292637529,-8.9374270249383745,-8.4362516223750532,0.16839825398520475,,0.06934060529396738,0.2941176470588235,0,3
0.97808293903297594,-0.20818082154364781,-0.0038091881062957008,0.19548655767163739,0.91183641058270126,0.36102543692287176,-0.07168521564667879,-0.3538574654816099,0.93254818855682842,15.25456498812726,-0.23545715109216556,-2.4041879356581157,0.2421483530951568,0.1030425698180886,0.2352941176470588,1,5
0.98243826748713015,0.17933135388291377,0.05152975927955232,-0.18592201623059282,0.96417181073149827,0.1892240028947082,-0.015749744684871742,-0.19548141831198815,0.98058093018225501,-12.411738588569294,7.5829898702131899,-2.48823913634451,,0.1307096485629387,0.2647058823529412,0,5
0.51678317071532343,0.84542068766163803,0.13490372618701432,-0.85256052412395478,0.49386044302833881,0.17100413888950616,0.077946822712059924,-0.20338565260503788,0.97599107021709919,2.6263357165103187,-6.5026857015330171,-0.79238282779570612,0.6081244752276327,0.6727235169089895,0.7979002624671916,1,5
0.47609538228110249,0.84708656934246984,0.23617267202243195,-0.87491731740316225,0.42920713952693568,0.22427866391424603,0.088616446998650331,-0.31340959688355091,0.94547424602821695,6.3192005679618131,-9.9149041201872326,-0.44577996081812804,,0.482330510258848,0.2580645161290323,0,1
-0.96652890066568509,-0.25654997085507725,-0.001999157883210275,0.25606423687032104,-0.96415727498619674,-0.06951155074670938,0.015905683701216304,-0.06769683556453153,0.99757914356733957,0.32082267832107342,-11.742262919179746,0.1174994368459011,0.5549528858551017,0.3352574566983397,0.5600000000000001,1,4
0.96525575040544309,0.24735074828475931,0.084255229108911034,-0.26130688810316088,0.91396797974402211,0.31045328510497949,-0.000215729153362715,-0.32168329040471033,0.94684730243864135,-1.9626124486010126,15.245986275104285,-4.0393293163055439,0.7389989804822557,0.6854282920930362,0.3103448275862069,1,5
0.89051272941341464,-0.45480643464203319,0.011755243973362802,0.44512287405302808,0.87631393517350775,0.18422680048107565,-0.094088818397529347,-0.15882378294488542,0.98281346156004268,-18.711621936509186,6.7288117609362157,-2.119739098530701,,0.09910083567807262,0.3103448275862069,1,5
0.78246310069570368,-0.62252597183516023,0.014591450933818927,0.61261069306770777,0.77377809250653706,0.16116948314134374,-0.11162273419320866,-0.11717029464686955,0.98681887257165812,-16.19126571538386,21.18138634433258,-4.5524294423839908,,0.2407817030559154,0.3333333333333333,0,1
-0.95577234281385237,0.28993598549236976,0.049359426948535089,-0.28356480285334151,-0.95297314262065502,0.10692610544884767,0.078039933975272799,0.088200418141190937,0.99304101372745646,-4.1669809895210355,14.985960243900552,-3.8574586934437574,,0.4037496963505504,0.64,0,1
0.80303277935066419,0.59320166446228628,0.057010004100340732,-0.59464954160101047,0.7913460123913767,0.14199792725943361,0.039118767389270011,-0.14792996299411573,0.98822388560816732,4.2580546716378898,3.1278023032091169,-2.2926844190568145,,0.06874625569745446,0.3636363636363636,0,4
0.15054588706840469,0.95663241181732206,0.24937996019600231,-0.9821991970928835,0.11606824773316697,0.14769190600112786,0.11234176924403927,-0.26717520567733211,0.95707718411546805,11.398082059255259,-7.3001911975865283,-1.142707955470704,,0.2581364454127837,0.1333333333333333,0,4
0.98535252190037548,-0.17047599378734374,0.0042828876691342532,0.15825533052827917,0.92349608615821799,0.3494427409602856,-0.063526828536878813,-0.34364649626130289,0.9369479322050801,-4.0430517316507633,8.2518310157482233,-2.7805099963714919,,0.07453332941196462,0.125,0,3
-0.28601728886008687,0.94643492804784635,0.14985004986384007,-0.95050211115353622,-0.30003546312944551,0.080774114401655439,0.12140777226272692,-0.11932999554080657,0.98540372690508682,3.9911039136925122,7.5342053285853634,-2.9779147841800451,,0.145163962972808,0.2325581395348837,0,4
-0.38020398282870277,0.89141496686594857,0.24662580620967353,-0.91658223438876807,-0.39882801370997523,0.028517066522508145,0.12378182032950104,-0.21521053024314532,0.96869112137377378,-6.7305163365072911,-5.6913144850446651,-0.44999494455547512,0.8854970768733802,0.3524289286856397,0.2537313432835821,1,3
-0.55062162685374094,0.81797297997374419,0.16654137045734627,-0.82488985159866013,-0.56375724646080672,0.04164732635438495,0.12795529207687811,-0.11444636777023776,0.98515454225909105,-21.00031953169756,9.7124670943240208,-2.5908141822821094,1.02886561116452,0.9381423399345069,0.8,1,1
0.88437611183391351,-0.46640970903036277,0.018462831303509467,0.45667263726772211,0.87274322126015558,0.17253803092475262,-0.09658672366569325,-0.14415704306990951,0.98482980851762802,-9.9600065482181321,11.767548561811662,-3.1031483338400183,0.4215616586141112,0.2307697001020093,0.5909090909090909,1,2
-0.27430633345576194,0.95495377813426152,0.11322242292565668,-0.95176255739290883,-0.28643366795529607,0.11001721777333441,0.13749207166584718,-0.077582443173537075,0.98745981930418758,4.5253735571827951,11.629676568788476,-3.6722693641077013,,0.09816213821090532,0.1875,0,4
-0.93729785124580656,0.34362275511837181,0.05827641216524701,-0.33823598393942939,-0.93714663369714346,0.08574733884289619,0.084078280301873032,0.060659616838320628,0.99461110674801356,-13.32361143980113,6.4664784312392705,-2.2092269604052244,,0.1690221148933959,0.4146341463414634,0,1
-0.60800177414390166,0.77907254522919334,0.15290458432622089,-0.78397441590978889,-0.61954610452062386,0.039328610097808116,0.1253712799518813,-0.095961417472996996,0.98745807430989185,-18.784420405200059,9.1053076656129601,-2.5390198951795502,,0.4070426404907606,0.3809523809523809,0,1
-0.95451506995536151,0.28926768272977238,0.072285468499976913,-0.29150749598178038,-0.95630601781064584,-0.022409374948434396,0.062644720564033488,-0.042461842014858857,0.99713220335026864,-3.3292954586134873,2.3499712987639363,-1.8670285005694691,,0.3197475025163862,0.3041044776119403,0,4
-0.32544926261089452,0.94155014437962792,0.086983349468313459,-0.9362501252372355,-0.33375547239577447,0.10974054692379638,0.1323573966927635,-0.04572319175839689,0.99014691297611956,-0.13257421837921837,9.1743902828989938,-3.084190336033247,,0.08096156539539616,0.3333333333333333,0,3
0.92730728667380968,0.34996512613104386,0.13276146494272681,-0.37418474408236407,0.87558503202154958,0.30551044007666495,-0.0093259518373244588,-0.33297937202160771,0.94288799145520108,6.6153561475146319,13.117380331318691,-4.0441089725010029,,0.5527396252575301,0.5555555555555556,0,4
-0.73625121675158656,-0.67342944322636267,-0.066535184884682422,0.67312369286587526,-0.73890941846916292,0.030288040546888467,-0.069560333052787582,-0.022486802649423189,0.99732427212626829,10.92703467302635,3.837610200544217,-2.7238966250742958,0.7257910513001761,0.4616122073441569,0.5,1,3
0.029145170972619889,0.96525782274951144,0.25966881720732027,-0.98861424413863119,-0.010529639801146512,0.1501033076646226,0.14762261105663657,-0.26108707801522862,0.95396074468412495,-5.8667420671144566,6.5756826097684957,-2.4971249372932407,,0.1971508032318268,0.2023809523809524,0,4
0.68478299834735867,0.71893452270789693,0.11918639701397143,-0.72823152312536921,0.66893392461155021,0.14901762724690065,0.027406092404947537,-0.18884002902605085,0.98162536109074439,5.0123437022040793,3.7810621739692705,-2.4542505340447791,0.3288495331276003,0.1339240099318023,0.16,1,4
-0.92845314051885675,-0.37049770299733809,0.026574761228805286,0.37135429133402598,-0.92745662089424141,0.043820162793381821,0.0084116685904216445,0.050553619387056874,0.99868592430172631,11.14200017507858,-9.2562684164719542,-0.84649294715113965,,0.4086566417515627,0.3333333333333333,0,3
-0.92978431437561093,-0.36701449601936903,-0.028310571395245475,0.36807256078465866,-0.92796680204660165,-0.058311270752991903,-0.0048701887540996405,-0.064637249408166009,0.99789694219916691,5.5653230822780282,-14.751585575800551,0.31546449840272123,,0.3251520507388076,0.5333333333333333,0,1
0.30338197295237873,0.94385773264329009,0.13073621922401324,-0.94702876666453828,0.28350362126933681,0.15087150770445673,0.10533704760133361,-0.16958265611978005,0.97987031241179812,3.7841168499334512,-17.251550644885537,0.73749998887061574,,0.6044709830953565,0.4848484848484849,0,1
-0.94217945427552652,-0.33147067555725929,-0.049244971181690259,0.33508120237963063,-0.92998985211148455,-0.15112730653816422,0.0042969469268598392,-0.15889010735496872,0.98728692386349104,-11.416838317437708,5.4944824162450283,-2.121550099154057,0.8537270409953464,0.5716324842573683,0.2971576227390181,1,2
0.81551792747598473,0.56398468087949238,0.12981444333559836,-0.57759640061926121,0.77913404208909032,0.24358272198493322,0.036234071768820805,-0.27362643182114643,0.96115330091087914,23.940085710754424,-11.763414822959646,-1.3332832115064721,,0.4573680045934091,0.2666666666666667,0,1
0.67930980188087331,0.70673465855597761,0.19764694650900475,-0.73111392837239286,0.62852537412014364,0.26538326591369676,0.063329430823710453,-0.32477988928333934,0.9436669999044397,-2.7133020524930074,-23.563245874454115,1.9549162154427795,,0.1206795136899445,0.2857142857142857,0,2
-0.77577660936074055,0.61421979252719983,0.1445845733008734,-0.6209218910736235,-0.78387086015388474,-0.0015747339976868364,0.11236840104899337,-0.090997368475421933,0.98949119317770606,-7.5108864312953445,-13.358943398559667,0.78433036778104326,,0.6239064323163649,0.375,0,1
0.85419777564616917,-0.51994820109076867,-0.00016811784512645744,0.51071937247370192,0.83897544188296647,0.18784549634566361,-0.097528881164527015,-0.16054306618398112,0.98219857525809973,33.67744569413982,-8.8771907001209431,-2.4812610305833096,,0.243028994341475,0.3333333333333333,0,3
0.10541426431518584,0.9546574244596675,0.27841881186967926,-0.98867220833941938,0.070531630533802459,0.13248605040342951,0.10684145888251913,-0.28923086110973506,0.95127830399183266,2.535844372254092,16.75472637008745,-4.4593376271956302,,0.5442676890771676,0.125,0,2
0.14325616911193398,-0.98960291987275917,0.012795741115071089,0.98118087580313251,0.1437045793975118,0.12896930959877051,-0.12946721194793781,-0.0059207127522952607,0.99156602714641962,12.166525882446328,4.6560608280425715,-2.886393198868074,0.2575957205927227,0.2033873896326615,0.6410256410256411,1,3
-0.70204769203473727,0.66892606352297723,0.24426821252130126,-0.70207037120997351,-0.707590467725287,-0.080080733347033681,0.11927376902650298,-0.22771396866236102,0.9663954245019214,-1.2577699341063131,20.085736875142555,-4.7962338581254507,,0.6668192930846164,0.25,0,1
-0.96030163237238197,-0.27895576673544881,0.0021107031949161924,0.27896046714056,-0.96022612016565723,0.012118412615926647,-0.0013537487432167565,0.01222613416608535,0.99992434164175326,-12.330318550828615,-15.179315074545762,1.2361248758022458,,0.1474195111673606,0.2,0,3
0.62604252368828928,-0.77909373585064001,0.03291974016136362,0.76980301628814807,0.62420900019186953,0.13329081061024625,-0.12439483368559774,-0.058104000187256567,0.99053008561808598,-11.489162353959182,-5.9940075436672533,-0.150325966990834,,0.08017298703908143,0.3478260869565217,0,1
0.25789714101479272,-0.96479874787415798,-0.051501851974982894,0.95712960137840575,0.24784423036028164,0.14992052441988735,-0.13187869737607563,-0.087958021678392409,0.98735575939010622,-3.9551119224436944,-20.084329129724001,1.5380997257587883,,0.09564466668902522,0.2631578947368421,0,3
-0.85998772481344032,-0.51028222492014852,-0.0057588280705234132,0.50966537213616026,-0.85940785150429788,0.040735159482649906,-0.025735609872554865,0.032096661871765221,0.99915338296038325,-13.047454811535102,-7.4163459848592517,0.22186272624061984,,0.152771933903574,0.2727272727272727,0,1
-0.14362519592695455,0.949385558498821,0.27935437066354712,-0.98114447571618901,-0.17349354639145503,0.085179264684083558,0.12933414424098935,-0.26185310896454639,0.95640244063838176,3.5258920906588687,16.633527901538326,-4.4771050857887884,,0.4026108740864368,0.1538461538461539,0,2
-0.011949202856859445,-0.99221588935768978,-0.12395501384460027,0.99223065831212143,-0.027118130539060478,0.12142045833203487,-0.12383673629654721,-0.12154108730053349,0.9848310651280372,-13.948089539613461,8.4391695195871055,-2.5394960852204496,0.5342412537235945,0.4813480307054004,0.4318181818181818,1,2
0.96903253979411619,-0.24672669904606373,0.010093205536302918,0.23942543695080631,0.94878768393096846,0.20610043901414801,-0.060426790094133376,-0.19730146172479854,0.97847878681153733,-1.9256111818644319,10.758146208257415,-3.2320591170413508,,0.1191820499853536,0.5714285714285714,0,2
-0.043371917122490958,0.99015318210651782,0.13309978500906147,-0.99125314090515937,-0.059270773527593336,0.1179160127001361,0.12464384241019569,-0.12682133641378862,0.98406313881754792,12.10878282918012,-17.002942140344786,0.26633710686561168,,0.1390131827104474,0.4210526315789473,0,2
-0.082137778206800419,-0.98433141954249881,-0.15602897773394561,0.98914883304720624,-0.099651861995887034,0.1079541221172363,-0.12181121242562595,-0.14546876950810536,0.98183545751067536,2.5297720345389449,6.6513009420336706,-2.7567703079922272,,0.4747686624866834,0.2358490566037736,0,2
0.7694088153071037,-0.63865505435950642,-0.011392825320160586,0.62864800812965382,0.75395150062652772,0.1906798798447974,-0.11318903128103221,-0.15387285739877446,0.98158615870110899,8.1538569172534299,-17.33510657445397,0.51485619661370774,0.3755379978193056,0.3970331149702246,0.64,1,2
-0.46825442636463577,0.88091914728100595,0.068696784085074264,-0.87359587949864348,-0.47321737628185012,0.11355859328079765,0.13254445108309043,-0.0068389135560539861,0.99115346831278128,15.482959315832451,-2.3514843328792119,-2.10319891573748,,0.08542127441618919,0.2727272727272727,0,2
0.95339235026185887,0.29157142850900292,0.077647463187077062,-0.30169571829665415,0.92523374882027209,0.23004826364363529,-0.0047665525943729331,-0.24275216192900342,0.97007662988815491,15.832401460025915,7.8900234929243096,-3.7125481756095144,,0.1333540959240913,0.625,0,2
0.46980259785618456,0.86828701276253006,0.15925822589588004,-0.87824181478833463,0.44147056772537474,0.18383430743342979,0.089313122243451157,-0.22623306853808597,0.96996998144013158,23.317272422367072,-12.784275209771025,-1.1393978758178864,,0.41259698899165,0.2727272727272727,0,1
-0.87150184966754618,-0.49016300187440937,-0.014991918473398536,0.49036463215660636,-0.8713697532140704,-0.016039972367980538,-0.0052013032944988108,-0.021330372174841367,0.99975895178133867,-1.8747668785238618,7.9551095482144305,-2.8190726018053285,0.7481929791695393,0.4124495919984219,0.2716049382716049,1,2
0.32258090833649689,-0.93613165266175402,-0.13999673732474305,0.93494577909909049,0.29204412112831818,0.2014612157691458,-0.14770899675238014,-0.19587690062679872,0.96944019520506985,9.6504639273069515,-15.003904632280102,0.097530339749254152,,0.5010815226870691,0.1724137931034483,0,2
-0.5007332486712337,0.85186917775066329,0.15357446947185791,-0.85609482721488817,-0.51359981676813959,0.05759231747069532,0.12793693950952673,-0.10263592068152194,0.98645730130340337,14.781572959077709,-8.5909610297400256,-1.1596791863715512,,0.6108564349022459,0.684931506849315,0,2
-0.69274919791126766,-0.71040680864895278,-0.12418017159959868,0.71872857390122558,-0.69426513286970704,-0.037751322351922502,-0.059395166901071286,-0.11540403591997311,0.99154128640323191,9.0237542562564634,6.2704175500115458,-2.9744969721414947,,0.6961710693293559,0.3396226415094339,0,1
0.066616461276611999,-0.99756008021912868,-0.02088380808633809,0.98815408479725475,0.063059318068562797,0.13991078265533194,-0.13825249287257479,-0.029956781501576331,0.98994385671945329,25.850892187056598,0.67577717803237347,-3.1315900826208445,,0.1393998919994698,0.3333333333333333,0,2
0.96007163019384689,-0.27868808793006822,-0.024401117654959153,0.27675433000992927,0.93341699502778663,0.2283413107916559,-0.04085958538316059,-0.22597712946043663,0.97327531112380361,-8.8354978228100407,-13.946118860852835,0.90089822758914018,,0.1924315613993918,0.2142857142857143,0,2
0.98480837872381255,0.1540622167025677,0.080107993234554434,-0.1722266816365855,0.92544944112273153,0.33746303806205891,-0.022145593869358191,-0.34613316124046178,0.93792398805119526,12.471365086472888,-11.585504560609701,-0.5975698253437266,,0.07599802650577193,0.1333333333333333,0,1
0.30889203065050436,0.93427671329211281,0.17808070193228634,-0.94529727907203909,0.2809327179948749,0.16580066989916664,0.10487500931875157,-0.21955370860019652,0.96994711271300393,-8.5434798188985734,-2.8740400002158686,-0.78969082204892638,,0.2962539770893169,0.1904761904761905,0,1
0.88462204485859031,0.45502830057157956,0.10194647335315825,-0.46630866576721969,0.86334252502253728,0.19286241914407595,-0.00025686689460585426,-0.21814887156859167,0.97591546962467446,16.618083901823375,11.890916181973754,-4.3307020982421172,,0.1804735614696028,0.2727272727272727,0,2
-0.33279626157585318,0.91421902346774797,0.2311930479292453,-0.93372402124869247,-0.35376697607573809,0.054848689878610968,0.1319321811549713,-0.19761706345330154,0.9713605900013581,-0.98606098660029518,-18.289991350444488,1.1393889183790751,,0.7014821858461218,0.4634146341463415,0,1
0.64467789663125641,-0.76424004667286738,0.018098636870008802,0.75444582155472317,0.63987770718062775,0.14617804962401706,-0.12329603373068353,-0.080583316602856364,0.98909272424356975,21.187084694688576,-0.35741882587168966,-2.7164014459483692,,0.3889431530188701,0.65,0,1
0.23688735317442053,0.96189200343849479,0.13655824994153648,-0.96522419407964744,0.21701410553208164,0.14576396387106436,0.11057412477298556,-0.16633896633437495,0.97984933087158832,8.2897605505320335,-13.93708382837324,-0.011847629388435031,,0.08108142060854256,0.12,0,1
