axis_00,axis_01,axis_02,axis_10,axis_11,axis_12,axis_20,axis_21,axis_22,location_x,location_y,location_z,dbh,dbh_approximation,score,reconstructed,number_clusters
-0.88282761843945279,-0.44906016212488548,-0.13769664815417762,0.46267772029249665,-0.88191848499950654,-0.090272437438640177,-0.080899463938038124,-0.14340417221457213,0.98635212785596571,6.0734498715902987,8.7739907468458842,-1.0800964986275772,0.6781208531748992,0.2237647966692954,0.4,1,5
0.95934277913317523,0.27941030247371257,-0.039891289733277414,-0.2709487911897594,0.95128993007960938,0.14708576233592416,0.079045459565012091,-0.13029716727803523,0.98831900898519398,-22.749965749827265,7.8565210984530847,-4.1282594012689371,,0.5237243733032564,0.2248062015503876,0,2
0.91595502998298561,-0.39904251289304704,-0.042325594536533458,0.40124814415046933,0.90942302509984851,0.10931462955178861,-0.0051293142497543494,-0.11711035104653676,0.99310566195802386,-2.9651958469635797,-25.924129093497825,0.04270394140585615,,0.4042463021897045,0.2380952380952381,0,3
-0.81548591352713773,-0.55364490952860801,-0.16870103435329079,0.56965235341384302,-0.81933024753946893,-0.06476219357760811,-0.10236660143269714,-0.14891359783435865,0.98353740106370491,-11.110108714944928,-27.340033572030254,-0.58838486459517936,,0.3392663460946778,0.4857142857142857,0,5
0.87070200436408629,0.4911961366834291,-0.024584037578002572,-0.48513623676713552,0.8660188317354115,0.12105459452269617,0.080751788659968585,-0.093475870613259265,0.99234137787422172,-8.0514449692834287,11.068126303491196,-2.4991769129391401,,0.08680594852659267,0.3137254901960784,0,5
-0.73732637469243556,0.67479531715163288,0.031640119044295402,-0.67531980973507266,-0.73746746934825824,-0.0092133724803104087,0.017116417916586954,-0.028160461702586927,0.99945686081711493,12.656328584043942,11.384015536529718,-0.64797874375619191,,0.1818187011575791,0.2941176470588235,0,5
-0.90102431315924225,-0.42872122207667507,-0.065979548626813808,0.42845509327824699,-0.90336637909978157,0.018852537125759759,-0.067686188693444393,-0.011282679346311355,0.99764286245475819,-9.6987538829073134,-27.759650311066661,-0.46176466543022554,0.2852954520324836,0.2607721968629905,0.8461538461538461,1,5
0.33762227533971817,-0.90113577419256996,-0.27196601932004055,0.93644854976684555,0.29232102805882099,0.19393950137660243,-0.095264436354826176,-0.32016048011113285,0.94256137950852092,8.6200800369682113,5.2100618624320933,-0.68625067012316676,,0.3304860480905648,0.148936170212766,0,2
0.55897979527371011,0.82908883667829358,0.01238100848860382,-0.82342907080783323,0.55328441340501566,0.12586072950533511,0.097499506790080001,-0.08054848712732697,0.99197065853642541,8.8374274099289725,13.429394732213282,-1.0675162497728616,0.1795660164531331,0.174123802074707,0.7317073170731707,1,5
-0.96863576290725706,-0.23850022849229274,-0.069730910120264764,0.24316640695046171,-0.96756397484753731,-0.068483962414835148,-0.051135675881704,-0.083292230047936136,0.9952123125573572,-15.780191377241961,15.273169262008302,-3.5229824317579861,0.7700133094894883,0.3143393160949506,0.2037037037037037,1,3
-0.19697754846603963,0.94982664399025907,0.24295923889926777,-0.97822487391333268,-0.20693697418229448,0.015911780966359507,0.065390683262633004,-0.23453450723183319,0.96990598691830332,14.634632006561588,0.84727366039993957,0.055160849879898666,,0.6114416331186543,0.25,0,1
-0.680320573729703,0.73263768229203985,0.020148038262703508,-0.73289477449423523,-0.68024756415873766,-0.011335827060589797,0.0054005998862472005,-0.022478388328606467,0.9997327420761094,-4.8342211576175824,23.320333442416665,-2.7204021546131303,0.5119955506415887,0.3009409431463598,0.2857142857142857,1,5
-0.26998062834611747,-0.95674409104727076,-0.10840297304026236,0.9594517666703688,-0.27678523830953178,0.053312655974389167,-0.081010911307943564,-0.089614039637034126,0.9926764609624773,-5.6914958731384431,19.908328121224802,-2.6844409325906562,,0.1041128702982897,0.4444444444444444,0,5
-0.98383562953728687,-0.14431886247354417,-0.10601660241355482,0.16578462484101006,-0.95785996365788428,-0.23456288748999288,-0.067697209833914251,-0.24834724873785055,0.96630260882657482,-9.1870536625186805,14.928824304816432,-2.8071449328587095,,0.2053792001115055,0.1,0,4
-0.49720314150977096,-0.8629464328272678,-0.090069362957160268,0.86103462326130564,-0.50353491345059198,0.071217753977265819,-0.10681017562983515,-0.042143148992437748,0.99338589751159911,-11.080460083417673,17.339926606099521,-3.1539328998009504,0.4304416916613059,0.4363263058213033,0.9183673469387755,1,5
-0.31442552877075697,0.94525667990112472,0.087329238858087604,-0.94755020706758619,-0.31807552666614897,0.03125003075561434,0.057316593962000166,-0.072923030918599058,0.9956892284333706,0.96543409578056616,-22.269392237079629,0.16835124130052306,,0.7735698107109047,0.3366336633663367,0,1
-0.77885739128848952,-0.62261026555182974,-0.075747087500233304,0.62217945273065067,-0.78221817203791733,0.032054015870806377,-0.079207907654954057,-0.022162774265379812,0.9966117191774263,9.8620967922158194,6.226521811334532,-0.62541051132940595,,0.1372226558912268,0.3111111111111111,0,3
-0.85671913177339987,-0.50427493832813675,-0.10834720036801374,0.51420329774435902,-0.85146731391337871,-0.10294844304778107,-0.040339779898489789,-0.14391038847591975,0.98876817416745955,-12.067045135834942,14.330448835506283,-3.0956631077836612,,0.7652665578935198,0.5142857142857142,0,5
-0.82571875609810375,0.56405764764576516,-0.0052446124857948419,-0.56404814833720651,-0.82573537461871716,-0.0032829043018713154,-0.0061824093336475322,0.00024745830482847083,0.99998085810640325,-5.3889150180709624,13.832671847015224,-2.3712543574603719,0.1919829756839398,0.1218366576581401,0.2790697674418605,1,5
0.86822329040009938,-0.47878927862147702,-0.13018888079997987,0.49616374981580247,0.83612685887787708,0.23390897638127781,-0.0031386901005665611,-0.26768022440991251,0.96350269645928455,0.88508714808600919,-26.868010622837126,0.45220778632390457,,0.5555096654891304,0.5875,0,3
-0.79134707413326133,0.6076981240258269,0.066878982619482386,-0.61131541252725674,-0.78795463863944204,-0.073627127155794558,0.0079545375325203553,-0.09914876450100775,0.99504082721794229,-24.499806759593628,11.162563842473174,-4.4127844303705821,,0.1913290694820543,0.4666666666666667,0,3
-0.54628823483663358,0.82936402068850723,0.11715154999600805,-0.83643610005278946,-0.5475307300311526,-0.024181608714715329,0.044088717463242812,-0.11119991393407239,0.99281960301632832,-13.319809620925886,7.1633167726503828,-2.9367843408703109,,0.2837378030188953,0.5,0,4
-0.95738496765317005,0.28369193890528649,-0.054156324763583619,-0.28302811727478511,-0.95890890123033834,-0.019718112818336485,-0.057524851530708389,-0.0035500621664057261,0.99833776274114039,21.525678264475918,3.2868347365214121,0.37772992331490857,,0.2405600130765666,0.5238095238095238,0,5
0.94062026574946977,0.33895272921413055,-0.018562408779261231,-0.32967305960176513,0.92516903282968055,0.18809022958623589,0.080927062434065417,-0.17080195564244635,0.9819763248238258,-8.3704945977786256,-30.791943844125075,-0.080129187076279154,0.4171907085121315,0.2242311725919509,0.3076923076923077,1,4
0.48139792599762138,-0.8357801152919806,-0.26405990935337365,0.8749807162005605,0.44049250369477855,0.20093556296947285,-0.051621537388401251,-0.32777729187853877,0.9433436615605304,25.613057434521593,2.531428398091784,0.68610218959308678,,0.5003815189882772,0.2758620689655172,0,3
0.81086716587345287,0.58514709779657259,0.0098647477716890374,-0.57872882066134901,0.79923961333615245,0.1621388066139571,0.086990754935653503,-0.13718204844119475,0.98671864994090375,-4.9159176797408088,-23.897730356534211,-0.33216798373216028,0.4317886039203033,0.1372558613199029,0.6296296296296297,1,5
-0.9287381151142684,-0.34399153639374397,-0.13825822371008539,0.36259110413856122,-0.92054947256003872,-0.14531469219942539,-0.077286510683142615,-0.18509049532298052,0.97967765301017184,-13.695644110722078,5.7054547620306861,-2.9361995237796599,0.7126737336550069,0.6039981298079262,0.4768392370572207,1,5
-0.70043008428229558,0.70885021651297309,0.083241021028144319,-0.71340822169352747,-0.69879769737845798,-0.052254065474791077,0.021128328196410327,-0.095985148268242435,0.99515850248065929,-6.1802111408874696,7.3421175634494968,-2.1782438086940745,,0.09331104079485819,0.32,0,5
-0.34024898589542574,-0.89070813798139747,-0.3014459164275522,0.93842442587432651,-0.3420640080797514,-0.048495477096904341,-0.059918482286979144,-0.29938474795842257,0.95224920486724329,-17.627135376400954,12.002920321774416,-3.652988559529962,,0.09670441144550003,0.1428571428571428,0,3
-0.75362349032204501,0.65694878170156323,-0.02167793937740127,-0.657092698385216,-0.75212789818959147,0.050327035415795765,0.016757701622052243,0.052172051768540922,0.99849749947138422,-13.718769409949212,11.790719702082576,-3.1574018943744582,,0.06656686412317595,0.2307692307692308,0,4
-0.51125095492743555,-0.84374867128548947,-0.16343390342813233,0.85380438225911393,-0.52036092030908743,0.015575283310816599,-0.098186240995966012,-0.13157770449073181,0.98643133048379583,-14.388545854653566,18.268690507471309,-3.4595814611411879,,0.08440675480196745,0.2,0,3
-0.29393885393486036,0.95433284575306931,0.053373866866740595,-0.95546890836606002,-0.29489357547221318,0.010814078369549769,0.026059840621720155,-0.047818392508132794,0.99851604195661681,-0.66742258751234196,20.033662110592719,-2.1703775636892026,,0.4367040605414294,0.4,0,2
0.74755392624973582,0.66175089673960685,0.05699892992795557,-0.65883925112257713,0.72790164625840603,0.18997377333343926,0.084225699930883816,-0.17956877244841224,0.98013319882173366,-16.017516070139241,13.227313784950709,-3.5002578144573877,,0.1132346659495496,0.4210526315789473,0,4
-0.13576093799359198,0.984398065320917,0.11193487708278052,-0.98708750933441547,-0.14408877200718115,0.069976243807766528,0.085013038006422709,-0.10098947853068507,0.99124866133328038,-10.688193932027808,2.4006293715800218,-2.386407742887771,,0.3025402043139726,0.3005464480874317,1,3
-0.77032335281226483,-0.61364955048222691,-0.1733094380148768,0.63307926866121744,-0.76850385410086264,-0.092803371832593379,-0.07624022365818145,-0.18120721681291133,0.98048527417369691,-9.8848528237363489,12.504942905492522,-2.7692271274127211,,0.1655801416915751,0.1818181818181818,0,2
-0.62266311674473307,-0.76472518989403659,-0.16578910394614399,0.77693442450723316,-0.62940898707106319,-0.014738623063015382,-0.09307815566152057,-0.13798445903691017,0.986051086913321,-2.1408324189777517,11.115536395451739,-1.9226766288997768,0.230824867425775,0.1594121967371667,0.3142857142857143,1,5
0.38126738441448838,-0.89379280342483591,-0.23615589369674631,0.92145215877548192,0.34681017338811143,0.17506748048256707,-0.074572787729443382,-0.2843538784340427,0.9558147159098247,5.7459081527375391,-29.962157922657969,1.0717768069035705,,0.2950480100160178,0.4166666666666667,0,6
-0.47202640664858514,-0.85294506078104404,-0.22288067371498804,0.87695842879173302,-0.48016125498734674,-0.019725196579798064,-0.090194155007740098,-0.20476789909113782,0.97464615215176553,4.3401493403144356,8.5481971136494703,-1.2221264693500937,,0.08855314158133547,0.4705882352941176,0,5
0.2177455933150913,0.95173821247133072,0.21628969349863905,-0.97228472263401833,0.19219002703301274,0.13313681550021875,0.085142672757838059,-0.23928511953509804,0.96720905539843116,11.490218524485595,-26.381959197742507,1.3120420116792189,,0.2605353779436791,0.2631578947368421,0,1
-0.90836932304352036,-0.39577232439719695,-0.13501644416402664,0.41151031067028665,-0.90341788766536835,-0.12039677926875396,-0.074326557605623067,-0.16492539976451417,0.98350148721138941,-19.520402913187251,7.4727366451089763,-3.738041442163774,0.2604526276313804,0.1573557426134648,0.5535714285714286,1,5
-0.99565310418199493,-0.036405009585335255,-0.085729641372445722,0.048033028287870941,-0.98930262332327179,-0.13774304947687141,-0.07979802206980513,-0.14126214908029294,0.98675087074243961,14.235012494149155,14.945404783219033,-0.70929942583312156,,0.4678444967617167,0.2307692307692308,0,6
-0.81012979433009902,0.57060758789330634,0.13452396432329417,-0.58622508371288828,-0.79061788413245715,-0.17681491033205854,0.0054651225502458023,-0.22210434918861821,0.97500758484588823,6.933780830964932,-30.944060752646259,1.2250861229485865,,0.3025669969260158,0.2,0,1
-0.99883994451762514,-0.0052950719381798352,-0.047861544575985522,0.014109692878679596,-0.98249307488435356,-0.18576402873311973,-0.046040002203506541,-0.186223843847826,0.98142804024525587,6.9923293268512285,4.286939851565827,-0.77992851010834163,,0.1632754694129788,0.4363636363636363,0,2
0.98068857628865325,-0.1650663754765897,-0.10489522402834492,0.18660813864493006,0.95029744982231534,0.24922311179479162,0.058543308143713432,-0.26398456119293434,0.96274858219753556,-12.025799419727836,11.664839474540283,-2.975818570978773,,0.4620252004642844,0.16,0,2
-0.98753029235467604,0.15730511600242669,-0.0062467720745587336,-0.15421571720562841,-0.97458755019580046,-0.16247036520578684,-0.031645445938428642,-0.15948105681494354,0.986693649654515,-17.909936988459627,6.8912410245091733,-3.4903214646029319,,0.1293726560805383,0.3023255813953488,0,4
0.6924663930763294,-0.71296119849727513,-0.11034774078877541,0.72124053299888957,0.6804330229255382,0.12970348827957798,-0.017389307615175022,-0.1694025700800971,0.98539351592697311,-3.1826421476333939,-24.915207621358981,-0.065435794434907699,0.161292100790595,0.1053793509576761,0.3157894736842105,1,5
0.51702986799415185,0.85574852051273864,-0.0193542047682644,-0.85099762981607896,0.51632957369501264,0.095952099379559577,0.092104015381353196,-0.033139718891207294,0.99519777400396447,-16.559261704515464,11.376830995129113,-3.5141001559842571,0.2402620310850539,0.1968799829307195,0.6865671641791045,1,5
0.98583088398329966,0.1616549013324409,-0.044779024776188892,-0.15085677053516033,0.97114568235758891,0.18471139223641933,0.073346458458535421,-0.17533897602476534,0.98177214287133796,5.3022301244808014,10.956423750611306,-1.2372441695443464,,0.1809192691368741,0.2285714285714286,0,5
0.76323569848570461,-0.62700243965916613,-0.15601028561762276,0.64430984357876808,0.72051526490116646,0.25636415215841896,-0.048333156575394207,-0.29618523546229591,0.95390681529675769,8.5907829604294736,20.473004265219238,-1.3216433591782417,,0.4138353499991472,0.1538461538461539,0,2
-0.78305255532857732,0.61979488199672728,0.051797681840487025,-0.62159176139238836,-0.78272384919170968,-0.031097557389958227,0.021269173996497897,-0.056548034069954671,0.99817330262852144,20.741154472525452,-30.175553446505585,2.1657839804673031,,0.4871581723541305,0.5294117647058824,0,5
-0.50527639164870786,0.82821727235238585,0.24238794899837096,-0.86196121649367408,-0.49786891475808454,-0.095652522070009752,0.041456354195807031,-0.25725997258567523,0.96545257636095771,-35.877973505333472,7.0886521110257208,-5.8393050579748644,,0.5178217767328867,0.1153846153846154,0,1
-0.86437980250537971,-0.48117862346662005,-0.14599551136774794,0.49507302586764002,-0.8652015681464732,-0.079554670102660124,-0.088035538727382665,-0.14104388960764244,0.98608131770423857,14.805092412802386,9.2974443053048077,-0.39655540081701529,,0.2612881071406756,0.2352941176470588,0,5
-0.064032640304134067,-0.96679311861836825,-0.24740834013398114,0.99542241846268398,-0.079502754007678783,0.053042633108624213,-0.070950897087936712,-0.2428793484373771,0.96745831553873818,-18.765838468310605,15.737806373504002,-3.8334905512983686,,0.6761713570336915,0.6388888888888888,0,4
-0.96288343221255457,-0.24409905688460209,-0.11520046179864257,0.25694384733484188,-0.95965507168924469,-0.1142015879831861,-0.08267620750459076,-0.13956286687066777,0.9867557199750604,15.323790922029186,2.5403590729970476,-0.0048586550942219314,0.8226318349347062,0.4182202468134,0.1739130434782609,1,4
-0.53214807542639464,-0.84382586311776264,-0.06911105956030085,0.84171725543031151,-0.53608115127970524,0.064257771152519474,-0.091271505580044765,-0.02397732212297431,0.99553734249045789,-9.2906391078586843,11.603543861535623,-2.6756387196533922,0.1598346728523395,0.1645741439590866,0.5698924731182796,1,5
0.18746169153534489,0.98193577423835732,0.025695320150256582,-0.97795923505055748,0.18412616927428396,0.098454498971378299,0.091944813807166889,-0.043585422554963581,0.99480976179100189,-1.62573610583467,-25.29156730590244,0.1386362655915562,,0.1226467241127325,0.2142857142857143,0,5
-0.73574796840313661,-0.66166446726693828,-0.14448203953092731,0.6716045652418402,-0.74031395297513736,-0.02970789418058821,-0.087305411842429348,-0.11889232013332594,0.98906136375673825,4.8491467975991096,6.9323242944432977,-1.1000868967981963,,0.07303433455434342,0.375,0,4
-0.6677954033047433,-0.73549412560789729,-0.11444514197348324,0.73961269445328492,-0.67296957535748569,0.0092202411420568443,-0.0837995317922932,-0.07848784517006982,0.99338678098309341,14.676262300764085,4.5812838143745438,-0.16456955084548872,,0.08401337355976787,0.3333333333333333,0,5
-0.24163883401854924,-0.95724649855710531,-0.15902771737756591,0.96655954917210463,-0.25193881452513245,0.047848423588343077,-0.085867990534160318,-0.14214772152881602,0.98611394547779951,-28.932918486449395,10.629349979676665,-4.8992988545183165,,0.1097471315412719,0.2352941176470588,0,1
0.31501325113773759,0.9196865490320334,0.23439987870556533,-0.94632233530427445,0.28552732280176785,0.1514865856698899,0.072392605367527244,-0.26953812246731645,0.96026481307236133,20.545548532473557,-27.435002015070854,2.0098605470075857,,0.4420632365628566,0.12,0,3
0.4001419330048418,0.91161474598254066,0.094047798264163512,-0.91302093614174551,0.38766549742503931,0.12691821095905489,0.079241426148190588,-0.13665290707988911,0.98744457027653776,-11.157378113928335,11.538174438000095,-2.8811942138886142,,0.2058400838557485,0.1944444444444444,0,2
-0.52801547807283367,-0.81559828681186142,-0.23664126745999955,0.84248847904734958,-0.53812697612959048,-0.025149954952406496,-0.1068307895131449,-0.21264710698991715,0.97127153273470257,17.696305664973824,-25.588199321779975,1.7022407425300436,,0.5930390812982872,0.2692307692307692,0,4
-0.8281366280417134,0.56026773476488922,-0.01702323932520541,-0.56049107927842778,-0.82736220651638603,0.03635284414791197,0.0062829407928532057,0.039646495554577089,0.999194015216883,-0.59109218831531807,16.30718496962421,-1.9789318382043757,,0.08501445606177156,0.6,1,5
-0.43672418210380287,-0.890331334676988,-0.12877151570925033,0.89509266187340419,-0.4443674174048608,0.036697752101696055,-0.089895024479377333,-0.09923564299800447,0.99099504122504301,-30.624698863261603,6.5293307296036689,-5.2024198934692576,,0.3351947746941185,0.2941176470588235,0,1
-0.87663093470926856,-0.47383673002940668,-0.083647818774868932,0.4746573337565439,-0.88010120808112913,0.011057985588051418,-0.078858226088868111,-0.030010278392174752,0.99643402359059441,-0.4441617593764654,12.132065237389289,-1.7890927147783702,0.5194048731483414,0.4692242223928783,0.4270270270270271,1,5
-0.78202522748995229,0.62322519250311592,-0.0051868100739768238,-0.62324449076494326,-0.78201781431790429,0.0038003711127610239,-0.0016876908589996957,0.0062046368872533571,0.99997932687664237,9.5637681526268068,7.0718387240493614,-0.68979681518346925,,0.107731750508176,0.16,0,2
-0.97445819736855965,-0.21646094684863279,-0.059798662782818354,0.21550970071737902,-0.97625382133142047,0.022001027987508678,-0.063141036402054748,0.0085518901533382669,0.99796797278113192,-2.5306969151862333,15.154776161150567,-2.1260847923697326,0.4531352258372054,0.2470018305768164,0.835820895522388,1,5
-0.98829875825399183,-0.14109187834608303,-0.057953829022694719,0.14050830489008892,-0.98997988148941496,0.01404458981661677,-0.059354702345571893,0.0057372563980801422,0.99822046823258981,-2.8569940089615797,9.6672988705662988,-1.9253381260399458,,0.0919549889685507,0.2463768115942029,0,5
0.64030440811161671,0.76810613608663481,-0.0048196119026791984,-0.76286214560006582,0.63664088802268703,0.11282608966080622,0.089730773780772474,-0.068566343082773248,0.99360306200864712,-7.8299598903752701,12.192550457689023,-2.5564529577464228,,0.08081123051203547,0.3142857142857143,0,5
-0.74324997116194513,-0.6589618675631419,-0.11553673643246561,0.66190067225943672,-0.74941522309638442,0.016258027368133986,-0.097298409186762594,-0.064390065142794606,0.9931701460880874,17.145730822513663,4.447624552989347,0.021110104822609568,0.5000101653045411,0.433419770052601,0.6666666666666666,1,4
0.59180651323640876,0.80264113986920349,0.074379106477762025,-0.80101303846503435,0.57524773453108013,0.16573519881387128,0.090239476394636087,-0.15766180420864659,0.98336137426365111,-11.593996209098135,-26.295211995994926,-0.68170127546723702,,0.1393978684018803,0.1818181818181818,0,1
-0.96230314851339827,0.27193299259878079,0.0050097801820184092,-0.27086193924756496,-0.95651992921779794,-0.10818241481972406,-0.024626413223389314,-0.10546123717010858,0.99411843722279947,-9.2242895228736899,-33.076946379278652,0.019929102235844397,,0.1561315670185488,0.4,0,2
-0.81372791947812395,0.58122870487047373,-0.0044794750134467794,-0.58117926369977402,-0.81349362472818787,0.021419289717045216,0.008805481655915456,0.020032852048226912,0.99976054549658122,-13.896632995315827,-25.160142883667028,-0.98325376015934152,0.5064817496446632,0.4236974434685493,0.4186046511627907,1,4
-0.99950149425750778,-0.012260564737601115,-0.029093668199885226,0.018181724389969081,-0.97689479876915919,-0.21294594862540112,-0.025810615552851961,-0.21336876690387438,0.97663072931108619,-11.487061855507729,16.116413783893595,-3.1472466515303879,,0.6482489956733336,0.5480769230769231,0,4
0.68457152780707309,0.7254678656772463,0.071121017889160407,-0.72351439716534927,0.66434100552632513,0.18755784566562864,0.088818581447525496,-0.17985384134338459,0.97967538263634923,9.4506471505237926,-21.848161769540631,0.84371962881121776,,0.8147702729842108,0.75,0,1
-0.99841172465442585,-0.027652349767763661,-0.049085391155564179,0.026117597702793576,-0.99915810604367972,0.031637797291212841,-0.049918925897984981,0.030305555258501645,0.99829338080429231,8.7037195056373076,11.951480972416878,-1.0107140318355179,0.7231175448808689,0.5328010473146312,0.8431372549019608,1,5
-0.5483501002477088,-0.81694782380255948,-0.17862928299299299,0.82691118973206035,-0.56154456869160008,0.02975872424808796,-0.12461962868760593,-0.13139235349603773,0.98346631746518698,3.9696853189867891,-26.916764224588217,0.71115253094117847,,0.1588340172633219,0.125,0,5
-0.60734956438154697,0.79340129481130151,0.040507925610871333,-0.79378712722369837,-0.60812346237965997,0.0093728948208428118,0.032070286863287605,-0.026462046314011865,0.99913525451030993,-10.777189098955002,12.914472238834994,-2.8787087911238465,,0.08506304656560174,0.1764705882352941,0,4
0.31669114212078958,-0.90213742681015785,-0.2930098695446583,0.94698652758900159,0.283104347723244,0.1518829972877864,-0.054066968355504494,-0.32557639878920014,0.94396862844286333,0.9100271434231757,24.550016260476418,-2.3196412305245859,,0.2277586679502675,0.2727272727272727,0,5
0.7208764493884704,0.69225649143882684,0.033437924245958747,-0.68423852926413786,0.70319363750357555,0.19322614534513749,0.1102487178497889,-0.16217169369312362,0.98058429621179555,13.362275549273617,-26.762724307476141,1.4620957404320458,,0.2051501626518623,0.1111111111111111,0,3
-0.92996358565199655,-0.35610362880737229,-0.09142174200650996,0.36034446850327162,-0.93218105404714147,-0.034501398444940622,-0.072935542641281825,-0.065028363240844211,0.9952144083532154,-30.145154956313966,17.877233825438697,-5.1706700974511728,,0.2760502925473681,0.1428571428571428,0,1
0.68311141342621484,-0.72572146210396082,-0.081775034628723986,0.72973233277973093,0.67380595804056354,0.11608726633395548,-0.029146515103722445,-0.13897442336893578,0.98986695586153439,-7.7143614995487706,-26.472767188562873,-0.3942955100231913,0.3085609353721903,0.2828799730953221,0.5405405405405406,1,5
-0.18725630166231669,0.98227281389204224,-0.0086715959523582346,-0.97978525236834879,-0.1861348773252931,0.073312118265596665,0.07039841425232711,0.022224457962063668,0.9972713455920863,-5.5788844759921981,-28.554789313495309,0.0056706248395826534,0.3559572150743765,0.2151912354202768,0.5,1,5
-0.81494264230924551,0.57868572510899907,-0.031485255296667271,-0.57949737262942458,-0.81300564215801152,0.056609371440006231,0.0071613449587487532,0.064379013461769607,0.99789982351139372,-6.7053942079839413,19.140371488707917,-2.7584615295487538,,0.0861847812626102,0.1666666666666667,0,3
-0.99843471656066685,0.029812585730711594,-0.047321522571326477,-0.029743869048694988,-0.99955522853667211,-0.0021557734142087824,-0.047364744488212672,-0.00074487384723819438,0.99887738293672301,6.7737356042492873,5.9557333351264266,-0.88077072552492564,0.1460758912819561,0.174102781550902,0.3043478260869565,1,5
0.81561920801869492,-0.54260735602461629,-0.20085458595444755,0.57857069339873846,0.76210614213107342,0.29060313292563678,-0.0046108839781717854,-0.3532300741925406,0.93552512228954743,15.396610034965411,-25.234320756904648,1.5349173004165408,,0.1446490166267123,0.1666666666666667,0,1
-0.84956262936494775,-0.51670999660665706,-0.10608542875091746,0.52052839302521714,-0.85378568761823548,-0.010009579054224902,-0.085402171173234773,-0.063724242051249852,0.99430663788083606,7.9655090927593468,7.9557321049155796,-0.87444969075629064,0.8617577108636563,0.7751831262069806,0.2093023255813954,1,4
-0.96734435039738287,-0.23717545039688481,-0.089401976954095463,0.24475019897336225,-0.96574702234700383,-0.086197615572563821,-0.065895734738792788,-0.1052639280899718,0.99225866465670343,6.5871352860259966,9.3960180082654094,-1.0642235952522789,,0.2060808336678163,0.3611111111111111,0,1
0.92490377503118071,-0.37651786623887834,-0.052794917709876876,0.38006705419410713,0.91930930195729477,0.1020756663020342,0.010101546875806054,-0.11447577795198775,0.99337468007444341,-6.6973538058686177,-25.184687676923897,-0.38149038973211624,0.4903532995598101,0.4195945045369432,0.8915662650602409,1,5
-0.52092586601562085,0.84626599960327142,0.11166960209184831,-0.85165281409581672,-0.52410534771705208,-0.0010337974001015668,0.057651768043588757,-0.095642262676415332,0.99374485217865871,11.668294894237377,2.7532061424049834,-0.30022319124283087,,0.4039320049026999,0.5212765957446809,0,5
-0.45415090160926647,-0.88698827559121907,-0.083658577152654331,0.88638414179963243,-0.45930810534644245,0.057958757139802253,-0.089833800618808302,-0.047831614302440172,0.99480753160578916,-22.711823583530709,12.764582551600139,-4.2366930858220444,0.8087661819804358,0.7966040337681332,0.5256410256410257,1,3
0.86690838910354195,-0.45612197084711503,-0.20105370579137638,0.49845120566984108,0.79649826010188307,0.34225270958891535,0.0040299464244057653,-0.39691720719215018,0.91784556988994626,18.724164827619095,-27.901740924174685,1.8944633079465265,,0.1610973285419572,0.1428571428571428,0,1
-0.9543654166629344,-0.27135748914374308,-0.12470671418727253,0.28376019598538721,-0.95413633770187511,-0.095414884851299356,-0.093095663981290822,-0.12644746799543044,0.987595177785628,3.2328551620528949,4.1063932221680286,-1.1290984983217578,0.4290880049983388,0.474285514724251,0.4945054945054945,1,5
-0.21538811113300663,0.97265446750876439,0.086897919525144043,-0.97441577971355831,-0.21991988019345365,0.046358759052799306,0.064201634151897627,-0.074689578462726655,0.99513798894489347,-10.27327085228003,4.5147428539265606,-2.4628481673280049,,0.1090428533079484,0.3571428571428572,0,1
0.54789905695577834,0.8358359109890573,0.034423150466803713,-0.83217347770982331,0.54037361919250071,0.12443333426833483,0.08540448690382485,-0.096822939337172467,0.99163067320187481,-5.6963697243343221,15.736731078233476,-2.4988284754407553,,0.1293534547460409,0.6111111111111112,0,4
0.79914660122502801,0.59788054899231258,0.062478467387875089,-0.59255619358746392,0.76597674695185114,0.24931261614727102,0.10120211060853816,-0.23625933265314933,0.96640553627484282,5.0905658571491195,18.269004062260969,-1.5558714251110668,,0.4378641286766829,0.1509433962264151,0,4
-0.92376591460661284,0.38110242538195233,-0.037649387498360491,-0.38251809937464892,-0.92294457976283761,0.043048883112167237,-0.018342264358971478,0.054168663029396873,0.99836331928000699,6.446183142242524,10.888647901022452,-1.1428773890545785,,0.07469958115212123,0.1,0,2
0.95677552920501396,0.29056966563749648,0.012241573664332076,-0.28371242388024265,0.92328745810868729,0.25893537849277531,0.063936274918572941,-0.25121612032374191,0.96581707048437704,19.793146872794274,0.70676842611000734,0.4164659233742955,,0.3427415308730105,0.4363636363636363,0,3
-0.87407693518674512,0.48413093038265792,0.040084331369858346,-0.48576225569691095,-0.87020947214066946,-0.082283081717361914,-0.004954020064102658,-0.091393199109557108,0.99580256117451571,13.15540731171288,9.0949253004330135,-0.50716038384349416,,0.185263199443525,0.1818181818181818,0,4
-0.91430632886607976,0.40485647712666367,-0.011626260104630082,-0.40484340676309227,-0.91437909517591343,-0.0035617840658962066,-0.012072820543956111,0.001450253035169021,0.99992606915223914,11.711658705951884,4.4099688036464402,-0.36690288771954382,,0.0774214241348686,0.4444444444444444,0,5
0.037440710421522666,0.99830118624866582,0.044642297629464159,-0.99623491270020215,0.033793020346281032,0.079837525594768283,0.078193298436318212,-0.047463389158190289,0.9958077298200021,-8.1771573967133033,4.4856863327064058,-2.2399142847021274,,0.5233711294665397,0.2417840375586854,0,1
0.27903068363224109,-0.91447979197755302,-0.29303342412840327,0.95841378539083966,0.24617836095948192,0.14435799447243969,-0.059873980697178288,-0.32112758315036649,0.94514135544662292,-13.687366037177865,23.172943189951159,-3.5557693975531506,,0.4491155352651122,0.1666666666666667,0,1
0.2457149051775781,0.94583305396312201,0.21218864108233645,-0.96552080584151256,0.21939268646147242,0.14013002038954619,0.085986969133296037,-0.23930458240078234,0.96712954560454678,7.5232923025955598,-24.749309213800601,0.89363150107324441,,0.4001181050891136,0.1875,0,1
-0.98934021540220785,0.1406301700892541,-0.03780335234580548,-0.1411269274419403,-0.98993263533524989,0.010796659159423462,-0.035904436198204812,0.016016640061976801,0.99922687048658509,-3.3732646374182074,-31.550725294846419,0.39886126232283425,,0.1087857732110327,0.5333333333333333,0,3
0.24074572489616441,0.92808694088315746,0.28407063576927993,-0.96678471879910888,0.20341615446365738,0.15475521186617661,0.085841734842371509,-0.31189180538346967,0.94623184172479213,4.2922224201614743,24.827068845244003,-2.0218694661536749,,0.7163495661786989,0.3846153846153846,0,1
0.94420261177424847,-0.31515168012419753,-0.09571231077340836,0.32870723113089029,0.92001043118386039,0.21338313596709743,0.0208082704940462,-0.23293824294817911,0.97226888814322543,19.397250685280223,-23.899579946874919,1.7518160467806123,,0.6695618350309537,0.3125,0,1
-0.80248385623887686,-0.57903174546132963,-0.14402047848826174,0.59020872304020133,-0.80575427044425985,-0.049129613351761039,-0.087597509800432127,-0.12442786427824196,0.98835438121552266,2.5512503139537368,7.3100404618277457,-1.3281058247199791,,0.2574818308233862,0.3592814371257485,0,3
-0.98047208809476616,-0.14934119434282855,-0.12795191338681899,0.16225576154689716,-0.98194552778039335,-0.097242214685406766,-0.1111195406394707,-0.11610421243152111,0.98700165123657757,-2.1161036490659217,-26.791554518934774,0.17326307250405426,,0.470465487751621,0.8571428571428571,0,4
0.050264090389837507,0.99859654785275787,-0.016686995950046964,-0.99498303286401302,0.051515308678931948,0.085760930991007053,0.086500205375549005,0.01229258265251865,0.99617599192196893,5.0099721912707107,-25.434129122602528,0.68500756099890103,0.7528639626649785,0.7667297910651191,0.9890109890109891,1,4
0.70577942194468068,-0.69325712734228373,-0.14584225364604517,0.70835269855838978,0.6875112635955114,0.15988970221484045,-0.010576483559263912,-0.21615461553811055,0.97630185914864087,-0.54757510098667173,-24.018248244575538,0.14600407186727768,,0.4323797177548193,0.7373737373737373,0,4
0.70114086922030217,-0.68990305164933929,-0.18009792012660744,0.7129365549203236,0.68225233120111761,0.16202847042721313,0.011088289649041551,-0.24200317331715115,0.97021209739782632,4.8353750733831866,-24.513627610652986,0.64727232279596325,,0.5581780577494327,0.6122448979591837,0,3
0.50531136276150923,0.86214197363013367,0.037035712079609949,-0.85915994142341046,0.49862481710803519,0.11496732934751198,0.08065123506448825,-0.089913898086534522,0.992678633402299,10.670607462725707,-25.616558196839957,1.1988203128139365,,0.567565330806384,0.851063829787234,0,3
0.38170211020529332,-0.85888026782694871,-0.34150868891191544,0.92281345939248138,0.33328297030130521,0.19322986537080866,-0.052142288297577832,-0.38890506199411778,0.91980108421682372,-16.498776542106576,18.197157464508891,-3.6318732909377558,,0.5443545876871698,0.1282051282051282,0,1
-0.29645154604894314,0.94650778592113849,0.12743426554838858,-0.95099808899757154,-0.30482976469570366,0.05178271215888821,0.087858497415785927,-0.10583867793121667,0.99049435065810143,7.4565079772809089,25.685877598304184,-1.7748142390963679,,0.5045942115526594,0.8285714285714286,0,4
0.32427770528276606,-0.89642591282815465,-0.30210023612495662,0.94486550183793683,0.29156886798402898,0.14905293911579467,-0.045531893141934017,-0.33377863627368792,0.94155120342665921,-11.350717265347249,18.76603571342244,-3.2194648634349377,,0.5456447572339366,0.4,0,2
-0.99913737644282863,-0.002442319690667911,-0.041455253822269264,0.0062164987158268292,-0.99581691722218346,-0.091159324908765937,-0.041059202849742696,-0.091338395259794272,0.99497308476797908,20.345236487455843,2.6551511221596344,0.32521445319105613,,0.1472307335367967,0.25,0,4
-0.77333025583765302,-0.62925342262176487,-0.077462542721413438,0.62791171268822299,-0.77705805419602092,0.043676784199823147,-0.087676658667028534,-0.014863059169972161,0.99603809816547539,-1.4362508877468851,18.037492004397084,-2.1281382526982169,,0.09425734272583851,0.5,0,4
-0.93713294665868307,-0.33065298883757616,-0.11158154533610444,0.34359537510149574,-0.93016930821060961,-0.12933397183980475,-0.061025064487288692,-0.15954202905747061,0.98530314242295447,-17.055569584143839,8.3697566642832317,-3.4571298507511652,0.6551641153412348,0.4224444647719099,0.1704545454545454,1,3
0.4199401915025992,-0.8834398606028433,-0.20780820065336567,0.906227609368914,0.39582202310849818,0.1485814458127222,-0.049007709375808256,-0.25071684969368274,0.96681916908045018,-22.325589610544331,6.8198739467971601,-4.0382243114895733,,0.451479332029341,0.4936708860759494,0,1
0.99274161044247633,-0.10431293829044272,-0.059857378837457342,0.11357508430213593,0.9768441039803889,0.18131821956028379,0.039557491349165946,-0.18680044813640803,0.98160113969687079,25.242121377190958,4.8491116327350161,0.51012947421144261,,0.2209084240764412,0.25,0,4
-0.76491073148233413,0.62089132464467434,0.17148042408433459,-0.64402265957062033,-0.7421777465020547,-0.18549125735925534,0.012099042224333849,-0.2523215321333368,0.96756780516878527,-7.67605654037538,14.818368605138621,-2.6427137819548827,0.8298069972754153,0.6150738884245487,0.217948717948718,1,1
0.99659711554440511,0.072970525255140153,-0.038333950129901866,-0.06281233610663961,0.97346333371268778,0.22005396690313939,0.053374148437229513,-0.216897303719918,0.97473419962450869,-8.0607823637475935,16.466201315356372,-2.7719401308635119,,0.1227466356292873,0.391304347826087,0,1
0.84991477486225098,0.52511672654029351,0.043557995574374356,-0.52060719035196101,0.82410004335886633,0.22322023181099188,0.081320531384686298,-0.21239477875767671,0.97379434642628282,3.867772893088075,10.648524471816938,-1.3371748266131265,,0.1829781419680412,0.2777777777777778,0,1
-0.91162821137593941,-0.37731662330820032,-0.16299131878356318,0.40062275841231804,-0.90433573616529439,-0.14723546358293713,-0.091844486310354356,-0.19952203404555272,0.97557959606826261,19.196753646616656,3.0505807851662312,0.23766099377218436,,0.3465587696282717,0.1111111111111111,0,3
-0.98976603924290496,-0.1319618884198748,-0.054306975298497463,0.13028567985229986,-0.99091567730702834,0.033343096625472531,-0.05821365120687045,0.02592644348560063,0.99796742949925543,-7.9205784380476949,21.441175534576022,-2.9873015979511619,,0.07859046559985533,0.2857142857142857,0,1
-0.68304904490231477,0.72309450522459917,0.10285105138999412,-0.7300202835903441,-0.68028934426996979,-0.065397198865145126,0.022680119151109245,-0.11975284792741277,0.99254464262750663,17.329216817877168,2.0931876864763006,0.16586995408665572,,0.4620087389040364,0.5,0,1
0.99445255362013296,0.10425520309434974,0.013963209736774108,-0.1023150640162835,0.92794477301762934,0.35839939439765256,0.024407914162030777,-0.35783983967274557,0.93346392692446523,-9.1712227962255533,18.787470994737184,-3.0237557755467854,,0.510113364714439,0.4878048780487805,0,3
-0.20061008417191059,0.9752406385583624,0.093066057361512383,-0.97752915948914809,-0.20554473193975847,0.046777190170547253,0.06474825462495272,-0.081590808772129139,0.99456050768514426,18.847290973627835,4.1160245882059963,0.15338134594248695,,0.08467461707907202,0.3571428571428572,0,3
0.78380903535672075,-0.60780090023537681,-0.12736350248886696,0.62094812471424532,0.76978037738474803,0.14785667724947776,0.0081745034728791573,-0.19497752759346326,0.9807736442352597,35.678558446567685,-9.9652876821933862,1.9923599628596589,0.5154100779171116,0.336577435726211,0.2857142857142857,1,3
-0.29412982932251786,-0.90713323164914572,-0.30099326161973061,0.95177085484658619,-0.30675945616343703,-0.0055566103795814756,-0.087291943312682752,-0.28811097877743136,0.95361007783087404,-4.506138770097631,-30.450601617987903,0.23546647447689489,,0.3088720217344408,0.3,0,1
-0.59969943750853283,0.80009659122075183,0.014353723171462746,-0.80002276360426638,-0.59985474417826212,0.011741533197334593,0.018004509627916058,-0.0044419144257149051,0.99982803872930726,34.965642431609886,-14.666831983796099,2.2313744883513964,,0.1940273589666167,0.2,0,3
-0.9707148817046295,0.23935898121589336,-0.020491377417266112,-0.23847564048806125,-0.97039875007859022,-0.038152781546283474,-0.029017017954574655,-0.032148778471337999,0.99906179424088914,-20.709331980721995,16.751984522865651,-4.0289589483368973,,0.1002727035535053,0.3846153846153846,0,1
0.87729965817913313,-0.46467948362551365,-0.12007617272508164,0.47993161856882161,0.85110394007349244,0.21280912736367585,0.003309268301113181,-0.24432572662105012,0.96968757239350456,-6.6890128211645195,24.137714999362675,-2.9606748330178143,,0.2272993568429783,0.35,0,3
0.11587034052254105,0.99092407515370218,0.068143535775386177,-0.9895971648852212,0.10928064881182052,0.093569177865365907,0.085273181237264267,-0.078276542310250871,0.99327804137896303,-2.0820026120722064,-30.693152915136249,0.41618852622638319,,0.168308260075122,0.1111111111111111,0,2
0.24970936205441441,-0.96465631584073952,-0.084163096490980763,0.96578600698687522,0.24182827116214858,0.093682847816846687,-0.070018734712400957,-0.10467702505946093,0.99203835470911939,-3.8049885502854712,-29.78953602962174,0.25062370718185484,,0.1133080650255656,0.125,0,3
0.92923093138946211,-0.33226710510581337,-0.16164296153459898,0.36569175937515669,0.88962818674330268,0.27355296832044446,0.05290948189290641,-0.31330537853095686,0.94817737080643227,7.5860295140192804,10.083940051225509,-1.0292941038044749,,0.4716405388576178,0.41,0,2
-0.9083127791249046,0.41812308401248582,-0.011873579674226885,-0.41817811030694579,-0.90836164292518962,0.0024887190202855791,-0.0097449134682815516,0.0072258064005237483,0.99992640948389688,10.55082076520555,10.397874629919087,-0.76020456778406398,,0.07108542364829729,0.2,0,2
