axis_00,axis_01,axis_02,axis_10,axis_11,axis_12,axis_20,axis_21,axis_22,location_x,location_y,location_z,dbh,dbh_approximation,score,reconstructed,number_clusters
-0.71813302506118137,0.67947270756291955,0.15033894370253076,-0.69589539376081999,-0.70234897882425817,-0.14978488871376916,0.0038156597006347732,-0.21218565366592973,0.97722192419092402,-9.8877661596247748,7.7733034843390394,0.42205294549197186,,0.1072553178000603,0.1754385964912281,0,2
0.46921345661448927,0.8559242990320044,0.2173299943828586,-0.88064418407401412,0.47180958759699859,0.043145499280491099,-0.065609093794194384,-0.21163484443285985,0.97514416341040699,-9.7556019137604491,15.816864395083835,0.87261978623865522,,0.7948669015323834,0.6530612244897959,0,1
0.72470405227317902,-0.67476463208960136,-0.1396306839481096,0.68903240773227281,0.7078184387348746,0.15565153028990772,-0.0061949748586193291,-0.2090113610976877,0.97789358992611874,9.0518664088101346,-30.010471681676087,-3.9783521473189816,,0.5817245665757964,0.2972972972972973,0,1
-0.072164531406497409,0.9609932456740119,0.26699112752263671,-0.99728435236601731,-0.065577028018811809,-0.033519754207238406,-0.014703772739483062,-0.26868501105411186,0.96311586213813216,15.002234952274573,7.8768525733366195,-2.2320668456637649,0.5898248995781266,0.5217868395639662,0.8585858585858586,1,5
0.63602387820361483,-0.7715634022471074,-0.012788380182809617,0.77142273222015134,0.63531430050539595,0.035814910126017938,-0.019508833097566045,-0.032644385217156929,0.99927661312819893,-1.0933725639162548,9.8559249794948052,-0.41775917484191022,,0.3699429512738116,0.1538461538461539,0,5
0.092126213692647466,0.99312343554811144,0.072239895596356948,-0.99451321970110007,0.09538044412289004,-0.042965413051335208,-0.049560231944657432,-0.067885290336244089,0.99646142462493525,-2.3905434488545758,8.1418911539107786,-0.3855102728299713,,0.069821420384547,0.2307692307692308,0,5
0.41703306877891422,-0.90811568264440279,-0.037540997324679005,0.90866651669298715,0.41749271200600746,-0.004999686280371925,0.020213386303998309,-0.032027212759761427,0.99928258098346046,-16.656018640264467,-29.480367113942343,-1.0845496052127646,,0.7827416061301027,0.8484848484848485,0,1
0.38670492481885066,-0.89586733796890849,-0.21881730708823732,0.92176448502192365,0.3828032110046603,0.061740876223041613,0.028452333350965947,-0.22557352328015451,0.97381058236284457,9.7876969833706795,6.9335442252673261,-1.7653664403358476,0.6913890538430861,0.3593577335218655,0.1538461538461539,1,4
0.83524502895089081,0.51236465777315066,0.19962013695473463,-0.54509466715711574,0.81927260113646483,0.17794439823709926,-0.072370888136722225,-0.2574390461683938,0.96358061004682383,-14.845123860244753,-28.972690035945462,-1.2601469730112551,,0.2996612865941757,0.3181818181818182,0,4
0.44411808528836016,0.84682658133007382,0.29264973513164255,-0.89297989718472226,0.44501423776484056,0.067447990411432276,-0.073116547673993545,-0.29128520274706338,0.95383798473159942,-0.60254647458058019,-34.727303169406468,-3.2805871980444143,,0.2610696743972997,0.3,0,5
-0.85651567982207899,0.50669042817918408,0.098212525731276659,-0.51565889093832584,-0.8481631851973841,-0.12130589215732111,0.02183571421266868,-0.15454456078239362,0.98774449141334109,16.25637555010751,6.891561493508001,-2.4322723366974808,,0.09188560591322831,0.3125,0,5
-0.97096608857939293,-0.23616791586379182,0.03807322346987297,0.22845435298805053,-0.96266355360181188,-0.14521532690299002,0.070946905708742208,-0.13230116433079486,0.9886672536738893,-4.2353832164998382,14.596835663731023,0.2928039445239709,0.8320557465971835,0.126845832516511,0.2727272727272727,1,5
0.91603706502675553,0.39675465077470889,0.058837425043979319,-0.39684797469723532,0.91782324109857971,-0.010591651334928547,-0.058204643078276892,-0.013647167762468927,0.99821138760093964,-9.5578975316435884,9.6412176389780946,0.51960037946769078,0.1636587826019637,0.166463008385384,0.7281553398058253,1,4
0.99379865605488327,0.093641281284477532,0.059962835681025013,-0.10073481097244212,0.98652468043278907,0.12892460104778053,-0.047082152476862801,-0.13416544017139595,0.98983983834848821,30.138327542670435,6.0110223478424123,-4.00354799623753,,0.361549774414834,0.125,0,3
-0.99474486084859071,-0.093928621195483328,0.040744029447696922,0.086638927543698951,-0.98428635149016541,-0.15386381804783608,0.054556008371187382,-0.14952522325847009,0.98725166475428605,6.73577592261333,3.5556781969874547,-1.6350551928295862,,0.08162326604173881,0.1785714285714286,0,5
0.63585083055661362,0.74460983945620096,0.20310073428098543,-0.76840011167664735,0.63544459880898663,0.075969929707762437,-0.072491307449795539,-0.20436816980512659,0.97620625971908359,0.39032927195399664,18.22435327752908,-0.02165757305584818,,0.1648384686404705,0.3076923076923077,0,3
-0.51391752780641142,-0.84456825241050781,-0.15031048411075176,0.85740787920918848,-0.50015396835578063,-0.12123422209907593,0.027212189977092842,-0.19118178511099651,0.9811773650866723,5.329751337609177,6.8080427158112462,-1.2272761518017949,,0.2047454766094537,0.2424242424242424,0,5
0.95116516940370621,0.29590034820556471,0.087907931638986636,-0.30526221079269655,0.94395245184378818,0.12557368880484768,-0.04582360936432589,-0.14627628854304153,0.98818188823459963,-10.426145557734145,-33.90639817033756,-2.1415403952193719,,0.3921818952594745,0.1111111111111111,0,5
0.99532608185374605,0.075441287954021219,0.060287667507609104,-0.076491889744608785,0.99695266030653285,0.015309601922501817,-0.058948974418289724,-0.019849563712215981,0.99806363185694058,7.1289776484124188,6.4856456281388635,-1.431180402909118,,0.161263691815255,0.3571428571428572,0,5
-0.35788654704470757,-0.93277189313249087,-0.043055949954037415,0.93186678601988315,-0.3538404176046685,-0.080132714806913141,0.05951060878018808,-0.068800830310266237,0.99585387140444881,20.837799981715762,8.2246305929175083,-2.8599593909090162,0.5217231299934084,0.3068560588303607,0.6666666666666666,1,5
-0.30628278554787025,0.94378106704917808,0.12437102860615208,-0.95151902208776429,-0.29963529517866083,-0.069499931570770432,-0.028326769709628528,-0.13962803215225711,0.98979877083935908,-5.6093708833251013,13.71070126763164,0.35098408802843895,,0.08035708467386425,0.2285714285714286,0,3
-0.73076957659082975,0.67555691300741161,0.097972869801576365,-0.68262280225490646,-0.72290978211034829,-0.10689975103258446,-0.0013913198478505277,-0.144997600728654,0.98943102842594111,3.0821569132273403,10.793267619337721,-0.78608249641046413,0.4680364885583692,0.3365771223934623,0.6761904761904762,1,8
0.46458756123513967,0.85187510139970046,0.24179993705713668,-0.88449702185824253,0.45957948219849415,0.080322586275990232,-0.042701478539802058,-0.25118819868260928,0.9669959010115301,-20.426676566854528,1.5548700517974217,1.1757814278153873,,0.22306101831065,0.3333333333333333,0,3
-0.60733010022323786,-0.79440540581108476,-0.0083785786956735771,0.79113968732078199,-0.60380445342465772,-0.097561145803685079,0.072444078493754102,-0.065880446588333683,0.99519426357295415,-8.0467495414617396,-31.69335206370106,-2.2081586655932051,,0.2209084605043106,0.2758620689655172,0,3
0.55418548868214634,0.82255727686459224,0.12758514965008597,-0.82905712754497374,0.55915112743426676,-0.0037809993207856226,-0.074449468775847585,-0.10368000272999955,0.99182041400290777,5.6235909632702983,14.485654232896453,-0.84035757973948166,0.3289963700438181,0.2383696708084519,0.2857142857142857,1,5
0.99448403341284086,-0.1046727405159727,0.0067174905883445333,0.10136286019421765,0.9755515358553063,0.19499941400835455,-0.026964381323816285,-0.19324289969680644,0.98078035454254209,-13.18326683983825,-30.390644097882806,-1.5927127017241083,,0.2355570812455057,0.1538461538461539,0,2
-0.44365729087954237,0.88748084462550836,0.12468343383232772,-0.89614368648785836,-0.437806030833441,-0.072473253920464248,-0.0097314653252771628,-0.14388755953404544,0.98954619336035055,-7.3575533416352705,6.874224231079995,0.13551047826633159,0.8037464164456799,0.6299825198800614,0.8591549295774648,1,3
-0.51145063595741302,-0.84497369708949233,-0.15632561596127312,0.85671826491732517,-0.48727226412682384,-0.16911403007960485,0.066723770395597362,-0.22042048870200912,0.97312010904336077,-31.825577944931368,-30.395869185331996,0.13355327223941788,,0.2188883295410996,0.3,0,1
-0.97704942333829881,0.19540709584760391,0.084796764364589231,-0.20782184693263053,-0.96180024997509583,-0.17818630442700858,0.046738680895042406,-0.1917194461713512,0.98033624316758927,-10.901646561553964,10.312706943301396,0.69345254525124134,,0.3912966355146688,0.5625,0,2
-0.95864766729455686,0.25524753715139792,0.12587034904555622,-0.28212568653540893,-0.91047049146428016,-0.30240466459649096,0.037413192694939229,-0.32541078493334813,0.94483229943807134,-14.312160943503226,5.381882212111031,0.8179609553192484,,0.2140917785073123,0.1973684210526316,0,1
-0.6772898276492243,0.72529730192223663,0.12337873879728181,-0.73571124704614665,-0.6683158110606644,-0.1099224165315266,0.0027295297558587238,-0.16522046032695287,0.98625288296494329,-14.397308867710301,11.745505710948951,1.0583220031461729,0.2719045648715679,0.2166435657127194,0.7625,1,2
0.48922230434341962,0.84753168977098492,0.20579497507678507,-0.86884802723668864,0.49414449735986288,0.030402652777085835,-0.075925242836819312,-0.1936782139604469,0.97812274635510998,8.1390146845512614,12.09635732528783,-1.1821949614149465,,0.2519265961109786,0.2142857142857143,0,7
0.93183990737428779,-0.36279764883900611,-0.0072286251505708733,0.36142755257438136,0.92617821264267131,0.10753623885053447,-0.032318899498144101,-0.10281918314650978,0.99417488618065231,1.2138112213993208,12.36688732360102,-0.48917062513793541,,0.2066205621514264,0.2222222222222222,0,1
-0.73138461245092634,0.64794797663001258,0.21269689290415164,-0.68193053876197129,-0.69801192123227662,-0.21851795834995547,0.0068766978859876584,-0.30486517905247534,0.95237069128962926,22.876485572354095,2.2496871093052508,-3.6045406103122057,,0.1598969134727196,0.3333333333333333,0,1
0.93858812199368424,-0.34373890745182251,0.029931601296890022,0.34409446305318109,0.93890499767338065,-0.0075103821535249969,-0.025521319490018738,0.017348453757507192,0.99952373328686506,-5.6743729529619582,18.391906270939725,0.66205816260132455,,0.1333455996549486,0.375,0,5
0.31309102140042355,0.93080869282730394,0.18859795777145932,-0.94779412204051139,0.3188826629230731,-0.00038666852279726431,-0.060500533418278629,-0.17863097336188774,0.98205430644740244,-25.990284295041217,-26.618289751569943,-0.14881625856668548,,0.2421506173905449,0.15,0,1
0.42207578279245744,0.90375461552028025,0.071271512583389637,-0.90423633687315219,0.42531658338009753,-0.038242005440397256,-0.064874345147809612,-0.04830526708000394,0.99672359283503065,-5.7752591092247005,7.0291046194229905,-0.08953837351010277,,0.1033863687824824,0.5357142857142857,0,5
-0.71989181293884585,0.68681332668334316,0.10021592664732575,-0.69405184669195297,-0.71087470624152627,-0.11379449076960892,-0.006914605347572024,-0.15147477122010819,0.9884369387657993,17.771530166421822,6.7457468711204944,-2.5876013161511611,,0.1097974957431208,0.2631578947368421,0,4
0.46629808426715552,0.86962946250618101,0.16220571676112461,-0.88290624758461511,0.46893365312444463,0.024037199159140443,-0.055160262733545823,-0.15442094064139281,0.98646414963068607,-4.282801606863079,-31.914077437663803,-2.7223267199702024,0.4661320519201914,0.4365576336431959,0.2857142857142857,1,4
-0.85549314676132937,0.50519122814473949,0.1136366967577276,-0.51773535369657475,-0.83833946769510492,-0.17069575401096124,0.0090321302626135587,-0.20486278312640752,0.97874902846062717,4.8453661811164999,16.278949495924422,-0.57964585759257858,0.6064720814284851,0.3721320920875052,0.3428571428571429,1,5
-0.9906885052169101,-0.12865846161049008,0.044534098027302654,0.12299631254668182,-0.98601496448831005,-0.11245619994039975,0.058379728767803271,-0.10593153478137796,0.99265820764644808,12.692590150783605,7.4601336792684014,-2.0242285702164713,0.2424734559473914,0.2455980001590968,0.7592592592592593,1,5
-0.05865240098624723,0.98245421755364071,0.17704125584058455,-0.99707131620857314,-0.048933980295599845,-0.058772918649091399,-0.049078368479925479,-0.17996993077592904,0.98244701524502343,14.325472301812267,5.9281954211931547,-2.3034819683043048,,0.3905908601683558,0.5833333333333334,0,5
0.78429596848699579,0.60797755799039555,0.12346304222349566,-0.61631660067596261,0.78632447908547443,0.042984431160408849,-0.070948442874186488,-0.10980483855911312,0.99141778069728803,-16.079144336285609,-34.107749648072165,-1.5784225452957319,0.6165610560078638,0.5608777401793305,0.8148148148148148,1,5
-0.84405074931849899,-0.53551581453701058,-0.028304504158230041,0.53230369532243116,-0.830248543713343,-0.16534851559042954,0.065046971650995669,-0.15462913064049844,0.98582895242349189,-12.861695514386788,9.6064713130095267,0.85361370234574185,0.3183675134632075,0.2759075586234592,0.7058823529411765,1,4
0.87732267773079176,0.44350354813965981,0.1833289991430827,-0.47501863783765452,0.85688789020260447,0.20025093590539675,-0.068280398696340214,-0.26276937875570766,0.96243962966110619,15.664188385215876,-26.681140735831395,-4.4740778618768768,,0.5106118336799647,0.2105263157894737,0,1
-0.28090525545369621,0.94398834146125954,0.17314227861418993,-0.95787742564138212,-0.26454078879054066,-0.11175423263893394,-0.059691497762513659,-0.19724143137611472,0.97853602020751862,-2.2836343297006141,11.673611760791468,-0.18183272880640525,,0.2824596525809272,0.3414634146341464,0,5
-0.88151828592159587,-0.47101880541957869,-0.032661851248272075,0.46673611683885013,-0.85887738656570323,-0.21091949194955514,0.071294521697270283,-0.20117385463121243,0.97695760982182689,11.679099748996242,3.437659121511794,-2.166068815681331,,0.3141816638836469,0.2045454545454546,0,5
0.79820709328899597,-0.60234370393086711,0.0068919197596933011,0.6018738455308702,0.79795041365913433,0.03198454950592286,-0.024765102241110618,-0.021382228042423977,0.99946460169178941,-7.3237197944784311,12.761340554155968,0.43993236272845809,0.519031790654532,0.2942030720625796,0.7727272727272727,1,4
0.91214126146000096,-0.40986584363184742,-0.0028825971121607089,0.40884311998508105,0.90932126325522233,0.077344317391717474,-0.029079587050399799,-0.071727473229439731,0.99700027442378258,-1.8126528559090109,18.500984616389388,0.26092066892581961,,0.3871139334147163,0.391304347826087,0,1
0.80938839210083391,0.56418140388047022,0.16306371223509264,-0.58659357184155236,0.7900211946106025,0.17825401409282995,-0.028256188819385439,-0.23992885524984101,0.97037916930028179,-9.8508220871842269,11.018057548412225,0.6460019199067083,,0.443231484241014,0.4285714285714285,0,2
0.12899264892751494,0.95168188161657929,0.27867991087516386,-0.98995886919278153,0.1399675522044955,-0.019761620288603347,-0.057812920953814025,-0.27333254568859572,0.96018070467916572,-6.5821142693075805,16.658294434716378,0.64026449346388403,,0.5883386279611164,0.1333333333333333,0,2
0.95772480621102507,0.2656038125997493,0.11053420421087459,-0.28059258709597984,0.94720449050138877,0.15514977679903202,-0.063490122340714897,-0.17960586824066152,0.98168769802757494,-9.5255781435420399,-34.500130173939596,-2.3005601551904942,,0.1595056706998132,0.2857142857142857,0,1
0.98243824788179579,0.16901540174630506,0.079049877112367467,-0.18113013923357132,0.96560192476206719,0.18656043406096764,-0.044799126779127466,-0.19760242121068433,0.97925804636546199,-6.993571664632098,-35.605766089315296,-2.6627400159818917,,0.3383980511760525,0.2272727272727273,0,2
0.1786952370367256,-0.98388631977984253,0.0059767893109917156,0.98305162067926577,0.17828417969112895,-0.042711384334067959,0.04095757976565164,0.013507813366371881,0.99906957497353588,0.39016444701747682,16.539953864578266,-0.11919923386368685,0.3325941319495569,0.3609220711581294,0.5365853658536586,1,5
-0.55745387598021323,0.81330834383245298,0.16665747510132725,-0.83019153573060989,-0.54483483909699426,-0.11805512317304957,-0.0052144180776662018,-0.20416791118749478,0.97892199581245831,10.102731389900976,10.235340656126905,-1.5389209373708699,0.3862469392909331,0.322657433950473,0.6,1,5
0.53539418936358774,-0.83593033028542607,-0.1207209381366999,0.84453068565017875,0.53171347907234456,0.063629373468720801,0.01099922683397951,-0.13601933348491876,0.99064512209336231,-14.94796005971604,9.5999191838554623,1.0139758924326507,,0.6702027184298606,0.2413793103448276,0,1
0.79396772886425571,0.56737051966440555,0.21841689251950475,-0.60393124093224315,0.77734022254855462,0.17609439126276463,-0.069873469558733595,-0.27172204883649992,0.95983583306100773,-10.609159939677783,14.520813582173263,0.86466741536014047,,0.3588270071119642,0.1,0,1
-0.085631352034247349,-0.99608097747828384,-0.022134991635255074,0.9961786017127543,-0.085214183724940148,-0.019150362443397181,0.017189096497725851,-0.023690276444105873,0.99957156110185186,-8.8534146764002841,8.7118016735346302,0.38291365209345185,,0.1272695587807355,0.4,0,4
0.085494784105869095,-0.97021704694082533,-0.22664845844636691,0.99546508796076638,0.09270392559145392,-0.021336373431240653,0.041712115050114733,-0.22379647898337873,0.97374290007819186,8.4982953818982754,-25.152639872917277,-3.6314814385954763,,0.5427896786105415,0.4814814814814815,0,1
-0.98533120639987815,0.1554527126324482,0.070405027020616781,-0.16451543313560135,-0.97493474256751711,-0.14978958573617415,0.045355109467025159,-0.15917506673478296,0.98620799640603773,-16.010540045719154,-36.171160478077013,-1.759196274823964,,0.199837374395197,0.7894736842105263,0,3
-0.98839803765917567,0.12787233082630148,0.081963322044300638,-0.14568345145755521,-0.95078578079119158,-0.27346431397295062,0.042961041920593572,-0.28223229094901825,0.95838368246895989,12.155784337477508,8.9708218325916906,-1.863238968006486,0.3103082352035931,0.2579377467614068,0.4,1,5
-0.050019958833585315,0.98213480459953784,0.1814090111116636,-0.99462289230323531,-0.032492869232668739,-0.098333694913663824,-0.090682444963902861,-0.18535220269328853,0.97847905196386942,1.8133719851533407,-29.548874786461798,-3.195460065017496,,0.1849450235291648,0.3333333333333333,0,3
0.97747330849989489,-0.20899989636578115,-0.029410448642644905,0.20986682268105689,0.94767854962242615,0.24054372434817758,-0.022401962146801575,-0.24129734748775625,0.97019263148477153,-8.1362669375189327,14.414228417669865,0.65718300006772501,0.8235255424560519,0.6530299519129786,0.2545454545454545,1,5
0.82053639728592009,0.56195233622606522,0.10454469158742556,-0.56734414275739709,0.82295962147926238,0.029293089519256618,-0.069574739725828436,-0.083348864568009204,0.99408868938707229,-11.114592920170255,18.860723938249752,1.1974619211118829,,0.609017428052246,0.5806451612903226,0,1
-0.97096498945885457,-0.22456590839701474,0.082444781708673781,0.19813416086077146,-0.94805175367541972,-0.24887893975376829,0.13405164506698619,-0.22531760947335083,0.96501923883208152,-29.795137103422611,-28.904824670845819,0.046762891919898901,,0.5260725806226623,0.3414634146341464,0,2
-0.96480319043256957,0.24540100451828875,0.09451534643935687,-0.25977341529658787,-0.94527512163004901,-0.1974150884113092,0.040897144598167165,-0.21501928148125063,0.97575311024613476,4.7388182680167725,22.620751148521908,-0.22499439430866497,,0.1687136834093876,0.2727272727272727,0,5
-0.59850598743820471,0.75551296105158827,0.26644089153821754,-0.80109835660811657,-0.56207200365177845,-0.20570971233913557,-0.0056573881247586992,-0.33656385485363094,0.94164365105153747,-16.704732132071189,10.129793532620585,1.2029869787279439,,0.3310069002284035,0.4210526315789473,0,1
0.94287837526818841,-0.33277756566681338,-0.015474535226980066,0.33136708266219317,0.93207407404289089,0.14640279035945736,-0.034296151089717446,-0.14316777670257208,0.98910401967360051,3.7166683418571993,4.3422772090235568,-1.2280483547511183,,0.1017007319789028,0.1785714285714286,0,1
-0.9884806313472293,0.13604578166013262,0.066314302709650982,-0.14273694411591267,-0.98367373814351289,-0.10959991638327132,0.050321031744535491,-0.11780289546209272,0.99176119685381625,13.212610779762493,4.5018663516901363,-2.2613063217707641,0.5017800493037557,0.3241043758715264,0.5,1,5
0.97311682844735192,-0.23021736871932744,-0.006603130508896487,0.22817871756225536,0.95981351197049525,0.16337838011961725,-0.031274766893020896,-0.16049294495028393,0.98654138462457519,-5.2435404936097951,8.1244604283309236,-0.048158863084051096,0.4764674994936855,0.2839253564233884,0.2577319587628866,1,5
-0.86175937337206898,-0.5070811015354727,-0.015477043352942907,0.50268610168817585,-0.8493824200658836,-0.16079859344088221,0.068391999348769952,-0.14634978971147464,0.98686588423984123,-8.4105146620529148,6.3774480162075182,0.21883509514284841,,0.09478636690773994,0.3063583815028902,0,4
0.73626145979649871,0.6199423836982485,0.27127569687102954,-0.6730624881088012,0.71238190434232385,0.19874332558955196,-0.070042486528670928,-0.32891254652283847,0.94175930407973307,-3.3463108375073132,-27.28998798225248,-2.4373334574576653,,0.6934013389078214,0.2258064516129032,0,1
-0.99231418766626656,-0.12369313117649024,0.0035443272974658596,0.12085780220679414,-0.97492260674725395,-0.1868670717351805,0.026569618024717145,-0.18500248688299645,0.98237881453394849,20.520667108544174,3.6795782028016326,-3.2100976012417917,,0.2784999462520024,0.2105263157894737,0,4
-0.70764731002797765,-0.69925747459919441,-0.10136206799056521,0.70428063152406506,-0.68653422599427782,-0.18071953020772791,0.056780953410726594,-0.19927303067799895,0.9782975940756341,-7.9869380977572533,11.442859699654901,0.44679314346947524,,0.378669967377227,0.4307692307692308,0,3
0.98330359167596493,-0.18171883481198997,0.0096078963212384919,0.17667019673292503,0.96597255690958228,0.18890384031012447,-0.043608349928614988,-0.18405239572506563,0.98194858696592013,4.871997504059288,-25.689963193020141,-3.2405392325316984,,0.6207822035125463,0.1875,0,1
-0.65177806555328077,0.74311884696166841,0.15152469288529247,-0.75840925557768613,-0.63840782936900276,-0.13134247010946853,-0.00086851466414131846,-0.20052387062571134,0.97968843159014574,6.5993487906350552,9.7866981853023614,-1.2004034454011736,,0.08280963237610833,0.1,0,1
0.37647218089188389,-0.90881052821904518,-0.17981134784191852,0.92613834351821678,0.37405005942452019,0.04852135313287699,0.023161728774879962,-0.18479712346985191,0.98250371881099052,-7.0023501096913643,-26.420002275448745,-1.9638460253764884,,0.2946748919448238,0.2413793103448276,0,1
0.062964727555338038,0.97833890963454229,0.19720147306492217,-0.99612761830889429,0.073755249755613123,-0.047853225343077274,-0.061361316202720471,-0.19342476839479569,0.9791943871598161,-11.133808641069527,16.497081709697909,1.0453166855746863,,0.2692815006641269,0.1875,0,2
-0.9812013228965083,0.18242317921939108,0.062974182246634564,-0.19158657929965675,-0.96000091122768361,-0.20418822951941712,0.023206606352476577,-0.21241476908517379,0.97690399697006769,-6.5475944682967864,14.582407672621327,0.47771235740387652,,0.3441758691498167,0.3548387096774194,0,2
0.1195386306204685,0.91976152687420709,0.37383050901633125,-0.99144954150754327,0.13043292535304835,-0.0038805448493307976,-0.05232898273294357,-0.37017021174842291,0.9274889174002362,0.55439757779288734,24.090065068018038,0.38510394475061971,,0.3141183756918933,0.3125,0,1
-0.86129014101524115,0.48875667057861677,0.13891079855378266,-0.50764503501443081,-0.83945148214560117,-0.19395290033600654,0.021813101914709025,-0.23756709807643181,0.97112618258205752,-7.5282661744964923,15.421511104899693,0.64164356572770931,,0.5942093657784266,0.3265306122448979,0,1
0.35704728556038146,-0.90025206077388209,-0.24912539602846953,0.93377084593468984,0.35092911432378227,0.070148157512077688,0.024274331224093476,-0.25767224102006814,0.96592741603669119,-3.4465006128185398,8.226866979533316,-0.27659185152888066,,0.1545488811749351,0.2941176470588235,0,3
0.91102348562763591,-0.41139699027843213,0.028084248694234686,0.41171041407418096,0.91129356431570574,-0.0062108437142252464,-0.023037872682575861,0.017220802148087619,0.99958626460933186,-4.75406824099829,-29.812240797801078,-2.49097517253273,,0.3814107871490494,0.7674418604651163,0,2
-0.46737995276894145,0.83725190829171825,0.28384013425091459,-0.88383795139962318,-0.43538656186042302,-0.17108190265798506,-0.019658469305069395,-0.33082893436523231,0.9434859621485342,-3.0890218745957814,17.615442986422828,0.32796594614412417,,0.2119690371464177,0.2608695652173913,0,2
0.049181776683700107,0.92683493895814661,0.3722339973305554,-0.99750985877071796,0.064441933290305647,-0.028658661675497906,-0.050549327368991724,-0.369897598208284,0.92769635783605731,-12.463960570432551,10.450003760501628,0.84955914294373525,,0.5523686145012867,0.1351351351351351,0,2
-0.13234491894105344,0.98246413731081517,0.13133560571529093,-0.99105164686878189,-0.12883692467156907,-0.034895273030147042,-0.017362478773552938,-0.13477858041724877,0.99072361362367367,-7.4192018917458791,7.594801036410705,0.19099310700694674,0.6064899447699191,0.5427701511141877,0.6492307692307693,1,3
-0.9970162269390781,0.029982771023655454,0.071131404189058361,-0.041861715630417816,-0.98422577575070269,-0.1718930455614926,0.064855531642583772,-0.174357838337341,0.9825441996295573,-0.72882613253332185,21.843596682163653,0.3540586607350511,,0.4797112415966151,0.64,0,3
0.90984133499602438,0.40627701065589955,0.084425918681153775,-0.40964429667249747,0.91185789383440752,0.026584425056258312,-0.066183799651769459,-0.058772204862358575,0.99607506373730192,-5.9788554925285968,12.065252076549449,0.30463370339254869,,0.06973291581433627,0.3043478260869565,0,2
-0.9936667383215515,-0.1033442341748481,0.044117824246254059,0.087969523946625924,-0.95973096446943151,-0.26679175155011631,0.069912631262263381,-0.26122106557739388,0.96274388021352686,-10.381509656432508,-31.042591847943065,-1.9328970893407902,,0.6163626459203781,0.2352941176470588,0,2
-0.69945186083427358,-0.71416034293769992,-0.027241493178226849,0.71418283839958918,-0.69703651122716881,-0.063898163915431822,0.026645219289364166,-0.064149096574811298,0.99758454563894361,-12.181068264361469,12.550084917550437,0.91682251329126963,,0.1046261519751661,0.1724137931034483,0,2
-0.20726268460149344,-0.9735694835529366,-0.095940816476876772,0.97551475718754366,-0.19830382682187692,-0.095113357511586061,0.073574031295760622,-0.11330513210912813,0.99083238186719713,-5.4168392394581373,-31.489430642028118,-2.5525088312990953,,0.1853840908715695,0.1666666666666667,0,4
-0.95045721296666441,-0.30892776123713533,-0.034564789260951981,0.30257535281248438,-0.89391084876492755,-0.3307136984322982,0.071268802361504499,-0.32478767340738141,0.94309794030767491,-13.531663205824145,14.031051757166157,1.1031258838834894,,0.3582845409454926,0.2352941176470588,0,2
0.32228488709283282,-0.9118219335253579,-0.25438791852923598,0.94625899916140266,0.3179549730741244,0.059148470846617986,0.026951030733914295,-0.25977951543474331,0.96529179282891941,-2.2929282246255509,21.912596427747982,0.54393117587092943,,0.3527152110098185,0.2380952380952381,0,1
0.60275010049516053,-0.79456014774747119,-0.073256316892066325,0.79781535908639101,0.59856193783237988,0.072209828861447681,-0.013526609291593375,-0.10196949636956636,0.99469555777192953,3.2159355352227008,-25.324995469163444,-3.0937379045071585,,0.2835976522574809,0.2727272727272727,0,2
-0.032728790295155491,0.99208206289735512,0.1212518319991282,-0.99846724145603394,-0.027037156458100002,-0.048292441539428223,-0.044631760272194176,-0.12264653540964497,0.99144633406302785,21.337799595175195,7.6014793554579763,-3.012440011098207,,0.1311668287801572,0.3,0,1
0.6614387448950878,0.74737901793567385,0.062636972317621012,-0.74677002146438887,0.6640316688885165,-0.037369476250120034,-0.069522095722778884,-0.022057793693827963,0.99733651890606789,-25.331452011425018,-31.136733397742411,-0.46039681948141647,,0.135514548594486,0.2307692307692308,0,1
0.99013095507415716,-0.1336360797836286,0.042214807639026693,0.13237226475162875,0.99070109648484705,0.031447113512151813,-0.046024725186155385,-0.025548690842879987,0.99861353338904502,-1.4427481491551166,-29.251207321684142,-2.8635419260665063,,0.9459579960134707,0.9399999999999999,0,1
0.57181100193492951,0.77400477065434459,0.27193527367829068,-0.81755518612169187,0.56513223156407688,0.11058516398202776,-0.068085943569117888,-0.28555590670080999,0.95594044188776783,-17.994983216328762,-26.713505080853231,-0.84223824054067709,,0.4319312582887109,0.3,0,1
0.14968672864448335,0.95657080696019237,0.25013231406445463,-0.98727283950459477,0.15834960877507429,-0.014756075945708045,-0.053723585549062251,-0.24474005122232667,0.96809921169446556,-20.274067864216278,-28.651129071555268,-0.78448868280073925,,0.5228212755278591,0.675,0,1
-0.62679387865054337,-0.7789768853931065,0.018012376563426059,0.77611504295432721,-0.62620748910295199,-0.074226819219061851,0.069100461548461861,-0.032545239507975575,0.99707869980215613,20.233060718033794,4.6529794928077068,-3.0945062032201336,,0.1070026146376992,0.1666666666666667,0,2
-0.97239680172376053,0.21430503935007125,0.092291982894326122,-0.22977968369125221,-0.94826500485039533,-0.21907710409540396,0.040567930193075558,-0.23423669798997085,0.97133280205839134,7.7581768469601933,-31.808973183382744,-3.9895811134790518,,0.614184273860387,0.9259259259259259,0,1
-0.85950507151388134,0.47027337361567467,0.20023482741533427,-0.51069674109225482,-0.80621448627871084,-0.29867547731962207,0.020973094184389494,-0.35897236130722587,0.93311251901249648,7.1748693341040024,9.201632995421356,-1.2932274612538484,0.4892605032098453,0.157456318798065,0.6666666666666666,1,3
0.95836324992187094,-0.2807350452372826,-0.052227536556961336,0.28513130274441184,0.95073257133616251,0.12168696723890161,0.015492623872752504,-0.13151202293382783,0.99119350604682044,17.009682631817373,13.78860415678219,-2.0379921093754683,,0.325251852221388,0.35,0,2
0.99386784851586263,0.095047680856624489,0.056503433968456508,-0.094299916184768601,0.99541904723362706,-0.015762176627741327,-0.057742752740028436,0.01033725148556322,0.99827797518413097,8.0942742455914978,16.455143374187646,-0.98229203705556167,,0.0832992485769416,0.4,0,3
-0.46643297407478584,0.85966232576369683,0.2083769813542326,-0.88431093941580774,-0.44762928984033623,-0.13274856423543074,-0.020843299289753769,-0.24618835175448134,0.96899785981968511,25.946977313444854,3.3859341896745474,-3.9041272944175751,,0.4813732354864674,0.5806451612903226,0,3
0.91001120196316732,-0.41285268711574818,0.037845356952439943,0.41305710998850775,0.91070137422663233,0.002613593247907808,-0.035544847580110804,0.013253894636286907,0.99928018998050649,7.6555474107096719,10.403547714869909,-1.2657103977762414,,0.09222173414699002,0.1739130434782609,0,3
0.48048291572719826,-0.86601123041304029,-0.13842223987778426,0.87551580575256016,0.4828464060615541,0.018205000161688616,0.051070946454284914,-0.12993805043917475,0.99020596921869275,-8.0173967009299059,3.5996372373238725,-0.0052174934424672002,,0.6369338720673949,0.3714285714285714,0,2
0.99963799306467971,0.02039398875389906,-0.017549018329382979,-0.01737280111971785,0.98732125233898194,0.15778127411400517,0.020544308284143026,-0.1574192805932296,0.9873181359089056,-3.5015380681244026,-29.789842088004985,-2.6343199762937957,,0.5651613965509814,0.8307692307692308,0,2
0.86648575443546261,0.48538275445397605,0.11664484145935328,-0.49446415757713691,0.86661925716891808,0.066904857637724718,-0.068612201771541051,-0.11564879931353893,0.99091761563986613,-3.7274125367946374,2.3848028430686581,-0.57674544374395453,,0.584957226646182,0.3786848072562358,1,1
0.12129050954372533,0.98649723112324272,0.11005373815005179,-0.99244513377263366,0.12258526403169343,-0.0050506923585450858,-0.018473460575758983,-0.10860969583078993,0.99391280564539486,-7.2153180388973546,21.269349913568394,0.98724513571197703,0.6613784635122331,0.3769328680876459,0.24,1,2
-0.3846058157086073,0.90722341510310733,0.17036443763817855,-0.92282216734248734,-0.37352320257369231,-0.094231972283337614,-0.021854381355512337,-0.19345824414521179,0.98086507420124847,4.9537512879675463,10.715776043718925,-0.99958338274327707,,0.0721380073703234,0.3333333333333333,0,3
-0.96452334839632625,0.26084402047046035,0.040683010989180785,-0.26375708985444585,-0.94555780255223454,-0.19066368186968397,-0.011265342864450991,-0.19463000543954218,0.98081203756517532,14.53803982670525,10.331683085924046,-2.0435528098137756,,0.2337655074865349,0.2380952380952381,0,3
-0.98959221670196151,0.12813098691708119,0.065495761958718576,-0.13642941486222038,-0.98014906877578967,-0.14385693496771321,0.045763079040319357,-0.15129525164263244,0.98742872523901326,17.891186209324115,3.7706682482691418,-2.8405790867683627,,0.08607484791690445,0.2857142857142857,0,3
0.038090908876920127,0.95973859462608491,0.27830004068644648,-0.99812135676186697,0.049916099598809605,-0.035526612232128885,-0.047987913444746698,-0.2764239732475991,0.9598369378062247,2.0592058801279487,-30.558601166966259,-3.2893951251451754,,0.2457522883428721,0.2857142857142857,0,2
-0.97842281499226291,-0.20372726695562793,0.034409240058549243,0.19799785639198761,-0.972121370842431,-0.12560608749424101,0.059039342533554362,-0.11608290593460965,0.99148329031960125,3.811941987394464,9.9856458680886906,-0.96918401703393942,0.1758684683281414,0.1887364482482479,0.4153846153846154,1,3
0.91958945778358325,-0.38839755976810536,-0.059182469528361197,0.39225591621232969,0.91614231319409889,0.082574561287302922,0.022147806431341791,-0.099149369849463903,0.99482605370423083,24.508719695348191,-28.830274272019977,-5.6459099830398287,,0.2553481653844089,0.4545454545454545,0,2
-0.33104675804768191,0.93702948455535651,0.11128247418188464,-0.94345327398799894,-0.32650152650484632,-0.057381817602188308,-0.017434557277006529,-0.12398587929247189,0.99213080687408717,13.9457075245711,13.788980943522953,-1.7563653984135079,,0.1365803611121607,0.5555555555555556,0,2
0.80862831180070194,0.56316874879925749,0.17017994514697246,-0.58417306747226616,0.80288695556575296,0.1188038880777937,-0.069728621056141457,-0.19548272803047465,0.97822513893651997,9.2485219835885228,11.350608550055163,-1.364340923381032,,0.7705727892760854,0.3956043956043956,0,1
-0.36395951147350253,0.91513099389196084,0.17340339681298439,-0.93138365366347697,-0.35606274742813931,-0.075787925043493146,-0.0076133892874582342,-0.18908882545575528,0.98193047227964214,32.477825879440374,14.236516077411581,-3.5766731779005356,,0.1934590640894828,0.1666666666666667,0,2
-0.98607702387217666,-0.16568614146081925,0.014149399959572881,0.15540524651741333,-0.94847204524394813,-0.27613400505121455,0.059171888141688826,-0.27009050690201536,0.96101498725834655,6.8616746026440714,17.128406230019255,-0.76570900941298714,,0.2518106906789058,0.125,0,1
-0.79269619293615168,0.58595733774428027,0.168186634570546,-0.60944143657985173,-0.76833052258496981,-0.19557439363013154,0.014624673808931139,-0.25753098145260589,0.96615936185912932,22.850544829707449,14.162285143575982,-2.6213033445139491,,0.1161869211318401,0.5555555555555556,0,2
0.26639782880228469,-0.96247703940507667,-0.051673449928051764,0.96337443293859726,0.26758686146848765,-0.017520660081193747,0.030690369330866496,-0.045113414717605063,0.9985103309645087,9.3017900154107114,-31.459150956434897,-4.1111879704042069,,0.2792635351457691,0.2,0,1
-0.99825248333624683,-0.042977501731732801,0.040557537621447023,0.024577505627441897,-0.92611443943510907,-0.37644121890001203,0.05373942435632565,-0.37478657848793445,0.92555231881031896,31.870856053109723,2.584951723002725,-4.6361676376312637,,0.5976594211205564,0.2222222222222222,0,1
0.80354269214539609,-0.59500933237241371,-0.016823682398994504,0.59511782477780284,0.8024581341062188,0.043539839670134334,-0.012406310147035816,-0.044998193258160867,0.99891002901764658,0.24867213778139979,11.279711495344754,-0.47130663261298061,,0.1017561207461432,0.1428571428571428,0,2
0.17624471678189779,-0.97826104309697026,-0.10928463462580702,0.9833532252839301,0.17996442059145115,-0.025084689451443334,0.044206720418514346,-0.10304435394533179,0.99369393023698616,23.975861807075148,5.1599175650755855,-3.457834464953911,,0.25503221518138,0.4666666666666667,0,2
0.89724162569834209,-0.43510832745540745,0.075088004988504681,0.43066164333819551,0.8999050078114571,0.068567673674302762,-0.097406437525661096,-0.029184247374548763,0.9948166995149107,16.153948147520008,18.81537573813743,-1.6516582736704755,,0.203896964867135,0.6956521739130435,0,2
-0.67810281429984043,0.71553240072795399,0.16789865022425188,-0.73494050193773508,-0.65820608863790331,-0.16317844064551398,-0.0062475475304403245,-0.23404727810526257,0.97220514283836823,15.400261737800509,15.711588502286768,-1.7967280362286839,,0.1560088136848313,0.2,0,2
-0.99499167624597329,-0.087468633314805491,0.048381839436597587,0.077546207011963617,-0.98087317292458409,-0.17853404273392062,0.063072577078206321,-0.17388805831022386,0.9827435032590216,13.838994928764832,18.484465694424532,-1.3619174210807292,,0.2587636166948331,0.1818181818181818,0,2
-0.98424300019220323,0.15938928810094713,0.076555675239153825,-0.17128282690654567,-0.9669337249838571,-0.18894804761030093,0.043907969430979729,-0.19908346573112368,0.9789983983096866,7.4800554603912897,-26.606748145743882,-3.6168853454647096,,0.1901107029911092,0.375,0,1
0.99776046078457759,-0.04429049502053304,0.050123995708467296,0.043817384669118088,0.99898438664529787,0.010499144711653773,-0.050538101425606115,-0.0082793290642324928,0.99868781559331177,-9.7268129061445627,5.3610554370778676,0.31737198181973442,,0.8149024126846629,0.5730337078651685,0,1
-0.98195413845859514,0.17514242505008196,0.071352651749002349,-0.18412110091998185,-0.97151571283851834,-0.14918659424988234,0.043191320424963583,-0.15963192241980156,0.98623129091735207,22.778373969046662,-33.565420818289446,-5.7006968373153857,,0.1763291564304382,0.2142857142857143,0,1
0.56339403508579533,0.80998058795495409,0.16284535107239934,-0.82339232695468456,0.56667457384174214,0.030083272319189176,-0.067913453320354922,-0.15103434873374819,0.98619287584157567,20.535972092559561,9.206424337284254,-2.7572667291747508,,0.2940060407818768,0.1764705882352941,0,1
0.77942388668741258,-0.62398869980004279,-0.056004530021601315,0.62589365383627094,0.77163381295761335,0.11330663170343626,-0.027487068751882195,-0.12336677519635458,0.9919803928652432,11.299652686398348,14.585434257897079,-1.3533253526004885,,0.1576928404825875,0.3888888888888889,0,3
-0.98178192570049838,0.14466074345701491,0.12319707654926,-0.16947708852285751,-0.9598533009460305,-0.22351545165563902,0.08591720918207281,-0.2403225123983862,0.96688330381742094,15.278282739463997,13.058150573495919,-1.9084123172220178,,0.2184511726571724,0.2666666666666667,0,2
-0.55245489400835479,-0.80766859696668747,-0.20607044319863255,0.83079054751733339,-0.51346497309531036,-0.21480406783876918,0.067680545521351276,-0.28987093486256216,0.95466967317488272,41.795073791952994,0.83956297183996564,-5.8356476736833933,,0.259978882131241,0.4,0,1
-0.82008888846428152,0.56854148646661751,0.06492143855267038,-0.57199373928612218,-0.81775075129047958,-0.064084873264568243,0.016654646045442482,-0.089689948880490256,0.99583047544997139,-5.4089567018646569,5.8883404863270803,-0.22250412597733751,,0.07456356244962187,0.1818181818181818,0,1
0.32302316314445434,0.88595029633218347,0.33278838396354216,-0.944431656014323,0.32438330155644873,0.05314433920353321,-0.060867751643980644,-0.33146273712176583,0.94150282565139065,17.297878856492346,11.802871648608431,-2.2034813701082911,,0.634436030697601,0.3888888888888889,0,1
-0.7093960070629427,-0.7044288059307785,-0.023181081469383726,0.70133143882848703,-0.70224908319850188,-0.12239459978948121,0.069939388572655262,-0.10308386159724812,0.99221076360029581,20.356295138589111,6.3080755525468915,-2.9899355448788683,,0.1243620368364315,0.25,0,1
