axis_00,axis_01,axis_02,axis_10,axis_11,axis_12,axis_20,axis_21,axis_22,location_x,location_y,location_z,dbh,dbh_approximation,score,reconstructed,number_clusters
0.62820926050488413,0.72755720211962271,0.27570571749561612,-0.77769266967763628,0.59783353377074722,0.19439438631002429,-0.023393087559721228,-0.33653466915467517,0.94138046501474437,8.4887062532092568,-13.724569217406934,-0.96167383232564196,,0.3760869918823662,0.1666666666666667,0,4
0.90736666037405189,0.40789607136947648,0.10152112392495964,-0.41592389942763652,0.90617171210449798,0.076551538629291246,-0.060770498817676967,-0.1116853756897008,0.99188372470290154,-2.153858303540126,2.0083225184809281,-1.2514670685589104,0.2216460399052045,0.1806078731227617,0.6929824561403509,1,5
0.81558493154732159,-0.57817396995491277,0.023153399308228306,0.57074605994317928,0.81040371604225447,0.13226772880881166,-0.095237358700708805,-0.094660855116991932,0.99094357458748994,3.0069603267595961,-9.4946171838421112,-0.85252400313900534,0.1728044271933539,0.1442846814783683,0.5108695652173914,1,5
-0.16989635841681799,0.96419172490903582,0.20364072533175542,-0.9837236058014297,-0.17820467348579677,0.023042606989113767,0.058507219945390883,-0.19641133359549254,0.97877448538951151,-20.716367360892534,11.610513689848425,-0.52297424061166442,,0.09453109101674285,0.1785714285714286,0,2
-0.62096011881278934,-0.78365681224922978,0.017044983408140809,0.78354605465311256,-0.62117642254105487,-0.013979710892570383,0.021543237489978061,0.0046746865642575582,0.99975698858471496,-14.308967114969061,3.8641759835212617,-0.51919970321333975,,0.08580375096792815,0.5465116279069767,0,8
-0.13472500885773994,0.95277235863654519,0.27216539935567813,-0.98911033273433224,-0.14573396219801868,0.02055144618376167,0.059244591875203693,-0.26643281494632071,0.96203099401906988,-16.043431722517248,-0.69926940399805393,-0.068973834633106329,,0.08511125832993953,0.2686567164179104,0,3
0.24423781620564627,0.89712205870116024,0.36813027711244922,-0.96968065225447808,0.22273386785255234,0.10054380515363127,0.0082049849741862458,-0.38152540662875045,0.924321936512566,-14.254252414152642,8.0214114099926395,-0.81877759550337192,0.6536229867781922,0.3087187543910204,0.25,1,4
-0.92547992841883853,-0.37109374926006533,0.076002179929058888,0.37102414304931747,-0.92849286964436017,-0.015558801178115429,0.076341256004737665,0.013799285477453892,0.99698625484603887,-12.92278745845214,10.139022107585836,-1.0294783188215191,,0.1026575561698099,0.3269230769230769,1,4
-0.050345217967029329,0.96854188146151154,0.24370470426901383,-0.99780737609804071,-0.059275005561682123,0.029443401977448092,0.042962765648819075,-0.24168801701916826,0.96940244645717044,5.0144148898571421,13.680919938810201,-2.4911961880424633,,0.2815148211939477,0.2,0,5
0.393613284997401,-0.91858840961412913,0.035551590627423413,0.91655366580619846,0.3951281568965771,0.061669419688635499,-0.070696248632965392,0.0083110378472789834,0.99746326602994606,1.3831772786305772,-8.2522796239545588,-0.80287106971162214,,0.09365721837368837,0.4444444444444444,0,2
-0.81530693873300153,0.56893001810245514,0.10767186334303899,-0.57065005594107443,-0.82101457254486765,0.01713433171783945,0.098148404512098414,-0.047473215299877448,0.99403882445346237,12.910130286039404,9.9720640469967528,-2.748142215416014,0.265409337080923,0.1715994653160031,0.2083333333333333,1,5
0.73729459488491489,-0.67088653665675924,0.079422511205501006,0.66969433528022271,0.74128557146855079,0.044779446469605882,-0.088916689361837831,0.020173162004075224,0.99583475832473711,-6.6103101537522662,0.11051709933008316,-0.78804954406678385,0.1081791613163709,0.09982281741608334,0.6183006535947713,1,5
0.25705992210017914,-0.96632282736713992,0.011848618443788645,0.96556547825379446,0.25732787550649261,0.038284091889923592,-0.040043771730081529,0.0015993112554236277,0.99919664658621499,10.171542124366614,5.4408715022102303,-2.3231291134573149,0.4131796676123872,0.4175992768057788,0.6712328767123288,1,5
0.52465039086695597,0.8162264008049156,0.24190169489320262,-0.85120520380807085,0.49833679829085548,0.16465156081641097,0.013844434737880839,-0.29229248724227058,0.95622875585736089,-13.851340198238425,0.78636858205592397,-0.31377517849611009,0.4577521848582437,0.3764109459947073,0.3279352226720648,1,5
0.19100845722162782,0.96660710486076906,0.17084049315808125,-0.9814146563112186,0.18478550970450128,0.051764734914615862,0.018467312943317566,-0.17755286603130468,0.98393797473048261,-23.914079090059197,5.9801832087877482,0.0082567151548835326,,0.09116506077259252,0.1428571428571428,0,2
0.66789184613757191,0.72435185209024688,0.17098209332083877,-0.7441674246658323,0.65353932334406839,0.13820707980852909,-0.01163296734156068,-0.21954668573314273,0.97553263751369379,14.351941141132711,6.078288032460315,-2.6402313914944711,0.2603078456748206,0.2705278728171687,0.2916666666666667,1,6
0.78904372013974189,0.603912897851271,0.11269081380891467,-0.61269597691669919,0.78698195700586993,0.072546807078606751,-0.044873684695225319,-0.126287810797755,0.99097817396034626,11.22441046382905,-5.4308112120426948,-1.6856588406453745,0.2887794837938493,0.2764603289388433,0.7307692307692307,1,5
-0.8022643540853015,-0.59312069283867341,0.067673849385616686,0.59514504154001369,-0.80351213789158349,0.013062304208412109,0.046629236477026936,0.050755176952402878,0.99762198568300464,-25.005124376451523,5.1347403573129942,0.16582100834288332,,0.2514739689925296,0.875,0,1
0.54922043262918685,-0.83562533990404375,-0.0093385059222543775,0.83152372542951225,0.54534357280863577,0.10568198353615732,-0.083217849229798205,-0.065807893953257438,0.9943561286898186,-8.1047633129535104,-13.593821566599553,0.26162083247410933,,0.2472689317911341,0.8321678321678322,1,4
-0.6393344401860318,-0.76854393791368236,0.024324660082779139,0.76849903239148631,-0.63971481372062877,-0.013198269573317406,0.025704295465196366,0.010255369447786326,0.99961698494579754,-9.6287398696681468,-15.581241139972796,0.52568557223648571,,0.0757600933213453,0.1304347826086956,0,1
0.9928805580581801,-0.065582404290318072,0.099434127328486457,0.054079205293143168,0.99197705182527562,0.11426709153074686,-0.10613028307197928,-0.1080762550217914,0.98846137310242232,-12.864708505859525,5.2254537515450883,-0.73046965167003997,0.2840532213811252,0.1078519810934215,0.1694915254237288,1,4
-0.70934059749483558,0.67793956602527061,0.1929607772661017,-0.70099450922083995,-0.70714853985698356,-0.092453451100377698,0.073774079376863852,-0.2008454316025241,0.97684108114702706,-25.459537178716182,1.0192947473094909,0.46321719472948836,,0.4964802743658783,0.3809523809523809,0,6
0.95344582051776927,0.26595627044988057,0.14215600425443542,-0.29295380486681805,0.92869733717541247,0.2273748537929195,-0.071548134505739075,-0.25843474637069852,0.96337549601236017,-30.563348135826757,5.8043872632302449,0.58408280317587813,,0.2277334672232473,0.2352941176470588,0,1
0.32515515096389708,-0.94291633909419614,0.071992397312797191,0.94339759908962595,0.32869933351694269,0.044246109178618889,-0.065384232300868816,0.053530604468060398,0.99642329185527867,-5.768448246246372,3.3297506791909059,-1.1155904915848462,,0.07923068617786379,0.4285714285714285,0,5
-0.9693905484133396,-0.23582135773282889,0.068339241171752829,0.23380460681420223,-0.97160734082244571,-0.036257152292933172,0.074949119269955941,-0.019169311333009836,0.99700309278541233,2.0878643814996387,2.795225454152924,-1.6285144536396752,,0.07921937520723955,0.3880597014925373,0,5
-0.65060972924885097,0.74882273947548128,0.1263783409100335,-0.7545774471427682,-0.65620162586634256,0.003507488256782266,0.085556159744576615,-0.093080239872942894,0.99197591325341994,-15.238276436429258,12.205809271251114,-0.96039123768826129,0.2162239383221896,0.1706850930681641,0.5238095238095238,1,5
-0.96790654893152794,0.22495931203430974,0.11202776648898652,-0.23274509402320001,-0.97056381354557875,-0.061932261738094858,0.094797857273213632,-0.086018554771131767,0.99177324751754348,-16.100873219718995,5.9957180647567982,-0.5447666047554951,,0.08377465642143644,0.21875,0,4
0.2463188143055472,0.9518643782282854,0.18243148626042938,-0.96914472422870246,0.24010848327886097,0.055735264933409925,0.0092490658329289367,-0.19053115681589919,0.98163757724712941,22.58486921010913,-3.6687790038151125,-2.5699842597337659,0.7455817532995744,0.7008850161622782,0.7,1,3
-0.43020989811425298,0.86614209370460227,0.25439598479050751,-0.89991602668598691,-0.43371693957244423,-0.045174785462892733,0.071208064699370854,-0.24836966368886668,0.96604447189601461,-1.0606059794121243,14.982771644860387,-2.1904485776546734,,0.1110063795978256,0.3571428571428572,0,5
0.99523153988167734,-0.027352691398734159,0.093626984881445816,0.010064536161346413,0.98354989755393996,0.18035604823096571,-0.097020034717587161,-0.178553715432861,0.97913517124476668,9.2033444031744605,7.8035507745546822,-2.3975951559407194,,0.1743096623747114,0.2903225806451613,0,3
-0.64290034002570917,0.75342418719618554,0.13795342309124864,-0.76115502027396031,-0.64854933725085573,-0.0051761243436612833,0.085569783840866845,-0.10833167265043686,0.99042519192222922,-12.705352095104688,-9.3984054596156028,0.34722026766206826,0.9187939316521564,0.7096946408141529,0.6818181818181818,1,1
0.36444198456951399,0.91603310375563429,0.16752728943922116,-0.93001093176283189,0.34884087799449853,0.11571390859207621,0.047557404099278978,-0.19797321703666343,0.97905306222466371,-21.042424708340771,8.2320819173667985,-0.31559001810970883,0.543041835745163,0.5266298035584319,0.8490566037735849,1,3
-0.33021246887173406,-0.9435535661283434,-0.02581459370433957,0.94387256933277452,-0.33030937435800956,-0.0005385836678205284,-0.0080186197553560878,-0.024543533928641625,0.99966660276289754,2.2680776907443025,-7.1444552524091183,-0.94432372100864381,,0.6613594162561858,0.4821428571428572,0,1
0.99460953488465742,0.049758793677329376,0.090972169196420677,-0.056921219203796593,0.99533400968670571,0.077911385338329336,-0.086670917388005989,-0.082669653517849412,0.9928010276315995,14.023012050559599,-7.8541046424105971,-1.7384030053950021,,0.09460277897805655,0.1904761904761905,0,5
-0.95854610887364267,-0.27351726781023078,0.079860261537428298,0.27313133333963552,-0.96184484239030799,-0.015930282962887968,0.081170388143169403,0.0065424289672374528,0.99667876706183378,34.84029028625681,-0.91357980135752237,-3.5097716178311624,,0.3047235874849656,0.5,0,5
-0.88948552336956543,0.44354654288263873,0.1099180058626926,-0.447656527684822,-0.89408475082277639,-0.014700053310890422,0.091755855056445984,-0.062280997447330726,0.99383194777579342,-16.607475842406771,7.9775921957164382,-0.64651954407856915,,0.1174715814078509,0.3559322033898305,0,5
0.72813890122660918,-0.68363183564018404,0.049611025183293779,0.67530856329406208,0.72789794207322878,0.11883993548999622,-0.11735452638144987,-0.053029229909451366,0.99167324049456695,13.109057721525156,-5.3993561002764148,-1.8251571090956047,,0.2282545085510441,0.2142857142857143,0,5
-0.97866449904334496,-0.19271498066185516,0.071251207293205679,0.18918103058208541,-0.98048556929481812,-0.053465746721765808,0.080164430891378577,-0.038845651405488853,0.99602443714335875,-1.6140925495931453,-14.123334759395782,-0.16834886926418607,,0.09827382420141673,0.2083333333333333,0,7
-0.91824767375625482,-0.39175920170463241,0.057844079394319223,0.39083388811668085,-0.92006519279091337,-0.026998387252155465,0.063797190696964129,-0.002183779835250524,0.99796049499206474,-7.6466561630597276,-8.124173741819039,-0.11505600078324889,,0.1048722703052613,0.3082191780821918,0,5
0.11488042756737482,0.95932512259771274,0.2578716667546494,-0.99292062458713926,0.10300306477175759,0.059152361889535654,0.030184774828092793,-0.26284154504284313,0.96436673603358436,-14.955693008219548,8.5122212195979845,-0.79951593434275681,,0.1110225955652465,0.3333333333333333,0,3
0.99621787162161979,-0.0087523977156987506,0.086448526857993452,0.0038973638534081528,0.99841356350016019,0.05617087122260387,-0.086803011564606028,-0.055621504412757768,0.99467154650677425,-2.2080267790703441,3.4925201741774052,-1.378210330664333,,0.08783242675209149,0.6027397260273972,0,5
-0.68714678380171113,-0.72261315792136005,0.075229791372063093,0.72178955938039213,-0.69079967838786671,-0.042610284071798891,0.082759467618056304,0.025020558309906311,0.99625541011401131,0.68272181893769923,-11.707223845291837,-0.49574865969061616,,0.1701451446975789,0.1923076923076923,0,5
0.28371426838207919,0.95147444945525927,0.11917460279033508,-0.95882405368961077,0.27983680768317254,0.048454051759522998,0.012753351820011317,-0.12801458158937867,0.99169028376698976,8.1676720268475105,7.9057746976910588,-2.3366112540448323,,0.09591412823273686,0.4210526315789473,1,5
-0.47980329763651125,0.86929446127656851,0.11881050109738353,-0.87431548334003539,-0.48502642304520072,0.017938911334298261,0.073220428631708703,-0.095270711878625292,0.99275488429376679,-10.205462365006497,-0.017631145408296096,-0.519947606814821,0.2081139317877521,0.1707706964537767,0.827433628318584,1,3
0.92427222682742216,0.3407919820607106,0.17199324311905509,-0.36835237302964102,0.91446591808965927,0.16753690320603459,-0.10018672566218677,-0.21820382584997985,0.97074698577205032,6.648482105426516,-10.838052842869986,-0.99637859987915112,,0.2943213985613534,0.2413793103448276,0,2
0.39747189347274059,-0.91722775703693005,0.026633355406288643,0.91442274838305493,0.39834122499686248,0.071800457572217993,-0.076466536071508551,-0.0041845177741575102,0.99706336743068813,-17.201166997709443,-0.45416950014728802,0.00011504488585054308,0.3750386831607546,0.288536997424071,0.9298892988929889,1,5
0.76139198023358035,-0.64811905714770601,-0.014964631567673857,0.6422477891321372,0.75094790498627229,0.15360670998237841,-0.088317777320704061,-0.12656591863016392,0.98801874397727585,-36.273277601759638,6.6129549540168879,0.92802345789981988,,0.1964721688195224,0.1904761904761905,0,3
-0.98399326266195641,-0.16959875441837352,0.054713083769903775,0.15857712656397424,-0.97339806934021877,-0.16537682284844654,0.08130531327403856,-0.15405343587362613,0.98471162526342693,-11.66664048918099,23.271450163448545,-1.8628303282737755,0.3962621440738453,0.4655104408600394,0.375,1,7
0.89083943637156404,-0.44853333402709711,0.072269958293412775,0.44521293080579133,0.89355741411047684,0.057797871340697811,-0.090501628982646271,-0.019313103187600791,0.99570902335810607,5.9488552328836724,14.068513915970343,-2.5809486614667461,0.1917706268947925,0.1920631981896412,0.6976744186046512,1,6
0.98717788600921641,0.13174469940797184,0.09012855015075695,-0.13782778180108454,0.98832418147356116,0.06495240471612948,-0.080519090519994202,-0.076541795723110387,0.99380985584231107,-24.053669887382632,2.8102917867011219,0.25680639153123336,0.4094970241594049,0.3918085767839904,0.9252873563218391,1,5
0.75227934861009571,-0.65785183221052812,0.036148976638647579,0.65170314783799588,0.75106096674419209,0.10578483507255047,-0.096740832913601721,-0.056021344954675881,0.99373176469138391,0.74008471139195509,12.632434538613554,-2.1243741323369281,,0.1635697169808773,0.4642857142857143,0,4
-0.68897146460708636,-0.72477588197148113,-0.0042710501785818492,0.72312646408602432,-0.68698081805346178,-0.071731949402200831,0.049055457347884204,-0.052509775652327721,0.99741480115613501,-0.46439779360057021,11.300134331416773,-1.9818649961189234,0.7675528827445215,0.4292355787108295,0.4925373134328358,1,5
0.87598612137368748,-0.48114370033037523,0.033897710735066582,0.4729626812019338,0.87062630730538848,0.13533711692681183,-0.094628839953588104,-0.10252108397875041,0.99021957665401705,-15.443300771504829,10.765075512613306,-0.8784231285604156,,0.07701179969339494,0.3333333333333333,0,1
0.898700824158154,0.42440077924233954,0.11054775997707582,-0.43440915145401343,0.89605322347953709,0.091527645140330904,-0.060212272756128143,-0.13027892872765393,0.98964735281771776,27.690926805643787,4.4110162992607584,-3.3699862048720797,0.3231680872650353,0.2932549553749627,0.68,1,5
-0.34558320810278392,-0.9379762135527685,0.027800523135352806,0.93830574340597039,-0.34500867683339509,0.023480732549024875,-0.012432946905575341,0.034199937410487574,0.99933767371812909,-3.1164200590293301,16.376048803129297,-2.1282244567975117,,0.07482386058185868,0.125,0,2
0.99571059278363305,0.05511410635394437,0.074315884569001428,-0.074082669823081135,0.95609929972451702,0.28352405029939415,-0.05542719053272837,-0.28781341933116195,0.95608120063232838,3.0748258756421936,13.152808582898208,-2.3134635035491358,,0.3715772471534252,0.573170731707317,0,3
-0.034834245617482891,0.99435355221408006,0.10023766024555075,-0.99846686055724454,-0.038943678565188738,0.039335966605283219,0.043017481344467118,-0.098713743212649183,0.99418564322752445,-6.9331306378896986,8.9484479069416185,-1.4036175413028915,,0.09767981841819021,0.5934065934065934,0,5
0.89267790145365311,0.43802169563598942,0.10612802838305765,-0.44695292975431172,0.89065414183957192,0.083476213426658993,-0.057958975494221007,-0.12195160423786357,0.99084235041881019,6.1353825588963042,-5.5310834557809478,-1.3367317829256846,,0.2746033609667103,0.9774436090225563,0,7
-0.53492071974439248,0.82521289805707088,0.18133807230802546,-0.84307300579749034,-0.53543942600277117,-0.05032422853265666,0.055567350879138215,-0.17980070623351968,0.98213236152475991,-18.685595748283454,11.73282736154402,-0.68347812446571288,,0.08952026920426526,0.2857142857142857,0,2
-0.89611350053438155,0.43506042939378442,0.087766832777041157,-0.43439077781721125,-0.90030162398197155,0.027597789816994182,0.091023328369025158,-0.013394350716653224,0.99575867812512919,0.91027571971982324,4.0724783273777554,-1.623843933864487,,0.06760402003974483,0.2602739726027397,0,5
0.057779739220541797,0.9917470291551691,0.1144523127660716,-0.99794245391307335,0.054185091308920075,0.034275859694507825,0.027791373006020869,-0.11619727209250855,0.99283726438158049,9.814404672644379,-7.0888938288289962,-1.4971917558982382,,0.09241738634271582,0.1714285714285714,0,5
-0.69351637644544106,-0.72028904592346232,-0.014789385540106396,0.72044086032269472,-0.69336884257550713,-0.014304367270066069,4.8779919148177452e-05,-0.02057519059863926,0.99978830716924749,27.254155993751294,-0.40772590586686941,-3.0661452390357971,,0.1942136529802778,0.5,0,5
0.84411691103201136,0.52060783589968518,0.12819563841887674,-0.53565857312012877,0.82919763285082504,0.15969088489171004,-0.023163193922353949,-0.20346686923043802,0.97880779501027726,-33.783563822365423,3.1399435503080233,1.0048865939126124,0.3589205622255341,0.2996036760195208,0.5769230769230769,1,4
0.11453767904916369,-0.99209822890822297,0.05120765836472569,0.99257188966803855,0.11641604161227895,0.035331984039219534,-0.041014191676178563,0.046780438780496779,0.99806283701411047,-6.2070711203934259,-8.1648008927401143,-0.20628212377422178,0.2074024685073471,0.171387685754964,0.3835616438356164,1,4
0.80169795343583572,-0.59459679344101235,0.061115011956628863,0.59048691785799334,0.80370173836709446,0.073407871405440861,-0.092766326300873683,-0.022763325226698772,0.99542766674895267,-8.4811482389756225,-7.8050222348880176,-0.075900279023858208,,0.07368402300867387,0.3394495412844037,0,2
-0.58862422565635375,0.76558065824173105,0.25963007664100651,-0.80387061692211592,-0.58828834601352764,-0.08780007513620898,0.08551930904605097,-0.26039024112056292,0.96170856817929029,-40.367748892891022,11.551080361189138,0.99149169859458108,,0.3314282852067518,0.2142857142857143,0,2
-0.35871545339121735,0.9195637280122928,0.16039256099479035,-0.93100629455929107,-0.36487378788033825,0.009715884356679921,0.067457416117962271,-0.14584124602453177,0.98700548527791909,-22.246117627970342,11.100658536428249,-0.38158089947570256,,0.1305638138331751,0.6086956521739131,0,1
-0.7410849843136601,-0.66884960461546894,-0.058593962406995305,0.67038583268938334,-0.7323087144977718,-0.11961096103611128,0.037092874709081819,-0.12792244946197243,0.99109029133044424,-21.954096471537508,17.152289857593669,-0.68763118270193824,,0.4147680541859539,0.3636363636363636,0,2
-0.56424066290895436,0.81367476231668789,0.13987800216240176,-0.82186569380782171,-0.56967957207983699,-0.0014023183380288198,0.078544609374871607,-0.11575217632431309,0.99016775246133626,-0.78891252400007383,5.1073426125806689,-1.5794980704467281,0.1772684807429699,0.07288825840520456,0.25,1,5
0.84602754091709753,-0.53141356952396968,-0.042860449549224272,0.52209043919780906,0.8095309718109639,0.26847938277833289,-0.10797672576998775,-0.24951798292826322,0.9623314412859032,-12.296304122006632,-11.425181296572957,0.45801019306842444,,0.4574729060323021,0.5185185185185185,0,2
0.88451462524260482,-0.46646342141293917,-0.0067641862532558557,0.45931026083926385,0.86822963056483138,0.18764699010915001,-0.081657590092418103,-0.16908336728664594,0.98221324206472982,-2.5235068002534602,-9.0298397358560187,-0.42840287748348654,0.3844929069708627,0.371528264300793,0.3123689727463312,1,5
0.99448635070448721,-0.089967792486881346,0.053876660786574805,0.069399695522670113,0.9498055673767053,0.30504600709004143,-0.078616668231583475,-0.29962506653358356,0.95081240998470007,-8.9230652769544196,-5.8481315918050942,-0.176298293126534,0.7475040662825982,0.5168363175194578,0.4032258064516129,1,3
-0.98191437191443398,0.15753868979017643,0.10500346397656693,-0.15963848351816268,-0.98710443041821039,-0.011848967413340968,0.10178271369886388,-0.028397265148878453,0.99440126434159393,29.229852426688012,5.6617746186785158,-3.5231050219175679,,0.120661527912305,0.2857142857142857,0,4
0.78896516939813011,-0.60901658990886787,-0.081441725745192081,0.60769479694471606,0.75383879707641588,0.24986816881848675,-0.090779927533025051,-0.24662899512862954,0.96484876717490942,-11.054276876376949,3.5573650318057397,-0.74688768573906628,,0.1316135725939865,0.1951219512195122,0,5
0.45286016885697361,0.88301061817886495,0.12332848675878934,-0.89120801239774183,0.45232252611083817,0.033950125342583369,-0.025805931506158151,-0.12528599505167953,0.9917849935056543,-10.628317869381018,14.006754419417199,-1.4326841848335308,,0.07196367907599366,0.2083333333333333,0,2
-0.096355738267237756,0.95991788971324354,0.26319805605560076,-0.99486824491058024,-0.084681129311084513,-0.055374015631334185,-0.0308665996105081,-0.26718299224889108,0.96315133892935634,-5.961914052817443,-14.174936850462771,0.14680812652253325,,0.303826796031066,0.3076923076923077,0,4
0.78016672773095852,-0.62544279382893953,0.01269600681396073,0.62093731616750203,0.77669342190752566,0.10575527294787045,-0.076004778351554517,-0.074623320838929377,0.99431113523620085,6.4247479295569141,21.311547287455099,-3.0851732969969796,,0.12146862624828,0.2916666666666667,0,3
0.73930772825897018,-0.66076398237786438,-0.12967282879888975,0.67245700533607611,0.71447639162888898,0.19319695075077892,-0.035009411748803398,-0.23003140089367763,0.97255328681357889,-24.257772309604519,5.1378775546489104,0.10123112912254881,,0.5707050158813023,0.3673469387755102,0,2
0.97724439169927524,0.19237855851201555,0.089352611137855531,-0.20105413505266712,0.97434660969395126,0.10112328592429705,-0.067606461751356817,-0.11678687598674042,0.99085326457892864,3.0261901734969237,9.5305867436152472,-2.1015223724849532,,0.07680926545078499,0.391304347826087,0,5
-0.25851712505018665,0.95411940705643605,0.15107962514535439,-0.96430948456863708,-0.26415402087154755,0.0181623574560951,0.057237348180668009,-0.14099223501905608,0.98835473168168519,-7.0313195969530655,4.7252045455477427,-1.125673693339071,,0.06699839572870239,0.2560975609756098,0,5
0.40862594841318833,-0.91189391304562728,0.038396948234926079,0.90993776441893182,0.41029942089408677,0.060561126956595449,-0.070979568663793263,0.010191985297787741,0.99742569862019859,11.872689150561536,-8.1463701209357442,-1.5631187633316308,,0.1019734282367437,0.3478260869565217,0,1
0.83299458056082321,0.53862815878600345,0.12649006015928083,-0.55092333133164284,0.82856149172039484,0.09984656945793885,-0.051024619065147783,-0.15285797656934377,0.9869300518518942,-16.482701306511998,24.701804822630724,-1.5214523157951201,,0.1241908245282624,0.3076923076923077,0,1
0.26922444266616724,0.9475812080607644,0.1720699090520888,-0.96297702956177067,0.26228468932386684,0.062305555792974511,0.01390827118949103,-0.18247354842931382,0.9831123863099962,-3.5164490028724416,-10.997223021609251,-0.22468029133005887,,0.1003870179216611,0.4363636363636363,1,5
-0.99556350093214052,-0.037284549066167703,0.086389686957821926,0.024560694185969976,-0.98928434652744779,-0.14392099922131632,0.09082999456589877,-0.14116070316023302,0.98581112185370767,-27.00394882127032,18.76373904933731,-0.31535373578656706,0.6674495017609537,0.6762774917884223,0.5818181818181818,1,4
0.41475918920415078,-0.90944874977953916,-0.029627461841129164,0.90672196349442502,0.41034501311080629,0.097325490658436362,-0.076355064583357141,-0.067230511968334086,0.99481152102945913,-7.8481052165802341,16.317938772952797,-1.7653291235129323,0.5204866862774959,0.4667264849808282,0.8481012658227848,1,5
0.2254472652082444,0.96879910803582803,0.10296513428879003,-0.97408417126959679,0.222164056667596,0.042463622160862018,0.018263567344492151,-0.10987001499036129,0.99377815528108282,3.1388694707004943,6.7097996955904788,-1.9432547932637052,0.5643959621531847,0.471564304373693,0.9715762273901809,1,5
-0.65178645316302397,0.75104014010082465,0.10541881914772283,-0.75413909818219815,-0.65654866326991412,0.014767306844213558,0.080303424996120212,-0.069875322652735855,0.99431825851588895,8.9729568331932885,-7.6994430216716241,-1.3786309453820274,,0.07933858504573499,0.1578947368421053,0,5
-0.85948405095397229,-0.50803914600598166,0.056421558656806654,0.50815302700597187,-0.86116283821347317,-0.013381600232576485,0.055386526343675122,0.017169513843709835,0.99831735459920423,-9.5817953831241471,2.3096502735632285,-0.74936149860616474,,0.07841532150045934,0.3076923076923077,0,3
0.94482003069037424,0.27944491768132657,0.1709551040136455,-0.31676540701052835,0.91237276666368594,0.25929830614931648,-0.083515187407404851,-0.2991428966773691,0.95054654848659481,0.24022439226278999,-8.3824305975186935,-0.7004163132355502,0.3080115044778529,0.1653831994464495,0.40625,1,2
-0.562062538801119,-0.82708212993335961,0.0045664889508998793,0.82692576110980831,-0.56205074208365935,-0.017109907544238967,0.016717897278222104,-0.0058406907216450414,0.99984318682605899,-1.1678599747881959,7.9983286195458696,-1.75211980053223,0.2141601390517511,0.1600405502671576,0.5227272727272727,1,5
-0.96613930047846008,0.23939294499517738,0.09625938893183586,-0.24368345455539231,-0.96920734321260715,-0.035433033157097539,0.084812888448304175,-0.057690066296529091,0.99472540442262791,-12.244964797993415,-16.285501554042561,0.74239012749872846,,0.1942498338644162,0.5121951219512195,1,3
0.83332083506340038,-0.55274898783731152,0.00670390140634011,0.54936849071946581,0.82944975856242475,0.10103147739864414,-0.061405596274723834,-0.080508722915994063,0.99486064264327134,-9.0649570905295054,9.0704554182369037,-1.2614109383175789,,0.1645427440929603,0.3333333333333333,0,4
-0.95482354327642116,0.24926060667706196,0.16180590583795471,-0.27551458954861358,-0.94656538565533077,-0.16764749215252828,0.11137195405898663,-0.20465366021196899,0.97247784921350544,8.6725401438089218,-9.1267579141903852,-1.2611536339762526,,0.7356371933462877,0.3793103448275862,0,2
0.69548622367412505,-0.71687928165295434,-0.048816065145090182,0.71267841594803849,0.67955981321532033,0.17403429462193315,-0.091588143999645599,-0.15582861033681758,0.98352887912821196,-2.5875889733271995,10.679559910513374,-1.7992865075804287,,0.1616813975526186,0.3333333333333333,0,5
0.66708876830322661,-0.74356885820712093,0.045803147361749869,0.73923409612073865,0.66831313890751776,0.083009032617751402,-0.092333776789633712,-0.02151514508757002,0.99549564147495029,-13.797026725193431,-16.416768978598594,0.85773893002285384,,0.4383906475869987,0.576271186440678,1,3
-0.23494673037893543,0.96654356278413478,0.10292509472814679,-0.970346139044584,-0.23941613426334499,0.033290916113310864,0.056819048967008769,-0.092051376388113532,0.99413185231111956,-12.198667518847493,4.5303398472676477,-0.7206817807484861,0.200726010340974,0.1832828663120279,0.6984615384615385,1,5
0.25901790684139897,-0.96552070241073051,-0.026067166163393475,0.96400288483004148,0.25674395630487029,0.069144623364946423,-0.060067977948802413,-0.043038518994180652,0.99726602464333935,-25.321316050123009,15.007561106351698,-0.29581256649590998,,0.2236387833254263,0.4,0,1
0.84256112840455422,-0.53509443172786764,0.061357102567478942,0.52586687274660682,0.84191054591794301,0.12103993068345792,-0.11642498464397477,-0.069717872930710356,0.99074953502117236,-3.4115947049569657,11.407981415677774,-1.7690861476460729,0.1033748918684918,0.1100834300583405,0.3611111111111111,1,5
0.82049992094766411,0.56138367841070336,0.10783434211300885,-0.56950613364616787,0.81906121750726435,0.069292753696985496,-0.04942310658255529,-0.11826701818168034,0.99175111239975133,10.511670873262414,7.0930660335168536,-2.4412110908445648,0.2149695862838043,0.1768015349261041,0.5909090909090909,1,5
-0.99470284807351039,0.053666140718597856,0.087670915216042561,-0.058068832377937418,-0.99713556056328478,-0.048463229013412407,0.084818952721133406,-0.05329745960658086,0.99496991213743491,7.0564199965509919,4.2801772018525126,-2.0374995237071398,,0.08141774207960918,0.45,0,5
-0.31281455429165089,0.92988867600767044,0.1935306302785639,-0.94840815916880472,-0.31688162147318916,-0.010392381563539005,0.051662541994713776,-0.18679691701209852,0.98103919062870304,-14.304254363654685,17.813734295845524,-1.3585820105119386,0.3638611716226346,0.2533090862372074,0.6481481481481481,1,5
0.98711513840907994,0.13285618981030409,0.089179237228797711,-0.13812728026258386,0.9888429836124043,0.055771033770033548,-0.080774735969134329,-0.067370517213429779,0.99445294279795371,-5.5916399794787557,2.2792700619754549,-1.0433097279052161,0.1925742497193781,0.1275775097562903,0.6992753623188406,1,5
0.4834873265537748,0.861694612816025,0.15402077556526131,-0.87511503546326352,0.47990406653929202,0.062175249297302761,-0.020339119155325377,-0.16484684153144036,0.98610944578636639,8.0539004319308507,-7.2975574851055409,-1.3517846580006694,0.1294829882536125,0.09272867644689778,0.6363636363636364,1,5
-0.95560187700327359,0.26225250019656621,0.13434537136973249,-0.28084710290615728,-0.94859003941067044,-0.14595150537106968,0.089162533931240087,-0.17720204082208876,0.98012727707754776,3.7441106545373088,-10.882539271070897,-0.78378723246502113,0.6261558326506433,0.3520113396343929,0.3623188405797101,1,4
0.86650612610712396,0.48790186999858903,0.10544618850723679,-0.49589331759094296,0.8655498716099822,0.070094488546461525,-0.057069702885787554,-0.11302736397802822,0.99195154317371026,0.85957732437554646,-5.6816801754501078,-0.94166456883376948,0.3884197673249931,0.3234219238270119,0.9218436873747495,1,5
-0.99610052486578948,-0.027920949064581323,0.083690889381290087,0.022803974673401024,-0.99784742467875398,-0.061485736566071286,0.085227478557054384,-0.059337489543377926,0.99459305207380955,3.6762629198073498,11.824360444928933,-2.2858071641236615,,0.07726247179556925,0.3333333333333333,0,5
0.18084674218640004,-0.98034687818619892,-0.078831810020706314,0.97910517967999211,0.17187870617784701,0.10867730897680629,-0.092991951073072121,-0.096838570792862927,0.99094641037869446,-8.2988409044198868,5.3816229665680098,-1.1046144720668958,0.5247333630876243,0.4496186381761736,0.5732946298984035,1,5
-0.055692362572239418,0.96468674980417524,0.25744482030792376,-0.99771288289638393,-0.063661993580816797,0.022719020135176696,0.038306188190796772,-0.25559073794950582,0.96602588506764075,-9.9623891300910419,7.519388817410813,-1.0927269369295813,,0.1189633503011453,0.25,0,5
-0.33928029641122376,0.93076360770627242,0.13626440120851763,-0.93803792805135466,-0.34561714023310203,0.025172165465315553,0.070524648203540263,-0.11928075681641176,0.99035265186148247,11.268708265815739,-6.954596421653938,-1.5970839382010165,,0.1123683961209934,0.4166666666666667,0,5
-0.90228406795201943,0.39687462948128271,0.16844580491674632,-0.4238458760704456,-0.88808698291749499,-0.17792184832273283,0.078981859043912597,-0.23193110883750717,0.96952041066466077,-12.112368578481744,15.430540526805014,-1.3988280557562078,,0.2631273927138011,0.4666666666666667,0,3
0.26616593655416376,0.95348477534983656,0.14150080351120611,-0.96383274437781352,0.26120143069494844,0.05291742121498888,0.013495743157654548,-0.15046792275759024,0.98852277117810439,-17.910321766356017,7.110608607802356,-0.52065348993344385,0.1835902963416415,0.1774550635606804,0.611764705882353,1,5
0.46350081914635877,0.84540399549047274,0.26544128363802166,-0.88607732299251529,0.4441761063364742,0.13256909231864003,-0.0058282355025684697,-0.29664738490085391,0.9549692983035698,-14.715234123692451,-12.098550331941034,0.6678323542946798,,0.1719125673951261,0.1818181818181818,0,1
-0.73127387370964325,-0.68055689763963456,-0.045616123298781598,0.6815229829536299,-0.72632480664915711,-0.089323563252098281,0.027657645157894057,-0.096408424534276421,0.99495752187876829,9.0667041611219865,-3.7635880886112814,-1.6654804358779061,,0.09109564241858889,0.2142857142857143,0,5
0.74117852604773171,-0.67129197935056861,0.0046336794567336959,0.66391400722089611,0.73401916665084999,0.14294773172416406,-0.099360875306146984,-0.10287342440488534,0.98971939205494452,23.305220341562364,-8.9739239618934104,-2.3098460591125227,,0.3407305449286456,0.3142857142857143,0,5
-0.25940894598086889,-0.9652651172360156,-0.031148871447185519,0.96562931193269796,-0.25978259780275653,0.0085459824030259882,-0.016341073449327809,-0.027861359015485823,0.99947822086943527,4.8280352327197544,8.7076389323734329,-2.1710833419553004,0.373623115737091,0.352478815430301,0.6756756756756757,1,5
0.30702935748219845,-0.94597561489765403,-0.10422624267944179,0.94946268204089268,0.29696006529026908,0.10166284982486885,-0.065219545044281679,-0.13017240737500652,0.98934400250995236,5.1607085209089369,20.80260102827453,-2.9619451744372078,,0.3623849223376219,0.7586206896551724,0,6
-0.93207814649729259,0.34579575970593202,0.10796120317765705,-0.35168135723361438,-0.9352344315891149,-0.040703574099899907,0.086893911158911513,-0.075906854364942419,0.99332149763504318,-1.1551550473901622,-9.3509917070683457,-0.51799479850087515,,0.6981694297782908,0.9052757793764988,1,5
-0.52302097174519357,0.82095361906475373,0.22909434401397952,-0.84746937879687989,-0.52954137940789281,-0.037169604469451674,0.090800413635307345,-0.21359092405640315,0.97269430040706439,-19.558071521024178,5.7350414295394998,-0.31817890185466846,0.4933877427131024,0.4822001725430899,0.4736842105263158,1,4
-0.77550672541144061,0.61747132701816498,0.13159969282658415,-0.62380076937029094,-0.78153120661529063,-0.0090317893842397703,0.097272395748526808,-0.089096203044094741,0.99126179570710182,5.5343569643732993,-9.890374688950665,-0.9827541913292881,,0.09442969103739869,0.1463414634146341,0,5
-0.13461571258891561,0.96493701823242195,0.22533344352071105,-0.98951914603609126,-0.14289833316973899,0.020782829579121115,0.052253895091016821,-0.22017406119257835,0.97406001520737129,-0.93988901742257236,-11.322969629578072,-0.39419881414517571,,0.2852167989423487,0.1333333333333333,0,4
-0.98352425893426887,-0.16916975085055236,0.063730898981259151,0.16239600087692088,-0.98168150959336298,-0.099644129890719954,0.079420217746997798,-0.087652775881072897,0.99298007023976165,-19.313643410327483,-1.4830222771787283,0.21732887843927834,,0.1271667320513654,0.3,0,2
-0.9916706006620114,0.094825802541650517,0.087163564377428518,-0.097586272931918253,-0.99483410665368266,-0.027964612885338341,0.084061519840551005,-0.036237651840338676,0.99580143275213051,0.77328467824731484,-13.875646834779499,-0.36965540249781659,,0.1796788397603159,0.4320987654320987,1,5
-0.13313957768322845,-0.99051114644156457,-0.034081103699109092,0.99097190863074947,-0.13359098044186377,0.011319286607856985,-0.015764807612553909,-0.032266371342303139,0.99935496802754731,-7.0167228428494868,13.523662758720501,-1.6493718181099717,0.8142572875281815,0.354959913316235,0.2758620689655172,1,2
0.7637268256800126,0.61540698593317544,0.19492454283998381,-0.64051110905766173,0.76002163205068274,0.11005743041131376,-0.080416757647000903,-0.20890514708752714,0.97462391957610151,-20.131168146588646,-0.6040208346631678,0.2086852098535241,,0.1147492013362616,0.3225806451612903,0,2
0.89869568149339829,-0.43715216163408677,0.035271229688828683,0.42820946351451322,0.89199728812792389,0.14483609125160327,-0.094777251604642496,-0.11506009538964915,0.98882680335192974,-2.5520857804711694,8.7605528133736446,-1.6813163668971847,,0.08245208214852151,0.2891566265060241,0,5
0.83304795746217442,0.54052260022618992,0.11775576084768399,-0.55071872059166904,0.83044575879784399,0.084075754439360384,-0.052344926764430658,-0.13488943746413565,0.9894770579971196,7.4211314183943777,-2.7013588677146485,-1.6219014566562489,0.3869498967002842,0.3454109332511614,0.8595744680851064,1,5
0.87310988916728616,0.47409725105576811,0.11362622047597037,-0.48404447968949016,0.87079976682260363,0.086073850755208875,-0.058138310264579746,-0.13015207506245627,0.989788045106889,3.6985548504767816,14.777734138655445,-2.472676159665435,0.2449902587800522,0.2328737829250949,0.3269230769230769,1,5
-0.85038613604126145,-0.52597682290873171,0.013849237944744679,0.52357256581281442,-0.84851922932247648,-0.076726043806368535,0.052107465463208227,-0.057995682880948189,0.99695602350864687,-9.3159636256384513,-11.961317038468332,0.25985689474272311,,0.077382353160055,0.3333333333333333,0,3
-0.7080573016017665,0.67720843976297063,0.20010893723726347,-0.69967653985416911,-0.71110048102113188,-0.069201484588198428,0.095433732118790485,-0.18901014524441978,0.97732674565293742,11.433026565597428,3.5175955334063405,-2.3269852662747295,0.385287368902373,0.1655917043692089,0.1363636363636364,1,5
0.29730111802404985,0.94217567357476117,0.15465136709901622,-0.95472569261685802,0.2951438601308477,0.037268668936825171,-0.010530768201328396,-0.15872965050993854,0.98726592211525399,10.084635249900261,17.437631700329231,-3.0656124626368371,0.4862874552274578,0.2856216598770523,0.5,1,4
0.87218479229979184,0.47655633471367259,0.11039813370360897,-0.48620212215091302,0.86936646552688612,0.088371064456859522,-0.053862644726364435,-0.13075170538681241,0.98995091143021963,8.2667455868610471,-1.8817262110100836,-1.7453255548611382,0.2143956197406703,0.198630901243887,0.7142857142857143,1,5
-0.98392009097470512,-0.16896156010353947,0.057907217026081856,0.16000228501797178,-0.9778913660723787,-0.13463931428124584,0.079375836155314933,-0.12320903931317058,0.98920119756608171,1.4976513478882818,-12.889024653190475,-0.464818784939865,,0.772194243738743,0.6170212765957447,0,1
0.94894029252129408,-0.31530407287760581,0.0097807390515201962,0.30874649488088918,0.93467186448842632,0.17625012803539492,-0.064714164820118603,-0.16423107915532167,0.98429681982170036,-1.1489233080660128,16.212811361305768,-2.2257745406438563,,0.235584954097159,0.1111111111111111,0,2
0.00035230820401809188,0.97290701104965294,0.23119650457859475,-0.99957442695845578,-0.006401195159727543,0.028460317482452303,0.029169176361431265,-0.23110814038228486,0.97249071286025057,-2.5578363571731324,25.445236645086897,-2.8031320018817829,,0.2469373494242585,0.2307692307692308,0,5
-0.84185954326772805,-0.53439601277923476,0.075454694583641541,0.53745689118640316,-0.84285584555524018,0.02709453320523901,0.049118219891413219,0.06336343692555825,0.99678105687040508,-16.310731626335819,3.0585595233172986,-0.32846122603258837,0.1328499704671221,0.1108191406377232,0.3285714285714286,1,4
