axis_00,axis_01,axis_02,axis_10,axis_11,axis_12,axis_20,axis_21,axis_22,location_x,location_y,location_z,dbh,dbh_approximation,score,reconstructed,number_clusters
-0.7678072107980155,-0.63772801394274381,-0.061441576145262126,0.63180995694386632,-0.76958960644448904,0.092455480958159392,-0.10624624865452965,0.032168585378572069,0.99381935821434875,-5.6566003023639961,-9.9976678349503754,-1.3844172825554719,,0.1433644866095035,0.5875,1,5
0.18071944153332789,0.97460114508269646,0.13226145113137899,-0.9816181976231918,0.17033816155899253,0.086084985983028217,0.061369353482643621,-0.14538747786586931,0.9874696368663306,-10.137780855102049,12.120315275543302,-4.7468758819082701,0.4074234656922005,0.4079957862894285,0.2134831460674157,1,4
-0.99559817600874945,-0.073640266467293741,-0.057977435978824085,0.076560999590295595,-0.99581655136147251,-0.049877944788051472,-0.054061865208180064,-0.054097201306270236,0.99707111458563602,3.6908720298328239,8.9773633994482758,-3.8762102489254344,,0.1529657538924572,0.375,0,4
0.96775524383679568,-0.24609118199912644,-0.053748657366082211,0.25120151243634348,0.95866719232255104,0.13362265718840391,0.018643716798890462,-0.1428157712112671,0.98957367957987497,0.43325205319126253,-4.272440537313595,-1.9338674544057788,0.2934620496531656,0.1476574926596278,0.4484848484848485,1,5
0.92148512897230328,-0.37070164621866381,-0.11595450217076776,0.38841147139075821,0.88045768730666574,0.27190216945560425,0.0012984509864513187,-0.2955918644911773,0.95531343739720598,-10.083303522131617,9.751605636064868,-4.3622223845680841,,0.1009106547693755,0.3584905660377358,0,5
-0.48682071311249664,-0.87150163956680871,-0.059080331050223436,0.86574054001338796,-0.49038656292339611,0.10007165573480144,-0.11618481252714019,-0.0024312829004258575,0.99322463632427604,-11.48371899656555,-6.664775873310985,-2.0689054587521958,,0.1123414369063733,0.4210526315789473,0,3
0.86756361402519744,0.49658851491473072,-0.027078081067930866,-0.48831094503904809,0.86089336367134139,0.14288120009895017,0.094264503258708415,-0.11073600697797729,0.98936936489056659,-19.650052246964666,11.198237683463693,-4.8464244509943741,,0.2567753464551298,0.8021978021978022,1,5
0.69011285421535018,-0.71735782432542294,-0.095613808238349723,0.72241514645753557,0.67497260138534787,0.15009444875755731,-0.043134726329046282,-0.1726549717158275,0.98403742618171108,-4.6098094025273788,8.1900448987700933,-3.9991641876817918,0.1400228470935384,0.106073620280299,0.4347826086956522,1,5
-0.88721372589337111,0.45953923150235165,0.040932863284062225,-0.46135597627665742,-0.88401187267515335,-0.075323781922986624,0.0015709042669598899,-0.085712914310490051,0.99631863807729093,-7.9337697120003483,12.023115958711193,-4.6775311252596357,0.5074730439497342,0.3983826654633427,0.7075471698113207,1,4
-0.57328913058772379,-0.81583971248141485,-0.075796677290056111,0.81082149268173564,-0.57820197565802889,0.090834918123554473,-0.11793252204261814,-0.0093829037825795027,0.992977281392315,-1.5882793009202147,-12.37624107961738,-0.89280650862575017,,0.4012039489678493,0.6948051948051948,1,5
-0.78213013819237498,-0.60495770382467506,-0.14932723634472672,0.61435404742152777,-0.78870766689031369,-0.022568132515249431,-0.10412277055459156,-0.10939100864154985,0.98853025036182918,-19.216903494402597,14.470538993437856,-5.2527058879608965,,0.0817339477745274,0.3478260869565217,0,1
-0.7736045865484571,0.6331493251611906,-0.025649088075755812,-0.63312231150021936,-0.77062370902377975,0.072768384419677534,0.026307458102372411,0.072532965873179131,0.99701900007463762,-22.805368693446944,16.552756918161435,-5.6955880958269125,,0.1645214169798154,0.3333333333333333,0,2
-0.75236421154650301,0.65835032923440251,0.022867819768479344,-0.65802147606305705,-0.75271141096275984,0.020815111007334124,0.030916504068303211,0.0006130280628871774,0.99952178264047331,5.2161491685214134,16.115869545995078,-5.0965942639387647,0.2954633622478485,0.1420194718201391,0.4,1,5
0.33641425986621248,0.94082397614362823,0.040935213105119668,-0.93143634420274679,0.32602352585496952,0.16166322181410087,0.13875079263517609,-0.092514358357971158,0.98599660802698608,-0.69396197597786946,16.085099016926904,-5.1450335903629405,0.2639549413728264,0.1327385549354145,0.2424242424242424,1,5
0.83930771052514364,0.54271856773935323,0.031923710373108434,-0.52789001712876304,0.79952151250128933,0.28652657968056661,0.12997960174133205,-0.25733617561197042,0.95754028419308257,-2.9990919742158058,9.1221628492411941,-4.0873325126998514,0.7634378720762726,0.4311357818336253,0.5981524249422633,1,4
-0.64387783242339525,-0.75935654305103317,-0.093802864771469291,0.75633175296519783,-0.65021077679719985,0.072029335644396661,-0.11568758088205135,-0.024567992640151439,0.99298177091389361,17.282306612723662,9.5465428341649687,-3.5177051019376284,0.08953895822921154,0.1233309907720801,0.375,1,5
0.45479926472595172,0.8813594413507353,0.12791858327332173,-0.87871674882187556,0.42070160316497779,0.22553721740398081,0.14496380287729277,-0.21497836225150119,0.96580008263564343,-5.7533863385338462,17.53044702497705,-5.5226332871373618,0.2745973681073159,0.3936389541911139,0.3809523809523809,1,5
0.98894300287433368,0.1434390552845892,-0.037642721540273781,-0.1318218250841649,0.96656619766329499,0.21993815486676707,0.06793190338400544,-0.21254416706600712,0.97478727604992965,-8.3035268828576907,20.688949353819652,-6.0768689441267751,0.2454464621679566,0.3027943978270299,0.7407407407407407,1,5
-0.56618688547387486,0.82402073459300451,-0.020548471432183222,-0.82188827788648988,-0.56247425637023041,0.090124189835673704,0.062706214924629036,0.067915682147513118,0.99571852987089915,-1.9622357227508047,14.841706567610625,-5.0153967964284112,,0.06770679919056073,0.3846153846153846,0,5
-0.062836360433574864,0.98924188235226285,0.13210635869485177,-0.99056671829984788,-0.077969098595435452,0.11268716102948127,0.12177507299989955,-0.12377931113221712,0.98480937938846935,2.5117476307257309,-9.4906730262824244,-1.1527432777437998,,0.3919552519001285,0.4565217391304348,0,4
-0.045606729765767205,0.98477059322037219,0.16777039348010336,-0.99321121263129819,-0.06269106531053209,0.097986312481372129,0.10701174376459244,-0.1621626006779216,0.98094432953039401,-14.662556986862494,18.552846139916682,-5.7814949727461,,0.1243105420823486,0.5555555555555556,0,1
-0.94255942709557128,-0.32742539945603327,-0.066138749491703286,0.32759374272408415,-0.94477961206434502,0.0085921100768454016,-0.065299817161273629,-0.013568066133504199,0.9977734419496751,-1.2291552068753844,10.56133582808225,-4.3015785463045315,,0.08178016637034351,0.28125,0,5
-0.30664739480450798,0.95165919962204748,-0.017667570130940388,-0.94771908906269142,-0.30355072293436558,0.098414870991153494,0.088294413672607666,0.046922557269905039,0.99498862814278533,12.755013813339556,-4.2056571561949196,-1.5223619703796096,,0.3066518726487781,0.5,1,4
-0.9496628330830994,-0.30509256800619128,-0.071126847307953045,0.30314593026617376,-0.95222612259397443,0.036985894780319696,-0.079012963642920334,0.013562315327122315,0.99678132766386141,-1.2213359577165923,5.4292489651760247,-3.4083621502251438,,0.130675115467524,0.2677165354330709,1,6
-0.99008524192595659,0.10833675601749794,-0.089411190664390475,-0.10300239135169729,-0.99272980930250532,-0.062273855654213034,-0.095507701764049727,-0.052446858989028872,0.99404607835146797,-7.8995961359417759,-4.1032919468142559,-2.2616636879557217,,0.3287738194342132,0.5470085470085471,1,4
-0.30939869487056837,-0.94508965314213877,-0.10525205525813731,0.94368073206439962,-0.31879576989990671,0.08852080560142718,-0.11721400745128087,-0.071936114835308762,0.99049789088095164,1.4830719857898726,3.329802591259627,-3.0011053015559601,0.3148531034235791,0.2111038261948616,0.7669683257918553,1,5
0.76058140731792634,0.64892900957009081,0.020175811772101634,-0.64384448601029065,0.74989431442703447,0.15206181316869713,0.083547595276145789,-0.12864547301941243,0.98816503763044783,2.4794546352448079,-7.4651475090309196,-1.4321382293888754,,0.1144709203048795,0.25,0,4
0.5901390327947944,0.80687498164606075,-0.026242826937940604,-0.79901876762923629,0.58842013095556545,0.12381744005790579,0.11534700233765217,-0.052100993079839328,0.99195794042480112,0.70443513065708874,5.4700679183722505,-3.3859869831567657,,0.09192698920920517,0.4335260115606936,0,5
-0.97559058793091924,0.21950673435673895,0.0063085903848016066,-0.21951913037407803,-0.97407368722224108,-0.054697378923270645,-0.0058614111280217776,-0.054747104337191772,0.99848304864242965,10.790912595810525,8.8170782511654764,-3.6157108934006019,,0.2275553257966716,0.1818181818181818,0,4
-0.53847022239272924,0.84150111122079241,0.043882791735459586,-0.83939446810567897,-0.54023500119328793,0.059691460019616165,0.073937449982469261,-0.004692898876068944,0.99725183890040026,16.629065083895217,3.8720434755502486,-2.5894209339828573,,0.1132525392425023,0.1052631578947368,0,5
-0.055514402127055724,-0.99323192282508621,-0.10202204976208391,0.99217941545666277,-0.066317411715443267,0.10574501618250765,-0.1117951640302475,-0.095353806345347222,0.98914584006348805,4.6409132205975867,-7.0780247145334787,-1.3831959099259716,0.1155768757798615,0.09165339094970686,0.3953488372093023,1,5
0.21715302451425131,0.97385947118890159,0.066650538782418264,-0.97003210654336514,0.20766632050628875,0.12614440773344404,0.10900585406002249,-0.092045802202235627,0.98977032390226405,-2.1484193598223711,17.076765164946202,-5.3411351310732131,0.5402525093548679,0.5654015747669334,0.7959183673469388,1,5
-0.93483905457957173,0.35480044890098478,-0.013877445457750682,-0.35470645186219452,-0.93493616485402986,-0.0088147975230125387,-0.0161020197523765,-0.0033179975434934695,0.99986484879317383,19.746925827277749,-3.1486755248651157,-1.4242882979506477,,0.1798602142300452,0.2631578947368421,1,5
0.86614691913195352,-0.47019847987007285,-0.16941931414716446,0.49932883094798064,0.79956351233169554,0.33371980512388433,-0.021453043195453651,-0.37364632913448104,0.92732313012346401,6.8591817072398129,8.0401567368960691,-3.6342621616200588,,0.3973879729374494,0.3157894736842105,0,4
-0.93120785546508766,0.36007912681086046,0.056523909589133489,-0.36446165245722845,-0.92175967630811173,-0.1323888326880758,0.0044310053327172557,-0.14388231846718799,0.98958488500191222,7.0327421265937629,21.74405774031673,-5.9730022275367221,0.6563311277133502,0.3155279140445943,0.2413793103448276,1,3
-0.38615365654737716,-0.91826899529329531,-0.087563724327669637,0.91463992585631981,-0.39347599637059494,0.092792490589016688,-0.11966269077968884,-0.044257118785676099,0.9918276805333448,9.8132062296028888,26.245523204360154,-6.3700610141574359,,0.1887450917017221,0.4444444444444444,0,2
-0.59823868005623471,-0.77608758547624712,-0.19949571763379326,0.79246517246633918,-0.60990579538345935,-0.0037244040548486345,-0.11878313058876726,-0.16032149084672889,0.97989162026226817,26.473230364797093,14.894280876977099,-3.9597848785296654,,0.25552649235294,0.2857142857142857,0,5
-0.85508235372667674,-0.49534270704710276,-0.15319846905402154,0.5043026964221643,-0.8631999062909913,-0.023763673128516752,-0.12046974195449271,-0.097578298583614026,0.98790967042485522,2.3306455774641286,15.391630923494512,-5.0110573204876099,0.2491863562416982,0.1727499214759117,0.2105263157894737,1,4
0.92368183947369864,-0.37630540723505501,-0.072153308393617985,0.38315869311029616,0.90770773692643791,0.17104408852075259,0.0011293008877757153,-0.18563648566363367,0.98261784019524134,-6.0665277236100215,30.477785417098065,-7.3789277246572498,,0.1567702082698703,0.6,0,1
0.045504068363568753,-0.99746811379106837,-0.054651090862412682,0.99328817591306495,0.039354161303422563,0.10876511195875153,-0.10633898322656289,-0.059233537444527321,0.99256405772531786,0.83334662466214238,0.79728176190179401,-2.6622852197614257,,0.3947883699009758,0.9761904761904762,1,5
-0.28707226260060975,0.91925496890009128,0.26936929705862761,-0.95354322718914475,-0.30104953957368041,0.011157446131884723,0.091350040651755934,-0.25365227551703057,0.96297232213493789,4.9875648032316917,2.9123794828583898,-2.8708080949423458,,0.6188746189027075,0.3373493975903614,0,1
0.84247497263167681,-0.53230587240436222,-0.082984207492068557,0.53834624519084429,0.82596460257089055,0.16722976884762503,-0.02047537003756817,-0.18556113144659753,0.9824193736475697,-2.175978084201446,-2.8703016680361575,-2.231230605576271,,0.1759708049398912,0.5989583333333334,1,5
-0.96382632865257778,-0.25257340326704641,-0.085120409762846919,0.25664604020503612,-0.96564769644542359,-0.040710396666228374,-0.071913964173642958,-0.061083568263065761,0.99553863784640872,10.710366020207678,-6.4129300114481218,-1.3078240537786379,,0.08324655139452572,0.15,0,4
-0.93154475300009498,-0.34758229246206762,-0.10682192249162474,0.35075477030365432,-0.93639180940400613,-0.011894132600677149,-0.095892983409755828,-0.048548215702592726,0.99420702395671667,2.3261885098486377,22.438679548306716,-6.1737401905225715,,0.3251200278323223,0.3174603174603174,0,4
-0.49264604256219968,-0.8348542911006227,-0.24559761680171133,0.86218444181732878,-0.50653747570305707,-0.0076009207676423418,-0.11805873553424358,-0.21549500768985744,0.96934206378594945,12.480433292529623,-6.3870133508725626,-1.2113912263637667,1.249941131408942,0.4024678222159341,0.3181818181818182,1,3
0.082630995608210259,0.99324893094494937,0.081416704314977245,-0.99337182124536449,0.075539460644283227,0.086638413196684347,0.079903337354985032,-0.088036078185521685,0.99290740032353941,13.492185276256334,4.4770685506981858,-2.8321721003432532,0.2329624137978002,0.2418823162564543,0.5714285714285714,1,7
0.91110428050747827,-0.40854460711043167,-0.05459206940511728,0.4121555828039723,0.90171704081972925,0.13051495645644665,-0.004094582331326457,-0.14141316167985674,0.98994219634241198,11.623187133456833,8.1451145045373874,-3.4626352827527249,,0.08454523367547269,0.3225806451612903,0,4
-0.9721345646165882,-0.22732026937373304,-0.057270266365470293,0.2219929100024205,-0.97118836334699965,0.086673587718723466,-0.07532287956773584,0.071544797373614355,0.99458926486384036,16.37408207827108,7.3987994900285301,-3.1361676810780055,0.1376750907132317,0.1124117190162962,0.4848484848484849,1,5
-0.99517427033278572,-0.08879769001208497,-0.041750951080496722,0.089140422125563459,-0.99599840006771634,-0.0064165571630198119,-0.041014105023573576,-0.010107289996215983,0.9991074446114635,0.43410114527876498,12.049734389001168,-4.491416066588175,,0.155249758678283,0.3181818181818182,0,4
0.61018010206905826,-0.78626899392638727,-0.097269276901709972,0.79099591705382633,0.5976554128009206,0.1308948690894263,-0.044785067189530826,-0.15680904546533275,0.98661300468678259,-22.023145170591299,20.808791273784266,-6.3086645932881495,,0.1959181757383791,0.25,0,3
-0.71044825838306125,0.70048172542624043,0.06773938665466489,-0.70087878540441972,-0.71295004608075718,0.021706219465156232,0.063499608900358953,-0.032055953227461201,0.99746689946693368,-25.59253763624157,17.13436508655688,-5.8828678515492614,,0.1823991851534448,0.3529411764705883,0,4
0.60230555796753982,0.79821481364498947,0.0090070038916644311,-0.78758680317404073,0.59237095578470711,0.16971646416540365,0.13013470831221244,-0.10931496704663358,0.98545177237249315,13.588924622564937,27.264188667685389,-6.3060129598844972,0.261031714478319,0.3368358191432067,0.5833333333333334,1,5
-0.54509130509761983,0.83030598795319355,0.11604928037710843,-0.83689489060581923,-0.54711602042032137,-0.016462146801195839,0.04982380138896831,-0.10609442289065671,0.99310702456817357,8.0771270030783775,-9.3556913801538037,-0.94552077282778013,,0.1767554310710904,0.4545454545454545,0,5
0.1593903649485974,0.98717391245373121,0.0090762399892426703,-0.98028532880746466,0.15717728099805028,0.11973293808679783,0.11677065421752986,-0.027981581600212808,0.99276464753976668,9.5557512076962556,-9.3206968487726609,-0.92067990218403262,,0.09717506982107513,0.3636363636363636,0,5
-0.74546343106270951,0.66647479456545544,0.0097786071169798545,-0.66594268610439866,-0.74533226714914536,0.031625154076693002,0.028365679478424197,0.017063403976057247,0.99945196406454584,-4.8691717718851084,13.112240300364325,-4.7789430041323113,0.340993629052709,0.257932632790914,0.7658227848101266,1,5
0.17366951597011604,0.98480084669459478,0.0024882870242081889,-0.97847063173435522,0.17226598789439074,0.11366464818993244,0.1115083945542987,-0.02217480021057246,0.99351605733352089,-9.2967901557899335,-7.3102211558012264,-1.9004986320084725,,0.08248407502157931,0.5,0,5
-0.93386373490391772,0.35682386724303861,-0.023984419880975959,-0.35759816857339943,-0.93256189216309215,0.049516331832468036,-0.0046983469704862113,0.054818291207542835,0.99848529307387845,0.7865861492604469,7.7864250541834616,-3.759121768764623,,0.1184675110191643,0.2413793103448276,0,4
0.081746423448677316,0.95309297361737255,0.29142976151131755,-0.9902664614914708,0.044622422062821195,0.13183768313501312,0.11264926763414933,-0.29937037777716313,0.94746372986571237,-26.356834334979812,20.391482041540549,-6.353598914443702,,0.1173580171755593,0.6,0,1
0.85328826971566618,0.52044657252030724,0.032163549516605605,-0.51005081384453432,0.82024135089236561,0.25894457627606993,0.1083849438906099,-0.23735941404993791,0.96535652092876922,14.96707630705817,15.380574241309086,-4.5750893240209791,0.6102595256153811,0.7547529399092631,0.7529411764705882,1,4
0.89546998676111245,0.4302105924557566,0.11424687719548535,-0.44481275487510469,0.85530712132220077,0.2656903109184639,0.016586618415865,-0.28873616738191427,0.95726501541377229,-10.110187810876303,17.316365329404526,-5.5705969110761639,,0.2934039045447107,0.1904761904761905,0,2
-0.19296993681863372,0.97901087091085015,0.065576810860182411,-0.9696598138739867,-0.20049515307651544,0.13986257165764915,0.15007481081806823,-0.036597926597065907,0.9879970358896415,6.375014848623521,-3.401548946544755,-1.8729470346737911,0.4744062572604711,0.3996862386505559,0.9306569343065694,1,8
-0.80896392623927871,0.58608113464619005,0.045675700929114806,-0.58764832355648589,-0.80830675303147015,-0.036188959987462764,0.015710310779331518,-0.056116812236235769,0.99830060078097727,11.391012414344679,-8.08559061099246,-1.0122469923481161,,0.2978315852007766,0.3125,0,5
-0.41213656915275221,0.90001331987878552,0.14184312605045477,-0.90136881572344174,-0.42547153451516861,0.080673610050790157,0.13295753610953367,-0.094604425679109566,0.98659631878170262,3.1961688705598088,29.932743122479131,-6.9642417170684796,,0.4841965916775373,0.4705882352941176,0,5
-0.97717113766383756,-0.19839219798964125,-0.076007259479610942,0.19739590788919925,-0.98010991878453435,0.020479322468602727,-0.078558406713481257,0.0050082808440814171,0.99689693241459343,-18.882310108944505,19.91267099951391,-6.0961850463194471,,0.2595736554525486,0.2727272727272727,0,3
-0.93792040840390478,0.34601049337805301,-0.02412562893954133,-0.34680220708777815,-0.93667969712546528,0.048573389340169262,-0.0057910843974147003,0.053924794531107163,0.99852820685060228,-15.104531309933202,-8.5462384608714892,-1.933563528824116,,0.08618087865336441,0.2142857142857143,0,1
-0.96162903374523168,-0.26692405538802538,-0.063412539086695335,0.26208428258941924,-0.96209761208806299,0.075365865178047831,-0.081126014802902269,0.055854574294829519,0.99513759664306811,-6.6210376398542437,-7.5988144520432552,-1.7324407405686606,0.144527931458801,0.11112825722773,0.3614457831325301,1,7
-0.77007782286504523,-0.62710342744290137,-0.11713854199535764,0.63292318154706018,-0.77402512424797654,-0.017127559465727537,-0.079927423277493692,-0.087329252385844672,0.99296787897995487,5.3437913281037766,22.807921653931537,-6.1474587198605857,,0.2527589178128869,0.4444444444444444,0,5
-0.071102132400853071,0.99700059292926402,0.030566394402145265,-0.99183748961544393,-0.073919195654434208,0.10389584547582068,0.10584366283054322,-0.022929679729498952,0.99411837767245648,-7.3941457959394965,-6.9256325996474946,-1.8715520241835966,,0.08510050602365409,0.2911392405063291,0,5
-0.85397445145367512,-0.50711221166253229,-0.11646819757826581,0.50936084204645238,-0.86047208282785193,0.011803697032167772,-0.10620343146115323,-0.049244283491927145,0.99312427806858228,6.660727602405486,23.069859719851639,-6.1503486380270642,0.2180499111363458,0.140187138295582,0.2857142857142857,1,5
0.79914487194757755,0.6011091006745819,0.0059432925289557865,-0.5925546025449191,0.78603027063045361,0.17616882997695185,0.10122507911936783,-0.14430614241538939,0.98434202420625438,-7.126091069313639,-4.8318981989220537,-2.1228128092013963,0.1475166362351755,0.1149850842465459,0.375,1,4
-0.38012551079645129,0.89934512500736086,0.2160623571268977,-0.91643257684101809,-0.39781182008572957,0.043555572601103959,0.12512365142637116,-0.1814499984171207,0.97540759169085745,1.0453211733771692,22.300405104478909,-6.1685004075680867,0.5674276085652584,0.6200273641438198,0.3043478260869565,1,3
0.66510155940619042,0.74601437910397062,0.033203340879648748,-0.73792385777025826,0.64977076063019779,0.18239062136939199,0.1144914660964413,-0.14580982408661805,0.98266535473217731,-1.2617272288104151,-6.8142346756692431,-1.6403711634529028,,0.1002173475138849,0.3690476190476191,0,5
0.82012352779262321,-0.55495385417734844,-0.13936864387188291,0.571667854003864,0.78433425316290861,0.24086436850227233,-0.024357008428748442,-0.27721110917329428,0.96050025356129554,-8.493142451589252,-1.3368758457629895,-2.691195380312692,,0.3039453017921031,0.6258992805755396,1,3
0.76369805187366724,-0.63579785094239039,-0.1119213040551382,0.64551435748296393,0.74971570223962714,0.14573119123474557,-0.0087464191370529784,-0.18354143551901211,0.98297306249962835,8.666078004902209,1.6373557680104858,-2.5022290504342815,,0.1746271759598881,0.2307692307692308,0,3
0.66747858872249366,0.74443381324403568,0.017047911777436631,-0.73824667229812047,0.65859296805138401,0.14576403285453798,0.097284039995152574,-0.10987993507557083,0.98917249023110643,-17.050864116189377,16.036449301311833,-5.4213524960490318,,0.2736824520239858,0.4838709677419355,0,3
-0.065947718711414485,-0.97064092958756398,-0.23131598346450361,0.99151220067223955,-0.089776870149785207,0.09404078638655454,-0.11204666132845341,-0.22315084448753256,0.96832290393734288,-16.459788285175915,-7.7019615324963899,-2.0898467598108565,,0.6866750154350756,0.3492063492063492,1,1
-0.47845050752426022,0.87721270743101765,0.0397866531807059,-0.87459153727032068,-0.48009615006686279,0.067803610715902574,0.078579607945798075,-0.00235639820915371,0.99690505696508769,-8.4840723146840471,-6.3555301302735279,-2.0223470808464357,,0.06869397772271649,0.2857142857142857,0,3
-0.73166179480861127,-0.67630525063160629,-0.085335959510397894,0.6728631966107006,-0.73658554656633646,0.068533577437627446,-0.10920685264336451,-0.0072760262293381913,0.99399241585539211,-10.600161449999186,-7.7390980059880112,-1.8732044938435333,,0.07520515939656132,0.3421052631578947,0,3
-0.9307846071929432,-0.36065038130069554,-0.059760501004759846,0.35651392999710407,-0.93167777628350479,0.06981646580458041,-0.080856865699191802,0.043678640627713192,0.99576821782090241,-2.9284070086954963,-10.302664049152018,-1.2642398661559342,,0.09256874835089215,0.3684210526315789,0,5
-0.91002317262795385,-0.38752491262846817,-0.14724899786569939,0.40527828438201957,-0.90637215551356198,-0.11932739801934542,-0.08722005210111658,-0.16826751855898561,0.98187509628744585,-8.5019197779285953,-8.3125935709626724,-1.74040435536737,,0.08691444843532062,0.375,0,4
-0.33658961618517774,-0.93892935500207997,-0.071547862244047841,0.93395784006591842,-0.34256738836144279,0.10183485361419586,-0.1201256977324959,-0.032546132590508842,0.99222505813836515,-5.7887107953822756,-11.026428514480846,-1.2389620079526982,,0.07997134526250009,0.3333333333333333,0,3
-0.27089138571326904,0.96256761664162471,0.0090244412130282628,-0.95768189854265573,-0.27044014408656702,0.098526695215922361,0.097279177371518269,0.018047489002610644,0.99509348796513664,-1.0437084476616036,11.706486569492975,-4.4541921213465701,,0.07487293655087306,0.2424242424242424,0,5
-0.86886027897877793,-0.47951657494086308,-0.12306774544901798,0.47958773102847119,-0.8769460821451518,0.031002858855784254,-0.12279016190185381,-0.032084628208107632,0.99191388374841516,-11.252466564702978,-3.5047694379991872,-2.4527125770083664,,0.1789233544880455,0.1891891891891892,0,3
-0.069975932647433348,0.9929885336215496,0.095274030807182206,-0.99416276751108534,-0.077282060429204949,0.075285289602400052,0.082120402731735501,-0.089449735784644574,0.99260011294742245,-9.494087498845122,7.720317099258974,-4.0756533600021072,0.587987464685045,0.2302803570291255,0.2290076335877863,1,5
-0.96682088754550544,-0.23492492500087586,-0.10033768493968494,0.23947118883851992,-0.97024348673395422,-0.035792822836521097,-0.088943359066253447,-0.058633233440375528,0.99430942005712675,1.6676604119115415,10.059137159656885,-4.1508264273259803,,0.1262485636856792,0.2727272727272727,0,5
0.99866436579244311,0.023336138431034721,-0.046096736755512784,-0.01243545307965997,0.974524173021731,0.22393748168410071,0.050148220338143951,-0.22306514931616048,0.97351276065467063,-13.766515473394048,-7.8544187341262548,-1.9598428891871458,,0.4626441537774628,0.704225352112676,1,3
0.97303239560859744,-0.21848913713845733,-0.07396251786334386,0.22977394241895768,0.94629327614911074,0.22744883138902142,0.020295134427803029,-0.23830974060552867,0.97097712385569734,-15.47394666836502,-2.9228407632208606,-2.6945063912791154,,0.08950040722637981,0.3793103448275862,0,1
0.9679781165653002,0.25000297655473791,-0.022734941488030805,-0.2413992741757312,0.95185000431914069,0.18896549871624896,0.068882191298790335,-0.17742626916953907,0.98172051151560114,-1.0098053901966408,-10.642914841641483,-1.1374101177422089,,0.2046214640885166,0.5526315789473685,1,5
0.981868457463416,-0.17598627190059388,-0.070449729175794257,0.18691034275003665,0.96074647671121483,0.20501397820648917,0.031604683378834007,-0.21446454156693887,0.97622031550209321,8.7114195102062677,15.696879705931655,-4.9539071465495352,,0.1937221358571856,0.3,0,6
-0.61686881047802999,0.78456653337401949,0.062675556390785175,-0.7849260013626832,-0.61910616301988208,0.024468986402969153,0.058000371069588767,-0.034101519324997699,0.99773395418594291,7.8731881463532165,-6.9377538790205016,-1.3218992489526329,,0.1740151371020459,0.2638888888888889,0,5
-0.43815620809745665,0.89884789178404279,0.0095710365707621457,-0.89526853384940397,-0.4373178858390489,0.085131187143149087,0.080705573567106323,0.028732110271351918,0.99632378082356254,17.42194153860093,7.2644002172259485,-3.077559683345406,,0.1095923194056326,0.3235294117647059,0,5
-0.7772527647036358,-0.62627220860003485,-0.060508350628573453,0.62051261168934713,-0.77889762070706092,0.091008764365561573,-0.10412607019868481,0.033190619037843594,0.99401013290250961,-4.9562930710936319,-0.95564114550972867,-2.5991872148354491,0.5934909633144118,0.3937212197311361,0.9342327150084317,1,5
0.09747852184448412,0.99422361939745718,0.044914723768869083,-0.98801989902833076,0.091247668863602582,0.12446100614652131,0.11964370816328172,-0.056508915749443563,0.99120740793123641,16.769917826184521,14.80674906326152,-4.3592538505734524,0.1977295405633682,0.3095408245193391,0.6808510638297872,1,8
-0.26243703008300656,-0.94417973487684803,-0.19912667699003947,0.95902444787805663,-0.27804417530998715,0.054438451010084203,-0.10676569492772132,-0.17668068605275894,0.97846053653815113,-7.3989922968592197,-8.8275749077848165,-1.6103635639149458,,0.4311995919791869,0.4959349593495935,0,2
0.59878995224128528,-0.79593769797883729,-0.08907173530940761,0.79890315965562553,0.58572675393728557,0.13666715484837111,-0.056606842228989339,-0.15299460989930375,0.98660443682086818,-11.349936752938845,-2.1463525696012109,-2.6379645420443354,,0.1171015233037958,0.4716157205240175,1,3
-0.49585834857467548,-0.83488635850333281,-0.23893360277248424,0.85522659426316505,-0.51723524102503449,0.032483502071066976,-0.15070491237455444,-0.18823515566125842,0.97049242941887937,-8.6494128693410559,16.568351779855025,-5.4073790042452803,,0.2842948553296231,0.3076923076923077,0,3
0.13615476453130862,0.98786268620767337,0.07476090752514962,-0.98671360994239377,0.12846948193722144,0.099457750654392399,0.088646105666708566,-0.087309251567872226,0.99222928929798515,-18.013030272538579,8.6496379762575408,-4.4218666360846033,,0.6070010369235577,0.8947368421052632,1,5
-0.18656483352160116,-0.96935509762838312,-0.15982571005606497,0.97552287764886725,-0.20205736015254538,0.086763692820544039,-0.11639878898309212,-0.13972658268938193,0.98332487206071262,-12.905197877117931,-6.3841359560058333,-2.1380305340112788,,0.3466073101911462,0.7142857142857143,1,2
-0.67919350812224777,-0.72947933244435526,-0.080969636661728697,0.72627414185635941,-0.6839022238129161,0.069308146235177115,-0.10593417482287286,-0.011732510399998515,0.99430392677707491,-5.014450885063285,14.720091672678132,-5.0392157096226615,,0.1374307403908154,0.25,1,5
-0.3398279866161118,-0.91232915218031752,-0.2284129103058383,0.92838554949747021,-0.36424746907581584,0.073648168722262333,-0.15039019581315749,-0.18702753635175193,0.97077468531553424,-8.1909726161855811,-17.889269864698633,-0.4217926441789886,,0.3535806061602981,0.8446601941747572,1,5
0.96601757277372013,0.25808133678195644,0.014285401541759403,-0.24787224748341749,0.90930220112831528,0.33425866623128953,0.073276176346001323,-0.32644070001769038,0.94237310623344428,7.5777231700525807,-5.6256545632625219,-1.528148291397436,,0.08845841652529525,0.3235294117647059,0,5
-0.93411000998695959,-0.33744505823685367,-0.11648743242808321,0.34732506913009642,-0.93448289547004748,-0.078147389129055653,-0.082485062865554556,-0.11345726396066855,0.99011295499989438,-6.690940485884596,-11.110400851623806,-1.2804453387480925,,0.4542208574293641,0.1739130434782609,0,4
-0.75471027163211124,-0.65122897744940922,-0.079455804213293499,0.6473617746833128,-0.75887847382458262,0.070895660265937077,-0.10646660777847597,0.002069032592435717,0.99431412568276156,-12.44419656094618,-9.0065360415399134,-1.7685613723917497,,0.06590295927141719,0.3333333333333333,0,1
0.68469632243057776,-0.68842096316854862,-0.23930633823643405,0.72725466239372394,0.62377285421277395,0.28637053335467394,-0.047870680762167724,-0.37011350126324438,0.92775233446541605,-16.596284533386587,-6.6407815398138386,-2.2384211250989852,,0.4214398333816971,0.1724137931034483,0,1
-0.92009679581180481,-0.38174096483129155,-0.08772526492706792,0.38194640552566389,-0.92406116751156797,0.015096423522883854,-0.086826434009895523,-0.019616178701056784,0.99603030872072007,-10.514129149127518,-10.461148137475391,-1.5154386400961219,,0.1749131127858031,0.3958333333333333,0,5
0.94312034370062126,0.33032375174177553,-0.037553113496203328,-0.3231054803419498,0.93733586804263003,0.13040060986730753,0.078274298917451787,-0.11084985122229923,0.99074994050616738,4.4780285243224078,8.7869338644730259,-3.8583744897991781,0.3610969146010708,0.1819408509689078,0.7086092715231788,1,6
0.67848856727203433,0.72222301627950214,0.134339788734682,-0.72609207708187395,0.63154252455695503,0.27192707712759406,0.11155070452521083,-0.28204246919987885,0.95289479266473232,1.1818216374239487,14.120646285762543,-4.7979868464389792,,0.2837705517199902,0.3243243243243243,0,1
0.66783956816708268,0.71980274938882771,0.1894051561143214,-0.73581201936906426,0.60015136863087348,0.31368615985170623,0.11212039663872718,-0.34885861993474554,0.93044434543652343,-10.368369401495096,16.130978020890854,-5.3640330575752495,,0.4537912217678394,0.1428571428571428,0,1
-0.017838616951259649,-0.95067084035956639,-0.30968812866382517,0.99376678522933304,-0.050948026410636574,0.099155812637571852,-0.11004253868492138,-0.30598897348580506,0.94565394716295692,11.020634682790831,-2.6961652471767539,-1.8318368003702299,,0.3887221317421412,0.3243243243243243,0,1
0.87029708253735594,-0.47404313124773595,-0.13366412324857629,0.49248550102970851,0.83403596773520383,0.24868058991308731,-0.0064046391378301468,-0.28225363459280001,0.95931843845340037,1.6339196567171532,-5.9537007930038142,-1.6896423974176749,,0.2334018036967093,0.1714285714285714,0,4
-0.99913143029786899,0.0042294391220736149,-0.04145475649004958,-0.0075296814705763382,-0.99678397200341495,0.079781056987535445,-0.040984007708962468,0.080023902690442378,0.99595004197515047,-0.6292706851782216,-5.774820406443065,-1.7532716100142265,1.082027546528648,0.7637730920771413,0.9817518248175182,1,5
-0.021467633005445269,-0.97669438612793347,-0.21355846234538292,0.98861497580330326,-0.052557674780357347,0.14098978842142404,-0.14892807106311168,-0.2081003770488247,0.96670298578289249,-12.121723786417911,14.788090846561813,-5.2098159376000321,,0.5198273861854333,0.3125,0,3
-0.19144793947424429,0.98001869989849377,0.053954001893584458,-0.97720776975776402,-0.19545893769343717,0.082829815892653119,0.091720560378379209,-0.036866672280256363,0.99510209892194335,17.65771658104704,26.058279733797605,-6.049482314002173,0.3445070312042526,0.3040623694017682,0.2777777777777778,1,5
-0.59408086932429094,0.79906838214890397,0.092507520520377251,-0.80022522663205409,-0.59878137128492259,0.033173122611914449,0.081899373407689269,-0.054319334054100804,0.99515923478775359,8.2966807311858481,4.2205294898074275,-2.8975978324189287,,0.1089685071469559,0.2083333333333333,0,2
0.64573142192446398,-0.75699985085706567,-0.099910742874786532,0.76192545559184821,0.63023630493870131,0.14923739497313673,-0.050005308323875335,-0.17249181354369805,0.98374084158371788,-11.91092418045592,-5.0805860819192699,-2.2745092409520198,,0.1050458630186695,0.5833333333333334,0,3
0.97882206806486471,0.20356391589044387,-0.021658513720220908,-0.19162198329954827,0.94831310283151493,0.25294915401007273,0.072030372660206995,-0.2434419666890083,0.96723711377770183,-6.3012289651544258,-4.0325343649059651,-2.2075138822844238,,0.2244073225681928,0.5,0,4
0.9909206453206526,0.13076334313129762,-0.031260562541789758,-0.12037067116492643,0.96642987064455421,0.22698944171316929,0.059893039667458688,-0.22116566916923971,0.97339538245273971,-10.474419475571315,-3.7604958823980335,-2.420360151896817,,0.07089866514034786,0.3333333333333333,0,2
-0.57935322055650906,-0.81206361819803918,-0.070018039317812239,0.80750161491291372,-0.5835316566676394,0.086208744218651531,-0.11086472723025034,-0.0065943662189611712,0.99381362769401216,-5.7462397658516959,19.81298445764417,-5.9117930515858159,0.2205425639645413,0.2013109556196568,0.5967741935483871,1,5
0.21531484917186844,0.97606639661714556,0.03055986127124195,-0.96968101792610528,0.20999303949157705,0.12498658663585231,0.11557784908834398,-0.056544785435183653,0.9916876766604501,-1.1668317844706417,-9.5141955339646707,-1.2991546397323037,,0.06850873887593538,0.2432432432432433,0,5
0.15630776984128053,0.97948592325666461,0.1271817881195422,-0.98097686987562449,0.13894248158512087,0.13557052622155583,0.1151184687887503,-0.14595311902459365,0.98257082451634259,-18.231278536840279,18.775130191523306,-5.8971392539685228,,0.1624310236654578,0.3333333333333333,0,1
-0.97395274767934559,-0.19935497846660416,-0.10804461045527855,0.21095010376222117,-0.97136772186161535,-0.10929228082570035,-0.083163086826796045,-0.12923753899682322,0.98812021510719206,12.52891904877656,-9.2765646137348412,-0.79638585287254215,,0.40241653667137,0.625,0,4
-0.24581638094835362,0.9669803267391005,0.06725588864178407,-0.96359189759227881,-0.25130536907268536,0.091303156406293412,0.10519012193150382,-0.042363417883635138,0.99354938431526962,9.5095072360420527,24.94486658057637,-6.241045365053802,,0.3254187327833567,0.3333333333333333,0,5
-0.85709799038322632,-0.48898578373384527,-0.1620985446795605,0.50659985565664423,-0.85715486100026395,-0.092963059933956455,-0.093485940813051671,-0.16179755118608696,0.98238583626825726,2.7204107328823017,21.089051225162137,-5.9690151485578804,,0.2716898932193829,0.5294117647058824,1,4
0.95722292880478677,0.28840434027762601,0.02339232949954221,-0.28510541159855063,0.92629021637224307,0.2463764179670723,0.049387942330176349,-0.24250643612508904,0.96889187198071824,-9.7990818288290544,-1.6913597190673975,-2.6743141535680661,,0.1138221427667783,0.2526315789473684,0,3
-0.99425462270451703,0.04556659689242229,-0.096857784810210235,-0.028479816782855043,-0.98486294697785948,-0.17097916746229624,-0.10318258218668748,-0.16723833567016991,0.98050226609404534,8.172870662697445,1.9846904848164675,-2.5920796625972482,,0.3351757121335072,0.3225806451612903,0,2
0.18258611182639925,-0.97115608550121912,-0.1533563476419102,0.97807732262297387,0.16352755151843656,0.12893211727517775,-0.10013522226865403,-0.1735355798916576,0.97972360376428269,-12.28254494432027,-3.9697710666242134,-2.4445622399679405,,0.07479054505309198,0.3611111111111111,0,2
0.99602919004406021,-0.07093699358967831,-0.053794010081326005,0.086234117038328589,0.91890534780241329,0.38493718817327044,0.022125316693591381,-0.388047554715375,0.92137373830635338,-15.446786288736329,-7.1895868330011599,-2.1377422895595752,,0.2884555214954769,0.28125,0,2
-0.98769870415597205,-0.14311834270813525,-0.062995315612277239,0.14132910562254297,-0.9894446943276638,0.032020005789627715,-0.066913030962180778,0.022723046611589089,0.99750002979455676,-11.515675724424467,-8.2142466480331162,-1.8323264875469933,,0.1490657553604293,0.25,0,3
0.99793558028272766,-0.022617238653709161,-0.060108552814534102,0.037192301422641252,0.96654396458232239,0.25379026231196139,0.052357524011968623,-0.2555019081047496,0.96538979932158431,-4.337674486983186,-7.8276251235752898,-1.6370554874587209,,0.1979631475946468,0.1914893617021277,0,4
-0.12886967900759136,-0.97792806682392963,-0.16446671988731851,0.9851498366181467,-0.14522543475408131,0.091593517847760986,-0.1134566227406775,-0.15022073498189717,0.98212083041638998,13.035834573924836,13.206444277008446,-4.326410753578708,0.6214061235830995,0.4428575919788812,0.8681318681318682,1,5
0.65436033171522634,-0.72818216364896315,-0.20387077480858862,0.75496930754347358,0.61385047311070429,0.23067063386806061,-0.042824069690624161,-0.30485789018045722,0.95143458306383488,-16.014300499716224,11.144885475943807,-4.7269547725667556,,0.2846356691821382,0.1746031746031746,0,3
0.8359143655800213,0.54747616917232123,0.038948910194648426,-0.54050435827692778,0.80877837846497447,0.23180287576130912,0.095405513994723426,-0.21481940954198339,0.97198272061978364,0.6508505294218786,-11.921483735584379,-0.89345887606584407,,0.316617342010752,0.2380952380952381,0,4
0.88616297849806913,-0.45970247892924165,-0.058213455538563538,0.46328931346328622,0.87658467840124776,0.13023944726117845,-0.0088423735584409104,-0.14238304835369478,0.98977213537832121,-9.7041666356573568,-3.2346947910589696,-2.4253295142662132,,0.07380825250044247,0.2741935483870968,0,3
0.33942770002809641,0.92250104776766917,0.18379513954724114,-0.93446328477298368,0.30836064211767622,0.17802270586658395,0.10755094543946406,-0.23217564743169669,0.96670950283668478,-0.65293700717721248,-13.821876307863784,-0.69114678703413457,0.8434598892950638,0.3384452020553107,0.1666666666666667,1,4
0.77770888107495517,0.6286027665886651,0.005240050974614217,-0.61970226374189663,0.76524443681769838,0.17427006694418726,0.10553672635774336,-0.13877865021911281,0.98468395215574178,8.4876332383351158,-15.184756987255714,-0.13717449005161653,,0.3702521904388208,0.8,0,5
0.95025090774777488,-0.30398387532910487,-0.067948626655960298,0.31139877711383768,0.93225454322839285,0.18420713406931027,0.007349417428491962,-0.19620211561020873,0.98053593299457498,-3.965756048847398,17.798923219593679,-5.5273950702162624,0.3206983272627644,0.2389713299281937,0.5084745762711864,1,5
0.87801397695794181,-0.47275464267565998,-0.074796417662266815,0.47853140211960593,0.86378823019241258,0.15772631538999413,-0.009957582635523177,-0.17427834406393952,0.9846460812588389,-9.6021293138165387,-8.2823039285409799,-1.7535306829511499,,0.1109786328916021,0.3333333333333333,0,5
