axis_00,axis_01,axis_02,axis_10,axis_11,axis_12,axis_20,axis_21,axis_22,location_x,location_y,location_z,dbh,dbh_approximation,score,reconstructed,number_clusters
0.52224828055493311,-0.83360140956671935,-0.17990392832229987,0.83367901868659822,0.45463851067712796,0.31350138502251346,-0.17954394241847077,-0.31370768970119661,0.93239018557853293,13.960290889495605,9.5831295873007409,-2.8623047860987643,,0.4420513443206003,0.15625,0,3
0.39024578519698783,-0.90564985062405046,-0.1658510633086864,0.89796453097484774,0.33458613582174657,0.28585279223228427,-0.20339107219125471,-0.26048121963110349,0.94381227263284984,-10.548782363962689,-6.3544231215934817,0.46372725992130764,,0.09342823913217774,0.2608695652173913,0,1
0.18057947593728424,-0.98229269022897736,-0.049921173793633561,0.95879579944072024,0.16448804381212492,0.2316339750936601,-0.21932092432106345,-0.089692553568169159,0.97152126996241051,1.8996634387982712,11.850595184142358,-3.400255586427527,0.2423590837451666,0.2604851647886686,0.1772151898734177,1,5
0.066465399455531385,0.94076145670228506,0.33249095064168555,-0.97455706127317232,-0.01028062110091878,0.22390364702786347,0.21405813462191858,-0.33891324909654158,0.9161424150147236,-10.856464095337067,-7.5872373024671971,0.76635047441374904,,0.3813762717436618,0.1428571428571428,0,1
0.98884085708791414,-0.14860298328031535,-0.010531510519881559,0.14211748289514275,0.91975648073247662,0.36585603344233469,-0.044680872968070391,-0.36327010544607186,0.93061186865417289,-14.7660461040402,7.0308983837438941,-2.4419105480813648,,0.4804540341526964,0.1730769230769231,0,5
0.34131832160989367,-0.92333048019359931,-0.17596200635041501,0.91689393074046777,0.28585379953241952,0.27855542547969581,-0.20689930668008591,-0.25641456596367057,0.9441632524394088,2.8893457496493653,19.436832618519091,-4.9703328287558222,,0.2091988705386916,0.1666666666666667,0,1
0.99169717956862136,0.12298607250061772,0.037565010402144904,-0.12802343380245298,0.91671091830693252,0.37848526081511807,0.012112160545063626,-0.38015196728115436,0.92484473147615265,-10.651045269241779,-13.196310302014229,1.9950385240920263,,0.445672673009315,0.1818181818181818,0,3
0.97074441238245179,-0.22976736915851817,-0.069729777700925269,0.23886284913413816,0.89444500548470096,0.37803792331853903,-0.024491327684899276,-0.38363405510127091,0.92316037969292442,-5.1154338586749741,-4.5285506534034079,-0.087414235148722416,,0.2104663216015364,0.1774193548387097,0,4
0.44140671333646803,-0.89477106127809003,-0.067415586630815413,0.87495911574379592,0.41253335303909044,0.25350104222105135,-0.19901421858332458,-0.17088294394001108,0.96498308807567335,24.095254937767329,-7.2619048767228831,0.6362008848189088,,0.09605468629654523,0.25,0,1
0.42260167618453415,-0.90630639335430707,0.0040675116634388848,0.88381764540071794,0.41310085976755689,0.21957697815945537,-0.20068431170461443,-0.0891986604407001,0.97558669835706113,3.7915231146929194,1.704303658919331,-1.4595038557695608,,0.06809433475945154,0.1428571428571428,0,5
0.12702465768216528,-0.98128860889597425,-0.14469762400168937,0.96825015597594088,0.091004516511159275,0.23283000972198092,-0.21530529903673132,-0.16967864929205351,0.96169266617830129,-20.896297682982919,-9.6662912054653329,1.3958110027590984,,0.175124769308856,0.3333333333333333,0,1
-0.49536160762604253,-0.85557966807156283,-0.15033399240590556,0.84933523086709695,-0.51334357993178981,0.12291474505018024,-0.18233634661821996,-0.066796710438239815,0.98096465592627335,16.26366748912239,-4.6588550874881589,0.10689874008322969,0.5564587431407328,0.2145722581845689,0.24,1,5
0.68787094279270589,0.7019969675978488,0.18448258331045714,-0.71469474789371024,0.61071656044080713,0.34093503800063829,0.12666879408370829,-0.36636803939041346,0.92180772198902972,-7.1976594308727613,-2.0577421569735641,-0.64203468358417437,0.1922657898943337,0.2043630142515551,0.1733333333333333,1,5
-0.69193046472184494,0.70061548411852614,0.17427040885697251,-0.70495151494163144,-0.70773988909769625,0.046342323652152156,0.15580626935817382,-0.090786523192296256,0.98360673728647474,18.105248879166854,-11.623188647260312,1.6236145653094416,,0.2793240501592523,0.2222222222222222,0,5
-0.9384924099590507,0.33971505014685843,0.06185209093450638,-0.3333072254375809,-0.93804382722135504,0.094763240146240768,0.090212470980206627,0.068318832803480473,0.99357649286001881,10.712707618367032,17.830721568431802,-4.5869979471879496,,0.3846571459238605,0.4,0,4
-0.74545857290726336,0.66362553092490284,0.062391271694916151,-0.65185103915176879,-0.74536691878212791,0.13970819282346258,0.1392183135791672,0.063476854757299722,0.98822515150865031,-7.7960182629539689,-5.7223288746052781,0.24333978162422151,,0.1035612135979564,0.2333333333333333,0,5
0.33246947547153016,0.9368339611058355,0.1086562340523425,-0.92090644794809395,0.29762472826879321,0.25169591822386211,0.20345850192929218,-0.18374343645877184,0.96168757273399919,10.084207938347136,-10.802787239337267,1.4434231783657336,,0.2874332545655047,0.1176470588235294,0,6
0.076273391830316103,-0.99600913209195407,-0.046348446447883149,0.97346223392377318,0.064326900165785739,0.21962087569081162,-0.21576294589858791,-0.061869691323735099,0.97448370559628616,12.85033057922449,8.3944437937528864,-2.6274481852074572,,0.07542019728940508,0.25,0,1
0.68534912778383339,-0.72007750131381409,-0.10855857933665743,0.70691769124977677,0.62208255377109534,0.3365719448969533,-0.17482548682621896,-0.30741126914166095,0.93537926038622909,3.8592897462267919,7.4221876008802239,-2.5291551343888679,0.5019226188804141,0.2567943139102883,0.5223214285714286,1,5
0.33993647792168313,-0.93175978285717131,-0.1275417501375887,0.91305386821352308,0.29449069080856599,0.28214866075779405,-0.22533491677617179,-0.21236511031017227,0.95085500219771935,-19.205050140525458,-7.6560241234572528,0.90918518730329656,1.06182562505821,0.5084365755951061,0.9537037037037037,1,2
-0.098985487090776897,-0.99400594255882557,-0.046411846581916091,0.97794277991782796,-0.10579497121252138,0.18009814899863108,-0.18392877032153779,-0.02756102726466194,0.98255310147804431,6.9779479696582696,10.021337292602318,-3.0109437682660016,,0.1670548212450257,0.1724137931034483,0,3
0.9998836178752295,-0.0097512856581878377,0.011732993341617931,0.0045627463959774274,0.92500277159908639,0.37993295971701946,-0.014557886181311605,-0.37983520763881379,0.92493961045460205,-6.2652668189826777,-3.9177430074249671,-0.24107611976521107,,0.07316475206290057,0.2222222222222222,0,3
0.9929328529535103,-0.1182064229434165,0.010563668895133643,0.11244475186756347,0.96551807159302416,0.23479998127072116,-0.037954279113769751,-0.23195278614884343,0.97198630530205721,1.6610375548459122,-2.7848293736571921,-0.48939869495549937,0.7101838066930339,0.6060440264570814,0.9986033519553073,1,5
0.99015513022088408,0.13796364846852124,0.023640004198802012,-0.13854325191528449,0.94186527404265763,0.30609732586432065,0.019964604829625286,-0.30635900060844368,0.95170666557516193,8.4346071370376094,-1.0768810797350072,-0.67081521470305994,,0.2461190615387243,0.4098360655737705,0,5
0.94105976293842963,0.33090425666624235,0.070063510463215684,-0.33704878605490007,0.90003425798709791,0.27629051787662351,0.028366148790163644,-0.2836207104034828,0.95851690346755924,-3.8670998598641724,-6.2585922046133762,0.29140084871213073,0.219242553689532,0.1308649433779014,0.3918918918918919,1,4
-0.3360853328600506,0.94140206597642773,0.028439395416619859,-0.91883284084895978,-0.33436114189135774,0.20963978002883293,0.20686435075618803,0.044325804769018373,0.97736501033022438,7.4418604709123004,-4.1314113656823466,-0.096294168837593244,0.446495217482106,0.4233232251552478,0.9860724233983287,1,5
0.020128282194822725,-0.99903472166981178,-0.039044553448690296,0.97627057307364506,0.011217562899954672,0.21626357629763329,-0.2156168370196129,-0.042471062862937774,0.97555399051664471,-0.5985796986729246,7.0425828430722595,-2.5300876735430622,0.2269718585851006,0.2607469010910166,0.3153409090909091,1,1
0.94356794708753,0.33030668196695079,0.024021346278006742,-0.32583918127568817,0.91293641833353467,0.24571512779217844,0.059231386735526727,-0.23967601450358142,0.96904440089041599,-3.2675698589267417,4.255354544999717,-2.0660211938253421,0.3721751502418538,0.3207802930241527,0.9748995983935743,1,5
0.87917136409478946,-0.47502982208173439,-0.03747506756102565,0.46509328761296909,0.83834792263656199,0.28436067665611109,-0.10366265659854337,-0.26743116636614611,0.95798466839661645,-5.6404777040542662,13.965110676900602,-3.9826068468279106,0.3343475104866501,0.2042437200797746,0.2941176470588235,1,5
0.65978112850799364,-0.74849693960985175,-0.066642282819578152,0.73305683145333655,0.62158368440583922,0.27615467611477595,-0.16527717423865029,-0.23105422453430344,0.95879997966235819,7.6061877996713738,6.189118655199314,-2.2208316677241564,1.212045868319504,0.6424659444777141,0.631578947368421,1,4
0.3359464455369226,0.94107754491317686,0.038897817307589462,-0.92072979125102161,0.31941924181413961,0.22411604017055423,0.19848586154675305,-0.11110536629284513,0.97378589040249242,2.4097253784276846,-4.6213004222454046,-0.053622854319348642,,0.06842303038684291,0.2,0,5
0.97980662433088483,-0.19889010417497383,-0.020535466359081083,0.18484958863738524,0.86188094248065494,0.47222015053282934,-0.076220787833151601,-0.46648040414354663,0.88124141076788232,8.7107435498222117,18.497885892840912,-4.7370113175556732,,0.5786489705584251,0.2,0,4
0.37775635972662081,-0.88849630263936274,-0.26052725938426252,0.90282305672740681,0.29102200081557178,0.31657025015418616,-0.20545233249460695,-0.35479644197410476,0.91209035946831607,-3.179154231170632,15.534698814689234,-4.2476423922546447,,0.127141231865461,0.2727272727272727,0,5
0.18881717418545813,0.97871057195044819,0.080459251084294928,-0.95949908165248654,0.16642478020680213,0.22729783290025607,0.20906837886359927,-0.12011831203253263,0.97049575170311897,-10.368879661951526,14.36816514029287,-4.0493669542879029,,0.08701272707502865,0.4,0,1
0.90606638319774235,0.41743866588793449,0.069200212865728208,-0.41350305730914266,0.83882237508371582,0.35410767381533043,0.089771548025822601,-0.34945955886284458,0.93264092012115352,-0.42061037196859014,17.551009725547313,-4.6191722060751976,,0.1296172073419848,0.7142857142857143,0,4
0.32954066575823648,0.94344787466875302,0.036180898200990262,-0.92291397621647464,0.31381449881744156,0.22304764700900467,0.19907973808480317,-0.10689512671291497,0.97413586822840847,-13.299106959275917,-3.7407580850192899,-0.027178988608791255,,0.08313076038045972,0.2894736842105263,0,1
-0.6070928919825993,-0.78848720498973301,-0.098621235399289256,0.78193871261193304,-0.61487088078248875,0.10249707159015986,-0.14145695537157593,-0.014890518232900924,0.98983241119078258,12.709038080863555,0.60858014605917421,-1.038350779830483,,0.3442848689806025,0.1333333333333333,0,4
0.42065364242024783,-0.90699046155888907,-0.020464988633571008,0.88403730054979479,0.40473245805116326,0.23381550127503448,-0.20378558426741217,-0.11644715557306368,0.97206558194585435,-11.671845777686025,13.951173539160564,-3.9583858641939891,,0.07314653658629346,0.3333333333333333,0,2
-0.79893916650241004,-0.60076051644326944,-0.027982317831994681,0.5851522089467287,-0.78724321548299514,0.19453794498955376,-0.13889960616646332,0.13905006853220464,0.9804957816574178,10.51688210686099,-2.3256777871337615,-0.44753940445386264,,0.1083359834806753,0.5,1,6
-0.5462794326507443,-0.83722191647478916,-0.025263492178692833,0.8224356958503275,-0.54185724331096585,0.17317694437375084,-0.15867673948619426,0.07382540515108954,0.98456665691069822,5.9293517678352634,-5.7039008146355581,0.1902700589655569,,0.1118300358197357,0.2285714285714286,0,7
0.27369891473401387,-0.95598538309853953,-0.10573954499316462,0.93843186648548504,0.24133178686262077,0.24719344775754751,-0.210795009518707,-0.16688593694986131,0.96317939554912346,6.5438209982038495,3.3180496763988216,-1.6763042258318699,,0.0815086851328712,0.2950819672131147,0,5
-0.57043559881467143,-0.821323816099505,-0.0055151348754216593,0.80368638084662702,-0.5595454592267638,0.20247735750043971,-0.16938544461257021,0.111067853884267,0.97927141436220078,-6.523999732020453,-2.9309883620649755,-0.46815692741366166,,0.07910050561279514,0.351063829787234,0,5
0.82097863769597357,-0.5700232628429075,-0.032673479532949239,0.55550053335675509,0.78421628328915038,0.27644887133882884,-0.1319592129683447,-0.24510875309151539,0.96047304244871856,5.9509858595688865,-3.7790841902103876,-0.20866736748997186,,0.07492029192748582,0.2112676056338028,0,5
0.3420656246221972,-0.93967184941921134,-0.0028149353286306962,0.91624133406513719,0.332868452237785,0.22293589046037057,-0.20854957732482446,-0.07883786472184412,0.97482904392705505,3.3042414522499302,11.333237632300527,-3.2867785421864553,,0.0765212518153397,0.375,0,6
0.9979606729826066,-0.06318514728250435,0.0090626896113216535,0.056147825809753138,0.93647059025384727,0.34622284044593071,-0.03036308345574492,-0.34500792853570633,0.93810852912152987,-10.20986522094401,6.4663424027678431,-2.4610923979856176,,0.1659577982887107,0.2222222222222222,1,4
0.96577769451848161,0.25836084105019658,0.022871829450258251,-0.25174048832707979,0.91248029664917751,0.32250028645548906,0.062451351525888481,-0.31722134864927387,0.94629300148195405,-12.086924776511111,16.181794550676347,-4.4819473562148895,0.6400980559566032,0.6486842119775911,0.7070707070707071,1,5
0.017419864275140039,-0.98091826548659578,-0.19363859316624793,0.97582682805027254,-0.025517473746536803,0.21705036325917049,-0.21784983356885715,-0.19273872202638148,0.95676184865705105,-2.7603977359744296,12.55779835546147,-3.652898370210985,,0.09441305382686206,0.25,0,5
-0.074548328915538128,-0.99639935044790739,-0.04038416871609915,0.97392380811827695,-0.081449048307501645,0.21175095869959415,-0.21427776981361302,-0.023545423266356381,0.9764889402378879,-0.84413813605387245,-20.626800590203619,3.611460393666166,,0.112262331377584,0.4666666666666667,0,4
-0.45941372379884354,-0.88344055661915455,-0.092042453822775608,0.8687656568265113,-0.46850171994491979,0.16047545584123321,-0.18489257395601294,-0.0062386961049296537,0.98273893520447719,-15.532060382413881,2.6025063117088565,-1.4452347404303589,0.5067763492932691,0.2046351070303469,0.6981132075471698,1,4
0.60268983299050094,-0.79781699317831689,-0.015906307107309919,0.77747601762452923,0.58260125782875016,0.23686877463072523,-0.1797108990255884,-0.15512517452776042,0.97141143343031899,10.288748426148519,12.896178459589656,-3.5494592804994802,,0.08751740506127551,0.3888888888888889,0,1
-0.46754945497888661,0.88073206311848418,0.075554881668941018,-0.8642974011389043,-0.47340334291895708,0.16993903994578605,0.18543869481174927,0.014153017636464394,0.98255390821995092,-3.6695495404184015,-12.975519246558033,1.8326201708446692,0.3740290254770001,0.3365287896506855,0.5333333333333333,1,5
-0.52849220047881718,0.82972370840407017,0.17959555046062806,-0.82458637011813996,-0.55202048617277033,0.12381720825866115,0.20187449628035756,-0.082655614193934676,0.97591738236070757,30.511514988751522,-14.124080173586714,2.2328343449780914,,0.2414450587304126,0.2105263157894737,0,5
0.22059761030339062,0.95056115454579504,0.21856391696023175,-0.94132352216426041,0.14879991726103164,0.30293334455517057,0.25543437699085247,-0.27256572802110646,0.92761048019069936,-0.98420752150043145,12.088526657010609,-3.5461948162893671,,0.2692263530523252,0.1506849315068493,0,2
0.78513195438826244,-0.61876042168251189,-0.026520836294262225,0.60262442572581465,0.75337683191372551,0.26318653205335069,-0.14286922592741541,-0.22261826002131446,0.96438036820954764,13.975630194016263,-9.2870736339016542,1.1111244647512037,,0.08409086935342201,0.4,0,5
-0.34410008879802584,-0.91514109330348603,-0.21002835103026396,0.91771813972447636,-0.37508480768620955,0.13078533198966119,-0.19846547535991618,-0.14774358324577141,0.96890829736351336,14.959690746244833,1.2820042587393159,-1.1217380776587977,,0.1858808844131702,0.16,0,2
-0.68327582710198742,-0.72789269394112444,-0.057501045253350938,0.71811215517087268,-0.68416128829491385,0.12742944790937571,-0.13209495332502241,0.045777261885966591,0.9901794613100614,-7.1805024032097666,-8.5843752961693163,0.86885286158600794,,0.1406976968050626,0.1904761904761905,0,5
0.93932402658254499,0.34209248912610729,0.025359455204310089,-0.33780769973737079,0.90963730538183096,0.24175593199718687,0.059634982039919668,-0.2356537747229743,0.97000565327007893,-5.7740902755794101,-6.4241486844120033,0.35280819850298722,,0.07631882543146654,0.4310344827586207,0,5
0.43294388682897905,0.8805170298463616,0.19300090934490349,-0.88389677652961418,0.37266987912855409,0.28256618628361752,0.17687871352419829,-0.29292818461331482,0.9396313103346301,3.344538385443546,12.72506852443707,-3.5781555985155418,,0.1922628907439246,0.1304347826086956,0,3
-0.19972000560998768,0.92746304050188999,0.31610793704387791,-0.95639573287988311,-0.25468296474891877,0.14298178064303241,0.21311762359856048,-0.27376796008607501,0.93788697748823202,-21.105885354124506,11.040256474684684,-3.1951174600508243,,0.4127615217890973,0.28,0,2
0.49953049266201288,-0.86561531374851108,-0.034342619365940595,0.84449755822735462,0.47774072529990863,0.24204890732650114,-0.19311437297333037,-0.14991306812277733,0.96965607869859349,-0.61419102624247246,8.9478802799465011,-2.8863881819761907,,0.08462753391559626,0.2912621359223301,0,5
0.49033138028303064,0.86013277069368432,0.14052314502794244,-0.85258877147953871,0.43995780808767887,0.28200977615979217,0.18074159525894717,-0.25808669838155385,0.94906466158094827,-11.712539327732092,-2.9992250061904033,-0.27451315900699463,,0.1530986648014391,0.2285714285714286,0,5
-0.54840554376582562,0.83415572300188956,0.05861390065595376,-0.8149663086622404,-0.54885742641949742,0.18597161398882747,0.18729996079111338,0.054219509840673225,0.9808052658098273,21.162630246617876,-5.2623549547370869,0.249605727828247,0.3862735229695637,0.2457757749144376,0.5925925925925926,1,5
-0.89558243090628653,0.44398042219624101,0.028521818988904934,-0.43089006900870769,-0.88156387787086177,0.19281825033684147,0.11075133354348111,0.16039486880738216,0.9808198755014117,8.9142262814534785,0.67406586543498881,-1.0721335979488749,,0.06997445330563209,0.3902439024390244,0,5
0.94445253485879521,0.32691819459073784,0.033673482806626694,-0.32340697954826186,0.90627512129410304,0.27216416021002532,0.058457976173195335,-0.26793637037343526,0.9616614614576392,-16.677066428921442,-4.6921006659774847,0.20069479180705116,,0.08818586041965717,0.3888888888888889,0,1
0.77383129019104269,-0.63315464592448623,-0.01732999323442146,0.61622236217434534,0.74624581682163493,0.25176811003874416,-0.14647571360992387,-0.20550517078762243,0.96763241476400219,-4.4927714205935656,-18.697877880232966,3.1758409387808331,,0.1593168845144606,0.3636363636363636,0,1
-0.85900397530016703,0.51117288810783812,0.028538550804145794,-0.49664429602610249,-0.84553238337491055,0.19600875462356104,0.12432463007484171,0.15419879094154393,0.98018677772602014,-11.676505153564944,-5.8769911797265451,0.38889333301890522,0.3714260702168831,0.2971884796781529,0.9521276595744681,1,5
0.98500307847372193,-0.17212910569485779,-0.011853538289546581,0.16433721853082117,0.91504829519288722,0.36834752078729405,-0.052556769334181686,-0.36477141943590025,0.92961260617521435,-5.2101720178657356,16.365720525806527,-4.4148317524604961,,0.3276933178247795,0.103448275862069,0,9
-0.85428986695634246,0.51748025736046943,0.049020469784143948,-0.50523809105516837,-0.8488252750675519,0.15566028315991515,0.12216093713886299,0.10821199401470201,0.98659356869418013,9.5042002075166181,5.7287344307131542,-2.1231883974871932,,0.08302978150143711,0.1818181818181818,0,5
0.68657012592130484,-0.72690715941608997,-0.015081239406464868,0.70798607499255239,0.66369079930350194,0.24139229593447822,-0.16546050830649556,-0.17641004650957362,0.97031042232959974,11.272276024247434,1.9180319816840485,-1.295489231439434,,0.08107301201640355,0.2391304347826087,0,5
0.98961908427372114,0.14210882800888164,0.021427763373354416,-0.14257732899806264,0.95208413163774563,0.27056886653748374,0.018049191035074123,-0.27081522720397866,0.96246212362743766,1.9158298399540012,13.937034512196533,-3.8151032876558886,,0.07608259330384866,0.1724137931034483,0,2
0.97564815002815874,0.21562367934836746,0.040213383977294494,-0.21666916522714896,0.91889452110559833,0.3296776181694544,0.034134442816652358,-0.33036235861003688,0.9432367421953044,-6.3433170488969024,-5.4716158767278564,0.16171484487694179,,0.07498470665025166,0.3,0,3
0.079178082566763688,0.97173335299620389,0.22240755813552346,-0.97368690779105505,0.027561335070072229,0.2262171045819677,0.2136928563086386,-0.23446676413494241,0.94834629734013576,-14.581315569412761,-10.243336533321751,1.4112118421501061,,0.1721741057355246,0.2222222222222222,0,1
0.92245279960780013,0.38497716759460771,0.029553560302702075,-0.37940608623600086,0.88957647352314206,0.25437122376796295,0.07163696128963333,-0.24585824815320742,0.96665498891394719,1.6495484861897278,7.8605523720436743,-2.6137475722498702,,0.09828552146250573,0.4716981132075472,0,5
-0.43145662500661375,0.88978957341772169,0.14872691678042141,-0.87970182719713419,-0.45150681315145452,0.14921894284520268,0.19992467572544606,-0.066453838978086974,0.97755511932634709,9.3712678213556213,13.40292850229905,-3.6963382183624915,,0.5257083630740899,0.5,0,1
0.49001280972299655,-0.87088931257059266,-0.037937469047028646,0.84852746057682682,0.46655535742986132,0.24965425512202907,-0.19972129319232662,-0.15452476728283451,0.96759159842454689,-22.63731609574408,6.3039148068645856,-2.1148430051939093,0.3380506389328214,0.1708303420264818,0.6842105263157895,1,3
0.92074732480737842,0.3799639015289703,0.08861036843925281,-0.38345352985840642,0.83934820856217562,0.38530244642695416,0.072026066803521346,-0.38874415534944157,0.91852611687554364,-16.699612812900416,-6.6731540531589193,0.64565445078602002,,0.06982405957365168,0.5,0,1
0.52170081991600281,-0.84233538767402794,-0.13527508703015825,0.83106766567832668,0.46595496633805533,0.30366511885443842,-0.19275577698981811,-0.27084509228883696,0.94312679233499885,-1.4414818475726576,25.687070850860952,-6.3046196783747082,,0.2440688862372732,0.4736842105263158,0,3
-0.51884336405212483,0.84417313534203053,0.1348083125993349,-0.82801744791750587,-0.53547150777285712,0.16630505196067663,0.21257626754474421,-0.025337362338425727,0.97681592357336011,-2.267476571319988,13.145197093151413,-3.8041509505565663,,0.08403833739986162,0.1951219512195122,1,5
0.27922284991833979,-0.96019310918453482,-0.0079870619139049779,0.93666766180201211,0.27053163253560525,0.22241026759565741,-0.21139605345850698,-0.06958325137672533,0.97492044788793497,6.8540147611403359,-11.143795328903385,1.4304732725582761,0.335450855096637,0.354752915993518,0.8582677165354331,1,5
0.9305930494185658,0.3652044515878381,0.024945639183704144,-0.35990672579483907,0.9003966979116711,0.24444413496216183,0.066811115104416494,-0.23645611628838775,0.96934244721270668,8.3122221257956568,-5.0232043146516023,0.13169859133658282,,0.1135200319383414,0.3055555555555556,0,5
0.85672147734387283,-0.51367261390518448,-0.046569904246685542,0.49626976603891082,0.79635059316661727,0.34574853879497397,-0.14051558480615187,-0.31932143443087274,0.93717084458469635,26.225647346245999,-11.061741207988581,1.444949553786921,,0.3786179204403763,0.5,0,3
-0.96715335858986162,0.2541642958883481,0.0038589718747638574,-0.24990282767427119,-0.95349591273572198,0.1685055521835265,0.046507608933952782,0.16200634275191794,0.98569315064039753,-3.7477859966411313,-2.4764776082915509,-0.5823263178878737,0.4523450760520396,0.3352061673884663,0.7181964573268921,1,3
-0.9820604564185289,0.18725610369302079,0.022190348549291087,-0.18119130078813073,-0.9696836167998345,0.16396156814539278,0.052220421845629542,0.15699947432937417,0.98621711230467091,18.828191892014306,-0.36154190452984075,-0.74512764148359112,,0.1971725810976425,0.8484848484848485,0,5
0.91043562839163517,0.41166268493779851,0.040506794305800391,-0.40635111974369492,0.87175521783328602,0.27371811716341793,0.077367525733830364,-0.26566270722524099,0.96095660253290427,6.7242872093327879,-5.8286891890330965,0.24117424562501227,,0.07105510483476882,0.1864406779661017,0,2
0.053317273426400268,-0.98220960762899112,-0.18005986514400643,0.96985181528757936,0.0079959683269498778,0.24356420277598501,-0.237791347062422,-0.18761756626664169,0.95302409418147482,8.7255098435039553,7.4753034868686328,-2.4892384536107648,,0.5750031116334789,0.2901234567901235,1,3
-0.41812973485218868,-0.90591101308549715,-0.067028062800934859,0.88828167850157758,-0.42319910242156628,0.1784885972492366,-0.19006100197267731,0.015091589710438813,0.98165628376186398,5.7418288837208022,13.379289925592801,-3.6921678770609727,,0.7115535160280628,0.6875,0,5
0.40575983489973522,-0.89210683072198271,-0.19875703499830985,0.89097921252746681,0.33760391103452253,0.30361100457349927,-0.20375229870132694,-0.30028153761657411,0.93183474872991889,8.103836711921673,10.858037680068389,-3.174759507645164,,0.07899874886575849,0.3333333333333333,0,2
0.24583041258777455,-0.96927949716246387,-0.0080414319249831525,0.94611172984213066,0.23813381466941841,0.21946498801886416,-0.21080797637199031,-0.061559261622201988,0.97558723567217376,7.7613862087221577,2.799342324808443,-1.5369968137511729,,0.5871212011453516,0.9904580152671756,1,5
-0.21216135852864654,0.97588963623839797,0.051254032326905681,-0.9535859811859857,-0.21821064949829869,0.20750394919396742,0.21368512918039267,-0.0048508069451391883,0.97689054414460419,-7.4649160997935411,11.436124451761067,-3.5013105661824602,,0.0828095591340018,0.25,0,3
0.90230926146187096,-0.4229461463072911,-0.083393968630499721,0.41821855112154377,0.81191657319444965,0.40728948141337862,-0.10455257135972285,-0.40237797590821711,0.90948376803881237,8.4470061946134241,-14.243339788567416,2.1840385016041393,,0.4440647631017773,0.3571428571428572,0,1
0.90957305878344374,0.41390881884106928,0.03682852727058674,-0.40007393599083813,0.84830748888226959,0.3468648873078054,0.11232852031487081,-0.33023309039502469,0.93719176774661372,6.8140807541915436,14.386132953159343,-3.8684973722520657,,0.2551767449073689,0.2307692307692308,0,3
0.99987746122681675,0.0051153886785723721,0.014795111668442367,-0.0098732390586385721,0.93949498612354254,0.34242034139229272,-0.012148320093968519,-0.34252445729814751,0.93943036701583293,-3.6759240018730623,11.751721783168833,-3.4895014122718959,,0.08396897852678883,0.234375,0,5
0.55990606453735547,-0.79000869764339732,-0.24978281874875713,0.80746808643463841,0.45268770730915303,0.37824480041471337,-0.1857430706214219,-0.41347321231122847,0.8913694040167407,14.300331960554701,4.2846585439238671,-1.7361730830911333,,0.4922322846715188,0.4347826086956522,1,1
0.45251820682487615,0.88726153137052766,0.08941055554029706,-0.87141354226958012,0.41867463477067185,0.25563643822590526,0.18938244596894732,-0.19359371154474614,0.96262960894060834,9.223774308692624,10.791089508197825,-3.1794572650066066,,0.1304859950374753,0.2272727272727273,0,4
0.47078948061737463,0.87835566485973349,0.082756213959073316,-0.86634086839295366,0.44253317594794245,0.23155536689433798,0.16676559804757946,-0.1807089211805675,0.96929537351293982,-5.3734677151251278,-11.871747202487096,1.5862551184398876,,0.07761816196981809,0.2758620689655172,0,5
0.46519367273384066,0.88265597246380545,0.06718095803406629,-0.86574741837007885,0.43782781741300103,0.24246280103329654,0.1845975472045728,-0.17095390189563514,0.96783185987686582,-2.7935341238223268,-5.3918127627034762,0.097377874652396695,,0.06504380688199154,0.225,0,5
0.79179984109083112,0.6096326855656452,0.037429939066943092,-0.59957298749365806,0.76412371684567604,0.23796465708562733,0.11646992880767906,-0.21086235805370637,0.9705523281305164,-12.034571957755794,4.5405071956307097,-1.9664528591535535,,0.1179742829928577,0.4615384615384616,0,4
-0.51908023683216942,0.85407998571583599,0.033212734453771695,-0.83304644257151927,-0.51422848693526257,0.20396736930991496,0.19128338205185449,0.07820768008263819,0.97841413855631498,13.912748880967927,-4.395920089725351,0.012247955923655513,0.4506076268500329,0.431152332566438,0.9696969696969697,1,5
0.98823563888741284,0.15069264020244644,0.02611609123900073,-0.15172657834042319,0.94454338478629352,0.29123330798787395,0.019218934879311544,-0.29176963934801103,0.95629551400016344,-9.179971109683132,-11.728370530157596,1.6491236931947053,,0.0893333269535712,0.3636363636363636,0,4
-0.97622524812206313,0.20272504885599821,0.076725611730046134,-0.20853037026362578,-0.97496458678790177,-0.077195460923629028,0.059155300749229422,-0.091359778216836399,0.99405937514689691,-12.034782559783018,13.187603254799049,-3.8563860411958211,,0.1373900041802856,0.5333333333333333,0,2
0.99050152824193216,-0.13749664893700125,-0.0011807122821820308,0.13206011677076232,0.94887579049494375,0.28669645929290694,-0.03829945311477552,-0.28412920607303266,0.95802074411122129,-1.2694705108490618,-4.6291488513234533,-0.14907242787963648,0.2974232813529663,0.1347769441993013,0.362962962962963,1,4
0.72317949690912453,-0.68358468455137933,-0.098607273043411395,0.67168039793408285,0.66286057850536184,0.33084935619500577,-0.16080067873419809,-0.30549604336280511,0.93851761262551325,-11.355684090427898,0.99191049783656637,-1.1922408590368399,,0.2088706006948053,0.391304347826087,0,5
0.90442423287388407,0.42526102024131524,0.034203386583807699,-0.41970869799381427,0.87249211785036407,0.25020414288601001,0.076559883874147333,-0.24064614884161636,0.96758876348833001,-0.88414394600324531,-8.8649265509653077,0.9107887679378579,0.4322924155260017,0.3952591002002946,0.8435114503816794,1,5
0.57836380962374057,-0.81524467743370499,-0.029519817640485856,0.79376531912304182,0.55403860202299171,0.25095387151009235,-0.18823368953247635,-0.16857444463625801,0.96754882809115517,-6.2198390527621958,-15.084411718841254,2.3600068893769537,,0.112653306818815,0.5217391304347826,0,3
-0.56755731476859339,-0.81358232090765914,-0.12634279385533098,0.80272014455285401,-0.58091636069104313,0.13482044136746874,-0.18308212359951781,-0.024899578068325521,0.9827822480235946,-27.216983609104588,8.4442167675959166,-2.5117764681845727,0.3070856338116797,0.4035025011501701,0.9,1,3
0.98857562693223688,-0.14655719693645894,-0.03520252635340676,0.14953619994065362,0.92436594344899969,0.3509793832961548,-0.018898538113916365,-0.35223371590148539,0.9357212483637356,-5.3767968234970862,7.7614675785839449,-2.772433626880888,0.5748079582694021,0.2060942152124991,0.2160804020100502,1,5
0.98488726812799787,-0.17318960670975866,0.0015585913796966082,0.16106153423053651,0.91915283605034381,0.35946800437857601,-0.063688705989959155,-0.3537844316929864,0.93315610945918104,5.0082746061956476,18.263422285441763,-4.6604229838315554,,0.1849653313358269,0.2727272727272727,0,3
-0.84833952242892507,-0.52384817651693483,-0.076831911631464134,0.51933976892175504,-0.85155461168977498,0.071700402552386397,-0.10298669380731237,0.020924418026751847,0.99446262354544024,-24.374554192983148,-14.522937733527613,2.5556253725996312,,0.08265323660456485,0.5,0,1
-0.9778969236146805,0.19816226459888883,0.066703250850198514,-0.19402590364517966,-0.97892617524130254,0.063698446936380881,0.077920186727291355,0.049348356775838979,0.99573750767152935,21.630460574990291,-10.591890198590688,1.4059682178774779,,0.2283049160171197,0.25,0,5
-0.077151582460563292,-0.98513892777421375,-0.15345659421381774,0.97383628071511241,-0.10745795657700112,0.20023907193965235,-0.21375343666661561,-0.13399283768981374,0.96765458080920752,-2.282343849655025,14.614866791009224,-4.0644302202421372,,0.1272593083431202,0.3888888888888889,0,1
0.97071740941325269,-0.23333487127493915,-0.057118726431281582,0.23492332627965321,0.87239699847181429,0.4286426341686897,-0.050187068371519289,-0.42950938861039722,0.90166675843340005,-1.6991604035952093,21.148986421720323,-5.3820882960781891,,0.249000454086845,0.2307692307692308,0,3
0.99867703012038822,-0.049988181996789782,0.012056996747821779,0.04559223451119692,0.96921405703436203,0.24196169076791535,-0.023781035767963966,-0.24109187731578205,0.9702108889463954,1.1549135390814913,2.5658348087913274,-1.6834161724051193,0.4730818424895937,0.4247625849148152,0.9629828326180258,1,5
0.92103135524384339,0.37583353558129162,0.10222717931232894,-0.38273380307460803,0.82465983819342348,0.41647447371338825,0.07222242478438505,-0.4227118460645059,0.90338176678246118,-15.164440254667992,-0.34517765881621926,-0.79439492926296873,,0.4310188155697705,0.1904761904761905,0,2
0.27688875783388084,0.93529246066548311,0.22036476308047928,-0.94265290537652746,0.21990854462933038,0.25108909172682192,0.18638164011082514,-0.27725123087430115,0.94254635918255114,3.9208981764956148,2.7472403712915665,-1.691145770254322,0.4335611581055097,0.2607582654152247,0.131578947368421,1,5
-0.94300270768916827,-0.33277681887686861,-0.0023413904180785003,0.33011638941176219,-0.93630667506792187,0.11980392174296946,-0.042060227443985646,0.11220249124438204,0.99279481174405571,13.464557276091485,-8.4165381622184956,0.90327691568333002,0.2595722724411478,0.1902345638621049,0.5230769230769231,1,5
0.9887523120891244,-0.14939935436823734,0.0069784133414996325,0.14222115543807867,0.95363507300286576,0.2652419470684772,-0.046281835359769853,-0.2612661104184254,0.96415663212081792,7.4033919049646535,13.329340976317047,-3.6581343786510394,,0.1011353622028308,0.3947368421052632,1,5
0.31129556693343813,-0.95005525025639193,-0.022138009573020891,0.92718689811292354,0.29852968224661897,0.22628407983211987,-0.20837352513053539,-0.090967303345754522,0.97380974720254099,0.86258951743757362,6.8512834663098579,-2.4389811764251448,0.3873392460735837,0.2883713137843539,0.7167235494880546,1,5
0.079097935877197795,-0.99569491256779308,-0.048323468693598749,0.97326066504786601,0.066647258420004102,0.21982224822724827,-0.21565526752331252,-0.064418817372812021,0.97434235336340369,6.4632803216721939,1.2353530722727528,-1.2696748556624544,,0.0666229388039193,0.2073170731707317,0,5
0.9774934221709134,0.20964444584369646,0.023575748969771222,-0.2033017503824909,0.90623394568885496,0.37068643618646785,0.056347208484641087,-0.36713654409238311,0.9284588036568393,-14.801834133474951,-6.5009367455642293,0.56048873356524631,,0.6470031396876703,0.2926829268292683,0,2
-0.62777088061142861,-0.77828245147513586,-0.013421891901124007,0.76425913914954713,-0.6195478016249818,0.1790767704869794,-0.1476878115578461,0.10216137835555039,0.98374354538657527,-0.27565093222726367,-7.1322167194457835,0.50780215263318018,0.3504353526534061,0.250446065859366,0.4411764705882353,1,5
-0.62871744335381974,-0.76625495905167706,-0.13254325388849517,0.76009792621953842,-0.6415397621573844,0.10333380921946397,-0.16421181132730514,-0.035778084070562183,0.98577604440402489,12.34307298946918,9.7607573979503641,-2.8932796562028056,,0.5088725656793017,0.3939393939393939,1,4
0.16466488570612228,-0.98544660403786721,-0.042195568554350311,0.96314817486778648,0.15142026887674767,0.22230046203763276,-0.21267597105512706,-0.077245665014476037,0.97406469937690998,10.913089626503071,10.51594215349313,-3.0717003474710656,,0.08505208357801845,0.1428571428571428,0,4
-0.34932180406689012,-0.934955603812203,-0.061905541784340795,0.91679097974854817,-0.35468831117347421,0.183549724512477,-0.19356801557889314,0.0073634785983486941,0.98105922478094132,-0.66910533526291027,-12.095209732512689,1.5908106142375127,,0.1332863166627788,0.3888888888888889,0,3
0.49612727897452608,0.85253928857979933,0.1644216667145251,-0.85469908765647429,0.44622090998009334,0.26528544825475764,0.15279788158388519,-0.27214639612603192,0.95004691803041474,14.519883895096097,7.9377470950679765,-2.5187557223050328,,0.3391819376253314,0.7727272727272727,1,3
0.39605438097330026,0.91740574574917122,0.03882814672712033,-0.897237467653073,0.37766524937137891,0.22876600721426002,0.19520720773413214,-0.1254418474180807,0.97270678468127392,-8.5320096766673554,13.18071193317914,-3.8040489317161068,,0.0704472291766436,0.1842105263157895,0,4
0.66775549151025715,-0.73841568811866198,-0.094047196120545171,0.72554510789115623,0.6174014140084112,0.30397333829733014,-0.16639380990019903,-0.27121534897688931,0.94802707477489212,12.470020892032075,1.7719216598527177,-1.2672462391196138,,0.274113594329072,0.375,1,5
0.99529875334899531,-0.096617893956646161,0.0067360336489795955,0.091652594263122014,0.96206450724384396,0.25696631270752551,-0.031308042844889548,-0.25514087573151534,0.96639688533447798,-13.770509391782774,-0.86103770689017434,-0.72282469958197715,0.3283192049085254,0.3126012764002674,0.8571428571428571,1,3
0.9911577991307402,0.13116592210791425,0.020042906473021972,-0.13175902297453085,0.95507523144221118,0.26546348553125365,0.015677279327191804,-0.26575703784318799,0.96391255814503729,-2.4963111488349421,-8.1494581928132188,0.68801422680654722,,0.06885142349097689,0.2631578947368421,0,5
-0.98326626524075844,-0.18185636644261624,0.010757026716507525,0.18064155274954283,-0.96564913971267929,0.18678963673715099,-0.023581371031492718,0.18560711450925471,0.98234103954982133,-6.9775092162525629,-9.720409214954266,1.1141509159623528,,0.07781650199476065,0.3043478260869565,1,5
0.99095893667519874,-0.13403359704280005,0.0059481667200034054,0.12695571415818468,0.95112251157304217,0.28151059415513091,-0.043389312810252843,-0.27821028529290187,0.95953968375002452,0.48257006720734741,7.83797419099416,-2.6464059227092087,0.2135405605180878,0.1544589487737802,0.4024390243902439,1,5
-0.33579959672558451,0.93457814463014421,0.11748328569891441,-0.91884920066739695,-0.35245576365818854,0.17745726555148156,0.20725534316832639,-0.048359344948014457,0.97709088445465409,-1.0339652391256406,-14.586508507288038,2.1656824794622,,0.1105639116259271,0.3157894736842105,0,1
0.99788050316481713,-0.06403060519135638,0.011600991438586132,0.058925462153269055,0.96477357985347234,0.25639760046992899,-0.027609623567755402,-0.25517057278522992,0.96650177830715989,11.142484382302014,-7.8084808812779816,0.78073103029843338,,0.09100437011080473,0.5555555555555556,0,5
0.54513833969923031,-0.83699586366091583,-0.047561694718386505,0.81715515676303474,0.51782794777366625,0.2532028164932088,-0.18730093530344991,-0.17689584709379544,0.96624335387904303,3.5653409323496286,-3.761092378118192,-0.26920562417569616,,0.06676629737654849,0.2727272727272727,0,5
-0.85105062202787374,-0.51052645183421796,-0.12278265644436011,0.51581452560915309,-0.85659213513870214,-0.013612097161142634,-0.098225322175975432,-0.074917661442973391,0.99234022899776786,6.4022740462293886,8.7761356275178812,-2.7509107265336423,,0.2768066299783054,0.3298969072164948,0,2
-0.26209702267850254,0.96419975692048243,0.040298628482232549,-0.94254393237293177,-0.2647277135398341,0.20378953170107503,0.207161980706008,0.015429401753018806,0.97818497602013343,2.2988590402685061,-7.3266100982956157,0.54134104580882403,0.2811794376837922,0.2740404452129118,0.4942528735632184,1,5
0.90301328558081895,0.42620889572692622,0.053972060066001318,-0.42152833991275146,0.85474401906262176,0.30286386467697912,0.0829509777816613,-0.29624084640695636,0.9515043332561105,-8.3156592988531646,-7.9193491448382396,0.74213169479220165,,0.1327873431514889,0.28125,0,5
0.95345066532657352,-0.30098900817749308,-0.01836969636777552,0.28934038148321234,0.89599144953669452,0.33687010256222349,-0.084935107178741795,-0.32650411837136589,0.94137191813601162,4.3488671422720078,6.4492843510293714,-2.373502961322385,,0.1387478770488804,0.2857142857142857,0,4
0.69835022160214977,-0.71477903345274829,-0.037388518619788785,0.69682528998673532,0.66701704802473294,0.26367171421916258,-0.16352823371861311,-0.21018846538457975,0.96388761056263417,-2.2431386432664491,16.331341614510514,-4.4098141667962167,,0.09280919102421133,0.4423076923076923,0,5
