axis_00,axis_01,axis_02,axis_10,axis_11,axis_12,axis_20,axis_21,axis_22,location_x,location_y,location_z,dbh,dbh_approximation,score,reconstructed,number_clusters
0.93709255248396306,-0.34901204760772886,0.0069382060903117734,0.34429298750235082,0.92733738012178279,0.14665511305636153,-0.057618459158478415,-0.13504063852606954,0.9891633530972902,-6.8521740081715317,6.3702323206056573,-1.8874707570421712,0.27589656590885,0.2821996754621,0.6853146853146853,1,7
-0.95538954322672254,0.29257404207654802,0.040388743432136241,-0.29163416419578875,-0.95613145777513431,0.027607059362102608,0.046694057082891802,0.014596758400043002,0.99880258293486235,6.9082299248793504,1.5192362607431222,-1.5068888567751262,0.3165613973737792,0.2728204694078476,0.8854625550660793,1,5
-0.99725656694522902,0.068108518236339802,0.028992575398987582,-0.067440385119979671,-0.99744811802986932,0.023431736886980161,0.030514490647635242,0.02141218303494595,0.9993049505922571,10.554775943808652,12.932722473797478,-2.6186904949303855,0.1746267467795151,0.1362266186840154,0.2631578947368421,1,5
0.99980908768684273,0.0077520270949914078,0.017935837162591679,-0.010125446642016197,0.99061930356495753,0.13627498205752708,-0.016711179165581617,-0.13643057384764665,0.99050867487897287,2.7353756182735918,5.4023693833566657,-1.8864707651101451,0.5082005382727315,0.2599921784177454,0.4862385321100918,1,4
-0.58951849992695748,0.7755554977050263,0.22579107206304164,-0.80398488766634824,-0.59035211167838442,-0.071363048148189445,0.0779502318662261,-0.22360244680320485,0.97155839100674768,0.14079582935471605,-9.3690220977199345,-0.17312896090576438,,0.3319688276424266,0.40625,0,1
-0.65835425453823948,0.72140222771000795,0.21482202258249858,-0.74913865870208785,-0.65574199101691355,-0.093774790083526655,0.073218478333233569,-0.22266851387704284,0.9721408269167352,-17.643855744080334,17.757832838254796,-2.82529663054307,,0.1671454701130507,0.3043478260869565,0,4
-0.82798328013774158,0.54217773241143874,0.14313278551588546,-0.55809006387268489,-0.82160000806876776,-0.11622782518821927,0.054581759031094822,-0.17611568135345371,0.98285507495382063,-20.588882663924814,20.705215014529799,-3.3537429768365001,,0.2541063401684253,0.4864864864864865,0,3
0.98410491845255377,-0.17617537142532627,0.022355043740525833,0.17337986153554469,0.98038389073622934,0.093738201384536854,-0.038430887205578135,-0.088372310641065266,0.99534587034887068,2.9005563251619213,-7.7008424188609057,-0.43446716603558494,0.5097910401807073,0.4537289907506212,0.9528985507246377,1,5
-0.38883708492217417,-0.91886890494579121,-0.066975046942482408,0.91941409194513091,-0.39166873144437625,0.035683782611472419,-0.059020749926917006,-0.047702623957963521,0.99711634764734891,7.8401380306563802,4.0130985598722981,-1.7952893897606212,0.3935685664720724,0.3188097745215269,0.8297872340425532,1,5
-0.99008499545344475,-0.14009603411902513,-0.010237333738524866,0.13983040175626149,-0.97601441315513982,-0.16686318964382454,0.013385085828470969,-0.16664023084942411,0.98592691054652515,2.4833183139841473,20.233115987497694,-3.1057777662446231,,0.4506905391642361,0.4,0,5
-0.02866668106776395,-0.99515648136544821,-0.094030840647628677,0.99697262468435011,-0.03526661483942653,0.069295393120797313,-0.072275909033075542,-0.091759705067683064,0.99315474599849485,6.8597708141598508,-8.6664163144194806,-0.36649963067838681,,0.1178933588146334,0.25,0,6
-0.94627158710211046,-0.32332446680097476,-0.0056011258797279695,0.3232513903612757,-0.94624882460741599,0.011031797613618863,-0.0088669088614503361,0.0086285049082177896,0.99992346048599812,8.7579675830233796,-9.6721745516953259,-0.26233503003365977,0.3646979976709799,0.2683134749320198,0.3333333333333333,1,5
-0.33754307335132339,0.92965400010073973,0.1476757046004438,-0.93776414032738742,-0.34571201068135826,0.032888034095837737,0.081627757218850766,-0.12738385206668418,0.98848887878623815,-0.36012238476381087,-6.5792197994068333,-0.47373944455781358,,0.1048961609411792,0.3230769230769231,0,5
-0.7816865131675993,-0.59290578736999777,-0.1934655587825489,0.60361646913845612,-0.79726236436230813,0.004458761739046524,-0.15688643445723466,-0.11329364357538022,0.98109693558216282,-11.552854588797025,10.636303611000342,-2.3105572214163428,,0.7690422321239078,0.2363636363636364,0,2
0.19575875309188911,-0.97287204770192193,-0.12328215356724387,0.97834708586086661,0.18513486394390347,0.092531409478196783,-0.067197397088415226,-0.1387265690224517,0.98804830290416468,-5.8078653861793361,-2.0301914068303608,-0.83566297829164637,,0.1863892233036948,0.2882882882882883,0,4
-0.11140958087509964,-0.99209817584161009,-0.057698481617672333,0.99155742790927359,-0.11484967094004685,0.060194852295764337,-0.066345854785212932,-0.050505074761980032,0.9965176691740627,13.277266333127427,12.919017502767483,-2.5972417289811722,0.1983148783593988,0.129395309388306,0.5555555555555556,1,5
-0.76541785515868443,0.63215631194270483,0.12047366631458527,-0.64095759722938295,-0.76560957152812859,-0.054912134710397492,0.057522739488106475,-0.11924924006262813,0.99119662690420318,20.208954518886319,-8.0454960202872261,-0.53120186910459122,,0.3651017254038882,0.2857142857142857,0,4
-0.75745304013289705,0.61931035959314873,0.20668713190239113,-0.64101403409470381,-0.76553223815681226,-0.055329923515719019,0.12395926785466842,-0.17439917099351793,0.97684135307106446,8.0868476595333068,-11.836505951953647,-0.0095271668961521803,,0.4517564868855747,0.1290322580645161,0,3
0.59903960802453071,0.79579529339772537,0.088664530810496592,-0.7992820711197165,0.58765534315541168,0.12573531106046637,0.047955383476662117,-0.14618840127357577,0.98809373671159506,-27.181343362520302,18.985597554867052,-2.377608306145508,,0.1907827949143229,0.53125,0,3
-0.20321972962091306,-0.96866897480352376,-0.14276609802713278,0.9734128886626906,-0.21561135751029933,0.077324580166474546,-0.10568391399905037,-0.12325647960921064,0.98673134669786633,12.240850641197316,4.8965008672243853,-1.8236260558792567,0.4513280070994124,0.4402707675113889,0.2666666666666667,1,5
0.50495105147708597,0.85382133672160421,0.12654469791784437,-0.8616394493739612,0.48995789401846951,0.13235830677189675,0.051008772723158631,-0.17587037001132155,0.98309090020066725,-12.326868070255827,27.249877272626904,-3.7148892012068728,,0.9044647639023606,0.8620689655172413,0,1
0.95551822929018271,-0.29486158068560125,0.0064468387402041904,0.28751388685755863,0.93613405455320009,0.20245690101808056,-0.065731867143817541,-0.19159770390423414,0.9792699533327941,-21.112653144337674,-4.3610087042414563,-0.041453315959613796,,0.2481050878918274,0.3636363636363636,0,2
0.59536503366228299,0.78956788589980398,0.14873812641021483,-0.80204383602046347,0.57307807689222345,0.16824744541029163,0.047604220336928328,-0.21946314346883686,0.97445870454570216,-13.35896246803841,10.756624983969587,-2.234324960322887,0.3196082832171183,0.2978310588510322,0.4285714285714285,1,6
0.76418891362950836,-0.64499215885758998,-0.00064753222030335491,0.64110356271991065,0.75947084734955184,0.11040948280827438,-0.070721468830818937,-0.084788837935063546,0.99388597273934409,2.7831353959828267,-13.236826538789176,0.16697399749602715,0.3645259377385462,0.2755800378060896,0.48,1,5
-0.97918981004414796,-0.20294637842290533,-0.00028877453545929983,0.20288122863716546,-0.97883738066908743,-0.026769185111879781,0.0051500458618954541,-0.026270700217291335,0.99964159944337738,-17.940165908561926,19.502308916776926,-3.1622594298986195,,0.2143918431525973,0.5,0,4
-0.77715294119374279,0.62450824501926305,0.077606429481556286,-0.62481444170228273,-0.78042629231328142,0.023274786925119365,0.075101394355766654,-0.030401548794511991,0.99671235890637733,15.517222599900915,16.315190501933632,-2.898251683914518,,0.2238887754011472,0.5757575757575758,0,5
-0.86260433734114861,0.47665815746034867,0.16944249209316473,-0.48911686268062354,-0.87135436778966779,-0.038810570407186912,0.1291450805942706,-0.1163553465053186,0.98477559956465488,-26.690793728221148,2.1587635337651676,-0.53365115576261957,,0.2307847097012248,0.25,0,2
-0.99940235209963169,-0.026138643773902997,0.022621006153259435,0.021639374849838088,-0.98338000648730028,-0.18026508341092137,0.026956929977892469,-0.17966784393068022,0.98335791540184836,-24.059171321907542,2.130277259804497,-0.63415230218283436,,0.3315505927811448,0.15625,0,1
0.99857407605233872,-0.044252154582366907,0.029859026290830617,0.040346314204096047,0.99187029340882515,0.12068759664205711,-0.03495696735076663,-0.1193108036512613,0.99224137313746785,11.353567959638116,3.72371256607454,-1.7390349392023616,0.210743424896281,0.1437156701373906,0.2857142857142857,1,5
-0.76102660959907242,-0.64753227112526313,-0.039248660276487359,0.64813919353468086,-0.76151265858458184,-0.0037492158720090038,-0.027460613364490086,-0.028291848062649241,0.99922244072420907,-19.560891194545285,19.91647488547201,-3.2074024772009353,,0.136955189550709,0.2222222222222222,0,1
0.14489681433118606,-0.98839953282058657,-0.045511281202796627,0.98695325203512896,0.14111522665697679,0.077522713464075438,-0.070201079008494288,-0.056150301206639254,0.9959512800234992,10.19286898402582,16.708482219641059,-2.87960883032172,0.4813184623180221,0.2870419407659054,0.6410256410256411,1,5
-0.77463830485230634,0.62949389394381761,0.060604736968278713,-0.62943876796938458,-0.77672712955060907,0.022400973131843291,0.061174619187435712,-0.020794319116528841,0.99791044801612894,11.561475780069188,8.4237202423440749,-2.2421451203072005,0.2660370420005583,0.3511310921881591,0.6833333333333333,1,5
-0.48788983625950516,0.87022183273382436,0.068392028103113553,-0.86931483772309381,-0.49148836474291085,0.052258016005302672,0.079089952517018475,-0.033958049939937701,0.9962889291039686,5.614510404387878,10.133401444901804,-2.4477065056045939,0.3755014720470253,0.3517146067790929,0.782051282051282,1,5
-0.72933466638333477,0.6805010735753847,0.070634504841887505,-0.67964267954801916,-0.73249121960793262,0.039273926899050862,0.078465104016361906,-0.019362387766805225,0.99672881236155164,10.576244056260759,11.112840258262237,-2.483936503275145,0.3681289419259708,0.2903143279714676,0.35,1,4
0.73729694275855007,-0.66572358717297075,-0.11491441894056303,0.6668816720138504,0.69001855212588847,0.28132407158667394,-0.1079909891190311,-0.28405369774682498,0.95270742784206763,3.3987793651101863,-3.3701675198876808,-0.90432996207242855,,0.7232573186191271,0.7086956521739131,0,2
0.28059409530744844,0.94545798873601117,0.16545738186569711,-0.9570345749986684,0.262451030998618,0.1233056307914641,0.073155833230938563,-0.19294726705247497,0.97847819403462843,16.382004553527661,2.9907422299193049,-1.6958341224982592,,0.4023644218131839,0.3684210526315789,0,3
0.68721545593843836,0.71870663265582879,0.10580970322161627,-0.72572998994765292,0.67270994157668518,0.14414338761967183,0.032417569463278312,-0.17584683869895126,0.98388362650756678,-0.46523145325049592,-11.002699206791194,0.013201790943825242,,0.1275306874932295,0.2352941176470588,0,4
-0.73515396686662682,-0.67718683209610953,-0.031090825590465384,0.67696785755769484,-0.73577491880433377,0.018702638643226244,-0.035541030289029052,-0.00729817060023648,0.99934156917036276,-9.2738475151786588,-11.212447734721252,0.34467676241696676,,0.1009821702346455,0.2380952380952381,0,3
0.94039608971122401,-0.33850040423844224,-0.032751653183465054,0.33620884931477296,0.9108752820394489,0.23931115772564829,-0.051174252298154678,-0.23605867257943508,0.97039038484609852,-14.328495001930101,9.2121247101964858,-1.9811257523291856,,0.07927692850721148,0.2758620689655172,0,3
0.93366163945183323,0.35614679584633518,0.037886710394318616,-0.35815597584401598,0.92827756840544651,0.10012518645421453,0.00048988093946595766,-0.10705239746805925,0.99425325959385469,-26.143074022409799,6.4229359741780252,-1.0339144114447503,,0.09181165603009554,0.3684210526315789,0,1
0.59420572157131157,0.80284691048435219,0.04854275206091805,-0.80310825685003207,0.5889318519378075,0.090423456870481325,0.044007820114386718,-0.092715220427043901,0.99471965883355529,0.55421840000494882,-12.424028155796092,0.14331583772525869,,0.07947405831046095,0.25,0,1
0.055272547401220028,0.98932504592116588,0.13483656409469386,-0.99375228916872949,0.041393517404549704,0.10364827296578037,0.096960472748896839,-0.13972304831330384,0.98543195426896324,-27.723734118999239,6.2536737463019119,-0.95299491464603969,0.3820906310534681,0.4343152425610148,0.7115384615384616,1,4
-0.93886172119528921,0.32996813465996178,0.098283765613887519,-0.34023472083851869,-0.9328937271381138,-0.11810854584785613,0.052716251859890616,-0.14432714219919016,0.98812482653481637,-21.509803064903426,2.7926259729010843,-0.80266120882182035,,0.283741101355252,0.3611111111111111,0,1
0.984294335408332,0.1729630514387511,0.035333328743072649,-0.17622728189197964,0.97451119199189851,0.13882320339011794,-0.010421439441596153,-0.14286958920471926,0.98968665449244086,-9.2404900001880144,5.5447770862171675,-1.6898259145169994,0.3034131867145555,0.2715858769138388,0.8449905482041588,1,5
-0.10604215921123764,0.97031793368493058,0.21734343339338236,-0.99356132309161582,-0.1121625007499482,0.015983450251876457,0.039886811432538215,-0.21424910967124919,0.97596432377357967,-6.3743833211321421,11.404998805339382,-2.4883794398642465,,0.3429405789386888,0.2121212121212121,0,5
0.99635033511324056,0.079070401504831356,0.032154025029513394,-0.082551483076485896,0.98841129857598553,0.12739057064479684,-0.021708578065052404,-0.12958000020527502,0.99133130747757314,0.13420974091125171,-2.9699562002716542,-0.89651754938756512,0.1860750093878061,0.1551510362935681,0.6594827586206896,1,5
-0.86713130799846039,0.46998564787216468,0.16491447930082101,-0.49331432556948451,-0.85608376726218749,-0.15414784986533436,0.06873333162886848,-0.21502110181180495,0.97418768976970427,0.87302198836799505,3.6147915331837299,-1.6360994553506951,,0.1975829405498362,0.2956521739130435,0,3
-0.42421541927708778,0.90017924164989171,0.098583015525944936,-0.90428370747667075,-0.42687996941295941,0.0066684410648650211,0.048085906873109908,-0.086318159251775509,0.99510648723821193,-34.443431892679925,13.025641086796769,-1.357449373367144,0.6252282120312003,0.58605768461507,0.7954545454545454,1,4
0.99218018370716821,0.11302158681174253,0.052958511812237603,-0.12077212313698893,0.97644846588600798,0.17878055750513491,-0.031505195314347069,-0.18377843829845381,0.98246267526292708,-25.682911597224461,3.3585001147751314,-0.71084696089002342,0.6357329391729816,0.5050928828652272,0.8865248226950354,1,4
-0.97212925787882798,-0.23436372528726349,-0.0061927574983230687,0.23444377236295461,-0.97168053139970911,-0.029547631021855314,0.00090751098289542026,-0.030175970046589513,0.999544189746287,-6.1428672334684196,17.493267959053949,-2.9599094750160875,0.3025749587394704,0.4331250863441763,0.4925373134328358,1,5
0.43829133391184305,0.88104385873662483,0.17793938743363005,-0.89797258323757556,0.42054585106029369,0.12956244405539838,0.039318524532493002,-0.21657078782340763,0.97547483180763606,-9.2935247142554847,-12.913205667480391,0.53019525781180199,,0.5578774426285006,0.1538461538461539,0,3
-0.38724676902410626,-0.91222174180228344,-0.13375886386927582,0.91969284848420807,-0.3924048010660881,0.013547566102011603,-0.064846004714207692,-0.11777081932080112,0.99092130352975716,25.731140816738669,17.061972563859207,-2.9145590602288936,0.8648812602552985,0.6315539023910809,0.1818181818181818,1,5
0.90122387826390959,-0.43335357450238693,0.00044801000022605229,0.4294668757624846,0.89327810445218403,0.13271183341783005,-0.057911344914159564,-0.11941066774922338,0.99115456340467722,5.475053041610388,2.7743633441446658,-1.6151518362719517,,0.07199713439458386,0.3272727272727273,0,5
0.51577083730020823,-0.85649794818984282,-0.019791617852778533,0.85302189390344862,0.51125742353581882,0.10473535888556972,-0.079587008437400256,-0.070902127091538578,0.99430317130233448,-3.7585824632467686,-1.5397599222304135,-0.96911958639497653,,0.09667576613551074,0.360919540229885,0,5
0.74512543842361512,0.66528844936457132,0.046683617641516198,-0.66585351859239861,0.73813921341641564,0.10857989406477266,0.037777940549180551,-0.11199009223622912,0.99299095990284991,18.476312499718507,-14.272297121087243,0.12502005583202339,0.7450363353867591,0.6510713878224269,0.8125,1,5
0.63576142274291614,0.77052385509238153,0.045830143851820389,-0.77078457875932616,0.63056435525320098,0.090993005395603774,0.0412134261947779,-0.093175010693267529,0.99479639669813757,11.594963124557761,-1.1284355231685823,-1.2352511213420618,0.2536769475512836,0.2456675978727076,0.9310344827586207,1,5
-0.8565380034815665,-0.51533723037476065,0.027752253628900238,0.51592320751393073,-0.85369021255891431,0.070966646600025135,-0.012879927808396641,0.075103661500529759,0.99709254710325856,-14.460666833332004,-1.3838645790545163,-0.58875601306874092,,0.06205505280434685,0.1855670103092784,0,2
-0.90298707068260797,-0.41901955197587026,-0.09506295409876768,0.42963451325687146,-0.88329154123599041,-0.18764391330251121,-0.0053418347573295005,-0.21028235361744022,0.97762610263767813,-9.2977471863197341,9.9920342829286071,-2.2907422827671211,,0.2462942103916537,0.4351145038167939,0,4
-0.8497861843321457,0.52034472449379376,0.084290026751037833,-0.52332328289399532,-0.85197402480684448,-0.016522791394854207,0.063215366005934442,-0.058151773368524957,0.99630426514937276,-16.022330741706615,11.990857035959772,-2.1835584758974078,,0.5205698891141015,0.1818181818181818,0,2
-0.14101674582470433,0.98577189907745144,0.091476993753867808,-0.98685404573044222,-0.14733504913179121,0.066418940994196221,0.078951692967716675,-0.080908258457138241,0.99358969594645263,-24.712777268204928,4.2830465374345881,-0.83176087042327651,,0.07416321800571793,0.2424242424242424,0,2
-0.9680840973538003,0.24867194964920647,0.031232065387028565,-0.24762521468240689,-0.96826355351635829,0.033873942571921514,0.038664369956964512,0.02505897822211519,0.99893799312384457,5.3039341626095311,-13.231409977601478,0.16392858363152379,0.5095166590274923,0.5412838463710735,0.75,1,5
-0.99564821688183636,0.082035464598334815,0.04421324200005422,-0.087845693752937132,-0.98455863475242789,-0.15141805976666387,0.031108878300015377,-0.15464306412694748,0.98748051140685511,12.614181186991384,-7.6164345460844141,-0.54267098219836329,,0.2337026578786414,0.2826086956521739,0,5
0.42835485204721563,-0.90173256465024143,-0.058228022265111284,0.89994229607654308,0.41992871644986662,0.11731895342717333,-0.081338702104764779,-0.10265600299089139,0.99138577788358784,18.560837459614621,-4.7997720672128175,-0.8717895716418198,0.3641606105118402,0.3042928279357325,0.2380952380952381,1,4
0.69742452174529901,0.6985738506286675,0.15998003527370527,-0.71612359929372071,0.67069719617526546,0.19321558316358087,0.027677192829952048,-0.24931876435694175,0.96802589156312346,13.528734996591584,4.526160988362264,-1.8110473399929732,,0.1442085236744171,0.25,0,5
0.99515535144445089,0.088274598884246089,0.043283041520855763,-0.093404291552927579,0.98629409923393185,0.13601319103609738,-0.030683298567239486,-0.13939707675612029,0.98976107732163365,-26.10830699781312,4.9360290673918232,-0.85932028683632367,,0.07148961663479551,0.2727272727272727,0,2
0.09373286423814714,0.9691775033706046,0.22783572398119295,-0.994208867140428,0.079036346232192259,0.072814727037952928,0.052563092194615545,-0.23334142995744722,0.97097317079533851,-7.9495221028524554,11.303397804097116,-2.4671611253102084,,0.2469822500775741,0.25,0,4
-0.24656090572442213,-0.96911582913572003,-0.0047148156845991116,0.96651712963282532,-0.24625074946190278,0.072147117168857369,-0.071079940170756375,0.013231708432332893,0.99738285728063558,3.5065574097163545,12.033586251000187,-2.6080571389570806,0.3369307026620373,0.3070548810696139,0.8016528925619835,1,5
0.27637900651907404,0.95829221995587499,0.072736963969978252,-0.95906564839056518,0.2701580690475856,0.084898173158579351,0.061706781091820179,-0.093223596264680894,0.99373116800609884,4.390106954655753,20.380133467160459,-3.1399261960710874,0.3067843669290247,0.3159845732041235,0.8085106382978723,1,5
-0.63421988183576206,-0.77209314256407902,-0.040463819515188786,0.77270761302289082,-0.63476172202327352,0.00070783509088687591,-0.026231398374840148,-0.030817778303669132,0.99918075355749691,-19.433131546269781,6.8411479886642237,-1.4046848424758791,,0.2827184079026691,0.2727272727272727,0,4
0.94074378051080909,-0.33616348780148908,-0.044668209045910151,0.33505892962100786,0.9010654177221934,0.27534819168891178,-0.052313030035122325,-0.27399858111725184,0.96030626595595925,3.809753225065009,5.0542946509988642,-1.8518194593776549,,0.07204390928271454,0.1276595744680851,0,4
0.098074266628183582,0.93325388009298771,0.34557001246741342,-0.99255579401511873,0.066532815907024589,0.10201166685482663,0.072211037884537518,-0.35300223752671372,0.93283170310017482,4.4096847367744774,-10.040643875551252,-0.19322488897950119,,0.1994876512218792,0.1333333333333333,0,2
-0.65047338042436897,0.74777542878759973,0.13310255242036242,-0.75670761472519377,-0.65311938788370871,-0.028786298603970396,0.065406170780754516,-0.11944443591867744,0.99068413712538439,-23.254363467930393,5.5451913736673033,-1.0375291501991113,,0.2688820235651622,0.4791666666666667,0,2
-0.6650651668812958,-0.74610556728210609,-0.031856024105378203,0.74600600422387264,-0.66571469361560054,0.017291280063083905,-0.034108143647623976,-0.012264957192566437,0.99934288678209893,-29.836754444667339,16.030845605936406,-1.8788987830882797,,0.2355331320228444,0.2727272727272727,0,2
0.9467663546549554,0.31953494643179764,0.039126560060850392,-0.32191237630490521,0.94063715586648933,0.10758328394844098,-0.0024272773010557145,-0.11445155749149938,0.99342586503104191,10.926541367511639,-8.4418075060527951,-0.444490772535377,,0.07501032061219748,0.3181818181818182,0,6
0.91607575878588876,-0.40015589253489409,-0.026085740059670858,0.39710080009489696,0.8961793510162086,0.1979230289182142,-0.055822564692524286,-0.19167115714621724,0.9798704040787124,4.4269388025371708,-11.02223469233977,-0.10221579184971817,,0.523678295329848,0.2894736842105263,0,3
0.1916333087755564,0.96789802994383933,0.16263480131437744,-0.97886262097870513,0.17641989956857884,0.10346008064423823,0.071446792919150667,-0.17902352545698375,0.98124713151912979,21.168198550372662,23.1594052615606,-3.3115302538363385,,0.3088840992954285,0.4137931034482759,0,2
-0.25295888728779276,0.96568303132095246,0.058890443714572166,-0.96502151304088557,-0.25618304513114026,0.055711100829339548,0.068885997927026904,-0.042737927021717755,0.99670867804162544,-12.76870234102215,2.7975971982886385,-1.1752791406082923,0.7825757887753825,0.6691583528259174,0.9913001449975833,1,5
-0.75288819965539044,-0.65520466011193479,-0.062178872515251692,0.65754658730203841,-0.75287465745213389,-0.028499749012471685,-0.028139728980688093,-0.062342630149322606,0.99765803365630124,-28.713228115296769,13.446792390771455,-1.7022440425435561,,0.3389924844449028,0.5,0,3
-0.71858555328213702,0.6932427841480745,0.055219967772834382,-0.69215018517405025,-0.72064216816593585,0.040037315402367948,0.067549417301220535,-0.009450274478930383,0.99767117254862092,20.88725049290553,-0.7805828507041227,-1.2288210376533768,0.4599770053265813,0.423761200844485,0.6833333333333333,1,5
0.43908611852586021,0.88622107848205056,0.14770098365280437,-0.89703200060198107,0.42321459516070004,0.12736952672822616,0.050368347341378128,-0.18841869996652813,0.98079632089900415,-17.644032691139156,7.0952525930975208,-1.4965638618594463,,0.130871109352182,0.2264150943396226,0,5
0.92340058991089546,0.37467657648493879,0.083359544059065371,-0.38373595409610922,0.90612203148946335,0.17801567791449119,-0.0088356146451886754,-0.19636783617215126,0.98049049196354177,-9.2441936700597758,9.2021062441019463,-2.1852309019931995,0.6294194505195787,0.7945267451640469,0.5418181818181819,1,3
-0.99679758555237696,-0.077906613030006483,0.01803144706180972,0.074402096505624724,-0.98619569772141147,-0.14792692057683263,0.029307020874147938,-0.14611161980475618,0.98883390571193042,-12.027780842926507,-19.227427371556818,1.1998847145586855,,0.3990314231660172,0.2413793103448276,0,3
0.80873891920748264,0.57862825436707066,0.10550215072323495,-0.58764043766539553,0.78731435185809795,0.18658731837583228,0.024901336902541628,-0.21289775622673551,0.97675711864008763,-36.523625080959675,6.9881292540929074,-0.61696862734630198,,0.1412488256124696,0.4,0,2
-0.16526999407137358,-0.98539049536609458,-0.041126642238468139,0.98425876127975154,-0.16744053968775033,0.056554014120343291,-0.062614055160940305,-0.031132576366848665,0.99755212534737503,14.893922521314686,1.1592496650543291,-1.5231240467767393,,0.2042774580738496,0.2903225806451613,0,5
0.88695228496059564,0.45008033220757493,0.10365007845195814,-0.46175890698455119,0.85941764032356172,0.21949950186985301,0.0097137028784467071,-0.24254693166601773,0.97009104207584007,6.5515717647351162,5.657211909403169,-1.9391885288943078,,0.07972844364710686,0.2608695652173913,0,5
0.21412493798331322,-0.97614558280237018,-0.035920914646834397,0.97353937439931637,0.21025938464103705,0.089510209834195081,-0.079822286535976089,-0.054136792902750731,0.99533793770074652,16.33798872220007,-5.445312398342538,-0.83791024309026874,,0.08600967148754302,0.2857142857142857,0,3
0.020882210936835711,0.97893247481730672,0.20311362094762125,-0.9968883709202444,0.0049421690200866846,0.078671156654515365,0.076009928235539745,-0.20412443438609043,0.97598960347751029,-2.7699964316685333,-6.4847973921793214,-0.42722592157543193,0.2522544762866392,0.1482759561940504,0.2432432432432433,1,4
-0.98360817332532557,0.17708044848051535,0.034021700920965341,-0.17545444473343372,-0.98341266246069414,0.045992098617600688,0.041601672933892803,0.039268945464681522,0.99836228430925478,-5.7220559393855925,3.1780384852780807,-1.4223038468637716,0.5315800462763001,0.6165005353746481,0.893048128342246,1,5
-0.84384836018842346,-0.53648544688749711,0.01016416672598605,0.53637256431981495,-0.84389692711141895,-0.011935185666469826,0.014980562482669036,-0.0046197066822036524,0.99987711297832771,2.4835864140648765,3.7848747658811952,-1.6804774018101405,0.6704757774330126,0.1994633591538418,0.6042553191489362,1,5
-0.51833094906429689,-0.82123383504922898,-0.23855400942436655,0.85401789693401275,-0.5116176172156639,-0.094344292201340996,-0.044569708979425131,-0.25263095994929469,0.96653563778920593,-4.3826149931952409,9.8381387290968192,-2.4370920653173669,,0.3378207625305225,0.2937062937062937,0,2
0.52972242892286436,-0.83624240368118319,-0.14174904084888593,0.84479450686501323,0.50529574305053127,0.17606377601798656,-0.075606808336028591,-0.2130137421401021,0.97411947737056881,-13.498536236123504,12.126786082109586,-2.3546679228201244,,0.585197290534538,0.125,0,5
-0.93844053857843102,0.33635082940624855,0.078724044042172911,-0.33833197401445197,-0.94093774934846564,-0.012947092744304094,0.06971965943770532,-0.038784937911178617,0.99681236834176445,17.816050268003622,13.105920198799135,-2.6169274768681547,,0.2994088535532902,0.4166666666666667,0,4
0.97873318473076854,0.20224705300644144,0.034314467167320728,-0.20375779665093877,0.93908614188129347,0.27676701109500379,0.023751071780494102,-0.27787289842069324,0.96032418427974686,-6.5766960140877622,9.1633208390478362,-2.2769143080084828,0.4122680390035259,0.3316193045804977,0.2727272727272727,1,3
0.87086085656794421,0.48658840632380723,0.069520438210675689,-0.49151708877985634,0.86309433667847246,0.11609960133834721,-0.0035099765129841341,-0.13527708166872107,0.99080159024906334,7.4197741360589147,10.584322996318416,-2.4767452186869781,,0.3308371263399235,0.3,0,2
-0.85158869704757556,-0.51618322874028999,-0.091386899652311171,0.52398320594832892,-0.84331819143178055,-0.11939860922280963,-0.015436675319614629,-0.14956370671884142,0.98863158289000486,-1.9911169612755688,16.678996545433851,-2.919389749824838,,0.5102057951273117,0.1739130434782609,0,1
-0.95977142606618238,0.27599008588506913,0.051655417915633599,-0.27658071638237791,-0.96098007774877803,-0.0045163586397976799,0.048393357315825641,-0.018621564464482022,0.99865475531066183,1.7929477928689275,2.7459643062539674,-1.5469208227724134,,0.1569756289230763,0.2763157894736842,0,5
-0.99676033404953912,-0.0070541646922970044,0.080119131460237775,0.005697607303155286,-0.99983673238967941,-0.017147764733204167,0.080227013757636204,-0.016635724355141216,0.99663778723200613,-25.81354896054323,-0.67640962795088633,-0.27901997712818621,0.3738706872478049,0.4747220875195919,0.8793103448275862,1,2
0.78770009952004527,-0.61410888673512887,-0.048977836304318415,0.61048920166281817,0.76744160565375441,0.19579662041180132,-0.082652815252759027,-0.18412945756865989,0.97942067314625603,-8.8023218915329036,-16.06078091568671,0.77649499873898564,,0.3184793425327741,0.5,0,5
0.94783194257308623,-0.31793706220232248,0.023035475169539545,0.31173630783237594,0.93959027531766037,0.14138807908561987,-0.066596418951532385,-0.12683114367788362,0.98968620177114341,3.8267537406538739,17.707308019355963,-2.9728036927535166,0.1725720616014398,0.1598683196943594,0.3,1,5
-0.90223710101878862,-0.43104562742284858,-0.01295687558232014,0.43119060361550221,-0.90218201687195465,-0.011927773746666126,-0.0065480454268270934,-0.016348563010111655,0.99984491176811685,2.1113029273750628,12.180117884487302,-2.625067929928194,,0.0823331243458964,0.4444444444444444,0,5
-0.063947776422946911,0.99669512259598869,0.050095054485738554,-0.99494590410277117,-0.067568805883764543,0.074277213064050079,0.07741659899324517,-0.045092006662051244,0.99597860475790823,-16.080511831300512,-3.2429949206389774,-0.32765302748511932,0.5052034749661045,0.4527692501575731,0.9209302325581395,1,2
-0.31074377053785007,0.94876839692995107,0.0572436726537612,-0.94707573219436791,-0.31416715559603947,0.065928414459897361,0.080534877912753142,-0.033727249097204967,0.9961810107143747,3.9913765779014323,-5.9543599719766105,-0.63567020004829844,,0.0861997653112752,0.3404255319148936,0,5
0.99379393456808307,0.098329680606855568,0.052008552445178872,-0.10965200157043975,0.94460655491791601,0.30934591472605977,-0.018709734559459099,-0.3131289356125686,0.94952631112300145,2.7592776177696661,-16.042264606892619,0.51686941235172601,,0.5180647240298532,0.6964285714285714,0,5
-0.83518223063060881,0.54676904550122885,0.059281131235459257,-0.54573766883714014,-0.83727339469653328,0.033818032845610989,0.068125167530687578,-0.0041077262589315445,0.99766832571446173,15.189187204496983,-11.012042788592742,-0.19271941191853298,,0.1232155692082284,0.625,0,5
-0.12132114678971259,0.95885995337916818,0.25664911678657154,-0.99194891713555244,-0.126575767562977,0.0039900951676422238,0.036311501418044297,-0.25409873055869725,0.96649640971564132,-6.8844110640747029,8.2367456626032087,-2.1652012264674374,,0.324552889955203,0.1515151515151515,0,2
-0.9992092787361877,-0.033104082937577654,0.022021284712069013,0.03323838166650734,-0.99943085029936773,0.0057606817369393569,0.02181804921847097,0.0064880785094424713,0.99974090521772485,29.690142714528829,6.5024378357725592,-1.8836975141741257,0.2717286328139911,0.285200078314752,0.6071428571428571,1,5
0.57188528301114228,-0.81675275431961292,-0.076564752899692293,0.81666040671723372,0.5580168527768633,0.14725139088458924,-0.077543556635657748,-0.14673830559308487,0.98613126230535952,-16.171960202038445,7.8334303171230513,-1.6574556362608752,0.4149373851446722,0.296384489102208,0.9710144927536232,1,5
-0.11729443027088417,-0.99113432988217476,-0.062407986319384996,0.99217741646259305,-0.11965817492406033,0.03557942432722442,-0.042731614631820458,-0.057746526327172504,0.99741633624485126,2.2520144385781875,-9.1531669250901988,-0.26178953510921132,0.1015294817630753,0.1607965145548948,0.2962962962962963,1,4
0.86247991338559793,0.47348751939562994,0.17871196933318462,-0.50590443207796043,0.7970236349156602,0.32986971820660549,0.013751531196510439,-0.37491718333840324,0.92695631020418101,-11.744261388061817,-3.0012642253132866,-0.54834908010115846,,0.57365906766179,0.2606177606177606,0,1
0.65207775643672539,-0.75745258144057914,-0.03256050413383061,0.75409878561002686,0.64355810840490613,0.13102664861691918,-0.078291896783314982,-0.10999339968971576,0.99084399928685496,-4.1351449402039275,15.155233587745466,-2.7988047920680699,0.1855460007453001,0.1438829802769999,0.4791666666666667,1,5
-0.32410315700360998,0.9440074918666348,0.06170088265137294,-0.94239726535201096,-0.32787775312886736,0.066208558813921653,0.082731722315834838,-0.036688340148208015,0.99589629370724364,-24.391380731101762,18.560923787972101,-2.6129621627000805,,0.102727604203552,0.4615384615384616,0,2
0.95530786154212488,0.28938487349011915,0.060359627822903078,-0.29552486890824969,0.93988184098894167,0.17113496672509459,-0.0072070474241202418,-0.18132435019694704,0.9833969384196195,10.929358461938536,-13.2601979221511,0.099387515757585407,0.3852141963763587,0.2794694664692866,0.4375,1,5
0.58324422402923437,0.81087103045027309,0.048107661687598793,-0.81100260881784048,0.57795091064579951,0.090815821167611069,0.045836051609980735,-0.091983242279249727,0.99470505151658084,-3.064889004835686,-5.7110659544517635,-0.48125881258448922,0.3034059990473872,0.2316312654302074,0.8024390243902439,1,6
0.15364356123526193,0.98621862008509809,0.061371731997653271,-0.98580611637873761,0.14873308564830948,0.077876634132479972,0.067675379579414371,-0.072465872181173036,0.99507222871900325,4.1534930089858584,-7.8360472209562673,-0.44215265910045087,0.2300261918381478,0.189771691462004,0.6470588235294118,1,5
-0.71179901031127668,0.68355737754932966,0.16152857492645023,-0.69882036923835855,-0.71234093378931918,-0.064965264455127542,0.070655930094019923,-0.15912166931641797,0.98472739065007475,-10.671522134361355,22.215216152035303,-3.2780461869841053,,0.3480361762137967,0.2307692307692308,0,4
-0.59472870332965344,0.80079552088807593,0.07088231910303186,-0.80016542868367468,-0.59815969480908737,0.044048453382275816,0.077672750532603571,-0.030520701687452943,0.99651163093724371,16.393476574602055,11.434072305212071,-2.4882220514554452,0.2346603150775979,0.1846548234103074,0.84375,1,5
-0.99625125776093615,-0.083934104592789952,0.020940331801529502,0.084339505775733375,-0.99625032250380807,0.019290999884973483,0.019242639508565643,0.020984780133791788,0.99959459773824233,10.16997054792332,19.857567132206793,-3.0795769267452373,0.3003599257356349,0.2682244717666544,0.4285714285714285,1,5
-0.8543184863559109,-0.51346872697233759,-0.080559234678290098,0.51791892947945362,-0.85401943034940087,-0.049099847988978797,-0.04358791526790079,-0.083670060398513865,0.99553976044932879,15.32689816379281,7.635940411907284,-2.1652531852695551,,0.2330196945163308,0.4666666666666667,0,3
0.5242046944800276,0.83381636161337669,0.17308874426412704,-0.84971551317069693,0.49864477499889753,0.17128028212073557,0.056506503715597033,-0.23686211911601718,0.96989862953079264,0.68721537374569863,18.299971596120944,-3.0179788011943858,,0.09844730494811035,0.1875,0,5
-0.23071502271762762,-0.97256949169217877,-0.02965066815472198,0.9709269344888275,-0.23210981434312408,0.05853137594255297,-0.063808041629034654,-0.015284564606729611,0.99784513623520266,-2.8944967220507438,-8.9964422081449165,-0.14950268695183605,0.3103044572841144,0.2855992497275865,0.68,1,5
-0.93550184497514843,-0.35326357914093892,0.0064141796534258506,0.35317307401052556,-0.93548063306925489,-0.012031830546570085,0.010250748365305375,-0.0089904841292885243,0.99990704235597394,6.3010814178683319,12.882527898564627,-2.6331812058246515,0.1449409847222111,0.1385518665438003,0.358974358974359,1,5
0.90268090265523637,0.40707527522886078,0.1394880219906901,-0.4302910916715838,0.8508161960032895,0.30159803886393116,0.0040944364208773459,-0.3322672432182262,0.94317639637268036,-11.709826133886361,7.1265574665318159,-1.7757258963003475,0.287619501469517,0.221858461803166,0.5303514376996805,1,5
-0.99955851511044402,-0.004712333774284946,0.029335452623165875,0.0044900784499018308,-0.99996075230211634,-0.0076376076686979861,0.029370292230755945,-0.0075025172966785257,0.99954044348815374,5.480522684213069,13.261956743370542,-2.6490745145757324,0.2268218047890166,0.1527879152946906,0.45,1,5
0.89561222488878223,-0.44478553051886333,0.0066764115225497276,0.44027211586798415,0.88846872554580003,0.1295522586300597,-0.063554752921347143,-0.11308914876359637,0.99155011865917864,-3.9638195895065857,-3.2819699251029628,-0.74004576908467612,0.452192335014669,0.2880841786570414,0.8069022185702547,1,5
0.99938159757286216,-0.033442195968807389,0.010864711754059366,0.029220487134815943,0.96172995136102346,0.27243653166697046,-0.019559794587852029,-0.27195058408451339,0.96211241248191692,-9.5759123578343797,-7.5533588770871773,-0.074150833752476289,,0.1915395840998567,0.2298850574712644,0,4
-0.79609252544593312,-0.6032882409875624,-0.047749232614253859,0.60482302832459012,-0.79583949572802581,-0.028785438117812451,-0.020634808876976597,-0.051795707597205184,0.99844449487045417,9.613168939605055,17.662576702087453,-2.9348808477622428,,0.1914930160222775,0.3333333333333333,0,4
0.22381154820803467,0.96321126960009951,0.1487697583653555,-0.97290015578736133,0.21169897403723692,0.092999092794008656,0.058083369028061119,-0.16555239203027228,0.98448906938340575,-27.2058612156397,13.110649450496416,-1.7421022225100391,0.2168633302990201,0.1331530657921929,0.1666666666666667,1,4
-0.952812129956919,0.27926957999001822,0.11898548944790953,-0.29771326089716976,-0.93624581813750918,-0.18657594246311784,0.059294681826733225,-0.21319537919998571,0.97520862947106945,-12.557724161992303,-15.37136172831333,0.86004614638442534,,0.3455018512886438,0.2,0,4
-0.45641392589495627,0.87547517526465546,0.15883811175052781,-0.88618982486140407,-0.46326949090076297,0.006998079212259479,0.079711495791174369,-0.13756669762652513,0.98727983932766739,-20.381006941209005,1.7472995896943042,-0.73956393832588974,,0.06910875924889875,0.2580645161290323,0,2
-0.12395129551640206,0.98889698658258196,0.08196844678102802,-0.98988639370574716,-0.12897273915501278,0.059084347428769675,0.069000028232139715,-0.073815868773196069,0.99488200989927567,9.9937146897225233,-1.305005031838206,-1.2102567922761154,,0.1004258546181517,0.46875,1,5
-0.72542949772469878,0.6850078834067258,0.067203002176458804,-0.68437408296666535,-0.72825792967044711,0.035672152102867283,0.073376824641214339,-0.020114361604378742,0.99710142616627573,19.435431164178979,-3.7558618170749565,-0.93634420891578152,,0.1007862408854268,0.4166666666666667,0,4
0.46032806871158694,0.86176264333213859,0.21322104894561211,-0.88510143365420058,0.42698543226114782,0.18514559886759549,0.068509278930233258,-0.27394997206418398,0.95930073048366493,-3.9101278584880981,5.1671642052671762,-1.7972666532301445,0.4666632211568987,0.2907926453950314,0.3322368421052632,1,4
-0.80722683023104835,0.5863727190952257,0.067467613386015382,-0.58626415041966051,-0.80977948866394212,0.0234845837067106,0.068404608674027409,-0.020596456977730705,0.99744503380994232,-9.4823230009478667,2.5166914088975574,-1.2383385565239742,0.3354583143443998,0.2976324648326752,0.8646222887060584,1,5
0.64680270957337294,-0.76265724203756302,-0.00043134232593147536,0.75880306406795472,0.64347702097937887,0.10077317814075464,-0.076577835237275196,-0.065507668552339277,0.99490933280938243,9.5806628560315357,0.15596653199388757,-1.3664941138068982,0.4932095316317054,0.4189656587378135,0.9423076923076923,1,5
0.12878266379705225,-0.97800809950647372,-0.16405847373747609,0.98853824406008683,0.11346321926844267,0.09959035045545693,-0.078785566799603843,-0.17500358617175835,0.9814105049830516,-38.395374623246944,-2.4790314684340053,0.50874852735983533,,0.2519487463778727,0.2307692307692308,0,1
