axis_00,axis_01,axis_02,axis_10,axis_11,axis_12,axis_20,axis_21,axis_22,location_x,location_y,location_z,dbh,dbh_approximation,score,reconstructed,number_clusters
0.65802207293959181,0.73223392544881416,0.17561443547186797,-0.7527485807259684,0.64567386900444346,0.12835431079583026,-0.01940427116184432,-0.21665348671704568,0.97605570586622981,5.0676008261246039,-10.057703672464275,-0.78514766545843351,,0.07749380590424441,0.3125,0,3
-0.48576387907653612,-0.8732589969165494,-0.03810745450457087,0.87380617292132323,-0.48403333775145968,-0.046631535571664329,0.022276129580930663,-0.055950444586999694,0.99818501381327607,-11.809597056042596,8.0528357282551912,-0.7798049855069451,0.3709718205284196,0.5329716409993743,0.1991525423728814,1,2
0.82027444604891786,-0.570555311003064,-0.040205350954041756,0.56949235918986152,0.80816498073706255,0.15015930452232543,-0.053181632012439237,-0.14606848050301482,0.98784397200166862,9.9531965544806642,7.7196215407012989,-2.216123402561184,,0.3965546263027355,0.5340909090909091,0,3
-0.70230053594860542,0.69885518865503649,0.13555582796854024,-0.70866252939344088,-0.70441915130638699,-0.03988832794792703,0.067611956339051191,-0.12407693001813062,0.98996643316694488,0.80591504546783221,-12.234253730927085,-0.43852863884849275,0.1545730214977982,0.1024527749543408,0.3448275862068966,1,5
0.99486747877555348,-0.086315536091535208,0.052804620100958537,0.080333116370290947,0.99106297167829882,0.10649308232189705,-0.061524711206254079,-0.10170454462516378,0.99291031594680124,2.1943673495856424,-7.3353455827342282,-0.80345176725461143,,0.0835086575400595,0.2692307692307692,0,5
-0.73058146424163084,-0.68260279170399318,0.01743997891253006,0.6801600149011684,-0.72974668018199718,-0.069657281693989215,0.060275021660691361,-0.039028342538063886,0.99741852310979973,-17.067304658040495,25.282235921157735,-1.0784833330015828,,0.2221553048934768,0.5,0,2
0.29774537991945843,0.92228796395066215,0.24643985125859202,-0.95458987905604298,0.29041881979382139,0.066446007504814872,-0.01028841777841908,-0.25503297955618121,0.96687761779778014,-8.0586817251016409,-4.9439517094396104,-0.40565900685776052,0.3979710107203908,0.1848021208582414,0.2368421052631579,1,3
0.76097461457444249,0.63841376793626481,0.11552271154495913,-0.64838647246920766,0.75457165213104993,0.10107721859625453,-0.022641075332586184,-0.15182056089225535,0.98814872311719604,-8.6915941608715226,-8.1736017387684701,-0.21658333261777937,0.2872083525042393,0.2239193107570687,0.6134020618556701,1,5
-0.9859181262932073,-0.16113802650706899,0.044721188042123709,0.14555492421506658,-0.95855117784423471,-0.24493550883891149,0.082335971988178158,-0.23497696880085386,0.96850741445273636,0.56804995390994095,-17.970392998986952,-0.12500748886602306,,0.5957739789764048,0.4912280701754386,0,5
0.94141244970765547,0.32083751646039993,0.10395137116437013,-0.33251901032807762,0.93448150329221347,0.12718265516633653,-0.056335666374560625,-0.15429714202228795,0.98641709467034611,7.3836159730550674,19.475168631136714,-2.3300742305118765,0.6178920152279985,0.4969048343449266,0.45,1,4
-0.056594478294821456,-0.99820678376928917,0.01950081699592519,0.99825708957466153,-0.056248467535657501,0.017857575810168114,-0.016728662243670072,0.020477469005267073,0.99965035143427794,-6.6571438709745214,-11.216627874375195,-0.12128278047610039,,0.09417331994840415,0.3469387755102041,0,4
-0.85088298695602904,0.48713782734246169,0.19671014127607234,-0.52162302101009117,-0.82793232470233147,-0.20600361566074277,0.062510530801556871,-0.27789350997290119,0.9585758345868356,-1.7877866598971708,5.3945887253862184,-1.410657415218983,0.5656065457384257,0.320453912182404,0.8881578947368421,1,6
0.57954238104581068,-0.81459997182333099,0.023611744475591466,0.81348393075555148,0.57999499925366815,0.043008083463853986,-0.048729077297329421,-0.0057172323868590509,0.99879566993433888,-3.8867326538842701,-15.377359445160677,-0.030033169731700012,,0.07364001314923403,0.3809523809523809,0,5
0.7694590083308509,0.62924338412205794,0.1094787560996411,-0.63799314456844392,0.76527683453341133,0.085534285582982345,-0.029959672597890348,-0.13566182243042105,0.99030211953357195,0.16146923908747698,-10.932257378006945,-0.50165972602946862,,0.1489369504629793,0.2424242424242424,0,4
0.86369207910974966,-0.50373655073149759,0.016896151639110134,0.49940638254645203,0.85983075270988196,0.10622778245932162,-0.06803864750967091,-0.083310048322465372,0.99419825904774317,7.2727070262098747,-5.5594145695176085,-1.1482914847885706,,0.1231328132423932,0.1,0,2
-0.49396583178855313,-0.86198867283748859,-0.11390032890781822,0.86878624970481655,-0.49455458647051193,-0.025024254730597634,-0.034759305937886252,-0.11131616639485674,0.99317697403326355,-0.61148998500750684,20.454968819607984,-1.9375698819037075,,0.3952354114712785,0.5357142857142857,0,2
0.88569933588171468,0.44425844494574979,0.13480029863867421,-0.46156065163790849,0.8738769384460523,0.15264619651909181,-0.049984510383523098,-0.19741714856248024,0.97904444136881785,-7.8056338160525662,-10.824099787056534,-0.091540164345852937,,0.1850749194380942,0.2,0,4
0.35686037623223743,-0.93407200335677831,-0.01265560826041601,0.93355165109643568,0.35610817935021405,0.040844575343543923,-0.03364500870121466,-0.026390474511284102,0.99908535983897018,7.5255953220262635,-0.60939223192254721,-1.4932803465409541,0.3231078162383895,0.191979907227631,0.5963302752293578,1,5
-0.36648713629988361,-0.93035063227194381,-0.011613783100470365,0.93037121436050718,-0.36656998603806484,0.0059873888639178224,-0.0098276353241924779,-0.0086108284878530939,0.99991463196449282,-14.331306122432174,10.188208656616926,-0.64958294823223783,0.2430930648242888,0.1669733090749776,0.3561643835616438,1,5
0.52353202080740835,-0.85120249012030258,0.036993837355793292,0.84978664052080832,0.52480776907725535,0.049391002303172581,-0.061456397402298843,0.0055790975210694765,0.99809417636272191,-0.58876123806601921,7.9447095222536843,-1.7625326517786781,0.3561921387144301,0.3269430763324528,0.7576601671309192,1,5
-0.51722821874688441,0.84686588120662798,0.12366547206090417,-0.85436918426509378,-0.51940536085869815,-0.016473253760045468,0.050281872579713893,-0.11417640018570621,0.99218722171297402,1.9195731370952642,-8.4925070970003276,-0.71654060930129637,,0.1140734185725225,0.2716049382716049,0,5
-0.94925646826752574,-0.31142234818012099,0.043912168088620869,0.30831829469793509,-0.94902728630243494,-0.065475484022596078,0.062064374699347127,-0.048614101939823684,0.99688749740668503,0.13187297583249108,-8.9116947715984409,-0.60208637586260527,,0.1400035132107996,0.3636363636363636,0,7
-0.96553885720997634,0.24864145829282144,0.076890444371662356,-0.252487433964798,-0.96655237644302205,-0.045017766295297593,0.063125358672442025,-0.062880273618721505,0.9960227207660024,3.5403076632298736,5.8721011675371182,-1.7598447717206533,1.013062889782019,0.4858610019170765,0.6114285714285714,1,1
0.97538156798571995,0.18723742766589596,0.11650297212851496,-0.21380687711940624,0.93232682805431411,0.29163899771229024,-0.054013110724769178,-0.30936843952032422,0.94940705311188522,-8.1760730796645209,11.905788269355744,-1.3963516439672723,,0.1510713466289424,0.3363636363636364,0,5
-0.0057712508262935487,-0.99363731704562919,-0.11247921958416512,0.99942529305384864,-0.0094887206299144756,0.03254301438150476,-0.033403237389920681,-0.1122267630967331,0.99312102856434437,14.687567345822378,5.5777118684928233,-2.1754420226796762,,0.2903134582752844,0.2972972972972973,0,3
0.99546669838829904,-0.083027184719754274,0.046395463112369251,0.075266517821071494,0.98590704830840925,0.14940630304940389,-0.058146398813596102,-0.14523697426382773,0.98768680137566811,-9.5341081109915535,15.688035131238731,-1.2927978219359009,,0.239658872408613,0.3461538461538461,0,3
0.80948080644481779,0.57351089097408303,0.12580175647248912,-0.58579149574866662,0.80340461349261894,0.10672090014293227,-0.039864113008943415,-0.16008211940404637,0.98629841708334964,-11.310436883933669,-6.4026581822279276,-0.093028808276810565,,0.1681967396964127,0.4166666666666667,0,2
0.99675546891358557,0.051371920332151794,0.061963384286569653,-0.055567339553648711,0.99613657269512945,0.068001465529279909,-0.058230627386175023,-0.071223973074993466,0.99575917755932564,-14.289552560748307,-6.7779107249647579,0.11239656512676931,,0.06964859032709832,0.1923076923076923,0,1
-0.73662595620848836,0.6647154449224113,0.12464179845273503,-0.67168727289028618,-0.74055852299274094,-0.020230705870560663,0.078856883511472145,-0.098622772747532644,0.99199553457586076,-6.3450327073344166,12.973957178549538,-1.5908339775554614,0.5986089591948386,0.3620271790900985,0.6944444444444444,1,7
0.70202138391645474,-0.71142931276438959,0.032160681951963442,0.70963578064167632,0.70261926000558095,0.052375894286297568,-0.059858461031884358,-0.01394662714777827,0.99810944101040144,5.8405376170554222,-15.303857615705635,-0.53396413541119725,,0.2571503619979182,0.4761904761904762,0,5
-0.66309899862505739,-0.74571445010497239,-0.064882023142661102,0.74818409829134647,-0.65765519622473623,-0.087807732817605885,0.022809495531700679,-0.10676891768320121,0.99402219549180415,-4.74924175198091,26.285392640141549,-1.7939057045519631,,0.2762566280538875,0.5384615384615384,0,5
0.32371959403851841,0.93066004364906252,0.17052128192885804,-0.94615295836772562,0.31850472306870775,0.05787331643275296,-0.00045145048065009757,-0.18007394186291972,0.98365297318435041,10.451329842206347,14.678820241669625,-2.4280661424251342,0.5931190148406503,0.3275722827496141,0.3548387096774194,1,5
0.18635590045434339,-0.96625100196581371,-0.17784959816067095,0.98239469867590268,0.18084348967118441,0.04686457358208436,-0.013119999212396018,-0.18345199220398092,0.98294111328047373,-8.9798982793712732,22.776931475200051,-1.5227174293802594,,0.2995885117200775,0.4375,0,2
0.56337873474893063,-0.82600487269727962,0.017898366211636856,0.82445683901157907,0.56346499911870651,0.052707830302445267,-0.05362202756078735,-0.014938040316835165,0.9984495646309649,13.055259550101656,3.1364314477570243,-1.9730364849393098,,0.09865672556431151,0.4,1,5
0.96129441584695219,0.26550033759240665,0.073638419318902179,-0.26999853614859004,0.96100394968434666,0.059767877398357962,-0.054898420187531466,-0.077336792210466382,0.99549243293533352,11.361552145376704,2.2528414796459875,-1.8494245813115511,,0.1090138392515622,0.2727272727272727,0,5
0.6715196305131349,0.7117614543027212,0.20605100825858369,-0.74081479546843043,0.65087513577877576,0.16599697720147805,-0.015963228074879675,-0.26411586433578027,0.96435884687993279,-30.407723422906944,22.327021271437438,-0.0074581908314519385,,0.5835637778111136,0.125,0,3
-0.089243016102453582,0.92482270159260371,0.36978190152560914,-0.99564002551916952,-0.09295059009270347,-0.0078184004505514673,0.027140811725595522,-0.36886739950878861,0.92908568922274282,-20.148863712299878,18.31849460887161,-0.59610997217194905,,0.4098711944239718,0.2413793103448276,0,2
-0.99795735721140588,-0.051942602746966479,0.037189772888492192,0.044480428634573396,-0.98282398339839439,-0.17910474344750643,0.045854167270940688,-0.17708467939599781,0.98312685431082869,1.4188673206137437,7.4239287524266073,-1.7918117955566311,0.7196820691862935,0.2507681215181179,0.2924528301886792,1,5
-0.94112995029330671,0.32202664492494026,0.1028263420496162,-0.33204370781157894,-0.93767973030094598,-0.10248755771060049,0.063414452324821083,-0.13059694996871615,0.98940539916417036,8.3565132803949709,9.3757569818551652,-2.2710223615356262,,0.07806157971678662,0.3684210526315789,0,1
0.051710717474633967,-0.99074495324835166,-0.12550075422554471,0.99729672938162373,0.057799809144894312,-0.045369765566186292,0.052203785906536661,-0.12281538859497927,0.99105557112670994,4.2030477699968207,-6.2644784989362794,-0.96292391780050246,,0.4118556324437167,0.4583333333333333,0,2
-0.1922097282711297,0.9719850153234002,0.1352795267019708,-0.98083599751697648,-0.19475204866190893,0.0056908274326290991,0.031877363956529015,-0.13159319712188838,0.99079113042983169,2.0729115119644645,-13.241323512699131,-0.45093325507932291,,0.08648793865339727,0.3333333333333333,0,5
0.19384106964171202,0.95728031201571395,0.21456943852108945,-0.98002079596074054,0.179019960206662,0.086666564095287724,0.044551983172855608,-0.22708205141468976,0.97285603391286157,-21.808158433200017,17.111291860175363,-0.41619411966121062,,0.3096401424914005,0.4146341463414634,0,5
0.99618119849565567,-0.07849473180011618,0.038230836289388816,0.073737875383320023,0.9908537627008851,0.11301126791365138,-0.046751957153815617,-0.10976063967162786,0.99285792361302216,19.535252263836878,1.9128692262442981,-2.0645701994810794,,0.1194541790044549,0.32,0,5
0.55684013597689097,0.78719613926942622,0.26504962041955338,-0.83041095814082944,0.53474998302649934,0.15639723863543634,-0.018619977574321558,-0.307188368875631,0.95146655351760123,9.7149387014483448,-0.1763574736515966,-1.5862526952702098,,0.6356014293762851,0.1904761904761905,0,2
-0.73191521536527826,0.67214178124185786,0.1119175742491879,-0.67884259006388381,-0.73347506858337619,-0.034453761506846828,0.058930937818413971,-0.10119164825041339,0.99312003045563835,4.656902215329918,-8.6819986401104448,-0.84188561073912582,0.5139288499858801,0.4770889761828577,0.8808290155440415,1,5
0.89470671157573745,-0.44645863021867677,-0.013213317698128172,0.44222610630171533,0.88129389158877636,0.16660476449829478,-0.062737318770831746,-0.15490567501409036,0.98593522134158218,9.0171539137922974,-7.3205790290890222,-1.1347715612984555,,0.08640545369618838,0.1904761904761905,0,5
0.84830834840095137,0.51138182962535483,0.13733743248756569,-0.52853709234252944,0.83343919644582731,0.16133086451711451,-0.031960726702567541,-0.20944624646137733,0.97729769353656271,2.5008301315419459,16.27847123275621,-2.0980400730641677,,0.2175145732540613,0.2619047619047619,0,4
-0.7168716165290101,-0.69717183238946345,0.0068206698940663606,0.69673329179803467,-0.71671199684904252,-0.029776394559020838,0.025647719496288638,-0.01659366431437026,0.99953331349648533,-10.248380860962424,5.9980527455038839,-0.82349908477540668,,0.1776934930165914,0.2717391304347826,0,5
0.87232170273221754,-0.48809713641458169,-0.028566280231240297,0.48161145756032336,0.84771970082380077,0.22230994755481817,-0.084292650266706709,-0.20768363984457328,0.97455746616191063,20.486125652890518,9.4017872359452639,-2.5445668344577457,,0.6672313588906288,0.6458333333333334,0,2
-0.95336906194264859,-0.29996981271443168,0.033249709632795499,0.29729192339787541,-0.95237516005970357,-0.067816419720059654,0.052009076255861826,-0.054769206323667524,0.99714361554677222,4.8197083130473457,5.5199810130314662,-1.8351651542963976,0.8759105868344471,0.7274711891882781,0.7341269841269841,1,5
-0.99805625610256732,-0.018393838599102132,0.059543063039415665,0.0076787086334366809,-0.98446589884118518,-0.17540790019990138,0.061844539680140156,-0.1746097383321045,0.98269359018533553,-15.438990015622524,11.71836543451257,-0.6106262840412261,0.3633947725801262,0.2065380396375213,0.2142857142857143,1,3
0.98354168170804956,0.16322319913115621,0.077485144436165526,-0.17215600389881694,0.97676139404076956,0.12766945379817266,-0.054845881016654295,-0.13890776211905576,0.98878539782835762,4.0144533710548629,-4.3414113853581329,-1.1070523108527446,,0.09621408521358905,0.3333333333333333,0,5
-0.77362993201569585,0.60344081086878854,0.1932767861575973,-0.63166126919668397,-0.75853667436286543,-0.16008171239513702,0.050007692270540811,-0.24592946432776983,0.96799686429721021,8.7097587217407586,5.7631923121018707,-2.0128501213168875,,0.5812859602959033,0.3577981651376147,0,5
-0.73375218347127102,0.61580637550695694,0.28703700307822283,-0.67688454618589178,-0.69901951497842085,-0.23064914657126581,0.058609251708774755,-0.36353022647961264,0.92973691442785023,-5.7348407842528166,-16.853747108053273,0.13873361315275631,,0.6635995476149849,0.7037037037037037,0,1
0.84068787705677672,-0.54151967166651083,0.00058186593365896957,0.53788141151543101,0.83516300941949795,0.11483176757123988,-0.062669613976296196,-0.096224700028433668,0.99338478274458197,-19.761762306290148,8.17182860515301,-0.12649615299932873,0.2389379553275931,0.2127453019908383,0.4426229508196721,1,5
0.29993830260032545,-0.95383623693911312,0.015278996533437915,0.95301959755660248,0.30031509522819239,0.039553637647304962,-0.042316206189689211,0.0026975321897647537,0.99910062657061627,2.2158554448286587,-4.1147378860875232,-1.0269082749932246,0.4557031981271401,0.4787467240531678,0.9783333333333334,1,6
-0.088666870444152848,-0.99514765179813824,0.042653689245960101,0.99592374621804547,-0.087861559836289099,0.02040191221791459,-0.01655529536592705,0.044288795691295783,0.99888158696191853,-13.844948830502693,-0.80216736386487131,-0.17677332067278367,,0.3325666304635491,0.8108108108108109,0,1
0.51203919801677733,0.85274371064273269,0.10316987764652823,-0.85883972496756178,0.51028717924879907,0.044736132062876272,-0.01449781059259018,-0.1115130425267291,0.99365721193702083,18.834071132750726,-4.5164064497927763,-1.7599051768668876,1.048969159803247,0.7294842692697013,0.9512195121951219,1,5
-0.99383946269542089,-0.10548958079001046,0.033986331576465328,0.10259906853506784,-0.99167507515148967,-0.077807303378436263,0.041911257736007103,-0.07384100262073541,0.99638895658620719,7.597448092701538,8.4106793999906024,-2.175602164549777,,0.1198802329422259,0.1538461538461539,0,2
0.13441982492024976,0.95488517851806676,0.2648123987182795,-0.99046750411614426,0.12135638215961687,0.065167106726204987,0.030090429680297775,-0.2710478266941993,0.96209544312713913,-13.538039074875082,24.259740027336534,-1.3222260851324092,,0.4432423980058496,0.7469879518072289,0,3
0.21361074566866978,-0.97691840148726772,0.00094136626048382354,0.97525811867846746,0.21330367718063001,0.058078767660457421,-0.056939013748139471,-0.011488173779280872,0.99831155987327214,0.90203553591814234,-15.565661456171714,-0.26091879380437083,0.8904152642607555,0.5502719394405532,0.9842271293375394,1,8
0.70399706962588071,-0.7100671278217594,-0.013885241990310871,0.70784227781565701,0.69993024317665142,0.095168085109530884,-0.057857028051176429,-0.076826614357459438,0.99536437329826855,-0.52642593191724452,-4.215427102802324,-0.88261786373309281,,0.3523462701732801,0.5964285714285714,0,5
-0.85926042797907332,0.48075731515738551,0.17476819170513352,-0.50810222676207784,-0.84166466754771685,-0.18284614997644622,0.059191587819875845,-0.24591256845564702,0.96748300481554117,-2.541618459098292,-7.1889534401040898,-0.59002079882253866,,0.1171256180126867,0.3225806451612903,0,5
-0.98754595658334499,-0.14780084588552439,0.053924888422782147,0.14745707133197114,-0.98901460473069658,-0.010321034036469169,0.054857959769608243,-0.0022408893117474315,0.99849165377834193,2.9901672164884503,14.362678042526495,-2.1041190117042081,0.3025368576680707,0.2768301858657704,0.7380952380952381,1,5
0.78280803499113283,0.60464146673938257,0.1470383523186069,-0.62099256004488224,0.77417986003773043,0.12253074994002244,-0.039746958653785899,-0.18722777841765173,0.98151206730562701,-9.1540381793433578,0.0028019145673306438,-0.56303365437958375,,0.1164122071414977,0.2315789473684211,0,3
0.68491796039495612,0.7237397873385073,0.084190900646239561,-0.72833761647409956,0.68328419980334321,0.051449185882107042,-0.020290489329733093,-0.096557871363843625,0.9951205321570058,2.7354768862017567,-4.9135484365049429,-0.99005714195615235,,0.07043607865744608,0.2545454545454545,0,5
-0.99801180957962909,0.0068428305378332721,0.062654637576362332,-0.0194503093012969,-0.9790068162192892,-0.2028973614028908,0.059950924994354428,-0.20371261489265183,0.97719345941626101,-25.488453494724052,28.60300221995027,-0.56658182968892734,,0.2119488731199765,0.3333333333333333,0,1
-0.53265607804399528,-0.84392148059868011,-0.063828184267778212,0.84631206491172828,-0.53061178947666121,-0.046978906471120276,0.0057785212326429075,-0.079042162498932145,0.99685452561537602,-12.222661773725333,-0.099327666035263537,-0.31860352161919436,,0.19948645676986,0.3478260869565217,0,2
0.55371400818124517,0.82445339675787288,0.11695038998765594,-0.83260534866233415,0.55035236869054416,0.062294491374272301,-0.013005019136166559,-0.1318668527383286,0.99118212384311843,-20.338676410083266,9.7584380565337501,-0.16381213862878127,,0.08616841460512756,0.1621621621621622,0,5
0.68519285461790103,0.72307919736120896,0.087562699387584431,-0.7280677516778038,0.68336399231436118,0.054138738210304287,-0.020690600460066547,-0.1008470542536877,0.99468677014472962,-4.4191844302331038,-9.1698537010102577,-0.35034989541003303,,0.08397647600048752,0.2631578947368421,0,5
-0.020387218207825335,0.97478469514236721,0.22221421972940458,-0.99863667184548666,-0.030536964527110792,0.042335463182052842,0.04805370931692475,-0.22104816650149245,0.97407830748211011,17.637942547931296,-8.6806700895349138,-1.4346044113376535,0.405040975305431,0.4308162654574251,0.358974358974359,1,4
0.26263264226927074,0.93249704848162962,0.24793819751646043,-0.96487802215343432,0.25224523216396721,0.073367194411559172,0.0058734640493017182,-0.25849873776016086,0.96599373962591784,-2.0718336171649847,-13.790924515081649,-0.21153839115327874,0.3095939816928266,0.2015411812531589,0.4133333333333333,1,5
0.98107830673990459,-0.18787917094430046,0.046762946545794014,0.18576862205972106,0.9815146769010038,0.046032141878810391,-0.054546999022815228,-0.036474047666809777,0.99784481195444663,-1.813215519911163,-20.215402368314194,0.12303927379909595,0.3677366168318416,0.319166213430095,0.6410256410256411,1,5
0.80835986198781151,-0.58670535376376343,0.04828210219101256,0.58505275886301389,0.80976203105510769,0.044707073358502776,-0.065326892424347499,-0.0078918265594004073,0.99783270952586711,10.047658238067484,-3.9667045398076013,-1.3650803890174161,,0.1700969992509111,0.4528301886792453,1,5
-0.19639298484852269,-0.97924702093821969,-0.050050649205672933,0.98050896318350478,-0.19642804299166355,-0.0042657992536805347,-0.0056540798628454628,-0.049912883207510632,0.99873757087175663,19.310904530318751,4.957448139364609,-2.2809762082261833,0.5398480215072055,0.3602967046022663,0.3181818181818182,1,5
-0.71650324076356586,0.64376210705248715,0.26868839851889997,-0.68898470924194377,-0.7133619970280769,-0.12811998917775894,0.10919329835710231,-0.2769205855826849,0.95466843085672448,-4.1085739067678322,-19.300345118064037,0.1973095280209842,,0.2296463456139684,0.5384615384615384,0,3
-0.89583866971761394,0.43453911216451446,0.092999128156411634,-0.43919609953297634,-0.89765452131044099,-0.036375081112538295,0.067674692415977428,-0.073431058620989934,0.99500151539392356,15.520238989703699,-9.6561162524330157,-1.2858030931183,,0.142885692167857,0.2608695652173913,1,5
-0.27592848052610108,0.92668662537474,0.25517713844726497,-0.9591448587055279,-0.28272341312691401,-0.010421693174441958,0.062486907855255236,-0.24762748236301579,0.96683815415261942,-10.757060652667846,-9.3806221408272545,-0.015095599604969494,,0.4500257788013504,0.5222222222222223,0,3
0.88965118448713632,-0.45537684142024182,0.033951468874844792,0.45125461316440929,0.8881101397254646,0.087347889583292829,-0.069928849829487105,-0.062388396476746488,0.99559913818091739,-1.8877582824459342,13.635079682062853,-1.8748306016856549,0.2097657902892164,0.1852108383884364,0.5208333333333334,1,5
-0.86461039945131091,-0.5024200597089864,-0.0047896516225138294,0.50080117238567579,-0.86097616729854887,-0.088984409202036638,0.040583776287808855,-0.079335508732985574,0.99602150285839763,-16.313953928524924,-8.9498961387820071,0.38917649356772566,,0.3688768407198604,0.2608695652173913,0,1
-0.3655317342404269,-0.92986201063340324,-0.041751556186461036,0.93079549516243498,-0.36528342481460058,-0.013702763992479793,-0.0025094717578474602,-0.043870955500437618,0.9990340543820192,-4.2254891831449672,-8.0258737186115834,-0.43610350488636956,,0.07036559613890377,0.2307692307692308,0,5
0.81243914688591479,-0.58207227880908663,0.03368226312594215,0.57891865538940379,0.81220236836198156,0.071975713051791373,-0.069251881197646734,-0.038976596428960238,0.99683750023832984,-11.664604486483404,11.846772821826097,-0.99422162525845059,0.2448879804776517,0.1034961306314439,0.3733333333333334,1,5
0.69287265006021803,-0.71981221541920126,0.042401242102474375,0.7194381696886728,0.69405972805196148,0.026264308318515322,-0.048334364519912215,0.01230725110408212,0.99875538585617529,10.570654650200574,-6.8659588015475395,-1.2305403001708193,0.1425226442157151,0.1219389968217862,0.44,1,5
-0.94597622670940162,-0.32220782091464234,0.036209096123500241,0.32045183890741064,-0.94609947290995611,-0.046972399346451511,0.049392281193541998,-0.032831501655292521,0.99823969819756064,-6.9919800796414346,-0.51397266026008714,-0.68663767371927864,,0.978454934052542,0.4761436301032956,1,1
-0.5818662498178071,0.79139732239913485,0.18740849879992558,-0.8115878969285113,-0.57990244008237124,-0.070980599783800585,0.052504789135066551,-0.19339968481357972,0.97971414659169354,-29.003002262936647,23.137060753756288,-0.15342048238363251,,0.1935458401331947,0.2666666666666667,0,1
0.22781262403533481,0.94493552190685093,0.23494311602760792,-0.97368780343545458,0.21964405997145162,0.060733420456091682,0.0057853064892175992,-0.24259708645794628,0.97010988236948748,3.4675831525636092,9.8691599056287114,-2.0403114902507156,,0.1573364617446921,0.2985074626865671,0,6
0.56368313607778464,0.8005959936353243,0.20324216362896708,-0.82569784645799627,0.5527150156011208,0.11282365835090626,-0.022008826777973872,-0.23141341038090887,0.97260652117890734,-5.0607329112668555,-12.868786125526954,-0.099286612911342997,,0.1853877191806283,0.25,0,5
0.82838540036434549,-0.55823956804806285,0.046327239597418871,0.55528341702340744,0.82925021471650207,0.063280393262405227,-0.073742492784099042,-0.026695806002973905,0.99691994598354772,-1.3609383113946758,-16.745864135163831,-0.034140000112133029,,0.09538298467889327,0.4285714285714285,0,5
0.88472605682775873,0.45630849244824151,0.09509134602906491,-0.46417916908144236,0.88108537131318843,0.090698773138137956,-0.042396973487120744,-0.12438298990422748,0.99132808315996879,-9.7791379229386166,-7.1835269907245216,-0.16791326310264884,0.2500082959855711,0.1031575922985874,0.4354838709677419,1,4
0.28304231609054936,0.95184544436882823,0.11780194114023242,-0.95908642919216403,0.28008043847528341,0.041330005116356795,0.0063457577579487615,-0.12468038345225882,0.99217666438022822,-17.355242390596242,6.2084300812499835,-0.22987031669174077,0.3794064438242128,0.4438380248595493,0.8598130841121495,1,5
0.25535497576880156,-0.96485009565124247,-0.062113841226435693,0.96582077438427327,0.25159717742074866,0.062362585591640804,-0.044542879541821692,-0.075915434765931197,0.99611885769039732,-6.8149085703788135,21.932030283307409,-1.6302533623489102,0.4111252246715114,0.2432397879218854,0.3508771929824561,1,7
-0.58231401342589439,-0.80922349512691538,-0.077895601303316478,0.81278819223355303,-0.57751714226429174,-0.076480748928064266,0.016903973897842345,-0.10784843682438754,0.9940236266512964,-8.6006791982758504,21.229136747992822,-1.4867495406052025,,0.2457946042306233,0.1935483870967742,0,1
0.98608877894453484,0.16578875673215757,0.011958602798092592,-0.16565817870601585,0.97430454227195418,0.15260415045484083,0.013648731350667421,-0.15246228074328269,0.98821503989924886,-11.235590910935773,-11.170079174214445,0.10850654401662889,,0.2175378193949383,0.4545454545454545,0,2
0.9628030818746125,-0.27015281958549309,-0.0052611408227190102,0.26078668929668447,0.92397487503466114,0.27975119837161933,-0.070714413088301967,-0.27071735144739151,0.96005811668194674,-9.8757416522675481,22.49778026624146,-1.4615598496260334,,0.2233211296472591,0.6666666666666666,0,2
-0.4270604751414987,0.88505949285507579,0.18517301282593593,-0.90311894151305139,-0.4276162722480224,-0.038993604463442355,0.044671333674556189,-0.1838858825897792,0.9819320007678306,-5.0792387245912414,-7.8035582467893585,-0.39145696771013372,,0.0735286629114205,0.1458333333333333,0,5
-0.9877531213301568,-0.14993868071802932,0.043152790489957245,0.13825742729475238,-0.96930794338808279,-0.20329041955439522,0.072309439911877979,-0.19483455265763991,0.9781670828597373,2.7141386682202135,18.001611838720784,-2.1090219694816574,,0.277630633048262,0.1428571428571428,0,2
-0.89113696928353847,0.44539795804219251,0.086576907706369888,-0.44894754318204488,-0.89317885806238984,-0.026031346126794391,0.065734355149784554,-0.062065984904875686,0.99590501960319078,2.2292473906424348,-14.319265842437296,-0.40765800446583678,0.1116999565165193,0.1132635396414542,0.2903225806451613,1,5
0.74105012042367835,0.66687428828035311,0.078252173456230548,-0.67102141698283146,0.73969287611500645,0.050840013523428061,-0.023978677411489936,-0.090183882458463954,0.9956364247928623,4.2014855854946456,-10.379903679575392,-0.7222604851412131,0.103609060826578,0.07889910344800469,0.3333333333333333,1,5
-0.60786110042112251,0.77590302270687317,0.16875835371666228,-0.79190966830434395,-0.60794811884967637,-0.057255235858757303,0.058171813113608452,-0.16844460258932434,0.98399311787105415,2.493776047236798,13.084036986682886,-2.0977577992580141,,0.150140805508875,0.1538461538461539,0,5
0.38241191537885211,0.89965511160235245,0.21066990089720247,-0.92332496861096802,0.38073239374494772,0.050138275726209713,-0.03510169961459008,-0.21369025368743805,0.9762706316197195,3.1204693774889738,-21.541006663533118,-0.077002002514584736,,0.4479194955158661,0.1333333333333333,0,3
0.99624001143803298,-0.038913513480834772,0.077405284564590296,0.030961774022818026,0.99436390122979135,0.1013992134112963,-0.080914820393474682,-0.098621348599816611,0.99182993574556177,-8.8191729466096778,1.2872691171326451,-0.64073289857747184,,0.1570847074665245,0.2105263157894737,0,3
-0.98103541607545197,0.16480077547417116,0.10203047000174613,-0.1847704959520314,-0.95417360473579249,-0.2353988017198565,0.058560876285330195,-0.24978678193334361,0.96652842034783371,-7.9867032970323395,16.277187895416436,-1.4385132216444085,0.3793604514134034,0.2651644214689539,0.2105263157894737,1,3
-0.81557203978590831,0.56206049176040862,0.13758725057758472,-0.57569289885358499,-0.81215626142276054,-0.094762298628510711,0.058480202881040361,-0.1564934843175603,0.98594617258607997,-17.534109181281142,22.385265542662683,-0.961093013600964,0.2886445034024921,0.3119448649678926,0.7826086956521739,1,5
-0.84722537296219103,-0.53120801495036563,0.005216537315986894,0.5285627089191498,-0.84390852933208371,-0.091868693582796299,0.053203666688741054,-0.075076221089317954,0.99575746589107805,-8.9231483858980027,16.954650644688144,-1.3693029918640891,,0.1493587804938276,0.3809523809523809,0,2
0.43624859229249069,0.87685205543810874,0.2020337560824535,-0.89980424597634234,0.42666794872202607,0.091141540782919403,-0.0062836809090074759,-0.2215512004194575,0.97512849458260165,-19.647800978580875,-13.073033220103687,0.78637069622882871,,0.2657079131252833,0.5294117647058824,0,1
0.88945789171911482,-0.44653236752999553,-0.097331924909788398,0.45265707814660638,0.83141317223404143,0.32226341188460339,-0.06297799982823335,-0.33069771965313766,0.94163304410680615,13.425664972587729,0.67783712625558845,-1.7894883116222824,,0.2800049324130497,0.375,0,1
0.99587281898438618,0.056432426495940817,0.071082414476941094,-0.069966221656949726,0.97621206808346206,0.20521872710661621,-0.057810520107865859,-0.20934512023925825,0.97613142782970963,4.2722368255647734,8.1573996540657419,-2.0194700157596914,,0.1030043194306574,0.282051282051282,0,5
0.99798601644622842,0.013979861733865792,0.061874667220852247,-0.023251180922427835,0.98814349995897122,0.15176233417599935,-0.059019433778220345,-0.15289534641295385,0.98647844349573188,16.778003228317335,4.7280154619401067,-2.1677870533622463,,0.2443301367887205,0.2105263157894737,0,2
0.99656079656654861,0.053117492920298867,0.063601184678504091,-0.059036651014686782,0.99371319896491916,0.09512492859328521,-0.058148538963737138,-0.098552575556245789,0.99343149601148339,13.662028523329676,-14.087858102405809,-1.0094408757578903,0.8203603962604613,0.5973018779958807,0.2580645161290323,1,5
-0.6304989813170403,-0.77395443053617663,-0.058869126132447686,0.7759029117075491,-0.62638748661269317,-0.074922548133262379,0.021111754117608846,-0.092915316651543914,0.9954501684010213,1.3369222877981266,12.63970670740604,-2.0728684651347411,0.4164290083736766,0.4954413988583098,0.295,1,5
-0.62413724259278358,0.74951907327806588,0.22062153385620378,-0.77709514990301398,-0.62481137385089136,-0.075722355376543343,0.08109149404152656,-0.21870506601116643,0.97241568462009187,0.73987898217873127,28.950306713310983,-2.0979859380013521,,0.4260604372376917,0.6578947368421053,0,4
-0.7423701244113714,0.6502648227653639,0.16137614029148104,-0.66518423544958838,-0.74414320990080252,-0.061488340910104321,0.080103253933859656,-0.15299197179087723,0.9849755962848763,17.477199465024949,-7.2424326959722434,-1.5051692057971577,,0.3650351659347011,0.4444444444444444,0,5
-0.73787764836383252,-0.67215871681638684,-0.061149288244510373,0.67320973622618019,-0.72649221984852796,-0.13783216442411542,0.048220608616426804,-0.14286956956366878,0.98856616318653889,-23.483900913477736,23.128159403839231,-0.52739511351648272,,0.2430940162965287,0.7083333333333334,0,4
-0.78507735915252863,-0.61939643880251061,-0.001261643713781865,0.61860737064879945,-0.78397110651957946,-0.052098225703433233,0.031280363250308883,-0.041681599552261923,0.99864116835512773,-12.608131480179873,-10.539479125301902,0.16067876786985189,0.4551088441798551,0.2651781335088121,0.3076923076923077,1,4
0.86296433535268791,0.4968192144112013,0.091995783061675954,-0.50352471826461398,0.86071533499467823,0.075046453624006193,-0.041897661102202756,-0.11108456371987974,0.99292739195639534,-1.414523329624622,-9.884448843802728,-0.47733884202103916,,0.07967287253012247,0.3684210526315789,0,5
0.50290029635698041,0.8379491900270184,0.21197275027022777,-0.86404870624671282,0.49379059225443106,0.097932038855519543,-0.022608077261059286,-0.23240483199383205,0.97235634872636889,-14.247633364650921,-7.9779243386214613,0.17105831900592233,,0.3393530927106032,0.5166666666666667,0,3
-0.97797866529038591,-0.20856902415214754,0.0075294356400267444,0.20534665858996648,-0.96806163824551106,-0.14383815336465278,0.037289141083860992,-0.13912450079564914,0.98957258108518242,-13.076797810522985,14.782776880687036,-0.9564000449621044,,0.1888827167484874,0.1666666666666667,0,3
-0.21644951480447847,0.94682070453796685,0.23807595636505016,-0.97572869328951117,-0.21808962511579527,-0.019759365080742809,0.033213320105766449,-0.2365744467922925,0.97104552235848962,-5.7989754307147487,-5.2486512994012999,-0.52701882790000654,,0.6258467853189653,0.2909698996655518,0,2
0.94282957640475784,-0.33109743235837119,0.038037877728905843,0.32740075500242438,0.94149319723077141,0.079995657332271972,-0.062298759861396068,-0.062968641829672448,0.99606918166654412,8.1622154526861248,2.6192067152804355,-1.7470058157675545,0.2303832466134895,0.1889369107220488,0.5714285714285714,1,5
0.99443378558541196,0.082491373119634587,0.065548603700638489,-0.088604218060880841,0.99137261641764196,0.096589999270412077,-0.057015249083784324,-0.10186024140004575,0.99316350748194415,19.994782264361934,7.9471146886270825,-2.4616436570048252,,0.1372772576302015,0.52,0,5
0.70653600657166626,0.6716240463944928,0.22299778412004753,-0.70739577100312701,0.67915883317025316,0.19579198781797108,-0.019952307752596415,-0.29608177862122737,0.95495417993945486,14.134931219324864,-7.148303817828233,-1.3643352993971096,0.47938864614031,0.403454093536873,0.25,1,5
-0.97780634017915613,-0.19974841924291534,0.063208623742353434,0.19379466626518915,-0.97695824703506706,-0.089421534751611617,0.079613996461738556,-0.075187449485445229,0.99398614628538196,-26.263048377755783,15.754661216290241,0.022963398710009433,0.2344318224166702,0.2403552845089347,0.7027027027027027,1,5
-0.99601997592299962,-0.0706585074307024,0.054328472185511498,0.068305041472732864,-0.99669278124311367,-0.04402182557861152,0.05725931253302604,-0.040135709107113587,0.99755225225684963,-7.758576583686704,-9.4431941464808506,-0.18601216931515219,,0.06952772723051594,0.2765957446808511,0,4
0.59388717527608736,-0.788962950491779,-0.15759278471394872,0.80227773683235704,0.56603330145267527,0.18962261107192935,-0.06040245049450732,-0.23904761951939987,0.96912732887705055,-2.2124644995315799,27.564442711250098,-1.9477730999414733,,0.2059653773099707,0.2727272727272727,0,4
-0.96776432412734104,-0.25170155224976026,0.0088623665807949659,0.24221242854047867,-0.93977126696639823,-0.24117028267366161,0.069031531975428426,-0.23124942027912565,0.970442349247854,-8.3215826243742406,-13.298469591379035,0.053018704565690827,0.4605831545983105,0.2525213161859631,0.2,1,6
0.21543296442168558,-0.97494576685723955,-0.055402071510315398,0.97591189997868011,0.21295269571183359,0.047403722101390551,-0.034418037719886274,-0.064279865247310927,0.99733820622860925,-0.77088592787523869,4.3696725564576884,-1.4232019592047653,,0.08339488466531249,0.2347826086956522,0,3
0.53540056769666011,-0.84339309356245118,-0.045103457087582205,0.8429880485313973,0.53032133333603404,0.090168916162479379,-0.052128515644695651,-0.086298164174264586,0.99490464101683196,-0.34919507178656767,-7.0309444720377181,-0.71799251462009783,,0.07295878441281667,0.3181818181818182,0,5
0.64011347908757832,-0.76827546693691162,0.0027460504853311311,0.76632253476891388,0.63873318276731161,0.069062970811337054,-0.05481337971466553,-0.042103778153646465,0.99760852305373027,-1.0232624709850264,-3.395886713381342,-0.91366596587330695,,0.07289289620095422,0.2867647058823529,0,5
0.54821566067097705,0.80443725013099399,0.22878002534480724,-0.83622897107996252,0.53163412336671834,0.13448519174485235,-0.013442370387433704,-0.26503937344060291,0.96414388615215596,3.5160048144363962,-11.982415006248653,-0.60483766704045039,,0.09403958755257324,0.3157894736842105,0,3
0.2256698630210531,0.95322570683179042,0.20108173651302277,-0.97417256907651351,0.21914962252419623,0.054417355745824077,0.00780503574139132,-0.20816866907038589,0.97806180103025153,-11.883331095932332,-1.9382604393081517,-0.25465551714754914,,0.07218623440961711,0.1551724137931035,0,2
-0.47933688447199513,0.87373115473268115,0.082643937673474499,-0.87575946237895264,-0.48233572524783319,0.019940215730391359,0.057284511330805664,-0.062818129541896445,0.99637963014227093,0.40837120245946246,-3.9078809725940866,-0.93790938954179492,0.3392538696083816,0.2578389755542423,0.6931216931216931,1,5
0.91780236017660199,-0.39485251691839207,0.041597085684795823,0.39216453333971035,0.9179128639023082,0.060356880909370664,-0.062014566391329358,-0.039082786055648619,0.99730974596131461,12.460881231277373,-3.7453209266398164,-1.5028795976625482,0.7503263697845483,0.572527245581582,0.9653179190751445,1,5
0.95860998242886886,-0.27988348337459851,0.052269850983384492,0.27664386118800111,0.95900182168081083,0.061511625566885907,-0.067342970343744271,-0.044505524904078726,0.99673676695419167,2.9944937201522945,11.488836877438501,-2.0874857096488926,0.3017562033850068,0.2960466497756829,0.7927927927927928,1,5
-0.42576972665588458,-0.90435615218116849,0.02932728892081345,0.90482111647731522,-0.42569679234729024,0.0089993423077875789,0.0043459222402005325,0.030367597819052686,0.99952935022568612,-1.0767553036605726,16.134845982162862,-1.8969150407419246,0.1624704746052851,0.1079179876735457,0.5333333333333333,1,5
0.97451509753499632,-0.22144554134094235,0.035807777040367895,0.21533859951939413,0.96821471666605308,0.12723816246825967,-0.062845940468591585,-0.11628471374815437,0.99122563178881085,-15.536296429307461,-6.0431988003101003,0.19949412429159527,,0.0820126229314195,0.24,0,1
