axis_00,axis_01,axis_02,axis_10,axis_11,axis_12,axis_20,axis_21,axis_22,location_x,location_y,location_z,dbh,dbh_approximation,score,reconstructed,number_clusters
0.99008961083448432,0.1330477483948298,-0.044953967174040252,-0.12883862367376561,0.98790792721246612,0.086246950094582372,0.055885343046888809,-0.079600401995427297,0.99525906398017638,-1.2961159372225528,1.2294193897368493,-0.66626185220213363,0.1885101268062689,0.1770311350140651,0.7650602409638554,1,5
-0.87315261539071598,0.48326192995575162,0.063737095100075358,-0.48624832698695686,-0.85436348168135012,-0.18337285969223388,-0.034162475594418484,-0.19110454789136888,0.98097501346186045,9.3890231259595733,15.788701704563165,0.08291281473777426,,0.548999389261048,0.3829787234042553,0,3
-0.50314565710634995,-0.85791997093934036,-0.10400851502863341,0.86223823537212141,-0.50646170398382195,0.006462805905636344,-0.058220900004978725,-0.086428385737821439,0.99455540868337988,10.22320259940455,3.1963160368622576,0.0858680688286583,,0.08761642579858368,0.32,0,5
-0.91842018235982414,0.3916807765319294,0.055592606788056914,-0.39419845821125921,-0.89422587725726788,-0.21205578508339454,-0.033345826995483371,-0.21667083269054388,0.97567505148136935,-4.0599418814211568,-11.179709607598117,-0.11673119609262486,,0.140206812086441,0.1162790697674419,0,2
0.92116410897735401,-0.38434239026281547,-0.061136007221788718,0.38788989634041221,0.91947702069971693,0.064058073044664432,0.031592920868150333,-0.082722037282920893,0.99607176041627676,8.9177647255440302,4.4313669697249081,0.010185912249458065,,0.0750223506059137,0.3103448275862069,0,5
-0.51852527411131411,-0.8354993001499369,-0.18185835025303038,0.85273174242992988,-0.52097321932635154,-0.037887731485988736,-0.063088157051888041,-0.17472213424092709,0.98259455537169194,12.447786586394471,6.4062277325346475,0.24230514605760894,0.7974328620632243,0.3042092177347124,0.3157894736842105,1,6
-0.95093085736759453,-0.30172320615503812,-0.068509936313342956,0.30288221978152663,-0.95300255612037377,-0.0069634020601011667,-0.06318912443093945,-0.027372155478883591,0.99762613220489205,5.4726691519727924,1.835079709734988,-0.2545071803338565,,0.07494962192937334,0.2441860465116279,0,5
0.59312368875102839,0.78895341756752935,0.16048923562310696,-0.80156694728386946,0.55997741112826649,0.20956079797543872,0.075463361072719184,-0.25293834018313671,0.96453485017442897,4.8199158814609424,4.4989980310848656,-0.20500304898565472,0.5337751300095022,0.2390145338768803,0.3,1,2
-0.04046430039270791,-0.986716515197677,-0.15733136696120054,0.99786189703892436,-0.047995072918891921,0.044363356651495399,-0.051325187107366999,-0.15519984410965587,0.98654890074275126,5.8350017039577402,-4.3700430393243765,-0.032529178009400445,,0.07860852153872763,0.24,0,5
0.14527777157068833,-0.97403512025434424,-0.17363741992600967,0.98868712396709524,0.13630292107262687,0.062604190025457321,-0.037311392216442654,-0.18076807853759957,0.98281776631921725,11.413255503530142,9.2137872640578991,0.20133817094090053,,0.1503498557346382,0.3333333333333333,0,2
-0.80152789133837155,0.59760684234154482,0.020471966032412674,-0.59729108727384672,-0.79854960106598027,-0.074578091290873047,-0.028220497335978686,-0.072004143102547102,0.99700501849598444,-15.606563852299578,11.165185536532739,-1.175224613718828,,0.2766065797222879,0.2,0,4
0.19931113986078949,0.96298397345597464,0.1814853613775391,-0.97990032667048765,0.19744195872404277,0.028496012462884329,-0.0083916219209627628,-0.18351713762522676,0.98298069201758964,-11.840594316338978,10.402469639023128,-0.99467768556444114,,0.2451639591955343,0.2,0,3
0.21038334287428098,-0.95351839031133889,-0.21573485666232936,0.97600149033580108,0.19216860639514924,0.10243201442147362,-0.056213342751854294,-0.23210753123114999,0.97106444381536428,-0.80068119295780782,15.261966170668732,-0.51804993703923552,,0.3748338886972422,0.2,0,4
-0.76074575082549833,0.64738678295163121,0.04643550215608095,-0.64904466542278005,-0.75908014034455651,-0.050382167685801747,0.0026315180373670572,-0.068466734944983704,0.99764992924311535,-11.672754714038749,7.393837873477155,-1.044523528236398,,0.6418520523480803,0.4,0,3
-0.4110598065052305,-0.90597525707257309,-0.10118630860036307,0.90930386676425412,-0.41537450823718741,0.025109675312320584,-0.064778957721300573,-0.081687523398619566,0.99455056943201325,9.1999133541747256,-9.0893549848963833,0.48234045900318268,,0.07336499218863253,0.2222222222222222,0,5
-0.20321884547564789,-0.96087681822722182,-0.18819628327115354,0.97797771666588618,-0.20852996043682803,0.008651086937197244,-0.047557192395312864,-0.18229370749904233,0.98209333449409442,-15.84241176284818,-0.70544121579094754,-0.98098691219459733,0.4265579257774981,0.418124869997742,0.6495726495726496,1,5
-0.77239963484792029,0.63483662458999701,-0.019525986939966877,-0.63504700669533631,-0.77244238917930141,0.0069321487481510237,-0.010681918090559891,0.017754308720781532,0.99978531752959554,27.003141232465627,0.0071297234479698376,1.4766619417424709,0.7014379966999005,0.6461026538464594,0.9734513274336283,1,5
-0.87648892681820312,0.4806605701437251,-0.027066168442961131,-0.48088770322361668,-0.87677944441738154,0.0021960727358404245,-0.022675494556640603,0.014940621013050622,0.99963123190022174,1.1804264299481826,13.572955037097605,-0.38228379437659421,0.1982124832531077,0.1286108118682189,0.6065573770491803,1,5
0.94749627359579003,-0.31306651982662692,-0.065116554621209785,0.31759479616113878,0.94503631057677151,0.077716903842145468,0.037206947919137812,-0.094317155677473896,0.99484668023341871,-12.15567546821069,15.3149465757151,-1.0139099554689333,,0.08991279177143614,0.2857142857142857,0,3
0.93686408075854866,-0.33629565994014493,-0.095869303167708461,0.34817550777211498,0.92257635283705142,0.1662127822206019,0.032550114778129198,-0.18909812873560081,0.98141855889147722,6.6521385402426896,7.3302194811272203,-0.12338905373170313,,0.09399028632006973,0.2666666666666667,0,4
-0.8755569710375668,0.48027234498868648,0.052330345943725862,-0.48256234639061873,-0.86423087097487006,-0.14226237556008242,-0.02309918426053954,-0.14981146916403154,0.98844471337218054,-9.1769635827397362,-8.1578559239218649,-0.4932434998447659,,0.06785239507179794,0.3333333333333333,0,2
0.95771427769477968,0.28569155047296196,-0.034113051577392028,-0.28113519754399313,0.95441428949665008,0.10028142752526331,0.061207540397133643,-0.086450575434520407,0.99437414236572608,0.67850292700343706,-6.2063792998295515,-0.25755609306940414,0.845131154564526,0.830758054593306,0.5581395348837209,1,1
-0.91141288513078289,0.41081921904638108,-0.023539797783851835,-0.41092960493435321,-0.91166706287828614,-0.00016202276369044826,-0.021527020371600033,0.0095255301690408342,0.99972288743877402,11.27397512872089,16.323762702922789,0.17853597138099109,,0.1134271479664411,0.1176470588235294,0,4
0.77333305754310799,0.63399732802251196,0.0018358026429341925,-0.62259461919733516,0.75887120587649171,0.1910246922208865,0.11971600668897003,-0.14886867014880839,0.98158351493419616,-19.729948144624007,4.0743447758334899,-1.204927960098219,,0.262944634324603,0.1428571428571428,0,3
-0.3229195548039866,-0.93973350558247015,-0.11235612849719206,0.94382247059324353,-0.32855408246073559,0.035374551610590804,-0.070157716100663917,-0.094621104327029096,0.99303813697534926,7.2738591668216594,2.6267886966064604,-0.078649522497838686,0.6468657440187642,0.7147586577974365,0.5775862068965517,1,5
0.54274095273548384,-0.83653660573908128,-0.075091713805953114,0.83967750923302098,0.53836571592375315,0.071442539191528959,-0.019337494977579393,-0.10182761499927419,0.99461409506981668,0.41055202049649103,7.9653853000191583,-0.42987457935810058,,0.09321255868112842,0.2962962962962963,0,5
-0.7832992231411211,0.62113286308748383,-0.025224857170245918,-0.62152670816387046,-0.78329642508363084,0.012298841009804596,-0.012119326115621155,0.025311595049442918,0.99960614498439004,-0.45684564045692461,3.260932789429599,-0.6098203152917846,,0.06974846262418795,0.2238805970149254,0,5
0.972769289916804,-0.21499305599426488,-0.08659038323627713,0.22873546658803667,0.95080829217239149,0.20891069350556019,0.03741650597679589,-0.22302819868901749,0.97409364419958167,11.268945680018536,-8.8211217417404608,0.63232418105988208,0.4206249685559457,0.3784578495200092,0.15,1,5
0.44405039608638958,0.89589661160782674,0.013729786784047522,-0.89516341446774272,0.44292007396350502,0.050042676573250795,0.038751866199868285,-0.034511873171097142,0.99865270413505058,-4.0577639500689724,11.772042128743694,-0.64697772348697313,,0.1154688689129875,0.2558139534883721,0,4
0.12410231305257267,0.99025210840041655,0.063240633326464152,-0.99074630143186315,0.12012995495490443,0.063170880329605258,0.054958003003074213,-0.070495075934874155,0.99599701915962147,-14.840497219299923,7.6026081830050813,-1.1403649556328788,,0.09991076615781891,0.2972972972972973,0,3
0.76896091028442881,-0.63322009917388,-0.087928519018378518,0.63910491850207463,0.76478627455797554,0.081528261322009604,0.015621190767668894,-0.11888759502132817,0.99278482973353543,5.7073724824326222,-17.278980538355839,0.72347928946492113,0.1161948871413275,0.1156200036035748,0.5151515151515151,1,5
0.63584506803104746,0.77115612552835022,0.031926157311762016,-0.7690103081205365,0.62946654160837801,0.1113329196596632,0.065758615138625132,-0.095342031946516512,0.99327020567384328,-6.9193433588411848,3.6467546408008888,-0.92782714491157647,,0.1600899056678869,0.1956521739130435,0,5
-0.29286820691870596,0.95615263688386054,0.00059021713103200261,-0.95563760115880014,-0.2927306022232643,0.032643066238609353,0.031384528476230356,0.0089960825943678231,0.99946689883671436,0.76477857903698676,15.387848630385101,-0.39024872112110875,,0.0985355130615531,0.3333333333333333,0,5
-0.9052679556300145,0.42463489877198735,-0.013233716573882134,-0.42417648529548063,-0.90515487965139985,-0.027730004789608954,-0.023753690909555366,-0.019489653361793945,0.99952784632545866,-0.25749146899938136,13.213718123556806,-0.49405070714874627,,0.07797573681906848,0.4193548387096774,0,5
-0.5033826486431765,-0.82042001599143166,-0.27114001254997061,0.86159585115143067,-0.5002909312871876,-0.085799611598414705,-0.065257170668214501,-0.27680314563316749,0.95870825606331433,6.7401183133779501,-6.6554531395405689,0.19492310389081591,,0.2905071129689757,0.5238095238095238,0,3
0.45369450197000188,0.88819559222686595,0.072593999965275643,-0.8897549485471582,0.4469069881700955,0.092791569986594921,0.049974297574203012,-0.10668989583601904,0.9930356668863729,-0.22630433217504234,10.593553641673322,-0.44114221114274466,,0.1995116725485876,0.2765957446808511,0,4
-0.24630309015573912,-0.95175533009900504,-0.18302070759306802,0.96904739364697545,-0.24510691855203562,-0.029491479174987002,-0.016790969172052347,-0.18461958213055074,0.9826666134799753,-5.4880068021842074,-11.940101088558224,-0.15553088477959007,0.47863342910343,0.1177798431763935,0.6238532110091743,1,7
-0.69055658394096908,0.71814524166132376,0.086017534578583535,-0.72326908106306198,-0.68624969255109358,-0.077092125743961015,0.0036661633859740059,-0.11545029819245968,0.99330649242481983,0.64247799644733494,0.71779147801272036,-0.58430736881212364,,0.08602645902660908,0.3009708737864077,0,5
-0.9566081266852775,-0.28187546582094936,-0.073804564411066545,0.28437433887844149,-0.95836985531186503,-0.025660393936265749,-0.063499034222055092,-0.045535065583985818,0.99694254120040859,-12.518427542760715,-13.760530197846256,-0.22496853925924742,0.4190331470615903,0.3841012495308752,0.651685393258427,1,5
-0.93069779634172367,-0.35770761878122515,-0.076464837347135328,0.36147839962273681,-0.93140797316358925,-0.042574101675523481,-0.055990878639677603,-0.067264009642293579,0.99616292568836173,-2.6054350930100059,-18.417602572106802,0.39569613474163939,0.6416087802619138,0.5912908791910513,0.1621621621621622,1,3
-0.81480333783488601,-0.56188177324978617,-0.14277392458990168,0.57143364754861692,-0.81992956450632526,-0.034337962923690936,-0.097770686314508221,-0.10956451130791271,0.9891594971284694,2.2048092210047594,4.1603046246694264,-0.45089669184030068,,0.0907777931332196,0.2551724137931035,0,8
0.065220139154290535,0.99730027127022969,-0.033741700802176568,-0.9967031810853898,0.066741922439837995,0.046133335055048602,0.048260773542927418,0.030621637992819032,0.99836527034130984,-12.579963265159186,2.4578702038534268,-1.0977998949567873,,0.06982673472170642,0.2909090909090909,0,5
0.88173698281688517,-0.46257669698439241,-0.092534817987531173,0.47115303139342762,0.87332235459127949,0.1237856452902634,0.023552370194094556,-0.1527444413985424,0.98798503100000812,9.8819178524775388,-1.9070120017046026,0.11196332065401787,,0.070521626238515,0.2608695652173913,0,5
0.56235700237776443,-0.79601153136078673,-0.22387550964174319,0.82676603048595698,0.53649653465622449,0.16920224329587213,-0.014578501678436186,-0.28024473276498441,0.95981787701953847,8.392191614917115,17.948407465873284,0.0024301660128064908,,0.5491429527122937,0.4347826086956522,0,3
0.36997716613518433,-0.92177996362316028,-0.11592495504189275,0.92855863378650294,0.36287530118074934,0.078104925667492137,-0.029929252565378865,-0.13654015693511962,0.99018231926499845,7.8659334561112821,13.538198411227022,0.00089376468262042797,,0.2199659543169929,0.5263157894736842,0,6
-0.80252283863962426,0.59616400236681721,-0.023357562881845036,-0.59652959317055942,-0.80247096622357306,0.013884986135151647,-0.010466037147282279,0.025076495971016469,0.99963074753443282,-17.666233620552045,2.9724107951585248,-1.1453166974208115,0.4851508348475628,0.5136919752142933,0.9530201342281879,1,5
0.9394238494967162,0.34125001743457029,-0.032113184172194401,-0.33738420497355598,0.93715372078000903,0.088965172188596411,0.060454356593493741,-0.07274152341744422,0.99551692177470097,6.0150836866846751,3.1108160608448516,-0.15812425316309131,0.1429011193182924,0.1293625072661926,0.4019607843137255,1,5
0.08024830238627452,0.99671360235614526,0.011054629905947549,-0.9961496736081481,0.079800284662267573,0.036300720904706388,0.035299259687724294,-0.013925137200669131,0.99927976704196375,7.0509308513285713,-10.15468619107363,0.40512125332263899,0.2602433337260756,0.1434653475956759,0.2631578947368421,1,5
-0.99444199636856756,0.10191372128641525,-0.026433109390560587,-0.099957229178400248,-0.99273242688417074,-0.067014035452591644,-0.033070654566779357,-0.063999390826939215,0.99740182964555735,9.0459975535640371,1.4804594540655585,0.04616802375708412,0.4816672415570886,0.1525801254336996,0.2368421052631579,1,5
-0.99286004314333576,-0.088207805510313694,-0.080301418271838843,0.10496286092972501,-0.9658693557701421,-0.23681044193535469,-0.05667214972860448,-0.2435482921952552,0.96823163386346422,4.5495230670522453,-24.106824707954527,1.0423285194510599,,0.1720155074649972,0.6,0,2
0.99627112189062061,0.079955397707744055,-0.032418915222450821,-0.073240891291900284,0.98236299972596364,0.17204275228027957,0.045602889487093172,-0.16902683558181544,0.98455589243253494,-11.539263349447136,-15.910798482646189,-0.10178254743269975,,0.1754674354172401,0.4324324324324325,0,5
0.26824696421276734,-0.95128873331909691,-0.15196483820536499,0.96175707319020298,0.25538210894820018,0.099011668998073454,-0.055379584318128845,-0.17271283765058715,0.9834141433553989,20.239729824901005,-11.952048179865045,1.4312744982527801,,0.2860821973376925,0.6842105263157895,0,2
-0.12113917838232072,0.99232791288990829,-0.024710579928730683,-0.99194541133915459,-0.12008933070389026,0.040284656809836186,0.037008112408644725,0.02939159659919114,0.99888264258885706,-5.9247043288173176,5.3208142043517874,-0.84138162387485371,,0.08410705864072179,0.4104046242774567,0,5
-0.56901374351337541,-0.79447141514753317,-0.21222283149173607,0.81968643880639935,-0.56864141911771671,-0.069000568843097368,-0.065859712493880493,-0.21321844896083497,0.97478222762469258,11.637358971797347,-17.27519638140209,1.04010782329258,0.795639455168949,0.5032683334202782,0.3055555555555556,1,5
-0.42164760523350292,0.90071627384586483,0.10451550617048476,-0.90591915374283483,-0.42341107033680075,-0.0057924431900828327,0.039035674487802152,-0.097124968702519091,0.99450638840171179,3.4442274293044393,3.098246450030874,-0.38884058108445929,,0.7677018658343101,0.785781990521327,0,3
-0.61805553336945829,-0.77187020113777083,-0.14907632362964771,0.78457210495656093,-0.61758453330083496,-0.055099513170449213,-0.049537559441552352,-0.15101568403025761,0.98728936658988053,-1.2137094989073141,-20.6234541871099,0.57155855098756869,,0.1660611706949996,0.4,0,4
-0.042509330454852348,-0.96941825444095464,-0.24170478849400479,0.99855361720335867,-0.049195183478500118,0.021691184674955424,-0.032918541801946331,-0.2404331131087564,0.97010735886625643,9.5362142728061396,22.716178198941616,-0.079041086568708147,,0.5586552806261642,0.1,0,5
0.45602757490923651,-0.88682094438667713,-0.074749337920300168,0.88970457894498522,0.45224863601719228,0.062425422905381008,-0.021554886377043742,-0.094972542441021476,0.99524650366407275,2.528079132913061,-9.6632746781829422,0.09590837560527786,,0.07084581973697623,0.2592592592592592,0,5
0.8428702307042405,-0.50601205033438179,-0.18308899232060788,0.53782089222455665,0.80343077235953486,0.25543625802251085,0.017845505858962017,-0.31376870293602599,0.94933173284078176,-6.3450891801538543,-2.7775327435495427,-0.80496277725176779,,0.09692743913384472,0.3,0,2
-0.75856443816052022,0.65113065130559356,0.024675252553240146,-0.65154275121990879,-0.75746276372512467,-0.041739728109864573,-0.0084874313549017644,-0.047739255338216449,0.99882377174792258,-10.672635707320664,12.789510524954478,-0.9051961665270285,,0.1211104016774759,0.8,0,4
0.99383390533388727,0.10037777471670538,-0.047100647041375829,-0.096841736258446762,0.99268094933372963,0.072154077835797623,0.053998580789159201,-0.067147860522932909,0.99628074261221622,1.6261523019034261,7.422978287332219,-0.35609385013980255,,0.1073140060859386,0.5983606557377049,1,4
0.96620769364170689,-0.23609608448342675,-0.10344724084850293,0.25680535120244946,0.91628476501302636,0.30736499637858827,0.022219458619869153,-0.32354422927417154,0.94595212741555901,1.8426538796549894,-0.86371048935521089,-0.49910093720512533,0.9326470951513115,0.4709662571951672,0.2691729323308271,1,5
-0.55128281833416914,0.8335926569378459,-0.03479276517954831,-0.83426803598592592,-0.5503116063650616,0.033970281601600122,0.0091705148013650501,0.047753724453796734,0.99881704203476107,2.9776669138655127,-8.0141298037511728,0.021777241684413959,0.1803589320520113,0.1470518547051561,0.7826086956521739,1,5
0.64120934467734891,0.76389425794614008,0.072911857577223071,-0.76441047006702889,0.62751869002367289,0.14797610253982729,0.067284541689371646,-0.15061824706153618,0.98629961680098055,-10.746110386702696,3.9136615942806379,-1.0612031614721946,,0.09824652735608443,0.2372881355932203,0,1
0.99177031883711531,-0.11155236264311121,-0.062830765254505538,0.12122176250912346,0.97607822915105735,0.18048981930158176,0.041193676309703879,-0.18662090173953114,0.98156799054676569,4.0666287923250977,4.6934433072435597,-0.24219115387747261,,0.08022129408402752,0.2909090909090909,0,5
0.90411176471653087,-0.42136993395028305,-0.070917527198106733,0.42649239796730853,0.90007021067147874,0.089318812900162151,0.026194491353241232,-0.11099997578618363,0.99347514010075288,-11.612538256926396,16.965285080158946,-1.015547036256282,,0.1255060184307373,0.5,0,1
-0.1791158644833814,-0.97500004857060896,-0.13150061740417848,0.9823326493704343,-0.18460547445510941,0.030714569540629132,-0.054222440660976957,-0.12367588321298983,0.99084014999406056,10.154796472703966,10.457147408496562,0.13477449149438014,,0.1147616533813724,0.3809523809523809,0,4
0.47618613326700521,-0.84740198846600179,-0.23485450054892121,0.87906955124383401,0.45206656842813736,0.15123670779797868,-0.021988418774003871,-0.2784702634994865,0.96019311692302001,0.99944650732850826,-11.12996293854593,0.1209889930097065,,0.2740013787929926,0.75,0,5
-0.089979244203750655,-0.9874073199358735,-0.13011733224123867,0.99375364893623885,-0.097671115597926766,0.053981834016326107,-0.066010763049911617,-0.12444732907905855,0.9900280003346652,21.458156287257758,-4.1865390404623541,1.1865806202039304,,0.1317921377726972,0.3125,0,5
-0.52127775679339461,0.85253423722872845,0.038142818790396632,-0.85329365566206061,-0.52136113396273864,-0.0085149985298797592,0.012626855480421671,-0.036985704615667886,0.99923601825332498,18.109987825578866,-14.956370002050923,1.3743125161337182,,0.2740050593733971,0.125,0,1
0.31982884707909687,0.90661787644512992,0.27523360021294596,-0.94561624424244783,0.28724785445353013,0.15263875240793534,0.059324760436626836,-0.30908363952491485,0.9491827414029238,-3.8498788933253625,-16.993132092663217,0.23836500949246314,,0.3370334102072413,0.2592592592592592,0,1
0.38308961749207776,0.91479730795588254,0.12801652364614682,-0.92186394182757703,0.36987372711326938,0.11558675853859859,0.05838850681337223,-0.162293904223201,0.98501343692565702,-7.2313453019565941,-7.6560736416254977,-0.46760627953461636,,0.08109675343270695,0.21875,0,5
-0.89831918397559007,0.43930811560682947,0.0055698530866676119,-0.43834654736891993,-0.89535531086764353,-0.078683999077655956,-0.029579521821314163,-0.073124871713268799,0.99688404793423202,-16.922900655609833,4.4067637747357153,-1.1598118940852922,0.4501283318495381,0.1937340639304192,0.25,1,4
0.86021759446560031,0.50683266884784306,0.056092209444709787,-0.50611936482828113,0.83519515430226254,0.21515632171943561,0.062200311234217424,-0.2134706069195311,0.97496739497471074,2.5596830728027959,7.024947527467285,-0.28827294080017829,,0.359138320084839,0.3707865168539326,0,3
-0.40788758655605045,-0.90587817267388149,-0.11407213948423067,0.91132309751149732,-0.41157492791887446,0.0098127799640358657,-0.055838415768445726,-0.099954064357596559,0.99342400632502681,-4.2773190716140794,-28.570110899421316,0.87962657772001829,0.3194076389963305,0.2276926616187044,0.2777777777777778,1,4
0.99761419381530103,0.060394429360603546,-0.033442984323405464,-0.052170903474270551,0.97679686099183094,0.20771636716249692,0.045211913572938058,-0.20547604546202938,0.97761724494423696,-10.925077839762743,-13.019232132310941,-0.23937220978876986,0.3053746481876979,0.2588802433538915,0.375,1,5
-0.84163278903349503,-0.53164897075989659,-0.09488740861484754,0.53610909356788283,-0.84368149266726955,-0.028081643907515379,-0.065125173454827295,-0.074504434906038933,0.99509185553988344,-5.0890785993378236,12.084561517435862,-0.68135733572151402,0.6083183361556427,0.3902716178247049,0.5974025974025974,1,3
0.44348731421351356,-0.87345295820464053,-0.20099485549448096,0.89627927189258572,0.43179817187607944,0.10116227330468752,-0.0015712757176720138,-0.22501170762437811,0.97435479293970761,6.5245197191963866,5.5993965586952852,-0.08662226087227648,0.4910691041112765,0.2033635452179115,0.3478260869565217,1,4
0.96512578356248435,0.26178659539187538,-1.9391555303265276e-05,-0.259590368350963,0.95703854691378709,0.12919001656691123,0.033838773061581499,-0.12467958210660637,0.99161985621679105,2.5821144115184191,-3.6814001368727514,-0.35356734627923109,0.3361891435619178,0.2649708623070125,0.635593220338983,1,2
0.68198219984369124,-0.72618413781180258,-0.086930300165643307,0.73136704883061843,0.67688813566646622,0.083214732342098946,-0.0015871298470384271,-0.12032892330817495,0.9927328095889365,-1.3202533679013755,-18.748427431967094,0.4515388113030197,0.2954856588355676,0.2603177792992942,0.7733333333333333,1,5
0.87346626956887208,0.48686616648245734,0.0042440381850040012,-0.48214023784023829,0.86370804563975301,0.14679646777943023,0.067804623594546434,-0.13026798467710679,0.98915761392579282,13.623933232098965,-1.8664647361311375,0.44989922639621416,0.3409498304824355,0.3045735131448299,0.6195652173913043,1,5
0.80571444173794637,0.5912257103265296,-0.035726710229193742,-0.58769256569061867,0.80549787365158487,0.076096148225477597,0.073767788409902765,-0.04031544358761853,0.99646022419434566,-7.0385520883337254,5.6892692511417264,-0.90353411036083808,,0.08747923140689104,0.3125,0,5
-0.75502477851234262,0.65560311103183189,0.011051906522038489,-0.6556459347529161,-0.75465075828259864,-0.025112571860997152,-0.0081235506007554404,-0.026206751589668488,0.99962353618587541,-4.555747383898435,3.1751005333681848,-0.80487460295868929,,0.07940476258930866,0.3192771084337349,0,3
0.85019073113338561,-0.5174177929545235,-0.097234501227437348,0.52572004904390091,0.84425283441298227,0.10419012246332815,0.028180680051359801,-0.13969960314802157,0.98979284203924567,-2.9941175123437151,-5.1260164769922838,-0.56645218503162986,0.2406851759665524,0.1440809022793079,0.7348066298342542,1,5
-0.99035635242676956,-0.12260810401493068,-0.064510061523830695,0.12784034000820713,-0.98819412976985621,-0.084434645466077471,-0.053396092315173144,-0.091867375701388782,0.99433859555345072,-11.915862315228051,5.1314444080049597,-1.1008855041283119,,0.1819633094021356,0.1714285714285714,0,3
0.94864784972603799,-0.30007313063061403,-0.1001167992082585,0.31484022556654334,0.92635526136252788,0.20674032531456057,0.030706507052614285,-0.22764456070704803,0.97326001890816527,-5.0249258602106508,-10.856730826604679,-0.18343407864093314,,0.1263468362817001,0.3148148148148148,0,5
0.047195842359600879,0.99874062786418705,0.017020890617642299,-0.9969229045256004,0.046028582429854727,0.063451493534341499,0.062588137024584933,-0.019963162398480491,0.99783976531848217,-15.0070017204814,1.9253281691193853,-1.1126856746854115,0.183229636047871,0.1413336492440842,0.2926829268292683,1,4
-0.3984059267742987,-0.90314833373869852,-0.15998688938824107,0.91511469786662136,-0.403183695595,-0.0028279594836094326,-0.061950038414797105,-0.14753302976408825,0.98711508846184393,-1.7927306512351471,2.9468435372522399,-0.67183508776773526,,0.07446816425039436,0.2244897959183673,0,5
0.99650821329701322,0.040105765332870101,-0.073231881162920967,-0.020006996228356853,0.96622763762526809,0.25691218809354488,0.081062327461737374,-0.25454995556110244,0.96365617270389925,-8.930252436075877,2.3008946327189812,-1.0040095104475457,0.3259518013031432,0.2916164022392685,0.2720247295208655,1,2
0.94769810016064981,0.31915125868181027,0.0032840575069908069,-0.31481545178409692,0.93303072322736225,0.17419787837915343,0.05253134559353987,-0.16612087043968807,0.98470519148346636,-1.8598222716205213,4.16833429599476,-0.67447559862127304,,0.164767444896606,0.3513513513513514,1,5
0.86832269834932518,-0.49139148119136966,-0.067454456812715696,0.49563936072494824,0.86481329491502856,0.080247050029117944,0.018902794277861963,-0.10311341886856003,0.99448997341236434,3.6563236360452227,-11.47638790533675,0.27839865310955675,0.184405793086026,0.1521859258423835,0.6538461538461539,1,5
-0.95582305352466668,-0.28261217284898404,-0.080824811217585418,0.29021088646021465,-0.95098812646381514,-0.10676715180625003,-0.046689739030741466,-0.12550674516701651,0.99099350410929665,36.691920360443284,-2.01017451548242,2.3301999998083716,,0.2195573678135304,0.1,0,3
-0.76075018225893987,-0.6145353707585629,-0.20881915209009386,0.64554329114407139,-0.74978998406937558,-0.14521996780100846,-0.067327701964872658,-0.24527791966640816,0.96711205280062984,-0.78513082996203531,7.0598350479420553,-0.59721765002258564,,0.08716651626472147,0.2978723404255319,0,5
0.82377270103857425,0.56691804130908996,0.0015720883811086565,-0.56128631205589175,0.81519315063927777,0.14289087811859985,0.079725861063453127,-0.11859199631119105,0.98973720021459122,-0.43732871612300345,17.055835202798775,-0.47192257877926902,,0.2167640244283605,0.4848484848484849,0,5
0.1196846069636892,0.98886966436999468,0.08838767869291328,-0.99148376477064393,0.11444633263876967,0.062144840025272971,0.051337501421260846,-0.095072729183033763,0.99414568203735199,1.7431989195279933,9.0305327093263621,-0.3226316682897461,,0.0719383244242857,0.2045454545454546,0,2
0.9937519863058778,0.10036079640300431,-0.048833392862650482,-0.094767483246486442,0.9898589673431184,0.1058222513913907,0.058958577257682894,-0.10053325477557408,0.99318525505163424,15.05507090340542,-9.9482310559119771,0.94639843605288787,0.2093401821044534,0.2159522893457822,0.4102564102564102,1,5
-0.65915276258386235,0.74629435186427773,0.092533107337537446,-0.7514272391088096,-0.64879819059188637,-0.12007502742038451,-0.029576002153342093,-0.14867968341428428,0.98844302407192552,8.2924391276111109,-7.0243528196660776,0.28912790508098102,,0.2718583805002112,0.1944444444444444,0,4
0.60878935047557525,-0.78487303696999267,-0.11554151887970196,0.7933119435585605,0.6033163903604768,0.081642472584705431,0.0056291167039715364,-0.1413635347602272,0.98994174782419764,-5.0388300650415729,-4.1496347963158486,-0.68594360720516312,0.3334208964569742,0.2929622656151489,0.1924686192468619,1,5
0.98171881896464275,-0.15582823478653962,-0.1092964854603173,0.17663030795944029,0.95981456842694246,0.21807734532856482,0.070921751253191195,-0.23339570578464364,0.96979201364027912,5.4761934298441348,19.251204752638024,-0.19650517065067657,,0.5469020270232492,0.25,0,4
-0.3559816899240843,-0.92481879047693827,-0.13411652105377031,0.93181295900632966,-0.36214755961590661,0.02395317290279866,-0.070722315195849483,-0.11644462136576637,0.99067603397292403,6.7497504439733174,-13.518509199478249,0.56423834497708392,,0.5739937928811194,0.6724137931034483,0,5
0.99552979774970418,0.083465564944772419,-0.044203181569690102,-0.077791897113357142,0.99003300358283897,0.11740133116897232,0.053561577048644497,-0.11343787412144068,0.99210030046304776,1.0037463371930282,3.0687470510365484,-0.54703184316862985,,0.06739745110284831,0.1764705882352941,0,5
0.92062946192090933,0.38370048490172048,0.07221725368222473,-0.38471006195558244,0.85990712660113733,0.33549650050441421,0.066630038821466828,-0.33665066687407752,0.93926927258368764,8.3854065504423119,-5.5885000949016037,0.21554646974837796,,0.1988297921213778,0.2105263157894737,1,2
0.76384174263366666,0.64539791460217211,0.0027062959059047718,-0.641755524516887,0.75907233933357587,0.10935735188229014,0.068524732487021969,-0.08526849058016342,0.9939988156691949,2.4709276734930508,-13.623883409732336,0.35806297088297501,0.5081164010026055,0.5992672976078632,0.6170212765957447,1,5
-0.99615523286620011,0.079025722855251029,-0.037811204166129431,-0.079298590193616431,-0.99683421062861965,0.0057697585497330115,-0.03723554251776829,0.0087459503555880821,0.99926824362919975,-17.480673805173833,1.744504500055877,-1.0777023248051323,,0.06730443309490483,0.3,0,2
-0.99383711457977419,-0.090472535002585078,-0.064050839916076796,0.099640652139358965,-0.98231293779050954,-0.15853401114783389,-0.048574994853238435,-0.16393905166123252,0.98527379809645976,9.9419381155911761,-23.495466642957847,1.2955749637499607,0.3524695232684141,0.298713609469036,0.3571428571428572,1,5
0.13399362875514453,-0.96550293107952423,-0.22327068219960325,0.99052293742624942,0.1236295677480348,0.059833438902573942,-0.030166502705856937,-0.2291720315729687,0.97291837379053303,-16.13606968807359,13.200799699069277,-1.2136077165775807,,0.1595800850911972,0.3333333333333333,0,2
0.33094843301387167,-0.9406933974952757,-0.07462617901552536,0.94329569346532172,0.32762510484922164,0.053432437360777865,-0.025814131312905369,-0.088077934701778521,0.99577904579441134,-11.938459221453149,0.80808512652363007,-1.0711104633088868,0.2815529713753522,0.3088790142561993,0.9093851132686084,1,5
-0.043234158846631142,-0.99636979587210539,-0.073335103344873226,0.99777930907499568,-0.046784750017997763,0.047409255927266192,-0.050668115128232528,-0.071122549444830999,0.99617986582234197,5.7464119523632622,-7.9553045323645595,0.21578102457499965,,0.08535603711577838,0.2105263157894737,0,3
-0.70337532732073227,-0.67940716914610078,-0.2089714033769543,0.70757492810304778,-0.69727850225808874,-0.11463163354276275,-0.067829713521571952,-0.22849198848449254,0.97117997362074093,12.751829881617134,4.8790969445543215,0.24154044697655611,,0.1676254360401746,0.3125,0,1
0.92833599846440806,0.36683823696119694,0.060182903372053086,-0.36602621494695398,0.87372243998217458,0.32036527252996638,0.064939078579044601,-0.31943513547321956,0.94538040507433219,-3.34010654717639,-6.9013651092493813,-0.40811328132000213,0.2249767597929087,0.1216457671341715,0.1025641025641026,1,3
-0.75927755528866026,-0.61603835950095009,-0.20974826258697143,0.64625669290650722,-0.75165775050087913,-0.1317684066288326,-0.076484514173910542,-0.23560001217176407,0.96883577212871563,8.3870105820364635,-0.94263745221639106,-0.0082346346509901309,,0.289502452389716,0.2125984251968504,0,3
0.0019120107400679538,-0.99536957401568615,-0.096102837308599656,0.99880066859354155,-0.0028008813147827418,0.048881279452936674,-0.048924110947726494,-0.0960810396888679,0.99417044070937977,-12.653292736336521,8.2862871128705731,-1.0591986104475206,0.4912421211351141,0.4256192921745827,0.9296482412060302,1,5
0.9926791047460648,0.11850126067106247,0.02335907146956975,-0.11903060343787551,0.92700610613031165,0.35565628722452308,0.020491716515869996,-0.35583300917212018,0.93432486809339865,-8.0090559851751877,12.57884919744653,-0.80533155810429935,,0.3812477862419936,0.1666666666666667,0,3
-0.44716261961631476,0.89345999774609119,0.042128660617565344,-0.8942560289016408,-0.4475557420487043,-0.00011194776159618655,0.018754903117389057,-0.037723867601144469,0.99911218760571052,-18.030011188669043,5.780623494708756,-1.1958971876664002,,0.5246373789452778,0.4677419354838709,0,5
0.81663019765787004,-0.56004519766647265,-0.13951522083267229,0.57663562673894897,0.80200502258433737,0.15581815595390441,0.024626697883536487,-0.20769525829979266,0.977883533674197,8.3448513600743492,8.690306825507724,-0.010717475410518063,,0.1624243676493757,0.1851851851851852,0,5
-0.85460991241501016,-0.50325845865007257,-0.12795632613967636,0.51307360515418721,-0.85632857285244501,-0.058794991373254127,-0.079983581415782809,-0.11589779598270665,0.99003551834783021,-15.612283443372123,-17.175456532339076,-0.12047584902575127,,0.203602345073842,0.5,0,3
0.49438738528787995,-0.86471733544639562,-0.08857224761006792,0.86913117435625209,0.49012680862365726,0.066232267291032154,-0.013860556638727825,-0.10972529902841244,0.99386530461767786,-2.4072413083743305,-2.2360109768105154,-0.75915693641852722,0.3967434311183716,0.4152224901940957,0.6762635956493922,1,5
-0.75417254758968211,-0.64770409609977941,-0.10818120149848298,0.6542639434424774,-0.75524345173722351,-0.039319472518602377,-0.056235760626012966,-0.10043272625797958,0.99335331414517447,-8.8824910865435331,-16.379531839913454,0.057346092754135741,0.403210881332451,0.4160326704137084,0.6846846846846847,1,5
-0.95280307999307545,0.30095457428481343,-0.039907830970297861,-0.29791118177962433,-0.95217429079165117,-0.06791942083146249,-0.058439871033180393,-0.052824844272940465,0.99689232984368115,4.2390353433275081,-5.8817813353477844,-0.061917772217167905,,0.2365079771896217,0.3392857142857143,0,4
0.074650008827983061,-0.96551874788868164,-0.24940113002441128,0.99709181077229114,0.068421999799685843,0.033561150669244075,-0.01533939610330025,-0.25118116453843242,0.96781853955599606,-22.624014440009038,2.6078795625075255,-1.2020265486112458,,0.2656105496999523,0.2777777777777778,0,3
-0.95606547044598911,0.29235442841922249,0.021626474621613746,-0.29131079412573635,-0.93920999801579497,-0.18172121739907784,-0.032815201457898159,-0.18003740669882953,0.98311224930952679,0.47060496855077188,2.1408380602714012,-0.56503222948976628,,0.08096141090386322,0.2824427480916031,0,5
0.5174523984627758,0.84942153400856057,0.10356675570695718,-0.85398087679107504,0.50491479291692354,0.12560937054538099,0.054402917203651327,-0.15344089890314125,0.98665911699204811,-10.733020635660182,9.9606539411092978,-0.93059392545526942,,0.1701330881241619,0.1785714285714286,0,4
-0.3799625881362329,0.92440081320625,0.03334018836838059,-0.92489094761671442,-0.38022830184267392,0.0017814304623327193,0.014323638974474966,-0.030159161484698556,0.99944247375477702,-5.2860440099487711,14.098897326881016,-0.71885132653184902,0.1342510028046368,0.2134425855319305,0.2857142857142857,1,5
0.76024157127456349,0.64952158683178862,0.012428255931433577,-0.64597571710423096,0.7537853323064716,0.12051159990347669,0.068906648573678314,-0.099646279605093424,0.99263411826473402,4.6375796950903139,5.8813141198947605,-0.18554885483068742,,0.07375724339616962,0.3125,0,5
0.44111096955202195,0.89669149359877487,0.036952372704262382,-0.89522799998902658,0.43674710851714049,0.088423929100471532,0.063150143123539657,-0.07208556380799408,0.99539727290864144,13.261057903433581,-10.877505671324409,0.8526995692914201,,0.6425454189454198,0.1304347826086956,0,1
0.39855898628152536,-0.90174441113024006,-0.16735516558989014,0.91688527744495019,0.38743435078877891,0.09600006163317798,-0.021728379114409183,-0.19170717468121523,0.98121161668460011,-11.858274632631044,-20.85505966362836,0.19688267694967837,,0.1103777678851079,0.1111111111111111,0,1
0.91014170189261601,-0.40121820914989975,-0.10327647903835864,0.4126487164695572,0.90011758622949267,0.13967593835882886,0.036920445176627056,-0.16974180276802636,0.98479673086430408,9.5566899174616839,6.2736191158575041,0.041143315846036671,0.4431024766822996,0.1834945457814501,0.1111111111111111,1,5
0.30062816691790445,-0.92347006189326641,-0.23838152202388918,0.95318526274330695,0.28238209158998084,0.10815826014798346,-0.032566242407617456,-0.25973717318880857,0.96513006414645131,4.3021337913546001,-21.754228065733248,0.89104052673176892,,0.1691685201860952,0.2,0,5
-0.943738079283579,0.32882443531122058,-0.035113080930048654,-0.32697624777257717,-0.94373008218748067,-0.04959904602891832,-0.049446649054404754,-0.035327364983387011,0.99815179515974561,-7.1154287188012386,-19.151613623268407,0.26506170412694191,0.4967673344281812,0.2902992679377723,0.7560975609756098,1,5
0.50417124162257887,-0.85568410121418492,-0.11668795160606432,0.86354229643917457,0.49790096381177068,0.079933300293837772,-0.010298610649135394,-0.14106505295281879,0.98994676091904776,12.127313973668461,-2.1780537412983727,0.3075299302251191,0.1516837912928163,0.1052869590599425,0.2456140350877193,1,5
0.99905429720432604,0.041057009766390345,0.014311994501584822,-0.042924199374475905,0.98378371746227733,0.17414680693071113,-0.0069299600021289149,-0.17459644671397143,0.98461568972326685,-13.944206351363659,0.3664798937369505,-1.0765330130703392,0.7110842965371957,0.2561658826134704,0.3571428571428572,1,4
0.71331355875292113,0.69507605022896335,0.08973879482892165,-0.69847227849907745,0.69451944246090846,0.17256656748077384,0.057621550374409691,-0.18577413286540501,0.98090148765844798,-16.429130275369758,6.7150334137264007,-1.160674006462258,,0.1739429412989801,0.2,0,4
0.8715686972425758,0.48033737116722386,0.09820395026188572,-0.48876657534836515,0.83558860394279455,0.25079657051714416,0.038408863678963671,-0.26658524869371636,0.96304572288640489,18.225267387192982,1.1068508890011888,0.71226581989908699,0.3880631748015224,0.3472282599670466,0.2142857142857143,1,5
-0.76186574468956025,-0.64201542216779317,-0.085888210875133805,0.64436308897297412,-0.76471952524906395,0.0005072199249225261,-0.066006034859154891,-0.054956759380040951,0.99630465117885258,-5.5455010436029886,2.9448937945698663,-0.85227681559785384,,0.1184359728112027,0.4323725055432373,0,4
-0.15416847638369038,0.98792894631924622,-0.015115485902688864,-0.98736410747940773,-0.15347659437742384,0.039459526602570516,0.036663335240029127,0.021007903342565967,0.99910683505129982,-4.8198290912463495,8.4978509726301468,-0.72860483886383509,,0.09770556869219421,0.3820224719101123,0,5
0.57162843073087388,-0.81729812588102013,-0.072558325583841676,0.82045516010192143,0.56830272702410378,0.062332501306279001,-0.0097091422014980444,-0.095161882538856546,0.99541446074957707,2.0264880934598981,-4.4203043782993676,-0.33320195195878161,0.1373515608439253,0.1126262071495072,0.4829545454545455,1,5
