axis_00,axis_01,axis_02,axis_10,axis_11,axis_12,axis_20,axis_21,axis_22,location_x,location_y,location_z,dbh,dbh_approximation,score,reconstructed,number_clusters
0.35550605355926468,-0.93109980200079479,-0.081661524580414244,0.93183279494980964,0.34626299286388101,0.10857984172476098,-0.072822305228160966,-0.11469567771728931,0.99072792096227302,-16.338620084910129,16.278340035290302,-4.1737402710581,,0.07348710820876111,0.1818181818181818,0,1
0.87400248080516141,-0.48590190813225603,0.0043588094538148337,0.48206480188111833,0.86815873594495718,0.11795734818048134,-0.061099839064765619,-0.10099378632314815,0.99300909602599963,4.2446584462681392,5.0809488564046532,-2.1458638616027872,0.2426323854841732,0.2192076105833249,0.7662337662337663,1,5
0.72357334051530542,-0.68992572601159663,0.021074000163538515,0.68670855137594367,0.72261563167915532,0.079107612276495459,-0.069806778773087025,-0.042768463151093471,0.99664330238908383,-1.9233789794191929,-6.793310223384653,-1.137820123423068,,0.0761409909049366,0.2105263157894737,0,2
0.70569725875900136,-0.70769433337878052,-0.034060379968435174,0.70524990607569715,0.6970256672014522,0.12952910577391874,-0.067926055091189472,-0.11542941464780065,0.99099046477441677,-16.714577031213629,7.3363361999486392,-3.2984151550640819,,0.1295333930556516,0.3478260869565217,1,5
0.68138754020642101,-0.73154854079332432,-0.023404113198353751,0.7293542838102719,0.67597260227533562,0.10537252801711122,-0.061264579807983652,-0.088869417890911392,0.9941573707540885,-13.761280693865096,9.1190676416859624,-3.247202632223253,0.2709237204248613,0.257664111828417,0.6529411764705882,1,5
-0.798677242987193,-0.59448278597292448,-0.093299939529695355,0.6017588111749399,-0.78927502780304104,-0.12219354999275246,-0.00099735033870900565,-0.15373726831311257,0.98811125771540675,-7.5087394802787326,-18.101642094604799,-0.18399179077575237,,0.405767942269332,0.2,0,3
-0.32957763770937792,0.936136931042162,0.12258151190481628,-0.94132863593763705,-0.33581050201891788,0.033640836755236644,0.072656588728731805,-0.10430221988417607,0.99188813232215822,-1.5194451340507014,-16.021848224910229,-0.40442431677335194,,0.1426592424543167,0.3684210526315789,0,3
0.70004004538642906,-0.70991155606880252,-0.077262652137609897,0.71080744465623302,0.6823348014060846,0.17079811302059159,-0.068532557785639908,-0.17448438712414935,0.98227210444625135,7.9343884647198184,20.166987314905942,-3.6605088088479936,,0.3183369734519352,0.1666666666666667,0,1
0.16305226848921442,-0.9559173941686675,-0.24420461352379305,0.9824281023613759,0.13452246837223736,0.12937824080449706,-0.090823903412852305,-0.26100889070839028,0.96105430519821733,-16.30698023210833,5.1101131957063668,-3.0816772332225804,0.6795824818902458,0.5003587927130184,0.2470588235294118,1,3
0.75601114874107955,-0.65444129158014008,0.012399147313887479,0.64967576690328543,0.75254618965595454,0.10768300856185428,-0.079803138270504059,-0.0733541294626463,0.99410795732302437,1.4604467958134875,-7.7268373340107939,-1.094205890444695,,0.2389886474870001,0.2173913043478261,0,3
-0.68414115885667748,0.7123495130858708,0.15655365203202593,-0.71894959709038175,-0.69478598706633932,0.019593596398571823,0.1227287725100351,-0.099149399305163935,0.98747508576956255,5.5180501386594543,-9.5845282733590018,-0.99988048698649268,,0.1712003962238152,0.1666666666666667,0,4
-0.7542696880249683,-0.65059251127302165,-0.088355090414645149,0.65352902639536636,-0.75687879624565901,-0.0058565734390722442,-0.063063851654032055,-0.062160052036541971,0.99607182398930083,-17.298862127078223,10.178231544008783,-3.6674159131516872,0.4882721971633996,0.2984821343923084,0.4545454545454545,1,3
-0.98225103076353459,-0.186588671503715,0.019172381971344361,0.18692509640590552,-0.98221710457431211,0.01756609846553139,0.015553806531499622,0.020838117672586302,0.9996618688107729,6.9510714335757413,3.0027024400611073,-1.9549047093261549,,0.07884375656382836,0.3684210526315789,0,5
-0.99615757312630782,-0.069315382898924152,0.053530058814456105,0.068328313606652258,-0.99746126039889649,-0.020056808398034021,0.054784405288134538,-0.016322122932388241,0.99836479166695602,-4.8803496011499661,-18.053901340190862,-0.21061253689956674,0.4868804741621545,0.3592324725995316,0.5132743362831859,1,5
-0.2696274863231774,-0.96291926690773022,-0.0093543592471100629,0.96135094904169016,-0.26972508637568099,0.055251520850316711,-0.055725859308640047,0.0059045065425173422,0.99842864813005183,0.074200819857816042,-8.3266620731179231,-1.0561830491642519,,0.08463085058687465,0.325,0,3
-0.20255896753615477,0.95647371201193732,0.21006642497265751,-0.97452618312686401,-0.21797431243863782,0.052781791529748406,0.096273480620956364,-0.19402380613473522,0.97626132750515004,3.8443372349538301,27.424313098381386,-4.5091845963125516,,0.4517074318211217,0.85,0,5
-0.33895313884773709,-0.94068586877728755,-0.014861559406253949,0.93931025486305353,-0.33926260149703003,0.050962067604957972,-0.052981268146125138,0.0033141376233202626,0.99859000681833443,7.9294384753808496,-11.485010471373206,-0.89479004102332882,,0.09995846672985971,0.2608695652173913,0,5
0.8422612168922603,-0.53480879240551837,-0.067643167318794842,0.53592494588511264,0.81719552954372265,0.21207526699686829,-0.058142023504575951,-0.21487443323835623,0.97490947428122132,-11.185217870424061,11.064425634983015,-3.4778944597515378,,0.2580982915279887,0.1842105263157895,0,5
0.89335487065338282,-0.44932555922903161,-0.004859722563705017,0.44109947215099254,0.87483392203473465,0.20024201488559007,-0.085722405169208996,-0.18103080036513949,0.97973441226240687,-3.5237708031784138,15.187186060075794,-3.4464137544389009,,0.6982737737466933,0.1212121212121212,0,4
-0.98402836889652456,-0.17717264732639726,0.017263320833508646,0.17689875769882132,-0.98409426430438929,-0.016288292968152637,0.019874575000697864,-0.012974282352356141,0.9997182949541249,-7.8561908996299081,9.0910923731679869,-3.0441116589721342,,0.1016225183897314,0.3676470588235294,0,5
0.74848393371102262,0.62074876293041614,0.23332975441814335,-0.66313269367578409,0.69785374588338445,0.27065694141260754,0.0051799184136547142,-0.35731096075671476,0.93397111613172568,3.715949704079974,12.305888229694846,-2.9989509492713049,,0.4408006013674841,0.4864864864864865,0,2
-0.70770193609575383,-0.7053814850905038,-0.039936576441124361,0.70638012123972649,-0.70752787889112079,-0.020770770548587825,-0.013604924243524863,-0.04290991823981731,0.9989863086914561,-6.402902427524876,14.297805779890616,-3.4822451270592754,,0.118912219616533,0.4,0,5
0.32510755836764649,0.94075631234443724,0.096346438835710493,-0.94418843946903874,0.31719260050339942,0.088865319213477192,0.053040232515041329,-0.11985998068574372,0.99137294635508599,-25.43067131363911,4.5396300994993304,-3.316811337174586,,0.2643175111716684,0.1666666666666667,0,1
0.49857014907232278,0.86527772171915973,0.052175384526630599,-0.86554934338222855,0.49362471362543703,0.084610733768232554,0.047456723702707579,-0.087344755965686693,0.99504711093530607,2.0918401987329358,8.8349126306801971,-2.62935867334423,0.1971236946555352,0.2145607854657844,0.8324607329842932,1,5
0.81684074219155611,-0.57638668785587632,-0.023443292398456037,0.57367924255221903,0.80739716575824838,0.13784753675804032,-0.06052543730250274,-0.12604841446079193,0.99017597862766815,14.610212375173569,-3.7976797016667971,-1.5025585874534113,,0.1455318172207404,0.4,1,5
0.32674961581983197,0.93003719023836784,0.1681235061944456,-0.9443659176925141,0.31422291422488191,0.09714408719421927,0.037519355836259018,-0.1905119023828801,0.98096764115239177,-7.0351064734492263,8.0058101176039855,-2.8808299818809195,0.4281257992615329,0.2150044228386467,0.1666666666666667,1,6
-0.97810152637637959,0.20485591080224433,0.036762207626571418,-0.20360175735975836,-0.9784223863565954,0.035156198262659526,0.043170921929168021,0.026901481105103656,0.99870545298107649,-4.4925351553713151,-15.302948277635036,-0.46718602100550249,,0.06864161218460221,0.2142857142857143,0,1
-0.071830763541745238,0.98921497523887147,0.12764824390553911,-0.99521787296678121,-0.079576481368947988,0.056647762007097424,0.066194612594116436,-0.12296876178971466,0.9902004629808141,-9.611616425433839,10.898040334099923,-3.3429936975871413,,0.08183874166369734,0.1818181818181818,0,4
0.10626519079350841,-0.97081153179330082,-0.21501785731134701,0.99265311748633911,0.090992649011101615,0.079750399187677276,-0.0578575627750657,-0.22191283776087858,0.97334844473428017,2.7930863087040483,12.129112543696516,-3.005412813390989,,0.2394826874492964,0.3265306122448979,0,2
0.43349874547176154,-0.89993150136859257,-0.046926863509931416,0.89226513809320163,0.42134421846833703,0.162271294155271,-0.12626068674741514,-0.11221560679235899,0.9856296954608732,4.1945291178912552,14.886723126526121,-3.2072041820635371,,0.2240970928745217,0.1428571428571428,0,2
-0.53483063135478004,0.84384478613043401,0.043384014165707113,-0.84186387820788788,-0.53655936948860117,0.058045271838199221,0.072259299286824438,-0.005479045033384207,0.99737083060018361,-12.825837387609141,-10.951461387961352,-1.0429935719971137,,0.1913946304814591,0.4901960784313725,0,1
-0.92512069458414348,-0.37935222484491771,0.015607368688046843,0.37965654652164094,-0.924682731612261,0.028683663318168535,0.0035506528152930371,0.03246129022851562,0.99946668653901949,2.9733949323786395,-5.2952627212710306,-1.257398687334387,,0.1054151752073611,0.5845070422535211,0,5
0.72808082089382631,-0.68377893316403759,-0.048421986820256321,0.68189590304908243,0.71522750148093694,0.15319137877247477,-0.070116300896776063,-0.14455445924075006,0.98700947951991114,2.5114084006809501,-3.7676787563788592,-1.3816644079715377,,0.07232705986179121,0.1904761904761905,0,5
-0.97782528262530344,-0.2094078628479881,0.0024624451633579307,0.20558636570749012,-0.96208836520084084,-0.17922115885229226,0.039899409694010068,-0.17474073515528843,0.98380572908651909,-10.117707892125489,7.7510734852029257,-3.0138993534242622,,0.3420595325283395,0.3313609467455622,0,3
-0.84368095404891441,-0.53671759994337087,-0.011690410007438101,0.53684384325796264,-0.84343600301035859,-0.020356737998302846,0.0010657068708992343,-0.023450516773386307,0.99972443079677076,-3.0313946132496943,-13.871408533544214,-0.64169079114998884,0.6080482295687171,0.537634652205821,0.6981132075471698,1,5
-0.61183639191984551,-0.78972811737889526,-0.044561532106655623,0.79020579646907729,-0.61276238269006733,0.0098519838948606751,-0.03508601928372973,-0.029184978690738144,0.99895806131671239,-11.625922051775833,9.4541778655811015,-3.196352534578867,,0.07649812095467032,0.3571428571428572,0,5
0.91829723004937014,-0.39508630561271346,0.025239025356636902,0.39124161277361069,0.91540759488495516,0.094651654297467358,-0.06049956791547742,-0.077043794975590094,0.99519046214169526,6.209167108029428,19.369959518096572,-3.6321353707798747,,0.1147734676834024,0.25,1,2
0.83009379870541944,0.55649438185189581,0.035472359917018081,-0.55749570367206103,0.82685889963735648,0.074181537310126541,0.011950972261696391,-0.081353322352417365,0.99661367199342776,-10.311841218164334,-6.8098214059342661,-1.4336954431893032,0.08972537380915502,0.08728357423221456,0.5104166666666666,1,2
-0.99957157591342083,-0.0080817890506912401,0.028130931582542987,0.0091109980834482192,-0.99928653384644239,0.036652598640314393,0.027814642544620096,0.03689319664795529,0.99893204859049933,-8.1377516032515391,-4.9797164582520415,-1.5313115926774588,,0.1239980102844175,0.6747720364741642,0,3
-0.89529963290687953,-0.44521011330538068,-0.015050658703757325,0.44545945156483308,-0.89461856987936428,-0.034978442483322408,0.002108157575947932,-0.038020644886838116,0.99927473010880452,-6.2609443978742991,-7.894658313951683,-1.1366160371764702,,0.08826940544760507,0.3181818181818182,0,5
-0.97828098020869925,-0.20699332348881955,-0.010958457599499304,0.20523837387800001,-0.9598682725480967,-0.19112851499304925,0.029043650766070957,-0.18922648701116551,0.98150384765603049,3.9746075048765901,11.40854818412369,-2.9313072041724428,,0.3305110557145607,0.125,0,2
0.96937069788770558,-0.24198937635731296,0.04197132124320728,0.23304561988662081,0.96022297363428255,0.15382321007115901,-0.07752540956591196,-0.13933047992142286,0.98720657829883951,-23.561225181146867,18.102070773542252,-4.4850100357248319,0.6019513371949408,0.5927867312432544,0.972972972972973,1,5
0.6794477790357959,0.69202809147643973,0.24381926948213095,-0.73284091721233369,0.62376768024934137,0.27176841452924677,0.035984797105294744,-0.36333318274530219,0.93096406627402051,-0.72976737547065917,-14.558680450656691,-0.56382125120757953,,0.3370511342288897,0.1666666666666667,0,2
-0.70308877305175455,0.70668024807110708,0.079178306339149629,-0.70751388945290916,-0.70636259809311586,0.021816879849322221,0.071346152242390895,-0.040680548193228173,0.99662170333527422,-22.239628180422351,8.4779338895420739,-3.6075682220526368,,0.07178045401033994,0.2173913043478261,0,2
-0.1077631865436935,-0.99414934693219859,-0.007360137242693192,0.99200256915662488,-0.10801391593152246,0.065298520287933343,-0.065711478545264615,-0.00026449843128130586,0.99783863005396545,-4.2804746062012402,-13.663486842505103,-0.64518296190862745,,0.06870160105373538,0.3888888888888889,0,2
-0.78943476803629042,-0.61315688725528084,-0.028833637073776432,0.61351889409823979,-0.78665195195096727,-0.06908887809340529,0.019680284549779943,-0.072231143581888355,0.99719373659128629,-1.0261611984681862,-12.301856984844012,-0.78236504257078388,,0.6250018127358683,0.6170212765957447,0,2
0.32448006126009005,-0.93980793864170542,-0.10711549052623968,0.94146992112900485,0.30994746498632836,0.13254039594740394,-0.09136234155271003,-0.14385272821388381,0.98537267829559227,-14.43627524950557,6.0488321363035018,-3.0737222009978993,0.4857513847533637,0.2220593026100709,0.3620689655172414,1,5
-0.8265174795709489,-0.56159389872583054,-0.038485697052414024,0.56290501641871182,-0.82425798122400107,-0.06112874020611099,0.0026073845781270297,-0.072187764215676742,0.99738765194041079,-10.641378950407807,13.651850590791765,-3.6380592754272301,,0.1786653335904318,0.4814814814814815,0,8
0.97102177048849869,0.23236495874853003,0.055886019568197193,-0.23799949783869273,0.9189039075081088,0.31459791447951585,0.021747649664115219,-0.3187822685033227,0.94757844267478131,-7.6704601002188966,4.3688416978690316,-2.4045594510561332,0.7319539598960447,0.4373815155472356,0.2823529411764706,1,3
0.84682114793834029,0.52632599541818759,0.076647830702801609,-0.53183893398527515,0.83617980753191468,0.13398013947334309,0.0064258619497674753,-0.15422151608301718,0.98801540082898409,-1.6149661722424022,-21.162099321115335,-0.029604803352827572,,0.1055096663626575,0.3333333333333333,0,2
-0.9999362169812368,-0.010162593681830508,0.0049278452604549728,0.0098794764503419147,-0.99846908191628014,-0.054423234030406178,0.0054733823473341421,-0.054371078221047267,0.99850579764904757,-1.799220420273326,9.7316539456328215,-2.958224530615051,,0.4052198099317599,0.2638888888888889,0,4
-0.96687182311797815,0.23039627536521814,0.10989282942190784,-0.24649326315724082,-0.95457700740900997,-0.16740313062829817,0.066332110464036559,-0.18894521222802771,0.9797447411940996,-5.0796798472628408,-9.8738368353187624,-0.99479323892316895,,0.4560958904146821,0.7482517482517482,0,2
-0.62390744957612765,0.77843831908875916,0.069088911828741523,-0.77773934444219817,-0.62713582665195067,0.04268684851561895,0.076557210437896414,-0.027100522206087916,0.99669682212101274,10.051330346287205,-7.837606281236793,-1.17526531010316,,0.107443001123751,0.1428571428571428,0,2
0.84842509008179645,0.5207452049222715,0.09486463023780517,-0.52918728861749997,0.83054195251222929,0.17366887655199309,0.011648179486630952,-0.19754618869427515,0.98022437393028117,-8.5319065257066811,11.004625039490808,-3.3050700296570512,0.4646739968503882,0.184978439827856,0.578125,1,5
0.60750836363675453,0.77026894610200591,0.19395705396375187,-0.79427014323671252,0.58654192335503852,0.1584408776474826,0.0082781443648272997,-0.25030845534635332,0.96813075021300599,1.2584807046940496,21.1044269958863,-3.9053953338152678,,0.3577180396608962,0.1428571428571428,0,2
0.032307318362958498,-0.97209429577301087,-0.23235515338758528,0.99707457991391168,0.015234231730407725,0.074901270170012579,-0.069271345227961481,-0.23409527613593167,0.96974268876911396,20.015407370771609,3.6599607386288295,-2.1810227481569413,,0.3493016185941706,0.2,0,3
0.20801851044135031,-0.93951203449935616,-0.27211291102158752,0.97608719508883313,0.18144244372759868,0.11971811557893752,-0.063103778788409212,-0.29050951214209458,0.95478905338173303,-10.683197840595367,-12.247278710550368,-0.73209719142616947,,0.4688970531854634,0.4324324324324325,0,2
-0.58994935404791315,0.78302765906561156,0.19704680864372867,-0.79460409407057286,-0.60635887651027309,0.030549084495021514,0.14340185962788035,-0.13855178820725444,0.97991801118248556,-15.868466321939845,8.3072765775916864,-3.3191988479494414,,0.3804669037763128,0.1764705882352941,0,2
0.98872969948903122,0.13969898777144571,0.053830977735537543,-0.14644440765727704,0.97717813529449371,0.15387308851221063,-0.031106539734270071,-0.16002213821221992,0.98662317957148671,-8.6999242408318871,-13.464073078119672,-0.61511657401642705,,0.1306029644078671,0.28125,0,2
0.75514588305489994,0.65068802285949079,0.079748305389167148,-0.65543409104592909,0.74704373639400967,0.11104867495506854,0.012682570718665839,-0.13612770776622357,0.99061011481726846,12.43362386778575,-3.5716638372520255,-1.4897103306688024,,0.1006957411051105,0.2,0,4
0.71828589210212768,0.68384529557353502,0.12814440654587417,-0.69574795851230897,0.70610179773089987,0.131738488936018,-0.00039424992633890825,-0.18378210729865727,0.98296692803158925,13.618323476081017,-5.0102530822266305,-1.4127471543793431,,0.1847268030659642,0.1785714285714286,0,3
0.45088187368134525,-0.87997327435216888,-0.14950776706085178,0.89137509903522583,0.43519660262091958,0.12670576106535589,-0.046432411153642265,-0.1903968316257707,0.98060852418349242,-4.8733650875602645,-11.197676508277098,-0.84353374994975161,0.3193883948505747,0.2137050664660609,0.3333333333333333,1,2
-0.97989588877358458,0.19277830838562121,0.051386486361741798,-0.19489843351621416,-0.98000694645065889,-0.040012317120882171,0.042645606779046281,-0.049223050742863081,0.99787696811681803,-16.78652919036772,12.802994348921183,-3.9368855588021296,,0.0842475362362468,0.15,0,1
0.96105423894536979,0.24941371741999849,0.11902750676996328,-0.27614313478197966,0.88371998729063517,0.37786763975739113,-0.01094161404537621,-0.39601992579386353,0.91817672561239816,19.992940798997743,-2.0387665081007507,-1.7055370032580404,,0.4794563181582673,0.2285714285714286,0,2
-0.35503491338606347,0.93102352917675313,0.084530458393491006,-0.93222559652317916,-0.35936126220940429,0.042601882708010984,0.070040327411810932,-0.063676301262927976,0.99550975946673637,-12.185093134889645,12.225039404718995,-3.6380994772414024,0.1631983346666066,0.1625490044043922,0.6153846153846154,1,5
0.83294024020274504,0.550703167998154,0.054190192911539474,-0.55295530679996663,0.82456778015839161,0.11970131413822148,0.021236405834037696,-0.12966879609782414,0.99132992408470788,3.1066783802914668,16.284947749963084,-3.3414063000030714,,0.1068079475132814,0.4545454545454545,0,5
0.063525701151524783,-0.9970294744139534,-0.043551262243982578,0.99482838117115413,0.059799210713112394,0.082100830778202183,-0.079252617051989868,-0.048541544556449552,0.99567200480001739,-14.66752465150018,11.676740466539677,-3.6915249032785478,0.1845713163933089,0.1781753185830788,0.625,1,5
-0.92494087399053604,0.37784554258795966,0.041438213861533173,-0.37609652458381027,-0.92551993813856881,0.044319840973999887,0.055097947489932006,0.025408464227329734,0.99815761587436991,5.514017865292141,4.088675614535294,-2.082028626320132,0.4664806237712978,0.4016490898592074,0.9830508474576272,1,5
-0.7465542759365269,0.63748185498116283,0.19045628803130685,-0.66197384062576237,-0.74040305550808028,-0.11659309465605966,0.066688435339767357,-0.21312015381956403,0.97474737887714225,9.2806026070481238,3.3797813046019001,-2.0558188970350795,,0.5221647399731679,0.186046511627907,0,1
-0.4882821183740661,-0.85218843389104104,-0.18803043907428577,0.87205868118911989,-0.48463789364999871,-0.068115846916744979,-0.033079139027903409,-0.19723332674988453,0.97979833913940972,-7.3432015268294926,-8.9879395976821268,-1.1439997125072192,,0.2556168954353591,0.3461538461538461,0,4
-0.19600606153972364,0.95269764188083572,0.23226886789749143,-0.97347562716439129,-0.21754992018678301,0.070832446969037052,0.11801197886902455,-0.21222449288765102,0.97006903747207474,-1.9290516633704766,13.6304339582999,-3.2882505323048097,,0.7767579811703592,0.25,0,2
-0.77662318706264211,0.62794197242516825,0.050451011718832713,-0.62657799647114942,-0.77825999015936387,0.041369095413696495,0.065241395255350235,0.00051670488335481669,0.99786937690320909,-2.5443108721790733,-16.877035229213046,-0.32202291027035823,,0.09921273037615135,0.2142857142857143,0,1
0.63351622932822993,-0.74679156688474702,-0.20238464074026233,0.77051129876567115,0.58508500784693662,0.25295824174592246,-0.070494862594232224,-0.31619280387537907,0.94607218811528626,-11.030371759855516,-5.3398887014087402,-1.6580235609803309,,0.2926770340493708,0.1774193548387097,0,1
-0.96746295441061658,-0.25242724048649035,0.017202328431259996,0.25270577027247026,-0.96740128398383829,0.016569532806306454,0.01245895316946628,0.02037753681869444,0.99971472454852051,-18.569286251929586,22.311611831389033,-4.7464259537561562,,0.09429581199987033,0.4,0,1
0.98504176554085388,0.16667726389314774,0.043719673389122866,-0.17132940126520915,0.97446345205911655,0.14514550238686616,-0.018410768649422541,-0.15046484739674179,0.98844391509868335,-14.684556439323995,-13.015541157776925,-0.73708935331050873,,0.1303296878397489,0.4347826086956522,0,1
0.79048580229450816,-0.61232456009601399,-0.013814104170405692,0.60897229691135435,0.78334773088520171,0.12457557590280374,-0.065459437557292763,-0.10688763081025286,0.99211395334127528,1.709706097245123,13.012705077026652,-3.1126805581913159,,0.084865653277115,0.4,0,5
-0.9994935506308994,-0.011362256251526245,0.029724423966029409,0.01245540027990427,-0.99924307046180993,0.036853075013111365,0.029283190589568145,0.037204640395108048,0.99887852588889181,-12.801686925890163,2.8310028941028582,-2.5354887819804941,0.3364766507681063,0.2817289275692448,0.8758278145695364,1,5
0.59301576433643644,0.78424725492502267,0.18245149051471249,-0.80439364686354387,0.56693843275744094,0.17757160343958908,0.035821280463462196,-0.25206557996899315,0.96704693746521653,-4.675726893509883,-5.716559371842612,-1.2541376804370519,0.4812458101129911,0.4187099517039723,0.1923076923076923,1,2
0.12657953427806196,-0.98885714231248578,-0.078352878693329769,0.98963144391281543,0.12048336047380469,0.078188011024540219,-0.067876555017055279,-0.087437474497619919,0.99385484922723644,-8.0359287670398363,12.743624121720671,-3.4690281216339196,,0.08713944287877518,0.2962962962962963,0,5
-0.97295192620190263,0.22680280846953177,0.04387522501753216,-0.22711520811793481,-0.97386540011993095,-0.0022056044053878352,0.042228326293536241,-0.012110677915739521,0.99903458395536371,-26.94258716677232,2.8810017065044535,-3.1823169065624124,0.2890339959831609,0.2491209032056289,0.5434782608695652,1,3
-0.98235886324203114,0.17717721246554424,0.059827244569379975,-0.1809974009645324,-0.9812696696419968,-0.065952833788791632,0.047021321269284953,-0.075617926602275079,0.9960275721697992,-20.970140316809847,8.9984927389930416,-3.5976093606146007,,0.09320434663705722,0.4,0,3
0.74775412558165977,0.63848058324461088,0.18222599291876054,-0.66362561001307341,0.70975150321965808,0.23633419856679994,0.021559624541793068,-0.29764970770531035,0.954431681207492,4.8288284401289818,17.970865863639784,-3.4926051035123455,,0.3886619318513121,0.1666666666666667,0,1
-0.41005663430532657,0.90834586913389004,0.08222735973863296,-0.90928440955040846,-0.414172185219078,0.040783128122060107,0.071101471227776283,-0.058044663994656957,0.99577878957677846,-20.200510691924517,12.668606227607357,-4.0400726920111119,,0.2573434121663612,0.7333333333333333,1,5
0.052087728411507737,-0.99055684291063761,-0.12682274840044166,0.99555806123687074,0.04153284793884672,0.08449360477796182,-0.078428408470494787,-0.13066048945645867,0.98832020177662372,5.696417865058101,-6.7394600594083593,-1.1888465252485827,0.1893094108324921,0.2330898334235193,0.1014492753623188,1,5
0.81871862077694946,0.55854835592338714,0.13312983921109064,-0.57409230485585427,0.79188310940217488,0.20818061040557168,0.010855666648469172,-0.24687015846153751,0.96898776017181598,5.9414984517625165,-4.7805305961972806,-1.3129646832538973,,0.2342025852507214,0.3821656050955414,0,5
-0.75051456223801172,0.65489531661680034,0.088543865637694896,-0.65751444745332133,-0.75344173552613469,-0.00055005228817519441,0.066352417128837451,-0.058631693142417909,0.99607212655530819,-3.757812093531264,10.998623625536091,-3.1108089521847222,0.4230896925139994,0.4103300126678054,0.7546468401486989,1,5
0.45843419057379731,0.87845892415882498,0.13471455555606354,-0.88785479401595002,0.44597230601079235,0.11323677412533412,0.03939489377880017,-0.17151857286351446,0.98439292028489356,-4.9469134223515043,-13.08480329820609,-0.67818076241841896,,0.09228395306579226,0.2765957446808511,0,4
0.73513842772617943,-0.67760195453230354,0.020665993667944294,0.67461374540264096,0.73422205330858747,0.076251366867378698,-0.066841503529635818,-0.042113746560057695,0.99687443831034894,1.6137317760830698,4.9139411081094604,-2.1478772105453205,0.2700167920836448,0.2256565011551178,0.8831521739130435,1,5
0.42813376588351493,-0.903079566998785,-0.033893571362243129,0.90071522251986769,0.4233587508927143,0.097362497726521696,-0.073576942253575028,-0.072212628479016674,0.99467168948189444,-18.228698374180155,12.372276906727292,-3.9682273336526381,,0.07408247936407308,0.1428571428571428,0,3
0.7777286281994531,0.62678986948289572,0.047672218247229781,-0.62819752690433273,0.77227809370231937,0.094627761142237213,0.022495512225269958,-0.10354228846769097,0.99437062830143796,11.112235209083048,-7.6087971784909358,-1.2044107192553575,,0.1940707380136134,0.4150943396226415,1,5
-0.75082421650713826,-0.65239450392107379,-0.1031717362460178,0.65989638513932736,-0.74761580438973152,-0.074882373805481517,-0.028279971472592369,-0.12430615543999056,0.99184082540155527,-8.9067060724911258,-11.449027937124439,-0.82817425477043616,,0.5210545404850068,0.8061224489795918,0,4
0.21441177975485531,0.9592217278499372,0.18417726657472264,-0.97439319377144518,0.19698605315721837,0.10841770516582949,0.067716265654852545,-0.20270710811938153,0.97689525317898784,13.766457051014571,-8.2953929241815043,-1.1918629399517542,,0.3842570458624341,0.1333333333333333,0,3
-0.23194528809104356,-0.97231454927874883,-0.028386627013877921,0.97025919963961071,-0.23333604661728913,0.064431163761921983,-0.069270981276896293,-0.012597881166153131,0.99751833293582037,-9.9569113546418642,-14.605487316310656,-0.51194540912379538,,0.09358818810203708,0.3,0,2
0.86583318490418992,-0.4962517768505274,-0.063773583021195512,0.4988826054523981,0.84658427283823323,0.18550260095208113,-0.038066282924577095,-0.19242983904700023,0.98057213663689802,-9.7981954060985679,-15.688360853386834,-0.40461964682682205,,0.08807989292855037,0.1428571428571428,0,2
0.65917022921954638,-0.75192509872845692,-0.010161437538573447,0.74874529064433037,0.6550081831158685,0.10170924141485832,-0.069821906652477408,-0.074652032480361744,0.99476227079537127,-16.020463496129477,23.389529865120142,-4.7546264198486536,,0.2122315015306808,0.7894736842105263,0,1
0.032525090484283502,-0.98065909991921463,-0.19300219748651773,0.99683120147121773,0.017803271347372633,0.077528054940005267,-0.0725925220834613,-0.19491221940906481,0.9781306418176432,7.0400258833551206,-11.774126005140452,-0.8623676757644676,,0.158455196876008,0.2,0,6
-0.99177212435386342,0.12341210133078111,0.034022148664438576,-0.12572809104078192,-0.9890385448233785,-0.077428702539138014,0.024093577523169971,-0.08106916860788986,0.99641722657898657,9.3804167840271582,9.9219123822165631,-2.7273995102985555,0.5355198235747886,0.2405965668335403,0.2708333333333333,1,5
-0.34129039661545651,-0.92869373102058073,-0.14508211172000898,0.93809429978657732,-0.34624659245786027,0.0096115513446903538,-0.059160374288840141,-0.13282037183502063,0.98937293218462907,-5.9175371809191866,-16.769420105462419,-0.31764936413630862,,0.2222436351804272,0.25,0,4
0.49460844373442941,0.86789877222978329,0.045980523579455437,-0.86805952691133303,0.4907077480380807,0.07535624561951712,0.042838593873738437,-0.07718566691705625,0.99609599321425379,2.9069608511982232,-9.3290673909710335,-0.9929473526421797,,0.07913639969826039,0.3571428571428572,0,1
-0.99953717147601029,-0.0017289138747023658,0.030371922799689803,-0.0017021481799994399,-0.99364117126272355,-0.11258030672909068,0.030373434598506971,-0.1125798988650135,0.99317834291844742,1.8506239516213858,-9.8748787340320909,-0.9611539150397842,,0.2014882658949134,0.16,0,1
0.33569489651440243,0.8899603490110144,0.30867379811441265,-0.94061032966876545,0.29909638099337571,0.16060374403195399,0.050607748167652698,-0.3442556202371399,0.93751102594078362,-9.7775128894923302,4.5456224486207484,-2.5621907397400618,0.7320482665316377,0.6042038586196901,0.3485254691689008,1,2
-0.96286922001195374,0.25389324927076745,0.091766459713249593,-0.26587083072079354,-0.95078954876129262,-0.15909725119603071,0.046856872765974153,-0.17758787104143595,0.98298880030932367,8.8132719100286305,-11.584206215923752,-0.89944140363991221,,0.3868085498151663,0.2307692307692308,0,1
0.46288847699988561,0.8516795413910242,0.2457157232183205,-0.88578362370961972,0.43395793956834999,0.16452318576251926,0.03349074243104333,-0.29380685060353545,0.95527792014148971,-7.6594241063620405,17.683928828088391,-3.9799907846536784,,0.4945761931518029,0.6176470588235294,0,5
0.97621457688635882,-0.21657778415641613,-0.0099580763445638147,0.21235743217714009,0.94591497742632724,0.24525329045638142,-0.043696920643435284,-0.24153450869481918,0.96940789156878326,-4.16609353343995,4.968516414907751,-2.3161279789222338,,0.4995545299597385,0.1889400921658986,0,1
0.98942041317996188,-0.14183223018991784,-0.030510071487117943,0.14498401700776287,0.95915966951058318,0.2428834354101643,-0.0051846692360841265,-0.24473730174148947,0.96957556298682013,-6.5566179948268069,9.7621573289399617,-3.0830487271957661,0.6307583929960381,0.6829031633667707,0.1923076923076923,1,4
-0.74194458613683456,-0.67042617567985785,0.0068537628732026215,0.67009468319304322,-0.74116226929856721,0.040639957241786956,-0.022166340669067051,0.034745266317575213,0.99915034895148014,-3.3072422587569732,-10.956464145328066,-0.87373989351343806,,0.07161941924158285,0.180327868852459,0,1
-0.88977721299933121,-0.45638377495434207,0.003218879551204062,0.45584045719670291,-0.88902135082412304,-0.04301761687438279,0.022494195025421996,-0.036808799726079353,0.99906912846553408,12.160529491350026,8.5509496121130955,-2.532133790372169,,0.6926082748734507,0.4193548387096774,0,2
0.36626487254672824,-0.93030831230605682,-0.019403277882504653,0.92761416766067029,0.36340137408273759,0.086437244692208468,-0.07336210938578272,-0.04965768187335029,0.99606832874930529,8.1756016469758261,-16.467429991609393,-0.45779074397843156,,0.3270715960391142,0.4,0,3
0.96169573170877443,-0.26734520619575591,-0.060562862690542688,0.27004256450412906,0.88602067900263026,0.37688774155675525,-0.047099182255725791,-0.37880588314315677,0.92427689029152671,17.449316959735185,-2.5097594231221154,-1.639851811961095,,0.2990377244491748,0.2142857142857143,0,1
-0.71579096365715444,-0.69676977124816863,-0.04642394017679366,0.697501839802253,-0.71658274327825011,0.00059624516086339055,-0.033682040010014763,-0.031953996785912972,0.99892164971541775,-11.52376425240204,1.1530761865672108,-2.3586572739254978,,0.08013733733169905,0.2678571428571428,0,4
-0.99948316882301935,0.010913428057103167,0.030237267196926373,-0.0090085601267106755,-0.99800852757286862,0.062432561506628105,0.030858403781455126,0.062127900172771804,0.99759103992376708,10.142353813760455,-4.7475044692770041,-1.3850945761447904,,0.8242184896374385,0.7530864197530864,1,1
0.56761825916815822,-0.82232525398886525,-0.039883436550241139,0.82026359094121237,0.56071520758486149,0.11298715572706962,-0.070548942126275896,-0.096848503525937699,0.9927956557769827,-6.6557334677253746,12.222076086923902,-3.3716867645986119,,0.07236416540996066,0.5333333333333333,0,4
0.99343475425483718,-0.11408103711655898,-0.0085385015687287191,0.11364916344027132,0.97562282348540286,0.18773378476900501,-0.013086507859447302,-0.18747165989764666,0.982182834327328,4.3978761287346444,7.8377964721953663,-2.4128591916720028,,0.5842135320216821,0.21875,0,2
0.65756488079288722,0.75075359452673862,0.063067169375332022,-0.75279125284661996,0.65137058461744735,0.094982583312631083,0.030228416853215635,-0.10993362452091696,0.99347915982885193,4.6048220373443938,-8.5950514423067315,-1.0720849602566696,,0.2840806797359869,0.5543478260869565,0,1
-0.74061917759290186,0.64095369835978266,0.20164719274150164,-0.66263782484068079,-0.74644025679226511,-0.061139644505890094,0.11132990106895335,-0.17890025041573301,0.97754813361243897,-9.8414199702486158,-8.7650587039275489,-1.3016196697730753,,0.2548264513820847,0.1944444444444444,0,2
-0.9778832184294397,0.20442653462898114,0.044206368926510163,-0.20554223952242107,-0.97839369219653372,-0.02231974108592406,0.03868848518859884,-0.030912376317924463,0.99877306036165736,4.5828236926198676,-10.466790528224116,-0.93700337611103079,,0.2188613434852617,0.2916666666666667,0,2
0.77895269482361507,0.62288223551056643,0.072459781343776064,-0.62681957037922043,0.77006330449473259,0.11874229768815618,0.018163849169105902,-0.1379138417854151,0.99027766148053131,5.196804457478243,-25.040643294482962,0.17193774292663502,,0.1678818754835691,0.5882352941176471,0,1
-0.21811899107668573,-0.97579878864195979,0.015518692489174103,0.97448269408539256,-0.21690636856259946,0.057750378397570107,-0.052986646051297243,0.027719151535907916,0.99821043071006077,-2.1582494450801453,19.588386510354933,-3.9163841598108493,0.3946312295840199,0.4227443121887114,0.918918918918919,1,4
-0.51325047393355916,0.83492358854141857,0.19868707130584698,-0.85706119199913988,-0.51074586568280866,-0.067710958174658484,0.044945124051323025,-0.20503965954184636,0.97772116364481598,-5.003560923684204,14.710286036835429,-3.4488678626927625,,0.3433833894710685,0.625,0,3
-0.72741092231661875,-0.6640573974519095,-0.17291941181915524,0.68579438347909716,-0.71220378500249859,-0.14983935469908999,-0.023651927680656892,-0.22758194462107767,0.97347164560632038,15.184195720565443,6.4609608256169189,-2.4317555067457373,,0.221703640073552,0.3571428571428572,0,1
-0.60062060846786081,-0.79615043568809307,-0.073480394918342004,0.79876710104129933,-0.60152970271987116,-0.011538415828086021,-0.035014325322287938,-0.065623932367714105,0.99722991156644614,-13.797549213031949,14.265761682428927,-3.8384342865219314,,0.723877293481508,0.6923076923076923,0,1
0.84129492627157321,-0.54042213287030516,0.012913765276604344,0.53713328569114904,0.83838981094013676,0.09268418589162683,-0.060915354651678418,-0.071038322162570194,0.99561181007056554,7.5550695493016775,10.209201893816811,-2.7777735743612442,,0.08300210011438916,0.2916666666666667,1,4
0.49232316966795253,0.86577613221903249,0.089719482209560414,-0.86922952694631617,0.48366301971629944,0.10251884140777702,0.0453643703007428,-0.12845922403144761,0.99067668876806336,-1.7322533155217876,-14.105663262179494,-0.61480586176399843,,0.08161845206642375,0.375,0,3
0.18168114722698037,-0.98238695742757076,-0.043678674642064576,0.98082537770214762,0.17784896019719776,0.079695205704067268,-0.070523323785300157,-0.057320268954137374,0.99586186169031388,-10.878700130551101,16.513124618631583,-3.9876294422588585,,0.09248272085494132,0.4444444444444444,0,4
-0.99633333621577169,0.065344326357147792,0.055226824624273654,-0.0779110061027498,-0.95968053534545317,-0.27007988671339755,0.035351920360950646,-0.2733923720442743,0.96125275169166502,-9.7909610924690416,-17.51289190337063,-0.21991335931110295,,0.3980468584672358,0.24,0,1
-0.7515495239515706,0.65554191684769736,0.073743530589570644,-0.656320018569299,-0.7543014539369558,0.016533294099793726,0.066463119648142999,-0.035973766055861382,0.99714018166073071,25.468852664171486,2.5140499898155673,-2.1931531816169785,,0.6433912583866481,0.5555555555555556,0,1
0.021871867555418444,0.99546690923077663,0.09255946216439799,-0.99694502017049014,0.014773010864982511,0.076696707277720003,0.074981652201717944,-0.093954195097970414,0.99274889123916588,12.965287469449059,-16.696077215023148,-0.52183321983848552,,0.3997590092327101,0.5909090909090909,0,3
-0.8384005036382236,0.53878049702149278,0.082463152549772128,-0.54104739599087248,-0.84096874605082639,-0.0062676516493750572,0.065972045524371942,-0.049871276251717223,0.99657440515716422,18.311833626272303,-12.673410624249092,-0.88518638701890939,,0.1354041159948504,0.4375,0,3
0.76283228362388145,-0.64658532692054504,-0.0037844513772053489,0.64331640750229058,0.75836087873231806,0.10503702893120181,-0.065045421818306678,-0.082560236309007204,0.99446111059260633,-12.425598323853206,13.050180921836359,-3.7125432728709988,,0.0798563014274742,0.375,0,3
0.99654807371291521,0.061401218458379619,0.055873313405455115,-0.076437862283398175,0.94124201854781875,0.32896917139691395,-0.032391202333691416,-0.33210443070193185,0.9426862983620391,5.2560286715662263,-12.219642091442628,-0.82121838944238545,,0.4742004039991902,0.1538461538461539,0,2
0.75990813996626017,-0.64785466395270286,-0.053140880758118854,0.64742999861531114,0.74702942333800881,0.15093520980957337,-0.058086278121400457,-0.14910189489745537,0.98711428377467569,15.932973009928077,-15.347976763473405,-0.66045829418068136,,0.7519730354724412,0.717948717948718,0,2
-0.076763057053067393,-0.98945312785131723,-0.12284112038365756,0.99702759212462877,-0.076990743347849555,-0.0028993069707047175,-0.0065889008212555479,-0.12269854613641637,0.9924221144059503,-2.8086277036552643,-9.7927141114840452,-0.96296095960481765,0.7474868339888082,0.5712336724946638,0.2952380952380952,1,2
0.97486725403234908,0.20629893170706254,0.084110568848108358,-0.22133390039308812,0.93987777138087514,0.26007898684996233,-0.025399636851935341,-0.27215900800937121,0.961917009313769,-4.4501463729014272,-3.1509731412819342,-1.5779615968046521,,0.2547393935987303,0.296969696969697,0,2
-0.48037239191782116,0.87376731882348546,0.07598050828447811,-0.87404191465173031,-0.4841032187519872,0.041168009739391491,0.07275367011421513,-0.046634173628169268,0.99625908143159692,22.302763703429498,-10.09694686289115,-1.1626297867733073,,0.1912651080451133,0.1764705882352941,0,1
-0.71504858638152724,0.69278503570059868,0.093565022434137501,-0.69576115097489055,-0.7182723398510964,0.0011254327736478051,0.067984850576258443,-0.064294168585902589,0.99561253506470693,17.848329440874657,-16.148006001367015,-0.63593008961052944,,0.3151776692416106,0.5833333333333334,0,1
-0.99486253805912239,-0.10119586716971353,-0.0028154634309339706,0.098454997814653819,-0.96069546141724804,-0.2595589409317608,0.023561489169357467,-0.25850266319724907,0.96572316392848923,11.734262178329429,11.205177451169881,-2.852862006965887,,0.413016921894189,0.6,0,1
0.96995196543604478,0.19552261307630772,0.14478982188871886,-0.22334726790677217,0.95158213379646339,0.21120473611628843,-0.096484105765328246,-0.23719686004494855,0.96665840239429057,12.812107969950457,-12.737834384774617,-0.81655089383277202,,0.2140207922348608,0.1923076923076923,0,2
