axis_00,axis_01,axis_02,axis_10,axis_11,axis_12,axis_20,axis_21,axis_22,location_x,location_y,location_z,dbh,dbh_approximation,score,reconstructed,number_clusters
0.16002496553735851,-0.98003498826202018,-0.11799759398831403,0.96899588231108802,0.13316442267504477,0.20812067796780789,-0.18825246470876594,-0.14764368701670194,0.97095950029606848,14.275016071554656,0.60543299740656964,-0.68249382195200836,,0.4548128299210566,0.6904761904761905,0,5
-0.59973473316252945,-0.7896797625368468,-0.12932177882406201,0.7805781127393927,-0.61290752994283815,0.12264652319400614,-0.1761137693386825,-0.02739037018951818,0.98398867263307632,-2.7996975584027899,3.6988927071910878,-2.4772987396740112,,0.4815691337911587,0.5675105485232067,0,3
0.74976441665973548,-0.64167759297487104,-0.16156480490770062,0.65978139768893695,0.70635510823332182,0.25641951629376036,-0.050416532749886493,-0.2988516818535058,0.95296686483781345,2.3009374247486991,14.728568551438739,-4.6453150034384185,,0.325351143655001,0.475,0,5
0.87303084097046624,-0.48184262494360203,-0.075132120307233777,0.48300754299891946,0.83312722903793024,0.26944894440640882,-0.067237371457756615,-0.27152661936362765,0.96007938778853708,-6.5063537246181005,19.419019644738938,-6.4530241320574371,0.1992651285812668,0.1693092306096104,0.6666666666666666,1,5
0.99796009492495552,-0.015232275423887442,-0.061996989626813048,0.039496987562770612,0.9102674365302077,0.41213248108611011,0.050156125357155232,-0.4137404642745709,0.90901220635975077,4.6740846847964423,7.6925721778213099,-2.8639724923899084,,0.6554055687412028,0.3872832369942196,0,4
-0.56383986139089526,0.82587753001176611,-0.0033039564706384681,-0.81891426308998427,-0.55855834081621503,0.13187876861885109,0.10707025924356119,0.077064163696889287,0.99126034635670501,10.639116496942163,9.8627179897484645,-2.9412380024343836,,0.1470953754945239,0.2142857142857143,0,5
-0.30752879842519065,-0.94977216150096888,-0.057955839886393953,0.93155505650414572,-0.31292832531518872,0.18515139728608754,-0.19398766672321638,0.0029503310340206687,0.98099953145048591,2.8912934813270037,4.6731760329527949,-2.3029024142373689,0.2360155014560024,0.2446103982552681,0.8348623853211009,1,7
0.8491485164447149,-0.52499050934888092,-0.057721418150833516,0.52331866987535514,0.82157956953439704,0.22615167627847693,-0.071304745842264095,-0.22224305617336737,0.97238040766106171,-8.3209816670967029,5.4372738640369738,-3.4160576478792719,,0.09775195802396226,0.3928571428571428,0,5
-0.16260532539627057,-0.9756032457476137,-0.14750530512322502,0.96546084213399408,-0.18816333114875705,0.1802218719160455,-0.20358013277010442,-0.11310555997706694,0.97250309091723819,8.0139827141335811,8.6990176421137289,-2.866436293757983,,0.3043684065831214,0.2916666666666667,1,4
0.080716475575492705,-0.96359108523668446,-0.25490600428993476,0.9864158287338417,0.040516018951516589,0.15919254075379599,-0.143068736605869,-0.26429277829844255,0.95377180915840198,0.91971179635751454,-10.056008360511701,0.76082026046493112,,0.5381754441353583,0.2162162162162162,0,2
0.10666441962373821,-0.98269586584018509,-0.15143162432906576,0.97460017219693562,0.073168965193254012,0.21166201096618797,-0.19691928788220159,-0.17016209270327104,0.96554008527186952,1.868223354204265,7.9622205266219694,-3.1030731226710855,0.08357497854453944,0.1562292071677641,0.1964285714285714,1,5
-0.2320115835756032,0.96246920886264109,0.14079647395464873,-0.9584612442643401,-0.25089165038408534,0.13566658767287718,0.16589957302534999,-0.10347174377032169,0.98069920460411042,-29.677411566678273,12.031345477196082,-7.3342900569725238,,0.1737702775616219,0.2222222222222222,0,2
-0.99408257670511613,0.072034837218141065,-0.08130690572314675,-0.080460497763226405,-0.99114650288050032,0.10561589902778824,-0.072979031173417114,0.11153291915264323,0.99107742833457746,-20.857634123523869,9.4512428880841011,-5.4910357764492739,0.427702541259611,0.2383703334372713,0.5588235294117647,1,5
-0.88085572043258187,-0.46106900992973437,-0.10727799337987806,0.4510235190961524,-0.88623999083448168,0.10562416327631594,-0.14377407625619226,0.044654750342081578,0.98860253300735901,1.4319529841561331,12.296757061954271,-4.0725986415015383,,0.1991065023055911,0.2380952380952381,0,5
0.30734692376161837,-0.94619472780255198,-0.10125910098813377,0.936407323559734,0.28178665847094997,0.2091353712107841,-0.16934932192945484,-0.15909687673374176,0.9726299352660307,-2.9578718196264906,18.797431235052041,-5.9650982713469176,0.7843756820975152,0.736857995830262,0.9526315789473684,1,5
-0.47386179157797909,-0.87307082968611782,-0.11490138743158174,0.86404278142201019,-0.48616047271818974,0.13068307709471608,-0.16995609537473225,-0.037353997344606565,0.98474342065705367,-8.0677009052342683,22.395750995165354,-7.2835735161038775,,0.1817932984455618,0.55,0,4
0.40079972416687215,-0.90547907734610489,-0.13952498556246043,0.89186958655729276,0.3507798246226318,0.28552084899677305,-0.20959060494659959,-0.23887476870980176,0.9481617073010048,-18.209941813189065,15.535949007271691,-6.8400700205773237,0.729135014312104,0.5022413740011507,0.7261146496815286,1,5
0.7749498727069325,-0.62955533284470289,-0.055792272568022522,0.62328132844375927,0.74661723704683958,0.23255770672658016,-0.10475247207055183,-0.21499484698787286,0.97098101699454942,-5.0048219443243829,16.662590231926139,-5.713980116430621,0.2038785194205352,0.1583433304414843,0.746031746031746,1,5
-0.94030798946873084,0.34017582138991154,-0.010064565712012379,-0.3392750661895233,-0.93467707550450885,0.10616587958676781,0.026707946446084485,0.10324328098252493,0.99429749598829587,7.9649800279333469,12.64723976482092,-3.678447948282626,,0.1407468470035648,0.4642857142857143,0,5
0.55063407833525402,-0.82944049815055154,-0.093971122179366762,0.81919051802630416,0.51530556546633954,0.25176788789520099,-0.1604026401019627,-0.21561223116321626,0.96321459645353136,-4.8960387371038951,-14.949419732626575,1.314048777798513,0.2798843467272135,0.3146347055712043,0.2666666666666667,1,5
-0.99222836643796475,-0.11053766712610405,-0.057133991477646445,0.10660546005047652,-0.9919857459498056,0.067820024475336499,-0.064172772444981915,0.061202156650951516,0.99606031509040549,16.638311946757256,0.93792442193803938,-0.60408898098755581,,0.09565816627372434,0.2608695652173913,0,2
0.72237536265400126,-0.68232100017628361,-0.11230266314267012,0.68246714355743354,0.67730755232429929,0.27476003626623707,-0.11141110086098864,-0.27512275856952029,0.95493195271811915,-27.438951006364867,18.915734887521293,-8.6639560893542527,,0.1661285032478106,0.5,0,3
0.7599336520427018,0.64980689109126522,-0.015869744274783333,-0.62978817661328923,0.74212438161607941,0.22938669274624632,0.16083437782747445,-0.1643240898385171,0.9732059886825567,-0.98982176306420111,6.624466130132892,-3.006235389775723,0.1403353960275153,0.1201663892563661,0.6107382550335571,1,5
0.62496682123120484,0.78015777513207551,0.027754607926143121,-0.7617500875651978,0.60167335298813207,0.24026231581010174,0.17074330573869551,-0.17129805079156432,0.97031113635804156,-10.205148317105612,18.631126247112689,-6.6355278380020764,,0.08140968804061405,0.3157894736842105,0,1
0.61888334617015894,-0.78117797547550838,-0.082124140575183732,0.7757103216310971,0.59139275291755755,0.22029096375378612,-0.1235188275049849,-0.2000389522782457,0.9719709444336363,-11.553825346905748,11.918328425164519,-5.1631400066131272,,0.1454493317567261,0.3235294117647059,0,5
0.67467898801218584,-0.73289971264408937,-0.087557263211361439,0.72803098470233951,0.64122865360897396,0.24248030663161957,-0.12156952104945688,-0.2273407684447151,0.96619719858565722,-4.5164521352831448,9.786878346770564,-4.0291024088952581,,0.08848500001340054,0.3888888888888889,0,5
0.92747404880023232,-0.34463555033761695,-0.14497664034454513,0.37128264265682653,0.80326285230072536,0.4657445537797148,-0.044057780968484062,-0.48579329715136083,0.87296264775701704,-29.510718223243099,16.791154118251555,-8.3646023413431951,,0.2857048148509377,0.1,0,1
-0.80801444292514979,-0.56922831450264855,-0.15195981703343048,0.570397343776613,-0.82038781726568943,0.040133520835106053,-0.14751111902817393,-0.054249011516445705,0.9875715237452648,-5.9575448117482921,-3.4165028112645053,-1.092288927379597,,0.3247731590709836,0.2142857142857143,0,3
0.94167384047484304,-0.33035667543887076,-0.064147058844006372,0.33473994691913739,0.89988186663795811,0.27957430860641863,-0.034634464077457891,-0.28474039595596679,0.95797878933142677,-12.74140918199309,11.030496002183574,-5.1001147369840263,,0.09093759777154391,0.3,0,4
-0.53592208414297471,-0.84085817242030481,-0.075796131839535957,0.82466214901717494,-0.54059822621369069,0.16639079840239718,-0.18088631707850719,0.026666302492045386,0.98314243556321868,1.1561135634955566,3.2963670286582656,-2.073695829856768,0.190025122490664,0.1282588157585493,0.4268292682926829,1,5
0.61491531114445563,-0.75256539890436569,-0.23563633101037543,0.77963246410909093,0.53523718471134041,0.32510671634013677,-0.11854273924330062,-0.38362283101269168,0.91584995632390753,-21.065451393746834,12.012752818569497,-6.2259273361209981,,0.6391502387050871,0.4864864864864865,0,4
0.71669006648027134,-0.6904334083303616,-0.098270327514586961,0.68830490474382744,0.6776208063257978,0.258971814952836,-0.11221277429105159,-0.25324247569413705,0.96087280208683701,15.683811361340068,4.1388214944946435,-1.3898075748612813,,0.5157535409776565,0.7529411764705882,1,5
0.84629968539982714,0.53210226967269447,0.025377492021906384,-0.51855128172170895,0.81196612362691767,0.26798429488880698,0.1219893877225704,-0.23995455547133371,0.96308898892658301,13.870503974821672,14.391476498145554,-3.6865377510331307,0.5687878406661248,0.5093150883915707,0.4081632653061225,1,5
0.16723382706653528,0.98499259074561674,0.04269008387105646,-0.9661025358935813,0.15508172568340861,0.20638689032747914,0.19666910592330231,-0.075757867811162935,0.97753875024984815,-24.398807899097942,15.396693309329057,-7.3741972266314848,,0.06890347745260336,0.2307692307692308,0,1
0.28529606701094845,-0.94982974791823449,-0.12817801729496725,0.94191490492143681,0.25313192225728715,0.22072730193877818,-0.17720740965017873,-0.18370541609847874,0.96687633855688082,-25.089103915870272,11.24663828369413,-6.4898979644084864,0.2551563667707812,0.2609650495006111,0.6041666666666666,1,5
-0.99975736828410144,-0.0071020197254258836,-0.020851040201112538,0.0047910888966044918,-0.99404574563530645,0.10885816942946253,-0.021500000670548476,0.10873185779783404,0.99383858501821054,-0.58488064568765297,-16.221054876753392,1.9703854570129096,0.7449532824217399,0.7538011285332308,0.7063492063492064,1,5
-0.32502659837356501,-0.93448152794861539,-0.14526522045049317,0.92032753078152274,-0.34789633382424828,0.17878863777441889,-0.21761191703418831,-0.075580518881973091,0.97310463914742351,-1.9341904684459363,2.5720288765472881,-2.1545564983160701,,0.1308685145004974,0.1507936507936508,0,5
-0.49728401265622474,0.8612022410907394,0.10506812407581204,-0.85499027046978593,-0.50701894223115462,0.10919445783006644,0.14731004092907152,-0.03553156567177531,0.9884519511247809,-2.7346633291096758,16.468672656420758,-5.4682533674173435,0.4069158845723203,0.3094759193912214,0.6989247311827957,1,5
0.9389957105925214,-0.34161256707964865,-0.039848582184300103,0.33546556481148321,0.88417588518451229,0.32510899539061838,-0.075828163069923432,-0.31864377927622745,0.94483661635967753,1.9569390012742429,22.059467007826552,-6.3024836576048902,,0.4942852684987957,0.6818181818181818,0,4
-0.86541445490635627,-0.49809799850983999,-0.054370995205408307,0.48554516277842041,-0.86046242516209048,0.15443545508286696,-0.12370818946865431,0.10725110146131962,0.98650569440511715,-3.5921562801327358,1.6605272356455023,-2.0628118075037962,0.4901860305556842,0.423230867831151,0.9781795511221946,1,5
0.91303748867482504,0.40738027650341391,-0.02009613371696338,-0.39372873588274565,0.89316267323748533,0.21734332673317489,0.10649050105311365,-0.19053017989617946,0.9758883254420998,2.6553266492266632,5.7075517292896771,-2.5408451350523982,,0.06939360291787006,0.2923076923076923,0,5
-0.45894531347858403,0.88581672376813603,0.068541455548684418,-0.86825450354012346,-0.46352990997765736,0.17684495932426558,0.18842323720374926,0.021650737834842053,0.98184923956423631,9.760583675181655,3.4405264513140414,-1.5315564885070372,,0.1303947534886163,0.1666666666666667,0,4
0.79641618806882852,-0.60079325088193536,-0.069055956127135401,0.59828841468542393,0.76610786668542552,0.23479716662666272,-0.088160241805018094,-0.22831164293005826,0.96958834845900388,15.059535566560518,9.5036490959963711,-2.5183774737162938,,0.09830682025936446,0.3125,0,5
0.57060975131002079,-0.81429394730374349,-0.10644190478567929,0.8111164212638976,0.53856391459786612,0.22812071595773301,-0.12843154934034973,-0.21650468188357874,0.96779701376710547,-6.6209478673006608,9.9334358573795249,-4.3018041531543423,,0.1468974851657444,0.2444444444444444,0,5
0.88478091764621813,-0.46426804216271611,-0.040223286731868022,0.46168520073755276,0.86157513742470071,0.21103331014684162,-0.063320637939309088,-0.20528874201476824,0.97665092495371764,-28.74285307816999,20.447217016440856,-9.1218228032788318,,0.1126029226711121,0.5,0,1
-0.34564046803801002,-0.92515484549971228,-0.15691137212728837,0.91833042402143161,-0.36786839350697464,0.14608927878258141,-0.19287793852870422,-0.093602120205690573,0.9767480452613746,7.262240583601594,13.211978391907122,-3.9248844711410849,,0.06694875110892234,0.3333333333333333,0,1
-0.95771634023621155,0.28754392091139636,-0.0098947052234164366,-0.28569096662222188,-0.94634810561441374,0.15101633881958434,0.034059994642073974,0.14745764322988378,0.9884817450100285,-22.921603743651328,10.205300911255833,-5.9777681027359648,,0.1010612124496584,0.3809523809523809,0,3
0.72830769732751521,0.68494033655480058,-0.020606634215475296,-0.66637498906735082,0.71493555180245327,0.2116873418851748,0.15972561459885481,-0.14044177487172177,0.97712017475431345,-1.3798127844383199,11.865507726617532,-4.2114018322646212,0.1992027179735029,0.1300132566499881,0.5617977528089888,1,5
-0.77520954073200354,-0.61205253753366673,-0.15633892431725571,0.61400680526561158,-0.78822198354685324,0.041252245284128831,-0.14847831843604092,-0.064014029337826919,0.98684162508598217,-11.961636442492457,14.462312957591807,-5.768493167169817,,0.09592227697971298,0.3478260869565217,0,5
-0.47093367867585778,-0.86240792058288773,-0.18567188479875868,0.86238473143116789,-0.49438411450958158,0.10898129341758263,-0.18577956099425036,-0.10879763709050107,0.97654955270088939,-7.775619118569626,-12.120219532625297,0.56459479344630181,,0.5763822140622061,0.475,0,1
-0.70962787767352276,0.69959768497188146,0.083614319410946492,-0.69481855252836355,-0.71453694887859154,0.08163410898431353,0.11685655433462577,-0.00016694087945062514,0.99314878937638607,-17.01945413047028,19.595100911694281,-7.5030877252476849,,0.2937137818295242,0.5882352941176471,0,4
-0.95833895695303317,-0.27987784420964146,-0.05705116919693095,0.2767776295720718,-0.95926458882252696,0.056617951213497268,-0.07057327649073869,0.038468700936118962,0.9967645517842465,18.107382388890457,6.9264129871926343,-1.8246081010156634,,0.1216004359695725,0.2631578947368421,0,5
-0.84781462152351528,0.53024556659508826,0.0070715371167375468,-0.52448604246144426,-0.84042454658355159,0.13638538324528993,0.07826083818916986,0.11192059956096816,0.99063061763698912,-14.565127389883886,14.73248338565255,-6.1765630177527093,,0.07060073721039604,0.1666666666666667,0,3
-0.31865549285146738,-0.94518876923146045,-0.071252139577037535,0.92697371091963154,-0.32644590334818019,0.18480479282496434,-0.19793538374801969,-0.0071597978957376957,0.98018892115480294,3.7098568189867378,7.2130545150567604,-2.8267842238849887,,0.07917520367290233,0.4406779661016949,0,5
-0.36446259190491825,0.93067396783413725,0.031827420533436332,-0.91581706766385029,-0.36441578608447484,0.16876087647325333,0.16865976899526278,0.032358931507351814,0.98514302610035609,14.779797648529939,1.9970884169630176,-0.98506411851096332,,0.1104674140582541,0.1904761904761905,0,4
-0.97673526695764135,-0.20514949999759952,-0.062465197765801735,0.204748072974196,-0.97873061465332201,0.012830064445854581,-0.063768682709768487,-0.00025805244889440541,0.99796467297915681,-8.2834902033824971,18.164324790231422,-6.3367081478429572,,0.3081954635045809,0.4736842105263158,0,4
-0.8034381413599132,-0.59353913114765788,-0.046887661539157154,0.58362645938164504,-0.80069635842993758,0.13514990753485934,-0.11775953854262534,0.081219710621988378,0.98971513562676561,-15.673532822867514,11.690679892030788,-5.4641963870454715,,0.1113171404740333,0.3962264150943396,0,6
-0.506943511701612,0.85914201283754565,0.06988045306870623,-0.8489361198967339,-0.51167895651332551,0.1322577400234563,0.14938453828397116,0.0077231624924365043,0.98874901389725778,-1.0945279083126673,16.072048686575815,-5.2113370374462118,0.240568191073009,0.217641662018132,0.3207547169811321,1,5
0.63233851797347973,-0.75833087097306962,-0.15837388931363897,0.76338202239779496,0.57514122431497139,0.29404159565158178,-0.13189346673340518,-0.30683360673612864,0.94258010333888498,2.0433426290942722,4.5366822676001775,-2.3633260499794129,,0.07159949020708233,0.3448275862068966,0,4
-0.55415733262200906,0.82213525061784232,0.13039662722938147,-0.82845334307540552,-0.55997214169536302,0.0098111605986850869,0.081084579597140508,-0.10259059516664504,0.99141336521902346,6.6461196555472757,5.8400416580058288,-2.3066121645323667,,0.246133819933648,0.2,0,2
0.98980376036658457,-0.13736062694386159,-0.037690504503888653,0.14219103039564218,0.93730117403673174,0.31819525455982106,-0.0083801455353670964,-0.32031011116565311,0.94727567573851112,-3.1409805643607562,10.490600983165031,-4.0636091336558655,,0.1856357551417848,0.2727272727272727,0,5
-0.092728317130130869,0.99569139420239061,-0.00032667034333458758,-0.97721262005981957,-0.090944472495921261,0.19179311280194924,0.19093704302213463,0.018103878969379969,0.98143532398636713,7.2445494552466059,7.4785551884184143,-2.6626697973062279,,0.06830832492294839,0.2692307692307692,0,5
-0.87701235501664887,0.46347473486575735,0.12665109272827563,-0.47586095155377373,-0.87429826893627216,-0.095702098834738819,0.066375326247691699,-0.14420023258009287,0.98731991218113235,-8.4106908942712248,0.78871686109727035,-2.3244889969879123,,0.2455147301507145,0.3412698412698413,0,1
0.82408280481279184,0.5495140225236339,0.13755678777064731,-0.54760054299377103,0.71063614768093197,0.44173511397910603,0.14498681362389804,-0.43935248338788513,0.88653720689889204,18.812300578712588,3.9943943328293359,-1.22608179281364,,0.4132923089783853,0.25,0,4
0.3070650446495693,-0.95009849337647001,-0.054990101273967598,0.93500494197156969,0.29040615174232831,0.203543669808115,-0.17741707032611384,-0.11391716250844276,0.97752036461800895,-9.61609388547528,10.825125081548325,-4.7731219610726905,,0.07436884689433776,0.2745098039215687,0,5
-0.88340120831674873,0.46769731331394798,0.029351801706599859,-0.46352158201355814,-0.8812910532078978,0.09205336790885281,0.068920593092029608,0.067714862878315379,0.99532137985336888,-17.670864630571867,23.363921056105823,-8.5781161750547046,,0.2055073035333773,0.4482758620689655,0,3
-0.99455233667822429,-0.097909035866824284,-0.035769684140520473,0.09354994554226416,-0.98973720746060645,0.10802160828796889,-0.0459788788132455,0.10408689093112963,0.99350483735076378,-23.028572656166492,12.860859282313756,-6.63581380348535,,0.1119693266883412,0.15,0,2
0.81331967394336124,-0.56074912862343573,-0.15515000072420226,0.58094867488950863,0.76813476885044496,0.26919809439740711,-0.031776486917004042,-0.30907829369130529,0.95050558296523568,-13.501618840419161,24.675838529114699,-8.4232677951305472,,0.5928106397049007,0.4871794871794872,0,3
-0.076618136199737688,0.99152293606246011,0.1049377361455732,-0.97852145787464795,-0.094977233115323731,0.18296196782017815,0.19137768334932076,-0.088665621589412949,0.97750344749469353,-14.285507614838441,-2.7181848313083306,-2.0614463741963092,,0.2134604001032065,0.3333333333333333,0,1
-0.95196737021272382,-0.30433448625822912,-0.033743836833008217,0.29421589653380348,-0.93966779321743876,0.17453207331800435,-0.084824125560380534,0.15622086564800086,0.98407312170341699,-8.726493369709047,12.276733217713929,-4.9433109426647439,0.4995858840876975,0.4304835946523367,0.9235294117647059,1,5
0.984264158752853,-0.17426950739016162,-0.029226778620453905,0.1748524355313929,0.93666270950806219,0.30346267382621434,-0.025508657026168991,-0.30379780679097346,0.95239498161514657,5.0170712402219477,12.232716299595173,-3.856102979493405,,0.07544066087784509,0.3043478260869565,0,4
-0.25138949977186009,-0.95223730702590059,-0.17334194677721876,0.94788744946536319,-0.27843298280902745,0.15486916164981848,-0.19573630871788664,-0.12537617473878337,0.97260892051089454,-0.407674383923808,3.0962014431196261,-2.1868511367152617,,0.4638770692921862,0.1363636363636364,0,1
-0.82592487094006917,-0.56107138589735506,-0.055199705523246594,0.55064825193804889,-0.82382008525986417,0.13456214088666518,-0.1209735929870767,0.080742597491367474,0.98936647545292622,-2.6001149311640117,8.4974882555419349,-3.5473621547512635,,0.1340130908347517,0.3636363636363636,0,3
-0.26748814328689896,-0.96086156549086588,-0.072077355413265626,0.93922097459484388,-0.27670766653665707,0.20321621037936449,-0.21520700286477532,-0.01333863719729027,0.97647735594619911,-10.741960909265003,-2.0742397317469421,-1.9219614211024569,0.3484506848641123,0.3876894977319378,0.9635036496350365,1,3
0.49884329341187411,-0.86147875003926144,-0.094919607293676503,0.85827285535722886,0.47579735574753912,0.19231375931169981,-0.12051171882826849,-0.17740135144479741,0.97673214656353735,1.9032490930231594,9.5419578020600202,-3.478747916123746,0.8785168512608078,0.752137400877518,0.3222222222222222,1,4
-0.12576277911423137,-0.98676547953978222,-0.10236020602796883,0.97228262647940467,-0.14309762580860877,0.18490420150512935,-0.19710458552701196,-0.076268983712663663,0.97741128727248783,0.091013372219777219,10.265086717433741,-3.7336589195931338,,0.09283432466711575,0.2708333333333333,0,5
0.15135753991612833,-0.96728113232274837,-0.20361263753254391,0.96453423955335849,0.09945997255209485,0.24450238156132659,-0.21625123315200223,-0.23339863948266273,0.94802978816484451,-11.488829181118758,7.5895968300842789,-4.2046117155700795,,0.2214565661928632,0.25,0,5
-0.46506728695418548,0.87551122208520971,0.1311202448439438,-0.87107579769521193,-0.47898198371754602,0.10864259727958737,0.15792204809564542,-0.063689553906956006,0.98539548783643682,-8.6869747223115876,-4.5239670889434347,-1.1305183440761417,,0.6670829346774823,0.4638297872340426,0,2
-0.81845070489301541,-0.56848684859057708,-0.083433486321018172,0.557787603616126,-0.82096022300646576,0.12205450214290597,-0.13788195281582249,0.053357428917887958,0.98901039017139092,-14.031045164369315,-5.8035934197571528,-1.2660209504799917,0.7463077125814824,0.5426267563377249,0.8173913043478261,1,2
0.94419098762803055,0.32875874169704605,-0.020519957109585978,-0.3169110054791035,0.92362228485372933,0.21561375078551986,0.089837595071484352,-0.1970775600603771,0.97626310072255651,3.9346550069742645,5.1975951523199626,-2.3073842985369741,0.2883713300396376,0.2895435010602688,0.9148936170212766,1,5
0.78787045435094771,-0.60876781526126378,-0.093069298175388449,0.60684289004259018,0.74170236679014112,0.28569092723196515,-0.10488972287878512,-0.2815658825211802,0.95379180109418049,-11.655213511891219,15.443771777473032,-6.005522179192373,,0.08166214708968654,0.1612903225806452,0,3
0.75943059238559429,0.65048269105383894,-0.011723650806029383,-0.63258429544812389,0.74250457340369036,0.22028179141046841,0.15199435680730664,-0.15987253395739998,0.97536582285046958,6.3787141871398045,11.767784780475058,-3.6369310361571956,,0.07916382210855089,0.4545454545454545,0,5
0.7853682667778723,0.61639305633474251,0.057063873340636138,-0.60199909678269681,0.73903678050366184,0.30236025621036944,0.14420046120293292,-0.27181655057243637,0.95148409856590033,-19.942468029638761,14.479310434743487,-6.7117274418501784,,0.08758847911039828,0.25,0,1
0.99877163252609025,0.041881158754609939,-0.02648007935296735,-0.031755318591115009,0.95125374220253356,0.30677013819283772,0.038037163437158121,-0.30555242837694341,0.95141520258539458,-21.219123239679156,16.397470687038304,-7.3759803242554867,,0.5058416317509639,0.4393939393939394,0,1
-0.82859428467222596,-0.55732036345221037,-0.053155657177936771,0.5455324357786826,-0.82509189823107054,0.14702966022822211,-0.12580092575931162,0.09282980100670768,0.98770276658676792,5.0909515351880668,3.7983954259249537,-1.9606137097672867,0.5237624660486108,0.4859187803360537,0.8059071729957806,1,5
0.38621690910994488,-0.90284127271309889,-0.188981838818848,0.90653890407386728,0.33368076410273456,0.25854276835442008,-0.1703634776532594,-0.27117297791927525,0.94733389125919076,5.7333653821538979,12.706797663482737,-3.9213744481840416,,0.2791286157874705,0.3,0,2
0.40837421907658111,-0.90979857853229384,-0.074142050782335947,0.89893197206921627,0.3867227825798627,0.20583196793850714,-0.158593211662236,-0.15070512909090497,0.97577464472097841,-15.424266115860142,19.155799531859085,-7.3224310542412443,,0.08063282892637884,0.5882352941176471,0,3
-0.95689378290443439,-0.28559410460356788,-0.052823249185638986,0.27710996043588926,-0.95221853070069828,0.12841315982960791,-0.086973318127237714,0.10823990579213776,0.99031296302131089,0.013379405191540929,14.449721155652298,-4.7350641293229412,,0.08487439676478013,0.2380952380952381,0,5
-0.7548790546267875,-0.64008514022506091,-0.14299869282210656,0.64016839084787092,-0.76650096124183098,0.051582048956942149,-0.14262553854417026,-0.052605034724947833,0.98837779521626867,12.356767665471585,7.2091031944414121,-2.2471865255444072,,0.2945860428566293,0.32,0,5
-0.027451527646883883,-0.95965205542195808,-0.27984700490493741,0.98040722183534235,-0.080475143394729803,0.17979274364863546,-0.19505920384067665,-0.2694284391448114,0.94305897120860505,0.58245653936238706,-13.536589974651159,1.433082954546931,,0.3302379279594114,0.1578947368421053,0,1
-0.027222233768575011,-0.99169963612411749,-0.12566137712098457,0.98397080711910601,-0.048746186423752454,0.17153792597124382,-0.17623961168257324,-0.11897748114846785,0.97713047145892551,-22.723716235015001,16.404429320255133,-7.4871079903002,,0.1581834396870209,0.5172413793103449,0,4
0.18635030148812204,0.98247992458308298,-0.0026005627288933795,-0.96197603341125359,0.18299796647387812,0.20276551829336656,0.19968894881199162,-0.035283736446786146,0.9792238669807416,-0.94143160342732779,20.060559660377336,-6.0760842649601026,0.3125423178746055,0.2103282061015965,0.5853658536585366,1,5
-0.80937789545278005,-0.5797251912130772,-0.093947458855418983,0.57066104495886294,-0.81413021476089942,0.10741492065738069,-0.13875660027144052,0.033327107380234956,0.9897655832543274,-19.074874411860517,19.731266045733047,-7.8018537968919048,,0.4609867750951373,0.125,0,1
-0.49657339456028093,-0.86535376125518826,-0.067658936559623767,0.84857372656182151,-0.50038243807655525,0.17187217998718332,-0.18258558104040923,0.027933555915101421,0.9827930718366279,-11.45244878364198,9.8888477653514357,-4.6964422575842724,,0.0786581148359828,0.3508771929824561,0,5
0.62507329436812409,0.76913438477867901,0.13310024349678914,-0.76559886632008767,0.57087665818779765,0.2965775059334918,0.15212413535392202,-0.28728407419739882,0.94568816644566644,5.9838591775796441,-14.528041418926355,2.0197887197444899,,0.3838611609614746,0.7796610169491526,0,4
0.072267671226578345,-0.97033298836085879,-0.2307190399472337,0.97715833383929007,0.022531039007823456,0.21131479571873574,-0.19984737752572648,-0.24072026084215262,0.94979723189540632,-19.174943981688177,17.781827409176163,-7.4777404989555141,,0.1383996592663518,0.1904761904761905,0,2
-0.62549524490091335,-0.77178909402022011,-0.1144434050428194,0.76142727121379072,-0.63582653918758214,0.12630567175175822,-0.17024749413212331,-0.0081367325254281739,0.98536774065601662,-4.2790501801621579,15.395346291636216,-5.3002587504109915,,0.07977520842173265,0.28,0,3
-0.31444806622306215,-0.94164134277494438,-0.12014156327256742,0.92713677905336311,-0.33181854562947427,0.17410871805540296,-0.20381316585326864,-0.056639512297866179,0.97737002157398289,1.1394642030067401,20.801557690323619,-6.0045005053835308,,0.1491999866147467,0.4666666666666667,0,3
0.50604276596141173,0.82666269052926533,0.24606811070319623,-0.84286475710344622,0.41342461888920023,0.34446928125635329,0.18302928795980486,-0.38171832623445778,0.90597538551866375,-2.9526081715330221,-5.8974546595664101,-0.30953115974108825,,0.5468606041550308,0.3923444976076555,0,1
-0.19245642037116639,0.97121163290874313,0.14038693087553,-0.96602248387407952,-0.21266052339666097,0.1468879247535787,0.17251401945254075,-0.10734740747401514,0.97914015707708424,15.024040607258009,5.6597571624347749,-1.7303431219561975,,0.2379311212581645,0.1363636363636364,0,4
0.031573845741372841,-0.98977461875754813,-0.13910174811428866,0.98064529885931351,0.0037712457486672236,0.19575641887466164,-0.19323014798480287,-0.14259025832382163,0.97073689954637965,-6.0242971791263003,-0.32155249309521883,-1.8882654440489346,,0.2926796212423831,0.2627118644067797,0,1
0.71810492679448712,-0.69127548140376227,-0.080396037983737428,0.68737598820196255,0.68646275961393877,0.2372406594717541,-0.10880976498853931,-0.2256259924592337,0.96811845688940679,8.5807700008310537,11.544840143724601,-3.3829652702338051,0.6711734148260161,0.2716890497819336,0.9466666666666667,1,4
0.97742473723767787,0.20841728675339172,0.034685985905126039,-0.20855755089996036,0.92543442600948933,0.31634612550037217,0.033832395695051962,-0.31643855286428246,0.94800949956352876,17.913116010297525,-4.6995525813014307,0.53817632465691712,0.8617498413788479,0.5036107603852451,0.25,1,4
-0.62733886540657491,0.74993068437414578,0.20988071989708243,-0.76746578908140972,-0.64108136138175686,-0.003309180950512755,0.13206896130446882,-0.16315225013170831,0.9777213983220987,2.9589961360070083,-9.2007962533685674,0.70260258499620809,,0.5784422092192154,0.4113475177304964,0,1
-0.35752217732861757,-0.92846595454202219,-0.10064225740004415,0.91426435895989433,-0.36994977497889203,0.16509950311470162,-0.19052184823231905,-0.03298689511668703,0.98112857979813362,6.4799504603865534,15.638828339203352,-4.5086136046596561,,0.07579475260617614,0.2105263157894737,0,4
0.91670369790789408,0.39953770148385237,0.0048944187595188777,-0.3791049161709758,0.86582225384870859,0.32654446446899188,0.1262291280845704,-0.30120001632361065,0.94516916866223832,-7.6861266573903242,24.815055681827516,-7.8203964773640005,,0.2012435970943621,0.4375,0,3
0.51628685892853399,0.8564068624280049,0.0038942629506738538,-0.83238987689944088,0.50072827719129909,0.23748323152670794,0.20143230161283052,-0.12585101671124729,0.97138383220007518,0.42544858442953221,15.579512716892129,-4.9606861959413049,,0.159487964327044,0.1578947368421053,0,4
-0.25485358164603972,-0.95567679422587626,-0.14741613514245464,0.94697649012169605,-0.27751221073188342,0.16193362853804447,-0.19566598855953482,-0.098330249022647309,0.97572843714230517,3.3281667710118628,-10.5765592928544,1.0177041924142658,,0.2245635615093213,0.35,0,1
0.45276257352520405,0.89161538129462037,0.0052975327920124424,-0.87178724548438258,0.44143170742166321,0.21242656682615704,0.18706429543231096,-0.1007971206019463,0.97716267317820193,7.6784027858322403,21.011870287777988,-5.5555446946155538,,0.1179025806591693,0.5625,0,1
-0.97301580935967669,-0.21974766494069167,-0.070364753174055036,0.21758324559400163,-0.97533378877807186,0.037168961575361759,-0.076796913824141069,0.020855795859277614,0.99682860603323487,8.7978260506296895,2.3273189203352764,-1.3329195307526582,,0.3897854958084323,0.1529411764705882,0,4
-0.63769743856012673,0.7638492778590793,0.099379361881707262,-0.75783477376977981,-0.64524955530142791,0.096640918086572061,0.13794358455237782,-0.013685470305102582,0.99034553332832709,-0.73109241677057701,-6.5699280105246141,-0.067961544431248008,,0.7659775881750578,0.2995594713656388,0,4
0.75843171893630923,0.64838893074869342,0.066129586373132612,-0.6356617300070555,0.71348299853304675,0.29474764767293665,0.14392877653809527,-0.2655820123556154,0.95328416644639002,-21.551682699857409,10.718062830260829,-5.895962201695883,,0.2374645745426942,0.3333333333333333,0,4
-0.50602841649977504,-0.85794412404385489,-0.088696796522496499,0.84200450010686778,-0.51366880514713775,0.16484168289148204,-0.186985730724337,0.0087314739497294756,0.982323825359108,-13.999429832276308,9.0344384872807613,-4.7762086095389487,,0.09124567282777846,0.32,0,4
0.94276750335729831,-0.32680506188035291,-0.066241121237680195,0.33177736288502058,0.89946381591067837,0.28440925678406209,-0.033364893084014906,-0.29010910946879948,0.95641177769447827,12.841430873295343,4.2031440004998046,-1.5692965449396818,,0.1123309342445871,0.2272727272727273,0,4
-0.4663511684041573,-0.88066762401788612,-0.083313406692853628,0.86479986980672652,-0.47370149506853376,0.16651750284010716,-0.18611225889324634,0.0056062087480918486,0.98251249229367377,23.31192576328608,8.6338441001473907,-1.9457411118976236,,0.1086540236980566,0.4545454545454545,0,1
-0.43549608973009257,0.89414075254101366,0.10418958909213967,-0.87809927695170142,-0.44743770789659409,0.1695321720769882,0.19820397485090574,-0.01765820482472507,0.98000172048607637,16.041032851179068,7.0196173574565917,-1.9767324085655471,,0.1720372235146756,0.3888888888888889,0,4
0.20095417096241514,0.94875131747682317,0.2439023549677202,-0.96485535996509353,0.14865905189729836,0.21669014891227828,0.16932677141975352,-0.27887528372910292,0.94528145047153767,4.1376962507812935,13.564004186446335,-4.2009616901747515,,0.5648375555071425,0.3333333333333333,0,2
-0.36203090997667176,-0.91730095810455803,-0.16580884319577363,0.91616831430800894,-0.38295621798220497,0.11823770535148737,-0.17195708790126196,-0.10910310430608045,0.97904406057709781,16.784766166687533,1.7259852344293702,-0.78675383438826418,,0.263356918729593,0.4,0,4
0.66840355005730179,0.7437552466616959,0.0080515423365307252,-0.72621712707016117,0.65022608889032651,0.22319210935055808,0.16076497945995125,-0.15502956617880953,0.97474122462818436,26.832079218776204,3.9016357832382629,-0.76319210822780914,,0.3167231645147591,0.7777777777777778,0,3
0.68594934487705594,-0.71352931507233153,-0.14265136801008352,0.7185705922663489,0.63337448633946414,0.28721605801941125,-0.11458534021735699,-0.29952074483519608,0.94718399649732432,-6.7547518592218108,-5.2339216328521943,-0.77214574262238467,,0.2060152573179941,0.313953488372093,0,2
-0.3969547949961264,-0.90964715740888036,-0.12234761847917944,0.89786074108749159,-0.41250954495326114,0.15388945687172131,-0.1904546674235193,-0.048763965593426419,0.98048411273013469,0.80531059246512249,0.4691647367697952,-1.5026574200288338,,0.7423579187304612,0.2736585365853659,0,1
-0.61316322724269279,0.78472577046946268,0.0907541840271502,-0.77839017236741548,-0.61977251096743335,0.099953860410427892,0.13468331863727756,-0.0093541333233339383,0.9908445407179769,13.267042311159235,-3.6578151999853761,0.088165836209594381,,0.2018409975602366,0.3269230769230769,0,1
0.57080953697727954,-0.80387031307734225,-0.16723932626245197,0.80992246980714477,0.51778040555234228,0.27555225371523656,-0.13491503028676166,-0.29273874253160809,0.94662662292148447,25.631959818732707,5.1012723606308512,-1.0491636001547271,,0.1643909428404309,0.1176470588235294,1,3
-0.98209034079228152,0.1856177021154144,0.032320754692513012,-0.18789397338115768,-0.97757429438562415,-0.095101807151547091,0.013943360052050807,-0.099471441217278606,0.99494271950329705,3.9226361162958407,-16.348464902256456,2.2893944765557914,,0.3249013453201502,0.45,0,2
0.18922295996630409,-0.93116584918310108,-0.31164857249264483,0.96125269798881308,0.11086433979814883,0.25239324232306021,-0.20046925457739612,-0.34733162752077928,0.9160637633336165,-5.8671206820970445,2.1316798926331,-2.3963609600312683,,0.3190245017910562,0.2183098591549296,0,2
-0.97590241552319135,0.21463119856802262,0.039343665020613205,-0.21305568871735098,-0.97619335617845582,0.040666999621525229,0.04713543127176658,0.031304631515095674,0.99839785214338683,12.113960679936318,8.7085348166553906,-2.5557534593416342,,0.2386514378191365,0.1724137931034483,0,3
0.92108907666151019,0.38433177196751506,0.06232176113651923,-0.37531161504905458,0.83382914516370732,0.40480877990087155,0.10361517487374911,-0.39625502612821456,0.91227509546408836,8.2115379379019373,-13.974490535631302,2.0433378827756719,,0.7300036778003901,0.25,0,1
0.97033618637511054,0.2417595231897027,0.00013549204793947614,-0.22883966551545823,0.91829945425103265,0.32304569306683112,0.07797495045064598,-0.31349393179030371,0.94638335881020019,1.3913610133602832,16.396975491855688,-5.0745793710969025,,0.1434568032961817,0.2307692307692308,0,3
-0.20649542876487934,-0.92773331036299223,-0.3109188684241147,0.95734596163964769,-0.25720853619328915,0.13165287175585308,-0.20210974155509254,-0.27047120688204268,0.94127412511781328,-1.1388229742541578,10.01631246325519,-3.7783825811316634,,0.1776018385333775,0.2,0,2
0.54967372447664176,-0.82656061686901472,-0.12106338530328296,0.82261763015646383,0.51032806770633465,0.25072993013775247,-0.14546144223037372,-0.23740852965349207,0.96045726551056243,-9.7639734098321806,-16.080851953723968,1.2273022726923908,,0.08117066879716803,0.4117647058823529,0,1
0.82013224622089209,-0.5503076309457724,-0.15666719513518568,0.56683062066706158,0.74409049648129655,0.35359918059918122,-0.078013756369429255,-0.37880185370331831,0.92218382627763651,10.910300316168879,17.086627406719142,-4.4325179665352987,,0.2421421483188423,0.1739130434782609,0,3
-0.57549304304274251,0.81772146336373652,-0.011805327766473859,-0.80551551443536018,-0.56429134791433055,0.18088678965852023,0.1412533660248195,0.11360846369570352,0.98343307020018456,-17.161954506144916,15.557704427259157,-6.7012313222751647,,0.7054449343126081,0.3333333333333333,0,1
0.87457340160803743,0.48479614359521789,0.0096986780002538565,-0.46960167552481091,0.84184015241855192,0.26604402665761989,0.12081238158416525,-0.2372295448107487,0.96391208703120235,22.936821571529865,-16.153677065872895,3.1795264196421962,,0.127811631229209,0.3636363636363636,0,1
0.5215194752835578,0.8284961181328756,0.20398926231230599,-0.83366819294042938,0.44386841799852966,0.32860032194585831,0.18169969999810651,-0.3414308271703636,0.92217688611153092,-8.0692274033575089,-2.813579246784609,-1.4392208220901834,,0.4630484092076184,0.3167701863354037,0,1
-0.56958125678411731,0.81877977125313817,0.071950525410763272,-0.80191099563143664,-0.57277651745295965,0.16989942948655931,0.18032178738473137,0.039073613105508852,0.98283127023577022,5.1465531073889492,22.14065819200302,-6.0188961058901249,,0.3426356461611245,0.3076923076923077,0,2
-0.27568454685588628,0.95679567944616706,0.092412436489972868,-0.94432241673812167,-0.28753741975299607,0.15992937656247944,0.17959177005291371,-0.043177077656297753,0.98279323160791265,-4.7955272886625453,-7.1296546716244773,-0.2115659519103526,0.6338142412823666,0.3826902652971229,0.3085106382978723,1,3
0.040038356292593245,-0.96569588552240249,-0.25657043226079274,0.98039879023661924,-0.011607192864117004,0.19668117646686206,-0.19291226536423522,-0.25941613241839429,0.94630234497919374,-8.1658023333017589,-14.247649452398491,0.94447076013291686,,0.7608955049883837,0.2631578947368421,0,1
0.49916926543709439,-0.85843530054987438,-0.1179782997539694,0.85294087832569532,0.46278376142003685,0.24150165267946511,-0.15271510247510553,-0.22117871718537591,0.96320198948104785,12.542217671392695,9.4832962897948772,-2.7182907756278678,,0.1168397987039831,0.3333333333333333,0,2
