axis_00,axis_01,axis_02,axis_10,axis_11,axis_12,axis_20,axis_21,axis_22,location_x,location_y,location_z,dbh,dbh_approximation,score,reconstructed,number_clusters
-0.88878540184683108,0.45154731857995195,0.078520879689561132,-0.45758718311073521,-0.88394576930728697,-0.096196916668525007,0.02597073962654247,-0.12142856339018435,0.99226036133478901,-18.813653783521232,14.206915466829633,-1.3408864754782044,,0.1441947592917,0.2857142857142857,0,1
0.477442460803636,-0.87796012716708149,-0.035138465056538615,0.87750853446086852,0.47438437027157537,0.070272620488912974,-0.045027420202654295,-0.064385435828314269,0.99690874561470788,-3.0094254197808472,5.5767674587543565,-1.3818790101137119,,0.06789997094791192,0.1212121212121212,0,4
0.96517781946760717,0.25924291475331218,0.034998399362875417,-0.26150353031778972,0.95263596858146427,0.15524372771931744,0.006905102395271678,-0.15899000759501741,0.98725604431973368,-14.152725067672502,15.780258847138251,-1.6590676355413676,0.2303780432068103,0.09872515413932517,0.32,1,4
-0.99987097324015051,-0.0078982194504585504,-0.013987673191260151,0.0098261380286775515,-0.98958403592865385,-0.14362062124429364,-0.012707630905659639,-0.14373953514836438,0.98953396210140054,11.343919136259682,-14.135396474974897,0.16559989333584757,,0.2790230305085011,0.2857142857142857,0,3
0.96659640282919057,-0.25576850543459845,-0.016548887135455954,0.2557432312570973,0.95820533226998628,0.12821053340324765,-0.016934984613193222,-0.12816010626212138,0.99160889137756003,1.365195542528963,10.344498281465194,-2.0527413110744077,0.3526001892035742,0.3135417266706423,0.7641025641025641,1,3
-0.97942500844524727,-0.20178860818887231,0.0028302715815152557,0.20180295558203679,-0.97919844889634822,0.0211178786183625,-0.0014899497917257613,0.021254535614385017,0.99977298661517877,-10.706404095694126,8.0068731233766179,-1.2109027547655349,0.4477669199976739,0.4012007183066449,0.9356814701378254,1,5
-0.67441982432474723,0.73404187450661273,0.079626798432405194,-0.73616011598541797,-0.67679582191798282,0.0039622047772841628,0.056799508713653954,-0.055945883719712278,0.99681687079659076,-7.498696797379206,14.49031964549296,-1.9500199472653887,0.7575475869627873,0.5734728069426985,0.5882352941176471,1,3
-0.42265448154201535,-0.90574989006842754,-0.031310156075655481,0.90508209397286432,-0.42362252387245702,0.037018379727162487,-0.046793080707998425,-0.012692277532462168,0.99882396531565731,7.9391946015566059,10.862909675974644,-2.4801727871926538,,0.08159339111512594,0.25,0,5
-0.91367340116370055,0.39946770230875561,0.075009804813231606,-0.40634917606188831,-0.90185172418164294,-0.14677811384679282,0.0090146059137501226,-0.16458743087721167,0.9863213038748877,7.4256544529559294,-7.0428469316901419,-0.7341187769021964,0.5692631927380735,0.5399934776312612,0.2,1,4
-0.63315008627362368,-0.74830383728994088,-0.19789475826522757,0.76966034279543305,-0.63577765087824056,-0.058392939399920588,-0.082121403907384052,-0.18928324210266462,0.97848246242811332,22.177514007416352,0.88875152878198738,-1.9252439197198665,,0.5160286579518586,0.875,0,3
-0.67909608012522715,-0.7166056035136773,-0.15907521168098238,0.73327602536675252,-0.67220480595884435,-0.10221041761077861,-0.033686563803519871,-0.18605673290324781,0.98196135746804225,-0.30395186031137628,5.7625995436869708,-1.5347736979128324,0.5235487056915616,0.272298005863724,0.1379310344827586,1,1
0.99405848073806924,0.10865919830444326,0.006396522223611127,-0.10880772914484028,0.99039502751581865,0.085314521333026277,0.0029351236881150627,-0.085503614518779303,0.99633353700111837,-13.24393569207353,10.717907518282203,-1.2577973203646085,0.4050059760345993,0.3831845714896499,0.9495548961424333,1,5
-0.41035464934745519,-0.90297799961843828,-0.12743545018561839,0.90988067228314018,-0.41477098776790167,0.0090658651887357902,-0.061042804363071204,-0.11223083315704001,0.99180543259470422,-5.1105867851527629,8.3636233514481688,-1.5369149513714102,,0.1385207728156378,0.3333333333333333,0,5
-0.91106847487620335,-0.3915454607518381,-0.12902087525427655,0.40544458122790356,-0.90765799962431615,-0.10849722241105736,-0.074625234603842919,-0.15115921368747395,0.98568857479312666,0.10076542867132497,20.16266712259997,-2.856439598640462,0.5848834508379894,0.3904277632491165,0.1111111111111111,1,4
0.09624778063633567,0.98975223578480387,0.10548401054929367,-0.99444255718484298,0.091075180094259772,0.052813937842861404,0.042665737802729954,-0.10998101349679323,0.99301752828838219,-8.1446566565711933,-11.663650428889463,0.31876578509812842,,0.8700274819139643,0.6854838709677419,0,4
0.91406778164049018,0.39988004241603609,0.067646450344300002,-0.40556083028628809,0.90096962369173084,0.15418868350912932,0.00070958039091803711,-0.16837365845681176,0.98572298727053065,3.9858519004241648,9.195983062557092,-2.1015651540433282,0.2970794788886407,0.2587074601200569,0.5172413793103449,1,5
-0.24966889888974067,0.96341249946036778,0.097477160456753129,-0.96691826665865288,-0.25347439145420808,0.028632123196591298,0.05229250930114486,-0.087103896356282753,0.99482581626661815,2.4233157886785723,5.0146187364593544,-1.6635916261509538,1.049074549570307,0.6446590072939546,0.7704918032786885,1,6
-0.64716943555856887,0.75488075816757327,0.1064272644915458,-0.76194436059910409,-0.64502627587400108,-0.058154060763972025,0.024749000586408731,-0.11872718467338109,0.99261842748838114,-20.999094059764221,4.13708234737814,-0.45595021664276136,,0.3004440218187013,0.4742268041237113,0,2
-0.68841459994940202,-0.72146079416503961,-0.074697128855499548,0.72513396180861478,-0.6822649573264753,-0.093248407150176363,0.016311836446183531,-0.11835898988692459,0.99283688161988615,-11.552664049031494,17.392002525410579,-1.9120698866529684,,0.1921526405209958,0.2941176470588235,0,4
0.42561254136155191,0.89663628548983176,0.12205464423264761,-0.9038796680813278,0.41482446731164319,0.10450936297193479,0.043075634237343972,-0.15480320688735216,0.98700580386968428,-9.9521517272779008,18.837810702846351,-2.1848792532339787,,0.07710784842010129,0.2727272727272727,0,1
-0.18321838360932546,0.95025452618519124,0.25188759273164812,-0.97979891967811361,-0.19740414758114641,0.032026231675971871,0.080156727136205752,-0.24093139683802001,0.96722642701308181,-14.063134324585024,-6.4242122090141107,0.037031009889083616,,0.2854353277213065,0.15,0,2
0.20006126473478719,0.97925358155951303,0.032216662700909032,-0.97837361739063045,0.1979021097468481,0.060164937893421151,0.052540985398925814,-0.043556606394589907,0.99766841530274819,-6.4916123702008353,12.621204245201236,-1.7666265050793635,,0.1305185069517209,0.6162790697674418,0,5
-0.99905835406977472,0.040605048575842698,0.015285129817820139,-0.042984764370169855,-0.97418680669558377,-0.22161312166093358,0.0058919602370633047,-0.22206146827042336,0.97501486609905053,-16.284132556241424,-4.8784068522831348,0.0086668122267360131,,0.5284945836493997,0.2857142857142857,0,1
0.77660606181881453,-0.62251490522726594,-0.096737880461376782,0.62901338669697504,0.75767845638789189,0.17396987118941851,-0.035002629933668157,-0.19595547835043847,0.97998789094670813,12.15495875622886,7.3397161239624493,-2.2843362762259449,0.4453965582894533,0.3755750056906343,0.5272727272727272,1,5
-0.6199457661355946,-0.77948169560264968,-0.089863970928117501,0.78439303487911893,-0.61856926838435933,-0.045821687480541641,-0.019869924098411606,-0.09889563403334517,0.99489941184295938,6.8609770011679494,8.2376832768153747,-2.1316257340346776,0.7757946634109871,0.6899060370613131,0.8571428571428571,1,5
-0.58891039570092274,-0.8024156582957146,-0.096507290694727924,0.80637943476246232,-0.59138761618977365,-0.0035909065077128332,-0.054191816979623927,-0.07993621669325357,0.99532580004399285,-15.187572102415695,14.506763374816222,-1.5358096367744389,,0.1314278586220794,0.1818181818181818,0,6
0.92074521373610829,0.38961780518001377,0.020645030122488892,-0.38987083330584849,0.9167113232540256,0.087413289351548448,0.015132241058509738,-0.088534262884846768,0.99595818164016547,-2.8823055018775716,-10.61479716202401,0.12685335096141745,,0.07115475327881567,0.1590909090909091,0,5
0.15095125533607118,-0.98794075935814374,-0.034449593775821664,0.98736650401800752,0.14898188911581964,0.053960943827362211,-0.048177850260491845,-0.042159847181133074,0.99794861692871806,-14.263133307434051,8.9733452233633262,-1.1143592042381998,,0.06663993677601364,0.3461538461538461,0,4
0.92654696500788025,-0.37450656512026614,-0.035433801891765863,0.37602447408084105,0.91934770247192699,0.11578167753066469,-0.010785013996831136,-0.12060113864059446,0.9926424577015025,3.5249703176000171,-20.902871649537239,0.82493924033752342,0.5992260589154754,0.479966247335655,0.8181818181818182,1,5
0.50392210504514612,-0.84551783368839206,-0.17652791553111027,0.86309786965060775,0.48497908518728,0.14091612517910232,-0.033534749908901498,-0.22337161826382207,0.97415632251849071,-4.5661798162325713,-5.211067183946704,-0.4744916849101658,,0.3016023605573405,0.2162162162162162,0,3
0.97237298980857667,-0.23136543925692793,-0.030996809645177283,0.23343081063363352,0.96323815277753733,0.13297487612569098,-0.00090848096033855643,-0.13653678827029336,0.99063458455233544,13.802269608163535,0.30942383654481564,-1.8074410647134629,,0.4411974119140363,0.7029702970297029,0,4
-0.94935910535028201,0.3122371810516712,0.035003312092103174,-0.31249412635996071,-0.94991761402402597,-0.0019868461000502606,0.032629895480005784,-0.01282455986793927,0.99938522131616314,-10.860088007381288,16.414176534316308,-1.8987671338807011,,0.08930240118014034,0.2083333333333333,0,4
0.89397573611883929,0.44670868686649473,0.035478617627953443,-0.44800414232600433,0.88918436079055851,0.092970215575883586,0.0099835709803534622,-0.099007684567901266,0.99503658561229913,12.904838643931514,6.5823340356954221,-2.2735933732606348,0.4270946516501237,0.3701666308242083,0.8829787234042553,1,5
-0.1639780040672161,-0.98564685600917745,-0.040143360862744122,0.9854753550989247,-0.16549941862315426,0.038056102375917084,-0.044153580543149669,-0.033319929090896497,0.99846894976789202,-13.54297015785448,18.781804560825169,-1.9415401572134283,0.2422188814868185,0.2795880585343513,0.7978723404255319,1,5
0.3447505818303957,-0.9372404058281073,-0.052225070710993964,0.93737168694104289,0.34077919825838621,0.072137774817874478,-0.04981321961996122,-0.073823842473391965,0.99602644715567501,5.9791526433988009,-10.868031660349262,-0.17376505903174,,0.09236702206607947,0.1724137931034483,0,5
-0.88028151706859192,0.45458562674460556,0.13585418162365787,-0.47077091618514538,-0.87247752380547228,-0.1309874609589472,0.058984702945920321,-0.17926203840045746,0.9820315302508853,8.9735444445296473,6.285422044169886,-2.0760677223796273,,0.3170298400321506,0.4347826086956522,0,5
0.71877284394960683,0.69132485656662568,0.073726124906505569,-0.69352691722138593,0.70550340189263994,0.14589504791909005,0.048846841146544494,-0.15599645063605613,0.98654908316766343,-5.2566408959094018,-11.882582184493348,0.2386844019279436,,0.1088870280817038,0.3703703703703703,0,5
0.22196102231729775,0.96105536230454158,0.16463868062380693,-0.97446446658184738,0.21276303433387708,0.071769733108032932,0.033945661596393555,-0.17636462742491557,0.98373940159579609,-3.8489434418399315,-15.6039820873516,0.50953290809860918,,0.2156647862525321,0.1904761904761905,0,5
0.4329988371429096,0.9011497915489507,0.02100143385984762,-0.90035104235065089,0.43125947790990721,0.058165825455927612,0.043359054083124522,-0.044094397650446183,0.99808600657701796,-0.2229692066276952,2.4187434928750493,-1.3632540160373596,,0.06834830695606305,0.1768292682926829,0,5
-0.94414956342704059,0.32826626773623652,0.028685525043990048,-0.3286629799256619,-0.9443911876086073,-0.010292249199609887,0.023711758832103021,-0.019145292730183977,0.99953549724827806,-18.36681649767046,11.833370504464677,-1.0990040921560755,,0.07534371336143868,0.2,0,2
-0.46312587036617242,-0.87361288431531814,-0.14938191508963006,0.8830901778314113,-0.46916570295311699,0.0059397803152650653,-0.075273939814927165,-0.1291668360330071,0.98876173189194594,-8.3515229078916846,-13.016662230090565,0.39803084562862484,,0.3589294748102684,0.2,0,3
0.25903612540419296,0.95754411602243983,0.12652885681293408,-0.96310870023248829,0.24617592207780409,0.10871544014366087,0.072951472034977705,-0.15002226921343287,0.98598752602047757,-14.729910740727687,-17.808515238095758,0.84049381593047323,,0.2569515678449102,0.3333333333333333,0,2
-0.9652823078005095,-0.26061767620769249,-0.017563971516219603,0.26099368977789655,-0.96503298787963143,-0.02436444541186375,-0.010600006766001053,-0.028102653828615445,0.99954883857885957,-4.0813658155684784,5.5163990853269089,-1.3256119920279359,,0.09144182170276256,0.302158273381295,0,5
-0.30469204747577688,0.94791518290569343,0.0928415974759495,-0.95114531472605679,-0.30792749455739865,0.022433197950236562,0.049853249439633693,-0.081470633436044812,0.99542814376922273,13.923479213061469,3.807331341579212,-2.0795465277311886,0.3733068237849194,0.2196673101589504,0.3953488372093023,1,6
0.54497650572395739,-0.83407384153628528,-0.085565384787360865,0.8370354060568771,0.53528742191778966,0.11330977426420259,-0.048706644475922697,-0.13337242144277706,0.98986840538648657,-6.3250722553902401,14.298731391864521,-1.9822753122333046,,0.2405461858410383,0.2195121951219512,0,2
-0.30308947052356805,-0.93727228615459901,-0.17221333997189794,0.95277660056106839,-0.3016068262778564,-0.035356353967779759,-0.018802188198161436,-0.17479697923343049,0.98442495588532808,-11.449022315626449,-6.0867049090380512,-0.093636804922512168,,0.366882956889707,0.288135593220339,0,3
0.99367821531392464,-0.10760524521604682,0.032011179492912607,0.098326763465641773,0.97178134799030702,0.21441282444040694,-0.054179811709757476,-0.20990979705610563,0.97621843104038908,5.669421998626488,14.26044976870317,-2.6501159363546325,,0.2110540723471572,0.55,0,3
0.52485636425180848,-0.83352252281191996,-0.17252826107518246,0.85071237110028253,0.50687798679976437,0.13915160133736684,-0.028535216160187907,-0.21980652961882444,0.97512605901781779,-15.616312146401086,7.3103341432764255,-0.90661469203383682,0.2093147250719596,0.323226090069673,0.4821428571428572,1,5
0.98935220929779411,-0.1435600825473328,-0.02393133211036768,0.14533814189180935,0.96584485245631213,0.21452399748065637,-0.0076831288554857534,-0.21571792619679844,0.97642549426381831,15.237608576985433,6.7194935263689208,-2.3785400143829145,0.6407438523785487,0.4309686358869195,0.1363636363636364,1,5
0.53804760940265928,0.84038483901033845,0.065254060238804465,-0.84180981361375484,0.53176791788497513,0.092623534870205401,0.043139398693736258,-0.10476737979850667,0.99356066166615953,13.750763695716497,15.63137438204334,-3.1359325820742452,0.3666691805461175,0.2738598491314763,0.6190476190476191,1,5
-0.84029473907979824,0.54113156048281374,0.032884429814870331,-0.54130665213389884,-0.84081529730884264,0.0040919637134916422,0.029864022341342732,-0.014362105029467174,0.99945078423538092,-10.693241979296545,19.976444417196088,-2.231304627997972,,0.1006661473540697,0.2666666666666667,0,2
0.64335983023259546,-0.7580921261925917,-0.10669797115166636,0.76468670324256838,0.62968065549559571,0.13695443760115647,-0.036638432377739887,-0.16970150352731905,0.9848142083527579,-14.699094862550362,12.837230417486804,-1.3761145258892025,,0.1958001929330768,0.4736842105263158,0,2
0.61916485813684174,0.7806560839676987,0.084917354013193128,-0.78440072591689558,0.6097990532786377,0.11340465511399485,0.036747511880826561,-0.13682541132660478,0.98991334327095204,-14.876653448675317,-14.011780678212743,0.61494054305496826,,0.5222963523370371,0.4583333333333333,1,3
0.91578977113292426,0.4011007948956094,0.021148225041766024,-0.40095684653754843,0.90981363467766641,0.10711095821286716,0.023721346988981016,-0.10657064553020269,0.9940221301401212,1.2513089085004321,-16.226043308252834,0.51305511050557151,,0.0913536295321065,0.3333333333333333,0,5
-0.70115406493782051,-0.71253600944780016,-0.025988698724179155,0.71226981992171756,-0.70162113263878845,0.019987242514877067,-0.032475850256082697,-0.0044968294240667738,0.99946240433308753,2.7065729718736193,8.912546591033399,-1.9982685947138448,,0.07455357850388655,0.2857142857142857,0,5
0.94649749403295891,-0.32249041872532763,-0.011934136738465762,0.32211614169431974,0.9418614325622221,0.095594106051595587,-0.01958788016336762,-0.094323759902803117,0.99534885505962389,-10.7703079780733,4.5598734670158487,-0.9887740055099784,,0.07986772724399878,0.3705583756345178,0,5
-0.15074332068580878,-0.97474046002325232,-0.16479528774293109,0.98739521659756524,-0.15659163260761969,0.023016229872176469,-0.048240413647314163,-0.1592485359145896,0.98605921034195343,8.1866339734945566,-18.397716877762534,0.58275888781386764,,0.1658498880535217,0.4444444444444444,0,1
0.44008426568537967,0.88869365614422235,0.1286445670254911,-0.89666442955551706,0.42723532733963898,0.11602963346865988,0.0481532954847355,-0.16641382335012733,0.98487953554328322,0.17004106431653804,-13.30353043072331,0.26875861970955844,0.4816684217391457,0.2951530356618191,0.4,1,7
0.87833967429646143,0.47752228673321595,0.022178418110129793,-0.47703431685143327,0.87255001928144049,0.10533149765405192,0.030946358475171624,-0.1030966998746296,0.99418981757614455,9.6289077784153569,-9.6128040809074431,-0.46066738594189299,0.6100634864633734,0.507406070222324,0.8,1,6
0.96354230960966436,-0.26486498158088728,0.037851804768480095,0.25684359570272386,0.95529159794448637,0.14645589862879022,-0.074950549955090845,-0.13139446118016934,0.98849274687910749,-1.3622960305994902,-10.877738214517985,0.11911712250387253,,0.1721186392041759,0.1290322580645161,0,5
0.98037392128853496,0.19703623054296587,-0.0066104697835941114,-0.19366343949803297,0.968784434995975,0.15476172237126445,0.03689778664272813,-0.15044415031149552,0.9879297095329802,-1.6129739753230092,11.02253440003131,-1.9178226424761839,0.5875205697569729,0.3094375150610787,0.2340425531914894,1,4
-0.025089963143965558,0.98064511686650391,0.19417942351164597,-0.99782558730414594,-0.036408508976946315,0.054941039262205754,0.060947445152114942,-0.19237872865770878,0.97942627782262048,-24.929966802087847,15.971841989804417,-1.1490215725781825,,0.2280867706364064,0.1428571428571428,0,2
0.80585131095568507,-0.58784677835796562,-0.070991758712997496,0.59156784924076333,0.79412823627069973,0.13931196683072483,-0.025517530751645593,-0.15426117311802168,0.9877005346220028,-23.803494456621316,13.179508080580254,-1.007857520364591,0.4668518147626333,0.4835655113619525,0.8125,1,5
-0.54457476811925265,-0.82861137184080924,-0.12977486807527799,0.83765015520315922,-0.54511957864072591,-0.034450870390770452,-0.04219643842774503,-0.12746701313928627,0.99094481236109389,1.4042700759315434,-9.3547275262479737,-0.031656648763964297,,0.07677639398087588,0.2222222222222222,0,5
0.97735123382741673,-0.20368620308764637,-0.057415123510840424,0.21115186154249813,0.92049026577090942,0.32880474751459865,-0.014122928278677728,-0.33348103588171152,0.94265101792980444,-17.134007751638165,-11.129147447427199,0.50533536920343536,,0.6703125443656581,0.3548387096774194,0,1
-0.88810076222653511,0.45654310330835424,0.053342581060771582,-0.45949999611233622,-0.88476741783606683,-0.077758407316904934,0.01169571312107516,-0.093568216597711126,0.99554417236871673,0.28894956370247027,17.957597562925653,-2.6656014246758772,0.4071248590147009,0.3314635960920095,0.5,1,3
-0.45782073109066279,-0.87191385440907299,-0.17368479689692029,0.88804377827712166,-0.45776059535831354,-0.042819215318545968,-0.042171388961056523,-0.17384322772750077,0.98386996403304161,3.1718669283947953,-9.7255127729255229,-0.090854702143596908,,0.2908066876145733,0.3777777777777778,0,1
-0.98302267987153114,0.18097303641382936,-0.030251792498177998,-0.17765864506537249,-0.98000199860450299,-0.089629730361727861,-0.045867381566097792,-0.0827335652703233,0.99551561539030198,15.517572793679216,3.4527904155045528,-2.1196243027450712,0.3984531595160364,0.2890614916838122,0.4090909090909091,1,4
-0.50731780314595609,-0.8606180361454695,-0.044331055393205428,0.86080032243180127,-0.50850832120397693,0.021025987910653146,-0.040638054978884106,-0.027493328780407285,0.99879560739928375,-9.8693077582190512,-16.393960241378295,0.63486948866201454,,0.08653421691046892,0.3,0,1
-0.9100348682137438,0.41395633647915236,0.021833234390564598,-0.41358636973616242,-0.91025430245545214,0.019581103896389129,0.027979517573696645,0.0087895591526377451,0.9995698526097343,-7.3412797589624521,-17.933432842141201,0.71468016953079894,0.2651626902376224,0.1225799776403702,0.4583333333333333,1,5
0.32072935097722816,-0.92601300293160937,-0.19907938573170186,0.9464101945987291,0.30489107682936872,0.10653250597552688,-0.037952957477959341,-0.2225788616904435,0.97417566349568818,-11.948233391763834,-14.763440043204605,0.58939516729235841,,0.1970686823323186,0.2051282051282051,0,4
0.98927054335170261,-0.14609511165266489,-0.00010201873150953648,0.14564211700142957,0.98614769791968471,0.079379415738887071,-0.011496339068073201,-0.078542575962980365,0.99684447029069201,-6.5336935264435878,1.8145057700551874,-0.92335514842406918,0.2673510749922851,0.2232194398990243,0.742876526458616,1,5
0.24484954274249893,0.96903364873847087,0.031976382400077143,-0.968141659587332,0.24257414764905369,0.062124953632353951,0.052444526790469306,-0.046168934414190628,0.99755601401865268,-2.1397344595893224,2.1529107254989674,-1.2349952267646715,,0.1221678489240771,0.520746887966805,1,5
-0.084733741778364749,-0.97663654840285463,-0.19748732953786372,0.99363378390617407,-0.097590066132948947,0.056285721745976965,-0.074243494560373977,-0.19146078271000058,0.97868824055443615,-2.1109196975203761,-14.712456699491662,0.44187858458162782,,0.4422657963926464,0.125,0,4
0.23043516713081724,-0.96893328540887524,-0.089821613079234142,0.97094308417537034,0.2228207508756174,0.087295133147534704,-0.064569040889671872,-0.10732754262531746,0.99212480946330461,7.7908911313593414,13.183465778956926,-2.6342973524265187,0.4147855978059602,0.1576739962076734,0.3333333333333333,1,5
-0.98373313809294582,-0.17031709151788496,-0.057106929130296129,0.17956173867228056,-0.94145781166976872,-0.28533273708244017,-0.0051667226354706062,-0.29094548833562917,0.95672568053457685,-26.016855841474445,8.2642014935891108,-0.56273294831711462,,0.3433630664631825,0.25,0,1
0.96626608715345941,-0.25732139526853126,-0.010749342035653975,0.2572385803504173,0.96223429976528763,0.089070001316427061,-0.01257623140869786,-0.08883046713973014,0.99596736217171888,-13.977250715686477,11.112858115449397,-1.2332598336869816,,0.07276875127849458,0.1764705882352941,0,3
-0.71069873809682893,-0.70328699505727288,-0.017167010540213641,0.7029599486951692,-0.7108981058705951,0.021706994266506508,-0.027470242045915198,0.0033594125844832504,0.99961697672109739,-10.254212711616523,18.082344022574734,-2.0884508203406225,,0.07348051683745947,0.2413793103448276,0,3
-0.42741212686926394,-0.89699611176608107,-0.11276900851574467,0.90305137068806851,-0.42948380582270279,-0.0064716639627666224,-0.042627405544936485,-0.10460227536998695,0.99360015513481514,7.1911320520700857,-10.296475726969105,-0.29936279133138066,0.6182720943381347,0.3645338087723111,0.5517241379310345,1,5
0.95832579678592023,0.28042225868699755,0.054543781015925406,-0.28565103988966539,0.93800779145573254,0.19632846604171056,0.0038923803235766832,-0.20372712141789315,0.97901997394036588,-17.083765769986748,17.166459700231666,-1.6147142290971346,,0.5348718962597381,0.5,0,5
0.48702399734424984,0.87085200853043698,0.066516202908252067,-0.87311263014859264,0.48354176362302281,0.062142561158541644,0.021953612136378427,-0.088341055409363892,0.99584833024076747,-18.647706388181426,7.8842459714635451,-0.81274398995540142,,0.118493455317213,0.3571428571428572,1,4
0.14976021047377833,-0.98767966255441797,-0.045395633438042426,0.98608389887363634,0.14585107287973545,0.079787272932455772,-0.07218326496507145,-0.056712861999916667,0.99577769986215336,1.8425234033583004,-12.530844105838138,0.21599655909855087,,0.1217145644246933,0.2413793103448276,0,5
0.71867065820065545,-0.69239794355822082,-0.06401228630337237,0.6943216709224872,0.7095538085104629,0.12021152239159037,-0.037814049357920133,-0.13083761150619314,0.99068239970563321,8.6116299212471805,-9.589619639935,-0.43050943761252219,,0.1012907772854758,0.3846153846153846,1,5
-0.98228738147447747,0.18660781613316765,0.01700068098710238,-0.18666956360260406,-0.98242049877345272,-0.0021065645335766408,0.016308716087683139,-0.0052427614604035081,0.99985325884943799,10.073698424304055,4.5532627748893466,-1.9842363976242732,,0.07469758534896664,0.2222222222222222,0,5
0.82010371865601117,0.56013631135859077,0.11694957607522453,-0.5715664057272235,0.8116103411125426,0.12083252063598353,-0.027234802930179644,-0.16593964835678784,0.98575975704660423,8.4472469576237366,14.32749869058639,-2.788134351790406,,0.1822233433738375,0.3809523809523809,0,3
0.95947014535099606,0.28098108950964862,0.021602488701756725,-0.28160994711153836,0.95307691491642821,0.11108659658671803,0.010624399652467559,-0.11266774867438509,0.99357591584169869,-2.7941924327661538,7.4091405781131963,-1.5341868856721532,,0.08017394705805936,0.3232323232323233,0,5
0.99581037890519597,-0.091276536586595763,-0.0055030113071526717,0.091200933135089812,0.9870126595863119,0.13224371293806281,-0.0066392062763320527,-0.13219154165494748,0.99120195583690662,4.2166509737703022,8.0327865316806388,-1.9739287117469975,,0.1501993201123062,0.3725490196078431,0,5
0.88294007193039692,0.46352986064232887,0.07454460190011987,-0.46856466707204719,0.86008814530372235,0.20173134382059482,0.029393573297671637,-0.21304565379491974,0.97660000371077615,6.9731454693895465,-13.171335021927977,0.21511509136113821,,0.2460782850034931,0.1764705882352941,0,5
-0.92181807428926532,0.3875085325690284,0.0094114345256317965,-0.38715055538112153,-0.92162173102161848,0.026978368683179016,0.019128130638434306,0.021225505763462452,0.99959171291250981,4.2753469426127513,5.8294276475814026,-1.8196547383532375,,0.08016860020623821,0.3255813953488372,0,5
0.9907089446001156,0.13586886363288972,0.0059530651292067126,-0.1357692036725365,0.98554065231863197,0.10137231358457967,0.0079063533598401001,-0.101238700715054,0.99483074693843121,-11.184549498341246,2.2772006808855023,-0.73847491712895541,0.2527251693596278,0.2100317922808576,0.6826923076923077,1,5
0.050950801179279394,-0.97160919120716083,-0.23104024632292255,0.99750392097381069,0.038184951989195366,0.059395598182498802,-0.048887048397950487,-0.23348980492379104,0.97112953178017725,0.49092011742601632,3.0525790856805286,-1.4562992900957938,,0.1184139258617747,0.3529411764705883,1,2
0.99271127006587923,0.11651790641588547,0.030788175792833185,-0.12049289084983023,0.96468315971085727,0.23423890501991662,-0.0024078078914935358,-0.23624135720643319,0.97169142406754938,-5.3023980433004327,10.856254444890412,-1.7092934795044703,0.6248060358890953,0.615938648686772,0.6063829787234043,1,4
0.69607117944440278,-0.71607584650317746,-0.052156449281344566,0.71694274613850983,0.68934630292951271,0.10389789890457914,-0.038444920421972506,-0.1097135210089067,0.99321947796122978,-2.6373862268164472,-2.7337366375908316,-0.80539217931356522,0.6415703015443005,0.5134187959687445,0.9806967984934086,1,5
0.40980670493061566,-0.89444514513457563,-0.17895906498162822,0.91062778491060348,0.38974961365464778,0.13730359064809644,-0.053061303628148364,-0.21923302899253139,0.97422860615773366,21.607899144761138,4.2089139295623186,-2.2012445296546193,,0.2958115337109343,0.2352941176470588,0,5
0.6555546209935863,0.74587293763711038,0.11799025296414657,-0.75434470211128746,0.63961047525455994,0.14785976579607144,0.034816796098847316,-0.18593547495091858,0.98194490164376713,-1.8292805102498193,11.941566239602412,-1.9738382790583704,,0.6853429477676374,0.648,0,1
0.55158491217600703,-0.82880694956703027,-0.093984706251497241,0.83280238666705553,0.54087968837287703,0.11785307576518762,-0.046843029592911062,-0.1432766661220623,0.98857348109460441,-4.5625812902132719,12.22627086918053,-1.84191597705993,,0.0818494248639417,0.1666666666666667,0,5
0.75755390672869793,0.64991186178114579,0.061046296499073893,-0.65161310985738685,0.74732272055454252,0.13003501991749247,0.038890017511858728,-0.13828710445707809,0.98962833593162869,7.3085254798478374,17.979546176922465,-3.0685146058373527,0.2991704715193669,0.2030244243208551,0.3823529411764706,1,5
-0.19503078645569563,-0.98036820777947198,-0.029002922434470679,0.9794552045906203,-0.19622510472703705,0.046510326543793092,-0.051288346969070538,-0.019336117762633175,0.99849668002204717,-9.0989458831024574,-5.07716812658468,-0.26500333627028499,,0.1307997452220954,0.3863636363636364,0,3
0.045662829450926756,0.99497191127585793,0.08913922693518643,-0.99699851656556771,0.039806801087921943,0.066403136621734318,0.062520908283498766,-0.091903832124747148,0.99380321073550226,-9.2612344762520511,-3.4827039881273341,-0.3498700132398434,0.3534456695894987,0.158316736778071,0.1927710843373494,1,4
0.90636270504422678,-0.41740192667173742,-0.065439120682013172,0.42136035583415549,0.88163799503140572,0.21253210639411163,-0.031017695533796522,-0.2202046260361615,0.97496042239469805,3.8317022966727352,15.568847685570306,-2.708685838296184,0.4747531229327267,0.3474063472435953,0.2962962962962963,1,6
0.49758656233892828,-0.86414792740557345,-0.075206200145854801,0.86627010414030448,0.49060705947695682,0.09423810197642124,-0.044538967797566213,-0.11204049603613905,0.99270499525060407,-3.9903416204878832,10.066333863291367,-1.7302954581367733,,0.07485750907114855,0.2553191489361702,0,5
0.4114789864206026,0.90932878380196236,0.061694462340766268,-0.91051326944423161,0.40710970749101655,0.072299877126822371,0.040627944819399825,-0.085923506770974156,0.99547301373966357,0.37640068304936125,11.11423194642928,-2.0456543946712133,,0.1221420826500476,0.2127659574468085,0,5
0.25752274492739319,0.96574725015564833,0.031847836062522547,-0.96533923948414935,0.25568626873979738,0.052389738404432146,0.042452191430190925,-0.044235515083748796,0.99811874576527715,3.869567404092626,-3.3074378533265634,-1.058559926868174,0.5263865589539327,0.4839350548771741,0.9753593429158111,1,5
0.92558441790401025,-0.37642933345224033,-0.039930467690692112,0.37845989754210674,0.91803569809488816,0.11823097299713867,-0.0078480115770428183,-0.12454482703080902,0.99218294420643671,22.556399030769796,-1.3391497001958694,-1.7232391895364718,0.6056736170116204,0.5251303763286759,0.8488372093023255,1,5
0.94315152631167976,-0.33217056601012579,-0.011309884723675126,0.33198591920300008,0.93991512150780565,0.079654967277044283,-0.015828703891641465,-0.078881426441720415,0.99675833214256671,-16.811362053923432,5.6206233122167326,-0.74933188824508823,,0.07282659113018915,0.196078431372549,0,5
0.5499551265397713,-0.83350691342795469,-0.053062077422856485,0.83407084403029386,0.54481181564039882,0.086636670510849861,-0.043303417084775274,-0.091903812795861545,0.99482586579881682,-21.049641549860869,23.779159359284826,-1.9098657016772596,,0.1392907558887776,0.6666666666666666,0,1
0.64916876317749395,0.75210686427167228,0.11364498066362624,-0.75014588987724928,0.60828574053538687,0.25936384050516031,0.12594070356669049,-0.2536212187036983,0.95906997482372369,-14.557214643224286,-9.2396905068283246,0.29872325173533565,,0.807342787602698,0.746268656716418,0,2
-0.68736724520984349,0.72006980403521903,0.095003934283322433,-0.72627033730100266,-0.6800567370334798,-0.10027079122088363,-0.0075939034308186429,-0.13792139693338121,0.99041406537802434,-3.2372909108246648,-6.2692531752115377,-0.46771080673510018,,0.6264330677307496,0.2995391705069124,0,5
-0.49644517821882717,0.86707950784770627,0.041416326416738453,-0.86724521631191209,-0.49748666598489827,0.019817970414138228,0.037787826179636823,-0.026079575107946815,0.99894541189937258,10.177408395460596,0.11997622345516407,-1.6337515972812329,0.1023098407466327,0.1304068736060011,0.3888888888888889,1,5
0.49291835837744208,-0.86385443591287225,-0.10386050995513148,0.86993250308130354,0.48714887497540843,0.076833675513348576,-0.015777580840681874,-0.12822436259871306,0.99161967546986896,2.0269756194555533,12.361672199618267,-2.2744534279092483,,0.3921670173896589,0.4146341463414634,0,2
-0.911375736180285,-0.4112840104940832,-0.015483223622543535,0.41122755671982003,-0.91150723454607963,0.0068160079521835948,-0.016916385432176821,-0.00015518395521317856,0.99985689567150005,4.7362881306801929,-8.6642936768542835,-0.3421917591543705,0.1789246235870624,0.1225417542801499,0.2941176470588235,1,5
0.029233710743775242,0.99500087746880916,0.095491591213304028,-0.99756087151772477,0.02298349715030967,0.065909532508874907,0.063385311965360028,-0.097185455161979781,0.99324583539625877,-16.797762555186516,15.60964000157702,-1.5183433284866035,,0.157145290775735,0.1111111111111111,0,2
0.96916528429777982,-0.24624262046819112,-0.0091226957069176027,0.24590759145560609,0.96415351798266691,0.099686760535933977,-0.015751449981043466,-0.098856287744403692,0.99497704807542608,-5.992392568202483,8.8833229403261509,-1.5495018861784167,,0.0721340143547643,0.2911392405063291,0,5
0.49137590335177012,-0.87066718350821537,-0.022099257161796657,0.86985966793215075,0.48933624326830888,0.062403518562871886,-0.043518728269564468,-0.049886837802467769,0.99780630570460394,-12.996613251599813,2.1789784358601589,-0.62832383449378826,0.256194158820264,0.2149135854579039,0.7905701754385965,1,5
-0.39758159078285188,-0.90972961232705973,-0.11967000929989219,0.91647011389933852,-0.40008928674765509,-0.0033306094168320225,-0.044848734652291597,-0.1109981760436274,0.99280813650728972,-23.677541198763663,4.7457322841670972,-0.39260595106594959,,0.1732599138494676,0.2727272727272727,0,2
-0.50418422863851176,0.86269560273582113,0.039427916664047574,-0.86227334132419742,-0.50541301053630017,0.032285811469400745,0.047780209645760394,-0.017719644491692079,0.99870068877782137,-7.8999157879064938,-6.3290826489598073,-0.22471177879225354,0.3937339145871516,0.1906766332241733,0.5787878787878787,1,5
0.052934091549115395,-0.99658347013660176,-0.063398493691557159,0.99657724983761753,0.048683528349473558,0.066810921064867496,-0.063496197192901394,-0.066718071899107986,0.99574943224894907,-2.7690115871269141,16.57257266783412,-2.3990256853899363,,0.242259880149903,0.4,0,7
0.6596621069974975,0.74178506081196627,0.12083388658737237,-0.7513752046107175,0.64733098965790203,0.12805425305207058,0.016769212498646616,-0.17526412463681473,0.98437862640727125,-20.488581079768906,7.2079275867941695,-0.67387709678396823,0.0849386992880954,0.1715643471788254,0.1666666666666667,1,3
-0.34751197793024674,0.9335979895575337,0.087351125288334969,-0.93621511308786454,-0.35065917635688493,0.023225074006070871,0.052313356046847302,-0.073708452234744676,0.99590681132738179,7.4378989351705966,1.4413005962442209,-1.665109491147293,,0.1123329300792285,0.2982456140350877,0,5
0.66491724982394962,-0.74664079820705598,-0.020311802955078895,0.74572483877710249,0.6620745569970814,0.074510038303459619,-0.042184306530037533,-0.064690025736961976,0.99701338248427285,0.98463640121120377,-7.6611781292176309,-0.33420500057930846,,0.08817113845503502,0.3382352941176471,0,5
-0.99127588966881253,0.13168762331765846,0.0055209081002585677,-0.13160551260037123,-0.99121353719441618,0.013255668060412829,0.0072180062689461612,0.012413442209186113,0.99989689810400995,-3.0153766979936156,-13.396931242755285,0.32348003339902182,,0.1257459926253398,0.4594594594594595,0,5
0.9917397694172696,-0.12531210676223134,0.027369794573445527,0.12062904967943915,0.98373952678194831,0.13306079745839472,-0.043598877618774429,-0.12866009228055014,0.99072989180943938,-10.226583268205736,-8.0581980899361891,0.025011237658687194,,0.1216145325784383,0.1692307692307692,0,4
0.46151253327355024,-0.87838932139429771,-0.12425128446779084,0.88596429643349661,0.44917209383317547,0.11537632151624917,-0.045535119155769278,-0.16332982024721227,0.98552012802452882,-15.410863809612954,-4.8162077550218489,-0.032574672973569981,,0.07711782791197488,0.1612903225806452,0,1
0.010702072524450832,-0.99930061879026189,-0.035829302659704951,0.99734052288295028,0.0080840429855291353,0.072432932182611917,-0.072092628328034578,-0.036509197942538561,0.9967295176758576,-9.5648535436343511,-9.5025636211362805,0.20386586284704208,,0.1875621954959163,0.4810126582278481,0,5
-0.94246765449403624,-0.32964295257942239,-0.055589963547658792,0.33404609013415532,-0.93509329085221449,-0.1183796733787483,-0.012958776894176648,-0.13013862308283464,0.99141112001203113,8.1917461059427676,15.219788780602094,-2.8669935517159528,,0.7345768045688162,0.3125,0,1
0.99202250321221919,0.12332706378050826,0.02611107925462219,-0.12603632411679605,0.96622884828388178,0.22475911048749336,0.0024896031186986381,-0.22625703985352974,0.97406445053344859,-0.0021720320010123078,6.6203420744235721,-1.6194915664799183,,0.3950211584394536,0.2441860465116279,0,1
0.99998967079821466,0.0010479082273845723,0.0044226898178890382,-0.0014369865477928746,0.99603876578953809,0.088908447934462648,-0.0043120026136056399,-0.088913884926936873,0.99602998333416615,4.0652108267639253,10.987661950017399,-2.2858250791004058,0.2552580407623943,0.1377529045454622,0.4230769230769231,1,5
0.85389629691264657,0.50280558243331563,0.13434158102673993,-0.52042608275332736,0.8270239050343996,0.21257505237369584,-0.0042197759296810165,-0.25143191280254568,0.96786578961938552,6.1806907922911849,-12.248053517270268,0.031710018585840195,,0.1589571187905236,0.1851851851851852,0,2
0.86519552260308463,0.49590688011853834,0.074250076893386197,-0.50114926057833675,0.8501755603303659,0.16140302115739691,0.016915267936463717,-0.17685554237299581,0.98409145451151625,-11.905626877797175,16.053865149697828,-1.8084870548069585,,0.1212976608077495,0.3055555555555556,0,4
-0.47187705595278195,-0.87384159607449086,-0.11718749521738098,0.88159146535368071,-0.46936070574093464,-0.049970152310393402,-0.01133720780824273,-0.12689126398755871,0.9918518411752606,-0.52440008374447078,10.103352692211779,-1.9155543882687411,,0.2724515315763016,0.2045454545454546,0,5
0.12584531981066338,-0.9857991068008175,-0.11118937229997186,0.99066621315600567,0.11896042368961739,0.066549768645168955,-0.052377567649621343,-0.11852653131808343,0.99156848063097081,14.741124970626855,5.1624863617999734,-2.2501377049587412,,0.1220060126029502,0.2777777777777778,0,5
-0.94346811143341058,0.33061552167790309,0.02369176088691442,-0.33104144829631227,-0.94346229808791993,-0.017042640538999933,0.016717721679547319,-0.02392214271986284,0.99957403371112863,-11.768716466533087,3.1547396568988719,-0.80438608353499697,0.1668442312661799,0.09999557838765101,0.2274881516587678,1,5
-0.36350794027064204,-0.90988159927026369,-0.19994362372824659,0.93053009129760256,-0.36487298879165325,-0.031328122189518443,-0.044449145659625738,-0.19744157961187758,0.97930643625501401,-14.354262752723443,10.201618196559311,-1.1705788419091163,,0.0811450110579576,0.3,0,4
-0.81643273284219597,0.56576505619489581,0.115531354759694,-0.576037115952168,-0.81192154482067558,-0.094681815051869789,0.040234733618260334,-0.14385168141107832,0.98878099696842536,4.0795790273055976,-7.555411521532351,-0.50626140487689586,0.5054688271461297,0.2706781822499238,0.3061224489795918,1,4
-0.64849488705385427,0.72927406741993195,0.21820567374337205,-0.75824515229659839,-0.64416680580379437,-0.10056547777068528,0.067221056847676389,-0.2306695924679423,0.9707074062903589,-1.1515509646172828,-17.047956750010012,0.60225346537054747,,0.2509643269942619,0.3529411764705883,0,4
0.23601024228080045,0.93215720208782327,0.2745580378250847,-0.97060742944487477,0.21242726300024242,0.11311885713990981,0.047120944865010672,-0.29318528020695128,0.95489371556472258,-19.668604022730872,12.556696368986414,-1.133591029952318,,0.4495036099879192,0.3,0,2
