axis_00,axis_01,axis_02,axis_10,axis_11,axis_12,axis_20,axis_21,axis_22,location_x,location_y,location_z,dbh,dbh_approximation,score,reconstructed,number_clusters
0.79526854895454824,-0.59925923421152905,-0.09184936176119389,0.60610756871762095,0.7825273888969283,0.14242366646512844,-0.013474056068654686,-0.16893565591185178,0.98553497856478511,-1.4099866356964819,9.7727305500377302,-1.3514904917421144,,0.1036115993933622,0.2857142857142857,0,3
0.42135307004968825,-0.90457425104594602,-0.064861504024873812,0.90672995440053317,0.41882543264021455,0.049254916166252952,-0.01738908141650632,-0.079565578728514552,0.99667795126063019,-5.0143504396890037,-10.145288816340745,-0.50212385156289008,,0.09115654665367227,0.3272727272727273,0,5
-0.27056285094292887,-0.94371194648812118,-0.19027218857530104,0.96193333493443967,-0.27291194404553326,-0.014259380743708812,-0.038470804924523053,-0.18688721960821261,0.98162781354012696,-0.80338178068681709,20.131194641559304,-1.4328294402110626,,0.501788106259351,0.9714285714285714,0,4
-0.52401088473729396,-0.8510799020677754,-0.032796234130526208,0.85068140109863233,-0.52488223542823986,0.028979177985613721,-0.041877756646059305,-0.012713741705713863,0.99904184810754249,-4.1875670345135489,13.420134024214603,-1.4367429546194506,0.8570795847435397,0.8692366895256318,0.9750566893424036,1,5
-0.75877951060879933,-0.65125627232852157,-0.010905137918787326,0.6512513703947852,-0.75884884356197368,0.0044816496480352139,-0.011194053742217451,-0.0037014020872981174,0.99993049397615774,-0.96009968162387971,19.012582638998012,-1.4184187270849693,0.448739460952053,0.1816856671833785,0.2105263157894737,1,5
0.26471582518166281,-0.96159877223111512,-0.072479880946392627,0.96371628402479448,0.26112666606236468,0.055351496606653047,-0.03429950150998369,-0.084502458631487185,0.99583275638101032,4.0446866164759534,4.1566976603135792,-1.0398756896554333,0.09402444648715266,0.08063169111086521,0.2112676056338028,1,5
0.57719338639009732,0.77483574446159498,0.25783204574330781,-0.81563038815542632,0.53157214948864195,0.22842530465221056,0.039935756221238142,-0.34214122667792052,0.93879950808592083,-1.0461113885006694,6.3181063363194658,-1.2681416487951256,,0.1083909328484001,0.2461538461538462,0,3
0.74064960653616341,-0.6582269582891449,-0.13481628877567128,0.67176449242270941,0.72154865958266434,0.16763054189054866,-0.013062429248981974,-0.21472029069438101,0.9765882293506486,-7.0367992219099289,-4.7503509590536055,-0.90189263442825018,,0.1386370279953527,0.25,0,4
0.29859391246558548,-0.94815030940009304,-0.10886995096444295,0.95397102219205099,0.29317730484946791,0.063137601625768064,-0.027945737713402728,-0.12271128190067981,0.99204887835123523,4.1078129553219362,-6.3006719899562267,-0.56852425008656671,,0.08434153122519454,0.2807017543859649,1,5
0.98505443553184169,0.17223167062880318,0.0020026660869721631,-0.17116840288980742,0.97754395097437141,0.1229194930251848,0.019212935517431945,-0.1214251849734122,0.99241462482320142,-21.156907100939353,-0.18760743403201766,-1.2584471902905272,,0.1281130872236671,0.2777777777777778,0,1
0.18293682655490642,-0.97691732260682274,-0.11030259417048394,0.98239234451203661,0.17731666057128229,0.058856463774118677,-0.037939411357657847,-0.1191274387979824,0.99215384613036139,-7.5145163663838082,7.4710877625081293,-1.4356549670349323,,0.09711390211052559,0.2912621359223301,0,5
0.97926020436239714,0.2026055533958227,-0.0006647445282273799,-0.20158121068731361,0.97462840639635018,0.097285584457035529,0.020358478576560691,-0.095133901310114066,0.99525628517059095,-8.3479465986625989,16.17022542838426,-1.4948392055925586,,0.07109813187225636,0.15,0,1
0.43348616151014324,0.90062427646645282,0.031075077127525209,-0.90097081482364982,0.43243032746899762,0.035434484913230382,0.018475351558559467,-0.043358096410419426,0.99888875099304941,9.9849895803394251,2.5293478475720712,-0.75035777450184105,,0.1375992754600621,0.2666666666666667,0,3
0.44036902728835875,-0.88907674367872247,-0.12497065117355755,0.89731056457456093,0.43116223699024486,0.094513893668868212,-0.030147479297395748,-0.15375847697999043,0.98764844972733401,16.525413550913637,-2.0347953142481217,-0.31516168767844616,0.4270117170580605,0.2571290446902232,0.4166666666666667,1,5
-0.13944366952358914,0.98752406034586437,0.073155268216395133,-0.98950680247688327,-0.14178403299637177,0.027813231370300322,0.037838484136789759,-0.068509256493560627,0.99693266116269308,-9.0061502220401017,7.3277448741101185,-1.4586286805182855,,0.07721520649575997,0.1627906976744186,0,2
0.90552384461395097,-0.42349585546195972,-0.026035115557892358,0.42428413287879208,0.90334685443158624,0.062828617491165265,-0.0030889193679283704,-0.06793909769125879,0.99768468845724834,5.9377408171654471,-10.240928062410509,-0.25455768510092708,0.5834012619869902,0.5721315438219129,0.98046875,1,5
0.014306111446462993,-0.99683635913840074,-0.078183171302900631,0.99930725594154901,0.011567269451314319,0.035372397430944807,-0.034356126060040633,-0.078635051835285352,0.99631128931926138,2.4201521091286251,13.52303437829622,-1.2889935202212479,,0.08964927485501764,0.3478260869565217,0,5
0.59142545197886898,-0.80393884657290859,-0.062436093108162637,0.80608716722942342,0.58743774708009289,0.071696388566708111,-0.020962194055820432,-0.092732002439749342,0.99547042253593865,13.446215169092852,4.889341318844421,-0.73569911221708773,,0.08304352952597126,0.2962962962962963,0,5
0.23771286378988735,-0.96938102208617438,-0.061587566991824383,0.97013079378523914,0.2337834770263377,0.064742017416018635,-0.048361527461719907,-0.075138005620576806,0.99599972026749573,-10.971103504309617,-9.7374567062674533,-0.57915522940045927,0.1588155808740191,0.1375372872946705,0.5769230769230769,1,3
0.8622720520409195,0.50641785870443379,0.005278319273861209,-0.50559112271509632,0.86016577834283681,0.067025744304328727,0.029402804302126252,-0.060463097448583761,0.99773728453240285,-0.7855918433890412,-19.81664936724324,0.26078346936163599,,0.1244582140430448,0.5,0,4
0.94523387657926972,0.32639380441094773,5.4855021252300615e-05,-0.32536270995028593,0.94223446027601732,0.079582214358286274,0.025923455416505529,-0.075241652763014408,0.99682830424740543,-15.819334007260631,4.7361405801628988,-1.4302363499180215,0.1705264890353176,0.1259847870591649,0.581081081081081,1,4
0.67581997607739863,0.73636248664519344,0.032212547189743715,-0.73592419118644137,0.67169519553900192,0.085094941779192093,0.041023709746029625,-0.081214854254188465,0.99585199838487259,-20.645185319197179,6.6660270023728403,-1.5134545092786811,0.4346351234622584,0.4685930947594327,0.6296296296296297,1,4
0.6692405113888803,0.73858109512351966,0.081333288646731727,-0.74207908434372682,0.6587718535661109,0.12384779985388213,0.037891562326283754,-0.14323969727423047,0.98896239495203297,5.9621714141916513,-6.6819740302805144,-0.49361733071366753,,0.07779829297891579,0.3333333333333333,0,5
0.71353316032457592,0.69221230146449975,0.10822457585245181,-0.70015972114481062,0.69889727958467329,0.14601012798968463,0.025432145085382052,-0.17995755691374365,0.98334555661069256,-7.8408725244863851,-14.595373766476914,-0.21231088253003064,,0.2694615560890335,0.3529411764705883,0,3
0.5307474917762397,-0.82605664035689186,-0.18957195703878615,0.84709105019105979,0.50983441670359486,0.15001873293263604,-0.027273662376702677,-0.24020677439820592,0.97033852488385275,-10.154300298790961,-19.341026340798752,0.069248250828040772,,0.400207750774863,0.375,0,1
-0.49513072075103587,-0.84245059126263955,-0.21242073968844999,0.86523604114909114,-0.50030421799931135,-0.032592676305357011,-0.078817272632385416,-0.19993171517627281,0.97663460250057987,4.3240752589811686,16.264337654760915,-1.2496006459636888,0.668571510625068,0.5593652709848357,0.2631578947368421,1,4
-0.1448491389685613,-0.98822633879805721,-0.049268958237957024,0.98858056556017648,-0.14663325969893487,0.034744100891896085,-0.04155950356763112,-0.0436736815010123,0.99818105432199022,-1.9062621562223796,-2.8676436823177274,-0.88929371724500439,,0.09463119999791167,0.5084745762711864,0,5
0.97874116972164638,0.2050992645879626,0.0001198222901020123,-0.20397002522323565,0.97329084408972077,0.10536205019622936,0.021493057072852487,-0.10314661640886273,0.99443392139501507,4.516569925485439,2.0090910610476134,-0.94908965890888675,,0.0988841253032232,0.2584269662921349,0,5
-0.9570765699429753,0.28651158170414781,0.043767028863934763,-0.28976136427736365,-0.94245236902837271,-0.16679893250536471,-0.0065414859405269537,-0.17232134418636474,0.98501906748016532,-12.836199240571743,6.8337209253524192,-1.4992397173452516,,0.5718971346547778,0.2,0,3
0.83717590879571457,-0.54416995459741524,-0.054914098786353706,0.54692006079364508,0.83221500350434097,0.091085866322643622,-0.0038658548273361494,-0.1062885151637649,0.99432781652266844,2.3629162862315574,-2.4188909612770479,-0.84808061789249323,0.3054495240148723,0.2479031494838116,0.6194968553459119,1,5
-0.97321164134412363,-0.22655450509070868,-0.039142781906510944,0.22890267697717301,-0.97072526693825933,-0.072773763131565292,-0.021509663525043646,-0.079784161026793157,0.99658006302769775,-5.9832521525646811,-8.031953004678277,-0.66995050433847414,,0.1512728576331321,0.3157894736842105,0,2
0.99106202995967463,0.1333361908710349,-0.0041848507992690107,-0.13224093023500227,0.986083463602351,0.10075583943659391,0.01756101200929128,-0.099301878199731769,0.99490238106219042,2.8480170721298141,-19.504761861561956,0.30838653642906916,,0.1151521383803751,0.3157894736842105,1,4
0.99744000494046114,0.067775129136719278,0.02280281594175914,-0.071193048333376821,0.97110985316672371,0.22776567553410249,-0.0067071911687536226,-0.2288059985074814,0.97344893478477867,11.308783200436778,2.7337987544551083,-0.73489730215835636,0.3929515412887228,0.2764809146715067,0.4235294117647059,1,5
0.34263648277386105,-0.93894818588308526,-0.031249718386260766,0.93889544023508642,0.34107695202765836,0.046280288474531583,-0.032796234206398808,-0.045197533366163951,0.99843957754062085,-1.3422874528667796,-9.3690274767631188,-0.48031350663319644,,0.06968297469911314,0.3333333333333333,0,5
-0.9958062524952056,-0.086603898140865526,-0.029490207158680882,0.08968979001073403,-0.98771503178072206,-0.12796389163447136,-0.01804574906413604,-0.13007221387066056,0.99134028976910848,-14.870064791597374,15.827406132683413,-1.5872656573179584,,0.0899853638725599,0.3846153846153846,0,5
-0.50140947341755049,0.85264587528400493,0.1469134143919725,-0.86475552159431979,-0.49937219408359562,-0.053153547842751794,0.02804332076039847,-0.15369587872584148,0.98772017749128771,-8.7135230426281929,6.463862379672408,-1.4289631585043345,,0.08264681735829807,0.1428571428571428,0,5
0.74172315073054473,-0.66973200661097343,-0.03613595150529425,0.67051629596078799,0.73915424884658154,0.063709444065002924,-0.015958211722471711,-0.071484513937533925,0.99731404268953106,-5.668145492830182,-9.2978560130110299,-0.58103778049818799,0.1726019875130552,0.1175645367756174,0.5319148936170213,1,5
-0.1490308403923597,-0.9863625720129453,-0.069847585097506673,0.98800380115229214,-0.15142534952064354,0.030312578761507215,-0.04047588813810811,-0.064492170490357784,0.99709701755891,6.9134229805202487,0.78353489969285139,-0.82114607890727731,0.1593213807435558,0.1349631546464186,0.2602739726027397,1,5
-0.059936105160749494,0.99737823227233546,0.04055027851285508,-0.99787374427725339,-0.060908986609847136,0.023196677181346301,0.02560573725268827,-0.03907373976818701,0.99890819852490631,0.53055199229187944,-6.1720477796733642,-0.65596496847451946,0.1844043451695382,0.1951028674085633,0.361344537815126,1,5
0.99909518073736736,-0.041719145310816684,-0.0082663620718436016,0.042444251435494504,0.99041282477175641,0.1314569208817549,0.00270284062578226,-0.13168883567776885,0.99128741806319032,-22.429438680585179,9.7739769318084146,-1.5862430001725629,,0.3495237105693542,0.4193548387096774,0,3
0.18427633438631702,-0.97761023353797072,-0.10158968386098573,0.98214882532038061,0.17918302823741455,0.057246199118065735,-0.037761322897080424,-0.1103253083997624,0.99317793411833233,-5.6815445695285476,-11.77588915591296,-0.42032849063361888,,0.07259084668364328,0.2068965517241379,0,2
0.99854385309553162,-0.033496446091991684,-0.042286659176788664,0.040937632632476059,0.98100652976256197,0.18960564020530177,0.035132373668399212,-0.19106066225788135,0.98094930534559333,-16.231389525052737,16.020966155260492,-1.5973969969970481,,0.2985697347349046,0.2352941176470588,0,4
0.15182635705494571,-0.94065685043023284,-0.30350197205635887,0.98803796737420801,0.13604547625654256,0.072612694600701411,-0.027013558271141005,-0.31089599246179622,0.95005997154954736,-3.6852271453640109,-9.9891372572344075,-0.48048740573311438,,0.2714242705027177,0.32,0,2
0.61869426745323053,-0.77560298168822894,-0.1251296056768281,0.78493684723637425,0.60355810471284976,0.13997056864231505,-0.033038602741803862,-0.18481782660706944,0.98221729861426699,-5.2504918986305276,-12.68434585723895,-0.33692750196142196,0.348248819617005,0.2984893907135057,0.125,1,5
0.54467204117139401,-0.81301826836397406,-0.20575145898056979,0.83832472162985217,0.52099819499032096,0.16053828802207679,-0.023324422188323903,-0.25992725159796765,0.96534646381820266,10.508910199813235,11.379066364220142,-1.0242236898949464,,0.3201272590951169,0.2926829268292683,0,5
-0.86666133949051938,0.48800961500025275,0.10365682948943941,-0.49881373733423107,-0.85140075863344111,-0.16217769157642298,0.0091092304370061581,-0.19225858593494743,0.98130202183381821,5.4223737408052051,-11.00767455547534,-0.22686662965422311,,0.7274745942309531,0.4038461538461539,0,1
0.83361412686926495,0.55150177179700488,0.030549683938772776,-0.55181882492855105,0.8291230584870769,0.089727021233906148,0.024155163805437876,-0.091655603155514825,0.99549775412691555,-9.5489770700454297,2.3740004577243043,-1.3070060836006967,,0.1350834879492046,0.3674540682414698,1,5
-0.17532903486268847,0.96525386110336431,0.19376458179751435,-0.98380651912585382,-0.17921528086741809,0.0025721642800694872,0.037208365451728571,-0.19017588366735647,0.981044683392021,1.5979909806751249,16.01035807239872,-1.3140745961155125,,0.6769553737483804,0.126984126984127,0,1
-0.93070752400494883,0.35514280556811023,0.087504813660678402,-0.36552827016153816,-0.91169032803042283,-0.18764282423928458,0.013137293225481584,-0.20662607151323567,0.97833178324008063,-1.4499585588915589,17.352447281348166,-1.4142955215529383,,0.1894731131734123,0.2857142857142857,0,3
-0.73552350727723603,-0.67610723092636871,-0.043407171431357243,0.67618080427199889,-0.73657902626094085,0.015194012194177868,-0.042245593576917942,-0.018175542950952882,0.99894191996420478,0.19716835429782154,7.0304626099652845,-1.265574330087589,,0.1086040520405261,0.2352941176470588,0,5
-0.53849530499138165,-0.84076091722464308,-0.056070371586222086,0.84181407571354927,-0.53970740827792163,0.0080607307654382912,-0.037038742321830714,-0.042860162359782669,0.99839427985626572,-3.3603793995667606,-13.360709429313058,-0.22123068146975658,0.1086660963315187,0.09228522894909244,0.3703703703703703,1,5
0.87271660292820774,0.48119055070932071,0.082591675618731944,-0.48727565279521812,0.84790612762957696,0.20884835867492413,0.030465868877207324,-0.22251034276248016,0.9744541950226705,-12.233106272828223,-10.787052413955857,-0.53923562713920925,,0.1578870603115305,0.1162790697674419,0,1
0.68064125511588447,0.73050757382134057,0.055553275546367402,-0.73169413944745465,0.67402218616585752,0.10157646801521368,0.036758238974697946,-0.10978514082450025,0.99327541735493607,-6.9619996264320889,5.2530405688109321,-1.3440466008305776,0.2188439659579383,0.1747553824663957,0.4833333333333333,1,5
-0.087096204383398115,-0.99456500755292021,-0.057049951211766294,0.99559153883613982,-0.088901257527646382,0.029900739253247263,-0.034810041365860668,-0.05419420782023357,0.99792346843775781,-3.6492994758451514,-12.402101382066334,-0.30049120415863223,,0.08160623121984968,0.1785714285714286,0,5
0.39510730540134209,0.91463555411889141,0.085627217402635444,-0.91720456440344322,0.3875749554092896,0.09231165136090036,0.051244553427459066,-0.1150106824652167,0.99204160127632979,-7.9120085736191159,14.67860309041904,-1.4770962195126947,,0.1953716610538588,0.2352941176470588,0,6
-0.92938429354223751,0.36910497178708973,-0.0025208568082626765,-0.36910578572070829,-0.92929861251630008,0.012845533183884658,0.0023987214291571065,0.012868899616181224,0.99991431510813666,-5.3970856192609915,-14.785184404259875,-0.17230960483585503,0.1787338864223647,0.1998631425172897,0.8313253012048193,1,5
0.4263734247730035,0.86954227788755278,0.24920258749351609,-0.90392337700763514,0.39936025052077534,0.15308141233701242,0.033589152213933535,-0.29052989049340044,0.95627619001177688,-10.967464028168576,-20.384557567369857,0.12939408356314044,,0.3382159292956493,0.4285714285714285,0,2
0.51327342205938575,0.85679928693466212,0.049450744339231349,-0.85627521370319792,0.50737448884574077,0.09676717659448264,0.057820001772674295,-0.092011466550532481,0.99407783267620942,-12.549012189343639,-5.0662894323170429,-0.98105036684785141,,0.1383715528731831,0.2,0,3
0.99800054821320239,-0.061310693013233025,-0.015359189053610355,0.062666440335958834,0.99149546212865658,0.11405992211947683,0.0082354733784502868,-0.11479437050882982,0.99335513764097205,5.1915215019277392,5.6314880467739332,-1.033991598579111,,0.09646668999232538,0.3733333333333334,0,6
0.64410869252436154,-0.76058279350402425,-0.081472734335915495,0.76398639372087485,0.63435154963772034,0.11799534601667219,-0.038062874614624223,-0.13824588853863345,0.98966625277324372,-14.054553857747468,6.8903004545734543,-1.5060013362402196,,0.2497279059654334,0.8088235294117647,0,11
-0.83765043082233404,-0.52783376803891402,-0.14047515460393489,0.54451996743176323,-0.82717043312663396,-0.13887793067729745,-0.042892433030422707,-0.19282268507345907,0.98029569585395626,-14.146756675522902,14.02941602707264,-1.5735494102249319,,0.3816540389208161,0.4848484848484849,0,2
0.99463107794911054,0.10260210714713694,-0.013484301493105573,-0.10173268474562047,0.99333178463520611,0.054244137820451489,0.018959948107463764,-0.0525811110799628,0.99843665153346528,-10.561459537092082,-7.3489919012603391,-0.77318024408471664,,0.08135795231544737,0.3861386138613861,0,2
0.024827019068558182,0.98723926389255978,0.15729670992441772,-0.99935609977750672,0.020432443301049888,0.029494085818008487,0.025903763465182358,-0.15792767676891328,0.9871108569703374,6.5492377991370878,11.628971700188254,-1.115093781718367,,0.2323383891846398,0.4545454545454545,0,3
0.87535390760798104,-0.48284770180895198,-0.02477162274159855,0.48339883495273905,0.87309817940175283,0.063443955517289832,-0.0090057093986760216,-0.06751048794934407,0.99767791957879315,-8.1530496572763056,-8.0252717894422965,-0.69262209522479723,,0.07019718575177944,0.4204545454545455,0,2
0.70906214357103803,0.68477326661170856,0.16827492352805862,-0.70505073054075096,0.68456067615262373,0.18514898873452221,0.011590682395694416,-0.24992449659725696,0.96819595231658018,-0.40652946512270466,-16.506342617443096,0.035615464539374454,,0.2347763955433748,0.1538461538461539,0,5
0.087740752760127869,0.994026822501478,0.064901744604445297,-0.99238515632417001,0.081569853085182789,0.092293339819912473,0.086448029546880092,-0.072505415075539231,0.99361446395077468,-18.488250096927583,5.0414316398086774,-1.4414876606780194,,0.3990087525446051,0.4210526315789473,0,3
0.99229100337187337,-0.12288985727865032,-0.016020224882106211,0.12375410000627596,0.98944985864957358,0.075325294224287756,0.0065944945884393062,-0.076727180297283315,0.99703031671296294,7.6399781678393071,6.6959741266884558,-0.96312925832043939,0.3035088316187131,0.2465307611116122,0.9166666666666666,1,5
0.90746315161439062,0.41401178854846044,0.071448354809486123,-0.41948188261775998,0.88340666179059757,0.20887225775447713,0.023357624398407772,-0.21951516769211618,0.97532943795189808,7.7894462994557951,-9.6481334428414094,-0.22838059174161951,,0.1098253343963066,0.3181818181818182,0,5
0.22790023341118293,0.96927174058379173,0.09259468946325243,-0.97206978319704984,0.22101671581877858,0.078942687589938845,0.056051942039234776,-0.10799955663959508,0.99256953185118579,2.2509117915597914,16.495119270651848,-1.3031806381810414,,0.6186531085112286,0.3943661971830986,0,4
-0.56516921255718178,0.81734667922031834,0.11192929529400229,-0.82462409066287223,-0.56366194027294136,-0.047752761031935591,0.024059723105746427,-0.11928798370020316,0.99256813704088542,-1.6200235879437026,-13.780751639581675,-0.17630375113830835,0.4649820812085088,0.4872391256310439,0.5865384615384616,1,5
-0.52091705657709586,-0.82301150996381833,-0.22648945810816828,0.85227739543225456,-0.51626865170637393,-0.084201665663433414,-0.047630467164080384,-0.23689392928557657,0.97036725257263967,3.2605774659130535,-5.5421020383708512,-0.63912253854733014,,0.1587073183616073,0.3,0,6
-0.80489495627164331,0.58704023253445048,0.086763326090958978,-0.59325990682588492,-0.7994014521771946,-0.094868336181960708,0.013667198740421438,-0.12783224805536916,0.99170163055008598,-20.073888024091897,-4.7982280496333622,-1.0302320399709475,,0.09025505781184892,0.2,0,1
-0.99491390208480035,0.083844520593883282,-0.055824938914241083,-0.074433520927890753,-0.98536071938668057,-0.15337504246793773,-0.067867358875044789,-0.14843971522522642,0.9865899211644017,-2.2355138752214692,-15.800311710206829,-0.037941601791529764,,0.553941414907293,0.4893617021276596,0,3
-0.98771090591375832,0.15478079306142678,-0.021681153989084021,-0.15458156388792785,-0.98792325044191209,-0.010592041458062914,-0.023058760699246006,-0.007110368173491797,0.99970882571849484,1.3664016519215474,-27.36617713867517,0.77628146537143627,0.506511594611154,0.3625126108948625,0.375,1,5
-0.051512312067935287,-0.97544711795051775,-0.21412473417950892,0.99860396404530205,-0.052820195672963401,0.00038719772805993654,-0.011687801265696001,-0.21380586290160425,0.97680624910494673,-3.8783878194256065,0.13770005852694617,-1.0924530672664226,,0.3156129480224263,0.3352380952380952,0,3
0.83475345681649304,0.55061742266586233,0.002668368362559315,-0.54966457837092353,0.83300340909792869,0.063041031999358246,0.032488730618941829,-0.054090426953687938,0.9980073687577351,-12.175450302254927,-6.0558135615396154,-0.89586315050304244,,0.6002822195261993,0.8181818181818182,0,1
0.25969540634679888,-0.963450415251495,-0.065738826229950295,0.96507826719277534,0.25650488944553845,0.053190035558565905,-0.034383631491749285,-0.077256320403269893,0.99641819877157289,-2.9165435636649617,-10.834599340300585,-0.41739943812366237,,0.06780072687376347,0.3611111111111111,0,5
-0.77625475199916283,0.63036278727230022,0.0084449050329537482,-0.63033778278811303,-0.77630015563722732,0.0056875255940677123,0.010140985577582667,-0.00090817394481632031,0.99994816647244389,1.1442639115058237,10.720554647647281,-1.2988429880394723,0.222183820924202,0.2586450496118333,0.7227722772277227,1,4
-0.96169062467911448,-0.27266044843896942,-0.028415176602572083,0.272939534638593,-0.96201003043037747,-0.0063805785484967008,-0.025595953499791723,-0.013891767648697404,0.99957584302344571,-18.94539644418834,-5.7268592669220961,-0.96531787622308562,,0.1146313088835372,0.5416666666666666,0,3
0.98813503733404973,-0.14947216144976594,-0.035316015409048614,0.1535005304152923,0.96885359596734855,0.19432008836803952,0.0051706049028146395,-0.19743551487175215,0.98030224028728319,5.3216255470955671,10.302329313047604,-1.1132687832751249,,0.1047743105891908,0.4166666666666667,0,2
-0.1911724713305043,0.97270070815436349,0.13155386182619819,-0.98155625291673909,-0.18953492162496946,-0.024976706041163421,0.00063919123708754404,-0.13390237429043431,0.99099432167593504,-10.550787192280076,-15.407895116308817,-0.19676417508681998,0.7997196827184575,0.5042887920858683,1,1,5
0.5296676205065487,-0.83171546125782303,-0.16643798632408446,0.84809406977314206,0.51612479261758892,0.11979836084470619,-0.013735377772678754,-0.20460838191563988,0.97874754122158825,25.618723848543109,4.7574746848233778,-0.34675917684523722,,0.1909222708065261,0.35,0,4
0.5344978230580324,-0.82651849515433684,-0.17657648290198882,0.84515749679988206,0.52156515466242992,0.11695552592722863,-0.0045697646748333338,-0.21174741228588279,0.9773137421734388,7.8062846537969346,1.9861878664239898,-0.81560060737591433,,0.2779752797098644,0.2432432432432433,0,5
-0.92867890047077117,-0.36663588807119668,-0.055978794187120012,0.36848534681690204,-0.92924144822921773,-0.026997779058537986,-0.042119461079487691,-0.045699633161668758,0.99806687878481493,11.844844263977073,-2.2841579133461551,-0.51329248192675958,0.343131582052526,0.1929247557723074,0.2962962962962963,1,5
-0.92966225322290463,0.36820214513575777,0.012460948998236021,-0.36841096215433727,-0.92901448395744468,-0.034719613502990215,-0.0012074340668691481,-0.036868264330014548,0.99931940498934813,0.92656369952065498,-15.748449134507648,0.0063159708007563039,,0.3048562418683093,0.65625,0,4
-0.70847479990555995,0.70021886209677153,0.088073850050279248,-0.70520244508758911,-0.7072569296599388,-0.049770944239408046,0.027440286829090183,-0.097371354164860036,0.99486976536973859,-5.0242659670641343,-17.78034219264541,0.037373180319756609,0.3544744411067829,0.4728573512098959,0.2222222222222222,1,3
-0.59763285182568049,0.7655910503001766,0.23812878473417906,-0.80139229560331693,-0.57951090031743802,-0.14811314918304544,0.024604124986486911,-0.27935185718649763,0.9598735213141909,-17.85418421271633,13.332897317032671,-1.6065289499321613,,0.3672505431889699,0.2272727272727273,0,1
0.45084439809703669,-0.87648927376838148,-0.16883684927614792,0.89157352271668044,0.43311538271882416,0.13231673682076731,-0.042848363972157133,-0.21018472404364322,0.97672227346549645,4.0972827061142407,-2.7063076718292902,-0.80176176759535656,,0.4962814115726001,0.1694915254237288,0,5
0.19152078337189593,0.97979206175551381,0.057682798627442015,-0.97998364792949277,0.18764330534915299,0.066498419142474868,0.054330832198844992,-0.069264028748862422,0.99611779172648929,-27.047797839306966,2.8812971080456333,-1.3446284586443429,,0.2006027562855213,0.3333333333333333,0,4
0.94288449358054016,0.33299576222794891,0.009091430228244617,-0.33217037609629513,0.93778773781476121,0.10107917712525308,0.025133105844951251,-0.098325892533451226,0.99483684383324211,0.15349423046599805,23.404437652677775,-1.4577362651088528,,0.1572642267107378,0.3333333333333333,0,1
-0.88327347822670133,0.46367347249929447,0.069533255078066708,-0.46882850046640612,-0.87178317860915555,-0.14210533643934445,-0.0052725526765131439,-0.15811704650215344,0.98740629924753376,10.596017063373489,-26.177816832191262,0.88331586448653687,0.3735131044909727,0.2996912319958213,0.5714285714285714,1,5
-0.23963764513002503,0.9639423175817553,0.1157108785363344,-0.97056213732242091,-0.24081991881891845,-0.0038606082660606112,0.024144080696324045,-0.11322974465732802,0.99327543425384568,8.1851924089397325,10.237979580628004,-1.0484648090902164,,0.1999440848416086,0.2916666666666667,0,5
0.31180514881022225,0.95011426536398491,0.0077737974819134465,-0.94892537868551252,0.31097954161490182,0.053219830735754516,0.048147428404764533,-0.023970970961565977,0.99855256130519621,-0.11355627964844105,8.7370253057350471,-1.3082362048263629,,0.07454619552848227,0.2054794520547945,0,5
0.67905963715029627,-0.71812612864502312,-0.15222638585547485,0.73364433444036636,0.65673292552217044,0.17455043706231108,-0.025377149896321477,-0.23021018199116083,0.97280998780375227,-22.77854409317483,-0.30622956375304827,-1.2547828386227329,,0.2183334675732677,0.2,0,2
0.21979049200543113,0.97553294592921247,0.0052546199370061978,-0.97485154135775853,0.21942723395472483,0.038937916115026755,0.036832213297775994,-0.013680658085427639,0.99922781569466756,1.6717553440182387,-11.104033608504562,-0.28324524558378666,0.2229511135151115,0.1916952883975536,0.7868852459016393,1,5
0.32570739176142788,0.94433387618727871,0.046348950765647379,-0.94491335992171177,0.32344118994322479,0.050244789675864147,0.032456697204562429,-0.060160842191741122,0.99766088220063598,8.3712060848197236,0.7148574163075383,-0.74895204649213254,,0.1057885705579044,0.4054054054054054,0,4
0.98874697058454397,0.14959697353573811,-0.00041673592962487675,-0.14907089193050818,0.98549578446700148,0.081092095649408821,0.012541823588703416,-0.080117440714976368,0.9967065256906632,-12.151943760603947,5.3764886281475457,-1.4624356402139869,0.6051217776660019,0.7097025929894695,0.6575342465753424,1,4
-0.9832905108788017,-0.1791867861365109,-0.032122684971397544,0.17978134241093247,-0.98356540482564203,-0.016666233860468348,-0.02860839276552242,-0.022162809033086848,0.99934497034764469,-26.113604233139334,1.2555552434925783,-1.318585174626463,,0.1646951959626429,0.3870967741935484,0,2
-0.67899883564713959,-0.72985983267539789,-0.079153053237809329,0.73362448354858389,-0.67860457753283621,-0.03592971596816702,-0.027489967768276755,-0.082464853110399389,0.99621476081896032,-5.7194622123758494,0.11375862060445359,-1.1077888043071396,,0.1207612002765176,0.2348993288590604,1,5
0.14770217993805485,-0.95210223002040928,-0.26774131102934129,0.98896112255918778,0.13893873070535293,0.05149686569546684,-0.011830642755911707,-0.27239194683424361,0.96211364359509666,3.4332669720690188,10.378052264737423,-1.1871136442317582,,0.4153819851994569,0.1355932203389831,0,2
0.81314952431084908,0.5767376060307583,0.078495763598746118,-0.58128915429165851,0.79774608159951854,0.16032500864027277,0.029845773836989709,-0.17599694054876361,0.98393816203130735,-10.566612571156373,-4.9050100097976284,-0.9573984495335538,,0.09980124108949948,0.2542372881355932,0,2
-0.20474855902313899,0.97876053538817032,0.010287951429224939,-0.97799351291502146,-0.20499592793430327,0.038798946203342108,0.040083865508256968,-0.0021175214322162279,0.99919407515702374,-8.6771966489683088,-3.172797078812112,-1.029347192940296,0.1387643792045493,0.1537583264418723,0.6563467492260062,1,4
-0.83815757507963262,0.54276743178249598,0.053808868533574895,-0.5448057229784885,-0.83782880741794319,-0.035065847637178911,0.026050020086686027,-0.058706085347778478,0.9979353646387239,15.279738475175806,-4.3845233247123465,-0.26368337667427444,0.523811318457447,0.1718478414489246,0.1212121212121212,1,5
-0.97281533226094019,0.23078092121354718,-0.019248265424778879,-0.23097685858282527,-0.97292090853800406,0.0086369282035896316,-0.016733801637576835,0.012848040061072787,0.99977742910577005,14.640124081836213,-0.91976916211686188,-0.42085039897621601,,0.07416299002958333,0.2857142857142857,0,4
-0.91886998140170917,-0.39190120639891268,-0.045731845599100519,0.39247242274792554,-0.91975555390132646,-0.0038882451103985356,-0.040538311030390774,-0.021521279951290214,0.99894618466064633,-9.4080123208250388,11.18971128377574,-1.5061745859197184,,0.07006478442717043,0.375,0,4
-0.048540060290351607,-0.98476483733817111,-0.16697927323274747,0.99856591414478646,-0.051624469141100457,0.014178479963960308,-0.022582684853619223,-0.16605158634661427,0.98585845485879819,-0.33948801594905897,-6.784601556734863,-0.62966604293618922,0.3765322149863936,0.1754419919995208,0.2380952380952381,1,4
0.82828352501476521,0.54508336743527053,0.12973251224939564,-0.55863259521524899,0.78546630702416254,0.26640627637670067,0.043313112935803713,-0.29313273968502557,0.955090137721336,-5.0034735212109602,11.064845743060067,-1.4339492564447862,,0.3928449183384733,0.2978723404255319,0,4
0.72474774031415645,-0.68678383855041136,-0.055395595632567074,0.68876594705783523,0.71998272499816052,0.085007916559267205,-0.018498191345314781,-0.099763895323841195,0.99483917399083477,-11.829683452937505,-9.0701870614167781,-0.6516123998933272,,0.09005006631854443,0.3888888888888889,0,1
-0.72900660480747936,-0.68240966628830724,-0.053538934462247029,0.68347987081778727,-0.72996557970536347,-0.0023491769439440619,-0.037478478277172558,-0.038305349517975248,0.99856299944687199,10.701672334526899,10.00447657089993,-0.9782486910375815,,0.08289364433171224,0.3888888888888889,0,5
0.39907341702829641,0.91658206989725721,0.02485391245292988,-0.91590599049666677,0.39721228066406356,0.057780798384690066,0.043088564534902091,-0.04582262795291954,0.99801987073094367,0.36519963835335895,15.210447614333734,-1.3380613373722754,0.3112258211927407,0.2611598206873296,0.8051948051948052,1,5
-0.48778096540065896,0.87242292903505247,0.030789002690917066,-0.87258334480862254,-0.48830801917044186,0.012392932519643711,0.025846395404356438,-0.020820934362785058,0.99944907450898302,2.1383981546021364,18.844481509254109,-1.3288043557653519,,0.07799978216943794,0.5714285714285714,0,5
-0.97910020188630731,0.20330069153070834,-0.0056234766228400032,-0.20333637230590179,-0.97908578804379576,0.0067334499429992567,-0.0041369510110200076,0.0077361795348172497,0.99996151784083021,-9.9692065240051999,-10.990149702432831,-0.498401628998279,,0.06075498946086796,0.1851851851851852,0,1
0.94776307032058238,-0.31521593023087646,-0.048827040307455008,0.31897393891207743,0.93616346228172875,0.1478296255274984,-0.00088816181913591507,-0.15568201314657143,0.98780682420765531,-9.1325841673989832,-17.72153477087743,-0.007896842445305868,,0.1847695640186171,0.3333333333333333,0,1
0.936327210703641,0.35017440085387302,0.025869740674574607,-0.34983202375508521,0.92400831768701686,0.15435732571092961,0.030148128488517872,-0.15357902796879391,0.98767635008478327,-16.34244655165103,13.391712567208444,-1.6034600972084652,0.2934124934174386,0.1492866431123663,0.4444444444444444,1,4
0.9989398329624084,-0.042804334306543484,-0.016941047358677814,0.044338977019956372,0.99358672479139565,0.1040167074807275,0.012380033839173604,-0.10465758110562806,0.99443125729195581,4.0035393333460227,12.435458672460538,-1.2035877286902523,0.2536584081520959,0.1371762923751099,0.3181818181818182,1,5
-0.6182082519374873,0.77720665748119644,0.11733869269470715,-0.78565649138024363,-0.61550679483663284,-0.062412042604140197,0.023715707631902033,-0.13077154536382171,0.99112883528564377,-4.3813914833972154,-1.0665719254307535,-1.0439856656905984,,0.2216567342131798,0.3052109181141439,0,1
-0.71478518370607091,0.69919118179486861,0.014623011132247747,-0.69914175406713119,-0.71492509489106182,0.0091058450976193445,0.016821084216360759,-0.0037148344918420118,0.99985161455612248,6.0760529125771017,5.0562203583770344,-0.98878809162047865,,0.08681067602719827,0.3650793650793651,0,5
-0.99960519287314087,-0.0048996778464843928,0.027666794864109449,0.00038524986765739255,-0.98697548840054206,-0.1608702485826779,0.028094660766621,-0.16079607723297792,0.98658771104392762,10.257839766048891,1.5815134880475512,-0.71240290985663335,,0.7188418286506602,0.6708860759493671,0,2
0.93683163216441745,0.34975218355903259,0.0044612858957264233,-0.34894063016738297,0.93362238244483564,0.081176866263855549,0.024226629863527395,-0.077605780027772034,0.99668972770453379,-24.275961443848313,-0.61096174588725105,-1.2509369713833522,0.2086002078219187,0.1997698235326596,0.6296296296296297,1,3
0.2107019370581896,-0.97655810537088106,-0.04403362981133279,0.97656953419516834,0.20825954806191774,0.054220895629617467,-0.043779431263537574,-0.054426349091966066,0.99755758426406671,-10.605640315186159,7.3020596742795547,-1.4965894884044528,0.4273155189588319,0.3026323049661991,0.6111111111111112,1,5
-0.88539489300907781,0.45220402800237575,0.10764478850306608,-0.4647488473412637,-0.86573578454595601,-0.18576883552298187,0.0091865297261822052,-0.21450656963138562,0.97667934310937754,-11.483596884750133,10.900454386141554,-1.5259112127350394,,0.2835605780570282,0.3225806451612903,0,3
0.039922944040522122,0.99836962542303176,0.040795215060253354,-0.99836361889178815,0.038183254574336592,0.042569044426715087,0.040941946856855482,-0.042427940119529557,0.9982603001646333,11.449453205133141,18.151954040452576,-1.1214036754721943,0.4322922057633417,0.3626227302760134,0.5064935064935064,1,5
0.8358943139173014,0.54887018908210039,-0.0047129075636431397,-0.5477684695001046,0.83470367107496113,0.056740508593914434,0.035077054925366245,-0.044847486339396572,0.99837783588519269,-1.3389380172529934,12.479848006502577,-1.3689357563989015,,0.0822710631462126,0.1111111111111111,0,5
-0.84607524024486391,-0.51884137964778487,-0.12231234855802654,0.53045550633900407,-0.84214232367731556,-0.097021968986429827,-0.052665393184022309,-0.146969144505084,0.98773803557634521,-3.3345554049177757,-9.0950800659697837,-0.54860254509852802,0.21555952306089,0.1016420187703612,0.2352941176470588,1,4
-0.26098115607399092,-0.96136019873791312,-0.087609385666623463,0.96454178658688572,-0.26338707519650006,0.016923077356445548,-0.039344352861143718,-0.08008630907984976,0.99601114702392002,-21.112461117740988,3.8748273946848029,-1.4370467810466965,,0.1563601611981523,0.2592592592592592,0,2
-0.87308196835160845,-0.48109210925136436,-0.079235465262436994,0.4872520310262865,-0.86680799985956292,-0.10596862573527759,-0.017701265492621816,-0.13112693771890618,0.99120754204375494,-4.4247669330792849,4.0597530791831629,-1.2361318558073617,,0.3388105176747361,0.4225352112676056,0,5
0.70134772881386698,-0.68381545526721432,-0.20126546257449335,0.7124990138154782,0.66404503171946005,0.22669219475022634,-0.021366295879338804,-0.30239149952734429,0.95294431233624699,-3.4567539476522438,-3.5836860292874482,-0.87564004437737519,,0.1422392864709874,0.2857142857142857,0,5
0.37723527599834406,0.91913603858142212,0.11350105340172946,-0.92514785566518232,0.3683929723645557,0.091586369458133712,0.04236734238263231,-0.13955486553057492,0.98930755976398699,-14.993433596910302,-3.8880063630400796,-1.0932025497483118,,0.1438799486794125,0.2777777777777778,0,3
-0.69792094964951545,0.71461724583623509,0.047207414605685692,-0.71616159263723134,-0.69679060326633202,-0.039942814510829712,0.0043498588050628643,-0.06168506426336666,0.99808618444260677,19.177785454214103,-3.3390085138108687,-0.18646698262660696,,0.1822021198301918,0.2941176470588235,0,5
-0.95537092377915034,-0.28593427060679322,-0.074215839885669654,0.29522889088032056,-0.93293441777687081,-0.20609045129968651,-0.010310188502157988,-0.21880348493544102,0.97571447411276924,16.806527115395497,0.4120905273440188,-0.40497797023986776,0.5967117142773533,0.6259739893383791,0.5384615384615384,1,4
-0.99529312860311914,0.096909840811414835,-0.00026628804177426866,-0.096906894037241301,-0.99527806910851435,-0.0055334473596801567,-0.00080127615080873406,-0.0054815969875291262,0.99998465490776245,6.0530020849095578,-15.669305539640508,0.11355511760164992,0.1422694525717328,0.1407937761261295,0.2727272727272727,1,5
0.59409375941008746,-0.75404681195309764,-0.28011785093663577,0.80402939958975317,0.54614493068938108,0.2350796445412337,-0.024276112236737382,-0.36488233728924363,0.93073710053323255,0.84244403861065875,-13.394689013092275,-0.16529059443275457,0.6764334708660407,0.4640251285279123,0.2307692307692308,1,2
-0.18998727201006174,-0.97247303448085343,-0.13491120665747469,0.98037208147679977,-0.19528745072747633,0.027081237955657041,-0.052682239274941846,-0.12711808996348456,0.9904875430155663,-7.6483926111509195,20.489183205346258,-1.5560323224893684,,0.2175494432650453,0.4230769230769231,0,4
0.3570592122453306,0.92620742375253828,0.12103109987284412,-0.93312256698785645,0.34781514302107813,0.091142203524057788,0.042320136208875384,-0.1454800139913156,0.98845564978928102,-20.225293137984085,3.1367826273285737,-1.3888102310504709,,0.07980782287567803,0.4210526315789473,0,2
-0.97350215784271299,-0.22804825955039887,-0.016957004205269292,0.22792713979009555,-0.97363853530295408,0.0087875776085664329,-0.018513984516842046,0.0046897642962340814,0.999817602609675,17.355524756739946,-11.007263943513232,0.17563908762992009,0.90741863335879,0.8729233474152718,0.972972972972973,1,5
