axis_00,axis_01,axis_02,axis_10,axis_11,axis_12,axis_20,axis_21,axis_22,location_x,location_y,location_z,dbh,dbh_approximation,score,reconstructed,number_clusters
-0.31594326174230636,0.91856201015824646,0.23753671053896944,-0.94766229439365679,-0.31766000698861313,-0.032067050761557997,0.046000338522477986,-0.23523595272414444,0.97084912082247943,16.659609246042496,4.6182707343032812,-0.21480299015569887,,0.4949678103455897,0.4,0,4
0.33794094761206339,0.9203157545923526,0.19701479075483092,-0.93815175276110307,0.31265144039078496,0.14872916866854929,0.075280838985302176,-0.23509144746391053,0.96905356230241091,-19.352765177563064,-9.087939898888683,-1.3271491316829891,,0.0853377629117274,0.625,0,1
-0.50602616499937636,-0.8552227626158182,-0.11194439083666247,0.85879156488110897,-0.51162999698284195,0.026679472940684606,-0.080091000899473963,-0.082636387209900547,0.99335625990065368,-29.274426987557149,5.841121668943404,-2.9144642919558499,,0.07491776036635331,0.2,0,1
0.87583428076044156,-0.47610343070635064,-0.078992632026558346,0.48233718372702356,0.86905331599227986,0.10998715905552849,0.016283545041656307,-0.1344316080111583,0.9907890738842503,-3.4808996373529277,-16.502569267228033,0.038718495672528705,0.4135147641171781,0.4013510426070134,0.8625954198473282,1,5
-0.98671394020509307,-0.14262687659255324,-0.077802148289071504,0.14550443546988581,-0.98881920863687578,-0.032634826326094268,-0.0722776553544172,-0.043521795737275021,0.99643454066600512,-22.992475776912379,8.2089371947883851,-2.7469929715518187,,0.184436767315564,0.4166666666666667,0,6
-0.72285591421480888,0.69099727892891172,-0.0014449212826258754,-0.69048195743000607,-0.72239453587929792,-0.037159130713210295,-0.026720661449536703,-0.025863005327565386,0.99930831639045481,15.018511589489901,4.3318492406525779,-0.31219311317530152,0.6761090309568664,0.3053577643912281,0.4666666666666667,1,5
-0.99865075511817736,0.013843765381528724,-0.050050169449805296,-0.013878250083150431,-0.99990363412291672,0.00034152951946925312,-0.050040618266789724,0.0010356774808415678,0.9987466465003183,-18.980530313901923,8.6390724852181897,-2.5723088151192082,0.2823048316804481,0.2520108695030007,0.5857142857142857,1,4
-0.25492837031582438,0.96695967017246032,0.00072268117761478819,-0.96634252340700599,-0.25479222754272746,0.035539389966560551,0.034549290347243536,0.0083616412133988224,0.99936801504386752,-1.2916514158062404,-15.152526806307865,0.090366164632851451,,0.1064837601163593,0.2553191489361702,0,2
0.17076933073283157,0.97487744693474609,0.14300978686457699,-0.98326555729901255,0.15926283543390318,0.088454468960112068,0.063456122718952124,-0.15572190824525758,0.98576062397619246,-2.844347713194681,-13.201130945173958,-0.17369146988477582,,0.4240068330663331,0.5098039215686274,0,4
-0.9981603810391092,-0.013122099173704709,-0.059191758185883549,0.014358558602773103,-0.9996864895390416,-0.020512299431273234,-0.058904036523071857,-0.021324472945021156,0.99803586174791592,-13.675018752548231,6.8652826309515085,-2.1347983096562637,0.3268063766247548,0.322581904198528,0.8008658008658008,1,6
0.00013325203265125964,0.99507531418623263,0.099121649204735554,-0.99757262904854271,-0.0067699190077610601,0.069303809201279612,0.069633555252297766,-0.098890279066241996,0.99265899516859568,12.518183232872968,-6.0921115050045609,0.34266639665912046,,0.1534957910870628,0.1428571428571428,0,3
-0.68276748837892798,0.73052116686963764,0.01293760287509293,-0.73063009770622356,-0.68272465769455437,-0.0081671354616009422,0.0028665551668948116,-0.015028856619081184,0.99988295131490168,-20.520985641962803,15.522790321075931,-3.1232691774391359,,0.09917594548678664,0.1304347826086956,0,2
0.97872124086178947,-0.19395261586072987,-0.066985934991895035,0.20279244808845123,0.96407525729227561,0.17156375280088973,0.031304243869658653,-0.18149733077269237,0.98289305788480152,7.6609383375808822,18.93432545363121,-1.8541425429091305,0.3797918475539473,0.3218545774905011,0.4347826086956522,1,4
0.76680892603092354,-0.6204992520289988,-0.16427035396186229,0.64187307999233789,0.74196230788412987,0.19362562552618456,0.0017378551298417586,-0.25391457601073131,0.9672250864968498,-7.6149196374271906,-1.1679447979794648,-1.3248651432746874,,0.4664307751515087,0.3010526315789473,0,3
0.71384430714514968,0.698695168075115,0.047448574951718996,-0.69756499782156012,0.7034308760909701,0.13633809583567555,0.061881976137392707,-0.13042263864213871,0.98952541976391561,5.0334023179967229,-16.710702917419745,0.65768366946019363,0.4729166096886626,0.2239502077663818,0.4,1,5
0.97873819084489144,-0.19033260706246333,-0.076452942850335034,0.20181840848767824,0.96016092356854887,0.19328820669532173,0.036618079921962296,-0.20460816098288645,0.97815878909409748,10.837277910601394,-12.065479125469638,0.71325239358241244,,0.2159466923875676,0.2580645161290323,0,9
-0.33090378958951261,0.94259754150311492,0.044861529037504295,-0.94246896515333867,-0.33250314830792038,0.034552946156813126,0.04748612174197895,-0.030846898022401301,0.99839548132205658,8.4125018233934288,2.8287732489389743,-0.64302592934331493,,0.2990096466901532,0.3090909090909091,0,5
-0.13673757165930284,-0.98157456200126836,-0.13346990570437886,0.98951312358336829,-0.14167207059735998,0.028156751747009379,-0.046546909167022886,-0.12822013743821761,0.99065280578127957,-9.8157778382107228,22.220585297879715,-3.0324723378513663,0.2904179668890906,0.2300880055099956,0.2941176470588235,1,5
0.84789749263623404,0.52417383592897981,0.079445778419538857,-0.52390470301735159,0.80547971491102033,0.27699511010695133,0.081201626446076536,-0.27648547628105241,0.95758136848424069,6.1407631614397182,4.6363552434652027,-0.90737952253693044,,0.620754223718889,0.4076923076923077,0,3
0.57956558417431703,0.81491920966012621,-0.0032272848645241458,-0.80608139475505702,0.57385305936587749,0.14465632127965794,0.1197352023025126,-0.0812363710620852,0.98947669671712757,-26.234613112693523,-4.2759295171891685,-2.039498396554277,,0.1311950816869316,0.3181818181818182,0,2
0.98813054394483735,0.14777344387147004,-0.041964716246465021,-0.1370651434927565,0.97147780086860547,0.19350459647979654,0.069362630879969495,-0.18545590232145293,0.98020147609129082,-30.146271666511499,-2.4392316620571681,-2.4326284067196209,0.2753059603488592,0.2353295131525338,0.5909090909090909,1,3
0.51000340798832122,-0.85322018595315841,-0.10914136760346868,0.85988046735677326,0.50240437618713607,0.090528584691859718,-0.02240771515783321,-0.14001841689603586,0.98989531629932082,-18.598254686278278,3.4273388466994286,-2.1216078903831974,,0.5234819706632323,0.6335877862595419,0,1
-0.63448229240803145,0.76301753089977886,0.12343608937524833,-0.77280930802451597,-0.62914279202656809,-0.083337390597996538,0.014071035900671039,-0.14826865744525833,0.98884701100223904,2.7067602103844703,-20.809692899783112,0.80142434036087817,0.8095537294682326,0.5507141800422323,0.3111111111111111,1,3
0.031948526896411381,0.9975015168997089,0.063008058309463807,-0.99779065813897416,0.028156798540557037,0.060174722488257913,0.058250271756805048,-0.06479134570855892,0.99619726327747549,-16.458749309939357,-3.4340778481880307,-1.5370180541811223,0.1295612233146702,0.08036238935430869,0.2784810126582278,1,4
0.76822891969541984,0.6341652711683089,0.087514203347995603,-0.63539075919332388,0.73864714231752682,0.22511992865555844,0.078121124386050594,-0.22854935569845133,0.97039284928037406,-5.4422667008092409,-16.000824473059605,-0.1238977488125796,,0.4699541538094221,0.5102040816326531,0,4
0.58917162716229055,0.80614804106911364,0.054791693050770418,-0.80487099425022879,0.57956392144615709,0.12762579509096397,0.071129996215290051,-0.11929374182405125,0.99030779397116186,-6.4445829394864838,0.82087021279976824,-1.3630952799317049,,0.240100423387442,0.4509803921568628,0,5
-0.82126359148657324,-0.52260991265395651,-0.2289213674919828,0.56483562970477907,-0.80136504154345056,-0.19691313213716805,-0.0805408263837738,-0.29102053087005397,0.95332063121361799,-12.29722167072023,6.1550745923931363,-2.0305902543374574,,0.09906431942671684,0.1363636363636364,0,2
0.48712013680565136,-0.84103322815617498,-0.23532335510026989,0.87305627211245984,0.46214670427098353,0.15554153611355187,-0.022061687232370671,-0.28121794549543266,0.95939030070549991,9.7880058777302352,11.135834282088931,-1.1388198016440307,,0.1688019327634277,0.2708333333333333,0,3
0.99649410117825266,0.075759549361058512,-0.035496436406425289,-0.057754392909331348,0.92988307829782235,0.36329311966377814,0.060530458585910565,-0.35996937560850223,0.93099844908968765,8.8529276012975782,9.8938996286673273,-1.1081298312592252,,0.1240893965611485,0.2222222222222222,0,4
-0.85081034928704047,-0.51239977118756708,-0.11648271989008806,0.51868559260227509,-0.85444053282376675,-0.029943812293424417,-0.08418435468001427,-0.085894413990469223,0.99274122714448743,-23.995980539130116,4.4829828225951429,-2.4936111560629475,0.2715119329720373,0.204618079673301,0.4827586206896552,1,5
-0.51525315256286808,-0.83560477373418873,-0.19047007871752838,0.85470522470782806,-0.51738648302164669,-0.042310826553411979,-0.063191515499847847,-0.18459655819956897,0.9807807823717315,1.615667186637253,32.599452363572794,-3.010870006040383,,0.3183532874856445,0.4615384615384616,0,3
-0.78856148309704654,0.61449633749845267,0.023770540102744177,-0.61492122894000845,-0.78751710679044828,-0.04109365779914461,-0.0065321952434296299,-0.047021885472523152,0.99887250072865275,0.84994024809130386,19.662872247279356,-2.2503728945352215,0.535138184446583,0.2195848490991919,0.5555555555555556,1,5
0.95082370800820382,-0.28643922051402498,-0.11784247638626993,0.30924955712594249,0.89918593625764487,0.30956318168327396,0.017291260999108968,-0.33078274590398599,0.94354850818878422,-15.118616749700648,13.615001064437456,-2.7550051560462263,,0.3834820804138092,0.1720430107526882,0,5
-0.011384596192850305,0.99792888418830028,0.063311397648607784,-0.9954614328649537,-0.017293509745232041,0.093581356044592612,0.094482414490628802,-0.06195866867021891,0.99359659657661603,8.9824202954352685,12.235171898159356,-1.2834751091086789,,0.1968406938267915,0.1176470588235294,0,5
0.87904256719264595,0.47393685206955161,-0.051652931318228602,-0.47038153466277594,0.8798476390072939,0.067892149631467835,0.077623301344722215,-0.035383504400973431,0.99635467114108089,2.9611010231134305,-2.4955088489072308,-0.60749501052204247,0.4643552151393969,0.4360015889242207,0.9750982961992136,1,5
-0.39102458932650275,0.89128849123624654,0.22957481554355139,-0.91979732455783147,-0.3873011475866755,-0.06301351294999874,0.032751370632316736,-0.23580213414610982,0.97124904182904848,-17.015596460624209,3.3547915278675009,-2.040177075548343,,0.1183671659747664,0.4,0,1
-0.049117954654790588,0.99801356885632053,0.039450512153818999,-0.99691772234620446,-0.051406730872559377,0.059265528708100486,0.061175823677204144,-0.036417913170099861,0.99746240741079994,7.8950916015477812,-20.97794327707695,1.2103366575346024,0.4683826579144201,0.2582316621740429,0.15625,1,5
0.26408104638713165,0.95084844429287174,0.16170478324682633,-0.96184515814307503,0.24719425562944042,0.11725566826610033,0.071519876228923307,-0.18649996238506952,0.97984828995848461,-10.526534842403299,7.7655866427023952,-2.0555468376473809,,0.1015641559561049,0.3170731707317073,0,5
0.68030577486437127,0.72120474392921474,0.13056710925873372,-0.72835980004145684,0.64539147587479861,0.23013440540631297,0.081707125575161868,-0.25166159858457554,0.9643600911630984,-5.4731245913639279,-5.7702501458009152,-0.85613097504877811,,0.08887108734689697,0.2255639097744361,0,5
0.9983124401198199,0.011802388413051913,-0.056859260721160716,0.0051425470042147587,0.95731453958078716,0.28900246801287638,0.05784311637800052,-0.28880716046346855,0.95563831963390178,2.419455998414485,25.898189311171919,-2.5775715945583206,0.9542949845202658,0.4750537516140866,0.35,1,5
0.87498641051510107,-0.47328223420008908,-0.10199366747240785,0.48369955419960148,0.86361850552640718,0.14211902821030972,0.020821207481957309,-0.17368650984721926,0.98458086189814065,8.8754648017509847,8.6836694170314139,-1.0434717684807127,,0.1749441176901188,0.3571428571428572,0,1
0.99283627626108018,0.11211531838446907,-0.041307189732324869,-0.092791705137199809,0.94129909344027707,0.32457004813482759,0.075271694532301509,-0.31841195340637335,0.94495925834406957,-1.8708203307325098,-16.593297595933805,0.16019304502520545,,0.3880083890141373,0.25,0,3
0.98346619386725609,-0.15186202666876561,-0.098651763168764325,0.17469353274092594,0.93911402305971525,0.29588345900217194,0.047711792449518085,-0.30822520427221717,0.95011620779386896,9.6454662641160755,-5.98653950085441,0.10886740188825669,,0.5094320676694939,0.1875,0,2
-0.31356645091649266,-0.92937153325876332,-0.19479382440901746,0.94815354187877865,-0.31762697990389482,-0.010861061635892401,-0.051777812645598519,-0.18810011909987476,0.98078407578439553,-1.8230724139235428,7.9182685582779015,-1.5779458878169537,,0.373153883002004,0.6180257510729614,0,4
0.12111745942987445,-0.97427129830229875,-0.19006840433276925,0.99125783603260387,0.1086166813428552,0.074902062975750541,-0.052330330834147697,-0.19747874275075022,0.97890943535976316,-2.5083234157235785,-14.194887692694914,-0.0855645200764929,,0.08907319540908241,0.1481481481481481,0,2
0.96175193351664479,-0.25391696874578745,-0.10275889917639768,0.26798049417593933,0.94988562039026392,0.16094645978405769,0.056742163496059435,-0.18232794947224301,0.98159912679414707,-29.261843303514091,3.7857954379244263,-2.7800083328027005,,0.1979809173151274,0.5652173913043478,0,3
-0.78562206714368532,-0.58958546138255774,-0.18758185238236885,0.61087393613524565,-0.78725696958184832,-0.084020818821514756,-0.098137667424470165,-0.18059747387802155,0.97864883929904212,14.041937113970283,5.2517145658555258,-0.45259493591666877,0.5114941049259488,0.238128385010607,0.5531914893617021,1,5
-0.43654586158706071,0.89821907003696511,0.051285601811235912,-0.89921662391531498,-0.43744383133781167,0.0072358619969614246,0.028933959382598955,-0.042958080106376133,0.99865781394230313,-24.291530298440652,0.54831269987774411,-2.2457530600933584,,0.07725531246114564,0.25,0,1
-0.86672746558117819,0.49809919108946682,0.026090156060221484,-0.49729965122808173,-0.85893879490005354,-0.12213600412684253,-0.038425997653359016,-0.11883325482230485,0.99217039879885605,1.9241167159615962,6.8548694115598332,-1.2960408205473677,0.7774219428763269,0.503588244389918,0.1020408163265306,1,5
0.40138422240660881,-0.88756900275190764,-0.22607956864127937,0.91270351363904267,0.36696712717227337,0.17974265983865664,-0.076570243528334789,-0.27848948441352944,0.95738216239759688,-7.1484813435205039,2.4425991275576231,-1.4885373554996304,0.6119427887720511,0.4111886007564332,0.3642611683848797,1,2
0.99511545866538376,0.095482164438455724,-0.02506751282698317,-0.08202189917232823,0.94101559202195084,0.32827132623447591,0.054932977175351581,-0.32461178636291838,0.94425079093052766,-6.5320613689098055,-5.9061655029296967,-0.9399824147003617,,0.2580719991502118,0.3972602739726027,0,3
0.15505724972928978,-0.98352457470533805,-0.092933633615992661,0.98644644510413326,0.14903086108142133,0.068652846894698596,-0.053671782603202454,-0.10231917413668398,0.99330263583470868,17.251467468242431,7.2236188952907785,-0.36071750875679798,0.4972013168008951,0.3670564388701023,0.6923076923076923,1,4
0.31343850654004934,0.94106784982316816,0.12707322553214553,-0.94409127203859122,0.29441085726549249,0.148370877144921,0.10221532506673796,-0.16647386928103111,0.98073364282464781,-2.5411128171406641,-25.549604120543389,0.76372064712932375,,0.5330702352303653,0.3272727272727273,0,5
0.23456353245658532,0.97205336555153476,-0.0096022789702931901,-0.96948912849262836,0.23464552112484746,0.070938770433759027,0.071209402301193783,-0.0073303435106166657,0.99743445252704377,-3.8103713729533037,20.428871208522079,-2.5775579470920591,0.4929222628456312,0.3855794879519606,0.6323529411764706,1,5
0.95355720793275967,-0.27125588783331139,-0.13095378770865035,0.29901354645626693,0.90488752634544645,0.30293475155561961,0.036325614036464095,-0.32802257236382532,0.9439712081333268,-21.162590627736989,-10.072009725900797,-1.3636440638755538,,0.2052432914774455,0.4761904761904762,0,1
-0.9973428510827187,-0.030820570986648744,-0.066010073460429017,0.04166694389190085,-0.98459198456329156,-0.16983076788505774,-0.059758707992253947,-0.17212994027122677,0.98325997603956217,-9.9053447953818967,-0.85097755693392618,-1.4643178245254562,,0.2922459671019842,0.1938775510204082,0,4
0.39046979640232443,0.92039755834331582,-0.020041773703692263,-0.91738782908592031,0.39082993003898003,0.075176704042866041,0.077025379859823079,-0.010968153052754176,0.99696880115481123,-16.708653723668697,7.8494050259394985,-2.3963840388179785,,0.2139894015735594,0.7631578947368421,1,1
-0.10697588637352284,-0.97260737870789993,-0.20637598362587412,0.99210977967004599,-0.11806829574970309,0.042167079835025795,-0.065378473656486746,-0.20023677090311989,0.97756375278579122,-6.4524388732410136,17.507762936548865,-2.55962048324563,,0.6070406987310359,0.5048543689320388,0,1
0.82055955166726025,0.56956533963322198,0.047721547084299092,-0.56604441974314623,0.79822981761834944,0.20596813623136709,0.079219549640674708,-0.19602163695232891,0.97739438345084584,-22.354795396920743,0.84758080840284633,-2.1466885452864717,,0.06936886725214125,0.4285714285714285,0,2
0.78963668067435722,0.61326683447110175,0.019434563832984586,-0.60833632406565041,0.77837228142890269,0.15512417066807338,0.080005183306308417,-0.13431448634067694,0.98770379638997252,-13.489389384737249,15.438998016820474,-2.8674381497484349,0.3170699663539689,0.1698085997473143,0.2592592592592592,1,5
0.35244546982885233,-0.89369372836202232,-0.27765754209729071,0.93520156073379435,0.32545696932645146,0.13955573050906001,-0.034354498951311582,-0.30885155172546963,0.95048960404550187,-29.350187016399516,12.666744180684326,-3.3703609167094983,,0.2944832643593409,0.1578947368421053,0,2
0.44693479909274969,0.88479706551917692,0.13184626732895319,-0.891754187270272,0.42898645122319345,0.14403157345828049,0.070878451209524199,-0.18194718331313869,0.98075046145212408,-0.98791097503516179,-10.825554131146927,-0.23508939756478342,,0.2958478442844238,0.1919191919191919,0,5
0.57685894767293611,0.81683313525193879,0.0041693697557012351,-0.81258913787764786,0.57332654077854839,0.10485976655592859,0.083262521538402703,-0.063877279163961145,0.9944782781507473,-2.3785814469107214,3.9205364744287525,-1.3376221692659784,,0.08845459785850482,0.3202614379084967,0,5
-0.94247656883630682,0.33317533045041986,-0.027057649081123361,-0.33115217107088879,-0.94164948522762615,-0.060286703057843699,-0.045564863541772929,-0.047858605807121493,0.99781430990972431,-2.5524253555668048,16.730925663538105,-2.2753097783685532,0.2736148687948346,0.2340501351469079,0.7073170731707317,1,5
-0.38699288527759262,0.91784168500477625,0.0883354289745414,-0.91974656331234306,-0.39105205089299816,0.033831239520787919,0.065595472554567408,-0.068153758223389024,0.99551609691675491,-5.757686973106062,10.804210809758347,-2.0106295196033495,0.6322510929346723,0.5292403525272869,0.9464788732394366,1,5
0.52281571447576014,-0.84872518721407886,-0.079556805401086089,0.85208967953926185,0.51761928885898345,0.077546436564146545,-0.024635476855087268,-0.10833202845671237,0.99380947112138907,6.1637052161883252,-13.148582213326174,0.44586078976035348,,0.3368529234633019,0.8113207547169812,0,5
-0.87798543867895118,0.47868166377670796,0.0023311438592405467,-0.47821234056758627,-0.87688692402870028,-0.048808603712413509,-0.021319634063478282,-0.043968025102877645,0.99880542948662021,15.002100013693141,3.5613738846651155,-0.24764259993240129,,0.3255681221501561,0.6222222222222222,0,1
-0.12161485075187629,-0.98561000820897438,-0.11739991394760829,0.99020192709127541,-0.12865019443633141,0.054307191569988714,-0.068629233285271235,-0.10964506003373382,0.99159870368454783,6.9316805434050499,17.38094269014476,-1.8038839696785629,0.2044323853763305,0.1603927785559416,0.3870967741935484,1,5
0.96332085725992,-0.25448602649717561,-0.085145688591338253,0.26552039903735775,0.94987736094072406,0.16502095887289342,0.038882433862304618,-0.18157604877837227,0.98260790493816952,-8.403653023491886,12.446533369740402,-2.3165699604882937,,0.601024567787851,0.2857142857142857,0,1
0.54039868045600992,-0.80500045813116161,-0.24483367531861683,0.84118165372545184,0.51011010983666194,0.17944665301459733,-0.01956250487836116,-0.3029223303935305,0.9528144468635199,1.5403023542806207,-13.684224434720237,0.16953058759590064,0.6385386375777681,0.2347611231328264,0.1875,1,1
-0.98860355341374206,-0.13519584262360945,-0.066220074864155487,0.1360847095629672,-0.99065558931651154,-0.0090804834187481007,-0.064373643681906095,-0.017988537829615465,0.99776372278504244,4.3337330089107153,-4.4224660475912216,-0.3673290023291379,0.3422960992116936,0.2910479767549522,0.7943548387096774,1,5
-0.52255373981908559,-0.83563662932044958,-0.16926019242292217,0.84813953103943707,-0.52976441020090093,-0.0030009286387744634,-0.0871603401168837,-0.14512440670834387,0.98556683268475498,4.2567270654549496,-12.101327617852045,0.2178664514074595,,0.1505170654394251,0.16,0,5
0.9243741635752184,-0.35149559344749071,-0.14826750656031018,0.37995751345094969,0.88305638570720946,0.27539736315711416,0.034127608864183437,-0.31090556033740585,0.94982789960313174,4.7481244354187613,-11.102424512066911,0.19813792498875837,,0.1344798995162353,0.1304347826086956,0,2
0.92257528311028469,-0.37475653208200815,-0.091719074656501601,0.38394251688229664,0.915178932549506,0.12262000304858107,0.037986717732194045,-0.14834103639726112,0.98820642893907595,-1.4492934387437104,-2.4481365581259422,-0.87535490273565264,0.3122764310909747,0.3032799101028668,0.8378557246856386,1,6
-0.85001215703871724,0.52555852955821136,0.03560287762243098,-0.5262368813331354,-0.84420107336893535,-0.1019769211513699,-0.023538853225308482,-0.10541717000255646,0.99414945690147072,-17.701620975778951,13.655451891499141,-2.8862465027279489,0.5145884099488395,0.3822741269408839,0.2272727272727273,1,4
0.55726532877011326,0.82483068552494421,0.095444714715845688,-0.82641835217112114,0.53980999319951739,0.16011832636118339,0.080548498095911039,-0.16810565564069699,0.98247260928542168,7.5974472779647888,-11.617257960404011,0.44119986933943051,0.6121643346062133,0.6475030249073513,0.29,1,3
0.71317651797285808,0.69769374053076016,0.067843191525056343,-0.69423785765129853,0.68960141446117018,0.20611571065032411,0.097020880308541543,-0.19409619676168116,0.97617294327737114,-4.0930762722458107,12.107463326374564,-2.0207467846239071,0.8697487599524624,0.6682276854555118,0.5043478260869565,1,4
0.95842905141867341,-0.24848542968636891,-0.14024530163354498,0.28284684696813212,0.89211491103213225,0.35231895588276047,0.037568797650303888,-0.37734066405267414,0.92531216824129081,-10.283355366755995,23.656595784018027,-3.1483931195257493,,0.2932156469143474,0.1538461538461539,0,1
-0.73183997624116892,0.68099234480365256,0.025684148694269951,-0.68147597355521472,-0.73127164139677603,-0.028849331982524686,-0.00086408465926082409,-0.038616224669028969,0.9992537418243741,7.459150708748381,17.807654830058777,-1.7988441105504807,,0.09685275911196803,0.3,0,1
-0.72499799567291423,-0.67769481154732902,-0.12291317533969952,0.68827648620895754,-0.71949159133089124,-0.092775689358756103,-0.025561392804537567,-0.15186043726386486,0.98807136523224859,-13.888261956444167,25.847580073732612,-3.4633437233176609,,0.4676814061417569,0.45,0,3
-0.17597458327819068,0.969367636896456,0.17134564650976047,-0.98332447708319426,-0.18121426082032635,0.015308966144222736,0.045890291011600241,-0.16579437931704258,0.98509202868450152,14.429453485550141,-3.6860725465771078,0.24938688306456627,,0.4818081538776391,0.25,0,4
0.74367419934680912,0.66656566320961463,0.051370242901991103,-0.66350344929745986,0.7264708796549435,0.17889447667199279,0.081925929938306205,-0.16712354006333,0.98252626649899022,-19.125363024469788,-6.2294061609301288,-1.5133019395478315,,0.2837089076967819,0.2142857142857143,0,1
0.92588328919152374,0.37715610681690043,-0.022212741537330792,-0.36283323051503397,0.90403247754467364,0.22600293444657685,0.10531942665011865,-0.20119281954174756,0.97387333248987373,13.283521255966317,-10.452046920821331,0.77308461191403388,,0.2303111087469235,0.1875,0,2
-0.98195761770552525,-0.17842428473033364,-0.062641932030866182,0.17662603258233459,-0.98371786064352673,0.033202639430447697,-0.067546144555517634,0.021539388788753791,0.99748362046015215,0.6403309721529018,-19.552265527099546,0.53040446726251045,0.4151129197798094,0.4461980002543814,0.8720930232558139,1,5
0.74529411159668912,0.66646140435082424,0.019128087463996253,-0.66166569235456996,0.73579078631049055,0.1442582071895343,0.082068256836919526,-0.12017119160313887,0.98935518694169267,-17.406019539803758,4.0493617475825774,-2.1216739668172315,,0.2121213449414851,0.1176470588235294,0,5
-0.095639183920943185,-0.95229211470478115,-0.28981524247360047,0.99256961075004158,-0.11323665171543931,0.04453120842496034,-0.075224426315173551,-0.28340287397867392,0.95604607457286328,17.833089555247351,12.33201490946653,-0.6951149837788877,,0.454344138287426,0.1555555555555556,0,3
0.89424152930527478,0.44673067958145346,-0.027636699992155064,-0.44114693028535767,0.89013243512740292,0.1142525003401054,0.075640420183717971,-0.08997748526633069,0.9930672580342067,-22.402334663291853,16.618770987731811,-3.2837744423569566,,0.22422364650733,0.7719298245614035,0,5
0.84766682167115071,-0.52153978171430637,-0.097248216062419415,0.53036626421718258,0.83758768131375005,0.13099046488872873,0.013137169338897348,-0.16261344409626594,0.98660239335859679,4.0134254263714775,-18.014159481945057,0.67777652500218533,0.4276501035929645,0.3973944126867989,0.8677685950413223,1,5
0.84510974007311046,0.53350185722470134,0.034136425872577827,-0.5316118106346116,0.83194800512265921,0.15890688961217983,0.056377389327189872,-0.15244108734269102,0.98670325065970477,-0.33421750232201125,-25.318198947392549,0.89049499898460049,0.4449195506581534,0.3091348937604979,0.125,1,5
0.48828601486839918,0.87038915567833541,0.063241484497843323,-0.86726477007338054,0.47591489351515898,0.14613977117821278,0.09710090768629806,-0.12620511799451065,0.98724043774477144,38.998179174167177,0.041275180592699391,1.7682131174705769,0.8632528476489523,0.5364590953290473,0.4782608695652174,1,5
-0.50729732711822151,-0.85051646765863298,-0.13882060416303243,0.85907214009076638,-0.51184314043022372,-0.0034143395255931668,-0.068150421998532787,-0.12098899882223699,0.99031165909799002,-12.034914751567372,20.782061889322122,-3.0688551570442266,0.332694836460658,0.31412284243364,0.8103448275862069,1,5
-0.78486978330989199,0.61571902050094907,0.06978188189234398,-0.61960778997981325,-0.77833849373022457,-0.1013675282035533,-0.0080999903343466888,-0.12279770751572974,0.99239866645691632,5.2633853249203408,-18.412285447305639,0.78366622951549747,,0.4450633624265504,0.25,0,4
-0.3873370920948781,0.91485656335714072,0.11405018881986267,-0.92134545308800642,-0.38854993467414384,-0.012308709874516797,0.03305348940037086,-0.10984724278324391,0.99339873670715872,-1.4463685130792967,-14.343628120985272,0.018758499830157392,,0.07089696630455028,0.5,0,1
-0.37600185417307447,-0.92081274622040765,-0.1035687793518951,0.92272627623224812,-0.38231047044397276,0.049141869515485083,-0.084845888580289783,-0.07708820004993984,0.99340756218386073,-13.970407156734701,14.637279873974373,-2.7935822221790021,0.2394411204361375,0.1989258847165271,0.5208333333333334,1,5
-0.63110176405983109,-0.76357603708866251,-0.13660965919195717,0.77165463371022358,-0.63596056600042561,-0.010162911293455671,-0.079118200650101819,-0.11182930777033163,0.99057282228491328,7.906777535333287,-3.5709097528027165,-0.22086399489535166,0.3495860677221603,0.1826065710244905,0.4166666666666667,1,5
-0.9962213321287442,0.018346318883749959,-0.084890929992811809,-0.0091154851283230445,-0.99412287227615836,-0.10787317900328558,-0.086371090895646513,-0.10669174007773666,0.99053364771555275,-20.830597272943621,-5.7825696978709757,-1.6458823707539367,,0.1882384280972089,0.24,0,3
0.15789313610578407,-0.97285380087322892,-0.16918995152547334,0.98622422053579295,0.14680796681784497,0.076218158645940809,-0.049310692544797793,-0.17889355216251432,0.98263195174766704,8.8509823507386542,23.853844322775473,-2.0539280641980162,0.386369931972057,0.2998180139965304,0.6666666666666666,1,5
-0.85143731856612792,-0.48286971767253795,-0.20467371181410765,0.51798649380668249,-0.83536277975231488,-0.18400820209529883,-0.082124812248068946,-0.26268966854318454,0.96137903724487883,-14.352743562661972,19.82497622415352,-3.169882023571315,,0.1644456011174016,0.2083333333333333,0,3
-0.60157033426309681,-0.79147175998945074,-0.10809988933291696,0.79501536071566259,-0.60638956966950175,0.015564897114434619,-0.077869821887124505,-0.076577692151430954,0.99401818288401012,-21.864590086705785,10.713049448091896,-2.8615065295383046,,0.3059158037500334,0.8275862068965517,0,3
0.72629545693049735,-0.67765376502701136,-0.11524011448638917,0.68738253962156426,0.71592015525114716,0.12232569447414406,-0.00039174676569188717,-0.16805863872437291,0.98577692227226621,-6.3952180701467292,-11.010175193444224,-0.54154625512490595,,0.08059330788608136,0.2777777777777778,1,5
-0.51103886439838997,0.85900103253514426,0.030927417899995847,-0.85941092332887192,-0.51128549647505317,7.7183383488508943e-05,0.015879040821802019,-0.02653991706496487,0.99952163001346028,10.450319061268029,10.32642081598812,-1.0517727992906885,0.5406221011040333,0.4452389094357091,0.6698113207547169,1,5
0.3857369790140367,-0.89993292401635494,-0.20329219191227327,0.92201181535415544,0.36808754593015863,0.1200240429182698,-0.033184263867951543,-0.23373551463670506,0.97173376694908309,-39.138873606426522,-3.0164397759756389,-2.9858459735106306,,0.7451390466194572,0.6764705882352942,0,1
0.96853933607177989,-0.21698163991111272,-0.12186271957871325,0.24556398314495306,0.91272345089274443,0.32654897392646154,0.040371830075203161,-0.34620062121828132,0.93729144091069916,7.8242461834783867,0.13590412922162803,-0.51341598302756974,,0.223968492617883,0.4054054054054054,0,1
-0.2558326574944827,-0.92216531488342168,-0.29010478001106799,0.96326466962099766,-0.26852265206074349,0.0040940921111222829,-0.081675134644885336,-0.27840028260801808,0.95698613105128894,-7.1852235577193095,11.383870495915957,-2.1581640344031436,,0.3219281686957034,0.3414634146341464,0,5
0.23506502093063614,-0.96359807828078481,-0.12737024561669741,0.97100005464138028,0.22692134045841222,0.075270174245801208,-0.04362716838525571,-0.14136990053804113,0.98899505630743567,14.551995817393786,12.414174632841309,-0.99762349183732613,0.202454562158902,0.178476423957098,0.7441860465116279,1,5
-0.64648341366720663,-0.75855423482745332,-0.081576152633801149,0.75888369425643554,-0.65036489747374082,0.033481916397901747,-0.078452115617751395,-0.040261308464930312,0.99610455906786777,-1.4225188268473665,2.5711422834999627,-1.1741226925384922,0.3747825638463749,0.3150127474568087,0.8832252085264134,1,5
0.87279299546161493,0.47768197752057157,0.10026123590489443,-0.48175262955153791,0.8100933211343665,0.33416046291216162,0.078401473157838852,-0.33995402542921538,0.93716832511622594,-13.839075823529566,0.083224510498126486,-1.6785452381665864,1.050373446070034,0.5497909276668136,0.1785714285714286,1,1
-0.099347295945439118,0.98269833794230466,0.15631407932032737,-0.99388451437062619,-0.10560878721169227,0.032254552514957513,0.04820463548865353,-0.15215374024028391,0.98718060781616768,-20.322164635753268,5.5320596334486325,-2.3918279067024857,,0.08684865930162637,0.5,0,3
0.88452262237010792,-0.45304086827411133,-0.11123714392659795,0.46595805764891191,0.86947692799577558,0.16399073204020395,0.022423626547921197,-0.19688535587104489,0.98017005545771041,-16.057998565239149,29.329003244429348,-3.7868715787000364,,0.578986407003629,0.5,0,1
0.44224263164559868,0.89687028547503611,0.0067190614749207591,-0.89345025222584173,0.43987550868727948,0.09086354414553717,0.07853726219289954,-0.046186880053057239,0.99584068532984182,-38.280102305857163,9.4556647512076299,-3.6996815537900685,,0.1790433312570824,0.2352941176470588,0,1
0.79322080765780045,0.59559632510573957,0.12675080993525967,-0.60350186108374282,0.74118377619027243,0.2939933903692159,0.081155738966290886,-0.30969602424452553,0.94736588422845802,-6.2989394326362929,-16.246340388849895,-0.13745778664454056,,0.7097873545038138,0.3846153846153846,0,1
-0.99296869540297084,-0.09841550220229478,-0.065784184086994837,0.10525206601076051,-0.98832788915033898,-0.11013621624198409,-0.054177232766061525,-0.11628573624441083,0.99173708965426222,8.1563219261957425,13.333396119798305,-1.3941758332057863,,0.21810294597602,0.2083333333333333,0,5
-0.86148719558428533,-0.50346271154052635,-0.066068978594980649,0.50221542619932225,-0.86401307831540397,0.035511493736150958,-0.074963174504260724,-0.0025881630938664937,0.99718294403787466,-9.5341180497201314,8.2403323386970193,-2.0342305926641782,0.273379138865677,0.2621807426715808,0.7894736842105263,1,5
0.89343261470554558,-0.44381528693917832,-0.069326431175329037,0.44902179116790453,0.8866965182633475,0.11022121191505818,0.012553646353922311,-0.12960430385890914,0.99148632385145297,6.8849468002592058,12.220102140624949,-1.3869416568265864,,0.1054457989716388,0.2666666666666667,0,5
-0.94283004382581859,-0.30368145192930135,-0.13729196703928612,0.32743210242454807,-0.9208469087106298,-0.21172904623579006,-0.062126699262437406,-0.24457830335536385,0.96763718756906281,-6.4568913457011528,17.964132985051119,-2.5972922022365448,0.562213999838503,0.4394400578042585,0.3043478260869565,1,2
0.7594301822566063,0.64937195444212337,-0.039772642126384143,-0.6454332968306421,0.75968391806616065,0.07934862301246158,0.081741407010308215,-0.034589151704867059,0.99605317777933478,12.735104586860484,37.763129375020313,-2.6798336849298892,,0.1934092431992919,0.3636363636363636,0,1
0.75342807462408523,0.65744233487235515,0.010756983119323596,-0.65366708192916956,0.74713035160402841,0.12048063626261619,0.071172202231262499,-0.097804979574797252,0.99265739487495142,5.4767968757215657,8.1186667482059161,-1.1940921415459274,,0.1263627235388571,0.3454545454545455,0,5
0.72541046436711776,-0.65690243287545991,-0.2055695791428884,0.68825000758401123,0.68808414793646888,0.22989591649081503,-0.0095700181447570792,-0.30825216794184118,0.95125654568673712,12.106578715640287,-9.7573420960903618,0.61740981352068469,,0.2150802812523255,0.3333333333333333,0,2
0.92126044215509872,0.38764832768358787,-0.03174857105933479,-0.38035739619333225,0.91496970459294602,0.13475418671835615,0.081286215813140397,-0.11206789781741594,0.99037030316824659,32.630839971712881,-0.82365703486893815,1.44169764153696,0.7042412121949491,0.4188576183439451,0.7058823529411765,1,5
-0.9446324974785516,-0.31834683674366548,-0.079528210357938015,0.3211119035192832,-0.94672516335320689,-0.024466517775658649,-0.067502519402293432,-0.04864932280254327,0.99653231421023003,-12.991839816260127,14.292974008434717,-2.7397029930531591,0.1558519232670859,0.130148036741189,0.4166666666666667,1,5
-0.47971827625075886,-0.86642894056630393,-0.13846034226504478,0.873759318634448,-0.48613471974242739,0.014754231949413107,-0.08009387323925761,-0.11390313959722163,0.99025807053486292,-18.718063478465659,15.295217459867594,-3.0487607097673783,,0.262634718053147,0.6046511627906976,0,5
-0.38458597769858421,-0.91415972609510376,-0.12808442896522723,0.9202790583904904,-0.39052501073820656,0.024013968348346966,-0.071972775724823759,-0.1086379821869311,0.99147249501981416,3.3750192651788451,5.8685135734002039,-1.1410831342620285,,0.1663887340191991,0.6019417475728155,0,5
-0.78245393937904095,0.62129344834678846,0.041955736098612598,-0.62254154313052135,-0.77890671967762748,-0.075804677413114113,-0.014417344654578989,-0.085432857159255776,0.99623961329125865,-34.046864910304315,-0.27052411763885176,-2.8258348997924845,,0.3821655423089235,0.6296296296296297,0,2
0.11415114317980261,-0.9780744050128658,-0.17418373853340427,0.99199434650863683,0.10268543055307923,0.073504549838984884,-0.054006786662856063,-0.18117991227191241,0.9819659395231054,-6.5124845385513499,-12.427747986907905,-0.43622761790236053,,0.09385099715550277,0.2045454545454546,0,5
-0.673270968403759,0.73822206229451748,-0.041646006366705859,-0.73939205881970993,-0.67201868373124851,0.04111291853507968,0.0023635691266961499,0.0584728608651153,0.9982862004872316,19.159812094874539,14.296854654174615,-0.75874096082384035,0.2652025041468746,0.2894594523021317,0.7837837837837838,1,5
-0.95608007207527945,-0.25312008798205321,-0.14778740420105227,0.28429294335432781,-0.92353718146061148,-0.25740356799920538,-0.071333148952366698,-0.28811333797612737,0.95493574984958651,-0.082700187606924117,19.288141907806807,-2.2853558367766937,,0.7828790946588854,0.4285714285714285,0,1
0.96899569364536531,-0.23870528808665706,-0.063774063193444697,0.24378043833925134,0.96569489793687735,0.089467658859525026,0.040229884164111898,-0.10224064523538552,0.9939458772397981,1.4923937349851051,1.2059745429153412,-0.93026873174636604,0.3748678910183235,0.3205675009470621,0.8250863060989643,1,5
-0.87441026424149504,0.4783840614504607,0.080965298364673366,-0.48474438856471663,-0.85423399398797573,-0.18790199911222308,-0.020726011293483074,-0.20355091074596754,0.97884496177400271,2.1119252278326726,9.8006396597570919,-1.4770593396462071,1.523083300240905,0.4605846096022251,0.2127659574468085,1,1
0.96088866943589246,0.27666343748299937,0.012259988165172726,-0.27401015196879652,0.94339124896745497,0.18689940607091685,0.040142266599642332,-0.18294888283811653,0.98230255252672916,-13.163372409950004,21.468209142723264,-3.1800073371612343,,0.2077790038025576,0.68,0,4
0.9980446423736955,-0.0055583392459311641,-0.062257503114005464,0.012261283228491945,0.99409624737806612,0.10780682669682148,0.061290723300952782,-0.10835938267485164,0.99222058607124863,1.6748604185023042,-11.551631959029411,0.0084095345567442616,,0.1311261418479677,0.4646464646464646,0,5
-0.74112753787890584,-0.65419376978291599,-0.15086578198772463,0.66634376594060463,-0.74420252541649812,-0.046352850568207725,-0.081950949900799597,-0.13488184733655928,0.98746692555722237,-8.9879993377688212,14.659773538126743,-2.5263483433322507,,0.08597087624608969,0.2352941176470588,0,1
-0.81580064323787815,0.57539541976137754,0.058218737621950935,-0.57821265686511913,-0.80943199311697567,-0.10242056414442055,-0.011808214667985956,-0.11721757306952618,0.99303605505039239,-1.190296184730729,-12.127596480429288,-0.13831876338168828,,0.5556134945261306,0.1052631578947368,0,1
-0.99543119014994463,0.025165532599330069,-0.092105600511894023,-0.02418590969694704,-0.99963857890837782,-0.011736836463448511,-0.09236767534584639,-0.0094555553528420846,0.99568007162148886,0.83143641286284597,8.4553321577496909,-1.4688958092046926,,0.1380391074603017,0.2653061224489796,0,3
0.98832295882827947,0.15237295649112115,0.00045954659131377124,-0.14536702147526573,0.94196838726012089,0.30259541713313498,0.045674479967749142,-0.2991288009081059,0.95311898645811977,-7.5702964368036616,26.461296459050867,-3.1441907338927457,,0.4311265359859923,0.2352941176470588,0,4
-0.46119759383749775,-0.88377965367244826,-0.078932269656393064,0.8837703790122805,-0.46546703001884138,0.047857717725863565,-0.079036046326925083,-0.047686137608807577,0.99573055374481767,-8.8808385735553905,-8.7827574728573072,-0.83924413365652906,,0.0738985709180992,0.3863636363636364,0,1
-0.71747457852460039,-0.66108011575950143,-0.21955252154860733,0.68879596591529146,-0.72029297858134222,-0.082086188516942188,-0.10387659269425427,-0.2101216446580948,0.97214121810383558,-4.7143864770407706,17.90950662057341,-2.4701457466110797,,0.2747921026579113,0.2058823529411765,0,4
