axis_00,axis_01,axis_02,axis_10,axis_11,axis_12,axis_20,axis_21,axis_22,location_x,location_y,location_z,dbh,dbh_approximation,score,reconstructed,number_clusters
-0.98485178658605044,-0.0037023767965587745,-0.17335873460636927,0.0019511954556758373,-0.99994535006656171,0.010270818689668426,-0.17338728700386027,0.0097769773610556499,0.98480518856224697,17.226194614943427,-26.595829812289072,5.095386987768042,,0.356919525891828,0.5384615384615384,0,4
0.39045371519569272,0.91929236651408563,-0.04947161973103207,-0.90182595844763158,0.39273246763355324,0.18019752921854834,0.18508332437010747,-0.025744003872571815,0.98238557059065013,20.454175778391978,-5.4207970821111502,2.6029543660746204,,0.08316015234413281,0.35,0,3
0.35028231606581955,-0.90998959701022453,-0.22185858645708259,0.93283991197984595,0.31760527903471963,0.1701075699277117,-0.084332660748956734,-0.26654421783720522,0.96012612831260558,9.1207114085088463,5.0200192263217467,-0.34696375253842465,,0.1309801800815485,0.1643835616438356,0,4
-0.79319320932586024,-0.5941755462792665,-0.13341646406300553,0.5809385935920951,-0.80400353480543563,0.12684110727836337,-0.18263319291568761,0.023102731961778061,0.98290965028395216,7.8330933984366427,5.2319575997118744,-0.58104796261529235,0.4713087251148447,0.4101074239661237,0.9350877192982456,1,6
0.84052800547112405,0.53961894481668982,-0.048208571993521944,-0.50959174194633083,0.81768096431321202,0.26779487885304665,0.18392642158982031,-0.20052240521880882,0.96226910812226818,-4.0242307758561999,-4.2141302806250183,-1.6324068366089752,,0.2454455958432582,0.3031578947368421,0,5
-0.62413834038898819,-0.76570908353516476,-0.15537352235248947,0.7566292281121163,-0.64193946942478741,0.12420116247880791,-0.19484235479726733,-0.040041440862718512,0.98001690791062102,6.9699729961809629,3.2832326345920713,-0.46495689551661784,,0.07719583323296109,0.2956521739130435,0,5
0.97385892927871864,-0.14355956654272151,-0.17603816835611022,0.20184017690400974,0.90240933455422523,0.38068088459595528,0.10420810357868693,-0.40626105371234744,0.90779547662734428,-6.0015620997702257,21.505068026759048,-4.4280394395799343,,0.6903006887600039,0.32,0,4
0.092554173448906346,0.99415252966302081,-0.055627985239493728,-0.98256621576869141,0.10023677436844683,0.15657656495849492,0.1612369579444565,0.04016636439640351,0.98609802076872244,19.830007180919132,-1.5010447025073912,2.0105992505502472,,0.09304018769922676,0.3170731707317073,1,5
0.86982272627555812,0.48867580682657891,-0.067855586925067712,-0.45211665078399443,0.8445785206927191,0.28684082078455952,0.19748154075360283,-0.21882202404440071,0.95557206052431876,-12.205008781221389,-0.83619833365569907,-3.4710716260595245,0.4498067527592411,0.2116576301983709,0.2727272727272727,1,5
-0.69107808992904951,0.7225190626432284,0.019423638618076434,-0.72149601742476299,-0.69120236236084664,0.0410218369528896,0.04306472408156295,0.014335214819943914,0.99896943454534348,15.819713543169625,-4.1074717499092843,1.7225208777922258,,0.3008705421289823,0.2096774193548387,0,4
0.9858391500925433,0.12054556498364295,-0.11657588476003988,-0.093722694068547593,0.97253132723718372,0.21307011559300162,0.13905835739481912,-0.1991270556831892,0.97005731219016034,-3.7760153858530243,-8.4442904302732469,-1.1591092819611477,,0.07107982938440252,0.3125,0,1
0.98520120275306633,-0.080717792435256591,-0.1512059128416938,0.12818176668614836,0.93262001083798995,0.33732677046710247,0.11378938783176962,-0.35171658102643705,0.92916490562652265,4.2999822521593245,15.599974390366175,-2.2464477258900324,,0.1402179337225383,0.2222222222222222,0,5
-0.96647211965733082,0.25081549737883241,-0.054983890365043794,-0.24216167370355712,-0.96153968478583052,-0.12961156727336343,-0.085377782321621493,-0.11195097523726437,0.99003919792565154,1.0370910747150215,-36.940640883092954,4.7084410590644996,,0.6357840209528469,0.2272727272727273,0,1
0.99118121778045187,-0.021431092189873005,-0.13076888699843769,0.06487932554027101,0.93894964180776019,0.33788199606744179,0.11554421939976288,-0.34338648551832718,0.93205968420840479,17.317572515856913,-7.3197710782213186,2.3501667726081559,,0.3954764436902189,0.3684210526315789,0,1
-0.99013226492501527,0.075312859715980257,-0.11817813298517907,-0.087576419726487914,-0.99089500225336624,0.10226174855337423,-0.1094004966275364,0.11160227448714748,0.9877127434972911,5.1126529639443588,-11.253810236291415,0.63379974307263487,0.1298597340235122,0.1173025246287133,0.38,1,5
0.025115795058817114,-0.98115119335987677,-0.1916025381018033,0.98851129871664711,-0.0042008937222761849,0.15108859917763937,-0.14904566128569702,-0.19319598406908883,0.96977353159976742,-16.760612206395962,6.2672616960779193,-4.8532684846105782,0.671593216968395,0.6014537981900203,0.9954545454545455,1,5
-0.42836395095530938,-0.87698476366925981,-0.21772011807347888,0.88372997211445281,-0.45685745766377117,0.10150172295869522,-0.1884825241462596,-0.14892611479847295,0.97071898633048614,9.6211713205038478,-0.7639401406860532,0.35445623781772617,,0.08473099943188882,0.3,0,5
0.52975679793628516,-0.83364066184873964,-0.15620813664047503,0.84588600868938157,0.5058580316329383,0.16906954822201681,-0.061924109552269735,-0.22170001972224693,0.97314670318062202,-10.898919991634726,11.076677257529756,-4.1942472596131593,0.2216726928590365,0.1370357065908736,0.48,1,5
0.99543927505803043,0.053182360716001201,-0.079197766260265257,-0.025281456322554248,0.94757112550372058,0.31854326249007803,0.091986399202019356,-0.3150882394191904,0.94459404176691752,-4.5730345293534809,4.6234112454390264,-2.518551284474674,,0.211977190181051,0.1973684210526316,0,4
-0.96147042626513624,-0.22634860327682774,-0.15601579795702006,0.22543571496277381,-0.97396832785511422,0.023757835640784396,-0.15733199876935225,-0.01232907659724649,0.98746880256213598,-0.39729740407606146,-12.102698504610613,-0.024722099329120228,,0.1225556299013731,0.2582781456953642,0,5
0.99210157336695826,0.031500066453838182,-0.12141751906628079,-0.0072445059509515268,0.98072846106699096,0.19524139619122574,0.12522773357500927,-0.19281968640825115,0.97321045168919706,10.614755719689056,5.4802593549866847,-0.22473818115463762,,0.09689164687741368,0.3857142857142857,0,5
0.97142134670395053,-0.17673845043911127,-0.15844269407033507,0.21871530513369628,0.92583329239935819,0.30821474654084852,0.092218124401649532,-0.33406022633852589,0.93802962784258348,-5.7175452921168182,8.8392001262400068,-3.0993307357571527,,0.2836217176420613,0.2891566265060241,0,3
0.9776176088412547,0.1689017611611614,-0.12544323800096177,-0.10819172379824002,0.91496096790747039,0.38876854053201204,0.18043935763871832,-0.36649505082945288,0.91275572632136548,9.3614768273399829,14.649111429056228,-1.4247230408693132,,0.259865602704261,0.3333333333333333,0,2
-0.30002713522106694,-0.93738301920098699,-0.17690899763630655,0.93568165589431107,-0.32528382573694459,0.13671236789997482,-0.18569748774262029,-0.12451308376062403,0.97468606998279173,17.515599222432943,4.8410945854864282,0.86288376057525629,,0.1072327458860567,0.25,0,3
0.94342367260151938,0.31585943223080626,-0.10091874476971102,-0.28800549080841814,0.93137744730300653,0.222685625758687,0.16433079820673774,-0.18102173826965787,0.96965278271893174,-11.686177206338195,-6.9289026901278605,-2.5136344328204849,0.4410459704928474,0.3822835730945607,0.6511627906976745,1,5
0.828205804489064,0.55959082722146247,-0.030549165294997752,-0.53039660950952783,0.80026881756075485,0.27973068523261529,0.18098226993664168,-0.2154714035075424,0.95959235732631265,-16.339050545163442,16.722819933945942,-5.5547816317714904,,0.4141823331806051,0.24,0,2
-0.99151720855285086,-0.044063910035739715,-0.12227835857552236,0.035567672406139277,-0.99685501054150216,0.070816866902669112,-0.12501426247901212,0.065866985589618676,0.98996614810111783,10.809166234131279,-17.447815937539616,2.5442420181880463,0.2320840123478711,0.1896269830485668,0.6301369863013698,1,5
-0.90210879699024593,-0.38945378038959066,-0.18581031008280693,0.39201945409774414,-0.91963643539704887,0.024281151107754497,-0.18033431731569863,-0.050937016309039712,0.98228557678905914,-2.2454907854927244,-8.3290029842682305,-0.93843790188948739,,0.5705111246164632,0.3913612565445026,0,5
-0.99343343583728683,-0.095879454346124965,-0.062427067805665391,0.10197929629769369,-0.98941460657740077,-0.10324223659876267,-0.051867443422160264,-0.10893055827258501,0.99269527136340896,-11.613683916483183,1.2000159260452392,-3.4289131863963629,,0.287791912889673,0.3673469387755102,0,2
0.98255614572698557,-0.13323113642304346,-0.12974160774999904,0.15709395457634784,0.9680082787012102,0.19565648929050128,0.099523413977287686,-0.21262510823828892,0.97205228944587163,15.717557332353229,0.92253651430610495,1.0588499136167715,,0.09738129541667476,0.25,0,5
-0.18601190404838602,0.98191367334019253,-0.035286111430189199,-0.97278430425071538,-0.17899464585108038,0.14714487473268728,0.13816753944304697,0.061696473677318182,0.98848534444372926,6.8711848763138557,14.10728424231886,-1.7418037455357271,,0.1679811527234264,0.3333333333333333,0,5
0.60582567905470741,-0.77531693366344501,-0.17849061312185641,0.79434244930801856,0.57685531914731036,0.19041537227543648,-0.044669002957767164,-0.25714119301692651,0.96534091751494255,16.73852771458635,-5.672379663348865,2.026027241514027,,0.07320186951083088,0.1764705882352941,0,5
0.97224762670347842,0.20860487924006801,-0.10591768845046849,-0.17922264087922851,0.95509919663089593,0.23593382460192644,0.15037884613777619,-0.21040325318838135,0.96597964454848473,14.490788072268236,-19.929957556803561,3.3514023187289452,,0.0766471035541561,0.3333333333333333,0,1
0.30994598780404231,-0.90012235147747444,-0.30612617825798388,0.94629742104242653,0.26092492318864269,0.19089100394584838,-0.09194930979963567,-0.34885231378000547,0.93265609288617601,-11.486663528483923,17.782503895391852,-4.9062097430189571,,0.4496516536100028,0.1636363636363636,0,3
-0.46832990127895813,-0.81535580618565207,-0.34038509498417463,0.85665157866970298,-0.51336300961946957,0.051053825685691667,-0.21636814999150394,-0.26768139583053707,0.93889908616180251,-2.6698372645329966,1.6468410049897848,-1.8607390971744344,,0.448867121657881,0.3242258652094718,0,3
0.21976437861800766,-0.94838285700343672,-0.22863414975160498,0.96823790960419898,0.18339511651465476,0.16994581973048595,-0.11924331551886472,-0.2587202886914256,0.95856394879188567,5.3449609198800374,-24.3357940390656,2.9646389353453122,0.2256009901203554,0.1911853583646776,0.5416666666666666,1,5
-0.20869261338839934,-0.95101789995794273,-0.22806215616955108,0.96220393362227818,-0.24138363974233343,0.1260854019566032,-0.17495994752781255,-0.19312921173226996,0.96544814689176173,10.933638824105778,-6.2670562309471274,1.2108311588460936,0.422030494486489,0.3217442935678085,0.6158940397350994,1,5
0.99119318421969027,0.052336064181744926,-0.12164295270336938,-0.028959727025332775,0.98202171257756088,0.1865333488597993,0.12921844205471633,-0.18136783731466188,0.97488886639491024,17.624514525547589,2.3320906429518802,1.1131085928495219,,0.2558354013233546,0.28,1,5
-0.80391229823949328,0.58429678383048622,-0.11100578878889579,-0.59350658817171298,-0.800189645825647,0.086292876358347065,-0.03840503269191916,0.13525457152634263,0.99006628785407924,-5.8460067203386448,5.3897733559729835,-2.8075785629829588,,0.07688922713189549,0.4370860927152318,0,7
0.73620215748661422,0.66818625244555552,-0.10739420540615333,-0.64840496199991371,0.74187114409787691,0.17087483960138203,0.19384888074462817,-0.056163489899328824,0.97942241848774492,13.741387527574977,5.1265845075309624,0.25894865868986983,,0.08773715410241249,0.3414634146341464,0,5
0.32265173326644225,-0.9184775514322876,-0.228680664978719,0.93944440268663609,0.28127195448286529,0.19578126029356754,-0.11549923497975768,-0.27800193369172355,0.95361147831952608,19.600225430608862,-21.30612279420869,4.403842602960478,0.2939974893087643,0.2025759200711768,0.5757575757575758,1,5
0.26359175277627839,0.96156354476395089,-0.076908629225299507,-0.94778941974147846,0.2729989375809605,0.16482352958779256,0.17948427144025852,0.02944706200374015,0.98332002259941131,-7.0273963921233369,-2.9670203566332201,-2.3232114307511424,0.2015455605529236,0.2218358831975569,0.7537796976241901,1,4
-0.72482269072424377,0.68887785133226009,-0.0089091500782677718,-0.68836002728869605,-0.72362829310605259,0.05022515552517616,0.028152084156849382,0.042537035160797411,0.9986981830349726,17.753908070422792,-11.306345423033189,2.8927372571446228,,0.1426883483471399,0.5,0,5
0.78790660282185287,0.60624935887310394,-0.10800416702923599,-0.58622742698986019,0.79214308867773398,0.16984325392828928,0.18852211826355186,-0.070505616273115551,0.97953477171531422,-12.083776414359487,2.5833297112675666,-3.6237199021476836,,0.08384444478973115,0.2923076923076923,0,5
-0.89492681832797538,0.43368573077617201,-0.10498893636238495,-0.44362264775392479,-0.89006855173514621,0.10477079560591809,-0.048009751479927851,0.14033766469924444,0.98893902927814392,0.57326103759461666,15.902466175434277,-2.8255575972063025,,0.09756766023117527,0.4117647058823529,0,5
-0.84435540616935079,0.52657527864243459,-0.098906137298112082,-0.53518910952173915,-0.83761626709262227,0.10941483515112795,-0.025230242208873793,0.14531849512179468,0.98906317788785281,-15.610337226711032,22.029166206662794,-6.0151894146959144,,0.1036266038691012,0.1818181818181818,0,1
-0.55179824435908253,0.83323266345587532,-0.035242390277369834,-0.83252224307702605,-0.54784778800797884,0.082277068231446593,0.04924847514625804,0.074740415606236579,0.99598617358413932,14.86422072103589,-21.28296710520603,3.6167403753962253,,0.1854325963185005,0.4736842105263158,0,5
0.98995860507691025,-0.063159362658766455,-0.12646286072486021,0.085343080396233589,0.98022909703480399,0.17851463792869712,0.112687705019931,-0.18751483203968225,0.97577644412153619,0.50568611448723833,-4.7615167672501713,-0.8425546393596226,,0.07209150238079241,0.4426229508196721,0,5
0.96849945690332095,0.22516769558134295,-0.10634054186697356,-0.19738812693817182,0.9545272447491,0.22341814244938454,0.1518114927198006,-0.19538998924786538,0.96890454781671165,1.7067596746148326,21.384766096448406,-3.2904688417459411,0.116827687014549,0.1818534223379755,0.1333333333333333,1,5
0.86735004836403351,0.49740206342410859,-0.0171779190925264,-0.46166558397432267,0.81696894516446128,0.34558158401529027,0.1859268194117189,-0.29180974956006622,0.93823146818103209,6.5276908133871023,-17.31076451189891,1.8436175549560414,0.5800336275942892,0.49819726807382,0.8015873015873016,1,4
-0.98766765219878694,-0.088082417467056459,-0.12943761637674747,0.072372308772658919,-0.98995764199780312,0.12143358667627104,-0.1388339213702825,0.11056832631141561,0.984123867962586,14.798548773891362,9.0057330091332002,-0.084975092602003574,,0.2054665097602866,0.7058823529411765,0,5
-0.43044185803882823,0.90260901183273934,0.0040961697240441269,-0.89910364937857579,-0.42916145606480971,0.08621526722374008,0.079576595316774926,0.033427778667738661,0.99626811104799107,-16.216570503201229,-27.002591869348045,-0.041194812323475619,,0.1693370441567811,0.4166666666666667,0,3
-0.34494572304563142,-0.91137911614873024,-0.22450067884192818,0.91782726462786679,-0.37758118843676863,0.12257878464239255,-0.19648297752796576,-0.16376981647006125,0.96673361726750129,8.0863061874620605,-11.587309984857407,1.2591428916409866,,0.09128253593243708,0.2452830188679245,0,6
-0.76072717387533784,0.64609936818109137,-0.06204654191520928,-0.64904495666497464,-0.75634321715242769,0.081765408916465221,0.0059000979146644197,0.10247216355435251,0.99471837448651101,0.28884864111425862,-11.565749012006441,-0.10594628203617484,,0.07867673365858031,0.2790697674418605,0,4
0.90235272431192148,0.42679603738996436,-0.060039182165299437,-0.39401467709553711,0.87333652771206693,0.28641882549359421,0.17467683063346862,-0.23479448850442497,0.95622149787995869,-12.042520395222878,4.9871862967570477,-3.8766600459395524,0.5888870319385704,0.6324050330674887,0.562962962962963,1,4
-0.17576881674149306,-0.97504879651586562,-0.1355919152245352,0.96969607569449212,-0.19522980334549694,0.1468837794597502,-0.16969043533445657,-0.10566535997497335,0.97981630311878432,6.611279692771892,-9.7522843732683562,0.75165939789869496,0.3103862332071278,0.2478830396070442,0.7992424242424242,1,5
-0.91312712370032512,-0.38315067564710065,-0.13926383491036856,0.3697912941664645,-0.922253779777505,0.11270476673503117,-0.17161950565557388,0.051415225733985069,0.98382072545828203,11.697070136759688,4.8361345828275288,0.026250961744644061,,0.09225863102685249,0.2941176470588235,0,5
0.60300649471287449,-0.77173638652208931,-0.20200524015955887,0.79740820902728138,0.57585186117244502,0.18037400633166437,-0.022876090356442346,-0.26984733406513434,0.96263134209724555,8.5297897046257791,-25.616407751394242,3.6035646221618198,0.3484912122621729,0.1979971340400508,0.5185185185185185,1,5
-0.96944182812593194,-0.210124434853351,-0.12661067789649702,0.19251725258365401,-0.9715070155845319,0.13824335834924337,-0.15205146936972436,0.10964415418797124,0.98227211612409704,7.901678768102415,4.0706399176142369,-0.44766914268374147,,0.1827152813062387,0.148936170212766,0,1
0.67131908493885584,0.73704470452644832,-0.078075538591668103,-0.71526056678175021,0.67185668728945291,0.19238220643160689,0.19424985921206769,-0.073305492795317423,0.97820922962428081,-3.1210418839810599,11.112847642204997,-2.9667239230634723,0.5442567785018589,0.5139468003396515,0.896875,1,5
-0.10649124060268801,0.99273924031566463,-0.055932248411602131,-0.98507865045549436,-0.097686206791576233,0.1416949449326082,0.13520232280431382,0.07018693425524547,0.98832895645537344,17.510133442852624,-2.4197948816757493,1.7726905222776819,0.131079853311697,0.1119696955124338,0.2222222222222222,1,5
0.96571567510911704,0.23461772116637775,-0.11112047409563862,-0.20947976968656323,0.95708821869929706,0.20025076209361173,0.15333447407744966,-0.1701078085853312,0.97342276145449225,1.9464039985610273,26.754294346429319,-3.9022403282798166,0.1923922806871456,0.2170821054723922,0.5909090909090909,1,5
0.97296484303343322,-0.184120538009027,-0.13942396388064573,0.21973867327058505,0.92383437022893322,0.31344053958126078,0.07109380908495648,-0.33560346223925536,0.93931676576265521,-16.723500574793469,-26.399693256182978,-0.13713196414664855,0.3914961684555457,0.6398503226107362,0.8243243243243243,1,5
-0.92523441794770789,-0.33532192789818704,-0.17748373591856134,0.33382250817205644,-0.94182233805883697,0.039156309467362364,-0.18028811631021058,-0.023019300685065591,0.98334444978007918,19.86960535120172,-12.150958047947926,3.3566106883647593,,0.1346913715941654,0.625,0,5
0.96614064617732587,-0.19154000676049884,-0.17287185315790249,0.23857967021650175,0.9183102397787648,0.31588929148809913,0.098244555897233132,-0.3464371939149376,0.93291440009729687,3.8424873190341668,-14.108321155603694,0.66140637309310402,,0.465939702016485,0.5555555555555556,0,3
0.96046137151775224,-0.23190234358792272,-0.15406250958837378,0.26944830777158174,0.91354117339012464,0.30469679020302382,0.070082546052991468,-0.3341613795150834,0.9399067023802451,4.5181466944631357,35.205980747908271,-4.4963292180048091,,0.3990880655945395,0.3181818181818182,0,4
-0.76918483593905218,0.63673745940671533,-0.05403791215150737,-0.63815490044641454,-0.76979932160316156,0.012935512960008123,-0.033361822456803379,0.044434358863308716,0.99845509491151707,-0.045002592468063859,-31.984455219965078,3.7365519733392158,,0.2566089761945305,0.2857142857142857,0,4
0.27036233798429571,0.94734879486605061,0.17156476055853767,-0.94429686643541233,0.22620292401160863,0.23903067838430433,0.18763697460769235,-0.22663295884412146,0.95573524980803759,-9.6459045215272461,17.864737716706244,-4.6063349100128574,0.6189017712446586,0.4334507347054365,0.375,1,3
0.54961479502217925,0.82966837706762986,-0.097846620721885172,-0.81266187297729708,0.5581143922970957,0.16759774855252363,0.1936601593042804,-0.012597984156527612,0.98098778457911084,13.146351443681423,-2.2044585916209818,1.0864926918734243,,0.07074323646277893,0.2380952380952381,0,5
0.42494933647006317,0.90496745176905891,0.021259648921573067,-0.88170059724810057,0.40847695194115041,0.23611572701793837,0.20499297121119939,-0.11908186667785522,0.97149235240557663,13.829361695275487,-18.594714618214645,3.1374073780723233,,0.238805555713948,0.2666666666666667,0,5
-0.39127933295062639,0.91547062012660074,-0.093883051136666951,-0.91595503511609477,-0.37754229124506056,0.13597129096578817,0.089032899824650069,0.13919540943022099,0.98625441988483209,-4.5040532668921021,6.807720906526959,-2.7173493588907429,0.5117663844761628,0.4645489617905385,0.9661898569570871,1,5
0.94842452478893713,0.30559807158317098,-0.084265885288913114,-0.27887775998242437,0.93073096864813032,0.23657358049134902,0.15072529902462486,-0.20087230432281722,0.96795258230451409,11.158056993991005,-12.183054353222744,1.9421778138953121,0.2409529834136117,0.1777975659433079,0.24,1,3
0.9354129372799197,0.34399548017220566,-0.081668515294738439,-0.31262494736089902,0.91263503924211908,0.26336842528126075,0.16513109657768421,-0.22082661698407077,0.961232191603268,12.24915533443933,5.7580523891885464,-0.041416703869673006,,0.07812547777092042,0.2105263157894737,0,5
0.94306011377588761,-0.30131199255752694,-0.14088543198650058,0.32519447182772193,0.92422268729405765,0.2001523914012516,0.06990119668288261,-0.2345709006504508,0.96958254690889378,3.4164750681305134,-9.8111410288198968,0.16249768744757076,,0.08173057489491128,0.25,0,5
0.13270805855602277,0.99110936474506817,-0.0095288146649019391,-0.97695005253846379,0.13242187555220927,0.16743070722041298,0.16720396538175678,-0.012910228110377538,0.98583779597393884,11.964625063397392,-12.216764004293907,2.0613062050723783,0.1830076522735989,0.1589734244573238,0.4489795918367347,1,5
-0.035316689561496209,-0.9005737826834066,-0.43326619229027835,0.98725097255735039,-0.09876758802679611,0.12482179593297679,-0.1552038937107621,-0.42333417709732402,0.89258048705892534,4.8177733725313603,-3.2002443444070279,-0.15258591373451619,,0.1328486858113678,0.2876712328767123,0,3
0.36270058860977777,-0.90224606195224122,-0.23323877617967656,0.92717205602570818,0.32417880027878909,0.18777668645192885,-0.093809709237272984,-0.28435919035873897,0.95411717797728612,-14.363058382101645,0.35676345086624406,-3.9175212416183727,0.2849181042123728,0.1990499452655108,0.45,1,5
0.15980623578181455,-0.96186181164251205,-0.22199959979475653,0.97860162391499061,0.12483523860374333,0.16356963310373268,-0.12961801061654332,-0.24338861622214675,0.96122898042936578,2.5591731837313283,-4.2293157494181424,-0.503751090240671,0.422477805666202,0.415831595922292,0.8755896226415094,1,5
-0.67148714500469209,-0.7067952765113642,-0.22258807514031836,0.70994608248844493,-0.69969138686051513,0.080053251729829022,-0.21232421918556019,-0.10427080250210774,0.97162030942792077,-17.784633361218344,5.1079748401160456,-4.8727735754441497,0.4066320608373074,0.3605017747927337,0.8482142857142857,1,5
-0.96921006605129179,0.21613525436725786,-0.11797202924613723,-0.22998132537059326,-0.96575887840550445,0.12007655375520988,-0.087979758158544821,0.14351076823898348,0.98573029858771244,-10.0896349736262,-10.627822730945832,-1.7076050807783163,0.1534968351993718,0.1075522401432507,0.45,1,5
0.98755317898569783,-0.092757381398600555,-0.127022780914748,0.11533603039075291,0.97616280750712725,0.18385802493637854,0.10694072549288614,-0.19621988032785373,0.97471095192122303,-7.7654849250025197,-18.37526090937212,-0.11176949895573343,0.4375518890544731,0.3508293970019083,0.7586206896551724,1,5
-0.95374934897259656,-0.27059161531263581,-0.1309288243926687,0.25499614467400739,-0.95892044812259247,0.12429215733005164,-0.15918274258141307,0.085157218689105627,0.98356957179926752,-8.058046709340811,5.5222023292856619,-3.2180622600212114,0.7249282698145117,0.6440793171247988,0.958904109589041,1,5
-0.29203569582032796,-0.88583069699524986,-0.36058165320444258,0.93393378528351279,-0.34537969402922636,0.092089910730164787,-0.20611365086463498,-0.309865847122896,0.92817041523314225,-20.328873892256492,14.244796644481848,-5.9233227176431313,,0.3798160757801811,0.4347826086956522,0,5
-0.95486956171890103,-0.26818603042570793,-0.12767291485375026,0.25853931467158314,-0.96205347329803304,0.087238393407584991,-0.14622428960983111,0.050292818569749764,0.98797221090899523,2.5008220839597803,14.431709123217004,-2.3967586330420168,,0.5115784377739779,0.6168831168831169,0,2
0.6043994572386211,0.7923539856210734,-0.082924408710939951,-0.77310476890982172,0.60846200834623587,0.17911728193604196,0.19238064450081904,-0.044149132150746007,0.98032675254314272,11.257033340749242,-0.5274730129810985,0.58461942757278051,,0.306329788302364,0.8843283582089553,1,5
0.45462869244807269,0.88977619109455108,-0.040138283025428025,-0.86988979944597311,0.4532452953507764,0.19457759136712766,0.19132299606372796,-0.053544672971837286,0.98006554840660431,-4.2402140232336851,3.5874484668438149,-2.3349427445654594,,0.1197876804114377,0.4025157232704403,0,5
0.15098362139618343,0.98843218814640321,0.01434418022083475,-0.96654029045874967,0.14456453884151901,0.21189846868124132,0.20737360726478676,-0.045857426286837775,0.97718641182956356,20.642393304830094,-13.142558714217168,3.5840308626849482,0.4511286184811415,0.3690701808798866,0.5789473684210527,1,3
0.87285585897204732,-0.45768095505395673,-0.16926545081341066,0.48682263700157485,0.84058078624375621,0.23754507340852468,0.033561429662664746,-0.28974486221282081,0.95651531365695919,13.50064050486794,-20.339172789120106,3.3228781433717094,,0.2713880152355634,0.45,0,5
0.99205984912883416,-0.0085710188710417089,-0.12547427378545506,0.034604790869450439,0.97776859243085101,0.20681172139091697,0.12091221689869344,-0.20951161612498939,0.97030156060543282,15.663226920091272,5.2161153814536476,0.54832536751496364,,0.08805257635311185,0.2857142857142857,0,5
0.41631401772040033,0.90608197773463817,-0.075485682576141314,-0.88919664332994086,0.42306774927706797,0.1741924482071556,0.18976819580810925,-0.0053971424034993986,0.98181408765285705,2.84071175699107,20.234369577051126,-3.0384752208659322,0.5062780874091896,0.4559987826369841,0.7479674796747967,1,5
-0.94419467181628691,-0.30437254069875541,-0.12591178730492592,0.2932299200011384,-0.95083797097454936,0.099616097941700635,-0.15004211318780605,0.057135885585059297,0.98702728171441678,-7.2377713834044393,9.2815565840523391,-3.4432737188497966,0.2881768881911845,0.2325792563136981,0.8867924528301887,1,7
-0.63924876035125311,-0.75090528284379277,-0.16583810957277084,0.74961823897045654,-0.65658659352039273,0.083465807443042703,-0.17156199518605064,-0.070959857712448587,0.98261446173013911,-4.2007368831178624,-11.132980808328272,-0.79496496474998402,,0.106741683382506,0.2602739726027397,0,5
-0.90653139557135776,-0.39088011600065942,-0.1594163221215438,0.38456230394583502,-0.92043902440033742,0.070027399957650519,-0.17410532222571448,0.0021765284902102821,0.98472463130380439,-6.5437540537569436,-13.593449530933755,-0.66571835441693261,,0.08807999104040307,0.3283582089552239,0,4
0.4807335778640664,0.87448453463262754,-0.064591220784025072,-0.85589497314041163,0.48397500606562771,0.18224156621569659,0.19062796769358945,-0.032326338984373461,0.98112995354381016,17.963534249467671,-6.5886107008964458,2.3610231602420026,,0.07967299491339028,0.1515151515151515,0,5
-0.64874735202153477,-0.74045101560190307,-0.17566777376387868,0.73616482038192399,-0.66911848296633258,0.10169470480257725,-0.19284250173936343,-0.063346264664494556,0.97918283291526265,-2.6442993177410563,18.528147012455772,-3.6077270491893541,0.219997761585729,0.1101370149243585,0.3157894736842105,1,5
0.89853991764321861,-0.41391510560049261,-0.14594622899359599,0.4365091803459436,0.87740761572426451,0.19903670853079855,0.045670032575318618,-0.24254929648381696,0.96906351025088899,-7.6282737109090748,4.4733201385683419,-3.0533852410248943,,0.1011888132913348,0.3458646616541353,1,5
-0.73438094419992428,-0.62165500606119839,-0.2724512474463639,0.64867655902255195,-0.76096682678618222,-0.012174165500406913,-0.19975823029525086,-0.18567321284994406,0.962092566990978,-20.936049752294004,5.2909578305170273,-5.3707273040362029,,0.1550247515538895,0.2307692307692308,0,4
0.99182695572895063,0.050567990813386116,-0.11714165866393607,-0.00019307955383024525,0.91870152870932476,0.39495248305009334,0.12759017442470519,-0.39170190126197446,0.91120270408840764,16.842416528467453,-19.120764636390049,3.7074215680741731,,0.2412518027753487,0.3,0,3
-0.54293294185692709,-0.81676600215083617,-0.19523605808641883,0.81785737333707653,-0.56704353963846033,0.097831186400167261,-0.1906125324441208,-0.10655947580964717,0.97586471428698174,1.7151913945850978,20.469338875962574,-3.1845978925428167,,0.0979259704912659,0.3333333333333333,0,5
-0.089881150000264656,0.99111068394356017,-0.098086650710268869,-0.98612270461594387,-0.074758674817169857,0.14823343745766873,0.13958291555762067,0.11004886511231732,0.98407614388924436,11.787809878039168,2.5364859813201814,0.32462614408394008,,0.08418554895776006,0.2835820895522388,0,5
0.9578259811977099,-0.24710033341225202,-0.14666565709190268,0.27290146087652861,0.94205910577392205,0.19506264091285164,0.089967674161902447,-0.22686133750816473,0.96976272930542406,-13.802452988923545,8.992887744309936,-4.5247988539916282,0.1204166977344204,0.2607041965546436,0.781021897810219,1,5
0.90247755205414792,-0.39496677149341314,-0.1718590045776571,0.42507878295270379,0.88111939389119143,0.20721158749516841,0.069586610219217165,-0.26005742274522703,0.96308246819953536,5.4591027803581831,12.232798251817682,-1.681848826878396,0.5529738412306375,0.530838279195776,0.8638743455497382,1,6
-0.6135908951175596,-0.77152494774244906,-0.16809362997996957,0.76243800407456797,-0.63426359118829123,0.12805462442145898,-0.20541300682191641,-0.049587820116871038,0.97741830590818957,15.343787952743458,21.552118595939312,-1.5220475447941539,,0.1607047239002024,0.7368421052631579,1,2
0.63704543133577451,-0.75574135006822629,-0.15175022310122474,0.77005783658168925,0.61516774098277782,0.16905495784884358,-0.034409980141599177,-0.22455213704438554,0.97385434794709103,14.117215653470204,-10.724252868263308,2.2716606310867093,,0.0953923809509057,0.4193548387096774,0,5
-0.092113712990039689,-0.95255407726222463,-0.29009618020632605,0.98256203399328723,-0.13420668457686177,0.12868727664327104,-0.16151443661222242,-0.27318363001102269,0.94830574766782771,12.414927104276318,-3.4400482335842573,1.1368866405486904,,0.08387632459121137,0.3269230769230769,0,5
0.56745195164178108,-0.78431096537422951,-0.25070818130184175,0.82261168860542544,0.52661249167845803,0.21445114450134251,-0.036170324129918885,-0.32792620084700369,0.94401065378012883,-2.4472405389982623,-10.522515379162099,-0.66552109935333692,0.3793665286044727,0.3348429514412304,0.4457831325301205,1,4
-0.10075683655030963,-0.9773395723180428,-0.1861596633794769,0.98105764651415395,-0.12871528873480553,0.14476970906244832,-0.16545076036236422,-0.16804682331749565,0.97179540597206693,11.050470228166258,-6.2582371549312406,1.2210597920298849,,0.377873862225028,0.7752161383285303,0,3
0.66524658520214441,-0.72775166850944084,-0.16680674404414933,0.74610940373838264,0.63969359999303177,0.18469665882497613,-0.027708095027277228,-0.24732490191988221,0.96853634643222286,-15.293009755547288,-17.076301969410473,-1.361688751993992,0.8677839468892299,0.7327433818595604,1,1,5
0.96848221446802762,-0.20913314556293319,-0.1352979219576437,0.23716423537702233,0.94025493314199193,0.24428218551539724,0.076127036702711759,-0.26867078019222629,0.96021908237326881,-8.6366890519226143,-1.341668308103616,-2.8328370658012552,0.5935333124340372,0.5701081769640343,0.6774193548387096,1,5
0.60752174258189195,0.79346308813106681,-0.036519310833752643,-0.7684897847800688,0.59878271916471082,0.2255719528629351,0.20085015055743557,-0.10897514855794374,0.973541798803641,4.934028531925815,14.75647563800681,-2.0786211319062131,,0.118690892742564,0.2,0,6
-0.78083144518755365,-0.59892800195015305,-0.17772873342909937,0.59983200281652471,-0.79825175254976377,0.054733060834796524,-0.17465343570462935,-0.063870087139648535,0.98255625251959022,-14.112150492292701,6.8666982246654342,-4.4083849200685412,,0.1506760146922883,0.12,0,4
0.41942611298783405,-0.87551821303125021,-0.23989496533792004,0.90593840379134749,0.38682354239481109,0.17217187803213982,-0.057942594694238812,-0.289543443544652,0.95540946720262432,25.363861140536546,-17.478275029134057,4.8744805074108237,,0.184250344068297,0.4285714285714285,0,4
-0.94852638887916862,-0.28342886523542776,-0.14130027583554688,0.27335609410964962,-0.95800418711191415,0.086628074486028245,-0.15991915273962742,0.043543723168766833,0.98616925969107394,-4.2983259591581113,-9.1784481837458749,-1.100743066277651,0.5009957216879524,0.4561508944669773,0.71,1,5
-0.24237677895433965,0.96770254968753533,-0.069320071782730308,-0.9642914195547414,-0.2324276232327914,0.12696242803072894,0.10674996579307007,0.097617494777315794,0.9894823240041124,10.852219343626365,-5.2620180029809136,1.0881293000186094,,0.07512129125612829,0.3333333333333333,0,5
0.30779000408686852,0.94552893519327419,0.10602049847307074,-0.93377605264003749,0.27880956995751877,0.22433793084561782,0.18255847528996078,-0.16804837521492547,0.96872707543839609,12.960806370614264,3.0966087507513018,0.43128366785217875,,0.09129135409215756,0.3870967741935484,0,5
0.3393274033797099,0.94064949891711747,0.0059526046870481183,-0.92358194836782881,0.33195652336646209,0.19183652218370018,0.17847492250921257,-0.070593107180716402,0.98140884204999035,-26.081768418679601,7.2290627661130245,-6.2105395990568733,,0.4157174395822814,0.2142857142857143,0,4
0.12966177933889042,0.98970601057706664,0.060579168088548137,-0.97667620784114628,0.11693188587988279,0.18008475532818691,0.17114732839197863,-0.082516341970556031,0.98178390967263607,-5.4328533168525626,2.7036070297575123,-2.4025148146609299,,0.08635009717874338,0.2352941176470588,0,5
-0.52738818732608539,-0.82894992949030311,-0.18628932944999016,0.82724137362492589,-0.55099598810413153,0.10988690029433353,-0.19373541140444928,-0.096153187628765457,0.97633045372802718,10.139635714823655,2.6983772376541078,0.070924029950895001,,0.09385316180962588,0.5238095238095238,0,5
-0.28079377816331513,-0.93420652925139713,-0.22002957721367741,0.94607356935377751,-0.30800474343655299,0.10038864174191486,-0.16155387805612809,-0.17997566147855054,0.97031392124424565,2.8435715978014264,-11.684380485700194,0.33054953280791188,0.1142786919981143,0.1021671707459493,0.2363636363636364,1,5
0.86927417253454875,-0.45698264194367683,-0.18849211635119345,0.49334582366421947,0.82605102211426307,0.27248781098803809,0.031181905609621089,-0.32985841481786893,0.94351529660964906,16.554153461461851,-8.993632980500017,2.4534609143161674,,0.3833436214758961,0.6774193548387096,0,6
0.98467007892386538,-0.086382123651822684,-0.15153535688237893,0.13852877100880395,0.91519716414642893,0.3784493761933358,0.10599346807638232,-0.39363978387827592,0.91313367327757922,4.6565684192293944,-17.430617688172472,1.5763906683539666,0.5173113510153728,0.5385532086020297,0.6622807017543859,1,5
-0.06209411074688375,0.99805619965234005,-0.0053050679622603149,-0.98784936616464303,-0.060698612602458527,0.14307099005826454,0.14247087835297811,0.014124473925323382,0.98969821059637453,-6.7155058411960002,19.722381869166149,-4.3501557617354187,,0.1112383165262229,0.3888888888888889,0,3
0.76393634016285161,0.64493281551593584,0.021515846468942876,-0.61640734475976477,0.71947154633320742,0.32000418644623924,0.19090116161198137,-0.2577253528227107,0.94717178431771532,18.314862685151002,-3.5889616275588474,1.9949551554514813,,0.3411518232967269,0.15625,0,5
-0.89936724292946268,-0.41068866613493066,-0.14991124658866836,0.39467483335655695,-0.91018202441749974,0.12569987407406724,-0.18807003551983251,0.053884152916918088,0.98067637873255376,7.053670717135641,-26.0055061763236,3.4509287687494949,0.4169522238972362,0.2146008970505543,0.8,1,3
-0.75955054617306716,-0.6259892237976562,-0.17669312238285839,0.62158297156428199,-0.7785753676306173,0.08634237881924782,-0.19161831141493971,-0.044248035075666922,0.9804715876160971,10.214741402456665,-6.5317465342180414,1.116924222716847,,0.07678101239427677,0.3174603174603174,0,5
0.87850393566549934,0.46953817352688249,-0.088117754290875525,-0.44520511762661025,0.87153655796064733,0.20546637529577319,0.17327215084745803,-0.14127254418019933,0.97468909402001069,-0.90909629634863198,-4.7874607942797631,-1.0362692349207088,,0.08570650906949892,0.3523809523809524,0,5
-0.96863906123697041,0.23557084653633961,-0.079023700926441398,-0.23229203532831719,-0.9714348987618362,-0.048524713194490351,-0.088197388674422436,-0.028646356308125065,0.99569101979543806,-1.5003595074622915,4.2809704373802466,-1.8863772157255241,,0.1195954137718066,0.29,0,5
-0.97259286706886083,0.21767728998948951,-0.081729507214988895,-0.22160167706729655,-0.97421600541400943,0.042377724291566138,-0.070397525863732074,0.059327668233313202,0.99575319037111942,-12.970460454075573,-42.345307320776215,3.7126130729068394,,0.1120006159362782,0.3333333333333333,0,2
-0.59288207090430878,-0.77805434305822607,-0.20765906974762796,0.77579237767740994,-0.62100178665887129,0.11181667006363746,-0.21595609909851801,-0.094806224556838209,0.9717894540729638,2.6714821391621846,-5.4961202257247406,-0.35251267344930065,,0.1507184678712381,0.1955128205128205,0,6
0.57681481785637034,0.81616300492208049,-0.034097145010710754,-0.79286663491532283,0.56941940926259649,0.21708071216275052,0.1965888225189158,-0.098180882821426105,0.97555796809263495,19.895424624586315,-8.1739091283845244,2.827119281950123,,0.1027174333699152,0.1818181818181818,0,5
0.86786655053715056,-0.47158733582625811,-0.1562467124359434,0.49551874616472341,0.84425650512840245,0.20418649746669701,0.035620537026957368,-0.25462980626130355,0.96638234623012587,-11.062386002118721,10.055645461786971,-4.1541492134998519,,0.1004338191802428,0.4848484848484849,0,5
-0.70070757746094992,-0.6956320859635724,-0.15844523302004568,0.68869073739411735,-0.71749779645142331,0.10441254864669902,-0.18631682456599122,-0.035957100346405965,0.98183151702230687,13.952359079284557,-2.6533054355677379,1.3022942017184918,0.7227595580246554,0.3728796137480101,0.1818181818181818,1,3
0.20874338907041962,-0.95623022360069077,-0.20506086167762286,0.96854829969847467,0.17310070841704625,0.17874656890892113,-0.13542669113062744,-0.23592351349132307,0.96228878571420529,-6.12643490911314,-24.912029332043492,1.3309079610802197,,0.2077060408093823,0.4814814814814815,0,5
-0.93661174063328356,-0.31786917609879767,-0.14736904082663682,0.30875055517402655,-0.94762659562751106,0.081712483373992909,-0.16562470222651529,0.031032598113695856,0.98570047979428943,12.350520884811562,-21.266615194413745,3.327128197010202,,0.09034238428551825,0.2222222222222222,0,1
-0.61524562062228438,-0.76141740088181831,-0.20424585170690013,0.76067795542244709,-0.64141436482812741,0.099783068335545247,-0.20698278778542489,-0.093974221074222722,0.97382081069058446,-7.4239894299827789,16.273103576222258,-4.1497018138354482,,0.1297143042027789,0.2777777777777778,0,5
-0.98912275201215516,-0.042884442702349132,-0.14070218913012641,0.060221322583924188,-0.99077861029905001,-0.12137189823071205,-0.13419975319703045,-0.12852497791477077,0.98258422351158459,-3.2667975301927115,2.9729794815924473,-2.0496887140155065,,0.08015013161608042,0.3953488372093023,0,4
0.074266693078730406,-0.98518418418465759,-0.15458519182496272,0.9870386829751584,0.050504664086572768,0.15232832046657563,-0.14226417894120422,-0.16389448476966301,0.97616571403234187,-15.714564841403167,8.8031012172914664,-4.8123504712682665,0.396911268784881,0.3116617246386059,0.7777777777777778,1,5
