axis_00,axis_01,axis_02,axis_10,axis_11,axis_12,axis_20,axis_21,axis_22,location_x,location_y,location_z,dbh,dbh_approximation,score,reconstructed,number_clusters
0.99875380051056672,0.02009085937258882,-0.045685920537628731,-0.011964138496409192,0.98508536594098595,0.17164987969396844,0.0484531253454141,-0.17088937702088433,0.98409812288494702,-14.987439515054039,-8.7562670953538682,-0.77338646517550724,,0.08421769250690123,0.1666666666666667,0,1
-0.38981448586249795,-0.89280773234974364,-0.22569674270636658,0.91315819392152808,-0.40645056596559359,0.030660239728699946,-0.11910826791507383,-0.19414502435745343,0.97371501479206635,-9.3860364946152952,-14.397451093829742,0.096949272761190225,,0.3479941790227682,0.3214285714285715,0,2
0.99772577398994633,-0.046790285247275368,-0.048517513566154136,0.055851544673487789,0.97685939473716676,0.2064614440308962,0.037734399077615548,-0.20870168212119433,0.97725110540026316,6.4783672349947654,22.318808434820799,-1.9037213706197422,,0.1924353697973804,0.4333333333333333,0,2
0.92703354177285524,-0.37030565256947501,-0.059013016387681576,0.37464786620521023,0.92128094640335334,0.10430912779822708,0.015741307949484602,-0.11880716085000573,0.99279256129102944,4.3778712325716151,12.403886195092586,-1.5289216060062394,0.1816016407510712,0.137985672414228,0.4909090909090909,1,5
-0.28862540105296114,-0.95273270464418169,-0.094846040341168225,0.95542467986585333,-0.29302795470426457,0.036031914535125782,-0.062121324601529138,-0.080218521946097798,0.99483965027864352,-13.561671157172562,13.329951903514623,-2.6027002559649191,,0.07153489020929703,0.1818181818181818,0,4
0.99833597917101802,-0.036720753221937567,-0.044461882275258179,0.040269721991599061,0.99583899482064608,0.081749898381134986,0.041274958308454839,-0.083404332485909435,0.99566063251452097,0.64134269621978091,16.357070743606286,-1.9568044333366239,,0.1256204889484535,0.3333333333333333,0,3
0.88694192942828731,0.46110823949983859,-0.026705903605489495,-0.45296134135964711,0.87966677906175206,0.14495647984409651,0.090332923431579754,-0.11647123799669166,0.98907755695082977,-21.867127192136934,27.024019213618935,-3.7669067127683564,,0.2015056217897813,0.2916666666666667,0,2
-0.48357856190500353,-0.86105013327625257,-0.15730366318314701,0.86991103467029351,-0.49268922374393193,0.022630080986651514,-0.096987453955390227,-0.12589677037775998,0.98729095862552163,-16.449416970486997,-15.965813775362077,0.011536586006180528,,0.1939702598042337,0.125,0,2
0.48832514501916002,-0.86763592630976816,-0.093522468522845903,0.87217232853572335,0.48165168671895509,0.085598376254226921,-0.029222971761799131,-0.12336754863972936,0.99193067593659645,2.8934529225615226,6.3374155080126648,-1.347359322773267,0.3481542338853632,0.1454489066831155,0.125,1,6
-0.93293967064601535,0.35925907978420735,-0.023589924279393576,-0.35724598532216312,-0.93186569788902884,-0.063258415005351773,-0.044708801215196617,-0.050588879117814713,0.99771834121835312,-5.6074964243334309,12.427731317225049,-2.1339192112712331,,0.1638637331902773,0.1666666666666667,0,4
-0.7191470484157807,-0.67047187752896165,-0.18246913217763713,0.68853142452700855,-0.72294575251450111,-0.057218147121790325,-0.093552125543354694,-0.1667839931289308,0.98154526102584261,14.779652018204162,25.715626007599081,-1.576095696680182,,0.3999780241283389,0.8214285714285714,0,5
-0.97263185037798272,0.23174129146241904,-0.016830254354364665,-0.23051308103491433,-0.97149508047151645,-0.055326558644422492,-0.029171957460779302,-0.04993277932354475,0.99832645685012966,-4.5629226961634508,-14.355884731473116,0.30858438058716703,,0.09209381857673601,0.3529411764705883,0,5
0.78260907706098359,-0.61479367628646442,-0.097733147395999975,0.62251300600012827,0.77309703187372369,0.12164923620279214,0.00076802502496966249,-0.15604395184117834,0.9877498140882377,1.8919263852582526,-12.263559544442362,0.37632874303901553,0.1802729145891847,0.2805963594531429,0.3529411764705883,1,5
0.26769915076283307,0.96323162095069792,-0.022847518061008171,-0.96051987079640566,0.2686598133951002,0.072273663749433129,0.075754488224223829,0.0025978966877362869,0.99712311599254633,7.6230416128051912,-3.090931739852492,-0.39541520457739937,,0.08398729787910339,0.3582089552238806,0,5
0.77254423087115875,-0.61831767172281327,-0.14442530312576346,0.63493248406485137,0.75010710564550653,0.18493261134629033,-0.0060126555636167847,-0.23456893847097499,0.97208089225006011,-19.199160893039373,6.2763700732842391,-2.2835464392718281,,0.1081976906754151,0.2916666666666667,0,2
0.6115819507090684,-0.7835463903656672,-0.10964748839724528,0.79118101335536828,0.60561917843578339,0.085193983453881725,-0.00034881637547464313,-0.13885411357140456,0.99031278567502901,11.498732068607273,-6.5309283925798898,0.33193571751955431,,0.134410123387578,0.2692307692307692,0,6
0.92228528916680186,0.37399027834841492,0.097576211688017958,-0.38447203801731705,0.86181670261635213,0.33083715491808185,0.039637070645048303,-0.34264156606044621,0.93862967129658015,26.32092821697503,-4.0873329592273446,1.1690676519015748,,0.3214278444945474,0.2608695652173913,0,3
-0.51325043220570776,-0.8559590286709633,-0.062515078799567469,0.85449443690120386,-0.51645052165435723,0.055840093014233878,-0.080082776834659683,-0.02475883518270831,0.9964806816666576,-0.88641142361438841,-5.6030798342257864,-0.59016213167694043,,0.07365757348083257,0.3955223880597015,0,5
-0.063555789516743857,-0.97519296863381677,-0.21203616565592592,0.99534006197129143,-0.077379284716014546,0.057537877366348224,-0.072517740270159503,-0.20739122504098836,0.97556653136631766,5.2919052455625613,21.318765034710996,-1.9243708466129392,0.2226364832230016,0.1898467582767587,0.4473684210526316,1,5
-0.75415951234215373,0.64120451563260661,0.141775170873462,-0.65395647178164706,-0.75299017022883274,-0.073121382328660361,0.059869549511794649,-0.14785997656941599,0.98719454231177095,13.8937784803421,-1.5190837614588997,-0.19123794124325103,,0.3043447821448986,0.4166666666666667,0,3
0.99685069469378351,0.079267979442359776,-0.0022978084444890811,-0.074859041715365227,0.95017662092640087,0.30258967748147947,0.026168996197392994,-0.30146471846638068,0.953118149632042,-9.83277242641676,11.687870186527023,-2.316738870163813,,0.296496799531726,0.2564102564102564,0,4
0.85305811425965783,0.52166601644413846,-0.012506837452447439,-0.51494615851288406,0.84546203439628054,0.14150760483920455,0.084393764749428835,-0.11427386263624968,0.98985815993485216,11.173437427702025,16.263072554727422,-1.3355570949878537,,0.1663661556459178,0.2777777777777778,0,5
0.91615038682598604,-0.39536884707488928,-0.06596926163956017,0.40049453091849174,0.90966976170786329,0.11002297641282757,0.016510585179614987,-0.12721792089573325,0.99173736502160381,0.155590751911592,-2.6754486953269971,-0.91070011856856026,,0.06736054170011871,0.1631205673758865,0,1
-0.78872855747583193,-0.61089111187914913,-0.068697249210942044,0.60964281814268151,-0.79165040988295388,0.040314548480676615,-0.079012004841940098,-0.010083548939155258,0.99682266483645365,12.855649423854087,-7.5587564825136404,0.54372181349599047,,0.1118423206603339,0.1428571428571428,0,1
-0.9962237973499507,0.077713486648682648,-0.03871381648131593,-0.067575421517106174,-0.97399439866658966,-0.21626019923438056,-0.054513374509650478,-0.21282745442967071,0.97556792005506043,14.033600322563723,7.5547148187830011,-0.79816904475793193,,0.5956992720816131,0.1428571428571428,0,2
0.1847060359322576,0.96674906791332416,0.17686130153006763,-0.98116205847055271,0.17102316009021512,0.089844831407178652,0.056610028334379205,-0.19012448133124424,0.98012651545119711,-16.828749905207598,15.526070012603235,-2.8306938393627141,,0.2760664928595921,0.2272727272727273,0,4
-0.15792869963758857,0.98112363522499946,0.11160169458239549,-0.9863358748272576,-0.16210823943568828,0.029367681825612113,0.046904880977667235,-0.10543875525604213,0.99331898251796591,9.1646479245235941,-12.913265148938752,0.86833895704474773,,0.2341150852081454,0.3448275862068966,0,5
-0.63391747179660829,0.76491871521009658,0.11422783405253116,-0.77307921418359504,-0.63096268954855728,-0.065073904100863472,0.022297254276553814,-0.129558648954779,0.99132103222555557,4.6972885943219804,3.6029860631805368,-1.1398984518648023,,0.1677008813112536,0.3478260869565217,0,4
0.38996118676611058,-0.90346608409418028,-0.17798681891504076,0.91949073027760742,0.37162420138685864,0.12818833752387068,-0.049669605892545009,-0.21364570633436225,0.97564770404863466,-1.8539048818692598,17.06201521405929,-2.138699514481174,,0.1165569049134123,0.4285714285714285,0,4
0.24416657808272338,0.9697157588890204,0.005833447494099823,-0.96604583934626964,0.24270962191589732,0.088585979202164059,0.08448738621319421,-0.027265113088619734,0.99605145207420354,12.472739764659869,-8.8900452132132646,0.64354354201120734,,0.08162103490419791,0.3333333333333333,0,3
-0.44327815573333074,-0.88572013335015609,-0.13785616427218206,0.89159542033261674,-0.45154021016353441,0.034191300755841925,-0.092531524852679375,-0.10775566798852512,0.98986192619212554,15.068251950712519,-3.6052927568265165,0.20724476136695011,0.3375349314450918,0.2602649487837218,0.4444444444444444,1,5
-0.73788344623668822,-0.67105440007128514,-0.072208115297632852,0.6701020908907418,-0.74117366582047539,0.040308620394341979,-0.080568030593560394,-0.0186437453106,0.99657473538469177,-4.9531865963636807,-13.562879422049095,0.19149912395645149,0.5299626996829752,0.4833242344773758,0.9695817490494296,1,5
-0.80781600231146555,0.58864096179977787,-0.030579805443395454,-0.58940509897830373,-0.80616734846847915,0.051921436436978864,0.0059106436113052054,0.059966860470890844,0.9981828689861223,1.7507116850336339,4.9749361206230107,-1.3588713736522313,0.2316144189109049,0.1883639048587191,0.7052023121387283,1,5
0.58726170706850933,-0.80222966292967657,-0.10747676645079249,0.80731135558531331,0.57103477540807623,0.14888808017317201,-0.058069463179755879,-0.1742034821419654,0.98299597367213531,10.326950586496784,-8.8332684400905421,0.49861671778819094,,0.1447910304791324,0.55,0,5
-0.67221639533890465,-0.73543829106376313,-0.085180032136527181,0.73595747545972434,-0.67630737102986249,0.031223936421028109,-0.080571162040258437,-0.041699639421542097,0.99587621114252689,23.542495340519864,0.87874888745585267,0.42705777469147621,,0.1262525744098912,0.5,0,4
-0.42152685617443403,0.90669737570137987,0.014662142405852806,-0.90594814516234767,-0.42177561195726271,0.036922776642333198,0.039661918771044809,0.0022808012425850001,0.99921055345962573,-3.5083159235014842,18.918365689795085,-2.3631407965675506,,0.164196425817409,0.3684210526315789,0,5
0.82032439167439664,-0.55839241286155628,-0.1235548691176481,0.5693100925923601,0.77679482848771886,0.2692133223063326,-0.054349893252042959,-0.29118328882919098,0.95512218140408955,-22.093499505500198,4.8172281604356835,-2.1320213823003629,,0.2126068119580464,0.4545454545454545,0,2
0.50935139709555854,-0.85179567539544521,-0.12249604750529366,0.85973883778126781,0.49747269966233126,0.11562890599321141,-0.037553762625300358,-0.16421035432727341,0.98571023858149787,-5.3306375951290361,-22.121705265734715,1.1755687584244916,,0.1594120930462329,0.2352941176470588,0,2
-0.77462313112747117,-0.61568562493392942,-0.14453448021835286,0.62740069598797488,-0.77687866411014905,-0.053178077477808519,-0.079544776045179275,-0.13187400236645397,0.98806977289246878,-11.494844966225994,20.566132953761318,-2.9464136717479765,,0.1907154990743179,0.2857142857142857,0,1
0.71164425264025089,-0.69733778619894349,-0.085337387019140246,0.70240560063556534,0.70386355722497174,0.10584169786241918,-0.013741538483340679,-0.13526309455932548,0.99071442170301793,-12.560434755879891,-2.0500344916738946,-1.3547836966090514,,0.06666769929289232,0.21875,0,1
-0.82152633478845105,0.57007649790078063,0.01035701647369628,-0.56999230476658858,-0.82067977874709552,-0.039918332411222703,-0.014256709154915939,-0.038697381007006433,0.99914926760082856,2.9409061813790993,3.3087637974456494,-1.2091164885839485,0.08181128560869673,0.2233966653132908,0.3863636363636364,1,5
-0.99555430375270526,-0.076132718586369386,-0.055456626656459687,0.080891684805866726,-0.99271127024531902,-0.089335710984987146,-0.048251047747521293,-0.093424531513802728,0.99445648135184472,5.4906592717941543,5.71027460043359,-1.1931809435072576,,0.3069110621019062,0.25,0,4
0.49280258439695507,0.86474806230040091,0.096728494040709961,-0.86872134665781819,0.48260133948224732,0.11144132532847945,0.04968736934784402,-0.13894868073372482,0.98905228853162674,-16.607369701809905,-13.851737913363996,-0.25335712848641651,,0.2361980930222437,0.3571428571428572,0,2
0.5026677721167131,-0.81731521919152417,-0.28163974036547412,0.86378638310805078,0.46181686548375567,0.20149011666052408,-0.034614956772079951,-0.34455916071506554,0.93812621194325319,3.3714120212267273,15.14316858994059,-1.7022999229175386,,0.437836682848622,0.3333333333333333,0,4
0.98957914075374964,-0.13543756479736874,-0.048885480736404134,0.13941640127431279,0.98612519327187409,0.090111987272668267,0.036002656024113316,-0.095988380735734055,0.99473113931501189,-2.6021801974902825,-10.240557132415043,-0.1346220826921079,0.2633912575156968,0.214280502009818,0.8441558441558441,1,5
0.62186320545093887,0.78291060438433213,-0.018361352042913188,-0.77876455554328305,0.62070098933807027,0.090862802423295363,0.08253436093989712,-0.04220506340833273,0.99569413570982845,4.8094274011520488,-3.0644445968657021,-0.55571172533945978,0.210845813939561,0.2180850230306289,0.7653061224489796,1,1
0.96051880286607749,0.2775426135545338,0.019332020122991258,-0.27070748049480031,0.9163070794683541,0.29512505166510894,0.064195711265429528,-0.28870648378152947,0.95526304067394507,6.4068282145120605,8.9049351144860474,-1.2733547064882507,,0.2841819937394202,0.1875,0,1
0.13507649674002181,-0.9397328852213257,-0.31409623439647577,0.98901147721619842,0.10864977763099075,0.10025728779181123,-0.060088584299154917,-0.32418718397607776,0.94408264033535993,-8.1763851192385797,-18.274382865960384,0.61028030004586131,,0.3113870188022362,0.4545454545454545,0,2
0.97510035017710173,0.21437710453810763,-0.056760586099436211,-0.19600577247464537,0.95285956134818439,0.2316039583080664,0.10373545315422249,-0.21471169832406475,0.9711528419160832,-11.827956660187601,-5.5318493459884532,-1.0052849951532503,,0.248443342461641,0.3658536585365854,0,5
-0.35560293618906952,-0.92266311250118949,-0.14912857742005536,0.92946074022677572,-0.36587251629750944,0.047328999516396936,-0.098230769877909685,-0.12177882676288887,0.98768448059157388,18.29504698462846,-15.362331510591133,1.7944573866077245,,0.2939166112652926,0.2105263157894737,0,5
0.20697923926428094,0.97357449811707453,0.096500213106836513,-0.97516120760719127,0.19734811358494936,0.10057008124957324,0.078868331360966923,-0.11491918325739768,0.99023904569946553,5.9005004506632863,10.958916963886457,-1.3965821616128717,0.1619112059266569,0.1402529140711101,0.3888888888888889,1,5
0.48478780488134798,0.85062310239043881,0.20352179715693597,-0.8707566572173463,0.44751126131637942,0.20375601808706525,0.082241280084865032,-0.27599639250303298,0.95763373122259765,-11.276603242881304,-13.854969881889453,-0.087109987531246824,,0.1845891271207107,0.16,0,1
-0.94288938046745807,-0.32319082727851645,-0.080667870708981709,0.32927014583592612,-0.94093428812278923,-0.07889129543903213,-0.050406222461922258,-0.10094728623340425,0.99361403881951582,11.480323082932204,-12.68156832844952,1.025705651552173,0.6087369813893952,0.3994482637897275,0.4444444444444444,1,4
0.53983081325032978,-0.8181836139583939,-0.19788447871288106,0.84155525205612935,0.51921319732640303,0.14900474307497086,-0.019169006292238094,-0.24696807399353238,0.96883400003596731,-16.144860397262175,23.274595935097327,-3.2980939890924739,0.5946501949306695,0.4669155265148133,0.7393939393939394,1,4
-0.07688591694409326,0.99554801969004625,0.054522438196505173,-0.99393065433721184,-0.080846753339339522,0.074603329974533089,0.078679159530761794,-0.048455577240537867,0.99572167139709167,-10.946978587276885,21.039526145246835,-2.9453263460869268,0.4181092614113462,0.2276595713475358,0.7540983606557377,1,4
0.10332951977375518,0.99446893594542651,0.01882938615294092,-0.9920810905894214,0.10168552230342091,0.073723566441037891,0.071401120707106303,-0.026298098666099962,0.99710094271759553,-5.4038170216947945,-10.763719241209126,-0.1813243359491355,,0.07594235323655478,0.28,0,5
0.27826616714148966,-0.94640405830340768,-0.16397346935167673,0.95923459352173579,0.26504494220040503,0.098082481642621858,-0.049365319968331767,-0.18458206045232223,0.98157655236033436,-2.7557961840861998,-17.980892180176234,0.84336918920181148,,0.3348969601336696,0.1764705882352941,0,2
0.17860567869748872,-0.98021290462419952,-0.085338579465562614,0.9818794848425525,0.17197950850289445,0.079597273197189317,-0.063345787407960208,-0.09800872544469523,0.99316745866665046,-11.523230180137805,8.4125266257363212,-2.2198740220759796,0.156251673043025,0.1358974560512044,0.5234375,1,5
-0.89916972922646166,0.43686096839336835,-0.02542228033086608,-0.43634765234960066,-0.89947416292750271,-0.023387101463458827,-0.033083596113554638,-0.0099360213505432001,0.99940319748733952,3.5024664721910965,-16.631953844677295,0.99816206305994348,0.4763159565001699,0.4919843809886082,0.9186991869918699,1,6
-0.96849357007373338,0.24894447422326793,-0.0068449601558192271,-0.2482760691266582,-0.96731268850676022,-0.051625150390471178,-0.019473012731700112,-0.048299186406445344,0.99864307456048906,-5.8704513967995808,-9.9288536606929103,-0.29649682032976943,,0.1496565490638205,0.3636363636363636,0,6
-0.99825062017747068,0.037610422435962791,-0.045619682588596749,-0.037187194878346527,-0.99925736569410561,-0.010091067493482198,-0.045965333158542086,-0.0083769463569108357,0.99890791112962884,-18.59275470183826,-11.02590116009509,-0.59073831088371231,0.5211997549930156,0.4810880800313563,0.9487179487179487,1,4
0.66847067744323341,-0.74063901606735727,-0.067829206669114905,0.74348775162997061,0.66309243620631697,0.086800830768971493,-0.019311047998395111,-0.10845399450803464,0.99391388686367355,-2.1260112388335144,6.5198435126018888,-1.6025137057776697,0.1542947360303622,0.1272222287610221,0.5823293172690763,1,5
0.41983809963151592,0.90753173284172706,-0.011050972042748347,-0.9028594749971377,0.4188574426056782,0.096970156139529237,0.092632275723372209,-0.030734291257867502,0.99522593657680869,-10.955276098921013,21.232619806470726,-2.9667040811353314,,0.4224572508571217,0.8,0,2
-0.012186348221430979,0.9975032693858108,0.069560912024238891,-0.99720783412171754,-0.017249453491915239,0.072656671548476978,0.073675155129114156,-0.068481266919122791,0.99492828264043853,-7.5702493791398275,-12.176259661236022,-0.11156144009963183,,0.1009880578228652,0.375,0,3
0.98950747141182238,0.13562183265583977,-0.049816488507844391,-0.13041727400581896,0.98679986021968458,0.096007137814343904,0.06217956787459944,-0.088502849544422529,0.99413326418616799,-8.6652331474608175,-4.3779647083050115,-1.0527525524629862,,0.08698552021045687,0.3252032520325203,0,5
-0.27197349581896973,-0.9278406815450021,-0.25522947957106024,0.96011034525262429,-0.27953642189913991,-0.0068930233361818504,-0.064950308012325292,-0.24692318340312142,0.9668559349702377,-9.3051199341045123,6.6143126833263537,-1.9841670839059995,,0.1900784805285049,0.1555555555555556,0,4
-0.48274818855688745,0.87457848038779973,0.045460621284910727,-0.87491823422755455,-0.48390874798539146,0.018719162357035687,0.038370168896967968,-0.030737684782320411,0.99879073127109075,22.037477906830055,9.8649248876079856,-0.35287606639230346,0.5756231003189071,0.5294590183334197,0.4347826086956522,1,5
-0.98962015333424358,0.13798661756106798,-0.040145304691378225,-0.13607796632775743,-0.98958585166704804,-0.046932177240194044,-0.046203237925601562,-0.040982137016739778,0.99809104056229825,-8.3124296674210534,-15.829150241813036,0.31285931076160872,,0.2429227450326086,0.4615384615384616,0,5
-0.85221275962970744,0.52318192850281198,0.0037526007510929088,-0.52317021465786684,-0.85207948218472329,-0.015921134841979503,-0.0051321359257428855,-0.015531443200594618,0.99986620877642773,0.42124865848422777,-8.1449796681178324,-0.22043964958449763,,0.07176845429414706,0.2727272727272727,0,1
0.071755219323075839,0.99553455708518412,0.061336238465553423,-0.99485977972977491,0.067030216660635217,0.075901045647949777,0.07145073250793961,-0.066467252866612925,0.99522705807290235,13.590238622672464,-8.6539330716728049,0.68293294319285969,,0.1024544721990683,0.2,0,4
0.53154105074082802,-0.82828954316416459,-0.177201986620453,0.84649603921920957,0.51200529009640428,0.1459281963826298,-0.030142444551274756,-0.22756760665392581,0.97329564749785913,10.229152486058382,7.938291901763991,-1.02364571300114,0.8686132534528036,0.792558468413602,0.9527027027027027,1,5
-0.26277969930116196,-0.95130737470482041,-0.16112451231086025,0.962297909806206,-0.27055468291327367,0.027980284778842509,-0.070210842594274625,-0.14769713059474004,0.98653737648214912,17.243601142829466,-15.421943695686217,1.7135346675218355,,0.1377699043018785,0.3181818181818182,0,3
0.79862654803933164,-0.55960502578343008,-0.22144491839892902,0.60180882825746085,0.73972288816725817,0.30105843777059837,-0.0046659402229163299,-0.37370076778007533,0.92753758153641364,-11.968966057399859,12.981973663676408,-2.5091364545610602,,0.3122374083343256,0.42,0,2
-0.931144340795375,-0.3434360358189808,-0.12256388499753859,0.35811530724053975,-0.92460426303398269,-0.12984753944299279,-0.068728766355580784,-0.16479880485103462,0.98392972848415861,-18.735980711432202,37.131841798106706,-4.3231672931501253,,0.3697317365602899,0.1666666666666667,0,1
0.72691583190933684,-0.6710860471441159,-0.14572882572793466,0.6867056085879647,0.70868053095902905,0.16188672636588472,-0.0053647416890741841,-0.21775082633164702,0.97598965013902439,4.4666822563592108,-9.7541879478563889,0.21633481182084716,,0.4585315562341853,0.2857142857142857,0,2
-0.10329379390032951,-0.98729541344713556,-0.12074004608217767,0.99188215756053977,-0.11129556542152219,0.061506768981581049,-0.074163182609204126,-0.11340662989329069,0.99077684603624061,-0.027353005897800035,-6.8490788165243579,-0.39180584860135836,,0.1235474473809437,0.2285714285714286,0,3
0.44248126377460378,0.89641522826096987,-0.025496465446457013,-0.89211964251575093,0.44289901458127623,0.089235678517638584,0.091284580548952901,-0.016739218164760563,0.99568414867830146,-7.841919507882066,11.928316458382897,-2.2367291428027944,1.00023853492945,0.8620222844600958,0.9989795918367347,1,5
-0.22123609021325055,0.97129354432514292,0.087426787310616913,-0.97452545398406165,-0.21680479251489732,-0.057409245594518057,-0.036806683147409723,-0.097900626631670429,0.99451532687073885,-17.686917925365726,9.4689970577698688,-2.4999721542666005,0.5827604874869109,0.4692819591604742,0.1458333333333333,1,2
-0.96511802956867832,-0.24820628373923295,-0.083311642126609881,0.25405173543673987,-0.9647368148333122,-0.068851970391980474,-0.063284316564641174,-0.087615745260978886,0.99414213091454418,-15.178800484659519,-12.814021650642593,-0.33031492202508078,,0.09867190465173843,0.3333333333333333,0,1
-0.28119511740691044,-0.95753226297986915,-0.063728104468636582,0.95644706036211524,-0.28505940083160086,0.062850288163210782,-0.078347473929819278,-0.043279364022364993,0.9959862298137645,9.4186644929834333,-4.1256593519348819,-0.15617887750770151,,0.07739689133654104,0.2777777777777778,0,1
-0.98692209533663167,-0.1434533949381249,-0.073524834015988083,0.15200011776018235,-0.98003666639095932,-0.12815653214013817,-0.053672543606977832,-0.13765629665954959,0.98902477322498583,12.807026880460512,6.0285040464932305,-0.81819823954058901,,0.4961236009505434,0.3125,0,3
0.67360446986699318,0.71944346242850132,0.1692871009383069,-0.73843457234520671,0.64545474791219282,0.19519874682732982,0.031167299218237764,-0.25649419636026333,0.96604312879547127,6.750848742467392,-8.8229395129326686,0.24850354248839998,,0.2516658854237786,0.1935483870967742,0,3
0.0079965831715274934,0.99162027117542384,0.12893910365579897,-0.99764557633451534,-0.00087155959349496752,0.068575100466930453,0.068112837833667325,-0.12918389287312493,0.98927860744301488,-4.1595324531519742,-0.34212876226005229,-1.3849692949677621,,0.3501614577787887,0.1153846153846154,0,1
-0.32318814716053773,0.91575210030752463,0.23863677905405975,-0.94453161300637944,-0.32770711293282273,-0.021635160383088745,0.058390526342090097,-0.23239220924030943,0.9708678630575337,-12.900903301116962,9.2781615505965007,-2.3257512661321167,,0.3323951772130312,0.1090909090909091,0,2
0.59314896298032616,0.79434309245627699,0.13112345016191113,-0.80083774469974167,0.56541372300089388,0.19739865376061178,0.082663258946141835,-0.22209541487673301,0.97151449413332813,-9.8525084161209531,-9.0675538190011586,-0.57269909643790373,,0.1221789328728894,0.4242424242424243,0,1
-0.37172995637357842,-0.91910703508395608,-0.13061048041286058,0.92503064367838139,-0.37859084738534843,0.031420988717825143,-0.078327184236758995,-0.10913857400215905,0.99093573145503122,18.094475426232322,9.3543887531932306,-0.59010462097543748,0.4457145642163274,0.3759261281200044,0.6808510638297872,1,5
-0.98071929392751545,-0.18388839685953651,-0.066141696521515567,0.18549995967455621,-0.98245945283383951,-0.019057505035286425,-0.061477080924948697,-0.030959344919774045,0.9976282310976794,-10.315100461517162,-6.0529874308758753,-0.92431481662451487,,0.1223519115925203,0.2830188679245283,0,5
-0.77457864573133806,-0.6251827598502907,-0.09578328853709768,0.62762121153790495,-0.77849684211500725,0.005855052916533353,-0.078227465794948881,-0.055580424637964192,0.99538499084141563,19.183737918989387,1.3163435294881534,-0.0013226433421965531,0.5700218416876567,0.488750899150584,0.2272727272727273,1,5
0.066192142179465618,0.99722319223742895,-0.034124846922512636,-0.99515965272228502,0.068467483032803603,0.070494463334464269,0.072635156139123011,0.029293491272708826,0.99692829504518565,-1.7642189710539751,-9.721656789106575,-0.15963140143448351,0.5460709297360129,0.4484568320370748,0.9542483660130719,1,5
0.337639628312081,0.93732068920951273,0.086194007756241767,-0.9365766730369528,0.32540431270557418,0.1301390364020184,0.093934109440143049,-0.12466739289973207,0.98774208386160733,-10.635888682918496,5.3148271428025078,-1.9636917237712908,0.4539380405245492,0.2343343627113859,0.7475049900199601,1,7
0.95127647641419899,0.30753531433453501,-0.022250749608599917,-0.29046485542044326,0.91800762590441853,0.26998549321568172,0.10345643134463353,-0.25036778790110475,0.96260726030658061,-2.523274378668281,-4.7247018395675271,-0.76926700397713665,,0.338339691112912,0.2551724137931035,0,3
-0.91912094360491947,-0.37483476667530119,-0.12130782628616733,0.38730567029293883,-0.91607963136870207,-0.10388660524976719,-0.072187317346885105,-0.14246756361662113,0.98716360575712281,1.2529550719988063,2.789712390111978,-1.2710867408054616,,0.08401639400126264,0.2758620689655172,0,5
-0.91104071445925894,-0.40652176966990239,-0.068882997771681123,0.40620177316103145,-0.9135811515269211,0.019224959182765889,-0.070745572853688418,-0.010465675286187111,0.99743948867207322,0.11509694066073131,9.2030513398036469,-1.6190749077079336,,0.1000179034749475,0.375,0,5
-0.57410109897435069,0.81255628603909191,0.10079786790801168,-0.81829966789744157,-0.5736323900675413,-0.036490198469426229,0.028170581736638754,-0.10343192487698584,0.99423752455882575,0.17500990223933802,-9.0364517425008142,-0.10102246465239789,,0.4238644447841295,0.4838709677419355,0,1
0.31494487222105838,0.93859501697899239,0.14088691054838304,-0.94476550296740869,0.29584331973715705,0.14104919202051563,0.090707617455223419,-0.177527812663552,0.97992652983093265,-6.0679706762333216,-8.995475929169011,-0.43699458325671864,0.4065387484891043,0.3107805771528757,0.7258064516129032,1,5
-0.94562456462145583,0.32455789286530423,-0.021362513038365838,-0.3235340754418462,-0.94533274886094465,-0.040886378648632531,-0.033464680074229293,-0.031751663103579054,0.99893540685956517,-3.6727871826623582,-6.6946740495542443,-0.58360496295165609,0.2719524376139185,0.1165786518331631,0.1891891891891892,1,5
0.90884578077451017,0.41601672504001896,0.030486575001944929,-0.4110011985772592,0.88060777367863741,0.23581340866204284,0.071255607052557152,-0.22684804037886766,0.97132003224469754,1.3027226992231531,-2.7964519894463602,-0.79716739236464929,,0.1445421425667169,0.1818181818181818,0,1
0.71859515648254924,-0.6884361963504958,-0.098369734340807369,0.69536412549020343,0.71323056456854261,0.088152678612065827,0.0094728063985532688,-0.13174887217619249,0.99123786278533366,13.111570415197006,-3.3278829776959338,0.0069008455993651617,,0.1525826273159497,0.2,0,3
0.89083602359327385,0.44819939683144994,0.074353747373270565,-0.44843200402945049,0.84115222661599642,0.3022774709122113,0.072937759978319402,-0.30262226015096105,0.95031565852114064,-9.4038448432534505,-7.8482606916721709,-0.71583345147497035,,0.07166236440894908,0.3157894736842105,0,1
0.93074664825372233,0.36424439535522973,0.032197782792681012,-0.35913798830600246,0.89402099932804591,0.26785510657069861,0.068779227387194747,-0.26086868959839837,0.96292104799263534,15.118508852171704,-2.7140705262950089,0.061632359867242761,,0.2325249017098605,0.2,0,1
0.84997969891481617,-0.52344419860677038,-0.059503633314227346,0.52681543882128712,0.84455535960824568,0.095873552017864044,6.9657828119092303e-05,-0.11283800557393368,0.99361339546419358,-17.05153866546399,5.0708616298864921,-2.1686105658385864,0.1913946631733763,0.173159196888781,0.7654320987654321,1,4
-0.30295650437646615,0.95282120829432382,-0.018684257559140643,-0.95168342725206845,-0.30144651574644038,0.058554696123267781,0.050159851970966958,0.035521024321874747,0.99810933573500604,-34.553885693379371,15.23020552667627,-3.1109977567868565,,0.1043656377747358,0.125,0,1
-0.18168410013585831,-0.97768331965332789,-0.10548087139131759,0.98040460053607326,-0.18839928163998187,0.057554582139406986,-0.076142675324199133,-0.092957179115908145,0.99275437840650504,-9.9349575179809673,13.423330300593438,-2.4368208748318745,,0.09512581607415685,0.2424242424242424,0,5
0.062444679670176126,-0.96265613985055309,-0.26342706464773419,0.99631655855097268,0.044583425764846786,0.073250483303643601,-0.058770546518099216,-0.26703084944459676,0.96189425006435159,-1.8283521006557981,-13.35922473431626,0.29959704524489328,,0.3030864265164794,0.4285714285714285,1,3
0.70224842839012391,0.7113960418658507,-0.027619131796689674,-0.70765446785094044,0.70174991442673929,0.082293448904928401,0.077924957197323466,-0.038245643146197487,0.99622536196692468,-7.5877815064245686,-5.7064758588235858,-0.87855503037825322,,0.0921252173937131,0.4258064516129032,0,5
-0.61482013313167905,-0.78502195911388317,-0.075741188299015022,0.78377083056175589,-0.61886377892163569,0.052066383582594494,-0.087746732454726792,-0.027352273174917507,0.99576722385087801,1.338528300328431,-6.0085834111188889,-0.41841131628036887,,0.09443218171537567,0.3947368421052632,0,5
-0.72834296116051789,0.68028237579877326,0.082051326043547326,-0.68468937992892642,-0.72722930193844348,-0.048352822199604489,0.026776555799249976,-0.091397109252430483,0.99545446127878134,22.747743253268958,-9.7477322231959906,1.496506494377299,,0.7038336513301034,0.6744186046511628,0,5
0.17187769379815346,-0.92298113144185356,-0.34433107524146522,0.9839058196795244,0.14350164966730516,0.10647353917065684,-0.048860990323484094,-0.35708977518976559,0.93279123928107877,-5.8019703911162583,-5.5350216295248735,-0.8401298093666546,,0.4218116972007278,0.2537313432835821,0,2
0.78684888222375748,-0.61079382074513422,-0.088316165466940863,0.61689269844595518,0.77433368795183377,0.14089264816512045,-0.017670176775893151,-0.16534282035357076,0.98607784510668106,2.7053445076190052,-11.21149445430518,0.29030703778854727,0.2981544374544751,0.1650443805938889,0.2941176470588235,1,5
-0.84962219628198521,-0.524073268390293,-0.059070575955305314,0.52189301817545708,-0.85160518199296342,0.048951931345395265,-0.075959207241045476,0.010762126251242831,0.99705284487526769,-10.798858967639717,-15.148232920615749,0.097057010673033184,,0.0957381395198669,0.4074074074074074,0,1
-0.040904415271475217,-0.99221698663547164,-0.11761071483212136,0.99676480241220367,-0.048673252002695094,0.06395969990269891,-0.069186396664805958,-0.1146139868057385,0.99099791954626926,-15.596688948619493,8.8623489310319172,-2.3707838159355719,0.2976728715486853,0.2446684323788401,0.5795454545454546,1,5
0.45274393530721269,0.88616368422538483,0.098675497478506236,-0.88787354707807187,0.43789991239933945,0.14115321859473809,0.081874864528385036,-0.15151762762379567,0.98505782321532542,10.955021393535844,-1.2615512731182239,-0.4000694792180684,,0.2671418177199557,0.1388888888888889,0,1
-0.20443112017855178,-0.91139688657547602,-0.35716051327529441,0.97402078190871888,-0.22570622855391559,0.018444912629144352,-0.097423988383106216,-0.34411104825694994,0.93386088522596988,-4.0502177245813114,-5.2093508108177868,-0.79935171079523115,0.8278233623948982,0.4275551699727229,0.1,1,5
0.92019944503901963,-0.36497874577462175,-0.14150440446383214,0.39112033842832977,0.87207937706988115,0.29411297311937262,0.016058088852309579,-0.3259878452062161,0.94523756937619596,9.788414308300176,-10.138953431661376,0.59568252817320566,,0.3670287947682558,0.1428571428571428,0,2
-0.19063408755067621,0.97543626412274365,0.11037544698884294,-0.97916677839975563,-0.19695425346950959,0.049410951402633775,0.069936147605986501,-0.098656559206846448,0.99266097867474379,-0.46926741982688985,-11.588658951250668,0.19154546612235074,0.7477820402593647,0.666300980366224,0.5409836065573771,1,5
-0.9550060257698022,-0.27818317600880343,-0.10284751493848189,0.28920128611926765,-0.95034575258960918,-0.11491547607633058,-0.065773146878705349,-0.13948860570148089,0.98803685256630369,-22.136627766964605,10.836453244979399,-2.6587313808186419,,0.270417320287308,0.3103448275862069,0,5
0.98540183082150057,-0.14689948704399511,-0.086045177202709738,0.16165631483589782,0.96588593599200978,0.20231558152183238,0.053389771373472852,-0.21327189069132196,0.97553299941808091,9.2697259239134144,-15.355908759330402,1.1897365274690732,,0.4603447556905449,0.375,0,4
-0.87683729533515697,0.48078717378670033,0.00022590158044974779,-0.48069938526702544,-0.87666801595756338,-0.019526668966672982,-0.0091901312956206016,-0.017230302354495505,0.99980931090260516,-12.890473452321251,-8.8657056822555571,-0.7311116122850515,,0.1348338011054716,0.3,0,1
0.99682121957794978,-0.012004642318982834,-0.078761315135811041,0.025245017129704578,0.98523444372465152,0.16933924532930578,0.075565503434107922,-0.17078928380132977,0.98240565716478823,1.9872265825491986,9.8901776530153072,-1.5536710885379217,,0.2119476969266516,0.2840909090909091,0,6
-0.9972715224019234,0.012796807610393609,-0.072703179580611454,-0.0095986568686044129,-0.99897793928279921,-0.044169476028239715,-0.073194100803731829,-0.043351107728327093,0.99637508251975992,-12.34343883810922,-2.9720129183363579,-1.2568390778462009,0.2880520580326789,0.2176456245016274,0.24,1,4
-0.59499182418769858,0.8031993715897674,0.029248908143659658,-0.80327955815185603,-0.59548373900534535,0.011877206555916266,0.026957014025164185,-0.016428209215104482,0.99950159246337889,-11.757639994713541,15.937719955848376,-2.665899308775673,,0.07394556475706997,0.3333333333333333,0,3
-0.966712824734415,-0.24750605182883842,-0.064861921048557147,0.24607051926417348,-0.96880641085402619,0.029384312774013276,-0.070111440172549569,0.012445585411755663,0.99746152475205307,28.504485945499447,10.447313666936124,0.029666114158511385,0.5071728872595328,0.4454934859943817,0.8214285714285714,1,5
0.59645461293305835,0.80171173383210792,0.038732293332450207,-0.80140392172214603,0.59215282039538797,0.084301788510995249,0.044650296295105828,-0.0813224024098083,0.99568720886986228,-10.803011238611235,16.987149452654055,-2.6901674749078452,,0.147750106703849,0.5333333333333333,0,2
0.20099735007914901,0.97671133933855303,0.075066802706972552,-0.97714656665883926,0.19449501377621786,0.085768740710295693,0.069171182785904811,-0.090590558137569818,0.99348311422405178,-5.2808864076873805,-7.4335130439548722,-0.56603278846889815,0.3748096520563686,0.4577378532813096,0.3740458015267176,1,4
0.909849395623052,0.40744412841970679,0.078507066565199277,-0.40978480338621093,0.85259140509465337,0.32429047299057406,0.065195798929776144,-0.32722649369363566,0.94269418669411431,27.618460399584741,3.248373075407907,0.51411746691953952,,0.3175444367890965,0.1428571428571428,0,4
0.49030252907892363,0.84864703623291804,0.19849845810962008,-0.87081896333009801,0.46767412921738316,0.15150987415167791,0.035745812111434072,-0.24714189599063927,0.96831974066557536,0.73733510648468914,36.116382965873676,-3.1077816151086104,,0.3986797362387832,0.4545454545454545,0,4
0.96007866837513933,0.27725809148773772,-0.03710661983523577,-0.27177381799797018,0.95594072019316145,0.11097896795062995,0.066241545738499594,-0.096463932022066823,0.9931297837830747,-10.254608625304867,4.0322555794953931,-1.8757597403743038,,0.08828849898866266,0.4981549815498155,0,5
-0.99102082948147019,0.10707071086246707,-0.080084820092596445,-0.10462462816627537,-0.99392519755128683,-0.0341524355457027,-0.083255046182956205,-0.025466930479363804,0.99620280703129505,2.9294794180740595,-14.454625857405523,0.72319244239303193,,0.2091525838152952,0.5714285714285714,0,3
-0.62636573293839581,0.77830597186440365,0.043655271855212611,-0.77879270302825732,-0.62722579885679097,0.0083500274491847722,0.033880588992628323,-0.028768236106290097,0.99901175883011806,3.7585460427638213,10.436539561461958,-1.4786875807908741,,0.109912302872868,0.2666666666666667,0,5
0.48469892891532429,-0.81610531174590339,-0.31470473216724998,0.87393114180079068,0.43695628764581396,0.21286982425312675,-0.036211982811021948,-0.37820804172692024,0.92501209152852915,-1.0635027592734896,-2.1912121817640373,-1.0169626813373813,0.6128113533265375,0.3335497455554409,0.1428571428571428,1,1
0.6849279585538478,-0.72555362331681061,-0.066675567362477844,0.72841755966894151,0.67976575408525175,0.085594265805930075,-0.016779462363418002,-0.10719355981008918,0.99409656994581663,-0.92468638223442712,1.2989831151801687,-1.2780789462391742,0.7168124966842175,0.657060076709279,0.9989623865110246,1,5
0.99744615534966097,0.071392335039219323,0.0020740481739757351,-0.069784880619215534,0.96798298702578223,0.24112031699051573,0.015206499108669265,-0.24064927036310083,0.97049301443058589,7.0855633469780264,-5.8779133707415632,-0.076910355369328651,,0.3175584390955019,0.1612903225806452,0,4
-0.9126230919377899,0.40743294595669333,0.03342882903957653,-0.40878690012337254,-0.91023639021225944,-0.066052889572513249,0.0035160132865256926,-0.073946659710935128,0.99725599981557544,-4.0503447689111542,-12.239657491989874,0.063166005399390518,0.3830863277284373,0.2762746971383634,0.7019230769230769,1,5
0.094405052196479253,-0.97683590305372225,-0.19203985165845031,0.9935416601383289,0.080249034979919906,0.080218837902117188,-0.062949628190757209,-0.19837265660874542,0.97810307913871464,-14.800609096584854,-19.666475378904611,0.48317867264804548,,0.4033903814740951,0.2142857142857143,0,1
-0.13131967255109295,0.99082162893198944,-0.032056875107094249,-0.98946695410988328,-0.12901608175496618,0.065650570242046957,0.06091215252791337,0.040340429957475617,0.99732760885541605,-8.112587110643295,-2.4399047495171682,-1.2085661759019164,0.4880157860812186,0.4861111665492571,0.8269581056466302,1,1
0.76330822046741242,-0.63572387160215527,-0.11495964353649686,0.64590672811169958,0.74743860607437673,0.15537061733040874,-0.012847534662777896,-0.1928488766489436,0.98114435820032597,-3.2477852308317243,10.673110728815193,-1.8652080695658784,0.5079019618198009,0.5525622381163936,0.186046511627907,1,5
