axis_00,axis_01,axis_02,axis_10,axis_11,axis_12,axis_20,axis_21,axis_22,location_x,location_y,location_z,dbh,dbh_approximation,score,reconstructed,number_clusters
0.38710844812934569,-0.92203324573690615,-0.001320281316463272,0.91701096046221364,0.3848498257722584,0.10479270010468045,-0.096114243372441538,-0.041776851950897087,0.99449321106884125,-11.272675726179408,-10.519279986141685,-0.6794574710484006,,0.07235378372075196,0.2608695652173913,0,3
0.97644342346535129,0.19941955702559203,0.082401948077588383,-0.21536089673723058,0.92431828952963491,0.31504822455863196,-0.013338850317804653,-0.32537292437559551,0.94549168962792696,10.832467752367084,4.7747205562161099,-2.2277530819673048,,0.6229953748765126,0.3582089552238806,0,5
0.96029066650134753,-0.27879588943402472,0.01070924204083378,0.27360621088198922,0.94853882233631481,0.15941688708426688,-0.054602904658988718,-0.15015643361351003,0.98715326482126009,19.731254411579833,9.6817472013416648,-2.8476493298100554,,0.1080760887285083,0.5,0,3
0.98701671559614124,-0.16023117953184643,0.011134282178830288,0.15621713543728735,0.97378147055904019,0.16536581929661329,-0.037339117953867199,-0.16147946216688105,0.98616944465376755,-17.619432562438437,9.6224868262395162,-3.6025006283778405,,0.2329161513020857,0.8220338983050848,0,2
0.47540851699715747,-0.86858012860368261,-0.13984027374606442,0.87379446843479935,0.44769169157957145,0.18988253269684635,-0.10232286596509386,-0.2124634309367911,0.97179695493207707,3.2875973688789428,24.159188155894377,-4.6333847793505809,,0.5235523269490864,0.7058823529411765,0,3
0.93822405723515312,-0.3457271698198196,0.014434073353927426,0.34169761415197131,0.93225417950446188,0.11893227181599421,-0.054574342946657972,-0.10665303017186455,0.99279744774405043,0.2231085611227438,3.8290604303673765,-2.1798191074913671,0.3169440526670108,0.2381926841370091,0.8930041152263375,1,5
0.97591725087812176,-0.21562600480483057,-0.033029463973799647,0.21689825937575904,0.94303002973388383,0.25228854135667056,-0.023252193837470649,-0.25337677295288485,0.96708817923172186,9.7344133551321637,12.583584610698225,-3.1938510921488446,,0.1520691052779475,0.5,0,5
0.61360558559108758,-0.78746236617591747,-0.058234072397896207,0.78439242235625206,0.59942259891093908,0.15943988103654019,-0.09064608696192604,-0.14351156668185477,0.9854885677403924,10.127040151024023,11.522200242614714,-3.0782598598199375,,0.128553738530558,0.2272727272727273,0,4
-0.28808565421490273,-0.95616589843315691,-0.052473140834945968,0.95385386199160671,-0.29137129055319733,0.072564323224708599,-0.08467269807480543,-0.029146967507390872,0.99598242378360002,-2.4692212392079655,15.564076271083982,-3.8366620391874777,,0.1026743034599586,0.3333333333333333,0,5
-0.26955865250290911,-0.95415591297767688,-0.13009468317556833,0.96047939427305939,-0.27612997041573706,0.035093768892221711,-0.0694079681136998,-0.11549343344077966,0.99088031607979155,-0.6861272294040156,8.0931662310103931,-2.8116149925501648,0.1634256770101986,0.1964789154664586,0.3700787401574803,1,5
0.97481432726610906,0.22059917308675883,0.0327571700572684,-0.22301797950786664,0.96418199526342052,0.14358294058166216,9.0404376679678711e-05,-0.14727214551057036,0.98909600493772165,-16.993924958680253,10.721103631330882,-3.7015953381686089,,0.1121206784142997,0.15,0,1
0.99903805377982391,0.024474794443226342,0.036386144846428221,-0.031801021423595678,0.97568423064790311,0.21686165429007381,-0.030193743329362879,-0.21781016161321148,0.97552399835257209,-0.58878965162130326,15.079598293439563,-3.6752722352161271,,0.1547731689655828,0.3333333333333333,0,5
0.67722332537927121,0.71465646953950701,0.17502770668544868,-0.73531231790931262,0.64890942688325515,0.19553094597244014,0.026160326700439301,-0.26111814614723927,0.964952305069817,3.6576841010352963,-8.1122019415912288,-0.8064594978074402,0.5074309294132128,0.2649252646693684,0.2727272727272727,1,5
0.049390659230219403,0.99617384420949417,0.072098785660253878,-0.99412560806144523,0.042071741416228547,0.099720830174382394,0.096305961275854335,-0.076600526676289166,0.99239987965318144,-22.247503860068889,15.907991986405133,-4.9182826385902887,,0.2246967160132018,0.5263157894736842,0,1
-0.68609992734211178,0.72596038127812201,0.047417449485106275,-0.72259335795297919,-0.68757935008487425,0.071368595187935549,0.084414031673569367,0.014702453923942486,0.99632229178375176,3.2115207363136151,-13.051558461027506,-0.21130787835406162,0.4095874271230981,0.3691649898701987,0.8051948051948052,1,5
0.92059372951010421,0.36069935878791659,0.14967684442378762,-0.39012152372697084,0.832074675015266,0.3942802707759871,0.017674329170391082,-0.42136410355917253,0.90671931176089504,-2.807645077177324,11.278150240564791,-3.1869240185786061,,0.4784000380299915,0.2222222222222222,0,1
0.98509369616554654,0.16895552741548087,0.032317789693288197,-0.17200037752953076,0.9647126828086493,0.19936225760619308,0.00250597378313753,-0.20194917524935804,0.97939279694691594,4.4842606116700239,8.5823934179910495,-2.7622819677047028,,0.1930223405053244,0.2727272727272727,1,4
-0.42524059423130001,-0.90330464965935819,-0.056666982640648365,0.90160591368829113,-0.4282578287216276,0.060844133167784746,-0.079228867340843348,-0.025217891315923145,0.99653742756479824,0.5600170417008058,6.0404777358235995,-2.5820944204516425,0.6568111805218649,0.3994212167683991,0.3312302839116719,1,2
0.82418129643175742,0.55135785528319448,0.12934336484560083,-0.56572652205340679,0.79104221876399783,0.2328211983009405,0.026051734249804573,-0.26505984899725127,0.96387996326935355,7.5434797617473741,12.865482281954037,-3.2530454396326847,,0.2538377772140363,0.3275862068965517,1,5
0.58876036809602628,-0.80581442311501505,-0.063437721106983452,0.80313860910196344,0.57432943180942075,0.15847421975586848,-0.091266661652518968,-0.14425262305165659,0.98532308265539037,-12.087937199619409,14.381447416248447,-3.8672761841402861,,0.1323596444403031,0.1379310344827586,0,4
-0.42924047497469819,-0.86920107826146475,-0.2454426617208264,0.89997188094949188,-0.43453580803560893,-0.035060590911666495,-0.076178921912365277,-0.23594091862995922,0.96877688596101519,-8.3409591241605892,1.3097556054627886,-2.0843716646699026,,0.2329866323757352,0.3351648351648351,0,2
0.79881585827150414,-0.60139223238984052,-0.014852858146635629,0.59588595934879018,0.78763181651770608,0.1567036855341635,-0.082541795624591727,-0.13402799868006021,0.98753397285606603,-4.7970877504227083,-8.2328818744743568,-0.78534892412217194,0.2003454015474778,0.1167419738498583,0.5294117647058824,1,5
0.72374992151226791,-0.67705243783868252,-0.13336434128987446,0.68384436531219239,0.67782020093705664,0.27003084866809529,-0.092427999771441394,-0.28663525885407792,0.95357081186449133,-18.592284355357226,9.6856347564101011,-3.6830458762942175,,0.2684689555552227,0.34375,0,2
-0.83348837411137588,-0.55217619103418691,-0.019964575531460929,0.55130060287310534,-0.83349610181380929,0.036768104831952982,-0.03694286795749354,0.019639305388941059,0.99912437773828433,-0.92207186012892361,-14.976442969958082,-0.022559135398229999,,0.09134682861217702,0.4285714285714285,1,5
-0.99572038347405922,0.089162098109602864,0.02431127711507888,-0.087545180060451672,-0.99429200118033767,0.060985718303403658,0.02961012297265421,0.058596387682966926,0.99784252463404843,-9.6626162854949147,-9.5197096728779389,-0.73394316541708982,,0.07534244130556632,0.4473684210526316,0,3
-0.77916545301376128,-0.6266868034656391,0.012839283152790057,0.62556766710739942,-0.77615441142199182,0.079053295313887384,-0.039576390685151251,0.069627437064698025,0.99678770523523963,7.1951429994982474,3.1579329037452326,-2.0707154110952413,0.348504091034495,0.3039657229962167,0.8304347826086956,1,5
-0.76187529362939821,0.6167086964478885,0.19803136287635076,-0.64418805483642216,-0.75333588521640849,-0.13231324216145979,0.067585404956879869,-0.22837562867074174,0.97122437431628439,4.3072397906689526,15.692454986726766,-3.6637868204199076,,0.4297615962810688,0.2352941176470588,0,4
0.64211004941280514,-0.76604953231375938,-0.029373431616937749,0.7614353596139648,0.63285995261528993,0.14037262377445434,-0.0889431142508324,-0.11250064185435921,0.98966293656462656,-17.589362877594905,12.351293974895103,-4.0228053292886647,,0.065522176807047,0.1666666666666667,0,1
-0.77832118391681171,0.62398698115567264,0.069687746516605129,-0.62085694878172903,-0.78141533680290709,0.062663550479050395,0.093556313607227395,0.005506247127511384,0.99559876327102581,15.720358078107997,-7.9921242268841732,-0.86004525710103652,,0.4965653330980224,0.8148148148148148,1,2
0.99632334563511982,-0.083966511614942715,0.017012227063437555,0.079597347409575553,0.98068210781879628,0.17868090465811087,-0.03168679895160767,-0.17666982858230001,0.98375999026230976,8.1565617661185055,6.4179105881403125,-2.4472455681685119,,0.08558232115630218,0.2142857142857143,0,5
0.9465152407105123,0.30479980341705398,0.10585829650832866,-0.32250491561113132,0.90383947221762728,0.28118461527618632,-0.0099738913858633208,-0.30028534479438912,0.95379727048903673,-18.233168445361336,10.915661901489871,-3.777226904593479,,0.3900374131339797,0.8461538461538461,0,2
-0.98983518923623848,-0.10984892845730318,0.090330011991820891,0.10533953627736226,-0.99300835882336402,-0.053272707869971632,0.095550406836028182,-0.043215879300453237,0.9944860519533486,-2.6873421124866863,6.3126991781675796,-2.6537163916441626,,0.2037986127379807,0.2030075187969925,0,2
-0.92528071028311631,-0.37908487790490519,-0.012258161436106437,0.37882689966630256,-0.92526973703039961,0.019133578465901992,-0.018595356065092775,0.013060209780738331,0.99974178849005491,-2.4278664204224065,23.052067619526113,-4.7563812463280559,,0.1973895388173229,0.45,0,5
-0.98920120935203404,0.14535012449399642,0.018823090236598259,-0.14366527575317228,-0.98702354355498412,0.071727351902389325,0.029004412754619381,0.068248558796094622,0.99724664865970736,-13.513884305152839,-8.8577760164293569,-0.87195674266393663,,0.160932172798957,0.7674418604651163,1,2
-0.99968078063641419,0.011100157024053725,0.022696328782675922,-0.0098194054927084953,-0.99839463690870545,0.055782867152057353,0.023279091518780094,0.055542195725193144,0.99818492695095562,-17.521081114487828,8.6723381154868733,-3.5125317017528972,,0.07764578841634687,0.25,0,1
0.93678528164487951,-0.34822138509041206,-0.034281234797457823,0.34521123912064511,0.90378001112163375,0.25300373886914723,-0.057118617615557622,-0.24884444631675778,0.96685774809896063,-5.733645154317851,-2.4502648575464874,-1.4911980431729228,,0.2914349012206059,0.2842323651452282,0,4
-0.26199487699247076,-0.96487851955866843,-0.019186633992791233,0.96020656562963147,-0.26261651421583776,0.0950574446472853,-0.096757613403024606,0.0064814315853732899,0.9952868708534014,8.4689597534223857,8.701565410087678,-2.7757537403844061,,0.2558783236590491,0.4111111111111111,1,5
-0.18457067550160725,0.96901396684524865,0.16415114316907792,-0.97797142781020363,-0.19764904530149277,0.067132267042604207,0.097496421122785407,-0.1481444799857326,0.9841481905272218,-4.3005655267972545,15.652126877284916,-3.9100377027137965,,0.1425735840403871,0.2666666666666667,0,3
0.24119932986079096,-0.97041640842804888,-0.010718093501756249,0.96529497909851647,0.23875748602339045,0.10583225498394082,-0.10014233171791434,-0.03587279082253661,0.99432623231849937,5.5813146439638039,-5.1858152450794011,-1.1519742768538732,,0.09559243160189054,0.4133333333333333,0,5
-0.39841835345838994,0.87658079113485554,0.26994246098177088,-0.91192653951139491,-0.41010735932091719,-0.01421057231763327,0.09824867511715378,-0.25182944713478922,0.9627715863035784,-16.211891015495326,-9.375694177210379,-0.90016867560284575,,0.2235865625721501,0.2857142857142857,0,1
0.99555289111311496,-0.091684582012506913,0.021642052063292828,0.088292442676129332,0.9882221841606309,0.12498543634789733,-0.032846393448913082,-0.12251878286199129,0.99192250820485728,-11.415311307915525,-7.8441763286839894,-0.94020872247094145,0.2534460625993202,0.2354579080738281,0.695364238410596,1,4
0.99902522869362542,-0.026581243250515679,0.035242445160706459,0.01810397353077731,0.97486018356024806,0.22208077055718983,-0.040259639541920939,-0.221226264300004,0.97439114394980919,6.8711083112824598,-14.269993916532647,-0.096398704237153299,0.9613240946729871,0.3664852181121802,0.4666666666666667,1,4
0.51476100662671298,0.84841806204384018,0.12332030673991576,-0.8548169597975942,0.49689892812319042,0.14959752829649825,0.065643516808976426,-0.18242326394349531,0.98102634086611062,-12.107579530060535,13.080430947589864,-3.7186114999145694,0.433432841769911,0.366202992165821,0.6606060606060606,1,5
-0.96787396737496278,0.23388499302891286,0.092291891917521643,-0.24740593537917166,-0.95133838631460033,-0.18369969478333339,0.044836217692923175,-0.20063171424328247,0.9786401937498761,2.294158459949748,5.4914785327388422,-2.4648346978076021,0.6791810146715856,0.7489322946345839,0.2255639097744361,1,2
-0.35381662004393305,-0.93409784462792178,-0.047697128238072581,0.93193280057464678,-0.35641131931149461,0.066874708819823867,-0.079467317771418314,-0.020789134857222735,0.99662066869903176,-11.307211452284644,9.2229814569144324,-3.251794405942571,,0.1309773376116148,0.325,0,6
0.72653157122667278,-0.68557967759237071,-0.046177718471618556,0.68217808452983664,0.711605754434117,0.16807828903060332,-0.082370729012835903,-0.1536156109534218,0.98469147811550684,0.25335416883390599,12.519486962130008,-3.2694115964278492,,0.07882346610749189,0.15625,0,5
-0.93572179021914748,0.34616068246211501,0.067804964614957289,-0.34890611020335582,-0.93655371357454031,-0.033640271290533826,0.05185805214078669,-0.055135501331717081,0.99713129472555551,10.035323545297434,9.0252866562600413,-2.8165526442833886,,0.384699349015082,0.5,0,5
0.051264667164859827,0.97697900714518393,0.20708441152845522,-0.9801760151814064,0.009484410811368903,0.197901554351298,0.19138159045105335,-0.21312453061337547,0.95809760530295296,-16.142919088483382,10.071832876655876,-3.5430859062503917,,0.43550826964434,0.3870967741935484,0,2
-0.039459300681129274,-0.99910580227889623,0.015184183955642446,0.99454384487805092,-0.037801454808352876,0.097229576927776243,-0.096568650218062643,0.018937947803672379,0.9951461450098904,-11.012849351296378,-12.793350413961983,-0.43872665518928367,,0.1340819611928694,0.1724137931034483,1,1
-0.97002068369144967,-0.24269246788379129,0.012658564027900788,0.24301924501287708,-0.96895564131924472,0.045460001198673876,0.001232787144929055,0.047173416116359369,0.99888595397461111,0.74157874909938593,-11.956977252994072,-0.32486073969888718,0.1787399617206443,0.1100284979817761,0.375,1,5
-0.72639672110459919,0.68511308176895136,0.054478149358599695,-0.68102245480855117,-0.72819118775927627,0.077110376190691748,0.092499835756733928,0.018911881418440177,0.99553308389334427,7.0364443117721223,7.3886395100051674,-2.5910269511880535,,0.09103358603221941,0.3255813953488372,0,5
0.53056987544259826,-0.84472165549190692,-0.070291763499280999,0.84231215438101992,0.51613410829229134,0.15529268121623366,-0.094899114088759812,-0.14160122527836466,0.98536452703800681,-2.7893074752161766,-10.573177808827403,-0.49720685989313246,0.5586632775157332,0.473640388376764,0.7467532467532467,1,5
-0.046332723451292857,0.98597577681522164,0.16032793353375899,-0.99508602044651018,-0.059615901003488098,0.079055399938707555,0.087504803579647655,-0.15587723336382944,0.9838928790622099,-18.966853355917532,17.563873766939782,-4.9039315570585451,,0.2230685496029873,0.2222222222222222,0,2
0.9930118270500401,0.11399298966543311,0.030546843468323478,-0.11753320020969381,0.97861766803604433,0.16879990123268152,-0.010651675324089597,-0.17121056659806802,0.98517687939677057,-17.419168687066392,-14.246935984600375,-0.39687768537640317,,0.1684370140614927,0.3703703703703703,0,1
-0.89835682053793664,-0.43906655671454792,0.013250727066902848,0.43868619684319771,-0.89521181856274523,0.078423342219231279,-0.022570859359403804,0.076265055434413934,0.99683208095815456,7.4294999137480247,-6.0816646860747703,-1.0400497306456076,0.3259589080153,0.2503741132367432,0.7560975609756098,1,5
0.33898681793671759,-0.94076512077355567,-0.0069946265845250771,0.93522771519812375,0.3361655314836392,0.11109390697792525,-0.10216192045197749,-0.044200938657914024,0.9937852982567833,-9.1389951372826115,-8.4742663670152449,-0.82852450092384644,,0.09178772486366377,0.4022988505747127,0,3
0.86038458198128764,-0.50963782073267305,-0.0027681704676874412,0.5048225885501515,0.85148477335755468,0.14187260070133267,-0.069946588039809937,-0.12346243323006022,0.98988105467399623,-9.1489588053645985,13.266157630056952,-3.6203164918985284,,0.1050644589871555,0.3269230769230769,0,5
0.59735498801600162,-0.7979692431923463,-0.080075621829850258,0.79452685711060422,0.57527015128167125,0.19439991351415009,-0.10906003677951205,-0.17974799015120499,0.9776484891893682,-2.7624285330227583,27.287812749707815,-5.3536610457542713,,0.1852045784800362,0.3333333333333333,0,2
0.20966620501882441,-0.97610305985844437,-0.057121791008212609,0.97359466935111139,0.20301858811199491,0.10438808692619654,-0.090296745700513978,-0.077500125264374858,0.9928948727332122,-19.935942692729181,17.849572669544511,-5.0172029879634517,,0.1827611572491191,0.2857142857142857,0,4
-0.97173667443245249,-0.23592146055703472,0.0083006030861232458,0.23518900732085529,-0.97055262111408203,-0.052093574306393962,0.020346164218065423,-0.048669026055805364,0.99860771051719344,4.4583148282271123,3.0220360486979954,-2.0954731165114011,,0.1258243992516503,0.2115384615384615,0,4
-0.80901382162867319,-0.58741858625396459,-0.02088159326206462,0.58658770660485782,-0.80912061834660198,0.035194991496876722,-0.03756991980057961,0.016224348671226962,0.99916228493492087,-14.999685187899107,5.3843046955672182,-2.7966885844288134,0.3244738926107275,0.26839483203089,0.7920792079207921,1,5
0.96473184460577333,0.259869383403871,0.041956782203035073,-0.26319712317013993,0.94957244964101561,0.17040961603654164,0.0044432373899159,-0.17544248759080944,0.98447965504089729,-12.457751203525184,7.2627401321930387,-3.0493490283049396,0.5979026859538746,0.4549505609819197,0.4551724137931035,1,3
0.82573521204648859,0.54039415196560181,0.1616648388114153,-0.56345338022918345,0.77697919248749581,0.28075545008029351,0.026108387442546437,-0.32292026099775617,0.94606598984547197,0.98078500149123604,-9.7887610614400504,-0.60501667155156735,,0.3514198634380552,0.3125,0,3
0.20048174741528638,-0.96639759551716764,-0.16088118700441442,0.97963673092132664,0.19591978968772103,0.043901155320725208,-0.010906162619758771,-0.16640650043599611,0.98599692303249853,-2.3745738182752447,4.3686594321811274,-2.3495569667829805,,0.2211530649855104,0.1659574468085106,0,2
-0.99974827980604741,-0.00086604289318654851,0.022419344204427098,-0.00098123720489162367,-0.9966108520060678,-0.082254767869632969,0.022414597886135586,-0.082256061378153861,0.99635913513559748,6.2899002221329692,16.642159977101951,-3.7441749488017724,,0.4210307375126408,0.3888888888888889,0,1
0.92125528905966647,0.38496552665945771,0.055589888139799329,-0.38802705102303348,0.89972967042927654,0.19980372324757165,0.026901673813299977,-0.20564061717722598,0.97825775566208051,-14.527306903801897,6.5090980908823983,-2.9835267505025693,0.3369214240431256,0.3402676093927082,0.2727272727272727,1,2
0.64429655451235024,0.74667110833677752,0.1654212979596108,-0.76130411070954651,0.60560219176155128,0.23165067742260498,0.072787367449720891,-0.27518764744939667,0.95863118968193684,12.029670892459833,16.467447870837493,-3.6120651033194133,0.2868605612666274,0.3189593604844562,0.1875,1,5
-0.64753063162764557,0.72668387629185072,0.22942237258243275,-0.75692376727133381,-0.648168689691487,-0.083329228025899232,0.088150392192399618,-0.22761347420807723,0.96975337829535535,9.6848291258090367,4.2969705134284197,-2.2137753233672259,,0.1197613102878865,0.3333333333333333,0,4
-0.31217879107396251,-0.94285539376737226,-0.11648222545681673,0.94598783903528239,-0.31979647679630779,0.053265578247357982,-0.087472343063142666,-0.093562384922798739,0.99176341398874046,-9.2694205676293926,10.2853734103362,-3.2833142682108187,,0.2052686603364723,0.3043478260869565,0,5
0.7756650217384935,-0.61787434018423359,-0.12874421848502496,0.62622191587144005,0.72800499557734111,0.27902479907122552,-0.078675829412373013,-0.29705222799422465,0.95161446379820303,-11.830817506687222,-4.9941673004146834,-1.3592029853341236,,0.1060780532596673,0.1692307692307692,0,1
0.84627462824045885,-0.53274676254164621,-0.00037496382466412293,0.52663631716956649,0.83646140241560996,0.15161303277419236,-0.080457709602937744,-0.12850373251508096,0.98843985537570433,1.5315220819829654,11.622208309100813,-3.1494303968843953,0.6032343097997088,0.469908134737369,0.8864468864468864,1,5
0.94543359191551624,0.32383234810345629,0.035887791789511049,-0.32577507657271043,0.93784483791038253,0.11965642268132935,0.0050914400487590203,-0.12481854960962389,0.99216652176516196,8.8776548129725121,5.1166777318700074,-2.2874606101668657,,0.07154045243587963,0.5,0,5
0.45449062850691668,-0.87783208114349898,-0.15115920717793704,0.88713129328931362,0.43079420648843719,0.16557300541703224,-0.080226785216776522,-0.20934944225211655,0.97454423909974974,-16.603991848633342,13.010957167644406,-4.068183974283885,,0.20571214942236,0.3043478260869565,0,4
0.77293097568513935,0.63224025858487987,0.053385037706685061,-0.6324939633360035,0.76109827250214013,0.14380822625209444,0.050290090176237444,-0.14491954671052373,0.98816457729028284,0.52773148925934377,18.181475695938971,-4.0513483996207702,,0.1235037938153248,0.3846153846153846,0,3
0.73947149908912913,-0.67132145029815782,-0.050094035617567666,0.66931312263566056,0.72520439684086968,0.16155038430895591,-0.072123823405149834,-0.15299050026798477,0.98559223866930601,3.2963824414171783,10.42887336308163,-2.9949208817042208,0.4812074208505417,0.2834625137805154,0.3483146067415731,1,5
0.99957186685739152,-0.029164429821471882,0.0023492595466378598,0.027145394121267891,0.95433628388761593,0.29749854593523078,-0.010918359090543854,-0.29730740537155143,0.95471938083711561,15.912569607770381,18.535301165868042,-3.7983807734409072,,0.3975290844058766,0.28125,0,5
0.19959851952047192,0.97820634611108848,0.057208176279536796,-0.97573977969063885,0.19305677222318879,0.10325194926987492,0.089957286166829215,-0.076429229531368312,0.99300869056556684,-12.327499462018267,12.164326054975216,-3.6242973451110543,0.5170065989348265,0.4537613184917011,0.9446494464944649,1,5
0.41296007050320938,-0.90774314878676809,-0.073934809127139275,0.90834652524354142,0.40461847185792915,0.10578507602368591,-0.066110288518257579,-0.11084343941811022,0.99163660767944362,-14.903448130567741,8.7771981829086201,-3.3695758941542802,,0.6190549094498179,0.8358974358974359,0,4
0.95172375464890746,0.28969001183213927,0.10149675798606075,-0.30679495975038895,0.90842425424386331,0.2839757506781832,-0.0099371781076535975,-0.30140516144581103,0.95344437758323408,-11.27555483638004,10.516735887413658,-3.382403988178285,,0.3577392998017759,0.1627906976744186,0,5
0.85605544554271884,-0.50426199860791521,-0.11352933945288543,0.51226817432694638,0.79840528877696015,0.31643374097070681,-0.06892308559832945,-0.32904229456550138,0.94179656861695737,2.4480658751885791,-4.0265400236592708,-1.2511233606640644,,0.122032648248862,0.4247787610619469,0,5
-0.82935808653012288,-0.55586489748018897,-0.05638599166841584,0.55563970124343975,-0.83115681394649887,0.021044548757440371,-0.058563527123905827,-0.013876828875593031,0.99818723038874979,7.8256033234111406,10.778126167774925,-3.0208168048231032,,0.5642199493499376,0.7790697674418605,1,5
0.74053767620530953,-0.6646218917811445,-0.09940669537658639,0.66700698368528644,0.70890800417064792,0.22924032223377497,-0.081887934614915212,-0.236066055560815,0.96828052938002518,-8.814292249296507,-2.9040139370959865,-1.5168626784212604,,0.4620076557435679,0.4026465028355388,0,1
-0.10643477412731892,0.95675517268162902,0.27072343526819298,-0.99276845475813058,-0.11745668620306798,0.024793589964864585,0.055519673032344272,-0.26612678635030129,0.96233783023075681,-0.28997040636088417,-6.9936327881393296,-0.94652095828502125,,0.5688621235780683,0.196078431372549,0,3
0.031213495145638506,-0.9928647074728677,-0.1150886196615919,0.99503567164493356,0.019980838475916564,0.097492452261266627,-0.094497247975320525,-0.11756036214905383,0.98855947285758883,11.710003429797334,10.657470986057296,-2.9685134437240843,0.2523934288203603,0.1459045175804405,0.35,1,4
0.92502246885071959,-0.37979309226736441,0.009520461507335938,0.3754193345058871,0.91763820693967457,0.13038575245668316,-0.058255947339960763,-0.11703558531716687,0.99141762964403213,-7.4971401671787996,-8.6625095112152213,-0.76891839117649219,,0.1138370385915221,0.5370370370370371,1,4
-0.79373523404121005,-0.60820186232296813,-0.0086529132908751676,0.60662621791911531,-0.79256175696090136,0.062052341907451146,-0.044598318070259706,0.04400404606309026,0.99803538712581796,4.9018800317876092,-7.3640336263192738,-0.88846743319801302,,0.1945296047120491,0.3953488372093023,1,5
0.21216051646257802,-0.97678238694927977,-0.029733546710762421,0.97123098034913413,0.20739191957463562,0.11704261832857676,-0.10815867077767356,-0.053709964073873781,0.99268169203163559,5.4881955627137824,17.898123849789823,-3.8918180396622932,0.4022859451339627,0.2903044439239881,0.2857142857142857,1,5
0.78262525438646069,0.58913503514321131,0.2010413429206474,-0.61982092694265001,0.70761354556263267,0.33927140855108334,0.057617095731076776,-0.39013200394621467,0.91895445468011561,-17.028683662128294,16.5129637696953,-4.6119582618009298,,0.4519987257420458,0.4444444444444444,0,2
0.9522913399766002,-0.30515467152023146,0.0046722858380466277,0.29839079202840396,0.93417880974310841,0.19563457429506717,-0.064063554679977458,-0.18490694382940331,0.98066573463409867,-14.878187119226048,15.44413996890917,-4.2291376600829294,0.3913472633751837,0.320550116516014,0.6153846153846154,1,3
0.97659506498671989,0.20710695502538456,0.058041263112541625,-0.21502046413718404,0.9334061148734446,0.2872615963178739,0.0053178046049012382,-0.29301831665780981,0.95609203900942963,3.4460958232603702,22.956613146604251,-4.5272455674736261,0.3719862658826292,0.434602795507411,0.2,1,5
0.89741445161012134,0.42815479189243938,0.10644611886230136,-0.44103393272642105,0.86421141002148449,0.24213159432949705,0.011677851907426371,-0.26423874236799488,0.96438660028362511,-11.042241199141646,16.171179707146607,-4.2828759286968925,,0.2619633222668938,0.5882352941176471,0,3
0.2717566845916663,-0.95236259738423468,-0.13839720908783026,0.95360775946687926,0.24712688470909017,0.17193180025387775,-0.12953974472842233,-0.17870026848758541,0.97533874555364641,-1.7422063647496837,12.307282614637549,-3.2900137804187968,,0.1640483834222814,0.2258064516129032,0,3
0.097598205818207273,-0.99321872432663028,-0.063175595510056873,0.98980862266013026,0.090256939223788218,0.11014797061049812,-0.10369899097254819,-0.073281993483644073,0.99190537285687708,-4.2950374773478162,-1.4377535215175137,-1.6004256374431558,0.5069087171770744,0.3801229582409186,0.8122199592668025,1,5
0.30119064860330058,-0.94865537253089449,-0.096629070999317293,0.94685979337656412,0.28553844279257318,0.14806866439081737,-0.11287481951618492,-0.13609107926627775,0.9842451388060427,-6.0906418345259734,18.759016198256575,-4.4066253325405675,,0.1937497120665347,0.1428571428571428,0,3
-0.89864062505095244,-0.4326258642948963,-0.072662841611970549,0.43771919182203234,-0.89526346897717768,-0.083097714924152577,-0.029102166907279584,-0.10648090278563041,0.9938887670274057,4.3795748595064703,7.7297326272886622,-2.6558418018007885,,0.2698745270183203,0.2727272727272727,0,4
-0.27119832867708099,0.94224976823487105,0.19651168103726024,-0.95779498387741502,-0.28439405418735797,0.041818546150488543,0.095290269083576476,-0.17687678254708844,0.97960929375632688,12.900433242678684,8.8191438699173315,-2.7669533944400908,,0.5962309565252826,0.3292682926829268,0,4
0.93060221317769631,0.3636936929741495,0.041308818908305657,-0.36579276928701165,0.91997158390902534,0.1408826985021881,0.013235209333939435,-0.14621621828902712,0.98916411517156377,-15.196988614767999,13.17586000093362,-3.9550546366138204,,0.0719089260437779,0.3333333333333333,0,3
0.65026576807150971,-0.75709751902295364,-0.062910869996035887,0.75690795835843117,0.63854326413129203,0.13911449387546382,-0.065151925896639429,-0.13807913137705999,0.98827596349912072,1.9127576939241453,15.200203629460624,-3.6308604853010324,,0.1371453944182326,0.46875,0,5
0.99533543173482197,-0.096308787047966901,0.0056564892473216395,0.091227504816132454,0.95865314549700176,0.26955832206356939,-0.031383446246042446,-0.26778492146880462,0.96296745279145757,-3.5832211354120607,18.653943127706263,-4.2612137725808461,,0.4062212719017476,0.1764705882352941,0,2
-0.97828330829449084,0.20557525460343426,0.026468536172591248,-0.20382124529273704,-0.97732487143160618,0.057384629026530888,0.037665218434313266,0.050743574725553305,0.99800121289724286,9.5818374097188777,2.5273768974697357,-2.0171965277099182,,0.07630742240251485,0.2156862745098039,0,5
0.97229411217389794,0.21657068365891108,0.08798464872625586,-0.23376082341586232,0.90048445785472453,0.36672008207626144,0.00019201017890709338,-0.37712714055288277,0.92616147781609681,-1.8288105684472709,16.273888177221224,-3.9009488521153433,,0.2067483166750968,0.1707317073170732,0,3
-0.51388639285627113,0.85277788301240387,0.093223695925733319,-0.85258055586877701,-0.51973597735827948,0.054597706855893338,0.095011425584812584,-0.051423691858104408,0.99414708817358866,-16.256151658400491,-7.0324047135793943,-1.1393678628114154,,0.3517266824802178,0.1428571428571428,0,1
-0.92282633417344306,-0.38450783203753897,-0.023351318116901991,0.38490317664885265,-0.92282408014319783,-0.015660833741636012,-0.015527445431464481,-0.023440226314027167,0.99960464896313883,-3.9469337476270034,-8.9172782199770193,-0.68061877337433696,0.5876381437327773,0.5987435482526735,0.4146341463414634,1,2
0.70146525499000201,0.69915105163002511,0.13832679800544767,-0.71245925079887362,0.6828079438854997,0.16178729158361613,0.018663118520694154,-0.21204037061721168,0.97708268290641409,9.8974421458186352,-3.8326076768052113,-1.3100438947255164,0.2590676334316069,0.153978534472499,0.2162162162162162,1,5
-0.065714200819945542,-0.99763022020272663,-0.020385964506398676,0.99035573210325289,-0.067705100674266744,0.1208782165359749,-0.12197199555974522,-0.012245941407163452,0.99245799367944354,2.5776173971406129,3.1593994547046642,-2.1128555250289223,,0.1183895531014897,0.2339181286549707,1,5
-0.8119886160043841,0.5783265591543193,0.078821814594752571,-0.57966952579482089,-0.81482199273151656,0.0069542092179408401,0.068247551927461431,-0.04004386517014677,0.99686446446753352,-6.9504748613654188,10.517821725645236,-3.220559043473723,0.6889297516759565,0.6342218234783664,0.7288135593220338,1,3
0.43487448621105967,0.87014995485218083,0.23178273730675988,-0.89708980957797302,0.39628412225821169,0.19541946678208613,0.078192421589454539,-0.29291287188648146,0.95293651136326518,-4.618692937861419,4.5429839243243064,-2.3584068538276624,0.4832580862651121,0.3235251963064406,0.2307692307692308,1,1
0.99677384542051439,-0.068532210469162552,0.041776036358301939,0.05779988095238657,0.9740554377604973,0.21880397147011488,-0.055687295207162812,-0.21568342610737448,0.97487413795581535,5.4477996425293034,-9.1938644724870056,-0.68668331887537193,,0.15041258285136,0.2,1,2
-0.75833363456358138,-0.65132846567653857,-0.026482607293035608,0.65053585888877996,-0.75875531837076993,0.033067554247491575,-0.041631658499609661,0.0078483529176394933,0.99910220116215043,8.2481353756325166,14.729709104999746,-3.4568122100854937,0.4349897285289477,0.1275755828207687,0.2727272727272727,1,4
0.88024167805277864,-0.47381181595674182,-0.026018287387990727,0.46894831467395248,0.86020538020799064,0.20033517420983982,-0.072540101897427073,-0.18854460194076586,0.97938187990982861,2.4795534453228316,20.820421752017001,-4.277019637134404,,0.5657260208471825,0.55,0,3
-0.087615952787370818,-0.96449777565889139,-0.24913346938180192,0.99159443750274734,-0.10834544895668749,0.07072294679935863,-0.095204602466332014,-0.24084290406699932,0.96588341906764441,-16.28472373226343,15.303008210436998,-4.2853824598920625,,0.6583840540904193,0.3125,0,1
-0.23157430263973541,0.9652990248925637,0.12071095599980236,-0.96810176134001114,-0.24087334608125871,0.068985584276617509,0.095667769114202619,-0.10088520054539285,0.99028776336155311,11.537225914561018,-6.4687697594192146,-1.0093361910821477,,0.2568680201631133,0.4583333333333333,0,2
0.056655552201052471,0.98659769303825673,0.1530200656658546,-0.99495764194238179,0.043088550663739227,0.090568579221228421,0.082761338469404727,-0.15737969657261078,0.98406411984253528,4.2002660196228057,11.684579468521799,-3.1855278566551313,,0.2048396178436786,0.1764705882352941,0,4
0.027221576089727365,-0.9959888701862003,-0.085235885989460206,0.99363934951297472,0.017639320687725425,0.11121914163087553,-0.10926952408894419,-0.087721290636268337,0.99013390320425021,11.591567939604912,12.360188944071414,-3.1528542786891842,,0.2189578602145526,0.2758620689655172,0,4
-0.60384459960329717,0.75684593234777109,0.25011184341923409,-0.79206857106703621,-0.60493480834844449,-0.081738952625141414,0.089437566255785042,-0.24746335554393623,0.964760493285861,-2.976005335984524,-5.3289658037494991,-1.179321264131278,0.6981938523750312,0.6164565822631383,0.3851851851851852,1,4
-0.29136685249897654,-0.95548517313317993,-0.046405184920406885,0.95194274382598965,-0.29439029017804869,0.084494789933645217,-0.094394754843085252,-0.019556098065356135,0.99534274965288827,-12.774287324190054,25.993771081769498,-5.7947215115833792,,0.1048935471367474,0.3076923076923077,0,2
-0.72585251648264104,0.68601071344335685,0.050273505514862774,-0.68273351081104683,-0.72742439062634767,0.068765610136955785,0.083744119384220203,0.015590284244432786,0.99636532733016059,11.617867945181759,2.0796708543356219,-1.9697284599399865,,0.2448743371312509,0.689922480620155,1,3
-0.81443925589856103,-0.57070662709294162,-0.10479811183220918,0.5789669686702188,-0.81127465739530757,-0.081428984133071036,-0.038547991390161004,-0.12699360637577078,0.99115421418639971,-22.668766194830905,17.89526607201061,-5.2069741249328443,,0.2971716795099222,0.2307692307692308,0,1
-0.48859019034300422,-0.85000480052812066,-0.19690471040515498,0.87036892902043783,-0.49062862789247969,-0.041731006316163041,-0.061135532192039349,-0.19176910223363322,0.97953410258760421,-9.125198998702464,17.132312609697326,-4.3671299141647459,,0.5431404690432327,0.2068965517241379,0,2
-0.70484834383118278,-0.693042589804439,-0.15126394453271375,0.70668546492036877,-0.70453510892800209,-0.065007183896023571,-0.061518012555041121,-0.15271623687403085,0.98635352948439003,18.750473506937436,9.9518938271153097,-2.8720920075338525,,0.2779991675426802,0.5,0,2
-0.98732029427634149,0.15869345046280051,0.0038762469334263088,-0.15736936449955852,-0.97529575104628596,-0.15502606589882115,-0.020821134144980533,-0.15367038352028428,0.9879027753790578,6.2372785564101445,-9.7316131836991087,-0.59278823569002859,,0.2542452106385005,0.3055555555555556,1,3
0.9916337711824259,-0.12815675022507389,-0.01543733209685863,0.12884846386564369,0.97551835645902718,0.17821899329460508,-0.0077805661737810972,-0.1787170489439287,0.98386974707366059,-4.4498786798891024,-12.987658368758044,-0.257546748830424,,0.1569754571346832,0.2727272727272727,0,4
0.97639092237763836,-0.21522017490627107,-0.018467349887256113,0.21410644199508971,0.9529108996406549,0.21475392625570469,-0.028621638575517239,-0.21363776271846563,0.97649357813858673,-3.2616128377594276,-2.9746200620829648,-1.3972569063713858,,0.6192410756015394,0.3540983606557377,0,2
0.73203894289521165,0.67745422420906964,0.071935806008892322,-0.6794085771563958,0.7181800080228975,0.15040432627605191,0.050229188438430668,-0.15897562762108752,0.98600394444003014,1.5303044773455878,23.121045909781383,-4.6166176233481249,,0.2925519670942289,0.4705882352941176,0,1
-0.61690886102875409,-0.78634183863060991,-0.033014693747457892,0.78450127691420579,-0.61774488029518515,0.054304782377515258,-0.06309678045817603,0.0076010320431151293,0.99797846700602377,6.8232561665145743,6.2932288464649577,-2.4132150723437338,0.6596300855059738,0.3794857421501097,0.575,1,1
-0.82022864222331693,0.54029762988589713,0.18789211163903413,-0.56724332579518921,-0.81065794870146957,-0.14515060987793807,0.073891703304944628,-0.22563723395487423,0.97140509306668055,-12.372565426203341,5.8548205626921943,-2.7646445792012733,,0.2720564466778702,0.1944444444444444,0,1
0.096669295426601756,-0.98432592621754744,-0.14750429925155537,0.99036097247318311,0.080355728252907002,0.11281888644600338,-0.099197739509001098,-0.15698862351429466,0.98260591315307677,-1.750874080362786,-9.3163234375438666,-0.63134365180228413,,0.4372853455688323,0.2340425531914894,0,1
-0.83476583578829977,-0.55041698448233689,0.014392449202016027,0.54980640689243876,-0.83186266455213942,0.075613638083622522,-0.029646489517105946,0.071032742574011543,0.99703331696675324,-0.22520799915106279,-15.88696623324792,0.10245433860089739,,0.09384740048270629,0.3939393939393939,0,3
-0.84133050907263152,-0.54029373486716092,-0.015673371267242282,0.54045840336104334,-0.8413206712090715,-0.0091783676516844891,-0.0082273166961527398,-0.016192845939226042,0.99983503789393657,13.553258750397168,12.911124769244145,-3.2244811149041177,,0.169246940633364,0.2307692307692308,0,3
0.35739839957433528,-0.92330028770851746,-0.14065192035330606,0.9295146180491195,0.33698058567298739,0.14982209353926973,-0.090933815573212701,-0.18428419247688979,0.97865743628117252,-2.2805333014819116,0.65690496465311099,-1.8340671075286001,,0.5482744915350019,0.2229938271604938,0,3
-0.91276667385487686,-0.40730338311544384,-0.030999245194328808,0.40803146816601726,-0.912692809973913,-0.022408828800420305,-0.019165596421416322,-0.033102699657823281,0.99926817781273025,-9.8755634072997704,27.966643435564009,-5.78453293552856,,0.1568614063601373,0.1,0,2
0.52830423679256011,-0.84716101064289595,-0.056682055657308675,0.84378303607483651,0.51642450739299317,0.14606819022715384,-0.094471272984766569,-0.12499580077111375,0.98764934484371825,3.472488547572147,-19.631951632760298,0.55664279325109778,,0.4202536232599797,0.5,0,1
-0.23780975846725455,0.96872083231328632,0.070897586841864618,-0.96607212037079904,-0.24346733179903968,0.086187682350345421,0.10075304968095926,-0.04799591012690492,0.99375309589005822,15.053972745508947,12.749921933366196,-3.1680746350008788,,0.1143831179304847,0.4444444444444444,0,3
-0.91996406252010177,-0.38932566341447883,-0.04573457639888024,0.38965862900584652,-0.92095768238336428,0.0017607101819471849,-0.042805099144764908,-0.01620108224584613,0.99895207513737561,9.2808827850642714,-11.343737018474622,-0.4513179414664098,,0.1291776704179366,0.2692307692307692,0,3
-0.9534628082848583,0.29124090884467763,0.078021831770845762,-0.2972662898209833,-0.95128850550193789,-0.081749203274142299,0.05041255948292199,-0.10113808538436961,0.99359431436133161,21.4866166946208,19.708578712607835,-3.9377321695357708,,0.2086177449831997,0.2307692307692308,0,1
0.3184594945417874,-0.94567600520340167,-0.065425098538152301,0.94300995811085186,0.30902156506213263,0.12344185364097937,-0.096518232681500227,-0.10100774974766884,0.99019274146549552,-4.0184631036470657,-10.178843746263199,-0.53508157554006341,0.2908895164131475,0.2465697605275453,0.5714285714285714,1,3
0.99177154571370985,0.1146460458163362,0.056969160879522869,-0.12765745672791304,0.91912478810399989,0.37271060842768877,-0.0096319704318187874,-0.37691631441402929,0.9261972344345154,-6.6875949895796927,32.082603498575281,-6.1314529635616415,,0.2773776135554379,0.25,0,1
