axis_00,axis_01,axis_02,axis_10,axis_11,axis_12,axis_20,axis_21,axis_22,location_x,location_y,location_z,dbh,dbh_approximation,score,reconstructed,number_clusters
-0.73149171613009067,-0.67581730661884298,-0.090503244734689445,0.67936341684128232,-0.73370117771701804,-0.012162634352728909,-0.058182618459402105,-0.070381459853521885,0.99582188819994011,6.3559589815142621,16.575356070337868,-0.94913755835809277,0.5612379596678594,0.2688498320052615,0.3111111111111111,1,4
0.96359285170880438,0.2672976328054264,0.0063868327292415051,-0.2626098461777876,0.94166426864578701,0.21048627947273846,0.050248232070140154,-0.20450031944330166,0.97757594821139848,-8.4868695827379756,19.076774551573052,-2.3426508752016266,0.8322321840018122,0.5213367595729518,0.676056338028169,1,3
-0.50525256215850467,0.86012669642949291,0.070013673818438635,-0.86296736573708455,-0.50333273739046758,-0.044084931028831813,-0.0026784519903531186,-0.082693540015571693,0.99657142460268722,4.1660015748214274,9.4056192066150377,-0.94037348314572633,0.1885784053423629,0.1885059049185839,0.32,1,5
-0.75777849428516819,-0.64164162413203496,-0.11860767167476083,0.65041064339622801,-0.757330835342791,-0.058446563593553068,-0.052323499078406437,-0.12143324100177472,0.99121956166330616,-3.2590336838916851,5.526434509867082,-1.5787417742997318,,0.06922410569594893,0.2260869565217391,0,3
-0.19268014111217249,0.97498668076244976,0.11079411336716745,-0.97875965387249553,-0.19901768209191126,0.049208761071154558,0.070027874252959477,-0.098959257023213482,0.9926243812626343,7.2486477687544406,16.148356037604902,-0.87173659730922703,,0.255225834269324,0.2580645161290323,0,3
-0.75454891344149477,-0.64792632970148634,-0.10415089295738213,0.65421974609845901,-0.75514309006186242,-0.041897939647306613,-0.051502048882806038,-0.099751615582818864,0.99367859700684424,-7.1401395244448231,3.9461377547598806,-1.9108804044900392,0.6526232976903679,0.3981732452073857,0.8621151271753681,1,9
0.57306537168323646,-0.79190721963071886,-0.2109005340777953,0.81950920997663979,0.55349414128623464,0.14848868753301814,-0.00085705368468947285,-0.25792865497761036,0.96616358573505723,-5.3497973340144753,-5.7797435024464541,-1.5131673751551034,0.3549641522748115,0.1519999432614732,0.1428571428571428,1,4
-0.97111736217263045,0.23764818761749648,0.021316843316788982,-0.23720402122210166,-0.95190759151976756,-0.193923153653969,-0.025793821022446123,-0.19337858239514377,0.98078509504779265,-7.6697858633037157,-7.115057260410941,-1.7194251055932293,,0.1268443663787381,0.55,0,4
0.4587426827246745,-0.8833641757506302,-0.096035847718338507,0.8884035039610283,0.45388361336834682,0.068766850047544167,-0.017157074235924257,-0.1168648728921754,0.9929996154518691,-13.657349255739289,-3.2589556575047509,-2.438249793346654,0.3146259235525297,0.1845470975655401,0.6951219512195121,1,1
0.95966909100189057,-0.27741328146903049,-0.045575289798214388,0.28013049124955758,0.95727299619173134,0.071800547591146763,0.023709568698909788,-0.081671794560248492,0.99637722491304548,-4.4803373736934518,4.0137388410540673,-1.6969384358559714,0.3368536468683316,0.2736350175067594,0.8250444049733571,1,5
-0.2794178896275355,0.95047364459724071,0.1361083901974236,-0.95667141578267412,-0.28767790908254193,0.044958012080961986,0.081886782697024235,-0.11764893349255809,0.98967332148926568,-23.809780255242657,14.712345939830968,-4.3501217494490998,,0.4054924024631805,0.4166666666666667,0,2
-0.13164921072837574,0.95276849253227158,0.27367989504598023,-0.99075103984086599,-0.13561922755606845,-0.0044499630715526583,0.032876471356254253,-0.27173447472648415,0.96181053897131075,-10.982514415719129,12.991456338055066,-2.5821105603026617,,0.3138106590559108,0.2,0,1
0.66440933971935168,-0.73843646624361348,-0.11520336199669173,0.74732901587454426,0.65484155060724158,0.11261387849767382,-0.0077182462827289034,-0.16091652780230126,0.98693783986346917,30.894865729108432,-10.489648339906744,1.4819223950859473,,0.1951540138129006,0.631578947368421,0,2
-0.39265967763998938,-0.91756088448204254,-0.06245318906341403,0.91837148903837451,-0.39482071872695107,0.026653483550403333,-0.049114006933842977,-0.046889479976478556,0.99769193190605532,-10.304424636699938,15.500439513781661,-2.5554344283732298,0.6113912308720388,0.6102315655979744,0.9292929292929293,1,5
0.96686220607464946,-0.25046421055665335,-0.049448495373427909,0.2540399683028256,0.96308629056390826,0.08904207675336373,0.025321314522805081,-0.098653312960513509,0.99479965564567507,-11.345225506189967,3.180130053591756,-2.3346327315429471,,0.1881047711736777,0.1827956989247312,0,1
-0.23118062893846195,0.97273431009951394,0.018533179944079759,-0.97219529773686375,-0.23169914257045698,0.033938332169478017,0.037307102030952631,-0.010171985417683136,0.99925207573000019,-11.783097312633831,12.902540622566308,-2.638767050827846,,0.2142558365014422,0.4782608695652174,0,7
-0.99877416440320277,0.032968032455458603,-0.03692258599691179,-0.032401067126000042,-0.99934925940114894,-0.015850191906431114,-0.037421108612385519,-0.014634430989624674,0.99919242093794369,2.3516851471600835,5.8177606976429761,-0.99851309243837361,,0.07209866097318718,0.2258064516129032,0,5
0.34914746623334197,0.93699913821030645,-0.011342919200188503,-0.93570615379274391,0.34926689618575668,0.049665168711676179,0.050497926464645689,-0.006726828518142945,0.99870151156432141,0.29832707955366528,3.9410965225807653,-1.1711273813977774,0.4390178122144011,0.2649458527603368,0.6871165644171779,1,5
0.99183998756764313,-0.1123131168918893,-0.060325805720654609,0.11941131628956139,0.98416562871344904,0.13099218603052465,0.044658443813143017,-0.13712687203130569,0.98954628207229278,-1.6042293010534683,9.5803309605487534,-1.4647952594189746,0.1119290439872681,0.2302095504631508,0.7142857142857143,1,5
0.99855069911105676,-0.037928953226206,-0.038182401862441095,0.041264315598986363,0.99501988237310757,0.090734171844763983,0.034550796849970263,-0.092178241409630893,0.99514291146933309,-14.800181570188135,-4.0590094610026668,-2.556027866581553,,0.08551990261560394,0.2142857142857143,0,1
-0.77531274525550431,-0.59189966851029308,-0.22032913893032607,0.62943684272824596,-0.75284030679311686,-0.19245969314103986,-0.051955827975995642,-0.28789973060954899,0.95625014355778182,-14.90472692684544,-1.0237695160022486,-2.6770690503645374,,0.5287005719604151,0.2068965517241379,0,1
-0.16238052298988542,0.9865911069852108,0.016448506656442777,-0.98626427795659632,-0.16279274323915099,0.027951686450458736,0.030254582798051381,-0.011683765076706022,0.9994739365552997,-1.9015917114755532,2.9971346017261769,-1.3979403912574608,,0.09787934162058096,0.3286713286713286,0,5
0.0089557699578133917,-0.99328395497336397,-0.11535501279500607,0.99907204368648495,0.0040279090730405975,0.042881551658151364,-0.042128917723745461,-0.11563200569467173,0.99239830388330186,-9.6226091887726515,8.6203667688669974,-2.2700426683837529,0.1763893588638372,0.2779505782616408,0.2864583333333333,1,5
-0.63892109428735266,-0.74652271386015079,-0.18569780010955259,0.76823856101118382,-0.63170318828032368,-0.10373328921777923,-0.039866635801350116,-0.20893759740015502,0.97711602777895989,3.523253394326507,7.540836421888006,-0.94622891513068563,,0.2317185012280499,0.2592592592592592,0,3
-0.78475489541961285,0.61968115994376261,0.012450466887082961,-0.61939783672086035,-0.78480867314928549,0.020534517651432275,0.022496088114865906,0.0084027709960180514,0.99971161814751242,4.3673018451046302,7.4248173094595629,-0.87525666941175051,,0.1154242001985025,0.25,0,5
0.73920594877524937,-0.66712686824442813,-0.09228383911425625,0.6734307684480243,0.73382793941331226,0.089373124841401183,0.0080972466177019978,-0.12821192223344416,0.99171373772597227,-10.381220602869108,16.226800126532389,-2.5545008430218452,,0.3500215642375249,0.8842105263157894,0,3
-0.95374650641671477,-0.29602377078943082,-0.052321397396467739,0.29697287004756168,-0.95481990633153957,-0.011227685814317209,-0.046633849869237375,-0.026246401670277583,0.99856717873447898,-4.7275892485402409,-6.7104119682655403,-1.3811617322068748,,0.07540505283104622,0.2156862745098039,0,4
0.2374007207290604,0.96126062358882636,0.14006752419795337,-0.97034796655566646,0.22791631366227511,0.080492097549283645,0.045450210105197994,-0.1550231192571643,0.98686478855878401,-21.254685176574498,16.417102813292061,-3.9264680780557857,,0.340349078164654,0.1176470588235294,0,1
0.36342244394432022,-0.91315199994245133,-0.18460106239845653,0.93135903601627124,0.35138534320675346,0.095387035860823741,-0.022236754897680532,-0.20659565721615111,0.97817368659714365,-7.0460253647554616,-11.036276841100715,-1.6031094443542546,,0.5391355718524681,0.2432432432432433,0,1
-0.23894089389158601,-0.9667952581504069,-0.090632102724030966,0.96996792437303547,-0.24200926935406378,0.024366764951030958,-0.04549148177138744,-0.082088015962146488,0.99558630099135204,-19.587035885761871,16.634474884436813,-3.6517383578782776,,0.09546468128801974,0.4615384615384616,0,1
0.18017887400099372,-0.96963423102724822,-0.16536333143696505,0.98352160147945444,0.17505436968170265,0.0451799411092094,-0.014860443702120229,-0.17077887947735013,0.98519731096742102,4.3639743983157508,10.924420130621661,-0.94110510213458798,0.2799215997000272,0.3010666669510847,0.4712643678160919,1,4
-0.408797709006888,0.91200795036183291,0.033554904075689077,-0.91249760493814858,-0.40907863767434416,0.0016700840233541082,0.015249724353647414,-0.029936043080399436,0.99943548027465312,-5.4101962044354055,7.8337874195514994,-1.8200933031298856,0.6850323551203239,0.757314920005637,0.8637236084452975,1,7
-0.70970783498383105,-0.68222952844463125,-0.17572040143586554,0.70344855536654549,-0.69985173826977631,-0.12396642446039549,-0.038404673091770709,-0.21159020525296277,0.97660363818988805,-7.6680067464279968,17.659332719698636,-2.2742087040521799,,0.11022503632666,0.6153846153846154,0,3
-0.99650197431342613,0.076142651753649482,-0.03443997348090836,-0.074507928333550938,-0.99613611460844698,-0.046490964586986844,-0.037846846696728213,-0.043762286922743074,0.99832483613221068,0.39439782825253406,15.688393009564637,-1.4274786102318775,0.2215242411293188,0.1124739623046181,0.4666666666666667,1,8
0.97677836805849227,0.21075224925445915,-0.038568239876528868,-0.20289504410499268,0.96772097688408454,0.14949820057828292,0.068830376801381682,-0.13820130365773617,0.98800950344451677,-11.949247507419093,-10.556427298393922,-2.081548582541445,,0.280106476091818,0.3863636363636364,0,2
0.99535475065627022,0.096274104929186824,0.00046590350861317755,-0.095169654268925305,0.98318177963951481,0.15587278496007875,0.014548445014112579,-0.15519305688387491,0.98777702840403758,-22.563221626253274,9.9121836921515047,-3.9963568642951275,,0.41452475807223,0.1851851851851852,0,2
0.9708200866297384,-0.20988879493502652,-0.11599591870815976,0.22773760370186905,0.95845395279874923,0.17176031038800496,0.075126182229353605,-0.1931649919762268,0.97828592068907261,36.074495101468962,-2.7856892310174262,1.7244084526335945,,0.2262527216654193,0.25,0,2
-0.70603264950351474,-0.65495276159344828,-0.26935994118681439,0.70632383957529954,-0.67877186650189902,-0.20093627570236269,-0.051230181364650788,-0.33212291900235519,0.94184384862391124,-1.0575990800003021,-8.6006063750173904,-1.0142344492626392,,0.4030613218460107,0.4594594594594595,0,2
0.8768998802472957,-0.47573220329453481,-0.068742059692779578,0.48055595174115023,0.87083152013867948,0.10352990282576853,0.010610243561555158,-0.12381976531024123,0.99224799745329817,0.67092412262409995,9.9704577868719646,-1.241771829292416,,0.0915201658129933,0.1666666666666667,0,5
-0.42819858043579334,0.88829564779533698,0.16606269244063468,-0.90341493666013151,-0.41629162086420479,-0.10267783898009597,-0.022077770089863932,-0.19399002166635906,0.98075503748986348,-3.3893338836911053,17.986590281045103,-1.8343415567756132,,0.319948074659161,0.1875,0,3
0.78657666217658362,-0.58804916182138356,-0.18840206421457922,0.61601738806478257,0.76835909898525412,0.17362854779215534,0.042658318309435089,-0.25263111108439934,0.96662184415172092,-17.761918471745656,7.7031691405825411,-3.2153144243840934,,0.577048105791518,0.3171641791044776,0,5
0.85978882591817618,0.51055544472593217,-0.0098139027379018414,-0.50741593405435947,0.8563456395771214,0.095922966202010504,0.057378085485534268,-0.077493763864944457,0.99534037990431112,2.4737891302080692,17.885888365017326,-1.2879964186119699,0.2749154244897862,0.1969859181126721,0.7608695652173914,1,4
0.40210894825054466,0.90506514255441184,0.138439450554389,-0.91143685837729438,0.38129364667008203,0.15458980626275473,0.087127762097773606,-0.18834076229534302,0.97823131739371383,-1.9144401061955609,20.098475993416315,-1.748386635348635,,0.5894425917630683,0.2,0,3
0.0018193823616012238,-0.99199824137699066,-0.12623857949446668,0.99927755512417282,-0.0029886658991784302,0.037887144273475268,-0.037961265427779625,-0.12621631028160177,0.99127613980465645,-24.9448986148,10.381065745365136,-4.3736357703632587,,0.7153303046448953,0.7682926829268293,0,4
-0.73964654420397269,-0.66937504745366172,-0.069713954797650926,0.67115535236441348,-0.74131103099856299,-0.0029065980884344545,-0.049734119472659308,-0.0489387491284346,0.99756278809607923,-12.104906696222535,-6.7783724842585285,-2.1807944982820997,,0.1531882449074526,0.5555555555555556,0,2
-0.48426198397993087,0.85828818983264688,0.16979904023762765,-0.87297388871925263,-0.48694363596667217,-0.028328166300390031,0.058368831461721775,-0.16194838247217905,0.9850714699596359,6.3363589069317481,8.7227764004298525,-0.70973005635106734,0.3492720854964363,0.2572069148991325,0.1785714285714286,1,5
-0.50953885003366783,-0.85660098583870736,-0.081270605796447834,0.85893127538297842,-0.51197196186706551,0.011035145262201129,-0.051060987802207136,-0.064183029861033761,0.99663098195998323,-16.43487570022403,-3.3090117241534518,-2.8258997874678702,,0.1932742320403883,0.2222222222222222,0,1
-0.039951806909158415,0.99551925524842866,0.085704524701481044,-0.99890037155251155,-0.04189858035866028,0.021037031068630779,0.024533667417387175,-0.084769814164844928,0.99609847794759221,3.5550758414907961,11.450029969719052,-1.0304329658795195,,0.3431778402967945,0.1764705882352941,0,4
-0.94275807122062205,-0.32692203409963072,-0.065796677488549726,0.33124457650855371,-0.94083133667297403,-0.071508226574384492,-0.038525961143637759,-0.089209750332038554,0.99526748704237999,-2.7836733022232347,2.048693016219703,-1.4572067512558582,,0.4921974017850907,0.621875,0,7
-0.50230097594215206,-0.85432240966257067,-0.13351760152092618,0.86318984536593768,-0.50451437955070177,-0.019197179055766733,-0.050960969620781428,-0.12489379958552702,0.99086049391445619,-4.391094397699649,18.247911580667179,-1.927723933173459,,0.1039272060432101,0.45,0,1
-0.044548698097413068,0.96630784498498212,0.25350456054734893,-0.99834693137026864,-0.052286516552151836,0.023864718946776775,0.036315535537737115,-0.25202235795127476,0.96703976804022174,-9.9450273466117416,-7.0808274703963878,-1.987207356389191,,0.3932914097801647,0.25,0,1
0.047593842835397991,-0.96126159064888295,-0.27149766199240033,0.99875112762123952,0.049932610277040747,-0.0017086562627202744,0.015199052584368941,-0.27107727454381231,0.96243758240544452,-2.4964681194555305,16.929294566187501,-1.7237865023941759,,0.2120294128289038,0.1111111111111111,0,3
-0.99924238322708714,0.014844815428286962,-0.035976256302630523,-0.015858728885884767,-0.99948034062644908,0.028063310912337994,-0.035540966233017265,0.028612587372319847,0.99895853745943153,-15.39372094181358,-10.778021007924123,-2.6067002698948483,,0.0883642988277821,0.25,0,1
0.42095679499354716,0.90553190529828798,0.052984386715481099,-0.90605991381286211,0.41699476170997662,0.071908283861254294,0.043021033578840372,-0.078277309568575912,0.99600293848789212,5.0834058776214457,6.3750722782938798,-0.78675057007907656,0.2112927700990966,0.1628911740165322,0.3962264150943396,1,5
0.67210256671347279,-0.71702809764973252,-0.18479406645768839,0.7403464450136531,0.65507053855307862,0.1508964243294913,0.012856172556729334,-0.23822950426130268,0.97112379340978272,2.9244339657897553,9.890847010341334,-1.0547686382305015,,0.45504235378745,0.3461538461538461,0,3
-0.85543520969039166,0.51709233926760856,-0.029088050685956379,-0.51778546870636599,-0.85511062246218439,0.026154000628288855,-0.011349467762191338,0.037434422969885368,0.99923463388656963,-1.3465112400184451,14.198737173655591,-1.5647486789264946,,0.08523174104571427,0.2926829268292683,0,5
0.5621890331486632,-0.8247942094983769,-0.060481426779805371,0.82691206227655889,0.55949972358333,0.056360452195728397,-0.012646433050520324,-0.081698049475655482,0.99657688937832278,2.4501581581109857,8.2345496670735194,-1.0737126573202533,,0.07258980776512523,0.4166666666666667,0,5
-0.97681863109302258,-0.20821870459912561,-0.049702444654320568,0.21132499414004904,-0.97500108275674691,-0.06866320320870406,-0.034162974127876944,-0.077574864990108724,0.99640103950191905,-1.4228746465965867,17.101086445278234,-1.6222260556922543,0.4568614662353996,0.2559835794562491,0.4230769230769231,1,9
-0.35952112838173633,-0.91016165976463037,-0.20579191272160313,0.9318805788484984,-0.36163731290607243,-0.02858392343718372,-0.048406043136269304,-0.2020500111570607,0.97817822914810415,-14.605400528813355,20.990810615024031,-3.1195098854866523,,0.2926493706298342,0.1428571428571428,0,1
-0.53515523047553848,-0.83695050341669497,-0.11455450285874977,0.84472036737132761,-0.53139625677641822,-0.063761424325852398,-0.0075086778279354598,-0.13088878146943297,0.99136862298679007,36.767198707586068,-6.5656162867349535,1.9190766882577213,,0.1526568207871448,0.2857142857142857,0,4
-0.28421298624582608,0.95871646323002035,-0.0092585949771606304,-0.95840504916936486,-0.28383099213191021,0.029995493529571669,0.026129297271394899,0.017398592964281777,0.99950715294437298,-15.321422551601893,-7.9610502582040423,-2.5523572494857274,,0.4817441838025973,0.15,1,1
-0.86371469027801673,0.5039548177356834,0.0051454328237540599,-0.50353644825819177,-0.86247893514712859,-0.050804839365955971,-0.021165516140058516,-0.046471799066415354,0.99869534534714632,-11.942039601690333,17.624522217846881,-2.7502828363640326,,0.1311251659924741,0.4074074074074074,0,2
0.37306884844290622,-0.9160486070747702,-0.14722290513998598,0.92773734723216816,0.37021297831328831,0.047389505579025423,0.011092739612180625,-0.15426373574102939,0.98796743416122712,-18.799366879480722,13.470797319165696,-3.5094307918183296,,0.08499193970015465,0.2916666666666667,0,4
0.42760198523228082,-0.89556481442002445,-0.12296424438933709,0.90375090625769727,0.4205512276573386,0.079818320918804309,-0.019769715825074214,-0.14525951978694429,0.989196052482754,-7.536338647810287,15.047901853757892,-2.2418306743703904,,0.1474338022137502,0.1176470588235294,1,3
-0.99859628603056372,0.049058134521975653,-0.019968899899334629,-0.045581990972512983,-0.98797522177409636,-0.14774045911465072,-0.026976649624214817,-0.14662285155339802,0.98882455459874363,-6.4137747773960401,-7.1596313561844447,-1.559339074584388,,0.08741282724765478,0.1578947368421053,0,4
-0.21897152836422518,0.96932300950264627,0.11164395646235795,-0.97573037962799569,-0.21738049242731855,-0.026380822259065559,-0.0013023197929903413,-0.11471104899176039,0.99339804670754572,-13.368586642019766,13.106186334970968,-2.7796320097365186,,0.2298540839363638,0.4038461538461539,0,5
0.77462479274337837,-0.61670296878705355,-0.14012094331866412,0.6318858180926139,0.76384689003281558,0.13137062639959982,0.026014291470377975,-0.19030338114818063,0.9813805988314952,-19.544061355918164,14.791104341152321,-3.6434109691370637,,0.1374137853673083,0.3448275862068966,0,5
-0.3243966481638052,-0.91613677991918363,-0.235499925985972,0.94414013758000093,-0.32886121912366184,-0.021206111546356949,-0.058019094016592415,-0.2292241240267015,0.97164298262977544,6.871465415690774,11.594921591569772,-0.7621765975901168,,0.268385856497693,0.2857142857142857,0,2
-0.51163409928618908,0.8586601817736893,-0.030548988264520099,-0.85910221157091171,-0.51070460247910854,0.033529078135626667,0.013188575418870739,0.043399323071120634,0.99897075044036709,-2.361322624782813,-4.345187484076626,-1.2387691688054414,0.2626042015392248,0.2073274917109885,0.7641025641025641,1,5
0.87644669181263801,0.48134373221677512,-0.012223251053205812,-0.47890672586353961,0.87407795886809381,0.081462075493155373,0.049895333783318487,-0.065543369432868495,0.9966014862471555,-28.646532211667338,17.375512207069129,-4.9374283408045692,,0.1679355487770549,0.3571428571428572,0,1
-0.70244474491777709,0.71047294344406409,0.042421421137530085,-0.71173817047896881,-0.70122900462493376,-0.041311738718866071,0.00039625831266049458,-0.059212158436027194,0.99824534222439409,-5.2007210067274494,-11.280375549038531,-1.4144935558316245,,0.08371326808840503,0.3043478260869565,0,5
-0.40510229471294651,-0.9002389156379822,-0.15956824743430428,0.91344029674657157,-0.40596203291588634,-0.02866447470889023,-0.038973774487991622,-0.15736811176903381,0.98677065334372827,-15.032771653770213,19.31478573484932,-3.1085858717129859,,0.2967862205532549,0.4545454545454545,0,2
0.78406712225026043,0.61149392408824543,0.10636695261854048,-0.61785426641683261,0.75263330561068498,0.22759440405258449,0.059117284077613366,-0.24416856490689526,0.96792915992576356,-28.450323109797942,10.752915334109717,-5.157380684368948,,0.376901865718425,0.2727272727272727,0,2
-0.75306499719446029,-0.65396780420984257,-0.072244176633584747,0.65587568378460881,-0.75486015710476506,-0.0036373941003424448,-0.052155511890685381,-0.050122392926977954,0.99738034285155952,-15.639864537178727,-2.7102249696113296,-2.7351554548187269,,0.1140248630357245,0.4545454545454545,0,1
0.90966785473990608,-0.39494872666051173,-0.12852975282842999,0.41485176907309179,0.87895151707793961,0.23524931524515388,0.020060003734370276,-0.26731953526749258,0.9633991189089538,-17.81772699727793,14.36676705193462,-3.4209584265189488,,0.2603157459710238,0.3333333333333333,0,2
-0.22069973318162048,-0.96765753778656982,-0.12219049610503835,0.97425690405726662,-0.22462470756387906,0.019163132536005826,-0.045990354100748636,-0.11481563620289557,0.99232164997696837,-1.0988931169920118,12.234067264115369,-1.4683025052143754,,0.1184589219612842,0.3846153846153846,0,3
0.97697964415907224,0.21128588248834004,-0.02947966688985856,-0.20803059551827835,0.97417523726001165,0.087783132990977772,0.047265698208364099,-0.079629661373916194,0.9957033046055197,1.214072202625424,7.1377394453370737,-1.1220792830011437,0.3011677739482571,0.1831976404260219,0.4736842105263158,1,5
0.99677940602175241,0.075439367472454499,-0.027197749287012938,-0.0704413361749682,0.98576906624377647,0.15263474766500315,0.038325368736756599,-0.15022732731507282,0.98790835417004275,-13.027353150436648,-8.574940541493719,-2.2171160649538049,,0.1357351024909612,0.4047619047619048,0,2
0.59075782934294774,-0.8045711602007426,-0.060584117087242803,0.80677464505920038,0.58801701648364968,0.057884889351794359,-0.010948020807928184,-0.083073681144508069,0.9964832684704199,-4.7225467915101884,16.739686951225622,-1.9188210300920521,0.1574049312523878,0.1084085984249294,0.4594594594594595,1,5
-0.99932975501164223,0.0065861821652659809,-0.036009206501363279,-0.0066615597967861016,-0.99997586375426795,0.0019737097000490696,-0.035995338162680648,0.0022122643133577926,0.9993495091894341,-2.713159714660307,13.078857862621041,-1.6195852938080266,0.2971389696714763,0.2611937854446301,0.7484276729559748,1,5
-0.4717775736655806,-0.8685100091673631,-0.15204040568981997,0.88105554999587354,-0.47104272066801472,-0.043126246383653123,-0.034161949705580973,-0.15430203913682392,0.9874329556534619,-12.985691268137199,17.437880114569705,-2.8494711311806613,,0.1563324195932818,0.24,0,4
0.9268384456757498,-0.37245353810937321,-0.047422121074143168,0.37499761458896858,0.92455170401282039,0.067682609727860985,0.018635575385383643,-0.080514027081001971,0.99657925263034453,-2.523310228854625,12.029893327025139,-1.6028602158017209,,0.06875779215712016,0.1818181818181818,0,5
-0.85132056541658729,-0.51086531338762398,-0.11945679753010054,0.52223164177638548,-0.84696290680280284,-0.099639082832431808,-0.050273325196602096,-0.14720891982998974,0.98782697204326464,4.0298659978361711,14.185857570902021,-1.0358182679672316,,0.1249869804875075,0.2,0,2
-0.48362817295618177,-0.87278319523983017,-0.065979424292869959,0.87380457481012808,-0.48580826184076126,0.021351762647382876,-0.050688809060358532,-0.047326808831900422,0.99759251089903023,4.3902543142543342,15.47116425625989,-1.0633218132936009,,0.07692008835851055,0.3,0,1
-0.99785089646500469,-0.051556495649248135,-0.040441515554644883,0.05469072429436278,-0.99523993102281616,-0.080662285944913287,-0.036090346356685565,-0.082700710118293497,0.99592071945802274,-13.756906062153421,16.270654903626131,-2.9061001952561858,,0.1164221722499422,0.4324324324324325,1,5
-0.52482567737786223,-0.8488965943417871,-0.062710290062988033,0.84966477309387911,-0.52688620265794328,0.021463988725772615,-0.051261893529164798,-0.042017871954785652,0.9978009404225856,-17.871319937826389,-5.5798887292494328,-3.0168130099508463,,0.1322929215846029,0.4444444444444444,0,1
0.93242949224855798,-0.35819539580003107,-0.047658162079082335,0.36083742588562645,0.93000395566139105,0.069921345341754537,0.019276775283537845,-0.082393573061404268,0.99641342075106754,-6.1223552496549694,12.645262898196203,-1.9951505485773493,,0.1088597485097256,0.616822429906542,1,5
0.18410562511609682,-0.96878731658692352,-0.16600076512148818,0.98249749775158435,0.17651407931504007,0.05951005558256145,-0.028351114836756702,-0.17405147234043172,0.98432834931421198,-6.5577727506017558,8.5991982129686928,-1.9708069365487797,,0.1076541588815705,0.3545454545454546,1,5
0.91744933592591793,-0.37329011323097977,-0.1376270590149197,0.39569285188986136,0.89213076639063227,0.21801344596729005,0.041399069704063304,-0.25447433470443892,0.9661930086708207,-6.428710641477597,14.715063461065865,-2.078218448701592,,0.2522705691269336,0.2608695652173913,0,5
0.74911564257389629,0.66063191415030109,0.048900184633688087,-0.65983395233836273,0.73759324432251805,0.14344114218493384,0.058693350497606163,-0.13972000549632227,0.9884500041334785,5.1027907453413937,14.824493199841712,-0.98911201806892224,0.1106442294850033,0.1271029257667065,0.3333333333333333,1,4
0.74233688062687597,-0.66350860778950171,-0.093232414161580207,0.66983702376638998,0.73821880389876826,0.079695414937475159,0.015947327454585533,-0.12161136854549817,0.99244967519141603,-5.1949477656633194,10.353009685066139,-1.8526824755974085,0.329027154929904,0.1894648872876228,0.6371681415929203,1,4
-0.8228856764428375,-0.56191216641868036,-0.08434382452723295,0.56549563804092196,-0.82437011091594181,-0.02507196811440306,-0.055442284061045413,-0.068327428307412924,0.99612123543220943,2.8035728483751572,15.206072636463931,-1.1878283612612421,0.5795041756313813,0.7214669938519019,0.6105263157894737,1,3
0.87980171764278481,0.47211423650663104,0.055290915352948548,-0.47459573004861177,0.86594939224548628,0.15776737016664236,0.026605086965300957,-0.16504483559758559,0.98592716343051168,-3.8703578425966096,-2.7760022728187619,-1.4703870650017554,0.3954804067337168,0.4596265898814817,0.2153846153846154,1,3
-0.19168736724936453,0.96054345389574147,0.20152475385184665,-0.98121501190550509,-0.19210719597833467,-0.017661417401264798,0.021749796511397135,-0.20112458435353422,0.97932417917680936,-6.1018118932237133,19.87763273786156,-2.1087673884371507,,0.4344411318348644,0.55,0,2
-0.048857033160041495,-0.99619289413140566,-0.072199085817567107,0.99801721580764358,-0.05156257880875028,0.036096224430685747,-0.039681573335209622,-0.070292376177543137,0.99673685323106065,-9.22951351280323,23.190298612982911,-2.5015249828050394,,0.1582010056439836,0.4761904761904762,0,1
-0.96847669901278277,0.24730527446005726,0.029882849488277467,-0.24778343871969069,-0.94404865099364832,-0.21765916487324333,-0.025617395760469723,-0.21820230471126612,0.97556727254102937,-4.5397918606394034,25.558181734451509,-2.0792605969215985,,0.3812715221450639,0.2105263157894737,0,1
0.98962175069919955,0.14134330514627211,-0.025900977459948675,-0.13742873124987431,0.98360739501967487,0.11674688985005437,0.04197778424479786,-0.11197572305164499,0.99282390335696502,29.254674184519601,-18.452665868323834,1.5378127529744423,,0.2069276885728268,0.9259259259259259,0,4
0.53333921439345655,-0.84068036533053669,-0.093839254781170667,0.84581543157181105,0.52841131879529801,0.073333034056993526,-0.012063917488143658,-0.11848207255415859,0.99288290365889054,-7.0638774987298154,-5.9706699846336191,-1.680415422159554,,0.07542364782551275,0.2051282051282051,0,2
0.53192808200811525,-0.82071054845058955,-0.20853467633249856,0.84669088430048778,0.51172702882324106,0.14577377821197987,-0.012925247139822913,-0.25410557576265408,0.96709011697602643,-3.0653674602258087,25.43724369738316,-1.9434552626926864,,0.4271372372011634,0.125,0,1
0.85417057348241721,-0.51170196569342707,-0.092486375765310255,0.5199704294776899,0.84216905329532388,0.14276567563824918,0.0048356866633445664,-0.17003641956105145,0.98542591408860003,0.67083138697848976,18.01036931764844,-1.4516861747831891,0.1883390918694166,0.129737073510852,0.32,1,4
0.12377215402878752,-0.97644234994019818,-0.17675064676073157,0.9922762964381916,0.12327109430292775,0.013856003618066411,0.0082586569113409693,-0.17710046457483258,0.98415812755542409,-11.339063425231389,-2.2868077929767812,-2.2061983481604521,0.2309681246343726,0.2097307489666141,0.5277777777777778,1,2
0.049258631577498074,-0.98963916492015302,-0.13486256141440375,0.99739184145367643,0.041607395015410727,0.058977447229216488,-0.052755111759485045,-0.13741596681671708,0.98910755241635384,31.662344992700874,-11.616988315107594,1.5642039476426408,,0.1925235676148433,0.3636363636363636,0,3
0.87127287628904393,-0.4509008273394029,-0.19383503023875281,0.4906299921677012,0.8105306851192805,0.31987844451539821,0.012875784579498478,-0.37380269178366182,0.92741887073034623,-22.175889790508617,22.012582937345282,-4.0853859112913637,,0.309939820285857,0.1875,0,1
0.99881129430939086,-0.027921515856414839,-0.039954815883439847,0.031392953476336298,0.99553018666674187,0.089073732981808776,0.037289151666834545,-0.090222150204713927,0.99522333311694711,-13.982586226556233,6.8328143002490638,-2.756670186807388,,0.1071731901026226,0.5165562913907285,0,4
-0.10675876071681967,-0.9764002382095518,-0.18773689524049661,0.99425028794204817,-0.10641144127137693,-0.011957010232668085,-0.0083025259629035675,-0.18793397774452769,0.9821465715827532,1.1682739983217891,16.447110224770693,-1.3637463951377831,,0.1836951498333241,0.25,0,2
0.89475601069668398,-0.41767077909374567,-0.15799620759176969,0.4434719785755733,0.87260794166921984,0.20466554266430903,0.052385928839950635,-0.25319261526954795,0.96599648758809931,-8.1649782858968152,8.617921559443225,-2.1111461161866143,,0.2563451388866764,0.2195121951219512,0,3
-0.098360371489183848,0.99217482583640726,0.076904826227001566,-0.99456214660790887,-0.1006660141912142,0.026692510588605355,0.034225339372726177,-0.073861143799360776,0.99668107114636839,-2.0055124478539024,-5.7797969531309672,-1.1663361207743188,,0.1626254542057169,0.3387096774193548,1,1
-0.48167320319671064,-0.84769959039516429,-0.22225285097404601,0.87488546390382282,-0.47980681611687348,-0.066036688723632025,-0.050659158816679158,-0.22625389201439131,0.97275013542858324,-2.8670589047651593,13.918009865351808,-1.6634342695626485,,0.1053513021928109,0.5,0,1
0.72962408353641339,-0.6743246550464761,-0.11373194942539346,0.68384832166439136,0.71956283562912093,0.12075097737978857,0.00041192286201312755,-0.16587822394102911,0.98614615810321238,3.9199251253781853,20.211578759790193,-1.2495574916808478,,0.0986914952468861,0.3076923076923077,0,1
0.845585509727934,-0.52754848713655056,-0.081717436683287945,0.53377369876862446,0.83792863632564507,0.11384743707394873,0.0084133370913194172,-0.13988636154172329,0.99013182032172198,37.112327805849091,0.19565505703040978,1.7375622005731719,,0.1661966812586759,0.5,1,4
-0.90381172472855165,-0.41931358439218919,-0.085442870898491535,0.42515649338968275,-0.90256908305421824,-0.067904391929074007,-0.048644859664619386,-0.097699376962409878,0.99402641281274184,-6.2827633911667569,3.1605893534314413,-1.8506379486527418,,0.06731749295339066,0.282051282051282,0,2
-0.93018885977266963,0.36592130180272397,-0.029159664638350236,-0.36655120436661165,-0.93017788688844549,0.02023149329963915,-0.01972054087005929,0.029507619876003536,0.99937000186970082,-13.205885921465546,11.095922740121559,-2.7351803505397734,,0.06370621993700452,0.2954545454545455,0,1
-0.32011432296858416,-0.93320904418600137,-0.16324123278086003,0.94627543613177056,-0.32327322625933885,-0.0075644006706220386,-0.045712352859949242,-0.15689264174373538,0.98655718524709934,0.54594106018956334,13.920207688455553,-1.3651679879014136,,0.3427287241094885,0.4358974358974359,0,2
0.29306422363731771,-0.94823097783505572,-0.12235756412184706,0.95574706439470147,0.28710818150227058,0.064159496688886986,-0.025708164554637331,-0.13574573580203136,0.99041010974585597,-9.5188413251159236,18.369671533888155,-2.4855957804169124,,0.07090074748027984,0.1764705882352941,0,1
0.65009995800738596,0.75829361208297896,0.04858850144780754,-0.75804580158708357,0.64282778239154537,0.11017715226744615,0.052312592126475654,-0.10845847159035855,0.99272360334853149,-8.8810149230508451,20.325440516253757,-2.4222635941754977,,0.07071316214977175,0.375,0,1
-0.9982637941764041,0.053889889202521628,-0.023775556318854973,-0.050778219454503247,-0.99191896744494146,-0.11626837253523677,-0.029849114987909067,-0.11485922629332933,0.99293322457743238,4.0725522003024599,4.1305804601108136,-0.81128743186705199,,0.1932092950292039,0.2115384615384615,0,3
-0.66954265128860813,-0.73979899992174547,-0.066408416787396535,0.74061676653489894,-0.67173333374879507,0.016159624318736434,-0.056563621107689616,-0.038363629201588825,0.99766166044489779,-11.563514068363823,11.233505890376117,-2.552655960139814,,0.08422411632164582,0.25,0,3
-0.97651153801149437,-0.20190330639268581,-0.075234772533234975,0.21106139524981787,-0.96658001842154107,-0.14552029213623072,-0.043339399691580155,-0.15798140034799985,0.98649053395278907,-5.8297472939054913,27.224436872003754,-2.2435314125392969,,0.2855185805028909,0.3333333333333333,0,1
0.66610665790374135,-0.73928091402957752,-0.098821305637505019,0.74584522211844229,0.6594955272797921,0.093704611098073654,-0.0041018214734861291,-0.136122663981947,0.99068349911112319,-6.2607925364193591,9.770940325933628,-1.9632912814154218,,0.06658076311782185,0.3333333333333333,0,2
-0.35657306651992754,-0.92578886287297657,-0.12558116742941824,0.93202027151767008,-0.3618045357850746,0.020873221252952219,-0.06476003175341509,-0.10960136525475829,0.99186374014861001,9.2727973502794043,12.758294575446609,-0.61231391105110555,,0.207058107731528,0.4117647058823529,1,4
0.62967607303010242,0.75540566061616188,0.18130176767602083,-0.77510059471534898,0.59521514549883703,0.21198584537820281,0.052221749542717737,-0.27400952260434086,0.96030811222067658,-13.308877541885094,19.652192145152299,-2.9237565581877458,,0.4427549211509448,0.2903225806451613,0,1
0.94097200877407128,-0.33292871670681673,-0.061074939997032,0.33691558613870359,0.93858989422268058,0.074410337184228306,0.032550983403004177,-0.090595143661285502,0.99535569191344242,-3.0338041314970865,19.828608982483349,-1.8335252055078299,0.1327069212325128,0.1606721659245322,0.3333333333333333,1,4
-0.045275864181857625,0.97616649167199965,0.21224767763008867,-0.99808515242357665,-0.053166122851919732,0.031613160115686163,0.042144093704710534,-0.21040994253522008,0.97670442378855538,-2.0251399333789655,5.0154728427241064,-1.4387488342805119,,0.2477832952221806,0.1682242990654206,0,3
-0.99526716777737412,0.097064933346052998,-0.004654402102413524,-0.092740513508681705,-0.96305066935963901,-0.25284897745511553,-0.029025194203496682,-0.25122063402610423,0.96749456388187116,-16.11360951860053,16.005766989073937,-3.1724743386794918,,0.3386592925118603,0.375,0,2
0.18471302242872617,-0.97408289240444479,-0.13055120861269615,0.98256768708602282,0.18019307807538204,0.045729584604961862,-0.021019981914071992,-0.1367222488796544,0.99038638269193779,28.568886515515029,-16.46667442079486,1.4253012039855217,,0.1559596980367234,0.2666666666666667,0,3
0.59803462630098081,-0.77398575416595083,-0.20808805370133757,0.80142179457611629,0.57463615401083878,0.16588067302138898,-0.0088143589354777452,-0.26596868772807875,0.96394136970292987,-8.6411789377367718,1.9715744351658151,-2.0599260451157959,,0.1522926169782733,0.2649006622516556,0,1
-0.99786589528102476,-0.046223290222105619,-0.046120087554589441,0.053022989447848008,-0.98582309942108759,-0.15918975858331677,-0.0381079732472537,-0.16129545588405222,0.98617014672222936,-8.7584483924861338,-9.9702445778300657,-1.7676771146526307,,0.3514420128388462,0.2857142857142857,0,1
0.83875711417928578,-0.53361393708202509,-0.10836359889491738,0.54432161988578054,0.82687643089921536,0.14138367001990168,0.014159009095197819,-0.1775712087451034,0.98400609159000962,-0.21987163398534226,5.2723704186604419,-1.2225264931340487,0.3204380349650816,0.1939402848978161,0.4886877828054298,1,3
0.44038497421574002,0.89702718705568307,0.037460648258810653,-0.89622124639876921,0.436742927376982,0.07773733266340184,0.053371827666270827,-0.067807382113989831,0.99626984644844541,32.324985658074318,15.833830425162763,0.86537827561986091,0.3720680754489016,0.3685477347502581,0.2941176470588235,1,3
-0.99933339482993333,-0.0020959709488164416,-0.036446850117164906,0.0039224195889530234,-0.99873582075412393,-0.050113620575200871,-0.036295738072803584,-0.050223174415489853,0.99807827956998574,0.3327603230530955,1.8634875585252753,-1.1524387450615623,,0.07307506629455172,0.2380952380952381,0,1
0.98349811467253834,0.18091100887431771,-0.0016325757686634088,-0.17641615430173477,0.96098494632122278,0.2130381971510843,0.040109835912782756,-0.20923465251261406,0.97704250739206666,-1.6973271758539932,-8.7065523290316964,-1.0544350113257999,,0.3301879934649568,0.3448275862068966,0,2
-0.71139100035740599,-0.6741086658522697,-0.19874695276497473,0.70084352565967256,-0.70152371135261749,-0.12916204919003932,-0.052356443265465763,-0.23117523447143565,0.97150234884722109,5.3044055609191929,13.794029703463604,-0.93757802481359442,,0.1519761676541617,0.1666666666666667,0,1
-0.8741752977773164,0.48221511060419348,0.057324827613573506,-0.48543164549776363,-0.86453988286828876,-0.13010345298807172,-0.013178251222146751,-0.14156051015403726,0.98984188417123209,-18.72619426526883,7.2701862391020793,-3.370076957611678,,0.1810227573160154,0.1333333333333333,0,1
-0.22167391246661408,0.97345949453304903,0.056897179501318951,-0.97511786855829929,-0.22115121626554121,-0.015403959315429577,-0.0024122500002102076,-0.058896112331232875,0.99826120279323871,-7.3885349091546342,11.308079561356502,-2.1197906709562027,,0.3695845489849196,0.7032967032967034,0,3
-0.28892208210660802,-0.95331081918091931,-0.087877827145350293,0.95619475339268067,-0.29186752678419314,0.022470878780994467,-0.047070415926507188,-0.077535984171762662,0.99587777719106807,-7.2221285858029942,13.483700394734642,-2.139823827778494,,0.08968247488882265,0.2580645161290323,0,3
-0.9821274835247219,-0.18662087319815315,-0.02445926802166918,0.18812924142945667,-0.96937970443822663,-0.15783021618952908,0.0057440947567221528,-0.15961089658922142,0.98716329300952566,-9.9406307798196956,10.342825421329323,-2.3701591562563697,0.8570190953950182,0.4982813641384318,0.3333333333333333,1,2
0.99414500654646276,-0.092689452633862426,-0.055537116680363825,0.1038443659577622,0.96162608207819755,0.25395201500631048,0.029867266657056649,-0.25823234428973058,0.96562104510261471,7.2559801287961827,10.655343041640526,-0.6931450888459797,,0.4936515145996324,0.2156862745098039,0,2
