axis_00,axis_01,axis_02,axis_10,axis_11,axis_12,axis_20,axis_21,axis_22,location_x,location_y,location_z,dbh,dbh_approximation,score,reconstructed,number_clusters
-0.27033820351968385,0.95496421700144185,0.12231353140423303,-0.96236959811242273,-0.27168005853053107,-0.0058908764867305627,0.027604571119375095,-0.11930335302778197,0.99247402868268786,-10.798740280876515,13.169678414145114,-0.73126195323395971,,0.07069090379724347,0.3684210526315789,0,2
-0.92647779540598185,0.35706579687717011,0.11892397285721851,-0.37094965056387336,-0.91973074783625597,-0.12842004606408847,0.06352362840875149,-0.16309312733844394,0.98456354820232617,0.51484363332685257,-10.949699389036232,-1.2393045487258634,,0.1858881267085457,0.1515151515151515,0,4
-0.99445310108990592,-0.098430225625944834,0.037074525160775168,0.093514743475604525,-0.98875303852190988,-0.11671512998057994,0.048145845982423364,-0.11260070824340941,0.99247320266983596,-13.441399021044747,3.7479325823120382,-0.72619229493211024,,0.1381429791566101,0.1153846153846154,0,3
0.98308780781058469,0.17695573548658527,0.047170221671964573,-0.18092960355876028,0.97833052172993173,0.10066711880107743,-0.028334443531689495,-0.1074991066476462,0.99380133899070033,3.2601719874466846,-7.2916502556384506,-1.3673803591457041,0.2061444326504252,0.1591341123418703,0.5242718446601942,1,5
-0.93957809587713803,-0.34173022523760987,0.020333590606283116,0.34102766658100858,-0.9395236864194676,-0.031549536971028531,0.029885320379811252,-0.022708936915370126,0.9992953376304573,-9.5049136568178341,-19.584893675873953,-0.60340460336257862,0.8991186984012827,0.8803357400954301,0.9659090909090909,1,5
-0.7062729772841132,0.69342327407303705,0.14262764294506214,-0.70730232283798189,-0.69971464916330706,-0.10061229474703597,0.0300317443088025,-0.17194060811832465,0.98464944097565565,-18.244570324484471,6.1821449174098939,-0.55861524993765443,0.3083515888033445,0.2914226154564278,0.6233766233766234,1,4
-0.17181129915734611,-0.97593424333492051,-0.13428786307094495,0.98377006847588933,-0.17713239063989847,0.028645567844570126,-0.051742920798969506,-0.12718674802230898,0.99052824355224778,6.5586010355565545,7.792435267086482,-1.2603655401689411,0.3358655931501747,0.2168640140637217,0.1030927835051546,1,5
-0.57622708729134275,0.81460686182043029,0.066166491117533019,-0.81712841320304119,-0.5758302802406785,-0.02684482620956756,0.016232689488060722,-0.069535235909664275,0.99744741754088095,-1.5836969186645742,4.0288484934044435,-1.1033437713938494,,0.09865974760113479,0.3251533742331288,0,5
0.96707502775652043,0.25165240569731856,0.037907220901533881,-0.25321362227130456,0.9663929217744176,0.044357437263093484,-0.025470614165556234,-0.052495594587130136,0.99829627884860583,-4.9419519139686008,-0.038051248908262759,-1.0226889756544579,0.2014235558513278,0.1684144755628107,0.6952141057934509,1,3
0.22194522750461768,-0.95274009702536389,-0.20742859857798382,0.97412205423801435,0.20733209069935921,0.089997931161475211,-0.042738032652854314,-0.22203538386107644,0.97410150850854904,10.514602498061068,5.1807826232937622,-1.4067676859938867,,0.4167233964765895,0.2857142857142857,0,5
0.61635285116990146,-0.78745763798736679,0.0044307143997966555,0.78658219772973059,0.61591525772524569,0.044009561641908827,-0.037384610060854612,-0.023640297726623221,0.9990212846851646,-15.107005606064268,18.512045683513254,-0.56469939221409005,,0.1119553376347745,0.2083333333333333,0,2
-0.64281358842446357,-0.76010384286665411,-0.095041246815320848,0.76561208940039305,-0.64156647490448948,-0.047229088945189283,-0.025076265687503551,-0.1031242276963715,0.99435233924459498,-10.833196580159186,-0.34308227398035496,-0.80881134831419321,,0.3975237402469912,0.1538461538461539,0,4
0.81500885896044395,-0.57942281253200612,0.0054556515189836058,0.57786442855816922,0.8134405134657966,0.066236192973649022,-0.042816609197096837,-0.050830457109907468,0.99778905716933108,20.272205039565705,-18.072842036112796,-1.8552809574314459,0.4667347792350712,0.2627931748567471,0.9210526315789473,1,5
0.99935661481129512,-0.0083885677870224277,0.034871024696628339,0.0026157281357278741,0.98672117293468375,0.16240223166177006,-0.035770300519149895,-0.1622065313508855,0.98610827335941442,-9.3576238874605213,14.940280359191389,-0.76191737206629184,,0.1738724385632822,0.16,0,1
0.93596474069009317,-0.35200447468731294,0.0079280505192232901,0.34980000778470866,0.93219758990660095,0.092992515430770223,-0.040124291130737851,-0.084264483457938508,0.99563524349473609,-15.866741754632136,-0.046821919558006672,-0.60115758335772695,,0.09234072350021841,0.2272727272727273,0,1
-0.85033012608006719,0.5235503577928744,0.05323250450252047,-0.52528198357502143,-0.85054447189526006,-0.02555267226543239,0.031898501722627114,-0.049690282584897952,0.99825515846625368,7.8361207709813083,2.8439713494434371,-1.4017037725356758,,0.08766735227979194,0.3820224719101123,0,5
0.32935528267829273,0.93653026076993695,0.120150607298072,-0.94415697455904679,0.32795845486442726,0.031794013185567148,-0.0096283520608962635,-0.12391256007818967,0.99224642720014877,-22.430486154828856,10.393704506280828,-0.38555782003825556,,0.862601463099869,0.5806451612903226,0,4
0.99837680960575281,-0.047968381441673008,0.030704729656928199,0.045614854044512355,0.99627093343832507,0.073236003962714194,-0.03410324224962661,-0.07171653622279188,0.99684186674731368,-8.9324186755596511,3.8850959332527442,-0.85889129655390972,0.1844070459100428,0.125444588399222,0.2222222222222222,1,5
0.88849754621995902,0.45518486637104999,0.058127857244880551,-0.45820324178290184,0.88692190098098056,0.058475044077991215,-0.024937914522898827,-0.078589305805897139,0.99659511409207502,-7.846598627853921,-9.5045861694819163,-0.85784038898292569,0.1397625619931292,0.1499267468934923,0.6764705882352942,1,5
-0.45087821679998052,0.85235729933260496,0.26494502805242059,-0.89183798562200578,-0.44234219362245158,-0.09464877782074152,0.036521788249650661,-0.27896311228495013,0.95960707634288633,-3.0625424899240588,-5.2039507536185861,-1.1123439950323037,1.043998637928717,0.554789202743301,0.1811023622047244,1,2
-0.078635556385929964,-0.98343431316380447,-0.16331993437395581,0.99665165973313119,-0.081235233716672628,0.0092900997946014797,-0.022403535950187032,-0.16204255149507973,0.98652941825466856,11.542857566975378,-8.6280122693300605,-1.7003086061193566,,0.1814595269563817,0.1666666666666667,0,5
-0.064814271517605479,0.99029549463789701,0.12293877951047616,-0.99785328379311777,-0.065475385301767719,0.0013408739225808553,0.0093773253613867527,-0.12258795707355766,0.99241335065062397,-3.661256746015304,11.914376947243346,-0.9283011795416497,,0.2794411976807257,0.3684210526315789,0,5
-0.0050773193053731177,-0.99460174533003132,-0.10364163745873761,0.99980844646168954,-0.0070081735866539185,0.018274459960369419,-0.01890214835766307,-0.10352899926801404,0.99444680858154988,-2.6735229014156499,5.0603243128987847,-1.0527094784780862,,0.06999344331335376,0.15527950310559,0,2
0.99490582795993121,0.084695533534554127,0.054672297287210535,-0.095251247623608565,0.96738391197463891,0.23472444840448464,-0.033008988435120443,-0.23873632620935772,0.97052324713555904,-13.420512039402977,10.510306008480891,-0.66274060624863063,0.6157813845040181,0.7230100515076204,0.25625,1,3
-0.82914465867589349,0.55602830892646371,0.057893476848550299,-0.5590291676069461,-0.82424382465635138,-0.090047250266488535,-0.002350479508850643,-0.10702633875942742,0.99425340736546219,-4.7427039196080294,9.7759176169034774,-0.91848668912382203,,0.2092306990234273,0.35,0,4
0.71555351606306339,-0.6815094353972726,-0.15338857556636318,0.6983429121730832,0.69242789536326266,0.18127544439448862,-0.017330397208492006,-0.23683010616746583,0.97139649893609492,0.070954291601658503,14.592178534884464,-1.0264181936482859,,0.246829776509376,0.5,0,5
-0.96571427265698784,-0.25722562871766352,-0.035084462620769745,0.25914076540476338,-0.94703690830613807,-0.18965009362345425,0.015556583558700758,-0.19223961672026491,0.98122470539180129,1.8551763771207888,16.912212393914377,-1.0737491788605427,,0.3483195794213099,0.1578947368421053,0,5
0.65807268454997037,0.74726431192748533,0.092392586113483666,-0.75289861500211475,0.65454498875438172,0.068662458624955597,-0.0091660993390115294,-0.11474713859643129,0.99335244339903817,-20.663717507689025,-2.6253745827045134,-0.36019484680769942,,0.3590007802402156,0.5909090909090909,1,1
0.67705617451500399,0.71790757319550536,0.16187542401380675,-0.73586593433174008,0.66334811667311133,0.13590659585285816,-0.009811383245232317,-0.21113501001675922,0.97740766535977164,17.859128082534735,2.8058249335173717,-1.63207817324427,,0.1072408457215546,0.3478260869565217,0,5
0.99094326078324113,-0.13422986529025191,0.0037144545276464663,0.13294235955691452,0.98458385867304599,0.11367037554233103,-0.018915151168235153,-0.11214708424500087,0.99351157444270732,4.5930386593773047,-6.748515257748215,-1.4049793731350622,,0.1338657635011611,0.1621621621621622,0,5
0.33901086563617672,-0.94075370028968464,0.0073558393047278075,0.94025641745370192,0.33907238415301488,0.03078616153275026,-0.031456357350151259,-0.0035204681588043522,0.99949892640572824,3.8929137671179603,-13.016880212928772,-1.4005416424188371,0.3593095499441556,0.2629987958143541,0.5066666666666667,1,5
-0.86812595951763794,0.47954584291193325,0.12803555348989859,-0.49433540125372727,-0.85853441609753911,-0.13620267047078874,0.044607504737404657,-0.18153358070049017,0.98237250042901847,21.98412021069219,-14.583099076374813,-1.8169350755600009,,0.3368935034373414,0.1428571428571428,0,4
0.88572987042365003,-0.46417285259531949,-0.005114641026443695,0.4625401156356132,0.8815759216553225,0.094236594724996306,-0.039233124615547323,-0.085833893486742904,0.99553669177072968,7.2033720473562619,-19.720815155091067,-1.4693152778147256,,0.08316620169285324,0.4444444444444444,0,4
0.54492649115591529,-0.83795219528275389,-0.029853603757607806,0.83776691054644503,0.54264336229785937,0.060702429502770314,-0.03466587414110666,-0.058088723302272778,0.99770936519366471,-8.266019116806671,-3.240206121000285,-0.89588732274498983,,0.08485338007811638,0.3048780487804878,0,2
-0.88164019326381693,0.46090729882345061,0.10136583010566623,-0.47131391398259109,-0.87085465527946693,-0.13955416104327306,0.023953373627759161,-0.17081168364415694,0.98501248957690801,1.2344045810674664,-11.599685466976439,-1.2885784044224455,,0.1853185806959114,0.3272727272727273,0,5
-0.94134951259898214,0.3153516047166226,0.12006023709917399,-0.32811480507175561,-0.93849243425569051,-0.10757613832793855,0.078751316321586357,-0.14066028667494984,0.98692092587508684,-6.6891807412052611,14.360936667868312,-0.86915401349979449,0.1675151918213825,0.2157231744124706,0.2068965517241379,1,5
0.19612588526988786,-0.98030305813590912,0.023249759923200393,0.98017192503460815,0.19667230494628901,0.024145431059799095,-0.028242423781474502,0.018053217898689654,0.9994380655260483,-4.6356257158273557,5.7329717513385452,-0.96945782838199857,0.4745085643129275,0.4603414703471161,0.9588289112534309,1,5
-0.51625343622404385,0.85310166066668314,0.07549798775210359,-0.85573141584746593,-0.5173953498351046,-0.0050789664995091561,0.034729433029644319,-0.067228033860580572,0.99713301918283825,-3.0147143552888882,-8.7645405642429708,-1.0935797478559028,,0.108061787383593,0.186046511627907,0,5
0.40993753302198516,0.90298196459022129,0.12874311882440095,-0.91167988093198038,0.40999275465980595,0.027308164169614832,-0.028124966199079761,-0.12856715269169289,0.99130190836346732,-10.692847819080031,-4.0780594692004968,-0.77470204873013426,,0.2647716297498388,0.7352941176470589,0,4
-0.45984949000781555,-0.87857252111866413,-0.12903011925417282,0.88781898260684977,-0.45778627186784421,-0.047001951153938598,-0.017773594529218988,-0.1361692124693912,0.99052614549691531,-20.102016628477081,2.9470706361326924,-0.49160414771324223,,0.2142974622467272,0.3043478260869565,0,3
0.94745790116858564,-0.31986203856340456,0.0034353746930484525,0.3174777681261241,0.94160086893319705,0.11223043424090863,-0.039133007281238689,-0.10524295658290429,0.99367626912934559,-0.93099653990401765,-17.7518326892156,-1.0880163765262743,0.2160978458857927,0.1308897591394416,0.5,1,5
0.88454302106344407,0.43299210601806665,0.17349778100596497,-0.46511467182217175,0.8469291506627169,0.25764191392993674,-0.035383413398199157,-0.30859172037461879,0.95053625084608095,-16.058509566587698,3.0212470275505061,-0.59860292930646752,,0.5165680975076695,0.3725490196078431,0,3
-0.60247232689834529,0.78882594280868745,0.12157601438474104,-0.79685581275396422,-0.60312059278997576,-0.035586011758655625,0.045253828588445066,-0.11831814106320961,0.99194400471671507,-11.696371603351713,13.71906478997575,-0.70995423954345904,0.3409659153258103,0.1267903366593228,0.28,1,4
0.61071760085078797,-0.79155262326520293,-0.021643858552330444,0.79145264428160245,0.60932009739234883,0.048287998233903368,-0.025034453673219489,-0.046620419514995473,0.99859892480090795,-13.157524810739957,0.29772783920206997,-0.74221457786705969,0.2621396865621117,0.2107144721055588,0.7777777777777778,1,5
0.040040974934855436,-0.99707444042409688,-0.065109757941802376,0.99832467902993927,0.037197088404455909,0.044319429757152154,-0.041767877202873616,-0.066775271375000139,0.99689342838979556,-2.4560302175401842,-21.692306165343464,-0.94338972328171022,,0.2360368492230044,0.5454545454545454,0,4
0.92348894650170288,0.36868943443422131,0.10600125766116837,-0.38276250951917495,0.90405798336700216,0.19018944244350891,-0.025710445265664687,-0.21621115523247977,0.97600804779329475,-20.07141956039376,-15.233695797009222,-0.10810872010133492,,0.3208375254217808,0.2857142857142857,0,1
0.9521373610795113,-0.30559055234058385,0.0069899897512884241,0.30365251094864049,0.94822752205343408,0.093057611268458018,-0.035065627488066506,-0.086481100482028533,0.99563618909132034,-7.0397730910718668,-19.03697658277023,-0.75389599392180928,,0.1031237909179915,0.1428571428571428,0,5
-0.75506309365603441,0.65365182995153981,0.051176262071228246,-0.65438580921919631,-0.75615444204416193,0.0031100593919197537,0.04073005390516167,-0.03114072860237739,0.99868479398206389,8.8962931918035721,-10.529590151489892,-1.5856524373812677,0.1942243289169012,0.1476142145516249,0.4411764705882353,1,5
0.067774545490854959,0.99552081820359439,0.065915942735831401,-0.99676794558252457,0.064707112819086185,0.047609371029353524,0.043130889658116678,-0.068929602304549906,0.99668873590677021,14.659836454089989,-5.4014571321577103,-1.734463544971627,,0.08691858738272557,0.1481481481481481,0,5
-0.75642668578322336,0.63651719977921362,0.15054741253252596,-0.65211909276571334,-0.75171472533475048,-0.098314091387370461,0.050590096713018298,-0.17254224439287391,0.98370209718920409,-9.504474599227974,-12.684015577331735,-0.7481088284352061,,0.2897742976063934,0.4347826086956522,0,5
0.18026898883324061,0.96450421701513922,0.19296296801473539,-0.98352452998223094,0.17405440362022956,0.048831992624091665,0.013512608492594381,-0.19858670635372602,0.97999016804828532,-10.42525476601736,8.4267201662970805,-0.7972890483810714,,0.07349822022346436,0.2758620689655172,0,4
-0.9299807059202444,-0.36726213899983168,0.01595016844277921,0.36604320123286521,-0.92914872058886011,-0.051913676996342986,0.033886006658808386,-0.042440267262976276,0.99852419212924781,16.767245720080197,-7.1256239861461026,-1.7762052632045451,,0.1259910526111632,0.3125,1,4
0.9985578392954797,-0.046769324957000404,0.026360421556008942,0.039497574653639268,0.97255004652855204,0.22931713541249341,-0.036361836835124096,-0.22794525053261844,0.97299474797225838,13.514197702634521,-3.474429841194469,-1.6786164086184621,,0.2133541899424147,0.148936170212766,0,3
-0.89454518078053991,-0.43699627442295974,-0.093931760777532583,0.44632508609444282,-0.86194237831626364,-0.24051871857569398,0.024142018662541825,-0.25707896180543249,0.96608880043810763,8.1335838738453266,-18.530731848653886,-1.5310960102418107,,0.3576306780132494,0.25,0,3
0.34104077218683826,0.88862298675081974,0.30666003835559952,-0.94003101824806112,0.32038832760443653,0.11701711099811707,0.0057337978442361165,-0.32817755400527449,0.94459865371987339,-14.578479504697119,-4.2406541967359841,-0.6059631697044382,,0.2977309916056501,0.25,0,1
0.93663693320631547,-0.34989864749582722,0.016798566440640556,0.34848441360487348,0.93558426089595981,0.056927183649195356,-0.035635218932078355,-0.047466064133785874,0.9982369978754102,-7.2661100298435564,11.740120083992561,-0.8652035432458598,,0.0807808198187203,0.3333333333333333,0,3
-0.99138770828020562,-0.128272041066014,0.026394987245348792,0.12585039004043688,-0.98890673217379899,-0.078899647578484042,0.036222799416848292,-0.074898321357009648,0.99653306531209007,-4.8573819620596774,-22.381892821851348,-0.81043577494313901,0.2128918555753001,0.1580135170860362,0.2941176470588235,1,5
0.76168172073457885,0.63694940585633453,0.11889663863236016,-0.64780900714741063,0.75243028376202525,0.119130845445184,-0.013581110319024974,-0.16776210077684661,0.98573395547959186,0.42558224345262702,-10.091870696423939,-1.2338197945943736,0.1229700769216615,0.1170982413548833,0.1836734693877551,1,5
-0.17234683534558468,-0.98381264962328563,-0.049083997265615555,0.9849120574823037,-0.17290251247249877,0.0072773763590537966,-0.015646321367524783,-0.047089187951231556,0.99876814176552353,8.0158132264253279,-8.5092497085825194,-1.5946651097068092,,0.06959466917641048,0.2105263157894737,0,4
0.24419524907760859,-0.94802074106525702,-0.20402292723614732,0.9695901515007459,0.23517332746525904,0.067738055490830062,-0.016236330887409046,-0.21435993226113778,0.97661978323210097,10.871742179285226,12.00221591995115,-1.3651735865658989,,0.6387018679793552,0.2105263157894737,0,3
0.81576829714087029,0.56456275658526778,0.12566216318657322,-0.57609844331122562,0.81241627882391598,0.089946503635684627,-0.051309540967230553,-0.14576928269956355,0.98798716956597543,7.5911624549430234,8.9410219737107344,-1.2813406506846685,,0.229211438505654,0.3333333333333333,0,3
-0.23909787717789244,-0.96981614008304351,-0.047842027167040085,0.97021535237933831,-0.24059027367387464,0.028257569268530566,-0.038914973165366684,-0.039660744420098794,0.99845513179891154,-1.5004739476186384,-5.5351991774465557,-1.1775751545823769,,0.1136600042591039,0.1625,0,5
-0.29954088947200758,-0.93055295085631673,-0.2105859947549209,0.95407625603679125,-0.29129317702290725,-0.069905526868193832,0.0037085308596731129,-0.22185466114666644,0.97507269273955177,20.04033632681875,-3.0215697269364177,-1.7448316467606564,,0.2419751385022689,0.3333333333333333,0,2
0.41775206895344069,-0.9083684056391963,0.01870958368387303,0.90713720357727201,0.41816136128352588,0.047362113714599002,-0.050845872704929018,-0.0028134615711983384,0.99870254914206602,8.0125232289474813,7.309343009254075,-1.3432857878279965,0.2407581531062752,0.2306755424070515,0.3289473684210527,1,5
0.04439654971823663,0.99382185293665415,0.10172055347211306,-0.99901392459128158,0.044129794155499592,0.004872344458208647,0.00035333531149471926,-0.10183656461875615,0.99480108024710601,-3.6405418676654833,-1.6529336798566618,-1.0638418999252763,0.5718429478346458,0.3836868228763136,0.75,1,4
0.4922339672761627,0.86848865177742929,0.058593371582394707,-0.87046125380479422,0.49124889222989826,0.031172608288091139,-0.0017108723373560071,-0.066347476340254383,0.99779511188375969,-10.525779754033975,-11.102104270907107,-0.716061243704185,,0.08707889143700034,0.3043478260869565,0,5
-0.87669054526970414,0.47636451321502382,0.067011479495101084,-0.47934893381333055,-0.87678515832413562,-0.03837167958981625,0.040475764189601089,-0.065761969951740967,0.99701408005169823,-15.23292704790798,-0.75056734799193314,-0.62440681958830913,,0.112513534651223,0.4137931034482759,0,1
-0.43567782900857155,0.89521245072545319,0.093698972120868182,-0.89973738739026632,-0.4361003768077602,-0.017002796248518914,0.02564104214958824,-0.091712209733813083,0.99545537697238129,-2.6986373059839335,13.246461066058288,-0.943431725495535,0.5350419031609737,0.2567863423658309,0.4642857142857143,1,7
0.85607024454518776,-0.51364823604787879,-0.057525872520506401,0.51527629110089623,0.83944078786466536,0.1727122100444968,-0.040423758282070309,-0.17749550212344176,0.98329103854977784,-21.018681812017974,-6.8472422827938377,-0.23353506028075058,,0.1260278696200044,0.2777777777777778,0,1
0.92558090796675385,0.36692910205632234,0.09307532901677977,-0.37765298198874481,0.91195673407328637,0.16035317388001635,-0.026042426969263319,-0.18357001182798674,0.98266161151997022,2.2701375800082224,-7.4801770351348722,-1.3354000690144958,0.542658142122156,0.3170847896492958,0.3966942148760331,1,2
0.81453010076454191,0.57724118137791891,0.057735028101927897,-0.57982704963182963,0.81324452132523972,0.049334988088877034,-0.018474508484762675,-0.073661163824002091,0.99711219302560961,-11.557822513117319,3.3876240737987908,-0.77199598534016378,,0.08934285386090138,0.3013698630136986,0,4
0.28186899852210406,0.9530617914874524,0.11055808102022505,-0.95932466186631993,0.27807006101638149,0.048715852670531919,0.015686325484867925,-0.11979258229570976,0.99267501047407714,29.06791933473794,-17.779552979111696,-1.7244365579082366,,0.6329918794705738,0.5769230769230769,0,2
-0.99092286238614402,0.11942229735749556,0.061726782633725434,-0.12650436140332055,-0.98372212600919873,-0.12762219770040831,0.045481065800960771,-0.13427246066785983,0.98990018636214472,1.0037298684878779,-7.856471827267443,-1.2645853361414539,0.4431363501450263,0.699454459340156,0.4517241379310345,1,5
0.039873691804774701,0.98166958663586468,0.18637304358739501,-0.9990492923220281,0.03587800883242076,0.024764490567661376,0.017623853514850209,-0.18718330896848667,0.98216689448937111,-20.099322825208858,4.5425157099457172,-0.49550238693566195,,0.2198465147719687,0.2105263157894737,0,1
0.48518929020263873,0.86199937443601427,0.14679383891901293,-0.87440896455936024,0.47819548116568694,0.082085592468749261,0.00056157892423573381,-0.16818489903864303,0.98575530653629995,-8.5410484233081103,2.7984986811841601,-0.8867553616384144,0.2133675576709167,0.176484338644727,0.3076923076923077,1,5
-0.78744851384023373,-0.61510260295295205,-0.039668953746126903,0.61609807810457407,-0.78350828683971196,-0.08085742148591768,0.018654656433700238,-0.088111022545447282,0.99593596756987268,3.098003350777871,-26.011428140507874,-1.1200582816426468,,0.3712762495876843,0.4375,0,5
0.28119311162413618,0.9564692279133209,0.078083609227755507,-0.95963959995513215,0.27985721058503155,0.027780926577776477,0.004719340323671245,-0.082743928710582754,0.99655966709898924,-17.464459059902392,10.657159946241283,-0.53498379043793332,0.3148070414599543,0.2908787750232918,0.7228915662650602,1,5
-0.8497816662083777,-0.52017774223371727,-0.085359453259429202,0.52674787990443139,-0.83174741694024645,-0.17530803013386742,0.020193830550513634,-0.19393646098107181,0.98080622872708001,-5.3263464323841907,-12.877872082530189,-0.92978328577324854,,0.1977118487843227,0.5142857142857142,0,5
-0.99819475969893834,0.038382225151740515,0.046195524696435418,-0.04272665739207817,-0.99436099475721906,-0.097060006457513101,0.04220964886939757,-0.098858570178986652,0.99420587839968422,-0.092411796279056727,0.78226075957427998,-1.1640005303391692,,0.0936042489479238,0.2513812154696133,0,6
0.63875045838473987,0.7324750440993415,0.23553802598508997,-0.76846219016758599,0.62255427860749979,0.14795956363254328,-0.038258517955115638,-0.27551130640894511,0.96053620746160051,7.8738384715907728,12.15089577523996,-1.2743344138823975,,0.5302005360566228,0.7126436781609196,0,3
0.89291936142640294,-0.45021635335929872,0.00049915700959179033,0.44839353964641132,0.88940273496378941,0.088915739002122407,-0.040475271379289988,-0.079170766112161672,0.99603902644423858,-1.9741251148920764,6.1538307392687601,-1.0413203151170254,,0.07607413862402743,0.2428571428571429,0,5
-0.99432897945342069,0.099001987749054637,0.038839246141698723,-0.101060006316549,-0.993348523843123,-0.055186821814517957,0.033117302764845959,-0.058798950674517479,0.99772036546176479,10.250109446654681,4.1601155179787987,-1.4013913739936117,,0.1188607443052013,0.4516129032258064,0,4
-0.76703129119977587,0.62896157509353046,0.12676882651611027,-0.64024157100119483,-0.76320331109382933,-0.087243548170271717,0.041877548666652144,-0.14808120404454564,0.98808816809351141,21.66572148395505,1.3085031254230688,-1.7245791231460779,,0.3036162288620476,0.3333333333333333,1,5
0.97606734325478284,0.20784389278129833,0.063980134925352178,-0.21550915435746759,0.96386812554289125,0.15656960417195398,-0.029126376700154551,-0.16661078235201143,0.98559246211827922,-14.191434005054164,4.5345849492807417,-0.71195537245029439,,0.3987249046597748,0.5675675675675675,0,4
-0.18074170643961915,-0.98259813280751274,-0.042817577657851401,0.98344833448675784,-0.18111829699267951,0.0050533048290242388,-0.012720414636248241,-0.041195532496413924,0.99907012724524036,9.0033233532992725,0.2300474046528686,-1.447832615473343,0.5757737643380357,0.4320657758403036,0.9146341463414634,1,5
-0.92642482047726671,0.37139520993400138,0.061665630960399127,-0.37404127886682242,-0.92660579796737441,-0.038662861726955496,0.042780529535490337,-0.058883726201089316,0.99734774932384485,-11.870387129252361,12.463023464121429,-0.71018794619447567,,0.3077136210403471,0.7228915662650602,0,5
0.92948290619311813,0.36092582699922737,0.076118818302169003,-0.36869586928438358,0.91531132541206772,0.16207570312984984,-0.011175109280336383,-0.1787112894512442,0.98383809234814934,-7.8987197487325762,9.7360666329690364,-0.85760705671473414,,0.2552719911178485,0.3142857142857143,0,3
0.57162870457037873,0.81824288700303016,0.060985260351490017,-0.82049875187001842,0.5704670309191503,0.036730978941932176,-0.0047352181506517856,-0.071034811911044174,0.99746259739693011,-4.8832022804117363,11.362370840050383,-0.91661945396051392,,0.07822817640140244,0.3529411764705883,0,4
-0.98280690589987429,0.18438264155115236,0.0096761154465376878,-0.18316935685736888,-0.96706521602107809,-0.17673102350906864,-0.023228698284090028,-0.1754648382346857,0.98421162262965689,0.59722437770856052,5.2918145083316865,-1.1461879689889525,,0.3266385011757449,0.2065868263473054,0,5
0.19960906312823803,0.96702399054052923,0.15817971942109446,-0.97977318244274314,0.19930457714908545,0.017949832685618561,-0.014168023259600537,-0.15856319638079094,0.98724717263227491,11.083175675809827,-15.537159228981073,-1.7161248464214305,,0.1704990504031074,0.6086956521739131,0,5
0.9485419082290486,0.30215535277285832,0.09471214876617054,-0.31617888644635683,0.9201043491147628,0.23116854999251174,-0.017296245220780406,-0.24921903926226879,0.96829267805269226,15.253085837347948,-12.105701507313993,-1.8908949756953515,0.1353403404021746,0.1629526767072292,0.4,1,5
0.802701259115573,-0.59636632632656439,0.0042300635968313769,0.59537108579138598,0.80173403434376311,0.052495793912096092,-0.03469810971597144,-0.039619982314899028,0.99861218607801261,-5.9722439739978839,10.022982063978493,-0.90808086289971857,0.4412501739956032,0.4427706329898577,0.7894736842105263,1,5
-0.13212524644803886,0.98832301906906128,0.07589815036785294,-0.99098080135895916,-0.13343107502948284,0.012377380758138488,0.02236002211538269,-0.073578245390147401,0.99703875111066131,-2.1036865593128655,-9.4042022979029269,-1.1281208404886816,,0.08900783256106819,0.2615384615384616,0,5
0.30005018095385033,0.94799208627559417,0.10621154959987557,-0.95389371115572641,0.29729652095385889,0.041250047833743336,0.0075283947237171868,-0.11369161353229551,0.99348756423284224,-12.847412391365546,12.755417622729487,-0.67414072518888402,,0.09223502251193406,0.4210526315789473,1,5
0.75616746898317266,-0.64271172150578448,-0.12301382804649984,0.65348240403811986,0.73183708669101333,0.19332673419930743,-0.034227276610068386,-0.22657475936803145,0.97339219842424096,-9.477413246185689,10.794111358804621,-0.78580448192596453,,0.1474698421043955,0.3333333333333333,0,3
-0.99651895779339328,0.069039569538131118,0.046727985151932216,-0.074733054075980118,-0.9881983213990958,-0.13371255817044983,0.036945059031571081,-0.13673922415312612,0.9899178992174833,6.8083955197755914,6.8756520897168985,-1.3000036373769026,,0.1942086203968368,0.1866666666666667,0,5
-0.97393261275972054,-0.2257543656329756,0.022141187878633218,0.22363985409050191,-0.97194971848539269,-0.072793958530530806,0.037953675255542843,-0.065944758198194703,0.99710120218600606,-0.13533185564588696,-12.07466493577396,-1.1946946519626891,,0.08937232258758446,0.1428571428571428,0,4
0.6205351075993315,-0.78404706860158835,-0.014365738893043918,0.78323590757039152,0.61878704667786577,0.060366414139573249,-0.038440776905149854,-0.048711241833298412,0.99807290394539183,-12.296959212396843,2.1363057242666188,-0.78762400677237809,,0.08554406259155183,0.36,0,2
-0.99316315244892328,-0.11209938745532914,0.032568081765083932,0.11146738830724937,-0.99355417110526889,-0.020618691114681377,0.034669496126683005,-0.01684744525029671,0.99925681865417382,9.3199662099791194,5.6823632984203627,-1.3833103153943147,,0.09000626063193458,0.1212121212121212,0,5
0.99870786249088139,-0.0320931852482624,0.039403462532063518,0.02928928995824898,0.99713210613803771,0.069783238692844446,-0.041530023990320915,-0.068538969713161035,0.99678366095057047,12.138374733545026,-14.910963446912229,-1.7573903018791279,,0.3348206818319438,0.5,0,5
-0.87571132538229812,-0.47632269160431867,-0.079033967760674659,0.48268572376175489,-0.86770332092143942,-0.11876632072475635,-0.012006942731977643,-0.14215358006297998,0.98977178834391333,21.117587596828756,-10.365201995863581,-1.817147567258383,,0.1987198521274484,0.1764705882352941,0,2
-0.0018771684629887851,-0.99957345257132491,-0.029144281655295284,0.99852134217215172,-0.0034569757877575473,0.054251069529801361,-0.054328679951624499,-0.028999348838283933,0.99810191478709698,-6.3651134459064833,-8.6237478374193142,-0.93824804043573173,0.7091127007101873,0.7036853564081478,0.5939849624060151,1,4
0.1329744638388031,-0.99099011805273518,-0.016011804664378012,0.99084877863535581,0.13254325273638892,0.02551438870289665,-0.023162250400330566,-0.019258039253389349,0.99954621608033134,20.12833062214229,5.3108544234520956,-1.6553970133612086,,0.5589331094026511,0.925531914893617,1,5
0.86263853289136616,-0.50575323719085585,0.0082719188827096758,0.50302798319244224,0.85947688540173839,0.090897368418842411,-0.053081161407566545,-0.074250565863815274,0.99582591037416157,-8.0185321966970307,13.441228986467015,-0.81795512858662622,,0.1361499219448831,0.5,0,2
-0.13933416952967365,0.97317979899215623,0.18304935955928106,-0.99022447675707381,-0.13572783172107022,-0.03214718226339687,-0.006440095702345024,-0.18573915723369597,0.98257798196248103,9.0545747766309876,-14.400668592911895,-1.6235020987283231,,0.324115276445361,0.4444444444444444,0,5
0.67382788820802419,-0.73850461666727507,-0.023809834821727209,0.7381408997769644,0.6713476393679918,0.066636020225401285,-0.033226332171484345,-0.06247622168591991,0.99749322432499965,-13.643829113454037,17.047125972790521,-0.62338726998764438,,0.1714092407047685,0.4210526315789473,0,3
-0.99839760047831971,-0.051965484738885077,0.022401333776991696,0.046188610344195496,-0.97704936951632726,-0.20794504514948375,0.032693174113376786,-0.20657714763158455,0.97788395959990715,-18.520099358543391,13.211526943349337,-0.48512524228255388,,0.141408605253446,0.2173913043478261,0,3
-0.060847303503878104,0.98340796996087243,0.17089871349353167,-0.99811350411276745,-0.061351254918677926,-0.0023358997489174261,0.0081877081067007682,-0.17071844697436972,0.98528583329844943,-2.1556598352051326,16.432466826619315,-0.94881436168187849,,0.1503687262791412,0.125,0,3
0.15042530249378966,-0.98063923236315964,-0.12537513437617734,0.98837351084248393,0.14633371538319301,0.041282524233046874,-0.022136653643975511,-0.13012739793119391,0.99125013436221177,-5.6771467521925389,19.497491646146862,-0.89013742568117626,,0.5169558101047216,0.375,0,5
-0.1954476060820185,0.96466900924643273,0.17667466110428681,-0.98037789686004573,-0.19690106177108924,-0.0094419924640354695,0.025679030843888062,-0.17505334750562226,0.98422401560924899,-2.4187548775278973,-1.4823040836395553,-1.1046932975904771,,0.06925386958321827,0.2445820433436532,0,1
-0.67679702929132934,-0.73616858228040616,0.0012647551892478138,0.73607782179728565,-0.67673872891979958,-0.014633285283130033,0.011628473700152851,-0.0089728057635865919,0.99989212785986781,-9.3393105530519804,2.4111525541628374,-0.87240927421401249,,0.06980640958979592,0.297029702970297,0,5
0.97768988991040584,0.19692334638808143,0.073100443324915582,-0.2068188081443206,0.96329961140121212,0.17111352743730399,-0.036721380212924801,-0.18241451236563944,0.98253574281736178,-14.158322335055606,-15.872685701085514,-0.39797900074451115,,0.3867718231069587,0.3,0,5
-0.43357799063697966,0.89685562186909107,0.087522108961141057,-0.90059230270355872,-0.43458823478175806,-0.0081590747255932128,0.030718566800900675,-0.082359332871765431,0.99612916328286327,5.1315431466079113,-12.041570582031593,-1.4616101526766441,0.1333075151917123,0.1056150032756455,0.625,1,3
0.47913251731855244,-0.877514658858501,-0.020001358364810866,0.87670903777191289,0.47733857233520455,0.059406653247227312,-0.042582789211542273,-0.045999030961958884,0.99803346397479464,19.222543261981468,-12.293134084050511,-1.8350917014706178,0.2017682097820546,0.2020176484911728,0.2,1,5
0.98341097069109074,0.16523865670068336,0.074826793704943342,-0.17952026655961301,0.94569697429361121,0.27097916286363399,-0.025987239537394537,-0.27991680754049786,0.95967246716656607,-12.579323720199957,-12.657881529868055,-0.5668060980924523,1.228713166261802,0.4773213458524448,0.3333333333333333,1,4
-0.49418059411650378,-0.85527671354439327,-0.15584377968774432,0.86935802368623294,-0.48587122946917144,-0.090253947428815068,0.0014720906993183399,-0.18008578967486163,0.9836498062350012,-15.228007218035302,11.048212877576768,-0.59272992910508782,,0.1908443331441929,0.25,0,3
0.85641578980568756,0.5141431004420649,0.046998587631158467,-0.5159670017419028,0.85553500807848648,0.042870771693746978,-0.018167225571733604,-0.060964926145832467,0.99797456365132931,12.888105611930181,12.243095473751959,-1.4212341156047927,,0.09217784927736025,0.2083333333333333,0,4
0.27854816950552963,0.94071314593289401,0.19357090260200838,-0.9599727125568317,0.26653836307509121,0.086079568746184082,0.029382110397262455,-0.20980009074899927,0.97730272357663805,18.885916294144401,4.1436244859964688,-1.6304375180691939,,0.5423798603191455,0.4444444444444444,0,4
0.73595403583644203,0.66758692547849441,0.11269141079170041,-0.67682817801312978,0.72954857369044934,0.098297996285059377,-0.01659140088961026,-0.14861552932450081,0.98875585958320278,13.266304051163393,9.7395676970333369,-1.4435451601938307,,0.3026037564232969,0.3404255319148936,0,5
-0.79540357716378751,-0.58474169675944687,-0.15940607738080825,0.6058458928441719,-0.75979104453186264,-0.23594135452063389,0.016849437940226381,-0.28424411466214428,0.95860387007409609,16.4879842371815,-8.4666206900646586,-1.7806636434664955,0.5553354595944755,0.4894237798279861,0.1923076923076923,1,3
-0.99541916024538313,0.088274024872995974,0.036720456820404569,-0.08804827057295983,-0.99608626659189758,0.0077234419870064385,0.037258522051851886,0.0044548894192242049,0.99929573024944696,-14.346821393197818,-5.6264764479409672,-0.5899024621121467,,0.1390875485549125,0.5789473684210527,0,1
-0.26509971810458655,-0.9617209722435065,-0.069389559790165076,0.96418560909161344,-0.26501925013441618,-0.010531299958953395,-0.0082613970672341438,-0.069696259621272683,0.99753404990170713,16.783435333786294,-16.653598623494215,-1.8526758313652434,,0.1259410143791147,0.4090909090909091,0,2
0.99528311370922307,-0.08521616702349516,0.046365164111623849,0.081859218884819229,0.99418023020213508,0.070033835813818973,-0.052063344579860393,-0.065908078056134287,0.9964665239726348,-17.539354270878718,1.9558103573674483,-0.55557929101548276,,0.1434988835445529,0.3695652173913043,0,2
-0.81304796060216356,-0.57827614949921302,-0.067451528381696976,0.57810511023004607,-0.78818581788323328,-0.21108670733526677,0.068902070263303361,-0.21061769015945042,0.97513726895516029,3.3369102792118537,-1.7161636318799289,-1.334722552720488,0.8411295382123014,0.4099925595291888,0.3166144200626959,1,5
0.87211055243646074,-0.48917786185844386,0.011322711537925891,0.48824489443176466,0.87150633991962734,0.045756120259567025,-0.032250695965896373,-0.034376139217404213,0.99888846908061735,-16.087393749051362,8.4292614655575164,-0.60133806394628986,0.1220814721464287,0.08965051452426369,0.2777777777777778,1,5
0.011243295758920999,0.93297940187516415,0.35975411599749557,-0.99976265318688573,0.0037744498508624192,0.02145671971767513,0.018660803658925685,-0.35990997375036077,0.93280039944342807,7.5511661177796761,13.286091838216143,-1.2619421469366086,,0.3522059798017554,0.2432432432432433,0,1
-0.97453684076029912,0.21162927124382794,0.074101265534016997,-0.22200732444336074,-0.95706505567230393,-0.18638462142695811,0.031475290220058266,-0.19808970383080618,0.97967840403970707,5.0886505592139786,20.80589838415392,-1.1972320134135153,,0.1542968421422225,0.3157894736842105,0,4
0.75387407371024717,-0.65653567444982874,0.025195022568473998,0.65583344196789273,0.75426290855919764,0.031144199594248866,-0.039450949089522076,-0.0069550662490203835,0.99919730267320506,-1.93991789100346,-15.356366357444612,-1.0623042520893817,,0.08897052176017956,0.375,0,1
0.68007286882831064,-0.73310507486624121,-0.0076054118228846843,0.73101658316051632,0.67727267927404367,0.083165335647033795,-0.055817991973527152,-0.062118170564841368,0.9965067408992887,-2.11568374565746,-20.986044387078181,-0.98264168222331849,,0.185987259933263,0.3529411764705883,0,4
0.95346762101125115,-0.29759115103556416,0.04836323509106847,0.28420612732110229,0.94069207798419219,0.18527086012356064,-0.10062988063337458,-0.16290463849476705,0.98149666626056487,16.491972920075909,4.776108589839648,-1.5850683364533726,,0.4837619985548512,0.3225806451612903,0,2
-0.92581669837817593,0.37147709526302541,0.069772549753323268,-0.37488111051741735,-0.92602546940848951,-0.044056588429146455,0.048245144640290401,-0.066944736176436065,0.99658958870585546,8.5676217513260848,-12.444788090389485,-1.5875821510133732,0.1757881116434348,0.1849266652040488,0.4477611940298508,1,5
0.36175416153036072,-0.9321461457135356,-0.015410699103662367,0.9317014248813158,0.36090375148989362,0.040999232122616955,-0.032655497080718313,-0.029189813153205412,0.99904032617231731,7.1579597419536158,4.6230042200123149,-1.348699639010849,,0.08554102577874741,0.4838709677419355,0,5
0.54655023497765187,0.83504657971230001,0.063087640284475638,-0.83741871699389858,0.54531314820068455,0.036925097532044177,-0.0035683433364031626,-0.073012191517909636,0.99732466469830483,-12.323300619839131,-4.4133416425623091,-0.69700400544533392,,0.06561934870800923,0.3055555555555556,0,1
0.037124803660239653,0.98346481475186576,0.17725322873863,-0.99898872493345503,0.032022495680260818,0.031560849580441523,0.025362894334445336,-0.17824566731196609,0.98365909017072262,6.1892359822852878,-6.238224008451895,-1.4609558843749451,0.3267916229124381,0.4641529046190204,0.417948717948718,1,5
-0.99922935265564616,0.031725004573094642,0.023113305177247835,-0.035086512148738543,-0.98589917122777226,-0.16362078363590965,0.017596518309480641,-0.16430565497641847,0.98625251040803719,-13.685869357642803,-13.909834255859206,-0.46121907631692899,,0.5126235511770125,0.3529411764705883,0,2
-0.75330216853461551,-0.64156697333595381,-0.14466396097711715,0.65766633296212418,-0.73374224416507616,-0.1705793469789039,0.0032920159777198991,-0.22363840871402352,0.97466662237847324,12.895596039556727,11.062460079070384,-1.4239521896558243,,0.4181947405360376,0.2571428571428571,0,4
