axis_00,axis_01,axis_02,axis_10,axis_11,axis_12,axis_20,axis_21,axis_22,location_x,location_y,location_z,dbh,dbh_approximation,score,reconstructed,number_clusters
-0.029988248448756478,0.99922895179335325,0.025341800506940983,-0.99947712365042107,-0.030283090739598506,0.011331977530012534,0.012090668073316746,-0.024988723721214388,0.99961461545554009,-20.198838664716291,16.482124865292096,-3.4545342402390289,,0.2088659031287473,0.9047619047619048,0,2
0.97002382013000699,-0.24043378359062773,-0.03528999983967477,0.24292331671846268,0.96327430998294838,0.11441532205687331,0.006484641461986824,-0.11955835159106094,0.99280599816375936,10.999277689404527,-13.160128453182823,-3.2776631854664937,,0.1097279621556867,0.3157894736842105,0,1
-0.99999372101410433,-0.0023461723611702761,0.0026558252235153934,0.0022150952178832798,-0.99882918369303009,-0.048325512478317394,0.0027660957217512543,-0.048319326137353957,0.99882810905385033,-14.109740255924592,13.626812730228608,-3.5040374233383753,,0.1053297507827475,0.3829787234042553,0,4
-0.85100616496519987,0.52514751094769774,0.0029323943564146179,-0.52511910694347375,-0.8508676883695987,-0.016555978118669774,-0.0061992510928934154,-0.015629095751663446,0.99985864033465943,4.9312183119606683,-15.723694928028513,-3.1001433466605288,,0.0742597124095821,0.2068965517241379,0,5
0.0024058110813734808,0.97303796028005962,0.23063247804041137,-0.99998163348400226,0.0010579457921306495,0.0059677001740532157,0.0055628021452521648,-0.23064259928452285,0.97302263418050616,-13.084524382183956,2.3933243347613087,-3.2358005499472768,,0.400019661421315,0.193452380952381,0,4
0.64613931163404092,0.76301291330491683,0.017756240903696437,-0.76304595869877534,0.64532146805199064,0.036346496181746853,0.016274362493002521,-0.037033727886430674,0.99918148908207804,-6.7750859514672648,-10.250194826331748,-3.062078761751581,,0.07628548894738135,0.3582089552238806,0,3
0.43217077828638317,-0.88942079431263665,-0.1488592255777941,0.9017647145300467,0.42495041671184175,0.078978117000698317,-0.0069869896153917904,-0.16836803135010811,0.98569944100390117,-20.113341198289806,7.05595373792403,-3.2638243898916359,,0.1372120331580694,0.2941176470588235,0,1
-0.29020383012595186,0.95229067693713831,0.094468003042481832,-0.95683238686452776,-0.29038886532998853,-0.012086783670304795,0.015922324810108895,-0.093897675748489659,0.99545452234729059,-1.9914890291941447,4.1876998101156131,-3.453735981349261,,0.1735745503867314,0.2666666666666667,1,5
0.42742158222656845,0.90337906288861447,0.034886383897240518,-0.90389489015420854,0.42630843533656188,0.035144637058935994,0.016876569558078834,-0.046555200519182653,0.99877314476540169,-10.844414160580437,24.425059215655534,-3.7772151648689456,,0.08454629880635946,0.2,0,2
0.40189346497552325,0.91110990006782377,0.091435183645949505,-0.91568431056163635,0.39966893244777202,0.042272778798175675,0.0019713450304524338,-0.1007149166432605,0.99491337279398961,-18.766904589565883,6.9330007121682158,-3.2707389524967216,,0.5461875311017416,0.9163179916317992,1,3
-0.95360724150705956,0.29938224263038038,0.031678095632485893,-0.30100142649342798,-0.94619156268889726,-0.11882620899980274,-0.0056009101241170757,-0.12284868535701665,0.99240960813155898,1.1327756908200413,-15.133075397796812,-3.0401378884323047,,0.4821165243822952,0.1739130434782609,0,1
0.70932107606082384,-0.68218984314723619,-0.1774278133852325,0.7048264065573614,0.6831648915993237,0.19106404032554905,-0.0091294948027360566,-0.26058155881189043,0.96540867177160405,-12.969694334275193,11.91205885958575,-3.4745122836260149,,0.3190566310533287,0.2777777777777778,0,2
0.84356145035511076,0.53694077892019254,0.0099337509208680015,-0.53685497301229379,0.84266226464016625,0.041316409615009403,0.013813668113518916,-0.040185914000836619,0.9990967294957811,0.23619384521411221,-6.8429210867351662,-3.2400388879166031,,0.1866308062803746,0.80625,1,5
0.24011256361739602,-0.96500575762603036,-0.10540324730145725,0.97061774813639268,0.2369032506674538,0.042166773955702716,-0.015720807731147715,-0.11243103473598273,0.99353516225268845,5.8306370993441483,-14.262605541509119,-3.1414009052007712,,0.3531547057247351,0.3478260869565217,1,5
-0.9709261441767707,-0.2385907511715733,-0.0194132946563467,0.23903289924588603,-0.97068880679400382,-0.025030250556889212,-0.012872281543528694,-0.0289429407666001,0.99949817936184659,1.2282930921271802,3.9851391360664756,-3.5071487170175315,,0.07231582276330932,0.23,0,5
-0.59706485581836766,0.80200974345115561,0.017144368054947703,-0.80218608307228978,-0.59701190596460385,-0.0086181356248631637,0.0033235631075192273,-0.018898559361030232,0.99981588224149931,-5.1094565222760151,6.437160045021173,-3.4440178471048744,,0.06551766526564907,0.208955223880597,0,5
0.95669720159718585,-0.28168526937912802,-0.073374883106702218,0.29036735165373928,0.94121057060242475,0.17265417133638214,0.020427078834426474,-0.18648343304719356,0.98224572467851712,-10.824803421495307,-14.749269725660112,-2.8996739805889495,,0.4233011838597028,0.3859649122807017,0,2
0.38359924785938743,-0.9006157228876156,-0.20431088255237534,0.92346587006946668,0.3721876855752228,0.093204686164393646,-0.007899611291458929,-0.22442737443052146,0.97445879838383453,-3.7215594753226182,5.919429464199494,-3.4608261209266655,0.5268872026830655,0.2929196664960697,0.1625,1,2
0.32027048923284751,0.9466572209682419,0.035593815688107343,-0.94721899476707938,0.3194430615864588,0.027061159559697824,0.014247444648008567,-0.042382029127406254,0.99899988685086794,-13.179787745286673,15.730014121331473,-3.5694332605299239,,0.08193041002832245,0.3076923076923077,0,3
0.62327451959585045,0.75846326458732349,0.19042675624528918,-0.78200244417117759,0.60419303054512363,0.15304561134186467,0.001024955056394545,-0.24430361870475892,0.96969824757750944,-1.113108872818358,-21.853489422383667,-2.8660657948065218,,0.4016742220072663,0.52,0,5
0.99975973154955844,0.021842196514680445,0.0018432643244053809,-0.021873067155914042,0.9886029122238118,0.14894915533762748,0.0014311202424747173,-0.1489536853992337,0.98884313796518719,5.2840954329070806,-11.228033226911599,-3.2216216621396976,0.03492922147667317,0.2020944912134975,0.4090909090909091,1,5
-0.85399827176937881,0.51986247947228803,0.020735338237890071,-0.52024894904117369,-0.85287043764991888,-0.044193298184128475,-0.0052898805722907862,-0.048528538199310099,0.99880778838762052,-2.8447369803444382,-10.395105395388295,-3.0946880454121954,,0.1649505535527697,0.4285714285714285,1,5
0.30333880830172466,-0.94871376483791758,-0.089037968222288363,0.95272224363182034,0.30024571007110679,0.046613732665893838,-0.017489821818418762,-0.098968206970524691,0.99493688249144663,-15.156210933009897,7.9559840153082257,-3.3359811035239373,,0.1019784451706766,0.32,0,3
-0.45354724826605863,-0.8844250741183467,-0.1099417202932695,0.89104622146005208,-0.45250937502163507,-0.035663661327659836,-0.018207822825663623,-0.11413830990638846,0.99329800231333554,1.9379974262697119,12.442172297816382,-3.7622084973108341,,0.1263081464152139,0.4864864864864865,0,3
0.3745349677225091,-0.92215789593525088,-0.096686984219027231,0.92719838169412683,0.37190599915546968,0.044599201517125195,-0.0051690363601179746,-0.10635197579943374,0.99431511016712637,-1.8723856161026904,12.616151674405536,-3.6764445667047339,,0.3064074835235742,0.7596899224806202,1,5
-0.039958086600510014,-0.98951481340035219,-0.1387940394126938,0.99907037047388714,-0.041814614330485361,0.010484887675266568,-0.016178570900927003,-0.13824605632588233,0.99026576319387316,15.81867032220101,-10.662343222292685,-3.4934201066056234,,0.1953914690559151,0.2105263157894737,0,3
-0.97588511537741529,0.21738681244602628,0.0197791647793127,-0.21821522478746416,-0.96927382897215497,-0.11353572187033067,-0.005509741896634157,-0.11511393592531159,0.99333701456253909,-9.8005098543098779,15.97026623343819,-3.6323190687565519,,0.08921652129488475,0.358974358974359,0,5
-0.33752068550488157,0.93666149507546659,0.093514867798158652,-0.94128057299268519,-0.33672481404165233,-0.024643102791209157,0.0084065309657523068,-0.096341285291442147,0.9953128588466621,-15.243538368767462,-14.520851607887995,-2.8694452071299898,,0.2523592925475156,0.7666666666666667,0,1
-0.70499259819277227,0.70188211043295368,0.10171990733178289,-0.70917569510491696,-0.69916883571507127,-0.090734627553592004,0.0074343773015444099,-0.13610452681308513,0.99066658761417981,18.81162762962871,15.327549357889453,-4.4256317225987356,0.4928797366444128,0.3208750975717717,0.1428571428571428,1,5
-0.8702256623548732,-0.48792512466764454,-0.068090889971312171,0.49256488203993914,-0.86433780199095034,-0.10148892072750541,-0.0093345358750588411,-0.12185744444848842,0.99250371771217072,-3.5047316802920454,-27.009840004321305,-2.7655716516677251,,0.2426252350498579,0.5,0,5
-0.81639392128233379,-0.57317512312493668,-0.070507045917197378,0.57745985196439131,-0.81159159658995739,-0.08865212752003955,-0.0064097318601933758,-0.11309004631389785,0.99356406776926176,-15.084270428377554,5.6123735716689866,-3.2748941045345044,,0.08102874353275995,0.2837837837837838,0,5
-0.97354229667907299,-0.21999115006540826,-0.061800408329837311,0.22776080652137051,-0.95603835266225079,-0.18470431302918983,-0.018450246328179466,-0.19389317195752157,0.9808491353305463,6.9492482530475002,-17.876358513638326,-3.0955281606712783,,0.2018863508643361,0.35,0,5
-0.90190246430052312,-0.42978813181095971,-0.04305933862808535,0.43165731173945793,-0.89321861177893835,-0.1258271703312559,0.015617621794232298,-0.13207071335519971,0.99111725671755946,5.8217774527945902,-16.92624266780642,-3.0951108020526772,,0.4339355522186273,0.1428571428571428,0,3
0.89206585793560489,0.45190512601733118,-0.0005120399133055764,-0.45167703550434352,0.89165047819099885,0.030777919679069021,0.014365260304672783,-0.027224654653880069,0.99952611645487055,-23.339043299639055,16.115475694226578,-3.4187006562659876,,0.09838515035388823,0.1875,0,1
-0.38849653605949502,-0.92005698185160734,-0.05065166942842065,0.92131700601758582,-0.38878762489263413,-0.0043768885224722805,-0.015665755410035703,-0.048366650457283986,0.99870678941868474,12.807392963372354,-8.5337859971164161,-3.4265083031482475,0.4764268777999277,0.4411473245514436,0.9386503067484663,1,5
0.15183652011433654,0.98763835341171202,0.038937822612111789,-0.98837992754622839,0.15143066341083944,0.013186091258094515,0.0071267091481553597,-0.040487492502706057,0.99915462915785069,9.6119215449443498,-6.45700429621313,-3.4124190276569086,0.5838768555637759,0.1983530401992795,0.2727272727272727,1,5
-0.54452175256124413,0.83861664526304847,0.014771028243879694,-0.83873101163060548,-0.54453489252220988,-0.0034700079145400446,0.0051333338808957551,-0.014278414252840183,0.99988488125868347,-11.1119734245031,21.058338173285108,-3.6776595830663426,,0.08369021726486346,0.4210526315789473,0,2
-0.66148601737727997,-0.74845964659042008,-0.047375164802763235,0.74961984513143654,-0.66176302336999404,-0.011823226519326758,-0.02250192435031452,-0.043334262725342514,0.99880719114080474,-11.452312557955624,12.869103617761237,-3.5327423661149191,,0.07921139342222192,0.21875,0,4
-0.49931985583564342,-0.86513592239370896,-0.047111753865234009,0.86627591296167261,-0.49948331858234146,-0.0090805881082642904,-0.015675592195920966,-0.045345895535952592,0.99884834963439229,-7.9279480512436713,7.1663911205623503,-3.4392602452583421,,0.0774712218086136,0.2564102564102564,0,1
-0.76765969634388798,0.63088282207549196,0.11262972706738394,-0.64070444092464929,-0.75168707086027731,-0.15641089118386228,-0.014014634802343372,-0.19223270354328464,0.9812492943690696,-1.7184954057436814,16.090316298159699,-3.7765409577342925,,0.282556039338223,0.3260869565217391,0,3
0.86832711339307633,0.49574199947579456,0.015744653130137898,-0.49586191866935014,0.86693510900354731,0.05044278333476853,0.011357013691903294,-0.051608010354485492,0.99860283972520958,7.5956437787070419,8.7229700887170534,-3.8001077643068784,,0.1035084926507889,0.375,1,5
-0.010078549944669076,0.99994686868874783,0.0021639386731706419,-0.99986747496361972,-0.010105371224978696,0.01276377617640059,0.012784965423836279,-0.0020350115414428235,0.99991619818219657,-3.0817551423951128,2.2282315806996693,-3.3758259986116723,,0.2677020837916112,0.929225645295587,1,4
-0.29849878021989318,-0.92881356449906582,-0.21955373057585489,0.95431512589612122,-0.29370820762892869,-0.054937503194744074,-0.013458034518690015,-0.22592222372741769,0.97405237545675727,6.2417510737918187,10.618936901674727,-3.8492251905013268,,0.0853284333081317,0.4,0,4
-0.90587541019781681,-0.41925025415510297,-0.060157838972320084,0.42319354635671486,-0.90172780863650726,-0.088284661485625221,-0.01723262954297243,-0.10543331315331844,0.99427705040222569,6.7387746666614614,7.5379364843104053,-3.7219466227800737,,0.07170562982412057,0.3571428571428572,0,5
0.74212943530682507,-0.66892775402088533,-0.042184845048279566,0.67012476136982946,0.73926417911076392,0.066492688941854533,-0.013293060227152943,-0.077615290917852409,0.99689475932293581,-3.5548653700495763,19.239522564028938,-3.8130913092878922,,0.1573447277817156,0.6129032258064516,1,4
0.50713171644266797,-0.86079309868477794,-0.04304257699736861,0.86186135510154782,0.50629039991522218,0.029411486467219205,-0.0035251610516635373,-0.052012231353265902,0.99864022602197267,5.4251180988825132,8.8886177385548759,-3.7679317260187024,,0.09443196391780484,0.425531914893617,0,5
0.62141319917889914,-0.78223697355326138,-0.044169594660594662,0.78343375739582644,0.62101806414022809,0.023835095640308092,0.0087854230919539034,-0.04941539454217915,0.99873967335003622,7.2838892428747544,-8.0939330748017451,-3.3192904288829665,,0.07874644682507922,0.2162162162162162,0,4
-0.60150271226142737,0.79741948791182304,0.048131563870210371,-0.79886703275701132,-0.60059117455222433,-0.033191942154503135,0.0024394909622023186,-0.058415762842107553,0.99828936062417262,-13.282303717927542,14.680557294207494,-3.5457255611931258,,0.08732432282324064,0.3103448275862069,0,3
-0.98645989855281868,0.16095373415784597,0.031476403984696935,-0.16389830905184716,-0.960659987969256,-0.22420912515964705,-0.0058491740534546395,-0.22633224024772622,0.97403259913995566,-7.1317812379479619,27.719921465813655,-3.9264952281639851,,0.3211559815950631,0.4,0,3
-0.69458054456658802,-0.71856380558356248,-0.034984631123536572,0.71443676643955611,-0.6832472200810189,-0.15084211285629429,0.084486530695567774,-0.12976630362627972,0.98793862793910359,-5.0749499700276264,-5.2569648095194772,-3.2013029159480024,,0.2234110342994795,0.5972222222222222,0,2
0.040160949005531042,0.99850444075635747,0.037094203924744246,-0.99902571970092979,0.039446799216703445,0.019787910642571672,0.018295069035574939,-0.037852765042892957,0.99911583844296681,12.235942861684089,-15.145979327630759,-3.2359616242185463,0.2196145854337557,0.1513109442906682,0.5151515151515151,1,5
0.39086300287692327,0.91448230976987344,0.10463373308829538,-0.9203957473953428,0.38708569467503906,0.055102932358562354,0.0098884355994257808,-0.11784214057755797,0.99298310597184658,-6.7126599424044517,-11.341517083869309,-3.0445214847520381,,0.1343270294730498,0.425,0,3
0.027614648811812133,-0.98848922951530405,-0.14874970354001055,0.99958488311542359,0.026083305193685475,0.012236120189782842,-0.0082153891037507788,-0.14902585118835524,0.98879917225868486,-0.13366231884805771,15.596404493839151,-3.8052579643083653,,0.1015709630010547,0.3703703703703703,0,5
-0.99451562569912777,0.10458541216272867,-0.00074953520573321102,-0.10424613692749216,-0.9918175543414427,-0.073693160034392677,-0.0084506316904140039,-0.073210863011661118,0.99728068083219212,-8.1295732773779203,-19.443540818150673,-2.8400747668660324,,0.07065610940189529,0.3125,0,1
0.97554451258630426,0.21908874238759318,0.017692566850936241,-0.21979532256134474,0.97172384498487252,0.086271578564280096,0.0017088425633969122,-0.08805050849848127,0.99611454552689582,16.017199147704162,-4.8287928298101583,-3.5746242823857681,,0.1860487091386324,0.1875,0,5
-0.98518571584813441,-0.17092822190538429,-0.013879778278576317,0.17108535536148037,-0.98519426629832707,-0.011048023974307581,-0.011785858884049004,-0.013258982206964354,0.99984263407858343,-9.6310190989308584,-22.161711412868506,-2.7598691042457273,,0.1886451811257748,0.5517241379310345,0,1
-0.47860590983875329,0.87418665463468914,0.082061415574128813,-0.87786922558524594,-0.47821138364550447,-0.025680641000827394,0.016793029440225135,-0.084330097891932826,0.99629635588601684,-8.2143926942680103,15.733113305009452,-3.6611277983996637,,0.1242929106651973,0.2413793103448276,0,5
-0.46146728251270247,0.88492715129681632,0.062864012503533323,-0.88711899878274203,-0.46094526450860812,-0.023438112675650966,0.0082358465896759901,-0.066583781995259342,0.99774684705398087,-17.119928927517091,5.542349261562066,-3.2461873223316302,,0.09301358686851559,0.3207547169811321,0,3
-0.30644002625603389,-0.95114703934569378,-0.037600795897458572,0.95181793021710237,-0.30666364633595533,0.00018903218765839956,-0.011710594580680999,-0.035731184697085444,0.99929282215710391,19.99873339430199,-19.927322779992718,-3.5381363202562151,0.2719849227408832,0.2888816614487608,0.6842105263157895,1,5
0.99693341142207559,0.078254535723794511,2.8792287289767715e-05,-0.076726988588945721,0.97740055921678703,0.19697998899579694,0.015386435988046086,-0.19637814155696098,0.98040750869534832,9.6960196178576812,10.622095681575702,-3.9622630047620544,,0.3392997917362945,0.5384615384615384,0,5
-0.2235928341054311,-0.97335191961928225,-0.050914488214649237,0.97434954905491378,-0.22457680006086797,0.014429730798184605,-0.025479419011985159,-0.046382124227760668,0.99859876715272,5.8014180905752593,-18.000388588463188,-3.0711623056064989,0.1641079357883833,0.1468781915392293,0.16,1,5
0.94036430275655036,-0.33924266561843658,-0.025087684733436286,0.33905657744842999,0.92877683308110748,0.14971383242969213,-0.027488459217342508,-0.14929168816758256,0.98841103618582138,-17.098061590442846,22.807930636086226,-3.6272382418002702,,0.6474962437716839,0.6231884057971014,0,3
0.8970825987159472,0.4412315861828412,0.02361140477854588,-0.44157416184159221,0.89328415110563009,0.083998124844480895,0.015970932187499849,-0.085779442397742448,0.99618613551233182,-5.6395013336894761,8.0629151289265604,-3.5069004814481533,,0.1010440673275499,0.3888888888888889,0,5
-0.65656649159863256,-0.75175973324464862,-0.061463367803903206,0.75385286575341803,-0.65672638701952823,-0.020403661133169881,-0.025025964621223733,-0.059730696163801493,0.99790076913016024,2.4509350488213566,12.602395518404352,-3.7867511440187434,,0.1293529957923851,0.4565217391304348,0,4
-0.91865374390247589,0.39165422838369018,0.051790580254914863,-0.39504251401192436,-0.90932042919341838,-0.13068193897642014,-0.0040879013079189548,-0.14051093352716099,0.99007068768963302,-15.175913740001338,18.707540305432353,-3.5758100304273435,,0.09271214319142282,0.375,0,1
0.34314124410303898,0.93695859197786868,0.066050613276996684,-0.93912043662853206,0.34092072654682692,0.042730126578548557,0.017518336166815782,-0.076691949575118948,0.99690092424890087,-7.2983487802140008,-15.058480795473765,-2.9398663390612705,,0.08068998988238298,0.2083333333333333,0,2
-0.89120387404119694,-0.44982750793112591,-0.058402636947622107,0.45299633424378305,-0.8892607884445618,-0.063321175736497398,-0.023451568298466414,-0.082888257572653237,0.99628287182953834,5.2825748809712412,18.37475409685927,-4.0111000573942341,0.5760242916971725,0.3891320799842622,0.2380952380952381,1,5
-0.3875537239669814,0.91960797208937417,0.064212839128884008,-0.9215099951149418,-0.38835464309653711,-9.4138508680456727e-06,0.0249286971698068,-0.059176421444935262,0.99793622601967191,-9.237446831901563,19.596813093063577,-3.70468087972298,,0.2236929598825451,0.1764705882352941,0,5
-0.55810187873792294,-0.82840974344059548,-0.04753514407139324,0.82970751419193955,-0.5578583379246399,-0.019481162732028639,-0.010379491443911395,-0.050312739744975743,0.9986795754278347,-14.407136799460918,6.9881502614607411,-3.3229474863464556,,0.1070459569529341,0.330188679245283,0,4
-0.5574275542489624,0.82877565378361029,0.049045259297593284,-0.83015626835644007,-0.55717094292550351,-0.020027742459281937,0.01072808801836472,-0.051879244935269665,0.99859574006322283,-16.731730979193266,3.7126813125625304,-3.2217235034576066,,0.2770672005049979,0.6747967479674797,1,3
-0.96324659737494378,0.26784406116217058,0.020385081450611724,-0.2684742625358949,-0.9624406267906146,-0.040368431461933148,0.0088069859429935598,-0.044357623956257856,0.99897689572660031,7.2897374358391973,-6.153431980733207,-3.3670160924172987,,0.2564633188730872,0.4736842105263158,0,5
-0.94464454710149282,0.32730955564038033,0.022696572823070315,-0.32809246010890891,-0.94207328626527254,-0.069665349529268145,-0.0014202996515676133,-0.073255566968304792,0.9973121901676788,6.1982381028492384,6.6148339602744244,-3.6814493787537326,0.07182019227492381,0.2106766431585593,0.6853932584269663,1,6
-0.98451204295588357,-0.175164639966056,-0.007306584728488121,0.17529853377743096,-0.98294899703933847,-0.055513000953310472,0.0025419146947716015,-0.055934051568980118,0.99843122975233678,5.9649192974592138,12.395158950812096,-3.8762395251977231,,0.1240497802321282,0.3076923076923077,0,5
-0.068765812234669918,-0.99225227251046877,-0.1034731403095457,0.99750762613804678,-0.07002951812997113,0.0086256818237724769,-0.015805026546862857,-0.10262209454253429,0.9945948455766086,-10.407999545644415,-20.422802248185175,-2.7917855081550176,,0.1316868694670068,0.3333333333333333,0,2
0.88500414966931618,0.4655251155482979,0.0073499565872729225,-0.46537804074936484,0.88403553606456309,0.043640006454214682,0.013817896235445668,-0.04204209519975368,0.99902028406576471,-10.495325736177907,3.1930828273158243,-3.2917735192223674,,0.1653263373620475,0.5595744680851064,1,5
-0.31041123368563195,-0.93215760079462151,-0.1863520144312335,0.95009839699978027,-0.31060946247730087,-0.028892868289771938,-0.030949992248978844,-0.18602142107933947,0.98205810870814081,24.886484515252125,4.0847780704057284,-4.1677943372990454,,0.1844639606400653,0.1538461538461539,0,5
0.99479775471177634,0.10140270265888676,-0.0097426440908635458,-0.099597794918561688,0.9882392068900665,0.11603253514705328,0.021394075529640656,-0.11445855956967747,0.99319762971599235,-5.8131728312743451,19.400820760353444,-3.7627472207276251,,0.1649758836855279,0.3529411764705883,0,5
-0.9372525282720604,0.34741005691580851,0.029393036613894544,-0.34864508977819197,-0.93440078257031933,-0.073087474340904596,0.0020735527935347464,-0.078749158000137071,0.99689230636668191,7.7358595168331528,-22.960943168317243,-3.0158025861903521,0.3421516894102467,0.3048500838371372,0.3684210526315789,1,5
0.56669492880717942,0.82368683327273384,0.019921304107947332,-0.8237679464384251,0.56594330495680689,0.033384816836210564,0.016224305373307202,-0.035329538175616189,0.99924401206484659,-11.024298361226965,11.920928016106872,-3.4997331890693717,,0.1387947620970998,0.5569620253164557,0,5
0.99356098779577817,0.11320556033668452,-0.0045896229838361452,-0.11287318261795747,0.99252519188921828,0.046404613035377608,0.0098085766536080733,-0.045587767812508527,0.99891218195089726,-2.9626429295899492,4.417558363937454,-3.4400711802690394,,0.09766832372525716,0.4142011834319527,0,5
0.11361728486858712,-0.99307178990995926,-0.029992210057284925,0.99345922952767818,0.11321176727525591,0.014894798309687929,-0.011396132912673692,-0.031488344437954507,0.99943914888260876,-8.4140501242052856,-25.774333860014661,-2.7206149999807256,,0.3765032082085419,0.9130434782608695,1,2
-0.70586827551159359,-0.70475827139173486,-0.071174128243511978,0.70817678211777746,-0.70430845789215191,-0.049348165223138743,-0.015350012885993195,-0.085237169395246393,0.99624244140564822,-4.2038119354593118,18.458704519368275,-3.7743895428450576,,0.1008609808996667,0.2,1,3
-0.85614654241036459,-0.51544427326492037,-0.036473265238740636,0.51651571311695343,-0.85569908471398293,-0.031473711616795387,-0.014987195270051904,-0.045785123982032182,0.9988388790990701,12.307958010527978,-0.11710239326231506,-3.6282645507055431,,0.478900353093898,0.9814814814814815,1,4
-0.11613294240927831,0.99273627463134195,0.031429742576873962,-0.99316975292983056,-0.11642632469120194,0.0076650364773538189,0.01126860917165759,-0.030324906429932508,0.99947657226037701,-9.9248698071007695,-4.8985918952494476,-3.1285662694365128,,0.3640494380277476,0.9764705882352941,1,2
-0.72928917832369722,-0.67974029844893002,-0.078041149687243475,0.68354584741835256,-0.72883877572691991,-0.039485610974282714,-0.030039455006274522,-0.082141132579513068,0.99616789020801177,3.5277351385432412,9.0892657615379875,-3.7210589824850748,,0.1138730218030065,0.2608695652173913,0,5
0.070312006694159573,-0.99204795552172642,-0.10438905910010145,0.99749042833795776,0.069051666664288844,0.015643295849780518,-0.0083106611530173232,-0.10522699879806492,0.99441350133390349,7.587047951616495,15.959040768169954,-4.0369434218562246,,0.1513634629995666,0.4166666666666667,0,5
-0.47148809926771684,-0.88138125827432701,-0.029428724261849084,0.88176785027510574,-0.47168351885499643,-0.00034097182813788831,-0.013580518036322113,-0.026110067087862079,0.99956682314217105,-4.2947121952895344,3.0836480126317452,-3.3802812520128476,,0.08958040862728012,0.3569131832797428,0,5
0.061908578599935316,-0.99383248152051895,-0.092001774822562055,0.99806554419755888,0.062170484270600172,1.9266268093237888e-05,0.005700647451444653,-0.091824994202694257,0.99575884282205007,13.415228406636565,-10.084542712551542,-3.4133146844014157,1.381877149889861,0.4471827086505054,0.691358024691358,1,2
0.98712028523790829,-0.15376785548586039,-0.044147356558571736,0.1597950422963583,0.96095416007367174,0.22590406524586809,0.0076868022828201965,-0.23004901403045375,0.97314868556366063,-14.488661067275666,22.336688057268358,-3.648957873745136,,0.7156124330309123,0.4615384615384616,0,1
0.97709765431208084,-0.20797147313554659,-0.04503376843726694,0.21256674626030633,0.94423549832577547,0.25146511107066738,-0.0097750868097102178,-0.25527865179702564,0.9668181098916987,-9.8935067077303156,14.532193464629382,-3.6114324083644598,,0.2465592734595519,0.1538461538461539,0,3
-0.9582237457903976,0.2860193515199792,-0.00042843845498731741,-0.28473370809951964,-0.95405631972022031,-0.093291233638571572,-0.027091852563394924,-0.089271884476578189,0.99563877092381403,6.3530587478089169,16.834804372437304,-4.0107167552085485,,0.4838486888138828,0.5882352941176471,0,5
-0.46925407993817547,-0.87128196585613293,-0.14376489291634664,0.8828968175931815,-0.46606653260870917,-0.057229333963692251,-0.017141118551861109,-0.15378466489207393,0.98795569682998596,2.6714989164802758,18.721449319790072,-3.9536212228559613,,0.4673387065352303,0.375,1,5
0.77392269991152385,-0.62992532078012919,-0.065097963114908508,0.63326776032472976,0.76916684662590096,0.085757249168045779,-0.0039494676805392906,-0.10759392311659913,0.99418707968541864,0.79351981159545315,16.891611795826975,-3.8460659336676319,0.06928972466993322,0.188620144897035,0.5806451612903226,1,5
-0.54859554981834358,0.83527687908080983,0.036816545092269337,-0.83608139622772182,-0.54823243543650424,-0.020226112262686828,0.0032896202535775453,-0.041877583602461611,0.99911733364515587,8.4437576139015498,-13.790117828451789,-3.2051133519320327,0.1175013969454768,0.1324309758296075,0.45,1,5
-0.74078876399915983,0.64757899426589904,0.17853137908547811,-0.66764714112549439,-0.73908428574180018,-0.089452297435488645,0.074022307985841349,-0.18546122170173218,0.97985959870042039,10.93834668261275,6.1680753103244337,-3.7904656884898382,,0.6860195389977976,0.6081081081081081,0,2
-0.83680683210082485,-0.54660764515071647,-0.031215509160867471,0.54714819204787968,-0.83694995603235467,-0.011984449765367937,-0.019575027155040756,-0.027108178843851652,0.99944082613812157,10.250619496199295,-1.5641657185980296,-3.5499036826744192,,0.1828482829639139,0.7053571428571429,1,5
-0.98167766012728097,-0.18912809711453718,-0.023227881712736577,0.19002759768477254,-0.9807026707796711,-0.045954147187984087,-0.014088425220050252,-0.049526098245822249,0.99867346108093036,20.863946136006408,2.1623807764419869,-3.9147867585909251,,0.08469993120662778,0.125,0,3
0.9698786650508624,0.24319174103961883,0.01389791960244709,-0.2431900679285588,0.96345269360626662,0.11232763704330735,0.013927165542927309,-0.1123240146760654,0.99357402833759234,-18.464474614607802,23.88014704899722,-3.6360684562413228,,0.4961110688228124,0.5625,0,2
-0.21648757740511768,0.96782302675272747,0.12826424956492355,-0.97624811144279933,-0.21575072903276604,-0.019779985495410258,0.0085295799211799004,-0.12949985254439417,0.99154275472989506,-0.664348744168891,13.957892983866088,-3.7604331538372229,,0.1391593870087942,0.3043478260869565,1,5
0.89075687517615543,-0.45047921407628921,-0.060171978624765546,0.45440267087404818,0.88032049581768645,0.13621320547521806,-0.0083905916920034938,-0.14867515706570245,0.98885049205759412,5.0801505101738513,-12.903825163060624,-3.1809000990575704,0.712036779025511,0.3526443802773355,0.5833333333333334,1,5
-0.93042392553107156,0.36439592142578808,0.039075967647672419,-0.3664471531436676,-0.92349018933344096,-0.11350045884395135,-0.0052728315213549509,-0.1199228195679906,0.9927692151726959,-0.6309457185578129,-9.2227426771116843,-3.1484063990002706,,0.08736637535204789,0.3152173913043478,0,2
0.9368848613832822,-0.34796029498232645,-0.03421095769838408,0.34960561691974495,0.93363518929300238,0.078110472614015339,0.004761210874644017,-0.085140862279123236,0.99635754849420133,-3.5648805006656596,-17.887582519746619,-2.9293730291457165,,0.1226354159719092,0.5714285714285714,1,5
-0.60803937160216359,-0.79249697744405811,-0.047293375050618688,0.79362112674617902,-0.60833922773869287,-0.0094282117295272794,-0.021298585957096751,-0.043265745530655521,0.99883654593727433,-3.6559045910134471,14.105315549397718,-3.6939237781050105,,0.1147785283554761,0.4,0,6
0.076056092086258964,0.99452565449761177,0.071653286056282364,-0.99701677174546111,0.074904846110437268,0.018623127756398315,0.013153999955371705,-0.072855930268363456,0.99725572733873302,-17.404766560856363,19.870509935229649,-3.5634517479551659,,0.08324138778138686,0.1,0,1
0.96298752899727946,-0.26554461752123898,-0.046271752735463301,0.2694772521555383,0.95232594076454258,0.14302906389132608,0.006085192389181363,-0.15020438959107529,0.98863623835117342,-9.0302398589834016,-6.9127525277740842,-3.1161325505753865,,0.1005332165052101,0.2631578947368421,0,1
-0.79757574613218263,0.60241915049257033,0.031049900185048142,-0.60321860604082,-0.79647615334028021,-0.041869445738394788,-0.00049245087233174847,-0.052123931932272487,0.99864050248928782,-11.512891338763859,18.151999605131113,-3.621201926385667,,0.2633809271875043,0.4516129032258064,1,5
0.94998408219789066,-0.31148327376992108,-0.022548031670300752,0.31226501847358384,0.94845815416479495,0.054015627701657527,0.0045608999468132608,-0.058354948032571449,0.99828547932532397,0.35444292465065802,-19.945638626433546,-2.92843603217751,0.4297410490886228,0.3515483970457146,0.8636363636363636,1,5
0.98701899856340902,0.1604926479101686,-0.0059671133447645203,-0.16000410297542919,0.9858632017501906,0.049723580581986282,0.013863026578453449,-0.048123356092937268,0.99874519227500613,-0.18283825825450412,-17.943648814990539,-2.9801667954031941,0.06579495256351682,0.1474156234471568,0.5789473684210527,1,5
-0.13759191136201956,0.97726667077398521,0.16130195324941959,-0.99038954424897252,-0.13804928976958883,-0.008422840163848427,0.014036259119144228,-0.16091068264240227,0.98686915831912414,6.1818750441475174,-15.567034122177059,-3.1203112047139938,,0.185286361700035,0.2,0,5
0.45760469301043544,0.88682333930519774,0.064360778416703485,-0.88897740699875183,0.45486308839749134,0.05309181348638297,0.017807716883474517,-0.081510340921105803,0.99651339656942084,-6.7450618666055293,16.966675871812541,-3.695335127910826,,0.3243043428143633,0.3380281690140845,1,5
-0.9212869709006003,-0.37437044159324839,-0.10524775394312696,0.3878074145067486,-0.90456988003650307,-0.17708399528003146,-0.028908934646363668,-0.20396103694584281,0.97855207776877617,-7.2745263928859218,-16.467820571724772,-2.9042986249438658,,0.1946460733625797,0.1702127659574468,0,2
-0.16775129663520316,0.984522676655193,0.050740532406585305,-0.98554313617950662,-0.16872047674264468,0.015431378979193902,0.023753509354891331,-0.047418349606774914,0.99859264513308843,28.571214628228468,5.3027358989502051,-4.436007951096494,,0.4493361591458551,0.55,0,3
-0.1269785094336798,-0.98817952366559503,-0.085893463954134316,0.99173492173601918,-0.12808551334773999,0.0074797245737949023,-0.01839301909026337,-0.084233783474833943,0.99627625012857834,20.659906854075874,-1.0548786375874704,-3.7801112596247033,0.5641711765746011,0.4212916218481092,0.7192982456140351,1,5
0.49998714464478661,-0.82741110397556161,-0.25574151052946992,0.86317135615249363,0.50009688728171009,0.069557984796925931,0.070342484373370734,-0.25552684467407027,0.96423957943194538,-15.168761160801196,3.3853885893914901,-3.2358443701272028,,0.3139190632295972,0.3333333333333333,0,3
-0.91751847297144473,0.3955722011118844,0.041018111410038159,-0.39758343210202302,-0.90995067269461183,-0.11797113113215123,-0.0093416419393770583,-0.12454881360383151,0.99216950505231394,-3.5506175318147348,-11.799893808092845,-3.0588069591330402,,0.1263433913653182,0.2631578947368421,0,5
-0.89658887760759876,0.44201901721765474,0.027341780634838653,-0.44286256251536249,-0.89502445187717605,-0.05295263226966368,0.0010654917511178372,-0.05958539216870324,0.99822264338544664,3.3608420903980263,17.208891266840968,-3.9145480579084837,,0.1378060014769027,0.2368421052631579,1,5
0.12863006277649752,0.99167188078192348,0.0064177734891147503,-0.99160252779615432,0.12852843663369806,0.014313205258634675,0.013369136785622845,-0.0082049889055803901,0.9998769646004787,-6.655251293349453,1.7595397688782497,-3.3062412377392412,,0.08361635333203479,0.4459459459459459,0,5
0.40685471038981963,0.91338116393251267,0.014286147377975185,-0.91336331722577158,0.40648386419934246,0.023201700194306073,0.015384907537967818,-0.022488163972629482,0.99962872462789343,-10.520451885472209,-9.8512430725408304,-3.0164898023326394,,0.06505107009158995,0.2258064516129032,0,2
0.85421098065781775,-0.49543054994182423,-0.15770913324202349,0.51991637083975473,0.8158460616507095,0.2531445654598285,0.0032508239613048317,-0.29823442771311337,0.95448711791736807,3.6304581718039688,7.3579986006735387,-3.639561589125285,,0.4102354029105105,0.2962962962962963,0,2
0.010700725008093104,-0.99248553879346291,-0.12189319000728198,0.99965902829854958,0.0077142622294082393,0.024946288290185682,-0.023818514342886725,-0.12211857124985578,0.99222967750939217,-2.050322509067013,23.599153818809359,-3.9438990319268621,,0.1709024699646159,0.3636363636363636,0,4
-0.66402353894404631,0.74578906513108645,0.053585539645722546,-0.74770720204890406,-0.66255988601026683,-0.044139975693929592,0.0025845178317839379,-0.069376276787971147,0.9975872154787343,-3.0333754183459463,18.663872863697481,-3.8080737462442906,,0.1028688467862563,0.2,1,4
-0.65108784315475554,-0.73744275390250857,-0.17961849908284649,0.75860758683831542,-0.63989639851379121,-0.12266673697636769,-0.024477534341478913,-0.21612677734553312,0.97605843392022273,9.077670734836639,-11.14918530287866,-3.3015061833769788,,0.2909099040860614,0.2051282051282051,0,5
-0.25255624753298261,0.95346720727433354,0.16466823155831142,-0.96751024225100546,-0.25092918030679706,-0.030959289558387559,0.011801397013063741,-0.16713716260317996,0.98586302086319189,10.946996941337771,19.370932550992251,-4.2358038658017989,0.4831611652069591,0.2454890440430822,0.3076923076923077,1,5
0.2060181001299114,0.96717043686174087,0.14878806564886224,-0.97854713874038113,0.20340056210985516,0.032767492983260003,0.0014281743152670169,-0.15234683256984158,0.9883260610365695,-18.839166241211544,21.458499104145513,-3.5685520075452022,,0.3173987950183197,0.8,0,2
-0.75139098328867338,0.65948113148755561,0.022276163142999569,-0.65985719876157356,-0.75094934290315329,-0.025759690135006449,-0.00025975952236390043,-0.034054685510449531,0.99941993722347477,-6.8591115666897027,-22.764771365615879,-2.7842972805121309,,0.1211424785153001,0.3333333333333333,1,4
-0.59223085134608855,0.7987091017945378,0.10642551115427275,-0.80503296897123178,-0.58086506650493575,-0.12048939116610857,-0.034417111779604943,-0.15703357992728151,0.98699337241542329,15.771329967990688,-23.880949215037308,-3.2278482405619151,,0.1723201919731938,0.1428571428571428,0,3
-0.61421266707190492,-0.788261799078672,-0.037230843687355485,0.78908970864775851,-0.61402469663538128,-0.01763812994690947,-0.0089571934562734847,-0.040212038434817673,0.99915101994158173,9.1507124550638643,13.838245779168465,-4.0083097621261929,0.6810936518366109,0.374567684501228,0.5555555555555556,1,5
-0.43458691939876865,-0.89724438926207306,-0.078017404630110851,0.90045257858286076,-0.43458691073917155,-0.017870946747770355,-0.017870736161849581,-0.078017452867378656,0.9967918106792012,7.9377493442020315,10.931882944302211,-3.9151120755111157,,0.36404931847189,0.5,1,5
-0.78820219179643169,0.61192313974084733,0.065478056606814924,-0.61541636346357365,-0.78371668765356894,-0.083969357950326784,-6.6547521101163452e-05,-0.10648109946381468,0.99431472433450618,-15.963910808845515,19.475290513218795,-3.5740611868237071,,0.07061451530334303,0.3809523809523809,0,1
-0.12646595181563144,-0.99123974601047016,-0.038080558825545952,0.9919041944074577,-0.12680957757733674,0.0067379634572471165,-0.01150791676456586,-0.036920143062519228,0.99925195565882363,11.37275334692657,7.5167071822948301,-3.8508167994265818,0.4924903724305311,0.363679949142574,0.7808219178082192,1,4
0.98375215769959756,-0.17270479102547637,-0.049038223644755588,0.17937888199127938,0.95681035071261078,0.22877318344764477,0.0074100551243035844,-0.23385253457266081,0.9722438393515267,9.9841593002601901,-11.752436208538061,-3.3112992405996629,,0.3530049247022676,0.1333333333333333,0,1
0.15659981515315266,0.97602915594231709,0.15114094297881669,-0.98751459573261624,0.15737721822118417,0.0068800000006713751,-0.01707106057179435,-0.15033129393273137,0.98848828063637884,-18.264183048535887,13.949740940317181,-3.4379749735342719,,0.1100801340223925,0.2272727272727273,0,3
0.95106815050822902,0.30896462890659981,0.0031986205563559918,-0.30569037831820062,0.93938151415466198,0.15529250937559849,0.044975167509770535,-0.14867154720760103,0.98786335358609478,30.924579080585914,11.25150270964507,-4.9517751288819598,0.4202682679306425,0.392374647563166,0.2083333333333333,1,5
0.77773576478256168,0.61536424820370128,0.12827284284203191,-0.62840159203448842,0.75612675240709537,0.18271226949173136,0.015444070273200015,-0.2227087253050318,0.97476269130819904,-14.662034250123451,-21.187181938045043,-2.7437483042649133,,0.6585957474179193,0.375,0,1
0.73337407483699368,-0.65678121801205547,-0.17550184621133252,0.67977634210206039,0.71156259050793491,0.1777155156647319,0.0081603354911378226,-0.24963395493449975,0.96830589044394111,-0.69374594073225271,-10.964015930667182,-3.1135312418963403,,0.5146874736419048,0.4025974025974026,0,4
0.7068492696717591,0.70695325432937262,0.024108217636508059,-0.70728680279242728,0.70585717517806168,0.038871928757304934,0.010463678137552739,-0.044528018625983441,0.9989533357455076,8.4251333661577288,-18.206294684568356,-3.1052517113904976,0.3745876086604735,0.3200543976172405,0.796875,1,5
0.98299214442812288,0.18355640321102898,-0.0057871264744342394,-0.18295905314858207,0.9815464579735389,0.055610571931742146,0.015888010057124605,-0.053605948175844,0.99843576331008599,1.879577352182445,10.098583585595023,-3.7218474165025555,,0.1115577679777252,0.392156862745098,0,5
