axis_00,axis_01,axis_02,axis_10,axis_11,axis_12,axis_20,axis_21,axis_22,location_x,location_y,location_z,dbh,dbh_approximation,score,reconstructed,number_clusters
0.97197809900324494,-0.22673738137936764,0.062038173274743175,0.21750497241523478,0.96756236339151103,0.12850937678972363,-0.08916368113019893,-0.11141468858935259,0.98976593451878858,7.2770659593139113,-7.2458276922862233,-1.5395026358451467,,0.07886430456232188,0.3076923076923077,0,5
-0.22636239745764231,-0.9738575138705865,0.019015985249995593,0.97329627898372573,-0.22538134311450136,0.043561490933350072,-0.038136836964558836,0.028368871209532603,0.99886975568020597,-8.2359312902756976,3.7345556960674964,-1.9965269641747085,0.15211864899167,0.1073226475514568,0.5934959349593496,1,5
-0.98327667930963158,-0.17058935445317205,0.063767108081465323,0.1725886094708996,-0.98461720870696412,0.027241956592864804,0.058139004177269547,0.037791857130289902,0.99759291884411361,-24.704462898695773,6.0537417869066035,-1.8574165510813549,,0.1405004190845317,0.5600000000000001,1,3
0.98407413248708253,0.14111075035717804,0.10810114663328882,-0.16377651040782179,0.95615826379809543,0.2427727933876643,-0.069103953638227286,-0.2566108546111156,0.96404124024199278,-17.174877781501472,-0.18274782682941018,-1.3424245058147468,,0.2316938846500183,0.1363636363636364,0,1
0.64363779558179035,-0.76526850908157729,-0.0097209622297678277,0.75941868005250879,0.63703902643185772,0.13215349859180872,-0.094940278522435639,-0.092441266817423595,0.99118159572465381,-2.2173363468186653,6.8136341544197556,-2.4742119106216145,,0.07401065327940801,0.1875,0,5
-0.30011730427771593,-0.94105849929279217,-0.1560080272994778,0.95341016739519557,-0.30117644737977861,-0.017372399119310961,-0.03063749958045001,-0.15395339701511343,0.9876030048389709,-16.387884436875801,2.1616154032872243,-1.7333712555526894,,0.1565222407986331,0.2903225806451613,0,1
0.71723329309881911,-0.69504944972859184,0.049826355501920647,0.68782860784085009,0.71761085737537089,0.10920834955579865,-0.11166113695614895,-0.044055871447123099,0.99276929378617096,6.3766170985760997,-11.645647323942834,-1.2635219367004091,,0.1511943765522706,0.509090909090909,1,5
-0.45869423218476973,0.82212379284042969,0.3372122041179596,-0.88430563741354051,-0.45957248656297078,-0.082441914297044339,0.087195991874958967,-0.33601428368448227,0.93781195351784008,15.145979391919493,3.935947439418483,-2.8709167277552172,,0.3948121630163628,0.4375,0,1
-0.50700873644238842,0.83647552565158145,0.20796835373922309,-0.85863365333072394,-0.51125771423559052,-0.036929649369206619,0.075434677297818276,-0.19729228221222744,0.9774381642029657,-7.4977100101299108,14.129912095000609,-3.1855544424651434,0.3685936516459307,0.3383743824055967,0.3076923076923077,1,3
-0.96274167991864412,0.25673097799174166,0.084956828370838483,-0.2547282433187259,-0.96642128122259585,0.03381463079546642,0.090785350157303601,0.010913850809021864,0.99581067882270435,10.002034187556736,3.9014827481942715,-2.5019258241489593,0.3104671281299932,0.2742876831067696,0.7870967741935484,1,5
-0.5727007193804291,0.81206612444185722,0.11208253902870059,-0.81420457284233749,-0.57937177052838862,0.037406751762558831,0.095314215014155282,-0.069835242168845249,0.99299458174123634,-11.803005991426177,2.2980353093277492,-1.7869416249206276,0.4357002301987082,0.344704507229983,0.9743816254416962,1,5
-0.53398271279391252,-0.84385557666581235,-0.052632957044660207,0.84547480364490479,-0.53336853946344354,-0.026274655321134446,-0.0059007490088412084,-0.058530050748689097,0.99826820760780122,-5.7924451414079092,9.499233446503963,-2.7532324384507429,,0.07646747035321733,0.2777777777777778,0,5
0.92721072623579903,-0.36928402722155912,0.062526605475648436,0.35935232877467171,0.92418548375709153,0.12941056918539962,-0.10557543728301963,-0.097521786548933134,0.9896177687323533,-7.215934237747792,-5.1495317311462099,-1.1323988590995797,0.4809861016895109,0.413217272414129,0.9772727272727273,1,3
0.99355866148840155,0.10101413045272577,0.051354957212091129,-0.1087333644080284,0.97744775636126835,0.18103297779364314,-0.03190989886989494,-0.18545088037861257,0.98213529074201911,5.7684462106292971,-3.6565300151635909,-1.640500249651013,1.194773230228668,0.5275562375912189,0.1956521739130435,1,4
-0.51853716394052374,0.83641134694886521,0.1775817228987967,-0.84909176917205376,-0.52817880607014112,0.0083854840404954424,0.100808616381694,-0.14643499415613356,0.98407033048949433,-8.3757686199781478,17.589378181379477,-3.6007935352327034,,0.1967885962023703,0.3333333333333333,0,6
0.92710188908486546,-0.36875223343877805,0.067110934944971529,0.36102720671821475,0.92668812524219213,0.10444364291021219,-0.10070473307902923,-0.072601025261531851,0.99226390031405298,-1.1525813361040447,7.9178871910070585,-2.7605269853775352,,0.07166546221037143,0.2291666666666667,0,5
0.78358692226110582,0.60431117963402448,0.14422043347147953,-0.62085683742605013,0.77024873928792126,0.14578637469493075,-0.022985270994503121,-0.20377653887212197,0.97874756680290509,-1.0955932724055562,9.5577085348414599,-2.8881639821481766,,0.07236995994008341,0.1666666666666667,0,5
0.83403145767854703,0.54491630213487663,0.086358272737767722,-0.55092007683966537,0.83097071906344944,0.077296397032146871,-0.029641129154873616,-0.1120441329424529,0.99326105115201113,-8.9492791856575842,11.427772967852876,-2.8585133137442336,,0.07839908418445451,0.3043478260869565,0,2
-0.802953195492486,0.58578808728175402,0.11008397997524573,-0.58815644601072925,-0.80864267834416059,0.013000529851151138,0.096634159925122823,-0.054307785437879542,0.99383726211910517,-15.315406983643335,8.4741025615804748,-2.3978523239706329,,0.08536326878787691,0.2653061224489796,0,5
0.56698466460457797,0.8149965780658418,0.11962009799445227,-0.82372773749881378,0.5611507372224851,0.081132389276701064,-0.0010022865453956644,-0.14453521320297499,0.98949914985615361,1.8844773020243175,-5.8999841875090429,-1.3609491812977863,0.1627984740316062,0.1130532967067012,0.3103448275862069,1,5
0.87920751588785762,-0.47442060753641913,0.043809030474081759,0.4664983029232469,0.87590143387452624,0.12319095545648058,-0.096816720539556436,-0.087873575557871966,0.99141553212698919,-12.606231349975626,-10.730830945355375,-0.49767741791960218,,0.07682183831216254,0.2222222222222222,0,1
0.84461617963797808,-0.53424524878337198,0.034720645819753988,0.52774828690628639,0.84174142886942072,0.11381174189136573,-0.090029188384810374,-0.077803477282573807,0.99289544472794955,-3.7314054351266761,9.5713338475577121,-2.8407136659749561,,0.07670052475608555,0.1764705882352941,0,5
0.75592775027748349,-0.64623648421780988,-0.10465009711522998,0.6489239777178436,0.71856853927499731,0.25011382510178959,-0.086434411568971234,-0.25697793841106548,0.96254424919934156,-6.3924990270292792,-9.9079154607498765,-0.79467209629966273,,0.509915896637033,0.2477064220183486,0,2
-0.33784937638710549,-0.9402397314727069,-0.042509366438168744,0.94092433633484274,-0.33849910953162643,0.0089300693799157244,-0.022785788721878367,-0.036981079032750414,0.9990561583944586,-4.182972512647301,-17.367024544852129,-0.29909622034446554,,0.1104413503052572,0.3333333333333333,0,4
0.90167161492680559,0.42347194016133455,0.087520367522557388,-0.42970057805791523,0.90012335961426304,0.071661361230633575,-0.048432551574140725,-0.10222256782496254,0.9935818207753655,-3.1474366480238958,1.0955197906115974,-1.7529585335192692,,0.08900564085466635,0.47,0,5
0.66095425375252459,0.70108278581571548,0.26762361980834193,-0.7503627149528671,0.62208034062886075,0.2235438342062766,-0.0097606585334392894,-0.34856703406368877,0.93723302988586421,1.0287678378763616,13.79904223164654,-3.2339507502860774,,0.7097446723755827,0.4285714285714285,0,1
-0.65767395523516681,0.74066924052999894,0.1373828400421469,-0.74743009335167676,-0.66433111310312665,0.0035252965072326403,0.093878773733123339,-0.10036557326033196,0.99051175033236694,16.560762581766102,-4.5061032129847449,-2.3046170129214572,0.1692783035497855,0.1711397533660196,0.6222222222222222,1,3
-0.91549517641411082,-0.39902692472696427,-0.051440210977764675,0.40171873357368759,-0.8995651394655696,-0.17147775060993251,0.022150418922627514,-0.17765154995448593,0.9838441369141353,-13.27238267179554,7.1449468435370243,-2.3465689527112219,0.4870347483333484,0.2417535244672537,0.5,1,5
-0.42096028855674744,-0.90639141202096463,0.035313505530630916,0.90668153350335634,-0.41930434428035473,0.04596154557479408,-0.02685204391144164,0.05136608883557111,0.99831883316679648,9.6560731625551064,10.233157680110637,-3.1804713453629931,,0.1942779825534443,0.6129032258064516,1,4
0.95316430975794042,0.28755562803640383,0.0937526500332585,-0.29687010024966964,0.94877120056310471,0.10817279029310456,-0.057844119678843384,-0.13093880160836305,0.98970151462546785,-2.8270694074595375,-6.5549775151584324,-1.123351544224882,0.3013707206905128,0.2169249207815114,0.6159600997506235,1,5
-0.97342893324527247,0.2150123660927887,0.078776864295003593,-0.21268439194027863,-0.9764225548213612,0.03693702561281282,0.084861424369183799,0.019200959957988976,0.99620774027846537,-24.210817116058358,2.4943560115754626,-1.4931351008192064,0.3269544102173726,0.3763062498761646,0.92,1,2
-0.55849233271919985,0.81440168940796598,0.15759505887976724,-0.8244224943685784,-0.56596631726073499,0.0031110296385167989,0.091727122886076914,-0.12818742534184685,0.9874989209671422,-15.428716670241098,3.5591115046131745,-1.8333574168248243,,0.1602922501477446,0.3809523809523809,0,1
0.83195921516923321,0.54462593373969204,0.10595497436724043,-0.55358932502423563,0.8276107514439538,0.092732428597471356,-0.037184990442449606,-0.13580514125961002,0.99003749428658105,1.1799345561079231,10.526542476279131,-3.0011030393230964,,0.06898298561130725,0.4090909090909091,0,5
0.9816905430099373,0.1447064248158022,0.12386980415695532,-0.17513644813007115,0.94141316937878439,0.28821601110378064,-0.074905956380229025,-0.30463304997524526,0.94951977470800575,-4.7683760587199213,10.910966003016012,-2.8883396704382243,,0.5095822886008725,0.1578947368421053,0,4
-0.076361043055383118,-0.9695447405750105,-0.23270579521539439,0.99577983803188164,-0.086071202246336048,0.031847485192229331,-0.050906829332545145,-0.2292918318806961,0.97202559151500778,-3.2771615441825128,-10.823749105428028,-0.82652728585287694,,0.1745868553771634,0.2903225806451613,0,1
0.84020334415624109,-0.53993043564722776,0.050333538823191477,0.53467547459549936,0.84033910198564576,0.089175840562552164,-0.090445991258586808,-0.048013730700239142,0.99474328564182712,-16.492666091493881,-1.2257556559405425,-1.2019159463679019,0.327072712860485,0.3284105916912497,0.9206349206349206,1,3
-0.92084447377655965,-0.3856037660661743,0.057924008068795524,0.3851960794208017,-0.92264937015956505,-0.018496490018398187,0.060575865771891536,0.0052797101947336554,0.99814963264344514,11.032450586254367,2.1025704275363557,-2.3703913360375748,,0.1226452687507002,0.2195121951219512,0,4
0.47169456707863633,-0.87874199507529893,-0.072915989190176916,0.87740422807481988,0.45954464856803351,0.13776986800063667,-0.087556016040749599,-0.12896209545276022,0.98777665592557196,-1.4111335803032259,10.993772406625327,-2.9736256356615609,,0.1758125264091117,0.2941176470588235,0,5
0.99125124171893442,-0.025198655936855913,0.12956081016127796,0.00028934734290186751,0.98201898699673651,0.18878195214590454,-0.13198822700826729,-0.18709285640258796,0.973434831416225,-17.531901652748886,2.5862410603074024,-1.7376771550182604,,0.1480298032304599,0.2894736842105263,1,5
-0.27306705173449941,-0.96108017800843626,0.041943732503215932,0.96134634928168006,-0.27102255608667097,0.048579530823521282,-0.035321126536598954,0.053587923373838185,0.99793825083953214,-16.367918315321813,0.73677128214418286,-1.5506584352665174,,0.07606160140269008,0.3148148148148148,0,2
-0.89989180803157309,0.3964145003997997,0.1817973534198026,-0.41817810378142406,-0.9026530317826158,-0.10170829725949203,0.12378128838980464,-0.16755013603823127,0.97806193288468746,-26.484531864864763,6.4599997113382353,-1.8251167238227171,0.4884455326027263,0.3524682551312005,0.3653846153846154,1,4
0.87310303039362414,-0.48565014182262028,-0.042837344282020809,0.47802415285283012,0.83548693919275352,0.2710248765845219,-0.095833228093399572,-0.2571099262688824,0.96161867609110274,5.5847629346150978,3.9247762443694825,-2.2618091472858137,,0.7651494204038704,0.5140845070422535,0,3
0.081740319650737331,0.96909178687615649,0.23276517942461783,-0.99581415445606991,0.069829102976564597,0.058975131728822107,0.04089853210494071,-0.23661150645449922,0.9707431715366297,4.1035941558975253,-11.64184986680103,-1.1378975281916208,,0.09508649935719224,0.3846153846153846,0,5
0.1136743261725386,-0.9926766262395571,0.04088108715372106,0.99137511645726273,0.11603420179662055,0.060921609325184659,-0.06521906192646873,0.033603269648532712,0.99730501564484253,-25.475354731016484,5.5921466193401903,-1.7663377180340192,,0.1464895712134444,0.6,0,2
-0.74317707414288547,-0.66845128929822173,-0.029337864679714772,0.66876552683111157,-0.7407215587354149,-0.063908078885874769,0.020988248872308442,-0.06711517160912632,0.99752445942400392,6.8196775709930337,7.4709354979649403,-2.7353952283381999,1.119639978629242,0.8540800940485809,0.2602739726027397,1,1
0.81961222990818938,0.56276548491236589,0.10738157000284179,-0.5719890952358041,0.81445350101689229,0.097437003302920266,-0.03262311322132929,-0.14128164662360371,0.98943177066994936,-23.895668883156119,12.364120656063564,-2.7862017003818078,,0.08959322035856179,0.5,0,1
0.0071223897377599701,0.95162744150809986,0.30717175021992454,-0.99782358540624028,-0.013373992085491844,0.064569565142816754,0.065554282632477201,-0.30696310674809996,0.9494610508725968,13.221003900783156,8.5139377738557194,-3.1534780361281602,,0.3243263363374051,0.25,0,5
-0.85350638899096998,0.47452243047191167,0.21530282610924126,-0.51129721186208965,-0.84234484520146558,-0.17038287151170325,0.10050873142990993,-0.25550660410554943,0.96156870277937045,7.1745848559595888,-19.77601419077418,-0.78762792409741955,,0.3278468959317926,0.2727272727272727,0,3
-0.29840041741241524,-0.95407661257049525,0.02636300882117968,0.95399857033100166,-0.2973076526896396,0.038663774499928173,-0.029050278733619764,0.036687559174547087,0.9989044520409911,-13.523758590885086,-0.46870190889884572,-1.3770699316690496,0.3356967018269517,0.1341252741663592,0.571753986332574,1,6
0.82010744120436185,0.55673887111104292,0.13215753582462472,-0.57015770243059749,0.81461464603517109,0.10641039810120213,-0.048414659353317152,-0.16261859628897163,0.9855004885339772,-16.176098700641955,9.2911375390176669,-2.4303116606937958,0.2081151984538315,0.1773664706415454,0.7741935483870968,1,5
-0.87869334401017696,0.46850734447052755,0.09164537833075255,-0.46741672649609178,-0.88336910952528902,0.0343601532036008,0.097054680381164632,-0.012644544818682265,0.99519872613585936,-11.594783342575891,12.020410603346683,-2.9515201025660454,0.1747620117461918,0.1132701509109406,0.4705882352941176,1,5
0.68684296209350193,-0.72397927987550859,-0.064037080926323986,0.72265261444296369,0.67085650164746913,0.16650751645517062,-0.077588299771124247,-0.16064107976560554,0.983958586135802,-20.477623740167214,5.7425817521998468,-2.0472855069994482,,0.4119800157667925,0.1428571428571428,0,3
0.97634662667000516,-0.20663630472952718,0.063629412678632438,0.19848083450057966,0.97330403513326114,0.11525889783120989,-0.085747436848311751,-0.099903417163967806,0.99129545762749605,4.6553764929851456,-14.246957531792821,-1.013227779538906,,0.1245990695523201,0.2,0,5
-0.22402750855813883,0.93960010751844247,0.25877270598068158,-0.96701654598119979,-0.24733108015676442,0.060879689446302301,0.12120509563472577,-0.23659876318319895,0.96401781625256133,-9.2169138185195543,-8.0817724867203609,-0.90567793414311959,,0.6873001515622195,0.372972972972973,0,2
-0.55717775449276008,-0.82943108060666393,0.039962888059638033,0.83038471240161815,-0.55630820421228067,0.031343441671089503,-0.0037655422035900703,0.050648439756513057,0.99870944535542627,-4.876374198971142,14.035214030863871,-3.216856688823988,,0.09662856704428739,0.3478260869565217,0,5
0.72176141455489995,0.68621552831990318,0.090380911437902306,-0.69211670069453157,0.71667037824031687,0.085779027580155806,-0.0059104212562218787,-0.12446613051556261,0.99220625339445245,6.5499130196436317,8.8250139311511848,-2.9478214351026648,0.2001740076343916,0.2269939836948977,0.84375,1,5
0.5262799055606735,0.84537761675753598,0.091466639210141878,-0.85028890018708247,0.52243006498416666,0.063840531163845318,0.0061844338213889903,-0.11137105676965191,0.99375964925746529,0.48473005989296508,-4.9783019564056579,-1.3535686518443077,0.3825875461518307,0.350927028368087,0.9637223974763407,1,5
0.26381521116993789,-0.93897818914597642,-0.22072946034343535,0.96156841118190861,0.23796620772646582,0.13696085060112795,-0.07607709886990309,-0.24837883220682813,0.96567087081422887,-25.559666547151689,8.5780321335876017,-2.0596775408393997,,0.5792146344928147,0.2058823529411765,0,1
0.062819967480575653,-0.99637974414467101,-0.057280512776507822,0.9964248508476985,0.059367248686415457,0.060108621649040128,-0.056490426612671084,-0.060851748057106345,0.99654698657891339,-9.7960749383964281,4.3726310157432993,-2.0158761201050881,0.5234358935163248,0.3671914802291225,0.6307385229540918,1,5
0.85023913944657825,0.49854869032117582,0.16894558038665256,-0.51910324652671758,0.84734298099555461,0.11198969596793044,-0.087322535456571898,-0.18291822199170898,0.97924241067512363,-11.312683352748369,-10.091417525028602,-0.6253372093115307,,0.2527340910566558,0.3684210526315789,0,2
0.89398862546946467,-0.44697665610255077,0.031562738008596547,0.43761005487456633,0.88605673263530049,0.15297354811971386,-0.096341981523613451,-0.1229444405047965,0.98772611950128464,-11.455597065736152,-4.9164961779247465,-1.0665583891853929,,0.168145562610119,0.5608108108108109,0,1
-0.80602265641595972,-0.59169430887795738,0.015010735678066342,0.59099562818526297,-0.80594260375770033,-0.034361125042200437,0.032429073530813243,-0.018824566122373577,0.99929674816854974,-11.721831574294971,18.522992044260867,-3.6127583480425693,,0.1839518998511731,0.3333333333333333,0,4
-0.1813638064661218,-0.98340319394940678,0.0050326766460940071,0.98288510585539879,-0.1810953664607145,0.033783678516125952,-0.032311582934615557,0.011073679450144439,0.99941649737819238,-4.749901444675702,9.4239340074480111,-2.7894487887941986,,0.2904361331595984,0.2105263157894737,0,3
0.65156799502685114,0.73172744354827612,0.20008522238035054,-0.75854303994756367,0.63139810080880443,0.16108660665040983,-0.008461938536689511,-0.25673213015386187,0.96644555404992261,-8.7459159218661124,-6.8564462842066911,-0.96246381284746396,,0.1038931804131985,0.2034883720930233,0,4
-0.87646320696798941,-0.47733862594587001,0.062929190456396195,0.47924480326008623,-0.87747895856484237,0.01884398641907218,0.046224077920384576,0.046674548268513312,0.99784007795054075,9.0518169140516882,12.928484370520096,-3.3493760348906911,0.1862339005376727,0.1495285989827001,0.3529411764705883,1,5
0.9841014113502744,0.14792454145708508,0.098299248283539642,-0.16882928491528609,0.95096895485735045,0.25914227646702392,-0.055146030984931226,-0.27161807180714148,0.96082388518103512,-3.2101210775749114,11.905040463145266,-3.0564169222325619,,0.6262312692536347,0.5172413793103449,0,4
0.16536974707315971,0.95259100476626812,0.2553883795151044,-0.98554365754457829,0.14994675661144222,0.0788648797334012,0.036831315841469557,-0.26473826285616647,0.96361668019668745,-19.6506350653131,-0.31533899834797013,-1.2906529768346391,,0.3786917450941449,0.6,0,2
-0.95613904359609869,-0.29094206452420729,0.033924097652404131,0.28573185543625634,-0.95190922170418002,-0.11057187899053118,0.064462672145142591,-0.096028895260407879,0.99328898875149785,-3.1489939841885239,19.24615663212354,-3.7079756953222316,0.1483773534356527,0.1902582787911388,0.1428571428571428,1,3
-0.78514334167870681,-0.61599321207586955,-0.064049166224448395,0.61876980077294197,-0.7759120504330701,-0.12281866162828575,0.025958941985526826,-0.13606194423571355,0.99036017723946779,-4.596211054287247,8.8011071546991744,-2.7487596984600877,,0.149702919450162,0.1136363636363636,0,2
0.37183943353329146,-0.92733526134323296,0.042246286690282506,0.92454984436595888,0.37403970989924079,0.072814014457186868,-0.083324791944058813,0.011983675895495148,0.99645038539784281,-0.34328608001802419,-5.374422254492953,-1.2990326030004309,,0.06739399138407302,0.2231404958677686,0,5
0.7182502190445873,0.67949496061671832,0.14967705682196619,-0.69556807088240091,0.70658579730880189,0.13008293435504728,-0.017368984176893813,-0.19754267776348597,0.98014040262132518,-14.906168377726193,9.9519362323992482,-2.5067668480302734,,0.08318826756633138,0.2962962962962963,0,5
0.9960923059400919,-0.039900084982710138,0.078791505032734729,0.032658587063698868,0.99530172932333982,0.091147596221583055,-0.082058118050280376,-0.088218200074261593,0.99271547506710311,-9.0906333113999125,9.7081341093816125,-2.6568901730050984,,0.07438743334158339,0.3235294117647059,0,5
0.68404565744848955,-0.72924960200380884,0.016629988068290903,0.72167478732422508,0.67990609251123135,0.13005078510583745,-0.10614631348473484,-0.076959231697026509,0.99136786148745237,-17.954958131176326,15.623276984096501,-3.2969385335411214,0.333614220949862,0.1543631447843209,0.3333333333333333,1,5
0.97306700296188153,0.18298401993305463,0.14020505053642671,-0.22030962660741171,0.91720771534223056,0.33195432719093887,-0.067854816858387443,-0.35390232461206794,0.93281770376815276,6.5241571733667536,-9.1060827044960888,-1.40168626583782,,0.1600305208115119,0.3103448275862069,1,4
-0.85705666518220247,0.50082713863435124,0.12093820684171588,-0.50606182731895544,-0.86236474933634033,-0.01511509287663872,0.096722797712643416,-0.074156701041767858,0.9925449531851136,-7.7476231769107464,13.395247706398671,-3.1208158392343521,,0.1192083531733728,0.5555555555555556,0,5
0.65624078116988049,0.73027166477311212,0.18987188512007877,-0.75449608873258489,0.63812847908603598,0.15338740582777066,-0.0091481810637994224,-0.24391666570541984,0.96975304638571436,-13.555445793206113,-16.055223279393118,0.037425238659750219,,0.1062630298643286,0.3529411764705883,0,1
0.81077078709618888,-0.5850157075337068,0.020182981203547223,0.57841565951426399,0.80596747486149412,0.12590375011915106,-0.089922497852902142,-0.090404930198652214,0.99183713026669418,-20.019473220831308,7.9684847163284918,-2.2498804515489135,0.2463231809114853,0.1934307271884748,0.5116279069767442,1,5
-0.19443492229401516,-0.97932229666039083,-0.055882915603419146,0.98024032901857627,-0.19609879994919735,0.025964553222398188,-0.036386238581012663,-0.04973027168941703,0.99809966522368054,-9.0745240603116102,-19.868126654337114,0.10615099212840091,,0.1162645639095621,0.2592592592592592,0,3
0.80690940217353779,-0.59059534606810193,0.0097135928802298509,0.58409417061101898,0.80025923461079407,0.1357171959567835,-0.087927336717142562,-0.1038378284771261,0.99069999941202413,-16.194828334336361,11.421206774446548,-2.7825164746235802,,0.1529909284090945,0.3333333333333333,0,5
-0.48849172545879266,0.84447299396032527,0.21963878671577367,-0.86728794671932607,-0.49755268434563682,-0.015904206230663735,0.095851195264680875,-0.19825914549431664,0.97545161827442572,-12.003551675972846,-8.1029494213960351,-0.84192042036700387,,0.2084365272133357,0.2905982905982906,0,2
0.80608196560751244,-0.59161089242112741,0.015113460590053194,0.57999112116343787,0.79481143461872972,0.17856394588744856,-0.11765272667434508,-0.13517150353530355,0.98381222829262371,-20.904780226690701,2.1999418858116742,-1.6239963563283262,0.469168841221317,0.2271503996952361,0.4210526315789473,1,4
0.65128592519244877,0.68908937620926758,0.31777739888440565,-0.75878472899618243,0.59608514233092513,0.2625418788203332,-0.0085075665384497026,-0.41211446794287998,0.91109235899756646,-6.5527557484059678,-1.6491883833517473,-1.3774114871882981,,0.541684783607882,0.2222222222222222,0,1
-0.009354759719699771,0.96906163633106279,0.24664150798668935,-0.99507688347543066,-0.033358140451637854,0.093323257757277039,0.098663490934636264,-0.24455424645049656,0.96460289036453684,-20.661919722491117,6.950688618500692,-2.1615658295512494,,0.4239172573851481,0.3636363636363636,0,2
0.91990255599685522,0.38270760694195682,0.085522950482393056,-0.38893076198039866,0.91827088181078209,0.074239140645590021,-0.050121351296625795,-0.10155528153281727,0.99356649245885431,-2.4281236125225045,-3.7871049326303674,-1.3612912223415954,,0.08351126480646642,0.2327868852459016,0,5
-0.85287290345067646,0.48570825950556595,0.19156016602542389,-0.51361228654026247,-0.84642820346222314,-0.14057636891952216,0.093862823708311255,-0.21828143079929641,0.97136140920551028,0.67278135561446295,-14.041345629949911,-0.8410540085322088,,0.3836532269676842,0.3442622950819672,0,4
-0.91997706934525203,-0.38727532998842523,0.060498021961683295,0.38875477769424444,-0.92122724011804014,0.014494650199159392,0.050119005365415879,0.036853640890062954,0.99806307138092532,-18.357212012302508,1.6770565433352493,-1.5991374432338277,0.2581648041521841,0.2497669088656707,0.7716535433070866,1,5
-0.19081493543425415,0.97428715727643,0.11980899624583351,-0.97922155027204871,-0.19746193262079151,0.046194595446517835,0.06866451702318202,-0.10850493229284436,0.99172166648213234,3.6665023835229,14.507820600188314,-3.3244115073686316,,0.2519541894896326,0.8461538461538461,1,5
-0.85714363509181313,-0.4985458829333187,-0.12944802598661181,0.50398643031070989,-0.86364153129010612,-0.010999249681154634,-0.10631306074166363,-0.074667985382747784,0.99152520143192557,-16.983015079565032,0.19716209003580021,-1.4737793047350221,,0.3941779496643545,0.5064935064935064,0,2
0.97217997683709967,0.21227083049377235,0.0990312433452262,-0.22487207454133318,0.96414219586569139,0.14093394283408336,-0.065564035328023296,-0.15928251841544883,0.98505351966212396,1.7437277450391064,-3.0394043289921489,-1.5530324676726193,0.2185412837250608,0.1198216650652996,0.4270833333333333,1,5
-0.28230507684098943,-0.95760194530437048,-0.057466146026062315,0.95877856300320685,-0.28365866993339084,0.016775759211597376,-0.032365270202934199,-0.050361426914904549,0.99820649966015829,-12.659903085212031,-16.609262080377899,0.072455320990878147,,0.5139927674930154,0.3333333333333333,0,1
0.12671096831679943,0.94041267255132366,0.31554450686566715,-0.99181590379115103,0.11508867628332588,0.055279377513636679,0.015669827540928091,-0.31996656371600724,0.94729924237730101,-29.603551369966734,11.723358262831189,-2.4248216101412274,,0.2968413117806582,0.2222222222222222,0,2
-0.92192303016725252,-0.38535523931619231,0.03948754207079623,0.38392823441583007,-0.92252913407745518,-0.039231461821420004,0.051546457352336074,-0.021008005851632788,0.99844961135981347,-17.847712335419825,4.5642765932200051,-1.943136394899651,,0.6706490805216692,0.2380952380952381,0,1
0.67402648825511502,-0.73812176074024094,-0.029403391848654752,0.7337495565985217,0.66436864215501568,0.14221777495297555,-0.085439342939606991,-0.11743327315045317,0.98939857743743531,7.9763174929180387,-3.6847369697304724,-1.8119257732088996,,0.1106077678713399,0.5777777777777777,0,3
-0.66540510726388857,-0.73164954711522801,-0.14807087300754379,0.74594587623744002,-0.65923398554990253,-0.094738070596513832,-0.028298285310106704,-0.17349205313810195,0.98442862338842763,3.3490112096267048,-13.200695935476167,-1.0280823180508285,,0.3937060169997501,0.3414634146341464,0,2
-0.63094759619544805,0.76492814070545923,0.12957650408957544,-0.77003753880166836,-0.63780742957302328,0.015616389394564095,0.094590272710546763,-0.089925648945908668,0.99144644735366416,-7.335641114418098,-6.1925318712211581,-1.050503345901743,,0.07525233736474898,0.1780821917808219,0,2
0.86887082073843791,0.48169730931713606,0.11415427747546834,-0.49373515430950832,0.85995229163489229,0.12925808876377756,-0.03590395894996716,-0.16867056147570592,0.98501834877487948,0.86460451557086804,20.244506106889936,-3.7603457785473533,0.7097541008150107,0.6046332623502877,0.5,1,5
0.91135379408735473,0.38123889358342183,0.15521329846978912,-0.40365144823770854,0.90158596114262968,0.15559004790191663,-0.080621153168284401,-0.20444965319072705,0.97555141790271949,-4.193037622703522,5.5358378861767932,-2.2279356105048738,,0.2681523152892107,0.352059925093633,0,5
-0.29871920098239574,0.91219984760575989,0.28046082969367853,-0.9517023828395228,-0.30657762631902707,-0.016514646171342937,0.070918357722190795,-0.27184848182143412,0.95972339216535074,-10.81777532778942,9.7417422609791195,-2.6333375584079803,,0.4186916807091434,0.6470588235294118,0,4
-0.98210174040992149,-0.17631916469496728,0.066239894663816912,0.17807617418164345,-0.98377998045522042,0.021583008232313836,0.061359984294599469,0.032992456968164642,0.99757027326929248,15.667082978220135,-5.0210943125737773,-2.2255882274717225,,0.1659094686598974,0.6216216216216216,1,3
0.39734985130590567,-0.91705831642766467,0.033423643398528248,0.91381523245411744,0.39875310481683873,0.077056358165685984,-0.083992955668925104,-7.5297997620281002e-05,0.9964663455070667,-22.195209993987238,8.9988025267590857,-2.2422342159065187,,0.07241762602581539,0.2352941176470588,0,1
0.77827046011169021,-0.627929167483677,0.00022702597474408764,0.62042708061269103,0.76902781390750596,0.15383906876685949,-0.096774627666295951,-0.11958754976960394,0.9880958907819376,-8.679856232787893,2.417164022701507,-1.8475617655489935,,0.07268320737493264,0.2222222222222222,0,5
0.8131620752718095,-0.57891175479122781,0.060238023740707455,0.57405115909727877,0.81478357859760087,0.081197209230110437,-0.096086971430654547,-0.031446783813753383,0.99487606952276031,-16.901776502362463,6.8232885700344124,-2.2371178960741385,0.1340434264656753,0.13434874563319,0.7142857142857143,1,4
0.76593821331553436,-0.64077447824908762,0.052409172933908205,0.63584199284843979,0.76704953364550654,0.085673642765644528,-0.095097915400555566,-0.032296763906316417,0.99494387054127231,-14.754032448681665,4.2061096070637687,-1.9095688529934225,,0.06636076325172852,0.3561643835616438,0,4
0.84270790904331627,0.53096763217781329,0.088976140708216869,-0.53720430575708134,0.84019293488406721,0.074076757805332169,-0.035424764104987912,-0.11022343557694166,0.99327532957268272,-11.257570964196214,13.968281217900705,-3.1465373224550142,,0.08432431433812926,0.2083333333333333,0,5
0.18223233820356488,-0.98319069328297837,-0.011288735739590874,0.98071279139685918,0.18092396370148536,0.073952282920302634,-0.070666793499085875,-0.024547504970573921,0.99719788622734129,-24.329347014656665,8.6568426079101961,-2.1149957489227336,,0.165371182523211,0.5,0,1
0.98786408139190829,0.13092590576230853,0.08356413043908241,-0.14344769890557107,0.97535964318241009,0.16761958158215887,-0.059559334905768493,-0.17757244620548679,0.98230377784786183,-8.9214492344789829,-14.492176001943958,-0.30124014138891603,0.7813887581318726,0.1870759171738907,0.5538461538461539,1,3
-0.99653413103954636,0.019602746687368694,0.080842179557260405,-0.027366975835296767,-0.99499717082556316,-0.096081625104677326,0.078554276184608571,-0.097961024756973242,0.99208510891035773,-8.428284382642758,-22.476079804015594,0.23650075270025395,,0.2778338232515007,0.4347826086956522,0,4
0.58872350524992123,-0.80433767236132969,-0.080284140318035546,0.80171326216992989,0.56832773385798363,0.18509303657539347,-0.10324959867765686,-0.17333348132489804,0.97943607480258521,-23.667939011533878,13.719608747144568,-2.947739289833585,,0.2267659433082451,0.3043478260869565,0,2
0.22386004664912218,-0.95865108164326474,-0.17571221692998767,0.97155430750964977,0.20520745478394983,0.11820375654156533,-0.077258702252220687,-0.1971750596938959,0.97731933816998151,-9.5901615540305389,13.400580010739615,-3.0935915334261939,,0.1992162505120923,0.2857142857142857,0,3
0.16595178051436471,-0.98519051345940478,0.043123760662849182,0.98324768614265878,0.16865106236699434,0.069143378985925597,-0.075392269094511757,0.030926871036022447,0.99667423685409928,14.778536591707727,-3.3035229669575332,-2.2896822739338507,,0.07797486253553486,0.2592592592592592,0,4
0.42869190825808307,-0.896525367328325,-0.11164906417366303,0.89856380004955061,0.41026825601321909,0.15576602758105645,-0.093842128250343951,-0.16709944298136714,0.98146392247538172,-14.672122542821997,0.82441201531981678,-1.5762949355230611,,0.4477800065455147,0.1875,0,2
-0.95479457226595787,-0.29681594418316043,0.016359096861605617,0.29139472740467104,-0.94540071441767348,-0.14596781158636313,0.058791475676545857,-0.13460231965762515,0.98915407188696447,-8.2464373598662402,5.1406826689400251,-2.141911914391653,,0.08566017041234919,0.3076923076923077,0,4
-0.89285798170476127,0.44178614434909841,0.087347737047140189,-0.44090316574039623,-0.89704617200615477,0.030208669768779145,0.091700724894601501,-0.01153984186460604,0.99571974425715915,-2.1811238983648513,-16.098460036982193,-0.49349925851141024,,0.2777015034081329,0.7846153846153846,1,5
0.47117730383501033,0.8628327383682014,0.18306177632373566,-0.88202364893674534,0.45970485207835465,0.10346850579730614,0.0051216273858520648,-0.21021682752731538,0.9776413730797564,10.075788086984886,-3.0491272949187826,-1.9863658457497255,0.2766207140098588,0.1504021385666855,0.2758620689655172,1,4
-0.96886262666960488,0.23467421453720838,0.078950767407410111,-0.24014798582167393,-0.96828979815910532,-0.06887533438606698,0.060283957639389749,-0.085690605157997188,0.99449633716720587,1.1543934485363321,-7.9021155664472325,-1.1933159136809861,,0.1870433101192025,0.5507246376811594,0,3
-0.88927361234688318,-0.45717827464515814,0.013433822092083925,0.45360891740513043,-0.8853312945281494,-0.10211488128405628,0.058578088344285545,-0.084714367858042594,0.99468190063172512,1.8716724186613749,-16.77040198516211,-0.64784495818850452,,0.1196883150245528,0.375,0,4
-0.49645006697002214,0.8620470262822193,0.10204046003152034,-0.86352237847083857,-0.50243848607438246,0.043412781428393186,0.088692913389556843,-0.066561942499196239,0.99383251854887855,13.781869443757675,-4.3670175009913237,-2.1465970423474192,,0.1131324649862716,0.3636363636363636,0,5
0.88548251484072749,-0.46228696087730392,-0.047026393803565471,0.46217450020575707,0.86572002328186104,0.19215507447999741,-0.048119094660025341,-0.19188435864259726,0.980237188458701,-11.952949462947815,10.481288159026839,-2.7229922527530079,,0.2036627030733266,0.2307692307692308,0,2
-0.78229040046708653,0.60423943940270797,0.15138173340052344,-0.61522021318965947,-0.78754296674309199,-0.03577939094450075,0.097600300306484589,-0.12112297636613205,0.98782761956542475,2.07185817467367,-19.510055784539801,-0.51846602988857859,,0.101899351684373,0.2380952380952381,0,1
-0.57933825233665348,-0.81302933457655113,-0.057883421612098432,0.81458499506031579,-0.57502691840402886,-0.076127057826721634,0.028609005611843936,-0.09125428334482949,0.99541658644465225,10.365591884747857,-5.2957991416124619,-1.8666549755428097,,0.3598514769599455,0.2,0,3
-0.27946300737364277,0.94558561397912866,0.16663815333048593,-0.95705858138727407,-0.28826425598384281,0.030701637009457095,0.077066849570085832,-0.15090250282151305,0.98554002219064918,1.2900964103686785,-16.843452859173027,-0.60974256851064124,,0.1050955640646692,0.5454545454545454,0,1
0.65501133483391105,-0.75556823512846638,-0.008763178872622162,0.74960533558143438,0.64829436905067395,0.13344006866393049,-0.095141957657722459,-0.093973683135461866,0.99101814048533565,10.761804847242951,-4.2813832729779993,-1.953012996598757,,0.1250168723189055,0.45,0,1
0.84552625336880038,-0.53173192261734303,0.048440864296425655,0.52503655194488164,0.84450117951016246,0.10561428372987842,-0.097066853178364942,-0.063866425260928228,0.99322661348679186,-0.76318799127617365,-8.2628049603191176,-1.0862472471866169,,0.08725159314390009,0.3684210526315789,0,3
0.44536019220898992,-0.8946537495267467,-0.035340736456743085,0.89053041936209465,0.43852632544681402,0.12103815134447013,-0.092789392639156212,-0.08537757520478266,0.99201854733961903,-11.194325137899947,2.9813376871615347,-1.8437124902162925,,0.0911520911367034,0.2432432432432433,0,4
0.77879049610874418,-0.6208942427950932,-0.089306788289614331,0.61964872889342382,0.73932842988773573,0.26349369165219383,-0.097574668595195563,-0.26054522068854979,0.96051828302479192,-10.856095761325054,-18.458452209225776,0.1235799297580966,,0.403537452514436,0.3214285714285715,0,1
0.77909993134816169,-0.62294458539014419,-0.070308893508507067,0.62188166164541592,0.75382541562297212,0.2121566441806364,-0.079161201875829271,-0.20901503843971114,0.97470314343579467,-11.600714024046745,7.2095652300535553,-2.3362532513700085,,0.2459211909534861,0.3125,0,4
-0.20734124832883685,0.95848922365323652,0.19572433390372554,-0.97347357922748601,-0.22193840408270207,0.055610568593139821,0.096740877024496325,-0.17900210315479706,0.97908092095530674,21.51192566611245,-5.2580520634957777,-2.5924438586251926,,0.279956088180676,0.1666666666666667,0,2
-0.97532788545896787,0.18334070096051153,0.12297033470494882,-0.18541724926487149,-0.98264414159591229,-0.0055618937675645441,0.11981635748589321,-0.028225491289638301,0.99239476123177472,2.6062034697968466,11.189892760948375,-3.0601261633993206,0.7332493107305152,0.4525485579435949,0.7634408602150538,1,4
-0.98821146249175396,-0.1341278609229769,0.073809364745521577,0.13494685597916106,-0.99083343651974209,0.0062005754426082997,0.072301116597535617,0.016087821440657669,0.99725309251966943,-9.5681862490319514,10.701829900106981,-2.7689885004792543,,0.07158152459741821,0.4285714285714285,0,2
0.9790420163077137,0.18638072006939355,0.082091153546176854,-0.1922577097874161,0.97879847860733282,0.070643551038070601,-0.067184100287384307,-0.084945661822044549,0.99411796644371631,-0.098815868534021231,-4.3412984291225589,-1.3904758140645948,,0.06712588080553158,0.2299465240641711,0,2
-0.76983333594436243,-0.63807479016664748,0.014737605726952398,0.63708368263161852,-0.76962004114890725,-0.042536732202759595,0.038483973200664212,-0.023357106322122699,0.9989862008010657,8.4789489834163767,-9.7655513981170365,-1.4774592660623336,,0.1906146365991223,0.4230769230769231,1,4
-0.54316622716198737,-0.83838518146329488,-0.045615098085738652,0.8395789238770005,-0.54290445494442341,-0.019025860901336657,-0.008813640119211829,-0.048631680047656119,0.9987778929489739,1.5022183278218701,-6.8961800435261615,-1.2630065086070981,,0.09987071734405467,0.4653465346534654,0,4
-0.73442530246751792,-0.67774552850646053,0.035783706976699699,0.67812338271955219,-0.73494510649909883,-0.0020900339759011015,0.027715571516516668,0.022730794586366291,0.99935737255147405,9.9292280485613986,19.659561862471051,-3.9829221698868582,,0.1171476780046896,0.35,0,3
-0.39618803843749362,-0.91361190452614616,-0.091369174819301888,0.91705932862562201,-0.39863673394874316,0.0095363581834591767,-0.04513563979579184,-0.080012763074323978,0.99577142546140451,-4.0854970751268258,-13.622158216382712,-0.5921846961207462,,0.1902356609991364,0.2272727272727273,0,2
0.6358192308166124,0.74050482978147847,0.21768441100380689,-0.7718237172582727,0.61171257075004748,0.1734816424408932,-0.0046962965614436693,-0.27831695574770721,0.96047780658479298,-1.3460731612308923,12.528243040367444,-3.132813483228714,,0.2023732658376637,0.391304347826087,0,4
0.7765608627949746,-0.62891131217709328,-0.037733112657346329,0.62315968199730254,0.75787090260381429,0.19314167266413743,-0.092872154643606791,-0.17350001845004739,0.98044505531400772,6.1150026306304168,11.709344437307797,-3.1554023478967967,,0.5354104103743886,0.456140350877193,0,2
-0.69530113864008403,-0.70625706254036158,-0.13325647533108353,0.71858218125133888,-0.67950470650633277,-0.14803041114518203,0.013999121182121998,-0.19868144213187994,0.97996413666956483,6.0296633235596095,-8.1971326699950069,-1.4337584373256065,,0.3791482660257859,0.2,0,2
