axis_00,axis_01,axis_02,axis_10,axis_11,axis_12,axis_20,axis_21,axis_22,location_x,location_y,location_z,dbh,dbh_approximation,score,reconstructed,number_clusters
0.53108104488827179,0.84713356248507932,0.017822768351765422,-0.84559722352208389,0.52854230688659631,0.074889020575369405,0.054020915691283561,-0.05484302273155655,0.99703258899874569,-3.2399849834598631,2.1888728109992703,-1.505066368915482,0.3610028199852753,0.3144801345861821,0.9300648882480173,1,5
0.8555231845753396,0.50824898940664331,0.098808124267162387,-0.51473794240218484,0.81428746753928605,0.26829232352048532,0.055901085013032176,-0.28039059359326146,0.95825684642416409,-22.784140792436379,-1.6630361816863337,-0.6894779695613158,,0.5023859194041508,0.4363636363636363,0,3
0.23940509725577372,0.96756891611781493,0.080595235408487245,-0.96851161977994349,0.2321443083192142,0.089968119165747665,0.068340630368633415,-0.099596248310814761,0.99267826890852551,6.3510487853205557,-20.622893154482174,-0.67756125814260726,0.1801388150527135,0.1577954750408306,0.4827586206896552,1,5
-0.38924743852814975,0.91588958720349922,0.098146297186790382,-0.92080523973646622,-0.3897369374606775,-0.014927493180044549,0.024579301722031158,-0.096184113194307766,0.99506003552342581,-19.42272821301918,10.487884379529687,-1.50756915815966,0.8825858733587285,0.6466655256837126,0.8258426966292135,1,3
-0.18441278526521496,-0.95829319892313269,-0.2183256043811535,0.98100979074873318,-0.1930516888381513,0.018730613761024223,-0.060097546421237311,-0.21072539081564859,0.97569621019031327,-3.7613738668358412,3.2691961009281232,-1.5576161454206567,,0.3435410406331822,0.1396648044692737,0,1
-0.99817818162682603,-0.059690093936461679,0.0087983185905298935,0.056736350770538249,-0.97821680117524379,-0.19968193809084578,0.020525696709406134,-0.1988189693774976,0.97982126594102037,15.780766676975841,-14.974614375927203,-1.7594537678047424,,0.3164900570456944,0.1818181818181818,0,2
0.63996629713892761,-0.76783436338059818,-0.029555522972943764,0.76700298453754057,0.63600681032328699,0.084863177720998342,-0.046363350146398682,-0.076978747939365655,0.99595417170113421,11.333244881264903,-14.346602245456525,-1.4434055711635405,,0.1252289462482426,0.1818181818181818,0,5
-0.23440914993306255,0.97100037249849613,0.047017305701642725,-0.97028072929600873,-0.23667574032704919,0.050397423519951211,0.060063772645956567,-0.033806368459594963,0.99762190867437828,0.012110635969547145,-19.764145004244178,-0.39608750683670441,,0.7655127056857637,0.9585253456221198,1,5
0.30337862768050183,0.95199998385432782,0.040711656906295059,-0.95103162684367337,0.29986401777284372,0.074969431024946756,0.059162936115206267,-0.061462196401431649,0.99635442760281867,4.4571282651264079,5.3401332549576761,-2.1797316241454987,0.4776844434283518,0.4652561478378893,0.8698224852071006,1,5
-0.9827310113348573,-0.18147478462877165,-0.036147778696766206,0.18421202397931635,-0.97794334966919894,-0.098451688960783559,-0.017483980731319442,-0.10341038333614334,0.99448509442628608,14.998830174663169,-9.2802369791945463,-2.0439039339821132,,0.2908336030304058,0.2564102564102564,0,4
-0.038063637106578847,0.99688461988384647,0.069081214300685395,-0.99689229665462142,-0.042653485671083201,0.066230121778389189,0.068970344358225716,-0.066345571059003211,0.995410145015592,-1.1876489915036021,-10.081275014875068,-0.92751102217817116,0.3194301810940138,0.1311246378654821,0.1964285714285714,1,5
-0.99295407043044381,0.11812380044297592,0.0094330156642649602,-0.11832462367782866,-0.99266680223082393,-0.024736676824722751,0.0064418512179732308,-0.02567854197065212,0.99964949609107867,-3.1096353338921201,-10.896416422268937,-0.79345922657914725,,0.1141277218384717,0.4303797468354431,0,5
-0.57631978311712073,0.81682483032149533,0.025548075428415317,-0.8158622970073024,-0.57688219209698066,0.03969444247436487,0.047161635995832694,0.0020329809746382596,0.99888520215215604,-1.8440247223333803,-5.2709664924280997,-1.1605427970091964,,0.09501850591894383,0.4723618090452261,1,5
-0.61338232449715036,-0.76007157331126218,-0.21460039011757906,0.78823307977425017,-0.60617569481186973,-0.10601716355830802,-0.049504908282661138,-0.23418418064312424,0.9709310138173749,-2.4612258436595242,-25.077472125927848,0.016448229612968962,,0.6018460557683547,0.5869565217391305,0,2
0.98474870836872119,-0.17385875201367743,0.006566255735323742,0.17221371158233176,0.97940991753843865,0.10535013512276743,-0.024747099005186367,-0.10261261021723667,0.99441351223484087,-11.651896587426052,-12.51645943942089,-0.42319010975384153,,0.09556335620658132,0.4583333333333333,0,2
-0.53973093282525408,-0.83500089995030047,-0.10707015099349376,0.84067247757510921,-0.54129596762932708,-0.016384775737178087,-0.044275338500213861,-0.098854299402801202,0.99411645288179029,-1.2165317319550517,-17.737018325503733,-0.51260018031104304,0.5185000140652041,0.3739880872853912,0.3454545454545455,1,5
0.97260027967483942,-0.22682375365954785,-0.050987064557752218,0.23103078495781343,0.96747233110335396,0.10306340257927667,0.025951346365849073,-0.1120190757203173,0.99336712966383434,-12.067277188875897,-9.8299532703898329,-0.46306665281829196,,0.2130529403010386,0.8703703703703703,1,2
-0.59673604876695385,0.79735941396732835,0.09013352905375227,-0.80091150897877805,-0.59875610215736641,-0.0056466728836451823,0.049465572748543921,-0.075558554029289099,0.9959136820154959,21.869702960552985,-8.6179692893048419,-2.7713769784058324,0.2472156157300436,0.2044824997559748,0.7608695652173914,1,5
-0.93914577672316502,0.34102783696105965,0.041294363788592622,-0.34319290853556422,-0.93668636809428973,-0.069550523773933989,0.014961202957767728,-0.079490013485906924,0.99672338196817023,12.968460726768015,-8.0848168512121603,-1.9487142696592845,,0.08636114660482122,0.1764705882352941,0,4
-0.16214957131717439,0.97397871506267186,0.1583444950938428,-0.98496859370447609,-0.16943826979603427,0.033578894328924108,0.059534745632138127,-0.15051955133268793,0.98681278808552297,-11.519665984691331,-9.2714632252515248,-0.51464367823996082,,0.117942056981314,0.2083333333333333,0,1
0.97570838842455954,0.21424636328550831,0.045734413485732935,-0.21906206641670967,0.95204011939716182,0.213615126139231,0.0022252674425890179,-0.2184447455929589,0.97584678167611805,2.1354752444014169,-5.8230776449291897,-1.3637182166304711,,0.08472173907727037,0.2666666666666667,0,2
0.61620136237095047,-0.78213715271989637,-0.092505974657859064,0.78532104443252571,0.60126780722133755,0.14747162835831634,-0.059722174973736677,-0.16351910694001551,0.98473080762305221,5.905286184080845,-11.472051388995562,-1.1755798146525438,,0.2111789761841898,0.1818181818181818,0,4
0.99790783547621509,-0.064312379463887112,-0.0066234238025903438,0.064638585605146501,0.994571957489916,0.081538178944852199,0.0013435572715319148,-0.081795716405992661,0.99664821056955133,1.9358213531900152,-11.256986762887975,-0.94726236318162771,0.5085854052930182,0.487089440821168,0.9952380952380953,1,5
0.29973939394669197,0.95149238420624693,0.069415693571276346,-0.95273617946919265,0.29476714359141631,0.07352620886053618,0.0494981620559359,-0.088173543971357043,0.99487454389818175,-2.3828261045928505,7.5408715083420335,-1.8797380082393094,0.7583891206602507,0.5907933501503416,0.8295454545454546,1,5
-0.62071861694928721,-0.76079304214430954,-0.1894791429085825,0.77870618946997572,-0.62635127624903519,-0.03606590110277038,-0.091241816365711492,-0.16993535760992057,0.98122214874118807,11.173482202054391,2.9726959863762383,-2.4981676354703723,,0.1763691691054257,0.3529411764705883,0,5
-0.99976845600105035,-0.021134407887348706,-0.0040461325395655338,0.021213506498943942,-0.99956227180569857,-0.020621637293151768,-0.0036085353394166514,-0.020702695135711671,0.99977916405915479,-10.37142118052909,-17.572436738889881,-0.14198948967192013,,0.1483908403969968,0.4090909090909091,0,1
0.92205510449289596,0.33948931467629262,0.18590693773825778,-0.37579503455025492,0.90022778252629221,0.21992733248772828,-0.092695610931521191,-0.27264802362829682,0.95763802082290794,-19.353033104043909,2.5940553266459792,-1.0293378316787671,,0.6861469312828923,0.3381642512077295,0,2
0.989989985616202,-0.14096180228752431,-0.0070426327097343026,0.14101820044863167,0.98586782412195539,0.090435062355645079,-0.0058047843940005062,-0.09052294547181286,0.99587745271255401,13.463239214695381,-2.8464818123099467,-2.3259528332975914,,0.0761983894491675,0.34375,0,5
-0.27447796702073202,0.95770898720178965,0.086344319170903142,-0.96002508359981387,-0.27804959969936466,0.032253045843631353,0.054897035250860905,-0.074039961777028943,0.99574313935910208,12.094550869780283,-9.8230911190009174,-1.7189200093051429,0.7688019742688402,0.4342955430026464,0.6111111111111112,1,5
0.99336044294996628,0.11433157159461509,0.012779754260185724,-0.1149414120058358,0.98165425915987592,0.15212950824668514,0.0048479055632315877,-0.1525883586974412,0.98827794197870744,12.886229666239165,-14.034693423093357,-1.5821274703444705,0.1544019160377574,0.2502907619924052,0.3846153846153846,1,5
0.99922296540199307,0.039126016783724529,0.0047560723173262391,-0.038666092659313749,0.94970199808074407,0.31075882629444945,0.0076419036705059323,-0.31070125466769882,0.9504768969607883,-6.9803631011961444,11.545796353137431,-1.8900713778981659,1.278802750608807,0.4623063852330564,0.5,1,4
-0.79118480515115919,0.59639863141726246,0.13540781565899032,-0.60855398219747547,-0.78972220542527893,-0.077465405245362606,0.060734297143519515,-0.14369241699494795,0.9877569713490425,-11.470501878772504,-10.557638095108977,-0.45084904268423975,,0.1690021340522039,0.3076923076923077,0,2
-0.81110446400693792,0.5817454440077009,0.060677729393098054,-0.58484448842772718,-0.80809578084826728,-0.070271853048996205,0.0081530867607832146,-0.092484849307942818,0.9956807117870462,-1.4237112688179698,-14.497389928312318,-0.64772966832063128,,0.2829592835831553,0.1176470588235294,0,4
-0.21876031272158111,-0.97049391996388001,-0.10141734018943149,0.97340216378331978,-0.22429502065368773,0.04669016226051214,-0.068059923008384662,-0.088505903888410661,0.99374773049149079,-2.8290459526055618,-18.203956026557098,-0.39507798413711492,,0.2460741712378019,0.4222222222222222,1,5
0.80318506137010048,0.59371514099861933,0.048949857414481775,-0.59450121827568725,0.79354459632410956,0.12982786724555653,0.038236875665147975,-0.13337655338850216,0.99032753993089173,-5.6691520887049993,-3.7565758003728722,-1.0310616502150127,,0.06695896998198,0.1804878048780488,0,4
0.51955602226983078,0.85259163522545112,0.056116336897059291,-0.85111502473481448,0.51063380346778531,0.12188655966381384,0.075264562669350513,-0.11108835357325324,0.99095641846984195,25.466517741722491,-1.0515572808130194,-3.7114164889786525,,0.2667407871055206,0.4615384615384616,0,4
-0.58526337436025377,0.80916932147851539,0.052074867358924887,-0.80957848497196838,-0.58672981651128064,0.01818788297553435,0.045270954296795042,-0.03151399045882395,0.99847754561753643,22.770715904938591,-1.3528217005529768,-3.3296482121993742,0.1998719755161062,0.1826476356613606,0.3333333333333333,1,5
0.1484538946036541,-0.98770036873685585,-0.04908587143046575,0.98694437000645152,0.14483940114796912,0.070444008884132686,-0.062468005327345297,-0.058902711925502574,0.99630729137061225,8.3340498898395534,-10.746854639961287,-1.3688324598896091,,0.06702548330862701,0.1904761904761905,0,3
0.99009785358044322,0.1376948330161617,0.027319833382561543,-0.14014922018089884,0.95844923713256847,0.24846177960137761,0.0080272297890050873,-0.24983032802413913,0.9682563559209233,-8.8659963621896036,-5.7149470113100476,-0.85034882935633105,,0.2174478507334611,0.2094594594594595,0,2
0.9941271087475454,0.10802908760263438,0.0064037399219701759,-0.10743866457331931,0.97813973110107499,0.1780438142599105,0.012970158362473908,-0.1776861915660812,0.98400172373771466,-0.49551639777630413,-16.136444443465358,-0.64136981750626976,,0.1155187514072944,0.3478260869565217,0,5
0.040442451003462623,0.99520353485260848,0.089074869484645977,-0.99599052707134883,0.033033374794880575,0.083136430845921316,0.079795226304398906,-0.092079967237913063,0.99254924386273946,-2.3968612374781388,-7.266134580813282,-1.0720489025153279,0.2309301500560864,0.2519920141421229,0.4285714285714285,1,4
0.98617366993551658,-0.16571068568364158,-0.0012088739269949787,0.15974094081150272,0.94865500045983275,0.27301377608320293,-0.044094495740058484,-0.26943210416134639,0.962009364139777,9.472755455842913,-8.2928756207612562,-1.6439979404059741,0.8496458004788835,0.44961336101966,0.2857142857142857,1,3
-0.89419804436768169,-0.44218799805615416,-0.069854361525285277,0.44556567914454626,-0.89420740217652062,-0.043178090059407967,-0.043371453946966856,-0.069734469724876638,0.99662230594880696,-6.5138582540094481,-18.444260859826052,-0.2345836556824871,0.9137117483733985,0.4360973634935991,0.4509803921568628,1,5
0.30650546710117449,0.9510377156126314,0.039770115908798635,-0.95020658683402048,0.30323486411197342,0.071805706766483887,0.056230249637825309,-0.059798667788684035,0.99662544536870357,12.903330285516045,5.9992760933858138,-2.8461380614040084,0.2819356425308976,0.2260901898859524,0.2857142857142857,1,5
0.48683812675845345,0.8609075554883725,0.14773902408421513,-0.87220411877063919,0.46993459809432769,0.13572563764247625,0.047419548014021026,-0.19493500049236673,0.9796691952129496,-7.6662942754743506,-6.2996974164140749,-0.86547919578412236,,0.5460304631791134,0.4152249134948097,1,4
0.63489727568752907,-0.76185426294541825,-0.12838820567500286,0.77125915560220049,0.61521220041373759,0.16331951310810025,-0.045439676763086266,-0.20271169303713105,0.97818362554363247,-10.036787835283604,-6.841230959425439,-0.7416918068751267,,0.1742879687581352,0.4102564102564102,0,1
0.54916934238256365,-0.82889091017181871,-0.10654995270593672,0.83448745031089577,0.53699319988439742,0.1235677892961438,-0.04520761728650801,-0.15677423995175407,0.98659926465958159,5.1967223214652103,-14.100578949505497,-1.0386691882360453,,0.2260386202569948,0.3333333333333333,0,5
0.86676398592213633,0.49813968044148732,0.024021895804091954,-0.49694103527641242,0.85860910775350929,0.12585709173951412,0.042068992937517369,-0.12102586026289687,0.99175750109633531,6.0760374030445989,-12.784706045982366,-1.1092634270992867,,0.1106107651528051,0.2195121951219512,0,5
0.96200538923356427,0.27281441206023543,0.010859450161415663,-0.27247961601460685,0.95677961512171439,0.1016249326891666,0.017334645716383261,-0.10072271173758872,0.99476351229732762,-7.9065024152573091,-4.0662388777193703,-0.9523572838871498,0.5585379821199984,0.410829285120425,0.9798257679963319,1,3
0.9184756156509849,0.39316377416274284,0.042717562438095817,-0.39444912093544443,0.90294223203785995,0.1706025105200468,0.028503235742629758,-0.17354415083371544,0.98441352757040324,-6.8940173638112778,-13.603603142722847,-0.48407027994181079,,0.1411812369690399,0.2558139534883721,0,4
-0.59209443045270738,0.78100077434268611,0.19865038611341795,-0.80440984735674115,-0.58760984740964572,-0.087404031387105841,0.048466306877970572,-0.21154776695427108,0.97616523160491275,18.281710029240941,5.2180986346055631,-3.2599964881145085,,0.1640125709767238,0.3703703703703703,0,6
-0.51737637684485427,0.83249122548599996,0.19819193770612825,-0.85472282397193267,-0.51408875455911462,-0.071844600474237935,0.042078246925650681,-0.20656987177387851,0.97752662838972704,-24.486917953491432,5.8817969580271683,-1.1291191579257491,,0.3795784076314186,0.3870967741935484,0,2
0.64515623978762937,-0.76332998751179193,-0.033177649529976615,0.76246912561450364,0.64042102355120478,0.092204908102990826,-0.049135107079771159,-0.084783505228755246,0.9951871675686863,16.472545017147045,-8.487974586330056,-2.2744326408047799,0.2025445812352531,0.211057393426557,0.6904761904761905,1,5
-0.31660574570670613,0.94310394041965506,0.10156652672223954,-0.94642113934596184,-0.32125851803090605,0.03286322552149358,0.063622549340553489,-0.085720021917313885,0.99428579847944276,25.511596245504837,5.0155455034373295,-4.0431006880478506,0.4929270258608491,0.4219892437152454,0.5161290322580645,1,5
-0.99879905754424991,-0.047532619240589262,-0.011878247212785496,0.048332698084712605,-0.99562385501882744,-0.079981808014703823,-0.0080245214543233148,-0.080459862202082413,0.99672554779630862,6.3832324752780893,-16.247100766996056,-1.0147633399458378,,0.1475518074473637,0.2068965517241379,0,5
-0.64287280454661511,0.75678135172762773,0.11830698564190996,-0.76488824936608613,-0.6424758077647732,-0.046591870736068165,0.040749517249340901,-0.1204442697445887,0.99188338766693696,20.351690332109445,-1.3590105747254935,-2.9977687616316953,,0.219724532121442,0.4444444444444444,0,4
0.78832308694403663,0.61493517464233394,0.02003600705301457,-0.61381529026655568,0.78382146135839625,0.094099448186336337,0.042160408276130962,-0.086479174959011945,0.99536116674923558,3.5030525507408141,-18.762183689332527,-0.64659376722133,0.2573012248038088,0.2511516729982451,0.65,1,5
0.1190632208185934,-0.946807420639598,-0.29896430835485133,0.99281939770278971,0.11002468534325899,0.046949037904805445,-0.01155824352455204,-0.30240746822277487,0.95310866650645831,17.728333621813839,6.0223833134522717,-3.2276683503724835,,0.4743271470919768,0.1333333333333333,0,2
-0.54529692729895207,0.80904040421425638,0.21932825952702731,-0.83677230961401861,-0.54086901681035737,-0.085280762882486455,0.049632277214963133,-0.23003115224558382,0.9719168205433153,-12.220586053358417,-13.427049750629202,-0.33807114420221462,,0.6735766872357216,0.5384615384615384,0,1
0.78185653164767843,0.62327134395751727,0.015270747239488479,-0.62229762533231803,0.77867278559108277,0.080089690257736615,0.03802669359305097,-0.072121597189834588,0.99667068071312626,-7.7366811983774841,-9.7680304719564752,-0.64710321745702171,,0.09345393413377617,0.456140350877193,1,4
-0.79423538968801111,-0.59939585747815105,-0.099572846726235259,0.60637493848750923,-0.79234943422757176,-0.067020952347133594,-0.038724407566848806,-0.11360889101333431,0.99277058787079187,-15.413380425713637,8.8196021428909788,-1.4891954166585948,,0.2586486813044488,0.24,0,1
0.98045676715690078,-0.19140935239576112,-0.04546413478418139,0.19673119115340335,0.95527340638000369,0.22079301956924982,0.0011688300141498369,-0.2254222235685279,0.97426046566501845,-12.267432788969142,2.5010308825409804,-1.2215563213510978,,0.6175136105918003,0.5336048879837068,0,4
0.99999535410179863,0.0020962543312211153,-0.0022130279252752009,-0.0018395043903517093,0.99390265747202011,0.11024574229263764,0.0024306374507704425,-0.11024115922755728,0.99390189597049661,-12.713220866049546,-19.360839124589212,0.028021495818349475,,0.1059925298052712,0.4285714285714285,0,1
0.83610612523420047,0.54347188604368279,0.074597965293791257,-0.54651499449430663,0.81348642449320552,0.19889996972887558,0.047412109621268919,-0.20707038959103269,0.97717651712261178,12.34267007877159,-20.141885024136577,-1.0631398479443359,0.5402775385709496,0.5690754145793619,0.392156862745098,1,5
0.58482532531574749,-0.80941261835482259,-0.053202933352589819,0.81095872320595874,0.58196344028037827,0.060535142134032188,-0.018035745770307515,-0.078547867093998358,0.99674718181166289,15.392242919048357,-17.059515989680488,-1.5020563198891361,0.2647244277659176,0.2579564504330692,0.5238095238095238,1,6
0.13671155174093752,0.98980965400604304,0.039834664012920878,-0.98879627908518442,0.13391789640183638,0.065938725272790766,0.059932212439376277,-0.048402953006447265,0.99702822630674626,4.1427894342260201,-9.595736399655836,-1.1898241045981306,,0.07629843316998745,0.3103448275862069,0,5
0.6888595059710394,-0.72378727247902142,-0.040057024736171391,0.72358235777150171,0.68323778028922189,0.098054612881244091,-0.04360220814556981,-0.096530408591465597,0.99437454093615774,14.935877072997593,-5.1829570057626526,-2.2972321719287585,,0.08210752770959859,0.4375,0,5
0.90710335967431577,0.41997846828830587,0.02795677094686622,-0.42071835461233992,0.90269924920909517,0.09016724222032603,0.01263174413342643,-0.093552935023665296,0.99553417188392046,7.8482916722806317,-6.2994035314851162,-1.6911172414682045,,0.2607846787989959,0.2352941176470588,0,3
-0.52683657912446824,-0.84691044601879117,-0.07201329960972655,0.84769623531104077,-0.52972855071833291,0.028262257399986005,-0.062083101854825587,-0.046155811964547426,0.99700317426073259,17.358047010048555,-6.8260217565375392,-2.4017877096803528,0.1341104181855466,0.091989400087143,0.4545454545454545,1,5
-0.97997591842586607,0.19911466332112046,-0.00074172494735241844,-0.19895885670776919,-0.97934348916765335,-0.036079129181061362,-0.0079102871577490536,-0.035209105007699124,0.99934866101958575,-8.607598148413226,-13.858531927134143,-0.41641481388119495,0.3858715035905929,0.404978664697206,0.3059360730593607,1,4
0.65257004071859037,0.75707372248942373,0.031491596856091618,-0.7563867735732891,0.6483796786626449,0.086503416468466501,0.045070952063708578,-0.08026936534777418,0.99575370361688242,3.1526173935611621,-7.8425550926445347,-1.2717021429317688,,0.08783798894906228,0.375,0,5
-0.82715161881259791,0.56086196762922669,0.035412607398678068,-0.56105510429988148,-0.82776236135720049,0.0051616915252455662,0.032208219987289559,-0.015598922636677915,0.99935944693479861,-14.336376568925765,7.2536541298921531,-1.4272251360296047,,0.7697078351014908,0.5217391304347826,0,1
0.99919191883569392,-0.040143417274641498,-0.0020038420490588568,0.040097529729350365,0.99212774098976075,0.11863698271684658,-0.0027744266159737455,-0.11862146352185812,0.99293567311728936,-4.7962807907736407,-14.320440712360892,-0.52044535015424509,0.1680685424847109,0.1325658304461201,0.3508771929824561,1,5
0.71811807010968909,-0.6875043860916803,-0.10790809277638663,0.69503042999110765,0.70068134668869875,0.16117801273401675,-0.035201402931009589,-0.19074425157055944,0.98100840553201973,-8.722991155039276,10.391019792774733,-1.7705954265658421,,0.4778870685605764,0.6590909090909091,0,2
-0.46002895836791169,0.88450197518721307,0.07765058501293999,-0.88414492616371654,-0.46436500130579933,0.051506262737844005,0.081615605137064631,-0.044959998356120884,0.99564928139678133,12.839098138328033,-5.3582860048377876,-2.1265275739087066,0.7428049407943619,0.7067369422627703,0.6744186046511628,1,4
-0.54602104983902089,-0.82832482968139476,-0.1254551300903306,0.83614832143728646,-0.5481353404005832,-0.020090623722132963,-0.05212482796423408,-0.11586899989740625,0.99189584996232005,-3.7194671794171512,6.5062672176585892,-1.7620269782396321,0.6901727345635363,0.5573108431442183,0.3513513513513514,1,1
-0.2777576536277222,0.95705402081586333,0.083055927491125975,-0.95679101916455278,-0.2833485505718506,0.065303480266268144,0.086032735033112609,-0.061328624059408733,0.99440292053759627,-3.8796235403718788,-12.303233147203647,-0.66291671392138762,0.2962585581020353,0.181438941402652,0.275,1,5
0.61501560012054701,0.77601133227115082,0.1398650199124723,-0.78424034245633345,0.58353749656523013,0.21083423670352025,0.081993273335899841,-0.23935413572599229,0.96746405661322987,17.221083292743323,-5.7641420158187158,-2.4255768777587656,,0.4022297285433679,0.4736842105263158,0,5
0.77202795609949693,0.63530014058482753,0.019145923162136466,-0.63430509653890377,0.76820593438699869,0.086698828581295892,0.040371766193766478,-0.079078276065523978,0.99605057439313771,-9.6731336659876597,-12.354965048214723,-0.47456490965579551,,0.06185879099169585,0.25,0,1
0.85933651772342723,0.49798959355219463,0.11639207026551915,-0.51122981097137199,0.83043900535945681,0.22139362852568828,0.013595208021527362,-0.24975472586382713,0.96821368882470116,4.3257903741860293,-16.693608815598829,-0.87143696134583537,0.599262409462906,0.3972723103910617,0.1818181818181818,1,5
0.98256428899361459,-0.18416711341674122,-0.025492985902366854,0.18584083998880485,0.96877353545882161,0.16413719623190517,-0.0055317435523093549,-0.16601298542692594,0.98610805111960775,7.2900500359178304,-23.144884666568689,-0.56645092717890222,0.3213445041009331,0.3368297044865093,0.6296296296296297,1,5
-0.60712882178244876,-0.79296748680982432,-0.050962325531399538,0.79322542929838402,-0.60860364557287105,0.019875132950661879,-0.046776191331178621,-0.028357846496583492,0.99850278941354309,-1.100536325741426,-21.840558340998172,-0.23334245336189435,,0.2795488994344475,0.7837837837837838,1,5
-0.73417452695787111,0.6739590279742298,0.082261732161542922,-0.67780934450045538,-0.73458326617734448,-0.031014795825333119,0.039525390245371404,-0.078528043807646428,0.99612804892829665,-14.877420458097957,11.422290203193919,-1.6511007494869514,,0.2308472960690082,0.2941176470588235,1,1
0.56067084969324721,-0.82550843218408165,-0.064684052881921666,0.8272767969356527,0.55509272031435064,0.086516894915962372,-0.035514779404327838,-0.10201911706632658,0.99414827877780299,-5.4087880086081368,-10.666557109776742,-0.7173561730642859,,0.1265033245373928,0.3636363636363636,1,4
0.090150997694858681,0.99552985899812518,0.028161986041385357,-0.99349563494186144,0.087919722842173004,0.07236398058994932,0.06956450938581156,-0.034502495250765312,0.9969806201002015,-11.297167387910891,-7.7607060816656812,-0.62555156928081967,,0.134960920890288,0.5035971223021583,0,2
0.99379294257094219,0.11123996653174639,-0.0011212235303031297,-0.11082385865404761,0.99085175798157443,0.077012116305498562,0.0096777915464537762,-0.07640983935881511,0.99702952654369492,1.9949357784440604,-9.5351345479060452,-1.0971715217931581,,0.07564138354181366,0.4081632653061225,0,5
0.89125115513671183,0.45324732300074222,0.015435111277140473,-0.4525809582184972,0.88673247812988787,0.09421246460874691,0.029014732904227361,-0.090952605362839639,0.99543245318414642,15.997379400922773,-2.7667316485836628,-2.5740798382457331,0.3260792002963876,0.2836638801891622,0.8113207547169812,1,5
0.90094028928050685,0.4338091267143564,0.010781313949788377,-0.43263069918878277,0.89600749419242021,0.10000624215739758,0.033723482480033429,-0.094763980131412948,0.99492839682012879,0.78491235709349216,-16.982506764875257,-0.66678997773258641,0.2017799428838349,0.2158457328096863,0.2432432432432433,1,5
-0.90468983675758274,0.42606884407815077,0.0012803801961963326,-0.42540677506272029,-0.90344358484318399,0.053092040236110277,0.023777615487564008,0.047487146804215584,0.99858880220545265,-12.837384272460774,-10.828837233341936,-0.40434343244028187,,0.3359816853298229,0.9594594594594594,1,1
0.34714738789776733,0.9220966740586416,0.17095734779689253,-0.93496791624898823,0.32611311206279192,0.13958951868154207,0.072963598189650841,-0.20829777202531821,0.97534012093654132,-4.6841628961303101,-18.471935488143412,-0.31609439227645147,0.4510947584796007,0.3887221830975975,0.2307692307692308,1,4
-0.7751066288029963,0.60462164641194927,0.18341858868653149,-0.62994974018450167,-0.76190181559152959,-0.15056210758291802,0.048713846359467419,-0.23224617992215801,0.97143639682916538,-8.6778007385872638,-18.988173842186772,-0.12819733192116309,,0.4038619196590251,0.1666666666666667,0,2
0.69970545457103639,0.71414213916909408,0.020329336106485688,-0.71301335323211301,0.69624185255906035,0.0828205340349015,0.044991498710735926,-0.072445067520974751,0.99635710326952753,-4.7687774165353494,-17.295729998463052,-0.36626095761085642,,0.07651770253989698,0.3888888888888889,0,1
0.95868459639557502,0.2771719635159578,0.064027707085003244,-0.28404409562652116,0.94501209231150418,0.16208361152425324,-0.015581924578372043,-0.17357375385046536,0.9846975960165093,-3.8751306026857484,-7.6655203698133212,-0.99268435146919154,0.5373938015772397,0.2410912299291455,0.2181818181818182,1,4
0.82184253454453093,0.55735827895291523,0.11801100497863454,-0.5628469807178792,0.7622595575959461,0.31963047906981712,0.088193677268782078,-0.32910806088012795,0.94016475128220633,4.8343931098894037,-8.2368871858959061,-1.3220663999746514,,0.3050625612402948,0.1754385964912281,0,3
-0.99595100632855971,-0.089113874802719081,-0.011845265331531168,0.089562390859226237,-0.99495476269025984,-0.045206175944745366,-0.0077570056534870344,-0.046084026707888984,0.99890744883881899,-18.364010834835923,0.76136023833600019,-0.95341913213345175,,0.212296912447936,0.2068965517241379,0,1
0.88071749555148526,-0.47310486104462385,-0.022549578387837187,0.47308410895119968,0.87637275241750301,0.09034503128573923,-0.022980837394908697,-0.090236296888331916,0.99565520730648127,11.419930309292001,-3.0561165720614705,-2.1282825008364732,0.2342674078928543,0.2359002283556635,0.8016528925619835,1,4
0.94077177494581277,0.33272560995098621,0.065131681600034436,-0.33829223433645705,0.9084553128373436,0.24549400963210966,0.022512921910575471,-0.25298737727473081,0.96720760712822162,18.449283137626644,-1.5776578587057071,-2.8106251521105663,,0.3323377899534226,0.3333333333333333,0,2
0.27707956461014571,-0.95867413951198666,-0.064581801665821378,0.95934698530888551,0.2722671959906966,0.074323184580021392,-0.053668208971462128,-0.08254979235779393,0.99514082175714202,3.0466096252721737,-12.457069239454874,-0.96341781207814636,0.3593048303631747,0.1216664863829801,0.5185185185185185,1,4
0.19683523099033814,0.94204989139368389,0.2716576779075619,-0.97860018242235058,0.17182365428156737,0.11321799676849088,0.059979786627845026,-0.28812954370296157,0.95571114424893111,30.614726433439987,8.2676565773217021,-4.2864553269503372,,0.7091095772176104,0.25,0,1
0.97128361243149541,-0.23438874361708428,-0.040866380897127796,0.23761163819377101,0.94678222522506084,0.21712698448777393,-0.012200558056777919,-0.22060220956165957,0.97528755324756222,15.893684269172644,4.5708496421625933,-3.0212608339626592,,0.3857755047544272,0.2173913043478261,0,1
-0.46298173109007851,-0.87112298905986563,-0.16368461933926437,0.88514245712557449,-0.46409675256468658,-0.033719947399318335,-0.046591278910703887,-0.16049592577482361,0.98593626089070685,6.4718585416464425,7.1084312301906403,-2.4395267464870112,,0.3368833643073748,0.1875,0,2
-0.97852947488835251,0.20601256585257366,0.0062361434848941365,-0.20585180108237014,-0.97837574966432872,0.020147666363794042,0.010251964000594426,0.018431364019015555,0.99977756628888659,29.092338127120968,-11.77150383791326,-3.0611991176278033,,0.2296067928669658,0.1538461538461539,0,1
-0.7665515997493737,0.63291193973532411,0.10872498085603005,-0.63857588694533118,-0.76916097949011875,-0.024743165557032383,0.067966767862374919,-0.088396064223860357,0.99376388256772119,18.578898025248566,-12.381600649360896,-2.1392949701161732,0.4336413027485786,0.3486050902685586,0.2631578947368421,1,4
0.56932092109334342,0.82116325328147843,0.039555028322658684,-0.82103008178302006,0.5654394417307288,0.078662840926384259,0.042229061235065826,-0.077260269190710357,0.99611623678754713,-2.612589427450283,-23.467138286623296,-0.099860054814667448,,0.1197894980221059,0.375,0,2
-0.65644619975801111,-0.73932350308335892,-0.14993046592276468,0.75111278499951795,-0.65902750107053498,-0.038888777854217203,-0.07005691281761009,-0.13814308025115737,0.98793143403031225,-15.080163655263066,4.1604700613655297,-1.2350071075691014,,0.7914932512777244,0.5428571428571428,0,3
-0.031220698378690157,0.99869617958090595,0.04038822703769758,-0.99762580799876499,-0.033617930806095271,0.0601047580739381,0.061384160885010822,-0.038415825109170076,0.99737465837749439,14.981210333190951,5.6603936155125014,-2.9705706791144619,0.1294979103223484,0.1055006525970698,0.5,1,4
-0.091841126683789923,0.96894039404576904,0.22960775299601952,-0.99475653079355519,-0.099694330365041869,0.022814138963266301,0.044996131978442322,-0.2263085355869171,0.97301582455142144,17.829436832031092,-9.9116346948633307,-2.2320701075820737,,0.3751563598191758,0.1875,0,3
0.021371340248804237,-0.98629820082045727,-0.16358216551415281,0.99799636724605456,0.01129969218482069,0.062254059467694342,-0.05955263872952038,-0.16458485961612057,0.98456351100652395,-2.7171598981820937,12.542512372383325,-2.1753756441086955,,0.1037400992002792,0.25,0,2
-0.050654308086597113,-0.98573317136302196,-0.16051247910012592,0.99654194542954,-0.060486433889641589,0.056969661354287743,-0.065865712413791674,-0.15707165941032872,0.98538835072184117,11.062077633869769,-10.619468466665415,-1.6003198967079144,,0.2720971063703247,0.3214285714285715,0,2
0.94633121136083209,-0.32266261573928906,-0.018603085997214368,0.32275254289475425,0.94043629918010074,0.10681930181107335,-0.01697157798525608,-0.10709063259088215,0.99410440193773142,-18.906540132581696,7.6945231116131074,-1.3439462625857039,,0.09304639401302336,0.2777777777777778,0,2
-0.0011367612604777687,-0.99187345125155835,-0.12722328590379728,0.9989756021207622,-0.0068816725402033154,0.044725707937490686,-0.045237751284706709,-0.127042116187397,0.99086520101037501,-14.398620732229668,2.0298435955199223,-1.1419679688347595,0.728537775210117,0.7754077186179701,0.6118421052631579,1,2
-0.25111372263034326,0.96042053813727768,0.12055823584821668,-0.96633925568597734,-0.25594097333697607,0.026127783824757288,0.055949452428089123,-0.10993911083606445,0.99236235855738375,2.0614355560896995,-19.736129453040974,-0.51417833888082765,,0.08115336352287991,0.3928571428571428,0,2
-0.29277647539369628,-0.95319101918344606,-0.075556709854714882,0.95371614099298807,-0.29677869240102145,0.048455444959097427,-0.068610916518355061,-0.057873039360007719,0.99596347997792967,20.246178681500588,-7.3297686064269305,-2.7199508314748435,,0.1167593495557205,0.1333333333333333,0,3
0.54122760059835762,0.8274705122689433,0.14955011091910753,-0.83938081851326729,0.52105022913713106,0.15474656774268022,0.050125102120011998,-0.2092826080722324,0.97656964119101231,7.2079215801786924,10.459362160335106,-2.5921984922821038,,0.4358450249822542,0.1333333333333333,0,2
0.64264472256075489,0.76396397087617562,0.058024234315659784,-0.76469617325928263,0.63488503059299828,0.11027583838510953,0.047408049605754676,-0.11523909550163823,0.9922058393803902,14.927632442689553,7.9829614056553595,-3.1081401218616134,0.227389103700186,0.2600845817633385,0.2692307692307692,1,3
-0.7248870715819915,0.68727242894417795,0.046854475415428164,-0.68732935971412468,-0.72613638144403181,0.017444392174536274,0.046011789013865725,-0.019559242228100002,0.99874939364948112,3.9594149617887733,8.1892511222735997,-2.3017265408916265,,0.7763525517096749,0.5909090909090909,0,2
-0.026790277061772474,-0.96179969170876067,-0.27244014770934033,0.99779324751242349,-0.042291905016067048,0.051186228506540504,-0.060752911646811493,-0.2704676464922296,0.96081024969938233,-24.678748445223103,2.5049298424336359,-0.90398065006971495,,0.4827225341238895,0.2727272727272727,0,1
0.1611535800379082,0.97736331061387105,0.13707838161745078,-0.98431500190806975,0.1490658657528002,0.094357536456205177,0.071787886580407717,-0.15013436226681115,0.98605586687928382,22.298506529404712,-4.9681106779249058,-2.9249780916070232,,0.2114801900981265,0.3076923076923077,0,3
-0.44927944267329201,0.88805893068466368,0.097464444913962334,-0.89178428559019984,-0.45233501911591234,0.010668573277742401,0.053560903330241848,-0.082124089721700114,0.99518182435263025,27.573007227602204,-0.70666520731386051,-3.9386391140200474,,0.4574827757966753,0.4545454545454545,0,3
-0.48864968056453195,-0.8695894716811946,-0.070962246479390256,0.87080119853040971,-0.49113680786396491,0.022133878991180682,-0.054099559352939912,-0.050978296385968937,0.99723339844562053,14.71019008132107,-12.974184696166571,-1.7732377591084518,,0.3910999436637298,0.1666666666666667,0,1
-0.99958832429651856,0.020567389693497685,-0.020004109859565293,-0.017240040019075795,-0.98788435042794354,-0.15423129124694424,-0.022933882144513137,-0.15382292631709649,0.98783224506442713,11.523950106779095,-15.462396091467246,-1.3936192072873035,,0.2729403889965762,0.6,0,2
0.51234145483846261,-0.85645523993665396,-0.063171636349360363,0.85718711782277712,0.50552384940136441,0.098366064906074233,-0.0523113629404445,-0.10454692569116959,0.99314322312335057,2.2576769630374667,-21.383316330070276,-0.4013105278711856,,0.1095823309821353,0.2105263157894737,0,3
-0.97121446776771647,-0.22779744149712508,-0.069647564537715034,0.2376202675240634,-0.94699158746420276,-0.21620254793554539,-0.016705270439709503,-0.22652871544109623,0.97386121958939464,9.7730440784395505,3.8878431883191871,-2.4637374809111328,,0.4731945922854881,0.5357142857142857,0,1
0.74243894100365648,-0.66454913577262142,-0.084610076381186394,0.66616622754818489,0.71903310168697487,0.19802513969854174,-0.07075998979358232,-0.20338595040530535,0.97653836536110616,-1.6715389343882714,9.4698438257909245,-2.037247261751872,,0.4469989140003196,0.2,0,2
0.53170545547796233,0.80284309423270239,0.26968921865330941,-0.84529138286146044,0.48325844495780629,0.22791172290411527,0.052647760399962169,-0.34914787901378241,0.93558750093459719,21.493933154404406,4.3045190390626589,-3.6182966178089822,,0.4396266815169235,0.2857142857142857,0,1
-0.98415516354335364,-0.17656262958880373,-0.016255826759711982,0.17682939013343368,-0.98409876450290801,-0.016762711263008222,-0.013037670650571287,-0.019371616776510482,0.99972734263271545,0.61971935633773578,8.0945549446799525,-2.0887766962521361,,0.7330626385602186,0.4125,0,1
0.97925785359107198,-0.1921371170393352,-0.064322503340739509,0.20236918196273884,0.91173510149507464,0.35747142388378039,-0.010038444697189312,-0.36307359165543607,0.93170638973363451,11.967314356200033,4.9180371097807161,-2.7148665472219524,,0.4750979407915773,0.3173076923076923,0,1
0.73683896527678339,0.67598314351634026,0.010729815077951451,-0.67463272678816433,0.73414802881330765,0.076794242856490377,0.044034341101078255,-0.063823674849561529,0.99698922528405098,7.4373124192261422,-7.3595390910096619,-1.5543298703766049,,0.0737601591717351,0.28125,0,3
0.79054667688248259,0.58648231297921827,0.17627946060902608,-0.61115826200670509,0.73721551807455887,0.28809522504026719,0.039006800061097434,-0.33548737155458608,0.94123678905809227,12.561088609876075,-17.151270661617861,-1.290920517439736,,0.115899660862113,0.3333333333333333,0,1
0.87303364209569889,-0.48629843422359537,-0.036415554929168523,0.48686737056420859,0.86492532077043605,0.12191945279590177,-0.027792503467900055,-0.12416932939272153,0.99187174291293789,12.436034039587133,-3.8882917815089919,-2.1872352042098044,0.4414086249276117,0.3530003446639539,0.3846153846153846,1,2
0.99922144041166261,0.038323912206546747,0.0093696731441211874,-0.039171762617858159,0.93543251766654167,0.35132830501604201,0.0046995781781918253,-0.35142180160772596,0.9362054429022123,-11.561462398991436,12.040860466118863,-1.8319360850336335,,0.5596932101724731,0.1538461538461539,0,1
0.72175928262773859,-0.67511894340148282,-0.1525711316113178,0.69026037857997968,0.68583733945189485,0.2305813383085667,-0.051030850505508291,-0.27173802839133915,0.96101732358093972,-8.908260559463848,0.54864247025694668,-1.2548668473445053,,0.4609169901541816,0.3035714285714285,0,2
-0.2623663919937344,-0.94555309970084767,-0.19259598126209737,0.96407154702910103,-0.26545134876701826,-0.010081351431605852,-0.041592409897802628,-0.18832131340846914,0.98122635225263044,16.078957771759391,-12.084870173857444,-1.9662559788283231,,0.3056135476464664,0.6153846153846154,0,4
0.0012816814670545387,0.99439814045442232,0.10569151126465116,-0.99832030991461829,-0.0048494724815814853,0.057732498894753133,0.057921637620144149,-0.10558797695495095,0.99272164427797349,0.31357164722852926,-18.53064642027261,-0.52706880608420126,,0.1151691836331496,0.2631578947368421,0,2
0.97625703111213469,-0.2123562436472449,-0.042743829825518623,0.21625951120905834,0.96679543846263982,0.13615580773309308,0.012411003816778593,-0.14216682437145392,0.98976490189963617,37.943959711563473,1.6337929295783977,-4.5999115694591302,,0.4474052509461495,0.45,0,2
-0.43408657230547831,0.88586046308421917,0.16376839648813094,-0.8992697396806193,-0.43692939318486196,-0.020165333269232592,0.05369155463228692,-0.15602546367603273,0.98629269065822789,8.4915895673189841,-4.3619902421617383,-1.8486429413605909,,0.6236912760169825,0.2358490566037736,0,1
