axis_00,axis_01,axis_02,axis_10,axis_11,axis_12,axis_20,axis_21,axis_22,location_x,location_y,location_z,dbh,dbh_approximation,score,reconstructed,number_clusters
-0.1002544524442277,-0.97750222631744443,-0.18557597449440558,0.9936112661306099,-0.10807636685958891,0.032498472960413742,-0.051823706770504761,-0.18113226236888819,0.98209236171843528,0.27741405916392048,9.4482030032965554,-1.7042396481869795,,0.07553087002497111,0.2352941176470588,0,5
-0.87775788517249553,-0.44895728861773099,-0.167267594035796,0.46165705810390789,-0.88593123217593761,-0.044705844786452072,-0.12811657082654657,-0.11646117315329034,0.98489742584058282,-12.305780260218542,15.973809051724064,-3.9829715323668089,,0.2564265836414694,0.2692307692307692,0,5
-0.98932705180886993,0.081530719400938964,-0.12076724039712547,-0.070191954724005787,-0.99296653556427972,-0.095344369217577329,-0.12769132331992986,-0.085849875034503864,0.98809145573948143,-22.540998688973055,13.342575169564963,-5.8962445182608789,,0.1879806627570658,0.5,0,5
-0.59048947822472364,-0.77375181552086991,-0.22941295535355566,0.79687152589976995,-0.6039869193919154,-0.013984720720755756,-0.12774172112535195,-0.19107048223528111,0.97322871078812256,14.2093279495489,2.7214728416050007,0.77930768807362127,,0.1567218706854583,0.2272727272727273,1,5
0.99197446284453372,-0.0085816373704386932,-0.12614682145952191,0.03073292437361038,0.98413786162522277,0.17472308569613659,0.12264645296030437,-0.17719769980385144,0.97650336546295613,-8.1828999767811386,9.0112555823881308,-3.1524747039943537,0.7302089713099308,0.6607584176404889,0.6080402010050251,1,6
-0.60007463687421247,-0.75172258880524401,-0.27353899111502522,0.78739583127140422,-0.61538490013016833,-0.036183277742615413,-0.14113197751288864,-0.23709612854647499,0.96118010318128033,-21.690524001302279,3.0189777459450879,-5.8337816616975839,,0.1431811615584864,0.3809523809523809,0,5
0.65898956686963051,-0.72907267915280272,-0.18489396764072621,0.74823067958970024,0.66050731221435577,0.062297196021183145,0.076704634004152908,-0.17939654128304863,0.98078197378314791,-12.509874747045112,2.688659377899453,-3.9535244070456095,,0.08388212705644414,0.1791044776119403,0,6
0.71426246385028136,-0.67810491689586183,-0.1732133205506495,0.6960259433928716,0.71416336546661807,0.074287102174317735,0.073328158701749815,-0.17362145347580343,0.98207869951158233,4.9433909568778107,4.847301135728352,-0.74500344527014883,,0.07091896072783631,0.25,0,5
-0.28819611756555308,0.95079750632019666,-0.1136974045237608,-0.95756725850589353,-0.28650563492898912,0.031296430969783552,-0.0028183785500658304,0.11789242184820302,0.99302237316845798,-34.151792798082091,7.1377259723261872,-7.5245953934039953,,0.1259204945558508,0.3888888888888889,0,1
-0.048755369423662653,-0.97858306792462213,-0.19999523275217634,0.99770693885970274,-0.057126227508863599,0.036296808149034784,-0.046944415041242825,-0.19776696716550152,0.97912432744498579,-35.785847086674373,7.5871826096015536,-7.7716517335845001,0.993486934587383,0.9579589861246128,0.975609756097561,1,2
-0.096039489227458044,0.99480341546980511,-0.03380208689619691,-0.9951690869073937,-0.095269064628924954,0.023712734735439195,0.020369216303838093,0.035916150884230363,0.99914719893158255,-10.502101843659222,11.347029619966067,-3.5938522459818647,,0.1312729413407825,0.1707317073170732,0,3
0.66597894060391682,0.7448727536160723,-0.040455303638644156,-0.73348219664814585,0.66374785419887405,0.14643310160821335,0.1359261485965659,-0.067848116899443242,0.98839299631315891,12.317879662235953,-7.4468239897920663,0.76929217161082053,,0.3023483313701543,0.2,0,4
0.014424954697264472,0.994279418103025,0.10583175052266826,-0.99904844323148856,0.0099748502808912082,0.042458337680760586,0.041159795416420113,-0.10634350520170117,0.99347719155635106,-19.170588667423338,4.8504401878900643,-5.339240066811497,,0.1864758025914214,0.4142857142857143,1,5
0.67251984227975969,0.73629830129357821,-0.074711935138908517,-0.72988323912553543,0.67656572315760832,0.09761802851851184,0.12242352299956819,-0.011119071922407166,0.9924156625406314,-3.3705683942128712,5.7016816647821109,-2.2441218552684905,0.7803053522286266,0.6870054132765607,0.6305555555555555,1,4
0.87866549981476494,-0.42465891475742162,-0.21820115845778307,0.4652776543637801,0.86411759665966958,0.19187882502468967,0.10706840703498138,-0.27012142688088564,0.95685462373070329,4.4659187865227405,4.1441908545511561,-0.78583903415007483,,0.08234758528931028,0.3,0,4
0.71121051942333313,-0.65623496286143046,-0.25206203716515951,0.6925378115552614,0.71562761976199751,0.090931234457846802,0.12071030042147413,-0.2392337420850906,0.96342941621071665,10.580634522399532,5.7427063348976866,0.10625785866271278,0.8710792350924219,0.5852413293354803,0.3684210526315789,1,4
0.8506516674076231,-0.48156791964655549,-0.21091249252692648,0.51321600833033765,0.84765876808024598,0.13447654698926534,0.11402223261323577,-0.22263636644530937,0.96821070992110214,-11.794173874855778,13.218522091404921,-3.8786736360258462,,0.1723350747011336,0.1935483870967742,0,4
-0.83481785636444983,0.5342740132764473,-0.13277961226235804,-0.54068815949577365,-0.84108758311616205,0.01509939432177978,-0.10361206916250704,0.084397608172806629,0.99103056605665396,-10.434323418642547,1.637501150642753,-3.5533401989882774,,0.1963344069942936,0.5155772755039707,0,5
0.38654529065689064,0.92224283661251971,0.0071336237547243424,-0.91977809991792392,0.38492090673632995,0.076446991233509079,0.067756809121699471,-0.036111575348851288,0.99704812769668782,6.5949505725611486,-2.1971030613311799,-0.2830537862364082,,0.321855039990035,0.4092827004219409,0,4
-0.9824285435159702,-0.12512869056998532,-0.13848092894449127,0.14663106999856618,-0.97650846334346408,-0.15789411113040602,-0.11547071575150118,-0.17542528841311983,0.9776975411593346,-14.668275496104835,3.4607741283934885,-4.3867612823104256,0.2911673509704878,0.1874765928212016,0.1739130434782609,1,5
0.61467348892057716,-0.69019996737759048,-0.38183832580056509,0.78450920181112804,0.58525485208954331,0.20499285445915849,0.081986671428178198,-0.42555935324889782,0.90120886733903605,2.7988753657592329,-4.8038558389216464,-0.88051865290513043,,0.387974195102107,0.2380952380952381,0,2
0.40891115237313364,-0.89021237360407846,-0.2007824677283053,0.91237291383536234,0.40342400194942674,0.06946035380473714,0.019166000220340398,-0.21159159844686914,0.97717023076956899,1.265099443627103,9.7177622839890567,-1.524597351685328,,0.1940405458962451,0.7037037037037037,0,6
0.14756393800379353,0.97777717869665826,0.14891834346652977,-0.98731282568140799,0.13669862722750104,0.080789043558581852,0.058636749959443499,-0.15895053989879843,0.98554373693919539,-19.045537954441496,12.336613023299893,-5.242158244349973,,0.4547031965413139,0.1333333333333333,0,2
-0.2509177010888054,-0.86945794862361925,-0.42553869724799054,0.96517325506951679,-0.25833300518621988,-0.04128736041417614,-0.074033066793308747,-0.42107829914003475,0.90399788219581201,-13.184726230086371,-13.498285019292808,-3.6194972575472315,,0.5777810610748653,0.2558139534883721,0,1
0.78774225890029548,-0.59550928181545693,-0.15757800866332336,0.60973617525823309,0.79018421957253882,0.06189261442207232,0.087658029433253626,-0.14483644020127176,0.98556505389837268,-1.775098454459084,5.5796287161778331,-1.9319524073682941,,0.1037424433524472,0.5555555555555556,0,5
-0.54579719696917739,-0.79388074597106517,-0.26806488199131068,0.83070577460640871,-0.55454471796755489,-0.049072108267867356,-0.10969656246280975,-0.24946646458133709,0.96215027268776121,4.4809690715922406,11.997408736775625,-1.0491601535808299,,0.0835552734842181,0.2857142857142857,0,4
-0.90052433964556866,-0.40686759180044207,-0.1533449589925307,0.41019282885866171,-0.91193546610860543,0.010749363060628916,-0.14421427411612517,-0.053220939448578315,0.98811425186836055,-16.647264269789279,3.2548080167565749,-4.8164765438189718,,0.0884906605309195,0.4347826086956522,0,5
0.86676269584847321,-0.47389615251318606,-0.15538618252176914,0.48791654873694346,0.87027741191851593,0.067488278782632888,0.10324664911811623,-0.13431181235323839,0.98554577088447382,0.92697959093768612,12.686591260223993,-1.6443011293619085,,0.08441837016342287,0.2,0,5
0.94555090863700486,0.31782294285523449,-0.070157367186735056,-0.30472011833551832,0.94018709062238104,0.15229538439694146,0.11436401819332755,-0.12262467786649951,0.98584180258336318,-16.334148369091047,12.547968810653147,-4.7950054589288271,,0.3880003004279557,0.6666666666666666,0,4
-0.47137089797210191,-0.86777735977850579,-0.15739101118176907,0.87608470396269189,-0.48124885801313999,0.029582564859243089,-0.10141532442179008,-0.1239434972755495,0.98709317769678118,-1.4859174884007833,12.556452009947339,-2.0805119365574263,,0.08155675389298059,0.3043478260869565,1,5
0.53503679009966121,0.84478525064255316,0.0085740035368311162,-0.83437606203080961,0.52679827882029739,0.16217324237349054,0.13248479290020299,-0.093922594346466159,0.98672505082288231,-11.386767731843456,7.970916625268095,-3.8049046879215167,0.556706551980825,0.5218115435796202,0.4057971014492754,1,4
0.98701513840364252,-0.039652913366940885,-0.15565591226661354,0.069102038758414044,0.97961553880007712,0.18862212060324471,0.14500353375510708,-0.19692902935562401,0.96963546376748355,9.0118821819888133,-10.504584579154441,0.31293513665079015,,0.2238905906898236,0.5454545454545454,0,4
-0.31547352795538897,-0.93211651799724538,-0.17786300918423703,0.94581229593029625,-0.32405474481067331,0.020679052994566263,-0.076912638925231966,-0.16170132727464229,0.98383795755763381,-2.8292411548311707,4.3880448559000973,-2.0962482567553837,,0.06955534953442973,0.2459016393442623,0,5
0.21381161810453367,0.97604768020407895,-0.040193506089400539,-0.97443713553468125,0.21600239485134981,0.061767582998275242,0.06896999967006226,0.025959418073583887,0.99728092720095385,14.418010366017748,-2.5796397615134725,0.94041919226471438,,0.8427459097014097,0.7659574468085106,1,3
0.33146944933093708,-0.92881588238116908,-0.16561721165608334,0.94343573167108008,0.32771698550257988,0.050305045664987696,0.0075514479737237919,-0.17292378104122219,0.98490626030293271,-0.30133483442830578,11.291872959480431,-1.8524558820259545,,0.0847850967462182,0.5098039215686274,0,4
-0.67425353232018614,-0.70942867668545451,-0.20516609576164446,0.72789548172536822,-0.68532154199407092,-0.022417666307242439,-0.12470100976955029,-0.16445466480216869,0.97847039883036846,4.7745327341838797,9.8628697017742706,-0.92954241739861487,,0.7564550152923593,0.64,0,1
0.6821260547356075,0.73019180158239683,-0.039038165334561205,-0.72201353858685269,0.68101530944943744,0.12212533886453839,0.1157605094500125,-0.055118791689771574,0.99174665275690899,0.78916611427776351,-2.7685296013059628,-1.2550725123944195,0.5681896974735154,0.3431879042532396,0.5769961977186312,1,7
-0.93283187359364161,-0.32269702698587999,-0.1602851346265485,0.32973577371575274,-0.94388793003309568,-0.018705482349090453,-0.14525500039534053,-0.070300813027393411,0.98689350010415899,-8.3039605348518872,6.4222283972229617,-3.1496451328314237,,0.07636067843728156,0.4234234234234234,0,2
-0.56514908782395967,-0.77075107995824588,-0.2941925921483155,0.81742136649087516,-0.57134029352314264,-0.073434178698211089,-0.1114846094128597,-0.28198056979176434,0.95292084672546418,-2.8021700376098426,12.46364061245149,-2.304789411357306,,0.08309647766218597,0.28,0,4
-0.34986034459600995,-0.90710657354146951,-0.23399872546024056,0.93280029156508049,-0.36038579274026294,0.0023867230829141221,-0.086494828372934429,-0.21743905957492587,0.97223397391569788,-0.87936563338729701,4.1879734423200992,-1.7299407567908018,,0.07867920554148383,0.1885245901639344,0,5
-0.20109003511124934,0.97676885375554123,-0.074063514040607473,-0.97953227367035955,-0.1998187196179442,0.024269407253210491,0.0089063245580450045,0.077427938260890089,0.99695816951341321,-3.2152959148639524,3.3328951482030096,-2.1609044582312311,,0.06855781893410022,0.1479289940828402,0,5
-0.27694186235632734,-0.88019873517481273,-0.38542624647430135,0.95740241822765459,-0.28689437238016563,-0.032744902938170992,-0.081754598931487607,-0.37807645482527841,0.92215745936380145,0.39256364957815748,7.3837039227651502,-1.5754576972216281,,0.2581991607187753,0.18,0,2
-0.98253598657261509,-0.10943215539547307,-0.15049132352159028,0.11210030607893237,-0.99365303801884608,-0.009336027684626276,-0.14851449918034468,-0.026043106600777431,0.98856724613543256,11.077721555348493,-6.049463367157923,0.52783983381890054,,0.4966208949212308,0.2608695652173913,0,2
0.70885085623798205,0.69598176147341662,-0.11462919046665378,-0.69351147636671173,0.71734019671285132,0.066819715111876871,0.1287334290631002,0.032131446844618085,0.99115855157756061,-23.648032208864013,6.0790174352705275,-6.0791384519629137,0.89199286923138,0.7466864269115284,0.9520958083832335,1,5
-0.51478535659114322,-0.76513407806381661,-0.38673748101879535,0.85062302840663595,-0.5121137267577982,-0.11907978170354001,-0.10694157369167981,-0.39026833518961396,0.91446931406399556,-7.3336956870135781,-14.840518025857921,-2.544362778655294,,0.2819693621241083,0.4,0,1
0.87929289628771312,-0.44957873079133776,-0.15723538837683909,0.47422550613428999,0.85705369882664262,0.20141779131756943,0.044206016215466236,-0.25167026472672788,0.96680293027210951,-4.2787305664099273,-14.209633759793997,-2.0067461038417553,0.5744622116134684,0.4391490754521659,0.8493150684931506,1,4
-0.59209215492353751,-0.74667675232011377,-0.30315129493816978,0.79744225076051289,-0.59712647339417046,-0.086751550267696723,-0.11624429783868642,-0.2931105632974163,0.94898549035454816,-14.271467091674932,13.097821318229885,-4.368363759090669,,0.09110626007492695,1,0,2
0.74690890079400041,0.66218908819437927,-0.060271928714737702,-0.65209904573262878,0.74720329433124177,0.12827342474236345,0.12997664586106572,-0.056505295476055102,0.98990566374471822,-3.1264321308091501,5.1127747165111721,-2.1786115365558207,0.6173784247570617,0.2749556985329758,0.6418918918918919,1,2
0.94625306963607092,0.30483983582465179,-0.10806388248954218,-0.28572797496782448,0.94446558934407465,0.1623091952593485,0.15154092689798532,-0.12270869993342098,0.98080473206217278,-10.5652124773891,-2.9792485944308167,-3.4161998296935816,0.4962450851720388,0.4029625290305424,0.3577235772357724,1,5
0.083280186071740869,-0.96014994239300944,-0.26678924028257928,0.99111814595271408,0.051951264166718664,0.12241685715102053,-0.10367850004272718,-0.27461455583085792,0.95594854168763166,-2.3711847243032551,11.365271372579429,-2.1782580557128517,0.6885591376441681,0.3588322249768247,0.5555555555555556,1,5
0.95756018620698002,-0.23791999209873377,-0.16270392481741583,0.25943960645477571,0.95738504696650051,0.1269053286806453,0.12557698990596927,-0.16373133238537457,0.97847967296283977,-8.6156344072236788,2.4659403578159367,-3.2075606835378752,,0.07804900572907938,0.3433333333333333,0,5
-0.67155718826240385,0.73849113370511654,-0.060347231353439272,-0.73797066235956743,-0.67393209281517474,-0.034854494263151362,-0.066409670904737997,0.021127700127793542,0.99756873241778898,-15.554573514442023,9.4871176601375229,-4.6313077920724925,,0.1224903142369084,0.4736842105263158,1,5
-0.25434113348754911,0.96614874745216239,0.043210943207566084,-0.96711166787838998,-0.2541957931564498,-0.0089174320879741274,0.0023684741393996587,-0.044057877141121145,0.99902617272625549,-16.707162950816947,18.747523179160208,-4.806389770326275,,0.2623833447263775,0.25,0,1
0.98149897940293651,0.13559158560249296,-0.13518385755997073,-0.10853177223640138,0.97564973975808067,0.1906002091426299,0.15773588002169489,-0.17240216710874076,0.97231521891307959,-2.8092448517034239,13.947201004884285,-2.3529587278953734,,0.6282975412902395,0.1578947368421053,0,5
0.50149204907465506,-0.8471756518346617,-0.17549683659092552,0.86438191433026756,0.49923671938064584,0.060055009789316584,0.036737322897133627,-0.18181340148781294,0.9826465570823445,-4.1564458283228634,2.6025818428147947,-2.2978018573586825,0.1016938346042151,0.09937141229785282,0.4622823984526112,1,4
-0.98513890270812521,0.10100148412611562,-0.13892459312646854,-0.098874380453886579,-0.99485345392900359,-0.022146378832531701,-0.14044642843765351,-0.0080811762668508858,0.99005529912689882,13.01265078754818,3.3091431955786774,0.59540955285265895,,0.1718720171600518,0.2727272727272727,0,3
-0.85825587492249622,-0.47915683997625991,-0.18386292683677533,0.49082629244693676,-0.8709978907406345,-0.02126558177338066,-0.14995467249744102,-0.10849606918838549,0.9827218320393899,6.5689212536856001,-6.5052340590123316,-0.15646634259953088,,0.1166625974939048,0.15,0,2
0.1351965139419074,-0.9764196337371861,-0.16830508450577175,0.99062483503597409,0.12984469549924041,0.04245928945070631,-0.01960456140557397,-0.17246754449243171,0.98482008878213201,-9.1151257218555237,-8.4355424821714262,-3.006402130777877,0.2615164248505797,0.1745213282852549,0.7589743589743589,1,4
0.70674771981200868,-0.68967482107199651,-0.15765881427892781,0.703756661009732,0.70815231437213688,0.056981240192022622,0.072347927578895924,-0.15122480229346394,0.98584828272221658,0.33875555301844101,3.4832790450587812,-1.4930449116980911,,0.2025370333691286,0.1975308641975309,0,1
-0.55685415317860321,0.82693102059113532,0.078093144845401405,-0.82800870680807659,-0.54521559486161719,-0.13092569102246782,-0.065688914877308893,-0.13756831867765637,0.98831165335558258,-1.9420219317193004,18.578349386591324,-2.2738741647623386,,0.3277856946871268,0.2857142857142857,0,2
-0.81667314326820384,-0.49763912574741426,-0.29223325887000001,0.55924222235078058,-0.80743017884951818,-0.18789529803375876,-0.14245390062961213,-0.31687822078581562,0.93770735274232764,-14.233639387500133,4.57961188976366,-4.3076664251301953,,0.2514222799650344,0.140625,0,4
-0.28550331995085465,0.94980390204333931,-0.12790778694155777,-0.95837470519983525,-0.28328303102360086,0.035618096063813255,-0.0024038989515611114,0.13275267227942589,0.99114628046141728,-19.553110265229041,25.958575090610978,-5.3277221421447187,,0.3961491780790438,0.8260869565217391,0,1
-0.94655648262205527,-0.2644010041899974,-0.18472394048818735,0.28819013786804654,-0.95048785876273534,-0.11627241624833848,-0.14483531904117411,-0.16329402722681433,0.97588820621538908,-22.556584907320897,8.7501697665865361,-5.9049247739382205,0.278464600124436,0.2462893904578765,0.3793103448275862,1,5
0.74584584918383734,-0.62350384777658696,-0.23442892539751162,0.66098346573768618,0.73636364816189592,0.14446257538581389,0.082551967127614312,-0.26270045579232504,0.96133950467556839,-1.4903274362645098,7.2384131720454397,-1.8834839591617745,0.6336523870814875,0.2180843188019485,0.313953488372093,1,7
-0.14064827316034362,-0.97115347407080255,-0.19255906381477866,0.98828507801978727,-0.14935472693402749,0.031396976062751054,-0.059250888773386738,-0.18588731893992316,0.98078297132285641,-8.2951916223655608,-10.359640663453028,-2.8093210850828516,,0.06653312690280382,0.2777777777777778,0,2
0.98890514176029232,-0.066775643677487312,-0.13269376025839788,0.088527679027715175,0.98223431268050909,0.16546481510887381,0.11928734486952819,-0.17537607705871744,0.97724805497349176,3.160827109369321,9.0619014962877582,-1.1556606743588771,0.8056470308508563,0.5565199255167729,0.4716981132075472,1,4
0.52637716725905992,0.8451830045564972,-0.092697176856581021,-0.84323502422727592,0.53289878903760812,0.070523574488799451,0.10900353987258442,0.041043506808061563,0.99319366633307893,-4.4910726737211588,-11.627292728566115,-2.1071803433979643,,0.08188789748472625,0.288135593220339,0,4
-0.27762284418269334,-0.93706418366364208,-0.21174577229003538,0.95782347343988228,-0.28700181805603625,0.01428811254465176,-0.074160300130667975,-0.19884836465840347,0.97722033224713845,-8.3332368449709247,4.9901308465910281,-3.1547294313507872,0.3200902971399378,0.1426960354672341,0.2818181818181818,1,5
-0.13552934280493001,-0.96029868329208345,-0.24384059568979768,0.98767731144632553,-0.15039133932273324,0.043312509865784055,-0.078264459961229549,-0.23496570797502794,0.96884766108133413,-3.4941216114711309,8.6829119979727238,-2.3046028990531742,,0.6152415183156523,0.711340206185567,0,5
0.97741729373132902,-0.14681124301809179,-0.15199306838934082,0.16424453072472514,0.98034804862076319,0.10927688544461805,0.1329630326141025,-0.13177314782968541,0.98232208031231605,-11.048363876744585,3.5761276029148812,-3.7132555496117168,0.1607289599121138,0.1032932735865155,0.5076923076923077,1,5
0.57787856749895961,0.81140595330189569,-0.087617008460641535,-0.80873720053620279,0.58374980781055308,0.071974317294492676,0.10954680138742605,0.029266718766959,0.99355068188713935,13.633192551505603,-1.7673905749045946,0.8143935182373494,,0.1127627466320423,0.1481481481481481,0,4
0.33997843895792146,-0.90866544301440422,-0.24236702274684999,0.9399828617168281,0.32036170639943817,0.11747594116023807,-0.0291012151357695,-0.26776013471814186,0.96304601631144549,-9.447762916887104,10.312922135578814,-3.4096522965910969,0.3096712945752187,0.2231325499623819,0.2307692307692308,1,2
-0.41998303391101305,0.9075311146108096,0.0012358155863196618,-0.9072267667675199,-0.41980609858202617,-0.02650345739505499,-0.02353390931091464,-0.012252167424604159,0.99964795778611293,1.703466996637881,16.283533913163087,-1.6251736322461046,,0.4840256839209203,0.6857142857142857,0,1
0.073874129941443448,0.99721885540444322,0.009857350112771824,-0.996233464558541,0.073343905428438258,0.046255330829971811,0.045403711512172214,-0.01323729437443094,0.99888101244270489,-19.741922668185943,8.4941260171564004,-5.3764482115712964,0.2002494601779884,0.1611954590946533,0.4482758620689655,1,5
-0.95720277792437336,-0.23627906251997607,-0.16713780705915848,0.25668806707741532,-0.95984901056143102,-0.11314200433217912,-0.13369397201790226,-0.15120212147626666,0.97942015514647895,3.0249920688416694,17.956742779950947,-1.4619326125158845,,0.2417533692086643,0.3846153846153846,0,3
-0.92481004497076758,0.36753174118700949,-0.098218124301026569,-0.34539756164418783,-0.91939901870698082,-0.18816473848968152,-0.15945816106871508,-0.14009233962171477,0.97721401506931815,-13.835104895714164,15.773168300813255,-4.2524840540849809,,0.5557391060028891,0.3673469387755102,0,4
-0.36435532550460631,0.93125184061613353,0.0038995032370655151,-0.93098074244769702,-0.36414033118469191,-0.026013004367775167,-0.022804691797245327,-0.013108339092593933,0.9996539988807458,-19.081428258026222,3.5549202529423338,-5.3513111423159971,0.2208941511848255,0.1743531629755533,0.3953488372093023,1,5
-0.2042801920461757,0.97605855504830441,-0.074694713699119591,-0.9789038637234132,-0.20400261128184921,0.01140877633927896,-0.0041022828949846164,0.075449530861382161,0.99714118336765456,6.920771285790309,-7.9022489072330764,-0.11185215117869861,0.6115443247840769,0.4130113422593524,0.6829268292682927,1,4
0.62038603174897056,-0.74306080284446829,-0.25096177973328576,0.78253224808240118,0.60789706358295093,0.13455274355555955,0.052578059320095745,-0.27986032831281904,0.95859988749987479,-7.8630052819190785,11.505162766476166,-3.1511217239480072,0.3322087015786035,0.1263549228727047,0.1785714285714286,1,5
-0.81935176461276793,-0.53249583278272172,-0.21239320585880248,0.56097016882493334,-0.82108640975340708,-0.10549681230628181,-0.11821656192966438,-0.20558525187205504,0.97147287594571263,-28.526627459627051,-0.30201432332782574,-6.7682251550873005,,0.2237093737162712,0.64,0,4
0.97788617418595747,0.15189390275906012,-0.14375977406970677,-0.1241705048740344,0.9748013479751787,0.18532139030641565,0.16828641078613379,-0.16337250163475076,0.97210550335564139,-1.8053475861681632,14.363404122720347,-2.1888217706068174,,0.2781332391086167,0.1052631578947368,0,3
0.68215515893631662,0.73119657360313883,-0.0039887200452022572,-0.72251348072631971,0.67487307512686057,0.15006865974464412,0.1124215695732248,-0.09948820643596587,0.98866753131416651,11.851600008104121,-2.9948976636923166,0.55118137777440002,,0.2453793295765775,0.2307692307692308,0,5
0.8505773262122337,0.52508517635455765,0.028350832551231088,-0.50682694339180645,0.80424440099505834,0.31035043566944748,0.14015941490232975,-0.27834600956507416,0.95019936717166542,0.55868648603821702,-1.801652990142995,-1.2636159764951826,,0.2342221125951454,0.1326530612244898,0,3
0.35363507068935685,-0.91942260794496966,-0.17205901539356672,0.93537826525894874,0.34698524800233288,0.06832816805622012,-0.0031205223429781369,-0.18510349988163288,0.98271407676489353,9.5980869264487012,-4.3040053456259102,0.27573006686999862,,0.5309562398071772,0.8095238095238095,0,2
0.98530883485376641,-0.077653903505448971,-0.15210644703456155,0.11490931116928688,0.96033214073843653,0.25408272210311811,0.12634219471622082,-0.26782839792504598,0.95514689922503038,-0.71746078573654615,18.638372109077842,-2.0826429141694094,,0.2487663740908196,0.2,0,4
-0.96354236602441601,-0.19995703042011675,-0.17777315562715287,0.22509630644653,-0.96499072573243438,-0.13462745661460268,-0.14462974002672238,-0.16973533879530014,0.97481903605943421,-12.7571144912439,11.211393313046068,-4.0615207537244666,,0.09596336222262357,0.1904761904761905,0,3
0.66872811929596832,0.74050880222995052,0.066703945032074843,-0.73286470392568659,0.64137300438250389,0.22704623976026872,0.12534762942630345,-0.20071717183471269,0.97159692708853362,-15.025412056259636,11.870192208933414,-4.5090193280162634,,0.1390558378466607,0.3529411764705883,0,5
0.63505624541268701,0.7705076124124608,-0.054968940109766981,-0.76204257696055544,0.63654940661957637,0.11872642431902913,0.12647005994170299,-0.033509284485278894,0.99140428271801806,-1.4556623977365766,-18.65513468906294,-1.4177546009618065,0.6262002774618678,0.4807863769686028,0.7922077922077922,1,5
0.22211431576714821,-0.96116263685515024,-0.16380359045193629,0.97498522321932601,0.21751771263864761,0.045714977768906526,-0.0083093462590337498,-0.16986003120835924,0.98543316595426322,5.7840831304222444,3.2060406267930941,-0.52369237883413622,,0.06727795672708956,0.3636363636363636,0,5
-0.7205082782820037,0.68485570102714932,-0.10881401425236534,-0.68890856141027323,-0.72484809813856033,-0.00047816371621968754,-0.079201104428726618,0.074618385103963611,0.99406201097403679,-7.8018310240912783,15.453494599937045,-3.2394558925551564,0.4227474474213511,0.4245973389959438,0.875,1,5
0.96893584251821407,0.21216566174523971,-0.12707897174483415,-0.20393014287734434,0.97612411880080707,0.074794394986353596,0.13991365161965338,-0.046555737257112532,0.98906861916598177,-2.0671820447341545,-14.315116674436348,-1.6121997271352173,,0.1082403190534204,0.3181818181818182,0,2
0.48674140574597363,-0.82182901289804933,-0.29610788150849893,0.87270731028853732,0.47233601280727761,0.12361489220263873,0.038272111274140874,-0.31858399922836839,0.94712168222160287,-0.60097512592723146,8.4697852295503946,-1.7862320897058683,,0.09077002712543361,0.26,0,5
-0.093694297152011732,0.99301851609631742,-0.071663138160832335,-0.99511722818401005,-0.091162195235354571,0.037830626894681071,0.03103354398975364,0.074857737407292332,0.99671121108257699,-20.552233850536851,6.3919002973775614,-5.5873518538780136,0.1713191791280762,0.1823300485376821,0.6627906976744186,1,5
-0.3416696388519983,0.93678808905682343,-0.075431651765096738,-0.93981842491282308,-0.34041429835507947,0.029316099157291393,0.0017849596987792487,0.080908477162066894,0.99671993671351322,8.633506834599153,6.6856725671435404,-0.21975798628444176,,0.07949793999988319,0.1851851851851852,0,4
0.16274296833738564,-0.95862791740793174,-0.23355351040579367,0.98653580777644256,0.15421468294446081,0.054451184920277257,-0.01618104544272423,-0.23927044851061713,0.97081812212067276,2.9969693041175041,-2.9383846177495063,-0.86785945195010794,0.1871947720902203,0.155376255550511,0.6541353383458647,1,5
0.9690721970527213,-0.16892849415809624,-0.17989508264788437,0.21023285174754672,0.94688397249273981,0.24333698995932015,0.12923321920274675,-0.27363096772449974,0.95311325064582353,-6.5974031378374578,11.774409443010002,-2.9111220564622182,,0.07993937889858706,0.1666666666666667,0,1
0.39526336983993093,-0.89484946731829496,-0.2073916567823916,0.91838425778249144,0.38949395631137262,0.069748211835262627,0.018363646698955662,-0.21803414603469318,0.97576835757409019,1.1610114046080982,5.9563657782306274,-1.3697496663552933,,0.07547301805699248,0.4487179487179487,0,4
0.49989055294309542,-0.84920871001810594,-0.17015875501316596,0.86537018941023514,0.49774173626711599,0.058203086326163049,0.035268546303190679,-0.17634548706213357,0.98369629400261482,-4.8253138420627275,13.607962573760439,-2.6538911175863049,,0.08810482144463602,0.3414634146341464,0,5
0.86441673246051165,-0.47434850228494213,-0.16666496639163658,0.4913922693730019,0.86721666118060214,0.080429473274545263,0.10638303550258499,-0.15142245854166383,0.9827277796045325,0.076046020310508347,10.548672632453529,-1.7394299577474897,,0.3108364774502465,0.4782608695652174,0,3
0.52936512224671173,-0.82439942787521225,-0.20034507897063042,0.84741710169696605,0.52513077285988941,0.078242745012498241,0.040704091934833035,-0.21119482643900073,0.97659608958113409,-8.383783464111163,-5.3612925391969508,-2.9223190072298322,,0.07151646808414121,0.2830188679245283,0,3
-0.49606894991128941,0.86808939709390598,-0.018341090127110743,-0.86751059983883494,-0.49640785983591468,-0.03169536023447847,-0.036619067453679224,0.00018800602929013138,0.99932927934317883,-12.568271316754009,12.181419920490544,-3.9838227774731614,0.235121470422775,0.1069437968597432,0.3555555555555556,1,4
0.62402396308780173,-0.74921140104131789,-0.22198281474451992,0.78108386656366902,0.60621442441192852,0.14970659647745446,0.022407295377688003,-0.26680769888558359,0.9634892656014582,2.8827147572704166,-11.076674444947404,-0.82105333667529423,,0.5587701123180238,0.6756756756756757,0,2
0.049943893354807013,-0.96250347979640605,-0.26663206651934074,0.99812822376910049,0.038667169401802121,0.047380364350582835,-0.035293858277401606,-0.26849935081907145,0.96263307764570039,-2.4862287456504886,8.39407889687498,-2.1383036766455499,,0.1182281167745029,0.2786885245901639,0,5
0.1365852966293189,-0.97267715030055246,-0.18773283683969375,0.99042607148436812,0.13025369831297129,0.045718387983789764,-0.020016335047251883,-0.19217995566393384,0.98115554881592859,0.063102119090501105,19.496105131723578,-1.9841759705097963,,0.6939966735280443,0.74,0,1
-0.26209337077947337,-0.94333815843260249,-0.20351949252698009,0.96223058013977913,-0.27153969821794749,0.019455151903031296,-0.073616408750478077,-0.1907336130226974,0.97887757826297694,-30.759600345509973,4.4054217824038329,-7.0444851967945405,0.2514659953077646,0.234887320433614,0.8125,1,4
-0.89843663059138879,0.4376407801255579,-0.035807378886006817,-0.43364588395648057,-0.89713216328086598,-0.084291926864895825,-0.069013535912860344,-0.060203232289365714,0.99579752092617602,-11.452682010245484,19.333955120668563,-3.8963245594154272,,0.4214811373386695,0.3333333333333333,0,2
-0.22582591610078803,0.96985500134920588,0.091563813677516606,-0.97365094907905081,-0.22776790090737378,0.011207705996856485,0.031725147355104621,-0.086620203614283076,0.99573613741347999,-8.8393734059083879,12.485285019518555,-3.3260842169941043,,0.3415728866075827,0.2142857142857143,0,5
0.98122724184872256,0.1674980612898303,-0.095590267904725926,-0.15562470967378766,0.98043923992017656,0.12049832597881219,0.11390368559839657,-0.10336003235726557,0.9881005283462847,-4.0991231172904179,-3.9583045748799086,-2.1671552659071351,0.645048172885742,0.5658618968178519,0.7962347729789591,1,5
0.55290838853783186,0.83323260807156485,-0.0039667027562253479,-0.82579288001421769,0.54859432682961717,0.13080666606936908,0.11116849015041133,-0.069048428053197358,0.99139996034953559,-6.1441459542713792,-13.212108881276068,-2.3414840501344401,,0.3070709010869968,0.2,0,2
-0.95015227531682789,-0.26989509311889959,-0.15610026399912133,0.27912064486297744,-0.95941689922937134,-0.040135758176146778,-0.13893278706457443,-0.081705888303347629,0.98692544221690348,10.910284660033742,-4.1496100946622487,0.47957548185934384,,0.1066535284090803,0.1578947368421053,0,3
0.84449603465042355,-0.50306224624198925,-0.1837248591390768,0.52487798358086413,0.84560469603436894,0.097240939920937519,0.10644035800294725,-0.17855272176750886,0.97815611010595727,-22.03335933277825,0.42484704038047122,-5.8794053830106723,0.1744092807086742,0.1681761154469799,0.6716417910447762,1,5
0.95857423867146718,-0.23842620020434785,-0.15584728426101704,0.25543598702282894,0.96164895927694816,0.099918645183153715,0.12604715581515985,-0.13558844411556623,0.98271455078940895,-0.55682150136488573,4.99046406042567,-1.7016925592814498,,0.06816787402277018,0.2394366197183098,0,3
0.11685874174765698,0.99301760338343337,0.016126805256336058,-0.99118029833814658,0.11558996953370387,0.064811844052605386,0.062495205123723169,-0.023558402191549227,0.99776718277498189,15.320337067555331,3.2206678059842906,0.92066974812140923,,0.228214418111404,0.1578947368421053,1,4
0.095899839931883793,-0.91141007143196351,-0.40016859246250547,0.99494465515785169,0.075731577509063938,0.065953478610401114,-0.029805265874724898,-0.40447053027429869,0.91406522538917578,-0.59721066787843213,-8.3931507572704369,-1.3940132668977208,0.7772606015041873,0.5009703211550974,0.5121951219512195,1,2
0.18390537637712465,-0.96204329446267289,-0.20162220145359533,0.98270928374566735,0.17547007275991558,0.059099214933083302,-0.021477341075304326,-0.20900467254354863,0.97767876660756969,-6.9828108623221752,4.3232389625134013,-2.871995389126158,,0.07094171087846346,0.3930635838150289,0,5
-0.63352718504419725,-0.73340907693151336,-0.24648414083758238,0.76885893347195744,-0.63240251776918055,-0.094461610930398468,-0.086598188377933163,-0.24935553210961078,0.96453230758538766,-9.7534611392389312,18.528577434868495,-3.6047740567903999,,0.494356072277466,0.8181818181818182,0,3
-0.68918751927720423,0.71889109212027158,-0.090643041336093133,-0.72126545909983719,-0.69260011303619451,-0.009012265628134182,-0.069258218155209939,0.05916655383216169,0.99584266735543703,2.778968932856031,4.090091801434494,-1.0706295213964279,0.1341075677907224,0.1116815097378449,0.562874251497006,1,5
-0.73584155490059389,0.6751559181407194,-0.051977805658177355,-0.67267934232387883,-0.73763221606178586,-0.05831994717498809,-0.077715561454517551,-0.0079498444853826275,0.99694387579264854,9.2901291820318885,5.4561482656750124,-0.065795058544148854,,0.6542731918839576,0.6,0,1
0.45923216659703586,0.88831482142065932,-0.0016109646102301558,-0.88262464740038682,0.45649397738062292,0.11219171278023835,0.10039695694559865,-0.050100166263222362,0.99368527430794817,-1.1123622760258456,-11.70365297530547,-1.402719446642636,,0.1625859156594093,0.2105263157894737,0,2
0.39032782503749947,-0.8634894113085303,-0.31942170489737071,0.92047699236379055,0.37321621917678055,0.11589547131920147,0.019138848722056137,-0.33925755747136588,0.94049881135924751,3.9162675315475011,15.215585877393762,-1.2303425064308529,,0.4956091753853826,0.3846153846153846,0,3
0.024299236060203944,-0.94940780751384846,-0.31310439498454468,0.99894742812607884,0.01087075852061745,0.044563016611076318,-0.038904793627304153,-0.31385767736497022,0.94867263868622409,-25.148719817279751,2.4568952784126838,-6.291914468256258,0.3895391071790744,0.2370516697333567,0.1714285714285714,1,5
0.2343379638002708,-0.92086797157356337,-0.31158930927092793,0.97212351603118818,0.22455533015461207,0.067459419492863368,0.0078478214240575838,-0.31871159788928954,0.94781924915552995,-5.6828252900422767,11.354550188196288,-2.7622069927014659,,0.2950062120604552,0.34375,0,5
-0.19165272190190405,0.97405548021894794,-0.12035429216703188,-0.98139432490133616,-0.18874444943287302,0.035223740002068557,0.011593672370872651,0.12486574495720376,0.99210590790360709,-2.42844350964931,9.3959683533770626,-2.1529114662159308,,0.08291158785658996,0.15,0,5
-0.54569972120015731,0.83429594412724262,-0.07849899295470833,-0.83728717088025195,-0.54666107107130468,0.01057671284085398,-0.034088234941316652,0.0714979089764647,0.99685808480975802,-10.626806659400525,14.892461820181042,-3.6710145779786796,,0.10159730537155,0.2173913043478261,0,3
-0.090368766022237187,-0.9454001227705956,-0.31313270987388597,0.99322052011155859,-0.10863879731741849,0.041359523047934117,-0.073119659168693174,-0.30727222390377218,0.94880835570745625,-22.360971582178983,14.742622741871607,-5.8758026913171149,,0.4185762553353373,0.8181818181818182,0,4
0.41655754707370007,0.90439019628675021,-0.09251044717413015,-0.90476303278039694,0.42235259010065274,0.054974031590295958,0.088790002195985165,0.060800184997130871,0.99419297574180931,-15.622783464860893,21.67266847305109,-4.6301648862835911,0.5535749133442295,0.3980771211603074,0.8108108108108109,1,5
-0.17792602161593432,-0.89452560505557455,-0.41008081244052763,0.98193849068159578,-0.18863960618807787,-0.014556768018892738,-0.064336081244314516,-0.40526416184652203,0.91193301715255393,10.863811563181146,2.2631761970369073,0.28607233844758956,,0.4901593669245558,0.3043478260869565,0,1
0.94080240265913118,0.31427407648469224,-0.12697497391415213,-0.30454654145420113,0.9481994956173605,0.09038318759187236,0.14880269903160495,-0.046362930889632052,0.98777944673911522,-9.8503685526285789,6.2816036490240394,-3.4711668203829822,,0.07668184389919797,0.1964285714285714,0,5
0.87195694358946407,-0.4258917565840537,-0.24146904604911587,0.48019942436007451,0.84008414910041318,0.25232347349085238,0.095391830731850882,-0.33596850165452241,0.93703018335891508,-4.3556320542845501,9.2414886071499929,-2.4954217623714054,,0.455065341557968,0.7634408602150538,0,3
-0.59518363416198827,0.79921548857401792,-0.0837319798471549,-0.80129123865986418,-0.59812596896745762,-0.013329519634346792,-0.06073543012666454,0.05916018990956539,0.99639915669233436,-7.1621407067213889,2.9671408722854489,-2.8970783080157227,,0.1672906456612636,0.3026521060842434,0,5
-0.77149566669981584,0.6351922562303477,-0.036403762008976076,-0.6280671877375984,-0.76948281303859212,-0.11587841958535128,-0.10161714398068057,-0.06653569014607523,0.99259606990255334,-7.6697770453560405,-12.275439433047902,-2.596110671930401,0.8435859089157886,0.617968121070616,0.4305555555555556,1,3
0.15483583124424052,-0.9651298630658065,-0.21106921324883929,0.9878734598447666,0.15373419370301583,0.021721533574199509,0.011484454590293713,-0.21187294566570444,0.9772297386989931,-3.3554524397847718,10.200678184151108,-2.3453253432493422,0.4983716506674146,0.2250684316056229,0.4583333333333333,1,4
-0.5732361329203024,-0.78186344213229453,-0.2451324004933205,0.81335073758904786,-0.57920699323218816,-0.054587880104290533,-0.099302132796479078,-0.23067036404351668,0.96795158431302863,6.9839264883314707,5.9775272729686577,-0.42816739101508705,,0.1428173843018094,0.1290322580645161,1,4
0.61875458661096827,0.77741998224755493,-0.11296429856419696,-0.77655620716702134,0.62702481062514548,0.061646929938734475,0.11875697309320517,0.049578806588218789,0.99168479028319678,-5.9250423721973302,-18.045402505403214,-2.2398754785922046,,0.09718741791470378,0.375,0,1
0.35665858817770157,-0.9056989685593696,-0.22913757838814891,0.93413078224713919,0.34938590229486122,0.073001184483239778,0.013940342084720397,-0.24008096473502863,0.97065276862246752,-27.403926844849284,8.0866453459132597,-6.6782199581315966,,0.3028160494650362,0.6666666666666666,0,4
-0.96839029206833949,0.21224641445523995,-0.13104084011745981,-0.20141573312659775,-0.97525487717886505,-0.091157155439994364,-0.14714599782824642,-0.061882017498871768,0.98717712252330803,-2.1998635706351886,-11.30041682869477,-1.6158294531579478,,0.473601550802586,0.1764705882352941,0,2
-0.51063408778101171,-0.82350291627153627,-0.24717559606144626,0.8524007369926917,-0.52250006247463754,-0.02016601815723806,-0.11254248962224105,-0.22099011653528106,0.96876083551274561,4.6733157486900927,7.5376290117042695,-0.87596332612980277,1.107754763552108,0.2342258317683847,0.375,1,5
