axis_00,axis_01,axis_02,axis_10,axis_11,axis_12,axis_20,axis_21,axis_22,location_x,location_y,location_z,dbh,dbh_approximation,score,reconstructed,number_clusters
-0.6306905619995169,-0.77147410417374096,-0.084006675889824009,0.77552259216350017,-0.63050176955469062,-0.032128299556769352,-0.028180206683757154,-0.085412090348662983,0.99594711243797107,-6.090147666589468,4.5269223431940455,-1.3145646707295633,,0.07317136282234142,0.2700729927007299,0,5
0.78208303097026366,-0.62013953550708156,-0.061425476550271009,0.62316335437465331,0.77884347563496903,0.071205858083253554,0.003683263891815339,-0.09396699932371784,0.99556849920294299,-7.4296828881637191,-1.0708563999835015,-1.3055124133735423,,0.08376470845054151,0.2744479495268139,0,5
0.60999374193712352,-0.74814624925238149,-0.26112224058310474,0.79240251575574461,0.57491066037892957,0.20390190192009325,-0.0024264833636861664,-0.33129280449816284,0.9435248750648968,-1.3989500301044135,-19.674407331608887,-0.97340467177616885,,0.4476448455891961,0.2592592592592592,0,4
-0.98004123778443419,0.1983503356156372,-0.01327842622892977,-0.19807672705447954,-0.97999304182973634,-0.019474294972728522,-0.016875498254519269,-0.016455464942191286,0.99972217902385085,-0.33099824521770554,12.171488007675119,-1.1310433268565108,,0.07167200618810206,0.34375,0,5
-0.54017725247863968,0.83200776532640275,0.12637885242869573,-0.8414474843339087,-0.53634398839806086,-0.065583970735213673,0.013216164828139317,-0.14176813656751958,0.98981166311647828,1.7480221494382844,15.558008394419694,-1.0755643541677631,,0.4323576662363745,0.9166666666666666,0,5
0.80949314779378578,0.58708055619164934,-0.0075673123769793285,-0.58642130612895194,0.80908259603557753,0.038670460436145596,0.028825256164018133,-0.026865839537096564,0.9992233640548267,-3.0872452527313086,0.46515975875376209,-1.1936709204662952,0.1898934672585444,0.1613569254433922,0.7560422960725075,1,5
0.85657349026955776,0.51576979040572846,-0.016228957830312744,-0.51523201884346326,0.85657694906567183,0.028493807885820881,0.028597596505935675,-0.016045361765190377,0.99946221731484519,-0.42050515661501731,5.5918954705722319,-1.1072870097446725,0.4663496032483869,0.4660683510720925,0.9586129753914989,1,5
0.6084894453184384,0.79255784720640654,0.03990806644785172,-0.79068118186417147,0.601232165577124,0.11551256088114023,0.067556373362817779,-0.10184273124277862,0.99250400226451219,1.1132481298738597,9.3063214798388785,-1.0513029502156661,,0.248653586758843,0.186046511627907,0,4
-0.99943101363937237,0.029718186797607737,-0.015952377541904733,-0.027072028672437447,-0.98889187019470592,-0.1461505194187683,-0.020118504898120552,-0.14563549854441238,0.98913373581350716,-3.7258963586040998,-12.437165240179878,-1.1029244137705845,,0.1643222330279429,0.3,0,2
-0.24624202038463211,-0.92205971488329852,-0.29861471763164388,0.96905642140847414,-0.2396819573028425,-0.059010265805890284,-0.017161571137221179,-0.30390531672349913,0.95254765704572153,12.958118702140506,-16.113937518835822,-0.59896244095678208,,0.4968901651241158,0.1538461538461539,0,4
0.91314482084381299,0.4076198688243946,-0.0035466471074645325,-0.40657517811146704,0.91136264680360735,0.0641463214436538,0.029379596827566832,-0.057132902523038938,0.99793420160827395,-10.126083372659391,-0.9628118173581941,-1.3625631886179228,0.3173224129812072,0.2707731092897672,0.8119047619047619,1,6
0.98924490275289367,0.14573984203469753,-0.012426617444786995,-0.14319765455437028,0.98229127580162134,0.12082334714015273,0.029815333430047802,-0.11774441781980158,0.99259624115988387,3.8031695815656041,-4.5868703043184036,-0.95200084362702664,0.6439585879883302,0.5648009033110984,0.7832167832167832,1,5
0.75222641188167383,0.65873785868043999,0.014827636653582213,-0.65818973692896543,0.75017183561377165,0.063470365157631631,0.030687057027372063,-0.057503483311644399,0.99787356610846512,-11.535603660874639,1.9743589004445847,-1.4316826734161332,,0.06809734395315174,0.2105263157894737,0,3
0.99965047104302895,0.0076198441613230302,-0.025315483768014652,-0.0036906191416494929,0.98840858746199367,0.15177234122770475,0.026178523140214623,-0.15162586259060387,0.98809123198207438,-1.6032986242532723,10.543981864502515,-1.1889867827624543,,0.1639359798565733,0.25,0,4
-0.85242127917846633,0.52282812123823974,-0.0053589594362676704,-0.52282331330600185,-0.85243776869316934,-0.0023735140920518117,-0.0058091193378491555,0.00077855500984700039,0.99998282384479742,-0.41901434621055261,-15.042758568579053,-1.0495801665199953,0.407493327289947,0.2801333255390732,0.6379310344827587,1,5
0.99505307420923039,-0.095367551448627991,-0.027828216569764398,0.097722618663823063,0.9900331258294206,0.10141350778822446,0.017879298315242594,-0.10363126888695581,0.99445507228865515,2.1712676304925376,4.8558207360668719,-1.0003677724827926,,0.07368704744122462,0.2826086956521739,0,5
0.93228036921868673,-0.35969373696160506,-0.038389175037560896,0.36144245911676731,0.93054030484996286,0.05877150497785074,0.014582932390049801,-0.068666998189328615,0.99753304779469509,6.3084310461690531,-18.368846998093055,-0.86513583505389036,0.2454555279016143,0.1796131327291514,0.53125,1,5
0.88659733726692513,-0.46000746423999617,-0.04835591375092254,0.46246398642574954,0.88351100322887532,0.074400056671417109,0.0084984004613959559,-0.088325760777898082,0.99605538860677945,-13.432860502740324,-5.336029537395528,-1.3214834787163168,,0.07938580627751188,0.3478260869565217,0,2
0.082938462047062358,0.97504543653831122,0.20593107633157953,-0.99609888342880315,0.074862150301959918,0.046719084794753077,0.030136787240191296,-0.20900252423830104,0.97745062223974166,-18.088457545962289,-10.092038599323207,-1.2573338362579656,,0.3672909307717794,0.2857142857142857,0,4
0.6424512719746226,-0.76350591938141465,-0.065689224441530539,0.76632477520006081,0.63990125737163772,0.057207689419978176,-0.0016437921903837453,-0.087092432987816382,0.99619887877044744,21.944973875775528,-5.0727453766908841,-0.2052365581468665,,0.5829219809883701,0.8181818181818182,1,5
-0.97559784825677553,-0.21787138218146018,-0.0272194655180584,0.21893046956067322,-0.97469279805553544,-0.04520397014215987,-0.016681965552410687,-0.05006006637041379,0.99860688049917656,4.0761965902022812,-16.458702641356659,-0.90913750921793646,0.1744477079833333,0.1711854235577001,0.5142857142857142,1,5
-0.83624431879295003,-0.54644143373747567,-0.04579518295024583,0.54754784293099068,-0.83662861169735359,-0.015618123798236121,-0.029779170373492966,-0.038135620937517122,0.99882875180261788,-12.966858139986753,2.9717231833047193,-1.4938041885913409,,0.07146579538895891,0.2051282051282051,0,3
-0.93632406012539426,0.35113705791974714,-0.0001448646325136089,-0.35003240503664457,-0.93341098992746419,-0.078874833165553854,-0.027831095101703479,-0.073801696715560972,0.99688451673568712,17.545623503157003,1.8180812414041267,-0.40460895526884877,,0.2531070448953184,0.3333333333333333,0,5
-0.28080874482108176,0.958546968800571,0.048313118666101586,-0.95972285009994074,-0.27997609044813815,-0.023354652072375519,-0.0088600128698754412,-0.052925394477624538,0.99855916339059869,-14.691108241011467,17.184404952003309,-1.6546813126701148,0.8355545315333353,0.8518933560082355,0.7866666666666666,1,5
0.96064068896025168,-0.26856390427694654,-0.071013351093269672,0.27754976053580044,0.93862166933079305,0.20483039884059029,0.011644618520705387,-0.21647815405300952,0.97621801441958067,-2.7106794085060519,12.176594556848316,-1.2348969016313411,0.1614456321940073,0.1084637334507707,0.1428571428571428,1,4
0.96804207003499332,-0.24860038675123755,-0.033051450036274618,0.25035984896241403,0.96565710528831472,0.069471584361592967,0.014645704827097072,-0.075526172373077613,0.99703625842633703,4.9174423104649367,-8.7728424515545669,-0.91808628906711365,,0.08017446841206462,0.25,0,5
0.98441498568017682,-0.17427702009726773,-0.02355114082827451,0.1758072263913889,0.97856405253444667,0.10725770012417211,0.0043537474505987057,-0.10972654807919757,0.99395227728989033,-20.521249374024279,1.005274498274485,-1.541447026062553,,0.1760934922318583,0.4,0,4
0.74059948021253463,0.66558800141695651,0.092222677681285267,-0.67126112975379448,0.72664423764333697,0.14627592960359043,0.030346426323116484,-0.17023737624128388,0.98493569847980456,0.4032873980357311,-9.312116694224617,-1.0612597400247183,0.3724614006732255,0.3035425531219904,0.5283018867924528,1,3
-0.87148315327744508,0.49026143095976588,0.012682384116779077,-0.49039835495187273,-0.87087180587843604,-0.033041658350179769,-0.0051543199454194442,-0.035014668916266881,0.99937350672638203,11.090870030349178,-8.0737855844188449,-0.67723206800005353,0.458863888073116,0.3180248911569047,0.6126126126126126,1,5
-0.77643869885531702,-0.62420594594016043,-0.086659586733452448,0.62987042114946179,-0.77306696057022595,-0.075038170524828335,-0.020154391106232395,-0.11284684987921907,0.99340796704650747,5.1987155540717431,-12.615844380692126,-0.91626396264320642,,0.1541986264977559,0.2068965517241379,0,5
0.22526582207274637,0.97429459889875369,0.0023117012362688896,-0.97391074745792106,0.22510897099876884,0.028702041074256016,0.027443858909464755,-0.0087169795566720571,0.99958533846568842,-10.555360760370442,1.1444683000630329,-1.3856231996233164,0.4223775835799813,0.4216473606811948,0.9611041405269761,1,4
0.9303315381914431,0.36670614221458303,-0.0031359700956408321,-0.36566189710204927,0.92826345487632778,0.0679583353886275,0.027831745437056792,-0.062077077920604504,0.99768323146315563,-13.740327203728668,7.5082623653699745,-1.6014042996141482,0.26705913659315,0.2168416623514317,0.7553191489361702,1,5
0.65247371595113235,-0.75618133524191311,-0.049677341159512681,0.75766275153828255,0.6496444501109605,0.062523942385826523,-0.015006829257356529,-0.078433900016417091,0.99680635953220875,20.720452404163854,7.0204650518190235,-0.33530835255335106,,0.1860418643637011,0.6956521739130435,1,5
-0.12815340317160021,0.9873162637899161,0.093719264356155157,-0.99158413762273478,-0.12930876974574065,0.0063356200817879125,0.018373983523313455,-0.092118604650551716,0.99557850489387345,-20.772218887563426,-4.5385320147950292,-1.3885946842232777,,0.08504420012279751,0.5625,0,1
-0.93971824184623676,0.34154027931640002,-0.016729122687505409,-0.34174474120086129,-0.93972408014366104,0.011365960571235805,-0.011838826080927406,0.016397890188254348,0.99979545477782583,-13.155046815849968,14.532423999101123,-1.6059677997536592,,0.08457882189833617,0.7222222222222222,0,1
-0.74585543532303877,-0.66042636940732935,-0.08681405525912915,0.66548527404424163,-0.74443615464991308,-0.054260129748390749,-0.028792700973370836,-0.098243688049183958,0.9947457756276995,13.378747534460341,8.4368083129129356,-0.60044090846845122,0.4069730530800849,0.4344252028830186,0.5833333333333334,1,5
0.75390804235291842,-0.64293184523834512,-0.13513439996539328,0.65697877849926245,0.73739643716934711,0.15692475601883257,-0.0012442978772665486,-0.20708726862936225,0.97832168272732389,-15.652630481177983,9.3975431415788275,-1.6609507462644872,,0.2231365824361687,0.3333333333333333,0,5
0.45417055502829723,-0.88364565351785151,-0.11357581593058692,0.88787936810273616,0.4384157740225717,0.1395056872879252,-0.073480164961542263,-0.16420099910536312,0.98368627989315049,-2.2535495713383651,-5.9699248943500614,-1.124136108489455,,0.1526755113677311,0.4533333333333333,0,5
0.99493026527118356,0.09973971585448424,-0.012874638972737291,-0.098291347200661489,0.99149436807202918,0.085309607588628142,0.021273888052977013,-0.083611644898981902,0.99627130568153721,-15.905890522774149,2.8802179847519711,-1.5693289196736897,,0.1386352217437345,0.6333333333333333,0,2
0.91612350232572737,-0.39742590548814305,-0.052634381666096235,0.40088520131832223,0.90913912142126307,0.11294739158272656,0.0029637561321771899,-0.12457410464580124,0.99220588014851296,-10.67369849800564,-2.2205694186786205,-1.3626163503005129,0.346531573898685,0.1058965034749778,0.1384615384615385,1,3
0.88377896847088289,0.46784245945897279,-0.0076267959145060122,-0.46681502365748173,0.88271553075898745,0.053824022931619891,0.031913454469968856,-0.04400823655019926,0.99852131000772071,11.223687548465199,5.5833396854254067,-0.65100471177779373,,0.09063694155442803,0.4081632653061225,0,5
0.65359600853566224,0.75612114449742851,0.033061646513023873,-0.75618869625232732,0.65059016501191635,0.070079189849594242,0.031478775174053869,-0.070804322139746412,0.99699339751067295,-12.909074400634088,4.4305502247693545,-1.5378282765114102,,0.3194772735669541,0.7166666666666667,0,6
0.38144774376074925,0.92424599275824715,0.016339022313374599,-0.9239876541451324,0.380700276062309,0.03625072128189611,0.027284313574098627,-0.028924810741038996,0.99920914805479344,-18.980589218017542,-1.5030182096907909,-1.4623221385852911,,0.09255599872255987,0.36,0,1
0.90035359073182486,-0.41858100250409641,-0.11896787801324994,0.43474528894679265,0.87714905529550946,0.20397565671610393,0.018972226935175394,-0.23537093944848334,0.97172042042362106,-5.0506874210819559,-6.4699265567773665,-1.1875860519194865,,0.1531555290330383,0.1818181818181818,0,4
0.37412439828332467,0.92668060282851028,0.035972141311428722,-0.92640993933175186,0.3716800242886662,0.060154666087645227,0.042374035876699648,-0.055830277503928473,0.99754068648720007,-7.7073598979457723,6.3209498972050389,-1.3687364294838993,,0.1128867327943978,0.1320754716981132,0,5
0.84966703115838993,-0.51622470502352646,-0.10760106916690557,0.52702676532574388,0.83812719745280351,0.14066125806416205,0.017570566091373668,-0.17622387696700656,0.98419328406261053,-15.014536254577784,-8.0596033850400826,-1.2902920642220279,,0.3370957237386921,0.52,0,5
-0.96165058208144427,0.27358362397933711,-0.019497658135105123,-0.26775496560950807,-0.9518174205157961,-0.14950209494889494,-0.059459535600876141,-0.13854818184656911,0.98856915030418546,3.7813026534058407,-18.468224149272896,-0.90333731859317135,,0.3674531771909203,0.4545454545454545,0,4
-0.77495621363872425,0.60575220979631583,0.1802973301788259,-0.63102167653600993,-0.75757361770327603,-0.16701454278491548,0.03541907232573132,-0.24320048126361007,0.96932915731898484,-13.548820496566451,0.63264317486616028,-1.4545864717581538,,0.2853919593626078,0.417910447761194,0,4
-0.59314859399177866,0.80486014489732904,0.019362143513229561,-0.80507709641588521,-0.59311650211967193,-0.0079802092637339377,0.0050610544497859036,-0.020321468184562472,0.99978068778041529,-1.3339892464645327,11.84219286986597,-1.1856127278123338,,0.07522598455358809,0.1851851851851852,0,4
0.30315233472130249,-0.92193326603964376,-0.24111763710375683,0.95282779320258582,0.28933346992433823,0.09168063962600019,-0.014760028919814634,-0.25753678601515878,0.96615575628118489,-28.314882777951865,2.1831167830237557,-1.6014346775864281,,0.3540196219325825,0.2962962962962963,0,2
-0.34238525128415326,0.93042231467402647,0.13071593651776245,-0.9394482983945841,-0.3411572130975416,-0.03238287502740702,0.014464935071035245,-0.13388828293822841,0.99089085844266656,2.9526465689735186,10.817063698597531,-0.98259081692936734,,0.2686099171374713,0.25,0,5
-0.2812909495775674,0.9513153857736063,0.1259938033244814,-0.95950527194257418,-0.28087428240186763,-0.021430599610025143,0.015001159960474953,-0.12691995223625613,0.99179952153859652,-4.656667542019763,10.45777406404331,-1.3328997117696952,,0.07247163318991043,0.1666666666666667,0,5
0.27940682337573641,0.9579410239990136,0.06542798782479213,-0.95982091644441936,0.27681053971045766,0.046040563213321416,0.025992987648110477,-0.075663198748970206,0.99679458513186092,-7.7924389206115432,0.98063677847834096,-1.3188787462896163,,0.07602730786618025,0.2696629213483146,0,4
-0.037849499033017792,0.99910196849064303,0.019043948673348902,-0.99914724572289826,-0.038152112223919517,0.015785996870672704,0.016498387415048384,-0.018430216791373043,0.99969401834847793,-9.6564200915208982,-6.9214213012832086,-1.2388550155072382,0.177311723852364,0.1388961471022755,0.7122302158273381,1,5
-0.26850517898772369,0.9566594084218959,0.11272863493646949,-0.96317537461983882,-0.26834195913519482,-0.016905345113898771,0.014077165293657979,-0.11311661790097349,0.99348198985786407,-5.1428869685405401,4.5331040182509685,-1.2814152557786025,,0.1905123220984517,0.4493670886075949,0,5
0.85295680596771994,0.5219492250296085,0.0058046226696679883,-0.52128176436613982,0.8511851045477673,0.061231037353056524,0.027018684140245164,-0.055253273993477445,0.99810674099533658,-5.083944920987439,5.7038210795212487,-1.2883581224306782,,0.09198390167870532,0.4962406015037594,0,5
-0.55589396984724948,0.83125183200191577,0.0015119791407127627,-0.8312170404671736,-0.55588583136832603,0.0083170981078501665,0.0077540908207368048,0.0033666418581905131,0.99996426926072712,-12.768195234582778,-7.285466950172669,-1.2889016799988622,,0.08705660980756649,0.4285714285714285,1,5
0.019501804753211033,-0.97622460606499262,-0.21588237103713881,0.99926684402440658,0.011916205548535747,0.036383766693767132,-0.032946229600199613,-0.21643364470103604,0.97574126867554167,16.17936815662399,-19.256705432284434,-0.41140835745451904,,0.2729993670282055,0.3571428571428572,0,5
-0.89131503771040876,0.45212541265158573,0.033765585822327845,-0.45338448556473826,-0.88882191330765259,-0.066619176468343519,-0.00010863005670344662,-0.07468746654396613,0.99720698480343273,-1.9301664171687489,7.6757144764590599,-1.1754726853749839,0.4559853311685509,0.2659699326841439,0.28,1,5
0.82883100384764452,0.54498480370733193,0.12661252224400119,-0.55894633667190163,0.79647632315584027,0.23066091860827981,0.024862819268297157,-0.26194852620359432,0.96476153003620402,12.228269533192774,-10.352608358577461,-0.64499471412525933,,0.2852057857178448,0.3333333333333333,0,5
0.53929889020565636,0.84052777519954869,0.051669779765778474,-0.84155738052692064,0.53569536193987766,0.069366090251441179,0.030624864140352495,-0.080892140002599047,0.99625226693954594,-8.5113037604261361,4.3481453070030334,-1.3914248924159391,,0.08764253924245571,0.2461538461538462,0,4
0.47493491623118533,0.87842015235783344,0.053055266243022807,-0.87955991310651427,0.47187145204943159,0.060923657119565537,0.028481302648200774,-0.07560005735713439,0.9967313814298514,-2.3666204582577142,-10.922836123606697,-1.0908249379117354,,0.07087014032961854,0.3103448275862069,0,3
-0.95127363096161965,-0.30538466393650965,-0.042646055731806014,0.30691471207520404,-0.95107195436446867,-0.035573826518148811,-0.02969576651460425,-0.046929145035188538,0.99845671753830911,-9.4590406296491523,7.2938114687776716,-1.4543190806649293,0.1866400194710475,0.09364397645172531,0.1702127659574468,1,5
-0.82417766472473275,0.56518237448379238,0.036056352307861639,-0.56620522186133226,-0.82097893290977819,-0.073520326817021725,-0.011950887240941508,-0.081009106223835198,0.99664171145049385,4.539487151209558,11.733124310105396,-0.92245673640629133,0.5792814160873044,0.3940864787682288,0.2972972972972973,1,5
0.68221418721994087,0.73100561508941941,0.014649008962210629,-0.73091138684360357,0.68133805537324799,0.039331906673345088,0.018770917350930401,-0.037539912199420426,0.99911881558394433,5.0770852526638803,-20.30187590855639,-0.90246206231542958,,0.1090054652107343,0.1333333333333333,0,5
-0.40752983961589329,0.91273518338762927,0.028877583503397048,-0.91312870451287531,-0.40766983602010881,-0.0011286248164742679,0.010742384152646396,-0.026828898704363571,0.99958231845957957,1.6646938206155801,10.84895483176032,-1.0376985959020841,0.197714575178401,0.1329937537047377,0.6428571428571429,1,5
0.99745427496327943,0.066707133021981196,-0.025201741238788128,-0.060302095756566282,0.97769294603745371,0.20119682034259653,0.038060827695217569,-0.19916491074632808,0.97922658854963829,-0.74479898748941942,15.478879277635725,-1.1719186708127873,,0.3112683232725487,0.835820895522388,0,6
0.93113646672194994,-0.36208756690263633,-0.043329830776171877,0.36467086589239528,0.92460518523711133,0.11009273818893314,0.00019977450661534335,-0.1183124901571054,0.99297639184573305,-14.850124992995964,4.708434293565297,-1.6099385471433922,,0.1642133543440831,0.3157894736842105,0,3
-0.23953653157185051,0.95905873960196653,0.15109131025844938,-0.97079628781297866,-0.2387273905493387,-0.023744485044817531,0.01329727833309971,-0.15236655471129698,0.98823459532357061,-9.7570593677715642,-5.7104932563102775,-1.2536934748222142,,0.1340173908246024,0.3043478260869565,0,3
-0.68091182700350783,0.73066442971934076,0.049885619066592141,-0.73223731854769025,-0.68048542817213264,-0.027714461414202633,0.013696465705974789,-0.055399216495375832,0.99837033892181748,-4.2564888328663946,14.711978428891154,-1.2881726017319868,1.264157727146602,0.3083157128523796,0.3684210526315789,1,5
-0.41459591112391159,0.90255216042112862,0.11623178652368875,-0.90994519943007557,-0.41264468192221626,-0.041522289381418824,0.01048639659248763,-0.12297952756645186,0.99235380348242663,13.808715285800035,7.4127387698875378,-0.57588044162726448,,0.1822329633798668,0.1428571428571428,0,4
-0.91084148358886952,0.40660456626196384,0.070996608852449863,-0.41185705188197791,-0.88396319233716336,-0.22132068002827313,-0.027231610101374426,-0.23082851056143766,0.97261330348873754,1.1942595594078322,18.688657514333695,-1.1258584647865832,,0.410218138423826,0.2857142857142857,0,5
-0.99492451331488685,0.10021708779285998,-0.0090414666649828775,-0.09775930814419713,-0.98397670602528309,-0.14910720864801053,-0.02383968280627323,-0.14746652947008554,0.98877969852224634,-8.8309212877910301,-11.036438175847536,-1.180681219953734,,0.1755990818117069,0.3461538461538461,0,5
0.78078446348666908,-0.61911388451777016,-0.08410481303202455,0.62478773551893396,0.77280316261168147,0.11142512015926166,-0.0039883734726470586,-0.13954665834300869,0.99020746463675091,-3.9210939218281156,19.608706854371494,-1.3049066348837728,,0.2135742483331625,0.4375,0,5
0.63902219363963086,-0.76709249113937072,-0.056742806359835717,0.76918583431554877,0.63709234332301212,0.049663853731736818,-0.0019463618081476748,-0.075382067607548051,0.9971528245755128,-14.987324756551489,0.32531604167534178,-1.4724327478468249,,0.09858379944225992,0.1590909090909091,0,4
0.91087797116012659,-0.41032046192284127,-0.044027720615971745,0.41267275981915813,0.90608244271580729,0.093358450637289175,0.0015858620530355206,-0.10320719708228668,0.99465861455675664,-9.954681443891646,5.7218560296304126,-1.4480658046518129,,0.3256842263926462,0.3615384615384615,0,4
0.94164016233981374,0.33648941693241385,0.0094168445422350075,-0.3353970047671993,0.93546502671860021,0.11141827937802302,0.028681943132216999,-0.10807430813496831,0.99372898219751382,1.3828943359459105,-9.6044349713836858,-1.0327404862989715,0.206539691262566,0.1849398709568948,0.572463768115942,1,5
-0.92849627995148598,-0.36534929893512674,-0.066442064115010635,0.37092338966065941,-0.92097425605893757,-0.11925711165097405,-0.017620928434630683,-0.13537470016327899,0.99063777105297346,-1.0353773396729211,-9.034352720274752,-1.0826134933907037,,0.5438026126675115,0.3846153846153846,0,4
-0.044091445340824355,-0.99758906598147767,-0.053591042926596472,0.99877397747659757,-0.045225217254013128,0.020130117732005529,-0.022505251905593042,-0.052637773115230761,0.99836004451206639,5.1790121272685106,-14.822970595497981,-0.90425398579902661,,0.1481254457597211,0.5238095238095238,0,5
-0.95360506073131546,-0.28961177657112697,-0.082233855673562339,0.29641333812295184,-0.95098894077533735,-0.088086136853713165,-0.052692704717381723,-0.10837459755089371,0.99271266007604075,1.644280550622309,2.7668258925154334,-1.062657925032179,0.2937578701942299,0.1404023869830831,0.2705882352941176,1,5
0.39331048962093818,-0.91455366818904738,-0.094331578785135095,0.91932888902189036,0.39252845365039379,0.027491942175990082,0.011884972188236443,-0.097534614762088301,0.99516116602251703,6.3093597198522398,-20.161335634004686,-0.90044305007736625,,0.3822826029308872,0.5714285714285714,0,5
0.53373430410037037,-0.82351165449303354,-0.19224007787306058,0.84562361948895004,0.51787274955872387,0.12933873908035035,-0.0069560613065970259,-0.23159527235812516,0.97278735756200341,8.487589808002971,-14.147266277990974,-0.78846886920455761,,0.1956586631223005,0.15,0,3
-0.94293382130505243,-0.33016754890869182,-0.043187941449884047,0.33239153924521914,-0.941024919741975,-0.063150336996756914,-0.019790737157721144,-0.073901894916413149,0.9970691233061616,13.702244028855253,-14.981910097499377,-0.56260112782993588,0.1562447077199562,0.1436942968503891,0.3333333333333333,1,5
-0.96946523663114947,0.24406148402561462,0.023898681531074283,-0.24494579274045969,-0.95905665497896353,-0.14216853083333408,-0.011777673049325248,-0.14368132987892188,0.98955392064392689,4.424250855868392,-9.756125211596439,-0.93740846259750876,,0.4353420686428565,0.3129496402877698,1,5
0.99849159860931846,-0.054129868658471005,-0.009191562741086675,0.054814527855675942,0.99237473844543489,0.11039812512589656,0.0031456386578844753,-0.11073543161233657,0.99384494220329067,-23.175893654980026,-7.0724182325260889,-1.3452631406365247,0.446250007779784,0.3922234711433923,0.961038961038961,1,4
0.96210098286563406,-0.26976851585604106,-0.039832733044716837,0.27240706304495649,0.95747443012783828,0.095063703139495928,0.012493629264703451,-0.10231160004712089,0.99467393940104598,-15.381876584008188,-15.461010671559482,-1.1574775784503577,0.9035781547248635,0.8715153100089879,0.7307692307692307,1,5
-0.048619957313617068,0.98773757811860241,0.14835961891034213,-0.99788611698464824,-0.054448327632066369,0.035477840229837541,0.043120729123297209,-0.1463210729542094,0.9882968917938606,-8.6538921763684282,2.7730553586333828,-1.3746413557245551,,0.2084245441329318,0.1354166666666667,0,5
0.71214628664687818,-0.69939516097329824,-0.060778904417540608,0.70179056632958159,0.70696315343945648,0.08771032259514551,-0.018375729260831881,-0.10511664228880997,0.99429011062569594,-8.8700103107082313,5.461231325176521,-1.4072124357478673,,0.07971328877693776,0.1864406779661017,0,5
-0.59420390836710391,0.79823946533605039,0.098668491735078745,-0.80429910652968128,-0.59046209096621316,-0.066764259655627337,0.0049661370113119234,-0.11903056377176498,0.99287817096125164,-1.3932377355870289,-1.897322968348566,-1.1352482317655046,,0.07169400155439784,0.259515570934256,0,4
0.3737963919329732,-0.90126610966439014,-0.21907911116377068,0.92680113779217643,0.35370365923976121,0.12622746304798879,-0.036275451272446267,-0.25022613974327207,0.96750760752779708,10.110558924459154,13.00391315248558,-0.72490981594502368,,0.3039198029880897,0.6111111111111112,0,4
-0.32011320171329649,-0.9046231027744005,-0.28139754799159156,0.94700785158557366,-0.31386311784738763,-0.068308654579007394,-0.026526724715644399,-0.28835218948697894,0.95715690860690483,-16.221395116192646,13.32445195093063,-1.7053414943416341,,0.4587683600046807,0.25,0,1
-0.60966317883514243,0.75217290458921537,0.25009344248590876,-0.79264839915358454,-0.58026351601712944,-0.18709026510938079,0.00439587214201188,-0.31229821258095919,0.94997394844640304,-1.9613022708896328,18.387225583543145,-1.223417927237187,,0.2945609528113886,0.5,0,1
-0.19452752298251974,-0.97586622130316469,-0.099217744994371568,0.98029154548912534,-0.19696392728852422,0.015287157669869125,-0.034460537500563611,-0.094288543665515534,0.99494831116425764,16.127312786051796,4.9789580843908272,-0.4695048090513394,,0.1517702735578869,0.1904761904761905,0,4
0.077394313161321449,-0.98694223004495429,-0.14126271569023544,0.99680459625835982,0.073789349614830482,0.030589683908612671,-0.019766566937529255,-0.14317879185589349,0.98949942718234596,12.983882975865445,1.3636758414795216,-0.57592916525098858,0.7465575715901697,0.7168902992383679,0.5465116279069767,1,4
0.39862403569743809,0.91702970492071678,0.01246589175750598,-0.91678918932616482,0.39808389134904865,0.032043685541321303,0.024422540796566108,-0.024201978047692779,0.99940872707797468,-11.593952426933587,-0.47289889218998349,-1.3877203079696843,,0.07082499215230638,0.2533333333333334,0,4
0.99503240508356539,0.097473544451961769,-0.020234153443782227,-0.096311763611705792,0.99398697473637021,0.052095472398675201,0.025190415312534815,-0.04988789619145776,0.99843709906532008,-10.477940244269803,4.1786231214305687,-1.4531922647996314,0.2749619401508231,0.2634387372852846,0.7342192691029901,1,5
-0.20704250178260139,-0.95566722602345799,-0.20936464735057325,0.9775254869417811,-0.21076672665306787,-0.0046162013803692,-0.039715549031011113,-0.20561502873228735,0.97782674085166299,18.068451718961857,-14.057299359924496,-0.3565163185768298,,0.424209351072411,0.625,0,4
-0.92925740008848401,-0.36565739170397132,-0.052681650249782143,0.36663994687714302,-0.93030880572481467,-0.010033710420139839,-0.045341302746145895,-0.028639097107240229,0.99856094875684231,10.582701064550253,2.8172215267529017,-0.67771309765976362,0.341386008047378,0.2627661811422954,0.5625,1,5
0.63189876380898491,0.77477064451216648,0.020842281518099647,-0.77451236908133991,0.63022898281232709,0.054240384985272706,0.028888448152987651,-0.050417037056360803,0.99831036253149752,-4.3927223517146494,-9.271555728814949,-1.141660267676524,,0.08942779608178195,0.3265306122448979,0,5
-0.45486564517024852,-0.88250998396537161,-0.11947122266592869,0.8904376453525682,-0.45291636864363516,-0.044582090054587666,-0.014766332748050653,-0.12666053535376012,0.99183620835351205,4.0078976356954668,-5.591782007991795,-0.9440023457547384,0.7399110344093544,0.6421535178169684,0.1594202898550725,1,3
-0.70492411107986985,0.70892170948226496,0.022627581465953995,-0.70928218222240835,-0.70460457076426775,-0.021241112021741792,0.00088521188049451975,-0.031022712370861426,0.99951828783523577,1.1256107912095714,-14.652918535097148,-1.0277126453318708,0.1501587570582801,0.1084381396792107,0.32,1,5
-0.98714489283093343,-0.15785437485068568,-0.025039107378359359,0.15915267560643387,-0.98522223399146025,-0.063305414430287463,-0.014676048688902647,-0.066476657477466602,0.99768004270181987,11.984742679129443,-15.9569130091001,-0.63787387325680411,0.2335360148195712,0.2342501931319773,0.8095238095238095,1,5
0.94475350888188669,0.32739915971726247,0.015830277059977454,-0.32773573172720682,0.94271057591943364,0.062338272344395464,0.0054861283796053817,-0.064082448970698327,0.9979295276367578,11.7344430782499,1.7955268790604639,-0.64270770984052539,0.2440525086652357,0.2147713870968996,0.4705882352941176,1,5
0.14629928965607356,-0.98808608055546709,-0.047774629864226148,0.98907773904572727,0.14522886948862845,0.02517541640663928,-0.017937223038168772,-0.050935968426942438,0.99854082698209634,-5.4889076843817985,-1.4933212813306875,-1.2473831282462087,,0.09443683707534903,0.3093922651933702,0,5
-0.84933267300535864,-0.52501748187518626,-0.054686874942803734,0.5268683046769812,-0.84951953514763889,-0.026950861384041493,-0.032307895201871037,-0.051703028228301966,0.99813976815857142,-18.479418082140999,4.6265184517129869,-1.6455531091114017,0.3588386385828048,0.4190170109515874,0.8701298701298701,1,4
-0.77145097067361268,-0.60564005259172049,-0.19509876099924023,0.63320419969087827,-0.76088704723918854,-0.14178625757619637,-0.062576683681505221,-0.23291850085454141,0.97048087596773258,-2.1874562175237373,-12.701035277599406,-1.085416417651945,0.5029892096445531,0.2662751129201409,0.2758620689655172,1,5
0.59642154942155678,0.79268636403881465,0.1262127713526448,-0.80079867199894683,0.57689327053394046,0.16098335733043498,0.054798013744243999,-0.19708496309860662,0.97885376589667761,-9.3633821577580019,10.700974590567947,-1.5116125622854804,,0.2639499949892733,0.3103448275862069,0,4
0.35689842066557831,0.93383532294836857,0.023981387372957713,-0.93370814606419017,0.3558312204129413,0.03966409652078208,0.028506408047824752,-0.036547670149445703,0.99892524870825927,-10.059249319933183,15.360143829652516,-1.5019853494521771,0.2915303769466481,0.2634640967538742,0.6451612903225806,1,5
-0.9719378539850585,-0.22270723322434058,-0.075751542957749038,0.23340830469201088,-0.95309206849386985,-0.19270721905232083,-0.029280903191703962,-0.20498048015271339,0.97832797745165301,17.691046471677677,3.2178391158321729,-0.40273671039909731,,0.4446342308375134,0.3725490196078431,0,4
0.47774212268430444,-0.85406019213469353,-0.2057757333213629,0.87849784969556366,0.46391735699002484,0.11411491560554127,-0.001998072412372012,-0.23529104125367675,0.97192290517941515,-7.8275782739181352,14.815658084490808,-1.4214670371133153,,0.2754419566341951,0.24,0,5
0.99421566279215201,-0.10371125794629137,-0.027913989932641995,0.10542099767399249,0.99202973174825249,0.069017567161630433,0.020533609234176919,-0.071561066947663149,0.99722484154233226,1.3845527988460642,-12.950378599536194,-1.0268064278239288,,0.3092018039861089,0.4857142857142857,0,4
-0.90413078450709161,0.42495475642889008,0.044282948129666481,-0.42725103841330708,-0.89876174134652154,-0.098406719620765415,-0.0020185839944317006,-0.10789248018389457,0.99416051925150672,-9.8414764707396696,-8.2508880819905652,-1.2351599381196361,,0.1782693058585573,0.3846153846153846,0,5
-0.29986966637707496,-0.94880041437168916,-0.099277171973281259,0.9536188000500273,-0.30099265756177679,-0.0038215553174742178,-0.026255806558691596,-0.095818546127613216,0.9950524804450982,-19.720024407283361,10.79502059538563,-1.7582198088303256,,0.4184938205674926,0.2647058823529412,0,1
0.94733892548052356,-0.31635560317594397,-0.049679901455135421,0.31999041842803827,0.94119467391139944,0.10843762223077411,0.012453609262234917,-0.11862427297985692,0.9928611128835414,-26.029132845035637,12.615406628944831,-1.8901419326443416,,0.1410150826940222,0.3571428571428572,0,1
-0.54413307948080492,0.83835773364366217,0.032794851037933573,-0.83898042499669478,-0.54396480530407909,-0.014633422800643441,0.0055712015852288762,-0.035476767473367518,0.99935497231090964,13.81003014780471,-20.675981695976503,-0.58751928903155515,,0.1668826260879506,0.5294117647058824,0,5
0.24619653378606962,0.95634982544180991,0.15742388042843367,-0.96478546407568255,0.22629645687275918,0.13408550225548774,0.092608180308197632,-0.18489165742200631,0.97838581344771591,-10.118924024005189,19.476449694350599,-1.5105317644243939,,0.2892070546909642,0.2666666666666667,1,2
-0.015356259843662694,0.99971700902417904,0.018168300728546943,-0.99870943353084551,-0.016215476154660867,0.048130299288236408,0.048411286495108737,-0.017405751946601749,0.99867581683900875,4.0475884795866648,2.9864774621205545,-0.95345711342018158,0.6655242766525193,0.3969571366963874,0.7246835443037974,1,3
0.071644917772607578,0.98462081540533353,0.15933880766433567,-0.99703282734619858,0.066187765645789931,0.039302937204014878,0.028152210417675096,-0.16168187761574843,0.98644129247474444,11.83949257276741,-13.853523807245079,-0.66351946792874605,,0.27607658262433,0.5454545454545454,0,2
0.96727444330358481,0.24534153088897126,0.064712321491327815,-0.25366276560101203,0.92905344347577801,0.26928590849401296,0.0059458119199188369,-0.27688848366599839,0.9608836635793937,-16.829349421364455,25.818181256044703,-1.7612552066437803,,0.340266760993968,0.3095238095238095,0,4
0.96822036682044954,-0.2485530429402748,-0.027761594320265291,0.25009579464567155,0.96275391300164914,0.10274724570791052,0.0011894429885665277,-0.10642503392126154,0.99432001759002808,-0.30137383881245855,14.017135854391142,-1.1408303908399031,,0.1222733565043626,0.2142857142857143,0,5
-0.72699120800225281,-0.66999829542654166,-0.15028661820985562,0.68602296742487567,-0.71804747658517376,-0.11738956314440166,-0.029262119762490723,-0.18844125210577967,0.98164842120374873,-11.686485088612178,-1.697973950106572,-1.3692247296510212,0.9246951874742704,0.786631957550963,0.3942307692307692,1,1
0.98866510222065762,-0.14124543738844902,-0.050902279594960735,0.14751343484694501,0.97696416416797882,0.15421027355925448,0.027948205500066287,-0.15997108597652798,0.98672597485868252,2.8219395359923931,-9.6014949797896278,-0.99424250438633555,0.4087447878764254,0.1626829171209463,0.1395348837209302,1,5
0.51440397389978443,-0.8256751675757833,-0.23162268732749944,0.85747035875107003,0.49160586578317383,0.15188237748628966,-0.011538435744139902,-0.27673848734189233,0.960875993104365,13.301150856235409,-1.1359553168412184,-0.54772381285243421,,0.3667722784036122,0.4285714285714285,0,5
0.78009424316367693,-0.62279976939347959,-0.059778081487441251,0.62564665527683261,0.77717615164642195,0.067553623536940194,0.0043857181627155245,-0.090098149567496857,0.99592323445168729,-9.7073068986579774,12.759613790678793,-1.5002772650832648,,0.08317350627923945,0.5238095238095238,0,5
-0.85919505569735644,-0.50764284115858271,-0.06389524305969399,0.510891548210062,-0.85799740213227649,-0.053200412609201525,-0.027815143946083882,-0.078353071124910564,0.99653756277049188,1.7192354804208019,-0.98837508842974076,-1.0378295508184598,,0.06856666210479538,0.1964285714285714,0,5
0.46631755584824286,-0.88301694822548049,-0.053188403381570527,0.88438622996481098,0.46397779829280628,0.050848785039458715,-0.020222100690825553,-0.070750772701927811,0.9972890227039154,-10.522532704389977,-6.1768491897143951,-1.2607000524221839,,0.06940189661268541,0.1851851851851852,0,2
0.75879908593794088,-0.64891737928783355,-0.055948029795122811,0.65131187887714082,0.75651980430961041,0.058911986224179216,0.0040967808428792295,-0.081141977703031429,0.99669413354407099,18.217339923302422,4.2433539360677397,-0.39133727668966101,,0.09664913949486875,0.3043478260869565,0,5
-0.96874033174946039,-0.23729054130287019,-0.072355847380399671,0.24729817431350098,-0.94680313875312061,-0.20593064227658747,-0.019641349830245004,-0.21738678767447997,0.97588790438319073,19.869160978436089,-2.9182198048442403,-0.29233144990167653,,0.3124227423246574,0.125,0,2
0.10597731769906593,0.9801746779386542,0.16741089827477221,-0.99414869295773522,0.10090132633569289,0.03856551094078426,0.02090895558694859,-0.1705183951119435,0.98513262686031722,18.810102051476576,-6.3865307418068786,-0.32468609657138431,,0.1217705554341513,0.25,0,4
-0.63326006590922679,-0.76072917431267839,-0.1423826263073997,0.77338772223111241,-0.62895092214224912,-0.0793231910514582,-0.029208218480651679,-0.16034918423854005,0.98662810576590665,14.298616639653874,-10.432024550026211,-0.52717162367609238,,0.248302136744143,0.3846153846153846,0,1
-0.99898803127554847,0.04244992982150516,0.014863271051623267,-0.044578269526785931,-0.97840364258888479,-0.20183926787124454,0.0059742157813358083,-0.20229759174778147,0.97930587311567097,-11.648418234666849,-4.7398882641481102,-1.3174965741463911,,0.3800670957625803,0.6,0,3
-0.6719607485834127,0.73476833112331619,0.092651238208000183,-0.7400271869647459,-0.67104013198483436,-0.045441212778932198,0.028783935037859275,-0.099099146535336399,0.99466117057001036,-5.7486684799906183,13.469092404398147,-1.3407530690568021,,0.6446057001704497,0.8780487804878049,0,4
0.67937700901907461,0.73377332280787344,0.0048569899926894098,-0.73321845999310187,0.67857248055193309,0.043932659411204951,0.028940793728591277,-0.03340807347167974,0.99902268797323623,-9.0874933615564988,-1.7796360597511098,-1.3375796594364271,,0.0644354853821484,0.1578947368421053,0,2
0.96212538304941375,-0.2638589636148222,-0.068506894632091586,0.27185178035958452,0.94736532823498232,0.16910217140400594,0.020281933027813764,-0.18132121270920712,0.98321475833833938,12.890052719306111,-17.884192235803205,-0.62231421061059089,,0.1160451944818574,0.4545454545454545,0,5
0.17321848854322991,0.98007117399913091,0.097241190463533009,-0.98487061367576978,0.17287342390400537,0.012027203566070876,-0.0050229020210068465,-0.097853324949498638,0.99518817178040064,-23.896925230701999,9.7394825374661913,-1.7894373304076014,,0.6948316446283563,0.9310344827586207,0,3
0.43111779361097607,0.8942462612018226,0.1202541989228022,-0.90220168569266501,0.42530387516305501,0.071754666082434373,0.013021765061505522,-0.13942825430252467,0.99014655255514206,-12.541174317539861,-9.170202121126664,-1.2619623792913588,,0.2682592707335815,0.2413793103448276,0,4
