axis_00,axis_01,axis_02,axis_10,axis_11,axis_12,axis_20,axis_21,axis_22,location_x,location_y,location_z,dbh,dbh_approximation,score,reconstructed,number_clusters
0.29678381124544528,0.94701461436018086,0.12281160193916997,-0.94643833118094844,0.27457020969719181,0.1698990441946667,0.12717647052048975,-0.16665689345201851,0.97777892450741288,4.5227117280045697,-22.257214036962992,3.7747299384497395,,0.2283092151542815,0.3076923076923077,0,4
-0.84307977654948207,0.53432399427492894,0.06094554549234555,-0.53127129262884043,-0.8450868272118236,0.059825313217176455,0.083470377989770667,0.018058892965451719,0.99634661257170232,-20.85724565407056,10.119958410905085,-2.5195321452681188,,0.3449887907094785,0.3333333333333333,0,2
0.15618258458211767,0.98705096599329389,0.036570354181430204,-0.97319396262973057,0.14745067009255261,0.17649875634207796,0.16882094471448919,-0.063156079841633975,0.98362126766593683,-0.27317225858390443,-6.7327354785096496,0.31322868088030409,0.1100625297912501,0.09383592876929085,0.4318181818181818,1,5
-0.71957631569017555,0.66796482210702113,0.18982339772875426,-0.67660240214157763,-0.73593061349510225,0.024805675499162527,0.1562661681682895,-0.11058539030205768,0.98150484264609794,-5.8745095985879834,14.850485554816579,-3.5252136907076546,,0.312427072775055,0.1666666666666667,0,2
-0.74813595461648963,0.66347935840733785,0.0093666630910714654,-0.65543087150604806,-0.74111412975423718,0.14546552634711371,0.10345514045660927,0.10268879026460354,0.98931898105064975,-6.7531046082513715,-7.1371448195966245,0.36739128196865234,0.2335462977608159,0.1689152852150266,0.7678571428571429,1,5
0.69059374481626634,0.72302975260059232,0.017557234263194166,-0.71260421100216986,0.67608635153249186,0.18735656842891785,0.1235941668632522,-0.14189863327675514,0.98213505170702886,14.374815569295219,-1.829646094827607,-0.51425347668096344,,0.08723190094614615,0.3636363636363636,0,4
-0.66072220060723663,0.7498598138244732,0.034006370518714898,-0.74028874765025288,-0.65844441510114604,0.13573327640829069,0.12417223412321482,0.064507455640686245,0.99016162541254515,-25.844966589941166,10.812889697557384,-2.4808123011639718,,0.439138249030778,0.8627450980392157,0,1
0.30399981954507116,-0.94938191614490886,-0.079108071734717067,0.93933198319615097,0.28486015883900184,0.19107620273337175,-0.15886955360090294,-0.13239587305969761,0.97838223498559596,0.47637162822381324,-16.843500512640173,2.5531310368605524,0.1910701676134252,0.1629069685226227,0.4333333333333333,1,5
0.91635834120405646,0.39223303684202776,0.080253568864136371,-0.39450738908177074,0.85049038144392752,0.34789370651284757,0.068200516608267467,-0.35045592573252832,0.93409278642612492,-2.4666948900050243,-15.213312760219399,2.1153566605663925,,0.2310026756139207,0.3333333333333333,0,5
0.16289072636304605,-0.98355933981180732,-0.077959196595910898,0.97287504560306881,0.14696086554582455,0.17865231496078621,-0.1642582019496899,-0.10494536229382764,0.98081889970843805,-5.6690850432595994,11.560845653893013,-2.9843587000072218,,0.1144810759577216,0.4897959183673469,0,5
0.46915028904377687,-0.88141404292349657,-0.054838774853177528,0.87165710020860632,0.45219607138955259,0.18903071886806969,-0.14181645160581716,-0.13648442386262116,0.98043872633470741,-13.537825442570133,3.1298835308286157,-1.5055688182084124,,0.07101189383997228,0.2391304347826087,0,5
0.79358544649612406,0.60254951196603934,0.084594472272328178,-0.60402293435505228,0.7633914234343685,0.22888824653083348,0.07333780663926448,-0.23273938269303537,0.96977004792940724,-13.498468943122676,20.290084822186174,-4.3855657402068031,0.6734386850432779,0.6108384616246012,0.8333333333333334,1,3
0.070803722585439613,0.96115099930757764,0.26678753606210126,-0.98341846473513828,0.022495116817372332,0.17995025128449985,0.16695794705861106,-0.27510493679579007,0.94680637812836699,-16.338066387064963,-1.0601397957057752,-0.55202130584576226,,0.439442512926451,0.3790322580645161,0,1
-0.67324302539713365,-0.73700855754843009,-0.059684293197592803,0.72890602441991448,-0.67506764715606959,0.11392839561550618,-0.12425713789746314,0.033197256867855046,0.9916945627651591,1.1893113455591648,-11.255639820654443,1.2474474669618241,,0.1777647194730252,0.7058823529411765,0,3
-0.86050051818567663,0.48247559333841061,0.16357310303020631,-0.50274252137266073,-0.85613904075360536,-0.11948179820105029,0.082394268041179539,-0.18504930351191601,0.97926908450318839,-8.0615301405426401,-10.321986687854727,1.0395213227195579,0.5331884978924814,0.349096131223021,0.2452830188679245,1,2
0.98240794347513671,0.18656928392027447,0.0081568924491481655,-0.18434794126256984,0.96187968165606463,0.20199830338267416,0.029840729702926529,-0.19994844414174048,0.97935190331978861,-7.8679749798227121,18.976097123129783,-4.2007694573855172,0.4193994893807298,0.3870402394554588,0.9024390243902439,1,6
0.38075388170328328,0.92012925282946101,0.091589517169710088,-0.90358688268547649,0.34920629804798342,0.24816467686269736,0.19635994246950167,-0.17724875032315923,0.96437837672889204,6.6131249373630769,10.028026191743434,-2.5927829018594895,0.5252450029920308,0.2941361730861002,0.696969696969697,1,5
0.028297008291733299,0.98646042746170948,0.16153979192075255,-0.98970654560803051,0.0049687150199385667,0.14302540142111539,0.14028625343332166,-0.16392418041006962,0.97644694181226743,-0.20039429346940169,17.898452422516105,-3.9479796890538412,,0.2843944904645725,0.2222222222222222,0,5
-0.83593250240729056,0.54864773902341013,0.014230596740253908,-0.54063005933110853,-0.82762875265426883,0.15083032429713905,0.094530367431455417,0.11839048206861018,0.98845723397061269,6.4580513834897824,-7.1545839929928414,0.47721062812972914,0.1848018805907641,0.1895053041922792,0.7373737373737373,1,5
0.95025145760111951,-0.3109601111236715,-0.018054822538628782,0.30818448010843136,0.93019109326461458,0.19941628878172721,-0.04521607620353036,-0.19505983518175937,0.97974852240338772,-14.482299012602248,9.355360370546391,-2.5939309838892068,,0.08646905620749333,0.1707317073170732,0,3
0.62487215540560548,0.76444168581969907,0.15863069810061639,-0.77658455361475742,0.58768831145670031,0.22702176033178006,0.080319490073832808,-0.26504972657655873,0.96088366723343277,-7.3495050419214509,7.0487251423824233,-2.2967237124660782,,0.2502400783049762,0.72265625,0,5
0.35929407793525836,0.90728268351208741,0.21850834711689537,-0.92071890626764086,0.30642290715205589,0.24162304859802233,0.15226444496983566,-0.28799849682175044,0.94544825592225834,-4.502364708203304,3.8525651550462463,-1.7672386845461301,,0.1517477405951224,0.2531017369727047,0,4
-0.9161406686367084,0.39946534620456575,0.033372330628098926,-0.39452668547104702,-0.91327991673645637,0.10133354892177232,0.070957520539504756,0.079669510275375374,0.99429261257004609,-1.0112956345559128,13.490720802415154,-3.2118849433766061,,0.09234456465042779,0.2608695652173913,0,4
0.71558811330675542,0.69835353972045022,0.015361824565936601,-0.68837759859897552,0.70129036990537819,0.18527843594192225,0.11861675194164299,-0.14315778231690493,0.98256598532664419,-5.4587354753802355,-2.1330925104572991,-0.72255316707823591,0.3596196781264872,0.3229687082524,0.9198140615920977,1,5
0.99995574684233213,-0.0093947056731050593,-0.00049382416745761507,0.0088805744021428247,0.92530436210774869,0.3791213168138392,-0.0031047955296032853,-0.37910892494069187,0.92534684485063834,-6.5763432851468044,20.844219232948941,-4.5431202297921995,,0.1454051243801582,0.4166666666666667,0,2
0.30384795558606897,-0.9376495911416507,-0.16878881514502694,0.9416093961258083,0.2685752276024348,0.20307410530614697,-0.14507985736744433,-0.22063678603124223,0.96450569912056328,-41.193767648693878,6.01261771135648,-1.1180158701759615,,0.4534475834533906,0.7631578947368421,0,3
0.99868720521329701,-0.044350615124452264,-0.025629847470030675,0.04873292084786341,0.97676639436666834,0.20869238908396809,0.015778737873804023,-0.20966743613165384,0.97764543555273087,-1.5705201604705581,-5.5563867401010354,0.025047706231145949,0.6787339138894604,0.1913784045226178,0.448051948051948,1,5
0.36260268266696827,-0.92963289800495785,-0.065589400588965521,0.91419917727579825,0.34114804577597752,0.2187644283961267,-0.18099491371574619,-0.13928634466498657,0.97357082710961229,-9.2103152336667229,10.710632186001625,-2.8540182774236427,,0.3280827921941664,0.293103448275862,0,5
0.52317674093293498,-0.85117156073229105,-0.0423446802721291,0.83898787313825229,0.505691672255696,0.20093601304442724,-0.14961766765240336,-0.14065172168087406,0.97868873842221205,-11.024062521447682,16.482774692474305,-3.7714334804594785,,0.07588364274626644,0.1818181818181818,0,5
0.71288510824643736,0.69889156712166045,0.057839431590333827,-0.69250198028042798,0.68855318468131455,0.21525686788788861,0.11061568491018549,-0.19350733647964727,0.97484310582801015,-17.352294405773488,0.86155801782118735,-0.92883225184088414,,0.1421188034020017,0.3804347826086957,0,2
-0.76148026001836067,0.6418009800648975,0.090770675827086533,-0.64026091507408189,-0.76658998988407845,0.049048425438818426,0.10106321898133101,-0.020767508210300618,0.99466322761619452,9.9887353576556546,9.5428817178072389,-2.4895447474013666,0.4610716604084881,0.1954936350280496,0.1481481481481481,1,5
-0.042133756588005833,0.99808206799066113,0.045353413446709463,-0.98518989258384515,-0.04905539548268302,0.16429985917422332,0.16620957284830121,-0.037759154247984053,0.98536725344617682,-7.6361011073029408,-15.885955679038561,2.2591299778045015,,0.08980794353685499,0.3103448275862069,0,5
0.3144935572725413,0.94916466779164843,0.013425194599399438,-0.93568738871580259,0.30758301350029066,0.17286353115762362,0.15994659431280608,-0.066926252114167431,0.98485428553958432,-11.353004120095752,2.3196038161693942,-1.456363050400123,0.2206278970384945,0.180396441587091,0.7785467128027682,1,5
0.077809527135829129,-0.9575892232524984,-0.27743207636748723,0.98295556840018905,0.027193649521914515,0.18182094482413469,-0.16656538667430409,-0.28685080605840363,0.94338358424645252,-1.9614796563864636,3.8815898114447207,-1.7607171858025747,,0.2661999504177263,0.4324324324324325,0,1
0.97750710960231957,-0.21057266935391858,-0.01178989389619116,0.20786993725887015,0.95249932387423897,0.22256488313098813,-0.035636215580664009,-0.22000952011284033,0.9748465885455031,6.8372854613085874,-2.8656382893850649,-0.46555067242088333,0.5438864371402979,0.2761951608051679,0.7435897435897436,1,4
-0.96504992628804587,-0.25307074079835701,-0.068072313925766501,0.25058899106831323,-0.96714016363865962,0.042954178287474568,-0.07670591454902391,0.024394754123747725,0.99675528523526769,8.734255126384026,3.7323350415922079,-1.5973979330771884,,0.1928009880811632,0.2142857142857143,0,3
-0.99675927253710916,0.079278686739788704,-0.013632404047287616,-0.079940996553123617,-0.9951096313206097,0.058019468483048599,-0.0089660292988332814,0.058921231163108316,0.99822236943320253,10.218864564190124,-11.671113677501419,1.5946863015494956,0.1965016950491728,0.1844863497122092,0.1818181818181818,1,5
0.19611313690110485,-0.97907561017449163,-0.054319306846222194,0.96684051711902252,0.18382704762980973,0.17727670748501545,-0.16358194274377777,-0.08728439792513433,0.98266086819767939,-26.231151683909349,21.017919463760773,-4.4118585801194463,,0.3443416570629689,0.5833333333333334,0,1
-0.6097627004759355,0.78846134000272372,0.080735149900170472,-0.78157565526210593,-0.61508424262878669,0.1039753315521573,0.13163944777270942,0.00029965126421410514,0.99129761726699173,-8.3545449543917076,-5.5737676789653143,0.042403694074421995,0.5652957572521013,0.5257565139389937,0.9738805970149254,1,4
-0.043812431715010217,0.99895319789782655,0.013152157120563149,-0.98451116664196336,-0.04540854021166571,0.16933938476658966,0.16975934019811448,-0.0055292753188760134,0.98547003685041046,6.1531167849075583,-9.7204696290750014,1.021481486864978,0.5285357157309852,0.4475323662648177,0.8526315789473684,1,5
-0.88231989849409198,-0.46997902345600545,-0.025125967299079996,0.46297011530408139,-0.87628944510316076,0.13332471914885216,-0.084677441250314706,0.10600248068858696,0.99075385693479145,-18.35023305511756,8.9326630546148653,-2.3656062131809104,0.3010436792615673,0.2418016307954234,0.8113207547169812,1,3
-0.92096221986732929,0.38872488145809603,0.026861796522734308,-0.38599428141720893,-0.91957032785851966,0.073476709475768426,0.053263536216178728,0.057300773620982508,0.99693511175611793,2.4087196407311824,-10.548852453102237,1.1136899106371811,,0.09307209454371568,0.2857142857142857,0,5
-0.80858684143619308,-0.56496976542527866,-0.16430606809106227,0.57980695606553478,-0.81259867470670966,-0.059222356951718194,-0.10005605206212342,-0.14315221975297204,0.98462999569662557,-3.750270564094607,-11.806227632713757,1.3111048473332447,,0.3805586753007146,0.1956521739130435,0,1
-0.6946959063883571,0.71925827045794799,0.0080708131621948266,-0.70957082845840491,-0.68709253610738019,0.15624687589318514,0.11792725320345138,0.1028172514871339,0.98768505898819747,-4.3845136652652235,-3.7865353519657763,-0.39286718104951313,,0.07064937992709644,0.3644859813084112,0,5
-0.52165844570985664,0.85033935756302825,0.069249137170597358,-0.84126364545734822,-0.5261949729897033,0.12407388618149458,0.14194345652896323,0.0064674090377074677,0.98985363956948147,-7.8342813941159957,13.739744833430924,-3.3404451808745934,,0.07496762402237561,0.1904761904761905,0,5
0.84357088922840018,-0.52812047853114541,-0.097349447879476858,0.53165628743051896,0.79575998951435145,0.29001315681140372,-0.07569509153176629,-0.29640310262234498,0.95205853489890202,-12.603684475150475,12.56628635199432,-3.1319035855649808,,0.1566448413992311,0.2647058823529412,0,5
-0.73953927028174271,0.67191988697985405,0.040066609441367848,-0.66406732616903696,-0.73803272700714317,0.11967572929005046,0.1099829715267452,0.061897975309211116,0.99200422712142056,12.458398769836222,-15.361165672845555,2.4886222614458737,0.4899631694978134,0.475643481375976,0.7333333333333333,1,5
-0.024846147635129323,0.99958806817690737,0.014365336962680534,-0.98562182368963103,-0.026896293938554656,0.16681190017230868,0.16712955936763185,-0.010014156516095636,0.98588408398495386,-20.56241237946497,0.84871538161555948,-0.77690299420398756,,0.06540955599464454,0.1621621621621622,0,1
-0.95961079903755553,-0.28122735424389544,0.0076347623067783074,0.2797172292505789,-0.95085244874483832,0.13280772709568672,-0.030089633279280367,0.12957930367509249,0.99111241442542475,-1.8913561047391594,-16.361533547457686,2.4243400492427214,,0.09581582949659896,0.3888888888888889,0,3
0.82698099211397813,0.55096166763795618,0.11199856907917445,-0.5595880565500031,0.78731020204588953,0.25885102418389494,0.054439375903576351,-0.27673793839671329,0.95940214081643893,4.1014423330876282,-3.3542097535304354,-0.38938930919402037,0.7344535180608915,0.7813223019183935,0.6352459016393442,1,4
-0.46493058379924279,0.85392227739945492,0.23378686107012636,-0.87066003599510378,-0.4888878828687408,0.054219366513491137,0.16059468848345876,-0.17834063514815604,0.97077492957217015,-13.890738560384134,5.8992165137552846,-2.0173010783482774,0.5295933684099302,0.5684196993149666,0.1217948717948718,1,5
-0.8118567862683963,0.55453974178721199,0.18268616085660247,-0.57429396843933123,-0.8148603532814559,-0.078670467548034348,0.10523780881487771,-0.1687847132550635,0.98001873664091232,20.360648808852289,0.73738046387146627,-0.70266159926752503,,0.3405596963789424,0.1,0,2
-0.099996290653590489,-0.99455923253070089,-0.029200596628583694,0.98072763376690852,-0.10347155030135304,0.16573154993601871,-0.16785127411337442,-0.012065291798260672,0.98573849397917856,-17.739525229924364,-2.4557138616162066,-0.21723792638819264,,0.6286709757028441,0.9423076923076923,1,2
-0.66513079530936703,0.74118606342929283,0.090797822161750572,-0.73589872647206545,-0.67125422661774892,0.088717684959651821,0.12670473356556636,-0.0078091373400501962,0.9919097377614976,8.4001208405067818,10.758157497947909,-2.699128367656229,,0.1030638118886688,0.2142857142857143,0,5
-0.71103553342189141,-0.70253213153731231,-0.02961544139609612,0.6932080304766135,-0.70741364476084501,0.13794405274933194,-0.11786049675009724,0.077553461327115492,0.98999715350196971,-6.9709707433276265,-3.6893807118043402,-0.35897819793113278,,0.07554333194381313,0.3149606299212598,0,4
0.88533649557661864,-0.46465211972208242,-0.016664250294775706,0.45886543278973835,0.86740781828741154,0.19247387190099075,-0.074978691578325207,-0.17805079166251503,0.98116059409127998,5.1891540376116074,1.0997071766895268,-1.214960795617392,0.6549188791547333,0.6377561342457589,0.9975903614457832,1,5
-0.98623483442397686,-0.15871034563778869,-0.046388334268903007,0.16266594360096054,-0.98160799963728629,-0.099927602995837847,-0.029675615597978554,-0.10609788516091279,0.99391277112393595,-27.698716564563529,22.294693099115467,-4.5340161278191937,,0.4387312142173788,0.3823529411764706,0,1
-0.87326216309596782,0.48698028277277666,0.016229562393870134,-0.48694769768693119,-0.87106056434960955,-0.064307332026260489,-0.017179470956559421,-0.06406010791034418,0.99779816012666922,5.0407744824752863,-12.991083593243244,1.7089383851133084,,0.4116243249885566,0.3333333333333333,0,3
-0.96237382940643779,0.26915842248725558,0.037287478833500913,-0.26866400396883167,-0.96306976443130121,0.017784313584517573,0.040697241245844333,0.0070973546063856771,0.9991463166686686,-8.3275286041469556,18.089316993555084,-4.0848505052723647,0.1341267579430528,0.1306249407195164,0.25,1,5
0.36748810385998865,0.90091560964249051,0.23087563280668807,-0.91148871186497671,0.29956835181931801,0.28186367401810047,0.18477235091894773,-0.3140220802599013,0.93126221411862742,-7.3370080665406636,-18.114291492460534,2.7417302413879416,,0.3308279306988983,0.3783783783783784,0,5
0.96960269589378179,0.24463944752342892,0.0047066793964863534,-0.24055557644880005,0.94954500794024244,0.20123939111205455,0.044761889536695458,-0.19625447411765279,0.97953078289245588,-3.3104269617817437,10.399363639056025,-2.7987042864148344,0.9215364230054162,0.8454773489226186,0.9879699248120301,1,5
0.42295512608001362,0.9008567029207738,0.097806759098497217,-0.89069504368618824,0.39346196548326418,0.22770599656334378,0.1666472336269002,-0.18342541405366475,0.96880535558167824,1.8426301251841652,-9.6724743135326658,0.93945912697813194,0.5632982209595493,0.28145976575253,0.1714285714285714,1,4
0.99642873626864625,0.084278315349161997,-0.0051902890067170157,-0.07724280880325167,0.93462618884555615,0.34714180908126457,0.034107506889984311,-0.34550116162747707,0.93779828603373505,8.3058372674139793,-2.184684300594379,-0.5854676940477852,0.6871265424437327,0.4510915137008428,0.1212121212121212,1,4
-0.97594385984925847,0.21760097020054273,0.013542532640300921,-0.21512241604834573,-0.9712016375353395,0.10241936028992846,0.035439082043043406,0.097042243463649536,0.99464912127216432,-2.9059066603132386,-7.4876427378027843,0.42374218165431238,,0.1062127631163333,0.6218487394957983,0,5
-0.92584484413862422,0.37787950836205125,0.0042897251635045748,-0.37662839064904574,-0.92359240708535695,0.071610899529218119,0.031022249096961097,0.064684949828598293,0.9974234192792123,-3.2512146051731032,-17.179312811746964,2.5632375286790166,0.3123933557448548,0.1181457627826658,0.2608695652173913,1,4
0.42039574588148654,0.90715320682661149,0.018451996882292002,-0.89436118909417495,0.41086873410289554,0.17693204000049975,0.15292311887612975,-0.090884226799151757,0.98405008868061072,-16.610589669719246,-0.03231164836549634,-0.76179636306816711,0.3338592134466539,0.2791269350708193,0.7753623188405797,1,2
0.96558026044689793,0.2488448206300547,0.075703473374055738,-0.25878071173628442,0.88973870821184375,0.3760286881911829,0.026216480857707621,-0.38267647739979482,0.923510373399412,7.6853555293328517,15.578432039547048,-3.4488062319158725,,0.4111760139577004,0.3684210526315789,0,3
-0.92139168980388919,0.38796878583581651,0.022750278622836871,-0.38714032829107731,-0.92140303740838858,0.033746242239304627,0.034054664453073417,0.022285956826645848,0.9991714647433193,-0.58698326081509267,-24.035256256817735,4.1172798457134983,,0.2108882048586693,0.1538461538461539,0,4
0.73956315515590365,-0.66625184709418039,-0.095680801519633679,0.6640614651032728,0.69903504050161003,0.26527793484534201,-0.10985768111853504,-0.2597277197268465,0.95941273782702752,15.154870289376197,9.3171006615881513,-2.3393203047129636,0.8693162953503528,0.7704989090203583,0.825,1,5
-0.96521292958779348,0.26145516887456643,0.0022793036918776566,-0.25799644174808856,-0.95378722937759886,0.15403816774269902,0.042448045913482328,0.14809157891309888,0.98806226911726125,-20.727501323457957,4.3522480250877038,-1.4457936467049561,,0.08056512421208668,0.4782608695652174,0,2
0.021587626862102097,-0.99631475608534015,-0.083011331594375778,0.98637272395870867,0.0076790963577298846,0.16434683115109294,-0.16310372097760314,-0.085427971331042726,0.98290347334696215,-1.2252940598393591,-3.6322543670796725,-0.39188008666848739,0.4861936625521284,0.524448833588351,0.5570291777188329,1,5
-0.85449150055808598,-0.50341397238129082,-0.12813527182348849,0.50688848357695415,-0.86198872958911366,0.0062845269035902282,-0.11361487882775798,-0.059580218803182323,0.99173678808256294,-7.5674656906035107,10.926927099601778,-2.8969001139440649,,0.2353218683386004,0.1621621621621622,0,3
0.91778663587740228,0.39704427171023904,0.0048515262471233098,-0.39121988789051276,0.90209800361765313,0.18211587297097298,0.06793151200860581,-0.1690415279484031,0.98326510743801643,-6.5118502629722812,-5.3454030578720779,0.0022480032634722546,,0.07233903013074898,0.1972789115646258,0,5
0.9762252253213145,0.21626040112272787,0.014688374742806756,-0.21361439337285298,0.948352818307449,0.23451188232638986,0.036785872156254285,-0.23207406342492343,0.97200227813269435,-4.595121853652274,-16.318470799111982,2.374328166858978,,0.08935110721853223,0.1923076923076923,0,5
0.87867543744742083,0.46062267997764361,0.12552379183563614,-0.46794041327533181,0.77879626278295511,0.41774172726579939,0.09466385397972342,-0.42579704997277201,0.89985311411595914,-22.245587874358797,7.2081354741333268,-1.941250207743169,,0.3738335018136432,0.12,0,2
-0.97702492245841788,-0.21200082500589065,-0.021862092579190709,0.21060608932119715,-0.97610881914603675,0.053447622268527124,-0.032670721387066219,0.047615369180013349,0.99833130802449377,-16.090584385463462,11.476262363318266,-2.859950254303032,,0.2387320685901798,0.573170731707317,0,3
-0.69653643211308636,0.71667242818150789,0.034894547189979391,-0.70780755096543813,-0.69426884284644452,0.13038115143289966,0.1176667732857547,0.066116598045280736,0.99084969895914998,7.277865420558669,5.1212284076540273,-1.8159807569922468,0.2181738580685511,0.1895316593156129,0.6212121212121212,1,5
-0.84572456525869188,0.53289120542161117,0.02787333676291022,-0.5264463003042521,-0.84175256664131093,0.11961149379859318,0.087202365873649212,0.086484563576789394,0.99242942703699111,-36.745639134597099,8.6510989430178231,-1.7470361827327898,0.3998499096037818,0.373757760721781,0.8923076923076924,1,2
-0.99714378353790734,0.075519451032820512,-0.0010428170533943592,-0.075503661273956899,-0.99640459649217361,0.038432762371384384,0.0018633534106592456,0.038401726588385802,0.99926064433114559,-19.510473706210746,7.2282144149166303,-2.0243371158986418,0.7550264567860864,0.701209771364395,0.472,1,3
-0.94781643812929994,-0.31875964120597478,-0.0060241804524651422,0.31423596561996125,-0.93722341919139485,0.15122175911581198,-0.053849396679777929,0.14143745493124674,0.98848150656438405,-3.8649451793109115,11.228750922742764,-2.9341091969476234,,0.07086779603581736,0.2608695652173913,0,4
-0.3092468685377367,-0.92010035540294866,-0.24037826500532819,0.93377440467899497,-0.34165768061498963,0.10646779063724147,-0.18008813249626834,-0.1915342404484216,0.96482272945337133,0.16466768990464709,-2.214453501509873,-0.6721712419156004,,0.5833564168567511,0.2447183098591549,0,3
0.70925397179405647,0.70439046824458618,0.028157978274891238,-0.69364312402079464,0.69019192378763006,0.20614151652931068,0.12576971015721275,-0.16573827736676891,0.97811696817020177,8.7089115429881119,12.798263363263167,-3.0128182512008586,,0.128364248842665,0.3181818181818182,0,5
-0.42217385474413577,-0.86831022254313195,-0.26039699268150474,0.89343289838633655,-0.44717011294560166,0.04262095927129967,-0.15344996725794763,-0.21465378523406523,0.96456044913381156,-4.7166263161462965,7.3741782346115592,-2.2970249473363484,0.5237096455197835,0.4830141031926415,0.4193548387096774,1,4
-0.076411072024308954,0.96274519336948472,0.25938974674425797,-0.98362176761831877,-0.11537777299942263,0.13847811294608736,0.16324694894395894,-0.24456014013254096,0.95579326819079513,-8.840709550807043,16.522860479060832,-3.8127575876921203,,0.1535076589325498,0.5,0,2
0.0052392547064778654,0.99619016414240213,0.087050026284061388,-0.9877602433944066,-0.0084152047387957701,0.15575264331185154,0.15589179510014425,-0.08680058291935186,0.9839529495993784,-4.2102928148639975,-7.423080533453712,0.40006764677014783,,0.09431557813574054,0.2459016393442623,0,5
0.9809184855223626,-0.19024620889975627,-0.040066254626358926,0.19201272393200053,0.91565485618096043,0.35313920513083519,-0.030496534372406389,-0.35409400496407017,0.93471246757480297,-16.76980186048576,17.349039089514935,-3.8715908534222647,,0.2408902213561301,0.3846153846153846,0,1
0.91908046434328783,0.38820424441284623,0.067738945093474612,-0.38886538258630771,0.86559743603874895,0.31547550293033538,0.063834272052952334,-0.31628870252191188,0.94651288547408285,2.3102846921583646,-7.9802306243071959,0.61163946743564956,,0.358539607733072,0.5979381443298969,0,5
0.99286261002559972,0.11906367764698249,0.0069049459323856834,-0.11794122832197053,0.97160777053729275,0.2051053555942812,0.01771169881910143,-0.20445581649032918,0.9787155433670266,5.3855382978906814,-10.350040897852269,1.1477391092925135,0.2347680210443372,0.178778774206298,0.7205882352941176,1,5
-0.17848113931134324,-0.97977191320488921,-0.090506800876816992,0.97002473049672133,-0.19062734542657458,0.15070911518677524,-0.16491362931816206,-0.060895100545514697,0.98442637185046156,0.27127844504615084,8.5201136184721875,-2.4638606985119664,,0.06604491030333483,0.125,0,1
0.37064776128180982,-0.92569739566845355,-0.075528595309482541,0.91498397597554559,0.34997430964607174,0.20080414909990529,-0.15945080985922866,-0.14353506275609701,0.97671547801539316,-5.3676565721019642,3.8507667874494844,-1.7307373607120169,0.290071923317044,0.2937193509064177,0.5903426791277259,1,5
-0.99954838095395482,0.025609338355052705,-0.015722465498256642,-0.026157781248655646,-0.99901912063221809,0.035729079072614772,-0.014792045581153683,0.036124207953201003,0.99923782804059136,7.105250533038447,2.9533566848571358,-1.5336428095733421,,0.118306618742587,0.1428571428571428,0,5
0.53331301114942042,-0.83945050558394052,-0.10440345211536234,0.82457417649089404,0.4883324609624346,0.28567260112712367,-0.18882441474317477,-0.238441305660825,0.95262326454462487,25.080147427209969,4.2645145544808445,-1.1416044318029301,,0.3943169192848504,0.9090909090909091,0,5
0.53532581696927783,0.82564668636442273,0.17813988599306446,-0.83320210193574085,0.48159547143809556,0.27173527415516113,0.13856596629777843,-0.29389343508449722,0.94574104373142009,1.2894937795171755,9.7038727343401554,-2.6313179939001192,0.598914325692512,0.4603652159371177,0.2,1,3
-0.97206270667330719,0.23455879284969555,0.0087330974950353066,-0.23221187251311273,-0.96643038121655944,0.10995437474502742,0.034230696150065042,0.10485461820306079,0.99389826867872766,4.9571490969561749,8.9833734889976871,-2.4902489791856608,0.1576272528263397,0.08761285350778289,0.3720930232558139,1,5
0.13995934228091428,-0.98946766246648421,-0.036947631066205779,0.97726754331635335,0.13203982036818437,0.16587234434213699,-0.15924676225503839,-0.059323104860148752,0.98545483810321721,6.3569426505379028,-5.5985592917014024,0.12629003467361558,,0.08115510054030226,0.2058823529411765,0,5
-0.67996488888329287,0.71968820658607113,0.14034470131378352,-0.72175395933425712,-0.69068698994979871,0.0449744827586714,0.12930186414454517,-0.070713274673223317,0.98908071496401861,4.0474475029030001,-8.7071228107230727,0.75226385665833573,0.6589834461892891,0.2988618702189201,0.5793103448275863,1,5
-0.93856782566566299,0.34312409345805228,0.03682788500332753,-0.34055658263307803,-0.93818586124975345,0.061874904253154103,0.055782171439521043,0.045531815685816754,0.99740423255059596,-8.269683825556692,-14.364915734387216,1.9603846251734507,,0.07900628904411502,0.24,0,1
-0.708486949605592,-0.70484249893733963,-0.035260373371948116,0.69499001889677314,-0.70552064023702987,0.13867047210345218,-0.12261776328259147,0.073740612224864763,0.98971066794102802,8.605308701167484,-5.6298903382036087,0.17741392267413891,,0.08627203879319841,0.1621621621621622,0,5
0.53757804640530227,0.81129308325218463,0.22981161217445989,-0.83442044041110985,0.47257547473102823,0.28357529742005894,0.12145934565602641,-0.34420336103807753,0.93100573231473838,-7.8009012236144031,-4.1583427684517336,-0.24907170846267834,,0.3464197347900416,0.185,0,4
0.039872436485363892,-0.99812469478882315,-0.046446554893111829,0.98845337860236371,0.032600165018740308,0.14797684808889389,-0.1461851809804719,-0.051810451585265246,0.98789957483958724,4.4090247559402584,16.042676528743524,-3.5632819775931184,,0.1044965009366186,0.2580645161290323,0,4
0.1283218921519757,-0.95256984885835572,-0.27594234006492463,0.97998259803227783,0.079090139735973272,0.1826988159525173,-0.15220906526368355,-0.29386294908088367,0.94365087167290951,1.4127960509781234,35.406564220327539,-6.7462275634152995,,0.3155627357252563,0.4615384615384616,0,3
0.98236642288605014,-0.18690422967443335,0.004797928289846945,0.18017857456076022,0.95324444169455225,0.24261227431376209,-0.049918858714121633,-0.23746966818575008,0.97011147000560261,-7.0587860010026775,14.894900334093807,-3.5204558070754217,,0.1318917423699497,0.1538461538461539,0,5
0.65650628010083445,0.72757595342772796,0.1990797231811855,-0.74345687962940687,0.57947993199579018,0.33387853561716152,0.12755928942993572,-0.36720054521730694,0.92135356257640988,-5.5559506667201317,-6.9138876445164827,0.25981807017706565,0.5139490389518582,0.285930547756226,0.2045454545454546,1,4
0.6146916848214099,-0.77980419221142883,-0.11857299195388811,0.77465825165508306,0.5685301069372084,0.27690812672916687,-0.14852180228540923,-0.26206666960040331,0.95355248147673877,16.146069829969218,-0.67029537815846874,-0.62178870469621106,0.7064168639177756,0.7237824725541623,0.7183098591549296,1,3
0.9852216593501989,0.17128420239674519,6.2901119176628974e-05,-0.16851672088033676,0.96923730941001096,0.17939106118026343,0.030665888719857527,-0.17675055885895558,0.98377784240755684,-9.8234063787309829,-4.004211477871916,-0.25256616672137405,,0.1255353943510454,0.2547770700636943,0,1
-0.76545823613882402,-0.63551636263041333,-0.10095861308599945,0.63434633167503451,-0.77159012061953514,0.047470172242768983,-0.10806673964577111,-0.027706291547946668,0.99375748610563575,-17.225154870861001,7.183953169553237,-2.0784472921766128,,0.2512421314438332,0.5036496350364964,0,5
-0.58718841254784493,0.80648705938538057,0.069198202386074284,-0.79895434327013459,-0.59117495492669114,0.11038174684799007,0.12992969460185252,0.0095286783630896005,0.99147742220855573,-6.5982799126885157,-14.855432192353689,2.0509146960920352,,0.08225033532109814,0.25,0,5
-0.61117255730153097,0.7720942943004766,0.17417952207466059,-0.78365442488934123,-0.62118527262913559,0.0038209187408224077,0.11114786346513528,-0.13416131252084862,0.98470650179117825,-16.991949102657983,16.607659728405526,-3.7467254946864497,,0.2845558881082669,0.2,0,2
0.93656577189318724,0.34823588272633699,0.039702958327145196,-0.34522442025648964,0.8969874478784563,0.2761043607172195,0.060536390515861245,-0.27229632448915397,0.9603072722274929,-21.584852499529358,-0.30832953153551973,-0.51483242039667543,,0.1121357609913855,0.3214285714285715,0,1
-0.99805551557995775,-0.062292840666502307,-0.0021885662249033714,0.061924471309795968,-0.99493529633036093,0.07917774920404036,-0.0071096887010124376,0.078888263497895572,0.99685811137235558,-10.242197972831407,-13.566072070971456,1.8443239959275144,0.503090386616273,0.4602898072750595,0.9188034188034188,1,5
-0.21403768631303124,0.95848150560678591,0.1884172822421315,-0.95948319545547345,-0.24247447586240906,0.14352047308242022,0.18324810088051699,-0.15006442604760337,0.9715455735881281,7.9736632624621731,-9.0285262670660735,0.8806872702142261,,0.4353743906390724,0.3636363636363636,0,4
-0.98742504035042133,-0.15640441255012436,-0.023009768008788189,0.15179393182644621,-0.97867667143970183,0.13838560272070824,-0.044163242064367836,0.13315266619394447,0.99011109252235296,-10.535460570332145,-8.1712051649913136,0.69291878696110409,,0.07609118583582551,0.3103448275862069,0,2
0.20386048557806374,-0.9563479627071686,-0.20937878747791686,0.96699359576966704,0.16330921767620882,0.19558498194501911,-0.15285381303822573,-0.24233999597225231,0.95807465168004657,15.630566343499268,1.1863665187574695,-1.0729346773460908,,0.459146586624897,0.1052631578947368,0,4
0.91349406184168314,0.4067704646160919,0.0081478890511969305,-0.40034695842627827,0.89514116730006277,0.19607295449272943,0.072463175881337619,-0.18237346221610451,0.98055545912533693,-5.6577420666269065,-14.927537952593628,2.0186875565958351,,0.08725828195619145,0.4,0,5
0.22203164177158113,0.96512704479118838,0.13867854002996055,-0.9602882837676987,0.19180299468819428,0.20262779495204117,0.16896260565788551,-0.17816115918253814,0.96938652726764762,10.442783735368479,11.621145294367903,-2.7874495009341738,0.1942187365327531,0.1356054951278577,0.4545454545454545,1,5
0.72763862211975583,0.67306670632989019,0.13237539208590313,-0.66969159934139832,0.65524847927835739,0.34951765645666732,0.14850992347726683,-0.34297323399010871,0.92753121963368046,-18.087695054200658,10.211012138518715,-2.595748580066902,,0.5256753219639172,0.2627737226277372,0,2
-0.24676496423809741,0.94892429281651747,0.19659536852948001,-0.95678328830328341,-0.27077816410610844,0.10604209101522578,0.15385964918758444,-0.16193169036972643,0.97473346921395687,-16.578946329570648,18.883937034410415,-4.1267301529422742,,0.2610073205046195,0.2941176470588235,0,5
-0.24688100305131347,-0.9271896194622844,-0.28172536253195513,0.95531309868012582,-0.28164053598108829,0.089752392628061575,-0.16256276886960827,-0.24697776833891258,0.95528808645548213,-29.885005563316952,4.6100107899537477,-1.1773947989182236,,0.5069869379480562,0.2222222222222222,0,1
-0.94115099410533476,-0.33747928471827549,-0.018507800533318318,0.33294901357338275,-0.93515180203831116,0.12097959127477249,-0.058135708949417803,0.10769790866372801,0.9924824430761523,-23.150197322970957,2.5583513863274754,-1.00988418070897,,0.09937447052504537,0.3333333333333333,0,2
-0.87132859720814437,-0.4683287030225956,-0.146474235319596,0.46621900628549295,-0.8832223257418913,0.050578270919949458,-0.15305657080130405,-0.024218778587236325,0.98792061264976505,-32.779478366851016,2.0466449440284742,-0.60673384349780779,,0.2674649659737948,0.5263157894736842,0,2
-0.89874988317910953,0.43009417202799982,0.085250517142624896,-0.43031790658398406,-0.90252331156984833,0.016678469539240282,0.084113891591777776,-0.021695051522017842,0.99621994458088547,-0.73744702437460186,-15.38286789020297,2.1943547258770733,,0.2843565611383299,0.25,0,4
-0.86874082740489422,0.49460197296406455,0.025656639294999735,-0.48892663423908689,-0.86473040874722262,0.11485672169925083,0.078994437345279181,0.087236509145630386,0.99305068870656676,-1.3726398533923982,5.3900765464203522,-2.0097076182684344,0.5360246745968095,0.2647381213958853,0.2048192771084337,1,4
-0.44717092093260774,0.89084698315239808,0.080186158908837984,-0.8822307954565094,-0.45405369361215292,0.12451532783290208,0.14733292578530169,-0.015063064941481781,0.9889722509019705,-13.754336217734046,15.5124147419476,-3.6233664032626538,,0.1142584740158151,0.2857142857142857,0,2
-0.99996534949981219,-0.0040049435259075948,-0.0072979604734379564,0.0031921324034541124,-0.99412754715114215,0.10816760275596458,-0.0076883086850352876,0.10814055863831869,0.99410588444438608,-5.4203949401422955,-4.7641683835607482,-0.14528733323820581,0.2782805820526347,0.1948153059744712,0.5515021459227468,1,5
-0.35995084797863269,0.92653701690086099,0.10938255506211234,-0.92401861554063669,-0.37024110549531702,0.095452197124897331,0.12893791208883429,-0.066713417796260152,0.98940605148347105,-9.0712000757935041,-6.6691578230461852,0.35689086585221397,,0.1470720711794255,0.2033898305084746,0,2
-0.6596412411581033,0.72770272503370548,0.1879419509899691,-0.74122510251789364,-0.67125186879573129,-0.0025052017037416625,0.12433334372056061,-0.1409598262511603,0.98217694282777135,-0.099633704567234416,10.347941870792663,-2.7575777918412427,,0.5293551918279981,0.25,0,1
0.83065899532998599,0.55200722236741684,0.07275754209418725,-0.54531085689134529,0.7801817604068767,0.30651670441405543,0.11243532733889683,-0.29428633536512699,0.94908052871374349,11.306935423474929,9.869442483612481,-2.4906306977974064,,0.2448387194100174,0.2105263157894737,0,3
0.94909083480670375,0.31199282582252508,0.043440348999386209,-0.3106898785275054,0.90441165585414884,0.29242324828186911,0.051945997598245225,-0.29103270158253902,0.95530182661978147,-19.847196207266215,2.0659518897319904,-1.0182297626060504,,0.2244555262989596,0.5294117647058824,0,3
0.80894128044532465,-0.58767241238581969,-0.015973118421534371,0.57927823551959279,0.7921645281512909,0.19212518364896564,-0.10025333233755689,-0.1646708719217595,0.9812404258364722,-2.6397554143700126,15.635430836161644,-3.6032638564795638,0.5623948582652334,0.5184761564286605,0.9781021897810219,1,5
-0.96073148398347097,0.25935529286220327,0.098639990608665087,-0.26702458209304514,-0.96080552173365075,-0.074502496361944587,0.075451230877643577,-0.097916196160224872,0.99233035340483278,-2.9776729615369049,17.962301653394604,-3.996246805913318,,0.3555603344525711,0.1578947368421053,0,2
0.40952862710579224,0.8815178591585493,0.23497354652252503,-0.90030402479542349,0.34888360388363687,0.26025543967096626,0.1474414002850192,-0.31812968255994895,0.93651189984767369,-5.252982780398642,-21.348775359520303,3.5199223043184156,,0.4485347045137256,0.4897959183673469,0,4
0.38707009426994982,0.91218367603450579,0.13452763024014341,-0.91164801089138603,0.35675410535529511,0.204020617952999,0.13811099289930778,-0.2016121263424393,0.96967927901551465,-5.6947764889281531,16.109421652259829,-3.7257682440479876,,0.353552569183195,0.1428571428571428,0,5
-0.98806399455617466,0.15056588955221001,-0.032549279024997685,-0.15296703079091692,-0.98394491559766817,0.091942865740135021,-0.018183238234873455,0.095824401760978853,0.99523216079186483,3.0196617909423469,-5.7351003379718799,0.052996835926440264,0.5597729866292737,0.3138395620786804,0.1428571428571428,1,5
-0.57529847896310937,-0.81465176231611325,-0.073308705199205654,0.80621937078303507,-0.5798906762339846,0.11720550239259056,-0.13799270370907454,0.0083252490739418369,0.99039825522408742,-10.605232228778457,6.2225483603423983,-2.2075201403112028,0.3448205280776433,0.2655965489142076,0.6403061224489796,1,5
0.70895927634660816,0.70495287726929301,0.020449579747244328,-0.695528316060394,0.69409525134743688,0.18566675419991524,0.11669235639186785,-0.14585342946493907,0.98239995473993669,3.1767057495696474,6.0229344067407036,-2.0429610556539974,0.1779899665659452,0.1267401036459585,0.3448275862068966,1,5
-0.80964356108809421,-0.57293367466094347,-0.12737467734246824,0.5802976497582224,-0.81394072897395942,-0.027479581554740586,-0.087931460090648964,-0.096163892167736936,0.99147393519420302,33.105170275027334,0.12623741171899314,-0.16800091528496988,,0.3283824246991333,0.4444444444444444,0,4
