axis_00,axis_01,axis_02,axis_10,axis_11,axis_12,axis_20,axis_21,axis_22,location_x,location_y,location_z,dbh,dbh_approximation,score,reconstructed,number_clusters
-0.29850754482961489,0.94814565154438235,0.1091470070009844,-0.94209210972955149,-0.31103481292380564,0.12537863428341786,0.15282572579614065,-0.06540006580219028,0.98608677555677138,-8.4302224203602076,-8.7352893161761553,1.2747849612069362,,0.07603204087113186,0.21875,0,5
0.94365151622650956,0.30167466403243731,0.13606694309907452,-0.32700698988013116,0.91318189051866872,0.24323910746071795,-0.050874792313546968,-0.27402779404590866,0.96037519938687876,1.2501873422742842,-15.542848616618654,0.79024926810347684,,0.1875306483045825,0.3846153846153846,0,5
0.085743501197070041,0.96026070605029934,0.26560765880947212,-0.9900869972634917,0.052356912477428914,0.13033223532800278,0.11124652737155935,-0.27414983153671968,0.95523090403114452,-5.1566817202846051,-11.883329340313709,1.2596688817745316,0.551820292005997,0.5015238551980518,0.6136363636363636,1,4
0.44726285244505692,-0.89440252596240966,-0.00024974941915037262,0.8803597612721531,0.44019118143561947,0.17663072926065773,-0.15786903292143611,-0.079220233137593438,0.98427715766753221,7.6798284869933457,3.1616406421121508,-2.9943275937514935,,0.1467776815803566,0.2992700729927008,0,1
0.84522241754519034,-0.53080572064927178,0.062002837072764404,0.51471382136723987,0.83977762690871749,0.17275190139936766,-0.14376629289439716,-0.11410006253096892,0.9830119168951269,-8.3394009913989908,-9.7771085836575509,1.4216207421827791,0.2793376166615424,0.2455970567714954,0.8013245033112583,1,1
-0.55463886915874105,-0.83099316856917815,0.042732641033166222,0.82994249805661346,-0.54878837175029294,0.10013377527692539,-0.059759306704985249,0.091003718731811969,0.99405590810533373,8.7875950685856612,6.2872752853065785,-3.7238584293379398,0.3908692688582817,0.1732873150305111,0.1333333333333333,1,4
0.16046407146957595,-0.98603712784384367,0.044520380511281932,0.97590378363158614,0.16524874694155742,0.14249440946155825,-0.14786171533213027,0.020582374685823492,0.98879385060351732,-7.9369455245551634,0.19868802324649254,-0.11775727439395454,0.1252192599073306,0.09655618870577819,0.2340425531914894,1,3
0.94700785872956472,0.3008370262214955,0.11257530439067301,-0.31865519596081382,0.92400505994589455,0.21136110162837521,-0.040434905609151375,-0.23603332995276757,0.97090333481752322,-11.725733054574736,-11.923982497374524,2.0599973045129403,,0.09300793288405561,0.4761904761904762,0,8
0.56585324792837899,0.80321313191069832,0.18616865078501085,-0.82226644798254267,0.53311199773904017,0.19917200202052041,0.060728826195447318,-0.26578235944640238,0.96211836437936593,-5.3665843065682619,5.6220269548809121,-1.3620361311441129,0.3382393908062602,0.2172833994959559,0.3501742160278746,1,1
-0.84543919791253164,0.51766860566149386,0.13134602143003354,-0.51614487649247576,-0.85515057351358914,0.04808287730518921,0.13721162160539141,-0.02714242678655689,0.99016981349895439,-12.157323316474184,-14.178654301416582,2.4333104067958393,0.2663368928094418,0.1199939450501046,0.3636363636363636,1,6
0.51385700506767962,0.83146233408469217,0.2112376986745293,-0.85697992306646087,0.48626497045827494,0.17068037369954639,0.039196808593028362,-0.26873177241191559,0.96241718848557167,-9.8333726581220713,-13.438851435885082,2.0238283718345866,,0.3266420394033068,0.7021276595744681,0,8
-0.83625422239848601,0.53272048833630892,0.12995290234323231,-0.53752076242221958,-0.84324758711684555,-0.0022218880835127154,0.10839882603488413,-0.071710446438048692,0.99151767830226611,-3.8201326731119361,-10.77152526887086,0.88991808170231868,,0.1684274786322916,0.25,0,3
0.99134681019977011,-0.11348416119031855,0.065976109810071404,0.089142531097332708,0.95094078300151141,0.2962519812153725,-0.096359281111379536,-0.28780717917279636,0.95282837728538272,-2.2553806517454063,9.4817382244078647,-2.3969920765991897,,0.0721141915302088,0.375,0,5
0.98995092362910686,0.05241474642370722,0.13133873443587621,-0.096420843122764027,0.92958119676343243,0.35578338864449705,-0.10344172184072775,-0.36487188570949713,0.92529363836644962,-7.3974230232323466,1.1700026937674635,-0.30253682188291875,,0.3016381643991068,0.6733780760626398,0,3
0.89130126515478436,0.43369755042447711,0.13224405275584142,-0.4533579332731944,0.8479609900665912,0.27464293849204552,0.0069741717601186793,-0.30474348898884707,0.95240892837434354,-6.8611909009305752,-2.5286609960296431,0.16095126892455763,,0.1419893295563725,0.1532846715328467,0,5
-0.20570983541356522,-0.97495168732064319,-0.084573465133895701,0.97210884537975351,-0.21352542470560101,0.097011781442953138,-0.11264038506932808,-0.062258335947269608,0.99168343903511369,14.985241510470825,-4.0242553507750198,-3.7129414034746593,,0.1135436206071675,0.45,0,1
0.099208733827705231,0.98772475839661766,0.12065417018341459,-0.98724245872727234,0.082526914101617263,0.13616767654254833,0.12453896907568865,-0.13262394240561956,0.98331120968000618,-4.6658076974241052,-4.7048455699874943,0.16270236514561556,,0.0957987340031046,0.5390070921985816,0,2
0.30135461503072991,-0.95340946621209233,0.013992345652271768,0.93969254464733354,0.29944433764897005,0.1652604313929624,-0.16175078835634443,-0.036653490790670255,0.98615070049103459,3.4080572868436767,-5.3057939047108604,-1.1365128334587522,,0.08782298802096614,0.3375,0,4
0.85179935496841619,0.46277492436434015,0.24551421192055295,-0.51153134188788574,0.835851477179827,0.19921845889043768,-0.11302010945743249,-0.29528236905694383,0.94870162716332973,-3.564755785400175,-8.6868879824269616,0.5835224753210223,,0.3067716508659387,0.4680851063829787,0,2
-0.48001779440414455,0.85031336137453606,0.21575473233122403,-0.86866570879855898,-0.49505559797146848,0.018434784365688638,0.12248593148961166,-0.17856971295561219,0.97627355500498569,-10.099081439912947,1.6086056336593435,-0.045010510809829381,,0.2427461201606141,0.275,0,2
-0.80021634848378287,0.58613931155758214,0.12686411260118693,-0.58647823655130038,-0.80904269926438976,0.038641801441817294,0.12528796299309719,-0.043481239791383262,0.99116714438849618,0.46865112338526888,-10.739684864798773,0.1874554919887032,0.808659478123972,0.4803788540051627,0.2962962962962963,1,5
0.27950352246228272,-0.93571005946064623,-0.21523119094437046,0.94800814146897228,0.2334181554924035,0.21632505262930399,-0.15217866026392507,-0.2645045355200551,0.95230195108988336,-29.286727226107246,33.615812709802476,-2.6544767745471769,,0.5071834268028601,0.3333333333333333,0,1
0.21019227230351073,-0.97741892441276523,0.021713011391294341,0.96836656165999868,0.21119784153079266,0.13289723094002115,-0.13448200966180529,-0.0069078167698554006,0.99089195735195834,0.65938373993310551,-9.2447194685057674,-0.029099557377442804,,0.09570622072263005,0.3333333333333333,0,4
0.4747640459059822,0.86826584706468646,0.14392192166596376,-0.87683221233654562,0.45252048046221577,0.1624514886704439,0.075923462276035011,-0.20332150300272386,0.97616391773755484,-2.083130314349253,-15.92672198602804,1.3976878085138233,,0.07754060884271573,0.1818181818181818,0,6
0.98406435724554131,0.14145763358093644,0.10773615317339547,-0.16650029157270785,0.94572185292075461,0.27908391177984188,-0.062409884674810436,-0.29257463117949367,0.95420390456393556,-2.3245373724300209,-6.3873525374343387,0.020674192962369154,0.3980305276484216,0.1781189691889908,0.1578947368421053,1,3
-0.081959207616942614,-0.99522577270437784,-0.052993864095545601,0.98866696553822153,-0.087899459171730823,0.12170175155174516,-0.12577885172098047,-0.0424187036847129,0.99115101474874157,17.020921209834029,-2.5490488598545706,-4.3644541395951286,,0.2222365730950794,0.4262295081967213,0,1
-0.31642267278214564,0.94127630463821088,0.11779478119185925,-0.935264074163767,-0.33031616760660731,0.1271705193678013,0.15861211721679983,-0.069929591335274419,0.98486143620698552,-1.1403365762104447,-13.251259334756055,0.87502325981278928,0.6151395773759586,0.6122264995898421,0.9493670886075949,1,5
0.59247330143707677,0.79518738058836524,0.12904424371998993,-0.80357595876568522,0.57204023199207388,0.16442521545147265,0.056930357262709411,-0.20111440210852038,0.97791202655784504,-4.0197628912774253,9.2921843054094015,-2.1787810742648785,,0.07726131438784159,0.1891891891891892,0,5
0.52801098300616556,0.81687355636719883,0.23221109950402083,-0.84756711869725376,0.48974807451410224,0.20439374455438536,0.053238906150452812,-0.3047366345186166,0.95094752875969368,19.007221175914843,4.9415320924987753,-5.6690022327900067,,0.3974896036454045,0.4516129032258064,0,4
-0.15127083884213416,0.93617037763530409,0.31733603223423751,-0.97553230551232006,-0.19319987451932749,0.10493106969593503,0.15954264075103583,-0.29369854021409109,0.94248995392964119,-13.437472416589024,-14.927843613150678,2.6630609595965042,,0.2333421681762811,0.1111111111111111,0,4
0.70375772189551322,-0.71029367580350189,-0.014420921814763255,0.68943948701898239,0.67791506652752187,0.25515555317097971,-0.17145921559204755,-0.18951004376690933,0.96679247033684745,24.468594544188321,-8.2209214102517052,-4.9198981240629793,,0.3133960497309611,1,0,5
-0.97691366494472232,-0.20204173461422059,0.069417783876678879,0.2043007923406534,-0.97853361558882879,0.02707673192312772,0.062457005157577468,0.04063373766628612,0.99722014714405727,-8.8718848578903486,-16.441119700279923,2.3445847273560432,0.2666522767673744,0.182463942159585,0.5581395348837209,1,5
0.92838940943878445,0.32544911513905717,0.17937663698795819,-0.37022424971655721,0.85166899548448816,0.37093655394454639,-0.032048546982936195,-0.4107831491013812,0.91116963022844155,-0.74036275188390299,-8.0384133142836927,-0.01340661167379175,0.4620250740089618,0.4052638625373082,0.375,1,1
0.91648092260447322,0.38456087379362325,0.11034334075574882,-0.39904897903444858,0.89843981057838829,0.18320976802407418,-0.028681541688316527,-0.21194065470068674,0.97686157056740974,0.16986319426804103,-15.52242840536219,0.99337144804533395,,0.07892127226644931,0.2857142857142857,0,4
0.99582449937384676,0.018220176482074048,0.0894516160602494,-0.033659941003541236,0.98412289879398651,0.17426740498716328,-0.084856200825080108,-0.1765506874477806,0.98062698307932072,-14.722671417611293,-3.3083439659181191,1.1671705910767938,,0.06583128118517564,0.24,0,3
-0.053012372892124078,-0.99653428313341019,0.064102346759905407,0.99053495182010443,-0.044337197856914486,0.12990274096007662,-0.12661041640832851,0.070382067502863063,0.98945245819641714,-10.239381179993773,-0.4174458660562112,0.26751677167345461,0.489026205727592,0.2667770211789331,0.7891156462585034,1,3
0.97824376550726466,-0.18918726605539568,0.085131155334891656,0.17515378208377971,0.97308051468295098,0.14978472741274942,-0.11117683152490129,-0.13161493192965915,0.98504681199688948,-6.6195151202205382,7.3146139317074192,-1.4029004024074616,0.2088207850124331,0.1999072445420015,0.7796257796257796,1,5
0.79314442818204178,-0.60796240583096561,-0.036105804796541949,0.5982337998056958,0.76659473163889935,0.233342748319982,-0.11418509891321421,-0.20667421348515619,0.9717240002523716,-15.049676941414415,-6.7618307168614464,1.6995170127358858,,0.3295149191565985,0.54,0,4
0.44392894945370914,0.86510878525284263,0.23348207107886937,-0.89327395020839828,0.40672181343908959,0.1914132084050193,0.070630996849903302,-0.29353731645426362,0.95333472932271746,-15.847432333770719,-15.778681270894506,3.0940982497593441,,0.3466086624551997,0.2222222222222222,0,3
-0.218387017320997,-0.97581390950601132,-0.0097120893855571454,0.96895340169622279,-0.21801232078260788,0.11661875204400227,-0.11591555550036343,0.016057459374873153,0.99312926751328146,4.2039866691877208,9.8830255807365077,-3.5145598524760295,,0.1030645129367306,0.3888888888888889,0,4
-0.78639343628174529,0.57479357393366237,0.2262691113200285,-0.5786374204700776,-0.81366555880826918,0.055920425972637348,0.21625008440396654,-0.086952318967316894,0.97245832569909274,6.439606750198358,3.8650588651679532,-2.917338502935849,,0.2505045868030064,0.1492537313432836,0,3
-0.1401233232275628,0.97381152500759061,0.17904348089236255,-0.98036555172547413,-0.16179174716735384,0.11272451170238384,0.13874018623913451,-0.15973272773894812,0.97736207027457556,3.3428276066494189,8.2894001983714016,-3.0628985412700365,,0.1032854246252313,0.6,0,5
-0.67518947284860842,0.72780873769896504,0.12005672444081027,-0.72085018093094511,-0.68555154814158847,0.10195141731479043,0.15650620564770362,-0.017706387822192846,0.98751824865368842,0.01518349521679003,4.1564044572056424,-1.8818255230990013,,0.0651881342050354,0.1491228070175439,0,1
-0.49576989466118254,0.83946308990912621,0.22251726276373002,-0.85661460927064748,-0.51485050526637288,0.033769341288471706,0.14291124074661288,-0.17386971532496331,0.97434372752180221,30.039991870055907,-13.82088788462249,-5.2289533636068368,,0.2102868770980815,0.2058823529411765,0,5
-0.77426429702785649,0.59744398432219636,0.20874741661917115,-0.60952679818104216,-0.79272490951552665,0.0080187363572386122,0.17027002274953029,-0.12102852321175847,0.97793671365894363,-3.2486194212683506,-16.628245535274694,1.6496069551783199,,0.1918010157689061,0.3076923076923077,0,3
0.69012862587441703,0.6937750635228106,0.20590930280735636,-0.72275428885371862,0.64631260972901905,0.24475752991240715,0.036724891997761168,-0.3177360095097615,0.94746773589846733,2.9618163364984014,13.786629910160213,-3.8609258979357737,,0.4932225389801814,0.125,0,3
0.48235649001647801,-0.87570273550767364,0.021838854442523727,0.86246671908621753,0.47913192892675882,0.16304524878566645,-0.15324286282773433,-0.059810648778472544,0.98637686068006447,10.845943881048413,-16.254790583893616,-0.77884368598040954,,0.1358165773985776,0.2857142857142857,0,4
0.98124990823520009,0.15216360975255891,0.11829984554293312,-0.18250824418431164,0.93087079458240085,0.31649692668063739,-0.061962556380208707,-0.33215327735941441,0.94118799500749506,4.2679518818005864,1.4544619251818747,-2.1267809597007088,0.9524181072059479,0.7708322167908577,0.5641025641025641,1,1
-0.83321042872672046,-0.55190722831686334,0.034041045704162116,0.55295602937051447,-0.83161833449220646,0.05148373839576733,-0.00010508962853005173,0.061719989209385241,0.998093498570231,-14.73649110418261,-5.2539286382090173,1.4441441824389571,,0.2132873907436255,0.3333333333333333,1,5
0.98097329470631556,0.16243262850958229,0.10633454880002496,-0.18434817212452628,0.95111207754652494,0.24779339656148969,-0.060886340893363998,-0.26268128433636384,0.96295970650490648,3.8552889718171062,11.806421066813376,-3.7065259164636277,,0.2658384956529677,0.8762886597938144,0,6
-0.98979352594719228,-0.11977173771692927,0.077223745294379226,0.12382653380154168,-0.99104159324437779,0.050035487269936757,0.070539106315006025,0.059087150074372659,0.99575747206655085,-5.5935521753776669,-7.4993324390625027,0.67381831969717931,,0.08577457607850407,0.2962962962962963,0,5
0.44736470436516262,0.85909093240303658,0.24865154564400438,-0.88860533936811137,0.395500107695129,0.23229338272887981,0.10121942567884477,-0.32487295159188467,0.94032557829148866,-9.6950395811376886,-8.6478371732427295,1.3839044322332357,0.2427290057623424,0.1650942258114172,0.3125,1,5
0.2242343751747734,-0.97289536217320172,0.056511585111853918,0.96232323606168169,0.23020321523929302,0.14470822032374372,-0.15379510501232579,0.021933854092866273,0.98785928740832363,-4.8983375535867646,-4.9321367906495945,0.24876027512379453,0.7916982456927566,0.7055330176137948,0.5,1,4
-0.81385411202854974,-0.57370565460107603,-0.092213373287021921,0.58103390262140675,-0.80524228762913308,-0.11825591832266986,-0.0064100186238820753,-0.14982216155346001,0.98869218241507817,4.6494586232722828,7.1326092127847591,-3.1352118923814585,,0.3083157934661932,0.1891891891891892,0,1
0.7983921019552338,0.5733580589798577,0.18393093197816071,-0.60205331849292043,0.75500551798725601,0.2598046756708946,0.010092235984505657,-0.31816222907763048,0.9479825645871276,-4.0236600076233602,-14.614936820705347,1.4917042824490809,0.3295885075821294,0.2757633211223552,0.2592592592592592,1,7
0.4214329710625338,-0.90313833795453058,-0.082069442657628597,0.89835801427931428,0.40340631415197453,0.17382814467872007,-0.12388353030783809,-0.14698465300515826,0.98135028542280478,-7.4098132143387003,-15.32542081228833,2.0148600655163311,,0.5790048501794006,0.2222222222222222,0,5
-0.88387329081187871,-0.46664140857819003,0.031840251091069263,0.46757105419532841,-0.88328447368587582,0.034436141249190762,0.01205466996848133,0.045324765257280145,0.99889956981987083,16.048685363624568,-3.1018550379778778,-3.9703679773073377,,0.1454904151467823,0.4358974358974359,0,2
0.90144970316293471,0.40830728035797698,0.14378316130246285,-0.43267667891033651,0.86013887114458765,0.27009630481225938,-0.013391198399667773,-0.30568985451399544,0.95203696811239091,26.38990655140659,-14.611779564468177,-4.3919951115142251,,0.2552130652023782,0.6428571428571429,0,4
0.88262956806431137,0.45346565125049942,0.12383032227434272,-0.46973982219908705,0.86071691935240302,0.19624190220459906,-0.017593891524542174,-0.23137693894696948,0.97270507714545873,21.957365947447638,-12.719086022638322,-3.9016106356267555,0.3258098730974383,0.161640109097518,0.4814814814814815,1,5
0.50607379712009948,0.8449065497942212,0.17326925285020711,-0.85965457565413228,0.47784967920293625,0.18070333323589838,0.069880772930454443,-0.2404009280358031,0.96815498313759984,-7.7792121321980083,-14.34956838760103,1.8606355063327658,0.6786394159038729,0.1367864205003788,0.24,1,7
0.96343226828125195,0.21447117035463548,0.16062497166117767,-0.26333677200025524,0.86863739578916854,0.41966989306965585,-0.04951776395322053,-0.44662197854933611,0.89335144222738494,19.710102758845181,-5.9017374407997121,-4.5659430174681237,,0.1555305765477411,0.375,0,1
0.95823940779315142,0.26919816731614576,0.09648618588097746,-0.28246335363379527,0.94365159466159498,0.172441647366808,-0.044628367729277627,-0.19249419369492024,0.98028276236377976,20.911165211396455,-12.474152104861155,-3.756278338128022,,0.09596044777497681,0.45,1,4
-0.719360900590855,-0.69120839314235794,0.06892642418312965,0.69404789820262225,-0.71112014733660478,0.11227489056991899,-0.028590377780575344,0.12860440622904021,0.99128376209682711,-9.8525345971127081,-10.683987303300299,1.6778364191472988,,0.08533485285196304,0.3947368421052632,0,5
0.89797339263976417,-0.43990759844891869,0.011184406016273091,0.41866989708752655,0.86189523968477977,0.28609808297406741,-0.13549650690608903,-0.2522258920801379,0.95813506145043403,-17.92908211708232,-6.2275264248308018,1.9351415823909981,,0.3303905178174201,0.4375,0,1
0.99060400503565726,0.097034443261717368,0.096374384709857,-0.11286415082084252,0.97800797865210132,0.17539121173057817,-0.077235928600652565,-0.18462044987952692,0.97977033064870633,-12.485357370077484,-1.9777866171900431,0.74220154489232848,,0.07565627835070526,0.2888888888888889,0,4
-0.99339673910048998,-0.07659370654009974,0.085418515925778357,0.08594750660946196,-0.99000419687482411,0.11182448872162044,0.07599963718419904,0.11842759090973853,0.99004997897034763,-12.871995896635831,-4.3285061939124851,1.1101332964586703,,0.07558579001653751,0.2807017543859649,0,5
0.60603132638811308,0.77491373535491426,0.17954034141261385,-0.79365057040654841,0.57392877797679243,0.20180319596930515,0.053336699650656474,-0.26479135289574579,0.96282954664988118,-36.145766952015784,21.222776603193019,-0.055862069695942942,,0.1530625558331804,0.1818181818181818,0,1
-0.27250676369482552,0.94099406867867019,0.20067442899417423,-0.94901271658887709,-0.29722704191560623,0.10502832621107999,0.15847689892591629,-0.16182165573761695,0.97401171668577169,-4.0804235231774282,-5.9387635554660809,0.22865719261945322,,0.08190279300279475,0.2978723404255319,0,5
-0.86726333650521448,0.47227319181619926,0.15751932403861316,-0.47764845184049765,-0.8785409319012758,0.0042175144827977691,0.14037899275966428,-0.071581165579895009,0.98750689877387932,-3.9071406108326725,-12.334711500314514,1.140754537113172,0.418581025776921,0.1599303338698828,0.16,1,5
0.53699691872942268,-0.83564158040236802,-0.1154879144228466,0.82850195658346615,0.49665882890225493,0.2586784019024565,-0.15880433625211282,-0.23459146782454268,0.95903494514613608,8.6162030049598464,-0.18864094708122109,-2.7014681598322361,,0.4851952209504228,0.1666666666666667,1,1
-0.97924276314648073,0.13442593624663499,0.15170128044766501,-0.15363637222229168,-0.98045037241755284,-0.12293466702544111,0.13220996919906944,-0.1436897174139411,0.98075164499167822,-13.312791973760776,-5.8540349863003058,1.3762758822103014,,0.3325530415868398,0.3,0,2
0.58643010379172533,-0.80973214076714561,-0.020822909870685278,0.79443852568266982,0.56995898977671799,0.20979556449994344,-0.15801000689188349,-0.13957295648283569,0.97752351764071033,-2.6959865503927682,-1.4942631575530179,-0.62483098436862683,0.8726450125650075,0.930902902856463,0.9149115417017691,1,5
-0.049867311813581845,0.96492530278030442,0.25774485691633997,-0.9861462776846428,-0.088448045299579184,0.14032983393208606,0.15820483627629797,-0.24717625965496998,0.95596816183478006,7.6743726581417064,-14.030316513424008,-0.52249287549895529,0.6089347644990469,0.2887398985687742,0.6052631578947368,1,5
0.68797065773674793,0.71600930971343391,0.11843581593825153,-0.72483774599205297,0.66977710010339309,0.16127268262868058,0.036147144817093961,-0.19679762341243492,0.9797775662571534,-8.3734120594462826,-9.7892550134484093,1.4212770565677479,0.2078720053885333,0.2659123414782193,0.6666666666666666,1,7
-0.8795969807587587,-0.47195930161128286,0.059695636881323462,0.4756410140118898,-0.87478104801447998,0.092324123740388231,0.0086473828305486701,0.10960171375156177,0.9939379694492525,9.8883082995372007,1.2673563944482897,-3.2113344053721735,0.3877589612419334,0.3666041752048858,0.8757062146892656,1,5
0.83300501502986335,0.52401267713112387,0.17752002461967387,-0.55326455996149282,0.78838870342244771,0.26896389907660079,0.00098571076532934644,-0.32226381509835161,0.94664938697098555,-15.30562757898384,-2.0586217724221503,1.0349816129149476,,0.3068547821871764,0.2631578947368421,0,1
-0.90879487338694565,0.40210003928399113,0.11138867318278113,-0.39926308549984518,-0.9155950430091323,0.047693875647201706,0.1211646262848641,-0.0011294356645596439,0.99263178354933346,-11.324330300607953,-6.2410980676084353,1.2058405021542111,,0.09805704431292951,0.2888888888888889,0,5
-0.35906934944183672,0.89387143769687705,0.26844562794192245,-0.92115495766776778,-0.38568768291997113,0.052139766089957643,0.15014241990692609,-0.22855822915296833,0.96188273174589756,8.0789491093299528,0.06083676712342214,-2.619604249185683,0.3746829017244868,0.1279959908907668,0.2439024390243902,1,3
0.98952078502811147,-0.14089423826915509,0.03158210917443207,0.12113438815359437,0.92908140547476092,0.3494770407447369,-0.078581651827926827,-0.34198911623558831,0.9364124990475069,4.6703587096621648,-14.635910265733395,0.078501221593452478,,0.5853903104919002,0.3157894736842105,0,5
0.88495786000382903,-0.45982517916362858,0.073555357551849138,0.44400278218496347,0.88080930529695078,0.16442778692883844,-0.14039627997014512,-0.11285287904807968,0.98364277675439893,-14.055075221362065,-13.821202905872262,2.5800899240998283,0.2936894507725327,0.2188588194511547,0.6046511627906976,1,5
-0.87238903933234757,0.43998667004868475,0.21295326771912457,-0.44374044363132814,-0.89556555971240892,0.032507644375928367,0.20501654259755583,-0.066136664842351547,0.97652145845591876,-7.1526989678592363,11.789841303446192,-2.0870513395997352,,0.5075815749915581,0.3823529411764706,0,3
0.11865919246867145,0.98049533691914192,0.15668085499671516,-0.98483501518761385,0.096102429922122895,0.14444485391829281,0.12657009482139261,-0.17144450193249802,0.97702957675498325,-12.634518721226552,-12.487124780482564,2.2230236564372321,,0.09737307259480814,0.25,0,3
-0.9957072714818046,-0.043274301841214599,0.08181909507208969,0.047868378312431702,-0.99733567955929414,0.055046894878268464,0.079218986840265279,0.058727140898878032,0.99512585889717742,14.12114943551823,4.1146130758302224,-4.6554807107515064,,0.1768815937294458,0.4411764705882353,0,5
-0.98086980319971351,-0.1798472402925255,0.074494290587383188,0.18324091046505533,-0.98219200874386581,0.041492489580970029,0.065705387167967338,0.054349131721232777,0.99635785437675695,2.1266381965161485,-11.286729842730374,0.026491150624353501,0.3061635978131055,0.1495584752102324,0.375,1,5
0.98545178655137278,0.12608519110028399,0.11396183996370352,-0.15644474326527646,0.93496308176718002,0.31838510963466798,-0.06640646570455043,-0.33158190589599834,0.94108640463828186,-1.0333487323774597,9.6361623145956088,-2.6182342056615893,,0.1521112719981151,0.4166666666666667,0,6
-0.95381709558505445,0.28211999886360006,0.10315645598261516,-0.27488909713275189,-0.95823069505367442,0.078929838049322174,0.121115368336274,0.046928043834727672,0.99152853022725185,-5.183230170090952,-5.4815886687832629,0.32634435195175665,,0.07246043736403016,0.273972602739726,0,2
0.78737396749087185,-0.61620854662169222,0.018145588666835879,0.59784665101732215,0.77043107875475592,0.22139407118564883,-0.15040484428719847,-0.16347164879319506,0.97501559108343416,-2.9726336266742486,13.689417032480698,-3.0095250305675378,,0.08878610979650799,0.3720930232558139,0,5
0.58699633922481975,-0.80800130594319253,0.050687151535230748,0.79474373127052245,0.58703669532883662,0.15417626258152112,-0.15432983944418341,-0.050217605792133801,0.98674236390541081,0.54819197813002296,-11.3658616154146,0.30324414794383581,,0.09203760593554605,0.3636363636363636,0,2
-0.98429677908424495,-0.16815550857223774,0.0536989350098558,0.16442676063249989,-0.98406801286155665,-0.067631253504641609,0.064215972096381593,-0.057739683056963094,0.99626424101650735,9.3293190233443806,2.7761293557459972,-3.3631184182435732,0.1358295281736587,0.1586124478277028,0.1785714285714286,1,5
0.97309813676256973,0.2104159499506747,0.093835730058281788,-0.22280900913010918,0.96310967371148937,0.1509168706732549,-0.058618782652615088,-0.16776437169346817,0.98408279830033696,4.4338823619247592,4.6033967062809458,-2.7077551205744466,0.3206171657065701,0.2235900909312956,0.5563380281690141,1,5
0.10765902047491971,-0.98527429375819708,-0.13283110091265532,0.98567738159155061,0.088335974866543432,0.143655333918388,-0.12980614287932205,-0.14639440427716019,0.9806727505478724,-2.4335360220369258,15.851032145390377,-3.3803222737128378,,0.4495125588378351,0.3571428571428572,0,2
-0.97265291730938619,-0.22515242118628798,0.057032356460982515,0.22524872984074176,-0.97428938057861292,-0.0048179452960214137,0.056650791297851603,0.0081602773050485373,0.99836070521612152,7.2449261049064786,-6.5605002210250332,-1.5401950093660075,0.5421668177609908,0.475224802740129,0.3434782608695652,1,5
-0.97299712559601459,0.20876565122510474,0.098455555711454396,-0.20218183313333388,-0.97663933112372436,0.072788208200567903,0.11135124576194945,0.050916792620533904,0.99247588398736386,-4.9280903185397955,-9.8463000963369343,0.94093736213320023,0.1959997928869147,0.101314792099345,0.425,1,4
0.51054417058245516,0.85019418150668302,0.12850876863644037,-0.85219044348076722,0.48040610430119279,0.20731961554615186,0.11452553394036512,-0.215359765699939,0.96979589264614918,8.0492916677263189,-19.194184065837408,0.1686258709579655,,0.3454965661648216,0.5882352941176471,0,4
-0.98432226783545529,-0.15716864024826163,0.080048057851387258,0.16064286046528611,-0.98624383112737568,0.038948388217327996,0.072825438033679066,0.051196914806553549,0.99602978443894619,-11.512923417682019,-3.3403605604510367,0.84465331481358807,,0.1990014883824294,0.4833333333333333,0,5
0.92644407047172939,-0.37579931614530437,0.02182334237677673,0.35354893645037716,0.88856671989351654,0.29232231155435845,-0.12924602052898823,-0.263104652719023,0.95607081740581412,-13.964053278600323,-0.11813554754216807,0.6399215393467993,,0.1061162848931846,0.2857142857142857,0,1
0.45913941060248253,0.87984255046896509,0.12275214057552099,-0.8845080757064917,0.43990056389533638,0.15534786092690489,0.082682922309294776,-0.17990158495364231,0.98020352687059997,-13.73120684011008,-3.4008828839761405,1.0673167481896328,,0.07422920793745999,0.2413793103448276,0,2
-0.57175300374122762,-0.81474540469832446,-0.096376492132922376,0.81774656198265516,-0.57542600965245971,0.013246425215700545,-0.066250004365521253,-0.071237861691735363,0.99525680303284414,-10.00760206723208,-16.696195715694746,2.5200576275598547,,0.2025915254235705,0.1111111111111111,0,5
-0.43349332519999928,0.87109068381743837,0.23083448090247596,-0.88560772699750123,-0.45917909010386382,0.06966718807090988,0.16668080540172359,-0.17422853893049736,0.97049571113569433,12.192412239733093,-14.529288660003914,-1.3542819716487569,,0.3247647883212595,0.6086956521739131,0,5
-0.26586156852089543,0.94284334013551474,0.20090809427625575,-0.94821213571393004,-0.29333893166789643,0.1218442319224288,0.17381418834041887,-0.15810979454178326,0.97200304567502138,9.0236933360114957,-13.630165334327092,-0.89221265574945086,,0.1478563759222297,0.25,0,4
-0.99352286481372798,-0.077537374174803761,0.083067880064444058,0.086028200894073606,-0.99084404913046009,0.10405392329789889,0.074239246650631585,0.11052613224406516,0.99109661907803681,-5.5113131479774058,-1.1607538198009024,-0.21182037850981836,0.3423943036428843,0.2839053601008032,0.818100358422939,1,6
-0.96245042446661422,0.24860753216076995,0.10901135444055678,-0.24093853570483489,-0.96733262418954324,0.078842984411936767,0.12505119934028189,0.049617427699374723,0.99090882951563874,1.7542820043694365,-7.6267646744402748,-0.43893076292860217,,0.1383650357261168,0.203125,0,3
-0.96302745219111241,-0.2669496520083216,0.03627684687141837,0.26673430123122116,-0.96371024547408157,-0.01074129019155988,0.03782775268223753,-0.00066787792530345711,0.99928405124173258,6.2632828154822802,-13.293586447294318,-0.43623569305359627,,0.2512415977613341,0.1428571428571428,0,3
0.6369040864744363,0.75689088919399372,0.14652428633947126,-0.7689791402322973,0.61014484530675417,0.19077303172407764,0.054993331593591779,-0.23417824322665962,0.97063705053923988,-6.6716444624999722,0.89798692392672874,-0.41997884578510253,,0.3287568370180701,0.2591362126245847,0,3
0.9314677819880085,0.34027363631650603,0.12876965304869997,-0.36245555522487949,0.89856468177451798,0.24740146150353265,-0.03152366737809504,-0.27711976669916871,0.96031812088475843,-14.52253947998735,-7.3506484605241829,1.7584253521674362,,0.1946471266307026,0.5,0,5
-0.99279819248830292,-0.085573396254574288,0.083838790815564862,0.078946444228261248,-0.9937112457621351,-0.079406668420098483,0.090106647566494724,-0.07221602245570595,0.99331044400278201,27.653600419752635,-14.631830949953006,-4.6083319160963656,,0.4286274200069684,0.1,0,4
-0.76043532695967797,0.62500722816795073,0.17636348332221008,-0.62603382863707369,-0.77772195405258171,0.056834915207484162,0.17268398568985927,-0.067190229367444967,0.98268291638952132,-8.7046932461837194,-6.3172429777882613,0.94556013653914983,0.1495637204098315,0.1844596659858955,0.2957746478873239,1,7
0.1108001285752037,0.96016046319487236,0.25654476495365686,-0.98517529381550162,0.072094338914575118,0.15566645994565154,0.13096935505399385,-0.26998942796687253,0.9539144284593154,13.452536080119595,-10.392548089689488,-2.4488495817474885,0.5774707912492869,0.6149408191567654,0.825,1,6
-0.79214868409061956,-0.6079771325409542,-0.053518862102795134,0.6102052480271023,-0.79069810922135009,-0.049457611688838721,-0.012248166135454082,-0.071835272541142747,0.99734130368959306,-11.6315071322473,-15.431337727406968,2.5272206633545582,,0.1385066677956327,0.3125,0,1
-0.56691595082399915,0.80884285188950733,0.15613950700757498,-0.808291094281547,-0.58275357285323581,0.084046298145288259,0.15897110305479797,-0.078558985953460683,0.98415276970575249,26.62991553321104,-8.6066583926115339,-5.2005985911314854,,0.1640692775625299,0.3529411764705883,0,5
-0.075522237556872332,0.9736581835434921,0.21514212338171326,-0.98459676520483808,-0.10693551607317645,0.13832572194040402,0.15768830515473836,-0.2013815707083258,0.96673670738028494,-1.125046394006288,-14.175026516771874,0.99751162437625662,0.1805459424826696,0.1377049550707624,0.1764705882352941,1,3
0.2315921708458589,0.9407799412618354,0.24758466940075288,-0.96886164385109852,0.20014130845059963,0.14577575836135909,0.0875909897024231,-0.27363581412355253,0.95783676049308664,7.4496426516693521,-12.46393359358467,-0.70807052395837133,0.3760471552197052,0.1711350878085486,0.3428571428571429,1,5
0.1868897741219194,0.97362174377543054,0.13089275142783457,-0.97575980109989757,0.16853166115505275,0.13960619522717432,0.11386405440764621,-0.1538108553906693,0.98151780313850856,-6.8319114412394519,-13.680491875398237,1.6820920402576525,,0.1005962776060721,0.25,1,5
-0.47557951948858468,0.86261281929245581,0.17240430573314661,-0.8575264183205672,-0.49831555771894592,0.12778907158891328,0.19614423908263851,-0.087067381536241439,0.97670195481892819,8.4684511616655591,8.1332305709278234,-3.9384667713690149,,0.1610305746192033,0.25,0,4
0.56894737521385386,-0.81552362960191671,-0.10592494417360547,0.82013167919626595,0.55316467602103547,0.1462630164506927,-0.060687008626055035,-0.17008836163435215,0.98355835425284355,-10.026252337419162,-14.245422098155636,2.1882188897395976,,0.3276510657913171,0.1025641025641026,0,2
0.99431585380725385,-0.019429386458543984,0.10468276749014666,-0.019094452273676739,0.93472677220235223,0.35485386178050793,-0.10474437817811434,-0.35483568066080401,0.9290426550864409,-14.83278127364121,-12.812194181762045,2.5109684750134238,,0.4880076432762809,0.2692307692307692,0,3
-0.5919791723803729,0.78550230330853243,0.18040729188378388,-0.79188724229373308,-0.60852603304609276,0.05109464353152491,0.14991749384336864,-0.1126152680686678,0.98226399019690569,-1.0633570351535542,-6.3752352983431972,-0.1878447770272352,0.1941823531234835,0.1579391284581141,0.3694267515923567,1,4
-0.46644912038895586,0.86960018061966893,0.16192820617362649,-0.87090825411826656,-0.48351974290398947,0.087906035803765326,0.1547385892304895,-0.10002091825362935,0.98287933385266502,-9.8760065996329818,-1.8341768734548216,0.43123077154325684,0.3687754201512345,0.219393806353729,0.614406779661017,1,4
-0.86529703699255189,-0.49983179434807301,0.037804961720599918,0.50118356513769335,-0.86401423142226041,0.047900333356590739,0.0087219153734764861,0.060395242019437689,0.99813643502961635,2.5753439170815429,11.926206684297751,-3.5309909171674776,,0.08593153521136565,0.3333333333333333,0,4
0.84416563076222551,-0.53161496577554224,0.069064578499276719,0.51766985317093872,0.84185302480139423,0.15264798639589514,-0.1392921783798087,-0.093107533509441079,0.98586443096705512,-13.99470098363034,-1.5995925144307934,0.85243084115143664,,0.3527941754193488,0.4464285714285715,0,2
0.010796243591404556,-0.99916527194396454,0.039397975397974648,0.99088790312555985,0.015980204463640572,0.13373779011458348,-0.13425574313133568,0.03759511147003828,0.99023330737246418,0.41121207775375085,-17.234670057565978,1.183811741715399,,0.1801900664581831,0.6923076923076923,0,1
0.59571849204995386,0.78975389552302855,0.14631562710773729,-0.80242913425497342,0.57724886897066285,0.1512984724671885,0.035028027756971197,-0.2075392198556501,0.97759936041978113,4.7004523186846816,-16.126483235646244,0.28828786211459118,,0.102266730361792,0.2941176470588235,1,5
0.7557867773764575,0.63127130119436103,0.1740198018367092,-0.65442880628331601,0.71901793878458686,0.23395756284539815,0.022567335897343076,-0.29070560365143017,0.95654637491140715,-14.117548860126792,-11.020912607057705,2.2185621590683602,,0.3272082293043024,0.7945205479452054,0,2
0.63549045894638723,-0.76864111617058894,-0.073093851452372446,0.7490759427414222,0.59081395536614756,0.29970669353662699,-0.18718201995426781,-0.24521358991018261,0.95122720037286634,-6.6069287646747581,8.5678767658374078,-1.6005907492434455,0.5018341192810933,0.2371312132294361,0.3026315789473684,1,2
-0.11476499444822341,0.98485527757320346,0.12995798661685601,-0.98610613660980195,-0.1287602087094617,0.1049547330690056,0.12009864024954488,-0.11610723874635701,0.98594899752517928,14.615174427811336,11.414479841729069,-5.6814584262886179,,0.09308450896307409,0.2,0,2
0.96547747595596711,0.23909339587108192,0.10338080804738395,-0.25521189658038895,0.94770334833856651,0.1916383348699103,-0.052154877677325913,-0.2114065079383913,0.9760057157290416,2.1457842307636481,-14.570891378901932,0.50505097594899095,,0.09300587518642822,0.391304347826087,0,4
0.99372932097168676,-0.09436657530871137,0.059974878954910972,0.058235180788916839,0.89470189431214231,0.44285119852242338,-0.095449988788019566,-0.43658157288045263,0.8945869604804203,6.9366643986048944,11.554396114250133,-4.2250958106142731,,0.4395424870471173,0.2777777777777778,0,1
-0.86149075251563811,-0.50729535340212184,0.022025161671502452,0.50735583671427298,-0.85821395550059631,0.077838689197472527,-0.020584904226149506,0.078231905260173734,0.99672264483022732,-8.0955213734427023,-22.16884767623209,3.0536778635114858,,0.3159143544507062,0.2666666666666667,0,3
0.83359317207456052,-0.55092288999350725,-0.040079829738584073,0.53278324579232705,0.78274734381611522,0.32163427794905386,-0.14582330566018886,-0.28946599978238935,0.94601532677664191,6.592724087271491,-11.268139923214314,-0.72856652834748281,,0.2181913010563241,0.1176470588235294,0,2
-0.97457747834925368,-0.20987897583799631,0.078419093310275828,0.21123458354137187,-0.97739098623620624,0.0093172281458268596,0.074690624649384363,0.02564518522865274,0.9968769407825997,1.1986425543020871,8.9135912558471357,-2.8085619534881605,,0.09265033788599845,0.2142857142857143,0,4
-0.99662112749247056,-0.0088598454294732242,0.081656790131640677,0.0027293272264552011,-0.99718847641993746,-0.074884532903499459,0.082090675527296597,-0.074408639513501351,0.9938432851094896,-3.518276257885868,8.321334030344067,-2.0968110506817195,,0.1477902035906133,0.6538461538461539,0,4
-0.87471936258847771,-0.48456791110809683,-0.0077444326547503094,0.48451223954655226,-0.87404357050486203,-0.035996202420500771,0.0106736330456339,-0.035238847646436755,0.99932191868994802,-2.8536441565558377,-9.6859661415477092,0.61406714153721242,,0.3205353366273417,0.5,0,2
0.54765855234388428,0.81590018476496384,0.18541035177438431,-0.83474510351395226,0.51764733859833101,0.18772811457410468,0.057190228221999866,-0.25758129074636738,0.96456267627010794,2.9629141683346671,-17.737378304232053,0.84987872216460891,,0.2340825881751578,0.4736842105263158,0,4
-0.58976878334900917,-0.80735834837574072,0.018581697851019863,0.80490280826122351,-0.58579447185363365,0.094743369155418158,-0.065606794162089491,0.070833142339724431,0.99532829483846907,5.8125899615128036,0.94537063066534499,-2.3432611974286512,,0.2118477579414411,0.5321637426900585,0,4
-0.57582502466341501,-0.81636135908597596,-0.044493509219618428,0.81575918035692652,-0.57731915229382591,0.035207329608116664,-0.0544288584739177,-0.016022727172272499,0.99838908827129602,-18.504916247806985,-11.434799574101911,2.7576966493010309,,0.270901001603586,0.2272727272727273,0,3
0.57997877372192763,-0.81289537456530503,0.053157615092683123,0.79986363296591789,0.58061963291470375,0.15198358639194862,-0.1544111093495962,-0.045628410933625595,0.98695251021774077,13.489735955832023,6.0124280357108288,-4.8372533401792657,,0.1927265316640771,0.5714285714285714,0,4
0.47135784401446323,0.85371763005023915,0.22133230904556392,-0.87893000961846257,0.43399158380831038,0.19782149371502744,0.072827337436756762,-0.28778032129552994,0.95492338205581462,-17.906605511582292,-12.044593001392913,2.8049620688885457,0.5512156579509828,0.5278368654501829,0.3157894736842105,1,2
-0.87674173836010416,0.46752300504740213,0.11289891039664884,-0.4603670322713394,-0.88370628795058903,0.084412038444001844,0.13923404689580518,0.022032620997941045,0.99001436544980426,-12.845457915922431,0.050293066270933266,0.48166748204876253,1.189375625164489,0.9576094088596377,0.76,1,1
