axis_00,axis_01,axis_02,axis_10,axis_11,axis_12,axis_20,axis_21,axis_22,location_x,location_y,location_z,dbh,dbh_approximation,score,reconstructed,number_clusters
0.96664403444389113,0.25283465520283588,-0.040913907201607064,-0.23706311767420854,0.94368860392050746,0.2307658923436238,0.096955602791292561,-0.21336929478963881,0.97214873097091015,-5.8094861296972367,-11.860424654656411,-1.1326245838322433,1.039866316996073,0.4818348301567344,0.3265306122448979,1,5
-0.66146106981563557,-0.7392016993859496,-0.12668899219457463,0.74801696900719639,-0.66246180515740727,-0.040186699103981822,-0.054220542192415455,-0.12134745292964111,0.99112810901106385,-0.12182822854478119,-18.930500732128831,-0.12066592027793155,0.2996620004205559,0.2429459986358987,0.3043478260869565,1,5
0.18810024585859814,-0.96870293263095519,-0.16196581682602387,0.9820924199914447,0.18373096178512166,0.041682277731200167,-0.010619609375193344,-0.16690584769174605,0.98591564644396301,-15.027437631248725,-14.839564620391906,-1.9916690137052366,,0.306041038579638,0.125,0,1
0.86894707668623561,-0.43997605724729405,-0.22660990041825679,0.48031135931215363,0.86009841870335957,0.1718479218951823,0.11929784589068509,-0.25817005866890785,0.95870550471598748,20.895948807061124,15.177569513399396,0.60591208424034981,,0.2724577673468526,0.3225806451612903,0,4
-0.99727968697973901,-0.017160044918350995,-0.071685136506764072,0.028801324151523096,-0.98592809676027593,-0.1646701908232894,-0.067850642330873401,-0.16628686321252151,0.98374029573776622,-6.1188454481255938,-18.070451436598841,-0.77341683306600018,,0.7177036434863673,0.3928571428571428,0,1
-0.39170307560252071,-0.88663496922562324,-0.24585998436061621,0.91906646050563312,-0.38965006813722508,-0.059073391423737118,-0.043422825071292838,-0.24910089471323152,0.96750359302479816,10.896368917808216,25.178978574807534,-1.1857554797866003,,0.6848284171346948,0.3214285714285715,0,3
-0.98178953042634809,0.17788004287976916,-0.066693390154523358,-0.16844112075686851,-0.97744791617393179,-0.12737016921324135,-0.087845926390368645,-0.11381678923748971,0.98961044441956469,-2.6854684535576507,-12.449489988641227,-0.78740493770231323,0.4342571128543585,0.3128687358935665,0.2241379310344828,1,6
-0.088197758626154102,0.9959593774551414,0.016913717287696833,-0.99494307132906057,-0.088901544802900898,0.046741845769634742,0.048056635209065474,-0.012705659794881396,0.99876379891421707,12.379132392976331,-26.750467620752964,1.551061176750282,,0.4865309780556789,0.875,0,7
-0.78039329508703426,-0.60254218532096682,-0.16712037545384897,0.62157943731700527,-0.77661237305618946,-0.10252914278735467,-0.068009617613076875,-0.18389164452108273,0.98059092132624581,-10.538581555696938,-16.775330522214613,-1.3999831233088751,,0.1374525155903438,0.4074074074074074,0,2
0.79236279188596082,0.61004637494206249,-0.0021509195089520171,-0.60627724287344997,0.78784896341699251,0.10826779584224559,0.067742976082050474,-0.084483319435370824,0.99411943846236495,-28.344209899110901,2.9609457591419521,-5.0452610333749703,,0.1074662538653306,0.4666666666666667,0,1
0.38218246531360545,0.90784930261096897,0.17247088726968196,-0.92285888005710393,0.36534929735227495,0.12186623168025794,0.0476240559650472,-0.20574142673019391,0.97744688583086792,10.948663548294107,15.251205633245625,-0.65437451885282205,,0.3723185521208047,0.28,0,1
-0.98077068775750598,0.18711166200773929,-0.05548048284189757,-0.18549168126177448,-0.98208877103480541,-0.033082956186313045,-0.060676966126767047,-0.02215562565234307,0.99791153617623063,-5.0305248324529144,-16.168033465979946,-0.75651708844676191,0.2754025694605268,0.2321183187706355,0.7849462365591398,1,5
-0.46109979989604943,0.88663290533873185,0.035623948495669279,-0.88733320238876945,-0.46095428736289706,-0.012685933164512143,0.0051732460132894089,-0.037459793544046063,0.99928474490173391,-1.2381794079715702,-22.029469690144722,-0.10073080282754129,,0.1894531411750461,0.1666666666666667,0,5
-0.72317138629253863,0.68983818095041083,0.033858974449262218,-0.69002209293776962,-0.71950503542148991,-0.078625792593145227,-0.029877371127787808,-0.080223363842140877,0.99632903931800754,19.457389217456132,9.241978701015455,0.64624913224700642,,0.3909563220119288,0.6862745098039216,0,5
0.99537347485768068,-0.051800038083899394,-0.080922194756775659,0.070416423893953847,0.96630031932866967,0.24759890975385718,0.065369509679467322,-0.2521516387410922,0.96547728004570277,-14.591501696179723,-8.6740872976434229,-2.6705791267706172,,0.1761970358878036,0.131578947368421,0,1
-0.010702428502456972,0.99262148700138852,0.12078096525240851,-0.99953837080077301,-0.014054475476933111,0.026935423070858961,0.028434192815827805,-0.12043693479253786,0.99231368095813932,-8.3413750543844927,0.9694269877516053,-2.4591351855319479,,0.1557254028656209,0.292894280762565,1,3
-0.93791472553386179,-0.31618425766625413,-0.14263058168141798,0.33891846274565113,-0.92288160773878503,-0.18282180862139885,-0.07382576269070612,-0.21981140393872789,0.97274493237519388,30.66814987853083,-3.77602605836252,2.669787005262549,,0.4408527578021976,0.4482758620689655,0,5
0.23750736041387632,0.97097728440815756,-0.028166769651361452,-0.96982175735718834,0.23867002419452185,0.04982347345981876,0.055100024553968695,0.015483304374266106,0.99836078377498683,18.488161222662459,12.942049456779088,0.4275815850788855,,0.1922585327558516,0.4347826086956522,0,5
0.78362567987960496,-0.58992754515207579,-0.19472104484126151,0.61977072123525911,0.76388009741365404,0.17992067661842956,0.042603367622220695,-0.26167286494046726,0.96421588081772136,4.1167576350833732,29.628424271138574,-2.4327875852431702,,0.1990720122020209,0.1428571428571428,0,4
-0.93672478609014553,-0.30104154291057572,-0.17866355130912945,0.34274603677921806,-0.89252402062702363,-0.29313141570959261,-0.071216777493149697,-0.33581968680497448,0.93923016804066672,-14.77387778232004,-24.352350619902303,-1.4889054310796301,,0.485583727122736,0.1428571428571428,0,1
0.94320500225415627,-0.31349106899076645,-0.10994395565816006,0.32752293228263524,0.93289762698117962,0.14976897676711354,0.055615218706045862,-0.17727201481314067,0.98258922251995451,-8.4867054917476192,-5.1904657593137014,-2.1010978462899867,,0.07486849577541424,0.256198347107438,0,2
-0.84630336083849478,0.52807883800758337,0.07002401218173844,-0.53182898693860359,-0.83006660374739805,-0.16777175565367952,-0.030472119803625242,-0.17922660012347427,0.98333578991250659,-24.357321983812927,1.8718003236940395,-4.3902197865279406,,0.3058945195665903,0.3846153846153846,0,2
0.26306001981846605,0.96477038808050131,0.0041861982877946227,-0.96392938404773665,0.26264365055646827,0.043109806212976297,0.040491586069908776,-0.015375666013811356,0.99906156985051375,-3.8152380336348268,-14.747330876234104,-0.75874425508235843,,0.08252435342733282,0.3928571428571428,0,5
-0.015367457094125913,-0.96120033327635601,-0.27542287590518205,0.99893818092497177,-0.026724040257241496,0.037527807858127538,-0.043432153443818566,-0.27455371966475062,0.96059039296959525,-3.492318985234693,-18.186157165966499,-0.48608892541479143,0.6455810304998049,0.335328741628438,0.3666666666666666,1,2
0.32980989687586221,-0.91055234965427034,-0.24923854128489514,0.944020136914833,0.32010422023235019,0.079745026733585772,0.0071702874443406329,-0.26158690091158665,0.9651532936531062,11.312277162002939,22.748028695418004,-1.08607255300387,,0.2580187512437254,0.3809523809523809,0,5
0.6972452080768945,0.71673215974759341,-0.012005456982462772,-0.71397976321398438,0.6958655515569675,0.077485688208981496,0.063890668604346848,-0.045454871464638273,0.99692117899331578,-14.133839952795746,-11.057955774773449,-2.3993215425705681,,0.111227883227166,0.4210526315789473,0,1
0.99026920405531649,-0.11942009026289833,-0.071454499797067833,0.12432628398990803,0.9898620284303884,0.068674156572434433,0.062529022132995868,-0.076889574802281993,0.99507693907446859,-9.5954343759993392,-11.467510490702024,-1.6650029432114848,,0.1130178097599268,0.6428571428571429,1,3
-0.20072032916620974,-0.94335118512968108,-0.26419668993731549,0.97898935750490457,-0.20304522320581078,-0.018774323568002817,-0.035933095490675034,-0.26241413614309761,0.964286074669094,16.368716439145441,14.040783917664786,0.15923640197233349,0.1948502767529967,0.2002076696076289,0.2777777777777778,1,5
-0.98196694726867118,-0.16688885868826928,-0.088820174046069442,0.17434069341536487,-0.9810937795292356,-0.084025700761671138,-0.073117966952705407,-0.097995431601514221,0.99249718301561785,11.008358359302596,21.405091969577089,-1.0212609418096732,0.3221217631478865,0.141562021367924,0.2307692307692308,1,4
-0.31139192853387254,0.94774675893966276,0.06936243769736293,-0.95028028956488564,-0.31068082692849425,-0.021090164615384811,0.0015614443418579523,-0.072481064412657906,0.99736856637512672,-34.704811176197708,5.5876696938703594,-5.9057247069862884,,0.2252678612854458,0.25,0,1
-0.98253351949742473,0.17868451399110441,-0.05195890225711846,-0.17687197383849512,-0.98351366176285204,-0.037645477766915306,-0.057828954118820913,-0.027797870162791415,0.99793942224963461,-3.2839072428369973,-16.169297187281948,-0.54363874099394638,,0.08984308042095224,0.2666666666666667,0,5
0.91021814958331082,-0.40773561188512381,-0.072488557509423235,0.41090688457046665,0.91098576549736821,0.035503060062015881,0.051560182134341576,-0.062101576967397459,0.99673714777589983,-13.509992426759785,-7.9309332682433471,-2.5694373754261717,,0.308471995178535,0.8580645161290322,0,1
0.53571697015542152,0.84410145929948299,-0.022361893837012724,-0.84311949553959176,0.53617502482407786,0.040814935942165884,0.04644183597317085,-0.0030115051688526409,0.9989164563205768,-17.179578208414664,0.85863944826012106,-3.5062833838242367,0.2550307208901635,0.1821773856173229,0.4647887323943662,1,5
-0.72674406081025944,-0.65994294378056462,-0.19057382042467652,0.68407522635554285,-0.72050689567905002,-0.11362613240602577,-0.062322987441447548,-0.21294394622337065,0.97507472585601973,9.9936720722775938,19.092764369509517,-0.99255041099742736,,0.1630360749698568,0.3333333333333333,0,2
0.34356700891653652,-0.92775347482212001,-0.14572302611332999,0.93912576552829929,0.33905410298977801,0.055543782430458863,-0.0021229472508109259,-0.15593525964732502,0.98776499628894088,3.7043488781136831,26.773848095836652,-2.4434162773907175,0.2890477122441411,0.1861710632281472,0.5666666666666667,1,5
0.5630020314565366,-0.81273985129438953,-0.14994214448842308,0.82633887667201322,0.55662840081131204,0.085608903220850255,0.013884288827620035,-0.17210100966646091,0.98498145616835675,-4.1476522629882897,-10.503540404781607,-1.0941688370106799,,0.109962385824446,0.4725274725274725,0,5
0.82393667511626723,0.55332953955596331,0.12228972178043454,-0.56248612139417475,0.772354311719333,0.29509012251766881,0.068831087724138137,-0.31192184569750936,0.9476112301673989,35.068571152065353,-0.71008886639658575,2.8407819679269513,,0.2474659136518165,0.1538461538461539,0,1
-0.65469317934868987,0.75522934612624737,0.031709236257363306,-0.75544121333003145,-0.65227151547504192,-0.062051940359202792,-0.026180414755199079,-0.064579446030552948,0.99756908584500203,3.6829417271408862,-4.0791537223844978,-0.46102451837168928,,0.7275414517861207,0.4971428571428572,0,1
-0.87751905429412758,0.47929272543946866,0.015452918544606538,-0.47726423889624747,-0.86976090011186313,-0.1254385224218918,-0.046681426943976131,-0.11744981897562856,0.99198104034354739,-4.1576123236242042,35.790409448911085,-4.3126548963195646,,0.2381133905936372,0.1,0,2
0.92946996544271621,-0.35422578266417692,-0.10300329235451525,0.36442888840789295,0.92502056056197779,0.10737107539460627,0.057246560016354142,-0.13733556507168102,0.98886893668106435,2.1222893607861248,-19.300624740369546,0.13169858626817654,0.299501959641941,0.2881389276781725,0.4642857142857143,1,5
-0.63192607362537023,-0.73868656890245976,-0.23454549749576212,0.77237062963530501,-0.62527086712633184,-0.111713710885671,-0.064133048806254395,-0.25175086026902954,0.96566477434180964,17.089107622422251,12.510272938047333,0.25273695511220706,,0.1269378990982571,0.3125,0,5
0.97658168723190331,0.20805827191642667,-0.054771923924922486,-0.20323592175198096,0.97565207688564237,0.082451106592656573,0.070592976087638273,-0.069388618345383138,0.9950888660673517,-10.404310159303382,-7.1105581191095935,-2.2156091137900544,,0.07265850803200852,0.2608695652173913,0,1
0.9016111441484993,0.43224154784087027,-0.016266194003580158,-0.42522983559048788,0.89261906437846694,0.14970234744918509,0.079227089249321855,-0.12805643376355069,0.98859729824678433,-5.8304934719174284,-14.619835570179044,-0.98188850128346783,0.5108280214625021,0.3200040504732463,0.2333333333333333,1,5
0.8790266968687761,0.47637291907029461,-0.019516868816861904,-0.47154852457312141,0.8747096299463164,0.11191537987287387,0.070385049299409919,-0.089173456003588253,0.99352606386520903,-12.950675013644283,-13.580353256395721,-1.8570471655138969,,0.2077018140298323,0.6578947368421053,0,1
-0.24988208145464796,-0.94671696118966542,-0.20318942089513126,0.96741230242272047,-0.25296307793657891,-0.011095869592954581,-0.04089477337098462,-0.19934060448553495,0.97907657561310202,7.6565241782391551,26.980124739668707,-1.7887263011062746,,0.5941185378376328,0.24,0,4
-0.81597671621467904,0.5747010435621609,0.062455657262348259,-0.57690338300077681,-0.80263918555554048,-0.15150189600462832,-0.036938939857118679,-0.15965289956434017,0.98648186317992215,-13.89651139999375,2.9498193811584863,-3.2153335864176715,,0.3230371560560538,0.217948717948718,0,4
-0.30673531006135424,-0.8928774540099732,-0.32967150571778775,0.9499622373622556,-0.3086776002592081,-0.047852760462846797,-0.059035558329390718,-0.3278536124841161,0.9428821833261315,9.061904604856645,19.788364352376998,-1.1593848489726586,,0.3174539569133054,0.2857142857142857,0,2
-0.017314261452879329,-0.97336207380187201,-0.22861865548213534,0.99984023987702364,-0.015840099822768031,-0.0082816640996748198,0.0044397154184059638,-0.22872552223510764,0.97348082898703259,15.147131179243001,20.006857872149887,-0.38673317157116488,,0.2585385924252622,0.4117647058823529,0,3
-0.74802341358653657,0.66352784626644756,-0.013848102951492528,-0.66276646561597463,-0.74792960555192922,-0.036632187947822518,-0.034663882951198703,-0.018223676027226878,0.99923286217517926,-11.368055733310731,-12.186243071854825,-1.832415901276119,,0.06730067012359577,0.4,0,1
0.89473390347597992,0.44600163725612452,-0.023103712591109986,-0.44296242403866692,0.89284763063479633,0.081285911200027511,0.056881744526908078,-0.062495184091951726,0.99642301213133833,-19.153749460242977,2.954759433882082,-3.8719948602951182,,0.1234844972598581,0.3947368421052632,0,3
-0.71966806756867363,-0.65802787701510579,-0.22153371209132836,0.69128193313075703,-0.70887691213465553,-0.14008144905532244,-0.064862635229955196,-0.25395439849198953,0.96503886037692654,16.958608189390276,25.930856747349178,-0.47775900652868852,,0.2600194893989668,0.1538461538461539,0,1
0.80190038213513681,0.59734677208408349,-0.011515685487565031,-0.59329431405436939,0.79843582274252811,0.10247972420054015,0.070410468271967896,-0.075346339275305818,0.99466843476383326,5.8469915333287918,-19.353217005057036,0.56931566773314235,0.1518130649453991,0.1084448126639293,0.4666666666666667,1,5
-0.5792587887796995,-0.81030394862474253,-0.088694793898097771,0.81305664842348147,-0.58212652558304279,0.008221597593560441,-0.058293585203269403,-0.067351459195518909,0.9960249187989143,-25.48688419683149,1.4827042582012766,-4.4823880273481471,,0.08971348420462517,0.2916666666666667,0,1
0.77300399001702513,-0.60172272531819793,-0.20098406218752637,0.63371906329064509,0.74708484620559235,0.20065986492568455,0.029410546404078995,-0.28247830784965938,0.95882272884752107,21.049566704740172,6.3913118156108979,1.1533184378725929,0.3924521957993206,0.1827221232288227,0.4285714285714285,1,6
-0.36428476656616843,0.9308583597440655,-0.028272299913878422,-0.93128464690395352,-0.36403914729009607,0.01357960534324631,0.0023484652032078634,0.031276402204984094,0.99950801466336514,-1.5196818163477412,-14.105372452754754,-0.52103426710323608,0.3734529995455508,0.3183496032947506,0.7304347826086957,1,5
-0.16039781560535621,0.98263143444987611,0.093316690790072307,-0.98694692582853705,-0.15827993268927429,-0.029719160578318592,-0.014432821852680971,-0.09686550954214114,0.99519282891031291,-11.480296325775736,-9.3378244538776372,-2.3061170342819972,,0.2419688857775913,0.3617021276595745,1,2
0.72020643311846966,-0.68755878109966828,-0.092550614409142945,0.69303907977607693,0.71910683767262829,0.050815252784975118,0.031615306386308543,-0.10073866459910324,0.99441047553658135,-9.9028124643324045,-5.4857101570924174,-2.2634704119208329,,0.08057873998761994,0.3795180722891566,0,2
0.40521036198817756,0.91326631440769934,-0.041823456404113703,-0.91312134998665007,0.40654378211711811,0.030521360069079899,0.044877196168737719,0.025822319610868723,0.99865872302501157,3.8147716576360811,-18.996487381523444,0.33100824484612273,0.3797524159540836,0.3382386733975213,0.9041095890410958,1,5
-0.066535143771823499,-0.99050078401949659,-0.12033815479732254,0.9974536270747647,-0.069131326154573375,0.017524884578944491,-0.025677548143428982,-0.11886570826302924,0.99257826236547697,-6.4855714501824631,-7.0204572634741869,-1.7244161804487939,0.1541872309794882,0.1178390597409528,0.57847533632287,1,4
-0.10278357105073489,0.9945476665478975,-0.017620342964525647,-0.99466965697004373,-0.10261727354042474,0.010097953962190298,0.0082347449961376468,0.018564324260759095,0.9997937561515311,-7.2728403809063753,-14.730367306165693,-1.1624738551333933,0.3028319151126332,0.2426453339163251,0.7920792079207921,1,5
0.37356456860343784,-0.90492333309842854,-0.20387072938054793,0.92751147146995261,0.36128689543188625,0.095886649127139803,-0.013114243240438519,-0.2249122949134138,0.97429075548370636,24.139279753551911,17.110712897464737,0.83581773994470199,,0.2823026386087558,0.4074074074074074,0,2
0.60992447526971627,0.79054308133415785,0.055079678844880881,-0.78584878981420336,0.59441473268586664,0.17062474941678513,0.10214604257881069,-0.14735250971966421,0.9837954176884558,-17.298842024941166,3.4379313680856729,-3.7209193143336061,,0.2992819729717226,0.3461538461538461,0,3
0.9862951236850882,-0.13646564818383236,-0.092731094357731733,0.15384861203254993,0.96372229280629351,0.21810535739371054,0.059603133899770865,-0.22938280060620658,0.97150964854466526,-12.460683528253798,5.281242312571381,-3.2648034799825223,,0.2163973754906818,0.4545454545454545,0,2
0.2636371503435761,-0.95731269195795199,-0.11852368022862393,0.96461917011238629,0.26134523637677382,0.034763832856270917,-0.0023042591888181273,-0.12349525189004874,0.99234248782877577,26.474752906815294,10.089159117007359,1.327597191245546,0.173666301048254,0.1450070667086987,0.52,1,4
0.93783310873217296,-0.31888743681679887,-0.13703963954330436,0.34025901848228479,0.9226167733430094,0.18166477338109494,0.068504456112130616,-0.217000212411289,0.97376488297033759,31.784141264330263,-4.697366293756132,2.8015797805020921,,0.1541105242350417,0.3571428571428572,0,3
0.21201991914844215,0.97311513329808463,0.089969390519986661,-0.97654803052777361,0.2074378797260715,0.057649545766442378,0.037436585803372668,-0.10008228315242262,0.99427462938686317,29.225163761063239,16.734972923161752,1.3999535336043247,,0.1869807905552829,0.4166666666666667,0,1
0.20074844613366913,-0.94474186425971507,-0.25915800448760273,0.9796355308864072,0.19257435980692911,0.056827304791442088,-0.0037799470664806852,-0.26528838244452102,0.96416170124110689,21.597706871428361,7.6588513995889294,1.0345071520042484,,0.587474918628899,0.3287671232876712,0,4
-0.078554564046881797,-0.97835564702157496,-0.19144035209014604,0.99499885834231727,-0.088829282322910111,0.045679650824864318,-0.061696453422292664,-0.18689458671398565,0.98044069738670037,0.55978244880599792,31.623480332715765,-3.3379807053700024,,0.1882226100518317,0.1153846153846154,0,2
-0.2673492970837999,-0.91136625030890073,-0.31294713794296386,0.96345549460392133,-0.25843752048098328,-0.070452522489654446,-0.016669231125399964,-0.32034607193710962,0.94715391089735412,-30.990745728624393,1.000824808712786,-5.1478067813839132,,0.3764069545442189,0.3125,0,2
-0.98837753289947561,-0.1374073517780241,-0.065031316585910257,0.14185872521655346,-0.98743363497302672,-0.069648536265239439,-0.054643888400084807,-0.078064308113928393,0.99544965179521439,6.7374177975296998,-21.26423123391006,0.76714544910145877,,0.1625489216137204,0.5333333333333333,0,5
0.69952159984294648,0.70692304845642939,0.10454345945219462,-0.71174061112167619,0.67611544187229944,0.19050777344236453,0.063990888674143764,-0.20767212818019978,0.97610319810140933,27.960851438432471,14.886540725651825,1.31098822273454,,0.6179126570675012,0.2666666666666667,0,1
0.41971282692961548,-0.8738902616160491,-0.24526914515157483,0.90760945473601673,0.40684193269669999,0.10356022148201791,0.0092855040003975587,-0.26607414841026455,0.96390784153009756,2.3097872085885784,-21.550397053776951,0.29577200978712831,,0.3063372755757211,0.1176470588235294,0,6
0.2538770724610323,-0.9618352832053807,-0.10207507070701193,0.96723341821854836,0.25272464753814572,0.024285123182379218,0.002438597933059632,-0.10489585553274111,0.99448022239367639,30.902845145288342,9.2107207464439185,1.9497613856935612,,0.1702127153002098,0.5416666666666666,0,2
0.23996664038097087,-0.8997667431699079,-0.36446648596227188,0.97075691361734162,0.21975502993635862,0.096637164081958035,-0.0068575628617608651,-0.37699805663038533,0.92618866281579471,12.445435929141683,25.91544411222041,-1.0208175188923545,,0.256176983273142,0.3157894736842105,0,1
0.59129129372387956,0.80302636291351492,0.074318681582978302,-0.80570557893409056,0.58424577887681828,0.097444291464926072,0.034829958955218669,-0.11749693753673479,0.99246226307536034,-20.890776930911716,11.764339350193964,-5.2280332336549549,,0.1813694834162642,0.4,0,3
-0.94000929826853719,0.33616078534473653,-0.058124397331087777,-0.33053355582592941,-0.93961467441447877,-0.088723345845612644,-0.084439846291661652,-0.064188706338287466,0.99435895044840716,33.343959931374641,4.5444574428463245,2.4295703235682073,,0.1962467374133842,0.4375,0,3
0.20419455832567943,-0.9478454483979547,-0.24473166591485399,0.97886965757369926,0.19491508747882605,0.061824769750229991,-0.010898432535374447,-0.25218468356424928,0.96761774970484615,31.901318380651148,-1.807468755748781,2.6286202399809806,,0.2723439028398247,0.2307692307692308,0,4
-0.32889157961283061,0.92363734465470215,0.19678512245336741,-0.94436765615663243,-0.3217254212996023,-0.068282379094615347,0.00024262111314719256,-0.20829500437793289,0.97806601632312706,-3.1053866141818296,-8.3100643169026487,-1.1818652819439071,0.8712602632192117,0.6908864714150631,0.2146739130434783,1,1
0.98882897000763714,-0.12257095426288753,-0.084815265399100143,0.13638112645324843,0.97360597275769234,0.18300709865436937,0.060145294254644294,-0.19252992230204663,0.97944615604809526,31.345521396884646,4.8849274622625849,2.2252161427191903,,0.2539306875320444,0.1111111111111111,0,3
-0.15426206694044109,-0.98278521312733702,-0.10166828198370824,0.98745187855632721,-0.15687290209260202,0.01815709571011587,-0.033793523622792976,-0.097591584920529162,0.99465264304371903,-0.82959836174626811,-17.737145993529118,-0.21448067217675268,,0.08682576995291928,0.2727272727272727,0,3
-0.92831466575664856,0.37179524979021611,-0.0004166227933860525,-0.36788248620849423,-0.91870610059869218,-0.14367176849959787,-0.053799234959042326,-0.13321934152432879,0.98962530755920219,4.0892959970468263,24.521716315345323,-2.1770408997194903,,0.5458334122176633,0.2727272727272727,0,1
-0.94251594062694455,0.33224075551009613,-0.035774041457261929,-0.32844823389670058,-0.94078953537994525,-0.083885682745773738,-0.061526086453176476,-0.067313672442281439,0.9958330232464121,29.921615165560102,4.4564429755905453,2.1265489704596781,,0.1486218076605047,0.2352941176470588,0,3
0.74347982686224523,-0.60859463986410334,-0.27721888712273646,0.66788142946253914,0.69692813904693918,0.2612002396316776,0.034236577340053892,-0.37934645554328411,0.92462107018972162,38.839937795406691,-13.191674104177325,3.8436568926355723,,0.3917582190932167,0.3157894736842105,0,1
0.39040709640442239,0.8970495141886724,0.20708565418911845,-0.91938518063309549,0.36813192668896094,0.13859932966838009,0.048095620479611884,-0.24450164344261696,0.96845534623158613,34.039759708307706,4.1060747326768183,2.5169942466194741,,0.3935738111121264,0.3888888888888889,0,1
0.95535796988977539,-0.27888118137785695,-0.097552222124244234,0.28980703153078541,0.94878124352905391,0.12580157551786289,0.057472026616445633,-0.14845685770873981,0.98724745001232883,25.062988053840463,12.117630989449717,1.1306377950687883,,0.2540740578967433,0.5714285714285714,0,1
0.66027284035923872,0.74836311060794281,0.063185686394528429,-0.74844420068852424,0.6487004301903404,0.13790950049428696,0.062217800826289672,-0.13834885815239523,0.98842730572777537,-25.66856057260587,21.811261467536983,-6.6593326444875078,,0.2909316438155645,0.6363636363636364,0,1
-0.044223082302321165,-0.98400547020502216,-0.17256173851197248,0.99707324513693429,-0.054256135053483368,0.053862933833574933,-0.062363954523298397,-0.1696747076486369,0.98352490093569322,5.6794338481126783,-22.295159709250505,0.68215685372320378,,0.3648193012091618,0.1333333333333333,0,4
0.29845253492040574,0.94738771867344784,0.11568316604546576,-0.95277094203721269,0.28860718167317329,0.094516806421869284,0.05615706909290305,-0.13842833956017397,0.98877903416158008,8.1991198450791991,-23.446664777563953,1.0217705819060674,,0.1995559887338212,0.25,0,3
-0.15960170838059892,0.96847299605150972,0.19127820210626778,-0.98712187452594669,-0.15443816555672935,-0.041704410460444284,-0.010848940702907097,-0.19547099257558465,0.98064947435214622,-7.928309248349624,-6.26586515712465,-1.9513012635435369,,0.3314589277826133,0.3235294117647059,0,2
0.16216667206389293,-0.94403478387906403,-0.28722864985605079,0.98668263285387103,0.15140811763640441,0.059438741056261249,-0.012623489861140728,-0.29304250329979242,0.95601607662398469,5.1913257145683351,-26.990952310970023,0.79264927617744685,,0.4093902029765645,0.3076923076923077,0,2
0.71235018029595931,-0.65554137220825748,-0.25064462881863103,0.69566102667964236,0.70675574934191476,0.12865475790337139,0.092806015922140439,-0.26601093980410634,0.9594921694902967,22.243350471678458,19.657332574145268,0.42923262426407366,,0.3878196796951959,0.1333333333333333,0,2
0.89807800100767687,0.43429337894829528,0.069607220226965277,-0.43924060326384678,0.87732628393894463,0.19330360564224344,0.022882232200215468,-0.20417603314677424,0.97866672107412589,8.3537004673510111,-32.048950763947936,1.1726978016950111,,0.6478376522291772,0.3333333333333333,0,3
-0.78616719049289718,-0.5806282690769905,-0.21168835995671587,0.61431482071898658,-0.77160905593181661,-0.16503565023658165,-0.067516291645094081,-0.25978891037276797,0.9633022746831994,36.085715334579227,-10.556989119492135,3.3443375879800832,,0.3908754952038174,0.3846153846153846,0,1
-0.98935561738938749,0.10237725002160437,-0.10341354368783628,-0.093643447050142548,-0.99187975287581898,-0.086054986256286936,-0.11138387300066946,-0.075454983354424618,0.99090876387402727,-24.401223959086142,16.48055543676206,-5.8767507176317819,,0.1139875647570875,0.3333333333333333,0,2
0.095570553036096212,-0.97348696480120411,-0.20782059271042905,0.99527466616308646,0.089850664671497577,0.036812999769735628,-0.017164157023610717,-0.21035680977859844,0.97747399161995085,-1.33379027245293,-9.9195433821724137,-0.78279026213608838,,0.6903669629747067,0.3767123287671233,0,1
0.26453542137751257,0.94730683297158869,0.18063990434552629,-0.96366620224797561,0.25247681035174779,0.087194672311854515,0.03699272200833504,-0.19714264997698164,0.97967663750773815,7.5859507331723464,-25.617625735693942,0.97840980860063853,,0.3222930954114822,0.2962962962962963,0,2
-0.99002106641077847,-0.096117850411216427,-0.10305167099660269,0.11045511870162848,-0.98340753997750552,-0.14390718212792555,-0.08750974126046869,-0.15385372646678999,0.98421089002144657,31.820454392884496,8.3974781181421143,2.0908825589004998,,0.2732956279125919,0.3684210526315789,0,2
0.57297932588440292,-0.78021131708742619,-0.25092826225389708,0.81923904941530756,0.55394051823636559,0.14831480765294949,0.023282440210598401,-0.29055154954797924,0.95657604247289718,39.783357086035679,-1.7879376312079542,3.4188052753308837,,0.35974121095975,0.4117647058823529,0,2
0.97889459021074765,0.2043599125745332,-0.0015515761862454035,-0.19182856294352793,0.92143406457383936,0.33787729589594295,0.070478249802002652,-0.33044862047746976,0.94118888939966994,-16.70086588459095,7.9682666537845419,-3.878322239969052,,0.09687206881444638,0.125,0,1
0.7518808556102976,-0.64319646638407213,-0.1448222517356029,0.65848344326002439,0.7435322227968123,0.11644478784065058,0.032783134675462906,-0.18291566169651774,0.98258186772755796,-20.013317288453244,14.229795082027618,-5.3118056162351355,,0.4183052711508007,0.4333333333333333,0,2
-0.99681674387123342,-0.0058501021669609471,-0.079511983012541018,0.0075327936925779901,-0.99975362571128423,-0.020879293482428993,-0.079370247304235766,-0.021411776707608,0.99661522146768722,1.8846802731197609,31.132999585228173,-3.0239152564111125,,0.1382119216537096,0.4285714285714285,0,2
0.98063756058768448,0.19462471793793121,-0.021707001916789898,-0.1827473350976685,0.94931554101754756,0.25574091400724436,0.070380297522355029,-0.24682224930127558,0.96650162491871838,20.996301626985964,5.0115931535551512,1.2756660919229359,,0.2050567124993764,0.1666666666666667,0,1
0.83112482803863019,0.55605238125752909,-0.0061048763779207559,-0.55178079760483001,0.82600415857357312,0.11513071446725739,0.069061361211139219,-0.09231944170647588,0.99333159069399868,9.1466082489224494,-22.265912099396296,1.039779136155415,,0.1989506738529667,0.175,0,1
-0.9097357810253891,-0.37098378799518761,-0.18641844803255539,0.40907675578945024,-0.87766585392713425,-0.24971755389465958,-0.070971942307530553,-0.30343644786856988,0.95020487554526945,6.7347958646898158,-33.744350843356244,1.0466307921377744,,0.3742163680736742,0.1333333333333333,0,1
-0.71054641936553531,-0.69684894806720932,-0.097597794567502005,0.70069053497310585,-0.71342693858992523,-0.007401181885963358,-0.064471389979733743,-0.073644734175842622,0.9951984189106462,0.2250310882744819,32.748731679164635,-3.486338968959676,,0.1293024172251407,0.375,0,1
0.97713664409429624,0.20758448406293281,-0.045963689413078927,-0.20055994548752243,0.9717015146701069,0.12478731768036967,0.070566897580792001,-0.11271578578063279,0.99111828991381057,-19.139680842003354,8.6767736287030512,-4.4625759239796325,,0.1448102054626785,0.25,0,1
0.9209171546819791,-0.37088257955004267,-0.11982364707666636,0.3861561891143262,0.90991914125262807,0.15142837907994716,0.052867682199505737,-0.18572363492131461,0.98117875008097577,19.77405032331523,19.601836853932635,0.15353144156214302,,0.1809985810959383,0.1666666666666667,0,1
-0.11140640727759224,-0.91828550472475157,-0.37992149745691822,0.99328951712847013,-0.11484100855740406,-0.013692257527838231,-0.031057166325819473,-0.37889744597440372,0.92491738974563786,14.849577209988528,-28.243875293052199,1.8125082569540349,,0.508220639753666,0.16,0,1
0.90761062434417783,0.41847427636611528,0.033499770110077258,-0.41377582929897805,0.87822188108719379,0.23982470820917154,0.070940240100487231,-0.23152884830950873,0.97023805054994539,4.5318675377209887,-20.583461111466274,0.47535006528692075,,0.07750968874695845,0.1428571428571428,0,1
-0.46285417084483688,0.86717840083949027,0.18375972803909438,-0.88637626996485208,-0.45039500242352021,-0.10715152745113576,-0.010155027067071352,-0.21247579370220154,0.97711356172959007,28.501961139055727,3.2005150193016192,2.0709034811506464,,0.3634359275843174,0.2,0,1
0.54408870193389058,-0.83054826990830743,-0.11898342649383052,0.83886043049785275,0.5413141874019286,0.057377074362050411,0.016752986983003697,-0.1310287062811365,0.99123701280644316,-26.173821151960052,15.467773661740129,-5.9828994402087341,,0.4320080065909678,0.1578947368421053,0,1
0.66860257746084595,-0.71563935307505933,-0.20206659729659115,0.74311460173556276,0.65302346477251672,0.14608573901614219,0.027409525718408871,-0.247831940610582,0.96841522453598572,33.147206877175869,9.4498415562407008,2.1430561828700849,,0.3487161622276216,0.3333333333333333,0,1
0.12140327189315299,-0.9555935401796456,-0.26851858695548081,0.99248444483282838,0.1126770610008609,0.047733706006130035,-0.015358135906044526,-0.27229554879053613,0.96209108808384203,0.4744443979613655,-15.588827629422179,-0.17328094061665403,,0.2203131816960235,0.2647058823529412,0,1
0.67808703364523637,0.73450977481484925,-0.026331834414700262,-0.73227363101855836,0.67822754768236093,0.06150384442997682,0.063034150403569925,-0.022422851429069097,0.99775944576670872,7.4654800151107672,-22.5352566457723,0.88369815211624547,,0.08709037779222201,0.3636363636363636,0,1
0.34923033677861143,0.90169083769905578,0.25493490361869597,-0.93592112987800113,0.32238381125577353,0.14184610283010343,0.04571444543450378,-0.28813592530223986,0.95649771459676736,17.043318675408184,17.370048524000531,-0.049100580998351871,,0.6998531563363126,0.2857142857142857,0,1
0.33162399713155444,0.94299712387247314,0.027963349133002177,-0.94235296911511957,0.32970249235357768,0.057158972486891904,0.044681160754940816,-0.045306632009922992,0.99797339792677253,22.358965617231341,4.4200691041249955,1.4299157172305226,,0.5286568683747824,0.2962962962962963,0,1
0.93235528853573879,0.35977745843720521,0.035690283550343246,-0.35446315485312091,0.89019117971974226,0.28620890167977892,0.071200335610242707,-0.27949927361200427,0.9575023071822597,23.154686248037038,3.6406914714915173,1.5317679293492206,,0.2460245690577204,0.2307692307692308,0,1
0.15866156305122672,-0.95117105098675125,-0.26476431061398759,0.987251027610481,0.14938170778064006,0.054959201800866941,-0.012724656859442282,-0.27010875059001316,0.96274573276774977,34.111895858263722,-3.5480888239897155,2.9702541951083283,,0.6916030775350053,0.45,0,1
