axis_00,axis_01,axis_02,axis_10,axis_11,axis_12,axis_20,axis_21,axis_22,location_x,location_y,location_z,dbh,dbh_approximation,score,reconstructed,number_clusters
-0.45677290013539479,0.88510408651291861,0.089158699743954573,-0.88884082857581503,-0.45818771942853248,-0.0050985509254752983,0.036338673043463394,-0.081576772447876186,0.99600438304177563,-8.0902213041197566,18.50231320655001,-3.0672823211787974,0.2536136032161075,0.1983717009043468,0.5909090909090909,1,5
0.75825224438284256,-0.64636870009834979,-0.085211721151212894,0.65057038800410028,0.74161112114316485,0.16361881080417712,-0.042564117993644013,-0.17950055300736067,0.98283663308276981,-9.0167075637028429,-5.0535748639797369,-1.538532261660809,,0.1523667836751001,0.1290322580645161,0,2
-0.24089358160068991,-0.97054906832872945,0.0021882206987235866,0.97020229629237376,-0.24074580908957718,0.027367127631703809,-0.026034335263202802,0.0087155821400204565,0.99962305496390158,-0.67833343096797671,-15.214238553167263,-0.67519916724433726,,0.07955434510735254,0.4615384615384616,0,4
0.70933411479817343,0.70157163413366519,0.068134835161686405,-0.70484724591177972,0.70517047103873765,0.076973805320926514,0.0059559645793758739,-0.10262479697433409,0.99470230598501452,-25.607412461796656,9.1713241350503409,-3.4805157141910774,0.2442216939679437,0.1617874165557392,0.4705882352941176,1,5
-0.49582933817145741,-0.86303632090627214,-0.096548310213186161,0.86829726201073987,-0.49455487263053899,-0.038410190601521614,-0.014599047678130144,-0.10287753279486499,0.99458688964460717,-24.890960540843466,-0.38394702755459714,-2.4203726208389154,,0.2218952192423149,0.4347826086956522,0,3
0.77534837456767391,0.62716040151403885,0.074193859773001344,-0.63149933523575585,0.76871036101345125,0.10145427771842912,0.0065945168181215652,-0.12551578244714665,0.99206970556741436,4.8038830680206654,-6.820605776303152,-0.98616478866641355,,0.09145565821805905,0.2666666666666667,0,2
-0.99396623589208033,0.094724383172117524,0.055302921615325108,-0.10368952716899052,-0.97588027849215631,-0.19210977071857263,0.035771551014739646,-0.19668495947258699,0.97981397359665479,-22.848471651074814,4.9135858614351191,-2.8457629513504865,0.615734471893344,0.3464019378679487,0.2115384615384615,1,4
0.96523518764792915,-0.2613316594135206,0.0051765156663844663,0.25897211956710992,0.95882858428866846,0.11653835093182072,-0.035418551822275414,-0.11114634379576015,0.99317270222637966,-8.1620054841053733,13.678414674365454,-2.7467372803642864,,0.08019697525905903,0.7142857142857143,0,4
-0.76953828279992242,0.61025678354122947,0.18814220538534016,-0.63403240922126303,-0.7652988895826166,-0.11099780926079021,0.076247854805412685,-0.20470531928977082,0.97584937203035871,-37.517373839887576,13.501332460534726,-3.8299346292693905,,0.4364664841663585,0.3125,0,3
0.93088662117999044,-0.36354065597660323,-0.035892756375086328,0.36404616684649937,0.91502189988745219,0.17379675235955303,-0.030339527228866233,-0.17485169195194533,0.98412722699307043,-5.7867687067997,-16.000373539029503,-0.68045706163476638,,0.3300636527034102,0.72,0,5
0.79341495136514606,0.60605390765328326,0.056492264677814139,-0.60867865952013844,0.78972287678257602,0.076472657407860342,0.001733319073338486,-0.095060185695369767,0.99547001798173307,-2.659011254841201,-20.107740404113912,-0.45153055262183711,,0.1250717468039018,0.3055555555555556,0,4
-0.83238591939246198,-0.55414928471003522,0.0072285166197092326,0.55418878631900303,-0.83237213097648022,0.0056057730906194543,0.0029103806341327235,0.0086721294403042139,0.99995816105251856,10.522335391766013,-1.9981349309044694,-1.08522830252306,0.1694667396376279,0.1498055238695782,0.3541666666666667,1,3
0.75075542777740001,-0.66040233129361836,-0.015331291032609974,0.65965642934295043,0.74827651959572805,0.070254148975080422,-0.034923958671401696,-0.062857068366712787,0.99741130235578346,18.407812787951791,-5.5716479835864341,-0.99152086680654872,,0.2273801011768515,0.2916666666666667,1,5
-0.44735135799607167,0.89250064058126133,0.057613965851255472,-0.89345225474562662,-0.44886886044765728,0.016118765783356425,0.040247123984548189,-0.044264575932236594,0.99820880397265221,-5.4045542250676464,2.1763404575656118,-1.8479132130377891,,0.07139480041250382,0.3091482649842272,0,5
0.78091618740555591,0.6203871838033741,0.072729982953989941,-0.62461585942358511,0.77651062365662749,0.082983609857189944,-0.0049936364009986293,-0.11023154503549606,0.99389338969256691,7.9277813155749897,-11.944682298980922,-0.79683608197877553,0.2156807790096275,0.1958630771676894,0.3157894736842105,1,5
0.99700023310348762,0.067053068241607408,0.038657744773555054,-0.073842316632170127,0.97370825562117025,0.21549836474918227,-0.023191538672225009,-0.2177064973182096,0.97573871172535254,-5.1921578482126716,13.400370614595548,-2.618925528864787,,0.09231799653107386,0.25,0,4
-0.99534545668991647,0.082478262763319307,0.049847347153948132,-0.08614525109250909,-0.99333782813627436,-0.076543810381495242,0.043202055054707068,-0.080481646137828058,0.99581940484908982,7.6606805994348148,-20.205509699593858,-0.44041383367407133,,0.2229017781591275,0.1428571428571428,0,5
-0.90125136832121322,0.42926507028295685,0.058970081686466849,-0.43242664754261878,-0.89969303532545919,-0.059662690870539409,0.027443862596075206,-0.079271316513792406,0.99647523440574148,-20.704292515226378,6.5633573271129926,-2.8602929281045788,0.2058174849179194,0.2328162578434344,0.3414634146341464,1,6
-0.94344552613075883,-0.32843474435791853,-0.045179175760557806,0.33143085128693606,-0.93107958590308204,-0.15246112793024255,0.0080081233177064053,-0.15881254173740053,0.9872762767066946,-5.1965838902436889,-12.938672144352639,-0.85036497391634769,,0.1452602347923609,0.1481481481481481,0,2
0.77417144398191329,0.61717169080284451,0.1405620126297136,-0.63296847973958492,0.75591296557847276,0.16717204349566325,-0.0030787950754204009,-0.21839114574981111,0.97585645895232298,-20.080297964477893,5.4722466645830243,-2.8029514907533817,0.3470463554561252,0.1659860973842157,0.2058823529411765,1,5
-0.043789402679395947,0.96879264494214423,0.24397397262615533,-0.99856965053578783,-0.049942576946313502,0.019089055419229617,0.030678025389822172,-0.24278910625060551,0.9695938885142662,1.415111404312535,-10.13854913306132,-0.9451969776271949,,0.1041825652158462,0.2777777777777778,0,2
-0.10383622953488049,-0.99395564385451851,-0.035640082571856573,0.99435268497886942,-0.10453430528330422,0.01831166006265468,-0.02192658913950964,-0.033537398060763661,0.99919691133430777,-7.209331162423287,12.213556008751963,-2.6908922558458324,,0.1441033443518208,0.2459016393442623,0,5
0.26422059721328073,-0.96439137578590417,-0.011694029161415487,0.96363820836241187,0.26347431628774243,0.044527385290265363,-0.039860750022275182,-0.023033865643383993,0.99893971872239828,-5.6930802007074348,9.5015320366157603,-2.5274123100317603,,0.09150998697223166,0.375,0,5
0.06649245749615583,0.99242637978545556,0.10328907881308745,-0.99740945682628057,0.063263041853318477,0.034236865641720501,0.027443187308070691,-0.10529799732853215,0.99406197152339248,10.083329594634401,7.7766399797093495,-1.5774848423075967,,0.3209353446366728,0.5581395348837209,0,2
-0.88448663991986554,-0.46650603320139472,0.0074501536872786057,0.46614631540042745,-0.88425601675976495,-0.028264986516156939,0.019773629961904335,-0.021527141260564122,0.999572701581669,19.693444256927975,4.4300106722827373,-1.3781826979278269,0.3238775331603129,0.3758829627478739,0.7936507936507936,1,5
0.41786129353891005,-0.90592334375208072,-0.068518863147597434,0.90696552181455836,0.41156549959946992,0.089595657144113577,-0.052966797162331686,-0.099582803658508898,0.99361853022871705,-20.202715354784107,1.8452121589923727,-2.5043741487565274,0.1847547136270391,0.233313696566623,0.1066666666666667,1,5
0.70516644798608474,-0.70696940289091525,-0.05417143168452386,0.70744142863607995,0.69638808941215191,0.12070730704574247,-0.047612032975192453,-0.12344185797757323,0.99120895981372859,-0.90748301015892008,-11.138789275071241,-0.93429005133209997,,0.07842286083121114,0.2830188679245283,0,5
-0.51170719005987897,-0.85566435477339386,-0.077422629839437415,0.85906828439373262,-0.51088696388856725,-0.031562523307416775,-0.012547286154077589,-0.082662095902254137,0.99649864200169103,6.033864821004026,-8.5343211901562892,-0.94256271141507442,,0.1862673458191306,0.1951219512195122,0,5
0.95897306258248316,-0.28349642737840575,0.00066400666719050095,0.28197093703385273,0.95405032304430915,0.10139216817536413,-0.029377813217202887,-0.097045127454862629,0.99484631342124652,16.29703783529477,-3.8508745323527012,-1.0529896007568929,,0.2285800290290706,0.7659574468085106,1,5
0.97418405060545654,0.22300748945035812,0.035115455215527433,-0.22539314557142862,0.96958974827417443,0.095360631138013602,-0.012781450440466227,-0.10081358881952326,0.99482322793246336,0.92747392297422093,-3.611471478131167,-1.248289675032263,,0.08870963439169494,0.4140625,0,5
-0.47361814097589705,0.8740543864229452,0.10823486551635783,-0.87967241899804072,-0.47548506704164861,-0.0095071696384708363,0.043154278961316767,-0.099713993978817139,0.99407988995458563,-27.987877552171806,8.2107844264924594,-3.4275752144617537,,0.1759340684811495,0.4848484848484849,0,4
0.72011090532571631,-0.69174591179007749,-0.054109865576358648,0.69263679927744015,0.71202674141271827,0.11520496430227838,-0.041164891809408022,-0.12043883524387211,0.9918668956303659,-20.110775096829084,11.760727559432164,-3.3810919226943192,,0.1989298246090749,0.2666666666666667,0,1
0.61965794221619219,-0.78444895385723246,-0.025765741609501378,0.78378360015302384,0.61673691277969478,0.072930436349554997,-0.041319520563036699,-0.065386689832601805,0.99700415145232757,0.57596946141619065,-18.040261653171395,-0.53547644250578619,,0.1149045102585348,0.2857142857142857,0,1
0.87276846084096005,-0.48809683651895081,-0.006057387348850066,0.48656824998476023,0.86890795246956587,0.090831207422971877,-0.039071112961744849,-0.082221945460682982,0.99584787985745638,3.0677185612922435,-3.5190395262550527,-1.1383497326543723,0.2489033762973041,0.1842066991241819,0.5369458128078818,1,5
-0.93038675751591082,-0.36657894339111002,0.00059975102061117687,0.36633789370299896,-0.92983186077558688,-0.034774391782748305,0.013305227404285304,-0.032133922089702199,0.99939500797975422,-7.812678208824603,-10.516678529302325,-1.2367261942186569,,0.07695643184299381,0.3384615384615385,0,4
0.70130488202197483,-0.7025768054887287,-0.12065361511947031,0.71007937549101119,0.67355090095629522,0.20522296246584837,-0.062918542214835685,-0.22959750915507821,0.97124983440685519,0.16538336431239639,-15.371312993449807,-0.64611999957846511,0.7267465296066336,0.2866230146021053,0.2608695652173913,1,3
-0.80141279890914752,0.59691724749879271,0.037779960072414888,-0.59676659709883517,-0.80224756939749797,0.016384931580121102,0.040089329399291274,-0.0094147243333851365,0.99915174454836586,-6.9580419279457013,3.125176850507613,-1.9470176575460842,0.4575510833135125,0.4091960897725911,0.9747536945812808,1,5
-0.97320473536601859,0.228058883770829,0.0293545327736747,-0.2296321004868275,-0.95734045374814347,-0.1754091047902194,-0.011901322916583313,-0.17744971442778393,0.98405790346012301,5.4197710515676629,-1.8073804874785484,-1.1825948391809147,0.7789368856801571,0.5598295064761091,0.4382022471910113,1,3
0.28731874129162149,-0.95531322420864073,-0.069459229442090181,0.956754936936005,0.28279630711171128,0.06816332835593987,-0.045474515403457046,-0.086040062389966643,0.9952533225831256,7.7565588818339801,-6.2154326888173523,-0.99062177483508917,,0.07716170051189937,0.3478260869565217,0,5
-0.4617670715981525,-0.88324955478119294,-0.081494757908048499,0.88688998133609342,-0.45830125045807341,-0.058190418749403727,0.014047511997905444,-0.09914730358104093,0.99497360748880082,-3.1651088648450112,-16.707572301229686,-0.5767890227240251,,0.1391297385237857,0.3214285714285715,0,3
-0.28436438491857341,0.94422634687611062,0.16605270986911944,-0.95772169695778575,-0.28766336926933006,-0.0043516843771432218,0.043658306955065625,-0.16026974713155784,0.98610727630831607,-14.454922095351193,4.0628233318634637,-2.5776734669162251,,0.2286901886674763,0.1948051948051948,0,2
0.98160730264626406,-0.1899081497950319,0.019544769964211003,0.18785185826650225,0.97905635674115632,0.078487767649208728,-0.034040898010307991,-0.073372644535698112,0.99672346831831449,-3.0774217878807502,13.128876005303029,-2.4935253545266414,,0.07774517188816674,0.3611111111111111,0,5
-0.76693836164682749,0.63046438724423004,0.11966706251611897,-0.64050418242355389,-0.76353428434353909,-0.082278727080175848,0.039496097685900212,-0.1397499661851716,0.98939880999464946,-1.4592388763232529,10.887725014638105,-2.3469645214605648,0.4069788415842701,0.2361343173649066,0.1290322580645161,1,6
-0.99819266635087878,-0.054625987939544804,0.025047999619748938,0.05045835874930521,-0.98823622391346988,-0.14437146455436306,0.032639774442367778,-0.14284665619773529,0.98920648902919983,-3.8176376236825389,9.4703723303911005,-2.4455256742255509,0.4129282397728462,0.3594506992147028,0.826530612244898,1,5
0.96600465490911669,-0.25806771763204761,0.015364238025505253,0.25655794949370919,0.96427804338394951,0.065923240205605194,-0.031828057520089256,-0.059740339501949555,0.99770640300174984,8.9720533696672735,-4.2128562304172092,-1.0109210520638299,,0.0729055838200353,0.2972972972972973,0,4
0.91592270726840552,-0.40085039907556486,-0.020113474863244146,0.39385166799878735,0.88802616947488866,0.23725595027802515,-0.077242850314362593,-0.22522983791832737,0.97123893156452301,-8.8814054717638431,-11.535459957978102,-1.0935029294216454,,0.2370187324650612,0.2127659574468085,0,3
-0.99993135520870047,-0.00047097901443623086,0.011707392931892029,-0.00043750351812035576,-0.99699415563211358,-0.077475558894935584,0.011708691693156281,-0.077475362626960004,0.99692551112139638,10.562541892042722,-5.1197123733335408,-0.99664451592752457,,0.1600139319992216,0.2051282051282051,0,4
0.87553132085762897,-0.48316127562716971,0.00029653266577993456,0.48062795850529216,0.87100316330706673,0.10173620305534777,-0.049413274535604797,-0.088930710350304629,0.99481136757490829,-26.687865678867066,5.7157648484647581,-3.0418466149207322,,0.1596251247115036,0.4565217391304348,0,5
-0.47320802514101395,-0.86867395143388082,-0.14655965011690392,0.87846860631209245,-0.47777855088806592,-0.0045347585812614026,-0.066083830595933257,-0.1308939357325144,0.98919143997621628,18.347865352121243,-10.286899223510867,-0.82025876246474383,,0.3269383464474487,0.2,0,2
-0.74178013629282746,0.65007178222310658,0.16482993465590112,-0.66872774627849685,-0.73553548676359992,-0.10858521570046799,0.05065008152685694,-0.19077270682335187,0.98032665146501796,-6.1127116868686882,-11.43761517129713,-0.98359259419721756,,0.2197865103173228,0.1168831168831169,0,4
0.95109340915408913,0.30740831045191425,0.030355522211814305,-0.30866614211877097,0.94961396516029994,0.054392369704287562,-0.012105361339801597,-0.061101946267141827,0.99805812074708378,-10.954755111681941,7.4278738074958781,-2.6343697556172954,0.2310038935089979,0.2288243213740046,0.8902439024390244,1,5
0.93088076686133336,-0.36515936583620279,-0.010937798213446025,0.36349402063597763,0.9228124443044512,0.1276295012868732,-0.036511571447246455,-0.12278367228156456,0.99176160188399409,-7.7229936022668966,-20.412677565117725,-0.40873640157428115,,0.1151594341466106,0.4285714285714285,0,2
-0.75070606708498766,0.65888493680900895,0.048073286635887599,-0.65958707025491736,-0.75162635522807453,0.0016489023905824054,0.037219586165389833,-0.030470677261048826,0.99884245015564321,3.8411390537942975,9.0264066874888762,-1.8520993565203918,0.2559167168857492,0.1083823337207272,0.24,1,5
0.99355475034152019,-0.11230446788990876,0.015383906063220957,0.10835351012126561,0.98080652546335678,0.16210514011868063,-0.033293766957169943,-0.15939343179836715,0.9866535658382527,-5.5898485100521853,-5.0723704574688275,-1.3964678191768041,,0.1565934239390907,0.6153846153846154,0,5
-0.17101744097593355,0.97511292439857511,0.1410950727449492,-0.98462705078913437,-0.17430927537796106,0.011218171486562525,0.035533163894239474,-0.13700752237767658,0.98993248915044507,-5.1059527493928085,-17.275911500268446,-0.55904887748542997,,0.1500251272793995,0.2888888888888889,0,1
0.84883177036207613,0.51862149202721075,0.10254937167751635,-0.5285689190331474,0.83622104259174923,0.14611387941909545,-0.0099761443510862722,-0.17823051347689498,0.98393818942535627,3.180256232546617,-11.874773656425303,-0.86702206340067056,,0.2228991456765047,0.125,0,4
0.040541096549435121,-0.96093944654310526,-0.27377326306270211,0.99865059259696465,0.030068714104939921,0.042342252394110921,-0.032456330604376575,-0.27512043273720238,0.96086176638171716,-13.016456019724671,-11.79300416686897,-1.2618196276772082,,0.3793580734996274,0.25,0,1
0.86165558883625992,0.50096107161964742,0.081164345305879723,-0.50746838645716275,0.85211318641259237,0.12798028867111674,-0.0050480663428106179,-0.15146327034457241,0.9884499960861578,5.6000298888789954,14.360250176409746,-2.1792171574583525,0.5151509355363613,0.4889396848963452,0.2222222222222222,1,5
-0.99882153877194702,-0.046147364091530488,0.015031782084735342,0.043570471088874713,-0.98902752025856933,-0.14116011554358618,0.021381013407525361,-0.14033882199373335,0.98987265206544506,8.395733682561147,5.7351313231272778,-1.4563093209845916,,0.3366249973470362,0.2222222222222222,0,2
-0.80957945339661164,-0.5869497945574903,-0.008428956457591898,0.58700357752437504,-0.80941790698692839,-0.016414987739440678,0.0028122253873404208,-0.01823706439701207,0.99982973594035007,-8.2849358378054561,-6.5742399387421058,-1.3658416528610671,0.1506959665107011,0.1261339158460481,0.5393258426966292,1,4
0.89260689594190112,-0.4502857197972735,-0.022264318170940593,0.45031637434732558,0.88812065046514699,0.091961259300017709,-0.021635441101233412,-0.092111241246750283,0.99551364979307999,20.102430601271831,5.2920710595529199,-1.4031126613603389,,0.1540335616641795,0.3181818181818182,0,2
0.32224504996284437,0.93525567913828411,0.14647505731022126,-0.94635468337038897,0.31435733052560633,0.074781561950441444,0.023894372504355409,-0.16271534464949344,0.98638368578267821,-9.5273353820446989,-9.9803407725594298,-1.3704257923374812,0.5584831656386378,0.2014366255226558,0.5180722891566265,1,3
0.54544663412408101,0.79303037867313886,0.27127622052854239,-0.83811315894064953,0.51322107781431003,0.18485253067687585,0.0073689981163198928,-0.32818736079967686,0.94458390526099134,-5.3695109727168555,-10.500280319749555,-1.0845659871204412,,0.237959203310223,0.3518518518518519,0,3
0.95120725136059137,0.28633355800889915,0.1149689458810164,-0.30785971462804129,0.90568600056076265,0.29147086389104221,-0.020667875269814839,-0.31264350616351183,0.94964565864622186,-3.2124379182521818,-4.6089912963846782,-1.304982596890782,,0.3842360853298852,0.2560483870967742,0,2
-0.31010881160042408,0.9490516147372654,0.055978188005336722,-0.94986570341168963,-0.3117665673354541,0.023595613450032471,0.039845582565552214,-0.045854553279428424,0.99815313929955396,0.093043378010776404,-7.7930712360659529,-1.0289864616328999,0.2786378899740281,0.2305802490982223,0.7025316455696202,1,3
-0.018135471996453583,0.98506210560257024,0.17124179618684554,-0.99937450765146918,-0.023059788467490162,0.026811184461317718,0.030359481416026252,-0.17064845226859196,0.98486415694068408,3.9261893517716122,4.7840811368819116,-1.5355927549168464,,0.3023450437154135,0.4601769911504425,0,3
-0.8261356530534042,-0.5490141392192518,-0.12682017856543387,0.56345271063200741,-0.8030855415901359,-0.19384183183802409,0.0045744546634565331,-0.23159682171010315,0.97280110327769964,-30.648692892863242,5.8178387827999245,-3.2642830549942419,,0.5756474238377423,0.4838709677419355,0,1
-0.11752560893599316,-0.9927402554091932,-0.025583520756792454,0.99240345462193247,-0.11835138839213612,0.033590655249738678,-0.036374640873513171,-0.021441412167648218,0.99910817799954932,-2.6469194651639367,-12.053589677125021,-0.91368987620349817,0.5344928517319449,0.1696350218111371,0.2676056338028169,1,5
-0.25560745538376267,-0.96649229181806562,-0.02361098491171032,0.96639542679254498,-0.25611876445627924,0.021978570650628759,-0.027289335402194571,-0.017199661323765165,0.99947959650192697,-1.8124295208797438,-16.85526568856115,-0.58812591395318836,0.2295494774296077,0.1854993286411083,0.6545454545454545,1,5
0.2200650390686085,-0.97193341865290872,-0.083167351078422977,0.9748017949345732,0.21591935503811949,0.056038314680736605,-0.036508069958113891,-0.093403757020755721,0.99495874236188364,3.6192186196179343,-10.486240843334391,-0.90286152813816223,,0.07266313906468327,0.1666666666666667,0,2
0.93183912479267816,-0.36172322844935606,-0.028847036343271491,0.36089671227796744,0.91555171640744959,0.17753483503337289,-0.037807520053145138,-0.17584470587296042,0.98369163402149717,-14.548240938041639,1.9994125173420461,-2.3856384356143443,,0.1777362728930704,0.196078431372549,0,4
-0.55396912276025612,0.81488550100198998,0.17052809529508239,-0.83229096570606642,-0.54704480700761127,-0.08963106342150301,0.020247454958501315,-0.19158183468883905,0.98126777241737773,3.6277717105130165,-15.564522741925565,-0.61018956156420145,,0.3136337256235207,0.425,0,5
-0.36217297477035848,-0.93116789281161205,-0.041917678165320459,0.93202695556567516,-0.3623775214719675,-0.0028785466494302917,-0.01250961410149852,-0.040110937767844822,0.99911692119912365,-1.4456866212474577,-4.9785419619288929,-1.2062431486386807,0.4213657941740144,0.3930323023854596,0.9044222539229672,1,5
0.29669329983114096,-0.9218281526773533,-0.24941119214415258,0.95421783145529759,0.27578627599687677,0.11580267744972253,-0.037965984355191745,-0.27235048541031309,0.96144880109588182,13.141005580775746,4.0641963353932011,-1.3364230281143692,,0.5954923006840559,0.3508771929824561,0,1
0.88045314903098137,-0.47397688909372376,-0.012172138943636624,0.47257302728927764,0.87518587478538223,0.10355876812125864,-0.038431578683096636,-0.0969308680513115,0.99454885278639937,-8.3664546145337848,4.0185558582104148,-2.0825924529037905,0.249089696769976,0.2006345445305285,0.7232142857142857,1,5
0.74740283854694278,0.66163783227284068,0.060202789281462984,-0.66430954942564702,0.74549268912417721,0.054161545438590072,-0.0090454117576783209,-0.080473780622627292,0.99671568220753648,12.66976474436172,5.6427954490550425,-1.4349037126138795,,0.09368867901510185,0.35,0,5
0.92362678943043552,0.37628215554699529,0.072974606976225986,-0.38262183803318456,0.91640702708168431,0.11746782442617477,-0.022673396449040522,-0.1364181077871186,0.99039185020942511,-21.702581471982427,8.3481770123785939,-3.2122603294735419,,0.08342203384529812,0.4,0,2
0.59034764646783278,0.79809388123530189,0.12056455965441926,-0.80714421970166927,0.58320216541988112,0.09161573473888962,0.0028044450566325494,-0.15139812080846626,0.98846888878891415,-8.3569465640237048,11.240362439960242,-2.7341592568000972,0.8789859077137291,0.9176392070473897,0.6194690265486725,1,2
0.81513172095610309,0.56587825149334992,0.12386315827545608,-0.57696249172670822,0.81218943014647094,0.086386415013351592,-0.051716154455350515,-0.14188070356880819,0.98853189393320551,4.7282566858093817,-8.0880236932584744,-0.96127448471402099,0.1697794359257824,0.2500194706003669,0.2424242424242424,1,5
-0.38504280837228233,0.91848368245805456,0.090165186070212441,-0.92189057495993865,-0.38734746595251562,0.0089279572242313473,0.04312543936957388,-0.079684789504992373,0.99588680621882164,7.7613780154951018,-15.378711210452764,-0.61081712722772186,,0.1222587588665071,0.1578947368421053,0,5
-0.39160134210909892,-0.91480490126499192,-0.098895811235364353,0.91995947285363067,-0.39135781088571869,-0.022663454405904331,-0.017971009020722527,-0.099855177533698505,0.99483967871938583,1.9712592142668948,-18.021557263891264,-0.53945014482387577,,0.09119620592937246,0.3157894736842105,0,3
0.24073590107312529,0.96931216313250301,0.049801168037481983,-0.97029429718901505,0.23907750683999859,0.037025971501707604,0.023983385436281604,-0.057235269952692069,0.99807260311885959,-22.766953318633,8.0226162596042947,-3.2097743247337389,,0.06731682463911567,0.3571428571428572,0,1
-0.92773650729408952,-0.37300962544606636,0.01299201132813586,0.37299896075700972,-0.92782580154460703,-0.0033252462013487875,0.013294672164285324,0.0017610544268057168,0.99991007114607611,0.53593506965594573,-9.7740044249340539,-0.99231168925058888,,0.07457350874484098,0.36,0,1
-0.67415110706468218,-0.7292473430667733,-0.11712641663397379,0.73856819346094504,-0.66690912441570471,-0.098738256916528155,-0.0061080644478899472,-0.15307035114982245,0.98819641729140584,-3.8646804571960347,-12.476771254588488,-0.87336649884272088,,0.1194199905563599,0.2641509433962264,0,5
-0.95654538344389473,0.28537495474050173,0.059850351870558836,-0.28914876882464763,-0.95483105031053395,-0.068488355580155119,0.037602112964082543,-0.082817875906955316,0.9958550499600316,-16.98873091239593,8.8968488315901979,-2.9530089193266029,0.3329710825894132,0.2108490359616543,0.2105263157894737,1,5
0.48671633917522245,0.84510915253435526,0.22112830095339236,-0.86725379233457789,0.49782669766099147,0.006280030035366895,-0.10477626096193404,-0.19483095082305557,0.97522450530132854,-1.8714187541433307,-22.006321384625238,-0.36252125559746656,,0.2370892135938581,0.5,0,2
0.085418234278071506,0.98907583522722675,0.12013624524838987,-0.99592377361005191,0.081252600126129226,0.039164424303933305,0.028975203383784297,-0.1229918986856782,0.99198459183928922,-18.865481466089971,10.201245565072279,-3.2786627620601259,,0.5061886869604491,0.84375,0,1
0.35168936243888088,-0.93597588270593923,-0.016240053576613418,0.93529659236938856,0.35060230656497737,0.047940660545384116,-0.039177501828772221,-0.032049487112207786,0.99871815530023322,-16.482578508053962,17.533062302533455,-3.4338465210031197,0.3651379663855154,0.335800429454726,0.9230769230769231,1,5
-0.97776449772610707,-0.20964427071729452,-0.005085935688435685,0.2094590575136116,-0.97514955210618348,-0.07218209094103252,0.010173013905563275,-0.071642381189653492,0.9973785033805137,-24.715286465542128,6.3252976371789167,-3.0267731721767848,,0.09933930108091735,0.25,0,4
-0.5759012717668277,-0.81638606861291618,-0.043029201155686536,0.81742392865940128,-0.57583968469364266,-0.015059162890270801,-0.012483830837520147,-0.043845689716007691,0.99896031425725162,15.26365178181624,-14.031610995338697,-0.67789386731151857,,0.1948350705487329,0.2727272727272727,1,5
-0.97092802519043364,-0.23624856561613092,-0.038540694650275924,0.23923657594210551,-0.95231240575646836,-0.1893856979125543,0.0080393178381211114,-0.1931002254961105,0.98114610139471548,6.630440870195323,9.7676861370397674,-1.7413804200757643,,0.2738259857216639,0.125,0,2
0.80170764351866808,-0.59679311840204052,-0.033208856525191781,0.59643692711170637,0.79512254646004354,0.1097411868372118,-0.039087674544383888,-0.10778733663498197,0.99340527669217049,-8.752474215513006,-14.76645240504863,-0.79307370180531322,,0.554043063291821,0.4680851063829787,0,2
-0.21235881423630867,0.95287194433489997,0.21665362151502651,-0.97697652284170733,-0.21168126242689961,-0.026606708805885188,0.02050872575944419,-0.21731567094156237,0.97588590077474857,-27.102227776270311,2.5227086500974587,-2.8250974986719002,,0.5191524421854263,0.2941176470588235,0,2
-0.4749383774509871,-0.87552148888464643,-0.088857527117488053,0.87974928882850501,-0.47486618745445153,-0.023308642564791558,-0.021788217686705764,-0.089242515168976841,0.99577158377629504,-21.429526081028442,10.049563446839207,-3.4101777164748412,,0.09389046418557528,0.3157894736842105,0,2
-0.99791789631781935,0.058049218744480068,0.028109792097650591,-0.057968716470895493,-0.99831165047694181,0.0036710261129023745,0.028275433141413817,0.0020338940877508084,0.99959810081627565,5.216244375632292,-9.5155274742590557,-0.92419481415695048,0.2318103301329756,0.1478983321677063,0.7727272727272727,1,3
0.92219546894013427,-0.38499095864644806,-0.036571557620308406,0.38492107814484577,0.90466123385065755,0.18282181370836598,-0.037299874880437546,-0.18267461161391788,0.98246562566107554,-4.6068474891569053,16.716042710185164,-2.7251020003215154,,0.082151879282834,0.1818181818181818,0,4
-0.55870644610441278,-0.82463628081554829,-0.088442701474319818,0.82912656350889669,-0.55792005382809551,-0.035698112280365971,-0.019905998224237883,-0.093274958585645662,0.99544137614203143,-16.122384604317769,11.691966910178177,-3.2181354601357013,,0.2810909542841775,0.1388888888888889,0,4
-0.83947492484292807,-0.54339119114510304,0.0028042727874213963,0.54339463336865423,-0.83943860197436404,0.0080688252844659126,-0.002030513754239903,0.0082974032824342913,0.99996351439073139,0.61778222056886933,-16.991508551362305,-0.57228493023966731,0.3621159751679426,0.3294463628506111,0.7564102564102564,1,5
0.79387315852905449,-0.60808287618051782,-0.00078985006961869051,0.60674044997461518,0.7920329597589385,0.067452331465250176,-0.040391020434065068,-0.054027829417119783,0.99772218533856905,6.372422894776447,-5.0110311755147023,-1.0108670761362542,,0.08626520521605638,0.3157894736842105,0,5
0.21976023363418593,-0.97503366113072221,-0.03185591585666589,0.97507165890895764,0.2185078314724079,0.038595175576207896,-0.030670828250645484,-0.039543485522203298,0.99874702154608375,-3.5359036402611972,-25.827079377329284,-0.19435106050221579,,0.2033120558003237,0.5588235294117647,0,5
-0.67303019128465169,0.72714945455849145,0.13521846158951004,-0.73845906728672872,-0.67087012233555543,-0.067907914851600137,0.041334822624034658,-0.14555737594765006,0.98848595475397338,-23.581485521939289,13.789133314729648,-3.5780556549024825,,0.2622404755096443,0.1875,0,1
-0.38637497584185282,0.91369142879634135,0.12602519981062918,-0.92011452659593818,-0.39131683973927134,0.01613656975950948,0.064059628396843649,-0.10972285031191467,0.99189579096248237,15.445315783040407,6.4851643699110211,-1.484102413781978,,0.4479300598245458,0.3157894736842105,0,5
-0.999523118626372,0.0050889893788733931,0.030457142323516425,-0.0077983309143640645,-0.99595543307145007,-0.089509560217959902,0.029878443171679731,-0.08970438965047485,0.99552016609964966,11.617838770893202,-8.8744838753415785,-0.89247170193334024,,0.3876598501472293,0.7745098039215687,0,5
-0.56141613995331818,-0.82737135145577601,0.016387940387945183,0.82746871674203837,-0.56101396062262243,0.023640194580482929,-0.010365356395243126,0.026832494791978106,0.99958620269091258,-10.950370517494063,3.4473530734048596,-2.2277040874995953,0.2573194387480861,0.2152756055872413,0.8476499189627229,1,5
0.75822187234483729,-0.651817592563815,-0.015278033977007749,0.65072227172421127,0.75506776120604158,0.080207238260516303,-0.040744538038512933,-0.070756639346495273,0.99666111623180087,-11.919379164191211,11.574864952069712,-2.9341945234128337,,0.07782402660900074,0.3666666666666666,0,5
-0.0087658545335683388,0.99881422728299818,0.047888403307741245,-0.99957448860041742,-0.010084807260682177,0.027370392794598568,0.027820883046949477,-0.047628101364461863,0.99847762239666948,5.2093359575194693,-11.132249355924337,-0.86846510630279117,,0.08344440439142711,0.44,0,4
0.43863877172222421,-0.85613476572454728,-0.2731836211411508,0.89777193820637602,0.40392853148279823,0.17563396147475668,-0.040019681547766826,-0.32229645417212321,0.94579248290356499,-29.063106429796264,-0.99105500612738684,-2.6419802592111616,,0.6488537880146377,0.2272727272727273,0,1
0.14490145100746735,0.93643624535053827,0.3195163969027508,-0.98895760147385869,0.12692461835167879,0.076504926268527743,0.03108748917173474,-0.3270738443380431,0.94448730450278184,9.2872588096427506,-2.7172170712131609,-1.0605508132282551,,0.3003564714517695,0.2816901408450704,0,2
0.031294894150780232,0.98380387854969642,0.17649520716060479,-0.99904375018065716,0.025394682214511688,0.035590663666082337,0.030532193256621633,-0.17744023970282866,0.98365784016046043,-2.9401425750245496,2.9719521999025247,-1.7722931605472452,,0.2447062985010965,0.308300395256917,0,1
-0.0030125587180476199,-0.99457227047983021,-0.10400443876375824,0.99134433257252008,-0.016621314183303298,0.13023112604582329,-0.13125295717169005,-0.10271188201670696,0.98601365635891214,-1.9783435962065388,15.834611106847756,-2.5693278359402769,,0.4796829793274022,0.5573770491803278,0,2
0.85934492824010733,0.50749715251108218,0.063031218464721789,-0.51134704227633643,0.85442297623096586,0.092117208185337376,-0.0071061004247625348,-0.11139128279071689,0.99375121909610309,-14.571400985396334,12.192726601125592,-3.1143469496879255,,0.159927347911476,0.4210526315789473,0,1
-0.1922469124511674,-0.98071020097415118,-0.035335907491279094,0.98106578589010995,-0.19292859344590513,0.016984745709172442,-0.023474420308364479,-0.03140158493171534,0.99923115046267541,2.5388456865872873,-12.632337885596421,-0.80431466020437614,,0.0938820479207876,0.3125,0,4
0.59140700162880111,0.77997402084883727,0.20464184622243831,-0.80601323136841552,0.56420781015760102,0.17891958477542108,0.024092100022119159,-0.2707583309116478,0.96234583022864617,-21.265788371770288,2.8511070146101134,-2.7298508952810323,,0.2175543295963114,0.3103448275862069,0,2
0.74668727987335415,0.66190116686519251,0.065916245173911106,-0.66491842418985991,0.73997167285766152,0.10161403712631077,0.018482295533953374,-0.11970283484834446,0.99263771643085619,27.48509849745863,1.4919265532423811,-1.2242337776378844,0.2710408348887968,0.2120601615649958,0.7407407407407407,1,4
0.1818247566753167,-0.95453245190412461,-0.23623622948621253,0.98318643609671075,0.17235515842080718,0.060316923339868093,-0.016857927969087069,-0.24323136645514931,0.96982179426786985,6.9554963571359316,6.7503636638587521,-1.5533809802385137,,0.4171537184181631,0.5531914893617021,0,2
-0.60470565418773425,0.78720892756454319,0.12096766574612677,-0.79517313853133786,-0.60532631835415551,-0.035773287045318264,0.045063860815595429,-0.11782254737734214,0.99201164094878813,-17.073924780953877,3.2765998495983175,-2.5871122808776663,,0.2540197651315831,0.2857142857142857,0,2
0.80315992678126036,-0.59274557982495313,-0.059889979217725382,0.59449285211883307,0.79082512972117169,0.14551241521295277,-0.03888934034327509,-0.15247390530668276,0.98754206361460506,-10.867672784549098,14.963585054218573,-2.9587815718892925,,0.1024967981854193,0.1666666666666667,0,2
-0.5140010563343328,0.85253647730787729,0.094786438622122923,-0.85730575373196938,-0.51427594844914881,-0.023390029174609018,0.028805532545859661,-0.093283458909947992,0.99522280801263074,12.256711929752235,-12.711699157233715,-0.7039163918367588,,0.1762550254669831,0.3157894736842105,0,4
-0.20720273966109576,-0.96903392831912261,-0.13431407388410135,0.97754066053216082,-0.21048301764921959,0.010543068226248667,-0.038487422403704195,-0.12911291588251744,0.99088272427620361,-5.5027066518961796,-7.6264849530832217,-1.2258697583988163,0.6929032563419312,0.2776616006398706,0.1538461538461539,1,3
-0.078866001360456614,-0.99632597751594898,-0.033387128602220484,0.99645840118324902,-0.079767961359540424,0.026603139887357199,-0.02916862253751263,-0.031170801520519407,0.99908837076198254,-33.488118720956166,8.4474926461821003,-3.439566355923553,,0.2071369551326022,0.8421052631578947,0,1
0.97985519939351085,0.18832429218889946,0.066466150731434179,-0.19868768646051649,0.95288931267403099,0.22918368406276396,-0.02017402960420046,-0.23777283016182355,0.97111126538948467,-10.001028594943511,-21.144946350243508,-0.37532654017296574,,0.08969510217877598,0.2222222222222222,0,1
0.76015667839881051,0.61784144972258703,0.20108149415194637,-0.64973980707682821,0.72287843097343141,0.23512753376233095,-8.5938660937159253e-05,-0.30938441628188368,0.9509370513217289,-11.246512580405525,-14.013425166605231,-0.83249099426856399,,0.3554424974518451,0.1428571428571428,0,1
-0.91142038794176916,0.37803610635042528,0.16248562625501661,-0.40976974813057149,-0.86980557790180202,-0.27482177891848536,0.037438348802839305,-0.31705986650208934,0.9476662973286506,-22.693004468710537,10.061588359920544,-3.4472955329772614,,0.3593728779095669,0.2105263157894737,0,1
0.76076719923259717,-0.64161403706669118,-0.097799263855979965,0.64773797357418994,0.74110475917695784,0.17663310424511325,-0.040850779206658999,-0.19772496899543418,0.97940596816333658,-22.526631691423624,-0.78200244855666246,-2.3170596789182105,,0.3212951348700158,0.75,0,1
0.70579229378967101,0.69920279974343469,0.11389768592055753,-0.70841870669502194,0.69651563465154787,0.1140565942438464,0.000417171030198533,-0.16118751662859923,0.98692371055286621,17.588519658148581,-3.8484361492381058,-1.0533532134291261,,0.1662181144330506,0.2727272727272727,0,3
-0.10490575267548123,0.95822265339537893,0.2660904537474244,-0.99389934707368632,-0.11018067731880218,0.0049301350965917428,0.034042193555812415,-0.26394992870900619,0.96393545644530543,-1.2951542633510631,13.30704287961159,-2.4353391940076974,0.94629102157641,0.483809622248815,0.3809523809523809,1,1
0.40867904641732272,-0.87526478141401975,-0.25863680990086435,0.91229161698125827,0.38351327832312654,0.14367174717239817,-0.026560169524103599,-0.29466782614686032,0.95523056359642022,9.1986267461540816,-7.9710069966267572,-0.93134840310706002,,0.2900000670524558,0.1666666666666667,0,3
-0.98334450590997979,-0.17724985431116433,-0.040200396059336015,0.18070606238916889,-0.97716202029439581,-0.11180208007893093,-0.01946539782430004,-0.11720441647329201,0.99291702727201514,17.387382005176768,-9.6241047912389792,-0.86365350323522094,,0.39707289503969,0.3684210526315789,0,3
0.65808272664660572,-0.75256834465571221,-0.023832992080915775,0.75180928871091535,0.65502193723340163,0.075690522200525662,-0.041351158355666301,-0.067728490055233584,0.99684649436986117,-3.8970330630084589,-19.622321485744688,-0.45124907213570953,,0.06547957910468694,0.1428571428571428,0,1
-0.43223535664427931,-0.90116921010870477,-0.032659626737688137,0.90160684863175378,-0.4325472971728177,0.0028153523416241588,-0.016663942117939243,-0.028229248316995123,0.9994625668690883,-13.784999939785255,9.1836938794901748,-2.8626903114950459,,0.4041879782830625,0.1379310344827586,0,1
0.98443406644243259,0.17377175678774232,0.02632385554051056,-0.17397092381331722,0.94217084620657066,0.28644059458452409,0.02497371608625587,-0.28656146478774225,0.95773631047566865,7.7683679098417233,4.3816861954565596,-1.3402089077980766,0.4957669241784942,0.5846380845556154,0.23,1,3
-0.27693830429771332,0.89597182250305929,0.34718823265377907,-0.96015099200181786,-0.27217693464357273,-0.06348061756122704,0.037619784298072806,-0.35093334057706155,0.93564445293112908,-7.0076002386123593,10.370687943454802,-2.6055709772976421,,0.1324808288689469,0.3076923076923077,0,1
0.69947403321954904,0.70834992639939265,0.094744174604839568,-0.71464900485680793,0.69262556153445254,0.097706864478698849,0.0035884131244065358,-0.13605224466747962,0.99069516502917743,0.80694853970237446,3.9103193551069899,-1.6324216324225707,,0.7361084476203728,0.3735632183908046,0,1
-0.98348937720451957,-0.17990293378030273,-0.019585181722588347,0.179758825172636,-0.95871224849460768,-0.2203578665692871,0.020866473070945038,-0.22024023021158987,0.97522245221176362,3.1003247779594285,-16.587177765581391,-0.59042570421416074,,0.6044189237827462,0.4788732394366197,0,1
0.41816642206374188,0.90487702270016979,0.079589052310507294,-0.90820662006929564,0.41481921299339869,0.055549579600959499,0.017250470159227253,-0.095512273142322454,0.99527876846563534,-2.8360696250871413,-13.425419617096457,-0.81710336160473018,0.6677574279794833,0.7970347122639801,0.4418604651162791,1,1
0.018927702707297035,-0.99711843147404688,-0.073461389075889699,0.99910192682923304,0.016077133798626464,0.039202877125716032,-0.037908862767657758,-0.07413743577677967,0.99652724937158921,-29.509409519001718,3.6887764744181046,-3.0178828127596424,,0.203040141190392,0.6111111111111112,0,2
