axis_00,axis_01,axis_02,axis_10,axis_11,axis_12,axis_20,axis_21,axis_22,location_x,location_y,location_z,dbh,dbh_approximation,score,reconstructed,number_clusters
-0.98652443982494864,-0.16360159379345368,0.002011998089919597,0.16302786273003397,-0.98395609970029152,-0.072472821362686679,0.013836386874805547,-0.071168197748941522,0.99736835824454473,-17.547729401056024,-16.035177855739175,-0.37064124461092662,,0.3358050103126838,0.2777777777777778,0,3
0.35765489296858494,-0.92134883958653679,-0.15231314233569346,0.92832899414137038,0.33306263844160733,0.16515010599690114,-0.10143104146218017,-0.20046344970307775,0.9744363238103555,-21.791958150382868,-16.40772821935386,-0.24368300842338472,,0.3620289942743594,0.2258064516129032,0,2
0.95259653960819723,0.29593280206339906,0.070594683860714574,-0.30383149671272658,0.93733198714650867,0.17057305612928009,-0.015692492848287855,-0.18393619147650958,0.9828129135971525,-18.966813729215104,20.540982353115499,-4.4318585531670882,,0.1262536563603499,0.4285714285714285,0,2
0.020848724035407461,0.97222870351015134,0.23310229251782663,-0.99634775451757174,0.00089431206420026801,0.085383559739129311,0.082803881393863785,-0.23403108399719641,0.96869653088529672,-10.671874755670366,0.020808539307189476,-2.1739265264603809,,0.1873337017493502,0.2833333333333333,0,2
0.74526046146400604,-0.66669300395267106,-0.010357753570256732,0.6590169467304634,0.73413949718538751,0.16351104731621502,-0.10140763531665621,-0.12868425371020237,0.98648712832278429,-16.567894677490781,-12.048842530998959,-0.85160603156101211,,0.2533441482428614,0.1666666666666667,0,1
0.95029955097620999,0.28872245136816488,0.11649081290115286,-0.3093606326021992,0.91777115004598198,0.248982158274931,-0.035025168242007826,-0.27264530478119964,0.96147687198932941,-2.0593649157608644,10.464676273347495,-3.4129941630296883,,0.1553657112897327,0.2,0,5
-0.62551493818986115,0.77621328366884434,0.078892333958165639,-0.77372155710123691,-0.63014763978024979,0.065336851440976423,0.10042915004207699,-0.020171522882840177,0.99473971243055093,-7.9694387857041056,-8.3896512391011555,-1.3300555864994692,,0.07308986218091518,0.3333333333333333,0,5
-0.38200724841239436,-0.9241474651701499,-0.0046823904127292048,0.92257008976393295,-0.3816424411887131,0.056687534401210347,-0.054174640131336833,0.017335215692507969,0.9983809887330255,-1.2880085525005149,8.6650645635287553,-3.2483732871375617,,0.07130705256864882,0.28,0,5
-0.90383345445117358,-0.42741533123244252,0.020030507789906084,0.42765478650866251,-0.90389151817442037,0.0095659264357213138,0.014016782479953747,0.017212146867976206,0.99975360554944037,-4.6320289755870689,18.572191368589056,-4.1692269967330517,,0.1164938038979134,0.3076923076923077,0,5
0.046764743022598199,0.95438201619550656,0.2949034180416209,-0.99457817798403647,0.017035099336177466,0.1025868084529486,0.092883296065469995,-0.29810194993191036,0.95000416881127814,-12.352059981832756,13.129447814719816,-3.6825222519668563,,0.6291742584322517,0.6891891891891891,0,4
0.2426290473837916,0.94478430536023128,0.22025839759386703,-0.96876280025164541,0.22396069682110395,0.1064905776488958,0.051281402225599626,-0.23921584944227622,0.96961125981569818,-11.878328803970016,-6.9900891560745002,-1.4670894702720783,,0.3201186613507152,0.2142857142857143,0,5
-0.78999716830461741,-0.60420887134519397,-0.10409665632695973,0.61205595744562136,-0.78714207961868976,-0.076123921659938004,-0.035944109754033969,-0.12385066120667856,0.99164965320049325,-9.7150483223258828,12.154539788040008,-3.5597175856815526,,0.2257845702320563,0.3333333333333333,0,2
0.33279408088174228,-0.94241665466020486,0.033150395912357009,0.93769880299531461,0.33444099996894122,0.094181592686312959,-0.099845153068299983,-0.00025799000818219617,0.99500295419155638,-18.494476969259303,15.479398621635438,-4.1477247521694167,,0.08039239210581653,0.3333333333333333,0,1
-0.26924363805303031,0.94881815340168874,0.16508172262058041,-0.95810427854285996,-0.28127834304711424,0.054024856969140674,0.0976936784333306,-0.14361965571633761,0.98479913672082664,0.12142717590230202,-11.879361523263439,-1.185170298741077,,0.8800883081276649,0.4655172413793103,0,1
-0.95994000155402714,0.27461345755705102,0.055701367532720931,-0.27314166257182876,-0.96141932060100865,0.032657650598157256,0.062520601276305737,0.016135021030534092,0.99791324047353547,-3.6136743113804961,9.8711225110673286,-3.3498309367378858,,0.1102385580958694,0.3164556962025317,0,5
-0.12373316974469875,0.96425851898973802,0.23429812474846565,-0.98909158649592488,-0.13886140156813639,0.049146156284172689,0.079924565859972513,-0.22566129422267076,0.9709217497109871,-1.2629195558512387,15.001554450444599,-3.9333538379024247,,0.1866914352017745,0.4117647058823529,1,5
-0.19255036499163317,-0.98100450018265062,0.02354840892666148,0.97853997566181139,-0.19016163423069252,0.079360373603547668,-0.073374879716230107,0.03832392840120518,0.99656781181138299,-15.602741888179771,-11.550009717708367,-0.95194881254376429,,0.1006340776641826,0.3214285714285715,0,4
-0.83257296138589709,0.54826653248351187,0.078905470834563882,-0.54521304382381264,-0.83628692873488986,0.058025077953756193,0.0978008221514092,0.005289819058542697,0.99519194982718606,6.6842980840911368,-0.086777261536401765,-2.5385446943645853,,0.2713072585797255,0.7449392712550608,1,5
-0.8788472614994034,-0.47658688470627486,0.022190815238909048,0.47693492989664432,-0.87882175036343979,0.014331913083160727,0.012671369282065074,0.023179137475501758,0.99965102110006843,-10.860369071847757,13.162944788066692,-3.6775289127503767,0.2040035677342625,0.2175511191400565,0.4878048780487805,1,5
-0.99160235427897903,0.078021775015821193,0.10313764400919317,-0.094600801645961005,-0.98138680300454828,-0.16712459787970668,0.088178564948223237,-0.17547804851859011,0.98052638677996773,1.1202398442970212,-12.326856022088325,-1.1744437271822483,,0.3641380513282865,0.3333333333333333,0,5
0.11193319736038963,-0.99371350409937242,0.0021050176312084378,0.98999567472829497,0.11169703988875708,0.086210992914816473,-0.08590415209958803,-0.007565913734446145,0.99627467778791534,-2.6141687501193469,8.6927261701955967,-3.2461157966201228,,0.07050662439677927,0.3037974683544304,0,5
0.97219844684093604,-0.22592672711340406,0.061540993946295905,0.21413556949295692,0.96414939728703664,0.15672235829316894,-0.094742481696436218,-0.13918711753201476,0.98572349493918943,-2.7358948371485083,17.410015442512261,-4.1114581566841624,,0.4208103755425434,0.4642857142857143,1,5
-0.10535400414357685,-0.96722469822914015,-0.23103444969628614,0.99139964698012717,-0.12029631457410332,0.051531899514470139,-0.07763551879517698,-0.22361837991417186,0.97157992279892558,-19.34164101903124,-10.584563208951753,-0.97782801289347543,,0.5040509812454141,0.3333333333333333,0,1
-0.99313518194144634,0.085854260389748568,0.07944530422283877,-0.094677595407625811,-0.98885166373278599,-0.1149284127652133,0.068692527380786308,-0.12166114049206743,0.99019185190356374,-18.434121950444894,-4.6262873670768716,-1.623621503606927,,0.4920046024160321,0.7435897435897436,0,1
-0.52097239345208535,-0.85308315596632145,0.0289291248977042,0.85265482141128535,-0.51854066916785146,0.063994764965947137,-0.039591928279577283,0.058006063695949905,0.99753083951806043,-0.55272777558236674,4.4251725416006336,-2.8226391392019572,0.4930289342492599,0.2337702667916456,0.7448275862068966,1,5
-0.94712362502241088,0.31133761707934005,0.077625557104388232,-0.31017397813416719,-0.95029829296588442,0.02693060850690325,0.082151945885861735,0.0014291877011685156,0.99661879131876785,-18.364989183792595,12.744596329272904,-3.7601157206237508,,0.1331085484842837,0.4782608695652174,0,2
0.35319336462012141,0.91941637601825177,0.17299703667341818,-0.93171718476516796,0.32895831920764523,0.15391397544522187,0.084602215110417017,-0.21554570683163021,0.97282193307144571,7.3756269408712516,3.0672972505187279,-2.8731840939884368,,0.3788962996151355,0.3714285714285714,0,3
0.45959889070702453,0.83080243607129478,0.31390471783468743,-0.88677858227183959,0.40981518842383213,0.21371770483767999,0.048914268724158147,-0.37658840071773486,0.92508841240177664,6.1940010733385114,15.844818114621029,-4.0881700309811038,,0.5932140140626465,0.1538461538461539,0,2
0.72999505140343668,-0.68345217838498507,0.00058718592552356593,0.67643259418371371,0.72261972376900918,0.14233650391200253,-0.097704505793664048,-0.10350775179095772,0.98981815242336102,4.866441011652797,-5.180028442070455,-1.9898878428195304,,0.2090696776789915,0.6153846153846154,1,5
-0.84837031551507469,-0.52935586941037371,0.0070831683334112751,0.52939805842023002,-0.84834533802061196,0.0069197687521847101,0.0023459526301332265,0.0096203419627539193,0.99995097156149404,-8.8181206569919546,8.0569041525212892,-3.0996011742569709,0.3442947058220038,0.296768694242709,0.8682170542635659,1,4
-0.61673718896962737,-0.78695782941701864,0.0182377208306717,0.78678178252596642,-0.61554149407775427,0.045640943831054701,-0.024691424161146214,0.042497573904652169,0.99879141455316556,-5.8892006545772633,9.9088128593937412,-3.3252800128931046,,0.07151643247841778,0.2987012987012987,0,5
0.45001826120820781,-0.89287439636028854,0.016089652059433277,0.88751596965102852,0.44916951999265009,0.10277230134608166,-0.09898973781932463,-0.031969589203253997,0.99457477203709455,1.8804271958358039,-13.790524400845568,-1.0487727746500188,,0.5866840889778123,0.5,1,5
0.84960013745353946,-0.52736909947298483,-0.0078383263507043437,0.51935702645553838,0.83391792984629221,0.18667931152684272,-0.091912379526308846,-0.16267365859882751,0.98238963516920497,2.0848304686138412,17.911494829773016,-4.2509866583048748,,0.1315222347769223,0.1428571428571428,0,5
-0.67428495880218886,-0.73793984827515235,0.028010259919821725,0.73821376551618079,-0.67256324892987951,0.05195298443118096,-0.019499506033541329,0.055708675415328167,0.99825663671618892,-12.304154769615012,14.871746924844825,-3.8910453213617799,,0.0837737675069682,0.4193548387096774,0,3
-0.51869308648165235,-0.85472579587781139,0.020032371232012763,0.85420819279279137,-0.51711165624033195,0.054073083378444062,-0.035858686560000595,0.045159150140596876,0.9983360184611032,0.61918656380819248,-6.7011978028172035,-1.6817642101729546,0.3822023232313744,0.3068124913806973,0.7717717717717718,1,5
0.34370598518714662,-0.93894482524824596,-0.015773740395817432,0.93087231038423035,0.33843928224919334,0.13760666404857277,-0.12386661175013561,-0.061979572200787009,0.99036134573364132,-16.203684139646725,9.4199724614741651,-3.3541101982605031,,0.2227430719291285,0.2307692307692308,0,2
0.33475697544347721,0.91150465369154698,0.23894985601709284,-0.94043667334288927,0.30721502293781344,0.14559461910757507,0.059301187371724413,-0.27345602202177388,0.96005477614370094,-20.29436704559312,16.446657951183187,-4.3044859807403961,,0.2357167311337084,0.35,0,1
-0.56785763711547421,0.76865717603855988,0.29445517433738028,-0.80515925230126617,-0.59304038388657931,-0.0046563411950998907,0.17104467955273206,-0.23972744691437683,0.95565394824309591,8.2281231345670935,10.49388160732758,-3.647236171174987,,0.2690563401932345,0.2325581395348837,0,2
-0.045024069904596689,-0.99894288318219904,-0.0092708828524410512,0.99555647716126028,-0.045635881071757228,0.082369090932627689,-0.08270510208861992,-0.0055210957646222121,0.99655877076571386,-9.6388528551050658,24.561838101682604,-4.6821865981642548,,0.1708992152747551,0.4210526315789473,0,2
-0.14814962127857217,0.96131976313536693,0.2321981970653085,-0.98640539746035294,-0.16051681477995014,0.035195795686199426,0.071106128962988374,-0.22382731106427425,0.97203150836052499,-14.077725410094656,11.79825797931694,-3.5439227496396222,0.6304782763983171,0.5884141422976958,0.6691176470588235,1,4
0.77076539503270314,-0.63261682351940707,-0.075608600174167234,0.6291533159751943,0.73704300908823572,0.24684753948860214,-0.1004331161395433,-0.237830942802603,0.96610021831491477,-12.081977309299901,21.901241641800866,-4.4463370993438911,,0.3302749155971144,0.1176470588235294,0,1
0.089415654830132141,-0.99546265893340979,0.032541286706648714,0.99196113011551412,0.091943353818828399,0.086945592346580544,-0.089543045577256744,0.024505394462676976,0.99568143933236863,-2.3024958128794073,5.6337004173033334,-2.8930110806854485,,0.08864546817932656,0.4352331606217616,0,6
-0.90673780202271936,0.41251033843971818,0.087531588945694752,-0.41190957790124066,-0.91086321759734123,0.025665121496727797,0.090316432703195018,-0.012783564001056994,0.99583107125415649,5.7559348529773287,12.293252623701212,-3.7689031646038744,,0.06107729049683925,0.2941176470588235,0,1
0.018058958417340006,-0.97217835678192566,-0.23354467800760556,0.99616777027034376,-0.0024979261048822116,0.08742730603070549,-0.085578312062653289,-0.2342285272334903,0.9684076360368794,-14.831616065978228,16.734719834067732,-4.1989694167122602,,0.4243088957487274,0.1,0,1
-0.40526426691853984,-0.91350052539147164,0.035744427096894155,0.9126605150868683,-0.40200481563304241,0.07377609646231649,-0.053025071054662296,0.062521342894648571,0.9966340469411521,-4.5641615002319513,10.388552694373059,-3.3743418399578835,,0.06924434785783488,0.2962962962962963,0,3
-0.92859687882675968,-0.3670294457575598,0.054746895620657487,0.37009640164201357,-0.92676558308354295,0.064297803255277092,0.027138351549679529,0.079968368488543606,0.99642790502697509,0.75157946792386099,3.4032800368895542,-2.7525260325309411,,0.06722738570407488,0.1890243902439024,0,5
-0.82105414994683423,0.55738156068137112,0.12327156471579218,-0.55680189628025689,-0.82956529515032762,0.042344649967370064,0.12586393905241797,-0.033870590407432233,0.99146913817408355,-12.992362450851418,18.459725044751419,-4.2835239569319539,0.9635163917116876,0.8029680102758618,0.6590909090909091,1,3
-0.99694252642583436,-0.049298059594029643,0.060624255244412013,0.047565290216306427,-0.99842644666605684,-0.029701410142137254,0.061993081632668118,-0.02672698857066428,0.99771866070131709,-7.8269524370136221,11.505370611542336,-3.4895518783552677,,0.5291473383821134,0.4251497005988024,0,4
0.99166711616780778,-0.11347280512295345,0.060993878454746811,0.10636139505277233,0.98829644449583731,0.10934985797574319,-0.072688268337141648,-0.10195126431003847,0.99213021088551312,-12.978644818791004,-2.3615253955062188,-1.9346363571873244,0.2165733967652883,0.180421710074306,0.7984496124031008,1,2
-0.67677481661145655,0.70736797784998195,0.20397644842716123,-0.73468706827774666,-0.66664703734935715,-0.12576422105979185,0.047018712296067806,-0.23497291653668115,0.97086403228684215,-4.3651576049685108,12.081374250966748,-3.5500877389554395,,0.2750631440686203,0.1692307692307692,1,3
0.23679639386561652,-0.97103636037134333,-0.031872475414004613,0.96624589050192689,0.23194836178304967,0.11211082264571777,-0.10147091672188593,-0.057344086904719239,0.99318442837002108,2.2179291889277128,9.6598217683433116,-3.415675993251087,,0.214801180336166,0.3018867924528302,1,4
-0.99708321956768131,-0.013997754232546339,0.075027435868444958,0.012711434827021032,-0.99976439225275848,-0.017594868800646628,0.075256047472523999,-0.016589842070339436,0.99702623057715756,-7.9234259667751639,19.760360847040101,-4.2381354516309795,0.5943251542601112,0.190679377242715,0.4102564102564102,1,5
0.19290777488686145,-0.98121669965391045,0.00061539295488814651,0.97411914745765893,0.19158761638401681,0.11994195181276614,-0.1178069477771372,-0.022538268979220712,0.99278071571060245,-10.037026327418946,-8.2291246698074065,-1.3362766261392494,,0.06577625794204581,0.1836734693877551,0,2
-0.0076605003819125101,-0.99460545170006776,-0.10344714680648971,0.98869530779378656,-0.023024859228037133,0.14816019777281506,-0.14974279642256355,-0.10114272740060852,0.98353812514488592,5.0248425863617747,23.088793323803969,-4.7750258015623599,,0.4242823152274456,0.2142857142857143,0,2
0.92623459262742969,-0.37690582401439138,0.0056106367137325032,0.37293639616461915,0.91844242969050771,0.13184061498622029,-0.054844542445416693,-0.12002292767730315,0.99125504941751641,-11.357378785045757,-1.6879744818386324,-2.0206562014891323,,0.07143935257987261,0.2727272727272727,0,2
-0.51993530611756411,0.84477225128082845,0.12659826585840669,-0.85031049875966558,-0.52598597395457403,0.017629829895582823,0.081482103259083699,-0.098481463580610051,0.99179739270654299,-14.41144781097848,-7.1158116470380159,-1.4095679140157935,0.4511485871614808,0.1876819645225812,0.55,1,5
-0.65417175388061855,-0.75604421245088926,0.02136504725646441,0.75581637913219224,-0.65239583611023311,0.055868363691208504,-0.028300485159423822,0.052695558119687229,0.99820952745112412,5.9739586907349,1.1594072534500466,-2.6411565726318318,,0.0701154477938902,0.2702702702702703,0,5
-0.76819247537610991,-0.63980550788718482,-0.023005061459327264,0.64021853691635799,-0.76773732712365428,-0.026450359727345944,-0.00073875855594600771,-0.03504723410269981,0.99938538393231835,0.036232235066124455,16.45351870120523,-4.1035080127627452,,0.1117410531090951,0.4705882352941176,0,5
-0.99784476162134783,-0.030765748274427032,0.057959472374678841,0.029887823778300258,-0.99942593114104816,-0.015953875787616728,0.058417032572990545,-0.014187208885613305,0.99819145128046571,-16.366587870353371,-3.1942559723283948,-1.8404852050727316,,0.445923468158164,0.4423076923076923,0,1
0.97690893062870177,0.19879981611706876,0.078278824529412885,-0.21073139986360945,0.95695180429431537,0.19958837984556765,-0.035230929159057248,-0.21147547699360963,0.97674812733934391,-11.429488795619006,-10.946234077381336,-1.0336757443332474,,0.08816421902807625,0.375,0,3
-0.90456440072654021,0.40513377687691687,0.13277751229663026,-0.41581298622952223,-0.90712959605051735,-0.064926546590086967,0.094142474054617648,-0.11394085659969455,0.98901702501837929,-10.061625279784588,-9.5921677867440049,-1.2155428570627023,,0.2705071774363373,0.1521739130434783,0,3
-0.61579045138627497,0.75231299356471126,0.2341522575060718,-0.78285048888836894,-0.61781836487324082,-0.073794173703594715,0.08914724913719374,-0.22874795679755738,0.9693952445892301,-8.6172332000203831,-13.104222272826203,-0.82074020439519835,,0.384987170429426,0.1428571428571428,0,4
0.31512790158416276,0.94392902616709895,0.098449983252377499,-0.9471964582889173,0.30633708975013968,0.094744165246970435,0.05927288628110422,-0.12310800543687617,0.990621594731944,0.86383689384959783,14.938128696311157,-3.9185897147447517,,0.0760380452655713,0.2068965517241379,0,5
-0.56585931225334563,0.7927782361125163,0.22650807288592931,-0.81046397270705239,-0.58530205767009491,0.023867346544066397,0.15149715403291342,-0.17007107230061125,0.97371681852910763,-15.88748405332734,20.06477962387364,-4.2946811924957142,,0.3012730133671785,0.75,0,4
-0.99769346161309858,-0.041560366000969039,0.053670221094544016,0.035996828769307772,-0.99425904979220414,-0.10076294073148007,0.057549847723733144,-0.098598569381954687,0.99346179450586103,11.302118481393567,-9.6353227048063061,-1.7623331355241956,,0.4031148841398076,0.1764705882352941,0,4
-0.70807335098027957,-0.70514553206297537,-0.037442065156493148,0.70588206264806586,-0.70825005144637598,-0.010600861187647226,-0.019043194670855565,-0.033935869486882701,0.99924256989927041,-5.8185602444922333,6.0755595432854292,-2.9262119512259659,1.024604402298502,0.6700529230485458,0.6611764705882353,1,2
0.98024081023002851,-0.19760902290898416,0.0088672444724086745,0.19231745717689022,0.9625632340646596,0.1910131306795384,-0.046281201632973383,-0.18553354007278564,0.98154742925824412,-10.961009246693781,-9.0755489717419255,-1.288932711504768,0.1176778527084224,0.1605037289812279,0.1764705882352941,1,4
-0.86356956463315993,-0.50390500529847226,-0.018092890162739062,0.5041775862392377,-0.86240826628291245,-0.045353542098461409,0.0072504188341347524,-0.048287968294881363,0.99880714031522688,-2.0651540880088808,7.1383519600847709,-3.0755891051098025,,0.2164598040372993,0.7751196172248804,0,6
0.82572775635346218,-0.56210278031727756,-0.047054614514050401,0.54996729311558978,0.78374243490603057,0.28858927947981639,-0.12533813821255796,-0.26417467722542048,0.95629602687779491,-3.7470758410734448,-6.5929755832703414,-1.5813065194083262,,0.369237191704557,0.2142857142857143,0,2
-0.56045096744321099,-0.82787165199839075,-0.022874459762436756,0.82689641214251119,-0.56090540830231761,0.04034162271218121,-0.046228094031773824,0.0036946927700138121,0.99892407747912626,-12.06570932642471,-18.427017547095385,-0.19926081064828249,,0.1883826317942374,0.3809523809523809,0,2
0.59328367412549576,0.76148179237796876,0.26107462897223255,-0.80425503193411296,0.54681231301218436,0.23274479144961313,0.03447209922258361,-0.34805426906604819,0.936840381367118,-0.57385630015674982,13.939626387326856,-3.8034256990364774,0.1780019010095733,0.1228035390129574,0.3571428571428572,1,5
-0.7870090928243072,0.60949363922955024,0.095572964537994992,-0.60864505007135061,-0.79237262826418697,0.041192487195466899,0.10083596003165277,-0.025751149807814067,0.9945697499160483,9.8036375590751739,0.11643481884293073,-2.6634869817148217,,0.2492701651979427,0.1666666666666667,0,5
0.13724960896072802,-0.9897532990655028,0.039382125756230874,0.98639650029595716,0.14019913318049196,0.085826262060779132,-0.090468165914945275,0.0270667701137585,0.99553146656024571,6.2178579544313974,4.5288775606213489,-2.9883714928447955,,0.2186948769005219,0.6833333333333333,1,5
-0.67622657979375,-0.73614903008339694,0.028323458258531466,0.73639301601526608,-0.6743524506681764,0.054535293542496088,-0.02104610995858331,0.057735411881272757,0.99811005579069889,0.23066611145601723,5.8148536266238926,-2.9692745057110574,,0.07652019337562277,0.2183908045977012,0,5
-0.019634356924064622,0.99627920571083983,0.083918033201194453,-0.99607615892154788,-0.02673653590083986,0.08436494103665737,0.086294713953254429,-0.08193230081110528,0.99289491912665373,10.315851666352092,-10.610350087620077,-1.6448873873250327,,0.1122049760668809,0.6666666666666666,0,2
-0.78667358965141632,-0.61735366330135777,0.0043723853158439659,0.61735852844808325,-0.78668186785385152,-0.00029350024472704541,0.0036208696985069663,0.0024684404733144763,0.99999039800602918,-2.4311863410293122,11.743473584120959,-3.5499793897743706,,0.08973882341976892,0.2028985507246377,0,6
0.34585934287450776,0.88363028846208636,0.31556113236396138,-0.93311260313572864,0.28864719823878859,0.21443802092484376,0.098398093557141547,-0.36861946267297008,0.92435788898186622,-7.9378830898128312,-5.1451252193179062,-1.5896279876361161,,0.6530269782738078,0.5693069306930693,0,3
0.6700577675057714,-0.73555627074762309,-0.099897751571449464,0.73509108535210332,0.63878480465950638,0.22714548107321575,-0.10326511725189712,-0.22563454057383497,0.96872357752817484,-19.586654651944446,-11.522983964491335,-0.88639402170730175,,0.6024084727146951,0.375,0,1
-0.97959968708179879,0.19227445073925337,0.058437904327245403,-0.19660282860142422,-0.9771683291103701,-0.080556715235703888,0.041614671152862666,-0.090402390325508897,0.99503549030588512,-19.863898771113661,14.869930043589324,-4.1149247444155854,,0.2243486680074578,0.4333333333333333,0,2
-0.50861403426948437,-0.86048345748387078,0.029664516526068312,0.8599760247825714,-0.50603526603997973,0.066102543998056124,-0.04186885409571061,0.059131454577512489,0.99737178130136661,-19.205223492777975,-12.608872999945442,-0.77812706494810568,0.4991863581776895,0.4769647543279809,0.9090909090909091,1,3
-0.93415029214880441,-0.352813234762693,0.053721997864831596,0.3558658678998578,-0.93222124106836912,0.065749842317920429,0.026883372968903051,0.080538059805505754,0.99638893268671946,5.4511274358146045,6.3847880469478229,-3.1478108812329664,,0.06577909872349624,0.3125,0,1
0.27242168590221599,-0.96105321572918478,-0.046509585966635923,0.9571935627161291,0.26577985328315762,0.11463661318962438,-0.097810574811718246,-0.075748175723093933,0.99231814723385181,3.0302577138796889,-8.1993175214847192,-1.6228450427431713,,0.4164679367278754,0.391304347826087,0,1
-0.39403910653682933,-0.90117711012573454,-0.18059069384962342,0.91830232283417301,-0.39417711371868241,-0.036677607579728037,-0.0381316980610737,-0.18028926536496848,0.98287423122042405,2.1193085443249555,7.9136985101750623,-3.2261139143816013,,0.4116225773865241,0.4632352941176471,0,2
-0.60594867395736185,-0.79544322983225679,0.0098118623789453224,0.79501882037678384,-0.60510263599839276,0.042377767219447304,-0.027771924240563434,0.033479367106106314,0.99905347814926893,-3.1518461131426321,5.7752304990121921,-2.9255219096824532,,0.07031483314234863,0.3048780487804878,0,5
0.98167864669382365,-0.19050417005968381,-0.0038981810186050013,0.17523802095892016,0.89459971881382194,0.41107539346041078,-0.07482426502000411,-0.404227045468387,0.91159301504350843,-9.2039909238155335,13.336965357164393,-3.6698878917191813,,0.4852909602770555,0.253968253968254,0,1
-0.85521053856318596,-0.51702197194601351,-0.036100072791077749,0.51823621437457723,-0.8521470414828749,-0.072640524521034255,0.0067941770048245802,-0.080831307159040841,0.9967046397713758,4.9990607015432476,15.171770931666076,-4.0153678068730398,,0.3457512371700167,0.2,0,2
0.072063308135517506,-0.9971976096741656,-0.020094946645738979,0.99339681997032769,0.069956203414011431,0.090933424419940623,-0.0892728272959082,-0.026515219479142472,0.99565420977494312,4.6086832183222501,21.108992447840329,-4.5362833399615692,,0.315859544971636,0.6296296296296297,1,4
-0.84842745398965314,-0.52802293464414785,-0.036913897198987966,0.52924044220893185,-0.84510368560063487,-0.075526915167497016,0.0086838728186136617,-0.083615435620499334,0.99646025975894537,-13.664477599768761,16.415118092474078,-4.1394044732208677,,0.1637740571770522,0.375,0,3
0.8711716245425527,-0.48812267370471474,0.052879636981065091,0.47455715494558109,0.86475799841434009,0.16428362933773788,-0.12591865343087372,-0.11802482617561433,0.98499473761252676,-2.8278169022504978,13.946942568622145,-3.797601734909537,,0.1811591645914429,0.2105263157894737,0,4
-0.8831300324522805,0.46220740773085778,0.080284855480692599,-0.46068359630279559,-0.88676410307490028,0.037683545418288923,0.088611341702729621,-0.0037064452633252037,0.99605938195729748,2.7786717751577568,14.751949247103274,-3.9233378885067789,,0.5336093981797571,0.9422222222222222,1,5
0.86271926689920519,0.49677363542190439,0.094506199112022404,-0.50555633459250238,0.85149211361071642,0.1391904199725941,-0.011325152285523951,-0.16786046469749222,0.9857457102707825,2.6802080577709293,16.175226827493304,-4.1050789542545667,,0.4269124377649928,0.9785714285714285,1,5
0.83006134996085679,-0.5485254645691966,-0.10058812067191067,0.54909645130355134,0.77238204552251044,0.3192476513935687,-0.097423007893446753,-0.32022771659181809,0.94231786943652052,-17.455923229245851,-9.9263955521110887,-1.0850784220982339,,0.3070116778533428,0.1304347826086956,0,2
-0.90652317109953484,0.41139004650953664,0.094731039752153801,-0.41238422116259077,-0.91095789585701881,0.0097450557656720178,0.090305007589647476,-0.030231467192875543,0.99545520441434165,-3.397620506092053,3.8630806023720741,-2.6829263696734231,,0.1100380812631708,0.3031914893617021,0,5
-0.74517232280167023,0.63802789339716293,0.19400674363934908,-0.65837472473182357,-0.75015069842178161,-0.061779053825799415,0.10611753467104836,-0.17376517747953402,0.97905297708083538,-12.329357005040846,10.737538079088305,-3.4215257151601159,,0.3767605765966585,0.1990291262135922,0,5
0.37937685705805418,0.9120726926815621,0.1555525750135929,-0.92371261628429624,0.36369547403160074,0.12033538418167568,0.053180850369046323,-0.18933833587928259,0.98047069906269535,-7.4693661610097717,9.3028451296427424,-3.2509676873834445,,0.1298344893414842,0.5463917525773195,0,5
0.74205872980267906,-0.67033012719270502,0.002522320647120822,0.65955723862253846,0.730794778671913,0.17585005102780535,-0.11972088583136464,-0.12882745066049389,0.9844137328644248,-7.4335497411022358,14.216405285901487,-3.7460490109532745,1.090430544532472,0.5147306420157882,0.8947368421052632,1,2
0.061053327785584761,-0.96128118144562291,-0.26872101027797324,0.99424403494593128,0.03482282618761523,0.10132210889407235,-0.088041411510385623,-0.27336031345975537,0.9578741299797402,-7.9461645531079137,-15.240518485250551,-0.63321185258385704,,0.2455336957046928,0.4375,0,1
-0.30087696560528499,-0.94799369602050532,-0.10383161307394982,0.95154211828372015,-0.30568032866150074,0.033572813428847749,-0.063566097098118973,-0.088698866817897695,0.99402809936386272,-7.7776050222955782,-9.8445673919514647,-1.1759459096417986,,0.4900775406191271,0.125,0,4
-0.64976917405835044,0.75064405196168438,0.11972271170531848,-0.75304565215682395,-0.65713327435432278,0.03313767499496463,0.10354837618830409,-0.068624827802422683,0.992254184570594,-15.870813305380691,18.094199173273651,-4.2506544168202911,,0.07153066079676627,0.2777777777777778,0,1
0.89441203395821489,0.41063507371953123,0.17721723884003152,-0.44693075112138586,0.8354510726688793,0.31980370366600386,-0.016733714853652677,-0.36524011472971396,0.93076293511259989,-15.847002089107333,13.832497658127849,-3.8329331498757409,,0.5735553878677728,0.2439024390243902,0,1
0.38930890871147383,-0.90951677012533594,-0.1456633737720591,0.9184381987376582,0.37126630868178179,0.13650129353720475,-0.070070312525401801,-0.18692397625393384,0.97987222554984743,-6.0142901028687472,-15.608112432251341,-0.63806113430925915,,0.4434868866135784,0.2424242424242424,0,2
-0.6124464024008186,0.73379351850660657,0.29403482172012962,-0.78295489579329458,-0.61437779524067804,-0.097578460064270706,0.10904602395138152,-0.28997758001765866,0.95080069822623503,8.7554499913887955,4.3311008444234869,-3.026806854987746,0.7286925930279836,0.540345210563995,0.2972972972972973,1,3
-0.97734453706303426,0.186570640293652,0.099945245276903003,-0.19737055919522689,-0.97390695152811069,-0.1120272829635096,0.076436367234497746,-0.12921550195560727,0.9886661902878815,-0.16988725557358147,18.607827577284706,-4.2720377977175072,,0.6027694209680545,0.15625,0,1
0.98644550965947331,-0.15960743429440505,0.038088362929116854,0.15193388397793312,0.97610022229066817,0.15538484785682724,-0.061978636416453257,-0.14749177252330573,0.98711945866034434,10.626560207209506,3.2763492594698365,-3.0113271081338686,,0.1894987465503633,0.2857142857142857,1,4
-0.88705686132803829,-0.46155235996541688,0.0099771629838032623,0.46141460259148209,-0.8870827429173076,-0.013445137918682961,0.015056204242633854,-0.0073229931491074511,0.99985983241909648,5.9925131475366822,10.793222184379596,-3.6091214233146403,,0.09209486810627565,0.2272727272727273,0,1
-0.5558224635289245,-0.81937838289517428,-0.1402870438804921,0.83050042112660949,-0.55472770645290981,-0.050460105053589749,-0.03647519081735312,-0.14455530892217019,0.9888242124448885,-15.184924433191558,-9.3376694488711252,-1.1969523651855982,,0.6906462769011639,0.4918032786885246,0,1
-0.75171406293094756,0.61521914251414311,0.23755288732408772,-0.65168137832831552,-0.74821448261890999,-0.12444464287153828,0.10117978420591386,-0.2483555811401873,0.96337020744081825,-4.7432358068920504,1.2642324238365441,-2.4079068479607533,,0.2444446925729703,0.3542857142857143,0,1
0.52686773267526166,-0.84950294892897182,-0.027479665693227292,0.84352932138319192,0.51865032428262325,0.13949955228725044,-0.10425294351932006,-0.096677716576842654,0.98984076642914953,-13.081955570532832,15.273777357336076,-3.9692393051836259,,0.1329338107697127,0.2727272727272727,0,2
-0.96078689449702603,-0.27647318013709576,0.021239680497635458,0.27474278548280145,-0.9595258028639686,-0.061859804909227746,0.03748259846798236,-0.053598640870243713,0.99785882794559189,-13.133749045494534,7.4933549516299873,-3.0102754434484891,0.5085748533450751,0.3344016291818869,0.7365269461077845,1,4
0.22060492271571094,-0.93804441416479289,-0.26721928285179403,0.97064845840167036,0.1842333068237153,0.15459514500546634,-0.095786420102526082,-0.29348043497144849,0.95115413893485889,-5.2940697940273518,22.924534856616017,-4.5454437069537112,,0.2640007830191308,0.5454545454545454,0,1
0.25091308006700608,0.93616124175943216,0.24626155948244904,-0.96565234608980299,0.22432367195996789,0.13112755884884791,0.067514241035129444,-0.27070467233839218,0.96029204288675418,-6.7500393012832225,-6.4173457988014171,-1.5242292660772372,0.7769878340061961,0.376878989260195,0.2039473684210526,1,3
0.16520714057574851,-0.98600659994915796,0.022306625909950445,0.98130981729449152,0.16659904845160309,0.096310952318375873,-0.098679497284070869,0.0059784539575039198,0.99510130886460035,12.329691611931242,1.0680101584728361,-2.8255134490066522,,0.09012278154400961,0.5,0,4
-0.011154713704590025,-0.99943774650875894,-0.031619032490928664,0.99682837742491925,-0.013606219260186998,0.078409545068485673,-0.078795674516890832,-0.030644112826732104,0.99641968066999287,-2.4913376918948456,21.023300551256821,-4.3715082916129386,,0.1675915498471179,0.3333333333333333,0,3
-0.45833242590940243,0.88533876029232494,0.078145165455398263,-0.88280884896793232,-0.46366509785654603,0.075254323554162075,0.10285875530997252,-0.034495746893338557,0.99409764103047449,6.9464445850294574,9.4579818269168801,-3.4929538000987459,,0.09597326318693664,0.2272727272727273,0,1
-0.84256017753407275,-0.53858030470904095,-0.0048582520794329493,0.53859531420104001,-0.84246943955777731,-0.012662185114994794,0.0027266746109259219,-0.013285284743649348,0.99990802899808973,6.5851085631895421,3.6102303712480119,-2.8799843085873289,,0.08006036493359284,0.163265306122449,0,4
0.97346841263753148,-0.22167610046106537,0.056735844766277611,0.21179243290653488,0.96674803980286494,0.14332547889629293,-0.086621099972803345,-0.12750660383563067,0.98804800036122087,9.606717873584909,12.641980207967311,-3.8784340236779524,0.1014950898875647,0.1095743887176557,0.3333333333333333,1,4
0.43746707879792229,-0.89923286438415206,-0.0016764782986144883,0.89341343509691717,0.43442269218870544,0.11440873436868255,-0.10215179370103596,-0.051547843048865595,0.99343234843680739,10.311831845154545,8.6426644395678931,-3.545057784052041,,0.1040820054959933,0.1333333333333333,0,4
-0.72707331496530303,-0.68326677764620558,-0.06716327292752175,0.68413027105295376,-0.72924794455172048,0.012775272838720408,-0.057707598237824988,-0.036659868140274242,0.99766020626942908,-4.6246751698851245,-11.538346278134426,-1.040777934621864,,0.6183885748627055,0.2666666666666667,0,2
-0.62550974606374199,0.72001580213809069,0.30052421242008953,-0.77178614261307299,-0.62747865495782285,-0.10303731189600943,0.11438403581665887,-0.29639126546469602,0.9481922326757003,-14.563389091829103,7.9001298115514738,-3.1067399534449449,,0.2104489883124745,0.1538461538461539,0,2
0.69955365102662193,0.70988342288367856,0.08179373600879844,-0.71425311561644866,0.69117552243175961,0.11008580300557221,0.021614258430967238,-0.13543235620093896,0.99055080673650586,3.5511046950047618,13.988543034244687,-3.8603803556781058,,0.08709169958304527,0.125,0,4
0.67984545229769011,0.72129664964811901,0.13244358873327261,-0.73189564192572854,0.65594617877250749,0.18456267196774004,0.046248571007927945,-0.22240897859606407,0.97385590100362385,9.5588080753021742,2.862016135614867,-2.9152434220709638,,0.1509549909390462,0.25,0,2
-0.82484851575375462,0.53168112723442595,0.19219808792378182,-0.55614327816357545,-0.82419777335028466,-0.10678335337450551,0.10163454241693412,-0.19496976521287263,0.97552919507339031,-2.5336664235222068,-12.234509258577159,-1.0697318555033262,,0.377515935651509,0.5,0,4
0.029036319981514926,0.9846396620241209,0.17216744201781242,-0.99615137915964591,0.014254016013356271,0.086482673558505571,0.082700192988088783,-0.17401597339473376,0.98126404147060065,10.870143942909484,0.62508836567173143,-2.7408668495918236,,0.08899061491862051,0.32,0,1
-0.098308617247122865,-0.96763034566538375,-0.23243693751735894,0.99208470487366218,-0.11363053512911613,0.053441929624682909,-0.078123966429627476,-0.22534332835422605,0.97114212669183575,5.1805619587577665,-10.68711476337876,-1.4527660904637896,,0.6677810086936875,0.3076923076923077,0,1
-0.85077851847342922,0.49179315808879581,0.1852441690342963,-0.50885525172105872,-0.85899232395258018,-0.05655546115491094,0.13130973040889282,-0.14237863971676173,0.98106374800639196,-10.230850966440729,10.900376098323848,-3.4318330926385743,,0.3161065832305344,0.3571428571428572,0,2
0.45452011349337357,0.87692240528906684,0.15626439623922175,-0.88781376889530406,0.43180293272219111,0.15916324655029632,0.072098392422344115,-0.21107657945530708,0.97480690365608336,-1.5965768557402835,-13.404211941442103,-0.99928282354999787,,0.2260001845211418,0.2941176470588235,0,2
-0.97393981679087382,0.21772960981968828,0.063522045599347834,-0.21313122486452274,-0.97436889325529863,0.071974584710111159,0.077564903513815744,0.056560382461675815,0.99538163981393646,4.9875824101229354,7.3296651281754084,-3.2367253457944214,,0.06350414821320732,0.1864406779661017,0,1
0.45237746910083787,0.8681691025837549,0.20405154929291539,-0.88832507829024676,0.41839317365764289,0.18927680131836913,0.078950495442070293,-0.26688866884078105,0.96048803101019853,11.403366782069291,20.8156698284496,-4.6944800169607976,,0.7108468279847076,0.6136363636363636,0,3
-0.98968706153676878,0.12486843379963779,0.070195402037040278,-0.12149869254964175,-0.99131124250953873,0.050399287523959703,0.075878771309529455,0.041350873202637584,0.99625926211500548,-9.0500514625142987,-1.264725823805529,-2.069188966842558,0.2971862897325265,0.2434997254177669,0.935672514619883,1,2
-0.80103279411649753,-0.59420805300656465,-0.07254827697515423,0.59861190375521123,-0.79446882137865293,-0.10238691586220719,0.003201785826326309,-0.12544353948833201,0.99209559366432043,16.563655840338377,1.4156613096101707,-3.0097643068522002,,0.2483500645104165,0.2857142857142857,0,2
0.7813447717115406,-0.62358698822056091,-0.025290627533758041,0.61217015509880124,0.75789475303497866,0.22548446626843069,-0.12144154530205409,-0.19166327620089207,0.97391844608806422,0.57824714774253716,9.8568984893314244,-3.4317979493678994,,0.5414393059554559,0.6,0,2
0.81549515596615918,-0.57864546427241514,-0.011708000371164129,0.56373115110393301,0.78957039368673276,0.24245779568496656,-0.13105281328824939,-0.20432332243368453,0.97009130500118157,-6.2605771852604457,-9.1347195603030542,-1.263624676976175,,0.2230268385547953,0.3186813186813187,0,2
-0.4754461096928092,-0.87693799767076253,-0.070219263875143614,0.87318624668796418,-0.48012415120258245,0.083824686262375089,-0.10722301699243053,-0.021460374488661851,0.99400335862302147,-14.331914584169805,10.27335508883368,-3.3891608983760508,,0.5228103753925992,0.4731182795698925,0,2
0.41075229832509824,-0.91071592502829302,0.04334804863553323,0.90642247363534956,0.41302247351744925,0.088378366460916555,-0.098391304033545776,0.0029900283254462399,0.99514331180046089,11.123492059982324,4.4387822684112948,-3.1253646065163867,,0.07191534911634451,0.125,0,3
-0.14517123725494238,-0.96151439916504966,-0.23327102707396447,0.98657545581853689,-0.15849801104986169,0.039335104800726058,-0.07479426348534618,-0.22442914403328051,0.97161585899890124,-8.3095120024039524,5.3026039759960257,-2.8571790432673607,,0.3047585985266092,0.135,0,1
-0.98961318344191707,-0.13977956621138063,0.033577075925602613,0.13405231440768817,-0.981647668934999,-0.13563860466853034,0.051920363634105335,-0.12972866662477414,0.99018924903063898,-13.875556117548895,-12.368864189949853,-0.86911489961046096,,0.5167427549953434,0.1304347826086956,0,2
-0.20691529975617756,0.97599974301339643,0.067901107241306657,-0.9737150836818188,-0.212190660355178,0.08278924730025343,0.095210264873700448,-0.048985970397836781,0.99425116553457582,8.3205925342259821,-7.3878084407743083,-1.910019927722389,,0.07084722845469144,0.2068965517241379,0,1
-0.069513377577303789,0.9863034256472909,0.1495775480953466,-0.9932303684304834,-0.082416011437589157,0.081859857599234032,0.093066242887756473,-0.14287460801394952,0.98535553016138222,9.6824689301038269,11.657735707285562,-3.783663717709711,,0.2164406860060123,0.6440677966101694,1,3
