axis_00,axis_01,axis_02,axis_10,axis_11,axis_12,axis_20,axis_21,axis_22,location_x,location_y,location_z,dbh,dbh_approximation,score,reconstructed,number_clusters
-0.33915092696180316,0.93768459672641646,0.075658745713671358,-0.9221834518038573,-0.34727887528015106,0.17022063330652515,0.1858879500130951,-0.012040757707450594,0.98249717057799124,19.778618429663631,-2.3630730773421647,-2.2528198040980572,,0.3684159733100327,0.5072463768115942,1,5
-0.97886671822740112,0.20091519085586804,0.038118683477644112,-0.19421074912302028,-0.97170596424449407,0.13442359903214166,0.064047895139450237,0.12417972916313187,0.99019051802831282,5.5440960745597403,5.7029098548540347,-3.9554827489511601,,0.1397094121974467,0.5068493150684932,1,5
0.9718248611476934,-0.23543635137173852,0.011232261928490828,0.22702319266212503,0.94778311917960401,0.22398131393416762,-0.063379091574135751,-0.21512062534992704,0.97452871035198052,2.2867901814270049,-19.723780212921746,1.2013231045153667,0.3935609045134855,0.3891595753171534,0.8454545454545455,1,5
0.98577102043961884,-0.16758283388102663,-0.013095382767880968,0.15979168176430469,0.91005580355998938,0.38244614371923985,-0.052173879483591076,-0.37909685859313913,0.92388498099300542,-16.748307197303813,-27.714851518783444,2.1175623516413085,,0.5592510367840994,0.425,0,3
0.63996645423870091,0.75385002070788898,0.14883912028717536,-0.75753183115326472,0.58649660262795378,0.28664832093603765,0.1287962042869519,-0.29619568090129816,0.94640353780862985,-11.105887618591996,-2.8791385988666858,-2.3619474291615994,,0.1951114159712367,0.2,0,3
-0.97942044692764396,0.19748055162820707,0.041677570330731606,-0.19087323656273847,-0.97339859750635371,0.12673822602801385,0.065597223295799131,0.11617487723807614,0.99106024145588623,17.699270198952775,-12.285251484313788,-0.24394370041947439,,0.4088738275794583,0.6,1,5
-0.53024333500849907,-0.84516815220164998,-0.067326073575643922,0.83300744904187707,-0.53410967728769043,0.14431022995055892,-0.15792591782164356,0.020436416801574871,0.98723946302227183,24.511850826843055,-18.231984126065701,0.90038934664706993,,0.1717285336573801,0.3571428571428572,0,4
0.28221849105058222,-0.94270231076548205,-0.17794683640502049,0.9450375885518032,0.24126301949730522,0.22067195482715316,-0.1650959706756249,-0.23044415527512399,0.95897800379685982,8.3288455891674449,8.2575384215789498,-4.447975541300293,,0.7672529284465365,0.5447154471544715,0,3
-0.96710344654293334,-0.25064330829806841,0.043460967432610749,0.24979401082650307,-0.96799982947939045,-0.024068283758486093,0.048102763330060284,-0.012420230805813465,0.99876516860908937,-4.5953175622083098,12.383591728631409,-5.3933921957621447,,0.2399786290185238,0.1081081081081081,0,2
0.014445029188805528,-0.98289079147334324,-0.18362198443715719,0.98191031018684605,-0.020730154128252961,0.18820840432507438,-0.18879481952772525,-0.18301899558986742,0.96481115425391428,-8.258031420947237,-17.106874419277755,0.53395737782735386,,0.3636988017110206,0.3333333333333333,0,1
0.73435761323984938,0.67525702899043838,0.068897319800385867,-0.66444908990607443,0.69442317442829493,0.27619533258170326,0.13865894417476171,-0.24860490666102039,0.95862886331697972,-9.7335804285634531,-13.153054558404593,-0.24310805723453688,0.849283259964402,0.3252164780597893,0.8571428571428571,1,6
-0.77595652036625962,0.61704290818260765,0.1309562062776603,-0.61919810681513421,-0.78471713564038559,0.028508271587425166,0.1203544058921015,-0.058966655780184694,0.9909781786136671,-13.574235126636319,21.603569345934741,-7.6141350205838716,,0.4366781947148057,0.2682926829268293,0,3
-0.44013389815467852,-0.89469083334336674,-0.076226402424082546,0.87889109311053459,-0.44663502963694318,0.16753386747811744,-0.1839363970130318,0.0067426280156877216,0.98291502115966567,-8.8667454095029914,21.209035776676092,-7.4123174172106241,,0.3478808713162284,0.8307692307692308,0,4
0.067294369686914657,0.95640072872743387,0.28419907441453174,-0.98005873746521877,0.0099865764081224929,0.19845689559631757,0.18696614379754375,-0.29188681775866543,0.938000931072138,-13.122653867870573,-3.191217562860539,-2.307798742120553,,0.3206256095963452,0.1764705882352941,0,1
0.75941200805465481,-0.64014929355529593,-0.11619932866868031,0.64116312541902742,0.70602757236917824,0.3007239825111872,-0.11046831502879505,-0.30287612816981746,0.94660593826552719,9.2768131046514011,-4.7551498552238982,-1.7723705832990304,,0.1595850559348563,0.3846153846153846,1,2
-0.49576285826987726,-0.85628768101783637,-0.14488131590090345,0.85562919727255482,-0.51016313546900305,0.08736276084899515,-0.1487207622855819,-0.080653471999235893,0.98558467536770467,1.0273449083431265,5.4640917107991145,-3.9957842983840779,0.6624966628339366,0.2316553097630121,0.2325581395348837,1,2
-0.45361803567397019,-0.88861765439923524,-0.067744682457666641,0.87473719488626389,-0.45849395392847769,0.15690167014261291,-0.17048612141109593,0.011914633902577305,0.98528804108502654,-5.0758961317736908,9.0683320816339901,-4.745916259587089,,0.4987382826923011,0.2171052631578947,1,4
0.25765340691140526,-0.96203558995598126,-0.090012474496551739,0.94850411475099783,0.23405903497580643,0.21343924767160222,-0.18426791963706343,-0.14037055177009414,0.97280082339006479,-3.1280600078604102,18.235607534055251,-6.6973619416663208,0.2858024159269326,0.1775944723374857,0.275,1,5
-0.42934030142829271,0.90067826641353277,0.066675077651069753,-0.88534689875283012,-0.43431512498948732,0.16592540816316076,0.17840340366206159,0.012207891532905144,0.98388169662114988,2.2906124083055612,3.6503209635447704,-3.5676748290182281,0.1705657447600457,0.1221462579928076,0.4388489208633093,1,5
-0.45472562033768876,-0.88758956374131281,-0.073548463926931124,0.8800122776686603,-0.46048340168852664,0.11633326231899579,-0.13712403640836021,-0.011823836385457517,0.99048331411094936,5.5347123631908905,13.633405399304397,-5.5909976190380126,,0.1359780495452551,0.3684210526315789,0,5
-0.99875093686301442,0.045862116942417985,0.019830086858410922,-0.042653618376884202,-0.98927675527803416,0.13968597032603042,0.026023738290477896,0.13866566877250286,0.98999727138475746,-1.7912147985878959,10.846653872908337,-5.0655355336115599,0.3857767832284125,0.2031718465704296,0.8253275109170306,1,5
-0.99966820598432793,-0.021131597019342373,0.014728664280468533,0.020675031509026966,-0.99932121177532884,-0.030490306131430323,0.015362975498755618,-0.030175674032235516,0.9994265394117392,-11.010946703501453,5.7048280032412828,-4.0971133567198761,0.5910892478277013,0.2126680846794989,0.2024539877300613,1,2
-0.98292441525814789,0.18122751412783808,0.031877609892714244,-0.17661890134190064,-0.97778474044584751,0.11288385641900246,0.051627101198961217,0.1053261101260758,0.99309669868925754,-7.8630084868231158,18.544772064816257,-6.8611949596772979,,0.3616901359881126,0.1904761904761905,0,1
0.99353447864056743,0.11259256319812201,0.014565523158913025,-0.11285066595793658,0.96539905625760147,0.23509442649663626,0.012408341761335859,-0.23521814744914774,0.9718633937778115,-17.961213075783512,6.8839276492961741,-4.4934151580529988,0.4670415159364782,0.3464877027206924,0.9,1,5
-0.10750240734022343,-0.99306629185811313,-0.047566504929783468,0.97543935157941075,-0.11460426444344857,0.18810617736192478,-0.19225322833803449,-0.026176373823632866,0.98099617412457374,-7.903207778505962,7.9203533691951238,-4.5573982608842822,0.4698504096818779,0.4138088488887913,0.9386503067484663,1,5
0.76805976224287875,0.63817549076913604,0.053068301319952972,-0.63269151183804262,0.7434289643032117,0.21682902454041109,0.09892245686144642,-0.20011351282866127,0.97476608963990397,15.577412277870616,5.9187762157212349,-3.9262579248494527,,0.8281357023148821,0.9269662921348315,1,4
-0.10402968704897361,-0.99327451915803211,-0.050828671081129984,0.975750811113691,-0.11182327249905265,0.18816458311429662,-0.19258291415249432,-0.030021414340162721,0.98082135776987966,-8.7574214588177455,-6.5701071462164311,-1.54952697113717,0.3029594446885926,0.2104815823702505,0.7626728110599078,1,5
-0.097937936504924911,0.98125591625381492,0.16596682623357206,-0.97729514697020037,-0.1263151648716912,0.17011371147539173,0.1878892128400475,-0.14553798796302256,0.97134769148746303,-21.225011085095591,9.7712244259959764,-5.2645205089887908,,0.1908039129085433,0.25,0,2
0.68811255952734041,-0.71375500880750886,-0.13059438281536087,0.70972429614069921,0.62461519290194767,0.32580252341510674,-0.15097194735553074,-0.31687481471119638,0.93637483035023084,2.5107168070563963,18.350416206999974,-6.5897257598164991,,0.1268624133342464,0.5,0,4
-0.9032673322634116,-0.41058244350494688,-0.12462015708241533,0.42410301001168871,-0.89840953803500134,-0.11400411776229775,-0.06515184851379216,-0.15582797904497661,0.9856332368492825,-22.457803340015325,9.4367016256209677,-5.179851904036874,,0.4447209620236917,0.3043478260869565,0,1
0.75457193769123754,-0.65503345451539385,-0.039400054752741775,0.64394306276739532,0.72756372312052509,0.2366185975631343,-0.12632704683731039,-0.20391714558768112,0.9708034172646568,-19.793438546545634,16.943694643175341,-6.8721940002169797,0.4998401093010534,0.4521796980650573,0.35,1,5
0.79739013012651272,0.59832072658653523,0.078621170900613796,-0.58895297581598693,0.7431839362802769,0.31750910086554457,0.13154228466282761,-0.29948279581958254,0.94499030807398765,21.032483022028657,-12.661898325682825,-0.22417402488119811,,0.09084887680529102,0.1666666666666667,0,2
0.96670748749578905,-0.25498913020933056,-0.021381699994791309,0.25089791203894379,0.92814019330325814,0.27496548748795352,-0.050267995325819992,-0.2711758194420707,0.96121631467419677,0.33394949163059134,4.6255254498759228,-3.7789549798225566,0.2173419621096247,0.1990269344552806,0.6910569105691057,1,5
-0.76229771637917865,0.636961399470929,0.11481449031862091,-0.63293370217822698,-0.77071505220161984,0.073438661186172885,0.1352668483038344,-0.01668783670490712,0.99066866098411444,-16.823429461252445,10.317437126389558,-5.2161052990205192,,0.0808686850552498,0.5,0,1
-0.45159675598129567,0.87786364239116821,0.1594233212390265,-0.87731117721939889,-0.46943382448646681,0.099784681960317839,0.16243604376209961,-0.094801422962531898,0.98215437783028647,9.9310542827900719,-6.1607499786633158,-1.4717386607284522,,0.404310173996906,0.2488038277511962,0,4
0.99951237544627569,0.021105136268102162,0.023012704162006611,-0.028294684441716709,0.92388508198535091,0.38162254403698981,-0.013206898276539647,-0.38208759271667725,0.92403173610536105,-11.820554105729892,13.433652661995609,-5.7969518017830239,,0.3297000269639898,0.2857142857142857,0,5
-0.96102211668814852,-0.27124083953048705,-0.053524743876338009,0.27420490290302785,-0.9598499184044974,-0.059159152823722354,-0.035329342764505792,-0.07153000146565211,0.99681256835482979,-7.6838038285647583,19.661028069267893,-7.0494121012082651,,0.193690798493456,0.1333333333333333,0,1
0.29271961167975441,-0.95316008465199598,-0.076164834170726947,0.93711603175449953,0.27013264871444703,0.22100202516542081,-0.19007570062149989,-0.13606691414417241,0.97229472018957774,-7.2804760960288402,9.0093386804372138,-4.7865336307497675,0.1843184691544469,0.1642147653933423,0.2560975609756098,1,5
0.92232922059713318,0.38442111003819929,0.039105229697373491,-0.38058575209737167,0.88627738538873002,0.26394484546775132,0.066807889752359989,-0.2583269368562171,0.96374472738444683,-14.401396185412416,-12.272577073942799,-0.50857159820028364,,0.4328917361308393,0.7162162162162162,0,3
-0.88961178880532965,-0.45548939969144797,-0.033470464402317116,0.45076028156691539,-0.88744512322114433,0.096209780338194842,-0.073525735496473621,0.070502198829065429,0.99479817359099054,-9.7216228220964958,15.556194567895792,-6.184066681400223,,0.08549360854952072,0.2608695652173913,0,2
0.55047755488168781,-0.83420807972129141,-0.032731350402870452,0.81798057862239804,0.53109793745331513,0.2210039679042039,-0.16697974298712548,-0.14843133281268947,0.97472350175390965,-18.962930311244349,11.206250460113306,-5.5391384004282775,,0.06853423201802858,0.25,0,1
0.85641086665343591,-0.51489651169712403,-0.037973803075847995,0.50393900588848106,0.81765659677915359,0.27835798549289187,-0.11227602514356907,-0.25752528416771991,0.95972643091262999,-9.9184705460348574,-2.2544313223370831,-2.476083547978718,,0.0700231024945803,0.1818181818181818,0,2
-0.66549637173363785,-0.74201393903630453,-0.080807756343017692,0.73391543731085396,-0.67023719883036725,0.11022807346970184,-0.13595113124274755,0.014050323122680666,0.99061590858110427,-12.96283997537798,7.6635253597405217,-4.5974386624592576,0.5379627447164882,0.203941879992334,0.7553191489361702,1,5
-0.79051507271135757,-0.59095690213395435,-0.16079757347795209,0.59070020065390272,-0.80503898887335201,0.054639723107004989,-0.16173803746675178,-0.051789634233224538,0.98547381549303126,-20.138210839996841,15.753519642039373,-6.627952140056065,,0.2316399446958329,0.25,0,2
0.60789847502638528,-0.78046048502430465,-0.14608516480540387,0.77767052243035462,0.54808412157830977,0.30794862268994039,-0.16027477219916511,-0.3008076245532334,0.94012061481872988,-16.862204474414572,4.168174327678936,-3.8918164624164637,,0.2399909249189532,0.2692307692307692,0,1
0.60938418455759324,-0.76735133897198937,-0.1995566039723361,0.77756467105446891,0.52915667300820601,0.33968573378763112,-0.15506159401680394,-0.36216727901451989,0.91912499915527635,-11.76505236671132,16.905336508870068,-6.523063212963093,,0.2992473060673971,0.1956521739130435,0,4
-0.2264981987879349,-0.96082254644379839,-0.15974542306768832,0.95840436290710385,-0.24909343347836135,0.13933247488862044,-0.17366531923918491,-0.12154215582757609,0.97727573450400185,-9.0339235042553234,18.458200323440753,-6.8637067615340968,,0.1234256683230697,0.1578947368421053,0,2
0.16767458395541773,0.96494988615916544,0.20188350872914818,-0.96875387159522197,0.12331272767017631,0.21519736862659219,0.1827598702249649,-0.23165855994535464,0.95547534842056459,-11.398979011859572,5.1175879388780476,-3.979413860438735,,0.3012831780549067,0.3191489361702128,0,5
0.66163446310889662,0.74155542860632251,0.11106477178248741,-0.73640386570991756,0.6147220377285233,0.28253524186972045,0.14124157955110744,-0.26872358034862825,0.95280556965758922,-14.13838169323169,30.11387071033321,-9.4569547436523926,,0.2543088901285311,0.1428571428571428,0,2
-0.75797834200323744,0.64887680608974796,0.066541141955867175,-0.637975143436467,-0.75873516832006782,0.13156238334545842,0.13585488364885057,0.057269842614464189,0.98907209834049603,-9.693974155272306,-14.21009567620268,-0.038843063182489673,0.1211294487364902,0.19876412023598,0.3191489361702128,1,4
0.99079538728146421,0.13376303326651404,0.020783442282643495,-0.13518355691321621,0.96970151866736609,0.20348063945863662,0.0070644520003821654,-0.20441725862936802,0.97885835435592505,-6.6974962280823966,6.68149986242629,-4.3202610043415319,0.2389196402165246,0.2118972684527227,0.727027027027027,1,5
-0.84497657223467504,-0.5273624056502616,-0.088901549375186434,0.52910684943848763,-0.84854287558487851,0.0045749504285244914,-0.077849433214489061,-0.04317269276886692,0.99602991137177643,26.915563725278371,-0.66687927559663629,-2.6104437978525508,,0.5655792440126463,0.25,1,3
-0.98851254810313738,-0.15104272012904374,0.0053887789584401418,0.15087663681124205,-0.98407114431449638,0.094022462167754783,-0.0088984665629576899,0.093755424502146648,0.99555549200898463,-1.2966164795592123,20.247798889917366,-7.0340742937590228,,0.118858039775334,0.1818181818181818,0,4
-0.59490719286723048,0.79771495755480037,0.098672581643410792,-0.7873893757616246,-0.60303263020398912,0.12794380738034286,0.16156547531125356,-0.0015790511716077974,0.9868607317067829,-14.656607120103068,-11.380988507107396,-0.70909106387940157,0.824108136173395,0.4201401314227294,0.6029411764705882,1,2
-0.17788640996432234,-0.9822005004320713,-0.060320826428306377,0.96631141244153929,-0.18593789465202226,0.17795885343980605,-0.18600720237464446,-0.026632241425803602,0.98218737742927453,-13.877806841897828,16.300615995871699,-6.4174623741843391,,0.07463210622474584,0.1923076923076923,0,2
-0.21020445120636463,0.97551334259869671,0.064713268384075553,-0.95807684867760334,-0.21872391741417391,0.1850637727352126,0.19468651910449258,-0.023099055455058408,0.98059349014566732,-17.494711709674519,22.427954625640371,-7.962969767537337,,0.1669254841760608,0.3103448275862069,0,2
-0.14566792017139246,-0.98186686935342082,-0.12131903353989219,0.97095401001343651,-0.16541000816302331,0.17288099848837107,-0.18981350708463399,-0.092611986619558176,0.97744250596268378,-14.798816894182908,14.898711958256195,-6.1698822328648895,,0.1851834183646605,0.5833333333333334,0,6
-0.91384975814413028,-0.40430580898883217,-0.037622232227775616,0.40504604020114632,-0.91418287625962413,-0.014400488569912166,-0.028571399288202633,-0.028398619184159948,0.99918826733061039,-17.026744421719929,18.335497170134449,-7.0027757979505534,,0.2464469290490157,0.24,0,2
-0.32723034150500219,-0.91893579054051888,-0.22017564911268367,0.93157354142202142,-0.35277923536399064,0.08784957608566861,-0.15840151678867617,-0.17636276239521215,0.97149633839730842,-18.578930559502989,4.4059038419131529,-3.9762322185972825,,0.308689601899106,0.1875,0,4
-0.22915120733718461,-0.96386392466350623,-0.13585307839049623,0.9572883250740839,-0.24843589903432414,0.14791438992830702,-0.17632012605702957,-0.096155804833981631,0.97962506825007489,11.575802294827136,-7.1859469825215054,-1.2920764113046217,,0.4018513085468369,0.35,0,5
-0.99315200438897377,-0.11442401636459038,-0.023584754761484247,0.11380330950829377,-0.9931585721910704,0.02616977700236205,-0.026417852356368187,0.023306543338509868,0.99937925839717479,1.666908956152015,5.023084434408073,-3.8882076559186243,,0.1480006571748489,0.1428571428571428,0,5
0.9050908755100624,0.42206456671200815,0.051691475067301783,-0.4201239744259414,0.86885476305487375,0.26189167002676833,0.065622809913774713,-0.25875258886253438,0.96371196141583548,-0.17324971187834282,-4.2604601794361949,-1.8868191881442318,0.7436762110496212,0.5588063160426225,0.9713687150837989,1,5
-0.65597221597360622,-0.75463061699858258,-0.015267080893717524,0.74384623082945445,-0.64976437327849856,0.15652170488086786,-0.12803607597661779,0.09131752902010952,0.98755651592309979,5.5906320071738467,11.88676983725715,-5.244241844900249,,0.07399706989508104,0.3235294117647059,0,5
-0.8385117738646134,-0.54441627285909289,-0.022559409048860352,0.53716728546752335,-0.83287164280466097,0.13332716915661996,-0.091374572578327401,0.099678224593336945,0.99081529006573643,-5.1377682518613392,13.619098747229005,-5.7085890009152225,,0.2301693880454395,0.3243243243243243,1,6
-0.98795959646654241,0.14598643211115683,0.051223016204836082,-0.14053748390766502,-0.98526979997275965,0.097430164110199308,0.064691972968592804,0.089058311802392265,0.99392331984531812,-14.93096082449944,6.5429797987979352,-4.3302523948685065,0.5196542012571194,0.2974715605342109,0.1111111111111111,1,4
0.014766686174181993,0.99250478499291039,0.12131033239427325,-0.97993275535322799,-0.0097543706099627453,0.19908954578237609,0.19878063277206498,-0.12181586111906501,0.97244390892974242,-17.470523807870471,9.602456023949415,-5.1088533394327769,,0.1669752985067404,0.3333333333333333,0,5
-0.2908665731588651,-0.95131303922654054,-0.10198106695059905,0.93968827282626566,-0.30409578179721986,0.15656214550755398,-0.17995162275347593,-0.050291717913606308,0.98238900471131629,0.96470379779856075,29.530200093073617,-8.9510671175323004,,0.3841233652346231,0.4285714285714285,0,5
-0.19687822398277149,-0.98016129046809908,-0.022865029833814013,0.96376860387446017,-0.19776119200395925,0.17899885229533707,-0.17996956161324729,0.013204378254377577,0.98358355074068438,-15.0711556560366,5.3224538617088122,-4.11588900434705,,0.07629548037709324,0.2574257425742574,0,5
-0.9577408589552785,-0.28761329038434452,-0.0033229929126346006,0.28744026928660499,-0.95745924287730433,0.025492936693596212,-0.010513737682222716,0.023460465108572023,0.99966947932646233,-6.4978823240063743,21.912009553570382,-7.5286412960398899,,0.4428085743522936,0.5,1,5
-0.022961322623597492,0.9980917562473054,0.057320360907312955,-0.98112506880382866,-0.033508470984719374,0.19044889534189596,0.19200619007744851,-0.051865484509794724,0.98002224183357556,10.224660721185469,3.2473833312793374,-3.428333490496831,,0.1065639395917201,0.58,1,5
0.26732197346699882,-0.96309500219823174,-0.031416225783757197,0.94603815968754412,0.25611113117234297,0.19854190717484929,-0.18316867340435891,-0.082795562866676484,0.97958875649574351,-6.3853006600749245,-8.3608079275959621,-1.1558461839914937,,0.09556956363126512,0.391304347826087,0,5
-0.17093628370476058,0.97582974872047634,0.13615097658606043,-0.967032072142606,-0.19263376146713393,0.16655691336777664,0.18875846566653207,-0.10319174121583408,0.97658676326482208,-0.88824126056957686,10.181138135898948,-4.9249248299738539,,0.8312082009478016,0.8153153153153153,1,1
0.36546397770443562,0.92684970882084428,0.085940085287181403,-0.91532506300162497,0.34106421819673782,0.21413833871336274,0.16916296888362606,-0.15692296302505968,0.97301545395431066,-18.853019092770584,13.593755808056613,-5.9995439358767904,,0.7519236967344192,0.3333333333333333,0,1
0.82072175499330757,-0.57132278478219534,0.0024650495785745359,0.55821339485249355,0.80279395509885931,0.20957020652751826,-0.12171116090138005,-0.17062280400183868,0.97779049497660331,3.0077548820632698,-6.3120981790500208,-1.4836997158715528,,0.6748378814706408,0.9955555555555555,1,5
-0.83240683491239376,0.53840022463280679,0.13124046367821943,-0.54190278636466604,-0.8403758727695736,0.010476764624072555,0.11593201163329286,-0.062398642470171573,0.99129520229674173,-6.0468897784392164,25.70064290026178,-8.2762579935788665,,0.5007300011211782,0.1904761904761905,0,3
0.48227401882233634,-0.8753334233404868,-0.03468672299277481,0.85687602287643871,0.4631318511385093,0.22643402986405306,-0.18214074829211102,-0.13892547082533935,0.97340868157601135,-10.578316083360397,11.126390468816192,-5.2782594539281718,,0.1180807687393686,0.2419354838709677,1,6
0.64648102922046713,-0.76195156363233485,-0.038627626593988364,0.74546702912620555,0.62010252384284625,0.24444174849947381,-0.16229968374520487,-0.18682257519360743,0.9688942863151967,-0.9436154658860284,11.792343377817613,-5.2548389006869387,,0.4319806634355575,0.8246268656716418,1,5
-0.6847640931229303,0.72777229376674513,0.038021378131548662,-0.71332845652351007,-0.68002816733486859,0.16948216645112679,0.14920003312103688,0.088933571032940958,0.98479955831631616,16.908009872346952,4.0175623740099473,-3.5395164917345392,,0.2842080261316117,0.7857142857142857,1,5
-0.66798559472682495,0.74215699162405857,0.054756232713521348,-0.72713277507527352,-0.66657593825645178,0.16417809217085746,0.15834510617250511,0.0698535490942154,0.98490979740794571,1.6411952294707521,-4.6204457059850963,-1.8505539155616295,,0.09981566388870719,0.4912280701754386,1,5
0.49319151178967929,-0.86364673405120451,-0.10429022706514403,0.85249512219737511,0.45595127799310692,0.2556569942836206,-0.1732460658378526,-0.2149947693762361,0.96112592817620235,0.23824686076303775,-5.6133128011452653,-1.6654718560174062,,0.09599794422966854,0.1923076923076923,0,2
0.061650201890849111,-0.98098734509824626,-0.184019241830607,0.97927136344749988,0.023809782825063783,0.20114843020390988,-0.19294260633279381,-0.19260561518013225,0.96212069287724566,-16.451331945906109,-14.156221698496351,-0.1082177913869919,,0.1828973448555608,0.3157894736842105,0,2
0.00065918657928626075,0.99634161504011398,0.085457308712073438,-0.98073890348703729,-0.016047593200785994,0.1946629855404082,0.19532221752810602,-0.083939626468784223,0.97714040467487795,3.0752965077149392,17.191811254359436,-6.3092364070494247,,0.5706999391081693,0.8450704225352113,1,5
0.677633394838284,-0.73531698175711047,-0.011041672860387609,0.7197710852538316,0.6600785133762499,0.21500218838774951,-0.15080638922958212,-0.15364013967258988,0.97655114584384317,-5.80366922851689,10.546709116590453,-5.0642879667683971,,0.08268007177486961,0.2258064516129032,0,3
-0.24336349102252333,-0.96890764016580755,-0.044634023632832934,0.95329749457075685,-0.24742237170790932,0.17322256441800626,-0.1788801220998224,-0.00039345490115167358,0.98387079797643828,13.498180421312815,1.6517632730947069,-3.0618155765580126,,0.4998898597474181,0.8978494623655914,1,5
0.31013058018199546,0.94188109003241427,0.12914734017908133,-0.93635082299961481,0.27911202425145976,0.212940400549538,0.16451796103746233,-0.18696654823150863,0.96849230783650142,3.7988198789450998,-21.202823022460244,1.5055110629311681,,0.4013617363258571,0.1875,0,3
-0.88971606015993598,-0.45373770288132476,-0.050273544508614348,0.45036279483049169,-0.89040617666266431,0.06595599740315293,-0.07469059730614877,0.036040776142517522,0.99655525543197854,-21.28956769921917,12.223377586064343,-5.8150633461740213,,0.2945641601774009,0.5454545454545454,0,2
0.5491720082193311,-0.81638136617703738,-0.17869406914405517,0.81882922024923344,0.48287618691694212,0.31040183017273881,-0.16711915944731956,-0.3167839217313082,0.93365900278321812,-21.058003999008648,10.923436121446153,-5.5391437827767236,,0.3287806266150693,0.1333333333333333,0,1
-0.35853886628152837,-0.92791428853288649,-0.10210266647870558,0.91780241053723111,-0.37037213119945755,0.14304971039053993,-0.17055385242673904,-0.042421192431109853,0.98443477480995123,-4.0377444922024264,-7.2988225132698386,-1.3172368203878049,,0.1125044580164033,0.304,0,4
-0.71940463471960547,0.65024553585121592,0.24420834271071912,-0.67961536693357083,-0.73156875088061835,-0.054130543713499776,0.14345704782860444,-0.20490950646696865,0.96821080844399021,-10.073057600825436,13.995900089762898,-5.8296914574027019,,0.524096901355134,0.2857142857142857,0,1
-0.69820834607597504,-0.69708497788067969,-0.16302649810059633,0.7052776732518875,-0.70885438522656941,0.010433798803209814,-0.12283529249468564,-0.10769398385311341,0.9865665191762748,-14.941691810352143,-9.9012010681457472,-0.94338604707147922,,0.2205248085649749,0.3333333333333333,0,1
0.38549324215235697,0.89969078836844329,0.2048205204070937,-0.90741995500329287,0.32940345914795149,0.2609260170300865,0.16728414604105613,-0.28644344367838537,0.9433801821413158,-15.337173955588533,-16.211100617862371,0.23976457177609475,,0.4192915762955923,0.6666666666666666,0,1
0.41973167929595273,-0.87835768074638298,-0.22872057640106272,0.88993525714891897,0.34871925876452692,0.29395597740138885,-0.17843922068504608,-0.32692914100849685,0.92804998856783572,-18.305122653103016,8.2389263165692732,-4.8016511675434961,,0.481434651356425,0.25,0,1
-0.45731757200280693,-0.88136784274460023,-0.11853844993582795,0.87128024073721844,-0.47075068404961357,0.13879674192039479,-0.17813304139982908,-0.039806020179769759,0.98320094605278752,-7.8044557981887888,14.596665420836471,-5.9195870655800737,,0.1533045284316343,0.2380952380952381,0,3
0.48353084987141903,-0.86666113349442231,-0.12286739564582411,0.86070157348616605,0.44519188646253222,0.24697567820813926,-0.15934465356911676,-0.2251725203440598,0.96120061249504185,-13.471687105876134,9.3535525504440127,-5.0064313927352089,,0.1570527530565426,0.1944444444444444,0,3
0.12801282446478093,-0.98901056226304129,-0.07396502217056676,0.97355134291093059,0.11108089901927069,0.19964672947332249,-0.18923662301170105,-0.097566088397628023,0.97707234067182247,-18.605610254884354,12.145646406588327,-5.7124259856399027,,0.194487040403052,0.4482758620689655,0,1
-0.37630549781546441,-0.89865541935381399,-0.22541652463800244,0.91110763770697467,-0.40309439806085118,0.086010341029292225,-0.16815779739836778,-0.17301255306474081,0.97045845436893852,-1.3802300839084101,36.34442991331111,-10.399562176642647,,0.233935319019769,0.3636363636363636,0,1
0.71935824128341608,0.68175903877288202,0.133147789125868,-0.67895251620834163,0.64957070763032942,0.34217156007329863,0.1467896502890855,-0.33654495812611668,0.93015605665280665,-10.867372423709801,-13.693524706281019,-0.13511902808258303,,0.3956793930751532,0.1481481481481481,0,3
-0.75860677487379569,-0.64909765979234291,-0.056462280928800831,0.64456933710622566,-0.76030746891780743,0.080392302929064421,-0.095111149598875511,0.024592290659912069,0.99516284519774934,-6.6889860137267894,13.275121681269464,-5.6429112702090496,,0.1545054686144575,0.3157894736842105,0,3
-0.20824090767247425,0.97065814329924049,0.1202434747444336,-0.95746087824497716,-0.22741384234723286,0.17762773133501578,0.1997608345049168,-0.078139062931027112,0.97672406330660277,-20.739153494761204,6.7905005832911254,-4.5514982300268958,,0.2751300835190256,0.1764705882352941,0,3
0.68655593161207817,-0.72584430002262024,-0.042320265747551676,0.7116428966125542,0.65891337994661781,0.24371611647204733,-0.14901456462092627,-0.19744166189534501,0.96892282957872333,-17.815190010571349,10.811664992188724,-5.4354346232228643,,0.075166490898431,0.1052631578947368,0,1
0.13304811038776787,0.97939520875724662,0.15193164708378773,-0.96229734631128683,0.090959920653686521,0.25633983326227155,0.23723831394717509,-0.18030895124209267,0.95457145594108239,-1.0355941925117709,-6.3282437157565035,-1.540158242959319,0.8184717549449106,0.581964731388202,0.2191780821917808,1,3
-0.98819923885784,0.1488321393941584,0.036211304921884013,-0.15023129963694151,-0.98785807890773392,-0.039585004056063501,0.029880109273284126,-0.044557942278350721,0.9985598474051206,5.7328967314848001,17.618162956681775,-6.3990047515398274,,0.472894035054617,0.2380952380952381,0,3
0.74771659180384376,-0.66398093838985306,-0.0070151119858470889,0.64959464313602722,0.72924438540750547,0.21501029268527255,-0.13764700487196041,-0.16532374241638448,0.97658658717147018,-7.9131048811067508,-2.7591102096461357,-2.3431653835509878,,0.09234410619673961,0.4246031746031746,0,2
-0.76716246534893784,-0.63927644321621879,-0.052795652364195034,0.63237079050618328,-0.7675356254728074,0.10486299130127547,-0.10755898416368992,0.047060522509715014,0.9930842724294795,0.82198043252368724,-6.175927816316138,-1.5707819143659765,,0.07455080450929695,0.1886792452830189,0,4
-0.12346757779262806,-0.98888313849351595,-0.082860700197590606,0.97610021825934179,-0.13607014275124246,0.16944993409771997,-0.17884104995242683,-0.059958774627824105,0.98204929825189713,0.011552800017913128,25.813769486666832,-8.2047905105590182,,0.2475899085454195,0.3333333333333333,0,2
0.12629844341566038,-0.98872797389251121,-0.080409556852357719,0.97492757240532602,0.1087469224868553,0.19413998921782419,-0.1832073463446274,-0.10291307250320136,0.97767273039259539,-6.4236686073933171,16.138800395447078,-6.2860655783391231,,0.153094961737027,0.25,0,4
-0.091300123383555226,-0.95364079077065311,-0.28676389181427947,0.98024181904185959,-0.13680650935277058,0.14286341449166501,-0.17547154661555406,-0.26805451157746729,0.94728903464112368,6.0029344131310438,10.110345044624875,-4.8271239122058844,,0.4820033989734117,0.4833333333333333,0,2
0.99967103337780483,-0.018904527866268808,0.017333316229284662,0.011840038656668545,0.93963984872948436,0.34196018505703185,-0.022751670487230487,-0.34164246443582558,0.93955456892309119,-14.992561047068431,12.01992131060303,-5.5463681421769255,,0.6685398258831017,0.1911764705882353,0,2
0.97742516487895981,-0.20418445844554359,-0.054302430798597687,0.20918013494280538,0.89903268334150599,0.38468676274220653,-0.029727398248857062,-0.38736151230222787,0.92144850131750888,8.686714732760489,9.7856032189257256,-4.7466267889980767,,0.2738823699148986,0.2291666666666667,0,2
-0.88179864614162573,-0.45614945796813711,-0.11982829239445567,0.46523518834692679,-0.88299032578124736,-0.062324185518354384,-0.077378079496687902,-0.11070572059338959,0.99083645282221189,-15.400102276663901,9.4338181870192592,-5.0604968786719855,,0.2647271257710194,0.375,0,3
-0.012094548458554191,-0.99502899430698599,-0.098848481961092069,0.97568663000324907,-0.033378346538236868,0.21661367919703728,-0.21883629025024004,-0.093825297605720559,0.9712401822405784,29.562154515975188,-24.094372884392328,2.0472002177990207,,0.5609232082121404,0.75,1,3
-0.93685144745256499,-0.34905572661247131,-0.021667143906688592,0.34619423366310142,-0.93438927712954301,0.084060878913720369,-0.049587478101344173,0.071251515804009513,0.99622502654329026,-14.397610526521676,8.9638953450630741,-4.9438843729014632,,0.408811760168025,0.3157894736842105,0,1
-0.43993504226089802,0.87404766658454802,0.20615003063062692,-0.88309761363168882,-0.46275461973941828,0.077438793300530634,0.16308207562119714,-0.1479825612967044,0.97545138175264745,13.724226528812283,7.3342755225744041,-4.213674235768722,,0.5908821607627225,0.1818181818181818,0,3
-0.99657210404823582,-0.082308394692450326,0.0083288412173196762,0.082723765638024457,-0.99034731491527661,0.11121589112517306,-0.00090555592687507338,0.11152364773111112,0.99376136771621892,15.170480125301593,-32.099075878008911,3.7240057276737639,,0.2670036642711291,0.2631578947368421,0,2
0.41416896516007512,-0.90088045895358815,-0.12991715427072975,0.89246069487414459,0.37389639140201858,0.25241908921733031,-0.17882386977970999,-0.22049010674431732,0.95885668190031859,-2.399478681999601,-5.9133980817381611,-1.6190214488563679,0.9737035151573105,0.8610491305820633,0.926,1,1
-0.54885748024114256,0.82543542313009455,0.13195388825413756,-0.81890489595768345,-0.56263057052095211,0.11332083873587974,0.16778032590229147,-0.045860695124578528,0.98475710654090309,27.929486122325443,-3.6720968241018266,-2.0539433265842217,,0.2208238302656673,0.375,0,3
-0.99761920248273583,0.062446374332572968,0.029263922676689886,-0.062139070159474057,-0.99800357155332931,0.011296332436463581,0.029910914352909587,0.0094510052118963305,0.99950788676381086,-15.581445026433789,-12.174418510419098,-0.51494824149566698,,0.4559596375950268,0.5,0,1
0.29664618659382808,0.95085738876278791,0.088720156754560034,-0.93834245372217051,0.27294563147717238,0.21216531714723075,0.17752318023851729,-0.14618792184288557,0.97319813603667737,-5.4017207317235645,-11.907033305469849,-0.38328988245247098,,0.5436909681301917,0.2631578947368421,0,2
-0.83240724838052871,0.55081150491099029,0.060867552121361974,-0.5421270001187618,-0.83216767256223612,0.11659880138570103,0.11487597044547007,0.064059743989812762,0.99131219129705606,29.074056152711414,7.3368230205227221,-4.2749774709713266,,0.1754380125305666,0.3076923076923077,0,2
-0.60793939387066376,0.76407491042766773,0.21586853553753499,-0.77763960623560036,-0.6278765990240186,0.032366946284296608,0.1602695735125941,-0.1481907812685451,0.97588583151570985,24.17347505806999,-2.3385233646271444,-2.3069346414265977,,0.2003714796134395,0.2857142857142857,0,1
0.18982788397556313,-0.98004023102578308,-0.059046761437774847,0.96664584595019409,0.17602464756152211,0.18604067285965983,-0.17193365863783955,-0.092393013922976414,0.98076620455929042,-8.9881380331936391,3.9915680680724606,-3.7267334153274523,0.6265019990759118,0.3522188423471618,0.3675889328063241,1,2
0.93724063118081091,0.34646918923720821,0.039231367209261112,-0.34494331325200844,0.9048656910817352,0.2494638084891295,0.050932405269365412,-0.24734021511368925,0.96758912151852572,-5.79746578159605,14.018179132496355,-5.7795942713483983,,0.09246512708913128,0.2903225806451613,0,2
0.95760878792494442,0.2768729685028844,0.079540986926998639,-0.28555155036705138,0.8758845012651636,0.38895584907088099,0.038022642884121556,-0.39518059131981359,0.9178162010295039,9.8994124152456049,17.106321119091671,-6.2138570092840464,,0.4998603468685421,0.3023255813953488,0,2
0.29443199908602669,-0.95332589792845068,-0.066929292937532275,0.93820540780234063,0.27501230600582793,0.21009246610909113,-0.18188020971136168,-0.12465136936379281,0.97538793586504946,30.448002736837651,-7.9063343046265171,-1.202174534121365,,0.1218480594419413,0.4736842105263158,0,2
-0.34805570034162275,-0.9075768697940968,-0.23486475868987314,0.92265502811368061,-0.37599835682841531,0.085632556652686209,-0.16602689106360505,-0.18689425105412333,0.96824873372841203,-4.4280747611956324,18.537409098380024,-6.7872621254881293,,0.1695355271021037,0.2941176470588235,0,2
0.45712671008115313,-0.878279329641238,-0.14021622607714992,0.87188484168958358,0.41138502600646837,0.26566742971163432,-0.17564735626336775,-0.24369608019538205,0.95381351779847168,30.439367986504639,-2.7519772921559005,-2.2269579511061801,,0.1404048613376876,0.4117647058823529,0,1
0.52868608775476511,0.82458820910539921,0.20135865022121738,-0.83027083835857152,0.45305434241700776,0.3246414911690218,0.17646913493842012,-0.33881565521894402,0.92415507150728915,14.766132296554208,24.214938687805745,-7.6314150613159919,,0.7489529079742754,0.7796610169491526,0,2
-0.79470442354989601,0.60258438744288978,0.073054330469215112,-0.59370149054751464,-0.79669944964862349,0.11308636987382627,0.12634642579783195,0.046497773491405665,0.99089582588103353,20.292339693053762,3.8406918813175022,-3.5235582536416903,,0.4926404823962749,0.2794117647058824,0,2
0.75646432286090293,0.62485108748063733,0.19319121800138797,-0.64469229506291248,0.66263778069269097,0.38116009272375095,0.11015249849689877,-0.41288290116318566,0.90409852173419747,-7.3350391892865883,-15.66554359883223,0.2881325341537776,,0.4313154268066071,0.1538461538461539,0,1
-0.24570783267732571,-0.94375279042294524,-0.22126529671395556,0.95276534305013105,-0.27716555543151178,0.12416704862767296,-0.17851011748238965,-0.1803050899205153,0.96727669903972047,38.076394544039999,2.6613284265713522,-3.2513048464720411,,0.6520046128669447,0.1379310344827586,0,1
0.86952002128077044,-0.49121371592648405,-0.051420014367795808,0.48190016372277222,0.8209797816585086,0.30620978154185891,-0.10819965247566306,-0.29103484910512534,0.95057432734663283,-0.53474544468364593,36.050653599237812,-10.321879786008846,,0.5980069548680232,0.6363636363636364,0,1
-0.28690415597554819,-0.91634727041268882,-0.27927349550427122,0.94171878409469911,-0.32324229641593138,0.093167319865700121,-0.17564662526550492,-0.23626700534558606,0.95568099553034402,-7.8820186562586709,10.726526598601337,-5.129621696407149,,0.4921353355321995,0.2727272727272727,0,1
-0.99059089846282822,0.12863832720613644,0.04671030567459402,-0.12998779693008369,-0.99114541685740687,-0.027091240130717589,0.042811733577027146,-0.032908105630131121,0.99854104174639036,28.984480802859277,-0.54016611542224235,-2.6883367022096376,,0.1860008146910969,0.2,0,1
-0.57640395594483695,0.81305969449311677,0.081807168157209953,-0.80051953422933486,-0.58192931332871167,0.14327159385594421,0.16409434752114752,0.017094077323257593,0.98629652621920749,32.185509268051646,-30.259368590179118,3.3878236249938882,,0.1252369120113049,0.3636363636363636,0,1
0.72041348208952805,-0.69307170557097542,-0.025612999835661739,0.6785838682239238,0.69676272378463333,0.23247718281688681,-0.14327717407144408,-0.1848602652847792,0.97226453895477638,23.712669586507165,-16.777159491039551,0.6084625337061238,,0.1187940484591529,0.4347826086956522,0,1
-0.10008099966017098,0.97393020491402305,0.20357737954681845,-0.97679481101665544,-0.13511195983903437,0.16618259680059957,0.18935598928461805,-0.18222160756777347,0.96485211045914177,19.385324615071845,-7.3293551109535642,-1.2762894984933324,,0.2486496633408588,0.1379310344827586,0,1
0.99966213822795036,-0.02310153187953037,0.011913379803450912,0.015362982708918045,0.89484946947925348,0.44610358184505056,-0.020966357714389056,-0.44576983545044552,0.89490204248659266,-7.7974976416585129,-11.239755967707302,-0.57728341034401487,,0.2012375641620814,0.1818181818181818,0,1
0.80228246057866615,-0.5883886275813901,-0.10070589049668126,0.58339256041227983,0.73708766727978858,0.34110832766094124,-0.12647519086147174,-0.33241629574515147,0.93461405532959263,-6.8486573224275711,23.995784652751023,-8.012331582705368,,0.3544894580271644,0.4583333333333333,0,1
