axis_00,axis_01,axis_02,axis_10,axis_11,axis_12,axis_20,axis_21,axis_22,location_x,location_y,location_z,dbh,dbh_approximation,score,reconstructed,number_clusters
0.39649832524908557,0.91315326811268227,0.094552562153534817,-0.91759481880023042,0.39100975397464632,0.071631842135037288,0.02843987668121498,-0.11516284657741938,0.99293942019769932,6.0453846928945447,14.167990156996769,-1.7078370335718038,,0.7291115017844998,0.5111111111111111,1,3
-0.82229736081948901,0.5609877075918478,0.095497865526661507,-0.56867699881152023,-0.8039525681450177,-0.17397338645825797,-0.020821177008681652,-0.19736529609806239,0.9801088809331846,-13.494690190007955,16.584876335599425,-2.6109428457513166,,0.3282535671358963,0.1785714285714286,0,5
-0.64999591088506625,0.75001182653629339,0.12242375540877067,-0.7599079555172914,-0.64005547036136146,-0.11344114774643006,-0.0067242080741085749,-0.16676706784071599,0.98597339219148672,-27.28541486135224,5.9333062832735699,-3.9050013890977899,,0.6453286322176163,0.3684210526315789,0,1
-0.81987973133174707,0.55975666025433879,0.12029009706659516,-0.57253472847474807,-0.80117455167441876,-0.1741359309265052,-0.0011003825374990947,-0.21164077832545095,0.97734690366730526,-19.273892649503111,17.757519501343467,-2.9177744150474956,,0.1839075180641147,0.1764705882352941,0,2
0.49137650906410058,0.87086267036500276,-0.012138191987064135,-0.8703710890039601,0.4915106064323711,0.02952102963217542,0.031674812801955117,-0.0039412091063160803,0.99949045673520165,10.022197091060352,-4.8580880854197694,-1.5300176049674219,,0.09811826391428193,0.5454545454545454,0,4
-0.4327398881327606,-0.87090894870437763,-0.23292443471109384,0.9010043419151309,-0.42653572675596041,-0.079110363738564005,-0.03045266932354395,-0.24410013696719107,0.96927176687638583,-8.7811433241890118,-5.0808399666040893,-2.5638220301108383,,0.4919581565576717,0.1509433962264151,0,1
-0.37888416940128772,-0.87401250638572159,-0.30421854785408076,0.92465986577816073,-0.37105471874397422,-0.085571772898216311,-0.038090928004056432,-0.31372047172471762,0.94875104575679414,-18.835601614210482,14.833959415579447,-2.9069506795992397,,0.4803138703468844,0.4814814814814815,0,5
-0.94352788795467546,0.33127084778431304,0.0038405806919831835,-0.33017451972876533,-0.93932710178977763,-0.093002055703599998,-0.027201308308025168,-0.089018095078915949,0.99565850951762214,-0.9448663372049253,-16.223997653829578,-2.2718221683656417,,0.2212259264158826,0.2352941176470588,0,5
0.47802878074412103,-0.86368163978861134,-0.15982024237356379,0.87788639927941681,0.47567767253175081,0.055192588406390949,0.028354095656707469,-0.16668766285131076,0.98560198270532029,10.908707158790447,-9.654690084489058,-1.5133866825952251,,0.1393722206037118,0.3333333333333333,1,5
0.98488851909039199,-0.15456980207164017,-0.07812029986801261,0.17083418058668787,0.94118633082912095,0.29152010806064699,0.028465552993208094,-0.30046042492806002,0.95336941703876821,8.3637115119095249,-2.479132198607406,-1.6060959929567016,0.8343995799865627,0.7764369866905422,0.8277027027027027,1,2
-0.97510836286597324,-0.21238833111579189,-0.063677919836395952,0.21892063718562726,-0.96776385917767793,-0.12452657340409938,-0.035177198340412531,-0.13536731391061999,0.99017082114226307,-27.083295707487377,-5.8474048188012411,-4.4878861093957827,,0.1619014872063756,0.125,0,1
0.99953057996760408,-0.010543181188002335,-0.028765622539083133,0.016718824034880616,0.9745005118438792,0.22376155464893258,0.025672955274271572,-0.22413744387418522,0.97421933137309036,-1.634743070365104,-3.7373552995571568,-2.0698651417016478,,0.2323859763135473,0.2985685071574642,0,5
0.99554436747044073,0.087887990793441964,-0.034163042490006013,-0.08537900365732401,0.99395472753590874,0.069024816866851024,0.04002297005926439,-0.065800461117772616,0.99702981960637782,2.9743585306445435,14.24561750879079,-1.8265925876766953,,0.08252639795174052,0.1818181818181818,0,5
0.14030987198300263,0.97193781419213132,0.18881214253202755,-0.98986463051895468,0.13347638338634091,0.048498127032651786,0.02193520165592654,-0.19370322770032453,0.98081491959838674,-3.8792110233240211,10.711014963190594,-2.1309668603003797,,0.1023333439249098,0.3846153846153846,0,5
-0.7057672232440223,-0.68654182919463125,-0.1747940026445729,0.70754884002091667,-0.69548191342276811,-0.1252179982544811,-0.035598673844350393,-0.21205005274202074,0.97661021372532686,-9.308367845096555,-14.327918658870358,-2.8759320950042739,,0.4180543819494249,0.1111111111111111,0,1
-0.057086477106164372,-0.98271511869365291,-0.17610261106107,0.99819808606616989,-0.059447740890735255,0.0081576391696811124,-0.018485537737433565,-0.17531959843071496,0.98433801272766575,4.8427757241856,-4.8088910682209471,-1.7914807453906751,,0.07370876632903403,0.1481481481481481,0,4
-0.43726122020987568,-0.87507673614674875,-0.20746886791835836,0.89820616700651235,-0.43648565185128008,-0.05201881659008966,-0.045036727812319752,-0.20909562784218522,0.97685756974353377,-4.7640736154493784,33.902275030002016,-2.2529746283840089,,0.5094102382873286,0.3125,0,2
0.49818431262143215,-0.85576442675530051,-0.13956946857419511,0.86706802669775151,0.4912536400214339,0.082842611282834891,-0.0023297502824369057,-0.16228711306158483,0.98674082980170563,7.2557390469502074,-5.828428311873048,-1.6780420663726405,,0.08317457918555936,0.5416666666666666,0,5
-0.43038043191678044,-0.89637458655096391,-0.10623221925910785,0.90202236012177661,-0.43147309930003036,-0.013661128092752403,-0.033590856843286956,-0.10170331934610376,0.99424749895110098,-8.723671463905994,15.484597750257928,-2.3702401791336687,,0.1222900133668564,0.2777777777777778,0,5
-0.7977234386276536,-0.59512405422333869,-0.097286564071556753,0.60205736325410342,-0.79514085703773751,-0.072649492915017877,-0.034121061173259241,-0.11652629554769627,0.99260131756427883,-22.872746120528372,0.70899830654099005,-3.7392476457249724,,0.09258546167977619,0.3076923076923077,0,2
-0.76393770801566929,-0.62798116515595392,-0.14845482303089669,0.64303677448988006,-0.76005914849553535,-0.093881827005504098,-0.053878427273032589,-0.16718177830616232,0.98445282674030266,-19.092956351509002,7.9947353256696694,-3.0203936485162335,,0.2992294419967048,0.3076923076923077,0,3
0.26178823797185458,-0.95682280254556973,-0.12632118978395077,0.96502945084028602,0.25766545292785892,0.048235602809305014,-0.013604318082406485,-0.13453118187365581,0.99081596860021903,5.5817836026743635,-12.397343075017233,-1.8603645613022857,,0.24183921922778,0.4615384615384616,0,5
-0.19106470570331455,0.97097884655672873,0.14385533627179303,-0.9815038350118751,-0.19078228702182751,-0.015885238924971911,0.012020819085579473,-0.14422967273791437,0.98947122313406688,-6.964618019138916,-14.021087963641063,-2.6984005479151052,,0.2340316318741992,0.2068965517241379,0,1
-0.86713107815616286,-0.47669508787416587,-0.1443796609373075,0.49671435700686034,-0.84907644558907636,-0.17984448028527689,-0.036858388990731322,-0.22766418853755013,0.97304186776240364,-23.96056223739858,-3.2864537527889262,-4.0113896398841993,,0.09403586491271931,0.125,0,1
0.49955781837398872,-0.8558290492533579,-0.13415895257311397,0.86621164215473934,0.49544477288454869,0.064898906130753303,0.010925982656549871,-0.14863080257965422,0.98883239602448181,0.57094712768238198,-13.664210002973284,-2.149943734822382,0.8084509174309878,0.6678121657770707,0.7603305785123967,1,7
-0.3878697328490387,-0.88821713880284214,-0.24622628754157719,0.92123376102434784,-0.38220308234510986,-0.072451096574389862,-0.029756140350351214,-0.25493355640791837,0.96650062282890481,9.1546150409741873,9.7378806497293855,-1.5614462707017192,0.740046111030281,0.4713335169397117,0.2608695652173913,1,2
-0.99600151523161295,-0.082955542151747372,-0.033156593350954659,0.083489758949166118,-0.99639477523772046,-0.015063599489588042,-0.031787447317157408,-0.017771603902918563,0.99933664412337897,-1.4084473906612496,3.3518663663449177,-2.03291491983178,,0.8303976675134849,0.8944881889763779,1,4
-0.27656836515755229,-0.95440893506196767,-0.11230994643378349,0.96035520956257325,-0.27875180478694889,0.0039118785824817769,-0.035040132135940871,-0.10677554027912575,0.99366552377447237,-0.42678092354238134,7.9401685009064353,-1.9836497524268506,0.7711505935444156,0.410545022346241,0.5817174515235457,1,3
-0.76734043753335834,-0.63131955858986599,-0.11235776727940565,0.64069158774070234,-0.76206790602822883,-0.09363117002393341,-0.026513059506861388,-0.1438336592861679,0.98924665080653085,-17.203648139616419,12.56461856520669,-2.8144696600309929,,0.2302466828912159,0.2142857142857143,0,4
0.99666398367719133,-0.059490524654191135,-0.055872901455733683,0.064749809465201702,0.9931180548115166,0.097590939034375365,0.049682651045743577,-0.10088313379232512,0.99365699690653242,-25.911340787455455,5.220569903655738,-3.8306802314901924,,0.1491766049187545,0.2352941176470588,0,3
-0.26333216846630841,-0.9575860504143725,-0.11698343943753534,0.96272743888344037,-0.26861392704940862,0.031661279443945783,-0.061741780600856812,-0.10428573366908241,0.99262905371610899,-12.999820247482255,8.2768440584560476,-2.6326931228505073,1.133249300381685,0.6805201687808284,0.7490196078431373,1,4
0.97016804873021123,-0.23212642659551144,-0.069937681538735683,0.2400013495817552,0.96036269195526391,0.14178452700973818,0.034253604510344857,-0.15433995586508917,0.98742385458404425,-14.759848097974684,8.3822548867138131,-2.745544916863663,,0.3524294935854859,0.5882352941176471,0,6
0.8903719925270156,0.45510460008074399,0.010840567735047732,-0.45385421008856053,0.88556975989194264,0.098906806387707893,0.035412863600122822,-0.092983887584208891,0.9950376504139764,7.0806828764628289,9.5161751334851363,-1.6520781399430708,,0.1059806333685392,0.3793103448275862,0,5
-0.960833442990917,0.27709100181476282,-0.0044352613802283091,-0.2747933910910707,-0.95469461344602213,-0.11422253398441212,-0.035884356520490678,-0.1085300500803415,0.99344528847172509,-15.997043194592463,15.464913617063008,-2.767410132476595,,0.4390745528487715,0.8611111111111112,0,4
0.86418594548641292,0.50291762173017041,-0.016016159871342792,-0.50160046459769458,0.8635635498712283,0.051526393714100525,0.039744503256829732,-0.036494672036788633,0.99854319554729154,-11.055022747627827,6.8232698659253215,-2.5429016940141396,0.1339282885132424,0.1200830237688861,0.4685314685314685,1,5
-0.35411781448033941,0.92401623548046452,0.14420322477732025,-0.93513184915297842,-0.35172957135615912,-0.04259968700992485,0.011357736015545889,-0.14993433630133912,0.98863071802897085,14.443424244618582,-8.7349990141201737,-1.3486718606468502,,0.2664381291870634,0.3157894736842105,0,2
-0.19924398301600688,-0.97508079819236404,-0.09756675780438355,0.97963789780461952,-0.20070313253222302,0.0052765307446167274,-0.024726997732499922,-0.094528776509034906,0.99521499486032772,-20.402885355512222,1.3393174311443523,-3.4517644496196334,,0.1077221040558608,0.2105263157894737,0,3
0.99939928231148312,0.0067006921299410729,-0.034002576965151181,-0.0054131434062795096,0.99926998256303823,0.037817982851112576,0.034231161151125705,-0.037611204094574489,0.9987059752163302,9.9102115355675675,-3.3358860966435104,-1.5315556176923408,,0.08098005921619351,0.3095238095238095,0,5
0.39749906205431362,-0.9112328961056495,-0.10793101834436156,0.91760158765633126,0.39491235773217137,0.045294106029338789,0.0013498135131753176,-0.11704203845340165,0.99312604398341675,-10.265392014881066,-2.6874131010663422,-2.6196316286593939,,0.2556099720621001,0.3956639566395664,0,2
-0.9941485351938425,0.10509998503170397,-0.024953619342161511,-0.10380757378137526,-0.99341836972660491,-0.048414154080795586,-0.029877710714882596,-0.045540485681098128,0.99851559154895941,2.8339017834160156,-7.8597982896573484,-1.9707764422264111,,0.07695653918276099,0.2033898305084746,0,3
-0.73515786799422611,0.67385393552836614,0.073917404575082252,-0.67780735003891313,-0.72891613382808829,-0.096220923287706525,-0.010959259072118466,-0.12083932893741714,0.99261158124542592,-18.635425318982641,2.0944041818078003,-3.2187768580167377,,0.07776738672982034,0.125,0,1
-0.39172504928151608,-0.9116511897895222,-0.12427225724489668,0.91909155497655959,-0.39398394723509728,-0.00688207031504865,-0.042687226850230568,-0.11691346148498047,0.99222429076667773,5.4088893074052029,-19.171965168059,-1.9069853052594039,,0.1437632798392753,0.25,0,5
0.43660169774758995,-0.87293556710148057,-0.21762916443606195,0.89957328699336181,0.42033790851382985,0.11867579363196719,-0.012118533404672869,-0.24758743577862669,0.96878976191570276,-2.6846283453083495,14.473799392251092,-2.0867471598502241,,0.1619415509266898,0.3333333333333333,0,2
0.98741513843101358,0.15749445240390889,-0.014381997749126713,-0.15238449710946203,0.97180748306407971,0.17991437102509492,0.042312048378203106,-0.17545858007704279,0.98357713334511254,-9.8131300365415655,1.059698583460591,-2.4669766530459882,0.3320421623989888,0.1572102708684444,0.1734104046242775,1,5
0.033217744338371595,-0.99353842954652816,-0.10852635843558377,0.9993212625767427,0.031286979556427098,0.019445798318928516,-0.015924685965359175,-0.10909864309171745,0.99390336072097607,-16.338346864238403,7.2479860120414417,-2.8400625120412522,,0.08103766601622386,0.2391304347826087,0,4
0.084142705820881097,-0.98025644426341618,-0.17893381049199469,0.99624799285443832,0.079109174949008945,0.035095230051825847,-0.020247019302705387,-0.18121545717441298,0.98323497511552405,-21.583335631751311,-1.4162039587072073,-3.6949475840359698,,0.1324549507031145,0.1666666666666667,0,2
-0.038698979613212683,0.99000632843619873,0.13560921293619402,-0.99816782290061501,-0.04461634294821263,0.040870273644477061,0.046512216704249869,-0.13377911495523262,0.98991906845916044,-24.139530786144022,-1.2211962854985285,-3.9596086623897651,0.5321035784573602,0.3173325945514255,0.2666666666666667,1,4
-0.62837932600344859,-0.7763271169812842,-0.049554314554626444,0.777145541643252,-0.62930717494428612,0.0041577238554200441,-0.034412639472555066,-0.035898286911337958,0.99876277625938947,-20.740216493987763,-0.0041782713740568063,-3.5416709784873266,,0.06787323639342849,0.2926829268292683,0,1
0.05350364147797157,-0.99657513399919384,-0.063050476945748959,0.99841231889170101,0.052274907580828048,0.020980360404739998,-0.017612547626438976,-0.064072898575806794,0.99778978839944132,-7.941972060168851,-9.0343958934509132,-2.6261491784764268,0.1591787937903284,0.13288149362377,0.6571428571428571,1,4
0.75305123040116762,0.65795349461596742,-0.0033231481947073307,-0.6572650045603653,0.75247643509343087,0.042212893875510873,0.030274711750085882,-0.029604282658398286,0.99910311193426449,5.5668670871966901,-10.944244944734814,-1.8641256129486699,0.3579936051624587,0.2959142230125503,0.7207207207207207,1,5
-0.13800568773829355,-0.96672667387362998,-0.21539259080365494,0.99042691524686099,-0.13535917644230386,-0.02706323904210382,-0.0029926086395368704,-0.21706550019312459,0.9761524537281262,-2.3598392362262577,13.070463753785191,-2.0699484393711036,0.5247110259867099,0.2571123083059734,0.3157894736842105,1,5
-0.60585815124792253,-0.78692497779963622,-0.11698281874485381,0.79486161880567741,-0.60495247795282481,-0.04719646563414636,-0.033628968406233542,-0.12157951609452569,0.99201185161778882,-0.475379494743497,19.210128842375855,-1.994103463352032,,0.08579727392755279,0.4166666666666667,0,2
0.90746380520316272,-0.38415206563906956,-0.17010770914756337,0.41881754792415243,0.85914208018682048,0.2940522871923682,0.03318589756201111,-0.33808590109245712,0.94052996745744621,-23.988416652878993,4.5158378796509018,-3.6515578543066209,,0.4051084923229326,0.3902439024390244,0,2
-0.95649914374792422,-0.27928924636780122,-0.084302460656816305,0.29066529110168482,-0.93706019903135529,-0.19347318144923786,-0.024961501522570796,-0.20956073166178463,0.97747696811081786,-19.389406989898077,-4.4124624909939092,-3.543671067245973,,0.2787389184016248,0.6222222222222222,0,2
-0.15980501922154866,-0.98029768762477276,-0.11609823198103887,0.98682580970413614,-0.16165146013633039,0.0066050539412885832,-0.025242367824263451,-0.11351321100786044,0.99321577403568695,0.21598262035868704,12.025456201382697,-1.9486917290767618,,0.08769859266173918,0.25,0,7
0.5897648035621913,-0.80636379406628711,-0.044214342676023477,0.80756853367484704,0.58909556666217155,0.028275020021794869,0.0032465208312527443,-0.052381723511144368,0.99862185793447122,-11.579939339424852,8.3096744969287588,-2.5482695955676489,,0.09255102229647993,0.3048780487804878,0,5
0.97440497302859308,-0.2203326896886503,-0.044592088891543716,0.22393753702840338,0.96873611796911918,0.10678161476477482,0.019670486694507827,-0.11403437901214401,0.99328205075724374,-6.0987442745507456,-9.9870560778735342,-2.5310121201780276,,0.1832766283157166,0.2903225806451613,0,2
0.5627529593707411,0.8234260649058337,0.072654128259624209,-0.8264859790225535,0.55886807834270635,0.067730329163978531,0.015166845374150974,-0.09816306150086905,0.99505476239158441,-18.691337979431569,0.55801787374796041,-3.2914704064101707,0.3236056324625314,0.5114233669767204,0.3191489361702128,1,5
-0.97001894827126101,-0.24069170612524746,-0.0336265162815787,0.24266219003508374,-0.96683983898579917,-0.079597658742527361,-0.013352959301020777,-0.085371121302419375,0.99625974029139297,-7.6019979765069365,14.209657832592825,-2.3081239199839954,0.1125577812438948,0.1237687048843782,0.2432432432432433,1,5
0.28249240073215781,-0.95461433147948627,-0.094390262540980333,0.95924139014645271,0.28035948540066807,0.035419124435436253,-0.0073483983616995079,-0.10054868014969606,0.99490500248097635,-4.2619044657809519,2.3365958678769596,-2.1834108019622573,0.628858895004604,0.8810410525003693,0.8480635551142006,1,4
0.84698001564548031,0.53149996533024402,-0.011516941917531963,-0.53034702574488668,0.84624715434783437,0.050968480865582207,0.036835925137492863,-0.037061308829317491,0.99863385382587733,-7.8895835752300307,23.769435676765781,-2.3206294575985389,,0.497602530226441,0.7857142857142857,0,1
-0.99658764199365413,-0.074430074354641107,-0.035682430649998105,0.075562919435200201,-0.99664257153240077,-0.031525066466438163,-0.033216216400408671,-0.034113760285938759,0.99886582398598267,-5.7573493772749584,-16.553352244882632,-2.6474784890933347,,0.1141460391780425,0.3571428571428572,0,1
0.35388414785399847,0.93362059940618092,0.055844303756905814,-0.93497169079139786,0.3515770053577254,0.047133286776644044,0.024371034371253701,-0.068892566131173519,0.99732635933055447,8.7426407139841462,-4.9554739351380528,-1.6016953787818737,0.1193425071122078,0.1635889156138554,0.3333333333333333,1,5
-0.79762895758858077,0.60314249444930723,0.0026790680509329061,-0.60309937963389815,-0.79749954932647182,-0.016297457141566538,-0.0076931333903111814,-0.014615068030686925,0.99986359843985595,-12.212254919809739,-0.70160276113214681,-2.7069247048549698,0.3422987604939209,0.1732739937403483,0.2153846153846154,1,4
-0.85343823530351537,0.52118159258255814,0.0035952851246382005,-0.52116993076127138,-0.85331224447188836,-0.01549569955301088,-0.0050081725519976411,-0.015098376980789811,0.99987347060527265,1.8637942494421782,-13.022179351190546,-2.0545981187183608,,0.0755102880680517,0.1666666666666667,0,3
-0.70147269589474925,-0.70871374689656552,-0.075238832221021831,0.71162072411650612,-0.70229787475440653,-0.019329772977026909,-0.039140796134618287,-0.067100820228032446,0.99697817328298288,5.7759425201012853,8.6710414201321644,-1.699178501933601,,0.07657017243114694,0.186046511627907,0,4
-0.48925304126145919,-0.87038874791131615,-0.055271051426445283,0.8714455217899354,-0.4904117037264687,0.0088917602514832755,-0.034844858568812441,-0.043815389504991011,0.99843179410205385,-11.3742125985054,19.555095097671892,-2.4794400457325025,,0.09619855014096675,0.1,0,3
-0.042744104369956994,-0.9827226415953404,-0.18008095745382546,0.99806542333401338,-0.050146272051355641,0.036752716150621485,-0.045148114985090623,-0.17816161510052522,0.98296494679010082,0.02554721145511182,-16.806640283790284,-2.2041859630433689,,0.2212175901766379,0.4090909090909091,0,7
0.57467836092492408,-0.77013325537797572,-0.2768384916256495,0.81837653938417587,0.53990876649075303,0.19687143940148946,-0.00214971398645186,-0.3396958828531127,0.94053287337680114,-5.4818957707283609,6.6965879642965609,-2.2296441019756541,,0.3349147243451504,0.1863354037267081,0,5
-0.94613744710042402,-0.31638130672443959,-0.0687517268846978,0.31980716685897687,-0.94635928266591618,-0.046124658672849816,-0.05047085515351063,-0.065627561796765932,0.99656696509200282,-10.711066751163873,10.526750476743603,-2.5223684939128637,,0.5357972369662022,0.8159509202453987,0,4
-0.96482120354920586,0.26288256041179747,0.0035783534200505007,-0.26162046407050943,-0.95866642449721007,-0.11186339580606958,-0.025976488627070738,-0.10886434665707526,0.99371715093659085,1.9152001385142519,-7.9473736370710508,-2.0057798708454384,,0.1340894521295755,0.3225806451612903,0,1
0.16886019107286698,0.97550607814994017,0.14097562684151974,-0.98436086455683225,0.15962262765880475,0.074527210253879678,0.050198846597927636,-0.15135556888275756,0.98720391387413819,-11.887985139124556,11.711800503605094,-2.5644892092050697,,0.104111397665324,0.32,0,3
0.70372770903193549,0.70168469862356486,0.11138175460199928,-0.7104569083114608,0.69595716558468079,0.1043772250246997,-0.0042770285460355436,-0.15258508245858513,0.98828108331482434,-19.330356381091434,-3.2592961892708598,-3.4941317228218951,0.660500449287422,0.2876552843407598,0.1428571428571428,1,3
-0.70441961528655705,-0.70715398363340232,-0.061043009681279889,0.70885593002420977,-0.70528827575268527,-0.009576980490569504,-0.036280519139778776,-0.050016912311874322,0.99808919061060608,-5.6973489003360314,-16.701125827005871,-2.6501247152999641,0.2610593463949473,0.110616142398038,0.5483870967741935,1,4
0.30178354444724015,0.95335755117868037,-0.0060059896312964437,-0.95299036200494736,0.30183461156799107,0.026556302176328143,0.027130466758628992,-0.0022906047652571193,0.99962927673376489,7.0621649679266163,4.578855168918941,-1.6384593133607781,,0.09330780119956103,0.4186046511627907,0,5
-0.83647609689195579,-0.5414506502477594,-0.084492204816048883,0.54691414924897441,-0.83454757980515881,-0.066447350531241761,-0.034534803889253764,-0.10179160273632425,0.99420612396660524,-6.4906220635545795,8.4097613133704154,-2.2906363710803541,,0.1253310997580533,0.3409090909090909,0,5
-0.15608187163366483,-0.97268106030855295,-0.17184296396524226,0.98756192819318633,-0.15701466002881256,-0.0082361714036621736,-0.018970696631548926,-0.17099108588772635,0.98508992544652918,-4.5109539224266655,-8.5203744855349548,-2.3803287941178293,0.6791020356256976,0.4956432166054672,0.2891566265060241,1,5
0.10711986770750477,0.99421627978778437,-0.007702139135592128,-0.99409448957303437,0.10723560394632267,0.016633431600095682,0.017363172027435543,0.0058748830800928655,0.99983198888910363,-11.22857483881614,-0.17667413318369471,-2.6274450483587071,0.1474516778906669,0.1213571251767883,0.5861027190332326,1,5
-0.89361035831913749,-0.43427157173047382,-0.11344042265210168,0.44883608183450086,-0.86312696094118613,-0.23142605933620775,0.0025882712757326117,-0.2577208786326336,0.96621594354917739,-0.69214861533846572,-9.4369466545053999,-2.1524180606874537,,0.5046534957248789,0.4166666666666667,0,2
0.76107025569454745,-0.64426929398669674,-0.075426406005566313,0.64853747605280887,0.75809935125313743,0.068443522590683994,0.013084649482713104,-0.10100718021731199,0.99479964892055484,-12.226299876058794,14.649594850329335,-2.5855433252136013,,0.09850549513310586,0.3461538461538461,0,4
-0.22520541131052355,-0.96896176549032842,-0.10195891199068546,0.97405298419767739,-0.22631912576217897,-0.00066127894477960758,-0.022434497811579655,-0.099462306086825603,0.99478839105401407,8.451044820267084,-10.614391526781798,-1.6751564084678328,,0.8634879290532815,0.75,0,3
-0.6547563359295745,-0.75272092036385629,-0.06859560194843467,0.75492653531316223,-0.65572684796155511,-0.01040322750252772,-0.037149250869215313,-0.058596219238049405,0.99759030480997746,-12.604475395556962,12.735345461907352,-2.608636298244674,,0.1134746295972878,0.34,0,5
0.98017630703462566,-0.19365581055836942,-0.041854918049664604,0.19662674578362174,0.97674955975333133,0.085429622287685164,0.024337830028704665,-0.091965888016451947,0.99546468820889866,-6.1485386967535218,-15.792192005398137,-2.6565692840237531,0.1473480223598319,0.1228856544934273,0.3150684931506849,1,4
-0.86661193680337867,0.48600675974534008,0.11305388304580419,-0.49863315947143222,-0.83500533933638676,-0.23266081654473958,-0.018674133592655982,-0.25799905573773524,0.96596468049975981,-18.169826696794381,-1.130840051609485,-3.2778605220065322,,0.1122118593382313,0.2162162162162162,0,2
-0.19893734099909227,0.94056995303574653,0.27523098990220074,-0.97994188220640566,-0.19428160140168821,-0.044368534509983001,0.011740607053251839,-0.27853693256573725,0.96035375531253719,-9.1548913848211964,-17.403897308754413,-2.9021982169475842,,0.7415625843341092,0.4210526315789473,0,1
0.021645076411419346,-0.99278626295791927,-0.11792763352663145,0.99968961560176695,0.020036962732482552,0.014805153915006799,-0.01233544182969344,-0.11821148931683752,0.9929118191805153,7.2073875495281632,7.4932867514295278,-1.6345745904614091,,0.07249602784435964,0.2941176470588235,0,4
0.99932619159761027,-0.01928497030231854,-0.031229036287652646,0.026997479133260279,0.96263349554169864,0.26945851142916249,0.024865616973363251,-0.27012005327559385,0.96250551058730316,-3.5858329977160857,5.2775542434220455,-2.1406510365116524,,0.2890377882062751,0.1485148514851485,0,3
-0.36558658929186005,-0.92473349331879839,-0.1058981211559348,0.93027551499695171,-0.36675240143102805,-0.0089522199331126054,-0.03055997262926765,-0.10178724074748409,0.99433668628584393,-4.4780828342977985,23.969034711527527,-2.1852989895954043,,0.1859041018665388,0.3636363636363636,0,2
0.34438394344231943,0.91757815268175924,0.19862032428794138,-0.93712850675485249,0.32325174760312236,0.1315236461589597,0.056478857340931651,-0.23142739983125796,0.97121135561771799,17.30293520096042,-5.778931670291473,-1.2140971335063415,,0.4719105515908777,0.2424242424242424,0,2
0.27925913391701901,0.95927290370261742,0.042542124369442241,-0.95994475079259534,0.27995875377577212,-0.011365368892334412,-0.022812530540443986,-0.03766420590249106,0.99903002759880866,4.7497324250634358,10.331494458688027,-1.7510587625704102,0.7247362820347447,0.295465081955016,0.3255813953488372,1,5
0.97526076615404778,0.21999711867888666,-0.021626506273745707,-0.21828203743269375,0.97385037016273213,0.062995306715202301,0.034919767107651122,-0.056716173239193285,0.99777947741885842,-5.3444887887980963,14.55466238658334,-2.1968822871031151,,0.09655621126476177,0.4054054054054054,0,5
0.95782744782730367,-0.26494500210214583,-0.11122376566960611,0.27874009564794139,0.95073020589029544,0.13570569142807745,0.069789248934273476,-0.16098515915726527,0.9844862819076251,-11.973318148524735,17.956405956629123,-2.5046290313410968,0.2798853663268263,0.1940478016632749,0.48,1,5
-0.49959522336253326,0.85246234168299706,0.15398885935574166,-0.86612408852038836,-0.48842487161397974,-0.10616123620980758,-0.01528646715456309,-0.18641110696846747,0.98235290151794441,-0.36521186261802907,13.668177031216389,-1.9831120705999479,,0.3711476751053326,0.25,0,5
-0.93290961976793207,0.3598435408082275,-0.013866055064451618,-0.35950687111213925,-0.93288361905954609,-0.021976417213085485,-0.020843487414840128,-0.015517068955231377,0.99966232779045294,-3.8436188417955499,9.8744450916396946,-2.1410512125560941,,0.07837062213613447,0.3064516129032258,0,5
0.85175954758249683,-0.48729455963029034,-0.19248294796366186,0.52363958568074953,0.80404414200992869,0.28162848223787795,0.017528759515530463,-0.34067143973958147,0.94001899594402227,-11.17779685787027,23.571624895547291,-2.4448906570176128,,0.4942766731589933,0.36,0,1
0.8761950850160507,0.48160126053562258,-0.018504022379353922,-0.47998147124236917,0.87543326049293824,0.056871730118879825,0.043588533557886347,-0.040949142520977769,0.99821000168755603,-11.256441020098368,14.0696700057046,-2.5368431399350269,0.1602664707040641,0.1529193138228738,0.38,1,5
-0.8013973998870022,-0.59530445927982278,-0.058093099555026811,0.59677017343744221,-0.80234314189827916,-0.010528188079771694,-0.040343122707564988,-0.043105491649622317,0.99825565314695175,-2.236676550065587,8.1008531645200161,-2.0655094259818467,,0.09001701422532984,0.3076923076923077,0,4
0.045967135382550477,-0.96004792905770386,-0.27603441158075975,0.99879874652020884,0.039475890662633309,0.02902960568197966,-0.016973108565659919,-0.27703723209779202,0.96070926175259319,0.68365806804809437,-10.21122346473763,-2.0966443475600847,,0.3356005582427498,0.1904761904761905,0,1
-0.98557782198219546,-0.16342177906018926,-0.043928111109327449,0.1657438303247703,-0.98459058495084562,-0.055770626098553489,-0.034137069676592212,-0.062247105594987813,0.99747679587995508,7.6365598171184441,8.2383705059093266,-1.6260697971132894,,0.07827974334084488,0.2058823529411765,0,3
-0.75728761303787506,-0.65113776133735346,-0.050349646473213418,0.65198016503430412,-0.75823591259035872,-0.00040652196450806626,-0.037912208340314682,-0.033134824865174335,0.99873156946194264,-4.9552081547248283,13.057379672531034,-2.1849543232565942,,0.07966652272870854,0.2857142857142857,0,5
0.74599747369716474,-0.65288749195604279,-0.13124668409066753,0.66585152075749054,0.73462743055730118,0.13024703673294905,0.011380753155411243,-0.18455476455547079,0.98275633670686147,14.73913418005276,-3.9629182129765042,-1.3295141854068868,0.2680457243737735,0.4665862855695264,0.1818181818181818,1,2
0.12398874031048474,-0.98649647648010985,-0.10701165435851547,0.99217019129486028,0.12162091527632522,0.028401839258546103,-0.015003459005793781,-0.10969528184783583,0.99385202186149657,-5.9662213045479131,18.166747549708493,-2.2283411518796887,,0.08631078078464788,0.3125,0,3
-0.79148760907288951,0.61037963155120889,0.031369891161628728,-0.61061544845390348,-0.78749178021937238,-0.083698686945274381,-0.026384442262817605,-0.085401413772463478,0.99599721873715397,-9.2784774178599037,11.015540043990201,-2.4527111209047865,0.3548934158220256,0.1936211796512339,0.3666666666666666,1,6
0.12351974481514894,-0.98641652895090692,-0.10828344311687173,0.99228833167722086,0.12163945400305039,0.023826666721921106,-0.010331478986000868,-0.11039146091199321,0.99383448616944148,-3.7343216161750838,17.63428267909055,-2.1204522176195399,,0.12918651842158,0.28,0,5
-0.64851178020518152,-0.74550095583732678,-0.15382066109836881,0.76076096873819266,-0.64166097722372628,-0.097539421532116893,-0.025984983733565867,-0.18027621904712099,0.98327273198560838,-21.37371924891346,11.13469180909685,-3.1066253683127862,,0.4273592030300309,0.2666666666666667,0,4
0.99600423819180506,-0.057179783026447377,-0.068600509597318768,0.065379393322086449,0.99013315486951725,0.12394301334473888,0.060836604382553526,-0.12793282628468203,0.98991519814881912,12.522613506752849,-19.260279149849261,-1.5437307854883195,,0.3177806179664355,0.40625,0,5
0.13369119275890928,-0.98372118336070691,-0.12008038301950043,0.99093301298553049,0.13106090993346858,0.029577046215415976,-0.01335772263964817,-0.1229458063327945,0.99232348553839067,-16.076875348023211,8.2660115712657483,-2.8133564974796617,,0.06935380229817871,0.3809523809523809,0,3
0.9282954699426561,0.37141497280667496,-0.017844844044186129,-0.3692668442776173,0.92644067267074603,0.073141491225066677,0.043698034294398135,-0.061307405722257048,0.99716191453665814,1.0050490402053733,-15.478334537431161,-2.1266474916204081,,0.1966605542999975,0.5652173913043478,0,2
-0.86976170595140223,-0.46837731632351165,-0.15536172119956551,0.49214825420772834,-0.84636169946544171,-0.20362212443213124,-0.036120226200726642,-0.25356372617461326,0.96664407411810804,-18.987803129517136,-1.5773326322375754,-3.3857246905561391,0.5131086823905437,0.2416817549877961,0.2258064516129032,1,2
-0.48988967563304314,-0.86661200911008796,-0.094824740307199604,0.87120691183018373,-0.49061903317475591,-0.017072816580199216,-0.03172731453283114,-0.090975765744750844,0.99534757123312978,-21.638090234374534,-2.8584621498599798,-3.7505145434261724,,0.0782152077749263,0.4166666666666667,0,1
0.68488362060076868,-0.71223593003099539,-0.15379989013541231,0.72860771515537648,0.67175153986441971,0.13371860792665413,0.0080761159503512838,-0.20364147088121226,0.9790122203979339,1.7672201732064543,-9.8475199797414632,-2.0357956244904498,,0.07764793210035056,0.2727272727272727,0,4
0.98594264660354058,0.16496894580513499,0.026501783493698833,-0.16462618519167865,0.93203493794041781,0.32281433302695095,0.028553752076383908,-0.32263930538349256,0.94609120166293514,-17.167717579716591,18.121020627812467,-2.7882891653527118,,0.3892634963822673,0.3636363636363636,0,4
0.94058154503875369,0.33872822338350722,-0.023865200941212028,-0.33708252743846268,0.93987609706436881,0.054847897523493117,0.041008862800736755,-0.043544377943683855,0.99820947717465036,11.80085191913097,-12.002958511650441,-1.5053623810499033,,0.2490973834554302,0.7111111111111111,1,5
0.99236981042892003,-0.11667085845185454,-0.039875683534927528,0.11931283633353368,0.99024504928242962,0.071966585702582256,0.031090294873445626,-0.076175147914178731,0.99660962287393984,-2.5682679318949,-11.549840689708512,-2.3263850024310559,,0.0994449487623027,0.1914893617021277,0,4
-0.84300883711692309,0.52780756545053487,0.10370763904338107,-0.53785348155040902,-0.82964882392169326,-0.14965447320228911,0.0070521576043541022,-0.18193955814646315,0.98328442693586549,-3.5869848876206625,-9.5898685964132717,-2.3276243728482062,,0.1617578161358416,0.2978723404255319,0,5
-0.91454085953890896,-0.39547050495828984,-0.084959378186683795,0.40283075077418884,-0.90948983168547926,-0.10274060682817292,-0.036638810905051382,-0.12818473297843652,0.99107329283293188,-25.48021884996291,-1.5098527494727361,-4.1723758028476761,,0.219170947736102,0.1052631578947368,0,1
0.74694775244130762,0.66441055521734549,0.025053327895869792,-0.66427336574450668,0.74412030047091271,0.070893398772689367,0.028459632558136314,-0.069595923320675837,0.9971692217331013,-10.120588368188342,18.560101699784926,-2.4222686022396172,,0.1756633650568305,0.375,0,5
0.37573415560239604,-0.92372878356511023,-0.074491467478339193,0.9267127054368437,0.37496644961338654,0.0245707803347422,0.0052350640569869423,-0.078264270760378687,0.99691890243222203,-25.096264292683248,-0.25047079446284526,-4.0321115976014799,0.4687605977908492,0.366899481233899,0.8983050847457628,1,5
0.23940321668238992,-0.92064494255039353,-0.30838124067217071,0.97079607095869691,0.22189827077570434,0.091192905633658408,-0.015527023323281926,-0.32120717174922303,0.94688165277588099,-20.824441680469434,7.0467227294938812,-3.2206141362315228,,0.2017489123924553,0.2857142857142857,0,2
-0.6664132076380751,0.74025219553715027,0.088995076762484554,-0.74558117678064262,-0.66141302073939379,-0.081495550963121194,-0.0014647579745510825,-0.12066276558582269,0.99269247578757114,3.5636560660564092,-14.820248466690847,-1.9668045768978202,,0.3665194440053437,0.4347826086956522,0,3
-0.87593144100508535,-0.48019190519835359,-0.046474130876541057,0.48206239083871349,-0.87497166057301534,-0.04517127995710616,-0.018972664483883784,-0.061970374987368806,0.99789764536564918,-16.844228375677311,-1.7674972115646614,-3.1637662449748865,,0.142042147732342,0.2985074626865671,0,3
0.77647888566412726,-0.62180851920097757,-0.10215040659186152,0.63003348243573598,0.76910098492721146,0.10743130825738108,0.011762275617169899,-0.14777631891842749,0.98895086249986408,-8.0855126710258425,-15.141084381583571,-2.8013333409915919,,0.1027601481459939,0.1785714285714286,0,2
0.10131419042431783,-0.99020481761230583,-0.096072129132466183,0.9937272405974904,0.096130651402262568,0.057140783644207715,-0.047345602891530683,-0.1012586640162554,0.99373290015400062,9.4664260219754262,-13.434704095579228,-1.6709803415886439,,0.2430385051622614,0.375,0,5
0.53788723962353346,0.84171710969805558,0.046793425731894905,-0.84238127768734949,0.53449820546583293,0.068596292579352736,0.032727671044598415,-0.076314976219318056,0.99654649864050071,-11.733746503749781,-5.9134116833397643,-2.7924698788181872,,0.2174816737711159,0.2604166666666667,0,1
0.36959127576121076,0.917275091530941,0.14835327882491722,-0.92914574204534173,0.36646558501004028,0.048899540307238122,-0.0095120408015881407,-0.15591466082492619,0.98772472866666483,-17.021808041314802,1.7604499818743633,-3.0657852044769944,0.5095720084802305,0.4235611620884606,0.2647058823529412,1,5
0.71918683823437546,-0.69195571608648554,-0.062988718717571987,0.69476861957626868,0.71724270962912462,0.0534739257578613,0.008176610699321624,-0.082220328746061389,0.99658063425814258,-3.0519484331816242,-14.33922590833464,-2.3918177123947508,,0.1601829180823034,0.5405405405405406,0,3
-0.61393784660051376,-0.78063909473828119,-0.11697403249320314,0.78845021097561319,-0.61355466854143237,-0.043553800333888726,-0.037770164469263269,-0.11896752698619063,0.99217949091822843,-7.9040550555085458,-15.97799633609689,-2.7988643471939745,0.1616130890114914,0.155134204413944,0.8666666666666667,1,2
0.06499324494251503,0.9883337767828434,0.1377396957380255,-0.99738025517443307,0.068731263538293563,-0.02255304858801857,-0.031756963016417977,-0.13591305707175907,0.99021166233153612,-14.188226596728144,15.237329599485417,-2.6783364974561463,,0.396242800100448,0.625,0,4
0.99681144585079984,0.074544695246470255,-0.028461023021832687,-0.069008225640455778,0.98445135513482207,0.16153449838090031,0.040060032635962223,-0.15905539218720011,0.98645657583158852,-20.143987047186332,2.6897763553391374,-3.360993773884124,,0.2874592063950401,0.7572815533980582,0,4
-0.7197015481173743,-0.66411617472721807,-0.20243366346322333,0.69329854824492276,-0.70297908088488603,-0.15861126958612706,-0.036970321055370889,-0.2544997412649519,0.96636591261133331,-17.42403113630602,6.4286872899273506,-2.9341680214584525,,0.2545919592661442,0.2826086956521739,0,3
-0.91593784965325786,-0.39738450875191311,-0.056066101849224975,0.39977161785804377,-0.91571674334017406,-0.040564757137565202,-0.035220862109398766,-0.059568432667546613,0.99760267276195902,5.0516274697943642,-13.086528703104783,-1.8844747887502145,,0.1075220121360568,0.4,0,3
0.99012907720949672,0.13463844646045003,-0.038947390143457931,-0.13003654125822989,0.9861280917822195,0.10315951015565605,0.052296351707044345,-0.097076646690513316,0.9939020154247894,3.3699824716534659,3.3547112410294733,-1.8302764436302064,0.4819282807656788,0.4201686442675988,0.8190854870775348,1,5
-0.64149586159114125,-0.75726290210099545,-0.12262119173706303,0.7663443626366454,-0.63981818850214256,-0.057870575570581166,-0.034632028766348313,-0.1310937937639107,0.99076487615382913,-23.585612495451031,1.60548313097916,-3.7709906886616902,,0.1065155191765287,0.2857142857142857,0,1
0.15050740774252977,-0.96047728585230951,-0.23415999567903314,0.98771759810981896,0.13603734346065194,0.076862133514093309,-0.041969829625500756,-0.24285226897426671,0.96915494574152439,0.53232502133566961,9.3763210924002234,-1.9240692263903993,,0.757178722230701,0.6857142857142857,0,2
-0.15055372056903066,-0.95280433450269486,-0.26362374205617317,0.98828352735503222,-0.15182173244996136,-0.015679002346734583,-0.025084791837263296,-0.26289553383191938,0.96449815526506444,-20.633706952934702,-3.9499477821961535,-3.6483520749953704,,0.1103932345216301,0.4444444444444444,0,2
-0.77968905018904788,0.62593956028451503,-0.016871629622792306,-0.62603244384186807,-0.77979695800581816,0.00028903676404240779,-0.012975525911463509,0.010787546324377457,0.99985762215008445,-12.666883165259787,10.658035879300945,-2.6053220919720657,,0.08918564027474532,0.4285714285714285,0,5
