axis_00,axis_01,axis_02,axis_10,axis_11,axis_12,axis_20,axis_21,axis_22,location_x,location_y,location_z,dbh,dbh_approximation,score,reconstructed,number_clusters
0.34312084706448509,-0.90025594115820629,-0.26796888759537646,0.93927971612271044,0.33027212624535823,0.093133976108676853,0.0046582389582056419,-0.28365394944319627,0.95891539656795899,-12.787554280477888,-11.652442424360162,-0.93705648753413795,,0.480366548643947,0.4285714285714285,0,1
0.72773356707343995,0.67223953945262283,0.13600682685472823,-0.68566773352371824,0.70838737566333854,0.16747264016923821,0.016236211350364575,-0.21513095453080078,0.97645023316278279,-17.881641441714645,6.3628848839295582,-1.6513448385862339,,0.7481008635467834,0.2753623188405797,0,1
0.46665982957418606,-0.88275140158630383,-0.054576244458646207,0.88441940173151257,0.46614929815013267,0.02252007271334075,0.0055610522985409614,-0.058777502767274462,0.99825561849947941,1.0368522066710901,-11.609317284755964,-0.66548501001670834,,0.09423525251509332,0.3809523809523809,0,5
0.49549248589551748,0.8685718268867112,0.0083772286444754179,-0.86852905521608548,0.49528854165570352,0.018615605013569677,0.012019844696799016,-0.016499758884538071,0.99979161893377433,-3.1423519502528676,-0.97774831766469095,-1.0690961520236326,,0.07520637345715364,0.28,0,5
-0.58582816640709934,0.79566473424708317,0.15402269352148831,-0.80980810099520306,-0.56723062280144276,-0.14986747518668139,-0.031877876444942686,-0.21252541314347767,0.97663542315520979,-11.366255040152664,5.7758698822810324,-1.3673772479734301,,0.1397571696928945,0.275,0,5
-0.89498073922605248,0.44486066139205005,0.033293668470378492,-0.44569821095226203,-0.88848578251908328,-0.10929830289352321,-0.019041564230406222,-0.11265880439308391,0.99345126333624401,-11.157036807310075,-11.007503702280953,-0.94053868445486299,,0.07579299672569011,0.36,0,2
-0.76495527410768061,-0.63525534060477018,-0.1062736131312022,0.64386206090497289,-0.75853656590819285,-0.10031911436713596,-0.01688416838473409,-0.14516518319942587,0.98926335949767852,-6.6976048279133344,-9.8938893618122954,-0.92631686925744883,,0.3048933192449795,0.3061224489795918,0,1
0.3481586397403289,-0.92412090093402188,-0.15743608871874323,0.93730347213974174,0.34034529714630735,0.075015197294791586,-0.015740479311273127,-0.17368258164618555,0.98467588481884138,8.399367618263863,3.6671586517427142,-0.60728500128456842,,0.2422321669435126,0.1111111111111111,0,5
-0.89694568635866023,0.43350467238929125,0.0869605355275887,-0.44196223600014384,-0.87348284297443812,-0.20419868995428511,-0.012562550391737011,-0.22158840684012857,0.97505936243990243,7.6680047113303331,11.822741727816465,-0.52058152726323625,,0.3872886205612294,0.4,0,3
-0.97958018591403395,-0.19917059403641002,-0.027454213443676444,0.20010835905634608,-0.97906832886722095,-0.037173270570723151,-0.019475728494817161,-0.041908016898098435,0.99893163635919835,-10.298853020532752,-4.0607791795383328,-1.1701274555131156,0.1518028925601899,0.1261430373853077,0.6305970149253731,1,3
-0.89948467354667927,-0.43586824513562294,-0.030760281809751825,0.43651775707135704,-0.89949958240294892,-0.018781613836713847,-0.0194825515786454,-0.030321183013072083,0.99935031697832188,6.2885280599048077,2.8477286347677535,-0.70846516678775273,,0.08076902284049552,0.2608695652173913,0,5
-0.86918747894574322,0.4907479428814468,0.060659566447280155,-0.4944570466179371,-0.86132872454902409,-0.11672642081645024,-0.0050354238958544391,-0.13145069351045685,0.9913099211053068,-2.9228280422676125,-14.019933406010939,-0.71465608587405727,,0.3563911204200498,0.5344827586206896,0,4
-0.41287422740499724,-0.88193480445065286,-0.22743322765883486,0.9103671168629528,-0.40720084384407912,-0.073615116024527194,-0.027687269265156564,-0.23744151589656498,0.97100717898962019,-4.6275300528778942,-8.2952393774783229,-0.96485964714178052,,0.2309965235924284,0.1333333333333333,0,5
0.99624393985229487,-0.081664120450070182,-0.02879207770712236,0.083864889443016261,0.99275526084399235,0.086044595328742299,0.021556730417370804,-0.088136051067045182,0.99587516480531824,-5.4488700846303679,-14.601983215177425,-0.75592653786421649,,0.09918787285854408,0.2580645161290323,0,4
0.069949443558503882,0.99686813316425282,0.036891739285020514,-0.99754699863898766,0.069802832818163491,0.0052488129046354068,0.00265722641188877,-0.03716839534036618,0.99930548359128857,-25.194119643702212,14.840359391162353,-1.5313652372918514,0.4526653771198442,0.3936923030305589,0.8705882352941177,1,5
-0.78991319166719232,0.6002122595395607,0.12562799500336438,-0.61287999520415204,-0.7659240951514964,-0.19426371752059368,-0.02037795644094197,-0.23044635810699515,0.97287163332400373,-4.189935551487574,-22.599665231855592,-0.44198706754034683,,0.3680431478235116,0.2666666666666667,0,2
0.034770891551059807,0.97385585703760258,0.22448998822731728,-0.9991220515760354,0.028620598865614178,0.030593910751450105,0.023369021272584844,-0.22535667514881877,0.97399602556203047,6.4941953344992012,8.1200326975596298,-0.62028347994016653,,0.2837286386258659,0.2432432432432433,0,3
-0.20441361212025924,-0.95143790426954489,-0.23017599679185538,0.9788789839552875,-0.19947802558743033,-0.044771107629858496,-0.0033181245624792225,-0.23446626969975115,0.97211859277686452,-13.075309339119558,1.6999531026091892,-1.4124789469776067,0.4266309941200078,0.4849443928937237,0.2554945054945055,1,3
0.9251631786491642,-0.37766268150581572,-0.037999893021047795,0.37869328579779371,0.92518895202355222,0.02483542520738781,0.02577766792099109,-0.037367125276075726,0.99896907348784181,-11.594803441474951,-5.5282819752925958,-1.133691110764816,,0.08435123631029984,0.15,0,2
0.10828300436077679,0.99273552857020275,0.052449607062833838,-0.99411998678673441,0.10810602472291871,0.0062080020741269856,0.0004927857025812804,-0.052813423795938154,0.99860427569142896,-5.6864806665245569,19.699872695925201,-0.90569709754909133,,0.2117328444185614,0.28125,0,5
-0.31823312806019755,0.93394501122362583,0.16270953326564547,-0.94798573031132827,-0.31479155021385863,-0.047215834632610691,0.0071225930053794859,-0.16927195847055693,0.98554364324692512,-10.816762587335786,20.331304615913314,-1.0403410672566664,,0.355787897979515,0.3888888888888889,0,4
-0.40541889416903482,0.91377018494532436,0.025682082387217611,-0.91412894337265349,-0.40531781568052422,-0.0092597613556561747,0.0019481116888067865,-0.027230817045315974,0.99962727426971087,-10.487875220844709,-11.896381683623282,-0.90837213968634012,0.609430869939644,0.45777289802868,0.9673913043478261,1,5
-0.95349420613343461,0.2948550621225775,0.062524324951673496,-0.30091202525446847,-0.91927332890729618,-0.25374889126250832,-0.01734220076073564,-0.2607624188804612,0.96524722686593911,-10.334372666635756,10.276973668574451,-1.2864159458303432,,0.1290005512144966,0.3142857142857143,0,2
0.015929081831723643,-0.99112423789992687,-0.1319810948556123,0.99984079345027344,0.014727708310820615,0.010073845374937173,-0.0080406532523801064,-0.13212054970820875,0.99120104330053793,29.575672808932239,-5.4650527921419263,0.38999977399968089,0.2976713611483643,0.2456148311440858,0.5263157894736842,1,5
0.12396535143978811,0.97910435610802404,0.16120561867596966,-0.9922754207106983,0.12154780574547151,0.024811698286658943,0.0046990526510004441,-0.16303616399054982,0.98660890333273932,-8.577915939533785,-18.879503806007861,-0.68456491626652005,,0.5155853227165559,0.696969696969697,0,2
-0.88825126102944618,0.45813368488611284,0.033514534940378302,-0.45935575010404134,-0.8861039791267159,-0.061741663584275394,0.0014114269203877536,-0.070237204873714071,0.99752931933130462,-6.5604834884886154,-16.697529171471686,-0.70659472070434481,,0.1906760059432647,0.3333333333333333,0,5
0.93594218637548554,-0.33928084703675276,-0.094343683395863256,0.35169574905360496,0.91421478672369005,0.20129933887964158,0.017953380191453358,-0.22158481574733591,0.97497581794110144,-12.550688839914772,24.118507717139273,-1.0053880132824982,,0.4592229788330404,0.2941176470588235,0,1
-0.39452228282235935,-0.91668957757324543,-0.063501076567402018,0.91871036401584583,-0.39485624663598801,-0.0077337922400407579,-0.017984310009186641,-0.061390250538050743,0.99795180331134681,1.4161841544788065,23.880683372467544,-0.62220654317591562,,0.2257060319410048,0.5,0,5
-0.6227220692401384,0.78244135573058704,0.0016581084888567851,-0.78237710792327353,-0.62264061504913848,-0.014308231506552119,-0.010162946368773757,-0.010207317655061889,0.99989625721241393,-10.265706329809888,13.809108314319664,-1.2441720239156331,0.424971228507111,0.3506317322273224,0.6210526315789474,1,5
0.74884811648654781,0.64735062461741089,0.14199882831206373,-0.66153633665593881,0.71721088036234626,0.21903933065481596,0.039952142851057769,-0.25796457488833119,0.9653279776243372,11.095174390688738,-10.54348116872904,-0.27695462156430373,,0.6259766121711743,0.1785714285714286,0,2
0.63425331343262692,0.76913981356609906,0.078400775424992852,-0.77305423640384363,0.6295507729518125,0.077800847385137387,0.010482460484263373,-0.10995349682152659,0.99388145498289426,7.2076935624887017,5.4588352121038666,-0.62048635378244033,0.5346140573670934,0.5825025006589527,0.6428571428571429,1,5
0.86711468582106732,-0.49131024055536826,-0.082014444818330937,0.49785550357518393,0.86009319581547838,0.11126361521997451,0.015875112388044853,-0.13730965748025353,0.99040094848971327,-10.327282089931735,-1.5301677734339352,-1.2932993565113278,0.6225473462901132,0.5967580492761742,0.9270729270729271,1,2
-0.62363177949268445,0.7769859118413226,0.085885367827681469,-0.78164285609849582,-0.61827095106216801,-0.082313283149613739,-0.010855833315510859,-0.1184648634523776,0.99289890069947984,-17.521220425298388,36.015324915622877,-0.97069187524731626,,0.4193703664743424,0.918918918918919,0,4
-0.89940194941089469,-0.43135665051179367,-0.070764210269944353,0.43670545509033387,-0.89376178878935009,-0.10236313005377586,-0.019091330237231304,-0.12296871536821102,0.99222689751410464,-14.473460073939547,-8.7590075577906426,-1.0394876440593714,,0.5152793899891863,0.1833333333333333,0,1
-0.85462035494542909,-0.50552327413752418,-0.11861816141816262,0.51869335054887644,-0.84173179530145414,-0.14981586322873353,-0.024109272268738782,-0.18956213779093048,0.98157268651221319,-11.931629236418811,3.216465354217775,-1.3830529504726861,0.1415673155484055,0.2954761461838831,0.1702127659574468,1,3
0.72130914197494722,-0.6813400591399652,-0.12445419042569578,0.69259410911239438,0.7082131982187474,0.1369213858080002,-0.0051499248708418294,-0.18495888645837824,0.98273276560512768,6.613962489257954,-10.124228334053473,-0.49200001449003183,0.1399866060435565,0.1662829164496646,0.2903225806451613,1,5
-0.99872010998440064,-0.04853891422404618,-0.014216740790291853,0.050153307243281028,-0.98675772614319868,-0.15425250620092348,-0.0065412296480648778,-0.15476809652720924,0.98792917186002593,16.353940067642291,-9.5474226638014716,-0.14665904109330816,,0.2791968292045817,0.34375,0,4
0.81686115271311444,-0.56992323035919368,-0.089024539791807786,0.57673126316611001,0.80984754110231516,0.10736857201880474,0.010904461244149784,-0.13904845079135286,0.9902255404994863,-4.0949936654109358,-7.1392073661667315,-0.97616225628327336,0.84124410811422,0.2819655409954957,0.4086956521739131,1,5
-0.49782827428166748,-0.84201663818258021,-0.2077859243294439,0.8656713156279684,-0.49700112909266225,-0.060025419445098378,-0.052727437114635109,-0.20975666545862995,0.97633086536839431,4.47637804281743,-9.9289090512985947,-0.61076988881153327,0.8542066379008548,0.3728340944618427,0.2380952380952381,1,4
0.97569356240813254,0.21912442611598704,-0.0025608894290582484,-0.21823397586518725,0.97265716335160801,0.079447934893723093,0.019899850587412272,-0.076957965540571521,0.99683572743278814,-13.315850345302749,-10.332476491245297,-0.98629055815413036,0.266127134294087,0.2886699465793459,0.86,1,3
0.24094260477583868,-0.94272908744005179,-0.23066973988427636,0.97045935924728599,0.23707092351557127,0.044788494871112465,0.012461671363804702,-0.23464706458406823,0.97200075196930757,13.552723048439182,-7.6642242697541993,-0.28851111305893984,,0.3695122807318204,0.2962962962962963,0,4
-0.99622712072022912,0.086081451544821552,0.011023050458839816,-0.086689043104750577,-0.99302424089322738,-0.079924131549941047,0.0040661710569389652,-0.080578165146434802,0.99673999897393983,-2.8605479489548458,-8.7356629197400526,-0.90021841130667946,,0.1318662003497008,0.1780821917808219,1,5
0.88798179361915097,0.45851639970774971,0.035370120157536267,-0.45944021779635197,0.88115003452205154,0.11175554989810563,0.02007536978877698,-0.11548734935407601,0.99310606264739598,-9.0531750041073309,-12.327993052434866,-0.87733111136349851,,0.1796216631773506,0.3333333333333333,0,3
-0.64877945984295848,0.7600753878821106,0.037021847897409754,-0.76089380334565315,-0.64722365577581398,-0.046283468262200832,-0.011217509352183972,-0.058197458192353745,0.99824206650685876,-11.522178978073347,-1.867480616684404,-1.2870426320582653,,0.1073883929042663,0.3689320388349515,0,1
-0.22980365924004953,-0.92565284034851214,-0.30059457306248138,0.97318504198739908,-0.22174804119541977,-0.061144748572376478,-0.010057447582162865,-0.30658542917224002,0.95179000959634263,10.496706859831782,-19.961508289565892,-0.070565430404353285,,0.5657378876307388,0.3571428571428572,0,2
-0.99769516630077804,0.06331457096647343,-0.02440533227379274,-0.061671519595634008,-0.99610372432227434,-0.063039622953031407,-0.028301569052406966,-0.061389213178101878,0.9977125766945838,-8.8749503461498147,-7.5471244158815063,-1.0669302710900495,,0.0819275913080436,0.2830188679245283,0,4
-0.74715066272018615,0.6603013528408509,0.075947420188773082,-0.66432210888261256,-0.73827107476669185,-0.11675596692500807,-0.021024339384301361,-0.13768784840855547,0.99025250999635339,-12.629710121044807,21.05471418689034,-1.0909800755528583,0.4291739505574146,0.3815709556770586,0.8354430379746836,1,5
-0.77253240184897043,0.63175166557976359,0.063902434465792871,-0.6334421564917867,-0.75976522640254984,-0.14665549811894693,-0.044099007613497374,-0.15377462009927415,0.98712139260621246,-12.591566620598835,15.123034709290948,-1.2533724989955999,,0.2513990262489845,0.3333333333333333,0,4
0.79983328662316777,0.59889914191965421,0.03983128691724494,-0.59908034063189375,0.79246050549872038,0.11449494614648965,0.037006203236165165,-0.11543901001227917,0.99262499257747372,0.92825193532051498,-21.346095926092666,-0.29369427688519806,,0.3057057133551846,0.1,0,2
0.99189092191690942,-0.12283161138938116,-0.032631185426100509,0.12582166580910142,0.98526966624124734,0.11581275058422838,0.017925050400133029,-0.11897932605436098,0.9927349155438242,4.0537052452560447,-17.67604412636187,-0.28705337427645383,0.5258233082867719,0.5069368068855535,0.25,1,5
0.87141707042635286,0.49019990081290199,0.018339754975779728,-0.49024762108109154,0.86898684374598467,0.067224515027778112,0.017016444807334746,-0.067571611194424924,0.99756930484388218,-6.8445262151550592,27.254387034661686,-0.76213900906986287,,0.1205414868026892,0.4375,0,3
0.57964634637827606,-0.78596092138720719,-0.21511751017173769,0.81473583692865947,0.563749995382819,0.1356151124691802,0.014684316615774008,-0.25387274914421942,0.96712615417404779,26.713298372889493,-15.84417097975029,0.43689210082330709,,0.358432364594892,0.2352941176470588,0,5
-0.7092251590806895,0.70196802928186897,0.065119579183984241,-0.7048998174030604,-0.70469994115679124,-0.080710844121137285,-0.010766668570282165,-0.10314494073750495,0.99460806353465381,-14.772816765996749,-16.607384169982396,-0.83102953553717462,,0.1586269460814597,0.3478260869565217,0,3
0.32742903457159606,-0.91753107323875849,-0.22567001785980553,0.94487103196122568,0.31870827729266782,0.075125008789810016,0.0029933726867186271,-0.23782717175813275,0.97130287557151129,-4.1903977028519881,-12.619309779481874,-0.7855844064125912,,0.1074568491523923,0.1276595744680851,0,5
-0.58500012512763755,-0.80511780504467101,-0.097776140242395684,0.81062423472131229,-0.57661243603636025,-0.1020120026795979,0.025752741274208346,-0.13893674319008131,0.98996635180626147,20.768976341112687,15.48200567920574,0.037837915330774664,,0.3072042541279176,0.4074074074074074,0,3
-0.97095229464465593,-0.22816228973446559,-0.07206671261688645,0.23764635079052945,-0.95463235735568963,-0.17944713496031567,-0.027854146553497997,-0.19136099872400045,0.98112441345995016,2.4148472735163145,18.796175834356237,-0.70045116993090173,,0.1329142782335868,0.2307692307692308,0,2
-0.85870511696294716,0.51069566859043747,0.042608170397426287,-0.51221526174541687,-0.85268528039077662,-0.10277810194771946,-0.016156971768379349,-0.1100806372068573,0.99379132898984757,-6.9473816242971296,-5.9639405927197116,-1.0886800226280862,,0.08361749114858952,0.3384615384615385,0,5
0.56053127583111606,-0.80256768283544599,-0.20418081027188756,0.82812884801088593,0.54402844231566094,0.13503949438500884,0.0027018340631177096,-0.24478187927160538,0.96957440749689616,0.62944773492909045,8.8002403572955625,-0.82930534220676155,,0.4958007142872974,0.3137254901960784,0,2
0.98186130498355695,-0.17529623157191127,-0.072246861334408705,0.18907167652810888,0.93369466910199295,0.30408249871600623,0.014151993175401903,-0.3122266742083491,0.94990221865303437,-10.963275747049218,-14.746636332640628,-0.83085311853757104,,0.2314704634083735,0.2413793103448276,0,2
-0.67234130422803151,0.71907578825209095,0.17574749323555924,-0.74016944417462815,-0.6497460401540236,-0.17314524889348648,-0.010313318533387657,-0.24649562684518203,0.96908902656413842,2.1727416017769157,-10.538241099601935,-0.66218950510243146,,0.3940939895960729,0.3043478260869565,0,5
0.80395880269389508,-0.58487489148008809,-0.10757139437208652,0.59464037621496091,0.78842131539796922,0.15746317792127545,-0.0072846788487816857,-0.19056020240934979,0.98164848225410073,-16.02535973886442,6.0723324185137191,-1.6477121572395972,0.2933759509057325,0.2772046506019461,0.3932584269662922,1,5
0.52213717535822957,-0.84549405831788604,-0.11185958813656309,0.85281936228054056,0.51890515581573837,0.058622304520188198,0.0084797068547667175,-0.12600490711474871,0.99199337596309689,-13.468013388853802,-12.136115566691265,-0.92910211073551807,,0.1353660070664987,0.391304347826087,0,3
0.99715275256394187,-0.067305520727270765,-0.034005219213894107,0.071614536426824582,0.98646436669962501,0.1475107162353943,0.023616651467240086,-0.14952598473689752,0.98847571222662656,5.3769755642123425,-6.5433529817594298,-0.68065473193124038,0.4716171029714229,0.5343608484407882,0.6019417475728155,1,5
-0.80012030930399713,0.59745422516487934,0.05344099055883663,-0.59966818196577787,-0.79458136753266506,-0.095071141298390227,-0.014337439699429836,-0.10811521263241988,0.99403497856982481,-1.4797203057802368,2.542113075856864,-1.0153951660144733,,0.07156322861828926,0.1693989071038251,0,5
0.98270381726154321,-0.17705375138298715,-0.054269481854931141,0.18423600621963537,0.96436609039692101,0.18988190462704954,0.01871634451034088,-0.19659606510245542,0.98030591431165071,-7.5689320929133617,-14.40385621512789,-0.79167129415956916,,0.09084971678241942,0.24,0,3
0.99791715388941582,-0.046859977868203007,-0.044333919829398223,0.054352944099245237,0.98092802933602607,0.1866171447929813,0.034743509336166642,-0.18863812906496871,0.981431884962923,2.6908718149767483,-5.6471643642697291,-0.80955898800566917,0.3489378825264195,0.1916038981248925,0.1707317073170732,1,5
0.70975247514437612,0.70444720166307895,0.002358833501632936,-0.70424595919671051,0.70946094788649017,0.026510231592871105,0.017001558209063284,-0.02047690145163374,0.99964575901936581,-7.0772785323050007,-2.3258315267919922,-1.1857739168816823,0.5030870933952365,0.3898155650965724,0.9396632366697848,1,3
0.81535802559236459,-0.57352022661487745,-0.079157057586431365,0.57890583098156889,0.80581072286555044,0.12464797539647089,-0.007702529302837418,-0.14745720931348111,0.98903844337003421,-11.854428597963652,-13.4196753528448,-0.88013330723275218,,0.2431403618615385,0.1851851851851852,0,2
-0.94583168532986361,-0.32027432927702487,-0.053167443348566032,0.32379638821990564,-0.94250682332891877,-0.082684865327190965,-0.023628838350950001,-0.095421391650841875,0.99515648820354019,-0.17864097806735071,13.556476216607416,-0.79723315185197441,,0.159879319929682,0.2692307692307692,0,5
-0.60520200328740592,0.78596254048394476,0.12646509468202363,-0.79604871090992813,-0.59871265437634846,-0.088598009843718267,0.0060815356244402737,-0.15429206864142267,0.98800656499782336,5.8272365209946511,26.662071771976596,-0.48556461388229094,,0.2784296006483429,0.2307692307692308,0,4
0.9746525132519932,0.22230862663867174,0.025126737424527121,-0.22345263395213774,0.9728419283151386,0.060394560118732336,-0.011018111971903034,-0.064478345466605413,0.99785827860195853,-23.47775102781538,16.8413043482084,-1.4482691794824891,,0.1188647024646875,0.2608695652173913,0,2
-0.4052621373329387,0.90193980691264219,0.14922193119889091,-0.91312196439873172,-0.40728175667692479,-0.018161740301041451,0.044394573733088576,-0.14361808863978931,0.9886369234650878,-11.156316349844666,-9.3632353189644029,-1.0038920381120555,,0.272068783407974,0.1914893617021277,0,3
-0.98158886938314671,0.19054036010840503,-0.013329016200576209,-0.19019198428617126,-0.98145856524642028,-0.023792726151646584,-0.017615351725259226,-0.020819603122967476,0.99962805258225806,7.4442986850708754,-3.9490864243663069,-0.68383346708479642,0.665549181544382,0.5800692111598165,0.9338422391857506,1,5
-0.64364164058809137,-0.76096398824725908,-0.081604210013305756,0.76532009246550936,-0.64042002077727556,-0.064399946088631047,-0.0032549300537212853,-0.10390382850722918,0.99458202268686013,0.75943927206584916,28.94083973026984,-0.58597555708180993,0.2914902673905632,0.1674235299206074,0.48,1,4
0.27559776879375797,-0.95771420739039048,-0.082639983049964449,0.96126755046226486,0.27486658514546386,0.020323798826709573,0.0032505790529388217,-0.085040327686736777,0.99637220776311963,2.5855954325693,10.253362795294731,-0.7354043290552178,,0.11098896465618,0.2884615384615384,0,1
-0.11065210696933947,0.98186760388301175,0.1539224469279222,-0.99385628701748219,-0.10894166268887348,-0.019529333998056016,-0.0024066530846345415,-0.15513775354702311,0.98788991565118922,-8.3560801700600447,16.3368432703741,-1.1013922304432877,,0.2070118221189571,0.25,0,6
0.01189475058432231,-0.98602339026291852,-0.16618179431862351,0.99991761006245661,0.010927127937952029,0.0067357970585047895,-0.0048257637242718632,-0.16624822323696622,0.98607212731880323,3.7180076368292116,-20.799123284037844,-0.22496067661542085,0.2995830016979647,0.2589962111597314,0.2222222222222222,1,5
0.77264406741167924,-0.60875924661530456,-0.18009254497036198,0.63469221608878612,0.74684038971415978,0.19848229928108549,0.013672451493452977,-0.26765950749406875,0.96341655171488039,4.8727275612526899,-11.031256685575654,-0.54650148494897199,0.516880805519592,0.4113648885865993,0.4,1,3
-0.99131284808137432,-0.12902529963955053,-0.025520761777801777,0.1299422613042209,-0.9907813831182265,-0.038304824676284557,-0.020343204170943135,-0.041288290340719215,0.99894015392554969,6.198094732343268,-5.4631829454927123,-0.68111707208468042,,0.07427929612329824,0.2295081967213115,0,5
0.53457320557498289,-0.83137325204562929,-0.15182227657482375,0.84507993193237452,0.5276463030567311,0.086193314797254908,0.0084496465287758078,-0.17437859574397224,0.98464242688394255,-8.3863188941904951,-8.6126084121708022,-1.0136989705295143,,0.3478805668354042,0.2,0,2
-0.48401231984435866,-0.85324012660064497,-0.19419928063048628,0.8747704618353157,-0.47750605061538653,-0.082247253608407248,-0.022554674444819855,-0.20968847842504901,0.97750807090094005,-15.965299922526961,20.807121730790669,-1.1472443352420945,0.2815089728231058,0.226941529936635,0.3076923076923077,1,4
0.61093517600434277,0.79121602165617155,0.027118587631431827,-0.79167270297986536,0.61041730304704223,0.025397785283953117,0.0035414795068235542,-0.036985445993744384,0.99930952897865777,-15.89937318503438,10.659419727379952,-1.689529910297022,0.6750723802079339,0.5491666737273286,0.9102844638949672,1,5
0.28707952044380958,0.94409401410626992,0.16208590768621223,-0.9574491455275892,0.27757512734320516,0.079013811507189197,0.029605450009119037,-0.17787226093214889,0.98360814154857601,-2.6080793286879893,-17.426222529945292,-0.56382069172532456,,0.2283910302680881,0.3076923076923077,0,5
0.89200474750521141,0.45122411555753134,0.026913341811978325,-0.45180098024739224,0.88810044010392597,0.084578262778977523,0.014262001109951256,-0.087603686146976195,0.99605330655432445,-13.488656402136224,24.021801614677365,-1.0194559877433573,,0.3842064157116932,0.625,0,5
-0.67873979514102523,0.73338942559268672,0.038108278900368865,-0.73432920694003256,-0.67717617955887544,-0.046829880128704586,-0.0085385201728491369,-0.05976932546779317,0.9981756966618569,7.1375433379654893,-7.2206303978672448,-0.58373829184071657,,0.1167156059104416,0.2432432432432433,0,5
0.74469355623535682,0.66506258365979887,0.055886197914093189,-0.66719463464700302,0.73973251453743594,0.087447849798476085,0.016817455211539534,-0.10240882165066585,0.99460022443609619,15.22799505869672,-7.4434185067203646,-0.24404257198021351,,0.103300466800655,0.4736842105263158,0,2
0.15598474281434949,-0.98214518443040044,-0.10516461719284148,0.98772206612688596,0.15601874520851078,0.0079543214417235417,0.0085953531153602439,-0.10511416576150626,0.99442301464773342,13.439477758388261,-6.3599030738651541,-0.3472453233187478,,0.3238110362599894,0.3636363636363636,0,2
0.54687104024432553,0.82187230114609477,0.15955558890528973,-0.83558700925385332,0.52391695163433416,0.16524338944837957,0.052215086979639627,-0.22368940162424181,0.97326082644515144,-4.2994414684252265,-11.211783563879761,-0.83190455022657861,,0.2614115359666031,0.2352941176470588,0,3
0.85478820485822093,-0.51133088449513731,-0.088757261092715575,0.51876449175892958,0.84674342548556869,0.11793631114743493,0.014850149001251374,-0.14685468313399375,0.98904659906207404,-13.105756695050937,3.8267721845780809,-1.4292459115983507,,0.3366610026094278,0.2777777777777778,0,3
0.7413659023384187,-0.65939593017425868,-0.12479425515449306,0.67059971984046773,0.73507736261369683,0.099786205072527917,0.02593481443594664,-0.15766508250882424,0.98715201826145171,-7.1326832467208883,-11.074491161290519,-0.88603225449569711,,0.1029796273282305,0.1212121212121212,0,4
0.4011773717210006,0.90654332580242669,0.13128562321178144,-0.91594329229287486,0.39541046857212825,0.06854521607858105,0.010227498360768437,-0.14774897558577427,0.98897201097434251,-4.1126436246889853,-16.453561691348884,-0.66087028449309371,,0.7945846678157167,0.2307692307692308,0,1
0.8121578180341783,-0.57478646758492735,-0.10010092550624157,0.58329374782124566,0.80372990208280504,0.11741655867300818,0.012964658059892964,-0.15374902009186314,0.98802487643894088,-6.8263495410248032,-14.014344954083468,-0.79337994302638015,,0.2768926461930456,0.5588235294117647,0,3
-0.63913259221595353,0.73958770331575752,0.21099658450183029,-0.76901783396049861,-0.61062186953567865,-0.18908332421304383,-0.011004572595883394,-0.28310945153575329,0.95902447196779406,-14.397710143582705,-14.047326944713097,-0.88248125660237597,,0.6723978886840941,0.3333333333333333,0,1
0.16104514770228037,-0.98488793283034304,-0.063719856926426108,0.98693889977852944,0.16044560169197022,0.014450501778391909,-0.0040085540405949078,-0.065214788682285502,0.99786319845539384,0.17421633474756976,19.207615787174554,-0.70850901051521542,0.353359568470302,0.2925201036498959,0.4925373134328358,1,5
-0.96692298873658611,-0.2547596774094904,-0.012547534376069973,0.2548942802214656,-0.96327493038638923,-0.084441188998479272,0.0094254847666967682,-0.084846421582223025,0.99634945926697993,-27.391341637164782,10.332751566177491,-1.5749334745001933,,0.173253493167713,0.4230769230769231,1,3
0.79404863126830827,-0.60660567288873191,-0.038940066771059163,0.60773322542873887,0.79353807112576846,0.030946023718346313,0.012128391934116788,-0.04823782015393574,0.99876224138474967,-5.4473008391998201,11.296048540465508,-0.99432405839332894,0.1504110547086155,0.1266082143603171,0.6101694915254238,1,5
0.92940885171672527,0.36778625057276587,0.030536211949490633,-0.36811214252908947,0.91796318087495821,0.1477736413592477,0.026317995235976003,-0.14858288073514705,0.98854969054630926,-4.0933243083435462,27.94204669782502,-0.70622493920765861,0.2974222154563372,0.2279660578037758,0.6551724137931034,1,5
-0.99289764122035606,0.11883954464173052,0.0056068429975794755,-0.11823685677204704,-0.98043814405870389,-0.15735657398212194,-0.013203020855842773,-0.15690190662981349,0.98752593481701023,10.271561700844199,-6.4912957017244146,-0.47712924465403961,0.5926104227215232,0.4648265587162261,0.3684210526315789,1,4
-0.20145039767461384,0.97899956841535074,0.031266312850978605,-0.9794946444689735,-0.20143895463436695,-0.0035480998310652148,0.0028246651726647832,-0.031339952111782345,0.99950479171852513,-5.2078610200489965,-11.761984253064448,-0.83766088884815493,0.3762112807646882,0.1861987513680395,0.6210526315789474,1,5
0.98442433819449637,-0.16751217296765245,-0.053370350176688758,0.17376790232267875,0.97320086211120271,0.15061473403484524,0.026710269424008323,-0.15754286367102271,0.98715085352423726,-7.9223878876348381,7.9814434450769882,-1.1798824727069199,,0.186997519305789,0.2840909090909091,0,5
-0.11544165907875859,0.98459509931210532,0.13132293691404298,-0.99331382453845618,-0.11455237570016631,-0.014331755029780707,0.00093237864056299792,-0.1320993702938586,0.99123604002176868,9.2374056686754269,-6.2370172637522332,-0.53112879252194545,,0.07985653076433108,0.2608695652173913,0,2
-0.94850241388955958,-0.30587224636159799,-0.08237317373628758,0.31608892677089256,-0.93094459257363404,-0.18283860623713058,-0.020759605451550592,-0.19946010744913631,0.97968602333496391,4.1245820638944055,8.198648177101969,-0.71611020993769381,,0.1099082604912909,0.3157894736842105,0,5
-0.99885547589873569,0.047181518903658563,-0.0078512763964045888,-0.045553544397248569,-0.98844652199695837,-0.14456260839153201,-0.014581250287850185,-0.14403949953418768,0.98946450654583007,5.9795986309016502,16.35141038463625,-0.60450054991726299,,0.1669639644410455,0.4285714285714285,0,4
-0.5443026005401318,-0.8070517983917429,-0.22891499242711041,0.83887865465972078,-0.52228677139233359,-0.15329426337886881,0.0041571386249975081,-0.2754703670836966,0.96130057477212982,3.878437051599875,-8.4014101863138642,-0.67985175861543756,,0.4815691914911498,0.2222222222222222,0,3
-0.75708506836029321,0.65111851176014612,0.053543280709551153,-0.65312759970679746,-0.75235054172593041,-0.085982561405994778,-0.015701521172382337,-0.10006670779010716,0.99485683202404662,-19.021923337519745,9.080157792955978,-1.6044273248008574,0.5346172331219851,0.2482449381020533,0.4032258064516129,1,5
0.98711478917773166,0.15943754964298892,-0.013566899072468998,-0.15765760088415745,0.98357412989796533,0.087897735345756733,0.027358250493312593,-0.084626229735823733,0.99603711144246299,-0.96382385661202663,-15.8191833946383,-0.59001429415246609,,0.366669721179552,0.2666666666666667,0,3
-0.84337946358958393,-0.53627450461252757,-0.033477396821347663,0.53700992982455487,-0.8433686036081216,-0.018701168891647607,-0.018204825326611423,-0.033749876306076655,0.99926449460798539,-14.806529462761363,-4.3210630001803434,-1.1953590897228108,,0.4879806385140357,0.9954337899543378,0,1
0.84435315133769118,0.53441663985336241,0.038296355883459775,-0.5354771337068347,0.83927563305240016,0.094237206248947367,0.018220732785040016,-0.10007630494945055,0.99481291612264544,-12.47990466957677,-8.909853225541525,-1.0210475550133038,,0.2804011053373697,0.4444444444444444,0,1
0.73469890066575416,-0.64363229272573019,-0.21437116672060505,0.67796564771384316,0.70783235350039297,0.19833290160244488,0.02408538728114273,-0.29105125167007256,0.95640423619973725,16.577064390687195,-2.3730108552139497,-0.36884648152493549,,0.243985705288118,0.3076923076923077,0,3
-0.64249461038887046,0.7578538981642674,0.11339375934538225,-0.76608445666873581,-0.63182172409013715,-0.11796573323781449,-0.01775615025342225,-0.16266154433359956,0.986522144263973,-13.143820308088543,34.068113042730474,-0.89305016260998582,,0.2372733310781694,0.6,0,5
0.78745681016880065,-0.61294855137588089,-0.064852490198798809,0.61610395194031298,0.78583821077462723,0.053611816701733213,0.018102279478146469,-0.082172865671951673,0.99645367560411646,-4.5539249781367976,-17.551618378525362,-0.62074322506457758,,0.09122838895218832,0.5833333333333334,0,3
0.16562740193999997,-0.96568658935888319,-0.20004243264621205,0.98592084714960482,0.15741548504201963,0.056395462803247857,-0.02297056556579518,-0.20656663864572686,0.97816285807435699,26.779482740717029,-0.27663041901925295,0.13824877922220613,,0.3627926459346271,0.3157894736842105,0,3
0.93848978918122872,-0.32346940386270223,-0.12084891545760937,0.3424766798311954,0.91665005039303116,0.20606408926897887,0.044120736330813551,-0.23477697902298883,0.97104744000819332,-22.117289010865239,13.036707448335354,-1.5401435568083093,,0.2148267195795036,0.4285714285714285,0,5
-0.70080187100544011,-0.70925624524297459,-0.076369602454853081,0.71324340757568472,-0.69856609905866318,-0.057351955466122435,-0.012671982682303358,-0.094662473186579055,0.99542877044271738,6.1052970869335592,21.861114020275608,-0.49223635350989819,,0.2728521060989347,0.5172413793103449,0,3
-0.60047591336821804,0.79913183835188484,0.028582903927727259,-0.79964203472668494,-0.60014242118803818,-0.02004222015463299,0.0011374369309462634,-0.034890961908445317,0.99939047774847833,-11.5616486429146,-17.950237728365444,-0.7437262102230936,,0.1489456175992328,0.6153846153846154,0,3
0.61217832489949231,-0.78253565368578304,-0.11347091800904313,0.79014744411950943,0.61086247042730224,0.050140390653240129,0.030078481920764191,-0.12035361620664661,0.99227531058236307,-9.3150967834259824,-16.190423884271329,-0.764974836723048,0.9182199965650071,0.5056491357810123,0.5526315789473685,1,3
0.76537886818984147,-0.64038436757164718,-0.06405505365151673,0.64355506080599889,0.7624248066419711,0.067418824729744323,0.0056632004577176955,-0.092823897713974382,0.99566643619927331,-8.1565250864781635,27.428452028270087,-0.80296255902680735,,0.2215891781355901,0.3,0,4
0.084037766801532549,0.99343693005512301,0.077593297092367272,-0.99644732426377935,0.083350566814890129,0.012058730413760156,0.0055121428289232471,-0.078331022042927967,0.99691216627501578,7.0277379765665309,25.337925094060715,-0.47673287483453797,0.7543056663081413,0.6992154050083614,0.8795180722891566,1,5
0.56231985688209385,0.81514655095694977,0.13904128530437154,-0.82690872723347264,0.55517708833904522,0.089444717051930078,-0.0042819833279984388,-0.16527099275544468,0.98623889781959539,14.905116555462815,-4.7279231679907303,-0.36292135613087334,,0.2076173459195861,0.2580645161290323,0,4
-0.91253303572051214,0.40899557278265897,0.0024657986317247267,-0.40863215067384806,-0.91143236958923113,-0.048070792594109714,-0.017413332661301541,-0.044873790893404333,0.99884088759746081,-9.6567563623729864,-2.9898535324370989,-1.2194043206456313,0.2607713140448252,0.234705036425762,0.7671451355661882,1,2
0.86817996572424505,0.48986749438343868,0.07933085819238829,-0.49594219853925503,0.85085930028569934,0.1734352525450954,0.017460894109385255,-0.18991653183391566,0.98164496031563209,-24.380925859235933,9.3525338392714232,-1.5496658902761251,0.6824563279612893,0.294458755103903,0.4838709677419355,1,4
-0.99975856852364076,-0.0092327890465136765,-0.019938913460479622,0.0096245208640582097,-0.9997607745200745,-0.019640833209392812,-0.019752803894617754,-0.019827993782641169,0.9996082619710871,-2.3268390752578578,9.8511690999009005,-0.91465501767954382,0.1897160902401473,0.1478413764461685,0.5670731707317073,1,5
0.33884949012453319,0.92830548757887665,0.15306843166796089,-0.94083179570062603,0.33362817584918814,0.059395054325086162,0.004068813227545074,-0.16413763130522063,0.98642905611525478,-9.958287997776603,8.1008962205594148,-1.2609239179649299,0.3337191099868825,0.1474391744730763,0.4050632911392405,1,5
0.6819071866873242,0.73117526669267463,0.019629521672095675,-0.73119310657453296,0.68073728277022072,0.044197202903583387,0.018953354374956266,-0.044491361223423148,0.99882996007049407,11.769017373587427,-12.56244828310137,-0.17244506052927527,0.4068475660758898,0.4019885338406273,0.7173913043478261,1,5
-0.97530538568959024,-0.21348295017595398,-0.05660772587774978,0.21984073685473454,-0.96297565592025181,-0.15603825340001645,-0.021200355281141316,-0.16462963308326847,0.98612759257959193,-4.3969174309799488,-9.4310824434501743,-0.92087816878353257,0.6702132915854428,0.2782717170255311,0.3928571428571428,1,4
0.99471356618888407,-0.09992362905627053,-0.023668324740430909,0.10077547468327687,0.99418142545521904,0.038047299275904757,0.019728784609140189,-0.040231351407265838,0.99899560230353013,-8.6372740674847446,-17.60289305146533,-0.72078502352189078,,0.08901162177793709,0.2142857142857143,0,1
-0.46839794995919665,0.8807137816681101,0.070332035758107606,-0.88330897337551484,-0.46507138257276115,-0.058939517016651115,-0.019199427812246747,-0.08973206724308852,0.9957808685046956,10.776425080513709,-17.767763753574304,-0.11305151740987453,,0.4400028669652297,0.5,0,7
-0.9084128755906633,-0.41680317284158819,-0.032575490330723073,0.41799075590522466,-0.90702711665312241,-0.050848182206464712,-0.0083531693913557522,-0.059807397244054906,0.99817498455732256,-3.0498055440934486,-12.08025184649741,-0.78150870190097543,,0.08975283852391072,0.2857142857142857,0,5
-0.97690892423253073,0.20952988896592464,0.041787311289048619,-0.2128002241186169,-0.9367149344714345,-0.27799495706441035,-0.0191054539309343,-0.28046810365548558,0.95967318627853193,-17.120913129799661,-14.545964389146416,-0.89329343757708857,,0.3720689883773778,0.4545454545454545,0,1
0.17400555042137508,-0.97470015161099677,-0.14029142123470392,0.98458401918121441,0.1747758518238052,0.0069072999231477045,0.017787006367552972,-0.13933059990096244,0.99008616106666092,-19.139008269605934,16.229222748646045,-1.3724449601568527,,0.1497109496514145,0.25,0,4
-0.67658561364132219,-0.72342153227636741,-0.13745251562815819,0.73620439840105201,-0.66843571069010033,-0.10581485930230419,-0.015329422315968849,-0.17278595809015898,0.98484009945692474,2.4842788766678918,13.716640519262642,-0.68066428663752232,,0.2235185682206175,0.1111111111111111,0,1
0.77644790604082337,0.62949488732325365,0.029408094781949681,-0.6296385586957518,0.77299722930608517,0.077656737561214093,0.026152143475370121,-0.078812881681861319,0.9965463336306265,9.2596934530669959,5.8246891954069442,-0.55369243307817173,0.3782944966429684,0.2832775058861719,0.1666666666666667,1,5
0.92719519465018563,0.37206854392961541,0.043290525934640493,-0.37370988676633299,0.91098037240897223,0.17451556268339741,0.025494931862950154,-0.17798808865680907,0.98370231713948797,12.932506563379976,-4.0114733932569617,-0.45054923302229438,0.3312284718698119,0.3584613424905343,0.1739130434782609,1,6
-0.89916314851067813,-0.43439928398076116,-0.052942369019200013,0.43689673744047691,-0.89801841278885131,-0.051808986730667646,-0.025037435456332875,-0.069715079926753382,0.99725269338145972,-16.632753641214052,3.1107580872220146,-1.4872791386074495,,0.07708273078707857,0.3392857142857143,0,4
0.57077644177839704,0.81455757205595614,0.10349017014721,-0.82099605036223577,0.56409139522102147,0.088127085094259386,0.013406669996747909,-0.13526588499657854,0.99071862885265838,11.943353503240086,13.337395917835675,-0.34915153575676861,,0.1097760978198566,0.4666666666666667,0,1
-0.94631437344837077,0.3230072993585556,-0.01246559930810626,-0.32235442749648729,-0.94586221054745034,-0.03784576240087037,-0.024015196822634859,-0.031795647805690351,0.99920583820461506,-18.31919880079878,16.809384579417721,-1.3086795279897077,0.2471036261552728,0.2274496832805707,0.7613636363636364,1,5
