axis_00,axis_01,axis_02,axis_10,axis_11,axis_12,axis_20,axis_21,axis_22,location_x,location_y,location_z,dbh,dbh_approximation,score,reconstructed,number_clusters
-0.9837436329217959,-0.17777984481778655,0.025353332372463629,0.1742257092702742,-0.97907417111249218,-0.10516258692926266,0.043518581262430661,-0.099035822998289572,0.99413180154743808,-23.682917032751273,1.0745156927182369,-2.0487653406117143,,0.3528566522671795,0.2909090909090909,0,2
-0.6514445544096833,0.73731165814594468,0.17886170996623887,-0.74815118196498587,-0.66345262953777095,0.010020842470203189,0.12605475577844807,-0.12728757646170891,0.9838231911396178,-17.344324072523825,5.5524938776270281,-2.667685347504928,,0.3246589861265228,0.5,0,3
-0.7032833651955821,0.69397106184296842,0.15426170478677129,-0.70168805002030821,-0.71245825073627655,0.0060927347310756989,0.11413320593883103,-0.10395867583972304,0.98801123729428109,6.6235871749375521,-21.783553543309271,1.7002930813949386,,0.2324345971494355,0.1724137931034483,0,4
-0.6946826896721997,-0.71904989025676047,-0.019575903339013798,0.71710752083995111,-0.69442411298232454,0.059430252090078607,-0.056327295555325056,0.027247139858189984,0.99804049474205714,-7.8427846155115883,-10.325224380223736,-0.086641100925770431,,0.07189201538822394,0.2857142857142857,0,3
-0.4661399327211212,0.86771723251854205,0.17256989167612655,-0.87995933145528615,-0.47491981238072251,0.011079115173369722,0.091570399734378291,-0.14669006850711136,0.98493496521032509,-5.8571225003015881,-14.443999783413441,0.68118115929491718,,0.4519322353911455,0.2653061224489796,0,2
0.70319974196870283,-0.71056576532876803,-0.024625515992402047,0.70340511755990487,0.69023184386658654,0.16970928761581916,-0.10359229452853277,-0.13666124123274528,0.98518645020069118,-5.3465249563786221,-6.4406554517233978,-0.5248061526021659,,0.07919509438095837,0.2425742574257426,0,5
-0.8062035054586969,0.58510618108633738,0.087673625684535281,-0.5862409899212484,-0.80999969654095672,0.014899440919492503,0.079733365175844784,-0.039385891612617317,0.99603782158089516,-19.644854973995447,6.6912310477684169,-2.8238076539173695,,0.1451798769451094,0.3448275862068966,1,4
-0.60647494784031197,0.77651469089248593,0.17091832104908422,-0.79174365647933787,-0.6095329471630756,-0.040144348885291031,0.07300767128747121,-0.15967003836300148,0.98446704301481736,-25.495282239899431,7.3117555785501276,-3.0229606948767409,,0.3533921227980614,0.4666666666666667,0,3
0.78686431666053691,-0.61694477785796897,-0.014956210754348668,0.60870815971062309,0.77191392016467342,0.18336650773168406,-0.101582102104917,-0.15338852932924438,0.98293083968413486,8.7693732916665912,-20.385745955221733,1.5334407582047973,,0.2198108325757922,0.3181818181818182,0,4
0.95895999480355132,-0.28323830118123289,-0.013106987080952941,0.27817934229852898,0.93087194478042046,0.23684103516720634,-0.054881525896505669,-0.23076717089890686,0.97145999966575236,-18.063595776093013,9.0304268009106341,-3.2737114643206531,0.4312013195678283,0.247770014177048,0.6666666666666666,1,3
-0.99906487489771001,-0.038510829956973455,0.019654305422623961,0.035029539726561768,-0.98742562038791892,-0.15415438867601663,0.025343778174651416,-0.15332175376493781,0.98785127055153166,-4.5947818192287748,-23.511752214279671,2.0205673356951777,,0.4090096105815198,0.3846153846153846,0,3
0.99640316863490075,-0.084700231833124265,-0.0025683188553898375,0.078847782940276626,0.91560002708975952,0.39428367645469836,-0.031044365990159466,-0.39306801080811093,0.91898519368900711,-16.748380970135905,3.7408888797796802,-2.3258061302124027,,0.5975177749289308,0.4078947368421053,0,3
0.8081664048277547,-0.58742569428308722,-0.042404195592130794,0.58153463728992505,0.78452171185187636,0.21527459038418281,-0.093190813602295544,-0.19863720026479337,0.97563247943634346,5.0904227948382665,-9.184533379463506,-0.053218116922037602,,0.09895112998549241,0.44,0,5
0.82967832548730702,0.55574765937397475,0.052710675549903795,-0.55722975319639811,0.81879111262545534,0.13811631343998065,0.033598785234886366,-0.14396406838485148,0.98901237031941214,-15.904406322159943,-14.788449833863936,0.71801739263067665,,0.2493995721548832,0.7619047619047619,0,1
-0.99336331588748861,0.10735302271554568,0.041287421363531814,-0.10593685256477602,-0.99375361740039547,0.035087478853548598,0.044796271247540334,0.030480754870324957,0.99853102989584286,-2.3272957124928486,-17.086288015206833,1.1357346107447135,,0.1042610434186125,0.4333333333333333,0,4
0.34717508242247758,-0.93771569808372812,0.012598877421832745,0.93023744271845843,0.34604694860896168,0.12210573091811947,-0.11886026379563194,-0.030672119681746039,0.99243713088772512,-4.9378360939147656,-10.268767289218799,0.073380253914797258,0.1747426779110248,0.1140620379894793,0.3793103448275862,1,5
-0.99802427678377192,0.049864092359141271,0.038224537190504539,-0.049222223135585309,-0.99863358587953532,0.017553743275203541,0.039047608119062611,0.015637565238237526,0.99911498379996289,2.5285683654518856,-20.174966515801174,1.6035031394898578,,0.5006581012120651,0.25,0,1
-0.49670485088162614,-0.86586112419053707,-0.059739473768704324,0.86532933905524922,-0.49936172733195983,0.042930178735340274,-0.067003179632524917,-0.030370691324722567,0.99729042661984413,-16.141959482981594,1.9803253712305868,-1.9697749263718669,0.3079301045664782,0.2724860949866087,0.6517571884984026,1,5
0.995145289295708,0.0925080244649399,0.033587476864969067,-0.096222765857834555,0.98620549974026894,0.13468441488425573,-0.020664765259472695,-0.13726244093574927,0.99031913532210902,-2.1156326998401704,-11.298500455620408,0.24828511769887782,,0.07118610443183587,0.2950819672131147,0,4
0.94027817551799797,0.31144073004856049,0.13741042286291763,-0.34035551835827804,0.85311387722235266,0.3954172904840077,0.005922311002816409,-0.41857064416591105,0.90816493109727647,-11.594877460971954,-7.4280345538286596,-0.53740560292781225,0.6369244129236513,0.309154436391113,0.217948717948718,1,1
0.81009885397472703,-0.58603723919427475,-0.017326311390074255,0.57914969035054642,0.79527960416527532,0.17920933950436049,-0.091244084497022385,-0.1552118084305289,0.98365838153701746,-17.660848403929965,12.53753153733453,-3.8080932232061442,,0.2144733050531059,0.7142857142857143,1,1
0.77812025048344291,-0.62811504252257566,-0.00060757258530719726,0.62092311644878861,0.76906408130114712,0.15164076731521184,-0.094780584758207276,-0.11837200770995193,0.98843548527134872,-27.044025957335514,-2.0131287321398421,-1.4930746690180781,,0.09270234044157705,0.5,0,1
0.75521853417276774,-0.65489403553378622,-0.027545741307987703,0.64867175354352946,0.7406838185231619,0.17496410241163562,-0.094180262245851243,-0.15000427727307841,0.98418941012545058,-10.89768147449464,3.3220642055282306,-2.0450140700212129,,0.1582478449046403,0.1890756302521008,0,4
0.95758444048391811,0.28023320522232997,0.0670923992261451,-0.28803670162640821,0.93749990004496309,0.1952659620411698,-0.0081791111546689679,-0.20630872038404865,0.97845276535672132,-12.588866069157811,8.4586794133764691,-2.9902938263511007,,0.1266763520347392,0.5384615384615384,1,3
-0.82310660120434453,-0.56788541902095269,0.0012937995320085687,0.56684752080671474,-0.82146020562145394,0.062345960058688775,-0.034342556822595356,0.052050758339869087,0.99805375974800636,-26.030282290478109,12.875127057073282,-3.8263105733483815,,0.1732353326924027,0.3157894736842105,0,2
-0.64366416361787804,-0.76529004954998714,-0.0052520980450649919,0.76235381600439278,-0.64176679890140964,0.083378864536390457,-0.067179637522373686,0.049664030118539669,0.9965040794772223,7.9741672976596822,-12.500726563376933,0.47233659297115216,0.3799520276723866,0.3214334127924819,0.8656716417910447,1,5
-0.98948638899497454,-0.14434549953474032,0.0090034858666513014,0.14425582564552436,-0.98949066495331617,-0.009923746146063759,0.010341313311800096,-0.0085206064519897842,0.99991022422249309,-1.0036441820496775,-15.589935483552086,0.93421167224014723,0.2207785332123201,0.1301002398712159,0.2340425531914894,1,5
0.55949163844305139,0.78712407403330176,0.2596243412885777,-0.82595862874420489,0.50341193507778548,0.25371000615709438,0.069003261628007795,-0.35638759195356018,0.93178668920855456,8.1961666908135591,-15.793812413260296,0.94448081483068513,,0.3220228631930836,0.7391304347826086,0,2
0.90345663587430791,0.41886360151648577,0.09121069246155139,-0.42847218599373782,0.87572610756498936,0.22252049424450643,0.013330150952820747,-0.24011886192823367,0.97065196606294657,-9.7579737158579078,7.5227637554190192,-2.8914218121839106,0.4702961206895471,0.2060935381292658,0.4181818181818182,1,5
0.94677187237325466,-0.32188575053182167,-0.0035475748628517813,0.3149638620330627,0.92402352914681241,0.21674474202685537,-0.066489001316455631,-0.20632518311547918,0.9762218659281835,0.33136199397989802,-4.104776362069301,-0.733741039874656,,0.07411586434039949,0.2328767123287671,0,5
0.97647669090289935,0.20494218253370258,0.067022189919796499,-0.21543115048769806,0.94039024719681785,0.26316459179884782,-0.0090934879375027446,-0.27141275724517805,0.9624200869068037,9.0442330745288348,-14.912812956532767,0.8451367235179531,,0.1509571324948354,0.2608695652173913,0,1
-0.51581281724783412,0.85365845096386739,0.07214143511757147,-0.8517225043810922,-0.520059071859299,0.064088511510603699,0.092227507250564014,-0.02838680811247931,0.99533324873206763,-2.2800145919472916,-8.4883987169956328,-0.20219855707399567,,0.1422884238001935,0.4672131147540984,1,5
-0.71830009752056145,0.69185140752508112,0.073393458887797622,-0.68890058895262785,-0.72202530204607851,0.063995638491938261,0.097267406887782348,-0.0045927236834243639,0.99524768698374422,-4.0221240074054476,-18.967392659370233,1.3847943372741289,,0.1149475326384203,0.5,0,3
0.49832949776158353,-0.86616231368990293,-0.037822718094308247,0.85965235274762297,0.48797993909796505,0.15123958295837228,-0.11254129942453975,-0.10788153401439923,0.98777326879326688,-6.692572840707375,-17.208110408603581,1.1332467717664003,,0.2146883122673389,0.325,0,3
-0.99776851127088328,-0.064742201344390654,0.01632315169836596,0.061130947457896281,-0.98412387492545128,-0.16662294579263487,0.026851539605494093,-0.16525327883826613,0.98588556569919272,0.35623421821534063,-13.728075839022157,0.57907927832420769,,0.1014961197130922,0.5789473684210527,0,1
0.34737176475936721,-0.93665821471712329,-0.044768804438955888,0.93071239457887178,0.33855115475265507,0.1384108167482081,-0.11448709807321127,-0.089746890857424322,0.98936252200909625,-5.8869527072522594,-33.863330825320126,3.1633612936335482,,0.1485740940238059,0.2,0,1
0.50966159381308962,0.84607790953795436,0.15619612922151596,-0.85457073170788977,0.47675938191440115,0.20593532058595168,0.0997693555163187,-0.23843796415101692,0.96601936468756922,-7.1470377830049152,-12.649624047408688,0.46512502110507309,,0.2511623911627811,0.2380952380952381,0,3
-0.43460033312872515,0.89541250587604182,0.09674189767204279,-0.89349128426393187,-0.44215563245550576,0.078560305703715874,0.11311885514268008,-0.052295707363593999,0.99220425498107501,6.2650176226742751,-14.663912653573217,0.80908242166198174,0.3794530593754726,0.08045063211830411,0.5294117647058824,1,3
-0.9737237700002549,0.2200397618849799,0.058690058153762624,-0.22044751526775599,-0.97539871717405058,-0.00048533234948835681,0.057139415019433974,-0.013410657135963905,0.99827613490778122,-15.583453239830968,-18.413584070323125,1.1886604457906644,,0.1152541557400632,0.4,0,1
0.41295396583187299,0.90854971231801496,0.06329646396584461,-0.90684448052498745,0.40375710855019642,0.12088542276283604,0.084274018802315248,-0.10732016372535071,0.990646391106771,-4.5415315141923189,-7.093149825495499,-0.39059061661882455,0.3437898049683584,0.2616582991473518,0.7642585551330798,1,5
0.20310284339889684,0.97233581695764382,0.11537891516474419,-0.97396290887375425,0.18849635553011884,0.12595783457187817,0.10072480896708995,-0.13795717818646883,0.98530316646470195,-12.747390934671602,-8.6018707655279005,-0.40283348475893294,,0.1091972068230826,0.2352941176470588,0,1
-0.99843301761305137,0.054866145550212436,0.011009787125991844,-0.055561846701349671,-0.99537992354942617,-0.078305101914721717,0.0066626219487878596,-0.078794123303721944,0.99686864510905637,3.686228396268977,-13.294579222718712,0.51095114491226556,0.2938229067415745,0.3233474864993355,0.21875,1,5
0.69926751495143802,-0.7022452610546609,-0.13370316323824852,0.70271012942862365,0.6409158787895175,0.30890987409577936,-0.13123801481297254,-0.30996520714708281,0.94164651214042017,-19.897721417097344,3.502488917680096,-2.4242380575436031,0.6476728747178169,0.3645943398086504,0.375,1,5
-0.82641661807118028,-0.54757318575729019,-0.13114564276179916,0.55893017718244609,-0.82594929119721439,-0.073517517678571898,-0.068063429318487606,-0.13405735567447183,0.98863339766516867,-26.680885193270743,5.0328106721970363,-2.654357982928826,,0.3243927218625263,0.24,0,4
0.3687558973816652,0.92719011206097113,0.065860338919611378,-0.92518765447972862,0.35927447427157672,0.12226878643047262,0.089704471151337645,-0.10602050855021133,0.99030942620082785,-8.8153348882464542,1.3117549822692027,-1.7701973373786015,,0.1743754712264229,0.6774193548387096,0,5
0.20400771214614868,0.97693117925341566,0.063137345425855695,-0.97362239946256435,0.19573969153766713,0.11724076262758262,0.10217767197216998,-0.085389953503141242,0.99109448550129575,2.1910656472832422,-13.513396575933296,0.59218617650327854,0.3063199899119846,0.2652521733492205,0.9067796610169492,1,5
0.2411710465621642,0.96797200923711724,0.069761849413330163,-0.96279281528432903,0.22960988519031883,0.14251068542310855,0.12192834427230612,-0.10153565854588402,0.98733175220220037,-8.9163390797979734,-13.559768979284328,0.59460091715039254,0.305256181530814,0.2788903709795408,0.9147727272727273,1,4
0.88598522066184804,0.45440618381339049,0.092440299009299093,-0.46322309075655338,0.85811878095378036,0.22148707854939265,0.021320341430743493,-0.23905475917987912,0.97077199442233975,-27.872337077195674,18.312281868655333,-4.6030647710365837,,0.1648274558931638,0.7692307692307693,0,1
-0.88960392093291807,-0.4564325734555052,0.016558072036362677,0.45619660434122161,-0.88621921498509293,0.080623577064918794,-0.022125145159197206,0.079276786514015124,0.99660707857795883,-11.351574164365461,-16.148804896546121,0.874202149940002,0.2619465972586243,0.2280876741300476,0.8,1,3
-0.14669953577033848,-0.98913841971012884,-0.0091887353926516785,0.98377836617176784,-0.14686154329049664,0.10301365615655626,-0.10324423691991151,0.0060723764444044846,0.99463749868338602,-17.230214412470975,1.3888775647897338,-1.8870147596308633,0.1526233623279169,0.1123385125707487,0.396551724137931,1,5
-0.99911931829506018,-0.033328931106065836,0.025490589654626316,0.028856325017559546,-0.98682039270166144,-0.15922570475466213,0.030461456237258166,-0.15834991284956554,0.98691306850423233,-2.7935154923215371,1.5853052758870836,-1.692760618061288,0.7960020305168167,0.2918182245590084,0.1568965517241379,1,1
-0.20735657096062848,-0.97796239974126087,0.024347426388932635,0.97309093454452689,-0.20363939749005358,0.10781942727147069,-0.10048525059286013,0.04604932662051154,0.99387231268965726,-20.680653180667125,14.336130156634331,-4.0851074951295727,,0.09545180258090273,0.2777777777777778,0,1
0.97233727089103128,0.23128940031204054,0.032641154076978193,-0.23341044923389784,0.95674823748423676,0.17364438447365818,0.0089327389198655405,-0.17645969334129019,0.98426733299509961,3.3014087795425424,-10.702368984497349,0.11398612125914417,,0.1049895965659841,0.2950819672131147,0,5
-0.82509303173660598,0.55805605584987705,0.088288886667436423,-0.5558793170072428,-0.829765398644846,0.049875526416487327,0.10109240279693628,-0.0079260167195857011,0.99484546757559456,-28.226360024618987,13.004814157047507,-3.8051927964036723,,0.3134603410338171,0.7575757575757576,0,3
0.73176280460318566,-0.67819644378966704,-0.067622344164700157,0.67970660372881608,0.71886187666614265,0.14572760590728798,-0.050220818857504644,-0.15260139549519428,0.98701098446076119,0.92405124324148646,-5.2228422587466472,-0.51581006278224195,0.3887098302289544,0.1388695758416994,0.2061855670103093,1,2
0.72734429923639365,-0.68624640378262891,0.0060119600570344069,0.6784559608194527,0.72035055534277936,0.14419634754702165,-0.10328494370851711,-0.10080154122213253,0.98953083311757883,-0.36680350729631195,-10.412232570491222,0.07702009179848944,,0.09837480416375066,0.3698630136986301,0,5
0.14119079055926353,0.98226290728759114,0.12338857981263077,-0.98387176187320635,0.12539836104139168,0.12756021024067207,0.10982493728549016,-0.1394088663430722,0.9841258309460108,5.6798094378413371,-13.320373583249316,0.60090165807027129,,0.08804278613304065,0.2333333333333333,0,4
-0.95800904983303048,0.2796497656097538,0.063361415959745634,-0.27876484769465693,-0.96009387397900392,0.022581249694454159,0.067147748493816717,0.003970106094090195,0.99773514427918819,4.5478842706693641,-14.74727952017145,0.84274643140487593,0.2457042299000984,0.2190653537399848,0.5384615384615384,1,5
-0.41152185000454811,0.89897468327828067,0.14998095143566917,-0.90595277357736625,-0.42145029027043918,0.040363657892214876,0.099495422087206228,-0.11926513176816184,0.98786461082883781,13.529649584424291,-17.002548922329602,1.0705772313057003,,0.2639066274347933,0.2608695652173913,0,5
-0.4977581017871649,0.81850270724027241,0.2868626680932595,-0.85013726660851052,-0.5259420856970175,0.025525485618932198,0.17176582904829871,-0.23116712727595259,0.9576315884714407,-19.893218912972813,8.7882793423126859,-3.2420064501530459,,0.2679502832117091,0.2571428571428571,0,3
0.98903061872953835,0.14084016885100989,0.044525072189556307,-0.14685119961135887,0.97001053767587897,0.19368603968912415,-0.015911014680749191,-0.19809998393682715,0.98005267000098384,-1.4799048805655792,-6.1367325475648133,-0.42597957082601029,,0.07304383207145466,0.2519083969465649,0,5
0.72070925454395762,-0.69296692056133447,-0.019365366571122138,0.68615217921120908,0.70908114681448242,0.16247804219637613,-0.09886029222292321,-0.13038701714511128,0.98652210739628055,-20.149176564585243,2.5567842412683071,-2.2001330867686399,0.4862643402414306,0.2503987511823778,0.5168539325842697,1,3
-0.7680628823486797,0.60674796893739147,0.20478357099286423,-0.63331521516830347,-0.76706109077114215,-0.10261150647618582,0.094822186193764285,-0.20850464075251862,0.97341387281572012,-13.518459692857759,-20.991964116789607,1.5965453169986836,,0.3505674135032706,0.1111111111111111,0,2
-0.95721754716153951,0.27622534431858875,0.086221381119313434,-0.2825195955769168,-0.95655578677978936,-0.071997950617727555,0.062587902354210412,-0.093276931414870493,0.99367105650950927,27.385371871500141,11.848935916585267,-2.8897473880401594,,0.292988418698531,0.2307692307692308,0,5
0.59018516138669963,0.80416828437256649,0.070674222232991968,-0.80402794981333503,0.57772366012170329,0.14062157890789148,0.072253243511421802,-0.139816819248851,0.98753770857482359,-3.5191934630456987,-12.628252172361016,0.42596195826017208,,0.2118099442056026,0.782051282051282,0,5
0.22659798631106826,-0.94218709137974976,-0.24685387871600664,0.96724023588794716,0.18789813120618248,0.17070623412357755,-0.11445382771754882,-0.27744869278227313,0.9538986026796612,-14.346640314672632,7.8361694349878244,-2.9145594765230598,,0.4037643184803984,0.1818181818181818,1,1
-0.91593509361875669,0.39260900627320916,0.08319298330245832,-0.39570798952528247,-0.91806039939701101,-0.024089210963832704,0.066918542299267705,-0.054984281864586183,0.99624225841126457,-23.208736848596896,7.7998130750106389,-3.0903659758197772,,0.1792767357770441,0.1764705882352941,0,4
0.3447008547414302,-0.93182801200505194,-0.11348073309263217,0.93170251846865659,0.3248711049579891,0.162447475334458,-0.11450649684490166,-0.16172606841844969,0.98016985312455962,-14.390546283841879,9.3141731448542373,-3.2412421399760074,,0.6664003763935691,0.45,0,1
-0.025605000250084952,-0.99565656687984916,-0.089511925413465462,0.99435986492603157,-0.034585378006081205,0.10026121210348969,-0.10292153801064981,-0.086439877702418885,0.99092648796785787,-4.4595201763650687,-13.11139246126095,0.51712559549113846,,0.3088544490546081,0.4375,0,4
0.82873361484504893,0.55634431301663978,0.060676197968393082,-0.55862259895902233,0.81580085590188711,0.14969888256768848,0.03378442774599192,-0.15795559149264093,0.9868680983586835,-31.607806647125162,2.5686851305448206,-2.3193427705106395,,0.5838945062294973,0.5,0,1
0.61187824793726875,-0.79085048549030468,0.012669621184842517,0.78365993821191549,0.60832944959962121,0.12574729417175781,-0.10715461232683779,-0.067013359485785434,0.99198140038385485,4.0277469707782689,-4.5737036877760922,-0.5611607899573875,1.105201636688346,0.9408382749922055,0.7123287671232876,1,1
-0.10404764842577918,-0.95851411927937813,-0.2653766568467244,0.98893806607486323,-0.12806858193437576,0.074832745435593442,-0.10571465520530117,-0.25465490661559359,0.9612363342130944,7.6645364749435894,-10.061108416034054,0.043308521721016485,,0.3913865225251641,0.275,0,1
-0.40394583612905538,-0.90912692849339749,-0.10156765903652448,0.91063957764421066,-0.41018543812681829,0.049834385485168879,-0.08696735653089957,-0.072361137614547585,0.99357966196030634,4.8513902744817381,-5.9794145705062736,-0.39930296316485309,,0.8035916625707074,0.3636363636363636,0,1
0.6253586423600781,-0.7764869084863959,-0.077425121083525658,0.77298517466670513,0.60282168277966652,0.19773704386425484,-0.10686668410240378,-0.18350504003958554,0.97719261771107679,-5.4895925872771718,-7.8760054631408938,-0.35512549986888287,,0.114173256802224,0.3727272727272727,0,4
-0.6113150309791503,-0.78389928708069512,-0.10860865809565468,0.78666624330411861,-0.61688662365638158,0.02463970778267811,-0.086314277757196786,-0.070376141327925065,0.99377917274767125,11.994683124068761,-17.483090737822835,1.1250154129475034,0.251155367477886,0.3552378878806348,0.6190476190476191,1,4
0.49499111533528334,0.81868048283868589,0.29111177021575158,-0.86530885154921067,0.4340360469378009,0.25070560701586614,0.078894785440604923,-0.37599863959544233,0.92325545536035569,-0.96564867576387614,-12.411221274914496,0.35914156997254681,,0.2916653128100855,0.2857142857142857,0,1
-0.82504081819917052,0.55770106538391229,0.090978953472176813,-0.55825717715015732,-0.82938679785709823,0.021597770734206361,0.087501842641063018,-0.032970611307625138,0.99561858476246823,6.4508372470906279,-11.058485649473178,0.18786344886895606,,0.146821759290501,0.32,0,4
0.78120677053405374,-0.62427169704677776,-0.00091100937972160166,0.6170737605437272,0.77197673107000064,0.15255130525465485,-0.094530184175092874,-0.11973627250257898,0.98829513270430036,-1.0803977459770571,-4.5066914141786301,-0.77605223245250798,,0.081060952318039,0.3824701195219123,0,4
0.86941235995018251,0.48167137458677828,0.11006741238684803,-0.49339549545109751,0.83459508937350912,0.24497330846888091,0.026134908349164449,-0.26728958770836297,0.96326177276391112,-11.46933860531577,9.095544332452528,-3.1323823374802253,0.7533288745705509,0.3585506301758213,0.6344086021505376,1,3
0.54050253660833381,0.82809414046126995,0.14871819812540335,-0.83805061999162467,0.51428904865606306,0.18214810667172771,0.074351639199214545,-0.22308489183750571,0.97195934317348787,-9.5823888186641923,-20.588551076503041,1.54613619162615,,0.08079960138916177,0.25,0,1
0.81800320398690807,0.5505355866672077,0.1666773112338519,-0.57409511929405499,0.7633245583216961,0.2962269614092084,0.035854599006235006,-0.33800323441644914,0.94046172769237191,-17.90404359404765,9.9236996611986328,-3.5076979190483235,,0.1829260548774918,0.2666666666666667,0,1
0.31727344476591907,-0.92323929638617386,-0.21671816457031873,0.94222016960338184,0.28097881057335733,0.18240630471930971,-0.10751145631484837,-0.26206890242289699,0.9590418015623281,12.702882189390225,-2.2171676706417274,-0.79675465820459579,,0.4067468962420329,0.2857142857142857,0,2
-0.8574467581756845,0.49118041437104465,0.1533846714385011,-0.50751590478729014,-0.85643992673939584,-0.094542362327985491,0.084927400065858846,-0.15891020239401421,0.98363351116823294,4.4864980961944712,-32.645661492817446,3.0130190247589592,,0.3424084108979062,0.3333333333333333,0,1
0.20415894912934174,0.94527632458642297,0.25450303272610536,-0.97374820902900772,0.16935975710786189,0.15209108483131031,0.1006655298659955,-0.27887262836059806,0.9550374381394946,-18.347268121930195,7.4124301681634108,-2.905254914519241,,0.4045241686741888,0.15625,0,1
0.98163767798123402,0.17900254536778926,0.065920845864284691,-0.19034501936937703,0.94182392339344079,0.27701348509604512,-0.012499710751920691,-0.28447457896205403,0.95860209219231274,3.5661605235842608,-2.9715275221528241,-0.84535689457576701,0.2630330823021843,0.148776589195909,0.3470319634703196,1,2
0.94079554050105585,-0.3389523376952101,0.0038812039727544852,0.32450593509284525,0.90388953055964272,0.27871062885040326,-0.097977798826285545,-0.2609502429882396,0.96036728475179456,6.1024292445210104,-16.651049344466095,1.0570973078551733,0.5226016597443979,0.2826219487361763,0.1724137931034483,1,3
-0.69445884503518618,0.67753973641036547,0.24221234100963465,-0.69263683076511851,-0.72066185065750532,0.030011958858971476,0.19488748861855629,-0.14692311796266863,0.96975897221324014,-8.5671540738240797,6.3078171285349889,-2.5900272468673693,,0.6220918672871358,0.3014705882352941,0,2
0.27079931809286406,-0.95728770080142833,-0.10133107724067442,0.95578080538176347,0.25483725352374037,0.14676861476577774,-0.11467685635832646,-0.13659513941130036,0.98396696413293239,-15.323812915859238,6.0846937456651409,-2.6800568897204076,,0.1742099411629413,0.5,0,1
0.044814538690438444,-0.97830367040131005,-0.20227106961028282,0.99437082177757841,0.024223608413546181,0.10314982109926762,-0.096012113399023435,-0.20575506135877158,0.97388219452144253,10.979132532730857,26.592051185300093,-4.9966223939858105,,0.3484603125928484,0.52,0,4
0.84520878571550762,-0.5299483929655957,-0.069114465508308215,0.53292968118609041,0.82604511662585201,0.18339961889130141,-0.040100666580604037,-0.19184411925249353,0.9806058180777969,6.7002156780393562,-17.739931602604383,1.1980510432322229,,0.2474189221343248,0.25,0,2
0.45665607632961491,0.86179098396680742,0.2208654067634005,-0.8858143976129248,0.41744700753637165,0.20265944064015332,0.082450475637755524,-0.28819142223954214,0.95401657386790606,3.3772740210290633,-17.0978764905628,1.1482887179347783,,0.4773314957262361,0.28,0,1
0.99887992220051336,0.030099175334603823,0.036509459991517487,-0.036947521478276388,0.97818373957297766,0.20442957782971838,-0.029559798397616861,-0.20554953485522987,0.9782001876096168,7.6469553946599778,-16.754024863794132,1.0728795556859432,,0.1316432461626582,0.3333333333333333,0,1
-0.042677918560769558,-0.9813971681932212,-0.18718491800795536,0.99360288868381796,-0.061298952633179853,0.094845864460432486,-0.10455570221892198,-0.18193965117148012,0.97773517297124313,24.061999340643439,16.357619734247148,-3.4267989899123341,,0.2182046701993877,0.5517241379310345,0,2
-0.56066470536017188,-0.80932022901340861,-0.17508813515791638,0.82484298670456369,-0.56444130634455958,-0.032249945369622002,-0.072726442561754673,-0.16250162645872868,0.98402443361462377,-5.4129174655509953,3.3900587726572899,-2.010005156061482,,0.678275008496665,0.3743760399334443,0,2
0.33682818258812547,-0.94132822076148781,-0.021164976078211099,0.93448152420337438,0.33145702618040207,0.1299250580841986,-0.11528684372866849,-0.063540700292451943,0.99129789824725534,2.4476918952318591,-5.810582686968937,-0.39215385786768109,,0.1077225702366728,0.5465116279069767,0,2
0.049047395554337271,0.94841697485823384,0.31320854839881418,-0.99293929361771882,0.012389445720684652,0.11797483131871754,0.10800885231906703,-0.31678343301929501,0.94232815111574975,20.356889607083666,16.530496282360897,-3.4410086284759984,,0.644784303927151,0.2666666666666667,0,1
0.56234797546797632,-0.81480452144727622,-0.14091964489077377,0.81962406479874406,0.52668686445296264,0.22542701527432218,-0.10945842539453543,-0.24226955781067544,0.9640146858157127,-7.6189394526275915,-14.945722072226941,0.75405941831840784,,0.2992206190378564,0.2941176470588235,0,1
0.72239404531105034,-0.66736516549060743,-0.18102645991354632,0.68422787413279074,0.65206537618108218,0.32656233929457745,-0.099895242924069427,-0.35977003915768008,0.92767799336063972,6.5058197261372888,-7.0517977460897567,-0.27090765508682402,,0.5460439291098927,0.2857142857142857,0,1
0.96572131872834543,-0.25572755937124753,-0.044561754135259271,0.25245512366370143,0.88532053317578796,0.39047914678415913,-0.060404843262204015,-0.38834387971920536,0.91953264542108804,-6.3928357945272865,-6.7822632157650879,-0.49594827029059879,,0.3193327015242564,0.1935483870967742,0,1
-0.88626332209340231,-0.45085795413044055,-0.10613401485517857,0.46269390937716115,-0.87228796289530164,-0.15820257903474313,-0.021252532490159827,-0.18931670551031188,0.98168605718807878,23.663374094234673,14.638998583446206,-3.2215147903943424,,0.3711058671501434,0.28,0,1
-0.85154537738347691,0.51102912823526891,0.11713112460798623,-0.5172126304168233,-0.85539334475534645,-0.028165949044377869,0.085799564067313247,-0.084566280770535837,0.99271696820518607,-9.0565453836128089,4.2168146181540358,-2.1451754042122775,,0.5429552535620596,0.2090592334494774,0,1
0.45094136055882666,0.88988178655953254,0.069009385499135864,-0.88868973578975541,0.44045883997592045,0.12738353028944241,0.082960489627828898,-0.11877043502774809,0.98944991835061058,15.727771956270375,-17.171407299439959,1.077695134921522,,0.07012276115915825,0.4285714285714285,0,1
0.99786586097661545,0.047429578038241882,0.044879378611030023,-0.059434362711748533,0.9443781696521959,0.32344617668696785,-0.027042189749466924,-0.32542327484598144,0.94518168209189857,14.789685237086097,21.974828697710532,-4.2864094430479138,,0.4598325788790818,0.2647058823529412,0,1
-0.65182389373602168,-0.73960151186784695,-0.1676759231303242,0.75587042324945186,-0.65153426724880292,-0.064521328700360578,-0.061526537457473433,-0.16879781468775149,0.98372851079204426,24.941063724460857,14.996540505584196,-3.2791559177789562,,0.1690426959496147,0.4117647058823529,0,1
-0.98481837895312152,0.16819812656568936,0.042920283036567121,-0.16578005661681189,-0.98463988581230144,0.05478383060416285,0.051475560261869363,0.046836796296622386,0.99757535114315843,10.475824800289752,28.21111209453888,-5.3092750577026075,,0.1841708946470857,0.7,0,1
0.3495870770627264,-0.90097173000656161,-0.25698018849655191,0.92988463206961458,0.30014891127666399,0.21266217834911658,-0.11447028693725556,-0.31330587736015614,0.94272794623904377,18.413657472884449,24.415269461530805,-4.5841254346226847,,0.7610545583375692,0.4857142857142857,0,1
-0.48110859265328981,0.85834209436376929,0.17827891383556008,-0.86944813710583047,-0.49321268010386876,0.02830528339300091,0.11222503712795182,-0.14138635446171943,0.98357279334762648,-22.838263153723648,0.41622008757734369,-1.8833840661399455,,0.277561839513729,0.4615384615384616,0,1
0.49004100406942991,-0.86635268062931636,-0.096399414401865086,0.86447729436379717,0.46879422448480773,0.18141384351569434,-0.1119768809177772,-0.17223532696890406,0.9786706137837391,39.67430079694487,-0.31725462783337449,-1.061970400192946,,0.2457122244720545,0.5555555555555556,0,1
-0.91298605271175093,0.40379515271150007,0.058360450653782932,-0.40103095285030477,-0.91449156772116835,0.053659551086986931,0.075037606636892254,0.025586074602733003,0.99685240150015708,26.264693176934994,15.453565908638881,-3.3394341025398906,,0.0844913973624639,0.3636363636363636,0,1
0.74268551141515704,-0.64924979973639696,-0.16399063594076313,0.66240559002161581,0.67638994029095523,0.32204888290648337,-0.098168556280116073,-0.34780935326044266,0.93241170538685902,14.398443319498217,28.472100938820443,-5.2376668221399454,,0.695602367280392,0.1612903225806452,0,1
-0.99931368150718547,-0.019712573718326829,0.031362085229705461,0.019486976214172409,-0.99978210890439301,-0.0074828118186581142,0.031502757190189898,-0.0068665240176305868,0.99948007840943565,18.147087469595046,23.390812015628565,-4.4128762485243476,,0.1406968144814383,0.2631578947368421,0,1
