axis_00,axis_01,axis_02,axis_10,axis_11,axis_12,axis_20,axis_21,axis_22,location_x,location_y,location_z,dbh,dbh_approximation,score,reconstructed,number_clusters
0.59787690429704388,0.79907556234907684,0.063414926986396461,-0.80152611131532703,0.59497456763025847,0.05967542838486331,0.0099549077300210894,-0.086507280212093821,0.99620148076701498,-13.030227373201724,-6.7470184781436631,-2.3279032002614581,,0.2101668860974934,0.2448979591836735,0,1
0.34344184237591102,-0.92942244198150425,-0.13498750033457704,0.93758353910014902,0.34766134236640855,-0.0082884396858982148,0.05463339742208901,-0.12371546130182876,0.99081263441732326,-8.3811089991096868,-13.878983018363654,-2.22376992747113,,0.07204662288324262,0.15,0,4
0.04147320965887092,0.99519658707039238,0.088677651998877921,-0.99902050997930647,0.042675004969458294,-0.011698914118136346,-0.015427038642530932,-0.088105601605683911,0.99599167137302025,4.2326851661978324,20.047083761060868,-1.2849916535542734,0.3661894627815411,0.273709405987811,0.4186046511627907,1,6
-0.90551043330315595,0.42424247306852458,0.0083174048738409931,-0.41763243500635944,-0.88759198105723691,-0.19432865047015352,-0.075060005394299092,-0.17944023854084201,0.98090121642427164,-4.6368364057198947,3.0686431942487569,-1.8004758036597039,,0.2237747728430122,0.2178060413354531,0,5
-0.72048923077646876,-0.68017529629871354,-0.13511785463102202,0.69307454695588055,-0.71282838149485772,-0.10734696501216363,-0.02330108789377288,-0.17098907813184838,0.98499735759167784,-6.7859447496760028,12.118461284086088,-1.8108569853505652,0.2412178406765599,0.1406928689286154,0.3020833333333333,1,5
-0.8769646819832505,0.48051281000187823,0.0063549963110856875,-0.4774547606935291,-0.86973148408271228,-0.12491636036311252,-0.054496770960305731,-0.11258145948325982,0.99214692305903873,-6.7408730947392224,-15.453483454398514,-2.1723361666873413,,0.2265936741574157,0.3333333333333333,0,8
0.98707255684765549,-0.14245318004843557,-0.073449703963466853,0.14828690053575688,0.98560086766046839,0.081252229485916608,0.060817453479503326,-0.091093474854247444,0.99398350901373023,-10.022780681897261,-10.781415304094809,-2.245740416088438,,0.07240268681057486,0.3333333333333333,0,4
0.32526476892091832,-0.91931706903559196,-0.22149256574122131,0.94347177369291624,0.33128733239884478,0.010474523225397357,0.063748273259467497,-0.21237897723613061,0.9751058033283212,4.8865823962235773,15.034989848402057,-1.3034447425424738,,0.2906037554099068,0.4,0,5
0.61141676075858853,0.79101298268497733,0.021633443722391506,-0.79069240589955692,0.60963335215279391,0.056148866379631249,0.031226013454242016,-0.051435757666851364,0.99818800780063066,-8.1551538949261921,-20.347180525482173,-2.3175449586826131,,0.2953034570069319,0.28125,0,5
0.98884980748530205,-0.12784957451563767,-0.07635800241265682,0.13185006780750513,0.99001512220645838,0.049855966761138654,0.069221512952530109,-0.059367870929499994,0.99583323807044166,-13.242303487265209,19.48145572456615,-2.0752775689333425,,0.0821518245675894,0.2,0,1
0.99798797613671475,-0.006081334167382867,-0.063111146886178054,0.010492608399968031,0.99750562930373976,0.069802755506608513,0.062529230408737965,-0.070324511246755622,0.99556243323178706,-25.336644943275537,27.154502433442236,-2.5644065808048047,,0.2397935514833049,0.6774193548387096,0,2
0.85426065707844778,-0.51044596510381623,-0.098405520562274848,0.51450772054358651,0.85725928823963593,0.019705791735330495,0.07430030463559098,-0.067464282669475503,0.9949512728244293,-21.741945241344268,11.843628959245681,-2.4759711813745811,,0.09058310692678659,0.3571428571428572,0,1
0.59217343390408184,-0.79597330149150658,-0.12552739737188254,0.80302232573390953,0.59586792027606317,0.0098267979923209754,0.066975880368612767,-0.1066204712922882,0.99204148428896832,-7.0689914795290756,-17.509819380548361,-2.2075402540943383,,0.3811439668972367,0.2903225806451613,0,3
-0.68169600769390526,-0.72585225219733673,-0.091809918169251395,0.73147974783143699,-0.6787528930471064,-0.065052968361488286,-0.015097403970489094,-0.11150344461153339,0.99364935980108915,-9.1449191493347293,7.8889680078357021,-1.9482397348421088,,0.06880701164790297,0.2034883720930233,0,3
-0.62341223383150113,-0.77686991413884676,-0.08848911354013464,0.78180489038120737,-0.62103912262898087,-0.055601452681156675,-0.011760105664776123,-0.1038438475314115,0.9945240847986675,-6.583214584403958,13.997406321375715,-1.8104606159213841,,0.08862712619540095,0.3538461538461539,0,5
-0.21386142391275437,0.97548299641589475,0.051925090904843728,-0.97172490733164785,-0.20699040240134828,-0.11360315922116219,-0.10006995469825113,-0.074752237539721753,0.99216838648965977,-14.968904501343154,11.856972293990847,-2.1842772176566863,,0.2552950541816241,0.1730769230769231,0,2
-0.87085420043194339,-0.48524992206413586,-0.078393078309188527,0.49012653457855349,-0.86932509758520315,-0.063638469580085441,-0.037268508047122423,-0.093842356349505607,0.99488927547879125,-5.3632818814999856,16.065557025284878,-1.7298916650925913,0.159976544653955,0.1139597691880209,0.6571428571428571,1,5
-0.32328282320446111,0.94529454555802839,0.043662780021365186,-0.94461667361172119,-0.31961040473995617,-0.074488449552188127,-0.056458446274057585,-0.065325426291776845,0.99626554317818172,-6.6580726927555931,10.373757150803991,-1.8133621426378213,0.1292374214387327,0.1179072264382563,0.4,1,5
0.89085923240048381,0.45406967149245381,-0.013804400659063644,-0.45360722798763109,0.89078268491780765,0.02732564670780438,0.024704468506693444,-0.018081528733972927,0.99953126392046621,-5.3021122980028137,21.157323412658155,-1.6999341398747034,0.3455299662350715,0.2609015166763863,0.8148148148148148,1,5
0.024389106747379621,-0.99493746080612233,-0.097491643522570309,0.99887139199729591,0.028228484454529985,-0.038198100931670503,0.040756762892195667,-0.096449996112324202,0.99450303394634421,4.1839898910268083,9.6037247240382779,-1.3908676504439992,,0.07389948377814046,0.3666666666666666,0,5
-0.57363972523955775,0.8069017009832915,0.14087977348560785,-0.81511195735918629,-0.54536728231871057,-0.19536382558288776,-0.080808183973913664,-0.22690123914728902,0.97055956286889677,-15.473778866979995,-3.8011990050876001,-2.3805927109615124,,0.1912589910268873,0.2083333333333333,0,2
-0.94202458991259408,-0.3223103724575121,-0.093304318261845876,0.33394827062919474,-0.92765470965238717,-0.16713854194504388,-0.032683704560193934,-0.18860743216014844,0.9815085389288144,16.832758217708705,0.46311804991098748,-0.9785016496016965,,0.1897791340316191,0.2413793103448276,0,8
-0.85378556412958351,0.51785944026611641,-0.053589277016879988,-0.51573622627587767,-0.85534883648385118,-0.048933759639310882,-0.071178335121329317,-0.014141006081092214,0.9973633623491337,-12.071481600945692,-16.96052221953212,-2.4531033216653211,,0.1350695166175793,0.7741935483870968,0,4
-0.85761214806494768,-0.49973232114922084,-0.12152781858586363,0.5132834309234825,-0.84651060919921928,-0.14127953869044863,-0.032272635945102539,-0.18354126433033915,0.98248210225793731,5.8171662577699417,8.6382959106568045,-1.3299392040139526,,0.08276357045958233,0.2954545454545455,0,5
-0.79206483187884602,-0.59786392001845445,-0.1232559744633213,0.6094547727560029,-0.78595215577304178,-0.104134954749296,-0.034614766583995878,-0.15760057733357555,0.9868960816410508,24.830455113262769,-9.9105781887360749,-0.57179002638909049,0.5023449627088026,0.4367400276088338,0.7564102564102564,1,5
-0.95672309769764685,0.29098766127377867,0.0026637038566750459,-0.2810593787322585,-0.92163093631236293,-0.26758558043854846,-0.075409150362913555,-0.25675396436747466,0.96353041561910724,-10.782392764169481,12.183788008813089,-2.0114267813012607,,0.2178773030245358,0.4523809523809524,0,2
-0.38889455961088731,0.92119351937706284,-0.012787547175033281,-0.91945901512425743,-0.3889603462138902,-0.057488856136648767,-0.057932210485908568,-0.010599477858384608,0.99826424861223229,-10.80205766685196,-2.8135371484375526,-2.1478129073376055,,0.1124237303355212,0.2650602409638554,0,3
0.023431995780006817,0.98525040514211037,0.16950687520296487,-0.99938061643370812,0.027537606919056209,-0.021910356038962086,-0.02625500086361205,-0.16888848205984719,0.98528541832160144,-5.933526909390535,-10.403607918257316,-2.0545962642887976,,0.2614428486700947,0.2916666666666667,0,5
0.40670643231554438,-0.90408808070520885,-0.13120449778850388,0.91181009606712959,0.41060188237074813,-0.0029056675051979072,0.05649979312541023,-0.1184518320684409,0.99135106640201687,9.7330631918844581,18.673389679591487,-1.0782611731864016,0.4738663874673048,0.1891915659056032,0.5555555555555556,1,5
0.82072189082889513,-0.56197675931959357,-0.10294513052539746,0.56547713658501175,0.8247424488149655,0.0059582818253708569,0.081554803131757808,-0.063103209960681819,0.99466919072563953,11.08131183691591,17.998240711660177,-1.0437112245543601,0.2340011055902789,0.2579705595642646,0.4230769230769231,1,5
-0.7701953508040148,0.63756562060445199,-0.017584112805033331,-0.63221816491200011,-0.76679706012063642,-0.11100657883950826,-0.084257424332717337,-0.074379755401644848,0.99366409738462791,-2.3624082928505974,-12.712477270180823,-1.9164720173012202,0.346344877509998,0.1289273422497982,0.2962962962962963,1,6
0.89412440380290992,-0.42491327464411616,-0.14138691437083536,0.43992733550833979,0.89245073022107924,0.099978165618283238,0.083698805228180642,-0.15159288624166337,0.98489294181870268,-12.344373974474502,11.211096382190442,-2.0672422480147188,,0.1104055489305375,0.2432432432432433,0,3
-0.09263403676086171,-0.98224520304085772,-0.16313582174559624,0.99522530310889712,-0.086278912959189796,-0.045634912406885518,0.030749492437938848,-0.1665842437981582,0.98554764391834682,6.338559869364869,-13.896890290671204,-1.5554286465850331,0.1661678008568393,0.1028535852362894,0.2857142857142857,1,5
0.79118916784770377,0.61125288483104401,0.019738578119618735,-0.61114377142184328,0.78901701742345853,0.062892263979569166,0.022869003754945664,-0.061822787076581877,0.99782511076106928,-5.7588169188049623,-13.522914170843778,-2.0892161130149702,,0.3685063477878606,0.4019607843137255,0,2
-0.3351765698057258,0.94184927827467546,-0.024012581426009233,-0.94044983658199832,-0.33599399511149231,-0.051595931253462797,-0.056663673779248566,0.0052888810245345953,0.99837931459508289,-5.4856522119140303,13.702308584661399,-1.7544626870518951,,0.09374748708128884,0.4193548387096774,0,5
-0.51560086424135221,0.8566560419249164,0.017209724783003477,-0.85439543527224771,-0.51252010959794359,-0.085624631057069495,-0.064530527500695031,-0.058852044070261796,0.9961788232688118,12.591623173841699,-7.7461947193876748,-1.2309968123788633,,0.2516797292271703,0.4857142857142857,0,1
0.011323019677874569,-0.99329568889012743,-0.1150454851685285,0.99939730831468321,0.01501744502790797,-0.03129690844476879,0.032814773483005232,-0.1146217727010074,0.9928670806629345,10.004521603758775,0.89052479445004573,-1.2877490116366086,0.3790681733224139,0.3743196767146291,0.8641304347826086,1,5
-0.99082168429123663,0.13142751434450936,-0.031610099833755449,-0.12448459558200552,-0.97830635792840559,-0.16559062624328363,-0.052687526048020059,-0.16013581270309915,0.9856878542869727,-6.9866482620191528,22.142773883802828,-1.7909508336357576,0.4943739185227231,0.4888928405871672,0.7875,1,5
0.88493817148897769,0.46570429698063676,0.0019850479880624923,-0.46391041211318268,0.88113918904998734,0.091547031919703634,0.040884742566402781,-0.081934347462472176,0.99579877512034398,-4.0035026298878709,15.213706603189069,-1.6720462866229038,,0.2627082288108503,0.25,0,1
-0.57303920548572618,-0.81060014403757719,-0.12063778621372427,0.81947030524297748,-0.56850273135511997,-0.072615860986088063,-0.0097204835924016245,-0.14047081877752746,0.99003710095667741,-1.5051854217350908,12.31016530831735,-1.5997063388941914,,0.07151345752680024,0.2916666666666667,0,3
0.99448199314314323,0.10458705345258965,-0.0081922868690277924,-0.10176637199186619,0.98072602107018847,0.1667935164430791,0.025478831324304896,-0.16503944936268947,0.98595781314841568,-14.672898618033216,-13.476788640185736,-2.525258005383261,,0.3273643289538176,0.3214285714285715,0,3
0.55925727922677937,0.82872527413653885,0.021111978570905104,-0.82877799382027117,0.55951164366208406,-0.008588222505230567,-0.018929674881158633,-0.012694117293901847,0.99974022965719544,7.4439452124535865,-15.89963176179519,-1.5137923890469613,0.4320185847537631,0.2330616382184998,0.1,1,4
0.94969080266401484,0.30746305072191554,-0.059614191063485339,-0.30812593382137132,0.9513433977068062,-0.002036798070460592,0.056087326929430463,0.020303006684842282,0.99821941459654484,-18.147001531099697,16.983833065083441,-2.29067256932069,,0.1439572768719199,0.5964912280701754,0,5
-0.99516868478175069,0.044154449022637897,-0.087690783217325388,-0.03523806037037211,-0.99428802815675976,-0.10074520418102809,-0.091638244914962752,-0.097168419229965317,0.991040226415283,-8.3293169412874395,-9.0081909902087105,-2.1456232868024774,,0.1354908232711933,0.3492063492063492,0,5
0.86595552223363981,0.50011922651086727,0.0013389500502522902,-0.49869869670328559,0.86328791816869266,0.077676124069179023,0.0376914236864258,-0.067931801228422461,0.99697774647298587,12.928063535712857,13.407780892806755,-1.037915228180422,0.3082334545738076,0.2766738136599446,0.3333333333333333,1,5
-0.4490453536861837,0.89097304733563865,0.067270344538266164,-0.89116421131205292,-0.44114513023506929,-0.10591186216119274,-0.064688629676458539,-0.1075081531388692,0.99209746406250454,-23.562868385517902,26.187144622959426,-2.4999672865182228,0.6394722799433441,0.6718483934275877,0.3428571428571429,1,4
-0.77565016293863775,-0.62180131306347863,-0.10830490203955813,0.63062737435925975,-0.77056508641585486,-0.092404341378920937,-0.025998835397193842,-0.13997347845024091,0.98981386426364515,-9.2449729332017618,-2.1356863877991867,-2.0590074389044526,0.3802299794849134,0.4281700879507222,0.8208955223880597,1,3
0.22042643995244215,0.97529496027214624,0.014557645333147198,-0.97492912156859601,0.22076013889831927,-0.027895680509379635,-0.030420264419937944,-0.0080437268320190606,0.99950483038916493,-9.5129748566410672,10.985643503702637,-1.9559600775619097,0.2156658393787108,0.2143369736804132,0.6788990825688074,1,5
0.63331234121908797,-0.73098283320878255,-0.25412511881681343,0.77284808728488952,0.61446921189180026,0.15853523777747025,0.040265524207274202,-0.29680243461119388,0.9540896196737404,16.238303344877568,15.990317099087854,-0.89508053525986597,,0.4717946105065701,0.4615384615384616,0,3
0.14396229825840795,0.9884665991859517,0.046996159140050939,-0.98905151009968573,0.14527913854447855,-0.025905255708185283,-0.032434041525678192,-0.042752242017630462,0.99855910128183067,22.396272814897063,-6.7949118041214911,-0.66736177506219496,,0.3017292907575048,0.5434782608695652,0,3
0.91592960108914367,-0.37827590277810313,-0.13409066793066862,0.39563216337652179,0.9071626256444898,0.14328699150937871,0.067440026324840086,-0.18429137801646189,0.98055521559884551,-1.1201663644269924,-20.694116281128121,-1.9658719582397701,0.4429928008402197,0.1592855600113221,0.2727272727272727,1,4
-0.014506983928716298,0.99987917772594648,-0.00558366970521157,-0.99912043131088113,-0.014715250797862229,-0.039266081178480482,-0.03934350206134396,0.0050091260755685957,0.99921318921514823,-4.3178278257322154,19.717595489143797,-1.6615132815589992,,0.11228953645294,0.3,0,5
-0.99413934753341093,-0.083330973419955948,-0.068868763272794897,0.093777702679102376,-0.98167672919268811,-0.16588110754927338,-0.053783828109121516,-0.17136729043322807,0.98373805029768979,-1.9398201647084921,11.115309599375703,-1.6245910073265561,,0.132795026917927,0.3116883116883117,1,5
0.62174742262740124,-0.77906012106444844,-0.080594480103982333,0.78016854126437118,0.6251104559584677,-0.023957568174189113,0.069044838167729577,-0.04798172171196189,0.99645901305771156,-2.0488460071764045,-9.1429821736133743,-1.880320535717152,,0.06870084318063528,0.22,0,3
0.43502872462738557,-0.88040814703247483,-0.18876308799104502,0.89903602601800447,0.43631413612242442,0.036935058433656347,0.049842077312502425,-0.18577262785078746,0.98132782395618856,-9.0353527873347925,20.272016027837225,-1.8846284144350589,0.2584057524394548,0.5278829097821169,0.8743455497382199,1,5
-0.68956044755582124,-0.66445649140136276,-0.28810407876530703,0.72398571087085162,-0.64273025299850961,-0.25048455508334222,-0.018737118813819283,-0.38130747817878285,0.9242583661852859,-2.049003384254517,21.89147714429275,-1.5727796381865282,,0.412386331422132,0.1875,0,1
0.37771165815359881,-0.91807850881898878,-0.12027366685837783,0.92381894317386248,0.38241291560377572,-0.017858393336097719,0.062389610737577088,-0.10436576844981518,0.99258013421984836,-1.4678516756159816,-11.206272014191267,-1.8778130001623281,,0.1266463916758536,0.3414634146341464,0,5
-0.99545594869249321,0.075427846841358753,-0.058121374154469316,-0.067348545533616716,-0.98919164565999296,-0.13024615760543809,-0.067317364975418167,-0.12573992236895476,0.98977666384665519,1.071524397916187,16.318641821171056,-1.4478843118493063,,0.06645271898178277,0.2307692307692308,0,1
-0.92040676037108371,0.39078873145841742,-0.011643145121819985,-0.38391726751555816,-0.90904877401381801,-0.16198104261722288,-0.073884552963351766,-0.14461844221639231,0.98672517906675017,-16.881339236453272,-1.6690957338749937,-2.4055884972441945,,0.07859156851877774,0.25,0,1
0.647239953594135,0.76156399640078665,0.033177128530445965,-0.76227163852175683,0.64634400655086299,0.034371125980036589,0.0047319738819301621,-0.047536350110646948,0.99885830018143196,8.2710429805031431,-7.5523628837433945,-1.4467154678219329,0.4683832893292169,0.3779568575420468,0.6285714285714286,1,5
-0.858038357607942,0.5127266226865056,-0.029691535190276359,-0.50784516759428977,-0.855648393169682,-0.09979535568988003,-0.076573250058971767,-0.070549540428207394,0.99456487959347084,-11.46883400621364,-10.022912639344771,-2.2995055271905662,,0.0875929711170248,0.282051282051282,0,5
-0.96167248226801649,0.26953730859866387,-0.050355497434342457,-0.26451027406580346,-0.9602992877640566,-0.088654344696013826,-0.072252001786145645,-0.071936897300582212,0.99478878715266017,-15.475333555746138,-1.8144138161806747,-2.3403282078267806,,0.08218661873498423,0.2857142857142857,0,1
-0.86183559863880066,-0.49547663327221408,-0.10836192504810403,0.50545377912708134,-0.85670888844922932,-0.1027927897191083,-0.041903198983497467,-0.14336242999236984,0.98878275449242714,-5.3577363505359648,12.498779247400453,-1.7506734886021,,0.1089917780682612,0.3265306122448979,0,5
0.065632721172029146,-0.95519101494846503,-0.28862167429574215,0.99631885086255356,0.07871645327296399,-0.033948010251675619,0.05514610890604435,-0.28533111457716637,0.95684118939700558,1.7351816082051223,-5.9277468308785242,-1.7090487806556007,0.5817533135762354,0.614180194952593,0.6954022988505747,1,2
-0.82121637932846192,-0.55063435923712056,-0.14968453744517377,0.57033110149541322,-0.800362644814128,-0.18477573285786508,-0.018058045012638767,-0.2371106054432367,0.97131481394893882,1.3881440806652539,-21.221174251687728,-1.8379342174645525,,0.3380531358579764,0.4117647058823529,0,4
0.2695822476771082,-0.9341747146405176,-0.23375845281757326,0.96203991001942912,0.27197294881250356,0.022581555394616159,0.042480857655739321,-0.23097254737422498,0.97203243726343513,-4.0394395416922189,-15.181416159311931,-2.0354228226578992,,0.1923027907365329,0.2244897959183673,0,2
0.9175162166094909,0.39729238175174614,-0.017965401766457348,-0.39501645160612692,0.91563587324118567,0.07465219751859975,0.046108515689725169,-0.06139797257138567,0.99704778909790159,-15.234646366904729,-9.1361919873889352,-2.4726138179980186,,0.1355167289192567,0.16,0,2
0.64655784620298229,-0.73904736419099659,-0.18913472710134674,0.75587402333054765,0.65411909293417625,0.02797629555643525,0.10304082864307418,-0.161050320525327,0.98155253649065455,-0.010752362324568403,-17.058093278413768,-1.881683952819174,,0.1817273629520791,0.2352941176470588,0,3
0.25552469534528993,0.9646034498957895,0.065171424089386906,-0.9666329372473299,0.25616131133992659,-0.0014653331396381243,-0.018107862858369395,-0.0626224162880301,0.99787300709105886,0.92101847072444842,-12.308390305906849,-1.7802633877924285,,0.08961124149100665,0.3243243243243243,0,5
0.48288798585658804,0.8754155960549439,0.021603872318052778,-0.87566682890263337,0.48258672844151757,0.017822858685387282,0.0051766663958339705,-0.027524238697559936,0.99960773226758615,-17.323090049068799,-7.4642521924400009,-2.5499172263438807,,0.142294245549573,0.5660377358490566,0,2
0.97127047216776041,-0.22525597053251536,-0.076768597971252822,0.22698048989576597,0.97379257337091307,0.014418087748896609,0.0715089302234026,-0.031428836871753033,0.99694468307484096,1.3716024496245707,-13.706389378299656,-1.7798507740018976,0.1814229766161936,0.1351334037933158,0.4545454545454545,1,5
0.53854973673297446,0.84233019079905314,-0.021072036761462177,-0.84246636632530947,0.53873472164695935,0.0039142435546441826,0.014649323379438169,0.015644467405639996,0.9997702976004641,34.419507654104173,-9.7224835896793866,0.1397294762357135,,0.163238985909625,0.9473684210526315,0,3
-0.27925582301022367,-0.95558556139192852,-0.094193525118008894,0.96008796175200883,-0.27626516403425805,-0.043688268905958609,0.015725489301050253,-0.10263427303001116,0.99459484966786604,6.0192068404354675,-0.59085849441624161,-1.4526556656804426,0.1103257389852619,0.08419853288630259,0.3684210526315789,1,5
-0.46953307236951569,0.882828154961528,-0.01237508620038294,-0.88044172313891711,-0.46922020568614348,-0.068225880221712207,-0.06603836844908785,-0.021138764937357338,0.99759314678354993,29.636507237201464,-11.18388501080832,-0.27505327631417248,0.2823533058785482,0.3172531944907964,0.4230769230769231,1,5
0.99786095206416725,0.015275142183162858,-0.063562491902679263,-0.016458397086558618,0.99970009793728887,-0.018133817841733017,0.063266432734390504,0.019141165467655367,0.997813095861948,4.075558372501753,4.7144305402232618,-1.404306673477844,,0.07611658812087768,0.3,0,5
-0.72339209438895113,-0.6579023970589738,-0.20944763956564993,0.68974617303403585,-0.70218532285817747,-0.17659555245661934,-0.030888421139125422,-0.27221353439278689,0.96174097195290498,3.9205473354333362,-5.996547648799706,-1.6387061927455568,,0.1970548364488161,0.3,0,2
0.86559307604985414,-0.48710890818140457,-0.11607557135277435,0.49736863615297461,0.86321914545862632,0.086470496037730826,0.058078106596920115,-0.13258061126726264,0.98946920874280764,-5.2655846204122998,-0.57484877949950075,-1.8647798640644229,,0.3420320945776144,0.3171717171717172,1,4
0.056698770616576709,-0.97700699906840272,-0.20552998122396507,0.99508098512337362,0.072050404432109111,-0.067989501153241275,0.081234736759996401,-0.20066405505850857,0.97628625645914446,-11.349720900751995,15.560620127438595,-1.9935884627577085,0.3191999383495173,0.2729136825764569,0.2037037037037037,1,6
-0.067389347920015302,-0.99452112897252809,-0.079914953632740399,0.99734972183378856,-0.064945667171807386,-0.032796229564901969,0.027426413272246142,-0.081913273300587591,0.99626201749951471,10.282621632230024,-8.8876519636004829,-1.3534150832089462,0.3352332539281984,0.2762070060324995,0.2222222222222222,1,3
-0.12857718518567407,-0.96697495072298623,-0.22006215513805563,0.99131809131527338,-0.11916950239243428,-0.055561421243355967,0.027501805045684495,-0.22529552675056921,0.97390224167798856,-26.662283672795869,24.157052965158737,-2.6290090961402277,,0.1881276178678083,0.1666666666666667,0,1
-0.96006969508863715,0.27882104493822824,-0.022912997882554364,-0.2694888789520461,-0.94370133420369784,-0.19184247690052997,-0.07511274654531673,-0.17800735019014055,0.98115822301232536,-12.682974816732234,-2.1679431552053221,-2.2154101569154898,,0.468622771081365,0.4939759036144578,0,2
-0.47620403653368459,0.87868648970488439,-0.033760456145240182,-0.87715672968754765,-0.47737486289593745,-0.05205105031536985,-0.061852947810702982,0.0048262910391217067,0.99807360438092618,13.27579779264185,3.7906294458489662,-1.1605076967457473,0.5191740089538032,0.4746615523109344,0.5263157894736842,1,5
-0.22542814462046135,0.97181000759054892,0.069046801228124996,-0.9732362658408733,-0.22137731795234739,-0.061670527388216975,-0.044646640020185077,-0.081101123562408395,0.99570542094126691,25.09753716874652,-14.624120271612986,-0.57407943599457489,,0.1888868228568136,0.1818181818181818,0,4
-0.061487721511842938,0.99751788061127211,0.034312358765853854,-0.99723794940259824,-0.059962869341794449,-0.043828376328570867,-0.041662121580423615,-0.036912493292833859,0.99844966596435059,5.6702312886079937,3.0111630663895075,-1.4033737136867013,,0.08670552201852318,0.2857142857142857,0,5
-0.94310294291495833,-0.31816086694768814,-0.096594522661684792,0.32865821999455003,-0.93603865146552356,-0.12575936304155219,-0.050404498759110107,-0.15035060926281119,0.987346991082235,-7.0185316157222921,9.2717145432964685,-1.8465808782110018,,0.06922873151289581,0.1891891891891892,0,5
-0.035823819819270131,-0.98114916973979815,-0.1899025030178946,0.99878578225515569,-0.028720686856785242,-0.040026032921482643,0.033817378646393885,-0.19110580542039921,0.98098672571860379,-9.3962177470148713,17.30116736187373,-1.8906513095010289,,0.07913900348659306,0.1818181818181818,0,1
0.19421320386865287,-0.96149068949331562,-0.19446564082310339,0.97977828279651025,0.19985448466098377,-0.009628162919981453,0.048122219435456269,-0.18866329526052428,0.98086207645012213,-13.852987255832657,0.90827161452293503,-2.2331237612340318,,0.07051960089328208,0.3181818181818182,0,1
0.8989374413268908,0.43668663780308303,-0.034874875553913103,-0.43598043759165106,0.89957506366331996,0.026187074531649188,0.042808113927786363,-0.0083357782703678933,0.99904853745079492,-11.72476790986572,2.8177986726577444,-2.1158589115036714,,0.353840426607194,0.4864532019704433,1,1
-0.5713638498752911,0.80611043697562046,0.15404322268331383,-0.82041189615816457,-0.55606807426421101,-0.13308875770048423,-0.021625718435516497,-0.20242099738680019,0.9790597878163938,-16.615040512194042,-16.379416901788098,-2.6868049546603268,,0.3617396798789165,0.32,0,2
0.82410368309850546,0.55789384821124177,0.098018231118147989,-0.56546260307614482,0.8001166110340342,0.20016356628958001,0.033244007367176399,-0.22038117631836177,0.97484715371113773,-16.655010712247524,24.032412699822949,-2.2016813520866849,,0.3938807733221014,0.1904761904761905,0,1
0.65955835315569644,-0.73930683210693404,-0.13567677318743968,0.74885980937774688,0.66186133720180296,0.033890355798768396,0.064743838944500171,-0.12395554976463005,0.99017334694551229,8.4222293090496709,-22.896810858252689,-1.5420017968848598,,0.1501365018392548,0.125,0,3
0.55701289710688651,0.8294390045244493,0.042042481255085792,-0.83048037350362247,0.55590242697847325,0.035704914293807809,0.0062435312025875839,-0.054803553287489641,0.99847763563596581,-21.999667714320069,16.349993553569949,-2.4654266008497823,,0.1342107772535542,0.2222222222222222,0,1
0.889588542258968,-0.44140992170546461,-0.11742872945553209,0.45354435675219884,0.88409541215225018,0.11257361444662793,0.054127090627516514,-0.1534033351375361,0.98668012791830473,25.841175563748358,-4.9510310935079165,-0.45613182676766556,0.5839419196455109,0.4753552929770078,0.3684210526315789,1,5
-0.45216316250642852,0.89085373624276654,0.043910079645669627,-0.88980098442466049,-0.44713062416725569,-0.091260139429579473,-0.061665894861674488,-0.080335705350138384,0.99485852856413992,-6.2526020780838518,-7.5635986291683972,-2.0261139351053692,,0.1190755420560314,0.3020833333333333,0,5
-0.4531534417874597,0.89055504410796504,-0.039543287800064442,-0.88938935105871875,-0.4546714089239009,-0.047544633035762882,-0.060320315147799446,0.013624364976549739,0.99808608659747144,-6.0736950574657111,7.9885813103663468,-1.8174674704220593,,0.06833246962669834,0.1770833333333333,0,5
-0.73961724516403038,0.67280792160343927,-0.017199746615287555,-0.66896620738934331,-0.73771710921620337,-0.090871778571819009,-0.073827799825594648,-0.055704285269157973,0.99571405964542026,-3.0128548836308546,-3.872662194997067,-1.82422509053829,,0.1000871893936975,0.3756906077348066,0,5
-0.92793058590700228,0.37248441476467731,0.01414879838378026,-0.3669942867323796,-0.90629003394870078,-0.20965106217488419,-0.065268838231435117,-0.1997341611309412,0.9776738943191845,-14.260944111960715,-3.0672055282010811,-2.3078940113473876,,0.09556280200733118,0.1724137931034483,0,2
-0.67664229795376274,-0.69941867547702796,-0.23014933633146173,0.73512380950050027,-0.65945099953113007,-0.15721756874747594,-0.041811306190130453,-0.27556831387399167,0.9603717608631156,10.005399079721872,-5.3949290637374991,-1.3532442816819239,,0.4377089491951838,0.1724137931034483,0,4
0.95233318855008686,-0.29004803343864155,-0.094517915150529513,0.29741462517643596,0.95170717625567847,0.076144542776255209,0.067867803244146846,-0.10062598551975238,0.99260685687788497,13.032518731741462,-2.2329168080658239,-1.1975022967218751,0.254800758098507,0.2196212762826641,0.3265306122448979,1,6
-0.23627997616875854,0.97161728805214365,0.011472507131851484,-0.97037062797202611,-0.23533001172184129,-0.054778006098943732,-0.050523432492941944,-0.024075529925578768,0.99843264751706484,-7.7778131850342511,12.847965270458323,-1.8681326228979309,,0.07816087548511982,0.28,0,1
-0.15339372971807538,-0.95919389629280916,-0.2375235419864663,0.9880775356242687,-0.14568251818960845,-0.049793448249801121,0.013158543910677481,-0.24232967876129624,0.97010472605466513,-14.737964230794466,-11.090852618079142,-2.4929912727203956,,0.4278560632390512,0.4905660377358491,0,2
0.96356407764242225,0.26390041872636755,-0.043598592559345228,-0.26211052078818203,0.96409069700287708,0.042745793297758919,0.053313630238952907,-0.029760661090686948,0.99813423940980484,5.2221025501393514,31.991296204920658,-1.1462024341266595,,0.19003077917031,0.375,0,1
-0.48894867841114464,0.87197267035909609,-0.024348552869181556,-0.86989463366952779,-0.48948022736450186,-0.060765395844633363,-0.064903899674476004,-0.0085304845128437428,0.997855056930125,-1.1573533100184301,-8.0091652177961681,-1.8207984506333084,,0.08624988630970708,0.303030303030303,0,5
-0.98933361157604249,0.13413409266631054,-0.056807131510818509,-0.12822318998288709,-0.98695759801858707,-0.097331974520151687,-0.069121766155924524,-0.089009802257754608,0.99362942616728034,-13.16527964197275,23.65023519491519,-2.0994085804623865,,0.1266301887725252,0.3888888888888889,0,1
-0.29843269590388538,0.93169387564288564,0.20708560574090798,-0.953153687419658,-0.27971342084316453,-0.11514534449349084,-0.049355589084207417,-0.23174754430145386,0.97152308337805182,-7.1649380114120156,6.5065133362289806,-1.8761197034928145,,0.159227149860815,0.2116182572614108,0,5
0.94921851604279173,0.31147981417327569,-0.044323065824704827,-0.31066891475524566,0.95020716726094634,0.024313878561954445,0.049689377197922387,-0.0093093849694366685,0.99872133307803768,-0.99187107168998967,-3.0315517876367482,-1.7317893613218085,0.6879139717492411,0.7190799146990227,0.5815508021390374,1,3
-0.67552048423133282,-0.73008120161747492,-0.10321586326068811,0.7371371588297887,-0.67197718699101794,-0.071242327558728544,-0.017346021336664456,-0.12420989980038714,0.99210433742392512,-15.107294632568641,19.331180500826967,-2.160186780182928,,0.1032652390352468,0.1764705882352941,0,1
-0.68249577442770326,-0.72697499708978508,-0.075543838230760676,0.73065130571733594,-0.68125792834853416,-0.045125430921104263,-0.018659778720039721,-0.085994119965087407,0.99612088824075384,4.8805070288432297,0.44776836054142943,-1.4418323393394339,0.3399611315036618,0.2797893935244388,0.8650306748466258,1,5
0.053157130502733685,0.97992380650000221,0.19215528338107932,-0.99805188835503478,0.058429567380463822,-0.021872672600361701,-0.032661102670701624,-0.1906182549240221,0.98112075365984175,-6.4727666838626314,-18.222868415632611,-2.1933713769641621,,0.7319558301160441,0.4230769230769231,0,1
0.29826102036195162,0.94247344312859882,0.15094427027871032,-0.95439535647781748,0.29663975313009094,0.033680267167884276,-0.013033313708671345,-0.15410602149248998,0.98796835317409271,-12.484506615281324,9.502637653946536,-2.0962423217347932,,0.5842905805040157,0.2618025751072962,0,2
-0.76142458125357027,-0.64291583939046093,-0.083017049596359874,0.64781718958430101,-0.75934458278994066,-0.061063028639834954,-0.02378015857649644,-0.10027476276925544,0.99467556319115769,2.9479814595320386,16.019199943981604,-1.3837776079751014,0.1700360198174052,0.1316408318355941,0.2888888888888889,1,5
-0.071636712938775049,-0.97337610833022814,-0.21773179164106288,0.9974013355485275,-0.068229417451545343,-0.023137036116075274,0.0076653248686103298,-0.21882344098867115,0.97573436163155391,-4.6337244828096846,17.273306831439101,-1.6908339455066579,,0.1490225059522645,0.1764705882352941,0,2
0.47346033436894941,-0.85373977975477711,-0.21671109857021056,0.87743943077660469,0.47866753516868665,0.031263974378867312,0.077041268795827816,-0.20495311473553898,0.97573503763190261,10.831024224929171,5.8920871374507104,-1.2038753187870839,0.4545395980146195,0.3199655765735088,0.4838709677419355,1,5
0.99699784306413963,0.050826650846912805,-0.058411920779401702,-0.049916232518463485,0.99860970392935666,0.016941928735702012,0.059191812411986164,-0.013975363387366567,0.99814879580229676,-4.1334986737944215,-13.456999908601102,-2.0163238558761725,,0.1248707069802262,0.5555555555555556,0,5
0.89654447384372826,-0.43195839877864861,-0.098081334334617465,0.43594746968604986,0.89968780298417406,0.022619921216517114,0.078471715252082283,-0.063038074892056858,0.99492129890725545,15.268419316935553,-6.622379866260431,-1.0884069688759386,,0.1039522941409618,0.5652173913043478,1,5
0.71559415980012164,0.69850188128883262,-0.0044855652841893122,-0.69796234635833643,0.71526762543144118,0.035224807673469784,0.027812974057495728,-0.022075910980721206,0.99936934745290629,21.836024668709008,2.9364459344155991,-0.69644497846416586,0.2461022717997089,0.1869429050450372,0.3529411764705883,1,5
-0.71519361454300479,-0.6848990221547987,-0.13932488352161973,0.69861982304331249,-0.70643585970837308,-0.11348444373139176,-0.020698709327952869,-0.17849847497806037,0.9837224496079493,0.23963555891279292,19.450384082880078,-1.4585196509089733,0.190312507091989,0.1922517476904345,0.4090909090909091,1,5
0.69795423964926429,0.7126122011228736,0.071019223921617677,-0.71613464753145162,0.69496649276368772,0.064596753329725559,-0.0033235463919185654,-0.095944904745124543,0.9953810975163373,-8.5164324680723329,-10.390582380150009,-2.1765021708095533,,0.2948213118278958,0.2941176470588235,0,5
0.44821012711781416,-0.8866835091239017,-0.11357832802412871,0.89038138619473695,0.45412068758935353,-0.031549773712528394,0.079552932485056169,-0.086987101061573618,0.99302798308100659,-17.530792415627516,-8.3242195668023005,-2.587768349191482,,0.1702972736238116,0.7580645161290323,0,2
-0.77093269395305974,0.63069514081330447,0.088805522062335954,-0.63430885869658982,-0.74767215229697759,-0.1965670991255539,-0.057576498446050506,-0.20787013261671652,0.97646042151876333,-11.138514139127649,-6.718588346486297,-2.2412838382662135,,0.20915587098236,0.3636363636363636,0,4
0.85987989759601968,-0.50158784571459925,-0.094953645225686834,0.50251054361191494,0.86442898040760074,-0.015674545937073597,0.089942844457556806,-0.034236980925057829,0.99535828417109207,6.1533421481396342,19.381959537322128,-1.2121706709255982,0.3414091912878223,0.3351223311365302,0.7920792079207921,1,5
-0.40176296559755281,0.91495568830272622,0.037981678698337434,-0.91377882480684569,-0.39784036082974283,-0.082044540522084444,-0.059956474286598796,-0.067669311636399276,0.9959046568089619,-1.9730638193085344,7.4185004657672202,-1.6454684787165965,0.1917514207773609,0.1131339840448,0.3269230769230769,1,5
-0.86502366677481202,0.50089363154397226,0.028976297178066136,-0.49735145269057113,-0.84842758333827251,-0.18114129384918967,-0.066148230709816111,-0.17110290970486447,0.98303011442401456,-15.226919650056539,9.5464283219173165,-2.2150144551388751,1.068695294200057,0.3588164044120903,0.3090909090909091,1,3
-0.41685118445644864,0.90651830774008935,0.066780594107122393,-0.90554898698939557,-0.40778543413976187,-0.11701312689577247,-0.078842388216847886,-0.1092501598877102,0.99088257648662581,-13.601059159958298,-0.77575460641950167,-2.2435725735335375,,0.2128838333257342,0.2941176470588235,0,2
0.42525169143187574,-0.86844015415878995,-0.25489742560290257,0.90177737683310677,0.43057158038848042,0.037492356471269257,0.07719171954511142,-0.24580441982687146,0.96624097699654876,11.808787144386175,15.345083114599317,-1.04128012178149,,0.1517148690840526,0.2580645161290323,0,5
0.46667689250284422,0.88435848648272408,0.011079051849078668,-0.88419287864395701,0.46680504009146756,-0.01720488013665241,-0.020387039000351232,-0.0017668987490256441,0.99979060143092413,1.2904544887644498,-10.070549808657498,-1.7398000198972172,0.3293671641843112,0.2310468146715302,0.2916666666666667,1,5
-0.97759095522918327,-0.17390951285929976,-0.11862295558252521,0.20282485990529342,-0.92901043638465286,-0.3095184732658055,-0.056373756824348538,-0.3266421442885748,0.94346537250503848,-7.6694219297323771,17.363306962619717,-1.8186280869633649,,0.3161827354876816,0.12,0,1
0.53680375765823318,-0.83469582124251362,-0.12298216034972467,0.8410942914221573,0.54088848285382463,0.0002050686371140146,0.06634846419518145,-0.1035496746318985,0.99240886039100207,14.077691514005345,11.62349594965416,-1.0018654440996548,0.3383912130908803,0.2885995989829806,0.6875,1,6
-0.90042045138457072,0.43449888998315517,-0.021300829369087865,-0.42723961535777066,-0.892473836597381,-0.14476450551877437,-0.081910449866603868,-0.12124836325722844,0.98923683342771507,-3.1366898349653662,-14.695833337199256,-1.981479599640555,,0.152720063572903,0.3611111111111111,0,4
0.69744421984982874,-0.71011689409640699,-0.096465314579576925,0.71337132776071011,0.70078542489842344,-0.0010662921076117445,0.068358678505265627,-0.068071910277362022,0.99533577555727659,-10.02429181215906,-16.500032162921034,-2.3349205055465676,,0.08260354418690156,0.2173913043478261,0,5
0.65435324325100874,-0.7479836222836318,-0.11109605682625859,0.75310512666447926,0.65786807579378104,0.00650100323540455,0.068223905184071801,-0.087920962499535904,0.99378840962983161,-1.6599845530617066,-6.3038307823960782,-1.8237465577839822,,0.08524942526554931,0.186046511627907,0,2
-0.44953941643419754,-0.86519075863473938,-0.22216944939627686,0.89324543264707346,-0.43396139319783922,-0.11743128317843377,0.0051874971945949262,-0.25124183645809151,0.96791044497206546,2.4861937965203222,-7.7794213643689121,-1.6809294424869097,,0.2174328136142025,0.1428571428571428,0,2
-0.04688119995932697,0.99888621695721524,-0.0053365403846967422,-0.9985200911933656,-0.047010099876200917,-0.027343701154448185,-0.027564117500253359,0.0040467372701347166,0.99961184634031819,20.699235065439687,2.5348545574909469,-0.77549155346700793,,0.1596315339995801,0.2727272727272727,0,3
-0.24066096545136409,0.95777399445418387,0.15732538020069498,-0.96995706569374063,-0.23137796078781098,-0.075150049716962569,-0.03557513764984193,-0.17068454765722052,0.98468329668591614,7.9325145226506928,-8.803751162573711,-1.4834791319519698,0.6420137620530946,0.3386559930056773,0.1764705882352941,1,3
-0.88606814010178458,0.46240683814503353,0.032606243777503346,-0.4575597940835871,-0.86116612206063958,-0.22143158097531138,-0.074312084715413201,-0.2111227753032654,0.97463064173742098,13.145097790280982,8.1811538243008268,-1.0881346803385288,,0.1320609913633099,0.15,0,1
-0.94950264287547492,0.31160488508311185,-0.036703225537121603,-0.3051653496875309,-0.94434661935871556,-0.12281519391285613,-0.072930381341216891,-0.10541279854982481,0.9917506245923513,-3.1231243038204362,3.9960873092404396,-1.7142266608648009,1.021032878454127,0.9645125953440248,0.8060836501901141,1,1
