axis_00,axis_01,axis_02,axis_10,axis_11,axis_12,axis_20,axis_21,axis_22,location_x,location_y,location_z,dbh,dbh_approximation,score,reconstructed,number_clusters
-0.64713674467906024,-0.749611698599842,-0.13891124867500038,0.75104394187261436,-0.65814367335582313,0.052724781632053797,-0.13094667259091861,-0.070208308226037699,0.9889002792968582,-4.4366872334941423,12.206545155831543,-2.8704305267672336,,0.08175235570650806,0.3947368421052632,0,5
0.9849155328398892,0.16603028133670167,-0.048737448127413069,-0.13872903765447786,0.92601544747638342,0.35106928824175881,0.10341976253201826,-0.33901229581590159,0.93508021902051386,-17.41713822475208,-5.5538458073462893,-2.0877097773722184,,0.4225779989424961,0.3333333333333333,0,1
-0.52506748008769188,-0.84131566669106217,-0.12842153376492751,0.84156756784120035,-0.53574057485439208,0.068891691897744384,-0.12676028602133096,-0.071902610765260264,0.98932393302342148,-5.4409668168856502,-6.141095581559056,-1.0394910128131025,,0.0671943667808684,0.2075471698113208,0,5
0.15226093373418229,0.97937823185233708,0.13279641197029624,-0.98235074338962725,0.1351958689693516,0.12926366069189135,0.10864448913884878,-0.15013445969334163,0.98267798336603984,-5.1055517850326728,-5.1654475642606847,-1.1326016670475636,0.2361099486740938,0.3286569033480978,0.1333333333333333,1,2
0.72628418530424899,-0.6558778176818757,-0.20575609456296462,0.68739172485753885,0.69212169666690204,0.22013671570255375,-0.001974531418171839,-0.30131685196116942,0.95352202698725819,-1.5379973519917214,-17.134024169910855,0.45108082466760741,,0.4828671667533704,0.2142857142857143,0,3
0.96209190998040384,0.25986873057490961,-0.082749015822807151,-0.24872037248540443,0.96051781049809848,0.12467442410799678,0.11188088782709822,-0.099366888777520326,0.98874106233821202,-16.115533377841643,19.088729326186911,-4.448908014653159,,0.07470693932160449,0.2,0,1
0.16231742116875672,0.98383082477356787,0.075696519143777938,-0.97173887835785699,0.14605376837741993,0.18545039506716579,0.17139605325951154,-0.10365908049039846,0.97973373319435442,15.460122875737962,-6.3922600067992237,0.59115194514151126,,0.2651472012283427,0.375,0,7
-0.99502783529776784,0.04976498383906449,-0.086273132353793261,-0.047974071804736097,-0.99859036970002235,-0.022710393586338327,-0.087281701502156292,-0.018458600322614198,0.99601264281986812,9.8815732657349553,-1.3222959793661846,-0.37463403360552777,0.9876329913101196,0.4488965205804656,0.2777777777777778,1,4
-0.99640729588207044,0.035221075624930119,-0.077019325787770765,-0.035129353489149813,-0.99937953115173195,-0.0025458276411519224,-0.077061204483281909,0.00016895788539256307,0.99702634981068494,-10.0631621628792,11.776001853317821,-3.2117281605024726,,0.1722782236593672,0.3181818181818182,0,2
0.68724623481366276,-0.71807195506222066,-0.10984206884233777,0.72638830533453391,0.67779996739516235,0.11378591332999863,-0.0072555225634587956,-0.15798693475170017,0.98741454609505031,5.6390696393105886,-6.2072984203611137,-0.14797780631645463,0.5057995096462274,0.4691361532869331,0.9625360230547551,1,5
0.975735352916134,0.2050360788332059,-0.07681619260501403,-0.19025127676332201,0.96758953920023061,0.16605702430253064,0.10837422553150292,-0.14741333049283159,0.98311969629005913,-3.58801309608755,-23.213657885950727,1.0216650477553857,0.3931585721928205,0.3550545553463356,0.375,1,5
-0.26721324468785745,-0.9231685072086675,-0.27632768439211552,0.95660611526240658,-0.28870095805456703,0.039452465841108737,-0.11619734121724098,-0.25379453129745827,0.96025335915973176,6.5039883790508641,-17.479867765731864,1.1760828596537336,,0.1201500360235421,0.1333333333333333,0,1
0.67757494038237909,-0.69768494302403838,-0.23265407893127854,0.73536506163343152,0.63778870218838812,0.22904977076983277,-0.011420433208804827,-0.32628406586653558,0.94520277298944033,-9.2255573579626038,-8.9099667249423078,-1.0820533916567128,,0.1964407980344504,0.1764705882352941,0,5
0.52716706457905005,0.82957079664639166,0.18413902186820083,-0.8399515549588692,0.47586812639505088,0.26082735976779858,0.12874886929710974,-0.29216745135749483,0.94766128391001636,-1.6361848833119157,7.722151307256194,-2.2307012060407265,0.4590094899820256,0.196807775034002,0.1551724137931035,1,2
-0.98089962713703094,-0.17065985305889039,-0.093333466861316827,0.16829015031884256,-0.9851931347104248,0.03275534498534776,-0.097541513152584899,0.016422602515002698,0.99509595082009017,0.52607263655005765,15.756817401408592,-2.9686299491126631,0.1637714653160798,0.1596749509254503,0.3703703703703703,1,5
0.69978932749702627,-0.666790848643256,-0.25629057978565539,0.71351305357128936,0.63508088828519627,0.29592463182077638,-0.034554587316816578,-0.38995157327608504,0.92018680222815175,1.2759537559753693,-5.4360389518616055,-0.53209573983233693,,0.3474634504898719,0.375,0,4
0.48352304169790106,0.87458929695325971,0.036042056018112209,-0.8581387860705304,0.46550315315152013,0.21657478673056346,0.17263629974199071,-0.13564798583390522,0.97560049812953564,12.401399902374717,-13.273609743151942,1.1611410958296344,,0.434416669470261,0.6451612903225806,0,2
0.94514815125866958,0.31934539515225518,-0.068654867033360503,-0.30568025616199335,0.93881840625289514,0.15868075205743074,0.1151284203186012,-0.12899038210589081,0.98494006323182892,0.075713853357557065,-12.18293810439673,0.0063263114021093391,,0.07342623765259841,0.2758620689655172,0,5
-0.0052400197693286948,0.99981828781570814,-0.018328489901848162,-0.99500939858722459,-0.0033866985161098329,0.099723753420386599,0.099643559329773701,0.018759574153644439,0.9948463396231938,-10.620864449959626,-7.2359791062316985,-1.371657226945773,0.2598441812437748,0.2168015699523831,0.3278688524590164,1,5
-0.99192885631771477,-0.086013192167190805,-0.09316047862393026,0.083210913933236721,-0.99596652492173254,0.033565235552919542,-0.095671771210871462,0.025542357145287204,0.9950851723268902,-3.0170266598877209,9.1636244177552602,-2.478444374935135,0.6408635248232317,0.6442063996067465,0.8578680203045685,1,6
0.70792820123519684,-0.68334871500663941,-0.17852785663496415,0.70626049954092274,0.682836231473401,0.18689780034931155,-0.0058110828686269104,-0.25839739682508289,0.9660212299064217,14.955782458199401,-2.4373154177763827,0.12236348839029805,,0.08751557575880779,0.1904761904761905,0,6
0.89272147360289478,0.44783288516643921,-0.049940740200551031,-0.4226442449414704,0.8705963987053319,0.25186058202736106,0.15626967967629002,-0.20373418349606848,0.96647409157672726,-14.310777395043383,-9.035943639970105,-1.4754409667713706,,0.1051478913278435,0.25,0,2
0.39190029839368273,0.91966378975418006,-0.025152930921120583,-0.9115004395621723,0.39184069061865956,0.1250112869042605,0.12482429569963455,-0.026065053049479588,0.99183643218658735,-11.975261917927417,-17.289659740717443,-0.37998223613353643,0.4017356276859408,0.3441617813161895,0.95,1,5
-0.56847883973972335,-0.78803844289406633,-0.23627784764821433,0.80858906738255765,-0.58815159218068258,0.016168633978575805,-0.15170869743552301,-0.18186015818871065,0.97155100431526153,-12.581214501908651,14.730192936288431,-3.7350409068468515,,0.2354299100167293,0.3461538461538461,0,3
-0.96558193779290014,-0.23974766538618111,-0.10085920062137636,0.23482777592586315,-0.97028785928887695,0.058287097803209217,-0.11183665348095803,0.032596427081568811,0.99319184243513392,15.705996574190175,10.361717205464576,-1.1998205517029699,0.3372288028490077,0.3268914144488566,0.4651162790697674,1,5
0.26475758162482294,0.96328273185582558,-0.044607190906305917,-0.95594146797271584,0.26826039638085775,0.11921522362413785,0.12680430900542494,0.011078729257524053,0.99186588255453878,-0.96604422166723902,15.61226937344062,-3.0406208129193089,0.7581455492137187,0.2359242757771491,0.2857142857142857,1,5
-0.93940167787124873,-0.30077215428501258,-0.16450106023802519,0.32228573345037703,-0.93839328514749254,-0.12469943225391526,-0.11686057344987799,-0.17015920074109678,0.97846280091586324,3.0253755290638891,-8.378649084562598,-0.13106617432203566,,0.6063729972563765,0.2631578947368421,0,1
0.99534461247867168,-0.0089022287068496325,-0.095967977647411301,0.036123551103065886,0.95759895786279414,0.28583093771632673,0.089354303004316918,-0.28796698808047666,0.95346254373754591,-5.6031161411359411,-10.187094665971838,-0.64174564148167457,,0.3535656001219715,0.5084745762711864,0,3
0.82732807123669849,0.55574600494939519,-0.08169847322044034,-0.54684307537242294,0.83010412819719115,0.10904030111482524,0.12841695161073838,-0.045535857659300079,0.99067430177946836,-8.4939061041380697,5.8154392236090073,-2.4839855195881149,0.3015066373037544,0.2624892069498081,0.9260515603799185,1,5
-0.26829766458332627,0.96232540961966273,-0.044115407506692017,-0.96075601901051566,-0.26394902701147943,0.085315784440860729,0.070457328321467866,0.065274169010733421,0.99537683705507196,4.9542857178993742,9.3510001090575123,-1.9759012098481077,0.3250873506413268,0.2835337887535504,0.5178571428571429,1,5
-0.45353487828271521,-0.86513356137623343,-0.21412621315840047,0.88296718449146472,-0.46882136917188832,0.023989058318560137,-0.12114068388571102,-0.17818654491366701,0.97651138750115518,8.8882586919889111,4.261549908658651,-1.0801675118901166,,0.2148500026679102,0.1666666666666667,0,3
-0.0086015182566125861,0.97774121908708644,0.20963807474258858,-0.99546971312290988,-0.028224530409471177,0.090793315492696716,0.094689303190342952,-0.20790739376285503,0.97355454468666758,-7.3241276858348288,-14.102552084412137,-0.36952522735638593,,0.4742874565855001,0.3023255813953488,0,1
-0.96614311031657107,0.25671015080045739,-0.025833870477115189,-0.24983116614014927,-0.95583322910008539,-0.15481352193253942,-0.064435074399546446,-0.14311791161175508,0.98760588524118009,3.7890680674406809,3.1073732303367159,-1.3278410003939962,,0.2512622608756224,0.2323232323232323,0,1
0.22157280016192832,-0.96510709516756521,-0.13954851875110003,0.97296188657040672,0.20923367688689309,0.097808157828200487,-0.065197097402853135,-0.15744701748085024,0.98537291173272445,-18.9978586488993,-9.8215710281616619,-1.7728072326797717,0.3185894898382013,0.3301593334369144,0.7887323943661971,1,3
0.32103374108167232,-0.93585616271427896,-0.14529480306194928,0.9445426158259832,0.30519186070887233,0.12123190605474,-0.06911283510112147,-0.17615666568926966,0.98193291275805805,-11.931006994108298,-15.94300617546318,-0.49968435945468292,0.2092568762951297,0.1585406957101092,0.5483870967741935,1,5
-0.49283649382097328,-0.86190163289874566,-0.11932210844904122,0.86070869593748323,-0.50301597291318101,0.078456814438277761,-0.12764298294793208,-0.064035195015561708,0.98975085890514491,-12.20156134995727,17.511493721729373,-3.9913317324012052,,0.4797321571434112,0.5789473684210527,1,1
0.87478917219375329,-0.45880070573167558,-0.15571068246168621,0.48421742724422207,0.83893936305305905,0.24842348575187853,0.016654950181679441,-0.29271600151041216,0.95605436827316559,2.7788891385876107,-10.887240816319764,0.11277866532968324,,0.2110025758525882,0.3260869565217391,0,4
-0.1696279678452082,-0.97687212920926547,-0.13018139536378764,0.98199201126214553,-0.17869019975065925,0.061331087797279804,-0.083174769864623813,-0.11743362247340963,0.98959148236569883,5.0776213057341844,-7.485123324748181,-0.057374539938760627,,0.08007629891225562,0.32,0,5
0.98065327998756757,0.17986788051951999,-0.077244352589926346,-0.16217279162522705,0.96750008847520175,0.19401949504354818,0.10963179331791412,-0.1777389218991958,0.97795181145903376,1.2982146534202526,22.202283748671135,-3.5706530397762508,0.2526919647072574,0.1834801345324114,0.5,1,5
0.96788065897790854,0.24169930784332591,-0.069198804646802906,-0.22580739730528257,0.95675130133358899,0.18340656127493882,0.11053528531063474,-0.16189006141372866,0.98059857164731545,1.9237334326480193,-10.221734591636627,-0.068196867997597041,,0.1827135518602344,0.175,0,5
0.97317397664715066,0.20595874753802898,-0.10253489888489446,-0.18448319448014192,0.96485790394507587,0.18712342490750505,0.13747131384827585,-0.16318768184908763,0.97697053095860964,6.152871945630138,-8.9617325007807764,0.20633499463362664,0.2649208872545383,0.1486089905635513,0.2857142857142857,1,5
-0.96711614145217051,0.25174736737211628,-0.03618883755902718,-0.25275314872601001,-0.96716717356567883,0.026523653331759899,-0.028323395837230567,0.034798295909204871,0.99899292482482704,-17.616714122496173,-3.3437941885863824,-2.3028369312641486,,0.3027116510150589,0.6764705882352942,0,2
-0.97260242217423243,-0.1743307153752672,-0.15379639156222788,0.20493496448484305,-0.95527864015505459,-0.21317687490697626,-0.10975513068832239,-0.23885460292876085,0.96483277823016134,-4.1262884478574957,9.8566606738691966,-2.6036506141729405,,0.3839579073859383,0.1304347826086956,0,3
0.59755899790495837,-0.79462864704165792,-0.1071846879155989,0.80146278137388938,0.58791120265990915,0.109625853973444,-0.024096765244517437,-0.15141245354237484,0.98817691473593283,0.43120835956194647,-3.2079772243195954,-0.83678374949736722,,0.07543637756610519,0.3037037037037037,0,5
0.41085485393012472,0.8955942341769918,0.17061435083539259,-0.90853728840683401,0.38662001876059865,0.15838231172675366,0.075883361657296713,-0.2200816412208908,0.97252546836630771,-8.5081485053045469,-12.656456259343418,-0.63305119045689562,,0.3426163163098296,0.4347826086956522,0,3
0.036844066247133253,-0.96633995739231293,-0.25461657748347466,0.99456998410971065,0.010643268465980741,0.103524236507061,-0.097329653705259297,-0.25704825924985858,0.9614848573566982,3.8180636534228913,-19.918475773760438,1.2707513221825162,,0.3051416257783998,0.2380952380952381,0,5
0.27446166918283205,0.94208104162305917,0.19275399649238512,-0.95447486069771936,0.24254584974492138,0.17363539693157062,0.11682693373295212,-0.23163510482206043,0.96576220974349092,-7.4350708551202267,-11.215742708025985,-0.68788670275388164,,0.08515214485819761,0.1764705882352941,0,5
0.96393146052712864,0.26505982177798026,-0.024071358188966486,-0.24690678984219447,0.92433587189438104,0.2909299452773404,0.099363859304369681,-0.27449314528468505,0.95644149672411316,2.6536676371494972,-13.774978442414161,0.4187975292564397,,0.5526627740196975,0.4857142857142857,0,5
-0.67882264028507322,-0.68405641838293241,-0.26695812313079575,0.71393259252745755,-0.69986735223384222,-0.022044105883770058,-0.17175586267556009,-0.20555414310177769,0.96345597610387401,10.53142415269302,0.16585800236465228,-0.48318138030447266,,0.5508162954075186,0.5833333333333334,0,2
0.33154537937363743,-0.91638512663217531,-0.22431219561879345,0.94109009456838744,0.30446795412900968,0.14713496801834697,-0.066536421013273644,-0.25987990417850371,0.96334590884215487,-5.8883650364557001,26.540547494489036,-4.4633946150380543,,0.1782236001435496,0.25,0,4
0.99614921903216902,0.030690300373266977,-0.082126968071387113,-0.018495223926729493,0.98921094812359411,0.14532593300688079,0.085700992488419406,-0.14324735800502189,0.98596933740917181,-4.5830486427651298,-19.842242766146239,0.49167413528987819,0.2957611464769574,0.2367902260522627,0.6666666666666666,1,5
-0.9557765833880163,-0.24872848141682358,-0.15692439319370283,0.27114139859771141,-0.95191270905067404,-0.14263427468278611,-0.11390111770131127,-0.17887519917497885,0.97725646506252617,3.1759321142769821,7.8297208680521901,-1.8967295262387942,,0.1088661732699342,0.4,1,3
0.62158286021910858,0.78073472559832247,-0.063937751968175333,-0.77221747869488011,0.62441666823872954,0.1174052384851981,0.1315861447111891,-0.023603234324053035,0.99102369994339157,-5.586389890782069,15.517554073890739,-3.3101660556930077,0.7933030464794253,0.6588399211713772,0.9634551495016611,1,5
0.69925435016872928,0.71321372232911862,-0.048677921602622146,-0.70269780327833176,0.69826349564765167,0.13654262306594547,0.131374088152554,-0.061272154583994008,0.98943750284427767,-22.452762667432346,-3.1541996386756255,-2.6648111976720483,,0.08934708257765622,0.3333333333333333,0,1
0.98882992686321314,-0.10180480801845555,-0.10886301853254442,0.12241003104677477,0.97140060739858691,0.20346165300808769,0.085036227802151282,-0.21451489694187029,0.97301192127907599,-3.6754233133654868,-7.4832038668161891,-0.7424026173956082,0.290661585319796,0.1683618380074367,0.3043478260869565,1,3
-0.49215820967434226,0.87022981982818171,-0.021917055731912854,-0.86967542886152183,-0.49043347104998103,0.056032659301473803,0.03801243329061757,0.046637658128138901,0.99818835084349111,7.230740903813957,-10.331941942830658,0.42834073919180105,0.5699588452985377,0.5398832568746212,0.9621621621621622,1,5
0.80773030499739495,0.58952507497607554,0.0056515805991260481,-0.57928732940911487,0.79184918848650809,0.19339351767656249,0.10953512849707837,-0.1594836940496169,0.98110499283074559,-6.4914143257459358,-12.312782916434458,-0.50137224175655704,,0.1471540411365962,0.2352941176470588,0,2
-0.060268201509010827,-0.97457207003707869,-0.21581710819699093,0.99308350033067805,-0.0803674583264644,0.085593416879521725,-0.10076162591898186,-0.20916584794317264,0.97267504481012368,-22.590722497677838,-5.0271554396550817,-2.4878422303210361,,0.2926787779941235,0.64,0,1
0.98773732686659388,0.14743459229319028,-0.051361601511007361,-0.13040030954763659,0.9599725977364727,0.24788781911374369,0.085852969571910215,-0.23815048307830136,0.96742628402646558,15.890566016185618,-2.2573014426712263,0.1990421971798744,,0.5021480880385911,0.6086956521739131,0,2
0.091227857206230722,0.99428522360464389,-0.055447021480166329,-0.99043093098797597,0.096382606234293858,0.098777346379499295,0.10355698437020117,0.045905199454392094,0.99356361832104212,-6.8246550608686558,-1.8848450687123,-1.6054944003203073,0.3327892746719882,0.2138050588990544,0.7552155771905424,1,5
-0.8581864921825928,-0.47410113546153998,-0.19683510354968317,0.50061566705464022,-0.85778556038630316,-0.11656708923273641,-0.11357772023937406,-0.19857503807587124,0.97348243729324258,-6.7294974513566244,10.95125924133678,-2.8649021261865917,0.7263355466089175,0.447803491954829,0.2,1,4
0.18183122789655892,0.95771047463651349,0.22299787293410217,-0.97711805239958538,0.15052531331673535,0.15027455448524868,0.11035269020948682,-0.24521985405428129,0.96316639628940859,11.239055788651635,-1.6747720412204909,-0.23701493392795123,,0.3348949109628076,0.4473684210526316,0,1
0.99532579918732889,-0.028657391777786999,-0.092224223328791335,0.043064500513925359,0.98646067770103418,0.15824278860378349,0.086440744256342891,-0.1614747201456315,0.98308387866259839,11.828456144191165,-8.0496737766428552,0.48644938382010056,,0.08745249124981294,0.1304347826086956,0,5
0.76520659155302095,0.64125682206873624,-0.056996143677553374,-0.63042426007564834,0.76432680956657495,0.13553516328190027,0.13047652873938118,-0.067780648625438186,0.98913177035217892,-18.913114084491887,-1.8794402692272243,-2.535961129367609,,0.08612047299561212,0.2777777777777778,0,1
0.99539750917292191,-0.028391256479367692,-0.091529969342639822,0.040602289164461229,0.99008918747744279,0.13444275716773288,0.086805834175747068,-0.13754031189356547,0.9866850610794069,6.5516261689353747,-5.0386998540057748,-0.23022538538821979,0.2288882980171521,0.194489090191656,0.7419354838709677,1,5
0.96276640774381128,-0.25135472728653185,-0.099507010762013667,0.26247711381144789,0.95725337619446238,0.12153904100953151,0.064704009499338841,-0.14313201890219235,0.98758625766040975,-0.2727313704170572,12.031314377184023,-2.5960039072920282,0.2984984294220664,0.2553033637317328,0.7154471544715447,1,5
0.90939704642195873,-0.4028161164747463,-0.10361557926885556,0.41388367032124529,0.90107098513325423,0.12950439062981903,0.041198536387008267,-0.16065570658768893,0.98615030524782465,-10.137906258605113,-13.512800538694698,-0.63781308766484979,0.2790860600802569,0.2690847255553238,0.5294117647058824,1,5
0.83085381997593588,-0.54237498046882093,-0.12454441132721,0.55474290196671328,0.78951139009047289,0.26254919088612527,-0.044070880964021779,-0.28723012634272077,0.95684722499059383,-12.421623700654253,12.58955525749313,-3.4937909763730652,,0.2263530018689588,0.2222222222222222,0,2
-0.99137486966283672,0.10764220743134607,-0.074759768460720813,-0.10266515762005579,-0.99242254623880077,-0.067508185635110948,-0.081460009893460167,-0.059250695322523972,0.99491387662046171,0.012498142948246336,-8.183119777723169,-0.39124352440816251,,0.1758469146265326,0.1794871794871795,0,5
0.98052564536651787,-0.15846894707919526,-0.11600453262776668,0.18781879688283667,0.92926553720499083,0.31810322365641786,0.057389531415225167,-0.33369620041998155,0.94093213756849137,2.7922884521838722,-6.8584834860077475,-0.27558697692661138,,0.09021038081493271,0.3777777777777778,0,5
-0.17757808438928332,-0.90623541251761663,-0.38367095413082586,0.97793496897035359,-0.20609557194641395,0.034173259853789127,-0.11004190297148919,-0.36913682060058201,0.92283735688760871,-2.4455216578078858,7.365788780190945,-2.2208231559675475,,0.09352333825289329,0.4761904761904762,0,1
0.10336410993687767,0.99168361473777877,0.076677695828504089,-0.98915697280125781,0.094402004123588928,0.11250219898340097,0.10432805919601823,-0.087474967150959565,0.99068854146312291,-16.286487138827766,-0.89133609183330686,-2.4276112399891878,,0.3760626505985027,0.6170212765957447,0,1
0.18497871022080364,0.97443804886149155,0.12748868850238224,-0.97649933899056185,0.16765082741122844,0.13543352989317747,0.11059800050653558,-0.14954493973164054,0.98254994442247889,-4.0944313326119781,0.38860744846365297,-1.5924075650577398,0.4327749141357528,0.6183218255088851,0.6574585635359116,1,4
0.76043497638021207,0.64923620001992044,-0.015198792100700473,-0.63464153832830872,0.74789690499991235,0.19462871658578584,0.13772713794276062,-0.1383566987003024,0.98075922600750975,1.0584494168993748,-2.6980217954189647,-0.85832603716149047,,0.08862946283660693,0.2896551724137931,0,4
-0.97015267690308615,0.23312407708331193,-0.06676037883227226,-0.23160860098778663,-0.97235515875885981,-0.029713653149877658,-0.071841766725594641,-0.013364502201166388,0.9973265015202688,3.6259103280337128,1.1211097762140967,-1.1029375150223111,0.5638092716041079,0.6150868142468466,0.6343283582089553,1,5
-0.47018338158294481,-0.85783949070964249,-0.20745841959835551,0.868927681700844,-0.49111372071035092,0.061416588182928625,-0.15457125106960495,-0.15138930447378357,0.97631398987913742,21.005126278149387,-15.023099504279733,2.047218779013007,,0.207671282251796,0.3,0,4
-0.64535396587606764,0.76358278467745344,-0.021438042640546957,-0.76366878942715688,-0.64425268540769198,0.041814559663340696,0.018117361366738208,0.043356755981092607,0.99889536635620835,7.443130818903005,19.296326118686707,-2.751202440440339,0.3340809588797246,0.381375360793534,0.6666666666666666,1,5
-0.89530715232057578,0.43916766945781643,-0.074544356638257064,-0.44426769422594647,-0.89252126890225603,0.077665954087156999,-0.032424047723604958,0.10265253362726817,0.99418868353503209,9.3330448407359192,-13.543893385868358,0.96893302812551052,0.1931993606248634,0.1811949905377454,0.4285714285714285,1,5
-0.55421830744416412,0.82841854435169393,-0.081023348906020545,-0.83186333237449628,-0.54784940952411865,0.088681569307681216,0.029076862700863123,0.11654930226429909,0.99275918338597124,-18.200812824145974,15.029778213796163,-4.1741758908008197,,0.07860099126054179,0.3333333333333333,0,1
-0.2275636488731628,-0.92931550226264681,-0.29083927342410015,0.96716831415234183,-0.25040766103061685,0.043375746643659979,-0.11313813597214302,-0.27141978658804961,0.95578818868892101,-1.1756261565524269,-7.0320379366557848,-0.58993957655242457,,0.08679374189238592,0.2,0,4
-0.93468175613323123,0.35483302611653844,0.021529940285060528,-0.35169324007614311,-0.91418988764736187,-0.20141676744513551,-0.051786867412914731,-0.19583251236779683,0.97926898626642589,-25.412294740373319,-11.966778869466475,-1.9564158570891135,,0.352966089395805,0.2608695652173913,0,1
-0.99106024109525614,0.11114334288796437,-0.073802139887007359,-0.10688108878751659,-0.99249598077646761,-0.059398324910326192,-0.079850055603036513,-0.050979265140310294,0.99550242749374862,-3.8988134488023327,13.383908757826072,-2.9706798683120583,,0.3657012568655242,0.3,0,4
-0.94504080253202183,-0.30706989679018593,-0.11227626656999694,0.30558410468699837,-0.9516719150059757,0.030641820303388984,-0.11625935021441546,-0.0053520719468345638,0.99320446979139099,1.8727646422547741,11.41388060948058,-2.397407011229888,0.5415198137919399,0.2299043363519269,0.4827586206896552,1,4
-0.034855067866352125,0.99735924031868206,0.063715539666323193,-0.99500007702140669,-0.040601975798658818,0.091248705681986023,0.093594716578579235,-0.060216487046189683,0.99378770555707174,-8.2743008068695083,-17.884991595256718,-0.0052400542269445526,0.4310822008498927,0.5359822284442753,0.6279069767441861,1,5
0.33560429627473493,0.93115967918079423,0.14251809776256411,-0.93428809860713591,0.30970087679352887,0.17661006685458699,0.12031419335640391,-0.19242405977745961,0.97390835097341566,-15.873602703941676,0.99012435701814749,-2.5758658690969196,,0.2604678729893941,0.1538461538461539,0,1
0.99149276665428543,-0.083080891685143154,-0.10019809932843655,0.098259384085960383,0.98260828870797334,0.15756282683880427,0.085365022762706938,-0.16606780663087226,0.9824124879547963,-10.801098650664249,-15.508490443773537,-0.47599755107802616,,0.08227843633253693,0.3809523809523809,0,2
-0.97635564844091416,-0.18495441780627311,-0.11189955804856877,0.18995297956727039,-0.98114392927314076,-0.035699518259753281,-0.10318678845200357,-0.056111080763116113,0.99307806002577492,-5.5477415650353379,-15.788456442707179,-0.044914603889707083,,0.3035216226777498,0.2307692307692308,0,2
0.58845081229270835,-0.78262336084115713,-0.20304264718955869,0.80829148712653098,0.56328583790703191,0.17138826287746139,-0.019761410648854106,-0.2649712057546344,0.96405380906363425,-1.998949740010034,-6.8496680199290676,-0.66877787954550916,,0.1747781021243829,0.2631578947368421,0,5
-0.89831129206692473,0.43129680980178192,-0.083784750401601868,-0.43749634627859174,-0.89563031141005756,0.080270120695105945,-0.040419915115397408,0.10876307801055309,0.99324560070696288,-4.1934988371334443,-5.8745284715915629,-0.99255922649522477,0.186036447152418,0.1711148284349553,0.7081545064377682,1,5
-0.56494604800775972,0.82512781102474697,0.00024148275951224986,-0.82512334753519168,-0.5649439099966459,0.0031368630860535247,0.0027247371860352919,0.0015729053407065605,0.99999505087578111,-3.5222358355329844,-8.4218396212759892,-0.63704535427337217,0.4000709449439582,0.5000118091649045,0.7112970711297071,1,6
0.75790557013994986,0.65178857097233134,0.027400830291890811,-0.6433305644840166,0.73978503179583166,0.1970885372910314,0.10818933196722974,-0.16700229184262066,0.98000270559208036,-2.9705754416998524,-12.845934338984129,-0.13471046082445182,0.4348821551944566,0.278212866775903,0.3939393939393939,1,6
-0.3476338716484984,-0.91857550800884924,-0.18806841140648498,0.9309829618433153,-0.36199639309087794,0.047215846351004863,-0.11145140663142097,-0.15867465921021617,0.98102035477578065,-16.490400311627056,17.347325122921752,-4.2951769517638025,,0.1786696557785777,0.3684210526315789,0,5
0.7754501708646917,-0.59434499908700089,-0.21314561821955069,0.63102206021704632,0.74129684318932243,0.22867039554122556,0.02209506789661566,-0.31182208442927672,0.9498835695161939,-6.9413293785935188,15.635924973417406,-3.427442983203151,,0.2155427117482235,0.1904761904761905,1,5
-0.99574961851198429,-0.014240665662805045,-0.090993959550717166,0.0073355746330837626,-0.99709806100179554,0.075773650375719065,-0.091808967851946796,0.074784090473438633,0.9929644773273717,-22.406720988808924,-8.600409997259808,-2.1589139558209247,,0.149197796163315,0.6470588235294118,0,1
0.86825141465172928,-0.45522565373081325,-0.1972538596342909,0.49354824040483919,0.83300402863923229,0.25002884366427819,0.050493715931371669,-0.31444219255081302,0.94793274666258853,3.9455684508011295,25.535880995529418,-3.6058923757128332,,0.4239239265409637,0.5217391304347826,0,4
0.98354810518239877,-0.15576081028639097,-0.091496965911664868,0.16881459554920908,0.97280127914045933,0.15861684536089932,0.06430207711785374,-0.17145332099907951,0.98309155300852635,5.0732610396166145,-9.3262284869773655,0.1484261363893381,,0.07086491642910041,0.2,0,3
-0.72191756806059526,-0.67802120735466853,-0.13828328641883539,0.67956254421720708,-0.73235010101642795,0.043105429336276396,-0.13049817401984118,-0.06285357522484801,0.9894542205978718,-3.7998951671472527,7.6316334886856678,-2.3165837940016654,,0.07195222268593185,0.1886792452830189,0,4
0.86501909670148247,0.50032744722483669,0.037608614641185305,-0.48573002972828649,0.81627983203718768,0.3126556796693421,0.12573106442685014,-0.28872076711386507,0.94912170877884372,-20.561513981384536,-8.6467464338532025,-2.0228232892454736,,0.5617901132850613,0.4444444444444444,0,1
-0.97041177882504048,0.23282013922904332,0.063998142840166916,-0.2371867813457442,-0.96878168272530785,-0.072142095691543617,0.045204095748811415,-0.085187052920561404,0.99533901548278636,-0.21880683750945212,-14.47445640597042,0.24722119086259225,,0.1490118561334499,0.2592592592592592,0,2
0.10709270938323781,0.9870107526450036,0.11975360437206345,-0.98872853182273202,0.093047800350755647,0.11729448925482816,0.10462811264962409,-0.13096519008129323,0.98585043339765721,-14.400612548725263,13.45096359463362,-3.7432568307378435,,0.2185115163606483,0.3333333333333333,0,1
-0.99397810249660778,-0.055313609773412764,-0.094593532184163567,0.051874733127775095,-0.99791364216501022,0.038436634138345971,-0.096522245208883722,0.033298158429522412,0.99477368723998583,1.1545827439033418,2.8265087254291439,-1.4601264346057583,,0.1271663485509829,0.3015267175572519,1,5
0.90931752179834713,-0.39395133132254995,-0.13395519064113282,0.41346847115342861,0.89162706837170391,0.18451285675780593,0.046748988358661356,-0.22316702152439688,0.97365857085087604,0.045880702073394605,19.794678328255817,-3.4515358327203693,,0.2072878928588807,0.5172413793103449,0,5
-0.77024623772199519,-0.62055127064113125,-0.14709471024067369,0.62424047653172032,-0.78082247415285921,0.025300026032729316,-0.13055481888678475,-0.072335222149955219,0.98879879394240466,3.7845968040997819,8.4686352398591893,-1.9216171953480665,,0.07355093795208151,0.2608695652173913,0,5
0.9917855426669453,0.09420935677503392,-0.086521872684703641,-0.081731488753770135,0.98706874738741357,0.1378958000706888,0.098394111119141939,-0.12969149944031566,0.98666038426096614,10.988464242860752,2.6720200510209486,-0.73577985119623157,0.5211741475951639,0.3899433790782722,0.6372549019607843,1,5
0.11161785047515416,-0.98572434809422171,-0.1260514380303831,0.99001201383338744,0.099306432444813561,0.10007219864000397,-0.086125884151437543,-0.1359622817155739,0.98696331746920973,3.8573661870707636,-5.3829987967881188,-0.36064900036315284,,0.09210360557894248,0.3947368421052632,0,5
0.037323930066321356,-0.97442109006482736,-0.22160880731883445,0.99505724031037301,0.01581865422718759,0.098034987042095914,-0.092021805841374316,-0.22417249923956467,0.97019517512425213,-8.9859394612179635,12.791587525078002,-3.2421273318110173,1.015539156677521,0.8892686111178936,0.5245901639344263,1,1
-0.80273661249939166,0.59623786649125776,-0.010692872156442915,-0.59342909410230282,-0.80046581401957917,-0.084240078697093532,-0.05878640341032506,-0.061277133972837391,0.99638811294904217,-5.4877673590966651,-7.6055707644623096,-0.91194176280515271,,0.4996466719122334,0.5384615384615384,0,4
0.56642399589252745,-0.8059096205617412,-0.17226009509800197,0.82408290022558195,0.55207560752415485,0.12688537004962078,-0.0071575437781278631,-0.21382751708530423,0.97684520908084438,-6.4720098150119263,-11.470031606774137,-0.59589207339237582,0.3690088395729624,0.1885871706234946,0.3,1,4
-0.66902625568101359,-0.72838809762734114,-0.14783317775204083,0.73129496630538193,-0.68063720174567188,0.04405305728587889,-0.13270848302144911,-0.078637006775723425,0.98803070787273695,-1.3854782197738309,-8.4389818411722697,-0.47204711386030662,,0.07276332469601479,0.1136363636363636,0,5
0.80539061400792855,0.59135155206365664,-0.040611583813433653,-0.57849833684645624,0.79911758359535368,0.16355660137886965,0.12917288079862266,-0.10823321791680607,0.98569769067679025,1.7427249757593657,-6.8482773766574141,-0.38834021205709868,,0.07929428318549561,0.3333333333333333,0,1
-0.45014941897965655,-0.85485004725590197,-0.25806374657990977,0.88974836686886039,-0.45385769962298017,-0.048590453250950578,-0.075586667121084708,-0.25148476136640763,0.96490521324843503,-12.970602007334596,-2.2638469969785153,-2.0439889591794849,,0.6221312355979913,0.2978723404255319,0,2
-0.044545409739912209,0.9898435471051571,0.13500169897220873,-0.99482308094103655,-0.056307320134785087,0.084596237068927965,0.09133862325482453,-0.13053443206111703,0.98722743982751726,-16.858802589318412,16.257423942573123,-4.2187997996138975,,0.4684719425668944,0.4090909090909091,0,1
-0.87358471296479978,-0.46963967259651868,-0.12762573093872356,0.47228934773755515,-0.88138043289880152,0.010550095580435886,-0.11744156541805599,-0.051059871000192152,0.99176628712897907,-2.932812819229075,19.171774577442612,-3.5468349107220383,0.2140763499902889,0.1586040980286684,0.3235294117647059,1,5
0.24496866693470765,-0.95254278866689357,-0.18070027110917741,0.96757816770989769,0.22836807720613325,0.10789119836358677,-0.06150480949803408,-0.20127160026161561,0.977602629567218,6.1861014962572298,13.47062803599718,-2.3945158010717833,,0.1033519280608263,0.2,0,5
0.70964339076879346,-0.65658279815720832,-0.25554899158912681,0.70374247240468601,0.67802955101021023,0.21218496763586225,0.033952768251036596,-0.33041633906473655,0.94322439133386926,8.6077428892882555,6.8138761395965535,-1.4250907390668648,,0.4232496370623289,0.2058823529411765,0,5
0.57437116529215093,-0.79152931032136464,-0.2087561146005554,0.81711946148068926,0.53907445858301895,0.20424131260088468,-0.04912789584791951,-0.28788900466257566,0.95640282875153926,14.156217313556363,-4.9426857802251618,0.35059783037541076,,0.4230045539802783,0.2833333333333333,0,3
-0.97075789485889186,-0.21917733911663881,-0.097930605976285987,0.22016087035219056,-0.97546326446117215,0.00078157054653877288,-0.095699011149010985,-0.020801771667414894,0.99519293886190652,17.380760783047236,-7.150188648301671,0.88075568111827807,0.8511589752952906,0.4270445018444729,0.9814814814814815,1,6
-0.54086104594806583,-0.82215549694183232,-0.17756595344911905,0.82990835177973066,-0.55597125999194097,0.046347445552329336,-0.13682637400083683,-0.12229593988070078,0.98301691056994567,18.54735452992669,-0.71231904959501446,0.20844360223446001,0.2567919177405901,0.1972661015845377,0.2941176470588235,1,5
-0.83517142214412343,0.5472235696478559,-0.05509138277099989,-0.54972396465989626,-0.83368299216498165,0.052689954008793331,-0.017095564113760245,0.074290197177702327,0.9970901204459558,-15.094594389227307,-11.168557019235292,-1.3403499090766213,,0.0948971551206145,0.2173913043478261,0,2
0.99562083264682077,0.047572832748571159,-0.080473493672940502,-0.017726103707692922,0.94128613575043485,0.33714417671281049,0.091787487420652458,-0.33424128444626827,0.93800736720172573,-0.74670584696627984,-6.2795795649187678,-0.64009396810727404,,0.1266165027152724,0.1923076923076923,0,5
-0.8176560966275459,0.57525324168293446,-0.022852036694364995,-0.57502835189682766,-0.8179753711604868,-0.016083739915890457,-0.027944626721847478,-1.039900095314511e-05,0.99960947260879696,-2.4271546771855195,23.320798586430719,-3.9430401861260442,,0.3073424706045146,0.36,0,5
-0.92953193529930167,-0.35019916456889544,-0.11545963101440891,0.34988772368626941,-0.93649374283103715,0.0236230914987198,-0.11640000890196049,-0.018439489514730636,0.9930312296972641,5.8529829890468221,8.755317762611142,-1.8395981816008724,,0.08836552212341084,0.3461538461538461,0,5
-0.71961017926004478,-0.68100639068503521,-0.13561521209461772,0.68278946529471241,-0.72950652136795413,0.040234082121856418,-0.12633184866805255,-0.06364378310384057,0.9899443079710819,8.579850690127703,-0.17446450107776648,-0.59004937109222044,,0.07504341875381919,0.2407407407407407,0,5
0.65243166939364272,0.75755646122326525,-0.021002971958953124,-0.74298371388420292,0.6448516466341121,0.17928065912449187,0.14935902274406551,-0.10136351361391598,0.98357374936136854,-6.2257664705836051,-18.266035716894297,0.19985997514945569,,0.174338308057444,0.3157894736842105,0,5
0.77197869556838383,-0.6266746273128424,-0.10643216182549434,0.63557682391967685,0.763507302599293,0.11444955121681057,0.0095391029302777826,-0.15599843063269295,0.9877112407760803,4.414963794198373,-13.200066963167089,0.48555061505055419,0.5830410494027239,0.5050673147232911,0.9696969696969697,1,5
0.82808000093275269,0.56015139460623165,0.022669961974048591,-0.55538346254973614,0.81418001927725936,0.16929295831766386,0.076372256621608403,-0.15277863505861758,0.98530501221101463,-12.219437376468996,-12.850167174792803,-0.88156947659500595,,0.2176110531282018,0.1818181818181818,0,4
0.98333073077553046,-0.15728976398476638,-0.091217345160223076,0.16996662707318808,0.97336822650308463,0.15383641089028707,0.064591172723729204,-0.16677597482808451,0.98387690013858797,-16.819298811508435,-13.048790464532949,-1.2331227343051643,0.4323088595113063,0.403515658820074,0.7017543859649122,1,4
-0.3648530835603892,0.92058526500930971,0.13930182074981967,-0.92856566866090473,-0.3707334366042378,0.017958785257887338,0.068176435817685677,-0.12279857015189877,0.99008710968674185,-1.7384878068697174,20.216954921315207,-3.5910202500821504,,0.4113866741355167,0.2,0,4
-0.61343726314740166,-0.72863310278454974,-0.3046120905492507,0.77476063018669661,-0.63000770847600018,-0.053256484802623079,-0.15310352737588376,-0.26867096751859687,0.95098644633752938,9.7244563263570001,2.7121053878928691,-0.84222438725937976,,0.2862507181596641,0.2777777777777778,0,3
-0.80812277629261686,0.58900467875458029,0.0033266863885636614,-0.58850345070352983,-0.80717420570518628,-0.046189719140092046,-0.024520745240555086,-0.039284730486745592,0.9989271459938569,-5.3977589113087037,25.087996550661373,-4.2769922807523075,,0.3621753498179096,0.2727272727272727,0,5
-0.78148565705389539,-0.59963212322037174,-0.17239920133593842,0.60450545498894037,-0.79608434348728019,0.028685762026477202,-0.15444520940338283,-0.081798746057958199,0.98460938571379164,-1.1537369562292386,6.2256764210822366,-2.0086950103037435,0.4762431923602742,0.1586587320926023,0.2553191489361702,1,5
-0.94084244311216436,-0.31674701687094042,-0.12036122524340874,0.32130313359719692,-0.94676455072055776,-0.020029524196125269,-0.10760944930328466,-0.057517065313361967,0.99252808203011722,11.384933566137819,11.236739631220631,-1.6758746636270208,,0.2915760299400892,0.5588235294117647,0,5
0.21312712904302633,-0.94799057862242542,-0.2364121183632425,0.97651741065918995,0.19889162997423404,0.082800158246604999,-0.031473378359300634,-0.24850750968393476,0.96811850725277482,6.6630693316795728,4.2789066837027896,-1.2431728515513525,,0.4955047397652506,0.6,0,3
-0.38890320722040211,-0.88822218238969841,-0.24457238217870225,0.91060463597766139,-0.41089851733376243,0.044290014550749775,-0.13983380260035355,-0.20548421633740188,0.96861898829546389,16.660228732474149,-8.9717281671630733,1.0057185832159556,0.4777413300740827,0.2763986204910167,0.1904761904761905,1,5
0.89982813773274728,-0.42207828191230595,-0.11026897334414852,0.43428768168254983,0.89061734025370698,0.1348887051543223,0.041273866831360494,-0.16926510915534049,0.98470594125323463,-9.6063754244356652,10.887736641167551,-3.0820482060436141,0.2006662809758107,0.12989126618456,0.5846153846153846,1,5
0.97120432417493785,0.22984747465937888,-0.062708046506079945,-0.2080246873287977,0.9464026985287175,0.24707825011384058,0.11613737626474301,-0.22691864315271182,0.9669643422712515,7.4708489027688989,10.518440581733133,-2.0019911660804608,,0.1239163252099171,0.2941176470588235,0,5
