axis_00,axis_01,axis_02,axis_10,axis_11,axis_12,axis_20,axis_21,axis_22,location_x,location_y,location_z,dbh,dbh_approximation,score,reconstructed,number_clusters
0.99857042469767787,-0.011006811412478799,0.052306376491100051,0.002362580026337813,0.98670116527640928,0.16252762429136366,-0.053399673545048251,-0.1621717008133837,0.9853166061325549,-6.8380149734373097,-8.8430914618983909,-0.89229903576909375,,0.218620687940707,0.2428571428571429,0,5
-0.6721401298762395,0.733210810141531,0.10309972697126747,-0.73897016699537288,-0.6730068085073454,-0.031383562474429999,0.046376050939907251,-0.097281774214677416,0.99417579849082138,5.7329042303081437,3.2942171614328446,-1.1651692611345787,,0.06523052720965461,0.35,0,1
0.98836384993344439,0.14576563613906279,0.043465842517005616,-0.15032585863006495,0.97966980125755299,0.13285035465184003,-0.023217156843001407,-0.13783852808616426,0.99018256084581013,7.6598677952480347,17.477920124003784,-0.99210475178811097,,0.1735603315739694,0.4,0,5
-0.96674231932784116,-0.25317918826070041,0.036188211509802462,0.24963532647327058,-0.96488757386044133,-0.081695615465547558,0.055601185214067449,-0.069944752779345643,0.99600012036215491,3.775730872786236,2.7417252915643737,-1.1344215021848503,0.7292204967076332,0.5253123950481806,0.8461538461538461,1,8
-0.99087919721631468,-0.13058810476471333,0.033243998223927651,0.12230934344583448,-0.9751230505201901,-0.18486606192064664,0.056558297621137454,-0.17911388343218881,0.98220129084217767,-15.434928640771101,21.04238899911746,-0.31119846820376296,,0.409532717396318,0.391304347826087,0,1
0.81398947937568622,0.56768409611442905,0.12310927862854727,-0.57594578094091797,0.81630593994329126,0.043943939623733948,-0.075548559761610401,-0.1066741741568316,0.99141970713008465,11.54142461158084,8.9755269493178051,-1.2395077679021183,0.5397961133340947,0.3075640826878275,0.2285714285714286,1,5
0.36626305070355508,0.88840347222966742,0.27675015486823812,-0.93003061992111924,0.33994902286908785,0.13956255894576264,0.029906917234346898,-0.30850272669884332,0.9507531982175581,9.4376964526502469,2.9633498420386388,-1.2815788682739067,,0.4967556601955104,0.4468085106382979,0,5
0.63259490184044631,0.75271882897858922,0.18231306773398684,-0.77392744479035125,0.623290617114171,0.11200498568239516,-0.029325762833278129,-0.21195086958665005,0.97684022670839543,-14.078428133480786,1.0807099767324226,-0.35078172958624138,0.4264698124670392,0.648988017234241,0.7666666666666667,1,1
-0.96746315047348719,0.24972888576518606,0.040626790303843065,-0.25257091693406336,-0.96272173351674273,-0.096823528822305563,0.014932662019889204,-0.10393434191351786,0.99447205500004021,4.5660626041275432,-17.066306530275462,-1.3050948061037533,,0.4968429121442853,0.6595744680851063,0,5
-0.15475614769399593,-0.98781558126754998,0.016459409344471772,0.98794719199208336,-0.15467818196833069,0.0059165748480307688,-0.0032985733089450245,0.017176653574743527,0.99984702929303215,-17.523870622155258,-9.6184664398793274,-0.25622557696528808,0.2802903257808774,0.2303287520533504,0.8805970149253731,1,3
-0.99590459184691682,0.053936738087813491,0.072559439238962103,-0.066803495883728872,-0.97978200495500989,-0.18858556600136148,0.060920742575403995,-0.19266045533733148,0.97937256040450404,20.675147176768604,-8.9051697739474012,-1.747093954109197,,0.5095616807901336,0.6829268292682927,0,3
-0.99660680068585505,-0.066789143384262797,0.048105042903035168,0.061247454295997102,-0.99218875687076702,-0.10867483646872425,0.054987581952348236,-0.10535976967154308,0.99291272766834637,-2.7130266123943803,11.029276109908659,-0.75491889906410037,,0.07431028420527989,0.3157894736842105,0,5
0.92400006489218356,-0.38159645478911375,0.024658178594941006,0.37753606080571916,0.92061115795802728,0.099707665876200599,-0.060748686163080115,-0.082820538126479618,0.99471119205219549,4.2657558234951685,11.544327268752557,-1.0119814956537752,,0.1077046728528148,0.2608695652173913,0,4
0.48160916216681293,0.86899428245197019,0.11358499893368823,-0.87589867268479282,0.48160352234547821,0.029318295541303222,-0.029225504375442014,-0.11360890955472715,0.99309560746374637,8.1345086858590054,-10.281532590140442,-1.3794715898156562,,0.5249620380154553,0.7272727272727273,0,3
-0.92881272404581294,0.35084130776838768,0.11923632170594448,-0.36481178688044619,-0.92220278090538976,-0.12827467031125647,0.064956014376591653,-0.16264196154047408,0.98454472145381733,8.0681888530515877,11.513959334760697,-1.1053217343893309,0.38627004175368,0.190670071381033,0.4285714285714285,1,6
0.26807475294761479,0.89772652038789125,0.34960409240214219,-0.96337794246649433,0.25214407651202664,0.091248587106446288,-0.0062343244301819667,-0.36126231366162126,0.9324433891270576,4.6705894919592685,6.6480734100869769,-1.0704859379633904,,0.2175561925945597,0.3888888888888889,0,1
-0.016223475365549019,0.97716671207126737,0.21185376009618745,-0.99975547244012763,-0.01903758403662343,0.011250143113156816,0.015026449117520485,-0.21161943959352603,0.97723662365521347,5.6072554238404368,6.5898117763867727,-1.1168603092888612,,0.08797528545140347,0.4090909090909091,0,5
-0.96779711692364467,0.22826167754693369,0.10613833915104048,-0.24446937451025319,-0.95279370626990811,-0.18005243186088424,0.060028871394081883,-0.20020179783386674,0.9779139914855709,2.8558366098451566,1.462566526802876,-1.1191488259453075,,0.140561503896841,0.1176470588235294,0,4
0.53543270132953802,-0.84384788331147464,0.035108007315945579,0.84344263885572124,0.53640538850091246,0.029559670960306896,-0.043775990075041307,0.013784375862837667,0.9989462716658094,0.84468097633077932,-13.480357063896683,-1.1928227932117865,0.5439723153399868,0.220521902645595,0.8028169014084507,1,5
0.66390698510955648,0.73652030852385719,0.12948108068232025,-0.74743118121962304,0.65909161511097214,0.083335900013438963,-0.023961311804213129,-0.15210548320929357,0.9880737712915415,8.7804535842781171,7.3505191856329182,-1.1852591286017189,,0.3691988662502991,0.3888888888888889,0,6
-0.50606529646349785,0.83172643010206493,0.22831789501698327,-0.8623659570033696,-0.49252075461485145,-0.11725298493121322,0.014928895370189831,-0.25623124661776014,0.96650022055855422,9.7146974141364613,9.2709697153708674,-1.1797642622343574,0.7711811358291097,0.3218142220117663,0.3666666666666666,1,6
-0.69142439645350451,0.70435997598040945,0.1606528189163938,-0.7207017895930723,-0.68793761735098091,-0.085619887355676258,0.050211895664773042,-0.1749824530355322,0.98329034708137864,-12.827485416455625,-10.91552554499566,-0.47075008293365372,,0.3968868068223175,0.28,0,4
0.76979131891493535,0.59303778442796085,0.23606675234768096,-0.63491349641169803,0.74944235371989454,0.18767261527740017,-0.06562147055254694,-0.29435071715822542,0.95344191113615395,-3.8433418866822699,19.377978069624355,-0.61577070878839602,,0.5421405714491287,0.6909090909090909,0,5
0.70031640129933559,0.70771806919771763,0.093231285533359201,-0.71302876151166839,0.69973219543142617,0.044326515020392809,-0.033866256484655542,-0.097519173539214257,0.99465727135729765,-17.248384496319691,-3.867193225262239,-0.19345058164957668,,0.09829217758185049,0.4324324324324325,0,1
0.97356525389445314,-0.22232145646779106,0.052381928214498392,0.22063021076142322,0.97468590812046529,0.036189647839596016,-0.059101662487604803,-0.023675947825252616,0.99797116340392189,11.960918370749553,-12.761217452993186,-1.5497199130543706,,0.08412102584597896,0.4210526315789473,0,4
-0.9959085757426136,-0.075044016929074045,0.050343860454542533,0.069546629605040045,-0.99222079504751559,-0.10325289432192419,0.057700737195437758,-0.099329197109530323,0.9933802572674163,-1.7359169075260081,10.313004909578382,-0.82178079682605409,,0.07089840428549117,0.1904761904761905,0,5
-0.9967289849312565,0.042990802809181328,0.068433335968148448,-0.057195650941421289,-0.97348227319478964,-0.22149700063182032,0.057096305583588185,-0.22468656980186333,0.97275688496118029,-7.7559157578908584,9.7664742088296208,-0.63779259833456514,,0.3167601442756817,0.4,0,5
0.056017027469682644,0.95254098956088118,0.29921189120728003,-0.99840887429725833,0.051500440112812726,0.022965722123806209,0.0064662475936286276,-0.30002227896368455,0.95391027867797651,-16.19943958177593,0.71259578429460446,-0.23510036571386506,,0.2621757383954915,0.2352941176470588,0,1
0.45842636694022659,0.86039481215219427,0.22263430399553316,-0.88852299865194295,0.44914229721704657,0.093798068834887879,-0.019291110920440092,-0.24081520731088626,0.97037925007044079,4.3694833035232596,6.5095028925317227,-1.0734964110837861,,0.1515620762893819,0.2380952380952381,0,2
-0.34143801061367163,0.93397547545542292,0.10540349214325882,-0.93963665467106927,-0.34186366558478881,-0.014566789333714057,0.022428600195717362,-0.10401464031927185,0.99432284118012337,0.58440324337048699,15.344628051527256,-0.80855634063505755,,0.07505818305781489,0.3333333333333333,0,4
0.87586408390916604,0.47268502935437573,0.097113179034608643,-0.48031364858517539,0.8733407850680488,0.081084351878267902,-0.046485540770779529,-0.11766365692504593,0.99196489773493057,-5.6531619195873342,8.6764739275415614,-0.69904098030118489,,0.06849590246573256,0.2337662337662338,0,5
0.3891260963623932,0.9152637709297794,0.10427420943437794,-0.92114906641827554,0.38760301193369889,0.035331325713357654,-0.0080795152394142096,-0.10980043152612814,0.99392081509050367,2.8434315054760786,-12.838552265524665,-1.2644961445120113,,0.1004157324572513,0.2857142857142857,0,5
0.59898050613413667,0.78758521474244081,0.14467854986277282,-0.80028357566028951,0.59502482485009922,0.074105710579473016,-0.027722766811287339,-0.16017174323584801,0.98669978254234691,0.40225784324121977,8.9335764429450197,-0.92814061380932411,,0.06909430864408961,0.28,0,5
-0.97471267099614356,0.20003279864121393,0.099609680590425118,-0.21377051616952916,-0.9645279534524257,-0.15488057794794149,0.065095125901837123,-0.17225767465236164,0.98289873237642589,6.5016853770482497,-22.733137578908522,-1.3035384516388497,0.6063783968101569,0.5444408576684914,0.391304347826087,1,5
-0.93201978019096232,0.34830751651186265,0.100104961286286,-0.35776736424289451,-0.92834938813368606,-0.10084605413452097,0.057806940893654055,-0.12980480535461369,0.9898530547972102,-22.616904686411285,-14.737644255734866,0.20660350690362231,,0.1061198284477337,0.2727272727272727,0,1
-0.21223051460903936,0.96714436371032686,0.13996423976190514,-0.97718612381040204,-0.21122126666246183,-0.022200359049025415,0.0080924718833476229,-0.14148270655048603,0.98990765005932013,15.676033635107634,18.903845568269237,-1.1811376289665161,,0.4133024937755936,0.1666666666666667,0,3
0.85654775909482672,0.48899359708272494,0.16495817167309135,-0.51410989444508504,0.83634894748913413,0.19029307519582045,-0.044910497918584077,-0.24780173535695052,0.96776926337365643,6.6377809511116359,0.28840424540177539,-1.24989755228027,,0.2931250055376075,0.1666666666666667,0,1
0.047849910579817197,0.96936644932031824,0.24091299879753539,-0.99882861530815892,0.048173688166526417,0.0045489570254737422,-0.0071960613594410265,-0.24084846418557887,0.97053605497186901,10.010532809165563,6.4072343603368571,-1.2302992248381002,0.466559496101839,0.3614255043664969,0.2608695652173913,1,5
-0.69874314962648554,0.67113347440859406,0.24766483476324985,-0.71266786527228354,-0.68313090153325484,-0.15948882461981237,0.062149212853465849,-0.28794449273881195,0.95562829826407047,-5.6274449015294614,11.151087466709019,-0.64197829306383991,0.4637161603084492,0.4615027386791954,0.296875,1,2
0.98826320395041833,-0.14651920687968228,0.043219922871308963,0.13922924686784133,0.98033859418248859,0.13982652671405077,-0.062857430223218033,-0.1321679339766281,0.98923231886856733,0.83049820561947163,16.728613611148052,-0.80618234943284428,,0.2315936824324388,0.1818181818181818,0,4
0.019221846908373898,0.99672397980703731,0.078560987004057822,-0.99978501937471742,0.01855087518974086,0.0092617527278097671,0.007774035974156099,-0.078722125906986018,0.99686628554553769,-3.3558073917226614,9.4647600702896355,-0.75477692277042774,,0.07002602538644556,0.2337662337662338,0,5
-0.77118271952140216,-0.63235866738795399,-0.073482847596605644,0.63543326615513673,-0.75758099177258997,-0.14931712952061094,0.038752772481337405,-0.1618442358695254,0.98605510289274401,-8.8085731289280886,7.7671604737028952,-0.62157652653965267,0.936317811547509,0.55268384163551,0.4047619047619048,1,1
-0.63251452376847739,-0.75974989405744897,-0.15068336239157451,0.773168345784222,-0.60771556682946104,-0.18136289287072055,0.046217813656917642,-0.23121826985089541,0.97180349113796305,-2.5679050050208749,17.20727757260358,-0.68325395411403556,,0.5534515270428298,0.2857142857142857,0,2
-0.23901799481917688,-0.94265876854268371,-0.2329481578424949,0.97100486533341901,-0.23093203662234318,-0.06180571138888942,0.0044665032687645672,-0.24096647184006492,0.97052316293713592,-9.0214061579420246,20.404504804627763,-0.44364570619002658,,0.5709424139739148,0.3333333333333333,0,1
-0.55116765227303155,-0.83434275330454755,0.009294573471743988,0.83288211095671827,-0.55080486579096677,-0.054049875756344117,0.050215618448005081,-0.022049259152684807,0.99849497837230139,-12.242328485320172,13.100233382298857,-0.49210729978075285,0.3963724965316158,0.3040183994233764,0.8593155893536122,1,4
0.30484143769212718,0.9469095959409688,0.10214653680232513,-0.95236532445572852,0.30402651623800564,0.023836237088046778,-0.008484494099992624,-0.10454709244686591,0.99448374487508584,-10.882382795498401,12.945704963254054,-0.54386445086709534,,0.06840990792985166,0.3,0,1
-0.84426359495044945,0.52409590154324659,0.11199316151852372,-0.53170595513313135,-0.84529874222483203,-0.052524410221163609,0.067139850441502502,-0.10389187830955744,0.99231986682924178,-7.9267804326831488,-5.7446553987799698,-0.80517817408236436,,0.1086642991325104,0.2151898734177215,0,4
0.58822910760472125,0.80520567761985085,0.075035549543597535,-0.80821643693022904,0.5885347964289297,0.02032201929343996,-0.027797626559796028,-0.072598967768934181,0.99697376185962261,4.9628409093036137,11.016274381380256,-1.047610833941035,,0.08699750342215593,0.2105263157894737,0,5
0.39052372908793154,-0.89361380824494618,-0.22123647694993601,0.91996511399364445,0.36994710590247493,0.12962765086602174,-0.03399126437654354,-0.25415251434590758,0.96656665233067962,-2.1901564703538372,-12.871141440796269,-1.049436655025058,,0.4958942137319395,0.4,0,2
-0.90611272837392931,0.41779565053938272,0.066381607913097218,-0.42257408917179384,-0.88657643666744679,-0.18818438061295667,-0.019770246315691707,-0.19856741005620032,0.97988781042739292,3.6825218777065007,0.60448389888004883,-1.1671972475603796,0.2701846071414818,0.4186632249481119,0.1639344262295082,1,3
-0.46379838823389746,0.87784050206814745,0.11952869111800113,-0.885281846678039,-0.4644185906803297,-0.024319222290580655,0.034162947969416262,-0.11709579650542604,0.99253285458306129,-3.7761806435025527,17.249366565713096,-0.64739334277171467,,0.08595474600775468,0.3043478260869565,0,4
-0.76886184317495654,-0.62163928078031316,-0.14971997428714603,0.63824938181686519,-0.73199347113377533,-0.2383763512345895,0.038590059859997937,-0.27883716181395524,0.9595627360790645,-16.674118350689536,-8.5506106478062804,-0.28869593373230046,,0.5373996320911899,0.1627906976744186,0,1
-0.98698309288883446,0.15307115656995054,0.049331484651562854,-0.15778677250460044,-0.98099478143155217,-0.11292729177059853,0.031108017843816085,-0.1192411834493356,0.99237786724383881,-17.468811985243139,14.367251610016794,-0.20305400067153717,,0.1542087158187269,0.21875,0,3
-0.98602416140655191,0.1498796836861791,0.07274911367595234,-0.15440147945408145,-0.98611741566427091,-0.061095218028991406,0.062582236017073009,-0.071473931903526897,0.99547724273001503,-11.614385846286398,-3.4698075720828228,-0.5407163842804863,,0.09532300359725512,0.3636363636363636,0,2
-0.21574818600320181,0.96360451023409022,0.15785774638213754,-0.97621288702345521,-0.21641395056807955,-0.013168189277503451,0.02147369194291382,-0.15694377928429099,0.98737405814529344,13.585608605202035,-12.107812468453629,-1.571764398418803,,0.2250072917202772,0.1428571428571428,0,4
-0.44130849274920425,0.88517664021270459,0.14734018409508781,-0.89640620578483321,-0.44240891737605953,-0.027023398316700108,0.041264130402390804,-0.14400231056442075,0.98871664600847264,-9.4866545708398355,-27.842315075915998,-0.18783403234803381,,0.176198759088911,0.3076923076923077,0,5
0.45798005727366675,-0.87227275840980811,-0.17144824897254746,0.88861111098006584,0.44378223171499892,0.11587762621329253,-0.024991210102383445,-0.20542046088498261,0.97835467682605748,3.8375224748212298,-8.7924218191296859,-1.2405402579424829,,0.3537295357798571,0.3507462686567164,0,4
-0.9189034025377395,0.37446659002353722,0.12406171754698887,-0.39029018325823334,-0.90873652057834575,-0.14789019243822862,0.057359477480355976,-0.18431687151019485,0.98119171481412071,-24.890235109791714,26.686321165622722,0.19644841218667428,,0.1953272629668695,0.2,0,1
0.13602995062795786,0.97754209573418449,0.16095745897527136,-0.99070138222311277,0.1338001246431601,0.024663696127930564,0.002573673128310707,-0.1628157784525065,0.9866531297743576,11.115414325061598,3.2989563110467119,-1.3168044667207714,0.3108743980181896,0.3631340225346888,0.4,1,5
0.91140759395255877,0.40188739491744591,0.088446138932550239,-0.40848564499026052,0.90956441245824882,0.076367908354038228,-0.049756160648687028,-0.10573126971690451,0.99314914442975433,-2.1547313350029365,-11.264652214603815,-1.0599220869775985,0.1429753989042566,0.1064070041348402,0.5,1,5
0.060554077354907317,-0.9979616169137997,-0.020144847541980551,0.99814667502859333,0.060662655105569924,-0.0048225931723437808,0.0060348028185831029,-0.019815484912976491,0.99978544083848508,-2.5983445151859961,-16.249025259075289,-1.024743592006145,,0.120042371194506,0.2777777777777778,0,4
0.11966703655360857,-0.9899785827141242,-0.074981371885370823,0.992798227256668,0.11889654692117274,0.014672800899634252,-0.0056107324384835275,-0.076197223686669452,0.99707697936716444,-6.3625407366595379,19.308208100291687,-0.54223099971993005,,0.5928294511489302,0.3333333333333333,0,3
0.72149579301109967,-0.67209737662896607,-0.16652007985749545,0.69069828881539186,0.68163785241967312,0.24146575735740705,-0.048782112446824122,-0.28923166230058267,0.95601535083285549,-15.444014325357028,-13.675903082007713,-0.31056353867071268,,0.7975705079109107,0.3333333333333333,0,1
-0.81934076753374274,0.56374588815182991,0.1042654317073612,-0.57070824448113366,-0.8193211132278565,-0.054817999784096495,0.054523447602665906,-0.1044197635075418,0.99303761592930051,5.5255183751878931,1.998049237773653,-1.195922078197728,,0.07260376935928008,0.28125,0,3
-0.87171446445360057,-0.4894562848503306,-0.023376006564063561,0.48894666117803814,-0.86567791159368834,-0.10739141446893392,0.032327310207007562,-0.10504426971187621,0.99394197336437995,-1.6600916659449281,11.406644280858433,-0.80675372095932918,0.5155067864994394,0.3738844145003198,0.2323232323232323,1,5
-0.68950448846185575,0.68115932482741259,0.24618191361596511,-0.7198361938445399,-0.68207323323568347,-0.12888738702769803,0.080121248257632852,-0.26607908355239979,0.9606156915611751,-18.894027760590358,-23.782635514221248,0.19381729587224653,,0.5167137629049328,0.2631578947368421,0,4
-0.99180207810021581,-0.11984894810250667,0.0443268261306266,0.11510628173766556,-0.98856902816709447,-0.097374639682490119,0.055490375567492367,-0.091474073854225096,0.99426018326788579,0.27305031288203613,4.8342543508946472,-0.99244901679149056,0.288471348735426,0.2370884625836989,0.2954545454545455,1,5
0.99513306867511886,0.07086841336081795,0.068467829065635644,-0.080141106828900494,0.98634667970816658,0.14386671062102555,-0.057337410348563995,-0.14865360882398854,0.98722567124144656,3.3324438948188821,-16.712467683471182,-1.2502826583554738,,0.0872651946465729,0.3333333333333333,0,4
0.10234449651426993,0.96839161309647659,0.22747150968339747,-0.99413281327681813,0.091523408636264361,0.057649069705575533,0.035007907671831998,-0.23203695687541409,0.9720767958574249,-15.812382496977619,10.174561752497031,-0.28933994495899373,0.7654476293044381,0.5551467776748673,0.6119402985074627,1,4
-0.94622635249954046,0.31136150782199379,0.087804904659314703,-0.31833869477114213,-0.94447616028704073,-0.081395688220295193,0.057586154992519172,-0.10497044391763048,0.99280664817320541,-4.0368514268169138,11.342439209974945,-0.68394256802016706,,0.07850904207142577,0.3636363636363636,0,5
-0.88410557968762715,-0.45431168258797078,-0.10935364204859735,0.46535825520144203,-0.87724915451024676,-0.11779480135781988,-0.042414835624761268,-0.15503166120230247,0.98699856420553134,6.1041659999762734,10.98645928073106,-1.0740389518104654,,0.2899874607339344,0.1333333333333333,0,2
0.81501692801796499,-0.57830606567677711,0.036187034219548157,0.57690824551559727,0.81570427204469442,0.04246665543872357,-0.054076642834732486,-0.013734444636853485,0.9984423276936143,1.9308480147355551,-14.566515010235719,-1.2253398144630703,,0.0717221590423945,0.3684210526315789,0,4
0.30863669869089744,-0.95111319768741986,-0.011272684063462711,0.9507894408476556,0.30814872247279029,0.032307955846664627,-0.027254860003069734,-0.02068936981151788,0.99941438982186737,-12.551852498190492,15.493278106790978,-0.47610476143872082,,0.180637514240628,0.3181818181818182,0,1
0.69184299479855349,0.71696232055684905,0.085547071544894313,-0.72138364262542165,0.6914191883583316,0.039308346726677622,-0.030966283287590931,-0.088907462406957946,0.99555841236348808,1.8757278419988799,19.787874931216507,-0.79707259328686242,0.214483076280584,0.1772856630274111,0.3,1,5
0.62264388474293619,-0.78114455544937611,-0.046127825485517242,0.78126324304579542,0.61725439370552371,0.092869577994054972,-0.044071962263920059,-0.093862649350121202,0.99460920224939842,-10.653305911944836,3.4135760359420884,-0.55794125396121308,,0.07104914190468145,0.3692307692307693,0,2
0.90400774009990148,-0.42725143898341972,-0.015040403121781089,0.4241769129937501,0.89200311698768753,0.1562190313865183,-0.053328719491105889,-0.14760300529070064,0.98760791841023243,3.1407333926985386,-15.561207987356783,-1.2615890214097898,,0.1879143955524462,0.2727272727272727,0,3
0.51066627758352667,-0.85966686884112253,0.013886236203016884,0.85909190224685117,0.51083718590035743,0.031724958554620271,-0.034366501609461558,-0.0042713134168807562,0.99940016982629332,1.4537836115926401,14.563591700138417,-0.85176329178544208,,0.07484241314762749,0.4615384615384616,0,5
0.98859347638125827,0.13781994335479567,0.060733859338098259,-0.14289264066271209,0.9857203299446835,0.089090540340610272,-0.047588146642373132,-0.096752748526467175,0.99417014336164755,10.610223737645375,-9.8367988907525934,-1.4718166785136615,0.1709317477881634,0.09330619687148249,0.2727272727272727,1,5
0.46082252391304196,0.86257158048267024,0.20883694596034227,-0.88744359052711597,0.45032367407705065,0.098246944980939707,-0.0092991981780886791,-0.23060541431062567,0.97300291253617044,-5.2577017067488629,14.74513390085572,-0.59430146144434604,,0.1290926879515764,0.15,0,5
0.13172111610447279,-0.9747615159424643,-0.18024853566600865,0.98796609748897812,0.11422037369657481,0.10429140158715562,-0.081071189608828281,-0.19181682217720944,0.97807656599329984,-3.1245736711834575,-2.2768850846513549,-0.93273028143609482,,0.1396857874030864,0.1300813008130081,0,3
0.6658948308527497,0.74038021588526925,0.091767151907802297,-0.74597327451200635,0.66248701846580293,0.068079542287871816,-0.010389800644033489,-0.11378965809761898,0.99345053513126891,-7.0971084843688157,6.7635351786803763,-0.70394424574869519,0.6729986797195651,0.5831173764585506,0.9319540229885057,1,5
-0.93900845030726998,0.32245206778422375,0.11953156166141859,-0.33937944055900526,-0.92503806248883658,-0.17066393371991673,0.055540305881366672,-0.20082143045147816,0.97805215990458649,-13.865587663561874,-16.097633472424111,-0.36150030128026123,,0.1290120784531349,0.2941176470588235,0,2
0.21783900863983335,0.95835575072055657,0.18466299406122144,-0.97596465502823293,0.21268671296940814,0.047511622387503477,0.0062576713271569606,-0.19057444001520429,0.98165280235043118,-21.329239777517635,-11.58708069473575,-0.0073689921967431005,0.3352604771966101,0.1446983312384876,0.4375,1,2
-0.54589774102316058,-0.83351904926290321,-0.085097889877927532,0.8356028945659727,-0.534180402227864,-0.12813703784872352,0.061347036919298839,-0.14105776260647013,0.98809880511499415,2.2355589825858289,-7.9565083291485932,-1.1887761684935745,,0.2353155180684475,0.1666666666666667,0,2
-0.40508689824052918,-0.9017453064400871,-0.15086420114507262,0.9142621784744368,-0.39855049629985523,-0.072678545048159765,0.0054105346358226253,-0.16737055957489322,0.9858792126333441,9.8413164621472919,-7.1810933223089126,-1.4228691775896225,,0.3281459847671943,0.1176470588235294,0,5
0.049166318579042384,-0.97149924424975365,-0.23188767008951072,0.99868822633986698,0.04449386841586362,0.025340131087335741,-0.014300338720312483,-0.23282936690965228,0.97241245683965594,1.7526808766684019,11.512046794687523,-0.90820360042681236,,0.1018250375525399,0.5,0,3
-0.16154358160431473,-0.98478764316781808,-0.064007570696157298,0.98658042925293499,-0.16271592403333499,0.013512389909717541,-0.023721885623709596,-0.060965776710802749,0.99785792887189306,4.5879287408367739,13.685658930259178,-0.9701789201633243,0.4765979730009679,0.437854241835208,0.6829268292682927,1,5
-0.95922429262660791,0.24477587465954623,0.14132773124775402,-0.27650451106694757,-0.916320867101176,-0.28965725241149581,0.058600441931879042,-0.3169240282774452,0.94663886910784811,-13.981741293062548,19.245043959389431,-0.38481106644101404,,0.4114488507628502,0.25,0,1
0.84629727082202832,-0.53156495286906391,0.034923205472807674,0.52580748910147046,0.84405300801025696,0.10536130254341036,-0.085483412449394669,-0.070804099811710486,0.99382059027062819,-5.288775350780007,-11.4578316298612,-0.91760554394103599,0.1291648430848827,0.1692023460614692,0.3363636363636364,1,5
-0.081955621166507536,0.99276480885472795,0.087757110588519385,-0.99650774636580575,-0.083039251591961322,0.008763225889385334,0.015987107060170078,-0.086732444878953291,0.99610335578852693,0.5801953185248907,-8.1071702932499807,-1.1241032862302438,,0.08698323820784645,0.3492063492063492,0,5
-0.13807995187797581,0.9846622221204947,0.10665005962542501,-0.99030801096234333,-0.13888851365876018,0.00015555535788162604,0.014965637747347877,-0.10559492934033919,0.99429660594031277,1.1204930889782005,-9.8542667410848654,-1.1594322593250797,,0.0846333230286395,0.2307692307692308,0,5
-0.71521780309598304,0.69141543320335608,0.1020205511785314,-0.69702280411845186,-0.71635095419393691,-0.031631012697779029,0.051212348837036556,-0.093733714071576602,0.99427927976647601,20.61606319688342,2.4387741839237127,-1.5849266670664821,,0.2426070899950198,0.6521739130434783,0,2
-0.41456053740457088,-0.90464940980641773,-0.098737055676858962,0.90994255336296603,-0.41064603523767634,-0.058089442438921009,0.012004599373609906,-0.11392663902915327,0.99341663490873866,-7.2899930529256673,20.301617786067805,-0.4974610650202379,,0.2087430734706128,0.4090909090909091,0,4
0.99323055086832945,-0.11145895230018321,0.032710468873744826,0.10720616138238591,0.98799007818908913,0.11127643219285577,-0.044720373248090979,-0.10701638824060021,0.9932510160399981,2.9145591673205975,-3.9136494555073891,-1.1529425836822085,0.3899979081859014,0.5441180049533237,0.6031746031746031,1,4
0.40362769535614307,-0.90012323655101989,-0.16389887907610926,0.91436565219438726,0.40311013103195048,0.037916702738194502,0.031939593432313673,-0.16516773680207711,0.98574818340743531,-0.18913863775899747,25.09703907484743,-0.64854339524198867,,0.3737689154679015,0.2692307692307692,0,2
-0.73404070446602598,-0.6782479806434325,-0.034116285555814023,0.67775095135259666,-0.72848022765715714,-0.099850918139125194,0.042870644124738358,-0.096416983284492844,0.9944173536330948,14.19971340532793,6.9237498752007696,-1.3184322183122421,0.5679835119632997,0.5273129676178109,0.88,1,5
0.80148380528795871,0.58885744001545803,0.10426229040058826,-0.5966599840701996,0.79915475107702927,0.073133762656946849,-0.040256344474935167,-0.12082466291885356,0.99185726168640997,2.7580519809811768,18.524782894840857,-0.83112851124080334,,0.0884328843936236,0.45,0,4
0.89693160700085761,0.4352522263341011,0.077905018028796985,-0.43955725174910132,0.89680740955328919,0.050258259073471895,-0.047990778256203015,-0.079321936698036749,0.99569318344600355,-8.7928806942134958,10.522472500790723,-0.61132255224297027,,0.07915580344820346,0.2424242424242424,0,1
0.89066025388824599,-0.45464399720335885,0.0048112317215289651,0.45169794873215696,0.88599760545168871,0.10477216350269995,-0.051896774995059181,-0.091143178246245793,0.99448461315612435,-12.708477071997388,-5.2034224490197563,-0.49116618086914771,,0.1107667885104247,0.303030303030303,0,2
0.39368736072196425,0.91565889400948752,0.081111354501677196,-0.91914553347333683,0.3934036801093409,0.020125426018928607,-0.01348148002965122,-0.082476265056986131,0.99650183913451007,-4.9993126928640725,16.227293502597732,-0.59459664817191094,0.3272662676583236,0.3151025486483889,0.860655737704918,1,5
-0.25398337906178248,0.95382855306336956,0.16032321890916823,-0.96720772501891861,-0.25024884442687617,-0.043413506270979278,-0.0012883416030392376,-0.16609216484846992,0.9861093919803533,-2.4886835899425002,14.871978809013813,-0.71810481668700177,,0.3692792130363602,0.6666666666666666,0,2
-0.84880243734539329,0.51273055084712871,0.12900311850695881,-0.52588379142989949,-0.84394349084606046,-0.10585661136594303,0.054595423506320385,-0.1576919988032566,0.98597797807334442,-18.739567957502171,-16.873920262003498,-0.02489328133728139,,0.130631910482177,0.5714285714285714,0,1
0.93084660353290571,0.35834462513268561,0.07151035120714469,-0.36146741790084957,0.93166891695735077,0.036528550089084948,-0.053534161872086553,-0.059851138786435804,0.99677075333229015,1.8068555067181313,9.6298263302335343,-0.94614347098325757,0.1648283743288037,0.1671314330498652,0.7480314960629921,1,5
0.22917053039824614,0.96135212145046989,0.15258757020041766,-0.97338320630769559,0.22594199836102716,0.038410246741920756,0.002449831654645645,-0.15732867494295666,0.98754325797180009,3.2763571518208843,12.963126355148821,-0.93699526729737581,,0.1093397360422682,0.1764705882352941,0,5
0.94733831466617147,-0.3157391251021191,0.053468892313253115,0.31152832252877083,0.94731463613197708,0.074465323691971869,-0.074163480419058528,-0.053886779917604335,0.99578913085162957,12.002386302835644,7.2428216646806201,-1.2785322266014831,0.2809954155721462,0.1030194482746454,0.4117647058823529,1,6
0.29599760317650736,-0.95501588604320109,0.018168002611268948,0.9546231919971977,0.29642324185333302,0.028771913218321978,-0.032863052427385998,0.0088271792935571726,0.99942088265698914,-3.5081851650508584,-19.622201928921324,-0.86327915450721404,0.4627009557219762,0.4073841803243278,0.8493150684931506,1,5
0.015085532575702922,0.99612307791932431,0.086667412234579744,-0.99979902277907862,0.013882845847975032,0.014463078550593995,0.013203815997911086,-0.086868177301544322,0.99613230999471181,-10.693229658468917,-8.8583213855480558,-0.63685476800689889,,0.1080845283895558,0.5604395604395604,0,5
-0.56233253824083651,0.81498929600297587,0.13990912706536204,-0.82590287256700379,-0.56190229800399438,-0.046370816074356981,0.040823541262236071,-0.14162716864501657,0.9890779461601632,-16.720118173888331,-1.0302676004802234,-0.21436852261728154,,0.07538328084526311,0.3076923076923077,0,1
-0.78617892300524028,-0.6155642108597853,-0.054803314962605758,0.61745449409047348,-0.78611327615182325,-0.027854349486666798,-0.025935472808461514,-0.055737055595155856,0.99810857720179158,-0.83795838943725398,15.459467779174384,-0.75169213495595255,,0.2088974564262617,0.36,0,3
-0.72931016385116365,-0.68341045224847796,-0.03250905506039025,0.68324563660420268,-0.7250014527367189,-0.086880916149434287,0.035806214051566046,-0.085574805212620619,0.99568813779622567,-10.684298301058824,17.61579211436581,-0.43320409818491928,,0.1321386962541458,0.4,0,2
0.84840375237793209,0.51923083567309058,0.1030068552925911,-0.52745937909589169,0.84564452064071283,0.081681993818197796,-0.044695372856943368,-0.12363124199232049,0.99132115868098758,1.6627990364712708,13.467390119886758,-0.86592870324081794,,0.07193043892939929,0.2941176470588235,0,5
0.053250897964041435,-0.97269073023894947,-0.22591388884537783,0.99857003356532492,0.050801490013050343,0.016646221126712893,-0.0047148628154735734,-0.22647726578990768,0.97400504010449473,-12.15385176019211,11.312979782773326,-0.47229365106919285,,0.2212587826409209,0.1176470588235294,0,2
0.95834912174873266,-0.28334963060637958,0.035776356419590837,0.27968382921412771,0.95647027306979038,0.083316099344147854,-0.057826607366816871,-0.069839842275233641,0.99588075586960478,6.7506660461488091,2.3254061193359417,-1.1924924969805795,,0.1064639433201537,0.2631578947368421,0,3
0.65384859076441837,-0.75394284898535235,-0.063656899227292896,0.75661886730769023,0.65117473102580892,0.059155382743183028,-0.0031480135659448585,-0.086842674632434225,0.99621706463665505,4.8553196975430257,-13.506041583066443,-1.3468556258894933,,0.5749226766334185,0.6607142857142857,0,6
0.98191865893620278,0.17242268553192525,0.078141952540796422,-0.17938027244254878,0.97936904856313378,0.093053665027118149,-0.060485246890181442,-0.10538825470848724,0.9925899710747299,17.919472293736984,-5.6015151328413388,-1.6007577445337144,,0.2001776288166006,0.2352941176470588,0,5
0.77917091702045194,0.61931358329248309,0.096661096719062867,-0.62600790075691981,0.77666978297247369,0.069986830242587006,-0.031729958389856545,-0.11504231294143337,0.99285370320791133,-2.5821620344707417,6.5500067157905493,-0.82178139866521405,,0.08687656463511849,0.3727272727272727,0,5
-0.37990026679172711,0.91216175807537569,0.15374236370113958,-0.92490276207828581,-0.37729478711729636,-0.046941711878369534,0.015187757949490099,-0.16002990570188139,0.98699531979108923,4.5633818896219944,5.9001379722133889,-1.0833247130457395,0.4741338393000485,0.2763429469349377,0.2372881355932203,1,4
0.69527205792001812,0.68853104345588911,0.20620806888482257,-0.71796441164720581,0.67870012030470372,0.15457441672690442,-0.033524156719368717,-0.25552132767329938,0.96622201487045933,-11.26061664625202,-2.2085194260485204,-0.55466398103803805,,0.2931673513719427,0.25,0,1
-0.0806425639712674,-0.99463776177747265,-0.064749515229375915,0.9965014340253644,-0.081883077529291748,0.016734802052143057,-0.021946955632443668,-0.063173447433483923,0.99776121726485056,6.2592870278931221,7.4464434031581357,-1.129351715916078,0.4913823995097135,0.6020045512736977,0.2333333333333333,1,5
-0.47504460805403881,0.8232384959372695,0.31082309947255726,-0.87921449883256375,-0.45859874512314075,-0.1291086984447011,0.036255832653365683,-0.3346125666773786,0.94165808275625618,-18.586673071928637,20.166301067489997,-0.18177907227412396,,0.3387735232944348,0.1333333333333333,0,1
0.30153992567866389,0.93047197914247548,0.20807587378740072,-0.95284836476182477,0.30185930202395045,0.030999283093801327,-0.033965673737201212,-0.20761227760490936,0.97762133528032191,-7.2204970221577662,-10.962347660038787,-0.83933616475892625,,0.5851181342193505,0.6813186813186813,0,4
-0.36201909138522609,0.87872032527552046,0.31111536030915965,-0.93157843343073776,-0.35293952960966468,-0.087151080346950974,0.033223483251270378,-0.32137871489349062,0.94636775186713795,-8.6741102203975196,-4.3057072730382204,-0.7446995448478454,0.6644195490152236,0.5316054274611778,0.3333333333333333,1,3
-0.52440778624757345,0.8397709711313851,0.14064561766357933,-0.85044696147775667,-0.52466833492446907,-0.038250543013616113,0.041670606381126435,-0.13967052077169131,0.9893208307678526,1.6539394252710236,0.99520158950008042,-1.0845575956715443,,0.0691180007846753,0.1855670103092784,0,5
-0.56036406245860593,-0.81623674805562008,-0.14053358541101124,0.82788528864215183,-0.54698796536040595,-0.12413748265848176,0.024455395208198172,-0.18590787200780318,0.98226279414968254,6.3016453069365044,-4.6325682930181058,-1.289103292928452,0.5408285856832911,0.2877542029206052,0.2432432432432433,1,3
0.15435894241966397,0.97164294595521794,0.1791181243496838,-0.9878068987521692,0.14804996113901508,0.04815329463659522,0.020269377708887003,-0.18436701055829383,0.98264844056513601,6.7230486518975718,4.0080563387099968,-1.1765005750516198,0.5321503521984412,0.6824538447986512,0.7872340425531915,1,5
-0.74672081421079062,0.648273313023223,0.1488278779203247,-0.6632567705950948,-0.74254513078327711,-0.093365866406362324,0.049984816536008961,-0.16842933346641045,0.98444556870551325,-12.141651756582803,1.8992219038566474,-0.49831408542578631,,0.09351889190473577,0.2571428571428571,0,1
0.12134598960844126,0.98306341856605128,0.13733705211332239,-0.99260534527816813,0.11974239847055257,0.019909458398684961,0.0031271922162853256,-0.1387374249643866,0.99032426385658878,2.1037684502904992,-6.9226568983803052,-1.1655314869417905,,0.07391744763235805,0.2444444444444444,0,5
0.76819108145750004,-0.63966873249535428,0.026577716924962941,0.63820766418184149,0.76840499889956804,0.047378634907654982,-0.050729081883218965,-0.019433742149724771,0.99852335471802756,0.71667218822636114,10.018573392636466,-0.92114746994489627,0.4989468268508084,0.5053024270622496,0.8074534161490683,1,5
0.96291416860850165,-0.26881702285222053,0.023102210237693037,0.25768862673990334,0.94165854162376417,0.216508112171134,-0.079955459737910461,-0.20252555199745614,0.97600744118383909,-4.5087692611234207,-14.685118820683169,-0.93134240793178702,,0.2499443562211928,0.1304347826086956,0,4
0.1142588688962842,-0.99232347106567975,-0.047318491635954488,0.99331200762913385,0.11331646689868415,0.022150255740700845,-0.016618254370443456,-0.049532889091588268,0.99863423059692846,8.5474442374145863,9.1523886941999972,-1.1494992557704573,0.1872083444774057,0.1598775287928203,0.3235294117647059,1,5
0.26831252266234301,0.92925364699516089,0.25396072477602377,-0.9633116537905414,0.26052547588851693,0.064475841091021155,-0.0062488282023544306,-0.26194300135574416,0.96506311513125553,-23.158077869251368,-1.4270517661750213,0.20371369884655044,,0.3531203080448426,0.5454545454545454,0,1
0.16023507163809969,-0.98681837461155009,-0.022676360954789504,0.98669663320987322,0.15949146557655763,0.031499625720686049,-0.027467723411937175,-0.02742203379147011,0.99924649423118095,-4.1689787740629196,-6.7103922235781903,-0.96272772932969075,0.2204445143920453,0.1773333365789228,0.3511450381679389,1,5
0.27225059753442554,-0.95342666759071681,-0.12983528668666763,0.96190004149226227,0.26615541744093602,0.062526825795217109,-0.025058378226305491,-0.14191153333574422,0.98956212255065912,-8.5026304820744283,6.3138844957990772,-0.64471890158962175,,0.1005600459051056,0.1635514018691589,0,5
-0.99490294760206255,0.062509211484045535,0.079124732747549345,-0.082340303431038653,-0.95656813827843024,-0.27963810767029446,0.058208240684740849,-0.28472793208637187,0.95683948779625871,-5.0257398516376597,-6.0623791613833964,-0.92372819382756999,,0.3519419683764761,0.3396226415094339,0,2
0.99779239190141977,-0.030658781840492557,0.058909946186522365,0.022791082826279323,0.99126968870901455,0.12986520238438579,-0.062377152926753172,-0.12823588944904959,0.98978010055262378,-0.27730703120639227,7.8821051122198886,-0.92345873734322637,0.298384681270406,0.1892747799981376,0.25,1,9
0.97909576883312754,-0.20170125327459873,0.026231276761185241,0.18917651212286829,0.95040381280216446,0.24687008703391677,-0.074724311399249579,-0.23674711622016339,0.9686934913827715,4.0224781184011329,-18.873382142871666,-1.2467718071317795,,0.3684479080055592,0.2222222222222222,0,3
