axis_00,axis_01,axis_02,axis_10,axis_11,axis_12,axis_20,axis_21,axis_22,location_x,location_y,location_z,dbh,dbh_approximation,score,reconstructed,number_clusters
-0.1241737830731246,-0.98805107639755507,-0.091301380202824703,0.98272483995160886,-0.13518449417374143,0.12640032229813908,-0.13723250540375756,-0.074028528045759712,0.98776870597118249,-15.642111616742259,-1.0002132189840252,0.4979110761100734,,0.09385766474601512,0.25,0,2
-0.97582895771006528,0.20440747520922317,0.077300901502369915,-0.19910913663370805,-0.97739922931782308,0.07103730173581678,0.090074397047483379,0.053928940352253339,0.99447386712221642,-7.0280976656362455,19.505785181547605,-4.3075066611547825,,0.2191206370261981,0.5185185185185185,0,5
0.86129405831653694,0.47278204418627889,0.18614425536039181,-0.50792253150120859,0.79125805743486954,0.34047817630180283,0.013683826293658581,-0.38779869164225039,0.92164251619514848,-21.388512305439477,3.8549878195497254,0.27853025307323631,,0.1501586338530927,0.25,0,2
-0.98394240750041306,0.1620511872628678,0.074811439158634613,-0.1578107171131316,-0.98567381232885032,0.05952237607277848,0.083385348152599889,0.046760543151305144,0.99541967798394682,-14.444339355696748,15.563655333188899,-2.5160866634724002,,0.1704350390878101,0.2777777777777778,0,3
0.93618861743748405,0.31755098143080546,0.15070582859605933,-0.35110668366169812,0.86505825412795645,0.35832710426812064,-0.016582197338613863,-0.38837558002199962,0.92135196291862242,-4.602989720852297,-17.730265932585151,2.0808857574088275,,0.7599803806928116,0.4318181818181818,0,1
-0.99405755825440778,-0.089483683057696883,0.0619858156654794,0.090323477488166007,-0.99585309703034131,0.010875594214692159,0.060755578276647848,0.016409741055469163,0.99801777544629067,-6.6103972850255071,28.890465030530944,-6.0836670121414453,,0.1849457073222881,0.3548387096774194,0,3
0.97759150361816816,-0.20673776248362105,0.039678074762224576,0.18424378019045892,0.93144777194030681,0.31378221365872433,-0.1018286870911171,-0.29944038757439745,0.94866557478101565,1.5910987991235679,8.7229445344652756,-3.3254966457561341,,0.3739717143655515,0.2903225806451613,0,3
-0.42079135075262741,-0.90556427223724145,0.053740003528249376,0.90192572324336673,-0.41127675549862408,0.13183861398868063,-0.097286324237843086,0.10394604001096845,0.98981341266035017,13.178841098640691,2.7330646382793371,-3.7540678802706715,0.1327790286562751,0.1254519042880362,0.3636363636363636,1,5
-0.17901708730027374,0.96053640707782495,0.21289127068188982,-0.98368488660934805,-0.17866260880565218,-0.021064569093930622,0.01780242429784994,-0.21318884326526555,0.97684880651835648,-25.987492714913106,1.6816537198629449,1.1207976467180454,,0.419539441878625,0.6730769230769231,0,2
-0.21403937637851933,-0.97602038306427774,0.039640348163904979,0.96836362351457683,-0.20668080735818928,0.13983896639880444,-0.12829278238939812,0.068317316346795234,0.98938046588456474,-16.52584399686214,-1.8860603280100099,0.74349935573707027,,0.0779290066614217,0.3255813953488372,0,1
-0.90783467175012533,-0.41923732411963466,0.0087335464359855897,0.41757792587079906,-0.90575010232129671,-0.072425326857395833,0.038273810808206313,-0.062103286627744364,0.9973355990819982,7.7237765900958424,6.6297796763826966,-3.7590884669034867,,0.2027591712275025,0.3333333333333333,0,5
-0.92408137460931838,0.37600833310435977,0.068493405056493081,-0.37141567201567832,-0.92574200351342473,0.071078418047195308,0.090133299514075213,0.040242718186408621,0.99511633086372075,18.596906277708609,-5.0734739972228571,-2.8261053057075602,,0.5543543884827753,0.8032786885245902,0,3
-0.55856874316385641,0.80907178389746515,0.18276708582598675,-0.81347714649963243,-0.57738780603685491,0.069844495579558075,0.16203669733478768,-0.10966389533898981,0.98067218721441951,-17.271734072148124,15.708679971994087,-2.261871527446675,,0.1131523901744318,0.2105263157894737,0,1
0.67153771646256888,0.7127566621693654,0.20252169242188339,-0.73861435982478407,0.62213529150625779,0.25960837144254079,0.059041704149381063,-0.32392224313191142,0.94423961872796247,-0.69179028124656461,-12.090114526679621,0.69701137123561929,,0.5187941745496846,0.2432432432432433,0,4
-0.97965978834022738,-0.19289578218949066,0.055298429658410246,0.19777011255968924,-0.97478369604655324,0.10336212313971516,0.033965890056193646,0.11219609233536769,0.99310540990237528,1.4735528847164243,12.512410575156562,-4.0547976816274724,,0.1031727252901288,0.2758620689655172,0,5
-0.88792730837317313,-0.4595171867614844,0.020713524953123424,0.45995494969216499,-0.88747528319639457,0.028793505676764638,0.0051516306981810953,0.035093828321958551,0.99937074397585746,6.832640834047627,12.683300115008629,-4.7945833318134792,,0.1617689681476579,0.75,0,9
0.3365513201838719,-0.94102860198698146,-0.034617612929241814,0.92907378294587106,0.32583506535620749,0.17508116982406421,-0.15347675630250907,-0.091086115444352134,0.98394522451613975,-9.0026298839733467,-12.010087365831776,1.6577681530871982,,0.3474952816077003,0.21875,0,4
-0.8163363461462001,-0.57654037971074967,0.034585553684425625,0.57678248361898665,-0.81061141968218109,0.10114886490294593,-0.030280960205829186,0.10251983634314717,0.99426995660393425,12.469083418584054,3.3414426235412074,-3.7164166402812913,0.101113276125159,0.08953838463620374,0.2083333333333333,1,5
0.95189536037191358,-0.3064077193781472,0.0030874597826066933,0.29301729169036228,0.9131515225193465,0.28336401269576555,-0.089644239485154348,-0.26882820987776462,0.95900745768791917,16.650938436222074,-3.983124973434844,-2.834000526736081,0.633149338628984,0.5410626527776664,0.3928571428571428,1,5
0.25713516234601441,0.92585032463725792,0.27691638567331694,-0.95843233529856553,0.20766274957983463,0.19566205838404369,0.12364856222143003,-0.31571721335085179,0.94076228360545222,-25.558683126118648,17.575069420964372,-1.4924751894768358,,0.2466468253843601,0.4,0,1
-0.97910960566580807,-0.1890512918697107,0.074859796522165789,0.19778729739516215,-0.97090816093823229,0.13497232313573751,0.04716529531407903,0.14695901491890087,0.98801745068192104,-16.343570446223925,9.3389080453334987,-1.1883516399516882,,0.07960505160379593,0.4042553191489361,0,3
0.9827570445362197,-0.17678692961433362,0.054175390464408994,0.15372819636280199,0.94401937120224444,0.29188194263770134,-0.10274353048963372,-0.27852075023677364,0.95491882305778741,-4.4801930663282619,5.2220558283577851,-1.7464897488844664,0.4521368478316266,0.2196256160874273,0.2619047619047619,1,5
-0.77263543718309402,0.62461098153865502,0.11355880833386589,-0.61765511597019795,-0.7809342180736687,0.092972602187468723,0.14675366750010282,0.0016937482062733596,0.98917161923110353,-7.2231088345691257,13.584941435414013,-3.0990953907554699,0.3648937398922159,0.399260760874354,0.6351351351351351,1,5
-0.57156847222739304,0.81403308324176393,0.10324544030392999,-0.80447361298269082,-0.58070162990571272,0.12493127326424397,0.16165298503343692,-0.011651455392224399,0.98677887898810568,-3.1321927426917755,25.500930433502738,-5.9637691470247596,,0.1314686260447467,0.2,0,1
0.98676604032352799,0.13083448258483074,0.095786845813955815,-0.1544663347149425,0.93815616713142425,0.30984376306940231,-0.049324771707107307,-0.32053914618972235,0.94595016922457731,-2.1055259707185252,6.4347750565481991,-2.3155967428000084,,0.09717315717741867,0.3666666666666666,0,5
0.78463142464712332,0.61189309307872475,0.099701404698121485,-0.61903234237020954,0.76445055017442631,0.18003976071321029,0.033948292385317567,-0.20298324802941151,0.978593538944312,4.7827573596284907,6.5281926612237875,-3.3650236962904376,0.1055535060637939,0.08712201725511677,0.4545454545454545,1,5
-0.09357293076726278,-0.99502929914041205,0.034070522152842057,0.98533929659247521,-0.087649889203936154,0.14636928473277841,-0.14265544931152291,0.047267227279373762,0.98864312671815446,11.489482321470769,2.2043637447702809,-3.4174347795192603,0.2600258030012741,0.2090580767906701,0.7323943661971831,1,5
-0.81931877900855377,-0.57227519153577877,-0.034897614769783258,0.56896521960590785,-0.81906540086970681,0.073555747409344382,-0.070677558268049029,0.040410076105273578,0.99668034419588714,-22.967359338688073,10.839868366910125,-0.69967890155277968,,0.3076100044345266,0.4285714285714285,0,2
-0.64192457951330184,0.75267823443030013,0.14631578736266954,-0.75015524968682568,-0.65598290187840469,0.083387851696063359,0.15874487577231619,-0.056230844365654765,0.98571707733911063,-11.866341153615448,-6.12416772593674,0.96042055729108677,,0.4104091459851978,0.2713178294573643,0,1
0.97093678084029256,0.22152198458238742,0.090607825038296938,-0.23725901815417025,0.94063758065068781,0.24271196956915897,-0.031463088151184329,-0.25715550201055737,0.96585771305595991,-28.956444379012922,13.989122248470494,-0.50833488309968189,,0.1155600367893682,0.3529411764705883,0,2
-0.69347552560100023,-0.72047984897635453,-0.00069470240158183696,0.71941676239854258,-0.69250400967206072,0.053644371262209563,-0.039130772704052498,0.036701278004019518,0.99855986241209171,4.0893942096878657,15.450653301961129,-4.9462966732824283,,0.4309667079693774,0.25,0,6
-0.99249293606760691,-0.11034228774601455,0.052747998927714528,0.1141595818360522,-0.99056145272789897,0.075865659191843363,0.043878944049739098,0.08131782033829342,0.99572187400122403,4.2984484703560089,10.301403257413012,-4.0274770075352233,,0.07457006751386644,0.3333333333333333,0,6
0.98930215372013885,0.10494797261625008,0.1013270530926153,-0.13612206839587437,0.91387992683980157,0.38248432884878836,-0.052459804997004519,-0.39218541834573351,0.91838911497069597,-23.619546932553213,4.6348060212579272,0.40895103540398359,,0.5509304676754743,0.6129032258064516,0,1
0.92578609341953944,0.35827889070462954,0.12064968175029926,-0.3766208539508481,0.90176517378392584,0.21207617433314038,-0.032815264745574793,-0.24177635911293494,0.96977695918895235,2.8230142987355742,5.595979477382576,-2.9507281438320296,,0.1234829277470936,0.2040816326530612,1,6
-0.56635163623010376,-0.82190243295311405,0.061009956935219836,0.82023863857181933,-0.55489179231046271,0.13893766451301781,-0.080339280139504574,0.12873029764680682,0.98842000715001288,-0.27634965358238489,-10.612219242518405,0.44558664084097527,,0.07229750265574812,0.4117647058823529,0,5
-0.95819297814270876,0.25482652464244487,0.13011402298238076,-0.27007564737169876,-0.95567609956636512,-0.11722771606738788,0.094474130505466311,-0.14746740336858091,0.98454456659359169,-15.589751649619435,5.9753040771490227,-0.69152456251298733,,0.5111062318650844,0.3275862068965517,0,2
0.58386005616637848,0.80359053946506498,0.11554081398207533,-0.807653873588564,0.56046858687907408,0.18322167884604401,0.082478211006195623,-0.20029280567214813,0.97625823259278954,-10.791762067139066,-5.1248380485933538,0.70621646475875566,0.5243200904701649,0.3587820597433104,0.924114671163575,1,4
-0.23640164321910048,0.9422562304818668,0.23720762888535604,-0.95840565289150836,-0.26630128858076263,0.10267535344875893,0.15991518873737856,-0.20306851015932759,0.96601775997792072,-13.527008308651718,-11.565907075557202,2.0419135052171309,,0.221257181778503,0.4285714285714285,0,1
0.71388317983566185,0.68314566730891291,0.15389217908908032,-0.69848267691470423,0.6789900770852374,0.22604076019570785,0.049927503420400914,-0.2688577178673599,0.96188500973108104,-17.99410589909974,4.9056043597937879,-0.23306751738675477,,0.2658265959601974,0.2258064516129032,0,3
0.70507906627007266,-0.70847804145196924,0.030370628707760746,0.69219410521318614,0.6969134858104401,0.18756042760576763,-0.15404814512300824,-0.11122256100235982,0.98178343381228272,-6.8794773747523914,9.4228968174717309,-2.3154077624957687,,0.09072143138856943,0.253968253968254,0,5
-0.41119251479770053,0.88847154359761682,0.20381126561505797,-0.89590896129748909,-0.43514603258702739,0.089415118356040088,0.16813045185568776,-0.145829511900159,0.97491840921061901,-15.707245017802535,13.407942541849495,-2.0085814211246267,,0.1467917511711122,0.3571428571428572,0,4
0.98171986406514422,0.16334489699461538,0.097696228820431066,-0.1846842401847994,0.94163432172287254,0.28145432237020196,-0.046019994863959246,-0.29435225288644346,0.95458834651036706,-8.7255490254536134,15.387255488758377,-3.2680558828407418,,0.2884950590506384,0.3333333333333333,0,3
0.11626281243369514,-0.99286549019470949,0.026477855378158284,0.98132495528121377,0.11894299038022654,0.15117505476014576,-0.15324585014717745,0.0084073432086812297,0.98815232934646269,-20.630787599244293,7.2504817269599462,-0.37392079397341021,,0.1080600441384066,0.3513513513513514,0,4
-0.14543536673470076,0.9539992141158371,0.26217180162845494,-0.97691928854616594,-0.18037541528648376,0.11442645335184921,0.1564520941668647,-0.23947903671635928,0.95821319819975792,-4.4998084349500846,-4.1358529828159956,-0.090133914426387116,,0.3327965114175419,0.2827102803738318,0,5
-0.61381035433791487,0.78376330687435058,0.094614627330806222,-0.77329174424310265,-0.62103719846179206,0.12779935998348974,0.15892365208811576,0.0052798602360742877,0.98727675749146637,12.365017463104136,8.2725658067135797,-4.6197706795351445,0.4883766503959086,0.3282334209657602,0.48,1,5
-0.89029828661068511,-0.45529393599645995,0.0087402919247410137,0.45518926832277046,-0.88921343833531308,0.045849657443330236,-0.013103085967009862,0.044798358549634029,0.99891011417914821,-14.495547629237823,4.3132980118139299,-0.56580479468238165,,0.2101517351505299,0.3361344537815126,0,5
0.0096443264731415519,0.9812540547411559,0.19247718571539874,-0.98668150450277969,-0.021918593354810986,0.16118059417149971,0.16237794074014708,-0.19146815745545537,0.96797383696131056,16.22957376133246,-2.4943372867205276,-3.164787219970977,0.6154626164680836,0.2625011301402576,0.2608695652173913,1,5
0.64511534133940318,0.72530928606398937,0.24031778111053753,-0.7639023344990542,0.60534969483866463,0.22361791141505494,0.016715852220005059,-0.32783865926409977,0.94458583187367173,1.7020474744270944,-10.064692015718604,0.14248616150180629,,0.2660158238828818,0.24,0,4
0.80494841678809881,0.56896093161762018,0.16834935284444627,-0.58963160087618638,0.73534547693029217,0.3340682636922393,0.066276855375911881,-0.3681718183823578,0.92739252239303138,-20.589331191031757,4.1838236073676507,0.12485742238931995,,0.3290506584612625,0.3333333333333333,0,6
0.91077049737745996,-0.41107834670836874,0.038880508925794817,0.39339702656094,0.89247470125264095,0.22074348714519473,-0.12544273833038602,-0.18575117897748011,0.97455662683532684,-23.306364165131917,3.5859394625923602,0.55715857205096297,,0.4087883150852105,0.175,0,1
0.98888854486466538,0.1092387611119133,0.10082826442113718,-0.13928271112990664,0.91789534820984042,0.37157563982995262,-0.051959332325843002,-0.38149052780569792,0.92291126603741391,-12.969565337315567,-7.0440300485436866,1.2716782597361278,,0.5026157045117622,0.3461538461538461,0,1
-0.50121189839081359,-0.83773908757057192,-0.21674836577908185,0.86051076949940741,-0.5089185947010707,-0.022870932272762268,-0.091147399781971825,-0.19797748640669555,0.97595956186159261,-18.930006296689495,19.498535371305483,-2.7046135733853185,,0.1006564764910114,0.3333333333333333,0,1
-0.98009890774457142,-0.1929569165803168,0.046623592544065617,0.19375977010020112,-0.9809585857325317,0.01331933062691096,0.043165756435113875,0.02208803797190783,0.9988237262149593,-16.320893775230836,18.328447309166823,-2.8552910464672672,,0.1376555281274624,0.3571428571428572,0,3
0.26909039943655444,-0.9513574744958726,-0.15003103896164771,0.95041877877503089,0.2370911172918283,0.2012261092728572,-0.15586693646458494,-0.1967403309495751,0.96798695254378142,-3.7024798986132015,-10.050360461463065,0.75001889297799784,,0.3917986452472067,0.2533333333333334,0,3
0.63043612402282867,-0.77623856212661591,-0.0019970464880956409,0.76050336925472939,0.61713698861728561,0.2019320743036922,-0.15551501174895097,-0.12882403482266461,0.97939749293774048,22.58846515449995,-0.36724549039136395,-4.4324906580739469,0.6254895316230434,0.5072452989909819,0.8588235294117647,1,5
-0.21713522302833319,0.93488822219244627,0.2807780385398474,-0.96307307070153425,-0.25208432352227716,0.094571424457042308,0.15919345278608071,-0.24987498042053741,0.95510205671953308,-21.604357139967274,17.75291952446743,-2.0230315140914663,,0.2803863052916185,0.1666666666666667,0,1
0.95122974704153573,0.28821862384425606,0.10996359948919464,-0.30597184687510204,0.92690026161443373,0.21734105442583554,-0.03928354952312544,-0.24038704184797099,0.96988188602965775,2.3760306446231856,9.9832149465966218,-3.698258642235793,,0.1003881567075543,0.2,0,3
-0.6038190438538793,0.76329675936699881,0.22974033041506756,-0.78108453624385143,-0.6240859189510638,0.020584290314048209,0.15908962731779089,-0.16701743294292309,0.97303425817030809,-10.562930524340283,-11.906344367554645,1.7924994299656103,,0.2596332822007217,0.2916666666666667,0,2
-0.96818757574104952,0.24534178614268612,0.049195794057896557,-0.24856619607476432,-0.96560032329376122,-0.076360080041250195,0.028769156219679425,-0.086159292170379403,0.99586591066423569,-23.331531554969999,0.55808598553415123,1.0407430066398562,,0.6592576689670793,0.6790123456790124,0,2
-0.45467806614344047,-0.89039169954046649,-0.021690494634821141,0.88347067013431835,-0.45396345085081485,0.11574437482677231,-0.11290452240934293,0.033463512682648029,0.99304217540770046,22.311591184825982,-4.2851184447195791,-3.4496711391928314,,0.3440346903136225,0.1875,0,2
0.77766825649184179,-0.62821577198606404,0.024021379496024342,0.6110682957793574,0.76431644964296996,0.20595121436514102,-0.14774173661579221,-0.14548301836681202,0.97826738197112084,-3.2984382028846064,5.9286255201268849,-2.0544186946793115,,0.07111588480271422,0.2352941176470588,0,5
0.93861751062238086,-0.34070003477617428,0.054043085187289688,0.32447019384297404,0.92515385985907894,0.19700108856387727,-0.11711644658437112,-0.16737330101113321,0.9789126192097477,13.092005044981379,4.9994170366751769,-4.0839374661744516,,0.08539186512802308,0.45,0,5
0.99264221157238464,-0.10059958415950548,0.067388155276877804,0.085879797906784544,0.97726192590797156,0.1938653875299359,-0.085358655777699965,-0.18665168586856354,0.97871091137590127,-11.139055278063173,6.6931296917882381,-1.3484455328070439,,0.07416939088074556,0.3711340206185567,0,4
0.74262721595099768,-0.66955357532951143,0.014241765773240279,0.65328393716096678,0.72893458823564661,0.20463250846626385,-0.14739374334189884,-0.1426617532389037,0.97873525970328934,17.849733174870252,3.1443977250442372,-4.3726762741364249,0.2238976760847508,0.1813076693904461,0.4285714285714285,1,5
0.52639615281115526,0.83105266633751262,0.17960667047447368,-0.84459624327863991,0.48680464511806693,0.22288657054897065,0.097797117264382394,-0.26902175240077519,0.95815605231611012,-10.427654533197893,-9.5721049223666341,1.3912970747657394,,0.6487137314209549,0.6046511627906976,0,3
-0.88568422720392392,0.45493130316648051,0.092741355831354427,-0.44551655761476866,-0.88897182490582494,0.10603816018158582,0.13068453073442435,0.052598516356042305,0.99002775188570735,-17.60749098349585,12.862610479906452,-1.6706613865630231,,0.1082559979737904,0.2380952380952381,0,3
0.53457755360878567,0.83620643291331198,0.12241585163711975,-0.84075710419296446,0.51151089941832595,0.17743757078284306,0.085757395755160989,-0.19777613943711825,0.97648874429900245,-21.586671665127753,8.4941107397415863,-0.48042781743242602,,0.07341461924633871,0.1923076923076923,0,1
0.86530346928706869,-0.50074085680349745,-0.02254995271528621,0.48056310658542983,0.81596427710317243,0.32134311736904719,-0.14250967205324436,-0.28889598962117063,0.94669430153142897,14.288939270622766,4.2671290464390363,-4.104792107396678,0.5900354711633192,0.5795230233284987,0.7083333333333334,1,5
-0.70266469989871416,-0.71148740527640253,0.0069276005444179698,0.70947819239135568,-0.69987670139069036,0.082542700292526305,-0.053879625438057674,0.062914823241740456,0.99656345055350881,3.0148301963306881,10.877082015954423,-3.9838209190733984,,0.1564885058554928,0.4210526315789473,0,1
-0.63396031321145707,0.76503142766844501,0.11323089663344012,-0.75681284377717561,-0.64383585215840344,0.11273737166249342,0.15914974321919639,-0.014223577434802475,0.98715198884377497,-14.933274627708794,20.044977341179532,-3.3228832814955762,,0.1753090959748946,0.7083333333333334,0,1
0.9916783245137939,-0.1186883356821502,0.049871631841337909,0.094950416811922164,0.93589105951728002,0.33925262425347125,-0.086939743712291753,-0.33169414177616391,0.93937238477326801,-12.701535073556492,4.4017556469409875,-0.73660277157869603,,0.140828201602462,0.4846938775510204,1,5
0.16716303684187439,0.93380771202134716,0.31632210811648809,-0.97691602637944652,0.11359508178661309,0.18091775699716545,0.13300976098315079,-0.33926289859539538,0.9312406182721279,-9.2570263295246438,-17.522250120212199,2.5757210635591097,,0.4605145390410416,0.3076923076923077,0,1
0.32030694065311244,0.90919960197474348,0.26600666822170471,-0.94200039190340701,0.27599626392523752,0.19094848507683618,0.10019344002114897,-0.31174051079107312,0.9448699003082115,-14.624004867543601,-10.927651409359818,2.0427182683694873,,0.2989967211207913,0.4666666666666667,0,4
-0.43283001820542638,-0.90039477535863421,-0.044129625504484168,0.89783069833414086,-0.43496076655790644,0.068623382925852516,-0.080982791191216236,-0.0099186724028003954,0.99666614644455853,-22.741987695974128,2.390247598891686,0.68745994064575833,,0.3612337307496586,0.6,0,2
0.65561738993475327,-0.75367938448721472,-0.046186831609416272,0.73960700967899728,0.6286444125432602,0.2403906691446914,-0.15214239793310461,-0.19176440748249896,0.96957676476597354,2.6688534347390434,-9.0952928458778644,-0.14973744614948747,,0.1886504461470835,0.2105263157894737,0,3
0.11762538254236839,-0.99249901866500523,0.033316172210575951,0.98169640713232231,0.12127454243868002,0.14684907074877826,-0.14978796215067611,0.015433188435707752,0.98859768515279067,-18.958954127683878,14.700215407438275,-1.8398457381525306,,0.1185763641045251,0.5161290322580645,1,5
0.72385692036934868,0.66729059884951547,0.17536936882038087,-0.68810552019453475,0.67963829048654933,0.25417039005818653,0.050417773762953352,-0.30465562655493034,0.95112722455894994,-12.839505453822175,13.95516113805467,-2.4104886142672748,0.3782425677339381,0.1551389534365034,0.3684210526315789,1,4
0.97590358089250251,0.1783733244598377,0.12567878867310145,-0.21415903064655972,0.89335190996255331,0.39504211744924794,-0.041810410111819213,-0.41243826457714239,0.91002558618913432,-1.3590283594552419,21.342660118849476,-5.3996073974018008,,0.3190418687909961,0.4482758620689655,0,2
0.60694454365551731,0.78066595316827536,0.14892612427195245,-0.78675972838202191,0.56370771199290626,0.25148110313892513,0.11237193031644475,-0.26980416046382943,0.95633585328239401,-1.8342312843640662,-5.0146700081293858,-0.3176627216438927,0.1843715105720244,0.2235099008213278,0.4652173913043478,1,3
0.991366920716654,-0.13104610720948265,-0.0043065408418100715,0.12220913203883939,0.91161796524096272,0.39245077843755433,-0.047503226786134625,-0.38958901837085913,0.91976292609005339,-7.3803728911763509,-5.5657020741704404,0.44630667629543974,,0.5667594730974006,0.4121212121212121,0,3
-0.11807264573509715,0.95621729160769497,0.26778226520731269,-0.98090190618594109,-0.15428754975034104,0.11843480245613537,0.15456487560213034,-0.24868422391153255,0.95617250326895364,-18.205527874703929,-1.5126881326488799,0.84942289270174043,,0.4592255986039675,0.2222222222222222,0,1
0.6277307935344969,0.76011827986670699,0.16785187357020892,-0.77447501140621866,0.5881390392650081,0.23298267575030279,0.078374151069648623,-0.27624748162637075,0.95788559929628314,-23.395046305604566,8.0843837148259095,-0.18253781411948039,,0.1144305325933523,0.3846153846153846,0,4
0.804367510820853,0.53847324035754363,0.25107663562090415,-0.59341684065609224,0.707406665874876,0.38396909029443221,0.029143794564316306,-0.45784536526499769,0.88855402803867467,-26.55882226949544,4.9915712858353602,0.67858935743215998,,0.4275675815203197,0.25,0,1
0.99364922400110867,-0.096786788050048811,0.057389348323097979,0.068652346575328177,0.92556765246443906,0.37230548749806019,-0.089151976712218639,-0.36600114531299222,0.92633421974894226,-0.80440573780119218,1.679404252832025,-1.6695483776428577,,0.6233149529489679,0.3718820861678004,0,3
0.96610262165948746,0.24272539718717392,0.087921021280427877,-0.25575807509412085,0.94623622141001207,0.19805256957649342,-0.035121666344506572,-0.2138256178572398,0.97624027457442764,9.3088113221109481,10.373885289219738,-4.6023429556165727,0.3707383339166209,0.3345629964670571,0.4285714285714285,1,6
0.98366884306609215,0.15489078399883827,0.091675799496052299,-0.17414650499050754,0.94774471311358843,0.26730685282055922,-0.045481886291206489,-0.27890644273208576,0.95924063415908634,-5.5895157889016156,-13.551338153138341,1.4999302513394588,,0.4213641091574493,0.6,0,2
0.31476130813596342,-0.94793710518658358,-0.04837937071744558,0.93550462612204788,0.30120795706617426,0.1846750148348934,-0.16048804754492949,-0.10338767436450336,0.98160815776190147,-10.252097306339021,11.577652129537334,-2.2932222549212828,,0.08878115528192072,0.4583333333333333,0,3
0.99193499759282855,-0.11090496066284147,0.061360005303859259,0.096151034820380524,0.97385319182801811,0.20582745023283974,-0.082582922287153485,-0.19826762334469974,0.97666269022613861,-9.3016147123894619,10.551917591211808,-2.2164296039234053,0.6308281528459315,0.8838901860462216,0.8246575342465754,1,4
0.79022326247262342,0.59169395456676244,0.15951633012413369,-0.61172795884838971,0.74609820772584312,0.26291893958303925,0.036552699083768139,-0.30534526123297367,0.95153989492414903,-14.10004829467727,13.202680900902006,-2.1403476585666081,,0.1322756959700842,0.2857142857142857,0,5
-0.59678955296677494,-0.79850172516268492,-0.078976100067890784,0.79888889680589026,-0.60048939206696161,0.034482177647573248,-0.07495838865654067,-0.04251452607365265,0.99627995816574944,-2.6683966546871032,17.980042302301904,-4.5342769589828285,,0.2443181664242712,0.5,0,1
0.91628950334949277,0.3660513849907584,0.16254208562058511,-0.39905512272215216,0.86902297428530917,0.29249628919616233,-0.034184134927625578,-0.3328745314839579,0.94235130986728455,-3.2009411596554571,13.139397836855663,-3.5006522977195473,,0.3467530999826807,0.1379310344827586,0,5
-0.90239152894343566,-0.42759204629560749,0.053428180166117452,0.43091131226481544,-0.89605794723022014,0.10675015769439601,0.0022292270729719682,0.11935324524410154,0.99284935080623271,-17.038617864221965,23.346245497869287,-3.5988578950134382,,0.1761058881484261,0.6363636363636364,0,1
0.96097798027982517,-0.26943741884958872,0.06264821418828348,0.25436375964686209,0.94969549265728181,0.18269523530940185,-0.10872165927552419,-0.15963066293828257,0.98117157126277488,-15.131488735768629,15.87163357665327,-2.5352148843069502,,0.1103070380852373,0.4054054054054054,0,3
0.43778979674562685,-0.8990189832797526,-0.010245075307832887,0.88405670707502637,0.42837357578867541,0.18692195762318989,-0.16365766875122045,-0.090889753375529375,0.98232134263195725,-23.798946947294763,11.507219630065769,-0.6777292055736539,,0.1623657392260838,0.5789473684210527,0,1
-0.99282969966780354,0.088157238554866346,0.080730965235896457,-0.08105678370919657,-0.99287286836891941,0.087368558827503259,0.087857755902707113,0.080198307633358154,0.99289941392896652,-18.163705533316701,8.4194567451700131,-0.83960217306511964,0.3694607769941708,0.2766345884116168,0.5660377358490566,1,5
0.19768457326827915,-0.97810916141769433,-0.064986751284510202,0.96746748951449357,0.18399675413872357,0.17364288410107231,-0.15788434445587921,-0.097199088561521513,0.98266213469256458,-10.242516808170659,-10.774603136029745,1.5648965147620837,,0.08004206765596816,0.2608695652173913,0,3
-0.96363026114761696,-0.26484869729207206,0.035663529596311257,0.26600946334484399,-0.96340384424546199,0.033045397622856694,0.025606351000535956,0.041330381509938001,0.99881735785511805,-8.4502383366171472,-6.8117655250430387,0.77785588783560222,,0.156056646272513,0.1518987341772152,0,2
0.46347286894017131,0.87995443136198714,0.10427415059720539,-0.88054473577327474,0.44419216057996352,0.16533085852700713,0.099165861355308527,-0.16844442171145244,0.98071025728089212,-2.5843319016438331,5.3822124548279948,-2.0688173339875355,0.4773417344425162,0.4216775228223655,0.935672514619883,1,4
-0.54075374714170543,0.82644857152034734,0.15674228397016107,-0.8255094046920024,-0.55718563932430343,0.089879842544499058,0.16161561718244064,-0.080789367881828014,0.98354129060248097,-8.0917354866569102,12.415032194379247,-2.7162749848745036,,0.07613346676232591,0.1724137931034483,0,4
-0.56025258443773007,-0.82824419634060009,-0.011339879142116658,0.82431008288732843,-0.55883266249030339,0.090658383971282036,-0.081424375227139328,0.041444017205288314,0.99581748556487859,-2.7188280515624581,-16.687894240535154,1.7482894783267582,,0.1465244014977625,0.1875,1,1
0.69180842482289129,-0.72135783902145278,0.032310546673920984,0.70426323273557645,0.6839407170754509,0.19036384778405505,-0.15941895232657624,-0.10894018362668251,0.98118175382060524,29.082058388463594,0.39002247909383914,-5.1230358753455842,0.5635207838751952,0.4614868080242052,0.9393939393939394,1,5
0.58723322461385463,0.77417874049184976,0.23622958680078002,-0.80648193627741771,0.53479515325567917,0.252152791998149,0.068876892843981435,-0.33858739170956692,0.93841065201087226,13.894963059039227,-4.7735357388541431,-2.3630979300848565,0.5455787542175015,0.3297226863408973,0.4705882352941176,1,5
-0.99531590597054687,-0.081290619660060903,0.052326689913593745,0.074067421311176412,-0.98904879505207777,-0.12765773813735706,0.062131026245691098,-0.12318407430068494,0.99043698407134451,-5.5171120671190002,20.255690556737015,-4.6166209252219534,,0.3321548709915075,0.1666666666666667,0,1
0.43343839283328051,0.8933702958254276,0.11840892768238064,-0.89546855154499083,0.4121823764417028,0.16805285402154468,0.10132735470749735,-0.17887202991988119,0.97864067159520907,-12.16801863898608,-14.287451709818125,2.3624296570028571,,0.1376726698274423,0.1818181818181818,0,1
0.72389774685312813,-0.67808877716475957,-0.12715212300298331,0.66886405974501018,0.64462301414334644,0.37024591722012357,-0.16909441647312975,-0.35306767045418941,0.92019035986999098,-9.7530034516122406,17.078984084639806,-3.4171534784141726,,0.3111213639019264,0.1333333333333333,0,2
0.8826856827772146,0.46059064449699361,0.093392952742519131,-0.4699249620525407,0.86245429794589257,0.18799764358782683,0.0060428023333900134,-0.20983050816433144,0.9777191019835183,-18.103273461847632,9.6559680571912736,-1.050242293458862,0.4186495505697351,0.2917640632794311,0.6,1,4
-0.65515542836840013,0.74272756263367523,0.13830087629390003,-0.73879420559156694,-0.66812410693227564,0.08827966651657182,0.15796989100377992,-0.044338983301285252,0.98644795508737526,19.326370683884594,7.3146933723925773,-5.2669495522451681,0.2695533363469234,0.1288532753757495,0.1,1,4
0.042934654564480236,0.96401558146982502,0.26235581587002055,-0.98028087973379729,-0.010050465084519743,0.19735345190778214,0.19288860066308006,-0.26565569226911018,0.94457452903371175,1.4869654947270659,-11.682209117545897,0.42227224816207498,,0.2116917504275695,0.1739130434782609,0,5
0.94912607475528377,0.29735411694690267,0.10363504887032322,-0.31262681982604684,0.9292342033658848,0.19694737068674115,-0.037738120582229175,-0.21932698062412667,0.97492128391230826,15.396355985828107,13.617144669579959,-5.9464658162034434,0.2402746716657972,0.1201899943503343,0.5882352941176471,1,4
-0.18407960161762366,-0.96924428537687468,-0.16334079567753146,0.97115230391999141,-0.20497680687077702,0.12185118479503293,-0.15158463925869958,-0.13619847249265402,0.97901586975466215,10.795631411237782,-5.0135468191833077,-1.9641987783924122,,0.2324321919811569,0.2105263157894737,0,2
0.90672033714028255,0.39708090674673435,0.14207386710231409,-0.42164262910960054,0.86048922638592351,0.28596465619251066,-0.0087019270140864819,-0.31919436832586551,0.94764931894414139,7.1483970055085893,8.9096263848206689,-4.0414013461965146,,0.219692616795631,0.5,0,4
-0.31325764974186293,-0.94345756085800603,-0.10843189446867872,0.94241573166452297,-0.32291635746051156,0.087049496240112906,-0.11714193779098342,-0.074919002558079359,0.99028526671170669,-12.501152558948901,-15.367783085045607,2.562145966793627,,0.1514259006436325,0.1,0,1
0.26496696179456919,-0.9642485871626848,0.0041438281963468654,0.95347205144239278,0.26264178276864403,0.14802142095771922,-0.14381778845326931,-0.035269761820486113,0.98897547372295114,-1.5959444268867964,10.732391206163003,-3.2503794120148859,0.6363263720114287,0.4369085763932357,0.2772277227722773,1,4
-0.24919091788561176,-0.9669159196853927,-0.054566388026677001,0.96041493503461906,-0.25397461561089696,0.11445543756303513,-0.12452726209860648,-0.023885118468382784,0.99192865777230999,4.5615713044488881,-8.5722732219133793,-0.42974858817396971,,0.4800095960235635,0.2857142857142857,0,1
0.17540051794724082,0.90971332075804467,0.37637259775282694,-0.97557999074061152,0.10927078929436325,0.19053497388546592,0.13220567298867317,-0.40060150853729753,0.90666426608047901,-10.635728176684434,0.91472325456353787,-0.35600911798136647,,0.556784322368439,0.3895619757688723,0,1
0.96604358643801003,-0.23362449000972785,0.11036025901420531,0.2046279836046917,0.95256225067077094,0.22528325930462348,-0.15775670327395247,-0.19505065051091419,0.96802276125481879,-2.4855581143431866,-13.3306251046728,1.1239974337914029,,0.1595290614354986,0.2222222222222222,0,3
0.72820321995886916,-0.68437705645433689,0.036716686130865324,0.65923909948025528,0.71409186728113017,0.23553474223437004,-0.18741366054265388,-0.14731208260643966,0.97117211150246496,-4.2872006629333841,-13.589257654909209,1.3988378089634166,,0.1602461187150154,0.4117647058823529,0,4
-0.52500225371241682,-0.84206271660037468,-0.12370535521343191,0.84651639765606723,-0.53169490211653347,0.02665557282607179,-0.088219170797957783,-0.090724375858355244,0.99196091935561326,8.1137134960533572,9.5470659352527889,-4.2849027363888137,,0.1099117984385492,0.3043478260869565,0,4
-0.090107388952497092,0.95053958781348291,0.29724594270660315,-0.9851086488465306,-0.12894774222257321,0.11372523793540051,0.1464295339879427,-0.28257206474645469,0.94800391338907408,14.833300047940757,-4.4911762372410351,-2.4965719671322044,,0.2991044945456451,0.5384615384615384,0,3
-0.086928260790609696,-0.99621377713860249,-0.0012600456968888331,0.98583017201060874,-0.086204213396670296,0.14390172183193042,-0.14346549909108011,0.011266935337518717,0.98959118161928172,8.7171724155199151,8.4651835076670761,-4.166729474555126,,0.07092728944640542,0.4210526315789473,0,4
0.97520095206933977,-0.21987279109773217,0.025279612693768931,0.19695177140436862,0.9142475458114806,0.35406415339365616,-0.10096089749866176,-0.34030483498266395,0.93487941279273368,-13.447076260788325,-8.5758021902046959,1.5430314853620453,,0.1965797333717886,0.1875,0,1
0.17475931320307528,-0.97918928448207621,-0.10318685771099577,0.97080587480328651,0.15387225771891397,0.18400891758800747,-0.16430196558841115,-0.13233167972924684,0.97749331999958977,22.087805050256392,4.5558957427877624,-5.2023325525101516,,0.3324650691638127,0.1428571428571428,0,2
0.91889915390731058,-0.38944003494682045,0.062934919790604865,0.37467154383220563,0.91148507118829947,0.16975334825344113,-0.1234729897217292,-0.13240628452411804,0.98347495983766531,7.0199424834470241,4.7569229043149317,-3.2503705918207477,,0.07320273455905821,0.282051282051282,0,4
-0.50938590757091773,-0.85639626554035486,-0.08432931599798052,0.85873245189841618,-0.51221549713810777,0.014623971693629471,-0.055718697263014288,-0.064967075200411256,0.99633062078569923,-12.279580714915284,-9.7116388332955204,1.6233274332815897,,0.6315167077802666,0.1739130434782609,0,2
-0.4659234042805801,-0.88065875309123343,-0.085764456200626532,0.87977757513752741,-0.47142260539645459,0.061254758234369419,-0.094375842400094195,-0.046913619824234531,0.99443064747938026,12.392289192898945,-6.1973185485528521,-1.8628411905491855,,0.1967102876104168,0.2666666666666667,0,3
0.47842551388513721,-0.87623340532813598,-0.05765454926371022,0.86366414935689639,0.45766236714685737,0.21125670359343346,-0.15872386329525609,-0.15086476422476608,0.97572873183894426,2.0549598932298836,-8.0146355557679101,-0.28642154436890577,,0.2391233654369078,0.2272727272727273,0,3
0.92152914401028829,-0.38422689680732708,0.05615806718074827,0.36847163074584305,0.91089155492503671,0.18575584109725435,-0.1225262995244894,-0.15048676664763896,0.98098982613927976,-10.31824749415115,-14.85429370285601,2.2393766606727015,,0.9446033414387185,0.6557377049180327,0,1
0.56334670055862957,-0.81804482304744064,-0.11594465255020725,0.81020281993582988,0.51946030585343161,0.2715370715218991,-0.16190085094815157,-0.24690819777387218,0.9554184718406501,-12.698413284994178,15.300258242688544,-2.6971557996599831,,0.2477677987452305,0.125,0,1
0.12397933668089182,-0.9804615366258389,-0.15272294940009748,0.97496124244674987,0.091729592560909248,0.2025740792285616,-0.18460687907782863,-0.17401395646875067,0.96728457195968742,14.06753992704671,15.120250176772224,-6.117399633159641,,0.55397219079319,0.1428571428571428,0,2
-0.6997562357663959,-0.71164023993221648,-0.06252503030994766,0.71157680161737691,-0.70208225149840786,0.027183957234164079,-0.063242911903441987,-0.02546921750156873,0.99767311934011194,-13.877360950988475,6.967753076250415,-1.0906809615610702,,0.3878544113501981,0.4035087719298245,0,3
0.36394293209019279,-0.93137734881598166,0.00904302461061233,0.91730260721560508,0.36009337588368284,0.16996672450849795,-0.16155949051989565,-0.05356299802295917,0.98540830941582047,17.642170146882641,-7.9510245552957537,-2.094413127696332,0.1594075141113521,0.1327027814775818,0.5,1,3
-0.91159684024911491,0.38659643295985741,0.13976551388144787,-0.39185049350359763,-0.91996156353400693,-0.011131592925241079,0.1242754665604513,-0.064914710526818409,0.99012205751028604,-2.3048232562216233,-15.050031613404897,1.4434359480657721,,0.1721410103128228,0.2,0,2
0.80344432514817365,-0.59471262529798941,-0.028179952064725428,0.57583952127362503,0.76417792705027798,0.29058723569438344,-0.15128140046469427,-0.24969779558561225,0.956433452339015,22.634726889631128,9.4752269138949092,-6.0569855225928579,,0.6510034773582623,0.2666666666666667,0,2
0.59789106062345776,0.7938388502118312,0.11111327337863419,-0.79823372061075004,0.57700108601310873,0.17289497974091778,0.073138272514984629,-0.19206672443203507,0.97865273026721411,-10.253849390588265,3.3838569994647711,-0.79778844885924793,0.148677958648174,0.1088046951576396,0.3787878787878788,1,3
-0.64532968061651075,-0.74672524931180306,-0.16109315738298122,0.76106795061753441,-0.64663039264052813,-0.051426742618824565,-0.065766084406923747,-0.15579004253732692,0.98559843992774188,-8.645502354115628,-10.457467500369974,1.3538678530679769,,0.5750631126846046,0.2758620689655172,0,1
0.33713293778640374,0.88222059940445952,0.32867643092553389,-0.93354553962797748,0.26810110242181345,0.23793806824658933,0.1217953517184425,-0.38705117603056932,0.9139788178251923,6.7250180750812065,-8.3894220050529178,-0.77450894761342137,,0.5794180432804095,0.2307692307692308,0,2
0.065300091937795957,-0.98946601997401895,-0.12920098029693791,0.97053579222987474,0.032881807253332632,0.2387028754591855,-0.23194002240588868,-0.14098149548266611,0.96245937261674896,10.719676178802382,-6.3159010273007734,-1.6075347314415438,,0.357025736009295,0.3617021276595745,0,2
-0.67566575709840726,-0.72887203729559646,-0.11055016025859922,0.73555202942027531,-0.67657073640809862,-0.034860445377487136,-0.049386199492872901,-0.10486940394971692,0.99325898506627175,14.741307379192467,-5.9211064568378768,-2.1823029054507548,,0.1705332736661113,0.4166666666666667,0,2
