axis_00,axis_01,axis_02,axis_10,axis_11,axis_12,axis_20,axis_21,axis_22,location_x,location_y,location_z,dbh,dbh_approximation,score,reconstructed,number_clusters
-0.095486966491208344,0.9931427910104732,0.067450988830656547,-0.99462965252584434,-0.0924730022965395,-0.046482234913796154,-0.039926101069650846,-0.071527201190810658,0.99663923560292544,5.6414450073030151,-2.5428465289012272,-1.3923473468419263,,0.06844207531389962,0.3333333333333333,0,4
-0.89339485127681018,0.44745785618050471,0.040337410110623959,-0.44811533697022432,-0.88105579101207943,-0.15143757095298604,-0.032222422071411745,-0.15336935830349269,0.98764343538011001,-5.345749469106039,10.44933538947898,-1.0435354082279806,,0.1136015634214576,0.4947368421052631,0,5
-0.69457987867369919,0.71898208554555776,0.024971039349401369,-0.71856793500924687,-0.69165896796094006,-0.072580953532960651,-0.034912962036694306,-0.068356658079279181,0.99704987456899863,6.5096669998665861,22.516297185910023,-0.040085851059139171,0.2250640259332733,0.2030091519493023,0.4583333333333333,1,5
-0.95427671540931025,-0.29495733308287925,-0.048539902021484456,0.29887938193376279,-0.93864288062772028,-0.17210653009630031,0.0052024496645195605,-0.17874483015609752,0.98388171047639494,-7.0979228617215089,31.590534824679093,-0.55955442141056488,,0.3424259880300536,0.28,0,3
-0.52479870766309822,0.84976743367738816,0.049815912081252287,-0.85011219799041249,-0.52022024080752594,-0.081732196116758971,-0.043538112763999666,-0.085242065410832527,0.99540857090013202,-7.206833311790886,-15.897635069050999,-1.6120829147767441,,0.07855098290375244,0.3157894736842105,0,3
0.35687493404062898,-0.93034896565329661,-0.084208571780663349,0.93322279338334513,0.35908845261218414,-0.012276038056887062,0.041659325045945793,-0.074204348312140719,0.99637252838899926,3.1269981762115577,-2.7053496999615203,-1.4791711576683158,0.5062928661146003,0.3951167886836305,0.9260780287474333,1,5
0.90694259346891448,0.42121058922968879,0.0060639650938150184,-0.42121100585567761,0.90696178212363654,-0.00127055624300773,-0.0060349563319887353,-0.0014018872624579741,0.99998080682289825,22.743112218436487,6.3412762918124788,0.0013272001817889697,0.4449135542750147,0.3840490940441283,0.9571428571428572,1,5
-0.33533816622256191,-0.91008575935852942,-0.24349994843387451,0.94154313055063255,-0.31488463347326212,-0.1197672781494373,0.032324102267576045,-0.26942824316544739,0.96247783049656588,-1.3639526688428822,-5.8389627908524977,-1.563083718319868,,0.08494397871854582,0.2564102564102564,0,3
-0.84974890606335074,-0.52425416303981665,-0.055537097327458922,0.52690645461649133,-0.84112972308151013,-0.12194415538393331,0.017215827822604907,-0.132884767690819,0.99098196441112807,2.1875480328145649,-19.144141311766532,-1.7436498989561038,,0.1563096538131865,0.2941176470588235,0,4
-0.41639216511200805,-0.90066860832123619,-0.12415161222482712,0.90861127247264539,-0.4073805797354671,-0.092014231453818221,0.032297374026015561,-0.15111955941930322,0.98798773190355982,-2.9677617166245107,16.155840105205215,-0.79521221522759689,0.5394940685488672,0.4416393344268222,0.8727272727272727,1,5
-0.59760473078297704,0.79372012390509239,0.11347665246159662,-0.80096717107695736,-0.58456798313251312,-0.12935170641843649,-0.036334234583671896,-0.16819226499595649,0.98508435445536724,8.1281986173973682,-3.8995515966847969,-1.3385528014941281,0.3008945747769755,0.2423981648013961,0.5128205128205128,1,5
-0.010766737737876847,0.99556232820855539,0.09348651245203464,-0.99935404010426065,-0.0075075579138906999,-0.035144545828065477,-0.034286730462019827,-0.093804516022045689,0.99500006677793429,-5.1243100692762278,-8.7005314600409598,-1.5666540264334632,0.7828064250164153,0.7378395299254275,0.9102564102564102,1,5
0.97109916297812038,-0.23699515148746952,-0.028279212058091214,0.23763839482625207,0.97110329404756757,0.022054151408898506,0.022235309028602566,-0.028136994533810022,0.99935674339597425,-7.8012195383797707,20.069825399098221,-0.87623872783163081,0.2486309468561853,0.2381800178332626,0.7391304347826086,1,5
-0.92451762139806548,0.37325284129350489,0.077132899535741692,-0.38024030973857453,-0.88936059033904458,-0.25387998582342153,-0.026162464990477322,-0.26404555822454867,0.96415531352967687,8.2958293513602772,-18.461867909471295,-1.7592216184903715,,0.3313608436257311,0.2608695652173913,0,4
-0.67740159301351921,0.73561288429944871,0.00087534872568152992,-0.73459105214750453,-0.67639694873146716,-0.053508446544277728,-0.038769419489692064,-0.036889730270166843,0.9985670132309723,-6.6142455282455161,-12.217151146313865,-1.6065851196435612,0.1453870861100053,0.1343085421028916,0.6081081081081081,1,4
-0.87543363308740607,-0.46716636191934396,-0.12398203236933038,0.48283377207355971,-0.83354148830259056,-0.26847744006437474,0.022079461148381069,-0.29489689311579165,0.95527395014521843,-11.365033052792883,25.802855364982964,-0.94729276601252665,,0.3193786145409451,0.4482758620689655,0,3
0.82274664689367605,-0.56221662051187904,-0.083668552308585137,0.56827325182707267,0.81038311052960488,0.14263493760732826,-0.012388150915174647,-0.16489901694238113,0.9862326540570121,1.5776405294169533,10.400709224822482,-1.008928095669086,,0.4538797322097544,0.4205607476635514,0,5
-0.6984489721799173,-0.70410655946764455,-0.12807414327433048,0.71541253750742728,-0.68223158379435445,-0.15081434696550164,0.018813145351087385,-0.19696197345701849,0.98023060887421531,-12.197957536583923,28.948731647809247,-1.1179806040953146,,0.1113343412056578,0.5,0,1
0.21232561894059174,0.97440454418522837,0.073848600614180318,-0.97657318598355825,0.21428698609598457,-0.019644337805650714,-0.034966326078354482,-0.067947566998954489,0.99707596710556856,-17.400941501888976,25.084611938568841,-0.93676637752025405,,0.1385100934249896,0.1666666666666667,0,1
-0.029214960546553648,-0.99654713672454387,-0.07771930497873597,0.99946947677279785,-0.028003677089525406,-0.016630065212630538,0.014396217550942544,-0.078163919781316302,0.99683657164283757,18.162307973621292,24.786093345293658,0.81529708738970441,0.4409965276707181,0.3559721527041763,0.8,1,5
-0.9479997739241075,-0.31664465120216823,-0.032133992980962305,0.31825362504811916,-0.94204913032653337,-0.10610403477132964,0.0033254749396759392,-0.11081336072911808,0.9938356706721414,-7.1957881913965149,-8.9726170477877591,-1.5271733416760154,0.1715337046573586,0.1044657262637655,0.5271317829457365,1,4
-0.96372567125398723,0.26657873455891495,0.012984946939365792,-0.26661581890326402,-0.95935438023039443,-0.09249420653909482,-0.01219982280988301,-0.092601033545648567,0.99562855167461084,7.2494371384346197,8.9339649663890643,-0.74884879781719682,0.4273745549717457,0.4032729173476469,0.9368421052631579,1,5
-0.97585058005749714,0.21842710011430502,0.0022907066818978715,-0.21746498247561438,-0.97045609136869282,-0.10451773113821602,-0.020606474670060361,-0.10249183704595725,0.99452038518102637,-15.119705776940554,8.2717345934506863,-1.3605066910223811,,0.06430825471305453,0.1521739130434783,0,3
-0.088926988145983391,-0.9699030652029238,-0.22667164553436844,0.99342603111475425,-0.069895932087704296,-0.090660241457758736,0.072088220139438941,-0.23324365540688394,0.96974258735479013,9.5910201507831889,11.658222111002264,-0.43761461539158797,,0.3623458993428334,0.3333333333333333,0,4
0.61058368996292622,-0.77516655207203022,-0.1621862327696722,0.79136861881233556,0.60505991980058382,0.08739681121166662,0.030385304183338929,-0.18171216249792388,0.98288220214327493,6.5127734195045432,-9.2594549157736079,-1.5777836870851221,0.4583698108321841,0.4787733723230527,0.4777777777777778,1,5
0.54569736170216032,0.83181025886307847,0.10151887844850643,-0.83781868841011076,0.543966380960902,0.046480337079918194,-0.016560035690353862,-0.11041861090613132,0.99374719903177389,10.006848730570942,15.118048202646078,-0.25657449223111789,0.3781298836269263,0.2531754446212321,0.3,1,5
-0.99833602305774305,0.010971003526948723,-0.056611148609290139,0.0027122764938854989,-0.97171403605939299,-0.2361450310325986,-0.057600595669421426,-0.23590563623359639,0.97006736991394105,-3.2404086125503464,-24.830522543753332,-1.8355497380202244,0.724755186858085,0.4608340162079233,0.1470588235294118,1,4
0.75316924335586632,0.65648390037943938,0.042011657969550052,-0.65765583418882112,0.75289229421234016,0.025337661160515952,-0.014996486927210544,-0.046712759052292947,0.99879578669594127,8.8789687798978463,15.475861016375394,-0.31866580011710011,,0.194412632175763,0.5,1,5
-0.79431272821290533,-0.60384876794236064,-0.066587951263461329,0.60750633745123639,-0.78985304399352252,-0.084072699794591699,-0.001827499810185115,-0.10723261793251347,0.99423227964886718,-5.283701749118185,-16.597878507450258,-1.6296135159136353,,0.2186958777721229,0.36,0,5
-0.97577413533500024,0.21877743084795753,0.0011280792528426684,-0.21769401105450531,-0.97040294075683697,-0.10453444466530892,-0.021775085814628961,-0.10224758345335487,0.99452062689303478,-0.37946682633954715,-7.7414983340078249,-1.7033731379086572,,0.1042186554728901,0.2537313432835821,0,2
-0.69895651565045824,0.71498927145121294,0.015815528427283149,-0.71370769911208443,-0.69595181562508701,-0.07919842521337854,-0.045619178619359026,-0.066643919736224466,0.99673340392719134,12.283675868848396,3.0473951393021323,-0.78435946859619254,0.791437221290579,0.7285754936080202,0.9969879518072289,1,5
0.14928253406223713,0.98740609246845357,0.052382569430476526,-0.98811680816091729,0.15093187418695878,-0.029064459126132793,-0.03660462339431414,-0.047421281199412593,0.99820404909796256,-19.978350198367039,3.8895570823831438,-1.4115831926151869,,0.1194204621334172,0.5818181818181818,0,2
0.57824912065660938,-0.81540363187520926,-0.027292335637985492,0.81509991070374266,0.57883078098427909,-0.023813075313369181,0.035214912048859327,-0.0084760904813332028,0.99934381764212799,-8.8515776220256512,-8.5177926711126766,-1.50258262216783,,0.08169917348849701,0.4456521739130435,0,4
0.28902076058413623,-0.9561546448461864,-0.047278907458105104,0.956556136119323,0.29041303775400573,-0.025702644902081545,0.038306114444556214,-0.037796331059444452,0.99855098966182276,-11.095174740234967,-8.7816343051297174,-1.5128045484262769,,0.4483889963849044,0.9738219895287958,1,2
0.27314102197099704,0.9618696990747635,0.014165596297518407,-0.96140240903225516,0.2734566826765118,-0.030444221233840722,-0.033157050888413954,-0.0053032727048902091,0.99943608363666803,-10.600694474573492,-12.234961834878648,-1.5811936029180249,0.3133636020394885,0.3001238074052865,0.8306010928961749,1,4
-0.87404139542318726,0.46535150761306943,0.13964101635598619,-0.48520016703400426,-0.82116300960424005,-0.30045317366918023,-0.025148300079007792,-0.33036235563385763,0.94351909200777984,-9.0385437736897707,-3.5648792875419866,-1.4106446232237433,,0.2974898467871084,0.2835820895522388,0,3
-0.61992070562577428,-0.75079751664556538,-0.22803817166276008,0.78435895809702527,-0.58482440857521867,-0.20678838455676035,0.021893916721116014,-0.30705618400139378,0.95143951792907488,2.5432376903118366,-3.8451353896913689,-1.5382666967320757,,0.1582440333291218,0.210762331838565,0,2
0.60280985475768178,0.77732981813198576,0.17994063701653523,-0.79721664597949926,0.59601643599526832,0.09596888764956911,-0.032648099182345014,-0.20130266234302974,0.97898485164653437,-9.5134790553538231,-11.890567540801964,-1.5838159753928112,,0.3779933346453612,0.33,0,3
-0.82225010259436593,0.56910995085995375,-0.004316551370901563,-0.56823103833489996,-0.82135827646481274,-0.049840432939486645,-0.031910121535305563,-0.038528502630327137,0.99874786539379801,-12.454816593192055,8.6734252431594641,-1.2413736216781182,,0.0709806918426356,0.2127659574468085,0,3
0.4887959669272095,0.87197683360114175,0.027109119842260977,-0.8719749705803429,0.48929067902881862,-0.015946225162359648,-0.027168978580458691,-0.015844023429839902,0.99950528439045749,-17.113409018533261,19.662823253823749,-0.91362341449937612,,0.1058117108522315,0.3333333333333333,0,2
-0.99857685798476636,-0.047852311697272255,-0.023546017975409214,0.051741326050095439,-0.97627742835026687,-0.21025036996963031,-0.012926479638668104,-0.21116945602765508,0.97736398898523669,19.643244504068395,-2.9122596912876886,-0.82881649610371977,0.1762495787432993,0.1575673683218148,0.4285714285714285,1,5
0.61341048403922604,-0.78656675290656686,-0.07099522021081496,0.78934094829753854,0.6135423739843755,0.022508279951143403,0.025854311275004094,-0.069846249345518502,0.9972226712429163,19.828909201637611,-13.502408216244389,-1.4377496324680266,,0.2070533151194649,0.5,0,3
0.083575445671205589,-0.94910137948645978,-0.3036802863831628,0.99542025283569902,0.093705892686576087,-0.018913643761205141,0.046407597711724619,-0.30070879124613603,0.95258624687842031,12.752364995527799,0.60326206090432033,-0.93943356142856416,,0.3224656465977856,0.32,0,3
-0.17087610519106608,-0.94923028043581525,-0.2641273014636612,0.98522178403676242,-0.16139792225795038,-0.057347597597772013,0.011806478482219203,-0.27002330528041574,0.96278139869405877,-6.4384636899338119,-21.299622541396975,-1.7001283431792442,,0.6966909913139754,0.3846153846153846,0,4
0.19553488839861383,0.97696329689114147,0.085491660099295125,-0.97997186089778476,0.19799764712979764,-0.02126225716139285,-0.037699592404622471,-0.079621908157591459,0.99611198791795941,12.688921469476796,-1.598078046304003,-1.0504145170168515,,0.1273177994330032,0.3846153846153846,0,5
-0.99890162198163679,0.045457187229813269,-0.011366342050432332,-0.044671415446968281,-0.99708818302841751,-0.061803073605217883,-0.014142639230995404,-0.061227439879855468,0.99802364018160328,-2.0751464573656646,3.5478059380418245,-1.2326655252994416,,0.06473768692794114,0.2678571428571428,0,3
-0.67171712482153279,0.7381983241650335,0.062123573797960727,-0.73978036391026858,-0.66400783971169841,-0.1087133937203469,-0.039001505025899399,-0.11898244829108442,0.9921300618388571,-18.190362489884809,21.906343287590566,-0.97095900246719113,,0.1573837365217784,0.4285714285714285,0,3
0.93493808637934372,-0.35227626641266679,-0.042334463025800385,0.35387026085919915,0.93448068435588805,0.039008832912476081,0.025818851964666347,-0.051451751069356039,0.99834167708010824,-9.2388392257838952,13.744098125328716,-0.97157603798332592,0.7363606308935818,0.3637710022039677,0.3076923076923077,1,5
0.99413416582250069,0.10765279151380749,-0.010398885694415119,-0.10785445129531405,0.99393837256435869,-0.021305606771473105,0.0080422434797452012,0.02230219772575447,0.99971892764737291,4.2199031623122458,1.260917954310212,-1.2415893124057138,0.17640429591387,0.1420129264336064,0.6490066225165563,1,5
-0.12796251317678564,0.98687739910890693,0.098481441650300025,-0.99177828198017015,-0.12744991948646509,-0.011504669284982186,0.0011977537076703977,-0.099143921401838989,0.99507238341495641,3.134973189266582,14.219341268162582,-0.81814409736441429,0.4620645220323906,0.3611740071946517,0.900990099009901,1,5
-0.65388048333559756,-0.72816933079793589,-0.20545008931147399,0.75630638877212364,-0.62153244399545071,-0.20420104643099157,0.020999043199049289,-0.28890629405800261,0.95712705187890046,-6.5354787599421229,-11.166999083209248,-1.5758918259065553,,0.09303835058485803,0.1818181818181818,0,3
0.99979204152612955,-0.020378108727307574,0.00077870771884965039,0.020213879313616758,0.99533823324887971,0.09430376724231275,-0.0026968099873556257,-0.094268415270947301,0.9955431648593619,23.426097643037767,15.859323684003375,0.69515639793687589,0.3370616714919154,0.3534863991233665,0.4347826086956522,1,5
-0.98814681448239627,0.15351179869984108,-2.6234211787485217e-05,-0.15202565514285032,-0.97860428519825338,-0.13864289801502255,-0.021308993563318758,-0.13699554975091796,0.99034243882697603,23.141755468450675,8.1320409427089171,0.12012130971813526,,0.1067940541234415,0.3888888888888889,0,5
0.59707097351983474,-0.76515471659650114,-0.24092428738133898,0.7998383771068287,0.59081037299698491,0.1058379594771104,0.061358154202941273,-0.25589326452506045,0.96475583132910647,-4.5145528299709259,17.094509114729153,-0.79983920476938231,0.7471890232815639,0.6435364691934214,0.6258992805755396,1,3
-0.97945022086742384,-0.20037774033996353,-0.022935257116670674,0.20161070232611855,-0.97584131035034349,-0.084183500291306043,-0.0055126717956733825,-0.087077541249034468,0.99618628391465924,26.248176330322519,-3.3472837702756406,-0.57694681482526755,,0.3269439065117064,0.3157894736842105,0,5
0.7989562980287741,0.59878652192547477,0.055888594548001394,-0.60123414203671699,0.79740321885885646,0.051629574885989953,-0.013650651615601096,-0.074851905212415373,0.99710122454871197,4.7186639452839989,9.5469490081152397,-0.88581363905188271,,0.07953896851334552,0.3548387096774194,0,5
-0.34850653397407166,0.93557313419081645,0.056974611519091625,-0.93621199698152946,-0.34451947310977377,-0.069378882637443823,-0.045280155534578655,-0.077519308746505047,0.99596207974311313,0.59888819554160455,-10.149039973698414,-1.7029713693473465,0.1702837768786232,0.1167740298175881,0.3134328358208955,1,5
-0.98455037939777312,0.17510093878043112,-0.00046007163929345638,-0.1744226403712521,-0.98096084720015286,-0.085396479940799172,-0.015404316071232263,-0.083996889814862613,0.99634694235883869,0.71485662279682394,22.187963748673557,-0.40698615247407355,0.2460242476617838,0.2195372500957193,0.6444444444444445,1,5
0.17661173132374922,0.98202058998552599,0.066662262212645471,-0.98358398363030419,0.17862913336203898,-0.025576940009860254,-0.037024903845505226,-0.061050745767816612,0.99744772441287544,0.33149340054562287,-16.119508610042338,-1.7100461349479033,0.4483434361546741,0.3940371808356056,0.8686131386861314,1,5
0.92471821770889828,-0.38062581230130937,-0.0044954251466869776,0.38016147808953205,0.92286174734888693,0.061672083286883964,-0.019325330891436527,-0.058738286407847347,0.99808634160367526,-19.587676284171703,0.4675717156863301,-1.4934142720739141,,0.4412959161489882,0.8716577540106952,1,3
0.69080382433109944,-0.72091047454254764,-0.055481203883536195,0.72227087741746154,0.69157578048050272,0.0069079293130261572,0.033389458278594374,-0.044844481796786108,0.99843583495798016,-7.578144656858278,-16.888226668507663,-1.6112072713258705,,0.07503460393343911,0.2758620689655172,0,2
0.98584651671176804,0.16663130572154528,0.01845679931098838,-0.16744568198451354,0.97321930569433579,0.15749960828070436,0.0082818519676658691,-0.15836095155488011,0.98734655514192049,-11.940607626643105,-5.2031824366097092,-1.4865013333759438,,0.1420710143870794,0.4318181818181818,0,2
-0.93290336475047775,-0.35872375740448248,-0.031758115669059804,0.35982533868608951,-0.92488337223758743,-0.12294906830826813,0.014732198637010911,-0.12612697424437097,0.9919047074650269,-9.3028153867364036,23.059418593593833,-0.88532748651891413,0.1589654891697914,0.1582657920849203,0.5,1,4
0.061395087616055763,0.99797968430783879,0.016346036995064751,-0.997488756683509,0.061927796511705741,-0.034367547325823034,-0.035310388083462756,-0.014194989539691913,0.99927557698833169,-7.5248930745715237,-10.122748836427494,-1.5363209490775505,0.793088027760924,0.689416341371793,0.9784768211920529,1,4
0.95431168384026988,-0.2969083742961775,-0.033684230119596897,0.29667738015642398,0.95490516247990642,-0.011775515816480788,0.035661494492934459,0.0012441631824453973,0.99936315214665827,-4.2520879552123407,-14.060340764549794,-1.6460774774532374,0.360740941627564,0.3307164636644276,0.8809523809523809,1,3
0.658482000399501,-0.74928637914358098,-0.070507993729608462,0.75154634447263946,0.65961851099669833,0.0090284029768442492,0.039743518461320099,-0.058935065796192176,0.99747035583014365,-3.5940386678220748,-17.631521858409606,-1.6647437365993671,0.4017863358085122,0.300837866002758,0.5,1,5
-0.90694130092736924,0.42097891207634497,0.015304648286982813,-0.42041173919390634,-0.90222353173452197,-0.096159598233565499,-0.026672949220628506,-0.093645364922684479,0.99524826018856716,-7.9971066111869815,-15.507943023460312,-1.5997671275719247,0.2119628812952469,0.0994821256948806,0.59375,1,4
-0.98042737134720892,0.19118668974806716,0.04700871383456192,-0.19657041867577763,-0.93715954910377219,-0.28825691669974707,-0.011056220639662702,-0.29185549367245384,0.95639852090975952,-0.9270693520299943,-14.726246901130171,-1.703575617699181,,0.1628297613172643,0.2954545454545455,0,2
0.94154175120939831,0.33686506912879699,-0.0045886741429452442,-0.33664718541536592,0.94128192029632274,0.025632383330057518,0.012953890591301228,-0.022589194853242126,0.99966090500450699,18.877802673236644,7.3394157105232374,-0.16838360820238973,,0.1395891883754883,0.3076923076923077,0,2
0.081247989863692957,0.99478060982190897,0.061727647496571253,-0.99593605552522202,0.08344506797674392,-0.033886486026419721,-0.03886048697547926,-0.058723580891395746,0.9975176206961559,0.53509068440652008,-5.4752093447457728,-1.6296575088239931,0.2114367142165138,0.128688171724914,0.6146788990825688,1,3
0.14292747444778003,0.9882160272978685,0.054779744793087698,-0.98880120288080975,0.14497535125553254,-0.035416503353610608,-0.042940868987953067,-0.049104286166806045,0.99787015731036111,-9.0643407151165576,5.2859377586386351,-1.2381377328231502,0.3342023101491393,0.2118163738337752,0.3973333333333333,1,4
-0.45860535794188179,0.88833547856740513,0.023263774100935053,-0.88773107144417251,-0.45679546445484431,-0.057196577223342107,-0.040182962304705923,-0.046882631879019497,0.9980918536730552,-5.9580390558859522,8.1392046978918771,-1.0853062820048085,,0.08894929553783901,0.3671875,0,5
-0.62338560927111319,-0.78059844606698281,-0.045348077704518847,0.7815963976283743,-0.62042878916945754,-0.064615700755075153,0.022303662659563732,-0.075724392156905948,0.99687931218600134,-9.6667931163792726,-7.1190530298275236,-1.4927599401502789,,0.05995546198577782,0.4210526315789473,0,1
-0.033903717138873642,0.99861156460104394,0.040317254485196283,-0.99890974395690779,-0.032563322609898304,-0.033450761554105382,-0.032091453568094772,-0.04140740351266315,0.99862683998690271,19.210746409566536,9.4613013908342936,-0.00035552203804160404,0.4733282350963869,0.6798197868824933,0.9596774193548387,1,5
0.9790313771978626,0.20370406377944292,-0.0014889129585652782,-0.20368015844255677,0.97898824924834182,0.0098183955146706574,0.0034576753567212653,-0.0093092552552935508,0.99995068990811709,-1.2567835238707845,3.8270210681289449,-1.2393357501962072,0.4814020992589281,0.339009517725121,0.7496522948539638,1,5
0.94130769380613355,0.33754971173548676,0.00013299875216048722,-0.33754616901842127,0.9412958564255105,0.0049693517838690611,0.0015522120878388008,-0.0047225822866611795,0.99998764385075245,-7.2380907849066123,11.543781309909162,-0.83791457318883478,0.1403090336434177,0.1108878620942382,0.3977272727272727,1,5
0.30491738520245198,-0.91525384239013174,-0.26331690449228862,0.95151227478479483,0.30455627785259881,0.043241930512374419,0.040617473274021883,-0.26373448316568709,0.96373976946796314,-3.8309790510988462,17.018989671662215,-0.79049729464937779,0.3809255335408188,0.3754398577271537,0.3636363636363636,1,2
-0.98675040548888759,-0.16060214686448537,-0.023034489142046449,0.16213026746259343,-0.98141316694706282,-0.10267410635328109,-0.0061166690301740993,-0.10504830396277338,0.99444830946335261,-19.038351231495369,1.3665125141298839,-1.4422016209771777,,0.1367124798252972,0.25,0,1
-0.92574379766817794,0.37778484263388068,0.016644331016671357,-0.37582008956989377,-0.91426529323789563,-0.15125552504388071,-0.041924710548501859,-0.14627913814593271,0.98835455803507333,8.931371792804816,-23.703877983145119,-1.9188741351544789,0.5646492308393191,0.5535783556606519,0.90625,1,5
-0.62289565585027207,-0.78195320202039298,-0.023456167055071326,0.78195323750564305,-0.6214367386216223,-0.048636552568679568,0.023454984061044667,-0.048637123078750087,0.99854108277091891,-3.0107920535149466,-2.8052498423331933,-1.4302137703485875,0.2367400136759614,0.205617985795036,0.8389189189189189,1,5
-0.098488877928122179,0.99479990685481012,0.025943905760732886,-0.99420180394712332,-0.097232077779761478,-0.045920540925791606,-0.043159169972861573,-0.030316140458388367,0.99860814020063027,-10.377826837806474,-13.189206143282231,-1.5842507667274282,,0.08007306897483582,0.3333333333333333,0,2
-0.9912543778750611,-0.12393122155185074,0.045341048379939873,0.11146489538836268,-0.97022104385541441,-0.2150504665332566,0.07064230630144594,-0.20811578120069613,0.97554983787381977,-10.105276134396872,-10.246829297440216,-1.5431746063165541,,0.2190404702823703,0.1219512195121951,0,2
-0.99780352133111327,0.065449900129724986,-0.010219754999000288,-0.064470643097770799,-0.99492897391282353,-0.077200214036851969,-0.015220676653501172,-0.076371771236399322,0.99696323079661453,-7.7544322633955982,3.5153610626783731,-1.2097657111792821,,0.07162619371731457,0.3076923076923077,0,4
0.36659383899585823,-0.87878645511291309,-0.3055213961744076,0.9295062298461334,0.36017603729546532,0.079318288151997082,0.040337648512357951,-0.31306163685162058,0.94887580095831148,24.988675467189488,12.723133010856206,0.61732960217139332,,0.3931073396111837,0.2,0,2
0.46728497392288099,-0.87816368468917627,-0.10233912271962886,0.88228323745626192,0.47061722082031621,-0.0097836788101790511,0.056754224949263229,-0.085720326413823364,0.99470145450276537,-8.7626421960614032,-16.296544244957065,-1.6031166903375038,0.2269369979120097,0.1775157686154442,0.5178571428571429,1,4
0.58030196401850198,-0.79967878267389836,-0.15415406286394598,0.81348139436354105,0.57816229864583113,0.063058523998883051,0.038699503622373295,-0.16199444733002735,0.98603252859812907,-7.654868521371518,-6.2705055198672008,-1.4859654347425013,,0.07819437148110944,0.1709401709401709,0,4
-0.38827235595583454,0.92150459589129607,0.0085940300049178863,-0.92072853442967817,-0.387519232800277,-0.04569256062929429,-0.038775552703768021,-0.025653926816463602,0.99891858154276647,-9.3884414160164695,11.378523806613545,-1.0586908761495937,0.3545969328766549,0.2532749614249166,0.9294117647058824,1,5
-0.79749890506255539,-0.60253965744256421,-0.030683181598752968,0.60315561768373516,-0.79506083552466889,-0.063887155762062511,0.014099548949393199,-0.069456670117503852,0.99748532505276,-3.6510309622165207,-15.065464508678234,-1.65694124473611,,0.1376372854058945,0.5384615384615384,0,4
0.37294807752156739,0.91688848788087296,0.14221544312941284,-0.92728493480709506,0.37367481063254099,0.022578431711203006,-0.032440424669999808,-0.14029482061096468,0.98957818395363173,8.1260256503963184,9.0265672503905421,-0.66969279670977866,,0.09495510912942728,0.25,0,5
-0.52864395983746704,0.84678356231417062,0.059102980651476296,-0.84762081275723256,-0.52286519585544322,-0.090282582726793084,-0.045546915462342963,-0.097824258533224753,0.99416089891641446,-15.022400967633015,11.518034863429184,-1.1355396499930177,,0.3571218201418371,0.7431192660550459,1,3
0.94440566754530664,-0.32617471538834181,-0.041327837466256893,0.32800464104787397,0.94333983315846326,0.05022862358872255,0.022602888296819151,-0.060991919283593911,0.99788230529594213,6.6957612481757431,-6.9539277953904479,-1.5301094976078733,,0.09440305385925404,0.3333333333333333,1,5
-0.65110649737653103,-0.75728587596215713,-0.050778254620390359,0.75689074479749208,-0.64288574277639576,-0.1175343446603548,0.056362483213236274,-0.11496096643239358,0.99176975487406671,-2.7671396696140329,-4.9950843321705092,-1.4718671295141623,,0.5815983296288814,0.1569767441860465,0,3
-0.65507761952383003,-0.74880670274242922,-0.10080592406700628,0.75531524395066607,-0.64560273082924879,-0.11267651131252447,0.019292347051026337,-0.14995211193520161,0.98850501742349994,3.881126100046985,-3.7684630003537181,-1.515368602881435,0.4262320286397769,0.2525596185378849,0.3870967741935484,1,4
-0.48585344212653242,0.85693880357687657,0.17205324669424904,-0.87313958208501985,-0.46692202547780332,-0.14003960982558764,-0.039669925260800744,-0.21826522638280565,0.97508286211063355,5.1846263506034749,-19.956763095210924,-1.7613595691025548,,0.5043648188066197,0.6923076923076923,0,2
0.9345490154946805,-0.34111937598766184,-0.10127047429390522,0.35383061427976259,0.92101765481887643,0.16288147810706929,0.037709866564736419,-0.18805331913509513,0.98143462091264333,-14.180029588395852,-20.908965826165936,-1.6589334779119096,,0.5618437655357043,0.2777777777777778,0,2
-0.30792270769599545,0.93678433142481099,0.16618881575526576,-0.95024192534151408,-0.29415793511330285,-0.10252508245854473,-0.04715813194370732,-0.18948938125089992,0.98074965459322549,-11.511511010306464,16.441094998024589,-0.97436118497299096,,0.5225012704125365,0.6203208556149733,0,4
-0.4841153098840395,0.87010757855777765,0.09244008044242949,-0.87401708033959669,-0.47584627206079555,-0.098308029379556627,-0.041551293728702733,-0.12838663132182279,0.99085335084830084,-10.223175844313081,4.5512657612054204,-1.2517587971987454,0.4529328682835955,0.3662195292212976,0.9289940828402367,1,5
-0.85477980876995652,-0.5168756561011022,-0.046808489072522719,0.518905231390136,-0.84951773513119022,-0.095168159242063885,0.0094254631263733651,-0.10563699081112014,0.99436008911119544,-6.8470656720314578,9.3149613739815074,-1.0781120725336464,,0.08322702074043227,0.3369565217391304,0,4
0.25529948536092339,-0.96258149569361962,-0.090879243629566689,0.96600785364661745,0.25789477897395741,-0.017863641035052544,0.040632492755222294,-0.083229484716704508,0.99570168896426425,-9.1494890041438648,-6.13213330982133,-1.4799152452546411,,0.08126955623517677,0.2459016393442623,0,2
-0.99536666829666354,-0.086771332308499774,-0.041423803946630408,0.092109818180407754,-0.98409697392516504,-0.15188458547892919,-0.027585812273217374,-0.15499639286364636,0.9875298178589268,-8.0748932145524694,24.196047389051792,-0.79964297001366735,0.2943210858430826,0.2342341171363272,0.3,1,4
-0.98354675043041162,0.18049836730838276,-0.0074919367846416115,-0.17630626165712418,-0.96809480654189961,-0.17806894071423807,-0.039394058159404943,-0.17381825262500281,0.98398949345819875,20.576027337243769,-20.714233950120587,-1.7170054462422135,,0.4475525129912341,0.7692307692307693,0,5
-0.99096622818165858,-0.12893394574870903,-0.036904908035193265,0.13391518359810314,-0.96620155860401613,-0.2202754451886462,-0.0072565973640159867,-0.22322765461483238,0.97473932721002743,-9.8866236497124511,-15.407789729722486,-1.5927348913792876,,0.1605405668568394,0.3809523809523809,0,1
-0.27080972277838855,-0.96108666284492072,-0.054539165287967831,0.96202485799707671,-0.26819055600696584,-0.050813366985279176,0.034209160241060292,-0.066228786568156242,0.9972178704702962,-6.5989593821213051,2.5792197534663672,-1.2106394845030342,,0.08731517119188058,0.4098360655737705,0,4
0.32791986496174874,0.93974731837942416,0.096661987162218438,-0.94366526302856457,0.33064004425424615,-0.013154181418060053,-0.044321930426117692,-0.086903042146005999,0.99523033904170655,27.846532383829302,8.949293527070294,0.43127849252111905,,0.157836850712896,0.1111111111111111,0,5
-0.8383681100013356,0.53905624774142669,0.080976996139165466,-0.54438935031496227,-0.82037127052188297,-0.17501775271658812,-0.027913211861808108,-0.19081231688034442,0.98122959205800164,-3.5405855683202989,4.5153584096668293,-1.1764519723399132,,0.1362348112203486,0.2254545454545455,0,4
0.035435509565443196,0.99764427802312294,0.05873856645815502,-0.99862389495841442,0.037621493155867269,-0.03653682622790673,-0.038660588199387246,-0.057363034965426489,0.99760455148301708,9.907736026792632,0.044037647826678676,-1.0837975559789821,,0.1192960946391862,0.3888888888888889,0,5
0.8216080293808149,-0.54345834328671661,-0.17208508119250884,0.55524631957029857,0.83128849553258144,0.02570917732670908,0.12908048133088496,-0.1166724745054958,0.98474654761118707,-17.71018642236869,1.4367656616060152,-1.4230093394437566,,0.1886498535212676,0.1634615384615385,0,2
0.99922236359899064,0.037534940789022989,-0.012074614015062376,-0.037047444036476841,0.99857780657235329,0.038338637319459301,0.013496480060086514,-0.037861490212529429,0.99919184973901509,-12.522251368487073,-22.016542851779459,-1.6736315986114547,,0.3597314455909444,0.3125,0,3
-0.46965053791774447,-0.85782162401898998,-0.20873531948138815,0.88240465679352498,-0.44857441595294339,-0.14192608999608974,0.028113944985996172,-0.25084468245888675,0.96761901148097806,34.721738357023888,9.2437791122756625,0.82879811484169075,,0.2011935715396264,0.4166666666666667,0,1
0.28144531623617625,0.94156046677857641,0.18507409696774649,-0.95872255223091996,0.2840536792961339,0.012828683570770504,-0.040491996895048545,-0.18104528350121998,0.98264083138724301,5.9175478700228936,7.2991680237905507,-0.89864033753078221,,0.1251113008769406,0.1538461538461539,0,5
0.92462806986639989,0.3808712548365214,-0.00014019411972435118,-0.38030226831054081,0.92326674868308634,0.054301892177175952,0.020811466382620849,-0.050155737612140511,0.99852455395527839,-14.304909354152008,11.198149096796042,-1.1544641688695858,,0.2960663959927534,0.3809523809523809,0,4
-0.57890238165213326,0.80909294502703244,0.10119604154794523,-0.81415362356866505,-0.56670029711494074,-0.12650948770686016,-0.045010107170528148,-0.15562576765215716,0.98679010468041051,19.619421769072744,-15.002230212156183,-1.505366831486006,,0.2265873407932702,0.3,0,3
0.88184119585377752,-0.46966960562607585,-0.042030546584912183,0.47059536276411684,0.88221798549356945,0.015212843803099865,0.029935093787881839,-0.033194692688963148,0.99900050177024202,-6.2565308695412005,17.673933585443461,-0.87187966108675408,0.2655383228828919,0.2401000183328689,0.4693877551020408,1,5
0.68468555368797812,-0.68611581381842179,-0.24586740857476816,0.72791779203161477,0.66068834828928935,0.18337555583716678,0.036624863341808298,-0.30452585516349123,0.95179967583632719,-1.2598149117175175,10.868344211058755,-0.99022617665777901,,0.7895510653047759,0.5114942528735632,0,1
-0.97920757253126667,0.20272879970689464,-0.0073187202997818755,-0.20108203222097965,-0.97475651837704591,-0.097034767992410162,-0.026805712363329088,-0.093545516465845482,0.99525408320379793,14.324668818892105,12.165243190286832,-0.13219073699740938,0.189294563431102,0.186694174427591,0.8333333333333334,1,5
0.22776181481618751,-0.93590608100552286,-0.26870869589300883,0.9737140120411466,0.21824747769796568,0.065184823641782713,-0.002361877721458165,-0.27649203607945133,0.96101330662913742,17.41849003787992,-4.7237911382800952,-1.039784331399936,,0.2887670311935599,0.1818181818181818,0,4
-0.98062815093576994,-0.18773160727343552,-0.055904143163319944,0.19575354956977864,-0.94943861778525551,-0.24545235563924631,-0.0069983871802449232,-0.25164092411321998,0.96779536467598293,4.2609979522687551,-11.560429416860647,-1.637062063565929,,0.08647017845932854,0.2857142857142857,0,5
0.13602555730732543,0.99046709817987311,0.021724989812998596,-0.99007825446549902,0.13668686701541502,-0.032584511965999541,-0.035243407806051473,-0.017077113592572069,0.99923284293379966,-1.2404700695461854,-16.338041468635229,-1.6995820661026713,1.043442534010137,0.6094395465651621,0.9721115537848606,1,5
0.21495948302618198,0.97580139887530382,0.040050600621194692,-0.97607992067090965,0.21602661345827018,-0.024504912585499104,-0.032563923599413423,-0.033825023736177282,0.99889712115365481,-0.080453903507892902,5.4594448502508959,-1.135908612969255,,0.07063705541409686,0.2837837837837838,1,5
-0.421331025231653,-0.90592942560227419,-0.0420956411660292,0.90647274533613642,-0.41923928911002128,-0.050453745443652741,0.028059385952175036,-0.059416279709006377,0.99783885300459629,-2.5418509368791455,-10.413916488869534,-1.6255303646295329,,0.08236109068052769,0.3977272727272727,0,5
0.70535908464979158,-0.70414908393405928,-0.081502326941220796,0.70763214017195519,0.70621460907659317,0.02275258496199694,0.04153692210150494,-0.073722408544621212,0.99641341348895573,15.334181503691429,2.5478499955808669,-0.63713743555388869,0.7217491157666774,0.7379679052768984,0.7524752475247525,1,4
-0.26124844652623841,-0.9593683569153888,-0.10659082951685922,0.96420241116737848,-0.2541671836497249,-0.075582756330914005,0.045419813811137161,-0.12252101250410924,0.9914260648219444,-1.7221945852358218,6.1309284525003189,-1.1036385639831965,0.1617957157891365,0.1660390478753691,0.1470588235294118,1,5
0.39364842906955627,0.90261659725562482,0.17413842956035985,-0.91883625715191686,0.39210064135796335,0.044688025126772175,-0.027943636737684605,-0.17759607373292835,0.98370665737328455,2.7994344418774886,-18.271886225935702,-1.7261929473523254,,0.1268948372700689,0.24,0,4
-0.62995349956796609,-0.75941413273965097,-0.16263075778387323,0.77641614845477758,-0.61086842934795749,-0.15497653514196469,0.018345375458728368,-0.22389715724243514,0.97444010086717703,-4.0923550137193869,-12.269296720651292,-1.6289108650062618,,0.6738913160700171,0.2804878048780488,0,3
-0.56940559560110771,0.81524395932031168,0.10561512434254364,-0.82114515700382229,-0.55801176214514658,-0.11976437048153034,-0.038702697933305885,-0.1549198505660635,0.98716864874917509,-18.018199447644356,10.335002661824065,-1.2751690661706723,,0.07560261969025037,0.3333333333333333,0,2
0.54769881038435553,0.81438136743373335,0.19185672122791619,-0.83623018350052114,0.54030208964423476,0.093769569310941908,-0.027296397312617432,-0.21179386276008469,0.97693309207484369,-9.574408385631239,-4.900320618425174,-1.452312370789042,,0.1143263510757694,0.1851851851851852,0,2
-0.99975894302325352,0.018587884303917238,-0.011685307104744434,-0.017564131899219463,-0.99645062180637911,-0.082326542331789515,-0.013174107774525937,-0.082101454669118334,0.99653690048364985,6.082831095422832,-10.145824535663275,-1.610229025132289,,0.07910701801942502,0.3,0,5
0.96646241994485615,0.25677782056720727,-0.0039422961695144846,-0.25679194874907851,0.96645989768903795,-0.0036278391013138691,0.0028785225348449866,0.0045185200729420342,0.99998564843919957,-0.509161253673311,-4.5305691730189306,-1.5979268278297631,0.4678177491232252,0.2685113226242372,0.8103161397670549,1,5
0.90470752891622674,-0.41362185101217802,-0.10208453108847497,0.42567816772486483,0.88739962069456013,0.17697460471364759,0.017389210582887265,-0.20356541345820417,0.97890690966960325,-9.9639621225374864,15.007076015617686,-0.95061893898164695,,0.1965346324887985,0.12,0,2
-0.78359717229651049,-0.60470784352909401,-0.14249173850896033,0.62116263971983865,-0.75832902283231673,-0.19772219942754463,0.011508544008482099,-0.24344510080216536,0.96984639830760211,3.0039642058047944,17.99277670711767,-0.44095684568630983,,0.3242609827741266,0.3888888888888889,0,5
0.97611004657585121,0.21725575044281364,-0.0030192504400110513,-0.21712208947611447,0.97584533002634721,0.024163818557816685,0.0081960499764072298,-0.022931000093733965,0.99970345302968933,-3.335320882419373,8.6951052572578043,-1.0162459481457766,,0.08565043167987549,0.3333333333333333,0,5
0.21082018368362707,-0.97339417208466594,-0.089769905331406871,0.97668259226400134,0.21355985456327503,-0.021984141724972182,0.040570483360105457,-0.083042003049786858,0.9957198710528008,5.963877239544801,-4.2322468842700127,-1.4432349710235717,0.3351675802898817,0.2745050541280084,0.5324675324675324,1,5
0.73670250548225613,0.67612384907347489,0.011223151528725881,-0.67600379059212767,0.73678552970328814,-0.012882481318489373,-0.016979208498706728,0.0019036632883509676,0.999854030618891,5.4021806795689562,-1.6498292536823067,-1.3544430630548081,,0.09035056722115578,0.2530120481927711,0,5
0.48410383286407971,-0.87192438341012923,-0.073425803510578105,0.87451734316978624,0.48494157248190739,0.0071475711982373928,0.029375083005264157,-0.067672305218913098,0.9972750691784048,5.6772874459117579,-14.000982347660543,-1.6803412561887867,0.5678215317407895,0.4947936485416567,0.8581081081081081,1,5
-0.12413385560112217,-0.99105047745881192,-0.049089072330426531,0.99161618096888593,-0.1221113179237172,-0.042263171622766924,0.03589060509774579,-0.053923808875068924,0.99789983831150264,-20.502312358756555,1.4007012027804548,-1.5129926608902033,,0.07798375709119644,0.2972972972972973,0,2
