axis_00,axis_01,axis_02,axis_10,axis_11,axis_12,axis_20,axis_21,axis_22,location_x,location_y,location_z,dbh,dbh_approximation,score,reconstructed,number_clusters
-0.89925795677830744,-0.41180883481647007,-0.14747410192303212,0.42919933848262282,-0.89575117284197225,-0.11583507326500669,-0.084398193209229755,-0.16746139829623977,0.98225944895617334,20.647370943629074,3.5977192127024953,0.40980458642533329,,0.5338686672441011,0.4,0,5
0.91240634487105798,0.40840601018955652,0.026817767992218175,-0.40402641043948828,0.88827656958361156,0.21846600558474447,0.065401234746898143,-0.21016485617205169,0.97547599238718408,10.444076141047066,-26.183954271249302,1.0812073138458898,,0.2506832559563025,0.3684210526315789,0,5
-0.96619836188250674,-0.24346350918785611,-0.084771723997427301,0.25113765690516621,-0.96315965358716937,-0.096194381260171186,-0.058228882693593366,-0.11423222573240407,0.99174613476659279,-8.6143302842224649,5.7862477216164079,-2.3302189619880496,0.4437419882233604,0.6192065536412202,0.2304147465437788,1,5
0.56339931763628515,0.82610350025640844,0.011585152181908108,-0.82189782980045312,0.55899422897998952,0.10958745063359797,0.0840545433410501,-0.071263306344687444,0.9939096412212477,1.2965777384776007,-23.491734493976761,0.1786806732640393,,0.1178497639768177,0.4411764705882353,0,5
0.48844974650564144,-0.86381401641492872,-0.12345926528083373,0.87206828766301614,0.478344534899598,0.10336057074233421,-0.030228244922068603,-0.15815135464736232,0.9869520769683473,7.6368996285257431,7.9307525706216353,-0.80516904081857044,0.2384138673646146,0.2393596220079628,0.1578947368421053,1,4
-0.99697377361503836,0.074607320351481335,-0.021841302016177962,-0.067678233409748184,-0.97122674044350554,-0.22833807253723296,-0.038248548290439791,-0.22616888910160582,0.97333688009661845,19.965967351056051,1.9409196845164365,0.43853277255014728,,0.3187982702435723,0.2,0,3
0.23729518677043612,-0.93599597734584772,-0.26000485520077277,0.96970860488987332,0.21226924504572525,0.12085937783330068,-0.057932857154800253,-0.28080829403724678,0.95801382352332032,10.969196521368678,7.2965189229430489,-0.50632024730475278,,0.2442600510898985,0.2448979591836735,0,2
0.48587775258862487,-0.85523560237330165,-0.18026334617055131,0.87299396518472072,0.46484633323158037,0.14764627740723263,-0.042477597513114328,-0.22910685479559825,0.97247401137263456,-15.831488895639403,13.877777021693149,-3.3125599048978649,,0.2064521414304551,0.1875,0,1
-0.99663897294011627,0.071682953325408971,-0.039652387310463333,-0.066700046315900097,-0.99109755942497157,-0.11522470014420806,-0.047559031091145391,-0.11219261073891244,0.99254771001562392,-8.2240064056607967,7.2933711281935025,-2.3155756354625407,0.4721429542761798,0.3359912110270187,0.5116279069767442,1,5
-0.66405273131359277,0.74307121511043095,0.082940576976924307,-0.74719648513132964,-0.66353488775663194,-0.037667828941688748,0.027044087012581222,-0.086986332283303894,0.99584235466942961,-1.1100307216545346,7.6045990783824635,-1.5747548544568863,,0.1424598064625004,0.2894736842105263,0,5
0.95889248464693222,-0.25389652944806734,-0.12673498026140917,0.28305808898138929,0.88740383609732676,0.36385787052357765,0.020082857113392853,-0.38477393884458361,0.92279233570516161,-34.058543318896248,-20.150031781130597,-4.0178330173661214,,0.1202263798985426,0.125,0,1
-0.87865389907991898,-0.47001475319752312,-0.083984864162102518,0.47249413504922072,-0.88126072048127513,-0.011350545401533444,-0.068677638105457448,-0.049655556723239902,0.99640238242928769,4.4629482763839876,12.66767937168234,-1.2409984919380563,0.4328483475890934,0.448513647942905,0.5294117647058824,1,5
0.96656144747117001,0.25272242912561593,0.043478064346124071,-0.24961509554688352,0.88839120461050824,0.38529647240250009,0.058747530480504247,-0.38326549725684722,0.9217680219420199,-10.627497426414784,19.796413316851925,-2.9089428850962751,,0.4771934837299387,0.12,0,2
-0.79565833132859642,-0.5876925570077729,-0.14678309924871505,0.60199883516989772,-0.79408046420045486,-0.083866672935526743,-0.067269772122986835,-0.15509247181231636,0.98560697184306956,9.9564091974732136,7.6331246332384115,-0.60087976372252605,,0.1189120115477927,0.125,0,5
-0.55242408744214955,-0.82720440816508201,-0.10276426774888522,0.82944234878157896,-0.55774328374454363,0.030786677078735607,-0.082782955138151731,-0.06822973362185776,0.99422919178048896,19.901202837289642,5.6427880231866645,0.24824731976816924,,0.08271222987458447,0.2222222222222222,0,5
-0.74572728452566628,0.66610879378055643,-0.013780129251490946,-0.66616001375697886,-0.7451231836235509,0.031973071450904132,0.011029650279006348,0.03302296284277402,0.9993937315892103,-11.659069324841386,11.336110414345255,-2.8438418827855489,0.2974529409060053,0.2579342698938691,0.5157894736842106,1,5
-0.48221135422741979,-0.84572312782867864,-0.22852702446282933,0.87208446720484756,-0.48821334558318397,-0.033412740900914575,-0.083312015425117361,-0.21540687140885559,0.97296402186085662,12.572118601115918,8.3556803734927652,-0.43757310295808716,,0.3403292673157621,0.7241379310344828,0,1
-0.96347667251964308,0.26676434969555368,-0.023441058892145594,-0.26670843785314635,-0.9637613511465738,-0.005537798665998679,-0.024068873850080674,0.00091638836694762742,0.99970988268794758,-0.54968897040317133,14.196150971961162,-1.760727924946649,,0.1060307404320668,0.3076923076923077,0,4
0.0068059017188425303,0.97367616253540545,0.22783417261710784,-0.99808818762901552,-0.0073821283665602318,0.061363457335842989,0.061430036767217158,-0.22781623008712135,0.9717644343623979,-27.240783310873578,7.8111767686480249,-4.7229803767303391,,0.4939497414490258,0.1153846153846154,0,2
0.59754362726137178,0.80183209843548298,0.0026266781060214268,-0.7974819827013403,0.59395451193544224,0.10602134227724631,0.083451188044637525,-0.065447105895373378,0.9943603851440671,13.687740203787975,14.260069362961374,-0.56222448493533028,0.3114945206012701,0.1802918067274862,0.5862068965517241,1,5
-0.31088570771808843,-0.9469002620371334,-0.0820363973528319,0.94704594470980308,-0.31591277683474212,0.057472567728255736,-0.080337135531083653,-0.059824837539026877,0.99497082041037199,-3.3280466968262021,-27.5481316728461,0.079020749550164165,0.3022877334152999,0.1739087962943432,0.4375,1,4
-0.9483362581653294,0.31654718298859846,0.021359363074893785,-0.31724348959223869,-0.94529526830615129,-0.075983050934669796,-0.0038613158795187041,-0.07883360108471725,0.99688031055874216,16.93837484341913,3.7891161501206887,0.12322947638986612,,0.3438874098178331,0.6,0,5
-0.74396895858325574,0.66790499619978538,0.020324977636196454,-0.66794758353640871,-0.74418716393294482,0.0056116562005607924,0.018873640677391602,-0.009401121678070461,0.99977767758575986,9.7168927232117817,4.9037173582697378,-0.49463521019859702,0.3238600298568849,0.209612467644938,0.3611111111111111,1,3
-0.97650636782549438,-0.20059998596727674,-0.078708063285721663,0.2080702009157967,-0.97275581486109775,-0.10223950383673551,-0.056054483202690554,-0.11621432908144454,0.99164112693505657,11.601085032769078,10.168985184978323,-0.60334334232663356,,0.2000622474990108,0.3714285714285714,0,4
-0.44182920794509012,0.89465759631223585,0.066141789871671144,-0.89608632385512632,-0.44363175598320898,0.014837967618964372,0.04261749882878331,-0.052712905858702024,0.99769990395384478,-18.167331250273023,17.38018112303735,-3.6095126825273689,,0.2535699472811806,0.3235294117647059,0,3
-0.95651384796143601,0.29151539554318701,-0.010001640830779233,-0.28891208550562925,-0.95157575445263409,-0.10503994662360286,-0.040138080507127818,-0.09758256862370733,0.99441770740167534,15.852343949900295,5.3158876857890709,-0.017977101822802009,,0.1659490162630229,0.5,0,2
-0.99984311927573011,-0.017472532975738298,-0.0029064460069493842,0.017672768954947488,-0.99507250399239566,-0.097562211105375163,-0.0011874655551292372,-0.097598270423796388,0.99522518433560525,-34.295053509375371,-21.161371765726216,-3.9264916070932965,,0.2375860135920428,0.2857142857142857,0,2
0.97563910994178238,0.21744275344022906,0.029102854298818016,-0.21197660784552616,0.90019940013733601,0.38040367732013769,0.056517651033198911,-0.37730582949208624,0.92436251879496789,9.5222218724036587,-36.752509812981934,1.6539657654732791,,0.2950926892518737,0.1666666666666667,0,1
0.68073934276369119,-0.72583626870829931,-0.098770735753431177,0.73156220750551582,0.66672207571258302,0.14247248965033102,-0.037559070320191339,-0.16924356645119693,0.98485833065043649,-1.3869030298752272,-26.182850587151208,0.13538526265219542,0.3130649910790281,0.2931361562110597,0.1538461538461539,1,5
-0.96916366062667747,-0.24231467065790491,-0.044781684924178403,0.23954216880219009,-0.96906347720289465,0.059460293616636316,-0.057804396772566352,0.046899653894082328,0.99722568868755734,-0.42138243971053685,-24.88074044532479,0.15746455497740905,0.483610029339948,0.4200829118216708,0.9733333333333334,1,5
0.1434077679550394,0.98760507774100148,0.063799862933575618,-0.98579584918116792,0.13685622214640211,0.097349464287140419,0.087411417030798771,-0.076854309443283947,0.9932032316160988,-2.9293294083946231,4.8791032566179844,-1.6411240850939406,0.7455173905693621,0.639236746947208,0.3300653594771242,1,3
0.42920711685958374,0.90218710661560519,0.042891438465592992,-0.89881591921146864,0.42196254641074005,0.11864886345265932,0.088944894227423507,-0.089476444291936366,0.99200946150112168,-2.9290663991794661,12.443442679488085,-1.9402215251302515,0.1784111556203868,0.1100918552314961,0.1666666666666667,1,5
-0.88285817333486272,-0.4644134402695792,-0.069868464079325246,0.46429835758170601,-0.88547787232860853,0.018867240480021731,-0.070629178975549087,-0.015782715652725553,0.99737777444851095,13.631165771387002,12.795251024146918,-0.52193466009211242,0.7564080538560262,0.5335856802042651,0.9156626506024096,1,5
-0.61271765455434435,0.78908788696256504,0.043787925805836826,-0.78972791530723707,-0.613443413753756,0.0041228517585436553,0.030114707069937845,-0.032054403302701359,0.99903234164215071,17.61971212594333,12.391841958586076,-0.21487193478057257,,0.1120883246395524,0.2333333333333333,0,5
-0.97843090550566159,0.20653709680991633,-0.0039231100804043989,-0.20486082815830972,-0.97258090333435887,-0.11008372974974079,-0.026551915894398714,-0.10690563180045154,0.99391457462484312,-20.445856714433994,11.373694529091681,-3.8032752811644466,,0.0940090984837699,0.4,0,1
-0.49850791309450743,0.86681886048710877,0.010720246545226539,-0.86590491789756974,-0.49849406965023985,0.041380378011143013,0.041213271442128677,0.011345731680810657,0.99908595257348343,4.1305491999869686,16.806504410998762,-1.4485191131175208,,0.07428207267696303,0.4,0,5
-0.67627205595478057,0.72091007967379128,0.15147528960005888,-0.73624228675123271,-0.66830919241817899,-0.10634904103317495,0.024564232819467631,-0.18344339822977709,0.98272331717116657,4.4296308927645933,-30.235567243210678,0.88348931477834858,,0.3538040832594821,0.3870967741935484,0,1
0.96024393688100207,0.27874883834309439,0.015187718908721178,-0.27365232916323329,0.92914127059108054,0.24861798412007571,0.055190437820443555,-0.24289006650492781,0.96848254045512849,12.147492753854245,-21.21842115024911,1.007827465782126,,0.6404119998207511,0.4347826086956522,0,2
0.75902559847111806,-0.63751565708696178,-0.13211331437270341,0.65073676945013681,0.73646329988046322,0.18483361386603381,-0.020537715334496092,-0.22626443577848909,0.97384937611043365,3.0927832803884967,-24.455565998585985,0.4518045115202432,,0.149454849588983,0.1666666666666667,0,5
-0.59199062315255246,-0.77883191998834367,-0.20728710164098807,0.80208306647829541,-0.59448213422260054,-0.057041621285817051,-0.078802643155070906,-0.2000295790562247,0.9766157437469265,-5.0037732621057902,12.633646562172444,-2.1681597387027476,,0.1270503191001358,0.1538461538461539,0,4
-0.64729031873752618,0.76013605888667424,0.056642874652579306,-0.76198682309285048,-0.64721176366373878,-0.022203927763770864,0.019781928660722738,-0.057533511586801672,0.99814756942195393,-5.9697422190326535,12.802447330769322,-2.2707090881701055,,0.1220043153775794,0.1,0,5
0.81281488690044557,-0.55861205737750252,-0.16518029236410092,0.58250394286426144,0.7771912278980998,0.23803981143042627,-0.004595234553880413,-0.28970047399118548,0.95710632595792455,-14.160686593115711,15.568122994165403,-3.1776086851816836,,0.5936783971675099,0.2857142857142857,0,5
0.96557538578612978,0.25941677878492375,-0.019160095219477809,-0.25332610467048072,0.95451802164730137,0.15722986689239746,0.059076721781477978,-0.14696353709466278,0.98737614904765536,-5.4745170991066097,18.909710005289003,-2.4496817537902991,,0.104369667552027,0.1818181818181818,0,1
-0.33866786526875353,0.93872109056077468,0.064084250566704179,-0.93938440698131032,-0.34120688696217794,0.033686736409927601,0.053488437579329882,-0.048791130607623696,0.9973757629997595,9.91994384091727,-33.913556866861207,1.522648276435034,,0.09946042935390192,0.3333333333333333,0,1
-0.30859011389712721,-0.94462018675795278,-0.11164606743781198,0.94883460299590927,-0.31396048373903523,0.033789211413494995,-0.066970424536155995,-0.095506635474826296,0.9931734213206298,-10.072310898717168,18.42073311968889,-2.8072658441490885,,0.08308765712733771,0.5217391304347826,0,3
0.88315937486930896,0.46763684578162834,0.036678318498276206,-0.46412466363209953,0.85983934798116035,0.21275477026784401,0.067954508230446409,-0.20491968214581599,0.97641697480144996,-11.133945846378376,13.203887015346066,-2.8215377342790982,,0.1400416799468772,0.3571428571428572,0,5
0.93912977773730022,-0.30672787571779464,-0.15476844259970574,0.34064569620818413,0.88990023001851726,0.3033778012113465,0.044674044163594037,-0.33763233090247585,0.94021733599600776,-11.989352998957504,18.319349838736407,-2.9793141095235858,,0.5970924683163699,0.4333333333333333,0,2
-0.68698808892702501,-0.71813506142880013,-0.11103782787433149,0.72218443106524577,-0.69168029281197696,0.0052933980113571534,-0.080604052003376475,-0.076553289166392327,0.99380208327334729,9.3404578405659624,5.8230529106353623,-0.54275239202642755,,0.0949856410520893,0.3142857142857143,0,3
-0.91220215168992358,-0.38698453693731955,-0.13464844085128716,0.40434747211399052,-0.90334275994566138,-0.14309080979846669,-0.066259763411136263,-0.18497250126752299,0.98050742859375428,-14.470155401863277,7.2489827310578088,-3.0738519646568734,,0.1712007627245887,0.3214285714285715,0,5
0.62140417402392323,0.77570353353241706,0.11018566409006147,-0.78048313650138113,0.60055761447426459,0.17371420590713454,0.068577883771752252,-0.1939447853444434,0.97861253522274316,5.7680583697677426,-25.037119033050136,0.68414592152216935,,0.4622360219687165,0.3846153846153846,0,2
0.76453494369867059,0.64447231770519497,-0.011905947058679334,-0.63879179628113214,0.7600078790071072,0.11972077869376488,0.08620534129387919,-0.083925297490156717,0.99273621046761107,4.6496635924133711,-24.834451794338921,0.61740549036564552,,0.1149945456257806,0.3571428571428572,0,4
-0.92373392260574849,-0.37855105065100314,-0.05843579620762341,0.37716555743679558,-0.92553685181187839,0.033580920498819451,-0.066796575591780191,0.0089798657661750297,0.99772620467743189,2.2741248210015983,15.574748058637137,-1.546431852330429,0.343734816655448,0.2465316111798551,0.7377049180327869,1,5
0.89131586635055948,0.45305942418528311,0.01712263264374379,-0.44912689270794909,0.87715647393981844,0.16994573978763755,0.061976290936575876,-0.15916556908566917,0.98530465389105948,-1.9373770674925068,-30.512985749963558,0.42360451989041048,,0.2117481018685784,0.8888888888888888,0,5
-0.60777585705972759,0.78549709138601809,0.11663115792711183,-0.79377608597383942,-0.59668325337680672,-0.11784999141162679,-0.02297896671664686,-0.16420540357666263,0.98615848245850402,-4.4011803949700852,15.150396350210436,-2.2049630118728802,,0.2405885357833089,0.1578947368421053,0,3
-0.96210802449802013,-0.26423043048150074,-0.067308460122612088,0.26736595804409957,-0.96264864426325258,-0.042696980891877435,-0.053512556243158566,-0.059075098863069185,0.99681820760790685,2.7401166553371969,11.586131407575664,-1.3692040784924002,0.1997962788393743,0.1717602793289201,0.4166666666666667,1,5
-0.99928968280735464,0.010267384678135405,-0.036258938851682958,-0.010076749562692666,-0.9999344499362014,-0.005436446361232858,-0.036312380162000758,-0.0050672125136981931,0.99932764116895756,14.964748531249125,7.0913028246912369,-0.1538137384579488,,0.1126552126850719,0.5161290322580645,0,5
-0.99872908185659204,-0.023760951437371655,-0.044448152275197335,0.022757939534486685,-0.9994778379229704,0.022937473465235864,-0.044969959328788674,0.021896773452146384,0.99874833370091354,2.1366464594709962,10.085814380544104,-1.3912277963892064,0.2091656763481012,0.09346585832783887,0.5,1,5
-0.9986906340548658,-0.022229308137743289,-0.046074671033110234,0.029508331766196841,-0.9860387817193621,-0.1638803810764857,-0.041788465004928367,-0.16502538836529174,0.98540364591745766,12.192321765494862,5.1202263675005382,-0.30083225525627827,,0.1202788764632142,0.3333333333333333,0,4
-0.34324504211105283,0.93895455065723077,0.02339215394664319,-0.93780583808756002,-0.34399107456525413,0.046801182339066209,0.05199087530590657,-0.0058730247337850797,0.99863029018020755,3.8933591240627439,-26.638956386237979,0.64096217411383349,,0.4509306267514279,0.125,0,3
-0.99833606632154204,0.050386234619129507,-0.028041505710939506,-0.042363729754465451,-0.97079664562385481,-0.23613383333771246,-0.039120494410490612,-0.23455297952995169,0.97131585321701674,-38.810383853724218,8.724439536860741,-6.1593355004396306,,0.4105555208751323,0.1176470588235294,0,1
-0.65064070311942845,0.75873289582838788,0.031481236191174676,-0.75931437799430146,-0.65058854151909928,-0.013274977031156234,0.010409169773930121,-0.032541395666439238,0.99941618295517776,11.242542832839826,-24.515157394831718,1.042044765667651,0.7349177823898124,0.7158628394497952,0.65,1,5
-0.99910165897252434,-0.034571491244137484,-0.024508917387488793,0.035879285097837089,-0.99783615408223847,-0.055097064415769031,-0.022551096186623688,-0.055926930896695884,0.99818015731693333,-19.515001796232141,10.797690774557038,-3.7196685367417781,0.2752212668760498,0.2478180710368086,0.5714285714285714,1,5
-0.96173549313045636,-0.27002213405241665,-0.046399228171335766,0.27041482153091301,-0.96274118809426068,-0.0022867101378016962,-0.044052985704960017,-0.014746249307148983,0.99892035847801608,-17.805212479596438,12.604481962520001,-3.5346351879895428,0.7768244866503096,0.5092152622267158,0.2380952380952381,1,4
0.28230993275905497,0.93594900401820813,0.21047699100590936,-0.95590465646211686,0.25594400002400752,0.14401026562628239,0.080915941690247128,-0.24185146418625325,0.96693354458894698,-37.538888179964694,-21.105408740734255,-4.3876089823079143,,0.5031602157653667,0.25,0,1
-0.01534237462166794,-0.96762590994373754,-0.25192203148300318,0.99925749134016995,-0.023743746938509582,0.030343046680757903,-0.035342291118701324,-0.25126944280368602,0.96727172478658063,-4.571638589990358,18.63701128621587,-2.355282576067915,,0.4883019287600658,0.375,0,3
-0.16357769899474189,0.98149598991473008,0.099538727000546418,-0.98286198774140576,-0.17083095688426489,0.06927551676471462,0.084997937884383021,-0.086500901447962505,0.9926192344520085,7.2010167392316635,-21.579559200028935,0.62907820066206432,,0.6226536516638451,0.2926829268292683,0,4
-0.16884798621584479,0.97974806332790665,0.10762941027465851,-0.9856207306012813,-0.16855377609142747,-0.011891172117066518,0.0064909906678924665,-0.10808957845480657,0.99411996764455524,5.6130089095379558,-23.647383298731892,0.61111158762880435,,0.5301648043839196,0.1063829787234043,0,3
0.79949194626365971,-0.59109324427963339,-0.10687097092533814,0.60046937198376027,0.78178928110063117,0.1680537213678642,-0.015784839846349791,-0.19853034156807689,0.9799676230916452,-6.3357999257080921,17.407084182684876,-2.4841140446663212,0.4546401992732328,0.3662635324911193,0.8484848484848485,1,5
-0.89343832529242728,-0.41172987049244436,-0.17957302871795183,0.43980867440854471,-0.8831012390343479,-0.16340297283402741,-0.091303279314939242,-0.22496825411660729,0.97007886062219861,-12.773820113610972,11.904455421239174,-2.9544087585483827,,0.15201828896919,0.4347826086956522,0,4
-0.54923045183753938,-0.81387926650903919,-0.18959549129934644,0.83526345965172122,-0.54173157400880123,-0.094137424505792447,-0.026093365918742513,-0.21006532619319856,0.97733908905066069,21.083484711461633,6.4763581621292783,0.2762654489550902,,0.6756703864993354,0.4897959183673469,0,2
0.98457620504921584,-0.16138598242324645,-0.067559315628329841,0.17274730727034485,0.95790989251413772,0.22927495644836215,0.027713972680396194,-0.23740935638857397,0.9710142806454668,15.685752821716388,-20.980751201399624,1.2320964146632984,,0.8739230687773378,0.6081081081081081,0,2
-0.425874370682014,-0.88825185288150621,-0.17216174444042434,0.90003147839606878,-0.43537201981808216,0.019863087768782383,-0.092597830927000926,-0.14649180936862943,0.98486841328957231,-12.128575145247646,15.046329042394211,-2.9404613497854775,,0.667114696630025,0.2571428571428571,0,2
0.84005873079007387,0.53401182853258289,0.095565139097143828,-0.53761055176223271,0.79588892362048891,0.27845235838851445,0.072637617370592572,-0.28529316193260834,0.95568383281146707,13.037663859120951,8.856025564070066,-0.43072741328360875,,0.5329223605617027,0.25,0,4
-0.56727304990542271,-0.82018253969440402,-0.074174715580425876,0.81959504003796235,-0.57106209569982624,0.046390227420143614,-0.080406823069750957,-0.034477303191512577,0.99616567817229562,-4.3516887439907279,11.802257714309302,-2.0621506709739674,0.1864188810752822,0.163777316042708,0.5245901639344263,1,5
0.83156634374391936,0.55526648732444661,-0.013286986367909908,-0.55045489130559644,0.82708198301851132,0.11373128858810776,0.074140600146712324,-0.087261225183570476,0.99342269452099197,-3.1049861245930424,11.322524701712961,-1.9407962059085881,,0.08098141015293711,0.3125,0,5
0.010137020710374719,0.99541207601603454,0.095142207944560575,-0.9976561005597675,0.0036287385656005385,0.068331085695324131,0.067672341669227351,-0.095611877807472698,0.9931157148062516,11.617463201782833,11.466004318224753,-0.62625051485613437,,0.2003252627071005,0.3809523809523809,0,3
0.64066979531761603,-0.74989368873464668,-0.16492928473630089,0.76735201632450922,0.61786573061865857,0.17150166754227189,-0.026703865083410026,-0.23643475743429682,0.97128034524878082,25.308003294252632,2.0473974657476863,0.7842823408574795,,0.4372192739882815,0.40625,0,3
-0.78333312840422786,-0.61262123465055274,-0.10528263294427614,0.61673870846675416,-0.78712102446250698,-0.0085940867958307094,-0.077605253837652863,-0.071663907961587711,0.99440520356264583,-22.941765907548369,-16.101460180631864,-3.0317978704338655,,0.4375079111596383,0.1481481481481481,0,1
-0.9602217022559123,-0.2719558587998388,-0.063358451537269239,0.27266223763370484,-0.96210626194040927,-0.0026162766736503441,-0.060246051201214131,-0.019787662810303443,0.9979874055894522,-15.58105297412361,15.522760799813987,-3.3179050004313781,,0.08967558873337733,0.4705882352941176,0,1
-0.34904173682648737,-0.91112493228623137,-0.21913745394057796,0.93435085329353529,-0.35628831139710015,-0.00686455471566915,-0.071821646477859172,-0.20714728317844955,0.97566984895967523,9.3377287995166292,9.1958335218706022,-0.70730920330422531,,0.1207457860953851,0.35,0,5
-0.999231635324205,0.020842299850467719,-0.033192431430356099,-0.019233825344602846,-0.99865913605830681,-0.048062354602011997,-0.034149654902048639,-0.047387007757606042,0.99829267881010308,11.907117993063316,6.7536736726351299,-0.41291881119879897,,0.1456485618727346,0.35,0,5
0.4157407565028351,-0.89699089559007716,-0.15022302290582104,0.90864587171766864,0.40256689349584857,0.11091697828349098,-0.039016704023901602,-0.18261223806091012,0.98241053909121778,10.288140549686894,11.71249610386861,-0.74493381312810669,,0.1431817161883254,0.32,0,5
0.2424807472072574,-0.96497700761539629,-0.10011224704024835,0.9683212731294637,0.23438633285039137,0.086121768316038322,-0.059640583822980792,-0.11782368924194786,0.99124193767953139,-20.488359246689587,15.082863833315649,-3.8759733889637227,,0.0743452607505552,0.3571428571428572,0,1
-0.91326146025190147,-0.3977319467587383,-0.088106774688830783,0.39839320482953283,-0.91715220274729969,0.01070940434520417,-0.085066794721665756,-0.025320654084747627,0.99605346488655,22.26749242995373,5.5969858187956314,0.41881011066259666,,0.4395349551596611,0.2727272727272727,0,3
0.99549341114260637,-0.093386143579589853,-0.016489286188016587,0.094195146207237457,0.95366019635227151,0.28576127156132219,-0.010960967231739107,-0.28602667372236246,0.95815896338585993,-30.66232037273015,6.1190491015896198,-5.1347120101308681,,0.3516378370592885,0.2,0,4
0.28613378659812794,0.95260992013902557,0.10325597425688217,-0.95142140664744135,0.26967252846508699,0.1485733299224721,0.11368712829525579,-0.14075179375044458,0.98349589191618447,12.34305880393091,-29.547169645510579,1.4442172576382799,,0.4644903419542121,0.5142857142857142,0,5
0.26481917289833157,-0.95363441273203542,-0.14301123214163741,0.96253536809837537,0.25244877498486035,0.098971112797460264,-0.058279248666810224,-0.16386281720350407,0.98476012628099563,-28.156186102000142,7.6535942054831878,-4.8518451505403624,,0.1570346670011952,0.5185185185185185,0,1
-0.98447991577216276,-0.16896707709626468,-0.047428075006073864,0.17306061979715051,-0.97956508760915406,-0.10248053967801639,-0.029143049199816039,-0.10909796512683617,0.99360370203040282,-11.011996846140974,15.206076445402651,-2.8510533614842544,0.655749460791937,0.3156635779897047,0.7910447761194029,1,4
-0.98662468286477822,0.16196891543614933,-0.018379488415419393,-0.16112221405780852,-0.98609238719496761,-0.040760717035386335,-0.024725842737604468,-0.03725418565163674,0.99899987905522181,8.4297767641695938,4.7298396448653817,-0.59099341103204028,0.3346998296886246,0.5217122588271932,0.5354330708661418,1,4
-0.73789860935222296,-0.660891721211881,-0.1368494616345074,0.67160575248543963,-0.73907556957897735,-0.052086617090936801,-0.066718479782766529,-0.13034352797553447,0.98922151673443148,-17.391917534959425,9.2373147080942051,-3.4046284380043961,,0.3477858488485562,0.1538461538461539,0,3
0.99589993685845368,-0.060157796240887081,-0.067560012705504019,0.074644187193064898,0.96838099774456876,0.23804724011321693,0.051103435144955293,-0.24211419363323736,0.96890100431246928,19.720596258634487,-25.68426905650713,1.8029200376789916,,0.1967226127816414,0.1739130434782609,0,3
-0.4771413469185049,-0.85666100613407825,-0.19613275001932448,0.87720684132210547,-0.47779327967659546,-0.047135331054056227,-0.053331909758492266,-0.19453920547085179,0.97944382428819277,-6.773215468652495,18.783228722892055,-2.5741863778247658,,0.3844608127133841,0.6,0,3
0.82428991290099773,-0.52689669177177356,-0.20718594472026181,0.56613578854527058,0.76317086114884902,0.31154535082640777,-0.0060339388372108223,-0.37409906828711254,0.92736911674307099,-7.9899244634307749,18.874377133913629,-2.6548542579813139,,0.346189879394546,0.2352941176470588,0,1
-0.59338392117550887,-0.74451198449313472,-0.30593696578947777,0.80064406346159911,-0.5850595423893612,-0.12912945249961216,-0.082852916267783391,-0.32156995631626617,0.9432540259445904,-25.454064932990807,13.204582335319438,-4.4411038401117997,,0.3511784821638403,0.375,0,1
-0.74359969035080864,0.66825892248969798,-0.02212494119970175,-0.66843465067562791,-0.74219110417833101,0.048450827182842118,0.01595676302805335,0.050817097432443371,0.99858049466340393,-8.7855656975520606,11.80832779881545,-2.5487090111718196,,0.06686459400310317,0.3809523809523809,0,4
-0.84033371092766673,0.52824545226946484,0.12163879494292179,-0.54205376348225287,-0.82058509627951259,-0.18115688576112576,0.0041196812089477255,-0.21816700465600281,0.97590275453354713,13.456117295601553,-30.14056257882886,1.5468772314461099,,0.329436780896667,0.1818181818181818,0,2
0.7094890524071289,-0.70044490815071059,-0.077473964402096779,0.70440755700379731,0.70162477282384994,0.10739027793903347,-0.020863320693901389,-0.13076547252858317,0.99119378178235151,15.750679492854196,-24.868994314255513,1.4689287565683655,,0.1163729577957077,0.5454545454545454,0,1
-0.92202643048451971,0.3837440902449164,0.051065983688551572,-0.38712475323077639,-0.91440687857862679,-0.11829829180552606,0.0012988163797562815,-0.12884305805978247,0.99166414650617352,-12.118291505968521,8.1853730159574862,-2.8304564701361645,0.8212196238331835,0.3683643527282299,0.2068965517241379,1,3
0.29783729297515149,-0.91972711946815311,-0.25572440757199416,0.95145792122491968,0.26422827815171307,0.15783295335048106,-0.077593627648074454,-0.29031955280310429,0.95377868827554368,12.101085258458577,-30.66371733549046,1.505102201626082,,0.5096783910973168,0.3714285714285714,0,2
0.91832632378588519,0.38666000288290964,0.084680607062605787,-0.3901205422609923,0.84795210473855565,0.35886374931921455,0.066953159357063974,-0.36258967199858722,0.92954074908637851,6.6060695530216584,5.0087996637955943,-0.7406781341742068,,0.393850023584826,0.28,0,1
-0.035863203873966139,-0.9686871607370422,-0.24568071806941424,0.99602130356778329,-0.054715156394893022,0.070340703009116851,-0.081580594794526506,-0.24218058610031279,0.9667953093954692,30.848792983341205,4.0811271840067409,0.98426295724463087,,0.5139105990517741,0.2962962962962963,0,3
-0.92851401202485007,-0.36398400856823343,-0.073330559660470432,0.36377221488260791,-0.93133822287391099,0.016700008786444977,-0.074374089257746773,-0.011169427947118263,0.99716785885146497,-6.5866276273718576,16.158241610702422,-2.4747144161507975,,0.7812331891812866,0.5119047619047619,0,3
-0.026124839477719746,0.9925028426864807,0.11939681746812794,-0.99599179978689134,-0.03606337978307686,0.081852106850645576,0.085544301502387163,-0.11677987796652139,0.98946684258877093,-5.4363810295155188,2.527512245294306,-1.7955185275107342,,0.2988432345139166,0.3015873015873016,1,3
-0.99896059280860927,-0.0044634305717327341,-0.045363110596647792,0.012419105772406857,-0.98419571681523177,-0.17664811579625045,-0.043857722550152418,-0.17702787574301135,0.98322816852581607,-12.817888681323149,6.620742959516388,-2.8928426691944118,,0.100154460383225,0.2978723404255319,0,4
-0.11792777523051338,0.9536426025402478,0.27687330396671433,-0.99079137109336901,-0.13167538025878389,0.031528609240281877,0.066524422553699863,-0.27060558171251331,0.96038904635045097,5.9865201333171321,6.3981777284001584,-0.91113665414948686,,0.5003646916412512,0.2439024390243902,0,1
-0.61709593361002213,0.75393876574916796,0.22531965343173255,-0.78244745879158928,-0.61829697270066541,-0.074059623140927178,0.083478038744084215,-0.22200268252841751,0.97146601896187146,-25.513038588673112,5.984718402790234,-4.347315407663765,,0.3404386789532028,0.1666666666666667,0,3
0.15454406628651768,-0.95344610883552361,-0.25895298631610264,0.98600392896485867,0.13224846716442112,0.1015214016772952,-0.062549049884791388,-0.27101819215517658,0.96053982524383108,24.067228629026609,-24.65868139674156,2.0680487978670556,,0.5153446613229917,0.2857142857142857,0,3
0.77921592711979648,0.61836976616131878,0.10218302804494045,-0.62439874701716824,0.75177393206771481,0.21204282536043975,0.05430233555038997,-0.22903010143001695,0.97190352864506524,17.662433369374753,-25.092417741969996,1.6177356021953324,,0.2621858768623385,0.2916666666666667,0,2
0.52785893374652271,-0.83139133984175817,-0.17364730375134155,0.84856947032588637,0.50758293623537221,0.14929640609714279,-0.035983330791201279,-0.22615924230241985,0.97342549639218223,7.5550886854121906,-25.962467958125405,0.84615105295074122,,0.6793663581959194,0.6944444444444444,0,3
-0.99380054608099644,-0.096806667766078436,-0.054671232701870305,0.099707436201345173,-0.9935997190315714,-0.053085078002558753,-0.049182331942157889,-0.058207107954365837,0.99709228800965088,13.910555441426336,3.5483624974388461,-0.092665416513999996,,0.7816061214532597,0.36,0,1
0.53044306704178279,-0.82958530388869955,-0.17440864714572524,0.84475758439210213,0.50009442166145424,0.19049985048581253,-0.070815084828926483,-0.24838235242261264,0.9660700961967934,-8.6873163021548727,17.841625831267347,-2.6998146152359221,,0.4570696256188476,0.3125,0,2
0.013500920376268166,0.99811632513914728,0.059845857331297922,-0.99635902151116162,0.0083900757094512671,0.084842836367664529,0.084180908775768698,-0.060773416230405143,0.99459547881406096,-0.33263362072241537,23.62789431464094,-2.1289660116683562,0.8017168537568201,0.3018236269460586,0.7407407407407407,1,3
0.6594426415595751,-0.74872298828813522,-0.067448419565003748,0.75139119402853538,0.65367479492101987,0.090114016786158463,-0.02338110410787898,-0.1101051737832939,0.99364489365006481,3.1072489767548945,-25.590422738762463,0.51720881482606074,,0.3433519935654213,0.2,0,3
-0.1435784169665105,0.98955721342972114,0.01271847202289667,-0.98746598051413903,-0.14410251046085285,0.064384810368054088,0.065545217282738127,-0.0033147892973971124,0.99784409436708743,14.636116293158508,7.9144963065865239,-0.24799082671941505,,0.09090049914799066,0.3043478260869565,0,2
-0.19573316065827476,0.97599469832700037,0.095513761606959957,-0.97867228014806229,-0.20060204506136234,0.044264970202105236,0.062362632148716922,-0.084812548333299528,0.99444342913847872,23.951615876022775,5.3697333666535734,0.51869080988802219,,0.06996621649937243,0.3125,0,1
0.7039591885376324,0.709825848289801,-0.024263676001427599,-0.70536438222983944,0.70271441089952702,0.09302443225114175,0.083081581321944029,-0.048370671008315762,0.99536813744023844,0.81405978970900794,-28.266018354911008,0.52782517248835048,0.3649577451083128,0.2695525603750215,0.8378378378378378,1,3
-0.92283189190647996,-0.37030345378836516,-0.10609736751076551,0.37948047770959448,-0.92125772879354517,-0.085315673679903628,-0.066150331197992518,-0.11899390425801708,0.99068894433713584,11.140040548044155,9.6184161967543034,-0.62062488189520182,,0.3150280920567105,0.1818181818181818,0,3
0.54399749134055309,0.83259419312596761,0.10418079951749472,-0.83494758697895122,0.52480802332130472,0.16564741367015506,0.083242155265296602,-0.17709728465028524,0.98066676060539748,2.5539336256317231,12.720979504885698,-1.4100095971274911,,0.3230942548229259,0.2631578947368421,0,1
-0.62644111776778333,0.77564609343861868,0.077101645269466543,-0.77206171805777513,-0.63104933047802914,0.075481428264880537,0.10720181658687331,-0.012242558418864895,0.99416190345628985,11.764488849934461,26.536416561891205,-1.219224751266387,,0.4504543787119293,0.5384615384615384,0,2
-0.94304584811040504,0.33159172103307971,0.026673186987091913,-0.33234449940858685,-0.93560355625356162,-0.11913487834611969,-0.014548610744116969,-0.12121433936630299,0.99251973373702129,-2.6222415702080948,-32.889374469016531,0.46843275655861139,,0.1368551573336038,0.4444444444444444,0,3
-0.32978849757824941,0.91546670448692413,0.23056508807911877,-0.94250408833380384,-0.33326926418365105,-0.024852384685435769,0.054088726543949396,-0.22550456874825944,0.97273948163653512,-2.8622831668283406,15.080180807997547,-2.0281963421103284,1.246374018068119,0.5445285779072473,0.1272727272727273,1,1
-0.7724292590807843,0.63296368167675843,0.052057827404850439,-0.63416649227487665,-0.77314201187840159,-0.0091809337431014333,0.034436895790540809,-0.0401049516496386,0.9986018691458024,26.474250822098806,4.5854122002450639,0.71657089373551575,,0.2479083347975518,0.44,0,2
-0.91524217457491963,-0.39528622732996355,-0.077977947925142219,0.40231536729905049,-0.90708435845695723,-0.1238560126831129,-0.021774000881827817,-0.14472997314300096,0.98923158449355197,-7.3539729284797639,14.433606839597116,-2.5030736113729937,,0.5328274965145602,0.3157894736842105,0,3
0.51891351075558922,0.85361413014092968,0.045515768466028665,-0.84961124591130355,0.50914309244244782,0.13760102557460627,0.094284140640679068,-0.11007374001952157,0.98944139421279664,-7.6494413988516738,-25.172205889551016,-0.45813964268728158,0.2694827208923583,0.4638167621680168,0.7916666666666666,1,3
-0.53028182585214323,-0.82055904271511271,-0.21326988204942737,0.84146533831409553,-0.54012702267991519,-0.014102616313154613,-0.10362079707695315,-0.18693757457876028,0.97689153626374936,19.864508069868624,10.28384021760079,0.036124209262303475,,0.2010143744340588,0.25,0,3
0.96039584744842577,0.27858900939757042,0.005289616876517465,-0.27283308147770635,0.93635896224506032,0.22089364742955453,0.056585562250445934,-0.21358852419133759,0.97528355696103408,25.570154950965296,-22.723290558618697,2.0495347553936685,,0.5568009452210642,0.3,0,2
-0.031733379286351303,0.99693510384464279,0.071507981102394161,-0.99803095899246907,-0.035478391842578533,0.05172512546951611,0.054103581504751669,-0.069725765930079509,0.99609794700813548,-4.8880734290671537,-27.143984578246357,-0.077163257229059368,,0.4393849906321217,0.2307692307692308,0,3
0.30268964367814383,-0.91400868256075751,-0.27012424514202049,0.94828697351495517,0.26040035811122519,0.18150335908018786,-0.095555195943728105,-0.31109448998510675,0.94556301896228023,13.780124666408749,6.0442371775210253,-0.20982055240872696,,0.3304860480905648,0.148936170212766,0,2
-0.86234449999542295,-0.50122034611626143,-0.071694685763588811,0.50112010058652423,-0.86513054208641549,0.020683083363384175,-0.072392044561515712,-0.018091704960007685,0.99721215500807225,-1.0646041233307035,20.234797404689171,-2.0786066532197074,,0.1095726684240775,0.4444444444444444,0,2
0.90394848786408522,0.42754784950791197,-0.0089424643916085102,-0.42209460038087654,0.89538571606266071,0.14184698727948086,0.068653329253163364,-0.12444780372556653,0.98984820277168761,3.8192940568725353,20.370776108199269,-1.6321327537021888,,0.6764424568442823,0.4,0,1
-0.5415418679629882,0.81758882393753929,0.19565510526329055,-0.83982658312427305,-0.53658628137863118,-0.082258573498821139,0.03773215500029288,-0.20886282007261159,0.97721676554915382,18.884604800301286,16.618582837662721,-0.30071980199182002,,0.1799841662972705,0.2307692307692308,0,1
0.62612956954842691,0.77661387773212898,0.06951724283202787,-0.77535165760631986,0.61071969340986576,0.16078328000290068,0.082410977328468124,-0.15457147536083432,0.98453851616914467,-7.0910674457831862,11.761328806048168,-2.3609451612133019,,0.4206454431913269,0.16,0,1
0.99689189395246958,-0.050327083187053784,-0.060611355947070934,0.069498622840511254,0.92411073656336951,0.37575163072377948,0.037101121211245487,-0.37879616057477483,0.92473616536754866,13.111870547384363,21.370837139300601,-0.87946754676387628,,0.518163100188024,0.1538461538461539,0,1
-0.81385356088490746,0.58046584341803731,0.026491244967790581,-0.58102048887105728,-0.81353333595941246,-0.024056242324760679,0.0075876839018537518,-0.034970214579505284,0.99935955048484382,27.236268466179702,-28.79054995419396,2.4306292173901012,,0.4152639365642653,0.5294117647058824,0,2
-0.27717030906426726,-0.94878752362608443,-0.15158777914034463,0.95741667983298839,-0.2859981934456548,0.039475746014475663,-0.080807926286944082,-0.13419116348443022,0.98765520840620247,-23.971764691308703,10.11774746145427,-4.1800163596704261,,0.1097471315412719,0.2352941176470588,0,1
0.41099853382115253,0.87456311781406115,0.25733161126494286,-0.90786024179176772,0.36698748255697411,0.20275593461175764,0.082885382128911347,-0.31695353067262605,0.94481240086246776,26.677726163426438,-26.210495248755194,2.2747146654522732,,0.3545122876666398,0.12,0,1
0.6211555992072525,0.77985833825179496,0.077373728310250231,-0.77933395364901947,0.6042951495561486,0.16572857602930025,0.08248824318208689,-0.16324320654183708,0.98313139775651137,-5.2607076067686096,-26.142729609683986,-0.17537344020050918,,0.1393978684018803,0.1818181818181818,0,1
0.48884951867573412,-0.83213846816597281,-0.26186202070726328,0.87137872572549957,0.45148487892898931,0.19199093846189641,-0.041536302718310762,-0.3220356717770001,0.94581592377144319,5.4568753963078747,25.018148598214939,-1.7271189983599287,,0.2328423509755297,0.2727272727272727,0,2
