axis_00,axis_01,axis_02,axis_10,axis_11,axis_12,axis_20,axis_21,axis_22,location_x,location_y,location_z,dbh,dbh_approximation,score,reconstructed,number_clusters
0.26504538154722768,-0.95902659003478119,-0.10009468181049343,0.96408022240644464,0.26170536138879757,0.045383131063187192,-0.017328314552318085,-0.10852789239001316,0.99394236557667548,-20.066627075329009,8.9050397266221317,-0.59120989095838561,,0.0737668265422971,0.2777777777777778,0,1
0.9698117006832343,-0.23458524358655997,-0.066596011211836476,0.24358504479574536,0.94475989588951981,0.21930587103558821,0.01147131944230574,-0.2289071921330951,0.97338065843738397,-14.428330179925037,7.4711733776722467,-0.70518014500434278,,0.5359076498098845,0.7155963302752294,0,2
0.11885431233952148,-0.95117859015002026,-0.28483844908740663,0.99273300969936529,0.10839593418476626,0.052263686297958085,-0.018836769668365234,-0.28898029533591296,0.95714970877915939,0.06975474814319102,16.985800274826616,-1.8222396222579391,,0.3396479568820375,0.4,0,2
-0.60274620806291868,-0.79068073582356513,-0.10733584053464562,0.79702342451144004,-0.60300808965864483,-0.033688344962142305,-0.038087654769356806,-0.10585470137758386,0.99365190723433594,7.6511456073675514,8.0715487545446702,-1.867807993623775,0.5576873355164866,0.172139231796689,0.1666666666666667,1,5
-0.98671205301453135,0.16172347821269631,0.015647396928449596,-0.16237431382031597,-0.97804347125615787,-0.1306351811136135,-0.0058229414586153262,-0.13144004309186993,0.99130702026404383,-15.897947860081587,-9.9379938897633853,-0.1052036468498757,,0.868799153899339,0.3968253968253968,0,1
-0.88923467502094689,-0.45683946632746802,-0.023651527350796134,0.45709485143892009,-0.88939402759090536,-0.0065238388743874614,-0.018055180099419477,-0.016612215122070683,0.99969897708275957,-7.2362445744993051,-10.245628433497933,-0.21675152826255473,0.4954824559547508,0.1703345448975969,0.853448275862069,1,5
-0.91169143234481786,-0.40686988150832804,-0.057233134725037819,0.41086292127304164,-0.90386832686772078,-0.11922125485134616,-0.0032236798906733898,-0.1322079695281129,0.99121675766767414,-10.030163911332242,3.1475311063153169,-0.66786627277269794,0.4282280856180075,0.3967356677481331,0.6173499702911468,1,3
0.033772123216759216,-0.99787729466170871,-0.055680773091448199,0.99942836185087769,0.033633392893674494,0.0034270118951834341,-0.0015470040407309226,-0.055764681305365979,0.99844274102094044,10.495831181454383,-8.2646722929984957,-1.277044783851446,0.1899021936998698,0.1469602833438983,0.28,1,5
0.92559197771037749,0.378350302118105,0.011425396506532137,-0.37817423914122772,0.92302335369249355,0.070796422142756305,0.016239939905866939,-0.069849391016677184,0.99742534904946833,-1.9122009646856311,-7.0100776604197312,-0.61555531291799415,,0.07820339898954157,0.3176470588235294,0,4
0.37255734552013281,-0.91832126414952986,-0.13374258899019717,0.92789490676956543,0.36636113343833659,0.069213885145074913,-0.014562496011699363,-0.14988520846496384,0.9885961551580722,-21.293397699399701,9.0226514536425988,-0.54797082153606536,,0.2750972832048631,0.5081967213114754,0,3
-0.97728296869078601,-0.21108940606945317,-0.018954201438406364,0.21156554001081615,-0.97695770852860397,-0.028171936860434978,-0.012570655784559711,-0.031542009951525563,0.99942337386182933,-9.5869859400680379,-4.7859185096734151,-0.35444691747637852,,0.06606686678969449,0.1279069767441861,0,3
-0.50835492166095175,-0.85878129955280702,-0.063796184537011386,0.86065987501788743,-0.50916396746366011,-0.0040784520175565784,-0.028980220104107519,-0.056980117366125231,0.99795461473338598,-6.3449828074105241,5.5358221379017243,-0.8866672340561792,,0.06493918891910475,0.2108843537414966,0,2
-0.96234921017533626,-0.26649467357508511,-0.053521833217993808,0.27162744229908398,-0.95018919215764797,-0.15283661765706927,-0.010125722935361136,-0.16162019695231233,0.98680108515958365,-0.5763145616578782,14.509891460324722,-1.6555672759755249,0.3655405947489151,0.1612195070877566,0.3157894736842105,1,3
-0.07768951726255191,0.95513439675300627,0.28580171981074964,-0.99678219826776848,-0.080089701545759617,-0.0032998367816511952,0.019737986827081964,-0.28513842926827959,0.95828309388741295,-4.4900069058158953,-11.245726722572639,-0.24106381298478219,,0.1431723173297355,0.5,0,1
-0.8751636960441076,-0.47277485990619811,-0.10282235635839131,0.48366249914994541,-0.86042193096560704,-0.16045151177051947,-0.012613169405275768,-0.19015265592173825,0.98167350753876581,-7.5648436275213875,11.527653925253011,-1.1026993142007959,,0.4098553994025335,0.375,0,4
-0.31301298082050222,-0.92325101682696264,-0.22277888985683192,0.94947465032115386,-0.3098281928246252,-0.050043774123740642,-0.022820215498216112,-0.22718725945573051,0.9735836825386962,-0.99184193861879122,-11.024754279583957,-0.39101224238690657,0.5855901723546215,0.2427237473732773,0.5,1,5
0.68347135197863829,-0.71358212011497502,-0.15384235072537725,0.72968324955842767,0.66186984544886573,0.17172845716231139,-0.02071874364786017,-0.22962766718693117,0.97305799833511586,0.97890500269414271,-8.9549630471748021,-0.68178760030424512,,0.3782605769938052,0.7671232876712328,0,5
0.57826310526276947,0.80056991311429404,0.15716104895307992,-0.81539627197920506,0.5606906760318543,0.14406555956701481,0.027215817721949417,-0.21145633125332314,0.97700845402617265,4.1768878400455991,-5.9257601972011269,-1.0495069575549358,,0.2080408179767486,0.2903225806451613,0,4
0.92568526156585873,-0.37436146924442942,-0.05440851831192714,0.37829455238935705,0.91612463417387613,0.13269847886210509,0.00016778642113838939,-0.14341947219583798,0.98966197605181516,4.5976542705997732,12.610490781666492,-1.910747088470242,,0.08432892021172736,0.3125,0,4
-0.58542212256212534,-0.79920739194095991,-0.13619281582294884,0.81046604274318657,-0.58119111252244493,-0.073223522758195242,-0.020633273493397348,-0.15324632260465582,0.98797258698462642,11.608723429059895,4.7536754729534145,-1.9561363243719461,0.273117511904668,0.2134469988582477,0.4761904761904762,1,5
-0.86344964093685062,0.4988910174797424,0.074581969966278777,-0.50421773577548934,-0.85793141071890244,-0.098580776175234738,0.01480515097735878,-0.12272508781785516,0.99233026776604827,-7.1417014014957321,-8.6419858586371561,-0.26856593829301345,,0.6606720143931384,0.6020408163265306,0,4
0.29854164355814217,-0.93935243380099009,-0.16878949070886651,0.95439314242439865,0.29335799612995761,0.055451021630764305,-0.0025723053634606348,-0.17764597158047557,0.98409109945489537,0.88351328428122788,-2.4603762828149813,-1.0575565718338373,,0.3187736035815719,0.5514950166112956,1,5
0.61825531530991673,0.78340393506336314,0.063550292039259187,-0.78573419095067198,0.61402943303490043,0.074763871876281182,0.019548561638383099,-0.096156798480806632,0.99517421783514537,-1.7437398640260682,-5.6108972347729908,-0.71382708342154499,,0.1348207884867688,0.2577319587628866,1,5
0.91421395954396423,-0.40306963727096651,-0.041805546105742393,0.40522907159277632,0.90894914604944244,0.097983924355203658,-0.0014952294152926222,-0.10651909409228595,0.99430953273251665,-12.914509307301271,-3.4911524496710937,-0.28392320743284155,0.1606987838196783,0.1095773064916794,0.4157303370786517,1,3
-0.37499738014737155,-0.92362201613692152,-0.079368357610422144,0.92679481347482406,-0.37543876622951272,-0.0098542644690853415,-0.020696342642436621,-0.077253505546540674,0.99679664790868816,11.864150745118673,-5.0232434538963053,-1.5700185137264742,0.07633183205954047,0.1108975576869281,0.1794871794871795,1,5
-0.55946807719912472,-0.8246627378797603,-0.083227635721387361,0.8284199827349551,-0.55959159609390552,-0.024032848072822327,-0.026754491221671336,-0.082393047848303466,0.99624072535995867,-1.8361869410744251,17.636541151366092,-1.7237657984828931,,0.1207567770936455,0.3,0,5
-0.90088455793315303,-0.43056171662014014,-0.054987466378303172,0.4338782192188681,-0.88960127752268836,-0.14268587147108561,0.012518153420156882,-0.15240136223511119,0.98823940450876124,19.226888830118455,-2.2649532278982236,-1.7093832160290094,0.3507023817229687,0.2102767273540074,0.2727272727272727,1,4
-0.62673929609580725,-0.76424600493761052,-0.15207201802512735,0.77759177937379564,-0.62604110951727443,-0.058511142910345461,-0.050486427677416561,-0.1549211836105138,0.98663597516464585,-5.0786558499829004,3.8377048737236454,-0.91130796923163337,0.6644704343910635,0.6917828873271423,0.7468982630272953,1,4
0.33691157034173325,0.93949680847816419,0.061938200080490856,-0.94126871129100098,0.33451798080020817,0.045944898149078928,0.022445643551588873,-0.073779857554045009,0.99702192839719428,-14.467209588232315,-17.143701648673996,0.083280144482114016,,0.09927990298912784,0.4736842105263158,0,1
-0.76070112225726727,0.63742244377664503,0.12258234280002342,-0.64899289298359264,-0.750354521263491,-0.1256038107551769,0.01191752714784465,-0.1751020290837462,0.98447816225522955,-24.107875130849944,4.8340042279397313,-0.48362996867166264,,0.4213927769828352,0.6896551724137931,0,2
-0.19403969161035323,-0.97376318009967922,-0.11888594181785329,0.98033339124358476,-0.19692555885275903,0.012913802049736293,-0.035986665483346357,-0.11404206834623574,0.9928239353252426,3.8545311872372707,1.8975710955890213,-1.565636684882928,0.7762418989510458,0.3442663348662697,0.7516778523489933,1,6
0.16393486119935499,-0.95021719451714803,-0.26497668676226976,0.98628693907663589,0.16307158790402732,0.025411238169358922,0.019063973625376089,-0.26550883311562512,0.96391992636691115,-0.67500267049922469,-17.40659698964151,-0.12325272436248955,0.6881156841682782,0.4904850486830586,0.4186046511627907,1,4
-0.34110447706162278,0.93786922883447355,0.063632109299831499,-0.94001265869820561,-0.34066978407286624,-0.017896918921314533,0.0048925673880282645,-0.065919707411178752,0.99781293585480102,-3.0288856902833539,-4.7835508580468087,-0.68321671761615621,,0.07055157445259048,0.3167701863354037,0,5
-0.80638866237113638,0.58759635041379721,0.066842009093651872,-0.59137614753987122,-0.80185838024956957,-0.085424763063393708,0.0034025461334492076,-0.10841433025169021,0.99409997267673622,22.824163007367158,-0.12766402399187698,-1.7413554915009433,,0.634603170107824,0.55,0,2
0.11156497972575719,0.98975152971790581,0.089135653471871856,-0.9935720931152151,0.10936371181704237,0.029224549958039584,0.019176837107365494,-0.091823134114803265,0.99559065933740731,-9.189970729259052,-3.9900548195832353,-0.39784595913924603,,0.08293936780403488,0.1770833333333333,0,4
0.70152895116672453,-0.6992055595805996,-0.13772696223505515,0.71147934793167422,0.67615099056736916,0.19135562552871291,-0.040672695283632196,-0.23223140056061789,0.97180981084367501,14.830899337425457,-10.23736475981314,-1.2344262885405737,,0.4391237430204551,0.3181818181818182,0,2
0.82293991589283588,0.54582300987341581,0.15762974567960958,-0.56779661283058769,0.78068745294306718,0.2610251085152121,0.019413945719630225,-0.3043096165256563,0.95237532307468176,-9.6752345166552267,-18.460172972316428,0.095776999419063341,,0.3448825257182815,0.2222222222222222,0,2
-0.10773057749099048,-0.9576692007619374,-0.26695285086593351,0.99418011579556131,-0.10381243276846831,-0.028790209436811893,-0.00014152802175025186,-0.26850080207456345,0.96327945024023764,-3.2620170514650657,-14.428779566480253,-0.15906471544512218,,0.4899365069928465,0.2394366197183098,0,4
0.45410126157351144,-0.88827615000173377,-0.068974818415447711,0.89094608759426741,0.45296812796642233,0.032170546266165424,0.002667065393707202,-0.076061530254742882,0.99709955890948709,-23.454219002671632,8.9569831803788489,-0.58087066618958327,,0.1321249411081278,0.1428571428571428,0,2
0.65974171337244991,-0.74465485042688306,-0.10114358789413683,0.75141002075869634,0.65167409856565595,0.10345941214820913,-0.011128896611870137,-0.14425679531430849,0.98947770296548188,1.8676797747351044,-13.24759710298483,-0.437713812635246,0.6441475798465123,0.2463073747254661,0.3478260869565217,1,5
0.96726575271220483,-0.24914060854807385,-0.048227801135716702,0.25374057257628707,0.95221086424543189,0.17002997336241696,0.0035616651651722759,-0.1767015200423066,0.98425803901009046,-0.37708619588874648,-15.749755580653629,-0.22219632252370608,0.5623400458423613,0.2350647104514338,0.1363636363636364,1,4
0.3944297451661497,-0.91446543836301164,-0.090433059042096461,0.91865127402417668,0.38999103561437454,0.063141340452861627,-0.022472491226451171,-0.10798126772719685,0.99389890479771881,-2.6159911104524434,-3.5193653735742063,-0.77319638107638478,,0.1811728113876928,0.2927927927927928,0,3
-0.67946039364447897,0.7333828982175965,0.021979492042532609,-0.73367475668569027,-0.67942339303246002,-0.010256919735066494,0.0074111315385791375,-0.023094969197148291,0.99970580548834476,-11.84092124665465,-12.280629177847608,-0.074840320013180389,,0.09226163874554572,0.34375,0,3
-0.89017265995799455,0.45388995835005369,0.039705681864129067,-0.45562204028814846,-0.88699232090354674,-0.075187625722617044,0.0010917266020436392,-0.085020752567394789,0.99637858255077949,-21.37221952458988,4.4677328557896923,-0.49909040897486046,,0.1208933175593226,0.3333333333333333,0,1
0.54939079892513676,-0.82268583789731031,-0.14614295117999912,0.83544062520204299,0.53781738582347882,0.11309916563802505,-0.014446861888249923,-0.18422939947033115,0.98277709403118585,8.3633971255494526,10.983905363251665,-1.9875460860180374,,0.3077890884089669,0.2083333333333333,0,4
0.2492177744377552,0.96801434022922317,0.02896097399735402,-0.96818375140824753,0.24834064240843212,0.030775783291748283,0.022599212670922443,-0.03570941666774307,0.99910665754358063,-10.897996586520271,-9.1298647036178284,-0.18694999937662693,,0.08135598029829837,0.3695652173913043,0,3
-0.16351626803695893,-0.97441466765110718,-0.15420274171896692,0.98635643876971302,-0.15845591277823165,-0.044639661772295121,0.019063204997923997,-0.15939817806988407,0.98703030097520683,-11.037783866988455,-13.879827787254483,-0.032921174815217148,,0.2267799553103281,0.25,0,4
-0.96622651351548394,0.25752662835547691,0.0092930225207624,-0.25768166434610934,-0.96519452752773627,-0.044717825196750868,-0.002546456269076965,-0.045602189841807424,0.99895643340543139,16.054881823875739,16.661848939131573,-2.0242471602793852,,0.09389846932992862,0.3571428571428572,0,3
-0.99852291074153643,-0.052412324024065149,-0.014315900762628838,0.052847801029659171,-0.99809117826473559,-0.031954808659102524,-0.01261374847452537,-0.032664172429539694,0.99938678457788011,-8.953991014538186,-7.3679988047318243,-0.25782478545542353,,0.2064845184960232,0.3015873015873016,0,4
0.077430091448813576,-0.99486177402789511,-0.065227536488031618,0.99678050442755806,0.075881553505502186,0.025896251287272399,-0.020813623696279322,-0.067022685828462103,0.99753433657843005,13.70107946638162,-8.3314899260944308,-1.3274225661152648,0.8469156848743798,0.8181055953143106,0.8709677419354839,1,5
-0.62231075210555287,0.75320075808084674,0.21311486536668153,-0.78243005454534886,-0.60656877307722668,-0.140987706101453,0.023076775294292362,-0.25448564115490929,0.9668011796062268,-2.0503890243439975,-12.884309791345306,-0.29219210322201594,,0.2851382056052551,0.2380952380952381,0,5
0.88990233199194391,-0.4503790270498102,-0.07233651573698055,0.45614943109116546,0.87820749550214572,0.14380296018877381,-0.0012393669779772714,-0.16096685011987535,0.98695903518432782,-6.8887745196283765,-16.048727357256197,-0.038959500730840223,,0.09802373940119929,0.2352941176470588,0,2
0.81737560549021493,0.57320436013273646,0.057739770300236463,-0.57592784870900193,0.81052355967499368,0.10657707208024012,0.014290998248010415,-0.12036744051692766,0.99262653935529988,15.647389243755345,-4.8496401224122643,-1.5749695926251794,0.2930078563431365,0.2742791763971636,0.5178571428571429,1,5
0.77860189655389023,-0.61938230020808049,-0.10072066754958088,0.62751812349890757,0.76842976881287217,0.12544598472093763,-0.00030226328851949377,-0.16087652591706261,0.98697449412118143,10.831743882677893,11.505211885116241,-2.0226988272796862,0.2617795201260917,0.1574878905832466,0.3333333333333333,1,5
-0.82751761499330034,0.55962374538939652,0.045120510548360741,-0.56142658908822018,-0.82537196548569702,-0.059676659214841971,0.0038447289328821235,-0.074715341039319205,0.99719749090779986,-18.952876808008089,-7.6647151388921539,-0.14954993665742108,,0.08294392703649461,0.1764705882352941,0,1
-0.8982301934271294,0.43746566933585684,0.042500679622690163,-0.4393756060200224,-0.89119265707988971,-0.11280392192393791,-0.011471549607518866,-0.11999765047455999,0.99270789632710499,-2.8238504105560289,-11.912242527358133,-0.28519654616687157,,0.1077347139503061,0.5,0,4
-0.60923507098882168,0.7927606246753357,0.019058337850357362,-0.79294315876393751,-0.60928368523597032,-0.0038128565072214613,0.0085892518134755968,-0.017435104520699931,0.99981110310079979,-5.7142970456839688,-2.7613290686789669,-0.63417925357776672,0.1131364482390423,0.09379432779626565,0.4630225080385852,1,5
0.99501557269434759,0.098869031573151717,0.012997103197571386,-0.099711606308955938,0.9847920689892754,0.14227500280481922,0.0012671475955764711,-0.14286180543312019,0.98974183446258468,9.7712377542450657,7.7023763660360443,-1.9395098387272418,0.6532956952435582,0.7687078864582266,0.7848101265822784,1,5
0.4929173401443887,-0.86564607142881178,-0.087689080305624598,0.86995771584342263,0.48867806866808944,0.066085685646144351,-0.014355083750230648,-0.10886057239740728,0.9939533728238128,5.1909658852960501,-10.848007392831946,-0.71178269146569551,,0.1152143976335076,0.3043478260869565,0,5
0.19392473711340322,-0.97664787488623894,-0.092477699018151463,0.98086327348793623,0.19136548180388122,0.035867688753233956,-0.017333062569204125,-0.097663610695912381,0.99506853235734993,7.7277683983151482,3.4956717743554151,-1.7357957635053467,,0.09996554862883793,0.3529411764705883,0,5
-0.25315966252048627,-0.96310930808406281,-0.091272372349747055,0.96742187617477937,-0.25224996612369105,-0.021560799824349625,-0.0022580458326842594,-0.093757214508719489,0.99559253008275594,-6.3647756251261134,18.644021945086958,-1.4975975918393436,,0.5064870530491044,0.4634146341463415,0,5
-0.9451750026434349,0.32545054195166834,0.026947339782431266,-0.3264157126180311,-0.93903449299203423,-0.1080139043237348,-0.0098487021503956829,-0.11088807742295617,0.99378409996910022,-10.78340072153663,-10.205210873251085,-0.15537977769132405,,0.3230789524490186,0.3404255319148936,0,3
-0.53513113349316221,-0.844253649229873,-0.029503317243421093,0.84445620800946719,-0.53555696898068372,0.0085115057712504185,-0.022986576965581429,-0.020359487671976886,0.99952844308760924,12.620672715078337,-2.5103339548200458,-1.7281965477675156,0.1577425944706624,0.1403807763963809,0.5283018867924528,1,5
-0.26893766734523422,0.95365416920732193,0.13496761328702986,-0.96290309420220355,-0.26943482225573001,-0.014916693059962932,0.022139608368851402,-0.13397239308721876,0.99073772292759599,-2.2712652116754461,-9.4800111584965361,-0.43151350190611792,0.5763889953066195,0.6837282206732805,0.6904761904761905,1,5
-0.57496827499982794,-0.81051569341038321,-0.11169509156273774,0.81778232229910186,-0.57354425009844656,-0.04773956968907829,-0.025368407100371134,-0.11879100940094989,0.9925951541321838,-16.643699860230782,-6.4970666561637787,-0.1955693940198365,,0.3081289363587432,0.5161290322580645,0,2
0.83103970799212989,-0.55331856151536507,-0.056670743977136208,0.55620896629173211,0.82710127849224269,0.080839723732703095,0.0021423251475171236,-0.098701796331496422,0.99511475008860051,15.515008222150346,20.816745574196094,-2.0591128792848652,0.2934384507649035,0.2341133497026482,0.5,1,4
0.99859894557813522,0.04966411411434539,-0.018265313013294985,-0.045094014799719619,0.97929296161674206,0.19736216749203048,0.027688909683825199,-0.19626199605921413,0.98016047317945543,-11.875184556312949,5.7512660110124409,-0.72232809295315092,,0.2663761707913096,0.1125,0,3
0.46583318224484876,-0.87453177558235773,-0.13488372702593512,0.88473678577008374,0.45764852420278013,0.088309955272542942,-0.015500523373705713,-0.16047430259012405,0.98691830056157903,9.3789292781652271,-5.3793953853834875,-1.4420735607735662,0.2186203023635385,0.1179585893004942,0.3157894736842105,1,5
-0.81946368754922749,0.55158269575107588,0.15567849734693134,-0.57311601295173009,-0.79060425715966931,-0.21559903584969878,0.0041593853553945721,-0.26589742065124211,0.96399235536620431,-15.264583778527241,-3.7937701376440138,-0.26434172666343497,,0.2791772228792644,0.1612903225806452,0,1
0.09710002783875675,-0.99352331833476082,-0.059016951114061265,0.99520170470728908,0.096204269195926229,0.01784111925256417,-0.012047885350513762,-0.060466143531439066,0.99809753729032802,6.6070923534021349,5.4398450286740809,-1.7275017150574707,0.1795242371956917,0.1159706436054698,0.4615384615384616,1,5
0.954091626916308,0.29797858334215227,0.03029738136534731,-0.29891940341650924,0.94093518476032134,0.15902254035569352,0.018877439161902813,-0.16077854940714001,0.98680996161430445,12.264334524381223,-10.870308294272331,-1.1299889874142481,0.2709045227359219,0.2359574056205881,0.7083333333333334,1,5
-0.99258183577709758,-0.11762852723849712,-0.030738068661983194,0.11934278821601098,-0.99093723194438588,-0.061649827633385862,-0.023207718246199733,-0.06486086590618409,0.99762441323761974,-12.103023680617373,-9.5298307051073543,-0.16352218939964916,,0.2264034640029184,0.5,0,5
-0.82897166046865112,0.55380533132316501,0.078138602098365303,-0.55928555733390151,-0.82142789673504002,-0.11160589510933143,0.0023772878568347048,-0.13621991581074883,0.99067577089528047,-14.423428329232747,-6.1545331110489601,-0.21430746709668688,0.7334724047100402,0.5139089961898896,0.2571428571428571,1,3
-0.83785849066100127,-0.53697345566362575,-0.098247939112906038,0.54468507028626456,-0.8343004519054058,-0.085211091752671442,-0.036212205601370034,-0.12490902234466331,0.99150714183125532,10.441202493232433,1.096424099561043,-1.8721068043463096,0.4880752058682862,0.4181266801242844,0.5454545454545454,1,5
-0.878965785983153,-0.47608463553493358,-0.027614613496993391,0.47654738680475883,-0.87904799720453963,-0.013311902202295263,-0.017936978579853061,-0.024860378481786957,0.9995300027418732,6.6897692697751205,2.1798553116999924,-1.6356529926220342,,0.08047615143481174,0.1836734693877551,0,1
-0.74980822267345992,0.65680564959602905,0.07996229029991235,-0.66165419945106452,-0.74452357914437362,-0.088872720487355991,0.0011617056596080265,-0.11954488176744164,0.99282811789512215,14.533908404134161,5.774903753160384,-2.0316117667772309,,0.261232817227575,0.2222222222222222,0,4
0.39939125653896307,0.91559023610181278,0.046702716786669846,-0.91650401229651091,0.39750117195292922,0.044868850447114028,0.022517096718403042,-0.060723453879662187,0.99790061754881176,-25.470769429650016,12.090324164324691,-0.68115613718233337,,0.1198449393969855,0.3684210526315789,0,1
0.50398754239426169,-0.85994537129792004,-0.080563735605251485,0.86362549796575949,0.50042881855464205,0.061008170136441463,-0.012147278492904314,-0.10032425401310334,0.99488063991713527,3.9943454950185,-22.932271365532319,-0.032474492659458495,0.4608958880634308,0.3752715572058652,0.6428571428571429,1,5
-0.94861858585516623,0.31180200705146988,0.053872877859085809,-0.31641483392460995,-0.9358805430675835,-0.15494922387668159,0.0021050991915579397,-0.16403389133407678,0.98645245757268718,11.167415310160418,0.85276915894252425,-1.8444902833617172,,0.09220711947608259,0.2857142857142857,0,2
-0.9998812248902188,0.0075074433319517403,0.013460104258629936,-0.0089447197682317563,-0.99387850991640847,-0.11011584588335448,0.012551019890967418,-0.11022316372231573,0.9938276138640646,14.804706872621688,7.8381375139183742,-2.0361536165229865,,0.1212664132082301,0.3125,0,4
0.28338545565899387,-0.95540221970953654,-0.083061917236678981,0.9588475874792094,0.28069919187932224,0.042652874036727254,-0.017435237487397556,-0.091730923097851136,0.99563118183460519,-6.7564422886583335,-3.392756473299773,-0.51541608427740182,,0.06707246449401238,0.154320987654321,0,4
0.2546089741955016,-0.93760735418750663,-0.23678412031345986,0.96685997193311479,0.24203393686801919,0.081248803546049644,-0.018869682896414709,-0.24962376244595053,0.96815903254047975,8.0226596353237447,13.57577018111915,-2.0571490208746464,,0.1401989142852705,0.2142857142857143,0,5
-0.38769313778584441,-0.89024001350284943,-0.23909569061823832,0.92147997220416733,-0.38100929414361889,-0.075541899650374694,-0.023847258550455615,-0.24960896645478761,0.96805303166975309,-2.7568112638128706,14.040505243141416,-1.5272735020698918,0.1376531420746809,0.2561253993284091,0.2142857142857143,1,3
0.30791005063331239,-0.9464822155787308,-0.096761646907063834,0.95126265862862802,0.30444153647063926,0.049139649675077716,-0.017051540041414251,-0.10717633350965465,0.99409379764569639,13.473195294313758,10.08329007314466,-2.0808098521713516,0.3719142454725679,0.2740589258155318,0.4375,1,5
-0.24315273423601289,0.96685927308230024,0.077845320272420443,-0.96983020330848779,-0.24377660303703111,-0.0015311963757556495,0.017496416323531029,-0.075869057371833207,0.99696427295532608,-7.8624375856316853,-8.3623841368957876,-0.24134748322564095,,0.06835146928079291,0.2083333333333333,0,3
0.99633621969548902,0.085120682588731039,-0.0082829172716956476,-0.083278249320882208,0.98766994726647661,0.1325624700157742,0.019464596398339137,-0.13138700339935661,0.99114004299331293,11.604340617479425,-16.856123372077302,-0.73000385508805155,0.4510387584903391,0.4361726527910836,0.7045454545454546,1,6
0.49627273892446949,0.86739188907035691,0.03666987013016481,-0.86787718147120285,0.49457382747771372,0.046753898828280877,0.02241799460268059,-0.055027628960390998,0.99823313588008677,-22.886896529206169,10.668137655209808,-0.57932434639806152,,0.08517474700148608,0.1428571428571428,0,1
-0.9971093438915587,0.075865808023399706,-0.0041635918510353987,-0.075619329597850463,-0.99621821740660732,-0.042789955578063907,-0.0073941406070623652,-0.042351416507097894,0.99907541467324934,1.171577729482711,-4.4219802132363277,-0.92866897315337449,0.167525666676703,0.1131698245867604,0.4868421052631579,1,4
-0.94429578574443496,-0.3265311090836191,-0.041023210819268061,0.32894136807626545,-0.94032975166683697,-0.087049035022216295,-0.010151127691795558,-0.095694268014369699,0.99535901145053152,5.6368972533041291,-13.94223863944246,-0.61304871198173649,,0.2400000945477516,0.6086956521739131,0,5
-0.58568881715270515,0.80192719289820991,0.1178192970300783,-0.81045861663769181,-0.58142140076240789,-0.071456178551593558,0.01120000803495767,-0.137338749178358,0.99046081588023482,-13.568753722060563,-8.5936724741311465,-0.17183277111775708,,0.079308429005369,0.2258064516129032,0,1
0.36085919987242193,-0.9266691105140521,-0.10519029178841099,0.93257569960788156,0.35743620257616499,0.050417512719298528,-0.0091215332211948864,-0.1162915332559783,0.99317323610972752,16.7372446083948,8.8829198146154358,-1.9484267648863176,,0.16108657350033,0.625,0,5
-0.46394309324318167,-0.8643378703805743,-0.1941052602530996,0.8854552616248289,-0.45912314184311787,-0.071936918790081988,-0.026940413746919332,-0.20524616062201789,0.97833952575630279,-9.279244734940864,-14.114048911608096,-0.071113075987827401,,0.4385814016773741,0.1935483870967742,0,2
-0.92271584574207055,0.38053457435178278,0.061554087917877622,-0.38546889167449422,-0.9095913640203247,-0.15510410713736963,-0.003033408599482972,-0.1668442034430655,0.98597860535090565,-8.247054877384727,-13.789072600570382,-0.088360224534484735,,0.4857035036086795,0.2638888888888889,0,5
-0.73649980470413534,0.67602667907015912,0.023578949428296376,-0.67640929623014234,-0.73634100816724901,-0.01650404994787999,0.0062049693160829995,-0.028104250152081001,0.99958573893347213,-8.1359472089536062,-9.3428302177381912,-0.21418118476766676,,0.08648426436615846,0.2452830188679245,0,5
0.85968170968228275,0.50519389001143333,0.075673585436811394,-0.50885591885545067,0.83389974454102189,0.21372147739568009,0.044866600980254037,-0.22223939693387681,0.97395925919257265,11.798587847718609,-15.521258699283713,-0.81621345066828599,0.1965131026332707,0.2291797958857152,0.6923076923076923,1,5
0.66260205640812053,-0.74625847089979214,-0.063693087961209205,0.74873259191076869,0.6578426486961535,0.081501873395715158,-0.018921433727715896,-0.10169239974911189,0.99463593097120462,9.1464720527178489,9.6560660572871058,-1.9698670080810095,,0.1192048431871069,0.4705882352941176,0,6
0.59719804207984462,-0.79645019409976403,-0.094982034377280311,0.80152501672864518,0.59703441731450035,0.033279905349598411,0.03020175647447601,-0.096005171008553145,0.99492254022384763,-11.526081792871322,8.4455983227119074,-0.83662937215347344,,0.1756355231750556,0.25,0,4
0.89309490092133559,0.44917492611712889,0.024967652993044095,-0.44965822229126218,0.88960597026557064,0.080054361490886558,0.013747038741891838,-0.082723052503661479,0.99647775464899624,20.943719786293332,-7.3776597099302652,-1.2767836350638111,0.2741835596904801,0.2371024572081043,0.5641025641025641,1,5
-0.36853315173743489,-0.92824407457784097,-0.050460420941562979,0.92935017535625242,-0.36917975057200814,0.0038161935081246021,-0.02217132462832385,-0.045489007229402807,0.99871877051826174,-11.465890438550694,-4.0724779744000319,-0.30485908833419323,0.3455698971879169,0.2750831720758319,0.9,1,2
-0.81972382036008751,-0.56764994731140528,-0.076330830282532888,0.57257705325232799,-0.81551255205662565,-0.084230609204545864,-0.014435249327341531,-0.11275111864388423,0.99351839883386639,-17.674728465477056,11.715802332145364,-0.74904899327008645,,0.1946070188678279,0.2105263157894737,0,3
0.56951429414174981,0.82193611002912292,0.0086313265735049154,-0.82171884037808951,0.56903556855467718,0.031251705350961091,0.020775373303809824,-0.024890816576583593,0.99947427736497496,0.38866235695777246,7.6775090614393626,-1.4401213897437741,0.2094216828939459,0.1716910085318958,0.5142857142857142,1,5
-0.95193762277367555,0.30557250892769455,0.020981042291493706,-0.30627520218172472,-0.94893321756557103,-0.075638939238961797,-0.0032035724663325611,-0.078429524978070361,0.99691451325335168,-1.2040076667812019,-3.0210477131298381,-0.85931437355251616,,0.08061642441888967,0.2816901408450704,0,3
-0.99171670219511487,0.12733958356896724,-0.016811098825785017,-0.12358841826957799,-0.98166295937845249,-0.14513351457869472,-0.034984074332075343,-0.14185367334271726,0.98926925045829051,-4.2684902407383909,13.954277477079486,-1.4406997817053839,0.4453503259231198,0.5635558549398817,0.26,1,5
0.13249971594305518,-0.97550114863972393,-0.17561701021709092,0.9908627230271887,0.12585714512311205,0.048487556513039876,-0.02519701153222445,-0.1804369364183509,0.98326376043552333,9.3058217073919902,-6.6402671586919508,-1.2884983218836312,0.484123415469347,0.148972221589931,0.3269230769230769,1,4
0.41687061623673594,-0.90311720313118327,-0.10294759213752046,0.90884713487267199,0.41230392778815911,0.063264180735949499,-0.014689273370003286,-0.11993660216533342,0.99267287497387369,-0.19381173413178462,-12.105615995102596,-0.39655766428675904,0.1825538887504633,0.174285834999539,0.3888888888888889,1,5
-0.99911046117554836,0.038822624163468995,-0.016464817722776567,-0.035844267078626021,-0.98751528292873114,-0.1533908553329798,-0.022214294658583038,-0.1526642388879893,0.98802841825403576,-11.258477437347549,-5.4233669011499996,-0.27497460116776629,0.4017025940067858,0.4010406675797135,0.6346153846153846,1,3
0.41620861676070592,0.90828195610520301,0.042358889832548943,-0.90863691441453354,0.41373071339517631,0.05662026630769177,0.03390199252809966,-0.062054693676019637,0.99749680194745516,-7.2468059848862802,-4.4207656777145043,-0.42612132019955562,,0.0677671267733064,0.2949640287769784,0,4
-0.4169608186776384,0.90815726496425464,0.037337083179041906,-0.90890814742852999,-0.41635528366492536,-0.023114006626656046,-0.0054456611821987085,-0.043573614228618766,0.99903537721010904,1.2506017943802128,-16.672222088831134,-0.23693981095814695,0.2019015062240808,0.1107392295179614,0.5,1,6
-0.80116883492398083,-0.59228918123017582,-0.085568824604749918,0.59831461197402969,-0.79568045398372866,-0.094404662208032702,-0.012170581124854446,-0.1268311513230663,0.99184965393407709,13.724087209330005,8.4506160097657865,-2.0586810676895655,0.2498233743266653,0.2604790314078927,0.3157894736842105,1,5
-0.99898491707525405,0.01095630730785636,-0.043693189244143685,-0.0037111571278800851,-0.98669044116016136,-0.16256752638807775,-0.044892791948384393,-0.16224035457721983,0.98572952911929024,12.659807384969168,1.3950944184389245,-1.9393026580481623,,0.2425766407953911,0.1428571428571428,0,3
-0.7110632419641455,0.70307017176651077,0.0090221671258264944,-0.70309278733721092,-0.71109755812179476,0.00089175535321222015,0.0070426076014985777,-0.0057093261798255536,0.99995890179183977,-8.4188680200361485,-5.4846341459148835,-0.36599471216290547,0.1031061121710629,0.1073526043939003,0.4830917874396135,1,4
0.78721348552972159,-0.60595660095145398,-0.11450557175747393,0.61626526299995998,0.76618963859475608,0.18212787631119357,-0.022628606226092821,-0.21393932661714135,0.9765848200268461,-16.175574449533539,3.1144137897390354,-0.46296646223072296,0.5469345935929343,0.383413828699505,0.2396088019559902,1,3
-0.84172545879071581,-0.53661349628951605,-0.059533248050974229,0.53957279687514526,-0.83994880941166583,-0.05785494309267223,-0.01895913753023536,-0.080820499675916327,0.99654834199663556,6.5922880800779362,1.132993168279542,-1.6140266968567094,,0.07586416641831667,0.2153846153846154,1,3
-0.93883114400131484,-0.34056770070887438,-0.051085460622885125,0.34401645047636131,-0.93426380736878845,-0.093828673881812152,-0.015772281218233389,-0.10566352007502296,0.99427685061582705,-13.071584886972591,-10.84116184401034,-0.099771354032534676,,0.1740683104261626,0.2727272727272727,0,1
-0.73898516989568264,0.6388911920050182,0.21381993230907034,-0.67171061122027631,-0.7231925494493654,-0.16061566298156948,0.052017049592716129,-0.26231771041874663,0.96357856210707338,-11.56702085304901,10.746161755791784,-0.92179777504226057,,0.3813584491163047,0.7407407407407407,0,3
-0.9934220334055458,-0.11309133149685413,-0.017972598161066698,0.11373740281249374,-0.9562782092104628,-0.2694360588167401,0.013284078660525663,-0.26970787405913454,0.96285055742033143,15.704294794567742,15.229057419501656,-2.0067542003910637,,0.5258714910325275,0.1111111111111111,0,2
-0.99277913343440172,0.119788412674107,0.0063504650425868321,-0.11991920918864249,-0.99239990108032239,-0.027601079749480551,0.002995911348795502,-0.028163318781430247,0.99959884553275002,-0.32776771316725173,-7.0228320197796696,-0.70858203035604383,,0.0729349571351289,0.1612903225806452,0,5
-0.78770832662505319,0.61601974814700033,0.0059381864624821305,-0.61601414664277765,-0.78772957549245404,0.0029473768755937679,0.0064933274618836547,-0.001336333559684284,0.99997802521409873,2.7983159084951543,-3.556450926844585,-1.2169060295823333,,0.0684594165717857,0.35,0,5
-0.043699597623146909,-0.99824385415687666,-0.039994409679334493,0.99886115567902123,-0.044423917387449156,0.017404230506465342,-0.019150374490963219,-0.039188304402927268,0.99904831712729425,-3.3082002350775297,-15.904281333661094,-0.10021137089589953,0.5366127674225971,0.4171828907040712,0.9278350515463918,1,3
0.99011157199530053,0.14016552967249377,-0.0057183295307948918,-0.13966760194882594,0.98876623002348618,0.053238175504092267,0.013116248200524322,-0.051913068265799257,0.99856546974966609,5.6985183555859855,9.8487474221459834,-1.8082118126605962,,0.07201305640568612,0.3333333333333333,0,5
-0.97918425261455111,0.20119632429572171,0.026799972417395013,-0.20297321691777676,-0.97043511620972533,-0.13060458813175321,-0.00026952872097320383,-0.13332563263268848,0.99107224915107062,-20.429201543514509,7.4829743197895295,-0.54343370835275462,,0.2231446388618161,0.2368421052631579,0,3
-0.66807927043152848,-0.70928250074595678,-0.22491870210198425,0.74379992620671131,-0.64502002209833087,-0.17524508799724303,-0.020778791942019974,-0.28437212456187205,0.95848877749173467,-10.060660342274446,2.1379082173719937,-0.61472066610241827,,0.2579366078417858,0.2140575079872205,0,3
-0.99979042570356924,-0.017898675564200692,-0.009936905178398325,0.018056250273260077,-0.99970892759293761,-0.016000997376687379,-0.0096476161587403433,-0.01617706722576279,0.99982259726334854,-15.776039996766153,-2.3229415598355647,-0.30715731666892421,,0.06831943444234692,0.1363636363636364,0,1
0.30283642064546562,0.95278025185205373,0.02235830967177645,-0.95263949052510943,0.30194281377691334,0.036173723896482969,0.027714678830925953,-0.032254129800952012,0.99909537467054732,-0.3173885880588545,9.7686630504956948,-1.4608343430407085,,0.09184259239183021,0.3414634146341464,1,7
-0.79310397204435135,0.58895706147853788,0.15529220605696781,-0.60907204235788726,-0.7686182973882828,-0.1955943765498642,0.0041637417626422552,-0.24971081805661488,0.96831150494044604,15.178290218807923,17.953639765996915,-2.0540821015561184,,0.3801697652055412,0.3076923076923077,0,5
0.6134617627218516,0.76772629009401949,0.18509729651367421,-0.7894074986758427,0.58949465664687173,0.17126543965183053,0.022371113350628431,-0.25118199235466537,0.96768132151250752,4.3787603560803756,5.6755332153419005,-1.583804587271604,,0.0968188357615557,0.6111111111111112,0,5
0.99245931769275797,0.12256805372366743,0.0012549626358704128,-0.1206351133580385,0.97489144331276256,0.18717329718913281,0.021718014410126309,-0.18591327537846883,0.9823261077097214,9.0834109311397278,8.6658144130029076,-1.9266502220867163,,0.08795232308708986,0.6,0,5
-0.098543615922750114,0.99491248968044554,0.020935463661639044,-0.99504908012728921,-0.098786300634073218,0.010890130617704672,0.012902863972998186,-0.019758661009612544,0.99972151693179179,-9.3942055520527319,-12.395185524985004,-0.11011842957246062,,0.09236369640965975,0.4418604651162791,0,4
-0.47920435636704445,0.84319865189380772,0.24367851420121617,-0.87716438582167233,-0.46981102167865191,-0.099298762103811042,0.030754269377351887,-0.26133051362924842,0.96475931587175601,-11.692770772449018,-18.951806658036741,0.13260088021661215,,0.6108687491551187,0.4358974358974359,0,3
0.83807148965946687,0.54192075686716101,0.062913206057915366,-0.54334853347820555,0.81873148278775554,0.18561015667049618,0.049076974102378976,-0.18973837874475022,0.98060736191620979,21.19884186635543,-1.5886690729113575,-1.7102740385758533,,0.4900651654593497,0.4074074074074074,0,2
0.039917676751316043,-0.9915812783746274,-0.12317933048900218,0.99902847828502883,0.037302484949713062,0.023465382845316046,-0.018672939197626796,-0.12399634266186169,0.99210696416677036,-15.77824720071947,8.8268671743123477,-0.72623870303835647,,0.3239733912470318,0.7878787878787878,0,4
-0.88370096815185595,0.45158419796869609,0.12306222423003597,-0.46805042249696266,-0.85194164567998576,-0.23478550712617174,-0.0011835910986695705,-0.26507950599970653,0.96422583174848864,17.083104090470542,-10.662720200461424,-1.1972087342803932,,0.5518096114290869,0.2058823529411765,0,2
-0.52975808187268814,0.8409964506779164,0.10991517018918806,-0.84805278364098646,-0.52718111325682626,-0.053726622675058053,0.012761302807514183,-0.12167597861715004,0.99248783638804094,-9.8660220593086958,-8.2363028648895984,-0.23022070936326738,,0.07443900241779598,0.28,0,2
0.17553808341721544,0.98382152181539839,0.035799364282689386,-0.98365698200075102,0.17379668568380172,0.047049482531690542,0.040066482643036319,-0.043473270617240434,0.99825084608551962,-6.791701281029372,-2.277651549211273,-0.61977332767180704,,0.08705817247380337,0.3278688524590164,0,4
-0.082892640161598613,-0.96917210642211871,-0.23202206433947836,0.99650648734422909,-0.082988774529846016,-0.0093639726024669478,-0.010179925731806505,-0.23198769673270969,0.97266545002726779,8.3157795361180469,5.7878539477035966,-1.866886507938009,,0.2694300726898422,0.3181818181818182,0,4
