axis_00,axis_01,axis_02,axis_10,axis_11,axis_12,axis_20,axis_21,axis_22,location_x,location_y,location_z,dbh,dbh_approximation,score,reconstructed,number_clusters
-0.74407191261936567,-0.66542118502828806,-0.059763160613438407,0.66796755212819603,-0.74272056384153928,-0.046749474336849957,-0.013279237735089216,-0.074704822886172514,0.99711727057689692,-6.8825093480608777,-9.3033449704775659,-0.9589430691298666,,0.1289764778927434,0.40625,0,1
-0.99381176995377252,-0.11042646699435837,0.012006718473176536,0.11037137854119033,-0.99387702184694249,-0.0051598685613227207,0.012502987653657488,-0.0038027400380164804,0.99991460358769457,3.0340716648161976,14.865685066177756,-2.0392674469305039,,0.1295126429831824,0.375,0,1
0.65024882244815918,-0.75809308304370349,-0.049712637689762092,0.75742067009452418,0.64180173958468978,0.12001856347926754,-0.059079585461841673,-0.11569530892545939,0.9915261963631109,-27.343570937412071,-0.076455660374272108,-1.9981189930045553,,0.1045676332894405,0.2142857142857143,0,3
-0.99957270524347086,-0.024632580866519645,0.015736673476400453,0.024519190411977296,-0.99967227885064414,-0.0073582741930942313,0.015912769519781145,-0.0069692795476954412,0.99984909506824871,-3.7845799965197942,-14.807935091102031,-0.5112515387578852,,0.07887309355396857,0.2790697674418605,0,5
0.99969490854783838,-0.014379213169061014,0.020083028959005451,0.012308568170785609,0.99494427874728519,0.099671366688885224,-0.021414690591149643,-0.099393764475865384,0.99481771727799573,-4.5883667726650108,-13.332695726136283,-0.63574736714660041,,0.1197431194285824,0.2553191489361702,1,5
0.49503420724450908,-0.86491479969568008,-0.082846381485143325,0.8680607825355442,0.48819480896388845,0.090201476287760429,-0.037571418413193995,-0.11656851104862757,0.99247174808672844,-11.733751030917002,12.182112641837353,-2.493851463211946,,0.1559521975916276,0.2,0,4
0.39313827671211549,0.91837657581067245,0.045019555596350236,-0.91892952458366794,0.39073896094775551,0.05377353666910098,0.031793462099350987,-0.06251023435992821,0.99753779194976089,-2.2912735616164253,-4.7188771811544337,-1.0801866984185573,0.2128480235750542,0.1818507480161315,0.7261698440207972,1,5
0.98935811401058593,-0.14549483005576661,-0.0013329172744931403,0.14414164021718021,0.97882494935039011,0.14534409545869997,-0.01984212178467866,-0.14398948904781317,0.98938026928316691,1.8902068775705856,-6.1639772653925311,-0.8893352187638639,,0.1552885673197541,0.4476744186046512,0,5
0.81200070035796112,-0.57887657941437753,-0.074543734972761705,0.58253708792897296,0.79590001324116832,0.16490515489195409,-0.036130372339785347,-0.17732759155928668,0.98348844500907606,-3.545074083170876,-6.1486439600067353,-0.98003211171657112,0.1451584081882817,0.1167624448587063,0.390625,1,5
-0.15675631552644917,-0.98710059110317372,-0.032555807259818118,0.98704028543578681,-0.15772240314925318,0.029582401384373038,-0.034335586050248376,-0.027496665044884475,0.99903203198996415,-3.0435164683786669,9.022237486531191,-2.0670554015215736,0.1787040886599462,0.1220874155334356,0.7363636363636363,1,5
-0.90389423574227756,0.40602711184534146,0.13460013015749833,-0.42675829463176557,-0.87745672245643047,-0.21896816704490971,0.029198776598894454,-0.25536578600617355,0.96640351136705749,2.1861377622086771,-2.3697528211144632,-1.0811312109730569,,0.5609725820552387,0.3451612903225806,0,4
-0.3897229392267807,-0.91918911109795021,-0.05663398872937158,0.91983783694598642,-0.39152013715967005,0.024704977656374544,-0.044881893486880445,-0.042465989184674306,0.99808930231698156,-2.3829855153841026,-11.413761482312351,-0.731538929520827,,0.1918766009348672,0.2826086956521739,0,5
0.99976979666692822,0.0043268910780156419,0.021015034764870526,-0.0064131096471269451,0.99494223725929132,0.10024378555367325,-0.020475001763703357,-0.10035548082230433,0.99474094706697436,-11.955783344780491,9.3378883002508637,-2.336491216298421,0.6586846433649517,0.2722687621242716,0.7204301075268817,1,4
0.51320857119504915,0.80156379047603576,0.30677752891896676,-0.85791352369987783,0.46889560396347607,0.21005070444201748,0.024522404139823345,-0.370988412732013,0.92831365890726103,13.948733090445705,-1.0100718764943817,-0.9865816213101597,,0.3765275540856305,0.1578947368421053,0,1
-0.84047178557425406,0.54058877953972462,0.037026329677352643,-0.54071734527166304,-0.84117255805595881,0.0073130086804027699,0.035098862887424337,-0.013874401224753377,0.9992875316017229,-5.0828242647761037,-26.007040893108158,0.024248615043309534,,0.09915360730235989,0.3,0,1
-0.094741031634518524,-0.96489987454027937,-0.24493339714497872,0.99479858295496648,-0.10101107491374338,0.013135527989409609,-0.037415455036890817,-0.24241492292539013,0.9694509213299346,-8.5879222501434711,-0.31785658890959445,-1.6920399623347722,,0.3167978891828638,0.3163461538461538,0,3
0.014907551674909751,0.97986598412311676,0.19909901572206753,-0.99919034887052982,0.0071571166782899683,0.039590685834456879,0.037368591451233689,-0.19952801517403404,0.97917932960906695,6.6515331932027912,-9.9061773729482123,-0.66376451487869381,,0.1809541579462807,0.2307692307692308,0,5
0.74479267935504878,0.6585184991552876,0.10787609118518125,-0.66716465179647999,0.73164466342619594,0.13995504232877226,0.01323601799664228,-0.1762086057780225,0.98426385439949815,2.3174059997602257,-13.726738544702487,-0.5474833051364939,,0.3479852632655401,0.35,0,1
0.94263721240427778,0.32990181383987582,0.050989008774966781,-0.33376499456931691,0.92867954473775538,0.16172579134393106,0.0060011824532865835,-0.16946709536319057,0.9855175743731448,-5.3669517400795597,4.75486592677691,-1.8571804102300626,,0.240743596294569,0.8622448979591837,0,5
-0.90072671518198766,0.41974645187008841,0.11182263053576932,-0.43240651915030881,-0.89095262731957592,-0.13866512924545954,0.041424470470741014,-0.17325222080775149,0.98400593556716021,-18.491899807955839,20.927392162335096,-2.9374392116991279,,0.2748691115354861,0.2647058823529412,0,2
0.46025869401357272,0.85974445098178143,0.22136262916525681,-0.88762402396082085,0.44089499964078027,0.13317353858539704,0.016897534510105176,-0.25778106660069328,0.9660555858902159,-9.1800611687688889,13.334670455134559,-2.4299570248567264,0.6174052077126775,0.1731942553401468,0.125,1,4
-0.039038977750029992,-0.99538826729374263,-0.087625085165122768,0.99844611261411964,-0.042347578621922066,0.036222131226839135,-0.039765794622852596,-0.086074850675574646,0.99549475220072969,-12.635199913086065,6.8843030535636176,-2.2679464030130347,,0.07769505409218191,0.2903225806451613,0,5
0.063595933259969192,0.97678021970834605,0.20458729105032117,-0.99727090860155299,0.054497996240284299,0.049806658820157661,0.037500561726821882,-0.20719645458431288,0.97758034814426598,-21.341330189318167,5.7597170525400587,-2.3599358456683559,,0.07978578265183922,0.3333333333333333,0,1
0.99883975665405877,-0.037359525506011862,0.03038760242644456,0.031586819218791327,0.98455730404579656,0.17218939543918979,-0.036351250032170906,-0.17102976613455306,0.98459504656333718,-1.1262378228239831,-20.101783352683139,-0.21823664792413769,,0.5362818719727107,0.5306122448979592,0,3
-0.22999100558628813,0.93118505760196046,0.28284010650584979,-0.97230794462366998,-0.23225376580652768,-0.025989403424860922,0.04148973573188329,-0.28098501164211431,0.9588149065702819,-20.000417176672833,5.7834210340233865,-2.3249959001840779,,0.5763859483645269,0.12,0,1
-0.39767177718614766,-0.90605886673794811,-0.14461842080162401,0.91591094390997441,-0.40136188839326664,-0.0039720739331230246,-0.054445389662947118,-0.1340371760032851,0.98947952732409461,8.4104535743499227,-2.652762165854798,-0.99412508275437927,,0.3067014332170405,0.2162162162162162,0,3
0.7643989040110486,-0.6447009723482432,-0.0074142969955157427,0.64356374926990956,0.76225425625916565,0.069239796652241323,-0.038987384784893206,-0.057698397447555873,0.99757249298465478,5.7693048549529058,2.032448558875299,-1.2803902033798737,0.4170179142337601,0.3804004997553515,0.968503937007874,1,5
-0.40949907562996812,0.9070204201199632,0.098104355375321958,-0.91121686018232773,-0.41190034029393896,0.0046843767139695342,0.04465804269851744,-0.08747609474103904,0.99516510794500568,0.091684972375932455,12.404385365224055,-2.1003593416308091,,0.0929877976195644,0.2608695652173913,0,5
-0.01884183039926662,0.99910570079885641,0.037852134133135297,-0.99908727018043708,-0.020266073990465431,0.03760203197191421,0.038335518655799469,-0.037109094252495235,0.9985756371618284,-2.3614163847669665,9.4475847773422252,-2.0613569464899091,0.176075847773961,0.1687892931762737,0.7126436781609196,1,5
-0.1844273200052349,-0.98266936504429359,-0.018640886221759218,0.98222705462720272,-0.18495107302229546,0.031986149287977279,-0.034879460919829491,-0.012410462978770354,0.99931446682943392,-1.3703738277857556,-23.096589116290328,-0.048744485100694408,,0.0710980941068235,0.1333333333333333,0,1
-0.76885829002849204,0.60529497434097312,0.20609445381189445,-0.63830891670507806,-0.74554840273332246,-0.1916228223270417,0.037665059528062823,-0.278882723056398,0.95958624941763071,-3.6208392925571671,-15.904498577884574,-0.41066743784777548,,0.4046221760879097,0.25,0,1
0.95519519852295121,-0.29570432377646566,0.012691950937609045,0.29415764925158511,0.95319856787967416,0.069883957951159939,-0.03276293798609875,-0.06301938663650429,0.99747438403323296,-1.9014591352221677,12.010137015681769,-2.1687759949168814,,0.09942755636206251,0.3793103448275862,1,5
0.70240716979038909,-0.71139599796602815,-0.02323578931247312,0.71037342741012044,0.6986021538382462,0.085584018847924895,-0.044651556038437505,-0.076620915750739246,0.99605997500796295,4.9999450877827991,3.2732596837141616,-1.3910119974363684,0.8384341406477879,0.4464172788181633,0.5,1,3
0.99320901445854959,-0.11592390979744593,0.00987424607504204,0.11439831419765378,0.98853349034719373,0.098562488659377043,-0.021186771981869794,-0.096763555119004238,0.99508187356303501,-8.1507832233611897,-9.7696514812863704,-0.96586104614628054,,0.08081539306589143,0.2307692307692308,0,1
0.52545550296548538,0.84621100254333947,0.088450288738281452,-0.85070716301675942,0.52083726155214272,0.070893369018844202,0.013922542701168245,-0.11249660507527115,0.99355456651925922,-21.676659653048365,6.7615148408091699,-2.4142096726659861,,0.1210039726965712,0.1428571428571428,0,2
-0.43633940378379427,-0.89360274838101561,-0.10527132938980789,0.8973958328222702,-0.44070870648081256,0.021367153887040774,-0.065487738843437532,-0.08514672112244627,0.99421395682381641,-23.229558420406939,1.1958285393831642,-2.1069133955314858,,0.2731684366004261,0.7846153846153846,0,3
-0.38366721393190018,0.92112543715443607,0.065782961173723092,-0.92231848802313798,-0.38577320556143579,0.022530879289721882,0.046131069838529506,-0.052028481602909495,0.99757955146326527,14.783251236231605,-3.1221569651285765,-0.89562783310583327,,0.1204749596798637,0.25,0,5
0.53996654749618278,0.83139668015127333,0.13120856610181111,-0.84152061922748411,0.53016567183003016,0.1037661208102338,0.016708530756582698,-0.16644494779492025,0.98590917652362997,-5.4600448343933072,10.382780618443627,-2.2036858906805872,0.5556102702015469,0.3265902398673364,0.8363636363636363,1,3
-0.30867212936951394,-0.95108248231069792,-0.012791731400090158,0.95063398226301787,-0.3089215635140265,0.029368339462870433,-0.031883354861857352,-0.003095066682855651,0.99948680443764848,0.26843635511910274,11.099342710003439,-2.0361295795178034,,0.06949153946610158,0.3076923076923077,0,5
-0.78925970599890305,0.61227238063121336,0.046815044619366544,-0.61291516596071605,-0.79014832970140814,0.0007851149119543231,0.037471533487100687,-0.0280739912777529,0.99890326618339953,-4.3783924473074203,4.0040098417228371,-1.7576678532129948,,0.07402391725378375,0.244047619047619,0,5
-0.5209945058092238,0.84964447916859565,0.081663847171982287,-0.85162950514869218,-0.52386270048427142,0.017177223335584049,0.057375176485974441,-0.060598102772716413,0.99651189609735746,-6.1710076349231242,-16.361200466731191,-0.4167696980720858,0.2294050333069385,0.1846572175676057,0.4583333333333333,1,5
0.68794948070920736,0.71808862137941454,0.10523423320072403,-0.72553518166646436,0.67687219110384811,0.12426880974116945,0.018005892261789749,-0.16184180163260717,0.98665243074152986,-17.547303586358034,5.4754657058219438,-2.2853469631113721,,0.1023623654419224,0.2413793103448276,0,2
-0.32390444592409129,-0.94544988735435687,-0.034791096738144553,0.94560417951493714,-0.32469730649717266,0.020109570790198365,-0.0303091668392956,-0.026385027100927452,0.99919226615821699,-1.8527178676771581,5.8858784690112422,-1.7809844680364779,0.3865092267327005,0.3583778598394695,0.8288973384030418,1,5
0.99505348156618656,-0.099052813098254158,-0.0075570523574831775,0.09754857981656867,0.9598872183267616,0.26287031530525379,-0.018784126244836205,-0.26230720216996578,0.96480157975149661,2.9598172301968981,-4.2306280325628256,-0.97887160752573821,,0.1391492830561102,0.42,0,5
-0.84465056176124531,0.53084648420252156,0.069046641672392786,-0.53440847492272114,-0.84368772643262868,-0.050976486714114505,0.03119311538120521,-0.079956428614370453,0.9963101721231451,-9.0884110833312413,6.6873073792993152,-2.1462557135378715,,0.06978629751964074,0.2926829268292683,0,5
0.3310806789090931,-0.90806663730445436,-0.25651621053585599,0.94262143451956126,0.30588817222425524,0.13378063117503278,-0.043016453100874208,-0.28608986054714713,0.95723674002554626,0.6341817590916109,7.5261602245347481,-1.8244498282153505,,0.4336198236835645,0.1940298507462687,0,3
0.71952243323524179,-0.6912512480768962,-0.066777092654374731,0.69316549509354031,0.70895482243254448,0.13001790707963098,-0.042533098675797035,-0.13983837735676652,0.98926041249777208,-6.0005509483584163,-9.4390160817705322,-0.94853782064088688,0.09725755137019669,0.07704753180340135,0.2361111111111111,1,4
0.086195738350401035,0.98850177865291067,0.12423577701395865,-0.99559102264917931,0.080833136447664544,0.047586969565157552,0.036997436540809212,-0.12778981826446936,0.99111096857886882,-5.4590582822152571,-11.336859208891184,-0.7637457430190614,,0.1614534925903368,0.1475409836065574,0,4
0.5032897870985088,0.82529225926469496,0.25610950197154608,-0.86409171372754889,0.48296045204440718,0.14175581832309345,-0.0067007812772644478,-0.29264635408430684,0.95619726572053998,-26.471017110819421,2.9015484340943041,-2.1569991267995525,,0.4130618621045251,0.456140350877193,0,5
0.93989004990184299,-0.33567425553346775,-0.06268563047113962,0.34144430340493032,0.92637769364924394,0.15887150902987673,0.0047414942617206163,-0.170725401979789,0.98530723906353501,-4.2226281715358196,1.5094598288148928,-1.6460653479580736,0.6120250015373877,0.3329359739747223,0.2032520325203252,1,5
0.44874244482783177,0.89059236952836707,0.073996280634841871,-0.89355738594553824,0.4458879351282618,0.052336863960624223,0.013616762908935095,-0.089605695382073858,0.99588423178749952,-15.731822746188174,4.9306978744937453,-2.2585538016718991,,0.1543838288417789,0.4761904761904762,0,5
-0.70521543152691657,-0.70858332997424822,-0.024101029415982755,0.70830788597307104,-0.70562084415326787,0.01997906316092737,-0.031163019825804248,-0.0029814055468726139,0.9995098685937529,-8.0998584608503084,-7.3962719567780768,-1.141052513993978,0.2169830728208941,0.1345849613089678,0.52,1,2
0.98510142952261293,0.16798152043901407,0.036842670146201101,-0.17081540366146838,0.98057480560122323,0.096411350431853046,-0.019931668883319854,-0.10126825470561367,0.99465947397308052,-11.472986922583381,3.1080321703304712,-1.9968896420444451,,0.07884610274996748,0.3539823008849557,0,5
-0.95248634092214501,-0.3044227759350992,-0.0098256729395096356,0.3044381274473818,-0.95055406461945635,-0.061354680275955822,0.0093379287359446547,-0.061430804385107847,0.99806766271607228,2.0652854225673334,-19.372247916072215,-0.20580206020577027,,0.3631071368947852,0.4444444444444444,1,5
0.56651496139008839,0.82269029968117424,0.047344158369178782,-0.8237948370780106,0.56396937445797446,0.057450944962591143,0.020563679748535731,-0.071548693097639601,0.99722510978776446,-4.2317937458312063,16.674017993909029,-2.4763765339237511,,0.09899046487262557,0.6111111111111112,1,5
0.99624643040831051,0.084820167914221464,0.017279728403579612,-0.085912732183500221,0.99327962568142814,0.077553772667275991,-0.010585478140564592,-0.078747217863011712,0.99683841385220018,19.724909898488377,-0.79864738984346195,-0.95903984394689612,,0.1119396110257999,0.5,0,5
-0.52377403525649613,0.83419258234683458,0.17257895453573036,-0.85183408873327215,-0.51439243924497147,-0.098889350890597236,0.0062805463999518387,-0.19880431083134842,0.98001908182024189,9.8285543264131725,-9.70822045424873,-0.63951371065726803,,0.4370084277298255,0.1428571428571428,0,2
0.69561690881891247,0.71733706163520317,0.039302114062652264,-0.71810252720323686,0.69266714594922085,0.067386833631543991,0.021115790052603965,-0.075098368338689409,0.99695253572239906,-3.6395632006648482,6.4111329370872285,-1.8833207979328028,,0.09605404140279387,0.3618421052631579,0,5
0.75142034831494342,0.65653503671651203,0.065796699779681361,-0.65964345946240999,0.74980200818356402,0.051647409541615348,-0.015426163706938964,-0.082211277131203742,0.99649552903449778,-19.410210494358765,-2.6581971959483521,-1.7301629168372463,,0.1531099981407666,0.6333333333333333,0,3
0.72932653714733164,0.6833243769254056,0.033920467452365578,-0.68409351596551726,0.72763213526906978,0.050670870702107927,0.0099430189890959506,-0.060160382506091258,0.9981392010887572,-15.241010187186694,8.5236842734489056,-2.4042014926706106,,0.1607657080864683,0.3787878787878788,0,2
0.71695207924166537,0.67378173653584106,0.17887953371416868,-0.69691553963565223,0.6864903891855012,0.20746005921691643,0.016983718244241788,-0.27340284758335104,0.96174967442048798,5.6574574540882479,5.2965131434275889,-1.4298324569965091,0.1483419510845891,0.1927038270730959,0.4,1,5
0.19748633884580047,0.97724221592198757,0.077438991400755691,-0.97968777084888792,0.19394089859426661,0.050978421921303509,0.034799678424084414,-0.085933574767567231,0.99569292611188531,6.2080725315037899,12.560684748952349,-1.8617061119244418,0.2033155171806583,0.1508575033836593,0.3846153846153846,1,5
-0.97759184371475305,-0.21020531243123577,-0.011309895139865302,0.21042189825641811,-0.97422587048940279,-0.081280858775788181,0.0060672758758645697,-0.081839354193752781,0.99662706579171034,-0.37243430191805249,-7.7638041924459813,-0.85122164407876122,,0.09568659560510545,0.4,0,4
-0.063864260138617998,0.95806790796785923,0.27933356403954812,-0.99717070282050402,-0.072383362900438591,0.020279009139633399,0.039647770598217211,-0.27724814245962559,0.95997995905606193,-10.612712093360477,11.517116632914691,-2.417901423046438,,0.575082681370676,0.1666666666666667,0,1
0.80086287911943765,0.59688598037693896,0.048433204291927302,-0.59875625872476945,0.79670349044642885,0.082185710122820776,0.010468595246751367,-0.094819168631324668,0.99543946765919555,-11.211196651964991,6.4413157326756139,-2.2117384223237391,0.2044439244507441,0.3240734686610806,0.562962962962963,1,5
-0.91465120330673177,0.39435190930506597,0.088880526084159139,-0.40358107580369118,-0.90339233090566862,-0.14492967851326566,0.023140690194614875,-0.16843060318205921,0.98544185032352094,-22.44013474625541,15.070600252646871,-2.7841146675052078,,0.3423299711468555,0.5,0,5
0.60596617508257267,0.78519417316018802,0.127573920105507,-0.79451354003420593,0.58944320532440642,0.14596212659181473,0.039411030919172869,-0.18980731843682747,0.98103004669057403,-16.581401004893412,7.9029349425100124,-2.4000007822798008,,0.1183996176404458,0.2682926829268293,0,5
0.52625750728481868,0.84973775886012504,0.031603436422962108,-0.84993085678555413,0.52451814699769483,0.049982518482743134,0.025895457326379399,-0.053164411380881758,0.99824995399568217,-2.637212132783191,1.3105346765175891,-1.5364149381131336,0.1611527202499549,0.1463652971251004,0.6594885598923284,1,5
0.99819789147545324,-0.046161363717595758,0.038341856419459579,0.038434388390946518,0.98249820117868603,0.1822637716872435,-0.046084349219366182,-0.18046166678931455,0.98250181657676838,5.2717742588094394,-3.4325239582620375,-1.003192813125463,0.6509108511762232,0.3987821171701229,0.1764705882352941,1,4
-0.92687022871595692,0.37185045058371069,0.051369460973615451,-0.3751250692875161,-0.92258372377260423,-0.090113567357586355,0.013883857967605606,-0.10279355539412674,0.99460581310254204,16.901596540367763,3.8146818649716741,-1.1921218039031745,0.3507308441624446,0.2491058120695413,0.2758620689655172,1,5
-0.68864313526096776,0.67929761204879202,0.25362449905865209,-0.72401683523764682,-0.66329437746675135,-0.18931505780961069,0.039626437518477803,-0.31399892210930064,0.94859602695973322,-9.457103367555618,-20.212344307743241,-0.31875901125261474,,0.3300613104415409,0.1935483870967742,0,1
-0.76871929507959336,0.62510497948465293,0.13533074298112727,-0.63953326861599147,-0.75397678487946929,-0.15005401092994575,0.008236729064306534,-0.20189792590888456,0.97937193333687655,-17.477491407007303,-3.9172127629732754,-1.6591038094974866,,0.3131554591387584,0.2272727272727273,0,2
0.91491538455720445,-0.39499886941930118,-0.083100735604546824,0.40182306319179772,0.87173118787245996,0.28039786371802333,-0.038315336194579649,-0.28993211144670461,0.95627993065020056,-36.175667848779902,16.871977120803543,-2.9084302749505286,,0.2749185292225963,0.2727272727272727,0,2
0.88966598710465639,-0.44901510834599584,-0.082944944789480154,0.45602588436248426,0.86454124548949229,0.21120801982616796,-0.023126266030435771,-0.22572963324408774,0.97391545243669797,12.94037166463192,-5.0559727346037633,-0.79977194745103941,,0.3142906901812401,0.1481481481481481,0,5
-0.57359611351707018,-0.8190392968262149,-0.012732981290045251,0.81885831016127164,-0.57373716319245649,0.017226010905025228,-0.021414164423105755,-0.00054573463595640611,0.99977054154229217,-6.0280344435514133,10.819704076760262,-2.242670428784812,0.2534798742725962,0.245361310377928,0.8531073446327684,1,5
0.98272967935041788,-0.18354291151176885,-0.023545210927226962,0.18352509283459587,0.95044061279491165,0.25096051850856138,-0.023683699539505464,-0.25094748690476265,0.96771092852788754,-24.956022062864545,3.9963716439775006,-2.2205793024765055,,0.2669340185103547,0.1666666666666667,0,1
0.68739613332977945,0.72535470828971738,0.036702902408497683,-0.72608819807794289,0.68516451858513439,0.057840393186144604,0.016807275067502982,-0.066408806900446579,0.99765093387961357,-14.785823599987133,7.531240931771249,-2.3488787895099104,0.2576514457115961,0.2425127946835014,0.7947019867549668,1,5
0.88536447910639537,-0.46489414289821823,0.0017818629555646618,0.46373346150215244,0.88341211990662283,0.067337234018920625,-0.032878805025321284,-0.058791685645320647,0.99772868149567062,-23.607682889475395,-1.9248412927995311,-1.8150683704834254,,0.06540352136735181,0.24,0,1
0.77994712141815381,0.6223706300893852,0.065858079183035378,-0.62566827326779895,0.77289364286243833,0.10571011611441045,0.014889580841248546,-0.12365361145139685,0.99221372937356644,-12.294737854884563,13.214861920293457,-2.5687841993715219,0.5388179171032529,0.211957248545123,0.4545454545454545,1,5
-0.92986451260127478,0.35751662175616744,0.086797772856514688,-0.36666202840715945,-0.91992430725862384,-0.13891805440290492,0.030181867555554621,-0.16100041640566809,0.986492737321497,-2.4347401957588897,-3.4597340974900668,-1.2349409169279737,0.5387268594902447,0.2452141916639466,0.1363636363636364,1,3
0.99090311946115495,-0.13385242348023293,0.01394763673964315,0.13267593122625912,0.98900292695239156,0.065347591790731421,-0.022541187089362157,-0.062902616861872179,0.99776508040546896,3.9429780256412923,4.9536341071236496,-1.4592416973401106,0.3097984856655837,0.2487254468629758,0.6808510638297872,1,5
-0.31808995216982494,-0.93639002361864843,-0.14829870530812755,0.94773066270309958,-0.31819104018534111,-0.023686555640612079,-0.025007464904375276,-0.14808168561047347,0.9886589103860941,-19.188140586187664,0.72040990833115648,-2.0539336230769156,,0.08494287678482565,0.25,0,4
-0.5366215063858929,0.82430484750703281,0.18044078602284686,-0.84344276901609638,-0.53039205179497584,-0.085373103417739293,0.025330895732194197,-0.19800451956741677,0.97987374490404699,-24.078699523888993,4.6668798792568786,-2.2507166409916195,,0.1271954524902112,0.3225806451612903,0,4
-0.55313458764496182,0.81122205330620301,0.18963361563949283,-0.83205669696640105,-0.54928883649383464,-0.077223229255276971,0.041518441495334658,-0.2005007589335224,0.97881339625225861,-31.690407027362685,15.231542648276569,-2.8284796165476176,,0.3976459211972344,0.5,0,1
0.75108752977240079,0.63710874768227943,0.17308947468610245,-0.65999790355156129,0.71806094986079672,0.22088739120319825,0.016440496584266367,-0.28014445543634864,0.95981706286163448,0.016440813251452472,-12.145349466580619,-0.64294759779294486,,0.4357598331008664,0.44,0,4
0.99394098053873325,-0.10968962279827495,0.0070366082790993293,0.10837131075571685,0.98866254376695994,0.10393283195088815,-0.018357184173755418,-0.10254053443695263,0.99455942637259964,-18.996622172573648,14.983750774345697,-2.7615500755814248,0.2130314994878647,0.17245809253162,0.5384615384615384,1,5
0.88485498606516988,0.43867339500267094,0.15683528350610015,-0.46585634230542894,0.83095681142454492,0.30411945988535627,0.0030857688531943845,-0.34216433195759072,0.93963506105647243,-21.258247866771168,20.781316260296872,-2.9529503341915113,,0.2862095411335723,0.2666666666666667,0,1
0.10185384832177236,-0.98224519255756981,-0.15754420103446384,0.99449720542378994,0.096634862038146613,0.040460003004701948,-0.0245173813103579,-0.16079827466863741,0.98668273162008446,12.698190590849544,7.5846942489503402,-1.4247039714462919,0.8112414353914129,0.4136279091919708,0.5142857142857142,1,4
-0.54472659641162002,0.83586716474640299,0.067816060491775257,-0.8376553131102763,-0.54618709238709473,0.0036382039331488616,0.040081312103520367,-0.054824656939587796,0.9976912074442269,0.63204145749016138,-17.048428271046191,-0.315644692841972,,0.2072577527720261,0.2682926829268293,1,5
0.87621125316219661,0.47756352446605232,0.064706413372211766,-0.48189524376876713,0.86667332573192946,0.12905161950862182,0.0055510237771096409,-0.1442581940976651,0.98952451185946211,-21.881630529598333,3.7526783871472835,-2.2163248676738836,,0.08429531997534713,0.2272727272727273,0,2
0.2528652743684105,-0.96617490387271709,-0.050647883915668539,0.96660436602956235,0.25003054420087001,0.056220339195042726,-0.041655162839404854,-0.0631726372186832,0.99713292259139652,-7.9585276401798808,20.695104720148457,-2.7996932913559243,,0.09087175011079229,0.1666666666666667,0,1
-0.67505598655608523,-0.73774514919981315,-0.0056133632464541797,0.73773297396223769,-0.6750783065896534,0.0043976244586311644,-0.0070337858670464796,-0.0011725204443125219,0.99997457520288235,-15.877025913561095,-1.1649391260222932,-1.8604255915512362,0.2260429910295794,0.1788509016005926,0.806949806949807,1,5
0.83430352453234768,-0.5473261800686875,-0.066118693002201648,0.54920703699116602,0.81467528810018341,0.18621440727899044,-0.048054754939388447,-0.19167218778503167,0.98028185383460675,-14.75371229432678,9.8044106391118877,-2.4652435102878325,,0.122325349587398,0.32,0,5
-0.99932823195680742,0.036568170907542281,0.0024194401332918469,-0.036504532885889431,-0.98740295659015898,-0.15395720313059866,-0.0032409709756216908,-0.15394210013342738,0.98807455483563889,-7.1311819856964975,15.267715823072983,-2.4185188627377356,,0.4588265633626838,0.6037735849056604,0,5
-0.81136392835210569,0.58284965488869822,0.044439347038026565,-0.58325393813447057,-0.81227689247918933,0.0045927763917184084,0.038773952850746488,-0.022193011072825924,0.99900152694570543,-7.9915355020047993,13.680108678262613,-2.3801497818379094,0.1099555177203084,0.09650655758330726,0.3666666666666666,1,5
-0.07064183151524632,-0.98808156937229974,-0.13676455647186281,0.99574747277478881,-0.077979491829954048,0.049052719767249509,-0.059132918943628425,-0.1327177875068597,0.98938833972131046,-6.836969367060914,22.10981350644149,-2.8227513905701516,,0.2437949344529382,0.2352941176470588,0,4
0.7108253089637635,0.6938927919235427,0.11506595262336469,-0.7032353636766977,0.69793224448031521,0.13546440635522561,0.013689536554402268,-0.17720997554094348,0.98407785319948404,13.21033461329962,-3.8657996856764081,-0.86339254522795994,0.1145656433572333,0.1098743915957242,0.4761904761904762,1,5
0.73672703546272544,0.66424303932207873,0.12654825139238782,-0.67541503099399791,0.71392149819189699,0.18474477076987492,0.032369910807424102,-0.22157905842295669,0.97460500190729316,18.911690308877301,3.7843037431543913,-1.1801472739606012,,0.7389979282741791,0.5882352941176471,0,3
-0.46876365137679432,0.87997808430097091,0.076806316783768522,-0.8821339728244193,-0.47087054435311809,0.010981095100472927,0.045828955223772054,-0.062605923127063076,0.99698555919958365,-8.9146561050188478,19.949012501553966,-2.7762739078227803,,0.2164993797767054,0.5789473684210527,0,4
-0.25745213823408042,-0.96589301227592583,-0.02773238819933849,0.96572215537117712,-0.25817925187325347,0.026910825468870529,-0.033152905512922902,-0.019853532146850483,0.99925308211551001,-7.0206768326591869,0.34056501415053297,-1.6907522681740643,0.2184007559463834,0.1908427459336814,0.6786786786786787,1,5
-0.59276815606824063,0.79846091573383593,0.10529045159434949,-0.80528730274667493,-0.58952680501792087,-0.06301195283711665,0.011758961962809527,-0.12214054286290958,0.99244315434321506,-1.6070099846772412,15.634017817345841,-2.294860054753832,0.6308368561783357,0.5569316929703845,0.6862745098039216,1,5
-0.69017489758198947,0.71978241693848943,0.074645046814094299,-0.72127207143747007,-0.69258691473984357,0.0094849615417095853,0.058525291216645056,-0.047293105177530145,0.99716505779668974,2.4326339127921335,11.193036182156634,-1.9513150357389455,0.3044249634515596,0.2723653253009719,0.3076923076923077,1,6
-0.99867457737040943,0.042176711377408575,0.029499381882037285,-0.047948620021796062,-0.97072334164311813,-0.23536593599589817,0.018708777406365052,-0.23646843131083387,0.97145903806663614,-6.4796283529659169,18.13423557681833,-2.6293515067645572,,0.3351720938549049,0.1818181818181818,0,1
-0.52533101596034171,0.83820005292851452,0.14645133983925318,-0.84939896888911492,-0.52679161905133609,-0.031811660556818333,0.050484802863688512,-0.14110726901158971,0.98870623711591266,-8.6127568685129958,-18.741875463815099,-0.36284038817952174,,0.1951406126732437,0.5,1,2
0.5024818411867642,-0.86440200433607628,-0.017921333023314012,0.86357272154823073,0.50077996550155712,0.058835199923522347,-0.041882620206249402,-0.045039993916878351,0.99810683049091797,-20.333012969208696,12.692415079999959,-2.6800408744748863,,0.08667113833831441,0.5238095238095238,0,1
0.5022307865669613,-0.86071911325617378,-0.083227670277599766,0.86146708686783846,0.48965301121777394,0.134589698152593,-0.075091246279249194,-0.13929298862782755,0.9874000040770492,-10.563381990567196,16.835400413661358,-2.649401073937578,,0.2204219706246916,0.2631578947368421,0,4
-0.1644850931533956,-0.94887058188577222,-0.26942396508490979,0.98547984991292625,-0.16974968699399082,-0.0038090918915945045,-0.04212029850220974,-0.26613842750944111,0.96301413170154815,-24.004644296453268,2.454412835738045,-2.1598381568678038,,0.3904152586565197,0.2045454545454546,0,4
-0.80099761507485756,0.5931514833384095,0.081081061030523136,-0.59866714674220256,-0.79346202271819655,-0.10961599297319312,-0.00068414614024570628,-0.13634271640756357,0.99066149396585812,-18.542195370261126,8.5313757121050067,-2.4470699225091468,,0.2119486057437372,0.131578947368421,0,4
0.62822698251358844,0.74585720468848615,0.22142242130404971,-0.77786528402622146,0.59626326955832387,0.19848353403348837,0.016014316990636372,-0.29692952630194003,0.9547651009863255,6.0579007465663102,-4.824744689723599,-0.91694035486196357,,0.1717076996307836,0.3571428571428572,0,2
-0.85403253180760685,0.51917091064790566,0.033015150330022981,-0.51900486258878165,-0.85465520023856123,0.0140869199751237,0.035530088987921128,-0.0051043356286555033,0.99935557162318434,-10.442061298981091,5.7422774659361151,-2.1374884640135927,0.1386688605564415,0.1111092154480096,0.4021739130434783,1,4
-0.62625897489481652,-0.77952567129323347,-0.011807800748938908,0.77936926966766862,-0.62637000886231975,0.015625411850646226,-0.019576461921865629,0.00058291736181317227,0.99980819277798016,-9.5869000168078706,-14.614026434543112,-0.64712117505441735,,0.1095534829039329,0.3428571428571429,0,1
-0.87635994259216476,-0.47494730708028893,-0.08011433402980736,0.48164147222000436,-0.86545076915117392,-0.137900175537918,-0.0038396949884975501,-0.15943657570590081,0.98720070657874437,-17.432748302982592,-5.7782467488638707,-1.5555645395794395,,0.1417540226793884,0.391304347826087,0,1
0.1466042841258163,0.95566862648317263,0.25535203197100903,-0.9886538943772446,0.13301905880106787,0.069781137339444993,0.032720956719897186,-0.26268499453041533,0.96432667319736132,-13.880297026989636,8.2534347581334124,-2.3605202225277884,,0.3783868932747506,0.3859649122807017,0,5
0.48903568396163594,-0.87225643593625268,-0.0035790752940814607,0.8712543033705975,0.48826825877921393,0.050100362542893885,-0.041952814808897905,-0.027619149814945912,0.99873777534101005,6.2295868489526729,-2.5249507337114054,-1.03530221699403,,0.06179000784119844,0.1904761904761905,0,1
0.76368128840632243,0.64515875359756869,0.023686966764207416,-0.64535130455554779,0.76187607203004104,0.055376390064053684,0.017680029595837206,-0.057576327813652822,0.99818454357347319,-2.9200813329065149,-8.1660403022994288,-0.88118868714946019,0.3659349220422335,0.3086253385189683,0.9498207885304659,1,4
-0.75932857848782287,-0.6447451053064539,-0.087885488421197866,0.65059019126129558,-0.75479880614662831,-0.083732701343124383,-0.012349612392866895,-0.12075806980485944,0.99260514589173443,-15.828549103306511,22.881606342408169,-2.9566520783141415,,0.2177564863773695,0.1666666666666667,0,1
0.98456891107016342,0.16945300846739636,0.043700540905823877,-0.17453019733680147,0.96906454075434423,0.17450824069409923,-0.012777698215651001,-0.1794424525409776,0.98368548665434197,4.616964717734521,-17.249853554547379,-0.26723238255830872,,0.5291717998613483,0.7297297297297297,0,4
-0.98678863045434717,0.15409847490149003,0.050018584936706086,-0.16038672810600299,-0.97279543347410469,-0.16716800548963201,0.022897516316988074,-0.17298180437538918,0.98465882370572888,-7.4585808059455072,-20.762972775385357,-0.25483809051509698,,0.2161917977660449,0.2857142857142857,0,2
-0.85578815036490019,0.50554815495600303,0.10976203676865537,-0.51535756578077108,-0.85161438474143447,-0.095705376515565141,0.045091252893891591,-0.13847022323246555,0.98933956566510073,-23.78059492716503,6.6605984191240895,-2.39498125452611,,0.2379741769289686,0.5217391304347826,0,4
0.28436791766710218,0.94827398271974195,0.1411075515290218,-0.95869447392368456,0.28029636987211237,0.048361665652731443,0.0063081748443493471,-0.14903153603635449,0.98881232202920022,-3.4860311688250669,12.134813102571208,-2.2360191624148382,0.5418208736286889,0.3135867205562893,0.5932203389830508,1,5
0.63636510082155884,0.74477390459325177,0.20087630396164061,-0.77040672231065754,0.60049702666210381,0.2141887092928158,0.038896538083961207,-0.29105867450892908,0.95591417361507325,-22.307326149323046,-4.6194553002859973,-1.6728535397002902,,0.5225540982659997,0.3142857142857143,0,2
0.42585311511307167,0.90411357231494593,0.0350395876745093,-0.90428023641972588,0.42399009100813134,0.050096474402907175,0.030436464465794073,-0.053019346307015262,0.99812953595612997,-7.6984164968118467,3.7873042660416201,-1.9038458499072761,,0.08965074158185179,0.5474860335195531,0,5
-0.075156253445738411,-0.99686675694207572,-0.024661842424865129,0.99629002209449746,-0.076106656572057341,0.040174229306476857,-0.041925284053258287,-0.0215510029746151,0.9988882944693277,-10.450329222700327,3.7645081786797525,-1.9831965509661664,0.349632936629138,0.3149365928233325,0.8101503759398496,1,5
-0.26174710689562608,-0.96130779569723035,-0.085882326258094444,0.96456377295887641,-0.26361913569961104,0.011030828995476636,-0.033244246526385614,-0.07995169306976635,0.99624422048419981,2.9117661355020381,2.8260554717262312,-1.4324798670518983,,0.08022429016151653,0.3294117647058823,0,5
-0.9992578296419643,-0.012993684048196084,0.036262295488381432,0.010485755170782341,-0.99759507250397639,-0.06851365013108468,0.037065332019684462,-0.068082563778414762,0.9969909356015374,-16.419113231147971,-4.477283229364458,-1.6392298154985654,,0.226579927227785,0.2068965517241379,0,2
-0.92228713480584534,0.38303297272311765,0.051693159881316217,-0.38631643506698266,-0.90937226086164324,-0.1542780061205121,-0.012085237637780126,-0.16225853747114341,0.98667426947750247,-5.2473037130856675,-20.415452426581066,-0.24166332933390827,,0.2065499878347037,0.1818181818181818,0,2
-0.62879084153584286,0.77302792028246214,0.083963754468332166,-0.77651137503338996,-0.62990418220841582,-0.01583684564873027,0.040646796237850676,-0.075156873937908875,0.99634295413551277,-1.5027917145404925,3.6298028219150114,-1.6398133378015294,,0.06155801558526241,0.2268041237113402,0,1
-0.98839417385644646,0.14863518723000252,0.031377351764209478,-0.15023674475475457,-0.9870033469426871,-0.057037826478826659,0.022491723191599991,-0.061089886569186881,0.99787882438041375,-7.0460870359707783,-18.548954823052387,-0.34791536395014949,,0.1081265133294891,0.3333333333333333,0,1
-0.84968046723802593,-0.52496337185817465,-0.049563714564851716,0.5272901060038564,-0.8453941126732587,-0.085287386921138547,0.0028718817197501915,-0.098601483075508797,0.9951228566517295,-6.3138127574012932,-20.417032749826458,-0.25857058253344212,,0.3069620874796425,0.25,0,4
-0.79417963618157517,-0.59095411129327891,-0.1416048862860074,0.60766386802919548,-0.77414434155083034,-0.17732783745545805,-0.0048300068632122477,-0.22687833036763064,0.97391113262109241,-6.3679438641218624,-21.972266921331435,-0.16533274435928785,,0.3202295468592519,0.3636363636363636,0,3
0.29292772575121551,-0.95602941627150928,-0.014181068710732353,0.95521294534582479,0.29196211510497266,0.048232275368113989,-0.041971139250390345,-0.027674511142718173,0.99873547293717191,-7.4843968245604664,-5.361412210407396,-1.2328074012277566,0.6991674143844733,0.6278271371114822,0.9957147229874502,1,4
0.75486342382248373,-0.63589226320846448,-0.16069300223287261,0.65477645346733004,0.71640394949936781,0.24090076198811183,-0.038065829292723466,-0.28706516809484939,0.95715441904999476,-17.855999887456399,11.088281476795292,-2.5663471705916412,,0.5297705827861389,0.5,0,1
-0.66549332828572971,-0.74427247918874972,-0.056365829448467193,0.74555955507006388,-0.66643318373035465,-0.0027859409095666271,-0.035490560025307649,-0.043878107813069167,0.99840629595562669,-3.3228402664545089,-4.8395583424344428,-1.0927498522878722,,0.2366075161373201,0.1742424242424243,0,3
0.87834638954818278,-0.478022948082862,0.0012965623169878487,0.47694720304563876,0.87654531843744865,0.06472766203359144,-0.032077803456826627,-0.056234916480438289,0.9979021238046466,-5.955787055495815,7.394539475856285,-2.0809071066686484,,0.08547567856716487,0.5818181818181818,0,5
0.99967438064221281,0.016271631613334323,0.01965621256111031,-0.019792594840638104,0.98063777551188436,0.19482763261041106,-0.016105461094981326,-0.19515324041312482,0.98064051868111946,-41.207912437322378,14.369069291084884,-2.829495760724404,,0.09642521341380474,0.1666666666666667,0,1
-0.70792999478791341,-0.70486819154010405,-0.04467611257222167,0.70627494105648181,-0.70679934679304757,-0.040129677404419119,-0.003290914044158268,-0.059962621089329766,0.99819519832387982,-8.2633660823782584,2.7184316357499005,-1.8847838886916153,,0.1721678261088919,0.3575418994413408,0,5
