axis_00,axis_01,axis_02,axis_10,axis_11,axis_12,axis_20,axis_21,axis_22,location_x,location_y,location_z,dbh,dbh_approximation,score,reconstructed,number_clusters
0.98802433669452694,0.1427916689869157,0.058467506935673312,-0.15408630796207398,0.93293732351116576,0.325400307465192,-0.0080820664411272846,-0.33051246522295608,0.94376702132162227,7.7696041584874456,-10.35484649364076,0.04099944921691636,,0.3094848726571462,0.2777777777777778,0,4
-0.33677029935161906,0.93952393963117098,0.062293918921060391,-0.92707348904633813,-0.34242405130851544,0.15257953661258519,0.16468306343418831,-0.0063667845405655163,0.98632598702079433,-8.7967593027869757,-15.81013124691199,1.2927588398531653,0.1814877636445412,0.2225366588868674,0.3333333333333333,1,6
-0.085733547992206213,-0.99538990307045017,-0.042996506998444949,0.98550622120446285,-0.091064630062743276,0.1431248445198669,-0.14638048611740714,-0.03010272441050767,0.98877023583191281,-10.362465648529865,-19.972068841793948,1.9837038332189878,,0.1306458474264603,0.4,0,1
0.53205719004425978,0.82757756165565166,0.17897074053121792,-0.83864257167212775,0.48597563201402244,0.2459803286194486,0.11659238183246295,-0.28096808454459304,0.95260860376440859,-0.85601061274674084,-9.3761575276588065,0.1364438086074253,,0.08235437711287415,0.2692307692307692,0,5
0.96165137297596381,-0.27313807118204642,-0.02494455700941085,0.26767836590713673,0.91480775413505011,0.30244845081380634,-0.0597907123116082,-0.29752708623810642,0.95283928533406603,-8.6015795558938386,-3.7589448614350447,-0.33798807149674837,,0.07109449691517788,0.2714285714285714,0,2
0.91992538318517914,0.3897814438205513,0.042517236796007676,-0.39016973671782501,0.89928571006101687,0.19761778318156531,0.038792601371197048,-0.19838255400417484,0.97935667473379517,2.3567885165822831,14.054190145219446,-2.7016509765468264,,0.077325266554386,0.5714285714285714,0,4
-0.35903629529748315,0.93158788390654279,0.056894228332828423,-0.92190424374454749,-0.36349045127828084,0.13404199787867235,0.14555240989022705,-0.0043250882119741617,0.98934108859740899,-9.4234447135709143,12.940407762456097,-2.4119855484031336,,0.08119992983073945,0.3666666666666666,0,4
-0.16727577472589333,0.98198143629007217,0.087927663289433536,-0.97563954930442653,-0.17771308125947113,0.12862943124464532,0.14193760961390239,-0.064269118019095212,0.98778701927396262,-0.35261210479583804,9.8680662347344352,-2.0897004929539138,0.7059438608101966,0.7285434363480394,0.7485380116959064,1,5
0.79923922518408086,0.59526489055197096,0.082923886807721114,-0.59665392802651607,0.76926645419226569,0.22854586547340511,0.072254765224715578,-0.23213968323104253,0.96999505997283952,-6.8850688164276761,-13.151380059185515,0.82480697207070364,,0.2129181542551664,0.6796875,0,5
0.4825612918347717,0.87187473653161329,0.083480796718089154,-0.86759522552368495,0.46276583250617737,0.18200634305806937,0.12005467200931115,-0.16025675668375203,0.97974723662072249,-2.3314866023096132,-5.1150112497426372,-0.37193478813031877,,0.06800931227498173,0.2474226804123711,0,5
-0.56711117032154768,-0.80103263896762023,-0.19165498116431962,0.81776555771163006,-0.57535440255742232,-0.015060015882448373,-0.098205972919739218,-0.16526954579220804,0.98134681133456891,3.9285211164955998,0.85369841254231849,-1.2557495302210846,0.2272846884677585,0.166054103369071,0.3181818181818182,1,3
0.75471580628132495,0.64704930442845221,0.1083108922859751,-0.6481391095788861,0.70981740802130422,0.27581686298013874,0.10158615251803102,-0.2783638714139679,0.95508837743321418,-3.2390781340927339,21.447763997399367,-3.5613429241282142,0.2625607634111847,0.2449686084148935,0.35,1,3
-0.95750722894064322,-0.28733929900349309,-0.024820027691216308,0.28734121460928547,-0.95782164796361491,0.0035661013904192593,-0.02479784089940178,-0.0037172490429684402,0.99968557514164513,23.881295966339387,-12.219952862357692,0.17710338566896902,,0.161480535682461,0.1,0,5
0.9858304667961717,-0.16773838021774784,0.0014582655341246788,0.16144329259058096,0.95112169938448676,0.26325572403554259,-0.045545076725742817,-0.25929008612342269,0.96472498528034101,-0.14566368245076927,11.53833461666588,-2.3414262620438464,,0.07029427080237577,0.2142857142857143,0,1
-0.085469572275301428,0.94814964043614769,0.30611633663671239,-0.9843880385726298,-0.12780771437008351,0.12101808816299571,0.15386728609489567,-0.29099389596398623,0.94427083550297841,14.270602275914836,-6.1448645185484523,-0.55012833846921305,,0.4788014232986398,0.2105263157894737,0,3
-0.90266789620290744,-0.43001175859232649,-0.01674982498270644,0.42972286610518456,-0.90277499789638971,0.018318338339449972,-0.022998424097363853,0.0093375931324754906,0.99969189345694398,-0.69745869581299336,16.133022576114644,-2.965446847127259,0.5280495003680132,0.549943764214634,0.2,1,5
0.4571075113400922,-0.8893579185382271,-0.0097578588747978534,0.87829501257759646,0.44963795425455821,0.16255331733033634,-0.14018057625002298,-0.08287462112811729,0.98665151052186828,-9.7218404183216371,-6.1027563905400184,0.022040996464866847,,0.1072893847185631,0.3292682926829268,0,3
-0.1677698796392299,-0.98548247153895907,-0.026030093647613148,0.97301099132799218,-0.16977485367829281,0.15628854664828443,-0.158438878564439,0.00089294343574830115,0.9873683833358573,-7.5527404664969549,-10.538203490056013,0.53007532919911204,,0.1022868495404207,0.34,0,5
0.016128642053265557,-0.99764702083442147,-0.066635491487042536,0.99380154862673642,0.0086638041338965646,0.11083059345248238,-0.10999249452857039,-0.068010001603672723,0.99160288968379384,-1.0692849969080775,-17.324427619133559,1.1327731849167555,,0.1881058730024131,0.4736842105263158,0,3
-0.97989209416326106,-0.19005659484084819,-0.060745160744223495,0.19577616088692135,-0.97458778031024618,-0.10885932802625244,-0.038512058172969404,-0.11856284927181272,0.99219941148331303,-3.7323155894273787,12.983826331027707,-2.5218330932218547,0.352286841579598,0.2864835362851635,0.25,1,6
0.99885698552271529,0.041900170414780329,0.023002134502873986,-0.04615553722577162,0.97058769187425198,0.23628203225301431,-0.012425331217973611,-0.23707363434474626,0.97141222096631019,0.3978571213928373,8.5374757137009016,-2.0155294191323359,,0.072834575697689,0.1538461538461539,0,5
0.97025236124585956,0.24051799559443232,0.027594370659085089,-0.24160461337263597,0.95471690553058608,0.17361693780032414,0.01541318571527148,-0.17511917110738945,0.98442658924714554,-12.986626290407923,-5.1579671977976336,0.012377554800669283,,0.08242210506635077,0.3243243243243243,0,1
-0.30412126134331996,0.92881616280568347,0.21168560203725065,-0.94061864673444295,-0.3279584472424848,0.087634572502880842,0.15082048870896964,-0.17246388779458591,0.97340093876694167,-12.325291823784438,11.212163023408793,-2.2091186748483334,,0.3003380961894657,0.2407407407407407,0,4
-0.93938833673034228,0.32785624958549814,0.10029871595755213,-0.33616961256642425,-0.93826571898593103,-0.081531786210994731,0.067376141192134961,-0.11030738952376025,0.99161118156992967,8.8022584993930604,-17.900105145996751,0.98649881283159624,,0.2870594893337984,0.2631578947368421,0,2
0.6400282940381341,0.74158678865815608,0.20102939515981424,-0.76144253886901414,0.57717199862186552,0.29508938308172472,0.10280585018055788,-0.3419378874803527,0.93408213679211771,19.973568482498901,0.082472705880379193,-1.3413303061700084,,0.2985311699046042,0.4333333333333333,0,5
-0.79282491366335617,0.60792814792828131,0.043035139493003284,-0.60054668594838267,-0.79131872790835178,0.11470984638610335,0.10378985630160326,0.065100213655549702,0.99246643666720302,-7.3016709777308986,-14.516120970102161,1.0415713339999393,1.010858664376128,0.9205391119813957,0.9513677811550152,1,5
-0.99968056485093226,-0.015146860059086657,0.020232174615500892,0.015620061671514203,-0.99960323497439729,0.023438991064009065,0.019869120078648838,0.02374753164164747,0.99952052145427717,-6.0826017072669645,7.9681718283529213,-1.8922418986877938,,0.07705923774513904,0.3191489361702128,0,5
-0.90060393588604792,0.43223035217784866,0.045710757188783889,-0.42639345724866701,-0.89900567197313885,0.099887043081945071,0.084268441792216722,0.070467896352439094,0.99394824075581212,-1.1133243712145244,7.1800498416164791,-1.9307596396619167,,0.06780474502459241,0.2467532467532468,0,5
-0.8579649316969169,0.47798152085303913,0.18822816394291389,-0.50495011662461908,-0.85205703103833896,-0.13792822618635758,0.094453987205879761,-0.21338341449406753,0.97239187713584119,-7.3690106426663666,18.321685430279345,-3.1068465968795276,,0.3045137494548487,0.1923076923076923,0,1
0.88243766155005754,0.4688753154179664,0.038206178424014525,-0.4677406104697166,0.86582485477626592,0.17766834881056992,0.050224444202816791,-0.17465182347562289,0.98334848642846728,-6.9781463128134638,20.292852852255926,-3.358429226421078,,0.1024946584539633,0.5555555555555556,0,3
0.80983552362340616,0.57437311216842035,0.11942341770175545,-0.58280702225517078,0.76439203326624716,0.27575495333566535,0.067099921666614409,-0.29291696348463175,0.95378050568004313,-0.99976278019461695,19.393532818883031,-3.3099995855016426,,0.3092082736629715,0.3076923076923077,0,5
-0.07188979470926242,0.99592454357317095,0.054462472632358677,-0.98621747676863891,-0.079135002275811342,0.14530223649657173,0.14901995145871719,-0.043266094385530612,0.98788718948261678,8.7100486400311325,9.929422951596159,-2.2160461836977432,0.206934094827188,0.1021013858660913,0.40625,1,4
-0.00012451021909239582,-0.99970931630038573,-0.02410948774699789,0.98759267342832091,-0.0039090171979083484,0.15698863326766832,-0.15703724363318833,-0.023790806769921801,0.98730608304888356,-16.680727010214479,4.2485021192576671,-1.2604838024321783,0.2922030156115666,0.151591593315217,0.7264957264957265,1,5
-0.95519394778526756,0.29205089453799371,0.048070751127437347,-0.29282699745997859,-0.95611494954166765,-0.0098261295285063093,0.043091433869993305,-0.023462273174076634,0.99879559974227761,-19.128018752399768,17.522062504609963,-2.9126063747304776,,0.2024668874720907,0.3529411764705883,0,3
-0.55576139374113531,0.80630363131185334,0.20249377116403192,-0.82075932637516091,-0.57090210558188048,0.02061344246770476,0.13222481384030949,-0.1547424957001024,0.97906657517729678,-15.47694667428326,11.163699086214734,-2.2265693540194351,,0.4369588493248091,0.35,0,2
-0.82857943961326141,-0.55980166530859055,0.0088435155850852907,0.55554814791600526,-0.82011932024804257,0.1370056783603755,-0.069443268912628225,0.11843308690403508,0.99053078514961412,2.0719645504378099,-5.4139090374267065,-0.49964110916522025,,0.07824268687319985,0.2380952380952381,0,5
0.98432395626351854,-0.17591166966844496,0.012705652293178505,0.16979835455775943,0.96466735957364913,0.20145819457813552,-0.047695575425951646,-0.19614272825589132,0.97941470391102647,6.128526376683646,3.4207543028184326,-1.5649418997583253,,0.07518308832044251,0.2105263157894737,0,3
-0.93038143340815427,0.35315754953141376,0.098336837341637839,-0.35895420192520683,-0.93208189607549641,-0.048736228091083529,0.074446418917410329,-0.080641702718105571,0.99395907687042073,7.1963025304116508,4.0592270706681495,-1.5992544777590185,0.4963155659341886,0.3729376174576992,0.631578947368421,1,5
0.99469128850746302,0.097508108748630626,0.032884788210189086,-0.10272884015077213,0.95956815109700189,0.26206058231172302,-0.0060021636632866691,-0.26404759443810022,0.96449097554244267,15.467707037326571,-7.4414922748482404,-0.38396975241523812,,0.9323547110274646,0.5897435897435898,0,1
0.46603094051654986,-0.86424642721880018,-0.18945520716200642,0.87321550095277589,0.4147867826648054,0.25582535805187984,-0.14251263585048463,-0.28465775585098407,0.9479768513296245,-21.195850827807419,2.0906134395635099,-0.8482793520466072,,0.2835827023529284,0.2666666666666667,0,2
0.92324197557294141,0.38027350230617923,0.054921015867919434,-0.3822698718070387,0.89474584394007761,0.23086710432755131,0.038652291637136058,-0.2341408511895148,0.97143402357311281,-4.2221781937551439,5.7867299643591945,-1.7151413382509328,,0.13775593840837,0.3262411347517731,1,5
0.64903272452748317,0.74354286608546483,0.16093641224360777,-0.75380547626475281,0.60000461188715881,0.26790253762778887,0.10263443109259759,-0.29519226278402377,0.94990931227499109,-15.468762575034852,7.0903651823294158,-1.6666636019429106,,0.08598463947786587,0.3181818181818182,0,2
-0.99739255797724735,0.06832700902424696,0.023227249716750373,-0.065924960665883076,-0.993580605728002,0.091931928525291612,0.029359578552928398,0.090160965827668652,0.99549435728597546,4.1144076097802884,-5.8939650180169734,-0.49216878045332257,,0.07629791046896141,0.2926829268292683,0,5
-0.87778256410754429,-0.47903017467424086,0.0052784373021623572,0.47634594696867855,-0.87158693719119351,0.11589111149777405,-0.050914722382623179,0.10424155922300268,0.99324789875209885,-10.994724867101381,14.658597666990882,-2.5837929501233381,,0.08247010731792925,0.2941176470588235,0,2
0.40488612704325194,0.91277616820565033,0.053915590358692124,-0.90544930324827533,0.39202450551820744,0.1627216836208944,0.12739224220936363,-0.11470158599171848,0.98519782926874944,-6.7990585475044121,-7.6191402977840781,0.1305847935892675,0.1736431646650671,0.1573316618373673,0.6821705426356589,1,5
-0.039098004183963898,-0.9911967490865955,-0.12649249254005629,0.98274910224925527,-0.061043853947105139,0.17457906496361034,-0.18076379089052855,-0.11748469047263127,0.97648440817426096,4.7133194552165874,-10.920657154851826,0.15505859277094414,0.7978761462447401,0.707762565721916,0.6770428015564203,1,5
0.82014782584307711,-0.57213902227243907,0.0038056481723603521,0.56299138961380679,0.80818466284256885,0.17285324980097674,-0.10197175582282096,-0.13962266986124297,0.98494023731149805,-11.328735095784488,-19.573170135941734,1.9755772995695104,0.1589937565151983,0.1342504024035297,0.7419354838709677,1,5
-0.39785793953750026,-0.91717603841936257,-0.022297410081405102,0.91394476978504158,-0.39834365588009607,0.077635620707552547,-0.080087562889265912,0.010509346765769274,0.99673242944183116,-22.111512300639401,3.6474966308034902,-1.0271052928619926,,0.2306228943129884,0.4210526315789473,0,3
0.52639536733192438,-0.8422271733676755,-0.11645301925060804,0.83981295828066405,0.49365554289858626,0.22587253057727208,-0.13274830452916142,-0.21669700830098285,0.96717128484981196,2.8794654699815307,16.939623785347603,-3.0960849729270739,,0.2532081261724262,0.3636363636363636,1,5
0.66801577930848344,0.73991016937785159,0.079296026672963427,-0.73754660559960195,0.64415956981052236,0.20269053552159061,0.098893494039727692,-0.1938849913550888,0.97602699089925427,2.4937194319050127,10.897749632999915,-2.2639916060537222,,0.07614177549143145,0.1864406779661017,0,5
0.99677286101930485,0.076577808984794354,0.024077016145638976,-0.079450744073875146,0.98397007034683781,0.15965738294155421,-0.011464850696655829,-0.16105508322535753,0.98687882608037358,2.8294313026214279,9.4171811352224406,-2.124093977415245,0.3529752120225088,0.3246279566235061,0.9144981412639405,1,5
0.16538224637384491,0.97740988866294942,0.13160023604926213,-0.97586662512998135,0.14288794164141469,0.16512833218712097,0.14259397792950912,-0.15573357273677493,0.97745281818657537,-3.4914917154349392,-1.1609056950102408,-0.85351994898003736,0.3012467303636712,0.1971269413968655,0.474468085106383,1,4
-0.80816766835767062,0.56537206603289292,0.16498317117519681,-0.57958826104252381,-0.81323013545554523,-0.052289525228858033,0.10460624973217222,-0.13788101296644914,0.9849093150033239,-17.534725498999769,-10.453410534077831,0.83714147452796328,,0.4585389170485737,0.1666666666666667,0,1
-0.52041556888386831,-0.84582751102463483,-0.11723249232678989,0.84918634837046447,-0.52705960731107282,0.03302599101214624,-0.089722803146781882,-0.082364992168815584,0.99255520081278859,-16.403375497965744,-22.855066615952826,2.6293374918042618,,0.8156293126906586,0.6923076923076923,0,3
-0.73058141118318232,0.65182103439230532,0.20342109221350296,-0.67400686200546489,-0.73612600357329638,-0.06191330093568851,0.10938716379509836,-0.18233991879715189,0.97713182447912938,0.41575705615154634,-2.5470054630505894,-0.76135622970813976,0.8034574685246664,0.3971979336164618,0.2605042016806723,1,3
0.37876134383489707,-0.92052513439964345,-0.095777457446427211,0.91898404101200426,0.36182426264987011,0.1566892954962972,-0.10958182687668153,-0.14736580300869381,0.98299295181703783,-14.43148257160929,12.518922409262643,-2.3825283831126898,0.2252088258794395,0.2084184171674734,0.5384615384615384,1,5
-0.77795917036534856,-0.62670663459517795,-0.044925754293563817,0.62397151293714692,-0.7789966914636407,0.061836119959378336,-0.073750120592360344,0.020073585705812611,0.99707470676450582,-13.717083503092862,10.704227664230613,-2.1659383625879527,,0.2800433931923472,0.3269230769230769,0,4
-0.81161375649039902,-0.58418708171319789,-0.0029264030757008615,0.5798310346300275,-0.80615276607582786,0.11795630134996983,-0.071267675389450474,0.094038137517234388,0.99301447478718807,-3.4673838077383761,-6.7917198855248291,-0.13412878954929572,,0.07569888813013721,0.3548387096774194,0,5
-0.99630460366725504,0.082309281059796346,0.024542187409704496,-0.079330573844134236,-0.99136944404113037,0.10437090339333328,0.032921068709778699,0.10203826572908616,0.99423558353239738,-6.0269111164121449,9.4939623161574715,-1.9999284496026737,,0.2143794961965458,0.6220472440944882,0,2
0.38785010285420002,-0.91974971651466852,-0.060272354252783933,0.91124324157316883,0.37278749892249768,0.17511492036469126,-0.13859311816684744,-0.12284111534130376,0.98270138291268061,-13.047057822110483,-16.396154011962668,1.531757318420272,0.2313876494786588,0.226885116318293,0.7297297297297297,1,3
-0.99922888132470866,-0.034178251358706099,0.019325885765782307,0.035830160012451623,-0.99503776629267293,0.09282264424573404,0.016057470537200934,0.09344351655063661,0.99549508630359285,-8.769948428822925,0.7196291731737563,-0.98470032579139721,,0.1355391864374759,0.6239554317548747,0,5
-0.15507396551941341,0.97696144365415205,0.14662333658486937,-0.97771709407610985,-0.17303322341054247,0.11886457650421332,0.14149681681738446,-0.12492334133120767,0.98202485183481747,17.779336228973165,1.4331323517483481,-1.4973633523433807,0.7181131557729746,0.6659206008282583,0.6052631578947368,1,5
0.96351368074939214,0.2528383594772044,0.087830239585428793,-0.26695715146941684,0.88402618142478417,0.38370768800592098,0.019371791039877503,-0.39315451737502688,0.91926832817165871,-5.9003347900814767,-19.06515178388344,1.6508126456205188,,0.7252467688690372,0.2592592592592592,0,1
-0.73522762708132339,0.66858109480834427,0.11153320600270923,-0.66793262161177502,-0.74263003524233673,0.048648162789441264,0.11535315064266197,-0.03872919339260894,0.99256924202595065,-15.078206785261532,1.8707582077744629,-0.9362530151442614,,0.07542052321168835,0.2093023255813954,0,3
0.26028618759858652,0.95065081204604951,0.16886128656853119,-0.9576342822563717,0.2318560611108505,0.17081963696684677,0.1232383138180541,-0.206169349037018,0.97072473828832373,-11.736195542273999,5.1997308963430999,-1.4551876520846723,0.5696947027285638,0.4795596948330556,0.5201238390092879,1,5
0.51551413316444517,-0.85584205658690782,-0.042184744692873602,0.84838618840424462,0.50286961537022745,0.16541772958881262,-0.12035802354902982,-0.12106413223780053,0.98532097412613728,-10.231320657249926,20.762837931401585,-3.4194100675618997,0.9065098018716127,0.4011372061317624,0.6285714285714286,1,4
0.96396995701022037,0.26367509854291687,0.035176190670643551,-0.2654774157153254,0.94521513853709083,0.18997390248510707,0.016842319520383623,-0.19246761880558441,0.98115878021066594,-14.236330074420884,1.3436541487541851,-0.89313487481615117,,0.07459891216861093,0.2222222222222222,0,4
-0.92345875304625658,-0.38357866299913329,-0.0095572335983158275,0.38197421950860155,-0.92138374131403167,0.071747452031102318,-0.036326671373113059,0.062605195742509737,0.99737704125019577,-10.747951782459877,20.118274971458252,-3.3198526309488905,0.2140852033672383,0.1482187374493216,0.5333333333333333,1,5
0.97206523882955531,-0.23444489997892948,-0.011169616515757175,0.22691478267957044,0.9265494512442547,0.30002632517906452,-0.05999043974436799,-0.29417971254462844,0.95386552714019246,-2.7414159268300717,-8.5369181373607645,0.1081199814360651,0.4593712075606391,0.205242756454794,0.2258064516129032,1,5
-0.98595656908543727,-0.16681804323927138,0.0078348150643880541,0.16698568951169726,-0.9854293922796814,0.032321700598826178,0.0023288141994618357,0.033176095025148913,0.9994468086613244,-9.9016763703572224,-15.583313395291258,1.3272577035714916,,0.1273955326622812,0.2,0,4
0.38885503538669308,-0.91262416591472084,-0.12613046120138274,0.9089391438126001,0.35767597770557275,0.21423708319891854,-0.15040410333375639,-0.19795208198153064,0.96860393295688529,-3.3346575133939522,-5.5408638158221519,-0.31856483585967088,0.684997288958445,0.3995125969600989,0.6840000000000001,1,5
-0.11395537248919442,-0.99347859511372627,-0.0038018589802057668,0.9826419783867526,-0.11327458696183747,0.14691361496060878,-0.14638618579981452,0.013005729486713436,0.98914201993823969,-9.8842472101099315,8.4262075763828115,-1.887269779797609,0.5187907536409269,0.4829476657586551,0.9734411085450346,1,6
0.79419378170738419,-0.60563720700507373,-0.049596477580734481,0.59817358965050282,0.76481223858137126,0.23927096848715967,-0.10697940802769014,-0.21969481834409443,0.96968530619515936,16.638969707253892,1.4517062704293959,-1.4728110303623092,,0.1580385443891074,0.3333333333333333,0,5
-0.75285672808916004,0.65671414687877738,0.043969037516912057,-0.64831717390074339,-0.7514376664809177,0.12258170915379701,0.11354113349899858,0.063780582335004485,0.99148396271486416,15.631886958418534,-1.2695064861029868,-1.0830636768124813,,0.1035464624199935,0.4,1,5
0.9992468610703904,0.025006712852298871,0.029671113111829274,-0.035236118715111266,0.90501450344139245,0.42391881828791794,-0.016251971537843735,-0.42464504338688908,0.9052140412897276,-2.6946543322580436,6.9543845654849523,-1.87684593872864,,0.2125874934522656,0.2992125984251969,0,1
-0.74944965936155172,0.65585379428510571,0.090448928156639463,-0.65268567215284456,-0.7548192839302037,0.065186363401289124,0.11102531895583223,-0.010180821623306097,0.99376542977798898,-19.358156885228013,14.523742427208857,-2.5048804337874979,,0.1713798799104445,0.2631578947368421,0,3
0.99778379832013087,-0.064939071357204781,0.01450547555637622,0.058892820367251644,0.96334469948129531,0.26172242106950583,-0.030969783968303553,-0.26028812303398891,0.96503417840426775,1.1529286552312166,7.7785446005430678,-1.9776474573508329,,0.06745142810274114,0.2786885245901639,0,4
-0.0087795121316452882,0.98641749157800829,0.16402271938874896,-0.98860185701770764,-0.033216291072572929,0.14684361173888977,0.15029733353546226,-0.16086394971009529,0.97546578679920803,9.9149020531703478,-14.685998475728057,0.53335649861420475,0.4504393465468622,0.4124013786307771,0.4864864864864865,1,5
0.17809246621250641,-0.95357985612941842,-0.24283437043084397,0.97249622021589643,0.13291747391341613,0.19126956578157109,-0.1501138739229044,-0.27021917606393797,0.95102440649185471,-3.5998061743427687,10.907597806372337,-2.2131845610880143,,0.2682359744755081,0.2894736842105263,0,1
-0.99976570428075306,0.0060480647536496736,0.02078358623400732,-0.0040051540413687109,-0.99527964128889257,0.096965944418436978,0.021271936562421063,0.0968599842483477,0.99507067496047508,5.2979962027915866,-5.1241348723836131,-0.60160034403187146,,0.09813692625943657,0.2093023255813954,0,5
-0.27046434083160997,-0.95725246396901176,-0.10255125822621074,0.95348995284666416,-0.28106727326749675,0.1088948929860404,-0.133063707144321,-0.068329408919077655,0.98874928152579755,-13.885584779545983,-21.345842511760367,2.3279342801741576,,0.3910910632865258,0.3888888888888889,0,3
0.99966023050314678,-0.016850843971609061,0.019886493100605786,0.011110907805486342,0.96562599115775583,0.25969788780107633,-0.023579043198016698,-0.25938869338898896,0.96548512907440487,-15.976134594445719,2.5705945835984654,-1.0206800149243611,,0.07690677493130608,0.1875,0,4
-0.33087641577178822,-0.9320232550585259,-0.14782912269280854,0.93418957811926839,-0.34566104795673008,0.088364427564486661,-0.13345647087855636,-0.10886272068787313,0.98505750006031434,-1.0854590907469548,-3.8553151677537967,-0.57129445417147673,,0.09766615946770985,0.25,0,5
0.32162211056414752,0.94559765081567315,0.049033669739735698,-0.93739435865165111,0.31066981408292343,0.15740420256696955,0.13360776311399347,-0.096588557239271705,0.98631618472278604,3.3562854180882846,11.804897934551937,-2.4059722696022443,,0.1226415676978522,0.4189189189189189,1,5
0.26751178882908189,-0.92943126560301714,-0.25415539608089793,0.95323260519967301,0.21676909064311045,0.21061519823128569,-0.14065931615683847,-0.29861125876519212,0.94395247386558512,-3.9898025930908005,8.5795027572927669,-1.9522564403899898,0.5789201991918604,0.3029391410370854,0.2321428571428572,1,5
-0.37702357545716586,-0.90252321025589688,-0.20809872296313078,0.91706286828093497,-0.39524619118286736,0.052689125783043966,-0.12980338658848575,-0.1709745691757327,0.97668765607298091,4.8285132329734122,1.4818013640196319,-1.3336399624241975,0.3814241924646095,0.3080691394325073,0.2222222222222222,1,1
0.35188449925655096,-0.90809086446279963,-0.22704246532790023,0.9244856524801166,0.29916237353587477,0.23627981847545462,-0.14664098179355786,-0.29304070730802223,0.94478757735219743,6.9208449634059326,6.3244403093116404,-1.8889681180264046,,0.1913648265057681,0.3076923076923077,0,1
0.91111282634656265,0.41041484906756692,0.037855902203283102,-0.40989677594881574,0.89268030115185915,0.18736732106264609,0.043105112614918201,-0.18622978172213078,0.98156019564068653,5.783388309609891,-6.5255235046599385,-0.45759610940107637,0.3087461224278846,0.2956508253727229,0.7702702702702703,1,5
-0.40786892578349532,0.88644158700272213,0.21877900313401588,-0.90154975515540758,-0.42889884765693609,0.057042242748492761,0.14439867852388102,-0.17397439843450704,0.97410570798548834,-8.0373563807465889,21.444267936516631,-3.5335770440179952,,0.2140621115897139,0.2,0,1
0.72092839759131389,-0.69295513035078227,0.0086852096666337354,0.68101792915589321,0.71071937115206041,0.17633081306862292,-0.1283620883074206,-0.12120710701008006,0.98429264525120153,-4.9783590121251269,-6.289071199982013,-0.16472342533732184,,0.08335392706422468,0.3619047619047619,0,5
0.11432978110360616,-0.97337505644734512,-0.19866982820480913,0.98229778080853802,0.080892385265110056,0.16896003025787426,-0.1483906027059069,-0.21447009463383898,0.9653925665429216,0.93958578842731355,-5.0770770768536995,-0.49100154849648009,,0.09951815836433976,0.3478260869565217,0,5
0.97810071839500257,0.19589129734840036,0.070324848370553125,-0.20717477259433398,0.88397067798490814,0.41913536484456781,0.019939866490693792,-0.42452613592812349,0.90519609015851965,7.5364711661812533,15.713597513071502,-2.9772440805521474,,0.3876264708440064,0.2941176470588235,0,3
0.74586399416284266,0.66136099540987892,0.079300289797110915,-0.66088037858384585,0.71988596865113408,0.21213513933832823,0.083210740979301243,-0.21063196787209995,0.97401752894699145,-2.7426660176244901,11.948143848824497,-2.3789061819134005,0.5631990790737612,0.2510751583091753,0.2571428571428571,1,5
0.71273943304595944,0.67005219632164326,0.20744289524075255,-0.69572490056461189,0.63768064180567019,0.33065126916536897,0.089271290545644894,-0.37999138578505987,0.92067213676393211,-12.757266473391971,-11.844405243339905,0.89582206105490625,,0.6735626501352581,0.2142857142857143,0,1
0.98653075574390958,0.14091393263467336,0.083068234366579313,-0.15803987544658502,0.95209128153802502,0.26181212612884996,-0.042195565408916141,-0.27141380806567605,0.96153735187516787,9.5851479518664711,2.8487261463583282,-1.5400383748065387,0.7723138940444978,0.709294614043128,0.5879396984924623,1,5
0.9986510308950779,0.046334684596907483,0.02343534713850175,-0.050473759209495039,0.97218754398455898,0.22870019447418855,-0.012186801198792667,-0.22957455504601296,0.97321477873692674,-16.339174249026239,13.636136074381449,-2.4468211876469743,,0.1014697717847908,0.4545454545454545,0,3
-0.84915673639638689,-0.52741737183625237,-0.027636080003848065,0.52419936534546796,-0.84804574844878877,0.077675182068304011,-0.064403900534421202,0.051471588505462414,0.99659561165634214,26.049542013007066,-1.1173746734081127,-1.2653628300609601,,0.2709771265610517,0.8205128205128205,0,5
-0.66755559797060848,-0.74151151846544106,-0.067306698040963064,0.73763578998638635,-0.67093953409092788,0.075720426075179453,-0.10130629274265911,0.00089976492638475802,0.99485487658945226,-2.7046835776379652,-12.75781809494651,0.66389471577156123,0.3752050759820044,0.450199286961514,0.2222222222222222,1,5
0.71073562727043682,0.66751108965515638,0.2219995795398825,-0.6975583666979529,0.62796847407998813,0.34506219817785966,0.090924106694447726,-0.40010566198072967,0.91194751278392094,3.8223080641662035,-3.3851633872122764,-0.74921738228079549,,0.1422255488851816,0.15625,0,5
0.22610267211932464,-0.96720278000717341,-0.1157426628642073,0.96281247284230254,0.20386000996321738,0.17729421444900184,-0.14788415668959592,-0.15152517508385613,0.97732819334961107,1.7364722254439462,8.6027299966068984,-2.0438851777812781,0.6599316141209903,0.2609043098765101,0.375,1,5
-0.89069485632436285,0.45317482401703918,0.035989606755939457,-0.44578387850112183,-0.88619397340495865,0.12624173307281469,0.089103347781206821,0.096399275816036467,0.9913464445068253,4.3608924633727355,2.8056131629112304,-1.4710567361147915,,0.1130668654835046,0.5031446540880503,0,5
-0.53047458878793863,0.8312933424503568,0.16597617132582648,-0.84143147296802012,-0.5401284178450223,0.015948935234053638,0.1029066904974338,-0.13119706945639267,0.9860007819555312,-5.6044200831211732,12.132703736741005,-2.3764024024803687,,0.5358332554405167,0.7115384615384616,0,5
0.66643895542002174,-0.74543687105278567,-0.013527378670799001,0.73501850620799858,0.65386811642068499,0.1794555149897277,-0.12492763597552417,-0.12953901961763678,0.98367307992344133,-4.3531345407673259,17.461769159371837,-3.0451755630630353,,0.07592690986897219,0.1818181818181818,0,1
0.65558809387675976,-0.75498791115554698,0.014053653475893671,0.74397508444688953,0.64898698400533228,0.15911306770314632,-0.12924908080632588,-0.093857064734874221,0.98716033475321185,2.0498508216547617,3.7981937592637549,-1.5399630879810717,0.472205022571361,0.4584988478440605,0.9551345962113659,1,5
0.99449233836488682,0.10044189799155702,0.029940174705445122,-0.10467101531238315,0.96646376889663044,0.23450322378081428,-0.0053821452055642406,-0.23634552785693549,0.97165416891763101,-15.710384599566092,4.1919286775459241,-1.2530720826842943,,0.07290328549345315,0.2444444444444444,0,4
-0.39814247456231172,-0.89528162575607884,-0.19988341735360135,0.90799482652174612,-0.41562057159081534,0.052961641593428192,-0.1304912447605043,-0.16040682982366705,0.97838728731866609,-5.913062461168737,6.9678976006006508,-1.804998081285313,,0.1933372826817562,0.1458333333333333,0,3
-0.67445686240154634,0.73760960948018295,0.032249104824083011,-0.72767967029792757,-0.67149452937973453,0.139919242594397,0.12486087535558141,0.070902475384025762,0.98963761084038093,2.1884818264662589,1.5807082548937545,-1.3205186076187989,0.4134553332543702,0.3971715432635959,0.9774346793349169,1,5
-0.41464701844655116,-0.90885729149764216,-0.045235757813450489,0.90343311795364201,-0.4171071376456903,0.099147552211750478,-0.10897913322259449,0.00024375518647467794,0.99404400763017697,0.60529777549066111,15.067388727714404,-2.8365648648937434,,0.4460623538643922,0.6274509803921569,0,5
-0.95405458935281573,-0.29959336491412847,-0.0048637674963158241,0.2987269210884318,-0.9523060482045238,0.062252848690701926,-0.023282335618539683,0.057939677704586252,0.99804855923729119,-8.4835731081724663,14.767001929980124,-2.6425777082050996,,0.08505127122751212,0.2592592592592592,0,4
-0.19548735183651747,0.97209218724988578,0.12969762819603575,-0.9702768425973104,-0.21094542260512156,0.11859543583687983,0.14264481761122078,-0.10265869748676033,0.9844357002054438,-1.2685111120355785,10.914895097283413,-2.2754616283420575,0.1412047328732504,0.330711750128179,0.85,1,6
-0.48355614367167093,0.86301159990646126,0.14623417638935401,-0.86398305045271184,-0.49738236493646337,0.078384128371997139,0.14038071252066356,-0.088440722956685841,0.98613969298223147,-2.2552167433945653,13.898731128202142,-2.6290012853132358,,0.3793927546098151,0.2580645161290323,0,1
0.13177227241787123,-0.99027561908064488,-0.044612402718049324,0.97983190512905383,0.12329846803309437,0.15724797446028513,-0.15021819434742525,-0.064433578475349945,0.9865509657650039,-10.628373211122987,-29.333991840608807,3.4186358274658071,,0.4729627419817597,0.8928571428571429,0,1
0.055046646664547977,-0.99831513939171412,-0.018350726206130701,0.98699029721669929,0.051623277093263899,0.15226683966722829,-0.15106296664332297,-0.026493767634220514,0.98816904443797693,-3.7141437549626657,2.7941685732723207,-1.3360880769925225,0.220849254295388,0.1722851788197695,0.7482014388489209,1,4
-0.44236665361858646,0.86662374873303194,0.23081382518861657,-0.88573666123854322,-0.46253794914872909,0.039105147171277208,0.14064960257424511,-0.18714145379684166,0.97221179048935258,1.1236190882420003,13.042461217973303,-2.5631480333498362,,0.2898886607618309,0.2,0,3
-0.32801352295931552,-0.93811755996460644,-0.11109713066444142,0.93518022480028629,-0.33909430417112785,0.10223991403158098,-0.13358546290036546,-0.070359765240882707,0.98853650794340597,7.1170222505181542,17.988184477928307,-3.2357553535690586,,0.2612417588041874,0.1333333333333333,0,1
-0.66239549277171861,-0.74903028374184399,-0.013632505027480889,0.74212373621249739,-0.65855763968334358,0.12471645987882593,-0.10239419566418442,0.072494615333249413,0.99209876496343297,10.489817077340033,-4.0822956190842667,-0.79752572130045463,0.3607503644729778,0.1336551440429637,0.3055555555555556,1,6
0.26730199449306402,0.94393754474518199,0.19373062576801869,-0.95399033211682205,0.23088838036770576,0.19129297435821835,0.13583847013149972,-0.23595013759609421,0.96222421638655442,3.0343495611565108,2.7055433367999182,-1.4473531515241078,,0.1710756452275818,0.2926829268292683,0,5
-0.52540385441470794,0.84795748115844305,0.070134869455905607,-0.83988738073106706,-0.53005869275059581,0.11673461323976364,0.13616158582682605,0.0024274239345461342,0.99068366805866248,-27.212960844933296,5.8966954557750189,-1.2789353136855837,,0.1052245709561627,0.3043478260869565,0,2
-0.99830490126415183,0.046794187832508577,0.034606763747400224,-0.050063167314838571,-0.99366984621897092,-0.10056796703510537,0.029681701271641173,-0.10213001860502843,0.99432814297361538,-17.723402772493614,14.987968385020798,-2.5588527140088195,,0.2192296555261827,0.2142857142857143,0,2
-0.26486317662468489,0.95341185285352004,0.1444068436975818,-0.95311546931628044,-0.28157113674122042,0.110853944919713,0.14635026415516553,-0.10827526861049037,0.98328941130729097,-6.488291626387956,13.94827902802621,-2.586338725283913,,0.08615205567616215,0.3076923076923077,0,3
-0.30806662290655751,-0.94684676349301822,-0.092607571578923215,0.94121811232770958,-0.31751244220588337,0.11530097168159019,-0.1385764080830939,-0.05164354274497527,0.98900430919967985,-2.2877277365891064,5.8485369315466249,-1.7731306025417741,0.4682801944981799,0.17833288485867,0.3826291079812207,1,5
-0.65114617142608555,0.7388643020145732,0.17345952451701227,-0.74829938773161331,-0.66317273279964428,0.015809895367913711,0.12671499421001087,-0.11950510315283301,0.98471409077091399,-2.8041981898644104,-10.30903326443733,0.36222436792872043,,0.07861638746068439,0.2608695652173913,0,5
0.87908880185555294,0.47453281802652725,0.044960905995903709,-0.47343441793031338,0.85829904924870626,0.19794593700744167,0.055341940435398126,-0.19529809695583678,0.979181251329025,-0.0075159761130139972,-11.722453615483706,0.39683201695005293,0.6275430087893065,0.587388473575772,0.8825503355704698,1,5
-0.92598361309495525,-0.37660660243619337,-0.026866620202023843,0.37580751985805844,-0.92619537615682845,0.030509559220791155,-0.036373840844044075,0.018154673976111681,0.99917333406925657,2.7814001206437009,-3.8225752221146196,-0.68585927891665255,,0.1149412297942431,0.2127659574468085,0,5
-0.80728039945457952,-0.58839025173988613,-0.045774100907930521,0.58645363334481848,-0.80847120972730502,0.049461489855553931,-0.066109701202753515,0.013084903497662032,0.9977265620937138,-0.43530165475836369,12.702231907253211,-2.4844738892016816,,0.2559904679004069,0.3076923076923077,0,5
-0.082608100222780895,-0.98877248321160549,-0.12451858584620312,0.98562149941480237,-0.099539223867704099,0.13653645228704286,-0.14739797036899743,-0.11144917835215458,0.98277816366448123,-1.1974573507862403,-10.821618900271478,0.35419831621079384,,0.09030225400122881,0.2758620689655172,0,5
0.95883287124412087,-0.2839688879308469,-0.0010934848294960656,0.27167771286180681,0.91619687614853207,0.29457512534130953,-0.082648323370361376,-0.28274538868563132,0.95562769937935477,0.62176545230739488,11.817434681905404,-2.3684956958765677,0.3398566166591984,0.4543689793875581,0.1388888888888889,1,3
-0.034258151319424814,0.97373319100796951,0.22510009284230031,-0.98857197564532606,-0.066100567697040466,0.13548492137070398,0.14680540874529208,-0.21788618056124118,0.96486982763664131,-1.3066015040296695,14.079034619148457,-2.6785850931844517,,0.2456604551738155,0.2432432432432433,0,3
0.29723477619035438,0.92844947040312154,0.22278480363622813,-0.93722842286205155,0.23914622088605764,0.25379513079534877,0.18235781091738615,-0.28423698904977129,0.94125180629486116,-22.862810430345451,8.0958712627910447,-1.6700112814245716,,0.5314032851884011,0.4102564102564102,0,2
-0.22394682382586897,0.96628858899457237,0.12702040338931608,-0.96715813788859883,-0.23641768357293794,0.093337105214729238,0.12022044923458088,-0.10194626855792994,0.98749886172742063,12.082355425540173,-5.7002753155782369,-0.60265223850781269,0.401177275371296,0.4077539160846179,0.6493506493506493,1,6
-0.46273070061411276,0.87673046175651037,0.13124022301637286,-0.86958050591436364,-0.47768287068560417,0.12509523886734752,0.17236601301559057,-0.056238532002313955,0.98342624790847077,-2.2084984099607432,2.1072669608711738,-1.3007198150849437,,0.2290275613771171,0.5793103448275863,0,5
0.97034251735008881,0.2300455223425224,0.074259387775877483,-0.24119003170097636,0.90074507587295105,0.36122801233945528,0.016210108906919464,-0.36842552292259506,0.92951593123971687,3.8802480211705483,8.3205703630378824,-2.0649904559090335,,0.1192965902232912,0.2258064516129032,0,6
0.42488557741909139,-0.90466284416043008,-0.032517449112845813,0.89378747306889728,0.4135386531081266,0.17357919048846759,-0.14358342204572391,-0.10281498325184792,0.98428292687243235,-3.706077232420407,-2.9088424639410286,-0.61385944071827725,0.6577143157735748,0.7911209383467958,0.7090239410681399,1,5
0.79829187838208227,0.58642342345196874,0.13725030177045594,-0.59604229359782357,0.73655896584095382,0.31970998433260162,0.086392483190693689,-0.33702886859463438,0.93752220271413744,-8.0929435642899019,16.644241869767363,-2.8764511224343119,,0.288627602483203,0.1875,0,4
0.89314557081440371,0.43001225135544269,0.13183494612141675,-0.44655754116408225,0.81286229073955263,0.37395355155839383,0.053640952304208206,-0.39286684764417434,0.91802956829179927,-3.9752840010817447,-14.430301148538025,0.92309267877318735,,0.3784823093865917,0.6666666666666666,0,4
0.13600233116128241,0.9790710060846689,0.15140452755136879,-0.97901410115958598,0.10940621304963266,0.17193507576067452,0.15177205160828319,-0.17161073856403833,0.97340382101167056,9.9870837296685373,6.7853631747223417,-1.9914072133528111,0.526381983279807,0.2995274958599167,0.5,1,5
