axis_00,axis_01,axis_02,axis_10,axis_11,axis_12,axis_20,axis_21,axis_22,location_x,location_y,location_z,dbh,dbh_approximation,score,reconstructed,number_clusters
0.95052078620713099,-0.30174212326198274,-0.073904844479412424,0.30663234122166916,0.94944737639821075,0.067277684022788123,0.049868249468911094,-0.086610452601881174,0.99499336037734554,6.8374008134759805,-10.321254570569383,-1.5658238004799845,0.4773489822620163,0.196514636322062,0.45,1,5
-0.87984366943407466,0.47342335329351365,0.04177853411869329,-0.47378699057820423,-0.86679211613114326,-0.15555486161397197,-0.037430000208795763,-0.15665808619161137,0.98694338191972819,-6.9810099999613691,12.781209363934881,-0.55221059273716544,,0.1760102104097136,0.32,0,2
0.4852780105061732,-0.87250258592095076,-0.056960425563933485,0.8741841228952868,0.48545606700157151,0.011598546855689063,0.017532022044488907,-0.055422419404240891,0.99830906217985016,-11.887110784873231,-21.998356864690038,-1.9438427585757365,,0.2215574451157001,0.2916666666666667,0,1
0.44354587473391272,-0.89442785199931574,-0.057147830881129708,0.89609888858572473,0.44374512955730494,0.0098509831793090717,0.016548077893115052,-0.055579470688921002,0.99831712574511244,0.32703501700307913,-14.876123668592506,-1.7923378786048485,,0.07619323235849007,0.2105263157894737,0,1
0.67574524054909924,0.7365079991841148,0.030402911259492512,-0.73699366238639008,0.67423221163011116,0.047447512080879196,0.014446850090470807,-0.054469183380891795,0.99841093572951367,3.1445225561372303,5.6096154380606551,-0.88240789345061266,,0.06626371440748359,0.1081081081081081,0,4
-0.66909773242011861,-0.74065587864652283,-0.06113177485238961,0.7430706061073824,-0.66811195905939058,-0.03837296575756733,-0.01242170718796364,-0.07110048936660833,0.99739180947226869,-8.9228387693265692,-8.08560079212738,-1.6201006791808805,,0.07830337132833443,0.336,0,3
0.1734164558329,0.98392319331225986,0.042683515653715358,-0.98484856763512785,0.17326133813075167,0.0073353620345505879,-0.00017797020115107158,-0.043308871739476118,0.99906171478806127,-0.58860687137840639,12.201618094203866,-0.5241582922727116,,0.06938040231759168,0.2105263157894737,0,3
-0.010401823863324089,0.99992015856234717,-0.0071748561634545974,-0.99992811714337659,-0.010444162568603151,-0.005888973963424411,-0.0059634391434543266,0.0071130843443944639,0.99995691978439327,5.9120405044448985,-4.1559037584191101,-1.3292765322675844,,0.06933464006517262,0.3714285714285714,0,5
0.36500274533610144,-0.9302468922962307,-0.037599405185625316,0.93088613688018829,0.36530706063000035,-0.0013234871162516293,0.014966497966684365,-0.034517688611390901,0.99929201593505124,-9.9456098455134185,-9.2740984614133666,-1.6417757910437334,,0.1487062745480968,0.8163265306122449,0,3
0.79136019844449912,-0.57063264272599423,-0.2193796329959348,0.6108711984574704,0.75227676742571636,0.24681175840435332,0.024195355195096115,-0.32932970143469154,0.94390493829618272,-12.715507333816195,11.836136923570175,-0.66797587893170107,,0.386969643844327,0.2222222222222222,0,1
-0.22340120299760596,0.97400914930084281,0.037390902335635613,-0.97463532118794283,-0.22269096847314609,-0.02224237517375945,-0.0133376606682161,-0.04141146747874111,0.99905315032242359,-11.006819599769445,9.150807156154114,-0.75319512663569754,,0.1180832979999003,0.2708333333333333,0,6
-0.60823758938942352,-0.77217958532889597,-0.18380893029185966,0.79365339664636214,-0.59533446693371261,-0.12526435435687441,-0.012701214329177058,-0.22207107079051658,0.97494775176545645,-24.532659755886876,7.8438623241317034,-0.85165877314027716,,0.11859877673262,0.1666666666666667,0,3
0.92390811288900887,-0.37120733006232737,-0.092730345873774114,0.3815984057475364,0.91163338628335544,0.15266704210300822,0.02786495413256488,-0.17643607091958693,0.98391760692125529,-32.911233419061233,11.202114159553446,-0.7606187848527397,,0.226089658492756,0.2857142857142857,0,2
-0.94248844457651326,0.33366770858050515,0.019529262412569588,-0.33364861394985812,-0.93574655924662842,-0.11426713992847665,-0.019852814638796262,-0.11421137031281375,0.9932580876298901,-7.8432580155220304,-24.551892077123409,-2.045183143468186,,0.308245444283728,0.4,0,2
0.90672413870470592,0.42167925507771004,0.0061597181198813642,-0.42152931463047172,0.9057643209555486,0.043635212742676573,0.012820811104357331,-0.042161602448690536,0.99902854117466766,6.7200313430238721,6.0231500373240712,-0.80125993156153841,0.2343964036258322,0.2201996975889439,0.5636363636363636,1,5
0.73249057954429897,-0.67407318525991466,-0.095304206582976475,0.68038182004722225,0.72962645810065607,0.068744531336838235,0.023197625483807771,-0.11519797113250382,0.99307164777717249,-24.724360408393363,4.8279939169821979,-1.0456840318283644,,0.2886810839049866,0.5263157894736842,0,5
-0.6595494407994662,-0.74946921440566217,-0.057362285512964045,0.75154241953490952,-0.65887872222860033,-0.03260093609117682,-0.013361391421750402,-0.064612120012940102,0.99782099956189951,-22.175492081590406,14.457441195860341,-0.49570581615872439,,0.1330495109273021,0.4642857142857143,0,2
-0.83012768037091411,0.54454646193244471,0.1198214716937725,-0.55684772371719549,-0.79871789760405654,-0.22797002574446829,-0.028436716986724713,-0.25596654243047468,0.96626729339412332,0.43259252331557196,-4.8703834507530539,-1.463748395864638,,0.3927952329273696,0.2264150943396226,0,4
-0.98011218714433201,-0.19582495597632149,-0.032135451265325722,0.19709761776205145,-0.97944585848906962,-0.04287585988798704,-0.023078771277488603,-0.0483569737006131,0.99856345487447129,-16.539883736696808,8.8868365200923591,-0.80744880274207309,,0.08332096917284212,0.1851851851851852,0,3
-0.05098423186696513,-0.98605181567705058,-0.15843744791219061,0.99869875371935468,-0.050526978010646727,-0.0069154763046378812,-0.001186347480262432,-0.15858386201976613,0.98734479858180879,-22.1656666823698,-2.4068027463217443,-1.3742627504251983,0.1896487069236805,0.1532591904314697,0.4583333333333333,1,5
-0.69621819827326525,-0.70259759379414977,-0.14709466879462507,0.71771188073924541,-0.68505251486328977,-0.12487076569485206,-0.013033673268304419,-0.19250889089637963,0.98120866806555607,9.0518324582417335,-7.5123453538617673,-1.4762033817589308,,0.2028463810354392,0.1875,0,6
-0.28169762903857498,-0.95525297185023395,-0.090212003443776584,0.95950319789659022,-0.28047360531582688,-0.026232993488296732,-0.00024294085841652271,-0.093948477861199475,0.99557703091589145,-4.3616232054646984,7.9444943567640216,-0.74180467442675779,,0.1525444332703907,0.3653846153846154,1,5
0.67050318607307968,0.73348847671522888,0.11144564590786772,-0.74056100552294446,0.65264966324044915,0.16005565960306825,0.044664018680521514,-0.18985012930757017,0.98079664244796672,16.131370099730422,5.8563430750158929,-0.64094146240954974,,0.4456231937394203,0.52,0,4
-0.61994140319952806,-0.77150878827346869,-0.142992469087725,0.78463054466762128,-0.61076591960433801,-0.10639501785543724,-0.0052502355748768222,-0.17815493556640838,0.98398844198483193,-28.614532443738049,6.7220936169253935,-0.93362202769504876,,0.2332886009313921,0.6,0,3
0.84337000335326728,-0.53199280388597614,-0.075569134290704859,0.53693688754954816,0.83977287192439698,0.080500325269238393,0.020635315178430442,-0.10846741535312165,0.99388581012815547,4.9198618670999545,-2.3720678540853748,-1.2280540700634979,,0.1621071959042841,0.3076923076923077,1,5
-0.98829420298769033,0.14944372417095442,0.030678031991013849,-0.15244610290587984,-0.95961288575251402,-0.23643877686737996,-0.0058952565453818306,-0.23834781896138355,0.97116196545510158,-38.130211340352105,18.124237776879085,-0.42714257116020365,,0.4007640793795194,0.8235294117647058,0,4
0.89146227567362724,-0.45176689456544489,-0.034665314443866335,0.45244853190282314,0.89166659412312621,0.014866435478759958,0.024193739474872571,-0.028937137031127557,0.99928839934758773,9.6142006687753838,10.177952625395298,-0.44409394837240374,,0.27368558788822,0.8253968253968254,1,5
0.79125758362617959,0.61146243101008457,-0.0050131643994124229,-0.61131778799361436,0.79120779277797204,0.016756811450944091,0.014212615405064117,-0.010194317566456406,0.99984702702598505,5.9746212833205705,5.1969389890682383,-0.85797146444875227,,0.1101151804970944,0.3815789473684211,1,5
-0.99638176204297457,0.083815647859117659,-0.014082664594936428,-0.080671085570450746,-0.98482165715229242,-0.15368304902199634,-0.026749957402248368,-0.15199092334007541,0.98801983735206911,20.14494235105532,4.2096205171199559,-0.56133275237138236,,0.549163019072,0.1428571428571428,0,1
-0.49802910141051537,0.86626963966719173,0.039292817907446355,-0.86715865471183817,-0.49760531627581894,-0.020611083726884052,0.0016975590089648347,-0.044338026624055386,0.99901514387345269,3.1800021015319393,-18.652628807635725,-1.9102108245190228,,0.1665601617759924,0.3,0,4
0.30227516105244351,0.95257721076788393,0.035019773505815685,-0.95281881530068979,0.30087702256212728,0.040116362037698583,0.027677287072795629,-0.045493678899693267,0.99858113989823716,12.407166383188457,-24.31070676034162,-1.7565070601330512,,0.2354405096170355,0.2142857142857143,0,5
-0.38063130651930904,-0.91789692488262475,-0.11218308156057737,0.92468350837079938,-0.37897726713979973,-0.036560092154161207,-0.0089564415074189271,-0.11764976108038679,0.9930147611557717,-9.6827819795205041,9.871909431140482,-0.71840685682640837,0.4021264423877988,0.3301100915692207,0.8686868686868687,1,5
0.24128298220605723,0.96468600677795369,0.10565713806723426,-0.97044610526109309,0.24030746402328018,0.022060814089169715,-0.0041084402549426934,-0.10785745714370927,0.99415787964345281,8.3338901848080162,-3.4912569936010853,-1.260336798128201,0.4261392995990979,0.2766897603596368,0.2692307692307692,1,4
-0.97721182623895486,0.21073756524610562,-0.025430793398355172,-0.20451316341107248,-0.96682089456952491,-0.15307424282151233,-0.056845515657107201,-0.14438502837180434,0.98788741814629411,11.603476240127069,4.2694607455706066,-0.78170751877202982,,0.2947161946045271,0.5882352941176471,0,5
-0.70024081159223028,-0.70930461990892002,-0.080930599630274325,0.71378917804090081,-0.69766930917285841,-0.061339582244749676,-0.012954346465514577,-0.10071986504224267,0.99483048490359549,2.2222086855289485,-18.453702064823972,-1.9200377390771184,0.4349050597715057,0.2076075709320279,0.3103448275862069,1,5
0.47121042846254441,-0.87918930852031796,-0.070617928967857929,0.8818530649009787,0.47116985288681451,0.01827954199007013,0.017201861320639281,-0.070888147910505198,0.99733593460424508,-5.6448338416730506,-19.168402303226152,-1.9669557117654302,,0.09041877324429523,0.28,0,1
0.17684329171348404,-0.973449687133223,-0.14533463728984228,0.98381921029658559,0.17914246017440405,-0.0027821599639351788,0.028743897219104305,-0.14249100176113763,0.98937864480175908,6.8363625104286339,10.005478526451617,-0.47391379578903731,,0.6451666622847839,0.3243243243243243,1,5
0.70782232212224816,-0.70465500073704823,-0.049486263162007549,0.70619854954994521,0.70752451520688819,0.026318605487596746,0.016467207383839323,-0.053576023718906692,0.99842798476577632,-1.5382817475442514,13.602576392442321,-0.49847161544810975,,0.07575924410219555,0.2857142857142857,0,4
-0.97561404021698939,-0.21737047889881422,-0.030451920050807973,0.21886052927523122,-0.97392021398506834,-0.059828801731626795,-0.016652725207793189,-0.065034542318500546,0.99774405287557355,-6.7044682003780416,-16.482248896387979,-1.9452661864336294,0.6052402720548863,0.5882274152067151,0.924812030075188,1,3
-0.91751151356995908,0.39740756598850852,0.015487057875886598,-0.3968289723902555,-0.91219703713158551,-0.10209472131334661,-0.026445966389143052,-0.099818795541948363,0.99465412024396627,1.798609951389134,-15.296297918659313,-1.8121295314772108,0.8046630287138884,0.6555591158229365,0.8415841584158416,1,5
-0.99957389683279818,0.016199971447722124,-0.024281385783912406,-0.013580474516066985,-0.99444153903192012,-0.10441070902806897,-0.025837869153872785,-0.10403646655340913,0.9942378076419488,-2.79535869712879,3.5847352262916399,-0.99489061613330398,0.3367757388934182,0.2715991331979237,0.8026905829596412,1,5
0.5194786892272395,-0.85311730021601218,-0.048298690571206816,0.85426085700955867,0.51980306102245244,0.0065700786132592446,0.01950075947353885,-0.044672696625934427,0.99881132880846124,4.7582354009235086,6.6539015563251258,-0.76687835751803013,0.3721888822784136,0.2868801619888591,0.7898550724637681,1,5
-0.64332329468007687,0.76350859562810802,0.056477986188998283,-0.76527620712789568,-0.63917615526608884,-0.07619822401606699,-0.02207861693840809,-0.092241351579725087,0.99549187225854974,6.7681868612819889,3.037478236967623,-0.89242906086228313,,0.07986593595318707,0.2280701754385965,0,5
-0.97414116279891161,-0.22182570543855293,-0.042922620463730916,0.22446636474839515,-0.97182611080157844,-0.071894794393749198,-0.025765209826926719,-0.079670363190884233,0.99648822732213371,8.6219561918450029,4.4331044464344851,-0.84027880625634732,0.2902730348258938,0.2588758357109286,0.4545454545454545,1,5
-0.0023349742683383243,0.95958488699621758,0.28140965254166672,-0.99998239021042423,-0.00070521924725670858,-0.0058925321262778708,-0.0054559292711797366,-0.28141845588779113,0.95956963557707409,-13.947969384190314,11.478084811801969,-0.70045561721633498,,0.3427938415615273,0.1818181818181818,0,1
0.86004642589817182,-0.50875152844844429,-0.03862677311335292,0.51016622408876511,0.85855007418990559,0.051207361848836348,0.0071111953137777545,-0.063746783525738857,0.9979407690295703,5.9301460978049612,8.2183968484964272,-0.60850430345298845,,0.104841103774628,0.5333333333333333,1,5
-0.26757739664504526,0.96353314946229895,0.0024913233275019623,-0.96345418238675029,-0.26751990793705072,-0.013752719688470904,-0.012584722727889791,-0.0060801928105895459,0.99990232323424855,0.43198655025994465,-2.9417877277718163,-1.291613960417511,,0.08152899187433268,0.2722513089005236,0,5
0.79697274765327264,0.59859248931826037,0.080755626613647297,-0.60401341434411537,0.79014610396746443,0.10410057481782782,-0.0014949215225593465,-0.13174280290325682,0.99128280480034381,1.9464255237978976,-6.8680707560952996,-1.5846669524061807,0.3038119908707317,0.1747154382376454,0.2716049382716049,1,5
-0.73433606648367145,0.67338571421241045,0.085453035966738533,-0.67857589164578824,-0.72513551183150837,-0.11710358132005114,-0.01689084777073644,-0.14397975335268615,0.98943647086919517,-11.323011247442626,3.9512991089950669,-1.0489056710349312,0.469492814510031,0.1692942242669844,0.1326530612244898,1,5
0.9836470626039161,0.17942296131666655,-0.015679833642145747,-0.17865433882341433,0.98304399781237339,0.041317376303858254,0.022827252358881219,-0.037840445523592163,0.99902303138231996,-0.85579897369291169,-10.593849896265164,-1.6598768350860089,0.3139521091733948,0.3009182249223706,0.6521739130434783,1,5
-0.19029415924035539,-0.93657248602492249,-0.29431294803338426,0.98172706276309663,-0.18164153297836952,-0.056730307030812568,-0.00032741036736188108,-0.29973043208583811,0.95402387857122728,9.7021291218507653,-6.361172385422587,-1.4224968677433885,,0.2587294950212998,0.2,0,2
-0.9497761918719474,-0.31073662300604343,-0.036985625261997716,0.3129169921276706,-0.94200217381103635,-0.12130482501967003,0.0028533122843890537,-0.12678586537182066,0.99192600679230403,-24.778021038181222,-7.5374470434929277,-1.4452206930460756,,0.4481571127442592,0.5,0,3
-0.39686909846866808,-0.8993293010215716,-0.18358030124367164,0.91786105096565784,-0.3899555376827058,-0.073930844380470886,-0.0050999804788056319,-0.19784207579441351,0.9802206400828708,6.1221685411829441,-10.399121972158849,-1.5920380643209553,,0.07632677415495881,0.1666666666666667,0,4
0.51555815232832214,0.8505853982495617,0.10346145104550378,-0.85681936781846157,0.51285985521027289,0.053247909300457717,-0.0077693306647554049,-0.11610016881267929,0.99320712255938304,-8.6834920739307613,-6.5972518718744642,-1.5285015181178392,,0.1301175853831676,0.2611940298507462,0,3
0.15225837640241,0.98743372956153519,0.042332216331040312,-0.98827872915347803,0.15258883822762709,-0.0046690417783999561,-0.011069793046278122,-0.041125128237356465,0.99909268014002217,-23.287232963708572,5.0999409597324821,-1.0322826230025355,0.2942151118317892,0.2343291145527804,0.9,1,5
0.78945621849765835,0.61301357385238775,0.031196752204363423,-0.61378674577509018,0.78882165347530064,0.032034820419628102,-0.0049708939037495107,-0.04443824120299928,0.99899976623249609,12.67877050979593,-14.26961196766743,-1.6091511935306682,0.298040324734496,0.2131989027078126,0.4666666666666667,1,5
-0.85720862797475805,0.51495865786824735,-0.0033088989354264093,-0.5142097203857201,-0.85627545378087766,-0.048792527226921976,-0.027959463272222977,-0.040123907323240636,0.99880345437660745,-18.687018221114879,-3.6623254593491308,-1.3951255675671435,,0.06878012986286636,0.2571428571428571,0,2
-0.99828756109838923,-0.045919032998938965,-0.036240692110826846,0.052849035736693528,-0.97356273890802425,-0.22222189998199429,-0.025078372712978896,-0.22375664418816299,0.97432234881671509,-1.0784131795782625,-7.5314648659022678,-1.6096433372922416,,0.1656242360240859,0.5394736842105263,0,5
0.97857189868184091,-0.19326434704532919,-0.071034718774397348,0.19918493239917856,0.9759364706365421,0.088732000916368112,0.05217664051421729,-0.10097968826764225,0.99351935096505206,-10.051713204434057,2.1011515245552999,-1.0977906004430693,0.3924289223900778,0.265105608634601,0.4637223974763407,1,6
-0.95912968970103418,0.28106681240369774,0.032736604882340876,-0.2816900597712278,-0.93741295420288506,-0.20471361341811684,-0.026850485285745192,-0.20556848070130951,0.97827432307204909,10.244585448182228,5.457628168687827,-0.7921877255052453,,0.2878752180915234,0.15625,0,1
-0.99639145035207854,-0.078100994754590175,-0.033231194435722922,0.079616108477680317,-0.99571623331902748,-0.047015507822827721,-0.029416881822375195,-0.049491588409664222,0.99834123912645067,-6.1002891114506879,-5.5193229976974241,-1.4990733634647462,0.2597623110586088,0.2013179254538384,0.8555825242718447,1,5
-0.48418680301707778,-0.85717885348177703,-0.17552080482884944,0.87479638486742017,-0.47818730370746898,-0.077898572489313062,-0.017158811351415965,-0.19126242630649218,0.98138894403613475,6.0742015465054484,3.486647016617308,-0.88844212888500484,,0.1644312127108879,0.1764705882352941,0,4
0.75702879144674873,0.6531366768633049,0.017885476136589935,-0.65308570815320832,0.75557889039972581,0.050789744913126121,0.019658756997738735,-0.05013004805779471,0.9985492033720853,-9.8128930939555818,11.424374454490316,-0.66474819336256885,,0.08173553602118672,0.1666666666666667,0,4
-0.92977332186615436,-0.3654572471859226,-0.04430090772506743,0.36757373512729102,-0.92824345019286014,-0.057040743496452641,-0.020276074337740219,-0.069318811684444467,0.99738848156378279,-17.554362123244015,13.333584361774379,-0.55653122698377977,0.3914489154031403,0.405941319482594,0.82,1,5
-0.3303956248264438,-0.89769916804067706,-0.29150460510019449,0.94378755131040759,-0.31755832622767349,-0.091770188160335636,-0.010187692920806962,-0.30543888610089431,0.95215718123133253,-0.1699951430928299,-18.623736691072907,-1.9438342890149229,,0.1763094400220547,0.4285714285714285,0,2
0.53063965163699711,-0.80908146004130133,-0.25260394123608304,0.84739373285893982,0.51293967846601474,0.13717415123328955,0.018585521837128274,-0.28684504052295834,0.95779669090335895,7.4066521587538912,-16.116999321091338,-1.8000370335512195,,0.4590019799282788,0.5,0,1
-0.81428226394559766,-0.57666902005438658,-0.066311657596111254,0.58017818381954256,-0.81216245014486943,-0.061525844931527053,-0.018375789601743499,-0.088571981372184916,0.99590026331571813,-8.1995733943993852,-23.344318808947946,-2.0315756124241475,,0.1169859103491308,0.44,0,1
-0.60189271138942668,-0.78285436445712964,-0.15768388638889488,0.7982637288083656,-0.59534096201605968,-0.091346363993073429,-0.022364776887928622,-0.18085403782115061,0.98325562991448845,3.2793614574852556,-8.3873932350787399,-1.5841808547286851,0.6821979286503245,0.390370219307581,0.5821917808219178,1,7
-0.86360377734411065,0.50412965426242962,0.0064658680953791408,-0.50348833667287263,-0.86169608360766492,-0.063082123692818751,-0.026229955992488601,-0.057733449476495322,0.99798739381826718,-11.846875452728696,10.597457372703902,-0.7316890661571237,0.2677874812849919,0.2995959446970004,0.4767441860465116,1,5
0.95802915168338798,-0.25929317549232894,-0.12225871612246522,0.28343267190766941,0.92066740097526811,0.26839794573864678,0.042965858772851653,-0.29178517084415123,0.95551836667610035,-3.9907145569665525,-5.9218724040481439,-1.5390496447014854,0.8143836878343493,0.6994024292308471,0.2981859410430839,1,2
0.39052136761067419,0.92046247401770964,0.015552985716160744,-0.92052826767990548,0.3906394865160096,-0.005338536947686494,-0.010989533280454322,-0.012232150248697128,0.99986479318884525,-4.3299933297918729,17.157158025725167,-0.42029340483786942,0.1614020989074885,0.1948143749992841,0.6363636363636364,1,5
-0.68373479340111998,-0.72207077108812834,-0.10545394176095783,0.72959288673600731,-0.67923738236374176,-0.079566312116822066,-0.014175751018819077,-0.13134070176395235,0.99123592960667295,-5.9113097082594876,-0.52537595405996063,-1.2890943353788835,,0.07378910127312854,0.2974137931034483,0,5
0.93747810821320465,0.34714321125291658,0.025027734655868897,-0.34729100311207844,0.9282990378653061,0.13285275855530357,0.022885711227705174,-0.13323845983559127,0.99081973993367856,-21.030865334352896,3.7298159291210471,-1.06597909371338,,0.08379789858254445,0.5454545454545454,0,1
-0.58756446542095575,-0.80685965307778762,-0.06120048373811187,0.8090896577647414,-0.58693153505194007,-0.029753972166868342,-0.01191321420608577,-0.066999055193081553,0.99768191420437935,-7.6021343079836008,-1.06223774638955,-1.348781010380373,,0.07710264270258835,0.4019047619047619,0,5
-0.89324238719737825,0.44957069955566131,0.0020551921963142049,-0.44883642522739936,-0.89150283833585908,-0.061388538247766272,-0.025766278408407915,-0.055757289569541194,0.99811182918390484,-0.50806552870944921,-3.7233803204665645,-1.3443638562380067,0.1004941065809897,0.09350005214995974,0.446078431372549,1,5
-0.88493782583304936,0.46563342790095852,-0.0083997161308394623,-0.46498954669990522,-0.8844289422264775,-0.039625340528141817,-0.025879835194462474,-0.031160182498781108,0.99917930180571213,-19.657427012820978,8.6258629853710502,-0.81249466911158463,,0.08999323613766394,0.35,0,1
0.31192742281515001,0.94453686463723197,0.10271997973698148,-0.95010068181672691,0.30973790665011786,0.037028686114869355,0.0031586875896997368,-0.10914458541434886,0.99402086606239837,0.11456380061961741,-26.06897232696749,-2.1333807815622463,,0.2235383149006642,0.4166666666666667,0,2
0.57182690961980331,0.8185082044687535,0.05530194076162593,-0.82037429519468086,0.57052331582583571,0.038589660311076288,3.4906957351405623e-05,-0.067434896874177627,0.99772367590684818,11.740997174940309,-1.8159692051635936,-1.088503494117071,,0.1011611481538191,0.4117647058823529,0,2
0.9117011307948949,0.40975160882563172,0.030077685617695384,-0.41020980766166798,0.90373093100072177,0.12246762041758842,0.022999169669526736,-0.12399202965261827,0.99201664037310255,-19.599917515131949,-3.4095617633288855,-1.381956392897457,,0.2260635846974163,0.3333333333333333,0,4
-0.84159414454018666,-0.5209832245227406,-0.14246324312453346,0.53976496962453568,-0.82070373377783068,-0.18734769528700623,-0.019315109160875071,-0.23456739144437003,0.97190795110909989,-8.7695057769658131,-26.71513616009943,-2.0355942964028024,,0.1600294831377051,0.25,0,1
-0.68930265107902855,-0.70691202224836136,-0.15854730529451619,0.72405495708010348,-0.67964301926550164,-0.11760010838175082,-0.024622638834004385,-0.19585902880490927,0.98032288889551356,-14.92181123890839,2.7439182240617304,-1.0772367356170052,,0.1785923638620939,0.5476190476190477,0,8
-0.98616548943841675,-0.16291307685636919,-0.030609750568680549,0.16424081218089687,-0.9852752747905954,-0.047514087389682443,-0.022418364232152748,-0.05188412353992071,0.99840144965321809,-17.286735546615763,-2.6376775461222164,-1.3871344968635828,,0.07983158130288059,0.3088235294117647,0,4
0.24977441674155915,-0.96138087799934402,-0.11558351162092784,0.96823569191751946,0.2465526921236007,0.041610274015056056,-0.011505895811148647,-0.12230526327111271,0.99242583447720045,-5.6564778763648498,1.572305351743839,-1.1205659289667298,0.5866044897208477,0.5545103120080922,0.6349206349206349,1,5
0.99877036312073242,-0.034729738749153638,-0.035378058144780095,0.041833164428655381,0.97334487968036565,0.22549885044917461,0.026603535583921669,-0.22670154486996702,0.97360087379172222,-7.6928824712738262,-12.953540468309882,-1.8130537952279044,,0.1187162791308133,0.1578947368421053,0,1
-0.8388624203440942,-0.5413547680931734,-0.0569636269669868,0.54434304945151413,-0.83438973016308948,-0.086512558118418376,-0.00069587949675144754,-0.10357988830440369,0.99462089385382058,24.830899858336885,-17.553010440804947,-1.2848834766831074,0.1598308508645453,0.2391267368346824,0.85,1,3
-0.54167660771568704,0.8357617127028456,0.089937824265607605,-0.84046759566226126,-0.53668760738279631,-0.074703632598597039,-0.014165920207404233,-0.11605503720965726,0.9931417597920964,-19.9878327307459,1.2233397140094275,-1.1433016995286243,0.6140587359562196,0.6478810082967917,0.7686567164179104,1,5
-0.69011070846032219,0.72370312740057718,0.00099672414336330587,-0.72338155023245343,-0.68976165302605896,-0.030789524160875461,-0.021594972833663927,-0.021969192187798203,0.99952539324567979,7.2667492859865304,-1.2044426817562488,-1.1588367103503152,,0.07988380400748044,0.4489795918367347,0,5
-0.49232170633203032,-0.85299313358420359,-0.17326872635452592,0.86997959531375457,-0.48851155588784972,-0.06702211203586779,-0.027474373733249104,-0.18373669699391515,0.98259146391861796,14.514880492676166,-8.7598915227370302,-1.3343800474304179,,0.371054407571285,0.2105263157894737,0,6
0.96121484917528044,0.27579288874209656,0.0020727383411567831,-0.27474223278650378,0.9568411538863798,0.094719120312987945,0.024139578464172182,-0.091614893705495609,0.99550187945724189,-21.51787613160116,6.612246310365955,-0.91229096918382335,,0.1381098858185593,0.1739130434782609,0,3
0.90246500764490523,-0.40539610407862386,-0.14563965385276462,0.42944706224987145,0.87313405372892638,0.23067757789574131,0.033647149974915302,-0.27072296359334658,0.96206909641761162,-2.9454438252464397,6.1037684293920025,-0.90542293503720694,,0.3857455673850487,0.1428571428571428,0,3
-0.38736373406897806,-0.91729001809123423,-0.092349121481045696,0.92192687881281388,-0.38537091181873934,-0.03924398611833934,0.00040945158565354006,-0.10034083433067692,0.99495303874867513,6.9633936885102141,11.836805749032575,-0.43970614125905333,,0.194709471602059,0.1428571428571428,1,5
0.42349874127717496,-0.85220678598534361,-0.30723347808658319,0.90575413243224578,0.40435301916960825,0.12691764050096441,0.01607070995811944,-0.33202745339648215,0.94313281274298211,1.5031357688018447,10.122424555894499,-0.54841617898047101,,0.6486263670235691,0.35,0,1
-0.1359791429532681,0.99020320315821442,0.031737818716874443,-0.99067140528442088,-0.13561489287977324,-0.013370399432966695,-0.0089352914605018065,-0.033259844924745902,0.99940679569537472,-0.91926887476724928,7.9231646993840883,-0.69330670651891324,,0.5106753159802799,0.9178082191780822,1,1
0.86903213941945057,-0.493773978654933,-0.03115122243718077,0.4944045397449523,0.86906398982081501,0.017086037466553735,0.018635764959744516,-0.03024962148530708,0.99936863502131257,-14.500127327604778,-1.0457365761652602,-1.3720314326957477,0.2791188731634543,0.2458101035639371,0.9201388888888888,1,5
0.96108547426740498,0.27521718275919976,0.02387914291357782,-0.27619605573588818,0.95557050196343429,0.10295996587649549,0.0055181471651282862,-0.10554865272205124,0.99439882942430313,11.026581262212316,8.1284996295671945,-0.53790149538403165,,0.2088162600853817,0.1052631578947368,0,5
0.066085764317166756,0.97838386074740757,0.19595329235206327,-0.99776582648325851,0.06672441199642512,0.0033478867829071215,-0.0097993498149491123,-0.19573674635266769,0.98060751520191591,-24.343708140241013,-1.8317223862638838,-1.362603656253413,,0.4034963182241649,0.125,0,2
-0.57849273886488362,-0.79874929659444693,-0.16536539018332297,0.81562561488361385,-0.56893488449501439,-0.10520434187984962,-0.010050245088210239,-0.19573619592329322,0.98060508573999661,-16.864558823803311,-4.3237265985540398,-1.4167073964845367,,0.2652347578663783,0.5178571428571429,0,4
-0.95381015718050244,0.29964948304277794,0.021362850266332712,-0.29755575588482347,-0.93257647761998219,-0.20435676042088427,-0.041312905963115133,-0.20127419283679479,0.97866334512884468,9.0794619114887016,-14.366345157392356,-1.6494138030899177,,0.3626370197402279,0.1951219512195122,0,3
-0.018275500527644966,-0.99829807052213493,-0.055380217336601166,0.99982627607610364,-0.018044349687177857,-0.0046710932511070148,0.0036638433724355541,-0.05545596303511445,0.99845441178633343,-6.8982545812777127,2.1166787307010622,-1.0840593673705174,,0.07063155628885767,0.1900826446280992,0,5
0.99581930552231124,0.088185900959733429,-0.023815071299123202,-0.087654258520416001,0.99589645762159962,0.02251614220922717,0.025702951431660803,-0.020334516681498715,0.99946278856145121,-12.778916483377618,4.7304124643290173,-1.0455843865224821,0.3881322115516093,0.3776785545577682,0.8378378378378378,1,4
0.99936917113192025,0.018708826386350439,-0.030186745540783582,-0.017091776326700361,0.99845009898989057,0.052964809157365914,0.03113086849248934,-0.052415452323943033,0.99814001492004123,-25.711404347244251,9.7074427380282646,-0.82156230527778507,,0.1851471006798216,0.7575757575757576,0,3
-0.58237920912438912,0.81159256364104948,0.046389302885465708,-0.81255598677591812,-0.57947071359896918,-0.062979841502777398,-0.024232728576546528,-0.07437205606711346,0.99693609230586344,6.0826939186464113,-2.074006135375301,-1.2041385911062461,0.5748202552017305,0.3656003170114764,0.9652173913043478,1,7
0.99597587495050444,0.08962111983985159,-0.00033375923630121952,-0.0877396563204772,0.97581250329116032,0.20022914655315083,0.018270446774542783,-0.1993941155081804,0.97974903800686053,4.8774855408247628,-5.6339356917388397,-1.472815772045883,,0.08727887474396968,0.1951219512195122,0,5
-0.8864514944334696,0.46251529993348967,0.016832864999852558,-0.46175938734574212,-0.88136947366607898,-0.099830451705198983,-0.031337137947713638,-0.09626758653364742,0.99486206861465654,-4.1546197445540054,-22.422924310702662,-2.0398864133379546,0.3592494220781406,0.2426755246946185,0.7647058823529411,1,3
-0.15452906362933982,-0.98663510841172919,-0.051690727826322877,0.98798691595399557,-0.15423146074045005,-0.0097216470610612862,0.0016193818426399613,-0.052572039785826849,0.99861582114204728,-4.679146340616902,2.4506980462805625,-1.0561621870526423,,0.07926482002728961,0.4354066985645933,0,4
0.98683714264853595,0.16057850571109336,-0.019157176014894431,-0.15866754939885772,0.98430694044463862,0.077229889034464705,0.031258001488168041,-0.073173700850148779,0.99682924658481964,2.2613853397513539,6.5207983132508245,-0.82298554006693592,,0.1261915427818881,0.2222222222222222,0,4
-0.98709102032368301,0.15728814656071297,-0.030195306718869507,-0.15173879486642652,-0.97874722112657153,-0.13794642173502933,-0.051250909541543252,-0.13158387472828781,0.98997930694669334,-13.435122349276194,3.8532735943670131,-1.0598163359386059,0.5580968062510664,0.523940815076881,0.5700787401574803,1,4
0.44686965861391337,-0.88356213620823287,-0.14009089788215814,0.89448033121805437,0.44384929627345032,0.053877075473743624,0.014575502541078544,-0.14938458306233532,0.98867173574901401,-16.501579563296499,-0.97379700729781615,-1.354150798536502,,0.0756848756638336,0.3571428571428572,0,2
-0.95758081692542196,-0.28342298185821491,-0.052061429206650224,0.28715247837185276,-0.95364531078603343,-0.090022638156808443,-0.024133653294595277,-0.1011535198122487,0.99457806742771526,-9.51701007538421,8.055241018661869,-0.78625077217424899,,0.07799459543432437,0.3,0,5
-0.92252049102938449,0.38586370465578901,0.0080712489872957986,-0.38504261321659111,-0.91872313368231839,-0.087692586028017036,-0.02642214295327848,-0.084005982324192915,0.99611488559076633,-2.3166308485816058,1.3899999631668458,-1.1051117190797644,0.443378866080223,0.4165883827345357,0.9281663516068053,1,5
-0.086217537794628984,-0.98624308386692117,-0.14103586671941296,0.99626089591198552,-0.084559828562973602,-0.017716169734102245,0.0055464811618468621,-0.14203596346723174,0.98984595853529456,17.819888504201725,9.023290210686179,-0.45942495590471072,0.6580486799733629,0.6893623584552712,0.8241758241758241,1,5
-0.23225359794420827,0.97223322659132971,0.028649945092111828,-0.97257013742954956,-0.23174280564781596,-0.020064890000810184,-0.012868334089385931,-0.032524223930627212,0.99938810320889537,0.34078116606468706,13.294476495460353,-0.49197727616032449,0.2722432262235868,0.2664314962017139,0.5789473684210527,1,5
-0.80502168503036919,0.58369221082748379,0.10603532265329599,-0.59171390390017842,-0.7771786968203841,-0.21416799279952969,-0.042599795329024616,-0.23515245316154623,0.9710245008289089,-5.0526427047663498,11.759823882580269,-0.58805501853434516,,0.473503330543994,0.2631578947368421,0,3
-0.98720948687485532,-0.14344636415053863,-0.069574202376132085,0.15210200681209823,-0.97819835203291372,-0.14139647663157379,-0.047774559631841018,-0.15017031894512922,0.98750517302943852,0.21171973039877628,-11.374427774116624,-1.6655936830732458,0.8241057264613436,0.3775293988966952,0.4347826086956522,1,5
-0.39691631113345893,0.9177746499095345,0.012129877972964024,-0.9178356259856133,-0.3967879256202651,-0.011709216607643437,-0.0059334330538755135,-0.015780813204613005,0.99985787005293747,-28.743579471970012,1.3528022288578267,-1.1563842879095754,0.2399619807176766,0.1684980050416378,0.2903225806451613,1,4
-0.9710144346005084,-0.22784153319178049,-0.072244055466683763,0.23777605427018367,-0.95158519056702329,-0.19480290836952069,-0.024362179975469356,-0.20633434238230927,0.97817821655386628,-10.846648496595289,-9.8826895497262832,-1.6462906031012552,,0.08760626653595903,0.3181818181818182,0,1
-0.072497951973334376,-0.98119549551878282,-0.17888389120690584,0.9973622964760116,-0.070686192851115062,-0.016489745550282344,0.0035350428243786985,-0.17960752131764149,0.98373199691702851,-11.63292050973017,6.318296427884424,-0.9473288180570747,0.3712121749359691,0.1887608229745459,0.1126760563380282,1,5
-0.82440042747128639,-0.54969728897021053,-0.13489561032131958,0.56579355582821234,-0.80688777809164214,-0.16973439766176107,-0.01554308104682383,-0.21625217701825339,0.97621381293568998,5.1165012740177049,-7.020034388502439,-1.523704834710701,,0.08860919074344738,0.2884615384615384,0,5
0.76556639574166063,0.64295430594596636,0.022756409573206359,-0.64313882337913608,0.76390712031582353,0.053088279245857621,0.016749554430590528,-0.055278133075623681,0.99833049659421425,-3.9031571245878576,13.715378101853794,-0.52232307778389453,,0.1203077311248713,0.2105263157894737,0,1
0.072887631955362922,-0.99463858194302091,-0.07335860152917803,0.99732133986500437,0.073140680499082511,-0.00076544497134117654,0.0061268391371553056,-0.073106307296349579,0.9973053342260233,-18.443261518062997,3.0111749535730215,-1.0668103382249414,,0.08117123389116171,0.3,0,4
0.54452213448115017,0.83835269053400496,0.025698469496941236,-0.83864353769856104,0.54371968975112939,0.032340619248494608,0.013140081298555545,-0.039162038395985851,0.99914647225125952,-18.693332050666964,5.9918796660971552,-0.9636074326435653,0.3259580745018411,0.2241488676179183,0.3448275862068966,1,3
0.77977128108838323,0.62303294419957089,0.061536165234725625,-0.62445928160898656,0.76697178668172339,0.14766476914495524,0.044803513279312195,-0.1535715757432308,0.98712127741304978,2.901681913048098,-12.593791136625452,-1.6598988475041194,0.9713994372785679,0.6130362016779978,0.4651162790697674,1,4
0.93184348666148598,0.35375279293565892,0.080787857112231326,-0.36261544492065279,0.91602158253487154,0.17150655799504325,-0.01333249682401912,-0.18911219373834937,0.98186497172875431,12.993912156113938,-13.218612994078864,-1.5247308786547842,,0.3689994734497941,0.1904761904761905,0,3
-0.89211296801327766,-0.4500681668913028,-0.039662292591863227,0.45131466566266165,-0.8918093598703144,-0.031482347522060139,-0.021202001328650098,-0.045985984808441953,0.99871705920188303,-1.0248311860466506,-2.9720850984517444,-1.3141129174858577,0.1691178277996427,0.137704148690443,0.6659242761692651,1,5
0.970308333730175,-0.23396827919640178,-0.061323582932224993,0.23987747576854421,0.96335401438927859,0.1200326604677769,0.030992484777481077,-0.13117883705055361,0.99087414871787927,7.1668522330124498,-22.599042352778952,-1.9296946564938671,,0.2088877730727761,0.3333333333333333,0,5
0.2265328396677285,0.95892527938148486,0.17071959792365987,-0.97399623177604067,0.22234585272226903,0.043516229883572746,0.0037700183219948466,-0.17613810019512491,0.98435824607787181,0.20930508570452261,-20.076844738449566,-1.9511310075714656,0.2931061815663542,0.2339128966403223,0.4166666666666667,1,5
-0.48898250527279991,0.8499062312151513,0.19635556442024821,-0.87220873850714786,-0.47952614544553424,-0.09647068106900919,0.012166593973103457,-0.2184355144563411,0.97577553772129766,22.931842207947327,6.6323871114552571,-0.47012336979998803,0.5291214571265888,0.3064839558233644,0.4230769230769231,1,5
-0.023309219069151389,0.98962012009606037,0.14180514168198072,-0.99970540073771852,-0.024033127052545584,0.0033941920857436755,0.0067669817662700154,-0.14168425002496415,0.98988877216212534,-8.8749514748688991,13.263475537378508,-0.54559028386787534,,0.2270440367542081,0.40625,0,2
0.12282105077634073,-0.98804910898709863,-0.093134030923148592,0.99239059725318601,0.12309808651120496,0.0027863202871341321,0.0087115997186594327,-0.092767555357885487,0.99564968171704937,-9.1827443426324873,-12.076409912993725,-1.8007958948441061,,0.08438261354683212,0.3050847457627119,0,3
-0.90457861075351065,-0.42268799390048484,-0.055429205114565366,0.42592049962625567,-0.90162125941425775,-0.075304930584715352,-0.018145659684057049,-0.091727664227493247,0.9956187878148941,-25.446702702517996,20.22145636697568,-0.41601378877864387,,0.251622099426794,0.9230769230769231,0,2
0.97606938478688854,0.21657551348097889,0.019585786739240763,-0.21644117107473385,0.95884565705836267,0.18376132728110775,0.021018457258859868,-0.18360297628515426,0.98277574835447101,7.1251573067315155,4.1814937405544557,-0.85356809751242202,0.3987476535573061,0.3393583869192819,0.3402061855670103,1,5
0.97276689978754827,0.23064851312441709,-0.02293081052244696,-0.2304926594911651,0.97303002010634443,0.0092581797636213069,0.024447752420429174,-0.0037206673247269333,0.9996941852567951,-22.310291928135683,8.30615226089588,-0.82666925472805552,,0.1031030582564004,0.3157894736842105,0,1
0.24907223005747151,0.94705002749074529,0.20263087041212291,-0.96847609454091588,0.24266466827218158,0.056284216927352658,0.0041326162380831777,-0.21026198943729371,0.97763634204181393,9.6874010374948796,-0.63126426168265848,-1.1108205122749975,,0.6566074714048028,0.4647887323943662,0,3
-0.35905653595376114,-0.9180851004646049,-0.16792305468214419,0.93330521120822163,-0.35405061923161246,-0.059912784556298712,-0.0044482266649933221,-0.17823553889897695,0.98397779748982606,-32.941859744534192,-1.6841687637165121,-1.2928741304794784,,0.1585247960813128,0.4545454545454545,0,1
-0.99394793112570434,0.099304581453892773,-0.046969248590957802,-0.092517472610210913,-0.98725659698149171,-0.12947945388494328,-0.059228603501609633,-0.12435035914218935,0.99046906095468612,5.5414526167981997,-13.27053841333832,-1.6364063179278199,,0.3773256267753549,0.32,0,3
