axis_00,axis_01,axis_02,axis_10,axis_11,axis_12,axis_20,axis_21,axis_22,location_x,location_y,location_z,dbh,dbh_approximation,score,reconstructed,number_clusters
-0.99251415862417047,0.11891376576149459,-0.027841717672860238,-0.11160353385313435,-0.9756760696843898,-0.18868189705616809,-0.049601372582290311,-0.18416222022348244,0.98164350987530624,17.953551556025459,7.816176303836663,-1.9590266624403079,,0.4133554625172368,0.4,0,3
-0.094233539750750536,0.98875139178463312,0.11614958127343636,-0.99426147436045909,-0.099403089490890453,0.039536646320001805,0.050637541297051447,-0.11175737579066961,0.99244452155663243,-13.265974188373027,17.874481720275398,-1.4008552552468065,0.68177789641636,0.6079194694798626,0.6463414634146342,1,5
0.99753485963065236,0.051480685851029315,-0.047685876378271513,-0.041296557156921772,0.98009070275439192,0.19420815827711563,0.056734453277010315,-0.19176014538665664,0.97980061668313345,8.4476632867310144,-31.631721245416099,-0.19335120511779158,,0.2124972295018027,0.3,0,5
0.28511218975078406,0.9506640987820949,0.12226532845552979,-0.95684951413899388,0.27482850823274435,0.094383782264404942,0.056125275478016302,-0.14389948696708391,0.98799943881721186,-14.578186292782151,-23.975595365384798,0.0796903789130258,,0.2558702772022765,0.24,0,3
-0.21150154974665258,0.97735428751375575,0.0067595216726921894,-0.97580355998347446,-0.21154822349432503,0.05526989650771838,0.05544823512378954,0.0050937034537210614,0.99844857023623546,6.0941706774877575,12.119428110469714,-1.5139261803600585,0.1235279830398604,0.2191122822245905,0.2777777777777778,1,5
0.99074224715746917,-0.12148749584368783,-0.060585378194737707,0.13456198636987779,0.93787740608703019,0.31981094880516264,0.017968626034349264,-0.32500270691964311,0.94554236762471078,-8.444329634881095,17.350010968323204,-1.4411146668737536,,0.1246707571644617,0.8333333333333334,0,2
0.38114107882137926,-0.9018636210839901,-0.2034047369166912,0.92342842559767302,0.3606914046033553,0.13107880623297541,-0.044848866575180571,-0.23778923358834381,0.97028081479352668,17.58518065183279,9.9112261884775368,-1.9160404857661348,,0.250870416812736,0.1111111111111111,0,2
0.86880414524522576,-0.47704485813050368,-0.13269348339673345,0.49437446084246589,0.85075505988931321,0.17835279795801232,0.027807367215051188,-0.22055391949357431,0.97497831715612437,16.076997237066511,9.3985302041413448,-1.870786099803442,0.2609730083232557,0.226022677037258,0.2142857142857143,1,5
-0.74254672429860302,0.66950085984736463,0.019823241335746922,-0.66959106841968496,-0.74272523775303101,0.0026499617526668292,0.016497373306101414,-0.011305744926584657,0.99979998840050799,-7.1256945196495636,11.131931357937514,-1.2432434656190841,,0.2109837432531631,0.2982456140350877,0,6
-0.45638636863598148,-0.88642386228397896,-0.077228355523179207,0.88645505430825777,-0.4604625192551019,0.046601556332257058,-0.076869494694615528,-0.047191151022173347,0.99592373003689216,7.246281429082071,6.8220612284305897,-1.6310255325790439,,0.07671823341194658,0.3636363636363636,0,5
-0.91825482777192624,0.39598905131748013,-0.00086169033424928659,-0.3959252308071593,-0.91814183988930942,-0.016086436988089103,-0.0071612068708942992,-0.014430283481489713,0.99987023359773852,-11.792618455432232,19.277739983767979,-1.4655915049266943,,0.09544055597502173,0.2608695652173913,0,3
-0.98955674326409848,0.14033685872855381,-0.032909237954581332,-0.14083665750737134,-0.98994237266565555,0.013384121310075048,-0.030699963561879078,0.017879174569687489,0.99936872442257496,0.60858241512415989,5.8281197528969315,-1.2186975827547337,,0.06478133761678248,0.1847826086956522,0,5
0.96345597161590202,-0.26016597545002318,-0.063767201411050606,0.26710060046833001,0.95107357240897306,0.15529433052978209,0.020244999064391287,-0.16665150789408861,0.98580800104762323,13.927662957240779,-31.196259280915619,-0.32495767226348526,,0.165464390276518,0.3076923076923077,0,2
-0.62139192173210667,-0.77297594091690336,-0.12798544592924338,0.78099745596145631,-0.62413260826866279,-0.022393326628478361,-0.06257038746733895,-0.11387133993847658,0.9915232042432508,5.3383085296799333,6.9243948539260058,-1.5603948463562067,0.5016386420114285,0.4913475081158342,0.125,1,5
0.44415208415458707,0.87981058137977652,0.16929934150290238,-0.89261943005790823,0.41824718832778351,0.16822557040771055,0.077197663334018188,-0.22583761942617867,0.97110138009771385,-20.625921349491211,11.027072445088487,-1.2846850129717058,,0.2433679891080981,0.3076923076923077,0,1
-0.85841765644513923,-0.4889554028148268,-0.15505399434204969,0.50836520315838718,-0.85127556168274188,-0.12997976111481047,-0.068439369671014008,-0.19040097725569011,0.97931788533606967,-19.592724559181676,6.8765512756306917,-1.0937950582017926,,0.7482399360544864,0.2769230769230769,0,1
-0.98133939228098144,0.19096338180461742,0.022494087386181093,-0.19204867885197488,-0.96762903595157423,-0.16374172875182863,-0.009502742172882701,-0.16500616834885376,0.9862467552788321,-18.340119389896113,13.609413951107115,-1.3345769211206302,,0.5581064165337004,0.4857142857142857,0,4
0.99472751786173708,0.089406210309387224,-0.050236388870401771,-0.081357893024940162,0.98620014441525861,0.14418796204213272,0.062434433217312256,-0.13934060683603583,0.98827432266319459,0.80328563070956716,-27.899171284782909,-0.20975896996450258,,0.1232340635075016,0.4705882352941176,0,5
0.95285466545852882,0.30253636663742306,-0.023232162528313411,-0.29714639618680083,0.94588992449624876,0.13036974330602127,0.061416656919048164,-0.11732006477285879,0.99119321862822507,4.7588764372013781,15.679230725734298,-1.6163676869825816,0.2098937277115201,0.1788200753374865,0.5581395348837209,1,5
-0.99862434054292415,-0.012382811676275498,-0.05095186405031385,0.02031217752697689,-0.98720023411559588,-0.15818695649840295,-0.048340892827132907,-0.15900428842363001,0.98609370464655777,2.6167179510375251,6.634123716021235,-1.3316796302231415,0.847638837158797,0.3392501646820259,0.4133333333333333,1,3
-0.39843206881874343,-0.87246983302806069,-0.28292804207572336,0.90995317369637063,-0.41470278752965889,-0.0026114545816413657,-0.11505263237630621,-0.25849175706609445,0.95913758309856878,-12.733561675270382,20.280351093634366,-1.5433404725382158,,0.4954457805667464,0.2068965517241379,0,4
-0.69882900952982907,-0.67776500391558181,-0.22863205135516074,0.70801033108325895,-0.70091299867999457,-0.086268994202970059,-0.10178107151593498,-0.22216113014820807,0.96968296145304034,-9.5057127042247256,-31.893513448348457,0.29577076467691615,,0.2711136594099822,0.4230769230769231,0,2
-0.86301669753515686,0.50488718639570285,-0.017061910471623486,-0.50515873731223515,-0.86277016860755129,0.021030603367607734,-0.0041024252118940802,0.026768735015464333,0.9996332352083197,5.8218981650939901,9.5893376921558549,-1.5120578534256739,0.7090257997682213,0.8050167263139714,0.8869565217391304,1,3
0.32756884729820679,0.94481265926311375,0.0052620505402993954,-0.94178597439820733,0.3260628579805136,0.081988969211721774,0.075748456793160474,-0.031812757531280308,0.99661934546330777,-28.336102129199379,14.744144036752038,-1.5866020785289205,,0.3647923612308328,0.72,0,1
0.42721136971604173,-0.88971899227925744,-0.16090543919620692,0.90319792242551977,0.41177594345774948,0.12113663903090523,-0.041520579374171578,-0.19708040787217079,0.97950771018985361,-4.5130135249388204,17.38350433887943,-1.4384384877868837,,0.09559810878405656,0.2777777777777778,0,3
0.96172830645684126,-0.24980450306309626,-0.11258940806779043,0.27321876959882224,0.90537502739276787,0.325034711550091,0.020740503816483975,-0.3433566222208983,0.93897607076990697,-21.994226042124524,-25.797106831781424,0.31806784618356826,,0.2897539275647155,0.391304347826087,0,1
-0.99874462928101071,-0.00086068475667850362,-0.050084176184579478,0.0042485065298241741,-0.997705117422233,-0.067575504894572327,-0.049911077674244034,-0.067703455533967671,0.99645628425644328,-19.748453835560053,12.846965610006587,-1.3441197207014766,,0.347729060539726,0.1,0,5
-0.99775155363841572,-0.036691475033925815,-0.056085406943011964,0.048293925075727696,-0.97383852730216947,-0.22205003837586573,-0.046470786661175267,-0.22425935521573737,0.97342087895489204,-3.1560080600610378,-31.087817186027312,0.021506169646124184,,0.3230815785939268,0.32,0,3
-0.79875567769948685,-0.59525540710387381,-0.087523526302560301,0.5973399306285333,-0.80198282724774461,0.0029243933411513949,-0.071933126023638577,-0.049945421344864731,0.99615816026730986,-2.6500698952688158,19.407055952934421,-1.4931886107397521,,0.1879682150119328,0.25,0,1
-0.2896447639283849,0.95461995751945516,0.069329989430440137,-0.95599860326621666,-0.29206862488349822,0.027615012433583941,0.046610956672383248,-0.058280829302757485,0.99721149394392239,15.760057233400856,8.128918097033738,-1.8415728812948633,,0.3279628074543741,0.3,0,5
0.14727579809883667,0.97813867828479706,0.1468147313372242,-0.98769535175227563,0.13754311603462058,0.074429720934826971,0.052609233232390494,-0.15596992426348572,0.98635979809800811,3.4731208247219052,14.839513365105621,-1.5798039570641249,,0.2156192343168476,0.5862068965517241,0,3
-0.99811472941925883,-0.037867683862612057,-0.048301402000368747,0.043561417033790392,-0.99146636336841976,-0.12286925268353004,-0.043236441369846411,-0.12474168841202284,0.99124675097060977,-1.5337755844033112,7.6204789685977863,-1.2926249839961776,,0.07079785605992127,0.3225806451612903,0,1
-0.86115629450712827,0.50769635231136401,-0.025578316607759638,-0.50832626263779301,-0.86041535955186588,0.035914060755174726,-0.0037745388387060543,0.043929749566418826,0.99902749209397945,7.42915327277528,4.7274727989873755,-1.5744827612400805,,0.0757470226420434,0.4545454545454545,0,5
0.9691130421118227,0.24658184064517033,0.0041602250910178721,-0.24259343733728778,0.95013181338418506,0.19595397764822195,0.044365930280425965,-0.19091079869750743,0.98060426838303749,2.0524866022906392,5.0687347335951145,-1.3197963847825755,0.7357184856924477,0.3553478538858226,0.2115384615384615,1,4
0.68369394429165764,0.71550096332651902,0.14360000702554854,-0.72834939751498307,0.65675591430518943,0.19539402284797486,0.045494457667674189,-0.23818068877215187,0.97015473704844957,1.9848925446176215,-28.775059869666901,-0.2395761637568416,,0.6801886755385954,0.2903225806451613,0,4
-0.85605745544449996,-0.48455500753497222,-0.17992242120055885,0.51038310607357096,-0.84745151394084883,-0.14606511066664166,-0.081698947438645517,-0.21686949115112297,0.97277587644599373,16.612252561558837,5.7368722028940295,-1.8354371138812489,,0.3413714915529574,0.15,0,2
-0.69957987652095799,0.71441921496291938,0.013898980490843413,-0.71452907646922259,-0.6995864997987763,-0.0051892368740431745,0.0060162485785500664,-0.013561511385567212,0.99988993902427992,-4.2598348832695523,13.887158174513965,-1.3779361491830948,,0.2559158476436256,0.2068965517241379,0,2
0.52368411381953461,-0.82133756545503966,-0.22618477514067381,0.85146013032140833,0.4959696861632148,0.17038109308316243,-0.027759600251075853,-0.28181318986085607,0.95906763609995194,-2.5969970902483115,-11.322633229087339,-0.59815079372292745,,0.1809457726921943,0.3,0,2
0.8605836838322467,-0.48852068934238896,-0.14402520337134503,0.50929827264411309,0.8235990239686547,0.24959951362052538,-0.0033155095298973273,-0.28815305620853177,0.95757862528057747,4.8998834048682882,12.775748580708187,-1.4555490211485023,,0.3612176696380381,0.4571428571428571,0,4
-0.75667843761279863,-0.64325989533143813,-0.1168522533374614,0.64744296298672077,-0.76210874375569548,0.0028057744194526692,-0.090858966155415694,-0.073532100128475456,0.99314534612002581,-12.492447423357346,13.479966768725475,-1.2941316110749781,0.2109891359874599,0.2264210735994483,0.2162162162162162,1,5
0.88865318276319227,-0.42755297622946375,-0.16581306728414485,0.45855913339876664,0.83193123249341194,0.31243230559365298,0.0043637073024119302,-0.35367905920385079,0.93535665985722183,-10.718051158393484,12.87290337553163,-1.2650509174433917,,0.1602319283642037,0.2222222222222222,0,3
0.92278596904747168,-0.37642189072418258,-0.082295902162561788,0.38513408674133115,0.90758108173215546,0.16723730239336942,0.011738422340297481,-0.18601919327188268,0.98247598910886291,11.006895102318117,-32.772088630006465,-0.22803854318215172,,0.1656410714955315,0.5,0,1
-0.69898493828843877,0.70125279076011771,0.14023045139003709,-0.71456676472647007,-0.6926939100434325,-0.097823748328750668,0.028537603162368478,-0.16858134665462696,0.98527454791335167,9.9125235850785138,-33.916125270697826,-0.14007909113046713,,0.5992216694456769,0.2903225806451613,0,2
-0.9145646403398906,0.40293612129824591,0.034842514161463091,-0.40443718673139994,-0.91146590589862386,-0.075236057666467321,0.0014424384760660992,-0.082899846426434984,0.99655683974057219,1.6585780378793935,-30.559199626125281,-0.14869473912693026,,0.1087140773256088,0.1666666666666667,0,2
0.92317598289789304,0.38437529777379165,0.0013172174528740244,-0.3790798422986712,0.90987990130359542,0.16857353993606045,0.063596994923689032,-0.15612237400535844,0.98568819946857811,-10.689435970756316,-25.051909245100237,0.16867812160984552,,0.1978857671761622,0.2,0,4
-0.9587430053577215,-0.26377244847995035,-0.10599974103995703,0.27843089357299489,-0.94652711090834718,-0.16298056884071671,-0.057341844945812508,-0.18577008300152079,0.98091864549503838,29.862581223673914,1.4160417233303098,-2.5617072545320503,,0.2918137911741374,0.2857142857142857,0,4
-0.73693078056550188,-0.67277765453809024,-0.065599178419745996,0.6718962948641356,-0.73967004545782633,0.037994641730949234,-0.074083693232492698,-0.016076423938263681,0.9971224373116826,-0.30305700963627435,14.104692506958928,-1.4615717700640971,,0.07557652855451895,0.25,0,5
0.47490717513190328,-0.87683854730471233,-0.074948895714314012,0.87927527053581223,0.46923262439586993,0.081827518761948978,-0.036581055649176575,-0.10476118633885396,0.99382439102915243,-0.28323053999171943,-29.671973033625342,-0.11261720752540144,0.4871275196583809,0.4591631675121792,0.9333333333333333,1,5
0.27115573683573568,-0.90269523267919638,-0.33408963360050725,0.96123975648893945,0.23595201708838251,0.14263511551160593,-0.049926915848614882,-0.35981656789283029,0.93168628869575532,-13.023200076528923,12.335831149480365,-1.275978720896878,,0.4867475089987139,0.2328767123287671,0,3
0.82341769363377326,0.56739975731911541,0.0063888344044452424,-0.5633020998285323,0.81601094529370388,0.12967991937707224,0.068366995982016926,-0.1103795839595632,0.99153532529371335,17.500147922627551,-31.585888953725561,-0.36296844557330143,0.2500216366209773,0.299084552155945,0.7391304347826086,1,5
-0.99858336634815714,0.052799617849211625,-0.006592481153542217,-0.052106707590016656,-0.99544579934192856,-0.079828263144319012,-0.010777359459120801,-0.07937166325262017,0.99678683157212822,2.8064601829749187,13.007189776770135,-1.4784720336285242,,0.5485753084017677,0.3103448275862069,0,3
0.99680589855074442,0.069197196967013819,-0.039871650910783686,-0.062082157038800136,0.98545643208149514,0.15818162423815271,0.050237499856709403,-0.15520105798968853,0.98660469551235597,-2.560996897219928,-28.811487573419026,-0.044429314066457205,0.1698880314249108,0.195588073077779,0.3888888888888889,1,5
-0.98073636993668956,0.19154337180952413,-0.038305474794634191,-0.192472295564,-0.98105103874779942,0.022209790908230175,-0.033325487599256624,0.029154692378782748,0.99901922693638356,-17.348965303774865,10.11989775771977,-1.2028605724320947,0.2979704732001725,0.2241335106941318,0.784,1,5
-0.99392674306170725,0.10543641608415504,-0.031508595495125045,-0.10462184365081521,-0.99415962586645046,-0.02647466955758717,-0.034115967784175132,-0.023017394735459794,0.99915279125954537,13.414014486954402,-33.914274224170299,-0.17260720055697809,,0.3739782465832618,0.24,0,4
-0.69291393527497214,-0.71037006442343231,-0.12346922642019352,0.71694569054281065,-0.69700038900907912,-0.013391584420293982,-0.076545118158148864,-0.097799945256845128,0.99225803881546548,-20.937212629308707,8.2290422205072833,-1.1590597867290764,,0.09244600634321093,0.2682926829268293,0,3
0.31172183954644134,-0.88087249704421999,-0.35622063205387633,0.94883708416388279,0.26870383916946455,0.16585063922388701,-0.050375415285275636,-0.38969461218583851,0.91956534665469281,-22.266390267670833,-22.671993852027423,0.23084741591599636,,0.7024037060824025,0.6428571428571429,0,1
-0.8128990451678203,0.58209082270365342,0.019115870093463265,-0.58235796671336126,-0.8119805343675256,-0.039329510722964124,-0.0073716328398718209,-0.04310320095320111,0.999043429034425,-12.809748339897098,-24.377829153714707,0.11342499647513288,,0.2144848694581142,0.2413793103448276,0,2
-0.87251641862104157,0.4885328520537961,-0.0071240228029133537,-0.48855770185252667,-0.87252883435819262,0.0021920707363361535,-0.0051450167434412023,0.0053931139167683736,0.99997222117666451,-10.435189882330722,10.116345717077504,-1.1437681305097287,0.4275888265720965,0.4210636792878152,0.8741007194244604,1,5
0.55209565335568478,0.82099394330541631,0.1454624852035156,-0.8274360262838717,0.51801026570338371,0.21682939614698621,0.10266456035709889,-0.24007146786266237,0.96531118214022116,-9.855182945211574,11.754287009722225,-1.2268024707117544,0.5328736112445578,0.4740539442086676,0.2098765432098765,1,5
0.029674600391325145,0.99245822948054263,0.11893729788406271,-0.99019331355219009,0.012936533398630054,0.13910373071978049,0.1365160059778715,-0.12189876471881579,0.98310938927053138,-15.740062399942556,-27.355407463785614,0.37195895936562839,,0.3082214638623634,0.717948717948718,0,2
0.99895983600309934,0.039167406853907398,-0.023348667906338872,-0.033836990180990408,0.97997689693208057,0.19621503401845028,0.030566389190605558,-0.19522088955772765,0.98028286740722825,-4.5715010202898165,20.874217382604513,-1.5796173887126568,0.3278161642152045,0.2547643040740348,0.6666666666666666,1,3
-0.31758580190674707,-0.94260305735990335,-0.10314424212243188,0.94605804212989075,-0.32233571511497899,0.0327699203946775,-0.064136100197990278,-0.087173178312355368,0.99412644951953455,6.518067949210792,12.763418730313553,-1.5360559094519537,,0.1196204130522499,0.25,0,3
0.70577859808601195,0.70606088788188759,0.057918849152789463,-0.70368584468103867,0.68925463208728355,0.17249430176604735,0.081870644795776909,-0.16249946076730079,0.98330622024426328,15.18690080476722,-29.279287842548143,-0.48089977601563355,,0.3348267516735015,0.6206896551724138,0,5
-0.92157592509007535,-0.38291883367759189,-0.063804240528075928,0.38356542470872135,-0.92351090746112818,0.0022734925428417574,-0.059794475182831194,-0.022377904623014064,0.99795984394277781,-4.0933017655093158,18.140937709178054,-1.4559182163779061,0.206255553481827,0.1888060590723807,0.3333333333333333,1,5
-0.94751652633770755,0.31929696674230074,-0.016182686615361954,-0.31858354997103439,-0.94721652419382696,-0.035852168442364475,-0.026775996802702123,-0.028814984354192753,0.99922607185355705,-3.7112531567061389,9.4540455387030811,-1.2597537029893291,0.5065920361653823,0.4721973138151919,0.7919463087248322,1,5
0.80336553419703882,-0.57213177277670269,-0.16513344011342743,0.59547856977328528,0.77325249888049907,0.21791247306161202,0.0030151956935454121,-0.27339679506982589,0.96189661660725179,15.586313618942178,-31.123673367685214,-0.33519795995851209,,0.2291791317012326,0.4117647058823529,0,5
-0.95108909777180561,0.30601219652589706,0.042261846587779414,-0.30642121193984673,-0.95188993048972514,-0.003406039574463067,0.039186336559173168,-0.016189373356094348,0.99910076329537889,-2.6416515299264463,6.3030025337594697,-1.2338947690112354,0.2760127848213816,0.4075524453860386,0.3305084745762712,1,2
0.60213033361039758,0.78397595018450872,0.1510654522997508,-0.79469609961474663,0.57031341666482294,0.2078478193996893,0.07679303746656195,-0.24520260256447809,0.96642563764226908,-1.3039590847427422,17.979293902306232,-1.4902962499394443,,0.188689226166194,0.3636363636363636,0,3
-0.66656653162486212,-0.73189344290508229,-0.14149574958332267,0.73886620328265618,-0.67383541185188944,0.0047509347572125358,-0.098822024692243757,-0.1013796131721719,0.98992746273087417,17.647442244877571,3.4225561784614107,-1.928286783958598,,0.1390127648953058,0.3666666666666666,1,9
-0.87304167322007131,-0.48422068374725663,-0.057693728016456711,0.48285439181251216,-0.87493640613372936,0.036577609669886012,-0.068189978211367991,0.0040761075958052487,0.99766402772596763,4.1006088120542135,4.3843361672093275,-1.5165493667239847,,0.08220792253613451,0.4189189189189189,0,4
-0.88717391285569724,-0.45874313659071975,-0.049771306786348654,0.46058215410705383,-0.88692312496421577,-0.03509201792170781,-0.028045100577799052,-0.054056498541983224,0.99814396120948534,-2.5077863494247885,-35.638454797476385,0.17005153336266429,,0.3587289786991426,0.358974358974359,0,2
-0.74088316011820787,-0.668942467444542,-0.060067614422952637,0.66759617313814135,-0.74326999578227693,0.043186374947683709,-0.073535655736288202,-0.0081048515730108781,0.99725965461178268,-5.5372193154945837,8.7345030151945497,-1.1336006528871831,0.231611417842457,0.2024961116338573,0.8047138047138047,1,5
0.86286475756529724,0.50523872829991845,0.014079686703283079,-0.49687066838698801,0.84280870411768505,0.20686475572251914,0.0926496036065418,-0.1854920906382555,0.9782682327778004,-9.7123000121204068,14.007705450964506,-1.294500738985187,,0.3128025580408194,0.7575757575757576,0,4
-0.98679742649965241,0.16075481222008861,-0.01971622179187725,-0.15887568799724888,-0.98445160125604059,-0.074923698172332409,-0.031454011144260705,-0.070802084238403479,0.99699433802325799,-11.565718988580736,11.943656443034019,-1.2505448726730573,,0.1236080856882188,0.2058823529411765,0,4
0.27860561601835765,0.95853669417879761,0.059885863405420819,-0.95744832577166539,0.27231770952517259,0.095581214451368704,0.075310120170308192,-0.08396708278691721,0.99361859624716564,-3.2477237515636697,8.1920516114691928,-1.2764265563726684,,0.0723748476144115,0.1333333333333333,0,5
0.943122314054616,0.33038174754317617,0.036989209542560221,-0.32619092118652743,0.89814980561061974,0.29483285030181289,0.064185540955507617,-0.29012898437061307,0.95483264960951431,-7.2591674766215384,-28.039042709715975,0.093147702849595268,,0.2864970279396107,0.3333333333333333,0,3
-0.58991805322218849,-0.76512910941228862,-0.25801964346247047,0.80406688648583091,-0.58591536313338299,-0.10089414899416814,-0.073980622730040871,-0.2669843313272019,0.96085703113743282,-14.697045222686798,13.694023663762895,-1.2539810632297816,,0.1509396461154346,0.2222222222222222,0,3
-0.99705514851332322,0.070819372593042829,-0.029421884518188991,-0.068705617297511762,-0.99534914207400804,-0.067524984445041444,-0.034067124546132796,-0.065304684656332268,0.99728367538383689,-22.703870176593892,8.6147369591333387,-1.2176670633053333,,0.170736485482295,0.5,0,4
0.94881553750753189,-0.31205898608611471,-0.048664822892917979,0.31542542989232114,0.94408523930643329,0.09596801082110297,0.015996060813130993,-0.10640606245238582,0.99419408362343498,-19.413299311802472,-27.112226170779557,0.34328778928245063,,0.3087333155113043,0.6571428571428571,0,2
-0.69567246933947602,0.71465028572774447,0.072902568626683012,-0.71801134546360224,-0.69490318223496117,-0.03961407710993483,0.022350015406328871,-0.079903294231070024,0.99655202592858094,-9.092478821046015,10.119888894031675,-1.1703296215597185,0.4715881433864103,0.2911206777480879,0.3,1,5
-0.49734635600840738,0.86755049292593145,0.0016566197913860225,-0.86697290642321134,-0.49708318980835131,0.035584855459110901,0.031695136744451478,0.016261753716298556,0.99936528540510261,-0.77033434180445937,-32.306667383665442,-0.0088026317009555783,,0.0745386709115279,0.2307692307692308,0,3
-0.57048970288736411,-0.8011381628301697,-0.1808843358519161,0.81442264716150548,-0.58027039622032694,0.0014209365756791088,-0.10610019175257977,-0.14650566994968731,0.98350334924831884,-22.581254786305919,10.725573128007705,-1.2845259585717219,,0.1919317382503643,0.15625,0,5
-0.96335531564849042,0.26685655689478177,-0.02709453550180221,-0.26340087050805006,-0.96025632926366877,-0.092345890675573583,-0.050660805633130281,-0.081825180423422156,0.99535828856812925,3.1731870383767822,10.187339508074192,-1.344253465036666,0.2571820702248335,0.1717539728673466,0.2542372881355932,1,3
0.93139766751766628,0.36318848503168877,0.024341513573252184,-0.35877700194881218,0.90467885570842965,0.22985915449837557,0.061460945447268954,-0.22282345562007763,0.9729194518613834,-18.456457027490476,-22.955196671839062,0.095598835468477694,,0.2982682937278951,0.24,0,1
-0.8743864402751137,0.48521368680892363,0.0040038976393775563,-0.48494668955632014,-0.87356375713002721,-0.041389256060449901,-0.016584973662350753,-0.038131881177870461,0.99913507509568289,-16.397769236387308,11.320318794268688,-1.2409349956362643,,0.1736059591749662,0.2608695652173913,0,5
0.77913834450310349,0.62452309116764193,0.053984708236475748,-0.61959118638528121,0.75418259328758874,0.21752098228835035,0.095132548996883323,-0.20292738745773531,0.97456158016871119,-17.822869508314117,-26.907784359052247,0.36987411364106898,,0.3288358487946765,0.2641509433962264,0,3
0.64715028236836414,0.76187302567838033,0.027313087965623217,-0.75848141186766094,0.63983193943261019,0.12377817712806224,0.076827468276573038,-0.10081955180209833,0.99193394845253569,-14.388026473582109,5.7654397157550559,-1.011403900117696,,0.1995637528359168,0.272189349112426,0,5
0.57313476446741962,0.81166163394858537,0.11279154992634829,-0.81580587521285819,0.55216166789367183,0.17198333197452942,0.077313101910723714,-0.19058563556782332,0.97862137713630126,-9.0916363284355697,0.29260909310205097,-0.93784267963756163,,0.328859169247847,0.1607142857142857,0,1
0.098348364307138517,0.97194797825326129,0.21364626560627917,-0.99369089659837095,0.084284541939466939,0.073989985860122079,0.053907339534030124,-0.21957514330964853,0.97410510479357981,14.693863220658681,4.3844628417586877,-1.7536967373538199,,0.4931195249247065,0.5138888888888888,0,3
0.49176013215848075,-0.85723228102128879,-0.15272455203572219,0.86990726148903241,0.47605251032818402,0.12897815248671787,-0.037859329472747887,-0.19628251013595935,0.97981623143659013,6.2459113693407673,-30.182013572201743,-0.24948326669947696,,0.6698417728888486,0.1818181818181818,0,1
0.4743538616786247,-0.8399965844304178,-0.26342769796627058,0.87958290909100267,0.4398717968897588,0.181236608708022,-0.03636371743353449,-0.31767678613050626,0.94750152485798522,6.9303768552382419,-34.241187490484798,-0.031185336367672671,,0.4823057411593347,0.3529411764705883,0,3
0.25612733613737576,0.93713663261633395,0.23700995652438356,-0.96378173831862024,0.22872274566465339,0.13715198321264538,0.074320579698433351,-0.26355424000410393,0.96177732038614239,3.5240319539792302,7.3269761924810268,-1.4126203497555339,,0.3688469784490556,0.1666666666666667,0,1
-0.90653189314595051,-0.39337358033464631,-0.1531572819160758,0.41720627990834974,-0.89018743994736493,-0.18304437102788026,-0.064333869106827729,-0.22983374002669438,0.97110123325587805,0.81601956585409041,21.857068071275346,-1.6030303635849352,,0.3063782341196417,0.2307692307692308,0,1
0.12222397822928027,0.98193992220325432,0.14441360160758671,-0.98944255498026557,0.1091334392122799,0.095358915890566442,0.077876373438501539,-0.15454410900828916,0.98491186856027924,12.434839571635274,11.131387591208162,-1.8674216746875119,,0.4428592459771101,0.1935483870967742,1,4
-0.8523522009351403,0.51724880156804054,0.077132372175676589,-0.52232361919561066,-0.84931196868339598,-0.076467095417131564,0.025956933397843995,-0.10546495686985174,0.99408419184746089,-3.6468817362809451,14.878207745706758,-1.4162603871257353,,0.3011918721417172,0.1538461538461539,0,4
-0.4001503606460734,0.91368656719930785,0.071109393151414443,-0.91540842741145356,-0.40218818416841323,0.016494712468082602,0.043670354920787177,-0.058493772616062506,0.99733213056946746,13.722056140571555,11.121598404618911,-1.8823476577144638,,0.07390302807471361,0.2777777777777778,0,2
0.33739806439082409,0.94055601723706983,0.03894771603656691,-0.93829610967465193,0.3326747177445879,0.094487791502247315,0.075914140413619199,-0.068424488399245822,0.99476385774341547,-14.871063591686784,8.5325350575569683,-1.1408685466894477,,0.0686266557751381,0.1627906976744186,0,1
0.96275775352028203,0.26910229508056704,-0.02610484282563889,-0.26348990554610247,0.95552667599620889,0.13244561576338826,0.060585292867872911,-0.12063468092554672,0.99084645432383012,13.556612441111984,7.9230951698817131,-1.7791839614218667,0.06742585911597015,0.1376806458128973,0.2857142857142857,1,4
-0.60180499831986356,-0.78505225300986392,-0.14670959082952234,0.79433116067800713,-0.60743301055395316,-0.0079463743488504025,-0.0828779293488906,-0.12131816736786895,0.98914768922206087,34.965511413125306,3.9454238557908576,-2.6004939615529561,,0.2670631921167081,0.7,0,3
-0.94464963927359047,-0.31816127434414454,-0.080065364096996258,0.32262247098372354,-0.94517761489126617,-0.050537288459246002,-0.059596981774508451,-0.073570916918076573,0.99550766945674574,-1.9973757260187137,13.927967023130414,-1.3698673975698294,,0.1554727158941745,0.1481481481481481,0,1
-0.18878660598794228,0.97997042996400874,0.063384333992786868,-0.98081377982537443,-0.19135757009187987,0.037237208182051403,0.048620435047576072,-0.055138342056023325,0.99729424771784247,5.0660118277163484,-30.804337240447829,-0.21749495730214177,,0.4160914886225686,0.16,0,2
0.79051357516053822,0.61229599969620552,0.013486891522089296,-0.60815983081267888,0.78219243924817516,0.13533886422193833,0.072318100588982179,-0.1151893950805139,0.99070757319614122,-20.201399845112643,7.8622696301622019,-1.1539141811136973,,0.1659796922580472,0.1111111111111111,0,1
0.75886303974483693,-0.64475168354894996,-0.091772291406619647,0.65123808554196128,0.75041536097486006,0.11298558294142076,-0.0039803076348520179,-0.14550619427971487,0.98934933394497537,-11.275202446947828,-27.304793573235987,0.28486125846937455,,0.1574609249727285,0.3333333333333333,0,2
-0.080273176118143885,-0.9730418596441025,-0.21620767002179078,0.99670143355349983,-0.080953829108046244,-0.0057210056059421978,-0.011936060836952598,-0.21595373794655973,0.9763306373962688,17.746254397269361,6.6077817500335838,-1.929301660975079,,0.407575718422755,0.3513513513513514,0,2
-0.25883330014297418,-0.95373425590690508,-0.15295846444966646,0.9630538372080063,-0.26700279047876008,0.0351684022311489,-0.074381646768766713,-0.13820448251145184,0.98760664823486743,16.90263113027661,-32.593233471964702,-0.29505084853702934,,0.1155058421965693,0.4166666666666667,0,1
0.99240802387969274,-0.11678111744204582,-0.038580885788048393,0.12293664922395164,0.93275494985543694,0.33890232191262532,-0.0035908796680508893,-0.34107238840042253,0.94003017582098991,-2.0070501053386325,-27.746138041954239,-0.074815158485685707,,0.2573600385443575,0.1111111111111111,0,3
-0.51083678733679083,0.82657486644355471,0.23626207242645997,-0.85890852618681668,-0.50235016813128275,-0.099601466967423363,0.036358222550297366,-0.2538076018213235,0.96657114632637964,-12.481101715263456,-20.53905593378985,-0.1321033410129058,,0.6857959856948528,0.3786407766990291,0,1
0.60974123182210327,-0.77971980931534035,-0.1423118026634235,0.79195550594878217,0.59210165663725245,0.14907080466955897,-0.031970405275386068,-0.20359923174872382,0.97853218956652488,18.175769404152497,-29.17600418501835,-0.53347692265370295,,0.4057536006269685,0.4210526315789473,0,2
-0.99842169095196276,0.050182156139522253,-0.025216626297177067,-0.045613034038214491,-0.98651167447425514,-0.15720740202621086,-0.03276550262778765,-0.15580907332755242,0.98724361456854093,-12.234156302745191,5.3126312085815304,-0.99844476003643934,,0.1825605912862661,0.2166666666666667,0,3
-0.99785522364837886,-0.038411951457679547,-0.05300447738500761,0.04956259679531539,-0.97229461681265283,-0.22844414441180846,-0.042760982642473369,-0.2305812223541871,0.97211305837392203,-8.2439738701309651,9.0735886744188949,-1.1396627669369654,,0.1370240736352799,0.5106382978723404,0,2
0.86761382781307639,0.49340243124877026,0.061646464824392323,-0.49259942337472701,0.8359919565904087,0.24179176290152754,0.067764694926114352,-0.24014888997025197,0.96836793460317949,1.6353462610379501,-25.560978360910891,-0.36024313412751774,,0.1144196126461825,0.3043478260869565,0,1
0.21104235326790016,0.97695520709027206,0.031931934898299812,-0.97473034511179046,0.20788982314328505,0.081747022891986751,0.073224855379823747,-0.048377110007276805,0.99614144366246848,0.8313184860910432,9.7714796723191579,-1.3469380141881986,,0.2467397747132196,0.1666666666666667,0,1
0.91291273934546857,0.40354830988143309,0.061148114710039607,-0.40330195767467758,0.86884408512647682,0.28715411659335338,0.062752380644290451,-0.2868078055642409,0.95593065720840853,1.5461182629347181,-25.967033847838312,-0.34044269380247988,,0.1467839060172698,0.2777777777777778,0,3
-0.99888643344557837,0.032747879624065175,-0.033962765766355013,-0.027165953051689631,-0.98778090486133963,-0.15346300852683509,-0.038573359630267555,-0.15236948635288419,0.98757057244299895,-19.109303165058996,10.514062545180799,-1.2181025219453578,,0.09519525189483248,0.5,0,1
-0.90336861399648738,-0.42763446163406349,-0.032464048869656974,0.42868187787911299,-0.89818057454355493,-0.097485912267611871,0.012529757543707176,-0.10198246288237942,0.99470728480309301,12.100840844069721,-30.746201775166817,-0.34963989201470558,,0.3148640732252295,0.103448275862069,0,2
0.078082315199747898,-0.9892325723983878,-0.12378234833414248,0.99531323247457415,0.070246032238619735,0.066460997703504082,-0.057050164890748489,-0.1283916378149238,0.99008124213376525,13.202399486194734,8.8550453595715659,-1.8046881171372484,,0.1448436801616951,0.2777777777777778,0,2
-0.71996417644716959,0.67094762003896058,0.17742850897418674,-0.69380428847108899,-0.70207332778977471,-0.16040153273992758,0.016946797097829345,-0.23858401784328742,0.97097398137019053,3.3476242565000245,-27.34263217483419,-0.38485132569872998,,0.7228699389321604,0.2790697674418605,0,1
0.94351182233575226,0.33025902323448131,0.026728611727394838,-0.32590356910652069,0.91045851139597456,0.25466087777720597,0.059768760705730783,-0.24898649882841431,0.96666096365006315,9.8251303158126575,-30.447478892150876,-0.30047102352963845,,0.4513917291002457,0.1923076923076923,0,1
0.71165092760443627,0.68842979289495643,0.14006204872967606,-0.6985047879342946,0.67204593079290575,0.24585631604163602,0.075126682827163907,-0.27279788701400465,0.95913361653529927,-8.7650258936700425,-33.530430495826472,0.3136939387195109,,0.4889348896906179,0.375,0,1
-0.13008910245620903,0.94757729043740324,0.29184602801725329,-0.98965925463365656,-0.14203373270798889,0.020024447332987912,0.060426692281589915,-0.28622316017461807,0.95625567576854753,22.689404368108828,4.887104398926053,-2.1736837208716198,,0.3131061907039928,0.1,0,1
-0.73755346251366527,-0.64036278223533072,-0.21436043725914103,0.67118212299941438,-0.73010864486698945,-0.12828064724068286,-0.074360256186374013,-0.23848872891253264,0.96829421070332877,4.759191337158664,25.432877460259828,-1.7538985342044293,,0.3359824564212268,0.2352941176470588,0,1
-0.079408696993986672,0.98186597151903288,0.17214375624663761,-0.99486071605196513,-0.088943001541632746,0.048386962431380971,0.06282049425377001,-0.16741671496523186,0.98388273135163895,6.1435997827091819,2.4495738260033528,-1.4920989310074451,,0.2912364495271946,0.2894736842105263,0,1
0.98713612927037486,-0.15189967263172136,-0.049887390626064253,0.15714223479898901,0.97929755129267571,0.12760338582713621,0.02947168694664469,-0.13380132841846332,0.99056984820959204,-15.624208519701261,11.801986224379863,-1.2452503161285118,,0.2288670805762633,0.2857142857142857,0,1
-0.85654327477596715,0.51272229778877421,0.058732135890499727,-0.51328250576182211,-0.85819683916850431,0.0062653427721275651,0.053616114321401502,-0.024779640662987452,0.99825411679275644,15.570153507432888,14.542250942999985,-2.0128692245126705,,0.1506369911563916,0.4,0,2
-0.83923108111293987,0.52996557106108799,0.12176898613316957,-0.543472479679039,-0.82493147738303485,-0.15532456809584194,0.018134396199540145,-0.19653129804827002,0.98032983865734669,30.375924448552873,12.273493592208897,-2.4957889254866066,,0.275685019016233,0.2941176470588235,0,2
0.9817711015505054,-0.16481479810238309,-0.094665656321485173,0.18811086400700847,0.91384589513861947,0.35986106038418791,0.027199393427863119,-0.37110882806094236,0.92819094518983003,-17.516945500317476,7.7717135848354966,-1.1322413972359717,,0.6095464702328784,0.2777777777777778,0,1
-0.97058865378816583,-0.2318735617942117,-0.064748100192524805,0.23442595767625216,-0.97150437757422026,-0.03498163406272975,-0.054791746689145222,-0.049131412507605644,0.99728830776248434,-13.687689511839949,8.7633384453094862,-1.119447226295593,,0.1590926071943927,0.2162162162162162,0,1
-0.0060320605236366268,-0.98788936939306293,-0.15504260087477489,0.99707436583922648,-0.017756348059677012,0.074346627965816023,-0.076199233802860783,-0.15414053958566237,0.98510627387307659,7.1462914356990392,13.25299553309635,-1.5685674568990375,,0.1950229420130577,0.1428571428571428,0,2
-0.61176453744445725,-0.77821164856615954,-0.14188298263466989,0.78728519722336576,-0.61644191092598122,-0.013468061734784639,-0.076981614417576102,-0.11994165452362925,0.9897918117219392,30.051904380376044,3.1837463064762899,-2.5473823113148728,,0.155572257344602,0.2222222222222222,0,1
0.99332927714739971,0.11429712492239961,-0.015268084237983159,-0.10471214224254838,0.94952750804307007,0.29569051174580308,0.048294041338462164,-0.29211928848330437,0.95516176999878288,26.416151842810606,2.059749947551786,-2.3442528718420661,,0.2794209358701583,0.4210526315789473,0,4
0.54009762997381361,0.8266727698718398,0.15781850857579982,-0.83922456195524064,0.51493147982862364,0.17477901960057685,0.063219338083410542,-0.22684290298337312,0.97187736503036826,3.0651021188589986,-32.722208786181419,-0.094624895484626714,,0.6549395759268881,0.4242424242424243,0,2
0.98498340148396046,-0.15463371032482187,-0.0767861604214225,0.17027835621052256,0.94354027684762798,0.28414261801521945,0.028512807776993439,-0.292950783575466,0.95570228533533974,28.053110537108477,4.0682146104466774,-2.4129631430314125,,0.4431687137803583,0.1904761904761905,0,1
-0.98938875068781151,-0.1284805348236582,-0.067842849172476197,0.13675568570544616,-0.98119796276293803,-0.13619265874890091,-0.049069159760952191,-0.14402537985121946,0.98835667019506013,24.413297542139762,0.82875634281065769,-2.2482412058786969,,0.1710873106369685,0.1111111111111111,0,1
0.97731178454026668,0.21180574843510247,2.6991966842847228e-05,-0.20503825214533947,0.94605330473016369,0.25088335888679786,0.053113001759497763,-0.24519679757081592,0.96801732396952123,30.740229820411169,0.33339503036057305,-2.5451965782289281,,0.2815801532787237,0.45,0,1
-0.59196254065711584,-0.76311531687214029,-0.2592978280161744,0.80226201179707923,-0.5887212321565618,-0.09890892394199563,-0.077175221969724012,-0.26657517506923428,0.96071934567319461,-1.7491408817319531,8.5457262641264009,-1.3153607547008841,,0.2114449425966062,0.4375,0,1
-0.048928207210724779,-0.96643072617167525,-0.25222545876741326,0.99693570935925224,-0.062685371540484952,0.046794610792226396,-0.061034596283656886,-0.24916299024156677,0.96653638439035061,-13.249494822392995,10.685407801323448,-1.2112313885557948,,0.5451284890924653,0.1538461538461539,0,2
-0.81383978821281278,0.57812308308054172,0.058638723819439402,-0.58106166443026508,-0.81063144433402534,-0.07241549272401504,0.0056693254672520801,-0.093007323724429006,0.995649283875786,22.436370985337998,11.207409580159821,-2.2036242814814364,,0.2763025076734995,0.1818181818181818,0,1
0.95882200633250181,-0.26912718459813534,-0.090724410622481585,0.28330587134165314,0.92878279791106022,0.23895668554750507,0.019953531914478372,-0.25481968686658363,0.96678269727449817,23.020776878520525,-30.725663736660234,-0.41974408006623987,,0.2300648055082713,0.3,0,1
