axis_00,axis_01,axis_02,axis_10,axis_11,axis_12,axis_20,axis_21,axis_22,location_x,location_y,location_z,dbh,dbh_approximation,score,reconstructed,number_clusters
0.032646379798041358,-0.99274517076607394,-0.11572052456985082,0.99864559789774776,0.027707155281620599,0.044037294940202247,-0.040511525341959592,-0.11700145070399583,0.99230513293423439,8.2506814512079885,-13.214259286726543,-0.035127416016106278,0.2984358995812311,0.205400081678397,0.3333333333333333,1,5
0.94262386973068091,0.33135048295050834,0.04083010730358673,-0.33313208484920231,0.92546481290742455,0.18038263251835179,0.021983044784135951,-0.18363479386731646,0.98274870044346929,-17.748480446258007,-14.219656135490176,-0.1430508741669691,,0.270094992334634,0.5714285714285714,0,1
0.010488512847020837,0.9935221277735341,0.11315375699731423,-0.99931806963028114,0.0064081629822936555,0.036363871598068004,0.035403203367298477,-0.1134579969483937,0.99291182696138314,11.606927404370014,24.991165757188398,-1.4023897763810385,0.660517047832564,0.4340824301782226,0.625,1,5
-0.96706579656957803,-0.24829427740288473,-0.05597943295735533,0.25274170235849042,-0.96277155590891905,-0.095877854698837264,-0.030089483115865463,-0.10686853111041826,0.9938177599862672,1.3598517999689999,21.087649868007045,-1.4645481556802946,,0.2121548306172831,0.6458333333333334,0,5
0.84764139480763467,-0.52846944047047173,-0.047160537501111072,0.53051188019328355,0.84288370751601982,0.090023333518789231,-0.0078237319965764121,-0.10132672940973975,0.99482243798819203,0.53062692448275395,9.5618675462340228,-1.3217552128270404,,0.1047258550581905,0.5151515151515151,0,5
0.78684624479499587,-0.61678692189393758,-0.021139537190176846,0.61703946356170902,0.78559925734866698,0.045783263980419993,-0.011631313747443379,-0.049068318025221005,0.99872769697584918,-24.696467164059925,6.9798938245629607,-1.2652552510969015,,0.1141298714861254,0.6842105263157895,0,1
0.91557097878338822,-0.39748173745214621,-0.061139604199351834,0.40211195539326638,0.90256772841045696,0.15387485487172098,-0.0059798109864850615,-0.16546831728162487,0.98619697719905597,-15.113131340264188,15.051159233663927,-1.5074326167300751,,0.4164689113931993,0.4,0,5
-0.63237414090515753,-0.76344835278050416,-0.13133757478803079,0.77382807599580716,-0.63041743814362372,-0.061351140861928222,-0.035959069997623133,-0.14042957780029028,0.9894374558120087,-5.7598228806900051,12.365803074220848,-1.4015362135836158,,0.09349082140078982,0.4545454545454545,0,5
-0.66598841446054635,0.74061191610557442,0.089181957405962534,-0.74593278806544672,-0.66012631266389188,-0.088416780181616611,-0.0066111642876460954,-0.12540829737782497,0.99208318776983528,10.129249096437482,10.007177834479517,-1.0738206215641422,,0.2503381025230805,0.1428571428571428,0,5
0.34088320449250287,0.93958240773531942,0.031361440802706961,-0.9394095594946702,0.33915769934858742,0.04981701017325417,0.036170712253858074,-0.046443019355683637,0.99826585914182964,7.6499154012358312,12.720185800220259,-1.168715285115719,0.7377580460472734,0.6475757852793673,0.9117647058823529,1,5
-0.044336129537708498,-0.99048186798144966,-0.13030724008124939,0.99755113024795872,-0.050955461714112277,0.047909116695262446,-0.054092976980696594,-0.12786402981870421,0.99031547484621596,29.738634490462875,-8.319451137659966,-0.045609220237869383,,0.2002791008727086,0.5,0,3
-0.89272973577103865,-0.43486610137019166,-0.11800463020263806,0.45000778998941626,-0.8737914584498937,-0.18434065229582119,-0.022947937140681648,-0.2176693846619169,0.97575275103987769,-2.1297930357342203,-8.119735835976952,-0.53743319509862975,0.8061573248708838,0.5254350986376195,0.3240223463687151,1,3
-0.8090051098955493,-0.57507443230092092,-0.12165578275061727,0.58748667976931013,-0.79783841708665126,-0.13532649893609253,-0.019238847588245442,-0.18095098102646995,0.98330392514676579,-16.369896168465406,5.5593628506856723,-1.3155943222582183,,0.1911439583421582,0.2972972972972973,0,3
-0.049019475284752909,-0.9874348331629671,-0.15023162549619887,0.99787826729280804,-0.054869991937755803,0.035046364282949244,-0.042849208948474951,-0.14819491975494054,0.98802945859489255,9.9115050812249077,-10.546363409092928,-0.18148742455711561,0.454502212041405,0.2276915516307544,0.2352941176470588,1,4
0.12881785612042432,-0.98863349246984566,-0.077522754797621649,0.99112081236367211,0.12575551109999389,0.043186649876467476,-0.032946854843990077,-0.082397627361798523,0.99605478552187776,-23.165474031552861,9.1414183347267706,-1.38157514693853,,0.1377121511776747,0.52,0,3
-0.85459843333021057,0.5062921435034774,0.11545468018320178,-0.51928935154832923,-0.83308218928470368,-0.19055874491904604,-0.00029515769820908164,-0.22280559087074228,0.97486285269194339,1.2187469561161408,-14.173894233722361,-0.043889225133485699,,0.2174349224775856,0.2857142857142857,0,5
-0.51396631465950737,-0.8558410347305484,-0.05809260423382813,0.8571071071502222,-0.51510765688056415,0.0056132606916101634,-0.034728004087497114,-0.046906557050789222,0.99829541751815098,-5.3812255621096332,3.998509289006221,-1.2449769892154547,,0.07448838929519486,0.3401360544217687,0,5
-0.11905641666159884,-0.96619955516907585,-0.2286569247645428,0.99281054250983636,-0.11871439305009948,-0.015300966115541522,-0.012361081385631672,-0.2288346837212937,0.97338681478287525,20.311663468676784,-5.355962868509315,-0.32534683957171745,,0.2609568625035035,0.1875,0,3
0.3481935418531199,-0.91511437221616476,-0.20329029287006112,0.93702254129867679,0.3334268335790827,0.10399665257880693,-0.027386392788208629,-0.22669854964874006,0.97357986476570502,-18.874826266171059,18.752368361860796,-1.6483931774114919,,0.1592146082932511,0.2777777777777778,0,1
-0.042835116378110917,0.99901033032361219,0.011979679110127489,-0.99853854071129822,-0.043204229882671419,0.032468095638592771,0.032953535759083774,-0.010571396641561559,0.99940097561190222,-15.97129145349583,-8.1314934966256658,-0.59284405393939443,,0.08923497102913062,0.3793103448275862,0,1
0.47970644355301684,0.87460679783656925,0.070318398671886453,-0.87675702130423427,0.47466125274638959,0.077419769664822294,0.034334437631077332,-0.09879091212905243,0.99451571233101532,17.740947762662589,-0.51927163006228627,-0.56840365016808569,0.2858298543843384,0.209668385514914,0.7288135593220338,1,5
-0.067230518927624314,-0.98552022645932558,-0.15565969473271807,0.99715214214646009,-0.071711537604380912,0.023346536941095994,-0.034171080425541685,-0.1536467982548809,0.98753480882882083,-24.307873166387353,12.974168086951641,-1.5003645855259284,,0.5173239885340777,0.2173913043478261,0,1
0.99212785044818808,-0.12264101771771772,-0.02532803068185404,0.12420022932645235,0.98951387730794949,0.073733233010939536,0.016019719108496849,-0.0762985411928125,0.99695631860755762,-7.0887963171959933,23.706906024597188,-1.6755594891849679,,0.1186628250823823,0.4857142857142857,0,5
-0.24443450090767468,-0.96667826220515307,-0.076058609940246172,0.96901875762072576,-0.24638380088405801,0.017253116852064137,-0.035417822423211634,-0.069484962703820624,0.9969540700618299,-1.5121755320265182,-5.9640610317369509,-0.75672526992639411,0.1976536973377568,0.1484923889329615,0.5431472081218274,1,5
0.14569749612443778,0.98201245474040433,0.120099035623911,-0.98898079310168763,0.14134767402156267,0.044020744253693261,0.026253199786396269,-0.1251893517173808,0.99178545851285604,-6.050074406776802,8.3769884779752388,-1.3300637823175618,,0.2853476097561111,0.2574257425742574,0,5
-0.20256789692415952,-0.97575125142341002,-0.082920096969160792,0.97866874545810578,-0.20467921312575801,0.017717403243142096,-0.034259798586428421,-0.077562330160152418,0.99639869085670074,3.0849428093739188,15.06840875675287,-1.3167242462867856,0.2122596583425835,0.1546105061591316,0.3170731707317073,1,5
-0.89978463539791387,0.43622316065611277,0.0098470304678303557,-0.43621937207392153,-0.89983647201711181,0.0026425471105135235,0.010013457408748363,-0.0019177421591144951,0.99994802511717285,5.8774450210255571,13.22324052615151,-1.2125972297962018,0.6576727930264309,0.6449797356711956,0.8021978021978022,1,5
-0.73762719582768232,-0.67283984661939444,-0.056503635074042768,0.67410291842625514,-0.73862290822277954,-0.0046319345558272444,-0.038618329127454241,-0.041505906202776506,0.99839164880606379,-20.150845721337415,10.721639666532507,-1.4324497536671015,0.2172929644293949,0.1229464403882148,0.5853658536585366,1,3
0.86795789200969375,0.4940622091820096,0.05051367296369362,-0.49609997627534591,0.85778936628715419,0.13447013283359949,0.02310651937640313,-0.14177424499138336,0.98962930040466823,8.1574346072891917,-3.945606706303971,-0.5980684149167611,,0.1094231639309512,0.163265306122449,0,3
0.0072089294641650157,0.99587613420297771,0.090436478596374548,-0.99757958430830063,0.00090735067794770017,0.069528049634836692,0.069159267688848308,-0.090718807530076412,0.99347224100780107,4.081129168739265,17.804071554395616,-1.3408067108872839,0.1866301217151937,0.2151755398397654,0.3157894736842105,1,5
0.22605382119180775,-0.94049557925658189,-0.25370797252630706,0.97377334608034094,0.21128003497896533,0.08441692533363368,-0.025790315780914862,-0.26613682987913256,0.96359018643498373,-10.585094990079515,19.91784595853532,-1.6045272909650061,,0.2646801525620984,0.2794117647058824,0,4
-0.14148605935834999,-0.95915343964770838,-0.24496198525325671,0.98974553275732058,-0.14196663843683985,-0.015787778750438498,-0.019633527298339493,-0.24468378120119633,0.96940413235291711,-8.4682256564587615,11.510476278390255,-1.4071376400250084,,0.2111574281595492,0.2692307692307692,0,4
0.76546883805832378,-0.62595079945169141,-0.14914105614293136,0.64303468179310652,0.73556442381182074,0.21319328421322981,-0.02374565166254114,-0.25909568712769654,0.9655597179558334,-9.9442718225575799,-16.272446031931345,0.044816625642475801,,0.2133208194775291,0.4782608695652174,0,4
-0.99227182601189268,0.12311327162126119,0.015483722218308529,-0.12369576786113255,-0.99129494107526972,-0.045096527713586812,0.0097969544384454588,-0.046663284810298841,0.99886263196419744,-20.179532225088323,6.2123125065984066,-1.2802331059610375,0.2132852328400346,0.1767469040225285,0.5757575757575758,1,4
0.68521884104882447,-0.71367289984761961,-0.14541709629474542,0.72828674630181012,0.67372711437691724,0.12526049063641159,0.0085764230789056421,-0.1917361921402462,0.98140902665032048,-11.325244416723505,-4.4866156459787057,-0.86260117815860538,,0.2166412438178569,0.1951219512195122,0,2
-0.52138012521605082,0.85294365856492993,0.025492750804272848,-0.85332138255685386,-0.5210642550475002,-0.018293719770851015,-0.0023201510631712594,-0.031291491266273071,0.99950760851200038,9.1907675329806882,15.829650417615479,-1.2132957395374317,0.5549074897580936,0.4777922718378888,0.75,1,5
-0.73787864568117434,-0.66175745463243318,-0.1327108717706329,0.67440371356235695,-0.73069465867669259,-0.10613645422123547,-0.02673453536197231,-0.16781652785037954,0.98545567003251067,0.94256048038194751,-7.3712713358875055,-0.53263023729371173,,0.3028274415512467,0.2127659574468085,0,4
-0.68773765725008618,0.70983363998970483,0.1521614877001741,-0.72581693548506787,-0.67648001255243118,-0.12475804094377502,0.014376750788305878,-0.19624218750317124,0.98045005629085591,-8.2313666758164086,-18.750788749021609,0.17938405246402217,,0.09947918342019002,0.1875,0,2
0.016912713701502897,-0.96841915031596182,-0.24875351136528909,0.99973233732002154,0.012450824051712451,0.019499505047033926,-0.015786507906975535,-0.2490167188799646,0.96837051787338047,-8.2806032755914689,-7.7145775746124627,-0.61308691627397138,,0.2216005740699437,0.1627906976744186,0,2
0.98049755277365314,0.19448169753058137,0.028309332922227159,-0.19652647601071235,0.96923983021935667,0.14816037170297744,0.0013759475603942776,-0.15083441531022351,0.98855808424509628,12.644551639218255,-9.48379865632171,-0.2045209006037837,0.2849390626516082,0.258109574043785,0.2647058823529412,1,5
-0.95633837029693491,-0.288835676467327,-0.044619205477735784,0.29152841276064162,-0.95356438895996909,-0.075671267074509579,-0.020690723792650689,-0.08537510238390579,0.99613402002033558,-9.4077430726506481,5.9103634934120794,-1.3070518262183686,,0.07101784334003097,0.2115384615384615,0,3
0.14823854161971928,-0.95737050240454868,-0.24792550474713512,0.98870962852774047,0.1379238384752717,0.05856863697223038,-0.021877048132609746,-0.25380846303051069,0.96700706246598522,-4.5037585482558198,-12.818895474728258,-0.21782216228267948,,0.4680048271958381,0.4117647058823529,0,3
-0.98246835688166601,0.18029383123902828,0.047434819946879911,-0.18636126508419021,-0.94290770303194127,-0.27603358933153294,-0.0050404962513964048,-0.28003428000904096,0.95997676816543764,-10.849440310423979,18.904722898605911,-1.5821921630498639,,0.1304608458341264,0.5454545454545454,0,1
0.21613346163394098,0.97514196493591931,0.048831086236581618,-0.97582506137216329,0.21408261841288007,0.043978200184852947,0.032431101741130168,-0.057155758366064367,0.99783838517339907,5.445803612662929,2.9336020616139016,-0.97274304485144047,,0.08347261062220628,0.1481481481481481,0,5
-0.32787387755186642,0.93786237576477349,0.11363487380184446,-0.94443885610396383,-0.32833810085852494,-0.015143929663588265,0.023107736802688229,-0.11228648916710553,0.99340715562672777,20.514708259128735,5.6971584779224909,-0.75120792353605992,0.3418540726385579,0.3171375527657433,0.5740740740740741,1,4
0.57960323547157955,0.78805690094306269,0.2074280846628383,-0.81419226814500989,0.54942817098456198,0.18766895167140554,0.033926979290267181,-0.27765987431491745,0.96008018116804339,-1.4863462360415376,20.477921909050117,-1.4949551649439901,,0.5036535454086468,0.3611111111111111,0,1
0.68696144939433401,0.72422188844391078,0.059888424129981369,-0.72565146552751325,0.67923002015803469,0.10989326773687762,0.038909094358633614,-0.11895056122125922,0.99213751383633275,28.704402203500912,-0.08765789561910145,-0.44616784389185682,,0.1467798231639549,0.1875,0,4
0.81234408632207078,0.56315994899606037,0.15148583189300591,-0.58193813151984575,0.76585839624326146,0.27351220811307675,0.038014424903606188,-0.31034140676109456,0.94986478761389703,5.5469699278429552,-16.390780426350322,0.11589454347047605,,0.4970996808626463,0.2083333333333333,0,2
0.21827224388267349,0.95158586320939109,0.21642913965190108,-0.97522760262263064,0.20453566086512706,0.084239459384444798,0.035893601565466879,-0.22945480682370789,0.97265725771833722,18.173850855106195,2.411131592356079,-0.67308061332690139,,0.1880054336306754,0.3428571428571429,0,5
0.49213807665245762,-0.8693629038083911,-0.044813558112035794,0.87033120631498051,0.49031658003240997,0.045970019138900878,-0.017991798774145147,-0.061626234893609973,0.99793712344501284,-6.9973343577473521,-11.703356616066529,-0.33043729874864297,,0.07289850937223993,0.1666666666666667,0,2
0.31661110065602832,0.93184611680681229,0.17725751192388062,-0.94807504306935486,0.30492971514836625,0.09039680043330578,0.030184824836679298,-0.19667405373257182,0.98000418006148227,11.519719108305431,13.266875418269874,-1.1053432469620275,0.522075318410065,0.3674219963381112,0.2272727272727273,1,5
-0.52912984688583742,0.83505193254602428,0.15069795979282538,-0.84840261603046041,-0.52383939256221346,-0.076192466246488885,0.015316861533660239,-0.1681682513175452,0.98563930167255287,-0.65485270169866061,12.29331121491246,-1.3173345858908478,,0.08897835442970128,0.2962962962962963,0,5
-0.30649960902253248,0.95155492628264149,0.02451962349369282,-0.9514020672174387,-0.30705531169019057,0.023476414914232479,0.02986797889747515,-0.016132508486829591,0.99942365691757729,-14.878251467805002,12.117718478877574,-1.4603033053782675,0.1665896287112932,0.1198903046335403,0.4571428571428571,1,5
0.29805725171891467,-0.93901543895880601,-0.17149892155569862,0.95412139479255453,0.28770534483820853,0.082933699728380036,-0.028534868089359483,-0.18834978085606477,0.98168738473843831,-10.266812183272888,-10.508059770866765,-0.39936379458866678,,0.1200383199988668,0.2222222222222222,0,1
0.52453057623319121,0.85079644518551745,0.031828971962115517,-0.84843477216506991,0.5192305033019502,0.10275272172556316,0.070895077245772847,-0.08090175091116418,0.99419756322464681,6.2057362112244085,18.001601665850227,-1.3038196903417785,0.5243007899978094,0.3739244326370866,0.5172413793103449,1,4
-0.85006987627669328,0.52236797797566048,0.067178129123610902,-0.52600079541633293,-0.84848279178971209,-0.058310507270322276,0.026539944768477822,-0.084903755054514501,0.9960356337548022,-9.0382700394341686,35.44513729987478,-2.0509840963000667,0.6451686244171072,0.5756441508802415,0.3636363636363636,1,5
-0.48825798801705039,0.87096983084814794,0.054915306517311351,-0.87212098396871041,-0.48925795992307103,0.0056247642940304215,0.031766750840942264,-0.045146455057547455,0.99847517301971322,-2.813037622322399,7.9165249883287343,-1.3037035632938379,0.5475635634898459,0.6903503104322984,0.7641921397379913,1,5
-0.98497664344413494,0.1721492878233282,0.01362477784943061,-0.17259903855114886,-0.97887580527213081,-0.10959803713596421,-0.0055302586507756379,-0.11030313030353238,0.99388260659118954,-22.855095418579772,13.672133620119963,-1.5126586393190373,,0.1437660174956115,0.3125,0,1
0.85113016106830552,0.52380896161240298,0.034664400389685379,-0.52427306813872432,0.8448057674030961,0.10696244848952567,0.026743203702042268,-0.10921257755863985,0.99365860030432429,1.1830434876014073,7.6037763571261587,-1.2371158767103876,,0.08603559509333693,0.3484848484848485,0,5
-0.68356594092479372,-0.71891140900991279,-0.12611102411361316,0.72921363793102312,-0.68009225635301362,-0.075643857014767071,-0.031385899110985854,-0.14366944297257458,0.98912790704384945,11.247006474291176,7.6347106050840567,-0.96721493890238286,,0.1080885169734141,0.2352941176470588,0,4
0.93811334311125172,-0.34502675149114831,-0.029998270485085975,0.34632643277152664,0.93487364212537849,0.077905553222984564,0.0011650924342074505,-0.083473432987360818,0.996509321855508,-3.4040939363484384,3.9831855578373307,-1.2395001621802171,0.4853167515405332,0.3993024903714736,0.8521452145214522,1,5
0.3768172262588021,0.91059207201959347,0.16979651459816852,-0.92561361001650944,0.3631709602793679,0.10651900563733772,0.035330198794063544,-0.19730416109353907,0.97970548894468612,11.873398340845489,-6.4785282010670224,-0.41750861569032838,,0.375500457536174,0.2954545454545455,0,1
-0.85679044389819403,0.50779367001114351,0.089753684834393332,-0.51446083629363015,-0.85362930817850502,-0.081529455650994259,0.035216234392625625,-0.11602841425833024,0.99262139001731309,-8.2385372591558443,25.622988240016365,-1.7541886659431309,,0.2323790823285521,0.1578947368421053,0,3
0.98978916918263049,-0.14146765897261498,-0.017444255030399473,0.1422495558586728,0.98815017822442774,0.057656648645596165,0.0090809926091825321,-0.059549363891139226,0.99818405558964551,-14.443238529873984,-9.3821943352179513,-0.4729641560606096,,0.6902504688050487,0.8421052631578947,0,2
0.36366008570769331,-0.90520292320359774,-0.21990682091907557,0.93004448044889965,0.3394829955564504,0.14060071164313254,-0.052617548874966072,-0.25565399185555504,0.96533539767207843,-1.0559451917298532,26.570694447182799,-1.6772432752934312,0.458134712620868,0.3097011215781043,0.5,1,4
-0.9020278134735118,-0.41922522929942124,-0.10293702365545479,0.43096243265410289,-0.88827848514978947,-0.15884808611013604,-0.024843618115199459,-0.18764738191310584,0.98192222436408028,-3.6681505196206072,16.916978098010468,-1.4455202363786142,,0.1222250875272398,0.1363636363636364,0,4
-0.34344034001276952,0.92574222797347294,0.1582721080880195,-0.93880508787164141,-0.34312140982767286,-0.030211009651974704,0.02633894147901189,-0.15896233976820603,0.98693324733600118,-14.088630092905504,10.187431049443788,-1.3994333612751753,0.1666621359030792,0.1267712269793579,0.3548387096774194,1,5
0.80700757205958862,0.57992737925797688,0.11145857268717582,-0.58850218552059874,0.77409686939754374,0.23332212588265244,0.049030156801365007,-0.25388633593775056,0.96599056524799287,-19.735759871779958,21.061974639099219,-1.7031530683885003,,0.2837722482771339,0.1818181818181818,0,2
0.19824106584580339,0.97515467630636554,0.098862718403593647,-0.97993155948576072,0.19504009883764742,0.041152139302918438,0.020847506712456481,-0.1050367417774806,0.99424979976897443,19.125493873964245,-1.5517964590695172,-0.50630134825105488,0.2060885515425296,0.2687761935885936,0.1428571428571428,1,5
-0.35871928940012321,0.92504787630258412,0.12492757085748475,-0.93268718231373648,-0.36059685654279189,-0.0080328699181562366,0.0376177000883305,-0.11939988944525154,0.99213334539291054,-6.5693267715832793,-10.775722774144159,-0.38084679971133406,0.5390252558445968,0.4409548465205214,0.550561797752809,1,4
-0.93965187432252695,0.32450144000536529,0.10841204045956521,-0.33634543721072291,-0.93418870332446724,-0.11900929984029857,0.062658614329473686,-0.14829120680402719,0.98695674476388051,29.438742956341208,2.7005715042915748,-0.5270000023219662,,0.3358539897321088,0.1428571428571428,0,2
0.99989779543603241,-0.0018336477030839436,0.014178731193764791,0.00022645169991307405,0.99364798896309048,0.11253276300364726,-0.014295013179135931,-0.11251805084389087,0.99354684883627975,0.42850438938405822,14.885143289762297,-1.3701979658143324,0.6494026951194941,0.3871264025094345,0.7319587628865979,1,4
0.97771457455027655,0.20957685593716688,0.012318772969090921,-0.20939630968576298,0.96929404237118133,0.12892728537326348,0.015079661864779471,-0.12863359156622678,0.99157753247984459,16.31810595904166,6.655674358655383,-0.85177375557981116,0.3915090076842509,0.3901670269955836,0.9259259259259259,1,5
0.44594215486481315,0.8555055016383164,0.26314621635337804,-0.8943741673454324,0.41438493838016854,0.16846356172427271,0.035077675232132406,-0.31047618187267723,0.94993373305198126,-18.133928850452392,-11.48648130274835,-0.28706949715019814,,0.5500367205154042,0.4,0,1
-0.49582210081124672,0.82889493751615284,0.2590243751217528,-0.86810926006647804,-0.48111262732381338,-0.1221349762206097,0.023382834172816468,-0.28541867911836116,0.9581176444865086,5.9460004610427655,11.059831537068275,-1.1860018823023146,,0.3170815686064754,0.5384615384615384,0,1
0.82458542271774493,-0.55930163503824482,-0.085091490085346444,0.56553436497348486,0.81088235982325474,0.15046820448688603,-0.015157924509501503,-0.17219604981246298,0.98494606844920618,-5.8095900476835132,13.997140215544537,-1.4432342131975939,,0.1411455303765924,0.2666666666666667,0,5
-0.80449996929598577,0.58969381645015106,0.071000015797280422,-0.59386132569432126,-0.80070514369629397,-0.078740070503403814,0.01041754516869439,-0.10551054780804277,0.99436361510963645,-16.265921997505327,10.50396121553427,-1.4261739508157678,,0.09088012783569002,0.34375,0,4
-0.99227206305794036,0.12374446110339803,0.0091357113006225055,-0.1237431097802016,-0.98145050020306535,-0.14643277786437642,-0.009153996758994103,-0.146431635917183,0.98917843706075281,2.3422268194492606,12.63213714674149,-1.2746257647977035,,0.08215226143245499,0.6666666666666666,0,5
-0.94205171146440003,-0.33401039863475379,-0.031235020903609433,0.33481816404093534,-0.94193452330273064,-0.025615441411700326,-0.020865520728064975,-0.034589122774535075,0.99918377820620974,-1.0257439434119366,2.4546163236409688,-1.1928823503296317,0.2862495139615643,0.134375712120813,0.2183098591549296,1,5
-0.96869220735353856,0.2456154123588315,0.036172871386344792,-0.24823983387776638,-0.96032436332524995,-0.12709878866572574,0.0035202682952974879,-0.13209915372839062,0.99123025644669194,-6.2478304623139991,-15.376340135485867,-0.0023454691278548038,1.048079472240574,0.8631360818696414,0.8454935622317596,1,5
-0.97101053856728703,0.23894984653208054,-0.0064424245097397456,-0.23900005445762712,-0.97098086468701261,0.0086680090513033582,-0.0041842514886002782,0.0099564679458791373,0.99994167869207451,6.6867716312246097,1.0317509106133014,-0.85609134868069203,0.5748838088027524,0.5191631234432748,0.9642058165548099,1,5
0.27915715586470502,-0.93249657444473133,-0.22917552438768513,0.95953305076892648,0.26169759420199495,0.10397448567299955,-0.036981168337487033,-0.24892671178025416,0.96781603900259094,1.6926150948403051,-9.575621494140881,-0.39841664284143391,,0.2296728651293319,0.2692307692307692,0,4
0.99992511123569228,-0.003672341451137694,-0.011674152155697236,0.0046314853601194788,0.99652005282154654,0.083224597733485201,0.011327897582831249,-0.08327243381100187,0.99646243306185134,-6.8886375010198329,-17.197031400960917,0.088534965226697876,,0.2371380169965512,0.6153846153846154,0,1
0.53591963404372889,0.81468789170233002,0.22152603675425656,-0.84350713986851522,0.50553122000417972,0.18147696986648962,0.035858762349987708,-0.28411586494720437,0.95811915983766294,-9.0705531951120513,-12.287918746936647,-0.28927971169941186,,0.3550381115339658,0.16,0,4
-0.92159538707581323,0.38630087808249347,0.037862568762268539,-0.38783208925114793,-0.9204037946274386,-0.049427981776545192,0.015754779201009372,-0.060236919145217234,0.99805976800200746,-10.422061185166474,-19.43295086081714,0.22486582448529008,0.2465452528654163,0.2069814763029621,0.4054054054054054,1,4
-0.93517557096078763,-0.35302131559016758,-0.028681042818476266,0.35363271278783615,-0.93517059707636296,-0.019996469942407006,-0.019762487811099395,-0.02884276517307249,0.99938858257070862,-4.6869041665988087,13.241128724238422,-1.4062495220675759,0.2370447558494651,0.2099761359391275,0.2698412698412698,1,5
-0.99913692399718257,0.041214171623666231,0.0051767907842856821,-0.041341601991533292,-0.99876502730212746,-0.027555256902366002,0.0040347305018961568,-0.027745491445579459,0.99960687705428541,17.381516342351848,-4.7599084407523371,-0.40674436145468035,0.5695050216369807,0.473299108104906,0.75,1,6
-0.92428843835240471,0.37505391222832613,0.070890377698950374,-0.38169006527550409,-0.90911648751037633,-0.16679300407024567,0.0018912424630929154,-0.18122299815151111,0.98344021076165211,-1.7820389974291153,11.231093664835065,-1.3340451664875308,,0.09047995939281679,0.5454545454545454,0,5
-0.24935045054052357,-0.96778158042061802,-0.034973781805949011,0.9677837502068749,-0.25032780891550394,0.027029630391137007,-0.03491368858709186,-0.027107207199104449,0.99902263921650436,4.1073076360048626,10.690227718158582,-1.2284741367770629,0.45521704244229,0.4229479408818945,0.9479768786127167,1,5
0.96064041284459922,-0.27169215151635173,-0.057908306953083022,0.27778951200498647,0.94081474388722264,0.19416643557641436,0.0017274923409903672,-0.20261044516222307,0.97925789416342024,-3.945380268900093,-7.3897246855146745,-0.62007568187272832,,0.2551968668662641,0.1571428571428571,0,1
0.95762910977087279,0.28654987537584165,0.028907733247995452,-0.28715283076184772,0.94226349812466792,0.17228683027824118,0.022130067892017845,-0.17328782133766768,0.98462256274734083,-9.1546816394602057,20.568665368906206,-1.6079466609025168,0.3389210263041303,0.3167214256236751,0.7757009345794392,1,5
0.54956520714698198,-0.81256681468130809,-0.19419900816473962,0.8351699376475038,0.52830510091057481,0.15292120716804827,-0.021662371600555046,-0.24622934843462754,0.96896947817054546,6.3850105077574248,8.2176328044024451,-1.1329327394701216,,0.2671706688826197,0.2142857142857143,0,1
-0.23132818064131611,0.97220588611096947,0.036096923031790434,-0.9724024621204278,-0.2322136619325729,0.022589087498043437,0.030343442509183839,-0.029875244317814707,0.99909296127719871,0.51353532900549792,2.9464408939734534,-1.1437075712573752,0.706050385270244,0.5908789406795988,0.9956140350877193,1,5
0.91981681644669899,0.39234690805564121,0.00096328658145627272,-0.3881209492457246,0.90954457803464239,0.14862970539021367,0.057438253267814147,-0.13708597414382759,0.98889245257236147,3.151614527656819,-8.9170762779624173,-0.41836317556617375,,0.1534206171201896,0.1212121212121212,0,2
0.17107621223675115,-0.96764701772083639,-0.18545128390684748,0.98444081390918903,0.16021535240349419,0.072161795737345394,-0.040115003633806379,-0.19491097955270811,0.98000025333326535,-25.608060243031129,26.046129517326058,-1.9132351048263165,,0.179504377058853,0.2,0,2
0.18493243481990598,-0.98240828355627574,-0.025960719396689487,0.98226928021680848,0.1839500232722947,0.036186324495253143,-0.030774269998405514,-0.032192442251787086,0.99900780325677685,9.1233682973224965,0.53978652190461007,-0.76770669512553968,,0.06733342151803605,0.2758620689655172,0,5
0.96657569356170003,0.24983016472108718,0.057587476165856077,-0.25634516799377205,0.94552063401088671,0.20069351136968874,-0.0043108539714842931,-0.20874774119756359,0.97796001814130995,-7.2713598440418465,-9.6349571491966692,-0.44975035791641088,0.7560916508119522,0.2725289860864998,0.4050632911392405,1,3
-0.73943000493545796,-0.67271802208991871,-0.026338765281923988,0.67283369453992281,-0.73977318968812822,0.0055179081553144828,-0.023196708665372837,-0.013641501899739171,0.99963784548856138,3.1656357557766879,4.7371645571288505,-1.1012242739719469,0.1359976601845996,0.1581314302116529,0.3761467889908257,1,5
-0.66517673730734794,-0.7207579445911596,-0.19505869233099682,0.74597287836721138,-0.65287985009351834,-0.13142437400422591,-0.032624728132033216,-0.23292893047148966,0.97194636707161919,-19.221182454879195,7.3622062992197632,-1.329275006628112,,0.1858847605860972,0.3333333333333333,0,1
0.44907109335563161,-0.87828661596683966,-0.16415776961781572,0.89314021616824213,0.43606658020029099,0.11021112419066414,-0.025213238096771329,-0.19610853588240715,0.98025799398869229,-10.749378348602688,5.480338046722542,-1.3061340019557264,0.7762938798824137,0.5001677577567142,0.8160427807486631,1,5
0.9750598765034052,0.22167309726802645,-0.010921317721064821,-0.22054241061289967,0.97325487881967099,0.064311631722097778,0.024885384349364156,-0.060299077947408124,0.9978701011877632,7.1188605713702087,-3.7979899339149075,-0.61613461559069727,0.2609042664289621,0.1790678968419761,0.4747474747474748,1,3
-0.98384282747370289,-0.17711442845410233,-0.026148997340787468,0.17825011883935268,-0.98268465019962048,-0.050574434211451975,-0.016738756295151602,-0.054418356236002892,0.99837791268750797,14.993799160932758,-1.8203383233790444,-0.54585813474516631,0.3206400576652255,0.2682713547645016,0.4727272727272727,1,5
-0.81084862907157607,-0.58330425391658158,-0.047756131497077199,0.58457066109476263,-0.81114597337859518,-0.017870424139457677,-0.028313299348153631,-0.042407042274981696,0.99869915382236629,-5.4376964860673791,-3.8564457989881791,-0.96285254827254285,0.6393233349773543,0.5721649340947821,0.9773985239852399,1,5
0.79925102069356513,-0.59494331480154039,-0.085089706153266359,0.60044778457118342,0.79652972146358036,0.070730904339678796,0.025695601254919983,-0.10762367303760899,0.99385958821054876,-5.2451379918982131,-10.243915359106358,-0.41361783734387142,0.5665036454514646,0.3126337521233036,0.578397212543554,1,5
-0.64029177571378193,0.73109835037972826,0.23563031219546432,-0.7679121491827211,-0.61658279946304595,-0.17359891285341483,0.01836771871698507,-0.29209733562350965,0.9562122010468076,-2.256848251045672,16.751912335703985,-1.4316176969772139,,0.5153147952740653,0.2121212121212121,0,1
-0.50585237295133467,-0.86236301482349376,-0.021057242080564666,0.8619227123667228,-0.50627417344733894,0.027851377104303958,-0.034678735356071987,-0.0040610300108683628,0.99939026078372162,-16.723285110511338,12.378286269843045,-1.4756620851589783,,0.07658792750026516,0.4482758620689655,0,1
-0.98872089369614458,-0.14390838480392898,-0.04148941011657304,0.14730673091683036,-0.98443583436726889,-0.095847874468950878,-0.027050349263797915,-0.10087846547575705,0.99453095165910388,-18.072850327933125,10.794277647698761,-1.4351943616306673,,0.3722974540525684,0.1621621621621622,0,3
0.061153645623239571,0.99683460266082258,0.050803607795396562,-0.99752419984142382,0.059266723797554446,0.037854011425904159,0.034723225047730337,-0.052992739015318258,0.99799101561784609,-7.7063717160858545,24.307732350588353,-1.7077269409262374,,0.1368060478084689,0.2222222222222222,0,5
-0.18852289687374799,-0.98059083954001536,-0.05385835835355611,0.98140968166828835,-0.19012176322669061,0.026244082672578585,-0.03597435311553443,-0.047909503835711395,0.99820364924204552,-6.9100596590560954,15.045881108467873,-1.4623617629011705,,0.08317436969075512,0.3142857142857143,0,5
0.85759497499208837,0.51428367985415646,0.0065692848916485422,-0.51326168739211075,0.85492999046394802,0.075214038986864767,0.033065074077086754,-0.067874944132441273,0.99714577311208374,-23.086749484485591,20.454144735734705,-1.7144893665043406,0.5626131535131488,0.4459182614520643,0.7560975609756098,1,5
0.73826207834013446,0.66944535439342268,0.082534969352217713,-0.67326459486322998,0.72391312851327339,0.15054755949459009,0.041035216443409621,-0.16671142686448087,0.98515146610267645,-14.258816158120286,-11.104402929845786,-0.33746362287311299,,0.4383269741513367,0.5555555555555556,0,2
0.68262594526966791,0.72889151666639806,0.052335225006215277,-0.73046817371469563,0.67854260702828817,0.077434989747345626,0.020930027104860371,-0.091088349304466548,0.9956228435438681,5.4304087600510531,23.851071116688153,-1.4699252804472287,0.2543957996273447,0.1995225569688818,0.391304347826087,1,5
-0.080897521245369738,-0.99154515324216674,-0.10145836652698259,0.99614926032568674,-0.083882621717804834,0.025502096508627739,-0.033797073970133089,-0.099004620375597902,0.99451286715423715,-12.568196259488118,-19.050207564147748,0.18099766251524757,0.3381884985449662,0.3627655774553882,0.7222222222222222,1,4
-0.64147260465688227,0.76712197512769065,0.0060640539993678045,-0.76689633149609315,-0.6414454810531659,0.020437993402202651,0.019568193901101254,0.0084599120955617356,0.99977273201202366,-7.1169016275031041,13.094833308021768,-1.4378908505433989,0.1986769191238815,0.1969389235164343,0.5666666666666667,1,5
-0.69320694136290484,-0.70988326152829395,-0.12461898510354873,0.72002812261061,-0.68976863234149921,-0.076018001075919814,-0.03199436038002515,-0.14242537990010806,0.98928831594443856,-13.60857974738423,-18.716532819029137,0.16367686015383626,,0.3453091274505422,0.1666666666666667,0,2
-0.96290804475179514,-0.24968895219941559,-0.10229137061273814,0.26146172390278449,-0.95707902359967245,-0.12505002806589732,-0.06667731462843024,-0.14715695612187543,0.98686319516885679,5.5797538990467004,-12.982400033621968,-0.082648180961163192,,0.5913013843696923,0.125,0,4
0.98720047555499069,-0.12461427346652341,-0.099531421734098596,0.14990266896869672,0.93807106461912149,0.31233294344402657,0.05444640392222249,-0.32325525606362332,0.94474421328059999,-8.3477772624346578,21.655484690195834,-1.6228042036612356,,0.3328536207594666,0.4090909090909091,0,2
-0.18567482269962679,-0.97249389939550668,-0.1406430796519513,0.98198687698882303,-0.18874794617861862,0.0087170083797376442,-0.035023329898816048,-0.13649112957213097,0.99002198859970947,-23.134041377052348,14.521090556848485,-1.545165890743496,,0.2195501575159159,0.3,0,1
0.97232209100024602,0.23288342800666434,0.018843044148282143,-0.23355265501169434,0.96651283934826093,0.10633009316252662,0.0065504724942363731,-0.1077879415093727,0.994152327852867,-10.470294761918572,-13.791457984736777,-0.16933896386614983,,0.1026851703621582,0.3448275862068966,0,3
-0.994243686455483,-0.10653993881685751,-0.011346073343290563,0.10713204829258806,-0.99002908501761877,-0.091461112216127682,-0.0014886813109727779,-0.092150161454426047,0.99574400905648308,3.0061977933204029,2.2064855278561111,-1.0438703574806734,,0.1377158343536776,0.2096774193548387,0,5
-0.96220680471022635,-0.26886332694456788,-0.043250160619782679,0.27228096004248975,-0.95254018269831309,-0.13612596792459053,-0.0045982352787442456,-0.14275752789035306,0.98974701033292267,3.9691379248547167,13.29844958348286,-1.2473065916053776,0.4652411704839628,0.4963762101421914,0.7444444444444445,1,5
0.065035535664897406,-0.9877245290049409,-0.14202335689156068,0.99621365491656144,0.056036922601909143,0.066469670249624357,-0.057695171882628238,-0.14580849806261431,0.98762905436917892,-14.210095341642681,8.3340892927323367,-1.3800232030754698,0.1756416990797987,0.1892734489627449,0.6739130434782609,1,5
-0.81249145064948292,-0.57850390464273216,-0.072047726783090418,0.58236737484637735,-0.811057323372674,-0.055084107672649339,-0.026568465067390728,-0.086713612061000547,0.99587894151211775,-7.2886286719061095,8.094188901758665,-1.3317969277676474,,0.08081948532442258,0.2121212121212121,0,5
-0.27244319840904507,-0.95968537248458563,-0.069128065789305748,0.96132810607816555,-0.27450902803238436,0.022205089346397699,-0.040286177590032252,-0.060405126999588957,0.99736063915082707,13.589210967810153,1.0969447204552258,-0.67921293529192506,0.6386319451563753,0.6104629757834894,0.9393939393939394,1,5
-0.87913285694142507,-0.47438085627879972,-0.045697079142994174,0.47606658552300241,-0.87858089370113324,-0.038160442499900797,-0.022045997243902393,-0.055302951273066413,0.99822620561975373,-0.11383347269950501,20.543560533421989,-1.4771658613994185,0.6687448681296404,0.5719789450991948,0.8114754098360656,1,6
-0.7205564395361489,0.67581438400711591,0.15515584362849466,-0.69313010712435086,-0.70821581324808736,-0.13416786673095582,0.019211247767217655,-0.20421870686700561,0.97873676120026976,-12.650330246060035,-2.6423454071598398,-0.96408741254620689,,0.4881020526158639,0.8113207547169812,0,3
0.9563320972095809,0.2920320718012776,0.012090859612901938,-0.29194329573669858,0.95241368572148244,0.087620107993636148,0.014072381501368306,-0.087323767038964328,0.99608058297961266,1.6829772515402615,16.367862616711271,-1.3657557349248819,0.09498768100320402,0.1203548736997157,0.3478260869565217,1,5
0.93622996547856752,-0.34263118558756811,-0.077957183138296471,0.35138641917621988,0.91225227888307847,0.21053114755575847,-0.0010179187169243071,-0.22449866444032177,0.97447386496816724,-14.915670940682384,-4.5913158406341479,-0.79086966946916692,,0.4825769029209798,0.2121212121212121,0,1
0.90776492417002574,-0.41791799167585736,-0.036157913106353641,0.41946446565563678,0.90363071359593994,0.086608865010024627,-0.0035220021038805879,-0.09378744947865654,0.99558601327131457,-18.527530153081386,6.8443956988492083,-1.323792866701706,,0.0696337484103834,0.2352941176470588,0,3
0.55821366188659349,0.8201314501775353,0.12562608054401375,-0.82928216052697357,0.54671304337298821,0.1157408589805603,0.02624130169928264,-0.16878759621351386,0.98530307086174707,11.153095158844524,-8.0674565199635779,-0.34511475188971463,,0.3276501757983815,0.1538461538461539,0,5
0.98810231799874915,0.15362668225373077,0.0072561467192968077,-0.15240534031600694,0.97173020613227079,0.18031366762754986,0.020649973575354131,-0.17927422845977523,0.98358239593919694,-0.89765297634084373,-11.677535397708708,-0.26122300750498689,0.3747840426912062,0.3434681828823683,0.3661971830985916,1,5
0.95021162719035412,-0.30485932414177652,-0.064487642506747572,0.31096284880531527,0.94100623281703555,0.13345177579325415,0.019999255364674912,-0.1468606900545873,0.98895498760133083,14.274632125174316,-8.7145026887882011,-0.24453377659175465,,0.1087748901855009,0.25,0,5
-0.76801917215311699,-0.62669647879612711,-0.1319017614354602,0.64029196258776022,-0.74716806918787992,-0.17823040995175482,0.013143585916941846,-0.22134000960195072,0.9751081203121289,7.2519331259506368,10.556595310569541,-1.154794079121181,,0.4200902843685801,0.3684210526315789,0,4
0.61042850465067278,-0.78689584368788701,-0.090398959599500436,0.79115792767935011,0.60026095823334158,0.11728561502122309,-0.03802859687208477,-0.14311433613554977,0.98897528412616098,-26.29941362235947,16.27531909105884,-1.6325251510089354,0.5615709440417107,0.6084560521085105,0.9016393442622951,1,5
-0.92002762274239658,0.39138825731055954,0.019089406234268327,-0.39184515343063098,-0.91923381801519854,-0.038295738015157614,0.0025591256121953202,-0.04271322812201761,0.99908409606974369,-15.438871481872072,-5.319865561713546,-0.73888978122091742,,0.7504685223724936,0.2631578947368421,0,1
