axis_00,axis_01,axis_02,axis_10,axis_11,axis_12,axis_20,axis_21,axis_22,location_x,location_y,location_z,dbh,dbh_approximation,score,reconstructed,number_clusters
-0.965236264380672,0.22415453885938469,0.13443844923674778,-0.24763217454079584,-0.94884270243444679,-0.19589750424416241,0.083649626757337378,-0.2223786607245205,0.97136526147362623,-8.2667501153667402,38.647916391105106,-2.1469975180554073,,0.4112132815677683,0.1875,0,3
-0.58055907291622599,-0.81421806400222174,0.00032727225189862092,0.81421058080703279,-0.580551912569086,0.0045394839189723786,-0.0035061312763043518,0.0029019071058170851,0.99998964293567727,12.159680257103251,3.3586202203772668,-3.3760132501545628,,0.09620182050840402,0.5,0,3
-0.86856251310060284,0.49003924761546702,0.073896526527510623,-0.49383605388439744,-0.86832770256154579,-0.046183902477735558,0.041534476284775967,-0.076606375456964734,0.9961959398226311,-4.6628536199428421,9.6931247165730827,-1.5070909446559508,0.4420699549611211,0.3655286436869484,0.9313543599257885,1,5
0.5159457807133232,0.83978325831017964,0.16900896551975272,-0.85662107756210459,0.50568205470371907,0.10240111828960875,0.00052994382447517482,-0.19761006708303683,0.98028056215910964,16.704941780817919,10.04549088232371,-4.0436513780473673,,0.2530555435259986,0.2424242424242424,0,4
-0.27063294059660148,0.93613870697166457,0.22450419322020979,-0.96054941077093403,-0.27810402424840858,0.0017266048918324203,0.06405186126607354,-0.21518009435415122,0.97447159325559163,-18.114671128341556,15.398557752982919,-0.41363462563339626,,0.3621347720666143,0.4838709677419355,0,4
-0.95116368055642697,-0.30742373283059993,0.027898051595964778,0.30500434879211713,-0.94988873610440128,-0.068437827550845695,0.047539457382764209,-0.056586548882952378,0.99726524178739417,-20.19181153551736,15.944401584607796,-0.251413493976891,,0.08454694197915585,0.4166666666666667,0,1
-0.76187719662205167,-0.64360255703985947,-0.072930692023856228,0.64708719966051509,-0.7612727453105409,-0.041736833646849422,-0.02865821527653906,-0.078990859085763185,0.99646332139123761,-14.524259068804694,12.843342431040398,-0.64534601595881991,,0.2185159685846988,0.275,0,5
0.36777452691476831,0.91172260363395341,0.18304040913291261,-0.92952582420683638,0.35473461306688736,0.10072286942342097,0.026900548046835587,-0.20718409281412375,0.97793205909182113,-13.194054302549752,14.345665145009164,-0.81182706783059211,,0.3327679034098306,0.2068965517241379,1,4
-0.93268740866120103,-0.35654354766910423,0.05450592940574258,0.35798439678038235,-0.93353150445290811,0.01913378832527798,0.044060973509902547,0.037358115710244291,0.99833010663003696,7.3191264108884839,4.9280037999061443,-2.7405735033516532,,0.07225718438138057,0.1612903225806452,0,4
-0.99697203339492957,0.011759081742781183,0.076866693859867566,-0.015338287306202512,-0.99881719442926764,-0.046140535919717951,0.07623320517263063,-0.047179827352513574,0.99597317349419368,-17.011596666343646,10.575338159663213,-0.34600422340605419,0.6448662155705545,0.5835870711097034,0.8767123287671232,1,4
0.97635340720062302,0.1995992907824512,0.083031002444133348,-0.20828625486392416,0.97139278632799653,0.11407405798292558,-0.057886615745745204,-0.12867081172151665,0.98999644541201837,7.2643390451155563,11.155175376206103,-2.8606445816542658,,0.07978120867022628,0.391304347826087,1,4
0.094523036705770322,-0.98304801144403964,-0.15710506907111274,0.99481236029029296,0.087311581098957036,0.052202065281524941,-0.0376000444890153,-0.16122436230892587,0.98620126832837973,1.8210593784551257,-29.123197179124119,-1.6260510561586061,,0.6632498632019257,0.4242424242424243,0,5
0.95911334104800239,0.25528785403075288,0.12218719494329543,-0.27802259789223516,0.93063282692345994,0.23796213252049453,-0.052962572492188227,-0.26220345733193912,0.96355815230747099,7.1992741775085918,8.6589675790984106,-2.8777002262955915,,0.185242004460292,0.2631578947368421,0,3
-0.88321276214160704,0.4587473404802111,0.097396583063919184,-0.46205763723143789,-0.8867492402852033,-0.013361314670188987,0.080236878468036579,-0.056803718680630784,0.99515595806775836,-14.540900726080823,16.224438791760637,-0.75463861809671173,,0.07523378102816913,0.3125,0,1
0.80503805526833205,-0.59278496423290272,0.022797275038475097,0.58517810355503452,0.79984134292711817,0.13349312066274524,-0.097366917839256703,-0.094126576076799792,0.99078750041900698,-3.3274661575204063,-33.481592249093609,-0.88521059726701934,,0.2872918634577915,0.6956521739130435,0,5
-0.070617227660092596,-0.97883560230197719,-0.19207829347359787,0.99161235162570038,-0.089783164088480513,0.092972724761675785,-0.10825040998052615,-0.18390173221693129,0.97696571159210177,27.561245677615876,-5.9406150369835462,-5.806555824660772,,0.4464972467733609,0.1052631578947368,0,2
0.90855869027228597,0.40202616673544256,0.11356085412991487,-0.41542589991221718,0.89814491610973479,0.14407300700812281,-0.044072985068338053,-0.1780749025726098,0.98302945075970283,-0.93150574886283621,-37.536760261955152,-1.1229506720536977,,0.4231167023427626,0.4814814814814815,0,2
-0.93847105100614625,-0.34523992803356018,0.0090265450090786081,0.34310349193055084,-0.93500794618209626,-0.089666796538070109,0.039396449693862044,-0.081052653674753866,0.99593091481477725,14.684287537456227,2.5800678545102063,-3.7249197576632214,0.231193902921262,0.2470411838489008,0.2307692307692308,1,6
-0.59534944261707601,0.77297218934985423,0.21925563998955758,-0.79983419238275744,-0.59608414683879707,-0.07034880654912011,0.076317140086347046,-0.21725028050420753,0.97312795137632568,4.1466876811369247,22.226559177473113,-2.6444034417210718,,0.3029126112812114,0.4210526315789473,0,2
0.9759025492878266,0.1979578652476896,0.091798136582937118,-0.21084157268413473,0.96383698339774848,0.16298497066542453,-0.056214282185247835,-0.17841231185460885,0.98234871682976832,19.7760704828043,0.29339445913328754,-4.3302954101146511,,0.5862712408128965,0.125,0,2
0.9956781629901712,0.044962233187383079,0.081261265873237329,-0.069258591499424996,0.94242650728347199,0.32716284305065979,-0.061872798934857719,-0.33137693938516349,0.94146751446647803,-21.310284225693845,18.937481996436404,-0.30400487703134144,,0.3798296753960129,0.375,0,1
-0.98510210307953283,-0.16508145029744162,0.048186733402195848,0.16233953620904665,-0.98513508241605663,-0.05616711116427385,0.056742589751548715,-0.047507727379886684,0.99725788758349043,-5.4845514370783564,5.2556008407121473,-1.3212432048998692,,0.07272412930971242,0.2814070351758794,0,5
0.21586975271923889,0.96533562438085929,0.14672212567350451,-0.97569476593826887,0.20746062486626518,0.070567789045467275,0.037682536825450974,-0.15838946123816366,0.9866573898710147,10.398883911805601,6.0597670211452481,-3.1367066784655644,0.5079930251228197,0.2629396255809702,0.4523809523809524,1,5
0.887802950656575,0.44293585216801429,0.12495499857818396,-0.45692714142120056,0.88077211091806773,0.124330511386308,-0.054986436856091912,-0.16747632517202499,0.9843414916931752,3.3574862192031398,19.878040204299758,-2.5038556916338846,0.1721799194791788,0.09701679526141145,0.1578947368421053,1,6
-0.79290454264557664,-0.60528084336440535,-0.070267253454827164,0.60928761955257749,-0.7859452684124778,-0.10516002909847973,0.0084251357237914715,-0.12619483236691487,0.99196969780932531,8.6011563941776625,2.5905695838084259,-2.8169496107904246,0.4346788662247751,0.1825905321118992,0.1388888888888889,1,3
-0.84849179633693161,0.49800304097218606,0.17903810413256657,-0.52254525520978801,-0.84192304420821729,-0.13458099378778127,0.083714561497184245,-0.2077463809880325,0.97459392229774922,10.214390660038148,3.5965189243975226,-3.0673146413900279,0.7486819107106758,0.2342660427706507,0.3478260869565217,1,5
-0.47589659777539123,0.87335678314389587,0.10378033321565969,-0.87629453591131079,-0.48091601975986986,0.028769224360491612,0.075035422020452006,-0.077250962938142848,0.99418407458948088,-9.8180730300648236,11.379722308522338,-1.0286508372429668,,0.09008386018518791,0.3333333333333333,1,5
-0.0049046157299116626,-0.96459734880723913,-0.26368143548340472,0.99883278052808566,-0.017396368986766733,0.045060435956728227,-0.048052276606588069,-0.26315265725453602,0.96355677450412958,2.1289919755329558,0.35935865500388686,-2.0037954300731098,0.5170387244835923,0.2611067965535415,0.3413173652694611,1,1
-0.89602412233753981,-0.44252237095396252,0.036259114640682176,0.4424421720824101,-0.89673386882721917,-0.010643911929702351,0.037224945295345618,0.0065053595943588951,0.99928573678618449,-11.526925409940038,10.808095747457875,-0.84922789200835946,,0.07973978937245321,0.2857142857142857,0,5
-0.90808643154119473,0.40013635448990131,0.12357156091234256,-0.4116442740127938,-0.90711316658781416,-0.087719408773144422,0.076993665474898457,-0.13052433037009695,0.98845099760088206,0.11725480144078922,11.551484086798467,-2.0663239651141518,,0.08767080789137269,0.2647058823529412,0,5
-0.45805734957303407,0.83543624406760342,0.30369350766906839,-0.88592729193476982,-0.4570683060315468,-0.078875832969143633,0.072912947459634725,-0.30518002182264053,0.94949926612561453,7.1599446033080207,3.9017953117009236,-2.6619717603662574,,0.2944343859953729,0.1304347826086956,0,1
-0.9933119947576271,0.082214794599443614,0.081067925960861029,-0.090106002760555109,-0.99099556435318426,-0.099038879733308924,0.072195493883892625,-0.10568121394687562,0.99177582733275782,-11.010075777739342,19.031036011635997,-1.1503876870230541,,0.1763657599855862,0.2941176470588235,1,3
-0.97948119295250213,-0.20028260688862065,0.022438137851523585,0.19402947510126492,-0.96724032943573435,-0.1637031090266215,0.054489957279055881,-0.15599045640984771,0.98625444083399527,-6.4294607288676273,6.0834424621841068,-1.2261074830048422,,0.1211196833393621,0.2527173913043478,0,5
0.477425548142206,0.80334631644608168,0.35594879102706223,-0.87859987030757136,0.4312634493921671,0.20511973360427593,0.011274478996094179,-0.4106659628833183,0.91171615816134632,-23.9746540031507,-27.928531649900325,1.5022416538881662,,0.3737305605424266,0.2727272727272727,0,1
0.006636940575617133,-0.99268278300068058,-0.12056883243118396,0.9987176983334749,0.00052875334342897327,0.050622914331230791,-0.050188744308669903,-0.12075020809060752,0.99141337351822822,-22.401188752777934,11.153746672769284,0.087623806280374195,,0.3813689670488907,0.2444444444444444,0,3
0.0098888792724609927,-0.99880649953247769,-0.047830811810128979,0.9986972423624989,0.0074705178201126552,0.050477811571440712,-0.050060245347752608,-0.048267668839303349,0.9975791717856507,15.116787840378203,17.017848733304071,-3.9421033314145459,0.4026718368979785,0.3136096749000836,0.5625,1,5
0.820612625950356,0.53019075707687158,0.21329012926320576,-0.57023681179506347,0.78430665213024853,0.24432161979252343,-0.037747802646807313,-0.32211928929279454,0.94594622831366215,9.9774248756327726,7.3867101818518854,-3.1527549964580417,,0.5095170095970204,0.4736842105263158,0,3
0.96411992248649681,0.22755738076258625,0.13671288719467495,-0.26145146194751262,0.90317393258780743,0.34047023443964053,-0.045999001186339518,-0.36399792026101863,0.93026319175570615,-16.07143615293009,-24.68732774704835,0.6802488950011123,,0.6619138949823331,0.1571428571428571,0,2
-0.83425717737563632,-0.54452270544583581,-0.086660171077513448,0.55066494723716797,-0.81485001354031572,-0.18107338655261915,0.027983528753953893,-0.19878249089719852,0.979644039144414,-18.595826425262793,-23.797469563321467,0.89298642569366082,,0.318012243956053,0.16,0,1
-0.99628535200408275,-0.063753507567293477,0.057887715924610152,0.057705515319869859,-0.99323848020327687,-0.10073427889826278,0.063918470599425042,-0.09701964603291334,0.9932278778809418,4.3726954799759703,2.1041897787033865,-2.3073876673490163,,0.08669568745998897,0.2674418604651163,0,5
0.29113845798897642,0.94766959881082857,0.13099896858191118,-0.95577427714745322,0.28216276104278293,0.08294400173597101,0.041640478180063493,-0.14935363326828369,0.98790665692994462,4.31421102576709,23.867514861678714,-2.6613676972547515,,0.1530701826714004,0.2380952380952381,0,2
-0.92599321896859221,-0.37741072288271038,-0.0098845676351597671,0.37177917219539341,-0.90699439671151061,-0.19784188498806157,0.065702401370816552,-0.18687512029981831,0.98018410712836779,-7.5181553643950245,5.2817508723702309,-1.0996320791496721,,0.10121315494401,0.2773722627737226,0,5
0.98844460438932547,0.14428980866252653,0.046451212791066905,-0.14971715537980596,0.97723848001683922,0.15029879094442483,-0.023707328795300839,-0.15551657239827654,0.98754876247752088,8.7080318230639513,6.411520147025314,-2.9523278977338379,0.5818103972006657,0.1689695039828116,0.1739130434782609,1,5
-0.71958477188228298,-0.69337257516798034,0.037844789338109003,0.69426100857309814,-0.71947502287131737,0.018903529812736491,0.014121191528574377,0.039876853803179901,0.99910481356090619,-15.31339382610116,11.038577032229702,-0.52244908743492513,,0.4281510143724797,0.9616306954436451,1,5
-0.74458477919335131,-0.65719198080552799,-0.11701370414824981,0.66734093571104758,-0.72870175882114141,-0.15378498696322054,0.015798168181504885,-0.19259399537857075,0.98115134960220463,5.7186929790938974,6.7370534045971349,-2.6378530350238236,,0.1048087620185349,0.3333333333333333,0,3
-0.029304255179941906,0.98945985747612275,0.14181132208564837,-0.99816775180046147,-0.036480749843837368,0.048273120434074807,0.052937698230657769,-0.14013688070655062,0.98871596263632633,-7.6726543486991172,11.893359573665897,-1.2633963962082004,,0.0935602559545796,0.34375,1,5
-0.026282136044333829,0.98890759165892428,0.14618831856306286,-0.9984496075471132,-0.033146315707537774,0.044718038239988649,0.049067611659464189,-0.14478638373260327,0.98824555277100712,-1.2716810547047193,17.373245468529742,-2.018103543771582,,0.1726611523396651,0.2962962962962963,1,5
0.7572529521550706,0.61620151138907242,0.21648016956352573,-0.65288567751171012,0.72309834540975337,0.22554173663814783,-0.017557293427665464,-0.3121289480767514,0.94987749800697729,-4.0545944391868867,-29.193224314353976,-0.65953978592830365,,0.3327970479259649,0.1111111111111111,0,5
-0.90899170305691523,0.37995046455735176,0.17138182008702782,-0.40606007028615831,-0.90001751957725273,-0.15837829325134789,0.094070734518711618,-0.21355586842009841,0.97239117024500421,-13.050335623436322,6.9582528106701584,-0.57555388111057926,,0.4037691602475501,0.2450331125827815,0,5
0.93631360640305983,0.33824239627658842,0.094387032083688843,-0.3510711285474884,0.90783022303745942,0.22933239814764375,-0.0081174604950633982,-0.24786360664855137,0.96876092991732665,5.8114581353388131,11.586324215312537,-2.7084445544511184,,0.2049424566674454,0.2631578947368421,0,5
-0.72888441734981479,-0.68412120338933946,-0.026564736357471728,0.68442673635380091,-0.72715105297456939,-0.053022530324931857,0.016957261238312763,-0.056828911929544437,0.99823991407887447,5.5382418146029559,3.3710010501280245,-2.4909843102627156,,0.206290771299737,0.3333333333333333,0,5
0.98934099735523418,-0.13302530595328943,0.059233933924608212,0.12686138224319138,0.98707998954209564,0.097873816421570267,-0.071488325253134907,-0.089316080420101765,0.99343447550952879,5.0996645330671777,12.90159842958427,-2.6372624924197154,,0.123225115669956,0.5,0,5
0.90777787215569361,0.38123959540265706,0.17491628203715318,-0.41761138472226367,0.8604765330385814,0.29185761501159646,-0.03924367687712281,-0.33798891547966808,0.94033155154873072,-13.5560007920554,17.114043091913292,-0.8637208570586401,,0.3782647568195836,0.2857142857142857,0,1
-0.93241054192280259,-0.34341859395728302,0.11257997439877357,0.32294401272711964,-0.93156720119102321,-0.16700213863549515,0.16222745129888355,-0.11935752590233276,0.9795080576777011,-15.192793240985624,7.6832528298349381,-0.40848968850768896,,0.8053322745054279,0.4725,0,2
0.67606548369930564,0.69921720976441504,0.23244516626441267,-0.73679128263110949,0.64518527922985669,0.20217458125070167,-0.0086062529145308365,-0.30794682825831826,0.95136464269827348,7.1776808294077945,7.8429592126375942,-2.8316520637793716,,0.4018699854324762,0.3181818181818182,0,1
0.22578930884484474,0.94418034301338793,0.2398805283437743,-0.97392134918334683,0.22441141700819683,0.033417383519094658,-0.022279892644632579,-0.24117005573556224,0.97022709228316717,-10.414682326628663,16.02327879738646,-1.1044890119611903,,0.2244811266681027,0.3888888888888889,0,2
-0.98333638872318174,-0.17423590191573063,0.051878676703095247,0.17280766750901824,-0.98447130015405038,-0.030883154357772721,0.056454022557697069,-0.021403496364036489,0.99817575290148697,-6.0919231348105036,9.0701693958357961,-1.3612987866033104,,0.06651459271711027,0.3333333333333333,0,5
-0.45862754299396574,-0.88859476042737318,-0.0077542600122902363,0.88860513528400209,-0.45866137936829643,0.0032638356074641429,-0.0064568068129063905,-0.0053935903618610578,0.99996460878812621,2.4876685459126162,10.721126042308585,-2.3166333233466423,,0.08692440528550424,0.3684210526315789,0,5
0.99249495509943408,-0.12128774091691247,0.015589996967520899,0.1176457122645871,0.98183038272931711,0.14889118823947561,-0.033365408553370633,-0.14593965688899274,0.98873068429132549,-2.5521865724293855,-26.686519052449114,-0.81244443181429549,,0.4330548509704943,0.2352941176470588,0,4
-0.23261792355147806,0.96726529702197117,0.10142360090036695,-0.97011704789052744,-0.23816571986665136,0.046368127766471187,0.069005905796292288,-0.087606706691884847,0.99376216969043241,-1.306245552073438,15.781010730552701,-2.0036556053107049,,0.08428405439916899,0.24,0,5
-0.77671383426637375,-0.62308618563165474,-0.092082707031370531,0.62975769156768369,-0.76569950799645092,-0.13080333850990483,0.010994069791120956,-0.15958655560224971,0.98712271866290258,13.921350917203423,10.263059903624567,-3.6836807190167273,,0.6183666642131851,0.4117647058823529,0,2
-0.60350278046469552,-0.79467108794804941,-0.065438948271226413,0.79711970160483825,-0.59926655115265381,-0.074025549528634604,0.01961059113831751,-0.096837299885252512,0.9951070103592573,8.6486783633311433,21.448664224363391,-3.0918825909001217,,0.2101676674528846,0.2307692307692308,0,3
-0.41832721218139735,-0.90424402049038433,-0.085703529425145003,0.90814511506241336,-0.41811353050814959,-0.021296140361286745,-0.016576897683738968,-0.086739996618614104,0.99609305762553479,-11.457543114303459,8.3862075039637212,-0.76166292588753748,,0.07654078349650849,0.2647058823529412,0,1
-0.81035810561246868,0.57140593150557462,0.12967267294391091,-0.58182438666076464,-0.81088859088406962,-0.062770026771330881,0.069282925421756514,-0.12631292338591249,0.98956804800413256,1.1894481485833921,10.029616109200973,-2.1433847094243239,,0.1078193655551591,0.3513513513513514,0,5
0.11112015087906151,-0.9937841179469511,-0.006740844532881738,0.99226918464737912,0.11056846627191687,0.05636026495237894,-0.05526461135157814,-0.012951493453569543,0.99838774108533734,-4.5807901949635133,18.929162558548828,-1.716645964262729,,0.5299968800989017,0.6285714285714286,1,2
-0.71501376733721655,0.67898121122758281,0.16655277637483543,-0.69484915612672316,-0.71645751757271203,-0.062235646887679623,0.077071153801028719,-0.16022840045844577,0.98406651042412097,9.1468401433292748,33.287441934947985,-3.3685769044659866,,0.4421941329026033,0.88,0,5
0.94628862172141215,0.30996402732726674,0.09197905285255209,-0.32037328263738385,0.93725330290960462,0.13753983407429424,-0.04357527019695924,-0.1596200111142051,0.98621632914851098,-1.2522469293428315,-27.496098309621043,-1.0367576501868718,,0.1155575120533188,0.3636363636363636,0,4
-0.15079776757739771,-0.9884390493245403,-0.01575687355008485,0.98784506073794198,-0.15127690444317485,0.035741210916013476,-0.037711659593891597,-0.010175654892475922,0.99923685219180403,8.2720676831957949,8.4459551703474354,-2.9782602271571514,0.4899235462450315,0.3365243839493909,0.5,1,5
-0.99516296468310794,0.066691156542531715,0.072131569802325962,-0.070639113023491434,-0.99605867596527453,-0.053639814928457819,0.068269974618295329,-0.058475667361085677,0.99595170911660869,6.7873942802500506,2.798063421283056,-2.5732796091835417,,0.0763128784339096,0.2083333333333333,0,4
-0.13026734435189083,-0.99109564519859472,0.027565214744094874,0.99084348059503902,-0.12913832768854036,0.039401640627210854,-0.035491068704880772,0.032445560408002963,0.99884316569319176,-0.0081918115360924103,8.5921135163329705,-2.0134197859749867,,0.09022687123212876,0.2727272727272727,0,5
0.77878004211221941,0.61428134235306164,0.12712229719687068,-0.62706259214290039,0.76787673621420161,0.13098787545437574,-0.017150846705495201,-0.18172438036197891,0.98319992780682153,-12.999425532389811,-26.144869704487487,0.37407793092566682,,0.1740431544809592,0.3529411764705883,0,5
0.17837842226675138,0.97423747413137141,0.13799450158520857,-0.98330551836217883,0.17137573798670458,0.061160559088344148,0.035935999055418277,-0.14660047894750527,0.98854281826547685,-24.847192972889186,-26.056741189833311,1.5141225550465156,,0.3046932661906394,0.8260869565217391,0,1
0.50808449737501893,-0.8594458194324418,-0.056595291211138626,0.85694779789474718,0.49781766551855228,0.13348424469203185,-0.086548340310592178,-0.11632048554643226,0.98943364074187645,-1.0214951667263461,11.683483878196556,-1.9391023702605208,,0.08967915511486355,0.1935483870967742,0,5
0.90577801034598315,-0.41957567523357564,-0.059350220942821739,0.4162290690111109,0.854652055583628,0.31035983309188581,-0.079495648206782704,-0.30582039931791422,0.94876463112682263,-9.2892671350437812,16.462774972432776,-1.2193902459622581,,0.4658338142693249,0.1153846153846154,0,1
-0.59058523047661793,-0.8054052989325402,-0.050312920748706601,0.8055355643275065,-0.59210725467970537,0.022835357654926659,-0.048182363437731933,-0.027042622044623578,0.99847241145987931,-8.1075831306359127,8.5152000146763545,-1.1323975816546517,0.3149259127119807,0.3086845813143702,0.5595667870036101,1,5
-0.79611400260975862,0.58646975665402368,0.14918350907135139,-0.60027259480713813,-0.79655476669166492,-0.071925764398403286,0.076650549718687844,-0.14681188027867356,0.98619012621140445,-2.9465198205161847,6.8903052993917484,-1.6309297872218715,,0.112611637772621,0.2386363636363636,0,5
-0.97998463755838217,-0.18748616444077115,0.066925692322582067,0.18700474958454094,-0.98226702289162293,-0.013443190560758222,0.068259312788746293,-0.00065869789575643113,0.99766739564580964,0.72861359650161317,12.882379201085103,-2.1427067446211616,0.38132869059306,0.2136229227931229,0.2553191489361702,1,5
-0.94386028393349841,0.30644003707353096,0.12337855604337546,-0.32015820859804694,-0.9405936150946026,-0.1130591558015322,0.08140323015866692,-0.14621270437837669,0.98589824992140873,5.3266963265262515,8.7940727342682212,-2.5787171983334805,,0.1757412991607676,0.1666666666666667,0,5
-0.96925591562968805,-0.23760540698173982,0.063926837790550306,0.23645630706334525,-0.97131818731377795,-0.025087722962509228,0.068054278828171305,-0.0092005199048998051,0.99763919608576901,-9.0009984059881116,13.308218675674867,-1.1646623507012139,,0.09433730477507178,0.3,1,5
-0.25826446623737176,0.95293053905195924,0.15881704323298282,-0.96429407407476042,-0.26425662813804429,0.017474930312042596,0.058620851097752238,-0.1486331801020655,0.98715336882843163,1.4687660057719496,14.162413652270853,-2.2666716631521138,0.391980609425273,0.1171110313812681,0.2631578947368421,1,4
0.58864961983674668,0.79860803643057854,0.12536677875158964,-0.80838695753539358,0.58124548688955702,0.093081742877923548,0.0014669535520314045,-0.15613740140984184,0.9877342557227925,-11.125202627097478,-25.497648588166303,0.17530323962224542,0.2705297542331186,0.2756617922855823,0.9,1,5
0.74330690162985324,0.65881835683206069,0.11598802822072038,-0.66844493653999837,0.73823528086557511,0.090498822640747725,-0.026004168963154287,-0.14480000962164283,0.98911917401802862,-12.794113032612417,12.03915936133628,-0.76724741560129006,,0.0922054026424643,0.1395348837209302,0,3
0.57007330764365471,0.81108411391260726,0.13099230538785137,-0.82057823770300053,0.55416031058325266,0.13984886836335453,0.040838458840424266,-0.18721354206593593,0.98146997404233693,-12.447708888385881,-28.903211562741152,0.30272885524249815,0.6724414634200668,0.6085638686462704,0.6883116883116883,1,5
0.77954013318975779,0.59842225575939856,0.18495400660252703,-0.62610531430512062,0.73619416239114244,0.25692467896270677,0.017587385973489012,-0.31608378489419076,0.94856824993333122,22.139218155327796,-8.4703096618636895,-4.8645701324044408,,0.4974760209978582,0.2142857142857143,0,4
-0.036003001565578015,0.97949193107271737,0.19824061350215166,-0.9974402347909167,-0.047483223495836877,0.053463272502593674,0.061779947381906813,-0.19580832579306956,0.97869420027483855,-13.810153352778149,-25.375575319342399,0.46370355525960677,,0.2046886039135146,0.125,0,5
-0.39221965439995998,0.90295963798099244,0.17557800226568504,-0.91659517618621611,-0.39973289724824029,0.0081788660390560639,0.077569489456441543,-0.15772603790991746,0.98443154727523052,-8.6098429423986822,10.991676709513685,-1.1273574845734369,,0.09504185933177312,0.3541666666666667,0,5
0.50474300947069717,0.85445478244446604,0.12305088032291187,-0.86315891120138966,0.4972418884300015,0.087790651006791967,0.013827089501927646,-0.15052418127445702,0.98850962688663779,8.1772824842226814,9.6246406718995789,-3.0140832896987719,0.3497246715484823,0.3023070527395046,0.7352941176470589,1,5
-0.99645082250113548,-0.039611302392218065,0.07427451150700641,0.029794507874927673,-0.99120930176364352,-0.1289046445932899,0.078727667546441685,-0.12623416661119827,0.98887152327421934,-7.1061896917809388,-29.620137857696577,-0.27324994061275337,0.6510001545931148,0.628441631516214,0.2352941176470588,1,4
-0.51395255483522739,0.85215051313733414,0.098449349099527711,-0.85428997550690255,-0.51885538868248071,0.031268568620380834,0.077726502087500135,-0.068033731302420672,0.99465069359967373,-2.2949656398215859,13.268127865898029,-1.861572555861331,0.3942183624057753,0.3526578189884278,0.863905325443787,1,5
-0.84322022660914109,0.52432931716238296,0.11856819388544766,-0.53466327903749822,-0.84090840041483528,-0.083715232548395024,0.055810639542097792,-0.13398443669244206,0.98941060396486058,4.4565318663761158,10.669117501951082,-2.5176177410078799,0.3108818832759589,0.2584950070164155,0.7228915662650602,1,5
-0.43164994912710108,0.88513935052734249,0.17380060864854721,-0.89777254817595731,-0.440279824575048,0.012574888222686723,0.087651429881201795,-0.15060546543933695,0.98470057409325285,4.3071491133966173,30.295959629159075,-2.8758062816755539,,0.2489509908481258,0.2380952380952381,0,4
-0.98334826093096195,-0.1733408471977245,0.054581575800164386,0.17267280940404892,-0.98483660145151208,-0.016762139897674076,0.056659497143611542,-0.00705826708274487,0.99836861040861202,10.267839841624509,1.5639364161808738,-3.0650152355324423,0.1759085695045272,0.1540977253148734,0.5774647887323944,1,5
-0.85895530987900826,-0.51006860963709133,-0.045008766852052372,0.51143134129797474,-0.85027442973329281,-0.12438399125240573,0.025174565911099164,-0.12985918375151098,0.99121280945444823,3.4448148377517547,8.7185083300457045,-2.3598384617774637,0.516191979771129,0.3929107764475884,0.3529411764705883,1,5
0.31898885433244084,-0.93862841820884579,-0.13123567861841842,0.94469346068899962,0.30376711140592222,0.1236115179080948,-0.076160200519156521,-0.16340818387970019,0.9836144515500066,18.665818165623076,0.41149360487566328,-4.2299693293253,,0.4485988137384327,0.16,0,2
-0.82956927802267988,-0.54969477755559604,-0.098236777680432139,0.55834704181827599,-0.81403962949451969,-0.15996269097888549,0.007962025729118475,-0.18755034828154796,0.98222272067274041,16.592633980658199,1.2870871660455923,-4.0545008010254868,0.6860499670561613,0.4801224227608218,0.1,1,4
-0.93411629720409395,-0.35349633468945107,0.049669755977224728,0.35424199260712602,-0.93512894779666034,0.0068162795162795987,0.04403809681907541,0.023962311112136973,0.99874243610388347,-15.746129904593841,14.306969248076507,-0.5889236905877635,,0.06786005684682597,0.1363636363636364,0,1
-0.38332014874748088,-0.92317363721480938,-0.028567448534839664,0.92303111910742952,-0.3839944478200788,0.023702683448090702,-0.032851434116289366,-0.017282927846120406,0.99931080434546038,-17.948168177165215,11.532346434869908,-0.28791934629149801,,0.1640906124498787,0.66,1,5
-0.94814412814072035,-0.31767190483906932,-0.010357275133499476,0.31468309600634009,-0.93364431865534181,-0.17112228180592734,0.044690730136554918,-0.16550784609353078,0.98519535703399574,-2.3039542372967317,3.3603252509500376,-1.5743867981864488,0.606408497614829,0.2528193163894754,0.2672413793103448,1,4
0.98619107878265033,-0.15374441511041903,0.061561440462900754,0.14314198202308209,0.97826214546883949,0.15004515228825602,-0.083291831004101188,-0.13916116399720671,0.9867606808760303,-16.589705750357954,17.894227154689773,-0.63188740986502023,0.1736436877132992,0.181922948296162,0.6944444444444444,1,4
0.99282091448209464,-0.11943547297296672,-0.0064652581279721153,0.11810012577491835,0.97029009570119262,0.21116223733451714,-0.01894708576235489,-0.2104098333726212,0.97742964450707159,11.314901532272383,-27.477447606997078,-2.8603136491199983,,0.2653132599231064,0.6,0,2
-0.9236470573118728,0.37602785758226559,0.074021374218605773,-0.37673000525305245,-0.92631082582605573,0.0047704401774513096,0.070360618680867529,-0.023479869666228288,0.99724524519262769,6.3155876291237467,9.8915061053976725,-2.7192416991348929,,0.07679442023516575,0.1612903225806452,0,4
0.84949129649387412,0.47135674739195321,0.23703871808047575,-0.52674102572834547,0.78335616969086508,0.32999545939589325,-0.030140155868992654,-0.40518628813835106,0.91373718481238253,-4.3902942871018071,-27.768380260161379,-0.5738140036999092,,0.1427378851995587,0.5,0,1
0.4419561997471198,-0.89703653118998827,0.00042333877272188473,0.89409700969627226,0.44054601914318098,0.080682973849996259,-0.072562075199564771,-0.035279834576261493,0.99673972455952831,-4.5054246721547804,13.39845177507272,-1.6226838515518682,0.2093978547727434,0.1746264372408286,0.3692307692307693,1,4
0.98853952214640239,-0.15079571195997038,0.0070898807500831664,0.1424627569013425,0.94738934596386581,0.2866318022310671,-0.049939724174586198,-0.28233682085170231,0.95801458420042973,12.614517728140521,5.4874331536789143,-3.4617993270814162,,0.428215764137284,0.2105263157894737,0,2
-0.076314156309608874,0.96286380980523678,0.25897766952789242,-0.99566251603745037,-0.087453369870595543,0.03174999616143416,0.053219392186747767,-0.25543138386976355,0.96536133361019383,17.445347807537573,-3.1059455210527958,-3.9965005368801325,,0.712124538169693,0.5555555555555556,0,1
0.99783769113082998,-0.019444625513949845,0.062784143677502902,0.004376250331266345,0.97277242999069213,0.23172105619266126,-0.065580413171412458,-0.23094524456811544,0.97075409008648572,15.608103219911479,-28.829545509883399,-3.3101360450140365,,0.730484760736154,0.5294117647058824,0,1
0.91597970141068308,0.39836354064175056,0.047829657023275733,-0.39879270707791104,0.89083041818707309,0.21768220601168856,0.044108540953734267,-0.21846660046792543,0.97484705523221482,2.2704530911438083,-26.523979640624194,-1.6338583288788868,,0.362091924031932,0.2916666666666667,0,2
-0.98601685099134539,0.14448462213201421,0.083035917099043607,-0.14810953175670344,-0.98819136484840442,-0.039260578725440587,0.076382826367713416,-0.051010003003484572,0.99577288747468107,-1.7173741406584719,14.708577846897494,-1.9420269104881493,,0.1183318115327077,0.2592592592592592,0,4
-0.10224324364432102,-0.97797565087098937,-0.18196138445437687,0.99433762193857622,-0.10580187451471834,0.0099326203344811109,-0.028965716401035013,-0.17991550698213124,0.98325550983492516,11.275890493625669,-31.215003854982886,-2.7422961028978494,,0.1941468228791678,0.1428571428571428,0,2
-0.98988309019385468,-0.13260117565747048,0.050481639855712017,0.12922388035921656,-0.98947307904066661,-0.065147636938643463,0.058588876872423555,-0.057965110782600145,0.99659790760305589,-9.376713150446756,-25.814657699932589,0.030816962125424705,,0.1109811843077898,0.5,0,2
-0.94984914273058163,0.30264579232303357,0.078690091136964485,-0.30325554312699654,-0.95289924581614749,0.0043706848169221355,0.07630649786702895,-0.019711715099953959,0.99688954587310674,-0.043314450386664871,6.4160649742281644,-1.9241457091373066,0.2847593646808492,0.2158323796971953,0.5777777777777777,1,3
0.74019037873116578,-0.65602518306362212,-0.14747597234855958,0.66752275460661892,0.69057011067326468,0.27843544014206345,-0.080818162044205333,-0.3045388011913332,0.94906508904960829,-15.828577746258601,16.452457834740724,-0.64246649175185777,,0.2956495480221675,0.125,0,1
-0.35392218879008164,-0.92846142801065346,-0.11268744818504201,0.93501379252637584,-0.35409247055226434,-0.019176289621238071,-0.022097331682391207,-0.11215123269323668,0.99344542323064067,-23.40058205608959,10.05803966148164,0.21985934913692728,,0.1776413691429357,0.3181818181818182,0,1
-0.9970057635547348,-0.046877288052108806,0.061498189432874273,0.044623117237923261,-0.99829868913930575,-0.037530050235982805,0.063152868870801307,-0.034673435474790425,0.997401357541569,-18.053753450665258,13.013717825848733,-0.33117920291772585,,0.06930655498514274,0.3333333333333333,0,1
0.051862085219167811,0.94237727198107524,0.33050779320649548,-0.99789934451231144,0.036036619184930098,0.053835492935614848,0.038822961486987016,-0.33260553111941504,0.94226659620839448,0.3323244082321008,-23.409085584348269,-1.2497342423627062,,0.4589523181371084,0.2,0,2
-0.21785795521288132,0.93643030261660365,0.27502036232220778,-0.97415511050887327,-0.22586490080895752,-0.002620544219179911,0.059663489840162176,-0.26848339785531616,0.96143483037393496,3.7877266697524852,18.506499084755983,-2.5236308871988444,,0.7103588248914005,0.4117647058823529,0,3
0.77206589909782075,0.5949728931021534,0.22343120624462512,-0.6355418799258884,0.72326494432186972,0.27013763006169828,-0.00087539165071908722,-0.35056394108455741,0.93653839051088661,4.0957298728437381,-30.306674935973543,-1.8388905342374575,,0.4903428451189516,0.2678571428571428,0,3
0.818005400715339,-0.57502263959406974,-0.014701304527390786,0.56945515920753531,0.80594971344545485,0.16175871243648712,-0.081166409631441866,-0.14069123409600975,0.98672082708134023,-9.2000574343657107,21.617075654034242,-1.4143745639236573,,0.1705059377998784,0.1538461538461539,0,1
-0.26099065463149174,0.91107246192106828,0.31910945978474231,-0.96323423402760322,-0.26761003282089102,-0.023763011822137085,0.063747067322997772,-0.31357908007819385,0.94741990265406195,2.2709781060326844,22.126521444592079,-2.4459908682770473,,0.1973938483738144,0.3,0,1
0.16619738484058416,-0.98046705843426052,-0.10517973472783794,0.98435215667664355,0.15862334029806924,0.076742866500557227,-0.058559891719420019,-0.11628836243558728,0.99148764785238686,-14.07410509324494,-27.813032042764306,0.47224843723840815,,0.09324887030431109,0.2222222222222222,0,1
0.31468895373890021,0.93443823294697981,0.16672147792544106,-0.94885660269645533,0.30499756745443451,0.081533007832529605,0.025337914556213471,-0.18385231207087033,0.98262725253889549,-16.006576165443455,-25.857459926863751,0.68560655264320658,,0.3042421741520486,0.4375,0,1
0.95185226427432446,0.29084188725747606,0.09689305244625343,-0.30284059675171127,0.94117561480826994,0.14992009554873995,-0.047590334679535801,-0.17204493223220932,0.98393887073247888,-1.983020856260153,20.01431861808846,-1.9534786820444419,,0.1990390219327899,0.4,0,3
-0.99311741349840266,-0.094622709382471915,0.069024241215421514,0.084499926103075315,-0.98693636982989552,-0.13717275383822991,0.08110219167703929,-0.13039610721225192,0.98813930684345985,0.36383154401527001,2.716178146888605,-1.8761676870732449,0.2543419987776128,0.2826124960668308,0.2639915522703273,1,3
0.87204307926092128,-0.48934703539647045,-0.0089636411025694682,0.48143399793980746,0.85435701465838321,0.19569209777532559,-0.088103198244011374,-0.17496734110313183,0.98062442148178042,21.6735189225457,0.57795016884355732,-4.6209970980029826,,0.5864344089513962,0.3333333333333333,0,2
0.98126991804125396,0.1741636169482208,0.082318785698193092,-0.18451573880682073,0.97253440074521136,0.14188298523687251,-0.055346997026800931,-0.15441461685561675,0.98645468016602234,-5.8319834718794885,-27.612892766083228,-0.35516452192582576,,0.1347581839495861,0.2727272727272727,0,1
0.97595318090846439,0.19190390174263808,0.10338414370977246,-0.21126129023473542,0.94956697132898571,0.23171369016407303,-0.053703406996258911,-0.24798278056560522,0.96727477203736989,-13.791248844536547,18.90482014223371,-0.90798146642643107,,0.5112161505905803,0.3214285714285715,0,1
0.5094495130439286,0.83690579730688752,0.20012466138241436,-0.86041226372688195,0.49209832618708704,0.13240080737007867,0.012325992361087642,-0.23964123976892845,0.97078326423271477,9.1043131738730221,-30.520778753202162,-2.5027213407692872,,0.1926702875195834,0.1176470588235294,0,3
-0.95350253095774229,0.25982498548502192,0.1527216434395865,-0.27986472014129116,-0.95136713108076421,-0.12874905948935131,0.1118421292600279,-0.1655039540822634,0.97984681420399555,13.740138013534571,8.6588153888750661,-3.6059759013307433,,0.2267284171120368,0.1764705882352941,0,4
-0.4171189578267378,-0.90494807654863119,-0.084147214882423604,0.9087050738967003,-0.41692436824954371,-0.020716173249681762,-0.016335963269065369,-0.08510610971399972,0.99623796674962184,17.934006988645823,1.5609510133666387,-4.2130428165854381,,0.8586616204163442,0.78125,0,2
-0.11339549798392347,0.94797340564721011,0.29746912986494584,-0.99200020350702922,-0.12474093544200855,0.019372538993753654,0.055471229290415688,-0.29289267865667556,0.95453487181471119,-16.947279302364969,7.9520390052526793,-0.24985742785028395,,0.5761335461393532,0.4528301886792453,0,1
-0.6339818239225723,-0.76128021296440518,-0.13608631189314993,0.77333718727793455,-0.62315190343737414,-0.11675315848160575,0.0040794250651552946,-0.17925998602936583,0.98379327894628887,-5.6165597810171715,2.687678583789614,-1.2249932458054764,,0.7828071324570056,0.2686676427525622,0,1
-0.21087614793686532,-0.97707908712857983,-0.029115420781616483,0.9769386295953415,-0.21167949972658018,0.027976836845512221,-0.033498719911139729,-0.022544331693044376,0.99918446188520627,9.7839340500217791,21.84542196044212,-3.217673039264088,,0.2990023721138245,0.2,0,1
-0.41021092906216416,-0.8821937166670154,-0.23121686779124526,0.91182682385361458,-0.40154273660414957,-0.085646214052227429,-0.017286901948743112,-0.24596275521649358,0.96912511373265231,-0.55085520034824376,-30.281432581531735,-1.291456011300397,,0.5476644352601245,0.6363636363636364,0,1
0.48537753085013929,0.84980466582786696,0.20552538160288228,-0.87424110480632722,0.46890731954712811,0.12581103426226309,0.010542448142392613,-0.24074458584216532,0.97053124688226822,-14.788525525233544,-24.994429655815885,0.58724352930461021,,0.6636471444253452,0.59375,0,1
-0.97724101810740815,-0.20917683739018222,0.035285170083719911,0.20512140647132618,-0.97418990495496682,-0.094229707051740538,0.054085128599465383,-0.08484739114005331,0.99492498163484955,-8.0373412146769994,2.1992059487972093,-0.97031221136663603,,0.3268113379347448,0.3284241531664212,1,1
0.98817117767019147,0.08431257317245032,0.12809806254174375,-0.11271019146524543,0.96571970140727348,0.23384155117026365,-0.10399103981486084,-0.24551343816355056,0.96379926090412504,-7.0516987120245282,12.975561491034993,-1.3378126198629772,0.514290024652316,0.5482557368892352,0.3684210526315789,1,3
0.38296624515230482,-0.92376114407421162,0.0014845109124754256,0.92112918043267833,0.38199536977322296,0.074836958965748213,-0.069698551128177799,-0.027292602853577867,0.9971946779842491,-3.2339098207151675,11.995444091415465,-1.726348397403956,,0.2945409534204073,0.4712643678160919,0,1
-0.97472683908918323,0.19895725068377085,0.10160512565596794,-0.21078855804136615,-0.96972489813377627,-0.12329560307763886,0.073998465916878503,-0.14159673138809475,0.98715479672752282,16.381127172099376,3.7494990624894999,-4.0112354614533361,,0.09762967093838798,0.4,0,2
