axis_00,axis_01,axis_02,axis_10,axis_11,axis_12,axis_20,axis_21,axis_22,location_x,location_y,location_z,dbh,dbh_approximation,score,reconstructed,number_clusters
-0.98615242721558682,-0.14830826073114592,-0.074216238760186126,0.1560619858620092,-0.98129212214723027,-0.11274053211064501,-0.056107458199534915,-0.12276168299061301,0.99084888975246865,19.361267616275104,-6.7037647209758315,0.86527126507799057,0.7085861637299045,0.5214685170375961,0.3125,1,5
-0.26168654246441198,0.96504767015598603,0.014252993353133325,-0.96203687231013479,-0.26199893874091618,0.076430441673242311,0.077493288798157756,0.0062889128739931736,0.99697303863550324,-16.332934929799929,12.941163944929176,-2.6581048345529852,,0.07551404623088927,0.25,0,1
-0.61833599935814276,-0.75780235053999467,-0.20831752065975528,0.77916603743131119,-0.62575930097882537,-0.036408561521735827,-0.10276613260873897,-0.18482666137371162,0.97738335735477511,34.277457989960979,-25.747195246137817,4.5240695538775908,,0.4912190059188479,0.4166666666666667,0,1
0.59687857402747568,0.80164853065061947,0.03309986665577265,-0.79584532672658814,0.58631408355564762,0.15121511614832384,0.10181445768837313,-0.11659943709128053,0.98794655092045292,-23.21016075024167,0.92494514029757313,-1.7477097960279544,,0.07885619802813264,0.4,0,2
-0.47170902786167751,-0.87929291104271745,-0.065837448491062461,0.87572701314720536,-0.47589221731342063,0.081417417944745066,-0.1029212877788864,-0.019250301050587518,0.9945032098648029,7.4161435378144684,15.090362954518421,-1.8341602111109505,0.4652244849552918,0.4800629795125516,0.5714285714285714,1,5
-0.16124024292208552,0.98669771380913507,0.020717278447054378,-0.98330610795282236,-0.16240881143173444,0.082051666844760368,0.084324860658640283,-0.0071413957429367538,0.99641272489954857,-24.440990531821797,21.893676543139378,-3.6909602513600506,,0.4278950379703987,0.3076923076923077,0,1
0.89599386697022176,0.44406275542365742,0.0018054354867294751,-0.43604767867270311,0.87903800478577176,0.19275530619517575,0.084008405983536427,-0.17349482812982644,0.98124519480928241,-24.722843792886664,6.9242056406015573,-2.3666739952317051,,0.210361185332833,0.36,0,1
-0.23130331340664723,-0.93385115632514581,-0.27280175042930643,0.96777935651687941,-0.24953982953726991,0.033659925345793318,-0.099508262505585213,-0.25622625022565021,0.96148126054979421,-16.656180005576328,-8.7811720950633347,-0.40278469117235027,,0.5083461945682793,0.3666666666666666,0,2
0.12268225212667076,-0.94283738745533219,-0.30984952126722987,0.98836853918996126,0.087799156818473792,0.12417301961967052,-0.089870438702779346,-0.3214793444039114,0.94264220962621925,14.787230619478267,2.3988837734093247,-0.52902557122717142,,0.2357583810030513,0.2857142857142857,0,2
-0.28770650392165414,0.9529151739921633,0.095799993615158938,-0.95513414291580889,-0.29283474127075154,0.044346176175351006,0.070311710530056484,-0.078743161483250806,0.99441227762028372,11.793129838306292,14.995486067730589,-1.6445479022980454,0.3343694697573038,0.3075425863930485,0.3846153846153846,1,5
0.38981073267767041,0.92019618356033406,0.035868878575893839,-0.9161040043329467,0.38352052599706177,0.11689935578982528,0.093813889880107443,-0.078428246824288117,0.99249582576735818,-29.420995952718616,5.4191877173944878,-2.3291304008182103,,0.1995092869351269,0.375,0,2
0.94208602311961709,0.33425412407035954,-0.027351518872306885,-0.32690511642656289,0.93345397495403071,0.14763712777162946,0.074879702835954784,-0.13014552310578231,0.98866332637492049,-18.80285978210226,-6.8132410183904923,-0.72612471710603443,,0.1097821248294998,0.3333333333333333,0,2
0.16918193857912597,0.98194122433512132,0.084669378229986436,-0.98082750536271912,0.15931230326913826,0.11223633436204285,0.096720609916165406,-0.10203441565631555,0.99006772578400914,-9.9200323666352901,7.9883743651960355,-2.0726441315723778,,0.2196021843647816,0.4827586206896552,0,2
-0.89495349969302407,-0.4085671419770574,-0.17925156591758845,0.43125957225839368,-0.89513959779306573,-0.11287285678308859,-0.11433903411659517,-0.17831991184264101,0.97730680664657033,-3.9273796061758683,10.978548631955466,-2.1282581018227749,,0.5643265694720762,0.256,0,3
0.72589993274749176,0.67987652352840988,0.10410187506529353,-0.68049780900768586,0.68792211841275708,0.25236063665762798,0.099960089900547444,-0.25402966707341057,0.96201710414817809,-6.4323087491990112,12.131898314673409,-2.3348864416404074,,0.4035920827089017,0.3253012048192771,0,5
0.98255876325550995,-0.17829108025798104,-0.052825821813252842,0.18349101335872067,0.97567579136810312,0.1199491482037955,0.030155012293036489,-0.12755015028869413,0.99137360989434209,-34.496429332125274,-4.9593096900139413,-1.2589267130330544,,0.1396593232677287,0.5384615384615384,0,1
-0.99844283953217916,-0.013249583082454714,-0.054188049744013207,0.021290823795863213,-0.98836105065678204,-0.15062912854662119,-0.05156158462471868,-0.15154828304128737,0.98710410843954299,-7.6998680562092536,12.862175626370576,-2.4118689639921511,,0.4685244331618864,0.15625,0,3
-0.7768102022135821,0.62942325442792313,-0.019805971883665723,-0.62949149256822623,-0.77525174100632033,0.052203437155965489,0.017503443121897284,0.053019853376182612,0.99844004558453481,-18.148923423492985,12.445290447292965,-2.6860914691208166,,0.09863016267450544,0.1428571428571428,0,2
0.86892169903451844,-0.48911449527757883,-0.075776589104578518,0.49492922192696481,0.85725407934278897,0.14198770627387219,-0.0044884551611838464,-0.16088024726331565,0.98696372770774077,-21.564428066496312,-5.2686920522159779,-0.94700658290844453,,0.09751603953612045,0.4,0,1
0.80945064383268772,-0.54344962120918039,-0.22237842612637851,0.58697059770966087,0.73857642141736546,0.33161783298049791,-0.015974123550614221,-0.39895786611359879,0.91683010882217053,-13.321921430421014,-10.337194374997653,-0.078134614296167859,0.5059944020159266,0.476780642012536,0.2459016393442623,1,1
-0.59085779154591667,-0.8008594251597041,-0.097525644331892827,0.79999164843045756,-0.59723640118473709,0.057637171525185382,-0.10440513689949354,-0.043964329094989194,0.99356263272942491,-20.323269262349719,-8.1682455335502198,-0.6391481691369838,,0.1425777521445303,0.3611111111111111,0,2
0.94654468609270526,0.31953682415367601,-0.044151729744652667,-0.31179980909399491,0.9413999009403019,0.12863555324457529,0.08266823016498169,-0.10799279846069566,0.99070859449285953,-16.708908823805555,-7.6114065453986921,-0.57636763147273384,1.095004132801636,0.9703461471443331,0.7085714285714285,1,2
0.97223782622744392,0.23338184314421603,-0.016927035864072324,-0.21424909025224054,0.91694728317518515,0.33660809141156223,0.094079416338657185,-0.3236365170500014,0.94149268093444172,-31.343062695830785,6.5165791826153363,-2.467365491828434,,0.3041733539415226,0.8387096774193549,0,4
-0.59180194567367062,-0.75646268170114805,-0.27845047726726074,0.79942601803401769,-0.59508948811141149,-0.082380476021765375,-0.10338519617011067,-0.27135348225664185,0.9569110663379653,-26.75766594545907,6.1103774260702215,-2.3576684553837115,,0.1276337658442452,0.1666666666666667,0,1
-0.94291529080295267,0.32678569313813227,0.064201753326634706,-0.33272688354785701,-0.9161195765376221,-0.22364646755327641,-0.014267982846722746,-0.23224132329273023,0.97255354218712675,-27.071523584407352,-2.388953946480656,-1.455647517198549,,0.3251283330395598,0.1666666666666667,0,1
-0.69593333312969752,-0.67622848217013887,-0.24164402690912684,0.71028382803367807,-0.69774278570270887,-0.093015528991923918,-0.10570562649553331,-0.23636845157865946,0.96589661746249689,2.9103829691015504,13.400919131144153,-2.0006844853177337,,0.3402262693923244,0.2857142857142857,0,4
-0.9919047627448907,-0.1156495351199333,-0.052441650150851483,0.1127822052294017,-0.99211328095635454,0.054693801601366256,-0.058353370319066483,0.048336557351137552,0.9971250981676496,-23.632437315894965,-0.43448003756600923,-1.6169671743573433,,0.8339426654867395,0.8363636363636363,0,1
0.92937732021463004,-0.34775644915223763,-0.12378711057174049,0.36890639718312573,0.88672848936454107,0.27860483891462651,0.012878928062499172,-0.30459487556803422,0.95239492595753306,16.86956815290706,2.7190293869296696,-0.41531057880570199,,0.2316894002192863,0.1052631578947368,0,3
-0.86890544120420588,-0.4785203289942121,-0.12657657360268723,0.48686028427451589,-0.87236158948208364,-0.044185074317369379,-0.08927708464025487,-0.10001775810107287,0.99097227520378861,10.029406123053683,12.68006161427189,-1.5023878974575646,,0.1033842044022351,0.2083333333333333,0,5
-0.41715091966173179,-0.89251371069407515,-0.17147707266122997,0.90294943676743777,-0.42844651562302055,0.033405057878415793,-0.10328322645395469,-0.14090017556265205,0.98462161039643836,-8.6730643614530454,10.256481438377024,-2.2128076070820284,,0.2319141684080202,0.2105263157894737,0,2
0.56072991365945268,-0.80011276374272156,-0.21307634599702849,0.82739161244518289,0.5315946835578661,0.18119109268496367,-0.031703053209773208,-0.27789684724551084,0.96008763074428904,-25.260778966785345,1.4496661369352544,-1.8753051773860829,,0.5126159924297417,0.360655737704918,0,2
-0.99880403474138246,-9.9628861202085382e-05,-0.048892640125326341,0.00522726522762673,-0.99448392121689577,-0.10475879981799363,-0.048612507470554338,-0.10488908673049094,0.99329507378334869,-20.191074284403769,6.3725491273640626,-2.2143128752113506,,0.7745234818745502,0.24,0,1
0.5617084999355586,0.82714731206789238,0.017631938038788719,-0.82078073524486705,0.55445453613575058,0.13747418670202563,0.10393529598282926,-0.09169237425952477,0.99034840473017927,-22.124793132264376,-12.70131341770861,-0.0092266009243034599,,0.1405800099984021,0.2666666666666667,0,1
-0.78062087783786538,0.62468393414359757,0.020025671187704066,-0.62465553999969059,-0.78085509391163477,0.0084130054051500935,0.020892616670378682,-0.0059417787849885577,0.99976406908506921,-27.556305451681791,-0.00093995981824518925,-1.7343349237678292,,0.251915129649501,0.3571428571428572,0,1
-0.85310391275547903,-0.51696420055051739,-0.070439544223807243,0.51428324546714932,-0.85595615031146799,0.053402361143950007,-0.08790027003979653,0.0093318858296385383,0.99608556782728008,3.0591353359885107,6.5862522440654665,-1.4875373938918803,,0.07009638364814427,0.3043478260869565,0,5
-0.78260295873887264,0.61741548953301983,0.079565835996756429,-0.62238548825307671,-0.77868356512955783,-0.079298230806871595,0.012996652843740986,-0.11157965173732125,0.99367050289974723,4.5920619584318461,3.5766914276336355,-1.172352813154997,,0.4895278284709699,0.4301075268817204,0,4
-0.95187684737360356,-0.28569929713917364,-0.11093412030692602,0.2996008192491269,-0.94367761280311135,-0.1403991175167166,-0.064574116636166967,-0.16687862268248452,0.98386061449386997,-19.333995446245506,11.719372019484879,-2.6571905434481109,,0.2258369335569035,0.5714285714285714,0,3
0.94059476738259906,0.33910039544627507,0.017099864930868638,-0.32385533594884824,0.88090327943228253,0.34514798806150981,0.10197649214369299,-0.33018227404515438,0.93839248769181716,15.247359403787295,-2.1600578906500907,-0.15598851411881073,,0.4558590359242883,0.2954545454545455,0,2
0.98587865129907426,-0.15866897836919008,-0.053548484721755565,0.16689522888519376,0.95722870825010153,0.23634547314725773,0.013757452092498158,-0.24194494292115265,0.97019244333627075,-18.54594573072746,-0.41261665721981394,-1.587061324032214,0.4538280923303677,0.3629408947937618,0.1666666666666667,1,4
-0.83657299893052373,-0.52831800220005287,-0.14500243450278705,0.54026082503572448,-0.83947314944156015,-0.058335857741071556,-0.090905766550358758,-0.12714133835229693,0.98771008989980391,-18.383998668440732,-14.161383400024564,0.26813701405106227,,0.2377612968255038,0.2608695652173913,0,1
-0.83338783868111199,0.55267850728083356,0.0033433408822270074,-0.55258512769771118,-0.83333359961768938,0.014310429606736947,0.01069518516573406,0.010078657552214324,0.99989201100729697,19.532367503440867,19.267024109447476,-1.5733845376056583,,0.3060467390070037,0.59375,0,7
0.75527949896204716,-0.6515558234809673,-0.070907597164746788,0.65492781006154221,0.74618366535752478,0.11949686674387061,-0.024948788660612429,-0.13669289096967874,0.99029925351012971,-30.657138617769846,-13.691471552906327,-0.1242088640003229,,0.4386119609150512,0.8709677419354839,0,1
0.94990773519562677,0.31078237395849695,0.033009251009909042,-0.30960564886866804,0.92133860458681116,0.23511596689003825,0.042657201081708132,-0.23355832619443798,0.97140664577772273,21.803703830850129,6.8242249087214155,-0.43423319781044711,,0.3414079457499594,0.2692307692307692,0,5
0.99449699900548449,0.093328594554564132,-0.047597189071998509,-0.086114870916578282,0.98696522215704874,0.13595543115120004,0.059665299597897362,-0.13110844248543807,0.98957093143085795,17.225055158668315,3.9616603427998891,-0.49670866877562758,0.2672817845386994,0.2660499712021899,0.4571428571428571,1,4
-0.99627579142228384,0.081818205337410549,-0.027208981996129471,-0.075910656058453888,-0.98195093418049884,-0.17323375871584365,-0.040891560531184069,-0.17052314839167548,0.98450481773321652,-15.187772837634363,13.965270771425379,-2.7054164193354944,,0.5006753913247952,0.1111111111111111,0,1
-0.50103911320140526,-0.84539219886306949,-0.18512654359602956,0.8550741789410895,-0.51657264362870337,0.044730888239263744,-0.13344645199693492,-0.13588500268946493,0.98169613959387292,-9.3790805261753007,-18.249229204491346,1.0237745130257621,,0.5391143415250026,0.375,0,4
0.42176589332348252,-0.88650775208625743,-0.19030905580138843,0.90552499870728365,0.40113076134235148,0.13826998597338322,-0.046238598002307327,-0.23064717166242596,0.97193820495899053,19.984838966636865,15.547666035109348,-1.2612174846599709,,0.3113933381709074,0.2571428571428571,0,4
-0.45481247371402822,-0.88737134888483082,-0.075615493997204339,0.88482156788541788,-0.45988199033107663,0.07482879107614393,-0.10117512915196102,-0.032873152380665543,0.99432537385588238,15.444224246022994,5.4550205716771405,-0.72379271036188908,,0.09093354631236668,0.4838709677419355,0,5
0.83344468886951251,-0.54084931564768135,-0.11336652221284871,0.55248137589449586,0.81123645747672368,0.19146733233202148,-0.011587919784253329,-0.22221032339666588,0.97492989096192095,27.097584790484873,-6.6614001380905723,1.4279160018118264,,0.1385005304955657,0.1538461538461539,0,1
-0.68919367084475502,-0.70656048367640745,-0.16057511318536086,0.71721270569650419,-0.69674210086266219,-0.012505185843561169,-0.10304377154893821,-0.12378500633131498,0.98694440236141234,-12.265095206383453,6.9972289881721705,-2.0628963191867453,,0.1292463283297834,0.2125,0,7
0.70500870875142596,0.69728043957798369,0.1294708815393652,-0.70195183275642969,0.66004663842267763,0.26758561171485234,0.10112539282759725,-0.27953250918069666,0.95479591077706616,-26.726945766643947,0.46879488762284832,-1.7713015596288926,,0.4847282145960174,0.375,0,2
0.7589350302688862,-0.6286611407175059,-0.16971384735054842,0.65092175707131794,0.72528699248072748,0.22418662919417354,-0.017846176115609149,-0.28061352193011263,0.95965491991029006,-14.180805018604261,8.865459609869438,-2.2836550465969432,,0.1775653331988662,0.3125,0,3
-0.76718231053517394,-0.62036865460387769,-0.1630154433999669,0.63326256987542018,-0.77297130255435409,-0.038650782944265188,-0.10202852540682771,-0.1328837755800189,0.9858661583556404,11.245588975316496,4.65162429335179,-0.92181729258663225,,0.1281297731876411,0.4166666666666667,0,5
-0.46644442160563399,-0.87948523032191428,-0.094526880825489601,0.87850160810600353,-0.47307807521345746,0.066573713337153645,-0.10326919244456616,-0.051989079602749205,0.99329381831052754,15.226607286843361,6.9165284518149033,-0.83470646568789919,0.1528110688166492,0.1109723074100549,0.3793103448275862,1,5
-0.98624253821871366,0.16084430011903983,-0.038141406989312128,-0.16197733239409973,-0.98637603074272906,0.028734470009181702,-0.032999993915142328,0.034517199994111333,0.99885913086188771,9.9096107791133843,11.341400080756594,-1.3948815426588206,,0.0789357496952242,0.3157894736842105,0,5
-0.96267880413396201,-0.26396629820257994,-0.059760467572065039,0.26266119470899862,-0.96445600968572931,0.028873901279911421,-0.065258078927032226,0.012099536945980253,0.99779506129287221,11.632468489193579,12.4450229381015,-1.4119832596596558,,0.1081024439043243,0.2608695652173913,0,5
0.83167785883858714,0.55525687755121855,-0.0013187303492663757,-0.54707217192169111,0.81982029351654273,0.16913522710344256,0.094994619987378487,-0.13994458285521713,0.98559197232066209,5.0165755558535228,19.856596065409132,-2.376958914250261,,0.2141788149306691,0.2121212121212121,0,5
0.94443357137232464,-0.32307239668747956,-0.06057603291338385,0.32834437917940684,0.93584491137931769,0.12800105666253739,0.015336163999040503,-0.14077829500332789,0.9899223574249395,-25.594427388453955,5.6498897605173308,-2.269124148701549,,0.1323925811806396,0.6666666666666666,0,2
-0.90508342216553417,-0.41144885805708997,-0.1073956988181619,0.41749620109954882,-0.90776758345255115,-0.040680910758733625,-0.080752219712957485,-0.081656914197339239,0.99338372614775494,-19.805802305655519,-2.1223669344785923,-1.4168217556522706,,0.1022821238103074,0.2413793103448276,0,2
0.72728537287236361,-0.67801686740262723,-0.10653222011877025,0.68571456029675215,0.71122160550686453,0.15478814443383093,-0.029180956169008995,-0.18562584781695951,0.98218710866071568,-12.934868877833546,10.24463394611656,-2.3645774309050314,,0.1992651475414409,0.5,0,1
0.9108085509666568,0.41094484457108754,-0.039396931434600588,-0.4052641272731109,0.90822315638219897,0.10436323757300116,0.078668739862678527,-0.079088766152972209,0.99375862081132049,-23.124485077409911,-7.3945450915269646,-0.76127106092082863,0.3720847289897258,0.432613123026741,0.9411764705882353,1,2
-0.9864879704529661,0.16380153786404225,0.0032465897436071483,-0.16057981310500175,-0.96277568766253041,-0.21743297557892358,-0.032490118109222893,-0.21501635156265866,0.97606985446018801,16.24901753243801,-3.0025095943416154,0.032095187620399299,,0.4390513595420688,0.2,0,1
-0.27161440796556419,-0.95868208635746321,-0.084582921933549562,0.95700858455989302,-0.27834095687805083,0.081614219366975591,-0.10178498152569354,-0.05877898452263345,0.99306840072288172,-22.499497346434641,-3.7459229539028729,-1.2064618949499959,0.1763719305039902,0.2166276818962744,0.5862068965517241,1,2
-0.81508503960391887,-0.56397471400070975,-0.1325477279386397,0.56608281692786722,-0.82397355561115249,0.024856066312387622,-0.12323401556749215,-0.054773183414263606,0.99086491298550816,20.78323215159309,-6.0117100374774042,0.78940648685458104,,0.1684933738526125,0.76,0,5
0.015860404332898526,-0.9931868996615828,-0.11544795327336765,0.99555695004824241,0.0049681917870558114,0.094030188136618773,-0.092815983456718626,-0.11642636905349125,0.98885291818550147,3.9275203165811137,7.1848990469629381,-1.5088822604451717,,0.129193034558235,0.2777777777777778,0,5
-0.86514893097830736,-0.48388714624881707,-0.13179740863259495,0.49374720529608923,-0.86788469799018353,-0.054679504906212768,-0.087926244599623102,-0.11238051739364352,0.9897674448176923,21.414958535428205,-6.6591058135928938,1.0285455184160168,,0.7864516327117962,0.6739130434782609,0,1
0.60751883736225754,-0.78114397492048571,-0.1439963634799018,0.79249184707173148,0.58384553677598894,0.17629821755081343,-0.053642656299325221,-0.22122043222130824,0.97374739321498138,6.8769117168218692,4.1258774095332447,-1.119268152333815,,0.217465056725593,0.44,0,3
0.15343436301123456,0.98457396908167805,0.084095158327259778,-0.98313962509799091,0.14353454593833315,0.11328862116054532,0.099470467021713277,-0.10005964985460775,0.98999681447035726,-35.244272465601469,4.7363765726586982,-2.2817577489421907,,0.1839585374941098,0.2,0,1
0.86707513212956622,0.49091393969860764,0.0847597726052087,-0.48700070926645578,0.79942646727929512,0.35177781707679417,0.10493342849856682,-0.34629586659811196,0.93223824656607956,7.8746291086351574,4.3126379157125561,-1.0811090332460995,0.6092957859409945,0.5363995447316977,0.2214765100671141,1,3
-0.98557932061500009,0.16308903603662328,-0.045115065119304722,-0.16617572999627131,-0.98314519913350507,0.076230861079658971,-0.031922242030916585,0.082628589152816581,0.9960690170456733,-16.731960104493975,-10.860380779516115,-0.05045737370954026,,0.08589978781435792,0.4166666666666667,0,1
-0.22510337595676286,0.97431985982158431,-0.0054111819520104862,-0.97128594887271957,-0.22395649599015666,0.080293794444108099,0.077019969198189028,0.023330209194528526,0.99675655286717368,-13.662378306636008,-7.9121902725279432,-0.50607545035220924,0.1507164734573755,0.1628918120922786,0.4516129032258064,1,2
-0.87158948914575374,-0.48159027074503019,-0.091665552604953751,0.48242316605884639,-0.8758213329353457,0.014313686635960485,-0.087175978689097447,-0.031745927283386294,0.99568697131202577,-21.826024548932995,6.422741340919039,-2.239505085703831,,0.2600073352013343,0.25,0,1
-0.68028998390996465,-0.6919956314508231,-0.24155244532969755,0.72598272745783066,-0.68149562903603134,-0.092264765960104148,-0.10077012069392914,-0.23812969923501828,0.96599152642120545,-10.190974404271413,-16.283930905487654,0.77709411937635287,,0.396111251173847,0.2666666666666667,0,1
-0.49662454320883859,0.86778075255146525,-0.017906104652478598,-0.86607952109004138,-0.49408076772966814,0.07609505968265555,0.057186766223119093,0.05329878479735492,0.99693977416294721,-22.5104108884567,-13.43897155700197,0.059217844126721028,,0.2230272893429506,0.7368421052631579,0,1
-0.98141053698359793,0.17381628762223789,-0.081371100857682163,-0.17489372485985111,-0.98456747115244536,0.0062513800977684027,-0.07902874731522902,0.020366465223586164,0.99666426854386792,-17.046302681213401,-13.275185408582011,0.20931786835405844,,0.3275468506812514,0.375,0,2
-0.18842190541695575,0.9678914626221915,0.16638299835656076,-0.97993519596980827,-0.19650297211037518,0.033370550660776717,0.064993824773266956,-0.15675681336026392,0.9854963745273132,6.9610490511777598,6.5918790722021461,-1.3225895459916834,0.6546465907264436,0.4945165390179744,0.5784313725490197,1,5
-0.21596545292125649,-0.91305236001695267,-0.34596865611206989,0.97249282648485436,-0.23281631159585242,0.007366647161629632,-0.087273281020124036,-0.33486109496682082,0.93821715050280674,29.276568864915784,-17.751031407358347,3.1451751341703624,,0.4478243270266734,0.4545454545454545,0,2
-0.48687274634190147,-0.8537311232945004,-0.18465670306762483,0.86684157590741107,-0.49825637380169835,0.018062896897730683,-0.10742723652710411,-0.15127377526951807,0.9826370814129991,-5.3769331101167959,7.2196213983846391,-1.846060767789075,,0.09494228705399795,0.24,0,3
-0.82229377774154055,-0.56130445009078489,-0.093649652406337561,0.56142191047019441,-0.82706956209545335,0.027593077016383149,-0.092942893927094636,-0.029887351229520687,0.99522277139590232,-22.792858068448023,-2.8701482174074924,-1.3174536143023534,,0.09318749479795099,0.5909090909090909,0,2
0.26699794672270055,0.94370686050540553,0.19526765702720517,-0.95818582349872106,0.23832520148005779,0.15836990239805288,0.10291755968706646,-0.22938713951423287,0.96787887472221346,-8.5352408502070301,-16.137486828698407,0.77374657229929966,0.2332446161793979,0.332414905511525,0.3888888888888889,1,5
-0.41337039966598854,0.91035118408499238,0.019637574061787469,-0.90822957318096187,-0.41375816329337489,0.0626356504525966,0.065145645130797847,0.008056298352482243,0.99784324469194419,-26.841835096894336,-1.5106501505869094,-1.5608995033156141,,0.2099865932586444,0.25,0,1
-0.17884746476097726,-0.96557112824859848,-0.18890733347675739,0.97905427523244692,-0.1936466263598613,0.062878535674044375,-0.097294966455818158,-0.17370486576999528,0.97997974933678544,-15.486764081916585,-11.309913307982791,0.022493136547688818,,0.4608928331977117,0.5714285714285714,0,2
-0.88112628464412501,0.4725190029386061,0.018500334352286422,-0.47288051710935269,-0.88039301352214272,-0.035946603174595589,-0.00069788797951296489,-0.04042194457601328,0.99918245548501416,-1.981120521378124,-36.398317212546075,3.9360139653070929,,0.3921354321960882,0.55,0,4
-0.0038540259158215615,-0.96397769423948054,-0.2659551682012864,0.99653295573551037,-0.025806139637785525,0.079095583252433058,-0.083109654176200448,-0.26472825343308093,0.96073499843452326,18.562900562714098,-2.8617907084380367,0.15878933296820003,0.875141414141407,0.5681072297465957,0.1612903225806452,1,2
0.34817051814082955,0.91776225951800461,0.19102283973900389,-0.9308054143264638,0.31427127930473858,0.18664094852069121,0.11125902641173241,-0.24278796924182611,0.96367807437615993,13.691185524791605,1.5781176746799317,-0.51449689948660171,,0.3472990879319277,0.3548387096774194,0,3
-0.64219773743749942,-0.74735644842450455,-0.17041245561421056,0.7594938021263492,-0.65044407275207738,-0.0095745889389476264,-0.10368814089285346,-0.13557598319761091,0.98532630240858932,21.291643430165763,-8.976835431063833,1.3277926650827332,,0.2382806478657943,0.3125,0,3
-0.22537970849040476,-0.93543940890838562,-0.2723180112697462,0.96645772182952516,-0.24998906101538798,0.058863751908350137,-0.12313999722617865,-0.24991714953915045,0.96040510174059446,-19.278932790254025,0.96675753862126768,-1.768873433488767,,0.3025979088552899,0.1162790697674419,0,2
0.54288808131327027,-0.80524204672286148,-0.23844868915046058,0.83817219707390322,0.50183564458677954,0.21360794431499336,-0.052344046655774287,-0.31582626871707242,0.94737208570231257,-16.900818597537622,-4.5151848551506832,-0.99355860108775207,0.7246150721691771,0.6154395832330799,0.4761904761904762,1,1
-0.81618449173532748,-0.56023612058811478,-0.14134484298737798,0.57227827203840009,-0.81754793850392782,-0.064132266455531717,-0.079626972838921756,-0.13323234380719812,0.98788090768075498,0.93090960514596754,7.8482303867429648,-1.6816091546931777,,0.1488059765876316,0.2075471698113208,0,2
0.91077920119133293,0.40852477379748803,0.059906225644652145,-0.40471260567557749,0.85454737468007669,0.32550958700885096,0.081786022550074888,-0.32071216631287847,0.94363910097787851,13.086418538640141,-0.16435481602448804,-0.46172986868344068,,0.4833263640890281,0.1212121212121212,0,1
0.084237372629961949,0.9902597201321669,0.11085915269459481,-0.99206511355961813,0.072925735544071169,0.10241409841080619,0.093332071177827353,-0.11860659247747889,0.98854519406577379,-9.3715436064326578,8.9780790657303413,-2.1377735962565447,,0.1183423270963983,0.2857142857142857,0,4
-0.9277548045141909,-0.3417419171379763,-0.14994493913332493,0.36476260407096112,-0.91529432081514739,-0.1708348587230068,-0.078862319089709587,-0.21318716742430585,0.97382337529625684,19.173499763197718,-1.4848234369156825,0.02827577059798948,,0.7028558730055208,0.1333333333333333,0,1
-0.99423539320195264,0.1067386411488748,-0.010141271628869531,-0.10563936371981808,-0.99137058157088831,-0.07761890767506642,-0.018338695085277315,-0.076100147710042129,0.99693152211226577,28.51352826568553,-19.378369889332713,3.2249771129492064,,0.305987012037677,0.5384615384615384,0,2
0.97695780770955776,-0.18810647765555091,-0.10084341832443004,0.21138960380486208,0.91800598720741522,0.33552860214080482,0.029459758290891185,-0.34911453781726237,0.93661687051113995,-2.832762413950777,-31.644720276139211,3.3950841732167523,,0.41003682267855,0.3076923076923077,0,2
-0.98049126542372267,0.18834128740835704,-0.056253336657919123,-0.18674818616220518,-0.9818735357719276,-0.032395597167805719,-0.061335091040226712,-0.021258391474780702,0.99789081937804769,-1.2723086342011602,-33.461093175975883,3.6535264272882912,,0.2963289898524067,0.1428571428571428,0,3
-0.70789229150643473,-0.70146308266643942,-0.082692486247930255,0.69950928039783467,-0.71246435891351989,0.055509493919959935,-0.097853309923945794,-0.018549418698234583,0.9950279638296029,2.9801278802514002,9.3229617554912334,-1.6878782507354975,,0.07962671925172397,0.3333333333333333,0,2
0.8524788710692196,0.52127550331241879,0.039390659133003478,-0.5150756254130503,0.82468348237370459,0.23365413329392298,0.089313349987015858,-0.21947438015942461,0.97152154992451545,-25.439183293274674,-1.9470914176883853,-1.4955301687598945,,0.4840214906773336,0.2333333333333333,0,1
-0.98231162524993676,0.18687234235538339,-0.011941463957129438,-0.18483186713872701,-0.97785727696818325,-0.098144417927772024,-0.030017524695400734,-0.094201239604272666,0.9951005349552271,24.621593271950498,-15.979264197836443,2.5511833010904597,,0.2118991510419527,0.4615384615384616,0,1
0.54163656030959562,-0.80377953418440973,-0.24610627168416976,0.83840281494106561,0.49532668712471362,0.22744712115336357,-0.060914336858301103,-0.32952986730848627,0.94217806709600516,-1.5106431114007128,8.5521564144373503,-1.8185728412649396,,0.182107062157728,0.1704545454545454,0,3
0.67575443629378507,-0.71510343647365504,-0.17883796289612705,0.73345905974441683,0.62813032634370392,0.25978856942942385,-0.073442150758968219,-0.30672360240274971,0.94896094873338999,20.803310793421524,-2.8981391461572836,0.29338412126275026,,0.2829459675672867,0.2272727272727273,0,2
-0.7183780639789461,-0.68091256230710218,-0.14244662048022289,0.68894285270950617,-0.72474586029901522,-0.010059009887979743,-0.096388292309529736,-0.10536375312134515,0.98975137111995748,-5.935781043008177,15.112658453676714,-2.4909261526036599,,0.5639259462966248,0.2641509433962264,0,4
-0.5729960120959684,-0.79131348191904871,-0.21330387585618135,0.81296500644943515,-0.58174488651740119,-0.025705744484972048,-0.10374713687995135,-0.18813787588895681,0.97664766996353669,23.046920000116476,-13.045931794865773,2.0911140330269284,,0.7508290568837401,0.4318181818181818,0,1
-0.47676125903995731,0.86377261843227837,0.1630814689818578,-0.87703910148898723,-0.47991015455041791,-0.022105610572527735,0.059170231857116014,-0.153567923753758,0.98636493067015296,-12.854298244229151,11.404892268428826,-2.4630742459043158,,0.5435032767437668,0.4642857142857143,0,1
0.94856517220371439,0.31606613174997805,0.018064175672965286,-0.30768648607098015,0.9069787942622386,0.28760822840786154,0.074519395941129621,-0.2783732514434919,0.95757777360867569,-21.600598487619909,11.826973791797363,-2.7076178759796727,,0.3699956363530886,0.1333333333333333,0,1
-0.12970359414432939,-0.94813388804927679,-0.29020528595910261,0.98663281582019402,-0.15252850542409993,0.057364987403516372,-0.098654267078309224,-0.27888561340745377,0.9552435031035752,23.789891876138871,13.985964017886483,-0.87330282129626924,,0.0980527505866205,1,0,1
0.59266858208450857,0.8003045271621505,0.090865921079935769,-0.79878608624915759,0.56953742891205605,0.19382441921233337,0.10336701710261248,-0.18745607718079374,0.97681906149670161,2.6294756185223305,-38.655339813056855,4.4135164389771466,,0.4737526034296686,0.631578947368421,0,1
0.8440440247873543,-0.51641003121049855,-0.14460416275451918,0.53618882530863676,0.80784873884142305,0.24470790499382311,-0.009551326342857748,-0.28407938119035264,0.95875318896345707,-15.770342900775615,5.6112567630668169,-2.0450455779310044,,0.6444018940908184,0.3478260869565217,0,1
0.98730508595510869,0.15805816478272852,-0.015693431514232713,-0.14639460600826146,0.94385404064034817,0.29615565045863018,0.061622127347747455,-0.29009854620870518,0.95501075748325182,-8.2091550391804162,-22.042804514558451,1.5970210740243032,,0.6786488804351947,0.7419354838709677,0,2
-0.36821565415221602,0.9141266975011505,0.16967502159391915,-0.92788476739033254,-0.37283387474715562,-0.0049759708612482903,0.058711927938413289,-0.15927109830934011,0.98548750715627664,-10.682371365519874,14.486404626540235,-2.6086124252364238,,0.3535724793624453,0.3333333333333333,0,3
-0.95264033284440175,-0.29156384852061157,-0.086411333018056119,0.29316850062942518,-0.95604057018674382,-0.0062175876109971757,-0.08079991631680257,-0.031256205669523016,0.99624014330398403,-6.1922996402545447,-31.401973800299512,3.1702076107023665,,0.1939673332769054,0.1,0,2
-0.64557064690295696,-0.75600982265058658,-0.10810961064181843,0.75685979388073998,-0.6522499329396152,0.041632648091015426,-0.10198917719101688,-0.054947002066493798,0.99326684969337597,-4.2950350175252359,-23.994881824896744,2.0876102537187755,,0.1551522583979197,0.4166666666666667,0,1
-0.71444426275620454,-0.69030201823594173,-0.11424762156880457,0.69010814537780074,-0.72213416357992577,0.047675963272211686,-0.11541292431073491,-0.044781395803465365,0.99230765566528722,-1.9855757202026632,11.876645888117201,-2.1186104363701697,,0.3981012892752921,0.3944954128440367,0,2
0.010837601124573692,-0.99291042972189725,-0.118369865047411,0.99630362814591278,0.0006341564904841884,0.085899233924620996,-0.085215180250679673,-0.11886326764405911,0.98924713629093775,14.716941271745801,13.042694258136207,-1.3400087627533643,,0.1414672573211695,0.1666666666666667,0,3
-0.96608132338304553,0.25823674816401165,-0.00081148514533217926,-0.25726013820337557,-0.96269146582094201,-0.08391878768849699,-0.022452124666595293,-0.080863610686165793,0.99647226683172307,-5.4332932744310529,-21.857621391051584,1.6961958784513478,,0.6038737637514989,0.12,0,1
-0.99104827425113384,-0.10187321279567413,-0.086285378938359691,0.11977562664739051,-0.96394492580750124,-0.23762150422719605,-0.058967087134043958,-0.24582926702217084,0.9675178830958463,5.5390976194343207,11.282330901368391,-1.6794150344021974,,0.7225434891465132,0.3829787234042553,0,1
-0.87596783914261456,0.47846517650645237,0.061248833935575724,-0.482329205112903,-0.86716368337759286,-0.12403904274929177,-0.0062355980445749628,-0.13819631363265403,0.99038522616978253,10.061998529854037,15.274458283716836,-1.7154956044548451,,0.3950409951888848,0.34375,0,2
0.33082888212010081,-0.91468177910935466,-0.2321841805991762,0.9404005560582015,0.29901376172152766,0.1619801360246591,-0.07873401374622023,-0.27193383987008307,0.95908964221960114,26.173202582868644,-1.5406425974472626,0.52016132197891052,,0.3675340201191144,0.1304347826086956,0,3
-0.25629528942422181,0.95961587339793819,0.11597456678801465,-0.96365489242476143,-0.26302559514177332,0.046763068827210423,0.075378862586118298,-0.099774304422677859,0.99215075228122207,-7.4263175164083135,-23.626768215404969,1.8562419702692139,,0.4388595829199843,0.6774193548387096,0,2
0.92651316592671373,-0.34707014259413865,-0.14531231704209546,0.37620195474998769,0.86141188827579662,0.34123547292070133,0.0067411131681965166,-0.37082593606274455,0.92867792185258879,9.377680080689812,7.4883213709938188,-1.24788484237828,,0.4369921332473987,0.4222222222222222,0,3
0.020128436343657009,-0.9872615879173483,-0.15782713034607276,0.99556888583611558,0.0052888238231008225,0.093886217825647156,-0.091855536607196517,-0.15901756307240125,0.98299337486532412,0.8020330012301069,9.458663054652078,-1.7864064001599529,,0.07268090689500134,0.2777777777777778,0,2
0.90066500123562809,0.43445732619152716,0.0070276075399522955,-0.42622847612280162,0.88023139177624321,0.2086192298751299,0.084450232037935072,-0.19089140538580254,0.97797169164479025,-3.2960709153562626,-28.042454578615331,2.7616644952087439,,0.1232433166293758,0.2631578947368421,0,2
-0.023095682611951426,-0.97024594355138361,-0.24101742357508774,0.98752730650381193,-0.05969802550253555,0.14569133351172547,-0.15574468964948443,-0.23464644632549597,0.9595231299311141,-1.612358491107573,10.4131858879788,-1.9798674626893975,,0.2314179167900725,0.2592592592592592,0,2
-0.77140158252389701,0.63606668896830898,0.018941110435238516,-0.63596533985120307,-0.77162830050000963,0.011741055123398575,0.022083590912060646,-0.0029888212324156449,0.99975166014369277,23.704249350663506,-7.7508384272307778,1.3274742110452162,,0.2443876171396955,0.25,0,2
-0.73314388316962209,0.67976464458941921,0.02049571997244146,-0.67948384779806792,-0.73343020687714089,0.019540527671656028,0.028315139987296657,0.00039950766611510991,0.99959896620651101,10.025894865277849,5.4303581040160296,-1.0500582919873243,,0.4754730989605181,0.3636363636363636,0,1
0.81835146442227669,0.5570350838228566,0.14146658993690811,-0.56880968409468591,0.74981322904123981,0.33798766964913285,0.082197469292050698,-0.35706027074600605,0.93045770408803108,5.9707082982420872,15.20802578108634,-1.9450860772438217,,0.3796754920048148,0.1304347826086956,0,2
0.91861350228191629,-0.3567308138749597,-0.1699775275071958,0.39509059642555538,0.83704353391919806,0.37849906596999439,0.0072563104570826957,-0.41485087532289011,0.90986048227317884,-7.3072078749285909,8.4827283974227079,-2.0236217591580901,,0.4747351908175203,0.2877697841726619,0,1
0.53282522056914539,0.84616822184761353,-0.0098297843664037314,-0.8398142022221754,0.53017995047743438,0.11671043594159199,0.10396821664034046,-0.053931071257612491,0.99311733923118761,16.342310603503279,8.3208083034573619,-0.91725420472332164,,0.214018444546548,0.4444444444444444,0,2
-0.52339383175689447,0.84735327337736088,0.089729186865303734,-0.8501450118230448,-0.52640778800114862,0.012177832489171869,0.05755306899924717,-0.069909018219474525,0.99589174784228363,1.4784896609209452,5.7294171499090591,-1.4648883279727976,,0.5451476508505564,0.3054393305439331,0,2
-0.9681652393235024,0.2476583188812603,-0.0363514298834752,-0.24949921839251954,-0.96648449028773542,0.060480327832922905,-0.020154636865671711,0.067624604414103243,0.99750724483115838,20.075856447035097,-4.4882610726222767,0.43170908263882307,,0.09371866540102773,0.5833333333333334,0,2
-0.99622647383319596,0.086148247286092494,-0.010549517686163166,-0.0817920381083065,-0.97253557698859305,-0.21790964639857885,-0.029032315373833807,-0.21622449209328387,0.97591192926566672,8.2510663524650472,19.936614600983035,-2.215493604744398,,0.4561427366660837,0.3333333333333333,0,2
-0.62531451489596335,-0.746605697003068,-0.22707199444887297,0.77360122762750705,-0.63131512771773601,-0.054610897520113451,-0.10258117796964393,-0.20981216055629742,0.97234559659056319,-12.230579728242862,9.8189040149878775,-2.3057820652522563,,0.6238523379629279,0.3809523809523809,0,1
-0.31190271628099248,0.9353801273877963,0.16667547169433117,-0.94725213358967042,-0.31974673156568911,0.021804198285558227,0.073689151076366255,-0.15108290750792511,0.98577069548277596,-0.15348280891849217,13.081493799828277,-2.1563771373624023,,0.4767852739719116,0.2051282051282051,0,1
0.68441366140480187,0.71767047268691619,0.12855750742687358,-0.72211922843646459,0.64291466426449351,0.25535182473598583,0.10060695803371307,-0.26760012538676242,0.9582632273484103,22.50828312273368,-2.1697561179410187,0.27507061559496754,,0.2956014140931603,0.25,0,1
0.99882552028733373,0.022470145790511115,-0.042926362190273959,-0.0026979763945168466,0.9103786035824355,0.41376746979755386,0.048376657037377403,-0.41316569398662351,0.90937000630460652,17.033164834467286,-1.6292040812468431,-0.080881439468207972,1.01258737069792,0.4480577853784558,0.1428571428571428,1,1
-0.56447772141093366,0.82472243612867335,0.034609324996411457,-0.82393438070448433,-0.56548516569252516,0.036860055274178578,0.049970374461660284,-0.0077091327452691255,0.9987209474865727,-12.442230866077258,5.0830091417243004,-1.885571399240529,,0.3254793474790453,0.3333333333333333,0,1
-0.7453899412794367,0.66437908366653975,0.054719910689315664,-0.66610290047734666,-0.74554816429894477,-0.021560628148071789,0.026471898592730626,-0.052520166573253521,0.99826893705454633,-9.8276293864279491,3.9271386979464,-1.7480895345524932,,0.47711290300691,0.4357142857142857,0,1
-0.079988422766557876,0.99352136571934613,0.080728855327471108,-0.99280303217242094,-0.086647936794451916,0.082669670124609435,0.089129072319672986,-0.073535235829022896,0.99330185621441625,28.129232784772302,-3.0361824794666079,0.86673962134736793,,0.09623056361099704,0.1428571428571428,0,1
-0.15407648066090043,0.97483199386307484,0.16113044978554761,-0.98441547201165658,-0.16544516189962061,0.059616078939120853,0.084773914450250287,-0.14943387214734818,0.98513090565864969,-13.637437890349833,4.5059640715932936,-1.9006240302671045,,0.1893245183368003,0.1428571428571428,0,1
