axis_00,axis_01,axis_02,axis_10,axis_11,axis_12,axis_20,axis_21,axis_22,location_x,location_y,location_z,dbh,dbh_approximation,score,reconstructed,number_clusters
0.50572633118289378,0.85556915285021196,0.11064493951130516,-0.86258848288034162,0.50349388874720735,0.049345852879504763,-0.013490261319957484,-0.12039654764728668,0.99263421468541679,-3.481783027709608,-24.150092638419707,-1.8518646648667998,,0.5425111120278394,0.475,0,1
0.77234638056350691,-0.62983122299905692,-0.082423898026984355,0.63457349666857121,0.77082834466270522,0.056036955577342326,0.028240852612366606,-0.095583960997995557,0.99502068352555395,-0.129397415130453,8.4752574791902422,-1.1216108814636487,0.1051756709768933,0.1244393021312378,0.2352941176470588,1,5
0.12975562176509409,-0.98219609092565718,-0.13584666941338822,0.99145300027791139,0.13039646101687982,0.0042084669655714987,0.013580385130061759,-0.13523166021546096,0.99072093508469294,18.567579955211055,10.67093709506582,-2.3066081724027545,,0.3199473213716567,0.4782608695652174,0,3
0.83536921938636177,0.53338038367483265,0.13290460342933091,-0.54939925621504659,0.80230422618455965,0.23338463084948038,0.017852858935569919,-0.26798002716113495,0.96325904120882422,22.90342633210166,6.0870301270784912,-3.0707762241117966,,0.3660113746107833,0.3125,0,4
0.58304726019207076,0.8082677649153176,0.082213822325168509,-0.81171074284586853,0.57525344045833726,0.10104033446823571,0.034373861161153409,-0.12564513297235613,0.99147957025307942,-8.6188624904433517,8.7899276896021075,-0.76553922803226326,0.465267661500514,0.5391284362313297,0.5529411764705883,1,3
-0.81160061216383617,-0.57665541078584359,-0.093664206326087421,0.58417724462350284,-0.79928770878259192,-0.14098264238255348,0.0064337546874667258,-0.16913809683357667,0.98557136271308998,-5.7219319766853118,10.649160627020326,-0.80099794496020793,,0.1092054977428363,0.25,0,1
0.64139273985472467,-0.74771460008726132,-0.17186689639950306,0.76504872760455755,0.64014247934763491,0.070128813802261158,0.057582963212209237,-0.17646666243517817,0.98262084213428524,-8.5277772732274428,17.258222246110105,-0.53345797314109089,,0.349617858307453,0.2666666666666667,0,6
0.64498970439340075,-0.76297143464092432,-0.043160991050751572,0.76367464050865053,0.64560123332023656,-0.00030162787190085279,0.028094922503840797,-0.032766407452745658,0.99906808470301167,-7.1350325616263834,10.547353509148325,-0.77491100952603831,,0.08135244666089662,0.2933333333333333,0,5
-0.82552888969918925,-0.55506108868615067,-0.10202568352413331,0.56433115768221409,-0.81006237029600103,-0.15915181651327379,0.0056918135136071434,-0.18896069447630556,0.98196815590015774,-2.0457174037254791,4.5992976902018929,-1.1144746470753635,,0.09131212834939141,0.3257918552036199,0,5
-0.99280252088043675,-0.11721959891016101,-0.024550359769083308,0.11973229418209504,-0.97610556254111291,-0.18133424526600245,-0.0027078152342301797,-0.1829685667201868,0.98311503463685201,1.4416521548945265,14.386423883865188,-1.0115354480019829,0.1611877859017166,0.09592356655515255,0.35,1,5
-0.65655570171243582,0.75426353414940761,0.0045969121522032993,-0.75403577491179807,-0.65617877412272452,-0.029316659836377004,-0.019096091276859115,-0.022714256387625378,0.99955960395301202,9.0287191274288467,5.5870346136948212,-1.7750713440331434,0.3329908272715302,0.2824275232254775,0.9090909090909091,1,5
-0.92802765946761157,-0.37235856688894964,-0.010665876779443301,0.37250721181946311,-0.92750299045821538,-0.031250277335685195,0.0017436758748054617,-0.03297423775427006,0.99945468093304202,-4.8613132745844023,10.665793690581594,-0.82030201827910088,,0.08276846865194941,0.4262295081967213,0,5
-0.12866659979403181,-0.97746980332513445,-0.16732510177784091,0.9914437947431598,-0.12304711537030297,-0.043573033682891678,0.022002453561489912,-0.17149982794909663,0.98493842500468243,-13.525187275458478,5.2595436958955233,-0.73178895618654938,,0.1036917536757132,0.3382352941176471,1,5
0.63224445533714568,-0.75042086207480629,-0.19270567832407137,0.77371242156355702,0.62452541996832467,0.10647576499675852,0.040447959326679543,-0.21641748907214656,0.97546267637978579,12.176727151994523,-30.491582850758753,-3.247613171324141,,0.3141927767819719,0.25,0,4
0.39938351471352262,0.8972866148976929,0.18806791034228151,-0.91666070888306472,0.39420072757873548,0.065870563732164197,-0.015031731938503424,-0.19870208127202529,0.97994465656642793,12.396426550985369,-28.073828999152415,-3.2251524139213554,,0.4079363010311963,0.5,0,5
-0.85083649047221643,0.52227708438289977,0.057479679969703844,-0.52521954846010044,-0.8422904234061146,-0.12120754330369574,-0.014889338342938478,-0.13331725232259459,0.99096156223985998,6.622830683832956,11.7210477297215,-1.4491167254819808,,0.3417757837963397,0.3076923076923077,0,1
0.9781389630069296,0.20446346670894103,0.037932305876260258,-0.20771614590326007,0.96932737187279971,0.13137141572376726,-0.0099081672787675931,-0.13637865272663829,0.99060723362069347,1.1347755138153799,9.8594615176209608,-1.1394285659892804,,0.2021962137939179,0.25,0,2
-0.99267333097052923,-0.11950073295266811,-0.017867087161803481,0.12082904384724862,-0.98177518363857896,-0.14668957343449199,-1.1951237430067406e-05,-0.14777369053795955,0.98902120110842828,15.636917663587726,6.0078527347909763,-2.2854702091751751,,0.09249055705346905,0.1666666666666667,0,5
-0.94025022920965129,-0.33905063911855743,-0.031211705888901542,0.34048205173223878,-0.93595798796957907,-0.089747519208846743,0.0012161083021899376,-0.095012151166232156,0.99547536996721431,1.0526415415723183,6.9895045746816473,-1.2200006913444776,,0.0805497318275519,0.3947368421052632,0,5
0.79322966693824593,-0.60798818764802254,-0.033720307968815991,0.60870849265360161,0.79320230767987709,0.01743760484407101,0.016145168330471891,-0.034357863318176404,0.99927917558998003,-23.952909187662559,8.1083800350815416,-0.44867791639262611,,0.1956537333185129,0.1428571428571428,0,1
0.069959655389937592,-0.99445981425451402,-0.078455875819464629,0.99736175348243483,0.071256928922266718,-0.013855784749006117,0.019369545894648919,-0.077279543952103777,0.99682129430424538,6.9926084429952686,-28.813099543677982,-2.953252397489134,,0.2268171257283991,0.2307692307692308,0,1
-0.55469894615794035,-0.82570987422038311,-0.1025294238071562,0.83154024158620743,-0.545815948466297,-0.10308140968471177,0.029153143124217271,-0.1424364911628819,0.98937451969978685,-16.445841598667887,-34.680801046201807,-1.8136431218935043,,0.2110952673339482,0.375,0,2
-0.94172253425157637,0.32932415030938139,0.068587699376728081,-0.33580796839111859,-0.93233860613147901,-0.13408106459094316,0.019790827365673946,-0.14929945592605218,0.98859394880424345,7.4916848319559719,13.158398390085782,-1.4333407905550635,,0.5183356642113828,0.2592592592592592,0,2
0.93603340397499091,-0.3509245533923705,-0.026332954056807828,0.35155152282490826,0.93583736692542452,0.024898784419692861,0.015905767585397561,-0.032563484034353676,0.99934309727193582,14.332295308906318,6.8394084034521141,-2.0667997829784488,0.1803312292024369,0.1419746434035941,0.5263157894736842,1,5
-0.9849334761421451,-0.17038586383678753,-0.029575411732421623,0.17286851247078203,-0.96536360263847865,-0.19542157531090884,0.0047460479021681689,-0.19758990891604208,0.98027327971533584,-16.61586293193222,10.103734066148201,-0.54045478476483,,0.4097133865698713,0.5,1,5
-0.070616621565797025,0.99685544769602874,0.035951483382230538,-0.99730387879612026,-0.069835551514429217,-0.022538169466249827,-0.019956605343767538,-0.037446123209556745,0.99909935529942562,-2.4000773523857917,15.834546974732378,-0.79107369258778759,0.7837293058497933,0.697488053901691,0.9336283185840708,1,5
-0.43219643898225224,-0.90089568881394744,-0.039914859482428844,0.90166036540207739,-0.43099642021188411,-0.035364830376130141,0.014656861671304981,-0.051274200539674214,0.99857705399481567,-26.535228293064634,10.223243867010112,-0.37974516079787363,,0.1098607367022354,0.3636363636363636,0,1
-0.62273441127722873,0.7606544278587607,0.18332128733473552,-0.78221543579923214,-0.59970364315489566,-0.16880329494462848,-0.018462529854293686,-0.24851636116281597,0.96845172994102924,7.0952322412211251,-24.419709823396719,-2.7555525546853357,,0.677988481614202,0.1509433962264151,0,1
0.8692236926390764,0.48658818847656632,0.087647629688322917,-0.49404350607011371,0.8617146906525317,0.11562355306580496,-0.019266194871786643,-0.14380447402186325,0.98941856005760143,-9.8846697614118852,-27.030409097474777,-1.7400445757291685,,0.2046661520060009,0.1153846153846154,0,5
0.93907941911654402,0.33979558662324744,0.051660467507552613,-0.34348456603613586,0.93315214563231053,0.10604445292793217,-0.012173639008252897,-0.1173287365191498,0.99301851448002632,-10.632969544136085,-30.736497390322384,-1.8227989649403424,0.2485116581805626,0.1699482841096046,0.2727272727272727,1,3
0.61529477050091963,0.78640763622146148,0.05454699887980681,-0.78827021905598027,0.61322739227729561,0.050815618762593349,0.0065120767546055086,-0.074264359240223718,0.99721732726772327,9.96624503614232,13.396734851126235,-1.5553578169350111,,0.4728899441161336,0.4285714285714285,0,5
-0.76734494081975424,0.63900414210037471,0.053436393748936876,-0.63897806717214867,-0.75500013028255941,-0.14724752271689784,-0.053747292687839218,-0.14713432519939898,0.98765516192487202,-17.203898068449654,5.7790096900524475,-0.63699173303929069,,0.5061653443853132,0.74,0,3
0.80811272421701674,0.58887408244191153,0.013458825608061591,-0.5889580874489011,0.80815773034673855,0.003074753541431365,-0.0090662112860982087,-0.010411431650094278,0.99990469841075913,-4.7790784197918663,-27.95429610319783,-1.9598979527581633,0.185525225657504,0.1822751055906644,0.7333333333333333,1,5
-0.99986109405354529,-0.013323770629222664,-0.01001347763104414,0.014472869935102226,-0.99203131816217871,-0.12515750005993367,-0.0082661135903867328,-0.12528503869828411,0.99208635231237829,-7.2366801267476495,3.5474277147568349,-0.86968344074550297,,0.09347472956666955,0.2270531400966184,0,5
-0.68457302621517824,0.72842237456272585,0.027579267847295409,-0.72878113737513539,-0.68312934627773991,-0.047035625438093552,-0.015421594755317455,-0.052298570635804772,0.99851241050106887,17.088782094878837,6.9974705441885527,-2.3958417880706233,0.4277357245234373,0.4003577381365017,0.8888888888888888,1,5
-0.7787004330071613,0.62602784809784306,0.04140976986704651,-0.62648520116474304,-0.77231956313515049,-0.10506562292348834,-0.033792430454606365,-0.10775725407002992,0.99360276058355246,3.3712334375966977,-12.716007471246067,-1.8382328834643784,,0.1283022347007609,0.2307692307692308,0,3
0.62429769275231239,0.76168147107804485,0.17347543757121195,-0.78117233801156649,0.61003731130183148,0.13275638269090534,-0.0047084126498423062,-0.21839371656715859,0.9758493815206839,17.460919535833249,8.850934679110944,-2.307205933917535,,0.2865467474017937,0.24,0,3
0.96581834879326178,0.255001305167394,0.046575224070128443,-0.25894386427114136,0.95737773553018857,0.12796853780292189,-0.011957938391962573,-0.13565473037831943,0.99068400705542836,23.21348165882096,7.2248565702107044,-3.0084869706061492,,0.5093720476111075,0.2,0,4
-0.98171085876297015,-0.18995188039718477,-0.012730786324679321,0.19035881791029063,-0.98036433458607664,-0.051471272719799066,-0.002703743824389608,-0.052953324779211455,0.99859332821933033,2.9290230549090466,8.0660318539635636,-1.3077802715667255,0.5366520131526133,0.5126744876666749,0.9131944444444444,1,5
0.97438849739632416,-0.21323284479109544,-0.071405952441164849,0.22465381530871692,0.93702428931739989,0.26742502593523054,0.0098853127907128756,-0.27661748883886267,0.96092926142329094,-15.199035831623966,-29.216474987603156,-1.6772930280707306,,0.3123190166036754,0.3,0,1
0.52280469296083776,0.85066005508030851,0.055251458884721771,-0.85167230143742922,0.52400031122575041,-0.008829767810624771,-0.036462912423403368,-0.042439893096977321,0.99843342867289875,0.54886076718463672,-32.24270279555892,-2.6574925303885943,,0.2949863003033443,0.2666666666666667,0,5
-0.99989336097450598,0.013023462462838337,-0.0066072766390550663,-0.010842571180271149,-0.96513508105836876,-0.26152765429425751,-0.0097829100633049088,-0.26142812537279714,0.96517336781262164,5.6016430759609444,13.672955151620625,-1.2276794997783562,,0.3446969061007329,0.45,0,5
-0.95077906763458619,-0.30754510503233706,-0.037883676148915128,0.30986931415917257,-0.94348199035074787,-0.11757015789015415,0.00041556038221431324,-0.12352223384654437,0.99234171788508863,-19.030199086042519,-30.71037716324005,-1.6823694804159108,,0.3193396880089991,0.4827586206896552,0,1
0.99445185609527254,-0.057724010631711717,-0.087940005147004993,0.074907145428143487,0.97552515716046284,0.20673554921894666,0.073854082300656806,-0.21217588539615573,0.97443674406494107,14.022901686244062,-28.83429758025888,-3.3805286486085038,,0.3938199468782576,0.5,0,4
0.67012300500701694,-0.7259768479805081,-0.15457287717012846,0.74201727323547473,0.66044076640123917,0.11501460905265531,0.018588286111327172,-0.1917696802720133,0.98126391218051701,-7.1876030567110103,-32.361774366563502,-2.1350558949722913,,0.2890432650806944,0.2222222222222222,0,2
-0.56820807361303693,0.82153427704627102,0.047127664052260203,-0.82241975919248922,-0.56502938206803854,-0.066087344397994935,-0.027664503804155999,-0.076310084771750386,0.99670027901641456,5.590893373728111,11.260946368150636,-1.3620343266228956,0.2424285428056102,0.1590145162778971,0.4444444444444444,1,5
0.39194024528175209,0.91998866188156747,0.0019251332014837,-0.91986452290438747,0.39192029522518579,-0.015739812339664875,-0.015234947665308569,0.0043982041751867949,0.99987426818058966,-16.413131894995129,-31.446585692392155,-1.7224156396794594,,0.1410031867228008,0.1538461538461539,0,1
0.82710293472400653,0.55898586078532619,0.05861350367467906,-0.56204236690264031,0.82314136320979203,0.080911519449344965,-0.0030188039704367223,-0.09986542752730504,0.9949963734644337,-5.9979920007147021,13.861643666433984,-0.75016026848425588,,0.09902235516579835,0.5263157894736842,0,4
-0.97375980885695423,-0.22629481240692248,-0.024134882071034258,0.22757421781723938,-0.96887850612002813,-0.097387965188177855,-0.0013453771734161196,-0.10032496327603477,0.99495381385465476,9.2859719934989364,4.0416388621119363,-1.8169405208876448,0.2123032803255795,0.1502886157216445,0.3174603174603174,1,5
0.99203566568084156,-0.12580078853195362,-0.0062769118129572775,0.1259546055702693,0.99110714000216749,0.042919393895553777,0.00082179851961172213,-0.043368175445394334,0.99905882009305658,2.1863339386701535,-15.119755420477166,-1.8321026163795175,,0.1397206161881943,0.2222222222222222,0,4
-0.99407582921301429,-0.10670129357749412,-0.020690087562593187,0.10860289257604559,-0.98269257114436359,-0.15006905857569933,-0.0043194326681028818,-0.151427027199804,0.98845900164592382,10.872193465742093,8.4829375358947772,-1.7747185385678199,,0.08958443676777429,0.2307692307692308,0,5
-0.88863236039096316,0.43109728425098315,0.15648533342588733,-0.45704923137580261,-0.86065994967635984,-0.22443362297541972,0.03792793383210015,-0.27096048149963092,0.96184296498997957,-1.9532359290229746,-27.162844188750128,-2.0345849257817599,,0.4640028397167957,0.4516129032258064,0,3
0.44906783199437111,-0.87322110080686111,-0.18926962612508369,0.89315752610369303,0.44455430779624722,0.068125626486149615,0.024651893075498477,-0.19964061842584424,0.97955903734401872,-4.6103563122361573,17.434150224506624,-0.67438599573595015,,0.2456127214116043,0.125,0,3
-0.5877415757867912,-0.7953158590236955,-0.14843356923910928,0.80901880254025849,-0.57616591637926085,-0.11628161479431692,0.0069582489167087326,-0.18842908795684518,0.98206214751601451,8.589071208559778,6.8353752791556346,-1.7151518192243196,0.4181977108645054,0.2009112003139482,0.4444444444444444,1,5
-0.87191194340515044,0.48927299907719102,0.01953190521847803,-0.48947478452928855,-0.86977868493143196,-0.062445772866983426,-0.013564595735188872,-0.06400759027614919,0.99785721931024829,-12.782063185379096,9.4814897039110679,-0.63402416408569084,,0.07792809415156199,0.1578947368421053,0,4
0.4361739752281833,-0.88821934879080877,-0.14428669989737944,0.89942825923376102,0.42534289789262469,0.10055956296659027,-0.027947626471158327,-0.17363699964563048,0.98441308530956317,-6.3952314089586286,-28.473686610359124,-1.9188587097245768,,0.3309125751968318,0.25,0,5
0.49551933386350738,-0.85493439123010451,-0.15345284767470463,0.86714876854371925,0.49710929898216139,0.030583624353164619,0.050135845266405833,-0.14822122505725902,0.98768257322985531,0.38410309157284694,21.044443146634727,-0.69955354560839933,,0.1854732540222343,0.125,0,5
0.98259880837082292,0.18489907560072488,0.017661076700877638,-0.18511444419828044,0.96704809863572605,0.17478734929675876,0.015238908668228269,-0.17501516153471633,0.98444779896933965,-10.062083133989615,-29.748613139422559,-1.7923099260418747,0.901354144545925,0.3372054341212089,0.1739130434782609,1,4
0.85573813959425904,0.51735003715690953,0.0078214766828432342,-0.51737864873409334,0.85575406517155328,0.0020769632748184759,-0.0056187434395867427,-0.0058240017260734207,0.99996725482690429,14.284319917611382,13.554098790083486,-1.8077883291452004,0.2667957843130558,0.2945860640615635,0.7115384615384616,1,5
-0.29031752696412777,-0.95406563696013758,-0.073989823011541819,0.95684484852548457,-0.28838884270738541,-0.035774449711177783,0.012793333720170436,-0.08118273076055782,0.99661712549934789,-5.3625307541772402,-29.477121108264594,-2.0361280388556033,0.2657869245111399,0.3951406413221083,0.7321428571428571,1,5
-0.90134328982291056,0.4330982475360986,0.0024863371396485075,-0.43293507280730725,-0.90081302801748064,-0.033213119204755906,-0.012144818835348233,-0.031012844679872437,0.99944519951837207,-18.913636976969507,9.1548231305938756,-0.51359070620716962,,0.07712682750189845,0.2564102564102564,0,2
-0.48959755766779878,0.8695872643870215,0.064126602448766973,-0.87094151529775621,-0.4841742824058089,-0.083881709494190854,-0.041894014567405942,-0.096918800408981598,0.99441019588030655,-14.556716678878026,8.2316052809293847,-0.63380664953924459,,0.123373617060852,0.1666666666666667,0,2
0.9968689672143064,-0.078459530736203653,-0.0098165290065472723,0.07876776632417766,0.99622706341865841,0.036431814400823895,0.0069210688033995637,-0.037090971258394848,0.99928792580403358,-8.0919123691617525,-27.529273017657118,-1.7710264068981902,,0.1204332397902141,0.2777777777777778,0,4
0.99095420098594589,0.13408922698939971,-0.0054635843262302967,-0.13402661734166213,0.9909215304375546,0.010553973623513915,0.0068291575070662568,-0.0097262387735104153,0.99992937894986555,-6.289489773134834,17.334187561262738,-0.6118655560626467,0.3470970568699424,0.2885279483372931,0.5116279069767442,1,3
0.87814288999479007,0.47682794403476642,0.038732112505977051,-0.47831473820677833,0.8766213849266542,0.052440048659935366,-0.0089485175185244955,-0.064575996135194949,0.99787266961139298,-5.2229265182161111,-26.223580220604884,-1.874170824316346,,0.111044937452183,0.6153846153846154,0,5
-0.95238032921575355,-0.30439595620606447,-0.01774289627676566,0.30491233567388698,-0.95084572005146717,-0.054045205279486995,-0.00041961504667724418,-0.056881618341978954,0.99838084187248399,-14.706092748904767,5.1985239048100285,-0.71023690856422317,0.1825065048479812,0.155367360289071,0.472972972972973,1,5
0.96421074505436333,-0.26446558160520139,-0.018857233835601669,0.26475494224209334,0.96419985948827225,0.01494829492552922,0.014228832703138466,-0.019405852442427273,0.99971043468140708,-19.331909697219832,9.9426952924912033,-0.48536782395876454,,0.08831723053049413,0.4,0,2
0.09833972535564546,0.9927852080642372,0.068606334006597186,-0.99498361776498168,0.099360616798638751,-0.01162188490316526,-0.018354803084876459,-0.067119285441984589,0.99757611375046085,-15.09467203602156,11.313911027574145,-0.53788195525499105,,0.08339801257988454,0.3571428571428572,0,1
0.98856620012398533,-0.14700170355123612,-0.033576288142955782,0.14975728036209088,0.98314679702781094,0.10485767722254154,0.017596162961690618,-0.10868704912265824,0.99392026863427752,-13.671178877017059,-29.569847726748471,-1.7068009099027011,,0.1670877746107925,0.3333333333333333,0,3
-0.31335774745750167,0.93253354813079492,0.17941043369589932,-0.94938465385983228,-0.30329432599855333,-0.081739408075480732,-0.021810573669833071,-0.195943189286266,0.98037266661638389,2.3280535477956938,18.70260171567703,-0.89709721566686129,,0.2050269078889252,0.2307692307692308,0,5
-0.72266900820982183,0.66927672010882655,0.17267940379039304,-0.69118915922580026,-0.69878850223242628,-0.18426116062940745,-0.0026553232884184083,-0.25251396212513855,0.96758960731815447,12.000957300106201,5.9617482440141423,-1.8824912315373397,,0.1012842394586393,0.2727272727272727,0,5
0.47866416665061273,-0.86964109487300112,-0.12085107228635837,0.87776481010960627,0.47715480297099899,0.043037566554752334,0.020237433086286803,-0.12667935944657838,0.99173725663216017,10.362475106202394,7.0402721466941012,-1.7894446551935279,,0.5006696571844285,0.2807017543859649,0,2
0.90429811196306176,0.42472118756312766,0.043091037757366418,-0.42687590604081083,0.90073162758290881,0.080370989254083688,-0.0046781985718114356,-0.09107385962398605,0.99583315196438016,-6.5825341652648746,-34.95337149085136,-2.2541608076622079,,0.2071691465692091,0.4761904761904762,0,4
0.9996578831307612,-0.025824005460339725,0.0041517991895203875,0.025198163386861809,0.99340892884346399,0.111820180003483,-0.0070120793246207192,-0.11167730671925546,0.99371978439974684,-13.748747395608595,-32.483541112861438,-1.8341081214161901,0.4026015103797531,0.2393880978051352,0.3939393939393939,1,4
-0.90951173999805646,0.41435705308015647,0.033115364537257941,-0.41433287959909559,-0.8972823090267884,-0.1523572209994537,-0.033416458352561122,-0.15229146552017742,0.98777054513732498,18.551231248117219,3.8032559594891038,-2.6696489950207347,,0.2593838136568787,0.2142857142857143,0,3
-0.47052792796605064,0.87574171746040719,0.10807364759029396,-0.88190339160292675,-0.46268391822564187,-0.090388050618555621,-0.029152647962577709,-0.13784061852321922,0.99002529614243018,-2.9151625434823547,10.47293745151546,-0.89243473777271243,,0.131691711023873,0.2291666666666667,0,3
0.59127617060802751,0.79730180720090482,0.12125311668273865,-0.80568297461632055,0.59062226371738002,0.045169525288135136,-0.035601046115309634,-0.12439923567099968,0.99159336205924997,-0.64246925570327762,-26.878001179738405,-2.1021899383019882,,0.2396069418491397,0.3333333333333333,0,3
0.79522522225271008,0.60524122216681897,0.036054249169034977,-0.60619339609879064,0.79247318270426415,0.067199860273582865,0.01210009997242505,-0.075294871568980307,0.99708789476959769,0.8385550447604847,-30.004600545584204,-2.5270639957991223,,0.3667217429984984,0.375,0,4
-0.99080701601904086,-0.13496707036549732,-0.00923833991574146,0.13525723777681301,-0.98963618911862161,-0.048225437434603453,-0.0026337495003538073,-0.049031654099438868,0.99879375261354253,-2.041944243657722,6.540712816980645,-1.0803831674203124,0.1206180493059684,0.1068424714513092,0.4326241134751773,1,5
0.43520792530078195,0.88189356389179174,0.18126721634543602,-0.90020447712383167,0.4295980775452396,0.071255814749700247,-0.015032003246349873,-0.19418865501276961,0.98084902260375095,-8.6606310910554676,-34.880029388992625,-2.1859838578713311,,0.3238563816030401,0.25,0,5
-0.7911117663088203,-0.61105665510163742,-0.027421478146464597,0.61160986241190951,-0.78959955093211531,-0.04965808462161464,0.0086919162572946448,-0.056056341512808812,0.99838977216715108,-11.460961559218084,13.89275435890014,-0.55176395969096914,,0.08637111312123286,0.2941176470588235,0,4
-0.84090980266634763,-0.53598353088161854,-0.074782072740172678,0.54114772877878448,-0.83140528667914859,-0.12619185758013834,0.0054625467693086892,-0.14658411887252834,0.98918312595654267,19.932560408318679,3.5504919461175914,-2.8507836714200026,,0.3100720162994059,0.1666666666666667,0,3
0.99884741568682223,-0.045787652749209463,-0.014398994113253948,0.047534318373640104,0.9852439327397966,0.16442287424860469,0.0066579841175174589,-0.16491780939345776,0.98628484090162993,14.017435790562422,-24.764830006331803,-3.2474737311718744,,0.46417648845242,0.5625,0,1
0.29202016580159312,-0.94185781654914302,-0.16621695512338949,0.95620479490147292,0.29113278726905095,0.030233927703593379,0.019915144303836049,-0.16776636606374473,0.98562560510831054,0.61625994365421022,6.0407380443754164,-1.2195056619298297,,0.4944374708401409,0.3422818791946309,0,2
-0.65488317431890086,-0.73335636444187347,-0.18252799984275828,0.75570061025265078,-0.63333549740197126,-0.16674152270615925,0.0066794953230907856,-0.24713273854994497,0.96895861308883235,21.555749298745731,5.4146119801693162,-2.9611744391598069,,0.1685279958879482,0.3461538461538461,0,3
0.31571158201796012,-0.93036393947442053,-0.18641120434499828,0.94884701744054278,0.31037238966144054,0.057950989896917049,0.0039413796952861586,-0.19517151396011378,0.9807612072592462,-10.529624105690583,-28.109441077823693,-1.7260156408861778,,0.2268687439065205,0.1153846153846154,0,3
0.86348790473021697,0.48868992825735513,0.1247829812291706,-0.5035189824971078,0.84959534090015687,0.15702353640719985,-0.029279218734384306,-0.19841852418704972,0.97967995621515935,9.6088880819889564,-27.031553244397109,-3.0726200992467985,,0.281334273530381,0.3,0,2
0.99032268715495564,-0.13481149797906855,-0.032967185485357368,0.13849736785475816,0.975247209189399,0.17236983513826057,0.0089137199580300412,-0.17526762673388052,0.98448047447147569,-11.308753116301684,7.2617557413144347,-0.73108633275089907,,0.08180225875595662,0.1851851851851852,0,4
0.68624897362318971,0.727020406483461,0.022442699430821948,-0.72729964910736566,0.68627799136340861,0.0075986168813116303,-0.0098775811523939289,-0.021537110456814813,0.9997192537226387,28.478109157420054,1.3751477278448958,-3.9295144561607547,,0.4684962188975991,0.2173913043478261,0,1
-0.96861453467790704,-0.24507948674872035,-0.041496124947812955,0.24856193339918686,-0.95613335694827184,-0.15500312576101904,-0.0016877427407394172,-0.1604526375782333,0.98704209769321827,11.211324110077657,10.473272266624139,-1.737054255079419,,0.0864256477350856,0.2608695652173913,0,4
-0.29761159578996249,-0.92441981328213441,-0.23848552757510111,0.95454551212756644,-0.28383229505318064,-0.091006008383868645,0.016437862649158658,-0.25472973343578581,0.96687256635776953,-12.489208278788256,-27.607409632507714,-1.6886519426052875,,0.3151005425270091,0.1818181818181818,0,1
0.8905066257535883,0.45112538992417889,0.059023995584124529,-0.45495664193520485,0.8839588688341049,0.10784791221238671,-0.0035218529212903836,-0.1228926392233734,0.9924137220820326,-3.4814692252187704,-27.880591684137439,-2.0315458602760126,,0.1032176277675829,0.2105263157894737,0,1
-0.61122747237368125,-0.77860503408888959,-0.14203935337475659,0.79141677445697911,-0.599511411526647,-0.1193547508792068,0.0077759966429431105,-0.18536522958949311,0.98263892938120623,-7.7699371650240341,15.398919370348159,-0.62570510123291534,,0.6285837281457796,0.3513513513513514,0,3
-0.72339732715885174,-0.68928510825720468,-0.039778720370105741,0.6903738123932418,-0.72138707454285445,-0.054632296712874284,0.0089613738372244373,-0.066983044252677162,0.99771386958465902,17.11268709535349,-26.41836408244497,-3.5386064702122857,,0.6021513752573833,0.5185185185185185,0,1
-0.86156232163133162,0.50629196063443793,0.037132419018502894,-0.50756503969185529,-0.85775517786534738,-0.081448052940454235,-0.0093859697332935171,-0.089019691316710434,0.9959856415280508,-7.8466898301439807,-29.06813247827699,-1.875934064898479,,0.1114505619178606,0.3333333333333333,0,4
-0.91484621340816341,0.40285437953144382,0.027654198688087595,-0.40359488126864207,-0.91003370886784307,-0.094603491151166258,-0.012945177731322921,-0.097708738690935285,0.9951308581070788,-21.609362143961569,9.4647515090806476,-0.46891414895820666,,0.07139926301399006,0.3636363636363636,0,1
-0.32226948961538437,-0.94199015862783098,-0.093791881905384372,0.94615923241943478,-0.31733495076531071,-0.063884551577391882,0.030415176647624245,-0.10933009682192653,0.99354005805422996,7.8523296503670625,16.183782499568903,-1.3289780597116496,,0.5940221409696101,0.3157894736842105,0,3
-0.75597517690683569,0.63728721188592075,0.1495544765874553,-0.65438468797960103,-0.72987530944073642,-0.19764289212271133,-0.016799167792436249,-0.24727927983447986,0.96879860947775043,-6.265115200973943,-27.114568074665968,-1.8318360169611778,,0.2188076746467361,0.2105263157894737,0,1
-0.36712184440747053,-0.89228651584781715,-0.2627666740570806,0.93016438376431965,-0.3509595501048432,-0.10780358698368964,0.0039712133159545589,-0.2839932531352975,0.95881805450170288,24.767640350678281,7.006194096472429,-3.2302243605593506,,0.5371803918003007,0.375,0,3
-0.86702900067420818,0.49824096344846447,0.0040809719222612484,-0.49712411033619558,-0.86447527037384109,-0.074499166669980119,-0.033590637271873787,-0.066621687565095247,0.99721272546716389,16.568634368062607,-31.081471611736845,-3.6419581685107985,,0.4212189600072596,0.6666666666666666,0,3
0.3879563920041344,0.90567465835529459,0.17100658208429845,-0.92155500943190194,0.37814192024455212,0.088005981300872102,0.015040029724075546,-0.19173445534588276,0.98133159336644005,6.1394319266632991,-29.755002087704202,-2.9312277838139611,,0.3264808700181993,0.6666666666666666,0,3
0.28586740648854647,-0.95212315493165411,-0.10835738899818703,0.9582687357781261,0.28414298368495561,0.031365504185365232,0.00092516901326432116,-0.11280187350218746,0.99361706979937336,-1.2091254016397208,-30.780502376417257,-2.3550895423755231,0.3917335146313495,0.2196857533542835,0.3125,1,4
-0.75823267697872843,-0.64422159769795795,-0.10030822808305072,0.65179959174673474,-0.74533378054085453,-0.14012440109940622,0.015508054696234492,-0.17162776186901474,0.98503980203612673,-1.0956631883674357,11.644147170422571,-0.97361011629726857,,0.1027596575811294,0.3636363636363636,0,4
0.39344325542680414,0.9136284059739147,0.10239892849400647,-0.91914863003049507,0.39323469856007359,0.023070928924324455,-0.019188555761747147,-0.10319693622356338,0.9944758376561228,6.2396455144073224,-31.349357816499612,-2.9772700786594646,,0.2239288229215491,0.9387755102040817,0,4
0.52537963959185274,-0.83013984075778613,-0.18666568803337499,0.84984716311819986,0.5227087192602129,0.067345335022532551,0.041665737030366898,-0.19401917326900134,0.98011250719584775,0.93747806656691068,-28.599496376903765,-2.3810723281888135,,0.6067815031627991,0.3571428571428572,0,3
-0.10951979861727594,-0.98154511498375241,-0.15676288132834143,0.99396316846647015,-0.10918284743433611,-0.0107854326861143,-0.0065294289893976717,-0.15699774863883492,0.98757737594550554,22.905165279687605,4.5635956432547946,-3.189130873967267,,0.4344701244425415,0.25,0,3
-0.29498406048224673,-0.95284529566194487,-0.071205664074614206,0.95509713175891287,-0.29186949591605699,-0.051006531538664378,0.027818572344823229,-0.083054439307043718,0.99615665793292207,-11.816990788535954,-29.411580737559241,-1.7538782683100989,,0.1629630483142378,0.5,0,4
0.50504652056543364,0.84840654575694308,0.15853815055538137,-0.86298650910806751,0.49926585549564761,0.077381461821747891,-0.013501746635918353,-0.17589752315757845,0.98431588638241985,15.902228759176785,9.9304451018185169,-2.039265457793173,,0.2219585865844681,0.1428571428571428,0,1
0.90492616884639698,-0.41748922664763694,-0.082531052156993329,0.42530831144045844,0.89398493978982696,0.14108071324120044,0.014881839827394947,-0.16276877176577192,0.98655200460047421,13.373910446535614,-27.163817948177353,-3.2475957302197833,,0.2495784992605146,0.4444444444444444,0,3
-0.18553315443505236,0.96619368157342578,0.17901736869077287,-0.98114934069670601,-0.17212761695350101,-0.08785246002433858,-0.054068658720168895,-0.19194231729740588,0.97991567339986152,15.322957539350575,16.639777179359211,-1.7874042978383646,,0.3014612258849316,0.25,0,2
-0.76188087309029284,-0.64288932052033232,-0.078935776299965732,0.64766865666950435,-0.75465387613268309,-0.10498970618987792,0.0079275713237284117,-0.13111387721680079,0.99133561663751635,25.667792716390586,17.532636247599132,-2.4674305516567996,,0.167434057542569,0.125,0,1
-0.39751749187448115,0.9005401491673739,0.17608885084361564,-0.91741182849072866,-0.38622150716796588,-0.095856582174636273,-0.018313399441925192,-0.1996506627549943,0.97969598971434602,13.391705878337413,10.551063176462613,-1.8134934523171728,,0.539713293584387,0.4545454545454545,0,3
0.82396022977910355,0.5561524066087542,0.10855431988482492,-0.56564504269486604,0.81865930362177031,0.099210031086784167,-0.033693106373401317,-0.14314833291662266,0.98912755970405641,27.838873181384198,8.231001208802045,-3.4691116387075773,,0.5163063900007506,0.4347826086956522,0,3
-0.99316454586622926,-0.11080683389276608,-0.036688286918117971,0.11625837991976598,-0.96708537551537965,-0.22634015455218578,-0.010400669822497039,-0.22905833760624586,0.97335713078001629,-6.3959485133312208,24.606224830489822,-0.43927465981097064,,0.5247412150475633,0.1764705882352941,0,3
-0.23423902010370348,-0.93627368995172067,-0.26177024079342065,0.97202801391246629,-0.22080692508670896,-0.080036504191142388,0.017135391161074681,-0.27319567957407603,0.9618058530866902,-5.1728757421083209,22.290624455735458,-0.48561704476561501,,0.4602461734890675,0.5294117647058824,0,1
0.24665883877944822,0.96257896839548496,0.11225482998364841,-0.96896025034737965,0.24694630281447993,0.011556676555260945,-0.016596701440886628,-0.1116210245829288,0.99361224648870916,-13.072230780072053,12.053306509883729,-0.57765726820665242,,0.1768249237277011,0.3333333333333333,0,3
0.50757870934043481,-0.82483900890091522,-0.24900695415922405,0.86138909873181613,0.49227264445636398,0.125205687194824,0.01930477687744921,-0.27804361692959967,0.96037444399276783,24.677244238811742,-27.347948624860408,-3.9815503541464503,,0.2518998573740289,0.1666666666666667,0,1
0.8365398526292358,-0.53145000555308586,-0.1332740280800481,0.54769424754295504,0.81786438393727601,0.17643372890481171,0.015234374664313894,-0.22058726410317833,0.97524826210768634,-20.482121606351335,9.5195945524629337,-0.48453078074891498,,0.7358344356783479,0.42,0,1
-0.26303801307269425,-0.93731713816760143,-0.22857730897021569,0.96463868338859549,-0.25137754322550532,-0.079256174978520152,0.01682896874694708,-0.24134190116762888,0.97029421958069395,-15.095924336716415,7.193369878272728,-0.65084899198900581,,0.12342992604305,0.3529411764705883,0,1
-0.89050159012558772,0.45276106336697464,0.044881371220193866,-0.45305204929867765,-0.87333125047367999,-0.17898705979021642,-0.041842067468841344,-0.17972185856173506,0.98282719485423675,-0.49617775525890306,-24.51901659084119,-2.011761478672895,,0.4472878517094774,0.45,0,2
-0.63716977448677992,0.76882622462825123,0.05404548828842913,-0.77050564303106839,-0.63375455085501897,-0.068382916929831561,-0.018323005696256146,-0.085213881465533201,0.99619418883460287,-13.938755608847082,12.171372039791457,-0.55526712059316119,,0.1268128726954811,0.4375,0,1
0.9997438013872495,-0.017671313530507597,-0.014144124783020825,0.019926527787165464,0.98352564819615396,0.17966700540355854,0.010736157511814148,-0.17990281826153121,0.98362579820958329,-3.2010326756833636,-26.098187792780262,-1.9568689770909555,,0.2118117953381278,0.4516129032258064,0,2
0.61052166674534236,0.7843309461139476,0.10994662979140732,-0.79191543917097129,0.60656920677486315,0.070311696005437366,-0.011542600969322497,-0.12999524745356195,0.99144742876379999,11.114098770516362,-31.511462684894596,-3.2144863766533889,,0.13011027859331,0.125,0,1
-0.96210079303614804,0.26491522769097747,0.064668277978100486,-0.27248313356910348,-0.92460682224635571,-0.26618633732004099,-0.010724083157890491,-0.27371910125698978,0.96174988830126162,2.4298773990318447,-23.690010726750799,-2.2054172094949274,,0.256602245490349,0.25,0,1
-0.89606370385115197,0.44275837611804236,0.03216922470109692,-0.44390798494516953,-0.89302916570224644,-0.073787601309909009,-0.0039420226375121593,-0.08039856704236148,0.99675500042641429,11.618169898966748,8.8083247363107908,-1.7933063975207839,,0.09516107188609713,0.1818181818181818,0,2
0.354582022087505,0.9208355040535261,0.16227619692001471,-0.93489249106210692,0.352072425300134,0.044955950651381672,-0.015735938739841235,-0.16765136986547066,0.98572075072720589,-4.6820173610422202,6.1285556557371157,-0.94485945877459032,,0.2916875011077262,0.1858407079646018,0,1
-0.98716858860994028,0.15961554371972442,0.0045886670084809541,-0.15945517008669627,-0.9838329521752055,-0.081527731152303579,-0.0084986113266076677,-0.08121330197249875,0.99666051049905802,3.1415311347070709,20.017259475872958,-0.90279926003773048,,0.1286667761308973,0.3571428571428572,0,2
0.93162002106527197,-0.35701359752230799,-0.068010495767353935,0.36322648859953516,0.9209604731745229,0.14106142218838855,0.012274132555646451,-0.15611885867613334,0.98766201082944782,5.3018023786555801,-31.344524530261971,-2.9382309393675285,,0.4161051598756996,0.3181818181818182,0,1
-0.93507233468173401,-0.3435252899165977,-0.087350467088440228,0.35445560044653746,-0.90691056709137874,-0.22775963340785105,-0.00097786754514412092,-0.24393359441805373,0.9697914442236294,22.453618704097266,2.8860143777083151,-3.2564920378668383,,0.1682281215848732,0.4166666666666667,0,2
0.85366197819216583,-0.51491882957580448,-0.078229316354684539,0.52061660694404077,0.84790921541162723,0.10004154634007258,0.014818082302104761,-0.12612914559419749,0.99190315206100921,17.439655425543908,3.8857954122799954,-2.5626932355664711,,0.2304903179577177,0.2,0,1
-0.34375629653665624,0.91429195607585423,0.21424711817522896,-0.93884941152942747,-0.32979650314536396,-0.098974991709715493,-0.019834088389705198,-0.2351690574205674,0.97175208945989489,34.250020988999147,2.7984938417209224,-4.1023802475818121,,0.2497279995330448,0.2,0,1
0.27196846916367062,-0.93104079780594406,-0.24330266049026247,0.96024377105882563,0.27911242557079802,0.005306037571597956,0.062968658263416674,-0.23507293913348734,0.96993590580184652,7.1426491995155272,10.755229027865639,-1.517228868482166,,0.6434625446727549,0.3653846153846154,0,2
-0.35828296741766374,-0.92079142306555339,-0.15419620769430042,0.93289595659050395,-0.35956317264833421,-0.020480699503464532,-0.036584825207731098,-0.15118690447249336,0.98782795591162698,11.001284998125021,13.387595370054642,-1.6363960067956878,,0.2541395221556764,0.2,0,2
0.98058977072526354,0.19182729334092902,0.040570815600226157,-0.19606124941615774,0.95729514630394286,0.21247585589964732,0.0019204234818378028,-0.21630601561770232,0.97632372683513358,-1.8637784119385952,21.889131855731122,-0.61115329227909143,,0.5556491904536445,0.225,0,1
-0.19804088022751054,0.97798393198574785,0.065781749265338016,-0.97999422232031752,-0.19620009611247688,-0.033419253496303279,-0.019777107410036968,-0.071084112593109275,0.99727424260297692,20.892186173786595,7.4740039092080588,-2.6602355905499313,,0.08067482030364875,0.2272727272727273,0,1
-0.43325366284587558,0.89520038200295671,0.10443916742483214,-0.90105820448571805,-0.42770882163819168,-0.07182810050282136,-0.019630989776523701,-0.12522555631591159,0.99193406246875326,23.838824281816862,8.6308273405699243,-2.9151539179691506,,0.08421726242166164,0.4166666666666667,0,1
-0.8696079483607283,0.4909100711320793,0.052813996335635389,-0.49353298064349554,-0.86113255991947324,-0.12196684493615878,-0.014394900659281623,-0.13212878682418505,0.99112802933192112,6.1678738133276694,-35.294605231581613,-3.1077993605465219,,0.3744577526337666,0.8285714285714286,0,1
-0.97714521416073874,-0.21184215715386609,-0.017610533642114904,0.21256696083252366,-0.97437749439089605,-0.073510445427460824,-0.0015866963123956467,-0.07557379755521082,0.99713894895239941,19.462080485071144,8.8349995627541773,-2.518855165593834,,0.08249936059123528,0.1818181818181818,0,1
