axis_00,axis_01,axis_02,axis_10,axis_11,axis_12,axis_20,axis_21,axis_22,location_x,location_y,location_z,dbh,dbh_approximation,score,reconstructed,number_clusters
-0.95165222691788431,-0.27254312106051126,-0.14169786930235256,0.28968879883951254,-0.94970802314919356,-0.11889100299421397,-0.10216867831753243,-0.15419117331626137,0.98274444452370324,-10.539021450671848,9.0401910443224942,-2.440054857012123,,0.146491609816523,0.26,0,5
-0.77274091744863538,0.62889184398838405,0.085828451375586409,-0.63398256125090591,-0.77127542423250395,-0.056571476953608348,0.030620034787423086,-0.098128836433848662,0.99470254092857124,-17.306878003087906,-9.9805307041115618,-1.612395119972871,,0.2633496137961114,0.2,0,2
-0.35629541780476232,0.93373644407627643,-0.034493887213840863,-0.93433563949955989,-0.35636988561998689,0.0041734139677315511,-0.0083957139230972731,0.033715836442074841,0.99939619489006093,10.000396965544525,21.685872590516119,-1.2065899404140983,0.3955729982594672,0.1654875056552328,0.3846153846153846,1,5
0.54798393827124747,-0.81975870776175797,-0.16646099977324066,0.83647810593260774,0.53802592257128434,0.10407922432798819,0.0042404825351784331,-0.19627472504143614,0.98053977513295054,-1.8898770947250096,-11.331155959557716,-0.44378512224197214,,0.4852181358740816,0.2666666666666667,0,2
0.72830816980332724,0.68277945126216411,-0.058132871354042659,-0.67727272231958091,0.73014168258827417,0.090525040452833674,0.10425386994999941,-0.02655831849536899,0.99419605024318336,21.456415118366341,2.7404588591295997,0.70275542820316517,0.4720633740831434,0.3930364387859842,0.819672131147541,1,5
0.23435919725897247,0.96908958929207079,-0.077078755736297175,-0.96986221274226547,0.23850796017070056,0.049812059080990061,0.066656244679748941,0.063081858413788425,0.99577990750178103,1.7605913328850058,8.6803498881054626,-1.4868570332743078,0.3049043443630064,0.280058020877878,0.7943262411347518,1,5
-0.92307459543728354,0.37628881960142696,-0.079624214289757772,-0.3783222407620887,-0.9256008408504921,0.011634670670663903,-0.069322243205544087,0.040863280091390994,0.99675705110980994,-10.201118312755701,0.86268647620060457,-1.8544272888867699,,0.08077151680802624,0.2408163265306122,0,1
-0.99376031752257799,-0.033997569283135486,-0.10622898192237813,0.059110052863421012,-0.96819708248141678,-0.24310576119244337,-0.094585585412948106,-0.24786805917122959,0.96416543822871958,-21.517338932072096,-7.5933694593049124,-2.0708800337669069,,0.1389774089234947,0.4375,0,1
0.29702274397001815,0.95181420795608984,0.076336119219168969,-0.95263810684949224,0.28991668023652134,0.0918093453786194,0.065254325088356879,-0.09999015978363486,0.99284633302626768,23.225781369135344,-7.1132797317280607,1.5686183831820379,0.6837987836687145,0.7527106270315193,0.9191919191919192,1,5
-0.71785417831645226,-0.67722424961231154,-0.16140847069052516,0.69113799729582415,-0.72111334002765326,-0.048206011327222707,-0.083747521560519136,-0.14616041383084821,0.98570963577580306,6.2908666762994905,21.54286804588838,-1.5721534712762792,,0.1698882909125302,0.6333333333333333,0,4
-0.89053604677577936,-0.42024301871812131,-0.17418769936951833,0.44029536451815671,-0.89251743434685393,-0.097737512607649221,-0.11439205119582478,-0.16373281468779513,0.97985000077441531,-8.2357452532703377,-10.278025374645498,-0.94949305742151702,,0.1252669842891685,0.2,0,5
-0.58974399829161361,-0.79753688903473974,-0.12703120525213982,0.80066414143516618,-0.5979642311724126,0.037090576407952915,-0.10554121990440474,-0.079835386058912106,0.99120500504886233,-9.3823762316458108,-4.6427195034897224,-1.477067245361424,,0.1119137173851815,0.472,0,5
0.96386670376154926,-0.24567910607719631,-0.10296967620107905,0.25430090872338734,0.96372307238965205,0.081048674056445502,0.079322286920541996,-0.10430540053591769,0.99137700105294757,-8.5353807914641937,4.6753207928702221,-2.0090451611301874,0.5826313197240424,0.5467788975884126,0.9775438596491228,1,5
-0.27244834900553216,-0.92462582176313879,-0.26615594461330555,0.960583672825846,-0.27726530157003926,-0.020073864742087187,-0.055234994564752359,-0.26113414612822339,0.96372094150812959,5.5614376548309874,-16.865327473262113,0.5527232347087857,,0.466853978058788,0.6097560975609756,0,5
-0.48809814302396259,-0.83525412808970045,-0.25320099582283151,0.8602757900103587,-0.50935844005110076,0.021898508414095352,-0.14726088380358293,-0.20713406542098131,0.96716581362430487,-14.686586300299137,-1.0246233210219555,-2.0685858764561109,,0.2442854566879362,0.3396226415094339,0,2
-0.80918700027115131,-0.55468444918120818,-0.19375644616042081,0.58014144610237806,-0.80649550435765416,-0.11402150659035912,-0.093017746190810352,-0.20467086575141397,0.97440111638182625,-5.7976142391203522,-10.617612595288273,-0.75434572624767737,,0.1042915172030531,0.25,0,5
-0.74729050918701345,0.66309143142982852,-0.043204727095009658,-0.66323532787358341,-0.74829836181998677,-0.012979274168581646,-0.04093647199544035,0.018955612938230202,0.9989819267627924,-0.31323150248548864,1.2310782198808647,-1.2230091291525347,0.1236776395632632,0.1046577582869516,0.4090909090909091,1,5
0.99243800040932073,0.067670282868205367,-0.10240873087821772,-0.035428510580838818,0.9567184700155611,0.28885046264305719,0.11752291683571141,-0.28303798675729358,0.95188122266951203,-18.899490346153403,-5.0031181630634176,-2.0861906385301188,,0.3117706633204591,0.2758620689655172,0,2
0.89650195023028534,0.44101655807922618,-0.042292419335476443,-0.43173330054127218,0.8910617660213318,0.14005458342619334,0.099451548188223993,-0.10730016139269172,0.98924014522666193,-1.4929854045005311,-17.304080282100369,0.076487165469988877,,0.1202819298205802,0.3333333333333333,0,5
0.34973552418690396,0.93658253224149779,-0.022320918928587855,-0.93406723238227329,0.350432781841026,0.068667829446409673,0.072135071299838663,-0.003166340358361839,0.99738984643784245,-10.415785229906518,-8.4619087671858324,-1.216338535791879,,0.07455648964672884,0.3461538461538461,0,2
0.28881592831676894,-0.90298492022174037,-0.31812512224384459,0.95607328835661687,0.28941775876651776,0.046489011621367926,0.050092183437029494,-0.31757769878047742,0.94690822068234681,-14.607247600920356,-21.67171350813706,-0.62755659279164477,,0.4494909788412016,0.2083333333333333,0,5
-0.67298982847631239,-0.72744199951597877,-0.13383881390545765,0.73439932488125392,-0.67870635532483592,-0.0039134199412726783,-0.087990467559746988,-0.10092482639010872,0.99099538699064804,28.994951247984289,-10.074083951049955,2.3004892414570204,0.4160084959967741,0.2641262775248036,0.3529411764705883,1,5
-0.94405762517087333,-0.28953271179360685,-0.15787973004211775,0.31334028128319369,-0.9367928426427572,-0.15568249130416667,-0.10282542721574657,-0.1964433220416085,0.97510868765648695,22.701724537929444,-16.823389337786836,2.0292376857618093,,0.2818958603425218,0.3333333333333333,0,2
0.31705725338973723,-0.93130151574337561,-0.17931030323728622,0.94799800497057007,0.30565712478258156,0.088732770955632548,-0.027829492355688625,-0.19811917838446877,0.979782787413357,-7.602430416629832,24.144946158940684,-3.074083564137263,,0.2021281541258297,0.3703703703703703,0,5
0.78284839107334137,0.6204311727461973,0.047048448206701544,-0.61832120960346248,0.76728186176138691,0.17016881725654148,0.069478617922287211,-0.16230743820527052,0.9842911241877832,-6.3962077288299195,6.1509568246038695,-1.9558426794957027,,0.3059598534883022,0.2418300653594771,0,5
-0.74700383254809977,-0.64511485335816532,-0.16066144570221214,0.65779549219784716,-0.7522408939569325,-0.037930566869844785,-0.096386537455413188,-0.13401665357540027,0.98628047327411295,-12.114200566251569,-11.368366589457727,-1.1488040444921015,0.4613971018940439,0.4024427153866664,0.9248554913294798,1,5
0.91931482543058329,0.38996455849279382,-0.052800519533976666,-0.37752118550254327,0.91183063415860799,0.16137735004227222,0.11107657827054158,-0.12842327565294445,0.98547930268995343,-16.440644224667892,-13.961407407835569,-1.2602402551372769,,0.2119724985146973,0.2307692307692308,0,2
0.7150303631087529,0.69694650932897872,-0.054746168511760292,-0.69219770192619079,0.71677518510148153,0.084235832463616878,0.09794856446455226,-0.022336005840123577,0.99494079299345461,-10.864277792256535,-16.987635052069447,-0.63092141941766278,,0.1334831702407525,0.391304347826087,0,5
-0.221739879383822,0.97437784948759665,-0.037672699913549601,-0.97487919966052061,-0.22068987463763046,0.03010855861199211,0.021023129170341787,0.043402599695816023,0.99883644425878515,-12.718964560562249,-2.5473069252064278,-1.8210819426478286,,0.06340556446965644,0.1666666666666667,0,2
-0.31811548276325663,0.94582523329204882,-0.06493972354684692,-0.94798804753091492,-0.31655148371073488,0.033373940418464053,0.01100914914164936,0.072178848900304668,0.99733094427406732,-5.9454616120313624,-13.077688214610868,-0.55163936045157647,,0.07782280458165557,0.3947368421052632,0,3
0.89785313618804152,-0.3831064288819962,-0.21700048383951318,0.43542253957586224,0.84570743059611575,0.30852253380235184,0.065321955471384557,-0.37149482632171416,0.92613424304989078,-1.3783069235252852,-10.885346471373701,-0.43571466423041683,,0.3193605410326048,0.1875,0,2
0.88596883715910035,-0.44819291481061768,-0.11908959105024446,0.45954233842619552,0.8829914572159282,0.09563956125723215,0.06229011780961681,-0.13946038002692512,0.98826653470913906,7.5542112470631544,-21.352346304162261,1.0290026983192917,0.512780696521503,0.2867057261873098,0.5740740740740741,1,5
0.35010455035669302,-0.92780191856611749,-0.12888135522476213,0.93669164214720357,0.34589175415568424,0.054476251143783891,-0.0059641722908374949,-0.13979447167945211,0.99016257974978505,-11.933307393758898,7.1699434803706987,-2.4238349609454417,0.4102639732373849,0.3243649044691336,0.9174174174174174,1,5
-0.75950542589550674,0.64708891415174141,-0.066539050317884929,-0.64814737158554681,-0.76148149642317353,-0.0071354966100699553,-0.055285556359983418,0.037707662179528409,0.9977583071420264,-13.995639122213362,12.027921013870287,-2.9244825565966388,0.1992859900896382,0.1198084503051206,0.6140350877192983,1,5
0.71125520592925628,-0.68552812206214642,-0.15545811622581288,0.70221717856107158,0.70292038475513396,0.11311041874832915,0.031734305920551646,-0.1896157339400967,0.9813454067096351,19.546535961430759,-9.5750249283924926,1.2690381581470893,0.4484057305233912,0.3526005150891402,0.68,1,5
0.77015414097702406,0.63463514940595944,-0.064037694168500373,-0.62907380567404148,0.7723147015723929,0.088295802561187325,0.1054928725114677,-0.027716941996219203,0.99403371420473341,-9.1753067810871407,17.814752561113863,-2.8801757141842561,,0.1497826606643956,0.2173913043478261,0,5
-0.95561097629881409,-0.27487072723458561,-0.10608367115988684,0.27651848641321336,-0.96100821517514057,-0.00085850896187423262,-0.10171130049790153,-0.030154496769506867,0.9943568361889028,-0.019758364779625795,-14.997424944475748,0.048608441121720206,,0.1407397247316412,0.4444444444444444,0,5
0.043285667028769674,-0.94405279744032655,-0.32694138109907417,0.99806772639174846,0.026259926620315586,0.056313673198464163,-0.044577624040344078,-0.32874721580416633,0.94336530757492243,17.304372834765665,-6.9630979784761964,0.8654757160125478,,0.2189698578350001,0.2727272727272727,0,4
-0.27207023153402776,-0.94664575693640352,-0.17274142522083361,0.9600683847333914,-0.2791927486180365,0.017891499504599208,-0.06516506539886012,-0.16097583667560234,0.98480469853578179,-13.385658495072176,-1.5787065574950863,-1.9310407521414619,0.4122226694047042,0.3220330192698398,0.9436008676789588,1,2
0.58296146879412025,-0.7919942617243606,-0.18138637020759785,0.81203283542779203,0.57549004866425757,0.097025141460920297,0.027542695737760265,-0.20385360748364623,0.97861387003628808,-8.7017195805202192,9.3906701700356745,-2.3446766397785379,,0.2086193014099644,0.2773109243697479,0,5
-0.40957180679465449,0.90400266185164257,0.12259739982604516,-0.91223077516716744,-0.40446998050354149,-0.065107969630248966,-0.0092708099360756125,-0.13850350983498486,0.9903185496831407,-9.6004389156363583,16.50204742822671,-2.8657028428509297,,0.724114656354016,0.5116279069767442,0,4
-0.057573998231917001,0.9973251485765624,-0.045030908766404316,-0.99750084430863406,-0.055616616419117429,0.043575883027768346,0.040954857235158598,0.047427207326868344,0.99803474873073472,9.564970648608897,17.126075751020473,-1.0768679564462895,0.3420520495387614,0.3372736541176501,0.8169014084507042,1,5
-0.73802311944843157,0.67393983353029596,-0.033570462325730174,-0.67308700993642501,-0.73878205352115578,-0.033984620785098334,-0.047704844769156964,-0.0024855937360811708,0.99885838316016029,1.2882232627734902,-4.4898191846047668,-0.71486393061311893,0.2613475048160994,0.2699048162523083,0.548,1,5
0.96296637669646346,0.2686995332771831,-0.022278199404525589,-0.25951354608143423,0.94610815257108416,0.19373198764986663,0.073133280743606144,-0.18077589566961838,0.98080150835555036,3.2021333128595582,20.142851979161492,-1.8197323788858724,,0.407480379365873,0.7936507936507936,0,6
0.85839389915967867,0.51037988622910047,-0.051694154584572584,-0.50292929226292316,0.85713405889861671,0.11128042082908188,0.10110410906268047,-0.069523929756256278,0.99244364188697798,17.482219792611168,16.032463206207371,-0.20585773003253097,0.2943424454027251,0.4764395237317612,0.5925925925925926,1,5
0.2434461325289064,0.96988981330752344,0.0069087335319961158,-0.96485939252556452,0.24144490216929909,0.10368563965977441,0.098895567200543169,-0.031907824412760619,0.99458612373656563,-12.384706971358066,-12.861793410540097,-1.0341266220750345,,0.1656638880778734,0.28,0,3
0.66211379164424355,0.74939800579275739,0.0028206077928779301,-0.7435645673651472,0.65648156378842581,0.12705782370631014,0.093365202691174237,-0.086224041425468911,0.99189130130609271,-0.42360952795177992,-4.4137933080047125,-0.84602574372129324,,0.07154286514790302,0.180327868852459,0,5
-0.013660786181972376,-0.95157198732001114,-0.30712234674268807,0.99893792076414401,-0.026505187460952578,0.037689594015713479,-0.044004697252679491,-0.30628128899021106,0.95092342416947306,6.2240577105124029,-6.268568439959342,-0.2820813824059093,,0.3021500178199601,0.1666666666666667,0,1
-0.45120437528818869,0.86825491959132284,0.20627168086351672,-0.89241826403486035,-0.43845092821492287,-0.10653837601765111,-0.002062459163534518,-0.2321511967510346,0.97267752524115647,19.82844349863355,-10.974654440939386,1.4021048358510702,,0.2969979436564324,0.2608695652173913,0,2
-0.96570612161943881,0.25754925606571144,-0.032864378386647637,-0.25535457771667364,-0.96503264134956812,-0.059211829637458531,-0.0469651605541953,-0.048789156888337577,0.99770431083775712,-13.006981610271072,-4.9042810779915493,-1.6791057504783928,0.2006037061864717,0.2036628889583199,0.5666666666666667,1,3
-0.46633041315503626,-0.84704288907345826,-0.25505742458658859,0.881124191175091,-0.47033969484542903,-0.048997256849246044,-0.078460853249857423,-0.24758617797203186,0.96568368474594535,-0.71808532941828496,27.17797396745485,-2.4949111520645397,0.4630662936348723,0.2511036297541087,0.2916666666666667,1,5
-0.51914554139436941,-0.8049711224922832,-0.28724449307839045,0.85028544587232857,-0.52049080825364125,-0.078127965935169782,-0.086617361931906361,-0.28479959704498475,0.95466571224432895,-1.2303562583872663,14.499603509845112,-2.0009093542577281,0.797372682158775,0.5032559790333675,0.4776119402985075,1,3
-0.53262558909143531,-0.81179182702437536,-0.23938256290178653,0.84077954305984404,-0.53991410896908831,-0.039780835941380932,-0.096952265662444262,-0.22245625303088626,0.97011003173370824,20.201399254677117,-5.8575768685277341,1.1676062522767785,0.3232602487126024,0.2162495468052901,0.4117647058823529,1,5
-0.97870728267028517,0.20299895041158958,-0.030388829854739358,-0.18789755876141068,-0.94563760935178842,-0.26545059651644587,-0.082623012893802833,-0.25408844505649547,0.96364542225297944,-14.24433211514015,-13.760768108223818,-1.1070664471355154,,0.1154813373773503,0.3,0,1
0.95996637441277277,0.2680334391906134,-0.081379576506942816,-0.26185038845086656,0.96185645428215616,0.079161451628237872,0.099493387041189388,-0.054683057992501581,0.99353451329264952,1.8991026141708005,7.0074919342207966,-1.4051757436552506,0.2381175089706267,0.1335528329706493,0.5526315789473685,1,5
0.68244894525099931,0.73093292734652437,0.00070203022639513482,-0.72500526524148756,0.67679177549539471,0.12775076514021569,0.092902112451322807,-0.08769235053544347,0.99180605420598722,-8.2442730257014318,-3.3429673700759253,-1.4790729597011401,0.2509738931992072,0.1411907811116658,0.2659574468085106,1,4
-0.48016029939735677,-0.86020283611731296,-0.17174739479355247,0.87241277503591907,-0.48869406426543749,0.0086058994797365233,-0.091334751528471647,-0.14570241002625881,0.9851034315622762,11.622569131125468,-16.696040949659871,0.9782104329424357,0.4658624632733303,0.4397894084722839,0.3461538461538461,1,5
0.89656856492109049,-0.40936219417518116,-0.16907809549264161,0.43457452449502232,0.88677383492586148,0.15740758670028296,0.085497316070522855,-0.21460372706680331,0.97295192546896936,5.8825325860342064,-22.119702047822337,0.95105387366220129,,0.3136406897201887,0.3333333333333333,0,3
-0.11798110954764944,-0.95755711429075707,-0.26299207338066893,0.99187972521086654,-0.12630320883922821,0.014903360444196184,-0.047487561587439796,-0.2590981904762592,0.96468288011470704,-15.494390574321468,-3.4772867734392796,-1.9477949464034572,,0.296537947286208,0.6619047619047619,0,4
-0.93217759287745949,0.35551910937680153,-0.068198960440117043,-0.35485470417728482,-0.93466183367369471,-0.022031695281559249,-0.071575654104160544,0.0036632692576025099,0.99742844665565289,-7.0163844519361218,4.0531995184224989,-1.8633620883473425,0.1736455454058742,0.1286905463413742,0.652073732718894,1,5
0.27397556670561274,-0.95502803874045517,-0.11339679919600447,0.96161273906064504,0.2701367123270354,0.048239990976627185,-0.015437905448047858,-0.12226038554127482,0.99237798706071489,-8.4672811261145018,-4.2949102671273804,-1.4388982531339389,,0.06862412473149626,0.1304347826086956,0,2
-0.97118651016984769,0.23339544106347701,-0.048200939357012335,-0.22468063896434076,-0.96412131930924772,-0.14138137121973296,-0.07946932073881649,-0.12647786266450523,0.98878105630980329,-13.59746984302134,-10.411901843673657,-1.3177962614100638,,0.1053275212075666,0.3,0,3
0.74846340969767622,-0.63817348532931106,-0.18038050605974024,0.66215499706097614,0.73422421881393474,0.14988514394110466,0.036787011442994788,-0.2316233993570308,0.97210972459871314,-6.7253776805143231,-24.381748439994968,0.16820983004967302,,0.2623059856863028,0.7878787878787878,0,4
-0.95157764811514234,-0.2775057075614808,-0.13225188799580923,0.29251843258887311,-0.94967760427954162,-0.11200631466849763,-0.094514264549871121,-0.14526882046974682,0.98486751575829967,14.166887898953085,0.56862715715860601,0.067071251252824468,,0.09142572683324877,0.3529411764705883,0,5
0.62832377739559164,-0.76546402053037121,-0.13883106292474931,0.7779036658025219,0.61621119948258518,0.12308389156682029,-0.0086670346909604318,-0.18533372846223692,0.98263741614287825,-5.2577978089306896,14.99112150439093,-2.3904830883916053,0.1910414513835523,0.1515333817552156,0.2,1,5
0.98969566931109509,-0.075189273792476335,-0.12185669966573554,0.09275867547400439,0.98498527879200004,0.14560160949438586,0.10907937601202884,-0.155404548419946,0.98181012220246555,-6.6150536927504655,-9.6410721845571921,-0.8847849275453924,0.3075547013917143,0.1174041331808502,0.3134328358208955,1,5
-0.47500361868368546,-0.86621247626385178,-0.15507259010621785,0.8762346065243356,-0.48182763629061059,0.0074191128678865502,-0.081144787673314636,-0.1323558645147625,0.98787521912537268,-4.476008894262681,-10.418350222764788,-0.683367647496812,0.9381647048990369,0.7152117707196235,0.934156378600823,1,5
0.93410286904419493,-0.32915074472244898,-0.13824477310937183,0.34893959738173552,0.9236118954061372,0.1586890797860884,0.075451888130627157,-0.19647100018308189,0.97760224972356891,17.28539755381458,-15.115277492555375,1.3326619315607486,,0.1154777266173541,0.24,0,2
0.93725369176287165,0.34454755413799704,-0.053315103060890746,-0.32910756199692798,0.92479370764761326,0.19090524071334519,0.11508140559320436,-0.16138023804947763,0.9801595221461592,0.2147720613679345,21.163953412508743,-2.1544191008767117,,0.6240918046013558,0.8070175438596491,0,6
0.89229696417681792,-0.43949021601340899,-0.10322052968921759,0.4475265592947078,0.89118748571481499,0.074194636134614383,0.059381027666047241,-0.11239757708151277,0.99188743223186882,3.1859697707340016,-10.614389715705917,-0.13896587388560791,,0.1109076546387401,0.3673469387755102,0,5
0.45708526457642584,0.88942124633576669,-0.0017051315580595579,-0.88587355769287801,0.45543148732242233,0.088375336694402881,0.079379472709646265,-0.038884533195319183,0.99608578565830375,-7.6601434372342752,-8.5467219897677218,-1.0196076966445204,,0.07116591544911563,0.2857142857142857,0,4
-0.62684695919356359,-0.73422492094884584,-0.2607233307693127,0.77213103437040409,-0.6301847153147756,-0.081736713573064015,-0.10429072591497794,-0.25254898542915677,0.96194722019808876,7.9264112763559664,-15.052065281290629,0.6170497232981742,,0.6462210751461193,0.4814814814814815,0,4
0.91695707445742114,0.39434981754797255,-0.060646063370744588,-0.38587218742396978,0.91516412692525029,0.11652156779663168,0.10145136063714628,-0.083443646786469511,0.99133484718123688,-14.682117423706535,-16.361604502751174,-0.95381414028878986,,0.1376992534253684,0.2727272727272727,0,1
-0.98317497717550739,-0.14789781505353314,-0.10720634569993263,0.15417150858977752,-0.98663429222285537,-0.052762859561047912,-0.097969945366396291,-0.068403287291603526,0.99283577700071279,-9.4001317999127298,5.4771000122565789,-2.1454645464392028,,0.0942774258922468,0.1956521739130435,0,2
-0.38875818759420411,-0.90007363868866752,-0.19681086483274637,0.9184742964668714,-0.3954381892235731,-0.005797002093217209,-0.072608803241458714,-0.18301935264153191,0.98042433581104005,-21.838464820910083,12.63022528981722,-3.5251528754222803,,0.3786605386898038,1,0,4
-0.14955925260462574,0.98389564083562286,0.097884615262079699,-0.98834390435739039,-0.15160971321969191,0.01381381833646258,0.028431614093044507,-0.094677678478627292,0.99510189454043452,-12.735321781599506,1.3066627949987508,-2.049545786954285,,0.0728920229353924,0.2592592592592592,0,1
0.49627879666627134,-0.85698382087162484,-0.13887435596159925,0.86813881816950322,0.49107347436509818,0.071984964834677589,0.0065075622729463701,-0.15628683098477128,0.98769027437451318,-7.5898824870743207,10.75397654254702,-2.3597231939393324,0.6135040867755119,0.8663167711183728,0.8275862068965517,1,5
0.002558919885443817,0.99974536943296166,0.022419817714953435,-0.99895497563019664,0.0015325120355741645,0.045679405321597401,0.045633415308234823,-0.022513278397707389,0.9987045327338282,10.461897897399043,26.071454622470899,-1.3298839662406126,0.4249174546429765,0.3948728023549289,0.8947368421052632,1,5
-0.30361526106467945,-0.91884677411948312,-0.25206820295080118,0.94880255698130167,-0.31576329073857612,0.0082007370210965495,-0.08712910601154103,-0.23667308658181876,0.967674722710821,-9.1181166949407544,20.252314912661788,-2.9756268115103777,,0.16209730370905,0.1538461538461539,0,4
-0.4960901073621834,-0.84497689877144122,-0.19977148425132493,0.86457425822823186,-0.50193413864348557,-0.023947285301830212,-0.080037225004883902,-0.18459729414815965,0.97954983620370095,-8.5342929913752137,7.3973401425726406,-2.2051420982790959,,0.1693242648591683,0.3928571428571428,0,4
-0.39290708053259227,0.90113712660971457,0.18323729181840198,-0.9195746680472815,-0.38557689972915493,-0.075583624423449708,0.0025408567624106457,-0.19819771300607958,0.98015876806059954,-8.7476691243319493,-16.540098752012021,-0.50067052903511944,,0.3055089478299795,0.2272727272727273,0,3
0.98863977778250045,-0.11120694945886855,-0.10111579588878443,0.12302101136209412,0.98520938907215561,0.11928239789473942,0.086355199899121077,-0.1303666908229402,0.98769798287445143,-13.722383265423565,-0.62925673976545826,-2.0071055568108855,,0.08614239225025869,0.3655913978494624,0,2
-0.3054478304383299,-0.94219186434654179,-0.13775381533629319,0.94967026085290562,-0.31198545729835531,0.028133078144965115,-0.069483944419498248,-0.12222751406096889,0.99006687464755827,2.2836257133094517,-6.404103995251158,-0.51617325358855437,0.3545646268106994,0.3349955326189408,0.9468354430379747,1,3
-0.86363314469210795,0.49993675151760913,-0.064815398411511252,-0.50071926311591874,-0.86559686933358637,-0.0047201000568936015,-0.058463757438894683,0.02837788367578014,0.9978861081226712,16.528857665179078,1.9846656324807219,0.23110679253779792,0.2140122786372271,0.2186625826963189,0.6862745098039216,1,5
0.76426372257017405,-0.6375559951268599,-0.09707376288667649,0.64394320245569647,0.76264328450711372,0.060929242628666273,0.035186849450914492,-0.10907599953243724,0.99341044485736973,-3.2318368520902183,7.0268980113045787,-1.7671552993220836,,0.07831090997725451,0.47,0,5
0.71333568027209393,0.69377003815403515,0.099173289803747872,-0.693807227489464,0.67911614306314061,0.23965140373973817,0.098912781449781884,-0.23975904235459586,0.96578044258261664,-18.597251598973141,-14.362325014084364,-1.3928696756941592,,0.3268588154294059,0.3541666666666667,0,3
-0.93571242554262168,-0.31467717515863136,-0.15943817648019556,0.33733152968212748,-0.93039113123704342,-0.14345655090574355,-0.10319736318076067,-0.18801760116978503,0.97672907496546824,-5.6388296126501629,16.75366188042095,-2.5023818355702918,,0.1304083069542292,0.3157894736842105,0,5
-0.89059963399032871,-0.41804124758614497,-0.17909161692528081,0.43990934868280385,-0.89175973748394,-0.10603931131445907,-0.1153778872997907,-0.17322264840139429,0.9781011487586766,12.524002512502419,-0.87430156557651884,0.022478673755589363,0.7276940606132931,0.3510553520690219,0.2711864406779661,1,5
-0.59654432875638497,0.78983152834525172,0.14248165025854251,-0.80256779995555161,-0.58607545926092852,-0.11135745384390264,-0.0044486293506351363,-0.18078084213736573,0.98351334348498021,11.545328130820216,11.978114937028582,-0.68508998831904611,0.7756736807936214,0.4504426074967707,0.1666666666666667,1,4
-0.99160182130113661,0.092436577234253581,-0.090450578668600012,-0.094370097240348699,-0.99538634556472172,0.017329391511393847,-0.08843140131828657,0.025719686089140187,0.99575016194242205,2.4792151846040333,3.8395746286287009,-1.1899934457596857,0.4753941243321838,0.4601013181716394,0.9639751552795031,1,5
0.99247185832962592,0.082636899587697099,-0.090392218969741839,-0.069370962866722619,0.98755351301928984,0.14115852235768342,0.10093205603119694,-0.1338252657378034,0.98585167155892328,-9.7138531998123945,-15.395729001541502,-0.66091813805571431,,0.5833324285488568,0.4210526315789473,0,4
0.70430550753131949,0.70616256975731317,-0.072719853786980967,-0.70348940643059987,0.70800901214581824,0.061853809585390995,0.095165156969207909,0.0075936680235388666,0.99543253367818707,2.6953302236599153,-7.2308660654355004,-0.44391994502746807,,0.06864019565184934,0.2666666666666667,0,5
0.72011465285797482,-0.68276347085294686,-0.12356751032563598,0.69281430904202657,0.71729099431896881,0.074175215911546133,0.037989734479960909,-0.13902399914310731,0.98956005767027566,-9.6952096666117615,9.893636180817488,-2.4394913338702762,0.493800404063183,0.4533850311672014,0.9839743589743589,1,5
-0.028466637422485272,-0.99004126105043433,-0.13786932933586921,0.99882076415002685,-0.033599333460712429,0.035045197870069725,-0.039328509463406484,-0.13670912993893802,0.98983022894571415,7.9421206295576532,3.0760924147562743,-0.67980498985526083,0.1303078054815064,0.1175167308172163,0.462962962962963,1,5
0.9869963506617766,-0.11680043593638693,-0.11043487649020634,0.13179133214715227,0.98134818722471562,0.13995277847061494,0.092028520314172871,-0.15268724110362333,0.98398036456676763,-12.165571075078288,24.863671822220144,-3.5622476203264983,,0.1720381885982473,0.4705882352941176,0,5
-0.96468552048532796,-0.241263052946639,-0.10570707568001847,0.24358998259378706,-0.96983187494865519,-0.0094897161989467779,-0.10022857350033651,-0.034903776535574825,0.99435202993589944,17.769538035044775,9.3027680400911414,0.033765546715833462,0.4492756576027018,0.4168921255891626,0.5873015873015873,1,5
0.97867213659620467,0.18556077501509924,-0.088136529464332078,-0.17707415083845945,0.97950531402759644,0.095990024984577177,0.10414218240011988,-0.07833606173083367,0.99147257515144838,-25.392278333936943,23.349908239359348,-4.4674155379118066,,0.4140071835422474,0.5263157894736842,0,3
-0.51599953063009496,0.85601412352110395,-0.031373630996743888,-0.85651848145187703,-0.51608045711754957,0.0060870939465153635,-0.010980679436819922,0.030013032398265822,0.9994891908196748,-7.655695678960992,-17.036486371009662,-0.39472030340358233,,0.07088748266558051,0.3333333333333333,0,2
0.56759023648080797,0.81925403540458819,0.081634238680582449,-0.81863723917332964,0.55103655224157022,0.16183877388435608,0.087603619162275825,-0.15868693571627435,0.98343482872158305,-15.76931018443404,-8.8838834180150297,-1.5768695235347121,,0.09708333882331963,0.375,0,1
-0.87657947415918114,-0.46234781455037255,-0.13357740775785862,0.47028139430624982,-0.8818710416688903,-0.033747237445412019,-0.10219508624285407,-0.092401105222404439,0.99046362886352113,0.29728745513768001,-8.5707858989985031,-0.51533869912816455,,0.06775126985511208,0.2162162162162162,0,5
-0.036390385987949476,-0.98734059377609407,-0.15438358620500794,0.99703366211704914,-0.046354879259444849,0.061441856859220212,-0.06782047193226147,-0.1516897394378188,0.98609867991807598,6.4567877082509915,-8.6186525329898434,-0.084611073536002807,0.1544133425996264,0.1227285735017298,0.275,1,7
-0.93252128456871863,0.35311496368331891,-0.075590186196587764,-0.35427325024367179,-0.93513968510413659,0.0020575483275305181,-0.069960831813887542,0.028698288559840475,0.99713684629826216,11.380763093322226,15.222579880067764,-0.8220247762116627,0.4703544980512551,0.4240351434433666,0.8214285714285714,1,5
0.45380937286443873,0.89090863454245306,0.018408095993031403,-0.88668673327832936,0.44941295223522831,0.10869514888633668,0.088564609910457032,-0.065649091851450125,0.99390467682292849,2.846725986383948,24.970586292956419,-2.0645363897237137,0.1715640340060258,0.194117316144343,0.1428571428571428,1,5
-0.97936798103510969,0.17889221234768168,-0.093999649385328024,-0.17230024191353094,-0.98224868060469062,-0.074163037201038423,-0.10559822138535917,-0.056436741682133688,0.99280607866216852,-1.1410048858991366,-6.0726645031787934,-0.7790742092286006,,0.3069132566101186,0.15,0,4
0.33700076954384994,0.93001801029874009,0.14661849080803577,-0.93939194634559664,0.32171647738171782,0.1184959042420045,0.063033740709914021,-0.17766544036776447,0.98207012928356774,-1.9524145357793072,-4.9969871814808604,-0.91028758163556855,0.6351484936693635,0.4044997528378951,0.3768115942028986,1,3
-0.66184290272052837,-0.73624321881957266,-0.14110242684185431,0.74383464531643828,-0.66836178915695565,-0.00159349360909782,-0.093134271594479526,-0.10601151605891124,0.98999372014041442,2.428968955637377,-5.5690007397681063,-0.58629599348121475,,0.07806015558174559,0.28125,0,1
0.96073688095236054,-0.24752662060372019,-0.12536035126957679,0.26638699150651451,0.94924903072004208,0.16722514294557608,0.077605517420077277,-0.19405372907924778,0.97791642480142416,-10.176309285782603,-1.5786068229595163,-1.7000512968532873,,0.07185614529557183,0.2192982456140351,0,3
-0.67296014001606264,-0.72288484693464006,-0.15672315726096056,0.73311443986877434,-0.68000958505747422,-0.011409745214293211,-0.098325317215125468,-0.12257431338679327,0.98757666522265553,7.3753195314374986,14.936003600930578,-1.2197493275699165,0.1795902415248853,0.09625747638256292,0.4782608695652174,1,5
0.83802946111421361,-0.51849631456743861,-0.16990642743759043,0.54087462793488761,0.83043044011427236,0.13356616707801855,0.071841903934390536,-0.20383045874353556,0.97636667544907629,-8.0292360048329456,-12.593160843344638,-0.75749967763686532,,0.2419160535078681,0.3103448275862069,0,6
-0.80496142784144153,-0.56012378158591936,-0.19569989522060974,0.58476032965767699,-0.80478972535355064,-0.10182757398662551,-0.10046121911520445,-0.1964048045930806,0.97536285360200226,-8.1717088572245,23.059234616108245,-3.0571253303535633,,0.1993729516318673,0.2352941176470588,0,2
0.32019851902295682,-0.92213967254068241,-0.21709751896801532,0.94726353256064288,0.3085443297703267,0.086557474820555425,-0.012833873002188292,-0.2333641379757021,0.97230472117059075,-15.125541489961444,15.45439690068577,-3.2130469606492182,,0.1105044603398382,0.4583333333333333,0,2
0.86872407596604306,0.49268160622495621,-0.050826319211030438,-0.48484372788259067,0.86687217059056199,0.11601378964812786,0.10121778188567855,-0.076141150130562246,0.99194631199825423,-20.972838446094343,-15.377200773296664,-1.4741290031294734,,0.1507547973940121,0.2857142857142857,0,1
-0.94517078037051427,0.32070056699484134,-0.061671243403876641,-0.31716423526620979,-0.94642486988912378,-0.060719136385122705,-0.07783985998056038,-0.037830040768443311,0.99624788291552413,0.4927761050519302,16.58504235337476,-1.9555441995838603,,0.09443279899920398,0.40625,0,5
0.90581616450107927,-0.40084950755649973,-0.13717415361600085,0.42155849489307057,0.88504240929921152,0.19745472677385173,0.042255313417883834,-0.23668461300549096,0.97066723569635216,4.1558916348893762,13.196217655886546,-1.4945672900994806,,0.5768041035471396,0.293103448275862,0,4
0.48926761860246532,0.87133299849570767,0.037363125130975096,-0.86804813462072905,0.48238660944340173,0.11745465087076197,0.084318641880346781,-0.089899748398865401,0.99237513162577562,17.751294093332223,21.780839717174867,-0.41430376987054551,,0.2161908588844351,0.1111111111111111,0,3
0.98392826576365755,0.17335790391601585,-0.042804263586298713,-0.15893470894965372,0.95949833181187782,0.23259989153331681,0.081393649152798023,-0.22205852471829868,0.9716301176257981,18.413711328438023,1.3861254077607761,0.44033182327094633,,0.175941083987295,0.3157894736842105,0,4
0.26536771664917641,-0.94337905310749726,-0.19903752690988896,0.96348742644448671,0.25183754105288347,0.090938616658805052,-0.035664464720255612,-0.21590232762626604,0.97576340927592575,2.1309177074778258,-9.0608161957404754,-0.35111511634632619,,0.1345700668709894,0.4166666666666667,0,5
0.96463064026509815,0.26030587540419525,-0.041576184190012661,-0.24608301443899055,0.94578271745642173,0.21198632353377181,0.094503321985874356,-0.19425731026347764,0.9763878427872974,13.468208590047798,9.7140740723919876,-0.4210950157396639,,0.2521649896897075,0.2777777777777778,0,5
-0.46699054787385103,0.88282992675205907,-0.050310522035019949,-0.88425976758422475,-0.46636911335791364,0.024176714781948598,-0.0021193462139929395,0.055777867803539764,0.99844095360462704,-10.953949755697074,-4.7625579591810094,-1.5516505412999169,0.3691604574267776,0.3231179906722337,0.9103139013452914,1,4
0.92044258629148867,-0.37521349479147892,-0.10954578343049884,0.38712101876156008,0.91382658806112527,0.12271219900880055,0.054062576465136146,-0.15535700910782405,0.98637793849367073,4.2647827959219091,22.017130357938324,-1.8019609712868814,0.2195843008629357,0.2038888197566578,0.2222222222222222,1,3
0.87942860265399958,-0.42846470711908691,-0.2074206537145917,0.46906723558557278,0.85423171170435119,0.22419659056007624,0.081124973554030269,-0.29445912699729471,0.95221455628122398,21.856780586825348,-0.68419106762358262,1.0278613418098852,,0.4533088892015217,0.5,0,5
-0.98322121430892107,-0.15434927057114925,-0.097223178342642463,0.15468382785454801,-0.98795538164781482,0.0041324657754434621,-0.096690005342618818,-0.01097572536440374,0.99525402602530055,11.107110180977646,-8.0482439958881997,0.25961394570717583,0.2871487809830605,0.2566059698594215,0.6309523809523809,1,5
-0.76838790928848721,0.63821234456217135,-0.047592269411364622,-0.63824212840227179,-0.76965780400876171,-0.0165484217056493,-0.047191168578510245,0.017659784168175641,0.99872975605582492,7.7780192606842498,-24.496838248744595,1.2759834534417431,,0.5087569213876761,0.7108433734939759,0,5
-0.7231418468486096,0.68762582977279951,-0.065089074088141768,-0.6894467823698508,-0.72429117321704695,0.0080889232740635648,-0.041581289256615028,0.050724891612925163,0.99784667246757641,-12.993485062442083,13.913461714818645,-2.9488664328333005,,0.07420869115989318,0.35,0,4
-0.45894851762532612,0.87923615967795932,0.12771074224304357,-0.88811688769520403,-0.45801656672329505,-0.038330384782687014,0.024792175380534274,-0.13101374020215886,0.99107050602777047,6.5478068230922748,2.1042333278801912,-0.73148071752682553,0.6147774632219785,0.5189653322537126,0.4507042253521127,1,7
-0.98974176486126231,-0.099875606842079634,-0.10215724177581505,0.1072299620598709,-0.99182183030334781,-0.069218438080890385,-0.094408549008840534,-0.079462696226882054,0.99235714628474436,33.617206165612366,-4.1502725879596696,2.4817437242484091,0.4428020078838519,0.3841064006793611,0.1666666666666667,1,5
0.89994443317382122,0.43132007968193908,-0.063741713678067108,-0.42656229784805694,0.90125560995479359,0.076045588824070198,0.090247566471548052,-0.04124699247435807,0.9950648533426274,-9.7369421560414562,-9.7882080363468198,-1.0795289422383536,0.2139946698097875,0.1322020492385951,0.45,1,5
-0.87946990623595822,0.46868896271275906,-0.082845279023939247,-0.47201061467720784,-0.88122955979365636,0.025306966983901436,-0.061144612660157777,0.061360566955642598,0.9962410437065532,-6.4579269446256324,-4.1447891175151241,-1.3180411393524107,,0.112977800751967,0.5186567164179104,0,5
0.43274610834692689,-0.88380714887844536,-0.17780812496042708,0.90141552762365185,0.42714053298724813,0.070717831120182026,0.013448132567864547,-0.19088187098496956,0.98152089079128302,-10.576651404106835,-23.786475783491891,-0.15541748773769778,0.3602052101565255,0.3395462442002868,0.5757575757575758,1,5
0.46105635895288782,0.88668584421285535,-0.034860400767099529,-0.88370972202506581,0.46236458996715191,0.072636858019113973,0.080524288680417902,-0.0026832102124946444,0.99674903527190262,10.228774792205071,7.6319035001925997,-0.66524918375674669,0.813808856158883,0.8212062584397259,0.945054945054945,1,5
-0.76294280833970984,0.64541617685528696,-0.03682702616588987,-0.64445827341939421,-0.7638244235777979,-0.035295662160373525,-0.05090977336436938,-0.0031950899128047627,0.99869814577600902,-13.121938118296116,15.746482959539021,-3.093029411717283,0.1975313529313897,0.1585179906684705,0.4,1,4
0.34894513334606775,0.93669291644373109,0.029046070271752645,-0.93437157888152034,0.34536402038534841,0.087598207754053942,0.072021153090940829,-0.057706790825736057,0.9957323334109649,14.356540230430371,4.1186103672607368,-0.097852003621044042,0.6425262560358892,0.5212971876436818,0.8762886597938144,1,5
0.95592113752572139,-0.2648949011712794,-0.1266707154988464,0.27861095106445866,0.95447790976128399,0.10652632409263121,0.092686119664647917,-0.1371226134202107,0.98620822958963505,3.1336809643462913,-2.6062173778892768,-0.7435595468754973,,0.1383856131345343,0.45,0,5
0.97320448859754594,-0.19671201763100379,-0.11906891069095649,0.22312318800277275,0.93304112834273734,0.28222383987961219,0.055579369815342748,-0.30122854270545685,0.95193082664155682,1.2881416283456804,10.502232018316803,-1.6291798738304049,,0.3123478431611432,0.1886792452830189,0,6
-0.67924502504257156,0.73372306868264758,0.016632932328254982,-0.73325665841963095,-0.67750736288259517,-0.057605955622218943,-0.030997884414810217,-0.051324767147951381,0.99820083121534975,-19.054643176548108,9.074315995552741,-3.0503542988775023,,0.4039927072262552,0.4186046511627907,0,4
0.98677822236084012,0.14857278630785625,-0.064767793254833145,-0.12867572485358678,0.9611249923311157,0.24429757868205859,0.098545916748410983,-0.23273348767470628,0.96753492237075478,-5.5516992084718222,-2.1764814916891217,-1.3746943458662837,,0.1996807463631962,0.1142857142857143,0,5
