axis_00,axis_01,axis_02,axis_10,axis_11,axis_12,axis_20,axis_21,axis_22,location_x,location_y,location_z,dbh,dbh_approximation,score,reconstructed,number_clusters
0.66537858037948605,-0.73477430002922595,-0.13182591850141387,0.74477826000904723,0.66541374579098922,0.050298015172586009,0.050761089331067183,-0.13164830013701859,0.98999597821453655,26.770186351822549,0.14421264302585229,-0.76128314960577914,,0.2951552208950906,0.2352941176470588,0,4
0.026877393252053981,-0.99916192319625818,-0.03087162073375636,0.9996051028371975,0.027117007225456926,-0.007369280899153014,0.0082002508382700151,-0.030661362557606094,0.99949619145462498,10.916555365242875,4.8849127825130489,-0.77683392075862556,,0.08851377457935716,0.2571428571428571,0,5
-0.96964803566435931,-0.2430607984981169,-0.026535545325242924,0.24449690076529207,-0.96477132139534338,-0.097147120025509764,-0.0019880765621878385,-0.10068637269532407,0.9949162285866292,-14.117607832829064,15.972883021133789,-0.48374591142019013,0.2126615299275054,0.1552276966054713,0.5517241379310345,1,5
0.69873288179442239,0.69514437828908371,0.16895754861013221,-0.7149529814863016,0.67037325307630158,0.19859993913328691,0.024791009723486961,-0.25956501091822914,0.96540738082112765,-3.7690198629014238,-12.382004886454705,-1.2821087838573888,,0.4894862302080722,0.1224489795918367,0,3
-0.29007077289081168,-0.95371109894602069,-0.079335278796390421,0.95700004626743074,-0.28879878828254646,-0.027316136818167164,0.0031397704793584978,-0.083847478398022035,0.99647365354415196,-15.232736898041709,6.5821861255217478,-0.91561102147908291,,0.3868634432576092,0.5286343612334802,0,3
0.86925774460417993,-0.48296605382124008,-0.10552139262724503,0.49435537132700291,0.85005319820419456,0.18172046407315107,0.0019339818497759145,-0.21012698798383633,0.97767218873968442,-23.388080643304434,14.341089435048458,-0.62637712781419197,,0.3500471116038664,0.2,0,1
-0.03328353833521016,-0.99827291432446752,-0.048408621153934017,0.99942617641585663,-0.032939142933733623,-0.0078949830635715642,0.0062868092599994907,-0.048643616116892198,0.99879641300937938,22.76747146528934,8.8076244344104744,-0.55567204784411539,0.2229226918126312,0.1468604910914741,0.4736842105263158,1,5
-0.44977305436988713,0.89196304433392293,0.045892560457478859,-0.89313065448455919,-0.44890394050111365,-0.02833524700008571,-0.0046726419471022577,-0.053732483146914013,0.99854443399986015,-17.507534190293708,0.77190478550834873,-1.1458705337573292,,0.07696849736545483,0.38,0,4
0.88653785888233505,0.46081093705406212,0.04127838489673679,-0.4626271843856849,0.88394386712081841,0.067965638721839375,-0.0051684655072344382,-0.07935061481079568,0.99683336967291092,2.6832407066670427,-3.742816929696378,-1.1181047348925497,,0.08199600436148761,0.4,0,5
-0.38513747559422851,0.91679976852673006,0.10558081891252616,-0.92283833507554647,-0.38183049768157129,-0.050743259209846431,-0.0062074316668813568,-0.11697715789665217,0.9931152059668219,-24.261104034053194,9.4553292175383472,-0.97250691917682475,,0.09458162894024559,0.4444444444444444,0,1
-0.4139684875318338,-0.88484635667857703,-0.21372182013836427,0.91018737753224666,-0.40589727239538465,-0.082500557834231922,-0.013748785821968706,-0.2286795341403258,0.97340466485105048,1.3618227470948761,-21.698860781540262,-1.54343445057052,,0.3924204558699614,0.2,0,7
0.13972927262128418,-0.98973283907463849,-0.030077194516520689,0.99017033216282269,0.13985225998035378,-0.0020146173221042866,0.0062002965488593392,-0.02950004467192123,0.99954554858048483,-11.407316527135638,11.248539694524325,-0.66852547463342826,,0.07561444369944952,0.3684210526315789,0,5
0.50884171181193039,0.85184399567985325,0.12426551953171285,-0.86084669133622727,0.50431026320840089,0.067927405648558911,-0.0048048242189321052,-0.14153785870520838,0.98992118283092079,-21.840109713210193,-1.5065268548862565,-1.2849204763622943,0.4478979168193359,0.2708966869173913,0.3888888888888889,1,5
-0.99807493400299951,0.061709706548718789,0.0061917875108555061,-0.062013918063184723,-0.99434496702412889,-0.086211139188836328,0.00083670864772819121,-0.08642915405958404,0.99625764802443739,1.2110401602482235,13.510438403681375,-0.49769862799746412,0.5428796683527807,0.3614326247417244,0.8770491803278688,1,5
-0.25770970573668683,-0.9391000440822086,-0.22732535004681118,0.9662069201142246,-0.25180300913656778,-0.055131044912602095,-0.0054676404870878173,-0.23385113169400013,0.97225704065999974,-19.756445939534022,6.2370328817861544,-1.0420869052549597,,0.1952966846645481,0.25,0,2
-0.92574169706532128,0.37718803229570547,0.027046230929890589,-0.37815461176202192,-0.92314264532782875,-0.069330700128105147,-0.0011831811922370485,-0.074409976952237694,0.99722703303321747,-0.23320625496020603,-15.356198212501662,-1.360830269592858,,0.08819414473806267,0.28125,0,5
0.96753197457936191,-0.25024944495128643,-0.035455513931317413,0.25252889113039551,0.96298046578364715,0.094328053428248668,0.010537424306424103,-0.10021894940919487,0.99490960638055126,-2.8749290442746469,-11.07505102146389,-1.2610874002955836,,0.07678626463261232,0.15625,0,4
-0.0370037538156738,0.98651173134813763,0.15945320980165112,-0.9993040842297588,-0.037279360223431167,-0.0012635438478657815,0.004697812817985746,-0.15938899966381628,0.98720467854487792,-2.1261198384433198,-10.022192542834121,-1.2443068983040231,0.5125198155726215,0.3657259258332397,0.8809523809523809,1,5
0.0079466576693769716,-0.99572316438127595,-0.092044720361492208,0.99975878283718078,0.0097959992870080021,-0.019657429584990945,0.02047502800500331,-0.091866306731622244,0.99556082431747328,1.9968695685456881,7.3257269385745198,-0.70668022155839516,,0.1108327573173852,0.282051282051282,0,2
0.99741470874982707,0.071597462906717216,0.0061402015292602334,-0.071730044871556806,0.99710784035651534,0.025114843465393274,-0.0043242840127729401,-0.025490351211546948,0.99966571540835081,-9.2173838189564812,-9.1188559076563198,-1.2472023678403761,0.4104231027590122,0.2633359209995129,0.8333333333333334,1,2
-0.94187731922824014,0.32636450469674166,0.079707751175635361,-0.33594271080607679,-0.9127558256023407,-0.23242051950130571,-0.0031000934971800215,-0.24568885384372349,0.96934378654699616,-11.783364337995424,6.0185157982999158,-0.91994585809713392,,0.1739830758189601,0.4025974025974026,0,5
0.47867152333447771,-0.87159928944907161,-0.10577453086884311,0.87628219701174437,0.48177805623146214,-0.004406328869288015,0.05480040099233642,-0.090579154145461679,0.99438037635774557,-22.254306550224406,2.448667987139479,-1.2042718456908037,0.5868073722247673,0.3675503584770321,0.7634408602150538,1,4
-0.22354112931673514,-0.96684876522225993,-0.12342134617638315,0.97469331772109724,-0.22193850144254137,-0.026762622578504855,-0.0015165400222708174,-0.12628050825693943,0.99199341396036,13.351676539635559,-8.5636527930208608,-1.1290623796171371,,0.1726898099949553,0.3333333333333333,0,5
0.21797514358766676,-0.97220651795911606,-0.085447780636761922,0.97589081846428571,0.21812271735845173,0.007719495402713215,0.011133158358866198,-0.085070362700397056,0.99631274516337498,6.6083515069809629,6.9054900988824848,-0.73060436940191031,,0.08291849109625425,0.1875,0,5
0.50369799004862126,-0.85832993695091131,-0.097765301384614797,0.86359216716563192,0.49737520048033529,0.082622507570971671,-0.022291335337925145,-0.12604613949261601,0.9917738991765519,-22.707141788659186,11.500725461706267,-0.81726885975447794,0.286511606218594,0.2736598220369747,0.3,1,5
-0.28418402441547896,-0.9582253050719719,-0.032306423304776129,0.95871276961197394,-0.28363839790710266,-0.020471556258102805,0.010453021092443211,-0.036790269806254307,0.99926833753382893,-18.581741749639942,3.2100146226568178,-1.1048820149858343,,0.1139509500172298,0.4423076923076923,0,5
0.99094903625818342,0.12875089075378701,0.037989678454604818,-0.13318995155708382,0.9783186330621817,0.15859725409844513,-0.016746472559901297,-0.16222163953508628,0.98661223148882038,2.8834263106335123,14.800510712043087,-0.47206237038023385,0.6297515116979925,0.3616232325892794,0.65625,1,6
-0.36384576324727363,-0.93117184596496916,-0.023135553790686658,0.93143786782024607,-0.36355703950733836,-0.015804347981950129,0.0063054704411204168,-0.027299675947755918,0.99960740730331943,-5.5142505205476908,2.2532281904536622,-1.0110906758038225,0.4974893692718541,0.4711229845389746,0.9738666666666667,1,5
0.98286306492062037,0.18418787306430567,0.0074177510668953679,-0.18430463264900493,0.98264972753583424,0.020768133230135828,-0.0034638127776385349,-0.021779356964717007,0.99975680123280142,2.1417838758528398,-24.461222914107161,-1.564620190984342,,0.2842889029003853,0.3157894736842105,0,1
0.010164223569556881,-0.99927500964118199,-0.036689830550770401,0.99994796786370888,0.0101891557407757,-0.00049261600658761649,0.00086609726231671211,-0.036682914441281779,0.99932658008462205,2.4752801813099041,10.647858036112853,-0.53499836956228886,,0.0930980507988047,0.125,0,4
-0.10163406131540258,-0.99373169090465063,-0.046560112460364116,0.99479146127945417,-0.10115375547798222,-0.012564486387830351,0.0077759980726840924,-0.047594582091718608,0.99883646790127223,-11.19607121457731,15.042192971562752,-0.47700774867108042,,0.06790721933360094,0.4666666666666667,0,1
0.22917551406273276,-0.97108563664401792,-0.066867556092362029,0.97337267702229568,0.22897848844507646,0.010699694194635073,0.004920912571151923,-0.067539159996930442,0.9977044885567955,-13.167456476792907,3.1733560797964975,-1.0236011467108319,0.3730292085920987,0.482033927461052,0.4522292993630573,1,5
-0.12836423942749031,-0.99140971862591376,-0.025087683238773469,0.99169732637330832,-0.12812332058196527,-0.01099216025556413,0.0076834172237996122,-0.026290388683662676,0.99962481990126062,-10.451043467074113,1.171176164749528,-1.0592371460060794,,0.06745305680902391,0.2818791946308725,0,5
0.70233823879685631,-0.68541437614002887,-0.1921669360329856,0.70930594785861634,0.6966248850636827,0.10769791939680744,0.060050567492076705,-0.21194551774120238,0.97543478862161415,-16.408967955315919,1.8542308811436545,-1.0920679954576153,,0.3127419258213405,0.1794871794871795,0,2
-0.64156853160019467,-0.76022177222493426,-0.10223833085271328,0.76706382590058253,-0.6361389505724927,-0.083308598351474278,-0.0017047742165953103,-0.13187150033159764,0.99126535354826273,-19.990308341460644,-3.5278779383780048,-1.3043017644614083,,0.1323561898242408,0.2307692307692308,0,3
0.95309633268693217,0.2959454636660353,0.063432351006542514,-0.30265014841353982,0.93409654107161888,0.18938463407388959,-0.0032044163250325029,-0.19969961064943054,0.9798519261717471,0.14939611781474413,12.310153045438041,-0.52976769318114181,,0.2126988241305005,0.2222222222222222,0,2
-0.99356949860171273,-0.11316339935345454,0.0037008776138465352,0.11244728402880252,-0.990049042682006,-0.084607927518586076,0.01323857102892591,-0.083647702486171538,0.99640744783742852,-12.908097396809017,6.2102531004053807,-0.92043133704295255,0.2993334159185784,0.2455334179521395,0.8503401360544217,1,5
0.6210248864247202,0.78280886374743441,0.039222101927550761,-0.78367498517950773,0.62101553712901814,0.013900368637448353,-0.013476202917115605,-0.039369855001115554,0.99913382810919238,6.2925434811590444,19.641371019199205,-0.28128050689742123,0.3306374828056049,0.3405245574387161,0.64,1,5
-0.29457105550330759,0.94796866836942251,0.12076132265577476,-0.95559311468873143,-0.29109451384361629,-0.045888813120832907,-0.0083481985576144089,-0.12891620456736036,0.99162035062860121,2.33286483499736,-10.539388986452407,-1.2360524941756428,,0.09785734354238448,0.2142857142857143,0,5
0.57449631913812071,-0.78705145557787715,-0.22473091814322096,0.81849179067001288,0.55409054729257634,0.15183824948545971,0.0050167621576126089,-0.27117092704373336,0.96251813511418871,9.4730230317282071,-7.1251386727174575,-1.1409008492847417,,0.5492533094450065,0.3888888888888889,0,1
-0.3920281062430615,-0.91980899417436224,-0.016290431284250298,0.91990479648309276,-0.39176427332464353,-0.01720231245543136,0.0094408327428840717,-0.02172943585006425,0.99971931175443396,-7.6992970071015394,3.9736635653456238,-0.97137132329638032,,0.0831673906463104,0.3966942148760331,0,4
-0.9998985455808862,0.014076004805019445,0.002182804149938794,-0.01419666174408995,-0.99730301173810454,-0.072008038255668247,0.0011633316602815825,-0.072031721254145795,0.99740166321929336,-4.0481125926882688,-16.151339387572463,-1.377803770832539,,0.09459821287254649,0.25,0,2
0.050127771890656689,0.96181022317186426,0.26908790587346565,-0.99842618648135606,0.055042508466943647,-0.01074580894874691,-0.025146702240548852,-0.26812574822973501,0.96305567154898675,-13.898957553238448,13.790088554469312,-0.52215445109640901,,0.2851000338023173,0.3076923076923077,0,2
0.11500457528690353,-0.99249614618560622,-0.04153730214877905,0.99335334008644605,0.1151049136855906,-2.4177148125561336e-05,0.0048051433049078867,-0.041258437345017752,0.99913695354824428,-17.260527974903148,5.0638787661601485,-1.0545387830118806,0.394780000425083,0.3445524714985834,0.8844444444444445,1,7
0.68558694766145867,0.7230096016365708,0.085015605259109644,-0.72798683533771358,0.68050912431713861,0.083321661625913895,0.0023884662916809291,-0.11901448509509059,0.99288964521054657,-5.1095648638142261,22.879319056023682,-0.25816243993799998,,0.3683705952525215,0.3928571428571428,0,5
-0.34223598438042008,0.92435747109063293,0.16863509905738933,-0.93960694316905702,-0.33597934336790691,-0.065243184920509317,-0.0036501155689369026,-0.18077927555170886,0.98351691911595174,1.2872257940708862,-15.954273597882349,-1.3837019775288202,,0.1970477871536109,0.3888888888888889,0,5
-0.84163926725563354,-0.5349954976140564,-0.073642116659490248,0.5398287756876966,-0.8296362550217532,-0.14243797700404465,0.015107506509163799,-0.15963552827040192,0.98706041424064139,-15.222673073309526,-3.6475946302134918,-1.2168360267192246,0.3696248926748367,0.3776109963116156,0.7526881720430108,1,4
0.74301079556459704,0.66685378011896779,0.056929725236553527,-0.66927936506233543,0.74027989447188836,0.063645968783956869,0.00029862388248601637,-0.085391532260140998,0.99634742787947406,9.0623184813493705,6.0225556086544971,-0.77483632411987968,,0.09052804399213024,0.4705882352941176,0,5
0.97316818897170621,-0.22281960655324004,-0.057402952092982407,0.2285765942595315,0.96479159333607956,0.13011503366153587,0.026389705004858124,-0.13974478295624648,0.98983583442218748,7.6962101731407415,-11.560660304269154,-1.2185381030037536,,0.2982058820985102,0.3333333333333333,0,4
-0.97647005505010953,-0.21419726656990551,-0.025015247038879179,0.21547146931919811,-0.96430284574826841,-0.15392227776126741,0.0088474572539900941,-0.15569056707383316,0.9877662526247627,-0.86598224388308709,-11.478403159945559,-1.2571921729329871,,0.1507979231091932,0.3695652173913043,0,5
-0.98563771783517951,-0.16880003410233982,-0.0049837403330501651,0.16886578763582977,-0.98544656726669544,-0.019478419556433379,-0.0016232519179672261,-0.020040248235352092,0.99979785632090423,-13.214639782432036,9.1051335587637627,-0.77149415366041263,,0.1001661039333493,0.4363636363636363,0,5
0.98178632226011253,-0.18967773176189026,-0.010861652573487765,0.18966854643521214,0.97521371611509833,0.11394757739475798,-0.011020885450658003,-0.11393228679634672,0.99342738743666537,7.0471614822980193,-3.1951418755018963,-1.0665135464041233,0.1796859629359915,0.1680465435616333,0.3492063492063492,1,5
0.11536066461128894,-0.99049072483040568,-0.074966933279810605,0.99305200184165077,0.11676517641981499,-0.014615581204306227,0.023230124810940514,-0.07276000000403636,0.99707890545366606,11.433193688622085,7.1590283517333289,-0.67653090382984582,,0.1333537550173471,0.35,0,2
0.30705731832459915,-0.95157297167312493,-0.014989424421436652,0.95168472651780811,0.30707449187843955,0.0011990622688928725,0.0034618746413314196,-0.014633387125964736,0.99988693331055722,-6.2085534484893259,-4.802085606197207,-1.1926661653520023,0.2458973840452934,0.2367491127381971,0.8369905956112853,1,3
-0.53535493928421196,-0.82239397331768582,-0.19251815923373669,0.84460506081390707,-0.52289899348161528,-0.11497362246815176,-0.0061139374819433861,-0.22415350826311489,0.97453467075410072,-7.2887786037285238,-12.097410894460509,-1.2887499635772823,,0.33369731821026,0.1496062992125984,0,3
0.98833821569526381,0.13651240920041458,0.067468018576223601,-0.1478296613226677,0.96644043664403001,0.21009348788699433,-0.03652345314354135,-0.21761719728366094,0.97535059994695061,-12.344563564950237,10.90792515666142,-0.68484096096776637,,0.340757529852465,0.1481481481481481,0,5
0.90792404758317746,-0.41899674395056857,-0.010754179606219841,0.41910090870298744,0.9078778539386384,0.01059389692719173,0.005324673183524269,-0.014125540223136767,0.99988605199237302,9.7349222512103744,10.440619492939662,-0.49961086236725616,0.1719821184329454,0.1373542144624389,0.5238095238095238,1,5
0.64293203908028795,-0.73985763477605226,-0.19811378898917822,0.76508773867562796,0.63245282467093933,0.12101312612259973,0.035765140182545466,-0.22937764675167402,0.97268018892048325,-7.3900034847713352,9.9276374416972253,-0.65153953754639315,,0.2984011396381465,0.2352941176470588,0,5
0.075611150356101053,-0.996626128567488,-0.031926694135288661,0.99708436602097517,0.075898525293638219,-0.0078854863389196117,0.010282070724198721,-0.031237376887826834,0.99945910637043611,-17.802760014411167,1.673272904101748,-1.124205168535785,0.233637330676961,0.2134862830105384,0.61,1,5
0.12919222180785678,-0.97820931399840194,-0.1625297136868406,0.98930044580899235,0.13835011468206687,-0.046301983646373841,0.067779036187302424,-0.15480886206621317,0.98561666913627499,-3.1170583620679291,10.175679310232599,-0.59879339515791241,,0.2060016365036385,0.3125,0,2
-0.88439646365170965,0.46619301703571353,0.022515904323191716,-0.46673377674730571,-0.88319909337503533,-0.046031979152688536,-0.0015737609565549672,-0.051219452639171159,0.99868618241557583,1.3705568904961178,-3.6663961332511601,-1.1292976424517143,0.190540707737976,0.1664264097811055,0.7847769028871391,1,5
-0.70573472763510325,0.70792066465467851,0.028050432522222609,-0.70847233940220355,-0.70504721851531782,-0.031230817565055601,-0.0023320617004185108,-0.041913628078358842,0.99911851612785829,0.10764150567134732,-7.3469697988890275,-1.2005686964862754,0.2924115830193301,0.2412735694670473,0.6794258373205742,1,5
-0.79097924233425843,-0.60899027969781583,-0.059014213795485077,0.61181317513295264,-0.78630085308653586,-0.086113919717555998,0.0060396134030485408,-0.10421999649281617,0.99453592966819426,0.87312535409199932,-10.159388734640155,-1.2393872600066409,0.6155598481226731,0.7988011728571145,0.6293706293706294,1,6
0.57266693574717809,-0.81814987512720205,-0.051801182720881252,0.81975501267094941,0.57206741847641718,0.027213745030421267,0.0073688467747770534,-0.058048691174502488,0.99828655683132306,-9.9926070937266935,8.4821491311832116,-0.72229376130118017,,0.08256517915431086,0.303030303030303,0,5
0.99979039697792749,-0.020459768743262035,0.00074831389919601139,0.02043706495410132,0.99952485851994333,0.023073438771683816,-0.0012200355656028664,-0.023053309169423726,0.99973349271171208,-7.3381185587510007,17.957136828537948,-0.36994758121127508,0.2059717113814432,0.1831610858408216,0.6521739130434783,1,5
0.98442074350711506,0.1752384376000499,0.014397560223588721,-0.17580947977279721,0.97978983271695741,0.095409174226039922,0.0026127715010798732,-0.096453997801904737,0.99533401415460199,-0.57963376850666171,-22.299557901133223,-1.5282376789616534,,0.1663283709775299,0.44,0,5
-0.15215979549982342,0.988221554222799,0.016295901415034959,-0.98829656388069353,-0.15194930224555347,-0.01346519100142078,-0.010830441129853988,-0.018154044082959821,0.99977654114725445,-9.1371094479935966,4.4953305847761218,-0.97014162363992529,,0.1216653994364093,0.599009900990099,0,5
-0.93884411781944122,-0.33477491791957648,-0.080606927542102594,0.34421524180178026,-0.90605885069222314,-0.2461162863234197,0.0093589394259650203,-0.2588109607691112,0.96588265169149423,-14.93095222110086,0.034245584595786457,-1.1428864886376151,0.3599553717480335,0.278452129760344,0.3207547169811321,1,5
-0.1496426872591102,-0.9726199357220483,-0.17781317944941702,0.98621906151514127,-0.15966190137644024,0.04335942749914716,-0.070562233907849423,-0.16887432571263847,0.98310855619358506,-2.4494397322502084,0.69308011636674083,-1.0508211044868543,,0.2326980264711119,0.2985781990521327,0,2
0.72618784687876581,0.68598673262116638,0.045534752808383643,-0.68745938229088333,0.72524104546683876,0.037749485697240182,-0.0071280253802469742,-0.058716510777679018,0.99824924874315601,-14.475265415902077,3.9940015183408968,-1.0274673791653577,,0.09795911743327775,0.375,0,5
-0.59598102349642534,0.79869469916419511,0.083026484685119861,-0.80234332694074539,-0.58812713478772716,-0.10174310315708988,-0.032431548618726928,-0.12725270469971875,0.99133997387414818,-3.2120534513378685,-17.471720424129693,-1.4126282533708527,,0.1912667602987309,0.3333333333333333,0,3
-0.12428415341890958,-0.99188311182418221,-0.026857804953537481,0.99221597826760277,-0.12402188817045671,-0.011226028910494783,0.0078039528067182324,-0.028043960715491693,0.99957622750242447,-11.901591608232456,-13.409584919106104,-1.3266084350698573,,0.1271469874528451,0.2058823529411765,0,1
-0.89620104671296186,-0.44363637427512925,-0.0032328455901453621,0.443617049474825,-0.89602813611663212,-0.018370974459889479,0.0052533118927955442,-0.01789823196219802,0.99982601286763129,-26.409007662288744,6.2979553295773645,-1.1472558356700335,,0.1147118130916916,0.5263157894736842,0,1
0.277787575571599,-0.96045427787703463,-0.019016912624238134,0.96062917212515109,0.27783365886188033,0.00022730061191178705,0.005065226569574019,-0.018331342316507113,0.99981913632850339,-7.0705624725595566,-7.8307400005528445,-1.2124260707951582,,0.09381376924960623,0.3802816901408451,0,3
-0.099297231839103231,0.94128881053063618,0.32266923454043561,-0.99503062618037708,-0.091531798764928618,-0.039191616169055594,-0.0073561343229549157,-0.32495738949080061,0.94570004880149272,-17.263002120303668,6.8246625892782067,-0.94625960542536336,,0.3992613658064241,0.2142857142857143,0,1
-0.82191454583621459,-0.56612987843798301,-0.062876387321829,0.56960909732304765,-0.8166183005766855,-0.093166664693280388,0.0013984239961256982,-0.11238999912377372,0.9936631886646935,3.680762575739974,2.5978324210613164,-0.96099468142829603,0.2928530822890754,0.2399041323686457,0.3734177215189873,1,5
0.90054731422430156,0.43082880359087078,0.058318752043035493,-0.43417625126567183,0.88427711249321517,0.17188650661861485,0.022483720339088912,-0.18011254902732848,0.9833890135661435,-16.45068338105737,-1.8093679542684946,-1.2060574696884072,0.7811464174078505,0.4008963279057839,0.7707317073170732,1,5
-0.99106723319365142,0.13304734483845748,0.0091729668764348252,-0.13336061137056951,-0.98912839108394146,-0.061967517995804723,0.00082862823238311187,-0.062637289078703348,0.9980360130737379,4.6215550681550503,3.4374434768550577,-0.91005952716553606,,0.06701035110567738,0.2444444444444444,0,5
0.76904774510747909,-0.63886516270685245,-0.020417385352897121,0.63918600199087194,0.76877940149045076,0.020481374536619235,0.0026116286158029073,-0.028801661818914064,0.99958173436314957,-1.1969138455208239,10.175952204899962,-0.58000989427358718,,0.1092148719564067,0.3333333333333333,1,5
-0.9987497082788015,-0.049898013573071408,0.0030345435356359065,0.049794309376865777,-0.99837004124350903,-0.027888841874747435,0.0044211951652314337,-0.027702869687006613,0.99960642457139848,1.0450008609315109,-7.8865523248822909,-1.2023693887411255,,0.08153686608621266,0.3376623376623377,0,5
0.70285942020998293,0.70964287939432047,0.048945062539802318,-0.71123420223688116,0.7022223827429559,0.032087922077840225,-0.011599353023103835,-0.057364700816304431,0.99828590399228911,11.940948520969046,9.2501197629931458,-0.52423753119725902,0.3497190763932342,0.1841671268892136,0.1333333333333333,1,5
-0.92908608836170803,-0.36662730172893371,-0.048820713224032336,0.36887170611697145,-0.90882689490380331,-0.19485209653957425,0.027068521184143421,-0.19904295196382704,0.97961686308190443,11.675937077717727,-13.229091163606835,-1.2317888405307207,0.3260419142546365,0.3254656816105505,0.2105263157894737,1,6
0.91502846655074466,0.38891065299758065,0.10710466556966132,-0.40207783489054233,0.90071014546906469,0.16448297340099019,-0.032501078313302394,-0.19357101496373988,0.9805477765383902,-20.651448084882158,-0.054157095325050759,-1.2515723621750674,,0.2401442159698786,0.4166666666666667,0,3
-0.13279350769441997,0.9904490605313695,0.037101789805055532,-0.99113301659049635,-0.1325249929976404,-0.0096161143502555106,-0.0046073569900578846,-0.038049766405352313,0.9992652238210149,1.9760245691219813,9.460790824377165,-0.55864532285158974,,0.1044497571704032,0.3653846153846154,0,6
0.051784020791733117,0.98419680708433821,0.16933711972168061,-0.99194040966095809,0.031056018907950882,0.1228403328359193,0.11564012656639468,-0.17433349825716926,0.97787278953508328,-24.356523330898852,11.402277328553973,-0.85502381475054812,,0.3796520239086169,0.4666666666666667,0,2
0.99966357913329806,0.020645498689939448,0.015700061727549397,-0.021196475540137968,0.99913497535000151,0.035777233781123345,-0.01494784195399072,-0.036097983547513132,0.99923645730363664,-2.956050389185231,7.3413702399334371,-0.72815636707145814,0.274797016740455,0.2356348973018493,0.751412429378531,1,5
-0.044504843023840758,-0.99716384781490697,-0.060692500017655165,0.99898148019223754,-0.043969088805516858,-0.010135159719505508,0.0074378209410156521,-0.061081747196542663,0.998105054079513,-8.1716691654138369,0.46934677371398537,-1.0812774383146566,0.3049591594465152,0.2783957715886885,0.8233870967741935,1,5
-0.27327419968328781,-0.9609542757308237,-0.043452177645154133,0.96190715944281291,-0.27263614728856278,-0.020103427675592516,0.0074718404772329688,-0.047290708879193115,0.99885322267767929,-5.2413379381231353,10.193155204661267,-0.61835644254426692,,0.0771734726084488,0.18,1,6
0.82554943835317518,0.56426138934939385,0.0087868836483626402,-0.56429726087837506,0.82556896986722605,0.0021159767322374971,-0.0060602145111585933,-0.0067052577772950712,0.9999591558249864,-0.72797011705302017,-10.470967066346153,-1.2470218237407702,,0.06663477288097745,0.2272727272727273,0,3
0.95058130863569001,0.29398085774194138,0.099852045315914545,-0.31044517944716338,0.90450174120738869,0.29240449844491234,-0.0043550235909263256,-0.30895283690899272,0.9510673889559077,-20.320173530196669,3.6609023960770575,-1.1527894404070391,,0.6248909559650562,0.225,0,1
-0.24256351308956708,-0.96979573373660288,-0.025674441453182491,0.97010323545334931,-0.24225455301658433,-0.014575462451681549,0.0079154709646876275,-0.028442334099374838,0.99956409446837791,-1.5386334732355444,14.082049590820631,-0.49918279872067434,0.2704610347247866,0.3090073042118254,0.7176470588235294,1,3
-0.14417765635064134,0.98885146773570087,0.03722335511727539,-0.9895095372076872,-0.14372172497538463,-0.014660884868567904,-0.0091476327137613705,-0.03894663691578925,0.99919941967991766,-0.31458391182038736,-12.87153933034962,-1.2719953016062431,,0.07665000225790233,0.3846153846153846,0,5
-0.25558040694569895,0.9664598750654374,0.025178671012785338,-0.96659435308406194,-0.25492162200167084,-0.026651889652352299,-0.019339394289244537,-0.031149262022339738,0.99932762961102439,13.920780774835775,-4.9696994621753126,-1.0533517454213237,0.3533472476117186,0.3235688467728658,0.1428571428571428,1,5
0.57124050781652713,0.82066847036691681,0.013694669588592353,-0.82074015897968522,0.57130129181894207,-0.00065223002749348476,-0.0083590470459868442,-0.010867185083196987,0.9999060108934491,-8.5083128891068913,6.7989429910946866,-0.82637740505096535,,0.06821699553329059,0.1818181818181818,0,5
0.64622807730277965,-0.75324339852325262,-0.12253021948358483,0.76307485408778197,0.63995245021199343,0.090430241217076587,0.010297531959905189,-0.15193829026551819,0.98833633788641428,8.2577312807148964,9.8910924738560091,-0.50085661783109858,,0.2371854391914643,0.2142857142857143,0,5
0.42582821480717326,-0.9047624095491732,-0.0086783489737593013,0.90478052511490048,0.42586669977483832,-0.0031233628820695469,0.0065217211640269208,-0.0065219851013416357,0.99995746452706524,2.4032763404297963,-2.554486556203126,-1.0980794122930739,0.1648853379196267,0.1340488963704312,0.7692307692307693,1,5
-0.96431311528483632,-0.26413676357208377,-0.018220478021160787,0.26299304652410688,-0.94764328262778819,-0.18112665836480241,0.030575695734085081,-0.17945467121280539,0.98329097820039069,-11.625377202686387,22.88748708737905,-0.28556330250694312,0.6408708317212138,0.3037571861762886,0.4615384615384616,1,5
0.13632311119262994,-0.98996868299456431,-0.037121638497938182,0.99062889935098886,0.13653983608871115,-0.0033551350968610226,0.0083900611089612054,-0.036316385432442089,0.99930512208419697,-10.024023338078079,0.23941469196741846,-1.0917883843836891,,0.07985319951477429,0.2783505154639175,0,5
-0.69171767926928007,-0.72180959343544726,-0.022750011228054954,0.72193400496822036,-0.69034841105678191,-0.04722672783417483,0.018383271114460562,-0.049091569295879003,0.99862509139676703,7.6487401446934298,4.8000420305436071,-0.84950043931536923,0.378806794443624,0.3079809952816096,0.3333333333333333,1,5
-0.35044254092118554,-0.93597175791424303,-0.033865821998359698,0.93655135355439134,-0.34989809549691286,-0.021044831267340636,0.0078477810966379319,-0.039092085574380327,0.99920479441268917,1.6494209181082056,-8.9908273679589961,-1.2180024794337032,,0.1262438502658005,0.5434782608695652,0,5
0.28729779539804906,-0.9574970666847622,-0.025677695564414956,0.95783701163237411,0.28727357288842009,0.0047067469750043207,0.0028698269261366069,-0.025947285214440223,0.99965919316705953,-8.3975506055197009,11.759164759820756,-0.59670464649935706,,0.07598456169343772,0.3225806451612903,0,4
-0.43477507509313418,0.90030930507291185,0.020341811052332893,-0.90051227642711862,-0.43447692648730635,-0.017533977135603028,-0.0069479552249159761,-0.025941386803199726,0.9996393201394782,-2.219621654100707,3.3568926468243858,-0.95160026696712097,0.1605199895464201,0.1114679898938302,0.512396694214876,1,5
-0.47110427690067685,0.88141126485584076,0.034277433846767486,-0.8820584868771616,-0.47048296338445378,-0.024871809201527699,-0.005795344154129912,-0.041951917122009005,0.99910282285454755,0.62717200451516286,3.2697770936111503,-0.94833730778990355,,0.06803205638699664,0.2372881355932203,0,3
0.33636484725164351,-0.88691040678348332,-0.31662062452173922,0.94170963946322417,0.31908039000539024,0.10663329525084801,0.0064532530885538708,-0.33403238623397841,0.94253950605341252,-18.684911766466481,15.446012253843337,-0.54577387004261513,,0.3634695774936212,0.24,0,1
0.91812677801435416,-0.39147042265649518,-0.06159649079392069,0.3962604774949135,0.90869900929426572,0.13131543886048805,0.0045665598084006914,-0.14497247563853086,0.9894251501951784,3.6051809707507276,-2.7108370837411662,-1.0866657883695219,0.3119214801039015,0.164894664419285,0.1176470588235294,1,2
-0.96837232798532213,-0.24946808943515605,-0.004550466554213665,0.24803275071529654,-0.96049910857202958,-0.12617930497883029,0.027106991070415608,-0.1233172120423994,0.99199701423401399,22.098667595500871,-1.5409608571854567,-0.82284413401030221,0.2507802908807141,0.2335496455903211,0.4,1,3
-0.29076467116348298,-0.95500734910194163,-0.058453991860898759,0.95677686834266007,-0.28984421951088463,-0.023840147242392678,0.0058249641719395964,-0.062859299848221362,0.99800539989269954,1.0933989534671575,9.5915784615865789,-0.56559750386995089,,0.07351090051978273,0.2,0,5
-0.91917802027894879,0.38714138529980568,0.072341653452355589,-0.39384230435466,-0.90357601331762216,-0.16863756241610284,7.9603295931976464e-05,-0.18349914426280292,0.9830198663903672,-1.7498480031148536,-16.567173429946333,-1.4011169744097234,0.4760882916977363,0.2761754482009582,0.1363636363636364,1,4
0.90484967564497876,0.41664156575108435,0.087503543777741402,-0.42539874033597858,0.8929603589601276,0.14716558376999894,-0.016821896615450447,-0.17038662803837273,0.98523368841101544,-10.83109002910308,6.7484700831621911,-0.83504840204973285,0.2602034530855145,0.2836198312158864,0.25,1,5
0.41491281900689947,-0.90807320305617845,-0.057012371596355194,0.90984108330825042,0.41450471706860903,0.019366017978473864,0.0060461349818013155,-0.059907407047587201,0.99818562744241979,-21.31169689578552,12.382999056265655,-0.70438633086247571,,0.1717461825592953,0.7142857142857143,0,1
0.53693285128446344,0.84233958911203266,0.046552441677191241,-0.84359283558352849,0.5365760542639747,0.02091090009172018,-0.0073648464802787417,-0.050499055486970458,0.99869695325020669,15.679417381744354,4.7156967939936543,-0.70366737530594226,,0.08081260653610026,0.5,0,5
0.75069936398079207,-0.66054139700157977,-0.011641639319148446,0.66062019824864082,0.75070529467945324,0.0047449137150310742,0.005605228341654658,-0.011252705782972569,0.99992097589149564,-5.5649452661157364,0.20177386090559776,-1.093817518654159,,0.08201497918766773,0.4987531172069826,0,5
-0.15194857630302125,0.9789426442181095,0.13631921908058769,-0.98835059781395063,-0.14928443887485046,-0.029618442069566566,-0.0086444178688990514,-0.13923166177661378,0.99022210558976653,-11.802252167673675,1.9145193812543899,-1.0398758654695712,0.717615030002843,0.6894048268530926,0.4484126984126984,1,2
-0.20536107203429449,-0.97834050454493715,-0.026013213174924985,0.97861689547518826,-0.20495747367774136,-0.017361044730758807,0.011653410806744631,-0.029022252676123302,0.99951083379129668,4.2150104141004494,4.1869225027224211,-0.89677143258812708,0.4135392456777558,0.3987883646300959,0.8359788359788359,1,5
-0.98271772303632854,0.18244997630106566,0.031271120511347908,-0.18485891910400271,-0.97608117317851661,-0.11442343900683577,0.0096465982602396017,-0.11822668697968264,0.99293977341418549,-17.587195506290673,11.10977877362774,-0.78384655806455783,0.6575573284573935,0.5526228221427834,0.6640625,1,4
0.99928924570135014,-0.019836284818664209,-0.032055034397419177,0.021698806576146059,0.99803151855705818,0.058840885104356359,0.030824750101142679,-0.059494619683513376,0.99775258707252501,-22.190007245652236,0.91151966413894603,-1.2565085633871749,,0.2393200794116734,0.3809523809523809,0,3
0.19459195397743237,0.96134871061853799,0.19478867533642899,-0.98062024184893204,0.18605766196288284,0.061371717436044339,0.022757695915643392,-0.20295616033267264,0.97892332910173863,1.3587598201129407,-12.908182313835287,-1.2686799686205594,,0.3532598773985541,0.2307692307692308,0,2
0.61447558727138696,0.75248583232437416,0.23703338329986004,-0.78869863583778799,0.59327662263817016,0.16117478356945064,-0.019344623932680834,-0.28598587584379193,0.95803855055147058,0.58832859240615509,6.8404361133037259,-0.78155714476518079,,0.429156075921685,0.1212121212121212,0,2
-0.14299203955356646,0.96823720533586644,0.20510970437232695,-0.98969747500428795,-0.13837137720594092,-0.036773223142241157,-0.0072238905341335145,-0.20825483469423534,0.97804792276862806,-11.458041565707617,-16.398263336210114,-1.3917536969373565,,0.1131675129351744,0.375,0,1
0.1029543490123839,-0.9940629078711064,-0.035204221540553138,0.99465796265827444,0.10315306142834378,-0.0038708188346844186,0.0074792606537583389,-0.034617641641227305,0.9993726429852241,4.3019628985627243,-11.046316832477865,-1.2320359881837504,0.1643887965129551,0.1596436504220228,0.5348837209302325,1,5
-0.39287015595732322,-0.89749942958517648,-0.20036919536783013,0.91912388611075524,-0.37626901488884662,-0.1167600548785432,0.029399362896702086,-0.23003565447308408,0.97273803006380299,-4.9868544328199684,15.775432525863499,-0.45579258157593411,,0.3967640065904666,0.25,0,4
-0.77084480786363174,-0.63678165974806189,-0.01753282630336293,0.63701288444897253,-0.77038558795273882,-0.026844569668975613,0.0035870929288432823,-0.031861633404711424,0.9994858523666571,-15.335152976152768,1.8412381918413638,-1.0787897749615425,,0.08900198370121551,0.2068965517241379,1,5
-0.68803407270182804,-0.72550519116070755,-0.015853466504241465,0.72564500008661181,-0.68762867776364456,-0.024619816537155878,0.0069605064928490333,-0.028443261344074561,0.9995711741709421,-10.281467611066597,-7.281084009548521,-1.2152674157952152,0.1915702532158856,0.1560283275510167,0.7617554858934169,1,1
-0.4658821904163486,-0.881331884281083,-0.078790192298412484,0.88482710515755258,-0.46342780101696729,-0.048121380103689888,0.0058973410424339361,-0.092134591734775936,0.99572909888909811,15.78395700192433,2.7689788387971301,-0.75997222376698725,0.7574322935320468,0.9069688947630178,0.9831223628691983,1,5
0.5716519031179097,-0.81158677769444298,-0.12058608515588845,0.820480786919354,0.56633626070794285,0.07793919491208047,0.0050378525058009304,-0.14349265513919607,0.98963855925445521,8.5314279105072792,-26.61609466234232,-1.5241192165927486,,0.1818719440491758,0.5,0,1
0.23431081122496469,-0.96488554371360746,-0.11871954883503689,0.97213552441085171,0.23344760789227778,0.021324552698977973,0.0071390420601869856,-0.12040806410647545,0.99269881241824476,-14.229488716194773,5.2601415679074979,-0.99479721407091359,,0.1519738412865158,0.4782608695652174,0,4
-0.28494157732048142,0.93214865754918652,0.22339914445531284,-0.95852460830569752,-0.27557311729840583,-0.072732608195009318,-0.0062348044496814805,-0.2348581215365752,0.97200966557014534,10.198172374963713,-2.4408730465130346,-1.0054907073815991,,0.08484513889377279,0.3571428571428572,0,5
-0.40037629634129335,-0.91611467413392433,-0.020802047123386701,0.91634803579422985,-0.40021596583825036,-0.011552401664357613,0.0022580133053081738,-0.023687222814236891,0.9997168683438642,-13.714672592900142,7.8435198248555391,-0.81190959460684631,,0.1745039546295565,0.28125,0,7
0.97781283943038233,0.20255799908701505,0.053407003763162035,-0.20944872793333186,0.94979262049286872,0.23243323433708621,-0.0036443671882426978,-0.23846222984605858,0.97114493435565152,-26.514706131688246,8.8877889758562407,-1.0264130458830978,,0.6306443517362406,0.3191489361702128,0,1
-0.15443809709136536,0.98503811118368267,0.076477406352988692,-0.98799141966457305,-0.1536069635388895,-0.016668995816892292,-0.0046721339855879344,-0.078133349269338501,0.99693196904100534,-3.1573100356455521,2.7879206957493601,-0.96906087868679991,0.5745208570907467,0.5806788218453441,0.9216101694915254,1,4
-0.97587869581902875,-0.21817154220652232,-0.0078707825392553502,0.21826140646501274,-0.97422437232014536,-0.056998515992386041,0.0047675459585675801,-0.057341525517267844,0.99834323754753118,-9.1080901308502042,11.238942335093622,-0.64325733596649526,0.5978620936183514,0.5217200774088149,0.9706840390879479,1,5
0.51391123421044382,-0.85783469973715143,0.0038563297537942461,0.8577460752902808,0.51391545926545135,0.012750335372077972,-0.012919507591954678,-0.0032447888763195163,0.9999112748982929,-16.468443334711655,15.645456524236398,-0.51695419329790293,,0.2037711576036593,0.1785714285714286,0,3
-0.99267638349726761,0.1193507681228439,0.018681322096458581,-0.12080374352655872,-0.98102857302543001,-0.15162253941171491,0.00023064421499284336,-0.15276888772317082,0.98826191556037923,-6.7777465166022548,-13.349744116952204,-1.3063648329608499,0.3231124647558825,0.2813847624027506,0.5466666666666666,1,3
0.99805057080558779,0.061710711235204219,0.0093191326573348384,-0.062125561168681794,0.99660712177105237,0.053987586394417392,-0.0059559016207575638,-0.05446129776330659,0.99849811931811849,16.161858530611813,12.487241395053259,-0.45108661486620399,,0.2051716169188605,0.4666666666666667,0,4
-0.55722835463763909,-0.82903309094865929,-0.046911564671648469,0.83032647065527054,-0.55581404669972445,-0.040357126018085915,0.0073832863274135617,-0.061440048855688191,0.99808346719080498,-17.309976061233471,-3.0458928866933159,-1.2391739157888777,,0.07588040683564636,0.196969696969697,0,3
