axis_00,axis_01,axis_02,axis_10,axis_11,axis_12,axis_20,axis_21,axis_22,location_x,location_y,location_z,dbh,dbh_approximation,score,reconstructed,number_clusters
0.99216458707938915,0.097209145150616266,0.07848448410146272,-0.11211592776913493,0.96994192816324964,0.21596915226815502,-0.05513121516938,-0.22307630553253696,0.97324072614328228,-10.961528235336269,20.140673064738117,-0.24887790233733292,,0.4221098497828864,0.2222222222222222,0,3
0.75874877236189786,0.62019252239911271,0.19915204141443835,-0.65124402004776072,0.72858613628837487,0.21223446553377998,-0.013473187868665451,-0.29072921622809617,0.95671050795946211,9.4713388708024659,3.4777332672157573,-1.6473198328583343,,0.1980210163383391,0.5217391304347826,0,1
0.9557380418177529,0.28992755892800026,0.050068013705534889,-0.29276695822860843,0.95403562318316981,0.064058862517759288,-0.029194239019625156,-0.075881751900913647,0.99668934785945851,-4.9614027939755596,-11.060763221889268,-0.89186206697612147,,0.07241675964591839,0.3125,0,1
-0.95908068506963273,-0.28200391829431498,0.025259247673237655,0.27910185268327453,-0.95665667578510383,-0.083127375181462473,0.047606673430606157,-0.072675957114091069,0.99621875604830046,10.185986047883059,16.375592660316521,-1.2462425511938475,,0.1298206283785266,0.3846153846153846,0,4
-0.18115775603669321,0.97610324297001061,0.12001802569272411,-0.98330658778632885,-0.18188999964953798,-0.0049175647935745578,0.017030027708664547,-0.11890537031993346,0.99275953335403566,-28.749531125570105,-6.9800654757758229,0.32584910317843446,,0.226575293352083,0.7735849056603774,1,3
-0.9989316159514483,-0.013895323950107095,0.044074330680668995,0.01216674767533074,-0.99915541685540477,-0.039248225686095158,0.044582473054242018,-0.038670052247487409,0.99825699604638063,21.05522017053422,-4.3131455645232828,-2.0631054468235894,0.5142038239929998,0.4428958656461608,0.4166666666666667,1,5
0.83889666391817519,0.52983749857833495,0.12459780241725942,-0.54142349234182752,0.83578450369185164,0.091240699958655219,-0.055794168219774315,-0.14400169613174457,0.98800330075554166,13.277218481969779,-36.474247183491151,-1.6113426817753671,,0.3782968824233992,0.9411764705882353,0,3
0.88417215012671158,-0.45493970315496074,-0.10615778555332281,0.46512847065215673,0.8361188506338566,0.29079335171820153,-0.043532915467434902,-0.30648839147347157,0.95087841029382414,3.6477472161161368,6.1879987945989203,-1.159703282618691,,0.1258126982555951,0.4210526315789473,0,4
0.91317534936077227,-0.40652733222802329,-0.029091398580983023,0.40646840519199268,0.90315409772713817,0.13818868021425318,-0.029903459674583497,-0.13801523071837143,0.98997857511627263,-10.628076673578736,16.095703580049697,-0.27051534978278413,,0.1425215864699734,0.3870967741935484,0,5
0.42465336361599015,0.90163737467909522,0.081972954999904146,-0.9053393617246851,0.42235213922505116,0.044489443736296957,0.0054918923485197235,-0.093105934686322306,0.99564106185141865,-12.774272072457133,-6.6534359036254829,-0.49977098527879582,,0.06686759681033534,0.2952380952380952,0,3
0.94306503608122927,-0.33124073311317836,0.03013161873768521,0.32946881513355936,0.94273985943510474,0.051883111768352023,-0.045592077991659437,-0.039001719948266053,0.99819849141615058,7.7890812926835915,3.1823508497688175,-1.5630685012550054,0.4303750479997321,0.3735782537906746,0.9511278195488722,1,5
-0.80843583213340342,0.58189271503810602,0.088500697784552163,-0.58855097500913833,-0.80080003206238382,-0.11102728702745837,0.0062653921316898438,-0.14184560914764491,0.98986896507920141,-18.336860510183847,27.816681102375796,0.072736378308998276,,0.3958032681976585,0.8979591836734694,0,5
-0.49753938091859484,0.85882506580006779,0.12195929972187083,-0.86665141098505794,-0.49814769243220319,-0.027644318802930831,0.037012109812172324,-0.11945033644983559,0.99215004956370956,3.6697781634714621,16.006478017918607,-0.95579715766236206,0.4127111514198272,0.3610185516619008,0.9587628865979382,1,5
0.89940777608638334,-0.43675778071697408,-0.017558282903778279,0.43347434784915972,0.8860354595506601,0.16444194773717555,-0.056264038888895744,-0.15551143174067264,0.98623047637247274,-13.222700769730604,-8.6231126540262508,-0.41720943942182048,0.4002379749684559,0.3525008165667509,0.8847058823529412,1,4
0.9505320588153725,-0.31050494272558921,-0.0086882511007023728,0.30750785460333108,0.93666732084533089,0.16761040963403243,-0.043905859762301339,-0.16199077320455665,0.98581502568946699,19.738577238549208,1.4596103955972544,-2.0084607502934899,0.6108129892930608,0.3527205525366519,0.3191489361702128,1,5
-0.99495378442761262,-0.098982643997871891,0.016413501770281641,0.093928006875843642,-0.9763966365373028,-0.19449199902046052,0.035277420221778745,-0.19196886295916291,0.98076677109120236,18.941005256996132,-28.934970470300218,-2.1460232599756131,,0.32239696976173,0.375,0,1
0.62697179699282957,0.76897153482396297,0.12485649524979006,-0.77900397865408877,0.62041941902578013,0.090733377192816045,-0.0076920099247485491,-0.15415097510619991,0.98801736313544886,-14.012497448158205,21.193048168579832,-0.1069606189110309,0.6187334410199241,0.3946336285819492,0.1428571428571428,1,4
-0.087961519816217734,0.99405191864135101,0.06421490541198803,-0.99573671358954363,-0.089541589264513527,0.022151771980617335,0.027769916123698196,-0.061992635348358936,0.9976902048837849,-11.40713022702786,15.155476519403647,-0.253436098056396,0.2634518831199451,0.2497982917780285,0.8450704225352113,1,5
-0.73969642309304084,-0.65825137743279183,-0.1398367826117051,0.67282909801380641,-0.71964536664327661,-0.17149796248000132,0.012255877336561447,-0.22094268572798778,0.97520978414596238,0.63774423213905684,-13.320627222462033,-1.2583768862476978,,0.3456914439552032,0.2604166666666667,0,1
0.68446330219838869,0.72339667012448994,0.090593849661425294,-0.72899391747978992,0.68061242356232932,0.073038326720165997,-0.0088236172370713458,-0.1160344196581872,0.99320599939460763,-29.008735372487379,-8.0756535306838568,0.38514732201797081,,0.1165049274985996,0.2666666666666667,0,2
-0.051949576632047564,-0.99841393872815321,0.021699042400217312,0.99845184843713874,-0.051494513783547531,0.021029060907642706,-0.019878325890586013,0.022757899804934412,0.99954336081845696,-21.788283875769089,-3.8690831415889315,-0.049417050528990605,0.1262184906577907,0.1161793137242947,0.5641025641025641,1,4
0.32523780737062213,-0.94326440887150642,-0.066877676492523852,0.94562953310345521,0.3245922829713967,0.020606696920157586,0.0022704139033441059,-0.069943582920132211,0.99754836495731025,14.679310735730674,6.1846410594284533,-1.6953737849591202,,0.1280093066709113,0.2857142857142857,1,4
0.8338278651254295,-0.55124264787013044,-0.029370640263648853,0.54908477665672828,0.82272900538977489,0.14704724320497711,-0.056894634054541933,-0.13873906032361655,0.98869331633035762,-13.221698106577559,-1.3274599161421328,-0.45384419298356748,0.5000005012817564,0.4173847897425536,0.2857142857142857,1,5
0.7081767554012669,-0.69415514736262007,-0.12897408460351056,0.70472537808132518,0.68384707877480422,0.18898495797099962,-0.042986330355912587,-0.22472606489044911,0.97347335410959579,-39.627831334543494,4.2403758175339448,0.47865358737750285,,0.3105003504601127,0.3571428571428572,0,1
0.98257696767299341,-0.18151256968065352,0.039946084244511702,0.17672345570129613,0.97900555691672919,0.10157233743079939,-0.057544094427975645,-0.092743229262787816,0.99402584001743777,14.84395897679693,20.076504488756296,-1.4010039723576062,,0.2691993593148458,0.5833333333333334,0,5
0.5836712329028706,-0.81191459490882079,0.011071696152312276,0.8107536098681748,0.58348045354437417,0.047213815958635871,-0.044793704550612115,-0.018580928547775443,0.9988234444219537,8.2872259528295711,8.283737513991186,-1.3076435929208483,0.1867954063124093,0.09179760475065335,0.3783783783783784,1,5
-0.97336689626423689,-0.22814754864801848,-0.022485135152510726,0.2268995573519087,-0.94471297481216077,-0.23671498916432412,0.032763945587100898,-0.23551240151520317,0.97131891395262548,-19.723817432986657,-1.6236232039297116,-0.14414936299509998,,0.1646623417923056,0.328125,0,4
0.19692351328157651,-0.97772708930998875,-0.072600748937300189,0.98020801904307919,0.19480499222400369,0.035259812935513286,-0.020331485938866495,-0.078107322537787502,0.99673761685084139,-14.610212506527871,-6.8197165105375444,-0.37944684647553167,,0.2704451384992834,0.7272727272727273,0,4
0.89197716340988609,0.44751036026701668,0.064118775791007332,-0.45187334772209203,0.88684829403792331,0.096491351842814932,-0.013682747300225397,-0.11504164817886411,0.99326643032502016,15.085743348856884,4.7613293888769475,-1.7858152884160836,0.6564562386857337,0.6112564252898993,0.7355371900826446,1,5
-0.47565463446883965,0.84646877234329676,0.23925569200323535,-0.8787993750647054,-0.46912104408070171,-0.087390528013717536,0.038266527072604584,-0.25182546227152042,0.9670158268909238,0.84748657406111705,-2.1594005861493781,-1.192079125573166,,0.2904220614683058,0.2807017543859649,0,1
-0.92375309749451262,0.37665667772041317,0.069353889565856627,-0.38049250538660867,-0.92320076638083104,-0.054090648900404686,0.043653959888122651,-0.076355039666455987,0.99612461053003754,-2.8207587553627547,8.3940223033125179,-0.75898005444464056,,0.08955466611437678,0.3018867924528302,0,5
0.80533702308644328,-0.59141813015878952,-0.040704724120760961,0.59118113152044849,0.79612113095607084,0.12921305885795673,-0.044013054659595298,-0.12812392502849929,0.99078106100935515,13.71776540842203,-15.140921683086761,-1.8172526049186233,,0.2926748982079446,0.25,0,1
-0.42944731259285501,-0.89175224117178575,-0.14266375177974397,0.90307981106554069,-0.42323141193682062,-0.072952222692620583,0.0046755269866625131,-0.1601658899861737,0.98707903793583562,8.9625433058610202,14.597257028881311,-1.2013222855934029,0.3374507706542192,0.1317226258972097,0.2758620689655172,1,3
-0.41186316634889547,0.90789778011748257,0.078040714135696229,-0.91051039478376317,-0.41345863211549633,0.0047728942894962227,0.036599907046030479,-0.069091102082179112,0.99693874757544254,-13.949597898321802,-9.2670776675232958,-0.34023277099122345,,0.1208520185531647,0.3076923076923077,0,1
0.28387503534327052,-0.95579340806086666,-0.076641538451746205,0.95854878023707601,0.28083404505758869,0.048129772933246127,-0.024478566438222348,-0.08712749419090314,0.9958963799216981,14.190403232592979,0.27910158661785744,-1.9055659936347562,,0.1020744424708819,0.3333333333333333,0,4
-0.85574115607595191,0.49363821836222876,0.15501091306729736,-0.5154814916527396,-0.83920416620973293,-0.17324895145337402,0.044563500325482869,-0.2281615146960404,0.97260290851423481,8.5753583710524293,-6.5263044038102374,-1.5844915621239466,0.2378451977965022,0.1577101910643714,0.3260869565217391,1,5
0.22837156213199283,0.956336140548526,0.18239412241117545,-0.9728358940162074,0.2168640081453645,0.08099583498436215,0.037904523781206428,-0.19593669450074136,0.97988369658089669,-5.9203191334216481,27.703540296484075,-0.36436190802431162,,0.2338906244698583,0.125,0,2
0.6583561683214576,0.75092497556151383,0.051757479759241352,-0.7526670538271294,0.65746787549862551,0.035047093610067893,-0.0077111423458292253,-0.062029620063833217,0.99804452030881796,-13.243091650156909,3.4378175297400726,-0.39765358960012936,,0.0853739418084765,0.4027777777777778,0,5
0.83336796533799284,0.54190908303938434,0.108776744149787,-0.55248651368086021,0.82242917909838342,0.13553190608978033,-0.016015197444411371,-0.1730456329612908,0.98478359164023632,-7.267234976992281,6.3664304509787506,-0.57181038673767204,0.3499742004004051,0.2400429860076023,0.4879227053140097,1,5
-0.999029966710829,-0.023966053741688951,0.036942575462621995,0.023357525333437153,-0.99958572411789925,-0.016816841260895339,0.037330304366009211,-0.015937641222802931,0.99917588039753813,-7.4356162140657664,-0.60516178841370227,-0.73292235138648876,0.4287621801749115,0.361571441217878,0.9862595419847329,1,5
0.81381543014799096,-0.57878369927010198,-0.052094866467402662,0.57995193434351278,0.80321553301201798,0.13601676874355409,-0.036880882639355475,-0.14090506373951248,0.98933592045791285,13.490942638616364,-7.5445220336601411,-1.7957320765057097,,0.1403620300437573,0.2758620689655172,0,5
0.7487695348094453,0.64362791446429257,0.15838968231420195,-0.66210069421189244,0.73748676775151045,0.1331763421766852,-0.031094283483926458,-0.20458830639549416,0.97835411299837971,16.244879815349449,-22.482888871153293,-2.0418424203745755,,0.2509603915356632,0.125,0,4
0.86130759154744907,-0.50760547152779223,-0.022043548212133293,0.50655204443294077,0.85453579238511512,0.11477632950026015,-0.039424091917773997,-0.11002392834193768,0.99314675459806423,19.39826210427292,17.742129364084835,-1.6712393118483215,,0.248792581218173,0.4666666666666667,0,4
0.92539822115847192,-0.37075470857867887,-0.07860711382232087,0.37648481087835894,0.8754384990962758,0.30309507003240199,-0.043558230618594818,-0.31007802303097731,0.94971274613884094,-22.592616434236373,-0.20690591884247467,-0.064547822821671777,,0.5748858208733505,0.5294117647058824,0,1
-0.037912862073225022,0.98066231832920481,0.19200008411093561,-0.99871899761503802,-0.043628890100812813,0.025629743490432018,0.033510874238532717,-0.19078243461535166,0.98106018365338243,11.851745598527009,22.568999190206274,-1.2440917388993795,,0.1891703219628534,0.3478260869565217,0,5
-0.82400226673660859,0.547660170861896,0.14521915047420514,-0.56634424441461639,-0.80363094686240832,-0.18284282338518704,0.016566871502137002,-0.23290693097576162,0.97235790749707163,-3.5894571516655147,11.043491104506932,-0.65014044646899782,,0.3354654387939267,0.1886792452830189,0,4
0.24141776683207156,-0.97041030541714413,0.0046153004257703601,0.96984721628529036,0.24143578957468992,0.033243594512619296,-0.033374225406574864,-0.0035494580784537553,0.99943662251583532,-9.8324537146899349,-4.8015912935272977,-0.69018205941238675,,0.1169333774274778,0.359375,0,5
0.94642367512617187,-0.32202869979029236,0.024077866849978178,0.3199635939896503,0.94520561482479348,0.06488177112958593,-0.043652327336554997,-0.053701603468234556,0.99760243188508912,-8.517582967300326,6.1318531329051096,-0.52974487007920412,0.2360120710779495,0.1921021266768276,0.5094339622641509,1,5
0.37133269329049329,-0.9282871090054815,0.01987647221903855,0.92777242721042363,0.37180396328797216,0.031624929904052738,-0.036747165900355913,0.0066974724786429901,0.99930215133396472,-3.7457110955157011,12.13668941877582,-0.62311220317023863,,0.1023829772330491,0.4444444444444444,1,5
-0.99133494018643842,-0.12844242179340232,0.027524182992374632,0.12682423725717162,-0.99044675575331564,-0.054137204045556005,0.034214751346292829,-0.050177368420227526,0.99815408754797652,13.480898439294355,-17.655083191942836,-1.7960841252179314,0.3306407129901865,0.1770673664725386,0.34375,1,5
-0.98195100264555879,-0.18912554485480113,-0.001938217417289068,0.18706456963706303,-0.96963597123790934,-0.15752120513764856,0.027911918419959349,-0.15504067712987893,0.98751370281390349,-31.183053179018696,7.5222014581572285,0.22135587380696092,,0.3337133383397016,0.6666666666666666,0,5
-0.62085842926780666,0.77667089480999818,0.10638200957938881,-0.78236341578172131,-0.62244657032910478,-0.021627591911564017,0.049419595844868602,-0.096657065135313136,0.99409009415945715,-17.726925730759454,-11.881649854988037,-0.094993040175917101,,0.1320758367532268,0.3125,0,2
0.49223174632578071,0.86621672452022103,0.08588651856101609,-0.87046417482619731,0.48981081901150159,0.048759429072026614,0.00016808694182911585,-0.098762076429881454,0.99511106114143788,3.4933466253058669,12.064108772323067,-0.94608600772322704,0.2590978040874778,0.2340473661987752,0.6736842105263158,1,5
0.59176509677189482,-0.80312337948840451,-0.069331865413201937,0.80292517078492809,0.57960425903343271,0.13917640974784554,-0.071590784061528093,-0.13802804146053146,0.9878375470734172,-3.3476932307490221,-13.254426711514506,-0.95866026162653628,0.3404198297850117,0.3574973484618742,0.4583333333333333,1,3
-0.65701797427310316,0.73687255730804135,0.15920494894436271,-0.75363446388970279,-0.64732855573460235,-0.11402120753717916,0.019038810880683352,-0.1948963191465227,0.9806390510597609,4.5073974542603112,-25.433567362688791,-1.2711389700026845,,0.5120945892946941,0.6756756756756757,0,4
-0.97027048600971388,-0.24118794737535412,0.020088753553574167,0.23778543080178943,-0.96545666563139565,-0.10654349199418399,0.045091827162804278,-0.098599192840361366,0.99410508815434018,14.913372497773953,-4.2122710834393073,-1.8634230211317793,0.4411694049582453,0.4628285090144542,0.2162162162162162,1,4
-0.31328694737542523,0.94714010147250949,0.069115242796593424,-0.94915187540058799,-0.3146664374895789,0.0097852205475584281,0.031016222009376707,-0.062535280444413754,0.99756069122234559,-2.221227868133111,5.1814016547986448,-0.92919603225721725,0.2405948807383289,0.1832918960576112,0.7857142857142857,1,5
0.043415591664578229,0.99421996576305927,0.098192393180521906,-0.99885393942327116,0.041214600874295126,0.024334427739054219,0.020146813619759021,-0.099136352327872906,0.99486988573787727,16.460142673474508,1.6607358791430706,-1.9242222281144414,0.2150246840430066,0.1928617853855832,0.3214285714285715,1,5
0.32053058272441654,-0.94710989358293807,0.015588297394590426,0.94666287672465765,0.32086599320549525,0.029570462215655846,-0.033008231848165981,0.0052786249693879518,0.9994411402122142,-7.2162728392307942,-8.8257807573474807,-0.78926304202233166,,0.1447349819638765,0.703030303030303,1,2
0.91095578846079839,-0.41146272301767534,0.029291279191001621,0.41016659066575067,0.91105600035755407,0.04171728795273523,-0.043851104563055299,-0.025988300817418292,0.99869999942386289,-3.6717319680489493,18.412613170485582,-0.55595484315540322,0.475614676367616,0.4398377340420154,0.9090909090909091,1,5
0.97597201744397422,-0.21621403651674306,0.027020576964171719,0.21143187074553046,0.96969022428686813,0.12246400677558572,-0.052680026569711373,-0.11380843262088243,0.99210506271513121,24.942493916736243,17.305235606118728,-1.8966580453784567,,0.2851925819540307,0.1666666666666667,0,5
-0.95929339370143463,-0.280806790528348,0.030062122246318868,0.2804452660803759,-0.95974128396981506,-0.015720069245338506,0.033266161995206517,-0.0066493787032726407,0.99942440846167513,-4.1450698142148976,13.337138340950315,-0.58762105631867101,0.2506803700796701,0.2510997249539962,0.819672131147541,1,5
-0.05959329089759241,0.98629681601502484,0.15384157565047246,-0.99807725317311224,-0.061503880835318506,0.007685658111778613,0.017042194060951577,-0.15308776358945242,0.98806563560361194,15.608227403621033,-20.62786787230737,-1.9621627461248625,,0.3155535709197042,0.525,0,3
0.17350652690414647,0.95021129990027031,0.25883193516932679,-0.98469809470878944,0.1630386182766155,0.061547308855315397,0.016283347276903105,-0.26555017321080765,0.96395952099098514,-7.2018099498765631,21.89319145695913,-0.39385505985192648,,0.4782663528824253,0.3478260869565217,0,1
-0.96841686465285981,-0.24803719272117611,0.0254229676261917,0.24743675595711484,-0.96859215755765971,-0.024582191098777722,0.030721784735647888,-0.017515231793948156,0.99937449867297523,-19.035812163941021,-11.498752624146311,-0.021818274264740534,,0.06568639847102553,0.2857142857142857,0,1
-0.67318887928686666,0.72038595600455535,0.16691556906380953,-0.73837945747666622,-0.66710483006043153,-0.098827741482372902,0.040156065307202643,-0.18977676386071562,0.98100574428369047,14.273749933573066,-13.880071583316882,-1.8116828835899075,,0.2016101109798213,0.2272727272727273,0,3
-0.99957882447072688,0.019306204139217936,0.021666659905352326,-0.021492572909941585,-0.99416692236678983,-0.10568916586602423,0.019499819984558936,-0.10611032444338288,0.99416314358715263,14.584767387451544,-11.670305213878835,-1.7775776277869153,0.3626632632879514,0.2577804927916053,0.25,1,5
0.4943405813456776,-0.86926582084751769,0.0020790240758703617,0.86820607289269025,0.49385329268389433,0.048240442551124266,-0.042960500777688239,-0.02204218708673477,0.99883358842269776,12.995342253387214,-16.246636167194946,-1.7924403152173354,0.2991535439043774,0.2666828439482523,0.391304347826087,1,5
0.53123475573353973,0.82961207818826177,0.17185294302071247,-0.84722167143879645,0.52072859954861139,0.10515305538401762,-0.0022524975425027541,-0.20145849531924828,0.97949446191314715,3.7936728655606049,2.6011914502177627,-1.3510673098232771,,0.1359281009610638,0.2272727272727273,0,3
-0.86985459808505161,0.4910754945636725,0.046881092450350902,-0.49328463446836518,-0.86494743177547273,-0.092391610346535022,-0.0048215752306992599,-0.10349298963726482,0.99461849646396394,17.133685788013246,6.387087547182694,-1.7599985648811809,,0.3180864588657671,0.2173913043478261,0,3
-0.91098421412750663,0.40866524908840202,0.055681916256570554,-0.41019557257220285,-0.91179835848898383,-0.019061628969153838,0.042980854489552155,-0.040205318607236126,0.99826658689101611,-9.8398315453383329,-1.8982825055412156,-0.66199801534220604,,0.0712612071876956,0.234375,0,4
-0.19528739755318356,0.96803848774314427,0.15736682815915043,-0.98027920837033211,-0.19761558446863808,-0.00086856891149192047,0.0302573295870649,-0.15443305029392299,0.9875398356436943,11.482344051100984,7.6485180669588093,-1.4484524095732516,,0.1749861318763788,0.3846153846153846,0,5
-0.97470266193033461,0.21594101819369535,0.057655853886579768,-0.22190772268062506,-0.96577188670904823,-0.13431911798826487,0.02667739568659833,-0.14371548108647422,0.9892594083734888,-6.1640848365564409,30.532690785516419,-0.30027067181901962,,0.3554164904778679,0.25,0,3
0.83716068672365707,-0.54637854069732561,-0.02514905306044762,0.54575459576391172,0.83138963774413555,0.10460971013364766,-0.036247838652059043,-0.10130034806029685,0.99419531968115704,-16.855205656790499,-4.9216715612521265,-0.267858691715051,,0.2111107792486522,0.3958333333333333,0,6
-0.2644656002355058,-0.94390753065120603,-0.19772839925517996,0.96430481670740076,-0.26162876419735287,-0.040824137706413584,-0.013197225730427867,-0.20146702788423776,0.97940638649567302,-21.390172183834803,2.2917011913217311,-0.1302841082367604,,0.1334455426132541,0.28,0,4
0.15078061223136816,0.94547344385669263,0.28869564239333551,-0.9884171721998507,0.13909739524227407,0.060691089438789855,0.017225001468399167,-0.29450277010340936,0.95549537818130414,14.978060279345179,4.0265751434557462,-1.8146256741499023,,0.1440227211233144,0.5185185185185185,0,1
0.1687552962984592,0.98265532361801233,0.076877597103439402,-0.98551018898183418,0.16686537163009552,0.030423924200200646,0.017068022269983874,-0.080897853592846625,0.99657624891418184,3.3166134087793964,4.6550884361270883,-1.2532750364163867,0.737829205199097,0.6439821392447929,0.9829721362229102,1,5
0.99251891663145164,-0.11965731533620289,0.024255453309779865,0.10986998828429524,0.96200384920751103,0.24995435540182598,-0.05324270657225489,-0.24541947965975722,0.96795376604484362,-15.467549529980761,-8.9357532304288902,-0.25410212323864317,,0.4746357567843069,0.1296296296296296,0,3
-0.7892311726078336,0.61032264701644967,0.067973691402616748,-0.61239503722184652,-0.79044183378392052,-0.013191883503365323,0.045677944022440159,-0.052038196962878751,0.99759989549254435,-13.272113510103079,2.4692231803970959,-0.40962998973524295,0.4405769992391381,0.345437531782513,0.9643765903307888,1,5
0.91010672918264557,0.40877790087123078,0.067870238365410493,-0.4134465500352188,0.90675852846476801,0.082770292499089418,-0.027707251044497106,-0.10339051608208401,0.99425485134538727,8.8230200460844195,-4.3921151347966596,-1.5757231186543101,,0.06635015097196413,0.4285714285714285,0,3
-0.84125030516908972,0.53442878196420629,0.081754517068892918,-0.53804907319199202,-0.84238544101148138,-0.02983225786175607,0.052925597683459655,-0.069084338168262024,0.99620592014387332,-20.57359069614251,-5.7155652666771992,-0.079071938240458411,0.1737515310679036,0.1045121673287539,0.4583333333333333,1,3
0.501786752511173,-0.85677401888880278,-0.11894677617076604,0.86496877672839656,0.49601315176735888,0.076157524636707025,-0.006250623110586228,-0.14110008444695687,0.98997560367909543,6.4400668918897388,-12.280692075242641,-1.4809554300684045,,0.2138131141758636,0.4444444444444444,0,6
-0.18092541982695934,0.96893494338414099,0.16861514745007408,-0.98283558710972896,-0.1844124905058982,0.0051227000777784798,0.036058302388123638,-0.16479414077746735,0.98566865121819869,5.0025070930228823,21.955493491503013,-0.97634799108940173,0.6230441958530557,0.5730540423604598,0.8403361344537815,1,5
-0.9630971286991673,-0.26915309180821756,0.00073065826287904896,0.26821502485327303,-0.95995998389788406,-0.080854992163335818,0.022463773823159259,-0.077675237269364927,0.99672560736682714,2.5300846318264445,21.602933905554977,-0.85574026320858487,0.3723896417687658,0.3375290432497103,0.8596491228070176,1,5
0.43744022841266222,0.87975702948285073,0.18620852730685705,-0.89849208469683639,0.41911373539621805,0.13059728381311048,0.036851327023745342,-0.22443539354954603,0.97379193558934818,-28.623643757804299,8.6108170770786252,0.13500844774992113,,0.2500171700310833,0.9032258064516129,0,4
-0.36363964893781114,0.87954255633514333,0.30687309643536326,-0.93071889504650762,-0.35686525898552607,-0.080059511193877969,0.039096599900690837,-0.31472540177849606,0.94837723367422255,11.748371935359085,6.2721930311573661,-1.5734635407839657,,0.4308242686900001,0.1428571428571428,0,3
0.77145251996261921,-0.63535021136663195,-0.034512582628681197,0.63503695053942821,0.76540546106254692,0.10431946906121976,-0.039863277498335806,-0.10239428251619818,0.99394483248069887,-27.324707352128321,7.4256101578877516,0.1130045796173295,0.3639285140444082,0.2147591784738913,0.391304347826087,1,6
0.68094283854305759,0.71056462607552784,0.17724210224173415,-0.73233191663985242,0.66155730957720293,0.16134401140288274,-0.0026104611708341356,-0.23966609755056817,0.9708518667527799,-6.5452561434680385,0.42507755768784078,-0.79340406142777575,0.5765790459647371,0.1814136968082081,0.2515337423312883,1,6
-0.84422003305567384,-0.5356699402564381,0.018714991133865252,0.53559539605825801,-0.84442446364974355,-0.0092139519773432564,0.020739033455653037,0.0022450602456832182,0.99978240242355654,7.4739194966411677,4.9997257980450138,-1.455711362611303,,0.08912434237933509,0.3673469387755102,0,5
0.82326099801723962,0.54892012839771087,0.14466520584957399,-0.56420972460964558,0.81930322626614327,0.10202749671435392,-0.062519723284471543,-0.16561677472324546,0.98420646621057273,-19.445372470443942,-4.1197038413895193,-0.12725704220608205,,0.1184327101551007,0.2424242424242424,0,4
-0.065790545971674427,-0.98393150186492384,-0.16598314281451768,0.9973270100666809,-0.070140126458859614,0.020474316882133841,-0.031787403986545539,-0.16419245505860108,0.98591602007961399,-30.562897781422432,-12.528001653788428,0.55837704034621005,,0.4172568944038246,0.6222222222222222,0,4
-0.19256895524838161,0.96852077573462192,0.15774886511462646,-0.98127743328611716,-0.19062588813353001,-0.027502176217755012,0.0034345884697217694,-0.16009146680478864,0.98709620901831785,15.107673094650597,-9.4986137044984282,-1.8256608225022837,0.276980176222982,0.2301745763248761,0.6346153846153846,1,6
-0.11003663884426676,0.92935492252298535,0.35240795407333358,-0.99357221260055284,-0.11233089077838229,-0.014001047281463853,0.026574357186939311,-0.35168337884982787,0.93574174032201318,-7.9549126678061901,-2.4868377550447613,-0.77480839877143159,,0.1700250181575338,0.2666666666666667,0,2
-0.57995554604428823,0.81124806908157265,0.074351429198708366,-0.81367897603842476,-0.58129851308195879,-0.0043084384368400662,0.039725162876084387,-0.062996897543634259,0.99722279473262376,-21.310735795121406,11.187048166819157,4.4914415541271711e-05,0.3133686485450619,0.26411830100067,0.7209302325581395,1,5
0.33979991355845796,0.90767710056476569,0.24628905752389027,-0.94047970650368617,0.32631344905885956,0.094960279159515174,0.0058258390302529297,-0.26389735518502794,0.96453317492242963,11.702256388322654,-11.448957116846163,-1.6831475897922508,0.3170101734614494,0.2016800020962411,0.2941176470588235,1,5
-0.21838418631560255,0.96617428583225706,0.13716995503316365,-0.9752183402367629,-0.22118110451632605,0.0053016856557065294,0.035461754512799273,-0.13261285156977057,0.9905333389469575,-21.249203318864115,-11.479382208484047,0.096706674152249789,0.5603527035144557,0.4665545006254486,0.9064748201438849,1,4
-0.58293311017665883,0.80914269063232669,0.07400740000868912,-0.81168479158664797,-0.58404234011403433,-0.0078958255466230597,0.036834605559272163,-0.06467341919522783,0.99722643400728761,2.565125970019928,-19.08294826961254,-1.3729432393621059,0.2791678646250449,0.08783485689876265,0.2571428571428571,1,5
0.47352955320313039,0.87658644353957804,0.085825224997534144,-0.88077414690148292,0.4709884718758035,0.049058755692132722,0.0025815486066580375,-0.098823409993428105,0.99510163764515147,1.7065002875467088,-8.0716856882308399,-1.2618712782804404,,0.112819791100146,0.3670886075949367,0,1
0.47053814325702514,0.86212602577259712,0.18796960239830895,-0.88237542802211621,0.45907609687363615,0.10326055056048898,0.002731256673899677,-0.21444778610378559,0.97673163523670414,-35.938158207216709,1.3342012710363549,0.42022705770713181,,0.2080435535164879,0.1428571428571428,0,1
-0.59010019775024547,-0.80675736392236297,-0.030402506017785717,0.80732604053542811,-0.58979692136952244,-0.019085487062748398,-0.0025339472192911238,-0.035807084495581037,0.99935550822088171,7.2222951039176788,-9.194895298738718,-1.5546772855021911,0.1464560059893787,0.1395396808054682,0.15,1,5
-0.28128398662615017,-0.94679218961644207,-0.15640929815392524,0.95913807315283428,-0.28257120961327203,-0.014410694860471878,-0.030552831233276966,-0.15407161055494942,0.98758719277066132,-1.1983532583041014,-17.540457311289138,-1.1054772562581752,0.373128780178318,0.4957543573335084,0.6929133858267716,1,5
0.99357783460754689,-0.1107257683388968,0.023300017217578354,0.10456438616952531,0.97718798445282495,0.1848511081546885,-0.043236277841285913,-0.18122761176704544,0.98249029359665652,19.619682727797393,4.2504853742785782,-1.9460292616847548,,0.1988822377038278,0.3333333333333333,0,2
0.97454620657313928,-0.22190299851625139,0.031917871222925658,0.22000958453662342,0.97400083790753011,0.054019908065957307,-0.043075212894762349,-0.04562265889805904,0.99802960829283249,4.6756359988253067,12.229975899776809,-0.99857797658686176,0.2997653315584196,0.2990701365395212,0.8348623853211009,1,5
0.16872733720231858,0.96005886905860438,0.22319958248735142,-0.98560738928772962,0.16193487356527544,0.048530103078642715,0.010447959707067691,-0.22817551285208321,0.97356395551224484,2.5878116189226814,10.582936590155452,-0.95862221197846309,,0.09227534225689504,0.3076923076923077,0,5
0.96968991010240058,-0.24053673845955753,0.042936647480178274,0.23660953504856003,0.96825256453165687,0.080640555565883135,-0.060970535258458566,-0.06803711288045991,0.99581802810613407,-28.624386083226348,-18.968719334761751,0.6498237760566502,,0.3166656005236209,0.8653846153846154,1,2
-0.92663173418085376,-0.37559101720248456,-0.016882446676528894,0.37565632980747177,-0.92308954747220595,-0.082389375669059295,0.015360699351358916,-0.082686608010973425,0.99645721120933051,-3.0550959270663207,6.2307303916071071,-0.79521367952063726,0.845780774189595,0.5722629739041345,0.6042780748663101,1,4
0.68541426914264636,-0.72581456917771892,-0.058313727586346002,0.72735003447471847,0.67869833657314005,0.10163904408483571,-0.034193669081837949,-0.11207934288804298,0.99311077624427513,-33.846678971336402,22.380940774713228,0.51666836772970559,,0.4750306340250512,0.9032258064516129,0,2
0.13248849753646819,0.98090098360771572,0.14240806991861521,-0.99116423766532791,0.13019159780306552,0.025369308914415058,0.0063444459048425115,-0.14451092767988433,0.98948286482751191,-1.4774632006873836,-7.6969116509513338,-1.0798857705263802,,0.06947668388805361,0.2702702702702703,0,5
0.93942864631700662,0.33470804468034393,0.073785793383665602,-0.34149936039637568,0.93240234752822571,0.11833870530270311,-0.029189130303291223,-0.13636857097628652,0.99022805833909922,-9.9524783816489002,-0.82453729304292311,-0.62635301001170873,,0.07522302251450044,0.225,0,5
-0.52635514358042257,0.84653894714622346,0.079511469556259665,-0.84953151300151408,-0.52747964145057558,-0.0078381294025372892,0.035305399640724419,-0.071673138760177557,0.99680313499530748,-23.729226873273348,-4.8803128142896171,0.058040056295843863,0.3269200632474947,0.323348548850282,0.9175257731958762,1,4
-0.25263691155947321,0.95066930906715108,0.18000682130263271,-0.96749140359946761,-0.25044231206170342,-0.035199890487357839,0.011617868945053329,-0.1830478438195203,0.98303535643139595,-21.039261685300207,-10.339825506672712,0.070656601803666702,0.3194616379949831,0.1540608242892431,0.3529411764705883,1,3
-0.36364494800893182,-0.90522503445297153,-0.21984082602464403,0.93091061936689479,-0.36179280843056671,-0.050113695911080731,-0.034172657747477783,-0.22287575186085148,0.97424772450077313,2.3657084262703263,-23.232779112547085,-1.1991236925517745,0.7443639750846293,0.4222772948967714,0.2333333333333333,1,5
0.98733420129090865,0.15155059260915046,0.046942441788409624,-0.15506111495303937,0.98438061224974116,0.083371822916048693,-0.03357418041834017,-0.08959479955131297,0.99541224942362272,-12.238785444043121,-15.481943876810174,-0.34032230447311229,,0.2210268894745733,0.5925925925925926,0,1
0.18825607501149844,0.97181238224242472,0.14191667957490997,-0.9820983403126502,0.18531699724625358,0.033770704564308356,0.0065192159346645975,-0.14573367576485094,0.98930237823006462,-25.749230497297585,3.7452843613333342,0.027568542847370717,,0.2591605082492799,0.3076923076923077,0,2
0.0043855458948611386,-0.98883209771794245,-0.14896929049283264,0.99884036453616332,-0.0028108005886672209,0.048062725404578538,-0.047944688553261394,-0.14900732170864839,0.98767308605466542,-7.2493024652212243,17.243870371936573,-0.38327243403092925,,0.2767351994829606,0.2222222222222222,0,5
-0.39579891466649486,-0.90460759201566387,-0.15820342479367402,0.91816404746246272,-0.39315323345080738,-0.049044030977526729,-0.017832585235302456,-0.16466827106275791,0.98618779114782629,-27.479421363731529,-1.1316303794577192,0.080444029616103599,,0.5053664745480277,0.7162162162162162,0,4
0.76414247779964795,0.64252054445183016,0.05704054329631246,-0.64504480060361435,0.76140148447193678,0.064691457381750375,-0.0018651639225934866,-0.086227196413052751,0.99627375342437241,-19.825971575008769,11.105109243017026,-0.047571920481854886,0.2531313696727605,0.2095186295341089,0.6153846153846154,1,5
-0.68347841581379065,0.71780752851266971,0.1327011948974231,-0.72916470691990987,-0.67988830049067206,-0.077914883291372014,0.034294100062157599,-0.15001416888560465,0.98808889470254058,20.678774559985179,0.33422243402343677,-2.0567550779554136,0.6252649731413196,0.3286961955850956,0.5151515151515151,1,5
-0.82099566680942182,0.56283733822634097,0.095813599131029242,-0.56859480726631662,-0.82121268334326458,-0.048059066428063929,0.051633905817153977,-0.093935400219746251,0.99423844240485026,-23.3110211586961,2.1277517534284534,-0.059488843342314461,,0.2349973277074554,0.7966101694915254,0,4
-0.6052887306876984,-0.79550500015021042,-0.028237337666443235,0.7960000939877,-0.60476662448482743,-0.025321537883805426,0.0030664106130870658,-0.037803764961200276,0.99928047738395787,17.784293190754564,10.643950091553656,-1.7267167602238032,0.7563158879878794,0.5821488484846493,0.9305555555555556,1,5
0.5376260758018836,-0.84078647991754607,-0.063531864491214479,0.84108047434652455,0.52944258653431087,0.11078891296914677,-0.059513345485644298,-0.11299841924434854,0.99181123151403461,-29.512424134785469,14.511704518249351,0.23850713479394228,,0.2815467583185449,0.8372093023255814,1,4
-0.98446091105856626,0.15895494413574621,0.074632702835569414,-0.16906959257888998,-0.97282424506469212,-0.15820385924345631,0.047457217185047203,-0.16836363606526505,0.98458189023967801,-19.643957656843618,2.3383681483056939,-0.19433815984251396,0.5215572034079279,0.5130904726478815,0.8059701492537313,1,5
-0.21642250116464459,-0.97628987327958294,-0.0044027629251889864,0.97622196962094732,-0.21645998944262648,0.011650708128547306,-0.012327490378741637,-0.0017765985010825759,0.99992243533122516,-4.8944021479273152,11.600795790073295,-0.5776897888691096,0.1643003380515412,0.1059783258495123,0.6607142857142857,1,5
-0.99072008944256951,0.12659334404296033,0.049475545665768943,-0.12986929401906142,-0.9890696962927753,-0.069821933132117209,0.040095770922822793,-0.075599346024525629,0.9963318061944858,3.5212984344578921,8.9496235955414676,-1.0751451824184313,,0.07413258480313795,0.3636363636363636,0,5
-0.45492494811532358,-0.87623541032869268,-0.15891758011113052,0.89035404514064864,-0.44398931074119474,-0.10071328735198133,0.017690841810215487,-0.18730989731903194,0.98214155623432375,-33.155560093948338,-9.3552663038355703,0.60089645905987543,,0.4256487605165532,0.1052631578947368,0,2
-0.92225459793412301,-0.38601244998616169,-0.020996310272296783,0.38572249575365997,-0.91522142829912034,-0.11656711994248843,0.025780086480407791,-0.11560331153474682,0.99296085597734596,-24.993593433896091,-2.7443829473088552,0.048347924135357719,,0.07342469305161028,1,0,1
-0.84737597318975244,0.52787776971866385,0.057437098617256085,-0.52915115147379532,-0.8484839670669716,-0.008603285665959368,0.044192974041987174,-0.037683124434456775,0.99831205701332726,-0.51722523378865437,-4.0490018309338121,-1.111648578239494,0.7622404272897174,0.6051048786910759,0.9916382781046764,1,5
-0.46473343086010038,0.88159080120718025,0.082586303149387488,-0.88426034498195938,-0.46692013552026551,0.0083204169440925114,0.045896410898750038,-0.069161017001047431,0.99654918252637892,-19.165751658244822,-6.5355720913076238,-0.099209883732366777,,0.07881229683568869,0.3035714285714285,0,4
-0.92601574002145082,0.34392114013872027,0.15560558665487356,-0.3749042531622086,-0.8860304982607935,-0.27275768937395162,0.044064159964888383,-0.31091510982487341,0.94941568571894563,-34.052527570133073,-7.4454648898558924,0.5972552599814851,,0.1899166864002882,0.4,0,2
0.99797479758477203,-0.054040977626657355,0.03355407758810116,0.051731134650009766,0.99646042061989804,0.066260997923656584,-0.037016119373264308,-0.064391015484859232,0.99723798765960214,8.7964627418869235,28.706949777411058,-1.0029805252752024,0.2915947001565948,0.3391643871103693,0.3846153846153846,1,5
-0.22088626767219463,0.96984799595550797,0.10297631521341066,-0.97476044778694437,-0.22304035853668849,0.0097502766125321383,0.03242416049866232,-0.098223536919159998,0.99463601916029909,-18.61304607753512,8.9958078833863677,-0.13123825143169157,0.21961350024674,0.1961660004871646,0.647887323943662,1,5
-0.86387407872209265,-0.50344460285630621,0.01628213643579688,0.5033644396980147,-0.86402740129125899,-0.0089939238033455299,0.018596154429386454,0.00042623084437971886,0.99982698571688311,8.8399934774138735,7.4233055906131691,-1.3524927185979434,,0.07474738116518334,0.5,0,5
-0.92095716650918324,-0.38640891213659861,-0.050259825674077239,0.38810278837322315,-0.89807185375292109,-0.20698592018232392,0.03484426943282741,-0.21013114504567032,0.97705208600641635,-12.376845522265874,17.764566014565634,-0.17768909771638111,,0.4921464869986211,0.2857142857142857,0,3
0.51618349907874894,0.85130904016506614,0.093954847730456037,-0.85644344427282648,0.51403320329964697,0.04769164148571773,-0.0076955858073140841,-0.10508465177530771,0.99443350402143271,-13.355602796692903,11.61149841254556,-0.24612993960746449,0.2494766172107447,0.2129393340323431,0.5633802816901409,1,5
0.83997360720567626,-0.53589904063167337,-0.085185429786655081,0.5404970230944619,0.81240503400996789,0.21877163605296016,-0.048034437895221709,-0.22980487150040155,0.97205062306999979,-5.9781506303771925,16.516799476251887,-0.45552181996355767,,0.2158457221951663,0.2272727272727273,0,2
