axis_00,axis_01,axis_02,axis_10,axis_11,axis_12,axis_20,axis_21,axis_22,location_x,location_y,location_z,dbh,dbh_approximation,score,reconstructed,number_clusters
-0.67104780626133775,-0.69442866340261922,-0.25973770068416707,0.73834311029287369,-0.65777104057077052,-0.14895203815151786,-0.067411372889829332,-0.29172948022319856,0.95412243301046618,12.617291132849779,1.5212230870357411,-0.3874423158955933,,0.5128046487292987,0.1764705882352941,0,1
-0.66854634075340336,-0.73543301417264006,-0.11038148363824207,0.74062075520892257,-0.67185815415322825,-0.0093550869361062345,-0.067280660066616371,-0.088005126911799916,0.99384526482659208,17.399973072824576,8.5172465649195725,0.075547605301719153,,0.1779646648938144,0.1666666666666667,0,1
0.52783574045221249,-0.83891618557891146,-0.13269915099575949,0.84913173676798337,0.52473493467082011,0.06023738000112392,0.019097767268822827,-0.14447450262846054,0.98932421044650831,-5.8189316450943602,7.4723654717808277,-1.5020242837011952,,0.07266970790804639,0.1666666666666667,0,3
-0.86743149046657786,-0.48763316258058631,-0.098876226154659505,0.49172119160089217,-0.8705066739699292,-0.020697833326471217,-0.075979464841038111,-0.066573488157578187,0.99488446143107645,-0.32487559561853263,3.2808067334077493,-1.2653885025461002,0.1716548065374675,0.1511740473600528,0.7054545454545454,1,5
-0.57679925441803626,-0.80873365165027278,-0.1151195065625879,0.81410160024716594,-0.58072208945894055,0.00066278914224287362,-0.067388460271788436,-0.093336678229184761,0.99335142820622191,-23.370311823648127,2.543932828251219,-1.9895673405941834,,0.110782051131007,0.4090909090909091,0,2
-0.74838783137399434,-0.64960078294105106,-0.13391966492529628,0.65842909568854935,-0.7519623158353913,-0.031996898509622528,-0.079917331049589216,-0.11212269335798648,0.99047550289346498,-20.365607371761772,4.6583584368904587,-1.9335516793977328,,0.1601919704483451,0.5714285714285714,0,3
0.99622634003594834,0.03915514089368051,-0.077459372319797729,-0.031539360474798613,0.99476408430852636,0.097209491875341072,0.080860052927398743,-0.094399637241979473,0.99224511101298118,3.706170230573028,-29.012794480708859,-0.37517514067317614,0.2375198663060505,0.2002698661721388,0.5,1,5
-0.26778866418361214,0.95737593659595377,0.10826147681321283,-0.96347330784295571,-0.26642988315360516,-0.027098015368472686,0.0029011047740979648,-0.11156358451473994,0.99375306298965105,-12.848603624151272,6.3683782024774152,-1.7503861598653625,,0.2578044479080351,0.308641975308642,0,4
-0.57326448935159924,0.79539428466979079,0.19676320073398146,-0.81905215211245619,-0.54958153107665919,-0.16466242078685828,-0.022834127274833648,-0.25555444158547952,0.96652497640647139,3.9001601972820215,-21.125625116356758,-0.78686992430085634,,0.5172746056596107,0.3793103448275862,0,1
0.9455776725862195,0.32474274718847601,0.02061584960436812,-0.31717757257918344,0.90569287104606111,0.28128066195371482,0.072672226876608348,-0.27251159880787584,0.95940407334760192,-9.5562368860222175,11.081283802975358,-1.6074706576568096,,0.6844055878484303,0.4150943396226415,0,5
0.61600893794563572,0.78179936679878059,0.096554328976570084,-0.78590751640270196,0.6015887544960502,0.14296973849604716,0.053687652517380113,-0.16395340965322097,0.98500604842318451,-2.040289318089604,-30.899350677306035,-0.78409727238921267,,0.4221119746475826,0.2307692307692308,0,3
0.062285098735280958,0.9951383404230697,0.076290562296746356,-0.9979098615052322,0.060774905711890863,0.021961765555576464,0.017218443197445012,-0.077498995191732742,0.99684373447302543,-14.337966691567328,11.684834049914917,-1.7180927775991903,0.7804241538262643,0.3173908474963636,0.4571428571428571,1,5
-0.066905863546923003,0.99588509218090648,0.061126823857188296,-0.99769619926331865,-0.067464921101096059,0.0071258961788181474,0.011220490121599687,-0.06050923559796563,0.99810457017728438,4.5826816434816573,6.0884917933167166,-0.99619803463318024,0.308777308509977,0.269780437680405,0.6825396825396826,1,3
0.60730281293388966,0.79288476928794693,-0.050170071096073077,-0.79216845788773893,0.60913828939227377,0.037678624232013937,0.060435318567438279,0.016860813368713284,0.99802970158317383,4.8750620706111745,9.8168642061163212,-0.9007331724750236,,0.1204808397171869,0.3809523809523809,0,5
-0.56895931367626684,0.81913143121085696,0.072862869717600531,-0.82128126825640912,-0.56142579594227726,-0.10147982095827961,-0.042218216354734807,-0.11757879933488571,0.9921657362330103,-22.079024769291109,2.479859162632418,-1.9593482643620534,,0.3199863207815101,0.2708333333333333,0,3
-0.97796149410228428,0.1843445485730868,-0.098022464081523528,-0.17992865953401552,-0.98229346029823228,-0.052203786583145916,-0.10591030890107461,-0.033416242558240453,0.99381404759732039,-7.3180178537656539,8.643472301754958,-1.5460049597564902,0.5878806945618872,0.4580593298738773,0.6895161290322581,1,5
-0.14407377452809264,0.98250764555604631,0.11798929577356339,-0.98948094521541929,-0.14460551475184394,-0.0040870721737459063,0.013046323191898997,-0.11733699982216757,0.9930064561340497,-17.292469612581716,10.954996464441633,-1.8069442770611022,,0.2270584922785632,0.3478260869565217,0,1
-0.42386587708251589,0.90358286101703222,-0.062255373433494673,-0.90567313162359875,-0.42357457771155899,0.018459571272857172,-0.0096900412884917859,0.064207401386046511,0.99788952931027308,-2.9335850953733602,6.149484685824981,-1.3393484373947542,1.05714925385043,0.4692028607623046,0.8173913043478261,1,1
0.9454755473038079,-0.30837221265475684,-0.10479774765220755,0.31487133878030549,0.94770471428494363,0.052075085566830624,0.083258810136011552,-0.082233527131602924,0.9931292048622038,-15.832130696583354,4.3308050438037062,-1.8509037258065053,0.1160006892669538,0.1148213221308155,0.3934426229508197,1,4
-0.22529728315665998,-0.96001061826106149,-0.16619490674579226,0.973943348237433,-0.2264666729734183,-0.012132619519692337,-0.025990164029621017,-0.16459787015136496,0.98601828203910524,-13.462299024131969,-29.10564661889239,-1.3099392317659251,,0.1260889908205941,0.3333333333333333,0,2
0.98880137962420955,-0.12640266510613896,-0.079335981164436811,0.13175263514090688,0.98906578816517143,0.06625790378992133,0.07009332911686865,-0.075968631258386279,0.99464350009339597,-27.850331711765101,13.969656760144051,-2.2844220368365975,,0.1293574679449242,0.3888888888888889,0,1
-0.83366689862914833,0.55159542907916359,-0.027239397001965777,-0.55004941841320165,-0.83372410202813108,-0.048474312792293847,-0.049448351169234565,-0.025428415529873315,0.99845293141453828,-17.236958929731635,8.0170027674304318,-1.8363420873655951,0.2541320219836606,0.1744139800052277,0.4415584415584415,1,4
0.99655011490807721,0.050862468924252002,-0.065581077542451169,-0.03534450410879432,0.97505421128964032,0.21913477833434569,0.075090841691932891,-0.21606085786478976,0.97348809504417166,5.9126539308023869,-14.861781102268353,-0.74439653008318296,,0.2698969260514867,0.2857142857142857,0,2
0.98533425664668794,-0.13584100088861989,-0.10326483019933026,0.15902753717843188,0.95044687644206571,0.26713475528370151,0.06185988277939914,-0.27963897714570951,0.95811032630037996,2.2287179968315685,-21.175227137679187,-0.98870610209610543,,0.4866611787380832,0.2682926829268293,0,2
0.39972933242145681,-0.88743680749634402,-0.22950462632067728,0.91659045414229712,0.38939775086665668,0.090726682928491287,0.0088543874499708262,-0.24662786606684667,0.96906980940600962,7.144574074732831,7.1547427772924825,-0.81407419105246615,0.2095780014845838,0.1998789835793262,0.1111111111111111,1,5
-0.98214513121350189,0.17811674755670606,-0.060542261879074293,-0.1750719743212584,-0.98316114510347752,-0.052382884285581598,-0.068853068492772299,-0.040848341442960054,0.99679018251610518,-2.0156796373958805,9.0444794569958109,-1.262876834462797,,0.0925105017771686,0.25,0,5
-0.98266344600373268,-0.15707549547953634,-0.098487768823996957,0.16039967166026606,-0.9866897269098055,-0.02674561911667896,-0.092975788350246183,-0.04207934802862031,0.99477878508246176,-11.762516828731128,5.5264538284748195,-1.7469311316301672,,0.08809321300075725,0.3263157894736842,0,6
0.92330559143965329,-0.36137213748705738,-0.13006522619172872,0.38055217692847282,0.90650571875165364,0.18283167806905459,0.051834597049369616,-0.21830611562340957,0.97450275239741968,14.036733857525197,-24.363033699986616,0.36798020409539572,0.4707901240122895,0.3323051904712605,0.3333333333333333,1,5
0.97548298614309492,0.21282262299081639,-0.056031017201711372,-0.20479288815403024,0.97105112664169224,0.12296171115201096,0.080578016275411918,-0.10847230333688178,0.99082841234086083,-0.0094574344528560676,21.200088467272014,-0.99919885059662161,0.6109287649668076,0.4926408800614562,0.4444444444444444,1,5
-0.76035968175302016,-0.60055837755694885,-0.2473515504511985,0.6416454671281957,-0.75361329368459107,-0.14268180716441209,-0.10071866201596522,-0.26720149462162079,0.9583627248561406,13.521913427162845,-6.0116633686982013,-0.21235894459259536,,0.2516325288354518,0.1304347826086956,0,4
0.19864842336125257,-0.96545757370887231,-0.1686133958624437,0.98005534702465735,0.19665000791279832,0.028640725484423705,0.0055064202950997595,-0.17093989515637642,0.98526607146468825,8.4140952836309815,5.2942134887387926,-0.7363900522080945,0.5649710055522869,0.4223523759056174,0.6976744186046512,1,5
0.1845436668063177,-0.93062018831605886,-0.31605331850853968,0.9825284634448157,0.16679896177658632,0.082558614759580845,-0.024113348221404953,-0.32576705089501401,0.94514251570264118,-17.163128815453209,2.5422964776159223,-1.8913248119930162,,0.2366130976117009,0.3186813186813187,0,5
-0.92145129220176492,-0.36545007219623699,-0.13180956274664823,0.38014412419630084,-0.91812928041083064,-0.11193332520441467,-0.080112177218728153,-0.15324773794107027,0.98493510947535023,2.3138521593340178,-28.56920882869894,-0.55562232246559939,,0.2613934020349327,0.2,0,2
-0.91828355451874943,0.39042740889763788,-0.06574003256683654,-0.39156050396730929,-0.9201398268397506,0.0048032068643687892,-0.058614718572033597,0.030151906155199241,0.99782522383528227,-2.0777584458463432,7.1598235756598756,-1.2908289415399197,0.1180823088194083,0.08436090729064463,0.3571428571428572,1,5
0.99700091932015777,-0.059700347141069011,-0.049244648704146785,0.062633361650517347,0.99621094656246367,0.060339141172826682,0.045455790424482327,-0.063242537111936531,0.99696246299272973,2.4873724642243031,7.6702088056952711,-1.063026794373974,,0.09668435685325814,0.3448275862068966,0,2
-0.78452818813334657,-0.6069415422542368,-0.12703340627668272,0.61992247672598055,-0.77248396439843559,-0.13771219117130643,-0.014548019594925948,-0.18678995966947698,0.98229214905370221,-25.334896955302227,4.4536960395904561,-2.0616624180721392,,0.377674636447753,0.4193548387096774,1,2
0.78112564006269614,-0.57812367942359977,-0.23582990846447199,0.622895919059965,0.74752498290478153,0.23066658611868118,0.042934932806328048,-0.32707707229783661,0.9440218113592459,13.330316927617606,-27.11137774222594,0.38975053972036994,,0.2862671592305965,0.6923076923076923,0,1
-0.99641834876690671,0.037182380476856965,-0.075946986923150037,-0.036530488056854125,-0.99928295126272815,-0.0099552377159149701,-0.076262688668567849,-0.0071452010277238453,0.99706215875406434,3.3898309985808934,11.91682622388681,-0.94693239899097215,0.3644713148165486,0.3572879213235364,0.839622641509434,1,5
0.017536887257371615,-0.94739367392848017,-0.31958986871554462,0.99958934660070431,0.0093676406221071436,0.027081090664015976,-0.022662650941578738,-0.31993354608335761,0.94716890275326759,17.419283521412776,10.788458363994812,0.08102389516024977,,0.3403996629055702,0.2631578947368421,0,1
-0.079325644272978516,-0.98989734562567522,-0.11751888054231245,0.99620466453944079,-0.082958811628872794,0.026345814145407598,-0.035828878164632073,-0.11498295828672442,0.9927211143080904,-9.6141708149968785,4.9386814351218646,-1.658634827505157,,0.1089535372841879,0.3831168831168831,1,5
-0.99716442084844614,0.013991868257797978,-0.073941499962069265,-0.01401601027962467,-0.99990175239151546,-0.00019240639049511812,-0.073936927511397924,0.00084450401661363304,0.99726256199816399,-23.033169818626295,0.43585784258034194,-1.9773849585090251,,0.09222740990954065,0.3333333333333333,0,2
0.99564146729619141,0.027370478391343923,-0.08915674687266037,-0.010104144208988903,0.98199631846925461,0.18862962859167617,0.092714480368983401,-0.18690662755894646,0.97799281066092225,13.411365791542931,-3.6908214712343983,-0.25469411138851666,,0.1470149676259528,0.2,0,5
-0.11455515691409561,0.99335384910431523,-0.011191358006400212,-0.99332416420229752,-0.11438327773611653,0.014952276955325149,0.013572797655355616,0.012829506770836411,0.9998255762480891,-14.363518521889279,8.9602175995649951,-1.744070744628256,0.1673042872063218,0.3100862025111329,0.5254237288135594,1,4
0.95571750715531734,0.29398085746948949,0.01339036811782136,-0.28386955788951701,0.908936976563121,0.30537132599493411,0.077602323550505919,-0.29564984031417579,0.95213919744004161,10.921507959807201,-6.4326682717908961,-0.46299190767694381,1.244121765455964,0.5443313824436185,0.2741935483870968,1,2
-0.91317304912185826,0.40301188202540844,-0.060798069902160301,-0.40342720631274109,-0.91499318819288622,-0.0058270719332892797,-0.057978199042283886,0.019206470445061082,0.99813307726417821,-24.763312807267507,9.6661539752205083,-2.0860610731183216,,0.08187069687727372,0.5454545454545454,0,1
-0.0074533512104239868,-0.98736393229955044,-0.15829375461370473,0.99995126166135906,-0.0083841832574174761,0.0052134223849139606,-0.0064747090738931246,-0.15824718217104447,0.98737830008428606,4.6472486048299277,-30.495646616577716,-0.235163709193729,,0.2342528746306742,0.9,0,3
-0.78308905997299727,-0.60841213238033798,-0.12886505082068322,0.61763183222574203,-0.78508555509748645,-0.046600332603362216,-0.072817882227377284,-0.11608336810103788,0.99056660941010877,-31.899029410383509,0.2581824831225758,-2.2163727174559913,,0.2116326672387673,0.3888888888888889,0,1
-0.96601879219028552,0.25661548517823607,0.030922255770892991,-0.25831395892659054,-0.9543140804603345,-0.15019498812815921,-0.0090328156680878884,-0.15307883133171868,0.98817269727473356,-7.1893757127572364,13.496984936250646,-1.4952960689344887,,0.2371823291724751,0.25,0,2
0.50873215863721033,0.85446249774340566,0.1052873720748327,-0.85902069036284168,0.49566740067334164,0.12805187010848251,0.057228002733548791,-0.15558813534403226,0.98616291141134305,6.0764705519411821,-13.285503298035163,-0.77320290919931023,,0.4778263881227969,0.2133333333333333,0,2
-0.25348817694542325,0.96727487002681367,-0.011093690256015051,-0.96706913496240188,-0.25313031446661249,0.026501549032195999,0.02282613309252636,0.017446194789826359,0.99958721377146387,-4.0098545679607565,10.919597463535791,-1.3892732429324,0.1445536820706093,0.1748319712288081,0.4615384615384616,1,5
-0.98438899006348124,-0.1634691875876495,-0.065239105996575647,0.16664039659995133,-0.9849197093775629,-0.046520364364730227,-0.056650635149215367,-0.056665604991477624,0.99678468825927513,-7.2048167034136421,9.9293302507288104,-1.5272313911890307,,0.1071618235797462,0.4090909090909091,0,5
0.99741943805789046,0.0084531528037799942,-0.071295222784964224,-0.0039314973172156504,0.99798521445046606,0.063324995594963226,0.071686874064409156,-0.062881284544237262,0.9954430853348375,7.5402991195247306,10.136738931148203,-0.72152202430947487,,0.07717330258063664,0.2608695652173913,0,5
-0.23800308312104615,-0.95232532611690268,-0.19086907989826565,0.97040313014100266,-0.24142926789756566,-0.0054473493543963549,-0.040893733473722049,-0.18651643852159402,0.98160038749167189,7.5055008362312474,6.3841604635551361,-0.78595234849138929,,0.7424202266531335,0.2222222222222222,0,1
0.95273999302760592,-0.28984552836107175,-0.090972937596019765,0.30252620911509037,0.93249854036803403,0.19729258731624924,0.027647757308879462,-0.21549023620706914,0.97611452177252855,10.165223421421883,-18.233190782917418,-0.27435934876299817,,0.174281090167327,0.1428571428571428,0,5
-0.89014956129461542,-0.41868319443249796,-0.17982808798072272,0.4498154523562084,-0.87044359625198897,-0.19998501085202267,-0.072799844426916699,-0.25890602241682775,0.96315515583301214,-20.466505323268219,13.150921559269811,-1.9508576678875638,,0.3381070847375508,0.4375,0,2
-0.028468060853347608,0.99391570630144765,0.10640083777182383,-0.99405917321353499,-0.016962880893540429,-0.10751102651270797,-0.10505203311347526,-0.10882935926985629,0.98849392557548854,-6.378645855801274,15.888836238623853,-1.4165130545394278,,0.2520314168628688,0.5,0,2
0.10630129946067293,0.97715832813282377,0.1840153132041939,-0.99421790285849632,0.10162540721790805,0.034684841695605942,0.015191950784122861,-0.18663836253155372,0.98231121660241383,-20.097053361096208,8.3045163876112689,-1.8612587404802923,,0.482189300125157,0.2857142857142857,0,5
-0.98565436587922639,0.15653677285266301,-0.063100790550467148,-0.15109643670007281,-0.98499855962350957,-0.083352890508684371,-0.075201980291485684,-0.072622835833404689,0.99452027926822772,9.5038965021525037,6.8892579229406286,-0.64205369669181089,,0.7309438233288695,0.53125,0,2
0.99066590150086187,0.12285812968902378,-0.059050415517594476,-0.11309174610513001,0.98263077677874611,0.14712924077181957,0.076100779012953298,-0.13907780734723371,0.98735304472975072,-24.048472179966076,8.6635481845738713,-2.0358378054563371,,0.656355483669983,0.7090909090909091,0,1
0.66559060745617293,0.74522275932848814,0.040400275307943066,-0.74329218956054399,0.65705210792370616,0.12569506120491675,0.067125734293309133,-0.11369066123411116,0.99124596813492061,-18.541443211193531,6.8653797649610233,-1.8775213757791278,,0.1182409719285333,0.1764705882352941,0,1
-0.99504105384343833,-0.033644202461797036,-0.093602183771800643,0.042246626137913648,-0.99490890704981572,-0.091495842817614068,-0.090047341693709482,-0.094996496323031823,0.99139656139218368,-18.430590631374763,13.789251463112892,-1.8316959177628713,,0.210559482449527,0.2941176470588235,1,5
-0.99301917296040521,0.095127907720611818,-0.06973953904159208,-0.089945708897790896,-0.9931918777680494,-0.074024748472736657,-0.076306563177152911,-0.067235222229697758,0.99481492414811346,1.8494821863995297,14.771901067884192,-1.0134094823061244,0.3376726180358475,0.367846670112442,0.5918367346938775,1,6
-0.054366331766052572,0.98368320834376288,0.17149824370186695,-0.99805152398913677,-0.058799759608840568,0.020874475631842613,0.030617926665032782,-0.17002921482046554,0.98496325244867444,-8.5336855037352457,-27.592074056238481,-1.2517954197034613,,0.2885688009603618,0.1724137931034483,0,3
0.99738431285485296,-0.050913282215275892,-0.051306628861379773,0.059173922806176213,0.98277389714320218,0.17508259180652516,0.041508786187750467,-0.17766064501748635,0.98321600672547516,2.669947931874185,9.303481521912234,-1.024090072867458,,0.09955231398341999,0.1111111111111111,0,2
0.166507615775144,-0.92964457280420298,-0.32868857927309875,0.98600952492998173,0.15435150645549825,0.062935118989879399,-0.0077737144422078746,-0.33456924651050846,0.94233910491561501,14.205930852518378,-15.102605527262428,0.026215608808743265,,0.5296890951629679,0.3541666666666667,0,2
0.37357649797009956,0.92149129838896515,0.10627505425929115,-0.92625735724616376,0.36441897974141019,0.096156722862119209,0.049878936553908217,-0.13435994268251569,0.9896764610167319,15.017987363337577,1.2784824860282555,-0.15293395507391472,,0.1448594507101542,0.3125,0,1
0.99564282295422679,-0.034673127236531529,-0.086562944424137228,0.057456387040244847,0.95925852206266871,0.2766258329195318,0.073444759431960382,-0.28039411922824353,0.9570710554677736,-1.9969128406002932,-27.469529581139206,-0.95411704099536643,,0.6478863192195016,0.3,0,2
-0.38634077146805296,0.90265420845524358,0.18962117038850571,-0.9223331384189225,-0.37662777134276254,-0.086331359468529045,-0.0065107661431010547,-0.2082472132140572,0.97805455272842989,13.773231900428849,-4.4086329759797538,-0.20735821240743452,,0.08821769216775971,0.1,0,1
-0.89216778374997108,0.45127342838129758,-0.01972152315757782,-0.44830059131015987,-0.88995062547040882,-0.083752397313685917,-0.055346413340215089,-0.065880020202019052,0.9962914219587341,-21.14415648530661,10.61061537899551,-1.9448862481967197,,0.1449595945115836,0.4285714285714285,0,1
-0.99382144801033445,0.080112054600278246,-0.076817889728657107,-0.061116559001246282,-0.97272769328634989,-0.22375343780524207,-0.092648236305335266,-0.21767612046694326,0.97161381777328182,16.15582204323599,-10.375292434813847,0.10414476280985631,,0.5284647924191497,0.5818181818181818,0,5
0.95047836275308417,0.30556031774560088,-0.056778289490127053,-0.29861870871722224,0.94851066716072818,0.10561430341752877,0.086126353355265667,-0.083429050704885835,0.99278489349717969,-9.3091183798971411,15.914309474476848,-1.492717858869077,,0.1921914894558637,0.4,0,3
-0.84915642196889274,-0.51207671598860449,-0.12927029036601886,0.52152643136277199,-0.85163297280193706,-0.052263381315681597,-0.083327981008787744,-0.11179765909383915,0.99023115028872832,-20.575119890044469,9.2455589378926533,-1.8792286238181346,,0.1066967642080363,0.2692307692307692,0,3
-0.90156547962119782,-0.4219205333719645,-0.095722251720891299,0.4257364204684902,-0.90456158659045793,-0.022734035093481347,-0.076994715676321948,-0.061248670059615637,0.99514843826127375,7.5951586707814247,-17.37892478820071,-0.49576547811226357,,0.08534058462538596,0.3333333333333333,0,1
0.66878768912230302,-0.72855537927809422,-0.14808810284219565,0.74313259285078204,0.66095442013228511,0.10437051283991533,0.021839787575019882,-0.1798508099301909,0.9834514272937589,-2.1086852483952523,13.003795087938427,-1.2518943183314133,0.6208091474056229,0.4237391548405531,0.2285714285714286,1,5
-0.84527532555567741,-0.52072281043296897,-0.11982227965421544,0.52890282796131605,-0.84726270090466838,-0.049068464722754557,-0.075969879434321319,-0.10485070505492985,0.99158202236033821,-8.7659350076779425,-29.557436357004381,-1.1642789461897853,,0.1229135357822045,0.1052631578947368,0,2
0.40567072766003442,0.9125879980469439,0.051131267737550362,-0.90820502045341456,0.39615919536890271,0.13498715771463665,0.10293153813574743,-0.10119801255624741,0.98952719048628213,-8.865409286093012,8.472161389191287,-1.6035887613089632,,0.2061235357599996,0.4193548387096774,0,5
-0.98044871845036208,-0.1697254637286241,-0.099566949592451229,0.17864574215992124,-0.97990046790299701,-0.088773711264191812,-0.082498541182091115,-0.10482528304560222,0.9910628893956408,-6.6732149156094582,3.1550322966490509,-1.5803943657168209,,0.134899462560289,0.2475247524752475,0,8
0.37266620370105069,0.92744438479548919,-0.031093628452855245,-0.92674231811054142,0.37368583428567265,0.038827478379642497,0.047629575288341587,0.014346092343840882,0.99876204032407823,-4.696249458066899,9.9035087767902983,-1.4238960692684146,0.2387195910949318,0.1637539128361138,0.3125,1,5
-0.53137786705522461,0.84549428157707807,0.05269707984605148,-0.84684601788536162,-0.528543442499668,-0.059107117864994799,-0.02212203416384349,-0.076034526440698399,0.99685975261989246,-23.207952677569057,7.2456055295854078,-1.9880355516529555,,0.1286542120822629,0.1666666666666667,0,2
-0.33167255236552157,0.94333244732926269,-0.010826440926022904,-0.94323081859692259,-0.33180695782828412,-0.014824492764311371,-0.017576713467544049,0.0052949553844803838,0.99983149709896491,3.7157829410175198,16.11922793756117,-0.86867007164442445,0.2550839727136419,0.2636189261656022,0.7586206896551724,1,5
0.69557586431789253,0.70909604597634934,0.11557255106263198,-0.71516310470838218,0.66799787061538729,0.20571966001619005,0.068672779485652868,-0.22574685475996437,0.97176252599269319,4.8006834932987781,-23.194483612290092,-0.57683468250440773,,0.3948431836464439,0.1818181818181818,0,1
0.49978899367182339,0.86482491679717322,-0.047841666894758016,-0.86409214979526849,0.50164465537410408,0.041199470831409513,0.059629845435804824,0.020748566730238734,0.9980048990420558,0.97822615089729548,6.0127917032885332,-1.166847489521625,0.7144481923930339,0.9616477260777163,0.7356687898089171,1,3
-0.43058683700829525,-0.85242507260819722,-0.29659142162931962,0.90096235039165085,-0.42543643744625842,-0.085268287597367445,-0.053495971548736289,-0.30393310659081713,0.95119022689791766,-20.757481178518205,-35.356577327385196,-1.3665739566376298,,0.6805284676755453,0.4285714285714285,0,1
-0.96998502755236526,-0.22267919675945366,-0.097688390583531876,0.22396488642725562,-0.97459459680268501,-0.0022586568215571499,-0.094703621746280844,-0.024069632601591558,0.99521448784398281,-17.052037295099492,6.0563806362579173,-1.8626050593572647,,0.08647248832009996,0.3714285714285714,0,3
-0.95136170005591369,0.30537534544484946,-0.040703980900645566,-0.30242115424861393,-0.95091019602882609,-0.065660068164411112,-0.058756796455025843,-0.050156729188194631,0.99701150514298709,-4.2649099774749395,8.4078885727302914,-1.3955926707486526,0.4231030476030476,0.3980602810672421,0.8449197860962567,1,5
0.97489294340011912,0.20720285191976828,-0.08155198995098463,-0.18774551245738516,0.96178607298906071,0.19929669429369365,0.1197304115952364,-0.17898192076462571,0.97653986123385661,0.72356239880631212,-24.383865168365642,-0.94394740005515021,,0.5845644423870395,0.1304347826086956,0,3
-0.72343302321436642,-0.68329137179939214,-0.098780373290580231,0.68693088173688532,-0.72671189187400698,-0.003973653870986112,-0.069069708549456099,-0.070729961355891893,0.99510132545760743,-0.46985841194587985,6.4840019094516013,-1.2354801781669769,,0.0814094504192979,0.3571428571428572,0,5
-0.98787840108711944,0.14098633702312799,-0.064954733764033587,-0.13078837521623976,-0.98134453088465967,-0.14091597713198539,-0.083610200178276986,-0.13071252608517347,0.98788844003287157,12.427987639044895,11.133308143468772,-0.37672843415496832,0.3873786087693065,0.3596747755751007,0.1304347826086956,1,5
0.97313143362436094,0.22327075700739837,-0.056261727288979449,-0.21903515556048256,0.97300141135679685,0.072745131289160339,0.070984600589081584,-0.058467277711769919,0.99576240334538824,6.5927722672513749,10.128708108437062,-0.78158977842099497,0.2294549019957834,0.1772654852922977,0.6875,1,5
-0.12239186692853107,-0.98270168626844334,-0.13898786535128763,0.99201906293941611,-0.1254053986063107,0.01310209010792464,-0.030305274698517067,-0.13627502267675923,0.99020740681934794,1.6470913162872882,9.623361038758107,-1.0804736321178112,,0.2028994165293408,0.3888888888888889,0,5
-0.82562715210142379,0.56420781601830483,0.0030571321113695283,-0.56094862530546852,-0.82025146542012439,-0.11191145269382832,-0.060633699217486903,-0.094112028030388775,0.99371348018390615,9.1572680431828832,12.325737645767759,-0.5679552604607524,,0.3200742175602626,0.25,0,5
-0.97692682528757913,-0.19247061180196207,-0.09256911810162026,0.20859770768093219,-0.95290086469149182,-0.2201520802092708,-0.045836387115409771,-0.2343821786373427,0.97106334497468338,-6.2534560231891412,11.198366918090203,-1.4891782975917676,,0.3861562845754166,0.1333333333333333,0,5
0.98843403538277674,0.085982413148074671,-0.12492070415328928,-0.057173378069900992,0.9742330793156988,0.21817679071598847,0.14046124923620745,-0.20851122702695374,0.96788103900568223,5.9276122683433661,17.13150693172825,-0.70937938746487428,,0.3403601426859584,0.6666666666666666,0,3
-0.38527116113061549,0.92188787006232475,-0.041096075640115748,-0.92278107146397126,-0.38518946939974313,0.01020621434962494,-0.006420790362052598,0.041854840765378307,0.99910307063667503,-18.307792880455008,5.1039968178412822,-1.9186700826687511,,0.07623179394251317,0.2121212121212121,0,1
0.59367513656649218,-0.79831112824411965,-0.10123820792743186,0.80441852863298868,0.59210418033714418,0.048202390181572866,0.021463061633758669,-0.11005445083630187,0.99369379329672103,-10.471019815069877,10.384549810214006,-1.6536524324843651,,0.07975066947982243,0.3333333333333333,0,4
-0.69863878841269644,-0.69530134833152968,-0.16870055818993429,0.71345069786529858,-0.69474218180038516,-0.091221721880032525,-0.053776807647507419,-0.18409056422205991,0.98143706834602795,-14.558318527330599,7.0925745300581076,-1.7727464629588054,,0.5195835101124747,0.1515151515151515,0,3
0.98972922883073433,-0.10601282283960267,-0.095902737143936698,0.12445383016664387,0.96905725646787733,0.21316490762741208,0.070337029756538133,-0.22291100260088115,0.97229799298594599,-19.893190699474491,15.501097519680538,-1.9317769268072995,,0.2829306304345746,0.1904761904761905,0,1
-0.98719601186295791,0.13606920106150269,-0.083241856564796005,-0.12249278878247628,-0.98094699893370352,-0.15079291090516042,-0.10217412029550996,-0.13866563310872806,0.9850544611017169,3.8235916651426893,5.4261609863987266,-1.0484991261474221,0.7641966690658538,0.336105175421039,0.5019157088122606,1,4
-0.17442883756782265,0.98461217297581793,0.010651265304058475,-0.98448491086118395,-0.17459548710275721,0.017489315881405124,0.019079856167873575,-0.0074353689343749267,0.99979031520485584,24.160343171664994,16.227127402775917,0.63760891940441877,,0.1015424333652682,0.4545454545454545,0,3
-0.91586465451842303,-0.37176775016842556,-0.15159378133207441,0.39397687115974661,-0.90489551626637077,-0.16107864424620355,-0.07729268784966746,-0.20725068051933065,0.97522971439002437,-11.265266931851901,-27.669327055238202,-1.2883305602508288,,0.2727411398421994,0.2307692307692308,0,1
0.038470082467438167,-0.94761053281054164,-0.31710302878003255,0.99895207901334504,0.028596175788867625,0.035735172661785199,-0.024795092051934805,-0.31814546490052914,0.94771760908688552,17.111838298515384,-9.5368740563529482,0.19773043058260206,,0.4315980876014803,0.2105263157894737,0,2
0.19291175411862277,-0.95734451699623313,-0.21511980592247887,0.98046544462159135,0.19664859236841528,0.0041040251590557667,0.038374041041585524,-0.2117092508530741,0.97657904241150351,-12.439344181404101,10.849362848829315,-1.6733233908495997,,0.1813851824253036,0.2941176470588235,0,2
0.96812538859036945,-0.23489705323380369,-0.086928742938231662,0.24163357334083391,0.96728391230653543,0.077298442594285435,0.065927598176221819,-0.095839487556214686,0.99321112781909393,11.390129369461528,7.6433287876577731,-0.49797458086602853,,0.196287224386737,0.1379310344827586,0,1
0.55982717433055185,0.82847908912310619,-0.0146946849853276,-0.82634019605348585,0.55951781572455306,0.064044471058098129,0.061281443091335139,-0.023711026392230123,0.99783885069688016,16.425706881766718,9.8364641123821865,-0.01121768058694819,,0.1243506992717837,0.3684210526315789,0,1
-0.41847101433482747,0.908037905352029,0.018686160800969128,-0.90791274529936339,-0.41878011052823266,0.017823185712271997,0.024009520706449898,-0.009506916948220822,0.99966652512004517,12.11186729825725,12.566569445326945,-0.38968796396183325,,0.4431668073769357,0.4477611940298508,0,2
-0.86054536671368287,0.50467465699777803,0.069030155814600674,-0.50936205362355302,-0.85166639286189894,-0.12334769393060495,-0.0034597913245790987,-0.14130762843447839,0.98995968806321299,14.708263215474005,7.4722780350019953,-0.23067629344454266,,0.292108869176936,0.2857142857142857,0,4
-0.26359194180144385,0.96326504659111378,-0.051378382936438788,-0.96448867026994989,-0.26410345197192753,-0.0033123371530515578,-0.016759866892308732,0.048680762856912169,0.99867376564592958,-13.482931667743191,2.5134154408165195,-1.8202116405959421,,0.07335174556188587,0.1839080459770115,0,5
-0.30831786027589092,-0.91618755749415237,-0.25600870400788123,0.95053836649154855,-0.30735941863197641,-0.044799571491165188,-0.037641876447312796,-0.25715860333870272,0.96563582258862657,-10.603508459432598,5.1734830949111563,-1.6893744824582291,,0.2925466841751985,0.3043478260869565,0,4
0.087978552613177469,-0.94101341006367467,-0.32673159681981395,0.99606893823748321,0.086504064451363438,0.019071368903354972,0.010317197223269663,-0.32712506616541848,0.94492473061494564,18.693314118478746,-11.771681304038323,0.4188356122174357,,0.3815867093447716,0.4,0,2
-0.85897200001684793,0.51155137865320677,0.021961106189334504,-0.50721533809879116,-0.84426078349985345,-0.1730789711130222,-0.069997885570814003,-0.15980899987865774,0.98466307921714957,-31.431748010753971,2.1848476830352532,-2.2593994424414863,0.7115964465421895,0.3615593498772264,0.5625,1,4
-0.53642532316226865,0.84088732574665281,0.07180792483353983,-0.84301471212393164,-0.52988918588313239,-0.092431844224364665,-0.039674523473655604,-0.11011791899030282,0.99312636462052761,6.4964561795596731,15.002503436816033,-0.70502058282630164,,0.2977961767594884,0.2307692307692308,0,4
0.004660037778639296,0.98061339888988308,0.19589702898597464,-0.99958030518486685,-0.001033315797226536,0.028950746881394297,0.028591913794445704,-0.19594972359279667,0.98019702524006713,-5.8558893000298919,8.5282161570432375,-1.4874293368375431,,0.2191786532505654,0.4,0,2
-0.84947278934821546,0.5265326498281333,-0.034049211766582731,-0.52540986592552985,-0.85004827145236617,-0.036910824820916933,-0.048378228006798613,-0.01346494952861749,0.99873832518288463,10.93393443870529,6.5017232313919671,-0.53485817444887551,,0.1328544446889829,0.25,0,3
-0.99680288752743418,-0.058960746450472959,-0.05392247949577797,0.065008332311403655,-0.99084674385149552,-0.11830742550228716,-0.046453419110542023,-0.12143459382273313,0.99151183516690755,9.1989146167723721,14.080763038994569,-0.56076831824256135,,0.204619694279733,0.2142857142857143,0,4
0.9581052021993044,-0.27226465659369503,-0.088917817610125668,0.27910859773566404,0.95720815625004596,0.076491413102514574,0.064286951931643604,-0.098104548203972949,0.99309752060562195,-18.79361277537879,4.3304532285035675,-1.9397815622310208,,0.06391933232051222,0.1904761904761905,0,1
-0.68433973387474678,0.7286809402576262,-0.026518219123871974,-0.7284054631230652,-0.68483390663372201,-0.020688199952306894,-0.033235672593055057,0.0051582584324135943,0.99943423117143204,-31.56731884035591,10.673133004624606,-2.4471040645748827,,0.4769304718593503,0.78125,0,1
-0.3543293466570539,0.92794569393679316,0.11561791903398795,-0.93511283941988999,-0.35110090553618373,-0.047876212086421219,-0.0038329687785568292,-0.12507974750468764,0.99213928715403044,8.1138512018704851,9.2602127776695351,-0.68430851734219478,,0.5747809145541374,0.3846153846153846,0,1
-0.94855995565123186,-0.29041894492137788,-0.12605890276251303,0.30705270899609527,-0.94092497574814971,-0.14275441818558546,-0.077153382512332946,-0.17411785216944117,0.98169767704869726,12.435549828720127,-28.456037761470853,0.348418913695415,,0.3410510767494406,0.6410256410256411,0,3
-0.61431620309928614,0.7805356747714387,0.1156704932935383,-0.78781473283010273,-0.59848837563098756,-0.14546343516641877,-0.044311954882507276,-0.18048746395158882,0.98257861060111318,-13.265908455046644,15.567004621910302,-1.6051434918757597,,0.4421039798175856,0.2777777777777778,0,2
-0.98320558223520249,-0.16839765155115391,-0.070349228948102679,0.17607848220336647,-0.97665899004018331,-0.12301863793201349,-0.047991157169786781,-0.13333959699108586,0.98990777383944206,17.091485167006294,3.1591015158709994,0.066379854010404971,,0.2541162939543457,0.3157894736842105,0,3
0.78962247645434724,0.61359296397461072,0.00013870456088409364,-0.60838362605162655,0.78288923335738381,0.13020680414387642,0.079785388576969027,-0.10289860472299453,0.99148684757574224,10.033236876953152,10.433457464701723,-0.54666911725598821,0.7106778349262368,0.5093082780824556,0.375,1,4
-0.073690036500988487,0.96055476185128186,0.26814982380249841,-0.99711268057052582,-0.075906991373466751,-0.0021049717551508687,0.018332505719200275,-0.26753070505169402,0.96337492238930555,10.001722083514489,5.7273925318653482,-0.62522651811163921,,0.4415588892559942,0.1449275362318841,0,2
-0.3878145584369927,0.91929490210196851,0.067057820078293584,-0.92152863971269627,-0.38824763761428011,-0.0069812660885076256,0.01961719790357852,-0.064503138344294358,0.99772466677443095,-9.1768025571872727,2.6888268207534218,-1.6775763847134531,,0.7489129863638549,0.8496732026143791,0,4
0.29067434408252013,-0.90155932073960598,-0.32046718533999313,0.9568210162451648,0.27339457778206788,0.09873675967407225,-0.0014030551547512047,-0.33532998080533405,0.94209969504789026,6.6780022316365892,11.632275158149652,-0.74338012541876908,,0.7949172862571749,0.5862068965517241,0,1
-0.43387691229931885,0.87286633249375822,0.22328275923703728,-0.90090449002563222,-0.41727331892664643,-0.1193904400008501,-0.011041957492420207,-0.25295719580758519,0.96741445733661569,-7.9823003930534862,-29.205108899248785,-1.1322165770984383,,0.3548126446614639,0.1666666666666667,0,2
-0.95668336051026726,-0.27681658357671302,-0.090163888445975018,0.28237615349991169,-0.95767018108186264,-0.055960094721385231,-0.070856585137698616,-0.078996223476497263,0.99435352919325204,17.586677710857042,13.478562480013561,0.1161005196498935,,0.1708590863781654,0.3636363636363636,0,4
-0.91642623462752448,0.39721102560538829,-0.048850359506698367,-0.39704554796932423,-0.91770016036014612,-0.013462856780872416,-0.050177577902456583,0.0070581026118109744,0.99871537179687253,7.1570816286174628,12.545751824727018,-0.69742251795096499,,0.1184429545981192,0.1875,0,3
-0.70463219865472548,-0.69779243342828712,-0.12876018200219191,0.70667615708796894,-0.70648474403570372,-0.038576099442364127,-0.064048993921750258,-0.11817371236885273,0.99092517380606304,-9.2023449357101228,6.9045100089101235,-1.6211949392713378,0.4574456990051163,0.2781245709592404,0.3802816901408451,1,3
-0.54865217816007306,-0.79430237608318954,-0.26089178359773335,0.83384912039485182,-0.54251375212200803,-0.10185515782341283,-0.06063358654194425,-0.27342743846786743,0.95997968940804224,11.399073188626623,-22.183084390607586,0.037016516330894027,,0.4951438835745889,0.2,0,1
0.35101499749528353,0.93491485200481261,0.052179411976426129,-0.93505113168934539,0.34701959296439194,0.07250367732261849,0.049677486448699813,-0.074240296333239711,0.99600227195548729,3.8805231058003562,-20.203451231337233,-0.80535161979674108,,0.1466743737173828,0.4444444444444444,0,3
0.73508001360952302,0.67478050693515601,-0.065792408773035521,-0.67445884330526729,0.73768850160127608,0.030347047510199964,0.069011899547437139,0.022066763822522154,0.99737175398908162,-14.496953736987603,9.6232173479495895,-1.7445267166974407,,0.07148745745994936,0.2424242424242424,0,2
-0.26694271826779753,-0.93677709186975233,-0.22625265813211626,0.96278097174837862,-0.26955046022178109,-0.019883405982718535,-0.042360188892956549,-0.22313948449854162,0.97386569138391876,-18.23851364691382,-2.2314402271313338,-1.8946656244156816,,0.5755332481245918,0.3333333333333333,0,2
0.69419167007527482,-0.67349270012823703,-0.25397934575881659,0.71935836616961746,0.661371687536907,0.21239357793107091,0.024929224213334013,-0.33014401978312391,0.94360132470316149,2.9337401444939659,-23.198241579750775,-0.77968983354781807,,0.4034927534306774,0.2631578947368421,0,5
-0.92418908011947676,-0.36301208068818536,-0.11872983391864568,0.3742617010863053,-0.92275215100933616,-0.091960028858346157,-0.076175608221397725,-0.1294244840904423,0.98865898045282685,-20.162249872208175,0.65292823859012783,-1.9440421169613002,,0.3490141058588355,0.5416666666666666,0,2
-0.4282428490828335,-0.89286356096347619,-0.13929365998866625,0.90213740501525541,-0.43136514972517614,-0.0084976511411892167,-0.052499187439031259,-0.12930107929246754,0.99021465663362351,19.193253373275702,14.98675454774645,0.26210318564078827,,0.4109304211237693,0.6896551724137931,0,4
-0.88453026396287493,-0.45019010461612641,-0.12220917248508252,0.45843629527506774,-0.88736127200559045,-0.049255823199825931,-0.086269202547830284,-0.099593386579343635,0.99128138388724951,-11.182988164903211,2.6570126306912822,-1.7569702086909575,0.6957014432872654,0.5698978484168958,0.2412587412587412,1,3
-0.96894755243233166,0.24714460344272382,0.007757939451435247,-0.23827616222959405,-0.92487534585430276,-0.29636137593151224,-0.066068987797070655,-0.28900716188361458,0.95504437029462053,15.975738222219096,6.208067988336353,-0.08080375114039913,,0.4430311819541672,0.2,0,1
