axis_00,axis_01,axis_02,axis_10,axis_11,axis_12,axis_20,axis_21,axis_22,location_x,location_y,location_z,dbh,dbh_approximation,score,reconstructed,number_clusters
0.1827923775598039,0.95916388965024901,0.21585082695472688,-0.97979209645389642,0.15958883417317243,0.12057716091253441,0.081205876834830382,-0.23352952018589221,0.9689528207138024,-19.620568281574357,5.7152645576016248,-0.70795510256721472,,0.08041443653865436,0.3333333333333333,0,1
0.0036725527901644165,0.99700841340965729,0.077205802543344443,-0.99600953261830716,-0.0032376318797696789,0.089188164423724001,0.089171314274634192,-0.077225263548721765,0.99301799348267883,-0.8360722387383952,9.3510386747377456,-1.4603235160241954,,0.07386945525461401,0.2083333333333333,0,2
0.16963228809842953,0.98147468440729313,0.089063632881749691,-0.97941260556742482,0.15785798298957238,0.12582450183525998,0.10943415778502989,-0.10857394288717527,0.98804648880293733,4.050690444025804,16.4633756241825,-1.9561121130471764,0.5969285296645415,0.3428290260024273,0.131578947368421,1,4
-0.2198353639267564,-0.97349069706629388,-0.063152794812043805,0.97242488673759431,-0.22384120721230108,0.065459557034226457,-0.077860467636458527,-0.047021023799160795,0.99585479408411315,0.5992179702198287,-18.881359781828074,0.19767082653434395,0.3709580157918972,0.2973335509972557,0.5277777777777778,1,6
0.97211719667979291,-0.23430646213796255,0.0094147607410933407,0.22875065575373454,0.95636935556234248,0.18174375706886442,-0.051587725397199996,-0.17452259894254812,0.98330085378112109,8.7966928218087226,8.1121661944013876,-1.74225097328943,0.7169074222641104,0.2250590865091134,0.5641025641025641,1,5
-0.95563571703132744,-0.29366772618351128,0.022795677928603104,0.29430150176629027,-0.95514768535674988,0.03285612904386756,0.012124454302138602,0.038107292685878806,0.99920009600281057,-3.4422599997054548,-2.7365120501606497,-0.85993858838973825,,0.08044328481825033,0.41015625,0,5
-0.96687320320100478,-0.25506806541156063,-0.0098229801502830172,0.25504056778150508,-0.96375235909812818,-0.078330703548997502,0.010512740723359905,-0.078241116684242107,0.99687903475922635,1.5125725389653326,9.5247029441939848,-1.5494887833972757,,0.5828802521450835,0.4556962025316456,0,1
-0.88559687757180139,-0.46382766148632443,-0.024126145054744415,0.46441513232000892,-0.88364787333082395,-0.059034064997255484,0.0060626155464128285,-0.063484930479911189,0.99796438227759232,11.107108960611049,11.975789121898067,-1.8729910462221382,,0.2352324155132968,0.2857142857142857,0,5
-0.71981795737056209,-0.69249613549467048,-0.048075051448947692,0.69307619960293931,-0.72083915368911911,0.0060246205442241168,-0.038826405844717304,-0.028983043899876351,0.9988255570295943,21.642417170886869,-15.208595566717982,-0.60443513841600227,0.3127421461225408,0.3032709828321148,0.2666666666666667,1,5
-0.60646675413784512,0.76939154220255712,0.20058596888286495,-0.78852535008672231,-0.6143887131328748,-0.027464184778410353,0.10210704381245714,-0.17482323633344998,0.97929106380165643,14.83124039366159,-0.095732083504815144,-1.4447047084263851,,0.3683699771269123,0.4827586206896552,0,4
0.75261925824719433,0.65207673073930217,0.091434071022706689,-0.65742785275417537,0.73640720788824898,0.15966540825509665,0.03678138847945215,-0.18027856610971721,0.98292765148964389,-16.915825621948585,2.6495684133131725,-0.66740721993507801,0.5665133659274514,0.3798072768260907,0.9230769230769231,1,2
-0.25675432454064101,0.93953647848907773,0.22660190294439686,-0.96182254050739013,-0.2713774696966863,0.035378941659328894,0.094734457308780884,-0.20886712170508509,0.9733447015672525,-15.502769399116103,4.3777031127771533,-0.84269602670904231,,0.1731386675256885,0.2093023255813954,0,1
-0.58071863298561022,0.79996002032945734,0.15109545055301501,-0.80886326118683027,-0.58798154449446172,0.004234151167987448,0.092228488036669568,-0.1197567084066771,0.98851010960235908,-27.625020705830185,2.1325840213014078,-0.20150404346675771,,0.1508531661385783,0.2857142857142857,0,1
-0.57933587180730584,0.79693919347865272,0.17104931901315637,-0.80897338499670379,-0.5878442078599968,-0.0011178785395497184,0.099659470218564916,-0.1390219737417388,0.98526183363241449,0.67848255931278367,-24.047804594963971,0.64034757468326953,,0.3505460290617914,0.5,0,3
-0.1190620687729091,0.99166345224894425,0.04927292616864215,-0.98854006290356522,-0.12303329946152056,0.087472002710737171,0.092804998863910568,-0.038293663931742335,0.99494765062718371,-6.3646213748430913,9.3865667772819119,-1.3200759636321568,0.2851412511980942,0.1670618250565392,0.7050691244239631,1,5
0.33977906430590088,0.90107552165030724,0.26946816461696083,-0.93763968853925306,0.30219336203970204,0.17178762008699705,0.073362128754688311,-0.31103388275518867,0.94756314926384322,-1.8973956173343534,19.256695475502838,-1.9170187395298133,,0.3198731096242416,0.1666666666666667,0,4
-0.29135108556580025,-0.95661397473225873,0.0020611372051122685,0.95328424831939507,-0.29015594551478663,0.084015886524787239,-0.079772719934546113,0.026442969375028425,0.99646228354357458,-8.5396030249885495,9.9511637635311274,-1.3669038273443619,,0.08186443964618072,0.28,0,5
0.92792041328912889,0.36817324294478387,0.058413780744386058,-0.3727426946099448,0.91853724046681995,0.13172783111596792,-0.0051565702021335201,-0.14400625352782648,0.98956334245394795,6.4962681866499983,-7.5234983803142628,-0.74365286788515361,,0.07962085404665756,0.2727272727272727,0,5
0.6962845246082876,0.71297699302308837,0.082774804202526087,-0.71547659906630068,0.68022973830208133,0.15931333691189589,0.057280860499227357,-0.17015084645466158,0.98375179413876113,17.069070039502741,-5.5264235813957407,-1.0874311075967449,0.2457001093310951,0.2473655099871983,0.3448275862068966,1,5
0.093252752823061794,0.968531060181269,0.23076288600004433,-0.98932210676091359,0.064063694888696412,0.13091070266161375,0.11200755851758568,-0.24050660793698897,0.96416330482630097,6.1148882636134179,8.4476112781168737,-1.7001502528061228,,0.2167577684720665,0.2272727272727273,0,3
0.9668411547110819,0.24933898111533553,0.055210995764486688,-0.25518705498773619,0.95163809223321116,0.17106872413570764,-0.0098867853029142791,-0.17948541419039898,0.98371095224627492,-6.3544423396926568,18.364083196323097,-1.7349069516822391,,0.08918483699906968,0.1052631578947368,0,4
-0.71903303694668586,-0.69324631234751799,-0.049000430567424452,0.69375379643569923,-0.72016180973539046,0.0085227771120484526,-0.041196622559137155,-0.027866076423038729,0.99876239420319834,7.2430171057587973,12.064952837711198,-1.7316136588901931,0.9496420145969195,0.2674180746302722,0.3170731707317073,1,5
0.21262486886125398,0.97090810658794291,0.11012771541964163,-0.97382764302191305,0.20129163887310927,0.10555281998204993,0.080314300271619052,-0.12968856804511653,0.98829676134766675,-18.569052822192127,3.8803063160437818,-0.67194336685210232,,0.1155687544335078,0.2903225806451613,0,2
0.99922630741204199,0.015702059811935645,0.036058728393525134,-0.021431848370593334,0.98614865929390005,0.16447339495573207,-0.032976695576050659,-0.1651189483085049,0.98572220755057482,5.9384823970303939,-14.652541738880258,-0.22833318518823645,,0.07375275387547214,0.28,0,5
0.64464768696543451,0.74100319291547956,0.18799901004840416,-0.76229796562859431,0.60450155108370585,0.2312567541411501,0.057716300025400687,-0.29239039455231464,0.95455575315689123,-1.1095566648001318,14.505259657188143,-1.7320532612199186,,0.2421082198582836,0.3260869565217391,0,5
-0.99928777990000883,-0.015328875459590177,0.034481277813543987,0.017587471477199596,-0.99765252964465578,0.066182406579522596,0.033385832167988842,0.066741708629333985,0.99721157762015933,1.3932789540244472,-1.380372443372851,-1.0624191895379862,0.18688783763186,0.1647061231093103,0.7323943661971831,1,5
0.40192918714613851,-0.91420677185582,-0.051758156970699978,0.90095421402690656,0.38474379848956142,0.20063328176297582,-0.16350667493164328,-0.12727210148647339,0.97829820578186377,5.9084251177147724,-11.345092822659593,-0.41442560757586039,,0.1705664845625357,0.3103448275862069,0,5
-0.91752354290879645,0.37569438888073503,0.13040043854075334,-0.3837794406545027,-0.92243531171342585,-0.0427368299604916,0.10422998195820042,-0.089257055002313263,0.99053989772916629,-1.1212925769388082,-4.2372995441027559,-0.82362337741301728,0.6389025429771775,0.5129613536691554,0.2785388127853881,1,2
-0.59636101306454126,0.79808548028842852,0.086099409111922195,-0.7973851867505577,-0.60132407573914859,0.050854890494788099,0.092360197311461847,-0.038326519399064611,0.99498777473059463,7.6372591775113774,6.5183117749456869,-1.6062447950835868,,0.0691884212042643,0.1904761904761905,0,5
0.051063866318855136,0.9917884133634437,0.11725282373824779,-0.99542059136214756,0.041044400154073402,0.08633193793854485,0.080810443933953008,-0.12112431768234981,0.9893424946989704,9.6975976703764921,14.061297871635835,-1.9307816982752322,,0.130011421594907,0.3125,0,2
0.20609962625664041,-0.97839404284488585,-0.016371957198614655,0.9731136047869462,0.20317179837883606,0.10849485020988638,-0.1028243951376771,-0.038292522365989276,0.99396218564662808,-27.446375578533686,15.909180057939057,-0.92579793806954103,,0.1392009256543902,0.4,0,4
0.078289803777617836,0.98146081224867399,0.1749439357183771,-0.99418424110091286,0.063845965461529305,0.08672593292025238,0.073948640089355366,-0.180716260238139,0.98075136090370862,-13.316578302431385,5.1445068798680582,-0.98801355394588497,0.245539128538092,0.1278610406847765,0.2903225806451613,1,4
0.84625728186687621,-0.53270987262525771,-0.0082948474891181203,0.52618721525871737,0.83325214373313095,0.16975829718284074,-0.083520221417104662,-0.14802383784959502,0.98545081868285755,8.1710098182994102,-14.071127329656893,-0.3299378894084779,0.5802358103382769,0.6689426556913677,0.5833333333333334,1,5
-0.34149268998367249,0.92964465128898399,0.13836027254056105,-0.93480103045340635,-0.35123524044852311,0.052733664108591233,0.097620572375728853,-0.1113311645355924,0.98897704505826811,6.828566526856922,10.208174630804999,-1.7353374187106958,0.1464087942444988,0.1268388697365011,0.1666666666666667,1,7
-0.48959555408617172,-0.87178218999709334,0.017088201278298732,0.86982574674162383,-0.48694216592282197,0.079312655684757899,-0.060822394925163691,0.053694881043392102,0.9967033139431738,3.4120475463480133,-2.4102162667021281,-1.0538295441712111,,0.07933013784612897,0.3015873015873016,0,1
-0.82039518806246248,0.53490002494645872,0.20207349830256277,-0.56625095613697396,-0.80911454452094578,-0.15714168294449132,0.079445516411695172,-0.24334259215546691,0.96668132947995766,-19.92371628048188,13.612009299412454,-1.0554300103220189,,0.1451519528300957,0.4444444444444444,0,3
-0.78288074095859062,0.60405249916371928,0.14905812185248507,-0.61544500328489526,-0.78699769849148826,-0.043151714922504317,0.091242497597230618,-0.12551972284530724,0.98788643365978757,3.9376340526865112,11.676084595660987,-1.626728173921401,,0.4270812474400739,0.4285714285714285,0,5
0.97116782591153628,-0.23762049592923956,0.019223782890032348,0.23165756914967045,0.95967839837062796,0.15922356093384252,-0.056283430687250037,-0.15017946469184687,0.9870553701869742,-6.0702908081700571,0.63817460914030377,-0.99919476852572731,,0.06899514359635457,0.2305084745762712,0,5
-0.56978870754340472,-0.78397241350695801,-0.24643068724510017,0.82004037811733166,-0.56197310496459496,-0.10825898370868245,-0.053615361727781752,-0.26376786035551847,0.96309496355773316,-11.091105105598208,11.212802382702645,-1.2638807763075572,,0.7400153202224274,0.2352941176470588,0,1
-0.39420682374824606,-0.90953849145110344,-0.13168413981634239,0.91648227062534671,-0.399705674239693,0.017193650281468468,-0.068273184631509803,-0.11390832519813132,0.99114260614244021,-18.975485299843598,2.4349890420640827,-0.5675092214415689,,0.2801425829658247,0.25,0,1
-0.9158770696929448,0.39284573665603889,0.08271287929844566,-0.39573748073711024,-0.91811445702695693,-0.02139369388259231,0.06753546883312786,-0.052326580141176013,0.99634376068715325,2.5721736783963416,6.405063740134012,-1.5282139274728541,,0.07276754958119727,0.3061224489795918,0,4
-0.9093509881080456,-0.4160297830841122,3.7291195538417454e-06,0.41602951602163579,-0.90935039413751217,0.0011412627892882351,-0.00047140823433350262,0.0010393598689333533,0.99999934875245722,-1.4411862935023754,-26.137847350491871,0.8210878310865235,0.9432254985383868,0.8263953919094351,0.7027027027027027,1,5
-0.48156929472895449,0.86551189010508445,0.13776858299693306,-0.87124481589739533,-0.48981851238601831,0.031785148982872984,0.094992026750525441,-0.10472341195107096,0.98995430290653075,-9.7605005493966708,-2.0054337156550117,-0.66998455629912324,,0.07565677007133298,0.2222222222222222,0,3
-0.6552393855451113,0.72738186877077038,0.203904302588265,-0.75009523777063114,-0.65846607486107822,-0.061478146774814925,0.089545976482951858,-0.19323054944958118,0.97705858209993102,5.6333489689521059,-1.5944423059554365,-1.1438448988923264,,0.2446472872655837,0.3809523809523809,0,1
0.5830964175974046,0.81000429642440364,0.062382750493060281,-0.81086234020679659,0.57554552789131641,0.10606418131802639,0.050008329500497696,-0.11242946721528227,0.9924005148538857,-6.2225935966139492,-1.9630854156459892,-0.80307339892416596,,0.0742550384314731,0.272108843537415,0,4
-0.24601788212620726,0.94228632952825553,0.22709397803179082,-0.96428551959484765,-0.26166068029831879,0.041074628245621962,0.098125625469754563,-0.20887834155313714,0.97300626927897071,-14.974319561938552,6.0696242815995607,-0.94670435443793488,0.8715372980281504,0.7641861512991279,0.776,1,3
0.33906735541602323,-0.9077431926907028,-0.24705389010269407,0.93549040401707118,0.29757129283855743,0.19054928409828012,-0.099453670033646954,-0.29572558530177873,0.95008175738446821,11.200553532520845,-1.795464035983626,-1.2503246344638042,,0.1605247614644033,0.5,0,2
0.68552540766363546,0.72025742831357487,0.10622689116566314,-0.72735551876641436,0.67117802106113944,0.14308743258753834,0.031762631623445593,-0.1753547860868595,0.98399280191919347,-12.127328298250518,13.078529666015976,-1.1976441478056699,,0.1663024401950974,0.4893617021276596,0,5
0.47042752692966949,-0.87892268529644246,-0.078694695997415784,0.87658910082649344,0.45519605088537424,0.15616690933280278,-0.10143712446158432,-0.14244812574986923,0.98459079888617407,21.79038517526989,-13.985385824203412,-0.69429832904889999,0.5394888290100951,0.3945425783773383,0.4375,1,5
-0.72954413739087387,-0.6839275970571782,0.002897167962100473,0.68311381055549525,-0.72845563817928305,0.052037534849043533,-0.033479447829341029,0.039942773919802721,0.99864092715281549,-17.727236805802853,0.11460693001374146,-0.43543562777747702,,0.1232291767648795,0.5882352941176471,0,3
0.8872703103300944,-0.46104067144139493,0.013888689052788452,0.45569960175912672,0.88085341748852586,0.12819957041799282,-0.071339115240593998,-0.10741860255864524,0.99165113546097261,4.1787607236470379,-8.2156985372648261,-0.63389299545357436,,0.07913656802773122,0.28,0,4
0.47721864296506666,-0.87012359037526954,-0.12307438514585582,0.8716235977574297,0.45082227915013634,0.19243590219673501,-0.11195834332007076,-0.19910853847669854,0.97356105061095088,5.6538587980057349,5.4826625206690656,-1.506408285119045,0.5958091313784635,0.1965534020381505,0.2333333333333333,1,6
0.94824279283422652,-0.31326525389298376,0.05196620576210878,0.29348749030286059,0.92706957502403942,0.23325328743765872,-0.12124643860202126,-0.20592931740796674,0.97102647613657511,6.0252147104843417,-4.3158406223691621,-0.96951266904677702,0.6345019223709468,0.797364338524239,0.5052631578947369,1,2
-0.99665596090756459,0.05861786351423294,0.056928390671487791,-0.056541242264143886,-0.99769842300559453,0.037429195227484155,0.058991385054482003,0.034085228606780628,0.99767640729856744,4.3422668165949867,-12.366749585895308,-0.3072707874638807,0.6122331358128905,0.3226679492831197,0.40625,1,7
-0.35634369221392875,0.93270726625094913,0.055464659937895164,-0.92964118881624658,-0.35987597306030622,0.07909831901004212,0.09373597535451085,-0.023376045358000093,0.9953226247944732,-4.3999650102130499,17.400754617540077,-1.8019159937393687,0.2696718769686519,0.1931891757586749,0.4054054054054054,1,5
0.97088035418882812,-0.23950912952273162,0.0051686289709968539,0.23448630458490435,0.95449614020262907,0.18426418887130355,-0.049066391881734082,-0.17768650824850876,0.98286316136793006,12.517981265739401,-11.953994384115223,-0.57771036441462587,0.7034603890464033,0.6165828628889606,0.4935064935064935,1,5
0.94706503419937604,0.30394056636761213,0.10338255710259375,-0.32101761209615604,0.90050019900632261,0.2933378330758864,-0.0039387461225352336,-0.31099762652745411,0.95040252660295133,0.17147713668173636,-3.5562957989776458,-0.90229601982137464,,0.06610723531343263,0.16,0,1
0.7250217312907733,0.68653299894858077,0.05491748820548905,-0.68798167883991779,0.71822604004959134,0.10407960883522606,0.032010915899744377,-0.11324220392306564,0.99305161221051785,-12.057533175753656,-1.6393097796704033,-0.59271047691563694,,0.08131646749340686,0.3181818181818182,0,3
-0.97394486548701309,0.20092685291940837,0.10516557786360829,-0.21747783760261499,-0.95896660298140379,-0.18189679633791714,0.064302326110140473,-0.20002863330585829,0.97767773663647251,22.201929689849131,-16.026966266892078,-0.56961907278989743,,0.2632806411737035,0.1333333333333333,0,4
0.83253826112440621,-0.55060054451057816,-0.06098429427815865,0.54849886044496332,0.80387909566661242,0.23005955672565839,-0.077646917868816959,-0.22498319922804166,0.97126387568497008,-0.37595157049428091,1.4720834494699129,-1.2321571452086215,0.7570142304580274,0.692527817697019,0.5845896147403685,1,1
-0.99907099769888019,-0.037415488345354513,0.02138276850274266,0.033328434651251689,-0.98538987591169336,-0.1670209804019665,0.027319535147225515,-0.16615316332413138,0.98572144610773449,-7.0692102792313039,7.1678987957306726,-1.3073552714916037,,0.412680365502625,0.3220338983050847,0,4
0.6325929803420286,-0.76889165516481173,-0.092907178624184683,0.7691612592987932,0.60966782709928391,0.19156225566100632,-0.090648102108564235,-0.19264154073811343,0.97707326151428453,1.4026583718621211,0.22198210429269399,-1.185322572234464,,0.105686859690649,0.3502304147465438,0,4
0.75473336374665212,-0.64490339679440067,-0.12032106403580667,0.64992984782817764,0.71007334891524021,0.27090040986004238,-0.089267813626786291,-0.28265782841333253,0.95505801367610832,10.00062949932904,8.5180160560812244,-1.7958222229816387,,0.2325573525082135,0.125,0,5
-0.99545373035989859,0.087580474085038787,0.037437030753012933,-0.085802370528494404,-0.99521597994930711,0.046723724864689856,0.041350017221920547,0.043299120228708396,0.99820607204282552,-4.6984537535245678,2.5394351854007104,-1.1451894337174575,,0.1179122756030213,0.609375,0,4
0.86125799042101092,-0.50693686421894912,-0.035350949517968154,0.50436446575546934,0.84424547177768217,0.1812900136965083,-0.062057712003932133,-0.17396723564723071,0.9827940991388272,-3.3910512143924745,-10.268755210153094,-0.31376552299835292,0.5483887979280732,0.6691094048526802,0.5863309352517986,1,5
0.98712134944418628,-0.15694363774137846,0.030986062092360399,0.1406153947576633,0.94360126495069063,0.299739826417183,-0.076280746120073961,-0.2915224645819931,0.95351764557107466,-4.4668539506682956,-8.8043419344229026,-0.36372235146419202,,0.2888831785987103,0.1739130434782609,0,5
0.99923125582110928,-0.03662278587136749,0.013988171617074528,0.033290832627688657,0.98110917312473611,0.19056891371221132,-0.020703088009376293,-0.18995673708904609,0.98157415419384375,11.351587190477044,9.1294109530615675,-1.8466374357039332,0.3358873286309487,0.2490273110514545,0.76,1,7
0.99034783675223337,0.12513007043305044,0.059612311761842784,-0.13711315262906998,0.94737209398422395,0.28928549724461416,-0.020276725975578735,-0.29466689840117111,0.95538488232248286,-16.145478071942321,12.786992300485606,-1.0633143789454316,,0.4886733451582265,0.8021978021978022,0,2
0.571576218020732,0.81683730495693729,0.077957964466776636,-0.8186419533999324,0.56119478544024692,0.12200723309794967,0.055910456326690949,-0.13355609317946454,0.98946287997477622,-2.9847842954505963,14.700980193875552,-1.6960467866786264,,0.08370378945269129,0.2592592592592592,0,5
0.84782220458005642,-0.52170096215923456,-0.09500323943499242,0.52311414476455342,0.79347797214461868,0.31103745637545704,-0.086885562484589354,-0.31340200031811122,0.94563739627213539,-10.169114632951702,19.410670129450853,-1.6825987478798252,,0.4991796484344408,0.2272727272727273,0,4
0.52332990127251644,-0.83970421792790229,-0.14499186469656944,0.84435384484838472,0.4880577303078934,0.22105708895318898,-0.1148581695999394,-0.23811022296574744,0.96442268876014825,13.806214492211433,-2.4496284129835439,-1.264367281583336,,0.2818851054033971,0.4782608695652174,0,7
0.86944581787344921,-0.47900892722280075,-0.12089010473661896,0.48944777091483926,0.80195171818674604,0.34251178263502324,-0.067118174355864313,-0.3569648292734004,0.93170341919140121,13.111572120432886,11.548236551910842,-1.9216633780276076,,0.5331784488196342,0.4186046511627907,0,4
0.15165339612961951,0.98540708150059897,0.077292503975637028,-0.98500994948250697,0.14416241506582525,0.094723795863853419,0.082198825191245578,-0.090499070773460893,0.99249849940759038,-3.5629343529036879,-5.2896786814571506,-0.64746381546518361,,0.08542207772504049,0.3544973544973545,0,5
-0.94728796065255283,0.30934182750886591,0.083385570431601261,-0.31755385219134402,-0.94107734554851408,-0.1163313399467327,0.0424861219831425,-0.13667868688584683,0.98970392845031963,-3.9518814369085593,8.4607836656818804,-1.3631201779566315,0.6023423053369934,0.5904817903026943,0.7794871794871795,1,3
-0.43751180954610119,-0.89835427344007146,-0.039281241065635263,0.8965330886564532,-0.43916154740642005,0.05801341417050087,-0.069367409147347264,-0.0098353785671494252,0.99754269476380031,-12.455256874503391,23.161338008171242,-1.7436119342927736,,0.1312257063611934,0.375,0,4
-0.9356613067450239,-0.35271009369647538,0.011554603620104581,0.35289508468291603,-0.93498834374907069,0.035522616176282017,-0.0017257655784417602,0.037314700293496282,0.99930207388715797,-13.894867401253109,11.954093699629251,-1.1423836246218142,,0.08649547791177296,0.3703703703703703,0,4
0.03557426351693755,-0.99897010584833623,-0.028163795848416745,0.99549289092803039,0.032943231847861895,0.088930577346439055,-0.087911181808575614,-0.031200498341882869,0.99563956983249602,-3.9759742462821381,18.13442316362017,-1.8383728535130777,0.4289182504662955,0.3894380761420345,0.7796610169491526,1,5
0.72703225800372751,0.67628253549230621,0.11860028672013975,-0.68562427154817351,0.7058615246693648,0.17798557878512791,0.036653159291370259,-0.21071649242415216,0.97685981887598594,-4.2105946553139191,-0.49237731675871677,-0.99232282513473846,,0.4769516467668454,0.6999154691462384,0,3
0.58867619728851062,-0.80390736164695453,-0.084813257429316585,0.80009384105947023,0.56446031695069543,0.20306254230316395,-0.11536975446208662,-0.18739665012415138,0.97548568173889905,8.1368351671778676,11.292494420289076,-1.7774888990918614,1.143573858522769,0.5396642423535001,0.5384615384615384,1,5
-0.4504617235128478,-0.89194771730455624,-0.038903794738124373,0.88803420332029148,-0.45212809978912327,0.083519070363432549,-0.092084142951596532,0.0030742440156961825,0.99574648361950124,16.810984261518673,-10.384263123719442,-0.77049117525786592,0.5926687186286688,0.5233576849028174,0.717948717948718,1,5
0.41134859881019742,0.89775824698889128,0.157551452612536,-0.90901099129698981,0.39135100458309552,0.14332972096905211,0.067017519785141214,-0.20217448200807814,0.97705380141863929,8.0722197101887154,3.2479595761689271,-1.4819911616630197,,0.07553638787384989,0.2424242424242424,0,5
-0.055840252030608245,-0.98806949376859177,-0.14352888816205894,0.99678268376355772,-0.063447157180329242,0.048976929210124344,-0.057499109578123743,-0.14033222626899802,0.98843346699113199,7.9094361829217084,-6.3928250051208888,-0.83495874757455313,0.5383592195620256,0.3395758428843988,0.75,1,5
-0.47755103657087233,0.85656915151582824,0.19553592033572767,-0.87368462671357094,-0.48648544187633747,-0.002662308538453494,0.092844927241366296,-0.17210811576982457,0.98069292644115003,20.476388511752948,-1.7642544267481037,-1.4552287572759919,,0.2345703145867583,0.35,0,6
-0.62467378278203856,-0.76146516022692956,-0.17307072214951141,0.77949500690194651,-0.62127523902691617,-0.080028817228429444,-0.046585398138381036,-0.18489966774611383,0.98165264403844188,2.8914990735194346,5.3395726922927373,-1.461141826059454,0.2876271822964512,0.1187790070542127,0.1509433962264151,1,4
0.51391840668149968,0.85414178706320742,0.079559278946081544,-0.85615669470186473,0.50489429810928954,0.10989750613142943,0.053699025979325854,-0.12459356054467528,0.99075368244567918,11.784534369277834,1.5676763049688838,-1.4455481746078782,0.3895156269925571,0.4145170353047995,0.8782608695652174,1,6
0.16022945143028677,-0.98302389923150124,-0.089389800503440545,0.98407671492125848,0.15202684862576862,0.09209156555679944,-0.076938560190154159,-0.1027222022574147,0.99173010800280381,-13.676091496518199,3.2035883021390235,-0.84327252008596676,0.4141183170945823,0.2415794758897578,0.6846846846846847,1,4
0.32268012977103577,0.94314256348293368,0.079747343515562633,-0.94368345614254168,0.31406894116912731,0.10402997066121007,0.073068929469484553,-0.10882465317998888,0.99137184063621642,-1.6559904117429769,10.544506959098857,-1.4665107050353168,,0.07401503884516276,0.2537313432835821,0,5
-0.098985946779612394,-0.99483545171460697,-0.022454539673224506,0.99143157296834827,-0.10052991026610333,0.083409671282140371,-0.085236250865750957,-0.014005754306066268,0.99626232508545021,-1.9011617505060634,-6.1756465875735733,-0.62225019026602812,,0.07439660005973675,0.2605042016806723,0,5
0.35000371304373917,0.90376903794561514,0.24637152210930147,-0.93026065694367288,0.30444251979954384,0.20476782530669088,0.11005685348183893,-0.30085923317884483,0.94729679130287114,-12.64934520362862,3.8500809717875808,-0.95032272132817597,,0.4179325896334543,0.1103896103896104,0,3
-0.94957147218654925,0.30954311801370482,0.049970764451050129,-0.30817672942927815,-0.95074782395866098,0.033251746963787396,0.05780244499796023,0.016175083561572736,0.99819699660138883,10.012915105114711,-13.482138630189446,-0.41910933342229401,,0.37458462406,0.6666666666666666,0,5
-0.77362807455381444,0.63082586011992359,0.059651793486151634,-0.62821499897504463,-0.77589073000217257,0.057788321999165587,0.082737641523919811,0.0072325168961479992,0.99654511858440442,1.1678644585556024,17.226164739721078,-1.9689086484264411,,0.07290971086441173,0.2631578947368421,0,1
-0.77617827931415362,-0.6187848910947773,-0.12104766529654003,0.62928138263924593,-0.77224771439547923,-0.087397992394543239,-0.039398225652402377,-0.14400946553536739,0.98879171398816812,9.2221085718721696,-9.4299969845177749,-0.60852087442625324,,0.4513394198369312,0.3243243243243243,0,5
0.98572082924144921,0.16277805389259492,0.0431016469579691,-0.16728090809504198,0.9759192037624973,0.1399957339152588,-0.01927549186008207,-0.14520679356873512,0.98921354747852042,3.9613933052048207,5.9618161150991362,-1.492910588190143,,0.06931981902619076,0.2203389830508475,0,2
0.4388590550549214,-0.88225288903561894,-0.17038946441785932,0.89352990570064517,0.40845811674909493,0.18645716526961001,-0.094905412990499566,-0.2340764974321137,0.9675748838901389,-5.3390385299421652,22.699496325948388,-2.0342714975552583,,0.235720591194004,0.1666666666666667,0,1
-0.37322964400887376,-0.92730231035178545,-0.028461518744617338,0.92462589122937244,-0.37431326936817938,0.070402682073863923,-0.075938093874537663,-3.9889167285157349e-05,0.99711253342215911,7.5402565976016644,1.3006631675884326,-1.3310630698637029,0.2209568013904857,0.2572386894771676,0.4782608695652174,1,5
-0.96508813632322554,-0.26192448907841726,-0.00067167639071216278,0.26189326531392743,-0.96492660625398796,-0.018126282751039269,0.0040995989282660633,-0.0176693679618663,0.99983547982878473,6.7261013435141326,4.9754972270193862,-1.5216889807010685,0.462822134126344,0.2101156950021806,0.2558139534883721,1,5
0.81224445254698152,0.57555705321325701,0.094831575981452809,-0.58288452441887617,0.79458383086561457,0.16994754167067155,0.022462869354442548,-0.19331480601184153,0.98087960794226381,12.780779221732866,12.89593688988211,-1.9414587382825987,,0.1477760703411566,0.2352941176470588,0,4
-0.99096708959828872,-0.1340276953891946,-0.0045611623254883911,0.13408415306205412,-0.99084145394970002,-0.015957851750063947,-0.0023805946168640028,-0.016425285492393565,0.99986226189698957,-10.106656336767722,10.972471117045675,-1.2929509379786632,0.189910735894982,0.1450950108076888,0.25,1,4
-0.73409166128670256,-0.64949417069836302,-0.19815840900192652,0.67813299435152929,-0.71635487192059277,-0.1642295328114298,-0.035285617483024306,-0.25493728582629294,0.96631356478855501,-15.675320223800686,1.6188578077751066,-0.63675843716237823,,0.09459011235621245,0.4615384615384616,0,1
0.9903999879391614,0.13387888917424992,0.034413760671821066,-0.13762289767382718,0.97832561266279394,0.1547221175004653,-0.012953838271640034,-0.15797290476989195,0.98735847564731749,6.1821616608257282,-19.655854699047044,0.1628561862337124,,0.2167507287640261,0.4117647058823529,0,2
-0.92686567233216843,-0.36592586495725593,-0.083775215950308624,0.3753896985599946,-0.90444060212216959,-0.20265678238816312,-0.0016123483721690076,-0.21928396792326363,0.9756597469120859,-16.58228785657214,17.388447121125843,-1.3605297671280487,,0.1372091311337787,0.1111111111111111,0,1
-0.99931416315761556,-0.0035277752436122995,0.036861336308179553,0.00039288047310723939,-0.99640566212575687,-0.084708925909054725,0.037027678262726786,-0.084636347307539384,0.99572367640671744,2.4276022055951589,10.555101209337408,-1.5665284854034685,,0.327647578555715,0.2,0,5
-0.98714671171756263,-0.15926318599792219,0.013289361572126341,0.15909233387963193,-0.98717734621679054,-0.013058193485584861,0.015198646187578617,-0.010776117211986921,0.99982642316148995,-1.4207433926495605,-3.3964406513227035,-0.87670377520268694,0.6574883051385316,0.5822187499062853,0.6230859835100118,1,3
-0.99874105017322534,0.03040248425261393,0.039899920427904377,-0.035460140918638347,-0.99049755876929724,-0.13288026368913375,0.035480883654636385,-0.13412783090519639,0.9903286484151379,-12.961363277127422,-0.53200602689337395,-0.59994247782107102,,0.5863004852937045,0.2222222222222222,0,3
0.57567188654986268,0.81097983565662968,0.10446810611123138,-0.81489139244690878,0.55846242553723724,0.15515069377545146,0.067482572209867961,-0.17444605304050692,0.9823516056008299,-0.22325226090792538,15.840965859480884,-1.8365612351364426,,0.4047844913251887,0.3043478260869565,0,5
-0.93002183405625938,-0.36518279543222837,-0.041242139844268458,0.36750340015946042,-0.92438893605297878,-0.10220736653527909,-0.00079940594607187329,-0.1102117091018214,0.99390781269038642,8.7696833833498786,13.09377193377901,-1.8323671108124899,,0.7513380751568304,0.6363636363636364,0,1
-0.058975098065565043,0.993306000142548,0.099323350169882627,-0.99376644095806532,-0.067847667455206748,0.088458774841323196,0.094605489448008243,-0.093487347281329111,0.99111549138564203,-8.3764351886307935,15.728557681205436,-1.5257332673589208,0.7851227734112998,0.851630987716269,0.7631578947368421,1,4
0.18201442817192129,-0.97873602996328546,-0.094586106743822645,0.97839502277064339,0.17067540043224527,0.11667513490424675,-0.098050636687784257,-0.11377913402288717,0.98865584573506704,7.807589510691888,14.62767892674135,-1.9245233045852417,,0.5571283342415528,0.3428571428571429,0,5
-0.56208405653296489,-0.82537352552263132,-0.053104206592219344,0.82529244995190965,-0.56393107354139016,0.029565458677832387,-0.05434965909573021,-0.027208227814351303,0.99815120442515159,-5.3490410825860373,7.2319140448108126,-1.3297499779553259,0.9687960368852757,0.9365048705563435,0.7111801242236024,1,1
0.87545807209820614,-0.48221306577839623,-0.032306705042364027,0.47754693755252259,0.85283427736038708,0.21124066320998855,-0.074310742374850511,-0.20036031181795635,0.97690002508747631,2.4208630297400906,-5.7098701646984056,-0.79130309155791967,,0.07489014536589503,0.2545454545454545,0,4
0.42266118049704871,-0.89325604968661965,-0.15313770338846897,0.90147681588150419,0.3969847598895585,0.17246057765058348,-0.093258119909123027,-0.21094248058104195,0.97303966669264341,9.187082761510899,-15.345627032740282,-0.26035697626035892,,0.5030427590334278,0.3255813953488372,0,4
-0.98535333895017851,0.16572987988046109,0.040154754818607481,-0.16354180606597571,-0.98512508195848514,0.052750834732421335,0.048299845635501791,0.04541123001082889,0.99780005266610927,-6.8760195845839789,13.981955856457072,-1.4954567178511613,,0.07675518448987372,0.4090909090909091,0,5
-0.2946921493196214,-0.95554118053122594,-0.0098787366789861632,0.95263890684954022,-0.29457781496378821,0.075518369206920469,-0.075070968329272111,0.012843801623776257,0.99709547510454299,1.8450212065826417,-8.2762233856485423,-0.58809030109256222,0.1478638714142082,0.1114251705835265,0.509090909090909,1,5
-0.37832395226144638,0.91518268182713614,0.1389663485487401,-0.91990821393964084,-0.38843566004450014,0.053727236409234484,0.10314972162666768,-0.10750998506875847,0.98883858037541017,-32.703491844232211,16.141176276089858,-0.67517057794051072,,0.6290512310641615,0.8043478260869565,0,5
0.85328635035089639,0.5145189534912803,0.084691503724311251,-0.52075016296322918,0.83247089110866024,0.18923922223081505,0.026863955006992967,-0.20557835964661036,0.97827187732572152,-2.7109517403536314,21.219694624771044,-2.001530448468742,,0.3167434147599565,0.1764705882352941,0,2
0.85732446290436959,0.50726910768686251,0.087594621366311923,-0.5145141285045165,0.83895979249269348,0.1772616093514158,0.016430973037872821,-0.19703938430473786,0.98025787635592987,-1.7219705263111289,16.995677764692598,-1.8898381952392174,,0.07674184432311243,0.1818181818181818,0,1
0.6815060173801134,0.71084972653334366,0.17390288830887024,-0.73061871365716446,0.64733656846132304,0.21714433537780872,0.041783292458203239,-0.2750418757574743,0.96052387947992368,-24.52553888247196,1.0545932921707031,-0.28883767374524644,,0.5262796417000528,0.3043478260869565,0,1
-0.5730135384529067,0.8016864455437156,0.17015971256782078,-0.80773408437663585,-0.58757147756417127,0.048222481160716445,0.13864030325240256,-0.10981166506587939,0.98423587850146077,2.809923230589912,14.16473813971619,-1.7891268663962199,0.5896266791564339,0.4242013296217519,0.1333333333333333,1,3
0.99818942239342201,0.044396459058627984,0.040581171064218026,-0.050386748557943763,0.98565850531851895,0.1610542966301223,-0.032848935928676881,-0.16280744858980017,0.98611088732050545,-3.7573678225860108,15.989384256562488,-1.7502540670075069,,0.08498724968069288,0.4814814814814815,0,2
-0.66602181784764103,-0.74446828024990053,-0.046711003550332135,0.74454126166725532,-0.66729761132378562,0.019292682459982512,-0.045532931224064113,-0.021928922073953049,0.99872212078776879,-19.425557537310148,-2.5831201957122945,-0.21612473521157297,,0.1724152876293684,0.46875,0,2
-0.99936381251414275,-0.02042969277467158,0.029233506295520184,0.012881505351950763,-0.97110798372180729,-0.23829257389107769,0.0332571354308418,-0.23776440356979342,0.97075334217196274,-14.72793418038664,-0.62807376930738634,-0.53128049316614279,,0.2218666084147805,0.25,0,1
0.31508832407830079,0.93459628300255559,0.16507312266790775,-0.94640976728866055,0.2964232437950865,0.12822563284547076,0.070907689358421955,-0.19662921536690592,0.97791055381054326,9.5769371729268169,17.040328633123998,-2.1370943186867017,,0.2014400652403933,0.2857142857142857,0,4
-0.87001333242529144,-0.48875608020522709,-0.064763380583946567,0.49297697458461781,-0.86427844585236169,-0.099982351264728042,-0.00710661182538775,-0.11891283403168829,0.99287926454877462,12.102832981663205,5.3407348705822555,-1.6771005042851137,0.5524587402704471,0.6156027493202628,0.6521739130434783,1,3
-0.97004394611725553,-0.24096122634533121,0.03086146463499977,0.2426688171572296,-0.96703562255081799,0.077161842236065564,0.011251123533869719,0.08233949305106518,0.99654082711312908,-7.0532014260722633,0.59114927797955497,-0.94814403448941331,0.250865804798548,0.1595285947180605,0.8183807439824945,1,5
0.91015508610481188,0.4114357933503347,0.048356046030705764,-0.41412899754742932,0.90061052583653967,0.13190092548118734,0.010718797875905876,-0.14007593905668789,0.99008274334496071,-4.0659160239380459,-1.842333534072057,-0.90302521614112896,,0.07202218580287048,0.3476070528967254,0,3
0.019086077662641331,0.98861202301450435,0.14927152973901051,-0.99562428376138445,0.0051331478173984686,0.093305607431251936,0.091476812494127632,-0.15039919795216131,0.98438410898960604,-5.0543639181000772,-1.4986031319560611,-0.90717417889205942,,0.09268415259125579,0.2262773722627737,0,5
0.66998448419386092,0.7305944166343421,0.13172922728921377,-0.74111926879712886,0.64792039226819831,0.17590166201783072,0.0431627195285142,-0.21547845290365183,0.97555420965580042,-5.3306409438903533,-2.9435957872456386,-0.76588285697075498,,0.07586879982687258,0.256544502617801,0,3
0.87336246696945563,0.48126271425465983,0.074994674192665228,-0.48255329447265849,0.83402239636836084,0.26748637413812465,0.066183980558820216,-0.26980148669756149,0.96063876587048858,-13.93959084599971,14.396152060321796,-1.2325734803530526,,0.2733786214721461,0.3333333333333333,0,2
0.091111720443508334,0.99172877089127964,0.090402983270994899,-0.9922862550956828,0.082748463455207519,0.092307528100303349,0.084063323429484443,-0.098115935414559277,0.99161818300781279,7.8791969896423346,9.299144209545041,-1.7810371485725083,0.6872422081145719,0.6978599730698198,0.7272727272727273,1,5
-0.83171060213874848,0.55191299701614949,0.060411240797158726,-0.55009309898674796,-0.8338912401681301,0.044977572389071775,0.075200111284201607,0.0041765171507103221,0.99715971637814049,4.5950060880126076,-17.453676445861426,0.031230838209815672,0.1700281586169868,0.1189249790649544,0.4090909090909091,1,5
-0.90954337378306682,0.40775427909992273,0.080419519291150932,-0.41020546914266409,-0.91185250932985251,-0.016014815462551808,0.066800630930885299,-0.047554695925376582,0.99663244308154142,3.4258749255174128,-17.540202663406671,0.054324659989520574,,0.08101726685999769,0.2941176470588235,0,4
-0.14378511081663603,0.98576268839526204,0.08716515401921085,-0.98511405642595173,-0.15096120235323748,0.08222536844594458,0.094213256707610465,-0.074044834740918775,0.99279465384778121,-5.1228288604733923,-12.476749248978587,-0.10979273111850096,0.4675082816111568,0.2445369225618247,0.3888888888888889,1,5
-0.79432303299486673,0.60055870540406309,0.091543217210418415,-0.60185962687307804,-0.79844632895168088,0.015762275336571045,0.08255851739243833,-0.042575828200778237,0.99567634804638327,-1.1050218605576441,12.524003355448048,-1.6369123507085019,,0.08725886973338537,0.2564102564102564,0,4
0.050903090698206914,0.97912235952528881,0.1967950213674125,-0.9948825805358168,0.032493532357899466,0.095670378390073016,0.087278441231289944,-0.20065785664293428,0.97576580092955678,2.6578950345779022,20.263852798227909,-2.0966311270336928,0.4872109654785823,0.3421621668745866,0.82,1,5
-0.97815572975489218,0.20159155930948189,0.050716975095586307,-0.20135225083742789,-0.97946949712211229,0.0098374432683703758,0.051658875620517929,-0.0005894255920669189,0.99866461494692771,-15.60056627094462,16.24299633674595,-1.3125490417311196,,0.1370199636939963,0.2352941176470588,0,1
-0.33926327100955028,-0.92183514745297679,-0.18740435924558599,0.93726110890116809,-0.34824828874433139,0.016270928922379586,-0.080262361572861984,-0.17012668899086048,0.98214808608872917,-1.7200595601841542,-14.567952377321072,-0.071428432220815324,,0.3447328887815301,0.3333333333333333,0,3
