axis_00,axis_01,axis_02,axis_10,axis_11,axis_12,axis_20,axis_21,axis_22,location_x,location_y,location_z,dbh,dbh_approximation,score,reconstructed,number_clusters
-0.78599300051661625,0.59819454759608626,0.15613547439707978,-0.59680600963482755,-0.80006953041162421,0.060920713806381886,0.16136167451610695,-0.045299334799069675,0.98585515176628324,-4.0516335447883876,-8.3903324711268272,0.090077147610069519,,0.2427048680167295,0.2473118279569892,0,5
0.97672371133694746,-0.20446255585877621,0.06485256327915033,0.18884700843250599,0.96304366823078469,0.19205129649832511,-0.1017231493725612,-0.17533384251846934,0.9792397278243139,1.3817496583183235,12.27706530483545,-3.7345939872375991,0.1089606313148279,0.1975542511902397,0.3636363636363636,1,5
-0.09192121199477514,-0.9957546349473082,0.0048164059592560307,0.98563549220006841,-0.090296751292031283,0.14272061246236944,-0.14167980555089857,0.017866272332464225,0.98975129654474414,5.5117423073121206,6.6618753294691935,-2.9826527279488935,0.4453062891869811,0.3789998598980984,0.8905109489051095,1,5
0.98648670752956935,0.14188221374671853,0.081935421459830043,-0.15397543962073387,0.97374572458467445,0.16766283979065993,-0.055995891465992667,-0.17801320533993334,0.98243359005254449,-11.159433493517506,16.394828140397042,-4.0089914715177724,,0.06488194066931735,0.1764705882352941,0,1
0.9488781473958442,-0.3156397407566795,0.0013473862427335228,0.29182128478512265,0.87888580885935386,0.3773593416519595,-0.12029380341892655,-0.35767483702477032,0.92606593275981863,-1.732362985440816,10.401965896608107,-3.290088821361504,,0.6982120008799702,0.4304635761589404,0,1
-0.54236945263372904,0.76372207107171808,0.35009138093891284,-0.82319604696678139,-0.56636033776065509,-0.039802463113506166,0.16787985319285434,-0.30978148099840114,0.9358695362722218,-22.839507961453119,7.6522483282506499,-2.1991815457214208,,0.7403549715193776,0.2678571428571428,0,1
-0.070300797104640766,-0.99691770048250461,-0.034826662072722177,0.98716149857063407,-0.074547685889997856,0.14126152437315195,-0.14342236110953036,-0.024448742158272228,0.98935953290027279,-5.6951453517271595,1.7876664380353833,-1.624826898985176,0.4354227310921506,0.5096714662666806,0.4727068092290377,1,1
0.96469717562991875,0.25041853570831984,0.08154701898512895,-0.26178752563164914,0.94560739350504985,0.19311641248803019,-0.028751534834138146,-0.20764685001773894,0.97778123060447142,-0.78351605790953893,-13.233917540004956,0.69944724800672287,0.7427330984342393,0.3770250256783604,0.3541666666666667,1,5
-0.99194134299887482,0.093031600735118777,0.08600868162139913,-0.08345178960602527,-0.9905364641847203,0.1089647279259917,0.095331898445071658,0.10090904015545459,0.99031772414400665,-5.701812018032216,9.9101700755224584,-3.0210564428038045,,0.07432187279828648,0.325,0,5
-0.13622863371591257,0.9411215881302315,0.30940574608614935,-0.97789733036755366,-0.17774893138449957,0.11010053883464885,0.15861453469309589,-0.28756820712119674,0.94453478265079949,-10.354194658188311,12.346220479429302,-3.2968167598968305,,0.4110521824117348,0.2962962962962963,0,1
-0.90206904933485488,0.4215707897576772,0.092463503368620192,-0.41147098747943861,-0.90469751185543923,0.1105171412282835,0.13024229994439596,0.061648043486109104,0.98956377360912329,-4.1172112011887592,8.3737280239887024,-2.8384737013128105,,0.1361808853722326,0.4864864864864865,1,4
-0.79838518838283878,-0.60159510851666687,-0.025776275520692615,0.60155467852322464,-0.7987669776397367,0.010162882420870871,-0.026703178045298748,-0.0073919443382766915,0.99961607602178004,6.2840372588539974,-15.64634919772589,0.79213005645582713,,0.3673701993143283,0.2857142857142857,0,1
0.8178059286233097,0.5378436900418142,0.20473795005022993,-0.5751053675962684,0.75071260906136494,0.32509136370909492,0.021148978001941689,-0.38360753861007851,0.9232540154534884,-1.4514865634256542,5.2734586114552915,-2.4763515295275531,,0.2699688436821258,0.242603550295858,0,1
-0.42566269932355832,0.89465196858672802,0.13568021782292458,-0.88636407708416109,-0.44241706714386658,0.13647659709475785,0.18212630029550192,-0.062169074335346082,0.98130780947517227,-13.247097598755081,-13.599929524782686,1.2832053642471111,0.8111249625155345,0.5465800546697163,0.9119170984455959,1,4
-0.50067096417416423,0.83226850352799064,0.23802882948960374,-0.84961146009252664,-0.52512551268182239,0.049026144148787622,0.16579792674324142,-0.17768605450606226,0.97001995521829887,8.725234583420006,3.0683788643740395,-2.4921800925887299,,0.4277585242921791,0.2463768115942029,0,3
0.8512709864600656,0.49162669118454927,0.18341456901303604,-0.52470474785865362,0.80070948406848641,0.28904887077683755,-0.0047576449944248403,-0.34229741254895535,0.93957961140948376,-19.072859780424736,23.186854839259276,-5.1615853441116162,,0.3594405596783672,0.21875,0,2
-0.88862857582271115,-0.45785011352117555,0.026693215991079107,0.45859415190896619,-0.88635485060605645,0.063768978680950564,-0.0055369726562345791,0.068908289456073774,0.99760763307927935,7.2506473765620036,-9.6749640624780291,-0.27737984778860253,0.3446685838745406,0.1636262988238718,0.21875,1,5
0.46483617437740382,-0.87739500929301739,-0.11876585644824783,0.86919624696191611,0.42666407519908017,0.24991128666355494,-0.16859779137788139,-0.2193986431184563,0.96095734564041946,-8.2990448469434472,-21.05394202030525,2.2689845975815146,,0.440714294946574,0.1538461538461539,0,1
0.88058520909568738,-0.47289616446675919,0.030641591905992603,0.45761648462985821,0.86536832117968643,0.20426654570355685,-0.12311312893804784,-0.16585200128813732,0.9784356244290191,-5.352207397291993,-15.456939045747605,1.2082658828011992,,0.136442795976176,0.4375,0,2
0.94014465919582968,0.31614365654069465,0.12720537808848792,-0.3385801259922423,0.9088740188724187,0.24353955757078669,-0.038620176962738,-0.2720316272931817,0.96151301378795129,-18.390339158279147,10.3636970868115,-2.7905945743859739,,0.5165259590871361,0.7037037037037037,0,6
0.74769030001025183,-0.66263031998973865,0.043362129800957251,0.64531434353905037,0.74044763405085468,0.18790076969308828,-0.15661613356657422,-0.1125093785370227,0.98123036359861449,-4.5460280047930235,5.5015975049516879,-2.3204301240444765,0.4789029216755186,0.4582536375707228,0.9588235294117647,1,5
0.40994558342352216,-0.91204394491704732,0.010975480476919855,0.89230632683159117,0.4035096930264509,0.20240886030511115,-0.18903448819689678,-0.073183127658296807,0.97923959892269874,2.7129054225799787,9.9140946814575646,-3.4161747712175896,0.1328046907015009,0.1682619829536679,0.3125,1,6
0.95994767985508278,-0.27420696138329675,0.057541239731011752,0.25743392614544858,0.94427303377426386,0.20512486771741434,-0.11058130768887761,-0.18209607358668198,0.97704288256664074,-11.792208922022217,12.585688636665257,-3.2944811308156221,0.901486891203978,0.5193473479203796,0.8037383177570093,1,6
0.11699767666760474,0.96360218095343098,0.24037965911485643,-0.98322179713562818,0.078277644957847517,0.16476500823062984,0.13995156766456379,-0.25562364358886114,0.95659297067592264,-21.769431186696046,16.970970818958094,-4.048837696530442,0.1489424093272387,0.1695319139764473,0.4814814814814815,1,5
-0.9252218535672444,-0.37931480250297078,0.0092088155441083716,0.37926208961160174,-0.92526290707100034,-0.0069871440491390997,0.011170902606081255,-0.0029721037421793837,0.99993318653513641,3.0306279495334825,-15.019342292501655,0.84305927163532246,0.199731492403975,0.1891619476449881,0.2916666666666667,1,4
-0.059099196709643219,-0.99815632755428696,0.01382861929524593,0.98775131735385424,-0.056467902026911071,0.14546034204003558,-0.14441128769594114,0.022255826293740139,0.98926743511650195,-23.132727063650094,6.1723100483493489,-1.9650095890372876,,0.08252871573781878,0.25,0,1
-0.26002959566795991,-0.95033677641249292,-0.17101058673272249,0.95768046251309014,-0.27645690378922533,0.080123105706096071,-0.12342099131619598,-0.14293911901641115,0.98200594048984302,8.9875240676897548,-8.0178115263575105,-0.69597295132152515,,0.08694756884246503,0.2222222222222222,0,3
-0.77537773669201837,-0.63055703429120868,0.03445565190557804,0.63053516787639785,-0.77003127086586254,0.097351137434482871,-0.034853515080199397,0.09720940486691737,0.99465348945850196,15.665964193279949,2.492247483732438,-2.7801094742792363,,0.1418527336124054,0.6086956521739131,1,5
0.62393013732654246,-0.78094530084993408,0.028907106670980533,0.76376379450162579,0.61719984740117428,0.18902173043448106,-0.16545709396746966,-0.095858152748595188,0.98154733182229525,-21.236806764773032,7.4506464502722407,-2.2042312806112205,,0.08882811126963315,0.4117647058823529,0,1
0.18564385749086976,0.92446200274949397,0.33302607052346989,-0.97369395995068075,0.12749980698335814,0.18884880612481494,0.13212278581482886,-0.35932409422636818,0.92381262427882427,23.571462447529335,-4.691595840104215,-2.1789563830916956,,0.3307909013474324,0.1666666666666667,0,1
0.50452820997845893,-0.85927205773132243,-0.084278206780350071,0.85010666904224408,0.47733078955848385,0.22242744567470946,-0.15089710595579181,-0.18386638665523899,0.97129975562259552,-5.0718074968479563,6.9723466045644686,-2.5837254185144549,,0.443431468698833,0.1227272727272727,0,3
0.55168015976104501,-0.82945465366234028,-0.087487021002636584,0.82116970753096075,0.52179327671081355,0.2311105532270426,-0.1460455845260149,-0.19934079837624843,0.96898603361615876,-3.8645901629078092,17.044674180262977,-4.4502358549488736,,0.3623099815066874,0.2647058823529412,0,4
-0.50408310184358973,-0.86313150340731193,-0.030070488216529041,0.85947581779627136,-0.5047607766736355,0.080733369527481086,-0.084861917602523373,0.014851469882263026,0.99628203275134941,-1.2690840153006993,13.378328774348498,-3.8296865548952477,,0.1736305005488876,0.1818181818181818,0,5
0.88318945642181701,0.45466238543947091,0.11514555715191407,-0.4689893643539696,0.85874653834792758,0.20640581144510159,-0.0050358900101500782,-0.2362974780693633,0.97166771155054044,-0.56733203685826927,-13.895404566917021,0.82173115449728729,,0.104722031201737,0.3235294117647059,0,3
-0.48981859569376768,0.82668328584479178,0.27689797438306507,-0.8553749258658101,-0.51709929644439101,0.03069289521659763,0.16855705121010675,-0.22181763347753719,0.96040900556261932,-15.543871046004032,13.46886301843567,-3.3413741673152493,,0.08036342352002422,0.4285714285714285,0,3
0.7704216421629082,0.62664786364265557,0.11731559265120724,-0.63661436474693001,0.74628842701543774,0.19435980628897143,0.03424388828493103,-0.22442379262217202,0.97388978710129703,-21.904888295023497,21.022391818758621,-4.6631343432855923,,0.2172820719905945,0.6333333333333333,0,1
0.13731086622120017,-0.98619889962799268,-0.092506520797830505,0.9731069421184837,0.11686793270046239,0.198506336188883,-0.1849556844717061,-0.1172758145520891,0.97572423261019103,-0.42563641283423581,20.364448527206584,-5.0967832276639067,,0.5579111801710441,0.3863636363636364,0,3
0.83859461541490521,-0.53912985245577949,-0.078090160635874636,0.52731033797339988,0.76736835395661041,0.36481449643935621,-0.13675846761172117,-0.3471092213366444,0.92779971437781872,-8.4369180017232051,2.5865473399168217,-1.6641421082513665,,0.6114685506462467,0.2155963302752294,0,3
0.96569350730851289,0.24569282304631951,0.084089753512023385,-0.25965125929341087,0.91872782848412771,0.29752378176573574,-0.0041561387764260452,-0.30915079471411533,0.9510039498541013,-18.564252779223587,8.8298371638172259,-2.4861495209638145,,0.2130693223981153,0.2631578947368421,0,2
-0.58765013460422177,-0.80860946693205737,0.028601560927576757,0.80528287933816189,-0.58106489063128774,0.11782647037270212,-0.078656236526290099,0.092273088511783646,0.99262222098440689,-23.773153834625763,19.704178428473025,-4.4562027979617813,0.6555060439883429,0.5933304639285619,0.8604651162790697,1,5
-0.051010655523985877,0.99335306017620706,0.10318726114001416,-0.9874419103514348,-0.06563465268211989,0.14370304815419341,0.149520522686761,-0.094561039576887634,0.98422651005224193,-16.560450867884022,8.2359522450727134,-2.403522161536209,,0.07573529324850677,0.3170731707317073,0,3
-0.74866990836197977,-0.66232220476372794,0.028682144100095355,0.66181811741496299,-0.74418050625408405,0.090510516365387705,-0.038602432236565593,0.086744862604820144,0.99548238610087514,8.1452053219980183,12.445307099828588,-4.0908397798807536,,0.09885359219535102,0.25,0,8
-0.68827623651516878,-0.72253074521727678,-0.065001111254192945,0.72354902297181389,-0.6901928029937775,0.010521694356163626,-0.052465546838349204,-0.039789658346830285,0.99782971968347078,5.4135100506348595,13.417711863463552,-4.1460661302885633,0.3046985317473551,0.2148523233019193,0.4705882352941176,1,4
-0.89147529863969066,0.43940570453583744,0.11042834208951045,-0.43465956962169155,-0.89823166021839818,0.065199257032467858,0.12783915852179092,0.010124791487441755,0.9917432319636853,11.40717762328757,9.7022182714851617,-3.747074676083805,,0.1610841114627563,0.1904761904761905,1,5
-0.97777188724297548,0.14096225637160981,0.15521526598867671,-0.15408386714467281,-0.9851325124189273,-0.075974303951506908,0.14219809563793018,-0.09820170698006056,0.98495488543544452,-7.8593641591816938,8.4048943560852116,-2.7222071372492356,0.4359221055668445,0.2979424809442013,0.2556818181818182,1,4
-0.85249104419633182,-0.51967667454155342,0.056525865782666405,0.52263511277976715,-0.84513449462641355,0.112250723303846,-0.01056212358987252,0.12523513855938712,0.99207086521844945,-17.289742733740852,5.6746138710496954,-1.9540557166467964,0.2494885490324593,0.2530362155489821,0.8134715025906736,1,5
-0.72322800056483716,0.67710727264862336,0.13589334246139886,-0.67114064912430604,-0.73549136210178434,0.092858415701903396,0.16282348814588643,-0.024045739747508718,0.98636216173776758,-12.545813012780684,13.739728032618588,-3.4892237273917712,,0.1004142613965453,0.4375,0,5
0.93037465582929779,0.35184542084619846,0.10299417274815351,-0.36627227013206964,0.90414084276560014,0.21994081152757963,-0.015736070755285578,-0.2423512662906292,0.97006094643816732,3.7771342022359162,-14.731309097295588,0.7521507620953658,,0.1365867638146632,0.3333333333333333,0,2
-0.48756185346557196,-0.87175600101604045,0.048217359298672914,0.86813812527534617,-0.47818494977463455,0.13294867149557249,-0.092841986668874166,0.10668002859744448,0.98994936083106055,-18.943492686352162,4.1952461375887173,-1.6503499106801123,0.2866632452677603,0.1381888709431899,0.4578313253012048,1,5
0.73339658440910727,0.66428484792690146,0.14441291767632275,-0.67912121150066029,0.70644227792490411,0.19933310826390097,0.030394572984839004,-0.24426409636908522,0.96923228441796327,9.6940595985209583,17.080659763316689,-4.9550500332074323,0.3590599805758637,0.2615363935228819,0.24,1,6
-0.76526763913097107,-0.63682305333496469,-0.09392464660589428,0.64272810896882371,-0.76398531543053649,-0.05680682835595631,-0.03558115287999053,-0.10384043792105245,0.99395731548799127,12.760308078749709,13.776144347899944,-4.572427881564419,,0.3360464860366633,0.3055555555555556,0,1
-0.91839937603512212,-0.38388817972451728,0.095772916662777777,0.3901305825305274,-0.91895370966674339,0.057638598734896782,0.065884100302652071,0.09029919688196518,0.99373303274560754,-14.088181774420978,12.929831443404503,-3.3108688989451047,,0.1234852136724389,0.3055555555555556,0,4
-0.41156300118407263,0.90468344379052235,0.11028944912220758,-0.89535368700963447,-0.42394894519648774,0.13641505424636752,0.17016953668213625,-0.042604675777506908,0.98449335720830611,16.59215813242696,-7.5948547217174553,-1.2378910375711487,,0.7252414828860625,0.9852941176470589,1,5
-0.68890218742566667,0.70527973952532153,0.16731486836269541,-0.70416732258197112,-0.70592064623904582,0.076317907604874224,0.17193649399667807,-0.065242089394366432,0.98294522319587463,-23.30691352548746,17.300027157149064,-4.1215000803123614,,0.2026735572986094,0.2,0,5
-0.70317467450510907,-0.71007644170418438,0.036562604821845146,0.70921371207987072,-0.69680295885491184,0.10715198145126022,-0.050609166487159109,0.10127726036857757,0.99357014286848966,-9.1202798966751288,-11.022793070768687,0.72720975142585509,,0.07204869529692465,0.5142857142857142,0,1
-0.60037895842789768,-0.79951088148691163,0.018095763621734252,0.79562727688020241,-0.59487161023434521,0.11447708775729096,-0.080761021298805177,0.08312711784500966,0.99326106322434449,-2.1282146015777772,13.641239001373394,-3.8325019099903765,,0.08050102115318679,0.2,0,3
0.80219863825628757,-0.5929085533620343,0.070262309454619171,0.57747769298100737,0.80039040109356074,0.16091836423050565,-0.15164715259143663,-0.088513576288769921,0.9844635533748729,-0.16269101924533866,8.0850251837593241,-2.9497931866814073,,0.08279351374686378,0.3333333333333333,0,1
-0.99611673033415593,-0.054397369838867615,0.069227059037658606,0.05156578122511727,-0.99778375974467948,-0.042054000956089486,0.071361262285874388,-0.038320946548655095,0.99671413920972407,2.400693313332428,4.4004627503537064,-2.5077653808079581,0.3708582678308289,0.1852073699796848,0.2051282051282051,1,4
-0.82014749818820731,0.54182830758451273,0.18379381468299255,-0.54889718335604276,-0.83576419177325134,0.01449475261624905,0.16146195626037249,-0.088996072102683524,0.98285794285383243,-22.822709874334834,4.5223219910176917,-1.6864050540203062,,0.3132576250178901,0.3333333333333333,0,2
-0.97375037754190241,-0.21342846205503346,0.07911064291120809,0.21671977398705697,-0.97558600659785211,0.035559573864903958,0.06958981103581538,0.05177098912786729,0.99623141030822782,6.8187677389638441,1.7731096748755681,-2.1991730393050117,,0.1735791862246444,0.2380952380952381,0,4
-0.85043581047065608,0.47853272837643157,0.2185528772213392,-0.49455336450914367,-0.86886932962493102,-0.02197857342522775,0.17937642521190902,-0.12677742665683947,0.97557756337897861,-12.328183613591495,-6.3703332831975983,0.034671893284696484,,0.7361243579330445,0.2884615384615384,0,2
0.81338978487906499,0.57243278489234861,0.10352663731995781,-0.58128899064529682,0.79297150256247717,0.18248097292150503,0.022364418368474848,-0.20860705382176553,0.97774379562687197,12.427372438560431,9.1937114160061544,-3.7368613283124508,,0.4702762588061432,0.3181818181818182,0,2
0.98905520677710479,-0.1241075783179534,0.079794153615102503,0.10714811141160697,0.9759520140947977,0.18983400223677865,-0.10143510323366052,-0.17920651547407671,0.97856831373369935,4.8098324168705435,-7.8489946731137055,-0.50878971987777044,0.3037978693745703,0.1879121683528267,0.3661971830985916,1,5
-0.99438901930905965,-0.064092893966662623,0.084158060936225257,0.074047078848513873,-0.98988085090711464,0.12104929211445042,0.075548053526012376,0.12660174544762698,0.98907254013952173,-16.250604369494937,6.1941652320356528,-2.0732585445731715,0.2568798463895688,0.2259755570822717,0.7244897959183674,1,5
-0.25986859747288982,-0.96087764179905599,-0.095825203042614174,0.95753542236870925,-0.26924752758269205,0.10311005673446966,-0.12487684716011746,-0.064960960440040058,0.99004335595066562,-13.397950283244416,14.326135719063252,-3.6252268051080225,,0.08854555961743046,0.2727272727272727,0,2
-0.49827839515665084,0.82866225687415196,0.25502451833569051,-0.85114584370381607,-0.52354067892335887,0.038156392101313406,0.1651344714644194,-0.19805055300278013,0.96618144506581238,4.0660646950482313,-15.510529085517744,0.87868374321318077,,0.169909931443227,0.2666666666666667,0,4
0.8818233772884867,0.46373891040671983,0.085637341401490763,-0.47155643846642092,0.86530986186246217,0.16992165343013579,0.0046964463578069828,-0.1902237260132261,0.98172953375828187,-1.8822285023836181,-3.3911448533149504,-0.82607668916446109,0.4164728215043404,0.3747691756542536,0.9237097980553478,1,4
0.86139176642517079,-0.50748040952458739,0.021630041231606851,0.48744979264185645,0.83786491345656444,0.24571342342622429,-0.14281780137061087,-0.20111196072630977,0.9691011582205874,3.6336775741290914,-3.5562121137361471,-1.0933962729945852,,0.07105648499380914,0.1636363636363636,0,4
0.51110408450159472,-0.85937094436461525,-0.015943487311606448,0.84245199088467726,0.49719116020298049,0.20754660505644926,-0.17043256103289164,-0.11950954019609807,0.97809519574624559,14.026414840892473,-7.105845523170756,-1.1617954343679249,,0.2018374033673181,0.25,0,5
0.98465514856725944,0.15166318263441833,0.086327964375326444,-0.16593244630242604,0.96686415898409062,0.19401062170943112,-0.054043146319224009,-0.20535816785603289,0.97719361501737845,-23.019235863779009,9.2958101968250624,-2.4803308214419286,,0.1353059987855759,0.4615384615384616,0,1
0.72999656259844037,-0.68048545708576325,-0.063596865404198344,0.66499998455528408,0.68573167988794193,0.29588356449713799,-0.15773407728177177,-0.25828589952384134,0.95310458763518036,6.626394665181599,20.621081963686017,-5.4209806204924238,,0.4366407689045976,0.3181818181818182,0,5
0.95528818773602686,-0.29398487940138868,0.031581150317357823,0.2705400048190183,0.91217215826831233,0.30781497603699148,-0.11930039465375661,-0.28550804605733826,0.950921958665367,-15.534894583090814,8.4662946928882601,-2.4839484297147223,,0.7109973474584073,0.2289156626506024,0,4
0.88885351542277469,-0.45706182678551777,0.032154542697118017,0.4413955388333804,0.87298630169075486,0.20752083114301709,-0.12292032548999088,-0.17026274858519147,0.97770199448791706,4.3834080952542589,2.8992582473037953,-2.2920946581031791,0.3491056898561993,0.3397687683472101,0.8421052631578947,1,5
-0.94316869239570666,-0.32941900256624257,0.043771433981912355,0.331084827725731,-0.94281202692196486,0.038578734312027088,0.028559666216431735,0.050878312074565675,0.99829642032116284,3.454533100860167,14.330780619568495,-4.2269152086728106,,0.09945136046393069,0.2,0,5
0.99515387082587736,-0.06971990892003592,0.069339077585835879,0.046024303677934815,0.95341955732897943,0.2981156003525714,-0.086893825161710514,-0.29347961088088342,0.95200797325756215,-13.185756331155709,22.152172274445768,-5.037503850382719,,0.1764146307328173,0.25,0,1
-0.50355640013812741,-0.86395512074670311,0.0035357057966432419,0.8593333911037343,-0.50043116954589617,0.10542659759796635,-0.089314471470680737,0.056126588017417441,0.99442080192614479,-14.091585201841221,16.873261946643442,-4.0278489360431076,,0.08884931343538992,0.3333333333333333,0,1
0.88104643331326604,-0.47130849521823781,0.040317300022350296,0.45213000259461944,0.86410992060881819,0.22111649838763855,-0.13905266304447897,-0.17658524128743433,0.97441367470889706,8.0037622759804172,5.7918312661922275,-2.9593436614092057,,0.1329549106276946,0.2083333333333333,0,1
-0.2094901005859128,0.94793399672756751,0.23986461932640948,-0.96422441765087175,-0.24101816073709659,0.11036991710037537,0.16243512601140433,-0.20816191785003882,0.96451202470194852,-29.312373296188827,13.00735494034288,-3.146057891917994,,0.244865859988309,0.2307692307692308,0,1
-0.98981954840567943,-0.12095500752896379,0.075014316951134696,0.1290551920425638,-0.98498393011637886,0.11467961815139435,0.060016822648603745,0.12319311493001939,0.99056622061980548,-17.365400179475174,5.6212320737819805,-1.9527329251415271,0.1647191993565369,0.202342259048872,0.6204379562043796,1,2
-0.0097399807928723586,-0.99991394221349117,0.0087886825651009547,0.98766868253910933,-0.0082465505799127481,0.15634119078155462,-0.15625526008943191,0.01020306672567479,0.98766400720274117,-9.0308406874467071,13.989399666106273,-3.6275458991081924,,0.09033384999362071,0.25,0,3
-0.14709598991808603,0.98355862566970531,0.10476258693226115,-0.97654822612452463,-0.16124362576218651,0.14266763895189755,0.15721428625625414,-0.081319880852010445,0.9842107219366959,6.6864931704166244,5.4563455127608078,-2.8360406273702816,,0.2323934682891958,0.7551020408163265,1,5
-0.41142402725533672,-0.91131406584991137,0.015392958815755907,0.90639692116947534,-0.40731255345103329,0.11198707557435282,-0.095785651803892688,0.06002630411163766,0.9935904345972747,6.0718837543680229,7.8074112762646957,-3.1979789020804779,,0.1269403613275364,0.375,1,5
-0.2784416647080265,0.93875299023514402,0.20301000635239658,-0.94961755894826494,-0.30074068308499241,0.088212999465568917,0.14386358500942228,-0.16821969225435324,0.97519505948609553,-16.370710117174031,14.028137196083476,-3.488688856031684,,0.4424506917639929,0.2542372881355932,0,5
0.21545546537427052,-0.94729823027641802,-0.23707594849651759,0.96286282089186159,0.16563551045961097,0.21321366236466144,-0.16270872928188038,-0.27420966538390124,0.94780532221840019,-7.8906581146649089,19.222898570520506,-4.6951959972081836,,0.4335122021579487,0.4782608695652174,0,1
0.94417354497443451,-0.32635781778608508,0.045021014430098892,0.30472979026082386,0.91707342505714984,0.25713048823806162,-0.12520412093060246,-0.22905656031612409,0.9653274161019888,6.173329585242155,22.780232170526403,-5.7397522071952887,,0.312919993077811,0.3846153846153846,0,5
-0.027796689658047106,-0.99935935203364101,-0.022543947013673269,0.98971190612863003,-0.030680803707423324,0.13974630997311013,-0.14034844819693681,-0.018427527961385654,0.98993067398780221,6.6742609269809119,12.065276879872282,-3.9882844319367701,,0.09547639933960621,0.3478260869565217,0,5
0.85878028293489239,0.50059496905570278,0.10909217478071233,-0.51219986692422115,0.83379940788773133,0.20598505705239445,0.012154092523737753,-0.23277290298097009,0.97245516795003761,-18.310079378252226,15.904738215079016,-3.8636295791598467,0.213056494579497,0.1412359747740987,0.5208333333333334,1,4
-0.97218656736187026,0.22430534813133338,0.067382408986508005,-0.22972487977385395,-0.96928146554192651,-0.087863076259502806,0.045604362225910293,-0.10089871830987833,0.99385093992479157,12.152266293852792,10.73534797074549,-3.9990588150793962,,0.3960818715765074,0.5789473684210527,0,5
0.61295070479788327,-0.79010794326759992,0.0045685307508938457,0.77249461769430927,0.60048108992920302,0.2065781359940112,-0.16596234247895453,-0.12309304863752575,0.97841944086164745,-4.3609139493013291,21.162816097414936,-5.097886836154446,,0.1410014937058665,0.3953488372093023,0,5
0.52672469937338551,-0.84988942218591401,0.015781670586720087,0.83335223841204764,0.51995794313437771,0.18753075509125211,-0.16758621006408794,-0.085625390089379111,0.98213194366561307,7.4876014143543168,9.3667384378301985,-3.5481058435893007,,0.09038870826507006,0.3235294117647059,0,5
0.69676535736825307,0.70295124494943717,0.1427500752907935,-0.7153978577852147,0.66653810214614428,0.20960167810335478,0.052191396300699772,-0.24816628621038128,0.96731047370569234,13.287538987642467,-5.6327448837826095,-1.3440761420640386,,0.5298773609776022,0.9134615384615384,1,5
-0.63082176318425387,-0.77592673996411887,-0.001263844042510616,0.77438536805292879,-0.6296696208886583,0.061995727880748155,-0.048899947225321656,0.038129552037603709,0.99807561458176741,-1.654663763089474,3.9893822713021603,-2.189388459944448,0.5239362637896607,0.1628599513491191,0.3128205128205128,1,4
-0.30303196291487061,-0.9491476231162409,-0.085383950393203595,0.94883468749865518,-0.30884841956163778,0.065767693692319967,-0.088793948280772819,-0.061085540572768326,0.99417513119250911,1.5914914018955515,15.949410665556419,-4.4245479924293276,,0.5078859827394725,0.3333333333333333,0,5
0.69002907481398501,-0.72214886243550291,-0.048589056324079241,0.70989195896807977,0.66217169285479716,0.23996261328439111,-0.14111443053004089,-0.20007416041288562,0.96956539120951568,-1.1918778435728714,28.978195437044736,-6.6040957652358703,,0.3732469236277573,0.1428571428571428,0,3
0.60043899967191605,-0.79966791320002895,-0.0020582204209833488,0.78217678280732006,0.58676629217060816,0.20953471981881305,-0.16635049777557262,-0.12742270979173631,0.97779904117316041,-20.233203266110493,11.186093136508013,-2.9410929536469355,,0.1016265918606098,0.2758620689655172,0,1
0.30694921430325672,0.93433909831506445,0.18108735239769225,-0.94415752928332297,0.27499719616445023,0.18150234709034108,0.1197862251522481,-0.22668699005784076,0.96657346787623544,-8.8095414402740353,-14.127766607743681,1.1570123743155603,0.3897519808363881,0.3188423442458562,0.4492753623188406,1,5
0.92906645809773614,-0.35751658127091784,0.094960047146590842,0.31856258811277838,0.90376790241526117,0.28586964864918307,-0.18802498209710311,-0.23534118356181133,0.95355185146226318,-24.103121570206827,7.5169011335041365,-2.1740420597373644,,0.4851075049570641,0.7435897435897436,0,3
-0.35979627572542972,-0.92632432539377996,-0.11166863551537953,0.92702082534556696,-0.36847168202128544,0.069720936052427573,-0.10573092901196177,-0.078433817528926239,0.99129667956576184,4.0647344852382394,17.317276623150121,-4.7411282069764047,,0.1493944086407069,0.2941176470588235,0,5
-0.91513953705737494,-0.4020829279286558,-0.029136691348417631,0.4029381190098516,-0.91002412068860306,-0.097452408968364213,0.012668858007581661,-0.10092283603453679,0.99481359118355928,-10.969372027710111,3.3924204785759615,-1.7545495343846593,,0.3857351563821463,0.4440559440559441,0,1
0.81290865606067664,-0.58174164934865302,0.027498551138823171,0.56412633394673994,0.7982682870899751,0.21101948055629785,-0.14471004197856113,-0.15602690549885087,0.97709498438535503,4.6020859459468282,-14.281629755584486,0.63730145921281645,,0.1037383713673954,0.2307692307692308,0,3
-0.83298427558185528,0.50727331169628009,0.22093207977579671,-0.53328837667973938,-0.8424889636469316,-0.076261742908266331,0.14744729204586574,-0.1813453428511653,0.97230301999661251,-18.442889909664888,14.990226614841099,-3.6551139530059231,,0.528232596735824,0.3076923076923077,0,1
-0.23485735980069886,0.95280932022222908,0.19234453422205453,-0.96244912520864767,-0.25565846991785679,0.091271179155139381,0.13613853948296292,-0.1636861205384085,0.97707376999412476,16.086077823445951,-20.966797856280966,1.0075727206687473,,0.249224632108142,0.3888888888888889,0,4
0.52115622261566108,-0.85321584163554853,0.020467515997773057,0.83548718235498498,0.51492967163792858,0.19185567853828098,-0.17423363552857593,-0.082886433443590077,0.98120970205226654,-7.8385042752596661,10.750851636611506,-3.1022157624007902,,0.08682694389512548,0.2857142857142857,1,4
-0.00038354763343404125,0.9505234549380992,0.31065256236469563,-0.98403291641222768,-0.055650614006083385,0.16906279477753469,0.17798615763159167,-0.30562750329982447,0.93536771214226622,-10.295757770804817,4.585391812845657,-1.9213007157423758,0.6064998105679051,0.2539159331156817,0.1833333333333333,1,4
0.079454013528656123,0.98473463880124223,0.15487010970221324,-0.98584821743694584,0.054617427453619437,0.15849362382993681,0.14761555443307808,-0.16527137611618067,0.97513846213041955,23.536897323493314,-7.3805451111296012,-1.7696763004412275,,0.2249599224782035,0.2222222222222222,0,4
0.72995298041341783,0.62412382468159266,0.27863613880900123,-0.68325610802907943,0.65547821664056516,0.32172876518996485,0.018158668082309818,-0.42522671479403207,0.90490469321302103,8.1858862058534818,7.653422396226504,-3.2969031971572127,,0.3909106126852311,0.2727272727272727,0,3
0.7362063348428789,0.65880445352957373,0.15484484023310258,-0.67541703073927029,0.70086554042184523,0.22934543561305776,0.042568381747054886,-0.27343040478117153,0.96094939857239225,15.982654073366435,15.857114074453413,-5.0920621097676655,,0.6604664560590791,0.4545454545454545,0,3
0.58437739307622261,-0.80945862030299787,0.05726957725184495,0.79414012487229313,0.58497518724910713,0.16475889162861881,-0.16686678677692815,-0.050801302345896616,0.98466984474528529,-11.285100423591722,14.052552028230382,-3.5918009850087689,,0.06759539259178624,0.1428571428571428,0,1
-0.50048171512349382,-0.85619496750057911,-0.12825065478868986,0.85924336557011249,-0.50936535151421658,0.047410730858575681,-0.10591926902500641,-0.086470320361846251,0.99060789020970741,-4.2721957242041952,-12.565191069308591,0.79729184613477244,,0.306461497102983,0.2,0,2
0.70157654482674037,-0.71220045014254996,0.02368270604728432,0.69412659412037847,0.69053422849282242,0.20334883971802362,-0.16117885433212545,-0.12622598027574214,0.97881989089904176,-2.9938199444185423,-13.431833968046742,0.84633074714610013,0.6048328505190219,0.6207859579435893,0.405940594059406,1,1
0.85689558337933791,-0.51288934564073785,0.051715358581370385,0.49612752119559644,0.84778627427781605,0.18739241142173493,-0.13995514244677487,-0.1349183170453718,0.98092283377865541,8.6709969499450956,11.128172684310098,-3.8784517145186466,,0.1072060028886347,0.2941176470588235,0,2
-0.63692601931032522,0.73616736088862145,0.22887302743614091,-0.75086627360459179,-0.65966688182419264,0.032240412334523731,0.17471429560472934,-0.15131827975042492,0.972922244130904,12.711949866709254,-7.8046441584183333,-0.92693344692279245,,0.4345521907128249,0.2222222222222222,0,4
0.99592837546872492,-0.041219243628805198,0.080172594387951435,0.0081950713571482033,0.9270581555455385,0.37482798326959943,-0.089774783439878186,-0.37264480432601388,0.92362131746032661,-12.509238760851391,9.8621172189590105,-2.8597523175046051,,0.2303090174891733,0.1875,0,4
-0.9737917824169352,-0.2235135053332587,0.042086546910950082,0.22303609778866479,-0.97468251035301934,-0.015776662991309028,0.044547318442903897,-0.0059763655824802177,0.9989893990798755,-10.897717830076173,-9.7250348914153122,0.58553468944147924,,0.7257969371148951,0.3387096774193548,0,1
-0.9262002729660137,-0.37181261858135572,0.062517445736018917,0.37662147508347654,-0.92011931670947078,0.10740906630281201,0.017587463251620129,0.1230277191602399,0.9922473791623746,10.965008426750611,-7.5689092820742685,-0.83604032033827558,,0.09309736742278829,0.2962962962962963,0,3
0.99769665647857386,-0.028864093939996106,0.061386038579612903,0.0075473276853621919,0.94656778593012769,0.32241660081972529,-0.067412309679200338,-0.32121066408256033,0.94460536192812106,-0.79354221756190835,15.232861749932177,-4.2196613165399048,,0.5787766352412886,0.8235294117647058,0,4
0.99556897599900063,-0.071770186846841985,0.060757339542399737,0.03850076827012721,0.90059113267406399,0.43295877701168817,-0.085791053559861497,-0.42870112202887478,0.89936379908259201,-4.0630296383307885,-16.528478383404014,1.2943815677742947,,0.2922935071838694,0.1818181818181818,0,1
0.43062482537670571,0.89449815869126936,0.12014700939769779,-0.89687081482525743,0.40922977843105796,0.1677907326402337,0.10092076735717405,-0.18001120116036121,0.97847379432095338,-13.034019043565531,8.5752988484889414,-2.6242454696267767,,0.07742314660247826,0.4666666666666667,0,4
0.042781718322766435,0.94734110036370656,0.31735557997147779,-0.97460424327840312,-0.030313691008376668,0.2218730473067427,0.21980967576765792,-0.3187882050815718,0.92198578445645629,-6.5991619185994681,-8.1150535807253537,0.19237508761994987,,0.7316852173602968,0.6226415094339622,0,2
0.16238679022169311,-0.98543856488569692,0.05041195490670089,0.97365619200289999,0.1683146969838554,0.15383036941269507,-0.16007545138436793,0.024103892118335402,0.98681044392975481,-23.643934755080824,11.315005044818493,-2.8779636003922069,,0.107134339878556,0.5,0,1
-0.1770541347502565,-0.98297128322223326,0.049186275812210981,0.97455081644239294,-0.16811770898213807,0.14828061942837859,-0.13748650675358845,0.07418822202367456,0.98772140210368153,5.6434354591765317,-4.0664840589037476,-1.1194610721797484,,0.09839372453030533,0.4019607843137255,0,3
-0.59667512600150652,-0.79557633991293553,-0.10505751463757246,0.79713705344386487,-0.60268516129835858,0.036648524903526158,-0.092473304460905459,-0.061877974445749308,0.99379062394478845,13.909158508761731,3.3483733507043207,-2.8664583616473744,0.6308651461993651,0.3251615232854519,0.4615384615384616,1,4
0.62611269640369382,-0.77973252444345575,0.00028587957543653903,0.76214459164351622,0.61206721927542918,0.21097236908415748,-0.1646769954505917,-0.13187459730167689,0.97749198347397526,11.351611267723472,-6.8278009679174385,-0.99493011164920675,,0.08463895110190084,0.3157894736842105,0,3
-0.98157579564234054,-0.1797646694198714,0.064758173518642229,0.17604834101900413,-0.98260118042695044,-0.059176869197520451,0.074269368070306332,-0.046686013450800992,0.99614480730188504,-22.332829946263036,6.3566670763482858,-2.011752741782534,,0.5037304128956724,0.4788732394366197,0,3
0.83803141441283358,-0.54255871910641784,-0.057735472448295827,0.52553566387656037,0.77420176344844993,0.35273771483516286,-0.14668201815849091,-0.32594733592240449,0.93393935550122242,-3.4048941614266406,2.7538162465131912,-1.8618952289095589,,0.2886837054736023,0.2374768089053803,0,1
-0.6138525673080838,-0.78901687803854248,-0.025246619171392762,0.78203509246633607,-0.6121629258684983,0.11695155554026598,-0.1077317954943795,0.052047270460903759,0.9928166708295777,-7.3432022578985219,5.4713208987446995,-2.1411771074196659,,0.1658320021019891,0.2171428571428571,0,3
-0.54891681911586809,0.76483418020245353,0.33722248217721063,-0.8188707875646003,-0.57301033556997916,-0.033313489809866148,0.16775267200569297,-0.29442797442502233,0.94083537822029728,5.150622604313928,9.7366761826633699,-3.5055593357681061,,0.386585902555088,0.148936170212766,0,1
-0.17272108381969442,0.9695522397397266,0.17359689403854475,-0.97337152402048777,-0.19498353754281622,0.12053753072517522,0.15071596939337067,-0.14815490036771939,0.9774123091443282,-13.309804743060136,7.179755832696153,-2.3515066709286581,,0.4911888710802876,0.1891891891891892,0,2
-0.86738782292518357,-0.49725231065141801,0.019455184217466965,0.4976165388224687,-0.86638076225277205,0.041978031024000446,-0.004018075591184069,0.046092454373043122,0.99892909694252685,-1.9504589231212366,17.771939650004853,-4.6148898545904888,,0.5822700110095267,0.6153846153846154,0,2
-0.77509234577389796,0.57302505115456293,0.26622198683058967,-0.61259865813666914,-0.78472717092011879,-0.094478311102914894,0.15477318750955721,-0.23631664767641164,0.95927040111697104,3.7358695257075123,-11.502264275398645,0.17755804914125181,,0.5301392412513536,0.3240740740740741,0,1
-0.91182075951878538,0.38399167857560429,0.14537294554102934,-0.38840574465407485,-0.9214859343564723,-0.0021564560958726208,0.13313106335599931,-0.058429988600627113,0.98937457840892185,-7.3997809134318695,-6.200081221572102,-0.13716521901334794,,0.2992173865628143,0.1807228915662651,0,2
0.26523838596130966,-0.95523290047668352,-0.13106755685348129,0.95000046819520712,0.2356814208966771,0.20482523836922489,-0.16476561850557844,-0.178841756005203,0.96998346236801825,-6.8091818286923758,-14.222938206718453,1.1309090681109426,,0.4513807081379279,0.3333333333333333,0,1
0.3154097772975421,-0.94455857623267159,-0.091245648939676155,0.92832035456488382,0.28717852953250805,0.23611397984040389,-0.19681969333794605,-0.15917785097448131,0.96743186844009987,-9.5305960956937721,10.786352146701471,-3.0534780387402227,,0.5116838211439247,0.7962962962962963,0,2
-0.42956568118042648,-0.90303558888584123,0.00022529447103958206,0.8965255472504795,-0.42643898486692106,0.11996555886127855,-0.1082370947467875,0.051735069259376917,0.99277802852878605,-6.9159837951465342,14.562278973027221,-3.8283422889501986,,0.2389366958332761,0.2,0,3
-0.35856098735464292,-0.93338812915746117,0.014853238542449597,0.92699309783226325,-0.35413789749786245,0.1235724327151406,-0.11008094711896402,0.058077103093462902,0.99222438751406627,9.6134841088461602,-8.5658401836050011,-0.62978182409651373,,0.07488499964938997,0.2,0,2
-0.85260806198345251,0.48017653588268444,0.20613099482737846,-0.50377177660694294,-0.86011412262962639,-0.080110505848802388,0.13882899457643541,-0.1721458406142066,0.97523962174643164,-14.688363897672389,5.010682467551705,-1.8932597265870004,,0.5151991362671448,0.3776223776223776,0,3
-0.38875030170585023,-0.92132737180924174,0.0053922980894249824,0.91544990544938154,-0.38559619365723558,0.1151826638421323,-0.10404169133731174,0.049713674096031439,0.99332969203157573,4.3099745686536668,20.005507535704332,-5.2357976289758543,,0.1237294821546566,0.4,0,3
-0.98888743984262695,0.093345266210642971,0.11570778970129407,-0.113076584198136,-0.9775527060585355,-0.17777624414897586,0.096515892098537559,-0.18888453656585708,0.9772447566596224,1.3522015457443031,-10.975895806406909,0.27264281641731775,,0.6268384890462262,0.226027397260274,0,1
