axis_00,axis_01,axis_02,axis_10,axis_11,axis_12,axis_20,axis_21,axis_22,location_x,location_y,location_z,dbh,dbh_approximation,score,reconstructed,number_clusters
-0.76207083704589307,-0.64702215144141695,0.024705765891648503,0.64618555553154411,-0.7624015972358108,-0.034467845228205604,0.041137174751830152,-0.010302430606699785,0.99910039174100651,20.969339852867378,-23.437879723722627,-0.79028690663383394,,0.3732576659186876,0.125,0,1
0.81020558680501309,0.56131386836290453,0.16880061698173901,-0.58414261963305769,0.79701844320998771,0.15342425203127463,-0.04841804455131108,-0.22290882074650858,0.97363614897723882,-11.700492962211511,-26.320024316353667,2.9294653488572502,,0.1483784911047681,0.2631578947368421,0,3
-0.65886285883926521,-0.75216079982297102,-0.012404211051918426,0.75184010796160161,-0.65785001339337168,-0.044382563452665981,0.025222714018112248,-0.038568006015491478,0.99893759745519206,7.8882336660931616,3.4087427812227244,-1.9613887117431648,,0.1585749447350815,0.28125,0,5
-0.35598004326350413,-0.93278458406394649,-0.056490074621679556,0.93449085474180893,-0.35547339426333763,-0.019118273322247522,-0.0022474879390441947,-0.059595181882019163,0.99822009752078811,-14.187993482868247,10.217127449040763,0.10141079023784562,,0.1455498818440507,0.3636363636363636,0,5
-0.98125575970408019,0.13185050740077436,0.14054386413403683,-0.15859761506199038,-0.96681421145815261,-0.20029247868854122,0.1094711402343876,-0.21882807000179244,0.96960318957554681,-9.2835776188972279,14.91360587141715,-0.66755765018067481,,0.3984328903904438,0.1363636363636364,0,2
-0.814009742445721,-0.57972739160987863,-0.036114963943733341,0.5807123103973264,-0.81088080539221308,-0.072426045035436301,0.012702431123607768,-0.079927910417339182,0.99671970853388236,-10.611138724404503,-32.007884593946017,3.5331316212830806,,0.2945854335015467,0.375,0,4
0.68761713843398209,-0.7249600631922698,-0.040194249689755643,0.71827917419765719,0.67110295576629964,0.18356429575401711,-0.10610230367807305,-0.15509264823967855,0.98218560955463496,-16.29214238223177,12.119736677187108,0.28186271968420712,,0.09030848617144745,0.3888888888888889,0,1
0.13619973452832615,-0.98703214775246617,-0.08495393821105178,0.98241117955971258,0.12350795881892107,0.14005019951602452,-0.12774156171938736,-0.10253449864088394,0.98649316774012907,-3.7288310782962464,11.422184085627187,-1.1477686161930398,,0.2314179167900725,0.2592592592592592,0,2
-0.69443070391420691,0.6907492674036334,0.20157243621726206,-0.71164582030615797,-0.70072732189728282,-0.050412764132084342,0.10642473350680351,-0.1784563530054484,0.97817539642438367,-22.295151938339977,3.9997101628348801,1.307405602692111,,0.2934093355213895,0.5384615384615384,0,1
0.14174491098942379,0.965144639399237,0.22000955717312914,-0.98912665844812875,0.12928953857993067,0.070090432735340588,0.039202471297598039,-0.22755228026259078,0.97297642622596769,18.644163660837872,3.7071982698857813,-2.9342228654531284,,0.3377729621864668,0.3953488372093023,0,5
0.78340775973729393,-0.61721067082216563,-0.072960741543975249,0.61147491430659495,0.74442320956371999,0.26820237552376958,-0.1112236987208091,-0.25472548534864459,0.96059576095085941,-15.979120835256639,-15.864108668372939,2.2881218412404061,,0.5050083773252306,0.1,0,2
-0.15856204065369273,0.91902303177155387,0.36090822425813002,-0.98451573167176654,-0.17483769952807143,0.012670947657437721,0.074745256401609894,-0.3533106931542716,0.93251525496814514,1.0762426493215647,13.480680049044015,-1.6713292076022346,,0.3480022040875552,0.2558139534883721,0,5
-0.71021682397008867,-0.70397106273374588,-0.0040994857432735442,0.70347741936285701,-0.70947407685449038,-0.042024453810168109,0.026675520546262127,-0.032730369765528206,0.99910817207077074,4.5388285880876182,19.685533103273666,-2.176151801762622,,0.224152861060054,0.52,0,4
-0.99562461651134537,-0.040389900241140461,0.08426315300975952,0.030311976283338527,-0.99259532499318981,-0.11762527320036859,0.088390084797072943,-0.11455643482656808,0.98947663749549519,18.103724940795392,-11.049274069877349,-1.8329408582176536,,0.2866839039783219,0.25,0,5
-0.98925516734422136,-0.12721975037461686,0.072037136238038105,0.12360507814862044,-0.99093605376130545,-0.052607242959931612,0.07807687582524632,-0.043137831083539732,0.99601361887816453,7.8012755099546442,10.344678834044595,-2.1139802416854265,,0.09633544918877719,0.4583333333333333,0,5
-0.50496157912264217,-0.86148650229665835,0.05343042177109366,0.86300362552452203,-0.50502014876450541,0.01339371768432175,0.015444932550772728,0.052873960533956127,0.99848174663133216,0.20776999591416434,6.8256843861497041,-1.3391122302831497,,0.07036422234143722,0.264367816091954,1,5
-0.0024445256650682135,0.95707265236178862,0.28983782085063153,-0.99908619901093265,-0.014705130155128771,0.040131360467932579,0.042670730485418716,-0.28947486462263128,0.95623402549352388,-11.573262365884194,11.39442025177093,-0.26659293648056126,,0.140718358963321,0.25,0,5
-0.83418055925699997,0.53003181984639991,0.15234521491662673,-0.54017235925728913,-0.84094630663083381,-0.031986429284541491,0.11116032049294405,-0.10897513163228624,0.98780959897828147,6.8371730239869137,4.4269124178458599,-1.9072601935351554,,0.4754730989605181,0.3636363636363636,0,1
0.574428066584729,-0.81521590508035013,0.073860844997576475,0.81154501423956449,0.57896930829864457,0.078671658881039941,-0.10689754993747978,0.014750191599255363,0.99416062367464031,13.695746096713036,1.7018793958784406,-2.4202460660948906,0.2785241157258997,0.2995245894818573,0.6511627906976745,1,5
0.016438662379653846,-0.99840730890908069,0.053968656608228638,0.99825201916492989,0.019452775029840923,0.055807667723897697,-0.056768623484371415,0.052956917022873848,0.9969818896685757,12.204309548313498,3.4681295742075195,-2.3361528041695441,,0.09672914903844058,0.25,0,5
0.048976562641476817,-0.99878221215550522,0.0059488648985555111,0.99737636386651241,0.049223771490916529,0.053079272043094018,-0.053307458317202128,0.0033336169494718308,0.99857258218208378,13.122984810107724,0.52426840464034985,-2.3196361539901602,,0.1542568921066177,0.2962962962962963,0,4
-0.85778459688522524,0.47815159179403782,0.18861771022701315,-0.50234331952940958,-0.85757085503096353,-0.1105595673184278,0.10888881793199574,-0.18958714056151627,0.97580732804334014,10.23882612533245,13.596766107791941,-2.4795477062942344,0.3498373904745896,0.3230852962117342,0.4166666666666667,1,5
-0.85177898391327489,-0.51949801731572387,0.067781801161529404,0.52071951602746358,-0.85372771652130208,0.00041433253332224959,0.05765195739776309,0.035648226440536779,0.99770008307098546,9.6510507271513273,11.021317411197005,-2.3213937381269827,,0.08211561566915523,0.4,0,5
0.8460613569360701,-0.52630784353034687,-0.084736262237199336,0.52132935299433691,0.78368526247743386,0.33771750781116128,-0.11133681334581916,-0.3299052336870566,0.93742554412597845,-33.272523094690577,12.741611381847408,2.3348191407702283,,0.4062426931711256,0.2380952380952381,0,1
-0.89837474619008495,-0.43843892471822743,0.026346246408594877,0.43435699435157693,-0.89571853973142845,-0.094985783353404601,0.06524428607749623,-0.073889152609298084,0.99512992933632338,8.0832347859168863,11.532574228278619,-2.1826719596593938,,0.09406528331753136,0.25,0,5
0.99450802453179865,-0.068598788067626065,0.079044262394627765,0.035209604506927936,0.93051576182541385,0.36455548376746999,-0.098559996409920567,-0.35977023677636444,0.92782072828621032,4.6855651578717739,14.853052679851574,-1.9724520489219695,,0.286689687225675,0.1304347826086956,0,3
0.96810780626157966,-0.24972971682249825,0.020058514180912684,0.22617269355499592,0.90560410450023554,0.35878561649319818,-0.10776450317924256,-0.34280646792043051,0.93320444566367633,-9.6360680709974496,10.529752730192518,-0.4505141662589755,,0.4747351908175203,0.2877697841726619,0,1
0.7744096644369548,0.58590644027127559,0.23875366986768215,-0.63206041669450275,0.73320267197393008,0.25082557975266828,-0.02809450612870136,-0.34514849711237727,0.93812750394946454,10.732726688672368,-4.1757516290435852,-1.9454381546020529,,0.6797933874107389,0.1650485436893204,0,2
-0.34210927791564144,-0.93810480267343033,0.054042771626575198,0.93951764203207633,-0.34048950032936254,0.037060767341603199,-0.016365887526374127,0.063452969721713354,0.99785062928224344,12.211027137208553,4.9620829229668733,-2.4342612498145586,,0.1124827665995684,0.25,0,5
-0.21940320143444997,-0.97457836459601299,0.045378920895880179,0.97515698738061385,-0.2176038243073031,0.041441834052103235,-0.030513688126476035,0.053344042855756335,0.99810987768317549,1.1919882655828467,7.2677490777910378,-1.4468762615456685,,0.07967894785580534,0.2156862745098039,0,5
0.51239216233416451,0.80924079155522721,0.28737364747239813,-0.8587436112048793,0.48140461567462323,0.17552494472858698,0.003698944893384736,-0.33671788976863015,0.94159831165759766,6.476287764333768,6.7289780322331509,-1.9682814903069101,,0.4360698237151865,0.3275862068965517,0,4
0.50216377674221291,0.85588316119260188,0.12367520250623079,-0.86476074182698004,0.49774200332342206,0.066646511704960221,-0.0045167159363801255,-0.1404169238893469,0.99008216162225904,13.563816185193593,6.1643184753661746,-2.577211092049597,0.3156474520921071,0.243241765822153,0.4444444444444444,1,5
-0.6568053410873339,0.7218495470724049,0.21803663754175887,-0.74633049125774065,-0.66359921130929311,-0.051253142037008842,0.10769188334378876,-0.19639072824614176,0.97459383341001071,-1.4936642778276108,6.251091534441465,-1.1204017238610353,,0.5451476508505564,0.3054393305439331,0,2
-0.99402006414022503,0.046976241326544287,0.098576593760847334,-0.046280840313178744,-0.99888489059527041,0.0093305498433449621,0.098904984235208812,0.0047125461592824637,0.99508572294156028,15.145107225759006,-7.228202520625203,-1.9746342542654958,,0.2949439884253759,0.5833333333333334,0,4
0.18075197550489414,-0.98339986767342169,-0.015919284248225824,0.9810425532155681,0.17912132153082935,0.073966620534737293,-0.069887281613743704,-0.028987108047318459,0.99713364973592955,-15.010443853050186,-29.14019685514242,3.6477163420510426,,0.1796451357691546,0.6363636363636364,0,1
0.76781776450261263,-0.63812315268393238,-0.057050175485526308,0.63088870142292619,0.73759399533203107,0.24069595855981005,-0.11151379704370423,-0.22080294395422057,0.96892245975106017,21.56218997038431,-5.347711533901129,-2.75031758763016,,0.3308684124948648,0.1379310344827586,0,3
0.35022137550829385,-0.9326906174284969,-0.086216009522181017,0.93394816820934745,0.34071431672875552,0.10795634985707515,-0.071314845828092416,-0.11832990550536004,0.99041013031350256,-3.3816411850998467,12.777520185993088,-1.2367377985123187,,0.1896978959578947,0.4137931034482759,0,3
-0.14952738049920777,-0.98789404242652756,-0.041314929737570553,0.98875465840306442,-0.14949801622389178,-0.0038168876537824814,-0.0024058194624132145,-0.041421058452148073,0.99913888321364952,4.0934557435476471,6.1644760047312221,-1.7141665690328727,0.6011612897902506,0.3796854626906566,0.2616822429906542,1,5
-0.32848307544772609,-0.94301501839922242,-0.05311820985233362,0.94420685489091682,-0.32928240118434171,0.0068202234037267996,-0.023922464785342427,-0.047914249903210929,0.99856494046947475,18.37640695682401,12.67169977715187,-3.2418295399616346,0.2341005939257629,0.3140390190567712,0.5483870967741935,1,4
0.72607786896911242,0.6483564390569676,0.22900841933571178,-0.68757134872226833,0.6809419273595837,0.2521184879774922,0.0075212106414823954,-0.3405172822298223,0.94020817476413299,-11.809716153311381,-29.67637240193762,3.435158107083832,,0.3717995960964565,0.3125,0,4
-0.9343971213657003,0.32859214855978225,0.13758350005854755,-0.34347040536719192,-0.93346945606120668,-0.10326110224907448,0.094499207511974562,-0.14374273722753075,0.98509285109270162,-11.844600927908274,-34.869725232868312,3.8206802173599952,0.7732369611999987,0.5082497170533837,0.3157894736842105,1,5
0.0095133771889814155,-0.99638161462837349,-0.084458117934373328,0.99869136391221525,0.0052230079507718614,0.05087513965687656,-0.0502499283742842,-0.084831587386435883,0.99512740213496176,-7.155035475705823,16.707138446427095,-0.90299605798868032,,0.4710926393459328,0.1071428571428571,0,2
-0.67900916810655865,0.6791903753764732,0.27865208347185294,-0.7261853751157491,-0.67708591674364593,-0.11920344925972456,0.10770956594118375,-0.28329330268007052,0.95296566258254012,-11.856865172454055,17.152190767816414,-0.42013306268061618,,0.4125986468418461,0.2777777777777778,0,3
0.85405644388017743,-0.51745089316040005,-0.053218078077376087,0.50810595458943431,0.80793985266328983,0.29843179017856308,-0.11142679021449585,-0.28191801582361903,0.95294611745710411,21.835109037272723,-22.190548527071222,-0.94821969248350713,,0.571018040565183,0.1111111111111111,0,1
-0.78444064043272344,-0.61564486501437998,0.075061853287298683,0.61861913518904199,-0.78533107075257336,0.023779715906176453,0.044308545625648517,0.06508847434102473,0.99689530207163546,5.9629398563532376,14.432883608651064,-2.0611953863928507,0.5058349364767787,0.4852815597445099,0.927536231884058,1,5
-0.98986435996542266,-0.11994753740107336,0.076033789473248334,0.096576962706002661,-0.96107874958436712,-0.2588446008164616,0.1041222317506089,-0.24887793266733818,0.9629217701799585,7.5962515489845153,19.071738987675854,-2.4089341931887533,,0.4561427366660837,0.3333333333333333,0,2
-0.24748173640197377,-0.96640127043592827,-0.069436119183662007,0.96852201627952483,-0.2487328106297739,0.0098535728574556964,-0.026793546411554375,-0.064811830833859302,0.99753773485249952,-7.9564065465351179,8.9531021658615231,-0.57769774516169792,,0.09361687292435066,0.3793103448275862,0,3
-0.65623013101072558,0.72887602130630347,0.19519672312397698,-0.7467958250540101,-0.66438581778776273,-0.029790616045758816,0.10797226882651859,-0.16532159776380814,0.98031156194205682,-16.086320229698178,9.2960706385487502,0.35792613930168915,,0.2018147854366311,0.2666666666666667,0,4
-0.893350694363237,0.42684780293481522,0.14044746352442286,-0.44314921450725064,-0.88865163627838339,-0.11797051759384598,0.074453412026110763,-0.16762822694723642,0.98303482490102911,13.946709010087975,-9.2425019451267243,-1.6599450177090884,0.7183300268484799,0.4572940003130332,0.4038461538461539,1,4
-0.92447076884441093,-0.36695687653613884,0.10342363518589616,0.36249168011146465,-0.93006824041054126,-0.059773322055982368,0.11812526995606011,-0.017768481715707916,0.99283971599414145,15.449577926039392,-8.8365068951683501,-1.8383923702574057,0.6726086609529286,0.2858424304422417,0.2,1,5
-0.48283917097862533,-0.86927378097493413,-0.10596899866572353,0.87570801304715662,-0.47910444434239563,-0.059953376021416656,0.0013456796330872779,-0.12174573964170808,0.99256040825000591,-14.226934688839453,12.727341351812022,0.012529214392197657,,0.6238523379629279,0.3809523809523809,0,1
0.14075705570002031,-0.98169933086070726,-0.12827265904432372,0.98790694124402545,0.13076076076973409,0.083315658100952705,-0.065017895325332212,-0.13844871696971525,0.98823308285895006,1.2550250089445378,3.4311247121104644,-1.3043371520491722,,0.6339036629115967,0.2547169811320755,0,3
-0.46610431349642806,0.83462933814840501,0.29349725184740438,-0.87985431504861389,-0.47206524374748848,-0.054870665532313886,0.092753184475565367,-0.28381027738187975,0.95438387099848987,-1.8448925137576098,13.795627112282016,-1.4276327219335645,,0.4767852739719116,0.2051282051282051,0,1
-0.47128721268563761,0.85647957057730428,0.21054953892782233,-0.87863477252448507,-0.47669693550305237,-0.027585651938015512,0.07674177265250702,-0.19799691125296578,0.97719390269507722,18.577612682365704,16.397591763125455,-3.438821455413466,,0.2060020926304902,0.45,0,6
0.7223840324712214,-0.69142059591797567,-0.0099432977954233941,0.68305744524163003,0.71125972008154181,0.16595823899253906,-0.10767467729505892,-0.12667742549467167,0.98608265056203415,3.557009381766302,3.7063263192756053,-1.5627730250921623,,0.2202702541485367,0.3275862068965517,0,1
0.45749292175432255,-0.88816698105306957,0.043123547068512097,0.8856271308482726,0.45946281719011445,0.067516699602255342,-0.079779769679731133,0.0073029710940420893,0.9967857618179794,12.766747554731971,11.103292318670423,-2.6628990739839513,,0.1258969022920455,0.2857142857142857,0,4
0.54952673792747497,0.78163523689484993,0.29507070465757734,-0.83541533244784272,0.51833662722363028,0.18277954806129629,-0.010079018496283657,-0.34694883963311157,0.93782989718999077,17.802611460965124,-5.3083851308162249,-2.4236060698816448,,0.2956014140931603,0.25,0,1
0.56896801656286067,0.7813728903285394,0.25638214132062576,-0.82234363821534606,0.53865431218123683,0.18330977239445773,0.0051319406927098398,-0.31513162048290827,0.94903410105040176,-14.980462518905679,-13.554624988830366,2.0053003760663253,,0.3741273610952416,0.2,0,2
0.41678636571453559,-0.9090043725248973,-0.00041962493655442863,0.90608478485710031,0.41541065126342108,0.080276730547296851,-0.07279758241131537,-0.033838462546611478,0.99677252693257445,-8.0589576060366017,13.979058717165524,-0.78145207865359656,0.3501746428701911,0.3271279562973882,0.5491803278688525,1,5
0.9795947048018655,0.13348315695539734,0.15025465428188065,-0.18102562983991993,0.91078165801472211,0.37108825468480572,-0.087315151406883659,-0.3907160327311584,0.9163607619827564,12.520501218362501,-3.788326190075086,-2.0855059651159942,,0.4480577853784558,0.1428571428571428,0,1
-0.73646774554162808,-0.67419567925081325,-0.055456702537810022,0.67633934203410173,-0.73221668666354056,-0.080148725431825968,0.013429601398076007,-0.096534500832615042,0.99523903458178709,-15.104740132937142,8.0432110162648573,0.29363347824795832,,0.3299527519885265,0.3333333333333333,0,3
-0.038579218444211083,0.95749580436459547,0.28585560783099895,-0.99862820389295248,-0.04707890954787293,0.022919133171197578,0.035402744155922955,-0.2845792699758351,0.9579985828832166,8.4981657519780427,14.090505520460519,-2.2955278248946631,,0.383511316453694,0.1764705882352941,0,3
-0.72283129373755795,0.63737953240053047,0.26694990629436216,-0.68137332742446255,-0.72174429917599214,-0.12171916562921387,0.11508826816059009,-0.26987496787185872,0.95599277834508745,-12.899248911116507,6.4146836901167674,0.10052583611696274,,0.5289434164094823,0.4357142857142857,0,3
-0.66515884950952742,-0.73925956162145467,-0.1051618061390007,0.74669204103721287,-0.65779741957758331,-0.098760066062932667,0.0038341584270368376,-0.14421461558499524,0.98953900573996012,15.652378216051524,-11.779196576833547,-1.5812441962929156,,0.3359341587643253,0.1739130434782609,0,3
-0.79830702801167275,-0.60146191087850676,-0.030813289171154931,0.60154483232002776,-0.79385068390484514,-0.089134204281406448,0.029149678149850769,-0.089692036581765833,0.99554288447940564,-5.8502486111850036,12.429878900018714,-0.99836756840815666,,0.3785450903589657,0.2575757575757576,0,4
0.10598898747132142,-0.99379958875367569,-0.033596308247008461,0.99286854462227847,0.10391447823859332,0.058428026768318493,-0.054574606131812878,-0.039549445071010166,0.99772614166420048,-3.9178315054312756,9.5994726497740377,-1.0426386327590389,,0.1925393088961577,0.1929824561403509,0,2
0.99461305048738691,-0.0028300776777456572,0.10361887116019582,-0.019868233524801601,0.975888319134389,0.21736430680694083,-0.10173560387975926,-0.21825210019011468,0.97057502938506801,-15.481104273268047,-19.467274863464059,2.7216854600495921,0.8411287330159878,0.6249789493443885,0.7424242424242424,1,2
-0.98604508819707826,-0.15124830224284488,0.069563173526458952,0.13997046875030802,-0.97941503135128272,-0.14544574328932611,0.090129639521270732,-0.13367927076335576,0.9869176767329394,-20.829385317699426,15.771456673859603,0.66597598109987821,,0.09460806192500883,0.25,0,1
-0.52056429692379003,0.83040589643931761,0.19859219503055039,-0.84759917887087022,-0.53062861155788399,-0.0029847233670476712,0.10290016883205694,-0.16988032185913746,0.98007766605477187,23.294624088942115,-7.2175897667696054,-2.6882445012850837,,0.1816090645608703,0.1428571428571428,0,3
-0.31752451001116005,0.90124313585925253,0.29485419381238853,-0.94474172828668401,-0.32739063289725739,-0.016686531245971449,0.081493879377915759,-0.2838594433125558,0.95539654807112617,-16.507452162028336,7.7321232520060272,0.48418113535628954,,0.1893245183368003,0.1428571428571428,0,1
0.60517420813597378,-0.79485205531406489,-0.044434085677589462,0.78956706989957848,0.59214551286063066,0.16108238180885881,-0.10172521780360687,-0.13256659368795387,0.9859402001646862,13.263225166712292,-5.6661637627763408,-1.961600460405547,,0.7571886702194656,0.5652173913043478,0,1
-0.45520948599735417,-0.89033188836601007,0.0096670790127450154,0.8903823655867571,-0.45515860186719997,0.0070632994008639127,-0.0018886265260849068,0.011822677569394639,0.99992832612389526,-1.6746055959358039,8.4247377764179863,-1.1981052818243698,,0.09119959621861591,0.391304347826087,0,3
-0.91323331700150734,0.37894583223615935,0.14968288128329901,-0.40183452424344041,-0.89840752885502984,-0.17718049334689143,0.067334417978278382,-0.22195487903500685,0.97272920580605737,-14.876317491037623,-21.147222768723832,2.7576431050914065,,0.2681082054904421,0.2777777777777778,0,2
0.46928616272375728,0.85853868701529734,0.20659578982656321,-0.88304536029510383,0.45594924073451482,0.11109087061910666,0.0011786166903452067,-0.2345668620493308,0.97209927378381911,5.277162858902007,4.7216024451791574,-1.7771948157957547,,0.08369801278990953,0.375,0,3
0.97377064672992397,-0.22675075367833158,0.018836753263062112,0.20349392122487753,0.90494158858274754,0.373725762127601,-0.10178875965305909,-0.3600900123019819,0.9273479559737271,9.9421928271499951,0.079902620853861184,-2.0252685055485404,,0.4840279924717764,0.3333333333333333,0,2
0.25800454580881615,-0.96594209859411984,-0.019736172515844745,0.9632706544702756,0.25560941940812054,0.082301099301601011,-0.074453344977877908,-0.040245333560951835,0.99641206965199591,16.160495019058004,-5.7504692252161673,-2.2127432601529708,,0.1589481947591966,0.125,0,3
0.65657833708399227,-0.75207185406420851,-0.057383042760408572,0.74697629339915017,0.63780945263336253,0.18768462705079814,-0.10455287835199027,-0.16609343291037718,0.98055171570517363,15.862607015055827,-7.9847246664194342,-1.9739005971765635,,0.2261108835105605,0.2142857142857143,0,1
0.42875356876291532,-0.89640668306278326,-0.11236296468785463,0.89896227516239835,0.41098230116494955,0.1515268159898073,-0.089650460723357403,-0.16597772949869727,0.98204591959976517,19.437602769398687,-18.174623142636342,-1.1021426355968142,,0.1399237203718021,0.5,0,4
0.15094442063934357,-0.98848541743799012,-0.010600065579730941,0.98629226020510974,0.14986914318687433,0.069042142057788081,-0.066658527866646708,-0.020876288771567327,0.99755742753476462,-1.491857521769731,10.043026828952073,-1.2783873943306197,,0.07212102214303871,0.2777777777777778,0,2
0.54003173429789553,0.82863018753544782,0.14743723497195463,-0.84159852442285799,0.53348609168551109,0.084288277164662209,-0.0088119033401125417,-0.16960130389559741,0.98547336243880168,-15.672882345491335,-22.288800600100313,2.9703274788034779,,0.07197995942489149,0.1333333333333333,0,1
-0.96292427861504315,0.22507543292212687,0.14872082284810173,-0.24705313677506544,-0.95716105747423574,-0.1510213814809179,0.10835857724841215,-0.18216410060635244,0.9772792125012072,4.579970777116265,4.0535695715129751,-1.7003522792394692,,0.2820859517578433,0.6119402985074627,0,1
0.31469449882963824,-0.94616498876862465,-0.07575741834849882,0.94570785790784062,0.30570567363367079,0.11036615694834205,-0.081265121040488691,-0.10637600827559879,0.99099955850929766,-14.287535948397966,4.2693386948237277,0.24485680555374595,,0.4670339373144625,0.2962962962962963,0,1
-0.93797596818548723,0.21648789271630561,0.27080265030784284,-0.2505850268357328,-0.96312159698227695,-0.097999661999645077,0.23960014071830921,-0.15978041724054592,0.95763353681573016,0.60906418188813949,9.5285062880861684,-1.4497190560928175,,0.2517957060850698,0.1630434782608696,0,2
-0.68452466543016499,0.67912437091065581,0.26498315277188145,-0.72124876293739104,-0.68376070619098384,-0.11077688671600401,0.1059537841655678,-0.26694828245263708,0.95786868103962097,-9.5687672435768274,7.12843594008514,-0.28156934726142691,,0.2933584938906525,0.3636363636363636,0,1
0.459468301420836,0.79599861241003189,0.3940496022466653,-0.88819267554386838,0.41096098708814444,0.20548683218581817,0.0016282197874641451,-0.44440665626522913,0.89582368397329282,-9.8419040814882024,-21.405655962005682,2.2318717486181816,,0.5850776643854555,0.2380952380952381,0,1
0.98184456967996403,-0.16917403646654378,0.085798521989499277,0.14898986965541652,0.96774136184292758,0.20317154160575426,-0.11740212830280415,-0.18669976423127377,0.97537681862240244,21.40103390564628,20.612360129756198,-3.9150858298255509,,0.2925659880758948,0.4166666666666667,0,2
-0.92345326153925211,-0.3827557759142271,-0.027057157219774954,0.3832499805923742,-0.91659270921576086,-0.11391776765920671,0.018802290511065984,-0.11556738907152866,0.99312167051914013,-7.0137181258150214,-38.147097459013892,3.5920858744470143,,0.5378648363588989,0.3333333333333333,0,2
-0.19228158870545131,-0.97142765632934736,-0.13912619869521317,0.98070846665520262,-0.1953015200424997,0.0082595217713987805,-0.035195085959701118,-0.13485408702579763,0.99024021385557215,16.057974917387806,8.9292442842210225,-2.8632822264921796,,0.2311093502623874,0.3142857142857143,0,3
-0.5701142965848659,0.7745928472374044,0.27381674499233161,-0.81146865374020005,-0.58300356597742431,-0.040317069023876773,0.12840682546738863,-0.24517904287736175,0.96093648286821209,20.820235849063035,-5.2869073171408276,-2.7529086448391507,,0.6177867481521695,0.3333333333333333,0,2
-0.99461875758217544,-0.034142974479922615,0.097815051803658778,0.037996666458988533,-0.99856232528081568,0.037809203479766268,0.096383506907009114,0.041322388888269106,0.99448613855240453,19.848916097632891,-22.912000951954642,-0.73746939177949733,,0.6884945073464546,0.7536231884057971,0,1
-0.93419685715480338,-0.35609591649550487,0.021723957680725749,0.34620690289269079,-0.91958549471281004,-0.18575063473174921,0.086122078885374279,-0.16600667507369399,0.98235674342849533,-11.360922456020473,8.6061404732696385,-0.14291606537118889,,0.298837702876686,0.3611111111111111,0,3
-0.99496520550111378,-0.0053543979534506252,0.10007782104284099,-0.015132469346690642,-0.97909709171956583,-0.20282971517448026,0.099071934540505918,-0.20332293379952346,0.97408651380539979,2.9488585840218193,15.912389383137462,-1.8640333820607946,,0.5935324358260434,0.2916666666666667,0,2
-0.41269034423314871,-0.90750618915019243,0.078225292781934894,0.91084086399892106,-0.41044886504039702,0.043596440872491732,-0.0074565572769087346,0.089242623455074874,0.99598200481355648,8.2232924588296719,23.994627590874991,-2.7023789506346403,,0.1457633792913559,0.1538461538461539,0,1
0.9876545441554857,0.094896177953405769,0.12463232654032962,-0.127542225108185,0.94907472364557832,0.28808010995471872,-0.090947689489469075,-0.30041951392495331,0.94946123324210674,-17.316673981578329,9.8323023431018601,0.47782175266490118,,0.2097722426081826,0.4615384615384616,0,1
-0.90145943766475156,0.3793785694120137,0.20842932451084031,-0.41829516199840366,-0.88735422494078053,-0.19398875464438164,0.11135546548724337,-0.26205797173648926,0.95860606077547761,16.184482663590629,-16.272216450447473,-1.0148393439611916,,0.6740329832340194,0.2962962962962963,0,1
-0.25765570733536991,0.95640170482007425,0.13751114680187079,-0.96319926222441465,-0.26550712257256309,0.041870623515556794,0.076555324621176007,-0.12166243002872135,0.98961484194188043,15.858165118852716,5.8049192781166452,-2.7861092834152572,,0.0913897782300451,0.3157894736842105,0,2
-0.81071623403221094,0.5283975419052932,0.25206194791176789,-0.57711359051667321,-0.79367242166142071,-0.19241619145760916,0.098382374018848653,-0.30146330589732057,0.94838851937371926,14.568558960254595,-4.594975355898665,-2.2061676819230587,,0.2976148785134546,0.2647058823529412,0,2
-0.87721867394980846,-0.47971662230404333,-0.018956802445014645,0.47613002293847717,-0.86424093676668112,-0.16244323461829552,0.061543475124051616,-0.15152414164696382,0.98653577490520117,14.767722490308971,25.121099962039896,-3.4068128912797189,,0.2304531517299318,0.3571428571428572,0,1
-0.84655422908338251,-0.53230222599696264,0.00052670648152289257,0.52938162121372778,-0.84201209588413828,-0.10378212517541635,0.055686949477992347,-0.087578368239417351,0.99459991608402831,11.999247426499963,-8.2680894274949779,-1.5943693042729656,0.7800041265510269,0.7314836648591323,0.3065693430656934,1,1
-0.90970111096326001,-0.41431189458063317,-0.02809880284310045,0.40960780430416455,-0.88412491136769578,-0.22482123510065713,0.068303260283316666,-0.21602961627533823,0.9739947995377588,-3.4860584451798569,8.4528916582616471,-1.0122553429544325,,0.4593381685178005,0.2621359223300971,0,2
-0.17431164822638601,-0.97687272555768989,-0.12383508127380305,0.98407412991631316,-0.1772685949465832,0.013189089245076639,-0.034836132420964672,-0.1195638879727195,0.9922151584060761,21.558081025364725,-10.463213672596055,-2.2070794100126041,,0.3673838713687257,0.2631578947368421,0,2
-0.94660915901201292,-0.32093021521600001,0.030576086014743414,0.31303964039296583,-0.93769844467516539,-0.15075745552515341,0.077053770947383013,-0.13313686121877674,0.98809781528328466,12.455688201100223,14.753714707765255,-2.7087330558135991,,0.1701253611199973,0.1818181818181818,0,1
-0.7747325093398254,-0.6279842765843775,0.073656549843266916,0.63081129110195566,-0.77561939604565089,0.022173576528477314,0.043204791288716876,0.063641973889692602,0.99703713329500554,-12.838672008213058,-19.707878323934711,2.4464837543697064,,0.5558243722198634,0.6086956521739131,0,1
0.9951529658153907,-0.026543547230148731,0.094689042287229463,-0.0074857059156501551,0.93964240901833707,0.34207617189912731,-0.098053754827524403,-0.34112693132418853,0.93488923295199333,5.7450460708804796,19.495726945515184,-2.2558382590224033,,0.51490517026643,0.2285714285714286,0,1
0.86728464062633326,-0.49656335916315775,-0.035244609094911963,0.48516063208245214,0.8272612442938555,0.28329841998630728,-0.11151911589950834,-0.26279966519381898,0.95838396416207283,12.125026729125965,-2.1677769941243397,-2.1347841954852771,,0.08849589122720267,0.3076923076923077,0,1
-0.079199408201234667,-0.96836338767603425,-0.23664277540032411,0.99584462037765686,-0.087562615498571292,0.025025595535965218,-0.044954930824710831,-0.23367742247731915,0.9712743775159014,-10.686099561961731,12.4790813743491,-0.43872768761738407,,0.2958987393010764,0.1,0,1
0.94789250967141181,-0.31527306818734468,0.045855017005456335,0.29913301051265456,0.93026387027110813,0.21243486928904989,-0.10963225862157952,-0.18764867210816466,0.976098736668363,19.321372112281956,11.146394198297294,-3.2691064891079455,,0.6834693336845594,0.6,0,1
-0.29271349448240908,-0.93094136664248406,-0.21832769412449668,0.95595353871010658,-0.29009353071844574,-0.044705427667463903,-0.021717319713106531,-0.22179701375160443,0.97485098487684207,-0.1225285082506832,4.6125837674884504,-1.2166618378589347,,0.1826826977698814,0.37,0,1
-0.0054518960489941077,0.97849701129404676,0.20618893209405847,-0.9985544052441867,-0.016353007721503474,0.05120233301216745,0.053473139022311073,-0.20561171665806818,0.97717165604412748,10.924516958558256,0.33271905449929928,-2.101239801913513,,0.5491377785399433,0.2328767123287671,1,1
-0.1530018768519307,0.95997887597997478,0.23458683541923439,-0.98592472440531698,-0.16447278407601887,0.030019012385211923,0.067400767696568997,-0.22669199582364527,0.97163155339017548,15.052160955805789,-0.43599537153086571,-2.4334139060372619,,0.2648747684652438,0.4545454545454545,0,1
-0.89300238842294855,0.41579410768629416,0.17222657833292374,-0.43603167226732725,-0.89409984846466295,-0.10228314502020598,0.11145902857403016,-0.16643533575783939,0.97973270026089676,19.083515651534157,-4.889898750337184,-2.63523594910329,,0.3965583748096769,0.2727272727272727,0,1
-0.8330635042568133,-0.54586740454644533,-0.089632441275946828,0.55061065150270427,-0.80264990999875818,-0.22930554382908727,0.053226951134987391,-0.24037865677450074,0.96921875396638957,-4.7352324951347446,6.0737677992356449,-0.78146881497691467,,0.3475274320297865,0.2857142857142857,0,1
