axis_00,axis_01,axis_02,axis_10,axis_11,axis_12,axis_20,axis_21,axis_22,location_x,location_y,location_z,dbh,dbh_approximation,score,reconstructed,number_clusters
0.55552157393755897,0.78955133907922792,0.26077665510573461,-0.83142898507725627,0.52328851435131551,0.1868019633767154,0.011028311898929295,-0.32058979039606195,0.94715392763292094,-0.70428868092135322,14.938869858600913,-2.0536989299383417,,0.1339977146120235,0.2222222222222222,0,3
0.7588499810020447,-0.64050792533493772,-0.11788258529711057,0.65077058279113364,0.73869327600955914,0.17558443140538824,-0.025384146762981046,-0.20995676117095979,0.97738109431874942,-13.924711018742796,-12.229221564462872,-0.09922545416076832,,0.2874872309090545,0.4193548387096774,0,2
-0.12537179269722551,-0.97432549575049865,-0.18700733121037796,0.99126841275929034,-0.13078151574231631,0.016826437704351469,-0.040851529488625749,-0.18326489972355955,0.98221440076378064,-11.559864598646048,8.0988863373477127,-1.8843213879028771,,0.3549789871879804,0.5737704918032787,0,5
0.98959785416006629,0.1384810980341705,0.038975281000169539,-0.1431487148784453,0.97480213356949597,0.17108257017302225,-0.014301484903367792,-0.1748822057146123,0.98448549082957537,3.8265339050426772,3.0474921178857652,-1.1767562888373364,,0.222132050808257,0.7,0,1
0.99495530929002807,0.097938299601970036,0.021726066985546535,-0.099128085551012518,0.99308298562314257,0.062926991989266948,-0.015412824873359338,-0.064763208204202463,0.99778162525300262,0.24161383479558088,3.7663647592338654,-1.2988645790369056,0.3518283273167482,0.328690046756656,0.9337568058076225,1,5
0.89902670117399386,-0.43069912726687926,-0.079052212794812574,0.43789110100514589,0.88361479370839491,0.16575970559871553,-0.0015408558365011889,-0.18363866180959901,0.98299260813704603,5.279290063761211,-12.34203479095823,-0.059213664521370356,0.6585960285675343,0.4276073008807783,0.3333333333333333,1,5
-0.98318344030301297,-0.17192243354317127,-0.061587332776509546,0.17980382179517082,-0.97031412540159068,-0.16174388308061241,-0.03195165694891456,-0.1700975452225523,0.98490909059033416,2.3721878030705112,-12.840669615112633,0.017266862011462186,,0.2782475052306392,0.1111111111111111,0,5
-0.982823776928894,-0.18454644152054814,-0.00018554063131329563,0.18449427082151204,-0.98252101682232851,-0.024785389576418529,0.0043917578782887417,-0.024393901379631617,0.99969277782637711,16.078678680472262,-4.9842342990603301,-0.73896995072852123,0.1764361841878875,0.1853656482515371,0.631578947368421,1,5
0.77817767572955765,0.59154008994629048,0.21099722031931559,-0.62803809543607725,0.73146009500297948,0.26558290626329206,0.0027668894390538165,-0.33918498110111894,0.94071562808229425,-10.782276734159696,-23.451956644539493,0.81436379812322468,,0.4945412118863246,0.4705882352941176,0,1
0.17641720879020548,0.96781934310634676,0.17945107286353174,-0.98196923683680204,0.16046697325751716,0.099933820099702475,0.067921913612776788,-0.19384547867507967,0.97867795727113815,26.92104164345308,0.83689429930718828,-1.1437548180513797,,0.2032007236027915,0.2380952380952381,0,5
0.48627190666480569,-0.87327004256281637,-0.030644176460008131,0.8732307283877796,0.48437792915521177,0.053349008862926754,-0.031744728506046475,-0.052701560789469561,0.99810561450301027,-19.589852908584106,11.217855591708595,-2.1824989951772555,,0.07132868479566405,0.34375,0,2
-0.95461371417194085,-0.29739041741753364,-0.016480180310774743,0.29672397120060762,-0.94475869922349176,-0.13923320421679358,0.02583682700703684,-0.13780399076136896,0.99012247651512664,-9.8867434903054203,20.75178110923731,-2.6497840973052278,,0.2812572733475552,0.631578947368421,0,4
-0.6378035835044189,-0.76880151148425235,-0.046376985762895076,0.77019878715742973,-0.63669654140890253,-0.037567837563082039,-0.00064585613451287717,-0.05968039960884481,0.99821732742543745,6.6435348407338113,13.875626212546045,-1.8555545393448114,,0.1272981826800484,0.2424242424242424,0,5
-0.38546034926813033,-0.91957805582376795,-0.076134869734371308,0.9225957287337867,-0.38547031973708473,-0.015157635830234923,-0.015409103291997312,-0.076084373225835722,0.99698231061868281,-1.6689210767091576,-13.924228502844192,0.08853654727926373,0.1564147010002525,0.1513492454628494,0.525,1,5
-0.934474692623667,0.35262524516551064,0.049117057300573072,-0.35523369604433391,-0.93268964600942561,-0.062442336771572862,0.023792226473912912,-0.075798817265022925,0.99683923942661801,11.208984678605576,2.1175662499673886,-1.0745617319803935,0.1316641213907024,0.2028744852904968,0.2916666666666667,1,5
-0.68285696086910996,0.71168238365644854,0.16496834782975611,-0.72983353832847042,-0.67457787643719114,-0.1108498757438882,0.03239409396091724,-0.19609404227198263,0.98004987080346373,-4.3085957085964814,26.746901262731996,-3.0064538073369365,,0.1435564843299388,0.1666666666666667,0,1
0.37195751507889074,-0.90972974350928293,-0.18449769849749473,0.92787607244505321,0.35875045732989691,0.10170596614522315,-0.026336308782368013,-0.2090212982930818,0.97755639003568273,-8.4030273010203107,12.939315339899053,-2.0341944371786012,,0.117375329089906,0.5517241379310345,0,6
0.63285867493447445,-0.77426351390072767,-0.0024307616665509017,0.77343927385594868,0.63203358029976398,0.048220773849501325,-0.035799262804761617,-0.032396981581004361,0.99883374410713432,5.2660748128546073,-6.4947192750608052,-0.5644536880662695,,0.07335266677278768,0.2068965517241379,0,4
-0.99826712169080145,-0.03122806920253789,0.049875459346687023,0.025717438085619788,-0.99386787462664594,-0.10754190422074525,0.052927942804097697,-0.10607287814985102,0.99294872848074656,-2.2603499964178413,31.231200349268498,-3.1861791442586118,,0.2356649149227938,0.25,0,3
-0.97307955450938455,0.21811234517289499,0.074452572010621151,-0.22860698679782357,-0.95445028401785525,-0.19173810504293073,0.029240830751476703,-0.20359680798434474,0.97861806318683286,-18.335943182516285,15.433126340507648,-2.4119237364752562,0.8260080746859081,0.3855934112037778,0.3461538461538461,1,4
0.92373174383228573,0.37509567645130243,0.077607338210403803,-0.38298366909299708,0.90791578562366659,0.17033037140635041,-0.0065707415585937691,-0.18706191414315057,0.98232615033524895,-2.9357725093164313,-15.506801675729339,0.16651539546416641,,0.1492598605533116,0.2727272727272727,0,1
-0.24895372034859825,0.95891631440027036,0.13602039222702481,-0.96773726053337938,-0.2519168191308766,0.0047445562838628096,0.038815456971952655,-0.13045082681218584,0.99069467651949938,-13.191946019872141,10.903129172810228,-2.0063317655859634,,0.1073128196268364,0.2463768115942029,0,3
0.9936139469673162,0.11282626353034704,0.0012484589750425584,-0.11138053835238441,0.97899222056904522,0.17078819555702077,0.018047162335522594,-0.16983658711558827,0.98530697430220437,-4.214225955847902,18.839523212662264,-2.4436187664152449,,0.3776982561174903,0.2934782608695652,0,2
-0.72520426848991548,0.68725293302515045,0.041978268334162183,-0.68785887051202388,-0.72584445585200974,1.2915977428365732e-05,0.030478569879990119,-0.028865757520424695,0.99911852391037304,2.4108169359511198,12.239736910344995,-1.8479574010051791,0.2184851297793582,0.1926595239591046,0.4608695652173913,1,5
-0.91769170507820208,0.38752384058437406,0.087562591381243407,-0.3971357682375255,-0.90097603357954315,-0.17471510667845444,0.011185527124475641,-0.19510884114772956,0.98071781063103847,-3.8308186673963838,-8.0991751674445585,-0.2994740875461826,,0.3619677584181708,0.3417721518987342,0,5
-0.94850049951394599,-0.30491171984589238,-0.085881578481155935,0.31596854382807193,-0.92999172441878197,-0.18782777170521894,-0.022598268362037183,-0.20529061257933878,0.97844012727087037,-11.425311203586515,-4.7845134570301102,-0.74386453525587326,,0.5422601706222014,0.3464566929133858,0,4
0.14702632092507625,0.97198193466800797,0.18339678196269749,-0.98884348584874615,0.1399523701175214,0.051008769765491346,0.023912788414091463,-0.18885034492297073,0.98171468654224492,-4.6489836436998786,20.49820177201536,-2.5200343581196361,0.1725721478706735,0.2320822631889917,0.2727272727272727,1,5
0.62867009369881122,0.77059203302282664,0.10469876756903571,-0.77761308235854354,0.62124049877574783,0.09684078079871547,0.0095816195694062405,-0.1422960341070931,0.98977776861466249,-17.611590569234522,-8.3170117986073251,-0.39902962257899238,,0.1321267619747971,0.46875,0,1
0.93265398747321593,0.34349490091113655,0.11030771821753617,-0.36072487096037392,0.89282269507665091,0.26971318585988197,-0.0058401302153693289,-0.29133981568627743,0.95660180047653776,8.4362629234621416,-5.1734672382571167,-0.65213228861312322,,0.1058017039285257,0.3636363636363636,0,4
-0.8507663415122797,0.50864237132195578,0.13221032579110598,-0.5247416467603282,-0.83604489466257592,-0.16023463503219959,0.029031643168643848,-0.20569849830424411,0.97818469191165969,-17.852295912424609,7.1696693807761216,-1.9069713290787391,,0.08833452654025381,0.4333333333333333,0,2
-0.7822428644993078,0.61334202310534447,0.10912224169691256,-0.6221112683442791,-0.77829601746294208,-0.085046334432440349,0.032766915310848958,-0.13441306444823564,0.99038349005152793,14.675698500950837,7.5537423661670573,-1.3106259311180899,,0.09783989552971109,0.2727272727272727,0,5
-0.79270412210775087,0.59744589829797812,0.12115516249959239,-0.60485505843431209,-0.79560124758388984,-0.034190833996598918,0.075964024905249533,-0.10038452794071533,0.99204456224018223,-19.758961572862031,8.5086637755185652,-2.0689923568140056,,0.3798808276671419,0.2280701754385965,0,4
0.98935314962821186,-0.14550229678278578,0.0030703341302709634,0.14366645241548323,0.97980493327317142,0.13907639333799726,-0.023244263186581217,-0.13715456377565347,0.99027689555215981,3.8953624205721042,8.234612037013326,-1.4862912635104466,,0.07699279780056635,0.2571428571428571,0,5
-0.52953139322137099,0.83670019152416542,0.13974724718740714,-0.84752753270099401,-0.52881152944735388,-0.045337044867467285,0.035966441397480682,-0.14244702814370896,0.98914875487270693,2.7989236420221437,10.427053079650136,-1.6965549050060966,,0.07496673678339962,0.2926829268292683,0,5
0.97618339771452389,0.20880412202652635,0.058879645474982555,-0.21689221174157716,0.93321096819205651,0.28648744707559448,0.0048726288977269227,-0.29243482602244258,0.95627304156127346,5.5471405207279156,-4.0315688388689725,-0.72567972976571282,,0.5290810688526548,0.2244897959183673,0,2
0.036156151694744829,0.98405895616578665,0.17412841090565856,-0.99882297506565054,0.029947030705763853,0.038155469239829716,0.032332602364024972,-0.17530301235806328,0.98398346362251399,-23.486502270365332,27.596547033942549,-3.5393747495179908,,0.2684882159119611,0.1333333333333333,0,4
0.57332795840919359,-0.79463985574351936,-0.19960599131856172,0.81872087110293024,0.54628170195640502,0.17684014625664923,-0.031483127652847297,-0.26480899110780459,0.9637868078064058,1.3071069560169812,14.391583664371515,-2.000026075639747,0.331577655828545,0.1870983066555565,0.4366197183098591,1,5
0.21241211860978171,-0.96285002191660751,-0.16673610035889933,0.97698653828980564,0.20585899218324002,0.055851404080854469,-0.019452400062877427,-0.17476244056572796,0.98441845446908627,9.2215546017935299,-15.25789363931759,0.25960864171431364,,0.3362393063220105,0.2857142857142857,0,5
0.58817770971946337,-0.80564910188471939,-0.070544357829035551,0.80828660939814345,0.58271967901254296,0.084323974996267329,-0.026827949172810762,-0.10661754228954634,0.99393810713711805,2.2529804214278295,17.691899656112028,-2.2366638951911662,,0.1457178570602203,0.2857142857142857,0,5
-0.87834375063329262,0.47258305173861126,0.071954950718216809,-0.47681799027294647,-0.87684546058235524,-0.061535700273784681,0.034012642877437833,-0.088358912767971254,0.99550783154074352,12.441204802309597,2.4773659710270488,-1.0845482445949723,0.210531210748386,0.1247665956977458,0.3,1,5
0.39188767572604,-0.91016080709405944,-0.13428088041092195,0.91914940558940239,0.38100428025829081,0.10000054314607186,-0.039854984866260143,-0.16261317183657617,0.98588464666336995,2.7573297723816301,26.452874285277879,-2.8043777414112614,0.4471312273229933,0.3456415832722511,0.8333333333333334,1,5
0.61355745830164821,0.78540391389516417,0.081779810470440278,-0.78954362750494944,0.60847545978801587,0.079865356081910671,0.012965555473985641,-0.11357071309947173,0.99344531177983364,0.80034587011582703,-14.470228880607763,0.14992897674416503,0.2215518611510755,0.1993006185991645,0.4038461538461539,1,5
-0.98445950049872122,0.17233216896812933,0.033780399887333154,-0.17412120888115939,-0.98288383477847263,-0.060176174262969485,0.022831918350670638,-0.06512289052171838,0.99761601462412597,-17.163245459913295,-10.261464234442453,-0.29110434696704734,,0.1067812588345733,0.36,0,1
0.86270906933338209,0.50371050943919948,0.044819464191707445,-0.5056992062244785,0.85910631533911486,0.07876961196033265,0.0011723966316560296,-0.090620426091203118,0.9958848145549698,-11.63174918329781,27.249270254746143,-3.2138469941425538,,0.1254613226818623,0.2,0,3
-0.35078331195730594,0.90985186893845849,0.22163177714727206,-0.93591346041565915,-0.34867976175274473,-0.049884049122297693,0.031891419928407792,-0.22492665545293603,0.97385365276395952,-2.3238057879610587,-7.2048627000337433,-0.44018089752169937,1.023387736637358,0.7676250033921466,0.5163398692810458,1,1
0.71857022009375204,0.69279402700015902,0.06077232056881008,-0.69542627805867863,0.71500644338958996,0.071750105901109515,0.0062554440184805988,-0.093820158091266842,0.99556950905291375,12.624093745729921,6.3646235167694867,-1.2286001972565788,,0.07332340740082342,0.375,0,5
-0.9600151417748688,0.26549298361250234,0.088794162057585516,-0.27880899101325102,-0.93532408989653737,-0.21779438328245571,0.025228438182932775,-0.23384251647581952,0.97194711964957448,-15.395285260097602,-3.5297875255460096,-0.94241655973709104,,0.07243261292844583,0.4285714285714285,0,1
0.67337381999694113,0.73849703911722953,0.034493793033141859,-0.73916677486924454,0.67162439745823299,0.050528681639889807,0.014148408819622827,-0.059521357124576582,0.99812676077436269,-19.582316304280262,17.591330096842412,-2.6517448770006604,0.129976414044038,0.1296275592820447,0.6595744680851063,1,5
-0.98434175795714851,0.17496665709226378,0.021400290834215619,-0.17500581563859544,-0.9845673987020761,4.3654290301006642e-05,0.021077666723353251,-0.0037022046114877942,0.99977098659968811,0.55409277203327634,7.7090824217949274,-1.5789688999987046,0.2439694844710925,0.2028493009746585,0.7482517482517482,1,5
-0.70464847525126706,0.70515460729855128,0.078914549556409919,-0.70913152410640246,-0.70370644382704417,-0.043928606110665479,0.024556218043415196,-0.086915020116901109,0.99591303407149123,3.8008259987149833,6.6648161428274335,-1.4122012236587294,0.5696082021444766,0.4380986903487287,0.4716417910447761,1,5
-0.97526480051264275,-0.22090642992681009,-0.0076758125320157957,0.22079605759326765,-0.97197188844042359,-0.080744962894454653,0.01037640748552867,-0.080442509275555171,0.99670523870858974,-14.764020064395497,26.613312602856091,-3.258710431658224,0.2935994117328498,0.3325365560894134,0.631578947368421,1,5
-0.58085820432159896,-0.81348650034922498,-0.029042386641914292,0.8139128057945717,-0.58095907278091308,-0.0057009049412812176,-0.012234828805324846,-0.02694938780589199,0.99956192377510655,-10.599420212492875,-8.5680632808009598,-0.3172817395097326,0.4886485713134751,0.4545629744175035,0.9156626506024096,1,3
-0.49728349888908269,0.85487194570004954,0.14799688573630509,-0.8666383199762322,-0.49743822623304063,-0.038642378691036004,0.040585022870597495,-0.14747598969710113,0.98823260843864869,4.9413145759155421,9.7398521065594181,-1.6018636654773837,0.2489597776479163,0.1789101005379859,0.7054263565891473,1,5
-0.98117901986494915,0.19103081302954947,0.028195025272685123,-0.19172977674914171,-0.98113964255296904,-0.024590537179083053,0.02296570670766062,-0.029533545068293629,0.99929992796513112,-0.90845056599804619,8.4307620690923102,-1.6514961752912898,,0.09593914785351047,0.328,0,5
0.20949498159302538,0.95923162973519394,0.18970116816430727,-0.97524727222791874,0.19093996755856385,0.11151092682216802,0.070743273173795695,-0.20836652635272154,0.97548899532304278,-12.310881189850754,-9.5504202611603457,-0.26908983801360892,,0.293216707627085,0.175,0,2
0.81699255135470905,-0.57343502406391711,-0.060790165386657311,0.57656794280277879,0.81056800277313823,0.1027079364632356,-0.0096217650716392111,-0.11896127965510195,0.99285227278771215,-21.276717853044129,9.8542240729126789,-2.1498898812758078,,0.471923773668038,0.5625,0,3
-0.34137699978620306,0.93257270097258427,0.11734522324180811,-0.93940128206578588,-0.3426897316043947,-0.0094328736907273864,0.03141616256209815,-0.11345441927755316,0.99304638334584594,-5.0323488310381803,-5.431558524457782,-0.71859776917871321,0.3850633144260736,0.3772933156572177,0.8202846975088968,1,5
0.99184367273818064,0.12435617289443807,0.02795838178948909,-0.12659899565506852,0.98660658580874361,0.10285980331471979,-0.01479267211717198,-0.10556034815148878,0.99430286620816455,-17.171891499233023,-6.7233488091581757,-0.51462946632812423,,0.1086110242518162,0.2692307692307692,0,1
0.055697022243970593,-0.99617467295946671,-0.067333963697790544,0.99821636574226158,0.054105666880166964,0.0252322011676522,-0.021492530736679484,-0.068619223003128865,0.99741138621783376,7.2656412775878589,-26.819085551182518,1.0575962921546871,,0.2184893249902198,0.8518518518518519,0,5
-0.9787301123086819,-0.20083145163952931,-0.041881920832178815,0.20477537006248223,-0.9439925858146897,-0.25873740692576297,0.01242638628109401,-0.26181047717624623,0.96503930436264507,-1.6228835282019514,-15.371114854998924,0.16095670859948188,,0.4118330975763328,0.3333333333333333,0,1
0.051819932702760516,-0.99116760774036428,-0.12207156892956304,0.99804133019582175,0.047110064126594756,0.041159993670337736,-0.035045653020531441,-0.1239653791355949,0.99166747802886646,1.3717009286822315,12.061901394166537,-1.8491311681030362,0.747811177011416,0.4123681912785882,0.8523809523809524,1,5
0.034326998482076383,0.99487745075571665,0.095081623634744303,-0.9993347767181523,0.032996381762533646,0.015531993827654831,0.012315080872357196,-0.095551539853572093,0.9953483018595648,5.5187614974147792,25.636614786111711,-2.6609691808330327,,0.1377858721156592,0.391304347826087,0,2
0.73902297902834857,-0.66941669801137149,-0.07567245794619315,0.67277356855758763,0.72753196136566167,0.13443574912099474,-0.034939403520306951,-0.15026153737728951,0.98802869819993555,-7.4660590271514051,-20.280674960022356,0.53774818385211065,0.2495972351078987,0.2101654135244221,0.5384615384615384,1,5
-0.069288709596402195,-0.99587153354308855,-0.058642675595535043,0.99725733863093002,-0.070678420713078935,0.021962727341115221,-0.026016826655466962,-0.05696006955791675,0.99803741172700411,7.6490772525601045,1.3809659855123217,-1.0701231735705974,,0.07953541671891777,0.2380952380952381,0,5
0.94991552700693271,0.30703946877009308,0.058200138904645225,-0.31198279778962457,0.92095159094776913,0.23348426288324134,0.018089373524233017,-0.23994776879177548,0.97061724836175711,11.02999660373013,-9.7296303009318823,-0.33389659171925234,0.2290426266394501,0.3188711575700023,0.2432432432432433,1,5
0.17859542714055096,-0.97484742656992196,-0.13332729770937102,0.98381488430971942,0.17492380622994591,0.038857887547836138,-0.014558393288275136,-0.13810922099565776,0.9903100000812044,8.6942653110138384,5.6050450503519125,-1.2392230550778935,,0.3924820241058215,0.2272727272727273,0,5
0.51111902830843714,0.85428850980400195,0.094596410703040451,-0.85927745360445951,0.50531695402885701,0.079353851185905613,0.019989913158292641,-0.12184382621970256,0.99234796587893903,-3.5261801416532057,-16.563791341443729,0.28260857097356534,0.317092766048485,0.2562149711247596,0.1666666666666667,1,5
0.48491564189171399,-0.85084882186019739,-0.20226987563120069,0.87356014792279812,0.4601668814942656,0.15855317447765443,-0.041826883817064092,-0.25357981685251835,0.96640974140123259,-18.021191814893669,10.47622221358154,-2.1054523501743452,0.2921638007017466,0.2210455558577833,0.4652777777777778,1,4
0.93565873806411737,0.34878991245933627,0.053743119102567509,-0.35246820958379166,0.93118209646087968,0.093091699219197951,-0.017575184694920636,-0.10604480278320955,0.99420602124791535,17.077562462139642,9.9203975473690953,-1.4993247836892789,,0.1350311109695201,0.4333333333333333,0,5
0.38887913750436492,-0.9212260166130557,-0.010753730938742939,0.92065425865758921,0.38815168879687517,0.04164135564289044,-0.03418702136052728,-0.026093922652131323,0.99907474934116858,-14.174881991344845,8.501206179552371,-1.9530746539403452,0.331276882529377,0.2764332426070047,0.8888888888888888,1,5
-0.59006881882085072,-0.80526612727662206,-0.058010803444496523,0.80733342935844277,-0.58902907641990265,-0.035460978162641751,-0.005614525420816913,-0.067758478383346005,0.99768595545465699,-4.0351024208582871,-2.2759401355027227,-1.0444612015338617,,0.09189430319481777,0.2763819095477387,0,5
-0.76679025015990709,0.63152984714909732,0.11490328289280703,-0.640074934235346,-0.76574344465693867,-0.062777826726820571,0.048340364327587239,-0.12168413670139287,0.99139103286841979,-21.324190769496099,13.378414224370337,-2.388349939946028,,0.1988985707125845,0.3529411764705883,0,3
-0.98512795202382486,0.14901532545180529,0.085541515779397323,-0.16327226000375847,-0.9669426869471166,-0.19586732568949605,0.053526509830264635,-0.20692093403032621,0.97689233787833951,-21.301849588643346,11.319404999508212,-2.2124984162085659,,0.5631843182073317,0.4482758620689655,0,2
0.339921110521482,0.89079600081814669,0.30155616980628708,-0.93998931174140865,0.31173529856915344,0.13871264339602393,0.02955896537015858,-0.33061093229413407,0.94330412858942181,-9.5745595583342418,-16.795332295050951,0.28125651499917881,,0.3269549318323397,0.2,0,2
0.3110194032262415,0.94829287312153188,0.063305273111346844,-0.95025059388024802,0.30908371096627629,0.038614355433570891,0.017051089320848267,-0.072165687152723854,0.99724689718782633,5.8108646204764769,15.313465918975444,-1.9558178368770376,,0.1031302715359914,0.1904761904761905,0,5
0.63365389896251101,-0.77268094962126732,-0.038037960276346872,0.77297938536023669,0.63037078836474303,0.071662674974655644,-0.031394364744629595,-0.074811892562541393,0.99670335335720228,-17.861086135160761,23.085936460047343,-3.0371046323340272,0.1982260031667178,0.1497789223965105,0.2727272727272727,1,5
-0.84688110801305649,0.52686946988547501,0.07211761638585408,-0.53098501012194654,-0.84522261040830327,-0.060445495120568599,0.029108554006937157,-0.089483521148718312,0.99556285162035485,7.1015849019723127,5.6108844351640847,-1.269423454421438,,0.09419166659595565,0.2647058823529412,0,5
0.9457896254885223,0.30669086833517795,0.10687701155110481,-0.32466703508624206,0.90147709745733628,0.28623479713026589,-0.0085615796783794287,-0.30541734403879267,0.95218010130106157,3.4605384386163753,-23.778905152083819,0.77838682777884494,,0.1448477823336017,0.7142857142857143,0,1
-0.36459622332595387,-0.91320325002626601,-0.18201488422081608,0.9309798194900385,-0.36139735509904192,-0.051657791568286482,-0.018605634596722594,-0.18828641976755206,0.98193790765626876,-14.033276123719162,-2.4313268347176664,-1.0207197895787725,,0.69193180433505,0.4016393442622951,0,1
0.97766808203910349,0.20798405650134855,0.030128949587138059,-0.20943861922444013,0.97609775709065927,0.058039929186239736,-0.017337420204297852,-0.063053951849409359,0.99785951567183628,7.1537504080779435,19.399774164773266,-2.1910741400889764,0.1952690705416051,0.1361177965227991,0.2631578947368421,1,5
0.49301951005890648,-0.86409431910889645,-0.10135467618718282,0.86940755455903296,0.48495464575913422,0.094601773938517084,-0.032592434351509665,-0.13475904140489239,0.99034223073777727,-0.2316772444688481,6.931168006002145,-1.5956128878540841,,0.09106513543234884,0.2396694214876033,0,5
-0.36116283313741032,0.90770325451802958,0.21362633193859348,-0.9319500030535609,-0.35923624515259778,-0.04917836899625555,0.032102955761553066,-0.21685045977825768,0.97567683088476165,7.1955453438139152,2.4773660305029974,-1.1055151197848405,,0.08727492701346214,0.1764705882352941,0,5
-0.99660620061973049,0.078266610036075643,0.025503306447732167,-0.080534335980147337,-0.99117608051746742,-0.10528151850285797,0.017038239772429964,-0.10697810600067539,0.99411537721834142,19.568350558584157,-0.38111279333323489,-1.0335779534806551,0.7304651849605327,0.1981223563786901,0.696969696969697,1,5
0.88372276440016684,0.45851972346681208,0.093774937338537423,-0.46771095929266726,0.85807584231450396,0.2120195920045792,0.016749156350730612,-0.2312261058534992,0.97275585515244578,-28.847787473467349,25.892854300127979,-3.6016532129609984,,0.2632511825955527,0.4166666666666667,0,2
0.2023059044772296,0.93796872180727653,0.28157946999892125,-0.97920490754394751,0.18928665335837053,0.072995286849468211,0.015168060373631722,-0.29049137641522399,0.95675738312954228,-15.664207711770748,-8.7823851478770205,-0.34922532813876461,,0.442283392602038,0.5161290322580645,0,2
-0.98728436934036035,-0.15812932671063329,-0.016269299009177469,0.15875036860363848,-0.9754747449675838,-0.15247079195254765,0.0082398133727146477,-0.15311478689032595,0.98817405729512753,1.6515087929645871,3.0701798034527052,-1.221946957596735,0.4428849191039829,0.3128933160638484,0.1851851851851852,1,5
-0.9921087729173439,0.12228164001908245,0.027701682524448223,-0.1227915213962841,-0.99227793245175822,-0.017514195455373863,0.02534610371689661,-0.020777518704279362,0.99946279057444931,4.2395433685209953,25.136660086830833,-2.6753241280830919,,0.1416500236026793,0.4210526315789473,0,3
0.24086651140595441,0.94216379049557653,0.2330465952596891,-0.97038828123864085,0.22928520768518315,0.075992612611222893,0.018163350953009062,-0.24444976051485623,0.96949182939640488,-8.4601587055893184,18.017431773772923,-2.4816816531108752,0.2388095304153008,0.1327579866119974,0.391304347826087,1,5
0.9277021385035219,-0.3732686272060915,-0.0062669098982431936,0.37231376110136205,0.92383576194779815,0.088937889793323371,-0.027408128548858778,-0.084841127349954915,0.9960174584812449,-6.3923636771303611,13.198928458977724,-1.997767448051786,0.5777736423368536,0.4004264460766871,0.8870967741935484,1,5
0.51242565089972214,0.85338360992583928,0.095688905364933921,-0.85834044303792179,0.50563952606540319,0.087065225697854409,0.025915943846600533,-0.12674811237370542,0.99159632908973716,-13.124907873010946,-7.7621421346547121,-0.39403190328638033,,0.4920188753740641,0.5909090909090909,0,2
-0.58472919762115805,0.78969343412100623,0.18567726181600455,-0.81050724180210465,-0.57835060337768973,-0.09267464895540331,0.034201994615252321,-0.20468233846337244,0.97823073141539785,1.7418235230051258,-16.045635648736933,0.22796565305037733,,0.2438958198847516,0.1935483870967742,0,5
0.21834948719263236,-0.92655454304938978,-0.30630080019035466,0.97539295785513969,0.19739409636791622,0.098204625581974264,-0.030529972311097869,-0.32020657312683459,0.94685567607584886,-7.0187005280188774,-22.181846612083714,0.69478745089204574,,0.3037514552382274,0.4166666666666667,0,1
-0.62912286220821134,-0.76429715623194727,-0.14161313930107985,0.77724704353054819,-0.62078871449577266,-0.10251051301065806,-0.0095633451245041873,-0.17456010119854121,0.98460007795022286,9.2762817271545952,-4.087039942755581,-0.72823882766260617,,0.45984203241375,0.52,0,1
0.77722435135781243,-0.62922267317521952,0.0010654664041162799,0.6284397380997081,0.77633952743787182,0.048584294938911469,-0.031397503620467719,-0.037091315692115247,0.99881851758296414,14.830852854346062,-5.4648991035041607,-0.70915503353117071,0.06268679050870374,0.09385246172522019,0.3666666666666666,1,5
0.88252675644206946,-0.47026216167149826,0.00015317927604864746,0.46362956032544167,0.87013397641582402,0.16707631154422897,-0.078702953923462535,-0.14737829686502765,0.98594395512974553,-1.7400759953696459,14.378670468760411,-2.0197531520328358,,0.3626543123664732,0.8285714285714286,0,3
0.97770299438200559,0.20848564463125063,0.025111566242491692,-0.20949682595333427,0.97660752013334762,0.048464745273966138,-0.01441994077441191,-0.052644919998836782,0.99850917757744106,17.946249362376602,9.47518688148641,-1.4762537310433399,0.08939873113597264,0.1007958143185594,0.3846153846153846,1,4
-0.06148558845245259,0.99310748449037745,0.099785002188953684,-0.99771187983513254,-0.063969503317075044,0.021883954880497838,0.028116316410592746,-0.098211134269799494,0.99476833778369611,-10.741794787290774,-7.8575484409276806,-0.37288096120625946,0.6270329930228384,0.5061309626146162,0.8976608187134503,1,5
0.25066450633555221,0.96620242261816369,0.060167963156027453,-0.96781291625368437,0.24866899261618489,0.038754241623207772,0.022482535357295965,-0.067945644731969276,0.99743567460055516,9.2279913655124641,14.402397868718957,-1.8335847630864659,0.2881990096976974,0.2107344537687207,0.3421052631578947,1,5
-0.85403715464354046,-0.50816002290778273,-0.11132802704946805,0.52020967692994402,-0.83360619115485735,-0.18569493826363329,0.0015590114844151951,-0.21650429369103313,0.9762804209327044,2.1098749076703549,21.747181204330243,-2.4576237599362636,,0.3221649357536559,0.2173913043478261,0,1
0.25470044282097209,-0.96284465405473429,-0.089765564583639532,0.96573034203710861,0.24846997305763785,0.075017191080612666,-0.049925853980569854,-0.10579624117592992,0.99313370925437572,4.4693615199459922,19.333388873610136,-2.2374526116836515,,0.659347918512714,0.6559139784946236,0,5
0.71324525152834839,0.67969670655777059,0.17115372700231934,-0.70048092900224534,0.68263821124614799,0.20816229401794042,0.024651151624529567,-0.26836068944832514,0.96300304313247376,8.7096715376786147,-12.793742410381576,-0.044545063240558028,,0.3662114376156632,0.1875,0,3
0.9989227477384347,-0.046271225324658473,0.0035096663161093685,0.042103972814526019,0.93555586120118317,0.35066007192913445,-0.019508960093490409,-0.35013455167844659,0.93649623394704795,-17.273838214499627,-2.8672902191513057,-1.0018674549658375,,0.7315364967509171,0.358974358974359,0,1
-0.68920769538494941,-0.72400207704318331,-0.028526217052433807,0.7245385114243369,-0.68897844206458936,-0.018779026419285409,-0.0060578944503707211,-0.033610992359746732,0.99941663139424508,11.924383249286745,21.418435742610704,-2.2163142740816637,0.2220788514541042,0.2538151040241678,0.868421052631579,1,5
-0.27976924388729651,0.95614679480963938,0.086674546148130749,-0.9595613448306487,-0.28141046391447921,0.0070835235747964487,0.031164012603122543,-0.081187792029907807,0.99621149699437883,-11.269884821633914,6.3287286134093312,-1.7393929623276012,0.1253491872163539,0.09988910564730576,0.4555256064690027,1,5
0.31854618307078364,0.94716722661710295,0.037450955575266842,-0.94769728293195865,0.31739521252830627,0.03361753987868088,0.019954678008380061,-0.046200907854469515,0.99873284062305934,-10.365241907232717,-0.46868218478778556,-1.1984183736725911,0.3267944363595995,0.2914719228494813,0.8842652795838751,1,2
0.70132772661405984,-0.71207750841575801,-0.032939974055274088,0.71210597558145061,0.6977630924325684,0.077664318577648828,-0.03231871630412321,-0.077924892347351116,0.99643525215094064,7.497230133362442,-22.75008363559531,0.70002936005596073,,0.4374716189228808,0.6428571428571429,0,2
0.93071854770327911,-0.36493252434781803,-0.024232986490068761,0.36554832866826781,0.92607261766853999,0.093615843810614718,-0.011721960967974343,-0.095988329903517716,0.99531343613627477,-1.9420949881707645,29.050024646171085,-3.1076737591972834,,0.1127343478003691,0.2380952380952381,0,3
0.24834020563626857,-0.9608634577364803,-0.12275405431688038,0.96771638205724264,0.24046471131744138,0.075509777572580442,-0.04303656773694798,-0.13754322301631322,0.98956036482859822,4.1225605378378436,16.750242392149016,-2.097715125354636,0.4241233562522519,0.3144809030285952,0.1428571428571428,1,5
-0.78648370167083537,0.58807242761907441,0.1887172670434526,-0.61627476063512709,-0.76733750204499895,-0.17719643720870487,0.040605497291107968,-0.25566379843370501,0.96591263360626567,-0.51787056635121875,16.286021911243505,-2.1906748816941928,0.4705995450319345,0.350665592083952,0.44,1,5
0.7815633586289662,-0.62040830301058247,-0.065209309183124314,0.62246676871006146,0.76869187122447891,0.14713235186411197,-0.041156266840738163,-0.15558388306292883,0.98696495228087811,-3.7851931245235031,-18.568461572401116,0.503000459976645,0.6969042643396238,0.3950319834931905,0.2,1,5
-0.83231383687210891,0.54429263598494126,0.10487708693414965,-0.55378085073091254,-0.82473160044389848,-0.1146497125726558,0.024092453486008438,-0.15350346459220487,0.98785436175744779,25.007351871299011,-0.0087248875838278218,-1.1142792642808279,,0.2776753917599114,0.5882352941176471,0,5
0.96724323952330338,0.24692380192064048,0.058899504594882059,-0.25312012087818453,0.9557356206093951,0.14999875967816509,-0.019254090554462516,-0.15999393595830755,0.98693020039589929,2.5569581507318198,-8.2561884858760521,-0.35493576597459775,0.4436354672887914,0.3179840668388776,0.4105263157894737,1,5
0.44054822875608551,-0.89635302742585488,-0.049684085624878305,0.89712492157618984,0.43754718458110398,0.060986362016962552,-0.032926178441941553,-0.071440265184653906,0.99690127659841798,-16.618940346808966,18.532194733503765,-2.6996196995031068,0.3504157013526696,0.294493072388167,0.8979591836734694,1,5
-0.16052567840157181,0.98276875903984728,0.09163554348064995,-0.9870302697076363,-0.159988227861938,-0.013229271577347613,0.0016592933995637283,-0.092570692991224099,0.99570473210914234,2.8556800794659782,13.364632424039515,-1.8964180379400266,,0.2044016849085157,0.4285714285714285,0,5
0.68226452414724292,0.7305533696756179,0.028405864636319736,-0.73098428602165921,0.6809292073217833,0.044692149260617493,0.013307617350290698,-0.05125610862842081,0.9985968749444043,-14.534948926126262,10.515769863725204,-2.0245747369335829,,0.08723817676116852,0.3661971830985916,0,5
-0.076294296768049955,0.98380683246736678,0.16218291115649511,-0.99667803195218452,-0.079896301114202442,0.015794989464670998,0.028497033259430656,-0.1604390770940656,0.98663428971256395,-5.9470821391989679,21.718060208260678,-2.6417116078044338,,0.08622777722287255,0.2222222222222222,0,1
0.98715552234848558,0.15011563294705849,0.054674230143585155,-0.15867452829264705,0.96110106039755916,0.22606889607770864,-0.01861098514307187,-0.23184056687213286,0.97257574655366219,-1.8275855635084437,11.292055270449756,-1.8223007286062729,,0.1200533603063157,0.2708333333333333,1,5
0.92121796230426822,-0.38893021106144737,0.009526639054231973,0.3881414255660251,0.92046805531831788,0.045659532390152517,-0.026527338493437455,-0.03836469812485948,0.99891163285359874,8.4256741587843358,-7.1569085855867041,-0.52660555735554326,,0.07170916132682112,0.24,0,5
-0.9901460299239242,-0.14003793958798241,0.00046357506993680746,0.13957294923720487,-0.98711723797879325,-0.078223719716903214,0.011411891478694796,-0.077388202983869517,0.99693572248756701,6.2831577114956323,2.5159121243623779,-1.1183511243385682,,0.09312012949749086,0.3658536585365854,0,3
0.99960985600622843,-0.02052019326632552,0.018948811137366545,0.018717368088196316,0.99568797854005964,0.090857633265785762,-0.020731519651436714,-0.09046751383298704,0.99568360086616881,6.3316881788237547,19.842823562504062,-2.2356409594353921,0.2444793716667581,0.1108751916144896,0.4117647058823529,1,4
-0.40082798469864667,-0.91203910826946244,-0.086727110348870484,0.91547670271247883,-0.40237084009923912,0.00033738482490599749,-0.035204168405305374,-0.079261415738530364,0.99623204852183633,-4.4064309253218612,-17.46531074777797,0.38821199079584284,,0.1307457897979334,0.4782608695652174,0,3
0.96839286071924624,0.24667327078378667,0.036980600168514233,-0.24921131919775416,0.96305661335829962,0.10205722831116609,-0.010439621243603677,-0.10804747543404751,0.99409092006748512,-11.339888141499898,23.160550252465484,-2.9173750151204829,0.1794943223978746,0.1663045737961797,0.5454545454545454,1,5
-0.89435043455246566,0.44450359090268154,0.050535709062381605,-0.44705204732630116,-0.89223869925107491,-0.063675509735784563,0.016785922589435225,-0.079540312001972688,0.99669030875666209,-22.341473136942305,11.034322053698975,-2.2362298455852021,,0.3550624115005325,0.6875,0,3
-0.91663960433354919,0.39338254938112943,0.070866110445248459,-0.39785272628446272,-0.9150088249962548,-0.066873450389474093,0.038536268050437805,-0.089493128347244627,0.99524164705028739,-12.695329465246429,12.64420697447329,-2.0784558293724902,0.1551511198985414,0.2233826224078382,0.3305084745762712,1,5
-0.64171677111045533,0.76610534379852846,0.035807651122498937,-0.76634692532903526,-0.64235825139568414,0.0093950467062910419,0.030198935648561454,-0.021412124304188825,0.99931453767994205,-7.0467350970731202,-3.4869941519770409,-0.93737435777154143,0.1882036803276536,0.1557806042738411,0.7574257425742574,1,5
0.92185062232766324,-0.38709579280706369,-0.018662189184824509,0.38700913294532691,0.91697466621842105,0.096857588915482323,-0.020380410471959823,-0.096510666274174997,0.99512327385319865,20.721769345706132,8.7162676571784026,-1.4320466153324771,,0.1464491085039625,0.3076923076923077,1,4
0.74150375310837924,-0.66785905781905697,-0.064315340434679208,0.66960351876119684,0.7305424166614688,0.1339361979490373,-0.042465418740555143,-0.1423799717216635,0.98890071891152309,0.25549039318502725,11.555338149797823,-1.8367124484548216,,0.1291621042886849,0.2317073170731707,0,5
-0.25769258500968778,-0.96481162161547029,-0.052278737807543989,0.96593013307899667,-0.2585770944279886,0.010810376828272057,-0.02394806132059684,-0.047711854217836719,0.99857401795063716,-14.768131316849935,14.664200091589612,-2.2399949058598092,0.5860469686780251,0.6013066747768767,0.9554896142433235,1,5
-0.49271201153259692,0.85870613632268589,0.140920705126203,-0.86837163551705177,-0.4747204260438711,-0.14342670506626373,-0.056263454577030983,-0.19303960354934846,0.97957650805874685,-8.8377783143793973,24.721333186464214,-2.977376609758593,,0.258071647224034,0.5,0,2
-0.60105805311288929,0.79084019937382743,0.11532994339072523,-0.79906683033739667,-0.59197699350552502,-0.10514485158439603,-0.01488010224053132,-0.155354492096379,0.98774671062109187,-26.778701181511178,20.387486929002556,-2.9871697257920942,,0.3703198475401466,0.1666666666666667,0,4
-0.86064483069684428,0.48874156791561446,0.14290610618930283,-0.50834226950398653,-0.84099279529400495,-0.1852545689021271,0.029641397239966821,-0.23208360143483583,0.97224409975823434,-6.3956820400118346,-26.692361533429761,1.0255362828574455,,0.6258824501013831,0.1891891891891892,0,1
-0.67668715533898038,0.71654229359416122,0.16929747573445725,-0.73527360455535873,-0.66962603673891619,-0.1047554168790447,0.03830431102904417,-0.19536661027962732,0.97998197296911516,23.290704496500837,-0.17635402540862541,-1.1034666342219226,,0.2357340379649639,0.2666666666666667,0,5
-0.60845210462680166,0.76552023064593056,0.20920041311387827,-0.79347773230783458,-0.59129263429244894,-0.14410450708812922,0.013383747861950778,-0.25367656001944228,0.96719650443426963,-9.9002169653176146,-11.776368695273421,-0.059622218459970046,,0.685226414215874,0.2945736434108527,0,3
0.43232986756034136,-0.88764558054637588,-0.15867012621078064,0.90132461084140836,0.42021867412684327,0.10502481519460688,-0.026548662995359532,-0.18841865420272275,0.98172989118269882,6.4048807249832889,-18.827737200856063,0.47607543625325904,,0.5717708895193951,0.6,0,2
-0.22784403496942648,0.95901602083887771,0.16844989612111785,-0.96878286191495122,-0.20591571814362161,-0.13805246640778332,-0.097708045670386823,-0.19464580343732341,0.9759949533760468,8.3002157270233834,25.463965116246889,-2.5693266736524869,,0.1228845966431955,0.625,0,2
-0.16231560541555556,-0.98417097058642655,-0.071141723999023493,0.9863805106685819,-0.1637773788690419,0.015180854520549425,-0.026591961412605346,-0.067708720455771629,0.99735068895673451,-0.5133944368915685,24.387043119893125,-2.729343510206498,0.8562257764423867,0.5172157790409808,0.7397260273972602,1,4
