axis_00,axis_01,axis_02,axis_10,axis_11,axis_12,axis_20,axis_21,axis_22,location_x,location_y,location_z,dbh,dbh_approximation,score,reconstructed,number_clusters
-0.92767168536690481,-0.37339304886429914,0.0016956498317705028,0.37339417953890131,-0.92763803252466182,0.0080291531463630456,-0.001425080699324526,0.008081563809074814,0.99996632816880504,8.4400713874986693,-20.812720140115026,-1.0726303990271984,0.2803601190784683,0.1577440082796668,0.4736842105263158,1,5
-0.44621738383337634,-0.87157241597989465,-0.20310482531901558,0.89407738977093099,-0.44403537322886943,-0.058806533836793129,-0.03893157414357621,-0.20783192975206902,0.97738949324731061,-10.31779052306098,-10.756870611322061,-0.45966932651277576,,0.3032634814339156,0.2105263157894737,0,2
-0.93888539694742834,0.34395532562935893,0.013745740069989406,-0.34420927163382414,-0.93851733889471656,-0.026555261536872918,0.0037667917625370333,-0.029663758446648626,0.99955283637966641,5.472196254616879,-9.221542809338251,-1.4478389205449604,0.1260936642073582,0.1485218191505063,0.4230769230769231,1,5
0.8919266875192442,0.44589014413944594,0.075158256035202251,-0.45211189998480139,0.87650201149825613,0.16534525615101339,0.0078494575023932509,-0.18145578855141375,0.98336777597097558,-14.493985456739649,5.5161576187030192,-1.177160310380984,,0.07000435754947819,0.2352941176470588,0,3
-0.48600048313080513,0.87102233510889415,0.071579481264345476,-0.87227220630794666,-0.48851853254263022,0.022154942226530878,0.054265352659776334,-0.051669479422999903,0.99718881682300509,7.8200824814649046,-9.816686898115595,-1.579725506373922,,0.1115825460360909,0.4285714285714285,0,5
-0.70878407391518661,-0.69969403301795419,-0.089740719426923035,0.70542547492204477,-0.70299112646211381,-0.090434370935702404,0.00018946028399017986,-0.12740383147534737,0.99185091008185389,3.4150948435479953,-16.842857773107792,-0.94757593138492158,0.5971141488033523,0.2240316106750403,0.7307692307692307,1,5
0.9190454152613533,-0.39404592350426348,-0.009128792732729523,0.39323233774425626,0.91507496604358995,0.089477008625165083,-0.02690452079618072,-0.085823171055332631,0.99594705184097632,9.3468459152585197,3.4257705444755611,-2.3959532919186426,,0.3367795282580695,0.7714285714285715,0,6
0.87205530558447253,-0.4876281777105631,-0.041692976682513212,0.48785356059107526,0.85934353681605169,0.15338705666088601,-0.038967260881194635,-0.1541020636953164,0.98728623334079846,7.8997649298188009,-6.3555959193981817,-1.8193031689132804,,0.1567255602836223,0.2666666666666667,0,1
0.18716893291587608,-0.97751519088184879,-0.097117671648143278,0.98035645517666403,0.17961804699241901,0.081477469205151948,-0.062201377352753495,-0.11045998727979925,0.99193224560227311,-15.709610205954824,8.3183535052743665,-1.3183086905051586,0.4258357819049461,0.2839027829363566,0.6164383561643836,1,2
0.73934532823400545,-0.64142360860517911,-0.20480292952607118,0.67174448088209959,0.68182180229017797,0.28961764850611627,-0.046128494696765311,-0.35170269297473916,0.93497453319934154,8.9291217912396306,7.4378149675120913,-2.5852575731143363,,0.7854524262481031,0.4615384615384616,0,1
-0.91815294410693971,0.38960179488134106,0.072149931760164973,-0.39468434960571946,-0.91533794132083968,-0.07987939255425941,0.034920415290617762,-0.10181794833802497,0.99418995669447696,-8.2332975860683302,-15.659063931955769,-0.30535729352266811,,0.1012441612264364,0.1,0,3
-0.37301824895601721,0.92656499381932556,0.048318714535671554,-0.92630541372228559,-0.37488072507216086,0.037718993599456983,0.053062853811039375,-0.03068801391364159,0.99811952157417683,-18.692081499681152,-4.2584717388914628,-0.45813059372173115,,0.3961477423560053,0.7897435897435897,1,1
-0.018197903335582164,0.99827590093896779,0.055803780505275957,-0.99866039268670725,-0.020852130854688691,0.047356189855712542,0.048438170826530576,-0.05486724198746596,0.9973180683030205,-10.612650529066402,-15.658330707100017,-0.15782570805095386,,0.06527934467111857,0.4375,0,2
-0.31972001684013984,-0.925778075700043,-0.20177726676924232,0.94562054574320242,-0.32521194032210149,-0.0062431835037549434,-0.059840574028567101,-0.19280079985585927,0.9794115362169632,-0.099820512206770087,-15.619966970532507,-0.75398125460353216,,0.08167750872438841,0.1785714285714286,0,3
0.78713433969686875,-0.60386198660114854,-0.12557958595284593,0.61646320107430752,0.76370732278166986,0.19163571392324408,-0.019815473529341102,-0.22825824468738834,0.97339895250664776,5.5509265990572105,10.030700081985181,-2.5204135564778785,,0.4992905155165082,0.1666666666666667,0,4
0.3035442152547152,0.94472876078446577,0.12388897421500537,-0.95170716300789393,0.29434183144837323,0.087271771719627841,0.045982445181443864,-0.14439686563864396,0.98845088898177924,3.8439641028823583,-4.6078209850192264,-1.527684541440959,0.3844055059076937,0.5786044031277178,0.7443946188340808,1,4
-0.99528815192032649,0.094417805805947386,-0.022062923510047402,-0.088408389168549428,-0.97713082806144691,-0.19338899031892207,-0.039817726851769236,-0.19052722324838586,0.98087406216578887,-12.582572374878307,5.046746503769973,-1.2171338793915687,,0.6934341423906747,0.6369426751592356,0,2
-0.78957085286655859,0.60779908003948313,0.084605830808125559,-0.61030927919880007,-0.79214800071216407,-0.0049120964528366869,0.06403477201814893,-0.055514171802151811,0.99640239095543326,-26.58680636354897,-2.2576560812097792,-0.3316290337684642,,0.1946847304859923,0.3636363636363636,1,3
0.11263821896825132,-0.98629524363596699,-0.12055838423241143,0.99233756342907276,0.10545911084713397,0.064378071942108456,-0.05078180614463839,-0.12688604462430611,0.99061654531119525,8.6734192716285783,-16.779120952341351,-1.3385094855779784,0.3878630988099208,0.2981137832029961,0.660377358490566,1,5
-0.97409113873726971,-0.21629352382688524,0.066057285624493214,0.20825082652730101,-0.97176024413645434,-0.11096675703359229,0.088193234911886603,-0.094335250391383255,0.9916263478999382,-12.43980842347387,-14.661468059443235,-0.13571742031450623,,0.3422527718560799,0.45,0,2
-0.99961226671542891,0.020365607009845198,0.018988372314713731,-0.024119531184757771,-0.97405261025490031,-0.22503279910057999,0.01391274406683094,-0.22540353703244106,0.97416614653035161,-1.5730511749843681,-11.040175768709359,-0.88231839529523148,,0.6700425041478756,0.538860103626943,0,3
0.1972026807589615,-0.96694127540053709,-0.1616653105284539,0.97993824125295903,0.18956644739938391,0.061527273224429767,-0.028846941458950243,-0.17055536329051321,0.98492574442000658,-2.1307023117402939,4.3600795303065176,-1.6298287465170376,0.7393542468381959,0.6374610852362581,0.3246753246753247,1,2
0.76285817812024759,-0.64073997062969823,-0.086600751223705641,0.64498714866727003,0.74478446970656931,0.17113641265951812,-0.045155045444793401,-0.18640918357569639,0.98143397034620738,-19.952427266687998,5.1329699492808585,-0.94571389344642209,,0.6540010642538709,0.5384615384615384,0,1
0.78814278220439993,0.61416033680483573,0.040472651937806893,-0.61519531522820714,0.78401435378743478,0.082802277604771352,0.019122734646870421,-0.090158603311286167,0.99574381608352613,-1.0769476367939366,-7.6290387563779802,-1.1214168576496859,0.2958315569057834,0.2462183399741748,0.8179487179487179,1,4
0.99936157325386443,-0.035188809434610259,0.0061800966123173248,0.030342282339696106,0.92726128243559947,0.37318341334832528,-0.018862444326784866,-0.37275764483973167,0.92773700282329841,8.8765041954887138,-13.6747658766377,-1.4734692896343762,,0.3136639855999597,0.25,0,2
-0.63731201129629245,-0.76841658715206096,-0.05804609243569743,0.77003644930534887,-0.63792700471581398,-0.0096438268089273603,-0.029618693399360217,-0.050843733575425071,0.99826732279356167,7.0624881701311635,-16.972938245555287,-1.2049492235981238,0.24147828894471,0.2195070611864083,0.3478260869565217,1,5
-0.34630540930977405,0.93584690808286453,0.065292634458520085,-0.93677100801331625,-0.34870182715732151,0.029446804289468428,0.050325361682821285,-0.050966659385223621,0.99743158041171165,-5.9180061015329342,-18.380091253480462,-0.28471071985206425,,0.09121504925476602,0.3157894736842105,0,2
-0.20212788138424129,0.97168441385122073,0.12236715019043115,-0.97792976067471016,-0.20699931961463006,0.028366615338873188,0.052893314831096543,-0.11393279403968658,0.99207944021055494,-12.062840649109917,-12.959216344342709,-0.26292358345917477,,0.0781387475331024,0.2,0,1
0.28347402143079914,0.95743562638616142,0.054401291348549263,-0.95788155033900768,0.27997906935493894,0.063833034106809711,0.045884798070708832,-0.070205000175779117,0.99647671485907219,10.912238664208713,-16.173107892029908,-1.5755106761526845,0.1753769060579,0.1660287155236758,0.6666666666666666,1,5
0.36901277271871413,0.923654423618533,0.10340251109312183,-0.92877672585926485,0.36231397827582346,0.078117697406481071,0.03468958161453127,-0.12486427381706303,0.99156721711215645,-3.7648700675370961,-16.05520188004645,-0.51282391387715065,,0.2187287601442242,0.1904761904761905,0,6
-0.37246487556927932,0.92586540330004186,0.063585937432834611,-0.92652793285660107,-0.37489933934076536,0.031566992228138989,0.053065111925208103,-0.047156551336043219,0.99747699400159384,4.1852862172704652,-5.9283837204281475,-1.5316744250050935,,0.9367870985381239,0.84375,0,1
-0.99052948130352503,0.13561150684000117,0.021467787057705474,-0.13512250188890287,-0.99056660160552712,0.022797308327102667,0.024356850203876922,0.019680624895106146,0.99950958817406266,3.2939663541094637,-8.0808968157141283,-1.3644472287016618,0.1528808560753885,0.1224807730940385,0.6271186440677966,1,5
0.65045185719228793,0.74060979901787127,0.16855120015536509,-0.75908578058980325,0.62611245994994735,0.17824692199809986,0.026479410519775301,-0.24388586079175598,0.9694423797856121,-4.4829336541399565,-16.321166177195895,-0.45838389129608953,,0.2052040925744421,0.1666666666666667,0,2
0.24912301743148355,0.95910791967644549,0.13434924860137773,-0.96799425635730041,0.24223656882644756,0.065639655563291099,0.030411212489977347,-0.14640165004914299,0.98875766243189145,3.691020184878214,-11.916086450676881,-1.1684506574438407,,0.1742006827789127,0.2,0,5
0.83537467466850501,0.54392026241840741,0.079371916023116468,-0.54960269602475731,0.82406568940763869,0.13730482898802623,0.0092752059172870934,-0.15832399588124249,0.98734364984203327,-1.4470397265419808,13.748887285131554,-2.2716201450219269,0.3437887870785519,0.2993131756808957,0.4,1,5
-0.9985873121224067,0.050556992155144691,0.016351471260159286,-0.050854972737840398,-0.99853741845941169,-0.018351994012831028,0.015399734282794756,-0.019157621998518413,0.99969787121078779,1.7290228716031419,-11.827377124264856,-1.0477841648071531,0.7603720717076253,0.6744508491597287,0.8177083333333334,1,5
0.51795255887585834,0.82842788610132601,0.21314873746667778,-0.85469722224950928,0.49103224406622836,0.16846362683456731,0.034897063385377035,-0.2694338004352313,0.96238642038949418,14.287651336533244,3.5609825636968671,-2.8178736284854109,,0.4803475750438615,0.1764705882352941,0,1
-0.82190413082826685,0.56746150875096779,0.04960882797957978,-0.56856108071731326,-0.82257322016524281,-0.010563851596101747,0.034812314214841301,-0.036888122113481948,0.9987128562434493,-11.535712907912318,9.4243635130928318,-1.5608998817915813,0.5331053314851418,0.5123637952001743,0.8629032258064516,1,5
0.34447463819741675,0.93584105495196734,0.074422735136159365,-0.93782192560646538,0.33942471577679811,0.072669788575584232,0.042746455882788366,-0.094828171901750108,0.99457546637911365,-0.039159381461285586,-5.6622250927903028,-1.2626790472187193,0.1744777352946282,0.1213227277179262,0.2842105263157895,1,5
-0.49751294360765541,0.86712633648328374,0.023932979754414319,-0.865968664229677,-0.49808577701181489,0.044819987849237117,0.050785268682119751,0.0015733135783672436,0.99870835641305666,-1.8796469844254642,-8.4991747287296704,-1.0148794349350208,0.3393523531074902,0.2941543800318647,0.9217221135029354,1,5
0.80631168899024552,0.57927415446025787,0.11959479157576286,-0.59088059047834784,0.77966077795539601,0.20733836864879732,0.026862389946828644,-0.23784559128211569,0.9709314531489871,6.1439176531981623,-2.2252279650572211,-1.8376382940429659,,0.1199521189397199,0.6153846153846154,0,4
0.88513625714877853,-0.45737314163622883,-0.085694898275551629,0.46213331512228012,0.84246158536353255,0.27693189820035924,-0.054466552440394764,-0.28472493128731979,0.95706066065254602,-15.368928234346107,1.4542228356678926,-0.9079775850393903,,0.472230192323271,0.3197674418604651,0,4
-0.28863310798578862,-0.95602347123037645,-0.052058154318861974,0.95638396358958955,-0.29044108834187726,0.031203980378359281,-0.044951564634963234,-0.040781082126498287,0.99815643071487581,-23.438374349131941,5.3162784483699648,-0.82935758781472624,,0.1168584495354059,0.2,0,2
-0.11368156140172642,0.98976934788612791,0.086215663207642262,-0.9915529470995923,-0.11848294159130947,0.052768794282061306,0.062444020493380187,-0.079488556012412379,0.99487803964490151,9.6090409769914142,-4.311629848607164,-2.0369210968950551,,0.1092756112251998,0.2,0,5
0.98811848021880377,0.151595948630596,0.025308840527996129,-0.15361509306123572,0.97940702343724195,0.13101253995549475,-0.0049266858911154359,-0.13334373176340883,0.99105760527102482,-7.8427836088039786,-14.873924261296247,-0.36403563260209137,,0.09221260580814253,0.24,0,2
-0.10378221428707851,-0.96793358597766632,-0.22876587405923901,0.99340763296443513,-0.11213803541437607,0.023797810432964254,-0.048688055677651415,-0.22478797599031139,0.97319054613395717,-11.482061490556339,-24.525522110572506,0.36127159178780882,,0.5566244737436257,0.5333333333333333,0,1
-0.46226679999141601,-0.88639073721002781,-0.024917195146329556,0.88594304387428358,-0.46286023942716603,0.029416352054536056,-0.037607560894933445,-0.0084770127810774153,0.99925662950907834,-4.0630055683717785,-11.854664991412266,-0.71093813825865004,,0.06657310696789429,0.2037037037037037,0,4
0.58861194383343673,-0.77964522008619019,-0.21375057981998416,0.80683556359598774,0.55003067372179282,0.21559831001632482,-0.050520816436078447,-0.29936530988393895,0.95280011458055813,0.10252813486753594,4.4279650760278413,-1.7337417149985508,,0.6823473438968068,0.372937293729373,0,1
0.99017667416729782,-0.13982169538636258,-0.00021779410536971634,0.13903846777165921,0.98446303742788333,0.10724193404622596,-0.014780338788349645,-0.10621874334386101,0.99423293052873296,-18.37841789915629,1.1699462597547132,-0.78379268638261124,,0.08826198172789705,0.1290322580645161,0,3
0.94708693138383238,-0.31701582071983192,-0.050272396156218598,0.31908534077135964,0.9129053747856728,0.25453550242010609,-0.034797840547678115,-0.25710843257419996,0.96575585123386976,8.9137679212375058,-6.1720269774248786,-1.9217186676652525,0.3450133512620021,0.2573621842835044,0.2068965517241379,1,2
-0.9881969205187513,-0.14936998149324571,-0.033991982966061207,0.15301248716010588,-0.97309856299352426,-0.17223926809243439,-0.0073501734901973825,-0.1754075121784881,0.98446847568676266,-7.4876217197897654,-19.42585922256773,-0.11993649188186113,,0.5838198458336665,0.2758620689655172,0,3
0.99795862550505154,0.052940957311048864,0.035718858031266808,-0.062503778923478748,0.92446641865855084,0.37610519591321467,-0.013109515641433278,-0.37756998796464519,0.92588824638183187,-8.4080789918618599,-17.682376242002199,-0.18077359236345045,,0.5456841786168487,0.4186046511627907,0,1
0.018231233756331469,-0.96728248784949655,-0.25304586701902587,0.99862091524973018,0.0051539354756906233,0.052246574767189108,-0.049233014751415151,-0.25364941484024922,0.96604248592372244,-10.240435810434924,-8.243370198967197,-0.59225874951253754,0.5229796937496569,0.5395437344964336,0.3333333333333333,1,2
0.39030654961612815,0.91804269218785717,0.069702314504077822,-0.91987783713847071,0.38567587625701799,0.071266283857316884,0.038542989871092746,-0.091933311665869433,0.99501894662259749,-0.92271519512741829,-10.323837892252595,-0.960627202110656,,0.07636203751989758,0.3035714285714285,0,4
0.74885881667454124,-0.63731075338822707,-0.18178414756115535,0.66220201476905827,0.70862094373479101,0.24360798372839412,-0.026437933440519441,-0.30280581519538885,0.95268550632370286,-6.3011297395747849,-15.338070615849706,-0.42297220754416193,0.6433775031827408,0.2957174131583721,0.1343283582089552,1,5
0.71908693088095677,-0.68568087569868608,-0.1129412348847364,0.69333615746257915,0.69694201862192273,0.1831851397745598,-0.046893054829385494,-0.21003228175754896,0.97656924077532026,-27.571595717409643,4.7920042402693968,-0.66151591977737179,,0.6908046729649389,0.3333333333333333,0,1
0.62553792389897778,0.77280982837474776,0.10708536282587892,-0.77992195780457385,0.61577913479312774,0.11197230411002397,0.020592365052064798,-0.15356114847454194,0.98792455591545159,14.329563150074321,-7.4053159755258093,-2.278478070985078,0.2406330700713762,0.121084224739887,0.4444444444444444,1,5
0.8826295867784133,-0.47003541618328126,0.0056320579523073322,0.46853022727189697,0.8806455630560267,0.070305180479673504,-0.038005771613177877,-0.059414643002752919,0.99750962978857649,12.708624082153865,-10.654409038148705,-1.9516949307476574,0.4450732198772637,0.4515532363395586,0.8493150684931506,1,5
0.14918778228978216,0.9849526673994351,0.087242470151833076,-0.98807767042297323,0.14510361113648093,0.051453466808973808,0.038020031916949429,-0.093878565273920772,0.99485742302861813,9.835694616387066,-18.88174797165092,-1.283148232465452,0.7736321055673495,0.6872156680549553,0.8333333333333334,1,5
-0.92344318181977558,-0.38372675962164127,0.002542420272868945,0.38365945948324753,-0.92310907900737837,0.02598167437197656,-0.0076229324797654685,0.024968023638731518,0.99965918627099304,-1.6006708093922066,-15.635933432669196,-0.64885286517211627,,0.07680244850630584,0.2413793103448276,0,5
0.56687668439856131,-0.81124676066302437,-0.14328125487670709,0.82222579057188105,0.5464119318908317,0.15930709339440727,-0.05094677618593059,-0.20811701996972512,0.97677619340111965,-13.703204109439405,-18.046777944808561,0.0960381121174744,,0.371222627790008,0.2857142857142857,0,1
0.64214329107776991,0.76296937554037791,0.074362125516532873,-0.76614894771992503,0.63548166124363004,0.095806305276259426,0.025841509852604819,-0.11849384039080733,0.99261846958334166,-10.549513166195634,-16.673041548624852,-0.097121594325513663,,0.1532438551851806,0.1481481481481481,0,3
0.83903621810152196,0.51236299540101915,0.18303656918110844,-0.54375959732464152,0.80113608761726096,0.25001293853449147,-0.018539822848096448,-0.30929780157803144,0.95078448920234138,3.794725766660052,12.157149106225575,-2.514378643905677,,0.6858985345152245,0.25,0,2
0.98670101065727633,0.16235899032474058,0.0077893407062933134,-0.16188121984962217,0.97720953359789653,0.1373171442514666,0.014682854896312877,-0.13675191298885228,0.99049650583229276,-2.5798729706901291,-17.153203480134945,-0.5275287075525632,,0.4174976244222404,0.4193548387096774,0,6
-0.55226545278055217,-0.81484592030256542,-0.17615049199862384,0.83348218858827428,-0.53521125460711039,-0.13731844103390911,0.017615645636545951,-0.22265452860462551,0.97473824687485178,-3.4946202713817041,-7.6090374836564258,-0.97560144940682658,0.4470340508891877,0.3976009317794838,0.2090680100755667,1,3
0.56352530338347928,0.82375421100088808,0.062195114798996899,-0.82547347307027963,0.55857173404110505,0.081185979008700712,0.032136858960485654,-0.097090770872495638,0.99475655539812147,1.0868375106042092,-10.383021621873036,-1.056939610352291,,0.06945342901078898,0.108695652173913,0,4
0.99033015215952291,-0.13798369255271051,0.014376728181882377,0.12927827026768096,0.95548316086458496,0.2652151167275692,-0.050332082812984041,-0.26079192835235682,0.96408207718324779,-22.003082398846612,7.3062539269314613,-1.0029504575437014,,0.2902025075003005,0.3571428571428572,0,3
0.26907255263975044,0.95074142487431423,0.15391784965976965,-0.96305803341510754,0.2637857283913006,0.054187764040383446,0.010917219909582223,-0.16281226159300644,0.98659666621391717,22.811227782540318,-10.380691419136067,-3.0392857304678231,,0.5452189152101137,0.35,0,5
0.77420048713702527,0.63117088910568686,0.047296030090603708,-0.63265870912105393,0.76946305813805727,0.087576023740014414,0.018882888817020108,-0.097723645584714636,0.99503443438081995,3.7581718328877254,-2.3860293649832367,-1.6296372739174709,0.4791824523994483,0.4054529956496323,0.9171717171717172,1,5
-0.99622450293092302,0.084516168654026447,0.019843311116875786,-0.084675939032624284,-0.99638141307922456,-0.0073528918931396701,0.019150068119467952,-0.0090053820736858258,0.99977606391867957,-7.5543042412258865,-20.795739889812392,-0.032283225107163034,0.6692378839843347,0.471529982397378,0.794392523364486,1,5
0.84570524973387551,0.53280501450258722,0.030024108537314475,-0.53348342847641927,0.84269485064384342,0.072531512044042817,0.013343991666954044,-0.077357644866217531,0.99691410495947119,-1.1104531793440009,-7.6297097676768049,-1.120396000951746,0.2530266144668256,0.2453577012372198,0.8717948717948718,1,5
-0.42212125191395072,0.89212672862726672,0.16100791518248511,-0.90499965700514096,-0.42505169298386125,-0.017512256054845191,0.052813535227025164,-0.1531044034649707,0.98679773618328626,-0.34934572713321221,-7.1925796182412949,-1.2015307181148436,,0.0808832731634157,0.375,0,5
0.11472313144941708,0.96303524923884942,0.24372466398357359,-0.99336789273746295,0.10931904967532438,0.035631096761325531,0.007670253501074681,-0.24619596686694531,0.96918971987412128,-9.6617202086227252,-17.823700712989858,-0.11038707562951935,,0.3932792856199088,0.3975903614457831,0,3
0.62165195490720881,-0.78146100070804103,-0.053549522242818878,0.7802693176649329,0.61180127571256449,0.12991917082239904,-0.068765099220075884,-0.12254755570335529,0.99007750086565793,-19.291620864850053,8.345312138065303,-1.1690055171445075,,0.5742889908814587,0.6428571428571429,0,2
0.36259208438865898,0.93064037156421509,0.049350573993692047,-0.93077222780532154,0.35896744963186444,0.069321209244447513,0.046797866244149097,-0.071069465451866723,0.99637296771609551,-9.013694220637456,-13.487145679493874,-0.37855556937860108,,0.1042131773628125,0.3559322033898305,0,4
-0.90545815805548835,-0.42443397007704881,0.0011528466497597735,0.42443025421510638,-0.90545710103905475,-0.0025293249794434832,0.0021173846280742974,-0.0018008949403820534,0.99999613672241294,-0.47714533711951335,-8.4512001907363334,-1.0883690812195472,,0.07391489579033086,0.25,0,5
0.62497472826416123,-0.76227879645399077,-0.16833783148120046,0.77839005326123956,0.59212988354488227,0.20854526126740117,-0.059291770213936348,-0.26136801160390571,0.96341644603728749,-5.0110914455465414,-24.390175846460039,0.021653603655908224,,0.3833189182854418,0.2777777777777778,0,4
0.80323048476742198,-0.59318191557576272,-0.054369139906408827,0.59553092087090254,0.79773252360909119,0.094687607757967238,-0.01279494536716219,-0.10843447703632199,0.99402125408006825,22.955760240272184,-3.5846475673416944,-3.2788458101942792,0.3982038019642042,0.251167743941545,0.4117647058823529,1,5
0.89801841002567784,0.43525832405695675,0.064133661941934955,-0.43993719045433632,0.88697049743466327,0.14049414626827256,0.0042665806095967115,-0.15438111289803222,0.98800216005344121,-8.6852721088289986,-14.716508846016026,-0.32799106163546959,,0.1376742509879536,0.2333333333333333,0,2
-0.6486272465428351,-0.75024960400178597,-0.12809460073486584,0.76059128241821716,-0.64513240215165524,-0.072836013094126933,-0.027992787493803555,-0.14467105926618246,0.98908376210467031,-13.965354120587156,-3.4547926904927424,-0.69074650155200201,,0.2541836524025093,0.4098360655737705,0,1
0.8826949042540293,0.46678202851101602,0.054444869943010066,-0.46985664755811768,0.8743182092255718,0.12166511316739878,0.009188947133209004,-0.13297445948651312,0.99107686703648379,2.6132434429575109,-3.9253843216461344,-1.4696255663662334,,0.06620793666246118,0.3076923076923077,0,4
0.7198213027107665,-0.6937002292499389,-0.02524448657347329,0.69245730347265022,0.71503608540048225,0.096053523842394087,-0.04858163265229188,-0.086622101762410572,0.99505599664295319,5.6953350792496442,-12.923926243855362,-1.2669663553649251,,0.1350734841691694,0.4090909090909091,1,5
-0.67123802768806029,0.73180692836555472,0.11789032946605274,-0.73964793875346768,-0.67169358999223483,-0.041816837052668338,0.048584327546944146,-0.11526639041591914,0.99214576668818943,-6.0045923025316323,13.352788607195897,-2.0587480899455679,0.8718114352214075,0.6342137864518971,0.65,1,5
0.75907030743670889,0.64288774152585271,0.10250668350761026,-0.65079933505500454,0.74536776357421086,0.14452377837692953,0.01650738804005019,-0.17641499034993716,0.9841774521497263,-1.8926853233086403,-17.347185589454643,-0.57684306852535239,,0.09601140160475563,0.1923076923076923,0,2
0.99981569530102021,0.0046156765659547431,0.018635207527034989,-0.01097324711065056,0.93387602327707586,0.3574285397055505,-0.015753198963568135,-0.35756715268328576,0.93375455449726252,-7.5280397886553914,-7.6755379181112167,-0.76516278494158507,,0.4402898682514216,0.1773255813953488,0,1
-0.058661361594263252,0.98948614913289301,0.13219684311686306,-0.99694773831083294,-0.064901222138779732,0.043393990849037958,0.051517489581895538,-0.12924779316897514,0.99027317252772606,-7.9596658968482128,-26.76374761445572,0.36449379013585753,,0.1160799599862758,0.2142857142857143,0,1
0.51278739447385324,0.83755471307767926,0.18855023381073563,-0.85780218788969531,0.49090003056288678,0.15229105832256914,0.034992778117325943,-0.23983173808885844,0.9701836129748368,-8.8647891176568088,11.110617616735738,-1.7825245361475226,,0.5869887946625019,0.1463414634146341,0,4
-0.71056202056962248,-0.69872443083515301,-0.082980628330397363,0.70258484414428446,-0.69811143030635381,-0.13789477022124108,0.038420719706527176,-0.15628371837689581,0.98696466383935133,-4.5432509955078446,-9.5892745190205204,-0.79265909495624221,0.8802333343851207,0.371941658474974,0.3080808080808081,1,2
0.38409583093101551,0.91116601275842546,0.14915391330878766,-0.92111949649681557,0.36707974682628591,0.12958137460068267,0.06331876368712043,-0.1871602432779525,0.98028657927224094,21.937037829573729,-20.785416331922733,-2.305811991532047,,0.5469369632726537,0.3529411764705883,0,4
-0.45271682727892765,-0.87521631463354366,-0.17042264197511756,0.89085297371935557,-0.45207295428754624,-0.04484443351309983,-0.037794887404016007,-0.17212334705381391,0.98435009010265717,6.1141203572795106,-6.5614292953165521,-1.6663184352402596,0.9349739515533845,0.6561926231396,0.4427480916030535,1,1
0.94735197972379137,0.31330419616875238,0.066065930527511404,-0.32007288141627477,0.93229202381867371,0.1684782861557115,-0.0088077860610532577,-0.18075415067747264,0.98348887127286233,5.3662647148446769,-15.823207340356101,-1.1092190866925267,,0.07644485077844063,0.2666666666666667,0,4
-0.75722869505659907,0.64853558243067277,0.077500333574686595,-0.65191625184420843,-0.7577482888426087,-0.028683293700276041,0.040123608565011584,-0.072243540039270693,0.9965796340274643,-2.2952911494545987,11.046374152523146,-2.0414276094243147,,0.4865442118762259,0.1333333333333333,0,2
-0.16078023934032842,0.97659824999680445,0.1428480757337891,-0.98520635628811681,-0.16749758713054702,0.036235256794144334,0.059313996384997458,-0.13490891893653439,0.98908110558447959,3.2696781730490767,-14.273633872005892,-1.0202249499620719,,0.3089773468648618,0.3888888888888889,0,4
-0.97566724922894366,0.2178849010323764,0.024486500038555882,-0.21775504396955311,-0.97597162182499853,0.0078825261242821531,0.025615612579921614,0.002358663688097467,0.99966908379611374,5.4908494635887761,-17.031580961476084,-1.0744077807233037,,0.08900461078657776,0.24,0,2
0.41903049933786157,-0.89429231348148208,-0.15701814759001714,0.90715133724488872,0.40499252244664186,0.11426945391098785,-0.038599118635942793,-0.19032160888938532,0.98096268697146838,23.96528251373412,-4.8363749664642448,-3.3718836455528698,,0.4486092816250823,0.1818181818181818,0,5
-0.97308810144406133,-0.23040683643627594,0.0034980782465896983,0.23027175512113665,-0.97286197569171706,-0.022682483255584081,0.0086293465235393971,-0.021266545949819717,0.99973659951106131,6.8625946098258979,-11.062382009829673,-1.4410305607645437,,0.1502164199073214,0.1935483870967742,0,4
0.91981162254546711,0.3735931275875618,0.11989476239443377,-0.39232867378294439,0.8718675196138278,0.293130073465938,0.0049790318325873481,-0.31666260161530596,0.94852517414153747,18.553744031712174,3.284957283931758,-3.1823262123561031,,0.5735537972611177,0.6136363636363636,0,4
-0.48264692053201858,-0.8690320443056001,-0.10878996309856999,0.87570915608370947,-0.4807823364300729,-0.044517624914147749,-0.013617050051900122,-0.11675466134963948,0.99306743225272165,-10.207619214772333,11.976373412657129,-1.7966945067891535,,0.6375444404711873,0.5238095238095238,0,2
-0.14838577453281621,0.9574921184154187,0.24736714634051452,-0.98753481822701228,-0.15674617417556944,0.014339444573032564,0.052503758966737341,-0.24215590030737502,0.96881570757326507,-17.73852638997127,7.8486281554444481,-1.1865023265867043,,0.2174715436927158,0.25,0,1
0.41689698716240453,0.85236351386899001,0.31571085239474622,-0.90810572676451029,0.37557679233997771,0.18516495908544015,0.039254185922134546,-0.36389354663214413,0.93061302140420787,-2.5739533688351983,16.216677202435225,-2.395105473825037,,0.6672824079385411,0.2857142857142857,0,1
0.97046185332636237,-0.24101996410179902,0.010638051641633083,0.23945989176994531,0.96767406624354402,0.079157196471396407,-0.029372631340902906,-0.074271652897001786,0.99680538226077942,12.998855380967504,-8.9820332252978599,-2.0797265932870372,,0.09696430766937955,0.6666666666666666,0,4
0.71561782668360041,-0.67094877892975269,-0.19421344491387291,0.69690779255375601,0.66712400720981324,0.26318261280367977,-0.04701760107120561,-0.32368703257466852,0.94499526460851291,-18.461064930364962,5.111668858810404,-1.0043198398845394,,0.4886447729201392,0.2,0,1
-0.80107223094114455,-0.59796149164542689,-0.026932050129033006,0.5983183195627193,-0.80122619704372633,-0.00719511268086322,-0.017276263792270222,-0.021877743942713954,0.99961137199881611,-22.436236270409392,5.4559555699990803,-0.87216459638537158,,0.5406573795085565,0.4705882352941176,0,1
0.32817817420908996,0.94107894163806272,0.081667077688459308,-0.94350101016080024,0.32236443014049559,0.076726905357531169,0.045879513928749449,-0.10223306600889007,0.99370190219002985,13.37176795447629,-18.231899660437296,-1.6387274511340699,,0.1338201565811662,0.3333333333333333,0,4
-0.0013767048845301389,-0.97536631852761491,-0.22058705620581734,0.99810663852437775,-0.014904574998145619,0.059674046097879782,-0.061491810976975959,-0.22008725162083367,0.9735401167166966,0.11484704635084196,12.192023283275834,-2.2505801144833173,,0.46846315429751,0.125,0,3
-0.98577472231233532,-0.16802271012166739,-0.0040701023831966072,0.16790163928222213,-0.98339667317281698,-0.068847822906606349,0.007565472647636305,-0.068551820369753838,0.99761887088587675,5.3379348148514802,12.064554729466062,-2.6194110921674563,,0.9175989397379931,0.5875,0,1
0.72651847417227133,0.68500837717754892,0.054170378279802964,-0.68694450513035565,0.72213062984196807,0.081453055898806567,0.01667793625142187,-0.096389193588413039,0.99520398401622645,16.044127954686687,-20.443462362038957,-1.7410171817328943,,0.07657463827399288,0.3846153846153846,0,3
-0.96869399324273675,-0.24822235875252793,-0.0041961971797627945,0.24824112571399409,-0.9682944142816422,-0.027969103940240762,0.0028794026618525004,-0.028135171694915258,0.99959998056923127,17.128373419216981,5.4240609042847927,-3.181605039893372,,0.3032128052731444,0.5,1,4
-0.96733237993519439,0.25287000525786058,0.01802296229267511,-0.25189815985845976,-0.96675209247135963,0.044019413469171952,0.028554925824373523,0.038041452957762185,0.99886809142550304,-8.0285800808074228,-8.9673518931193588,-0.67966130514252165,,0.06963269881815809,0.2950819672131147,0,1
-0.096940285585630975,-0.97494071890214407,-0.20023280364901577,0.99460055789684698,-0.10238040452845359,0.016970061869936864,-0.037044719756742818,-0.19750657557448353,0.97960136858978675,1.1848619759313208,-16.263720356037002,-0.81249003989672641,,0.5441556960244105,0.2222222222222222,0,4
-0.97941010913983095,0.197978415454233,0.03950171045582742,-0.20018267712078616,-0.97772448804837608,-0.063100881541355971,0.026129177091136144,-0.069709199427136562,0.99722509676590443,11.317482487027572,6.8459908352019569,-2.7414752921794796,,0.6131798706106695,0.4516129032258064,0,1
0.470694726316363,-0.85735077328675624,-0.20831736884515076,0.88110856229096568,0.44452476394713403,0.16138598357755074,-0.045762168605878194,-0.25951374873471966,0.96465456933668281,9.2881690399439432,4.2364850860886794,-2.452410317786764,,0.3478220007281645,0.2325581395348837,0,3
-0.43599828078026798,-0.85117179809330556,-0.29225343331988385,0.89912415338461671,-0.42587863106021745,-0.10101063511666042,-0.038487088186126076,-0.30681258405887496,0.95099147330881384,6.7443897155722805,13.120821414622663,-2.7594602513638242,,0.4667248304580904,0.2173913043478261,0,1
0.92938720878163883,-0.36047976056258019,-0.079333211064589529,0.36755526497721186,0.88416938799991007,0.28835329114021818,-0.033801528672612061,-0.29715119981014504,0.95423195351590717,-10.145442378221404,9.9711598738251173,-1.6622248362819976,,0.09589472412890993,0.25,0,1
0.98588745160908342,-0.16706163190592963,-0.010786283172421522,0.16602089622718949,0.96739717940606351,0.19125835744644934,-0.021517313393375766,-0.19034996302106463,0.98148046175265791,4.3741066070288452,3.6841218470827291,-1.9838694190371171,,0.2064098327742727,0.2558139534883721,0,2
0.96383263460250213,-0.26515831362282455,-0.026790318995870307,0.2649084436769833,0.94219618125692384,0.20515816457920727,-0.029157656693212668,-0.2048351159873969,0.97836210388311273,11.211191067510351,-4.6581282242866004,-2.1563378877065271,,0.4474826492228157,0.1764705882352941,0,1
0.45634537960619631,0.86676666373010447,0.20115776186431503,-0.8875221737805935,0.42721642410531085,0.17259929902071069,0.06366541886963574,-0.25729686671402546,0.96423287478663466,-14.192968599055053,7.8788341770868726,-1.3459317451696975,,0.4209222532153798,0.2777777777777778,0,2
-0.48549035698959375,0.87122610494741071,0.07255471954518837,-0.8726835373458145,-0.48790630913384397,0.019258171070662092,0.052178126793837834,-0.053967652955766041,0.99717848729238656,-3.0064081107594989,-8.7549515043979564,-0.92592773311695864,,0.4455571769168041,0.3369565217391304,0,1
0.37230559917365419,-0.90766098080609636,-0.19375263803639373,0.92676000047483686,0.35231631596210916,0.13034229945327594,-0.050044403721360063,-0.22808936281423287,0.97235322811577607,-12.700211885156611,8.0498079341578439,-1.4217983108278556,,0.6877575497091448,0.1521739130434783,0,2
0.019872825028763655,-0.9902937604874994,-0.13756212692781286,0.99447067505727116,0.0053882309335330962,0.10487632439469965,-0.10311715316333893,-0.13888569007257173,0.98492518386756345,37.907838662225288,2.7830484736223524,-5.3628403282036343,,0.4204430462545008,0.2916666666666667,0,3
0.73920101249207071,-0.66990917329417454,-0.069307738868131769,0.67190289556394911,0.72649995934671407,0.14402884434030472,-0.046134174572418481,-0.15303433799490387,0.98714341882574641,6.3767592943851401,3.1830965540972396,-2.105323537665579,,0.3011494499801465,0.2380952380952381,0,1
0.049614067760494353,0.9601299436734082,0.27511622188078044,-0.9975618777265477,0.034101333890421762,0.060888415430011555,0.049078960736152241,-0.27746637686139869,0.95948093536269219,13.576085043571325,-5.1806833367976317,-2.3347885684410863,,0.3456987392849182,0.5,0,3
0.29033308096758448,-0.94726036876572861,-0.13566317061637001,0.95084426020901303,0.2696164557926029,0.15232255116498808,-0.10771209274471029,-0.17321882268290492,0.97897566085419274,-1.4680033837907478,12.494348292455323,-2.1655420631277482,,0.2714586219844455,0.24,0,2
-0.48037756844292917,0.8677588770314133,0.12740456455731766,-0.87550477077802435,-0.48309035044716048,-0.010728916523053425,0.052237803186753841,-0.11669723492019991,0.99179280461203245,-7.2987796140839309,5.9729528884402212,-1.5039672608280366,,0.8720764849422851,0.4930232558139535,0,1
0.35194035682221725,0.93308056306134823,0.07415286964756175,-0.93501547566139598,0.34678313035224378,0.074077802186566524,0.043405593113605305,-0.095405048819318272,0.99449174513730354,15.114291195749198,-9.2912976111409051,-2.2551546971719536,,0.08133903740309616,0.1666666666666667,0,3
-0.96989725908751279,-0.23594049465932196,-0.060261013884981007,0.23852451918993428,-0.97031409206537267,-0.039957683673643704,-0.049044475323343918,-0.053128577237365825,0.99738257139424258,-5.9074619718794006,10.495198647627456,-1.8543970395589497,,0.4293426982241224,0.5,0,3
-0.7227139935204846,0.67229826954429295,0.1603106993853573,-0.68956355937457181,-0.71708625503761625,-0.10143668182072023,0.046760893408321715,-0.18385412588211328,0.98184065878521209,4.338763408290248,-13.269776264379333,-1.1371551648194775,,0.2352967340446496,0.375,0,1
-0.67538338149534216,0.73700459730935852,0.026105776080927501,-0.73588587288765206,-0.6758298069954759,0.041545806778013367,0.048262512204562513,0.0088484756499638533,0.99879549177715865,27.448118052198712,-9.5505667293498409,-3.4679199728821657,,0.2106096765989517,0.6842105263157895,0,2
0.28338582186943706,0.95745719912267535,0.054481077554925157,-0.95843611370539517,0.28080185575572425,0.050502809322257432,0.033055890680520603,-0.066528412368728085,0.99723682164218819,27.573345150108434,-3.8257997517016271,-3.7921897867612331,,0.2473208326270301,0.7931034482758621,0,2
-0.097734222651138708,0.94658255870823194,0.30729380285348201,-0.99385322683590593,-0.10896431894042355,0.019558647849655889,0.051997934868942983,-0.3034933883089162,0.95141367344711725,9.6264771703924801,-9.1842392467954728,-1.770488375419067,,0.3052700243779909,0.36,0,1
0.88239750876419543,0.46404530228923641,0.077695520784869646,-0.47040949619469385,0.86678631715500043,0.1655185375803094,0.0094626854853700742,-0.18260185600415282,0.98314140374985848,-15.346855471621176,10.910200504820747,-1.4710588386449608,,0.6552280945911462,0.5357142857142857,0,1
-0.8342654049810283,-0.54371026319855065,-0.091544435900847793,0.55125338542905866,-0.82583393029676322,-0.11881929398714176,-0.010997231689982396,-0.14959100662527833,0.98868680158682853,3.6333242208663488,-24.830928309189453,-0.4931092214382829,,0.4511919344075027,0.4,0,2
0.55315403317900569,0.81319313834108986,0.18093516886655925,-0.8312149001587642,0.52422076727544742,0.18513340301306583,0.055699239957620418,-0.25280329687745767,0.96591308499058681,10.482069811273847,8.3028902159483593,-2.7667656850438767,,0.3238459153744424,0.35,0,2
-0.96328827644023873,0.26146757058239917,0.06091310209250634,-0.2682378535038441,-0.94677428085686977,-0.17795200211182452,0.011142280755941057,-0.18775827715894358,0.98215206507844821,-2.4454825244160729,-22.744222087602438,-0.21464380776796932,,0.3981645400544361,0.1578947368421053,0,2
0.7150120033961993,0.69485688673026436,0.077017802895679555,-0.69850963516446574,0.70547460722703359,0.11995777648934319,0.02901938286315129,-0.13956892749242863,0.9897870427000216,16.329549532808041,-5.6237818909430892,-2.5681889932585307,,0.1072495066111529,0.3636363636363636,0,2
0.92925927215464299,-0.3686563329855006,-0.023868666998936243,0.36787728742072956,0.91751055485587807,0.15113134396287195,-0.033815773162658602,-0.1492209431606088,0.98822548216875528,-5.8695048154487202,-10.105756661384806,-0.70820976223163123,,0.1010945179919773,0.2105263157894737,0,1
-0.019507687146015595,-0.97822016677127199,-0.20665128952948203,0.99976534058390931,-0.01713844860832946,-0.013249050775021171,0.0094188061532562064,-0.20686125519604745,0.97832494969174855,6.5439697969877475,-23.862626899579759,-0.77987283096673743,,0.3362898749515258,0.4482758620689655,0,2
