axis_00,axis_01,axis_02,axis_10,axis_11,axis_12,axis_20,axis_21,axis_22,location_x,location_y,location_z,dbh,dbh_approximation,score,reconstructed,number_clusters
0.1857500523763547,0.98231935244697299,0.023358250155798781,-0.97858035099959473,0.18279121985050473,0.094698820389035362,0.088754800882497736,-0.040448235483440287,0.99523189537242274,-6.1256992765649096,-12.633218852349202,-3.6404943795091635,,0.1653933930095533,0.2903225806451613,0,4
-0.077633292212053104,0.99597791400660884,-0.044733284602881257,-0.99662370844031511,-0.076324465896654634,0.030261521446632102,0.026725562949964934,0.04693155352888722,0.99854052174579966,-7.2167298140274276,-15.425765152818256,-3.5455499017318153,,0.3318658540289225,0.6601941747572816,1,3
0.58544348745125241,0.80912572762481816,-0.050709761353439513,-0.80807952334385291,0.58743668637267987,0.043881926300660158,0.065294769723814192,0.015287131813830597,0.99774891463114124,7.3168200715900511,-2.1743130346195145,-3.6002359193451929,,0.3535928814725474,0.9665738161559888,1,5
0.085361150530113741,0.98000725098505737,0.17971995436480395,-0.99552716145860343,0.076562038969815047,0.055352732425429811,0.040486352989025372,-0.18364106895108326,0.9821592605153977,4.6765103325974211,-9.7692435471175258,-3.3501302466018319,,0.4268828686564582,0.6666666666666666,0,2
-0.1366587521851943,0.99000160176958529,0.034945871642342266,-0.99016552448972461,-0.13757760568581615,0.025389693297653029,0.029943606382272288,-0.031132473519068365,0.99906663918349814,0.065344626596538002,-9.449774749720774,-3.507303566886629,,0.113174811962175,0.2727272727272727,1,5
0.60788043790485402,0.78412478911024042,0.12501875185516978,-0.79121669908764525,0.58493381656122279,0.17840562022529732,0.066764573670878,-0.20736621071414565,0.97598245186919397,-8.8398527459192771,-16.889723039867494,-3.5438359780638917,,0.3882824298989979,0.24,0,1
-0.52442541161502965,-0.78710095507813438,-0.32473077182105031,0.84913029811411911,-0.51163509980406974,-0.13117645167142925,-0.062894550455772955,-0.34453100174522466,0.93666571644285046,-11.337441202292972,22.214965239018046,-5.2146913018681733,,0.1440060221410434,0.5,0,1
0.32268995121205385,0.94635583717644844,-0.016787639167693168,-0.94505848809798909,0.3231263145442328,0.049536238482582873,0.052303436413912045,-0.00011954548861866955,0.99863123136029097,-8.2873615905987634,11.30352357542416,-4.7119756202682064,,0.0821834931257642,0.3561643835616438,0,5
-0.14348502674085323,0.97989294851318198,0.13864291022377886,-0.9860094720554522,-0.15355640081164323,0.064851775509252835,0.084837303812092035,-0.12739796397084285,0.98821677311103095,-2.5228628611385586,27.624573752976115,-5.1395185984181326,,0.3886642954533582,0.40625,0,3
0.99570308602805857,0.065083964906424929,-0.065874441069806333,-0.0596888154537236,0.99494179877269551,0.080796425444968484,0.070799786609363924,-0.076517282799458228,0.99455140422657695,-17.613461457995271,7.9839628939876626,-4.9451880629780263,,0.0989514867334338,0.5333333333333333,0,3
0.84844692624155749,0.52862443774598256,-0.026344205605706213,-0.52622985700236857,0.84784744309225135,0.065091096481755498,0.056744611643032072,-0.041363233186906372,0.99753151929641115,2.890657409386217,20.700946051585461,-4.6875061685235897,,0.2028022688000526,0.3157894736842105,1,4
0.92206914384774774,0.38700128669705042,-0.0043009369570061609,-0.38142488301709393,0.91055421768795175,0.1593928331703727,0.065601467813434497,-0.14533072884118259,0.98720586843637304,-10.695302381145915,15.80172960807888,-4.9923206607919433,,0.07067887453894597,0.2,0,5
0.99777380560045814,-0.0051791230018946718,-0.066487664589093373,0.0099212045951598982,0.99741328656942663,0.071192032378331785,0.065946967761690969,-0.071693182798001867,0.99524423383576177,-6.889763616089458,13.913178670527387,-4.7930879348294182,,0.2365669229201994,0.8421052631578947,1,5
-0.72699010828181132,-0.66226266445508719,-0.18136577882624166,0.67918575990854479,-0.73238671814324507,-0.048128979054409556,-0.10095586163196844,-0.15817034600776422,0.98223727054410415,26.020035484229862,3.664789212051383,-3.40537070308967,,0.2828107494346567,0.36,0,5
-0.28101941688566612,0.95592953444976081,0.085010661095563433,-0.9596865427498763,-0.27940612224638506,-0.030560734873839177,-0.0054614098940786509,-0.090171747337526351,0.99591125557655347,9.6979845016452817,12.879750768059495,-4.1826012242028208,,0.3667272937292788,0.125,0,5
0.85272098791239004,-0.4992461911845209,-0.15368850757771804,0.52069134396000927,0.83590959340012239,0.17359630176579685,0.041802405419269051,-0.22805348550151783,0.97275082454438067,-4.1215785482445861,25.340730875566443,-5.0946851323741438,,0.1456689665063889,0.2222222222222222,0,1
0.055818862130182681,-0.99264819064356935,-0.10739564349888774,0.99801793703827169,0.052340891294302541,0.034937493447454566,-0.029059455954380382,-0.10913294970157521,0.99360230842579556,8.6113141483027533,3.8149799314633115,-3.8211325131120422,,0.2263717005756307,0.8717948717948718,1,5
-0.52887233554656909,0.84845045543128694,-0.020636796552669329,-0.84867281896803315,-0.52889768891094702,0.0046562870947975737,-0.0069641250970323724,0.019976469735624582,0.99977619576509857,-21.290310730281131,-0.94693948138672668,-4.7829328877608717,,0.4886185679232712,0.7441860465116279,1,4
-0.89264204855724383,0.44779982759266596,-0.051628359992413539,-0.44875140679122077,-0.89362117941969621,0.0079600625281538561,-0.042571681320191075,0.030273785698694149,0.99863464282441272,0.38772738039411647,-6.1915434083388758,-3.6643328127646937,,0.3823466250305445,0.9623149394347241,1,5
-0.86569221096128579,0.49727923924336953,-0.057361608227937511,-0.49864231275561405,-0.86673064083241169,0.011568931323537368,-0.043964074091150558,0.038618058726092572,0.99828643471176903,-8.163834803893808,-8.6459726443674416,-3.9018934587924234,,0.7041795379788285,0.8762376237623762,1,2
-0.66021521358849622,0.75059368647086855,0.026925630472990847,-0.75068224750315227,-0.65828314478579641,-0.056030925162257328,-0.024331769970811382,-0.057205062022464892,0.99806590255808958,4.9909036299334995,12.770851960515634,-4.2951624691965016,,0.09517385519829594,0.3478260869565217,1,5
-0.71709199945298119,-0.67277613500958766,-0.18207508473727749,0.68779405610903677,-0.72533937563613171,-0.028672748959000634,-0.11277588705749607,-0.14579115992867184,0.9828664899084959,-2.8789827121921276,-16.735868052025047,-3.3088791881693029,,0.1650206304038697,0.3,0,4
0.96784258880536034,-0.2400306431973567,-0.075272927542381005,0.24645305241918183,0.96473003773115229,0.092503228335646948,0.050414444832858216,-0.10807980674257366,0.99286310190614002,17.485979043525518,19.522149115905279,-4.263752089739195,0.3362375956952823,0.2081897756187215,0.1111111111111111,1,5
-0.76328632094979298,0.6451900284108355,-0.033523417041742998,-0.64388493547841141,-0.76394598886675247,-0.042411271595672893,-0.052973409507898729,-0.010786720244125062,0.99853766306108027,-0.027831866108530515,-14.613125658357164,-3.2953991536808531,,0.356062434337491,0.5434782608695652,1,6
0.79310485430289379,0.60902901460759906,-0.0082673724533229923,-0.60395914360730263,0.78811500716679761,0.11877747400753955,0.078854568252692755,-0.0892098360304239,0.99288648002735247,-11.328694375484845,9.2067417458063741,-4.7356415049956464,,0.1040152584395716,0.3928571428571428,1,5
0.79217922984190914,-0.59787696483081521,-0.12245490080748332,0.60927712300093329,0.78632936873119363,0.10231085601492618,0.035120580786542656,-0.1556575047837189,0.98718655076420159,-1.428335761682114,6.2939047566940172,-4.2269465048365982,,0.06915415240767583,0.2647058823529412,0,5
0.50640253441716565,-0.8556958492082648,-0.106494538750204,0.86219596522940312,0.50435919201952306,0.047327824454043509,0.013213276581162215,-0.11578609188137046,0.99318628174619372,-16.966142025473417,11.550305866626108,-5.0577335469109528,,0.1524111828297207,0.5405405405405406,1,4
-0.24049009213110051,-0.9168709797420016,-0.31860967043345856,0.9701820657409338,-0.23726382347480143,-0.049524109126497629,-0.030187330147427052,-0.32101944579271297,0.94659137991084097,21.684145338489195,9.4547933601449223,-3.7552015898134221,,0.6724094508900215,0.8,0,2
-0.50635654997652002,-0.83371335427359805,-0.22028410564937051,0.86073781342355704,-0.50414374791023053,-0.070494666364634889,-0.052282509873868802,-0.22530229548074526,0.97288509846353255,-9.8060032923060376,25.619454128976873,-5.3050881795800349,,0.2306965215940985,0.1363636363636364,0,6
0.64882960981063131,0.7604385801110376,-0.027446371557885218,-0.75790421329473778,0.6490412867369284,0.065776983671782044,0.067833184379546468,-0.021876334006908565,0.99745680864253439,-4.5816560518632352,23.121838743707951,-4.9980272401789785,,0.1528404881399587,0.5,0,5
0.83884019579088132,0.54217040405671602,-0.048973246681157628,-0.53934903388704747,0.83992109862806952,0.060292352123015945,0.073822392067886697,-0.024161975175769044,0.99697866245220179,-11.250189846680748,15.117840724705456,-4.9993681179212697,,0.2165164722089809,0.9152542372881356,1,3
-0.52450281930784604,0.85073375459382417,-0.033895004540717553,-0.85134332913195487,-0.52454013138566025,0.0084962643811172453,-0.010551231238135885,0.033312600628118007,0.99938928459272103,3.1626404875652585,11.16048899064598,-4.2868388124034933,,0.0844160236796995,0.2727272727272727,0,5
-0.54564240402822184,0.83474933561496101,0.073945342089175317,-0.83750842602933195,-0.54010644905973992,-0.082853243834814141,-0.029223334104363237,-0.10713809021287014,0.99381458349601881,-4.4308664049388549,-14.236034338843339,-3.5043663107325194,,0.2591938415901608,0.2777777777777778,0,4
0.35039754245165794,0.93586386828386103,-0.0371534962635615,-0.93534522753092508,0.35170582934277311,0.037845936921074387,0.048485746142143189,0.021490222127285366,0.99859266108556977,5.4071755422728405,6.5854207990697597,-4.021410774421506,,0.06616671977831015,0.2765957446808511,0,5
0.90851124933250782,-0.39994477799969103,-0.12104331616021925,0.41440787152712538,0.89953474660958266,0.13821488942364732,0.053604345464173975,-0.17573108487917363,0.98297770063951395,13.740867582326898,9.6096371796050502,-3.991989279422143,0.2121619721448046,0.1128632408203843,0.4210526315789473,1,5
-0.55460699155663107,-0.82366261951249886,-0.1182834482685973,0.82963478874082686,-0.55830184432997765,-0.0022733078779694042,-0.064165428600340732,-0.099392856058936871,0.99297726959733634,16.017601155653875,3.5826981993279743,-3.6380345836799397,0.4185084681713193,0.348319023710999,0.7410714285714286,1,5
0.992623159901309,-0.097446992900556528,-0.072134222129166994,0.10435468754598394,0.98958442146723258,0.09916033469358497,0.061720026042777924,-0.10595638897207951,0.99245346592234618,1.5865926470511917,15.593828357223787,-4.5210164802812915,,0.3332152485037568,0.7676056338028169,1,5
0.98655758545823435,0.13861991507869667,-0.086536984685130811,-0.1151565377748196,0.96546436877673847,0.2337039247215412,0.11594439349333018,-0.22059708013958435,0.96844918599343943,-5.2577136520456609,27.059097071592724,-5.1932411064584532,,0.3067205779346008,0.2222222222222222,0,4
0.4686883229670602,0.87735933606752048,0.10281950850632925,-0.88240685822399034,0.45958266254102242,0.10070706455343854,0.041102219813415657,-0.13792886466169157,0.98958892264391574,-23.484459983533373,10.351036715859676,-5.3321925798456471,,0.2508309418679379,0.3225806451612903,0,2
-0.88410229130442508,0.46440448284919522,-0.051880775050476231,-0.46526624165588448,-0.88515515569557024,0.0052606768538095974,-0.043479453603680926,0.028789349682194636,0.99863942965376806,-13.718736447872908,8.2281933329707044,-4.7956256780405262,,0.2027428950567092,0.7261146496815286,1,5
-0.87067063077239215,0.49029849913318302,-0.039243272775760757,-0.48989361010197735,-0.87155270111627514,-0.020003498648395568,-0.044010265753078072,0.0018085697864807884,0.99902944180022579,-8.2867221627379841,-15.777079527744256,-3.5810559454884183,,0.07803045232405363,0.2692307692307692,0,1
-0.88026942314995504,-0.46230486630914885,-0.10677056361247604,0.46789502990972393,-0.88314343552305596,-0.033643918890534648,-0.078739974936650581,-0.079573129129212342,0.99371431179567993,1.0642799622071049,16.633679677508585,-4.5553481460339169,,0.08756080225425304,0.375,1,5
-0.86819040998497443,-0.48129019066679318,-0.12085182819487508,0.49049616046865574,-0.86923752168875634,-0.061964888879878791,-0.075225850448025072,-0.11307467999649921,0.99073467092257395,-3.6026805903806327,-17.950294810291851,-3.2918976273369558,,0.7129086505306146,0.7,0,2
0.91622565475621953,0.39955159640065901,-0.029817300015641448,-0.39292174073155189,0.91059037851660918,0.12820947006156241,0.078377644944365943,-0.10575294022704214,0.99129877454091098,22.329676486465583,3.135270720278907,-3.4439703925419556,,0.1663948713314485,0.3125,0,4
-0.37674056574250098,0.9255205307019877,0.038448580898790809,-0.92631384891041368,-0.37654978657885579,-0.012365740745841002,0.0030330579940855964,-0.040274129121915601,0.99918406466610332,8.0902214068123222,-2.8940123930086914,-3.5353223183949223,,0.1045869190454283,0.3176470588235294,0,5
-0.3738726902803502,-0.92045525189741895,-0.11393568675788339,0.9258105386169696,-0.3777404840980188,0.013673816553887436,-0.055624257732470699,-0.10037059294360853,0.99339402354949702,5.5785334488035385,17.537402521401894,-4.4624240454454158,,0.1236583997492075,0.3181818181818182,1,5
-0.8811678865715169,-0.45468360470597952,-0.12963786208767508,0.46238074053735623,-0.88597175079613777,-0.035469812113297687,-0.098727941613367717,-0.091196910050742222,0.99092679706524467,-19.487217792940207,6.7461406766037646,-4.9874002692562183,,0.1379826983805478,0.3636363636363636,0,3
0.25294218580161609,0.9670653351797075,-0.028370550499785884,-0.96637127503035014,0.25394766247143374,0.040461630237927315,0.046333674990406942,0.017182031866312886,0.99877823782000241,-5.7995973387538999,-9.1323420763625567,-3.7736258536915286,,0.1587282602217693,0.5439560439560439,1,4
0.92747309717786908,0.37262340153668772,0.030748246104784997,-0.36913506014564423,0.89950269620654066,0.23373961343434271,0.059438719556898827,-0.22813745888037046,0.97181291330844366,-5.0930941951185416,-10.376849454100709,-3.6844720384267267,,0.493068191117529,0.5748031496062992,0,3
-0.95274759087231919,0.30320991900203031,-0.018324112687234641,-0.29995365406487007,-0.9486095732917974,-0.10083492883067008,-0.047956579320511415,-0.090573850961170224,0.99473440878555108,-1.9400152582372017,25.250336186496178,-5.0195494491260479,,0.179169041717025,0.1333333333333333,0,3
0.50772055691340057,-0.85129892406433105,-0.13232527337761085,0.86106358796391025,0.49642018145372135,0.11016578837448975,-0.028095080890875035,-0.16987391009913055,0.98506523697538362,28.662930628053211,2.7640555269073821,-3.3138022421953761,,0.1609941348564218,0.1666666666666667,0,5
-0.74912479239387375,0.66215518438784837,0.019040935090731782,-0.66173890735439411,-0.74672367942016749,-0.067122016407578908,-0.03022687404029278,-0.062882894188332539,0.99756306953708496,1.3585103855268779,-9.4383953908655283,-3.4685083353377699,,0.2604537564112063,0.7037037037037037,0,1
-0.87855800175616705,0.47638264573060207,0.034574736396996694,-0.47551042583705955,-0.865533259047638,-0.15729593892606461,-0.045007471273872272,-0.15463425341458342,0.98694608525513983,-19.783891831314211,0.51512387213829314,-4.7473371621045075,,0.6113558422268605,0.6509433962264151,0,1
-0.10866199662856039,0.99396540521668042,0.015011452998798216,-0.99384827073870607,-0.10894957876154907,0.019889797318340938,0.021405261932020248,-0.012757841514982693,0.99968947790876583,-1.8090738705769378,-13.473987547465793,-3.4398518499933979,,0.3223342898499777,0.5813953488372093,1,4
-0.78526809924671592,-0.61318912943866133,-0.085750241070833386,0.61480228763409861,-0.78862706221237078,0.0092468300602948101,-0.07329501637443335,-0.045458203710018692,0.99627375368928073,-9.175190836792833,-5.4338283391575368,-4.0492545020362973,,0.362449372550681,0.9259723964868256,1,1
0.48504350654128287,0.87439932664431308,-0.012594217963320374,-0.87238228724108113,0.48482355985597991,0.062412023814282631,0.060679005184296697,-0.019285574208363587,0.99797100406639949,-14.1573356169789,15.813957322645143,-5.1141118518440356,,0.1024872370638549,0.4230769230769231,1,5
-0.60373795956155818,-0.75066395669664332,-0.2683357976509762,0.79019539142384709,-0.60799380582664564,-0.077037493786750261,-0.10531723295339075,-0.25854816996639224,0.96024013884552351,0.39199504314099448,4.8883614367470134,-4.1232624083061991,,0.2770924467986424,0.3137254901960784,0,3
0.92863501686797734,0.36607725426015514,-0.060203399903637586,-0.36256375572596933,0.9299013196157101,0.061895547584949494,0.078641773126571959,-0.035650802099066965,0.99626527181730185,-15.550474370206816,6.7442629114136796,-4.7969692192876936,,0.2198964779598802,0.8296703296703297,1,5
-0.92432239070312538,-0.37415085489081767,-0.0750949787224819,0.37397129681836166,-0.92728499265703823,0.016970903011638418,-0.075984124663330682,-0.012396780933285327,0.99703196168510111,-16.301793180290009,9.3404993190973347,-4.9438110782439244,,0.08866053537977388,0.4166666666666667,1,2
-0.5386789866998215,-0.82861181836024378,-0.15240539282382404,0.84022590334482905,-0.54166948554049432,-0.024791123061738071,-0.06201113316509832,-0.14140941591006873,0.98800708320110431,-1.18366526818937,-9.6055647990952124,-3.5489116715335816,,0.07217056573650971,0.1,0,2
0.42757033417011314,0.90381701881118603,0.017274427484513362,-0.90212266328912172,0.4253879184641387,0.072248316277192706,0.057950925081483133,-0.046474889262991342,0.99723707058562217,2.2460952164720962,-11.897598763405403,-3.354493018292164,,0.9377702227216632,0.925,0,1
0.088183612866319636,0.9919350421077231,0.091041323917178285,-0.99456644138136441,0.082602292679719663,0.063359726341444156,0.055328510732278277,-0.096133935125966005,0.99382947351009099,3.9005229159516102,9.2537066786375117,-4.1798932631128931,0.4292860272958273,0.2813451784648305,0.1372549019607843,1,4
0.85603010637298171,0.50585120399968753,0.10642845669805034,-0.51507381381911743,0.81727558567320235,0.25837875953791989,0.043719827320008342,-0.27599850810211213,0.96016321540898353,-10.083639484530796,19.664618549368377,-5.0909688824796486,,0.4861247310583587,0.4509803921568628,0,2
-0.99604237047355915,0.062585568416625492,-0.06310818367995398,-0.061918610258117818,-0.99800328229957447,-0.012471336054355592,-0.063762700108435044,-0.0085144080971759368,0.99792876646063189,14.569104553295594,7.9808873608902813,-3.8506268044869709,,0.08487688365411505,0.1851851851851852,0,4
-0.07187121354664075,0.98822257932637914,0.13509501239072969,-0.99705413236396845,-0.074820908850000159,0.016878647303459247,0.026787791981941166,-0.13348395150121325,0.99068887593045796,-10.051885435070508,-17.740728180248208,-3.5603723786691157,,0.1428520301615069,0.4,0,1
-0.99213172541550776,0.11791672692204946,-0.042074754141131127,-0.10864260310229511,-0.97787927430395483,-0.17874257936464524,-0.062220769966330268,-0.1727650728554824,0.98299583182536221,13.834875415175919,6.3562162193543363,-3.8153666387916694,,0.1008497684109894,0.3333333333333333,0,4
-0.82158357627491951,-0.557573743831562,-0.11879371778409482,0.56218854430439424,-0.82698296861144982,-0.0065734526314715084,-0.09457519679185257,-0.072185107994985523,0.99289719625726269,10.775628432862399,-5.8236120136216618,-3.3546157386629352,1.002108734526656,0.7461020741641524,0.8513513513513513,1,4
-0.056227799028931678,-0.94700651872972297,-0.31625478352077641,0.99778385937367609,-0.064586039321005512,0.016000421813127129,-0.035578147643385606,-0.31465424994466007,0.94853934994918854,15.546801846667215,7.7812276407869705,-3.8234874483443613,,0.1525061057087944,0.1428571428571428,0,1
-0.33190343259148081,0.94321269929438079,-0.013780976881266279,-0.94328647145474853,-0.33174822773420742,0.012399442151329439,0.0071234966444937847,0.017114826467774829,0.9998281544898282,10.697937901172738,-13.234725486142002,-3.0120796090643025,,0.4016299480085841,0.76,1,5
-0.32433259518859575,0.93394028016172481,0.15021291818505164,-0.94591026456159122,-0.32152940737512081,-0.043273682418115467,0.0078828354829229147,-0.15612300690302547,0.98770616461592808,-16.980991364618859,4.3053606232756678,-4.7639517209080537,,0.6896399836380502,0.1975308641975309,0,1
0.92605774335237789,0.37365912285537733,-0.052876420870283158,-0.37003296760378984,0.92658341499733288,0.067221856105089378,0.074112474411761275,-0.042685301437739513,0.99633594042257445,-2.8285978160975334,21.430387697858528,-4.8929663630175773,,0.1156035871007366,0.6,0,4
-0.7055816201750359,0.70311351689733248,0.088238084903500782,-0.70810063377133725,-0.69476246298460542,-0.12608970013524867,-0.027350863310023819,-0.15144801875175101,0.98808675119767053,-14.446499552265051,4.0893862848685263,-4.6413990505318354,0.2118856841165651,0.1441654272344609,0.2675438596491228,1,5
-0.6783418333797977,0.73431331728892379,-0.025225168761980683,-0.73415141866250611,-0.67877433447100044,-0.016943946980533114,-0.029564363053575023,0.0070253053731443244,0.99953819012664535,-22.439686041084396,21.597086157630603,-5.6852861020096155,,0.476175312450828,0.6285714285714286,1,4
0.81401964423938622,0.58014782014268507,-0.028293560682144739,-0.57546672338013316,0.81214440266055743,0.096226397154110271,0.078803991488481967,-0.062048174919315947,0.99495726285839337,6.6896670364297721,14.285502067122838,-4.3185139313415819,,0.1103569783170052,0.25,0,5
0.6429437215549374,-0.75102134770750106,-0.15030071922880997,0.76581687317178726,0.63347892828399899,0.11058464715114941,0.012160907798166152,-0.1862025314214775,0.98243611986416712,6.9380515848666064,10.766546228675592,-4.1727602636359027,0.9077098598764388,0.5482523579428373,0.6585365853658537,1,5
-0.63806512340492172,0.76877720514532522,-0.043063988937437694,-0.76975318775782031,-0.63824133147092776,0.011315155274688422,-0.018786384190019191,0.040368448708850091,0.99900823826328145,10.821587100567177,13.200340399678598,-4.1635302041480591,,0.1108836817132914,0.4444444444444444,0,4
-0.81123511496091905,0.58465727136610235,0.0085710730417786936,-0.58425780588691389,-0.80992387841761315,-0.051634556540947556,-0.023246602215231078,-0.046895481740937779,0.99862926518189532,26.406482963764752,2.3846477877776753,-3.3115747079907027,,0.1931448240656826,0.2105263157894737,0,5
-0.25225107175555017,0.96497578824646024,0.072049461457383349,-0.96763933605795849,-0.25205259110240508,-0.011983598452761441,0.0065963710848838128,-0.072740768601153152,0.99732906729515525,-1.0567464053711311,-8.2496159689001427,-3.6307585858096254,,0.3087609370385572,0.422680412371134,0,5
-0.86174903037939188,0.50674302244957026,-0.024497302685264864,-0.505550483785699,-0.86176273629909561,-0.042233809564646146,-0.042512550902349344,-0.024010321217581346,0.99880738257724411,3.5202716266007195,7.6344339126981282,-4.1242352598235872,,0.1085599189874817,0.4414414414414414,0,5
0.13179873225564792,0.99014156573722067,-0.04742123970595756,-0.99042995300615555,0.13351204786178328,0.034972006862323844,0.040958544456921042,0.042358150044575028,0.99826258307159499,5.3870669105175075,14.971575568712201,-4.3963155061656458,,0.08323476781477852,0.2692307692307692,0,5
0.25320753249015371,0.96714696292688185,0.022642826492240316,-0.96618811332007393,0.25164097066833746,0.05619031553652494,0.048646430179871136,-0.036105040955618069,0.99816328866991988,2.082948487934202,-13.023065356342224,-3.2936463860690273,,0.0940816149678424,0.2222222222222222,0,2
-0.85815577038697222,0.51268525861221603,-0.026879348081151184,-0.50929497753819586,-0.85674333807124869,-0.081298699404745087,-0.064709347129383005,-0.056077431041906663,0.99632726657551129,-7.1082999733277017,-9.6228655592612142,-3.8031420971841676,,0.1696278276471602,0.1967213114754098,0,3
0.097269607084326748,0.9925425305592388,0.073470732735712987,-0.99494723525509887,0.095129085572643907,0.03210071862664151,0.024872124876956381,-0.07622192669550186,0.9967806154289568,10.387471486999628,8.6380732699548304,-3.9935641172903416,,0.446616171404188,0.748792270531401,1,6
-0.2302350076053491,0.97311811051500063,0.0057431925510989818,-0.97301657742722636,-0.23029505841986034,0.014245213904998787,0.015184904503186294,-0.0023084746278186964,0.99988203785252661,-5.1560390194013523,-11.870394839288076,-3.6301032945846874,,0.07053520042319833,0.1923076923076923,0,1
-0.94537878209287796,-0.3140060688380884,-0.087516553299567867,0.31657313282568939,-0.94841892866018052,-0.016822227319933675,-0.077720074250574686,-0.043608766227959068,0.9960210166289466,-7.4062079539681172,-13.097208111231909,-3.6672778111045954,,0.0705092875538918,0.2121212121212121,0,3
-0.99198240859734432,-0.097096008431040687,-0.080890457905560556,0.10440207166387591,-0.9903071953139635,-0.091607130408516133,-0.071211715789629135,-0.099317793250510891,0.99250434128931986,-6.174818615785604,-10.394867390336151,-3.7230735342074071,,0.06792828059383656,0.2571428571428571,0,1
0.55598736933811932,0.83066079893766265,0.029676290952933723,-0.82913768443581271,0.5517525944734617,0.089998748548099389,0.058384461844723484,-0.074643898612339554,0.99549964490955722,-11.512074337671436,10.649357656628657,-4.8131545418992348,0.6396533055175962,0.3533255278655587,0.4473684210526316,1,3
-0.82615846022845607,-0.53504527411189939,-0.17660337834670148,0.55851693126234825,-0.81901006712253643,-0.13145853888289991,-0.074303674782847759,-0.20724156099214236,0.9754639405489598,0.31532518969625811,-18.075503494683758,-3.1383675540815186,,0.1895416324530813,0.3043478260869565,0,1
-0.59956876761828481,-0.77537187549154507,-0.19828199008839684,0.79843954597388811,-0.59649735383902713,-0.08176306188035104,-0.05487790376556588,-0.20733876038927818,0.97672875155722494,1.3627567928962989,11.312855992660563,-4.3509492195936987,,0.7536983384431709,0.2466367713004484,0,3
0.43151550936175898,0.90190845050482726,-0.0188550281952766,-0.90025667633542483,0.43187452517317937,0.05497555111080249,0.057725920466954739,-0.0067484379247309493,0.99830965972078045,-2.6204902246176967,18.088581794272589,-4.7472695254287034,,0.09921054710390703,0.1538461538461539,0,3
0.83487837822389488,0.54955449987330129,0.031111818385386646,-0.54537185297962232,0.81822883730669727,0.18185464464044904,0.074482451301046845,-0.16879402083230458,0.98283312061583028,-11.2387936063142,-13.292214686964007,-3.8275383919086972,,0.2896199723710787,0.1111111111111111,0,1
0.96057646613320213,-0.2526478096918241,-0.11602558756142518,0.27085670954849372,0.94454648683886078,0.18565714931811694,0.062685688985708546,-0.20976419727467921,0.97574048083396525,0.6029940868082424,22.073794040439029,-4.7933549772190327,,0.1518194849070824,0.2,0,3
-0.51521401867899586,-0.81083368071586459,-0.2776747326880909,0.85485384092131844,-0.50940844339224534,-0.098630362783269809,-0.061477033262098447,-0.28818705733855055,0.9555986575774571,-6.6128939227537531,-16.829122271926316,-3.4590263820057401,,0.237941240438068,0.1052631578947368,0,2
-0.97152803444239388,0.23669587077047033,-0.010408796890528675,-0.22997600743861732,-0.95268605107091187,-0.19874688449760852,-0.056958882495116457,-0.19069439649638775,0.97999557797460846,2.8905652961040933,5.1143321902533279,-4.0466364268662325,,0.0984789191408519,0.2678571428571428,0,6
0.03211929574998066,-0.99185272278809256,-0.12327419494107865,0.99860648971289634,0.0266787599492995,0.045533750898140338,-0.041873972152299092,-0.12456492309399718,0.99132746879665068,-7.8258659858931479,18.278369334543598,-4.950737498886749,,0.2123555472468495,0.7586206896551724,1,5
-0.9941008923675716,-0.077440802423865751,-0.075936407038698167,0.082406400414804501,-0.99450319538121046,-0.064595507175331274,-0.070516671537119255,-0.070472097290425167,0.99501813176384712,-1.7771916197228146,-16.722437048929098,-3.2684711249169016,,0.1134900276901785,0.2727272727272727,0,5
-0.95685368588211139,-0.27912374353296421,-0.08075245884777095,0.28175659618666099,-0.95920884909680615,-0.023056546135238779,-0.07102284364289925,-0.044814279091865562,0.99646747868174412,2.9298878206935406,12.71162617271235,-4.3555047019169404,,0.08048799374028601,0.2777777777777778,0,5
0.7855656507506823,0.61859108073554603,-0.01522114302829051,-0.61155118493021732,0.77990417767758069,0.13324647031537185,0.094296111113374395,-0.095365342108583134,0.99096604127155041,-1.730583526895757,-11.084859342135545,-3.5120052799695629,,0.1292265098774716,0.12,1,5
0.37015323348929968,0.92897069516433362,0.00017681433823190453,-0.92749659757228342,0.36955513998317513,0.056383153546539826,0.052312954698170142,-0.021034401296687499,0.99840918902664177,-15.979698465909072,13.983554093321466,-5.1267494799857705,,0.1307451330596057,0.3225806451612903,1,5
0.94795945320768549,0.31611171859843173,-0.038029678396381758,-0.30979567124112056,0.94333107663948867,0.11896689424561457,0.073481406862211371,-0.10099436227299832,0.99216965365537213,-8.209469794977446,-4.9098784208396751,-4.0267554487162078,,0.0995735981680038,0.2807017543859649,0,2
-0.42997341911924614,0.90175874643247966,-0.044204321999423771,-0.9028415123273742,-0.4294441705300644,0.021328572764389313,0.00024993864432322943,0.049080216281804007,0.99879480870717718,-3.5270832817565383,-4.2683299303591751,-3.8716956191529435,,0.2373816253739008,0.9341050756901158,1,5
0.77182764175772112,0.6357456517510468,-0.010466981339043285,-0.62061888383014385,0.75683823876703049,0.20500751540723017,0.1382544482182812,-0.15173446088366419,0.97870442980922612,1.0077720581431613,-15.917952733198909,-3.196534355501957,,0.3347179470004045,0.21875,0,3
-0.93299303085264984,0.35914218820449889,0.02325710713033232,-0.35900823553668676,-0.92421814177493022,-0.13013037013292064,-0.025240665546342262,-0.12976022143083901,0.99122408855767763,-1.2659366077312815,-18.530205739996994,-3.181478635996803,,0.3015383139487847,0.3076923076923077,0,4
0.98695949028014796,0.15086870549154505,-0.056121281607396822,-0.14487295496331162,0.98450163152633874,0.098835036511228824,0.070162607321489934,-0.089415721354150463,0.99352002360725888,-11.74557494490972,19.775361180385556,-5.1655576772977314,,0.1110461566695303,0.3333333333333333,0,5
0.86932225789207551,-0.48712211402170946,-0.083611350691418257,0.49227717913885122,0.8684637060134015,0.058600087342619185,0.044068025058061816,-0.092102320103719201,0.99477392999565162,-1.3440720378251105,14.507612688408924,-4.5905834077161147,,0.1455231463367901,0.5227272727272727,1,5
-0.97895258175222721,0.20144709189000709,-0.032724789528850474,-0.19494861975263841,-0.97046107171206886,-0.14212791403522426,-0.060389389276508956,-0.13275683583349648,0.98930720415970308,1.585340920202692,-14.256953088014276,-3.2326554912470549,,0.1500742163511678,0.2,0,5
0.96741321306165995,0.24694344901341228,-0.055951838067002886,-0.2428275267679553,0.96744521752939328,0.071305983783012242,0.071738883720572452,-0.055395704426115029,0.99588395332672253,-11.969328394822183,23.127542320384165,-5.2796212993997846,,0.1367565336443103,0.3181818181818182,1,5
-0.38476785220700255,-0.88764341070741848,-0.25306693844852723,0.92067006715992461,-0.38860850766944488,-0.036743097347210887,-0.065729197041724474,-0.24712871786708129,0.96675077939540466,3.634085541380998,-13.26395763000272,-3.2356859115213541,,0.4268487877621617,0.2142857142857143,0,6
-0.83755495097385013,0.54358833140287155,-0.054894717977536159,-0.54463049241185457,-0.83866155010268006,0.004942784093074565,-0.043351249513850859,0.03403719057166478,0.99847991408118786,-11.044200199342361,14.374783037656979,-4.9658633360717968,,0.1704846147085224,0.6265060240963856,1,2
-0.61954775894601644,0.78487835028893904,0.011249428104664999,-0.78476344321463043,-0.61900998159944998,-0.031192641346416815,-0.017518920597057171,-0.028153470975391781,0.99945008354252096,1.4163403671344801,-12.207023806943933,-3.3454790790975886,,0.07584818596345309,0.3333333333333333,0,3
-0.77077890414994232,-0.62956773070167227,-0.097695206517819697,0.63311442043981148,-0.77402605421910031,-0.0070567712993094226,-0.071175919724121225,-0.067291454503195638,0.9951913628052993,-10.408062600528078,-12.749988132682008,-3.8063589813825813,,0.5579644360919149,0.9681528662420382,1,2
-0.74799171906723827,0.66206594790355233,-0.046659070215855573,-0.66274822703259062,-0.74884146102178906,-0.0011197410012287305,-0.035681588697744501,0.03008565906412828,0.99891024489024127,12.36319897365478,5.102921329278403,-3.7910464200547902,,0.2234088150083176,0.5517241379310345,1,4
-0.53161662573779522,0.84534865620181443,0.052625209709306092,-0.84661907110213808,-0.5285337521950777,-0.062355603090231186,-0.024898025731268248,-0.077702781471321911,0.99666562400150349,10.069578796018963,15.619026043454232,-4.2927751699458465,,0.5223725247915281,0.3269230769230769,1,5
-0.059503685419362976,-0.97004325588393359,-0.23553214883665072,0.99801245492197999,-0.062715140745142547,0.0061604335820835965,-0.020747318913917505,-0.23469744957159983,0.97184703319116528,-3.3932483671308526,-12.12996785856266,-3.5385472079340783,,0.6769576384728782,0.7439024390243902,1,5
-0.78397646053042436,-0.6003310119495503,-0.15806196704399436,0.61478526532885103,-0.78613442715806237,-0.063495983899767114,-0.086139345648327509,-0.14695352506317838,0.98538554617103247,14.378040093871942,-6.1811724298380284,-3.2458595520805242,,0.2190778246203371,0.3888888888888889,1,8
-0.31666116551895385,0.94661554750936538,-0.06037144578127572,-0.94850486330332051,-0.31547008608807015,0.028585819448367165,0.0080143959302396567,0.066314628832027073,0.99776657563818183,-2.8848059839739211,11.032890177658421,-4.4702522161691576,,0.1856372075733254,0.7866666666666666,1,5
-0.93888688877327409,-0.33348385457059848,-0.085322498969372995,0.33632876588015498,-0.94150921859833203,-0.021055938257205576,-0.073310103881897862,-0.048465555140689891,0.99613087424983038,2.0190647685993972,7.7705659145713826,-4.1700181101334728,,0.1095417334580534,0.4660194174757282,0,5
0.37751777624892618,0.91816525004915384,0.12022022383210497,-0.92490952515845026,0.36757546384402023,0.097111526870008513,0.044974424812738556,-0.14785415781109823,0.98798605715401433,11.430284326056102,18.729331375316551,-4.3615779186305099,,0.2444253819461824,0.3809523809523809,1,5
0.19908786666171302,0.96723499645707867,0.15754517757381151,-0.97964143783644408,0.19219440041963248,0.057999704491343666,0.02582004302539315,-0.16588482171679794,0.98580705581881178,-17.308378827331417,13.553857419852616,-5.1598155424129031,,0.3727215899334627,0.7457627118644068,0,4
-0.097593195746381284,0.99478265896098672,-0.029715813542962877,-0.99490697045974807,-0.096761948948502485,0.02823553375261734,0.025212859310603932,0.032320065999298646,0.99915950931729969,9.2640064966976592,-3.5521232377429901,-3.4563037396451817,,0.07210495407101526,0.1627906976744186,0,5
-0.080216624540052628,-0.98942617580140835,-0.12083515956211842,0.99608552269992634,-0.08408588780006622,0.02726160194285503,-0.037133874225782654,-0.11817531938555129,0.99229817558690936,-7.3591659470330146,13.012630025245334,-4.7532840419746298,,0.09468511306829826,0.3166666666666667,1,5
0.64545489637921127,-0.75536543397374678,-0.11318585555516925,0.76376625656680441,0.63694245829214302,0.10471585436166322,-0.0070058596926205162,-0.15403689811995053,0.98804025826256303,-1.2607527640449958,-6.0230258041444253,-3.7307285243232378,0.1452623040841796,0.2250310472481044,0.3670886075949367,1,5
0.53480090464550001,0.84395455575815848,-0.04157764069068904,-0.84288044190406441,0.53629205898390997,0.044083876036567909,0.059502546550242202,0.011468883374059774,0.99816226720317802,-17.928751395175432,6.9506173181986073,-4.9291375082654776,,0.1159772481327533,0.5581395348837209,1,5
-0.36115506364109823,-0.92155925860963805,-0.14246246129155618,0.93009636248839089,-0.36696854391433126,0.015963842371405336,-0.066990868722967584,-0.12673839453081823,0.98967146208198453,-10.450229933092452,7.0290127295835587,-4.6169164413250439,,0.5335719809274647,0.9301397205588823,1,5
0.70008307524908298,-0.68931811022791889,-0.18634438725541877,0.71361586475080308,0.68461975383776064,0.14848633011522638,0.025220732062146298,-0.23693107767225241,0.97119904196169526,-13.136410940578903,19.913081176087818,-5.2155300553967185,,0.087087522082492,0.3809523809523809,0,1
0.87647102280307754,-0.46358571525095066,-0.12994933936650338,0.48045325980949938,0.85958504629750798,0.17400635999909828,0.031035646037290022,-0.2149461160313777,0.97613265280804584,-3.1699679537441403,5.3370180143894874,-4.2495895452947794,,0.220599286701435,0.2336448598130841,0,4
-0.89778632718863516,0.43974912832641572,-0.0245033640404261,-0.43790996118226705,-0.89720875158958879,-0.057020364505990941,-0.047059288248819948,-0.040461836429012903,0.99807227352647454,-6.6280816489460328,-6.5736353548220849,-3.9044054929481189,,0.269485507138728,0.4035087719298245,1,3
-0.36537375922941012,-0.90491259473967089,-0.21825492422413809,0.92946035135546734,-0.36751127899817576,-0.032232205436413114,-0.051043817693616184,-0.21463610062298524,0.97535935581949496,-8.4315081037878148,-14.282739449282261,-3.6560711863346933,,0.3484067082640866,0.25,0,2
-0.95999092512533102,0.27990774389878348,0.0083113526278414188,-0.27417205325283256,-0.93345147751158208,-0.23129639933766999,-0.056983408919940887,-0.22432118499361142,0.9728478283220483,-20.729782551252907,14.657790818689017,-5.3551523823597931,,0.3156281698178277,0.3333333333333333,0,1
0.60730100406273968,0.78580286537541455,0.11704421058803745,-0.79169883585990575,0.58627957588918467,0.17172423298203621,0.066320764187840248,-0.19695206437858534,0.97816738883207277,26.03529167439854,8.6576264553491011,-3.6336850301556871,,0.2331752380796272,0.2857142857142857,0,4
0.52873307209589437,0.84857225441448136,-0.01914334113895912,-0.84571382861771505,0.52860183668080352,0.073131514017197918,0.072176579004578842,-0.02247726174617292,0.99713856316341032,19.149684697740295,-3.4566530393578883,-3.2303107305378798,0.4356015808255506,0.2974015292365292,0.6,1,4
-0.49219951326890687,0.86718566537928898,0.075687917784361944,-0.87047483613961674,-0.48996826145043076,-0.046953832846224605,-0.0036330132892542343,-0.088995081504112561,0.99602543977677505,11.180648200770351,15.224284977363819,-4.2559043833137959,,0.09289958639270803,0.3333333333333333,0,4
-0.060713151677111783,0.99807356951660064,-0.012769614161137012,-0.99789050974295812,-0.060397448493348847,0.023805015867123358,0.022987905045321909,0.014187954323494586,0.99963506249718104,12.028752739970098,6.8865780086367625,-3.8711205335944814,,0.08067781829071174,0.3823529411764706,0,4
0.72723856545485932,0.68320942444165556,0.065946578904903366,-0.67998594559268322,0.70403732095384342,0.20481836953886748,0.093504987629448519,-0.19379456405750245,0.97657589783394716,-2.0324755665981149,11.627281650826596,-4.4602547092202132,,0.7207651271535663,0.3365853658536586,0,2
0.96369080481393221,0.26305677504258379,-0.045838475337542761,-0.25639026136973697,0.95954414406188204,0.11635750715492203,0.07459267116703229,-0.1003801210436869,0.99214906375373957,-1.3530778050271901,-12.766173052635041,-3.4393028879518659,,0.5842764569799844,0.6166666666666667,1,2
-0.36714615186227628,0.93009741707011873,0.011067878397221101,-0.92866281212833923,-0.36585237519276614,-0.061134449663801452,-0.052811784126336921,-0.032723605016940611,0.99806817459133934,-6.0292382410660572,-8.0637180367641736,-3.8565517337583257,,0.1821662880930862,0.2608695652173913,1,3
-0.96161110436864505,-0.25767072780309525,-0.094392160629676911,0.26418990586470537,-0.96231138429984031,-0.064501885911376303,-0.074214402875140667,-0.086963185776219379,0.99344331832547861,-15.868974175367496,28.998635765277406,-5.6787503071296621,,0.1269246455445756,0.375,0,1
0.4838938219474348,0.86757581584464938,0.1147125661930528,-0.87014856767048732,0.46302814874457182,0.16866061677574307,0.09321072503796865,-0.18143080563031683,0.97897631406803232,1.5167843700709271,17.632739430646165,-4.5839939347229013,,0.2784876543394208,0.4347826086956522,0,4
