axis_00,axis_01,axis_02,axis_10,axis_11,axis_12,axis_20,axis_21,axis_22,location_x,location_y,location_z,dbh,dbh_approximation,score,reconstructed,number_clusters
-0.99850490952740467,-0.054136093209197947,0.0075649892078037085,0.051581018793912595,-0.97896382262266857,-0.19740626255566049,0.018092654582763382,-0.1967209124827794,0.98029257797970271,8.4447193313379234,23.984030416202771,1.6959632759175844,,0.272919555465358,0.7368421052631579,0,1
0.50533833864101263,0.86048395132009603,0.064811519192929046,-0.85408412789783339,0.50947186706318492,-0.10477938320180061,-0.12318062336479094,-0.0024054504165985373,0.99238135201935052,-8.5804500442167271,12.64483712862071,1.1672142801426995,0.3032246836030186,0.3390144368847775,0.6555555555555556,1,5
-0.93560887828992823,-0.34359999611414416,-0.081086802473779543,0.34827763711740584,-0.86072464151829309,-0.37128934669220209,0.057781609089555215,-0.37562232914666532,0.92496981112761489,-6.9959896323857187,-31.957205986266423,-5.1037294927262984,,0.3837988680247336,0.25,0,1
0.23772658637847,0.97041968069994711,0.042091726491709121,-0.9621103789027422,0.24120551850042754,-0.12713581970696722,-0.13352785827857203,-0.010273322498242924,0.99099181122165936,-12.002749349364672,-33.713903184855738,-5.0845772703510361,,0.1651043351285582,0.6,0,3
-0.77833014751253282,-0.6275712877148959,-0.018880156487362524,0.62090710013119954,-0.76490742496133679,-0.17143804783560451,0.093148024561902659,-0.14515822427573816,0.98501397728424689,8.2650090385534121,9.1228687960480279,-0.48729730921758407,,0.09112862680334798,0.2272727272727273,0,1
-0.23255499952370462,-0.97063183644033801,-0.061579300783509261,0.95765290706762052,-0.21747405571000633,-0.18869537534867095,0.16976183841330331,-0.1028536493348545,0.9801030787815318,7.6237385543048131,9.6114020058803806,-0.3800726453063285,0.4029203639253037,0.3729938815593486,0.5,1,4
-0.87771009657094745,0.47715197898579204,0.044169846358829597,-0.47600390921711128,-0.85754387302013946,-0.19503534104272041,-0.05518391783344765,-0.19220950755767566,0.97980112289024746,-10.146707749601813,9.0619343604062497,0.74266773887449522,,0.07967471683906135,0.2786885245901639,1,5
0.72760680028649993,-0.68535487151341479,-0.02961493322079474,0.68075816328241878,0.72670358722451478,-0.092033795093812168,0.084597088018377564,0.046803807621312317,0.99531539538528091,14.692841430513493,8.1900443339215059,-1.0875497842750985,,0.4031611428452518,0.6111111111111112,0,1
-0.72829482679568502,-0.67451161264196124,-0.12091620930952676,0.67544674600489274,-0.67683656794833258,-0.29268405081132443,0.11557827898894568,-0.29483274020885908,0.94853324492444147,1.2242707828940043,13.089451467649038,0.6122521124595881,0.5935689042551823,0.2767152257569088,0.9166666666666666,1,9
0.76802191302453426,0.63002979734494191,0.11491212108227007,-0.63525909527742463,0.7722056679184387,0.012012006574527992,-0.081167869144402827,-0.08222445434376506,0.99330303338227421,-20.869740939052104,-3.4913212478634179,-0.26979496857521401,,0.7115730163946765,0.3037974683544304,0,2
0.99898672877188777,-0.044886283142372085,0.0032767855142120674,0.044983969663864629,0.99358982816206043,-0.10370967093848533,0.0013993608983572049,0.10375198773301268,0.99460221537583837,-15.23613580709018,4.7790169162145526,0.46563253822479933,,0.0701986708414967,0.1666666666666667,0,2
-0.95996269370812926,0.26405242091898501,0.093530453305096878,-0.28002385567642457,-0.89544002627199693,-0.34608351535737186,-0.0076332785055190956,-0.35841802180809818,0.93352999668057191,-15.782159787849141,8.3746977854491984,0.98009571686774022,,0.3312849048093535,0.2372881355932203,0,4
-0.52720800810015644,-0.84918768042966331,-0.030528668519141169,0.84117095863302171,-0.51646856642733319,-0.16028611369952592,0.12034589543256968,-0.11018395209367809,0.9865983793588704,-5.9805597710036409,17.105266916088315,1.6972851791995633,,0.08888288023603425,0.5555555555555556,0,1
-0.9944312554450192,-0.10536775949562753,-0.0020281649131879392,0.10237712965350954,-0.96128194272441192,-0.25584360440685155,0.025008029069720831,-0.25462651443016027,0.96671605791524728,-5.336061845869887,2.0545183529382349,-0.51834873729540543,,0.08155462658398147,0.3157894736842105,0,5
-0.9308830409235187,0.36400739625532025,0.030909215331409917,-0.36324950521752497,-0.91330520746664823,-0.18418304746508243,-0.038814444221250105,-0.18268063248665342,0.98240583540310378,-0.2335519283538533,7.1790797672878108,-0.18356762151479875,0.2729476795288562,0.2546911339527547,0.8655172413793103,1,5
-0.97399565691870638,0.22560133771629889,0.020892504017336798,-0.22564369382425731,-0.95757968805058991,-0.17923745275550035,-0.020429971630985751,-0.17929076232073912,0.98358397648884321,0.78929351066252484,4.4386145361060541,-0.67121367745866589,0.2084843875502897,0.1871110316081631,0.7296137339055794,1,5
-0.86794198536571943,0.49252168065226609,0.064024246398369122,-0.49242276544204794,-0.83653407525964829,-0.24027184813017466,-0.064780630699444119,-0.24006902136042255,0.96859193413388989,7.524965897212315,7.6255632397984892,-0.65869062842171255,,0.1086907398964419,0.2608695652173913,0,5
-0.99550785414156828,-0.094327967973853524,0.0081453545273761675,0.091869229624093496,-0.98318637946851062,-0.15781187495204735,0.022894475113628885,-0.15635465354612477,0.98743560059567714,-12.798337214374572,14.656338997853503,1.7906219869121163,,0.07805670148290372,0.32,0,2
0.40371716343368491,-0.89445031543210918,-0.19227866541158459,0.90329322105533449,0.42304794477368945,-0.071356802186173365,0.1451682084498481,-0.14487604924955061,0.97874262276111379,-1.2804473259505407,18.017262986499919,1.5457736380606446,,0.2458263166442828,0.1785714285714286,0,5
-0.30899664026401696,-0.90541056026923483,-0.29112333066674811,0.94250505546930829,-0.25054531794303803,-0.22115891135475249,0.12730002639570384,-0.34272257149153912,0.93077169180733077,5.5795785811751797,5.5390789462760281,-0.82181084041250962,,0.4882952199126027,0.3555555555555556,0,2
-0.99885787601807907,0.045423689404202161,0.014819985072915279,-0.047550135061219391,-0.97542229917182643,-0.21515186016859675,0.0046827526424804899,-0.21561082236116577,0.9764681485375909,5.6278922261220501,4.6201668127648645,-0.92549209690106304,,0.07921944523132045,0.25,0,5
0.48479614321700687,-0.87380659025194873,-0.037877993006202544,0.86740246252398423,0.48589541581087387,-0.10732480096094418,0.1121858615389819,0.019175185168352329,0.99350221174616182,-4.9918948591138586,11.076617191399079,0.75429149327920408,,0.07750625798822193,0.22,0,4
-0.85849513489130502,-0.50868755210674843,-0.064985211391552236,0.50515360057927738,-0.81700886167073383,-0.27805819493998762,0.088351248942799249,-0.27153912109148542,0.95836348142399064,-4.0179704326382524,12.430191971226998,0.89751595623550595,,0.152371833855335,0.1818181818181818,0,5
-0.86435514897538024,0.50234975377692148,0.023127933760159029,-0.49903901731612699,-0.85116764816563673,-0.16270738739323859,-0.062050267009114396,-0.15217870940589989,0.98640326680706625,-5.7891303247951553,9.0592413149663464,0.49936263554605437,,0.06705686852195709,0.1607142857142857,0,5
0.35061434765963095,-0.93080858572550407,-0.10327127361904349,0.92261574086894138,0.36223344252612044,-0.13254104200786995,0.16077864881901302,-0.04880891163879586,0.98578289507810479,-0.38930209293532853,25.606195129224538,2.634887440957026,,0.2926001744087464,0.7307692307692307,0,2
-0.96182205989499525,-0.27353375839401295,-0.0088095469914467109,0.26869509533924824,-0.93771580449171443,-0.22020902739690371,0.051973751451873218,-0.21416898240712565,0.97541292596249507,7.7088566115283328,5.9788463844616198,-0.91877591790006352,,0.09348427597888186,0.1304347826086956,0,5
-0.22061337591849139,0.97170801496489145,0.084340215904610827,-0.96737921894820589,-0.20694833443976043,-0.1461158226194828,-0.12452784874479084,-0.11382407709091708,0.98566571126391278,4.8769834611595639,7.5278591850612671,-0.49475733035513425,0.213581417872994,0.08960993916191266,0.16,1,5
0.31675292341502598,0.94748092212219404,0.044130349222622885,-0.93953469390691946,0.31980118352425746,-0.12248168010651603,-0.13016199312113103,-0.0026655639103594819,0.99148915794161552,-0.37027676238590329,15.846003099907007,1.140898330402653,,0.215896962924951,0.6470588235294118,0,5
0.95202416742167983,0.28493516257462437,0.11163304964762802,-0.3016386314967085,0.93524847356755691,0.18526853126839474,-0.051615120205713468,-0.21005295955574563,0.97632660188485199,-20.214426796468974,-39.028714264646872,-5.3122074444003617,,0.4649629328197258,0.1176470588235294,0,1
0.95093098724804659,-0.30940152922590552,-0.00097529694345194543,0.30824995959211388,0.94765416971309147,-0.083267863169732795,0.026687448415259479,0.078881356086619864,0.99652672405662068,-6.5870153534773186,14.979505953852865,1.418284020558124,0.3237680331002718,0.1047378259017807,0.2666666666666667,1,4
-0.57202457308093013,0.81631620560668083,0.080098316183875404,-0.81362121640944618,-0.55232193921822303,-0.18155162259433608,-0.10396347435515207,-0.16902167885254823,0.98011390566498591,3.4167543488719399,7.3221370327482385,-0.42544348722988479,0.1126459848622058,0.09548578883891687,0.4067796610169492,1,5
-0.62900143440379186,0.77096724972342257,0.099833337978224287,-0.76243896286220281,-0.5867090162599139,-0.2728724210119689,-0.15180258043782205,-0.24775397089295287,0.9568562830849745,4.4969415471011489,15.405484935101715,0.61056388566663256,,0.2234604116373783,0.4210526315789473,0,2
-0.16205253571731687,-0.97124160747488553,-0.17443828586978549,0.9804197445550028,-0.13843036041569926,-0.1400505615907478,0.11187537778390712,-0.19371828830748256,0.97465743962734319,11.741480079186637,6.7593517238969527,-1.0886736507317256,0.6528400892889377,0.3795839148364571,0.1515151515151515,1,6
-0.64891661539746082,0.75548163508753641,0.090303517686565485,-0.75463018017849137,-0.62389834477749961,-0.20318500571566706,-0.097162325131108646,-0.19999588603108875,0.97496724465274109,4.087183867730082,-11.517133470914036,-2.9183373177564578,,0.1376358915499289,0.2631578947368421,0,4
0.19597961306008091,-0.95694324207773185,-0.21412992015732221,0.9722957317432519,0.218000677211419,-0.084360623333506982,0.12740879600198782,-0.19166464508907968,0.97315551815945711,-7.3226616633336032,4.9763084666224087,0.029182255732042646,0.468234597657778,0.2831813756372881,0.2830769230769231,1,5
0.20775247177826059,0.97525511855577396,0.075606641247892264,-0.96964166643782401,0.21551370570360248,-0.11553735915963521,-0.12897266833598711,-0.049308177665226043,0.99042150342045354,-3.7596633295721009,15.351456019828095,1.3483013963176351,0.163223103913137,0.1353489237579383,0.6153846153846154,1,5
-0.85574097722001552,0.50950503274783066,0.090066650382735147,-0.51326447927726937,-0.81395668149913436,-0.27209207073186059,-0.065321927549387829,-0.27906834691084231,0.95804692136329284,-1.2060847266795658,8.6355886393067998,0.13650165244103513,0.379699776740353,0.3090124296405486,0.6242424242424243,1,5
-0.79385102735136992,0.60061631696148654,0.095187111379597802,-0.60370186726012875,-0.75956122078747124,-0.24209669006923437,-0.073106783815229823,-0.24965334300878922,0.96557164751494617,-3.2884687723743085,9.3420921973534998,0.38824270306902736,0.4016397775608164,0.3437768132747892,0.71280276816609,1,5
0.50183628976506078,0.83499305836956372,0.22571426793510471,-0.85823250363650438,0.51316855509721448,0.0097469872912159094,-0.10769079801290149,-0.19860671321503659,0.97414478671769567,-11.203638314084943,16.836450095117826,2.0634560069753021,,0.3400862935252587,0.125,0,2
0.06822099072680346,-0.99195417814915532,-0.1066433536451655,0.98865479336086537,0.081554842875944944,-0.1261368588798116,0.1338192661347348,-0.09682828128142304,0.98626400520106561,11.533412967581695,19.715557381333802,0.89681005253132284,,0.1440499895369555,0.2,0,1
0.8511474170483232,-0.50756097334997086,-0.13390269894217527,0.51954896407889739,0.85097836753036649,0.076841993206177503,0.074946303287843102,-0.13497287256105844,0.98801081739832386,5.826661499468841,10.634743661433943,-0.11335104492198728,,0.6027946961776587,0.2678571428571428,0,4
-0.34694111106752995,-0.93671421608421568,-0.046886488852994228,0.92879514471832247,-0.33620436262115805,-0.15590447620954367,0.13027449711627795,-0.097637615396091129,0.98665873100118373,-12.668766002842725,-29.842220383473201,-4.4961642753352429,,0.6363473748148676,0.5757575757575758,0,1
-0.2184068317133312,0.96280544957556879,0.15907269447812197,-0.96715470281231453,-0.19184191391600477,-0.16675869060731696,-0.13003936592035228,-0.19026914182974997,0.97308140305855284,-8.5716492853408059,8.7471393721089132,0.58687546028849469,,0.09742910017483297,0.2328767123287671,0,5
0.5436982842083955,-0.82196703768949542,-0.1695947071721349,0.83307456557537451,0.55307338287912,-0.0098285981730600706,0.10187710213903702,-0.13594124503844265,0.98546488215316452,11.216270437617395,-27.158143105976887,-5.8524797934549371,,0.4218694900699939,0.3333333333333333,0,2
0.44343202853245312,0.88799184857349989,0.12181343496762929,-0.8874477325732778,0.45403712381472461,-0.079289420155537887,-0.12571618043093136,-0.072943588238252838,0.98938095540230953,11.134019451778487,15.297054525653706,0.27060152888913225,,0.3566988837311638,0.2222222222222222,0,1
0.97854089102531161,0.2005809915318584,0.047169804191719671,-0.20230414195506319,0.97869362189422704,0.035097416021487748,-0.039124912002639456,-0.04388690350954691,0.99827009419351498,2.7826112413741124,-31.571065176670825,-5.8044482391454402,,0.3990177194404679,0.2727272727272727,0,7
0.60540984503111128,0.79404468766403746,0.054515626493033952,-0.78732947893982297,0.60750636888187926,-0.10511090980627162,-0.11658134984530757,0.020713419816055581,0.99296512683365212,3.7083672956320672,12.476960088995837,0.25219435556440262,0.9137414030775773,0.9381307534453726,0.9017857142857143,1,5
0.50189399963880443,-0.86215097965241205,-0.069268329061343642,0.85778049375790932,0.50642230965589097,-0.088028795352606673,0.11097313934012144,-0.015235897321119121,0.99370661151962703,-14.130099080805406,13.458906963610133,1.7087257436805889,,0.328138187994663,0.8243243243243243,1,4
0.74965799357568552,0.64138827765286865,0.16319917266201051,-0.65415662704469635,0.75552026363782965,0.035612336712594707,-0.10045894664779263,-0.13345489321157122,0.98595019727991562,2.7160839107617734,-25.795781353341706,-4.8768931014099914,,0.3114321919344101,0.125,0,2
-0.6831484418572098,-0.72500299169663429,-0.087629152791724146,0.72228832117858355,-0.65308804235334417,-0.22754250157739586,0.10773944253191892,-0.21873881906512591,0.96981727225127534,-2.6448272271053406,13.137041824483081,0.91473367212861212,0.1282994165201782,0.2804113650860433,0.1666666666666667,1,5
0.95050130044774184,-0.31071657098674127,0.0015780878911523127,0.31066396186326173,0.95021890364492567,-0.023915224340514827,0.0059313275556773445,0.023221706872592746,0.99971274458383796,-14.384614661670847,15.209811598494472,1.9439316186229501,,0.1395861221642198,0.2666666666666667,0,2
-0.99233730071487136,-0.12353739526238572,0.0022789431118168885,0.1211179748951641,-0.97621957800889536,-0.17979369196228137,0.024435993272552147,-0.17813996599280688,0.98370170008436209,-9.4911018204254756,7.7796722190320997,0.52079779426910611,0.2107312687945257,0.1537123054100351,0.5483870967741935,1,5
-0.7430433970581124,0.65886131904477718,0.11742347446280851,-0.6637631443241222,-0.7031189197792439,-0.25503386615393914,-0.085469282934257887,-0.26744260489878385,0.95977573149129891,8.6443509727017389,15.520409710977315,0.44637825457281999,,0.216588533969588,0.2916666666666667,0,5
-0.73158302992772961,-0.68116086168998047,-0.028392795274962839,0.67492327821083931,-0.71774648602404234,-0.17122660520279354,0.096254032907180292,-0.14442943710304598,0.98482247072617146,15.770658801301284,7.5752622776039695,-1.291710885368142,,0.09527637896444772,0.4,0,4
0.96941333586665612,-0.22546039258343875,-0.09698141894200718,0.23239404721757703,0.97029312795852651,0.067262565029111571,0.078935360021463799,-0.087743131996655219,0.99301075106249548,-13.297697344995107,17.055663406262095,2.1917410061211369,,0.388541732798096,0.7368421052631579,0,3
-0.54237294327631436,0.80593083312290592,0.23729113473454205,-0.83250899600475203,-0.47758900598796317,-0.28078018614316314,-0.11296177217513824,-0.34983458031082065,0.92997602358652465,-6.217691591935198,7.8664371260416495,0.35157945148907438,,0.1180549757541834,0.4520547945205479,0,4
-0.30381825908207333,0.94028870146772314,0.15346538157017772,-0.94213516474033032,-0.27256072483930832,-0.19517167477577455,-0.14168908499968519,-0.20388185100006556,0.96868797557559161,-6.8124621264788141,23.752811219858337,2.7375453135336385,0.3127599577045333,0.2611471992770779,0.7,1,5
-0.62878361371437341,0.76045413523965533,0.16229810633893285,-0.76948265920025471,-0.57848683389212308,-0.27064630092350073,-0.11192678104189578,-0.29506353758195392,0.94889931208491463,-8.2605235558693444,15.124020438961175,1.5212015037926436,0.620987212951145,0.6132994171470019,0.1785714285714286,1,4
0.51236561451196527,0.85241016231716038,0.10429953137099397,-0.85171304627289601,0.51993029848749972,-0.065248536560172307,-0.10984700211804087,-0.055402165058165607,0.99240326290905934,-9.0025972254677438,-34.373593631377048,-5.3326633876390339,0.4883714474924862,0.3283914468169599,0.5,1,3
0.95956094557487392,0.27526326084330621,0.058931561640296982,-0.27731113886669911,0.96031758059171135,0.029810680417207466,-0.048387229595303075,-0.04494754316302986,0.9978168140373761,0.59709696580781935,-29.996502855187043,-5.4025809827162892,,0.1102154955617413,0.1,0,1
-0.99667392778702402,-0.081444896866094144,0.0027947171691682922,0.074522884608419063,-0.92477101288562791,-0.37315534753789703,0.032976072222516174,-0.37170593552021708,0.92776466636740063,29.686931719368854,6.6744171855007766,-2.3766434115117541,0.4675233165593659,0.281763177936359,0.5,1,4
0.98880711465961624,-0.14919699820041391,0.00086355457786284275,0.14909238902465083,0.98786143862228037,-0.043603183576886952,0.0056523918340367057,0.043243887557702025,0.99904855570460138,-5.5579782865138885,4.9895911035576086,-0.10875412650779356,,0.1347586766942683,0.2991452991452991,0,5
-0.9260025838029341,-0.37747051414408911,-0.0059351278071269227,0.37055156998265826,-0.90579837521510931,-0.20547709712047166,0.072185516370509781,-0.1924715937728618,0.97864392749194418,-20.491604258712325,14.07821158662103,2.0826961739790741,,0.1337801944087136,0.2608695652173913,0,2
-0.87854564226418042,0.45622314382073176,0.14148497270362537,-0.47657535677421203,-0.81728213276340655,-0.32392259072381696,-0.03214784244938465,-0.35200903185575305,0.93544436377468421,-9.7771588261872484,14.162082906765409,1.4918637184777004,,0.3626999747202945,0.4477611940298508,0,5
0.97804291552456235,-0.20737332581635509,-0.020696838697703664,0.20808317008328453,0.97721651667731146,0.041824321406978865,0.011552043988224793,-0.045212645055638469,0.99891059009641492,-1.5145169546234629,15.5208153184844,1.2025214336209828,,0.2374729876081826,0.1428571428571428,0,5
0.062038122119906176,0.99057961411112039,0.12207907073409489,-0.98889802676520655,0.077553748088378727,-0.12675215507961354,-0.13502579036509182,-0.11286028648248606,0.98439351464308933,-5.87171933799209,10.675244913999411,0.76552723560938041,0.4573170564977719,0.3647585291563101,0.9004329004329005,1,7
-0.61569749276778696,-0.7840253278107584,-0.078872572867208737,0.76859183742598969,-0.57546173584402072,-0.27948233937321931,0.17373308505175797,-0.23269739132749021,0.95690581523354701,-4.832557056554176,-36.30130223101839,-5.9876848050396596,,0.4449382956280806,0.34375,0,5
-0.48228928858637471,0.8718487325787222,0.085304335269226289,-0.86696211883785168,-0.46107739252762281,-0.18916744593114268,-0.12559349750298371,-0.16518906017289514,0.97823251212795215,-10.673348150075487,8.406431750369622,0.65166340010363644,0.5437908042081619,0.5155589290167967,0.9487179487179487,1,5
-0.92029068169886052,0.38155254227339602,0.086502708992000854,-0.38944018634667354,-0.87224006509497076,-0.29586079514087316,-0.037435310022954429,-0.30596556395749791,0.95130629727530736,-4.083227358090336,14.165230388659531,1.1398154715067548,0.5835323775982887,0.35909295364834,0.1818181818181818,1,2
-0.77388240619903548,-0.63218717006158442,-0.038018461109262658,0.62633891377509054,-0.7550660738923809,-0.19384217587456462,0.093838086439519783,-0.1738234911232408,0.98029577550201541,-4.5575169430804108,-30.304048879083059,-4.9842145321270568,,0.2147373304109325,0.2307692307692308,0,1
0.68503843789741792,0.72739775993218514,0.040185040110782146,-0.72070801763117498,0.68472276970037449,-0.10832673712427196,-0.10631223789013347,0.045246298185464461,0.99330281413842003,6.306113195719413,11.962291872760192,0.071025213107850552,0.1695554823107472,0.09799178705732561,0.3181818181818182,1,5
-0.43127656470504644,0.90090773185840545,0.048639319628868458,-0.89493796289112804,-0.42033803002850828,-0.14967292035646565,-0.11439653540424161,-0.10807959654577841,0.98753847190780863,2.3461886535795338,16.759311839090866,1.0859968253197894,,0.09389957397081199,0.3636363636363636,0,3
-0.8430311138456148,0.53380253138710054,0.065980289275995627,-0.53412025191811996,-0.81638950228045304,-0.21959903701336456,-0.063356906325553269,-0.22037022950252644,0.97335649397836621,3.3234859692465659,10.355435431518641,0.021256414955476078,,0.4564407699348678,0.6486486486486487,0,1
-0.99919940044292277,0.033286596287357854,0.02219370771426233,-0.037609646595610058,-0.97068373611042869,-0.23739966076987726,0.013640844455420395,-0.23804429621039427,0.97115850426397476,9.8399975468171057,6.9411634188535061,-0.91479368620674795,0.1746319612112441,0.1302006471776025,0.2222222222222222,1,5
-0.7411896436901162,-0.66499872512723435,-0.091731170632848844,0.66825798794665903,-0.71792950643670495,-0.19495765010133423,0.063790074713886369,-0.20580067873236932,0.97651262511106041,1.0472875777099382,18.5816614809026,1.4745942136114747,,0.3201626790327184,0.8269230769230769,0,7
-0.95390582150545355,0.29814857867859368,0.034221465923316013,-0.29864104472602432,-0.93180335514654056,-0.20629113830361182,-0.029617732913832198,-0.20700225208819703,0.97789204799275276,3.3670024139989558,9.0750933612315325,-0.18406072451067895,0.6577471931352575,0.3512306171443526,0.2,1,3
-0.86677783940930964,0.49718275408500412,0.038800594703943515,-0.49475671796522036,-0.84756875382652175,-0.19194529836711519,-0.062545720374880806,-0.18557078589424514,0.98063832083259916,7.7557789717615986,4.5590543886301278,-1.0812059791942459,,0.09152547426559886,0.2407407407407407,0,5
-0.074585324821109009,-0.98137104810630904,-0.17705336839511207,0.98735193207663707,-0.047765294994708406,-0.15117750764780466,0.13990422275922623,-0.18608960887914755,0.97252119047419427,17.336805692292025,9.6687443952877086,-1.0500625207620937,,0.77045947096803,0.4285714285714285,1,5
-0.95450886935852963,0.26877615245193726,0.12912086659030991,-0.29454929642425515,-0.91728499734405355,-0.26800922675067396,0.046406144979689375,-0.29384964441130568,0.95472449229475165,28.221613165139555,7.2351530266730801,-2.2123371246709693,,0.6677767869595691,0.4,0,3
0.54344632124787062,0.83400647167732966,0.095390256957862699,-0.83097898986174146,0.55057860089197908,-0.0796060465554633,-0.11891179222648968,-0.03600568621984343,0.99225177058512815,-0.24040543813460363,13.628141642556898,0.79878377149815705,0.2305402681430746,0.1886604747371252,0.819672131147541,1,5
-0.83202986686588232,0.55124480056064606,0.06209243511083086,-0.54966640085791574,-0.80416246668141866,-0.22625113248061121,-0.074787354619913329,-0.2223778249639724,0.97208793560729145,14.552964043262103,-29.329121218244321,-6.5243191855557958,,0.2178582386561885,0.6,0,4
0.80001403254369607,0.59877261439224783,0.038064471453665476,-0.59430357843293047,0.79955431806120203,-0.086695727296681679,-0.082345639805567028,0.04673594680285538,0.99550738163082098,-8.303253791143538,11.156039222154213,0.88652151966130566,,0.09295238830170864,0.1707317073170732,0,5
-0.52576966116210078,0.84013260561246939,0.13320461098735706,-0.84353602875809219,-0.49477663705968328,-0.20890918507078249,-0.10960488852472623,-0.22220100001285745,0.96882066658632393,0.95898321938113118,10.236447055046213,0.1884743430196949,,0.1229414431491224,0.3157894736842105,1,5
0.57824063681214743,-0.80383378319388876,-0.1396030620555391,0.8081359792128322,0.58781361782381913,-0.037301337812340164,0.11204465645803624,-0.091249107924810224,0.98950472220304586,-4.6409511038823528,18.774485158544874,1.8579566018524847,,0.2783713478285572,0.3793103448275862,0,4
-0.87046472582782164,0.4902742535962174,0.043844239646345526,-0.48844322988888034,-0.84930487589291281,-0.2002609271931039,-0.06094565009262691,-0.19573549510805374,0.97876107589625327,3.0032523407136842,5.7852697679706857,-0.61458222637877447,,0.07483348445768505,0.4117647058823529,0,5
-0.90568632721979214,0.396028843339092,0.15130575643584829,-0.42130095287148028,-0.80093456385122319,-0.42545191448392128,-0.047305219550344106,-0.44907124119893482,0.89224281254115001,-25.208129030732689,-9.3113586102640724,-0.84756435709340261,,0.213701913041487,0.3478260869565217,0,1
-0.58163473232322782,-0.80374682693240018,-0.12526801807079824,0.80514404813760809,-0.54687804358976833,-0.22949393714870414,0.11594869513656875,-0.2343404438749877,0.96521523841089518,-0.36866014574813155,3.1965829454240424,-0.80361578949371248,,0.09067363922161033,0.3,0,5
-0.81310066309379125,-0.57095300122677095,-0.11349000866410629,0.57450071385723778,-0.75560957547084018,-0.31464757941910254,0.093894842531208139,-0.32104024645972179,0.94239955363907069,-14.19799059860436,6.7605810072688071,0.64012241285589011,,0.3981969266643204,0.2666666666666667,0,4
-0.46363293277760126,0.87699698916485691,0.12617759167068882,-0.88151234949048884,-0.44221080417123693,-0.16548589779792627,-0.089333539836939355,-0.18795181741606742,0.97810716845865031,0.66600684773844476,15.674441847622459,1.019947226847211,,0.1379360094453682,0.696969696969697,0,5
-0.98688051409807398,0.15939591377360557,0.025686447122917754,-0.16060153009332256,-0.95286512085005648,-0.25740087412262408,-0.016552927994912894,-0.25814918969403067,0.96596324797329125,-7.3201468446375966,25.843723633358913,3.0271651792226852,,0.2411658061960904,0.696969696969697,0,3
-0.82232173406695286,0.55471704565074709,0.12679102864803732,-0.56526094620712086,-0.77076851782267786,-0.29393188773330448,-0.065322495161705282,-0.31337659644258742,0.94737958624191887,-11.092054759405135,20.29720727512872,2.5156343221392019,0.2255878343393571,0.1475501747650919,0.2,1,4
-0.35168206417480669,-0.89900732806015404,-0.2609704002983686,0.92482631960554273,-0.29049314458422532,-0.24558096732938567,0.14496897703514178,-0.3277187163463694,0.93358686722429518,-2.9937937094729548,5.9888243615824415,-0.16511825869534816,0.5936119708827439,0.4576950441719569,0.4427083333333333,1,3
-0.97129205407363517,-0.23764884812844847,-0.010713107702263235,0.23403988076415883,-0.94653241975652036,-0.22203988957339416,0.042627220239149576,-0.21817287487927639,0.97497872631232052,-2.1210353344786506,23.327903617641098,2.3898966086242064,,0.1495357709615871,0.4210526315789473,0,1
-0.06538914591913482,0.99070533027173946,0.11927786117771753,-0.99001651544464964,-0.049452307879519083,-0.13199154666956667,-0.12486616332217967,-0.12671786699812307,0.98404828308403935,1.6963775465564386,6.0392658325710507,-0.52373504851632813,0.4973602881265191,0.4637718562266242,0.3535353535353535,1,5
0.98654462253922592,-0.16008981998069341,-0.033180676266271081,0.1631038185782934,0.97769993520651632,0.13228749397563941,0.011262863939384455,-0.13591941081289619,0.99065587448930015,-9.8867730700868517,-32.450169439557691,-4.9765967854039692,,0.2397053666346475,0.1666666666666667,0,1
-0.99743553007827801,0.062314993629855403,0.035202342342171192,-0.070654235780747379,-0.93578365563051746,-0.34542282614358849,0.011416755392969531,-0.34702419429154535,0.93778668484501349,8.6295124705737614,5.1948327845097868,-1.0441176544679556,0.1325997628131524,0.112630753281171,0.4210526315789473,1,5
-0.8485963229391229,-0.52206014991616423,-0.085659095043741862,0.52398025489181421,-0.80704695292399531,-0.27224971673007281,0.072999816285456182,-0.27591378299317942,0.95840628711245579,2.6806151732575207,14.423225114061887,0.63624940850786305,,0.1874936597746998,0.1904761904761905,0,5
0.80688515075433531,-0.56724573145893709,-0.16482910432860645,0.58644048841679752,0.80271970118840064,0.10829882210566409,0.070879524812341915,-0.18404717184901676,0.98035847091599959,-15.997659300904166,18.214374885886343,2.4539891433172416,,0.2651829292915407,0.4285714285714285,0,1
0.793332232693154,-0.58952312846764887,-0.15194225736051964,0.60406594719701501,0.79329473833153574,0.076077523438085978,0.07568553367102504,-0.15213789513863757,0.98545713293664661,-3.0043820878820719,-26.661987236838129,-4.5445356609986538,,0.2911529724314393,0.125,0,3
-0.72661072567219087,0.68275029074965154,0.076739128346608551,-0.67978344916143374,-0.69822675902677966,-0.22444120661131486,-0.099655986194085361,-0.21524737735968924,0.97146139962196054,-5.4174079266466464,16.185823956655735,1.528390566459245,,0.08472532593089066,0.2857142857142857,0,3
0.0021613818481906258,-0.98060951547963271,-0.19595996167407775,0.99358666840683574,0.024259749595878007,-0.11044001500248968,0.11305246920218576,-0.19446450241713781,0.97437297607586781,13.908973355298178,8.6878104331515296,-0.97283481846565556,,0.2200571940245328,0.125,0,4
-0.7205182531227956,0.67373126817592988,0.16413294976612094,-0.68437941452475581,-0.65277170448775346,-0.32482906088419117,-0.11170614974846887,-0.34637447957695472,0.93142173906677006,17.768964282371439,-30.632824751505879,-6.9206499954290477,,0.5759968689604181,0.3809523809523809,0,3
0.96132023285232715,-0.27170301104507899,-0.045176140802259415,0.27389801473031911,0.9603087660800772,0.052791583766263667,0.029039411762945225,-0.063123272877743969,0.9975831619397274,-3.440970305316204,-31.244685615673852,-5.253822319554927,,0.266041464859536,0.35,0,2
0.96608312705559796,-0.25750982209933887,-0.0192894567275721,0.25489438787760677,0.96290487081777254,-0.088561056813420788,0.041379253823361238,0.080640568436591925,0.99588395713318223,16.961510274751056,-26.528309802846366,-6.2939298630037772,,0.1438529294863664,0.4,0,4
-0.71661015157676011,-0.6817642613979199,-0.14719844611164018,0.68749844165375895,-0.65488512343378114,-0.31380147837251227,0.11754056057712889,-0.32607202729714485,0.93800919485554302,4.9169571842273774,19.713109465294881,1.2859947860098926,,0.349150070844767,0.25,0,3
0.55033028755104485,0.81284552069204752,0.19083693063675999,-0.8293978453457157,0.55850957541719504,0.012894506705959267,-0.096103011086384957,-0.16537597666583786,0.98153705870025687,1.313220060657166,-26.974689474628736,-4.9565418503723153,,0.575375694477763,0.3076923076923077,0,2
-0.91285969270487632,-0.39378500414608081,-0.10779866392692244,0.40306800327388181,-0.82721106857278681,-0.39148184219382948,0.064987430873704261,-0.4008181863892149,0.91384977719978455,-15.731072114114601,21.268100456258274,2.8482388936877725,,0.6929321476708954,0.2,0,1
0.99726520789265227,-0.073905883579371293,0.00015968462194150963,0.073899310381926805,0.99720104768723528,0.011356162052275715,-0.00099852486284357522,-0.011313304726485241,0.99993550396226316,-9.0573869866465468,21.369480999458592,2.5461540040934714,,0.2943969935881097,0.1052631578947368,0,1
0.889345754209805,-0.45616712956379624,-0.031235866796383148,0.454271716898418,0.88928260671783754,-0.053043874437050026,0.05197438499067026,0.032984773679025213,0.99810353571670452,-13.321648241361013,8.3585944506532854,0.82098497292660844,,0.07337077545586643,0.5,0,1
0.57897528042841884,0.81133235408947024,0.080792548297919153,-0.80611193533192294,0.58447183626928478,-0.092607884780032207,-0.12235674222638969,-0.011510161408431625,0.99241943945899003,-1.3803142903823291,21.894211095699884,2.1019952908293309,,0.1394039038204112,0.3,0,2
-0.98918800658711403,0.13784783478163304,0.050050595103624231,-0.14651855039102571,-0.91433669962337105,-0.37751915727967189,-0.0062771024783560931,-0.38077076327871706,0.92464816217662982,13.737045345208502,6.0376702442556782,-1.3881832439697601,0.5098201200695447,0.540569380150398,0.6438356164383562,1,3
-0.18900112162275737,0.97916168582007979,0.074303223667063739,-0.97439666085650134,-0.17762085498537339,-0.13784766659600842,-0.12177735149459872,-0.098454176631786197,0.98766241791753751,22.320802454115036,8.2132086357019318,-1.7190430026304782,,0.1460797602949757,0.3333333333333333,0,2
0.38086241765202006,0.9084002863770182,0.17248982152698258,-0.91974344114585449,0.39135544884629458,-0.030214485391920478,-0.094951678707864279,-0.14713882005938267,0.98454778773916896,13.737148862926569,10.692891112600613,-0.6395381805243231,,0.3239466959472849,0.3333333333333333,0,4
0.72145370417878285,0.68066361848911006,0.12728547125270848,-0.68502122963853984,0.72841536505181437,-0.012528802853222843,-0.10124459329374522,-0.078154298805267974,0.99178699220500011,-11.178754945936735,-32.38908977637778,-4.8982879722264387,,0.1220697020522998,0.2,0,1
0.62906198774764299,-0.77726808745317411,-0.011633391503261181,0.77176994009357602,0.62626304374999953,-0.11029850226065259,0.09301706907305482,0.060406293214117029,0.99383042044464875,1.5594281381299375,11.197506264982581,0.29295845544751647,,0.07198621060317746,0.2916666666666667,0,3
-0.93502233925825684,0.33939429156282802,0.10268758416957233,-0.35258682067822605,-0.85917273272582995,-0.37081632815242932,-0.03762657268523778,-0.38292783940971925,0.92301165259869089,19.804804354166421,7.7096448789696215,-1.5885259079815655,,0.4013434963752713,0.2916666666666667,0,1
-0.059320878999937252,-0.9982075632610079,-0.0079179519571633081,0.98898904133390708,-0.057692048210440404,-0.13628023956070817,0.13557916298648032,-0.015915031316506106,0.99063868405290945,11.332965576703209,9.4608152681831292,-0.63835353582602239,0.8396514898197212,0.9318503430036088,0.7777777777777778,1,3
-0.76043630765367254,-0.62137067928871303,-0.18877261698226661,0.64229838406358064,-0.67672144631308073,-0.35986229300837669,0.09586139906846422,-0.39490070020223672,0.9137089411560011,14.236029332520545,-24.880747125290348,-5.8518521773436651,,0.6232675157040305,0.1428571428571428,0,1
-0.61367777086384268,0.76703895437612646,0.18721868501077535,-0.7832228235409745,-0.56141943886688106,-0.2671520584740103,-0.099807826507189765,-0.31057922681978523,0.94529304537584302,8.4791956663835482,19.064718348876497,0.9422304942800277,,0.2376220425712813,0.3076923076923077,0,1
-0.75427376116346256,-0.65336363579324297,-0.064707438856431043,0.65087644329257721,-0.7311641577080914,-0.20434977379440064,0.086202951150926119,-0.19625222013025104,0.97675693870420965,5.9922495843111134,13.278999888193898,0.25722513918247247,,0.1562488063798542,0.2,0,2
0.54048943927758497,-0.81439113666106355,-0.21127764329739612,0.82766027568258749,0.55977417147363995,-0.040389912206176756,0.15116095423893205,-0.15303579149630298,0.97659122074421434,-12.69362447608211,-6.2340240758830898,-1.0491419535569932,,0.3231797239862975,0.1639344262295082,0,2
-0.96859344494796384,0.24126860634624084,0.060134831799705926,-0.24528464585822563,-0.88746671889585815,-0.39017722301337077,-0.040769852955843025,-0.39267325150048543,0.91877393119635042,10.30874606851747,-28.53671190565618,-5.9887592704058683,,0.4567713493457235,0.1333333333333333,0,2
0.67080823846323112,-0.73690690453687058,-0.083573448270035461,0.73639156692453356,0.67519780874126323,-0.042841326233287347,0.087998678241705292,-0.032804467940877692,0.99558028280537403,14.524096027257208,-27.761385866899513,-6.2935268534314552,,0.5962150135288213,0.5384615384615384,0,2
0.81607095796299223,-0.5749146312315806,-0.05917227699877653,0.57381103861147442,0.81820018262428484,-0.035907563565470264,0.069058551512360594,-0.0046505859246834423,0.99760176849962134,-12.150343405505836,-1.5522733558243438,-0.59318080094032455,1.382658588242063,0.936639707590758,0.4930747922437673,1,1
-0.93580082294954592,0.34075352883578042,0.090354038940801032,-0.35054604959415203,-0.87230580152477721,-0.34088129274008422,-0.037340151056030065,-0.35067024568984989,0.93575429034919932,5.4174078972776067,21.804601388001416,1.5715392036141294,,0.2419459604235792,0.2857142857142857,0,1
-0.63270540157550714,0.7592513467449914,0.15238525940225958,-0.76822319520438509,-0.5906027823716089,-0.24702525337479211,-0.097555098109439714,-0.27336010301584207,0.95695206615170991,-7.4494277426044855,-31.188972522336961,-4.9168700674473111,,0.3729130123957301,0.1111111111111111,0,1
0.98026907516675821,0.19296070573207211,0.042880138935051576,-0.19400387725950868,0.98076231808569969,0.021628014967700081,-0.037881867430026799,-0.029520187440906519,0.99884609557902748,-1.489529519915531,20.053779420067421,1.8602734778650847,,0.2680629656723184,0.3333333333333333,0,2
0.1763802116161593,0.96520334832041499,0.19306091614124796,-0.97089254640802924,0.20288314916124359,-0.12730314652729197,-0.16204222992655778,-0.1649876485603565,0.97289330943477692,-0.59827575560020885,-26.542603932851215,-4.7297783775865971,,0.8265953357829023,0.5975609756097561,0,2
-0.14313191377114168,0.98270498621032776,0.11749112876115693,-0.9850330876983644,-0.12992961272266998,-0.1132612549690518,-0.096036823144239974,-0.13194394952061009,0.98659400098787631,7.0300208820035985,-29.095524727194441,-5.8161433789880066,,0.1765957144689013,0.1875,0,2
0.56569381604303703,0.80397423751674268,0.18334648046810251,-0.81636525469353594,0.57738848743133275,-0.013050115360327781,-0.11635410357966103,-0.14229532666652014,0.9829617299717438,8.6962847902156835,7.9319752739977947,-0.68816639746541863,,0.3578490571724292,0.25,0,2
0.90501450249832704,-0.42532384196916467,0.0069555531983335039,0.42447662226508337,0.90190477506927724,-0.079921047651183061,0.027719080398376506,0.075282176906794257,0.99677692911806626,5.9602772680208824,-29.38570752536166,-5.8062331047572817,,0.1127174974326001,0.2222222222222222,0,2
0.88898433633689766,0.45410552504528884,0.05911870999089875,-0.45233262611593972,0.89089195509156716,-0.041312464271484314,-0.071428601405200298,0.0099848122900574078,0.99739573812245119,-1.3972356059686855,-30.901532623744714,-5.4131623775636832,,0.1042515446697413,0.25,0,1
-0.89061605419567924,0.4435657718281209,0.10026190737983431,-0.45181610833846902,-0.83805527137189617,-0.30581949965896366,-0.051626042408847009,-0.31766770088931179,0.94679563980665804,-15.067003574765728,-1.1023481060790641,-0.26644072997098306,,0.7190863435173713,0.25,0,1
-0.68140327298868142,0.68788444093713907,0.25000915078634978,-0.72619212995775562,-0.59280851778731602,-0.34817100916966554,-0.091293865882273312,-0.41879954292645138,0.90347793160478729,12.151628761117811,-27.127135099446082,-6.0039594419978668,,0.2996731189068815,0.3684210526315789,0,1
0.96742648227642059,0.23709688611336063,0.088719039589137419,-0.24923564779416743,0.95346078977900128,0.16968828546079909,-0.044357561462422951,-0.18627288839053285,0.98149621384483998,29.30075867879729,-21.735324844375882,-6.3499212131658638,,0.1539085923563255,0.1818181818181818,0,2
-0.95143168799932798,0.29192883572855227,0.097751204293974131,-0.30628083985813909,-0.86545101788797374,-0.3964676314309456,-0.031141454791697564,-0.40715118875774264,0.91282973181564064,25.105124736666074,-28.293085631023878,-6.9261800195773953,,0.5148461295346869,0.55,0,1
-0.8919123208805998,0.44915904196234774,0.052426776410983505,-0.44929276027100473,-0.86704226499891512,-0.21534559729331049,-0.051268191205102079,-0.2156243625590972,0.97512958464069777,2.2848506678081271,8.1812279703969946,-0.24481654724547719,,0.2005664691308094,0.6012658227848101,0,1
-0.28500447582574401,0.92184281782499267,0.26263714128769111,-0.95018487599721357,-0.23564282196796274,-0.20401265127715848,-0.12617904019865325,-0.30769835826577419,0.94308036250104077,19.564177132130844,6.1114497702444295,-1.8846188759239901,,0.3257238422188939,0.1923076923076923,0,1
