axis_00,axis_01,axis_02,axis_10,axis_11,axis_12,axis_20,axis_21,axis_22,location_x,location_y,location_z,dbh,dbh_approximation,score,reconstructed,number_clusters
-0.99914195252553895,-0.040315436652925932,0.0094881120850033376,0.03907921167995479,-0.99355209442627102,-0.10642861868709845,0.013717649868944387,-0.10596650993901062,0.9942750750438325,3.4633694468638998,14.442974341491688,-1.8952820339191583,,0.096674830546003,0.2105263157894737,0,6
0.2975130406615995,-0.94844642317181538,-0.10924913276031084,0.95293616194083797,0.28801970002838928,0.094643138478298472,-0.058298043721510526,-0.13226501717441111,0.98949851102975306,17.853451315453292,7.0489129501126584,-0.8358545466237276,0.1689923620108917,0.1385936225128039,0.5,1,5
0.99866219955694213,0.044347839135821229,0.026590982307439972,-0.050575254935650911,0.94480886797187758,0.32369483559348627,-0.010768229394156536,-0.32460664220820168,0.94578780551983854,-29.897157690567099,-7.1398106681619495,-2.7041207320572327,,0.5758966183048675,0.2857142857142857,0,1
-0.391833010197492,-0.91503887400333384,-0.09576403908713306,0.9197877887833068,-0.39201871481652184,-0.017656467334000697,-0.021384941540396416,-0.095000980501847535,0.99524745565060357,-35.999965830757205,-6.1598472960455277,-3.1188632057139962,,0.2116288608962346,0.3157894736842105,0,3
0.56035229567797018,-0.81241048963619167,-0.1612281025674886,0.82450493644197265,0.52864378878984331,0.20181019388707511,-0.078720483428698848,-0.24601817189590572,0.96606321976656839,34.007582524301711,-7.9935324153846015,0.19116329943554744,,0.4974977060644641,0.3478260869565217,0,2
-0.99117826256483366,-0.13214458319638309,0.01017157563076398,0.13132864790671306,-0.98958945529116515,-0.058868465374344904,0.017844832808204109,-0.057013323954932117,0.99821392638735396,13.42845752497586,1.3716031708557064,-0.72137502092231764,,0.5203991267303311,0.3358778625954199,0,4
-0.32525010884822037,-0.9429553750398455,-0.071045952577790963,0.94425070913485654,-0.32791197920565035,0.029399527066847508,-0.051019260995647464,-0.057522991724162149,0.99703968849317159,14.71106507924045,1.9489641395207689,-0.70359991594308624,,0.09149552462281008,0.1538461538461539,0,4
-0.075125093052162001,-0.99544001909485491,-0.058782555051135353,0.99607673332390867,-0.077676738039019172,0.042396529320087917,-0.04676923908591514,-0.055366892201507395,0.99737011461306146,-3.1238870993095613,-25.239641849504689,0.2557846558715921,,0.2035870464720837,0.2916666666666667,0,6
-0.67574640398386121,-0.73397574700697765,-0.068164509155636446,0.73641456207413114,-0.67627919863497732,-0.018440126322723741,-0.032563634134496235,-0.062658186210434869,0.99750366487185016,4.3702357895659008,12.816879888553252,-1.7103257326819916,,0.1957624587919873,0.1944444444444444,0,5
-0.99989236242939672,-0.0080342434006666231,0.012276582926010344,0.0058701751470596137,-0.98592022960886161,-0.16711326066998072,0.013446360068925986,-0.16702320731260348,0.98586126996647372,6.1392831623425801,14.52737500153169,-1.7114460216431866,,0.2957154370462092,0.2380952380952381,0,1
0.19094186831986196,0.94077725076391361,0.28014169159126051,-0.98001957430745235,0.16651061914488707,0.10879268213545512,0.055703113887469007,-0.29531741932550937,0.95377396952640781,9.0122744024037686,6.9219401086816665,-1.1839355670370697,,0.2563541920536273,0.103448275862069,0,1
-0.053217924368817879,-0.97372631187801328,-0.22141572230154971,0.99711592046782116,-0.0638314198540747,0.041053513723225306,-0.054108166439872998,-0.21859235896036028,0.97431498342613032,16.382079275713881,3.0279555653160721,-0.69585255742643981,,0.2048243376511975,0.16,0,6
0.85161221074688453,-0.5211684415542015,-0.056036577650393736,0.51883249116136942,0.82288543382709256,0.2316730647064634,-0.074629006573123408,-0.22636920798368868,0.97117840433915437,19.216324631261223,3.3414701158766245,-0.61946423696328723,,0.3621190184982847,0.1176470588235294,0,5
0.90306150125102513,0.42769151462766442,0.03949548421958534,-0.42931157025320399,0.89601364189784449,0.11336282097623514,0.013095823951681256,-0.11932946764507091,0.99276834032243944,-14.405324036292479,17.520967718236868,-3.1251318017234526,,0.2680638350826905,0.3043478260869565,0,1
0.65507583208279596,-0.75085782495605435,-0.084191335203187889,0.75363813479135833,0.64138867286235401,0.14370153830794824,-0.05390005574426289,-0.15758520560678155,0.98603330925716381,18.885027665528799,0.54050227786705585,-0.46114574479604992,,0.1482888877838873,0.4583333333333333,0,1
0.68794503939548579,0.71954596206890975,0.094790459654284676,-0.72528763287726183,0.67688027495729397,0.12566201880057648,0.026257805819261754,-0.15519891057628252,0.98753421499687433,3.3514833329979727,-28.114408455373063,0.55609800746618421,,0.3998385525118092,0.9433962264150944,0,5
-0.20918511011265845,0.96955543000036937,0.12729437483233413,-0.97686762933150129,-0.21310159452234886,0.017814184693278608,0.044398473750893667,-0.1206232919830669,0.9917049949252853,-7.7825714893632423,18.765081088590595,-2.7440176110441716,,0.3985769769056414,0.6,0,3
-0.18768806792761339,-0.98222749310676849,0.0015300139848055162,0.98062204116592544,-0.18729177877201014,0.057464789079850032,-0.056156936679049987,0.012285820673057248,0.99834636127609333,-6.1213113560358234,-22.606607164546467,0.0093807121086082884,0.4379107485154229,0.3922536953005279,0.8468468468468469,1,5
0.0054056683341589798,-0.9983537611892771,-0.057101193236959946,0.99911354642822459,0.0030082094774543135,0.041988951158079046,-0.041748054966391702,-0.057277554023922185,0.99748502831449026,-10.142712616522299,17.861006117410927,-2.8878258579971003,,0.2262316250325347,0.4,0,6
-0.99719909338889012,-0.072548820035687828,0.018183422554791048,0.071128867730456014,-0.99505553423930904,-0.069319318772674707,0.023122550027191949,-0.067831795576659901,0.99742879203935519,5.7487065195077385,7.5669617946971428,-1.3677161934212736,,0.1532868432554534,0.34,0,5
0.94133291198795754,0.33621826151181849,0.029148403631092959,-0.33742016564957367,0.93603233156666865,0.099955520482257657,0.0063230231127953422,-0.10392668034645962,0.99456486188225979,1.5779827214782642,21.088393712093634,-2.1905724193178289,,0.09303606184129304,0.2272727272727273,0,3
-0.85332563743360468,-0.52036787648731664,-0.032444254015386614,0.52125460717154803,-0.85011423729356983,-0.074829259338905108,0.011357420524455524,-0.080765442305820001,0.99666842647300602,-4.2256088477720333,12.424629730148629,-2.2732479622282233,0.1951517398018615,0.2357715355705692,0.3414634146341464,1,3
-0.18145418021413884,0.97056726191352649,0.15834636271318833,-0.98151002502603701,-0.18871886457045448,0.031988449925382204,0.060929888037030352,-0.14961410447187196,0.98686532439177155,9.0706837049501683,15.434871766569774,-1.6155269170514839,,0.1263121670848532,0.2941176470588235,0,1
-0.98873144741915997,-0.14957873370380903,0.0060272139482381928,0.14958137945199659,-0.98874941758690993,-1.1949219358209708e-05,0.0059611916300925591,0.00088974440767823301,0.99998183610965552,8.7840192315459475,13.531115766466341,-1.5187440023669678,,0.09640055616553891,0.4285714285714285,0,4
-0.74130841787953239,-0.66974331103146045,-0.04365463216614731,0.67095709753272048,-0.74112703158565907,-0.023394365208257308,-0.016685408338203145,-0.046632825151885951,0.99877273529414157,-22.718770231698201,18.904188175765412,-4.0075202941304253,,0.1480055533718837,0.2380952380952381,1,4
-0.86079611106804466,-0.50539752905612179,-0.060028266625797848,0.50862275987523342,-0.85846684996898159,-0.065860121782727779,-0.018246734147020934,-0.087223879346779498,0.99602161199678163,-1.9382582170181624,8.8266926586749541,-1.879997289004802,0.5982253045833918,0.6256540912963722,0.6033057851239669,1,5
-0.82764180875246529,-0.56108468448351922,-0.013892920606497111,0.5609100585806478,-0.82774705302386764,0.014653408933018041,-0.019721627417712943,0.0043350949624659987,0.999796111396551,-2.58948192315406,15.175682508299877,-2.2617271061016866,0.2679039829372173,0.2589636958499927,0.5957446808510638,1,5
-0.31136789783723379,-0.94265528574983737,-0.12021249703884276,0.94885541898485881,-0.31534740038115072,0.015146317569548411,-0.052186454751106316,-0.10934820218340183,0.99263263326356943,18.002730273883017,-0.32710407501779748,-0.46094545992458485,,0.6220709995035248,0.3888888888888889,0,1
0.72050294308622764,0.69195927610983265,0.045473829942512686,-0.69281115544460137,0.71546952958055765,0.090089151029922349,0.029802884014818634,-0.096414275122162219,0.9948950073535735,-1.5072646569004133,-24.581867364018549,0.24424963235674987,,0.09482933689550657,0.4545454545454545,0,4
-0.99507942473855526,-0.098617598707472526,0.0095659650406294799,0.097254923260533435,-0.99063020946830627,-0.095881531018065916,0.018931940301362988,-0.09447940153256959,0.99534678596078963,20.932557527593037,-2.8722314721741333,-0.27252854801069593,,0.3466298073809221,0.7333333333333333,0,5
-0.31335571985527777,0.93023025027244888,0.19099705315014126,-0.94911245061984528,-0.30010667374183642,-0.095506756064703588,-0.031523783281397322,-0.21120526947419699,0.97693325526054209,6.0413755162490528,19.801175093348423,-1.8996056005923272,,0.2376666768002836,0.1818181818181818,0,2
-0.60902529754197854,-0.79200237200411638,-0.04266649380671584,0.79211329271838693,-0.61009853332773567,0.018338787587558716,-0.040555128562740378,-0.022627911330914258,0.99892104751880217,11.938407008081549,13.699269360956411,-1.3697297872205159,0.3054534066349523,0.2476472374408364,0.5,1,5
0.45655793253911586,0.86432297212975184,0.21095178142030888,-0.88802969120682218,0.42821433669080172,0.16743879295902267,0.054388618025520037,-0.26377695445442212,0.96304911428650686,11.096020997715103,10.859912944069603,-1.248656734646806,,0.2946595572442486,0.2272727272727273,0,2
0.95826358716308102,0.2837783121542557,0.034652086058802885,-0.28585574638429473,0.94932904293077713,0.13061722898305883,0.0041701050853200942,-0.1350712323147194,0.99082711530547085,13.899649084591768,4.5443047635286042,-0.85260413129498036,0.2476160501070128,0.2276106106537667,0.1851851851851852,1,5
-0.84417921777820748,-0.52945653148084371,-0.083888196688494898,0.53358963803493165,-0.84494404683085333,-0.036764873273967234,-0.051415430107352007,-0.07579801446854971,0.99579672350811699,14.719250755536894,0.93354519737935659,-0.64982196725961827,,0.2197264384052329,0.375,0,5
0.94913225418441116,0.28884472933359973,0.12536620917543323,-0.30842431651079905,0.93301085486823432,0.18537849304300041,-0.063422433347084722,-0.21461469435769492,0.97463743408207348,-9.4549200501169786,22.080609132736665,-2.9656206176869238,,0.200081611855422,0.1818181818181818,0,2
-0.79388160221328974,-0.60292679904439561,-0.07893843589367644,0.60734253619057876,-0.79257736423868097,-0.054370630215785386,-0.029783307419704176,-0.091106512887636784,0.99539567906868043,20.304383416804789,-1.1064458339533649,-0.36376051608501664,,0.2165182495668369,0.2608695652173913,0,4
0.19988477945097097,0.97399696834842953,0.10665824202519784,-0.9789872617370724,0.19404287068245113,0.06270012515029974,0.040373460346946027,-0.11694986098915426,0.99231684139403364,-3.3935793908020071,16.136095800141227,-2.3232812904495672,,0.1906321743569998,0.1458333333333333,0,4
-0.30431332513490972,-0.90867534335052291,-0.28583652763799244,0.95112861253307435,-0.30636248352481721,-0.038683214827827543,-0.052419104973707192,-0.28363911767475969,0.95749730462202354,6.4666992917537423,-34.950000296815389,1.0299585364137545,,0.4458487378366192,0.1612903225806452,0,1
0.78413023835621765,-0.61992462826660955,-0.028865629456625078,0.61727124263761435,0.77427648377391534,0.13954260885950739,-0.06415592184698661,-0.12723750211006191,0.98979524940704555,4.6750412809085837,18.692665013601257,-1.9352804474667891,0.4077328923450626,0.3069772291519704,0.5217391304347826,1,5
-0.30046673879075464,0.93464763266674422,0.19014084682387386,-0.95198214542471349,-0.30615303785778264,0.0005587512967033776,0.058734433452693566,-0.18084280511234763,0.98175666341822665,5.9138448422985865,12.844556775567467,-1.5861686721092956,0.1573406059929565,0.2254547494345231,0.25,1,5
-0.94944805679684441,-0.30413700424449308,-0.07777576803787839,0.31387450387786214,-0.9241088300263296,-0.21795794567483576,-0.0055841973570544606,-0.23135157859101371,0.97285418425544323,10.233017459499141,7.477409244458971,-1.146828220263465,,0.2924479354818116,0.375,0,1
0.93569476486150049,0.34636911370439449,0.067109940265310267,-0.35271790515896928,0.91401032962377038,0.20043751325865916,0.0080861851975868263,-0.21121920938370864,0.97740526865587918,-19.083336321818045,21.232578070536658,-3.7776941398930526,,0.8889377332280828,0.5681818181818182,0,1
0.21451817055458577,0.97396432909341935,0.073317393267341643,-0.97517070532105909,0.20934731687172037,0.072220470797681457,0.054991362826728028,-0.086989577376924587,0.99469028518541491,-3.994036544032221,-22.012612797790471,0.030265315548189488,,0.1235678188443704,0.4468085106382979,0,5
-0.24985224705938636,-0.9431119035756228,-0.21934856273370193,0.96726406905075324,-0.25349529373285679,-0.011847226623659115,-0.044430567886928757,-0.2151280395235779,0.97557462618089197,6.6856897300112204,19.171099101661873,-1.8499263711810225,,0.582859685826407,0.4193548387096774,0,4
0.9901614929731174,0.12607761952815383,0.060701331841757439,-0.13938973937611904,0.92676394418730801,0.34882530342714996,-0.012276741827808758,-0.35385452605343298,0.93521989713734988,1.1098177310232131,6.0239976530644226,-1.5301657878499164,,0.3854659369114958,0.3282442748091603,0,2
-0.91038109642792475,-0.41216915822842093,-0.03637092619063171,0.41373588342850226,-0.90792232284410734,-0.067079612737382929,-0.0053738282747343236,-0.076115968670413106,0.99708449054382464,12.793163702003536,10.16618708605662,-1.1244608446295781,0.287416570633636,0.4381692751179049,0.5603448275862069,1,5
-0.84565409924877188,-0.53243726729251217,-0.037144324220947288,0.53336590550364649,-0.84560100983559949,-0.021903036576924641,-0.019747285130468247,-0.038333908789698654,0.9990698454897331,-4.5822355465754727,20.486890230937728,-2.5798281928976055,,0.2826729142917171,0.8,0,3
0.70022370290035185,-0.71160067301583996,-0.057543444977887853,0.70889423377788285,0.68347838387259774,0.17414437715691555,-0.084591555210836805,-0.16273223694863034,0.98303737866100827,-2.7184702439765265,-23.590826965794012,0.1634543369695175,,0.146762352315904,0.25,0,5
-0.75213014823977298,-0.65105884357197485,-0.10209124504843194,0.65828215068538776,-0.74952621183338131,-0.069821686199352917,-0.031062037889308555,-0.11971983954810095,0.99232167658513803,-0.88955676328481914,10.105368202978266,-1.9040722110050745,0.3434999823448876,0.2731134162233309,0.6610169491525424,1,5
-0.80901285558396374,-0.58707503712831099,-0.029001728925567318,0.58715691096249278,-0.80944700483273135,0.0065044812478108486,-0.027293981183830227,-0.011766356620123873,0.99955819812706459,9.6661485106922651,8.6585861375716906,-1.2341585876879162,,0.09496415879960918,0.4583333333333333,0,5
-0.83185116624488697,0.54873598663119116,0.083141170264293157,-0.55343010205524679,-0.83139480748678363,-0.04997795737257095,0.04169843349745854,-0.087587048471270718,0.99528375330051011,-6.2707933790423569,23.289239030692055,-2.7323741616270709,,0.2472251940867403,0.2222222222222222,0,5
0.59126650968550687,-0.79302931964419376,-0.14665746728000228,0.8063147620156661,0.57765272874755047,0.12717637172890403,-0.016137505381491904,-0.19344721025431108,0.98097795987722702,4.5423440113371578,20.023783875907167,-2.0079218477063412,,0.2734642213457085,0.35,0,4
0.0064688845059201741,0.99657126753762759,0.082485527528743205,-0.99841066803713441,0.001818603495293734,0.056327885021268967,0.055984743304684864,-0.082718809226033321,0.9949991493048298,20.378595404705191,1.0593919864811738,-0.41752940056501436,,0.1303606311532771,0.2941176470588235,0,6
-0.89528844749329806,-0.42693526149261773,-0.12721980301537691,0.44459894036890263,-0.87431717985834623,-0.1946824368745117,-0.028113662299498986,-0.23085872627817064,0.97258103543783525,-0.042766330655864479,-23.845390089900004,0.24752846326126524,,0.4295136582057166,0.1666666666666667,0,4
0.094725957924375673,-0.9924924223787428,-0.077367851308442856,0.99476125560816431,0.091368708030832871,0.045845430891701185,-0.038432242143527723,-0.08130529326896449,0.99594799665959943,10.842986617643968,9.8186968918022455,-1.2116226389704792,0.1785602468355918,0.2158996358355013,0.417910447761194,1,5
-0.31307225214767365,-0.94616678683604616,-0.0821837965996738,0.94813210504654655,-0.3163898367633044,0.030708021311950318,-0.055057027845580239,-0.068307266679634854,0.99614398608010946,-7.5147003255722495,-23.414143740369941,0.02411720953084474,0.2802524079537689,0.2407872514293905,0.2592592592592592,1,5
0.99429807970649042,-0.10598525048879129,0.011766706030713663,0.10457582710030511,0.99071761304070849,0.086847611350038503,-0.020862048755387379,-0.08512190017703089,0.99615211540807302,-6.2571517248188,-26.300737194176353,0.24414627586737567,,0.3680603798918166,0.5,0,2
-0.92624978617978315,0.35189017587938837,0.13503569054690473,-0.37234971934771383,-0.90986437743162984,-0.18303688475996363,0.058455282939910702,-0.21981837684899469,0.97378789327855642,24.266213234213843,-4.3772128485418014,-0.10458698757891947,,0.5281847574953581,0.1818181818181818,0,5
0.023421418088847335,-0.98940815438456309,-0.14325830241922768,0.99932624590760954,0.01912008304670279,0.031328527965583317,-0.028257590394627694,-0.14389554010329397,0.98918935605043279,-0.43563287575740045,18.503523527087623,-2.2291592624482277,0.6872557117558487,0.4164668197132628,0.4545454545454545,1,4
0.5992242010176827,0.78513021076740286,0.15652766226789638,-0.80031346264266334,0.58240603348338038,0.14248359089756688,0.020705516840431454,-0.21065081130270649,0.97734206768658094,-0.42368875625304592,-25.099521463491204,0.29809703136233512,,0.3013570776980021,0.16,0,4
-0.5949399204715784,0.79081777455977453,0.14371408584268411,-0.80212760433369179,-0.59558151533500703,-0.043289316894004885,0.051359491772841256,-0.14103157813618694,0.9886719863398844,2.9156526993432061,5.8156386690450921,-1.4166253000706024,,0.6454513423291832,0.1840490797546012,0,4
-0.92947632814262693,-0.36303172403247869,-0.06543487425299796,0.36874738378885996,-0.91919030857326922,-0.13825535640201814,-0.0099560218647168543,-0.15263401970394416,0.98823263134630646,17.096369830439841,0.25347467585934796,-0.5078866036665447,,0.09045184715974632,0.3,0,4
0.43290196579492807,-0.89090102362486101,-0.13744545869202515,0.8996254434917702,0.41730639332557423,0.12856685230585727,-0.057183471677766329,-0.17930627483101486,0.98212998649522054,-45.091726784349007,-3.873650920275848,-4.1396762115294283,,0.4197223017715541,0.24,0,2
-0.89248416523509855,-0.45002794024535997,-0.030771217121326175,0.45102862730387022,-0.89132289543448029,-0.046007319272925819,-0.0067225112120180407,-0.054939503754702967,0.99846705442402606,17.456253772530335,1.8589558322205602,-0.57891999759327906,,0.1058237722035098,0.2666666666666667,0,5
-0.76528967228396083,-0.62267109765047624,-0.16313314085819253,0.64340775576354614,-0.74743607180109595,-0.16542605113422693,-0.018925573143889367,-0.23155997650997037,0.97263651995998857,0.51763688252373763,7.9012737852658264,-1.6484930171724299,0.7312184439810256,0.7282850032564021,0.315018315018315,1,2
-0.23079756271635679,-0.97132089604805016,-0.057168189971373191,0.9712079580390014,-0.23354015559013727,0.0470542024547062,-0.059055798071852579,-0.044662205804774868,0.99725508275804209,21.342958236425631,6.7009045299449479,-0.7165467579359952,0.8379402068356104,0.5426229925814836,0.58,1,5
0.82723113613910582,-0.55846504095931226,-0.061688292473673939,0.56014716932269937,0.8111501327478422,0.16813866552023413,-0.043861100097593336,-0.17364406171669561,0.9838312577514281,-5.4865198899644563,19.12326174706056,-2.5795729682404285,,0.198957175453694,0.3214285714285715,0,3
-0.54755119315926326,0.83166033012484164,0.092351427528249652,-0.8356735435207242,-0.54914538366985666,-0.0094380216995526064,0.042865131860084296,-0.082343444734382862,0.99568174512737373,4.7622295674656652,-26.932023942950988,0.52532955580168572,0.6798359452905626,0.6850408399497836,0.9791666666666666,1,5
-0.2840626748938212,0.94916176503633609,0.13564785484951836,-0.95714939073142624,-0.28903192815953721,0.018044066250194096,0.05633329880832804,-0.12470961589824979,0.99059278775281023,-0.076421214115409281,-35.066879610043323,0.90434437533737999,,0.1573458096789966,0.2727272727272727,0,3
-0.14377632285228345,0.96066506738032342,0.23759418617094608,-0.9886574400090653,-0.14996943718037639,0.0081014953263004123,0.043414689930908128,-0.23373445665318454,0.97133072044038804,19.377061128556345,5.711251023101048,-0.72371252677475606,,0.4829623694077043,0.1666666666666667,0,2
0.66398866006987312,0.7353578374089581,0.13552826369372353,-0.74699252770804037,0.64421945192309849,0.16426643391836115,0.033484665848227825,-0.21030964962436538,0.9770612204094018,-1.364570556650011,16.703092438022392,-2.2426688031697184,,0.1260724400305595,0.1428571428571428,0,5
0.548346600611616,-0.81260064692628975,-0.19747454066957626,0.83505665996464973,0.51946028622221152,0.18122192385752187,-0.04468087114603124,-0.26427485626315889,0.96341186421006808,-40.511993625916837,-3.2632184135356712,-3.8337619850367401,,0.2023174185917961,0.2222222222222222,0,2
0.14188336697418,0.97292743747802479,0.18243166276311362,-0.9882484166933454,0.12863467968955153,0.082572308216872489,0.056869825735321969,-0.19200343898902103,0.97974512110917056,4.7344510877086154,-25.863891880603031,0.47118942067651737,,0.1774593135317279,0.25,0,1
-0.45931494631488523,-0.87530892551175354,-0.15120868034347226,0.88705729318462778,-0.46089622901605876,-0.026533463526999486,-0.046466533114877757,-0.14631797906695176,0.98814569285204479,-17.447236931327026,18.083083616527688,-3.4558502190816736,,0.1312346015586452,0.1818181818181818,0,1
0.89812451903580559,0.43138883588741944,0.085299593072888341,-0.43877400784060278,0.86626923050584237,0.2388618645207119,0.029149928819775926,-0.25195494150842379,0.96729984446359207,-3.4411038007603616,20.163608231934166,-2.4737368733605782,,0.66587827707188,0.3061224489795918,0,5
0.74048837554750713,0.66994908463944525,0.053340319363351645,-0.67148007652143471,0.73418309377303703,0.1004474571734968,0.02813312129471672,-0.11019713611806151,0.99351150908159869,5.3247797164855628,11.860172018263825,-1.5910908725616844,,0.0803742721421203,0.4117647058823529,0,5
-0.91150527092282396,-0.40695465790714058,-0.059548698454226313,0.41105629678978589,-0.90625520296972017,-0.098662191136115199,-0.013815279562050859,-0.11440897472661002,0.99333766894879671,18.426610777653934,5.0923031316686833,-0.73388811908799634,,0.1700729979650953,0.2727272727272727,0,4
-0.66957594917654051,0.71963689930381569,0.18382269023362058,-0.74073759498365221,-0.66517059681405621,-0.094105751747000824,0.05455147717679646,-0.19917532551604683,0.97844433977789813,-18.404076489750395,17.964770272949437,-3.6045901877202522,,0.3237129673496997,0.5454545454545454,0,4
0.67048476994029715,-0.73161760967794864,-0.1232308666172342,0.74036866894388553,0.6490391375780159,0.17493550794006155,-0.048004242774664349,-0.20852786648578409,0.9768376126944136,0.98438723754044177,-26.55986294265761,0.40566772770268061,,0.4778963129298002,0.6521739130434783,0,4
-0.78887729904416548,-0.60423229659938749,-0.11214249327981081,0.61397831245341516,-0.78278361145906061,-0.10139255134361425,-0.026518651731170382,-0.14883934082540401,0.98850574693980442,-6.8231270993440694,12.444456284074281,-2.4118315160467731,,0.1470781158318976,0.1639344262295082,1,5
-0.77177385657727293,0.6316307477939781,0.073537152141371132,-0.63524354745406675,-0.77104966845633582,-0.044136653603865754,0.028822729256893834,-0.080777516764224663,0.99631533314688547,5.6958662982305723,16.069179894768311,-1.8152241918304097,,0.1512377661611711,0.3333333333333333,0,2
0.18263582816609453,-0.96535022162364414,-0.18639502107424186,0.98200638403495044,0.16984652237001219,0.082556771699332301,-0.048037651739937876,-0.19811892501726119,0.97900014073815045,15.995064946219721,5.0527833443325063,-0.79134010510572994,,0.1376853396511117,0.12,0,5
0.92724865162552117,-0.36600319326995479,-0.079067063780370664,0.37289201124230431,0.8833606041244273,0.28394645803847673,-0.034080581132402817,-0.29277244678610609,0.95557459593302008,-48.046624672445077,0.49203099386508908,-4.634667072389508,,0.2817359279532677,0.2142857142857143,0,2
0.36301982389570342,0.92854209472891713,0.077628511354826193,-0.93035100705248441,0.356587903634138,0.085393621882655882,0.051610184413154063,-0.10322134129260584,0.99331855090227472,21.928634497377949,8.0384040573049802,-0.74349580553913319,0.229961193992526,0.1543334169556636,0.4666666666666667,1,5
-0.59545275319854507,-0.79841807982061974,-0.089244543384049663,0.80241624724094485,-0.59651850618930624,-0.017141701707762087,-0.039549777142630783,-0.081818345065355957,0.99586222618328835,-14.442211261273268,18.851478954181545,-3.1928676834907948,,0.08920686977921426,0.3333333333333333,0,1
0.66652660311937251,-0.74544942089451827,-0.0068882669938463079,0.74356203729059378,0.66411967971306718,0.077849519703562811,-0.053458245710205965,-0.057010629761836275,0.99694132428129734,-43.491748503994216,-4.0293049251254942,-3.9538000074468189,,0.5801767747884801,0.6111111111111112,0,1
-0.23370212160858983,-0.97000893129432253,-0.066828074675923263,0.97002199978651393,-0.23731181901961063,0.052349025623947935,-0.066638114362706544,-0.052590624286562485,0.99639027893257437,-19.296450967639355,18.201110323230456,-3.7109121400951146,,0.1281777135897683,0.3571428571428572,0,2
0.49719070336603371,0.83067163671127475,0.25057141985829601,-0.86740283686979491,0.46910463020833559,0.16599145913972349,0.02034018379028325,-0.29987577074601146,0.95376139523617998,16.472101300998101,-31.936604919010332,1.0801491956851608,,0.5311103225708208,0.2391304347826087,0,3
0.98029092884214686,0.1673277436798343,0.1050291436926729,-0.19138514308045246,0.936204094736106,0.29477723793980909,-0.049004304279065346,-0.3090684700747775,0.94977642578017318,10.607827431201514,-25.392412180782387,0.65137774095404899,,0.5819014582290816,0.1764705882352941,0,2
-0.20981833048792006,-0.94753453325314707,-0.24115259999428251,0.9774111581975482,-0.20966790991765774,-0.026585623590354008,-0.025371165172080202,-0.24128339321947012,0.97012299639494637,23.128843774322686,-5.8276970858301915,-0.067965093778776048,,0.3498862354740686,0.5714285714285714,0,3
-0.36546065924573085,0.89174141603269874,0.26690026878156908,-0.92886930088800046,-0.36796452109354977,-0.042472733420779597,0.060335134138524399,-0.26343757922588162,0.96278778214105631,27.810164440450013,-5.230287063863158,-0.012040931160688793,,0.4918684359286709,0.3103448275862069,0,1
-0.82499240666491858,0.56280262812371307,0.051388040654082777,-0.56349320390168012,-0.82611973813287354,0.0012599301132695266,0.043161766667312647,-0.027917378894023088,0.99867796704134926,14.108107694854068,14.104512104068739,-1.3335132075233009,,0.07491705585606213,0.2352941176470588,0,4
-0.99001802292141716,-0.14072917574114555,0.0077209705339297561,0.14084204540593953,-0.98988916630093704,0.016821316414203712,0.0052756550910139314,0.017740843701843197,0.99982870029225857,-46.786693645379451,2.2906953003472426,-4.7507775676718564,,0.2816149938471965,0.1,0,1
-0.55144068757161391,0.78711726996255804,0.27633235680468998,-0.83225419883128393,-0.54177888039719468,-0.11759503936501428,0.057149948541033557,-0.29482545358610246,0.95384057121696464,-24.398393102501103,-6.4479790397924068,-2.3418121654057793,,0.2812889284534417,0.375,0,1
-0.54313674003899359,0.81787269151829578,0.18996510755513524,-0.83862070398400645,-0.53957637063553132,-0.074650218359746306,0.041446308269673951,-0.19985394847339658,0.97894872327942117,-0.28680880827191657,21.950721228635913,-2.3422433843853154,,0.5311822508976454,0.48,0,2
0.99404566080900769,0.098549121831351658,0.046489728038054831,-0.10872332281081055,0.92540339682288786,0.36305342888566294,-0.0072431556492450503,-0.36594620333449318,0.93060781909529999,-35.428750699194836,-5.2168208520221828,-3.2316353868707366,,0.1202263798985426,0.125,0,1
0.79660899790504103,0.56620696257773473,0.21171627236757787,-0.60398353778430214,0.73111833292480388,0.31728515462721335,0.024859415566044072,-0.3806253522688049,0.92439512691703618,1.622085860693306,22.59040425711844,-2.2459978272164731,,0.4771934837299387,0.12,0,2
-0.24957155608466366,-0.96650038602046484,-0.059925305303953826,0.96685363651653178,-0.25215289430096471,0.040161716228326601,-0.053926653412182918,-0.047915777338357002,0.99739460312046158,24.391066839888445,-2.3046251507429245,-0.20933285429557516,,0.0786798427762916,0.2222222222222222,0,3
0.61217012737407805,0.78790134263522127,0.066777312198234046,-0.78981245774062958,0.60521998644996022,0.099524115666584728,0.038000220374505199,-0.11366724363300623,0.99279189207827612,-9.8293962126586933,-23.959541188693059,-0.021079166364842798,0.3047318011838436,0.1411394194703655,0.4375,1,2
0.81944414317097614,0.53837315293624188,0.19663581672796623,-0.57270596651166672,0.75546382685552149,0.31824877412921471,0.022785349343868895,-0.37340159950152885,0.92738992519057328,-1.4937287214120663,-37.445473541133566,1.0191365903037044,,0.2950926892518737,0.1666666666666667,0,1
-0.81836866866071611,0.56778082234306559,0.088868779298015857,-0.57286554784087784,-0.8182771465921177,-0.047408601139805828,0.045801596603811695,-0.089707575736357736,0.99491445089718522,24.877191617052418,4.8261554552132999,-0.52843727763852644,,0.1205398712027213,0.2333333333333333,0,3
-0.90709149704653202,0.40250327859999957,0.12319142300554647,-0.41926221519424262,-0.88998509816304328,-0.17929227523274321,0.037472802087603688,-0.21428400725198435,0.97605233125060153,-3.7193246417401538,-29.457753619917941,0.48244511132988077,,0.3538040832594821,0.3870967741935484,0,1
0.78142166797617418,0.60943090760627683,0.13406769063247001,-0.62364235663459067,0.75542443969167261,0.20100777827680419,0.021222342674363966,-0.24068212391183619,0.97037195311936952,6.8921386284661708,-24.111681243553726,0.49507214617581896,,0.6404119998207511,0.4347826086956522,0,2
0.79880465291730762,-0.60072906993614439,-0.032182464344976319,0.59976414619937835,0.79107394716436907,0.12035355853283462,-0.046841172182078013,-0.11544087080164045,0.99220930752395609,-9.710558209027468,-27.221920899379903,0.19862415795048222,,0.2303689491573068,0.8888888888888888,0,3
-0.93805243995193621,-0.33385735892786611,-0.0927193819539881,0.34640823790655029,-0.90955118887812281,-0.22960393620509401,-0.0076780603474196482,-0.24749929030222248,0.96885765140664393,-28.732778209730519,23.30496199804783,-4.7588171708659859,,0.4105555208751323,0.1176470588235294,0,1
-0.10634747520863645,0.95589273884585479,0.273786936026024,-0.99248390016877441,-0.11881341069414103,0.029310089474493439,0.060546861376341118,-0.26861207206861565,0.9613436598409949,-39.014149701364552,-4.7475298535911596,-3.4818507051658814,,0.5031602157653667,0.25,0,1
-0.47964273405013458,0.86444318413275367,0.15060155736026837,-0.87304937022539031,-0.48734274736996358,0.016788202254727994,0.087907023735090115,-0.12343025557910095,0.98845198527076483,2.1953618330000482,-22.514182483168405,0.23593505414398949,,0.5723482653148252,0.2926829268292683,0,3
-0.18499400385287879,-0.96482439154316446,-0.18679162727981982,0.98273871850580319,-0.18135978848035816,-0.036513535461950568,0.0013526596217961903,-0.19032214954051413,0.98172075953716365,25.800763858433012,-1.9889259018400267,-0.21635080135311616,,0.6756703864993354,0.4897959183673469,0,2
-0.047901649346712497,-0.99080290802670368,-0.12655050152287856,0.99651474798563355,-0.0560667077016462,0.061764725650066292,-0.068291939765937185,-0.12315080890244143,0.9900353979680121,-1.6050374972579846,18.785554807506571,-2.2805732408963624,,0.667114696630025,0.2571428571428571,0,2
0.65242113573889382,-0.74927007398735213,-0.113758594700179,0.75543304880904505,0.63097144010992257,0.17662375415747728,-0.060560469022643962,-0.20117007230847714,0.9776824799489654,28.079548142732349,-7.7358258667789412,0.1288130865458984,,0.4837345338214122,0.40625,0,2
-0.48647875857173312,-0.87041465775004134,-0.075609133260371997,0.87252105181094852,-0.48848361935442475,0.0095272120328311078,-0.045226448072146277,-0.061335774196472577,0.99709201741789988,-23.584901852849615,-5.7781564146080715,-2.3706277978031425,,0.4375079111596383,0.1481481481481481,0,1
0.89770051505311876,0.42541656868673255,0.1146931923008984,-0.44038907623240803,0.85815566559945267,0.26386798808253681,0.013829201297640909,-0.28738405781526216,0.95771559270229201,26.415579318933002,-3.2222162138943951,-0.12200377457190414,,0.461635647282839,0.2727272727272727,0,1
-0.12386118329701411,0.98108711242104163,0.14874973987743859,-0.99023605525289204,-0.13186932212271554,0.04519996416023607,0.063960629683068704,-0.14169883459025909,0.98784132234195754,3.8437852844730949,-31.932189500274276,0.79445626791635571,,0.5984881449581683,0.5142857142857142,0,3
-0.76187304426488489,-0.64180930577235984,-0.087351470775016066,0.64731661858302192,-0.75923182843573611,-0.067440536744391821,-0.023036052804232748,-0.10792518572664467,0.9938920940208098,-8.3101450756508566,16.172593819434628,-2.6034968833639405,,0.1924321804058948,0.1538461538461539,0,2
0.98649342086359404,-0.16294579870063669,-0.016715181083553122,0.16214061510642824,0.95690449799699384,0.24092364484630957,-0.02326266377166419,-0.24037980031386413,0.97040012369914397,12.201980442404773,-31.16800470675194,0.96991814865472559,,0.2847064479180423,0.1739130434782609,0,1
0.97844903674318251,-0.20088616788505317,-0.047772691454398379,0.20488337427786918,0.91571232572260586,0.34567866504054262,-0.025696019941879894,-0.3480167870551007,0.93713607895918294,3.6960214884526028,20.716379342566054,-2.0853831291770502,,0.346189879394546,0.2352941176470588,0,1
-0.24048537941130982,-0.92034385518769168,-0.30843795244368882,0.96912875788286956,-0.24546258081282038,-0.023185600382907737,-0.054371250986203268,-0.30449188764065027,0.95096185908122988,-14.643218132227314,22.252847832581825,-3.4186829947809856,,0.3511784821638403,0.375,0,1
-0.92202511240030405,0.38634714254282432,0.024608485369943946,-0.38554666782440722,-0.92214021813523139,0.031799135632998063,0.034977979254158229,0.019831882071659982,0.99919129170584386,0.23826546720119338,14.494043018531601,-2.0825366118600872,,0.07188719506730534,0.3809523809523809,0,2
-0.99598751858636314,0.080711395760902929,0.038659195730218102,-0.08746326777817931,-0.96936168857232041,-0.22953887147449289,0.018948340553803233,-0.23199911060723521,0.97253142523401803,4.7050456739821112,-32.865809398416069,0.88342007157201063,,0.3563065648673182,0.1818181818181818,0,1
0.92553887933291967,-0.37861546391855117,-0.0053022000060018049,0.37701177410674913,0.92013572086433348,0.10588851389246462,-0.035212285186352103,-0.10000292831319153,0.99436387167914642,8.8071799140789047,-28.882049638001462,0.77545612187098822,,0.1163729577957077,0.5454545454545454,0,1
0.63976730169488483,-0.75355465725124682,-0.15117267682025598,0.76481884086082674,0.60480283466593698,0.22195871653158436,-0.075828361094956317,-0.25762164061856807,0.96326587707582045,3.2296490857388656,-32.817896766142965,0.84893104319107859,,0.5096783910973168,0.3714285714285714,0,2
0.69812914955498806,0.67465025830516911,0.23971382836707317,-0.71521360523178212,0.641735927008805,0.27684742888007391,0.032942213541090518,-0.36472185149085784,0.93053360047453149,11.857403373037819,2.2587852336317398,-0.79163352545532084,,0.393850023584826,0.28,0,1
-0.99657629364862355,-0.081973451111690479,0.010772383692195985,0.082022513929810803,-0.99662165327109897,0.0041937381673044522,0.010392215654354218,0.0050629580307554652,0.99993318192255864,3.9365219136865472,17.683950600475516,-1.9364235802255498,,0.7637290534045444,0.5119047619047619,0,2
-0.72959739562077663,0.67586580165309018,0.10436981584349815,-0.68199767496664132,-0.73037548492202864,-0.037826212670674382,0.050663711307752157,-0.098777877992683977,0.99381895694124656,-0.14818450592602903,4.7023585123794565,-1.5195725414522443,,0.2136984402208617,0.3015873015873016,0,1
-0.89222674650427425,-0.43885887290290299,-0.10646277516950065,0.45134091861398767,-0.87439647969790169,-0.17810719097386041,-0.014926754740390047,-0.20696300627481978,0.97823489307354483,-5.4627157652516107,11.29131216470115,-2.2996918584103279,,0.1094564541379729,0.2978723404255319,0,2
0.92780985514045655,0.36019111071822268,0.097114553305977278,-0.37274519688689151,0.88449970954928214,0.28057313129554895,0.015162153606888258,-0.29651749959624629,0.95490705387026675,-22.167066063811106,17.51674319786067,-3.9367864369781627,,0.3685075187257733,0.3636363636363636,0,2
-0.48929084169200443,0.82197299239915222,0.29147019059024354,-0.87015317614740884,-0.48255240510752584,-0.099883063456816967,0.058548460926876718,-0.3024955802839529,0.95135088249907473,11.818377738161338,3.7838307987518465,-0.89265198002370028,,0.5003646916412512,0.2439024390243902,0,1
-0.54120853151591197,0.78882146292747479,0.2912971421750461,-0.83886333385265655,-0.53050198435723206,-0.12196701074735725,0.058323516114831241,-0.31036807860667304,0.94882560212612599,-17.495046380476076,15.614428865338793,-3.2990542481480878,,0.3430606310827449,0.1666666666666667,0,2
0.90729442059644705,0.41493629956930145,0.068152048056470946,-0.42031005774396712,0.89008415153475606,0.17632259794455107,0.012501588451857905,-0.18862150059414678,0.98197028458084834,10.451340232159612,-29.481930328852663,0.84396676170943286,,0.2638363757809978,0.2916666666666667,0,1
-0.87931775414128877,-0.47400614512408423,-0.046026749141409307,0.47595991313620639,-0.87798256494271487,-0.051076185683613502,-0.016200257383617876,-0.066819084408705542,0.99763358083992304,18.056259288549398,-1.9160083995172654,-0.39927322651426872,,0.7816061214532597,0.36,0,1
0.81330294562980809,-0.57839019767112487,-0.063270039259000266,0.57662203633456921,0.7866978432529218,0.22048476281724544,-0.077751822121754396,-0.21580380594224807,0.97333620681529587,2.6534211309264433,20.033220027746875,-2.1212999939937665,,0.4570696256188476,0.3125,0,2
-0.31988801699248054,0.94103387864343857,0.11012218591140047,-0.94550914639941119,-0.32451330890939717,0.026524826403424143,0.060696875205202436,-0.095636559881464328,0.99356405820377969,12.555287779907154,22.154369272808271,-1.7741972137247972,,0.2755703906506749,0.7407407407407407,0,1
0.072367667964450877,0.99508492600870768,0.067593717634341688,-0.99567435017615324,0.068118465457924313,0.063185940405695917,0.058270996513544969,-0.071873950036864545,0.99571011156431277,18.818169436886485,6.5335272945195655,-0.76517020947343051,,0.07588522906114575,0.2857142857142857,0,1
-0.55647737702458644,0.82063431666186892,0.12997017802844166,-0.82890388324487707,-0.55906622063269684,-0.019060778815078071,0.057020007027365011,-0.11833967747286374,0.99133467584576063,28.024598779594648,-4.1201195778926945,-0.067862651176830061,,0.06996621649937243,0.3125,0,1
-0.73829626355593858,-0.6647503826910921,-0.11412955765876637,0.67381244386245909,-0.73444050401166028,-0.081079816003725574,-0.029923531132532342,-0.13676284136834851,0.99015175983553916,17.710777231655086,4.719696737430672,-0.74121390289932521,,0.1250928281153008,0.1818181818181818,0,1
0.065616352733594924,-0.97167069973439568,-0.22704745215837613,0.9960275882619305,0.050052407998972898,0.073646451880769542,-0.060195827721384487,-0.23097793775850969,0.97109508009965906,4.2132652933003794,13.760888993639343,-1.7839976762671317,,0.07575085771466125,0.3333333333333333,0,1
-0.56149981725705833,-0.82742251763385155,0.0094832764775374234,0.82643814233951418,-0.56018409289033222,0.056513528991291188,-0.041448185807150283,0.039569677596549488,0.99835679419143619,25.13155547430712,20.253925570063554,-1.2470744996876704,,0.1364577882134179,0.5384615384615384,0,1
