axis_00,axis_01,axis_02,axis_10,axis_11,axis_12,axis_20,axis_21,axis_22,location_x,location_y,location_z,dbh,dbh_approximation,score,reconstructed,number_clusters
-0.75978421495055248,0.64794248942162846,0.053837506573730473,-0.64909990946649243,-0.76068317451588774,-0.0055150284698981871,0.03737986413250826,-0.03913615221934167,0.99853447979871979,6.8527212118055836,9.609121675826044,-1.8274140917880959,,0.1060753601187482,0.2424242424242424,1,5
-0.95904583041185953,-0.27066313784954399,-0.083501862129329127,0.2781235672369759,-0.95567403777863336,-0.096614775594950075,-0.053650503418011961,-0.11588183345685349,0.99181299858273253,0.77440864995351177,-14.265408891135849,0.31389740782462561,,0.2244097237430054,0.32,0,3
0.83293596106961976,0.55298733329875371,0.020559522566493956,-0.54838135044005576,0.81988077516302005,0.16453999212235962,0.074132174165942907,-0.14832573522224199,0.98615612203353031,1.6822984681438,-20.475296955058095,1.0623835747030965,0.6338629294007951,0.5607200432444932,0.4901960784313725,1,5
-0.26207863755901367,-0.95721690199553566,-0.12268084719824618,0.9599132954839652,-0.27166403537995459,0.06902982713430518,-0.099404491288494129,-0.099671733280540312,0.99004257115364869,9.3311648287579771,2.4900697462344623,-1.0855223178538824,,0.08158256114073452,0.2083333333333333,0,5
-0.88316671474675168,-0.46579627898766607,-0.055230249362786726,0.46496723535645229,-0.88489126803292906,0.027801327379354871,-0.061822520236632574,-0.00112704938703864,0.99808652217694604,9.117901312606417,20.23004173093835,-2.9589475324247876,0.5532279900171007,0.4904433225398979,0.82,1,5
0.88485478343043056,0.45061336299114974,0.11823539797409011,-0.46493730454232973,0.83814915267457768,0.28520045707501929,0.029416238461062415,-0.30733303591493921,0.95114724935212192,10.224859182272599,-13.54216766048124,0.46243681832762884,,0.1441328403624315,0.25,0,9
0.99805510400881126,-0.045307543433978671,-0.042816303786520654,0.058135656261645657,0.92440137058583227,0.3769646555448708,0.022500107399505077,-0.37872065241680891,0.92523748983706722,-6.4066561260372019,13.552208204109894,-2.5794781050009461,,0.7178754589085269,0.1904761904761905,0,1
0.57605095879233337,0.7993623553281245,0.17083652349163536,-0.81060137807183918,0.53170856960179369,0.24538011916219146,0.10531238646270451,-0.27983177427927897,0.95425545812494128,-16.639789646251884,5.9041787253715219,-1.9176673502138748,,0.1743353049036426,0.6,0,2
0.90768938864641135,0.41953819309839624,-0.0093636675741377729,-0.41540835052978098,0.90146861797730449,0.12161510231964347,0.059463232747916622,-0.10649899217280601,0.99253316751499321,-10.725939497774259,-7.661858264973108,-0.51083824628107288,,0.08753301630183509,0.3174603174603174,0,3
-0.55204822522667185,0.83051627062056432,0.074064034852237753,-0.83303801240497055,-0.55318235699673735,-0.0060786343789191863,0.035922512613403422,-0.065053855704684665,0.99723496175449822,-6.8639914706382807,-10.31967381841805,-0.21900005062930483,,0.592727648872883,0.5972222222222222,0,4
-0.81572576964852406,-0.5491752090509735,-0.18165367735100704,0.57312078285410217,-0.80982369416420741,-0.12537205681864766,-0.078256226538374121,-0.2063787153125454,0.97533778193706755,9.8858907699298388,-9.6409296910213182,0.056080138527199404,,0.4188308982552661,0.1111111111111111,0,5
0.11706888360920255,-0.97033082270385318,-0.2115489801472927,0.98942650924804065,0.095592625570708037,0.10907443666476686,-0.085615765415797199,-0.22208139149276573,0.97126196068048742,13.351008507424039,-2.9642609896006107,-0.44676204331592628,,0.2981387243729632,0.3714285714285714,0,4
-0.47765579333316616,0.87790886516933486,0.033480853518902641,-0.87601940864389238,-0.47882430606156101,0.057595829743734908,0.06659533598134583,-0.0018188957515961868,0.99777840868790901,-1.9571952097866763,-1.6075842399976026,-0.91869706387245664,0.6294241236521287,0.5770869768725009,0.9340896812533765,1,5
-0.82348593928965541,-0.55751446354153011,-0.10511199139124913,0.5613408300123377,-0.82754140902081419,-0.0084669307842423075,-0.082264089086877878,-0.06597605094157577,0.9944243462168757,-4.5328239718029986,12.53034356432306,-2.4324136650430734,0.6287530215513139,0.2909656423243785,0.6333333333333333,1,4
-0.6818660655705342,-0.70399246166838936,-0.19862850383931199,0.72673268784242295,-0.68286643157166971,-0.074518702712164125,-0.083176132662499208,-0.1951616011070256,0.9772377808950361,6.9503044773580402,-12.445079249448359,0.24283283434668804,,0.1490576943455858,0.2222222222222222,0,5
0.74153891550658957,0.64856248282287887,0.17171704243881733,-0.66593819027474244,0.680425739741914,0.30585476852629034,0.08152523243090179,-0.34115614983654141,0.93646469122214904,-18.338912608751166,23.303658954629643,-3.7066567939758603,,0.7026016831115716,0.119047619047619,0,1
0.89144953212769251,0.45311859908188834,-0.0011255378198198863,-0.44803854188814851,0.88182072932113575,0.14715184783848542,0.06766976172603785,-0.1306741615837112,0.98911327300887719,-3.368964061005272,-21.626793253276826,0.97453392240209846,0.2014365470477431,0.1879622036928993,0.2631578947368421,1,5
0.27421214790945586,-0.95719297469161801,-0.092678514985374896,0.95701579258145342,0.26214580678079369,0.12409814155312508,-0.09449058518485029,-0.12272402042085474,0.98793235807071622,5.4733507144984941,10.200624629918256,-1.9217658983847528,0.2676023770695795,0.258903542020307,0.3783783783783784,1,5
-0.60144184194500772,0.79549180685987375,0.073895168831337177,-0.795416171723487,-0.60488863171149621,0.03772077659523819,0.074704916294381127,-0.036090558945646702,0.99655238047803674,-3.1592875141831311,-6.5655292648156438,-0.47287478343305017,0.2779717725716987,0.2722467843765694,0.2681159420289855,1,5
0.6226604267340714,-0.77672739064523522,-0.09480798279042027,0.77871640158599575,0.60320251805426806,0.17247460135900852,-0.076777333115332566,-0.1812216400831721,0.98044069595527417,-11.463149608595469,12.968760782293893,-2.6416174075290728,,0.1505679206406679,0.3518518518518519,1,4
-0.10683913943868208,-0.94074873727979802,-0.32183413676996353,0.98987568177111529,-0.13106024471565345,0.054491713987018013,-0.093442671848421616,-0.31275393772347421,0.94522666145019907,-12.115221035480939,-20.038778028264524,0.57991367375973502,,0.3452901671934323,0.4782608695652174,0,1
-0.085652675038987588,0.99250345746930813,0.087180881907306593,-0.9887399844787732,-0.095451275399276239,0.11524884866048549,0.12270640713337488,-0.076327851640942038,0.98950351020716321,-4.6447933952909901,-11.089041622217303,-0.12092645342093225,,0.1869783251486901,0.5753424657534246,0,8
-0.67442437984764925,0.73758451522200186,0.033478930267243912,-0.73712713461343249,-0.67522252370458724,0.026797964448811284,0.042371491402891218,-0.0066050273832474861,0.99908009204946191,-7.5160188934387593,-17.818392815493294,0.45885794438535177,,0.1121208153414568,0.2857142857142857,0,2
0.99651335819544018,0.078402459988155399,-0.028533860689603899,-0.07299298541609206,0.98489714542415119,0.15700202869837931,0.040412263214205137,-0.15437184718453761,0.98718599148222375,-1.1381739725853937,-17.656972280541943,0.62394853947342377,0.3279921810636227,0.3074677759969897,0.4074074074074074,1,5
-0.25183728728389487,-0.96476602366998576,-0.076187271282642757,0.96266293678112225,-0.25780763493280001,0.082554791007567602,-0.099287717676639367,-0.052552287698654179,0.99367006907534605,-11.421168042446844,7.5945127190814423,-2.0414774260982527,0.2454835429240639,0.2245005473948315,0.7057142857142857,1,5
-0.81708473526555836,-0.56507076578422721,-0.11431345087976505,0.5716169801947556,-0.81985226066232175,-0.033110400781470199,-0.075010421602878546,-0.092397512644596946,0.99289281209405988,-13.013935555625169,8.3726321633990146,-2.1732533762315294,,0.2429239710559494,0.1538461538461539,0,1
0.22578558286784847,0.96145485261396779,0.15692494051003769,-0.97111257742945822,0.20936912112002118,0.11447677965309724,0.077209018432692081,-0.17823898986047587,0.98095342905062333,0.50855627001779535,-8.2638349824454593,-0.24408143893361975,,0.5551296828714588,0.2352941176470588,0,3
0.0737507023575798,0.9894166913441601,0.12496177332023783,-0.98990284884371493,0.057419032067843455,0.129597085644274,0.12105033561647401,-0.13325789149602651,0.98366109539880231,12.658102274718521,5.385170063698494,-1.2811524798766476,,0.2784381723552522,0.2727272727272727,0,2
0.83444168568281152,-0.54945627977580325,-0.042483759364769703,0.5487081668367515,0.82118452233162498,0.1567651999955163,-0.051248617947036022,-0.15412260346203802,0.98672174510375676,21.336841390030539,-10.007038854356217,0.43827311267858293,0.5307264490942122,0.4913112485658527,0.7966101694915254,1,5
-0.97064602047307935,0.24050883510540558,-0.0013428238958124701,-0.23981222156494228,-0.96823022431243377,-0.070854294972011539,-0.0183412466277879,-0.068452413866383399,0.99748577218324441,-1.9035862210188206,12.754392966929863,-2.3822335212034234,,0.431834254515973,0.1111111111111111,0,2
0.87323788632709143,-0.48366615889678571,-0.059351837553882208,0.48687690651814841,0.86095505507009573,0.147333876106502,-0.020161145362092684,-0.15755456162002121,0.98730445574321735,-15.526795873502538,-12.476574768525955,-0.15735133502684867,,0.07702905859716928,0.2105263157894737,0,1
0.32940928035109796,0.94164714566700536,0.069211119596145107,-0.94057834947827323,0.32086453994953468,0.11116796074274055,0.082473598874414078,-0.10171823858165084,0.99138867525736174,8.4365523280842574,-16.837053190652664,0.8003010687168437,0.3651251867403239,0.3046203577954547,0.3,1,5
-0.7629424601292667,-0.64299133136184328,-0.066939900847154968,0.6415559276868219,-0.76581566962967396,0.04395852362802663,-0.079528574624493809,-0.0094078660268432403,0.996788191079237,4.5123600686910823,6.0063446885306879,-1.5321555600404313,,0.07438665087580439,0.1842105263157895,0,5
-0.93066940445359247,-0.36330317684972735,-0.043188671024833897,0.36105107141702536,-0.93109087904146326,0.052075894561816743,-0.059131915600744614,0.032872125831640349,0.99770879514049338,3.1359997013391188,13.153298595282964,-2.2894867503633964,0.2155409463354022,0.1367864502769386,0.4375,1,5
-0.99770333144495571,0.062646226048070353,-0.025758741925243061,-0.064205299953858111,-0.99581967315794639,0.06496813072142664,-0.021581053761860359,0.066472768210262961,0.99755482516250316,12.705516287023579,6.6200777291244037,-1.4141381061893081,,0.08259146583208422,0.4347826086956522,0,3
0.67187809196798143,-0.73095527048300857,-0.11951661845357038,0.73379047629990979,0.63499237926540952,0.24152891165739501,-0.10065468903640902,-0.2499781407002736,0.96300548427670829,9.5538312697325178,-15.474901968119546,0.6242755656323119,,0.3553159634905838,0.3846153846153846,0,4
0.51832871563879124,0.84975908222288177,0.096150115569182723,-0.84390974587767098,0.49005931483291404,0.21830760123774923,0.13838960711312939,-0.19429711815984554,0.97113178638012509,-10.746859641914449,-17.592660822412796,0.37435687477687529,,0.454709910557373,0.7468354430379747,0,4
-0.25924736011324395,0.96580902473779384,-0.0019323584933736639,-0.96206960930962027,-0.25806663631825449,0.088451557715043261,0.084928635436758576,0.024789896216295321,0.99607860529600589,10.287131211975542,-7.4664783148059,-0.13334350734602549,0.1832712673520939,0.1924450552579733,0.5454545454545454,1,5
0.72261931207240537,-0.69025419581490566,-0.037019926795204952,0.68988607797273538,0.7168044537359135,0.10123524348642608,-0.04334200317706878,-0.098694074109225344,0.99417350120405124,1.0294147632599568,0.98134798418853941,-1.0974525193918809,0.3136554937426521,0.2633901790736624,0.8895348837209303,1,5
-0.97577078244746496,-0.21586236953143551,-0.035704587130159955,0.21674145384876689,-0.97596101592410855,-0.022874386984229333,-0.029908565752706995,-0.030058822609268447,0.99910056794997337,13.941783945643545,-8.4079099940330195,0.056233827841030704,0.2681917918420361,0.140514187234061,0.1818181818181818,1,5
0.84344537598746328,0.53432471587651864,0.055650657937215492,-0.53213828184284384,0.81677226474777032,0.22296169297918714,0.073680029334368707,-0.21766985446376536,0.97323742618901077,-5.0702071912948012,19.27655904726711,-3.1529005343870002,,0.2390442427245043,0.7826086956521739,0,4
0.68339374168062472,0.72843859660469323,0.048478910964888711,-0.72225655171894254,0.66492903577039408,0.1903019991711003,0.10638828568418149,-0.16506540632743139,0.98052789062991041,0.86418796114039709,5.1647349682702686,-1.5529612004771405,0.5246111281478902,0.2260475743532118,0.237410071942446,1,2
0.35553549709317206,-0.90109193398022447,-0.24824954546280814,0.93162157553091207,0.32024152975961967,0.17183306615003005,-0.075337575697742409,-0.29236738725958883,0.95333391870581685,-9.1832103109179926,15.007124609223082,-2.7785379106777413,,0.3301793930903206,0.2777777777777778,0,2
-0.86132765556893987,-0.50691999906986884,-0.033864203742571299,0.50320562574396865,-0.86040036952032994,0.080593438621897551,-0.069991199244869878,0.052376699707836427,0.99617162846368001,2.1696217819746395,20.060323734511456,-3.1962201816746756,,0.2921182422685826,0.48,0,1
-0.38390687343921476,-0.91770542588384918,-0.1021384542152001,0.91850883933200422,-0.3908790407911148,0.059624554834337422,-0.094641558498905112,-0.070924796605712978,0.99298169602029251,-7.6595885432017292,-14.967791985399003,0.18510529423527544,,0.1089275517318164,0.4210526315789473,0,1
0.29434903270717871,0.9556941435413987,-0.0027112626245380527,-0.95057560065301883,0.2930635224867631,0.10256607251328963,0.098816367002127203,-0.027612964135012814,0.99472249890317532,-7.983795300773985,-8.6923289222329956,-0.39403702815805253,0.1691977772898023,0.1005012802865124,0.3518518518518519,1,5
-0.53560785776017683,-0.80658909930462397,-0.25007648347757339,0.83889438448932629,-0.54217189517970366,-0.048019243533425161,-0.096852642595997004,-0.23550724184237626,0.96703459331192887,-8.3311914623849006,11.424673908161106,-2.4225800749937632,,0.4454085870286346,0.1428571428571428,0,2
-0.98535253651514199,0.16967504163339772,-0.017051657687158432,-0.17018155927169284,-0.98479874052898397,0.034780418864376855,-0.010891081995404832,0.037172851642440594,0.99924950009181268,-3.2371054973658415,3.021533908012584,-1.3895972093850824,,0.08775560331520962,0.3699551569506727,0,4
0.82608708065586411,0.56349524109539872,0.0072971526165305058,-0.55790506200728351,0.81592774843842486,0.15167020509925475,0.079511489484975856,-0.12936391533592162,0.9884042191577489,2.1676149132271849,17.242955145949811,-2.8677388986601899,,0.2245322533729044,0.2222222222222222,1,4
0.49944198046414162,0.85354251699522754,0.1484010775955141,-0.86246990520128808,0.47366960238183414,0.17827722906058077,0.081874115397599881,-0.2170305956792476,0.97272521801738709,-9.674668713918809,5.2145344012261861,-1.7711898453683872,0.7291728723239251,0.3484691481119122,0.1957671957671958,1,5
-0.12810953432375627,-0.9886738806198444,-0.078178673533444348,0.98735652012492103,-0.13456394153652243,0.083783338468711402,-0.093354428829904024,-0.06645677857264759,0.9934125261942236,8.7431961547325034,-6.3068965391548835,-0.26566717861634903,,0.08182849877341308,0.4473684210526316,0,3
0.81065143009855956,-0.56339602639549657,-0.15946528249410441,0.58465481594320856,0.76396743381170873,0.27300642166360223,-0.031984450496646687,-0.31454519153361188,0.94870349288358258,13.601916141871742,-2.4144612949742492,-0.49477381491216627,,0.1082922858860538,0.2333333333333333,0,4
0.0017968736926337043,-0.99672146354383062,-0.080889402000376309,0.99597176375538876,-0.0054679368939050729,0.089500544512898739,-0.089649411860389869,-0.080724381553345034,0.99269660882664301,-9.6152065338593093,-2.5641688326618559,-1.0062872914893073,,0.1235050314347181,0.1458333333333333,0,3
-0.78533292984354208,-0.59225397408510827,-0.18024266832177738,0.60936479031754154,-0.7908888464749374,-0.056297289835316094,-0.10920962239938815,-0.15404565135679388,0.98200977371584441,-7.2183106882462376,-13.265053721435086,0.04822977049551555,,0.3039346480497706,0.4888888888888889,0,3
-0.89168437276408341,-0.42234942558190558,-0.16284944605050949,0.44785285153482618,-0.87542863072175447,-0.1818035640045578,-0.065778436743725563,-0.23504398572026641,0.96975642407579976,-17.749916108384415,-11.406921420823728,-0.24386548941583658,,0.3981813074982425,0.1739130434782609,0,1
0.26305496080221979,0.94529104794523555,0.19294279533566802,-0.96072511132460858,0.23833940308890444,0.14213229543472472,0.088370515827744925,-0.22275359393245189,0.97086120960851796,-0.90755051501050943,-12.933984591326361,0.15616688140648974,,0.557106599256168,0.4761904761904762,0,4
0.83590455632725125,0.54469893958043203,0.067576903830335752,-0.54390461537169998,0.80550194091008354,0.23523263499661809,0.07369763964133913,-0.23338742127638731,0.96958700976305023,6.275019493013664,5.8527859539165092,-1.4826306334478569,,0.09385963739380315,0.4166666666666667,0,2
-0.93633137049358417,-0.34585483806284262,-0.060563979543380671,0.34605339532681323,-0.93818472986156609,0.0075140027524865918,-0.059418954992413002,-0.013922774260362184,0.99813603488928504,4.4109018718047874,4.710752070308148,-1.4062582871172029,,0.06929078827581249,0.2,0,3
-0.53696969158309982,0.84342786263086855,0.017116975757329001,-0.84049116142867519,-0.53662050701934993,0.074920217608960379,0.072375119215300751,0.0258432193083982,0.99704261199526989,-4.777327863045385,-18.122242535037639,0.53219007532389817,0.1667501467057649,0.1795773923185456,0.3636363636363636,1,5
-0.89201209811053539,0.44201681312359214,0.09452805795374257,-0.45171302714807055,-0.87931109225876192,-0.15088851558495481,0.016424309092593747,-0.17729393657643275,0.98402088500400442,-16.721271248676526,-10.572475792721825,-0.32912608778441244,,0.506914342910445,0.103448275862069,0,1
-0.68423623858966509,-0.72560201296446103,-0.072955387618655401,0.72414190362960895,-0.68785725547101273,0.049708143231984053,-0.086251221489045612,-0.018817940317880033,0.99609568411565719,-13.758174837599684,17.830627037112929,-3.1223835618816533,,0.09881128165181977,0.1764705882352941,0,2
0.7692999510800419,-0.59659815818046535,-0.22857870181607609,0.63782400289940577,0.6965444155097702,0.32864329986709329,-0.036852769144597439,-0.39861825708041737,0.91637621014981918,-15.159990079047414,14.374202028218971,-2.8630105925300726,,0.3789526548852147,0.3636363636363636,0,1
0.96223748039922252,-0.26487996431148209,-0.062750584230763948,0.27220447304419909,0.93793928274713634,0.21488282093856664,0.0019380840240083761,-0.22384929391475455,0.97462184330343216,-14.438618212592342,-5.9560980522252676,-0.67844340237999023,,0.6809564809111537,0.1450381679389313,0,1
-0.99891481324859288,0.0394680504143331,-0.024727896574962056,-0.04076662073588256,-0.99768563390027509,0.05441928465888627,-0.022522844098982569,0.05536830235342096,0.99821193771072203,-10.312773787031363,7.3792598920132386,-1.9974445730565269,,0.0673629931845386,0.1574074074074074,0,5
0.040909835064136528,0.99726126921694258,0.061614497602729613,-0.99553317693462884,0.035432162637045239,0.087511459097115218,0.085088653870355982,-0.064919355901561379,0.99425620350685051,22.563207468904455,-6.2066575791171861,0.095770388911294066,0.554613997836862,0.5092104873534552,0.7272727272727273,1,5
-0.76860443086663732,0.63938484182180233,-0.020838735582636717,-0.63868339788171924,-0.7650890337017765,0.081989558966645074,0.036479393120441302,0.076326892756041875,0.9964153046394727,-11.901940907326692,4.7552832434365326,-1.7515127484075992,,0.07415640276847488,0.3533834586466165,0,4
-0.58248194598017367,-0.79466942281936437,-0.17092481108103943,0.81019688990580918,-0.58455965734688708,-0.043255133677338124,-0.065542216884269019,-0.1636780847836046,0.98433414162441124,-8.8233276731447798,10.32472266092257,-2.3130893125947507,,0.4980096229443586,0.520618556701031,0,4
0.89085091991607934,0.45418056884670399,-0.01022982730844958,-0.44930319419723508,0.8841665527992395,0.12796931896072739,0.067166049227551802,-0.10940529143142556,0.99172536724537186,6.1105090170525784,-5.0924876242637183,-0.41614615762944235,0.2514426332181151,0.2139817282877901,0.6691729323308271,1,5
-0.77291188685679801,-0.62215945221539992,-0.12459868046853126,0.63013154176210073,-0.77566765419954387,-0.035692160274997435,-0.074440951310307396,-0.10610045356930237,0.99156504502750886,-6.1348366325676418,20.595644172771152,-3.3286072013650592,,0.5039962402256813,0.3611111111111111,0,5
-0.89281302351487091,0.44989908183708982,-0.021811034005266058,-0.45013397219975643,-0.88943683787431271,0.079256031340291258,0.016257678613635695,0.080578704347289129,0.99661565324442314,-8.1949335668293788,13.018098507359072,-2.5617240941295303,,0.08027696239680909,0.2962962962962963,0,1
-0.22771070859049677,0.96921165189944869,0.093683547197765366,-0.97024242795410554,-0.23397713232633208,0.062324413724227486,0.08232535569881487,-0.076703815880881696,0.9936493649363316,4.6659102782111335,9.5196599215540409,-1.8726418888056766,,0.2226198187056485,0.125,0,1
0.711075643137139,0.6838435023515298,0.16349157173596587,-0.7006868436240058,0.66988672258004944,0.2455396629532321,0.058389869920485282,-0.28915366710894752,0.95550027728311793,-12.718770528896249,-7.9336375392150051,-0.52467144860440085,,0.257906698379998,0.3272727272727273,0,3
0.77299827111047914,0.63358848273403023,0.032238291006186137,-0.63036053679377002,0.76134302487154804,0.15166539530331602,0.071549049702145914,-0.13755883478072389,0.98790601803030254,-6.9773044482132196,-8.1341979931559774,-0.4209051581320552,,0.1658690618139895,0.3472222222222222,0,4
-0.99949934849197264,-0.016352616395031622,-0.027085869030915262,0.015166906598124934,-0.99894188390177729,0.043417479556194565,-0.027767198424880866,0.042984933683859049,0.99868978074666803,-14.701766499209064,20.409225510707294,-3.3762258580721984,,0.1029659168814179,0.3684210526315789,0,2
-0.54629064032153862,-0.82113447068374046,-0.16524139115856334,0.83260312449897012,-0.553869997252458,-0.00025143212885742565,-0.091315789278943502,-0.13771785359384714,0.98625312137902388,-12.130945267899964,-1.0733738056748638,-1.1743551584145184,,0.6359244016189233,0.2865168539325842,0,1
-0.41062205774369714,0.91165274988543166,0.016696985376482936,-0.90879820776749354,-0.41068513646184485,0.073644662046257858,0.073995562386696564,0.015065932286005813,0.99714476102090088,4.218381678083329,6.9037137209268034,-1.6403487751576769,,0.09279089669995066,0.1111111111111111,0,3
-0.2331250027553744,-0.93003278917794818,-0.28406292286075063,0.96818207165676984,-0.24930671352639544,0.021671149325145821,-0.090973673184672879,-0.26997254239006208,0.95856070081280398,7.6628815189539043,-7.320630759319493,-0.17991844861572454,,0.134278610372228,0.2857142857142857,0,2
0.047142226216062483,0.99852291360703582,0.027011136760769872,-0.99586329111268979,0.044879428258151409,0.079007229627564818,0.077678284749310086,-0.030623976243082305,0.99650803115552811,-0.041842548261678832,-16.2303155620049,0.48812333183197826,,0.1093607968554833,0.3333333333333333,0,3
0.049277911776746272,0.99878508420862955,0.0002072999859092751,-0.99435534366538325,0.049039829729090441,0.094087967478522577,0.093963492565043119,-0.0048425884093906465,0.99556386605906688,-2.8563993578968718,-11.230468194040167,-0.078441097801272466,0.2311903413383445,0.2054329196079649,0.4324324324324325,1,5
0.99805921946529108,0.059806705229263867,-0.017347981149260189,-0.05597973189407833,0.98372307477647669,0.17074888511900438,0.027277537597852296,-0.16944636367280291,0.98516184750560798,-14.533242343833352,16.317481498830908,-3.0135631344421894,0.2575017027178149,0.3035060354095507,0.8,1,5
0.1800759081310811,0.98363042727850691,0.0066219213729181653,-0.97897973470791477,0.17856095488784612,0.098562997218845289,0.095767146464682512,-0.02423154806122086,0.9951087808559268,-0.88443065913732022,10.921247287792497,-2.1836005151924245,0.7960878078749045,0.7530769186591011,0.9532163742690059,1,5
0.44332142610044373,-0.88678930425033742,-0.13065543627217374,0.89261325406600112,0.42343380345752624,0.15474298935718661,-0.081900499546547864,-0.18522565685319162,0.97927716414574384,5.6409613041066686,8.0256776717161298,-1.7115426399962554,0.255891059662645,0.1108305589165622,0.4375,1,5
-0.89031043794271925,0.44888758803449674,0.076467361657211172,-0.45397744708404797,-0.88806185062494802,-0.07246121033795945,0.035380808771043229,-0.099227429540241552,0.99443557639373614,-15.727562331170084,17.094407502934288,-3.1193616078594713,,0.2672947117560147,0.2307692307692308,0,5
-0.3785286509152731,-0.91320866605596429,-0.15088403718269919,0.91842694061971586,-0.39081599881277496,0.061276502967147116,-0.11492612923166315,-0.11538105265709792,0.98665049409989503,17.15197568151773,-5.2043491916273155,-0.15510540037723186,,0.08002293726134431,0.3684210526315789,0,4
-0.29390666540313409,-0.95259241586072996,-0.07865469646643819,0.95103180112672292,-0.29967668464189223,0.075712600851541204,-0.095694228024845382,-0.052550679602277439,0.99402265607785156,17.211628061527502,-3.3557906573191474,-0.33675146112613241,,0.08381444810828172,0.1538461538461539,0,5
0.17370606808014818,0.98385754985511664,0.043017711529333542,-0.98193897028016464,0.16971069080638185,0.083630975548238562,0.074980401154330328,-0.056767975295114466,0.99556784621824135,12.025426630996188,-9.6025847596885079,0.11443980680481419,0.3947811782490819,0.3906810199185576,0.6530612244897959,1,5
0.87198419368294611,-0.4876413500877898,-0.043005576983217338,0.48913925542762299,0.86438499906256694,0.1165391015724602,-0.019655909208489086,-0.12265597042200292,0.99225458333686889,4.5981350835251416,2.7471906656189815,-1.20298613095758,0.3475328592435533,0.2515345623929873,0.7916666666666666,1,4
-0.78791155189923545,-0.61199739928436414,-0.068224406577947747,0.61010588373550667,-0.79085142662646668,0.048216507901329385,-0.083463746711101627,-0.0036337682998711443,0.99650418900920201,-10.250277044461534,13.049491809881474,-2.6086123318899439,,0.07431550227613314,0.3703703703703703,0,2
0.59882084993003293,0.80087909917927158,-0.0025016368384577609,-0.79618305976743775,0.59564169662624344,0.10631794100513453,0.086637896029588768,-0.061673638923035512,0.99432903871583522,-7.4774918732942828,5.4764002399677478,-1.733524712340317,,0.09275536022297826,0.1886792452830189,0,6
0.83837505925780853,-0.54403191015020813,-0.034007951317024443,0.54446011102668723,0.83276158322220084,0.10035603125901539,-0.026276368000027344,-0.10265196660351282,0.99437021588398233,-6.7409377175362639,-5.611258323999289,-0.64351410529300745,,0.08485908042104515,0.3932584269662922,0,5
0.73703253202747443,0.67577968826062274,-0.010240100953880235,-0.67092175210254201,0.73339400947923861,0.10953186484134167,0.081529438173124941,-0.073858241208020869,0.99393053626339112,-11.951368419303625,9.3433573887264867,-2.2203296200759115,0.09547165970674013,0.09162698869441244,0.5647058823529412,1,5
-0.34882648323551069,0.93084374312679052,0.10885775339980229,-0.93457860418567673,-0.3541615214687453,0.033651884186421475,0.069877873407101235,-0.089997458812177647,0.99348756419768625,-2.815997380504232,-8.4589576668024851,-0.31113076168551274,,0.4344755654909959,0.2112676056338028,0,5
0.48861562806564685,-0.86279596020302463,-0.12976093043499304,0.87139266547514638,0.4750812345898548,0.12236275208044252,-0.043927105141745262,-0.17286107600590991,0.98396618734382613,-4.0060765737729769,-4.8053905886319201,-0.67150355624742952,0.1891988117230055,0.1596204932411844,0.2708333333333333,1,6
0.018898708073419066,0.99977259213809844,0.0098794150952521993,-0.99558861504717189,0.017909509234853061,0.092100809265836622,0.091902929341838649,-0.011576419499798936,0.99570067695565734,16.427169339162308,-2.1021168296166279,-0.46841384975882316,,0.07768079497700756,0.3333333333333333,0,4
-0.1943342522100861,-0.9640750056017986,-0.1810899831350111,0.97687540187383393,-0.20698230128774181,0.053598285116839513,-0.089155188473706778,-0.16648636739241574,0.98200490927525153,13.18503504376511,-7.1763094634808935,-0.067616330352850543,,0.1118818411823511,0.6,0,8
-0.9891087066666403,0.14679885437730519,-0.010680016374390705,-0.14603580709052474,-0.98784357500578623,-0.053278648323757186,-0.018371430093097326,-0.051138710125484002,0.99852257004187739,2.2268259074118819,1.5076016804373584,-1.1242067384218539,0.4075769410222142,0.1755539336420676,0.3431372549019608,1,5
0.81188570317073194,0.58287765209934794,0.033094526286354384,-0.57889634790019717,0.79640523796930485,0.17497918539891896,0.075634802669012874,-0.16122139938050079,0.98401577071051693,-12.677854509587036,-10.658196744860074,-0.27886426708371759,,0.0809650923195197,0.3235294117647059,0,2
-0.99228520462748415,0.123971953143459,-0.0010136622656288093,-0.12288365239743393,-0.98459160632552456,-0.12441453583400372,-0.01642195636516534,-0.12333014062717979,0.99222980995433752,0.27741946180624,3.3238182369595526,-1.3761833790022031,,0.2025243163909606,0.2209302325581395,0,1
-0.82232456895087935,0.56900999303728073,0.0031513685067605809,-0.56827826316906271,-0.82152433829550375,0.046449727638488369,0.029019285127401609,0.036405898036578073,0.99891565794057213,-8.7372029184412288,17.018942441763993,-2.9698480887628644,,0.08261694699423044,0.3846153846153846,0,1
0.44204381006808852,-0.8810344905286851,-0.1684502789530154,0.89492684577562398,0.42043843122962032,0.14945723888547266,-0.060854011294088677,-0.2168173241326368,0.97431362366816066,5.1741708978456238,-11.372843996773152,0.1121647917962577,0.3680330524655177,0.4114433711180526,0.5238095238095238,1,7
0.14181940179090449,0.98647620238560219,0.082170307304700027,-0.98485828954870247,0.13225010756833253,0.11208951135305734,0.099706603506852357,-0.096822575750923609,0.99029489650410807,11.44818662116459,10.26544925161606,-1.8509409050603349,0.2402235242149666,0.2136892333820401,0.5,1,5
-0.70341491958409974,0.71077721162369589,0.0017906264094346232,-0.70933925830265365,-0.7021476968852276,0.061858131150331438,0.045224634184651835,0.042241770739567579,0.99808334585226388,-14.050599613369558,21.80250318342005,-3.5109884102542854,,0.2018024263289968,0.6470588235294118,0,1
-0.92470325277654575,0.37977906114381776,0.026301312157314322,-0.38065068177747546,-0.92337806055914695,-0.049779671959262618,0.0053807775292456462,-0.056043036987203407,0.99841385469074473,7.7368956082884903,10.759596164626101,-1.9619821032019311,0.571469676278341,0.6549179682870362,0.6962962962962963,1,5
-0.87604032451573843,0.47562994600825731,0.079558181744821085,-0.48128423733470921,-0.87269771982559252,-0.08224459073008375,0.030312253553754435,-0.11033967677763912,0.99343158949828991,15.050047624373336,-7.5065161520199988,0.00690035872965404,,0.1374713431916275,0.1176470588235294,0,5
-0.72230432536864697,-0.6851268474173966,-0.09422135905220029,0.68754842830599705,-0.7260837600100315,0.0089180818368400777,-0.074522615947761356,-0.058340178244454172,0.9955113275672498,2.3207152786708782,-19.534038212331382,0.96374050606140982,0.4120741911086719,0.5163852895698254,0.217948717948718,1,4
0.73543863067554427,-0.67091964599334231,-0.094851721809612932,0.6772314108032319,0.72324853043419268,0.13516352853578673,-0.022082498308485639,-0.16364104572187366,0.98627276725229851,19.22194782217262,-3.2655671786131677,-0.29205458830890524,0.4609086321456263,0.4443291471743076,0.3111111111111111,1,5
-0.59631796346359445,0.80250029906977316,0.019953857861481388,-0.80008952429742741,-0.59618065784615015,0.066523502009805571,0.065281234364464175,0.023704286596662481,0.99758531827447972,-6.1125968526665622,-16.166371071489074,0.30787544671272149,0.1139061148687928,0.1263812202048974,0.3181818181818182,1,4
0.9638120105741429,0.26658150492638738,0.00084232073006015754,-0.25724386419490741,0.92921395156268149,0.26530553434736376,0.069942852437557199,-0.25592134231527192,0.96416402335932894,2.6984545046778403,-14.872895922759383,0.42148058631331387,,0.1057203249841308,0.3846153846153846,0,5
-0.94394057760455363,-0.32490047990696247,-0.05844539423947305,0.32189730417809209,-0.9451594170599299,0.055279308116243452,-0.073200488485110432,0.033366967185514747,0.99675891467615285,-18.85581907090755,16.741422418359193,-3.1513403545931613,,0.6213248279246613,0.3653846153846154,0,2
0.78161864853448693,-0.60448966177599139,-0.15383282181988756,0.62375622726712721,0.75720779535006477,0.19381569494386597,-0.0006761720207798821,-0.24744414211502611,0.96890192451267021,-3.4766904622012365,-9.6608067832046665,-0.21807505011116057,,0.1741232868623296,0.3529411764705883,0,4
0.040418079360574621,0.97784101716073579,0.20541013611519054,-0.99493339212304199,0.020446805241930505,0.098435122765895527,0.092053919521879385,-0.20834796210536188,0.97371310075771433,-15.461201938103464,-10.217206361447689,-0.33498933113413321,,0.3144011174289452,0.1176470588235294,0,1
0.44401169168571641,0.89354624424938434,0.066548681686481662,-0.8910965484057416,0.43257582228666469,0.13720458954565198,0.093811294979672305,-0.12022174246298542,0.98830469672738119,-15.435380059961213,-2.0909103053277569,-1.0393211585387865,,0.3805659669794645,0.1521739130434783,0,1
-0.92919954443342012,0.35928498453322766,0.086617010533051236,-0.36767780202788836,-0.9224122992463033,-0.11818876467367445,0.03743314735185066,-0.14166809834294572,0.98920620165424944,-11.353559378144073,6.4632050573614084,-1.9289429756320593,0.6782013223809943,0.617166822420761,0.5437956204379562,1,5
-0.96011850303538548,0.27959289377672797,0.00052333416408477742,-0.27924160049215685,-0.95900267191034139,0.048352909151427537,0.01402100865383011,0.046278386082303301,0.99883017690593801,-17.922020635582172,-15.363233591792994,0.13642664089876455,,0.3342832205273258,0.8461538461538461,0,2
-0.77423578891806166,-0.63079547022724314,-0.051536568562710224,0.62818898087373476,-0.77583810555345889,0.058769365149195577,-0.077055483044662379,0.013126641307362765,0.99694039130769618,1.671400440548096,8.4536446014707387,-1.8626232204852784,,0.08248202839601601,0.3695652173913043,0,5
-0.71603707563012775,0.67947585221220219,0.16001085145562999,-0.69701811666312541,-0.70846211609316401,-0.11066695579162608,0.038166102321879274,-0.1907721057211908,0.98089212062910258,-12.500445611668033,10.050557537087258,-2.3150072366117316,,0.3481554601983798,0.2173913043478261,0,2
0.72741622145733242,-0.68207015361240164,-0.075139512321364288,0.684890168506328,0.71491199137890848,0.14080590067897605,-0.042321363920735183,-0.15388680948605962,0.98718172188411679,-6.5946100344794054,10.502055766136742,-2.2820776053769127,,0.0789626336665438,0.2352941176470588,0,1
0.55328107211926769,-0.82627957978162547,-0.10555619958323073,0.83000388780448642,0.53612202987031776,0.15383990157682881,-0.07052376524259063,-0.17272876171509821,0.98244143510561333,2.128223364683981,-11.866290409910318,0.11118351369855102,0.3211387092719842,0.3458212051810592,0.391304347826087,1,5
-0.85850556394948196,-0.50931910996820029,-0.059684511298851786,0.50667639046908508,-0.86042096107845967,0.05435811878679675,-0.07903943325329324,0.016426014672478319,0.99673615066023247,-9.4580845171888033,-8.3345877572896665,-0.45088152985241481,,0.1106956839191156,0.4444444444444444,0,3
0.34434120239348087,0.90694512789435722,0.24265133694851501,-0.93342811920789548,0.30299947853584674,0.19210221830842594,0.10070294239109895,-0.29264628990591163,0.95090328971882399,2.7561210424436768,-17.188786371663678,0.68549093185668031,,0.4402866580032171,0.1538461538461539,0,3
-0.86663573928283666,0.49878055784856895,0.012666906092734733,-0.49849059327113365,-0.86665261377240488,0.020503059811951729,0.021204334884286004,0.011454350864613935,0.99970954483209029,-7.6658391543640345,9.7354910999126716,-2.2285813939073571,0.5405010162206179,0.4128710454093222,0.8580060422960725,1,5
0.64305615543019456,0.7632453779179259,0.062731762690529602,-0.76313006185420829,0.63178631955355835,0.13593584927958538,0.064119339186634386,-0.13528687856511581,0.9887295741659482,19.448775379450133,-1.7848704395038777,-0.44619998897109558,0.153914136351982,0.2041754271399442,0.4736842105263158,1,5
-0.77316420374451778,-0.61825230546237375,-0.14135487553871648,0.62917066148313761,-0.77576123483484749,-0.04836098899303249,-0.079758339858458038,-0.12632732609365616,0.98877702941818457,-10.120691263193422,14.046488859354291,-2.693680026037502,,0.2045737863903206,0.2173913043478261,0,2
0.59071246275078959,0.79775666401423728,0.12100864172353441,-0.80184597947569725,0.56365686683247629,0.19832791450337514,0.090010063601572224,-0.21418506365634762,0.9726371095927655,-8.442485439866509,0.23648781192952323,-1.2257994760336335,,0.08779355351114972,0.2072072072072072,0,2
-0.3371929908352862,-0.93502378415417964,-0.10968778417650789,0.9366304838227677,-0.34494380114151241,0.061131913334791031,-0.094995914151516134,-0.082123669669848187,0.99208441131512315,3.3655928894376386,4.9065206443516844,-1.4613556803440517,,0.09315505149523999,0.1935483870967742,0,1
-0.89103839843416077,0.44604119585652385,0.084248585238971316,-0.45362335440151874,-0.88176755526566963,-0.12927424655482841,0.016626029513992328,-0.15340544344868148,0.98802345370082856,-15.563942350311311,12.003555990706124,-2.6190617377609238,,0.264939493179547,0.2,0,1
-0.68347503556037792,0.72453909906525893,0.08890989647639598,-0.72842521219437317,-0.68487685586420388,-0.018450001115036457,0.047524583168324398,-0.077374325375186986,0.99586878039599736,-9.7279009282710227,1.7039871133631916,-1.4199137251692691,,0.1144382940477271,0.2524271844660194,0,1
-0.066880799010973407,0.99434240538442431,0.082523569832945134,-0.99303914183262632,-0.074373226414613497,0.091333925684839737,0.096954739502393472,-0.075840649041261643,0.99239506973837022,-12.495923039788035,12.194042787853091,-2.5541428244723754,,0.1346348931382901,0.3333333333333333,0,4
0.99471092703046637,-0.10192689579715393,-0.012691712230681454,0.10265087233592671,0.98214875263382584,0.1576281260070467,-0.0036013962380696284,-0.15809723467846057,0.9874169809822797,-3.0441119220762412,-17.066498603034802,0.51686953525653856,0.3448844001911205,0.2964726490713011,0.4,1,5
-0.42394635536856262,0.90568729596249553,-9.849800280176215e-05,-0.90315528779652376,-0.42275300723689108,0.074769117938788793,0.067675799920591223,0.031787054036339503,0.99720086707784183,-14.057799065669489,10.950964334946763,-2.4659919994768491,,0.08583371699385775,0.3409090909090909,0,5
-0.079527386017453627,0.99673088548478772,0.014245588578250132,-0.99209518098463412,-0.080532963094212248,0.096237174326407299,0.097069803442141431,-0.006479488866886509,0.99525648427112812,7.3593010873854992,4.6866042807616468,-1.3121683035919545,,0.09524329340255067,0.1923076923076923,0,5
-0.82979354917168158,0.55800988245387906,0.0082241617732633863,-0.55806401586933208,-0.82976477736753784,-0.0074140698671197993,0.0026869955077701399,-0.010741756095190553,0.99993869548644454,-0.23574827919726796,15.578537941531827,-2.6953361408671359,,0.6206264328062061,0.6666666666666666,0,4
0.64908000204651195,0.75298503196492583,0.1082067122690611,-0.75487721372592376,0.61994937573805586,0.21406345722561118,0.09410389545967747,-0.22062709071819472,0.97080798497979992,-2.1313815525453141,10.392011515399577,-2.135812224128308,,0.2118151276447184,0.125,0,5
0.44091424352987668,0.86055452882498784,0.25503045459568252,-0.89262758775337681,0.39070760221781725,0.22486342332801137,0.093864899904411547,-0.32679270568359953,0.94042326006853283,-21.721361762635102,13.839174124070325,-2.801035589387717,,0.6421542318139755,0.3673469387755102,0,1
0.64325803317609187,0.74774719231327036,0.1646002404070161,-0.76210794662122261,0.60465822755316267,0.23147333658340014,0.073556647906291239,-0.27434023445329592,0.95881533952523967,-9.2764074035292534,-23.508796468755797,0.95784793198779139,,0.3800874243774988,0.3125,0,2
-0.63367373031190322,0.77237501182188917,0.043525218273253632,-0.77169195027841286,-0.63505880024407135,0.034523240115332254,0.054305960889183422,-0.011711590229244567,0.99845565813720794,7.8542353168877082,-19.8767917649235,1.111347931941691,,0.2057068654751927,0.3333333333333333,0,4
