axis_00,axis_01,axis_02,axis_10,axis_11,axis_12,axis_20,axis_21,axis_22,location_x,location_y,location_z,dbh,dbh_approximation,score,reconstructed,number_clusters
-0.80884740300445346,-0.57447594227185539,-0.12547218976257227,0.58586996951476955,-0.8055560380536001,-0.088520327474255978,-0.050222081535060789,-0.1451098249818053,0.98814011213999187,-27.598414743531109,4.5078761565733094,-3.2595926935537567,,0.4212246213367741,0.1578947368421053,0,3
0.2559558652301489,-0.96657256312991302,-0.014969143554534355,0.96465815374415076,0.25438458198682989,0.068725038103388064,-0.062619816904971648,-0.03203068297517591,0.99752332999230242,-5.0949666620981224,-5.7063579508009799,-0.90489972928834905,0.1847676445052227,0.138866524172354,0.6607669616519174,1,5
0.96998340418341178,0.24251648815107968,0.017831112798370897,-0.24316495670045091,0.9668253514385754,0.078227512094813614,0.0017318896122044841,-0.080215290254063015,0.99677605697961513,3.675974112730811,-11.957274665343006,0.086910473680646763,0.2966975477815692,0.3045635268392534,0.8255813953488372,1,5
-0.65871272694140637,0.75217800038377358,0.0180499059300872,-0.75066728936958738,-0.65863600907789632,0.051934845878830994,0.050952566529402638,0.020660669994211817,0.99848734227302938,-10.826432185532271,-6.0622564418681577,-1.1866906784409033,,0.0980108147330252,0.3219178082191781,0,3
-0.96197176269305851,-0.27308635893356947,0.0058453695875870515,0.27244360810923851,-0.96080497187412972,-0.051266815996043887,0.019616528276672391,-0.047724695770200921,0.99866788535128759,-29.241726958442293,9.0350876348353619,-3.7257974979215414,,0.3828527937783099,0.864406779661017,0,2
-0.87009244097161853,-0.49273537225748204,-0.012288087334139408,0.49239072206944173,-0.87006367361953019,0.023250390698263453,-0.022147708323539687,0.014179449000886579,0.99965415131536739,-9.4344277761763475,-14.182568888489925,-0.099520778928471471,0.283453611155236,0.322604963371407,0.8461538461538461,1,4
0.81881826493088927,-0.55898710739585344,-0.13065245034358697,0.57314850682797835,0.78330262947419194,0.24070267921166705,-0.032209286493583865,-0.27197500698415733,0.96176512592188579,-16.082729529389695,24.011857766334881,-4.2513651005244615,,0.403474905035947,0.4736842105263158,0,2
-0.91489647799327545,0.39652627940423973,0.075705642440513699,-0.40167602219213289,-0.91288679058188638,-0.072760434145273417,0.040259256716997913,-0.096977406249777798,0.99447200811569403,-0.69050862356867371,-19.568691968074081,0.64751152858885186,,0.3355281495310132,0.6,0,3
-0.93883857413996408,0.34301614629397192,0.030365360008929036,-0.34302764649173612,-0.93931203835761568,0.0049928287374558528,0.030235169078077859,-0.0057286977659391338,0.99952639613605343,-14.84258347720735,-18.781527434308686,0.099723633573493606,,0.1539186736027176,0.7083333333333334,0,1
0.88317173792784753,-0.46605481522012954,-0.05292060596437035,0.46802289829936772,0.86814985145351109,0.16513752477467361,-0.031020122387972155,-0.17061285013555491,0.98484973847570156,11.002907766092594,-2.740474372256593,-0.33017702605396138,0.8083132716743547,0.6980668774471956,0.4894736842105263,1,4
-0.39189026337864757,0.91702314883899971,0.074098353304379666,-0.91869118247625514,-0.3943704960972802,0.02187288386029183,0.049280145184394289,-0.059501733599883519,0.99701103854933038,-14.702431628314415,6.3793321586789338,-2.6724176154916348,0.4242929078780451,0.400873923288012,0.6291390728476821,1,5
-0.12503158585405705,0.98760866950488713,0.09484839723267123,-0.99016953664372875,-0.13025167225922388,0.050978334382553232,0.062700807343791215,-0.087542091547225365,0.99418559181169697,3.0848079321357482,-19.119017351419618,0.79163611512976928,,0.146358714934796,0.5,0,5
-0.97715123534149306,-0.21252914473447132,0.0026126440687385746,0.2125196629497958,-0.97676944922454789,0.027510651051548058,-0.0032948642310324265,0.027437304896964991,0.99961809615957431,-11.74407158269122,5.1157743171243935,-2.310468357988984,,0.09017118054550929,0.25,0,5
0.94055214075806914,-0.33953980072087842,-0.0086252096692323917,0.33849205233904711,0.93495058835805611,0.10625689545729769,-0.028014300253829651,-0.10285971541546085,0.99430130137998796,-5.3395316474815244,-4.3809193418797525,-1.0867373832434515,0.1822001344278562,0.1518044166606186,0.6111111111111112,1,5
-0.99144349893881845,0.12978861065361319,0.013953671794851963,-0.12971192103256987,-0.99153189063028579,0.0062711566055718782,0.014649435279012454,0.0044075398734532119,0.99988297697194073,-8.0882698524758077,-12.7289734211991,-0.12340302540105066,,0.1060175962991627,0.6111111111111112,0,2
-0.21219622937032159,-0.97679654159427387,-0.029004768064646361,0.97553081410629583,-0.21348260744531095,0.052581432535248072,-0.057553374967290141,-0.017137463284199177,0.99819532977371594,7.6113129629592047,-8.5361761437711436,-0.044276697097532097,0.1350115903148985,0.1068984924344501,0.4615384615384616,1,5
0.76391397477119949,0.62319784909163922,0.16751083558033611,-0.6438128040520249,0.71828807003676098,0.26375617866039658,0.044051248426544495,-0.30933265157499995,0.94993304931539457,-2.4892290211502401,8.1377817091851181,-2.1192302046085576,0.5968838521513788,0.3773169753663951,0.3541666666666667,1,4
-0.7652629777917811,-0.63720008766040981,-0.091370800077610198,0.6428887124989745,-0.76374067879232588,-0.058260440259654364,-0.032660039232486032,-0.10332581402245936,0.99411121007356584,2.9808875408205586,-25.162945849340147,1.2322250289295458,,0.1931187349329883,0.3636363636363636,0,5
0.94794801476723756,-0.31807256685455099,-0.014980103918475809,0.31661520912826413,0.93650754976833239,0.15069312716769129,-0.033902369349600101,-0.14759217947259132,0.9884670848900392,3.151458593734497,-22.136810912424966,1.0307290133877209,,0.1959456291145141,0.4358974358974359,0,5
0.93863203800416106,-0.34475994700854629,-0.01051076452118134,0.34341213633533485,0.93124791899450099,0.12184177438798376,-0.032218036094037172,-0.11797411710657289,0.99249388201800426,-0.43061479691688753,10.029614094778237,-2.2854888729933025,,0.117437133189642,0.3829787234042553,1,5
-0.55469005377936109,-0.83107931608387076,-0.040325111479258817,0.83086400014497697,-0.55583822126999094,0.026624895088990668,-0.044541637838508487,-0.018736118941167057,0.99883181784807273,-23.426376771158399,1.2591439462634779,-2.7261007421910355,,0.07395498441479237,0.375,0,1
0.28907687565010054,-0.95717532854445664,-0.015809819423007923,0.9554755120299675,0.28746403957163047,0.066565545624082456,-0.059170143446236244,-0.034348455263253787,0.9976567935645908,-5.6303385620002961,14.21671198752073,-2.8355445084098814,0.6986947973681256,0.331328596222629,0.5131578947368421,1,5
0.83053575117688538,0.55453655405517799,0.051957446373512253,-0.55666815064918274,0.82342588930246141,0.10995624074726598,0.018191648354856167,-0.1202456445908141,0.99257747752358072,7.8910341773331112,-5.3760319352416213,-0.29153005531315018,0.3205176714681276,0.2569608028623874,0.6311475409836066,1,2
0.041823473272404356,-0.99826246059699686,-0.041507310756810807,0.99728305689569985,0.039188883310910631,0.062375763350942734,-0.060640757846529676,-0.044003308826426009,0.99718925350212528,-8.2879404341095189,18.404653942443073,-3.4055436357390301,,0.09610006875560057,0.3529411764705883,0,1
0.40320323204824754,-0.91274841763825521,-0.065707532024180823,0.91315938298757959,0.39661881453482806,0.09398647359450546,-0.059725161595344647,-0.097897099322959466,0.99340276978502584,7.1812190846587995,-6.3313137711791319,-0.24013592866770758,,0.07818954823210771,0.1923076923076923,0,4
-0.89318261246524844,-0.44679322362763774,-0.050996432327930927,0.44946151001634477,-0.89060891464696934,-0.069282841780444679,-0.014462773025277769,-0.084803163100032247,0.99629275402596817,13.386072111798851,-3.380818301730995,-0.21911964912059151,0.6099118776960255,0.2920770090504016,0.1724137931034483,1,5
-0.78006921246596705,-0.62560136112921894,-0.010721973512264199,0.62504516051563119,-0.77992655356643137,0.032142158576863311,-0.028470530004167643,0.01837139067299243,0.99942579560767053,1.3423920910958289,-14.583556804196061,0.37925528716709644,0.2648548945421996,0.2688738738575133,0.7303370786516854,1,5
0.89295220717664137,-0.45001488209527368,-0.011088804766202304,0.44872653863472378,0.88789701470693594,0.10140702539475335,-0.035788953928073269,-0.095527468129796844,0.99478321940483416,1.3143675398433978,4.9512904278327268,-1.5301012421034426,,0.1441627161359004,0.29,0,5
0.75154148856830383,-0.65595534626070495,-0.070056938789364351,0.65795891928478656,0.73765622368515282,0.15150365075520597,-0.047701692780587647,-0.15995586694635053,0.98597092712478496,17.688735898198857,-7.3065502657896442,0.23030706956850869,0.1566847684878356,0.144900151848137,0.6129032258064516,1,5
0.71022898753441732,-0.69696262477518744,-0.099085240739065092,0.70222088334371313,0.69149281223545289,0.16948015111711612,-0.049604599200197649,-0.18994944141320017,0.98053994994849758,-2.8945504435571889,10.628702951261065,-2.4987593045858194,,0.393386700594003,0.25,0,1
0.20541298461648094,-0.9763180283251307,-0.067886768359359612,0.97658488310673874,0.19994905748069788,0.079387281726839315,-0.06393333902077504,-0.082604370222818982,0.99452956023526284,5.9775030050287166,-15.567396610740419,0.60397171174685482,0.2503614367980599,0.2143596703900703,0.44,1,5
-0.29311030852307302,-0.92938460274698986,-0.22434483995476601,0.9471607534016433,-0.31424359167053539,0.06432318640765472,-0.13027990732703584,-0.1936368386201924,0.97238465664367468,7.2152328315655128,-32.488980887178549,1.7352065728697064,,0.3079981133954339,0.4,0,2
-0.68727796552231879,-0.72633512408734757,-0.0092890055721806929,0.72546434529535131,-0.68698870294421566,0.041809158472894375,-0.036748902197071331,0.021995671029584118,0.99908243335736258,-9.8046496914477093,-12.399858582728021,-0.28925632392425904,0.2405432811855779,0.2149503486918606,0.8076923076923077,1,4
0.54163267349078659,-0.82042018947123108,-0.18315228558555588,0.83865366853792711,0.51251090220916629,0.18437082026346643,-0.057394000166395266,-0.25346259650042308,0.96564105179935478,-4.4759462545205553,5.4082076299919164,-1.8605121515623051,,0.7054607498053358,0.226158038147139,0,2
0.17548913238001398,-0.98237153045890757,-0.064418479959821889,0.98281414367275877,0.17100997444466923,0.069512212144456728,-0.057270615618240622,-0.075510031017459289,0.99549902652009192,-7.8000340742969652,4.1806401224663148,-1.9602150703588115,0.2538909716668181,0.2091142197171122,0.6206896551724138,1,6
-0.97971338323198343,0.19940001073720431,0.020033033573165642,-0.20007821287573738,-0.97891829684566989,-0.041081344101959807,0.011419082651065867,-0.044256116173646984,0.99895495430606529,-3.9645608154277339,3.47481671924099,-1.7605511808780376,0.3826410996709185,0.2858927319403873,0.8524271844660194,1,5
-0.36703795608478001,-0.92371255410160635,-0.10971898736405204,0.92823588885019126,-0.37137643212162857,0.021393464308141381,-0.060508457620414575,-0.093992888346380934,0.99373239028256644,-15.650965963869538,19.881493667939026,-3.9055572334499797,,0.2626383481295521,0.4117647058823529,1,6
0.64806375359364166,0.71945337925135844,0.24980033299001159,-0.76140827165615943,0.61915589550984274,0.19210263118704188,-0.016456461700492805,-0.31469479204334722,0.94905024773670166,-19.549081513048346,0.99276121777644666,-2.3612477478224281,,0.6327563341947541,0.9253731343283582,0,3
0.53293107079518098,-0.81860769656002164,-0.21416328563457654,0.84427800663918273,0.49756756580113021,0.19905065930085739,-0.056383696991860091,-0.28689363289455089,0.9563016899065363,-3.7677662589806382,-29.476902321178823,1.2530971899595049,,0.2855372692917971,0.2727272727272727,0,1
-0.7043598372642067,0.70948226152699922,0.022630515408965896,-0.70812034213997432,-0.70451301403646749,0.047191038352828125,0.04942469723434112,0.017214343780326061,0.99862949369198328,-3.9894551831128049,-10.308308316678811,-0.30801551882861156,,0.08381133626468158,0.3777777777777778,0,5
0.44725237468764889,0.88408758199152071,0.13547863560224413,-0.89424506471537957,0.43912189273683477,0.086589419396405645,0.01706099552915653,-0.15987842470954736,0.98698926627595529,2.2592024605372747,9.4164824683396837,-1.9268217389588063,,0.1968690711864893,0.2857142857142857,0,5
-0.4650819587097616,-0.88505174282556132,-0.019549532069293551,0.8838043401861656,-0.46546916533676724,0.04720534279919885,-0.050878875290127447,0.0046763919991668701,0.99869388273238258,-4.9383373514478093,2.8798779717038498,-1.784508737978669,0.1707076811934508,0.1127947080934376,0.5606469002695418,1,5
0.38571279118603063,-0.91959129451251698,-0.074682620282601545,0.91992584011831935,0.37714461694026818,0.10723053014689257,-0.070442113810467138,-0.11006265928902534,0.9914252970507369,14.873595063811131,-3.9368604771895628,-0.11582212745051298,,0.1107011376747688,0.3,0,4
0.99829348344347946,0.055699338492520997,0.017541510932032992,-0.057705864143492172,0.98698569160101424,0.15009756100057123,-0.0089528854419066838,-0.15085366507434594,0.98851556263718021,8.9887193569055786,-11.040123699831035,0.27180667246805923,0.5431530206362938,0.3187068590049132,0.7173913043478261,1,6
0.74426814293221888,-0.66568625429200634,-0.054099373960368249,0.6639254515720534,0.72862641192790167,0.168245495024134,-0.072580480647831291,-0.16113771342472707,0.98425947348307485,8.2190649803086213,-21.92000345696859,1.1043067029437963,,0.4818714355108978,0.6481481481481481,1,4
0.91520382633127118,0.40134919272883252,0.03634256133673866,-0.40259442319655148,0.90657592406780696,0.12664053186731999,0.017879784104854076,-0.13053321185244818,0.99128270131373108,-8.6500750553220591,-6.2660054600524342,-1.0112941155125192,,0.08247129556335248,0.4390243902439024,0,4
-0.6928647430968069,-0.70932572735574217,-0.12959730045276402,0.72014546637644461,-0.68979708839305653,-0.074635675798609524,-0.03645483549338073,-0.14504133671374414,0.98875378917779222,-11.211306401327052,18.661326218000649,-3.5691511356288252,,0.3778332697471576,0.3333333333333333,0,1
-0.0086703179212035946,0.97109426151853118,0.23853880362097343,-0.999041310854349,-0.018648772481661319,0.039606596563612921,0.042910194517979276,-0.23796671727514199,0.97032497477686508,17.344263807807199,-0.18815367951231135,-0.19608147513091875,,0.3065356272311708,0.4,0,2
0.954110753275348,0.29867506399803423,0.021584175456105109,-0.29939536754213436,0.95001718508559119,0.088485942026750933,0.0059232067885637008,-0.090887590945196536,0.99584354264790031,-2.9012541075979001,-3.8519573446339974,-0.93839945294776994,0.2190993172791617,0.1966597270387639,0.8129770992366412,1,5
0.36162534007487768,-0.9128631200087306,-0.18949416229440111,0.93113107489002034,0.34334794839293553,0.12291097472772339,-0.047138464017043198,-0.22089162605741719,0.97415853676279307,-18.110111027033266,7.483647796207749,-2.9259510317665796,,0.2708303402284705,0.4347826086956522,0,5
-0.3471905560084429,0.91893073000756265,0.18714975625502925,-0.93589637452252317,-0.35220917699281873,-0.0068316760490184526,0.059638024566090742,-0.17752467177778403,0.98230763864282622,-23.638905954333215,3.8840080962484285,-3.1172554495110769,,0.3575956545911931,0.2352941176470588,0,2
-0.055419492077421632,0.99552294382566231,0.07656858503699919,-0.99687957063015542,-0.059485999957158503,0.051889666305865889,0.056212112201177486,-0.073453959224704296,0.99571316869673787,1.8968815259092942,-18.912714625569944,0.70223125025685984,,0.111406694392345,0.2592592592592592,0,5
-0.40018712765346726,-0.87913381282890379,-0.25879335772268675,0.9091002319954592,-0.41648001986711414,0.0090089531740165825,-0.11570233811929194,-0.23166383445070396,0.96589069607348821,-9.138152519876682,-7.5703345434138969,-0.96195981913302153,,0.2444659715886575,0.2298850574712644,0,3
-0.99072593877870374,0.13550649537591516,-0.010005195749929981,-0.13362471845537019,-0.98501729355392198,-0.10902002576330252,-0.02462821245605035,-0.10667202590485106,0.99398920016294734,-5.5670145313512718,-22.554289868619446,0.75784976926359959,,0.4333199688212269,0.5507246376811594,0,4
-0.77078512281254563,-0.63290909717319332,-0.072913436116145411,0.63415260004746865,-0.77317091630970514,0.0075639953627261169,-0.061161869689254467,-0.040408029996836244,0.99730958924894075,-21.46236196078339,15.089957642560341,-3.9171528319816185,0.292323920066951,0.2702923228628731,0.75,1,4
-0.99363703154273619,-0.10843977905310194,-0.030434583385570174,0.10868801715344202,-0.9940538714792897,-0.0066193295950576379,-0.0295358168025176,-0.0098850855307047875,0.99951484261608559,11.646223823835129,-13.731187638555578,0.6124526576874032,,0.1749560161954447,0.5,0,5
0.82352993326619861,-0.56463852055950248,-0.054605769978533329,0.56567177732332607,0.81016510772258188,0.15377886255506124,-0.042589779929479814,-0.1575304393735871,0.98659529256748713,7.0653981410420181,-4.6733837326140533,-0.3560019719098278,,0.07905886823836043,0.3333333333333333,0,2
-0.7075274477706005,-0.69262740625736441,-0.14025757288794505,0.7065860369359741,-0.69669017395145816,-0.12393132746243733,-0.011877838958971749,-0.18678885839547241,0.98232827472336459,-7.6707163173698412,10.571539683453331,-2.7039810089739666,0.6345538107820211,0.4405579937223556,0.2765957446808511,1,5
0.84544537908267059,-0.52638466222547009,-0.090229143637395343,0.53250660471239675,0.81798083993886039,0.21758690546674028,-0.040728699039314614,-0.23200545870020997,0.971861430558838,-2.3873606424024225,9.3403821955792434,-2.3380004441566027,,0.2479266135923386,0.2727272727272727,0,1
0.91450903012578477,0.40251536375939478,0.040676968373250542,-0.4043610379529235,0.90621888317287635,0.12352929517543054,0.012860202332414555,-0.12941683707519064,0.99150688221384675,-13.409460201844428,10.595605582534931,-3.0771983534933582,,0.08116963301487509,0.1739130434782609,0,4
0.68357496350765756,0.72805828585135257,0.051540291701681548,-0.72894865691997068,0.67743140654103851,0.098592824314962593,0.036866310366989688,-0.10496581269642175,0.99379225863603138,-25.420085235711671,7.1441953965817779,-3.4258430735509147,,0.09335126422481461,0.4117647058823529,0,2
-0.82395768344815057,-0.56664333245876042,-0.0030115887483655544,0.56630068925460253,-0.82362312622491884,0.030797326138061337,-0.01993151365352297,0.023670228717163351,0.99952111285152845,-2.8645572951553473,-16.982520505869211,0.435019118933199,0.2512548708139843,0.2316026466784456,0.7162162162162162,1,5
-0.93317696752138446,-0.34786094138887219,-0.0904074816795611,0.35860340883763842,-0.91804527792051205,-0.16910488714958766,-0.024173176407291719,-0.19022521689801525,0.98144282788070991,-4.8982296655840587,7.327635209961163,-2.2165710339901916,,0.461547643696551,0.225,0,4
-0.41394481533208904,-0.90913068217961923,-0.046163758288307342,0.90883325213630051,-0.41562477418321786,0.035751460061134777,-0.051689550888323305,-0.02715602704313751,0.99829391489891106,4.7094496195854942,-8.6763929846480341,-0.098683351384580439,,0.08790759529730127,0.1764705882352941,0,5
0.611329647590657,-0.7905072100738062,-0.037073073759952987,0.78907994683036409,0.6053207094999723,0.10459290683713039,-0.060240347665609942,-0.093194363948567199,0.99382388331200266,-10.986326801045241,9.1728718944965451,-2.7345221187488065,,0.1183341244731178,0.3116883116883117,1,5
-0.95364140061499914,0.29856008960663633,0.037814705170599636,-0.29878924407311785,-0.95431902614334818,-0.0004289137740436245,0.035959236077492511,-0.011707657104993316,0.99928467620885419,21.459967117934628,-18.362475493876843,1.0386896483138361,,0.2480764011886779,0.7368421052631579,0,4
0.94066424067256593,0.33743018708080136,0.03593960442910428,-0.33733545388904246,0.91836032416166169,0.20692778101347606,0.036818173085838249,-0.20677326677378505,0.97769588230610782,6.5814383983926756,-12.954424937500859,0.40749445256380828,,0.5334100054901383,0.1025641025641026,0,2
0.8713217068074115,0.48931022421615289,0.037067340392295124,-0.49031340382815775,0.86508131906731467,0.10595790403363632,0.019780022059288388,-0.11049803563092706,0.99367949302028036,10.946557093706023,-4.2805856015545576,-0.22047302903883712,,0.07596397314080795,0.2647058823529412,0,5
-0.0060726383920761485,-0.97365085953310826,-0.2279629943508342,0.99816736099056103,-0.0196277879600943,0.057242199406840173,-0.060208325969901874,-0.22719760929691352,0.97198570144507235,-11.994556252887516,-23.605678623350418,0.58354809356577753,,0.1926506131499026,0.4285714285714285,0,1
0.99658655416004138,0.06461207214592915,0.051385992258825917,-0.075327585577632916,0.96639378207588644,0.24578204331502382,-0.033778616289884836,-0.24881386235110192,0.96796212063461862,-13.297994357798073,8.5473207464688929,-2.7494921134313306,0.4462827114248288,0.373771263999536,0.2222222222222222,1,5
0.47040674578067759,0.87670879236874588,0.10049471084275385,-0.88107398876422538,0.460261334438126,0.1089409488866947,0.049255658021499872,-0.13978983297998179,0.98895534921870887,-0.23224898831008764,-7.1028844657941752,-0.51098387353519381,0.2132500254358151,0.1502932433240223,0.6515151515151515,1,4
-0.54582932323361977,0.83736733183127587,0.029770815912583196,-0.83614840453072403,-0.5466405528195718,0.045165823515573154,0.054094320395541899,-0.00023998934408992742,0.99853580151442844,-7.4706543779564107,8.1126995746095343,-2.4970670500855578,,0.07275101716691852,0.3142857142857143,0,5
0.46045277045006733,0.88706433308282384,0.033167983917975576,-0.88626402499731605,0.45728235508324572,0.073681244052186637,0.050192869816490626,-0.063322323882228138,0.99673013354555506,-3.1829764253526598,-13.359710343328508,0.0554405349010587,0.2990343459786096,0.2790958496987742,0.7834394904458599,1,5
-0.66212782586115959,0.71595246071559282,0.2213567622993742,-0.7438877877352621,-0.6636692625377949,-0.078575245598580326,0.090651538755343958,-0.21669144874181631,0.97202217802036883,-11.238746149418889,-7.8284799996733492,-1.0689800645205108,,0.3382750412356219,0.1805555555555556,0,3
0.81631272359420148,0.57058874777682944,0.089788742104381578,-0.57676261594734723,0.79678818967041776,0.18020395569274242,0.031279740149018936,-0.19888957165273619,0.9795225960354369,0.6020060817441123,10.700153494557757,-2.3063792600995132,0.7026062250185167,0.3919723805164776,0.4285714285714285,1,3
0.92992475051875878,-0.35200756364636365,-0.10644544850944322,0.3677123711953823,0.89415945448754552,0.25547305537063059,0.0052507563735776676,-0.27671202555416191,0.96093854354543373,-23.308178604155064,7.2326697828185145,-3.3936093022801872,0.469904462414067,0.4710565763088014,0.2272727272727273,1,2
0.73375531012832562,0.67147559032600357,0.10355518555258443,-0.67922168484742029,0.72135244556702327,0.13530909839144867,0.016156970369373681,-0.16962069705911512,0.98537696920400153,16.030013871988444,-2.3617112834533929,-0.15623508587131418,,0.1399975531742462,0.2380952380952381,0,4
-0.9996675633423624,-0.024959816701429025,0.0064629986365644819,0.024280154428352435,-0.99567285534133632,-0.089699717041732741,0.0086739208020670117,-0.089512974962642308,0.99594788538921963,-8.8748656012980813,-4.7973681748727888,-1.1861645009897037,0.6616947059699585,0.5178262461400143,0.2437137330754352,1,1
-0.85273060089541441,-0.52162286367009114,-0.02757009962185725,0.52182632573480425,-0.85305172087661751,-0.00021743862399231062,-0.023405299969445757,-0.014572220354311142,0.99961984890621591,16.324927278355933,-11.490699021317951,0.55224798849282419,,0.3570921191395567,0.5714285714285714,0,5
-0.3209356012539788,0.94493398008717255,0.064032125721095623,-0.94530171898670767,-0.32375842746383166,0.03981382582624543,0.058352377231119842,-0.0477520043847574,0.99715332128450329,10.216205410243173,-6.7072216701282104,-0.076453661573159623,,0.158228437875606,0.5294117647058824,0,5
-0.71653145861342116,-0.67937383261747308,-0.15822093531505102,0.69692593294808691,-0.70685588710854164,-0.12103304856292686,-0.029612713515691232,-0.1969922597835839,0.97995772193681674,3.5560587833566522,10.368603068730135,-1.9892586873827769,,0.1604618218211223,0.2666666666666667,0,4
-0.30201468413602828,-0.92140490649741591,-0.24454064866337225,0.95319194404421503,-0.29579514288485192,-0.062692513547788195,-0.014568746528948909,-0.25202823597410223,0.96761021072349052,-17.645273768194208,0.1570601251645625,-2.2055460586255107,,0.2868167923870223,0.2727272727272727,0,2
0.6874231396485333,-0.72225708557515045,-0.076119179004006665,0.71963469667594093,0.66328137135804355,0.20538677111615691,-0.09785361728561999,-0.19596562133671322,0.97571622146925308,-9.9927382919182648,-29.867649598749164,1.1753908105903368,,0.4526192793869299,0.3809523809523809,0,4
-0.89887059480781495,-0.418188490965756,-0.13095816054614504,0.43787169707380763,-0.86893582259064595,-0.23069224763832427,-0.017321394041753063,-0.26470534985621691,0.96417376393778176,-3.8813653028309698,-5.515845046440961,-0.85018765197069268,,0.7322108446981253,0.3508287292817679,0,1
0.78828542760335396,-0.6150868070561909,-0.016562137954339775,0.61404101473936834,0.78464737236771498,0.085335416178092705,-0.039493250639129937,-0.077438497027394151,0.99621461660231347,-7.4172596068563283,-3.6364891657531158,-1.2293012907255594,0.2592146685080564,0.1759098587593177,0.7937649880095923,1,4
0.050644110356528785,0.99810081693671904,0.035070405136688243,-0.99694066169903106,0.048429559463003355,0.061350589412970752,0.059535629141676427,-0.038070158923691616,0.99749996083319814,-5.9054303078057622,10.648143215980989,-2.6292509213508684,0.429193777486285,0.1931188858115899,0.4380952380952381,1,5
0.10016226852920129,0.99145932446822738,0.083522020378409154,-0.99360933711856603,0.095281730380046906,0.06051344517203288,0.052038496845016428,-0.089049423247942697,0.99466687642914953,7.5371427935585471,-5.1697192965256251,-0.30414595003139738,0.6585404695496072,0.4352272628942774,0.3461538461538461,1,5
0.97432399631364153,-0.2153228110094646,-0.065793899917820156,0.22393080232829071,0.89637158291375385,0.38258722026917963,-0.023403973509251413,-0.38749719018809953,0.92157375267544672,-12.848022915095564,-17.538252310684165,0.053277206177164825,,0.25660143921307,0.4285714285714285,0,1
0.31085709334393785,0.94109046317828815,0.13310374762805702,-0.9488953464374138,0.29926447992304062,0.10019177893326643,0.05445630383324624,-0.15744685189379692,0.98602484745646957,12.390089406988681,3.8628458852377632,-0.75167312133734188,,0.1449465777231665,0.7,0,4
0.81516405696094862,0.5788018894066721,0.02226955451356687,-0.57862864967879002,0.81196381931658934,0.076835160517277998,0.026390263542950709,-0.075519063421643481,0.9967950767585334,-7.3421693674840629,-9.0195151777981533,-0.81034065120689458,0.4579826373264957,0.4419488430022526,0.9420529801324503,1,4
-0.047889241069957754,0.99698143232231917,0.061111735323748542,-0.99719463212146608,-0.051243908604962321,0.054561227066657843,0.05752813448980066,-0.058327398668401968,0.99663856452913779,14.758586058095553,-11.635908974641778,0.53004441451777728,0.2301372093036455,0.2169370066236117,0.4545454545454545,1,5
0.13758807836113798,0.98687557478163312,0.084534730095449387,-0.98796766422998561,0.13065063708264724,0.082766572152316031,0.070635792122942298,-0.094905273453689043,0.99297712659549464,3.5098043599603952,3.0655276291252362,-1.1345570690482427,,0.2132519033118743,0.6097560975609756,0,5
0.97139078625100783,0.23156460586502803,0.052704588957918456,-0.23748652717526761,0.94744687968313501,0.21434682080432571,-0.00029966127518657291,-0.22073115658933384,0.97533464345005982,18.833965139447148,-5.2846597701620412,0.19417851649481441,,0.4372412646553362,0.2666666666666667,0,2
-0.60761859071601509,0.78332944645603142,0.13112828272790911,-0.79238235131295476,-0.60913861126836,-0.032868854403616955,0.054128158513254233,-0.12387546398274614,0.99082037316509741,-10.629014972416453,1.9569883505115682,-1.9497105996016832,,0.2590467112184933,0.3675213675213675,0,2
-0.23661832835462346,0.96374561020408311,0.12331328192462497,-0.97006268235276549,-0.24147583821512897,0.025842056126737095,0.054682346266597757,-0.11350690891156971,0.99203126091677163,-1.3171494502673053,13.489520184156664,-2.6066134113486088,,0.1682738737085857,0.5526315789473685,0,5
0.036773557634658102,0.97904037099708874,0.20031888931594655,-0.99752928716594069,0.023955473839241626,0.066041324330669615,0.05985838876132369,-0.20225253331175203,0.97750237138529661,13.21065825858836,5.6601234538330392,-0.81900341349557459,,0.265758858177522,0.3125,0,1
-0.43383714322317346,-0.8995269613320247,-0.051347628929969191,0.89955798856098768,-0.43565632094833096,0.031606885861699553,-0.050801165105393183,-0.032477928729198427,0.9981805576995556,-10.220821622071719,-24.55375907078642,0.7628750507291977,,0.1936091719069776,0.7307692307692307,0,3
-0.67407017207311926,-0.72888462152377798,-0.11981907872895314,0.73848364815077538,-0.6685946663962179,-0.087310214067154987,-0.016471324635188293,-0.14733764139781036,0.98894909620874472,4.7949310752691741,-5.5103262270585711,-0.39752848136164343,0.7068648516603916,0.6114934611165053,0.425531914893617,1,2
0.16724290935789743,-0.96129448144213003,-0.2189582819132721,0.98094787646995896,0.13997814765281971,0.13471221855779617,-0.098848737566971878,-0.23731632503599775,0.96639013289293496,-14.491080764769482,23.615799526771106,-4.1669001083117756,,0.5509913670865909,0.4166666666666667,0,2
0.99350337794119115,-0.11377000656842251,-0.0027246329777165551,0.11269775587044338,0.98024768848498323,0.16252287544100696,-0.01581941342806566,-0.16177408576551522,0.98670101415450251,12.729537096822234,-2.2579801517446434,-0.31807628069974886,,0.08565154499147937,0.3235294117647059,0,5
-0.49523676133677752,-0.86775775743928452,-0.04167762738692387,0.86866709660060193,-0.49530892909544549,-0.0093026900304754717,-0.012570819549258073,-0.040811017657813524,0.99908780161384914,-19.195290834276609,3.5903495658799138,-2.8297783007952311,0.3227506938261381,0.2908990680113872,0.7292817679558011,1,5
0.9841386831701272,-0.16443819715952537,-0.066566745474704703,0.17738947972934441,0.91641304754178898,0.35877583360160198,0.0020061828235594472,-0.36489341678097864,0.93104713608945866,-19.403009424194657,10.661192894557084,-3.5277142165225635,,0.615125760451981,0.3396226415094339,0,2
-0.881956952564529,-0.47129607399344592,-0.0056519431573855737,0.47110959853160056,-0.88184786593320064,0.020002187891690414,-0.014411106636349164,0.01497838400577904,0.9997839606725506,-13.976326418843966,14.248818493789678,-3.3130471349712152,0.1535030342428804,0.1564513409415672,0.6037735849056604,1,5
-0.70440341502865311,-0.70688153377252805,-0.064298725550115315,0.7087563701009767,-0.70538616020743106,-0.0097351337486278351,-0.038473844846316545,-0.052429592781312817,0.99788321013209125,-14.766899696476273,-0.78403578270915386,-1.9631870464333885,0.4132310828030299,0.3474712332600201,0.5558312655086849,1,4
0.06517300856110439,-0.99774709367370051,-0.015912762826689006,0.99663103993021585,0.064287876104452704,0.050927784495257658,-0.049790051242302139,-0.019178270299033465,0.99857555785510144,-2.9063843089336365,-7.6436326690523337,-0.60373901859253787,0.1947609001227845,0.1929066420196894,0.6907216494845361,1,5
-0.70772350010716989,0.69267753226682183,0.13901540809854035,-0.70503780265815064,-0.70506931276739016,-0.076150909493505281,0.045267474184280836,-0.15190490606450879,0.98735796714996404,-16.23508695501166,14.385157778728075,-3.5532136811345598,0.3506330993802247,0.4252057801991654,0.7433628318584071,1,5
0.32037474039290548,0.93081540493027404,0.17590539406928224,-0.94574909673218532,0.30370012707806476,0.11543343901584194,0.054024732747466879,-0.20334432560870339,0.97761567780713698,-26.828351015156329,8.6320742180421863,-3.6477764601497631,,0.2741340268114844,0.5652173913043478,0,2
0.99880380418204839,-0.044513588867832979,-0.020236134946476234,0.048289547605675352,0.96300714868570059,0.26511384568195223,0.0076863738853685994,-0.26577391141031936,0.96400474463051899,15.663488138784681,-1.2156770490479207,-0.24204321929470599,0.5477342909746211,0.2635894556392062,0.3488372093023256,1,6
0.46178211696838889,0.88639281316255991,0.032635214446305336,-0.88539070144063148,0.45842482763753212,0.077006384202642233,0.053297112967395525,-0.064455086527456948,0.99649634197526216,10.444713676464428,-9.513300189504152,0.13547339067222403,,0.07738076620762038,0.3157894736842105,0,5
0.84828335394484888,0.52202392148073729,0.088917809363206382,-0.52953888899553991,0.83686076410518229,0.13875383433498212,-0.0019790051662158916,-0.16478800594449605,0.98632702316999765,-20.279560462111657,2.5255378212416311,-2.745324596757869,,0.1378475267837585,0.1224489795918367,0,3
-0.26830717985445202,-0.9612359443557289,-0.063535159692103674,0.96174203632871669,-0.27107013395975527,0.039664064760610511,-0.05534900899604521,-0.050462280503270236,0.99719107770254611,1.7626000992152635,-29.107349495107385,1.4056326030914843,,0.5607406868826894,0.4782608695652174,0,1
0.34664954338321408,-0.93446164532312648,-0.081335893012890847,0.93607141100600044,0.3390856660408289,0.093761530399639276,-0.060036718509959577,-0.10863859583795617,0.99226672216945433,-10.192596202616825,-20.040134003772121,0.39117228459677794,,0.3456295021641777,0.5,0,1
-0.74754694407105449,0.65152816409588421,0.12916895060298161,-0.66250225978566246,-0.74532302563609842,-0.07472846335596256,0.047584894545637094,-0.14143775608549342,0.98880283118758439,-19.337904547663534,16.749539008557559,-3.886082252780072,,0.3665239568198498,0.2105263157894737,0,1
-0.89119676721082941,-0.45313084337024034,-0.020994306360067834,0.45272069556295036,-0.89139077057288951,0.021597822725164906,-0.028500770550359107,0.0097433528132679567,0.99954628364773157,20.581943194909453,-10.514081902826586,0.55340237880030108,0.503038070104019,0.4580692676487671,0.75,1,4
0.96688993596059447,-0.24599770510053498,-0.067889475056062104,0.25517967948392306,0.92920220717075186,0.26733235750182849,-0.0026800963788089693,-0.27580498051027541,0.96120987812710657,21.798973821133075,-12.944120294855894,0.72065029509440648,,0.2905522319773846,0.35,0,3
0.82111588602324892,0.53421859290445906,0.20094575565419423,-0.57016453403304002,0.75164204513987676,0.33158202621497829,0.026098004734878534,-0.38683941238338682,0.92177771896251381,-19.955614212337942,5.0945273394463291,-2.9489019790279967,,0.4911917465272315,0.1904761904761905,0,1
0.48688458063152468,-0.86215861478558165,-0.14009256973255629,0.87156740824949608,0.46896666136201964,0.14297035849509709,-0.057564381526428079,-0.19171018095544004,0.97976198563605854,-26.12918933072072,15.995026715333145,-4.1209584338702188,,0.3604317532963964,0.4285714285714285,0,1
0.64280220704393054,-0.76532288156768979,-0.032957693614409533,0.76393971008961703,0.6372748892034531,0.10137472534572048,-0.056581286373195677,-0.090341588095715769,0.99430224554342639,17.191992292362958,-12.863121043278493,0.63759900923595425,,0.2522196600224821,0.4761904761904762,0,4
0.7182945838106416,-0.66152723102469446,-0.21548692183308213,0.69399801415517315,0.6593664671272631,0.28914117378330412,-0.049189909706891029,-0.35723603491376904,0.93271794672457942,-28.758156278306586,5.5509858646951704,-3.4227366959765431,,0.234861744271035,0.3636363636363636,0,1
-0.92981140393054207,0.36686723650134273,0.029311838949171852,-0.366839090022473,-0.9302615156614904,0.0065264470173673709,0.029662015309116118,-0.0046843634631028473,0.99954900909697642,19.499554154595312,-19.504621678464783,1.0940703892183234,,0.1323681060693406,0.6153846153846154,0,2
0.8821127711663328,0.46467433626667121,0.077167481236478222,-0.47095978985877623,0.8730405559192902,0.12647950053789186,-0.0085985627538013535,-0.14791196346227628,0.98896315188347861,15.836272051231978,-8.7916779701630148,0.30286026420230583,,0.1675061931027949,0.5384615384615384,0,3
-0.86018386307418304,0.48420476567174991,0.16009205666597867,-0.50822133700669936,-0.83995681292122359,-0.19021993859305325,0.042365012898615405,-0.24498632069564219,0.96860048954876865,-1.501952961734454,-12.311088491897419,-0.021607466045701487,,0.5726499854597719,0.6074766355140186,0,3
0.45898768057299277,0.85906466162625872,0.22657938173449318,-0.88709545660251532,0.4290983776296039,0.17010653482690141,0.048907667674897799,-0.27907434396698455,0.95902322734227785,-24.695078346980047,4.7391544702889847,-3.1684145604063763,,0.3055108103533407,0.4193548387096774,0,1
-0.95301679427069841,0.29916665756874655,0.047521582856068778,-0.30163176991190699,-0.95166007170419054,-0.057977437885664652,0.027879476641649106,-0.069587491139716046,0.99718619919204088,-22.810208527767632,5.5656427309962435,-3.1627754523914162,,0.3345934620212583,0.1764705882352941,0,1
-0.048993153703478384,0.97388467739716988,0.22169417227612837,-0.99695333942204378,-0.061170555375730643,0.048396303270593917,0.06069357383959164,-0.2186476578562758,0.97391451976471877,-8.5122011050210009,19.805409992588583,-3.5180632978376023,,0.4215666675638343,0.4285714285714285,0,1
-0.91078915146354567,0.40571207426007644,0.076556086471947199,-0.41146261617367086,-0.9072469826555204,-0.087186168363862934,0.034082797241898125,-0.11090818392724573,0.9932460609889816,-15.048068970805755,4.6995375450286838,-2.5186666226235079,,0.3358209502643059,0.4153846153846154,0,1
-0.9617729560603514,-0.27381779243208054,-0.0040740076773079816,0.2738475274737443,-0.96169489252326412,-0.012266433515235925,-0.00055918462921086148,-0.012913180951606051,0.99991646504608633,10.369346849187034,-15.308534618537461,0.67452028620635296,,0.09270989518239212,0.2,0,4
0.11807616200215557,-0.98797977752768062,-0.099769630465370088,0.98558133974902928,0.10433824930440017,0.13320267441234962,-0.12119176005550153,-0.11405914662335793,0.98605429280856671,0.47969858171494495,8.3557477183243858,-1.8960250664302982,,0.1486428319918764,0.3142857142857143,0,4
0.76339403226846614,0.62357738426105569,0.1684660124031914,-0.64517850812178668,0.72350916564414192,0.24551818646826132,0.031212884433167852,-0.2961177689147646,0.95464130582030893,-24.909122854887706,3.2573187424429686,-3.1227710110443825,,0.4155937117364318,0.1666666666666667,0,1
0.27078861418820999,0.95425985747955189,0.12673456840631442,-0.96201258859729288,0.26350892560951267,0.071378046376014873,0.034717514403611614,-0.1412486124789421,0.98936521248041132,-8.7409027053496597,15.930221175141316,-3.0979246484793572,,0.2343891828611834,0.2962962962962963,0,3
-0.91919394923721276,0.38333299425345746,0.090212522425520303,-0.38992321536983593,-0.91801619627828168,-0.07215365192700833,0.055157681254243474,-0.10149915707745631,0.99330536659741309,-8.9114642955246985,16.8973580228974,-3.2475457156657228,,0.205488829378148,0.5714285714285714,0,3
0.99150059002029922,0.12830104182799096,0.021573656510949536,-0.13008354429525817,0.98044133643755049,0.14769244160800776,-0.0022026104930129077,-0.14924352069823096,0.9887980178158805,-11.543415818071599,12.481293953268324,-3.0553741700177826,,0.08838556513888954,0.3157894736842105,0,1
0.93642722576104753,-0.35074561935697546,-0.0090311325624049341,0.35002824936786303,0.93211954068440517,0.092916018633830741,-0.024171791367978368,-0.09017024107866764,0.99563299067772859,12.188755801433564,-8.5848881582734311,0.1445554299464584,,0.09191689032514624,0.5,0,4
-0.91500638613965124,0.38582376042361344,0.11791242180634576,-0.40204136640028437,-0.89633160146454416,-0.18695560948791526,0.033556713585328697,-0.21847124778466323,0.97526625126924438,-20.557435455529696,18.033584622052764,-4.0775079190535957,,0.5552148251909396,0.25,0,1
0.077022883087379437,-0.95764043975526936,-0.2774747981821809,0.99516948146366935,0.056851258443220101,0.080035227098778194,-0.06087017861185131,-0.2822989949658985,0.95739338769233462,-5.6490091368711202,9.2796591103963983,-2.5424229503086946,,0.08048141091296415,0.2857142857142857,0,1
0.98570156637065764,-0.16847151549861539,-0.0031257831069160199,0.16729739745777911,0.97628230516073677,0.13742067324056892,-0.020099822344626213,-0.13597870824374367,0.99050784350558119,-2.9089808602596259,-24.557168054147287,0.99200615408371307,,0.1147288408583024,0.6,0,1
