axis_00,axis_01,axis_02,axis_10,axis_11,axis_12,axis_20,axis_21,axis_22,location_x,location_y,location_z,dbh,dbh_approximation,score,reconstructed,number_clusters
0.49137059844183179,0.85920406738771649,0.14255983154913998,-0.86924606801506277,0.47355924593775678,0.14196095881338097,0.054462906893292737,-0.19367501431848699,0.97955284727342029,-14.983501608888806,10.365946150456624,-3.94030072275272,,0.254179853936663,0.2962962962962963,0,2
-0.88380673774957363,-0.46201635266111102,-0.073665054009213554,0.46431103398997869,-0.88551220768972139,-0.016834302707035186,-0.057453581468983765,-0.04908176755373915,0.997140945940035,-3.0229182362628855,-10.505657705541843,-2.0475737872246049,,0.125004133851125,0.26,0,5
0.81699914352869785,0.57487219706072668,0.045103841520959781,-0.57335596346010176,0.80152438880957999,0.16976923545851333,0.06144378437330391,-0.16456187647812881,0.98445114158696767,-15.233422185641425,-14.547423464587149,-2.1045838493755071,,0.1250020070775145,0.1428571428571428,0,1
0.037760707025642812,0.99928581519056958,-0.0014101644736575919,-0.9980983511585545,0.037784564198176857,0.04870326603964506,0.048721765356954785,-0.00043158692409497629,0.9988122963366185,-13.693962814080304,-9.4415905985423088,-2.4126373660705029,,0.09015626726265447,0.53125,0,2
0.7348246052153643,-0.67522518281747823,-0.064060534334227079,0.67821616581126609,0.73045686627497164,0.080346741962650348,-0.0074586863688396047,-0.10248765291902578,0.99470631293703959,4.0087947626965006,17.495851895346199,-4.4072192110053514,0.2249237827140513,0.2130240679130768,0.4375,1,5
-0.9848442145591495,0.17189660310909799,-0.023096122811535034,-0.17011559247611946,-0.98330951244393239,-0.06452199573614166,-0.033801749154018138,-0.059615103596563766,0.99764897693392152,-23.149485522766067,9.3410694303945512,-4.0061681540265921,,0.341776346430806,0.35,0,1
-0.62011757173717585,-0.74034468201884973,-0.25950712712601337,0.78307042458359977,-0.604157285003039,-0.14763023105115472,-0.047485864899454187,-0.29476045661547784,0.9543905730101202,-4.320253775685833,-8.487636944143425,-2.2481978893978054,,0.334304533956977,0.1844660194174757,1,5
-0.98979906483339331,0.14169291410139481,-0.014863692286744539,-0.13870289969066646,-0.98219987353913751,-0.12666852030833403,-0.032547148451764686,-0.12331474572473743,0.99183373435999933,-0.2678020135014047,-20.409522260269707,-1.2459525720669344,,0.4613665905371658,0.55,0,5
-0.8967573419176198,0.44171834029237678,-0.026667912670357691,-0.44218685501547633,-0.89679544011119494,0.015123618855637209,-0.017235282659933761,0.025354416678689259,0.99952993881449892,-8.9763545682167969,18.028058228227152,-4.4671881552394517,0.2295558457003999,0.198192760568662,0.3571428571428572,1,5
0.99704600768744067,0.065600504509626525,-0.039947870564262612,-0.061464819128106148,0.99336707661187462,0.097179869896638779,0.046057947892690451,-0.094437412669243173,0.99446480104841006,6.4575595440816445,-5.5137412458128789,-2.1927102264178315,,0.1065248634870902,0.4285714285714285,1,5
0.90463983288212302,-0.42102965425308203,-0.066036376358307683,0.42593877488952792,0.89839377432997358,0.10707374230292696,0.01424544869822972,-0.12499062558718461,0.99205564899692567,-2.708116784877924,12.545471463978526,-3.9312088723658403,,0.4696713265193659,0.15,0,4
0.9558347620342611,0.29096463277641177,0.04146673558643995,-0.2894779512881514,0.90762617284662517,0.30400204946974108,0.050817550166476294,-0.30257943227700773,0.95176849273234587,-16.179316848459191,10.271631147405834,-3.9471218956787664,,0.4234203176208942,0.2702702702702703,0,2
-0.99665335475544126,-0.051678752899182639,-0.063335589943647019,0.056430877951635573,-0.99553301628144286,-0.075693919882507496,-0.059140903512984906,-0.07901468213159546,0.9951175978442498,-17.319401191193091,-16.185839020396461,-2.0584625837166444,,0.4191732631467275,0.8421052631578947,0,2
-0.85666830882068112,0.50482390858934478,0.10617075858677795,-0.51572311242867752,-0.8332226416300923,-0.19942342084582057,-0.012209830842098996,-0.22559443874251087,0.97414478864245813,3.0533695753082952,-7.2661075496797816,-2.1292092753808349,,0.3600614470928115,0.1785714285714286,0,1
0.4258849387187435,-0.87832676121494713,-0.21717301744506332,0.90299478960321367,0.39756032376244982,0.16293004302259417,-0.056766441864719561,-0.26549555458341972,0.96243944306873774,2.5059149188789616,6.437035855840155,-3.2963692857658713,,0.3213351441080455,0.1566265060240964,0,4
0.95965212541035871,0.28105935687982397,-0.0085694868971838388,-0.27603571579876013,0.94743234255269659,0.16179072868547184,0.053591807198930294,-0.15289733220501148,0.98678788197147171,-14.061355937743313,5.1368386263254697,-3.4928073203953041,,0.1373976432545898,0.1836734693877551,0,1
0.53697928622246838,0.84341900929851898,-0.017251693305631307,-0.84133471936751603,0.53692442146604136,0.062193694376025122,0.061718199542677675,-0.018882277067668585,0.99791498809164536,9.0248038877125616,-7.0667924327919236,-2.0041338263392516,,0.1186799169974508,0.4615384615384616,1,5
-0.50204262426611868,0.85981952210339085,0.093078423009228139,-0.86463111670384374,-0.50138586780604499,-0.032019425226611685,0.0191372789981295,-0.096553617095762656,0.99514379040331247,-34.663418313134912,18.023816881044812,-4.8930797297051942,,0.7488876640761317,0.5094339622641509,0,1
-0.9595922628491097,-0.2741594541081504,-0.063397813868052627,0.27571496045776889,-0.96108773338377818,-0.017077157813997851,-0.056248996967928913,-0.033866834253504605,0.99784221592281253,-2.9716461544520731,-8.8961780963152801,-2.1644849456020911,,0.09781508315725637,0.4285714285714285,0,5
-0.40508664470389644,0.89644068701708901,0.1797189609998581,-0.913921160944133,-0.40252197014614072,-0.052193631107611764,0.025552335726256328,-0.18539190438095907,0.98233238770231635,22.548637843908271,-3.5090880276828003,-1.9069210296033086,,0.7759992766229491,0.1153846153846154,0,1
0.87164902875370198,0.49012614165177609,0.0020822925514834478,-0.48685635954008571,0.86532811489921224,0.1190719897387664,0.05655842862121762,-0.10480276157867925,0.99288343994518291,-1.1897978889774645,-10.596291614150847,-1.9842984412385885,,0.09954932216218727,0.4,0,5
0.97319383879638999,-0.21846382985309146,-0.071883984131840301,0.2279410525982315,0.9578064646335176,0.175070422535199,0.030604389704051257,-0.18676276757470259,0.98192822547204595,1.3926429831269895,-4.2032837461640176,-2.3983286553447107,,0.09829832137161361,0.2446808510638298,0,1
-0.82281186290454744,-0.56602956188939124,-0.050903568940235927,0.56831237166436954,-0.81929782112741611,-0.07597452539561525,0.0012986442040899984,-0.091441868764661163,0.9958095692249892,-10.411902509504651,-12.349468101967037,-2.1173181070586953,,0.2784520269007975,0.2666666666666667,0,6
-0.89072236263448568,-0.45190443530921848,-0.048949505111860886,0.45082120502080364,-0.89204371444032504,0.031910070998004907,-0.058085400975030545,0.0063555389514759978,0.99829138697987652,9.6939961661428971,-2.0202994701296229,-2.3776060734387903,0.5241293884717447,0.3864494264846056,0.8968609865470852,1,5
-0.56512348292450743,-0.820857642670351,-0.082632799280613803,0.82265065932985149,-0.56823975952860817,0.018694073794432244,-0.062300415339194899,-0.057413466717710838,0.99640471299970268,-2.1248928263392584,-10.016717506119429,-2.0462116611834653,,0.0791807281142852,0.3,0,5
-0.17620307101794405,0.98435375222228072,-0.00041018259486807649,-0.9837996306653205,-0.17608986950521746,0.03362505851911108,0.033026723522377156,0.0063283760595620022,0.99943443366227092,2.6550433559912059,-12.531026205023538,-1.7406933504118287,,0.09764710292483977,0.1578947368421053,0,5
0.21366088951585785,-0.96756448326992017,-0.13478870503831356,0.97634968117166732,0.20683283087315205,0.062940290347138855,-0.033020060073787445,-0.14504878761165535,0.9888733613790559,1.9596701095998104,-10.531881130601883,-1.9165044824490112,0.1521759118923797,0.2617117042069707,0.4827586206896552,1,4
-0.64721170910234216,-0.74724122358612588,-0.15082293384739406,0.75978464760175746,-0.64840799892838141,-0.047899438351259323,-0.062002361805813117,-0.14559402700386628,0.98739965891795767,-11.936151851044778,-18.658731634903138,-1.7385566210131704,,0.2269908868770666,0.3513513513513514,0,5
-0.25930396741209122,0.96343472451862033,0.067490622134325592,-0.96506134777832586,-0.26119805726182871,0.020788696614420465,0.037656971580693387,-0.059741999249904476,0.99750330626870309,0.90778225716925631,14.256129176157613,-4.1002374854836328,,0.1480791835334988,0.21875,0,4
-0.0054991430624727116,0.99996889408794665,-0.0056542269240641568,-0.99910356979379433,-0.005256871040525332,0.042005025082255051,0.041973994935865344,0.0058801499465267462,0.99910140005193249,-10.26968412110646,9.4687826975888942,-3.7814170803360376,,0.2554635575627152,0.6519337016574586,1,5
-0.88157922422200385,0.46081558443944043,0.10230869248440011,-0.47174879664776104,-0.86766060184103289,-0.15690172999124696,0.01646645928910807,-0.18658530797089534,0.98230075769485525,-4.1704325306843044,7.1366147526981774,-3.4463594394375918,1.115730336927375,0.564631248677207,0.2105263157894737,1,3
0.94574660979631597,-0.31000606752952148,-0.097260414114156257,0.32162892322909137,0.93568239888255511,0.14509749882021569,0.046023752577019975,-0.16850722986349551,0.98462537428326558,21.328720582291187,-7.6087100392574856,-1.5978761965179864,0.3350308654866196,0.2754299662120747,0.6944444444444444,1,5
-0.48825497583757482,0.87203414236072907,0.034110601387768495,-0.87247957696440304,-0.48863854078678631,0.0034299034643593038,0.019658747413401605,-0.028086135635685707,0.99941217855056586,1.1264437556281113,-9.3426777471816838,-2.022525372745366,,0.07731507023903336,0.3235294117647059,0,5
0.32946643169190104,0.93575088308010279,0.1257861486929889,-0.9374690884818857,0.3083720635592806,0.16142607768614647,0.11226566050733736,-0.17110509995613737,0.97883577082156747,-12.338758546576669,17.351854672574113,-4.4803607430299452,,0.2907485803711224,0.2,0,2
0.98906582789271058,0.14683219713314619,-0.013751144678172258,-0.13978710741597478,0.96313553313705236,0.22984670850173256,0.046993113273987357,-0.22541129229446033,0.97312969156786056,-6.8580064342408793,-5.1320273348576908,-2.5355570406398762,0.6884252135998414,0.3468619452858187,0.3352272727272727,1,2
0.98808813502398751,-0.14191455113041115,-0.059515524044343904,0.15171743559312961,0.96308617670999985,0.22236644523659582,0.025761544244542599,-0.22874718885173065,0.97314493598362206,-5.3203293161969363,-10.013786898711311,-2.1554907427894863,,0.4761649017623705,0.308641975308642,1,5
0.97987139337616747,0.19819192877887082,-0.023916768384531328,-0.191753776998146,0.96775333370959049,0.16335230056818617,0.055520639855764949,-0.15547811569762734,0.98627785846034377,-14.04540870422154,-7.4282686417821449,-2.5589872310117752,,0.7718461010405788,0.7472527472527473,1,2
-0.85476509953711333,0.51821587861690543,-0.028791105616482304,-0.5188857655650092,-0.85447444071142542,0.025119563390164246,-0.011583907256400263,0.036410620980793985,0.99926977327069655,-10.838823421300745,-5.9941066773135692,-2.5697320977617886,,0.09850462484311485,0.4715447154471545,1,4
-0.97304073999567708,0.22921398112158078,-0.025547390611600405,-0.22711474234678417,-0.97157439283772951,-0.066798899622311447,-0.040132432239024809,-0.059195861683004558,0.99743934043238325,-12.000194746251031,11.610906912805707,-3.9909263588386246,,0.1110537122825855,0.2321428571428572,0,4
-0.24110535386246126,0.96881727432157039,0.057107769304882532,-0.97046912705645205,-0.24114146447459134,-0.0063614103260594456,0.0076080069101224822,-0.05695509711317949,0.9983477526111243,-13.198434985923681,15.053192103044072,-4.29995107882739,,0.1625481109429163,0.2692307692307692,1,5
0.092750684854447096,-0.99253323208477373,-0.079215488803543066,0.99488743899086995,0.089189808444332178,0.047372584981731761,-0.039953650611916684,-0.083204334484547976,0.99573126119739985,-2.6910252041319462,-4.3432725444263616,-2.4813647797101077,,0.1225011145796184,0.7191780821917808,1,2
-0.61150125199996586,0.79123531697940086,-0.0035905385364787563,-0.79117487001343267,-0.6113821943018396,0.015941692190488087,0.010418438544371189,0.01258910859335834,0.99986647632727554,14.989680620127775,-5.9662011150726304,-1.9217107997627325,0.5888081518315379,0.3830242452485441,0.7614678899082569,1,5
-0.96829755122885386,-0.2329091265857639,-0.09029502221751691,0.24458319704587514,-0.9574567388539611,-0.15315238472174048,-0.050782989347062199,-0.17038172430220927,0.98406867444136348,-2.730886885399336,22.908009395211113,-4.9547927263113927,,0.3655128502811119,0.2380952380952381,0,5
-0.50410071947999346,-0.85975329189442484,-0.081894698829975077,0.86217776559409753,-0.50650153821467669,0.01028067611272326,-0.050318636059824284,-0.065425292226064913,0.99658796199944732,13.61589159725367,5.8880127738965742,-3.0017136111739489,0.1893332098318015,0.1393170941161913,0.5172413793103449,1,7
-0.97820988293207389,0.20715206812148756,-0.01390847249009952,-0.20648459221480209,-0.97767384317930406,-0.038961128588564937,-0.021668828115617662,-0.035240275765072618,0.9991439259946967,-2.6583598688949235,-5.6998460462659457,-2.4068187618632386,,0.1211005743646732,0.2131147540983606,0,5
-0.20516397998083216,-0.94877311171360679,-0.2402859209519006,0.97416847736857648,-0.22162767571990222,0.043323793190135858,-0.09435846024502792,-0.22519048790806451,0.96973487363088784,-14.293309439440561,6.6269806313315671,-3.6447791457681902,,0.2031451518470001,0.2727272727272727,0,3
0.67874848157582135,0.73386546921136064,0.027239160370829935,-0.73221597650409043,0.67345176178829924,0.10159964712732945,0.056216212169436806,-0.088905554626392824,0.99445238188959817,22.827780256668571,0.59158898630539114,-2.2173423821024678,0.2856164834282837,0.1720240316892697,0.6818181818181818,1,4
0.47631752773528685,0.8775680403328463,0.054735247861971988,-0.87616846813954086,0.46848824866706967,0.11334714949601235,0.073827015449316497,-0.10194653229624467,0.99204660996478211,-12.888027852400596,-12.030696648803676,-2.1989948042667806,,0.1592955281070869,0.4230769230769231,0,4
0.98863800664877088,0.15013322944477964,-0.0074098060721641476,-0.14225403021634264,0.95040352708433806,0.2765807776994969,0.048566271184369895,-0.27238419396531038,0.96096210548653538,-13.849740181862238,15.485050372292985,-4.3383671099106804,,0.2299807877105289,0.25,0,1
-0.96270600310853582,0.26892661939143625,-0.029590960807019052,-0.26917437690115309,-0.96308018372256077,0.0046598863500029262,-0.027245300487696401,0.01245122900008714,0.99955122955140374,1.5904434185201548,-9.6378618588856337,-1.9799489702874322,,0.07653456975977839,0.3157894736842105,0,5
0.59465059190332092,-0.80028183253199969,-0.077069203111588713,0.8038686048774677,0.59020121667517988,0.073876856507915381,-0.01363596866321189,-0.10588442923471955,0.99428494306423754,-3.3424365342192144,-7.275112605752307,-2.2960307070066293,,0.109214424904671,0.264367816091954,0,4
0.96801332025615205,-0.2213646494218853,-0.11810124382489046,0.2475352843237672,0.91943282980292651,0.30556432137167816,0.040945021936886622,-0.32502455825200088,0.94481878776391803,-9.2302577511978949,15.593616685706527,-4.2326032207643829,,0.4626287257092914,0.5,0,3
0.78162620033989871,-0.62030193908458431,-0.065467452295914053,0.6237332565342607,0.77799174016332351,0.075403427845225066,0.0041602446297398891,-0.099771522016798786,0.99500167625942859,-18.709239872380831,11.495893209734282,-4.0813407107380044,,0.112742753551171,0.3783783783783784,0,3
0.99911941979735996,0.033770467558637225,-0.024898604472077774,-0.029394183979411705,0.98684674700005781,0.15896376909090701,0.029939387635194208,-0.15809191458222566,0.9869704046280996,-4.5839297477111725,-6.3930988401558837,-2.3888367174904253,,0.1600019463711643,0.1428571428571428,0,5
0.25454584513960776,-0.95120720190401487,-0.17438827875776672,0.9666467298314515,0.24498990230662751,0.074659543756633778,-0.028293328335891779,-0.18757613604540077,0.98184249284595215,-3.6739544220580966,-9.9561999549842017,-2.0973705303140493,,0.1210405359446707,0.2941176470588235,0,3
0.91909997291155865,-0.38751558832362665,-0.071322567257251557,0.39395779768302691,0.90709306345619467,0.14825460490114351,0.0072452355869873303,-0.1643588848704213,0.98637399779467017,4.2436618520879943,-11.086144033359343,-1.7897490047646021,,0.1757162041094744,0.5576923076923077,0,8
-0.93655719114742597,0.34929818957713066,0.029178801692018433,-0.34942226731111925,-0.92382986148972857,-0.15634086518573784,-0.027653332840726838,-0.15661788460455978,0.98727206554464619,1.0334160022420622,13.089888697750487,-3.962018436270792,0.3772597976609612,0.1486468928602446,0.25,1,4
-0.7027474393608687,0.71071955810334853,0.03199603414679552,-0.7114327429754661,-0.70222452583608186,-0.027279434317695046,0.0030803724037870256,-0.041933578951364646,0.99911565209548336,-6.6655586832161546,-10.604189929705106,-2.1294067470114397,,0.07898604400913636,0.25,0,4
-0.10332520586924077,-0.97594842989397146,-0.19195979792543105,0.99334844127316668,-0.11111115506049332,0.03021895830921734,-0.05082101978758552,-0.18756058596788486,0.98093743456916493,10.188468535981912,-8.8180918172791642,-1.8178547333343154,,0.4281447482670989,0.2173913043478261,0,1
0.64773059271937994,0.76167694156694687,0.017126469006271811,-0.75935080523283938,0.64359976300499211,0.095737660573865485,0.061898577105127438,-0.075017209659784465,0.9952592548714233,5.6462298566989197,15.414786182575657,-4.1592660600356801,,0.360681123789766,0.4761904761904762,0,5
0.97244196820760354,0.23135810863256043,-0.028810484870720049,-0.22709741313132123,0.96792046475241655,0.10750227375514661,0.052757780635500288,-0.097996936092047793,0.99378730978966856,-11.460334191254733,-0.87284588904199256,-2.9714559706807662,,0.07467715961478652,0.3222748815165877,0,2
0.57196250359765388,-0.81564838643372528,-0.087043691249667571,0.82017971275776247,0.56700643663290362,0.076216399793312933,-0.012811450304354726,-0.1149843925275105,0.99328468034908368,6.6323122069162181,-15.141590707128994,-1.4159357640955452,,0.3451713378739133,0.34375,1,5
0.26491251739934885,0.94564704807220901,0.18860810851460505,-0.96222902681238776,0.24651809811182851,0.1155167834689477,0.062742793090717106,-0.2120860386155681,0.97523476872983328,16.443712488675789,7.7774018938674425,-3.1537898205489365,,0.3750465448090738,0.2857142857142857,0,4
-0.87637237214167441,-0.47663068547823456,-0.06924344739629272,0.47773676219994599,-0.87850278490461531,0.00066555055976949562,-0.061147783193562733,-0.032496870239821736,0.99759956998543708,9.9992894353685795,5.0423200675408602,-3.0040476902030258,0.1879548603455906,0.1572619031926226,0.3703703703703703,1,4
-0.96322317174969019,-0.25473706995824891,-0.085499395281810789,0.25987361545673565,-0.96405230838483769,-0.055397208298902711,-0.068314166861008052,-0.075578911654995973,0.99479696557595843,-7.4817088933932503,14.209031754106242,-4.1129218120857844,0.3018747096914251,0.3160386269962759,0.3541666666666667,1,5
-0.99871133493077668,-0.021378812746907418,-0.046028424330194918,0.022575337570640508,-0.99941644701375532,-0.025634343603348309,-0.045453532473938983,-0.026640416737273007,0.99861116786350146,-4.0565143843287235,-11.253397741662775,-2.0228980459512367,,0.09795642001539781,0.3548387096774194,0,5
-0.22992714391270869,-0.95714831323321636,-0.17606991499671953,0.97186589436325976,-0.2353186732520535,0.010089865826310161,-0.051090036853032157,-0.16879641137684412,0.98432595192885852,13.375751900446014,-10.012109690891839,-1.6320237187131228,,0.1197593438290415,0.6,0,6
0.99627462559415703,-0.073380014222110948,-0.045301698753857672,0.080863495115632011,0.97745053620463851,0.19506805076933731,0.029966073398205732,-0.19800460294151589,0.97974293141571889,24.517134204659392,12.00980662765485,-3.3724464560491292,,0.6442018181215056,0.6666666666666666,0,5
-0.27431650912558608,0.95137521046446372,0.14012730545774485,-0.96126806663189479,-0.27533316497485444,-0.012464041828665676,0.02672371409309441,-0.13811899644373843,0.99005504186708904,3.282720764494544,-11.755783600330126,-1.7806937789967758,,0.5010647230091462,0.2,1,5
0.51017132004889987,-0.84023267168157245,-0.18366894576495341,0.85978560197480414,0.49271799744829109,0.13415548303132688,-0.02222482477739704,-0.226358194968488,0.97379054459068426,1.567716210809599,18.392268081506451,-4.5565081623212675,0.2663913139273167,0.2410333174019972,0.2222222222222222,1,5
0.23999914143511461,-0.9650682610227419,-0.1050888370710605,0.97038130521184429,0.2354172204694959,0.054211205500088268,-0.027577791894275911,-0.11498688565639435,0.99298412954149384,4.5200085285546852,5.9822351406059244,-3.1878995774325536,,0.1246324145288924,0.3703703703703703,0,6
0.56050276527139975,-0.78345915575908598,-0.26838107492961177,0.82801765531465066,0.52431836365750484,0.19868823824963594,-0.014946993354583629,-0.33358957535986644,0.94259990589904119,-0.071952302913935381,-12.952935452267202,-1.7981978074834215,,0.681041484831676,0.2424242424242424,0,1
0.236765959691804,0.9714697325892423,0.013727308337944468,-0.96969050124172518,0.23540749479604675,0.065449546945876097,0.060350742603468906,-0.028807465296955242,0.99776145335965649,-8.8008931299615814,6.8442933828888135,-3.5358511016446807,,0.7472079362790576,0.9425435765009683,1,5
-0.64352248653340649,0.76541601697746497,0.0041388742690705574,-0.76541853684670591,-0.64353152619448506,0.0012799395472479029,0.0036431823053284847,-0.0023443012071670613,0.99999061569323744,9.791730926177781,2.7226262586549415,-2.7603909622836809,,0.08600357724677342,0.4117647058823529,0,5
0.92368457146806693,0.37676686431158185,0.069667369612127286,-0.37864243641723894,0.86977314823803076,0.31642467657899659,0.058623525788472464,-0.31865561435650802,0.9460559611688969,16.14884922792551,-8.7225927352512773,-1.6613395623785556,,0.1136373478183768,0.6875,0,5
0.39028300277266531,0.91699330614189378,0.082476992171827135,-0.9180491428968286,0.3808104152472605,0.11031409187229216,0.069749186182715237,-0.11877164699611216,0.99046875109550081,7.5594501361087776,14.406394517239853,-4.0289382373044509,0.5322467597754007,0.4782712407168568,0.3666666666666666,1,5
0.77186376899219211,-0.61336825364574599,-0.16734905896579275,0.63578086886237928,0.7458799584817204,0.1986096027988202,0.003001483927372867,-0.25969688668691276,0.9656855172049329,-14.344254480267118,-3.5925014033004081,-2.8263303228494316,,0.1312911327211027,0.1923076923076923,0,1
0.95798560886121142,0.28662802054027758,-0.010389949758158787,-0.28080615111240481,0.94467276858563864,0.16953249184207286,0.058407865157459583,-0.1594921256172466,0.98546982863700161,-1.5897305130044737,-5.8781525867294002,-2.3535380494265108,,0.0756955924827425,0.2285714285714286,0,7
0.59610584811164447,-0.79083943882974839,-0.1386751594141678,0.80290417607361653,0.58749967143248394,0.10094067619284743,0.0016437428762241229,-0.1715141920022101,0.98518027794469409,-15.105345843963404,18.712036408144698,-4.62864808398942,,0.2706020417057741,0.2352941176470588,0,2
-0.41665284377708423,0.90176147357164704,0.1150071847945212,-0.90879394913163691,-0.41627458122330235,-0.028443471115324824,0.022225341261562385,-0.11636888677501624,0.99295735880074465,16.457699999818828,-12.64499315333614,-1.3232751911066059,,0.1248617712513034,0.4,0,5
-0.38021743213525783,-0.86345348289516888,-0.33148572695769668,0.92299598953537132,-0.37719686875033387,-0.076163807064533712,-0.059271473763443994,-0.3349188037138936,0.9403809267083012,-10.951628434347208,1.7189556620929152,-3.1278810982763425,,0.2289553301989773,0.2830188679245283,0,1
0.99858965328748028,0.037833225684638754,-0.037247166086637237,-0.0322997870567047,0.98971781625602717,0.13933903954560908,0.042135829210801945,-0.13793944765619615,0.98954397612083012,-1.1910961080200486,-3.7836858079699796,-2.4920838198551083,,0.1348455610161116,0.4594594594594595,0,5
0.14507640255463111,-0.98450949115547959,-0.098457601263627917,0.98871898228893373,0.1405075117662353,0.051888468842301833,-0.037250657488746994,-0.1048746917136929,0.99378754648798862,10.395123177596938,0.47074899490099265,-2.5845309036541915,0.2968638757843619,0.1649933951999355,0.3409090909090909,1,5
-0.53072688320875028,0.84709731059330795,-0.027479480073497289,-0.84733409616265343,-0.52959750662197491,0.039387948156839936,0.01881236082325536,0.044188543372363963,0.99884606807800158,0.75614877076750464,-6.2484167484156776,-2.2558114896765953,,0.1393093700051576,0.3873873873873874,1,5
0.93334818420073196,-0.34451830641974296,-0.10083800667837559,0.35860772090992821,0.90751524749006862,0.21867002098327423,0.016176203293203902,-0.24025655477990737,0.9705746330562659,-0.99714345650671432,7.8730035890768937,-3.4737636692550589,,0.1233389074674893,0.1910112359550562,0,5
0.46099578330526536,0.87502397082595462,0.14770219448180755,-0.88649948450504135,0.44659675576940888,0.12111978248218808,0.040019392137542603,-0.18677362826752564,0.9815875203142731,-30.181872921201229,19.045332526918347,-4.8673929119837966,,0.5652591036885164,0.2592592592592592,0,2
0.27694835441021243,-0.9550357281555365,-0.10586012911337477,0.95947030430389557,0.26888170260074656,0.084376330599965396,-0.052118558580091144,-0.12493753620489176,0.99079476578077752,-11.050864942323967,6.2339048801823216,-3.5120025618170954,,0.2099014590552089,0.2419354838709677,0,5
0.56613081684993283,0.82190833075679026,0.062949138559747486,-0.82194795646255292,0.55707292837770339,0.11862254986183104,0.062429600990719321,-0.11889679685036288,0.99094202485254546,-30.988456958262429,13.665994473208865,-4.4897634660934527,,0.4632024892013808,0.7142857142857143,0,1
-0.53804148161328647,0.83574813923754687,0.10971058209835054,-0.84254174682755179,-0.53711664058487929,-0.04036234953012529,0.025194620778219948,-0.11415236382919372,0.9931437302405175,4.1817945779419103,-8.4025327027973074,-2.023201412397988,,0.6253375146250354,0.75,0,5
0.97079334769009562,-0.23042928018971501,-0.066802866045618886,0.23807468913372107,0.95968307069716763,0.14942839827535778,0.029676901363538278,-0.16096816656875568,0.98651332017208659,7.3112127759955028,-13.398536354043907,-1.5368171554151715,,0.1483643566049247,0.4736842105263158,1,5
-0.67874500959429496,0.73437134430694229,0.0019850973921100613,-0.73429907474976674,-0.67871187441372527,0.012452323134464838,0.010491938451894211,0.0069942970070589966,0.99992049635803515,-0.78285921328159147,-9.6743945043955257,-2.0397122436229052,,0.09941685833249658,0.35,0,5
0.9981746710838747,0.059324122424460515,-0.011312581719774815,-0.055118107643672344,0.97142653838118365,0.23085162927415345,0.024684412417141161,-0.22980672102294619,0.97292319879644273,2.3462440140168508,-6.5235867752815038,-2.1946045705035613,,0.2475887607623569,0.109375,0,3
-0.38890400362063843,0.92119237565503431,0.012581057303384531,-0.92127493343245948,-0.38890315315346674,-0.0026142869594823754,0.0024845516404411534,-0.012607319394841483,0.99991743784215537,-15.909244363753334,15.803807214998718,-4.3990240233668905,,0.2172026673734551,0.3225806451612903,0,4
-0.2214575506562467,0.97488998073091249,0.023368327450170777,-0.97459511279551458,-0.22208616028788633,0.029019020033116176,0.03348013399667301,-0.016348176628163229,0.99930566782566588,4.5842059608906487,10.659845184321592,-3.683323787533952,0.3875551903021486,0.2238747252088632,0.4545454545454545,1,5
-0.55251758423342212,0.83348090631666027,-0.0058221918915084573,-0.8334269694301395,-0.55236162279167289,0.017208262359762361,0.011126802746351472,0.014360239291451424,0.99983497527748855,-28.477887251677327,11.02679881921329,-4.2530379175411577,,0.117800784278037,0.375,0,2
0.94688906482789081,-0.28726283628832788,-0.14450315497230098,0.32057472475198434,0.87845998811045922,0.35431609494794625,0.025158393421539787,-0.3818220949297696,0.92389336130523736,-17.289887102689555,-6.2920632290637828,-2.7141189633398026,,0.4742831038405304,0.169811320754717,0,1
0.41178826374708899,-0.89389802767025883,-0.17713481297412895,0.91093302940417775,0.39842028175042526,0.10706210828504903,-0.025128505341263648,-0.20544487147926888,0.97834603438772172,-41.116001667184214,18.231022698497735,-4.9853904938214493,,0.5447744316991491,0.6129032258064516,0,1
0.88247406051557697,0.47005861898678242,0.016864970601463653,-0.46738288361061986,0.87229418246892443,0.14372229937866968,0.052846689820376186,-0.13471359971105046,0.98947434197553574,-15.329099615994815,-7.0791245584180231,-2.609294422669715,,0.1307572956432074,0.2631578947368421,0,2
0.11979348570945528,-0.97602565235778138,-0.18172354476277053,0.99266638946076702,0.12074362367013668,0.0058665644059990325,0.016216041949375055,-0.18109363125900513,0.98333215990372469,-17.16864756477165,-13.088416219237137,-2.2659567350750365,,0.6144413507818445,0.8947368421052632,1,2
0.90824165908274268,0.40704491824918282,0.097013005489685195,-0.4144234190430614,0.84293250908858552,0.34310059001738713,0.057881935483228786,-0.35182271053633857,0.93427536727432636,16.698371288941811,-7.4400898665609159,-1.7627934278402886,,0.1629339347284977,0.1739130434782609,0,1
-0.96331291775321004,-0.25537291943939505,-0.082540259914775649,0.26308731706356453,-0.95932550349469303,-0.10237012232555869,-0.053040419399679031,-0.12032975675889458,0.99131602607253977,-7.3666705057205668,-13.194067485124839,-1.9626822683583394,,0.07769065989285544,0.28,0,5
0.21047374761994966,-0.95004817966222566,-0.2304544594563189,0.97756326402854232,0.20250451867305361,0.057982624456440458,-0.0084182174286190851,-0.23748763386223976,0.97135408445007243,21.634154180048345,-9.4524846123864883,-1.4590213423685083,,0.4884434073833688,0.1666666666666667,0,3
-0.208430198947747,0.97622637687722813,0.059488765794587728,-0.9773615180905022,-0.21016116467777435,0.024428422321361377,0.036349898520243319,-0.053050409521907663,0.9979300270695971,-6.6968615442007495,-11.523103151733855,-2.0822681178526801,,0.09820556433214245,0.1111111111111111,0,3
0.57222848623537026,0.81688136032397751,0.072521739471855445,-0.81710050200021023,0.56035680388850484,0.13545117927453681,0.070009493440386886,-0.13676657300344566,0.98812629523614648,16.318738323241924,-19.298345405741657,-0.83635717751481653,,0.1989647187821124,0.1111111111111111,0,3
0.1621913171674505,0.98215974761177405,0.095164104612318556,-0.98465140297073217,0.15479004930087048,0.080632842348531561,0.064463875645639726,-0.10678141602643665,0.99219057540783606,16.490364212729464,8.4910462943101166,-3.2556664204478656,,0.2857230651647693,0.2631578947368421,0,2
-0.17463341953799005,-0.9701875576628759,-0.16804544545036973,0.98174822300909215,-0.18462297237943087,0.045659442487559557,-0.075323272625126669,-0.15700465287987106,0.98472125171294678,-33.475577884119183,13.294815964445117,-4.5062262305028886,,0.3996273746201697,0.8169014084507042,1,3
0.29622180735638087,-0.94663418633464291,-0.127028965630156,0.9545419687881016,0.28878975319093142,0.073824848621956415,-0.033200461874091834,-0.14312300903233241,0.98914788258221376,-3.7008473154175889,-6.1327334906775626,-2.4030567374824763,,0.08021318984075321,0.2727272727272727,0,5
-0.28462835502586403,-0.91478325522927162,-0.28663268387852853,0.95209415317424007,-0.30462981445618648,0.026784316974981529,-0.11181870597846108,-0.26527772634830687,0.9576660717059865,18.84499329637362,-9.4240139443139679,-1.5264006537940353,,0.2023972829444781,0.3333333333333333,0,4
-0.67255989044962805,0.73327964218166042,0.099820639751109552,-0.73978938621094614,-0.66971434049314471,-0.064763926590839932,0.019361245001707744,-0.11740386918568037,0.99289549988516701,-2.1508186930557582,21.708267213480525,-4.886953259463759,,0.3579709969968519,0.5,0,4
-0.18363736076113213,0.98187536777550999,0.046883706001043836,-0.98255709869140917,-0.18476878219987453,0.021024864696220173,0.029306442018861355,-0.042204967481112909,0.99867906415229912,-0.15507865896890335,5.7040779066910634,-3.2531920743657072,,0.1200923320483215,0.3658536585365854,1,6
0.99543783307387579,-0.079118284776406422,-0.053327455398009836,0.088624470971775476,0.97376083646254497,0.20960805451303186,0.035344357826394487,-0.21337790510220278,0.97633019311298341,-5.4077983320347593,-2.6379290900180958,-2.6652110165281124,0.1133800913295064,0.142164736920345,0.4054878048780488,1,2
0.98786205863981769,0.14172836949555645,-0.063573755434400345,-0.12654204004597472,0.97163206988534945,0.19979547760476063,0.09008698685662006,-0.18932561910751144,0.97777305380576562,-4.7267644344771425,18.979662702264175,-4.5413915109067613,,0.4238106264236516,0.15,0,2
-0.87842967678824002,-0.47096564781577227,-0.080948511506872697,0.47428335206930672,-0.87995399984808154,-0.027134113238954222,-0.058451731262730483,-0.062227941704930477,0.9963488738306262,4.4980041736218137,12.316617243311715,-3.8513632630493442,0.1293718131615548,0.1154310584074664,0.24,1,5
0.11303212797276482,0.99197609673962062,0.056631806815388097,-0.99218292362456062,0.1096547031517322,0.059572578797000737,0.052884630222474673,-0.062922727006483298,0.99661624826825901,7.2591698535098299,-9.5246507546201258,-1.8475681958340557,,0.107846555787896,0.2708333333333333,0,5
-0.95151620860052366,0.30604730224948867,-0.03085374460734798,-0.30670590154976324,-0.95160624014581663,0.019417869864882465,-0.023417829212638748,0.027939443468914128,0.99933527545744882,7.9186473910317057,-8.5291158042826698,-1.9091012215280294,,0.7384287239071283,0.961218836565097,1,5
-0.59978188629277529,0.79634208683399055,0.078108703816958933,-0.80006438780194256,-0.59838013161346981,-0.042874158433132872,0.012596199672257231,-0.088207135919558199,0.9960225082430042,16.320189955400508,-10.113672749298418,-1.5397478458365268,,0.1507627533026176,0.3478260869565217,0,5
0.9857625676455366,0.16813878830747589,-0.0012280453463940205,-0.1656560607592425,0.97240661716190357,0.16426637036677086,0.028813707894144322,-0.16172420587604341,0.98641525306087696,-14.894916615706364,-10.075370758477371,-2.4126884442363732,,0.3607256348662216,0.52,0,2
0.33127407930809316,-0.92388249131822264,-0.19156885606540755,0.94306554519192942,0.31781202131800645,0.098096363732867162,-0.029746627547054479,-0.21315877026619529,0.97656463012346473,-12.335469091799634,19.426171745702959,-4.6500872306143455,0.2881393156088397,0.2295890508046265,0.5087719298245614,1,5
0.63058829650147052,0.76344764900255291,0.13966419565461463,-0.77338999200765679,0.60304083034492928,0.19547295771869935,0.065010157496900894,-0.23127785058101652,0.97071326108838885,-11.617430148765497,-4.8691056619422115,-2.6701982244912381,,0.3294247347379162,0.2934782608695652,0,2
0.49867437457641794,-0.86176410135515069,-0.093201404261783236,0.86662583806066718,0.49360093203247479,0.072923087580811591,-0.016838199026769397,-0.11713562016834145,0.99297317261913631,-21.622991079772351,6.5837277211337799,-3.7756384887838839,,0.2341475013343594,0.6722689075630253,1,3
0.79913119929206367,0.60108828269661263,-0.009066571726085321,-0.5982409310959671,0.79664842793670398,0.086365911257900344,0.059136407393900609,-0.063593699930216227,0.99622222754249334,4.0656644753621078,2.0627816752541053,-2.8597343313450971,0.4692430094549684,0.3790165036865806,0.8052325581395349,1,5
-0.8199667390441594,0.5711580802073235,0.037854910846174705,-0.57228602258178818,-0.81661003191125658,-0.075078386632991073,-0.011968927220269864,-0.083225616223495849,0.99645885092431918,-9.6159423982241776,12.547414842923828,-4.0386112355821302,0.0759650349282246,0.09700023227652868,0.3333333333333333,1,5
-0.96618792060710179,-0.25338145035602327,-0.047736177982779938,0.25257748258057711,-0.96732007798102182,0.022281876672494729,-0.05182197763674936,0.0094713964265126464,0.99861142356952248,3.8323245233013403,-3.4721123432254393,-2.3862277551708821,,0.4013244012398559,0.9504310344827587,1,5
-0.65957137909281949,-0.74429342453687286,-0.10484700316542862,0.74872512418233794,-0.66286535517087186,-0.0044954790998142612,-0.066153490457718664,-0.081466674814728926,0.99447820317737101,-12.683966213273902,5.1756618522270577,-3.4679856911065157,,0.2047746278678239,0.2251655629139073,1,3
-0.99506908220549473,-0.077256774890488461,-0.062200581767657484,0.08772008303628108,-0.97817133885091223,-0.18837733112750552,-0.046289401279586424,-0.1929046981909314,0.98012502709860605,-24.645481488932074,11.658849453491309,-4.2119204462967659,,0.2198277899750351,0.4482758620689655,0,1
-0.51589944123275921,0.84879074131899701,0.11576719736986942,-0.85635260245256684,-0.50743438200426638,-0.095763083871938603,-0.02253856269691043,-0.14854166220658654,0.98864927440445816,28.402441045550656,-6.9818759548566556,-1.4049628529790601,,0.2388640941220325,0.3,0,5
-0.72736283531604806,0.68592836775538402,-0.021108768543764547,-0.686252595306304,-0.72705512813558026,0.021171114451462344,-0.0008253704391170451,0.029885029031094697,0.99955300199811759,0.015601409645633465,-8.7219828052433055,-2.0907823418771621,,0.06759326427759679,0.2631578947368421,0,5
0.94041785951734669,0.33943933062612519,-0.01987939448023358,-0.33545192019922881,0.93574626840384323,0.10886197868371217,0.055554106378041264,-0.095707167925767292,0.99385807803336124,-15.092636799111293,-12.988059855501101,-2.1948734133696859,,0.1209935921877899,0.4210526315789473,0,1
0.1564043213236348,0.98496382956749096,0.073375354956794578,-0.98600179074535599,0.15135934615052291,0.069934376238276821,0.057776785288243926,-0.083286270036714988,0.99484935558361154,-8.4957565538099278,-9.7915550911870479,-2.232569201196891,,0.570284864872179,0.4094488188976378,1,4
0.29646472479269143,-0.94306746960463717,-0.15077272540847836,0.95449644798580258,0.28723514079944207,0.080202896907844629,-0.032329518030422721,-0.16768936061489209,0.98530963691648166,-12.576051992660942,-5.5159351815527025,-2.6546446573272116,,0.1082156488137474,0.2676056338028169,0,2
0.91078254347443843,0.41272476379767514,-0.011551097367107214,-0.40903416517655022,0.90574451130430456,0.11098617914158257,0.056269087610815109,-0.096359481060652577,0.99375481895141848,-16.298624530132379,7.3144594114902208,-3.7154752614852509,,0.08693173102771126,0.2173913043478261,0,4
0.99249688638646005,-0.11024174539050996,-0.052883722320170162,0.11473468010103301,0.98920185670006067,0.091190130404921049,0.04225971717009603,-0.096573517459015976,0.99442831417367494,-10.020532218980525,-9.3147761350044131,-2.3174812821323072,,0.09351978634762356,0.3095238095238095,0,5
-0.9869525513100732,0.15834124130079463,-0.029201245964202691,-0.15713764124076146,-0.98677725854936993,-0.039729129301815547,-0.035105885088231016,-0.034622150613648511,0.99878370206920086,7.9187778008056418,3.0590307639810002,-2.8259163530792586,,0.07296934710816211,0.25,0,5
0.2372175879423005,0.96887317713316279,0.070799594650875194,-0.96945410795121223,0.23142210658654602,0.081256022297211322,0.062342189144723142,-0.087912315490701928,0.99417547557647346,6.0014311990621749,6.7080943081920088,-3.2554210043514233,0.6718992301643316,0.4257154102330842,0.6818181818181818,1,6
-0.82571943292820449,-0.54258492679570425,-0.15423688047553399,0.55854379812511745,-0.82467417070362226,-0.089114183777109265,-0.078843158616912976,-0.15973136632606907,0.98400693440184395,-0.76199364776926826,4.622878344480509,-3.1564007186853602,0.4461901163788308,0.3929668539937642,0.125,1,5
0.99664672837209145,0.078673811726369031,-0.0224884453364541,-0.074298641107635552,0.98526219664497072,0.15407178778701114,0.034278429876025494,-0.15188428230324186,0.98780370217693736,-6.6607065739672748,-9.7708392094986749,-2.2075797018770791,,0.1360263270011733,0.21875,0,5
0.36621275582043428,-0.92914175597620952,-0.050831238189218704,0.93011106968616764,0.36385966637965245,0.049995412082921242,-0.027957387604285875,-0.065587654962911385,0.99745508369791258,-26.642110529521386,13.609704109265225,-4.3917400129794899,,0.1118555468091239,0.3157894736842105,0,1
0.87510539706986756,-0.46769179411305373,-0.1243178576814392,0.48372159632537565,0.85295003805098946,0.19618779227374411,0.014281500888214576,-0.23182022842739217,0.972653802966015,0.24117166755013167,-3.6498004640700872,-2.4708154864388701,,0.3049410252904824,0.59375,1,4
