axis_00,axis_01,axis_02,axis_10,axis_11,axis_12,axis_20,axis_21,axis_22,location_x,location_y,location_z,dbh,dbh_approximation,score,reconstructed,number_clusters
0.7832416797005094,-0.57992171964488382,-0.22410548914305309,0.61573536102190807,0.77344102649367941,0.15052888003178966,0.086037412601417118,-0.2558901671040244,0.9628695581501836,-18.36605726601578,17.504415330123589,0.53522966292749219,,0.2651829292915407,0.4285714285714285,0,1
-0.60718085844755232,-0.78299217589656656,-0.13510979838507253,0.7932142134985819,-0.58741603020293787,-0.1604793412388264,0.046288407174157623,-0.20461099663845547,0.97774829246381123,-4.8053236557090999,12.800492614976379,0.066347741814959907,,0.2816399596889946,0.2,0,5
0.76890444286853254,-0.60369822125967343,-0.21055739214032995,0.63311372487444928,0.76485031507929779,0.11904203836753416,0.089179420903200537,-0.22483872702673793,0.97030643495566105,-3.6380490850272835,-27.194977048429244,-3.4765165285972723,,0.2911529724314393,0.125,0,3
-0.02573684876815422,0.99540009678347896,0.092283595177716407,-0.9964781416337305,-0.018175532112787031,-0.081859411667822499,-0.079805562849153189,-0.094065388724315302,0.99236221954610515,-0.16425045521200915,5.7887218779718301,-0.7496817730375106,0.8240109424526182,0.4962128355209344,0.5555555555555556,1,5
-0.99500129715866004,0.096102560074263307,-0.027142523828079225,-0.089534179723094451,-0.97888908936437047,-0.18373835033739297,-0.04422724628436453,-0.18038971331693662,0.98260037757754637,5.850480127698563,5.9115046067082933,-0.7876618977076052,0.2995324201586518,0.11447045544096,0.1304347826086956,1,5
-0.73977341810649178,0.67054994540147883,0.055660224443604286,-0.66697570244290083,-0.71988232480463565,-0.19212717346766031,-0.08876205390727035,-0.17925459312371245,0.97979032891237317,-5.3281950660896813,9.0009717780440983,-0.28200281362911167,0.4035103959321463,0.3555944913311244,0.882051282051282,1,5
-0.9616389832106399,0.27359070648851253,-0.019964751256234106,-0.266593148062088,-0.94923015672747513,-0.16700360165420938,-0.064641777326681429,-0.15527470779959268,0.98575413047158911,1.394163010346879,8.9081369145923546,-0.48243409154787809,0.6820627983291873,0.3508360102211891,0.2666666666666667,1,3
-0.25908616143996238,-0.93881327566473904,-0.22694491487131621,0.96325098356257199,-0.23391402318816013,-0.1320294377086651,0.07086539081980138,-0.25281191267733422,0.96491669754045872,15.367437012993264,9.9107149237530923,-0.63466506643196319,0.9659608646321383,0.7751976044405218,0.4406779661016949,1,5
0.45397445664183461,-0.85689143816023627,-0.24422173515973872,0.88515466591406622,0.46510109207029926,0.013497835588432098,0.10202161598067586,-0.22230168097137137,0.96962547022548584,-9.1899582910039808,4.453128872120276,-0.6941815977761765,,0.2557556581688997,0.3538461538461539,0,4
-0.69864056414448483,0.71494035725255556,0.027597965567464248,-0.70764926903788594,-0.6847980999760479,-0.17402320046286424,-0.10551717472534944,-0.14110934710635317,0.98435475210779444,-7.6934185287142451,15.784124255360524,0.350507728022323,,0.08472532593089066,0.2857142857142857,0,3
-0.091335321772058345,0.99068450976472799,0.10100525287833181,-0.99364465890554954,-0.083964872921174341,-0.074967939439501849,-0.065788683109394466,-0.10721055091525389,0.99205733047399025,-1.5555496566222213,15.42964276563991,0.23232532453741009,0.1502387676180871,0.1235135224399338,0.25,1,5
-0.90255200425191595,0.43055383880561737,0.0048240554097140793,-0.42261323801537137,-0.88364993972059747,-0.20139720724465593,-0.082449564431914438,-0.18381016272646752,0.9794977761095004,5.632153393524864,7.5520818451789697,-0.62596407409589883,0.1696996508868251,0.1189019329902612,0.2,1,5
0.27156240392579417,-0.93150182004389182,-0.24198805761640993,0.96046770364094358,0.27831526872683393,0.0065116400548538922,0.061283366721628575,-0.23419003063416113,0.97025737745962792,11.977731805738793,8.7698455862705718,-0.68187342014467023,,0.2751350820747754,0.125,0,5
-0.64520160272980775,0.76022923550940746,0.075936824477122203,-0.75863290034510911,-0.62571246685497484,-0.18154897778899623,-0.090504222823329622,-0.17474386483949536,0.98044559632449846,6.3763430464477846,15.56120955836043,0.083435883654891574,,0.198867348318873,0.2631578947368421,0,5
0.29235196633988814,-0.9513407468766083,-0.097370997270532625,0.95173133009414979,0.29939239163000475,-0.06761413425672165,0.093476216731428252,-0.072903903642556084,0.99294874879787021,-7.0707317568305381,10.665044649724745,-0.11982332221566422,,0.08026620740217029,0.2978723404255319,0,4
0.7425930393789365,0.66956947434787062,-0.015241288904428354,-0.66921794347495078,0.74091793646278548,-0.056461983306323578,-0.026512676158951136,0.052128019809334743,0.9982884090049563,4.2215035373578038,11.885305577340203,-0.23649467811109914,0.2358280838689572,0.1000921835163119,0.4285714285714285,1,5
0.77461847124662186,0.63237617773695742,-0.0081605045397391343,-0.63189751657740911,0.77337445966598628,-0.050965416506160127,-0.025918189497914985,0.044635355573128893,0.99866707790234643,1.5837167408313373,12.315239262432755,-0.18167158491038604,0.8549445593882331,0.9149943037364455,0.9368421052631579,1,5
-0.99690545758404192,-0.061481194083673203,-0.048985420414644057,0.070168364504137992,-0.97688509516447175,-0.20192055731974537,-0.035438810109372457,-0.20473293242550863,0.97817611763858037,-7.0637432549195571,1.5749427515447292,-0.98133105234457807,,0.08023240290109743,0.3032490974729242,0,5
0.98613844621808133,-0.15487245191096263,-0.059544004985180081,0.15479933051392061,0.98792851286833816,-0.0058669186286743943,0.059733844368418755,-0.0034317780872545707,0.99820844052538937,-7.3951222990911658,4.5572285705908948,-0.68731895085517136,,0.1031007720843208,0.2571428571428571,0,5
0.99958707957774096,0.013556579015140969,-0.025335538412496188,-0.011142196072359903,0.99559258633592584,0.093119565611252841,0.026486256963374772,-0.092798821104309148,0.99533253588623449,-3.8016730125959572,15.166362159860913,0.27435036656312389,0.7129421633660654,0.2152721906607549,0.375,1,4
-0.6497930283515404,-0.73950637523872953,-0.17578208465884843,0.75985406561399682,-0.6259502082009889,-0.17552246529438598,0.019769149592607029,-0.24762200595749695,0.96865500715681596,9.4747958311559444,7.3443733874909443,-0.76759677548800942,,0.3152936753946819,0.7758620689655172,0,4
-0.63561600451959599,-0.74186614918693272,-0.21360456804360689,0.77067771764902127,-0.59353102311184691,-0.23189821069404104,0.045256494758642137,-0.31201849511584206,0.94899752812523464,-1.3361340814945943,12.587393215844378,-0.065878055148746964,,0.2307496258867795,0.4358974358974359,0,3
0.62573493255286261,0.77939989307971114,0.03148969435226219,-0.77892338423972107,0.62648841358306606,-0.028118128150927155,-0.041643194733398649,-0.0069335642715053639,0.99910848761227555,-2.4132168243201098,13.369143024836381,0.041022396519712435,0.2063381408283148,0.1948558364738013,0.5555555555555556,1,5
-0.62443463863857729,-0.76225717909073687,-0.1704270371535582,0.77661210040614903,-0.58260848643780749,-0.23966851489796112,0.08339680791887169,-0.28201302178317472,0.95577906859988493,17.40432680624075,-30.577414895456727,-4.4207859208663045,,0.4865039612459545,0.3809523809523809,0,4
-0.94392273712313146,0.32827775654815894,-0.035264442398583867,-0.32317980913228395,-0.94051947528428326,-0.10477560584504444,-0.067562395688694279,-0.087503320889457989,0.993870460131561,-15.039968490956459,14.02703686675704,0.29495016819206238,,0.08287559827408064,0.28,0,1
0.051459200438084433,-0.99241751013433077,-0.11162184494554918,0.99479400809090879,0.060782276525459852,-0.081794842910824964,0.087959264189152023,-0.10683164530773506,0.99037879995693823,-16.660755230442906,14.51839140070204,0.32339655823122104,,0.1821464594081713,0.125,0,1
0.84492581831491886,-0.52896884868606275,-0.079324136708867482,0.53114128397735272,0.84724873592031447,0.0076495709891923631,0.063160889795462749,-0.04859564384974438,0.99681952498888959,-8.8313448895940123,14.530851158242879,0.23205105854161862,,0.1602981813499674,0.1538461538461539,0,4
-0.90345219913156405,0.42823713166835026,-0.019674423620652377,-0.42218959209154744,-0.89677891751161554,-0.13245195897481779,-0.074364455312423597,-0.11135767673204332,0.99099414509820793,-2.1515784091329588,6.8868470464701899,-0.59845025119491313,0.4192211469677863,0.2633423567525724,0.8440111420612814,1,5
0.65454729602747563,-0.70746614600384772,-0.26656985861417881,0.75023380250666061,0.65136481898299126,0.11345974690458349,0.093365297833388428,-0.27425448920613504,0.95711409785394186,-15.537501571029193,16.334990896265676,0.50877608708872335,,0.4553017327916731,0.1818181818181818,0,2
-0.98166711491546321,0.19008540430785395,0.014043310246191858,-0.18580345801249512,-0.9379140094027697,-0.29290678714673063,-0.042505887641007989,-0.29014625628317359,0.95603786508731414,-5.087064861228594,-36.935058595289156,-4.4345945759935912,,0.4843829260815614,0.2857142857142857,0,4
-0.82113318645221844,0.57073060638387807,-0.0026201228054573843,-0.56394105306215048,-0.81205399844480386,-0.1501292519163325,-0.087811040182754568,-0.12179851619168426,0.98866290649317146,1.1479617281961156,5.570903909461129,-0.78657973933937453,,0.07325162024281553,0.32,0,5
-0.41825889987427445,0.90165555530351649,0.10989427767754446,-0.90258857083129929,-0.3989841313532751,-0.16169580926228316,-0.10194785177076468,-0.16682003032783602,0.98070266289061658,-13.556385867943172,19.72275116630794,0.77391964852513806,0.2282607731151354,0.143583190192656,0.21875,1,4
-0.49275900177453003,0.87010289052490253,-0.01046547038493869,-0.86526492573213942,-0.49122293788191207,-0.10008313342625498,-0.092223502795779677,-0.040261460466212637,0.99492403746879299,0.05849340523980414,16.60619949431965,0.27384332121902361,,0.09817310050951863,0.4615384615384616,0,2
0.94927393524454007,-0.29675246330107552,-0.10400467003980605,0.30683548643154324,0.94650058712242224,0.0999430980269672,0.068782120726706836,-0.12678570148740606,0.9895425234757137,-3.8967462850026489,-31.822684226709328,-3.9086559469266815,,0.266041464859536,0.35,0,2
-0.98558938178818212,0.16764017550887567,-0.022590751686089542,-0.15988464152713547,-0.96683326632067557,-0.19917413622112834,-0.055231077394239901,-0.1926919995512181,0.97970369061202645,-22.689320011446284,13.213835643203909,0.13741648971783582,,0.1387828584333027,0.2105263157894737,0,1
0.056575734590429902,0.99593069734628936,0.070151495628291344,-0.99494083926064492,0.062082970714749601,-0.078983739583243895,-0.083017544090844927,-0.065328024848180552,0.9944045135369004,-7.9433417096028851,10.242078553683079,-0.1848056326093567,0.6582748332743091,0.3798753914846885,0.7670682730923695,1,7
0.98810196332258926,-0.14193468903004136,-0.059237269754689813,0.14418832758182232,0.98890746603314117,0.035661601381146303,0.053518560025485648,-0.043778621196380305,0.99760673416880163,16.367014752690121,-26.48509670219098,-4.0421533113369756,0.2147730901498396,0.1962837154773144,0.4,1,5
-0.28121773622824681,0.95919672573632109,0.029295497390904587,-0.95603788560528546,-0.2773864156365819,-0.095122750736420361,-0.083115258033852779,-0.054757810009255552,0.99503438941825306,-6.0127795054205748,15.007669081145226,0.28798250426497707,0.1592230422546996,0.1402669687301234,0.4864864864864865,1,5
0.62544125840447351,-0.75653260536501199,-0.19100169974389339,0.7746957100894013,0.63129113555180694,0.036305081500922758,0.093111702027765503,-0.17067489327179225,0.98091808615814391,-22.342581405588515,-4.3043919902115926,-1.2330785581329509,,0.7021767395382928,0.4578313253012048,0,1
0.68274653352966963,-0.69441671574273667,-0.22725007337796752,0.72519850229659821,0.68197882581930502,0.094826227389329387,0.089130820819685111,-0.22954369089825499,0.96920864149512009,10.648455892636862,5.7703959279726336,-0.93999148042188763,,0.5637828969446735,0.3088235294117647,0,2
0.8522192789248052,-0.50151944893221123,-0.14899846633981254,0.5149657275445737,0.85437682043416474,0.069645876829100214,0.092372074153245012,-0.1360826625530889,0.98638172573760174,9.1158572962971949,-28.771311071441424,-4.0786958596043199,,0.2576714806078703,0.375,0,5
0.94175457385793293,0.33539878661813688,-0.024616591005778708,-0.33598670472695086,0.94151420611690295,-0.025766915352506324,0.014534677993987383,0.03253695768107568,0.99936484304805917,-10.384950440889305,10.624679357783377,-0.18223268218986494,,0.09762235249029842,0.28,0,4
-0.92239115214099654,-0.36702622254106898,-0.12035910609188893,0.38614250850439907,-0.88379757144444859,-0.26418897750440795,-0.0094088032148058557,-0.29016134249091191,0.95693148644296211,0.46712148536726728,14.265221588667645,0.017986928560211182,,0.2051823090093409,0.2916666666666667,0,5
-0.7526868914394117,0.6441566938037685,0.13610509646253366,-0.65566940072541868,-0.71466235708035863,-0.24362953910541663,-0.059666409374517122,-0.27261670748533712,0.9602708213791612,-12.041345255843325,13.684922040488059,0.19734258411717653,0.5076554728924924,0.3237271973542004,0.3636363636363636,1,4
0.56002058437450009,-0.81636548343836479,-0.14115361322788905,0.82249302822223036,0.56828908430526226,-0.023510320825352343,0.099409072034036094,-0.10293159918087022,0.98970850369560848,-16.306015174930128,12.76795843155057,0.17099748170112206,,0.3003217409389841,0.8735632183908046,1,3
-0.74278801757384016,-0.64163871138180328,-0.1912216645807249,0.6681870153380608,-0.69236575240654963,-0.2723155842549701,0.042332888896675476,-0.33004458630738165,0.943015640149648,2.5229640059963612,19.631852528803233,0.53159725929006851,,0.349150070844767,0.25,0,3
-0.9298007151421952,-0.35326287227471609,-0.10332460110389842,0.36704366054783444,-0.91082123026559214,-0.18890113220708293,-0.027378483754734336,-0.21356504763113582,0.97654512904299606,-1.4065695615183567,18.63322134805529,0.53410656637557796,,0.3098443240888084,0.5609756097560976,0,5
-0.98329533920379308,0.17821704722919876,-0.036999459144749211,-0.17169351980922912,-0.97564521483663569,-0.13652014511380101,-0.060428562415601482,-0.12788705502622622,0.98994610459413579,-11.450575413901142,7.2053462762949092,-0.48157931023381778,0.2189556537743751,0.1531120745305641,0.5841584158415841,1,5
-0.99514851419742167,-0.084747919462149851,-0.049972240669201945,0.094266692110312161,-0.96674850991511951,-0.23772065399429324,-0.028164258364872765,-0.24127807344168656,0.97004724927553099,0.89265903434970073,-27.395846299292071,-3.6016728748224249,,0.5879127750494084,0.3076923076923077,0,3
0.78535118230115719,-0.59879239158923858,-0.15707066000056152,0.61425726436085082,0.78528231882637989,0.077586680033267866,0.076886498412241419,-0.15741458481824694,0.98453497390819034,-7.0698752876798601,18.381724110441134,0.59929936882033141,,0.2493356684864246,0.2,0,4
-0.54594659778548049,0.83240982224315707,0.095058930141128983,-0.83197328847113883,-0.52525526324755234,-0.17868227584532465,-0.098806678099100015,-0.17663747129038493,0.97930406110623325,-9.352434767620224,23.313694321141085,1.0394004967546029,0.3423797295766959,0.2191448302414204,0.5,1,5
-0.88558949177578983,-0.46002427560478615,-0.064100841730737435,0.46446114012170736,-0.87789264696086833,-0.11653475759996357,-0.002664840171714197,-0.13297430679018613,0.99111590258684057,-7.7808113901276128,8.5933667460431469,-0.31595854652699334,,0.07164522389792723,0.1785714285714286,0,5
-0.92693887939842445,-0.34472537676940557,-0.14815103263488935,0.37515393999194063,-0.8584573437804307,-0.3497291955470257,-0.0066208132518653998,-0.37975703222012597,0.92506257156542981,-18.216008154146923,20.580932584616104,0.79315729877137342,,0.6929321476708954,0.2,0,1
-0.77586061673126649,-0.60739400862346327,-0.1706247980033995,0.63020919451883517,-0.73343340114731448,-0.25477797633509169,0.029608690435438453,-0.30520151436354942,0.95182737987562449,-16.117265085829498,6.0476102747211877,-0.53831948959318454,,0.3916203987493038,0.5609756097560976,0,3
0.99296067831073076,-0.10347450190304151,-0.057637824252932943,0.10691526765516098,0.99244374637796928,0.060204117944592489,0.050972707117827032,-0.065942685198425277,0.99652061965515937,-11.540367630675092,20.891233835685131,0.83081206843666477,,0.2943969935881097,0.1052631578947368,0,1
-0.19128235974599631,-0.93923393404180389,-0.28504504204486691,0.9781331098285051,-0.15824652441449547,-0.13495798223132077,0.081649729376283342,-0.30462707472430811,0.94896557737237797,-3.6140852831940342,17.735125779038171,0.51746639963690289,0.4140637744784078,0.2790959010511808,0.8478260869565217,1,5
-0.62193896649703739,-0.77146818005844964,-0.13427125198604473,0.78170390978786264,-0.60155408940821253,-0.16453472259260002,0.046161882272769239,-0.20729091797172097,0.97718962128722775,-6.150289940914738,12.03517744040122,0.0045360494589693091,,0.09827403909301777,0.2222222222222222,0,5
-0.84114117065491523,-0.52123259836931701,-0.14421549648511794,0.54039121847529203,-0.79948494032784023,-0.26229975444856651,0.021421064961105782,-0.29856391038797625,0.95414921757017257,-0.69291925733433679,13.05570925429163,-0.049519272025907973,0.5505723178638458,0.2043531718172948,0.1739130434782609,1,6
-0.82335778431055628,0.5675223514868436,-0.00058273326150165648,-0.56129239943334208,-0.81447027995649512,-0.14693197543744044,-0.083861799131498577,-0.12065050198996624,0.98914642748988213,-12.160823810421221,8.4854366683625599,-0.36277319680974007,,0.0764994442014138,0.2962962962962963,1,4
-0.77452794828032612,-0.58939831709025536,-0.22959982827485745,0.63215862254336308,-0.70867006337131844,-0.31330850168064212,0.021952978767052739,-0.38780970216391736,0.92147799845182821,3.6659122227318184,5.5686731915490135,-0.76811995091915442,,0.661369862663534,0.2484076433121019,0,1
0.88260198992519412,0.46993032391487083,-0.013387234417613579,-0.47010058090092754,0.8819405916088443,-0.034441787254023151,-0.0043784947982137704,0.036691736643358043,0.99931703940511107,-10.709744318172763,12.148754142357465,-0.030691901997637029,0.3508193036876865,0.3393556728769735,0.7530120481927711,1,5
-0.32414275085187283,0.94576047866272028,0.021647033742364749,-0.94162904563140382,-0.32035860600666588,-0.10346547240870604,-0.090918741156439054,-0.053921058568320253,0.99439745672914925,2.9707411200736598,7.3854790213783721,-0.63869097172809453,,0.08714974303384979,0.25,0,5
0.87063983623336938,-0.48418453313512916,-0.086900019771288223,0.48561869997094786,0.87415516529439974,-0.0052177799539765042,0.078490469498274942,-0.037657467544150787,0.99620337348159138,-15.311683345269079,7.6761275756877696,-0.3866754161340028,,0.07337077545586643,0.5,0,1
-0.9794775947974339,0.19881209519688225,-0.03312690889985577,-0.19299587836743309,-0.97252047161923727,-0.13021721550808338,-0.058105354512441261,-0.12115148816635106,0.9909319273754692,-1.0203376046859816,4.1673721960558092,-0.90867175410567547,0.2144008804195021,0.192481604584324,0.6341463414634146,1,5
0.95930275270075582,0.2822268847516119,-0.0092851593499390199,-0.281075762558815,0.95751322781150905,0.06453552717663473,0.027104323690768914,-0.059299275622775968,0.99787221203312459,2.3078328043759484,-32.255341795807254,-4.2065041610110434,,0.3856960908078848,0.1538461538461539,0,6
-0.86460706737007698,0.50080914247353447,0.040556403546632362,-0.49565565143859902,-0.83690676039395362,-0.23219076123712173,-0.082341327719998247,-0.22085578376356646,0.97182438152553463,-3.097569149298304,8.2429452506281891,-0.44359039046288062,0.3975967177157724,0.2879309193848685,0.5297029702970297,1,5
-0.62949302971715482,-0.76384227228671486,-0.14242018327956371,0.77148323445741795,-0.59261447613615259,-0.23156360168427315,0.092477805383977568,-0.25564245684498582,0.96233818887625056,-10.363395295097956,14.602659092278589,0.25785012671805951,,0.7253834514807086,0.6470588235294118,0,4
-0.53951915087285807,0.84160440383742752,0.024922144427779434,-0.83663540395742519,-0.53253607598236918,-0.12824401983054243,-0.094658790856563355,-0.090040853054316763,0.99142945190004561,1.5063508235822585,7.1278243768766858,-0.63073786829609235,0.07597181959300314,0.09116818913122772,0.2765957446808511,1,5
-0.92868444014293472,0.37087086862965379,-9.7150866129838142e-05,-0.36087773538421275,-0.90372133108748409,-0.23033674444479896,-0.085512985799624297,-0.21387509097450477,0.97311097759725307,-9.9779818236240736,25.438154458094367,1.1825202461465649,,0.2177251847912763,0.1,0,2
-0.98446432159884711,0.17281354185415734,0.031072161990159788,-0.17372288259030466,-0.93295015474116294,-0.31531629966266256,-0.025502148212189466,-0.31581559258570546,0.94847780781434354,-17.720940154019381,7.6025615148066503,-0.33036667386840601,,0.3218274330487501,0.2727272727272727,0,3
-0.32366028045315653,0.92222072821698975,0.21154893359199306,-0.94463416524019739,-0.30220562133829676,-0.12782040640089196,-0.053947351352399787,-0.24120673887447552,0.96897316392333677,26.289261739555908,7.8851275208310057,-1.0699572986980088,,0.577349753528196,0.4285714285714285,0,2
0.77336587500761089,0.63316969460862871,-0.031644291790601714,-0.63357379740220909,0.77018941533045582,-0.073433696340813384,-0.022123892493345704,0.076840108941531399,0.996797938921824,-17.084779442031234,4.0170760175127427,-0.7104896041762685,,0.06219282666561692,0.24,0,1
0.20582169302535039,0.97853614579486903,-0.010219689481539316,-0.9757362857880918,0.20441349899761563,-0.078446300256979892,-0.074673497819741627,0.026117672187091375,0.99686595684820678,-2.644241946111102,15.592568263740283,0.2716310045282016,0.578462389517577,0.2382004398492145,0.5789473684210527,1,4
-0.11268594034515762,0.98797962480174251,0.10582126357748999,-0.98950756956554431,-0.10188819557482835,-0.10243810509275886,-0.090424823035586591,-0.1162542755304705,0.98909468444627124,-10.584871397954748,8.2032818358875232,-0.4012463278672162,,0.08548728779270784,0.2545454545454545,0,4
0.24705345002556622,0.96795481011834017,0.04503419144643532,-0.96429623330647185,0.25016264424308399,-0.086898940478345635,-0.095380119843791494,-0.021957618133058531,0.99519872173576851,14.069007084558184,-29.416343355004862,-4.3017453365855429,,0.2770905995036561,0.6451612903225806,0,4
-0.55638591590636688,0.83064430105176723,0.021558239985124125,-0.82461372326636229,-0.54878325547243501,-0.13729219174397655,-0.10221017552974805,-0.094164662391467854,0.99029596403039077,-12.61737366744002,7.7871365648544613,-0.42459265195373241,0.5588779123376928,0.4535420014689363,0.9215686274509803,1,5
-0.99449739714730812,0.099133251884011467,-0.033875144842949984,-0.092294853599180257,-0.98206844956524464,-0.16438740939506732,-0.04956396943683529,-0.16035634923325226,0.98581400588257406,3.8157371867579837,4.5029047342858819,-0.83940873133757132,,0.08012432776026977,0.2653061224489796,0,5
-0.81384787747883502,-0.56547427031098429,-0.13375530621046539,0.58086108483240695,-0.78540909692251559,-0.21385263757708853,0.015875529928627372,-0.25173676745286577,0.96766552458061017,-3.0348979451210689,25.425759454592011,1.2323539045763159,,0.2915454339285899,0.3478260869565217,0,1
0.609334195209976,0.79247313191547597,0.026422977498511656,-0.79140953668992631,0.60989215195797752,-0.041261461635552978,-0.048813766337441444,0.0042306231388214988,0.99879893774663686,-3.8736464753152156,21.641171227931206,0.88692958863485272,,0.1394039038204112,0.3,0,2
-0.98227054798739633,0.18728420947648655,0.0083183794880480073,-0.17949414547774981,-0.92675549630947651,-0.33000924502108642,-0.05409641666276982,-0.32565146236573644,0.94394104835169912,11.896854172285686,6.1480275086856064,-0.94870853612778616,0.5128606356542894,0.540569380150398,0.6438356164383562,1,3
-0.34933136525795705,0.93252893518071567,0.091418719624219366,-0.93224389967479493,-0.33608326976015412,-0.13404979413058665,-0.094281009573195712,-0.13205234128194498,0.98674883855812823,-0.96715014940527977,10.034407794725411,-0.30103926895854882,,0.1057396478460696,0.3103448275862069,0,5
-0.9286460599495806,0.37048206805024725,-0.018961344713196132,-0.36372199792748722,-0.91937184291689578,-0.14987235460627082,-0.072957546311244834,-0.13228171341800429,0.98852351754090328,5.9530826870863809,4.4967996545516726,-0.96350239441882302,,0.08930336872785027,0.3571428571428572,0,5
-0.6144788518954386,-0.76997648781135897,-0.17190680263138919,0.78781324492148197,-0.58725571494103856,-0.18569064703256752,0.042024179939030591,-0.24953343160140479,0.96745389286191763,-2.1336252466026577,2.8700086803739842,-0.99606583371616519,,0.09309974538301276,0.25,0,5
-0.98153853515362854,0.19089022339141035,0.011959373814999574,-0.18516493936132261,-0.93271223073373188,-0.30945409978060268,-0.047917108007340233,-0.30595558052319144,0.95083917331320023,6.7910830630181023,5.1517270103037198,-0.89712700445794424,,0.1060980232459394,0.5,0,4
0.99082910874842234,-0.12174600860275946,-0.058613877589743971,0.12761152504101214,0.98573522786305046,0.10973312729749347,0.044418193721894837,-0.11620658302814703,0.9922313511109232,-1.1419030770657737,17.766655206337248,0.44070332487861619,,0.3221250301402838,0.2727272727272727,0,2
-0.73408698894509838,0.6790393875278824,0.0046693519121103243,-0.67229413406181937,-0.72579262090440633,-0.14575894053807495,-0.095587080547471809,-0.11013891967180511,0.98930911671021227,20.430752446877175,8.6067330720430704,-0.90966224152921649,,0.1482084400446684,0.3333333333333333,0,3
-0.47848766949176119,0.87302962680506535,0.094174417253051701,-0.87753977993657462,-0.47161666242600608,-0.086612114343333671,-0.031200717511159885,-0.12408462613379385,0.9917809842823293,11.783122874276646,10.801799773016899,-0.4389445568192083,,0.2734789630294855,0.3333333333333333,0,5
0.74660957698674446,0.66152545283294228,0.070414592279191224,-0.66475660585747254,0.74597793917199062,0.040194144319313008,-0.025938282914000799,-0.076817898453939507,0.99670768832019818,-11.591449170776578,-33.205903920033208,-3.9997211112083244,,0.1220697020522998,0.2,0,1
0.17651148865479388,-0.98197982899999192,-0.067522661455366589,0.98048800697364025,0.18144437941383273,-0.075638649908547823,0.086527235907125313,-0.052854069060731659,0.99484646294289891,-0.51284488326329991,10.98186753458041,-0.2250937270989532,,0.07095160700984902,0.2916666666666667,0,4
0.077746508258836097,0.97422016896150476,0.21177946747070653,-0.99311980667304034,0.094336874778188196,-0.069380138734271346,-0.087570143583649895,-0.20492832026272445,0.97485170847008173,17.874210631297615,7.846423576368573,-0.88959789589099414,,0.3937742693974526,0.2916666666666667,0,2
-0.5000902673468377,-0.86404868678238478,-0.05770261150593229,0.86427031233344853,-0.49382077525160728,-0.095801195968234484,0.054282149220633104,-0.097779899772588927,0.99372659191371704,9.2596796157082704,9.4501799355650995,-0.53625152186609282,0.7611028051698031,0.7172799945720848,0.7777777777777778,1,4
-0.78389902364993758,-0.57675327364027074,-0.22990863851953558,0.62054790823950068,-0.71551702928646543,-0.32086706652545671,0.020557584981113708,-0.39419670489021441,0.91879613819031825,13.586418090363054,-24.910303312827324,-3.8623807241113339,,0.6232675157040305,0.1428571428571428,0,1
-0.58278713353465295,0.80036070141338678,0.14064815896247951,-0.80715612594475494,-0.55008301165648954,-0.21426074917441382,-0.094117720628570101,-0.2383934309497609,0.96659734468065051,6.1179301494054732,19.090620339727433,0.4383141347728175,,0.2376220425712813,0.3076923076923077,0,1
-0.77745588599568327,-0.61843350997916002,-0.11446544922169173,0.62884411527425266,-0.76122229692772558,-0.15841620291188668,0.01083623622896882,-0.19514253353621738,0.98071502873640959,3.8543222175691438,13.195395257110984,-0.12881922699475098,,0.1562488063798542,0.2,0,2
-0.90853059960579108,0.41354660449480463,0.059593250379206437,-0.41141635316978015,-0.86059099428221286,-0.30019947519079671,-0.072861059039926221,-0.29725804694098529,0.95201308793756123,27.771776325129387,7.3486139551794203,-1.1278977135578696,,0.246757903641023,0.2105263157894737,0,4
-0.37650268211928939,0.90363013304000128,0.20420164793431994,-0.92092258005052341,-0.34109749974126991,-0.18855794128951919,-0.10073396601975333,-0.25904647909663808,0.9605975170473674,-8.2272179594575743,7.4285589006583805,-0.42947133973964741,,0.09266112826868815,0.3243243243243243,0,3
-0.62397874495925176,-0.77595496854185275,-0.092435992093392386,0.78030205272466679,-0.61230954845625318,-0.12730170219981399,0.042180947745970081,-0.1515615507459315,0.98754739834741112,13.906590304685638,7.7651045115926438,-0.83424820259015886,0.08594478103546029,0.1041959237539272,0.3846153846153846,1,4
-0.73913719575526582,0.67239272348184043,0.039550363585123018,-0.66789734345141816,-0.72406952126387369,-0.17215245274826338,-0.087116843730591476,-0.15365986393778364,0.98427602924842272,2.8634714379468247,-11.762673362759431,-2.1615825541674325,,0.1382011117653982,0.2631578947368421,0,3
0.50544964812569415,-0.82092555406443823,-0.26571015767863748,0.85158916556670505,0.52420964898837297,0.00037013090692128978,0.13898397856952319,-0.22646297399681251,0.96405289020338736,-14.143808783946984,-6.9540140989711841,-1.4998081874313061,,0.3231797239862975,0.1639344262295082,0,2
0.013686674543570108,0.98611569445989633,0.16549474940255549,-0.99625734463011362,0.027575649098087473,-0.081920002730551528,-0.085346225519895236,-0.16375414717403469,0.9828024221952304,-13.517670564595454,16.271946460929144,0.48551557487784064,,0.2188448510527538,0.2105263157894737,0,1
0.99560471101549364,-0.087696520227066643,-0.032872172788225962,0.085888363894090117,0.99490020840105131,-0.052884442619170788,0.037342313149450634,0.049828663072650443,0.99805944511589118,-12.381067835385005,-34.56545434413696,-4.129961436615182,,0.1708648513138432,0.5882352941176471,0,2
0.91878167372677588,-0.38470288077632642,-0.088565961555324216,0.39066861750696219,0.91830750496700986,0.063948085322883721,0.056729774537030209,-0.093354270623575125,0.99401544899328265,13.857020649506124,-27.819326956442033,-4.1403335241641201,,0.6014890827412448,0.5384615384615384,0,3
-0.31707821819877396,-0.94257501855674231,-0.10494635742438418,0.94180991101710054,-0.29991979742723607,-0.15179659621073452,0.11160418923073587,-0.14697091380256669,0.98282452932463327,5.6333991883505341,9.5605735865600732,-0.44737168972549607,0.4100185278474977,0.3814903372199556,0.6545454545454545,1,4
0.7928973643816597,-0.5983531515080156,-0.11527044563565879,0.60334477229593542,0.7974054989185263,0.010934168357097427,0.085374793117074854,-0.078217494046545502,0.99327396438510129,-13.749216373139424,-2.2567044443133311,-1.2371352445683339,,0.936639707590758,0.4930747922437673,0,1
-0.9209968999709256,0.38675071601886774,0.046782410186291409,-0.38290563895940039,-0.87657351774920456,-0.29155126416100113,-0.071749438304689564,-0.28643105913932915,0.95541052247883684,2.9362440399852843,21.755617484607395,0.72053106832631808,,0.2419459604235792,0.2857142857142857,0,1
-0.96543374218105882,-0.23317569396884635,-0.11647654356316985,0.25960419276402569,-0.90017831020104533,-0.34969225462244269,-0.023309924015634143,-0.36784250105953736,0.92959590245259172,-4.9373168073169769,5.6528896681183509,-0.68088018009770745,0.6298983337383557,0.3667615669925529,0.2872340425531915,1,3
0.59806700732224494,0.79119719885307516,0.12776089886839817,-0.80142601846960582,0.58927557225254301,0.10232612992971193,0.0056737705776893389,-0.16358879079412833,0.98651229888630709,-7.5338582252160418,-32.315033258255731,-3.911318276375825,,0.448958232331418,0.1111111111111111,0,2
-0.59974083018631186,0.79993321964419872,0.020439684858134608,-0.79173838950047626,-0.58950593070133062,-0.16010334243590862,-0.1160226667450175,-0.11220339467959196,0.98688861530759919,7.9505762347034672,6.9430663811442237,-0.77585251043446801,0.2936410111821635,0.1294076342451292,0.25,1,5
0.9862800682627616,0.16437401771367649,-0.015258087962338648,-0.1628872951660805,0.98402675342424661,0.071826719393375052,0.026820813206923595,-0.068355913028796678,0.99730041268061198,-3.9102077868100626,19.786866613098066,0.70748691954307208,,0.2680629656723184,0.3333333333333333,0,2
0.21489069409203418,0.96645978446045189,0.1406324095409732,-0.9712415377446002,0.22659284412784297,-0.073113325389824624,-0.10252738635187754,-0.12087666445890713,0.98735858077860505,-1.231313019599404,-27.01234262261319,-3.4753679078799431,,0.8265953357829023,0.5975609756097561,0,2
0.5960482815629542,0.79286060824685789,0.12687987206910778,-0.80179367027666681,0.59618537614045963,0.041108485505201083,-0.043050625432413538,-0.12623412045355456,0.9910658860455227,6.7684419086010541,7.9034590937330789,-0.62881382411783437,,0.3578490571724292,0.25,0,2
0.77077389592538259,-0.6028400665616046,-0.20613455680212109,0.62826856940898201,0.77290720959342007,0.088842839054717931,0.10576486208943571,-0.19798560429110004,0.97448216732821225,3.7262657561793415,10.617531423302113,-0.32621797846250661,,0.5421099659766391,0.2222222222222222,0,3
0.29147156314455869,0.95563479700077192,0.042502501565928816,-0.9546293416093421,0.29342578667901842,-0.050834317643823804,-0.061050372780037138,-0.02575737706160032,0.99780228979007957,-9.3251621429834888,-35.120501291682011,-4.1908835850798472,0.4713011689811508,0.3525513022891738,0.5806451612903226,1,2
0.63668530603513762,-0.76694336057832635,-0.080185427253124941,0.76658080472976908,0.64077388624815712,-0.041984479540571315,0.083580445672431503,-0.034737708146286281,0.99589537639951975,5.4984950937496899,-29.730076160392727,-4.0769124145198372,,0.1080266677436654,0.2222222222222222,0,3
0.92248349078919212,0.3860364409469812,-0.00027474055778736555,-0.38599657071268934,0.92239798950817098,0.013733038605022115,0.0055548734846096529,-0.012562452478362017,0.99990565963409705,-1.864496466477275,-31.420990346890868,-3.9200341958781291,,0.1040438719752833,0.25,0,2
-0.87200226001057857,0.48640589511942617,0.054966933055366637,-0.48319264728192868,-0.83734810301115825,-0.25568148152788844,-0.078338522765781057,-0.24951444763116304,0.96519719035759277,-16.703092673615874,-1.8819920778686394,-1.0745393950052309,,0.7190863435173713,0.25,0,1
0.7526488416083098,0.6319518701663146,0.18481492098574859,-0.64558274816695072,0.76346562701135579,0.018524352657132485,-0.12939334022614341,-0.13325565716117191,0.98259874482907184,11.598663933660445,-27.407165154832992,-3.9876710022794919,,0.2194941811141078,0.3684210526315789,0,2
0.97551909718486318,0.21825460941305508,0.02697065993973698,-0.21876634852570867,0.95058223783808249,0.22030590972434408,0.022444949996789375,-0.22081289495112702,0.97505789040597191,28.539770080403546,-21.28048897086698,-3.7304092973031509,,0.1539085923563255,0.1818181818181818,0,2
-0.93829915747656178,0.34106568143414612,0.057174225194896233,-0.3389352378388053,-0.87411583715668861,-0.34791436846300838,-0.068684755440544754,-0.34582611841751232,0.93578133139657682,24.597306231238505,-28.010342650415428,-4.1545266650860642,,0.5148461295346869,0.55,0,1
-0.87339320520771946,0.48700738268223576,0.0028492648147016835,-0.48069937324718093,-0.86111179938313864,-0.16557349281482103,-0.078181977825795126,-0.14598040339761628,0.98619333812752741,0.32911854917993061,7.963248146726623,-0.55205906326979137,,0.2005664691308094,0.6012658227848101,0,1
-0.24820866451065049,0.94474811358620747,0.21411086085750544,-0.96417483124758052,-0.21958287853499941,-0.1488296148049269,-0.093591418680018787,-0.24338110306592503,0.96540472601902849,17.736589516578476,6.3839645236412697,-1.0704613196739319,,0.3257238422188939,0.1923076923076923,0,1
-0.98021809273547156,0.19791915844194735,0.00070526283608929601,-0.18939342373200849,-0.93694680699465949,-0.29370190995221873,-0.057468441088169793,-0.28802549814928669,0.95589679918637294,5.0949649418826235,3.2310190863789816,-1.0286922974818515,,0.3018775803622452,0.1833333333333333,0,2
0.69427594824774275,0.70185644922997703,0.15930609642755841,-0.71896048312052874,0.68644218028342385,0.10905483409200702,-0.032813585536994261,-0.19024893640183138,0.98118734745316538,2.070623669287261,-26.219101505087316,-3.4954851819100754,,0.4119458202805247,0.2,0,1
-0.97791183252265446,0.20895807524226059,0.0049970594587030823,-0.20068562530608278,-0.93197757243189094,-0.3018991293122017,-0.058427113634772106,-0.29623356878485058,0.95332677771963414,2.5472825349633474,-30.171087351104521,-3.9650216892233296,,0.5497233557098637,0.3529411764705883,0,1
-0.93063057534836602,0.36587199219593403,-0.0080260546563336727,-0.36018305988226995,-0.91960102714676639,-0.15685061123392374,-0.064768013715206199,-0.1430791256514688,0.98758972665889799,23.772750977464252,7.7801464261782893,-1.0238708009611537,,0.1321239607970738,0.5294117647058824,0,3
0.96593339126259881,0.25530454450789425,0.042335247696832119,-0.25875021413518279,0.94987398067867979,0.17546437676815144,0.0045837025353465555,-0.18044115490446019,0.98357510099016454,25.214911467276128,-24.558242883441579,-3.9351510453792637,,0.2200092956397279,0.3333333333333333,0,2
-0.49024717305670268,0.85727165837672448,0.15729911968581589,-0.86809178376817697,-0.46412702026914743,-0.17607601770334075,-0.077938207986174707,-0.22287084331536858,0.9717274427203344,8.2057056808785447,11.313875756385828,-0.32441544118481042,,0.3130395034031943,0.3181818181818182,0,2
0.96622971389969259,-0.25515490563846055,-0.036001584769928124,0.25733301600146186,0.96272770455837253,0.083277162243663327,0.013411146591895835,-0.089729265038751102,0.99587589595425796,-11.479489721979267,-0.61390895708570992,-1.1368783009907384,,0.6858378637484548,0.3524590163934426,0,2
-0.89255119949096051,-0.42850101623802755,-0.14049638917148294,0.4509440124398893,-0.84718143319941508,-0.28095038153879909,0.0013615916641972969,-0.31411860550620307,0.94938277198555576,2.3068050263806708,15.411125102906238,0.10394074499566718,,0.3502056360987076,0.1578947368421053,0,1
-0.39926228881407028,0.91682229809715643,-0.005147663819481077,-0.9118566761307374,-0.39767172300279408,-0.10185579472858397,-0.095430744138104776,-0.035973246112040093,0.99478585566814826,15.658972848813786,18.187865774782892,0.27327563286972506,,0.3111502643258303,0.7916666666666666,0,1
-0.44847538970638007,-0.8616355242386976,-0.23760060647568856,0.89291303547602829,-0.42010430431314394,-0.16192184711938457,0.039700578140558933,-0.28477464224799542,0.95777203301611991,-6.1707337847214445,13.689085617878371,0.17113493076512659,,0.4311224402988165,0.3396226415094339,0,2
-0.86005141230874771,0.50848120120372953,0.041933712072032864,-0.50395551103477665,-0.83381145937644496,-0.22536036277526469,-0.079626698307821472,-0.21495422358012473,0.9733726268401327,14.799360617547233,6.2249793213373072,-0.99968156143419473,,0.2071002180672926,0.5,0,1
0.68401181015493151,-0.69938305519319932,-0.20734315922451099,0.72374990753527324,0.6861841779875244,0.073057136696348446,0.091180671807447961,-0.20003653663321685,0.97553650321273533,10.946462318035593,-28.734361615559916,-4.1290968075626333,,0.129933258464802,0.3571428571428572,0,1
-0.57090010893267051,0.8200351345802297,0.04019258233367267,-0.81557810971198352,-0.56080956642210067,-0.14256569421877746,-0.094368493573287512,-0.11417096068370193,0.98896894751921738,10.836992044276888,8.6710725341041837,-0.63765743036844436,,0.07708210134734145,0.1739130434782609,0,2
0.8074535745439877,0.57288177748758229,0.14080196724054078,-0.58968883393163263,0.79063542608367643,0.16481111054123534,-0.016905741406079471,-0.21610666820843918,0.97622338829970634,-1.0580146130201948,-30.654060970512454,-3.9045036289119137,,0.5509598848250544,0.4772727272727273,0,1
-0.73399560447638024,-0.65507133175345655,-0.17925401787437265,0.67859065592924683,-0.69663046898018921,-0.23285341177220373,0.027661784014546005,-0.29255348229544964,0.955848986870802,0.57244594830835149,10.80339102209914,-0.27896794573512385,,0.280550439637821,0.875,0,1
-0.99871332682641289,0.030916576250014427,-0.040197713023190113,-0.024692609960054974,-0.98882398152367357,-0.14702859782038763,-0.044294083495183607,-0.14584683361885425,0.98831509919189009,6.516316115313237,-29.327187775715103,-4.0560798766688482,,0.1919085976366073,0.1578947368421053,0,2
