axis_00,axis_01,axis_02,axis_10,axis_11,axis_12,axis_20,axis_21,axis_22,location_x,location_y,location_z,dbh,dbh_approximation,score,reconstructed,number_clusters
0.52698586830051108,-0.84987324767564343,-0.0011651166507508173,0.849524293285288,0.52672917327855617,0.029408385460949489,-0.024379699130371257,-0.01648759844677861,0.99956680085313421,-0.61729592721105964,10.338228298513894,-1.2264166746444407,0.1962093987712119,0.1378822692622304,0.3333333333333333,1,5
0.32361679272808153,0.90122408275143406,0.28821402487253672,-0.94517382210485668,0.32200876045932209,0.05437650407251423,-0.04380202589021652,-0.29000950132071218,0.956020853157307,3.6236624673098818,-11.723384900330547,-0.75003982741665109,0.2309218786610255,0.1295118183571291,0.3076923076923077,1,7
0.94686025401499296,0.31077634176161401,0.082907929463540461,-0.31311256056012027,0.94957242553404619,0.016514632447418326,-0.073594726619153422,-0.041596563159193758,0.99642036417728597,12.917636646193518,14.539570860318337,-1.6179299330513597,0.6833687987103971,0.6244194246977477,0.8933333333333333,1,5
0.93493702563363301,0.33941411415001299,0.10339640813440464,-0.34896935747418217,0.93230095672066216,0.095054266825816691,-0.064133810454321982,-0.12495193161171636,0.99008780880440539,-20.031502706939033,11.302591094043969,0.53706865480093413,,0.153119045006111,0.3333333333333333,0,5
0.98062366669013101,0.16899782481607112,0.099080570924073477,-0.18434798540573741,0.96718342369757559,0.17484863511472723,-0.066280046801808004,-0.18972601332467182,0.97959736385102503,-6.2733217381783763,12.319288907985291,-0.83728030202879633,0.5180534312767394,0.2374400977377639,0.2244897959183673,1,5
-0.12288553048330786,-0.96062813808019665,-0.2491841221394541,0.99187251853838776,-0.11053758173421295,-0.06301071331660793,0.032985653944580133,-0.25490198773828054,0.96640412006619758,-14.283606269899732,4.9382680539803507,-0.11162386003059016,0.2631022535616742,0.3415344690402959,0.7837837837837838,1,2
-0.42151914158157699,-0.90108731263042774,-0.10180013898224793,0.90485401216315142,-0.4105595422710196,-0.11260585651936034,0.059672690173799975,-0.13957978817395247,0.98841117596915962,0.015174553144118965,3.9505876415746171,-1.1158938009329091,0.863440762410453,0.6091953809363283,0.3601532567049808,1,4
0.44374754786365106,-0.89477761613786799,0.049609791610427056,0.8961014460588459,0.443629214623801,-0.013975632490657914,-0.0095032697657743588,0.05065705864835475,0.99867089187221991,-8.172624144249971,-7.6766002472964958,-0.28938189128780067,,0.08904313469750677,0.3130434782608696,0,4
0.0047549694680048167,-0.99993042222907003,0.010795414126068699,0.99978358602608919,0.0045350760384765283,-0.020303058837024168,0.020252688171518644,0.010889618272474805,0.99973558746085855,-3.847178102232196,-5.516341135210066,-0.83842351373232837,,0.0888838077760644,0.3148148148148148,0,5
0.16454904126440115,-0.98636582337636325,0.0024648517268102167,0.9862744594592312,0.1644981923489312,-0.014249046716716954,0.013649309043594368,0.0047756872806743568,0.99989543912032597,-17.101929189081226,-7.2590850432393204,0.41561271037042835,,0.1203629032078589,0.4482758620689655,0,1
0.45637332968031968,0.86356751821667632,0.2144167097909809,-0.88897475733157916,0.45282249307797945,0.068378875319095228,-0.038042933427370994,-0.22181733756344368,0.97434583386624407,-20.250733880164269,12.544844558730791,0.50764030789371017,0.326948190904003,0.191343793075146,0.2666666666666667,1,3
-0.24490292022512125,0.94798823676543076,0.20332452537649653,-0.96951836508492661,-0.23782120969374015,-0.058950928600464352,-0.0075299022741949868,-0.21156411598892597,0.97733511417403052,-17.005783496786904,4.6451100525892635,0.18548700484045971,,0.08050649692304981,0.2637362637362637,0,5
-0.7783396659923707,0.62142745741941496,0.089528093401599756,-0.62644188519742261,-0.77818867252874768,-0.044642518054473203,0.041927661670829071,-0.090831190200206177,0.99498329939433139,2.66540420113125,6.7646431760091055,-1.1906591203479753,,0.07134089528180616,0.2790697674418605,0,5
-0.40253595656437108,-0.91106627764295112,-0.089011467882645537,0.91254869710139919,-0.39170436385617602,-0.11756941249562536,0.072247346604181931,-0.128553214965029,0.9890674354313812,-26.195982446029252,5.5356896475649728,1.1764651571387557,,0.4050377796077649,0.2058823529411765,0,3
0.87014921273813994,-0.48894706528649123,0.061409404157044704,0.4905552947356866,0.87130403846354809,-0.013593210213037995,-0.046859901600185945,0.041952829521261024,0.99802009484638199,-14.775075051381746,-9.4122200169912063,0.41939095268486454,,0.9167930395012633,0.7317073170731707,0,1
0.40183117536615925,0.90546141344025011,0.13664309450036327,-0.91432478440733589,0.40494532263119815,0.0054290236316722308,-0.050417210576640427,-0.1271177188668014,0.99060546658484128,-13.493244578546296,-7.2629385954365242,0.09126185573551468,,0.06760886360324439,0.2045454545454546,0,2
0.66744454295199751,-0.74465722462148776,-0.0018438824861451689,0.74418158565971015,0.666925433457074,0.037473107331706883,-0.026674887977255712,-0.026383404388311906,0.99929593530859706,-34.808461415747061,11.338370310554035,1.9593874786223564,,0.2893094980874433,0.3823529411764706,0,1
0.96514662364994552,-0.26099997945781217,0.019261505136734428,0.25619177280891137,0.95726842062515971,0.13417505885536066,-0.053458118206105028,-0.12456396588433609,0.9907704315334751,-12.061644005947768,10.428506671229577,-0.30547666701667708,0.4470451750831995,0.2076175401186412,0.3269230769230769,1,5
0.84288837143805972,-0.53573745178011023,-0.050245159514631085,0.53669401753645274,0.83031272774685361,0.15013429215925994,-0.038713367653543392,-0.15351272553679163,0.98738802821544702,-15.21842223245449,9.3329558662411323,0.0042220779775904715,,0.4368511450287068,0.3703703703703703,0,5
0.86217415877269243,0.4936260396945974,0.11396952610248993,-0.50070932156424885,0.86452714655855278,0.043393411504451154,-0.077109631326235953,-0.094478282153904219,0.99253612476220621,-8.903059588251427,11.297550415990598,-0.60308346192056106,0.3280590840463516,0.1481379479960799,0.2439024390243902,1,5
0.76397860316812671,0.63881531157790239,0.090838822069122596,-0.64184864041049283,0.76681095640059649,0.0055928478617512075,-0.066083407179715101,-0.062577590538709538,0.99584990257462491,-12.622881376262038,-3.5808372595615201,-0.077586203055744346,0.2196396563954909,0.1345430624274807,0.5756097560975609,1,2
-0.97605997833069336,-0.20704246839236298,0.066635838578682993,0.20494246821196604,-0.97807377838277143,-0.037017141478468872,0.07283888675888843,-0.022474437079649086,0.99709046543113589,-3.1904979262961741,5.695174338332718,-1.0422377912245959,,0.103494524826061,0.5,0,5
-0.27902466541852328,-0.96028122839786589,-0.0022800163959916923,0.95983519074988166,-0.27882091245842533,-0.031229879506468217,0.029353750803238082,-0.010902346652712653,0.9995096278431963,1.0268604320595354,9.1391056359886456,-1.2092987923594885,,0.07215489739026411,0.375,0,5
-0.0258270394323727,0.98558660599091219,0.16718853467110903,-0.9993920340928647,-0.021538013185757154,-0.027416713510856911,-0.023420636752336903,-0.16779498228291617,0.98554366605178412,-34.172377565908519,7.0180163560346456,1.8648926394225338,,0.6738124337917065,0.425,0,1
-0.9862629350099702,-0.16418628200783825,0.018118714798860024,0.14929066547300668,-0.93293983347619369,-0.3276210681809692,0.070694555859320912,-0.3204155612854267,0.94463545765443246,-24.488977158586863,8.9566563953427334,0.98068722796101371,,0.5322233727902737,0.3125,0,2
0.50746984836252562,-0.84019491178360461,-0.19117233904478884,0.86157399034155946,0.49146428237978657,0.1270949185130677,-0.012830127428718936,-0.22920595401922231,0.97329338766494278,-23.661047352281081,6.2429700451114307,0.88024001473914348,,0.2566017854100052,0.1333333333333333,0,1
0.65291822726091686,-0.75741334898560553,0.0047756977366000194,0.75638460672585739,0.65233639304269986,0.048368967533023166,-0.039750663121918946,-0.027968716281762552,0.99881811942461196,7.2681982468752597,9.5584753019329209,-1.4102662380751438,0.4190765089272838,0.4299850319106481,0.8108108108108109,1,6
0.51368637585418564,0.81919662473776522,0.25503567844528147,-0.85619674048549577,0.50859348162633167,0.090883508015582856,-0.055258020628726229,-0.26504633644979658,0.96265102227688737,-5.5886692544474226,5.9238773665475941,-0.9016603078684633,,0.08110716647007291,0.2627737226277372,0,5
-0.953022308289876,-0.29376536527832287,0.073826757105606933,0.28913879169453488,-0.95492024986649793,-0.067276114129229972,0.090262057583798821,-0.042769458235970774,0.99499926351879298,-21.603463344631457,8.4428692638405263,0.66965667320451672,,0.07863061415707073,0.2068965517241379,0,4
-0.24423774450543215,0.96458609328940736,0.099607192469110761,-0.96968394775550593,-0.24211090381997982,-0.033096098210664796,-0.0078080486804806013,-0.10467081199719286,0.99447627196009647,-24.536022957393261,5.7025391217741532,0.97974540166262558,,0.07201757502440691,0.4285714285714285,0,1
-0.99397876811743402,0.086070054014966688,0.067809692032996777,-0.08837849880129714,-0.99557901029433771,-0.031806842203784172,0.064772289456049528,-0.03760824461747752,0.99719114038152912,-3.9757367494426696,14.374148380775944,-1.023956124144014,,0.07584000633056581,0.3488372093023256,1,5
0.0059930169375018404,-0.99858110034644798,-0.052913795732918517,0.99954581257523012,0.0075448180419216615,-0.029176090965688305,0.029533917981037362,-0.052714910144972281,0.99817277359037293,-4.4193213059740275,16.920089330883027,-1.0484947662182944,0.6909839759704411,0.61085765921928,0.8870967741935484,1,5
-0.50293521019868515,-0.85273900913771394,-0.14104026601376629,0.86362562174887081,-0.48923406636496708,-0.12165859512124659,0.034741326993666631,-0.18299237853754596,0.98250029495969649,4.6606725011800112,5.599637673205633,-1.2280571213282259,,0.4598059485319845,0.1492537313432836,0,2
0.52325775819483988,0.82371609046487804,0.21838754725983872,-0.84727506863224489,0.53031643264647155,0.029823469606102705,-0.091248433209213303,-0.20063968594068848,0.97540629476259089,-5.4386532171195494,-6.4989715094838987,-0.60992482302179774,,0.1827267153345893,0.3392857142857143,0,3
0.34527130096387654,0.91147875501422781,0.22359384581965916,-0.93731967129078064,0.34686620201869361,0.033401672240621884,-0.047112233464943185,-0.22111154889521292,0.97410991186985918,7.9580226370470246,2.9809306220084637,-1.3167020743336697,,0.2333566678034094,0.1363636363636364,0,1
-0.091187074788901479,-0.98550740615394528,-0.14303870038267819,0.99558586859644926,-0.087014174825952931,-0.035175440728041678,0.022219262870238742,-0.14561485430779647,0.98909181503155819,5.1952600144875012,-6.821460451974148,-1.0838236294236454,,0.4513469705981867,0.3695652173913043,0,4
-0.84976859809994854,-0.52715576854904156,0.00035407445321722841,0.52235380921842534,-0.84211797228263197,-0.13410376114632311,0.070991743732987445,-0.11377221296985628,0.99096723249444141,-27.198442012213743,9.0258532884299161,1.2550097146612296,,0.0716600938508915,0.25,0,1
0.80317833735981137,-0.59547484175210474,-0.017727696867781612,0.59441535759517428,0.79905702943079981,0.090433657297645562,-0.039685526970560298,-0.08317196978269116,0.99574468735290633,-29.428932937319775,14.217918708625099,1.4845131150991715,,0.9168709213952699,0.6829268292682927,0,1
0.0745833353397653,-0.99641352665105509,0.039967611842623693,0.99698684193138609,0.073649477947350772,-0.024351415025887238,0.021320485577876219,0.041663392863390443,0.99890419890489668,-9.2458756819907038,-5.4509772899205,-0.39873535293570334,,0.09844376000205829,0.4426229508196721,0,4
0.92828743796253688,0.36369104778579042,0.077532278964453291,-0.36473205731845154,0.93111218859783085,-0.00078651688212404798,-0.072477299102530618,-0.027548393873871948,0.99698953209638619,3.3055443957202471,-5.6862046401737052,-1.1500353115235467,0.3182463651637433,0.2241238444800157,0.6942148760330579,1,5
0.2301417053734964,0.96916998287023737,0.088001930382720528,-0.97234029403129552,0.23271072453575259,-0.020001782150136677,-0.039864119843729888,-0.080964578609114352,0.99591946911371099,-14.200247328806663,7.6917629000884844,-0.071359335363121792,,0.07025897029742108,0.360655737704918,1,5
-0.9845527033464283,0.15053850475264419,0.089409915110566146,-0.16340469165321805,-0.97343216518020226,-0.16040176600742442,0.062887845240215276,-0.17253399195353342,0.98299396770357717,-23.262697382829209,10.762362480081944,0.87876033644830431,,0.2052764213602926,0.1764705882352941,0,1
0.18224559758364645,-0.98295593155590733,0.024169790657739849,0.98325195734007664,0.1821538365627246,-0.0059639091532942808,0.0014596397802659723,0.02485189016029931,0.99969007847791147,-20.118481768897674,14.270569271957307,0.46753153529906177,0.1154797754481313,0.1690736017071952,0.4782608695652174,1,5
0.96958034274569238,0.19997107436446304,0.14115781373579173,-0.23398110058798896,0.92653908140498165,0.29458135582016487,-0.07188048086079743,-0.31864855255710101,0.94514353218148062,11.116501205181356,-6.6657067246754167,-1.2585686144663606,,0.2495115540925001,0.4117647058823529,0,1
-0.65169160865929909,-0.75700883515781459,0.047282879523819384,0.75629390786049266,-0.65327991463882651,-0.035282829571795349,0.057598369214415142,0.012766229768271041,0.99825820870220938,-10.634030232628284,-6.2104776781738886,-0.25445499967856045,,0.07512237699480843,0.2156862745098039,0,3
0.35496145612974522,-0.93482982522550229,0.0097756089891160407,0.93471805539432584,0.35468502763437398,-0.022376060686660749,0.017450546756498844,0.017080077308386499,0.9997018302359153,-11.256014264273132,-9.2933048544516161,0.1481444705300265,,0.098942815369631,0.3928571428571428,0,2
-0.32434334372148632,0.93964099988452732,0.10897791849531692,-0.94593574236197941,-0.32186102900382874,-0.040137879000858717,-0.0026394517720129845,-0.11610456211795785,0.99323348914026288,-0.89529138815213261,-8.5392125195796851,-0.58303282597583428,,0.07893329703163551,0.5454545454545454,0,5
0.61063512096395811,-0.78853550752313395,-0.073051368368889799,0.79155560616549714,0.60499022420876014,0.086177438809747403,-0.023758606720636597,-0.11044719094240968,0.99359798038221969,-37.23920810275829,14.091016705760614,2.1965591334646484,,0.2858054293264731,0.4545454545454545,0,2
-0.96690469447135619,0.23772215247263448,0.092647126415394035,-0.24724607879997393,-0.96265400191009098,-0.1103025345335404,0.062965771076748875,-0.12955867717086084,0.98957054364125363,2.9485993160017503,9.2348530076609485,-1.2316846011268048,0.6609073429981055,0.706224473853309,0.764367816091954,1,5
0.86635448830456907,-0.49929872485382681,0.011431708265614569,0.49700866112226583,0.86418008382694012,0.078582272086743177,-0.049115082856291244,-0.06239844610408736,0.99684208506654381,5.6013861200088284,8.3867629932749388,-1.2246241172990988,,0.06805442962197379,0.32,0,5
-0.7201251876827145,-0.69344691232585876,-0.023475388189917672,0.68744214426155925,-0.70848667166283952,-0.15959302732005715,0.094037292379162182,-0.13106492994635824,0.98690372974275031,1.6121142127788179,7.8293953657858237,-1.1536422828091453,,0.178076685944645,0.4285714285714285,0,5
-0.99248650403555105,-0.10517041213991556,0.062527783565484607,0.091183463655267472,-0.97652326327586814,-0.19516119552021441,0.081585018619353772,-0.18799335278506821,0.97877596213102291,-8.8776238774803691,27.05465388889592,-0.87563723692620599,,0.4060756800879974,0.6451612903225806,0,4
-0.48153635489523361,-0.87548794403453722,-0.040541321690237234,0.87405940526819681,-0.47632475262179791,-0.095576598087551437,0.064365324332422702,-0.081459130181721642,0.99459615680617808,-7.4241241267061469,9.8624515082794275,-0.76201134478977006,,0.1433707077959706,0.3181818181818182,0,4
-0.97124723877989527,-0.22955972022412333,0.063096244048692088,0.21927339321009739,-0.96578697396864854,-0.13847274079258845,0.09272529424358783,-0.12065593960971656,0.98835427051454428,9.491061984652049,6.6983970724369915,-1.3580054090413254,,0.2047837604874762,0.1764705882352941,0,2
-0.97672819443608794,-0.21324824331362899,0.022961291716089915,0.20218888628465095,-0.95118130550515856,-0.23318185675664171,0.071565972756559293,-0.22311277592543596,0.97216202392515505,-9.3538797624934293,-6.9635031091627928,-0.30270574860031929,,0.2459411173100433,0.25,0,1
-0.26990297244484607,0.94788031506013459,0.16933780967916379,-0.96284923131713862,-0.26411737230965754,-0.056243856519952076,-0.0085873871131955607,-0.17822716393900723,0.98395189659699633,3.3788773104515859,10.054406098667476,-1.3362115899726559,0.8703644588740812,0.8477269873408931,0.6796116504854369,1,2
-0.50702149520981377,0.82756984670055289,0.2409509332358544,-0.86055401048451019,-0.50183749080119044,-0.087211970883539311,0.048744214366742623,-0.25156963580366676,0.96661094547257242,-8.9753848130745482,15.828953594317863,-0.66334780185933628,,0.4032722553346008,0.3571428571428572,0,4
0.93357880944798621,-0.35348478776485082,0.058983992476932139,0.35418653988834892,0.93517350889574358,-0.0015502327377982781,-0.054612283523026016,0.022338600637926011,0.99825772494378406,-23.014853404186677,12.490389764744744,0.82585354859887816,,0.7612073951611146,0.8,0,1
-0.22097227891607721,0.92552760830789538,0.30752219141145259,-0.97527797361709601,-0.20904251458865156,-0.071652643159787061,-0.0020312872681541362,-0.31575286753142889,0.94883929119620347,-6.7136452331654235,-7.7992844016273439,-0.37073442091793457,,0.3580462650184247,0.3703703703703703,0,4
0.91001481209161705,0.40508854677575745,0.088183394383322164,-0.4071343932992757,0.91334990026586416,0.0057918457478831255,-0.07819608408795331,-0.041173158191248102,0.99608741758837049,-5.0704231855963275,-11.329403565837829,-0.26881476215366545,0.09126953908942603,0.1834544535320194,0.631578947368421,1,5
0.23936939229010951,0.91577935337393856,0.32256855080536623,-0.97007388697950825,0.23951117467865629,0.039887980702435336,-0.040730183342716712,-0.32246328959753023,0.94570528127255771,-8.3806016921149222,-12.605964281423265,7.4733662483356807e-06,,0.578780553840669,0.4090909090909091,0,1
0.96691174418138759,0.23980467684952311,0.087036750428789722,-0.24445662389955086,0.96850660887184725,0.047285384667877683,-0.072956411615026598,-0.06699750392851514,0.99508225613343548,-8.8747241372521302,9.8032011425467847,-0.62665740086637334,0.6183206411683838,0.320122107724112,0.4509803921568628,1,5
-0.95924918722285635,0.27168930617119436,0.077626784839418747,-0.27594777814783006,-0.9598426791493474,-0.050545573680387076,0.060776809290768265,-0.069906739271821519,0.99570037022028657,-23.329350920455337,7.2307941400858011,0.860043332787367,,0.08543256291297112,0.3469387755102041,1,3
-0.39400217755304168,-0.91901517393090315,0.013167921939817757,0.91823823143981598,-0.39421195292645544,-0.037887814560737698,0.040010428712276849,-0.0028365920859006626,0.9991952358471281,-19.961140472524594,9.0611439063064871,0.50892968393084281,,0.1068757642900549,0.4888888888888889,0,4
-0.15275813592373677,-0.98752657340200656,0.038160434143184672,0.98764104445421197,-0.153918433557583,-0.029568278958591789,0.035073055448569111,0.033172015857813569,0.99883406937560459,-1.077317142546244,14.09272969278293,-1.1909454335986454,,0.09561068694120009,0.4482758620689655,0,5
0.99026710313470556,-0.13463714061857832,0.035269034793339267,0.13027283252653665,0.98583601504284801,0.10562357951684918,-0.04899034144312072,-0.10000095904786305,0.993780536453998,5.2092346124504374,-4.7751481260253721,-1.2679135883911816,0.3598030463786251,0.1847757071809191,0.2808988764044944,1,5
0.81260390008120198,-0.58264019069857309,0.014328634113215947,0.58107740825287935,0.81183221264896843,0.057249490160147951,-0.04498830060067429,-0.038195113407485312,0.9982570741651936,-2.5649282662706701,19.770426442639373,-1.1752576041169627,,0.1695359783430659,0.2307692307692308,0,5
0.70291133562122654,-0.71076597502893879,-0.02697003886436047,0.71064734020625775,0.70018783227606407,0.068683021121072704,-0.029933461426214687,-0.067444260494931269,0.99727391403432242,-16.356372261900983,16.36766493481915,0.029499316052090219,,0.1048799124263282,0.2857142857142857,0,1
-0.64659517547520928,-0.75846512299511382,-0.081518931863648059,0.76198775992851486,-0.63714981437502827,-0.11582213847529842,0.035907280199250345,-0.13700646423389598,0.98991913608477078,-12.18124966451526,-11.094265287434501,0.24550753227896091,,0.2323095717390159,0.525,0,3
-0.88961472994700963,-0.45466768277132968,0.043161678658932334,0.45131156647686288,-0.88965129925985975,-0.069558864923472866,0.070025011428115097,-0.042401226026982125,0.99664368447600138,-0.038589802250128528,11.26378309453048,-1.2725571420865638,,0.1039500213187847,0.12,0,3
-0.87093053947844978,0.48314065409563661,0.089750229881696661,-0.48915831312398339,-0.86981369545046072,-0.064407141750838393,0.046948270526996481,-0.099996217762743117,0.99387957838345298,-21.559040603188695,12.227145036293662,0.69719513416220036,,0.1377149423066083,0.3043478260869565,0,1
-0.98144534343970768,-0.18267123683082664,0.058277414795176015,0.17800150747161358,-0.98099485925101382,-0.07723049566664128,0.071277634488989869,-0.065424042658475803,0.99530859207779088,-17.483739912753162,11.277836573374476,0.27702242706204477,,0.6203889604651681,0.6774193548387096,0,1
0.17644821886946985,0.96026321870995957,0.21624194054480378,-0.9830490221139081,0.18303333599516097,-0.010649790391075538,-0.049806085759503238,-0.21069729164674447,0.97628172425486159,-0.41075760065973638,-11.078510289540803,-0.60926716452866303,,0.2686988923734461,0.4,0,5
-0.75146721516746484,0.6523348934542289,0.098773535476437468,-0.65853892663482338,-0.75075426299484893,-0.051908753613586732,0.040292761572147458,-0.10405394455339588,0.99375513582963138,-6.2626176701210472,-6.3328635955167609,-0.59384873574780106,,0.0776268918325988,0.3205128205128205,0,6
0.87688559136893418,0.45012959839737715,0.16868611174655659,-0.47648799930669811,0.86027559846435653,0.18134244181518624,-0.063488945228724739,-0.23939348222833887,0.96884462866877419,-30.7309900838445,5.0603630021783816,1.5819577823034332,,0.2750886238788315,0.5294117647058824,0,2
-0.99470622903721895,0.058523104075880794,0.084466349535655585,-0.079008595465264425,-0.96114429936600621,-0.26449816188177011,0.065705096888765885,-0.26977153683358168,0.9606800498382827,-3.9254578419240644,-13.451967204837691,-0.28899962043668109,,0.4576712159494142,0.68,0,1
0.77380263130677762,-0.63262204030905633,0.031919302904557099,0.63186749347230031,0.77445073852630775,0.031137184989787122,-0.044417997205398844,-0.003925265756897567,0.99900532221455052,-4.2231848964251473,-9.3509985541762681,-0.3142060439610887,0.5834328638421959,0.3281413680133786,0.5242718446601942,1,3
0.71344221055856794,0.69488642232913778,0.090183547589989962,-0.69758670374798792,0.71649707152025388,-0.0021765240449040167,-0.066128684754211936,-0.061358019569670658,0.99592278339596529,-9.6626802458587271,-17.15319941539633,0.070212810511869617,,0.06524691414719197,0.2307692307692308,0,1
-0.72944471414980394,0.67347313202838166,0.11976789818141624,-0.68318954444989177,-0.72601104642348246,-0.07848571096340036,0.034094799504635558,-0.13907516279682441,0.98969472249768853,10.636801873797612,2.4309635234296678,-1.3946431408538336,,0.08258269440008187,0.2592592592592592,0,5
0.64594626688116563,-0.76286086663406194,0.028226201668217286,0.76277960945091117,0.64646412712668777,0.015855590315282275,-0.030342836192456795,0.011288511711411682,0.99947580350658827,-22.750984616180748,13.621584153799319,0.78695269368386556,0.3665100636583593,0.2540597682526604,0.4583333333333333,1,4
-0.2523502279323146,-0.96228557314579022,-0.10161613148505327,0.9666435803986162,-0.24594265481700978,-0.071501042060281517,0.043812680089830906,-0.11626988542627843,0.99225085679293168,-2.6498122781642834,7.3623441966145116,-1.0708813624162243,0.5066038094769059,0.3101827346230054,0.3048780487804878,1,2
0.52435087013178616,-0.84789147162873058,-0.078334011331627013,0.85145945589487149,0.5230238986179947,0.038246521954838644,0.0085416602160850539,-0.086752831733023977,0.99619324743096593,-8.5623935968034655,21.724597391409475,-0.86487305664227054,,0.5126490083160773,0.2777777777777778,0,2
0.99476182127083812,0.07550761061012877,0.068902247291912078,-0.075868301703797769,0.9971143803529805,0.002629313574854466,-0.068504888427820654,-0.007843037246026828,0.99761995119797542,-14.209734103090339,3.2716264473300556,-0.08253860455803505,,0.09358234224820106,0.3803680981595092,0,5
0.70661910369425185,-0.70722589182487283,-0.022824991278133769,0.70753468506995643,0.70577396500673262,0.035746045118793326,-0.0091712440427381709,-0.041408311378154872,0.99910021520942527,-10.613052181283914,3.4166842222122429,-0.40469837491457733,0.4222925702218406,0.2886068704209813,0.7274096385542169,1,6
0.40239057839640935,-0.91475571609906614,0.036108202418378914,0.91546807427538779,0.40208458263906655,-0.015690550866037638,-0.000165530405789732,0.039369636371842431,0.99922470162202892,11.455100675256711,-5.2860727512571826,-1.3993734665318334,,0.09152701990177081,0.40625,1,5
0.54467891381835098,-0.83799188979953521,-0.033082827446665457,0.83847838732336744,0.54336152890916678,0.041379256797320262,-0.016699545900028364,-0.050277644452552277,0.99859565572609832,-2.8766621459557764,14.649758568470885,-1.0994840377051565,0.3854624114925423,0.2949953413984622,0.8032786885245902,1,5
0.84230052480132667,0.52315648655407443,0.12975791496400638,-0.53434000663339976,0.84206349997037533,0.07355147400739058,-0.070785473300869747,-0.13128729029893957,0.98881396843669933,-10.993235234942345,-16.514126859292361,0.15287217887763929,,0.09393051055166282,0.1578947368421053,0,1
-0.99765765244776294,-0.0088231061464335361,0.067833334801902775,0.0067849894456036711,-0.99952030785859802,-0.03021784400773786,0.068067410929469871,-0.029686814854101455,0.99723894859415552,-28.278014357235929,8.946372403571603,1.3663570415000774,,0.1096341526424509,0.5,0,1
0.23635274743043622,0.91134991712141644,0.33701440228107937,-0.97033503156207246,0.23953362365237599,0.032765372932340574,-0.050865561095085596,-0.33476106658742538,0.94092918064630815,7.4084045038878799,15.913641832155555,-1.4819588470048797,,0.2917925560984032,0.2352941176470588,0,5
-0.9180519428273084,-0.39632955155764199,-0.010174322243902852,0.38981200039336955,-0.89768014712458544,-0.20546765635423589,0.072299617013674322,-0.19259605401072255,0.9786110184129212,-20.095905903673781,17.729994776410123,0.42492536957969557,,0.3433031180399954,0.3,0,1
-0.3395075547129407,-0.94053937145305311,0.010968638909958481,0.93941878552628477,-0.33964199717903731,-0.046213192408189378,0.047190737366151404,-0.0053855825063134606,0.99887137801015613,5.0993149076643567,4.0435230118468724,-1.2400743065065856,,0.09411924946410236,0.2698412698412698,0,5
0.51887197610049363,0.84790494408343364,0.10876156589732816,-0.85296275380260989,0.52197178016060397,-3.6625663627691769e-05,-0.056801523245753459,-0.092750560725206543,0.99406786510887812,-3.085691321862511,15.740765815542916,-1.0949558579542467,,0.2074438992334711,0.5625,0,1
0.59086268440087752,-0.80673802537951922,-0.0074193388750242503,0.80652686445131794,0.59043131949662142,0.030087769538526259,-0.019892337743811585,-0.023761636396343676,0.99951972443511761,-14.526726887232,-3.7859082709321408,0.12947067353594049,,0.08118109371953455,0.4857142857142857,0,1
-0.99660095063354881,-0.045155299347848295,0.068902424754971603,0.042452503057891007,-0.99828942381557995,-0.04019964281033251,0.070599788812914066,-0.037137921842299915,0.99681314426566847,6.2749873052078904,4.618469925511147,-1.2692636223204681,,0.08058563041508708,0.2571428571428571,0,5
0.52613928883881,0.84374939208315813,0.10613393472161331,-0.84851152880032299,0.5291766198963187,-0.00053893231939477267,-0.056618320649143211,-0.089772313740971221,0.99435169706319826,7.0952421797765073,8.3798359449046167,-1.2912043197418401,,0.07704623465910931,0.45,0,5
-0.28040713857170863,0.88260858273841403,0.37732469613651881,-0.95986761316481928,-0.25574185104285435,-0.11510982070374688,-0.005099199476471074,-0.39445937091374095,0.91889923433586362,6.520838623080695,11.730534551529569,-1.5145164995997473,,0.6208545506685804,0.2452830188679245,0,1
-0.90230327249775422,-0.42860465428061734,0.046334164164657687,0.42559684519416835,-0.9027424898987505,-0.062636429433490487,0.068674083908093972,-0.036797381162226077,0.99696029155578059,10.009461427768326,3.4957977547518237,-1.369221509296239,,0.09798270546238705,0.3103448275862069,1,5
0.71057884447339004,0.69811970519332023,0.087787146027506396,-0.7005726178741476,0.71357026849433691,-0.0039343367782692686,-0.065388935392975842,-0.058705614226518446,0.99613148629408454,-11.319165177611897,9.7466225635272146,-0.37217462561075243,0.4190757660348439,0.3595264835525103,0.7473118279569892,1,5
0.2375297838478472,-0.96901686215135019,-0.067719440720860113,0.96994322921051102,0.24039200109865544,-0.037707000894661079,0.052817931556251994,-0.056727477241061357,0.9969916044942323,-8.759973960736879,6.3430855950159826,-0.61434072914319104,0.592901070353949,0.60825017572621,0.8515406162464986,1,5
0.69054916990314197,-0.72009784935739773,-0.067830165095867534,0.72270457414723643,0.68319594586204457,0.10460113796861145,-0.028981760690883644,-0.1212533995750943,0.99219840286040539,1.3120075775211575,-17.490614524328823,-0.49803702181743248,,0.2308283835203994,0.1,0,3
-0.8089273365120242,-0.58718267931700419,0.029207282545022539,0.58496884224378365,-0.80885047058191539,-0.059769305194050659,0.0587198249957189,-0.031263674600348824,0.99778482890999787,-7.0744510680425021,-4.808551993620255,-0.58079837938802314,,0.09846642081098536,0.2410714285714286,0,5
-0.79634661580333366,0.5633907096541898,0.22005221147247306,-0.60266867020051762,-0.76991315497333812,-0.20981946467794693,0.051210755289461216,-0.29970759428874866,0.95265566521610201,22.4125700039069,1.1510867789875434,-1.8216447377287424,,0.3619558850910115,0.2571428571428571,0,4
0.59660104081450838,0.78468431121948745,0.16833814132586131,-0.8005703585606655,0.59657779808746769,0.056409501178061344,-0.056163147108177276,-0.16842049327533923,0.98411393565572403,23.090018862217871,3.0991391222287037,-1.8418099031460666,0.4632410840412255,0.2407806313004527,0.4666666666666667,1,7
-0.30658077810550666,0.93348967124159943,0.18602489129542285,-0.94867474266079865,-0.31560417769882121,0.020254275018365395,0.077617389376935339,-0.17026754448309478,0.98233624801389052,-18.450379698036112,17.561260578582196,0.2283278352156492,,0.2115390179729113,0.4444444444444444,0,3
-0.51838722615798516,-0.85347459661189895,0.053439654699353509,0.85316129692396769,-0.520428395702355,-0.035638271249973312,0.058227872941088783,0.027118220532129901,0.99793492619906188,-11.488922824590107,-7.3449726827707629,-0.096240464396032774,,0.07080657829677474,0.1917808219178082,0,3
0.97770301639902735,0.18708618239830185,0.095370708710129662,-0.1984539341699858,0.97166579108356899,0.12838078692077251,-0.068650183806731588,-0.14444497496822509,0.98712856379993918,-7.9999582425644098,18.489567290920757,-0.76083316253755762,,0.5211828476384451,0.4909090909090909,0,4
-0.99221488790727774,0.11356500697389232,0.051113651857111357,-0.11914080828947406,-0.98509738120218315,-0.12405086597333076,0.036264087128741802,-0.12917483787341202,0.99095851439154525,0.46406329010769753,13.548159355456436,-1.2647458245032326,0.7489417524702633,0.77138618338057,0.6451612903225806,1,5
0.99345933641108886,-0.099025018849951546,0.056855892741259413,0.088352873743621038,0.9820555062297045,0.1666155826600931,-0.072334753741770674,-0.1605024246722937,0.98438135652572767,-5.0536616885301795,19.460202105295203,-1.037407321902323,,0.2026709932254319,0.1764705882352941,0,2
-0.79604043181891537,0.55400030366652453,0.24372791068516111,-0.60398829497544149,-0.75305311965168875,-0.26097727586040664,0.038958573410921092,-0.35495726858349935,0.93407042937753249,-13.804015931770763,-2.6121853369318839,-0.013088042371791861,0.6265088062728941,0.4875152202201337,0.2352941176470588,1,1
-0.86557070839319195,-0.50028344649605616,0.022445978119400963,0.49509277398894536,-0.86160889893527837,-0.11186264085685123,0.075302681994998483,-0.085712183717168489,0.99347014431576908,-0.75694393665653481,7.947484910350453,-1.1513928445712773,0.290180655306353,0.1221065743503757,0.1851851851851852,1,4
0.75664363360555953,-0.65197289185534235,0.049211380898705415,0.65279029473861416,0.75753832937709709,-0.00071457653851767779,-0.036813622740075942,0.032665391629953432,0.99878813037120762,14.533029175347011,4.9561188371333662,-1.5044951045231607,0.423098777507332,0.4197213894762089,0.8958333333333334,1,5
0.33070558840423286,-0.94260120784045609,-0.046225282864728191,0.94372523939660879,0.33051632225795696,0.011900976719930231,0.0040603354570963252,-0.047559685646441169,0.99886014535428747,26.965040347793128,-2.4576703276857499,-2.031302450762591,0.7753430913788339,0.7413394020726303,0.8857142857142857,1,5
-0.99769369350998183,-0.018059218464053926,0.06543056288063849,0.012032668169779551,-0.99574560407614543,-0.091355935000123747,0.066802012148778789,-0.090357935963026714,0.99366641011024159,-1.9167254544067591,12.081462994783729,-1.1514478007621987,,0.07029669517598709,0.4,0,5
0.76920047670170444,0.63118312540049859,0.099691969844768899,-0.6353146061850441,0.77213939882190086,0.013270265818620976,-0.068600129809018293,-0.073543259355382196,0.99492985239843612,2.097071100454508,4.3970814573808346,-1.1698706210633087,,0.1025225347367561,0.2954545454545455,0,5
-0.34584410648700614,0.92580079696364692,0.15259337583814517,-0.93797900806431833,-0.34532632198068797,-0.030742670312913313,0.024232920560317648,-0.15376155465124317,0.98781078647297171,-10.490009873335513,6.9943822175353816,-0.43598981279183285,0.3052607802849788,0.3278006201449544,0.7167235494880546,1,6
-0.98415901574385445,-0.1692789208052973,0.052684710316016223,0.15839626929391981,-0.97304866340261997,-0.16759152879589082,0.079634500085432061,-0.15659165246388385,0.98444776437085502,11.656911994080859,-4.0956326749496634,-1.443521890110135,,0.2380850955296908,0.2173913043478261,0,6
-0.90433254008364805,-0.42622530250732354,0.022685864506296269,0.4206874489228396,-0.89904481742743381,-0.12141040554938513,0.072143795746070119,-0.10025172197729833,0.99234311857136215,-12.54936548309202,-13.205629332325886,0.26774680675004803,,0.1323276438636393,0.25,0,1
0.1769685636580601,0.96727998862888942,0.18180085553951753,-0.98071989516803337,0.18886189246898397,-0.050196342442818877,-0.082889171176975251,-0.16941254136318057,0.98205334688623913,7.5392705126678088,4.3611362007987706,-1.2968867956185546,,0.1819507146989985,0.2413793103448276,0,2
-0.65357565222832792,-0.75685519841196069,0.0030125489387948265,0.75343507965312573,-0.65099022861323264,-0.092451625178685173,0.071933633040496561,-0.058154371176068198,0.99571261996155891,-12.939567431673156,15.869203212007639,-0.29915339081676107,,0.1429057346852693,0.1818181818181818,0,3
0.92807427823026412,-0.37177180704846591,0.021537352931423535,0.35906546551763624,0.90869177107154919,0.21295834489273799,-0.098742724086271924,-0.18990784257310026,0.97682387653519864,-1.8627185927299703,-15.550504543172048,-0.39372484976029309,,0.4434239523829456,0.2777777777777778,0,2
-0.77504310671749932,-0.62163363192794774,-0.1134892522918169,0.63128714470264358,-0.75372979439790444,-0.18266892995273201,0.028012919570625652,-0.21322060100506585,0.97660240202662219,10.511637191195392,6.9154612000020581,-1.3725724474166932,,0.7490373882132679,0.2954545454545455,0,2
0.5968073622279868,-0.80118760991469096,0.043810799007299665,0.8020639713430564,0.59722228837066615,-0.0043501892728553607,-0.022679467892291309,0.037735288424632502,0.99903037478528778,-10.405961807486875,18.817027503017218,-0.57424478327555772,0.2910783543942406,0.2780773195131865,0.7333333333333333,1,5
-0.36526637589379957,-0.930592717226426,-0.024034751643110919,0.92920682715878522,-0.36292137079624931,-0.06973342800174058,0.056170695232587921,-0.047804531840691486,0.99727607999619616,1.7994194069717531,-11.889157615129426,-0.68420020292480799,0.6958245376615297,0.5626129783883695,0.1904761904761905,1,5
-0.96043792992743571,-0.27378493245136004,0.050997975639297317,0.26904627554340588,-0.95945854062315616,-0.083984584546838645,0.071924157088727236,-0.066941165121975135,0.99516119098324385,0.57609016627490028,-8.7574231579116368,-0.65410324304364165,,0.07519400915819606,0.4074074074074074,0,5
0.99721208053952726,-0.038435971341653809,0.063958912850763008,0.037495618336541539,0.99917126161717762,0.015838830887995137,-0.064514688494856268,-0.013396494517659023,0.99782683312439058,-16.292465689512891,14.071689909746079,0.048080717506474913,,0.07934827097535227,0.3461538461538461,0,2
-0.34750496388869612,-0.9368198597524624,0.040110478008768151,0.93647568834532391,-0.34890730394756464,-0.03573483440835977,0.047471941300804447,0.025144455162475533,0.99855604307605828,-12.332467409623151,-4.7775759464252463,-0.084075638180075102,,0.09425094510393639,0.3,0,2
-0.53550526591935954,-0.844501290066762,0.0071889671171297383,0.84214300567199429,-0.53461096843802081,-0.070613528615279253,0.063476516684327369,-0.031759778042932625,0.99747784352750823,-2.4091974860074816,-8.5216654668063274,-0.51241411464108932,0.6881848026153096,0.5343851254509455,0.3291139240506329,1,4
0.69799802153409407,-0.71571525956407589,0.023461226771417341,0.71548335857511947,0.698381881115267,0.018609452758474185,-0.029703964997271039,0.0037967561194590309,0.9995515289900827,-1.8685406396858164,1.6827764671359531,-1.0627414110726363,0.6189546395384528,0.5363982836205574,0.9800235017626322,1,5
0.41785096898908392,0.90218032506466173,0.10710382243928716,-0.90706454148627302,0.42093470339697392,-0.0069204807925581646,-0.051327237342197352,-0.094258349987278375,0.99422375658827167,2.5917357495408084,-6.2960755903654624,-1.0657153330307159,,0.09025991841743859,0.3617021276595745,0,5
0.96573133234269293,-0.25658250744855782,0.039094892288108057,0.25218220581208051,0.96325432168549929,0.092440504249828734,-0.061376940322579315,-0.079413655158416654,0.99495042216736573,2.2489987410508681,20.250251040731087,-1.4278414888773359,0.2385419978506436,0.2102507201464844,0.25,1,5
-0.926795089683769,0.36572027500797788,0.085437358258218549,-0.37555732059957514,-0.90080545881926899,-0.21795922624535521,-0.0027496694568765519,-0.23409016598203153,0.97221100256496917,-16.409529390560948,-15.244267666320624,0.55493810458361026,,0.294070580215393,0.3333333333333333,0,2
-0.77238046627920132,-0.63308807193649519,0.051263129850350322,0.63034636225361185,-0.77394384815096817,-0.060616693269335359,0.078050489453692348,-0.014505622392769703,0.99684387344008729,-8.825220790058081,13.754927224518408,-0.63585969641189866,0.5292050386758793,0.5502806022857888,0.9285714285714286,1,5
0.9450668059283247,0.31083700705487805,0.1011389508428865,-0.3212436799470253,0.94039921809850058,0.11158767267857736,-0.060425412092324778,-0.13794805415406874,0.98859450935587256,-11.09658789084064,11.758007349927395,-0.38117191207467083,,0.09525887388496064,0.12,0,3
-0.78410755600225701,-0.62037995582238148,-0.017437059212690158,0.616788308535973,-0.77583340436518933,-0.1328710319236418,0.06890227190376437,-0.11494015436278138,0.990979938163008,9.9812582996352432,8.1022761463656607,-1.359871769035635,,0.3270167381749934,0.1818181818181818,0,1
0.71237847567382206,0.68623752894095513,0.14695224145842103,-0.69477615303380968,0.71916031997952157,0.0097227229978531348,-0.099010123584321832,-0.10902517158878666,0.98909580293713384,19.572449497666216,1.3920974573679978,-1.7018805373908481,,0.4942896596054925,0.4285714285714285,0,3
-0.97574296833207597,-0.21119782812036256,0.057629308062414605,0.20687356701562654,-0.9756498580366898,-0.07287442475395324,0.071616946463403122,-0.059184727001400692,0.99567473658270023,-2.244704968337806,3.7023080844741876,-1.0440081959183565,0.7726734617828918,0.8321931847720522,0.8022540983606558,1,1
