axis_00,axis_01,axis_02,axis_10,axis_11,axis_12,axis_20,axis_21,axis_22,location_x,location_y,location_z,dbh,dbh_approximation,score,reconstructed,number_clusters
0.83288250810110498,0.54766574506101851,0.079805760355829564,-0.55317287559542083,0.81920428928569367,0.15134101268795111,0.017507067278834065,-0.17019566417121518,0.98525475816796404,14.230891161205397,2.9881071175648239,-2.2535821169121508,,0.08529327805703421,0.3125,0,5
0.83767271276106225,-0.53488338903635058,-0.11047255961781612,0.54404099813394924,0.79930445361884073,0.25520929210062759,-0.048206002167158223,-0.27388346163665184,0.96055402284149838,-18.241003323839404,22.641939623494629,-1.5488925368211282,,0.3115921548830054,0.2666666666666667,0,1
-0.27249748480161196,-0.95996599022115514,-0.064887736865390164,0.96129590348480287,-0.27448566576393868,0.023828664114119897,-0.040685460795370325,-0.055883064597819325,0.99760802741909804,-18.627536566351687,19.056518750998013,-1.3001040295468289,,0.2885402966984525,0.44,0,2
0.1838478514508097,-0.98159767211290372,-0.051633105847400766,0.98026980387608864,0.17921274007373464,0.083390079769710926,-0.07260219780182775,-0.065945461540517877,0.99517843474251011,-8.421155470373817,11.347654715642635,-1.4026664717526018,,0.1372157934548501,0.28,0,5
0.92812174294932959,-0.37043120417923375,-0.037023684784483167,0.37030263575388828,0.90839449726169985,0.19415302031744436,-0.038288225584649914,-0.19390760767691836,0.98027233535716629,-2.1719140618744719,20.158935433873438,-2.140721107264882,,0.1249154847923356,0.3703703703703703,0,4
-0.77553295958652901,-0.62865949398149246,-0.057756984182806725,0.63058099638923237,-0.77577888415557483,-0.023124227362110374,-0.03026938366935171,-0.054354057118720718,0.99806282411830816,7.0324799971530734,18.732336105537637,-2.5501348061995812,,0.1972872252536852,0.2857142857142857,0,4
0.55843173098073107,0.81599270613706676,0.14936500716355991,-0.82877017258238728,0.54098045259534644,0.1431088779478519,0.03597225141165708,-0.20370580119584225,0.97837106646074512,19.968936537939239,2.2642544722281492,-2.5852288487926174,,0.1469549461433334,0.2727272727272727,0,4
-0.70206773344952722,-0.69483326211791152,-0.15590906164693066,0.71166659165118151,-0.69233427960608573,-0.11918014771728527,-0.025130857061292661,-0.19462780668985932,0.9805551778897813,-10.421347005614917,-10.49471180600354,0.048197825912815837,,0.5951080001571534,0.2622950819672131,0,4
-0.82321252479408258,0.55300311902403243,0.12848614466876565,-0.56682228892119446,-0.81338293265560913,-0.13084608380344631,0.032150144700907747,-0.18054294562306261,0.98304151132160134,0.56021779626821511,-14.087299128604563,-0.24196504281969708,,0.3971560116115115,0.4838709677419355,0,2
0.99911763059351033,0.036474110999547928,0.020823051265428848,-0.038927936518056851,0.99033488730282204,0.13312184925605985,-0.015766293022018745,-0.13381498502671388,0.99088090797362938,15.475288648480024,-9.5574659692342827,-1.5961782845250634,,0.08482752051843982,0.4210526315789473,0,3
-0.92129933971738809,-0.37534265009829909,-0.10161408196451131,0.38880232273806531,-0.89343368455823646,-0.22496445303687199,-0.0063466896717821507,-0.24676739313345161,0.96905395784565629,-14.450582553290324,-7.021126610457074,-0.022102324648227863,,0.09561929311889432,0.2571428571428571,0,1
0.075577942070873275,0.99137803133049729,0.10704005636956314,-0.99548965537795264,0.068843511544997835,0.065275699564532302,0.057343881171551807,-0.11149067186729698,0.99210962568597305,1.846300432299534,8.6216222609405015,-1.7783858286447984,,0.07421629609171736,0.2413793103448276,0,5
0.67272731893027182,0.73097347343037244,0.11452395166962427,-0.73969073145212749,0.66084364933255579,0.1270562589589686,0.0171923287749664,-0.17018652202206963,0.98526187968140078,22.587090425772985,1.511836196217381,-2.792370418943972,,0.1843769260067779,0.4444444444444444,0,4
0.40069450773539611,-0.9095021758097116,-0.11067837940667817,0.91394575840334846,0.38828577558874039,0.11805637285626659,-0.06439768759215013,-0.1484585756123582,0.98681963355008961,-9.3225419042086077,-12.326699997206068,0.13048616564398025,,0.3732424306218696,0.4545454545454545,0,3
0.32461318139082435,0.94433870703874134,0.053391842595350729,-0.94426763247483225,0.32029384540196637,0.075963746998137668,0.054634428044078004,-0.075075022384413881,0.99568007928564939,-3.7242209708980987,-13.888215936297561,-0.044844403682279363,0.1405539692644297,0.145943315150865,0.4285714285714285,1,6
-0.71321662156241161,-0.70067463164986443,-0.019419353476013403,0.70036207642038295,-0.71347965848867767,0.020969950763155755,-0.028548426212826921,0.0013555387144259419,0.99959149149818405,-3.516814088804217,-12.141871327963448,-0.2196184935767698,,0.07902604785701935,0.3125,0,5
0.66915756262101578,-0.73922590470663119,-0.075981696465436038,0.74088877019452337,0.6557330786704979,0.14525136741855171,-0.057549861743966466,-0.15349003664073799,0.98647292008715437,-3.1217708313841994,15.223840444627099,-1.7989820509438474,,0.0816290966112382,0.4166666666666667,0,5
0.88197073060581221,0.47011172441281712,0.033505177573884506,-0.47115072204645808,0.87763880387145377,0.088131305755590694,0.012026116154069318,-0.093515220732733023,0.99554521545812147,-25.785647342352153,15.26742393423304,-0.85609407597743759,,0.1253444529216179,0.4117647058823529,0,1
0.82730718213972232,-0.56150535815872249,-0.016569826163182526,0.5596129425006211,0.82123121647582731,0.1114120445527797,-0.048950801483020723,-0.10144467381128766,0.99363614929686039,-7.5412887820437602,-19.27553896180348,0.54494033571710554,,0.1337901066438796,0.1764705882352941,0,1
-0.99559103034093011,-0.093052730606650244,-0.01181903681909896,0.092785009772844276,-0.95847664245199971,-0.26965434881602673,0.01376380274990289,-0.2695620804204264,0.96288464653522943,2.9894667233262338,-9.040565678683457,-0.78988392036308885,,0.5344680668473563,0.4272727272727272,0,2
-0.33739831609760312,-0.94028165998770796,-0.045086319269388962,0.94001760875151241,-0.33908858154131194,0.03722672568718495,-0.050291863473029164,-0.029821699466334686,0.99828923399451197,-15.834023842030643,-4.6450161919291899,-0.12909485546724001,,0.2770198339769968,0.5303030303030303,0,1
-0.95757799221369377,-0.28704972616921903,-0.025433118844673079,0.28817398861099014,-0.95372549399213635,-0.085810456224682474,0.00037565412785427741,-0.089499367682859196,0.99598680817987972,-14.526137071401035,9.8505162982758847,-1.0194254878344051,,0.647651335630143,0.34,0,1
-0.45970109790616104,-0.87455870072216468,-0.1543437059780185,0.88654505665294514,-0.46211884806396986,-0.022000745175013325,-0.052084192497306919,-0.14694641627201527,0.98777223469619513,-2.3513569742842542,-10.580019752621531,-0.37453536107114993,,0.2934933769291924,0.2592592592592592,0,5
0.15111341298119846,0.97686657640862062,0.15131565785758261,-0.98686359774931509,0.14023459998209753,0.080215312784639503,0.057139967224791435,-0.16144952419737973,0.9852253931370164,-7.2749582036254283,7.7290164794631826,-1.225013618904216,,0.09629673616643571,0.2876712328767123,0,5
0.54498883581403335,-0.83653314063875095,-0.056563888225038328,0.8362672244949696,0.5374786576969065,0.10850724287260329,-0.060368021944959029,-0.10643776178312699,0.99248511565315356,-12.491179494041665,-10.474417414216264,0.13527641729544237,,0.07903819076271909,0.2272727272727273,0,1
0.13358340484729708,0.99047841323163077,0.033286436750635265,-0.98939530329721637,0.13135398369338797,0.061992457454810419,0.057029884822016069,-0.041214607726243156,0.99752140245067411,5.7973508052736547,4.3800739591956077,-1.8009519251922816,0.2666133629647699,0.2123092226532148,0.7962962962962963,1,1
0.59092154570968969,-0.79079357297879693,-0.15955328812499306,0.80421703037060033,0.56184975432705786,0.19380356452995243,-0.063613637515566326,-0.2428381734778341,0.96797878418072025,2.8750496297454835,12.948239001530506,-2.0135064671330549,,0.1333493510768597,0.3043478260869565,0,4
0.20300917883194466,-0.9790463990403091,-0.015981922167970296,0.97736860422952376,0.20161582447236873,0.064044287713728401,-0.059480120850678754,-0.028621807219854838,0.99781907547162974,-5.6721401766868533,12.167627875778242,-1.577731800738801,,0.07726933978460659,0.3055555555555556,0,5
-0.58512581141645714,0.80344112497320896,0.11004609723210834,-0.80871692755980451,-0.588169114974054,-0.0058329468427240627,0.060039286242130639,-0.092409149397796042,0.99390936871281854,10.270801759347837,7.7944389105055745,-2.2414899288141599,,0.07974154827419648,0.3,0,5
0.68289577077254437,0.72493082970924116,0.090159072743931257,-0.72922746006242978,0.66915299422630237,0.1430439855739255,0.043366781663753913,-0.16343060440152327,0.98560121742674556,-13.241622191006556,-8.5747255226214172,0.068775568306041188,,0.1057782709877737,0.2857142857142857,0,3
0.2607643099358396,-0.96253489632878775,-0.074354206424488895,0.96332053702322362,0.25437361317928298,0.085484547535827543,-0.06336811195683556,-0.093918253111131861,0.99356119294162237,10.721462169712721,-18.386385952234445,-0.65169331684870302,,0.21513703447551,0.4285714285714285,0,4
0.31609049667107242,0.93898715862440696,0.13560941653401962,-0.93391328754878356,0.28279689671403363,0.21870502177301543,0.16701128481051131,-0.19577801497454886,0.96632199581638822,-7.0154489996182834,-14.686375430522903,0.1950267861017394,0.6722770973880763,0.5018191141877736,0.7313432835820896,1,2
0.97831264967423692,-0.20137119164654424,-0.048518065318242182,0.20677543515906838,0.93568069497663486,0.28591179839737341,-0.012176982473190975,-0.28974347313251619,0.95702687573283718,4.8859743292311624,-5.9405962157876369,-1.1702605403010584,,0.4342219191382778,0.2285714285714286,0,4
0.084850537020949787,-0.94837848422657078,-0.30557918290251446,0.99450158017924162,0.061717124794009634,0.084602621284167498,-0.061375837169427391,-0.31107755811577376,0.94840063235347938,-15.557076305525639,-2.3147085682490474,-0.30135954287218814,,0.3273972086171507,0.1136363636363636,0,1
0.9937768791152376,0.086787320306965246,0.069824605762687966,-0.10139807944539023,0.96431673274121266,0.2445642419490206,-0.04610796049235872,-0.2501223700296496,0.96711574074150319,19.660449234515205,6.2487171013024465,-2.7685464327065401,,0.2672594428604756,0.25,0,6
0.79571451282123307,-0.58873892050135035,-0.14221426641716242,0.60344232614166027,0.7504928272241399,0.26947704040578063,-0.051920834993374854,-0.30024489966029583,0.95244801806795165,-3.324718670026948,-17.444364314158928,0.1902404667274713,0.6420546454334025,0.5503158656232431,0.2285714285714286,1,3
-0.091360619258720216,-0.99062191181871628,-0.1015946114382803,0.99490411020405634,-0.095170036923255652,0.033293776762359555,-0.042650307709779116,-0.098035156432058387,0.99426860523482474,-10.053846491011543,16.341218866702505,-1.5255085147556142,0.2832156145869997,0.1365077877366462,0.1458333333333333,1,5
-0.99935888591853372,-0.033483321094402947,0.01267613285493969,0.03173741009999221,-0.9923661418047437,-0.11917288869416753,0.016569669152155204,-0.11869417765019759,0.99279259579034518,-22.449958997513054,-16.285021275073394,0.94702519456401391,,0.2040462777297376,0.1818181818181818,0,1
-0.17168059876857897,-0.96418467016050957,-0.20217243589058359,0.98321473723361663,-0.18056181360558729,0.026195647617336278,-0.061762063543025436,-0.19428163396196541,0.97899953739109424,-24.911727796361852,7.411010718669937,-0.52130657304916284,,0.2836430334465795,0.6666666666666666,0,5
0.17126077925507385,-0.98080761216993251,-0.093199642694918081,0.98359854258542379,0.16477662396101597,0.073366008613255596,-0.056600817244764352,-0.10423575253014428,0.99294071090961911,-11.974154173663527,-6.4502398759845017,-0.17280459091699799,,0.07057238189465272,0.2452830188679245,0,3
0.93884050843580868,-0.34302497697192863,-0.030205378550860446,0.34266456735998413,0.92196420094273723,0.18045222762830015,-0.034051343526913906,-0.17976617410800266,0.98311984450044754,-23.222459392384682,8.4985733669461911,-0.62761233391146665,,0.2955677697904962,0.2580645161290323,0,3
-0.63097062889948974,0.77035302539078376,0.091827456337683286,-0.77560149117475397,-0.62364698220617087,-0.0975026587977708,-0.017843552159842919,-0.13274282600729354,0.99098988379797126,-6.6251952403807692,-17.309365688186471,0.33287334438547972,,0.5342471849143404,0.4166666666666667,0,2
-0.50669102666892896,-0.84106444906983702,-0.18940643073570271,0.86108373265617766,-0.50452167481016852,-0.063187696600263563,-0.042414724425500268,-0.19511143523021496,0.97986352059575865,-8.0444051905951532,0.66892990473674352,-0.81423362984840952,,0.1615225884559295,0.2746478873239437,0,1
0.82783481339846943,-0.56092422573515233,-0.0073167416889513828,0.55893686004108956,0.82365145955045815,0.095853323718113351,-0.04774000641946511,-0.083440314979161601,0.99536857777571508,-14.92911540857439,6.5307592314490117,-0.81168651507235146,0.1947468110694626,0.127380221972485,0.5869565217391305,1,5
0.73523750415607314,-0.67542053597930163,-0.056858702586137816,0.6755135541991415,0.72326555065701059,0.14341680977504928,-0.055742717691099231,-0.14385424154414755,0.98802768514559669,-17.092201863753271,9.4947492374251663,-0.88888344135027331,0.2991613926987017,0.166677231110267,0.4,1,4
-0.64945853064412107,0.73430668178209502,0.19747737608077631,-0.75821740768665413,-0.64502632095393952,-0.095117863503948227,0.057532422637234168,-0.21150589203801098,0.97568195534133761,19.433304262869846,-1.3359686651561926,-2.3756829088223301,,0.1454282247478295,0.5714285714285714,0,5
0.093834361875826749,0.98606799249676946,0.13735001530669452,-0.99477941379172474,0.087303227523945939,0.052839988267374564,0.04011272151762503,-0.14159117429167317,0.98911218217912811,18.270018783832565,4.948560121376314,-2.6265221728152981,0.4997885821711746,0.3441248327570443,0.3636363636363636,1,5
-0.24247814930010433,0.96551717214450217,0.094767807857302724,-0.96904967604263026,-0.24570863510812302,0.023874505125247202,0.046336513395684842,-0.086045667685163696,0.99521307798829928,16.611593315276163,-1.7043872186372058,-2.1454645829306385,0.1624414265578124,0.1389344429744111,0.3333333333333333,1,5
-0.49881753395449285,0.86391239776553375,0.069544495156442093,-0.86522476412333749,-0.50104958769393371,0.018314426539041508,0.050667300769562156,-0.051036062335813794,0.99741072030231448,5.260992471902239,-16.999253265401443,-0.35861459564698028,0.118283339254864,0.1021455328119276,0.3157894736842105,1,5
0.31891658007946866,0.94468437315048892,0.07657447404770841,-0.94641501419790763,0.3130763027703824,0.079258119737991975,0.050900253940328218,-0.097747960433428704,0.9939086982112163,5.9450993099285219,4.3998486386781765,-1.8135065106949591,0.278765612215203,0.2123978293924728,0.7254901960784313,1,6
0.20829556058114346,0.93634319272959265,0.28262056696415511,-0.97754391210800529,0.18986404212102881,0.091430549654046761,0.031950889545740296,-0.29531859226675439,0.95486442478438738,13.015590700966959,11.419989919723982,-2.5354135252949623,,0.7807288774540844,0.4054054054054054,0,2
-0.9219190640773629,-0.37347481042376451,-0.10286790203776833,0.38686915495999391,-0.901309329659435,-0.19486854340657328,-0.01993730752280827,-0.2194494434893659,0.97542013795130766,-20.108405549023161,9.2132931880028099,-0.74975106432520788,,0.3241830206058263,0.4761904761904762,0,4
-0.79855590511497132,0.59867268801697171,0.062445808734801406,-0.59974371899597123,-0.80018972838067437,0.0019672617885951264,0.051146240633023587,-0.035880513048131217,0.99804641718334552,-1.3953599606993718,7.6958304122914418,-1.5086703916304807,0.2233365134212838,0.1979695243220387,0.5796460176991151,1,5
0.3764391642771529,0.91113734352392062,0.16769703883638237,-0.92498655307972022,0.37977947226262299,0.012939438535754527,-0.051898287255127518,-0.15998841734355643,0.98575365791656466,-8.6673344591380115,9.1204101433282343,-1.2636582782208661,,0.1918507489757165,0.6540880503144654,0,4
-0.96864098060463166,0.24607168257482331,0.034400257674817018,-0.24624832091120338,-0.96920632478187885,-0.00092975868776285745,0.033112160027872636,-0.0093716080583767028,0.99940770350277441,-4.5220145763040538,10.401535679343032,-1.5278611683343901,,0.08098365209036426,0.3902439024390244,0,5
-0.98517245356465732,-0.17110197436017721,-0.012623434851248616,0.17154625312081501,-0.98123902187599454,-0.087987868414070261,0.0026682911392363565,-0.088848727159660135,0.99604155731801958,-19.467568908018027,15.927001329715328,-1.0973471780868715,,0.2897341753286799,0.3571428571428572,0,3
-0.082673833655122375,0.98983034780801515,0.11576234183459069,-0.9948825496058693,-0.088744798773635364,0.048301896239708444,0.058083988486412816,-0.11117663085779518,0.99210181283607168,-10.857680523471331,5.4008452621076231,-0.9537331176771906,,0.1475899318680139,0.2888888888888889,0,5
0.99517216804901332,-0.097662857476506909,0.0097119622192936763,0.095370999761977659,0.98566102618109908,0.13920026534465751,-0.023167398322348296,-0.13760199030953624,0.99021662474320604,12.183007717175535,4.0945628973656101,-2.1813407622020775,,0.09176307569085278,0.3793103448275862,0,3
-0.95000139106890036,-0.3115356097819566,-0.021045683760290798,0.31223110956154337,-0.94714601232914952,-0.073662511163804678,0.0030151598831862948,-0.076550605267199853,0.99706113836820665,-9.6492668972022244,-15.145873761116198,0.37144733544446512,,0.08097345800338879,0.4666666666666667,0,2
-0.94527143716832895,0.30875734355278789,0.10550266762479421,-0.32263767504343094,-0.93270536192066489,-0.16113856920989306,0.048650187217435657,-0.18635882229362735,0.98127648939381062,15.02659339183667,10.109246235077181,-2.5774784625096596,,0.6692566694598893,0.3709677419354839,0,3
0.35137310939383393,-0.9145335379625642,-0.20041293854585804,0.93581885010890953,0.33668982656932317,0.10432181203161441,-0.027928798322684509,-0.22420608516807972,0.97414147514509242,3.0621847241217037,-8.0128235710464324,-0.89525903955336195,0.6514748023554826,0.281051931464794,0.264,1,5
0.53241497782937219,0.84292026268424958,0.077586868342933324,-0.84548990767022292,0.52511185280299588,0.096976069592460357,0.041001309866222933,-0.11723042609373793,0.99225799053831443,-2.4296399486819489,-17.480064046312943,0.1521354290691046,,0.2864243136823368,0.1,0,1
0.59425859885405874,-0.80422955590870637,-0.0084580784400242678,0.80208354448904917,0.59183169784614131,0.079982679902833545,-0.059318676214968585,-0.054314480826391578,0.9967603683055748,9.7336099260371824,6.8446646828714055,-2.1857203862243342,,0.07449281731195881,0.3214285714285715,0,5
0.77041874286147782,0.63401215252954057,0.066959324164743692,-0.63728130624240598,0.76286776299026438,0.10911147008542892,0.018096888177627415,-0.12673344718380042,0.99177171567009226,13.911993568870065,0.57176471098512249,-2.0844490967578935,0.7143639661426417,0.6349168380537187,0.9914893617021276,1,5
-0.70722888268761208,0.69592916008200434,0.12453879572241433,-0.70468566576116753,-0.70810024223480117,-0.044857099970433321,0.056968587512533829,-0.1194849408694396,0.99120024664154271,20.36404287311727,-18.870738134864599,-1.2668457460872597,,0.2240837444955212,0.2,0,5
-0.59694344031564539,-0.77684288847641492,-0.20043366904724852,0.80142236562000146,-0.58896498136503239,-0.10412705032664554,-0.0371580536110575,-0.22278998484965057,0.97415804759932589,-10.700559277386626,1.1148096445114437,-0.74052767793908914,,0.213554244445752,0.344,0,1
-0.056456392776704396,0.99598427378426857,0.069483826096910603,-0.99605929521888215,-0.060955070104813346,0.064423286446601807,0.068399971657202463,-0.065572904487604666,0.99550069717421763,-0.99095413141877342,15.613019879025698,-1.9310321142924891,,0.3145688489982829,0.8874172185430463,0,5
-0.47182742019578083,-0.88087817676388469,-0.037848688914253192,0.88058073343995102,-0.47295247008650076,0.029892021233686113,-0.044231860075648374,-0.019224950980725995,0.99883629480212444,-16.398608043514777,-15.675495633991634,0.6770247021365533,,0.2579105584077123,0.7391304347826086,1,1
0.2456695492275052,-0.96640321925619266,-0.075573079820946798,0.96907835220595817,0.24299436707049576,0.042905534116190226,-0.02310021359513359,-0.083776818889702259,0.99621675590635539,-8.1856524237643544,21.49237216969648,-1.9304709261535127,,0.1252974167257122,0.15,0,3
0.045598204195686241,0.97401792851915869,0.22183299731413886,-0.99720852762601686,0.031238206304242084,0.067818337467416404,0.059126611640438753,-0.22430615103054979,0.97272339048970147,-20.174117559394194,-7.8631319628325063,0.33549054013165758,,0.09756412852890303,0.3,0,1
-0.32576524450545402,0.92403700241610343,0.20008154247247514,-0.94336567213907407,-0.33173163323391502,-0.0039156278619765002,0.062755191832197368,-0.19002563426501828,0.97977142447628196,-28.025496684020329,16.231130028702726,-0.82748811173426295,,0.5476916102762412,0.9333333333333333,0,1
0.021269514710773221,-0.99779776264896958,-0.062827005313643908,0.99803546437005553,0.017486456984372591,0.060161746000123736,-0.058930633830105029,-0.063983190564757902,0.99620948184683422,-12.53705655959358,19.822559970074273,-1.6068563764938122,,0.1011038337056194,0.3333333333333333,0,5
-0.1913532728220321,-0.98031186630530764,-0.048709031619424206,0.97995684497339763,-0.19361363571666942,0.046886480507264211,-0.055394105914638524,-0.038760867451308988,0.99771192645188944,-13.848759985383413,-14.398564139378777,0.49831370894773036,,0.2026880175844175,0.6875,0,1
-0.76064045133761071,0.6468611067785246,0.054743148668835041,-0.64716549077098284,-0.76221416952574539,0.014366187014348995,0.051018931232129555,-0.024500373700020582,0.99839711555297039,3.3235895317668573,11.596572055503723,-1.9503811362883308,,0.07432488828406299,0.3478260869565217,0,5
-0.45708851659648475,-0.88804384231093325,-0.049479512217300715,0.8880254694927987,-0.45877986079525024,0.030525478878926003,-0.049808167279292728,-0.02998622120787749,0.9983085560135968,-16.625153715870557,6.3361733672354204,-0.74643549755209049,0.1241557181677363,0.1093897787408024,0.4307692307692308,1,5
0.74924027128528103,0.6414826625133041,0.1647392168829277,-0.6618256924612379,0.71577929511408034,0.22281551446026471,0.025015368927134626,-0.27597100278984399,0.9608403805714073,13.895962359713502,5.8890668902899455,-2.3945846709142979,,0.2016010033579384,0.3,0,5
0.64349324745003522,0.72016752505521964,0.25937458692410009,-0.76472216613387534,0.59005552220649105,0.25891019550635486,0.033413307374781813,-0.36495645845698477,0.93042481389998066,-3.2325733060176387,-9.7210718423454061,-0.35936776957193778,,0.1521356876600203,0.3333333333333333,0,4
-0.96394541526872812,0.26521493298214988,0.021685841133603286,-0.26571790535400469,-0.96372535478827293,-0.025048658896180177,0.014255916549920783,-0.029907856183463918,0.99945099378700442,-9.6987741303922839,22.582087319580452,-1.899233049048942,0.5587381826965127,0.3140026363897447,0.3571428571428572,1,4
0.62294453841674668,0.77911262603953169,0.070168497222972664,-0.78141803586878644,0.6155854576469183,0.10217826360142018,0.03641366880326187,-0.11848232053525108,0.99228825673030496,-1.6564864787993328,14.945843066890792,-1.8679370319286348,,0.06641996235191014,0.2142857142857143,0,5
-0.70297574033606014,0.70800608074437932,0.067472202631538525,-0.70944558250586787,-0.70475087394169089,0.0036292067084253594,0.050120594189191091,-0.045316611826197908,0.99771455373303852,3.1746287623463112,18.674098857680981,-2.3322478239476419,,0.07028198048147058,0.1538461538461539,0,2
0.16731976683740879,-0.98553765395470228,-0.02682588792448868,0.98413062746218483,0.16532653800860098,0.064451872905119612,-0.059084716436335755,-0.037184250262076217,0.99756018756568576,12.668664916590492,-0.10166860443669191,-1.9765597847401151,0.2524507617319302,0.2415691149129649,0.8387096774193549,1,5
0.58132440624211223,-0.81274585359293894,-0.038808661078951666,0.8114898359086431,0.57561494353993148,0.10075556059337493,-0.059549818842876481,-0.090064500448327464,0.99415401464500175,-12.745002668372058,27.515655039169541,-2.0847951930229356,,0.1363231925518991,0.3571428571428572,0,1
0.9829014108996118,-0.1840702348019774,0.0047921927651397482,0.18181410621653965,0.97431353966098033,0.132878731232554,-0.029128117553906093,-0.12973540416261634,0.99112071801296209,11.828999479907957,2.4523135158274378,-2.0646514677137238,,0.0873775375524139,0.2894736842105263,0,3
0.2114976525821872,0.97083743072753415,0.11288678421579902,-0.97598040383081319,0.2036061143309548,0.077503558275042975,0.05225891589448866,-0.12656710988803574,0.99058052292790566,12.778203642829363,7.2750784516161255,-2.3797579585683546,,0.1186215715354474,0.1875,1,5
0.50925423659079294,-0.85673326230301339,-0.081659290824533534,0.85844865407879245,0.49894992139486766,0.11880607833931063,-0.061041222339003304,-0.13060280702838101,0.98955387724553379,-16.170415426589205,13.998312530415845,-1.1819273061290527,,0.08126491498152946,0.28,0,1
0.82956925769548895,0.5571742961614935,0.037035798675071688,-0.55774775641806085,0.82355595970839202,0.10331031622935623,0.027060800009897423,-0.10635969596484546,0.9939594197838717,-8.1212381999193344,-12.260332741846451,0.062966106375741668,0.3309929137931636,0.280068892036332,0.8293838862559242,1,5
0.99022556893092806,-0.13273790816659686,-0.042824880279793844,0.13939984285161816,0.95197410135724891,0.27260409783788087,0.0045832792154458877,-0.27590932945556024,0.96117273966286565,10.787284177462357,18.474556578572386,-2.7483803953896895,,0.3261357364084225,0.3333333333333333,0,5
-0.79095132229338694,-0.59291151733260217,-0.15116857602258002,0.61122625429254696,-0.77702433464980358,-0.15045148528855798,-0.028257243776520884,-0.21139800371900869,0.97699151081151814,-7.1356490323895967,17.364280737832729,-1.715823661703372,,0.2168818821536715,0.25,0,4
0.95999991777289306,0.26947170046115659,0.076060242746204751,-0.27985565271268109,0.91469488562029932,0.29157174051136553,0.0089984176830248206,-0.3011947357950342,0.95352019360292617,4.7482759863501514,12.036836812809982,-2.0705302055300092,,0.3355356892726826,0.2173913043478261,0,3
-0.68491707699753857,0.72687908050466965,0.050352755255648057,-0.72636825539224237,-0.68659713944401435,0.031201372818010865,0.05725168290609161,-0.015204289920415167,0.99824399541015929,14.502323429683013,-11.244089702944041,-1.4050959634659155,,0.09350677212779564,0.2,0,5
0.99106460177459554,-0.13270448267105273,0.013434112861307565,0.13071474217708248,0.98634597543317704,0.10017620937304866,-0.02654451519506329,-0.097525058450545349,0.99487901359274677,-6.3200001709045619,-12.809261024302788,-0.0015259511321794646,,0.2348997696251765,0.6774193548387096,1,5
-0.86258755657224073,0.47466444232167671,0.17503249538923185,-0.50378964762831402,-0.83755469549113737,-0.21141930612715093,0.046246061337902065,-0.27054722186006347,0.96159529041823588,-29.694786127108443,16.204671435184938,-0.76347092843081388,,0.5558454204689866,0.2307692307692308,0,1
-0.84720016681816268,0.50374596185453524,0.16879538873596692,-0.52828984546728186,-0.8324175367400668,-0.16730476294402064,0.056229142972594896,-0.23091351290656129,0.97134815233144856,3.8204992135808844,-13.928314511682863,-0.47235038520751316,,0.7070750302251949,0.3648648648648649,0,2
0.058054677490892818,0.9867760466853418,0.15133634100729618,-0.99645627491240385,0.048034765262665029,0.069047472899858589,0.060864986725739638,-0.15480857538976608,0.98606782645853874,19.51724517676514,4.1559505889351698,-2.6605260014877778,0.5089741472256558,0.2938539224007114,0.2352941176470588,1,5
0.9951116797353966,-0.097518301354219614,0.015586075682655862,0.095212920509067989,0.98928135591699529,0.11071087843191162,-0.026215350890876222,-0.10868569241633981,0.99373043409249051,14.279859426321275,1.7660056111629232,-2.1907177224022494,,0.07660891259628839,0.3,0,5
0.12389286207033756,-0.98912229261490925,-0.079294697049972648,0.99038635818326259,0.11830432425235958,0.071686458886512094,-0.061525769011978683,-0.087413826797705041,0.99427028650768112,2.7685275132064566,10.810738213905131,-1.8920828420479368,,0.1018071343792845,0.3684210526315789,0,3
-0.9003733094699965,0.42798061143143817,0.078488851646705535,-0.43485732008314709,-0.89131880412191855,-0.12825716583792504,0.015067009130865679,-0.14961078055222479,0.98863016319471309,-1.9442882575570528,-6.0262544647315224,-0.7671508018180333,0.962307337825415,0.3913682356419299,0.1724137931034483,1,3
-0.86157705433890153,0.49516960949319688,0.11176778279565461,-0.50437707034298063,-0.85992741912687232,-0.078285405702655839,0.057347627230199462,-0.12382201608822295,0.9906459296756408,10.405256447588155,-5.7902805182093671,-1.4685793917719276,0.5365403864079162,0.4381957786520001,0.5,1,5
0.72018247632087296,-0.69358152827160191,-0.016788818921098073,0.69216874085993818,0.71664396783245277,0.085579539293731952,-0.047324781845289925,-0.073253580184101233,0.99618988050145763,17.546615329583148,4.0229863844657583,-2.5351000719519434,,0.1128746199948131,0.3529411764705883,0,5
0.96612631547085648,0.25697099516759153,0.023787605959494359,-0.25805516802765766,0.96293573936489996,0.07850026820330136,-0.002733643891201407,-0.081979689535582628,0.99663025124402338,-4.152935220550698,-16.165110233532381,0.16119470096292232,0.7941554591403008,0.4865231749235293,0.4705882352941176,1,2
0.99654542577177219,-0.067348939067004482,0.048593567268802026,0.053633487802866017,0.96864250507065941,0.24260079628174963,-0.063408700975958285,-0.23915647132575801,0.96890841613826184,-16.937313290320816,16.736676236657729,-1.2412954398906642,,0.4481877616557881,0.2592592592592592,0,3
0.86397136223583593,0.49907824181624211,0.066890909561495182,-0.50337745097132514,0.85265133304302732,0.13998873566670053,0.012830708864546129,-0.15461763419985039,0.98789106692209538,-28.507279580198567,10.50893807291172,-0.55266428685501134,,0.1338349998903054,0.1875,0,2
-0.037253980059763159,0.99572314613691482,0.084543226913279923,-0.99702259134291282,-0.042751359231370183,0.064173776854202585,0.067513652853103803,-0.081900778574284114,0.99435112970587813,5.6172505035941267,-9.6960170376451984,-0.89719350981507262,,0.6080191786340103,0.1714285714285714,0,2
0.9243888044745332,0.36093597813253442,0.12341214628898269,-0.38140683824564642,0.86961229187228561,0.31353354774902453,0.0058448183549178814,-0.33689713788357001,0.94152331706881098,-14.614265378404939,-2.2309691968576333,-0.33275688065130327,,0.298133310830145,0.1858407079646018,0,1
0.99887209912677055,-0.035028084127015344,0.032055622103913155,0.02588316065317596,0.96767450374181629,0.25087071730799998,-0.039806928802408693,-0.24975805919012767,0.96748970035287707,2.0630331286978301,6.2273547152330169,-1.6385919720165971,0.8434224965220726,0.4716368532691753,0.4420289855072464,1,3
0.81194794820145655,-0.58359345016965702,-0.012618016108798437,0.58156157208067227,0.80688153923465356,0.10357760144632733,-0.05026596552840485,-0.091437774258745705,0.99454133455985871,-9.2356809909100708,-4.7047735100373735,-0.43080618170167251,,0.14586222617668,0.6051660516605166,0,4
-0.94424867060554629,0.32761902462569925,0.032561062067511144,-0.32727758992356559,-0.94480167113246227,0.015465489294851201,0.0358305343733707,0.0039467617881208741,0.99935008674533399,-2.458944414989932,18.792087144342954,-2.0151397127210706,,0.08317487367366752,0.4074074074074074,0,4
0.97442319503075525,0.21821163766896676,0.053694675451890571,-0.22470391563952893,0.94905620071935926,0.22090830263346917,-0.00275450219090927,-0.22732357788395949,0.97381538479103802,-5.4307329052039321,-10.295106744357964,-0.20989295140383699,0.4158209011274888,0.5592213838963259,0.3,1,5
-0.26694849327766462,-0.93098212177930328,-0.24901965959355665,0.95987401045519649,-0.27989048013094242,0.017412730536239228,-0.085909172906283693,-0.23437919715575609,0.96834188484810524,-9.5006760320222714,-2.2318506001085616,-0.58672231640321926,0.8158080722065316,0.5502375294133106,0.6158631415241057,1,2
-0.95612999144530342,0.29126706272978781,0.031287978962627756,-0.2902686486273991,-0.95638121881652494,0.032849290997553474,0.039491151956197179,0.022326272948710632,0.99897046325374028,-6.4582506011782854,-7.300980595434944,-0.38383214715224984,,0.06738107124472426,0.2142857142857143,0,4
0.86546418622898647,-0.49924324370897527,-0.041568328880776932,0.49888636048378909,0.85132971398139345,0.16232719247125341,-0.045652400574763344,-0.16122624384169321,0.98586102297355382,1.4385886408687063,-13.180124104766723,-0.40013983440504719,,0.08566507668704987,0.4117647058823529,0,5
-0.23014633248263519,0.96629262533174543,0.11537429468593402,-0.97213655813718969,-0.2337090868159844,0.018181723593165833,0.044532886476984244,-0.10797511273030959,0.99315567614191591,-23.396708723617142,16.05798662556564,-0.98552058987343938,,0.259642399264238,0.2142857142857143,0,3
0.89298528929465171,-0.44934579527247137,-0.0257997940747603,0.44901917959512944,0.88546008031973855,0.1197590185158576,-0.030968523682388654,-0.11852764416419864,0.99246770633095216,-7.7967694467499227,-13.651955409420909,0.15173339218532295,,0.1221721974155728,0.2608695652173913,0,2
0.25975719699271044,0.94894725800542112,0.17895614025364626,-0.96542400594230326,0.25097562662723677,0.070482079916679305,0.021970147036501242,-0.19107678132902067,0.98132918853773832,-22.795285652792611,13.040994579534924,-0.83408354515159178,,0.2523142743605661,0.3529411764705883,0,5
0.43741303333117598,-0.89909477550734551,-0.017274921922152502,0.89711820836888923,0.43496509001652656,0.077358197237980181,-0.062038363010437185,-0.049335130711410193,0.996853693574275,-0.84355089121557891,23.362329468615339,-2.3649538653917288,,0.06132970997732927,0.2857142857142857,0,1
-0.47784546000088562,0.85121564801416283,0.21701529193209465,-0.87546990090717336,-0.48177784139014812,-0.037981102551601399,0.072223050074943507,-0.20813945354324284,0.97542903325490282,-15.465398311361696,5.2257587825683336,-0.75508073234812367,0.5573084126911627,0.3299429322429053,0.2780082987551867,1,3
0.88658254635050182,0.45976972498026714,0.050825077454258634,-0.46241883752330204,0.87811326552789271,0.12282471904116213,0.01184091256026657,-0.13239672539572847,0.99112607668965602,-11.602635352255218,-8.6108594660394502,-0.0074341996045819338,,0.09237484192644942,0.3142857142857143,0,2
0.23337090933121649,-0.97238560019448594,0.0020647547870920576,0.97036612716812964,0.23302204175200328,0.063955510336899987,-0.062670550680896539,-0.012921787497761992,0.99795061475266222,-14.593417123601709,-1.1512225156857334,-0.43022847963582744,0.1727703770393791,0.1942876676238539,0.7027027027027027,1,1
-0.2511496451936388,0.95424334924181886,0.16230676556097937,-0.96592144592930163,-0.25792085058237113,0.021739253177491157,0.062606836790866274,-0.15131577995246773,0.98650084577988062,-5.9420140356386586,3.927575780296289,-1.0985417071386132,,0.07403236384954696,0.2242990654205607,0,5
-0.73223261932960304,0.63857328878581976,0.23676897186703069,-0.67888128382529711,-0.71211941987180638,-0.17890258330487674,0.054365371896319778,-0.29173633076924788,0.95495252219566973,-18.835798740206723,17.817905159124098,-1.2213226818238232,,0.1787837638304301,0.5,0,1
-0.84042089236249573,-0.54151253926447007,-0.021375067250703893,0.54170272556162424,-0.84056095363980865,-0.0039294191992048418,-0.015839217143970737,-0.014881298178631382,0.99976380518839802,-14.619049717791302,14.451546635757536,-1.262914609409737,,0.1126747544922013,0.3529411764705883,0,3
-0.25791776149933909,0.96408583816748294,0.063379215426449684,-0.96446791956308542,-0.26079818436464353,0.042260373469244057,0.057271811887040697,-0.050227519120575055,0.99709434653204621,4.5342769034347867,19.378609711547643,-2.4504295483985414,,0.1391475584304105,0.4827586206896552,0,4
0.54502711223414746,0.83794234972394999,0.028250052545280957,-0.83757608533726768,0.54266037568407366,0.063134918496168299,0.037573237826992366,-0.058071810730553425,0.99760509050308621,-11.979832026410159,7.001626253319257,-0.96665724948004572,0.3279713973288306,0.2575384129508779,0.8714285714285714,1,5
0.047260899075392063,0.99636304038633228,0.070902039256224181,-0.99692991386534213,0.042613411573911748,0.065687472127306953,0.062427191663800841,-0.073788812879310897,0.99531806817460877,-8.49084451302571,16.569174985615788,-1.6054236073210759,0.09364183265297042,0.08867684326844941,0.2857142857142857,1,5
0.90949489930129779,-0.41560324929637166,0.0096419561925674465,0.39895568772079132,0.87911335742377383,0.26075671426509783,-0.11684771020500122,-0.23331018831889319,0.96535639462659073,5.0280182886935743,9.9790476283620944,-1.9786008258790377,,0.4109058597060657,0.3684210526315789,0,2
0.99686703028528523,0.073672865294582113,0.028782509436875575,-0.078162262425014548,0.97330400991897958,0.21580075302982432,-0.012115472042006225,-0.21737436186202472,0.97601311576345029,-21.507831784837073,7.6993547473802453,-0.62805505384529048,,0.1698632469254266,0.3157894736842105,0,5
-0.72154931936796751,-0.68442552718466187,-0.10453840183215686,0.69173954850414066,-0.7190411834731526,-0.066904211413157125,-0.029376466004461903,-0.12058803509273468,0.99226788169201696,-10.590264253823785,-12.950332629548015,0.2531856940640182,,0.1119503226580122,0.3529411764705883,0,2
0.53044857191589645,-0.84651364730616963,-0.045154816761808894,0.84555853393550806,0.5245478889506513,0.099399586952109278,-0.060457243083196409,-0.09090740960901797,0.99402251716797563,1.1569359161515123,20.922177209345968,-2.3534136451638639,,0.243478565172336,0.2941176470588235,0,5
-0.95162269138645483,0.29773059160295923,0.075965439919432456,-0.30515906422434913,-0.94467306002964202,-0.12029445197494705,0.035947166232133385,-0.13765647270646275,0.98982750859020652,-3.0590055041987365,24.091860544637569,-2.3064371090168416,,0.1370438281705705,0.3529411764705883,0,1
0.5757452227397265,0.81186174716237058,0.096942983174879108,-0.81673030628535626,0.56549751049332331,0.11473522746254272,0.038328126583621731,-0.14523453143215004,0.98865458355902702,6.1854382584736243,6.1578576533894447,-1.9380545947126495,,0.08837121381336402,0.2758620689655172,0,5
-0.97441876835653551,-0.2246818566608762,0.0051114735599822646,0.22469505034800288,-0.97442672666709174,0.0021653419974721581,0.0044942433892010795,0.0032584726911601865,0.99998459194733613,-9.9424358730224203,19.169643997879625,-1.7131459285079451,,0.1293720913779635,0.4,1,5
-0.50495879473566763,-0.86282878870480995,-0.023304441664478249,0.86212919573108115,-0.50549006867549118,0.034828728637824491,-0.041831393560123706,-0.0025043667140270702,0.9991215454889264,-0.17050387067311437,11.97425971959899,-1.8099993343357679,0.3314384108434371,0.3335298630874457,0.6810810810810811,1,4
0.24765624717120113,-0.94013132433635827,-0.23413559370297388,0.96681561745235123,0.22416679816108243,0.12254308814633225,-0.062721169371338661,-0.25671450992060346,0.96444995479750972,-1.6649801052843776,3.4913208018988566,-1.331028348448853,0.8212697828400929,0.7653499569902442,0.4132693844924061,1,1
0.86052140062019589,-0.50851396179804365,-0.030273251082650415,0.50729500973475916,0.85001175630349779,0.14188652946651653,-0.046418661903012783,-0.1374538642683415,0.98941990227851861,-24.15143819065457,20.413432938737799,-1.1648555404587817,,0.3193165582331913,0.5294117647058824,0,1
-0.99344864730378746,-0.11288214377702556,-0.017815913857505045,0.11427710264395115,-0.98028987617822361,-0.16115986620057357,0.00072731119816383052,-0.16214000209320903,0.98676749578592993,9.5829040682268438,11.28005332967696,-2.3106802789961467,0.486207140142324,0.229088368099619,0.1818181818181818,1,5
-0.41481839402265241,-0.89924893919336446,-0.13884179968610463,0.90786687568231639,-0.4192482242216774,0.0029432169135488301,-0.060855862653465972,-0.12482897038179507,0.9903101999546019,7.7420576475811682,-12.872275596353788,-0.84547709955777173,,0.2997708205761679,0.2571428571428571,0,3
-0.35492367913084133,0.89780316011011241,0.26072719015960705,-0.93185373837961016,-0.36221075837663719,-0.021259745627992429,0.075351126469172261,-0.25050519398311416,0.96517840606144389,-5.5722691566532303,-4.5823985651795782,-0.61409200761831018,,0.6784672665237025,0.2318435754189944,0,3
