axis_00,axis_01,axis_02,axis_10,axis_11,axis_12,axis_20,axis_21,axis_22,location_x,location_y,location_z,dbh,dbh_approximation,score,reconstructed,number_clusters
-0.1339230274823128,-0.99084287119945258,-0.017176358845686614,0.9882787018000081,-0.13481797963920944,0.071619270692261316,-0.073279125803064574,-0.0073835600644833388,0.99728413842911989,9.0246449139816978,2.427380666138157,-1.5030593829792267,,0.07506174257238137,0.2758620689655172,0,5
-0.83805602030355708,-0.54124137952403906,-0.068701353144451541,0.545201082620552,-0.8355195038399853,-0.068285710162249602,-0.020442268522393104,-0.09468330261402895,0.99529753634968787,-26.769942980764924,1.0064345212626498,0.35397423444473963,,0.1864442172699381,0.25,0,1
-0.8995829550656681,0.43496474715615224,0.039448392701155237,-0.43365325729849358,-0.90029046787844491,0.037708432500137896,0.051916850730053005,0.016814939149322253,0.99850983892582545,-16.72082874767186,15.150280665503765,-1.4023709238820503,,0.2354572913703671,0.8571428571428571,0,5
-0.99894620061351791,0.039541734180943686,0.023301063018259457,-0.041322675371784592,-0.99580087061380618,-0.081688815543523571,0.019973101410031762,-0.082565594182742411,0.9963854665124916,-21.811186854450522,8.485677108692224,-0.66754104904397327,,0.192945946444732,0.2272727272727273,0,4
-0.10675796293111416,-0.98449993612202624,-0.13914960699378329,0.99179525558952875,-0.11534043419474806,0.055124905713008682,-0.070320042241881334,-0.13212289739289126,0.98873587557224163,1.8915239162733744,7.0004346212486181,-1.6032960931802589,,0.09856697239836765,0.2608695652173913,0,4
0.70068485147684256,-0.70553676976682533,-0.10610657575226155,0.70953907726662879,0.67348284911758183,0.20730448566320797,-0.074799978225249211,-0.22054187459858926,0.97250513870418398,-15.675650339316357,-4.6912102311330104,0.21289994532565407,,0.4798085053465854,0.1951219512195122,0,5
-0.69105763273369591,-0.70925358269647976,-0.13927922915032517,0.72156593625074439,-0.68820276712247686,-0.07562771295995592,-0.042213124535949643,-0.15276225566930693,0.98736100052601772,-17.95865619350095,8.9467248950001856,-0.91893293287748301,,0.5656032871479358,0.4705882352941176,0,4
0.10483232399100657,0.98991706812880376,0.095259551090260908,-0.99206777508361466,0.097414886289536762,0.079447275408557824,0.069366515605811085,-0.10283257342141172,0.99227705221688911,-16.855092997119893,9.7631012595750306,-1.0566310211522949,,0.07801368814622958,0.2941176470588235,0,5
0.6998593497013651,-0.71126508466035299,-0.065565768345091036,0.71021689251140585,0.68316203093869521,0.16994588866800636,-0.076084533428440099,-0.16550413537678493,0.9832698128927575,-22.614661899926485,-3.091355513376072,0.5157075728735282,0.5589303769013758,0.5960768588682435,0.5965909090909091,1,4
0.59871035433502728,-0.79007052550838663,-0.1316604585094823,0.80093850392907284,0.58919407650447198,0.10652630255434534,-0.0065897295759272121,-0.16923033101351298,0.98555449901523573,-15.161599168706772,-12.185454102750548,0.91797958042169814,,0.1839820625505571,0.35,0,2
-0.048804985553369186,-0.97919892095459782,-0.19694554218485311,0.99453468328760708,-0.065863074240217867,0.081011228787410697,-0.092297546680039602,-0.19191542057108865,0.97706173511394234,-20.444401438359247,15.79035337090788,-1.2518209023506306,,0.3670035273279377,0.2777777777777778,0,3
-0.26528429803504172,0.94859073898454593,0.17262633382195641,-0.96126959976995074,-0.27409001887548917,0.028903600311280551,0.074732842674258018,-0.15827277550352234,0.98456321826495119,-13.285962366169157,-8.7385987497375304,0.41469126834113135,,0.1380656846852563,0.2058823529411765,0,3
-0.74068933431672346,-0.66905856972787647,-0.061155051329681846,0.67175729367516057,-0.73900828461323043,-0.051077330267286863,-0.011020364044432917,-0.078913785530144817,0.99682052849529001,17.262039889893966,-16.939853877803436,0.0019625528216297176,,0.3487018001752478,0.2727272727272727,0,5
-0.19077497946318828,0.975026777740575,0.11369999955871637,-0.97949422217716808,-0.19672117591579766,0.043495375246701544,0.064776353188224917,-0.10307066330987601,0.99256257356022504,-20.099066890128263,16.646345783259935,-1.323203155638629,,0.1844767864189467,0.3793103448275862,0,5
-0.076830173207510941,-0.98582686241134421,-0.14913926992280715,0.99524577250882795,-0.084808948343610524,0.047888355412948724,-0.059857971801673751,-0.1447509572647272,0.98765590343131882,-3.6813289298974534,10.094465109007945,-1.5989012833786989,,0.1394649529781566,0.2542372881355932,0,5
-0.40022490596210369,0.88253828417675895,0.24687284502344056,-0.91333432579205498,-0.40620981521989641,-0.028530603726351942,0.07510282270060023,-0.23689610165927191,0.96862779386152376,-18.834847859333813,-8.6326018458821032,0.77842468988805757,,0.5722982765598925,0.4166666666666667,0,1
-0.32506855582920935,-0.94534700110229797,-0.025484927270907041,0.9438200878825892,-0.3260018573118712,0.054096494697082075,-0.059448092655806577,-0.0064681168899059435,0.99821044261392333,-18.215748769936784,6.2347180489819349,-0.69362373839292368,,0.0788720016786558,0.2857142857142857,0,5
0.71500562973829129,0.68203391043720552,0.15361215595220087,-0.69827691867351804,0.68591365904865931,0.20477254986520183,0.034297146971233899,-0.25367734889858312,0.96668066514512441,15.983192428551167,-16.722307670095091,-0.014891046061359917,,0.6163719296787473,0.5384615384615384,0,1
-0.38470338244645896,-0.91857458899821287,-0.0906864487176475,0.9213741467503499,-0.3880515545389463,0.022037983573190183,-0.0554345491035921,-0.075078062486136063,0.99563562375952064,-15.214800396383596,5.4770909927015481,-0.81326082777305242,,0.08675480586024621,0.2105263157894737,0,5
0.74743324178088477,-0.66271116045956013,-0.046448540162863636,0.66124737609683215,0.73540149999163795,0.14810989641176811,-0.063995755218396316,-0.14141623532110076,0.98787954311324577,-27.616814717642612,-6.0889293607175983,1.0210496057448573,,0.1212782024078298,0.4444444444444444,0,3
0.80302487908823639,-0.59200997522851251,-0.068375674002237222,0.59306123553627299,0.78258647051032282,0.18930606719908838,-0.058561202766964131,-0.19256844342760965,0.97953457321646131,-13.137353318453513,6.2870400026148943,-1.0015045564806111,,0.569100097829438,0.7519083969465649,0,5
-0.076581171888270377,-0.99201931583320591,-0.10016486972005843,0.99491277013064294,-0.082624032919870569,0.057635483992290161,-0.065451538890912042,-0.095241515096481058,0.99330013080585944,0.38428708467995754,11.230029798666628,-1.7840081750322097,,0.2181506827496627,0.15625,0,4
0.66422227109609699,0.73291628803598818,0.14711386512320651,-0.74645247632888945,0.63970163211177389,0.18327717385424527,0.040217846317393467,-0.23155028958107299,0.97199124905140455,-21.39125762491641,18.6524389518658,-1.3551747752408787,,0.3011522166770707,0.5652173913043478,0,5
-0.59656265219651139,0.79145663904903973,0.13307663397253849,-0.79915221617263388,-0.60108029262304441,-0.0076300200892335766,0.073950912033801816,-0.11090027198069448,0.99107638065084358,20.622650878178273,5.751815526159981,-1.8599028298313796,0.2764848909447937,0.2598055995578715,0.5384615384615384,1,4
0.9278320353307784,0.37133811189427901,0.035152821632667003,-0.37296414515417275,0.92234294278075668,0.10090214235561071,0.0050458540766991147,-0.10673098218102695,0.99427513133906298,-20.377416957386203,9.4668019146791735,-0.81344579244270643,,0.07780276281100866,0.3666666666666666,0,3
-0.78353638719722374,0.59960705510229351,0.16291749264420993,-0.61818536987953854,-0.77868945207146567,-0.10718948502319497,0.062590561627287503,-0.18470007229071317,0.98079982916545461,-4.4647495357409746,19.609255416652342,-2.1046243837443366,,0.4457029096190711,0.2631578947368421,0,2
0.92165385524035703,0.3755846434561036,0.097418410583105464,-0.38763218071538486,0.90237892990586954,0.188291155755583,-0.017189054494715049,-0.2113017805459515,0.9772697140215123,-30.126271285551354,0.37522547823452918,0.61537742229948655,,0.3671211180698947,0.7307692307692307,0,4
-0.98199784980480975,-0.18887946683075263,-0.0021840303252004234,0.18884452705208962,-0.98194440244276848,0.011087610824125949,-0.0042388183734836035,0.010475567814934288,0.99993614541017162,20.319618212937108,-6.5386705368849363,-1.0534709842496106,0.3457777971580144,0.2250459563223708,0.6470588235294118,1,5
0.98751359275189576,0.15312190980481544,0.037021410939743649,-0.1575308699859842,0.96127716238084182,0.22611997277219004,-0.0009639147796012339,-0.22912856177867277,0.97339569191852038,-20.410272003658513,-5.1756297266997233,0.53009790335801221,,0.3217555788807994,0.3333333333333333,0,3
-0.52982477582507337,0.84272102905442214,0.095430467416687481,-0.84495152188937994,-0.53419874201085427,0.026241754721109737,0.07309331418626959,-0.066730586865976396,0.99509014475965485,-26.173153422845399,16.083015983659877,-0.94094752896923994,,0.2187032619624905,0.4516129032258064,0,1
0.9166224094942057,0.37771999057814337,0.13088532053169913,-0.39949243438956644,0.85368687447531,0.33410255194187899,0.01446213257221483,-0.35853358150419495,0.93340479838880208,15.639521155530423,-11.006620597408849,-0.7533377725020215,,0.3873098384999587,0.3666666666666666,0,2
-0.2376993756529677,0.95527857633587043,0.17590295167478345,-0.96896972348103505,-0.24583928204061584,0.02570452066933377,0.067798833258951072,-0.1643346859292534,0.98407186181155382,-26.49890978091317,10.440576164597555,-0.54284258590296341,0.3162855924550787,0.1849870697913676,0.3333333333333333,1,2
0.24956102817019715,-0.95942631671033407,-0.13122665896179869,0.96541473035484482,0.23594754805474835,0.11091957888864805,-0.075456554602743864,-0.15436935372862839,0.98512761152902883,-23.782462725923036,7.9400342558619457,-0.49155263246816022,,0.429872224986607,0.5,0,1
0.54841066298736896,-0.83611038543760285,-0.012851773618322066,0.83310304945873936,0.54498559958621562,0.09449870489166208,-0.072007317019194328,-0.062530949193461666,0.99544202577983465,-18.34696117448393,5.2837237393762093,-0.62337294376204966,0.1655514791526056,0.186419572623768,0.72,1,5
-0.87800264873490186,-0.4636485697268849,-0.11891741926527306,0.4781553072816242,-0.86094349924810243,-0.17361967982014631,-0.02188266283874734,-0.20929953390451816,0.97760669707937198,20.948458640120673,-31.328052676472911,1.5517728253917851,,0.2906100002315587,0.1666666666666667,0,2
0.47304377547548082,0.87699746315463822,0.084291376215076652,-0.87849436652298385,0.46224786278807811,0.12072514789899917,0.066912139939505788,-0.13115777890839267,0.98910080505504239,-18.036702479869803,-5.6751989675505419,0.42825443668615781,0.3398695283492399,0.3361728032353899,0.3137254901960784,1,5
0.96617216324348876,0.25635548513430034,0.028164094428116536,-0.2561010615053726,0.94083321425308308,0.22191239094299076,0.030390743150170645,-0.22161842928730224,0.97465977373184465,-13.9782051032729,1.8507724235371423,-0.5890878031866128,0.573319635722948,0.3519876279903169,0.2619047619047619,1,2
0.76506098595470273,0.64310378335243679,0.033154360313543178,-0.64332626082855571,0.76101729851121169,0.083570290744059486,0.028513328433687826,-0.085265439683845728,0.99595019699639264,-20.58547403246973,2.3717725270953851,-0.18189305125159605,0.3821039712149868,0.407842421989513,0.8680555555555556,1,5
-0.1035630700385517,0.97941861161968069,0.17324512615703447,-0.98944042649902808,-0.11920642401795548,0.082446776057484544,0.1014018389064599,-0.16287729027040007,0.98142175204167958,-23.480531245780067,1.1320122565164334,0.15139423163067772,,0.2631186424418427,0.1714285714285714,0,2
-0.45751266023652243,-0.85935319134545129,-0.2284606273467896,0.88797562817141551,-0.45503920769427181,-0.066622843188725939,-0.046705989946480231,-0.23334826330049585,0.97127088833021336,12.117026062193274,8.5928069162665448,-1.8712448313535264,,0.316568250243107,0.2083333333333333,0,3
0.073798061757858038,0.96236069176898098,0.261564036172237,-0.99363318014632374,0.048565988752843119,0.10165848734248521,0.085129016164213187,-0.26740090440083913,0.95981759044754245,3.2809276402827203,11.687743087567924,-1.8708135209047796,,0.2807520953092444,0.2923076923076923,0,5
0.039193736563228596,0.9526121763790012,0.30165193920920813,-0.99669323682005051,0.015765918946682778,0.079712153884698808,0.071178948372278672,-0.30377866484371513,0.95008003878325265,11.926007941588766,-6.699230158698148,-1.0858830422854056,,0.795567067963622,0.4264705882352941,0,1
0.7664191791813163,0.59948946818030735,0.2306816406303957,-0.64189953549336409,0.70149059477546105,0.30963838872945837,0.023803951698034894,-0.38538723770055461,0.92244785700932463,-11.995643703597166,7.267068362458815,-1.1580683668784333,0.4780438583602039,0.5846617805213035,0.5,1,2
0.30322385363378096,0.95038268597092224,0.069484133398744152,-0.95090748028075622,0.29704245355374348,0.086837461575495031,0.061889082507197164,-0.092404171948388708,0.99379636267846649,-22.880014915721116,-15.430778673331281,1.6119578684710345,,0.3445594063444206,0.65,0,1
-0.80959220240575314,-0.58274994512803358,-0.070448330406585047,0.58332394330936599,-0.81211430495690851,0.014266493835846109,-0.065525895383527252,-0.029544155727159589,0.99741340471068252,-15.63357760797426,-2.0794636282831078,-0.043820114546693857,,0.2522337800237528,0.2142857142857143,0,5
0.98687193211611424,0.15887107466496447,0.029047740638594013,-0.16134883642930439,0.96194003818326679,0.22054005514392416,0.0070952508283590038,-0.22233160948181621,0.97494528710123418,28.10806351273553,2.4124526871124305,-1.7595722194117349,,0.2270702403776411,0.3181818181818182,0,3
0.30855527218778034,0.94395545508321743,0.11722517999030731,-0.94920947928078314,0.29757897370179515,0.10221604010178782,0.061603639897563699,-0.14281055013275998,0.98783102721171356,-15.509383078854615,-7.5744832164187095,0.45446110622808067,,0.07274663633694761,0.36,0,2
0.51043269554090909,-0.85915118871412044,-0.036300113690663577,0.8566951159449514,0.5044153541348857,0.10788247693228112,-0.074377023595380343,-0.086164873609212142,0.9935007161129783,-18.529223160224397,0.35458260815387305,-0.10633736291647045,0.1861511433408713,0.1574037823579092,0.2142857142857143,1,5
0.20685647700086701,0.97650164646369364,0.060456036724923425,-0.97619110636214534,0.20187818616509406,0.07934810527128143,0.065278800404422938,-0.075430314889884706,0.99501203299928609,-29.637328351560821,9.9265990352991889,-0.32751259261729737,0.365090263434217,0.3349084190898517,0.8,1,4
0.36926696035633161,-0.92558496773813992,-0.083272921687556428,0.92144280849249505,0.3530181724639081,0.16223846827342053,-0.12076863279286788,-0.13664054086335076,0.98323155966736164,18.801061229242954,-17.090877759518857,-0.05569920509690645,,0.3165197132281248,0.5,0,5
0.39460330590237347,0.91497256999954424,0.084341135392806493,-0.91731784453275533,0.38698028663261436,0.093670859180004395,0.053067910008765602,-0.11433045922311989,0.99202436614285494,16.851261593125798,7.8988587271435087,-1.9339572597532018,,0.471391193530042,0.5666666666666667,0,5
-0.73015569382641943,-0.68319411018253595,-0.010884419357621793,0.68249248066711787,-0.72998572511138016,0.036398557202942126,-0.032812750657382074,0.019148079420790342,0.99927807663772494,-27.237294622235002,-0.46470927891314079,0.5530550830190557,,0.3316224140099028,0.4761904761904762,0,1
-0.47586668847658115,-0.87932292573527582,-0.01849559608898256,0.87795028131561792,-0.47616854254476576,0.049667118183164889,-0.05248045670684777,0.0073967132665753912,0.99859455751405535,-22.340589451271356,4.6128936915180638,-0.27491624910804441,,0.07468148530420629,0.4848484848484849,0,2
-0.22049822176467046,0.97445000160645312,0.042751942269337685,-0.97243430503016193,-0.22302748699965369,0.068046031795574252,0.075842314041194792,-0.026569426260306669,0.99676577438687874,-16.582107580960386,-3.7008500898986059,0.16757661122526965,,0.07900616180893824,0.2380952380952381,0,4
0.76416469279404242,0.6409297927713189,0.072534977942391665,-0.64444066763455476,0.75386429615148887,0.12800331592092276,0.027359608654333799,-0.14456010419938317,0.98911770183742398,-16.54020165915286,0.82805040787224782,-0.28387926555391291,,0.1198570038259461,0.3378378378378378,1,5
0.18215172585607681,-0.97915470834892404,-0.089871051433636981,0.98175201249299704,0.17603162486587201,0.071943401455810643,-0.054623573057826308,-0.10133570034896724,0.99335156973811711,-19.613422675649616,-5.8733106712057381,0.54131478899375218,,0.1546745669694677,0.4782608695652174,0,4
0.20108729046816348,0.97468249317667066,0.097764712995440733,-0.97734694755090956,0.19290351617827478,0.087069957844120818,0.066006406697314945,-0.11305870572833628,0.99139340492760064,-22.25325522292022,-2.8128693220629866,0.46131366264273332,0.2411818573511457,0.1765383284375363,0.5542168674698795,1,2
-0.43103736441539303,0.89919016343915004,0.07525849089708922,-0.89905987916432895,-0.43507561654626142,0.048995321857433279,0.076799245796131455,-0.046543075329914821,0.9959596467648576,-12.49636316617395,-2.5476865516279577,-0.2619851205324375,,0.1467519662900154,0.5642201834862385,0,5
0.43389203651934266,-0.8918518332713683,-0.12782021802358404,0.89988672145426551,0.42205090382111726,0.10989505509380715,-0.044063467809404039,-0.16270630619086981,0.9856901484393219,8.0218601877282776,4.8328630826248054,-1.599194282104345,,0.1106098093638994,0.1818181818181818,0,4
0.97816581946411152,-0.20623327866544272,-0.025680038999300752,0.20386778891631832,0.9281815585175297,0.31131482308162228,-0.040367738040113253,-0.30975285180103213,0.94995979732126201,5.9442807127589958,6.3547502807000837,-1.6282712482663615,,0.1108627535356122,0.3023255813953488,0,4
-0.82952843890508909,0.54860570436993972,0.10447176738453381,-0.55481255994272094,-0.83091423490403993,-0.042006637137938771,0.063761997910121382,-0.092807948833040582,0.9936403233846306,-26.043908259014948,-6.6733510828624452,0.99679167047554096,,0.6537248085376873,0.6774193548387096,0,3
0.91495122542511109,-0.39135119757848669,-0.098531696661390472,0.40049509725016913,0.85045853232785518,0.34106298812584268,-0.049678286722326152,-0.35151746036951748,0.93486231225977845,16.295616896815453,-18.704332734810365,0.28593663360941213,,0.7678711093114478,0.4583333333333333,0,1
-0.041426018875490501,0.99348839932943478,0.10613522204229175,-0.99648417882790918,-0.048824427933020192,0.068084187464360374,0.072822841923371476,-0.10294161274650981,0.9920180734539833,21.54727203230096,-2.2890112390211468,-1.3412964157049907,,0.2102743902183275,0.1764705882352941,0,2
-0.16092105534227152,-0.98654016111333509,-0.029033161350488768,0.98471845075976394,-0.16246957056247094,0.062715320094341637,-0.066588187246831049,-0.018497274170001746,0.9976090738197303,19.954599277787867,-2.9980847932705714,-1.2907252562613585,0.1809200395511458,0.1079191698554068,0.3478260869565217,1,5
0.4480854155662583,0.88405719908523195,0.13289969564445347,-0.89294125520710355,0.43538519392496611,0.11443621655788087,0.043305601323341859,-0.16994882069756864,0.98450090057730755,-23.158170279394085,5.9485954581165013,-0.35141082325404271,,0.3564154266325728,0.4583333333333333,0,3
-0.55567932792843833,0.82960344889821647,0.0545765708815035,-0.82812885641565182,-0.5581158580677954,0.052050803499595739,0.073641575789116148,-0.016272877724396676,0.9971520003318769,-15.427295920569964,-11.464708495367404,0.86234883815330066,,0.1132406615784347,0.5555555555555556,0,2
0.1104197517932017,-0.97704459782368069,-0.18218488487657084,0.99172539432883844,0.096235380553311337,0.084967604256379711,-0.065484507001558181,-0.19005947856742386,0.97958622588797239,-12.416720116813115,14.343722275718552,-1.5037824373238315,,0.3620628751518113,0.4150943396226415,0,3
0.48637188970234452,-0.86394394007917052,-0.13054981159638163,0.87061562949921223,0.46653799499828252,0.15611125806512058,-0.07396492803391698,-0.18958683399293033,0.97907406348931358,17.238277620386153,-13.1458243151041,-0.49940199154301296,,0.1144602527549651,0.2727272727272727,0,1
-0.99953173425009922,0.0068815078548199226,0.029815383221277733,-0.0081212687993822245,-0.9990987673141084,-0.04166171077279051,0.029501817233448167,-0.041884340762049978,0.99868681015564187,-1.6584292407771604,9.8055011478034082,-1.6438507625342855,,0.1438971187519051,0.3103448275862069,0,5
0.056761582285967768,-0.99086460497940021,-0.12233338618468782,0.99548294223430922,0.046829796967398411,0.082587419359833436,-0.076104103022886102,-0.12646859181239783,0.98904694569472928,17.723922117163056,-19.963323913138883,0.40202143375202365,,0.1511211414786291,0.1851851851851852,0,3
0.99128101440206184,-0.13067027870087705,0.016947824351652187,0.12807283136229697,0.98573690669051806,0.10917921347515705,-0.03097257420467318,-0.10605672563512596,0.99387759336584891,-18.262045995659495,3.5357859142267203,-0.46725329491666417,,0.1210128668379586,0.5571428571428572,0,4
0.76196426643906157,-0.62883173193836372,-0.15485835326962469,0.64750647119960247,0.7352724057442519,0.20027445944427802,-0.012075861237214734,-0.25287376743833506,0.96742391500154767,-13.357024631329006,-11.424196513395023,0.71537060840741318,,0.5135397912733763,0.7894736842105263,0,4
0.87355018556377528,0.47349398436885354,0.11275424634132881,-0.48662377002731527,0.84466347480260418,0.22302672660197598,0.010362419886097008,-0.24969393485004368,0.9682693629115845,24.041985117541213,-20.611068550924347,0.22146319494951464,,0.1685246366591373,0.25,0,3
-0.97715038696095591,0.19253088426618326,0.090049874323816836,-0.20925788646975182,-0.9456827772486891,-0.24878750323402188,0.03725933724942037,-0.26194645143404344,0.96436289765256211,-21.787271595975849,2.4868310643468403,-0.11402831414939055,,0.4309425543695668,0.1538461538461539,0,1
-0.61237833891044835,0.77190673741851246,0.17074178973288559,-0.78558072254463052,-0.61836946655049385,-0.021957486293181786,0.088632377828519321,-0.14757774752979119,0.98507111927743429,-13.395508831550023,-13.397756705019074,0.91129362290092586,,0.5881719875165635,0.8095238095238095,0,3
0.59851430488937396,0.79303763268335703,0.1134545723660678,-0.79853042714607125,0.57921192711248493,0.16389844542446197,0.064263393660024676,-0.18869249226882173,0.97993130350891344,-18.431430054863334,11.204141280655371,-1.0875775613583911,0.3272894421953557,0.4259607222805523,0.7472527472527473,1,5
0.34256801532590125,0.92093449608265399,0.18581390906135525,-0.93637735352961549,0.31859319790851071,0.1472950306130599,0.076450027289379024,-0.22445050272034825,0.97148204571985608,-20.127735657656821,8.1626525687113798,-0.72405254396524954,0.3587585510164505,0.3500297423131523,0.75,1,4
0.98458836988978427,-0.16622225743250255,0.054368216926993049,0.15255599994777161,0.96831263509543586,0.19773039117563429,-0.085512623382242622,-0.1863888458266123,0.97874756162848797,-20.202580921832226,11.063993714205232,-0.95302390040687657,,0.4605565766771644,0.5595238095238095,0,5
0.10216456101985966,0.98223630552095709,0.15739835637057811,-0.9913591284711355,0.087445106838411085,0.097777460014917245,0.082276854999259977,-0.16602768867438655,0.98268271874744539,-5.096456021702819,12.650241653951776,-1.6837250076163639,,0.2566705174132825,0.2857142857142857,0,5
-0.41084483061499277,-0.877984421414571,-0.24566212754565733,0.90988136478742843,-0.41189314836245994,-0.049597745358305065,-0.057640499386322298,-0.24390036917844438,0.96808583438924145,5.0339850315104693,9.7648184245911942,-1.8226364750147799,0.8044699245854586,0.4320072483275679,0.3157894736842105,1,3
-0.89104333234380018,-0.45037074151286483,-0.056638988998816357,0.45322923809391197,-0.88961006371279083,-0.056366588310240093,-0.025000752438031862,-0.075895518511150464,0.99680230369289158,17.733520037512349,4.061536526715023,-1.7019096563021578,,0.1173764055855726,0.1764705882352941,0,8
-0.97707670490102427,-0.21199225927342905,0.01950371113156682,0.20860060063226407,-0.9716677268914421,-0.1111198359136506,0.042507671726584352,-0.10450411726704915,0.99361561346358673,13.685405470214345,0.48592507225770526,-1.4616158430825394,,0.4942768018772798,0.3333333333333333,0,2
-0.52258820780870463,0.81889681003653525,0.23729639603515526,-0.84611159514923739,-0.53236104646423743,-0.026208486440759769,0.1048653117732434,-0.2144754781309258,0.97108369138154704,-25.470758325462015,5.711089927308743,-0.17769049559661401,,0.3907770694321178,0.3125,0,3
0.20366660274455781,-0.95179170079719599,-0.22937409012369078,0.97745594044122908,0.18435450199959011,0.10292376833674283,-0.055675842361322947,-0.24516520121351573,0.96788130712980169,19.178901276635688,-12.552229358835271,-0.57467777300173684,,0.472488007668959,0.55,0,3
0.98108800286612308,-0.19308603045767536,-0.013568915736394486,0.19259159490681507,0.96675539305074853,0.16820370857547612,-0.019359963931087781,-0.1676358996438175,0.98565886438828143,-16.49940345821371,-6.5059475796847348,0.40183611041187117,,0.2849546977076865,0.4230769230769231,0,2
0.94374561408545365,-0.323809481621819,-0.067019665071374523,0.32721753242033441,0.88528214271956751,0.33046060923898213,-0.047674965875371053,-0.33380076002558873,0.94143727897036356,6.2120326182900225,14.522524179712686,-2.1050366586713625,,0.4283128255741185,0.46875,0,2
-0.81040704797510599,0.58233701111764435,0.064218549305036982,-0.58428961863611917,-0.81139340480506572,-0.015696629985502059,0.042965778781879058,-0.050242891252513078,0.99781240407816918,-22.260562055813431,-5.8437360532704608,0.72896713810877878,,0.3494815864365061,0.2558139534883721,0,2
-0.99946663763989818,-0.029632156571081338,0.013724996967003118,0.025163194837039663,-0.96669685539290851,-0.25468412474878904,0.020814751269004041,-0.25420292105011394,0.96692689540585242,14.117175882367954,-2.992968124765528,-1.2422369194342191,,0.345754579838534,0.1206896551724138,0,1
0.5050899805588025,-0.85601539042157715,-0.11009887783489694,0.85992142613666445,0.48825683792590896,0.14879650899694519,-0.073615571791529999,-0.16983200988031572,0.98271961210195591,-6.7368720121337553,10.541625297252368,-1.5228580301608803,,0.1511731154928919,0.282051282051282,0,1
0.52411767446452251,0.84608273637421705,0.097183674160932501,-0.85019998417761311,0.51316342240984381,0.11757248319655186,0.049604941470463043,-0.14424737470794299,0.98829754865201347,-26.493255798159385,-1.8935631397188599,0.62514774318434396,,0.6591584452782921,0.125,0,1
0.48178168956694861,0.86913811930656815,0.11173778754859835,-0.87467451523937667,0.4692250637437837,0.12154148240580773,0.053206164950835723,-0.15629065590393246,0.98627700717817657,16.917691241865164,13.21045087535563,-2.2910986505028919,,0.2170621907023208,0.3157894736842105,0,4
0.89125342823980946,-0.44001298820485307,-0.10979934818487071,0.45042708049812968,0.83070433419834577,0.32717847468623973,-0.052751983893672895,-0.34105553705389191,0.93856185136631398,-15.112697208991166,14.903893109803642,-1.4443309683074819,,0.4707692948526844,0.3333333333333333,0,1
0.93938549653659242,-0.34138699641976755,-0.031777469568691763,0.3397843563598108,0.91455203080261727,0.21941097084685085,-0.045841902991136198,-0.21690897083868624,0.97511487441216538,-26.887192609953992,5.2041454761509893,-0.027884331279731358,,0.1814117435027175,0.4,0,1
0.80891024345386808,-0.56704551587282326,-0.15531774194832418,0.58331277751087762,0.74099259764217729,0.33268028771185482,-0.073555568300081864,-0.35970731597789429,0.93016139739511328,8.9203949096834538,-0.77260613317579918,-1.3135895000936058,,0.5149905578522841,0.3385214007782101,0,3
-0.88312041817174203,0.44252474272565817,0.15578889268416363,-0.46538672943449477,-0.86828801088455265,-0.17172979421291981,0.059274944744236925,-0.22416017092636539,0.97274801397681132,-3.6056058178613117,17.542414360344988,-1.999500420033147,,0.3138345660142497,0.25,0,2
-0.66551637912460992,0.73099294430243233,0.15078880759834368,-0.74440453073481661,-0.66476652016576032,-0.062828085186358115,0.054312463931835336,-0.15406099132086515,0.98656746713789745,19.342899581205067,-32.52645214136264,1.7468661752514263,,0.2314075126948772,0.3846153846153846,0,2
0.63195788818722276,-0.7587347729081716,-0.15795813349723703,0.77182419708145245,0.59771474349313136,0.21685131821252943,-0.070118730432866261,-0.25895681066719534,0.96334040393391451,17.946684579897223,-12.368062137555444,-0.58854379900250586,,0.5644485724062747,0.4,0,1
0.099443616490099279,-0.99497630646157875,0.011537621914613579,0.99228774223645566,0.100023884068768,0.073213791208181389,-0.074000025315182127,0.0041679966257371706,0.99724952948471246,17.192308774112099,-14.384818339220033,-0.37778316222022462,,0.8122682257360282,0.5535714285714286,0,1
-0.68772971978490716,-0.71190220695592832,-0.14220787691211903,0.72503100653319219,-0.68347958645519657,-0.084768475652804265,-0.036849316005045374,-0.16140292014183868,0.98620039813399385,5.7336297137467067,4.8258725528113828,-1.5592046787710929,,0.2393544832744274,0.1951219512195122,0,1
0.12060237038703314,0.98285951414248496,0.13943544641383948,-0.99055699192351188,0.10992254877538069,0.081938263480299686,0.065206702174484044,-0.14800070516832631,0.98683528375367979,-25.618430503065863,18.808814169666121,-1.1817318113151527,,0.2008003021070651,0.45,0,2
-0.012067762932953807,0.99569078597856675,0.091946874961463962,-0.99715284823134409,-0.018828355526180573,0.0730184243345402,0.074434980767870529,-0.090803919219187956,0.99308311932714022,-14.634489549947707,-8.6715495452112776,0.49015767761239731,0.9751705087672846,0.492614287020896,0.3559322033898305,1,2
0.94692219564931912,-0.3214465935949623,0.0032315403243409623,0.31927312543170711,0.9415958510870801,0.10706037825763075,-0.037456998861923607,-0.10034610446745142,0.9942472693221065,19.4597059799504,-4.4198678581554791,-1.1958262357759837,,0.08214785355465268,0.1904761904761905,0,4
-0.70206992713370409,-0.69079031933280777,-0.17293510959476704,0.71096984296325738,-0.69368909083261765,-0.11540072641287311,-0.040245494297846386,-0.20397102729528752,0.97814933431088558,-17.565424842391231,15.894439571927235,-1.3956357338008443,,0.3589983454348354,0.2608695652173913,0,3
-0.25352244333714852,-0.93911105130502515,-0.23194138061400921,0.96340988544135753,-0.26669270380038607,0.026765544521079827,-0.086992892573087344,-0.21666895268221958,0.97236145624215142,2.5356244881413867,13.040879678743618,-1.9282248252289149,,0.3924205439721584,0.2727272727272727,0,2
-0.3296900071650945,-0.94036739836734107,-0.083747568700931918,0.94255657119018188,-0.33290977331783572,0.027535303442559413,-0.053773685773682058,-0.069858706810994223,0.99610649621464054,29.603542471985818,6.2568063445978961,-2.036024346464874,,0.3812536106492705,0.2777777777777778,0,4
-0.041176312566237425,-0.9791586384397909,-0.19887903874512231,0.99702182755135782,-0.053256720992891145,0.055778105518539685,-0.065207259332067571,-0.19599000596413499,0.9784354505497953,-11.56322852936046,12.905152760630695,-1.4796213991703442,,0.502281504671716,0.3055555555555556,0,3
-0.9917344429018069,-0.12749808031184956,-0.014388685799477947,0.12762339211774293,-0.96866074268494984,-0.21309302045210857,0.013231195962714827,-0.21316802081418093,0.97692595950540784,-17.074197158187172,-10.409989257830228,0.83918261819086881,,0.7250937293389308,0.2,0,1
0.99161452080758561,-0.12922065014061435,0.0016326973935757252,0.12532851647447579,0.96467483392957443,0.2317223073880772,-0.031518329299775515,-0.2295745812588677,0.97278060556220292,-14.602927471024278,3.0899065693951648,-0.66846652232403114,,0.8162998388294093,0.5870967741935483,0,1
0.94193092156181069,-0.3357766237882997,0.0044942099470063899,0.33313745246022286,0.93604413517146123,0.11331731897385976,-0.042256085644909042,-0.10523989703739432,0.99354868390911177,-15.034545129277236,-0.84485847584095519,-0.26023994790753013,0.8100894585385108,0.9746155548817684,0.8238805970149253,1,4
0.90690730038313727,-0.41898902228867313,-0.0443547935780432,0.41825887314889693,0.88260565360373877,0.21463172006702821,-0.050780542966612621,-0.21320285980328221,0.97568738693688017,-21.540337995459698,-4.2630451473789099,0.53218522321137174,,0.2984378901723918,0.4,0,1
0.62486550745010006,0.77238069525369146,0.11389099700394828,-0.77958535137957985,0.60936822260834644,0.14462727678250081,0.042305762178527558,-0.17916034961611715,0.98290985935228303,-15.304557879583667,15.795563997791309,-1.4742303199742477,,0.2028430855640553,0.3902439024390244,0,3
-0.59178376161715185,-0.78536049179025946,-0.1816614362522096,0.80556967042287786,-0.58433183759226615,-0.098050036567158813,-0.029145935926467158,-0.20436536279665166,0.97846068541764264,16.24342245623243,-12.430238718784654,-0.59391245785968094,,0.2868965609638913,0.25,0,2
0.28490431935452937,0.95290452008160764,0.10393509715766802,-0.95650257280907858,0.27552448157293558,0.095859732231939415,0.062708508376028455,-0.12672503960151912,0.98995373998750458,-14.873128853947556,-10.135551177616367,0.67700146207863066,,0.130961161858765,0.25,0,1
-0.97460765393108406,0.20968569519109476,0.078560996246083842,-0.22066081117666028,-0.95901082789374259,-0.17778368427225877,0.03806215061985134,-0.19060467259431801,0.98092870866103543,5.1568347750471339,14.425546293066015,-2.0626533705299996,,0.5910997403451459,0.4333333333333333,0,3
-0.7810216952408382,-0.62002978189067104,-0.074620246124850451,0.62390144723123564,-0.77992535679563824,-0.049632871869011018,-0.027424363363551803,-0.085320029276851561,0.99597610257390234,14.454232435772044,10.027665366412602,-2.0156592125985657,,0.4426054430156071,0.391304347826087,0,1
0.99569773445443077,-0.090473344422638838,0.020014883244647064,0.080593486454240554,0.95217073879584191,0.29474662699025239,-0.045724299267068239,-0.29186547951061875,0.95536580969101692,20.154929572203834,-14.157881438539098,-0.43790593836895875,,0.5801074103677333,0.2068965517241379,0,2
0.99876582597569841,-0.048030192405834407,0.012646164657314921,0.042505989587563811,0.95829795844907151,0.28259204461825205,-0.025691744048688483,-0.28170573911406344,0.95915682285950321,15.0869882106332,-6.1295104999037822,-1.0886282056781493,,0.08983797020492532,0.2222222222222222,0,1
-0.89835180481299737,-0.42943267275272351,-0.092474939100720854,0.4391285821100317,-0.88339057777607133,-0.16366788160934864,-0.011407154038713844,-0.18763972572168938,0.98217168059755511,15.338066791684577,4.5729929008041799,-1.6729334309846668,,0.5558082487783522,0.631578947368421,0,1
-0.9991855422687832,0.03197390885650208,0.024615468174989781,-0.031456204597189605,-0.99928156141678115,0.021139257432089401,0.025273688163336624,0.02034773119727357,0.99947346664218473,11.296781921735388,-1.4692069041750722,-1.301171885558372,,0.1525629544277752,0.3333333333333333,0,2
-0.54399619577084934,0.80455386662205763,0.23824612208877582,-0.83592695347843027,-0.544263931281873,-0.070731192227127745,0.072761716823574518,-0.23763385450961472,0.96862577074729406,-1.8654354140312246,12.009810933264653,-1.7582643747167161,,0.5331082416962533,0.5333333333333333,0,1
0.2475226826074946,0.90699529067574758,0.34072285553922843,-0.96674638778944766,0.20786472454180627,0.14897542746108941,0.064295748621855137,-0.36626738727762193,0.9282856552408747,0.14364665788013312,16.251620002128622,-2.0284517808934006,,0.7285377930643286,0.4375,0,1
-0.52694612329017898,-0.8405406228375194,-0.12577457815221488,0.8483620968783423,-0.52909669113031643,-0.018396847967341895,-0.05108361507993156,-0.11639653257235152,0.99188825553864679,15.40243912341773,-3.1065927340338808,-1.2416075686085479,,0.1369021268298077,0.1153846153846154,0,3
0.91124350649372676,0.38701481428647361,0.14090708071571101,-0.4117666706280203,0.84845648628859038,0.33252037506705467,0.0091367846058097949,-0.36102787205093423,0.93251026523542446,6.7368374641164657,9.7763485709916811,-1.8515476261544228,,0.7764838143782331,0.3257142857142857,0,1
0.00014627809126909974,-0.99307374385417613,-0.11749262900357237,0.99781890450731281,-0.0076108226606603187,0.065570642716502023,-0.06601069921268217,-0.11724595790848846,0.99090664189093747,21.417368019767025,-40.950450100452834,2.6644315613557175,,0.357002588341247,0.3809523809523809,0,2
-0.99290613967724217,0.046483833563722002,0.1094378865313884,-0.061587704467699705,-0.98838160802682562,-0.13895593392405323,0.10170718976373368,-0.14471022815104242,0.98423299955794885,-13.064303045435251,13.800981154437231,-1.4714829493664117,,0.386069903798659,0.3469387755102041,0,2
-0.73622393555832688,0.65709620506992783,0.16186072406148272,-0.67357279975338602,-0.73461775165188825,-0.081464362701179668,0.065375837611407792,-0.16900099479181663,0.98344530280843923,6.6150016231623221,10.673651417446367,-1.8906129128878841,,0.1655353899062115,0.4,0,1
-0.80908185762896623,0.58004439445195044,0.094525383472011656,-0.58456428383959402,-0.81087493624410734,-0.027684577479472863,0.060589980316578328,-0.077655252468744454,0.99513743575912761,6.3470708988337048,3.1893416608902005,-1.4986970210449773,,0.1311299637294561,0.2105263157894737,0,1
-0.72934851956179392,-0.68370329036522004,-0.024506075915812761,0.68338667958057642,-0.72975849651457025,0.020861038723639345,-0.032146277931583929,-0.001532158140049216,0.99948200049154456,-6.8987856841958148,17.591593067304288,-1.9037524727358792,,0.09317173875702801,0.4117647058823529,0,2
-0.60723183382558887,0.77904977729249614,0.15604789165292529,-0.79230895404993829,-0.60840216042113848,-0.045752951021577525,0.059296048106969111,-0.15142079016899226,0.98668927377543381,17.684564297966634,-27.553446052117909,1.2194334229819375,,0.4538796506660085,0.2380952380952381,0,2
0.42896260269983966,-0.86410165576584663,-0.26328580286012759,0.90021955363013795,0.38479189956982174,0.2038135159585929,-0.07480535239496483,-0.32444340419889989,0.94294254158187962,-11.061400473358114,15.138936779224414,-1.5931730135283806,,0.2960312223443726,0.2,0,1
0.95447349041666407,-0.29828773831653138,-0.0021866096673812852,0.29518619505614496,0.94344261432189735,0.15093423644004156,-0.042958891281136877,-0.14470818446608788,0.9885413876052046,-24.058831504554838,6.980747799269281,-0.39094615809604732,,0.8890036356309439,0.9642857142857143,0,1
-0.56214390321705987,-0.8109278723814074,-0.16245066288215915,0.82575877325504909,-0.56126614587223878,-0.05570244061115999,-0.046007395799000116,-0.16545784747991524,0.98514314708021378,19.153405868185654,-17.892054501446996,0.030640388493938769,,0.7456074989934467,0.5625,0,2
-0.68160334251442167,0.72840160710100066,0.069627453248322813,-0.72854472212920207,-0.68442214416599512,0.028087656237319434,0.068113664787998601,-0.031582073204610366,0.99717756759829235,-5.1083227255176578,17.181627297924393,-1.9273232193000505,,0.07551404623088927,0.25,0,1
-0.60283576514019288,0.79404718904287563,0.077962182120216855,-0.79468990590734867,-0.60627227978837628,0.030031253872823616,0.071112542612449037,-0.043851845266903715,0.99650389961599262,-8.0579803456789865,28.934564164182138,-2.5634188308258308,,0.4278950379703987,0.3076923076923077,0,1
0.29724631798367235,-0.93068123958793103,-0.21325350342778099,0.95180693521098036,0.27115557748853059,0.14331158669536495,-0.075552528279543174,-0.24557500499019552,0.96642885531974632,17.467870021187483,-6.7263322428521191,-1.0431906103470046,,0.2101327646292677,0.2857142857142857,0,1
0.98983960703166041,-0.14065017039368125,-0.020858617395127871,0.13844164207561072,0.91987551992922179,0.36696449361532563,-0.032426287034078585,-0.36612369139837464,0.93000106371230085,-13.328723668997569,-4.8475638309570268,0.041218034827081709,,0.476780642012536,0.2459016393442623,0,1
0.9923659531343807,-0.12303778170697219,-0.0084569103294195418,0.11934174243144779,0.94073580445228633,0.31744872772612637,-0.031102468923195833,-0.31603457167553334,0.94823772648674165,19.494453599897366,-7.4897379166470905,-0.99132459656245031,,0.2987003593306586,0.1052631578947368,0,1
-0.9820186995985275,0.18386858236459055,0.042797407141706177,-0.18538824650141528,-0.98205147098682299,-0.034729042482449707,0.03564367682980684,-0.042038705401725378,0.99847998254857351,-21.063455866703446,11.010076392677007,-0.88845792412813085,,0.251915129649501,0.3571428571428572,0,1
