axis_00,axis_01,axis_02,axis_10,axis_11,axis_12,axis_20,axis_21,axis_22,location_x,location_y,location_z,dbh,dbh_approximation,score,reconstructed,number_clusters
0.93040213902813818,-0.3165480092312859,-0.18479506904562662,0.3602015135254592,0.88296526135402564,0.30104354651111176,0.067872891096788415,-0.34665502317683111,0.93553383987990346,-2.3366874235579673,-5.5760179327221717,-0.85550648033440524,,0.08248252046811591,0.5652173913043478,0,5
-0.89292971922166497,0.45003478071325725,-0.012050422361500352,-0.44662649661737991,-0.8888963480212988,-0.10192180823398199,-0.056579935047730616,-0.085626973686857233,0.99471942392175416,-11.280214673236468,8.1384498348940646,-2.6191043417621596,,0.1786082240403754,0.3360655737704918,0,5
0.71852491510708161,0.69416051901051001,-0.043163876302088428,-0.68698506970253881,0.71804098523796334,0.11166314308801269,0.10850557762696082,-0.05057981183788221,0.99280825049869781,-5.3302682218169686,-16.580494397728483,-0.06869071968363788,0.4751199580970774,0.4679835663657914,0.5447154471544715,1,5
0.87980757053250314,0.47525749421931474,0.0083037956425624018,-0.46087244208778561,0.84864143968326766,0.2596233791020216,0.11634101150383815,-0.2322456049975743,0.96567424528231838,-6.7285210150787602,29.165282358334238,-3.2509259466253937,,0.1731834212898202,0.3478260869565217,0,1
-0.71399623816022051,-0.68619780338913849,-0.13907532677285214,0.69062898896070635,-0.72289910138182589,0.021177554827254759,-0.11506942035209387,-0.080928757838423016,0.99005533413772562,3.5580734124442674,-7.6828603484881999,0.048727925839213038,0.6592960437902416,0.6948538918440856,0.5217391304347826,1,1
0.98441635047770737,-0.091676529522631375,-0.15006619488358885,0.12597093100263726,0.96305763189043991,0.23801538227582736,0.12270197005134797,-0.25321021225903506,0.95959825706034618,-31.058850944754589,18.731548931020559,-5.2596014187693481,,0.4846609298997105,0.9428571428571428,0,2
-0.35659501393554294,0.93154463231580986,-0.071165961244922818,-0.9339491967113841,-0.35347930066627131,0.052832584288914797,0.024060216093612866,0.085305228468645439,0.99606431719916666,-6.9331353568896654,3.649481707164842,-1.9335263274648384,0.3091044558448399,0.2666770331293234,0.8793375394321766,1,5
-0.11048705277691385,-0.97837655433775761,-0.17484830308255853,0.99106180419010237,-0.12168896807588954,0.054665302743933379,-0.074760360112376772,-0.16724566652324321,0.98307668855744201,-7.4005057910804828,-9.6812871246419387,-0.97103341403338672,,0.07155128318047262,0.3414634146341464,0,5
-0.87331527289740463,0.48714682761912864,-0.002898700528178498,-0.48507169565942498,-0.87011412786433462,-0.087217283613856153,-0.045009823308063732,-0.074762108260192625,0.9961850947360481,-5.2750159111181203,-9.2950506377811362,-0.77936866595001619,,0.3029854673242148,0.2252252252252252,0,5
0.32918334420910877,0.93863185839215457,0.10299786554389806,-0.93917416798132991,0.31414233748788783,0.13880372471307695,0.097929607840965105,-0.14242480896577442,0.98494921985815032,0.76526016650385842,-14.385657156840997,0.35453085105064391,,0.1802428260994232,0.1,0,3
-0.11773581803932655,0.99274344863998942,-0.02446880326030669,-0.99206199897370884,-0.11648751028465354,0.047367184209867699,0.044173151833431554,0.029851384056082529,0.99857780244056948,-9.5810541826298437,21.078299665967855,-3.1305878321768215,0.3870420438296482,0.3552660121549288,0.5238095238095238,1,5
0.060851018625219543,0.99775424794948497,0.027993110420794012,-0.99770964741864043,0.059970449259377411,0.03128905021569784,0.029540023358914889,-0.029832966905522333,0.99911830185697659,17.641377189957542,-3.475668374414477,1.337003915695544,,0.2676721948878258,0.3043478260869565,0,3
0.25537877580560348,0.96683673621860278,-0.002899373413932046,-0.96280955195034323,0.2545863244117923,0.090463086923201985,0.08820117652963852,-0.020310807976438541,0.99589558867289585,4.0792204866652613,5.8734423081199205,-0.83721545458331459,,0.07011325326075039,0.2,0,4
0.067050879342630237,0.99483968440385695,0.076145793807767134,-0.99694806454647589,0.063743246278572405,0.045070557472761473,0.039984199084342018,-0.078935422271019684,0.99607753861558412,-2.8780422545872377,7.1509538892825137,-1.6695658552479735,,0.5114847562464455,0.3188405797101449,0,4
-0.68440849825000871,0.72814134385873541,0.037352254105507424,-0.72908568662824036,-0.68380434174278737,-0.029080642488436833,0.0043668154294200312,-0.047136032685282832,0.99887893427867291,8.7467967782399736,24.053931172138466,-1.490280785471841,0.7029239984848046,0.6534817927361301,0.5555555555555556,1,5
0.93897395692125729,0.33234578224482775,-0.088736628557286562,-0.3231674334648304,0.9406684806093053,0.10346796381459406,0.11785889093061569,-0.068476934892394425,0.9906665388597472,3.3953032132282943,-13.718665993475373,0.58230263720546749,0.4129285598330013,0.400935363464858,0.7981651376146789,1,5
-0.96935870891407483,-0.2184932156860577,-0.11226935535400638,0.2188239558753651,-0.97571791029573018,0.0095202869278978447,-0.11162333890139021,-0.015338651417222196,0.99363220357696058,-11.069994929422071,-11.011630808711848,-1.1572387664023001,,0.1170275882226949,0.3684210526315789,0,2
-0.92224539406993089,-0.3734449085901862,-0.10001166614383759,0.36979892562644001,-0.92757002835643743,0.053503243830345999,-0.11274833800251595,0.012358913500235673,0.99354671230635405,-4.2829350305634541,11.458827048845009,-2.0528975972424841,0.1820952432207432,0.1340839080175788,0.5714285714285714,1,5
0.72315114732967944,-0.66565614408142659,-0.1842669692658343,0.6902152063899003,0.70635053007088056,0.15707290516423839,0.025600527024182189,-0.24077131580658409,0.97024418910955135,18.356707350212275,-16.773875440981488,2.5335753163222368,,0.3583828247048074,0.3809523809523809,0,5
-0.55937014448586753,0.82491317051294444,0.081383675096046937,-0.82890035531915729,-0.55601526258959189,-0.061410330720482985,-0.0054076251378475364,-0.10181006277233377,0.99478915791672129,10.563270209860271,-27.291444011916795,2.5789114118009251,,0.4380934591562867,0.4285714285714285,0,4
0.98718475466347355,-0.092688487421095228,-0.12990421263225854,0.13304125454321725,0.92755550956988619,0.34920023089355973,0.088126526934768135,-0.36200776368213167,0.92800005079971704,-25.476916653921357,16.550157287047078,-4.5783954586013049,,0.3061525326776088,0.2,0,1
0.74382361086174076,0.6659153824550107,0.057298685276350445,-0.65834079457514849,0.71515866048888244,0.23480947281979236,0.11538558888684268,-0.21237889193030363,0.9703511591891324,9.7678367244265996,-9.444146562835952,0.84836882283206982,,0.1094489717150548,0.2,0,3
0.26993399466270956,0.95750928475628272,0.10154608870332624,-0.96085776576064863,0.26103586609858503,0.092804259533791358,0.062353768954940506,-0.12262237241088178,0.99049268613222996,8.086474653094978,-9.6627734938753189,0.69430797640155162,,0.2371986138689594,0.125,0,4
-0.5686334865370436,0.82092192374133388,-0.052375119184159914,-0.82248835580830992,-0.56640305905318311,0.051966135655261168,0.012994712327336882,0.072627610562552042,0.99727446955966226,-12.722808962530738,-8.6109956612234022,-1.4742167028678927,,0.2126057024465434,0.4,0,3
-0.97744728591320817,0.19541442322778921,-0.0800625159200858,-0.19326940774574078,-0.98056357420378015,-0.033793682461641043,-0.085110159737331048,-0.017557908168634898,0.99621683411305006,-12.85692697919368,-2.5359795352956267,-2.017186088909348,,0.08044804050805743,0.2954545454545455,0,2
-0.77443762144590245,0.63252415864582512,-0.012631675209732345,-0.63149141434767087,-0.77407288731599333,-0.045052843722226434,-0.038274849371238498,-0.026913822687840702,0.99890474123108264,-11.286713583785698,24.97219563416925,-3.5307811891887702,0.4776226990726069,0.4344983671214832,0.6944444444444444,1,5
-0.86678948480687712,-0.46369184805366404,-0.1834825852139855,0.48813196698547395,-0.86420104596889213,-0.12199891373764571,-0.10199594028745416,-0.1953110908137351,0.97542319327050442,3.6795438690449838,29.22890450693307,-2.2555598518738247,,0.1788846091512107,0.2631578947368421,0,3
0.86340523615933173,-0.47243328244389921,-0.17702596366615894,0.5018312871621109,0.84033123088572592,0.20496043916644049,0.05193031289977057,-0.26580108358952248,0.96262818708199493,-13.760502399395463,-8.9349454940542117,-1.5687628980334851,,0.179108396659665,0.1666666666666667,0,1
0.56840483237269557,0.82245482364108813,-0.022000218291546421,-0.81737409175444387,0.56754111202005419,0.098978180906899943,0.093891110675968267,-0.038277267882488503,0.99484637512506724,-4.7092976363718098,-18.718195468231141,0.23173902375053831,0.5322977910635235,0.4861270486748632,0.68,1,5
0.7045572552496151,0.70913872992924987,-0.026857695162851011,-0.69994559042839322,0.70066406137320369,0.13836922902096552,0.11694120110114355,-0.078690118911709239,0.99001647494912148,-3.497335838005839,-4.7460299509973405,-1.0241477488646344,,0.1358983155213296,0.296969696969697,0,5
-0.24935114662497904,0.96264986391842156,0.10549523768707691,-0.96764066263255066,-0.25201971068842738,0.012554419323855096,0.038672389334587935,-0.098951022846487463,0.99434055603741112,-15.40014261602065,-14.305026253247778,-1.2090563224043525,,0.2128120480048751,0.2916666666666667,0,1
0.87411705644238402,0.48549535730788518,-0.014616075704206595,-0.46678781462788987,0.84799230269632142,0.25103424205217284,0.13427027873442771,-0.21261070669248797,0.96786785236844186,-18.37130535266316,11.332684226895577,-3.626020072511928,,0.4089595187725143,0.2,0,3
-0.059766879410241239,-0.98286573181588743,-0.17436419743623596,0.9931949771456513,-0.076043851221584677,0.088210373902616712,-0.099958278787760535,-0.1679055863079322,0.98072221173397467,-16.191902673058536,8.4791665143681065,-3.1555305461384693,,0.4423941941652236,0.1935483870967742,0,3
-0.44300981909231241,0.89422731916699472,0.064029695011038376,-0.89650209802294689,-0.4422797332770762,-0.025935029840213526,0.0051272242247644064,-0.068892228790831969,0.99761093236991993,-8.7261273626232008,19.436331372923821,-2.9548713097208554,,0.1312225073174156,0.1428571428571428,0,3
0.93358115977592415,0.35390796200707653,-0.056350444003926255,-0.33431652678012325,0.91672754353346497,0.21873058965031825,0.12906850132048958,-0.18536387284230529,0.97415684394854318,6.9523646431234756,-5.7686317173815995,0.21993271177395002,0.4653830351796734,0.3164032297096518,0.35,1,4
-0.8997639866678947,-0.40141467151960952,-0.17114622340063776,0.42257171874814092,-0.8993609871783198,-0.11217378149942246,-0.10889403477573573,-0.17325148262119444,0.97883911495190012,20.959795108534433,-5.6668936588580605,1.896183546503899,,0.3629476578197101,0.3125,0,5
0.58160454174422882,0.81341842975039302,0.0093067268624950229,-0.80605234666214742,0.57472060356769139,0.14133591997519923,0.10961647441390086,-0.089703321996432314,0.98991794738749606,-23.245214647937665,19.042970445383315,-4.5189053721191277,,0.09339722405346979,0.2727272727272727,0,1
0.5547765162592122,0.83103926136852846,-0.039959517906813985,-0.82390086422411357,0.55542731731578099,0.11264040620556762,0.1158032078055394,-0.029567570807344314,0.99283199778134756,-17.81014168132479,-7.3944953635512469,-2.0044848101736705,0.5299214206766211,0.4436815925117381,0.8952380952380953,1,2
0.044583020146397714,-0.98764282809051651,-0.15024645897988145,0.99707613349349478,0.034647813780663055,0.068108098034547204,-0.062060763226767353,-0.1528436230975562,0.98629979648488419,0.54568062312193333,19.878929139037425,-2.0559607023606614,0.3437891346156943,0.2368388953775187,0.7142857142857143,1,5
-0.9448085725128853,0.3158147092705636,-0.087165536277327746,-0.3196693182633496,-0.94691338853704399,0.034154964065842432,-0.071751573273412486,0.060134050401110112,0.99560815972708239,-9.6036306506987899,-6.3311332636666853,-1.443015779479077,,0.07723987810437512,0.25,0,4
-0.89598800854085736,-0.42569227561151946,-0.12645779942603527,0.42870625689187963,-0.90343628499120621,0.0037180993857039413,-0.11582933071007048,-0.050881877382565832,0.9919650198980221,-15.071831606686539,-3.5630604273647286,-2.1213226678370924,,0.09919845547600648,0.4210526315789473,0,1
0.88319944692030505,-0.44505582700944762,-0.14793257857756004,0.46340098321384238,0.87669503127739834,0.12909434879175538,0.072237564439239343,-0.18256815981561547,0.98053587456320468,-5.2626475554487664,-5.970365532007615,-1.1095076446098189,,0.3408587082730007,0.1649484536082474,0,5
0.6551526478406382,0.75219149174117039,0.070590139393504434,-0.74692449585398457,0.6308504432290486,0.21007502414848014,0.11348482506781507,-0.19035671259481848,0.97513358902738123,13.089437972783189,-8.44590371382019,1.1627649268358076,,0.2106898008748565,0.5666666666666667,0,4
0.98888003974057803,-0.11816119879695661,-0.090300598566893223,0.12911262184399822,0.98346122208087638,0.12701950851643939,0.073798359624328749,-0.13726600366461925,0.9877812745515594,-24.912384413219865,22.126777223261197,-4.9033157004347245,,0.3577756906170773,0.8870967741935484,0,3
-0.83788174021217809,-0.5081619985475242,-0.19931275084950464,0.53321209739459552,-0.84008844451863196,-0.099680813491464015,-0.11678633743322478,-0.18979670339194449,0.97485289288716881,1.5149217290928723,8.2809220584761665,-1.2760948910819394,,0.1039804704578911,0.3653846153846154,0,5
0.65711569991470797,0.74802998053496883,0.093005941457844202,-0.74693582780354906,0.62956458017417227,0.21385815049594703,0.10141906166511629,-0.20999901811907223,0.97242716247541916,-1.3652809859490718,29.425720263369978,-2.7721786719366301,0.3197293117334777,0.3249609358531131,0.5454545454545454,1,4
-0.94206902675999427,-0.30816173357841942,-0.13244732831364492,0.32122147092851383,-0.94254599714182152,-0.091781315562880425,-0.096554209820189404,-0.12900926024853537,0.98693155554786405,29.374846928945725,-5.4015126323068605,2.9800308165424942,0.5441060253143861,0.3148018224685668,0.1666666666666667,1,5
0.98689548950154127,0.14670427533683211,-0.067194853965231977,-0.11530186675259121,0.9324635623522386,0.3423699525494916,0.11288388868603742,-0.33013566981359083,0.93715936061688621,-10.11932311138885,11.141377966798784,-2.6627722409506047,,0.4241599997997986,0.1917808219178082,0,5
0.53725180139561901,-0.79565275092357546,-0.2798163716527492,0.84341478350403853,0.50545613315174576,0.18211425102424167,-0.0034648036016741023,-0.33384247394097677,0.94262251072683934,-1.0525626304664701,-12.305725232856513,-0.037801008724958368,,0.08998734351584783,0.3333333333333333,0,7
0.33701733470849032,0.94113887903623394,0.026017810676642088,-0.93662738023689784,0.33233824525932881,0.11081715268185786,0.095647617307226263,-0.061716295290386518,0.99350019234979492,-6.7523973387668148,-6.3685856724051133,-1.1770077015681457,0.3410314980080014,0.09973271121328135,0.1746031746031746,1,5
-0.1761092934426981,0.98410526645486718,-0.022854787220871826,-0.98257243976971009,-0.17433747840399633,0.06448134791347096,0.059471988096208565,0.033812248661303772,0.99765716279308758,5.8891310646740314,5.0636742247801276,-0.61636335965094002,0.4018882442071992,0.3572553597995639,0.5490196078431373,1,5
-0.57770558734682265,0.81427716556181873,-0.05664761241988208,-0.81620251808400957,-0.57699238509216266,0.029887071100717831,-0.0083488814570871171,0.063501851864871228,0.99794679767417849,-8.0994920821587488,-7.4745498337147938,-1.2131276142148553,0.4517570846015518,0.3364669375179788,0.798219584569733,1,6
-0.78770723019189604,0.61555450074079443,-0.024697694652803675,-0.61545547251739341,-0.78807521069543973,-0.012329786524126135,-0.027053296505298929,0.0054880693408548417,0.99961892751343362,22.272554600593995,-11.337184240545737,2.5819715049097565,0.3146169346910468,0.2304963189702947,0.40625,1,5
-0.66631215846305258,-0.72387764734967242,-0.17896720132977348,0.73712956776185701,-0.6756525739801611,-0.011558529543179557,-0.11255268906394864,-0.13962360452834013,0.98378714224317243,-0.36089859286045151,-7.7614032588979498,-0.3829543146492061,,0.3501425028182327,0.1,0,2
-0.089082736213475441,0.99409903623917506,0.061898079591088034,-0.99249708432904238,-0.093821033329736903,0.078403770976215911,0.083748454953335383,-0.054449241071705859,0.99499822936508053,-11.51021278509635,20.108262357408609,-3.3043433301371423,,0.3288833411489241,0.3214285714285715,0,3
0.98968603773682995,0.12058435955405793,-0.077336659739809174,-0.10396837390476567,0.97600783039140904,0.1913094149336424,0.098550108758804655,-0.18129569009105365,0.97847828224137701,-1.2403282167642129,14.517485384534648,-1.9209797639763797,0.3810377590831098,0.1678650751101089,0.3214285714285715,1,5
0.5700823189508808,-0.81488627894986798,-0.10472106759781441,0.82158666857648144,0.56562153318678698,0.071187268614753246,0.0012229623815519445,-0.12662003622913853,0.99195053847878278,2.1787952053625022,2.5372725811167567,-0.91358977859018586,,0.09097016330417375,0.4117647058823529,0,5
0.89864177267919376,-0.39335114392287429,-0.19421081836644347,0.43459206835279185,0.85858557314123762,0.27195688577157984,0.059772054681428217,-0.32879429917244635,0.94250814867080135,-2.5756255026999564,-10.526788559026127,-0.38202393400322304,0.3822804066440659,0.248782562154829,0.2051282051282051,1,1
0.72040930820219806,0.69132672911681514,-0.055477763692106469,-0.68662760008319335,0.72220708220456142,0.083423433264094599,0.097739283093471782,-0.022006454103745011,0.99496871735655823,-11.317973252139362,27.995148545424623,-3.6758501277881588,,0.2739528127224644,0.35,0,3
-0.7495061390754264,0.66198686571723686,0.0037332433777586193,-0.6613498136748569,-0.74851167385174022,-0.048442729690827933,-0.029274074545236478,-0.038777103109130531,0.9988189850187994,18.154191124670938,2.449746737596465,1.0190338723069436,,0.4064103618493606,0.2666666666666667,0,3
-0.76731004828992166,-0.63177778763521331,-0.10996416163493671,0.63353565056105299,-0.77338268333790394,0.022623098400696939,-0.09933714945327636,-0.052307285953483981,0.99367805579809343,3.7208495325293112,4.7735159756355641,-0.85516173218356928,0.5257763354046165,0.4609120899291626,0.5322997416020672,1,5
-0.32600091562616407,0.9451752922319846,0.01915907004751255,-0.94497378453591263,-0.32638383018651285,0.022319093455058787,0.027348666343656982,-0.010828774028691465,0.99956730043667341,-10.830087981502338,4.9474131702235393,-2.4448937854380781,0.8034346537504125,0.509342737097731,0.4229508196721312,1,3
-0.76374196190347343,0.64178366041803903,-0.069368212087789899,-0.64236023644173823,-0.76622293415245979,-0.016605475521920401,-0.063808637866256734,0.031877082664801763,0.99745291083561161,-12.692776718878125,19.216400457504992,-3.3802639826601144,,0.3010661327805201,0.6428571428571429,0,2
0.75729957798179703,-0.61467431408529405,-0.22061921220140021,0.65262586429102598,0.72472006391468591,0.22104368395836493,0.024017294747411901,-0.3113780926193554,0.94998255404494092,-12.034691131216452,-9.646432406807838,-1.348232753820739,,0.1451986498074788,0.1515151515151515,0,2
-0.68831133347053486,0.72083909493399478,-0.081354209668304658,-0.72509835321717331,-0.68698552884694086,0.047783483722236474,-0.021444961593774979,0.091879716856492502,0.99553916610679527,1.5295143894488874,-4.3049541557019539,-0.507539656134813,0.6657922481745433,0.6409283979073207,0.945474372955289,1,5
-0.79921356394153187,0.59758078455854957,-0.06445839850838718,-0.59976442436724908,-0.79991124501461919,0.020606682474053738,-0.039246840322498484,0.055128994418117534,0.99770761222872795,-9.7245886066548479,23.82607485005639,-3.3127761889776695,,0.4644849981934359,0.48,0,1
-0.58215965301107309,0.8103795323344245,-0.066144931623416364,-0.81307449594291892,-0.58023501816758061,0.047298919007048329,-4.9529737350735665e-05,0.081316279215830234,0.99668834661658312,-10.892438186925565,17.369151620907665,-3.0809273437943769,0.3791901303747918,0.3797864386683616,0.8054054054054054,1,5
0.93317769803663775,0.35598505339334469,-0.049538123173761696,-0.3401621073770798,0.91926558571845995,0.19809220988842563,0.11605655772865815,-0.16800424004837941,0.97893076912207688,-1.1387286893636983,-6.2581799828963645,-0.66217500292224063,0.4599104512758019,0.5620289686719899,0.5855855855855856,1,5
0.93855850571001609,-0.30944831005449919,-0.15280600369028155,0.34147634539664112,0.89683285570904603,0.28122008188482711,0.050018365566394649,-0.31612113552429499,0.94739938293250692,1.9915416765900031,-14.184790867393126,0.46293350930379551,,0.235380745335141,0.25,0,4
-0.6311237030600636,-0.7442076921263423,-0.2187185003965971,0.76722215948848838,-0.64044189651471506,-0.03470353265094684,-0.11424985525405881,-0.18970790223029241,0.97517069398429335,-11.910036382968769,35.873322822045857,-4.169282067673981,,0.3958146727316332,0.3333333333333333,0,3
-0.32101145010913185,0.94559332920007877,0.052961350729999399,-0.94659138538237297,-0.32213280293924301,0.013971628050733851,0.030272066640941633,-0.045647705778280354,0.99849881769507753,-10.784781422304102,35.72799916636955,-4.0460176579493696,,0.3805908039186032,0.7096774193548387,0,1
0.92424039803653035,0.38164500925064149,-0.011259376153041963,-0.36238749192112812,0.88612669182663761,0.28888543011286538,0.12022891639032671,-0.26291932782977123,0.95729746407120031,-11.742251486658741,-14.828026799465414,-0.85771808081260026,,0.3274055744068418,0.4444444444444444,0,5
0.86809923999724625,-0.47984130919365303,-0.12710636297024883,0.49356064288071322,0.86167689774448453,0.11794412106000873,0.052930155066659157,-0.16512190007616206,0.98485184510151447,6.6487584018888564,-8.3376420257913058,0.42462192243921565,,0.3434348780496297,0.2142857142857143,0,1
-0.9531812617356803,-0.26020686770286311,-0.15407098453713727,0.2779566349940632,-0.95456178035378714,-0.10747984253145403,-0.11910328013432392,-0.14527282432744851,0.98219662755131287,9.9986416266025095,3.8084273529478079,-0.064662663511809979,,0.3350594166381725,0.3684210526315789,0,5
0.27188787054631536,0.95997638943649688,-0.067248178966109934,-0.95827931239699671,0.2764859861683524,0.072500061272064931,0.08819152613335246,0.044730651425854896,0.99509870040176884,-7.8855041995364088,1.2526269582382557,-1.9140878852739898,,0.07355443897475616,0.2947368421052631,0,2
0.74600086517822028,-0.63358520944495822,-0.20506704153992217,0.66531152807069527,0.72250369404765269,0.18801325140460826,0.029039279770400946,-0.27669151497667033,0.96051992471282566,-0.84775100659146585,-9.9866849738222712,-0.23294744195518852,,0.09014751700478557,0.3582089552238806,0,5
0.8163401858636754,-0.56547740336438979,-0.11757553839268084,0.57614888567172884,0.81155654437175118,0.097100138138975667,0.040511263659460686,-0.1470077602429565,0.98830539609225276,-6.62707203005513,-10.075891555289658,-0.84901480389238349,,0.09040510017593481,0.3484848484848485,1,5
-0.19721859502547928,0.97784627585134176,0.070153307689927891,-0.98006547406711109,-0.19840656252308109,0.010320004330588762,0.024010254429818557,-0.066719538003769577,0.99748283741164134,-8.5200587275296478,37.672414242910357,-3.9546816176066053,,0.2513850582423865,0.4444444444444444,0,2
-0.23881618803569762,-0.92312696134231564,-0.30133609404616851,0.96395698007166519,-0.26284204924287724,0.041243153624811436,-0.11727646355178584,-0.28062549847208779,0.95262561413394664,16.991839872408061,-20.736166588338754,2.7271746628181481,,0.367083777819846,0.3076923076923077,0,5
0.92904686365613998,-0.33948345299516353,-0.14704730624248852,0.36196259239158624,0.91628239579728354,0.17149242799947262,0.07651801643961878,-0.21255012654541697,0.97414959675897594,0.46718866128770947,-2.9580773439851851,-0.77992108681705874,0.6532136294835296,0.3045560387573583,0.233502538071066,1,4
0.65845591309378793,-0.72455939196977126,-0.2035914979075073,0.75246279608693012,0.63929122615193645,0.15845020880451255,0.01534767138251881,-0.25752750469328589,0.96614907406134021,-6.5164497789441862,-19.618002926046216,0.1381250042833056,0.3168198712693513,0.2235744541499734,0.4,1,4
-0.27533656871394319,0.96008032601678228,0.049351205905650508,-0.96068589506314228,-0.2766889620536897,0.02293096823907502,0.035670505400983953,-0.041097273305679992,0.99851821674483121,-11.585723636026458,-6.7390851317396363,-1.5685646704922278,,0.873147335275383,0.4339622641509434,0,1
0.0047599993542901268,0.99141670028863571,0.13065323874646143,-0.99913949744190578,-0.00066811143517878633,0.041470691803312733,0.041202027349176953,-0.13073821176650252,0.99056040347190055,-11.94915131475628,11.80560150894949,-2.8904682941200397,,0.1642391150079603,0.26,0,5
0.84689186537421091,0.53079136235650815,-0.032166722100830214,-0.51851824740193575,0.83770025352369437,0.17145586125170328,0.11795336143669173,-0.12852554179640924,0.98466653727631304,-1.5826664529624477,-7.1328169095899892,-0.57888311032364093,,0.07355415287086023,0.2926829268292683,0,5
0.3734104403488997,0.92746004462639697,0.019557828612693104,-0.92602785567935064,0.37141564003276284,0.067252009969645185,0.055109468735827526,-0.043223696749070201,0.99754431405075927,-14.713622516446982,16.322660777924149,-3.4490229491461086,,0.1488072302100333,0.2758620689655172,0,2
0.89026038964843657,0.45289402070627033,-0.04820212268689883,-0.44370574464529694,0.88631027396535456,0.13258699194197371,0.10276989243828727,-0.096649388368301212,0.98999860855268718,-1.7850340280725887,-14.405702620954784,0.077437319235271168,,0.3552889326531514,0.3939393939393939,0,5
-0.61449341026516735,0.78588007626387291,-0.069212386696128267,-0.78890172270089054,-0.61273666463895382,0.046774477300099371,-0.005649837188082262,0.08334437916632452,0.99650478864937142,1.71680002545388,-13.008070202070622,0.32058890946806412,,0.08820020081014604,0.34,0,5
0.011582781451495409,-0.99368358761549758,-0.11161884642586295,0.99768727056569362,0.0040076177178476405,0.067853144005298224,-0.06697722989959376,-0.11214663037212079,0.99143188569419927,-10.713408648847118,-9.5029189708814776,-1.2355539951674834,,0.08874468492109067,0.3333333333333333,0,2
0.93037259305111164,-0.34839250710604958,-0.11414683128196282,0.35975221971462967,0.9275395357378684,0.10123611042299765,0.070605796573287513,-0.1352518784917304,0.98829234078521055,1.237611556807374,-18.414299718197228,0.75719529941694808,0.464449511806793,0.5336847191117787,0.9213483146067416,1,5
-0.50046251292891542,0.86542424380130134,0.024044778930605266,-0.86572658565586857,-0.50048856011688347,-0.0053553786758292398,0.0073994622445082694,-0.023496370636234491,0.99969653821818227,2.6133303017187846,-6.9523623110557855,-0.14491724460963068,,0.08343616277992444,0.425531914893617,0,1
-0.44114419769036367,-0.88332802761274398,-0.15850360399027144,0.89266566567880234,-0.45008778706595498,0.023853579444017822,-0.092411071643747886,-0.13096785700259034,0.98707021749711554,2.9601687713588363,24.081237904547198,-2.088494324417403,0.1919169177792903,0.2001583092880759,0.5769230769230769,1,5
-0.7347325794440549,0.67688977980449949,0.044589939444914163,-0.67744889031747935,-0.7287624419320462,-0.099841395407194805,-0.035086146997072347,-0.10356413097910283,0.99400373895848226,6.9450354608878051,3.9316747305123187,-0.43322165144510683,,0.1186736376682505,0.2,0,5
-0.80101749859563731,-0.53002960231168605,-0.27827969314505346,0.58712591696880889,-0.78630575952513704,-0.1923705023155399,-0.11685086464003848,-0.31747735857996817,0.94103878890402948,-7.2663687240635264,30.868237466922988,-3.398233122181392,,0.6415279908371696,0.2608695652173913,0,1
-0.64132934036804001,0.76640211510614842,-0.036393339279556854,-0.76715819681402109,-0.64131176203943652,0.01369397425633284,-0.012844385705609015,0.036701796014576592,0.99924371397830181,3.785597590221276,7.5851946446996026,-0.99986137257636276,,0.1272893840165072,0.2105263157894737,0,1
-0.92595299347364401,0.37523441700003324,-0.042546282750024346,-0.37049484407452521,-0.92446306149095892,-0.090008990956229579,-0.07310693805236948,-0.067580916222042015,0.99503175596118465,-12.067193175385627,40.551991205735987,-4.47953071446819,,0.2234474217032124,0.3684210526315789,0,2
0.48032433224801807,0.87434290533230619,0.069375930592384533,-0.85609304774760953,0.4501522684897224,0.25390476319235794,0.1907700957925699,-0.18134888769612142,0.96473797037468934,-21.341318522822235,12.108862360062922,-3.9586817198982174,,0.8090893424223318,0.4523809523809524,0,2
0.27045040695740719,-0.92091429018830495,-0.2806660782915249,0.96079118830373711,0.23966937028067753,0.13942340344130583,-0.061129942372510626,-0.30736861107835167,0.94962501392354859,-3.0241622729639355,-9.4069438656869337,-0.54577524711101433,0.8692645321862504,0.4557865927208321,0.1692307692307692,1,3
0.36089831681598838,-0.89553403635215334,-0.26032901231751043,0.93203652364530531,0.33659482834690507,0.13420819692289762,-0.032562609087175336,-0.29107166001681017,0.9561469370470721,-2.8608718346219164,18.071429679823929,-2.2736828057453922,,0.4508253024947368,0.1153846153846154,0,3
-0.13437846064622347,0.97759545959301353,0.16201711853219758,-0.98983546645687914,-0.14010658275475085,0.024410956820213884,0.046563705377079823,-0.15708998329591539,0.98648596466936378,-1.3353126832933628,-8.2926731104352616,-0.42615546060388954,,0.1159054243768044,0.25,0,3
-0.97248379002113317,-0.20768849676194409,-0.10554982926985923,0.20592917344018347,-0.97818257909125017,0.027422937272159456,-0.10894243283668394,0.0049325728736468342,0.99403582231852727,-0.077149165163211242,-5.4376406432028261,-0.57716733170667267,,0.07155805012226904,0.3333333333333333,0,5
-0.96693691392442249,-0.20308339155282876,-0.15424052828525989,0.21855484387802146,-0.97158432800065708,-0.090871743688379691,-0.13140313811994497,-0.12157725798402141,0.98384561066933618,-16.813530514862713,6.7257982903125875,-3.0795905040961666,0.445560345647019,0.3866754208701548,0.2571428571428571,1,4
-0.10223618598713251,-0.98328733310704763,-0.15064455790381162,0.99177893309437848,-0.11246974854706521,0.061033626239443382,-0.076956547122260091,-0.14316625375063177,0.98670214028450809,-6.3064598645350447,-8.9658231074921417,-0.91393957103679646,,0.1006439071899661,0.2857142857142857,0,5
-0.90535160837029727,0.42150973047761703,-0.051652805674067374,-0.41967353597859719,-0.90666186423485939,-0.042876417077345706,-0.064904456091528742,-0.017140917561679403,0.99774425607196893,8.575676648624075,-11.927529480067312,0.98567268274500752,,0.1895638665100721,0.2222222222222222,0,5
-0.16580546826746234,-0.93032304055542803,-0.32712014139198387,0.98282185435882607,-0.18315239099606914,0.022724530074383586,-0.081053989952907829,-0.31773297261084976,0.94470948382483544,-11.11467189301715,-5.4112129943556786,-1.6355147221367021,0.1552165389845379,0.2612205217366838,0.2631578947368421,1,3
-0.73896446692037143,-0.64987494934120915,-0.17774719926866089,0.66482887707034222,-0.7461289294553658,-0.035974780655040332,-0.1092432187482601,-0.14475555550151131,0.98341839941551301,3.4112039948213657,-15.298163052418063,0.73162566519597116,,0.5300755353688333,0.3513513513513514,0,2
-0.45067827040962694,-0.87847061374577518,-0.15867727425724518,0.88683449654467128,-0.46091374226461956,0.032910453202340123,-0.10204740231356757,-0.12588845450137714,0.98678185264237017,-19.774218775952651,8.6223414237008065,-3.533396932207209,,0.07748261820845874,0.3333333333333333,0,1
0.020327636632753821,0.99864974434717624,0.047806644980045054,-0.99873651321205259,0.018084901392713303,0.046886176199908682,0.045958289415074897,-0.048699327068627625,0.99775558689345611,-9.6126210350619452,-13.226768686427359,-0.83569113589141075,,0.2248550097333577,0.1481481481481481,0,5
-0.071480781182401518,-0.97214055646736863,-0.22323359154228881,0.99484822802043116,-0.085616049512257333,0.054285313580414989,-0.071885333178353814,-0.21820318635902289,0.97325221208924451,-6.871631890244748,-11.027563990321838,-0.78471628238275393,,0.07980823829469159,0.2258064516129032,0,3
-0.88757680841690834,0.45998456143697175,-0.024932155945522401,-0.45500103676213949,-0.88384609937416603,-0.10858236121235344,-0.071982398583493645,-0.085031028811304435,0.99377475236265589,17.436169714547624,-6.1934402112978706,1.4973795045669493,,0.2324740696822562,0.2727272727272727,0,3
0.93784761498592095,-0.3100176372960789,-0.15598370309291396,0.34012641748205025,0.9103861672305702,0.23560782382183246,0.068962824739473794,-0.27401841376190511,0.95924868398312835,10.268453911793548,-23.325859353723249,2.1038736519314547,,0.5014584156370659,0.6222222222222222,0,3
0.31913061924044639,-0.93739481675497771,-0.13945108599115474,0.94717183890045442,0.31051582080436058,0.080283451745219073,-0.031955523108563796,-0.15770504922511958,0.98696907853881721,-5.3097812854154611,29.981727340483658,-3.171709329260668,,0.175978868385134,0.36,0,2
0.93021239493887486,-0.33004132817731852,-0.16055410924991645,0.36077048345241564,0.90263278083289977,0.23473116801007929,0.067450415651741438,-0.27627302557581968,0.95870937033471704,0.36587851179758452,-11.47783766612935,0.038636672430723447,,0.09155362908884782,0.2068965517241379,0,5
-0.83864925050390504,0.54234458313400891,-0.050296995680041694,-0.54264959380229494,-0.8399154785075944,-0.0085678065783654951,-0.046891928681213071,0.020108259709841758,0.99869755427556695,4.686698310457083,-6.3077756417902027,0.010399611159725167,,0.5364250931081214,0.3181818181818182,0,2
-0.28742242928884748,-0.91841039557244741,-0.27186521006954895,0.95071191103854291,-0.30803763008181861,0.035491980263430534,-0.11634091864490631,-0.24826430222252857,0.96168062624284045,4.3705616946997461,2.7880860905164253,-0.67182373445838184,,0.3252608645309701,0.2280701754385965,0,5
0.90792191807526756,-0.39272304170521294,-0.14644590534505467,0.41655723287342383,0.88418258248378623,0.21142666003401367,0.046452797756034732,-0.25296199980650852,0.96636036975578066,-10.615468944392171,-16.384355876594956,-0.58285540264252023,,0.2125308080783089,0.2608695652173913,0,4
-0.89601925391251325,0.4422669099492772,-0.039363396474148174,-0.44006718035935605,-0.89635146791208364,-0.053804486266653559,-0.059079382094169276,-0.030887316746047239,0.99777532554959503,-5.3614187720672852,4.2019833454881015,-1.8008960423227605,,0.0728234062818528,0.2,0,5
-0.81209876945583348,-0.53659469813175542,-0.22926342618309617,0.56612270852678814,-0.81975037422369723,-0.086685655390047897,-0.14142371632302392,-0.20018854586863605,0.96949671405548699,1.044762120744458,-9.2016662771241524,-0.10147769341787126,,0.2543855988104829,0.1666666666666667,0,5
-0.98659760632171289,-0.075512575370504736,-0.144647897188936,0.088329279734852495,-0.99251523192570756,-0.084329429839062012,-0.13719730879936889,-0.095975858195553168,0.98588312344914308,14.848663120702827,2.5860119689141383,0.64465035124809988,,0.2809131916476978,0.1818181818181818,0,3
0.99009772899380699,0.11669021431147462,-0.078037689133178614,-0.095749570306116499,0.96788090011206773,0.23246200331332892,0.10265722978679381,-0.22268802635569387,0.9694697190166931,-10.418688120286689,-4.4469048941916558,-1.6451197465860752,,0.2579318708973758,0.2394366197183098,0,3
-0.9552728909022431,0.29178127513267416,-0.048139291532217875,-0.28654559336801627,-0.95351722861329347,-0.093255121355331705,-0.073111742070918667,-0.075289987512131826,0.99447779811908354,-14.011143732669598,9.9200976956825517,-2.9950654698079293,,0.1451739432088026,0.2368421052631579,0,3
0.19071455424686398,0.98128287304932649,0.026681114266091075,-0.98041907716085552,0.18904766299634676,0.055130882948455896,0.049054988915263886,-0.036672935193135171,0.99812258960853306,-15.262994761107027,-12.940530026116951,-1.3317237989435753,,0.3461656060954835,0.4347826086956522,0,2
0.81461776628738836,-0.56309593650887912,-0.13899950048879001,0.57857935213086698,0.80569638412551381,0.12688289835473207,0.04054415046305198,-0.18378330417711999,0.98213027087498361,-17.831523458352333,22.290671515089809,-4.0804776788797845,,0.2066379540127584,0.6610169491525424,0,3
0.11809601832364547,0.99279861414338344,-0.020105775565263811,-0.9910425606799379,0.11911020173209851,0.060393731167165336,0.062353615589268614,0.012793420118104325,0.99797212136643842,-8.595798707214712,8.7562683397998935,-2.3782358251207643,0.5751391065331536,0.3268930544659326,0.2976190476190476,1,3
-0.95699800064468776,-0.2637971343020668,-0.12068926504080241,0.27498476508440722,-0.95743526496402398,-0.087755868035954213,-0.092402411946578847,-0.1171698994507019,0.98880382732328087,10.673617521396089,13.923330772647482,-0.58966009942023223,,0.3080586488936342,0.1875,0,5
-0.86255540083963222,0.5011289364492999,-0.069770835852640031,-0.49977370981808783,-0.86536744146229128,-0.036951728399011889,-0.078894990063044804,0.0029967165702558429,0.99687842801053272,-4.8588038920734826,21.950186352951668,-2.6918805661458509,,0.2621392233774856,0.6056338028169014,0,5
0.89069933949301716,0.45428511811117234,0.016724774719631012,-0.43977342506688949,0.85176245124331929,0.28478072486899447,0.11512611012121123,-0.26100911500308011,0.95844677507604403,10.210903314490036,-5.8712874777080231,0.5730175201873785,,0.1277492784287639,0.2727272727272727,0,4
0.98200500984604489,0.18394442599156796,-0.042785614216725547,-0.15603606322754507,0.9178854302861934,0.36488228765011249,0.10639035487166836,-0.35164013567134572,0.9300700550901092,3.3675408302939114,-11.762027929781597,0.39600725461406083,0.6679332690560704,0.7476338881480969,0.3760683760683761,1,2
0.057508015166260563,-0.97574662973976301,-0.21121397383490056,0.99723919943329542,0.046188960656298142,0.058142574995693662,-0.04697666766891892,-0.21397451826089911,0.97570902334135412,9.4880136027915221,-14.784637743216253,1.3501480197337858,,0.2293961766188441,0.35,0,3
-0.34519995426234196,0.92700733094168597,0.14660968575659966,-0.93394930754164429,-0.35471178668391745,0.043797709186511172,0.092604981074239034,-0.12180704728329531,0.98822434735861753,16.995622253471236,-13.631282237222278,2.1349767305185554,,0.2434152367044548,0.5,0,6
0.97037650864689751,-0.18595513931164798,-0.15424045393425254,0.22786522596052181,0.91660682398214333,0.32849561492861545,0.080292404772923084,-0.35391046380822738,0.93182643949548216,-18.915450368525491,-9.9425141321309631,-1.8910365876983799,,0.1123160540653393,0.375,0,1
0.22206530621439041,0.95959377055840589,0.17282012406375452,-0.9719777533973849,0.20384697016911649,0.11707117345206955,0.077111910081921378,-0.19397476191085725,0.97797113713296524,1.6505460922440192,-10.305515164090245,0.064989743217868226,,0.1744480691948633,0.5,0,3
-0.95805080033931012,0.28400131947717677,-0.038495642668103916,-0.27637680301065692,-0.95106187463150205,-0.13819252288029907,-0.075858596920956228,-0.12175615449592782,0.98965696689082527,5.8654322053251082,6.3615060602924585,-0.68962006313999835,,0.08699822474818011,0.4444444444444444,0,4
0.12764364239000886,-0.98371176772401836,-0.12656325927653639,0.99025942527083766,0.11924512508247423,0.071880948841373554,-0.055618083567151075,-0.1345056065201497,0.98935073184132494,-6.8972271612343468,13.715346366647289,-2.4744354759445506,0.1479052493309641,0.1329564990157447,0.5357142857142857,1,5
-0.99090560756188484,0.098123840060232725,-0.092074909254622292,-0.091396373611772011,-0.99301289969591988,-0.074646392599503911,-0.098756163316678178,-0.06555221620460891,0.99295021383634086,-20.375423568160041,14.971624296652108,-4.0402614345448802,0.3851163814916785,0.1795597320118654,0.2173913043478261,1,3
-0.040250027385316939,0.9984504340181759,-0.038427413449218253,-0.99758328587063172,-0.037975721859152871,0.058184467865823576,0.056634998428833974,0.040676471801179954,0.99756598859161894,-17.096827308528418,15.733061138862132,-3.7014643080559209,0.6109328826365644,0.502293888569215,0.9,1,5
0.92233903602750289,0.38574628911582665,-0.022147303520427097,-0.36987920680470093,0.89806711789237481,0.23804374416062335,0.11171425599887534,-0.21136521046248846,0.97100189125086978,27.067952668697316,-10.130943275662336,3.0796664444929709,,0.3319848037707617,0.391304347826087,0,4
-0.98389244519849128,-0.15471676075854826,-0.089545408713768343,0.16517203568500965,-0.97838957673589688,-0.12438663417836181,-0.068365597408372086,-0.13717346709525793,0.98818499534047877,-6.4645845463014071,30.846056895623281,-3.3260253850677706,,0.3692659388128586,0.4,0,2
