axis_00,axis_01,axis_02,axis_10,axis_11,axis_12,axis_20,axis_21,axis_22,location_x,location_y,location_z,dbh,dbh_approximation,score,reconstructed,number_clusters
0.80106108128914844,-0.5985410745644989,0.0070516737754487396,0.59379874042839587,0.79609027627501161,0.11680465695350377,-0.075526153811186048,-0.089380389793008316,0.99312987368769579,0.79226629580972296,-24.357291807494267,1.2608122871251124,,0.5967106637473495,0.1379310344827586,0,2
0.9026188861580331,-0.42014753403267707,-0.09356920432007737,0.42584336013495366,0.83993890331423582,0.33639273376256351,-0.062742162696260484,-0.34348025903323653,0.9370617549951854,10.798014484085048,8.3127293348850024,-2.0887507188579177,,0.3775802866012375,0.125,0,2
0.58572049947959415,-0.81041729282618147,-0.012462262140495707,0.80531003585978622,0.58015226715974766,0.12206184110079071,-0.09169101718753464,-0.081530107308210628,0.99244425484226906,-7.4150312249984367,18.66415974161616,-2.2698843317356454,,0.07797423780766449,0.4782608695652174,0,4
0.75039265189261461,-0.65831240654219236,-0.059461276291358854,0.65674661458116435,0.73237021204646457,0.17977140134959341,-0.07479807632385721,-0.17395013049619801,0.98190966991806672,11.864208678798803,-19.719179866516416,0.48478644721602926,0.2221880110004529,0.1463848672375924,0.1935483870967742,1,5
-0.22266543873276082,-0.97337724845174678,-0.054376783561127809,0.97062311583441785,-0.22656044772519435,0.081000805764178604,-0.091163969866575642,-0.034743283135967661,0.99522963926678765,-21.066047032867143,-1.567126120569724,0.38217533182000663,,0.4189860916737806,0.3333333333333333,0,1
-0.98062459715663797,-0.19587894578628715,0.002614966353930155,0.19550392884114129,-0.97941731070929616,-0.050199056670872509,0.012394081614118188,-0.048715193529537015,0.99873580924102234,19.276622218935596,-14.985586350275511,-0.064115492516902781,,0.2901234144691496,0.5555555555555556,0,3
-0.95846079814757623,-0.28495544737804196,0.012381091385291134,0.28512940149335425,-0.95611915831589867,0.067360073525338224,-0.0073568212124937608,0.068092203010897676,0.99765190776681711,-12.617837422736278,18.770496014414988,-1.9499604346909529,,0.07344201228521464,0.3333333333333333,0,1
0.20655491857912739,0.96996873888706392,0.12843563054156479,-0.97289997863153654,0.18966653254685065,0.1322582247363478,0.10392640275467012,-0.15227360905125251,0.9828591205238828,-13.529433159800673,14.249224275453873,-1.5308475439724043,,0.4614432387870962,0.5102040816326531,0,6
-0.95497044145314003,0.29362435036593298,0.042616860782776156,-0.29219609049781603,-0.95565355518300954,0.036711403730531882,0.051506316589198312,0.022605825316893573,0.99841678472126805,-7.253390384041924,6.5329590349165638,-1.3143530469785845,0.161511321601483,0.1416246123109064,0.6457680250783699,1,5
-0.43930686054258722,0.88295169894385916,0.16554691060955634,-0.89303223347824257,-0.4492305959680698,0.026178266081504677,0.097482881825872669,-0.1363384354403607,0.98585441053565159,1.0809761416886763,14.692406738011424,-2.4340499730423213,,0.07520375539824005,0.15,0,2
-0.99732122836003301,-0.071186229273932866,0.016819281322125398,0.07167394768662419,-0.99696372993705928,0.030432982321818573,0.014601804184716344,0.0315569636014639,0.99939528984421655,1.245635956567007,-26.152298687228082,1.4744419568889826,,0.09654078481475026,0.1875,0,1
0.99595506668301204,0.0080041482773649582,0.089495467811466389,-0.029254200309965898,0.97064122678947606,0.23874631017221495,-0.084957029801327522,-0.24039871561008186,0.96694920270940887,-19.296380853713245,8.9151245364342859,-0.70791718697700934,,0.1685626693746663,0.3666666666666666,0,2
-0.34733905740015864,0.92990998329504115,0.12092560594260866,-0.93116516042189812,-0.35726734711774732,0.072742605809173508,0.11084684578656813,-0.087335363122074738,0.98999268236058457,-23.791735961453664,7.2040836207000716,-0.27137965741003667,,0.3097316236524153,0.4166666666666667,0,3
0.74497790034357991,-0.66311472125435322,-0.072710346275016047,0.66242020487627673,0.72248330273170214,0.19803370785187824,-0.078787055861624919,-0.19569553834886727,0.97749468341214218,13.664671290352352,2.3374887472973445,-1.6199874163668118,0.3025032335723082,0.2333803782060536,0.3076923076923077,1,5
0.89805177842387363,-0.43648224177789019,-0.054646645663437098,0.43546879481263007,0.86457132608593168,0.25076552963764581,-0.062208777629473772,-0.24899733878610208,0.9665042127498904,-15.931860398058291,7.8616524651067152,-0.84253471909851108,0.5932740718376563,0.5960786992477752,0.5714285714285714,1,3
0.71835229735770711,0.6920240653062194,0.071222678396407016,-0.6936586161685645,0.7047040746113481,0.14909691962369812,0.052987744771944525,-0.1565083392769113,0.98625424645005533,-22.245030217727461,4.7606754680771477,-0.13067609907606917,,0.1073754974037048,0.36,0,1
0.65319712574040267,0.75577953815356569,0.046160639432977074,-0.75430737902430323,0.64418933913602594,0.12665099009868694,0.065984034993051457,-0.11754737364941324,0.99087270730107524,10.374019079472836,-20.174736245899595,0.55687437771846249,,0.08905228462152434,0.3571428571428572,0,4
0.90008801467667809,0.41613522065631586,0.12912414168046252,-0.43569046895593899,0.85695186275024771,0.27533129170117054,0.0039218740865558169,-0.30408055356796565,0.9526382502531846,4.0600553940295763,-21.384042013341908,0.7199539323641726,,0.3120826747291712,0.2352941176470588,0,2
0.50120454201853915,-0.85288524686935063,-0.14622162197360686,0.86209685204319464,0.47756108621946475,0.16948282103534307,-0.074719641040354987,-0.21100275970112567,0.97462547198465332,25.110926689393271,-21.894127930019586,0.52047145057073829,,0.3175328316555855,0.3,0,4
0.13619993650254675,-0.98992563838776815,-0.038688599861885525,0.98561249250759198,0.1314542432326592,0.10624404241698349,-0.10008792089795408,-0.052602399172468881,0.99358713542981514,-5.0377590632488092,18.190532619999804,-2.3700283297743212,,0.161074505468804,0.2,0,2
-0.99765002224201038,0.063365321561964977,0.026062792326710486,-0.062706410814022118,-0.99770958598047021,0.025367066947159258,0.027610490095967933,0.023673150741448701,0.99933840252971018,-0.48277373697610704,28.519230608859807,-3.2834664403518183,,0.195879537122179,0.2272727272727273,0,3
0.99933330507875662,-0.036452238535403338,0.0020444231772467096,0.035300864803022608,0.97902302444721256,0.20066829980440834,-0.0093163460932021713,-0.20046234536189392,0.97965711031333857,-0.55803942941598561,12.322243869960001,-2.1998923699978468,0.5699222362881063,0.535952621060251,0.1683168316831683,1,5
-0.13291923516097529,0.98006368747837436,0.14767411895966406,-0.98383590707059621,-0.14850791319035847,0.10006151946888575,0.11999743698428973,-0.13198700014068285,0.98396140519385444,-14.803321080849285,1.9490807298108948,-0.39492826411104193,0.6875862407952984,0.6217400927206271,0.8697674418604651,1,5
-0.45475928146578687,0.88384797194131814,0.10957535496607228,-0.8795455137449818,-0.46503239462837176,0.10072021245647877,0.13997744522528385,-0.050573060431633121,0.98886231619309917,-10.722612532022096,8.759426554101271,-1.2699059888906539,0.2880064915855301,0.142622843845149,0.4029850746268657,1,7
0.71884566750843104,0.67398768770319051,0.17029827694038871,-0.69311612553628277,0.67606763245400936,0.25004518165644107,0.053394220903863039,-0.29778037741351826,0.95314002329224035,10.946171141501054,-2.9457120034201596,-1.1528963809684949,,0.0994254533961436,0.125,0,4
-0.96162381125299312,-0.27421596352772398,0.0092331456086326771,0.27434616299470055,-0.96144698066530443,0.018811863800679052,0.0037186666096074867,0.020623014234880901,0.99978040729077844,-13.089003024683979,9.1278367865401275,-1.1510016232801714,0.4434859054793288,0.3154210112659518,0.5871559633027523,1,5
0.75734435387727106,-0.65061392621536962,-0.055955774186755979,0.64998028655487883,0.74279901605423537,0.16054671855536559,-0.062890036891825027,-0.15795930097173724,0.98544086707232914,-14.195511382890649,10.175093478684596,-1.1916692457243379,,0.2467051580819058,0.8709677419354839,0,4
0.086122862609800441,-0.97728914983967019,-0.19362016976943952,0.99132640555072982,0.064695823071707084,0.11439583967497642,-0.099271396654635427,-0.20179288412312144,0.97438432957612209,16.403828344095071,-6.5006574898847065,-0.85323217912782845,,0.3497924206850932,0.4782608695652174,0,4
-0.92949166849354625,0.35829764189593311,0.087567334165762081,-0.36452528715514848,-0.92856730863495807,-0.069886109913829625,0.056272135427234513,-0.096879064540514037,0.99370412781079587,-19.766991240624215,3.3533834281999919,-0.16163521743513037,,0.5130152143544559,0.4634146341463415,0,1
0.47453563080320982,0.84221155624089294,0.2559211394795145,-0.87691299860264915,0.42708187239432649,0.22051001599443626,0.076416804303177682,-0.32906043336513346,0.9412118269622628,7.0722456237346538,-19.781651195710754,0.50279010648614963,,0.4539465550691334,0.16,0,1
0.99959476894011423,0.012591905988465102,0.025529234440878824,-0.02053892200056423,0.93999857860721314,0.34055957613826338,-0.019709149921151855,-0.34094591377518585,0.9398762861618486,-2.2112901579579649,10.796547367296942,-1.9843736087550736,,0.2487041592140571,0.391304347826087,0,1
-0.57508798523187399,0.77395464079471998,0.26508116348443295,-0.81279927604083524,-0.57733853100259536,-0.077701721263171999,0.092903961753191572,-0.26014310410249575,0.96109022431740498,-16.650073174318308,9.2371478364941986,-0.91288813912177769,,0.3501128963096971,0.2631578947368421,0,1
0.92174037733577507,0.38552787934309019,0.041987272334869701,-0.38744839202716108,0.91081515966286186,0.14247627326640158,0.016685931333609981,-0.14759403503371976,0.98890726588391231,9.6299990369690054,-7.7374058155727807,-0.70293237153184907,,0.07675161817522817,0.25,0,5
-0.87499099392593027,-0.47211857441013977,-0.10721386218885029,0.48328348013305999,-0.86491865320523964,-0.13547251074706035,-0.028772180643648108,-0.17035191526534549,0.98496313970952099,-14.556437660405312,24.663914122362211,-2.2666356737810189,,0.2004012168066425,0.375,0,1
-0.023327666267460058,0.98319265736547379,0.18107462132815128,-0.99482312487385394,-0.040748738419358693,0.093093987633208378,0.098907887464727881,-0.17796555515000664,0.97905336472401516,-20.44072155931849,-0.97807326148599438,0.27756455336476515,,0.6669544420227655,0.6774193548387096,0,1
-0.81455044963303191,0.57314088484182057,0.089538210420819248,-0.57532508819342376,-0.81792303520358878,0.0017179576769774177,0.074219996617197609,-0.050114215608806696,0.9959819062091736,0.19037583456820459,19.471746427892839,-2.7421812409969153,0.3656271288834377,0.3283272090176511,0.6853932584269663,1,5
-0.99231259679021466,0.10739279649869261,0.061502012256918134,-0.11484795871590207,-0.98425529456260663,-0.13435572747101515,0.046104843891397476,-0.14038626138502894,0.9890227707106054,-8.3964813416222182,21.783734751630227,-2.4479270662834125,,0.4247209126761023,0.1724137931034483,0,5
-0.96039516814175596,0.26714525863003658,0.079211942290664777,-0.27289459245321501,-0.9592187405913557,-0.073674616443707444,0.056299755059523608,-0.092373256356072353,0.9941315401346108,-15.517501110717047,22.486679828564093,-2.0269619227597597,0.4961343339901023,0.4758320006447172,0.5368421052631579,1,5
-0.948599750655575,-0.31645237146816824,0.0040508824166851755,0.31622708776908182,-0.94725923839871784,0.051965028907590652,-0.012607220838347017,0.050575012214073532,0.99864068919821192,-16.187058854993012,3.6112871166912575,-0.44127929470321209,0.1441944200574059,0.1077585913882752,0.3114754098360656,1,4
-0.40040776071716339,-0.91631594694791241,0.0062217783967040566,0.91269938115508209,-0.39820461794733292,0.091721981468724539,-0.081568773416040657,0.042404806500788969,0.99576521710141774,-17.216214322991991,7.1766689602882074,-0.69896190417803794,,0.07793683600997886,0.2307692307692308,0,1
0.20678051305530576,0.97053881110334372,0.12367795099650039,-0.97406641897864565,0.19234859189354925,0.11914961441266264,0.091850045393031154,-0.14510835723236978,0.98514320472843997,-23.004581689900618,-2.1200468698148915,0.60728348621202899,,0.8097297636319675,0.6363636363636364,0,1
0.62681011171312029,0.75431327707324158,0.19524488184127473,-0.77734490716008575,0.58823887008783249,0.22295723139218376,0.053328971173871205,-0.2915244616645703,0.95507565620987267,-14.493283547178232,19.541984783739391,-1.882486880883476,,0.2518486532536943,0.2142857142857143,0,3
-0.29037122481056787,-0.9550958926835067,-0.058960898747452598,0.95387422640641195,-0.29380621943904034,0.061659270320921541,-0.076213594585091249,-0.038337203836941218,0.99635422757289727,9.2199823095096196,-22.07754881409404,0.75452974141290075,0.2836439680406851,0.2463900710509441,0.2941176470588235,1,5
0.28672355952410156,0.94395591741229556,0.1635139944963182,-0.95236583070534087,0.26234536252129675,0.15548065882448797,0.10386974977709564,-0.20030510913574401,0.97421195760232926,9.4746577470960549,9.5671597565545721,-2.1582283091194796,,0.3780359707441417,0.15,0,5
-0.97418982305127422,-0.22569809604710853,0.0038155083590199874,0.22572403220795004,-0.97389699215964631,0.023943891625606867,-0.0016881786374482182,0.024187147477629935,0.99970602276358411,15.445627653550455,-13.68244093608881,-0.16796820746830041,,0.09116735307662281,0.2777777777777778,0,2
-0.80878840434220889,-0.58809832564163844,0.0012947505881681018,0.58672861351892869,-0.80675053322487311,0.070022219470239358,-0.040135409300761232,0.057392826371283491,0.99754459168569309,-8.9043844725943124,9.2959071608214661,-1.4233227446751495,,0.08331104242646806,0.4383561643835616,0,5
-0.76187789168968234,0.644599641516579,0.063508899464426019,-0.64364568765620023,-0.76441783089428039,0.037223763545082542,0.07254175980813754,-0.012517266777586267,0.9972868248986132,18.716097689117323,-10.737217016732377,-0.48719773120242665,,0.4438335671729107,0.2,1,5
-0.46382365196186248,-0.87799395283244774,-0.11829724709567359,0.87817796838668538,-0.47327211411827841,0.069404335874992715,-0.11692337542593746,-0.071694663592689459,0.99054974609624535,-17.145754041339316,3.2234883470022009,-0.3604416343192306,0.5579931039777387,0.3477179139267035,0.6818181818181818,1,3
-0.39354366570286115,0.89668248844066378,0.2026916330513297,-0.91171921028213287,-0.40895864499504059,0.038998824166190382,0.11786205830410321,-0.16945011539589017,0.97846573450716234,-21.958827075198464,-2.1718520902270546,0.50093016463084761,,0.2502017597231528,0.2272727272727273,0,2
0.13012047467194515,-0.97460452529887298,-0.18224895428535745,0.98638384707325166,0.10859806395035045,0.1235045211286097,-0.10057618159444748,-0.19583789156645412,0.97546499266897646,16.63218240359409,-13.689518799413715,-0.17355888828132696,,0.146444141907977,0.2105263157894737,0,4
-0.6299808649184695,0.76852267356278647,0.11179002664139857,-0.76780156667583521,-0.63796789773351115,0.058972160140340325,0.11663989046081329,-0.048681225142677066,0.99198048079178358,4.5055725755517697,26.206747076050089,-3.2877478886423486,,0.3187716982950287,0.8148148148148148,0,5
0.65493024124466326,-0.75216400265667338,-0.07290879378167954,0.75044795692579691,0.63601007453277181,0.17977499558813864,-0.088849552891979613,-0.17245433656568354,0.98100217061461448,-2.4695210458169283,13.482080225563164,-2.1600412176406114,,0.08873477761938189,0.4482758620689655,0,5
-0.99777849049700251,0.061045059385732479,0.026675543595491256,-0.060576096836550596,-0.99800038616143694,0.018048980959338896,0.027724003923881323,0.016392984664610161,0.9994811902483276,-11.450433660246844,10.804374467481905,-1.375650207190249,,0.07065287235389275,0.3181818181818182,0,2
0.87105533348672204,-0.49113627953802153,0.0069109280046785113,0.48590176913345651,0.86365912554572066,0.13413569850930132,-0.071847593956322051,-0.11348158345366662,0.99093887473422693,-4.4654011211165257,15.857609789079909,-2.2571544010920608,0.2112164755906879,0.1730886539060048,0.5529411764705883,1,5
-0.1756022378439667,0.97729926907496345,0.11853266524352128,-0.97913420036388576,-0.18589003529763301,0.082104277932504355,0.10227449213740482,-0.10164169145870461,0.98954984453308303,-4.75128372935123,10.374970643086673,-1.8354287289270832,,0.09713281524024736,0.4148936170212766,0,3
0.42095353931438106,0.9010158815440894,0.10473060175528988,-0.90369196769517701,0.40660248747741284,0.13422088026980439,0.078351421569214208,-0.15114495817760362,0.98540157111483007,-6.8198117236155635,20.124326463217198,-2.4232682839145459,0.219895463856102,0.285627102307502,0.2,1,5
0.88322492140694975,-0.46893341816193518,-0.0038971190192850168,0.46440270098031611,0.87347657363847753,0.14618073274878451,-0.065144988509277454,-0.13092029879185327,0.98925022407699115,-20.209208252977511,0.082989130612981202,0.17960568380526057,,0.1067528711885243,0.2608695652173913,0,1
-0.33229837378649862,-0.93851313501097333,-0.093653009512366631,0.94090152331295773,-0.33674852966096741,0.036121339932684349,-0.065437865232634673,-0.076115196794408327,0.99494942716237811,9.2010405575705487,5.1761221096243739,-1.8367217501895272,,0.1293242959201925,0.3333333333333333,0,4
-0.99449325335133743,-0.10405416252269785,-0.012486004179566001,0.1045962482408359,-0.99292117595778384,-0.056277554926922289,-0.0065417041062424538,-0.057273637882635592,0.99833708561340884,-12.413989326322406,3.6221726335514219,-0.7580675040424083,,0.1816136971133039,0.1694915254237288,0,4
-0.026447766525304593,-0.99788858244491874,-0.059320255157018005,0.99495844900874375,-0.032019775849130891,0.095039037772310125,-0.096737791952980559,-0.056507618784037907,0.9937045278287806,7.9479337714943625,-11.890163059715338,-0.28869288657952374,,0.1120781278679693,0.3684210526315789,0,2
-0.76373192819276736,0.61481402077385605,0.19676702396194853,-0.63874840522843379,-0.76382033467085253,-0.092622735661602021,0.09334889756761966,-0.196423563258564,0.97606545227239672,14.42448062573437,-1.1617127771180205,-1.3441217568893038,,0.5614545018275935,0.3174603174603174,0,3
-0.64610434300510067,0.74527486932817222,0.16466495406680678,-0.75990324557123246,-0.64830191859417385,-0.047451867375485658,0.07138792138908949,-0.15578829062220773,0.98520747722738888,5.5943907543628439,16.485540127155303,-2.6629060666215509,,0.3444027838525999,0.2972972972972973,0,6
-0.97070931666858518,-0.238945616431186,-0.025068205383095905,0.24015723842672951,-0.96200374533781208,-0.12989724703498831,0.0069226702980535503,-0.13211277888358228,0.99121051764577328,16.845625739570306,2.2342645502255292,-1.672725270487242,,0.5228265052021019,0.5384615384615384,0,5
0.17691135067986313,0.91919328335720507,0.35183246273137864,-0.97981663430918986,0.13067903276057419,0.1512691426820795,0.09306845400906287,-0.37149252782224434,0.92375947336988162,10.261347518575267,4.5147412484870122,-1.7881166640919088,,0.3273791966545174,0.2857142857142857,0,1
0.057876108135451694,-0.99495233288023255,-0.081976895545488204,0.9933515845493277,0.04920812843091512,0.10407300115623459,-0.099513745685872623,-0.08745521935544473,0.99118545137984038,12.12727048871117,8.6189900094767591,-2.1257417152793838,,0.4877321684631997,0.2666666666666667,0,1
-0.78067050731314536,0.61070980868708913,0.13261632095943363,-0.61994904807293982,-0.78356770723089042,-0.041046631754399446,0.078846285929600579,-0.11425925677293929,0.99031716406250525,-21.843389985576884,2.9581053024088799,0.0099992347690253704,,0.3504817428258372,0.1666666666666667,0,2
0.83841669193904156,0.54337413971319992,0.042449911294770826,-0.54373647839654093,0.82852411085936639,0.13378505068064911,0.03752456180852555,-0.13524918489823107,0.99010078539785129,-5.8155540444832603,14.750105973503455,-2.0867749774408337,0.1525894521629242,0.1298495347969196,0.5061728395061729,1,5
0.98238934581105508,-0.18676411886533353,-0.005507916246753522,0.18424417660787806,0.96339048199082677,0.19476360695870726,-0.031068579352952125,-0.19234849392167419,0.98083474666380532,-8.5410766513852732,13.044966669458004,-1.7317093212672343,,0.1922090305158183,0.2929292929292929,0,5
0.90573696430715778,0.41930159950296508,0.061860489344246421,-0.42304282935635901,0.8854034271585951,0.19260201376408459,0.025986843167669228,-0.2006163997036863,0.97932514730916098,-19.215325097259694,16.553219213173303,-1.37035165873666,,0.1519060955404382,0.48,0,5
-0.18236018759373121,0.96873806284554365,0.16820026032988872,-0.9780605866261739,-0.19624899835256646,0.069884329674671716,0.10070874276468238,-0.15176592581959092,0.98327252218847194,-21.267692130854186,7.5412565962656366,-0.46212556585689196,,0.6545955681385708,0.375,0,1
-0.76774114415352557,0.63791581928500296,0.060307073215167865,-0.63577227392720392,-0.77010400318662753,0.052282310405753825,0.079794431380069045,0.0017977157380015601,0.99680971952467301,0.018308443335355858,17.330775848146647,-2.5691595970118564,,0.0820691146329883,0.3103448275862069,0,5
0.99350440583161059,0.11185280749655548,0.020927136648787505,-0.1127245855548224,0.94223536074503578,0.3154135266173056,0.015561600324904204,-0.31572373115876273,0.94872354359872246,3.007754478725654,-26.584142041679204,1.4055082928356692,,0.5060696611514425,0.1666666666666667,0,2
-0.015433622882104927,-0.99679544920477037,-0.078489717348158558,0.99430420975548295,-0.023579358488800675,0.10393821393395977,-0.10545587583087973,-0.076438513184895696,0.99148182633612858,-4.0172343546363294,20.529094805064851,-2.5940050761596338,,0.1700687725662844,0.2142857142857143,1,5
0.950090252579603,-0.31042166508017222,-0.031095044654708914,0.30727470782010596,0.91387890665507332,0.26534430068308373,-0.053951514226140695,-0.26165575441747813,0.96365216768963124,10.408640293494015,-8.5366936221364096,-0.6453545020737097,,0.1789469513798163,0.1481481481481481,0,2
0.78964304043676792,-0.60997807075383026,-0.066261767930017756,0.60876341079582341,0.7653931359855396,0.20875932808489292,-0.076622309845186504,-0.20518309039893057,0.97571969389181246,8.1555198418723958,6.9829061438053426,-1.9735917667887455,,0.1033162889045667,0.1818181818181818,0,4
0.5775368262981847,0.80870892473780698,0.11153963115789646,-0.81351739090303143,0.5587241926643618,0.16129702796356693,0.068122455679043792,-0.18389440334326643,0.98058257146008831,-14.113105916349991,11.260943401332735,-1.270985294989327,,0.2228633306835658,0.3157894736842105,0,5
-0.056560352056422042,-0.97765929690310704,-0.20244314202801753,0.99375597983450825,-0.074660660873859877,0.082914644430492637,-0.096176811750079,-0.19648940148720734,0.97577760580205397,10.379380457852999,-11.658776980636732,-0.34812066605090519,,0.3982019194375794,0.3846153846153846,0,3
-0.53427443416474885,0.84162812330104142,0.078822148325863914,-0.8400624746537908,-0.53901866988427449,0.061269178179049054,0.094052472995058325,-0.033480973476802817,0.99500409885515506,-14.790191869124138,3.9230720635959564,-0.58167797293842816,,0.1264664620228015,0.2903225806451613,0,2
0.9965437219424671,-0.080609589928937464,0.020067492831515613,0.077708182126888681,0.98999496816995458,0.11777691381889806,-0.029360665653024278,-0.11581043566820041,0.99283729497977269,-21.666466540143318,-0.12376393836399315,0.28492097430666546,,0.08470497950748207,0.3076923076923077,0,1
-0.91921787985430148,0.3913367034805203,0.04352095891821936,-0.38921503483036196,-0.91979085161468987,0.049964446838953326,0.059583101783660636,0.02898920135019014,0.99780232520620771,-18.36233140802689,2.9753356253822165,-0.26899208629339766,,0.08002022052698866,0.2333333333333333,0,2
0.025179960007894454,0.99420146363009287,0.10454386318565582,-0.99514042268358727,0.014970055161635517,0.097321305938564154,0.095191957407812791,-0.10648637079099782,0.98974701013977817,-6.9998406676205764,11.735889754057716,-1.7708634105369219,,0.1135938013731055,0.4523809523809524,0,4
-0.86077104015265316,0.49760844170985546,0.10704697648046532,-0.50367259101766915,-0.86305130529558949,-0.038162356912636745,0.073397121824139322,-0.086765679658890496,0.99352130291265706,7.6383468020603011,-24.204490216501444,1.0149183152893351,,0.2793171460181582,0.1818181818181818,0,2
-0.97616728448043277,0.21078527339280559,0.051643017251316883,-0.21285993651368393,-0.97632032457986617,-0.038591077202594082,0.042285696606417594,-0.048664076411521429,0.99791969994059404,-14.071868420623831,6.9009697685226792,-0.92343524675900501,,0.1355908319596127,0.4727272727272727,0,1
0.05392481065303599,0.99660225583949258,0.062257999097874349,-0.99415512473674617,0.047743369280460538,0.096830566710186999,0.093529154575996323,-0.067115678834280434,0.99335179211541902,-2.3276809913473615,19.981330741740912,-2.6280726862184185,,0.07994258543443507,0.15,0,4
-0.72695792554435978,0.66284204771406152,0.17936720511417517,-0.68161914543276125,-0.7282066508203745,-0.071487161647981329,0.083231695091190522,-0.17422827980325781,0.98118142636774586,0.75754379753857259,16.220128598573176,-2.5065923119380376,,0.2138167666235931,0.3809523809523809,0,1
-0.39861524405247933,-0.90459437698954848,-0.15104602056284999,0.91549413857489992,-0.40227281967147255,-0.0068600866295059956,-0.054556112801260548,-0.14101628158639462,0.98850292811076801,11.510404719825733,4.4321608730095887,-1.7848106407812108,,0.3043105357944381,0.2272727272727273,0,4
0.95198305956105045,0.3025111914025661,0.047066265891637579,-0.30558986820277279,0.92964145102218865,0.20586793094887873,0.018522601345228405,-0.21036575676083868,0.97744726794945103,11.036284306777246,-5.5281388621365508,-0.91341029186337508,,0.07951252291990897,0.3157894736842105,0,5
0.8970472178370289,-0.43195701896641098,-0.093377849281812447,0.43998131325127504,0.85307445291319339,0.28050030619687055,-0.041505818393672962,-0.29270652803192915,0.95530108106657341,-0.098786091970401252,-27.27672484783125,1.709969923351832,,0.5473992776173825,0.7209302325581395,0,7
-0.71987482152256488,0.68451999521488127,0.11494615038736472,-0.68541138664031032,-0.72717081229786174,0.037866090448776077,0.10950558160049463,-0.051526555222399371,0.9926497578225919,-7.5649175954123269,27.71076346551013,-2.9418697484761385,0.4398799512302526,0.3799101185302139,0.5714285714285714,1,5
0.65020474672556949,0.75897376662611282,0.034534170163887649,-0.75724136044849966,0.64368296402557112,0.11071478604666968,0.061800561175790421,-0.098137981417112746,0.99325204618049046,-8.1464785145605312,15.909106812343992,-2.0022908636109507,0.4300229443464458,0.3902926864757826,0.7627118644067796,1,4
-0.3675832946035647,0.89423626329534867,0.25538995073409493,-0.92180184824259837,-0.38670134475379492,0.027265776023037581,0.12314168305216881,-0.22539648482880356,0.96645359460343461,-3.3213548053542064,18.958530946986773,-2.517692170862734,,0.3183621522465768,0.2203389830508475,0,5
-0.58021902883465937,0.80836293477214238,0.099474842370989427,-0.80832819539098077,-0.58649868375746605,0.051233021448272777,0.099756739692736657,-0.050681945871562085,0.99372024898788625,-13.485609250923073,4.6095051668806839,-0.76560909793371479,0.8154912277120977,0.4986989960609369,0.8868421052631579,1,4
-0.59218722038472127,-0.78413336647384779,-0.18560484798465968,0.79641351150023387,-0.60460645527081924,0.013287322707069857,-0.12263692230680336,-0.13994962603467537,0.98253462405142233,-1.2498786112968439,17.864225921774448,-2.5376642356268966,0.7946760551482021,0.3170655893430555,0.5,1,5
-0.86158419734441316,0.5037482782492454,0.062532735805383655,-0.50295951141776629,-0.86382581406404435,0.028925643138819707,0.068588634341169796,-0.0065295572218611597,0.99762365856153457,13.361856835404092,-20.544945187616236,0.57872488607825257,0.4354456989122035,0.2213740294119455,0.64,1,3
0.53048153567735878,-0.83600182937457412,-0.14032206379524018,0.84702186268275637,0.51614399026864599,0.12708007494092943,-0.033812785197668206,-0.18626948915999103,0.98191668331139537,-0.66332822986589013,20.738761585853776,-2.7752822439182534,,0.5354275207458272,0.5256410256410257,0,4
-0.46652508525682934,-0.865888026789432,-0.18053329302046478,0.87953499793846612,-0.47574951279266386,0.0089771086061200024,-0.093661797054568938,-0.15459730314674897,0.98352790587367767,-16.412038585070245,5.6370756234419179,-0.6206547022147576,0.7299509143692098,0.3840360507100846,0.3157894736842105,1,3
0.013194927325283897,0.99831691486259544,0.056473280337795355,-0.99508519244401772,0.0075670379724334475,0.098732971772234474,0.098139460318128785,-0.057498499420023955,0.993510225862277,-9.9060338882265064,19.794660122867256,-2.1775403973436092,,0.3333465580326941,0.673469387755102,0,1
0.16160031163975283,-0.95976525558783965,-0.22964318723695049,0.98198903681817251,0.13330586822524695,0.13389203510900877,-0.097892138840939044,-0.24714408684636466,0.96402122875485674,13.077394144484581,0.023144650831869902,-1.4370176402721071,,0.4056116392302049,0.3170731707317073,0,4
-0.9694800997385572,0.23581007263061279,0.067096541318191039,-0.23794714960109498,-0.97093643156890908,-0.025760431847087692,0.059071907093242532,-0.040939656791178468,0.9974138831469056,-10.884504218178666,17.491969142218728,-1.9365373358585725,0.282707813492705,0.3206123766845568,0.5084745762711864,1,4
-0.93178602620990181,-0.36268594790903208,-0.015287398381896763,0.36249297059809066,-0.93188108552182947,0.014017443191557698,-0.019329967070117703,0.0075196832369143476,0.99978488023028456,4.5229095589126684,20.503069706425695,-2.9270283842259808,,0.2221534072528204,0.2727272727272727,0,6
-0.94552071466679199,0.31916516932251221,0.064219723039978041,-0.32207963009533314,-0.94580201353843352,-0.04151220379958389,0.047489893805446909,-0.059934513245517004,0.99707199544885949,-5.2066860164295772,25.444693344363564,-2.8921271620106603,,0.1683546074654618,0.2222222222222222,1,4
0.55649494242651132,-0.83084882387586212,-0.0019002415139914883,0.82542275683251443,0.55259670985915765,0.11538695227731066,-0.094819046381654254,-0.065780757953459015,0.99331880095281733,-3.6317109106902801,16.310291428033111,-2.31790475402275,,0.07266127440062435,0.1111111111111111,0,5
0.93609764689504649,-0.33951833213451554,-0.091915709332812859,0.35113906917536486,0.88675517558629369,0.30061040013542456,-0.02055601070771151,-0.31367588481666647,0.94930758435201912,-13.891113811782354,12.740422312142194,-1.3841778732996823,,0.4297634491829484,0.1578947368421053,0,2
0.76082973591902681,-0.64387079714145123,-0.081046341865733756,0.64273934062898341,0.73040794457173197,0.23106357245208145,-0.089578194607864606,-0.22789170914039678,0.96955717518662354,-3.1726969676219174,-27.915970512602321,2.0132451106096831,,0.1771572938588112,0.1515151515151515,0,3
-0.82580043420625571,0.53605903794256671,0.17519803282243052,-0.55918244947228568,-0.81864987167721559,-0.13087160045270707,0.073270942855501148,-0.20604148961548577,0.9757962253924215,8.2867721198166855,-3.9578842110216659,-1.0737623748416734,,0.5003782672024493,0.3611111111111111,0,1
-0.53685270688472098,0.82897360885139681,0.15681813332150307,-0.84102041398856364,-0.5405730219536693,-0.021574781351937869,0.066886727869242477,-0.14346973117619802,0.98739181780647567,-16.505829141033082,0.8811489459436721,-0.21343712093040379,0.7981437526708102,0.6080588604175153,0.1555555555555556,1,2
-0.098923901842575337,0.97906752680799114,0.17787872158953,-0.98757821676771762,-0.11852526097075171,0.10315535990781659,0.1220791849994768,-0.1654646199702528,0.97863074350235102,5.5829270029724389,19.422142040268668,-2.8542653505052007,,0.3955410170915638,0.7831325301204819,0,4
-0.020594313387151394,-0.99249006075532065,-0.12057924182052704,0.99709457030644411,-0.029235565512286236,0.070339886085959244,-0.073336840138641779,-0.11878030565324441,0.99020853706045275,7.3147497011174076,-9.2546476357674781,-0.55462330130517712,0.5656855360087554,0.7999391148858821,0.4612403100775194,1,2
-0.96908614764304868,-0.24668777464231362,0.0041449111423822313,0.2467001936130892,-0.9686350304832011,0.029752179618845135,-0.0033245928501797329,0.029854975512145398,0.99954871192931327,-14.533429944557144,0.10087569692643077,-0.25719664440078049,0.4515456610922335,0.5430505978991322,0.323943661971831,1,1
0.71871668595236571,0.68801157880108976,0.10043103489101722,-0.69334950825046304,0.69836153938866086,0.1776446444775108,0.052084400183643381,-0.19730997881083465,0.9789565810183708,-4.1195744459085439,11.440938619104331,-1.9680289772291046,0.2735575483644939,0.5634793318931606,0.6120689655172413,1,2
-0.69280215089093899,0.68698319613017533,0.21926985190777393,-0.71568724755230739,-0.69229928145194874,-0.09226845935701411,0.088413479808738385,-0.22085242388500953,0.97129154400325401,15.277505605087793,7.5897350717387679,-2.0699658395229932,,0.474727676021126,0.2352941176470588,0,2
-0.17305511760240738,-0.94491415573200221,-0.27782938031981808,0.98049076655788936,-0.19198046046625672,0.042206154692011735,-0.093219005392349966,-0.26510515101831039,0.95970280604842406,3.547573026836115,8.2048979475414363,-2.0537499281864098,0.6722653655478448,0.7806522586709138,0.3717277486910995,1,1
-0.73288569977740692,-0.67174975552404648,-0.1078462656523802,0.67609571247575051,-0.73679560122610932,-0.0051797283483482866,-0.075981172889652226,-0.076710546649331177,0.994154089363954,-18.660201429055334,14.915382232321683,-1.2432492873844367,,0.6188172514971868,0.1,0,4
-0.79696884692886016,-0.6009626451478709,-0.060700544987308751,0.59894319613757918,-0.79927168422006456,0.04931351340679116,-0.078151806283562303,0.0029451554958296118,0.99693711999991297,-12.954480879817012,20.106367824214722,-2.0386135060937995,,0.1314003362642868,0.1538461538461539,0,2
-0.62261865867343669,-0.7769152183781477,-0.093534749286695668,0.77993625140409739,-0.62582497562173856,0.0065225481043916815,-0.0636038490770372,-0.068890081582798163,0.99559464996659153,-10.592779819600906,18.777061741985911,-2.0698412273869531,,0.2413133240836435,0.375,0,1
-0.56004572125935881,-0.79907623302554032,-0.21869148111619979,0.82554339036662028,-0.56041524595833325,-0.066429381447119379,-0.069475900289746415,-0.21774279761033041,0.97353026320076763,8.2796538556228345,14.854041554127342,-2.5544317918681845,,0.3234779300452975,0.2380952380952381,0,1
-0.96258435172674506,0.26788183484714312,0.04087405497049254,-0.26777443682679564,-0.96344688676355239,0.0081821371115257304,0.041571826913129724,-0.0030690299033138278,0.99913080438076673,3.6219120217908647,23.968966239401404,-3.1275776075336492,,0.1525009357946512,0.3125,0,4
0.014830845604933992,0.96258560171826391,0.2705716270848264,-0.99506585214892807,-0.01234080445712479,0.098446200701083897,0.098101966880229721,-0.27069662707547498,0.95765303747452868,-12.924998641968301,2.4707731538199003,-0.60526356379857515,0.2491032365972066,0.1433793670602639,0.2285714285714286,1,1
0.99757316851573852,0.064073177665274594,0.027247043167021829,-0.067997384882529668,0.98068716059673977,0.18338224747734574,-0.014970942074850108,-0.18478993734665181,0.98266400664154441,12.161463309280434,-5.1002022412277439,-0.94444399171879745,,0.07348332276798573,0.2173913043478261,0,1
-0.80110343469232281,-0.59807503700375964,-0.023227936566012658,0.59707607314969191,-0.80126042764598659,0.038495323881138493,-0.041634718640900743,0.016969891028568437,0.99898877521330087,-18.85622179569172,0.39979461291595225,0.056005913947807753,,0.09488303125344738,0.2857142857142857,0,1
0.75647587597508514,-0.64647891673299585,-0.099041704788749782,0.64917346149884925,0.72380409263595347,0.23384065593700271,-0.079486262670547578,-0.24119006136899215,0.96721729117271882,9.0700409708870087,0.67460891809852142,-1.4747686255728132,,0.0989945351302606,0.1818181818181818,0,4
-0.93374866219607733,0.3364633900827797,0.12208940568713937,-0.35363362284387995,-0.91990252727238531,-0.16947743540716656,0.055287400385152417,-0.20142424742786336,0.97794252178068741,1.3911424426203816,-30.495528708034396,1.9891011663248588,,0.3219937817586958,0.125,0,1
0.99730347218847704,-0.070747693388564653,0.019507645706339834,0.067232268327422157,0.98734735776935623,0.14361412605109233,-0.029421190600584735,-0.14191532329550313,0.98944147606494415,-7.4039328836593521,9.5689449281865961,-1.5558765579197016,0.8811610762563191,0.9800453483025376,0.7574468085106383,1,3
-0.83790082431022817,-0.5457109795775783,-0.011033376125199388,0.54465706843401573,-0.83726115884983265,0.048398653765356868,-0.035649494037139434,0.034543865590216848,0.99876715751219058,-18.2392411828306,-0.53836374188457647,0.029849274122721172,,0.08417328426043211,0.28,0,1
-0.63765404364484302,0.72547370049651594,0.25900816688141765,-0.76323342998080079,-0.6405139924987302,-0.084950319440709979,0.1042691324559812,-0.25185260630223388,0.96213211811873789,1.0259661671525275,11.949296802809577,-2.2584958036731879,,0.5970517453979932,0.4305555555555556,0,3
0.38550884232783167,0.88440327711223909,0.26308511155173064,-0.91900703087761249,0.34252764544886616,0.19519449095906871,0.082516723665989111,-0.31702626947366253,0.94482026585961987,-6.7255698381903493,-36.856880049862411,3.2773152431882235,,0.4476250527975949,0.1538461538461539,0,1
0.43852321564933316,0.89210500373790214,0.10883956836723301,-0.89442345571421389,0.42138693663720239,0.14979897028937469,0.087772838650752832,-0.16303898900971953,0.98270759478996417,-12.848668876884931,7.3851297210014843,-1.0454947182060461,0.4605870240029906,0.3075345388732603,0.5172413793103449,1,3
-0.33279107056738588,0.91402910782716418,0.23195019593717231,-0.93768477107414794,-0.34682886836162852,0.02137770255700791,0.099986866368723837,-0.21038185785773317,0.97249272513376284,-13.238315028956837,11.487548586847208,-1.3314256146128383,,0.2417982246282742,0.15,0,1
0.064689399515112059,-0.98833307888625921,-0.13788765996122351,0.99417117117599041,0.051886407200467707,0.094506524379997181,-0.086249428942654208,-0.14319750670676859,0.98592875507311939,-0.99235526217789738,-25.806378034706661,1.5669830234496664,,0.3244938111041584,0.40625,0,4
-0.11287372006406769,0.98574691821544103,0.1247498959825583,-0.98854067040199112,-0.12407486141403089,0.085981228918124639,0.10023405748586837,-0.1136153246435079,0.98845571055362402,-15.121604922780906,4.5893533693917021,-0.61192421962772492,,0.06682823766646478,0.4545454545454545,0,1
0.95323643841673289,-0.29527831755051459,-0.064428314110483068,0.30219389356718201,0.92814064844621869,0.21733335545318111,-0.0043752903090228503,-0.22663991679836457,0.97396879054122742,-5.9479302242692178,21.759370909219765,-2.5668213440173053,,0.6131940563662955,0.2083333333333333,0,3
0.40461707038594441,-0.89782717921901078,-0.17375667644130907,0.90918115170952107,0.37450532584505852,0.18203130030254416,-0.098359848151795021,-0.23162926665108743,0.96781879662581194,8.9325295173221306,-16.101848284867597,0.12216987333434991,,0.1855357467606096,0.1,0,2
-0.093734549512001303,-0.97284694963762097,-0.21161910785314,0.99096000215560909,-0.11165720213989658,0.074370312208876091,-0.095979728878225201,-0.20273500386234969,0.9745185528523278,6.357142388483644,-13.598635395633911,-0.14767598080830016,,0.6318661300292705,0.2285714285714286,0,1
0.94881098018357579,0.30694986869047025,0.074427830775758458,-0.31360638947091674,0.88755414685572798,0.33748876852751114,0.03753340333752727,-0.34355409255327385,0.9383825601127711,3.847742720760428,-24.716858138109124,1.1605552966155033,,0.421078340248399,0.28125,0,2
0.059575887296894739,0.99345666632111596,0.097440062576556297,-0.99350225609420606,0.049528111217369247,0.10247064621130704,0.09697412432453642,-0.10291170167369407,0.98995212049377124,-16.167382917547606,2.7637003549551378,-0.36481802084650894,,0.1019130104309939,0.35,0,1
0.77130902324717976,-0.62832855090797712,-0.10141805939458169,0.62847914420981588,0.72674781500523644,0.27722117285375503,-0.10048062475312619,-0.27756232723299445,0.9554385372959503,2.7186195767156747,23.772034754627672,-3.0841376368487148,,0.3670035273279377,0.2777777777777778,0,3
-0.13322904284992437,0.96909256747761641,0.20762855728664811,-0.98598430945041027,-0.15082979053656798,0.07131140024072237,0.10042391975466043,-0.19521775008010134,0.975604974564384,-1.59697077778883,-24.676218837799148,1.4726634002428505,,0.6163719296787473,0.5384615384615384,0,1
