axis_00,axis_01,axis_02,axis_10,axis_11,axis_12,axis_20,axis_21,axis_22,location_x,location_y,location_z,dbh,dbh_approximation,score,reconstructed,number_clusters
-0.20808345411862478,0.9734199411696598,0.095681211610845016,-0.97783064145396537,-0.20468378198731443,-0.04417902245520261,-0.023420349181640099,-0.10275294411658797,0.99443115383599301,10.810729848030922,17.209235027007274,-4.9260752376809194,,0.1126046099652549,0.2307692307692308,0,5
-0.80312015958659111,0.59420192405356353,0.043841563802547244,-0.5957675649414288,-0.79992769230455296,-0.071949257453249274,-0.0076823062533514924,-0.083903280837858099,0.99644428927826878,9.142997678370584,4.3837167838405877,-4.9176513466518266,,0.1171224014834366,0.4035087719298245,1,5
-0.20142848946165315,0.97770362946768286,0.059347928008626587,-0.97903613299202941,-0.19909159571287716,-0.043020771872591297,-0.030245891112843291,-0.066769375032425554,0.99730989999526687,-4.5210895192155238,8.8889660766704193,-4.2930234938552161,,0.1444339111785346,0.5428571428571428,1,5
0.98924214586324144,0.14458639833230999,0.022242982380531826,-0.14485610378259142,0.98939130254973884,0.011025408648175921,-0.0204128891834836,-0.014128830674289329,0.99969179755510695,0.95059526147408757,4.2284343513325675,-4.57706695466059,,0.1291094687018509,0.675531914893617,1,5
-0.99163404864876992,-0.12868648857132303,-0.010084702258054669,0.12862306391350897,-0.97852020937592954,-0.16110340552697727,0.010863746589103,-0.16105274757690743,0.98688600735240839,16.335664030857231,-7.383575636634272,-5.4240608373848991,,0.300715094021642,0.4081632653061225,1,5
-0.18294372067239498,0.97122318895139048,0.15250282721848787,-0.98144033848519485,-0.17134704336600542,-0.086110700402413448,-0.057501800498825133,-0.1654258382865853,0.98454448094871427,-0.41505367535106519,-7.3420600293691045,-4.7499149065588044,,0.4480839921955767,0.841726618705036,1,5
-0.46744606729334781,0.8810918948142884,0.071911383414244329,-0.8836745729400326,-0.46343499894954288,-0.065933685532422792,-0.024767384020811335,-0.094366703032396609,0.99522937157600067,10.652508369443442,-3.8232589600716427,-5.1065739897361677,,0.1684317128200697,0.3333333333333333,1,4
-0.71320249799655222,0.69620786022556458,0.081466632504483646,-0.70091680582849503,-0.70706678223901431,-0.093660006199808118,-0.0076044828002879922,-0.1238998822207221,0.99226558492524219,-18.791463188993891,15.001950064928764,-3.6222652298323568,,0.2048503491722427,0.7727272727272727,1,5
-0.91328460259184219,0.4067626325111332,0.021339996749622683,-0.40731565789838281,-0.91172307026458876,-0.053432181109506247,-0.0022780472929120692,-0.057490903105832651,0.99834343117015933,4.2563785701572074,5.8851925998879224,-4.682549070600917,0.1259404548718088,0.1472118996617391,0.75,1,4
0.88699103036519233,0.45541808903885789,0.076428242344625461,-0.46045495881293375,0.88479597234051033,0.071535433420018182,-0.035044870612877928,-0.098643050977782004,0.99450560860033399,9.4018838061129006,-12.310124192336692,-5.1827089341679606,,0.1641687450503683,0.24,0,5
-0.10730796265315014,0.99023487691803702,0.088993762064278642,-0.99352304517559331,-0.10343669454486969,-0.047040503044191953,-0.037375926159086303,-0.093465174031585704,0.99492075130987145,-5.0722669202022042,14.320935027072355,-4.1841335198507119,,0.0952847201036032,0.3157894736842105,0,5
-0.72396326814657153,0.68501706245006277,0.081417507495764721,-0.68983506598003985,-0.71852610935304595,-0.088587876835880333,-0.002183602264648434,-0.12029902048754107,0.99273530084856376,3.5707903242286725,21.06597273480525,-4.4780286604112938,,0.1074660404365979,0.1578947368421053,0,5
-0.85868584353885746,0.51077835650027092,0.04200110280508753,-0.51249533573586936,-0.85535806603302622,-0.07557188446254548,-0.0026745008767933695,-0.086417876640912036,0.99625538776055622,-8.9875776092728703,10.148427784524072,-4.0733336516995546,,0.1166465594725179,0.3666666666666666,1,5
0.068074616416420389,0.98630593474997086,0.15022133562428824,-0.99705412460593912,0.072589827097864421,-0.024774777661722307,-0.03534005101924504,-0.14809226880188578,0.98834192500119522,-19.125395209085525,-2.7580753442887755,-3.9824430749634572,,0.0760461179156546,0.25,0,1
0.47267905735137589,0.87877710134198317,0.0657671262744393,-0.88043827116569451,0.47410700818428209,-0.0071411103697603794,-0.037456099745953514,-0.054528441638582746,0.99780944555776263,-2.1193882183714181,12.357869259541875,-4.3352782497191482,,0.0945067742808787,0.3571428571428572,0,5
0.49212582495769513,0.85707676760020934,0.15241911576205019,-0.8704886628652978,0.48608341814594025,0.077281294156772332,-0.0078524029885517904,-0.1707112329155179,0.98528981255454462,-9.7194479987093629,12.128341758901108,-4.0629564968412843,,0.1983578525194559,0.1964285714285714,0,6
-0.60059793364109859,-0.79953120956282575,-0.0056539403116089779,0.79863317306906689,-0.59955457476296536,-0.052147547923500029,0.038303746287749491,-0.03583513381870769,0.99862338556861296,4.3050392099939225,16.813709634447385,-4.5848308061181884,,0.1116153280691306,0.6521739130434783,1,5
-0.29704760499545602,0.95365909892807321,0.047927480615611195,-0.95426481314607936,-0.29471153103252729,-0.050237235868855194,-0.033784415900570984,-0.060658358930653765,0.99758667630141185,-12.307019755064392,14.055000576795956,-3.9016409838343384,,0.09299790884584369,0.3529411764705883,0,4
0.97535205836485894,-0.2203574498675307,0.011443624046236988,0.21814368021907252,0.97075771911028808,0.10021369950396099,-0.033191821641964533,-0.095247283823056167,0.99490012458558763,6.9953058540941662,10.303646029174409,-4.7879050718513128,,0.1873338132799522,0.5833333333333334,0,5
0.66672493213411499,0.74034898605987309,0.08579769059175299,-0.74430594585086185,0.66736084688678643,0.025261809388983487,-0.038555464487071027,-0.080702409398169223,0.99599226767857818,13.863723532477705,-3.2277600083675506,-5.2452687728768632,,0.1197043555900519,0.4545454545454545,0,5
-0.8685678669618595,0.49098411860938102,0.067264074770228263,-0.49545808874855152,-0.85744776051239591,-0.13894106767226605,-0.010542427375043337,-0.15400627670860045,0.98801362539157089,29.47936631336492,13.997378191438429,-5.7897353427072806,,0.1863472741435156,0.4,0,3
-0.092866172438681061,0.98488894540920635,0.1461835805668078,-0.99526182939734764,-0.087573836004205929,-0.042245877812574842,-0.028805641135647764,-0.14941415079654161,0.98835502051667368,-12.073619159311255,6.7720310341545291,-4.0536741493669028,,0.3826409741057608,0.3406593406593407,1,5
0.98541656007522394,0.16956352152562845,0.014227273011374187,-0.16964342369379631,0.98549476341972531,0.0046021809771656756,-0.013240541037265581,-0.0069486286508380875,0.99988819606639667,-15.01852750490888,15.84562294041659,-3.7513106994803227,,0.1280546124929261,0.7222222222222222,1,5
-0.99853395892004337,-0.052245827612741068,-0.014152963665803969,0.053571201004212352,-0.99130292044178969,-0.12020252221374414,-0.0077497939606220459,-0.12078449163961046,0.99264850137041416,-12.163046436385358,2.2436764617602316,-4.0945693389072808,,0.1095345120750008,0.1573033707865168,0,5
0.9050387028398893,-0.42531527965201282,0.0034437271117328965,0.42532897832224903,0.90501717241115642,-0.0062592204200124409,-0.00045449008987495816,0.0071295536637710055,0.99997448112604981,14.185094816903387,-2.2034813152665955,-5.2422343944925558,0.2570557502814533,0.2132697742369155,0.6301369863013698,1,5
-0.98633430274948242,-0.16475256644968433,-0.0011113361034781823,0.16356366350899129,-0.97836191838388342,-0.12670787124612759,0.019788158055007481,-0.12515809404289516,0.99193945394683236,2.4101633388003454,20.626043796904636,-4.4224152703383233,,0.09975047617323876,0.1428571428571428,1,5
-0.75681199065200933,-0.65183749054921392,-0.048409675890736616,0.65203499767596307,-0.74771363631496368,-0.12559729246429138,0.045672449146607903,-0.12661833983731358,0.99089950217254263,23.505605545552417,7.6685757509991443,-5.5614997427668555,,0.3494775030443529,0.8113207547169812,0,3
-0.99666596648829187,0.078727957618279526,0.021421016157398273,-0.080391176656427157,-0.99241429557186744,-0.093011422203894994,0.013935923354993831,-0.094423379699365068,0.99543458620162228,-1.2272100239682937,2.5134148209219309,-4.5016688502154194,,0.2528660607784929,0.2465483234714004,1,5
0.0059099114968212373,0.99838293778567588,0.05653832757116669,-0.99922423481889111,0.0080974289585403845,-0.038540370974661675,-0.038935863887974709,-0.056266696923723887,0.99765628215362434,-10.034183470701965,15.682265153135583,-3.9433964305508589,,0.3433800636422057,0.9270833333333334,1,5
-0.32520315182604503,-0.90089325516705732,-0.2874617415186056,0.9449021988916505,-0.29753075564240927,-0.13651111301495092,0.037453231798203528,-0.31601707586989713,0.94801395727410531,-25.400550340111216,-0.053157450728839005,-3.7260282241306322,,0.3760255538081708,0.1666666666666667,0,1
-0.41232575541520095,0.90900411652203705,0.060819302587864277,-0.91066474331450353,-0.40933116058424363,-0.056015410903475338,-0.026023003385717725,-0.078482591195412899,0.99657578044724726,-14.553153828958321,17.64728332807303,-3.7347397377004845,,0.1262027106389181,0.2758620689655172,0,3
-0.91754402531186963,-0.39755775808826416,-0.0077968325827423406,0.39727375189989877,-0.91570132447073749,-0.060536356133430565,0.01692712810454565,-0.058642248817462238,0.99813554139092842,-21.420646614475107,15.672835583168336,-3.4952927724122649,,0.1234727575108594,0.4242424242424243,0,3
-0.42470591336042779,0.90436420984665122,0.041836145916276317,-0.90472895553421118,-0.42228439714446192,-0.056048237673586646,-0.033021268519868016,-0.061654390571812448,0.99755116758417872,4.787723002162946,-8.2693051893980023,-4.9231457255578066,,0.07905906137555063,0.2452830188679245,0,5
-0.26264923484628055,-0.96381915550312847,-0.045475432047422694,0.96438543019084488,-0.26069373709888954,-0.044715964409084479,0.031242942727642525,-0.055600457935627803,0.99796416148430178,26.626385155224728,-0.45261135268657654,-5.8065922041102676,0.5548867063675008,0.4256305991384045,0.9482758620689655,1,6
-0.60156961248297924,0.79784138537097404,0.039536377254422723,-0.79860887218818588,-0.59953440231308774,-0.052748172531412715,-0.018381256741394406,-0.063305799358468431,0.99782488702587147,-5.1441907421426407,2.8379051026912605,-4.3414035059731138,,0.2074157612119811,0.8140394088669951,1,5
-0.98623272000617657,0.15936390559000402,0.04413805143318085,-0.16516473787409952,-0.96238728263060491,-0.21571121341705737,0.0081013179296876604,-0.22003150643937233,0.97545912514150035,1.923434263253798,13.584918316331322,-4.4958807487879477,,0.3252478512366314,0.2222222222222222,0,2
0.21844854827386379,0.96640868332989305,0.13540490589940146,-0.97554846347247437,0.21282852041219733,0.054856324299491874,0.024195602359467057,-0.14407733230366027,0.98927058742425211,-5.5623412004734512,-6.4518232572212799,-4.535795549636136,,0.1789622745008607,0.1984126984126984,0,3
-0.74228780667859562,-0.66796492223969328,-0.053213482441962071,0.67006275627935985,-0.73933394531400587,-0.066341690917056842,0.0049713884969482501,-0.084901000958455833,0.99637698956402276,11.486507855069172,-22.838770281671415,-5.4568604407675476,,0.305001070054571,0.3,1,4
-0.32066130171532808,0.94485110098383962,0.066578724468537936,-0.94662930006577528,-0.31725084349702226,-0.056963765302236742,-0.03270011986540395,-0.081291446475345822,0.99615380483674998,-10.13700416720601,9.4787320844817273,-4.0498897387594468,,0.08036230038202764,0.4318181818181818,0,5
-0.96837252199408719,-0.24790848670514617,-0.028214196185204952,0.24842193534472889,-0.94742679949396569,-0.20166556880191996,0.023263720390172916,-0.20229642068061171,0.97904798528643222,12.994271746218976,-5.4470306304120681,-5.2300040836392929,,0.1642178125217997,0.15625,0,1
-0.075879098384302276,0.98335500097615303,0.16509180622785571,-0.99683580448230857,-0.070878714672834339,-0.035980365596196398,-0.023679977417523031,-0.1672995811755589,0.98562168645377746,-0.52734481684847467,16.755057527284883,-4.3454892059431858,,0.162375945721874,0.2631578947368421,1,5
-0.79194101047400289,-0.60937722297984609,-0.038585438222036958,0.609344132084227,-0.78468861829496372,-0.11385737135934976,0.039104534569989725,-0.11368013208873388,0.99274753232851332,6.4254076974624912,15.702189363902564,-4.7187784790924807,,0.1566191192435524,0.4285714285714285,1,4
-0.42532023680218156,-0.90496620598293454,-0.011783980456114809,0.90432499577593106,-0.4244283135901073,-0.045353154663381204,0.036041617352709714,-0.029946162557354931,0.99890151124457216,-8.3216049811333033,0.488306013006441,-4.271271157041765,,0.2148382022013525,0.7841483979763912,1,5
-0.74446579157174175,-0.66568507385864895,-0.05132316846478803,0.66678125972389535,-0.7373414453709829,-0.10830671548544443,0.034255464680470499,-0.1148519715983799,0.992791814913625,5.8710702279429334,-3.0776176080696191,-4.8755869651635244,,0.7806592831556699,0.3763440860215054,0,1
0.86313062148048658,-0.47924619389855949,-0.15914966508433134,0.50393563670456953,0.83771461622207988,0.2104354908922324,0.032471592536715777,-0.26183450384095514,0.96456637318356242,-17.567563343919208,5.9181211617473481,-3.8394030174126628,,0.7528480423020755,0.7953367875647669,0,3
-0.8891766056157524,0.45496107542191055,0.048737910055600894,-0.45737164599771124,-0.88065654111563851,-0.12351208049249521,-0.013271829677692625,-0.13211539062947503,0.99114548987312034,5.5372309794666039,-3.9911109865298933,-4.8928312873900497,,0.1464512147888899,0.3333333333333333,1,5
-0.99171674162252543,-0.12832314447185847,0.0055744935606051134,0.12735506282682316,-0.988021029934531,-0.087150056680912677,0.01669108618330788,-0.085718230266174464,0.99617959858755278,-5.6162185423575988,13.067940913422438,-4.1789648289275041,,0.1021450499266306,0.3095238095238095,0,5
0.85441853592395234,-0.51958335939397204,-0.0014484855695132456,0.5195653370412826,0.85440674457961441,-0.0064012000472211308,0.0045635528647063718,0.0047167210793794476,0.9999784630318348,-4.4614346027496179,18.182630350513815,-4.1319743493909966,,0.3274622594646854,0.8717948717948718,1,5
-0.15525542218460198,0.98510893790683618,0.07386565059854143,-0.98745356201880263,-0.15257264854586636,-0.040706876225985997,-0.028830829656103101,-0.079258863048647821,0.99643706067647642,-7.7486091778050747,-13.625843451141661,-4.5765223385275728,,0.35003670968832,0.5217391304347826,1,2
0.80276531460930378,0.59384727602879905,0.053974646023870254,-0.59539861882083367,0.80322956404838364,0.017965303918624002,-0.032685384600314719,-0.046558352546241639,0.99838068162485527,-26.131462698665789,5.5364370198058399,-3.574636038952439,,0.1978615140494998,0.6,0,1
0.61782366084111318,0.78268126335226695,0.075524592697918017,-0.78547303789305167,0.6187554985712016,0.013181036794035272,-0.036414706478938935,-0.067466087667841276,0.99705681692010362,-12.169755553375959,19.234107036960637,-3.7959018606483896,,0.1210940934509275,0.3157894736842105,0,1
-0.92783631472849604,0.35748134717387975,0.10642771957432798,-0.36942742315922544,-0.92010536192311443,-0.13011341967018467,0.051411594888490779,-0.16004127399856294,0.98577058108260618,-20.260117515460866,19.357489873756212,-3.4699978512480705,,0.2600927800393322,0.7586206896551724,0,3
0.97493964021163759,0.21924116165015109,0.037762560589758382,-0.22128410270685195,0.97317183163372545,0.063007396422034623,-0.022935645472196252,-0.069784662734388228,0.99729837912924613,14.813259337395587,-20.020239577689185,-5.5395251752035124,,0.1195730750181386,0.4375,0,2
-0.62259360377827277,0.77733963379876292,0.090112697551396087,-0.78247599714380622,-0.61686422554679876,-0.084910783380883648,-0.010417217871887327,-0.12337593349658743,0.99230532630116219,-14.430151660569784,2.7505712189927629,-4.005100968631826,,0.1641957498145053,0.7352941176470589,0,5
0.71578206537138955,0.69416321538097925,0.076114816590521897,-0.69695459958171724,0.70330058004711193,0.14008062045581052,0.043707219249874356,-0.1533157673474487,0.98721018758322521,-21.364866270997311,3.9173534430681234,-3.7536764182029136,,0.2233369369430289,0.4375,0,2
0.53272592481242076,0.84600624094591503,0.021829551376824075,-0.84546564654863865,0.53316802995157742,-0.030326429787334304,-0.037295167768000972,-0.0023004604139566713,0.99930164532189181,-7.7746722160567678,-5.6202408798216625,-4.4202798081063195,,0.4140196910253029,0.9763085399449036,1,2
0.89399860257221264,-0.44259909689807503,-0.069803567415559931,0.44806600832185123,0.88371251428232656,0.13523699304306602,0.0018305150786081241,-0.15217828861508423,0.98835136347795349,-4.6595961544338209,-15.659617249571149,-4.7491753364371707,,0.3065132249039143,0.25,0,1
-0.65581844587974314,0.74199000389895398,0.13911506085937642,-0.75491670994156634,-0.64500295432876353,-0.11862525008684792,0.001710875471468798,-0.1828169112013337,0.98314548764866128,-2.2241602108446656,16.497350221700017,-4.2670248392303529,,0.1792370737927231,0.5428571428571428,0,4
0.24880627307196293,-0.96461367935152709,-0.08726905572968266,0.96813168310929754,0.2503445888013231,-0.0069735943283677198,0.028574160355118894,-0.082752863792179721,0.99616036906423555,9.8755401302485453,-2.9565387432742898,-5.0681010308936374,,0.2034776529117979,0.4313725490196079,0,5
0.90325448495467797,-0.42895858136952186,-0.011219219166511528,0.42910517417794747,0.90296324881870416,0.022937322783701562,0.00029138114609089308,-0.025532464671818033,0.99967395101843548,8.4522060948333984,-7.5685879684423112,-5.0691990208497835,,0.08903686598073147,0.3448275862068966,0,5
0.80315383694237497,0.58903302726845741,0.089353270738674814,-0.59477904570716555,0.8014005780330743,0.063206014871442229,-0.034377332537819036,-0.10390960646259854,0.99399245102383593,-19.257634030351074,11.364154788319066,-3.6788442406016113,,0.09864136980658118,0.1785714285714286,0,2
0.90406684469306342,0.42292276724853806,0.061639867533665987,-0.42601022370350494,0.90330863004622108,0.050485722576876023,-0.034328262799311969,-0.07190168166919704,0.99682080563475539,-17.660290253758713,14.696164821737311,-3.6697340300879056,,0.116395916085923,0.4375,0,2
-0.9985206151843099,0.049636871871629171,0.022198243235607221,-0.053579110950107214,-0.96775813346910233,-0.24611678929767386,0.0092660629041589546,-0.2469420499939185,0.96898594624641354,10.988840450699987,-1.909226325568371,-5.0904182954946764,,0.3772082982635737,0.4074074074074074,0,4
-0.49491526180441103,-0.84545557850887876,-0.20065828764665397,0.86874151825518575,-0.47647723390279656,-0.1351207609215318,0.018629495235924266,-0.24119351222733118,0.97029821785196424,23.844226063851778,4.232247657012425,-5.6187765567350532,,0.4624245885991261,0.3888888888888889,0,2
-0.82331306784122049,-0.56114003692090064,-0.085307979030618028,0.56724826533347417,-0.80827836078864257,-0.15784643473005569,0.019621360759196151,-0.17834783554962352,0.98377184944311247,16.474255123994975,20.171896015278541,-5.1205568873990446,0.4763528569055496,0.29185296903266,0.3333333333333333,1,5
-0.8693730199766011,0.47518985697421451,0.13559185803575563,-0.49414641006413274,-0.83424298697819854,-0.24465887291987171,-0.0031428581725937814,-0.2797020530967147,0.96008170690623418,-14.302074397312929,0.3080621662126683,-4.066078432109749,,0.08764661488068269,0.26,0,5
0.62604303495683999,-0.77801910334660762,-0.05250136388485227,0.77960071700056766,0.62594958370238873,0.020244523086683442,0.01711258116794977,-0.053604043602579601,0.99841562792016769,-20.077676450303844,-1.5011822878095453,-3.9116854914128067,,0.08174241055701523,0.3666666666666666,0,2
-0.77077214099268543,-0.63081940639754275,-0.089315078132443271,0.63660007659318385,-0.75693618306246968,-0.14760744307917753,0.025507825291567969,-0.17062969050863316,0.98500500484303299,5.305424438442345,15.692088906113939,-4.6526825244088732,,0.1243559479649818,0.1666666666666667,1,5
0.22568560459018541,0.96708180246347331,0.11755337181366725,-0.97348908832597736,0.22848261819143872,-0.01070925275838961,-0.037215625629838725,-0.11202000057304526,0.99300882004169266,0.86839850956113285,-9.9642905276854012,-4.804061756911346,0.3405969248685449,0.1810553399969892,0.25,1,7
0.5764964411654212,0.8114203984242232,0.096170631404194365,-0.8162256332523955,0.57731952777536244,0.021860431627962414,-0.037783183366841132,-0.091099395554031487,0.99512478171551932,-7.9552756760571253,5.3533561346460417,-4.2036319092037751,,0.4769904551549172,0.84375,1,5
-0.93701107562058483,0.34730273924017047,0.037296802552331025,-0.34929964027784344,-0.9316768626335854,-0.099839796348984253,7.3933231037071011e-05,-0.10657875468174492,0.99430426107120951,-15.758629339663129,2.4487787272770531,-3.9698436492383409,,0.1160134023981468,0.3873873873873874,1,5
0.99924911891632873,0.034058579498037325,0.018471911311910286,-0.034189026635171184,0.99939230075759378,0.0067926168875598368,-0.018229339063135584,-0.0074190531078757466,0.99980630566540329,18.101266500575637,-14.631285692899226,-5.5789434616750064,,0.27542641640961,0.391304347826087,1,5
0.0079559040532473386,0.99648541663540391,0.083387757037002561,-0.9992528829409818,0.011076475239548429,-0.037026850128056045,-0.037820358602654425,-0.083030874554194098,0.99582904875582612,-6.0091001558902093,4.4552032786830376,-4.2843104607768314,,0.08273571721631685,0.2195121951219512,0,5
-0.14879393507381475,-0.98882830331265503,-0.0088854630193224947,0.98822100919693556,-0.14836550352441072,-0.0375088568972805,0.035771523130025705,-0.01436189165000388,0.99925679092072917,6.9174938067083858,5.9120997817235068,-4.8039235293368865,,0.1116705164900426,0.3559322033898305,0,4
-0.98416369570996609,-0.17467572324998873,-0.030169715835502577,0.1770503211882401,-0.96033103893441929,-0.21544716156468602,0.0086604742158043289,-0.21737683263455707,0.97604933728788767,9.6929252827185106,-13.732868710215165,-5.2240023823174289,,0.4005046624634065,0.2686567164179104,1,5
0.94377427824598392,0.32787775292792953,0.04226453425986712,-0.32897788522818833,0.94407605584155918,0.022225026826397383,-0.032613842951433686,-0.034879505753046193,0.99885922798278326,11.156689865432897,5.4521318420293152,-5.0018836849189592,,0.1596099227822821,0.660377358490566,1,5
0.06402108461690334,0.98642879003102057,0.15119372646513043,-0.9974090594422671,0.068228870371920158,-0.022803275866953149,-0.032809584986219102,-0.14934210205333631,0.98824109795500981,8.8435784478627486,7.6982787949679059,-4.8870943742754891,,0.2641425116457988,0.3720930232558139,1,5
0.85090829259585132,0.52350750990857953,0.043531191816121119,-0.52452226202857144,0.85125190620807645,0.015703146612922006,-0.028835294831922376,-0.036195016872975272,0.99892864936667081,4.1255485936581131,10.557066404461311,-4.6322283903633048,,0.09625212557736348,0.4242424242424243,0,5
0.74783608109386179,-0.66246274239832625,-0.043408648311856937,0.66374423803304128,0.74741812304236077,0.02845585749491222,0.013593465051678555,-0.050092557150958346,0.99865206825298536,-5.0264387827993096,7.3897277265445762,-4.287791727998842,,0.09599159872501831,0.2560975609756098,0,5
0.051891245468737808,0.99769319215633778,0.043767487574697901,-0.99800509357757128,0.05338590032351255,-0.033701318073223734,-0.035960142337424041,-0.041931372163883873,0.99847314845794788,8.2998117984817732,5.4810469642660848,-4.8593910169448256,,0.2967567538005013,0.8562091503267973,1,5
-0.96894161290247238,0.24644527424570925,0.020417580363871358,-0.24726673596312768,-0.96666694234781236,-0.066439324635900174,0.0033633423998901233,-0.069424414825699318,0.99758154481426353,-16.373853296759904,7.3378649229332078,-3.8631849289031046,,0.08637068595750234,0.3833333333333334,1,4
-0.53667626647222499,0.8260727717200449,0.17199523489967905,-0.84195629706505604,-0.51084337838189264,-0.17363362749154679,-0.055571385064008584,-0.23799751802516064,0.96967468904572862,2.7020861879106519,-14.056819422157934,-4.9572456919464836,,0.7192136506976331,0.7833333333333333,0,2
0.64230986296812664,0.76553777957583491,0.03728200606146842,-0.76547599173505254,0.64318367315704938,-0.019007068723078235,-0.03852980678778925,-0.01633005285682862,0.99912400800030254,5.032994460760853,3.9399303734944611,-4.7196521967317508,,0.09083653360726414,0.4383561643835616,0,2
0.60504594882559526,0.78904899029170261,0.10640061432801452,-0.79535070134507269,0.60512288723710306,0.035264049848709574,-0.036560384019249097,-0.10596217372947855,0.99369781928858414,-9.1706679237726583,-11.815125255465116,-4.5001742521220676,,0.06340237124382918,0.1111111111111111,0,1
-0.83799743641326385,0.54195449237486815,0.063605225881976479,-0.54560819588909071,-0.83037199865891276,-0.11311074406021093,-0.0084848773385268247,-0.12949004609583684,0.99154441898416645,-28.323708436016794,9.506208958876627,-3.4162496221563976,,0.1845468872252066,0.4375,0,2
0.045855622554966467,0.99632032846001195,0.072409011714234833,-0.99844596445383349,0.048009954524149002,-0.028296648784712521,-0.031668879771041346,-0.070998925089925821,0.9969735376077562,-17.844054725191615,13.812855744486924,-3.6679800213987956,,0.3518999921405949,0.5,0,3
0.82047962953775044,0.56822223726997856,0.062742860832904035,-0.5712270381693102,0.81923063592867951,0.050604703538405994,-0.022646155919147534,-0.077360546971907973,0.99674595429040702,-14.460054416917865,4.2028895450817423,-3.9853806901567475,,0.3785112392927221,0.3,0,3
0.93444404765236289,0.35263722095001143,0.049611613637560115,-0.35602474611708745,0.9220619018343994,0.15181643302948075,0.007791146214337517,-0.15952692432998306,0.98716283279633432,-7.1769437061539536,11.720793208791136,-4.1241167861461143,,0.2234579639520414,0.3,0,2
-0.28074197248350446,0.94732526280140672,0.15413887032256512,-0.95948092265997209,-0.27297981796565496,-0.069845386640821613,-0.024089498492896693,-0.16750183712927791,0.98557740975566044,14.202999707107203,-4.9609624096420788,-5.2865248054892113,0.3284172322309932,0.1017566570244601,0.2631578947368421,1,4
-0.83455552887246875,-0.54780700126844395,-0.058519728209136271,0.54980017346133925,-0.82136082216323369,-0.15194133432749576,0.035168714652046344,-0.15897763734756518,0.98665559965628868,3.184583720508503,-11.092498728978567,-4.9322911290616043,,0.4640589343106479,0.7413793103448276,0,3
-0.0042410204952819429,0.99330957703330869,0.11540406370257826,-0.99939925550773534,-0.0002405860484263822,-0.034656459844280417,-0.034396828861735465,-0.11548171410341743,0.99271387210615392,-6.8732583714002971,-6.024718770209355,-4.4617054521757105,,0.08873399713098915,0.3372549019607843,0,2
0.95816297609325407,0.28290808263617639,0.043436482629690749,-0.28492887072976769,0.95719850890680047,0.050858167203075684,-0.027189149835483924,-0.061106720790098303,0.99776085251201507,-13.314672495699597,9.8791699190298878,-3.9440974471389172,,0.08441784464203725,0.3157894736842105,0,5
-0.77080875963286233,0.61539479920027795,0.16475162272493304,-0.63703369603594773,-0.74192037214481199,-0.20914643556915827,-0.0064750434769920732,-0.26616423973508124,0.96390594525514661,12.416157392419287,-27.499445269469721,-5.590099759860709,,0.2500369168350911,0.3333333333333333,0,2
0.36578728968570717,-0.93019068966367902,-0.030739869345746997,0.93039676336588661,0.36631014334510958,-0.013369427839926139,0.023696443249280219,-0.023709908171358016,0.99943800149475936,-15.211262961847792,12.710296183771906,-3.8210283699876522,,0.1305565283200858,0.5454545454545454,1,5
0.44836498720545936,-0.87859423467628361,-0.16444150644482874,0.89369849460006245,0.44403068668856532,0.06434088924209852,0.016487540684746359,-0.17580932874133121,0.98428615805043795,6.7504637427735954,18.990725257253068,-4.6894246737451679,,0.3205757289410746,0.3333333333333333,0,3
0.87625362929837691,0.4796147285451931,0.046360428211405541,-0.48102539438258851,0.87632252050723425,0.025950144718759248,-0.028180615687017383,-0.045039451754767861,0.99858765298051422,6.3982368289959171,8.8879642454075274,-4.7685709215109053,,0.07415639090502998,0.2857142857142857,0,4
0.87258260751027872,-0.48766842414118283,-0.027912383743035767,0.48840881890771248,0.87193251135280503,0.034503931068266262,0.0075112371641709932,-0.043740184517737576,0.99901470338259668,0.44485114686732763,18.498904869687589,-4.3636356918107699,,0.2592351994715568,0.8266666666666667,1,5
-0.18395224229794835,0.96594243558249082,0.18198017390508084,-0.98142321817518696,-0.17022913767058404,-0.088490154902052878,-0.054498067674155985,-0.19487753033353,0.97931236528029608,-8.9060350203105951,18.208782980917864,-3.9587850319300388,,0.1924370731821684,0.2758620689655172,0,5
0.49159332977906084,-0.86337985166658981,-0.11362759283252268,0.87042562732829964,0.49111782791441894,0.03409554801964404,0.026367127391361166,-0.11566551275467175,0.99293819734781419,-12.847229832955293,3.445108045826871,-4.0607043330142707,,0.1180591737368044,0.1578947368421053,0,2
-0.78160351571028686,0.6089819950663844,0.13504397029962337,-0.62363482271652493,-0.75829616552794055,-0.18991190916040676,-0.013249608471496982,-0.23265393835176776,0.97246932745704806,-24.941790621858456,17.988987568214412,-3.337222901332074,,0.2763644447639563,0.375,0,2
0.61714383613159207,-0.78599050394911918,-0.036775171333274084,0.78665153449805747,0.61736426371476394,0.0063819401264905793,0.017687532236957643,-0.032867819972373563,0.99930318603196155,-1.7796577606587338,15.203241983902931,-4.3184917046628266,,0.2313393836751731,0.1176470588235294,0,1
0.87631734132281447,0.47866923226252472,0.054255722114066776,-0.47966429927064574,0.87742977092073005,0.006257563998511048,-0.044610282470683507,-0.031508144775599267,0.9985074659263623,-0.43547562850929611,-12.596280570314036,-4.8252915106928258,,0.2161012265639742,0.3055555555555556,0,5
0.29556428721518568,-0.93931163507643523,-0.17417061845504461,0.95490170323617363,0.29589547209207118,0.02466995646661534,0.028363520226402504,-0.1736073783151047,0.98440641450313715,-0.2292279893201532,-14.887422033114136,-4.8763908100827402,,0.1854508940129847,0.1538461538461539,0,1
-0.5415962294789135,0.83959718117510229,0.041834167579246122,-0.84037552544660277,-0.53951050504560971,-0.051936414737438985,-0.021035694535053065,-0.063284976955480174,0.99777377759047869,-14.714559508080908,10.260574103075438,-3.896448055018944,,0.1116251051905064,0.4883720930232558,1,5
-0.38130635124473805,-0.92180169174615278,-0.069907850734773042,0.92368475443385767,-0.37682656099980588,-0.069341310569702788,0.03757580241177514,-0.091013098062809203,0.99514053030419813,-32.513249334735583,16.298962884892561,-3.1190162228877272,,0.281799843149476,0.8888888888888888,0,1
0.78651248097078852,-0.61396316939268913,-0.066688409086281181,0.61750444704606067,0.78344992076354214,0.069960556987050643,0.009293823514246187,-0.096205240423188898,0.99531812831858046,-9.1247989945155989,-16.154992317773235,-4.5879439194166745,,0.4504056053662471,0.4722222222222222,0,1
0.22354540463676306,-0.96239047914795506,-0.15437622132684195,0.9742279304347401,0.22551315106633796,0.0048742442463276013,0.030122941865423164,-0.15148724151392839,0.98800011337644678,7.6284197200497363,10.918672535449547,-4.8070400096207662,,0.4524323631004032,0.25,0,1
-0.24837461734258104,0.96337709707413843,0.10106739480630372,-0.96821356938120817,-0.24372243893929377,-0.056230390569362174,-0.029538678474624283,-0.11182102481416029,0.99328924532760543,-18.828258559068214,-3.8856207539043437,-4.0128502378632147,,0.6244040891231677,0.6842105263157895,0,1
-0.56360171402518255,-0.81704673640162462,-0.12160484564083716,0.82561619017505183,-0.55241860150472877,-0.1148546700504325,0.026664854560081611,-0.16513121826903368,0.98591108437032771,20.755172570502769,0.51294943484227906,-5.5186089900320026,,0.2691264377834087,0.4177215189873418,1,5
0.080444153969045251,0.99540926125748042,0.051856925237063492,-0.9962574802598031,0.0819451348603112,-0.027495961505545986,-0.031619157461791898,-0.049450960309818756,0.99827592949336597,-2.8569806725934712,13.138658063254196,-4.2898972076800259,,0.08688984357634051,0.3695652173913043,0,5
-0.45899425787471076,0.84892411485067121,0.26201549279202485,-0.88815655722889608,-0.43100109557479199,-0.15942391747991638,-0.02240984358173272,-0.30588544070997081,0.95180454720089913,4.2987449150344705,18.920292724085677,-4.5695013602218539,,0.1957656521467642,0.25,0,4
0.23256932255196858,-0.96880025241208345,-0.085659682079744628,0.97034721589456496,0.23709803906386381,-0.047019150117136144,0.06586190714962456,-0.072184422130782119,0.99521435800949942,17.990242164236538,-2.9939519318108125,-5.458993957908838,,0.1478606303658267,0.2727272727272727,0,3
0.09966177535487819,-0.99491372665778788,-0.014635813644166374,0.99448382324414208,0.10008058814744251,-0.031397470945556061,0.032702535663597321,-0.011425952213052044,0.99939981577804837,-18.87714772622445,12.119889416778951,-3.666186151103624,,0.06109799312409795,0.3,0,1
0.47946214181658958,-0.87716396170884259,-0.026446906130934675,0.87683774854933649,0.48007314189958472,-0.026179021096930821,0.035659743178844391,-0.010637796102148253,0.99930737013719129,-18.35365817143753,0.33039438181622277,-3.9077934702490271,,0.0941866910076342,0.4117647058823529,0,3
-0.58830474175685432,0.77034549066753855,0.24589704315951177,-0.8084189969866169,-0.55319455084945113,-0.20108335142827444,-0.018874748675252996,-0.31708613012660103,0.94820890627739962,-7.6882261700248451,-15.490740982796531,-4.6198538555016313,,0.3921058575285183,0.1,0,1
-0.62126218053302862,-0.78067908697374322,-0.067627407174815524,0.78227686201789015,-0.61287848761791919,-0.11145793182458483,0.045565493421976487,-0.12214795363416414,0.99146541202010507,12.436319379915492,18.338685342054031,-4.9737783362402279,,0.4599023053079508,0.5757575757575758,0,5
-0.17031090039724972,0.97256623914102247,0.15845853618207351,-0.9847014679232331,-0.16196484589596172,-0.064268248488090512,-0.036840416334613706,-0.16697993645041528,0.98527178207198607,2.3481674585124215,9.0770617024903864,-4.5604883497362341,,0.5281893004861531,0.8827586206896552,1,5
-0.50383558355225322,-0.85812234393592068,-0.098872380291365927,0.86359745427960077,-0.49793106482664462,-0.079146014696857309,0.018685334044429239,-0.12526251441881461,0.99194766029923298,9.9046284130011806,16.570195230082451,-4.9104286809758912,,0.265503412072538,0.32,1,5
-0.8849338214707243,0.46279458033238402,0.052089423419675207,-0.4657090330101602,-0.87872082739125645,-0.10471296042786951,-0.0026885293309069145,-0.11692255523978094,0.99313739627819797,5.2202138713191113,5.0761815219092226,-4.7284063778471772,,0.08694385761005623,0.359375,0,5
-0.97928904654079241,-0.20229757746440138,0.0082857393912758193,0.20128928806085877,-0.97718413001569582,-0.067777566771165809,0.021807930602839202,-0.064705998157062142,0.9976660503221102,-26.300338315444719,4.6512371167476294,-3.590449860774156,,0.155603193156329,0.4545454545454545,0,1
0.93226425893188725,0.35521718244058587,0.068586476926225048,-0.36164830832022243,0.9201060126205971,0.15038426323438242,-0.0096877555347627941,-0.16500205707323246,0.98624564311042762,-4.1061371852537221,11.866015879648797,-4.246441900379974,,0.2682287682673108,0.3333333333333333,0,2
-0.57072478146424555,-0.81823257533458549,-0.069055604290461384,0.81913660333342364,-0.56144156049014704,-0.11746743903639548,0.057344998927281586,-0.12360755161283693,0.99067286441201619,22.078214171129783,5.7602783242547222,-5.5050327262944014,,0.1684538161529849,0.4736842105263158,1,5
0.29398106583976258,-0.9524962526881382,-0.079536290728015241,0.95513886198186615,0.29587608905582269,-0.012926494382316253,0.035845324098162552,-0.072168057616130252,0.99674815485167156,-18.53711255696367,9.7250145210317722,-3.7369838536468372,,0.4310752239420919,0.8648648648648649,1,5
-0.09348107246980765,0.98548537649458667,0.14170342905243477,-0.99474766506788226,-0.086488003561779644,-0.054744023252722748,-0.041693787689434499,-0.14607668518699837,0.98839426855526002,12.33359468760206,-6.5634065336454714,-5.2251283273876092,,0.1651888239734317,0.2702702702702703,1,5
0.076080613320726007,0.9941995716025015,0.076019419243682509,-0.99648376155127061,0.078495813320700242,-0.02930051630525209,-0.035097766900113854,-0.073522915587770202,0.9966757384636693,-15.763794200374466,5.915487864765046,-3.9131126530073357,,0.08832628389976237,0.3793103448275862,0,5
-0.60398019631976996,0.79631552743884371,0.03300762356377536,-0.79669948521602407,-0.60209906118794065,-0.052408499054275803,-0.021859842406889703,-0.057950852249090121,0.99808007996029513,5.1518672577541169,8.889573881761665,-4.6936248149671087,,0.07618439778558408,0.4583333333333333,0,5
0.17233178067969335,0.97861265260311392,0.11233447170331996,-0.9841579573763517,0.17587651922929542,-0.022373308128110964,-0.041651798287399157,-0.10669923218507807,0.99341854298706422,-3.98073619642095,-11.427184835094671,-4.6753471425432584,,0.06898053059747329,0.2758620689655172,0,3
-0.52870629889131926,0.82714204466207275,0.19054051397245861,-0.84854102098243234,-0.50945640609999099,-0.14294161743093678,-0.021160936244274991,-0.23725557577415682,0.97121676599065088,11.018787833254514,7.9049527090662748,-4.9862067264062286,,0.4243708017796343,0.4285714285714285,0,1
-0.78911859178376731,-0.61382126954029015,-0.022700157734075382,0.6133206932480002,-0.78537604674854744,-0.083798522823597218,0.033609155523424819,-0.080049448802418932,0.99622412659573356,-0.91081767324610896,20.095610201860413,-4.2723733304859506,0.5426184172258034,0.3318206484174035,0.5581395348837209,1,3
0.048792370921719619,-0.99871079873408386,-0.014001608184999322,0.9981471594850656,0.049265468643067141,-0.035709405081494845,0.036353164260249267,-0.012233318899949674,0.99926412592315139,-1.2328942964473946,-15.17793036704224,-4.8511777217940528,,0.5227791243033197,0.8714285714285714,1,5
0.91353604049675596,0.40448234053495119,0.042964391173144559,-0.40583054599070612,0.91348279364592666,0.029167681665166437,-0.027449419928235567,-0.044081990746821439,0.99865074347211202,7.7616994066851666,7.6679881731778963,-4.8375103017833609,,0.08914016259533296,0.4137931034482759,0,5
0.61176566083823825,0.78989524048494475,0.042523937710247497,-0.79012803787645702,0.612756764112103,-0.015060936105185281,-0.037953392215369607,-0.024385591936547366,0.9989819232224626,3.9052821773487949,-3.349836147615914,-4.7998525869804283,,0.33834088055416,0.8958333333333334,1,5
0.4154025006665738,-0.90956783376204708,-0.01127467185219532,0.90923845163891714,0.41555547012984279,-0.024476300913952316,0.026948107562910367,-8.3848570903612322e-05,0.99963683028797778,16.412898891868842,-22.597880881144661,-5.6440314457741891,,0.07487554878735922,0.1818181818181818,0,2
-0.76665079244954637,0.63890340134789625,0.063631801660600854,-0.64194637305910318,-0.76083709541055267,-0.095035616289360775,-0.012305143345274189,-0.11370733482640828,0.99343808335191641,7.1469949392162979,-5.1246580270412094,-4.9857995828430042,,0.455751448872967,0.5,0,2
0.56238311471830016,0.81271639938917473,0.15237219708214275,-0.82597185290682784,0.56076615836761246,0.057548360839311953,-0.038674674987711308,-0.15821937237116657,0.9866462890626353,1.1290831930427225,-12.139926967557109,-4.8727832919826897,,0.3521711963399616,0.3235294117647059,0,2
0.55739504780811266,0.82677452989420497,0.075859326369333138,-0.82942216599477525,0.55858460185696079,0.0064894626000124586,-0.037008529226759859,-0.066536601104339732,0.99709741223109916,-15.988495867299591,14.961935188389601,-3.7237928359525116,,0.09565922904243085,0.3333333333333333,0,1
-0.013729289731184384,0.98572595415617603,0.16779704975468102,-0.99932156134637795,-0.0077911572692888299,-0.035996040013360597,-0.034174897684052331,-0.16817740981268242,0.98516416662248851,3.5347429209518926,-15.656981356462925,-5.0168155622083406,,0.2177762201458914,0.2608695652173913,0,1
-0.99877669085778398,-0.049095874240785729,0.0058921075777192567,0.046514458970307308,-0.97325895037220322,-0.22495204072667621,0.016778763538296177,-0.22440278664252272,0.97435202182845371,-8.8116046607222405,-14.35408907707224,-4.5616590773218348,,0.6088937794113289,0.3636363636363636,0,1
