axis_00,axis_01,axis_02,axis_10,axis_11,axis_12,axis_20,axis_21,axis_22,location_x,location_y,location_z,dbh,dbh_approximation,score,reconstructed,number_clusters
0.42254417898998237,0.87012478861737808,0.25365186582252153,-0.90421395143773953,0.38553833959063599,0.18373164869190733,0.062076942797086386,-0.30699029453593502,0.94968595453113247,-2.9456286496454895,-1.8557167158614276,-0.84941088211178217,,0.423824188028003,0.2672160094173043,1,5
-0.71643793995282412,-0.69579768054273239,-0.050816000900381408,0.69734698781232995,-0.71637317687393742,-0.022729937188933038,-0.020587782426093496,-0.051720974535445802,0.99844933973030359,-13.416650828775541,6.8282722319037328,-0.88603600663785076,0.3409813056283599,0.3009268410927632,0.1818181818181818,1,5
-0.29897072681053094,-0.95307017611976919,-0.047683790761801487,0.95192033639437856,-0.30136311748826916,0.055026762366742143,-0.066814501937806456,-0.028939779003717928,0.99734563292873502,-0.86144317036972273,11.701869546880497,-1.646773863525508,,0.1576493611759877,0.5223880597014925,0,5
0.14858841958549063,0.9845131514779647,0.093034058989230617,-0.98659931788674438,0.14117294796411345,0.081804551881492688,0.067403764809514155,-0.10394254821798037,0.99229666892490132,18.859605040914673,5.3266959785233894,-1.0999316478711585,0.2865391215666029,0.2842879059308715,0.2222222222222222,1,5
-0.93780032691418147,0.34636914801726471,0.023642337901525503,-0.34506879036617438,-0.93743689586304546,0.046255769260541618,0.038184771243008252,0.035220442593095105,0.9986498103282585,6.9578225134133467,-14.571611127834114,0.59885735408667806,0.1428223977270895,0.1866632411590626,0.7380952380952381,1,5
-0.80998664513057261,0.5843098591086946,0.050036219466492282,-0.58475932258153696,-0.81117954424811645,0.0066544456870771315,0.044476615924590401,-0.023869133662487906,0.99872523503419119,-24.422121018174153,12.807897242951475,-0.86239904973174097,,0.5122733324641905,0.4358974358974359,0,3
-0.63674120688463876,0.76939260855567371,0.050947515690072082,-0.76790841893445394,-0.63872281607556658,0.048474986891036312,0.069837637307413464,-0.0082570045654860279,0.99752419834855344,-5.9718329759530357,-4.0291663447734756,-0.60456642366907976,,0.07301683930012196,0.2682926829268293,0,5
-0.13972309753142903,0.98931708000328233,0.041583304702762981,-0.98730924478553361,-0.14239500622630399,0.070314417887311034,0.075484509518465331,-0.031231032893437208,0.9966577704544155,-15.283784781189995,7.6410693020472822,-0.87554686003316384,,0.06821340649317079,0.2352941176470588,0,1
0.94857363280334717,-0.314162909979673,-0.038855233152879136,0.31324921250319399,0.91386860724966545,0.25830040563205808,-0.045639829276514589,-0.2571883253117469,0.96528294883259458,6.2148893079331815,-9.2301216068532792,-0.029488306551410961,0.8258891191721044,0.4724755587216768,0.1818181818181818,1,3
-0.98949473161744739,-0.14126410044700446,0.030734834084720063,0.14069943415123992,-0.9898537597466448,-0.019829360679393861,0.033224167872763236,-0.015296674159149952,0.99933085933980437,1.8757325386242047,3.090599431250264,-1.1919188860014651,0.2206234716236098,0.2145851999226894,0.2428571428571429,1,4
-0.57311020020086323,-0.81864627327094741,-0.036918527669924317,0.81666963888006039,-0.57429278863081312,0.056907766237621192,-0.067789374958307544,0.0024641806412464286,0.99769661142880917,-14.253747062815929,12.047462580997767,-1.1572646774156181,0.5260239814381662,0.3339759436064361,0.8832116788321168,1,6
-0.001402940424312465,0.96856715924560244,0.2487482458009912,-0.99722358621740292,-0.01987499726690501,0.071764222112021242,0.074452339451952954,-0.24795693681473199,0.96590589947240013,-7.6787364301307202,5.9217296847363308,-1.1209799065732597,0.1383728480301856,0.1052003200892982,0.3333333333333333,1,5
-0.84572659514354254,0.53334503412256584,0.017017662698169136,-0.53128396909922526,-0.84458009577138515,0.06649666160771095,0.04983844344562615,0.047196783826826627,0.99764151535073919,-8.0464129449366268,8.821477162639134,-1.245843374750192,,0.1112287532470404,0.3813559322033898,1,5
0.8733722012121693,-0.48659606571030306,-0.021101350313780787,0.48494305340613497,0.86474281469649139,0.13057602913216765,-0.045290540987551198,-0.12427442724086292,0.99121371743484799,2.1832814030640111,7.8361997911416008,-1.4427464452724976,0.3879931357677728,0.3781367064535867,0.7927272727272727,1,5
0.73332876737151942,0.67539886531060678,0.077879982553367033,-0.67857800164130011,0.72004256937617162,0.14515713545899556,0.041962061840045833,-0.15929554615024896,0.9863387421889227,-5.6639361088699598,-10.470074133270803,0.11677275062335951,,0.07529086005351084,0.2647058823529412,0,5
0.67485512386444013,0.73377380409589021,0.078400039646396968,-0.73563749524603406,0.66052818832240412,0.15013323422767857,0.058378398248423793,-0.15899219117355431,0.98555235566852506,7.2240001080412712,7.7155776575313828,-1.4070559834232141,,0.09692213766319781,0.1875,0,4
-0.79794063282039962,-0.59095780252290397,-0.11857327747634194,0.60255469558049235,-0.78693794291784724,-0.13287781165464757,-0.014784631482776804,-0.17747549023323772,0.984014158962355,-5.3044027638004181,-0.70738411943086366,-0.9145610184304328,,0.4479785204093663,0.2879529872673849,0,5
0.46973517712796997,0.88238668444853019,0.027250733503612488,-0.88075154211559559,0.46631255435688163,0.082639716300099891,0.060212826121644102,-0.062819907331120431,0.99620684338813592,-9.1980717835082419,2.6559871618909501,-0.8623903172805274,0.248813919454662,0.2182626082470709,0.868763557483731,1,5
0.2191925353354427,-0.97467366540685574,-0.044338227474548665,0.97260334574937679,0.21466828471440905,0.089220285669184704,-0.077442651622592382,-0.062679929005524049,0.99502455357117858,12.451718290447465,-3.4895193247265275,-0.45533604138883377,,0.07361252662955212,0.2758620689655172,0,5
-0.91396557804616763,0.38070542232548804,0.1404645989518597,-0.40027728293759324,-0.90268313416739332,-0.15792800908588164,0.066670975025366563,-0.20056555213122726,0.97740904455988276,-10.753203835480834,-9.6634492537372161,0.21520186212286394,,0.1934932257487038,0.2439024390243902,0,2
-0.92724444389965754,-0.37441114658249275,-0.0058339156660906629,0.37399586905747667,-0.92676378518890901,0.035156455883234315,-0.018569630722197646,0.030416768025384851,0.99936479277475632,-4.8150493051778991,-3.3400504443743952,-0.71803870852158458,0.1391659777095878,0.112012651906214,0.6172413793103448,1,4
-0.3788083183644671,0.92462859185821389,0.039575561350157183,-0.92262085179857667,-0.38065048434668697,0.062257309555591937,0.072629345063497289,-0.012929651384638986,0.99727518887753241,-10.767319457541769,4.7900225007930164,-0.93889851103195998,0.2528935224729816,0.2521195677390484,0.9092495636998255,1,5
0.90159107982573872,-0.43216957404558354,-0.019052140245072541,0.42291512834398948,0.87131097773794874,0.24891760542622832,-0.09097427656456504,-0.23247933100084281,0.96833725615663202,2.0465264038960598,23.525819014319683,-2.0765671718646188,,0.5789840561208681,0.4074074074074074,0,2
-0.45480678201630392,-0.85930886777364401,-0.23396380232324943,0.887339767562627,-0.45965463869450884,-0.036684465765833896,-0.076019260282366996,-0.2242897297965265,0.97155297805828533,-17.201948469138937,7.1994365074106126,-0.79008597956554527,,0.4599323831499533,0.3725490196078431,0,2
0.74310141722129164,-0.66909501963340889,-0.010589543213779289,0.66634356878908418,0.73840514493901377,0.10365370355670719,-0.061534803624741903,-0.08408148803014065,0.99455707292920181,-15.029527605859954,-15.568675911362018,0.83703953268652542,,0.0805319960150936,0.45,0,2
0.92188933870060441,-0.3874338410308158,-0.0038814963958864698,0.38550239825397808,0.91619741233185081,0.10940842095950538,-0.038832307819570977,-0.10235878301606413,0.99398930145594444,14.764795812318091,1.1012272092868101,-0.83348609657856798,,0.09712149346528627,0.5,0,5
0.23118786494831639,0.9554692422736355,0.18338674480366307,-0.97166607425749418,0.21722827554675403,0.093149967471887862,0.049165142506346106,-0.19972582049406709,0.97861758894386419,-14.726547158293741,9.1207278849851416,-0.97360787827074557,,0.1642632549527459,0.3125,0,3
-0.91663849649864593,-0.39733784892829349,-0.043548829441664529,0.39928108355523062,-0.91527598728570414,-0.053333698663615037,-0.018667700759965617,-0.066275945162757643,0.9976266917244746,6.4676611575923459,19.087724579605364,-1.9298430610650328,0.4026479405193962,0.3224413417963407,0.4324324324324325,1,5
0.5710338793947628,0.81986289498505127,0.041774896889157913,-0.81908641551590067,0.56561050151938064,0.095823820046530894,0.054934074131478369,-0.088935898251082793,0.99452131877682304,6.1178184376564468,7.2449041631157973,-1.3741522665748498,,0.08643854575351162,0.2,0,3
0.53710773741203244,-0.82173174173219643,-0.19045267927204201,0.84066997115015818,0.50295000720251504,0.20078667749973808,-0.069204609806868669,-0.26795192644346144,0.96094354001508209,3.6168394938194104,6.4253143004823334,-1.3735760962078347,0.7149260480107709,0.7002527301619825,0.4744318181818182,1,1
0.2448966205443294,-0.96710643684931397,-0.068780702603211952,0.96598082214107417,0.23729973088417908,0.10280996536305127,-0.083106537057094934,-0.091618652723782168,0.99232017311523868,-18.288396087853034,13.612636587425612,-1.1269377810919348,,0.1290410123921812,0.16,0,4
-0.64991003616349219,0.75526000795991344,0.084848484196010918,-0.7542913460226871,-0.65465759480526031,0.049678958111818279,0.093067234885604699,-0.031713623889177298,0.99515462911577923,-9.3498104120842331,5.298804029759645,-1.013077478378519,,0.1498036277104969,0.3295454545454545,0,5
0.53668086397266412,0.81162467407198868,0.23073586345233105,-0.84250131525090244,0.50035997681883604,0.1995781235465291,0.04653153818706833,-0.30150502820913583,0.95232848005221027,1.5737326242826477,11.494474889422476,-1.6535705151141546,,0.4720815513995099,0.3333333333333333,0,3
0.98031247863961268,0.19653546297392971,0.019006736097523128,-0.19739429077344442,0.97313818769430949,0.1184802161589965,0.0047893834161319808,-0.11989945556447158,0.99277448716303895,5.753541769964909,-2.6105790806010507,-0.69620934593494155,0.1645238160994217,0.1362936104996571,0.6666666666666666,1,5
0.76088275517306025,-0.64674468182002443,-0.052713844649854812,0.64634622713385403,0.74821037280667368,0.14972572489165498,-0.057393270947784923,-0.14799511668299975,0.9873213549234614,-10.729104397933932,15.259188238873021,-1.4186967792332494,0.3978673778859971,0.2358314090948474,0.2083333333333333,1,4
0.026426700067062488,-0.98591628535939446,-0.16513845035817024,0.99289088636061051,0.0067084372340900601,0.11883890209824827,-0.11605738798373101,-0.16710498237039076,0.97908457630655388,12.046087530827259,4.8879420868175405,-1.176727774960175,0.5602759787115023,0.5542806592097348,0.7272727272727273,1,5
0.63828987827406536,-0.75992858923407225,-0.12285996320035414,0.7650757827903748,0.60859690997247617,0.21040163440346649,-0.085118023241701632,-0.22829441613116055,0.96986420785734639,-3.4025755214195366,-12.536768230194426,0.30426214288908771,,0.2299594181776928,0.1538461538461539,0,4
-0.99915450359414759,0.037812836633454514,0.01613900037997822,-0.039999814578641324,-0.98479926112313676,-0.1690278974755331,0.0095022513757299504,-0.16953054201841219,0.98547912334140086,10.699602293276504,-0.81425874331553194,-0.74778334555440706,,0.3976407553270654,0.2977099236641221,1,7
-0.98183822779746266,0.18920110700547541,0.014022679609859475,-0.18918372283246795,-0.98193835032686994,0.0025681068112012673,0.014255295534855236,-0.00013139729237569877,0.99989837947861748,-12.04574739055964,27.078692394744106,-2.0674724668679927,,0.115774273627182,0.2857142857142857,0,2
0.27766652597976405,0.95825128854389907,0.068233191001797783,-0.95752329569529571,0.27030502340687829,0.10042077734128801,0.077784564993002209,-0.093218358304390736,0.99260258871508344,-4.5051844836384163,9.1252040876075338,-1.4113549223455282,0.3132882922239993,0.3884907776130861,0.8585461689587426,1,5
0.98212972247876207,0.18714173300277118,0.019979489295542226,-0.18671265852754965,0.95549207065986796,0.22841472380670649,0.023655683658812019,-0.22806331286473699,0.97335889267823328,-16.359042748920071,-14.410574271230644,0.77114115514770121,,0.2016656704437226,0.4642857142857143,0,2
-0.024664472876164148,-0.98501900786594487,-0.17067283884827517,0.99763052048808765,-0.03522050673578523,0.059100427206077645,-0.064226228041255426,-0.16881075216959038,0.98355372074103209,-8.6371439310421518,17.052248395046288,-1.5659555932667746,,0.2750802665609314,0.7608695652173914,0,5
0.39455691881370586,0.90589946272429411,0.1538538308007687,-0.91465602704020355,0.37118215621615575,0.16008797302032918,0.087915812088992504,-0.20388715099917937,0.97503889134853072,-11.151785437349435,-16.07173244735101,0.82507428388915438,0.2916906060253759,0.2751732199907741,0.5,1,6
0.17148033200892449,-0.97343244081804581,-0.15173588533082794,0.98105082655775488,0.15462355136957903,0.1167511587617216,-0.090187423981698045,-0.16888114318916811,0.98150159858793107,5.1339057147813527,8.9788801241698195,-1.4612815796600931,0.386858771508235,0.1347795059555192,0.3333333333333333,1,4
-0.15264079115694495,-0.98817809490879571,-0.014312289034447541,0.9856488897364275,-0.15327457629523156,0.070733092841084838,-0.072090602968280001,-0.0033101365441492144,0.99739259469866171,-5.6967391726305161,-9.55464947445906,0.024109825520837225,0.1690473892731056,0.1402490840580693,0.6747967479674797,1,5
0.70702377128729499,-0.69961285113152538,-0.10324362143158933,0.70496755782934173,0.68568622605745355,0.18125987367098373,-0.056019007870766149,-0.20093844312800205,0.97800082455510717,5.1177261114147585,14.474432371518485,-1.7234196177254115,,0.4554410789612023,0.1071428571428571,0,4
0.66673227632638232,-0.73812624895322487,-0.10313928597232704,0.74244705976314207,0.64570067566561629,0.17844607278960034,-0.065118623708621079,-0.19555121592873767,0.97852914458133844,6.9337492312341586,-7.2340905937601416,-0.23486867818339088,,0.06997617676474702,0.4666666666666667,0,5
0.52139892603121651,-0.85239716339353078,-0.03952512836357186,0.85050550965341432,0.51537132822419907,0.10503700344931423,-0.069163125888585975,-0.088382520234985884,0.99368254092251795,-12.619821962930033,-15.414847174131282,0.79413914993299606,0.2336638818067946,0.2354020854949791,0.5625,1,5
0.71155171565804209,-0.70245812103168981,-0.015708091568500854,0.70024418430679403,0.7071124285308833,0.098234900934795408,-0.057898517153802447,-0.080898712065052794,0.99503927565579331,18.913949941237131,-12.050004811012592,0.46579817017468228,0.5212093221242656,0.5464357521160534,0.86,1,5
-0.94943379640362957,-0.31222822583406767,-0.03300001877427574,0.31372764482761195,-0.94756010160225412,-0.060867222069408332,-0.012265036384449443,-0.068142415895221561,0.99760021052446213,0.48274896790512462,11.452980615274678,-1.6837982109171381,,0.07383248678771527,0.2222222222222222,0,1
0.28053043428818913,-0.95895757438510465,-0.041267977506978033,0.95748482950305391,0.27656852805342791,0.082052730374243571,-0.067271663496512743,-0.062531750493622959,0.99577321889605708,9.3234523841465009,1.7332614807965281,-0.97577092561359291,0.7198444778373514,0.6674200036178669,0.9726962457337884,1,5
-0.83548138063906363,-0.54502970815497798,-0.07009621839974671,0.54936477817980311,-0.82540460628141354,-0.13002144601903748,0.013007809227585323,-0.14713889070509262,0.98903030476379961,-14.622462650998115,-24.128776323574883,1.623013333126494,,0.5883358473075327,0.8717948717948718,0,5
-0.21078235814959118,-0.9445507400455897,-0.25178303551316866,0.97499254481272313,-0.22169866735923599,0.0154673349594554,-0.070429646119419334,-0.24222634119861305,0.96766009764639205,-10.869622752175129,14.526044191560489,-1.3921295813737684,,0.1197076637214886,0.1,0,1
0.96501484846768304,0.25829920617668045,0.045031792384840473,-0.26206642427572174,0.94482539542674848,0.19653539483773849,0.0082177554254261841,-0.20146089507689827,0.97946208515214228,-17.114847943764243,-19.654145526954355,1.2369691323644125,,0.3855620482610503,0.3076923076923077,0,1
0.2531699403414257,-0.9644028895819009,-0.076367845809594589,0.96125762400591486,0.2418747187748482,0.13221346644003781,-0.10903559784777554,-0.10688164942433841,0.98827503834626418,1.2541507170901089,-18.932021999405851,0.94011154449055534,0.5396556305931395,0.4627037253130835,0.8289473684210527,1,4
-0.12110936110982415,0.98608529450678339,0.11387850810859536,-0.99019800197473951,-0.12805470400300059,0.055766564067881046,0.069573267400657404,-0.10600841825144414,0.99192831178620067,-12.492772924994622,-3.0599001270414674,-0.29469311310944996,,0.5355788832763539,0.8023255813953488,0,2
0.87004252401997162,0.4742446863674431,0.13460306032629918,-0.49251853353227465,0.82443626319504637,0.27880161774316992,0.021248541695313847,-0.30886376508298358,0.9508689047889769,-1.9215121637327384,9.3553760908863772,-1.527341007707802,,0.3587802009332634,0.2307692307692308,0,3
-0.11388057551151294,-0.98569882549534438,-0.12421368659799809,0.99039345569697923,-0.12250501276802216,0.064135206862558414,-0.078434797339975632,-0.1157166680465947,0.99018060741585479,-1.3777993391856522,-24.209565713479961,1.4823408562194584,,0.1260979017392342,0.1538461538461539,0,5
0.47263213396861009,0.87877657167129675,0.066110536391110822,-0.87650748058967531,0.46097845773034113,0.13868488734860904,0.091397496741530776,-0.12349331394937395,0.98812747102748988,14.301127607145323,-7.1563939205948772,-0.079283928984441282,,0.2463327094399473,0.1304347826086956,0,3
-0.99947079600202737,0.029700862795191754,0.01326599744824003,-0.029414036410612257,-0.99933998517689138,0.021316859259460422,0.013890370805370506,0.020915371760350489,0.99968475272108515,1.064084815713678,15.129258364942052,-1.7169111852818668,0.2347552516536397,0.09775394975050082,0.2439024390243902,1,5
-0.82034481327759001,-0.57149546685891572,-0.020671688084588542,0.57095209108789313,-0.82054031584738474,0.026968495535294706,-0.032374326416452735,0.010320921896066383,0.99942252404090659,-12.145979597088116,13.002578458313057,-1.279717383725633,,0.07953825190070964,0.3571428571428572,0,4
-0.1976411285068557,0.93939228990520607,0.28014301702735911,-0.97772675211752891,-0.20949668308495767,0.012709758853366641,0.07062848233005159,-0.2713913510837358,0.95987413343661843,-2.8469445617974567,13.707452843034886,-1.6216973099601388,,0.4320972692503696,0.2666666666666667,0,5
0.98582830524961129,0.14496386932954169,0.084427656355519326,-0.16173135852410367,0.95495858302485837,0.2487912224679589,-0.044559176817194297,-0.25892002876595138,0.96487040501054411,1.5508521779735081,17.618447233289356,-1.7997888948267335,,0.3063458670612752,0.1666666666666667,0,5
0.61581443033488936,0.78701768693292684,0.037091075018953874,-0.78593049302482576,0.61028173499987115,0.099345176326294082,0.055550405264686187,-0.090329200042363125,0.99436149769318605,-16.762168450702919,-17.250583703367418,1.0374497968076801,0.2674097675380631,0.1678777907941881,0.7948717948717948,1,2
-0.071538254398653231,0.98189296850639096,0.17540945400776464,-0.9927613448457232,-0.0871026249605239,0.082692471876818469,0.096473780571229073,-0.16822405036942498,0.98101655365217977,-19.619956827497973,11.852159417619154,-0.97632711440717246,,0.2956095535286122,0.6,0,5
0.39687782292435697,-0.89636559777929536,-0.19752647617114552,0.91203326624728809,0.3608802875633228,0.19483515931812198,-0.1033601225285998,-0.25747647109198324,0.96074062675880034,2.889873067988955,12.929977165936371,-1.662460589425935,,0.2890709615338968,0.2191780821917808,0,4
-0.93155557550356805,0.36164360002611856,0.037657885075566604,-0.36189005357870024,-0.93222073797688831,0.00029121578180897503,0.035210777739511367,-0.013356730362438514,0.99929064785226696,6.8178713085515703,-17.540537815929397,0.87620818551241275,0.4297647206146232,0.3811149514681468,0.4,1,5
-0.37966726275221391,-0.92509066709276222,-0.0077477256088830443,0.92355159671659326,-0.37949696485043166,0.055086312923831593,-0.053900072323453091,0.013759045285897062,0.99845153656867469,-10.068471605422738,-4.6888602529683743,-0.32839527870027763,,0.07183860608317257,0.2051282051282051,0,2
0.99939331715130286,-0.033719532545174576,0.0087172678203257924,0.031468325760989235,0.98149800700329082,0.1888687552835826,-0.014924547132715052,-0.18847985402558134,0.98196364623105059,13.233366293923771,-7.5674633346293536,-0.062296907739494929,0.180579596406485,0.1990728987955353,0.2777777777777778,1,4
0.9952554145642003,-0.096522401145274037,0.012250953342243059,0.094825368160903881,0.99045450839699389,0.10004007371658408,-0.02179012009586076,-0.098403723878831742,0.9949079845860056,1.6210035733700734,-3.8940193063515949,-0.70663834221793886,,0.06684984191982588,0.2255639097744361,0,5
0.4056907160827834,0.86980217253503811,0.28081884469808749,-0.91178168235240198,0.36368447589948516,0.19075577505371341,0.063790333208602057,-0.33343332563354711,0.9406131036436236,-12.411448916738422,0.062806650895048832,-0.51740795928246042,,0.2925936722375663,0.4117647058823529,0,2
-0.49060773951230868,-0.87065415821339587,-0.035572218321980972,0.87066717926475723,-0.49144897029555878,0.020410108931291408,-0.035252076276083573,-0.020958205580608388,0.99915866844914425,21.771736767848825,-1.4110515387115237,-0.48589935052860933,0.2225701979035023,0.1876723395034075,0.3478260869565217,1,4
0.3776729083167174,-0.92108297890756163,-0.094706495502500362,0.92005050156011114,0.36178608131176876,0.15039250628958631,-0.10426048581596606,-0.14393393392750412,0.98407965823990695,3.4971497581736157,18.821930642088692,-1.880520149870067,0.5054391314717508,0.4600362954471562,0.6153846153846154,1,5
0.4965331884232857,-0.86663441883856374,-0.048985476200102573,0.86489608474757129,0.48917725543229795,0.11251833342192097,-0.073549679690179892,-0.098236433425024805,0.99244145810491113,2.3281936529178924,-8.6829576776003474,-0.1363845197663632,0.1533631897100766,0.1510733378203309,0.7204301075268817,1,5
0.95351450889330258,0.30128535928247585,-0.0061002960578031553,-0.29413706895046632,0.93491167161803235,0.19855364751523683,0.065524545013239857,-0.18752946049729277,0.98007103591852018,3.301418253801804,8.033086574619638,-1.4282333024180311,0.7310704479605126,0.3597763731829494,0.2926829268292683,1,5
0.97243520411869855,0.23224429762584001,0.020793268403634785,-0.23290278622948543,0.96314341810881077,0.13457729496545576,0.011227909741706999,-0.13571050944549931,0.99068491038718998,-0.2519986129887774,-17.883170234013523,0.86149596850766741,,0.09661617679801822,0.4117647058823529,0,5
0.56125283422166516,-0.82751563599408107,-0.014598913091748834,0.82590979348907978,0.55884798863849627,0.074578405812498832,-0.053556223699722599,-0.053914726930769735,0.99710828555528819,-3.0467614135650738,-11.249365612374442,0.1600990203347693,,0.1016752311145038,0.2424242424242424,0,5
0.70246104628077732,-0.70907967668582295,-0.061273897943934848,0.70988928527374173,0.69187588718169379,0.13177617155646959,-0.051045872621116553,-0.13606531096378896,0.98938392449072832,-13.239650887441609,18.668049653229264,-1.5287294834994893,,0.4212615901714472,0.4545454545454545,0,4
0.24019948894970239,0.97007973226235034,0.035348529843671032,-0.96817063656150715,0.23676968096265877,0.081152551881797208,0.070354985668315342,-0.053716210129232285,0.99607466826587021,11.072135135322869,3.8548297516455676,-1.1042483876967992,,0.08437727478574844,0.35,0,5
0.65723306059874631,-0.75155819894530262,-0.05661252206091482,0.75097257039891474,0.64664590495182295,0.13375078361447251,-0.063913242481130533,-0.13041988808127086,0.98939665970146506,-23.552745064469402,8.8292072309691463,-0.63542125615066614,,0.4184461112053269,0.5161290322580645,0,1
-0.99982279314996025,0.017741221635666798,-0.0062953437303835853,-0.016554668317522961,-0.98783040232438279,-0.15465134723157922,-0.0089624357574450194,-0.15451972462608066,0.98794905205014039,3.1270648206377381,15.554135723981934,-1.766836054188279,1.066799968009224,0.5885481462623585,0.7746478873239436,1,4
-0.65861627650831056,-0.75090701040689367,-0.048613393628822409,0.75056066445017844,-0.66017499773335897,0.028769104050482532,-0.053696268943351402,-0.017539500835018006,0.99840326352232156,7.4977529668549989,11.721327799182214,-1.6302845053727222,0.6942274707125479,0.3173025424098859,0.1666666666666667,1,3
0.92635246345308453,-0.37660994519285423,0.00600521741795407,0.37301044079098339,0.91947889255848447,0.12418444830307587,-0.052290768930259586,-0.11279856081199983,0.99224097887732032,-11.058994232178851,-4.4856427060212454,-0.28711635606922015,,0.1286122746220335,0.3516483516483517,0,2
0.67257771318691872,0.73794952095886146,0.055405092192352255,-0.73856747646899545,0.66466866166649574,0.1128434885170197,0.046446769817461854,-0.11681641457884899,0.99206684394675093,-18.024965440295237,20.123504281664172,-1.5017123836955513,,0.425111388562576,0.54,0,2
0.95427757470790942,0.29075225255059367,0.069407766469955737,-0.2987162986398903,0.91894759249794578,0.25749542747224724,0.011085275660808408,-0.26645534312335917,0.96378351655573469,-13.341584956455629,-9.5259061112286059,0.25834519231351971,,0.2388804407853955,0.3181818181818182,0,1
0.36841081524239655,0.92810574504843923,0.053788448764722274,-0.9278594941528745,0.36347785941445615,0.083430239277241289,0.05788117416574818,-0.080644725330099643,0.99506090163046179,-1.838124131274504,-6.2401509947200822,-0.41658705360821352,,0.08909399303629206,0.2727272727272727,0,5
0.20280225260670992,0.9665987865428034,0.15671002581719468,-0.97557051723327703,0.18563898344357632,0.11747482169058042,0.08445953020732655,-0.17670583940554194,0.98063328215859646,-15.860994544073399,5.2444568377959646,-0.73266573969958726,,0.2905173026399965,0.2592592592592592,0,3
-0.51119837576148874,-0.85253888372503361,-0.10887457166707352,0.85649994016762077,-0.51584149954679248,0.017759499941662808,-0.071302686567037976,-0.08417243659410957,0.9938968396197525,-2.4041406961024281,15.706214499290057,-1.6984637857689056,,0.3169043352409698,0.3333333333333333,0,5
0.9991275498105977,-0.040053677009183691,0.011825488045571096,0.038314815624280844,0.99178477665305298,0.12204479383788598,-0.016616681773125166,-0.12148522444025334,0.99245414308649649,13.026742247050915,12.904318948341514,-1.6663611135699472,0.8721515623922466,0.8560375863028724,0.9540229885057471,1,5
0.041412609832310134,0.99375801744149395,0.10358570614534486,-0.99673706014385877,0.033901171108496039,0.073252600863391637,0.069283682658009355,-0.10628129359499419,0.99191938077099795,-19.627052920765102,10.888577555306265,-0.92211320306911848,,0.4812528631015413,0.5,0,2
-0.86501491607289738,-0.50166144853836814,-0.0092187863509889424,0.50081801660264846,-0.86438609664500798,0.0449220455121618,-0.030504249172673192,0.034241305132739638,0.99894795850695761,-7.820390362937311,-6.2997307875277162,-0.25449676956826212,,0.08563911879410886,0.3928571428571428,0,5
0.96657684922389164,0.25490555594665876,0.027429037386327647,-0.25630238767131075,0.95816728762602654,0.12737556672050701,0.0061871332942611268,-0.13014840172245656,0.99147522052277759,-15.233211560013986,16.494294105581847,-1.3757493889432462,,0.1550337481212571,0.5,0,2
0.73382943833139214,0.67560018326569349,0.071124874759792595,-0.67793185063254957,0.72156755829487251,0.14052994241194172,0.043620652633372996,-0.1513428266808125,0.9875183985506808,-3.257923938668783,11.056513854955279,-1.5292006085345189,,0.08549213411847489,0.1956521739130435,0,5
0.77859968348607422,0.62499783598785341,0.05621599315039473,-0.62539108261007437,0.76546250615925704,0.1515029552721282,0.051657784187711872,-0.15311713383840975,0.98685693829345178,-7.5651038778454271,10.559616499440443,-1.3193166349348608,0.3289001294452686,0.2600709874016875,0.1568627450980392,1,4
-0.27525895623575836,0.96067581276631742,0.03653066900259426,-0.95838979083947473,-0.27719718263945398,0.068196266403800818,0.075640702182553171,-0.016238987115136445,0.99700289842648171,-4.5036567603420483,-2.6168366543721731,-0.79749776703805808,0.144267298268692,0.1123764722350077,0.5718085106382979,1,4
-0.2824116456957822,0.94588332508933159,0.1598386614475614,-0.95853054480968092,-0.28488562836769993,-0.0077054147452127394,0.038247314183546433,-0.1553863380979453,0.98711307806666926,4.6193990377045706,-14.522144778541255,0.52416133903625461,,0.3791810904644082,0.1538461538461539,0,4
0.99848132131036782,0.052930271902865769,0.015278655392131217,-0.054366882444488909,0.99152698816904861,0.11797658168333044,-0.0089046666175633098,-0.11862806602446613,0.99289883113221844,-0.8065512979659476,13.013271596482442,-1.6577593799616022,0.1679217538029306,0.1147684868566119,0.5522388059701493,1,5
0.25765174840892113,0.96160134616535931,0.094543257796596072,-0.96394172528134436,0.24906453641486856,0.093718765261129017,0.066572718161796413,-0.11528099476242495,0.99109957392944836,-12.129928519654738,20.707626568600332,-1.661250590425688,,0.1064961946835712,0.125,0,2
0.041924591192462862,-0.98958595675915118,-0.13770244310984517,0.99630155494493611,0.031060961413769708,0.08011509402325552,-0.075003601697835973,-0.14055195075532601,0.98722824558013134,-24.382989478256764,5.7199643069499126,-0.42255990455693959,,0.2487020221695017,0.4444444444444444,0,1
-0.54345639255025868,-0.83673087520302669,-0.067354226877274118,0.83780819999016576,-0.5456494118289007,0.018550994582842466,-0.052273984212963379,-0.04634826698756736,0.99755664937974864,-4.2432675835344869,11.658308052001621,-1.512037502258893,,0.08542458739497807,0.2903225806451613,0,5
0.71217771771027982,-0.70103385919240502,-0.036802536091714758,0.69937284987789583,0.70400695038782402,0.12349830225273521,-0.060667250231479085,-0.11369143358864382,0.99166211114366543,-12.079616148873763,5.4358009121127724,-0.89170793804659887,,0.08406968225123573,0.3146067415730337,0,3
0.45407500091766112,0.86233549157238754,0.22403882144895026,-0.88855484911190918,0.41981951083424768,0.18499150910948653,0.065468875516067199,-0.28307080085643155,0.95686192736525977,0.72733373855436412,-15.964901749125133,0.66271913726902854,,0.292444575774412,0.1428571428571428,0,5
0.89621142372705465,0.44029989650139306,0.054231772255641519,-0.44351683896461541,0.88654191118634418,0.13166720649007146,0.0098943183676670314,-0.1420543587889021,0.98980940671076267,8.9426066828291955,5.3833888506131133,-1.2562966034166159,0.2489926127480486,0.2071494113085675,0.5416666666666666,1,5
0.49870817988631805,-0.86614421316348611,-0.032929520462348462,0.8637004839437088,0.49338894927526322,0.10290198622210629,-0.072880898388249807,-0.079759305014878282,0.99414628094343527,-11.398847116289078,17.798043328266953,-1.5324855340944308,,0.1046495020158532,0.5652173913043478,0,3
0.99524921597080318,-0.087426525205259287,0.042843912053375226,0.080632704398742081,0.98678519796241659,0.14054657613624544,-0.05456523701816253,-0.13642424921109345,0.98914663176717277,5.6147697460448454,8.0131180464232195,-1.4242601875778889,0.3521853183494888,0.3247764692295493,0.6666666666666666,1,5
-0.1162192652378876,0.99277360275755977,0.029894080607082176,-0.99052341286796342,-0.11806864029828332,0.070165267323079289,0.073187778679026108,-0.021456230933968774,0.99708734783174335,-1.1332983174210374,-4.1693643007732808,-0.64393790829632025,0.4911431424228418,0.4420550429369297,0.9563609467455622,1,5
-0.92204137094227301,-0.372133018163053,-0.1065679457611432,0.38667060097512496,-0.89828010151317406,-0.20875513303154231,-0.018043187424312771,-0.23368756068378549,0.9721443140651661,1.5352037137334404,13.535345648840067,-1.6993700255351496,,0.3538193844360318,0.2,0,1
-0.44772190574099363,-0.89302872263068866,-0.045219417026915336,0.89232635630431123,-0.4494739611027157,0.041555169778340235,-0.057434910675695783,-0.021745317823283431,0.99811240458599626,-6.2339624710370467,-1.9923270058737608,-0.73538863410534561,0.1826701864870328,0.1274418641504428,0.5391566265060241,1,2
0.9875739519555321,-0.15701527792059702,0.0066250976181519297,0.15423859354901368,0.97646924848179195,0.15072578753957952,-0.03013545551264327,-0.14783101592332376,0.98855341031839183,0.34629253537532551,1.6296074271845182,-1.0964072294595946,0.8540699852107565,0.6207946292360649,0.9475327920049968,1,5
-0.28866248487014701,-0.95367914742332649,-0.084676169011765251,0.95504683888221842,-0.29305278201213769,0.044783953555132372,-0.06752410954373228,-0.067942260227809151,0.99540159930827021,-5.8913194245557365,-12.643741076525522,0.36258823686133362,,0.08140280089163643,0.1538461538461539,0,5
-0.64408594597616364,0.75136465299584931,0.14354251086148129,-0.76222058109011037,-0.6462313221575362,-0.037481515780164038,0.064599380481906124,-0.13355237358785904,0.98893411486832816,-0.96262354272428219,-21.163474109683456,1.1876080030466658,0.6625305998213402,0.6024026895539609,0.4047619047619048,1,1
0.88262529810610757,0.46913551427628569,0.029739744246183371,-0.46962851642147913,0.87725280270798611,0.099380967517643595,0.020533867313881533,-0.10168278805042295,0.99460493207475453,-9.4710589905529705,22.743054573415161,-1.8428428422910306,,0.5733985819892369,0.7837837837837838,0,2
0.93743150568536027,0.34268584924438505,0.061551449017349429,-0.34816828838928382,0.92215091601016519,0.16857203523031988,0.0010075259586548135,-0.17945499945465493,0.98376566725118753,-15.291146975141128,12.449296319309532,-1.1440321150296855,,0.2227012309229888,0.4375,0,4
-0.75466168732540051,0.65480614241294699,0.041408375257377159,-0.65356521198845896,-0.75578896909646298,0.040441907355951788,0.057777602595305136,0.0034568844907147738,0.99832349395772357,-21.781423650755585,10.806472169925048,-0.83828327544134285,,0.09664082213969129,0.2916666666666667,0,1
0.86658663340366981,-0.49776026603639867,-0.035529204346109754,0.49677310700333022,0.85372537252993297,0.1561072338390696,-0.047371795029866881,-0.15293039545493189,0.98710091033371383,-9.3798587146327748,21.164536768947791,-1.7585099169245337,,0.09375769372723605,0.1666666666666667,0,1
-0.21271981953606348,-0.97611299704384846,-0.044200626450566168,0.97523338075871568,-0.21489788969820345,0.052333068486252007,-0.060581609672181645,-0.031973645480874724,0.99765101842487591,9.1889917604683031,0.10754665767515741,-0.86958510082049367,,0.07924951549725642,0.4146341463414634,0,5
-0.81149812963409662,0.58209978264951057,0.051289654315043433,-0.58110984590026848,-0.81311435951073652,0.034005666516220369,0.0614990455058472,-0.0022093883404192688,0.9981046969156252,-9.9974052257233854,9.8818983976094437,-1.1764488877177588,,0.1258308161485531,0.21875,1,5
-0.0025473978928862362,-0.99905055302489032,-0.043491415987949422,0.99708943173307873,-0.0058515804366595665,0.076015946567812395,-0.076198266976241172,-0.043171188390578798,0.99615765449187965,8.6630332577471929,-3.5346170595950483,-0.53374293814072105,,0.06855634729368665,0.1944444444444444,0,4
0.99021008450177861,0.13750441320366505,0.024010932936830695,-0.1395621995729466,0.97840331288252991,0.15247737468507458,-0.002526064397888847,-0.1543356526859796,0.98801524548392017,-11.230580304702455,13.235075760815057,-1.3161474234375878,,0.0829127653861184,0.3409090909090909,0,5
-0.97442925748191334,-0.22457314965414577,0.0073839432326714052,0.22463775838406289,-0.97291845333379923,0.054475321667256903,-0.0050497199358033734,0.054741059699136035,0.99848781500406125,-0.67258537486580228,-9.0331300282143463,-0.1170885973044983,,0.07557230720441983,0.2816901408450704,0,5
-0.3952968605358565,0.90830814182816422,0.13680903310513984,-0.91622323851862741,-0.40049834962715691,0.011664010646535649,0.065386307809314315,-0.12073686858036088,0.99052876753604391,-13.795235498112483,14.630878024753917,-1.3126477845426012,,0.1836587577211331,0.1290322580645161,0,3
-0.86422369627111773,-0.50260015483783671,-0.022593962920887899,0.50293184439019645,-0.86423736061263978,-0.012383231386611328,-0.013302732868224401,-0.022065105444603616,0.99966802910764108,-17.581616340154522,18.179134650986285,-1.390276064191218,,0.4600039457011624,0.9466666666666667,1,5
0.95371857217576772,-0.28914695828667769,-0.082552538426012179,0.29881808594044307,0.88066102075244967,0.36761925689787311,-0.033595187183671001,-0.37527350431494183,0.92630511191360587,-16.555665698928856,16.326378842564957,-1.3405850099970351,,0.3696888718750806,0.1428571428571428,0,1
0.95746570331015013,0.28482597362720574,0.04619081869933564,-0.28776058212170597,0.93073054145521261,0.22568674435922267,0.02129024099857766,-0.22937921429328006,0.97310426044099763,-13.763458780320118,8.5186786260194669,-0.9931489257959718,,0.1634236022037286,0.1176470588235294,0,2
0.22730240020478715,0.96616702834169876,0.12188064738306434,-0.97187466777013409,0.21714812887751997,0.091139016187826188,0.061589357910564767,-0.13916883081482026,0.98835155057388391,10.861104274778233,-14.233624961064221,0.62087335342844618,,0.4445330821111569,0.4705882352941176,0,5
-0.97433818099589542,-0.2241940780669584,-0.020053040001906386,0.22505229704105154,-0.97191639357460857,-0.068774904561725789,-0.004070951996501075,-0.07152299812392314,0.99743064324754349,2.1182426788152044,8.9388148014149671,-1.5020039406002064,,0.1201196303717453,0.3076923076923077,0,4
0.58035880317220345,-0.80873343089013283,-0.095571425338349725,0.81080246952522483,0.5628709466915981,0.16054797657492331,-0.076046137261044033,-0.17066497921712084,0.98239017191566769,7.2717534701922864,10.14344618196958,-1.5352910346689248,,0.1078880410921279,0.3333333333333333,0,4
0.63951991962392918,0.76768577896542745,0.040900087756007224,-0.76683302488380756,0.63322279819491867,0.1048618128479013,0.054602054464591328,-0.09842475613606147,0.99364540104999399,-6.0454300603590259,2.5665075384801028,-1.0278900420102799,0.1782411956920175,0.138735325888047,0.6661828737300436,1,5
-0.95416747901393306,-0.29926362363458431,-0.0023886316780649067,0.29916298040051659,-0.95400238007160143,0.019518452182494424,-0.0081199230338599888,0.017909282141335768,0.99980664353819226,14.565695742986296,-12.193736247787237,0.43868996149196587,0.2090201574829359,0.1717376743050648,0.4285714285714285,1,5
0.16200454839319683,0.98523233968923829,0.055423488977011826,-0.98430605677344507,0.15735903399895629,0.079873155803603338,0.069972229484472834,-0.067493490422291219,0.99526303852378029,1.5719061078864005,-7.8656867976622538,-0.22326258592891185,,0.07237814407180421,0.3684210526315789,0,5
-0.49975652917067587,0.86513096373697218,0.042329979149749557,-0.86329562637688717,-0.50148052196373516,0.056902966262920796,0.07045617808126349,-0.0081056569455302489,0.99748194234064369,-18.075921268138146,5.5606795822669657,-0.69365841240335846,0.4308895441481687,0.4133893014769811,0.987012987012987,1,1
0.94159080337710743,-0.33669000745895833,0.0068262634685568981,0.33315489374588736,0.9342794087386096,0.12700316208741941,-0.049138332987821783,-0.11731080634077759,0.9918788227131663,5.2047267649017801,-7.3489404188126821,-0.23441300843707238,0.2081991057064736,0.2137683716955396,0.9550561797752809,1,5
0.9045078943300302,0.42433973894893706,0.042441195122231316,-0.42549501291103375,0.89130711104071858,0.15660660201948093,0.028626265605115161,-0.15971042469731522,0.98674876091156494,-4.7577836284313593,-11.166432841702541,0.18568700709220182,,0.06658030072490544,0.25,0,4
-0.48440115325068073,0.87053376643422897,0.08675531238631505,-0.87179939119355288,-0.48860370682243937,0.035103264718874892,0.072947544468352138,-0.058629166608508983,0.99561100665813762,29.95839065845086,-14.815378207978926,0.77359392260405224,0.6477441860085371,0.8153833765807391,0.956989247311828,1,5
0.075804683623155775,-0.99673489841749785,-0.027806334124670866,0.99430674032818045,0.073466897527958527,0.077179797263045247,-0.074884952285099157,-0.033498615557602182,0.996629362740724,-11.262872616474201,6.5419463541043408,-0.97186437889768307,0.2354158503484305,0.1992532333961615,0.8347578347578347,1,5
