axis_00,axis_01,axis_02,axis_10,axis_11,axis_12,axis_20,axis_21,axis_22,location_x,location_y,location_z,dbh,dbh_approximation,score,reconstructed,number_clusters
-0.45760938830520675,0.88853533853013067,0.033145134153905347,-0.88886614468770331,-0.45619626809293412,-0.042449285107032206,-0.022597003406487647,-0.04888677900236095,0.99854867596718633,-26.921333591422819,1.2393313080563533,-2.1962078278817692,,0.07568171172592544,0.2307692307692308,0,1
-0.49909416775569798,-0.83911038949611505,-0.21633022431441543,0.86561100163676719,-0.49437380812401721,-0.079448925016953928,-0.040281578390616558,-0.2269103172635292,0.97308226906142159,-24.285162269130893,-1.5923787053874856,-2.1382694996576115,,0.1137744654496436,0.3333333333333333,0,1
0.9234707972991183,0.38140121091160267,-0.041650964585406548,-0.3769782908041463,0.92218977340985853,0.086333018484583593,0.071337611384991992,-0.064024511973447301,0.99539530191198267,7.3259424647966735,-26.171270599769169,-1.3104372021226376,0.2275980706426992,0.1710600467522576,0.4782608695652174,1,5
-0.68131180429299265,0.73051207381230521,0.046543907715947304,-0.73138014927518991,-0.67676148421420734,-0.084124733166785107,-0.029955009217601438,-0.091356463912669217,0.99536761747815827,-5.0690245539566172,6.2140470269400341,-1.2977775554470885,,0.1374959279847992,0.2170542635658915,0,3
-0.97436644918787663,-0.2054477039353961,-0.091658407386803614,0.21642625215286135,-0.96724184018313664,-0.13267592086813462,-0.061397883319194893,-0.14911225149804183,0.98691227390133796,-6.124996648268719,-34.648722139570566,-1.7794876781908171,,0.1789621809030442,0.4666666666666667,0,2
0.65679842095975438,0.75397167752448757,-0.011939167294374447,-0.75242559251240559,0.65633114264427805,0.055544206967166623,0.049714806216339912,-0.027498012403922412,0.9983848443144081,5.087962409300876,15.855836120083129,-0.74673655034441644,,0.6016548445051436,0.3043478260869565,0,1
0.90798993754722612,0.4150864137823248,0.057074884198865625,-0.41870562140355011,0.89387618965203675,0.16022159710296213,0.015487928139431791,-0.169377172802257,0.98542960043600425,0.62845151615636696,23.121221394287286,-0.6307606113046067,,0.2505558220004782,0.2666666666666667,0,4
-0.97394419034236313,0.22674489844275669,-0.0044119302512247239,-0.21803815929299858,-0.94154298078513654,-0.25681934589582517,-0.062386498463038349,-0.24916574075185868,0.9664493563788521,13.428727183341843,2.8120404208403769,-1.004665668509543,,0.4167289419191973,0.2272727272727273,0,2
-0.045987292611917155,-0.96312535229787655,-0.26509380354756762,0.998769247490078,-0.049266239964472276,0.0057295608789700312,-0.018578460278739266,-0.26450405169080765,0.96420560434630176,-12.081628366537648,17.794208847665931,-1.1617426211667312,,0.498870816705422,0.1351351351351351,0,4
-0.98314372977078168,-0.14630810160005828,-0.10964645921590009,0.17040082402631918,-0.95060639494103771,-0.25944371464415106,-0.066271907951623243,-0.27375430828279457,0.95951373774066451,-15.563617673727991,-27.695909434306611,-1.9972412153571313,,0.2750366508304629,0.2380952380952381,0,1
-0.87477481756462439,-0.47562152791673912,-0.092483407900693079,0.48103092484685961,-0.8753879178534375,-0.048012942184368398,-0.058122868956670452,-0.086487891975531417,0.99455596958938208,2.8962182087561992,-30.274609424084073,-1.481380108891249,,0.1033821298547037,0.1333333333333333,0,4
-0.50242386822254159,0.86334875094287822,0.046895531617315009,-0.86423758305565523,-0.4998455409180963,-0.056989782052708798,-0.025761534783814478,-0.06916190764914,0.99727276803085041,6.3258238207571065,10.92098891352828,-0.8821842944330468,,0.6320700997417152,0.3870967741935484,0,1
-0.84623423743123682,0.52845445465145946,0.067996358418675518,-0.53180563443627449,-0.8298948505857966,-0.16869292858033283,-0.032716701866232448,-0.17891457830542015,0.98332049256017695,-20.798305172291752,2.9873010474234207,-1.9129152569408192,0.452819656493709,0.4248854767647395,0.7142857142857143,1,5
-0.98285110471911019,-0.1694262224800962,-0.072790528838232033,0.17302528396804448,-0.98382740381092182,-0.046323758682111776,-0.063764857564352101,-0.058123959317874271,0.9962708709447502,-14.9297490734027,8.8362264644430333,-1.5729405585129497,,0.08545922960231826,0.375,0,3
-0.97740118350041694,-0.20495337939069916,-0.051778748230492985,0.21122340552069513,-0.95667264022819598,-0.20040492109489949,-0.0084616459524507158,-0.20681289059230576,0.97834392154938554,-17.443698473117589,14.175253708459454,-1.4572548404467516,0.7318427894123295,0.2904198870277267,0.4,1,2
-0.62906911683889399,0.77682371112541948,-0.028582653355939645,-0.77624402437422213,-0.62970997469496037,-0.030175526391186883,-0.041439846317848389,0.0032046221312552569,0.99913586139931432,3.146871829504966,6.9202338158680092,-1.0502135710337963,0.1995750748912395,0.1541491855211291,0.6238532110091743,1,5
-0.15264685585830909,0.98824723777363732,0.0081445951003251103,-0.98827362413984443,-0.15260916136178246,-0.0050683032615176085,-0.0037657968705020095,-0.0088227490743569975,0.99995398787779266,-2.400685326080084,-29.569182815040136,-1.5866107813537096,0.2691979950611136,0.306334643105069,0.9629629629629629,1,5
0.33632393382559006,-0.92365228791272469,-0.18371897716259419,0.94168756806626253,0.33202130711633782,0.054647742590218637,0.010523102466880053,-0.19138522057449514,0.98145858886665394,-4.0098770762666893,-37.453065740717832,-1.7606333250666273,,0.2213591199059609,0.3333333333333333,0,2
-0.50367385572776424,0.86356616571453049,-0.023793370703435037,-0.86358058773907154,-0.50404187944506662,-0.013051905827285047,-0.02326403955822828,0.01397358932374169,0.99963169380769656,-3.2106797513288647,9.5737738348758921,-1.1464561862262517,0.5740079954987242,0.4355354449844562,0.6,1,4
0.48908187866192027,0.87205733713265121,-0.017745892979418948,-0.87159572314644773,0.48940119995676079,0.028414096390765444,0.03346358255399326,0.0015704247809996729,0.99943870367754906,3.2238927340419261,21.57273957764513,-0.69814570313760693,0.4880297307438669,0.348915376761043,0.4102564102564102,1,5
0.55961562533308384,0.81711629117256845,0.13838828918462862,-0.82595706404900437,0.53619433371023095,0.17404184796936339,0.068009412808895608,-0.21169932261920121,0.97496570020281292,13.704533365049825,-4.4974266360063782,-1.0117681918318866,,0.3094625072446588,0.3333333333333333,0,4
-0.10536251632467748,-0.95618456570160248,-0.27314797540485386,0.99350079784796841,-0.11311102059956116,0.012730345414663268,-0.043068606074298015,-0.27003143026870813,0.96188779066887686,4.2737111494284248,9.2537942585904212,-0.96475385104443057,,0.1520480466411109,0.1621621621621622,0,2
-0.12745811318173261,-0.94158683120179343,-0.31171889370315442,0.98981865798800917,-0.14082676048279286,0.020660295998334209,-0.063351824622257857,-0.30591185468903936,0.94994972681597367,10.15073077165086,18.074914350473787,-0.66402744057504459,,0.4297384434286498,0.1481481481481481,0,2
0.49832088297248134,0.86250646228786976,0.088084619004622541,-0.86629076952655537,0.49125363676740319,0.090609971834714975,0.034879796825871542,-0.12145973355175481,0.99198333297436092,11.402724364284357,6.6042103901641278,-0.90588133854304465,,0.1660744418073286,0.25,0,5
0.93128956948044161,-0.34921154649640551,-0.10368719096649183,0.3597123296550645,0.92650582030632544,0.1104264679894663,0.057504588260930772,-0.14013657885110223,0.98846090544687137,-12.849586407606159,5.0788799014192669,-1.6067847501945276,,0.0932946776867211,0.32,0,3
0.24708661311124724,-0.89345423466682206,-0.37508363890889151,0.96896008815986312,0.23102637576459326,0.087995234270425729,0.0080344990163056657,-0.38518352023029201,0.92280501871660681,-23.375982292160607,0.68724090272075566,-2.0511054142910723,,0.1462410387048464,0.2222222222222222,0,1
0.89503377415450158,0.44338522485688575,0.04820876996312834,-0.44563861200546062,0.88473129664403982,0.13658975154967828,0.017910070144907534,-0.14373613017319331,0.98945396773687233,8.7941217142275399,-33.235803499395814,-1.3204046796936511,,0.469787133115531,0.5357142857142857,0,2
-0.98143511603357014,-0.17569279937432331,-0.076923034678740343,0.18465545728369498,-0.97398360534434503,-0.13137084385730588,-0.051840863336970376,-0.14313621752877531,0.98834434693584017,-25.434812317481633,-0.0021237264653788494,-2.1570799640994718,,0.1450764601099647,0.2,0,3
0.91552033559543455,-0.38716214481456807,-0.10921533195393097,0.39874260803937517,0.90928638985635801,0.11917463553940126,0.053168107406424608,-0.15265560862469266,0.98684822415113271,1.5822618823555541,-29.03231463075317,-1.4781430867822227,,0.1057048051310885,0.1666666666666667,0,5
-0.93009518308984862,-0.3558561162002416,-0.091046004612731476,0.36162841136338519,-0.93057183014613365,-0.057104824956129195,-0.064403745914780042,-0.086037744631970225,0.99420805871346085,5.0791959190158629,20.287301701652233,-0.62130592517243477,,0.2834930723543793,0.2222222222222222,0,1
-0.0064570551214033758,0.99157887603168915,0.12934310591171849,-0.9998209793131686,-0.0041013024190561945,-0.018471292421549147,-0.017785268185048414,-0.12943922097339081,0.99142784523604455,-7.8649270617034697,-28.107899633608678,-1.7113871278150734,,0.7334445592572391,0.7142857142857143,0,5
-0.044391027172105975,0.99884644182708016,0.018309078512767071,-0.99900153385268098,-0.044475413444622587,0.0042276422412891677,0.0050370692466749122,-0.018103128136076469,0.99982343675525664,-14.394818700588033,14.218539390113563,-1.368925608054149,,0.0902860706848316,0.2857142857142857,0,5
-0.074552721410690304,0.99696179413118613,-0.022562641090633204,-0.99720671876684386,-0.074429755336938033,0.0062427211011493351,0.0045444225731314748,0.022965029135802919,0.99972594027576722,-11.922284814699738,11.747951197055215,-1.3457014750003717,0.2257738295272753,0.08449768369226415,0.3947368421052632,1,5
-0.99788629457410449,0.012570041058333484,-0.063756859779594374,-0.0088713319620893454,-0.99827905127098393,-0.057967536283009068,-0.064375791803918489,-0.057279401719076757,0.99628049643076066,-9.0852538932088081,15.55605778712186,-1.1223578842530926,,0.350870831047791,0.6770833333333334,1,5
-0.89106099147643347,0.45009919723006148,-0.058489504373774474,-0.45054991011773199,-0.89273117069386665,-0.0059862646501611712,-0.054909816626347953,0.021018314024021816,0.99827007493646147,4.1200154395723505,-33.380873817040133,-1.4963428982596296,,0.1667801586543675,0.2222222222222222,0,1
-0.32355925306634031,0.94244660433356087,0.084284089455204603,-0.94611483852017453,-0.32099202462677129,-0.042788228030038018,-0.013271099694309393,-0.093586954786162233,0.99552265660142403,-26.26817894331225,-0.67228230465409478,-2.2039929069364557,,0.1801886719701205,0.2307692307692308,0,1
0.92071118359035398,-0.36258690755206546,-0.14429709242905217,0.38599801302413261,0.90054952879743222,0.20004019627100841,0.057414722441809278,-0.23987763683710073,0.96910384840448194,-2.9601204459580028,-41.096512659277536,-1.7448602624090905,,0.2426600306584764,0.2142857142857143,0,1
0.85437202117134248,-0.4931599565464061,-0.16383438802260897,0.51736544482302071,0.83682374568582985,0.17905031460295151,0.048800060888013384,-0.23773783021531278,0.97010271525330849,0.67076890321691118,-33.292350884850045,-1.5942677445737632,,0.2930496245566284,0.2142857142857143,0,5
0.030709977225067228,0.99952255466582385,-0.0034000019324275941,-0.99937122510931142,0.030644662360709077,-0.01783421128929636,-0.017721504517082595,0.0039455523191055065,0.99983517686394063,-7.9699192366011467,7.1012232081484887,-1.353569948634028,0.3420768393954778,0.4086009171074774,0.8491484184914841,1,5
-0.88189384807636217,-0.46544220615089937,-0.075011955436787833,0.46725407003505859,-0.88408976437963604,-0.0076761028414810764,-0.062744519766585308,-0.041819149352231196,0.99715308954378556,-8.0963969433483065,-9.6187651660762281,-1.5633980203815132,0.3907148152400554,0.3623274944239917,0.953125,1,4
-0.33213646681814224,0.9380260349531212,0.098957188519510839,-0.94263766683268269,-0.32637394327431674,-0.070101913096635687,-0.033460371752212774,-0.11656417503546279,0.99261936139715956,-9.7388577022010825,9.9850113968963647,-1.3653252772627074,,0.2281262235201307,0.171875,0,2
-0.20989528044994224,0.97582204979280851,0.060953247518089664,-0.9777083585936317,-0.20913248220834171,-0.018707496399145096,-0.0055078835305878192,-0.063521114785077631,0.99796529558671254,-5.0556930002713383,-28.325575688162591,-1.6108599761388038,,0.398081067337952,0.125,0,1
-0.21514072822491817,-0.9424802453728568,-0.25582309149248544,0.97632374717359305,-0.21360907624182537,-0.034104299612058867,-0.0225035055883951,-0.25710338315361525,0.96612185701763287,-11.884212671760181,-28.748938307807926,-1.9216512662002214,,0.366813344589542,0.1,0,1
-0.90512787680407047,-0.41374059544416247,-0.097786738945862317,0.42323245202053134,-0.89866967103269446,-0.11518295847337004,-0.040222110696045671,-0.14564182794616176,0.98851941800030241,-12.535901504858273,1.8990169735018261,-1.6781876006043295,0.4617561175046744,0.1857230365527165,0.3180515759312321,1,4
-0.68145807074499609,0.73063165748230929,-0.042335315059184746,-0.73085466477548455,-0.68241177667622466,-0.01286957767417965,-0.0382930384328692,0.022170884922595637,0.99902056789103544,-2.2035299199834224,4.1557524164052655,-1.1989722983958446,,0.08556034064563889,0.2408759124087591,0,5
0.46514407676306696,-0.86606870832017424,-0.18321020801488597,0.88506625128079819,0.45094570137111101,0.11535035872796609,-0.017283480436178437,-0.21580770811891889,0.97628290695907938,-11.479524931021109,-32.1516486436958,-1.9034607819966214,,0.4885467579115438,0.2857142857142857,0,2
-0.86322175370836973,0.50328843255575872,-0.039356798398937139,-0.50136616932306455,-0.8638085870658283,-0.049665774630563653,-0.058992950281904467,-0.023140409825784598,0.99799015689040338,-12.998196118701957,8.8291383956929739,-1.4816765463188322,0.1371947312037469,0.145701636341525,0.3684210526315789,1,5
0.2917370105102689,0.95133286122748595,0.099273883006832458,-0.95625056530126895,0.28772286682314191,0.052918883851361648,0.021780106967889824,-0.11036910371927208,0.99365199536088578,-28.601156361156516,-1.1968141634120009,-2.3143482157801865,,0.2481395476099389,0.375,0,2
-0.24321249050998289,0.93758433664733087,0.24856245922004672,-0.96989800872552323,-0.23188596229092184,-0.07434213584959283,-0.012063877079847683,-0.25916117025125318,0.96575874352956526,-3.5588489972287398,28.363371329179991,-0.68618800394644608,,0.5545329815517827,0.1818181818181818,0,3
-0.9705716517620816,-0.22799148743094236,-0.077527739905466728,0.23701722955042426,-0.96134778127646392,-0.14011879363975413,-0.042585228566542406,-0.15437073911154625,0.98709481470327309,-1.7716838715369398,-32.720285010023815,-1.6356097169138248,0.3792332207934043,0.2118190454778773,0.2222222222222222,1,3
-0.98665605413970847,0.15390369832526926,-0.053136451436528037,-0.15129075329697106,-0.98721673683768663,-0.050142023038423682,-0.060174236981427633,-0.041433876832313213,0.99732757660376992,-3.4250543310502666,-26.537342144878149,-1.5762788139132855,,0.1144026600862591,0.5384615384615384,0,4
-0.77746637701324206,-0.62455221588708343,-0.074030819558059527,0.62686869727837125,-0.77904741297220947,-0.010989299969791639,-0.050810126809737455,-0.054951414648236573,0.99719540364049841,-3.2610385591953994,13.838886764379735,-0.99925469861209393,,0.0769594890042727,0.1875,0,5
0.34040290385588973,0.93587410202261323,0.090914950419863375,-0.93981955110466542,0.33561773087991259,0.064030852566903593,0.029412147284818935,-0.10723993604244116,0.99379802863042066,2.6869397467585867,4.6564369563811914,-1.1239974357973292,0.7910541751355599,0.7036100816524344,0.4770459081836327,1,4
-0.44255135694672498,-0.86117238076352554,-0.25006084674473394,0.89598724264109786,-0.43608591660288126,-0.083880476661893105,-0.036812463772668079,-0.26117274733537127,0.96458988101694276,-13.80506284788655,-26.20496208800272,-1.9452617070516434,,0.7688372896170479,0.4390243902439024,0,1
-0.16397625196845197,-0.98011849270476525,-0.11171181248425779,0.98634280868189572,-0.16467851509659087,-0.0029749667378325606,-0.015480715483725094,-0.11067396678406868,0.99373619262075319,-17.62010524617148,8.3217132700186447,-1.6776032841252115,0.2314897686562561,0.1696552773532284,0.3269230769230769,1,5
0.71223201555139226,-0.646895786837558,-0.27249109525894272,0.70072395083761052,0.67811483931863148,0.2216894436331977,0.041370288204597983,-0.34883535610325311,0.93627047031623556,3.8978732138202901,-26.906217369959368,-1.4244163117864823,,0.4720263284170327,0.2083333333333333,0,3
-0.2286930183288555,-0.9267920891031991,-0.29791932959001982,0.97321802292882498,-0.22500482305243091,-0.047111669994327594,-0.023370562983117859,-0.30071457094539572,0.95342779674550049,-12.708865444194275,-28.685727356366385,-1.9614920044564848,,0.6516869298258952,0.3870967741935484,0,1
0.9134110674602377,0.4038525915658937,-0.050826234629968707,-0.40155083775314065,0.9144789880555344,0.049850828525482262,0.066611909902809893,-0.025124981401736399,0.99746257512182501,-3.3777867121507374,11.193696879577919,-1.1148600957824084,0.2194151424269765,0.1566269304448396,0.5915492957746479,1,5
-0.82827111208798176,0.55964712875143618,0.027605364710694403,-0.5541549489526636,-0.81085954717723707,-0.18819959432155012,-0.08294128906526449,-0.171177936755292,0.98174276495240487,-7.4968985546464753,14.551706508328392,-1.1409107599168244,,0.2925727234321093,0.21875,0,3
-0.99621274106671032,-0.051333526002745579,-0.070178655191428976,0.056554257805026174,-0.99561237382450141,-0.074549426635383054,-0.066043852556272528,-0.078235990411492692,0.99474486143124086,-4.792111483377508,8.9001588653468549,-1.2048380899252498,,0.07395404687248108,0.3461538461538461,0,5
-0.85946174861058089,0.51104382163302831,-0.012637841823343763,-0.50627928515845877,-0.85435040520264938,-0.11733145592512166,-0.070758660916402122,-0.094443620752162255,0.99301239388264384,-9.7712164598615718,-29.466364664202221,-1.7986925709365607,,0.372690241058588,0.8939393939393939,0,6
-0.055591475774297711,0.9980233450397622,-0.029308541022694201,-0.99844185638371497,-0.055424508045755161,0.0064794543694714204,0.0048422352561306977,0.029623076537208214,0.99954941153211341,1.9417654564771851,-32.523856663662457,-1.5460401924881306,,0.1072743613527323,0.2,0,1
-0.11863884468470427,-0.96715703719608614,-0.22479343836946777,0.99281840298946333,-0.11905060156006639,-0.0117717013909822,-0.015376710224581449,-0.22457564353748474,0.9743353309371442,10.444151462895489,11.792273062437481,-0.8044426931472981,,0.3559865850531872,0.1764705882352941,0,3
-0.76708747982389136,0.63474445945747837,0.093146494756727538,-0.63995373550684254,-0.74686764665576744,-0.18068739521536603,-0.045122219673566465,-0.19821248590063492,0.97911990875725796,20.410649599523971,-20.903321432237568,-0.94907988976975999,,0.197379922375238,0.8181818181818182,0,1
0.99170947827651079,-0.094068535588152424,-0.087540969316261458,0.10301255142947247,0.98922952399457253,0.10398732184964357,0.076816176320618934,-0.11214303130275886,0.99071853499654849,18.835606551939303,-28.640244664013004,-1.0000092034285581,,0.3969850248895828,0.3846153846153846,0,5
0.99674918245921618,-0.0032259629823172134,-0.080502549212555438,0.017177520998724209,0.98473265338910598,0.17322394211421183,0.078714674865755355,-0.17404365691425278,0.98158688125335647,-5.6378278958453318,-27.518820267198844,-1.6340701824461565,0.6543092159712648,0.2991371686668086,0.5925925925925926,1,5
-0.4713463196072249,-0.8702745549639016,-0.14302043901172701,0.88149226159945127,-0.47008078311331186,-0.044670461021356099,-0.028355594386449273,-0.1471266676369678,0.98871113270612687,-10.192394949886237,13.522641061189702,-1.2307964758527161,,0.1460388478014393,0.125,0,5
-0.36074808272473796,0.9292410470896505,0.079824164349870316,-0.93252879533411182,-0.3579190771575072,-0.047791004168440253,-0.015838771515972509,-0.09167884494499158,0.99566265507269902,-34.159771049974466,0.015275023627148379,-2.5036519426793435,,0.1858623522429402,0.2272727272727273,0,1
0.92033324339236655,-0.34863762433351769,-0.17730913119737807,0.38128686288569785,0.90076698468113203,0.20794029792044877,0.087218399994904217,-0.25898001121233832,0.96193674661839723,15.692518091421888,-28.890924486254018,-1.1272246120491216,,0.2803575173849693,0.1,0,5
-0.97781498685490464,0.20940756105201697,-0.0051307753983871355,-0.19984570328620022,-0.93994605682045818,-0.27670038877044684,-0.062765805658709484,-0.26953642359042718,0.960942542506104,-26.82406711151555,8.1293630184066519,-2.07226708029481,,0.1752594934967365,0.3333333333333333,0,1
-0.78356111390497041,0.61395284780241466,0.095361844840105056,-0.61983916973114261,-0.7618663805321213,-0.18803994756937614,-0.042794677741638525,-0.20644979750581319,0.97752089321241564,14.634924742155199,3.9276494940978961,-0.96314715251043281,,0.205009627058576,0.3142857142857143,0,5
0.33039763092599428,-0.93507172726484855,-0.12836771536652727,0.94349091024569676,0.33091430654097059,0.017905976942178544,0.025735340725075641,-0.12702986497843663,0.99156497802278354,6.2099163135386863,12.992904561022684,-0.82093867990251146,,0.07639586529936311,0.3928571428571428,0,4
0.45328553288031548,0.88890928993834872,0.06612488141924322,-0.8905771309808177,0.44851770154974596,0.075526453448495207,0.037477986277055134,-0.093124355878757933,0.99494887048872138,5.1545598297199628,7.6613355798392915,-0.99277824265396497,0.2006158186276397,0.1598603868842491,0.2941176470588235,1,4
-0.98867307027969609,0.13590041250343787,-0.063691741891038947,-0.13496375357556703,-0.99067207589374384,-0.018804873442112142,-0.065653220214342028,-0.0099957954048533471,0.99779243269815976,-7.7814592144825561,-14.469587141331077,-1.6097060137799124,0.3720245408408585,0.3512212572800698,0.9547038327526133,1,5
0.11292477901479521,-0.94473995737083782,-0.30775705878404763,0.99331407740653943,0.11481604103789303,0.012017501669673903,0.023982033075938766,-0.30705649263178414,0.95138907520646454,5.5891793211294125,9.6451309982820312,-0.92736749617686409,,0.3004982922645296,0.3829787234042553,0,4
-0.63879982233941246,-0.73106486476712884,-0.23974768086918791,0.76852006311658005,-0.62098911723530159,-0.15410849704869578,-0.036217393147797552,-0.28269538336934286,0.95852575377776739,-28.020970528584041,3.3708111004663586,-2.194282276593857,,0.4703645230768028,0.2564102564102564,0,3
-0.99433847052511815,0.087002144277247104,-0.061005187688673732,-0.084380039166025017,-0.99544751144176014,-0.044319983695252377,-0.064583395885547318,-0.038921444674734434,0.99715300035667676,-17.865407748826744,9.9295422340550026,-1.5876232937360759,,0.07974119343544166,0.2105263157894737,0,2
-0.78816584102303955,0.61514116977512112,0.019898449490848191,-0.61348017629749851,-0.78262294312071057,-0.10556231425592438,-0.049362742371491922,-0.095407914497551496,0.99421358345015221,-3.4043989066125535,21.292584179117156,-0.77901300993374667,0.471414520420437,0.429714553181279,0.6923076923076923,1,5
0.54434068387154011,-0.83335888641313416,-0.095948873461474266,0.83827520119108223,0.54467415241832828,0.02499509462728311,0.031430987103738359,-0.094037408107824141,0.99507238878689019,-15.507449066428858,15.070398876945442,-1.3680538947240457,,0.07434507773939213,0.2777777777777778,0,3
-0.9334600142727375,-0.34873854118065661,-0.083867941724644346,0.35235144125462414,-0.93530134595526748,-0.032555400474482375,-0.067088475908534728,-0.059940154733302276,0.99594493535075401,0.87363938810976538,10.69083990414747,-0.93859850763248698,,0.09353207377830272,0.3333333333333333,0,5
0.57050494356530768,0.8212038228078854,0.012181575155123857,-0.82052539483895459,0.56926661916874788,0.051706795729008687,0.035527254213100982,-0.039494274343239433,0.99858801139517916,-28.834033454112507,1.0482190892023919,-2.2765980685658023,,0.5179871283655478,0.6896551724137931,0,2
-0.61011289357889031,0.79227585914901244,-0.0078243273504506466,-0.7912596994901957,-0.60978034573875783,-0.045563339576957872,-0.040869855045963542,-0.021607706042384864,0.9989308094097944,5.1867291803024731,-34.925255543616124,-1.4476779854190227,,0.3104537441999583,0.4705882352941176,0,5
0.78282490761347512,0.62178681346696107,-0.023797533875521023,-0.61952423331598128,0.78240610570707503,0.063485510839358023,0.058093789291105209,-0.034954890228571442,0.99769898631546616,0.74635124760083105,12.886076229766198,-0.88536069461501188,,0.07398863295248601,0.3333333333333333,0,5
-0.60194338672717318,0.79681401883202085,-0.052455491306305342,-0.79783796209873414,-0.60286760283761398,-0.0022890353794709664,-0.033447651779466528,0.040473112576053412,0.99862063955680724,8.5474280153623177,7.5555649783345649,-0.93763614245675564,0.3425292448250495,0.2450242205763677,0.4090909090909091,1,5
-0.78766783036460519,0.61558089044889897,-0.025289450821551294,-0.61453549123991391,-0.78792884467782254,-0.038913567443613122,-0.043880736265844177,-0.015109700156247831,0.99892250847898867,14.080838819548262,6.1171207256490394,-0.92002036185680192,,0.0777647389058542,0.1,0,5
0.46405284472235248,-0.85956624941068926,-0.21401126180444827,0.88546643308595274,0.45683625607339495,0.085145939509071178,0.024579527723925586,-0.22901200407595068,0.97311322506992204,-27.245036784159371,6.9964376708141351,-2.0963950297483023,,0.176918624250463,0.2571428571428571,0,2
0.85185984183325303,-0.51361351767366781,-0.10264484563146378,0.52086158978378072,0.85132639812105138,0.062821717185622475,0.0551181835671175,-0.10697905554415264,0.99273232420181801,-14.90327294657234,10.984520460116237,-1.4781044514627026,,0.1336074861817139,0.1842105263157895,1,5
0.94814675940579862,0.31646689137708223,-0.029435170976369711,-0.30853230834598855,0.9386861994495328,0.15387018447277945,0.07632520772967441,-0.13680981552914009,0.98765253861867031,-1.4301486611643437,-30.390202784960685,-1.5720526069817664,0.3897306423627208,0.2210840701032977,0.5428571428571428,1,4
0.97426387413231086,0.22098136384440908,-0.04446504688141948,-0.21567650396316185,0.97121758583056528,0.1010942461848259,0.065525179884760365,-0.0889024060805714,0.99388269579168953,-6.3495641277195993,10.954264968733369,-1.1785869802496185,,0.08236053454793926,0.1714285714285714,0,5
-0.2708696615620601,0.9626016319023738,-0.005265425352474558,-0.96257275239080309,-0.27090530005840802,-0.0080009221379682329,-0.0091281323417793329,0.0029011479023438821,0.99995412921833571,-9.7158262230709322,12.528721897013968,-1.2723271522895119,0.1507281066330935,0.1096922444322787,0.4444444444444444,1,5
-0.74600640482358371,-0.61018203749247824,-0.26674393167177834,0.66338793422450781,-0.71595300122421945,-0.21754941683068743,-0.058231372021708555,-0.33924796411999286,0.93889292581897144,-25.550911178431718,-1.5386576873257096,-2.197265825452321,,0.4108004766657057,0.2758620689655172,0,2
-0.86957501191575748,0.49156242204849981,-0.046964708894253637,-0.49093224438572103,-0.87084123997331253,-0.024921199492424839,-0.053149130511307721,0.0013856375987976546,0.99858562473847767,-15.803124370518725,12.653993315254919,-1.4284765770238737,,0.07351209021140548,0.4761904761904762,0,1
0.36777296201264736,0.90364692935821667,0.21946588681139079,-0.92990571719917914,0.35846895386054917,0.082312612875570748,-0.0042901669808958435,-0.23435493632434914,0.97214163489055772,-7.5876002507521259,-31.232695852162699,-1.7727482940763186,,0.3532245422653727,0.3809523809523809,0,4
0.92394093026180213,0.38216510298610035,0.016822349615264888,-0.37881622174231877,0.90795625965471638,0.17920295951431975,0.053211159842924065,-0.17194552804141167,0.98366829157736391,8.8983873558938118,-28.213540107141995,-1.24453900736394,,0.1871350819571847,0.2857142857142857,0,5
-0.76064129989845042,-0.6187211617606575,-0.19649156948413152,0.64739862947401949,-0.74534041791926231,-0.15919383144801891,-0.047956516178265803,-0.24829777567566183,0.96749593650338495,6.4017157985485476,14.311374970349709,-0.79508784490655005,,0.2162785977830211,0.3793103448275862,0,5
-0.96080947035670972,0.27714967264459289,-0.0057637336730158011,-0.27174986338253371,-0.94578862453718904,-0.17786480665838814,-0.054746446683166389,-0.1693278968423293,0.98403805308865999,-10.908095630835705,-26.519536570657966,-1.861798331368961,0.7553519702515848,0.4927060296975691,0.5714285714285714,1,3
-0.88321694338516832,0.46886414695057865,-0.0097078639085275663,-0.46551144887832208,-0.87903305553691946,-0.10295619571755937,-0.056806002152639874,-0.086413534690655741,0.99463851681990512,15.255109198487084,9.0485825178273434,-0.84708726654706779,0.2835789583865422,0.1710454913852146,0.25,1,5
-0.63670073871558497,0.77106839942761696,0.0081051047594397924,-0.76966213844610132,-0.63482528917885817,-0.067948840030965768,-0.047247877852903637,-0.049501268904063145,0.99765588376718606,12.40482181248238,3.9894229938046899,-0.97416902739871047,0.1715437461932603,0.1766184325192597,0.3333333333333333,1,5
0.59958368159395936,-0.74579503814312431,-0.29032597170651064,0.80000887354850247,0.56851317539247703,0.19177740129853357,0.022027505757345703,-0.34724995390389696,0.93751387109943707,-24.450951359525451,0.82683744699851314,-2.1006991439120699,,0.2159914446707511,0.103448275862069,0,2
-0.66393533066599475,0.74758506156477533,-0.017505782434015495,-0.74638813946742255,-0.663941827935281,-0.045672687465448752,-0.045767040059363835,-0.017257602473931054,0.99880306026816734,-18.970241623026745,14.973786152202949,-1.5525051692140659,0.2520520125661394,0.2556012175731518,0.5555555555555556,1,5
-0.88878174101054352,-0.42685299315222658,-0.16692375230401563,0.45405378240942595,-0.86965501090517683,-0.19374035379138324,-0.062467427720058463,-0.24798525005431668,0.96674771074439958,2.0107075383045183,-34.881122137615961,-1.5841890170319837,,0.5357343350933361,0.1333333333333333,0,1
0.63964836331082753,-0.76049923494802163,-0.1117626277306176,0.76776858278666249,0.63914109400892571,0.045056245236733086,0.037166848124893292,-0.11462798782385719,0.99271297453388507,1.4226588011483539,-35.608650793141933,-1.6100182434836292,,0.2159962073420015,0.4444444444444444,0,4
-0.84627117180457845,0.53211835730842649,-0.025983794716828587,-0.52885771719075569,-0.84497141998749536,-0.079578981974498586,-0.064301001083089324,-0.053603667968679228,0.99648985345562613,-0.91966334065803679,15.782295348549694,-0.91379443910946823,,0.1045297757480922,0.2413793103448276,0,4
0.97704899347404051,0.2127007102982946,-0.011561668995644194,-0.20248532638740049,0.94423758044541428,0.25964414931281898,0.066143457341990897,-0.25134398642734723,0.96563515032213765,-6.1028308675131182,20.303300657425712,-0.85825963479911416,,0.2653977502034907,0.1818181818181818,0,1
0.91848633235230726,-0.38438633882272177,-0.092897792269077489,0.3917822106741915,0.91642910986838244,0.081635690632748517,0.053754596838302054,-0.11137696850025187,0.9923233415608258,-19.148580117505606,1.6649603094516481,-1.9171954869056562,,0.4038761519719755,0.3770491803278688,0,3
-0.18324448327204487,-0.91758319316405024,-0.35279249279601593,0.98285451802697399,-0.17846869019817918,-0.046324108333694249,-0.020456190855746875,-0.35523233276520871,0.93455418998250805,3.5598113866236938,9.8658268190043188,-0.9557317248625673,,0.3192080632649612,0.3095238095238095,0,1
0.99403046477799462,-0.085940880351518492,-0.067213095283954402,0.089351097361447349,0.99476993322437934,0.049489002344651152,0.06260843787820547,-0.055199139822733695,0.99651053103782161,-0.50935362820878405,21.26896932257252,-0.6819056971679851,0.211018605217441,0.1868960865347753,0.45,1,3
0.99779578429095406,0.021545631675386579,-0.062764309977155958,-0.0081621117059022391,0.97848910381200283,0.20613697789014862,0.065855544821224535,-0.20517031821609039,0.97650816061075885,4.3438542594687064,4.9649472284273246,-1.0661174084047216,,0.1490138687615206,0.25,0,1
-0.67048389799245589,0.71797811919376331,0.1869726260494495,-0.74095580711462483,-0.63512593629189174,-0.21817318110267725,-0.037892406046010171,-0.28482005794594806,0.95783177027895139,-26.387067581446619,4.900385216305164,-2.0693192196148664,,0.3926497032114381,0.2631578947368421,0,1
-0.98607302941424746,0.10120867453383445,-0.13197266709782421,-0.08683668192457189,-0.99008005533418431,-0.11045756968985715,-0.14184276976335272,-0.097459161850301637,0.98507986500450673,-22.621360945632919,15.629572495089292,-1.7521420386269015,,0.1742363101187964,0.2857142857142857,0,2
0.9732110221303536,-0.21066313781651094,-0.092094238523885694,0.22215493258844671,0.96481340050532782,0.14064952233110742,0.059224085730514388,-0.15734085474106116,0.98576689085134983,3.4113059122013705,16.175288100752695,-0.72968381781540981,,0.09634937096209371,0.1,0,4
0.91692602313131677,-0.35149955489212842,-0.18893049255010327,0.38522282374162875,0.90323167692238526,0.18914521900514147,0.10416354531752046,-0.24621251128773372,0.96360228056614383,21.171915692341912,-25.108648443361858,-0.92217298565661354,,0.4465447660925004,0.2352941176470588,0,3
-0.79072427816031732,-0.57916587848220513,-0.1982977587613648,0.60956720142215604,-0.77475978258222145,-0.16785441979140439,-0.056417575968887267,-0.25360237478202829,0.96566189353557397,5.3253643886760385,4.7831228727813437,-1.0475456002139469,,0.1040479829187049,0.3157894736842105,0,2
0.12567949017832014,-0.96598782310161524,-0.22599157366574782,0.99157481478856824,0.12951703102279641,-0.0021737874914426743,0.031369609904101481,-0.22381435229771032,0.97412683120835042,11.452872721767811,-25.842846939558317,-1.115341489618267,,0.3355847236674248,0.2368421052631579,0,3
-0.21977589238342526,-0.94859354241578886,-0.22774733459281993,0.97554755492871448,-0.2142648332810127,-0.04896477602998086,-0.0023505743288503166,-0.23293963275090096,0.97248835586561122,15.153778391128302,-24.714757485333521,-1.0668990131193989,,0.3170726900130174,0.2,0,4
0.84840774463784752,0.52901459884102942,0.018650819059371493,-0.52809896182231275,0.84347344217569542,0.098305843501183224,0.036273755812103334,-0.093252917151949971,0.99498146117499864,13.447069405558592,-24.819910448723483,-1.0694505699195622,0.3881833727825027,0.2759067368164334,0.25,1,3
-0.56606526153513559,-0.79322868228589472,-0.22440672289871799,0.82084664705875432,-0.56747352615390467,-0.064688322955959526,-0.076032241158337482,-0.22082131852119016,0.97234615420178616,-13.045942304436824,18.033656408744676,-1.1916997303561503,,0.5987789693736393,0.4545454545454545,0,2
-0.021888129176919683,0.98754416114432308,0.15581219333187582,-0.9996952275066241,-0.023399120074542173,0.0078697700230824404,0.011417613656694017,-0.15559245151835779,0.98775534781082996,16.030753966519942,4.4558205097983832,-0.93424413406989382,,0.2113757610134217,0.2758620689655172,0,3
0.49380851574973889,0.86594855217628575,0.07928590515870805,-0.85854866794036466,0.47104738077912506,0.20250567853507775,0.13801208117721522,-0.16806983680875531,0.97606618392617883,9.3196931273736503,5.8004646660494172,-0.95554059148109105,,0.7986637001108716,0.6883116883116883,0,2
0.91663291057801077,-0.36359156701365525,-0.1660881682776946,0.39195995649319648,0.89908163610762903,0.19498616391908621,0.07843149718790686,-0.24383064616775291,0.96664115174054133,-10.065694366593512,11.143959158540326,-1.3220349531088706,,0.4563005230145549,0.3225806451612903,0,2
0.42735515278618619,0.89891243575005797,0.096560893952951254,-0.9033718319824241,0.42033806664782752,0.085060231057087474,0.035873480007019787,-0.12358131970756807,0.99168581256944544,21.401584680030474,7.2400780509244909,-0.88101998856524621,,0.293161800163326,0.25,0,1
-0.93788880277002007,-0.31596022679016478,-0.14329594804224541,0.34084199367418616,-0.91622168069891419,-0.21062897988041057,-0.064740474101014814,-0.24638783838486059,0.96700656880354818,-14.227981920461621,1.2163652430949194,-1.7556930769505747,,0.2867480272694475,0.2121212121212121,0,1
0.92122349818258742,-0.36915116304714812,-0.12277900967663025,0.38476711277369152,0.91116801940501857,0.14740118500654167,0.057458988191872104,-0.18303076035047508,0.9814266174510925,18.794805225368734,-24.683837725169937,-1.023448618954754,,0.1271794844149932,0.2727272727272727,0,1
-0.3276422124387442,-0.87635777352139543,-0.35305471731286536,0.94382455736072401,-0.32058478528141726,-0.080128648864813759,-0.042962606427890473,-0.35947524008572551,0.93216509600726427,12.457382273154439,8.9785969205842253,-0.85428360352971322,,0.2317760458181419,0.2,0,2
0.97210162884419105,-0.22230655218683362,-0.074821254020988257,0.23143998325293941,0.96091866582584096,0.15189092079306363,0.038130792679274939,-0.16497004128716256,0.98556122495122644,8.9567226729040588,8.7270983166522811,-0.89375351894403432,,0.3968025429638304,0.4444444444444444,0,3
0.062387641300563852,-0.94918622597145053,-0.30846927016969922,0.99804233553487731,0.057972792842675952,0.023465970470188235,-0.0043907508514760543,-0.30932937738936939,0.95094482363114308,-11.523325511993187,9.5157990338980092,-1.417686299796638,,0.6500494692391798,0.18,0,1
-0.82833312040052953,-0.52456372063743173,-0.19671589828617375,0.55694681325982387,-0.80902924142012445,-0.1878348575927917,-0.060617562201464498,-0.26515012637785434,0.9622998086015393,-5.6542521495746181,28.178760204936019,-0.7451248738440206,,0.4188949003749406,0.5625,0,2
0.85145741823169108,-0.51437495294115043,-0.10216982296653697,0.52187000808097161,0.85027849489105489,0.068397191399716617,0.051691001187736493,-0.11155666234067957,0.99241279288591289,-7.6915265967477424,18.151783051914645,-0.92765377116832415,,0.07934724873590249,0.1818181818181818,0,1
-0.94975830338264866,-0.3063406882515769,-0.064144741618171353,0.3126114593944691,-0.93849120892285753,-0.14665717244571574,-0.015272216963231212,-0.15934124857067725,0.98710542795233613,-8.9845146496977257,20.111056750411972,-0.97355249369699082,,0.3640044982130441,0.7391304347826086,0,3
-0.99384748689814106,-0.073878896306891886,-0.082517158620044939,0.091374427281363538,-0.96795791792602826,-0.23389780495616441,-0.062593025372264383,-0.23999870375646759,0.96875318599216131,-13.342802261725691,14.902635014289995,-1.316150646456808,,0.5519180108473327,0.4090909090909091,0,2
0.66802431818997043,0.74399106295438999,-0.014859628219514179,-0.72962916810190037,0.65879184339612062,0.18339733948361928,0.14623538341233971,-0.11167186449029159,0.98292655235246751,15.514656713412634,10.986444275632728,-0.79714725689356591,,0.2274304794420575,0.103448275862069,0,2
0.45261414272594319,0.89168766566840363,-0.0057917785949823143,-0.89092043836942125,0.45247828464838907,0.039040676445092432,0.037432743689160726,-0.012510348375856179,0.99922083689413566,10.607365023666697,16.400768108912089,-0.68039095097138758,,0.260739212334717,0.5909090909090909,0,1
0.97343240015586241,0.22707096663519127,-0.029464189080258638,-0.22187028044695509,0.96719328914828828,0.12373649453942671,0.05659453137174008,-0.1139118849720078,0.99187758391897218,5.7792277348016494,-31.160638754202107,-1.4045247994801584,,0.1390938702404221,0.2758620689655172,0,2
0.10145059869272699,-0.98047833076321256,-0.16843401951111803,0.99483897146247391,0.099681533011449677,0.01894763404687266,-0.0017879833260412395,-0.16948697554759681,0.98553080532033799,19.431807148196562,-25.307694716572602,-1.0004015860673983,,0.2976683602748512,0.1333333333333333,0,1
0.63452230100790874,0.7520557442593726,0.1783076191588871,-0.77138715712912087,0.6017453625933108,0.20703712810435315,0.048407678521927802,-0.26891388235627905,0.96194699466040823,3.1156862752345647,-32.753597343659763,-1.5163085098920484,,0.2674327905683067,0.2,0,1
0.49244483034466702,0.83817510130178552,0.23443674759847807,-0.86942970748976878,0.4614046249260042,0.17662886466018909,0.039875716934825278,-0.29080624418095569,0.95595065539195012,18.833964322027498,6.5864871258982758,-0.89689831153958199,,0.7539955755944577,0.2372881355932203,0,1
0.53605063117918006,-0.78459348226375358,-0.31154901444498179,0.84375480808704839,0.50974743192093608,0.1680338640869693,0.02697303546859859,-0.35294563779603111,0.93525495567698669,12.821728454109685,-28.179306115921239,-1.1594724294994441,,0.4455694480671193,0.1153846153846154,0,2
