axis_00,axis_01,axis_02,axis_10,axis_11,axis_12,axis_20,axis_21,axis_22,location_x,location_y,location_z,dbh,dbh_approximation,score,reconstructed,number_clusters
0.91050218190873311,-0.41210584377823684,-0.033978673653687126,0.41289855021898925,0.90164768375182835,0.12863219508357948,-0.022373286895158984,-0.1311496393772805,0.99111008880180207,17.109191884301442,1.053823341557806,-2.3682181169481784,,0.09469535781812505,0.2857142857142857,0,4
0.20951288248496733,-0.97618220725637006,-0.056326284352177867,0.97760852575673662,0.20796543502668435,0.032123950596136,-0.019644908769993214,-0.06179543729308843,0.99789548625553726,13.974513145355653,-1.9613641051459079,-2.1855088014931394,0.1481113313976312,0.1207536617965906,0.4807692307692308,1,5
0.8714474428635135,0.48587076235841292,0.067148764783117945,-0.49014209204078674,0.85748487185669853,0.15646221315954434,0.0184413648227248,-0.16926103161140285,0.98539871079747154,-15.642983673672083,16.56918611232738,-1.5710007944708071,,0.3089973924324934,0.75,0,3
0.67125814196157541,-0.74092129711642551,-0.021169277966089091,0.74081036702221914,0.66965660688342998,0.052535977860655919,-0.024748878008853632,-0.050947623464532216,0.99839462774026266,18.335593702053817,8.1480895828637845,-2.6326746149494733,0.4145156683084796,0.2141865247740419,0.4210526315789473,1,4
0.53186357399559014,-0.8458568807258946,-0.040586647869706081,0.84644009195577186,0.52955338553655573,0.055788731807409876,-0.025696485879286277,-0.064026160242780947,0.99761733215598425,9.733463030448636,15.630960245462933,-2.5304121576189074,,0.1732014855776824,0.3809523809523809,1,5
0.99845917136688533,-0.054522597257028023,0.010323250539453065,0.053455951435156822,0.9949688779231276,0.084731300123121897,-0.014891083557436279,-0.084048904530281202,0.99635035869805577,-17.528685236513816,27.207990661352223,-2.058134646195549,,0.1292336779282728,0.3529411764705883,0,1
0.96681555318686385,-0.25503322595422984,-0.015024638942595342,0.25499797537857893,0.95974471132129879,0.11775449733925555,-0.015611491562381221,-0.1176781319964495,0.99292907026686539,-1.6983697398895752,12.749078523435525,-1.8752400466162578,,0.09187815392466299,0.2424242424242424,0,5
0.75422274255440458,0.65532174293791612,0.041248852669186903,-0.65660721328497196,0.75309074768583439,0.04148847083389174,-0.0038758322791259624,-0.058375842459043426,0.99828715254747258,-4.0500342019963531,18.18595170396161,-2.0757132983746578,,0.1147210110574678,0.6,1,4
-0.75528231027595905,-0.6469534061951383,-0.10488051295029788,0.6553507101632049,-0.74353879827241065,-0.13291163287012145,0.0080049030470242567,-0.1691193237809544,0.98556307553148503,7.8808488464733673,10.080311960609377,-2.2557950604235231,,0.2571694432622463,0.2916666666666667,0,5
0.94629284140518299,-0.32261503612862213,-0.02119898037718667,0.32290853208811426,0.93981198759411255,0.11172961952455934,-0.016122599356300518,-0.11257427076437737,0.99351250387293266,4.8881614780487572,7.7388083297090473,-2.004311704257792,,0.09706309857875613,0.1739130434782609,0,5
-0.92987566524223775,0.36394965505257476,0.053590071631035303,-0.36738361734408609,-0.92624888912802594,-0.084215634512092075,0.018987493185828163,-0.097998183535267125,0.99500544276215297,7.7546433669880459,2.4269809698429099,-1.9560626466549935,,0.07221194717498272,0.2083333333333333,0,5
-0.20445548346029543,-0.97710123696417761,-0.058916279635521686,0.97872050603331651,-0.20512470855811835,0.0054795080834058145,-0.017439218815816018,-0.05654225554416082,0.99824788854526136,-8.9131405692366386,14.849289627749236,-1.6955723165281227,,0.1240018483586788,0.4909090909090909,0,2
0.80939215140212983,0.57961548992961365,0.094499889324197728,-0.58622825786717592,0.78785578485004393,0.18873179900678491,0.0349395896748569,-0.20815654232326142,0.97747126758865754,-14.892417773579863,-7.4726564473877284,-0.7179655857937185,,0.3943400884544179,0.3548387096774194,0,2
-0.96756237109598242,-0.25006349648144865,-0.035934743168595074,0.25235394722364807,-0.9499942755383548,-0.1839248807665822,0.011855098471318756,-0.187027068019123,0.98228322416114067,-10.513888771489501,36.38866957662178,-2.5780460722208822,,0.2593947764258009,0.3043478260869565,0,2
-0.92077556846292541,0.37586499947584268,0.10439279041582063,-0.38415161376279028,-0.92020774313214126,-0.07513485957327197,0.067822490113683534,-0.10928500193839978,0.99169395389207793,6.495772317207483,25.807100313805105,-2.8402350710371285,,0.2992439684124686,0.5,0,5
-0.36867430685158326,0.91472727974593093,0.165388207427596,-0.92928130067606274,-0.36702960975294213,-0.041539496607540069,0.022705058496058771,-0.16900671363354741,0.98535334325584856,-6.6096367020737778,-7.5992117859470509,-0.96987708851976806,,0.0735669262505648,0.1730769230769231,0,5
0.96814151226698197,-0.24977682598774045,-0.017707326870310094,0.2493135469837128,0.95492210311037495,0.16114134255882098,-0.023340255264286115,-0.16042229954326565,0.98677247544378177,-3.9633166948963692,14.596102342089507,-1.9088894198825654,,0.1155854666153495,0.4333333333333333,0,3
-0.78804217909532936,0.6115431117141148,0.070742819294283388,-0.61495354773817223,-0.78732338026212456,-0.044204400424151843,0.028664579029205252,-0.078338479737871058,0.99651463837790077,-15.737449824550577,14.53850128996404,-1.4453216160735547,,0.08292816477135161,0.2894736842105263,0,4
0.32836230678946243,0.94145520691071083,0.076421782631751714,-0.94446515224377292,0.32615956761168097,0.040068848904223173,0.01279733085651341,-0.085334810224627022,0.99627014332804154,-15.463727804903698,-1.5249806455499781,-0.89536043776106733,0.7313856469909832,0.6273160771494199,0.7946708463949843,1,1
0.066097092477766864,0.9796103069681712,0.18972301085453669,-0.99775072032009093,0.062759535121105367,0.023552937229190028,0.011165772106081761,-0.19085305141157125,0.98155511220723968,-9.7136469465989954,-9.0513114117763056,-0.83716467917405402,,0.3252822661716407,0.3548387096774194,0,3
-0.990268240167683,0.13257069454064085,0.04235355314743032,-0.13774553851784557,-0.97708869891557404,-0.16224623591904816,0.019874081956881409,-0.16650130750382353,0.98584092807404178,-11.680892895862373,16.365864168234985,-1.7088254271204821,,0.1901334251431663,0.1578947368421053,0,3
-0.06959190172296767,0.98186742141964345,0.17633302007656226,-0.99738855897099377,-0.071905513659728915,0.0067571842579111103,0.019313975467149087,-0.17540229149036518,0.98430737399025081,9.2133381000167027,4.2647772277177065,-2.0663268191597259,,0.4037867457714903,0.4489795918367347,0,1
0.89245052879022702,-0.45106901998978044,-0.0082941465807797755,0.44994502182395668,0.88858561460938901,0.089247312817216637,-0.032886638592040697,-0.083380721481131834,0.99597496167695032,7.2975403134980894,4.5700058669862909,-1.9713348077206638,0.6340592554299285,0.1845174629419676,0.3059701492537313,1,5
0.99968832324490042,-0.020399853313034406,0.014391051129342148,0.019659959798062596,0.9985654124579193,0.049805652525443438,-0.015386433912353547,-0.049507201774623935,0.99865524312642961,0.43601192572387065,5.1601574291215027,-1.6697180636174505,0.2986389012424164,0.2421885663935028,0.8082595870206489,1,5
0.96571242679614633,-0.25252314630415162,-0.060262503367758867,0.25890904905859086,0.91968783224040473,0.29519552087476109,-0.019121010618513297,-0.30067649028415466,0.95353449604265961,-3.0794732166063654,5.1221707679435191,-1.5571940195526075,,0.09193278723308521,0.3728813559322034,0,5
-0.99972179087806123,-0.002204788891544557,0.023483605973232412,0.0011361730591747923,-0.99896727583742528,-0.045421260624669349,0.023559498176784675,-0.045381942575194525,0.99869185905050839,-10.789845399469572,20.712159225095057,-1.966712935729739,0.3043901752725334,0.2364407042535259,0.7023809523809523,1,5
-0.99990151375051484,-0.0031802797648120469,0.013669258211303359,0.0019992972893143157,-0.99633120330891478,-0.085557794053842409,0.013891206203159529,-0.085522038876702913,0.99623943671016824,-15.170233533706513,22.199795553899115,-1.9262615088651978,,0.07010006371047388,0.2857142857142857,0,1
0.014534131799220777,-0.99949823214916544,-0.028143257514675498,0.99971654444629987,0.013994977751300089,0.019260616763006611,-0.018857088141960677,-0.028415216494601537,0.99941832367551287,-9.7596112327581324,-12.323215758215262,-0.76603429068119389,0.5058441339893653,0.3894125158487159,0.8034188034188035,1,5
-0.4655050591546816,0.87497474409888165,0.13313240435931728,-0.88500811265669954,-0.45881158723026255,-0.079073181010214016,-0.0081043465636170629,-0.15463222371919649,0.98793886195170655,-6.6862619624092483,-2.0636941861717868,-1.0476283936702468,0.6444872109265367,0.3520429220372711,0.309145880574452,1,3
-0.99380064013776459,0.072119263196522065,0.084611462212632854,-0.087141466212761254,-0.97791199402167395,-0.1899855173818355,0.069040948197857319,-0.196180895666587,0.97813414399426635,-11.937527418903365,-7.6044293506048923,-0.79592785825271384,,0.2914663768257497,0.1153846153846154,0,2
0.96771235708408754,0.24700828096142144,0.050196644143235887,-0.25193105791180687,0.94155646885457311,0.22361162317184016,0.0079709476348146253,-0.22903782459364813,0.97338488733861694,4.3564734289543745,-6.2532226598713807,-1.4890965281443411,,0.6556573111134112,0.4855072463768116,0,2
-0.98022078829439629,-0.1975649304570869,0.011632044059422805,0.19741949400936248,-0.98023864999513555,-0.012559157647039906,0.013883428272629573,-0.010014355156589166,0.99985347081969844,-12.983065077261854,5.6504265387055339,-1.2727675590333714,,0.09374546722725415,0.4947916666666667,0,5
0.69507105213029152,-0.69015278882478548,-0.20140844214645509,0.7185713153574308,0.65791204523250602,0.22540409375935111,-0.023054223820872417,-0.30139818980105604,0.95321961475237438,-16.158689978558854,9.4536306434058197,-1.3103054729805406,,0.2521997083575708,0.5,0,2
-0.84944794066914631,-0.51070804938665348,-0.13272333775424369,0.52766814547920349,-0.82111806730231451,-0.21755791825684245,0.0021270494788961617,-0.25483800313413285,0.96698142061733683,-21.54993237171724,7.5165378670371785,-1.1296229479494515,,0.3644461409037024,0.2,0,1
-0.42799495879943955,0.88952909419547643,0.15986965259873961,-0.90119364978238137,-0.43341534870280324,-0.0010682231688736007,0.068339745640271968,-0.14453070984605021,0.98713755529673786,-5.2207821643281402,23.149238946000462,-2.3091322314988014,,0.8100063194970266,0.6172839506172839,0,2
0.20596260428520036,0.97253099470426618,0.10845676546712169,-0.97844971669909719,0.20300774690432905,0.037736011822740757,0.014681877520130383,-0.11389169871575432,0.99338468049196593,-4.9306432321772125,17.352513183297923,-2.0134436466120058,,0.4785841359991004,0.851063829787234,0,6
-0.91390639575369914,0.40260645156863584,0.051799082576755417,-0.40541522624344323,-0.91168985227348931,-0.066784036951356471,0.020337013803890136,-0.082034495286154169,0.99642197258625576,-6.4511110709286097,-8.7211589073082862,-0.94153629222459922,,0.07190601340545191,0.2391304347826087,0,5
-0.39813521854791484,0.8993679957643923,0.18062545763691101,-0.9170528963942215,-0.39503519999754849,-0.054416688413260667,0.022412785787876206,-0.18730829922252829,0.98204545112514507,-14.769880856997888,19.239995479177686,-1.7434234145181928,,0.5325851922576711,0.5769230769230769,0,1
0.66551023293682787,0.73190958037740717,0.1463027546156844,-0.74635225423529883,0.6545058763714241,0.12074920452393328,-0.0073785130112742018,-0.18955322193790919,0.98184272345355816,2.9212854184369537,-4.012662976340863,-1.4576972775403829,0.7695749770535834,0.637047626246919,0.1854545454545455,1,4
-0.99366254660543918,0.10532058156716731,0.039272363971957179,-0.11152283642001208,-0.96741072165827113,-0.22733049196589863,0.014049926349538677,-0.23026956099097395,0.97302545128613938,-4.2600283338927163,-9.1886425599941983,-1.0095446423683381,,0.4356930422281719,0.5507246376811594,0,3
0.98615249839434027,0.16342654807375678,0.028195980126578396,-0.16549814864920823,0.98071317451307638,0.10398092195287854,-0.01065892603815864,-0.10720742847947659,0.99417953840065143,1.5866017119234344,10.114268106792185,-1.9499861570547063,,0.06510619169587779,0.2083333333333333,0,5
0.38600486098363868,-0.91504113379871965,-0.11704687417165278,0.92220227749635497,0.37955732716850155,0.074021583158147913,-0.023306794664587439,-0.13651358485167722,0.99036399090102534,2.0618825874543116,17.017509156590663,-2.2787982339235184,,0.08495032236499914,0.3181818181818182,0,5
0.81044006741727814,0.58222477489139191,0.064816731075756265,-0.58572760536101465,0.80731649225946556,0.071855783649788299,-0.010491398511662076,-0.096199754825787284,0.99530675559283166,-14.515694806631426,12.567754198067087,-1.4367959679754478,,0.1815670838435856,0.4705882352941176,0,4
0.9917616780491133,-0.12797124810829266,0.0056686515867754176,0.12701494796140264,0.98816184601818613,0.086042832753768644,-0.016612553914694766,-0.084613980709671216,0.9962753120101363,1.8116650723262049,6.6082565907846673,-1.7586127639731295,,0.06962075395820845,0.275,0,4
0.27189897936049018,-0.92735465906673553,-0.25706863155574206,0.96198649500055899,0.25483259821658688,0.098195368132732719,-0.025552464837330726,-0.27399577221811605,0.96139138146091918,18.140185836163614,-9.5197170270894471,-2.1558331769064165,,0.4599686291532243,0.2682926829268293,0,3
-0.98603051386743001,-0.16421882576844399,-0.027856830142099196,0.16650100327655007,-0.96714307192603499,-0.19212416384561126,0.0046088643107188498,-0.19407847816980223,0.98097517944189572,-17.737751724109941,7.6994380997466205,-1.2354293296656884,,0.6277274736580174,0.1458333333333333,0,2
0.34241240475881918,0.93278787471660196,0.1125190021683804,-0.93940706530274398,0.33780935447105531,0.058302707408280169,0.016374087045365651,-0.12566471586541031,0.99193763335196461,-5.6251457674374494,-8.0494168725195099,-0.99298793112356365,,0.1025879048158353,0.2375,0,5
-0.86798772593868656,-0.49650682607553553,-0.0088475578656952696,0.49657695745526209,-0.8677293399536995,-0.021380315900220156,0.0029381872411086991,-0.022951345143939133,0.99973226556504668,-2.7811851015351694,3.0649661361574001,-1.4407966744469158,,0.06981603259872936,0.293103448275862,0,4
0.77510408452578294,-0.62855314258611561,-0.064300894990403326,0.63143600547404222,0.7669850017656421,0.11411651088928311,-0.02241046948267468,-0.12905407398326038,0.99138429322129662,-10.072083168809099,23.677221203116716,-2.1513803033264502,,0.07094188387415776,0.2142857142857143,0,1
-0.41781106792581707,-0.9081012279897237,-0.028036962072332,0.90851504023574514,-0.41780241605317103,-0.0064469221786178452,-0.0058594525454543763,-0.028165597165515702,0.99958609731837444,3.8870276952397913,14.498702362412208,-2.2662441909031372,0.1717116100545417,0.1841203494506262,0.5652173913043478,1,5
0.6806296247950735,-0.72898053017666975,-0.073011646157713772,0.73229784733001657,0.67992648770972886,0.037945146020754855,0.021981279470078788,-0.07929286181021529,0.99660898321197389,-13.46374691925014,8.878606745383701,-1.3653572060399997,0.5358688538495255,0.25619738625997,0.2368421052631579,1,5
-0.85554776944948785,0.50998465664130077,0.089183317837259093,-0.51699951265201649,-0.85068859635817806,-0.095081101927415368,0.027377328350013726,-0.12745415652935238,0.99146655005391249,1.2816789350718094,-8.0716697635574679,-1.2797693304897215,,0.194970869489855,0.2058823529411765,0,2
0.76436115892774736,0.63482913799835294,0.11288925666731148,-0.64332613870927402,0.73906423839896174,0.19978871532991552,0.043399285432437179,-0.22533534358380181,0.97331417587330071,-20.508582630461348,12.716458675747512,-1.3201025855835731,,0.4316527504562111,0.2291666666666667,0,4
-0.55715960968134193,-0.83015360959180884,-0.020448809780154429,0.83037290254383245,-0.55718677859407328,-0.0048720099435534021,-0.0073492898068791999,-0.019694624689227391,0.99977903043506799,-6.3198047337397165,10.009423860753033,-1.6208508625784108,,0.1950048531247679,0.7383966244725738,0,3
0.74809013170215466,-0.645312803564139,-0.15470145573343422,0.66323034569594574,0.71932567578882589,0.20663029956660586,-0.022060448723656687,-0.25718078798218941,0.96611147332746794,-4.0241193429491648,3.3527438254823005,-1.3988780414066515,,0.3002280943247532,0.2021276595744681,0,5
-0.26518778304842311,0.92887815573811683,0.2585745763110105,-0.9636889593657133,-0.26404203917180025,-0.039816970585764569,0.031289444202359594,-0.25974443852093082,0.96517034628036247,-3.1010831498940137,25.179113988311784,-2.4657478084868933,,0.2831391901756057,0.1666666666666667,1,5
-0.31634424628326613,-0.94838243631301644,-0.022295119117404259,0.94856893233973683,-0.31652825535469392,0.0051811352004126595,-0.011970732781391548,-0.019509435027717181,0.99973800743073427,18.946570756850917,3.4083446775586057,-2.5008941881015234,,0.2207982391936628,0.4210526315789473,1,5
-0.91954731980907278,0.3812094726500192,0.095457134850394532,-0.39236851862783317,-0.90415787396596126,-0.16895409002197662,0.021901420541873159,-0.19281565524419586,0.9809905457602538,13.080242877588727,1.1561436558151348,-2.1859741419135905,,0.29553096948584,0.4901960784313725,0,3
-0.8740049837052638,0.4822484723904405,0.05959613523917854,-0.48478070624379227,-0.85699578680666666,-0.17477382026319285,-0.033210771025829922,-0.18164424646188818,0.98280334371386868,-17.52148082322509,-6.7796554856910971,-0.6652414986498657,,0.2649551424570332,0.4736842105263158,0,2
0.80828794477136512,0.58406403793450545,0.074429818815605439,-0.58878720198728085,0.80190621557092379,0.10137086467377422,-0.00047865778177481313,-0.12576017263172168,0.99206055756005529,-14.126836279974011,16.69782807486153,-1.6420439510098412,0.4555921119638048,0.1477411163008877,0.2,1,2
-0.27021299622745421,0.96049479043003416,0.066593499882086377,-0.96227385292401102,-0.27170595583791618,0.014314522031212354,0.031842874376529863,-0.060213213823612173,0.99767750312035763,10.051198426134857,12.335521345686479,-2.4190511136314434,0.1318991467853912,0.1832505974250351,0.5454545454545454,1,5
-0.63060606225674043,0.77241251588864079,0.075596954592285964,-0.77604492750032439,-0.62875275046981804,-0.049236665988420171,0.0095007760769574255,-0.089715573203423882,0.99592211100001005,9.2065279725336193,-15.392129705926633,-1.3839315123955764,,0.1711045153363822,0.4,0,5
0.21941874459854638,0.94686744083343266,0.23515412819754117,-0.97563017963410359,0.21268286503002992,0.053960647788428386,0.0010803267684513904,-0.2412634419305292,0.97045905863251591,-1.7422592081186763,-8.5864337893657829,-1.1264305480652261,,0.3956762559007057,0.3,0,2
0.98257407358091564,0.18471020154756643,0.020744429875594026,-0.18558731565091521,0.98111140643068839,0.054568822976909938,-0.010273178480568327,-0.057467813738258378,0.99829450173185463,-13.624385378862383,15.825470935935726,-1.6038525727826907,,0.2487982546832018,0.1818181818181818,0,1
0.33704926154492454,-0.94147886527308289,-0.0039168273039288737,0.94122563216355615,0.33685474768126078,0.024963740162649357,-0.022183431888127172,-0.012100628442436269,0.99968068408915567,-2.8357913581577736,3.9755914236917342,-1.4988090377781571,0.4727245844469964,0.2578288368870504,0.9153952843273232,1,5
-0.061526909896903528,0.94903191108095375,0.30911627441558498,-0.99790861086475424,-0.064640355399446597,-0.00016975220224242293,0.01982028558107193,-0.30848023632619676,0.9510242373754827,8.0387783528175785,7.4297836843212615,-2.142085177013898,,0.3954724793280149,0.6,0,4
-0.99879581574765508,0.033813619386794495,0.035546555233113571,-0.040738833360886087,-0.97534467881552256,-0.21689422528651864,0.027336164715807375,-0.21808116986619935,0.97554771151821151,-12.565469031372766,-9.7726167548237459,-0.73811859894357523,,0.3996478504324155,0.5573770491803278,0,2
0.2912790703781859,0.92065459886699663,0.25990693092849421,-0.95657508870928243,0.27718536497359592,0.090179671241821233,0.010981931544514699,-0.27488794631540975,0.96141355001375339,-11.167442898767684,-4.5305765037556256,-0.90852160515559888,,0.2537934348443505,0.4827586206896552,0,4
-0.5356528842115782,0.8343717712843558,0.12999898045609284,-0.84412533787585153,-0.53326196126109571,-0.055534625486706034,0.02298698744500266,-0.13948271561657946,0.98995766093930848,5.7338426636265192,-7.0778650046773883,-1.5625921580383999,0.628885793792344,0.6428103685047597,0.6344086021505376,1,1
0.14242890904047953,-0.98939914527240647,-0.028343203837426119,0.98970829668553895,0.14195625115783564,0.018052983936814225,-0.013838111914137093,-0.030622770799595782,0.99943521679356828,-17.926958633011374,11.435584743589761,-1.3265881009125327,0.1561228154226831,0.1089484922174456,0.3777777777777778,1,5
-0.55888270476415935,0.82824113974124658,0.040825687448218573,-0.82891614176021422,-0.55937245773291044,0.00069531230757978403,0.023412651384651626,-0.033452473301169718,0.99916604214974014,-5.4449618991852544,-9.7082323166386022,-0.96748471017465698,,0.07100671593472999,0.2926829268292683,0,5
0.60806253683000033,0.77343272655257811,0.17905800401352989,-0.79386830791145035,0.59401239915349557,0.13008604593006565,-0.0057498693615785183,-0.22124892575864222,0.97520041624938392,4.973287363532215,14.951828158985663,-2.3340290224733984,0.6917186365682388,0.4689511630039965,0.5614035087719298,1,5
-0.77496378035205093,-0.62419284049113866,-0.099067840503679824,0.63147256389347561,-0.77117498631728743,-0.080817953007564058,-0.02595265289443768,-0.12518960962530473,0.99179333605827646,-14.751257961657503,-9.4220504724130638,-0.68292106196590885,,0.2062277058223599,0.1612903225806452,0,3
0.95928276355639797,0.27367331659935534,0.069853384492862755,-0.28241505360681829,0.93312364097845646,0.22253540874064434,-0.0042798411018028434,-0.23320202921204752,0.97241888943578492,-20.587501458095986,20.250011852380894,-1.6244167637022118,0.6096384383369192,0.5698613963150955,0.8157894736842105,1,5
-0.90539139844638616,-0.40366624430940684,-0.13160539055994452,0.42029332441738132,-0.89603633604459043,-0.14308181553912316,-0.060165912853400796,-0.18485791217290148,0.98092181912606691,14.143724163526798,-8.907209969304132,-1.9836081739649163,,0.7707609155006767,0.3269230769230769,0,2
-0.14652300726780365,0.94862468623943397,0.28043218966148592,-0.9890003554395258,-0.14628044228402859,-0.021916412701026611,0.020231294612355458,-0.28055879394937056,0.95962360217742837,-0.031710976611477017,15.550636858375469,-2.1376821950771636,,0.3349605739266676,0.2121212121212121,0,1
0.99462169715258986,-0.10263408799975396,-0.0139256430286242,0.10224058106812006,0.95138873873143082,0.29052767750744635,-0.016569343262636465,-0.29038889750725033,0.95676525076340879,-22.607596455508208,13.09297729546145,-1.3059345582849236,,0.1275524148513799,0.25,0,3
-0.40711456437666727,0.91162820744143891,0.05649551194125553,-0.91319487203312777,-0.40748946962145111,-0.0052400229033226853,0.018244373510626431,-0.053724701439250865,0.99838910214929077,10.704802390760578,6.5106900125401035,-2.2024592550299293,,0.0790596907075025,0.4230769230769231,0,5
0.99275230663977088,0.11862112007793471,0.019284385727028057,-0.11980395025378109,0.98949230601740612,0.08094436259520503,-0.0094800403481284431,-0.082668048264191427,0.99653204796995132,29.541019577220428,-9.0075129330227579,-2.9551392602455531,0.6414700174752699,0.7095630740807444,0.7352941176470589,1,5
0.96275186185673733,-0.26980790702557861,-0.017678964841391032,0.26980024022167953,0.95430550995142549,0.12848666877413673,-0.017795585624261603,-0.12847056854714786,0.99155364461508722,7.5391187480156026,6.3579099928184277,-2.0403204855245387,0.2287810705739592,0.172399014842501,0.6621621621621622,1,5
0.13538072933587045,0.96957955371553761,0.20393025067720169,-0.99062141821386229,0.12862142744141014,0.046105684886898216,0.018473329435801697,-0.20825949538907609,0.97789913522808836,-2.2136791870344177,17.487232673311148,-2.1309921048636888,0.2815155545644722,0.2241199479797268,0.6708860759493671,1,5
0.61892324602916959,0.76242028188557842,0.18881029975674957,-0.78541255985836167,0.59835250028132803,0.1584342015595808,0.0078183336750540441,-0.2463525911708683,0.96914873702747339,4.6174895534763154,17.536243812255538,-2.38695537855055,,0.1237329795428773,0.3333333333333333,0,3
-0.49625464457720275,-0.86772388580180249,-0.028046136000790624,0.86812207475361047,-0.49632766806567175,-0.0047863595748562368,-0.0097668347503861806,-0.026722722943467236,0.99959517056528713,-16.485263103145609,7.6075139519949264,-1.2593338775370393,0.1454381357748319,0.178276995686841,0.3150684931506849,1,4
0.85642898205824713,0.5043445911813923,0.11029928393579726,-0.51614921508994027,0.8409888562715756,0.16225822441117288,-0.010926410788268287,-0.19589353479148353,0.98056429497212694,-15.840747598286963,11.715689898571245,-1.3900125646149968,0.7858155381859087,0.3497897317089264,0.3809523809523809,1,5
0.84657215403293695,-0.53221030059725627,-0.0082331011296641853,0.53179828358522974,0.84506058563437003,0.055346112628617411,-0.022498301976745072,-0.051232826834697202,0.99843328463282355,3.56748315276849,-10.792361792011707,-1.3059804350320461,,0.1421539841469572,0.5,1,5
-0.8073168195763728,0.58878699992598704,0.039615925424564588,-0.58985397358308533,-0.807143756672557,-0.024315548785823884,0.017659067850083709,-0.042997962540876088,0.99891908207822211,-2.6395410545689262,20.111541842123756,-2.2732930287440518,0.1416563214833434,0.1148775913287853,0.3636363636363636,1,3
-0.22980377179001116,0.95033633640049431,0.20988347764407456,-0.9730082910223854,-0.22901850167490839,-0.028379420224468769,0.02109720533107334,-0.21074006170509266,0.97731445007211071,-20.251765703121205,25.331488144883025,-1.9336810146705194,,0.2999225833240733,0.2352941176470588,0,1
0.34613023887743977,0.9361853812080726,0.061243691486892411,-0.93808305640820111,0.34438466609702856,0.037408301713463828,0.013929716956702858,-0.070399813703825531,0.9974215905102376,2.6781316862659921,5.2578543722167863,-1.763239235439265,0.3189167559306633,0.2837445152174287,0.8925925925925926,1,5
-0.65810271126883579,-0.73126770924753248,-0.17929963422291972,0.75018383920521026,-0.65715407833509898,-0.07329887258940028,-0.06422638722470575,-0.18274587475347323,0.98106009828381513,-0.42640343999358771,13.790622915677758,-2.0005471149549066,,0.2546171263630085,0.3235294117647059,0,5
0.99956356087513709,0.024115425191824399,0.017062650392991829,-0.025784392511319323,0.99408314881517568,0.10551709977310683,-0.014417103503761179,-0.10591099805744011,0.99427109362438892,15.606163081458551,-2.9960730149601145,-2.2504698869851327,0.2980133029916094,0.2959972935870828,0.7125,1,5
0.70347534385262966,-0.71021063043400445,-0.026894256077442745,0.71032908138525674,0.70133081013696774,0.059730150602545634,-0.023559217512527968,-0.061122460447524875,0.99785219752177656,-3.6462558153070437,6.1556409973202895,-1.5625202631919006,0.4384899277977524,0.2310330682109674,0.8574380165289256,1,5
-0.16864120500082608,-0.98302354301830708,-0.072283178178632335,0.98555237977671351,-0.16933423016119298,0.0035249414424904416,-0.015705116756212067,-0.070644407899356373,0.9973779208204997,-10.703405932191769,-7.4748706175828401,-0.83651765197361228,,0.1041757398364869,0.1379310344827586,0,2
-0.30171592320595414,0.95150807676142979,0.059999012839754576,-0.95339244281741553,-0.30090378315126015,-0.022355385568173097,-0.0032173999784094126,-0.063947581213253446,0.9979480723937264,-8.8957604092704337,7.3616160030428333,-1.4600425405837312,,0.1760611849429355,0.1583333333333333,0,5
0.59989657884296255,0.79937658079645457,0.033483977760680003,-0.80006832732081357,0.59916307036409566,0.029904627233004348,0.0038426957444194394,-0.04472915364768798,0.99899175997771694,-14.102282137945529,8.1585472505462722,-1.3387791733218775,0.6630998665353007,0.2415061514310823,0.2117647058823529,1,5
-0.38153574175931765,-0.91898742857418281,-0.0994614693375203,0.92422600091129381,-0.37747682627067497,-0.057598132505630159,0.015387559900278881,-0.11390062226006475,0.99337297690700521,-6.9378516839033768,14.939278643947565,-1.7958825544429136,,0.2617393162386353,0.1851851851851852,0,4
0.99772878206430593,-0.066083064824991572,0.013050133478756281,0.065467480812531051,0.99692751985450057,0.043006152034517638,-0.015852015535517159,-0.042054116327550191,0.99898957196928273,-5.3571438099991049,-4.9734997120944513,-1.0512608691257332,,0.06755006447915504,0.1801801801801802,0,5
-0.99873665068624096,-0.048389146841014384,0.013549651066637306,0.045851432154887066,-0.98788108880176873,-0.1482855372488408,0.020560854684926577,-0.14747692991051278,0.98885176158956922,-2.7164341911194199,13.488917851800087,-1.8827015568119692,,0.1309529971234885,0.3815789473684211,0,5
-0.96948448927072983,0.24478452813095627,0.013429812030568526,-0.24417409181419825,-0.95927484695140741,-0.14202387437704003,-0.021882366192504159,-0.14096915547047437,0.98977212491348621,-5.6665299626495171,-11.755094883057366,-0.92632217559112728,,0.2461383576966727,0.4603174603174603,0,2
-0.90298996867416237,0.41955030256402193,0.092664233079827546,-0.42876632480817817,-0.89381780003291744,-0.13133613004350214,0.027722827855809887,-0.1583265106125738,0.98699754855466759,-6.0051978440833143,13.821571596948271,-1.7489319367075147,,0.2557327490389848,0.3090909090909091,0,5
0.97020235688618917,0.2374541187375486,0.048196765317385065,-0.24214830695698222,0.95718031887382438,0.15865066844634645,-0.0084607405321312744,-0.16559401757062242,0.98615771416871734,-5.5909969671454718,-6.5754650292620012,-1.0373477975796515,,0.07893886859723843,0.2916666666666667,0,5
-0.65830454937580352,-0.73030184179109936,-0.18246736735002611,0.75272377037863802,-0.63655970203700085,-0.16792459989391992,0.0064842715927545206,-0.24789305278505466,0.96876570366772308,7.459962141884863,-11.75745487009366,-1.4902013739243327,,0.357575102362274,0.6470588235294118,0,2
0.04663895236267205,-0.95713435923241585,-0.28586469963824851,0.99873073847119964,0.039231576335739017,0.031587900389017112,-0.019018942012788188,-0.28697508915403575,0.95774922503218363,27.207753897171706,-9.5048193507642491,-2.7673742866291113,,0.5300109115596747,0.3793103448275862,0,1
-0.24639793293611686,0.96563199571330194,0.082721868327265594,-0.96907588796190935,-0.2466567470025515,-0.0072368866894206661,0.013415737610920429,-0.081946921924279228,0.99654639629647435,0.62772178497948949,20.920434125214662,-2.4748725889833314,,0.1001797413490491,0.35,0,4
-0.98913418779237217,-0.14639340909726165,-0.013510303964262366,0.14515506973134434,-0.95791094353917428,-0.24766233056154938,0.023314464857970535,-0.24693236730078807,0.96875220862076783,-3.0999307670976166,-9.4005726505877902,-1.0481971498961986,,0.340620847365968,0.2702702702702703,0,2
0.15603766898644902,0.98172217504194226,0.1089670449640327,-0.9876216476833326,0.15327890869801583,0.033302510049617977,0.015991462864132538,-0.11281465853010192,0.99348735570021296,-19.580873004685724,10.673378524837881,-1.2786317797228945,,0.144023856389829,0.2307692307692308,0,1
0.99140891474263326,-0.12657463126221039,-0.032973117681997413,0.13078659717569779,0.96276325723362832,0.23660468406204005,0.0017971555406030672,-0.23888443490887279,0.97104634131962642,13.378104481336775,10.603199973323452,-2.4989043023157445,,0.1648164449254771,0.25,0,4
-0.90636046510876989,0.39913933792699063,0.13855863815373587,-0.42201312739437941,-0.87106255914685204,-0.25130646302742032,0.020386946672557565,-0.28624780692913687,0.9579387065118673,1.2911459997233266,-11.211112141880767,-1.2054933276305453,,0.525119913344487,0.3125,0,1
-0.81495474301554294,-0.57057392769672921,-0.1014601393119369,0.57952419004529565,-0.80215800855798369,-0.14385493546845701,0.00069281225031817668,-0.17603386702284696,0.98438386703164127,-24.09181977308744,22.112381228491486,-1.6367850991161448,,0.07900999018146361,0.3636363636363636,0,1
-0.062535863647046205,-0.95089308737518574,-0.3031362765160372,0.99788767069957429,-0.064925853896792993,-0.0021977628517519002,-0.017591544096477219,-0.30263339187515587,0.95294468239160757,16.815792348876947,15.486052452074048,-2.7959165397059196,,0.3713871547175805,0.3333333333333333,0,2
0.93532654151391348,-0.3469275573215192,-0.069321935276972654,0.35357294405546902,0.90985106382662384,0.21715712027356757,-0.01226515273321023,-0.22762317901409887,0.97367204663785323,-18.279861807865529,15.709672643510501,-1.4356043429620382,,0.2511088021655137,0.2608695652173913,0,2
-0.37687159729888609,0.9032730760695129,0.20509887663589765,-0.92599748984366026,-0.37273661584786738,-0.059967191109145113,0.02228111201505787,-0.21252097603342668,0.97690244487009681,-19.271794413021173,23.449612582945292,-1.8905947338367277,,0.40570285482937,0.1428571428571428,0,1
-0.51078931270047634,-0.85967002199054676,-0.0078569282641305534,0.85968873548839131,-0.51081556130596173,0.0016554159736470188,-0.0054365527078511517,-0.0059089439368008321,0.99996776361851081,14.900296102565305,-0.64093092290581832,-2.2214357683156289,,0.08613238056700784,0.2962962962962963,0,4
-0.92105501882660357,-0.38584457172118247,-0.052741053910800459,0.38943137170200148,-0.91288892969363045,-0.12238058987076175,-0.00092683796987490859,-0.13325827747691754,0.99108091115471586,-7.9501845029390967,-11.175449966816627,-0.85494813842601769,,0.6039797669262756,0.5833333333333334,0,3
0.8556921235333047,0.51581162321425023,0.041585563362109251,-0.51747968356942931,0.85328840992795107,0.064137871616640571,-0.0024014195691257002,-0.076401955732230367,0.99707420703994909,-16.148171931197833,-5.3690722396943196,-0.77069091689482372,,0.09565158198598865,0.7272727272727273,0,1
0.35788185889208463,0.89673206762159574,0.26036930305825862,-0.93371863678485068,0.34083567679128468,0.10954701614770926,0.0094911746683749455,-0.28231656048720238,0.95927434932770372,-7.6841837053444095,-12.258580196879988,-0.83373745884090955,,0.4817225032810376,0.2727272727272727,0,2
-0.68451913119823249,-0.71116150323001059,-0.16025877619415607,0.72899014449203503,-0.66856314724507238,-0.14695811437020301,-0.0026321582586472823,-0.21742270918511636,0.97607399170017095,-8.2220038857653783,-9.657055461140553,-0.86549549023128802,0.9572634113469392,0.4907259502617117,0.2531645569620253,1,3
0.51447471664425892,0.80852689225335905,0.28565719041700199,-0.85745760181431041,0.48858475729193979,0.16140444861536082,-0.0090679118137436069,-0.32797743740248675,0.94464203459841689,-10.257685027000816,-0.99183867566793948,-1.0574576177098318,,0.5883085112998291,0.3192488262910798,0,2
0.97424284049527676,0.22426256421142649,0.02360487316234643,-0.22528429802087369,0.97255006696452861,0.05825248760811387,-0.009893068732039257,-0.062069876273495736,0.9980227741141261,3.0919089096982768,-6.2957921766907115,-1.4140501423968004,,0.07974421694415888,0.2065217391304348,0,4
0.98246483794489414,-0.18281545195281071,-0.036624482647582467,0.18623377794642812,0.97162993010320453,0.14578154505781374,0.0089343244688132959,-0.15004595780937391,0.98863865410540874,8.693933646636836,18.092221420102124,-2.5893316318701358,,0.297093286186675,0.3333333333333333,0,3
0.61035926978682231,-0.78568700779777001,-0.10078436169905161,0.79183450761540408,0.60173325404859035,0.10447585137995516,-0.021440017135461068,-0.14357233977992717,0.98940755450691253,21.350661637273809,16.172683549214266,-2.9784557152854236,,0.198106889465275,0.1666666666666667,0,3
0.48895288759622457,-0.85749094468081211,-0.16010731870130815,0.87201088281587014,0.47567361676607151,0.11546268039228852,-0.022849375527592836,-0.19607113531341905,0.98032342414883977,3.7105407876582142,-11.86069819266117,-1.2910727865044489,,0.4191966485737234,0.4074074074074074,0,1
-0.98524024159762247,0.15698841848821993,0.068237107186813362,-0.16640112528959705,-0.97187176925698027,-0.16666112211209083,0.040153852106777292,-0.17555597563704001,0.98365022623853038,22.498431250385753,-10.779700734869714,-2.3657968744151736,,0.203810161811525,0.3571428571428572,0,2
0.32063571820291648,-0.94430046251468036,-0.074090301032337894,0.94708260342100326,0.31836787804403516,0.040944310069105948,-0.015075759012292009,-0.083297843455283002,0.99641065367944759,8.2492541855832169,-15.303650604765414,-1.349205170985371,0.2641159078577555,0.2317313066098912,0.4285714285714285,1,3
0.29573301439757949,0.94200074028376435,0.15867132538729631,-0.95520010155258972,0.28958496978225634,0.061100828718865033,0.0116081949175316,-0.16963239838264951,0.98543903881960471,3.7960789533037587,-9.8704732909696311,-1.3337017024759987,,0.1099109156700444,0.2941176470588235,0,2
-0.98250585082481035,-0.18592027968481398,-0.010765811485208126,0.18594857053832339,-0.97618490651326872,-0.11174147578421365,0.010265583751967516,-0.1117885409941483,0.99367899237763391,-14.228686954223308,-3.6588834709276763,-0.86884994706267527,,0.8728846574785257,0.5357142857142857,0,1
-0.86335408440399375,0.50035002883065716,0.06534197419808925,-0.50414888183657935,-0.86078776194040307,-0.069845070238069046,0.021298588823443654,-0.093243109894481965,0.99541553763809465,10.177102855653789,3.0604050379564578,-2.0951841233518667,,0.3902855696338408,0.2477064220183486,0,1
-0.99973152917638053,0.01272262774307254,0.019365028116862207,-0.018261423095942132,-0.94705497989646537,-0.32055168924810956,0.014261486499192658,-0.3208192634437913,0.94703305655410797,9.2755389808091646,-7.2673104941558888,-1.7476330704913492,,0.2546678740656942,0.3703703703703703,0,1
-0.21476492402489017,0.97492839265946429,0.058229344792957119,-0.97644103192534848,-0.21561249523328394,0.0086117984090689978,0.020950861107469677,-0.05500800928693058,0.9982660869393214,28.9210833959234,6.328831406736426,-2.9953868894119031,,0.238428925259089,0.72,0,1
-0.98881896719696638,0.14759603892333337,0.021271093193975327,-0.1482053199414364,-0.98848096297714461,-0.030668696953627048,0.016499492494661858,-0.033478278419279459,0.99930324307564411,2.3967695246651188,-11.615755395316684,-1.2501134152440256,,0.5277807804349552,0.5,0,1
0.90743573162026203,-0.39526279742916975,-0.14257529220474269,0.41792371174798598,0.88419611455470126,0.20865522319164909,0.043590872181995623,-0.24892680043506277,0.96754084352422876,21.854242808809687,14.209443167825151,-2.9359198505279007,,0.2451441723433029,0.3125,0,2
0.99543391771375211,0.0843010223512487,0.044773352516687626,-0.09106722448262608,0.97928941445598094,0.18082865746195134,-0.028602029474852003,-0.18408036387674534,0.98249495853410007,12.746876524411908,13.209980086431459,-2.5816744599412798,,0.1275738919796332,0.1818181818181818,0,2
-0.51586285634899032,0.80997615366008469,0.27896979037429065,-0.8565160920490098,-0.493852307108403,-0.14996693910592473,0.016300230076697883,-0.31630448821621648,0.94851767154530331,-14.859200558827737,6.219086823219568,-1.2519786707410614,,0.2455356185712984,0.1904761904761905,0,2
0.51612013230017573,0.85213530668096438,0.086518368813718771,-0.85647263725399236,0.51243535284833552,0.062166154669498125,0.0086389044235486556,-0.10618581948141385,0.99430877551765573,-1.1234704403893712,-6.0347140101228414,-1.2120961709469005,,0.06339580034435735,0.1428571428571428,0,2
-0.99736868627843189,0.070304505191414915,0.017691245886802237,-0.071329897307281148,-0.99525232218377335,-0.066218282505221215,0.012951809965009138,-0.06730595618218993,0.99764831422753042,16.26886383546368,18.618709219885925,-2.94956920132844,,0.1696692357177035,0.2631578947368421,0,2
0.35373962593031555,0.89165085679510625,0.2825367703914542,-0.93526339141654147,0.33322215988429738,0.11935401475473233,0.012274596641418658,-0.30646654260880835,0.95180228647481913,-1.7924827390043225,-4.9128125531398821,-1.1779444634738943,,0.5336566393565608,0.2331002331002331,0,1
-0.92437958008145638,-0.37936890180966326,-0.040020348176398636,0.38142895301733448,-0.91755841615266853,-0.11224306993086995,0.0058605228888047121,-0.11902012135406397,0.99287454644800577,7.2531985093645215,-9.0159284909260791,-1.5786333469185387,,0.7244005674863432,0.5230769230769231,0,1
0.6551712289608872,-0.73901248800448482,-0.15687958221292667,0.7552089220844862,0.63509293855859461,0.16222343664525921,-0.020252030660398664,-0.22476098853322182,0.97420344553265648,-14.786169515313855,7.2787687865152879,-1.2984488827974796,,0.482005111905754,0.4133333333333333,0,2
