axis_00,axis_01,axis_02,axis_10,axis_11,axis_12,axis_20,axis_21,axis_22,location_x,location_y,location_z,dbh,dbh_approximation,score,reconstructed,number_clusters
-0.52277176626272437,0.84791862730084711,-0.087998192451880772,-0.8496570785758627,-0.52664452148411833,-0.026988827627268452,-0.069228095629460751,0.06065929003055423,0.99575495043133355,-15.644073371184684,4.9823187542805538,-2.5915038712207865,,0.07888356052487722,0.2653061224489796,0,3
0.85481214079079904,-0.43275935563654494,-0.28638356109541824,0.49450768513084215,0.84662930941370462,0.1966747614418532,0.1573478735261038,-0.30973884572445259,0.93771183961070759,-9.4009650733511272,7.8789058368881744,-1.8752356405690309,0.589203795274759,0.3718863735646252,0.1272727272727273,1,5
0.47108550962807938,-0.85600305376192465,-0.21292537323840097,0.88062194368136337,0.47030453814004414,0.057607583804029673,0.05082750166308727,-0.21464485401504396,0.9753687260311098,12.9469191591614,-26.687005209696874,-0.040224459278709206,,0.1313719297660556,0.2941176470588235,0,4
0.62854058590421658,-0.70716703724831609,-0.32380783390866702,0.77291733400342999,0.61437445899568077,0.15856487294100011,0.086807411366857795,-0.34994114585627628,0.93274094354680404,-0.9430374557623673,6.8279372172446839,-1.1867177124876136,0.2988634712989897,0.5105758694120031,0.1386138613861386,1,1
-0.27788374728429777,-0.94461179906913673,-0.17461148889636399,0.95905999819865817,-0.28314966855717888,0.0054940923863309671,-0.054630969700585147,-0.16593617524617213,0.98462208125465345,8.2435388790230348,8.3267648591500265,-0.52614099941708292,,0.07304717856198009,0.3636363636363636,1,5
0.75588583891057093,-0.58791827915621897,-0.28807758602232914,0.64579464085681149,0.74188386159672248,0.18043729587576238,0.10763772747082784,-0.32242895796799287,0.94045397903809758,-29.18911612093639,1.0006732528267126,-3.9676512942748126,,0.3751798569717883,0.1428571428571428,0,1
0.96154269994724961,-0.19328920613742881,-0.1951279553752257,0.23181904264763764,0.95215113303461574,0.19916865046194188,0.14729415346199723,-0.23674353771890141,0.96034208993683778,-14.492136431709051,-29.799575637912366,-2.3878542365591771,,0.2017473259923143,0.1764705882352941,0,2
0.14835281591127966,-0.93375120516755883,-0.32573014729884103,0.98887025833027065,0.14381971755929532,0.038098569933641337,0.01127183219436885,-0.32775688503721062,0.94469485555373212,-3.88754918226542,-25.995061593439644,-1.3648683570649405,,0.4915653028696521,0.625,0,1
0.77403971018726514,-0.59671468359366542,-0.21164619873015816,0.62822527848992626,0.76541017626265906,0.1395717075191818,0.078711666984435949,-0.24099553617707714,0.96732911928839105,14.25360068976997,-27.218759737868393,0.046388376445791558,0.6587846296621549,0.6731460259175747,0.7407407407407407,1,4
0.67442116189124302,-0.6825250989703715,-0.2816302286132491,0.73230627326638731,0.6670234849590555,0.13713931838744639,0.094252949704303757,-0.29872924160276382,0.94967216537259669,-20.606480179028541,5.1093486571944169,-2.9656538437874365,,0.1448326797456592,0.3333333333333333,0,1
0.12685718069598678,0.99192091828101048,0.00038416457818387539,-0.98687242122150509,0.12617248194177294,0.10081333757523306,0.09995038738429507,-0.013168017208766676,0.99490528362478792,-28.045795752378154,5.5340976032048435,-3.8627931356683307,,0.2032038584059967,0.1818181818181818,0,2
-0.93312142208401927,-0.32070114302993558,-0.16258901717886468,0.33013261496847462,-0.9433217137145723,-0.03400883662636963,-0.14246707753713964,-0.08541031140263397,0.98610760595592772,-6.0033259357795457,15.586171076742483,-1.4663902986923283,0.191789197459507,0.1849961171907391,0.3611111111111111,1,5
-0.98852875770361082,0.053320188247202707,-0.14130765272355239,-0.02248521645397053,-0.97713866789604431,-0.21141059278892449,-0.14934962415076683,-0.20580811749692768,0.96712858945354196,-17.787890336139778,3.6253004062353362,-2.7699224068186532,,0.2593544404181429,0.3152173913043478,0,3
0.61809721975779808,0.78375803677350231,-0.060656135061714772,-0.77880880013152121,0.62102335021413679,0.088243137560433643,0.10683014446016691,-0.007303306220779451,0.99425046238503978,-13.287038242425913,31.900992019549129,-2.2423736694809113,,0.6401394150063482,0.7222222222222222,0,2
-0.79173853804546757,-0.55368795282393202,-0.2580304987230565,0.59464457928027903,-0.79526767484973604,-0.11809805109177411,-0.13981384661830246,-0.24693921567207264,0.95889160599989398,-14.517290466197304,8.1667778709167287,-2.4188856902200944,,0.2278136925561406,0.4210526315789473,0,3
-0.82437729283481853,0.56359596677105417,-0.052551548956568807,-0.55506137910638287,-0.82309268736804331,-0.12010534303590095,-0.11094568257870334,-0.069842782308923726,0.99136927593934066,-4.9128725529329733,11.546708051485647,-1.5111608300731563,,0.2564357002207671,0.3269230769230769,0,5
-0.98323821965411629,0.11661306952029207,-0.14015703845494576,-0.10541160469715415,-0.9908001756976843,-0.084872878074278069,-0.14876490515769031,-0.068676079201537371,0.98648497157277049,-2.8699535966758347,-31.281667944832641,-1.2367778631669202,,0.3931345346490668,0.6226415094339622,0,5
0.80378761157014145,-0.53848362694865848,-0.25290484177766481,0.58702661710572324,0.78689722019184594,0.19024330648870896,0.096567211287157811,-0.30137708665816643,0.94860245906367857,-9.7161047873201323,13.497330518309392,-1.8563141966382339,,0.143758354566721,0.2222222222222222,0,4
-0.83285859483059865,-0.51244196691760668,-0.20916450836223591,0.53446546507606629,-0.84281681109328033,-0.063296837042454715,-0.14385140825805467,-0.16450852099562935,0.97582975915986803,13.526696091805201,-31.486739056550157,-0.011926018111397766,,0.179123837318254,0.2857142857142857,0,4
-0.53534514821851775,0.83864234041096897,-0.10042209492391187,-0.84146761159241534,-0.53983990831140738,-0.022475142608883718,-0.073060460714748476,0.072469981815545689,0.99469104289513199,-9.5252158639022415,6.0202734044497914,-1.9106937631104393,0.4716974694544782,0.4620489769605063,0.9446494464944649,1,5
-0.72072924906481028,-0.64625804216497096,-0.25079850972358975,0.68318984531581095,-0.72349982841441118,-0.098993098454776621,-0.11747759275637899,-0.24269021657540504,0.96296441989242287,1.7743528128245474,7.3238665377384686,-1.070280177441286,,0.3847659588415125,0.2666666666666667,0,1
0.75042667257874907,0.66069974589435609,-0.018320885827947664,-0.65138378372413519,0.74397692098363188,0.14898827922002789,0.11206683444987892,-0.099870850696532787,0.98866922567536986,-19.402556726714536,3.6619914005243732,-2.9002155928226734,0.1690311160494785,0.1998059412156458,0.25,1,4
0.68336258154558516,-0.63272175453298618,-0.36425096222804082,0.72364241277700758,0.65311853243581186,0.22310948213637924,0.096732830898434541,-0.41605211684306087,0.90418106344735183,-10.564976509022099,8.4872158310287436,-1.9987370994530202,,0.1292354338393383,0.3333333333333333,0,5
0.1670537407157672,-0.91833393971376831,-0.35882561625761483,0.98584621947049655,0.16080546518667607,0.047421871766372088,0.014152005815387872,-0.36166887830705663,0.93219919716523914,-18.881184310562187,10.000171827354832,-2.7150021461784672,,0.3993763652036898,0.5384615384615384,0,1
0.65535847830271443,0.75528557228032256,-0.0069978012215446772,-0.74709137726482144,0.64955642505852607,0.14117692687454342,0.11117436275195355,-0.087293499015525106,0.98995964872126185,-9.2390079434208605,-28.878714138798969,-1.8903357590917047,,0.3320008785155869,0.2142857142857143,0,2
-0.94661627439434204,-0.26149087201272175,-0.18852096144938907,0.27590296093029637,-0.9596512404019194,-0.05428676583619288,-0.1667188807594121,-0.10340222748608764,0.98056758775172914,-8.4622083399416059,-28.125251146425338,-1.8460686050356867,,0.3964536091198619,0.4888888888888889,0,4
0.55748495388563912,0.8282416934079887,-0.056799854681102151,-0.82638733546784271,0.5601714938679232,0.057374813604395648,0.079337872226866307,0.014953085248433027,0.99673562556581019,21.317672184376146,-27.810110135471167,0.5078685399893389,,0.2590760275461248,0.1538461538461539,0,5
0.8840685056410551,-0.40333622336948066,-0.23609906448700024,0.45074493436991642,0.86933701446421996,0.20268734401115818,0.12349850798067284,-0.28560995465929051,0.95035523480752548,13.089889111757083,-24.488101877485718,-0.096829357688020992,,0.1905860309152399,0.2727272727272727,0,4
-0.98690088563979206,-0.057032315213232335,-0.1509104268922907,0.083949021969279974,-0.98035200590905092,-0.17850071770304751,-0.13776503051861994,-0.18883129913105029,0.97229806995318313,-2.2807933831796929,-23.637962452417447,-1.2207765406235092,,0.7060506680474531,0.3370786516853932,0,3
-0.98290907703549357,0.12328006360660639,-0.13671785617974805,-0.11393087721574137,-0.990710287630302,-0.074248779116814323,-0.14460118083227011,-0.057403413667105878,0.98782354021418106,2.3010695689688392,5.4722325721867513,-1.088611608100394,,0.1696183789662526,0.186046511627907,0,5
-0.66018022024127654,-0.7281932097787388,-0.18411063531017716,0.743076570913485,-0.66894502505361675,-0.018701957530503813,-0.10954125506692057,-0.14915496199642064,0.98272758725407228,-16.043038814367634,3.848974960731256,-2.6213059027189609,0.3112845074708964,0.2571941700138288,0.7412935323383084,1,5
-0.92194323370813325,-0.33461509387788552,-0.19507283964940847,0.35940354336897784,-0.92681920176765886,-0.10878998229884491,-0.14439448339051381,-0.17040805786069343,0.9747365423449218,-15.792651979620155,9.7685848110033273,-2.4838376256124199,,0.1063968374690445,0.2083333333333333,0,1
0.0082287066223980191,0.99823506140487928,0.058813693722794838,-0.99942348978291939,0.0062726094988248072,0.033366786483060622,0.032938980819894971,-0.059054352524360816,0.99771118415625426,5.6657724298688459,-34.83013833827539,-0.63151286576316279,,0.5119507631970974,0.6486486486486487,0,5
0.97567207823814384,-0.14928763861719693,-0.16055278478606988,0.16102070037130289,0.98495958105232162,0.062665442990302911,0.14878282763274803,-0.086993244848878826,0.98503596155280926,3.1488489184649406,16.021966180321979,-0.72610055756174374,,0.1662257244651775,0.4444444444444444,1,5
-0.021224991253078807,0.9978326110320952,-0.06228627543189625,-0.99973897800757472,-0.020656177503246123,0.0097620788424098142,0.0084543242590856479,0.062477217382224288,0.998010581962685,-6.4397488551449964,8.2028017173220249,-1.6769671847082674,,0.0734077445753657,0.15625,0,4
-0.69628332975589369,0.71129271264876037,-0.096188365392145064,-0.71032850850440699,-0.70209520911825984,-0.049957255119670398,-0.10306762202529819,0.03354093418429055,0.99410868169637057,-2.9440865051078813,7.4584580003632182,-1.3355292652066559,0.4883882427906179,0.4576260168315066,0.8178438661710037,1,5
0.56122291684083425,0.8264874420223266,0.044128741111177879,-0.82067471247357693,0.54877691869944734,0.15917571991089857,0.10733989900814306,-0.12554840374187101,0.98626352685212404,-2.5257109277290888,-27.919359101661517,-1.1797982861290468,,0.2383261901884945,0.2592592592592592,0,5
0.8914864373039515,-0.40679337884881511,-0.19942687639301107,0.43184636744123261,0.89609302053317619,0.10259636192157368,0.13696951131883667,-0.17758503731028394,0.97452701732306324,-7.2940555375439295,18.174280468033285,-1.4685537189643614,0.3659459118793275,0.2503136200174454,0.5555555555555556,1,5
-0.87482966505814441,-0.45486273168890085,-0.16665219006891027,0.46421200654268574,-0.88549926304019966,-0.019956656455326616,-0.13849285221940863,-0.094820622629115767,0.98581376507348428,6.061467494730894,5.087015752374124,-0.78425074789475657,0.1815118454460483,0.08709740171941202,0.2884615384615384,1,5
-0.64361761346520618,-0.68114377769087697,-0.34899788215740279,0.75876345677146639,-0.62756245140698486,-0.17448033199266411,-0.10017177399630413,-0.37710545434540732,0.92073725459404365,-14.876645838956254,6.4488203471443546,-2.4938100851233291,0.6496964752046677,0.3455142336541036,0.2564102564102564,1,5
0.97701164200201507,-0.04803571489765044,-0.20770368674339185,0.086174444355751112,0.98012634105604468,0.17867937963869027,0.19499286277323843,-0.19247058388845106,0.9617342968851299,-9.8354516374940264,10.053254904964211,-1.9076604024440507,,0.205686270029958,0.15625,0,5
-0.87167002278057237,0.47249730001903784,-0.13014481495793648,-0.46627645298756287,-0.88131069990535893,-0.076666287386725041,-0.15092263175234361,-0.0061442417795791642,0.98852648296234391,-4.5231426734626883,12.588853492093969,-1.4675216830806737,,0.252841859713364,0.1818181818181818,0,3
0.35103507621768287,0.93488910283965077,-0.05250467271127205,-0.9334629494414457,0.3538067637354409,0.058887145924479238,0.07362945935508769,0.028339712890680376,0.99688292361156994,3.3401745628680146,10.21305206861463,-0.9230270306126086,,0.1504384778982204,0.196078431372549,0,5
0.81835937084793342,-0.53722537916674329,-0.20414904389814023,0.56701225783705111,0.81267818082985621,0.13435502917869138,0.093728542119813671,-0.22570570746488919,0.96967617997446454,-3.2827672084824164,16.372133530789949,-1.271917093841068,,0.1392262045768806,0.4444444444444444,0,5
-0.2156679881563176,-0.9188660833402843,-0.33041252968295864,0.97551446255712948,-0.21768851805923767,-0.031356697004761,-0.043114408571634386,-0.329084837074057,0.943315598186238,20.666826403566045,-30.703812049628862,0.49158294984553647,,0.4507381063943135,0.4,0,5
-0.2875507192123955,-0.91199268238002185,-0.29254731440525417,0.95596873459575171,-0.2919952136222555,-0.029369604986978669,-0.058637550731863032,-0.28811133699836605,0.95579992421907145,-5.862233189225317,14.458867894820189,-1.496962836845547,,0.1469941300092427,0.3181818181818182,0,5
0.98684372368249818,-0.012722279011570033,-0.16117570736687847,0.065183285837780727,0.94359540723089674,0.32462108172475451,0.14795473725383745,-0.33085623927849894,0.93201048527076025,10.271416843758338,-27.250529294695728,-0.25372071762196152,,0.2419504378970226,0.1,0,4
-0.15349930830513955,0.97697146560888914,0.14820498552971112,-0.98807510923084396,-0.14992062019680402,-0.035091112240296256,-0.012064032008375615,-0.15182411872236828,0.98833389909780833,0.34340074050663744,5.1016261460296564,-1.2074509282363663,0.750966167086237,0.3617271657031544,0.4024390243902439,1,1
-0.90490381286892008,-0.3679093387016632,-0.21399020526976154,0.40113076023319993,-0.90528586282077783,-0.13982710671245105,-0.14227860924968666,-0.21236813572884428,0.96677638173314429,5.5736692485527994,6.3404820587251622,-0.82933184055692899,,0.09285994480617049,0.44,0,1
-0.33967662413470762,0.93904670623454967,-0.05301956739253192,-0.94043162530160551,-0.33996129736966868,0.00383072099118077,-0.014427374987471882,0.051162484310033084,0.99858612600526175,-7.8015875159631332,-28.729488416099048,-1.7447780609357078,,0.1277212859484831,0.2105263157894737,0,3
-0.29524776622733545,0.95473480013971779,-0.036196932742183711,-0.95481640232789011,-0.29619647002659172,-0.024357524287413671,-0.033976379786466997,0.027369920459509509,0.99904779318641557,-14.6013272102877,12.41938924505477,-2.3028012957327419,0.823374982642669,0.6922925062155129,0.5692307692307692,1,5
-0.65588690684854822,0.74962969731386986,-0.088699956763003518,-0.74928281589110202,-0.66078787831264985,-0.043984561898096887,-0.091583990058002412,0.037612455120371015,0.99508676806843011,-11.952254562711243,0.62627213201918974,-2.1687375822910333,0.1912398724222837,0.126566078700709,0.5371747211895911,1,5
-0.35815905074424886,0.92841381783277033,-0.098842689295446415,-0.93287153512848486,-0.36019684950496456,-0.0029880685602223984,-0.038376989420760052,0.09113732750018308,0.99509858517592198,-26.397034404518223,-0.46902963340184489,-3.6580320801860688,,0.1428969402752344,0.2857142857142857,0,5
-0.98624079632880279,-0.054776466857910745,-0.15597637749124921,0.088656320604424216,-0.97160712927535275,-0.21936189996941979,-0.13953189052547815,-0.23017194663962071,0.96309486890259866,6.4089757081842587,7.9601870542331588,-0.75334381605108058,0.5283976904636229,0.4485210914541889,0.7272727272727273,1,5
-0.66730787993384244,0.73867470407689928,-0.095183375308435084,-0.73801248015366716,-0.67301212443552838,-0.048910729908799563,-0.10018868456884172,0.037608003399317684,0.99425744430941188,6.1007708948973551,10.590743902854198,-0.74622550855319025,0.754519863099083,0.8415872901815085,0.7567567567567568,1,5
-0.93266520742887649,0.33437515238480098,-0.1353841509161724,-0.33326522277645637,-0.94230802216846987,-0.031462400491808137,-0.13809381644161595,0.015774942934576975,0.99029351660808207,9.1074569664712293,6.4565774201876094,-0.47526687261719436,,0.07891965461807926,0.3571428571428572,0,5
0.21854550210329246,0.97170190533186385,-0.089628514909291454,-0.97463379222245961,0.22189594511300362,0.029174656818460046,0.048237273642773047,0.080978989354228356,0.99554787364278996,-13.657177446841478,14.227943632817043,-2.2196999597821208,,0.09722026647724828,0.2222222222222222,0,5
0.98730935979663337,0.058599656996826871,-0.14760185723023447,-0.037814527285150619,0.98944611389185544,0.13988012450132134,0.15424101135612692,-0.13252346171210153,0.97910532758824231,-6.4949231875978795,-32.209721749849123,-1.5366553506341034,,0.2943306825777378,0.1363636363636364,0,4
-0.89898617654917246,-0.39413892636113979,-0.19099309176089993,0.41713777401464569,-0.90342490528065356,-0.099093481161723118,-0.1334913175588808,-0.16875410289984175,0.97657673579236126,-21.236094139137755,2.7845636389612132,-3.0440119800736389,,0.1806750621822018,0.2333333333333333,0,5
-0.78458826408427829,0.61269539940038786,-0.095003175814374161,-0.60955416934627116,-0.79027008228816809,-0.062585235262230005,-0.1134238532840221,0.0088059408270894177,0.99350766726399942,-11.169716047763893,7.4392510352218837,-2.0716434483955815,,0.07655188916598353,0.2372881355932203,0,5
0.3773260418657845,0.91998939585256678,-0.10604041516671715,-0.9220308670723778,0.38390170371838866,0.049785158911853263,0.086510914315247905,0.078987298985014429,0.99311473068492573,-23.90120490077047,6.2833904432298038,-3.3659230637234683,,0.1358991501624148,0.2413793103448276,0,2
0.37860319695611477,0.9233660223709117,0.063677374204123685,-0.92368925771981547,0.37257212673335621,0.089376538053353285,0.058802843703581111,-0.092656349552023301,0.99396027408547249,-11.050438098041848,14.289702610321001,-1.9665281024064736,,0.200762632011358,0.2,0,3
0.01838803226298294,-0.93282529589576879,-0.35985948314094307,0.99979368903456256,0.014048805620806419,0.014670052054778454,-0.0086289997193540659,-0.36005499357403731,0.93289117369939978,-10.601084907431272,-37.312714058924946,-1.9301156104488517,,0.2520580798192128,0.1764705882352941,0,1
-0.78052933208079245,0.61355263689026684,-0.11969596286639343,-0.61136507281249908,-0.78917670495361936,-0.058590751006600841,-0.13040977534863205,0.027446131303880638,0.99108021893788734,5.6349047888309949,13.361224458635411,-0.69583829486669713,,0.09603191667670775,0.5625,0,9
0.58855765635310997,-0.75869019953103567,-0.279265225697168,0.80364577972645013,0.58666544287934153,0.099885528776951032,0.088053085556380417,-0.2832187127764374,0.95500461509736045,4.2249884701356146,13.35554717288645,-0.77603670948671621,0.5170631312344286,0.2689492792779759,0.25,1,5
0.22424430648581223,0.96883042602379177,0.10527153755529764,-0.97442975668710352,0.2213364657119021,0.038688735167722074,0.014182393712318494,-0.11125544731258501,0.99369063855501183,10.134328261647648,-30.988767667508196,-0.2632764959389331,,0.4376303836983148,0.1764705882352941,0,3
-0.44307319388523136,0.89638926674473651,-0.013131158561803939,-0.89354507571846231,-0.44275794273626329,-0.07444865212508088,-0.072548897439103144,-0.02125292000613177,0.99713839103285229,-8.4303731006968832,6.488744333969624,-1.8455495575033778,,0.1526304576923158,0.2043010752688172,0,5
-0.73280170766059716,-0.61632665387058327,-0.28834547504409191,0.67034825786408525,-0.72662643359375478,-0.15048999694799492,-0.11676844791423344,-0.30357121360812767,0.94562659006617944,-19.136474733068578,5.7570978480041504,-2.8408888835614539,,0.4618163479989258,0.4307692307692308,0,5
0.66246536923403487,0.74740731058745646,-0.050218986907742166,-0.73750047884670766,0.66249481922668574,0.13112459036610682,0.13127329609060567,-0.049828973280888193,0.99009312448642017,-2.1250686963370549,6.3982951774294694,-1.2737659031636108,,0.1501120149509549,0.2368421052631579,0,2
0.33130110395951118,-0.91658441040807315,-0.22385843096049363,0.94282503732856937,0.33074037632346781,0.041130918489539904,0.036339063025777246,-0.22468605222909568,0.97375338275772527,12.461136540028967,-28.681111267283857,-0.077299349860824818,0.5097077949454358,0.448458325066983,0.62,1,5
-0.97742855170963538,-0.13471888091674875,-0.16273982127107814,0.16736285498914361,-0.96385527175915642,-0.20729855250812843,-0.12893060564771466,-0.22985612505787442,0.96464659886441939,3.8798791785783848,5.1834613568914332,-0.98129336916302179,0.8395733667626456,0.4020419128082062,0.2676056338028169,1,5
-0.78988748710345857,-0.58679573521096395,-0.17818115179672733,0.60010002807764573,-0.79945290750969233,-0.027477353866582857,-0.1263238458035261,-0.12863053219405091,0.98361398534632671,-5.0299588411906555,-31.487280443100644,-1.424560343489341,,0.4002650350542474,0.3846153846153846,0,3
0.93431236332966661,0.32798159920681358,-0.13960114007798863,-0.31827199536293849,0.9439425713124191,0.087609126418384531,0.16050964051117547,-0.037423156545645868,0.9863245726722687,1.127691972087796,-27.542501609002255,-0.93853676625836902,,0.1679220224099815,0.1818181818181818,0,5
0.98778662459277777,-0.0090740379811835616,-0.15554821153045159,0.024662885063673447,0.99482304206746541,0.098584263815124459,0.15384838762867201,-0.10121648485474125,0.98289668674673425,-6.8392877668912835,-27.78856398735984,-1.6675473379920769,,0.1532056882679836,0.1818181818181818,0,4
-0.87658783790128203,-0.45300326634879012,-0.16242476141550397,0.46140094647290797,-0.88704459027137761,-0.016157396578346275,-0.13675865251405825,-0.089106315980475914,0.98658863535666586,-4.4197422423641166,6.1927639458524411,-1.47643296238345,0.2285411469025529,0.1937100661378333,0.7506426735218509,1,5
-0.30154939521412794,0.95124634568332378,0.064794691681619818,-0.95341220939542715,-0.30144965369028842,-0.01154405759412421,0.0085510947676248391,-0.065257153739093882,0.9978318408750787,2.1828440549241845,14.407299857230711,-0.78293302879533389,,0.4645550971447647,0.25,0,4
-0.88395555096861478,0.45808708501517437,-0.093695285121892638,-0.44931696808249,-0.88766103832866705,-0.10085704351423216,-0.12937096314448293,-0.047054262034095365,0.99047920236595366,-9.3487997432382741,-31.630275533534746,-1.83205312148976,,0.2715038153286951,0.1875,0,1
-0.89631890355675181,0.42629556525211837,-0.12200210724901224,-0.42344725053882959,-0.90455600930678981,-0.049707665787900528,-0.13154789674460191,0.0071075363771611957,0.99128433549043826,1.5458054003678348,20.384002253153067,-0.74619602401879426,,0.1577190989552562,0.4705882352941176,0,1
-0.9772126545518558,0.15739301029506139,-0.14241793459383648,-0.1531740128347418,-0.98738173877691171,-0.040187357738298027,-0.14694607710251398,-0.017456867993493545,0.98899044898524724,3.9871740077366016,6.8047628991162306,-0.95111463994907119,,0.2894421019958809,0.3129770992366412,0,1
-0.98884550251732461,-0.02486923981060438,-0.14685398551793591,0.030954123380777653,-0.99874805860171367,-0.039295771846804523,-0.14569287696036168,-0.043403183645340661,0.98837733141369755,18.734077122211492,8.2212412150703784,0.074527267907367745,,0.1058950175006984,0.1111111111111111,0,4
-0.086706385981889095,-0.95249743437947321,-0.29194287134725594,0.99585583685711199,-0.090941030873098641,0.0009386699950450399,-0.02744366643838126,-0.29065162377708981,0.95643529774269653,-17.893561764205383,6.7390642350799146,-2.7458970470734729,,0.5251669662796277,0.3269230769230769,0,4
-0.95926167612872237,-0.20156015365632796,-0.19796601013494933,0.24422384511696341,-0.94387110490362058,-0.2224006537856941,-0.14202728676912366,-0.26168844412020975,0.9546451738876307,-26.206798241574106,-1.834327994099723,-3.61134994191434,,0.3256004650863329,0.2727272727272727,0,3
0.11348163500289905,0.99289893621326353,0.035687826827060072,-0.9927464598931528,0.11188238752015685,0.04400906420730219,0.039703713764354172,-0.040423184305036025,0.9983935002212101,16.021964980567628,12.244574403122774,-0.021940930981824553,,0.2576304151551966,0.25,0,3
0.42563749448093047,0.89700722735906391,-0.11920888120270906,-0.90189063584105755,0.43125152121594607,0.024807386624698929,0.073661416455364781,0.096954419778255696,0.99255923561833459,-0.64666488544384393,18.984495575636871,-1.0170207629967156,,0.08140924683265827,0.32,1,4
-0.082497990851137598,-0.96772258664209643,-0.23813247743274626,0.99627835494460248,-0.086070100710103806,0.0046235519497005492,-0.024970401967221313,-0.23686479912913272,0.9712216770434613,0.2334963674464331,-26.49983173264939,-0.98941356329835595,,0.8654747822843913,0.5,0,2
-0.98791226453676373,0.044365640738426637,-0.14852961825747507,-0.036226252539473154,-0.99771301650455979,-0.057064834393156703,-0.15072165141342084,-0.05099437831017202,0.9872601263982913,-12.571952458728489,8.4824200690536316,-2.2138164437382564,,0.1171557977594632,0.359375,0,4
0.96391528359517265,-0.18539512645973044,-0.19103919267159855,0.22305686779118017,0.95417721400507183,0.19947801383788152,0.14530299302775426,-0.23489251022222615,0.96109965604960879,-11.376994799991184,-28.717138685826942,-2.122557776695527,,0.1690438327569875,0.4117647058823529,0,2
0.25928713536687364,0.96281307570547869,-0.075902323309619657,-0.96448027094228217,0.26223939418845843,0.031753851715565384,0.050477602917970356,0.06497292810261722,0.99660951742266135,20.348212883431721,-25.123185634975137,0.38296323832321805,,0.6882498806485593,0.6764705882352942,0,1
-0.98154207348411404,-0.12416973224978463,-0.14545458251124876,0.13558838585113031,-0.98819072101301952,-0.071378487838094987,-0.13487382104318799,-0.089782941012114689,0.98678674286819668,-7.0885409383827911,7.66072282836054,-1.7155335306023269,,0.148617457993706,0.1971830985915493,0,2
0.79270068886143974,0.59785747498434194,-0.11913042215969039,-0.59040443220826033,0.80159065419785747,0.094207375143846833,0.15181641646225605,-0.0043431219184330997,0.98839916682712825,-14.964594517079359,14.88322440893517,-2.328621112634762,,0.740121693719948,0.2173913043478261,0,4
0.92280554268962534,0.35494750908124595,-0.14980719668402442,-0.3282913227030706,0.92795749640080505,0.17640774447687918,0.20163020066243936,-0.11360964162680176,0.97285050830549291,-0.92483227613456198,-27.605942159063467,-1.0741860379146715,,0.2584359130400666,0.15,0,3
0.25668314427750077,-0.94965488988521463,-0.17963672664830016,0.96608946591116651,0.25749229377185839,0.019205793490096001,0.028016197088343832,-0.17847495276706879,0.98354551696172143,-2.6677676414447591,12.055815226033992,-1.2984874200990735,,0.2852848827655307,0.3283582089552239,0,1
0.98455085976461443,-0.062659573382426184,-0.16350346296115825,0.092362015866300731,0.97915023157007752,0.18092562571779888,0.14875773109950197,-0.19323198979412337,0.96981056684196454,-12.926140478139873,-31.985542504065894,-2.2312103982226978,,0.1564337984385172,0.1428571428571428,0,1
-0.90156433581424456,-0.36354314700612045,-0.23455943522422171,0.40690961605280318,-0.89669953129830848,-0.17422547153948162,-0.14699085941506712,-0.25251996125906678,0.9563615197267924,-19.004113718267082,0.80146407621185478,-2.8838081186452791,,0.1023417984703301,0.2452830188679245,0,4
0.94592246226944487,-0.25686391419138932,-0.19812022854920439,0.2915777525490415,0.94091303534768367,0.17223551936595077,0.14217281594088374,-0.22068889754377641,0.96492657798837345,10.088249628939931,-28.68857154146275,-0.28190822000464066,0.2030627995486108,0.3351639015867103,0.2857142857142857,1,4
0.97419267593867565,0.20268315196213949,-0.099338663460578736,-0.17262166083506864,0.95255875387698008,0.25066627739462127,0.1454317446707715,-0.22704924647095145,0.96296326374321695,5.5653985566125765,-28.751749017383421,-0.67543763366716625,,0.4487489286557034,0.5238095238095238,0,3
-0.77702849017526587,0.61726912824397406,-0.12331078125155907,-0.61996647114923775,-0.78437854192934575,-0.019795898856946374,-0.10894172803249964,0.06106657250670941,0.99217063734801925,-20.096969853250314,1.1398031980043142,-2.9771587233620913,,0.0670803842635081,0.2307692307692308,0,2
0.009314566435118082,-0.98308074277132307,-0.18293575933728085,0.99992617682145202,0.0077296004311207412,0.0093751898331876481,-0.0078025482605914359,-0.18300958026659969,0.98308016650285601,-1.1511707944724074,12.941873044900328,-1.1077645410796524,,0.07396846121647369,0.3076923076923077,0,4
-0.46553554284077936,0.88222219118711065,0.0704319794479423,-0.8843056422417227,-0.46046234499961836,-0.077317268038315748,-0.035779735205799572,-0.098277333167251735,0.99451564911475254,-21.336637956191808,0.57708963117156442,-3.0731151350173982,,0.404252586532498,0.6153846153846154,0,3
-0.90185823653712993,0.43059182272521329,-0.035247743081179589,-0.41120229206174924,-0.88054231869322297,-0.23570723364701185,-0.13253073678698943,-0.19808055733095473,0.97118468718063966,-9.7241711836366296,0.96261564050079318,-1.9991161274419911,0.1755708209864187,0.2478116172838622,0.2526315789473684,1,1
0.3240096561717235,-0.87913246666973344,-0.34949084216138121,0.94529720531423966,0.31562044738519823,0.082443476500305257,0.037827719103463268,-0.35708519885253914,0.93330553648195635,18.785277975653997,-27.381574214683788,0.24813896103356312,,0.2001721477568652,0.2727272727272727,0,2
0.6286169775795224,0.77677085739414509,0.038310972344095501,-0.77715514726320878,0.62553289593718042,0.068836568644467924,0.029505466969462997,-0.073045405082103096,0.99689206848851253,17.454843198701909,10.122172872275524,-0.010730687502246669,,0.5327537444284396,0.5151515151515151,0,2
0.56675154988604759,0.82360970024899893,0.021441603426896615,-0.81832439240107369,0.55971361780136097,0.13063634581970474,0.095592204196661312,-0.091584538561187409,0.99119846791314103,-4.8027196965763981,17.724809737802872,-1.3307491426342892,,0.1668491196444739,0.4,0,1
0.2636903816242126,-0.90632907240356919,-0.33020447476520243,0.96416819910506613,0.25797488156964105,0.061876039899336696,0.029104406425346549,-0.33468877034525046,0.94187916450647391,-13.539993699630296,8.2501608084707367,-2.3387500727459045,,0.5358042029958308,0.7307692307692307,0,1
0.40807445004935683,0.91288669754343654,0.010635819909764211,-0.91006571483140308,0.40583310889716034,0.084142037123385444,0.072495778534494654,-0.044015510574155696,0.99639700768497608,-3.0731151361193936,4.9162463694195067,-1.3806743265486623,0.5169112901656484,0.6408858784841348,0.2741433021806853,1,1
0.27144593856602567,-0.9244508176891304,-0.26778309899974645,0.96198866819141593,0.26924973727345852,0.045633115710857992,0.029914957919348877,-0.26999123069476194,0.96239795856008148,23.883693305603845,6.8353007115842255,0.33698012303896008,,0.2087912617636259,0.4615384615384616,0,2
0.96234490642096426,0.24228153543157702,-0.12325558273174757,-0.22840060628741518,0.96655350122791572,0.11665115649490644,0.14739553634071276,-0.084106996456748212,0.9854950882748521,-3.1081360151768918,-27.092436244042535,-1.2765819082989036,,0.08254550634307431,0.3076923076923077,0,2
-0.17910832109796823,-0.92669395493631435,-0.33039146962044852,0.98380580319754884,-0.1710265593058114,-0.053628887801654201,-0.0068081501374250416,-0.33464642519606941,0.9423191705548597,-7.6068230790607938,-0.1414410659237996,-1.8343615919336211,,0.6322682449662498,0.3078651685393258,0,2
0.22419767348782227,0.97086083177297888,0.084644246890890951,-0.97319453514633847,0.21847252940676068,0.07184810822780241,0.051262071397376027,-0.098483497214967117,0.99381748868308795,29.777325993677916,-24.889131193658887,1.3325764918265517,,0.1830441037325275,0.4,0,3
-0.87621113101716297,-0.42419910572855885,-0.22871198608886734,0.46156599324504594,-0.87515707123574227,-0.14511007734059031,-0.13860334686196255,-0.23271274001474193,0.9626182487744005,21.066604000010479,6.8647336634838414,0.12185183516694545,,0.1320645434597465,0.3636363636363636,0,1
0.8056298390504143,0.58832424703631603,-0.069535190952179138,-0.57813592123574642,0.80639014649615559,0.12447404633418355,0.12930359240368788,-0.060079214234720429,0.98978334447920502,12.147888204319534,-34.963856663289654,-0.06535000509611176,,0.204198550236414,0.5263157894736842,0,2
0.97822961956333832,0.13918294600133821,-0.15393153981999416,-0.11236926956788772,0.97884919973201701,0.17096020426043454,0.17447050944427622,-0.14994116088112261,0.97317916624220646,26.818470476133307,-28.501141933636088,1.0632929207055011,,0.2102499570301419,0.3333333333333333,0,3
-0.23872651769839459,0.97053451104622745,0.032747711612541412,-0.97045732085108016,-0.23965013434805885,0.027935667407482701,0.034960522795608309,-0.02511127187574189,0.99907316342229957,-10.168491541821238,3.2771035967227489,-2.0143159326064763,,0.1982258605883858,0.2105263157894737,0,2
0.95154643436543263,0.27604108927187415,-0.13550166153973189,-0.26961641660844854,0.9608359568519026,0.064041017447479739,0.14787282083483236,-0.024404529376450493,0.98870523807870236,27.615406338494534,-24.322599185239174,1.1137672941146664,,0.1334633865197217,0.1,0,1
0.50251952081081175,-0.77767759318378327,-0.37774553903911307,0.86193267344424118,0.4847142908624959,0.14874179870813553,0.067425497056645384,-0.40033687975696919,0.91388412014495524,15.709643534209054,13.629761700582907,-0.00406435245760351,,0.2078541961937922,0.2608695652173913,0,2
0.022433674180305774,-0.95115736984132238,-0.30789022079194156,0.99959615641852639,0.026713275903861852,-0.0096914892454477482,0.017442887836661609,-0.30754846559042182,0.95137252797045613,-6.642874435434301,-25.818996982166222,-1.7216538610776273,,0.464896786413003,0.16,0,2
0.72001172799174196,0.69389824749954043,-0.0093985994388733549,-0.68396322452772573,0.71186338413901062,0.15951435614323942,0.1173772509815348,-0.1084239108279277,0.98715086816190178,5.1208816989560706,-29.743152488707278,-0.72725957888264348,,0.6957077043720821,0.3170731707317073,0,1
-0.48266280834509662,0.87550267659170233,-0.023058116167413625,-0.87328456931642651,-0.48310271520459575,-0.063133410772519966,-0.066412908641685128,-0.010335852297361055,0.99773869110255475,11.922281417570028,14.311799196218054,-0.12773843989708991,,0.08867122126977262,0.3333333333333333,0,2
0.88518539638563831,-0.43629772696946295,-0.16152742017032393,0.4468267411987582,0.89397585758280407,0.033956286734403172,0.12958656325135975,-0.10223237990172544,0.98628386538781587,14.549061856939074,-28.806413027549596,0.045714179153081506,,0.2661059753028678,0.1111111111111111,0,1
0.62784625597434718,-0.75591310942658019,-0.18548436552991218,0.77349403793884641,0.63250738271212936,0.040513998663563609,0.08669516787026596,-0.16890761324372486,0.98181167545321835,-10.38186061054305,-29.271661218682638,-2.025191187528721,,0.3400270177084586,0.32,0,1
0.20513496615709423,0.97866476140961889,0.011615956042482974,-0.97418722893162946,0.20302505258601883,0.098691798083514914,0.094227854938127464,-0.031561254688262749,0.99505024926194652,2.4847673891356128,-33.272562208412303,-0.89470340425255301,,0.6420219164530507,0.3666666666666666,0,2
0.88592492168431236,-0.42035752354087846,-0.19605250710262875,0.44612705334137376,0.88790965252188325,0.11219225122714011,0.12691605657122235,-0.18685823867587514,0.97415415270036287,13.848609559291376,18.277364536553261,0.066558509489789849,,0.1591026285901237,0.2857142857142857,0,2
-0.75587695915690567,0.65468363400871754,0.0062739124035952202,-0.64581370098028568,-0.74399287332360253,-0.17146214762983555,-0.10758571578910864,-0.13365606534994456,0.98517073137264688,-7.1018042659261953,5.6695987791271119,-1.7620512157825567,,0.1152172051272728,0.2444444444444444,0,2
-0.82973739554025194,-0.50506195839788537,-0.23758845220543015,0.54221024120026295,-0.83037888410681848,-0.12837041390861192,-0.13245342116998055,-0.2353366248776593,0.96284617889440682,-27.711277665862248,4.8229838754672532,-3.8212298889541514,,0.1939995334247354,0.2222222222222222,0,1
-0.081326649849944241,0.99615927219888811,0.032445037160794353,-0.99566074357778622,-0.079722586003898963,-0.04799992686432665,-0.045228969945316382,-0.036207923069843551,0.99832025251652279,6.194661585446803,16.948250555327206,-0.60271764657213378,,0.2093378218597196,0.1428571428571428,0,2
-0.75071780303586122,0.65562595892952902,-0.081101061538960462,-0.65193601461323247,-0.75508547690270289,-0.069464778275286909,-0.10678114559802343,0.00072425710541581981,0.99428228506617811,32.501225069991619,9.521281447378362,0.97039729019691945,,0.3229014406494967,0.1875,0,1
0.96460465655857797,0.23786442441355232,-0.11383484591248109,-0.21739007099906976,0.96164040786805116,0.16729997903881821,0.14926290087134289,-0.13663177358791401,0.97931217947582694,13.061278839645309,14.317254134649687,-0.072026619461583771,,0.1805095593523185,0.4375,0,1
0.22774875151146307,0.97349906089077543,0.02073848185735366,-0.97264353188949582,0.22644421290486919,0.051841858718818044,0.045771891576571286,-0.031978068839007084,0.99843995165199118,-1.5158371893325193,18.083394232113623,-1.0758613753171244,,0.1108938106630631,0.3529411764705883,0,1
0.93559733166320724,0.34030188690985286,-0.094086442967519668,-0.32145050588202817,0.93123397223789295,0.1716766181465145,0.1460383691119384,-0.13037605115829251,0.9806502332796827,26.958514374192344,-23.568100884939089,1.0019646382163296,,0.3063927778849669,0.4705882352941176,0,1
0.25081848056537576,-0.8965641887078839,-0.36505170227441719,0.96765456597647237,0.24276881814239426,0.068614443688117907,0.027105917283149206,-0.37045371703401603,0.92845533698930294,31.740049492531206,10.212485739981522,0.94897277899948218,,0.7687923042431875,0.4909090909090909,0,1
-0.74746319600257938,0.66080982283619549,-0.068037847296974527,-0.65575250379096972,-0.75034199792547707,-0.08351969780284961,-0.10624229098379397,-0.017811911531348892,0.9941807237188397,-12.47795088267085,5.5993240825656194,-2.2210647009513007,,0.570142793911958,0.7536231884057971,0,1
-0.69995384101083957,0.71148164029562166,0.06211679303073863,-0.70737367726659872,-0.67866187615479334,-0.19758678742361827,-0.098423072317938176,-0.18224141509631572,0.97831537116575584,16.047547433660331,8.2596376050437854,-0.13850323001577089,0.8624591506382333,0.6069052423315624,0.2173913043478261,1,1
0.63598429830925318,0.76488548829931535,-0.10234335392786996,-0.76445493482465399,0.64257937811296761,0.051965329270453151,0.10551125497463129,0.04518774848418787,0.9933908810033486,-13.174295920207207,3.1187547758816581,-2.3171585667000882,,0.0702055633665416,0.2173913043478261,0,1
0.14714617356798457,-0.95080793990930301,-0.27260276045874493,0.98905262807509042,0.14452755037018744,0.029777274585673287,0.011086140088335712,-0.27400008866681091,0.96166576777408597,27.993776385321421,-25.139137155984958,1.1646349192980343,,0.2067953489564096,0.1904761904761905,0,1
0.97448195282683048,-0.14669567014776663,-0.16989792222009345,0.1702079173956548,0.97635895954114493,0.13323830897894209,0.14633587554199165,-0.15875629903607516,0.97641295006043827,1.3155130327357314,-29.860659399016789,-0.99836992553853809,,0.1276861895674468,0.2222222222222222,0,1
0.42171814558754267,0.90598084403281853,0.036776567645536273,-0.90366130549716206,0.41661398099992264,0.099141493747886542,0.074498661930064811,-0.075043328024407607,0.99439350776724833,35.354971155051778,14.239634078243849,1.2136425584367534,,0.3073789266689089,0.45,0,1
-0.4469986965556848,-0.7875782541764631,-0.42416112366160424,0.89110976454224999,-0.4334987208848492,-0.13417245070675804,-0.078202000070179689,-0.43794902961367077,0.89559203583186786,-13.515211855186035,-0.072525199361495762,-2.3013001153947878,,0.6155093775673508,0.21875,0,1
