axis_00,axis_01,axis_02,axis_10,axis_11,axis_12,axis_20,axis_21,axis_22,location_x,location_y,location_z,dbh,dbh_approximation,score,reconstructed,number_clusters
0.072688351984088129,-0.99355761632165263,-0.086946342850471967,0.99010030999632259,0.061389466342950595,0.1262248373629862,-0.12007405894289523,-0.095260676416674031,0.98818400305692788,4.1456348533083567,6.2312624819326246,-1.1824244454366615,0.383113859569815,0.3881439080139306,0.2780269058295964,1,5
-0.97549650774538443,0.2119250831205067,0.05911279490029004,-0.20918412601658157,-0.97663250291670833,0.049304722586407411,0.068180384270230238,0.035731126360780817,0.99703295923943858,11.147279908213561,1.7880450407305997,-1.1048324862914116,,0.07663901212734056,0.2619047619047619,0,5
0.51113755104656999,0.85296103279067126,0.10581058761195526,-0.85490812902871971,0.49183327373254043,0.165021579710491,0.08871580936185669,-0.17480705760982276,0.9805977757363451,35.59674379404062,-3.4051700417772461,-1.403803604157092,,0.302625428121806,0.6086956521739131,0,5
0.94907002675755103,-0.31267578400605811,0.038729038286811936,0.30433055403734127,0.94159532756016018,0.14415669598115088,-0.081541389427389865,-0.12502836963295197,0.9887966973029283,-1.9679829098366606,-19.820979212934223,1.34549672778811,,0.09862980174426939,0.4814814814814815,1,5
0.52827945640059648,0.84051584637488053,0.12022448975898962,-0.84597592997869175,0.5089726484501802,0.15897034008360597,0.072426112982670154,-0.18568778937326022,0.97993596884484935,-15.25056957439015,13.97308639960659,-0.70590586675536349,,0.1301031195412884,0.3333333333333333,0,3
-0.72295559934782527,-0.67414338829032894,-0.15121472612170567,0.68930835458144624,-0.71862985418771663,-0.091788479529627445,-0.046788819987756247,-0.17059256928300431,0.98423014667788811,-2.2864709383018913,11.539588466718916,-1.1847000839858814,0.6278027224432765,0.6827604614570014,0.4423076923076923,1,4
-0.22950948063441964,0.96799540782555749,0.1015395919213315,-0.96601937337082266,-0.23929018138138244,0.097707621845518511,0.11887795662426504,-0.07566438741638451,0.99002168254323686,-10.202118414854723,3.5585601660950963,-0.28341964217565474,0.4154311943992698,0.4098756910488087,0.95897903372835,1,8
-0.6124400216821333,0.78764766981979761,0.067293150241550928,-0.78321619954196542,-0.61612384841721246,0.08344931507570634,0.10718957326638016,-0.0015973850530692166,0.99423731761786327,4.7597227371191693,2.6354241064885886,-1.1070015093418535,,0.06870671020810203,0.3137254901960784,0,5
-0.86658512058995618,-0.49902694018725341,0.0015302743019206765,0.49891401095692445,-0.86644677441647455,-0.018836049855548622,0.010725597557500592,-0.015559565245673533,0.99982141479686293,7.0365393155166247,7.1335907632049071,-1.2927298997502412,,0.1271002122493707,0.3243243243243243,1,5
0.92175721988553005,0.36301649227190902,0.1363182083490615,-0.38713999416005346,0.88151686821490538,0.27027881155269795,-0.022051133999250884,-0.30190567631494442,0.95308274042612007,7.3276971443581296,-10.732609470771015,-0.2544841692469797,0.5563979982095776,0.3316702419845652,0.1,1,5
-0.31119235189359079,-0.94608415588338723,-0.089911568273250808,0.94700976969209449,-0.31663027835999635,0.054016320990959883,-0.079572710338801561,-0.068337667593290352,0.99448385957603513,6.4054144007410114,0.050570085955110346,-1.089236677291856,0.7078835261951364,0.4993237822704217,0.9317904993909866,1,5
-0.87793370065986454,-0.47802745742990538,-0.026873168565965156,0.47858075390595139,-0.87780897021583792,-0.020294674163950158,-0.013888096935365008,-0.030678359664584248,0.99943281865856493,-8.449235690942805,-12.91967603775965,0.91198749449359273,0.5653560585836332,0.3262001312969444,0.6113989637305699,1,3
-0.99585418662572067,-0.049570071092381734,0.076270879317876003,0.049821815801274191,-0.99875714057860576,0.0014002905098777448,0.076106672836813077,0.0051944388671304118,0.99708615081875818,3.0791223073661853,18.435239552401804,-1.838095853609035,,0.1255580222859777,0.2307692307692308,0,2
0.37117264237850683,-0.9281070012334327,-0.029124968862514231,0.92212515195691525,0.36473024811606169,0.12906219523017637,-0.10916076986808541,-0.074761222372841635,0.99120869949326296,-10.989556632973919,0.19471511519286308,-0.038962125047018153,,0.1274436375863438,0.4203821656050956,1,5
0.89379144921902087,0.42227355415000412,0.1510691588924922,-0.44847797963423958,0.84311528062501406,0.29668859998286595,-0.0020849667028747061,-0.33292892491059717,0.94294961894669671,14.397402968228311,-9.577572178326287,-0.30560137249667008,,0.3107340527949076,0.2105263157894737,0,2
-0.99250254502097635,0.10874885947031199,0.055788741613259328,-0.10773061817218216,-0.99395926667322809,0.020954476912048794,0.057730512167519739,0.014787216043747156,0.99822268367661882,-15.36357000101472,9.1764268642450926,-0.31837488595554314,,0.08124060467862541,0.2941176470588235,0,5
-0.45086756915514586,-0.86582503654812559,-0.21694571019166456,0.89012054774447569,-0.45420733665497037,-0.037163231989050395,-0.066361476529710986,-0.20986353045547074,0.97547601355315827,2.8058398441213379,-15.234118526633113,0.39634806772642206,,0.6092394146759234,0.2173913043478261,0,1
0.16042571587310794,-0.94881921695144178,-0.27203985595911062,0.98139536000393324,0.12387553310539473,0.14669014847836329,-0.10548334963088173,-0.29051152445558337,0.95103959807630611,-15.027109625378976,-12.729953206114523,1.4557104143701967,,0.2950769524863775,0.15,0,2
-0.62012769029204673,-0.77667586620075024,-0.11052713058053497,0.78197271550945757,-0.62326547460608372,-0.0076694434490918364,-0.06293107286402462,-0.091185234689440106,0.99384351536990734,-4.567773855453515,-25.620141619413008,2.381824453217825,,0.2974440746343778,0.1428571428571428,0,5
0.3806709297444279,-0.91217388182610515,-0.15175128520644773,0.91736818977062917,0.35188916751131016,0.1860366044227762,-0.11629809819800296,-0.21003052897731983,0.97075327929038469,-13.668629697806987,5.7937832926143571,-0.18613488307364634,,0.1749512394186057,0.3636363636363636,0,4
0.99932794383833501,0.016607380281799432,0.032678059673443449,-0.025923318707074205,0.95047484635256696,0.30971849799176543,-0.025916060870759178,-0.31035747352245191,0.95026659228750288,16.248625380206281,-10.962438467895637,-0.18649501989341988,,0.1890476312811716,0.3448275862068966,0,4
-0.99893195069656249,-0.026321610326714855,0.037975396079172025,0.022801495889478732,-0.99565156884282635,-0.090321897931904468,0.040187680484988227,-0.08935953385413252,0.99518833596792577,9.2944928458102787,-15.215860724209682,0.23221050770345134,0.276940107938039,0.1739750800145133,0.2121212121212121,1,5
-0.61400402956827405,0.7858522668717447,0.073724258737952089,-0.78127612337570884,-0.61838987552594349,0.084862128714935994,0.11227943140639894,-0.0054933140768227001,0.99366148802472332,9.7065555758876432,2.9251384449201923,-1.1365182037907902,,0.07153256921061098,0.4150943396226415,0,5
-0.70961586172116509,0.70141046638170523,0.066848234411449589,-0.69672230705225002,-0.71266563055198284,0.081766288198351786,0.10499216946762924,0.011447998958099793,0.99440715387125844,5.3158400754424111,-6.2055185109935662,-0.66805328868806335,,0.06765726565915327,0.3035714285714285,0,5
-0.98363798009817927,0.16745388072513545,0.066449393815643298,-0.16848750510523139,-0.98565071926364933,-0.010228403514981398,0.063783106946816048,-0.021256938752858084,0.99773736916238032,-10.530531818625033,9.0749580390227464,-0.64421254857950805,,0.07226354038767131,0.1754385964912281,0,5
0.34069370349648725,0.93564276526074086,0.092197701777658125,-0.93706773685964684,0.32996587242793513,0.11413404211544816,0.076366595672368184,-0.1252802412517868,0.98917794365690703,-22.588129594350381,7.8121182541280128,0.16453987422487326,,0.7142719327848308,0.8717948717948718,0,1
0.85553382734638783,0.50570985585585593,0.11099284641944922,-0.51766261381046474,0.83163905266410743,0.20100224960647625,0.0093428330264304256,-0.2294210709028181,0.97328242750850336,-4.4550835371378588,-3.6613316417439443,-0.35656926038273085,,0.07896988303638439,0.3478260869565217,0,5
0.98199725153710116,0.18252894359720614,0.048626975259283986,-0.18760433681897248,0.97246085260591431,0.13829136978022644,-0.02204565218569466,-0.14492437648051387,0.98919710590025556,0.81221378320220761,-6.3810664205652339,-0.42712705880121371,0.2348740546931535,0.1707054298924034,0.7172995780590717,1,5
0.68096588527859736,-0.72575897502730602,-0.097772047406453802,0.72489696372211843,0.64907795799721379,0.2306993637369211,-0.10397045288537171,-0.22797305676215507,0.96810042367376792,4.4243477467315246,0.76146429413026262,-1.0157485602586633,,0.07787460613630522,0.3205128205128205,0,5
-0.99733225636142508,-0.062658009577872639,0.037447887213666063,0.061944417438088734,-0.99788074585313769,-0.019922504958979931,0.038616830129932271,-0.017549669265373408,0.99909996974246329,13.557470657376642,-18.994149816704766,0.74730266232538922,0.2045360252692221,0.3095541773329786,0.9,1,4
-0.99401409052013723,0.093494636787276597,0.056522037644101901,-0.091527712700149227,-0.99513536330977814,0.03644566501239483,0.059654552678776868,0.031054171737980817,0.99773592335966532,15.166524272774122,1.9514055376926764,-1.2567625148058248,,0.1031348053048698,0.21875,0,3
0.9925667857071595,0.084403473085781791,0.087676847810672656,-0.10263011789233291,0.9676973471538507,0.23028005387528885,-0.065408216703744484,-0.23756661811470439,0.96916658379515885,18.484285326626161,-5.6846437857971628,-0.71455634239368726,0.4010309252825777,0.2859356955946899,0.6666666666666666,1,6
0.084368089143874767,0.9766508779234887,0.19757299457540062,-0.99057464746957391,0.06073435804560285,0.122772983768086,0.10790687338970302,-0.20606892149004072,0.97256964083359654,20.465416939505559,-6.753276639857436,-0.64356688290847663,,0.325392771146515,0.4666666666666667,0,3
-0.48749548113610974,-0.87294297972024493,-0.017852451624738874,0.87097304183216417,-0.48762684717982413,0.060216428913476103,-0.06127084358404386,0.013806232889712987,0.99802568687378723,-0.38735565546167156,3.8782439336744123,-0.87509566185644583,,0.09994057234155095,0.2587412587412588,0,2
0.7112333969656901,-0.70132418004195907,-0.047869087406389108,0.69536771790417906,0.69194399336980017,0.19410627742602529,-0.10300869835785921,-0.17134148513401298,0.97981187150120386,24.504094882798096,-8.7515486389367307,-0.58477384659526221,,0.1654257078650301,0.4583333333333333,0,5
0.48705978995313814,-0.87258903035696178,-0.036893700160064581,0.86718198168377725,0.47815881262260279,0.13913863789162947,-0.10376980126125464,-0.099762387762314789,0.98958541538068334,3.8238463187832945,-18.28885280663879,0.81623537603787022,0.3898255406324685,0.1736381420079809,0.25,1,7
-0.99115921402782947,0.095928137386418116,0.091658086960781357,-0.10016837483808692,-0.99404828310462934,-0.04282881668967143,0.087004075364514877,-0.051631417899506184,0.99486908061093882,11.011249617446106,7.7146654828059118,-1.5136124312620516,0.7306385578295452,0.5769275429357723,0.2333333333333333,1,5
-0.9550320601604988,-0.29449119861101208,0.034477499999890103,0.29606180475194649,-0.95348134001708329,0.0567515815307972,0.016160811632259145,0.064407050700026475,0.99779284422544845,-20.217786603585449,3.3248571985555735,0.37160253180013259,,0.08501861192575462,0.3461538461538461,0,2
0.9985822387262725,-0.039044476312593772,0.036180676747403606,0.025555636304970434,0.94788643785063897,0.31758181684705045,-0.046694988526317004,-0.31620694142966044,0.94754036760352589,2.527233500629658,-10.984579829160674,-0.055192022440179796,0.4549700077082934,0.3353931640285908,0.2113821138211382,1,5
-0.42591369509726462,0.89147070926979222,0.15452345725684705,-0.89696419605862854,-0.43841549664710183,0.056983184261443262,0.11854431794688783,-0.11433209004338797,0.98634447221486388,5.5677622614473252,5.2269973610813532,-1.188126649159837,0.4642764703464685,0.2254579778940045,0.2209302325581395,1,5
0.61608493054633573,-0.78567760176975365,-0.056125434796051747,0.78036073736238143,0.59911803782226247,0.17914992698642965,-0.10712832462499264,-0.15416965600704677,0.9822195473669374,-9.7307312215005428,6.4000313007667291,-0.50174894743757525,,0.09578754572247035,0.3203883495145631,0,5
-0.99529686656311689,-0.085612668504806977,0.045327898706302001,0.088487721953035531,-0.99390419406358643,0.065759988491303073,0.039421700536697073,0.069461672988059137,0.99680540002173756,-5.3451556514456335,2.5188393348130873,-0.6189762771322902,,0.08491328252597882,0.3990498812351544,0,5
-0.8077984630660614,-0.58918487408105169,0.017967393305757518,0.58930167676827583,-0.80650425491648292,0.047690885499291798,-0.013607969216862742,0.049112839010825422,0.99870053180024343,20.151004391158011,-13.670369405663498,0.03092675278860053,0.4096300285082609,0.3653923813543278,0.7777777777777778,1,5
-0.22760296875475311,-0.97375135907023602,0.0022758125778062168,0.96978332867016015,-0.22646340299825671,0.090744820986494029,-0.087847504503227675,0.022860835752779005,0.99587157713293417,10.088618422403703,8.7463772100188155,-1.5684839786010554,0.4689890371044774,0.4691306724311904,0.918918918918919,1,5
-0.9735594162944432,-0.22693490351842679,-0.026126854183106726,0.22708789636361873,-0.94907375686143902,-0.21838061123199529,0.024761871285695795,-0.21853959275608573,0.97551386260187745,-5.9249501559118425,-23.501172960003586,2.1239906707533898,,0.4180779478629842,0.36,0,1
-0.92469530254369625,-0.37411946937004359,-0.070521061335597365,0.38064061054268367,-0.90504587218985044,-0.18974903119069025,0.0071640113983111641,-0.2023032176471484,0.97929672983743554,-16.345225617277261,5.9070939337060482,-0.046350593267483635,,0.1211656881129007,0.2941176470588235,0,1
0.12189998859344084,-0.97387334104410461,-0.19160143106071431,0.98795504397741185,0.10051609365017507,0.1176492498781902,-0.095316440662199436,-0.20363504246790118,0.97439599014907008,-9.7554611936971405,-5.3421440812850998,0.27902840078536079,,0.3913609570819994,0.3846153846153846,0,2
0.11466324762102666,-0.99312900593863895,0.023390536725999136,0.98790678676142252,0.1164708019199934,0.10234614292114372,-0.10436723775074548,0.011372328848782741,0.99447380549757813,-1.2086849345141677,6.9419156934239803,-1.0020572690228311,,0.08385899545539717,0.4558823529411765,0,5
0.95227804946247396,-0.3037211588685752,0.030331075936681405,0.29205541056103917,0.93554099698405746,0.1986622262134892,-0.088713886590373978,-0.18032332244500859,0.97959856354959218,19.495761825105998,-2.5551161211208417,-1.0122353156336519,0.4033386574096666,0.3953930077009038,0.7608695652173914,1,5
-0.73129559656322562,0.65620712317453755,0.18600796203989267,-0.67193342575221082,-0.73994997258719863,-0.031297115284037474,0.11709919642821914,-0.14787240974300042,0.98204965690776769,-27.748659759219883,7.4590129297746106,0.44792877498863803,,0.2977579785611256,0.1290322580645161,0,4
0.63709852153432811,-0.76879087096046494,-0.055372110187558166,0.75959808866783562,0.61403822493114124,0.21440103081744694,-0.13082896296670671,-0.17865512881320544,0.97517492143604323,1.8042020034120627,4.3155020451990564,-1.0420028898625919,0.5607326854736872,0.4790518890574854,0.1961722488038277,1,5
0.92892848857804766,-0.37025849823369511,-0.00071245619770627581,0.36399010979583357,0.91284597871462547,0.18499572728945718,-0.067845877390758091,-0.17210712835401989,0.98273906673684841,20.852308670076351,0.75644318021161627,-1.3804859732724191,,0.1778580551431125,0.3684210526315789,0,2
-0.79946948489326608,-0.60028778079688005,0.022430402369420652,0.60030035356828415,-0.79699832141215932,0.066581988345156468,-0.022091360987730117,0.066695246398513708,0.99752880453526382,-14.049694966142212,12.733264549505485,-0.67028096716810404,,0.08668784059926193,0.358974358974359,0,3
-0.050197365147103462,0.96914919286089629,0.24130906843581673,-0.9943166935729203,-0.071207163498020948,0.079144505486995795,0.093885767901761064,-0.23596478941494525,0.96721563301151048,-17.110501436545501,10.887467516774253,-0.34530373922381941,,0.330164275545119,0.1875,0,4
0.95915328006781997,-0.27711836028369979,0.056836605535663005,0.26780831657100806,0.9542318636215823,0.13311745199140965,-0.091124590043223958,-0.11245872506371474,0.98946922349636468,10.23130560966298,1.222237788240589,-1.1302417209337623,0.3008163146570978,0.2735142218206195,0.5794392523364486,1,5
0.99372712076927994,-0.10666170686042097,0.033610857430549632,0.096422001646084693,0.96942868906924795,0.22563424919111782,-0.056649863602285348,-0.22097804664513315,0.97363211525439197,-21.298238547511694,4.4990502379857098,0.34939413324524748,,0.0917136991364649,0.35,0,2
0.78099274588620482,-0.62370091635438374,0.032365070860861121,0.61629266981388275,0.77803778030329973,0.12182182708525974,-0.10116163307698509,-0.075195607314635815,0.99202416534769,-5.5878446015688361,6.1682868517779772,-0.76007192949011615,0.1217112836250419,0.1059198347201353,0.4947916666666667,1,5
0.26818341443806937,-0.95511447239989244,-0.12583322626641885,0.95683605386733317,0.24889852451538497,0.15004762748426131,-0.1119929562067635,-0.16064205273321602,0.98063841891582559,13.306806982194301,2.5673281090897047,-1.2151427033547599,0.3068893053375247,0.3208140666606931,0.3559322033898305,1,5
0.36236240759986754,-0.92971705423875739,-0.065724307649726477,0.92549435848273165,0.3505819732717268,0.14336133521120648,-0.11024372079653871,-0.11277623452886969,0.98748561657900868,-5.4856691443038024,12.314664219748426,-1.0966331767153177,,0.07396985773837575,0.3043478260869565,0,3
-0.72866257872396123,-0.68487045199257102,0.0018194380553468942,0.68473869839438795,-0.72846467603974285,0.021728568371388521,-0.01355585808810169,0.017078634307303324,0.99976225121860396,-2.4252069626658446,14.459830851068434,-1.3708782160123827,,0.2262062025919173,0.3333333333333333,1,6
-0.3683370636928785,-0.92532891058219735,-0.089967853986152535,0.92779331172124402,-0.37204155720573168,0.028011612543046474,-0.059391735413573871,-0.073153858084857443,0.99555066913335233,-4.1856052388209148,17.654921049305589,-1.5125634386995326,,0.2553948913262869,0.2903225806451613,0,5
0.98084206115266459,0.17897923446917999,0.076910888062875049,-0.19302658572597545,0.94615691249643075,0.25986118243822959,-0.026260012885878189,-0.26972862392421088,0.96257824677227466,-5.3186313947934956,-3.7837071488371534,-0.32734828432084612,,0.07842384524266767,0.198581560283688,0,4
0.92964242479595816,0.34070594783230979,0.14030117295011657,-0.36836462692512417,0.86817821809683915,0.33252681583973159,-0.0085125583583930044,-0.36081302461785414,0.93259932319099947,4.1621516060475692,-2.6419315098584168,-0.88917756203281084,,0.1048475217130356,0.2380952380952381,0,5
0.72701401750075145,-0.68570044114574968,-0.035574195281724355,0.67739459509569577,0.70781414012894805,0.20033897665870387,-0.11219260622944821,-0.16974701189135233,0.97908057434585094,-3.6900917323584674,-22.372245086082209,1.8447644935083147,,0.1512427959045706,0.3684210526315789,0,4
0.92135065909485492,-0.38781892172740212,-0.026635445099919469,0.3798968254650299,0.88376704774010251,0.27319261946534201,-0.08240973842373403,-0.26182492104255028,0.96159052914116894,-15.422952556465274,1.9540838701451761,0.22387450973614162,0.7579935542566303,0.7551399859621676,0.4477611940298508,1,1
0.97850249579323401,-0.20458762156651758,-0.02601481939524488,0.20313642617211711,0.93431867018435655,0.29288942436857535,-0.035615419251101843,-0.29187759017555781,0.95579234892568421,4.360057530916575,12.832876489341372,-1.5726737649214957,,0.2497868030186706,0.1818181818181818,0,3
-0.060725176410772838,-0.99803969979202156,0.015139702405644146,0.99446251137271946,-0.059190241425842706,0.086837945589546661,-0.085771594506241569,0.020329116040826788,0.99610740415722976,-6.8978267632638985,-10.631158940595874,0.50463206082829881,0.1651272120186992,0.1018487693320203,0.3095238095238095,1,5
0.99838993338264237,-0.032802174945528104,0.046276973097275166,0.025681527680846888,0.98882629184739146,0.14684353471404613,-0.050576675021009952,-0.14541864347524475,0.98807662560837795,1.7565470143809505,-3.0784250784867977,-0.76827072153615528,,0.08441884509238048,0.2980392156862745,0,5
0.15756833653788407,0.98070467384340976,0.11571759599289085,-0.98159940734475382,0.14274682458772561,0.12683038898681712,0.10786483588783885,-0.13357277706108692,0.98515150632127502,-5.6192392949504901,4.1447203202585605,-0.67966947076499018,,0.1182689763931302,0.1909090909090909,0,4
0.71055368632950233,0.66804697201769692,0.2209676492646421,-0.70276329774763879,0.65806664935748915,0.27031839068452351,0.035173941809508856,-0.34736368287631014,0.93707057665694915,-17.747340741002681,18.80683677975718,-0.91908980430181364,,0.4734830125965559,0.25,0,1
0.8546651715368595,0.50853602716681112,0.1045875405355112,-0.51905911913743186,0.84128907291869159,0.15103087971630746,-0.011183711465526755,-0.18336794938321355,0.98298073212899306,3.2356635765332462,0.45813681915937493,-0.96690778646910513,,0.1094669073699864,0.2590361445783133,0,5
0.98520473490953664,0.14920450210415573,0.084318721904928645,-0.16760344694600809,0.94154533364630955,0.29223529776650187,-0.035787077048095792,-0.30204370750060394,0.952622109692843,4.4751839450311701,-8.1872615535939683,-0.43788127568372898,,0.1065706699765899,0.3783783783783784,0,5
0.51144411832521119,-0.85929161613552341,0.006544636716221245,0.85230996464932851,0.50822985660317932,0.12357239585187099,-0.10951090352109791,-0.057622315957548915,0.99231397788889419,-6.0595655884703987,13.029663148535402,-1.1002341876667685,,0.07772415469736563,0.3421052631578947,0,3
-0.018194285876547558,-0.99953742161876324,-0.024370284059857906,0.99504980171692547,-0.020483549774544682,0.097243592548515542,-0.09769779969144865,-0.022480368599056569,0.99496219675076136,-6.3811156942194156,11.802018248447416,-0.99769156484585531,,0.07498302435083536,0.2745098039215687,0,5
-0.38962059103628077,-0.91937700774024889,-0.05423755782783013,0.91779831051135519,-0.39249009811231522,0.059981531376651458,-0.076433345229961022,-0.026409099234412255,0.99672488842939289,-9.6018578928228511,-14.566759033510804,1.2256523552294165,,0.1250434984111293,0.2916666666666667,1,3
-0.5029926753346301,-0.86416900184505452,-0.014501889871116299,0.86210077659952122,-0.50284126312214839,0.062712957897268468,-0.061486742849283814,0.019042067950844958,0.99792623981030859,-3.7489383831199561,13.561802240046974,-1.2484509442790586,,0.08570840927799162,0.1428571428571428,0,5
0.86076038163888169,-0.50825009969597001,0.027810098164583453,0.50168605371512331,0.85634257685168913,0.12242750744319988,-0.086038763988293257,-0.091428809628285687,0.99208775008127248,5.3978279780377498,-3.3279811977387079,-0.92413466826883262,,0.06858238589757019,0.1911764705882353,0,5
0.81514772632507193,0.55724793217104052,0.15814210811218421,-0.57906898332558066,0.77704846597526944,0.24672817851992343,0.014604684773886642,-0.29269510350632855,0.95609428382669215,5.598147830084466,16.310366167051299,-1.8049431040705459,,0.5178856973165901,0.53125,0,4
0.96558372815453941,0.24453320184130226,0.088609125491799792,-0.25936060099841279,0.93080496361564413,0.2575542629393297,-0.019497245264977821,-0.27167192145254943,0.96219240514637061,10.244058027622174,-12.580586534894524,-0.050064262357451088,0.3071464083770469,0.3390360519687229,0.7565217391304347,1,5
-0.69107826483545454,-0.72236389289461922,-0.024520157302692309,0.72145779363814655,-0.69146806657933202,0.037021141254936746,-0.043697641478631435,0.0078942474734292507,0.99901361201238559,-0.25265502119290434,-6.9194171732469396,-0.32357330099411136,0.2100563111917558,0.1979430905458827,0.6094808126410836,1,5
-0.98149265546844988,0.18442382633717772,0.051575377270979918,-0.1799650916755581,-0.98035136593755068,0.080769827798410104,0.065457872251527424,0.069993225268817613,0.99539751626009676,-5.0784200176612995,-8.6427785595655617,0.17698481958495732,,0.07035230019636887,0.2567567567567567,0,5
-0.98187088669535316,-0.183527257603366,0.047405775773302759,0.1802339352158937,-0.98138479357743169,-0.066329597704000945,0.05869659663621056,-0.056582971392188874,0.9966709973164446,-8.6791698962968784,13.102847620870733,-0.94369237058711908,,0.2023671764100116,0.1764705882352941,0,3
0.87830176389503511,-0.47810321285211632,0.0018246641753635376,0.46107147490093453,0.8480108663562308,0.26132482770381871,-0.1264875747713807,-0.22868075651929645,0.96524919322743552,-14.148304694436346,4.2553556320614891,-0.062804134603619985,,0.3168729287161626,0.3529411764705883,0,2
-0.11495530941901895,0.97776719114897459,0.17537558766550923,-0.98795902103482691,-0.13093625929294136,0.082417648342318142,0.10354829594099542,-0.16378954763664486,0.98104573516870219,-11.115117204529302,7.7371191078897184,-0.49962588956688703,,0.08900822853215926,0.3287671232876712,0,5
-0.82607334440981284,0.55882033216513161,0.072956603638320669,-0.55701465294546815,-0.82928158239685745,0.045019257006348234,0.085659243865601822,-0.0034486890576002757,0.99631852360786577,-9.5229152051731134,-7.6848137510233636,0.4818365572174122,0.195664335156994,0.1375988117540012,0.5882352941176471,1,5
-0.30875539028970744,0.91453114700242577,0.26134821623550081,-0.94455661450896167,-0.32709239154469372,0.028694413758456713,0.11172694820149331,-0.23799863141623401,0.96481798308778455,-3.4306226132674378,-7.3228255699682601,-0.093685956791958763,,0.1884006402788502,0.1739130434782609,0,5
-0.074455636109430123,-0.98480046053908821,-0.15692167209643476,0.99112404600659343,-0.09045698716433663,0.097420012834488895,-0.11013393518376195,-0.14827537352895762,0.98279444947852035,11.150434618733247,10.711391125145829,-1.7640295813372517,,0.2962770642496835,0.1333333333333333,0,5
-0.85597520047656617,-0.51690992442389283,-0.010515997393881458,0.51612828970312263,-0.85551925974688803,0.041211464063615408,-0.030299253080435091,0.029848387464359472,0.99909510509687993,-8.8892544315001363,11.915867678637129,-0.84383006063526489,0.1638029065706608,0.1569904632595824,0.3636363636363636,1,3
-0.27260915951355036,-0.94650572752299511,-0.1726590684426452,0.95912170126674123,-0.28151447619613923,0.028899166963863063,-0.075959254265084333,-0.15772288184718003,0.98455760838729633,12.258502350156549,-0.9184477324389847,-1.0272054711195211,1.074107142322896,0.3634132563937696,0.2857142857142857,1,4
0.51951048125414301,-0.85444187317084963,0.0061599707287455282,0.84334970159175737,0.51389865100772147,0.15706513718052847,-0.13736863067011656,-0.076401975529002825,0.98756903426701415,1.6461043644211513,9.6977899270615726,-1.2746249050919536,0.6222069009345609,0.4227866719896176,0.4615384615384616,1,3
-0.48114135026117177,0.85535135059802614,0.19203402849232126,-0.86857189764442544,-0.49479010247743727,0.027669714720779864,0.11868386449395184,-0.15348231663778161,0.98099812374350703,-0.91098633982433441,13.069295204267519,-1.346423143851061,,0.2680616863968223,0.1764705882352941,0,5
-0.35271116527056395,0.92667991206756839,0.12984288376313211,-0.92595316673253436,-0.36565720489280273,0.094369176789753054,0.13492800640146504,-0.086943367087018802,0.9870335779537085,-7.658924227605775,7.7729525279449447,-0.70791871758914093,0.5099277028603884,0.2829035488596827,0.2677165354330709,1,5
0.99211650962127662,-0.12330107698232597,0.022398119382987424,0.11012024255482106,0.9430693776687078,0.31383702949655901,-0.059819424241323089,-0.30889641195480921,0.94921264380795201,0.42094594559270121,6.915898676757152,-1.1005158777595874,0.324479986419192,0.3698787206727673,0.5421245421245421,1,5
-0.70402572674371833,0.69962258243654907,0.12196728343204716,-0.70162149910796645,-0.71178630864992154,0.032977610707993633,0.10988652361626924,-0.062357781898752504,0.99198611833240824,19.368048181812021,-19.021083894034799,0.62210221245582764,,0.2783545323579446,0.3793103448275862,0,4
-0.27067820922990155,0.93499500620209808,0.22916728698755107,-0.95643962077897415,-0.28823495186009113,0.046301882579273895,0.10934605092214132,-0.20665176240078847,0.97228518976912448,-5.9040646356945796,-2.0958449356983166,-0.39703568134046624,0.2452411157257132,0.3109540363001601,0.3385416666666667,1,2
0.84751630767267794,-0.53058911332153014,-0.013831162407588226,0.5224621015603329,0.82937586080455916,0.19791168219147229,-0.093538551742224502,-0.17495963631469577,0.9801222704329281,8.6234644298386787,-13.382969815394203,0.021322923375833715,0.4573576607443826,0.4108109334418467,0.7556818181818182,1,5
-0.41771959126287239,0.88393447135707903,0.21016706074420752,-0.90772972493154125,-0.41599348407712333,-0.054554263637991963,0.039205733648108108,-0.21356327294751909,0.97614222267918327,-10.426233030261491,14.948304880261393,-0.97910874194427766,,0.3913006324921786,0.5,0,2
-0.61887613619434667,-0.7835950232160499,-0.054508418067254295,0.78401530498109695,-0.6204744696475375,0.018205330840284563,-0.048086688434054517,-0.031468589206460514,0.9983473334911056,-14.80228271871542,11.88689027954363,-0.57877708421756879,,0.1007018120629381,0.2,0,4
0.91838408590896492,-0.39536510717779894,0.016034424699488195,0.3849200589330159,0.90204338582306109,0.19533120161375278,-0.091690888206840807,-0.17321709534326199,0.98060625069427587,-4.1842848316680774,8.2625389989788616,-0.91210424290631387,,0.1337380754132859,0.3703703703703703,0,5
-0.43599420562004426,0.89714514949214719,0.070990375463591091,-0.89317321742985956,-0.44102489103295012,0.087969592220090403,0.11023001556627458,-0.025052469580651854,0.99359031669807019,14.421851699965158,-2.9252411144225241,-0.89521484810334584,0.5760735524285278,0.5842698627549823,0.9956521739130435,1,5
0.96199887444992938,0.26833060485606802,0.050565324627115091,-0.27289266213633684,0.95115674876743284,0.14432752414667666,-0.0093680579210400731,-0.15264182183052946,0.9882371748315506,8.336879513923364,0.86211200302972868,-1.1447277766497674,,0.08329516422225787,0.5612244897959183,0,6
0.019174600536927693,0.99708026953867845,0.073913941789936405,-0.99497836893205738,0.011765899447838729,0.099396222098661391,0.098236347914365835,-0.07544865609711153,0.9922989067018001,9.1933375141328266,-3.2038994201294817,-0.97270630695300164,,0.09298873102362218,0.4142857142857143,0,5
-0.7360004343550921,-0.67403972290752978,-0.063038183443498777,0.67616413063300662,-0.72734521532250818,-0.11734993051878677,0.03324799353984953,-0.12899375833812429,0.99108787765534656,0.015609222158301203,11.84980182766285,-1.3318238340874817,0.6598345164770102,0.6117798082439266,0.3475177304964539,1,5
0.059573358170044853,0.98409244397647855,0.16737107487479544,-0.99355249289564129,0.0422531069439896,0.10520512732008729,0.096459622937266093,-0.17255937141164079,0.98026466042636629,7.8781792837404652,8.2195374818367153,-1.4040682190919838,,0.0906837400070543,0.2083333333333333,0,5
0.67195748077374085,-0.72551905002513695,-0.14864471764186934,0.73313942995693582,0.62326300934931234,0.27212092425842271,-0.10478416041858274,-0.29183099428858145,0.95071286438015068,-4.3504730858754019,5.6986143479650648,-0.79052347328305994,0.6913405692097925,0.5039820682925386,0.2847222222222222,1,4
-0.5460909804075359,0.82911414972934816,0.11980971511574613,-0.83074577644075531,-0.55439762876978504,0.050047219106419127,0.10791707947949018,-0.072201079860481021,0.99153462270542925,-7.1848730798718643,-4.0379263833471146,-0.035151641319874465,0.2091997598483531,0.1262432492278094,0.5173745173745173,1,3
0.64703806717296475,-0.76236918619258809,0.011617382369751059,0.75489004291672135,0.64268303664307169,0.13076519994413813,-0.10715765364295893,-0.075840215949660061,0.99134529751769351,-5.082253033682802,10.1483028611267,-0.96592548160982217,,0.08990677625344209,0.2676056338028169,0,5
0.99942516684523774,-0.032273973670722558,0.010379137722829369,0.028301928422507547,0.96282088469669858,0.26865394997921199,-0.018663781072848166,-0.26820576916868727,0.96318083902281637,11.94842088143036,4.2241455633288636,-1.2871529304259937,,0.3153606386897431,0.2142857142857143,0,3
0.47751949896908108,-0.87835318077944569,-0.02169833908268996,0.87187946233205849,0.47065751966005387,0.13530595829824288,-0.10863393239627103,-0.083529569627022793,0.99056624196973619,-10.564785625501248,5.0218083007364402,-0.36918566388418655,,0.07360065394142981,0.3513513513513514,0,5
0.96769543570802985,0.24357278751181899,0.065098701166521306,-0.25174411031557947,0.94761308002333866,0.19660710437341275,-0.01380024026106687,-0.20664401213778949,0.97831886704506166,5.4081206337742236,9.6296601688970043,-1.4059084167049689,,0.6455082163865155,0.3333333333333333,0,5
0.057234144022473843,0.92733911022249793,0.36981945244911341,-0.99375834138107155,0.017389872973634292,0.11019052252123993,0.095752867808529651,-0.37381782591217882,0.92254627056681282,-11.944140686573528,16.804193353805765,-1.0391002314329636,,0.4445156378864206,0.2105263157894737,0,1
0.7458446778141985,-0.66533732220316477,0.032279471181503962,0.6587233434736447,0.74389778504048321,0.11269268909191231,-0.098991279106485613,-0.062788001205531491,0.99310542922968492,-6.1085322599372285,13.069641703383963,-1.0998429748700913,,0.08365735786785639,0.4210526315789473,1,3
0.95418345160290974,-0.29886468980315223,-0.014623196504963971,0.28890489953252857,0.90745937828940626,0.30504333426695757,-0.077896724663215164,-0.29529201469641675,0.95222619494701655,1.073356289560512,1.5359324231560672,-0.91301891395605161,0.6474587248977208,0.6912853133350032,0.9426605504587156,1,5
0.98210307951059583,-0.18420125019660025,0.039286647118523893,0.17631040297238626,0.9724951045128164,0.15221009658469623,-0.066243362078933277,-0.14255936000353436,0.9875670336011948,-12.090226673038854,6.4382543441566193,-0.36217416024207116,,0.07400615984470238,0.2692307692307692,0,5
-0.99387275033281697,-0.10230113188700281,0.041850144091985585,0.10325898876291514,-0.99442428029267027,0.021399345879364526,0.039427622113716851,0.025589630302967972,0.99889470588016194,-17.431803683016536,9.7433798136276142,-0.24387654069796177,,0.2571104358963912,0.2777777777777778,0,5
0.66642000329033768,-0.74480598519453034,-0.03388839968059399,0.7385190974030722,0.65319051723442789,0.16712776838686003,-0.10234218087112434,-0.13640451830282485,0.9853526705708554,15.488944877814719,3.6865659526509011,-1.384925652398012,0.585514397709616,0.176529568507614,0.2068965517241379,1,5
0.58055408004097631,0.80838555329487927,0.097312678371871172,-0.81244834740519101,0.56725375304466696,0.13472513668693556,0.053708872138124163,-0.15727675251247827,0.98609298758929365,13.840521786927624,-4.3968318694494739,-0.81879315332491143,,0.1006406751134188,0.3666666666666666,0,5
0.94279761933755302,0.32970926447848059,0.049238703156179189,-0.33331288939784559,0.93493684327229909,0.12163723464995399,-0.0059301545260272608,-0.1310911896699688,0.99135257767265128,-7.6284439486688989,-8.3405526371771526,0.3509737592585897,0.1865445656381495,0.1490159650305672,0.6533333333333333,1,5
-0.71896774848683342,0.67335955185792695,0.17225646738937203,-0.68683549517684284,-0.726287413706586,-0.0276332274007163,0.10650060657552535,-0.13817925536451053,0.98466446781934536,11.878590963572956,-16.479927968626008,0.40901791759062006,,0.4326787419877666,0.2580645161290323,0,5
-0.94677986306384421,0.30795595780969548,0.093653718272798947,-0.31013672872288645,-0.9506461518188033,-0.0093329271488854226,0.086157416360255548,-0.037881685305867295,0.99556108678699951,-5.2096123964169871,16.281873831966774,-1.3441661454931617,,0.2080932039042682,0.2941176470588235,0,5
0.76689928501451388,0.62228673561291525,0.15692260934757085,-0.64106062870988678,0.7313282112033902,0.23280961710405132,0.030112405455445385,-0.27913843550874923,0.95977860825266148,20.582235596939913,3.9198830867673031,-1.5879746482210992,0.4574140891017822,0.2575387026479262,0.24,1,4
-0.02248198164931263,-0.99699514311436888,-0.074129920460505302,0.994750961226196,-0.029711829587584171,0.097916966467097771,-0.099825275560252613,-0.071539442190439437,0.99242985775842196,15.561578760742901,-11.642773285659489,-0.13026149348937124,,0.236213647035881,0.3392857142857143,0,5
0.90293051224768539,-0.42827165985344806,0.036053785078762876,0.41527070977135461,0.89097699166065081,0.18360348018850961,-0.11075526018265842,-0.15080910349746698,0.98233898764335037,9.0664576715749821,6.739139499221114,-1.3595347637553126,,0.1320818008999083,0.1363636363636364,0,5
-0.51195565384804909,-0.85878487505037926,-0.019747072636803,0.85670708235278514,-0.51212995268563288,0.061448243333648206,-0.062883889348517991,0.01454131861000783,0.99791490945545425,-11.078234574550907,3.3774395514780511,-0.19891492348837495,,0.0849751897123089,0.1801801801801802,0,5
-0.88079288116365917,-0.4730584931989924,0.020483224934598136,0.47347324866404322,-0.8794408352982388,0.049060167238353776,-0.0051945443437815186,0.052910105105141027,0.99858576871835381,7.2776803643650965,2.6030812594603168,-1.1506311602854171,0.2580565252053564,0.1379672748725097,0.2696629213483146,1,5
-0.92858341461726701,-0.37062627150265093,-0.019209606184914185,0.3711221887323678,-0.92718433452248983,-0.050965977343552855,0.0010784842293308028,-0.054455272363014791,0.99851562841231289,-0.94111418738979424,6.024570731663605,-0.9657101885943179,,0.07424813218312708,0.6666666666666666,0,3
-0.93322196893466136,-0.35919063901742498,-0.0088792758695550728,0.35928226448904549,-0.93313803961908703,-0.013025108040637662,-0.0036070931977660536,-0.015345483312707209,0.99987574479060226,-28.774891656817907,7.2948960025291072,0.52535770729190812,,0.558353793035439,0.6521739130434783,0,2
-0.45140496611270536,0.8858102491106179,0.10758140703380878,-0.88559058493025233,-0.45951115596097436,0.067666930108466319,0.10937491692194479,-0.064727892890127176,0.99189083443205761,6.3872254760151437,-6.2918513882627689,-0.68382509604540709,,0.0676388506802019,0.2173913043478261,0,5
0.39167460666380777,0.87648402362124889,0.27994063447712991,-0.91935394861546804,0.36052149741408462,0.15752005290582388,0.0371391930431847,-0.31906113244801948,0.94700616370807678,5.5392721310502608,13.086701530958083,-1.6085548260392732,,0.4476313447341691,0.5882352941176471,0,4
0.21878035208651467,-0.96043368814990127,-0.17234351803209172,0.96992391365671415,0.19473808766492531,0.14602971933633627,-0.10669001479867732,-0.19910853291455169,0.97415246900209185,-14.567730403780528,10.976851074582159,-0.52473856371964334,,0.3861426297433627,0.4390243902439024,0,5
-0.047369128603591278,-0.99887191446884394,0.0033262803075489711,0.99379300058071229,-0.046792187426825817,0.10092553290718054,-0.10065603634219866,0.0080863886352778077,0.99488842221965701,-5.325112884253608,13.661141814820885,-1.1784824990189,,0.06389026321630434,0.1923076923076923,0,3
0.20275854347139707,0.95891809949709972,0.19840627889819373,-0.97477852978759372,0.17835581839189887,0.13414924491361468,0.093251224734555702,-0.22060208635148082,0.97089594117128675,-15.208445511579937,12.730991921943192,-0.61460805138695151,,0.4701744252723412,0.625,0,4
-0.89730234259867703,0.43217941913444796,0.089830148856258174,-0.43724061370998957,-0.89814040983815902,-0.04652364923622105,0.060573523006657741,-0.081023168861470374,0.99486988818548894,12.55607826262403,6.0940335712875866,-1.4594183877546163,,0.446078510115145,0.2162162162162162,0,3
-0.99219232290704529,-0.11841195312487122,0.039153591424981135,0.12095336233989894,-0.99014480831942753,0.070594211496100262,0.030408526813941652,0.074778793218641074,0.99673640125249197,4.7613727852380299,3.8458128692089444,-1.1328927928010188,0.5533720444625143,0.5029466486238164,0.8998609179415855,1,5
0.82139213241014264,0.56516447844673878,0.076837992664726296,-0.56970023520828916,0.80646042087896752,0.15831371248043699,0.02750648684108296,-0.17381226037809974,0.98439458111263345,2.2369286404950031,-13.292502430687591,0.1882406766635345,0.2274427440688457,0.2401061199644317,0.3388888888888889,1,5
0.92993608771184211,-0.36768412117093102,0.005221092793095343,0.35837424913090554,0.90938804291253639,0.21114280704671767,-0.082381856807513545,-0.19447821072415258,0.97744127968000161,4.3824978538519037,1.7004172607429222,-1.05411084472501,,0.08232502891660484,0.2063492063492063,0,5
