axis_00,axis_01,axis_02,axis_10,axis_11,axis_12,axis_20,axis_21,axis_22,location_x,location_y,location_z,dbh,dbh_approximation,score,reconstructed,number_clusters
0.95736983684464039,0.28886221720514921,-0.0012708152471238182,-0.28149397589827563,0.93391886263118606,0.2203558475617407,0.064839317031012519,-0.21060431499140109,0.97541872315121914,10.707105628828151,11.127017100125409,-2.6211144961418893,,0.6130774327471902,0.6206896551724138,0,1
0.097929593220402289,-0.98472252099878954,-0.14398385815595993,0.98476689950243723,0.074996119509609827,0.15687490463059212,-0.14368002093556226,-0.15715323317160651,0.97706648335088586,-12.188494985421794,-2.6091345078969437,-0.85250723072131029,,0.2314003048523114,0.2105263157894737,0,1
-0.51665036763749128,-0.85069585428556238,-0.096896651755375943,0.84448059305846523,-0.52496471490803875,0.1061347070903029,-0.14115567848183758,-0.026992806502456983,0.98961935249339827,0.77088695404182594,-19.508572976304858,2.0458984168794507,0.1660080838521006,0.2340093228069841,0.1923076923076923,1,5
-0.048684666351927211,-0.99525964400096445,-0.084190523726106151,0.98783743230218291,-0.060440396150855474,0.14326257660589078,-0.14767196959759354,-0.07619186003899743,0.98609725172467955,4.261785180532061,-6.4379891751934624,-0.0060419802823487153,,0.07738352794622347,0.1914893617021277,0,1
-0.66838844527397445,-0.74146076811983441,-0.059100047067547137,0.73361615088412957,-0.67025286938704598,0.11210902836251287,-0.12273642241076994,0.031575630121631046,0.99193686804968995,0.25396504050608804,9.3152126882667918,-2.4654537919540722,,0.08125191101742954,0.3695652173913043,0,5
0.36921586609966911,0.92916379016274508,0.01828374334408845,-0.91853510156390838,0.36185933456854352,0.15922025367581275,0.14132555117617807,-0.075580903911054986,0.9870737639856183,15.6608560564641,-4.116225815334432,-0.21113284942992119,0.1414384088795505,0.16219197015549,0.5428571428571428,1,5
-0.98884768639144782,0.14772135590040683,0.018938165941490358,-0.14893012821035728,-0.98059278422931151,-0.12750532705990897,-0.00026463092905181564,-0.12890381114751104,0.99165706645095775,-0.29009342911403962,5.0888363071009968,-1.8481587594542248,0.8341465805658081,0.4561924813800831,0.2439024390243902,1,5
-0.76858370990624703,-0.62570850663991595,-0.13329645751180219,0.63049987778981742,-0.77614927933613753,0.0078867162380137079,-0.10839273487542568,-0.077981798545816466,0.99104482952174489,5.6881691859353154,-10.621380892312306,0.64533368943343361,,0.1585724230961434,0.3684210526315789,0,4
0.52457373206074887,0.82092127079669641,0.2256339220626975,-0.84021964088097911,0.45645069487770618,0.29271781330062219,0.13730751876607641,-0.34313412872985544,0.92919621985407752,3.9019755544336112,-13.820366464840319,1.1392437925815677,,0.08998269729457363,0.1428571428571428,0,5
-0.81677462874294759,-0.57172973072385247,-0.077487552860122724,0.56738184308661355,-0.82030910198709095,0.071908423239344432,-0.10467592835727174,0.014767945136758455,0.99439673059548017,2.1959699360108296,5.1333206068794119,-1.8010122472746,,0.06759772419157956,0.1929824561403509,0,4
0.72493928182687806,-0.68330259496768642,-0.086951718641757506,0.68368347051770628,0.69840836020117891,0.21166642280239906,-0.083904408735142627,-0.2128927573017115,0.97346634460739301,-14.741780525442312,-1.5899458789026808,-1.0513061671393189,,0.06377174580670664,0.3,0,1
0.76811939124299189,-0.63892817643284405,-0.041992691705790737,0.6358353863707038,0.75337672099249575,0.16774050705006793,-0.075537819900463085,-0.15554517551758615,0.98493641223070305,-11.77562187284596,16.264110769440627,-3.7300657870638108,,0.07499496066634889,0.2941176470588235,0,2
-0.97353077659854526,0.22773766067764814,-0.019323170663918195,-0.2282982231428308,-0.96493740573821396,0.12952113463459322,0.010851190038918991,0.13050425631479837,0.99138836525272045,-13.790880429295925,8.3185522037655861,-2.5507612772836987,,0.07177354006019977,0.2142857142857143,0,2
-0.95010051714898858,0.31144184567643018,0.017691355936805226,-0.31154819119992222,-0.95022375293875416,-0.0035417384214041728,0.015707701081981152,-0.0088767174477682037,0.99983722275882025,7.556967920440643,-12.918438364665574,1.0470955898976495,,0.4224098197725767,0.2608695652173913,0,6
-0.18482415368228919,0.9418167635816509,0.28075116393740857,-0.97185242285345119,-0.21762025045061503,0.09024574664596563,0.1460920956434735,-0.25616910514423014,0.95552838218448644,4.4607209804780172,-7.387136783830659,0.1464153572878259,,0.1712793443255919,0.375,0,3
-0.98292696644857058,-0.17946541020467172,-0.040580108036824665,0.1761106400807117,-0.98150973734897029,0.074991185745511987,-0.053288095092369606,0.06656426991430775,0.99635815693564855,-5.5384091320018296,4.9273446088376485,-1.9242533950442922,0.09121920526428237,0.2606976038940568,0.4365079365079365,1,4
-0.21514129056099426,-0.92138768333616616,-0.32366489165827511,0.96525135058671585,-0.25096831014548487,0.072833628862228161,-0.14833763947923326,-0.29674845290099272,0.94336435188881096,2.7080287045633074,-7.2173055171266629,0.09492948372993712,,0.1858543143445257,0.2692307692307692,0,1
0.78797791137999329,0.61564501994297227,0.0084864949561950474,-0.60612109449013629,0.77321834394010047,0.18641515874147183,0.10820365054518057,-0.15203487104590876,0.98243440900385348,-10.776836412661247,-18.887998747791695,1.7100677472824752,,0.2276993526483513,0.7142857142857143,0,5
-0.54405154423845603,-0.83594729186278893,-0.072111319770342464,0.82815853916589932,-0.54880519894592084,0.11386960795810173,-0.13476405759086832,0.0022313308131009795,0.99087520402139828,2.5359972237238582,6.3712441315287682,-1.971758028178384,,0.07121644605067375,0.180327868852459,0,5
-0.44155929226774898,0.89715475000316025,0.011779047447527983,-0.89010465169700792,-0.4396653558768574,0.12003367806171614,0.11286762352132659,0.042517401007621795,0.99269993964551251,-14.700845248774653,14.786662995807133,-3.5351880775171862,,0.08790593990325357,0.2162162162162162,0,3
-0.87365863033435254,-0.48179255875986482,-0.06779769882469594,0.480703572225325,-0.87627579469867234,0.032631384816167827,-0.075131040802810994,-0.0040819050492816372,0.9971653146590358,8.9439232848785597,-9.5030090609110776,0.53060879300378483,0.2039470460865671,0.1372501095837725,0.4545454545454545,1,5
-0.40798202975384462,-0.91032873384012358,-0.069658163505584472,0.90246386889538355,-0.413655047811815,0.12020177518731193,-0.13823758076698661,-0.013823811516462111,0.99030261713218148,-9.3879952951095316,-14.634638584788771,1.0397293499116824,0.3300490282945106,0.3068467962932166,0.8686868686868687,1,5
0.71264696339610223,-0.68852647580043769,-0.13440832445999443,0.69392193057084428,0.66373856234070305,0.27914776577061834,-0.10298863934991051,-0.29220269160930945,0.95079489227757619,12.444930331447408,-7.0105254512725228,0.22070633872617013,,0.08364256545875019,0.3703703703703703,0,5
0.98622943866723312,-0.16021183381183307,-0.041032458039502277,0.16526441785497503,0.94531997579775018,0.2811722168863709,-0.0062583142434794641,-0.28408152291972416,0.95877970454032835,14.315177427954485,-13.547501065419816,1.3057513743341882,,0.5448764823179472,0.1176470588235294,0,5
0.76615180054745413,-0.63927855500280484,-0.065835762556684427,0.63810689552587796,0.74454969542435268,0.19612582931839845,-0.076361039805783112,-0.1922724113257783,0.97836614385553544,4.8759090456792347,-13.770046491705486,1.1258715465563494,,0.1494177775099632,0.1818181818181818,0,5
-0.32888992205079837,-0.92808099687070733,-0.17463413876127723,0.93173713040249806,-0.34903821075435626,0.10019105380578981,-0.15393940042346829,-0.12976128344337065,0.97952267473315346,-4.7442921096418429,-11.272321292595587,0.56123557889722908,,0.1141989933311574,0.1666666666666667,0,2
0.6487453365356719,-0.75949592953689937,-0.047910555622936023,0.75474694936455133,0.63407592208345853,0.16824020761671096,-0.09739882313519084,-0.14530539580790611,0.98458103333396929,1.9901946768460477,3.1736677837934062,-1.5333834639876409,0.3431193050742916,0.2483242570663897,0.7393258426966293,1,2
0.98789486238597279,0.15467800022958866,-0.011766780204277336,-0.14775405435303268,0.96134750780110501,0.23233533667276135,0.047249130083436335,-0.22778429596787317,0.97256456557741133,-5.4004099068777176,-18.844285539455786,1.8483649408534835,0.6085395523477936,0.5350613692910005,0.9368421052631579,1,5
0.09711075540795594,0.99477183322755613,0.031599066460615402,-0.98456329480213489,0.091372101171004375,0.14928582536851565,0.14561806107917855,-0.045608540260371928,0.98828904746681145,4.1141196105384532,14.062253816638048,-3.1981766766411819,0.1841626959879171,0.174220328825189,0.3333333333333333,1,5
0.30676282882117339,-0.93838287850304114,-0.15916701978104134,0.9419653316232306,0.27536125848523535,0.19203513049794974,-0.13637404765412131,-0.20883905443612419,0.96839473793936781,9.4114169702772958,-4.0728495002733691,-0.26834165504561069,0.6439322225893795,0.2980748246590698,0.4150943396226415,1,4
0.38128994629864632,-0.90426361966430424,-0.19215952488280935,0.91442356417403858,0.33837527333215051,0.22210745075445079,-0.135821655618034,-0.2604025356040221,0.95589905184395529,8.9106262508077165,-7.7436891109581838,0.27471234351298013,,0.1274502237954233,0.6956521739130435,0,7
-0.95400209902849398,0.29714330504268394,0.039822748744115836,-0.29829894886472302,-0.95408963076542308,-0.027031714190908884,0.029962178749681798,-0.03766739616973911,0.99884104596795731,10.241797717236231,-8.8362460555065816,0.46667923595358513,0.1244787559617129,0.14622275064961,0.28,1,5
0.94128912667340692,0.33738743233579299,-0.012020836421597169,-0.3299427731223708,0.92689321939796143,0.17890423778770936,0.07150207319185789,-0.16443442564117236,0.9837930540481179,-13.953870561019118,-8.1185328743862772,-0.015609582781822479,,0.1299579175975543,0.3636363636363636,0,2
0.61240853058265576,0.79050034114742129,0.0080624013421750299,-0.77935940464745768,0.60200546094185525,0.17374793058837879,0.13249418876747762,-0.11268822317347278,0.98475715498840266,1.9291472905220501,-4.7411537586925734,-0.28338064102196142,0.2875797254897878,0.2079737692368579,0.7397260273972602,1,5
0.53604428272416316,-0.84206011729703667,-0.059927337805359623,0.83642383735161141,0.52016631195828444,0.17269097316802953,-0.11424399883031823,-0.14269466269421935,0.98315133218128747,-4.6318791607379026,-18.105352432000245,1.740870608893111,0.3946750896590618,0.4433670126990074,0.7368421052631579,1,5
-0.79222455761383881,0.61000860626890752,0.016424085710423676,-0.60589362143766112,-0.78951317572055335,0.09778478851438939,0.07261659462350567,0.06751626205228374,0.99507204992592047,-5.3055115082017492,0.20031968125068164,-1.1869546290167781,0.6334750881547764,0.5902754373092225,0.9467246534384344,1,5
-0.99812642571347876,-0.052923219411089857,-0.030704578479466449,0.052256401838437314,-0.99838850620116415,0.022128243317264894,-0.031826196117912472,0.020482273618276838,0.99928352818811672,10.496853033614741,4.253189512852062,-1.547680196701853,,0.1218470490791161,0.6,0,1
-0.89870717923536103,-0.43708461688762273,-0.035811222696559751,0.43035449388798458,-0.8946808480915075,0.11975470616505589,-0.084382554957995112,0.092212893558668921,0.9921574303911147,-11.722708431819425,10.583309805324232,-2.8508661392952623,,0.06821056546227419,0.1621621621621622,0,4
-0.95297192485762616,-0.29015121102102254,-0.087503058096190384,0.29685493990197309,-0.95182951632132895,-0.07679659182086751,-0.061005369345222119,-0.099160710982421005,0.99319962661517025,-9.7133192137760638,13.264254619982514,-3.2602596552950733,,0.3128764008906516,0.4537037037037037,0,3
0.61249228420100044,0.79047450312483036,0.0018060187691569635,-0.77935930819058674,0.60349478983036553,0.16850254414783614,0.1321070419430084,-0.10461404569729738,0.98569956422426841,-12.610310158269787,-5.5407135915734367,-0.41710991877294185,0.1476542315143713,0.1100161586520157,0.28,1,3
0.69343906906142561,0.69575352020909542,0.18726798075451778,-0.71044979730753433,0.61696141632340784,0.33855530755534846,0.12001392837877475,-0.36781197626622403,0.92212309759067845,-9.9870316586926471,-9.3430588799632339,0.21544661466923537,,0.2133404369115526,0.2352941176470588,0,3
0.77726639992568336,0.62366140316397889,0.083086688164266995,-0.61937382170110156,0.73524662022527487,0.27529706943351867,0.11060294995135081,-0.26544088164947149,0.95776204028516998,-16.787354578728902,-19.737439270981593,1.7129804511355151,,0.399918582890717,0.3809523809523809,0,1
-0.039451792593657456,-0.99636691285872903,-0.07547536698494707,0.98807706468304601,-0.050150057465578955,0.14556334010847,-0.14881958980081225,-0.068832744363162821,0.98646580427045361,13.167024418148868,-5.2099722369166104,-0.062782029550487381,,0.08743826741405633,0.4545454545454545,0,5
0.12463122914010559,0.98711408946405887,0.1003634948802031,-0.97976793954860097,0.1064736649743168,0.16946428325645954,0.15659451253385309,-0.11945347650227274,0.98041268127039527,6.6727911855913353,10.33025441422701,-2.5667830604822068,0.6108456902753098,0.552943692388724,0.6956521739130435,1,5
0.79549896266125975,-0.60160521119463306,-0.072474618097104537,0.58953134301450638,0.74072501306368299,0.32214787074466195,-0.14012207537848048,-0.2989943559421615,0.94391110762950536,-0.3608124215989667,-10.013169550199898,0.45315871002855629,,0.7472973709205272,0.7798165137614679,0,2
0.26617414861478844,0.9586049068188448,0.10113335370700917,-0.9565439649979145,0.24971926090972929,0.1505454541218956,0.11905866467948382,-0.13680980722716127,0.98341655010031526,12.656873892243775,-3.8758770353087262,-0.2583759062131924,,0.1449228622213085,0.1818181818181818,0,5
-0.10105231544881953,0.9915820073973125,0.080954012552485508,-0.98606383677608256,-0.11063394359563558,0.12425071559918101,0.13216103565296056,-0.067270001712453037,0.98894297485989713,17.8549345167987,-9.0011379831963918,0.6506678999042943,0.5523064971909566,0.5022039664510348,0.8333333333333334,1,5
0.89650782291282616,-0.43870522368948212,-0.061736943264681585,0.43636391460512725,0.85032770270706581,0.29415868513340421,-0.076552318623240856,-0.29065533663857873,0.9537605662832368,3.3916619847561131,-15.440066699047751,1.3669977401121773,,0.3734285524780945,0.1428571428571428,0,3
0.9325499449568746,0.36095573888795335,0.0078456819195466369,-0.3530804194795874,0.90723471936583966,0.22860310880936269,0.075397729017853132,-0.21595397320039847,0.97348809130770186,11.47433364937609,-12.664468515693901,1.0871745518880782,,0.08352401511310525,0.2307692307692308,0,5
0.95550097767011755,0.29494641047710757,-0.0049494058350328272,-0.28680590812665441,0.93279192560679514,0.21826954571449592,0.068994584824429259,-0.20713724549060922,0.97587596998566783,-11.568523448051671,-17.799142705421897,1.5195612197141359,,0.1162570459454776,0.4583333333333333,0,3
0.14309552594096714,-0.97135421730190974,-0.18972257373721244,0.98346549312272979,0.11805784844758867,0.13732431779110163,-0.11099231636713999,-0.20623610001578327,0.97218690423073273,-3.8509311119967142,-8.7716724388382854,0.19630143097163719,0.8070545100114748,0.5368600208053194,0.34375,1,4
0.99884305411723873,-0.015779814157645553,-0.045426321740786549,0.029984422338802413,0.94288267221276334,0.33177281512795342,0.037596378266471567,-0.332751053951853,0.94226495659935017,-3.3076246806141723,-13.593599231261713,0.97047697478810546,,0.1041827550499665,0.3333333333333333,0,5
-0.35062442206951971,-0.90516411461782287,-0.24029240574048019,0.92340341830682882,-0.3769276598865331,0.072468381186036823,-0.15616863227831043,-0.19647764458226311,0.96799168047650452,15.064189141432999,-8.4212628404643954,0.48879417599093505,,0.2409161737409992,0.1666666666666667,0,3
-0.6578948499888716,0.75309321165266785,-0.0049980917149800852,-0.74723034839986568,-0.65191670126672385,0.12904038530525822,0.093921098738976194,0.08862973074642802,0.9916267433059075,5.5533507468460526,-7.8591523716156777,0.21813458588626505,0.1840569482516863,0.210866057331773,0.8295454545454546,1,5
0.38585387097391838,0.91954997775939595,0.074462263309253221,-0.91145454260728909,0.36747964483231299,0.18495763675624191,0.14271442469133816,-0.13923558825462279,0.97992144784590207,4.7293252131993953,-9.8884448997302847,0.5065548485740563,,0.4277943555003774,0.2830188679245283,0,5
-0.26611840041111912,0.92485915678316089,0.27169198935001371,-0.953920420181118,-0.29320883842738138,0.063752717820847862,0.13862477745376608,-0.24220676535226332,0.96027030251564438,5.4473898546726867,8.138013762048228,-2.2304974588010604,,0.3289114575920989,0.6071428571428571,0,2
-0.99883978897718961,-0.04152178057037282,-0.024392984529767542,0.039152386639527442,-0.99511071439501753,0.090673903173221534,-0.028038662172661322,0.08961365874967725,0.99558185278211242,2.5943150984967196,13.604360525271289,-3.129787910735796,0.1951886368249267,0.1344526450626474,0.5185185185185185,1,5
0.88687369765219659,-0.45943040995066176,-0.048772357184025165,0.45959076778514346,0.86650320601625952,0.19480379906512141,-0.047237385399507163,-0.19518169067847718,0.97962887720019154,12.620267867871691,-10.318742075818967,0.71925007588612111,,0.1020433291606085,0.2272727272727273,0,5
0.51062075802890061,0.84763049345702879,0.14418386883346465,-0.8366780773934418,0.45121615498287992,0.31044126061411309,0.19808138801817077,-0.27915323398495717,0.93959418669792483,-17.062036601809503,-13.688648911791899,0.75221042629756574,,0.4396659447924572,0.4883720930232558,0,3
0.044876174447772275,-0.99736937028060513,-0.05692511039078739,0.98785747145296343,0.035819710303347227,0.15117726167761755,-0.14874052931696752,-0.063018152780405276,0.98686623579827426,15.15605727186291,-5.5081475404783218,0.03040569951193663,0.4999831712750364,0.4808882119563873,0.9333333333333333,1,5
-0.58120937547900708,-0.79071605762006347,-0.19225966315659698,0.80406349737607807,-0.59438259639598889,0.013828278595452621,-0.12521003970390454,-0.14655185199562723,0.98124665636831554,0.7570076832699304,17.76938492617991,-3.8525006288465837,,0.3909553349545705,0.4545454545454545,0,5
-0.37336166358757022,-0.92539700619961396,-0.065126408467786834,0.91630049247474887,-0.37883453751921747,0.12991458991634577,-0.14489470540241864,-0.01117023273668087,0.98938402566796757,-13.963458434368446,-4.8904905807979251,-0.53084502236913944,,0.1084014621521389,0.3333333333333333,0,1
-0.83946269353836389,0.53955818771396502,0.064647878759750629,-0.54027900653589722,-0.84145458616284297,0.0072646074980684018,0.058317932524202726,-0.028829524733143735,0.99788169501688018,-7.4827651482876236,-6.2599588962177668,-0.22095164516438395,0.5224809433373288,0.4698507646111475,0.3464566929133858,1,5
0.98471874881718935,-0.17209646099444381,-0.026679464782778793,0.1741403126456772,0.97123927708305835,0.16238663172454365,-0.0020340205440130734,-0.1645511311549229,0.98636645725412841,-1.8559036107705578,2.1445059225724106,-1.4216830117859347,0.3159106549943141,0.2647165104454667,0.902502157031924,1,5
0.95124550319961754,0.30842859655587729,0.0019476830027517192,-0.30038615112801692,0.92497114447110662,0.23280150795539911,0.070001091798653436,-0.22203644458147731,0.97252232078477951,4.5170290521507086,-4.1704416427269466,-0.34544981610966552,,0.07482337951392289,0.2678571428571428,0,2
0.85117009860057491,-0.51639531839817843,-0.094049659142024317,0.5201630297040345,0.8058611533264789,0.28287492658140673,-0.070284320992712951,-0.28969583479187355,0.95453467067824838,6.4594453498013458,-9.276937436083653,0.44812800444721196,,0.2699339363334061,0.1612903225806452,0,5
0.045476659687834847,0.99859948208321692,0.02703604643374018,-0.98738693101618191,0.040824478739474312,0.15297192681696511,0.15165395438985946,-0.033651691172669217,0.98786063885506481,1.2814977502544402,-20.814126843283169,2.279392303867644,0.3783267076203239,0.3070728189190171,0.2916666666666667,1,5
0.21706721668351245,0.97186948799317074,0.091386660674106751,-0.96814344404991182,0.20236885936401802,0.14746225450222994,0.12482025149969538,-0.12048461755592516,0.98483671831829778,15.883906900613892,-12.479152378618569,1.138705839511658,0.5447139571351429,0.497132165191426,0.4,1,5
-0.091561616279434502,-0.98820395057177246,-0.1227575761354107,0.98388512676306306,-0.1087884768033863,0.14189828980375915,-0.15357906028729995,-0.10778691659539505,0.98224001794476312,6.5788076461470633,2.0189937358874617,-1.259511411769453,,0.08159071536382463,0.2,0,5
0.51778244171663057,-0.85445822839100327,-0.042455611936123822,0.84802627070926162,0.50606859724935305,0.15730867447478028,-0.11292823932438083,-0.11745514383362907,0.98663645885914586,-10.761081868853189,-2.7787766588195915,-0.82254936251022714,,0.0840658723289196,0.4736842105263158,0,4
-0.80298918967322253,-0.58097951306888995,-0.13293294047066853,0.57390733884205947,-0.81390994357772273,0.090448715682063197,-0.160744292872774,-0.0036618491974476221,0.98698929232757526,-0.23724916872529003,-10.959424177033162,0.57842501222104892,,0.2952711008103138,0.4754098360655737,0,5
0.81436994141574481,0.58016088070433613,-0.014661207961366907,-0.57089520404886585,0.80539292267601692,0.15943934927547801,0.10430850642455368,-0.12147260021812802,0.98709885162719468,-8.6935274685494139,1.4941247530114512,-1.447515310084835,,0.1204127902256787,0.456953642384106,0,1
0.17579707333164568,0.98426140293974795,0.018024419300160476,-0.97315221148623399,0.17099150671302157,0.15406712144861856,0.14856029849014407,-0.044625052550004672,0.9878959673960761,-13.007492993856594,0.78780472294405146,-1.3768494625621279,,0.1368809887471911,0.1111111111111111,0,1
0.065744509700325679,-0.96965348065949308,-0.23547778427952332,0.98921136922355324,0.032374171639612509,0.14287330054811381,-0.13091419496420748,-0.24233043650267883,0.96132067131696186,-7.6718350781265459,-12.023446380837239,0.65903342437564771,,0.4279721109331364,0.125,0,2
-0.31892616115080225,0.94728819264993225,0.030515304351057173,-0.94007615081087237,-0.320266625550783,0.11698768839039687,0.1205940894498007,0.0086237245050914436,0.99266444328656878,2.463706535332979,17.785089122243292,-3.8772998033755761,,0.2066466626352048,0.7407407407407407,1,4
-0.054669313966295444,-0.98831723575575614,-0.14226843507453243,0.98470799791110986,-0.076967457411685467,0.15628873711651223,-0.16541289236437556,-0.13154866782937108,0.97741164461651953,13.306035517137115,-13.751877690235645,1.2733401354295655,,0.2279152378859615,0.3684210526315789,0,3
-0.56354286873266934,-0.80568887771298348,-0.1824414082113604,0.81627517236332703,-0.57703696852934194,0.026892005014236199,-0.12694202646787961,-0.13376759428224039,0.98284889613621074,19.039124058323914,-16.069339980060356,1.8381141151349045,,0.1336700422708695,0.3333333333333333,0,5
0.5682973615765371,0.80149210046017794,0.18614113388791481,-0.80997056920465116,0.50508951131217561,0.29804741667177898,0.14486471567445286,-0.32014840068686828,0.9362260494614536,6.3851866519554887,6.7740337722626647,-1.9830010827728595,,0.3217936504797437,0.2857142857142857,0,3
0.038078814963077544,-0.99446036863411813,-0.097972338275157,0.99024668636663415,0.02440361501732112,0.13717129333059191,-0.13402053570594549,-0.1022401036295468,0.9856903455035515,-12.697074065547072,11.135275328637832,-2.9463443359169026,0.229743561306147,0.2099622227841376,0.7587939698492462,1,6
0.73564854660838108,0.67704043638505984,0.020915625080424258,-0.66435321617136012,0.7151519732025291,0.21723825488918766,0.13212123234267467,-0.17370636926738608,0.97589450108103193,5.0819829891023947,4.494056568733507,-1.6053548125254065,,0.1334005207208696,0.1428571428571428,0,4
0.62164479357605018,-0.78068294330453292,-0.06396790330439725,0.7770665863107703,0.60435700266023074,0.17584121750848664,-0.098616788931272958,-0.15901809761442998,0.98233801390965791,-3.3159338964915444,-10.598081525338007,0.50383195883709631,0.3325361628895942,0.3779341495581569,0.7071823204419889,1,5
-0.52843849962341793,0.82146871140461486,0.2143406361355544,-0.84365170339047646,-0.53633489946119584,-0.024427013454325866,0.094892336266423058,-0.19373701712164362,0.97645348722543346,-15.260340925449087,20.857091828593475,-4.4830489682900208,,0.2926368482340958,0.375,0,3
-0.57330236384390831,0.8155313166082192,0.078949802040610223,-0.81428083708324039,-0.57780399191541076,0.055581159448437563,0.090945686923591687,-0.032422500796209827,0.9953279175588895,-7.4665032201554533,-4.3601298736606182,-0.49858851571257601,0.281169950622872,0.2403951437526901,0.1684210526315789,1,5
-0.87961128062957161,0.47385798766647769,0.041744490820706047,-0.47314571724999777,-0.88059518793750902,0.026177189102090045,0.049164267890296549,0.0032745237787730002,0.99878533842704742,5.4986130257186083,9.4747294468565855,-2.4427269608688911,0.1730631595109814,0.1108890661633592,0.2173913043478261,1,5
0.7599561045248926,-0.6079354344841289,-0.22995918484362268,0.64521680352531963,0.66287228256936392,0.37986262444448238,-0.078498379880855479,-0.43705245051352154,0.89600399544656395,13.430559914619192,-9.2579799349355714,0.58480097515846818,,0.4680210247915606,0.28,0,3
0.53303754674077186,-0.84510076674689993,-0.040934921624221902,0.83742810611066998,0.52005592187127292,0.16809522665000506,-0.1207689565264002,-0.12388112112191357,0.98492046733180527,-11.308838777495149,-15.364806382621031,1.1040965091758874,0.2187704815850588,0.1798566909735901,0.2777777777777778,1,5
0.42805933394395101,0.90161953143827034,0.062027632169033772,-0.89573004064560025,0.41413639686504455,0.16173663492440912,0.12013700890439426,-0.12479288970399734,0.98488264974606654,17.777746015693893,4.4344843091026513,-1.4430924115300325,0.4036741435395252,0.3670105400691724,0.4285714285714285,1,5
-0.080891366831719783,0.99258263244681888,0.090754088266256472,-0.99169458606595351,-0.089283429708385847,0.092576007404642405,0.099992173391585115,-0.082511738222213304,0.99156108148513755,1.9565863087642335,-16.592466230391558,1.5265762037435644,,0.3232157169234011,0.7105263157894737,0,5
0.72688584722478289,0.68488669855850504,0.050667299532751689,-0.67864614737094719,0.70503588183259092,0.20582471179892758,0.10524434313957361,-0.18399623764135198,0.97727632365209127,-14.107517106428597,20.124101982181553,-4.3518996792201952,0.6374339059721151,0.2932737919268504,0.5531914893617021,1,3
0.85867327322986886,0.50857158780210077,0.06352282992085366,-0.50092684938075072,0.80655761514286417,0.31390620418292231,0.10840895447414972,-0.30136315888891591,0.94732663060547195,-11.405470312188697,8.2769255507316277,-2.5005450876401647,0.5752577950910592,0.3354243818404432,0.4868421052631579,1,5
0.07820721615302953,0.99642100647588827,0.032075055653420254,-0.98823360583838837,0.073242237988443371,0.13427551849127081,0.13144569842048351,-0.042198962404553453,0.99042479570067765,-6.2893385152582271,-14.417930179731533,1.0398242718013355,,0.1129498742135542,0.2592592592592592,0,3
-0.093883298380384228,-0.97444518319277007,-0.20406496817834405,0.98448136400588593,-0.12138995517421318,0.1267316957509543,-0.14826452782216545,-0.18900016861159494,0.97071961248058591,-10.232914939867674,17.039615765757045,-3.7998652871482945,,0.1037292431622016,0.25,0,1
0.9862479000169061,0.16456577516002796,-0.015270407925880129,-0.15333731746936013,0.94558480460807004,0.28697917061281569,0.061666415361558771,-0.28069108097746542,0.95781510234290956,9.7507525344689778,-3.4552116837668811,-0.37041271849544738,,0.08490248190676539,0.375,0,4
-0.86793524638633146,-0.48785387473756264,-0.093204103900230248,0.48638595349442904,-0.87285446849138792,0.039418029858578826,-0.10058385717208017,-0.011120869487738015,0.99486643019966403,-9.9485341905538096,-19.571950626198479,1.8408778188334098,,0.1394275065119337,0.2857142857142857,0,5
-0.4206604253158337,-0.89432709703842483,-0.15239373371607487,0.89434221159813976,-0.43699812664862009,0.09583655805247128,-0.15230500690013443,-0.095977501574174159,0.98366229167572006,-8.3334287456371374,9.4666406835854637,-2.6258485522109916,0.5924977319849842,0.3050838401150315,0.2317880794701987,1,5
-0.42212407624937648,-0.87849515641885279,-0.22373538924189809,0.89766071705452966,-0.43951478606325173,0.032124599435933605,-0.12655631674379481,-0.18727790307558198,0.97412036510477218,-12.59635478030105,-10.046223869382843,0.28601812788481085,,0.4572311211628911,0.1951219512195122,0,3
-0.46865818213935079,0.88218339276636037,0.045956173046425207,-0.88155974657453517,-0.47039696786743973,0.039737964725941093,0.056673816999390433,-0.021889589953964891,0.99815275600399311,5.3916219815381057,-15.739770888300169,1.4619533437619494,,0.4252368611876544,0.3103448275862069,0,2
0.0012848269857647738,0.99873780205164819,0.05021107420339449,-0.98865886951894644,-0.0062717155837949063,0.15004767677359729,0.15017319648037925,-0.049834409163530005,0.98740292825279097,20.749128633675397,-11.476890875932897,1.1156422334899847,,0.1284964822132272,0.4444444444444444,0,3
0.74106908188968834,-0.66661845307943679,-0.080227513242970283,0.66626530892946367,0.71531145665639617,0.21076066543173602,-0.083109289398347275,-0.20964102172542684,0.97423995402858443,4.0675486844465478,8.1378850337081143,-2.2472723695187651,0.24645960658217,0.1091666219911476,0.1428571428571428,1,5
-0.96980563369864181,0.24387851731575147,-0.0005492160287431687,-0.24364702331246718,-0.96878193300076743,0.045800593034049174,0.010637710155365245,0.044551488001718452,0.99895045124344528,-8.6593700392515132,12.3439389937611,-3.0822770083805455,0.4965721541655,0.3786466758131734,0.8409090909090909,1,5
-0.073165420304490636,-0.97849460925352005,-0.19286036641432894,0.9820411715951809,-0.10440398747059439,0.15714625255539855,-0.17390215226854544,-0.17789914857031186,0.96856075409564601,-3.1253368594761182,11.924611415698868,-2.9297244732434691,,0.1920919223226155,0.2727272727272727,0,5
-0.96419828924489692,-0.23871124168541838,-0.11549286605768594,0.24116598653192958,-0.97045441442779024,-0.0075628339723997741,-0.11027522821238669,-0.035145022558232868,0.99327951827876015,-9.701302536302892,-4.1105153015137494,-0.60418156034345538,0.4920556474643993,0.2763217510757436,0.3333333333333333,1,4
-0.37867754988851976,0.92408542634816337,0.051666604507755377,-0.91842978839730594,-0.38208791272265702,0.10244779517257829,0.1144116995543166,-0.0086574685778322332,0.99339569721381216,-10.079036607073801,-8.0304268063390847,-0.0046356081052261336,,0.2521581076132327,0.5783132530120482,0,7
-0.28474792100982965,0.95860219542426461,-0.00067261308299562542,-0.94914518477900722,-0.28184030759260836,0.1403191335026252,0.13432065995744472,0.040593989011717915,0.99010609954929185,-8.0808176119098309,-9.0151074736850578,0.15759339453738061,0.2231654943849331,0.2293787996546435,0.6715328467153284,1,5
-0.061504490700201378,-0.97932919564762899,-0.19269541814967087,0.98998756697324264,-0.084431488813306033,0.11311914486578761,-0.12705044219563871,-0.18380873278747178,0.97471664338358133,-5.0168773713211658,22.71109212004902,-4.597207299246703,,0.4924532807771285,0.1724137931034483,0,5
-0.22877485234539907,-0.97224495215698215,-0.049008366016517507,0.96213184019264064,-0.23348575412761285,0.14066529318557289,-0.14820387654128378,-0.01497182770165472,0.98884349386210157,-15.059208935329067,-4.0149566616094061,-0.65063530660546776,,0.0771995951680356,0.5263157894736842,0,1
0.59439181271785735,0.80406191134251448,0.013520935699926013,-0.79344881876109108,0.58364340508858703,0.17262487567910961,0.13090968253192017,-0.11333498323475173,0.98489483529693134,2.425703496788469,7.2726424537186931,-2.1189396729334047,,0.07993133000747667,0.2195121951219512,0,3
-0.73441291287785548,-0.67264506126381962,-0.090478146287689715,0.6683903534320067,-0.73994916501716834,0.075693914084507721,-0.11786436627454917,-0.0048841322451722759,0.99301769189421329,20.186494289834616,13.024627451036848,-2.7422112777258945,,0.1835529748678172,0.4666666666666667,0,5
-0.286727540469839,-0.93330076729185185,-0.21618740783994822,0.95036064307243895,-0.30556444606088473,0.058694270610028423,-0.12083859331792755,-0.18862674008725244,0.97458605945755206,-12.871652756218705,9.8261894024531493,-2.7482161095056483,0.7428503014389372,0.7522990650743391,0.3277310924369748,1,4
-0.98226243481308673,-0.18176162028669038,-0.046078439055841108,0.1808004710068826,-0.98322035774060257,0.024267628811444397,-0.049716182865896769,0.015506176678911616,0.99864300911088655,-0.56256548663386607,2.4019245041169079,-1.4437781267921923,0.3541176071254674,0.1472855300850773,0.2980132450331126,1,5
-0.91191418688597436,-0.4078735888283832,-0.045295157493361667,0.40498635373094094,-0.91226586863093651,0.061294683478754448,-0.06632170872203598,0.037551570770056254,0.99709142533916706,14.954805153168508,-6.8777773312552464,0.22399638974297564,,0.08155741461960289,0.5454545454545454,0,5
-0.99889175679640629,-0.020120813741171369,0.0425489254691854,0.018598528338103069,-0.99918318952559093,-0.035875458368130761,0.043236014476891668,-0.03504435223912411,0.99845006907120493,-11.54864491781192,12.928723420817583,-3.1878173229614353,,0.3941518393093864,0.46,0,2
-0.64815758430641923,-0.75746842787114155,-0.078315558380741973,0.75084376133720865,-0.65284322117900673,0.10014676540762546,-0.12698579435141027,0.006108137116888142,0.99188572864715685,-4.8894314481830339,14.390153419512068,-3.3271227895349158,,0.07637111883867083,0.2307692307692308,0,1
-0.32691474323668185,-0.94210900976509382,-0.074547732185008347,0.93378191854835269,-0.33415588898792747,0.12802800649406468,-0.14552690214063774,-0.027757081513034489,0.98896484526965189,-7.6377776197041376,-15.603276675723407,1.2324929415405075,0.3591813002104476,0.3496130883441316,0.75,1,5
0.11575269001168378,0.9880190755094671,0.10207654571191704,-0.981181515642496,0.097747950727079105,0.16651778130323072,0.15454497117846669,-0.11943050095379555,0.98074064223186552,-11.684951706505913,-7.3261694252035232,-0.10078377249431859,,0.5481144708604426,0.5735294117647058,0,4
-0.57357675342983494,0.81486047490710378,0.083738368500109961,-0.81053889403823631,-0.57935774991180644,0.085856268661069282,0.11847535261042015,-0.018628044752429591,0.99278224539550386,-12.916729406030365,15.703618166570779,-3.6281773277657567,,0.1263931128773368,0.3478260869565217,0,2
-0.61355217524762706,-0.76446053183082519,-0.19787325115294851,0.77959471569262473,-0.62628031416287067,0.0022466321888824138,-0.12564158353443844,-0.15288251490928809,0.9802250400402811,1.2771111632569656,-12.055900314118547,0.78834827717597789,,0.1754124961204414,0.3333333333333333,0,5
0.57955485911750393,-0.80572300815626186,-0.12217446296552383,0.80987158925600877,0.552762523926705,0.19637107999429274,-0.090687232779682839,-0.21275344008923261,0.97288837979542153,-7.9423366637371711,-2.5172172258909908,-0.80644395828169535,0.2794058607318756,0.1600747304462349,0.2394366197183098,1,6
-0.89189601080454028,-0.43494408262407197,-0.12387554601798015,0.43396470264659104,-0.90020174395114017,0.036214044847028552,-0.12726406707238319,-0.021458452358715251,0.99163672383316126,-0.31296513184082697,16.595578388894253,-3.6279376208614704,0.5104689023651712,0.5549163653208337,0.1111111111111111,1,4
0.72423835907345402,-0.6749220867007335,-0.1412762405010756,0.68441062276453968,0.67862467385516445,0.26655328075644835,-0.084029153831542483,-0.28973907040386998,0.95340986589601406,-16.768185198708728,-3.9839874604817216,-0.65944060455874254,,0.2104597285769381,0.2,0,1
-0.11064765522660067,-0.98951225449884805,-0.092857926906971172,0.98150646586244472,-0.12347966702021772,0.14627996890479397,-0.15621188771366468,-0.074955120099839012,0.98487541146469393,4.3257934072493924,10.274150137270151,-2.55121537580805,0.2769294045504877,0.2484838591872351,0.7589285714285714,1,5
0.84445583389732681,-0.53288086704584825,-0.054150956900461261,0.5316995772060088,0.82175424881275538,0.20497686249217348,-0.064729469298936582,-0.20188594823476208,0.97726770114929551,10.180663030419751,9.1291655325767476,-2.3146204180802066,0.2289183405142391,0.2267999490589191,0.4202898550724637,1,5
0.94645777929362518,-0.32128360713528914,-0.031535944582580543,0.32172024632801349,0.93061580345203443,0.17450017039523408,-0.026716195784966392,-0.17530279561792694,0.98415200793948365,-12.931599143802112,12.79076917720527,-3.191993761300004,,0.08484998253143058,0.4193548387096774,0,5
-0.036841282132975543,0.99928208846994959,0.0088333229270857669,-0.98855990297861307,-0.037736850899882969,0.14603166884985749,0.14626017282128762,-0.0033522749433318151,0.98924047839693197,-1.7881559547446264,12.195508668843486,-2.9559110973205738,0.7833054137179691,0.7183131684917765,0.9046563192904656,1,5
-0.95844705829289689,0.28506594479794883,-0.010800165098071413,-0.28496588387971161,-0.95498832722716365,0.082412012986689681,0.013178826743967113,0.082065230008307413,0.99653982185828183,9.8489300393797734,19.314780553346782,-3.9421293943004287,0.6058098003900327,0.4801610241231323,0.4418604651162791,1,5
-0.27542390614580625,0.96131857779900642,-0.0028747003117765772,-0.95172809468625419,-0.27225229409853047,0.14174738848726764,0.13548175415257638,0.041776552473651432,0.98989868873292175,-9.5188743267433384,7.9189861804018218,-2.4047342787461155,,0.06604627370652341,0.1714285714285714,0,5
0.69236566930322874,0.71585568441428915,0.090445669117109287,-0.71012233246457945,0.65381110844638424,0.26126099480629611,0.12789078506818702,-0.24511563304664977,0.96102147402166949,5.0087913588935677,-20.326966638048706,2.2209633611320467,,0.431066710944419,0.1481481481481481,0,4
0.61879729423207164,0.78551205179879546,0.0077926330539599643,-0.77474896749931266,0.60861907013315986,0.17130926661741541,0.12982274842960281,-0.11204304507239371,0.98518648490582206,-6.2465590829580275,-12.634128805040092,0.77668718354799582,,0.3086759906552666,0.2222222222222222,0,1
-0.82396166260635051,-0.56507928514937855,-0.04210201954831036,0.55715818744170487,-0.82146602489522758,0.12152499376468588,-0.10325663524274302,0.07667445101140509,0.99169506192198353,-16.294851652727228,-8.9794057959155538,0.05217628684026953,,0.08996066672653433,0.2941176470588235,0,2
0.87173680441905133,0.48997182686845764,0.0015977160093029452,-0.48251246709573081,0.85788938501279011,0.17665650902122859,0.085186048848689522,-0.15476889854735826,0.98427126602577686,6.8180566928566479,-10.299925709652435,0.62259093771829732,0.4004244295036101,0.393961711284896,0.8,1,5
-0.093624893215831728,0.99454750554239102,0.04593080218908157,-0.98787050834975565,-0.098538630626021417,0.12000832057463318,0.12387993422309972,-0.034137918708628763,0.99170981864813856,23.034911223910207,-9.5567471754223305,0.86720505392707892,,0.2287059301482523,0.1304347826086956,0,5
-0.92903864919554879,0.36418966746183873,0.065215599475475255,-0.36857444247207172,-0.92637595368480063,-0.077333516608112912,0.032250095462056157,-0.095882629024297963,0.99487006829740177,22.068509085748495,-10.33014789623642,0.95888608133750974,,0.318957183733995,0.125,0,1
0.074995853334390142,0.95991498905845918,0.27007190850502144,-0.98417515451835058,0.027647061752635392,0.17502829829837957,0.16054559231391935,-0.27892445887254846,0.94679789766941735,-3.609872157401214,-15.819321617555211,1.3361905751448271,,0.3395676993043152,0.1875,0,2
0.99418295407496915,0.10318369440387207,0.030876836559731901,-0.10688343811466439,0.90986214447730496,0.40090748147664773,0.013273450325999489,-0.4018756066948182,0.91559806261269205,-4.2834433111231105,-6.7566892416496716,-0.11590124131986877,0.8882637059509607,0.6315397070022136,0.3617021276595745,1,2
0.062133259285501716,0.97801833515826586,0.19904671357451317,-0.99073071926306133,0.036299935411114322,0.13090055995925259,0.12079776487608361,-0.20533497213919158,0.97120824194275635,18.767412236495197,5.0910841988067332,-1.5118536470458523,,0.3347393008129768,0.7272727272727273,0,2
0.39623885065116921,-0.91447745364469446,-0.08201073106707514,0.90955327531773666,0.37876816471558089,0.17101905378281099,-0.1253300147347709,-0.14235752236361174,0.98184862541690998,-18.426128111524168,21.327458589333258,-4.5816495974492168,,0.3924569351089498,0.3157894736842105,0,1
