axis_00,axis_01,axis_02,axis_10,axis_11,axis_12,axis_20,axis_21,axis_22,location_x,location_y,location_z,dbh,dbh_approximation,score,reconstructed,number_clusters
0.98158271780010109,0.18758473024389236,0.036157116802806942,-0.18904469581209776,0.98105352737465867,0.042380177100266737,-0.027522192890049403,-0.048434960566358584,0.99844708597574527,4.3683905615196634,18.91553137210154,-0.97206206710896881,,0.08620550456261677,0.2,0,2
-0.86049990986327474,0.49526892797478222,0.11936747508432043,-0.50852774762396924,-0.84912729376344542,-0.14276683397225029,0.03065020426993436,-0.18355252100877628,0.98253195215704514,16.108880208481743,12.231352603196456,-1.1381205609603562,,0.2842797548188559,0.25,0,3
0.37727573081091775,0.92130516755719327,0.094126569965653828,-0.92609776964312918,0.37558827749452522,0.035726277034086991,-0.0024380326307836203,-0.1006490637865385,0.99491900271116718,-15.117514680536839,-15.903968719255447,0.10680450544097897,,0.08424799055783067,0.1428571428571428,0,1
0.86901941652122183,-0.4914679706471638,-0.057135694071876866,0.49451310932539128,0.8589655934320386,0.13279643822513021,-0.016187600639075043,-0.14365703299144722,0.98949513311468373,1.4750108931786428,-24.454135836019883,-0.40789784643533394,0.6568525434910969,0.3330457831977637,0.4,1,5
0.78284250233834274,0.61646889208032785,0.084402142329995489,-0.6219769520187326,0.77909436022389267,0.078464316888689045,-0.017386422579903901,-0.11392138940767198,0.99333762102585066,-11.65567099161245,-17.306589907699617,-0.023823467420158319,0.08122188005700297,0.09220680732325633,0.2631578947368421,1,5
-0.20290004424115374,-0.96375714580558403,-0.17321586519603652,0.97919904133004931,-0.19986269524351077,-0.03498771939282963,-0.00089972509673632997,-0.17671181895581631,0.98426222295487731,23.202685495775231,3.6474212871419347,-1.2420776050558935,0.4138468987274305,0.3145044271221581,0.4705882352941176,1,5
0.98949493979381253,0.13583825615267708,0.049474562027754611,-0.14097996799672149,0.98244176512888459,0.12219994580229641,-0.032006448507790143,-0.12789115018577521,0.99127162824226789,-18.900635303229919,-4.5413007779183525,-0.0020502791541213831,0.4011810256299388,0.2219143327612984,0.5333333333333333,1,3
-0.13969613388801108,-0.99018134371916389,0.005088882711681386,0.99014022789570022,-0.13963287612341871,0.011179848306331517,-0.010359501889252947,0.0066004890737276622,0.99992455428626892,-6.2567069170272198,18.285131609530168,-0.82804268906598599,0.8534532196840028,0.819867970782974,0.9828009828009828,1,5
-0.74375548204019537,0.65331566443153899,0.14144407213995647,-0.66487574298065999,-0.74488360959067912,-0.055575665169891264,0.069050918394122973,-0.13537743819240058,0.98838500590477918,-21.034786728610147,-9.186291758802243,0.21308572157265057,0.3741928673830137,0.3974608085290434,0.32,1,2
-0.40239666822161435,0.90625121905191219,0.1295594433882308,-0.91544283982530072,-0.39734288454892952,-0.063898662825803768,-0.0064287181252384029,-0.14431687380642699,0.9895106424480774,-21.080157333930138,11.285316697174574,-0.27560323350599575,0.6051729801638063,0.3788997797707979,0.3529411764705883,1,6
-0.76549389695173931,0.61773082720803574,0.18007698033484429,-0.64254294384870858,-0.74867504352416525,-0.16316937370206616,0.034024388897895372,-0.24061235280210616,0.97002476083817557,2.4730150301998326,-19.787661449263965,-0.5430074426673337,,0.422767474949305,0.4146341463414634,0,5
0.60347856455325355,-0.79712135757774272,-0.020277164943885869,0.79697860800020881,0.60217431355343598,0.047023339805869993,-0.025272920583000343,-0.04453804429771506,0.99868796032361418,-3.0675566171754776,6.3255729297911172,-0.94711625455014481,,0.07374223567613379,0.2676056338028169,0,5
0.97284068921360134,0.22915413814840252,0.032701290186605593,-0.23136556027833208,0.96698282500389587,0.10683722976836642,-0.0071393926561831951,-0.11150155656737779,0.99373861349730863,8.3907792252660141,19.193662400237898,-1.0187120452954652,,0.1576804510499351,0.3888888888888889,0,5
0.28804130586542043,0.94748795605904113,0.13892004620790066,-0.9576171820279562,0.28518198095942521,0.040503955620354339,-0.0012404838495083544,-0.14469903544640508,0.98947493669152653,-16.818164849933861,14.821286278005882,-0.60634069626674381,0.5056523487533394,0.561591366395118,0.9761904761904762,1,5
0.86077644238492357,0.50496364150544615,0.063840715791053451,-0.50852603820484432,0.85852660172394601,0.065828129245929831,-0.021568140922201481,-0.089127969178552272,0.99578663397701206,3.1484864598679865,7.6764814187529948,-1.0611872518820724,,0.06991709278300257,0.2,0,5
0.9844595401218087,0.16578033837473588,0.05793352459081378,-0.17163512143369405,0.9781088070341204,0.11766285179584288,-0.037159103239951544,-0.12577774449658227,0.99136227487016815,-18.101188117707398,16.632198016260329,-0.53790542429573351,,0.2164369594380508,0.3055555555555556,0,5
-0.59493165597914299,-0.80326484944762744,-0.028668909218779168,0.79774562799607973,-0.58573118670202295,-0.14325114288472543,0.098276333504331501,-0.10809513664601207,0.98927104663303722,-13.874430103760274,-3.2478361003567477,-0.30137192530320245,0.513812485765074,0.3294151660667885,0.2096774193548387,1,2
-0.22943052706792888,0.93731394273081747,0.26230555848427028,-0.9732188918741963,-0.22489792630413194,-0.047601588663248123,0.014374343410959887,-0.26620198253678312,0.96381008645116006,4.6387066327616928,-2.2648296896978661,-1.0486175718474726,,0.1015068729947677,0.3157894736842105,0,5
0.67354733581767301,0.72730163461269193,0.13178132911236773,-0.73903079191352616,0.66577582466918328,0.10283987499864129,-0.012941213875910964,-0.16665798383448743,0.98592983594556194,0.44454382597032865,13.503597781017021,-1.0015218701089494,0.8382500767922108,0.4247376201971398,0.6296296296296297,1,3
0.95309580897552282,0.27400293863434338,0.12857203635720171,-0.30163234903763603,0.89499739087314234,0.3286298774370725,-0.025026084938140344,-0.35199724423638884,0.93566641230871217,-12.969645179603118,-19.014675783462639,0.066878725516283308,,0.2041813139352427,0.4,0,1
0.87451206028903672,-0.48472519367804101,0.016436028194504428,0.48407465416454248,0.87443205607576235,0.032253813768203937,-0.030006426053487831,-0.0202500844665175,0.99934455943613165,-14.565252766623818,1.8995807608595725,-0.38480662013566319,,0.0671214371436878,0.175,0,1
0.66947471996935504,0.72957948546875906,0.13970459443087113,-0.74272687852071884,0.66063917216165846,0.10914516997296683,-0.012664250661713521,-0.17683228944030355,0.98415951865867646,-10.427644589086178,3.1056860772000672,-0.6439490931693963,,0.07352380494374577,0.2325581395348837,0,1
0.34779694478836953,0.87765044705760031,0.32979838989217347,-0.93756872820996429,0.32612113380748092,0.12087136123529535,-0.0014714206148996464,-0.35124734712694611,0.9362815474298618,-22.422916708741106,-5.5037852949488357,0.20110503898652027,,0.417774684068613,0.3478260869565217,0,1
0.42578113413819202,0.90151079557349489,0.077386764219979157,-0.90482121781181246,0.42450209735646333,0.033113941739272595,-0.0029982677570652774,-0.084120477913570676,0.99645108037778207,-8.8372702824036651,-20.400508629766282,-0.065595566092447932,,0.1586702196099253,0.5526315789473685,0,5
0.93924805698038805,0.3373997531232038,0.063043588500074535,-0.34231608141500902,0.93424723370706531,0.10000903316885494,-0.025155275057899242,-0.11551412425802003,0.99298726035819018,-1.457379786296821,6.9788680473632763,-0.9950112843342287,,0.09743877518531867,0.2912087912087912,0,5
0.19387679291357854,0.97770168173091987,0.080692073403003647,-0.98096839090343113,0.19409901894740511,0.0051562478593572157,-0.010620980080840012,-0.080156050203245788,0.99672574081235432,-17.84146727233135,-1.3036860788718037,-0.14675420815894064,,0.1302266569187236,0.2666666666666667,0,2
-0.29893089535233086,0.95040396391434845,0.08586399233524597,-0.95406676904585519,-0.29953197982596358,-0.0060986280375817711,0.019922851358580698,-0.083743050084361378,0.99628820205616775,-5.247387854094745,-23.598197950451468,-0.14243851084442391,0.2883795921339088,0.2463141648969098,0.5,1,5
-0.97553780197749884,0.21111032152888315,0.061306027900056279,-0.21438794265707484,-0.97531351908805786,-0.052927776519857653,0.048618997893598526,-0.064776319963708487,0.99671471415635382,5.8869229274031438,9.938394621802658,-1.0615704643897967,,0.3167860038263667,0.4111111111111111,0,5
0.31884521880567218,-0.94780676696926458,-0.00024275920364439786,0.94763941547834141,0.31878408697325311,0.018874430441589977,-0.017811925124141557,-0.006248070093824748,0.99982183259992485,-17.641925964744175,-5.925193846910231,-0.025324834775769807,,0.08932974397047422,0.4,0,2
0.66234797995291494,-0.74830216477767719,-0.036592671962217445,0.74899914644777266,0.66026278471948219,0.055256979061310406,-0.017188137560553141,-0.064007228525503695,0.99780140440053644,-18.130098190291033,-12.918473297508923,0.16314668180381603,,0.1020156683212121,0.2857142857142857,0,2
0.85135492775681576,-0.50596930689335606,-0.13852742495998255,0.5237488197190826,0.80486915956443583,0.2790570010318793,-0.02969782529167201,-0.31013012827504399,0.95023015249414677,-13.8230565641749,-7.9170943515406496,-0.18016722498260365,,0.4204942219491247,0.25,0,1
0.046579390395205665,0.99698273142901572,0.062095037021884202,-0.99887852361196794,0.045959386359186248,0.011376725023558033,0.0084885485912269774,-0.062555319820341432,0.99800539903599139,-7.656649814690871,-20.166299409881674,-0.12551688049462947,,0.08891581271983799,0.4117647058823529,0,3
-0.83752088486385567,0.52751402702444239,0.14243496308603523,-0.54560858561252445,-0.82145765478767885,-0.16588728913520512,0.029496418812544029,-0.21664780793532712,0.97580412409153761,-17.753589344633525,-8.5256605908440761,0.044644025225554378,,0.561520450386738,0.3529411764705883,0,1
0.17021146667207587,0.96708198511464405,0.18915731727866428,-0.98529640350908887,0.16414406267079737,0.047410166863038714,0.014800467742495011,-0.19444577844902106,0.98080160348459799,2.5218562252998411,17.03521262236865,-0.97182415214991003,,0.7016816191854411,0.2857142857142857,0,4
-0.037844014971050381,0.97706593654848872,0.20954709773102687,-0.99924240985537649,-0.035095770531829072,-0.016819430346999217,-0.0090794756066239768,-0.21002486168880777,0.97765388588973878,-10.337138876763364,12.792081066033441,-0.77646784342811648,,0.2028630645059278,0.2424242424242424,0,4
0.81587101092391745,0.54987562000144641,0.17886110829917756,-0.57711226016367845,0.79361071361457636,0.19267452972547716,-0.035999065303920483,-0.26042050181233423,0.96482393706471448,-15.694721353767964,-19.203770063626919,0.19971307196665189,,0.3757036939764599,0.1428571428571428,0,2
-0.52799162442557335,0.84703915847426647,0.061233230746486893,-0.84893848005011541,-0.52837591240685311,-0.011061296417106585,0.022984812956513986,-0.057823517702001413,0.99806219203711066,-1.3845097502813009,17.907075280021072,-0.88583854786291127,0.2912991698540839,0.309153635159184,0.8461538461538461,1,5
-0.23570964093502123,0.95623905852182223,0.17334309368297002,-0.97169511627248406,-0.23479859156008581,-0.026042703653892264,0.015797663830068625,-0.17457515389854172,0.98451711486332893,-13.974847053660765,17.332670833756243,-0.7365312931281911,,0.1995523203998268,0.25,0,2
-0.84675290000917813,0.52504202768143948,0.085676108071087734,-0.53136961174087449,-0.84248367939335433,-0.088699411915680135,0.025609803677472728,-0.12063216454991391,0.99236687713345362,-6.6767779004662682,14.353279209891536,-0.83535532426961723,0.2920463054671263,0.2620166924872998,0.3192771084337349,1,4
0.25214734936771538,0.95415127548370071,0.16129803997464753,-0.96768782955349719,0.24837734778573689,0.043462140317354153,0.0014066772471143046,-0.16704501369316843,0.98594826672567981,-6.2417191235514844,-4.2229922307253913,-0.66202222033053648,,0.07742287354671984,0.3305084745762712,0,5
-0.44217383999285054,-0.86433030119955945,-0.23961516157008414,0.89662253752002807,-0.4329444202592706,-0.092882475082825752,-0.023458909546792125,-0.25591455487065345,0.96641472472651835,4.839006252620071,-14.366899956791469,-0.75197164720442122,,0.3007089730880638,0.4,0,2
-0.7360918333688512,0.67499597279538137,0.05049009365903738,-0.67630450838011336,-0.736494989423637,-0.013687311591695584,0.027946820792621146,-0.044221796253563136,0.99863076657175542,2.2150973295991823,-4.6664632794896983,-0.96336581578092839,,0.08592767853436338,0.3902439024390244,0,5
-0.99115075605251612,0.11871328142760108,0.059391376387629841,-0.1259415376163823,-0.9823659473140347,-0.13818782385080483,0.04193933570465002,-0.14444480735038853,0.98862368459902994,-0.79449719054788936,21.916106956819419,-0.86504098845026056,,0.192987824548486,0.4545454545454545,0,4
0.8287671813262476,0.55771872296543001,0.045768823563165563,-0.55933354174306527,0.82809975510798417,0.037373582531709998,-0.017057204862009553,-0.05657403683586807,0.99825268851047355,5.1244352617762345,-3.503079518951917,-1.056381517719325,0.2637886256670423,0.1622641978229757,0.3396226415094339,1,5
0.32350054537900702,0.91812752373501949,0.22888697494546614,-0.94622741576015656,0.31362821992790652,0.079315933636999986,0.001036727226040075,-0.24223787859262269,0.97021633431498411,6.3320265208883706,8.7877725059254157,-1.0808670720881977,,0.2158806948810228,0.3043478260869565,0,6
0.19147205421612792,0.94846307345291092,0.25250000148616797,-0.98149183221642777,0.18410951659544986,0.052701700081018002,0.0034979632210671097,-0.25791759186850455,0.96616058709619079,3.8855660198002058,17.590437350509724,-0.98011526903345547,,0.2692584891355941,0.1666666666666667,0,1
0.48383301375932514,-0.87515920234741351,-0.0014090220756653629,0.87495304139245078,0.48368274300862385,0.022542836417714499,-0.019047051075457712,-0.012139796633158754,0.99974488504969927,-10.149395845449138,-9.8822396272835729,-0.30303337251088813,0.1313856793586917,0.1271630786234411,0.5930232558139535,1,5
-0.99916844955290496,-0.026719160968116197,0.030797659898184202,0.016878330543906216,-0.95864372158906297,-0.28410796718135561,0.037115109808472484,-0.28335190399048232,0.95829753580444632,12.203374201480964,-10.094322427858462,-1.0399418456219915,,0.4672754006773255,0.3333333333333333,0,5
-0.9071313916846413,0.41300184767597059,0.080883323599617904,-0.41913294532151985,-0.90392424859074216,-0.085138281376652469,0.037950129991792328,-0.11113247331854278,0.99308074244127287,-14.516831906821752,14.868873495231089,-0.71015489167267132,,0.1589772521484924,0.2368421052631579,0,2
0.72375678568812596,-0.68981552120587297,0.018184110477635594,0.68944555246319583,0.72397370794445604,0.022954311008495418,-0.028999057900412448,-0.0040763842588889274,0.99957112690006367,-14.602216339224311,-11.806559725991754,-0.025156640234291504,,0.081615644572564,0.3793103448275862,0,2
0.72398780979140664,-0.68968339623730979,-0.013359050415751974,0.6892995218588821,0.7225665405046483,0.052571510423990248,-0.026604895011205675,-0.047269519753357372,0.99852780234890237,-7.7347913056921644,-3.0353970571133857,-0.6032121979115096,,0.08453950884732368,0.2696629213483146,0,5
-0.08280193159497258,-0.97828772868468206,-0.18999199990817295,0.99654276173699607,-0.082583950703462028,-0.0090782771387631234,-0.0068091228320180828,-0.19008685117906995,0.98174366555383707,-5.0927366607298543,17.080367242894749,-0.85731970739066798,,0.1849430266985056,0.3043478260869565,0,1
-0.97084632271505078,0.22394625820767941,0.085472165676571663,-0.23718073676140977,-0.94907520772149534,-0.20736814653585367,0.034680192905732155,-0.22159495374033186,0.97452191391309484,19.340458263553927,-2.3654791236948416,-1.2015518956248958,0.3417098275973766,0.3166839816981438,0.3709677419354839,1,5
0.99543929244299756,-0.094831427565701829,0.010373784576308387,0.09160496404077563,0.98055594467390961,0.1735470251192599,-0.026629788276905868,-0.1718052377272237,0.98477094527906317,-10.793630234289187,26.033768505080928,-0.61560323607472978,,0.4423562337028726,0.3269230769230769,0,4
0.14676784147188768,0.96456725562649615,0.21924691578869107,-0.98917096161375528,0.14309553909778877,0.032626299061230414,9.7004136430100691e-05,-0.22166117400998264,0.97512374318684014,8.9702136629899023,-1.6527376378249929,-1.1390846679598201,0.3150353438543892,0.4641380619810505,0.2291666666666667,1,3
0.91019460799516394,-0.40674267286745469,-0.078142009477418201,0.41306439291062746,0.87759581010418364,0.24331749093921912,-0.030390506509517023,-0.25374394998939559,0.9667938895948166,-11.865750992329314,20.669102903042983,-0.72115773553549045,,0.7346319752799692,0.5121951219512195,0,1
-0.59362230934559579,-0.80447476566177534,-0.020806375480456454,0.80434156430809245,-0.59230993420430489,-0.046942409070081341,0.02544016064439366,-0.044601493879959195,0.99868088244947584,-10.70781366143755,10.128013079595547,-0.72864418941315068,0.2053882712388089,0.2328019305483028,0.208695652173913,1,5
0.41779139464496096,-0.89781720377846863,-0.13919274104647489,0.90852652490104913,0.41192956390586161,0.069954184517806564,-0.0054684652182442573,-0.15568655362535064,0.98779137114494919,8.7656673885916412,3.9366588158336167,-1.1535306702895312,,0.180254959126299,0.32,0,2
-0.13432932251994822,0.96792350044184838,0.21231987755208018,-0.990657659306451,-0.13625755633877998,-0.0055928881668540964,0.023516699785354249,-0.21108760179835953,0.97718421456664062,-0.19710368421161023,22.839148881136989,-0.87079576319978425,,0.1972477607736811,0.2142857142857143,0,4
-0.39553504874179257,0.90919867322393966,0.1300376784807285,-0.91829677522506958,-0.39407839530655558,-0.037858301122076658,0.016824322514370809,-0.13438746578620933,0.9907860269561205,-16.433084867304711,18.042345042496624,-0.62529848167505042,,0.2664125103497361,0.8083333333333333,0,6
-0.55472881480974578,0.82983810456983276,0.06037103795464184,-0.83176593037969493,-0.55492235514503452,-0.015053797523797702,0.021009023760613803,-0.058565347811092773,0.99806248349308813,-3.5845083911966125,-12.225316713891859,-0.53673873959333029,,0.08178433499652238,0.1363636363636364,0,5
0.75225715086876743,-0.65885143266746771,0.004895777653248023,0.658267579085693,0.75186660535509497,0.037153762615201737,-0.028159781452733595,-0.02472645190542077,0.99929756793695024,-2.0094917580991511,2.0160047461123245,-0.96068408004323724,,0.09861901592348753,0.5956175298804781,0,2
0.60357146484651514,-0.77755226708070158,-0.17639149293742148,0.79691703283242465,0.58139079544579542,0.16403653785808933,-0.024994591506867794,-0.23957715861192946,0.97055553960957774,-17.149772254543215,-15.705324995463311,0.18847503607577382,,0.4626870955644322,0.25,0,1
0.58538369140803892,0.80815218005400646,0.064930637664006891,-0.81063501474573307,0.58203026987886786,0.064122054029150138,0.014028781190209533,-0.090171053108461713,0.99582748228778484,3.0025649492725348,25.305869175619499,-0.89677721918158482,,0.1608403218169528,0.2222222222222222,0,2
-0.97604668022704344,-0.21687492136846448,0.017266919215386381,0.21569145617584071,-0.9749887821484805,-0.053610357370275676,0.028461794576479588,-0.048601884387805674,0.99841263167261729,8.6649081922089053,-16.352575239735049,-0.80660540543701764,0.2655129410399302,0.2639185518441443,0.6862745098039216,1,5
0.9950934391806624,0.091522135646045583,0.037586513357692912,-0.096961116326148483,0.977676715846445,0.18640488516263815,-0.019687285754727259,-0.18913470855053574,0.98175377401928821,3.4989579058291049,6.0578763106923335,-1.0647168001926728,,0.141000585794825,0.4285714285714285,0,5
-0.44066459059997926,-0.88370283083028467,-0.15774671271977087,0.89755016147541877,-0.43664164212085954,-0.061219147343366233,-0.014779249872779182,-0.1685626979747912,0.98558012897209801,-0.69526032222226997,2.7074621582844931,-0.99410215562301885,,0.1875575445610612,0.2178217821782178,0,5
0.68705600200394146,-0.72334948314498981,-0.068699165527943154,0.72648638198738957,0.68216252682932721,0.082896464199023398,-0.013099118185302827,-0.10686352148279205,0.99418740732271604,-4.6009214767775291,14.525257155147553,-0.88699076579125558,,0.1405595506579915,0.1875,0,5
0.577582941100939,0.81469279630707336,0.051706806075732026,-0.81630670114710802,0.5769040116909373,0.028725092815017041,-0.0064277376671686842,-0.058799735886028985,0.99824910480712081,-2.8250100422686106,9.3300068894069383,-0.9482426966937314,0.3414127025268491,0.3298308876228795,0.8049792531120332,1,5
0.87132910339551894,-0.48773891517599327,-0.053817694106183069,0.48592061141074688,0.84237016088516004,0.23301002436915846,-0.068313636868251343,-0.22917954244053984,0.97098402888233848,-2.5933442556056305,21.730151565446139,-0.8438636285774257,,0.256286417747028,0.3333333333333333,0,5
-0.87204625088361309,0.48428572721979862,0.070729560517682755,-0.48900434073444971,-0.86813253176897875,-0.084974478681828308,0.020250705239570652,-0.10868873766666476,0.99386954236545877,9.9942023535373963,-3.5329256327278578,-1.1485697813170128,,0.2532767891546028,0.2040816326530612,0,5
-0.62382761880733051,-0.78154908373545351,0.0044868391379268274,0.78148479846222851,-0.62383641794599298,-0.010470597727115297,0.010982339715493651,-0.0030254514681605713,0.99993511532388335,-20.016010153432472,-6.3264944354739159,0.10519146533941542,0.1976188155352068,0.1847188825293766,0.7708333333333334,1,2
-0.99951847504702784,0.0036052545001437493,0.030819152805587537,-0.0048035151173583309,-0.99923174943319337,-0.038895207509380914,0.030655248852068929,-0.039024518762819919,0.99876791230653228,-0.77858065377041896,5.210785351862679,-1.0002397003608343,,0.07195203789795547,0.169811320754717,0,5
0.87438901267847047,-0.48286108292392305,-0.0478437990204124,0.48429697594927734,0.86236574779727238,0.14758643607200395,-0.030004892826909837,-0.15221856530524444,0.98789129704783707,-12.610562852475843,17.434174932082843,-0.77516422381659755,,0.2812723347060768,0.1739130434782609,0,1
-0.65930650460816675,-0.74350367165560782,-0.11188039692453695,0.75156903926645924,-0.64746213765752181,-0.12624087894198163,0.021422236051661749,-0.16731727506322494,0.98567033904240231,-3.1567032169571023,-16.95198450647538,-0.39990124479739447,,0.2254708652014182,0.25,0,4
0.16635688306532845,-0.98432786031591402,-0.058515389964379619,0.98598320055800615,0.16528263702374249,0.02277670116298549,-0.012748163561031192,-0.061484252490963606,0.99802663843278683,-14.007621283700814,-10.656858483108417,-0.095395344740220822,,0.08411311595267686,0.2857142857142857,0,3
0.81940590048532247,0.56840833172480687,0.074067122771579882,-0.57277197436193972,0.81698231780642228,0.066874193656237743,-0.02249968078359443,-0.097220681017305313,0.9950084942085512,3.0033154089752436,2.0994786402897496,-1.067815851075667,0.4253622476706049,0.2783346615851784,0.844632768361582,1,6
-0.98492662502910466,0.17219788455427501,0.01635334411702586,-0.17297073751181874,-0.98095047429121485,-0.088415445214384394,0.00081686804000261147,-0.089911376048155869,0.99594943505367384,-19.608390652588309,-20.583890293061611,0.39871422213550867,0.4325144105058044,0.3757728816965102,0.8032786885245902,1,3
0.18847801550900092,0.97310384813371531,0.13245730790388036,-0.98202163649894658,0.18530782656360964,0.035979367173441537,0.010466284809756922,-0.13685726199813344,0.99053548483668896,-5.650253141397263,15.912649831192986,-0.8493176809821027,,0.09588303804997456,0.1875,0,3
-0.99759077364529436,0.062267253709682641,0.030584921991700539,-0.065574597034371865,-0.99026348048589508,-0.1227933688752872,0.022641125448266821,-0.12450312578974317,0.99196086168105468,-11.357835086463988,-23.824336857884632,0.12444747397485981,,0.244240335646079,0.8450704225352113,0,9
-0.92320967778083785,-0.37957944660272064,-0.060027781639622073,0.38351943560370771,-0.90010422168148385,-0.20670082879704105,0.02442812653510652,-0.21385002648571882,0.97656102359557762,13.91614716455039,-6.9036361368685535,-1.1170877925576077,,0.3358497883796083,0.1,0,5
-0.60964250132149922,-0.79266277900134119,-0.0046625495531922622,0.79261262038598101,-0.60950816396347152,-0.016279805488583803,0.01006253384262722,-0.013620456958122902,0.99985660400125254,4.1215686941359921,-2.9812603191860987,-1.0335424099607688,,0.06798989588811291,0.2666666666666667,0,5
0.49945881205232512,-0.86496124374733097,-0.048815385672462422,0.86611939000743088,0.49727498784715773,0.050544917793640246,-0.019444724642865598,-0.067525056658104612,0.99752807950798261,-12.011174847157724,14.597311290578377,-0.76201261759640571,,0.1156970252773429,0.4324324324324325,0,5
0.84452509260009434,-0.53423303368017638,-0.037046372206718678,0.53532399868880354,0.84034756855958559,0.085112751358558197,-0.014338214555279649,-0.091711666329149497,0.99568237197536991,-14.820682185179143,-10.064942809992399,-0.057326716402415052,,0.3252711109297352,0.5740740740740741,0,3
0.87164677973318949,0.4704083246421315,0.13765136936530348,-0.48968842776528182,0.84778453241526341,0.20363356872136526,-0.020907775910568718,-0.2449028270657887,0.96932217048907787,-14.824851775650977,19.419230076894372,-0.67219324595604701,,0.3547982211757038,0.24,0,1
0.84363297441557095,-0.53650364333463207,-0.021148171727208162,0.53566682164227497,0.83832047960280742,0.10138949487093267,-0.036666887929037668,-0.096863895065115724,0.99462200114536703,10.696791362869314,-12.588062025192375,-0.95078449579506008,,0.1250996696612205,0.2903225806451613,1,5
-0.95175809173521075,-0.30598072616614008,0.023072278417886359,0.3055017832709967,-0.9519349479053989,-0.02210238391184079,0.028726211633137391,-0.013987500533943389,0.9994894469648099,1.9675625539620702,-13.260842034816481,-0.70587640650266281,0.9322540260150758,0.890486975706193,0.9951690821256038,1,5
0.77086787944574031,-0.63684937639608474,0.013622930035296783,0.63619927420110411,0.77079743056330052,0.033493350728216784,-0.031830738992630572,-0.017152050050444661,0.99934609181917122,0.078525095538030623,-14.129928565595639,-0.63159865741303167,,0.2319587701238267,0.25,0,5
0.22515245283487786,0.97220611002189239,0.06420009827514031,-0.97430594404975113,0.22426300814070077,0.020833400322721705,0.0058566519241705283,-0.067241228541599141,0.99771955819882341,-4.7150896634297723,12.286500152501166,-0.88944569163342746,,0.07214752508099308,0.3207547169811321,0,5
-0.96035392745277615,0.25910567043880972,0.10288141509759288,-0.27575615563488703,-0.93711312983298412,-0.21395682864563237,0.040974097372563641,-0.23384446420876281,0.97141025828607575,-7.0920228630827449,-17.707375891313188,-0.20854541043475705,,0.3066284395977038,0.1666666666666667,0,5
-0.90919662918236333,-0.41587218788903274,0.020293171852049315,0.41574892746464576,-0.90942272265581292,-0.010155827356004888,0.022678597739378057,-0.00079677956629243532,0.99974249001775362,-6.5548722902831447,5.2200619404653077,-0.81577941100217755,0.4760162272079494,0.4582200274838463,0.9739793629430238,1,5
0.88964078361382004,0.45441547181065461,0.045231129878545093,-0.45620795002427694,0.88879881251539627,0.043714725275011634,-0.020336727013862983,-0.059525203488297075,0.99801962289528257,2.0625922554004719,4.0519859802526135,-1.0474913350929709,0.4259470001678168,0.3848507637358126,0.9088000000000001,1,5
-0.48579198428370179,0.86785550345164064,0.10408156961923784,-0.87367374798030217,-0.47850931469613961,-0.087880702313325856,-0.026463750598815099,-0.13362507578194804,0.99067855989039821,12.778954413068584,4.6245077276062165,-1.1704181620642808,0.3228956941156633,0.1820666779107266,0.282051282051282,1,5
-0.99933710657800845,0.020724055476257268,0.029930936185015109,-0.02836691459745809,-0.95858249356357883,-0.28339887295056776,0.022818097477987798,-0.28406005801247136,0.95853493304596715,-11.931856965464611,6.0793507535481828,-0.60638168807642912,0.4580738897657355,0.4983718769559048,0.3166666666666667,1,3
0.42770970307287753,-0.90391571479570065,-0.00088906843905286624,0.90359728679053275,0.427532494477736,0.026979797449812694,-0.024007357249380971,-0.012342880985524999,0.99963558364379901,-13.098905768542817,8.6557089661854185,-0.61452150840597508,0.7545447753865997,0.737746443071799,0.9908256880733946,1,5
0.83645113904669099,0.53919925913406574,0.098049227109496359,-0.54803265061128525,0.82395934885087252,0.14405278652360998,-0.0031154215547437108,-0.17422729519372845,0.98470053506536459,-4.033694763904438,8.7705372655675742,-0.91007228086125069,,0.09393111797839067,0.1397849462365591,0,5
0.99345094967437031,-0.11112348178775655,0.026585379185916556,0.11023554707978202,0.99336361068474732,0.032815562274380893,-0.03005552779629735,-0.029669997686699156,0.99910778021500679,1.2797144993134526,6.9848299800397893,-1.0446489855331531,0.32037647422368,0.2520824437169805,0.8760563380281691,1,5
0.94836002993700341,0.31228432366070263,0.055603550369225888,-0.3164065532451375,0.94371104008372186,0.096417663773975135,-0.022363959430688935,-0.10903198622366218,0.99378663670765122,-3.6232857120464836,4.2073408154385854,-0.91858180201443318,,0.118514250935467,0.3051470588235294,0,5
-0.97130667022955031,-0.23651284153144941,0.025000563159699531,0.23632158215886725,-0.97161936058364651,-0.010388837517004661,0.026748124672813657,-0.0041825745354347405,0.99963345477066856,10.586617633231468,11.101918351627868,-1.0969207717075251,0.4707942642168128,0.4698378520945775,0.9386503067484663,1,5
0.59873454860259057,0.77650073161198085,0.19637605280611312,-0.800890886342562,0.58333448239311236,0.13525779025469642,-0.0095251500290649774,-0.23825930298147138,0.97115486718633415,-6.1082089114854634,0.18771731989232929,-0.79317501340356833,,0.6069179228754907,0.3120265151515151,0,3
-0.8898420077707403,-0.45611273750778752,0.011931969229411797,0.45572539481871116,-0.88975421221479645,-0.025530498689974892,0.02226130552930991,-0.017280408825637087,0.99960283200226641,-1.0081551221942151,10.139632834244141,-1.0116141535910093,,0.07368957953338165,0.1639344262295082,0,5
-0.9992485823624343,0.026917070079196304,0.02788802583578967,-0.02716067225391415,-0.99959584373792809,-0.0083932749612803947,0.027650832345184572,-0.0091444256359721181,0.99957581550896246,9.4085744084140597,5.4347982137566966,-1.1486714960281048,,0.1481821949135017,0.2903225806451613,0,5
0.94701873527893432,-0.32116369793415589,-0.0030649893876478688,0.31393204193425084,0.92359470831407287,0.22004428604541099,-0.067839428636155011,-0.20934825985305225,0.97548506806553392,-24.854736571493245,-4.5814232683134009,0.29848154373603075,,0.3426981734833316,0.32,0,3
-0.64107703859982912,-0.76742970847740122,0.0084778019771201592,0.76742734315477557,-0.64112190306081973,-0.0042400936398336326,0.0086892783632784749,0.0037878703730831274,0.99995507323057353,9.5997878407296593,-20.089257449724073,-0.75661053580974447,0.1350094453494704,0.1194436380885208,0.2941176470588235,1,5
0.93289664875294387,-0.35945170009646749,0.022323038397268086,0.35652931237152874,0.93051714752708736,0.083813409296710273,-0.050898842476147149,-0.070230431123638609,0.99623139600133881,-16.383119262591066,-17.869018321923591,0.20288291886874971,,0.1694870784224504,0.4482758620689655,1,2
-0.82106647135390021,0.56438075422413625,0.085581621156939514,-0.57018049554929584,-0.81802315769358858,-0.075712059621763458,0.027277318666142466,-0.11096160479375336,0.99345028569525329,-16.153221335292226,-11.251574938459125,0.031559853904357352,,0.2091553818251118,0.2068965517241379,0,2
-0.64357560653745094,0.73876257982290927,0.20010069795818314,-0.76532119321802061,-0.62445243420313634,-0.15602124415964327,0.0096907110831759413,-0.2535527717678856,0.96727301319096326,-14.757673593661822,15.807397043833433,-0.71117740948427011,,0.2806086705461884,0.5789473684210527,0,3
0.959988558672635,-0.27660245615985368,-0.043738409481497952,0.27947291177530414,0.93636170378848604,0.21241857560522892,-0.017800528123290037,-0.21614310288477295,0.97619941624335771,16.092998780049154,-2.9037937219187122,-1.1954540861052538,,0.2580477495287185,0.4285714285714285,0,8
0.40207612307717433,0.91179354346902686,0.083470505805497544,-0.91559949566442178,0.40074884929613125,0.032831742672054937,-0.0035149381625029629,-0.089626412825815016,0.99596925220294386,-14.798836638732022,-14.278820402240314,0.048022207536019594,0.2619401129904531,0.118886419993477,0.4888888888888889,1,4
-0.089543063583478633,0.93500779975897919,0.34313620350227869,-0.99591600223123933,-0.088050054546709791,-0.019962574835601477,0.011547998260766849,-0.34352234612058874,0.93907350162379488,6.371627819009964,-2.835615781820032,-1.0903868855766832,0.6734469709025037,0.6261009169756738,0.4968553459119497,1,3
-0.46825037408103309,0.88165313702040071,0.058560508493848779,-0.88330468905194315,-0.46876811699462467,-0.0054109877252709977,0.022680684994545175,-0.054260468772388819,0.99826919618747045,-6.7972076212864341,-9.9450628811137545,-0.45944324763866656,,0.07706141400193751,0.4038461538461539,0,5
-0.78132519778912279,-0.62357334001237985,-0.026214975216361205,0.62386555795899323,-0.77910330441151954,-0.061561405503501747,0.017963877429541988,-0.064454097471436211,0.99775897311266537,5.38384031100491,8.4961023359009058,-1.0728490180481125,,0.07363768852958136,0.2954545454545455,0,5
0.91936820510864459,-0.39251485399418579,0.026347539339171975,0.39217059687788008,0.91972834938079373,0.017377752723672819,-0.031053604939741724,-0.0056438231014784498,0.99950178633209197,-5.3072885706673514,-0.78037400924045708,-0.78527626514404192,,0.07821735995956733,0.4356435643564356,0,5
-0.9303155021467252,-0.3667596903498585,-0.00062928527934912645,0.36598944474059314,-0.92824779879511365,-0.066390890719274023,0.023765369846882246,-0.061994786607442162,0.99779349247704496,-13.281431102145374,-11.210541496241847,-0.10965474462253991,,0.06673798172809596,0.2380952380952381,0,1
-0.83279361806817265,0.55152900611136169,0.047650237383847549,-0.55287293725606435,-0.83299773233004781,-0.021125652246745973,0.028041129698631418,-0.043937835071974102,0.99864065694042981,-4.1263630458910656,16.20709120237774,-0.86654185839970266,,0.08619284739863606,0.2380952380952381,0,5
-0.87012408065336388,-0.49264420704336742,0.013629729775392743,0.49243904107784103,-0.87020165678832961,-0.015901803205375473,0.019694544662795879,-0.0071247308340635484,0.9997806575049687,21.561944699070029,-6.9940781579860971,-1.249302775482799,0.1859789253448741,0.15416476720069,0.3333333333333333,1,5
0.2219821596710807,-0.97474821915262289,-0.024286416914692865,0.97478852080794387,0.22127601010731623,0.028710051411466438,-0.022611070050421074,-0.030047239636583536,0.99929270131498393,-0.30255425988506834,15.428250333621373,-0.94344084268479889,,0.09188323437515919,0.4666666666666667,1,5
0.57075093438380131,-0.82065986073505726,-0.027581948414398618,0.82076837596696117,0.5691948900847057,0.048543280832852809,-0.024138017991856126,-0.05034451389949645,0.9984401764791162,-3.5471689966753583,-9.4255514380267531,-0.63842914424297392,,0.06681698942134792,0.24,0,5
-0.7086005804672304,-0.70556035896800295,0.0083544727210131224,0.70544324909881706,-0.70864089858703683,-0.013337884039854597,0.015331003307273059,-0.0035576259920266345,0.99987614414731008,-7.0742626060031375,-12.212129199912972,-0.38802270205892431,0.1340595441677191,0.06892255781517549,0.3157894736842105,1,5
0.064114442526136975,-0.96926008951311149,-0.23753782253905914,0.99791326177767503,0.060446169406892944,0.022702038945305682,-0.007645928838516689,-0.23849767185670404,0.9711129698913139,-8.2349329065475541,-2.0167610774255338,-0.61293838523594568,,0.148302716870793,0.2833333333333333,0,4
0.23766994725799923,0.95424716937971898,0.18145339870384208,-0.97134514252354731,0.23324195242827925,0.045681568748842903,0.0012689626829772392,-0.18711101346056558,0.9823379552758158,2.3282568224409919,-1.9803827475590277,-1.0023758692176616,,0.07881948469342011,0.2272727272727273,1,5
-0.76384525040493245,0.63059298462678082,0.13745152299379848,-0.64462034028104376,-0.75588185947631992,-0.11448681762793655,0.031702528759982113,-0.17605425940348507,0.98386983255718985,9.2655616000696615,2.4315997987372668,-1.1753526741289491,,0.159544261492838,0.3064516129032258,0,5
0.84561172068485724,0.52012992818123893,0.12002364621429648,-0.53371394239274283,0.81982680379537265,0.20744502759589151,0.0094997650492729784,-0.23947624013426344,0.97085574874703484,10.354200196083921,3.6345499861050015,-1.1722289989032559,0.6112201889172358,0.6837361779483692,0.2,1,3
0.78363956017757486,-0.60994412555257715,-0.11780154255610861,0.61944837133954189,0.75293751324804792,0.22219094578455198,-0.046826861623278197,-0.24708958870771297,0.96786051690456265,-11.040086583554805,15.132235653739313,-0.78868528821200345,,0.4303442012003545,0.5465116279069767,0,5
0.97355646285943942,0.21802539227591169,0.068211010456908736,-0.22844634920324219,0.92877693148669571,0.29186585458711745,0.00028135445252581846,-0.29973044533562648,0.95402388910266811,-7.7975416433558991,16.596945664582083,-0.83170975516918455,,0.2744278024426942,0.1111111111111111,0,3
0.94480921077321478,-0.32755812923681826,0.0064208417649943917,0.32525496948454724,0.94015676881145349,0.10156010478339174,-0.039303435774769802,-0.093866511754102988,0.99480868407318179,-7.5128695378513823,1.1531178009854028,-0.74040709447461561,0.4215047043826,0.2211825128650886,0.3864406779661017,1,5
0.75867231395678314,0.63775930181051399,0.13296387851452571,-0.65130769659160814,0.74710435138485176,0.13279070939773158,-0.014649382102788837,-0.18734503221592202,0.98218492887440556,-6.0174722165540393,-7.7569216969471464,-0.58049551935801069,,0.09991239973635213,0.2616822429906542,0,5
-0.47736329881617734,-0.87575954817249035,-0.071899198382543758,0.87802349405635627,-0.47216864132432673,-0.078304010337957516,0.034626937901069743,-0.10050864606915569,0.99433343865975898,10.769962885689889,-4.3485464349095926,-1.1452696667662863,,0.1799750349285936,0.2,0,5
0.9582279342722656,-0.28488254412366676,0.02532117757798804,0.28423485458430892,0.95839226491229856,0.026359324644480386,-0.031776932195315702,-0.018061079976109541,0.99933178873202699,-7.8746732254600316,-7.3605853786082154,-0.49671058402579088,0.5599046650975837,0.5300935587912377,0.9945355191256831,1,5
-0.74760048602532447,-0.66402568412244489,-0.012782962114391417,0.66389130225597848,-0.74663647518846177,-0.042217445529198684,0.018489242373871347,-0.040048280161188735,0.99902666789859595,-16.109337709893072,13.460797482385104,-0.60108209481869479,0.4355830546890434,0.2579825842389233,0.6551724137931034,1,5
0.92846960430361758,-0.37126046091756171,0.010481605008953438,0.37015175114049748,0.92727916548640266,0.056044896132155395,-0.030526627915761335,-0.048156198086232539,0.99837322959601271,-16.004869085974676,-3.9933918308026559,-0.16556153699005691,,0.07375654337739274,0.25,0,1
-0.17420464190295748,0.95933599797528524,0.22209724385553764,-0.98439474198560906,-0.16395955027569803,-0.063908198413636347,-0.024894471083922377,-0.22976446388019764,0.97292782694673585,-5.1683029535256555,10.488650818416362,-0.88142049847813886,0.4648238695485897,0.4903692890301649,0.6736842105263158,1,2
0.78914989316972461,0.60903498149787527,0.079491115365772858,-0.61392092054406533,0.78606207602183431,0.07216312048803776,-0.018535086418449524,-0.10574877754435875,0.994220119802116,-8.8315386846650323,21.280439833591714,-0.76289610731045598,,0.1390744672405358,0.3333333333333333,0,2
-0.18666707622957299,-0.97998457814534556,-0.0691782425997753,0.98235138616645867,-0.18533852355507272,-0.0252068598453737,0.011880940566360408,-0.072662633338713256,0.99728580906756303,7.6398698904227036,2.9870502379233388,-1.1462595017939481,0.6106158192456442,0.2244386528536741,0.5079365079365079,1,5
-0.63171199727347649,0.75311718196214084,0.18372387633119278,-0.77040547163187512,-0.63624286714118827,-0.040870812221301928,0.086112494914640375,-0.16736046201347662,0.98212785011637493,-14.786306901220977,20.835529119430586,-0.65542210191993044,,0.3946649349883825,0.8,0,2
-0.12210011395763043,-0.99097961238713073,-0.05523558639669255,0.99251686573620834,-0.1218348504898086,-0.0081572320856849873,0.0013540312800660213,-0.055818250054787785,0.99844002802377374,1.0087109197805835,-2.9286368017679441,-0.96570707391327126,,0.1298036650315081,0.4248927038626609,0,5
