axis_00,axis_01,axis_02,axis_10,axis_11,axis_12,axis_20,axis_21,axis_22,location_x,location_y,location_z,dbh,dbh_approximation,score,reconstructed,number_clusters
-0.39400495082553005,0.88043831930004857,0.26379625591178973,-0.90871299860549914,-0.41620386746409521,0.031859486394678345,0.13784333458812842,-0.2271622913602441,0.96405212955191899,-13.659438128398349,14.996435000488368,-2.785630589341543,,0.2816189678545427,0.3,0,4
-0.84084925206509631,-0.54125186682505333,-0.0043533848855912376,0.53710851895068035,-0.83535382597873342,0.11704026782820426,-0.066984880175856423,0.096074981556521971,0.99311762835363049,-6.2590645061106507,-27.675682622791086,1.9879514433516241,,0.1736622651404413,0.2,0,3
0.97424628284681603,-0.22318488702611558,-0.032135440907256535,0.21776414954873943,0.89429854391771335,0.39090777623113843,-0.058506029864263454,-0.38783839488864363,0.91986869928252502,-9.3980219314500353,-23.996716544933825,1.6848899935306234,,0.246427287204699,0.1739130434782609,0,2
0.89876625310711711,0.43505277866333392,0.05429826933805007,-0.43755836422891953,0.88228042222695291,0.1735624799556148,0.027602539178621755,-0.17975076170170537,0.9833248514598576,-10.1082900190569,-25.979837689949044,1.9582410900372038,0.4653776873099369,0.4373286535849431,0.6785714285714286,1,5
-0.97417679082032849,0.22259517151356267,0.037828162073421025,-0.21709737050238001,-0.9694780774693712,0.11393414337784497,0.062034764027582297,0.10277960364361464,0.99276786870189515,9.719665964246218,1.8261996396869995,-2.0086656033400003,,0.08675018153277123,0.3877551020408163,0,5
-0.038821616609033438,-0.99722674993488403,-0.063495600620593035,0.98827501949130958,-0.047708103174683783,0.14503938341335293,-0.14766640759940322,-0.057120452604845169,0.9873863914197446,15.589551364037057,1.9622376136951309,-2.3181236441300279,0.4708168459266117,0.2859635182428855,0.3043478260869565,1,6
0.11361307300577832,-0.98680283368200694,-0.11537866821620509,0.98476453862208368,0.096461487096986626,0.14468581471406378,-0.131646774038023,-0.13005902100277111,0.98272772319762236,5.4916274606489779,6.7295066034381632,-2.3630816879365852,0.6302565435702582,0.4406776526301712,0.16,1,5
-0.94217740925369797,0.32974122920020049,0.059769986260093604,-0.32750449435063061,-0.94381171606595271,0.044274719612664139,0.07101081376895145,0.022139701492637675,0.99722981200207272,23.103192228985851,-3.9004938247173673,-2.219301847002785,,0.1269673027335569,0.5185185185185185,0,5
-0.98678881589670131,-0.16183781549393983,-0.0075069499357375054,0.1618062871407025,-0.9868116473129368,0.0046366118309388669,-0.008158324762393341,0.0033606850015720281,0.99996107300904169,-21.617948728760354,9.0162105875775413,-1.9562424002854792,,0.2071621941149697,0.1818181818181818,0,4
-0.45510043952937551,0.88159136296242169,0.12522083968025907,-0.88022029201234842,-0.46665146115170636,0.086305569546082053,0.13452073249081503,-0.070944221435134111,0.98836789201951392,-14.332387207728663,8.6002258873567268,-1.9861844956751189,,0.08244964459383425,0.1929824561403509,0,4
-0.59798997174352231,-0.79640790524239347,-0.09023548172201995,0.79632622266593289,-0.60312570189599868,0.045868669122463318,-0.090953508941594277,-0.044427876157682199,0.99486362031754361,-18.541630752892356,9.9636734461441367,-2.1006701456721149,,0.08542725598005929,0.1842105263157895,1,3
-0.021351915613636183,0.99200312409791258,0.12439412156371474,-0.98979831696555742,-0.038505610174384787,0.1371736480423511,0.14086655895483735,-0.12019617200675904,0.98270519119578459,10.745779456289045,7.114224313600638,-2.6377323609689736,0.3246512721286764,0.3056354267128936,0.4838709677419355,1,5
0.7438318574351831,-0.64830849637584964,-0.16251234227408912,0.65880806276585879,0.67021487201952301,0.34173668482992964,-0.11263260761973777,-0.36125907441992317,0.92563803770698549,-21.465428270838405,12.106472752240762,-2.2920750220826309,,0.4847811317054895,0.1724137931034483,0,1
-0.52231646731664039,-0.85063979278431767,-0.059978753752626297,0.8475056150629664,-0.52560740625323255,0.07396679612158355,-0.094444377316002942,-0.012198254940874096,0.99545540441035818,7.7006569686726341,14.809385913441979,-3.4173502468049679,,0.1705905242632514,0.3333333333333333,1,5
0.46784728748542337,0.880686983094635,0.074225018694527245,-0.87781981822602839,0.4532742984257111,0.15483790594135091,0.10271943497778201,-0.13759668671283759,0.98514763841948871,-7.6610358221202715,11.968614233533774,-2.5481449677589789,,0.07684288898982025,0.2444444444444444,0,4
0.064408092952068965,0.96952459976320748,0.23637607327365154,-0.98883650126751288,0.030112354448718962,0.14593018834558896,0.13436506734751408,-0.24313637441474645,0.96064079244697431,-25.987939330050509,-19.974990256987368,1.7982914651682034,,0.4625648835036578,0.6666666666666666,0,2
-0.98830855991276678,0.12970989868037985,0.080134465665396656,-0.13226819554808816,-0.9908333861740013,-0.027464982967673413,0.07583742380649397,-0.037743118939582231,0.9964056112462969,-14.435573649389445,7.4452555523170991,-1.8438224533831544,,0.236433829947763,0.1973684210526316,0,5
-0.86423142183930757,0.48696726802723828,0.12636031566791572,-0.49542539716790274,-0.86746366902049699,-0.045392276551432111,0.087508430146090652,-0.10183154128060604,0.99094531224169047,3.3911410567251545,-28.763022365374056,1.7394301898430309,,0.4879913258255376,0.3333333333333333,0,4
0.69204835942316945,0.70019129588246598,0.17550275607560234,-0.717678345963775,0.6412979815437021,0.27143082102567739,0.077503935089770326,-0.31379778208012621,0.94632134711586968,26.086536637131847,7.5739024909762049,-3.5841277839374523,,0.6014046756652077,0.3783783783783784,0,4
-0.34066934682226852,-0.94005358832709374,0.015609202703645322,0.9327040490851447,-0.33582279968715989,0.1314770095128914,-0.11835350842228648,0.059348953517582709,0.99119632200715058,-2.4967615502587934,-13.120640911885635,0.24729114991281712,0.4223933977650026,0.3378695841736727,0.8819875776397516,1,5
-0.93953236579057553,0.33776880819817834,0.056490404852045047,-0.33291079944262192,-0.93950465185643006,0.080631313734823684,0.080307740887414145,0.056949463109949285,0.9951419121939592,-3.9402380374996144,-32.295272048495498,2.4270708244413939,,0.4059694646452545,0.7450980392156863,0,4
0.82619295993236763,-0.56338718345909855,-0.00027289598264314057,0.55443773257795126,0.81298263298133966,0.17792706136096492,-0.10001996626680902,-0.14715338930772989,0.98404364047700355,5.661373690654397,8.3391838246774572,-2.5714963982043209,,0.1154110195584683,0.1851851851851852,0,2
0.1656500290583961,-0.96603713790920398,-0.19832376572954341,0.97608348878386686,0.13189455336664399,0.1728144950972815,-0.14078739573011287,-0.22220727929662365,0.96478123646302605,-11.33562312885665,-29.581566805042993,2.3921784259753127,,0.4078096146384305,0.3529411764705883,0,2
-0.7538405464429212,-0.65209706429822734,-0.080584423260764426,0.65414277871994608,-0.75636991851062663,0.0013309473219984638,-0.061819540496381012,-0.051710396496838618,0.99674689831820118,-22.597770358908811,18.330227789574725,-3.0432430089980813,,0.1732109680744892,0.1538461538461539,0,2
0.89215245978780366,0.44504634673896748,0.077445062779179938,-0.45083585155902567,0.86638752466326086,0.21475495816608411,0.028478473337250947,-0.22650917500659251,0.97359260997309005,-19.233830009486695,-21.764516248679111,1.7866035648939813,0.7332354159827331,0.3510549067634527,0.4666666666666667,1,3
-0.14866079072261765,-0.98712451242221055,-0.059035296873462539,0.98008786540745985,-0.15502176104535026,0.12408073856745767,-0.13163489424454877,-0.039413837387522951,0.99051441384747907,-12.22270712214447,13.985962374882622,-2.6896012924409716,0.3410935243697246,0.1680139084378539,0.4918032786885246,1,5
0.20194825515848175,0.96637291201477182,0.15918635985075749,-0.9743233269380992,0.18170939961864252,0.13295017365353812,0.099553788590480932,-0.18194803932530471,0.97825556689597182,-11.846528405877663,-24.477530251716765,1.8459494947239259,,0.4038673375150581,0.4375,0,3
0.30852512910553082,-0.94687139444598567,-0.090811932532733425,0.94324700938267481,0.29221089343838669,0.15779059872685539,-0.12287116830670805,-0.13434044862160419,0.98328801470530003,-14.621124773427997,-29.296314591446833,2.4711882458735888,,0.1752563091166258,0.3703703703703703,0,3
-0.45230810195379667,-0.87304323061619971,-0.18224406268019391,0.88478130806782196,-0.46494656401512874,0.031412250863620553,-0.11215800373021569,-0.14703812459955545,0.98275142946398109,-8.9393607019743904,-28.388151908978561,2.1730012640360044,,0.6268607380156315,0.36,0,3
0.37083643236763253,0.91276173449591391,0.17130778286130732,-0.91391021625376778,0.32588246580385649,0.24200978308446328,0.16507106668292018,-0.24630597743783791,0.95503136515119413,1.3309861581164533,-31.807904996838321,2.1843426527175458,,0.2064982113682325,0.4,0,2
-0.94995336023559507,0.29114352147400163,0.11324338073733604,-0.303819151749678,-0.94538439500495774,-0.11807738441893931,0.072681059480513094,-0.14657351597348456,0.98652606048089919,25.176994205223842,-4.8899415598648304,-2.2096659422887277,,0.2536064615391079,0.32,0,5
0.58902755399807571,-0.80493772828212573,-0.071566711668587954,0.80389993277248473,0.57462313739878979,0.15347034910485444,-0.082410185774807729,-0.14793073904358883,0.98555824674474679,0.56595610196082125,12.917001554600095,-2.9544734736540659,0.2570251823334969,0.226385160569492,0.3043478260869565,1,5
-0.65165565222917876,0.73091285114877591,0.20275925365647138,-0.74902568882293052,-0.66223690327252183,-0.020069913486445611,0.11960530256262217,-0.16495056219845475,0.97902292293353144,-19.047961375963716,-19.289669999125714,1.4701766447655455,,0.629223504490352,0.2826086956521739,0,2
-0.99830288727803729,0.054868439991921557,0.019514085814851163,-0.056697297398157577,-0.99224811729080142,-0.11058521691712284,0.013295176572026399,-0.11150393726552947,0.99367505264759759,-18.115065352102345,7.9576432372223538,-1.8690536982012596,,0.6441278237569182,0.5555555555555556,0,5
0.72692254036680104,0.6824600532865821,0.076366851282155479,-0.68278191257196807,0.70637994925645653,0.186644654766778,0.073433508504226711,-0.18781811136448012,0.97945488761465593,11.301457381654693,8.7167832434545041,-2.8420657709099264,0.2092422129744398,0.1304214850728654,0.375,1,5
0.79111975872805806,-0.6062211847682325,-0.081396575408673039,0.59824067029467143,0.73915645157886001,0.30944440614548335,-0.12742695066367121,-0.29350232576173735,0.94742744155793257,4.4877611442780676,17.06649569745203,-3.5745907648795927,,0.4151303999786827,0.4,0,2
-0.98530789757831838,-0.17056774911391806,0.0086596727423909475,0.17070433786062086,-0.98514321555296425,0.018784937730321197,0.0053269133051694019,0.019987191202782011,0.99978604520290337,9.1358332663280049,7.245496977736213,-2.5738881029677629,,0.09285089509281698,0.2424242424242424,0,5
0.21254331068110668,-0.96856671889360346,-0.12924338333699831,0.96961302221565582,0.19265277269768422,0.15078294439928158,-0.12114424556922639,-0.15736397371563191,0.98008196164498895,-5.0138544809245751,-26.714019585971734,1.8477198814775599,,0.1773549574346234,0.625,0,2
-0.98843297721189349,-0.15060869864427451,0.017812059193490395,0.15136745627136561,-0.98698001342951414,0.054390681854649681,0.0093884366094949181,0.056457709689249888,0.99836084872889308,-7.3304910632648488,5.6033651682581489,-1.7732694843133952,,0.2408351016342906,0.332046332046332,1,5
-0.23562364767772051,0.95957547959674627,0.1539363362293675,-0.96243445968317942,-0.25238515185897853,0.10010817117232562,0.13491259196010116,-0.12456578213055049,0.98299641833162976,-7.7926929912758309,-25.805970306039697,1.8497555494572382,0.8609171961334642,0.7189580161258571,0.5942028985507246,1,5
-0.9700545275317225,-0.24288666268049638,-0.0005317021131171812,0.2420341228309624,-0.96646165732694322,-0.085856556548142851,0.02033954278377028,-0.083414231452365026,0.9963073667250274,-23.144389854126967,-23.033878664118134,2.085893634592296,,0.4660602666255407,0.1764705882352941,0,2
0.8490567367447428,-0.52480885370870134,-0.060649195026211557,0.51395145450796398,0.79395766391757372,0.32478474458585183,-0.12229701630668201,-0.30693141738099683,0.94384137694157888,-22.961451862417835,12.27750295168706,-2.2866381608463793,,0.248416426976907,0.25,0,2
0.96845417040087434,0.22939907023016301,0.097327213104513588,-0.24597784366281372,0.94255983965434742,0.22599966614524777,-0.039892609091747751,-0.24281065719672987,0.96925309619910194,-12.855461376569304,11.633397188644683,-2.4016218545651147,0.3996114514342533,0.2606503422715853,0.3529411764705883,1,5
-0.9359815104805681,-0.35204904123562608,-0.000290866962842027,0.35071722448240633,-0.93251181718633758,0.086134425517276084,-0.03059477880081778,0.080518217646134524,0.9962834818148989,1.490096777902314,10.268353574356196,-2.6416845861247391,,0.07635569587989136,0.4,0,5
-0.13951888856325886,0.98805216648551986,0.065478210401192255,-0.97995108495990602,-0.14726799742806168,0.13419391945774015,0.14223343777036043,-0.045442856829190005,0.98878945986657141,3.6398572408163075,12.476341841893994,-2.9820181731118742,,0.08289395037648316,0.1818181818181818,0,5
-0.92059770809162333,0.37171284274027833,0.11970556544451519,-0.37556735459018459,-0.92673463579570503,-0.010586641711718983,0.10700010290920593,-0.054703540639914408,0.99275299073781509,-9.3383942577788694,-25.553915054430693,1.8684487940849972,,0.3971527518708627,0.2173913043478261,0,3
0.69769277703449673,0.70299269753064964,0.13793497052043463,-0.71124079165697274,0.65665141876754651,0.25088931925000579,0.085798165231286833,-0.27314864350596607,0.95813803462434155,1.7204311830723678,-36.913918599438304,2.7007787261016132,,0.3165279987484745,0.2666666666666667,0,3
-0.97533165629682594,-0.22061611923691585,-0.0075291538789939629,0.22039783145046274,-0.97514403475259082,0.022779538589962581,-0.012367542893560389,0.020558195915038571,0.99971216080604686,-3.0385354895747834,-25.778249650065906,1.6821200024672966,,0.1952225683666811,0.4705882352941176,0,2
-0.37498397426143715,-0.9239662323863681,-0.075322111340808198,0.91978270878270696,-0.38096259309573965,0.094166189718575585,-0.11570128638629261,-0.033969163538553261,0.99270303125206938,-0.69583218514662648,3.6586103594205586,-1.7382964679629138,0.4120877841947991,0.1989395410919684,0.2543554006968641,1,5
-0.98627316954836886,-0.16256015870732271,0.028972915456750122,0.16467648373018443,-0.98123187518140953,0.10032777698243016,0.012119848814082668,0.10372175243903285,0.9945325069276012,-2.9917965476608575,11.541859245444261,-2.6512840361595642,,0.209065342674864,0.4038461538461539,1,5
-0.9922065421393369,0.11525064733528143,0.047365240680260469,-0.11529641786318931,-0.99332954748174329,0.0017737326832804341,0.047253716931234827,-0.003701133409304694,0.99887606230586445,8.983916447445857,0.71765865402081097,-1.8658747106525797,1.229848640854319,0.5201040628714364,0.2954545454545455,1,2
0.62420945238269765,0.76736743454944822,0.14666212854411842,-0.77725460949077829,0.5909930676500007,0.21587604317056514,0.07897994417211518,-0.2487456821386872,0.96534333479644918,-2.8307807653166659,-30.054163175565733,2.148196673851233,,0.3207751954664134,0.2777777777777778,0,5
0.82975718129858755,0.54535699279782579,0.11869612668463884,-0.55629938016172198,0.79093930913413235,0.25484506842021859,0.045100107706160839,-0.2774901073424681,0.95966932878568068,-11.63657185450106,-25.731753167484179,1.9834769713599518,,0.104570140226947,0.2272727272727273,0,3
0.77988154888551608,0.61742143275088812,0.10283746441724732,-0.61203694110232276,0.71779222486006133,0.33194141750699618,0.13113181320350695,-0.32181531397726115,0.93767763717371255,7.2153554208876747,2.9557930408026896,-1.984892103094267,0.9903588285144785,0.6093406577172049,0.3027522935779817,1,2
0.87047695355500576,0.4820197368578979,0.099633561659917061,-0.48976915574749386,0.82810048368439171,0.27271920174433001,0.048949437259121917,-0.28619322528865065,0.95692078584953755,-5.5480675169670191,-25.746978472000947,1.7634161502089878,,0.5372538829112116,0.3170731707317073,0,4
0.71477857756045604,-0.6838776064517087,-0.14629765703706188,0.69455000897759289,0.66969657984881692,0.2628816767445451,-0.081803851314455778,-0.28951322997866558,0.95367196644204866,-14.150471855589947,5.2887480730475014,-1.5816917228081016,,0.4092346063316773,0.2605042016806723,0,4
-0.99854039087612567,0.044189006036499265,0.031055104805203591,-0.04755647718510618,-0.99190812630056857,-0.11771427465111896,0.025602134026256825,-0.1190193292049776,0.99256180160678165,24.064827834510702,4.0531799442441656,-3.0932356000671448,,0.3817351155968902,0.4545454545454545,0,3
-0.1655048935467579,-0.96678445119762912,-0.19477154600858287,0.98235292666544127,-0.17905820546880219,0.054045226672966941,-0.087125528313556966,-0.18238964876546437,0.97935854432342206,3.2108363478553827,-34.793370627366393,2.4210493567569631,,0.3480432093660149,0.6153846153846154,0,3
-0.8511141214497665,0.50419403108798833,0.14626390971130251,-0.51233540470810846,-0.85850634182030261,-0.021892787325950454,0.11453028137296245,-0.093569439827143303,0.98900332384631739,-16.170342588444253,9.2643432549907843,-2.0448755018448272,0.4037416010354125,0.4095362520705469,0.4316546762589928,1,5
0.99890329175896009,-0.04419436820223243,0.015461938181183537,0.032484475368227676,0.89198322615368064,0.45089985930417248,-0.03371902390586428,-0.44990308076259827,0.89244061166396871,-21.099327652996081,-22.355061466644052,1.9259694338565472,,0.3066371106581805,0.1333333333333333,0,2
-0.65483772955973107,0.72555187973095336,0.211570361260592,-0.74584944801937658,-0.66561179702808737,-0.025875404271857048,0.12204978014830009,-0.17474382814829559,0.97702018694079773,-17.719550026850541,14.772762577064684,-2.6939050831397831,,0.6857124191297639,0.2258064516129032,0,1
-0.52911489970217673,0.81593189033931846,0.23300766777182114,-0.83400284502142186,-0.55068144487056425,0.034484790436407092,0.15645023940323968,-0.17608264140049498,0.97186327535723627,7.8306974400882634,4.7416548208346772,-2.1969859180906646,0.6669023627150925,0.2794183293946329,0.3421052631578947,1,5
0.99446475974639292,-0.1032813928878852,0.019307913032933628,0.096184066701525656,0.96881589352273489,0.22835146106495818,-0.042290269983833464,-0.2252303672706745,0.97338728917312856,21.474927362110122,-3.1768699729456356,-2.1869426729310439,,0.5344231534136028,0.1538461538461539,0,1
0.35725801546760627,0.92942006769282304,0.092439429649994756,-0.92564491935530291,0.33910877679844376,0.16788901324975961,0.12469239614291727,-0.14554578409604341,0.98146229223338277,-12.83635079506155,-27.820828944273725,2.2590792283480137,0.6870906202932117,0.5628507651153796,0.5333333333333333,1,4
-0.42275380363824594,0.90549157063460761,0.036935579311376948,-0.89601297334324259,-0.42374065618966961,0.13268235712614507,0.13579386256380352,0.022997212909823941,0.99047016870190652,-0.94356040337769909,-8.5532462503367217,-0.34029617795363626,0.3978209808125055,0.3473223193993094,0.9487750556792873,1,5
-0.29095189150035705,0.91149684999754232,0.29072407756655244,-0.94701288232869374,-0.31759183915923328,0.047979416450760731,0.13606468144182163,-0.26135974468921919,0.95560320547815347,-0.52531639615737402,-33.257414916404301,2.398457349963008,0.5654033485812723,0.3808337350954696,0.3809523809523809,1,4
0.12298679097834359,0.97563860961129756,0.18166879941416006,-0.9834058748745852,0.095210776067027963,0.15442730776279504,0.13336841645232195,-0.19764668364646892,0.97115840826126398,17.925302088315515,2.2654649537205791,-2.5119074129079784,,0.1686306409047629,0.1578947368421053,0,4
-0.42964049287398504,-0.86903993265279422,-0.24531335540044893,0.89492532663279412,-0.44603403326816315,0.01273973774151454,-0.1204894461527086,-0.21406362750678362,0.96936012747814804,20.370989140334615,4.6771793913629569,-2.9382552835078526,,0.6633934057260794,0.34,0,2
-0.87476357037526664,0.47542102703664663,0.093613797037273822,-0.47340370703292306,-0.87973980561614917,0.044122608512486991,0.10333259946310339,-0.0057202679902197918,0.99463040996257379,-12.319051842683468,7.3176768261479443,-1.8534609810119365,0.4321739556408539,0.1689294791063153,0.5,1,3
-0.62257131701734436,-0.78255648797057864,-0.0032091061750698824,0.77746915478818512,-0.61898076275910219,0.11137561980570557,-0.089144088868719079,0.066844285240504064,0.99377319995583091,-21.545658025373783,-20.489114881678503,1.743467431150806,,0.1072981860541011,0.3,0,1
-0.91432945556928835,-0.40496483567749131,0.0022646286826937647,0.40409676871794148,-0.91197372432323298,0.070779429608676836,-0.026597898226858919,0.065630846472628818,0.99748942039562472,-0.25354294049969478,10.993068779793314,-2.6840458303680932,,0.08566294731753306,0.4615384615384616,0,4
-0.13206588684292375,-0.97296925004542634,-0.18944508438709481,0.98244664384101765,-0.15388321356155968,0.10544452849479029,-0.13174670218989668,-0.17219406217988126,0.97621309733688733,-10.088624725079585,17.475387100597526,-3.1552732170227182,,0.5912107103963795,0.1111111111111111,0,1
0.9836101765993055,0.17227010103739354,0.053235634483393565,-0.18027443022108078,0.94529356988601188,0.27188452795373325,-0.0034857278648603423,-0.27702541222914184,0.96085626952241199,-13.173772224262594,-25.484518258136866,2.0068679278134955,,0.08598222435847214,0.2222222222222222,0,2
0.97507396198272567,-0.22078162709440655,-0.022050891157869158,0.21416303831565331,0.9105188961737084,0.3536799863294775,-0.058008289775839897,-0.34958663139221696,0.93510653161504775,9.4759243881728761,-11.140420835379381,-0.55759611517168139,,0.3012963811526605,0.3157894736842105,0,1
0.48911273297872904,0.8708327276362251,0.049184295417643346,-0.86587711871877593,0.47799442769851547,0.14757419275889055,0.10500261766902759,-0.11476797273987294,0.98782729397189217,12.416427777798853,11.131519362115148,-3.1773199866188877,,0.07958328327472286,0.2307692307692308,0,4
0.51513574219576608,0.84827036404237488,0.12277034088016477,-0.85170226745071487,0.49054525672778176,0.18430572080427543,0.096116672496117439,-0.1995062419807698,0.97517118737121367,18.894259660184215,3.9297138243299048,-2.7617307708831222,,0.3392871082694947,0.7105263157894737,0,3
0.38214022602286946,-0.92361488823658278,-0.030073009209525447,0.91507955256265949,0.37367084737611594,0.15165589438903818,-0.12883423511207734,-0.085473013571192677,0.98797576074220861,-14.523524461058072,-22.36491347384424,1.6652739446694975,,0.6200395336088144,0.9090909090909091,0,4
0.18734346380925554,0.95310957972375543,0.23766479673430146,-0.9741834018195934,0.14924803079661819,0.16938631858133127,0.12597272001173376,-0.26326251982030863,0.95646417573828002,8.375139079116444,13.224446351384842,-3.2756132421475637,,0.460370430181313,0.1081081081081081,0,4
0.84235067192652036,0.52974001543947113,0.099100260075990418,-0.53602484765137592,0.80445717580797238,0.2559804972871571,0.055881197242535284,-0.2687455456993661,0.96158885364873636,10.44115905481288,-30.046845334707818,1.5789564464677452,,0.2971869409383611,0.2857142857142857,0,2
0.18145109472812804,-0.9783474501574283,-0.099557857512215159,0.97343201744071928,0.16431117492047734,0.15947396407421249,-0.13966247757810554,-0.12584953145209124,0.98216917473011467,5.9058829626178699,13.444615814940571,-3.1750542558272414,,0.08187328755557678,0.1851851851851852,0,4
-0.91241611938191869,0.3761762054405382,0.16120883211659881,-0.39367579022562432,-0.91438395112829352,-0.0944529624164335,0.11187581187312164,-0.14964441980698059,0.98239012125446457,-9.8646118849808726,-22.209924506547818,1.4969055207246755,,0.2837522633804705,0.2380952380952381,0,2
0.96519235479252175,-0.25961530709158026,0.031679813348752951,0.25082170484133204,0.95314041523341919,0.16915029183880584,-0.074109315410109636,-0.15531658370054988,0.98508099575468167,15.04123552954187,6.6295945543844006,-2.860590035259015,,0.1127672072765367,0.2692307692307692,0,4
0.011922788838062682,0.99702893723413955,0.076099575715542586,-0.99058548700936566,0.001397543018313306,0.136888420985596,0.13637536446419038,-0.077015227009173987,0.98765905796280973,-19.613092480142171,-24.967912879523151,2.1569996257499455,,0.2417558686972725,0.4,0,1
-0.41414928158489872,-0.90185820310766263,-0.12301282067382681,0.90428595095981867,-0.4230721682548565,0.057243858577416193,-0.10366914420119941,-0.087531262618296621,0.99075273736943992,16.976023425067133,-0.47128860544040019,-2.1543218282301368,,0.1120338803329285,0.4615384615384616,0,4
0.34930002526026355,0.92215217580456854,0.16620727123708876,-0.92885716104886362,0.31741992981046807,0.19096848569165115,0.12334450422059356,-0.22108811098296885,0.967422441573772,-10.986628633755679,-25.005003853741318,1.8741402476589089,,0.1075739513406086,0.2666666666666667,0,2
-0.36853342260824506,-0.92273921653192315,-0.11285147183224901,0.92656696060826982,-0.37443027698633946,0.035716035405478436,-0.075211594384142669,-0.091401892485798497,0.99296974280196948,-5.8694395057675877,9.4205913066143996,-2.3246714738242362,0.7348307307997799,0.7222503280292791,0.7688679245283019,1,3
0.99463674815904835,-0.10053001858289608,0.024319839130168396,0.087310549260914597,0.9421402114565689,0.3236490227767258,-0.055449140654767026,-0.31978983304710407,0.94586460737272215,21.508823752583972,7.7333257063091292,-3.2695108763369816,,0.2359726176114222,0.3,0,4
-0.52214307266930582,0.84803857147367312,0.090538350748992621,-0.84246875056577231,-0.52938742506781322,0.099976789807515815,0.13271403838178519,-0.024073543008079845,0.99086197249840779,-3.2538017147983114,-28.947168492649251,2.0384005028168852,0.3375883159833166,0.2194587129830901,0.4137931034482759,1,4
0.49370839973303482,0.86150267122964952,0.11859664201495609,-0.86329571409424266,0.46910756603357584,0.18616820758809777,0.10474982605979079,-0.19429678060696814,0.97533390948239407,-18.958532051330565,-28.705986375841977,2.5456679933948139,,0.1798201688336376,0.1,0,1
-0.16541200807792966,-0.95649499936288407,-0.24032516259730952,0.97658106730011207,-0.19285110109775686,0.095382764671383319,-0.13758010966197351,-0.21891954914803544,0.9659947952376452,0.7797192771726994,-34.110867509327043,2.4639521669215854,,0.4683671697439701,0.1666666666666667,0,2
0.88841276526972734,-0.45878647263595079,-0.015418528855178023,0.45051183540833922,0.86495886695233204,0.22110007833003309,-0.088101331787921719,-0.20337436172438078,0.97512923468143187,5.3014118238433676,-27.220282306851942,1.488725858020022,,0.5844111469154547,0.1785714285714286,0,1
0.36603062906116418,-0.92438768567728558,-0.10737311189157507,0.92178073494335466,0.34428971031394945,0.17828312331576859,-0.12783526616852375,-0.16423154977083093,0.97810333952169592,-17.448769375417754,10.997410793513184,-2.2294677693088998,,0.1795718897465284,0.5,0,2
-0.553120440676939,0.82458687299920197,0.11880348051613325,-0.82349156623825281,-0.5627496669836255,0.07193366836390383,0.12617217775650272,-0.058045681899835035,0.9903086793383995,2.3193452977327587,15.712956621158996,-3.3415576408822889,,0.1171165724794141,0.25,0,4
-0.92564266952683538,-0.36498476034543886,-0.099858765598309918,0.37756502392177155,-0.90837082908929545,-0.1797417301868969,-0.025105797382031229,-0.20407979217749569,0.97863227892942717,-16.577870702122841,5.5351561437049144,-1.5601357113080729,,0.3793524886084967,0.2916666666666667,0,1
0.13310810616820354,-0.98983818887825459,-0.050025912390773357,0.98126053468849928,0.1245231333009313,0.14704336889420355,-0.1393197585956587,-0.068661117898950311,0.98786418892159045,23.730435415720603,5.9110925502406122,-3.2960738006774108,,0.2022170620372539,0.5263157894736842,0,1
0.72831964192559639,0.64510268327192533,0.23106931258982369,-0.68136011104769922,0.6459593476355,0.34421638583220637,0.072793531707414663,-0.40814096736015315,0.91001211667970683,1.2710556480167787,-35.02926852498311,2.537424851612756,,0.3078985536686697,0.25,0,1
0.12635161205561202,0.97319533891367305,0.19216165706937868,-0.97857121858470397,0.090532683900185248,0.18493837704348082,0.16258425596777706,-0.21141112899403028,0.96377989927621655,6.9497113034174482,-29.564570915726136,1.6788346490018602,0.2634879281717921,0.2247812349745551,0.3225806451612903,1,3
-0.96479701913592664,-0.26294862187281431,-0.004973341092066313,0.26286986874791507,-0.96474793786022972,0.012682606155202588,-0.0081328943731126709,0.010928799093304267,0.99990720438423375,0.41291485459433308,14.85184850166686,-3.1721069312337296,,0.1017747770305495,0.1153846153846154,0,1
0.8242367435729625,-0.55327269944826851,-0.12051186908128581,0.55828137462169036,0.75845773506561287,0.33624956634865227,-0.094634545990112756,-0.34442877952396328,0.9340305768768381,17.578234247237532,4.0674236179036436,-2.6652081975232416,,0.259706044335927,0.4285714285714285,0,3
0.89892714390654227,-0.42929463214465274,-0.087384831405773647,0.43279571976168646,0.83926247965254919,0.32912969359117372,-0.067954800448475641,-0.33368339643926437,0.94023270313086116,14.059450512491283,-30.398798301874098,1.5176001008561513,,0.2045148946678284,0.2352941176470588,0,3
0.70448139863289261,0.70545844532992685,0.07768102015888266,-0.70017457596347044,0.67293537937656911,0.23856558502367023,0.11602379994904637,-0.22245529235330516,0.96801452507149288,1.1741656312630906,7.3805140987000071,-2.2638700947428769,,0.4145918015945783,0.3059701492537313,0,2
-0.98789775490680143,0.14407079154344637,0.057459837052905312,-0.14712024232353302,-0.98770195075162426,-0.052919663454151368,0.049129015344972708,-0.060732721867873811,0.99694426942821279,-21.343730003148327,10.142366315661807,-2.0873153285932013,,0.1171480042881207,0.1764705882352941,0,1
0.97523931506282791,-0.22112025082319306,-0.0037567315149657867,0.21399636494306987,0.93926120827195569,0.26831686198720106,-0.055801739640801908,-0.2624770795924749,0.96332338731168909,-1.6544462296948683,18.00564281615312,-3.481467561942627,,0.2195626880165689,0.25,0,3
0.95647471250715721,-0.28809322839335888,-0.046458756852084691,0.28679696775567726,0.89863855192003139,0.33195820864864301,-0.05388528203970161,-0.33083386277247828,0.94214931492972009,-10.991057485832663,7.0041706957549819,-1.8493286471837691,,0.4719272398468281,0.415,0,2
-0.99746520730807475,0.028711944972306547,0.065105947698862132,-0.033892373001021339,-0.99622538418294504,-0.079914272579453619,0.062565703562090527,-0.081918301529333493,0.99467327530819383,-17.115990616640758,-24.994590220476127,2.0814193819161564,,0.2134038783070304,0.5555555555555556,0,2
0.75909356512872417,0.61918497270553607,0.20096499435426049,-0.64750143478753364,0.68627808437434712,0.33130693149338403,0.067222401982142521,-0.38161808196562313,0.92187243596314894,2.2533824326397935,-14.145559153964111,0.12629919954487678,,0.1258891087957089,0.2142857142857143,0,1
-0.62509891757510128,0.76746975052401101,0.14227271445027412,-0.77188499427809854,-0.63488479533122266,0.033389403491693517,0.11595214036289536,-0.088946493398243426,0.98926418233827695,14.433583847368281,0.58992040958170089,-2.0907438077823643,,0.7265648096146129,0.4651162790697674,0,2
0.028406395388141138,-0.97355628521646242,-0.22667429544739909,0.99009650136732985,-0.0037859215528623712,0.14033739622127983,-0.13748452524275426,-0.2284159064371781,0.96380712749245467,-15.243380029338612,-20.303498748636674,1.4232169518599875,,0.3545551304788039,0.3225806451612903,0,1
-0.99907266956512042,0.023564365995364982,0.036035004971015042,-0.027387998284232953,-0.99359953902632758,-0.10958947758180207,0.033221957769033569,-0.11047477857821636,0.99332352474915597,10.988116059162072,-30.799930992534502,1.6530979291792061,,0.3029868196311033,0.2142857142857143,0,2
0.82546405406195034,0.55768681386584629,0.087146503611851348,-0.56195666385198506,0.79744827382954753,0.21972928461773586,0.05304529577593553,-0.23035118451276937,0.97166070641433666,8.4964362712093351,9.6347659758140907,-2.8481516638926792,,0.06654322193302005,0.125,0,3
-0.99107311390138619,-0.13307958870483749,0.0079941210875613452,0.13322477426075277,-0.99084678438072338,0.021767163470532914,0.0050241840116308153,0.022637865458845038,0.99973110615929417,-8.6564302377549929,-32.30150300775783,2.6193350865974847,,0.1886613383998609,0.3076923076923077,0,3
-0.75291605144615348,0.61333972079323673,0.2386038691471864,-0.64860431325159829,-0.7529665252009321,-0.1111479048756944,0.11148930130804315,-0.23844454035290558,0.96473537142044075,-4.23138967797051,-21.818181262923392,1.310204533394288,,0.09673959806266576,0.25,0,1
-0.14746403678471698,-0.97479868306192552,-0.16739738754201477,0.98035256599535381,-0.16647402505718281,0.10580758634231251,-0.13100841271262353,-0.14850564461324794,0.98019532202338266,18.239664314035295,-32.39864087284738,1.5774285129312222,,0.3513439511180553,0.3,0,1
-0.99537601559594302,0.086611499935368527,0.041533548551628711,-0.086857284494477466,-0.99621213420128185,-0.0041467819296582111,0.041017066040738064,-0.007735098517302471,0.9991285045199827,5.4774352688353716,18.170123147065461,-3.7296086029963771,,0.3759723555432368,0.5,0,2
0.49539108177256663,-0.86716858973357791,-0.051052062443,0.859528154909594,0.48082640266758331,0.17325507616072816,-0.12569418052525377,-0.12970970463781273,0.98355292969156283,20.867530172706246,6.7183914366246134,-3.133966569312308,,0.09915015686981701,0.625,0,2
0.9608501963520133,-0.27689796038497272,0.0097169802376497975,0.26928728158884124,0.94154451200936395,0.20243095583319223,-0.065201688205054134,-0.19188916446659934,0.97924832826792219,-8.0188055821690085,7.7462272214849879,-2.031223266881534,,0.3788202019226294,0.184,0,1
0.97520427944620403,-0.22019638579956646,-0.022139670969068444,0.21358930680963745,0.91028743466355921,0.35462148032827184,-0.057932904004448969,-0.35055718217495541,0.93474779521492668,-13.480989367958125,-31.803156548470586,2.7018466088421711,,0.2625176302096122,0.35,0,1
0.36493317431194972,-0.89189074906752785,-0.26712294924691382,0.92078894145587376,0.30329824434030672,0.24527107508358972,-0.13773708135130683,-0.33547140967279565,0.93192672979852442,-1.6634670895228956,-33.568818669631433,2.4812146878388632,,0.3066249325578265,0.3888888888888889,0,1
0.92092607304917551,0.38788078051399483,0.037995632460583156,-0.38881503758222585,0.90766743308457509,0.15799587800822884,0.026796166295903198,-0.16027579675519682,0.98670848503817465,17.75895879587102,16.799070096288531,-4.0976891061969827,,0.08649993780841901,0.125,0,1
0.2744649444489991,-0.9131538776915904,-0.30136189195951613,0.95144958110853317,0.21247821700448893,0.22270316995271744,-0.13932942573987592,-0.34785485903664537,0.92713769644405619,26.636257396743542,10.829161945851601,-3.9253137851474027,,0.4174337125025493,0.1052631578947368,0,1
-0.29358693423805426,-0.94031746515687131,-0.17207491614310583,0.94751329967494025,-0.31008560323001388,0.077881099174223617,-0.12659091193212588,-0.14017839844439264,0.98200038575642024,10.663202805665115,-33.335656715226264,1.9791577353950185,,0.6644870248841415,0.1568627450980392,0,2
0.84603906354322367,0.52887309418765927,0.067165118947834349,-0.53090177452804665,0.824321255247083,0.19656493571042805,0.048592270598073931,-0.20195969496967711,0.9781876470523837,-13.587388281303234,-22.812162091418131,1.6671213877584306,,0.09138317334738268,0.4444444444444444,0,1
0.76319264786193275,0.63270908462377495,0.13121050447291566,-0.64274556373938008,0.72245054537663045,0.25483985123672515,0.066446388486046587,-0.27882687051206995,0.95803990195482314,7.8598055093242865,-32.093337880954266,1.9041928054832189,,0.1463708129220272,0.1875,0,1
0.61905091213361951,-0.77564924750470821,-0.1230618260546891,0.77532728327388445,0.57864482608065237,0.25305684946515444,-0.12507426592897616,-0.25206826475276922,0.9595926312278853,-12.925493939519134,4.8671469870825277,-1.5490890550433065,,0.5627711776811825,0.5769230769230769,0,1
-0.99868987364799366,0.030131181276987204,0.041359982928033875,-0.037910511500816112,-0.97854444136791185,-0.20251807175091158,0.034370472657506694,-0.20382072559681999,0.97840471300300114,-22.532910490858804,10.830022987485918,-2.1486496649275275,,0.316436801500082,0.3076923076923077,0,1
0.82243700116232787,-0.56698419168147962,-0.046111880274131524,0.55977178231755775,0.79221085531728541,0.24301751467431107,-0.10125675700979846,-0.22567872540572695,0.96892527165881293,-4.7819889771679227,20.088001875731589,-3.6532043110577006,,0.1589188199611834,0.5,0,1
-0.65422483804285703,-0.73336703480189969,-0.18483141928164423,0.75154868939318542,-0.65775276784303272,-0.050357361589092729,-0.084642948667817575,-0.17185484764969186,0.98147923186388331,33.049689604900173,-4.2234418898523591,-2.7503288018016043,,0.505598629348351,0.3448275862068966,0,1
0.60236977770759248,0.76277003589201253,0.23522866162481793,-0.79291326688758745,0.53787945279472404,0.28631144834760114,0.091865129936001461,-0.3589812900508127,0.92881280745653771,21.123450517684503,15.571548382119911,-4.136573114585369,,0.3496504045976719,0.1724137931034483,0,1
0.99458996739817651,0.093783191660011034,0.04467112840478684,-0.10281508138227689,0.9501174134188729,0.29445875731346005,-0.014827534901361501,-0.29745859153887794,0.95461957371952988,0.22760698454041378,6.7745348190792596,-2.1539107089701957,,0.1293268775152981,0.4205128205128205,0,1
0.0022171528391238485,-0.9907397565501892,-0.1357564695480879,0.99059764372977399,-0.016394184619784109,0.13582171751112912,-0.13678959196630605,-0.13478117636200312,0.98138811997505215,15.672588889183162,-29.577645979805169,1.3434609010576277,,0.3858281393558094,0.2857142857142857,0,1
0.66509283422234666,0.7172073441327107,0.20800275812640392,-0.7421308558686156,0.60384271368411158,0.29088789919542157,0.083025987701464257,-0.34783272222824768,0.93387316200514336,5.9176504431473926,-26.579005607867337,1.3825714894279459,,0.6158499662566066,0.1724137931034483,0,1
0.81326733822360542,0.5790332168890423,0.057591408368085038,-0.57916891272878868,0.79592882389720077,0.17624039780416831,0.056210382557358704,-0.17668571257672883,0.9826609546858005,-18.89520501608807,-22.493861263431427,1.8496052662178977,,0.2886652692911988,0.8333333333333334,0,1
0.99293302754018087,0.10346137270124102,0.058135593044747524,-0.11799628371491097,0.91303348382804173,0.39044427827578465,-0.012683842058297114,-0.3945448032449585,0.91878915882972645,16.990516576814734,4.6284009545731175,-2.6874253598023312,,0.3057282724624437,0.2553191489361702,0,1
-0.99933820447084321,0.021213116654460962,0.029549226162356588,-0.017954843705586414,-0.99415368124692061,0.10647103667525028,0.031635054488618149,0.10587002288182785,0.99387663297941664,6.0193850329174792,12.354318667777759,-3.0483662385632542,,0.1122992760288732,0.52,0,1
-0.8362717815240579,-0.54776794947860752,-0.02449042569208364,0.54594255894609556,-0.83597278154826771,0.05564378529396221,-0.050953211458813881,0.033162961786508634,0.99815028337799894,-13.338996928125596,6.8315382893580008,-1.8047562147265059,,0.151393965513709,0.2702702702702703,0,1
