axis_00,axis_01,axis_02,axis_10,axis_11,axis_12,axis_20,axis_21,axis_22,location_x,location_y,location_z,dbh,dbh_approximation,score,reconstructed,number_clusters
-0.95576174670033665,0.29261797921144889,0.029903206960622458,-0.29398501334487875,-0.95362304317576974,-0.064621230666057766,0.0096070532908449323,-0.070553594992689955,0.99746172596279348,20.707456493170859,11.190705729080554,-0.75150409253067896,,0.2334602956049269,0.5263157894736842,0,2
-0.99947575174560987,0.025380668569305903,-0.020100829224733927,-0.024637070706749295,-0.99903301485726981,-0.036414969067451515,-0.021005628282379587,-0.035900653032610252,0.99913457886928003,8.8717486839791384,7.3206827161773749,-1.2282787778872866,,0.08947377565167451,0.3548387096774194,0,5
-0.975923831055864,-0.21698106188247257,-0.022178700629184152,0.21605926643853629,-0.97564642760082443,0.037847611493852913,-0.029850784969343173,0.032144472216893483,0.99903736844154667,-9.2033146645580342,14.510136814723364,-3.1572736549455218,,0.07095833342618382,0.3,0,2
-0.9888491037199677,-0.14516541913812947,-0.033233283898344075,0.14461980434049554,-0.98931834861790047,0.018284345229388439,-0.035532552184350051,0.013274267377216559,0.99928035683729166,2.525627755233387,10.482319428752673,-1.8775391890481257,0.4211886020690959,0.6696465966585485,0.6944444444444444,1,5
-0.24576817308667162,0.96917507302768746,0.017253490064815358,-0.96758241035023784,-0.24635448464924878,0.055621462350668324,0.058157409488934254,-0.0030241883175350873,0.99830284483545217,-10.983622862817491,12.166531605638374,-3.0681159177968382,,0.1050250831293588,0.4705882352941176,0,4
-0.28767409089083629,0.93914267683840835,0.18776221656904191,-0.95564923141427316,-0.29439023993955737,0.0083025975235887783,0.063072687650358505,-0.17704637575821422,0.98217942195071539,-20.615153790853629,12.853604176202396,-3.8060063257026933,,0.1971072818050354,0.3684210526315789,0,1
-0.99242274937855923,-0.1201203153672037,-0.025849494230741107,0.11956791331162132,-0.99258326584111345,0.021953917156037107,-0.028294886856218678,0.018696796738292974,0.99942474912797763,4.8982626071539093,8.6804680626440049,-1.566526435923542,,0.1743012562193634,0.6727272727272727,0,1
0.39262975265535144,-0.88326392398190523,-0.25629420188893148,0.91623143794038098,0.35148746536173453,0.19229278151632495,-0.079761077346655135,-0.31032467237664224,0.94727861173723893,0.0093348620930625587,-30.139090541536994,1.4210834987328744,,0.3994935099160433,0.282051282051282,0,2
-0.81553526627758088,0.577696245936417,0.034194690940642126,-0.57750565027769407,-0.81622572939050997,0.016210569955047733,0.03727537196182943,-0.0065273357429190887,0.99928371373359559,18.372984315367464,7.1620304132791537,-0.58148320518636731,,0.1651487052828252,0.2941176470588235,0,7
0.97161165101530567,0.23619623815836474,-0.013495802723408584,-0.23169890100748339,0.96153957076123719,0.14750346820403928,0.047816512662850669,-0.14018912561298269,0.98896945866726893,9.1538111013572827,-28.300124758933695,1.6631155072570478,0.2022854513039504,0.1731738827366968,0.7727272727272727,1,5
-0.97334160681891257,-0.22934510939887701,-0.0026338621821371108,0.22931712834024306,-0.9728718910163916,-0.03056040444716283,0.004446468819396184,-0.030349702881688936,0.99952945151707817,-24.521110586061084,2.4404736852622579,-2.9390594885125543,,0.3350376634134819,0.7575757575757576,0,2
-0.90565004681485439,0.42397578646974227,0.0065211342276623408,-0.42400768141872125,-0.90564665439045888,-0.0046501063738741723,0.0039343108890822496,-0.0069763800592845494,0.99996792514514987,4.5263943178780632,12.048410974561204,-1.8820060968343848,,0.1209827201533733,0.2692307692307692,0,3
0.90733412196663543,-0.41198928651907291,-0.08372346689272897,0.42018304848003923,0.88213274401872155,0.21280983929325062,-0.013820162265821331,-0.22826881022930712,0.97350005310294707,-14.834735283803857,9.0359390255888012,-3.0183474173906943,0.8091690014456022,0.6717464021060943,0.5185185185185185,1,5
0.50602465575818345,-0.85859067059105632,-0.082225957816325551,0.86092956937301746,0.49700684916731463,0.10855629166459489,-0.052338555043126345,-0.12572291857405465,0.99068381605899858,-21.076994044660015,11.835463973293656,-3.7324513539660744,,0.08895413775106091,0.375,0,2
0.97358737859144273,0.22690191671272536,0.025360134848475373,-0.2261483378106601,0.94311680043627444,0.2436957735380712,0.03137746887365208,-0.24299428167538165,0.96952010475293782,-2.1565198531873309,10.721621574230078,-2.2194704127551899,,0.1999944103349474,0.2592592592592592,0,3
0.56902567453909614,0.82122381867598915,0.04244079823179777,-0.81978416047924241,0.56246519563879471,0.10764215680835855,0.06452683118416512,-0.096043445035242661,0.99328341611198367,-1.77433130472057,5.3259848919907498,-1.7006963233739583,0.2503434683012321,0.2034549928542435,0.8587896253602305,1,4
-0.7694108966503258,-0.63280339259070362,-0.086987001565960342,0.63578354794426806,-0.77181655223918377,-0.0088594499274108306,-0.061531717667710983,-0.062121461793117803,0.99617005160040129,11.424200763569377,8.0712613785098171,-1.1439196887078167,1.019526412066144,0.7534668768168989,0.4919354838709677,1,2
0.34645001773514078,0.92131846357655733,0.17647853661069338,-0.93513110970838886,0.3243222657515531,0.14263546400995611,0.074176767703083624,-0.21444662881637966,0.97391501196070096,13.267648237278834,-27.361892883567904,1.7770716253681833,,0.2753058696530314,0.1,0,1
-0.90005114880776915,-0.42504313313488273,-0.096157498431983776,0.43301822121092737,-0.89711640741351784,-0.087620612008743104,-0.049021930083780169,-0.12050098142481919,0.99150207455482209,-6.3626114514322554,-28.243395691632514,0.93675978419357175,,0.5968002872743512,0.5833333333333334,0,1
-0.12796145215193472,-0.98341049171495021,-0.1285677702541628,0.9866234383755591,-0.13942302245272015,0.084471365906659601,-0.10099533460094397,-0.11603889690576749,0.98809661308686569,-6.1232621516709074,12.609016375918417,-2.6431285429675579,0.6281451767712322,0.4225929724980805,0.1333333333333333,1,5
-0.55963163482448297,-0.80519364932190551,-0.19615203388022515,0.82834649896029833,-0.55077770668589221,-0.10240114978868847,-0.025583411889210705,-0.2197887733927768,0.97521196881837202,0.059963722564712975,-36.250070129269602,1.8982161388715291,,0.3024606959489239,0.2222222222222222,0,4
0.66053288761797757,0.75079103612526576,0.0030206702910440149,-0.74776566760251906,0.65749939489162146,0.092417812526111226,0.067400376334381062,-0.063303758111998745,0.99571573427303173,-5.1817151214689394,8.8640447661965123,-2.2256706838315288,,0.08928710921634206,0.4354838709677419,0,5
0.37529338550325214,0.92527737998898441,0.054923991827152484,-0.92479427550506865,0.36978277529480735,0.089533497018300379,0.062533373414230736,-0.084394722441581027,0.99446825390931726,16.906735675614691,-24.952033400508206,1.7121489194448076,0.2508668685861066,0.2019190014288332,0.2692307692307692,1,5
0.38077348015259516,0.92466577976664011,-0.0021800323470392742,-0.92153657109880527,0.37967665289236924,0.081338720028686709,0.076038838365266953,-0.028962647962505535,0.9966841325530682,-3.8218385325967756,-11.251134057973404,-0.24570716095661974,0.3714634367164372,0.3643139506147667,0.960093896713615,1,5
-0.69089043711597353,-0.7098285939479736,-0.1371633009064053,0.71811751745275665,-0.69572006875086201,-0.016757597225873413,-0.083532239459911325,-0.11007703280493032,0.99040669011253835,-18.403144852769991,3.6903468990402151,-2.6137763084484802,,0.326013677770829,0.6197183098591549,0,7
0.98802377852634438,0.15423579395997838,0.0045092048146106673,-0.1498712127233631,0.95229212462224588,0.2658539617520817,0.036710116634975608,-0.26334583582047372,0.96400276871628465,-9.8413386913351015,-32.255852218299879,1.0415087982462483,,0.4350526042486726,0.7368421052631579,0,4
0.70239494579231876,-0.71107145071563838,-0.031917582968682315,0.71078460089310735,0.6983203569568186,0.084462596413602528,-0.037770243031140759,-0.082012627301278368,0.99591532657375526,-3.0520820711044232,-16.076642368128713,0.20559044383954744,0.4295774378197323,0.398530133720317,0.9865470852017937,1,5
0.55466049504643922,-0.82269362249540867,-0.1246071375974151,0.83072418566394823,0.53897899758555667,0.13928017631608022,-0.047424282681014951,-0.18076737445416061,0.98238184721886035,14.50997047315135,-26.502771975209246,1.7396799737549693,,0.1433944460414152,0.1851851851851852,0,3
-0.99889857017386641,0.045714850526292337,0.010573502067110781,-0.046859014051213628,-0.98355083618385541,-0.17444765817913896,0.0024247281811774577,-0.17475098020725471,0.98460967678052502,24.788686718522207,-23.666386629461822,1.9534827245095443,,0.3387931325806239,0.2352941176470588,0,5
0.6480854291278294,-0.75463178006917331,-0.1025482962404944,0.76041574493036534,0.63380849044916299,0.14161459069089816,-0.041870889818518511,-0.169757691855728,0.98459593470703577,-15.098658458072677,-30.628836699131341,0.67886884451890561,,0.07500108248585088,0.2222222222222222,0,1
0.84795730095189925,-0.517618464453525,-0.11419080969650872,0.52929252592255982,0.81521829276129698,0.2350926565205127,-0.028597862942629788,-0.25978887659815347,0.9652418877312483,-14.653646764099884,10.663427743215792,-3.2085034998734603,,0.1621224155342528,0.1428571428571428,0,2
-0.5704913787905207,-0.81811810791149386,-0.072265816490293872,0.82009371456173374,-0.57221577105495414,0.0039256454657332282,-0.044563281544666308,-0.057025194986972776,0.99737768226217582,-12.897196804934625,12.265393899637772,-3.2842084843845818,0.2507060725009728,0.153812033355259,0.4583333333333333,1,5
0.58763326401346871,-0.80561565735568919,-0.075303118449619677,0.80779128536527178,0.57877049869447883,0.1117942267242185,-0.046479956032666456,-0.12652320919224588,0.99087410462828041,-8.2541006106861072,5.2429867625898989,-2.1014273826998631,0.1516166568718492,0.08555393987703638,0.2242990654205607,1,1
0.82857513134399507,0.54120497965054193,0.14338905718268061,-0.55701687769420893,0.77098981156655055,0.30871816989670331,0.056528308678717595,-0.33566632309785183,0.94028329234113939,-4.6416954683477556,7.7387126705010454,-2.0836536790022993,,0.1194037356514405,0.3157894736842105,0,1
0.96596012749675397,0.25868597636779156,0.00161174349612362,-0.25585423288429376,0.95442887337113902,0.15363637977604072,0.038205282378809401,-0.14881898839241101,0.98812613824967455,-3.6361657785791297,9.4185005771431438,-2.1739231094396985,,0.1230737154652383,0.2068965517241379,0,5
-0.93977986839458472,-0.33130201894791189,-0.083980778760929908,0.33879398984915743,-0.93541945102061586,-0.10104000739497197,-0.045082495520366771,-0.12340754795928961,0.99133150141833459,12.554579945186202,5.0223154968547794,-0.75093810489552715,,0.09253616290089073,0.35,0,5
0.97984939244890923,0.19749009640340823,0.029880260040326914,-0.19973772101874299,0.96874473410642359,0.14710024793763773,0.00010449757837206499,-0.15010430361468047,0.98867016093164739,8.4091485262755281,12.984093606241187,-1.7566236914321287,0.3048060575082503,0.2417083916735441,0.5,1,5
0.82442700750764308,-0.54585846492218126,-0.14952807617565539,0.56544467495383632,0.78303601058497685,0.25908864447041052,-0.024339861510355474,-0.29814953026956809,0.95420879724601837,-10.070956023533366,-30.957341596478162,0.94606891855816788,,0.2202413324080824,0.1875,0,1
0.9958260139342956,-0.044802468892519993,-0.079519109356605069,0.062634365048184829,0.96916141576602366,0.23833398101279593,0.066388901834144379,-0.24231980722081273,0.96792232371287168,-21.805977207690056,3.3616488579957928,-2.8840458910468425,,0.5220840869445695,0.5555555555555556,0,2
-0.72929178954442353,-0.67058233938937539,-0.13584112706454016,0.68063755648740509,-0.73129091069549579,-0.044114857281945169,-0.069756737322974924,-0.12463117600835037,0.98974798184428192,-18.682589600870532,4.4636842151603888,-2.6920360762138844,0.3649140081967864,0.2013451733038647,0.3454545454545455,1,3
0.16550613102501069,-0.97865686109077532,-0.1218132539302797,0.98254609257701508,0.15299346029664274,0.10581198924554311,-0.084916998032026986,-0.13719966962937796,0.98689683052425403,5.2113104584197503,10.626357224351958,-1.7198662451641453,,0.254799461697051,0.6923076923076923,0,2
0.74376569423176664,0.66443861385138692,0.073033694327934259,-0.66443696734423052,0.72294485047698154,0.18940501470451424,0.073048672201078968,-0.18939923862587912,0.97917915618011253,5.9233360619309146,-34.067389334406812,1.9607973360365789,0.2574443771145332,0.2161891258753457,0.5833333333333334,1,5
-0.95179522171450648,-0.30459502856530429,-0.036162473570485291,0.30597490837444519,-0.95110795153235705,-0.042107243761312918,-0.021568759043683931,-0.051142282948908144,0.99845843955974978,18.620357727539169,-29.107176671046947,2.0894029682406661,,0.2427177176149166,0.35,0,4
0.98663329205117978,0.16285462270869219,-0.0057549004041433588,-0.15776446090860011,0.96344654393990892,0.21652051137124215,0.040805905093147056,-0.2127184261709712,0.97626110712087411,-12.826860021786747,7.8454445241215707,-2.7033095657066069,0.2084559871758148,0.1685810446386112,0.2941176470588235,1,6
0.96571238617457544,-0.25046919400804879,-0.068299121824267631,0.25920338713552704,0.94501569098681137,0.19939645906131218,0.014601071415406949,-0.21026299399009302,0.97753582137528061,-20.079699619806672,-0.0097350322957577562,-2.3145107886962086,,0.4686970409248404,0.382716049382716,0,6
0.261188559205833,-0.92238899392214091,-0.28456823510589124,0.96315461438173189,0.22944139338623395,0.1403204753275894,-0.064138329687934703,-0.31073331152659556,0.94833068271176235,-11.527206654208078,16.869033300282577,-3.7424052905381644,,0.3620378779735294,0.45,0,1
-0.27407818677094814,0.95228413902264886,0.13429842181590074,-0.9596003223309244,-0.28003701927267294,0.027321954894593384,0.063626794031562475,-0.12138445700652502,0.99056420522775612,-19.813037479106004,9.53186155373721,-3.4938314541470867,,0.1850166197821256,0.1875,0,1
0.73929616359730943,-0.6669085262238077,-0.093135386080105242,0.67310895048501362,0.72796867091656425,0.13033017663202573,-0.019118662800117509,-0.15904286156241249,0.98708654378366223,-0.73640160103691421,10.813130353951324,-2.1486450056894841,,0.1577541122890837,0.4,0,2
0.8611864192268166,-0.5062210045981641,-0.04580661352816174,0.50802255069450342,0.85431331021788026,0.10982648118927416,-0.016463272006000767,-0.11785186671492648,0.99289470649543854,-15.155638023365645,12.330105719178469,-3.4419802882182142,,0.141260509992663,0.6,0,2
0.9776433301292079,-0.20444662509633807,-0.049143631739936591,0.2101678164851542,0.95739412389945255,0.19805549837523323,0.0065580460303042432,-0.20395604675889592,0.97895808031945253,7.534367577191996,-28.079444476573126,1.5765027551699422,,0.1607928399755287,0.1875,0,6
-0.2353892190612959,-0.94468985658779325,-0.22837029231020223,0.96815801749048769,-0.24852021469809268,0.030128990280156417,-0.085217185582493679,-0.21400648996361724,0.97310803795614109,0.45832502463705022,10.749117449531319,-2.0531657036808921,0.3177147158418566,0.2820106738698178,0.2444444444444444,1,5
-0.99540648386518749,0.095636150083377849,0.0044338105928175258,-0.095446463161543996,-0.98768470691913057,-0.1239713369615017,-0.0074769344717852864,-0.12382506416432747,0.99227589355763568,21.834918598767636,6.0571617880073463,-0.32143752765544725,,0.15779720893812,0.2727272727272727,0,4
0.41170149759256375,0.89927245208272444,0.14768525249721251,-0.90968931907279893,0.39584641254567965,0.12558248460507362,0.054472191482521089,-0.18605019376458745,0.98102910545775956,-21.349036933075723,9.8370953841792605,-3.6127213193830041,,0.2088080158829131,0.3478260869565217,0,3
-0.9720215147529484,0.23461720640558703,-0.011355232970820689,-0.23489167849944201,-0.97082832443025335,0.048148352574735924,0.00027245017553877989,0.049468484334822115,0.99877564789522044,5.8022781082494683,6.3248514126131594,-1.3300236976489885,,0.1566289685452642,0.7792207792207793,0,4
-0.52463101145570512,-0.84733112310150294,-0.082415227006352981,0.84823966976390686,-0.5285122846457343,0.034120779846945296,-0.072469058623535768,-0.052007045696625932,0.99601380650075677,2.1141633284886447,11.8743135417711,-2.0286585478957937,,0.0916175470925689,0.4615384615384616,0,5
-0.44706011672043472,0.87985426086796925,0.16122571652931095,-0.89293084400609402,-0.44964972681831478,-0.022127607073028077,0.053026030027475773,-0.15385578573681688,0.9866694671139018,-24.850565235246567,-0.41526034805032208,-2.6688452963115874,,0.2387109626452962,0.2,0,4
-0.89271689743078386,0.45060372661505366,0.0035808661212095249,-0.45031838089422122,-0.89238495947827767,0.029367327521526838,0.016428538290397546,0.024604179676949136,0.99956227293353872,0.99027622225901579,8.2919515808218733,-1.7699826274843298,0.2748812379264498,0.2673027361376998,0.5289256198347108,1,5
0.80532698072884534,0.59283023409245172,0.00087615983147226978,-0.5897765836705795,0.80102718644333526,0.10256231243753025,0.06010021184672535,-0.083112935964039888,0.99472619569980947,-11.426051360069597,11.277371370867604,-3.0095220397141733,,0.08913258625803133,0.2962962962962963,0,5
0.90993077925459032,-0.40855754384025672,-0.071461250593242667,0.41453658206761734,0.89018366238674707,0.18903033975374134,-0.013616133549247971,-0.20162782692608225,0.97936756139675896,-3.0015571943584791,-30.069542007122379,1.2303187359711472,0.4394819475018231,0.4826322486514759,0.3684210526315789,1,5
-0.99788898238854629,0.058159213939112858,-0.028897831433072424,-0.056598344251941893,-0.9970327385892287,-0.052176101897322379,-0.03184660508576144,-0.050430387815736485,0.99821970013082018,3.0276174316170397,-26.843174050643775,1.2934737182292479,0.2411517303929691,0.2352026976011932,0.765625,1,5
0.46710763313499198,-0.8827509452755119,-0.050608573208648686,0.88210133656314416,0.46129314756896839,0.095424651109803749,-0.060890812940373094,-0.089215472991535608,0.99414933902223979,-4.5453036638829563,-32.833077288880098,1.3778726538366586,,0.1991831883735505,0.6111111111111112,0,3
-0.68794617894182986,-0.71272450175079549,-0.13694465846982026,0.72315297372237752,-0.68914417175120546,-0.046152867059662234,-0.061480334057467549,-0.13078262554875078,0.98950294258216198,-10.442885902756659,9.2554517239672141,-2.6169478624044453,0.8248439045981993,0.5352969196262675,0.5238095238095238,1,2
-0.99816203633249967,-0.052839984627516122,-0.029672971693456479,0.055804486227070835,-0.99235722667927317,-0.11005904767147918,-0.023630669509971024,-0.11151264808076319,0.99348201834584082,-20.636043702956073,2.5293267696135033,-2.6635614250122557,,0.1154306468966854,0.375,0,2
-0.76216737043661986,0.64633190822671149,0.036823414422679168,-0.64693591013247076,-0.76251795412128109,-0.0063480566920792614,0.023975563034018481,-0.028660670800105748,0.99930162529963307,-16.36272460874601,6.5420413251466396,-2.7987671671019365,0.4844169061317097,0.3138016944461768,0.32,1,3
0.74751914448470824,0.64373652081431798,0.16376330602038583,-0.66130035752515337,0.69806819706391254,0.27455897250871653,0.062425681942238694,-0.3135348210610987,0.94752253282770593,3.7648568475548285,-26.488853637461979,1.2831228004367592,,0.2475624305214541,0.2272727272727273,0,1
0.67660696801040277,0.72601259661895456,0.12291753491822358,-0.73473056862651887,0.65460565247655589,0.17793940336950306,0.048723735135166868,-0.21070631052805594,0.97633439370849417,-10.355042969557264,14.755626632206408,-3.3292833133638857,0.5534201932028299,0.2978409352245081,0.375,1,4
0.95943995953782402,0.28046665800186726,0.028520480208466977,-0.2776562876642843,0.92259037864871363,0.26783199798625729,0.048805224746395794,-0.26488761196795507,0.96304340663511501,-14.048471826401631,7.0717842861191658,-2.7288365788411673,,0.1806470738241015,0.2,0,3
-0.88647674795616838,0.46234640581712544,0.019868979869162244,-0.46194616096404689,-0.88664225111842809,0.021708590516757487,0.027653565839399315,0.010065761751175895,0.99956688657474724,10.75844963733601,12.908230901567363,-1.5788553767694469,,0.5472904407685214,0.1875,0,2
0.5306975272934934,-0.82643529073138711,-0.18805543001546018,0.84613075897898071,0.50371043638099278,0.17417960555278544,-0.04922269023759189,-0.25155616970091921,0.96659020285288266,-7.3850555365991921,-29.190517043583277,0.97146568598198424,,0.2605007271487899,0.5483870967741935,0,4
0.78673138656506791,0.61711972132398607,0.014730069463895707,-0.61449131254043088,0.78066261181080432,0.1138697208790433,0.058772035916275937,-0.098636383113628004,0.99338648658038298,-2.7008726323542978,13.64275572801791,-2.5475952452215735,,0.07914264453872694,0.3888888888888889,0,4
0.29666822752481209,0.94289766927617946,0.15143298204431574,-0.9511601819105725,0.27757297007692677,0.13508350983935508,0.085336223991527141,-0.18411200818040396,0.97919379967330578,-1.5863303293779665,8.8165129262902351,-2.0042314821978593,,0.3344790313793679,0.1363636363636364,0,2
-0.91898885753250803,-0.38214166415547646,-0.097093914575419438,0.39154227865238528,-0.91348389968904464,-0.11064270891745703,-0.04641253881004212,-0.13969578921849546,0.98910614330102531,1.218302817787849,5.7537297709863324,-1.5353392563905506,,0.2991295015426791,0.453125,0,1
-0.99982551356715255,0.011215976883033527,-0.014938014685295632,-0.010709853643561655,-0.99937995436605165,-0.033541106812996227,-0.015304948713156087,-0.033375270393909702,0.99932569759364254,8.9858606342088887,11.948711468756123,-1.6218503161555244,0.6955392587803514,0.2602161083658125,0.375,1,5
0.97568981533099453,0.21864910589624167,0.014898078740062959,-0.2163478877851103,0.95011201138975354,0.22467923193708639,0.034971069618934106,-0.22244040618487432,0.97431888516338294,-17.519473559920634,8.6849334517944534,-3.184582127567563,,0.08488171136469565,0.2608695652173913,0,2
-0.99578741329754583,0.091129641681798476,-0.010139818791754745,-0.09120359261902683,-0.99580705730938324,0.0070858525393048648,-0.0094515719097507788,0.0079807906734361955,0.9999234844570164,-20.180191083447557,8.2979518124036424,-3.3406387807858686,0.2025829082433556,0.1288332953129852,0.25,1,2
-0.30606159519887444,0.94175028571112607,0.13940121702242203,-0.94997110861230105,-0.31169588099745915,0.020014259195208911,0.062299219467306391,-0.12630153258068494,0.99003370150795089,-16.178524001002206,10.94771801306266,-3.3335908486697607,,0.274375718851347,0.1818181818181818,0,1
-0.89921389965942844,-0.43277849301037369,-0.064164933156301132,0.43442240262218168,-0.90060583131987459,-0.013649640750137412,-0.05188004201283735,-0.040148631113733367,0.99784595437393997,8.4513818179353581,4.5651730066217491,-1.055211420144385,,0.2375240200034572,0.4878048780487805,0,5
0.99920467550918479,0.034502845033993854,-0.019989250239678905,-0.027442900673780617,0.95871954959819261,0.28302599248275229,0.028929286945815258,-0.28225233197052274,0.95890391460980506,-6.628500351724016,10.994974645248147,-2.5307456914834496,,0.1040678689085672,0.2272727272727273,0,4
-0.45309352875721998,0.88835073379008556,0.074425989902361628,-0.88964753965192211,-0.45591764129825546,0.025813940890842754,0.056863955099966577,-0.054516769233432655,0.99689237758282467,-20.971392110416772,4.3724962879666061,-2.9588938755550949,,0.1057329220376823,0.25,0,3
0.76146005656147864,-0.63955077317210918,-0.10560961507527183,0.63769393293886201,0.70986478693701627,0.29906258903418564,-0.11629716313975805,-0.29507082675490276,0.94837132867027496,-4.849936831476426,13.523298927296356,-2.7022553976180781,,0.3292530065760965,0.3333333333333333,0,2
-0.4752174210968117,-0.85647781805148748,-0.20152952605476954,0.87891823707042172,-0.47272626442562293,-0.0635028461347934,-0.040879520925750194,-0.20730563453017972,0.97742173019680822,-3.6526012060752624,12.177148570678996,-2.4546310814130483,0.7734616850579731,0.5495461251019669,0.1666666666666667,1,4
0.16763734657967264,0.97859750500605258,0.1193509247038141,-0.98464423222258346,0.16021833000545913,0.069324041147789617,0.048718127863511415,-0.12913949793223795,0.99042896468716224,-12.8927892498972,10.5741574631066,-3.0588285669084705,,0.2129508267220272,0.3125,0,4
0.9520822753597612,0.30569293801118796,0.0095482247495644098,-0.30331461207651467,0.93974897677152669,0.15770893049457244,0.039237571875100366,-0.15304799347576045,0.98743947897903617,-11.570087538103889,10.152592526896479,-2.8819721440971824,,0.08724478191984712,0.3928571428571428,0,4
0.960515681841838,-0.2607831056957195,-0.096962862579464043,0.27822416826179774,0.89908027222955256,0.33800292348242228,-0.00096805523587751175,-0.351634520306708,0.93613686339003432,-15.554863247933332,4.6645948366487113,-2.5816767213085501,0.8451565088866878,0.727512898312808,0.6392405063291139,1,1
-0.96050963066920336,-0.2612274497829859,-0.095819981588324485,0.27560264962572067,-0.94055178695645281,-0.19850822545250799,-0.038267857413128374,-0.21707730312701762,0.97540402682996352,4.7320953190124788,-26.776740780298638,1.3491350053946263,,0.5287196047179291,0.1304347826086956,0,3
0.48579514753225966,0.86045942613729542,0.15366408365517648,-0.8716926650566571,0.46396227324178074,0.15776852250921383,0.064459074772536346,-0.21059103727318013,0.97544679132163503,15.789418526338885,-26.825990052725057,1.8259773440405647,0.2478207232838059,0.1786195283044132,0.375,1,5
-0.0098414153664931354,0.99947767849727975,0.030781759684485724,-0.99767859640662193,-0.01188878175804437,0.06705277876734872,0.06738371328219879,-0.030050408549616603,0.99727448986239731,-9.5563903351727486,-34.200471574808404,1.2533606114084521,,0.2133460269755388,0.7837837837837838,0,3
-0.51138871015334675,0.85922201411411891,0.014802621030487491,-0.85779943578030249,-0.51142468116972251,0.051234006923540562,0.05159181236097457,0.013502812748595243,0.99857696696107778,-22.004570373794611,13.86127902661676,-4.0000847362272056,,0.1158060451926207,0.3333333333333333,0,1
-0.99765684810629784,0.067903924097063348,-0.0083588587037298819,-0.067383293826910232,-0.99638234137344095,-0.051785340707741156,-0.011845047051191158,-0.051100752356504783,0.99862325627283255,3.7685872356297638,12.959185775496119,-2.029984950099486,,0.2058939990121328,0.1904761904761905,0,4
0.86769192015586227,-0.48993726146195515,-0.084096441823614407,0.49657892258817266,0.8465235889310545,0.19185199249540291,-0.022805818060359508,-0.20822894422833357,0.97781419576939632,-4.5403388306445889,9.7481336173671753,-2.2653029195056296,,0.1422429577536498,0.1724137931034483,0,5
-0.54746144643262873,-0.80862951439642616,-0.2154165107806123,0.83234748865199026,-0.55278852686768409,-0.040280301614812102,-0.086507934922864141,-0.20135330394720466,0.97569115204808832,13.861680812745501,-28.479728651136391,1.8821875161973007,,0.5511163262866857,0.8787878787878788,0,5
0.90785015973622252,0.41656419278691265,0.047774059432945812,-0.41455401219438986,0.87465508466181274,0.2512438135532295,0.062873352387544948,-0.2478966642837781,0.96674411578065844,20.606208683540636,-26.799774160092745,1.9897356065768217,,0.3430391734737078,0.75,0,5
-0.88581804469978831,0.45847564403199054,0.071599410009424436,-0.46308548361974244,-0.88327721187453656,-0.073302127143870563,0.0296348872937853,-0.098088994350021094,0.9947363080950089,-6.6788560100932504,14.670960874953003,-2.9536110949075267,,0.1955938203358274,0.2666666666666667,0,3
-0.59436940502036717,0.79638375383268822,0.11179412778447774,-0.80306530089824357,-0.59513011045120645,-0.030104387181097515,0.042557406746057347,-0.10767111156522997,0.99327528856070912,-25.76728102273017,1.6913623576009689,-2.9478858089203177,0.2743329395809087,0.2190338573501306,0.4571428571428571,1,4
0.99223073523958116,0.12326793000277378,-0.016828115721876282,-0.1201767645673415,0.98463967837034472,0.12665800028765389,0.032182499965717072,-0.1236516122481742,0.99180369301812032,-7.9365480104421282,12.05297985538448,-2.7156689074904308,,0.0854117295924627,0.5161290322580645,0,5
-0.99354289648839333,-0.10394482780509205,-0.045475109785725117,0.1094153550039907,-0.98384649969306781,-0.14168396215185716,-0.030013212537225664,-0.14574476942335865,0.98886686124014067,9.852673133060966,5.0045373251974938,-1.0029075701756482,,0.5985911035092855,0.2916666666666667,0,2
-0.95597489027427729,0.29344708907056183,0.00090281841857898528,-0.293436642782542,-0.9559041794875005,-0.011922093391629439,-0.0026354957017631084,-0.011662141927692661,0.9999285217494619,16.695141507901408,10.756342776178913,-0.94731814525593983,,0.09704188080770093,0.1818181818181818,0,4
0.82072662440389532,0.56576297066681125,0.079498861733066695,-0.56774721686431562,0.79211821546292827,0.22407996446503278,0.063803649875319626,-0.22904365032476071,0.97132286110669575,-10.509282173075002,6.5151491987030354,-2.3515249118475898,,0.135328887525961,0.1846153846153846,0,2
-0.71313339973554457,-0.69254875358198498,-0.10870592483237695,0.6980650009265682,-0.71577217454140796,-0.019376496939688917,-0.0643895073984386,-0.089701828656402471,0.99388509057772034,-5.2116452670810407,-38.97641078430447,1.8751233382207038,,0.1119676101886621,0.2307692307692308,0,1
0.91281031144715219,0.4083099131832818,-0.0077685334532108822,-0.40563486663871889,0.90870532344792188,0.098564649364748597,0.047304231129377122,-0.086819640253043923,0.99510032649155045,23.093645271042163,-23.938546427700746,1.8855424519299437,,0.1504765356221847,0.391304347826087,0,1
0.85321016481376732,0.51194508157398577,0.099722856510778154,-0.51893156383157812,0.81404010449777264,0.26086153478151569,0.052368375168387896,-0.27431905096339954,0.96021175350063437,-12.799375502788749,8.8369859348841455,-2.7989413646035115,,0.1272548909165224,0.16,0,3
-0.64738322660658476,0.7618824888831851,0.02073718981951999,-0.76122625514551689,-0.64769651991106758,0.031996977548266872,0.037809342570051273,0.0049286132183005201,0.99927281679537594,7.0105322964723227,-28.739424734195275,1.6189672940632802,,0.2279444147639098,0.5357142857142857,0,2
0.52109231242783249,-0.82587395363633975,-0.2153950199835063,0.84924683969261616,0.47654881301008867,0.22733463020573683,-0.085103508745042911,-0.30138586815535429,0.9496967680662739,1.5458727877736254,22.599132159845606,-3.2221184449240878,,0.2814030882158909,0.1578947368421053,0,3
0.99977739641396601,-0.0012531627207471245,-0.021061509986383248,0.0087326098920352743,0.93329649563747197,0.35900054701251854,0.019206747360881224,-0.35910455415381376,0.93309968387188202,-11.806163554269972,-1.5707339273028138,-1.6514887414001111,,0.2877670111795416,0.340625,1,1
0.97231934600235093,-0.22341528586034434,-0.068415637346304625,0.23364759057544457,0.9321440228372595,0.27661584211150958,0.0019730199821166904,-0.28494408351940009,0.95854210990411859,-15.053636177793798,7.6459396116067051,-2.8469531306531275,,0.08974156844363101,0.3529411764705883,0,3
0.55278444760463397,-0.83119718596397174,-0.059502878350659254,0.83188796934822551,0.54623257280250592,0.097940710959435379,-0.048905633010158302,-0.10363983044722108,0.99341181017981983,-23.473465976875829,10.584025203537971,-3.7656271695711325,,0.1705279393964415,0.1818181818181818,0,1
0.019439688220019308,0.96398637417885025,0.26524020984651459,-0.99720386015510509,-0.00045177864705451718,0.074727887617756228,0.072156495297834342,-0.26595124796392416,0.96128215103202963,-7.0662809427984064,-32.109531746425546,1.1807115404213027,,0.3435171672578122,0.4166666666666667,0,1
0.88227669723966184,0.4706382064750031,-0.0093545771612235946,-0.4679403380204894,0.87903347704312884,0.091279714563181333,0.05118270763786454,-0.076156581090921022,0.99578135431197845,-22.707529317180541,11.32178146340258,-3.8139528763415163,,0.2395175523028693,0.6153846153846154,0,1
0.00063797437722892477,-0.94873826610965761,-0.31606217016266663,0.99742073315982904,-0.022081272925949989,0.06829566932740927,-0.07177376994141467,-0.31529053237484012,0.94627712967353661,5.3598183347346966,9.8071135583510483,-1.6540842124074331,,0.3270527732358721,0.3076923076923077,0,1
0.99682679360944126,0.079599954339828305,-0.00043681966233180959,-0.076204138860339998,0.95585840543628131,0.28377392053774692,0.023005928863538458,-0.28284015985341748,0.9588911154094707,2.7232869660460102,14.717027793319261,-2.2825339618444436,0.4541160310967305,0.5189435737389979,0.2307692307692308,1,4
0.94634465940500223,-0.3173523851707829,-0.060985647836550375,0.32286655169368333,0.9204712095867964,0.22020431902950469,-0.013746832837377427,-0.22807940711127969,0.9735454836003844,-0.12222376622390473,14.013245065999032,-2.386174753315367,,0.1431202474300524,0.3529411764705883,0,4
-0.92378209299629832,-0.37889746751565645,-0.055347572391229248,0.38151802851201189,-0.92308904389760094,-0.048483099700020835,-0.032720613987026075,-0.065903916017461012,0.99728934380844436,0.036122194376223757,19.061587303645627,-2.9369307062395476,,0.2081745236907062,0.3333333333333333,0,3
0.97453325767240417,0.22379416421712409,0.014181034968293817,-0.21873669556389155,0.93477257589138107,0.27991871922967732,0.049388133232615684,-0.27589201406302488,0.95991895953358808,2.0111234636814714,-32.955382487922527,1.7095238014023584,,0.2524943607938123,0.3157894736842105,0,2
0.97165839642573026,0.23615696903301453,0.010480774423615899,-0.23241232004317558,0.94627272414547803,0.22483870892363023,0.043179557055711436,-0.22090228046680785,0.97433962679192965,-0.11069207854636091,-31.586760958570295,1.5133844033497907,,0.3010946758130012,0.3461538461538461,0,3
-0.057351552235300446,-0.98325807035874857,-0.17295770156483783,0.99564378880256843,-0.069087705610736738,0.062612576630499531,-0.073513572046715436,-0.16861333282938826,0.98293707769983851,22.760710016402921,9.386993998261838,-0.50440955076101435,,0.08092158469885433,0.5,0,4
0.91548137884871539,0.40182421875729024,0.020763964008530967,-0.39978520156589131,0.90258102344037006,0.15974757817961699,0.045449285914894888,-0.15454705867607627,0.98693949615181542,-11.721903248732579,8.3724594334573226,-2.6395135309386086,,0.07554309036818968,0.2142857142857143,0,3
0.94486023214430359,-0.30748257022062697,-0.1126659252956704,0.32743720535412013,0.88193111325746176,0.33909053071169271,-0.0049008429985150925,-0.35728417328363554,0.93398286989587387,-4.6380122759854059,17.034781199911524,-3.0771511139825325,,0.4341920520344285,0.1904761904761905,0,2
0.89926635503721708,0.42900991277910328,0.085267329237785836,-0.43394174583860362,0.85056742050725564,0.29703471916625945,0.054905226678556004,-0.30411438293658533,0.95105197448639855,-9.8952096318666651,12.548238963907021,-2.9627618008482823,,0.2966493540155008,0.4,0,2
0.97819371299229996,-0.20732915927816561,0.012315826214619255,0.20154253284331747,0.96187402753572537,0.18487553274380061,-0.050176362138361033,-0.17836192100673523,0.98268477031922541,-0.11630059702819971,11.632760320487385,-2.148489753855904,,0.2089552411042973,0.5625,0,3
-0.97370367348448328,-0.2222967486753071,-0.049852901331925083,0.22503312668030828,-0.97260184253568294,-0.058358785051426845,-0.035514055517606669,-0.068042717645473635,0.99705011932004262,-6.664238368040488,-30.743225598907507,1.1057218450468638,,0.5252826212923837,0.1578947368421053,0,1
-0.6183646412669882,-0.7622232417873136,-0.19141812900033167,0.78246643093444646,-0.61984272005795915,-0.059508712402971259,-0.073290210065589237,-0.18657634381236265,0.97970292080719701,-27.405166499546024,-0.95841586728928152,-2.7696916368290663,,0.3049913905325279,0.2727272727272727,0,3
-0.67776755882693129,0.71353270440300343,0.17748863611262183,-0.73404045228760029,-0.67060858758082653,-0.10709218770883432,0.042611625258813977,-0.20286744936087039,0.97827861439500829,-17.715863776909348,10.221840970584246,-3.4089465822286229,,0.5603981739075664,0.2903225806451613,0,2
0.14247981449409111,-0.98361975504484278,-0.11041594063926004,0.98744245287657439,0.13356250467716924,0.08437096420839986,-0.068241517559498296,-0.12105054659060559,0.99029786450910429,-8.3458605313326828,-29.07889497812576,0.90683954142813916,,0.2545678575318929,0.2222222222222222,0,1
-0.14249261429278692,0.98895959683373191,0.040678872925259166,-0.985854464181389,-0.14546931402195448,0.083244544155204991,0.088243018565963047,-0.028241715748947675,0.99569853628792815,-5.8010068651874631,3.6318869149223949,-1.8014828437538546,0.2986656030236811,0.2358356037144545,0.7880258899676376,1,3
-0.5181045469177743,0.85510999098806884,0.018830341885181196,-0.85459169574636995,-0.51844619820060667,0.029775377960340188,0.035223742340522689,-0.00066549509569335623,0.99937922986812477,-13.666007476790508,3.8321873151569812,-2.3515559328685449,,0.3649292769356884,0.744,0,3
0.97635929218614503,-0.20752228304913908,-0.06047342060643443,0.21598607460847799,0.9476666272862373,0.2351126944746891,0.0085175194153395816,-0.24261588069621612,0.97008504075519519,4.3073368929775766,15.723211848824858,-2.2834146296588207,,0.3408790057693663,0.2857142857142857,0,3
0.94873649760142331,0.31606576720409446,-0.0012202133713040981,-0.31407400637806893,0.94317674719411815,0.10851332669285847,0.035448224731476255,-0.10256731620750004,0.99409424553679893,-2.1736359837126855,16.313039984025981,-2.7965270998058771,,0.09096707131212042,0.4545454545454545,0,2
-0.010924799536575854,-0.99638337612537187,-0.084266342842743411,0.9973449640512394,-0.016925392291724121,0.070827634277890808,-0.071997718274380326,-0.083268834967089506,0.99392284896087701,6.1447073136416392,-31.515920167567561,1.7790722656330473,,0.1258587435875801,0.1666666666666667,0,1
0.99797361933316642,-0.059488988407084685,-0.022576876962087371,0.061750678873405421,0.99107304583395972,0.1181569781268561,0.015346295114229802,-0.11931168458997868,0.99273823999409216,9.1000892638813564,22.188712063950586,-2.5175311529300326,,0.2228688646793845,0.4347826086956522,0,3
-0.1391103156612753,-0.95346181108608263,-0.26750494364977034,0.98752057740590493,-0.1537065329395424,0.034313422032963288,-0.073833794948704151,-0.2593932854415314,0.96294532253462883,-22.110540770500474,0.59836987873430048,-2.5795414475812657,,0.4192606520545563,0.2727272727272727,0,1
0.79454967224240125,-0.60421683638298895,-0.060106846289129282,0.6065582202093931,0.78526546539554032,0.12427901815486932,-0.027891644553627883,-0.13520415484909271,0.99042510705031928,0.13505225950810704,16.234990258954088,-2.6075110407529736,,0.07242821017821865,0.1818181818181818,0,1
-0.42044219167373431,0.88441309881592167,0.20258784293092272,-0.90553767972622023,-0.4230086857230273,-0.032636825809640488,0.056831980931853092,-0.197172823801087,0.97872008434366242,20.082207650372165,8.6012292200207341,-0.57744980149421454,,0.2799746789552398,0.1875,0,1
-0.21792106970471595,-0.96963727650443521,-0.11096828101675846,0.97312936371114345,-0.2245416819469982,0.050992887264388762,-0.074361608790409706,-0.096874068157969881,0.99251486943855294,-6.7811546413246075,18.399492802874331,-3.4606899605891299,,0.1228393124635922,0.4444444444444444,0,1
-0.97529477229100658,-0.20860060593179189,-0.07270415632357316,0.21810958811962156,-0.9615111027316503,-0.16710657346153149,-0.035047321040592175,-0.17883564110281391,0.98325454423522651,-8.9250733344616986,19.549510057731396,-3.8039569253018453,,0.4936031425635212,0.4347826086956522,0,1
0.38298001363768108,-0.90870131647709218,-0.16609703966922315,0.92178797320934347,0.36420276345336761,0.13290327136507668,-0.06027637680460278,-0.2040055502326549,0.97711232408233373,10.463326384774454,-27.006751953556279,1.6456041442377882,,0.1755630393804668,0.1538461538461539,0,4
0.99202820810019943,0.12447041569227103,-0.019676126420108794,-0.11796652459582332,0.97218068747942399,0.20235762888217634,0.044316288295500272,-0.19842335172410233,0.97911400770404822,25.345246788789609,-25.554558071843516,2.0973286361786152,,0.2932978596231836,0.4444444444444444,0,3
-0.71404645565718117,0.670445352226264,0.20159535917678964,-0.6991641858186769,-0.6977605197155915,-0.15588360527885781,0.036153843943964342,-0.25225639100809527,0.96698480482562255,19.921434864945823,4.3664827590325341,-0.26917477981668958,,0.530756017842733,0.44,0,1
0.3606855166772589,0.92823429001394953,0.091033295565725134,-0.92952244258871863,0.34971124488384009,0.11700458933604016,0.07677230479254471,-0.12681935200943384,0.98895038559714754,28.746976630914265,5.5398610902134102,0.068998506923197964,,0.4466710315181887,0.4444444444444444,0,2
