axis_00,axis_01,axis_02,axis_10,axis_11,axis_12,axis_20,axis_21,axis_22,location_x,location_y,location_z,dbh,dbh_approximation,score,reconstructed,number_clusters
0.7374820965694413,-0.67390119457750464,-0.044467259714923588,0.66907569897856478,0.72006129349365422,0.18398218024741178,-0.091966658501258486,-0.16543552689570187,0.98192322518863695,-14.546145248660229,-21.443969904783913,0.92857330762854884,,0.4429649163288771,0.34375,0,2
-0.83164313423683678,0.54292457388327431,0.11663020342258874,-0.54400050313111725,-0.83870617850879126,0.025207116540164783,0.11150403521765744,-0.042483563937637019,0.99285547635360016,7.9860861958081468,-3.0674650932623448,-1.5587872750966172,0.2919995710835968,0.3102915945289688,0.8725490196078431,1,6
-0.32523150492193464,0.93435364733051307,0.14562874004255302,-0.94285434070573482,-0.33220709714039198,0.025770852176611618,0.07245799071578185,-0.12892519664410804,0.98900360628852613,-5.3283205014881609,-2.2157193522580672,-0.54838528221906313,0.2403030362981972,0.2248872036006646,0.5114503816793893,1,5
-0.79622128983699181,0.56262224712825992,0.22245868076266415,-0.59928079038103255,-0.78389921223693471,-0.16237167035723526,0.083031270558763401,-0.26259899483939575,0.9613259468144697,-10.368921315195189,-8.091218248928735,0.088679257631082822,,0.3998263397128048,0.4793388429752066,0,3
-0.65935564171632177,-0.75138163510748546,0.025995695029374166,0.75134160725217347,-0.65977988361954121,-0.013277589491565787,0.02712797354354823,0.010776993745350103,0.99957387393690611,0.58664780495535074,1.9707343092838119,-1.0857745511241677,,0.06508000439106425,0.2446808510638298,0,5
-0.6057586025505739,0.77818765521011124,0.16577240034023999,-0.79045725699793179,-0.61236076959810082,-0.013842424517664076,0.090740510772649871,-0.13942116459064111,0.98606688341557613,-12.4506681323259,-10.531344925343687,0.35791924442614237,,0.07026119550210183,0.4166666666666667,0,1
0.40718853692594709,-0.91321273283437554,-0.015491932909690153,0.91002202789483511,0.40420373437726709,0.092082842384690847,-0.077829327006461738,-0.051593078069091705,0.99563083025440591,-12.601702455009267,-12.462451429910097,0.40844103844621032,,0.5659729189280036,0.5454545454545454,0,1
0.97932920035620252,-0.19836312093678746,0.039577639923315755,0.18582847309923126,0.95959900517031904,0.21127595192483054,-0.079888021100102929,-0.19955405665721876,0.97662484227893664,19.467357075617439,-2.4059211002061458,-2.4120728738480857,,0.1899956897685048,0.2580645161290323,0,6
0.98396571179222314,0.13169042735379416,0.12028761100212132,-0.1510604990792854,0.97388713037600672,0.16948328208381777,-0.094827230451699773,-0.1849364448435214,0.97816476512574191,7.2874463391239024,2.5816181364461186,-1.5229341006460426,0.2312605079818147,0.1542793381398183,0.2647058823529412,1,3
0.72938794143190189,0.64427893792358892,0.22999539352296802,-0.68316541500868611,0.70356223782798843,0.19566602474237269,-0.035752575148401765,-0.29984133746120734,0.95331890032650246,-17.302723942327439,10.510243449013267,0.28463250879314284,,0.3151094047278167,0.2,0,2
0.3527965280063653,0.91528165467044553,0.1944070534995723,-0.9356768995206578,0.34362747920447895,0.080180391861006131,0.0065840360010381224,-0.21018955292617922,0.97763848242109908,-10.956424310374437,7.6152189753608361,-0.19240560026017051,,0.07293084883389257,0.3658536585365854,0,6
-0.95210584188487246,0.29016055090383164,0.096443354088724204,-0.29408348303388604,-0.95533972997845751,-0.028998367735882644,0.083721985495782969,-0.055971912812342081,0.99491596334603594,-1.594231214482094,-11.022659022436244,-0.68565683899729701,,0.1277863490471689,0.2777777777777778,1,5
0.23311358849301045,0.92273134447764837,0.30696078052152587,-0.97243438749584388,0.22295235608698366,0.068290621104565144,-0.0054237326165445842,-0.31441869033779757,0.94926891358074594,-6.8060459271589648,8.6768447180124113,-0.51393587460814294,,0.4366054351932702,0.3267326732673267,0,6
0.95570065985951258,-0.28214003042941077,0.083864485769504338,0.27596210056504156,0.95798992521412396,0.078103919491706364,-0.10237757467249474,-0.051500547740078569,0.99341155911668821,-6.8067201528516428,12.811645876498382,-0.53538332190012039,0.1562756395453247,0.1005673181373718,0.3962264150943396,1,5
0.79855715583938902,-0.6015475554691665,0.02114254872943146,0.59351461495360835,0.79277050370844482,0.13876357694412822,-0.10023407950480966,-0.098262235670316764,0.99009982443534184,7.9972286549658715,-10.828982733334248,-1.4847394270256964,0.2005616667564699,0.1419106192794242,0.4444444444444444,1,5
0.97703074207168561,-0.19638598727042536,0.082725286646057009,0.18931738253593069,0.97813359945802436,0.086102208340051875,-0.097825649584329502,-0.06846316977112564,0.99284587760049337,-10.920132391786709,9.8099956292227901,-0.20855548820190301,,0.08832660928445776,0.3157894736842105,0,5
-0.81599964685890702,-0.57723244356606651,0.030777953487639956,0.57594662190901647,-0.8164144036169968,-0.041868965574708074,0.049295689849435491,-0.016438602782830412,0.99864894097015733,-12.168848905647405,23.553251452339257,-0.17094530460772581,,0.2291886881835927,0.1764705882352941,0,1
-0.79801486173474567,0.56290408030567429,0.21520055024487947,-0.58979219080431555,-0.8028478952209207,-0.087065658014997341,0.12376369466334496,-0.19640329303390419,0.97268098283492588,-16.405445036897738,4.3252816465188246,0.34027900832818114,0.5965271820698002,0.5411425087880402,0.1549295774647887,1,4
-0.99197275603488599,-0.094239197330461058,0.084315034074970069,0.089542666618381103,-0.99430107656482991,-0.057857410907250446,0.089286965114860978,-0.04984318236761557,0.99475800827741334,-7.9933206665984722,3.8575742801763835,-0.39010225285793132,0.2658228017040174,0.1707322800850992,0.3438914027149321,1,5
-0.78401396494664788,-0.61960394460744028,0.03759061845112336,0.62020681262829436,-0.78441576742802099,0.005950914195476672,0.025799463910894094,0.027979557487750533,0.99927550356480832,-16.420353069621889,2.9867918017540971,0.37969450974301178,0.4041232559369673,0.2681566882154902,0.8664772727272727,1,5
-0.14046641378050698,-0.98532159402165342,-0.097007953046506668,0.98890985647845597,-0.1443977949110474,0.034735753692534309,-0.048233622706621355,-0.091052914173336261,0.99467727653804372,-15.509630525064187,2.3018604047522975,0.33507642016188527,,0.2429708411486612,0.25,0,3
0.986300783517568,0.10824660937126272,0.12447263149888133,-0.13320048478683497,0.96773733596943601,0.21387398023913748,-0.097305679614209661,-0.22752388914222621,0.96889859355064201,-18.131965699034957,6.3655053319589792,0.42778507600368881,0.6925037097777896,0.4780863959479966,0.7111111111111111,1,2
0.85412590441598379,-0.51812646963273923,0.04487650689940853,0.5127855420098566,0.85341547954290897,0.093450560095726318,-0.086717514443370183,-0.056806520246020155,0.99461203086746475,-14.876958938400387,9.3995599481561243,0.11528157074298044,,0.1102820825403892,0.2653061224489796,0,5
0.3533328755447469,0.89967039898798051,0.25641578002160409,-0.93518788325677915,0.33263536154019624,0.12156207987167228,0.024072849207858463,-0.28274880979029815,0.95889186485921563,-5.9825699723173935,-1.6786826518947582,-0.4988271165818412,0.467729105688926,0.1815183218158519,0.1547619047619048,1,4
-0.51961408041923463,0.81596187107121554,0.25339185540982834,-0.8490620502680909,-0.52623885569408146,-0.046543544690223176,0.095366882221346941,-0.23933008944916617,0.96624337827466344,-8.0997497775070038,-10.076295316795116,-0.094928668188895157,,0.2261445884975005,0.2682926829268293,0,4
0.70532305986751753,-0.70655486435522374,0.057442187241560728,0.70187939833890778,0.7074198974780882,0.08320095455885769,-0.099421785371900856,-0.018366064032974243,0.9948758697874831,13.65362644437902,-9.6963123346993552,-1.8597133690355545,,0.1310455546445703,0.3333333333333333,0,4
0.79272672623000151,-0.60838405396669493,-0.038120603349305483,0.607921054134688,0.78441899646173141,0.12295865130092144,-0.044903557324953935,-0.12064692647979572,0.99167937846389875,-9.3786806223432411,-1.6139407969647568,-0.16015073793531504,,0.2168289308964241,0.1219512195121951,0,2
0.65209534920859258,0.71534192040879352,0.25111270865168317,-0.75649036905966316,0.63576800076691431,0.15336678493343292,-0.04993973428544083,-0.2899741128216492,0.95573062984964474,-7.9302003930476301,11.896712736368928,-0.46531607184906143,,0.2888854988178814,0.2222222222222222,0,6
-0.6692017047543195,-0.74302548983941319,-0.0090664106907914297,0.7430526963043137,-0.6690204641980898,-0.016861464914500992,0.0064628839385433593,-0.018020541975034034,0.99981672880489647,-0.27313982794203068,10.529602663543866,-1.0001765801362366,0.7391298947134348,0.5659138968908446,0.8823529411764706,1,5
-0.41481391761415748,-0.90953233759743568,-0.026083339857816482,0.90990292362955361,-0.41471962865139822,-0.0091814585789091567,-0.0024664395359926105,-0.027541903997179901,0.99961760698790414,-3.9906279966582003,-8.4583612007757853,-0.50548179931197557,,0.07730878885206648,0.3859649122807017,0,5
0.68262848691840949,0.68290737677784052,0.26010740779511121,-0.73003535783552853,0.6531936032971849,0.20096390950017012,-0.032660758678198419,-0.32707129399268486,0.94443509225807354,-10.113686123873554,11.091074937299382,-0.29403892758518219,,0.07799189511564,0.1739130434782609,0,3
0.78000107784077355,0.59503223070481426,0.19373942032968786,-0.62357444926156524,0.76502553860545286,0.16090628175920174,-0.052471180617232535,-0.24631802553586871,0.96776764024260686,12.2406927202916,-12.996534130779429,-1.730099871200889,0.6097095575935781,0.3579100275505384,0.6111111111111112,1,5
-0.80289408887856728,-0.58979164494840175,0.086642354497754717,0.59418477514152701,-0.80349431878667565,0.036624208763465158,0.048015987273709294,0.080886928651021622,0.99556605493534989,-5.5401598911421548,-9.3203577067563934,-0.37641907273558101,0.3181419613811722,0.2624385521257231,0.8484848484848485,1,5
-0.35805273714798758,0.91965857153141184,0.16132683976833323,-0.9285991995865247,-0.36877870001837609,0.041301294653100645,0.097476991890907291,-0.13501993268239953,0.98603643636041161,9.7579226325042328,0.41407193127852943,-1.710579131550078,,0.1263496707897444,0.32,0,7
0.35287959504427435,0.91937311625398954,0.1738650755925934,-0.93562134290861709,0.34484595530935813,0.075458397813983516,0.0094177542581136194,-0.18929960437413859,0.98187421072585945,-1.0287087472684839,8.0351581904020701,-0.92560864966495515,0.3379507479526123,0.1052920765258008,0.2592592592592592,1,8
0.12035879998918547,0.93580174596971233,0.33134400780035594,-0.99217985048188817,0.10227888074214986,0.071541420532947569,0.033059091985447132,-0.33736348764229374,0.94079379974728061,-7.0115482720799065,-3.6122787588333858,-0.33205258463223075,,0.6507583918596492,0.4893617021276596,0,1
0.47150287745814046,0.8278667696647577,0.30384477654475295,-0.88185314416659955,0.44437668891514792,0.15768446490472687,-0.0044798071581283209,-0.34229515046761455,0.93958180127872659,-1.4388749363562974,1.5389474690686225,-0.88450424622835777,,0.1267766539937152,0.1666666666666667,0,5
0.99388877651761265,0.04315904019117256,0.10159919862922295,-0.053856808885184314,0.99301032449718984,0.10502351916923615,-0.096356338914615661,-0.10985350559614805,0.9892662246631132,-13.450020410240333,21.260723620349339,-0.084318528795616868,,0.356182277857584,0.7878787878787878,0,3
-0.58561414880233897,0.77310691557553202,0.2436427011256429,-0.80058315736687136,-0.59872281004483441,-0.024445958203938769,0.12697510331952316,-0.20937214194181727,0.9695569242265728,-8.7379826060406369,8.6267566151755357,-0.34776038781214014,,0.3050735954048465,0.5686274509803921,0,5
-0.26519807683132907,0.95716876478697821,0.11618061697690639,-0.96161804049867439,-0.27136441042096604,0.040646044633780062,0.070432408963873969,-0.10094212437358092,0.99239607178509803,12.968712765288078,3.2184260577131263,-1.9199432421365286,0.2538975926715881,0.2501554218358854,0.4090909090909091,1,4
-0.38402915875685767,0.89817493575461249,0.21401726567428422,-0.91973148354084477,-0.39253680013256165,-0.0029763611080420981,0.081336359693905708,-0.19798142671444266,0.97682534327680914,20.356595486597556,-0.68913164894429546,-2.5096047312307124,0.3994163535570603,0.09845378716009101,0.3125,1,5
0.50421271872792517,0.79578277462502189,0.33540916785785141,-0.86354342250484373,0.46815892236238615,0.18740325733858251,-0.0078925104761321634,-0.38413148663262608,0.9232446638111661,-18.77644512686625,2.5798087065696875,0.63116560363903274,,0.3379141815692484,0.575,0,1
-0.93681717757996952,-0.33937083793207395,0.08485876591361477,0.34266149141961838,-0.93906056754129408,0.027356037489104583,0.070403679514514275,0.054705437118302308,0.99601738793080941,-6.0185351987895919,5.3072208059170416,-0.53252663713494308,0.3675021019577216,0.3423522914558965,0.9617547806524185,1,4
0.41094252463917708,-0.91161164409057394,0.0095106152093633739,0.9096797967653153,0.41071447676320644,0.061614007613045106,-0.060074194128547066,-0.01666820133087538,0.99805473911213849,3.2992574969390103,-8.0414817508850529,-1.1671621598358257,,0.2921233468720567,0.2769230769230769,0,4
-0.60126361340002887,-0.79851341143326715,0.029298446415245698,0.79593539144731396,-0.60175131484076716,-0.06619824566421563,0.070490565629396124,-0.016482925972492311,0.99737625463444513,-9.8376325843505033,-28.761796412017947,0.87863780819839488,,0.2394582113364099,0.4444444444444444,0,2
-0.91093810247246443,-0.40514257610750043,0.077789886803137309,0.40730905401885081,-0.91318837430284239,0.013650185068399106,0.065506549124003735,0.044118998890624782,0.9968763243044515,-12.47902568193556,-2.7186886810684969,0.16635988730493567,,0.549087113058619,0.9651639344262295,1,1
-0.44388000060539956,-0.89484172869938672,0.047210439956077717,0.89608065830644634,-0.44307485341841396,0.026909627967320153,-0.0031620992455761686,0.054249007793204206,0.99852243153662623,-8.3429760737924905,-18.041035274027003,0.16275704199819571,0.6270475386779633,0.5603636558867434,0.9358288770053476,1,5
-0.99148673738224613,-0.096375562638274945,0.087554557398599936,0.083957726259555665,-0.98716369488053946,-0.13586368061820756,0.099524619046918839,-0.12735615586204191,0.98685118420540408,13.776430464567888,-0.73386093123024998,-1.9793987368781787,,0.3125724944396227,0.4366197183098591,0,5
0.59993743762465568,-0.79874848884669347,0.045562292539844007,0.79470377772753753,0.60153439127278752,0.081254426228100349,-0.092309136069748027,-0.012539046263606888,0.99565144288393193,9.5209882925471216,4.9056284573340783,-1.6975105539472137,0.1634303412875444,0.176123391957258,0.2631578947368421,1,5
0.99372698227692291,0.058383863146938997,0.095383485042441388,-0.070032887865800184,0.98984012674308519,0.12374133548015197,-0.087189903727314624,-0.12964508480183415,0.98771963262595341,2.6084865524541123,9.0901256929442393,-1.2361966254243792,,0.07814718248908814,0.5,0,4
0.88035793259332462,-0.47373899399362251,0.023265340958598797,0.46089899023327696,0.86601799961980763,0.19386837064476015,-0.11199121091386983,-0.15995058582080621,0.98075163969968837,-2.7056386757178648,6.523516467438129,-0.80224333844688511,0.1496704922537041,0.09234024924300059,0.2619047619047619,1,6
-0.97174089555716359,0.21497764547429254,0.097489711498661549,-0.21474650682431418,-0.97658353007044185,0.012982549900174584,0.097997804610703843,-0.0083199003290365132,0.99515185250794669,1.151243073792992,8.0945590982094426,-1.0922829610628451,0.1936457748842348,0.151420923754587,0.6923076923076923,1,5
-0.72919756213823916,0.65763172952015436,0.18918621434972896,-0.67576073393842429,-0.73557573251995534,-0.047705054184390208,0.10778843091284585,-0.16263102427293469,0.98078173112333455,3.939121807455932,3.3845551761968786,-1.2820959990511192,,0.2849951950885318,0.451219512195122,0,4
-0.77232919644045184,-0.63011738092950142,0.080372250038129589,0.63189832172346416,-0.77504023467371597,-0.004140729401965062,0.064900873096710568,0.04758908370053571,0.99675631715270685,-1.3827030447654161,6.8051274660599068,-0.92210095688073013,0.3463937061589837,0.122070300857131,0.1881188118811881,1,5
-0.97813688961713341,0.16234277276089201,0.12997326379846816,-0.17950473468390915,-0.9746563899960643,-0.13350270284117857,0.10500607313951073,-0.15391473474669648,0.98248866610850749,-14.019368074807526,2.2438604076530857,0.20357068588005919,0.7806537541015841,0.4675527941795497,0.9367088607594937,1,4
-0.85514046700134982,-0.51419716478390043,0.06584874657053312,0.51546152718727456,-0.85690874309107445,0.0026115137059532475,0.05508353371448281,0.036175706520704148,0.99782619857931754,-8.654248809705301,3.1734509639754007,-0.31749888338718874,,0.07504670835531783,0.19,0,5
0.97837241672646147,0.17559350425964348,0.10933588363680949,-0.1959494933978137,0.95608914768016595,0.2179388394145336,-0.066266207270097341,-0.2346496600253925,0.9698187082254105,-13.72559161183016,10.050663290146595,0.010125265385955595,0.325129002559478,0.3254859254828524,0.2916666666666667,1,4
0.97748300449537295,0.18068978158943774,0.10898705772641565,-0.20301580027043825,0.94613834335933455,0.25220392555590476,-0.057546162020183825,-0.26865114564136167,0.96151703114522691,-6.9042997497056096,4.4705965281475724,-0.47695522612413255,,0.5522946888004806,0.32421875,0,5
0.0014036554563052687,-0.99982160920752217,0.018835591656256055,0.99889145581029959,0.0022881057984028576,0.047017274283353554,-0.047051984661019029,0.018748715516977529,0.99871647448408618,9.9550183826508487,11.513053955075119,-1.8466854545574556,0.1898006401182385,0.1356470954266284,0.3703703703703703,1,5
0.44811838653194586,-0.89149281060613561,0.066561853111053573,0.8902543301114334,0.45180031248121044,0.057651585925476007,-0.081468640407506246,0.033422242286424535,0.99611536196903328,0.091198339216724322,4.6503967806716124,-1.0445496694200667,,0.06735485482315917,0.175,0,5
0.66273751629996958,-0.74545759300704728,-0.071217705078784083,0.74294655131133569,0.64261136339397773,0.18729937942109529,-0.093858437996495667,-0.17704127390265256,0.97971780679529596,-17.677249503178427,17.450752517017662,0.24467021572028655,,0.4063979585040731,0.2380952380952381,0,1
0.1769361602477024,-0.98409256648233412,-0.015981733041582576,0.98239712465140983,0.17559630646129645,0.063732461381880448,-0.059912308196578605,-0.026976985587042032,0.99783904392201173,-21.265536309589493,2.233185278775955,0.85325536295691884,,0.1915299947795983,0.5238095238095238,0,1
0.69955150004218092,0.69996562751182556,0.14379088667474932,-0.71344032035995764,0.69551849168779722,0.085187657586133475,-0.040380788419932187,-0.16217936990353488,0.9859347057002692,1.5316322178562507,15.074887767406606,-1.1693501462750946,,0.1527604583903947,0.3333333333333333,0,5
-0.27874439587598115,0.9347589611504773,0.22028900634533435,-0.95750046306880898,-0.28820723240459628,0.01137780350944116,0.074124388636606822,-0.20775532661899057,0.97536828904300843,-7.7847516580845735,-21.639415484920281,0.29073573310290862,,0.1987055665856222,0.3529411764705883,0,3
0.77993448499916906,-0.62153134195608151,0.073491428584255114,0.61855782829582684,0.78338692967892665,0.060754682635795483,-0.095333164025079492,-0.0019259736494024093,0.99544355865235767,6.6769324105423298,-10.867270513095299,-1.38238537945642,0.1978808075568171,0.1367583204102233,0.4358974358974359,1,5
-0.9796808101049137,0.17107121475431597,0.10469073404395925,-0.17461827582462874,-0.98430228665075237,-0.025641104542002264,0.098660874008972138,-0.04340101354326447,0.99417422213775131,7.7313723912304271,0.006131722573462949,-1.5535416355293346,,0.08673362156391887,0.2291666666666667,0,5
0.51270764718432271,0.84258247371996065,0.16488069474220027,-0.85850885287600842,0.50529445316445498,0.087407466127084471,-0.0096653014561829849,-0.18636601240888628,0.98243284318398794,-9.7452174632351323,-9.8092186372302965,0.071689028515028216,0.3639959509307006,0.2670136311631159,0.7452229299363057,1,5
0.90507684273885358,0.40370786846114487,0.13362584211307443,-0.42064602022690284,0.89603718519631204,0.14203622218553547,-0.062392582933689898,-0.18476287421457188,0.98080061475655367,-6.4471273447602782,9.859480448907556,-0.54722867073787496,,0.07681987501557687,0.3333333333333333,0,5
0.6357600541439552,-0.76986830734875977,0.055784790891706626,0.76580228209557599,0.63815561499589324,0.079399469686023377,-0.096726512870482298,-0.0077588909754940875,0.995280755022796,-9.1842745299848669,15.836059446975653,-0.37361592999307625,0.382641514149106,0.2926843781485159,0.4186046511627907,1,3
-0.86166083427961959,-0.50748420380546855,0.00062414459777848544,0.50502435778159727,-0.85760390400216713,-0.097293072145584275,0.049909966097306517,-0.083518421489935421,0.99525557951512844,-13.677827543395217,-19.590142627158492,0.7710613641682833,,0.2321250007051425,0.2608695652173913,0,2
-0.69031191432959549,0.70531985823805055,0.16122455926337018,-0.71613988547801077,-0.69782716374295184,-0.013450426387711874,0.10302002408344267,-0.12474432699536322,0.98682608777855219,-5.7541674284795343,-14.985060751303154,-0.16145330198062999,0.1851200191516023,0.1226314053230261,0.21875,1,4
0.013871526417705303,-0.98845034948433708,-0.150908871041881,0.99885146410151238,0.0067758712957997833,0.047432480753679,-0.045862113090308888,-0.151393507695921,0.98740907045176418,17.529848165009096,-2.2888159528999168,-2.2118267618067682,0.1961887176448256,0.1121235950947733,0.2857142857142857,1,5
-0.93096115915513422,-0.36228991889189804,0.045357852835307015,0.35904093773343487,-0.93094546448131799,-0.066559350906972264,0.066339469217224598,-0.045678844457404513,0.99675098093406012,5.0705725141551508,0.48105897543062021,-1.3657816996724415,,0.1200855117736321,0.3125,1,5
-0.32657164087250323,-0.94512703049814795,0.0092660455208142551,0.94514894420408491,-0.32647868320000223,0.010253910761075468,-0.0066660818885015466,0.012106429603549195,0.99990449429658523,3.3096925674827173,5.0317739041170029,-1.2548927629744684,0.2299286513803748,0.1495419159904564,0.2142857142857143,1,5
0.80397393965281272,-0.59109438276609638,0.065064083959614979,0.58685756405749967,0.80632661417969909,0.073726459117479035,-0.096042198369436102,-0.021090801973159348,0.99515379424714812,-3.6133087744263177,13.143485209412901,-0.74152843390894585,0.9402360490554542,0.5064961063238799,0.1428571428571428,1,2
-0.9022049528085978,-0.43074305237196769,-0.022060053511213411,0.4244781008513332,-0.87769111727681481,-0.2224334609518617,0.076449754906622508,-0.21004457976024588,0.97469826586901243,14.026575872099189,-7.4581822726896805,-1.8894994316561828,0.6237105548458187,0.4357118249756562,0.2352941176470588,1,4
0.6645737237457775,-0.74720334238657615,0.0053787389786257656,0.74182418954966733,0.66061895531953374,0.1152365726299901,-0.08965844915929827,-0.072593119500794903,0.99332351300847221,10.151864259578939,-15.130776721282894,-1.5179125228993515,0.5038248640380034,0.3592177018452466,0.9338235294117647,1,5
0.97412595336041885,0.19994304819646583,0.10536320262577979,-0.21117327033895814,0.97133896549067755,0.10911674488294511,-0.080526249658137442,-0.1285433452085567,0.98842912316391651,-4.1141672546322985,14.007937573085401,-0.69988469054849789,,0.1547801859991753,0.2380952380952381,0,4
-0.10048541028718838,0.96783645837515875,0.23064100277107244,-0.9935050647260375,-0.11004662104063472,0.028938340678957487,0.053388844182356177,-0.22623512335039694,0.97260850308821745,-19.2511028831122,12.827804398809473,0.40095009582950608,,0.130448327031804,0.375,0,1
0.99593441398820737,-0.05430677289087181,0.071870838677076151,0.041854597683399969,0.98546490797798036,0.16464236331124546,-0.07976738485576533,-0.16096487058402117,0.98373140376382329,-9.9166353092736017,-14.93320111820578,0.21074926193527196,,0.1887885351201241,0.3333333333333333,0,4
-0.72804979041372708,-0.68532697139194543,-0.016445210891693127,0.68246312416632859,-0.72232566508285878,-0.11175740564159722,0.064711566444206794,-0.092588205757265687,0.99359943504562609,2.6361695695344913,13.570430902734069,-1.2605039469408315,,0.6238958287501181,0.4827586206896552,0,4
-0.27550029684674099,-0.94333639385372337,-0.18497576724644596,0.96126864543474222,-0.27192109641833834,-0.044961190227851514,-0.0078852863875642498,-0.19019822647359905,0.98171404029120612,-13.422914579008435,12.055243227108502,-0.050525730852398879,0.6916092490374153,0.4566627309593283,0.1481481481481481,1,5
-0.16411069981885534,0.97590494938765437,0.143795716089338,-0.98495944549962511,-0.17010256950469332,0.03033161006231162,0.054060789173270063,-0.13665520703061729,0.98914244953160413,3.6844684797725553,0.60031142770006451,-1.2918776680654773,0.3903854768899062,0.3826726715663441,0.948051948051948,1,5
-0.84384001928761887,-0.53188796584896203,0.070916948846706684,0.53405269537549227,-0.84532473057809399,0.014622531765961353,0.052170302000703737,0.050212465166812222,0.99737503875474487,18.31602878730892,-7.9203776805663555,-2.224255023082915,0.6030418255004384,0.3104631572299519,0.8076923076923077,1,5
0.90514255856154813,-0.42502075107344217,0.0086203154015147103,0.41475704629589627,0.88736889581706324,0.20137784208872153,-0.093239161453534364,-0.17870031867171751,0.97947570407747642,-18.14701795518889,8.5490797710138526,0.3785038355902991,,0.6875581331946052,0.7239263803680982,0,2
-0.96786137222374935,-0.24401070122747895,0.060853445618445336,0.23792392374943255,-0.96684629089417917,-0.092738645083075083,0.081465150001931885,-0.075279661733062983,0.99382916130717358,-0.20228662126444868,-4.0581091532661606,-0.96026363438042794,,0.1238788285830241,0.2871287128712871,0,5
0.83066670681632993,-0.55640906159700221,0.020044409685922002,0.55105221152082784,0.82674942113331473,0.11325570552397687,-0.079588204935897411,-0.083032227649705012,0.99336366291837375,-15.077715183042551,5.0894185385830362,0.22642799533380545,0.3101340887714708,0.3422466343217578,0.3366666666666667,1,5
0.19716046586373945,-0.97900811979972957,-0.051680287021199325,0.97843452230491224,0.19318552979350867,0.07311112528447189,-0.061592501673122239,-0.064980400465076568,0.99598389108109908,5.8595915271587513,7.2508737783117772,-1.4714228545244281,0.8434118733722871,0.871588655167209,0.6559139784946236,1,1
0.23049937928749972,-0.9678943076637595,-0.10025290689136566,0.97095554199978151,0.22198179053737724,0.089271608755136345,-0.064151162171760395,-0.11791816595381498,0.99094900702816191,3.0021482514871618,3.9488003340040332,-1.2359699388982139,,0.09916824153592078,0.1818181818181818,0,5
0.48757421595009159,-0.87248445771063454,0.032283974260197461,0.86809568029679329,0.48840441831985759,0.088718735426564443,-0.093173353437024362,-0.015231389267600478,0.99553339019355713,0.75227903019680897,-14.937189651835762,-0.75366478936951209,0.1838101591327397,0.1586525402062251,0.3333333333333333,1,5
-0.62801311716066599,-0.77817940563495835,-0.0060280444398394311,0.77819625628644007,-0.6280206847465557,-0.00077860916925574623,-0.0031798389762372685,-0.0051799783872454848,0.99998152805339102,23.174915935511809,-0.83488790719316797,-2.7592967316633019,,0.1246545135829218,0.1666666666666667,0,6
-0.97545837422468362,0.19726350006662285,0.097816520569915938,-0.20025892338744236,-0.97950231046240055,-0.021716063237237584,0.091527721257779901,-0.040771746838793123,0.99496750745995377,11.21912956243928,2.0157225616462799,-1.8289405672149686,,0.1077346645829392,0.391304347826087,1,6
0.53402242723204718,0.82537807358740334,0.18322413283828182,-0.8453976824013254,0.52412733407662404,0.10292374004183379,-0.011081778000890432,-0.20986084273841632,0.97766846163792176,-9.7826056927147285,-17.721547887881016,0.28500143650334508,,0.1217214746199481,0.2173913043478261,0,4
0.8840488635090904,0.45555467343376271,0.10453490537109632,-0.46345681613227879,0.88336572488333398,0.069805269728535208,-0.060542435603610632,-0.11015868378843438,0.99206838366978634,-22.89365807268139,10.342343663879717,0.7110156665162245,,0.06815436762670891,0.1764705882352941,0,1
-0.99568578135902852,-0.019764423525926462,0.090659761538121053,0.021189871226675688,-0.99966610418393065,0.014787477916119587,0.090337224646643177,0.016644750175674822,0.99577213163189648,5.2303750928134569,-3.0768221018864064,-1.3571129770052826,,0.07674157164396064,0.3518518518518519,0,2
0.66365271560164629,-0.74675253853110612,0.043883018035565609,0.7405376969598062,0.66415260719163516,0.10249504252411612,-0.1056834540314958,-0.03552408419513247,0.99376508641935613,7.4616713476147414,-5.5760902608386953,-1.4881496177664382,0.3101000446820769,0.1678707412331733,0.3043478260869565,1,5
-0.45237878080667088,-0.89148034343909133,0.024824099935168778,0.89176880604993702,-0.45248951100092571,0.0012802306098683332,0.010091344416935958,0.022716507122893411,0.99969101480007072,-9.455940216133687,5.1038056984319846,-0.27193414846527769,0.2817197056015515,0.1426655543891596,0.217741935483871,1,3
-0.94492244370812539,-0.32380834991604113,0.047641661403833843,0.32062820533241682,-0.94504619338713702,-0.063915931580457386,0.065720083094746487,-0.045120337865921185,0.99681744857766519,10.154193526403043,2.1603714190828889,-1.7505880957847086,,0.1758084335894127,0.5882352941176471,0,5
0.16040755160622924,0.97622212530419372,0.14580733676416263,-0.98658594159279978,0.15403960004000816,0.054036852896547832,0.030291867541367604,-0.15251938790225103,0.98783613978978246,5.4232228331553864,8.6857846738462339,-1.4559468381406975,0.2084785866621672,0.1868930488837275,0.4864864864864865,1,5
0.12672446348789954,-0.99044937003756306,-0.054322700097645713,0.99027404492284576,0.12315135577127913,0.064738392966164404,-0.057430186364400039,-0.061998298072532265,0.99642259344630446,17.197888232252538,-3.1642744564343355,-2.1887989361729474,,0.0891962824987747,0.3809523809523809,0,5
0.29914963083833968,0.94710874343001006,0.11616594375165218,-0.95402020489306782,0.29446297116012543,0.056008992772052089,0.018840037820387283,-0.12757972697093448,0.99164936658122627,10.744891882186604,-4.2287286664723753,-1.713092657838583,,0.07443643497036692,0.2432432432432433,0,5
-0.72000366163973772,-0.68860822889642315,0.086101302670180069,0.69307302254236369,-0.71982383931878313,0.038774034770184582,0.035277650848132461,0.087591937097535988,0.99553158659388552,-15.059286822265218,1.1306678860792978,0.32613802465706804,,0.06748725797599431,0.2682926829268293,0,1
0.76616362953341743,-0.64019431886002565,0.056076081171283064,0.6350434725134424,0.76759439566033438,0.086710044221619306,-0.09855496333645318,-0.0308233328858817,0.99465413152088011,-17.489088869804458,3.778889781207285,0.47405604314646271,,0.08385181522419545,0.2608695652173913,0,1
0.277255596257513,0.91119408244338429,0.30472065644463509,-0.96049636461741483,0.25493717417907302,0.11159646400454604,0.024001414554561038,-0.32362382690671498,0.94588136188299599,2.5058974063118318,7.2742880409653612,-1.1993390857168627,0.4111153710578901,0.4323765572665185,0.25,1,4
0.57834081303090623,0.7694322618106515,0.27110126976407684,-0.81565625556778587,0.55151415161207251,0.17474842867606546,-0.015059108070808139,-0.32218959489182825,0.94655538042290488,-0.90791261095969467,-6.5317218193388626,-0.86117950162091572,,0.1784750045729539,0.217948717948718,0,3
0.15163679376403866,-0.9883452982590345,0.013410972605360968,0.98664582618340069,0.15216446245726623,0.058103270475634662,-0.059466767625590382,0.004421286504009408,0.99822049456711326,1.2124558392574614,6.4300661915651141,-1.1125805760319472,,0.1098797735011225,0.4871794871794872,0,5
0.013012908269128832,0.94298637806665753,0.3325768407437717,-0.99920340100000393,-0.00028551880374284302,0.039905913208945064,0.037725689502067214,-0.33283120235299685,0.94223148063087636,5.5473092185262436,-8.8729483504507627,-1.3318275552661609,,0.3030382949889932,0.25,0,3
0.27019525502154917,0.9466569160863616,0.17559956545988753,-0.96228853485312016,0.25954458001337832,0.08147015819253299,0.031548373239793037,-0.19099029873671697,0.98108481077549259,10.960035980428623,9.1311809490038183,-1.8731595859289338,,0.1422268951018786,0.3684210526315789,0,6
0.6517583642373006,0.71868761447888829,0.24227906934228399,-0.75814150123361912,0.62613566894413708,0.18214167063885328,-0.02079660438515717,-0.30239417466367141,0.95295606634069141,-20.667188263768349,5.9918283762804867,0.68673385031355072,,0.3940324066289195,0.5818181818181818,0,2
-0.065135387503896372,0.94803646560876165,0.31142292974468749,-0.99661087954948113,-0.077516445800010103,0.027530989705123333,0.050240780829190763,-0.30857423824192026,0.94987251957043783,-12.421400018417019,3.2576444378914808,0.041999627490891214,,0.09219358796094912,0.125,1,4
-0.98443922894403602,0.11702613869744188,0.1310888529877276,-0.12966276700374721,-0.98724415916810337,-0.092393382021635551,0.11860426370499062,-0.1079530131586469,0.98705581178622559,-8.3928101566666431,5.8747732130449748,-0.37341737934480634,0.3120578933561051,0.2295544560495351,0.7466216216216216,1,9
0.87652508664458262,0.46754768021178089,0.11446807070659369,-0.47803484306443761,0.87339326435213471,0.093096157819113803,-0.056448749313566304,-0.13632084401479189,0.98905518864622999,6.3184635948940437,-4.9533968022682329,-1.4036407804902318,,0.1002395410132255,0.24,0,5
-0.061308659524979686,0.99052721063361604,0.12287022935455286,-0.99681973395163137,-0.06704188653884037,0.043079037290942888,0.050908410619968349,-0.11983835130584684,0.99148731877137342,-9.9579953626943318,10.174003184166946,-0.27741611117368542,,0.1197966512362461,0.3636363636363636,0,4
-0.73172886240651047,-0.68154582160901467,-0.0082562078806404249,0.68112571440317571,-0.73072071221502377,-0.045989150010988078,0.025310730926602205,-0.039275103911544949,0.99890782012791313,-16.375535609859792,6.3557722529928933,0.27115906047515542,,0.1155452796977189,0.1851851851851852,0,3
-0.26878466253199501,0.95355807858718489,0.13594776919346047,-0.96028835889385533,-0.27625617720515577,0.039099774026720248,0.074840316411066699,-0.12003964060721946,0.98994414575893175,6.0184906364278641,1.800918979133971,-1.4210511585203476,,0.1375693480441599,0.32,0,5
0.98396386532328439,0.11605666411020382,0.13544726816615404,-0.14745094878678019,0.95654360580931042,0.2515602271568429,-0.10036597750204526,-0.26749800167652726,0.95831700895847871,-17.560536042251297,8.7948930684116391,0.31318464593867651,,0.5423493769610631,0.6792452830188679,0,3
0.98529413610662164,0.13358511644167034,0.10653864096736333,-0.14959997724226995,0.97569024715618058,0.16015114240436898,-0.082554903930776136,-0.17373415976594109,0.98132620955898442,9.8246738176662962,-3.0128751133025147,-1.655066182406588,,0.07813978677135865,0.2727272727272727,0,5
0.89038856015815471,0.42900958674354567,0.15218076889548243,-0.45144016526502628,0.87511052740167172,0.17430818115123997,-0.058395112166804999,-0.22390252189937471,0.97286056121220466,-6.8079756722543365,3.1896014497734893,-0.47109716491902009,,0.2000820706128006,0.273972602739726,0,5
-0.39899985854605502,0.90201301477150575,0.1648382057141175,-0.91376554997276882,-0.40610760361316217,0.010446720563881443,0.076365126616755818,-0.14645523367362601,0.98626529492140802,1.4729810280112949,-8.7900435609223901,-1.0242885230351368,0.1694309614669357,0.1231129057214637,0.4605263157894737,1,5
0.86173155639470822,0.49254482584876613,0.12173051894722924,-0.50354498303192907,0.85964795834400531,0.086300856185537053,-0.062138351900637157,-0.13566496321670923,0.98880424906979447,-0.23567351396422695,6.8178939514813814,-0.98498418466546989,,0.08261574372679183,0.3409090909090909,0,5
-0.97554018862980663,0.15063086252622829,0.16009898070483289,-0.18071073552889777,-0.96422730958851743,-0.1939312391243207,0.12515977961280828,-0.21811932215714905,0.96786310543845988,-4.6320638108129986,-6.176087987883343,-0.49473203657289594,,0.3190885650035795,0.4193548387096774,0,2
-0.65734802090490163,0.74264782440410781,0.12793665745303748,-0.74750336390998084,-0.66410466436573856,0.014272901279478801,0.095563070041063389,-0.086250818404907947,0.99167963373703061,2.0718518354060387,-5.3720086482897198,-1.1121660389914834,,0.07277787767301831,0.2,0,5
0.47617296056010894,0.87019798244320679,0.1265495277873189,-0.87933122364391958,0.47218599533460992,0.061781752441567341,-0.0059925584109224977,-0.14069775108947616,0.99003446004775775,0.58545722010891488,-10.011786622027783,-0.92699900394304369,,0.115889182238754,0.4230769230769231,0,5
-0.408686236277716,-0.9126055864131547,0.011251840945214104,0.91266981951369952,-0.40861155240947766,0.008390458053492672,-0.003059546696094189,0.013698280367193385,0.99990149329271194,-4.607792377428547,0.98640073553617758,-0.64444877947157164,,0.9180421126504557,0.5248667850799289,0,1
-0.69508069667448746,-0.71543446257131871,0.070826230139658844,0.71815627951984007,-0.69552780674083803,0.022195230039342033,0.033382380033915318,0.066291777888109818,0.99724170434639492,-9.8049900467211284,-11.994965298762322,0.1230221943186236,0.2756576947520368,0.2571934627682664,0.7886178861788617,1,5
0.22800590429464762,-0.97044804876028101,-0.079018303348941832,0.97142624180564485,0.22123865796282502,0.085933188897951415,-0.065911792102346239,-0.096353727899720965,0.9931624211485679,-18.608640505765987,10.392085915600118,0.38552249737179195,0.2238007088654117,0.1764722165220279,0.6296296296296297,1,5
0.99315199636815787,-0.072838999438126495,0.091343266149154584,0.06201209392787204,0.99128466624152112,0.11622913008844817,-0.099013192639281544,-0.10976880538335661,0.98901324412167868,6.5296666463107949,0.4144154063194681,-1.4582691451543717,,0.08908973617097109,0.1714285714285714,0,5
0.42350276974712364,-0.90166192653654409,-0.087470990910827648,0.90240090315750165,0.41142590425212061,0.12806769807742308,-0.079485935844273492,-0.13317092604893954,0.9879005468457982,-3.4260922552789941,-26.610330035029559,0.21059768617783015,,0.3676152681570569,0.2173913043478261,0,4
0.4373502466996057,-0.89345939974260713,-0.10225000109230073,0.89839513643310709,0.42900646655180985,0.094019309134191195,-0.040136523829722416,-0.13298027172596771,0.99030566331136094,-6.8133040000819767,-18.490864554488148,0.071267247788606103,,0.304264940375208,0.2222222222222222,0,2
-0.4976188566526768,0.8604973171619803,0.10917802279175286,-0.86282357280417343,-0.50396574853128395,0.039420889395643505,0.088943553544501744,-0.074584793787583939,0.99324022915835375,-0.85646509060746712,4.2555122406983168,-0.96245236684525526,0.1458797958721429,0.109307715545835,0.487012987012987,1,4
-0.78396453949514266,0.57136432327893771,0.24278058179799189,-0.61282844154808847,-0.77474914508251391,-0.1555797654698568,0.099201320777048879,-0.27075186477274005,0.95752416454007749,-21.803473491442634,10.891114409633865,0.61134608843607141,,0.4584131370828645,0.5862068965517241,0,1
-0.77068485230819628,0.62030975823422685,0.14581036404209768,-0.625870423077592,-0.77986707989356951,0.0096721877025362536,0.11971245523908537,-0.083804185681099055,0.98926527611301385,-4.058294856949936,-10.732621910117945,-0.49033101546901259,,0.1152603661525604,0.2156862745098039,0,6
-0.2624137041675183,0.94583438818299936,0.19114486128477048,-0.96215514453086337,-0.27154753995661984,0.022790598857901089,0.073461048984315797,-0.1779304461692823,0.98129721828206773,-0.93643702637244819,2.9901670576431356,-0.93954156895644281,,0.0735705414580498,0.2151898734177215,0,5
0.94623632173989103,0.29947958526119295,0.12226529119888259,-0.31512786801042569,0.93874887994923062,0.13944521217048317,-0.073015410862142124,-0.1704773251956142,0.98265265041660732,5.8624747486095057,-3.7875670979255411,-1.3933310885550962,,0.0840256445734143,0.2531645569620253,0,5
0.3050464395588805,-0.95114789063070149,-0.047585290387029223,0.94813527851920942,0.29863227789666386,0.10889562078224946,-0.089365336343304569,-0.078335513957702538,0.99291358330583346,5.5211633396134783,-7.7311086838463901,-1.3269179945693321,,0.0815891294917227,0.4444444444444444,0,5
-0.98263425798518078,0.15599608864720596,0.10047455081107561,-0.15757301616233954,-0.9874756950151613,-0.0079054621514505295,0.097982955718928205,-0.023600255954077932,0.99490822104729082,-2.3373581669297505,-16.621426937541045,-0.37802597689742262,,0.0912658834442804,0.4375,0,3
