axis_00,axis_01,axis_02,axis_10,axis_11,axis_12,axis_20,axis_21,axis_22,location_x,location_y,location_z,dbh,dbh_approximation,score,reconstructed,number_clusters
0.90978928929443714,-0.41492698880760803,0.010910684862739495,0.41438264251223855,0.90948052349607422,0.033648223814658769,-0.023884611566805797,-0.026091595205318285,0.99937418117036869,-18.514361321665358,19.08724474974753,0.92893234172248929,,0.327951972760782,0.5227272727272727,1,2
-0.82427171508838371,-0.55617222457371018,-0.10605939995109254,0.5656509388654497,-0.80069845328024081,-0.19728406492990289,0.024802319768338132,-0.22260827371722067,0.97459242835492466,-14.294250579369042,5.4085860801924728,-0.15743074523680115,,0.2591084200426898,0.1935483870967742,0,2
0.00378957148007105,0.97641197508552258,0.21588259322508505,-0.99771883149630958,0.018242510893777507,-0.064994954219004281,-0.067400092178256599,-0.21514382562806797,0.97425374614033866,-7.0306750145114218,12.772164806591576,-0.23425390548675137,,0.1282851544435304,0.1666666666666667,0,1
0.96574844268589266,0.25614358707589657,0.041477804301426474,-0.25569247802946954,0.96662693922596676,-0.015928497788251755,-0.044173545577914745,0.0047773593682766801,0.99901244972650083,-12.543969003691402,10.577619684928088,0.056851141620622714,,0.4001766092351248,0.8926553672316384,1,4
-0.73299163775710319,0.65305686583085798,0.19036803557671036,-0.67990023306127234,-0.69454039809366697,-0.23526433749958256,-0.021422699675492818,-0.30187806380568094,0.95310581916781223,-7.2709418994711728,10.275972473656108,-0.37983278081158434,0.7276393709961186,0.1882509215857857,0.1935483870967742,1,3
0.15403216082747509,0.97877306995850932,0.13519382735470303,-0.98547620335711772,0.162083398860314,-0.050651993353954719,-0.071489482077153055,-0.12542826371230181,0.98952362509161829,-2.8917380470869025,16.447279656641509,-0.32226922796800339,,0.09616457707339886,0.2727272727272727,0,1
0.64388846559546919,-0.76271232510284526,-0.060642831475154549,0.76508327253793662,0.64106268049127513,0.060714296207588878,-0.0074316859294297367,-0.085490050985791044,0.99631130738674922,-5.6028790180776529,-30.523105608447402,-3.4389163180260853,,0.5525545049428804,0.3658536585365854,0,4
0.3670570733259626,0.91790400543205186,0.15073600012331048,-0.92419792282795643,0.37824559353758358,-0.05280596945319526,-0.10548603870593336,-0.1199270936077281,0.98716269573811077,13.186335934687689,14.271886791278741,-1.8746843606893764,,0.2595164718191779,0.6571428571428571,0,6
0.95267319918255389,0.29920641768964135,0.053752164352804721,-0.30156843516619192,0.95247622510677232,0.042959510213324649,-0.03834389743744783,-0.057136330120914743,0.99762978369213773,11.236000160941748,-25.92733343995539,-4.5460895339217826,0.3122466745744313,0.3197196066018508,0.6666666666666666,1,5
-0.98276539105614258,-0.18434219798957005,-0.013789132773342851,0.18162418368979305,-0.94899770301248243,-0.25771304890526625,0.034421534557353847,-0.25577590527140337,0.9661230999418815,13.879264747074656,7.4831825586609382,-2.4718757026801721,,0.3468425241530171,0.1363636363636364,0,4
-0.26548105238844516,0.95586904271731998,0.12583395407201767,-0.96324428984048505,-0.25742298339821396,-0.076771385998062033,-0.040990839372036784,-0.14159018607600585,0.98907632177427984,-6.5974249807290821,-29.61494231584404,-3.3052873737612982,,0.123968881530748,0.2857142857142857,0,3
-0.48217563268580621,0.85927663064627169,0.17073468092111047,-0.87535476679024249,-0.46464328630972185,-0.13364373814325364,-0.035506217788481099,-0.21389317079442458,0.97621156517727481,-6.0678670543319528,11.669363023128644,-0.37544069752451342,0.3740798472168888,0.1314440511653618,0.2424242424242424,1,4
0.46428014911585491,0.86731347068862197,0.17947503085113187,-0.88283174382670415,0.46944364635416536,0.015191280051543717,-0.071077811086574488,-0.16549926422724781,0.98364522990323056,-10.793336924998149,-34.850589607021803,-3.3507073706355555,,0.3315056309739126,0.2647058823529412,0,5
-0.99753432165414979,-0.065470939602623374,0.025275149644345934,0.05912574039746591,-0.97803003561502311,-0.19990346734693598,0.037807723343860948,-0.19791615775985966,0.97948954591313941,-14.870111123914421,7.1071120071369984,-0.018246791342565689,,0.09716668783236793,0.1794871794871795,0,2
0.63065266712798451,-0.77466931836945829,-0.046525913439274674,0.77574595016318226,0.63097880715463139,0.0091632814613691865,0.022258352359986803,-0.041871136821417028,0.9988750540740825,-4.8006547433083266,-29.27212204709814,-3.3844492676565223,0.531559389771872,0.2459174944661028,0.4782608695652174,1,4
-0.75030759741147446,-0.65959581717668336,-0.044405711678154242,0.65732388270780973,-0.73719098543145745,-0.15644412491533699,0.070454400065219164,-0.14657015030905496,0.98668808067688252,7.844057958943381,12.533882213919584,-1.4697999513689881,,0.1757595779504602,0.2631578947368421,0,4
0.49938817129012542,0.83366650820561683,0.23582113448917169,-0.86315707214706994,0.50219631130540676,0.052523649090126509,-0.074641296733135326,-0.22978036906467622,0.9703760399012844,-15.629187659610144,-29.501099028985678,-2.667503812935013,,0.4449597800689054,0.3939393939393939,0,2
-0.9587102285374437,-0.28429643169525259,0.007087779837889433,0.28235349512005437,-0.95454030586741145,-0.095547413717166935,0.033929360311880409,-0.089601023431077204,0.99539964592566132,-10.987456057219822,4.177312459813912,-0.44851532415210066,,0.2038386300374699,0.7577639751552795,1,3
-0.94007605758745472,0.33138188553922981,0.080268623305077391,-0.34053959652173377,-0.92426899253263395,-0.17250974651747514,0.017023194519309934,-0.18950692699522537,0.98173180424654838,7.8587309146624076,5.0605588218146655,-1.9610110085015746,,0.1673531625401642,0.2857142857142857,0,5
0.72879822445282727,0.68071714624521484,0.074008883535544551,-0.67971000866610243,0.73228051310315945,-0.041947040998157707,-0.082749333251297463,-0.019733649868806262,0.99637499512448713,-4.4069413092977765,2.2112127669623498,-1.003826978385423,0.585126678171936,0.2280637557601184,0.7113997113997114,1,4
-0.98792114648824092,0.14883826180431442,0.04311589201708569,-0.1534000430218051,-0.97872124941363958,-0.13628331793404486,0.021914267550317695,-0.14125115139096756,0.98973121457719948,-4.8276759116376669,6.3359981553212474,-0.75704295954051093,,0.07376017071905061,0.2531645569620253,0,5
0.22149965482042425,0.96472382218442188,0.14228791172939972,-0.97401570485381983,0.22593981176630148,-0.015639953872218223,-0.047236740071155095,-0.13512641625118565,0.98970174397065813,8.7701863680082468,-27.122258511977886,-4.3781866808359453,0.4814768818993461,0.27217368952828,0.6153846153846154,1,5
0.89244023807333372,0.42565324276404159,0.14956516436679684,-0.44644077837205665,0.88100864892789921,0.15657072498008598,-0.065123366575780342,-0.20650200347379993,0.97627653341004939,-13.999402137010073,7.1541242811278796,-0.057258532491067708,,0.1567107280245578,0.3571428571428572,0,2
0.19862300701364813,0.94179594561900071,0.27123660870256627,-0.97739789170225966,0.21078865495840701,-0.01617109262864071,-0.072403469397776823,-0.26189413845376225,0.96237684815394819,-15.477252856527357,9.8219850329351601,0.1934664758122526,,0.5423847006076097,0.4848484848484849,0,1
0.99429660592321067,-0.020161588822910314,0.10472712058353636,0.0015161402406944919,0.9845414889717129,0.17514496228019766,-0.10663939594893257,-0.17398726053794064,0.97895682867128964,-3.2745890520043446,-32.268748590705897,-3.7254538610660521,,0.1933859478031779,0.5,0,2
-0.93161313704904669,0.35411942298812704,0.081831516790229805,-0.36339354313268624,-0.91156751866430263,-0.19232730364063863,0.0064881189189207452,-0.20891168751116346,0.97791298750662459,3.0469783841660871,4.0188495659264234,-1.5333698931461079,,0.08029109776048571,0.2105263157894737,0,5
-0.98738870697585268,0.15145888688441864,0.046084128724398793,-0.15650734521195289,-0.97770522186504605,-0.1399926784961564,0.0238535580419495,-0.14543969444946767,0.98907952311590475,11.780002160468577,5.6584541362692535,-2.303605595181728,,0.08812455974822443,0.2272727272727273,0,5
0.067016630815707828,-0.9640203033571042,-0.25724234859250583,0.99563604383362947,0.081395203423208953,-0.045647443291095706,0.064943355421709315,-0.2530606164043937,0.96526819330774505,11.223132142811393,2.7407479832835842,-2.5363680972146061,,0.5580736702903468,0.1666666666666667,1,1
0.91119315595906614,-0.4083005708544466,-0.054933381229352089,0.41197341660769299,0.90232426346093797,0.12684174225490441,-0.0022218330136560766,-0.13820842018346194,0.99040067449919,-11.308929830124173,-29.925435143144021,-2.9976593698044867,,0.2027886961640589,0.3333333333333333,0,4
-0.64977711156178519,0.75420114587162868,0.094711862278938727,-0.75992602628805239,-0.64169550804681963,-0.10363063988311313,-0.017382170764110048,-0.13931082699652403,0.99009613352495773,7.4349482323552865,7.5005419489551697,-1.8444944181129934,0.2557190730261743,0.1653274565926185,0.7666666666666667,1,5
0.82009886918486474,0.56491778777620871,0.091135820705913251,-0.56625404672263047,0.82412892669297888,-0.012956340460316873,-0.082426933292165633,-0.040980547115831503,0.99575418423732276,-7.8471187384308818,8.7990434907471737,-0.41399867001584267,,0.0792248547799442,0.4102564102564102,0,5
0.54370537199062863,0.82511312570903084,0.15353435527986883,-0.83599351741329941,0.54860352483642494,0.012207021749373909,-0.074157314618799944,-0.13499074901534175,0.98806790777193332,-19.45971091531791,11.36620772178733,0.49288337762918272,,0.5196239990557243,0.5217391304347826,0,1
-0.99530602621682074,-0.094564582483270945,0.020577995923979624,0.086938076392106281,-0.96707961524808062,-0.23916268238349034,0.042516879585912659,-0.23625104764083191,0.97076143178377672,1.2544480017272182,3.122765051234595,-1.4425387519660515,,0.10341315007776,0.1978021978021978,0,5
0.97678880576870908,-0.21410837915141431,0.0064211293471858662,0.21348377643834787,0.97552133600027646,0.052752253087968173,-0.0175586480846474,-0.050157003353368861,0.9985869861419433,-27.423528992782877,-34.405069719623519,-2.1007539975407545,,0.08219385826765019,0.3333333333333333,0,1
-0.65870157423879261,0.73753337386954021,0.14885146463487875,-0.75177407291740894,-0.63704618002127467,-0.17031708020475025,-0.030789273854797194,-0.22409080067890827,0.97408179002924578,-8.4623208125392466,6.9013753032313652,-0.47070483105276861,,0.2020361409838733,0.2962962962962963,1,5
0.89353163929833013,0.43777505211644652,0.099770803932217891,-0.44507487082668878,0.89289483191399732,0.068170217103076747,-0.059241614861893208,-0.10531772351184192,0.9926724576529955,-16.182165677989545,17.514562151520053,0.70894482501181066,,0.4004839874114048,0.4210526315789473,0,1
-0.97401072252389287,0.21985348035156932,0.054475311708950556,-0.22589049588882773,-0.96052846924492319,-0.16235314483281615,0.016631183829921264,-0.1704391590782707,0.98522784003351671,-17.617702106141579,-17.307764092091883,-1.6167379332953642,,0.1661814127113531,0.2727272727272727,0,1
-0.99062961490866352,0.12897521867984887,0.044926150874488431,-0.1351591438194697,-0.97305256436629817,-0.1868173247377197,0.019620701004296422,-0.19113895455049432,0.98136686725477107,-9.4482838505707818,3.6397223413949655,-0.60636685035236193,0.3352846660235038,0.2142189135392295,0.5,1,4
0.16989325439037489,-0.97661321491409869,-0.13176839745475902,0.98358722943636179,0.17629220973843104,-0.038434605178700613,0.060765485288516219,-0.12307593282477716,0.99053514352442917,-10.620775371791206,20.037405670947216,0.54452818040020001,,0.5727902929820937,0.4444444444444444,0,1
0.62381926326596626,0.74412216362327144,0.23902245162939997,-0.77816337296476612,0.61986018874332527,0.1011687273182183,-0.072878609717846765,-0.24910951811544785,0.96572933901268831,-4.1099434968977961,30.19539008055634,0.75678492016845655,,0.3342394695922924,0.3846153846153846,0,1
0.016721470572965753,0.97636291457056634,0.21548979435960949,-0.99746545371647199,0.031196771823506855,-0.063948651823045377,-0.069159678021738072,-0.21387431000253729,0.97440993347608529,11.470201041942472,-29.564627945182494,-4.9309171166179224,0.3947106407910715,0.6118016236552324,0.5882352941176471,1,5
0.39583502725250552,-0.90243825837935177,-0.17005828710548246,0.91732807866624111,0.39717968863127701,0.027522554918916389,0.042706290994546876,-0.16689363304813201,0.98504958654754293,9.8156807070797818,-27.065384809932567,-4.4680042852376474,,0.4090294968738406,0.3043478260869565,0,3
0.64321757523553924,0.7541309079943489,0.13250556409348491,-0.76224903067420924,0.6470436843207783,0.017631954424338583,-0.072440086584310059,-0.11234342076068471,0.9910254233204342,5.5134987507825057,-30.598159789103125,-4.3791571735012926,,0.2179345140983418,0.3333333333333333,0,1
-0.98279466736634302,-0.18318221248907648,0.023641464080826246,0.17983162101290651,-0.978209714587576,-0.10376098674532196,0.042133476952995311,-0.097724261645198887,0.99432124527526389,-3.5126764380181328,7.6658093147495414,-0.78145293974138075,,0.07966528559465666,0.3064516129032258,0,5
0.48284688049288266,0.86845783292598444,0.11242723170030831,-0.87347193321864369,0.48679236213397414,-0.0089430446331974535,-0.062495374849483698,-0.093883910216440658,0.99361971574888464,1.8041150879971626,8.4258215403204719,-1.246661664886743,0.5989540905349598,0.3823923995627801,0.7216494845360825,1,5
0.89744402966514725,0.4360776570062399,0.066561931149347844,-0.43873984251280229,0.89804594709033647,0.031950391335039387,-0.04584282070536138,-0.057877059138909073,0.99727061613947454,-9.1197523258179007,17.065943919445797,0.23444372353421092,0.4679377980480156,0.387411368058141,0.225,1,4
-0.9993181242168081,-0.023807879113954638,0.028221826728538183,0.016062567497104725,-0.96854979956568876,-0.24830078470811398,0.033245759687534085,-0.24767815941935523,0.9682717845777804,-11.302590303346776,9.5944651881593312,-0.092524574844095958,,0.3520665628158205,0.1388888888888889,0,3
-0.46979638995076028,-0.87850798918864526,-0.086689474107057948,0.87804106926724379,-0.45486257945725556,-0.14880831458466728,0.091297495416197999,-0.14602652752570974,0.98505889193972296,-0.39756329326047918,11.130854110051642,-0.86637301019174595,,0.7887743764665491,0.3425925925925926,0,3
-0.72928135401043248,-0.67570759395809332,-0.10755442417713382,0.67985061759290655,-0.69789747971124183,-0.22526039503481407,0.077148197978008301,-0.23739914759758798,0.9683438440289095,14.126768002569188,13.156909318646465,-2.0680048491129646,0.5806698094816387,0.2818550440167545,0.3235294117647059,1,4
-0.98610552768594484,-0.16401433068733784,-0.026366410381593462,0.16452299194479963,-0.94228900484387701,-0.29158809384450035,0.022979847448525399,-0.29187451187029384,0.956180524760739,13.294847689228524,5.3911780878784965,-2.5768569110326291,,0.1883309074341097,0.1666666666666667,0,4
-0.91212581502717571,-0.40944369207880155,-0.019554042494867915,0.40589865110658296,-0.89551320284298797,-0.18248942041595465,0.057208238837321977,-0.17439027080308711,0.98301335232964127,-6.1719427971555154,-33.946892049860772,-3.6303942018621154,,0.2089561807528489,0.1428571428571428,0,1
-0.51925447581369222,0.8531530460327672,0.05004667214169934,-0.85358076600301247,-0.51484662339749276,-0.079579081961975204,-0.042126776011915112,-0.084040671232513631,0.99557144410716736,-6.558923868235591,16.633778161553945,-0.021900773949902287,,0.08206768398646727,0.2962962962962963,0,4
-0.060259262981839437,0.96816201551526337,0.24296323371717651,-0.99535327633544679,-0.039967147139219179,-0.087604123406623227,-0.075104437373409355,-0.24711321062009989,0.96607162499674371,-7.9147407861613432,13.864319496497444,-0.10156916109117869,0.3104891317820764,0.3257270553372352,0.2115384615384615,1,4
0.048336201739676607,0.99099121529662948,0.12490005126616516,-0.99768319181198239,0.053895081735372261,-0.041515887809280304,-0.047873378585979356,-0.12260396147615675,0.99130036227831408,4.6944153753797231,6.6604664508750826,-1.5492300069023797,,0.1140726841842134,0.4193548387096774,0,5
0.7498383370058147,0.64712504475180088,0.13773759403783906,-0.65806964830372727,0.75101399253282475,0.054058496106659734,-0.06846025370798571,-0.13117606288833542,0.98899243383726276,-5.3265937527430056,-32.797890068901168,-3.6049825418281332,,0.3941279630521884,0.5121951219512195,0,5
-0.17704299881068747,0.97495410602924593,0.13461154374285253,-0.98188757476738975,-0.16559012231868581,-0.092069006228466352,-0.067472713666589385,-0.14847357518157137,0.98661189450729303,-9.8615208634667475,9.9275726147216776,-0.17094977422044874,,0.1167448436821024,0.28,0,5
-0.22228027584377247,0.96813877778289315,0.11532036213896356,-0.97272781036450851,-0.21216961146533109,-0.093726532604801002,-0.066272814292775387,-0.13300888287515175,0.9888966332039052,-3.6109838653808164,9.7548276600605917,-0.68482241762098583,0.1074818766728204,0.1165192847712395,0.25,1,5
-0.44300798900887528,0.89243231166876147,0.085489711450343453,-0.89586481718677813,-0.43702965510576741,-0.080195448031884581,-0.034207469962171611,-0.11211444888008329,0.99310633839035711,2.4342998547145265,12.677408094599159,-1.0087028154708417,0.3276267491415726,0.3227900119204244,0.7692307692307693,1,5
0.83221535096082822,0.55053730196835271,0.065774529770674939,-0.55070464785354001,0.83452299387285311,-0.017197776891198349,-0.06435837519433675,-0.021910085323837064,0.99768629724149671,-12.873095459079252,15.422873514736786,0.37469739084374398,,0.09211911200052089,0.3684210526315789,0,1
-0.99678250439023564,0.067053986981018651,0.043913571609211624,-0.074273216385858126,-0.9786750661051199,-0.19151659017389749,0.030135166653387526,-0.19416198859222297,0.98050649866111761,-0.7729463323108513,5.729141500739023,-1.1448467611970199,0.2354249275106076,0.1461996020167057,0.3698630136986301,1,3
0.043808962553025924,0.99282429366615699,0.11126857915118556,-0.99676521015762665,0.050948822043184655,-0.062155718577084733,-0.067378710431778358,-0.10818567113397208,0.99184473076275503,-4.5535799737319396,13.709377960901246,-0.3594131964032598,,0.0817994801354034,0.375,0,3
-0.8609753208562565,0.50403800107285535,0.068316837975319705,-0.50763260325423154,-0.84299606961160656,-0.17795158536162214,-0.032103535471930164,-0.18789177761111128,0.9816649341380892,-12.771364775171133,7.6541049995831747,-0.096369040353959851,,0.4094557657438254,0.7252747252747253,1,4
0.50340963144053108,0.84823212155508032,0.16456309104740183,-0.8623322618939897,0.50520981102544482,0.033854348914568094,-0.05442254192615089,-0.15895066783691456,0.98578540876018983,-12.238771197004061,13.273891145715735,0.21986252171640192,0.4177784485641695,0.2458994332960254,0.3333333333333333,1,3
-0.82001826726128269,-0.56690243760246684,-0.078687150146540416,0.56866741685127153,-0.7914788580249853,-0.22400577294160762,0.064710202978397732,-0.22843564419732282,0.97140606652967132,-3.7808215437624422,4.1994457170288859,-0.94339630728970547,,0.08440926268709367,0.3496503496503496,0,5
-0.93697355651712788,-0.34913067754621319,0.013723133161492878,0.34510570324913531,-0.93088196761279596,-0.11983662194108449,0.054613258212323115,-0.10754781434065781,0.99269877589225552,-2.1977788272349708,17.003282460402556,-0.35044774393890971,0.2625051714751052,0.2628423557778269,0.84375,1,4
-0.90343143995112107,0.42050510318397355,0.08358882403813582,-0.42873210475883961,-0.88638654696317332,-0.1746644546316059,0.0006447145864395895,-0.19363457222029537,0.98107351242614038,-15.055108978684354,9.6662162643843459,0.15395498093611532,,0.779128334452953,0.2777777777777778,0,1
-0.78857970047295811,0.5791446837119093,0.20672080526694284,-0.61482757730054527,-0.73634751139507648,-0.28245246087265907,-0.011362490603847053,-0.34983392887270359,0.93674282277302079,9.3733780255563932,4.4673642910274456,-2.0888570577699497,0.285428875703723,0.3829488095628343,0.2826086956521739,1,2
-0.9936097945470983,0.10045447032462324,0.051463342020056597,-0.11234736017598961,-0.92403967356248551,-0.36541586219542099,0.010846512875591073,-0.36886255038203031,0.92942066476063734,9.6515893948939233,11.25172011395361,-1.7888214047659539,,0.3196087753077955,0.2142857142857143,0,5
0.98043250283606143,0.18969039518987579,0.052627572196762416,-0.19321646668216205,0.97844862844942138,0.072840088469933464,-0.037676310667017897,-0.081583303795295908,0.99595414560930839,-11.338482168096006,-33.411842215402856,-3.2205509029821831,,0.3160616193779074,0.2,0,3
-0.52516735436805484,-0.83875842765246111,-0.14381776645474206,0.84645438309466803,-0.49740709872341032,-0.19000304071089552,0.08783067371872301,-0.22151857299452835,0.97119271752448022,19.236593859541607,-25.840263287332451,-5.5807819088573183,,0.3316138523581904,0.1739130434782609,0,3
0.2173506268441287,0.94235354151679007,0.25441797853380638,-0.97337908972934228,0.22867938497499893,-0.0154559556525572,-0.072745121404407032,-0.24428577870645737,0.96697084011548073,-4.4130870364493147,16.362157866004122,-0.22099006224979972,,0.0903213417898775,0.1333333333333333,0,1
-0.99655658468473785,0.079869520021052007,0.022267314456335643,-0.0828884624130658,-0.96648765819639126,-0.24296318518008631,0.0021157316201070044,-0.24397226548454629,0.96977990150036075,-2.64688027378349,22.507513979502502,0.087226587899829927,,0.4103166689440785,0.3125,0,2
0.9727714560080758,-0.22790795958902735,-0.042114799440272563,0.23119729751761073,0.94150034102783631,0.2452038284061262,-0.016232806180122652,-0.24826411299346901,0.96855636191348449,-16.338565975602254,4.3279421948490961,-0.12572391079218659,,0.09884292829848434,0.5,0,1
-0.99367060052998313,0.1057143961801249,0.037989525959827485,-0.10944759421786292,-0.98726141088152819,-0.11548216617354581,0.025297465531210522,-0.11890909563395084,0.9925828253668364,-10.146509546537706,7.6473231886676105,-0.31784328955788282,,0.06888247981796095,0.2777777777777778,0,3
0.85406868611383924,0.51369979775574892,0.081726355513273313,-0.51724303032962515,0.85534741714280849,0.028990404663471102,-0.05501206208829084,-0.067032184604321074,0.9962330848009241,-10.098662443374543,-38.749635833509558,-3.6968684669819716,,0.3447858341492356,0.6571428571428571,0,3
0.24131345262833875,0.96034407605815164,0.13966772411908562,-0.96768178421449214,0.24897807929093752,-0.040023499747675134,-0.073210532575901252,-0.12549570356235337,0.98938922892223891,-22.378329856104187,-33.973149615746706,-2.510154887522849,,0.1511400456218374,0.3846153846153846,0,2
-0.99078862828748326,0.12950669552321409,0.03957157907974744,-0.13307882198755427,-0.98525178730805418,-0.10755901982023416,0.025058355784288753,-0.11183439283575618,0.99341086534446854,-8.3847954373802622,4.9210063706329947,-0.58221592268068456,0.5109330379974047,0.485812909545886,0.9631849315068494,1,5
0.15492380550135015,0.9728402582035639,0.17198966976944416,-0.98529592441795799,0.16484762913276396,-0.044913255222350561,-0.072045512104093962,-0.16250258824932395,0.98407436355080868,6.9988467228499438,11.235966892543029,-1.5031656343760371,,0.1027726181657987,0.3636363636363636,1,5
-0.92315098295550624,0.37603373010503466,0.079943082825074341,-0.38443518886211647,-0.90370049270165342,-0.18850730769744165,0.0013594972715822641,-0.20475364053926662,0.97881259618636174,-1.652441513795837,16.379728385386926,-0.44320703096425523,,0.1093423756938187,0.3,0,5
-0.92156467305178036,0.38391573183949357,0.057682442988416453,-0.38819830201250721,-0.90953491204151848,-0.14848677413235969,-0.004542212849701196,-0.15923239187983806,0.98723067906070194,17.033840411018605,11.950559855789772,-2.5537213331528048,0.3842359153840914,0.3164214647185,0.5925925925925926,1,5
-0.83274637759531767,0.54519753566031848,0.096400818003749653,-0.55358752367051334,-0.81721545714242227,-0.16031141644889249,-0.0086211506323135081,-0.18686504145349728,0.98234776532771617,-11.697636360913814,5.4538576255174682,-0.32348024608561055,,0.09375144959253597,0.2884615384615384,0,2
-0.93791137394485935,-0.34619562445546465,0.021698945429546722,0.34273870959462854,-0.93454397962112667,-0.09569601401998945,0.053408160146859458,-0.082317311434447843,0.99517406953152143,-10.802547637193086,8.6946729869376611,-0.19439107112220944,,0.2888179391899873,0.7535211267605634,0,3
-0.12961886835075265,0.98799414635993477,0.084062570303160514,-0.98828849349895675,-0.12184051136784463,-0.091873518530555559,-0.080528271961047435,-0.094986612467893181,0.99221607569462489,-1.7167860639613863,9.0970837897922348,-0.84602175682271763,0.3495626669828852,0.1117013316961842,0.375,1,5
-0.89250483173276451,0.42419017271206599,0.15328999546016644,-0.45102338910639955,-0.83663261689192281,-0.31084363727049513,-0.0036094061350281587,-0.3465668214458526,0.93801834228349279,16.684025735731538,7.9950118819771978,-2.7518638606903871,,0.281405269337044,0.2,0,5
0.99461766242901184,0.095102729251152263,0.041123916073615402,-0.097934648254505097,0.99247964400690458,0.073436781677807678,-0.033830611219931105,-0.077068976384208204,0.99645163586778063,-3.8244311664580195,-30.69101710367854,-3.5485140646361821,,0.1207803346034696,0.3,0,5
0.75174051888991178,-0.65904474324857631,-0.023371321219481111,0.65928400073655691,0.7518853367000975,0.0036120393382298968,0.015192058185968218,-0.018123654482450385,0.9997203281499657,-22.528820204904132,-35.513366963440284,-2.559823066102608,,0.2827845935940033,0.6382978723404256,0,3
-0.51284750026351633,0.85142525877818132,0.10982927746266825,-0.85716749475247322,-0.5007848125285782,-0.12032646209578386,-0.047448155003474254,-0.15585121191452492,0.98664029531108377,15.149423573556353,7.3600268214245785,-2.6265064889979541,,0.09734544836350181,0.28,0,4
-0.023263948992770705,0.98010318378927341,0.19712061739805867,-0.99750760926438009,-0.0096185530842853671,-0.069900306839282583,-0.066613498158577644,-0.19825547297034418,0.97788414922238254,-13.347755104468858,2.7979608840632388,-0.38365304636346587,,0.07494307839699917,0.2650602409638554,0,2
0.83845690998957778,0.54000551782275852,0.073376091553748218,-0.54222426800658152,0.84013293992440885,0.013018695737184694,-0.054615503984277676,-0.050701912931809374,0.99721936541043943,-10.763072680376295,-30.871190614902591,-3.0888923742271204,,0.2073140226078974,0.3548387096774194,0,3
0.86165990155503491,0.5042123224014784,0.057551264023266435,-0.50422838920059943,0.86343464794391633,-0.015308176055117317,-0.057410326391137814,-0.015828539682270531,0.99822518088615175,-6.4578161716860984,7.0150282040759881,-0.60477388063730075,,0.08459209657980409,0.2916666666666667,0,5
0.17189723112881614,0.9785661975897938,0.11339990681168551,-0.98221562868210721,0.179077107924937,-0.056425598710631929,-0.075523510927784684,-0.10168375657838874,0.99194587198357143,8.8803430901725626,7.1614550102373249,-1.9875458363613689,,0.1123876048269646,0.2,0,2
-0.88189399391529133,-0.47080027121988377,-0.02469996185055591,0.46778444964098592,-0.86732105099100898,-0.17009380700640006,0.058657413599773764,-0.16155896486154667,0.98511827142868946,6.5059546150597809,9.4833138689642666,-1.5920637291517259,,0.1563722839832105,0.2380952380952381,0,5
-0.17018953558009431,-0.96370665117865151,-0.20568182334144516,0.98278939056244974,-0.15078180542106476,-0.10672329151527224,0.071836869203226378,-0.22030510123007546,0.972782157831385,-8.5628223587407231,-0.027313872181656155,-0.89477388676749636,,0.4781153612949331,0.2992874109263658,1,1
-0.040653975871885357,-0.98195412095319701,-0.18469801999166585,0.99775818111092396,-0.030062190682965489,-0.059790272767077525,0.053158877640791864,-0.18671467278811979,0.98097490523131969,-10.061471065361824,12.340761170109364,-0.010312100971175802,,0.7647676607145333,0.16,0,2
-0.12320193301672619,0.98811196019859515,0.091956717065321991,-0.9904444370561879,-0.11664539639726056,-0.073577636573738295,-0.061976614988181182,-0.10014292591998471,0.99304093248102887,-17.250951186862505,9.6476658703188516,0.26816960947157548,,0.5483890930945501,0.9338842975206612,1,2
0.95204281024409343,0.29360794279314906,0.086074754668845538,-0.30160264484018678,0.94790273973743844,0.10254872316933053,-0.051481376127015345,-0.12359114825516722,0.99099692027020758,-12.685983299874227,-3.1462781139903089,-0.84201808263395028,,0.1702029171150446,0.3047404063205418,0,1
0.76421102733834056,0.63703163370948623,0.10085734156669414,-0.6413454899897133,0.76711852298272831,0.014322505599648124,-0.068245645753649817,-0.075629817864517529,0.99479779979925931,-14.635267273248562,1.9868943717928049,-0.35507111256984103,,0.09952189577088325,0.475,0,1
0.066619762531749047,0.99245708850255709,0.1029112954016278,-0.99506408624732978,0.073686837080841158,-0.066465888256973887,-0.073547749802290646,-0.097975392431208425,0.99246740549852364,-1.0460986539791546,-32.3422659205565,-3.9224415814475209,0.6464057207166696,0.4888185473714572,0.8461538461538461,1,5
0.65047779789994697,-0.75943207983671057,0.011897502011915957,0.75909646740058057,0.64950450673428672,-0.043777264782193195,0.025518378067483718,0.037507490541740622,0.99897047030133301,-9.391958946809595,13.93732101239242,0.051351354170380406,,0.0818568104800063,0.4333333333333333,0,5
-0.95376183117950197,0.2809672495216437,0.10675099100882016,-0.30038462544998928,-0.90329682867720784,-0.30630689854289644,0.0103656248433136,-0.32421018490778647,0.94592827942908353,1.7726797971160682,4.3723906933360421,-1.4423806124189682,,0.1046946113183992,0.2368421052631579,0,5
-0.84336827939019121,-0.52873318196934482,-0.095766213264390415,0.53356268466014301,-0.80295432434177694,-0.26565996039881878,0.063567341117038531,-0.27514646155350209,0.95929850298950126,19.229770147053191,-20.544557549492804,-5.3319440530045634,,0.7714164950838032,0.4693877551020408,0,1
-0.23603162233320796,-0.96226870966934785,-0.13538095748679707,0.96625039643537458,-0.21761320906512674,-0.13785739961590382,0.10319517744175599,-0.16335060952339747,0.98115612097214122,-5.6511166902039927,14.293787071351163,-0.25128991608601781,,0.2617106748075251,0.3076923076923077,0,2
-0.53238382681333529,-0.84526409391489532,-0.045782884201613458,0.84322199625359662,-0.52478675877722458,-0.11651404570348377,0.07445888786227621,-0.10063532853985635,0.9921332595311918,6.509835656299904,-27.255784049017688,-4.2369401892999106,,0.5564283580266562,0.4166666666666667,0,2
0.34971835419118602,-0.93225901538241651,-0.092683337121705303,0.93543082688495238,0.35292642402404262,-0.020300427062898287,0.051635654882478399,-0.079599418740398609,0.9954886697903943,-6.7677959210783563,18.505928484103105,0.14023894467460069,,0.5906918667528029,0.1538461538461539,0,1
-0.33063361431802357,0.92894911881559239,0.16653812697017695,-0.94212562628486096,-0.31450369763920477,-0.1161323747652921,-0.055504210474152216,-0.19529710398006944,0.97917226461774298,-13.53746947250526,-34.224507324639568,-3.1598335429354174,,0.5765180469011595,0.1904761904761905,0,3
-0.88849592416823131,0.44162182562769636,0.12468021441150889,-0.45887046659536268,-0.85717118780028745,-0.23387058321130758,0.0035899335639158554,-0.26500512812831312,0.96424031985947467,4.9757112598316828,13.12959966930406,-1.2058485704898372,,0.3956957121813562,0.1666666666666667,0,5
0.019302820588284482,0.98807898755002943,0.1527328238442717,-0.99749542945995662,0.029428777911934764,-0.064318078617967747,-0.06804608235478049,-0.15110877338102779,0.98617233244674229,-2.2769558796805485,7.8547721860507567,-0.86142410461215324,,0.09107628512663675,0.3333333333333333,0,4
0.79336427990467051,-0.59691877658997361,-0.11941982048919837,0.60856031797477794,0.7825700477779729,0.13129531487154375,0.015081735900751668,-0.17683917686731682,0.98412420291704517,-1.873094895714364,10.310232654184404,-0.78959904921610302,0.7110029915125855,0.6148785381100597,0.2891566265060241,1,1
-0.058031505531939399,0.99311755791695722,0.10173426425130865,-0.99701049157001254,-0.052446569734884242,-0.056740083031003703,-0.051013959511272397,-0.10472284125300722,0.99319217800729742,2.2029316985000666,15.389610550290589,-0.81552683321842656,0.1611736125163312,0.1153325989218268,0.4090909090909091,1,3
-0.95399116965104791,0.29125522729636422,0.071212644947141565,-0.29954373645767346,-0.93625515852632391,-0.18357512925726782,0.013205990186279907,-0.19646035402948378,0.98042283282153764,0.83272796957041517,7.1367623496885271,-1.2344737321825148,,0.07605796099122429,0.375,0,4
0.9188706629340353,-0.39242104809104539,-0.041017384293635578,0.39439834911240457,0.91055504589012937,0.12385253578927678,-0.011253755665377263,-0.12998165031707304,0.99145253217906215,21.054019750613527,-23.300491764920292,-5.638489600954232,,0.1550597919588103,0.2173913043478261,0,2
-0.35152219652954236,0.90658404057287223,0.23353270161930398,-0.93617008523158085,-0.33928450017188122,-0.092041292149836154,-0.0042091405940519995,-0.25098088636723287,0.96798289128154436,-6.4257079652185105,1.9351847082268476,-0.91370071277483311,0.665170983871039,0.2369649518738321,0.2265625,1,4
-0.21192226066272343,0.97245618141015699,0.097046023477399393,-0.97135162154609778,-0.19866706493079625,-0.1304125171582419,-0.10754060979633044,-0.12190312772426347,0.98669886221464498,21.67543728238352,-29.609170561455286,-6.1580363811010592,,0.3469103394420823,0.3529411764705883,0,4
-0.48685982515047044,0.85636126471957319,0.17208397642531151,-0.87242594110424487,-0.46706595996411682,-0.14395265308833896,-0.04290090841493735,-0.22021528859434797,0.97450743390006123,-7.7219866542523414,16.938509260351893,0.11712399421313771,,0.7636478185476456,0.4634146341463415,0,1
-0.98218590305391751,0.17941963390184115,0.055852008134799729,-0.18689436619196917,-0.96360893408436621,-0.19112382907030107,0.019528126583534235,-0.19815755631143833,0.97997562987495601,-12.341132296050608,4.6884253630032307,-0.32387126836828184,,0.08916698922692484,0.1818181818181818,0,1
-0.95177401601118672,-0.30395850835551391,-0.041658704303277914,0.30446899725857607,-0.91908844155876057,-0.25015008755034585,0.037747213861347446,-0.25077013735965331,0.96731043933906047,9.6056775407663739,13.331103332670567,-1.6578109722157568,,0.3516826362449813,0.5,0,4
0.93257710194910359,-0.36093917698798733,0.0047811541961114553,0.35873376585434402,0.92818859199650072,0.098873772677669877,-0.040125230917382342,-0.090492254932614466,0.99508849739158323,-25.375554070363137,-2.3108631809741071,-0.10817172094398027,,0.357708789799719,0.4333333333333333,0,3
-0.96959754990841485,-0.24191330947665543,-0.036858403514689816,0.24158936264467665,-0.922371161218693,-0.3014399124353303,0.038925198375072391,-0.30117999875511742,0.95277250027555349,12.070971398954866,3.0896864715105425,-2.6097177008759336,,0.278747582355969,0.1578947368421053,0,2
-0.9676819434150703,-0.25217383243665303,0.00012092412861247102,0.24763397933729006,-0.95035125213615101,-0.18844073296617847,0.047634742216293456,-0.18232074977210561,0.98208455620507895,-15.281536695227114,0.40798967763137667,-0.43113032076779323,,0.1452635713678545,0.5714285714285714,1,4
0.20999308763795063,0.93070767491117257,0.29947642145203801,-0.97500262742867061,0.22209660630362257,-0.0065554538822356597,-0.07261390811317403,-0.29061369776707419,0.95408118051803059,-3.3903897755890333,-12.965229643895571,-2.1629035387259856,,0.5436914748339803,0.2391304347826087,0,1
0.011288858146954945,-0.9825148164983768,-0.18584186030843153,0.99768107082779256,0.023542384201310114,-0.063861076236056358,0.067119614075525066,-0.1846899875664044,0.98050220086396256,20.680841173485906,-18.936366152006592,-5.3819738719863883,,0.5228072121892403,0.2608695652173913,0,2
0.57705506373299498,-0.81662322067234783,-0.011574492594966132,0.81592140877736508,0.57706410047263135,-0.035626937062747124,0.035773008244612867,0.011114828133386982,0.99929812992754885,9.2486257986615836,15.646933418037989,-1.456130377922948,,0.1061816181497744,0.391304347826087,0,4
-0.63580424349379239,0.75847841777415548,0.14305052857679459,-0.77063706602622528,-0.61341952127784716,-0.17272811983504213,-0.043260564279467138,-0.22006131119774575,0.97452631718807448,16.77717535383308,-27.787159557993299,-5.4758953049674322,,0.2720745219237627,0.2105263157894737,0,4
0.76225458450931105,0.61197082870128749,0.21085457835483878,-0.64355918053952033,0.75140268253646503,0.14569004708732131,-0.069278636951363451,-0.24675030596873426,0.96659958460910667,-4.5423543966002766,14.895151711189122,-0.30627866174344148,,0.2471268058179277,0.3043478260869565,0,2
0.89727040466340424,-0.44018571759155595,-0.03379874174549069,0.44148119715397166,0.8947088899712573,0.067752156909554079,0.00041650290192540954,-0.075713514215151156,0.99712952533285515,-5.8154889829219876,17.611651250033585,-0.019254720004020662,,0.3749277318790699,0.6551724137931034,0,1
-0.77072682033640516,-0.63577054207701256,-0.042142451770577613,0.634219908616242,-0.75913098158616399,-0.1465785124458292,0.061198659535480815,-0.13969957273781433,0.98830094275374036,15.010680784552219,8.4513315565584417,-2.5443996035730478,,0.1538624697652326,0.2105263157894737,0,3
-0.99862608505445372,-0.042444532429453771,0.030731155455989607,0.037987457626309395,-0.99033597419443209,-0.13338519887699421,0.0360956411759717,-0.1320345404930505,0.9905876966755065,5.6419690610147031,13.551357428105597,-1.2066601341357086,0.1017660926179789,0.09600304905715955,0.3333333333333333,1,3
0.79273148110717151,0.59121291926232877,0.1484724989987837,-0.6082862459604601,0.78304218460639752,0.12974120433451364,-0.039555553806760568,-0.19316371611706573,0.9803688779938321,5.3933153304902905,14.978450351352487,-1.1324058504583316,,0.2220984551680656,0.4210526315789473,0,3
0.09131257982863461,-0.97120216389940361,-0.2200644669231146,0.99376954337693446,0.10305336196884395,-0.042451139481965598,0.063907021691188823,-0.21481704174490868,0.97456119928639062,-8.067555678149338,-30.129434165556983,-3.2369260854039443,,0.1457720390088778,0.5,0,2
-0.60149075247221728,-0.79243688422253367,-0.10125541572720299,0.79550825513176959,-0.58248952986467972,-0.16695078201443622,0.073317738014844022,-0.18096887058747754,0.98075214869541816,-27.016084709555933,-9.1401162377037437,-0.48208637540145688,,0.2951353831947748,0.3333333333333333,0,1
-0.57241571378513156,0.79249912796855171,0.21044092468183015,-0.81915034632033945,-0.54126666312123706,-0.18979754876412278,-0.036509734799454199,-0.28102585568357719,0.95900547845264528,7.6612603727837474,-27.067134451103296,-4.3014740851746902,,0.4043248497462963,0.2352941176470588,0,1
0.84368814188352492,0.53295276007168269,0.064433491113713465,-0.53305956014767486,0.84590770781519786,-0.016960400761936684,-0.063543879172528295,-0.020037599427416949,0.9977778660748563,12.327874786728232,-24.050756907135312,-4.575415403044607,,0.2382931099818178,0.25,0,1
-0.4580020184839354,-0.88501684117437895,-0.08354245568789849,0.88736518603565229,-0.44955026234216972,-0.1024089265640355,0.053077091824557783,-0.12103616181046872,0.99122806147608489,4.2150431282526251,11.853068378099804,-1.2387484035455507,,0.09747368347363999,0.2692307692307692,0,3
-0.94670397665084727,0.31734236240311542,0.055185193828456124,-0.32197181396909313,-0.93724573424252322,-0.13380801416076582,0.0092591361868203624,-0.1444446560749337,0.98946955977860707,-16.149786372513752,-36.987098965458529,-3.1603826201842757,,0.09762950150154531,0.3333333333333333,0,1
-0.97954235027489733,0.19109159845870224,0.063093462549055901,-0.20119300707793683,-0.9365836820904091,-0.28693619559914274,0.0042612111973290619,-0.29376011887332554,0.95586967450519222,1.897841667242897,22.290205717107899,-0.32953817668890734,,0.2590564869191703,0.2,0,2
0.90448924215258331,-0.41897521106395175,-0.079743233845647479,0.426060308249256,0.89608346277453632,0.1245272720192,0.019282753039784915,-0.14660900468904395,0.98900655972510798,-9.9453672674608757,15.836492495932328,0.21450316567001684,,0.5497772956543715,0.3,0,3
-0.17278317690056832,-0.98278498112393442,-0.065419069523906567,0.98209750122135009,-0.16684076346266216,-0.087456604907663438,0.075036470298955882,-0.079358934748538335,0.99401795134728366,3.7350360310724451,-28.002786256568825,-4.0069447137591876,,0.1137663669876594,0.2608695652173913,0,3
