axis_00,axis_01,axis_02,axis_10,axis_11,axis_12,axis_20,axis_21,axis_22,location_x,location_y,location_z,dbh,dbh_approximation,score,reconstructed,number_clusters
-0.06357815846862902,0.97662730545466248,0.20532151374393992,-0.98140384830789229,-0.098523487638649834,0.16474103590173422,0.18111958561182046,-0.1910293920418579,0.96472973784574556,-7.0901011904128239,17.262141172227409,-4.0910240569615253,,0.1560058870240873,0.2857142857142857,0,2
-0.16313792399796634,0.97002650031496374,0.18009610334579115,-0.96967091558998963,-0.19131797816019419,0.1521043940573952,0.1820009154166693,-0.1498199583480106,0.97181770248750665,6.9663117079387105,-1.0170767613029992,-0.64095006095761653,,0.144284239078484,0.1020408163265306,0,2
-0.73226520616154711,-0.67851758739269585,-0.058322820953572156,0.66516821278873406,-0.73096325041728782,0.15245974955651437,-0.14607846022130935,0.07284648336185387,0.98658728621505321,-9.6824635457614043,-1.6022490757164647,-1.3108989938093889,,0.08435839104596485,0.3565217391304348,0,4
0.60134496579502628,0.78847651300328503,0.12918599210114942,-0.7822528808641982,0.54808127438543353,0.29612049413659486,0.16267963146208758,-0.27912668290620074,0.94637393898878053,-2.8754745295111945,11.117696066580883,-2.9003486037688737,,0.13526555152058,0.2777777777777778,0,5
-0.96981141928814907,-0.2336799156146932,-0.069710171830337592,0.22552873697329023,-0.96822330545464008,0.10807598981144148,-0.092750201172492538,0.089091682062918509,0.99169555427543488,17.630885395323684,-16.011880237271551,2.4083677679863356,0.4990094553045846,0.3631397650232425,0.4545454545454545,1,5
0.14071498543661748,-0.98767687829284356,-0.068510414969378194,0.97405147744551301,0.1257193962936671,0.18819764260417843,-0.17726537213958832,-0.093214899459580711,0.97973872555848007,-4.6027111069822908,-18.84963479918029,1.8086010727920538,0.314962161149583,0.3043694740131507,0.75,1,5
0.49920512117487775,-0.84803616467771437,-0.17784518658509962,0.85537701158648816,0.44955635433978003,0.25735044651621625,-0.13829105192363389,-0.28059534506374045,0.94981147460241633,9.4391830232601972,-1.8616504212438205,-0.36310853097039764,,0.1472936750780973,0.4090909090909091,0,4
0.86424421018556064,0.50272420600494694,-0.018716780103209835,-0.48848054165105376,0.8474910117714024,0.2077155396088077,0.12028593263149914,-0.17037416958970195,0.97801019255812993,-3.4307257708539622,-2.9751191880953853,-0.84834959570735602,,0.0685740698933313,0.2876712328767123,0,5
0.78265631509488676,-0.61365037954024426,-0.10431828282811863,0.61615902302496384,0.74000885982250508,0.26969417073625923,-0.088301476697819264,-0.27535449710202736,0.95727882570266576,14.283088779399145,0.26004753781502138,-0.47142134885593856,,0.5178529278255054,0.5384615384615384,0,5
0.003175134199202745,0.99884296105378401,0.047986015422482139,-0.98316124389028758,-0.0056496486612370236,0.18265281268600292,0.18271258039587895,-0.047757937804245948,0.98200574964801834,-6.6362181133562936,-14.844724969043586,1.0286170790131561,,0.5448998824035298,0.6176470588235294,0,5
0.98471552694934683,0.17331886232214241,-0.017201829793012751,-0.16236595155510136,0.94922883746765574,0.26944741953748402,0.063028793106611775,-0.26253606625216397,0.96286145688586133,3.5923161064499869,13.82935969543454,-3.0066394242861021,,0.0660060950712925,0.2941176470588235,0,2
0.20706775806707792,0.97831854603131285,0.003970649852420678,-0.96029463734762965,0.20247388442606246,0.19193367502031744,0.18696832098100821,-0.043556269544097047,0.98139986668683821,-6.3181586683548963,-6.9668104613907165,-0.35791310092923595,,0.06650199795742383,0.1851851851851852,0,5
-0.96801302336515493,-0.24127660207658833,-0.068821420254366286,0.24019987763975745,-0.97043560682802588,0.023637931004381042,-0.072490036400170432,0.0063509283335548049,0.99734891604292897,-17.667189831063865,-9.8054213575215083,-0.32432449126288565,0.4679502048201432,0.3974682429001677,0.8439716312056738,1,3
0.30609208559177098,-0.92726120430914472,-0.21562535593300175,0.9384091807330639,0.25574271965468848,0.23234429379591598,-0.16029923472674273,-0.27346356306970265,0.94843124949531432,3.6276592954518865,16.062916006762745,-3.3622999412526724,,0.3083688429927054,0.575,0,2
0.86607311859360503,0.49972950971696151,0.013702932809890385,-0.48596684233675841,0.83515826878486232,0.25757890874353828,0.11727566413705501,-0.22974133976782901,0.96616009822539028,-19.749421277117847,-15.442201828996984,0.66294133217861595,,0.08806644754979817,0.375,0,2
0.80076313779529851,-0.56838489593307928,-0.1889894368036753,0.59693771384095284,0.73122753895420189,0.33010854588955763,-0.049434430739764196,-0.37715367736524069,0.92483043889532091,4.8649823194492638,7.6833326078709563,-1.9434889485126423,,0.275691405196304,0.24,0,3
-0.50908801773520929,0.82240813579412209,0.25391779846649476,-0.84883364283605811,-0.52856360479902786,0.010097646831017847,0.14251609378628843,-0.21039337884423379,0.96717309161825027,5.8144907548565516,-1.6011097998655885,-0.63426371311397534,1.045149156349593,0.7319455383308778,0.288135593220339,1,1
0.98586842072590775,0.16648452266892161,-0.018610769116468386,-0.1566585020671348,0.95558657464093977,0.24962454225511982,0.059342823875231071,-0.24318141803537924,0.96816384314681825,0.32475668692654219,-4.4470265222010736,-0.41542102316199969,,0.07441715928717503,0.2040816326530612,0,5
0.97533423388970941,0.21980633329489097,-0.020206633718376901,-0.20902084305092916,0.94912720745327672,0.23551609550564434,0.070946595218179337,-0.22548330296365682,0.97166036283855273,-17.021673344176829,13.418653786482388,-4.0546556698025871,,0.3162165150879605,0.5238095238095238,0,2
0.54104478390876687,0.84098822687074071,0.0030568071453096592,-0.82314814453389606,0.52881566958276027,0.2068359730659588,0.17233013072449263,-0.11442372948189078,0.97837085820047587,5.8237625400878805,10.805245201798842,-2.4100357061947717,0.2208324944704134,0.1811141299175704,0.6481481481481481,1,5
0.99291207504184709,0.11565536443972678,-0.027376046325373278,-0.095525716054660037,0.91363263043167675,0.39515851779095185,0.070713851601644936,-0.38974254744229758,0.9182049324115239,-8.9932060100439646,1.5641445916793961,-1.7284130016782882,,0.4090343158116396,0.6674259681093394,0,3
0.21751665043555188,0.9739132922356678,0.064648325500208451,-0.95803329227608935,0.20036168319510922,0.20500587015463798,0.18670489461697418,-0.10652743831476352,0.97662335995621152,-16.172937261554146,-4.8251838338812085,-1.1229353783401825,0.777502701918819,0.5853191078554554,0.8017241379310345,1,3
0.79703058629791901,0.6038229218076453,0.011837381689961148,-0.5880638346296907,0.77146635970324329,0.2429415202200943,0.13756151680691633,-0.20059295836570332,0.96996870781890498,-8.5390559986044359,-2.9387696695960694,-1.0767292219977573,0.3852196356368124,0.3807484751676286,0.8021978021978022,1,4
0.99799002209932453,-0.05162457334275667,-0.036753492587349237,0.059967320941430875,0.95685284960315553,0.28431768257607365,0.020489905058282441,-0.28595021880302851,0.95802538387936442,-1.7682736038061924,-19.766267964906817,2.0892071294649797,0.6799911379243468,0.635385321993059,0.8188405797101449,1,5
-0.99895934619594895,0.045124033944332141,0.0066367317524715832,-0.04452026501399977,-0.99633509187924441,0.073036502470082754,0.0099081103570119664,0.072665027699505724,0.99730718592547274,-17.541697156633052,-16.332385303738437,0.78845448620589109,,0.1697625101134234,0.4375,0,2
0.57534898353142838,-0.81059934151073321,-0.10909745501944247,0.80514980468247377,0.53784576028936948,0.24991144463294579,-0.1439004488148945,-0.23162609024269507,0.96210291297228534,0.86492298050809802,-2.0083969073224068,-0.78179093215136708,0.4678421466632278,0.6564504178510728,0.4877300613496933,1,3
0.99390766207653092,-0.098242455165770043,-0.049959776506357453,0.10956537880299681,0.92988218960311309,0.35116170239175465,0.011957718566656388,-0.3544961684728356,0.93498100488981017,-16.174674522575359,-10.663000417230036,-0.16196574962128465,,0.3525132629483777,0.4807692307692308,0,2
-0.13721539547040046,-0.98947995180231563,-0.045840595842431615,0.97267971159631628,-0.14334556168459461,0.18260949754663894,-0.18725948279008317,-0.019531383120906493,0.9821162920848916,-7.7730845207053196,5.8513501737934597,-2.3715747162934049,0.4155627708283788,0.3777112049866428,0.9592490842490843,1,5
0.094936543877011711,0.98846284438179077,0.11801804062661979,-0.98085099516456886,0.072629439950969973,0.18071051363183691,0.17005404411939773,-0.13291414420243894,0.97642995260774879,-9.9595305217488672,14.875194868565842,-3.8583837365793983,,0.2618733244780334,0.1739130434782609,0,4
-0.58276828129061164,-0.80026331394587114,-0.14127901002611201,0.79557944411888326,-0.59728145296230806,0.10152937527003221,-0.16563356669792265,-0.053230576735614196,0.98474972824739537,11.623744431860807,6.1098894117787363,-1.4090953006717211,,0.3821391966367066,0.3684210526315789,0,5
-0.94323697326350187,-0.32950534480567623,-0.04159615382700358,0.32142876246989038,-0.93720681743047363,0.13537699959342234,-0.083591643875342986,0.11432239109787307,0.98992061700314271,14.637782866624635,-1.4902954696658051,-0.18175164124094922,0.1926692842577291,0.173051404804852,0.3333333333333333,1,5
0.46997615225758177,0.88230885414925442,0.025563689072352833,-0.86364685031100019,0.4536679552781,0.21977148200273144,0.18230889790969404,-0.12536535503725738,0.97521638291167756,8.1524508756356422,7.1778362267167584,-1.7015109332538654,0.5575382054564432,0.3123401771471567,0.5384615384615384,1,4
0.06704121977122067,0.97948049569556761,0.19006165684732479,-0.98027258572722964,0.029162466126442691,0.19548710505062403,0.18593313992733118,-0.19941792577746725,0.96211296548553737,-2.5628346776086901,18.860657343028123,-4.0087811261838038,,0.3864166483633653,0.1,0,1
0.97267514186022197,0.23080559730121639,-0.025136520475717739,-0.21711514041716956,0.9426074223606693,0.25367747852777217,0.082244052726201403,-0.24128825824105962,0.96696219793028426,5.1030409992074048,-14.189838560272021,1.4729557520670606,0.5396917348128063,0.2163002476830097,0.3636363636363636,1,5
-0.20063792988145365,0.97735614382401892,0.067226402717449063,-0.96300867869651152,-0.20936193558071214,0.16965218738671548,0.17988525745064365,-0.030700945577319158,0.98320839403077454,0.013019452145168956,8.9117544884911464,-2.3963377187155666,,0.07610002781532525,0.3529411764705883,0,5
0.92303506791437384,0.38181435179892947,0.047159984739916339,-0.37275470174203174,0.85726291972887425,0.35518195166299449,0.095185060432375165,-0.34542450292109855,0.93360683215805385,9.2863037537293938,4.6537068116715705,-1.2749093874794137,,0.485221191663817,0.4444444444444444,0,6
-0.70582887136678707,-0.70334584225340602,-0.084322182905408938,0.69173515868449664,-0.70999546094401256,0.13194285004740569,-0.1526698221156387,0.034800454361181322,0.98766434267489567,-12.003323807105209,14.935054104434252,-4.0090340789818555,,0.4125459022811837,0.5151515151515151,0,1
0.55607231669658641,0.81250010025808828,0.17500618756000264,-0.81343650698096781,0.48880952047957982,0.31525593063275542,0.17060078462390654,-0.31766151760815953,0.93273068595205377,-12.828149788184964,18.358570355269499,-4.5793878594998221,,0.5143476226169031,0.4375,0,1
-0.22893954844835443,0.96376896493999031,0.13687974786199494,-0.95465188910884635,-0.24978365750453413,0.16201202135819698,0.19033248219149257,-0.093581550864245355,0.97724922080330601,-8.7675053806659626,-12.060475491332344,0.42882116125801506,0.4093720913511155,0.4094311002015852,0.6545454545454545,1,5
-0.9955571635140027,0.091433624759241675,-0.022490585571255418,-0.092835057060302734,-0.99306179228413061,0.072179837115629517,-0.015734877074896885,0.073947068696565976,0.99713802689227626,0.083259724088779463,11.385723711432087,-2.7531504541185492,,0.1264402902286623,0.2244897959183673,0,2
0.63357293991448671,-0.75619353730599004,-0.16357464334293628,0.76605064720010541,0.58351809107595776,0.26957938220748751,-0.10840542298434259,-0.29610466312391165,0.94898382111807456,4.3289571100011486,13.250976162188124,-2.9100951273705804,,0.3365857517988209,0.2142857142857143,0,3
0.49575758501863237,0.86779539721289434,0.033993609290680134,-0.85037706076914055,0.47711624238621841,0.22185343307889618,0.17630448495183054,-0.13889290776482957,0.97448729532944645,-11.417833359126401,12.535420455045314,-3.6357161466083472,0.3642287198269842,0.1438609257789908,0.3103448275862069,1,3
0.87451973078924805,-0.47240231575178343,-0.10977837916755064,0.48120428357515688,0.81694677409192218,0.31786853535655812,-0.060478739481095251,-0.33080813226575284,0.94175809085859397,1.3122502870067669,15.860855075462162,-3.4124626519044661,,0.2365489550303918,0.3478260869565217,0,2
0.99278262087262481,0.11921930537999366,-0.013016332739772199,-0.10779371161744541,0.93463583690178875,0.33887515122036771,0.052565991182661732,-0.33502628195949624,0.94074130714420101,-4.3321302283143348,-25.576055314800961,3.3005195292512433,,0.3029871234227783,0.3333333333333333,0,1
0.53865699087452779,0.84142394937119847,0.043062554575555224,-0.82465638233819094,0.51607308593057033,0.23153924299562031,0.17259923884793216,-0.16023204237190528,0.97187200563985887,8.8387693047018949,-9.0781154044995933,0.70848908582382553,,0.1173258567500513,0.4583333333333333,0,5
-0.33855724624167688,-0.93023306938065831,-0.1415818761278847,0.92175144566647726,-0.35811198304858161,0.14876182308902888,-0.18908533372266523,-0.080138905830136734,0.97868508333546045,-9.7506082123936508,11.71039899267671,-3.4636448574909511,,0.1840702203602187,0.1785714285714286,0,3
0.88613959879159077,-0.45803239091245512,-0.070448139283446606,0.46072670971341828,0.85439257441719396,0.24030028659452152,-0.049874947720551843,-0.24539693896986836,0.96813884951183171,-15.097586818480252,17.426226798471216,-4.5358527118230469,0.5249192201314233,0.424292824071923,0.7746478873239436,1,5
0.75396613191730877,-0.65168636410574488,-0.08270401900926598,0.65094041187458007,0.72422743122481548,0.22753287246034831,-0.088383551129171581,-0.22538746793053793,0.9702519452130246,4.3843417268175493,-2.4679523980505649,-0.54603971087826708,0.1499295632667145,0.1257490612653099,0.3888888888888889,1,4
0.81377798765179388,-0.57862702591631676,-0.054370503884332344,0.57550908827757596,0.78927667712625715,0.21408319937456313,-0.080960954313247221,-0.20550691429675411,0.97530109815016441,-19.72227501122072,-9.2658957677637073,-0.4766795586002045,,0.1447899498526354,0.391304347826087,1,3
0.79594316089803874,0.60389715705110225,0.042222130751939459,-0.59068565228997716,0.75947378135742005,0.27256198489412481,0.13253280649862467,-0.24188385464155543,0.9612113482816047,17.404837038184102,1.688083744858865,-0.54129401567446811,0.7977670283790302,0.4416654137855213,0.2413793103448276,1,5
-0.81213135172734185,0.58346414192641183,-0.0035018034776585819,-0.57766399381180411,-0.80318419360910465,0.14560034817914597,0.082139989012151443,0.12026947336114979,0.98933729131298576,1.9254381294171514,-7.3661640857060409,0.10610848037667157,,0.06502171270623416,0.103448275862069,0,5
0.066059491411116847,0.97468157204111028,0.21361642427017061,-0.98034280528626583,0.023509545601517575,0.19589610866238258,0.18591430208017459,-0.22235812193189416,0.95707509522135303,8.8079016745717045,-6.2203937088724484,0.26883262756041165,,0.4933016824832638,0.2682926829268293,0,1
0.94389209529478879,0.32708513876669887,0.045640162554300145,-0.31645479955477623,0.85624387462258222,0.40829252627259144,0.094467307989378135,-0.39982713660940744,0.91170948692659926,-5.0530962678854907,-10.242604105246754,0.32556563798018417,0.4833698594071774,0.4956342647744097,0.4424778761061947,1,5
0.52703914025513365,0.8410818180908366,0.1217009445984029,-0.83784429305792352,0.49026675506478085,0.24011549193777493,0.14229084731422156,-0.22851670432435367,0.9630853703672061,10.110804256751353,9.2402185976984086,-1.9618609404257816,,0.216200216039995,0.3333333333333333,0,5
0.15395916295040618,0.98454921441903298,0.083423141456525865,-0.97588743493787944,0.1382956918547753,0.16887278035484535,0.15472650217069181,-0.10741110743900864,0.98210109638710286,-1.8656160829140425,14.340281696522752,-3.3332897697442729,0.3990604687529294,0.198610158727941,0.2888888888888889,1,5
-0.91204490152919726,0.40834331752107289,-0.037813127753223354,-0.40959780765967319,-0.90255087822899771,0.13278384001246166,0.020093122081618942,0.13659299851730963,0.99042345448856584,0.38599278227911882,-15.651220409862182,1.4997720738658133,0.329254673349755,0.2243752200062412,0.3454545454545455,1,5
-0.28659088955616935,0.95804932584112612,0.0026741874965327001,-0.94330133572318164,-0.28266491616997219,0.1740205022101815,0.16747612380952881,0.047350125891973759,0.9847383985261009,11.454133275525976,-0.58754545735682207,-0.46209524328973423,,0.07204178414326216,0.1333333333333333,0,1
-0.92476247296823189,-0.37599937192900074,-0.058641631105190446,0.36921098736945696,-0.92383184621937198,0.10108395875002914,-0.092182511331331429,0.071827517149792838,0.99314812207683578,2.5497115620676873,9.4890577396014155,-2.3083651959465521,,0.06997089221014677,0.3076923076923077,0,5
0.56246023437048687,0.8122158022825513,0.15473840917628565,-0.80885373847955433,0.50170749525250535,0.30666792945318799,0.17144711866795839,-0.29764925622276978,0.93915430349356699,-2.905688359316462,-29.717882156440385,4.27032280392954,,0.4814547357852439,0.3571428571428572,0,4
0.89960005747063987,-0.42247954272925525,-0.11059282333903481,0.43094611104512781,0.81775679464409856,0.38152231152121102,-0.070747338988119593,-0.39087704049827104,0.91771997539413508,5.8759192810987368,7.7618110208126581,-1.8992795275296723,,0.4167519998563988,0.3214285714285715,0,4
0.25826923374071437,0.96594770033110366,-0.015557735311953966,-0.94834703091069272,0.25656830220848931,0.18657603078832827,0.1842143096120879,-0.033432716415299449,0.98231733243755637,-6.5925654513796763,8.0043357976848153,-2.6829456711047031,0.4084154979895935,0.4003725226065309,0.9083837510803803,1,6
-0.15406829705962502,0.96979411075419475,0.18910934029716062,-0.96632901188789988,-0.18781442897142459,0.17588058748449936,0.20608542069952951,-0.15564421934854469,0.96607643401465915,7.0536013104057007,-27.908584095175605,4.3188254849474914,,0.2258260220276601,0.1818181818181818,0,3
-0.33373379892940974,0.93795116174520898,0.094177330780593912,-0.92844092022492364,-0.34434398432404606,0.13937244387517439,0.16315394296198202,-0.040924792493723737,0.98575146576371109,-10.646796757503093,3.8471674331771819,-2.2383525985045196,,0.5544342687111592,0.2890995260663507,0,1
0.65632168701403237,0.73482617670327444,0.17109159297494331,-0.74257503124890445,0.58900954684130991,0.31882609161654946,0.13350717628930764,-0.3363008233136574,0.93224331057820586,-13.439930102094241,13.14960758843816,-3.8401290960341137,,0.3859034085743717,0.2608695652173913,0,2
0.70341233367732181,0.69972157903617915,0.12490316513899828,-0.69197749779114359,0.63399309337427856,0.34528234838233651,0.16241376598469684,-0.32930604213228343,0.9301501487576288,1.9072664250481586,12.386196147738977,-2.8378418841356861,,0.3051593233968699,0.4166666666666667,0,2
0.24926367963871152,-0.95664253934826804,-0.15067405192090882,0.95321981856747129,0.21488807732036591,0.21259137262775116,-0.17099589323479289,-0.19661680023551253,0.96545442065484477,-12.385813966750089,0.83232577904790006,-1.7672396694678345,,0.07416266763677881,0.2571428571428571,0,2
-0.19337050917514054,-0.97224578071679812,-0.13170416872571369,0.96316184820625772,-0.21368190089789352,0.16327675703715239,-0.1868879352479805,-0.095279520921587327,0.97774982104406472,-11.172852921516499,-13.065496251655894,0.44330644080323406,0.3019547845564846,0.2420962122975994,0.5846153846153846,1,2
-0.9599602981324824,-0.26607428774949221,-0.087639599542634353,0.26990703011028039,-0.96224883401716987,-0.03503393397326194,-0.075009473444633309,-0.057285729734332977,0.99553599837593099,-6.3358154242795388,15.748601239359523,-3.8087135405557766,,0.2088613425398698,0.1875,0,3
0.43249412528694059,-0.87806885636770238,-0.2048021363887596,0.88865056526203323,0.37671023152981353,0.26151400406139608,-0.15247624225351855,-0.29510080470556205,0.94322134762227317,-16.95968448459357,-3.3374942999232768,-1.3113942575731572,,0.08658040083224575,0.1875,0,1
0.56151327173340537,0.82630769432694617,0.043799999581434219,-0.80757522783426827,0.53570941231079705,0.24665294839115787,0.18034715704905752,-0.17387069867492738,0.96811356931230785,1.9765052348520498,10.207812277809243,-2.4608104680985652,0.5288016431099251,0.2943770316327918,0.2142857142857143,1,5
0.64219980193996717,0.75260854111155129,0.14546407884494533,-0.74948846526877033,0.57670593906563128,0.32508045200456365,0.16076832653644718,-0.31779025109711939,0.93443186027141645,-4.1577832751189154,-6.4918018341257646,-0.28942183253035741,0.2690402678765099,0.3129558622123504,0.1951219512195122,1,5
-0.98030585150842386,-0.18963130421420593,-0.055139876317986246,0.18584805546386138,-0.98027982913056155,0.067171101524826887,-0.066790252122933616,0.055600585084838589,0.99621666175565393,-9.5351259467207363,23.888695800632597,-5.1800336183330593,,0.3601894430139302,0.5217391304347826,0,1
-0.46216272512825174,0.88566364009363541,0.044783167799066693,-0.87425064187814483,-0.46350776486910744,0.14438271046664811,0.14863186292878056,0.027576593736998691,0.98850801757000695,-8.2487911552133948,-16.506784182559223,1.2769370995102054,0.2924518245482942,0.1376298589890268,0.5666666666666667,1,5
-0.15110420959717755,-0.97278253303491979,-0.17567487374174398,0.97069269437794259,-0.17961433740477889,0.15966960537288685,-0.18687752920911438,-0.14639956701031503,0.97141338052133608,1.5277609732475144,-6.0768007592953364,-0.11105273564103887,,0.1793668972215971,0.3148148148148148,0,1
0.97989665808010629,0.19950136060121867,0.0013215905951432657,-0.1827348217825138,0.89484609690104133,0.40725722555785909,0.080065750427705237,-0.39931149492499529,0.91331254542419049,-6.7025832854393244,12.941621349377947,-3.3837527490025159,,0.2335565062252173,0.2857142857142857,0,4
0.46465374296690698,0.87769713743212552,0.11723751144704871,-0.87042387361315054,0.42840452972650622,0.2425527554040362,0.1626627781366182,-0.21474937451192827,0.96302831046424298,-10.102017470415285,-5.3521878845381305,-0.76466218167559186,,0.08413650084767621,0.3076923076923077,0,3
0.43239158367431307,-0.89083866271619305,-0.13944172753392081,0.89198124707046833,0.39996427436871018,0.21070841013904393,-0.13193548894149698,-0.21548794917288511,0.96755256731561234,-5.8517521118968787,14.117351413636506,-3.5404109214649546,0.669380756480734,0.655892315933373,0.6582278481012658,1,5
-0.25073310166135093,0.96545421430989853,0.07093004865735425,-0.9484100352318825,-0.2596708582753946,0.18190505884658423,0.19403947228009555,-0.021661150333625888,0.98075454511487548,-0.97469998776620048,-16.745617658669953,1.5968113671812303,,0.09031632705148873,0.5,0,2
0.58902460493426978,0.79068563693051519,0.16693183738824033,-0.79041190220749535,0.52069416839147975,0.32268654736730978,0.16822318398709854,-0.32201522720966436,0.93166901516276301,2.0305923089667388,-1.8981490240228327,-0.74285801422050635,,0.1030363937226448,0.2888888888888889,0,2
0.99106897597571242,-0.11400926190436653,-0.069167716880597599,0.12969348135786238,0.94472611020982988,0.30111821197178107,0.031014283027836431,-0.30739951998633019,0.95107499670659201,-3.5691825761996596,7.7921625552973541,-2.5050050115171349,0.6710565118697607,0.6185099311077021,0.4910179640718563,1,2
-0.87137347512398777,-0.48165438778690789,-0.093366576332027773,0.48614253304486266,-0.87329423664065675,-0.031978333523461668,-0.066133988349941317,-0.073254535530791212,0.99511811791821925,-12.20422193151667,-3.9124850295457279,-1.0063979840206581,,0.2732979740366751,0.3698630136986301,0,3
-0.41629147440928765,0.9076382563384584,0.053797806321688124,-0.89785596144291158,-0.41969319522884069,0.13308754404538747,0.14337391964917476,0.0071005288176864958,0.98964311832849294,2.1238663788278545,-10.870927557122348,0.73359134739159082,0.2556349726067589,0.2181629303389958,0.4752475247524752,1,5
0.38695333513014663,0.88742883297192421,0.25047391648981404,-0.90397650234930571,0.31149548539442218,0.29291132750238674,0.18191646333406333,-0.33976555003264125,0.92274902946524129,-8.6337242036304644,0.74148362087028286,-1.6239099486146282,,0.124104750510573,0.3211009174311927,0,2
0.99874216993832998,-0.020403800705203621,-0.045801341723338967,0.030202541164076283,0.97395695991329689,0.22471236446551157,0.040023549244263906,-0.22581303140702699,0.97334813420104793,-10.264848221761042,-12.282515140262943,0.34741603567421842,0.3816201631310913,0.5290162577069013,0.8673469387755102,1,5
0.64232827201097875,0.76633449971950107,-0.01207582357654655,-0.74900338332339089,0.63098651883004808,0.2021136928187974,0.16250637755332498,-0.12077850634280617,0.97928761334967229,1.6436172929658648,7.8043175749943687,-2.1937116265236907,,0.07471783768739666,0.25,0,5
-0.22810573204742704,0.9713542646909008,0.066623325299089875,-0.95933549087371039,-0.23591343635404596,0.15498472988563863,0.16626241594902397,-0.028561215212704927,0.98566782742888048,12.04138726845569,-1.7449464118194717,-0.22488296227811475,,0.4576527618875781,0.25,0,2
-0.96331165888215153,-0.25477793050138797,-0.084373301411930474,0.25264672974565322,-0.96691734624949111,0.035220384306111852,-0.090555385320506956,0.012611568152818955,0.99581156377006552,-11.346901729161456,8.4507379421050111,-2.9900933160419272,,0.3054446692853965,0.3272727272727273,0,5
-0.23560830873962801,0.95255020941417523,0.19270916791336706,-0.94650252464681506,-0.26989774381782633,0.17688464805983486,0.22050327818437687,-0.14072422118120698,0.9651813290169291,-7.8385549123534757,14.708203775560074,-3.7337948106034298,,0.2626918078423677,0.2368421052631579,0,4
0.98913206039481738,0.1403450995571294,-0.043829443635555715,-0.10864589065097506,0.89852760992851033,0.42525780961766552,0.099064814862590306,-0.41587424448558696,0.90401038447010273,-0.49738936126563926,-22.541541786258271,2.7766009796123319,,0.2902129319943375,0.4090909090909091,0,3
-0.62568570819185088,0.77465658057617026,0.091785493050353925,-0.7741122881394511,-0.6311104831735832,0.049494680319293417,0.096268166680188949,-0.040084163935910855,0.99454798772386743,17.015899831554467,10.71821451752418,-1.9810352363269059,,0.3212554379444059,0.4117647058823529,0,5
-0.64103304855307286,0.76684296421196052,0.032070218293074,-0.75788848465449798,-0.63903808345340229,0.13128355846909853,0.12116796396267608,0.059851450565665036,0.99082598289221502,-20.500143904607913,-10.72496406516804,-0.21900429821851883,,0.1001742955913723,0.1304347826086956,0,1
-0.99027685254238262,-0.12932874569723424,-0.051242861504131598,0.12256378684075543,-0.98537677279399483,0.11836694552680399,-0.065801774094665255,0.11093552710683635,0.99164682995082631,-1.6071048694959302,16.79498650310698,-3.6446206855871677,,0.2051918435848577,0.2916666666666667,0,4
0.90471532676226962,-0.42451427773706879,-0.035746405676859334,0.42121739458600826,0.8788094271941338,0.22420949394014053,-0.063765853084662566,-0.21790277343827857,0.9738851561186731,-8.2840392631764299,-1.4742358531506701,-1.2729536224380671,,0.1097756806287901,0.1130434782608696,1,4
-0.51155408845905059,-0.85627201951812493,-0.071488762551770613,0.83593539622092383,-0.51519765829131148,0.18916497095423893,-0.19880751476188926,0.037008127235820511,0.97933955837222286,9.9480003099059537,-0.67740101560625043,-0.50298648964436488,0.1288562471855764,0.1524731195672108,0.3090909090909091,1,5
-0.98032059714311393,0.19675149450122301,0.016136177629896945,-0.1965493820422935,-0.98040380605874322,0.013293512866152709,0.01843548848717767,0.0098603487293955124,0.9997814292570022,10.899145563296999,7.0363870569457365,-1.6076055549379396,0.5856953306631388,0.4130600330646956,0.5333333333333333,1,5
0.68081205151094093,0.72752603425184292,0.084857645520315786,-0.71426226651121705,0.63376588185314608,0.29693470938434413,0.16224785100495071,-0.26276734288090642,0.95111984437271924,-2.9500536313882648,25.84650383462726,-5.2114090058336426,,0.3228245475865317,0.75,0,3
-0.69728472115487139,0.71459105645238208,0.056157276307185394,-0.70805873554095644,-0.69886384399532064,0.10120353047313221,0.11156542774585332,0.030805025472356758,0.99327952044604872,-5.1084980548539001,-13.184982051714913,0.79113952359441631,,0.09892106435787883,0.3103448275862069,0,5
-0.38090843117857687,0.91572812353725308,0.12787013263470035,-0.91065956461603148,-0.39549043664869388,0.11952603018909544,0.16002476192894152,-0.07091768666817895,0.98456221605707539,-1.4564295362817516,-3.2964717446996281,-0.64860588630602256,,0.151401883190871,0.1732283464566929,0,3
0.88125355004065042,0.47227721709564652,-0.018612113075673196,-0.45857107125875968,0.8638891182368017,0.20834625985756103,0.11447599375128231,-0.17507090450566695,0.97787802166232574,5.6826419447345282,-11.273442941412181,0.95493861968161053,0.1780828398485425,0.1108542720619839,0.4680851063829787,1,5
-0.76221335464279061,-0.64579941328281476,-0.044428817312134716,0.63210352075659126,-0.75733100705507961,0.16399659996493823,-0.13955622899499875,0.096916786763235563,0.98545989030106396,12.765348144923781,-10.691289824988853,1.2177071856549835,0.1487215019778825,0.1154663529155826,0.5,1,5
0.88921339493810747,0.4543341617664961,0.053665703336296444,-0.44488655020766998,0.83139413548511698,0.33295607657057819,0.10665596892327404,-0.31994415283434974,0.94141395961614438,9.5840441860547347,-10.848920114656305,1.0621740257736674,,0.42525377521903,0.5344827586206896,0,5
0.27184391737003527,0.95704977636702016,0.10078000865622778,-0.94258165477617117,0.24368531998403076,0.22837970335319857,0.19401213536355888,-0.1570770205348842,0.96834193390122048,7.9856899764735605,-5.2562544711775612,0.067834289451027069,,0.09914542424602896,0.3125,0,5
-0.67039834658752018,0.73705882226139663,0.085500581397800646,-0.73503339787988697,-0.67543374480859597,0.059288787936542645,0.10144930208664245,-0.023098677461694958,0.99457251631324206,9.5088032774902054,-3.5357112954209704,-0.16267593762749291,,0.268911147919626,0.2857142857142857,0,4
0.8847906665580485,-0.45346241862260372,-0.10731873680165688,0.46324965275993851,0.8310117539457309,0.30792730314448746,-0.050450327943049808,-0.32216657135863602,0.94533775165781908,-14.497206934190725,7.3718252086939087,-2.9511705765801182,,0.500938615295225,0.5365853658536586,0,5
0.080204688486211442,0.98292162603614353,0.16562694531776506,-0.97919551329939747,0.046622566605434332,0.1974904631050621,0.18639569383212645,-0.17802082280897935,0.96621179457055617,-7.0594553096593371,18.544261169731826,-4.1952717693453074,,0.08527252280177791,0.1428571428571428,0,2
0.96471315825649717,0.26330221921111013,-0.00068091503055795746,-0.25131244728550223,0.92154918189259238,0.29595465732518134,0.078553014748932976,-0.28534022974617218,0.95520174683794212,1.7360468922374339,18.562323368373132,-3.7975722373453746,,0.1553346372161029,0.2222222222222222,0,1
-0.8320590347981488,-0.55131749150541742,-0.061047409207486698,0.53966597099451308,-0.83004796259873725,0.14064501248261141,-0.12821233310926722,0.084079743968797499,0.98817619597560613,11.88892884768169,-7.5962951610720291,0.63839247890992612,0.3148265922322382,0.3357896414877252,0.8888888888888888,1,5
-0.57679191342580671,0.81168495198086288,0.092079462066310583,-0.80467244432500029,-0.58396641143773753,0.10717036743690207,0.14075988757677385,-0.012278804516551799,0.9899676181618362,6.6059805833915703,-6.0343403363325523,0.16579598439358773,,0.1626259453073218,0.2173913043478261,0,4
0.21584419356354309,-0.97357190688642103,-0.074625908546842618,0.96103645708332119,0.19830398086658699,0.19257325704573502,-0.17268529833672044,-0.11328403812542313,0.97844085894056787,-4.4423008679371394,7.1200075804930822,-2.461738787527342,,0.08276850015746706,0.2212389380530974,0,2
-0.4115449538364695,0.87617292320918283,0.2509018923938473,-0.89762750396538749,-0.43732882449648219,0.054848549565085183,0.15778344367076846,-0.20264379561092119,0.96645738499107836,-4.9381126660365187,22.321588601072762,-4.7047718677526644,,0.4183398789842735,0.15625,0,3
-0.35862926731988704,-0.89409919967890472,-0.26827536181159711,0.91531429631988648,-0.393236275164555,0.086976840866624189,-0.18326152780666385,-0.21436383330274922,0.95940781704013611,-12.421885384473924,11.485606847585856,-3.5613499587889805,,0.7948480527221444,0.6074074074074074,0,1
0.98214868931723831,0.1872475420146818,-0.017952996459965898,-0.17411741936349007,0.94107652855668344,0.2899277352615674,0.071183399375347012,-0.28162621577041247,0.95688013786691595,11.572225634459397,-5.5814953933247491,0.26146594610667889,,0.2712460473099461,0.2380952380952381,0,6
0.47764447658245535,0.85233350963580767,0.21303366480952551,-0.86048844514153133,0.40494172275818352,0.30916312352469044,0.17724387089030952,-0.33098306530929877,0.92684131366177169,-1.5553448782824431,11.471330693364834,-2.8524438530910268,,0.2867706568427096,0.1111111111111111,0,3
0.94208952233379162,0.33534757267368132,-0.0030557177157587378,-0.32688383635226265,0.92027196337777373,0.21504992665063885,0.074928562247754515,-0.20159741794648053,0.97659827546273947,1.6743905095696581,14.786706488962743,-3.2384913070585482,,0.06672542174789337,0.1764705882352941,0,2
0.98679210961687891,-0.15314319061847392,-0.052806207637582821,0.16198552833443786,0.93571480430987197,0.31336638876170403,0.0014216216383908706,-0.31778132129269687,0.9481629663878387,2.8837838633797084,-19.784287109323369,2.377868156048514,0.2161009540794658,0.122943004720366,0.391304347826087,1,5
0.55279839069354364,0.81282077869374381,0.18367449733243951,-0.81560230284439472,0.48253835052726074,0.31929551181523236,0.17090003757035555,-0.32631138808525606,0.92968492252177837,-18.483806513603607,15.487840478819596,-4.4137942315676053,,0.5039851807039317,0.4333333333333333,0,1
0.2519146677361544,0.9677478058392821,-0.0017845090750159777,-0.94346961170990395,0.24600443018800658,0.22214164874655648,0.21541609029816508,-0.054277109550252133,0.97501277090073224,-11.263669016429416,-0.22896722962660321,-1.5922783746527136,,0.08480376411686064,0.3493975903614458,0,2
-0.48930609255863211,0.86868504681405923,0.077238832375036121,-0.86301563196719056,-0.49505802054312442,0.10060603995881326,0.12563266599604636,-0.017431171434505188,0.99192368027845135,-9.3445702871572767,10.388523755515637,-3.2029145107319206,0.5565683130918053,0.3526026984149886,0.7166666666666667,1,3
-0.3204111095010318,-0.94507144723330017,-0.064627242960481432,0.9291170211908728,-0.32683116175552857,0.17298252119486179,-0.18460303854952401,-0.0046207499268899124,0.98280230302355132,4.6601469195985379,20.40300468138549,-3.9694095524446453,,0.3525530453547839,0.4761904761904762,0,1
0.79665201979134936,0.60410852741757703,0.019961123809248485,-0.5891746650051084,0.76873639638728941,0.24883240742636537,0.13497693683915005,-0.2099934283991976,0.96834084213703897,-6.0221760480807669,12.840421986071748,-3.3332364557173166,,0.06574642527099672,0.3636363636363636,0,3
-0.86726834302523326,0.49776628023437081,0.008622728564844119,-0.49370149706582939,-0.86215704299751927,0.11377198690684526,0.064066004879530181,0.094413788566132389,0.99346946784859225,6.2816627428123279,-7.1838077436593251,0.31294094163924646,,0.06871496447977869,0.3043478260869565,0,5
-0.71277907998727796,0.70120837724894103,0.015899522269448952,-0.6991083302754636,-0.71210562833181745,0.06444467889284114,0.056511288004639872,0.034819330465342815,0.99779461240978973,-3.1423832136079999,-1.4053020928741624,-1.0290722936806007,0.9582574534122745,0.6755001219788733,0.3210526315789474,1,4
-0.38638132491232891,0.92067914174589083,0.055311750225818343,-0.90815093770485811,-0.39023110728269916,0.15159669275649035,0.16115627851492614,0.0083427131659061359,0.98689363815572939,-19.828038545823318,12.703360159857949,-4.028475988658287,,0.1885893212700958,0.1333333333333333,0,2
-0.59525903631117938,0.79723975911855471,0.10037652200826509,-0.79315729904874066,-0.60298023236439335,0.085535596937706737,0.12871743726315232,-0.028698534080541283,0.99126596606866102,1.5984755728551847,6.7846777176758621,-2.070178161021754,0.3535643709724509,0.1917386432721239,0.1111111111111111,1,4
-0.44149342588540713,0.88671740598882764,0.13717068497463758,-0.88349477408395405,-0.45628811379044731,0.10601010036736688,0.15659035432078783,-0.074386820942963963,0.98485839682854404,10.487320557080462,-15.278476548462576,1.9345049810081658,,0.3651667496386523,0.1578947368421053,0,2
0.083091650546915252,0.99592311563549341,0.03511303678524811,-0.97905706380794844,0.07501167984338783,0.18926308064393624,0.18585758907601635,-0.050103848454644037,0.98129840566103343,-3.5470189984696447,19.810316388236323,-4.1822365621770032,,0.08569016521720418,0.3333333333333333,0,2
-0.84132489190606918,-0.52544042103187605,-0.12682582625429981,0.52193467016595141,-0.85071698387669181,0.062167623587395741,-0.14055826670103974,-0.013891626599839372,0.9899749473458459,11.047247809627896,-6.2648026254430391,0.35943389511326446,,0.09394470844629006,0.16,0,3
0.39552558139599908,0.90246193337784386,0.17065161372011789,-0.90143475508324933,0.34583224993412026,0.26041397280773187,0.17599686585095425,-0.25683168361677589,0.95029605360709224,-3.538083437171216,-8.5881139232224104,0.10175369803396557,,0.1334128704418565,0.2268041237113402,0,5
-0.48688971449198937,-0.86266476552289728,-0.13692300116208739,0.85550057486542463,-0.50260882975065291,0.12451156838465544,-0.17623045232546106,-0.056514304224710377,0.98272527243943419,-7.1226945347187458,21.115463549498173,-4.5560943823806488,,0.7133668028299723,0.2,0,1
-0.37330385604733574,0.89831940739555471,0.23166025415830371,-0.91613697054651522,-0.39628713468597199,0.060411572403277269,0.14607286626216379,-0.18968065051259791,0.97091913595472745,3.3322717430613209,10.621576367959101,-2.4850350477910985,,0.1495480449561266,0.28,0,4
-0.13945853981996315,0.95452524680736806,0.26350117434010834,-0.97428941454478601,-0.17981805796214487,0.13574093979599772,0.1769504235012217,-0.23779617162194849,0.95506100767683066,-8.5048335405576587,-7.0905357351159379,-0.40820136363429577,0.6622658641592117,0.4420976339012531,0.3777777777777778,1,3
-0.54472416918644329,-0.83567125948400456,-0.070207731600982037,0.82074460593011445,-0.54843566001265431,0.15998943297325857,-0.1722029945754707,0.029527493948873197,0.98461883780493409,7.3110916350373749,16.215341609271437,-3.2177369201849886,0.2036534824540501,0.1412134647406307,0.4285714285714285,1,5
0.96854398800489283,-0.2389073101390177,-0.06961207123564378,0.24853272778435256,0.9147655093980589,0.31848947554947316,-0.01241074210698344,-0.3257719447371869,0.94536692003819611,-8.1446226947747604,-10.513974415222506,0.21354271632640906,,0.5002350095251991,0.3333333333333333,0,2
-0.14280596427936465,-0.97049310210095074,-0.1942925509141164,0.97236565960737209,-0.17419930183687554,0.1554336747808063,-0.18469293593031963,-0.16672654861784558,0.96855086464440288,-0.881727022873668,-1.1786767259779871,-1.0013200516195404,,0.08431501608368838,0.2191780821917808,0,5
0.3688290092094097,-0.92425621437471006,-0.098567804862114597,0.91921385677538314,0.3469613622319489,0.18618189662337403,-0.13788055511105102,-0.15927417652551545,0.97755853492994915,4.8270863266437356,8.6785712413764262,-2.0982067710763523,,0.1115484439350057,0.2142857142857143,0,5
-0.97386901909979295,-0.20889845171490629,-0.089109878850340399,0.21407474587181072,-0.97537635978462445,-0.05303734489220735,-0.075836250022842333,-0.070727601715386001,0.99460870172046234,-2.5754843318077212,-4.7266304193937332,-0.54361895532131643,0.2931311222692787,0.4161903894126344,0.25,1,3
-0.9932077973095258,-0.1077782657158111,-0.043841952543799641,0.10375608922157638,-0.99092115560006111,0.08549817152246425,-0.052658762927029097,0.080368581072036066,0.99537326961470285,7.1301255692408985,-10.481052718204534,0.9006678264846748,,0.1561623292394362,0.2083333333333333,0,3
