axis_00,axis_01,axis_02,axis_10,axis_11,axis_12,axis_20,axis_21,axis_22,location_x,location_y,location_z,dbh,dbh_approximation,score,reconstructed,number_clusters
-0.99498298520672535,0.092788927277306546,-0.037404199280840753,-0.089807768639751914,-0.99314976675268729,-0.074753631958804204,-0.044084281110878046,-0.071019404206246931,0.99650028619420228,7.3178569917913894,10.034518986503405,-0.9903023037191887,0.3423233322376815,0.3457716431754526,0.3137254901960784,1,5
-0.99630811129223951,0.08420736979048718,-0.016711261061313248,-0.079682114865560913,-0.97949218639645175,-0.18505625457911787,-0.031951650095773901,-0.18304145885910075,0.98258583156632684,3.4737530264268099,27.616658200239893,-0.79334958013067913,,0.1429972411075645,0.3,0,3
-0.05595372407753868,0.99821952342140841,0.020663102917791103,-0.99814809086835998,-0.055431069250809414,-0.025055643227833248,-0.023865654353131868,-0.022026793276565034,0.99947248632478525,-0.56065170445701151,21.597908175450087,-1.0861921164525354,0.3110946947200149,0.2978453655836176,0.6730769230769231,1,5
-0.92985842593296686,-0.35062663846164677,-0.11146420108067602,0.36716788675309692,-0.90368255457321234,-0.22033062314916704,-0.023474468231095131,-0.24580236158572788,0.96903567962183335,-25.791170228405367,4.0338770996650144,-1.9473862071358155,,0.2332090866360229,0.2,0,1
0.41988855024263089,-0.90353019959894665,-0.085596634208535055,0.90719036147340248,0.42058739375043985,0.010577914159727855,0.02644340040349805,-0.082093986569666599,0.99627371938850218,-7.4233938680300708,-0.86017227249914152,-1.40807568225139,,0.0960993287965012,0.398921832884097,0,3
-0.83741204963097104,0.53955129544696623,0.08732387253412785,-0.54549461974147895,-0.81499883514059002,-0.19548022547710606,-0.034302754495158058,-0.21133219892146524,0.97681217372280038,-25.445902967030797,20.497140171196641,-2.158809943707062,,0.2021710942893231,0.3181818181818182,0,1
0.52527627110616548,0.83952979290017804,0.13883287019213333,-0.85061227562900865,0.5135729881049842,0.11270111995076462,0.023315135900118199,-0.17729216768346351,0.98388205172980803,-7.9459837157861619,5.8606982247769013,-1.6877570494635241,0.5192947487973787,0.285723671660068,0.2650602409638554,1,3
-0.98396378362286552,0.17800678997516708,0.011351442256986156,-0.17616778808651407,-0.95988855720482935,-0.21812580816569618,-0.02793175539206226,-0.21662765398251857,0.97585463905786185,13.326738012735403,9.6028998411975426,-0.48984522812173442,,0.413082163438878,0.3333333333333333,0,5
-0.50666524744504438,0.86133509876076442,0.037311857019400721,-0.86111265247609481,-0.50347058033610048,-0.070727466246249718,-0.042134626817336845,-0.067964861353602066,0.99679759773193122,22.994710148933073,0.84401480323362243,0.24767104061090187,,0.1187383413757688,0.2941176470588235,0,3
-0.099712444164224909,0.95689206410677152,0.27279114012056888,-0.99485249354177663,-0.090901745661521427,-0.044781566848406652,-0.018053935097550808,-0.27585222544901006,0.96103049126566331,19.850562182475283,-1.7404771201630296,0.028807876108798217,,0.245942253050701,0.4,0,1
-0.9992338710362787,-0.024195164573250272,-0.030761420401662663,0.02855623692466857,-0.98822467646873813,-0.15032142279449304,-0.026762143160754006,-0.15108468760775143,0.98815849177341586,1.804747467462791,14.234010027378854,-1.211782373859783,0.1919463669289875,0.1459264052361364,0.1739130434782609,1,5
-0.88472547987977668,0.46599251987082291,0.010573394721713465,-0.4643489673064502,-0.87918003425625235,-0.10687611485551525,-0.040507552541884095,-0.099465766923182888,0.99421612308262752,14.797344364676439,8.9415071132669972,-0.41268090871173285,0.2257249556559585,0.267275683195529,0.3333333333333333,1,7
-0.09469067029304068,0.9955061725393286,-0.0010664874835336136,-0.9953454848746992,-0.094694559179880566,-0.01789710035952367,-0.017917664440585717,-0.00063316492793454493,0.9998392652837601,0.55451973102329721,-4.8605734699576386,-1.0678523161973383,0.09865654783180772,0.0882834525007429,0.3852459016393442,1,5
-0.035440250121525747,-0.9969763868335384,-0.069152532619333421,0.99934220409365249,-0.034821751537319791,-0.010129399642374149,0.0076907599472002828,-0.069466032823369453,0.99755467143170551,-0.93679371370805131,13.179763679329431,-1.3964810379512835,0.3496888732637845,0.3092890417609476,0.8056872037914692,1,5
-0.52949675615948477,0.8473778070364304,0.039799966818009069,-0.84729743728961038,-0.52598727822021651,-0.073650769941314573,-0.041475751699556231,-0.072720253661685094,0.99648960191681757,1.7293037173045789,18.580632684964463,-1.0685189208497141,0.2387597940944932,0.2053938822500171,0.3829787234042553,1,5
-0.98520436894934138,-0.12094741576855345,-0.12142517869881717,0.14712104406006157,-0.96025122862440071,-0.23721925790290968,-0.087907620817585574,-0.25157364835021662,0.96383761581396754,-38.822396062964167,11.937025168065974,-2.3599328749826998,,0.5622600864301109,0.4736842105263158,0,2
0.46629530911448025,-0.88208188637249352,-0.06708375683707346,0.88403093836462909,0.46742650845417838,-0.0013263515710274637,0.032526676928107387,-0.058685644989895876,0.99774646597226024,9.9700891377455463,9.3959605653148142,-0.73266254444328704,0.1823837972720335,0.15476676556594,0.25,1,5
0.68091506055516771,-0.71989897581596007,-0.13453677909138601,0.73203506078890679,0.67451982200442029,0.095643502125898547,0.021894065061883679,-0.16361074030227096,0.98628199596910859,1.3231143958602878,-9.9181116068781634,-0.95560094939992113,,0.4862450916821415,0.1851851851851852,0,2
-0.99024399706836619,0.13325554330291317,-0.040740476790425556,-0.1229840384163477,-0.97324808515192796,-0.19406980971524598,-0.065511468956756302,-0.18716603572002843,0.98014137883673536,9.2793297164222235,-6.0878363557924331,-0.64849158089608439,,0.2245332904089613,0.4901960784313725,0,5
-0.017086211654695573,-0.95261060075013604,-0.30371220704765151,0.99974907631087739,-0.011876297630000809,-0.018993103225931802,0.014486054909401918,-0.30396051864192525,0.95257448911887876,-33.694257187691541,16.713260095182683,-2.2669386724543172,,0.09333113040539381,1,0,1
-0.55464242926066532,-0.81726346110996972,-0.15637202690501154,0.83207500258853528,-0.54583365035164644,-0.098573912426595689,-0.0047922574135377052,-0.18478652894177702,0.98276699832184677,-12.391564740751155,-10.914862655883171,-1.333793461046036,,0.1383112814618256,0.2,0,1
0.98367240810565537,-0.17624880351661282,-0.03639990096943032,0.17797334646422561,0.98269538402683765,0.051334882493986773,0.026722303043462105,-0.056974919669176685,0.99801792421215796,-0.9487085060956747,18.878834611995469,-1.1837978259096293,0.2032937441742541,0.1622449815003364,0.3409090909090909,1,5
0.98211929799904285,-0.18181939533859628,-0.048819995663405738,0.18527259257363216,0.97948352675190875,0.079284848884814366,0.033402858244656601,-0.086912187294706691,0.99565582444976286,-14.922671973657955,-19.080710027892774,-1.3216487579130298,,0.2387848187256375,0.2307692307692308,0,1
-0.30779659807715887,0.94838736483235875,0.076306359095845128,-0.95116696718457094,-0.30474957367150385,-0.049082561912997993,-0.023294951149005767,-0.087687533739824006,0.99587561556531434,-3.6972559777677092,-5.7405502660261352,-1.2108247050085355,,0.09617412400979242,0.3088235294117647,0,5
0.95846224333220575,-0.26837711000003517,-0.096560110473344465,0.28281814625576973,0.93810973222108573,0.19991004592199171,0.036932698994869118,-0.21891518252536013,0.97504467518408711,-11.646029238052977,-15.781438975640578,-1.2733990031676659,,0.3770993147663719,0.6666666666666666,0,3
-0.60230160053261617,-0.78764184184228581,-0.12981953233292962,0.79825833458245066,-0.59510129333026762,-0.092941282250112431,-0.0040513288561945943,-0.15960820673115325,0.98717212636832696,-12.075082330313622,-8.8557519295564529,-1.355831617109666,,0.2880797526595877,0.4,0,2
-0.34591984914850421,-0.91805581107076462,-0.19368269340412519,0.93774905576554546,-0.33144508001465073,-0.10378278925192309,0.03108321694907714,-0.21752628966008225,0.97555940205136338,19.817343738562521,-7.9001466887957505,0.10566599866901663,,0.3566683708363882,0.3529411764705883,0,3
0.028975601384459579,0.95469915166743691,0.29615864723132013,-0.99948050731033633,0.031854552529875187,-0.0048992846206602058,-0.014111344056528467,-0.29586283526086543,0.95512619725370318,1.6056873868582129,-8.8750891929535065,-0.959643033096933,,0.08266746862508903,0.3333333333333333,0,1
-0.96526332145419624,-0.24427601828802994,-0.092714330847817217,0.25948854184498243,-0.9377344973405799,-0.23091060856654877,-0.030535502392743687,-0.24694784750379001,0.96854754333840865,3.9426301339484686,20.077275235045263,-0.94104872023675301,,0.3307176217691152,0.1363636363636364,0,3
0.37502623941036151,-0.91912148698916474,-0.12071044655931873,0.92669994452629478,0.37509742610747365,0.023002907262156549,0.024135711480817012,-0.12048905793629669,0.99242120813137547,-9.7376982517558606,17.810520810917193,-1.6198286521278689,,0.1243318268139306,0.2,0,3
0.54566687119331725,-0.83189814568365272,-0.10096108601931252,0.83756923987934229,0.54528459458298739,0.033800581628286912,0.026933883679098086,-0.10300575769620997,0.994316036173305,-8.8000218022086614,15.92644171178298,-1.6701051296387883,0.1968222376942051,0.1711312621292757,0.391304347826087,1,5
-0.22235010948061024,0.95548019899882808,0.19395364945038218,-0.97472813846781736,-0.21345041942870308,-0.065908834952344453,-0.021575098911135293,-0.20370691634520369,0.97879415984164075,-4.9502556481383797,-15.725737874793944,-1.1020266571234858,,0.2699481647472588,0.1666666666666667,0,1
0.75199481146803371,0.65739183513730781,0.048371258201136379,-0.65907336460541832,0.74860837932195956,0.072165050243479301,0.011229585604620137,-0.086147951245246643,0.996219065719682,-3.603108233424698,-10.178798781170835,-1.1602378494502745,,0.1319686721089933,0.2692307692307692,0,5
0.75827242337397949,-0.64763882485887536,-0.074745464651499907,0.65108591234009239,0.75814721244784455,0.03605466696328552,0.033317663525873176,-0.076004978738098153,0.99655063920715969,1.5660482009090375,4.0001122338984638,-1.16624734029143,,0.07379650651899394,0.2365591397849462,0,5
-0.61962103613235509,0.78240074383319957,0.06260069992838363,-0.78380711854135632,-0.61257679751549066,-0.10196111057438494,-0.04142671247110042,-0.11224412320884443,0.99281674255570163,-18.066197957370061,12.284266693116155,-2.0509486526523011,0.4673586887382372,0.7750715898214414,0.4653465346534654,1,3
0.28374031103849456,-0.94189307112931553,-0.1798023316043611,0.95808690230354365,0.28619663553028263,0.012687531105211753,0.03950852472793176,-0.17586622293588033,0.98362093720299026,4.7821859058798397,19.129066834552404,-0.92541047265359411,,0.21154659764216,0.1428571428571428,0,4
0.96077179423610026,0.27733963815724816,-0.00053339211870053111,-0.27402729004946236,0.94958988159911795,0.15227639696526105,0.042738784593077721,-0.14615670313530121,0.98833780379995906,-12.920993902122087,-7.2148846176352404,-1.4111645198287424,,0.1510630641530138,0.2549019607843137,0,2
-0.98432879864334255,-0.17085097114052344,-0.043666483963049979,0.17387702732455326,-0.98160339961636711,-0.078876772438837089,-0.02938699593581804,-0.085233277080795186,0.99592755406602584,4.2594717852468946,-9.6621402321123657,-0.8077358249107911,,0.1498608273470562,0.1666666666666667,0,4
0.91594822033283707,-0.39709821016203561,-0.057895329303980003,0.40000484223996291,0.91501444499532447,0.052389804680685027,0.032171164941464159,-0.071144760425527601,0.99694705938194261,-10.959189391487991,6.9170032432581516,-1.8135801393192057,,0.2849952537938439,0.8393501805054152,0,7
-0.70351127680013326,0.71021337416786501,0.025862068133529214,-0.71011206222993095,-0.70101964478098855,-0.065668232096593324,-0.028508638876691663,-0.064563308343313253,0.99750630911546867,-13.360768730450573,2.8588608555934862,-1.6493834925507549,0.3384893979256149,0.2857730062517275,0.749156355455568,1,4
0.99823777454764095,-0.022234789831903263,-0.055017811545941646,0.027859011615460654,0.9942216760595548,0.10366838633421137,0.052394856025981089,-0.10501844111612378,0.99308907258490942,-10.481565144715617,12.256629222120798,-1.893171013710353,0.588914971151325,0.2390386293338393,0.1111111111111111,1,2
-0.86972516364571462,0.49352399935940822,-0.0034931043116640287,-0.49168393756703749,-0.8670517093337814,-0.080425362168555489,-0.042720548451663821,-0.068230457991021315,0.99675451307848417,11.704519406845341,-6.6296308061856468,-0.5066114501510931,0.1404751845354278,0.1090794894318454,0.375,1,6
0.19345514869123104,-0.96423386977240522,-0.18118540180871875,0.9808462357947203,0.19435153830188481,0.012966930516488596,0.022710507968385887,-0.18022353881617184,0.98336346733260016,6.2762900392960548,-23.554365148215584,-0.53088797847417735,,0.1531291341091599,0.1666666666666667,0,3
0.81116233296747198,0.58450080595627574,0.019351418842862456,-0.58440730491900239,0.80890008610712871,0.064410811617208616,0.021994806934269733,-0.063556734752059321,0.99773582171613928,20.943428271470825,19.509574409529719,0.11098780014984445,0.880395374601513,0.8118992068830249,0.8909090909090909,1,5
0.20987935920195924,-0.97035045321639346,-0.11987765648241143,0.97659674120050544,0.21394947517041182,-0.02200970583306356,0.047004889719343565,-0.11245274570700965,0.9925446691839247,-7.3831699676501161,-2.5537067781406595,-1.3722947350902897,0.4707991546300722,0.352624224098698,0.7780337941628265,1,5
0.95140804007017821,0.30454309247906136,0.045565843711187999,-0.30793118934647401,0.9414382021828408,0.13737719642796073,-0.0010601497481304782,-0.14473291365142354,0.98947019146029902,-9.4675551925322008,-2.088359914467651,-1.4381431838580685,,0.2851865190176108,0.174934725848564,0,3
0.23847710906707217,-0.96607881811613949,-0.099097858898850852,0.97098752379426678,0.23904871360558194,0.0062402852015074253,0.017660608338657822,-0.097710949800118255,0.99505812553954276,11.025859343826761,2.9374965948277745,-0.65271241662835899,,0.1536305853097986,0.1739130434782609,0,4
-0.25648568720500814,0.96617654911620743,0.026794928566285178,-0.96620999042648947,-0.25556431784455935,-0.033543014841975104,-0.025560646686236858,-0.034492830886180624,0.99907802395930978,12.002719116983425,-9.2622569254544391,-0.43416727479001749,0.1673741996523331,0.1291361891001303,0.2173913043478261,1,5
-0.72655134848079728,0.68695897658686011,0.01450870454139193,-0.68626963222256632,-0.7244533000849811,-0.064818268143203447,-0.034016612262818373,-0.057050683455281283,0.99779160630236119,4.25990011517169,-12.441377674606221,-0.76864894368276482,0.2190762645230909,0.1270449467040511,0.25,1,5
0.018062224687592658,0.98826865396024088,0.15165363048390246,-0.99970097441362571,0.020351470245949323,-0.013556526667063371,-0.016483864710118173,-0.15136342113747739,0.98834072917480054,-31.644441022545148,12.455638245287004,-2.246552153330192,,0.1277367174143886,0.2857142857142857,0,2
-0.8134980240042573,-0.55871757868102545,-0.16141757095800108,0.58146929697792793,-0.78650814985936657,-0.20808264434303639,-0.010696803876084213,-0.26313418150747436,0.96469994345870458,-13.577705841435982,9.9728088948999698,-1.9575373572525792,,0.290221944874317,0.3461538461538461,0,5
0.99114486500116961,0.12873328359003786,-0.032551471210107229,-0.12875492363646332,0.99167539964300389,0.0014392297449843459,0.032465769992163086,0.0027646770186137166,0.99946902420225125,-0.4349010653388547,-6.6475673711860646,-1.0686600427204329,0.5125661121354042,0.4404512141741891,0.9884105960264901,1,5
-0.020789842730615779,0.98664192032776787,0.16157197619380623,-0.99838549478969496,-0.011943470793056002,-0.055531588298480941,-0.052860062739017145,-0.1624656103837086,0.98529728468613798,-11.894142139183277,13.321258167882833,-1.9180133497667942,0.7010452980736935,0.6824970298671651,0.1428571428571428,1,4
0.58322970480685243,0.80491384991954618,0.10934717938112087,-0.81228086226061036,0.57681692584887512,0.08649875640385328,0.0065507431694149217,-0.13926926531704159,0.99023288144859145,-4.1350890880431903,19.310935302057405,-1.3085912280586511,,0.08876108026843821,0.3,0,5
0.88054262725280652,0.47396438071371599,-0.0015644185462849235,-0.47367677565698374,0.88011420328816181,0.032082727029456332,0.016582936830596244,-0.027509180015169877,0.99948399247860098,-13.298507426062175,5.9319699345837185,-1.8095825396391456,0.3066270001214431,0.2625668878406774,0.7476415094339622,1,5
-0.99441158112485428,0.10485466001922512,0.012292583008458058,-0.10430229210373405,-0.95775278746247494,-0.26801236906114229,-0.016329090197388596,-0.26779674826276623,0.96333704508505913,-15.333872990219721,-15.309672242824714,-1.3566675220413498,,0.3211671067305263,0.2608695652173913,0,2
-0.81983684478023167,-0.56737099406757252,-0.077186158289998433,0.57248455847919255,-0.81486785880568413,-0.090839435204776622,-0.011356858882536684,-0.11866139968925722,0.99286982730875017,2.2979792663123328,-12.048744836949332,-0.88678245945883705,,0.4638016112648484,0.5316455696202531,0,5
-0.99201666131823774,-0.11708258314232124,-0.046846690296526314,0.12110138012160239,-0.98809248761891888,-0.094908859669160087,-0.035176688298650408,-0.099824368947559888,0.99438307304808915,25.462730299882818,9.1286752847273362,0.40281577390810192,0.2412242583120952,0.2657469021059352,0.6363636363636364,1,5
0.99581111129035826,-0.079916457809640823,-0.044425110037270163,0.085527290919621371,0.98594512155118064,0.14351759403424943,0.032331302767041624,-0.14671597411525805,0.9886501452995381,-18.596613078782813,9.2784075006914986,-2.0181403673382317,,0.09086402156037987,0.4444444444444444,0,1
-0.76282924995087309,-0.64074906388916497,-0.086788089877284286,0.64644361350854529,-0.75869547325234798,-0.080571914588215054,-0.014219352073956972,-0.11756621960220992,0.99296323901494044,13.290168220255095,15.10781493829127,-0.50433967630698429,,0.2857026614117181,0.5833333333333334,0,2
-0.09681842175066005,0.97498627026065376,0.20006990281632278,-0.99513137231568893,-0.091103311413927218,-0.037599713862109037,-0.018432174120455867,-0.20273618190307935,0.97905990394079356,16.793057017846895,-6.0902767450775208,-0.21021345931231336,,0.4767741864970162,0.4615384615384616,0,5
0.58369513547517238,-0.80230426909960129,-0.12493137559146399,0.81110777368629261,0.58323089043742726,0.044112446148816861,0.037472233564160157,-0.12708103015053324,0.99118426313556474,-20.361562098218322,7.8043864137688201,-1.9696357530580277,0.4060960489280055,0.3116315986510819,0.8092105263157895,1,5
0.68896599526245905,0.71036053244551045,0.14392279637270414,-0.72452166594944323,0.66955331796443696,0.16360534823976797,0.019854796444470701,-0.21699370577632707,0.9759710644848052,8.4622855509399653,-16.861585308024793,-0.53360318032204257,,0.5314113377937417,0.5609756097560976,0,2
-0.94413878821189445,0.32934092251280467,-0.011683550495916706,-0.32785220321773556,-0.94228177034555372,-0.067955854197600515,-0.033389840356797477,-0.060329280062534754,0.99761991586379395,6.0156863672171408,14.500702217473261,-0.99572019112727195,0.1805293908069154,0.1224456524826408,0.46875,1,5
-0.9992001217081119,-0.030545443520250234,-0.025808770963492125,0.03291363455588997,-0.99474393266034322,-0.096959791128881603,-0.022711438501691706,-0.097731695552600611,0.99495362014799349,-23.484061822592533,6.5946003409748641,-1.9866964254178558,,0.1306426690305724,0.16,1,2
-0.50456033189895766,-0.85359077343411871,-0.12962122890235159,0.8633750829654967,-0.49910663663575955,-0.074000212029832882,-0.0015289173732127811,-0.14924931080002327,0.98879841506617627,3.6375290989639018,-7.2407762312346584,-0.90677657299902514,,0.09009883060882284,0.2692307692307692,0,4
-0.55243802866876413,-0.82143221693110791,-0.14163805091929377,0.83282586241921241,-0.536828149293196,-0.13496896314389487,0.034832561867682625,-0.19252181983891742,0.98067427901400905,20.051219501675117,-9.4594961567751685,0.12147033736814668,,0.2355983962231554,0.5,0,4
0.63302063268966846,0.75848580954846612,0.15486818686476608,-0.77413471893612396,0.62036913721418174,0.12592684594565173,-0.00056171777624692187,-0.19960313200383362,0.97987666273230511,-12.336184736870226,11.829659083739456,-1.9614358376079808,,0.3185988329623616,0.2,0,3
0.93818372602450961,0.34442080060721664,0.034432663734489971,-0.34605187362836676,0.9355137003854751,0.071149259654426464,-0.0077069436915931499,-0.078666565325810914,0.99687119254133083,7.4051251172224095,-6.2670555639858039,-0.72911139191282581,,0.1985074501901347,0.3888888888888889,0,3
0.71813508305602525,0.6958675771299937,-0.0070934887994933311,-0.6957228814972769,0.71814352814257698,0.015477246139353636,0.015864256844944559,-0.0061796509743110937,0.99985505813022391,-6.5179641502271686,-5.0267713823518063,-1.3072500912765812,0.3032854002350452,0.2293818292170448,0.8080000000000001,1,6
-0.84833160576553179,0.52766253752559322,0.043654703656384748,-0.52944227723212534,-0.84463781596195042,-0.07923278946426153,-0.0049357611911483414,-0.090328325231229217,0.99589981018292462,11.894846765222747,13.290039955226192,-0.63502912110318077,0.2324311480254616,0.211025437470199,0.6071428571428571,1,5
-0.40415748227948123,-0.9092478437315995,-0.099624736822482379,0.9143458293025053,-0.39861716280707665,-0.071246487301139791,0.025068585014432487,-0.11988626353788208,0.99247108263178152,-1.0051311531274019,-8.1486580539118805,-1.0710298359754074,,0.1413931626263779,0.4516129032258064,0,5
0.74170618852740489,-0.6638740568721001,-0.095619906464760027,0.670228000329253,0.73907312394319413,0.067567337075683562,0.0258139008055875,-0.11420225075289796,0.99312209141080499,2.2672190422992653,28.405978058809087,-0.82946583907825155,0.3653098044418165,0.2991791895571438,0.375,1,8
0.17555271259446475,-0.98275571382424343,-0.058072816760747221,0.98432606036530723,0.17623018900714782,-0.0067176906909038317,0.01683603238411361,-0.05598327811326393,0.9982897478113526,-0.22578489571738961,-12.221656091996442,-0.98567240168149295,0.3648144036684019,0.2932911844121905,0.8333333333333334,1,5
-0.98907197169522088,-0.1409953928235044,-0.043092157168974292,0.14410180348546348,-0.98629150363432383,-0.080397388583104953,-0.031165767103775437,-0.08572846120916662,0.99583097255485198,5.5161847487107094,-8.2962018725719862,-0.77811566457400905,0.3670212495373657,0.2771947626211743,0.8157894736842105,1,5
-0.55982699676801573,0.8285922849707853,0.0053440599357830179,-0.82762482710079543,-0.55883576073303209,-0.052342507508828524,-0.040384146098224487,-0.033725625462343478,0.99861489220374167,17.074309009266216,1.3244647679160029,-0.21750383232549686,0.457118839970917,0.3536584053542141,0.7605633802816901,1,5
0.52893658502565344,0.84863162244749335,-0.0071034078817429434,-0.84866134859182385,0.52891871093754839,-0.0043488649632429767,6.6541010513158607e-05,0.0083286614949132174,0.9999653138834349,6.2712990604654077,0.18526296247132856,-0.90330303841189297,,0.1003208896029835,0.5730337078651685,1,5
0.40791655117834147,-0.89939365366141122,-0.15714688361002963,0.91259412917973637,0.40689343550409185,0.040120911384898622,0.02785754227215697,-0.15977730720366423,0.98675993506085347,9.448857125810191,-15.922426848419859,-0.48419859277822558,0.2059685823657517,0.132886813682228,0.1333333333333333,1,5
-0.91330173796011349,-0.39178309685507928,-0.11129214014332141,0.40693476633054193,-0.88909774811196307,-0.20954543720573868,-0.016853230863672242,-0.23666685302526125,0.97144468153805619,4.5465652758392698,11.822395542990192,-1.1234163079280619,,0.1545799128660009,0.3235294117647059,0,5
0.82293994799457304,-0.56476148946673654,-0.061760035702725868,0.56692355138652362,0.82340406185631099,0.024564971032331955,0.036980114629088255,-0.055228714758183292,0.99778868513737795,14.902038003077747,-0.84521387391398228,-0.34072631268632042,0.1774095487148564,0.1684844613951081,0.4772727272727273,1,5
-0.88644942114667136,0.45600951827183978,0.079137494237668068,-0.46124667632688837,-0.85630424664868843,-0.2323672540372711,-0.038195907190834877,-0.24248372402474291,0.96940327844347729,-15.611818808092833,22.505091569520996,-1.7820457576888757,0.3307290524362549,0.2761325596391395,0.375,1,4
-0.99452588404664777,0.10442512576434421,-0.0036958179519875653,-0.099657283483615494,-0.95856324855807595,-0.2668799811946444,-0.031411650862373033,-0.26505073405461149,0.96372268654795668,-0.58240794087070491,-27.114262136874498,-0.73474008445462136,,0.3825329943678504,0.1875,0,4
0.98607596290019994,0.16468445457721478,-0.023091682724521938,-0.16272690864873157,0.98417991900139468,0.070070252147661952,0.034265851690451501,-0.065336953211906731,0.99727475349219274,7.9114942293960118,-11.80092512817898,-0.60964930457366961,0.3945636305277451,0.3227940871030296,0.3888888888888889,1,5
0.52332365732680353,0.8498408279517361,0.062473328936492614,-0.84951072747098,0.51456040584428242,0.11644360286892189,0.066812226379802678,-0.11400945523804758,0.99123053348981272,21.710514328058188,1.9988491169661102,0.15033940185089309,,0.3367988717637965,0.4761904761904762,0,5
0.31128812411792423,-0.91238149911378097,-0.26581893058627959,0.94978980996504547,0.30800028684759712,0.055092106406997597,0.031607288237143205,-0.26962163002379352,0.96244748217947251,-9.409084899330793,19.618656392107393,-1.5236304378551666,,0.5339681574243109,0.3636363636363636,0,2
-0.99870030194038417,0.047434083454157047,-0.018647107846791647,-0.040288004548264145,-0.95879647459242012,-0.28122268222649804,-0.031218321442782089,-0.28010592288634478,0.95946135324476922,0.71698971144920343,10.211776261913931,-1.3327953175491691,,0.1126287215887959,0.1176470588235294,0,5
0.84584975516646188,0.53231961662509519,0.034263937907776001,-0.53315837389723475,0.8416707911734963,0.085629595518354806,0.016743357730535226,-0.090697877822429218,0.99573769383829913,9.4758238124811847,6.2605269652731508,-0.7591293269024314,0.244692530952498,0.1262591899873353,0.4285714285714285,1,5
0.85577162370832671,0.51343637912373241,0.063545358980234473,-0.5169544254419246,0.84381101839802908,0.14401766296566473,0.020323633327372956,-0.15609628381993326,0.98753273368834837,2.4502356476255294,6.9720314796743583,-1.1832002753224939,,0.08050078180467413,0.2857142857142857,0,5
-0.83167569007048747,-0.55284995349579202,-0.051695990806633847,0.5552390642021291,-0.82718911549418639,-0.086416137334930115,0.0050127965969670165,-0.10057383420973125,0.99491696927061746,-1.5155268500726111,4.8905985614579945,-1.3026770146654685,0.09652825938990953,0.1183059490397334,0.2158273381294964,1,5
0.99841222382803729,0.048374503173127595,-0.028860678327244389,-0.047179999355761913,0.99805584776788292,0.040725574239354426,0.030774648195323114,-0.039299264358101389,0.99875346750305116,-3.4526817908182745,-2.0809886419805519,-1.2749014567038059,,0.1604755158332891,0.6843971631205674,0,5
-0.62693020069123773,-0.77599768182156903,-0.069181798681414025,0.77901675526476233,-0.6254962845002775,-0.043442986696466006,-0.0095613010624077937,-0.081129500700417342,0.99665770735899828,9.9288194597485866,12.394695449964914,-0.8429077333309658,0.1328923423172657,0.1179938032926629,0.6956521739130435,1,5
-0.89259533176476047,-0.44481120424919451,-0.07359732526483001,0.45037611828013019,-0.88723081086800326,-0.099914164808730527,-0.020854874602307404,-0.12232939475402212,0.99227042351590555,-2.3383221939731107,13.251276079614925,-1.4823651118726691,0.1387598365957143,0.1124174248570688,0.3333333333333333,1,5
-0.22889930046012893,-0.95996021142225485,-0.1614976864695094,0.97322142675892687,-0.22927005941922327,-0.016591996601525855,-0.021098927607413404,-0.16097090525944782,0.98673360280967992,-22.791668709395669,19.564558920558898,-2.2182414481358479,,0.3101196352524659,0.4,0,2
-0.43720953537650203,-0.89623680856116872,-0.074882609168978806,0.8991354214722046,-0.43744201196032112,-0.014141429422332975,-0.02008272964175175,-0.073512374143385947,0.99709207940788414,-1.7129988855862039,22.203216442486791,-1.1055500072114648,0.1574407008207623,0.1206541733207027,0.3448275862068966,1,5
-0.99946499352991502,-0.017702531395581467,-0.027501765223976123,0.021390359727535949,-0.98989454731443605,-0.14018287237702534,-0.024742255737358679,-0.14069614628459162,0.98974361084156071,-10.897857740959434,18.060985178422992,-1.6856244435900583,0.4690523244952483,0.4218323042319863,0.4639175257731959,1,5
-0.36334673665728445,0.93153341482666552,0.014988196084649661,-0.9311721169875703,-0.36259445121332962,-0.037996743205030922,-0.029960599216083055,-0.027762582925120887,0.99916545250720956,15.831208371252757,-1.7405559452618511,-0.28578963322441558,0.1752917919018734,0.1024909900281385,0.5263157894736842,1,5
-0.99928702851352535,0.02317556596317262,-0.029804828248063426,-0.021906864252314327,-0.99886851149098266,-0.042211207639914788,-0.030749373054431515,-0.041528181925963983,0.99866405070107733,15.473143186100629,-12.352127649586247,-0.21642193638917445,0.698973070410376,0.6497834131367359,0.9108910891089109,1,5
-0.62650272107790761,0.77930335297977071,0.013439662066625934,-0.7787336694178334,-0.6251355362005685,-0.052720332835299109,-0.032683521796383438,-0.04349534933432711,0.99851887412771023,1.2306122658498464,11.454658163896529,-1.3283946976941734,0.3872708397063082,0.3678088617796756,0.7953216374269005,1,5
0.98151089400208991,-0.18887622682371191,-0.031018315493535932,0.18982197719672295,0.98132767914758257,0.031041957282785377,0.024576043789543769,-0.036355977220496077,0.99903666649027323,7.3529860485426424,5.3104690112049324,-0.88349312740936004,0.21436182666564,0.1302070990030735,0.4473684210526316,1,5
-0.12712594031367958,0.9785637809626021,0.16202444842535632,-0.99187982055347501,-0.12481432833221713,-0.024409117595386498,-0.0036629057004933844,-0.16381181285595861,0.98648480631516822,-2.3281387430141756,-14.353880554960485,-1.0401626847368162,,0.2479531412392156,0.125,0,3
0.39926199514197769,-0.89684497649024053,-0.19041782316649775,0.91646200830778068,0.39633482202608167,0.054918996513259891,0.026215387918485603,-0.19643776875584379,0.9801657800813639,-33.109216494981325,15.168801898083959,-2.2863353149596128,,0.5195178462144565,0.44,0,1
-0.54821309471288893,0.82386641157164897,0.14389766735208773,-0.83574907589502367,-0.53319734370124838,-0.13124052274563361,-0.03139880453029352,-0.19221011563907783,0.98085135801510759,-22.207505581793118,17.407266787645234,-2.1680795526530257,,0.156876895062832,0.2,0,2
0.51719710424925369,-0.82169105814412713,-0.23943884463923593,0.85537572363679804,0.50573157480062514,0.11210684931129089,0.028974588332044183,-0.26279151283035213,0.96441748948021655,-4.372568472153624,-17.065280337929817,-1.0562780270392296,,0.6471927034610548,0.6976744186046512,0,1
0.71787369720706529,0.68711361386648007,0.11194747204651875,-0.69616475982638248,0.70932233512893772,0.11052806007122118,-0.0034615074946300105,-0.15727907211888739,0.98754813120135443,-1.6699211267563907,-0.80070502221586015,-1.2192472348374144,,0.4044968805825316,0.3429084380610413,0,3
0.73833460394001027,-0.67219519765523683,-0.054914741863968303,0.67364053445018868,0.73896658595245535,0.011696802615985087,0.032717624767290648,-0.045628950185275574,0.99842253376743084,5.7797061584205682,1.6199857593090312,-0.9355077027497557,0.4820360326781737,0.4132228469282785,0.9386666666666666,1,5
-0.98806835508818247,0.15171730235839492,-0.026510108231129866,-0.15009794709476798,-0.9871382855705142,-0.055032821469045305,-0.034518574004020995,-0.050397076562028471,0.99813255769097675,-9.6432333227433773,3.7640077579829292,-1.5978855736423923,0.5401909573038451,0.6206226979083542,0.9280089988751407,1,5
-0.031878850336138152,-0.97838427923496518,-0.20432312900678806,0.99942642016012329,-0.028866471940524972,-0.017707554422582365,0.011426705000477468,-0.20477042985642557,0.97874332767546723,-15.440106535624311,23.603418187691574,-1.7073442149226525,,0.3602231434759925,0.36,0,5
0.11006195317317166,0.9904626398579891,0.082886220261578464,-0.9938629516162566,0.1106015301183978,-0.0019325993097161565,-0.01108151020075031,-0.082164837862758966,0.99655714314366206,5.1300840888347476,28.581853677028516,-0.69286744064218431,,0.1663883338824482,0.3125,0,2
0.37087004112411698,0.92134071181048249,0.11656202364898741,-0.9285999741063512,0.36620745347696121,0.059951556340103247,0.012549927739919975,-0.13047372830754264,0.99137233446130102,-17.663979455380382,11.018573717812421,-2.0709474144955591,0.1915897909062833,0.3054428020023562,0.3777777777777778,1,5
0.10147617410731032,0.994835860878029,-0.002048413926266637,-0.99474387765482608,0.10143804284616821,-0.013962139226443671,-0.01368224969741867,0.0034544716831097408,0.99990042637685039,0.83046970763006522,-6.7215146702799702,-1.0050402831910001,0.2285650762050098,0.1940249537348198,0.8116591928251121,1,5
0.45000065773019621,0.88546202933109674,0.11600173556998013,-0.89298434993486664,0.44745369136330498,0.048622472754443681,-0.0088520513890919406,-0.12546787914924315,0.99205819007152807,-21.770924456532864,6.9706966742470939,-1.9790904598522272,,0.1643170652196013,0.2631578947368421,0,3
0.65625869769201894,0.75153513492941559,0.067226948987748003,-0.75426921673967673,0.65104872007101222,0.084932401195370849,0.02006166449948972,-0.10644484515711698,0.99411620274341539,-5.4604569986894971,24.465827011135808,-1.1154287311475619,,0.166162492965682,0.25,0,3
-0.20099489274457832,0.97950160698764666,0.013328728341988652,-0.97936761971090891,-0.20063879695380046,-0.024148263265110027,-0.02097900265467539,-0.017907402535005376,0.99961953081263133,6.5941341017281205,-8.4242145099420931,-0.71149960609281659,,0.0690981430791431,0.1666666666666667,0,1
-0.99024175462605135,-0.13634253902207516,-0.028844053947608417,0.13903493018405924,-0.98067114127189714,-0.13767135092381227,-0.0095160697681576558,-0.1403382511273657,0.99005788703826747,14.663473257239129,-5.9027133550565933,-0.30872513016255509,,0.1253354715415032,0.2380952380952381,0,5
0.90370780336222112,0.42057889884923766,0.080159815275443733,-0.42770298741447316,0.87825077925988759,0.21388249878411383,0.019554045590758847,-0.22757187561771386,0.9735649340074195,-15.793193376178383,7.4347011266340219,-1.8594709942362611,0.247568345500769,0.1750212104773979,0.6029411764705882,1,5
0.032012493179224742,-0.99352098142625489,-0.10904705290040258,0.99935368128228841,0.033602207338636621,-0.012771506156708147,0.016352981012330729,-0.10856772599527162,0.9939545406527539,5.4307742683207607,18.262137743837403,-0.92278304632050989,0.3462758627426489,0.3001645273104561,0.8181818181818182,1,5
0.95783148948524266,0.28413295552438034,0.042746945334863312,-0.28710296985923084,0.94050208488778364,0.181735282814706,0.011433391819178478,-0.18634455158848104,0.98241792819797213,10.363147844783194,-7.8447636899199571,-0.57344108292653928,0.6473771475643036,0.2177085840053114,0.5714285714285714,1,5
0.97198510463038645,-0.23182299224442707,-0.038769274477312127,0.23503773411455717,0.95969779550221601,0.15406948059392406,0.0014899392442686221,-0.15886548264184727,0.98729911298755901,-29.542125391652359,2.6884417083482983,-1.9518092477057891,,0.4549762135353791,0.8787878787878788,0,2
-0.99771502902064813,0.05987582227416529,-0.031298670472117721,-0.057689362032125498,-0.99610890553725462,-0.066625714387926291,-0.035166153822333103,-0.064667876232081034,0.99728702358397203,3.0366069791172681,2.8188671799079374,-1.0834232084682689,0.302560774777669,0.2539264495647258,0.8477611940298507,1,5
-0.86129944687288762,0.50777622571263736,-0.018071176427834172,-0.50486009952528255,-0.85927845771605293,-0.082199829759205131,-0.057267291919374567,-0.061675251974753625,0.99645201619047896,-16.65316436167576,2.959391467400136,-1.7316422926156303,0.7797596410083717,0.6629647095404979,0.9630390143737166,1,3
-0.99144357667743621,0.12790071031384825,-0.026096792260119343,-0.12593800101383015,-0.98980455350868934,-0.066532441365895742,-0.03434027032064893,-0.062676583782772799,0.9974429265274416,0.95193208942321728,14.524650528603729,-1.2312774456569677,0.1978704605164754,0.1744386709248279,0.58,1,5
0.90168859725868133,-0.42293088268714779,-0.089928538535566302,0.4310005017442492,0.895781454039426,0.10869293489099538,0.034586718113724754,-0.1367664252237468,0.98999934538445011,-20.905320890297713,21.876590534110555,-2.2555041613050291,,0.6832963939078933,0.8823529411764706,0,1
-0.73014074184140743,-0.65823258779940685,-0.18336945618661515,0.68299227113081762,-0.71105573258053512,-0.16709668680116183,-0.020397418435832197,-0.24724402019716077,0.96873853015036937,-2.4624155596482846,21.226717231896014,-1.1689565554347834,,0.5114715355457342,0.48,0,5
0.29675055752464946,0.92215919576114169,0.24811594926964045,-0.95494144303606165,0.28794113592869436,0.071949583822964139,-0.0050938179211930902,-0.25828728174894355,0.96605472573023932,-20.683257444343138,18.288614697304908,-2.2176919897871348,,0.3416494781974811,0.2222222222222222,0,1
-0.17333693075115067,-0.98118124524821371,-0.085074510935637129,0.98479414246833386,-0.17165864920605842,-0.026717131448046817,0.01161057267457726,-0.088411945606453032,0.99601632641049176,-6.1100760521513919,-8.2868067520598991,-1.2830977594586592,0.3102220977539524,0.2786478565528748,0.7647058823529411,1,5
-0.99133877523795588,-0.12407653162624063,-0.043040062840483242,0.12809149634793685,-0.98582294701605144,-0.10837751473407409,-0.028982775454685514,-0.11295189877195719,0.99317766149403131,-34.491789332816857,15.234831337051064,-2.2918000357862516,,0.2183647836096964,0.3684210526315789,0,1
-0.4407584366957355,0.89654959171032966,0.043941211698966719,-0.89745616829539276,-0.43919530698360898,-0.040986684571037747,-0.017447821356364527,-0.057500538498483141,0.99819299817334961,10.859956771125846,18.131312791990393,-0.715284313133843,,0.1957544313772832,0.4210526315789473,0,7
0.3037891622158026,0.93629972534377381,0.17622420163358804,-0.95231246989008389,0.30394945147029973,0.026752395084419081,-0.028514989252490866,-0.1759475924020521,0.98398645321765077,-6.1224677337031892,-5.7502165899098427,-1.2953741598850388,0.2940005600414098,0.1977308605996987,0.2232142857142857,1,3
-0.95180793856841117,0.30552038531225562,0.026813098232057485,-0.30643774400844431,-0.94379093304566997,-0.12391361405349455,-0.012552176112779055,-0.12615850688492689,0.99193068004543472,6.2414310058276916,12.860929285670426,-1.0206839315433491,0.9004215928159438,0.5916718491680609,0.425,1,3
-0.91621882432799417,0.39886190132101346,0.038108393059986208,-0.39988825260235211,-0.90429756252091198,-0.14945000451446896,-0.025148585997340774,-0.15216800614230164,0.98803463832449234,-2.4833925715653535,4.1020801568284906,-1.3424291976480163,,0.1208726491788258,0.2331838565022422,0,8
0.46720203603730326,0.88412764826448309,-0.0063686024302298267,-0.88415015149858811,0.46719682194293166,-0.0023746939695953721,0.00087585822093519611,0.0067402626610824391,0.99997690059902755,7.8656584478697296,0.44817187515310425,-0.79821566928013665,0.2851430565123104,0.2377597110796153,0.875,1,5
-0.92258642200136631,0.38571176576883542,-0.0077927970719611694,-0.38414336069243932,-0.9203246124113269,-0.073732531665879258,-0.035611407928305645,-0.065031081318308592,0.99724760520541511,5.2266956122797552,21.369646432288164,-0.85694041283158129,0.3139707405884997,0.2278413024945545,0.851063829787234,1,5
-0.20102421642248397,-0.97375084999940786,-0.10676397583996264,0.97941294764346964,-0.19774119965673706,-0.040604137063157415,0.018426676316024907,-0.11272843511618638,0.99345495998369182,16.951821980553063,10.781137643865257,-0.25766865499632113,0.2074046504975044,0.1653069263189723,0.4,1,5
-0.57973440274090327,-0.81314165600126398,-0.05204488019171416,0.81478304192560902,-0.57900897678205132,-0.029617552165104664,-0.0060511874123118413,-0.059575599714343244,0.99820545532950111,14.096797739314585,-4.9004100588524517,-0.36207698294752494,,0.07432271572846248,0.36,0,5
-0.20815903786927875,-0.97039512934215955,-0.12248717444022449,0.97799214337909679,-0.20468259759218727,-0.040452462615707209,0.01418387965602556,-0.12821203996477298,0.99164534505334856,8.7203105406842347,14.636488137148307,-0.93360776752912422,0.2365781018973308,0.1424094406110168,0.3636363636363636,1,5
