axis_00,axis_01,axis_02,axis_10,axis_11,axis_12,axis_20,axis_21,axis_22,location_x,location_y,location_z,dbh,dbh_approximation,score,reconstructed,number_clusters
0.96621209360343796,0.2574946328166603,-0.011432595727788503,-0.25375703694395491,0.95808953825322785,0.1329353334939245,0.045183585248251057,-0.12554262527257429,0.99105877366772988,-26.690969509398389,17.76941196558845,-5.0153370488938647,,0.2518139792051851,0.8333333333333334,0,2
0.5071975736779476,-0.85979032444465819,-0.059255541905815591,0.86150175545020025,0.50390780858662443,0.062383057007885004,-0.023777018556286649,-0.082689288525025412,0.99629169170067822,-2.7320082506697982,-10.09015468367051,-0.67611580886905787,0.1516259143054838,0.1205382548051662,0.6483516483516484,1,5
-0.47249606587879772,0.88123195884529382,0.013330507820229914,-0.88102152787289789,-0.47267711424259407,0.019427122684488179,0.023420827345833978,-0.0025652253273351655,0.99972240370287624,8.5849786130546626,-14.02998739774851,0.59494387904830937,,0.08248847027236023,0.4736842105263158,1,4
-0.9886216952191349,0.13481895595565577,-0.066715761683955793,-0.12372212956375978,-0.9810468949852621,-0.1491302266342536,-0.085556872302881989,-0.13917916135256236,0.98656433274619515,-25.027807165342541,4.3933805872366838,-3.8850867981304154,,0.3889136982784749,0.6716417910447762,0,5
0.99794138308803881,0.057000442009298311,-0.029392950363597601,-0.049686049706711768,0.97694650807373873,0.20762181202145011,0.040549875275695528,-0.20573397865513821,0.97776747626511529,5.4428161908117243,-2.3804119331406883,-0.47786337771662457,,0.1504339137957777,0.3979591836734694,0,2
-0.38852475338730774,0.92100285163290208,0.028324252671419033,-0.92104204767766862,-0.38907553268920281,0.017371708964298408,0.027019667190011618,-0.019338488738153341,0.99944782777204821,-12.035132103869616,11.825773184009796,-3.5009846889145448,,0.1431330838854637,0.6285714285714286,0,1
-0.99303638048198772,0.11474896343589201,-0.026672503249993335,-0.1131275100945494,-0.99200500039511119,-0.055930721887911088,-0.032877248957907189,-0.05252384774065539,0.99807831953182735,-13.234308914914415,-9.40305174024083,-1.7214247806131844,,0.296176823471944,0.396551724137931,0,1
-0.20616808857622726,-0.97525190021291686,-0.079865201332753474,0.97649722222620339,-0.21029706248683097,0.047205089703550487,-0.062832270668306156,-0.068255964138719843,0.99568731493484464,4.45254164517433,-5.287869502734222,-0.34236593405582111,0.1591533694597599,0.1163595036780849,0.2,1,2
-0.62536995424429676,0.78019891467296976,0.01421526896006773,-0.77989893058931303,-0.6255263602995691,0.021781428695575023,0.025885872481584919,0.0025349780067308735,0.99966169051953457,-8.8999021837648797,-16.283624140902543,-0.66241236387846225,0.2337969087622407,0.221878055468495,0.639344262295082,1,4
0.38887125104964548,-0.91491551002424698,-0.10820702206490609,0.91805851530835469,0.37499243870307214,0.12864382373569896,-0.077121414515700121,-0.14936626269875747,0.98576975353806784,11.394249222836413,-14.071930364625945,0.77147796715514239,,0.1196609909181687,0.25,0,2
0.9224804108808895,0.37983586488456006,0.068953660442526973,-0.38164693609372241,0.87042645268976448,0.3109717135499423,0.058099119711912686,-0.31318126732822249,0.94791454577055079,10.696485212969945,-15.214425712667634,0.77455270254202446,,0.3778211971603502,0.6521739130434783,0,3
-0.75477422880224232,0.65569016508522726,0.019653776901354739,-0.65597040001453533,-0.75422150798579513,-0.029201903985935283,-0.0043240999931846939,-0.034933140456319511,0.999380296912596,8.6465798099793432,-10.383667413999415,0.19794915646487654,0.2359096090414333,0.157766720386563,0.5,1,4
-0.55966965222165999,0.82864691626094322,0.010684968568814455,-0.82855627829200751,-0.55976837733753682,0.012403928240644135,0.016259584403799647,-0.0019109955864202739,0.99986597802449784,-14.809094960802183,11.203338608852899,-3.7135481896458762,,0.7655135344413242,0.2666666666666667,0,1
-0.054663140005833472,-0.98110712009811174,-0.18558221902297714,0.9964556477893608,-0.041699132236838743,-0.073056993911466722,0.063938119407659325,-0.18891797496131554,0.9799091364117023,-0.91119603557657658,2.0370176616066007,-1.4383451949082038,0.8366015334069158,0.5519467905150302,0.7030438010393467,1,2
-0.1503850669950304,-0.95026791071393535,-0.27271822361601028,0.98732817230733727,-0.15849829940584617,0.00783385305630915,-0.050669633836779818,-0.26808429076099688,0.96206205686224844,4.6941887563784332,-2.8424295859128788,-0.49800476208125627,,0.2932726465233417,0.211864406779661,0,1
0.89377147215921493,0.44630608648771325,0.044535746523121783,-0.44505651329708329,0.87016123157195269,0.21152808570264647,0.055652992068649799,-0.20887869262613817,0.97635671567342786,-10.030132475214987,9.1841474962420904,-3.0477275279752249,0.8905871389728817,0.4667870092148527,0.7021276595744681,1,4
0.43087233883054954,-0.90065683342098257,-0.056269850211113241,0.9020792822243715,0.42817954072926295,0.053993050316133183,-0.024535611104169412,-0.074023977959621776,0.99695458997628328,-13.251119284020163,-5.5909249166527868,-1.9812252997480666,0.2339535951143421,0.1927185111872938,0.841726618705036,1,1
0.24330722688062559,0.96991210844462949,-0.0084908915994811752,-0.96840345216953605,0.24340418469896666,0.054306138669192393,0.054738900005261819,-0.0049904672652610173,0.99848823130905739,4.4805632427926838,-13.046748946668346,0.14950066411207549,0.2732767393296984,0.2614685518056584,0.8631578947368421,1,5
0.99834303433473937,0.031972267810083527,-0.047843075636764001,-0.02313801107410374,0.98430322062008235,0.17496228828083993,0.052686034571217073,-0.17356538816254061,0.98341203866596372,-16.521460300204907,8.8165209985534183,-3.6081727492993414,0.3596117279483818,0.2167376220752999,0.4067796610169492,1,4
0.2610119153608404,0.96206949590565738,0.079341446215059536,-0.96232576301640149,0.2528324806465822,0.1000243098701219,0.076170242710418695,-0.10245985446957882,0.99181655176121475,-4.8030617212056601,-12.534705109404502,-0.56783109838721846,,0.2072781140299638,0.375,0,4
0.55242670449309894,0.83356051331037184,0.0012676011375493213,-0.83150621226986787,0.55095725758287362,0.071017739145766895,0.058499189050034428,-0.040286113817399175,0.99747424724349665,-24.624686325967645,12.3118147475755,-4.5057064708782848,,0.1759338925124555,0.5142857142857142,0,3
0.87187409102201707,-0.48657309585881475,-0.055517490855573157,0.48967020878712458,0.86792054727037671,0.083288716236126284,0.0076587225373288999,-0.099802535099349193,0.99497778767007561,5.7689511412046128,-3.8449840991307394,-0.32857944724514715,,0.5067194195211921,0.2363636363636364,0,2
0.77984817649729976,-0.62275972870348861,-0.063301989850201024,0.62596856044865035,0.77578106801642688,0.079543043926779008,-0.00042771916253661027,-0.1016565532194086,0.99481946213565253,1.8274607026528897,-10.034887472818721,-0.29300372692127402,,0.0995570254711383,0.4545454545454545,0,5
0.9384010830177707,0.34433980160180044,-0.028870545957889057,-0.34102351880077708,0.93635207981963586,0.083353117771186688,0.055734791789419758,-0.068373120817130553,0.99610177659409649,5.4668902001562092,-10.133682594664993,-0.039194017559659178,,0.08307640471105288,0.2142857142857143,0,5
-0.56772395219453786,0.82315353850001649,-0.010381048093373525,-0.82288239426349163,-0.5670861203141796,0.035747690249817297,0.023538889434273555,0.028837201700492074,0.99930692806679167,-6.5829724789751536,-13.569106978733554,-0.64597201544385718,0.3261138947911159,0.2848125425348434,0.8780487804878049,1,5
-0.17720044344616775,-0.98281845174382088,-0.051651657808447583,0.98281876686016567,-0.17946648407259119,0.043116732275143205,-0.051645661482311755,-0.043123914554476617,0.99773395935166687,-19.33244700032909,14.020604524118445,-4.2750705709863528,,0.1051775992752426,0.2692307692307692,0,2
0.98252580061273753,0.18361867101093091,0.030450530151037384,-0.18610243194270926,0.96653521814906274,0.17656601287493845,0.0029893068275075778,-0.17914758087600066,0.9838176702575373,-25.170702818535535,-2.7940521158770406,-3.2265653080440027,,0.2403501606491415,0.1666666666666667,0,2
0.515998368942438,0.85654036386085763,-0.0091808673802094981,-0.85458494903154025,0.51549407151801441,0.062852423330686524,0.058568320255094036,-0.024585916840532226,0.99798060329628013,-7.0359394131695074,1.4079058761692143,-1.9949887788909342,0.2450695143886933,0.1633477034616311,0.6126943005181347,1,5
0.99771515497166441,-0.052196134689414149,-0.042895606574011681,0.057914521973083284,0.98770867386244943,0.14518086554884169,0.034790482671229368,-0.14733342831946233,0.98847482679891108,-9.2074710984471722,3.3385822505904721,-2.2760119716306688,,0.1590191507002458,0.2017167381974249,0,4
0.68559380986359975,0.72572027648639326,0.057369052399590649,-0.72560953080814583,0.67487198970728557,0.13430787880430506,0.058753184399628025,-0.13370818151871711,0.98927760791289598,-7.0651881486766914,-20.768334933113827,-0.16070802564075062,,0.09002726699257387,0.3809523809523809,0,2
0.96179054169448941,-0.24624142426392334,-0.11968339435149741,0.27269487797073638,0.90057315868823573,0.33853432525937444,0.024422478079563107,-0.35823616069119718,0.93331152127126615,-26.493818419909839,19.121865402756381,-5.125031264291442,,0.4525859317779735,0.1904761904761905,0,1
-0.99063669989405068,0.13456677621391605,-0.023037177831071516,-0.13381550175440446,-0.99050444247102298,-0.03153348910899164,-0.027061786955844901,-0.02815550007660619,0.99923717279842772,6.8956043112177481,-14.208164439196567,0.45485090950477186,0.2589551810721523,0.2426466159982831,0.8958333333333334,1,5
-0.45288311069190068,0.88862984708520265,0.072345579819072373,-0.89151927768397332,-0.45222874066408236,-0.026125536075374777,0.0095008193265126942,-0.076329293110236784,0.99703739821804971,15.942703063963195,-16.066568142461975,1.1547368061384942,,0.2919793507334139,0.8611111111111112,0,5
0.77728361085498832,-0.61955031201843058,-0.10948789510304843,0.62914808534722977,0.76495143899455764,0.13792020404592581,-0.0016955825387368478,-0.17608721378345524,0.98437310921308396,7.1810087684936894,-8.5310701218556257,0.0075413544501617066,,0.09651270313012801,0.3571428571428572,0,5
-0.09752150495602821,0.99523259871499381,-0.0012769205586015448,-0.99430262148447168,-0.097374739804201527,0.043364235922854183,0.043033161401647771,0.0054985910073099224,0.99905851305952842,-0.16693968943149023,-8.1713143559557313,-0.58738234403460055,0.2971843591977574,0.1164071055538664,0.2727272727272727,1,5
0.39993110762383888,-0.87360858414370068,-0.2772420438267047,0.9162673595213533,0.37363281739594068,0.14440444467030455,-0.022566236516901591,-0.31177966494819825,0.94988641715431088,-5.1119139011214436,-14.761168267510573,-0.45504022093653457,,0.4610717418242757,0.4711538461538461,0,2
0.66904404771885262,-0.73768412913863746,-0.090565930840158723,0.74318466874555078,0.66279058543687808,0.091570672148929722,-0.0075239852166383075,-0.12857202445793176,0.99167163122338509,-18.371094481947623,2.1805723710376044,-3.1099601956899821,0.6632304721099196,0.2454633811762724,0.7619047619047619,1,4
0.049089920034537368,0.98440474471808892,0.16893039491908185,-0.99863278343653938,0.045332678257777717,0.026029063136556181,0.017965066011366528,-0.16997719511302403,0.98528422779658686,-23.894329384751963,6.7042875729735485,-4.0358611926693566,,0.3457250178911953,0.15,0,4
0.95291288861459855,-0.2943935514293084,-0.072728698524187105,0.3024334505614607,0.94015327042504448,0.15698992353199989,0.02215930264407057,-0.17159331276577702,0.98491862624299908,2.2642636731725343,-3.6582984799921832,-0.65509890605471743,,0.07527235373538295,0.25,0,5
-0.73363582001855743,-0.67626473605776005,-0.066667010960652279,0.67651168801920125,-0.736096038122522,0.022238674280145233,-0.064112553833943764,-0.028785924078545501,0.99752741867872241,10.205503986948811,-11.77817418331146,0.4891773467174132,0.3579687859230419,0.3561776731674501,0.9154929577464789,1,5
0.97737140853717441,0.21019864935430474,-0.023699316101665611,-0.20582636747070984,0.97087086604149853,0.12265915345233558,0.04879176393483866,-0.11500560543494066,0.99216585029453164,0.53421893180715141,-5.7824568622972539,-0.6434654794843212,,0.07319233008442297,0.2149532710280374,0,5
-0.49791062090969368,0.86707157758507525,0.016489176130202017,-0.86700843483168233,-0.49812253962219422,0.013050266321143483,0.019529145297233146,-0.0077983885813129525,0.99977887436147372,-1.5050519221970422,-18.814284066177805,0.13848277659629413,,0.1076186837101403,0.1666666666666667,0,4
0.95467620843662127,0.29764560150038522,-0.00065799129977491542,-0.2944785414374857,0.94483514712582761,0.14341873444068071,0.043309648785550783,-0.13672468929637147,0.98966187845085907,-11.072926548368704,8.4228777482049129,-3.0388405079646077,,0.1253464833776468,0.5227272727272727,0,4
0.99412873855398332,0.10143657764778298,-0.037665261132390805,-0.098667766549868613,0.9927077850253081,0.069252620125215963,0.044415346729779384,-0.065129672694188581,0.99688785864289764,0.11349928389020215,-10.995706889840751,-0.37469487254425876,,0.07049001229557426,0.3207547169811321,0,5
0.96879539578954565,0.24639653773762824,-0.026911471306633124,-0.23968769497131528,0.95896096517837959,0.1514717008008071,0.06312915314112795,-0.14029473780245999,0.98809518598595747,-8.1767096241877404,7.5912556615464144,-2.7533920133454846,0.1461641600969069,0.1584655372911338,0.390625,1,5
0.76775510391630875,-0.62316230068402967,-0.149066587190578,0.64044202564347918,0.73920319723424366,0.20835701329292886,-0.019649737915202078,-0.25543566744849833,0.96662635366257477,9.0087182887217558,-15.994221269624873,0.69511374580316843,,0.4406744289196897,0.5405405405405406,0,3
-0.92590017175640349,0.37753702167631797,-0.013216247774588715,-0.37222564390591767,-0.91772779321729436,-0.13864980193040805,-0.06447435118160387,-0.12345644908343963,0.99025328235730725,5.926444449757545,-12.80641666131184,0.24254028458122176,,0.3907488014268921,0.6956521739130435,0,5
0.81488984380747265,0.57928890809108213,-0.019465441738480707,-0.57675598745437939,0.81374372353295943,0.071928320891271255,0.057507159510414706,-0.047386848105308695,0.99721984197652624,-13.449480229965383,-15.122073934683193,-1.0542849666701788,0.2398133192860663,0.2868500049583103,0.9125,1,2
0.56015022248776836,0.82748924584216643,0.038642932891621552,-0.82615569200290495,0.55460593321560758,0.099393316743363269,0.060815300855171367,-0.087600267451691638,0.99429758740745611,-10.556916445364662,-8.7633622296343923,-1.5315626265026938,,0.144861719125035,0.277027027027027,0,2
0.72123013592412244,-0.68465376022391122,-0.10524409554046825,0.69266847237565432,0.71148648503149414,0.11831047711131316,-0.0061219614217390183,-0.15822834837281374,0.98738356850798492,-3.3119636568477366,-6.2295559765779345,-0.98982202450137768,,0.08226683091662711,0.2674418604651163,0,5
-0.73803620694945971,-0.66906370412287974,-0.087500383182173597,0.67215596694325352,-0.74036318506979026,-0.0082891673825943556,-0.059236081354487997,-0.064931610319538174,0.99612999786527734,-5.6221503430230921,-10.253528275899189,-0.95311937054057849,,0.07520568153135537,0.3734939759036144,0,4
0.46876405015350714,0.88325222868570308,-0.011214535452648056,-0.881573888503973,0.46859656012888967,0.05696264515765348,0.055567476023884677,-0.0168155986248021,0.99831332318627541,-2.476287165479917,-6.874401985572308,-0.85138557863370457,0.3411838856130393,0.2609442408186985,0.7283950617283951,1,5
-0.68698194416541236,-0.67543121614334978,-0.26804566896300613,0.72425502470198289,-0.66648708635760001,-0.17677562872886801,-0.059249199021083103,-0.31557508770128251,0.94704904647947774,6.537487400104232,-4.6368125412996788,-0.22368615193316399,,0.614894383591291,0.2521008403361344,0,1
-0.72506343265815509,0.68851809339325831,0.015028429461761786,-0.68862659179364316,-0.72455533186763432,-0.028512946828680639,-0.0087427510913903848,-0.031022671263066803,0.99948044411637171,-18.034140058753646,6.3609090968168704,-3.4153489240596535,0.365761160199098,0.1320109267154783,0.3,1,5
-0.014168938740115751,0.99986752708587545,0.0080105838834884351,-0.99889123119423384,-0.014513901665184728,0.044784538645836848,0.044894870734260406,-0.0073671526133852385,0.99896455174551857,-8.225843177651404,-20.594960711421876,-0.25954615793045083,,0.08209514208464232,0.2105263157894737,0,1
0.93515176617701778,-0.35232686270232688,-0.036836884156260755,0.35321496659923274,0.91943853018799604,0.17283511383987341,-0.027025202798664237,-0.17463840077163684,0.98426168643791978,11.253744757656651,-19.677765897171668,1.0779836768641227,,0.235881003537681,0.4666666666666667,0,4
0.94708469919137417,-0.30427172730981589,-0.10222176146733691,0.32091935733724569,0.90397361911223573,0.28256408482922163,0.0064295134989516001,-0.30041706327874851,0.95378627031800955,-18.163320855666285,3.1401119958918757,-3.2083837177995593,,0.3416402727016776,0.524390243902439,1,5
-0.99743438382321914,0.06235462947644077,-0.035164615027774633,-0.06151101153141364,-0.99780360654392375,-0.024583698426423495,-0.036620287103982373,-0.022357615051584394,0.99907912180248659,0.12339289094763624,-16.827262757737355,0.14189060123516445,,0.1120526695421241,0.3076923076923077,0,4
-0.59785320231835337,0.79649005049037891,0.090416524748109267,-0.80110478255376161,-0.59765332211906808,-0.032274354052922762,0.028331534501011627,-0.091728436320896986,0.99538094120941611,-15.619907983668092,5.3020168244348076,-3.1947010427700246,,0.2711767413049515,0.1923076923076923,0,4
-0.6522045657040374,0.75716683529835327,0.036436081006112071,-0.75783932884433869,-0.65238985393147875,-0.0081871939042597267,0.01757145786695069,-0.03295242042005244,0.99930244763879683,-26.826044545168969,12.356306883570934,-4.6460483227031713,,0.3067155361436538,0.7096774193548387,0,4
-0.78776081008251653,0.60909528580091121,0.091846823098259187,-0.61593523574692532,-0.78071893285453908,-0.10536476283771597,0.0075293733813687081,-0.13957392556482387,0.99018302744437525,14.347907502283723,-16.555253283333411,1.0943137176134057,1.010529262260363,0.3453354498044394,0.3684210526315789,1,4
0.98014750282953578,0.19819847164550786,-0.0053139942048869796,-0.19278811965646037,0.95896558750329475,0.2078887753193682,0.046299175115233696,-0.20273718904494373,0.97813803655813503,-19.627732142126824,15.075277864942732,-4.3696062234984883,,0.2930826738915783,0.2,0,1
0.64144039494620331,-0.74289412521592635,-0.19147464179604473,0.76429180660006668,0.6404180661476262,0.075648760173198909,0.066424800302794337,-0.19486667049908687,0.97857791035427322,-29.663441188967067,1.6455749451470507,-4.0804568122368323,,0.4991193928757399,0.1290322580645161,0,2
-0.36910108351547138,0.92198615339060652,0.11707229861798074,-0.92926576096827129,-0.36816578193720417,-0.030316703360133701,0.015150433649380984,-0.11998120672238503,0.99266055345907434,-3.5762113543245628,-14.358476624125302,-0.37324003780557147,,0.3967655698242666,0.1470588235294118,0,3
0.81183166840390741,0.58380372753009646,-0.010126692376752384,-0.58088767754765813,0.80929063877844376,0.087282117635094442,0.05915106296438323,-0.064975916365553554,0.99613216093179158,-1.2248246808217784,-12.390826741838341,-0.35051720331015457,,0.2049914852330432,0.7876106194690266,0,5
-0.64485857622868825,0.76262929826929293,0.05053681910839939,-0.76428258035973062,-0.64296076320950557,-0.049735242351096769,-0.0054363611893529732,-0.070696608082257487,0.99748305027337847,-21.606992713111797,7.342045548050165,-3.898054883032676,,0.1888771036882492,0.2580645161290323,0,5
0.2614076702086312,-0.91932296054816565,-0.29412807442516109,0.96479107206396608,0.23968966422165058,0.1082915145843715,-0.029055416392821772,-0.31208037277962553,0.94961130137755412,14.574128661067428,-1.1657792801780227,0.24684602880794687,,0.3259408058798842,0.4615384615384616,0,3
-0.94997552216962688,0.31091310339962613,-0.029657198332920146,-0.31153413562112026,-0.95004079666513008,0.019208514119691007,-0.022203369594414546,0.027486847878546532,0.99937554681528784,-32.157489698706982,13.0939255729799,-5.0017683505550279,,0.2595140333435087,0.875,0,1
-0.91346349917534153,-0.39086066193607122,-0.11319177808143389,0.39841940504164386,-0.91564331769719842,-0.053472352133877327,-0.082743056268203205,-0.093942842768158286,0.99213322136295479,-20.979898356073416,-0.010607633767756249,-3.1689992666665669,,0.2206228313012649,0.1363636363636364,0,2
-0.99518517717084776,0.093995245216611303,-0.027773314820124979,-0.090661585218350077,-0.99048431937692438,-0.10354366245274106,-0.037241644769323949,-0.10052714531458873,0.99423707079839641,-13.047267592347305,-18.713153840870163,-0.80961414778304852,,0.1937446257539024,0.5142857142857142,1,2
-0.99090636879927418,0.12350143551207067,0.053403779824043603,-0.12975007698678018,-0.98214823943760765,-0.13619747902047494,0.035629844161344286,-0.1418880939193489,0.98924126632938891,-18.334868426234706,8.4678534113737598,-3.7097807755636616,,0.290029521448479,0.1206896551724138,0,4
0.83347670950826769,0.5458554916061199,0.085780866110757706,-0.54872357954026818,0.79941383190091231,0.24462207304741501,0.064953891059625013,-0.25095678442501013,0.96581658941399084,-1.8428144891326943,-23.452110730400211,0.40450700561555897,,0.3931538177435089,0.4210526315789473,0,3
0.58856121106134618,0.80733022724212855,0.042586441682487396,-0.80592306721644724,0.58174126301430462,0.10984130659709264,0.063903916643947845,-0.098969728137930035,0.99303639527958332,7.9646171761749214,-12.697760844022815,0.43881213621342685,,0.09395090486496604,0.3548387096774194,0,4
-0.95680502470892925,0.28637665270097212,0.050125417499835484,-0.29071869508507586,-0.94089423012525675,-0.17378345158567735,-0.0026048070517129436,-0.18084927565458384,0.98350737387954379,-10.850744674359108,-21.275781431559256,-0.42784216782256962,,0.4339656658353538,0.5600000000000001,0,3
0.46425457091770633,-0.82726154033221766,-0.31639538123870248,0.88556512194422188,0.42727959807131538,0.182226671670014,-0.015559825768055688,-0.36478827963516419,0.93096047330855369,-4.2847622661496692,-6.4638251162712228,-1.0675957701722967,,0.3881012488996556,0.2290909090909091,1,2
-0.53449862183062191,-0.8354426500942076,-0.12785461143319676,0.84393572428785413,-0.53574661282466174,-0.027350687699535654,-0.045647743995749321,-0.12251997898493856,0.99141572421342472,-14.392805621713515,1.7590234572241459,-2.6854773051723164,0.3588405111056818,0.261900281943667,0.764367816091954,1,5
-0.9965549750220819,0.076230705269505539,-0.032665904745635528,-0.073882622728105085,-0.99495302738181901,-0.067895738913197182,-0.037676780880983439,-0.065248393680353026,0.99715751378835793,1.3754492421387083,-15.265936923496456,0.14128170326453268,0.2239268254890752,0.1458841186746559,0.3902439024390244,1,5
-0.26645388449461066,-0.9582257770053566,-0.10395040990883285,0.96138416863297271,-0.27192863298782133,0.042370967221244366,-0.068868045853077944,-0.088646369603365568,0.99367953255389296,-16.280435497841381,12.381436529050589,-3.9146887100708359,0.4283981247394661,0.2369366930771125,0.5,1,2
-0.012998221521030936,0.99200829495576981,0.12550135049566585,-0.99821626470148006,-0.020187655726199554,0.056184939634245736,0.05826950422574062,-0.12454718501526332,0.99050121836475247,5.8275686670368945,-16.310005051769082,0.51794537820762632,,0.6728538460025201,0.4883720930232558,0,2
-0.12691540283766131,-0.9886697475908679,-0.080153669417955264,0.99067548341912925,-0.13037857885489854,0.039541278786233425,-0.049543587625723924,-0.074387877872578848,0.99599792999322323,-15.428261411979971,1.1174214763581618,-2.7336515996213455,0.1835319944878488,0.1132043801353888,0.4601769911504425,1,5
0.95679909815485875,0.28594900106008636,-0.052618006070058169,-0.28115483953269393,0.9560549120865206,0.083132191614209497,0.074077270315496324,-0.064746998910955006,0.99514842317848817,2.8881391175201521,-4.7606839084107193,-0.49214253702142113,,0.1166683604702226,0.144578313253012,0,3
0.25555311059865354,-0.96043835398016542,-0.11068322306124019,0.96608701605111857,0.24930634217063452,0.067247491930520542,-0.036993040977989389,-0.12411493043695622,0.99157803473142347,-4.2326756455074674,-17.149011761377707,-0.1556813621057192,0.2650161437074487,0.2243418197561411,0.6833333333333333,1,4
-0.3953266132857518,0.8981982991600318,0.19224121361987767,-0.91815457566362713,-0.39247627755339892,-0.054355742528011924,0.026627880425636481,-0.19799542152245084,0.97984119582725482,-22.70684142367119,1.0137480061224884,-3.4279935150795762,,0.4017018370269063,0.2909090909090909,0,1
-0.87869768867902842,0.47589804070121039,0.037568960151756071,-0.47732580489460658,-0.874704503708994,-0.083976825213388742,-0.0071026679389549216,-0.091722876361097674,0.99575924101170055,9.2635021736643939,-21.161534317467233,1.0220861004419954,,0.2413678319457434,0.1724137931034483,0,3
0.99128909327005443,-0.1023520581040364,-0.082885401402782055,0.12432432990633024,0.93490497500291603,0.33240960983121054,0.043467166426790514,-0.33981869271225162,0.9394859560026223,-15.026326409009876,3.5274982099905103,-2.968202712733067,,0.5975177749289308,0.4078947368421053,0,3
-0.99486754829209623,0.096818663700500573,-0.029405912917708259,-0.09538980238727951,-0.99434730070899002,-0.046628651849070869,-0.033754213896789738,-0.04358430832301307,0.99847937440500756,5.0837049048064928,-19.732772184487288,0.68657445836281328,,0.5006581012120651,0.25,0,1
0.95310786004744452,0.29715953874874323,0.05728538772162528,-0.29845994815978222,0.89165986470580794,0.34038852068964093,0.050070614738016536,-0.34152436838892808,0.93853824607008041,-9.4706564215010562,-7.5022359019454932,-1.52378130635737,,0.309154436391113,0.217948717948718,0,1
-0.99912167378932504,-0.0060306846150489594,-0.041466996605642875,0.015431916144577533,-0.97299333381658237,-0.23031679989223591,-0.038958143288987938,-0.23075442182451752,0.97223179328795284,2.6708381571657513,-13.330717535910345,0.018728199698369582,,0.1014961197130922,0.5789473684210527,0,1
0.30893945758019931,-0.94382096088398082,-0.11729622903610853,0.95056290439373403,0.30234072357146036,0.070853734275863278,-0.031409812807482757,-0.13338695838171277,0.99056617295013361,-2.7549936040116392,-33.856042425320503,0.87557248767924611,,0.1485740940238059,0.2,0,1
-0.99396263065697388,0.10970855858427056,-0.001523492970184935,-0.10768823558995125,-0.9781295742769025,-0.17794881241640492,-0.021012681242327368,-0.1767104074418013,0.98403856587471272,28.610039707976629,13.573412260753766,0.039460971871203405,,0.3228220622024524,0.2307692307692308,0,4
0.18681155452506473,-0.92954246459719225,-0.31788716489740154,0.98167972390167202,0.16427985331983755,0.096524864535263294,-0.037501503653414599,-0.33009534426251996,0.94320236477647945,-12.790908164069073,7.7537246091584366,-3.1070041700914643,,0.4037643184803984,0.1818181818181818,0,1
0.3062311509431675,-0.93354537146215755,-0.18632101763785788,0.95143411824462065,0.29365593779826288,0.092408380766604528,-0.031553142983004503,-0.20557049792566728,0.97813351315170127,-12.882927218038967,9.2578562114277858,-3.2570265430506296,,0.6664003763935691,0.45,0,1
0.29678704973963482,-0.944770450870829,-0.13901885580083898,0.95370607906599281,0.28583554046748183,0.093502719523192335,-0.048602076698571341,-0.16033352415197957,0.98586560908350651,-2.1430707577973922,-12.950632786868024,-0.37718101644416396,,0.3149309709007267,0.4375,0,3
-0.14434134164172147,-0.93209470745418033,-0.33221233184361904,0.98823953540422382,-0.15291338324246354,-0.00034335024166955435,-0.050479676674012479,-0.32835492011122741,0.94320456353944648,9.8108561486019656,-9.3224958259268949,0.24622103889697258,,0.3913865225251641,0.275,0,1
-0.44069571083887166,-0.88142919820665666,-0.16991132686490626,0.89580519671128989,-0.44398704660186838,-0.020212669165612845,-0.057622391422691856,-0.16111508619158424,0.98525204339205008,6.8371274031070861,-5.3556294491385303,-0.1527091115198653,,0.8035916625707074,0.3636363636363636,0,1
0.64195578394357788,-0.75099624248733254,-0.15458788837193746,0.76668093808284543,0.6261857818650387,0.14174521427716252,-0.0096493855656639149,-0.20951374742478951,0.97775808817837329,-3.419389572177316,-7.6236085634875819,-0.90734380791622815,,0.09465830368641588,0.3727272727272727,0,3
0.52978406715124071,0.82005082916737237,0.21643816616899114,-0.84609376470183018,0.49332757212322537,0.20187433694179366,0.058772302365779759,-0.29007679011756532,0.95519698089436833,1.3009827724326397,-12.071962778098397,-0.22852447286641886,,0.2916653128100855,0.2857142857142857,0,1
0.72185558943974959,-0.68798733234626031,-0.074819372662893541,0.69203376380630321,0.71703426274909299,0.083373471775782526,-0.003711838718779341,-0.11196113868187445,0.99370565343988304,0.87924102897484446,-4.1115970321694899,-0.77550013349842506,,0.08016813139143329,0.3824701195219123,0,3
0.84052500280942088,0.53439874352936434,0.089082560394614513,-0.53879838649335154,0.8073268674906835,0.24066496990597136,0.056692313097849535,-0.25028246431166057,0.96651159832342348,-16.403333043781519,9.7177319906661772,-3.6971734825276457,,0.1829260548774918,0.2666666666666667,0,1
-0.83572311117132858,0.54142322904729856,0.091802878506676205,-0.5491061578106845,-0.82175754373265708,-0.15230550473590077,-0.007022030226556196,-0.17769475615916855,0.98406060012838181,7.5365003647277131,-32.185866090961362,1.4307331788597095,,0.3424084108979062,0.3333333333333333,0,1
0.24371702674997026,0.95250351416910384,0.18258988572114718,-0.96837619602261082,0.22863364178001497,0.099870920808735913,0.053381212509002601,-0.20115594284513469,0.97810364113888937,-16.76370647222873,7.1468313408290278,-3.384410278843299,,0.4045241686741888,0.15625,0,1
-0.67169527146273411,0.71980132010790709,0.17524703097490349,-0.73374405715888213,-0.67902517458409906,-0.023333899482452666,0.10220137415234422,-0.14425973745972423,0.98424793993659188,-6.979248567408745,6.4613805599379184,-2.4791252182781913,,0.6220918672871358,0.3014705882352941,0,2
0.23143045547871849,-0.9572172643893414,-0.17370968030567424,0.97220854598726725,0.22107038863123496,0.077061185948306937,-0.035362231069853742,-0.1867163410776394,0.98177722553965474,-13.691132577795861,5.9556891163443648,-3.0741226363376741,,0.1742099411629413,0.5,0,1
-0.48338011598136682,-0.84630887525091125,-0.22384135262587196,0.87484817852079255,-0.47617469810086688,-0.088872500962907275,-0.031374002178460703,-0.23878639944537852,0.97056515877462879,11.644722242653918,27.937574515263655,-2.2587993994419775,,0.4250572818456133,0.52,0,3
0.81931036685033654,-0.55519368581772399,-0.14314501039050417,0.57095145232316902,0.81285968210507487,0.11521100771237303,0.052392383622346272,-0.17612242456929486,0.98297300558163958,9.1461231189855798,-17.099048247957228,0.77389837129444594,,0.2474189221343248,0.25,0,2
0.99924355031659651,-0.0034708455937407841,-0.038733453003156684,0.008902794588972477,0.98997473562252714,0.14096369418262761,0.037855876679716439,-0.14120189821660054,0.98925676977255927,10.04782790103847,-16.072580024375252,0.76057602022643622,,0.1316432461626582,0.3333333333333333,0,1
-0.46099858775515845,-0.85192099361450324,-0.24841683261532027,0.88550790900049314,-0.45989788564919815,-0.066103539035156436,-0.057931383423190964,-0.25044870815054276,0.96639505348506449,25.18620194088426,18.063883693386234,-0.46362781904949441,,0.2162499584633967,0.5517241379310345,0,1
-0.56404324031434128,-0.78189012883187636,-0.26552410340865396,0.82363030048277086,-0.5557187905539438,-0.11318018356550988,-0.059062265299925476,-0.2825322145535501,0.95743782908192432,-3.747554832152395,3.6335959187549971,-1.8125909111829179,,0.6686364922886776,0.3743760399334443,0,1
0.089567713526377574,0.96573379350837241,0.24358954158498944,-0.99479035207628108,0.074789900092017497,0.069272117480088727,0.048680387319802031,-0.24852507100925378,0.96740142080226432,21.408892250999038,17.965405806725624,-0.71138159505929088,,0.644784303927151,0.2666666666666667,0,1
0.6936040154045866,-0.67254961333487029,-0.25805132709938094,0.72032973503115394,0.64446121228949971,0.25650500713299429,-0.0062082722703722826,-0.36379494699276138,0.93145836938531623,8.5289605427361348,-6.359497539980377,0.028291363635914248,,0.5460439291098927,0.2857142857142857,0,1
