axis_00,axis_01,axis_02,axis_10,axis_11,axis_12,axis_20,axis_21,axis_22,location_x,location_y,location_z,dbh,dbh_approximation,score,reconstructed,number_clusters
-0.49291599639495415,0.8700159036881161,0.010302806788429184,-0.86778664186577492,-0.49244264885095568,0.066682694846379509,0.063088546482625435,0.02392832886778096,0.99772103835706716,-10.63052223561971,9.3201050060384762,-5.6561552635855872,,0.07765376232774454,0.2888888888888889,0,5
0.87232064274726895,0.48890780510515452,-0.0050847167326463277,-0.48204291618801981,0.86171902089688734,0.15835073721791945,0.081800508494390162,-0.13568156518764454,0.9873698342962931,7.0864654757908019,6.11100729585739,-5.085104941195338,,0.09286298427875457,0.3513513513513514,0,5
0.15658298345583674,0.98545265173624541,0.066066939372662892,-0.98226901145213985,0.1483961235614408,0.11456954068500567,0.1030987799777706,-0.082835147720877106,0.99121590981438312,-5.2796444956262274,14.944726163107259,-6.2148886551060247,,0.2297633488495362,0.4482758620689655,1,5
0.27762225814207747,-0.94644018826428578,-0.16485403186563807,0.958707127857512,0.2619192297481937,0.11081046919543597,-0.061697040279850117,-0.18881018808945668,0.9800735625933038,8.3157362912862549,-4.4824664230151487,-3.8103777641417502,,0.2434260675633398,0.5487804878048781,1,5
-0.10671750310253876,0.99226958931152398,0.063343797321440506,-0.99004557445932018,-0.11192597053610519,0.085336613555180199,0.091766742478279428,-0.053606335885705229,0.99433657567638245,-10.231900162986721,-13.779713071664261,-3.0863789259086052,,0.07763407512687942,0.2173913043478261,0,1
0.39521715482805897,0.91857063342526402,-0.0056028509103359615,-0.90956317952559684,0.3921799947118319,0.13743971114315698,0.12844540856294176,-0.049222384709975711,0.99049428764761793,-21.409600965415688,16.311357905109556,-6.5583102527892514,,0.1297155873448197,0.6923076923076923,0,2
-0.83301483326086168,-0.53961838284780606,-0.12205854521538828,0.54639448731743234,-0.83704542044418351,-0.028425839346275888,-0.086829440839491151,-0.090371262059011803,0.99211576098626852,7.3362017211807,-15.23563709845428,-2.6130225744961502,,0.3919205618615598,0.3529411764705883,0,5
-0.36870031363577271,0.92889686235928925,0.034795083330133598,-0.92715185643800369,-0.37017818830946031,0.05794431812947598,0.066704676211244263,-0.010896237836699619,0.99771326450667164,9.0776732955678696,-5.4248892946475546,-3.7072440499053134,,0.1938144700711029,0.4,1,3
0.76667988913303908,0.64202059398866629,-0.0033918274412545863,-0.63506561148355112,0.75912931366247005,0.14287880965829347,0.094305973882752261,-0.10738827698025399,0.98973437914282747,3.6830378336699914,9.2966872122518929,-5.4762995854587864,,0.09878298915257988,0.4047619047619048,0,5
-0.66398397153298028,0.74734801013058749,-0.02441797086453925,-0.74645402529671856,-0.66056309046986827,0.080391489768647295,0.043950809612748797,0.071605553295452692,0.99646423471775247,4.5795443534128415,7.5599434748915098,-5.2664232962369866,,0.06672780097084825,0.1764705882352941,0,5
0.064461280260601134,0.98626010776051265,0.15210438253839689,-0.97569563119639025,0.030300436757665142,0.21702515705920639,0.20943442556428662,-0.16239730100133282,0.96424288331106722,-7.3053403133441348,-6.8658410108751751,-3.7793846901778276,,0.2356565643190502,0.2307692307692308,1,2
0.11824800126618866,-0.98920639302492197,-0.086533936667503419,0.98826728531610719,0.10875467776871299,0.1072389520526751,-0.096670486553466689,-0.098199450416218984,0.99046033992657623,14.268446863499511,12.266240396519541,-5.749324545459082,,0.08261153299736404,0.2142857142857143,0,4
-0.7186337275421244,-0.68659455435301175,-0.11024283909489031,0.69059194693825787,-0.72323982851312396,0.0026293110000042527,-0.081537282656091725,-0.074243305321740824,0.99390120391916437,9.9181380224947979,14.853812697690634,-6.1584615014754629,0.1820268853646071,0.2115673314712215,0.6296296296296297,1,6
-0.5531935518601343,-0.81235835386429789,-0.18452858609781503,0.82532883750568786,-0.56454360180192675,0.011082943923841244,-0.11317775471301932,-0.14616575033638141,0.98276465609357555,14.49904440719523,-9.3685047324515054,-3.2329078541378204,,0.2902981804628971,0.2631578947368421,0,5
0.31856876705514975,-0.93106984771321899,-0.17782822986310506,0.94615624493038541,0.30096380537665285,0.1192021309894974,-0.057465649184488279,-0.20622736610956346,0.97681521928731119,31.055703069431413,5.94722163687912,-4.8784978920511355,,0.2899476409958933,0.2,0,4
0.90668747294971697,0.42127426169202914,0.021114517088747606,-0.41638364995656224,0.88591757531254567,0.2043886146564671,0.067397940954501287,-0.19410833621504864,0.97866208231795626,7.1621580473029267,-13.77824810497488,-2.7670062246068401,,0.167593678315296,0.2307692307692308,0,5
-0.99904763545917885,0.03259978753781264,-0.029001309210336525,-0.030516306330066384,-0.99710861160339115,-0.069592899884457396,-0.031186168911772841,-0.068641609238478965,0.99715382582115142,-5.0434654343457508,4.423453780548245,-4.9935980514120564,,0.09016456552326055,0.2578125,0,5
-0.99126846594051254,0.12582232925662531,-0.039440713639333998,-0.12767339335891228,-0.99062620056623674,0.048571960840825178,-0.032959567050600158,0.053183382857238337,0.99804067789228779,-5.8390242899774245,12.533266426964726,-5.9484074241198606,,0.1016500214073105,0.2727272727272727,0,5
-0.84705585377363701,0.53057398221641427,-0.031426580832636476,-0.53124699056633018,-0.84332703568318057,0.081093439315621144,0.016523183774069077,0.085385948966061734,0.9962109335462711,3.4434595349653208,4.659126583450611,-4.9226761336471645,0.2279080242029824,0.1349315857239091,0.6166666666666667,1,4
-0.69244368814855162,-0.70486898974516188,-0.1538877709204621,0.71388891155496448,-0.70024205453070454,-0.0048669318351969772,-0.10432813955066078,-0.11322884951395966,0.98807634671398015,5.2451045212953602,14.279359144307751,-6.0663346278099235,,0.1229429532492083,0.3181818181818182,0,5
-0.18357532512678229,0.98184667097043976,0.047720170880464922,-0.97942816249816134,-0.18682944867255769,0.07625766593715716,0.08378886865253117,-0.032739453461728893,0.99594555758683712,10.588126197617761,-8.3108537383608869,-3.3550970589971367,,0.1723365313546665,0.5111111111111111,1,5
-0.31457973651182347,-0.93751600311954919,-0.14867189805372613,0.94423429765100597,-0.32511116032802934,0.052195062694422208,-0.09726859984426639,-0.1239615961695725,0.98750814789521002,6.4051069387470605,14.205415631279255,-6.085338806473942,,0.204967148679225,0.2068965517241379,0,4
-0.25665913995030853,0.96650179729922991,0.00060141277571519743,-0.96287274793536537,-0.25574920413766561,0.086419996912460384,0.083678893177234204,0.021601398110064049,0.99625861222692791,-5.0882358874553493,8.3098551135722243,-5.4635331544801362,,0.1424708390443794,0.5877862595419847,1,5
-0.62597792723638424,0.77874492843430487,0.04132760639924684,-0.77820911948253901,-0.62721676496817069,0.031459435739940839,0.050420243623497264,-0.01246860780976441,0.99865025552103825,-18.832346013603981,15.445829089014708,-6.4354376907675492,,0.1788354991860831,0.45,0,4
-0.86376960219764531,-0.50202307888096998,-0.043300145383040195,0.4996113747789015,-0.86444301768085086,0.05591729047763179,-0.065502278669197084,0.026666410588887177,0.99749604211517928,10.589085849442403,12.66986920572459,-5.9040428268602048,,0.1390043334110107,0.7142857142857143,0,3
0.050612234793875666,0.99871472268662176,-0.0027026613096339551,-0.99444797550719022,0.050645621975996764,0.092240148440448796,0.092258472233292491,-0.0019808239824428424,0.99573312219566656,-10.043020062539721,15.461933949937295,-6.3096402005853776,,0.3409514257193857,0.9081632653061225,1,5
-0.88777319562575618,-0.45239760715052657,-0.084824278204474607,0.45616422021446701,-0.88935624855124495,-0.030978498333247471,-0.061424403330920946,-0.066195681183393487,0.99591424051878397,21.219142614995199,3.2145601080359532,-4.6112807374150364,,0.1586645141048936,0.2777777777777778,1,5
-0.99063236072858984,0.13236992390450336,-0.033551887023197183,-0.13444380198906519,-0.98845951052963466,0.069804442195612534,-0.023924673122665538,0.073661382616888219,0.9969962942393229,-2.2853578163748929,1.7134597854398768,-4.6614610239640539,,0.2269417903481556,0.7633802816901408,1,5
0.34514470019721494,-0.8910503976273968,-0.29479539483145561,0.93581530885441655,0.30276488693479991,0.18050798030300994,-0.071588013238869957,-0.33817541620794528,0.93835629919188768,27.999820032854636,11.037850749753868,-5.5449143607600586,,0.4156159005891716,0.3846153846153846,0,4
0.053235939494490722,0.99523669516205793,0.081669182370364968,-0.99377641572826714,0.044788329106491456,0.10199235813592766,0.097848711225123688,-0.086590566338104136,0.99142710449776839,-23.707126957806107,11.677234297362189,-6.1009948630100421,,0.09682738721764442,0.5263157894736842,0,2
-0.40474283042934206,0.90980746249676536,0.091834755954608688,-0.91074567228345005,-0.41008060870642238,0.048746433509926565,0.082009521599705246,-0.063908337078723232,0.99458039535214082,-12.788502348586364,6.7933258114716315,-5.3985554782815059,,0.4100582613434251,0.7387755102040816,1,5
-0.99335219103982952,-0.094348996854283565,-0.065952189872382508,0.1019365486146806,-0.98713575040775414,-0.12317447107030391,-0.053482376657168769,-0.12907856932702916,0.99019107162587072,9.539506068807686,-3.5091541881396675,-3.9222687231807734,0.4352835972912946,0.4181868854003961,0.44,1,3
-0.50681931761075349,-0.84566474772595912,-0.16728811598604651,0.85587343668428961,-0.51681395436211064,0.019595840242836504,-0.10302834403597258,-0.13324590436553385,0.98571328960048887,-17.999911908551987,2.8257711613628973,-5.0313499345706942,,0.3002242143546564,0.4098360655737705,0,1
-0.9476215076044765,-0.31444835595858533,-0.055997408514702023,0.31725486617340598,-0.94695532971333019,-0.051234299222428129,-0.036916503283948923,-0.066316174214605519,0.99711550826512818,12.531248322957671,16.393983606958145,-6.3044300778847964,,0.3983909716179761,0.4117647058823529,1,5
0.42344258620147285,0.90485749665507009,0.043923648961889564,-0.90009236083755984,0.4147304556661941,0.13353797626435171,0.10261636396245909,-0.096081006916195408,0.99006985710963524,-8.7851330836133368,5.0778210806841866,-5.1268674197427062,,0.4913222304361544,0.8566775244299675,1,5
-0.90401876509090251,-0.41177805681097701,-0.11484295491015563,0.41525862454383355,-0.90967557201344473,-0.0071153653438487327,-0.10153987938481981,-0.05412195128585745,0.99335817673361315,12.126725302305449,21.40237863372619,-6.9099022489708233,0.5454202467873434,0.5230291275340763,0.5263157894736842,1,5
-0.93045120333346298,0.36627289465243829,-0.010233516415918723,-0.36641172431892477,-0.93020999922590253,0.021255719742678078,-0.001733925299258322,0.023527090408096467,0.99972169603344418,-16.78034251930751,2.7976126872975655,-4.9996974427390235,,0.1184579509938197,0.4857142857142857,1,5
0.57925187590753868,-0.79691001634076419,-0.17146921039463858,0.81375591289996307,0.55303277861290412,0.17876257997701633,-0.047629596659493574,-0.24308264363268298,0.96883551229638598,16.469396665083618,-5.1853458487610249,-3.683052088491011,,0.2005398520651795,0.5,0,3
0.060399132901620425,0.99813071063605563,-0.0093289458082646045,-0.9933860323110032,0.061021107484720248,0.097265694110201417,0.097653138987609855,0.0033924808767859171,0.99521472834728775,7.4584768654014972,3.9578764121522569,-4.7939007837629273,,0.3021073416391691,0.9162995594713657,1,5
-0.12583985809720344,0.9879352261192953,0.090268040339272396,-0.99174352410612054,-0.12754272839722769,0.013327971584742804,0.024680204773226227,-0.087845554387275815,0.99582832158296442,-7.7281850096830969,-5.7188497648058032,-3.9131045384975405,,0.1537536371274556,0.3257142857142857,0,2
-0.12981733562308159,0.98275121345514638,0.13170995339822944,-0.98801857271813864,-0.13939213737896064,0.066250524533316896,0.083467115295419531,-0.12153141359074432,0.98907196713631451,6.897365075408997,-9.9653493617662612,-3.2045163450563714,,0.1806409332170333,0.1311475409836066,0,4
-0.99602309457646065,-0.077135012028380689,-0.044589068051620044,0.075842651378616913,-0.99666882974227966,0.029985597409691016,-0.04675347369118172,0.026484594381187922,0.99855529589415903,-12.450248835475806,4.4222308618327233,-5.1367741709304306,,0.1807923668392475,0.1851851851851852,0,1
-0.3286741198109871,0.94092315186927555,0.08146744897725168,-0.94138032780752878,-0.33332866934171113,0.051914127286068208,0.076002640634801111,-0.059629023732344293,0.99532305215204608,-8.7280703733076148,17.850623479613251,-6.575398676275654,,0.1402342544052378,0.36,0,5
0.91009983333382682,-0.39857448440932852,-0.11338727328752082,0.41436811765993881,0.87807383267600547,0.23934370147682987,0.004166105219507347,-0.26481073382230713,0.96429140762520105,0.96839169515218293,-12.267279778742441,-3.0504742476040625,,0.2402725486834881,0.2307692307692308,0,3
-0.89670684050223992,-0.43378345181002559,-0.088027036371046127,0.43557714301475897,-0.9001504634037758,-0.001302197015806261,-0.07867270606500508,-0.039510253982311609,0.99611723464191815,2.7223927313373393,19.397782157527057,-6.657272750086026,,0.1032846054995323,0.15,1,5
-0.99422074495823443,0.098924034328157662,-0.04170306615747392,-0.1016675328571402,-0.99236634146900715,0.069805136502695112,-0.034479313471058017,0.073641562664429241,0.99668856579721288,-17.0117235354858,7.6685968453436022,-5.5373900938563709,,0.08794837208457222,0.5370370370370371,1,3
-0.41895147722099924,-0.89963470361829645,-0.12303275897078511,0.90213983947802856,-0.42778547798589567,0.056065094764357094,-0.10306973251590486,-0.087504199156380288,0.99081766504695556,7.9806858378995225,19.019846212515656,-6.6196778276416071,,0.1274074895171467,0.4166666666666667,0,2
-0.40377401099938803,0.91391956242632155,0.041443714311649678,-0.91203668412209127,-0.40567067443394672,0.06016968273047834,0.07180274964822414,-0.013503233641854392,0.99732744263063711,-5.1724836728128611,13.742434769748753,-6.0852856166707996,,0.09140451924644095,0.2826086956521739,0,5
-0.8037336398643623,0.59496288837198064,-0.0056033570698576585,-0.59442798820326115,-0.80253085728304019,0.05098617409819111,0.025838014455560609,0.044310095560917237,0.99868363981812358,-28.765724681345866,10.716988623279372,-6.1309854242289941,,0.2096554579208752,0.64,0,1
0.72739385601832807,0.68185550523895644,0.077273851994805021,-0.68385518741810125,0.71093523700117145,0.16405234357192666,0.056923289329950721,-0.17217479131805336,0.98342034774883702,21.811406850203987,-1.5739153728475019,-4.0442802802349771,,0.2891429470329087,0.4117647058823529,0,3
0.77126289385217894,0.63641605465831763,0.011320509701645363,-0.63026733039284055,0.76108365826278357,0.15334522283012891,0.08897550677712357,-0.12540442774671462,0.98810783252399859,10.295198521686093,3.6999875524785053,-4.7459114672125668,,0.1644547919736695,0.3548387096774194,1,5
0.78210245090000274,-0.62066311254668916,-0.055615258877976262,0.62246664672998708,0.77394917972857369,0.11635265749518921,-0.029172418565040992,-0.12561834229651009,0.99164963675369855,-3.6512912658675956,-15.803198427419694,-2.7274257832700459,,0.5427605604035529,0.7439024390243902,1,4
0.50601720710832676,0.85922187388224425,0.075394678542811844,-0.856346214577974,0.49002746043767542,0.16292405836762572,0.1030424518742825,-0.14700632455540011,0.98375372611871159,-19.602873922560811,11.859291903004671,-6.0503409527600676,,0.1178738720008189,0.1304347826086956,0,1
0.99938264032147262,0.033161315409902054,-0.011604541540587794,-0.0296831137823159,0.97366380173373079,0.22604803460681641,0.018794972207170794,-0.22556402273789886,0.97404703206058207,6.4523065395683918,8.7408473091792409,-5.3831792994153851,,0.194947337284914,0.3243243243243243,0,5
0.35462943151883719,0.93500150736399323,0.0031855184328688766,-0.92964026264862332,0.3522274109781518,0.10818887659194204,0.10003473578325031,-0.041328345995066296,0.99412525340325519,9.3112382680424375,-21.157948954744249,-1.9253000639614368,,0.1651827738954011,0.7619047619047619,1,5
-0.66688125080180893,-0.7368486217784207,-0.11101128731916057,0.73912662975808086,-0.67302208890520299,0.027075690723200752,-0.094663733876686307,-0.06399512816550601,0.99345025092331862,19.477380949575291,-1.9727484722770927,-4.0158638281232344,0.1884517054594557,0.1501631117479423,0.3809523809523809,1,5
-0.064388879835080293,0.99678347517850918,0.047715571511181165,-0.99287565848714066,-0.068793679036817532,0.09729006376967228,0.10025965757627117,-0.041111231259041515,0.99411159721987719,-17.954416093310755,14.150300678300818,-6.2931563217763271,,0.4966177598762856,0.875,0,2
0.4742309106820165,-0.87509271748954187,-0.096528644196803695,0.87856266234544556,0.46330713708852894,0.11607818509656675,-0.056856764647550309,-0.13985432606680068,0.9885383532236941,16.37516852041956,-0.77766287919151589,-4.1729820937513997,0.509051184964081,0.2941731501126821,0.5882352941176471,1,3
0.7449292961685936,0.66624748526209554,-0.034563450228494691,-0.66055738834470501,0.74384658141768145,0.10176541660333999,0.093510857193090713,-0.052976897749513099,0.99420780920884499,-9.4381605873830612,-5.8316049520547635,-3.9264808409522174,,0.4192953425335853,0.9728033472803347,1,1
-0.9491321615621594,-0.31114375007277645,-0.048349836390560841,0.307766689318619,-0.94914414725092233,0.066370570927011333,-0.066541752563341938,0.04811397437304904,0.99662291797641789,-3.0764617078734946,12.389487596857464,-5.8898351370805706,,0.08487682142315546,0.2222222222222222,0,5
-0.51699227089616528,0.85391116316810112,0.059621449584245173,-0.85371846818702346,-0.51943901075243848,0.036713637587833657,0.062319891768425839,-0.0319192657407587,0.99754568394863141,2.7823944348272267,-19.090856636880034,-2.2304538291489782,,0.0745395150427427,0.4666666666666667,0,1
-0.085512914421303973,0.99601788731286145,0.025217248462099748,-0.99252414640883846,-0.087370530219496395,0.085218596823529322,0.08708249113674861,-0.017741437427351073,0.9960431120867359,-14.400094224877591,17.760424440750171,-6.6272441868743321,,0.1314684803905104,0.25,0,2
0.99914226527287353,0.028383387049600479,-0.030151568532732265,-0.019709752103627499,0.96633359389568374,0.25653637360161219,0.036417844766062642,-0.25572205350388721,0.96606416553681906,3.6498130070170949,-6.0458035093286089,-3.685607667862469,,0.2717351467749941,0.1739130434782609,0,4
0.95349904754482195,0.3008274792971628,-0.018503892315769953,-0.2926059695209145,0.93866351494187139,0.1824624682440151,0.07225865298941217,-0.16856344033237919,0.98303868370042768,-6.9293411426682603,21.802257039040676,-6.9842674572432628,,0.1884740791616941,0.4666666666666667,0,4
-0.69290576848500229,0.72097569947383133,0.0086969401761137245,-0.71976092923070367,-0.69235246015889063,0.050914395458305374,0.042729389805626024,0.029019160569362955,0.99866515287491997,10.883363524084631,15.38864192548931,-6.2075365448253921,,0.1047226935006514,0.25,0,5
-0.99707278584675951,0.072368653867542806,-0.024670582911271482,-0.069092339901026298,-0.99100457045647883,-0.11461321870260596,-0.032743064773829413,-0.11257317296660918,0.99310380748310856,-24.74454812550302,18.887939796085409,-6.920909317586025,,0.2246501238872317,0.3571428571428572,0,1
-0.11863421298186468,-0.99088832950467487,-0.063767091525399583,0.98817732543490133,-0.12410289500449245,0.090022469127597579,-0.097115894716049839,-0.052333449178695139,0.9938962285322156,4.355279274969388,15.473803269567947,-6.219285492292296,,0.1077714513508898,0.3181818181818182,1,5
0.77479302488444191,0.63203234652428619,0.015194786521119412,-0.62574800057552238,0.76321723759236837,0.16105554326881066,0.090195389938475534,-0.13429281882841124,0.98682836929476592,12.226130230330707,-5.1186795739336457,-3.7100981320687509,,0.1323999952584769,0.4782608695652174,1,5
-0.48764469294614327,0.86785755161019529,0.09500486068943062,-0.87161565473415581,-0.4901749947922564,0.0038242519216639703,0.049887913003156606,-0.080942847698656867,0.99546946288804927,-2.243599689635408,-8.0924850151844794,-3.6003061032720658,,0.4001711702527812,0.2422907488986784,1,5
0.81151549827305658,-0.57987114601746537,-0.072055881640738964,0.58393947629097287,0.80026958312760477,0.13632051331254022,-0.021384201917705663,-0.15270248307464235,0.98804082282625427,-15.000532390168837,16.007378095675325,-6.4402792562503315,,0.1321196846575707,0.4210526315789473,0,5
-0.88719955429500597,-0.45031714020935781,-0.10045608041531605,0.45401022090940923,-0.89084808056668152,-0.016260893593181076,-0.082168547319106527,-0.060034744809359761,0.99480860432906537,-19.000749594893303,10.212836633348758,-5.8524055447455616,,0.445786938396442,0.7734375,1,4
-0.94065093910586295,0.33763177842152198,-0.034359757845163465,-0.33931550833105228,-0.93755722826507981,0.076494637288773343,-0.0063872189016529538,0.083613551101610506,0.99647778575685297,-9.5120863906047965,0.27003797023792359,-4.6057118212760928,,0.2180176932407385,0.7958015267175572,1,5
0.99583587706045995,-0.082464920183601909,-0.038864416866028192,0.086884015444304408,0.98760915067933852,0.13068792352283243,0.027605684550434804,-0.13352041953779203,0.99066150815854037,12.73001844456194,-4.1156113069549001,-3.8040894893833044,,0.2152295530875365,0.7558139534883721,1,5
-0.91016723209080996,0.40990702382393646,0.059764884739754789,-0.4142143736790973,-0.90222267327056749,-0.12008622100034519,0.0046970486250938991,-0.13405401768061045,0.99096289440013852,-15.509302716624099,0.58382315836534904,-4.7348778021553413,,0.08873669224998225,0.3176470588235294,0,4
0.8393600634162921,-0.54193329806964741,-0.042225399763111002,0.54322721949281194,0.83350544173456764,0.1008606295884245,-0.019464633156265395,-0.10759637095283428,0.99400409909309406,-19.76530608190118,0.45696579828475548,-4.7923642465434053,,0.06893901853545681,0.32,0,1
-0.65624950430279905,-0.74221166746947553,-0.13586180027701583,0.7466222278531186,-0.66476930112072707,0.025239357422619839,-0.10904969957765631,-0.084874124205445475,0.99040625304083285,16.781607525910829,17.835804957003827,-6.4445163246395456,,0.255809854005715,0.3888888888888889,1,5
-0.22521541470829465,-0.95803949738377625,-0.17730859660606549,0.96563953127503388,-0.2437071183341912,0.090261487425023518,-0.1296854371805253,-0.15088791179510094,0.98000741091963695,10.498823693649918,19.860574933434812,-6.7346911376267169,,0.1740406117185528,0.1851851851851852,0,5
-0.069260422121516146,0.98948486468065799,0.1269751806277532,-0.99265205946700763,-0.081015855854895166,0.089879474497843892,0.099221382591954968,-0.11981708420755374,0.98782538111173368,-0.49754551477220471,15.79954809757696,-6.2695283943957705,,0.1742055471427345,0.1818181818181818,0,5
0.17777931208078382,0.97397725075008057,0.14058033723603425,-0.97877130180293637,0.16020318941550019,0.12783456836116786,0.10198654304891425,-0.1603223413078014,0.9817817944505367,1.7875633314573789,7.9040004051227228,-5.3035772768397367,,0.4602986216596974,0.5310734463276836,1,5
-0.83233289491388585,0.55413051900034338,0.012701179342086009,-0.55388724904658693,-0.83238878165689578,0.018380193561345747,0.020757345395640014,0.0082634184305571089,0.99975039311218439,-2.1762536786669724,15.814005257875573,-6.2753114996408232,,0.08690027752864388,0.3333333333333333,0,3
-0.44875297205076758,-0.88809077514230206,-0.099576830551824203,0.88613280516365367,-0.45663199834462331,0.079094056038292976,-0.11571266865989979,-0.052744603467459919,0.99188133620744334,25.292285993029562,-3.3256240630131253,-3.832985083558992,0.5713910301983272,0.427064974880953,0.9090909090909091,1,6
-0.1172700737205679,0.97455337899150662,0.19103256608706767,-0.98653211695111165,-0.13640547475370729,0.09026587772339266,0.11402680401349186,-0.17787427569340394,0.97742448813860616,-0.59497187176101518,-10.530832165351102,-3.2457248915172507,,0.4563182972648188,0.3513513513513514,0,2
-0.99691796931644405,0.076289816180970152,-0.01828732897532118,-0.073875664391688411,-0.99135759153477998,-0.10840900293355447,-0.026399785314741717,-0.10672389448213836,0.99393815787598228,-17.279255728100569,0.19426783538864026,-4.7266575478250816,,0.1691174216674218,0.2168674698795181,0,2
0.9786710155755558,-0.19779198467950473,-0.055510125822702878,0.20456432597996535,0.96311198061113601,0.17483920996062929,0.018880672887167237,-0.18246545864858121,0.98303096420788816,-17.747509542130381,15.05222706452447,-6.3784236303104702,,0.08198729098828166,0.2173913043478261,0,1
-0.65760498786567556,0.74986203867519996,0.072543799790595248,-0.75130489735084782,-0.65987375388833036,0.010372084937728072,0.05564738224586066,-0.047681777265497161,0.99731129391278173,-4.6977521780695177,5.788021533643338,-5.1200148862694359,,0.4878019602839676,0.1759259259259259,1,5
-0.64826276799999194,0.76137452643366632,0.008013371506310504,-0.76112995712351217,-0.64827155437104556,0.020619897247763339,0.020894305304275249,0.0072678945546976147,0.99975527291162236,3.965540693075071,-5.21615253251443,-3.783880855271232,0.2359416171590151,0.1458728862050505,0.4878048780487805,1,5
0.76000593654201021,-0.64129755536957067,-0.10549133565328592,0.64933822900831617,0.74241715818053011,0.16485335176298185,-0.02740147385169921,-0.19378908306754103,0.98066046647889116,-5.6482532065583904,6.8094656559985713,-5.2851148574415143,,0.1015089685916821,0.3974358974358974,0,5
0.99828125090736508,0.04490321729138648,-0.037659595904743839,-0.039793906415269489,0.99111747368980796,0.12689601396003519,0.043023122841547017,-0.12517928911611215,0.99120086585784717,-4.2944492559939889,17.518480535985855,-6.489266788081034,,0.3369414660396345,0.9302325581395349,1,5
-0.10764788275108647,0.99381420818363952,0.02729932144826179,-0.99025520631072272,-0.1096218070857419,0.085893456012469088,0.088354737924561166,-0.017787046510975315,0.99593024919554485,-6.930568054034806,4.031821564772609,-4.9809097619988103,,0.08603112041075307,0.16875,0,5
0.65172629272334437,-0.75208836346844732,-0.098060863286216465,0.75695853800320068,0.6368660689752268,0.14633995330086111,-0.04760893946668384,-0.16960160295054369,0.98436207015481014,-21.387495654565498,-0.81225576245093811,-4.7349880833297506,,0.09384367423998281,0.2352941176470588,0,1
-0.88863193100022286,0.45822237275843308,-0.019119317729631293,-0.45850092514929408,-0.88667258992166198,0.059905090926012185,0.010497277935559657,0.061999801493585381,0.99802095758090148,-9.4329868748119328,9.8967691739133414,-5.6925856294645145,,0.1199002764860968,0.4166666666666667,0,5
-0.073356295334239388,0.99714769654590318,0.017757398684339128,-0.99295172115483654,-0.074686433485851689,0.092026170782069747,0.093089920993000425,-0.010881540624478514,0.99559824160308452,-16.511167436059729,6.2204734440929448,-5.4044550773605486,,0.08880920293049317,0.4565217391304348,0,4
0.52260268528926146,-0.84713350473666071,-0.096183462617203508,0.85036511862908903,0.50979972469731982,0.13032039639853835,-0.061364471377079371,-0.14989685070447195,0.98679548833661201,-15.424356246294975,12.912659123778662,-6.1378606087838499,,0.1502884380536157,0.65625,1,5
0.45045265952750668,0.89277263705145504,-0.007029940027260242,-0.88687229618189189,0.44835374490539343,0.11151883111998451,0.1027128608775669,-0.043999295011398626,0.99373745539193858,2.3843967295856987,-4.4571439983190446,-3.8720394610681592,,0.3426961645328853,0.9622331691297209,1,5
0.99862124145126152,0.036882110628765973,-0.037354063204805714,-0.031172308287076549,0.9891842338756367,0.14332773160810403,0.042236279646728034,-0.14196570489888294,0.98897008817970122,0.028057236760746878,3.2798040452588224,-4.8053289164786266,,0.1226004284486683,0.4713656387665198,1,5
0.27537798460676832,-0.95238726540064689,-0.13086428961558705,0.9578348274900178,0.26021354956039205,0.12182508720435926,-0.081972000348184026,-0.15889432125742975,0.98388677490403254,2.5247499266714084,-13.535705546250329,-2.8686499694562606,,0.5402641876077015,0.1724137931034483,0,1
0.19278945297971675,0.98118662112616017,0.010248967890026668,-0.97579527790913578,0.19061040240742644,0.10719724858554734,0.10322694623989546,-0.030667393386268768,0.99418494685489878,-1.514286922526318,-10.921248055835211,-3.2244975384250503,,0.07066725531588089,0.1948051948051948,0,5
0.5659418807658334,-0.76733154002527748,-0.30151632671825068,0.82245210470486663,0.50004851091539348,0.27115313422092779,-0.057291561872284812,-0.40143965226884787,0.91409183484182832,-18.20270630656276,6.3125683804812427,-5.4263382304152401,,0.7346181418423446,0.4190476190476191,0,2
0.089638116930752798,0.98084412705230328,0.17294451832918606,-0.99108899520527827,0.070665612261039679,0.11291135827172093,0.098527212363393415,-0.18152457043270448,0.97843815274810353,-19.714450296989277,8.2547376905258911,-5.679437143602077,,0.2044442818554713,0.3548387096774194,0,2
-0.6492313529228988,0.76032987040056277,-0.019928335569390929,-0.75906063106589694,-0.64604136322583239,0.080358667031941972,0.048224565811887235,0.067298181089623252,0.99656677953576378,-6.162379883651611,2.3620905904370897,-4.7775585401141658,,0.2093375977691857,0.8086854460093896,1,5
-0.59032579892911341,0.80463781731440187,0.063823460155491452,-0.80530775498739171,-0.5924843530917262,0.021016924100500645,0.054725413437191207,-0.038990694902685495,0.997739873331288,-6.7042186059818087,-11.010048312788488,-3.3188594369010538,,0.06888556459828651,0.1304347826086956,0,1
0.99851931730829158,-0.031777593211647623,-0.04415152921312538,0.041215364290980841,0.97165656486630891,0.23277631687645037,0.035503052101814467,-0.23425137037353472,0.97152757488893537,-13.841427499608972,3.4387780886156487,-5.0165969336021421,,0.08311467305223441,0.25,0,1
0.95404460450388218,0.29929870937565062,-0.014804566292247186,-0.29356618475070367,0.94340386123098252,0.15429857350406559,0.060148048912226852,-0.1428616014908955,0.98791334388776708,-2.1095459617061998,27.744605371983148,-7.6898028850021927,,0.4490662482850649,0.8260869565217391,1,5
0.062088065678405753,0.98692651548941812,0.14873172198368348,-0.99403997127006405,0.047767726876759772,0.097993774222854782,0.08960807785979194,-0.15392952053763115,0.98401021086639673,7.2477410653630967,15.836680290799626,-6.2293138068783867,,0.1234642672266952,0.3043478260869565,1,5
-0.70369402422119209,0.71005863851659823,0.025128671738510234,-0.70889511563940277,-0.70404028997551793,0.042367264648418217,0.047774839591408526,0.011999998297753833,0.99878604552870653,-15.430670590531921,2.9787044830321281,-4.9800945894866953,,0.1659252012675415,0.5590062111801242,1,5
-0.72743924330374121,0.67700000444498609,0.11181744623791882,-0.68513835921567157,-0.72557590013217654,-0.064226488917266414,0.037650710922084087,-0.12333129014516661,0.9916510559860211,5.9532504958455066,-2.9212498829208915,-4.0267736674351395,,0.244573438368114,0.1505376344086022,0,1
-0.84044527112336243,0.54187788365748146,-0.004483910042238453,-0.54139587393058064,-0.83928461853753933,0.049918301025174416,0.02328634658594185,0.044381170435064107,0.9987432391628458,3.9563363613699565,19.778841699857839,-6.6895645962027732,,0.09057969111162884,0.6153846153846154,0,5
-0.86329619366669097,0.50445471865044078,-0.015656271328393107,-0.50446964312896825,-0.86155867063177471,0.056807008551244216,0.015167767203350344,0.056939387865645057,0.9982624128692571,8.2166390231338635,2.8062652486723461,-4.6510892961119152,,0.1209386432624339,0.6116504854368932,1,5
-0.49657057863928067,0.86109306624450033,0.10925379487913819,-0.86573598149026532,-0.50041625912985799,0.0092074943152141986,0.062600884841475815,-0.090012770561303107,0.9939712422162631,10.104967013292423,-9.8025736853167444,-3.2083753486300539,,0.1491827775004703,0.375,0,3
0.99902380394580947,0.023314984916079234,-0.037521335637306072,-0.019245731404287283,0.99424608307118978,0.10537707587663907,0.039762305923555362,-0.10455208164336047,0.99372421790539123,4.0845297253185535,2.6931086969791993,-4.66655273871452,,0.08767251549579118,0.3775510204081632,0,2
0.88116989573805793,-0.44401645808264489,-0.16244691378023016,0.47267247555977648,0.81933078631628331,0.3244653963715276,-0.010970218465057711,-0.36269332437485385,0.93184398198450824,-22.193876386670638,4.5239920310462525,-5.3132777752696914,,0.2790020700552159,0.2333333333333333,0,1
-0.098276773358811909,-0.99189770840088809,-0.080502247715505126,0.99113418835688105,-0.10482666523248496,0.081635720897068734,-0.089413066653192763,-0.071765634709827247,0.99340575656997687,3.2193392671376695,20.355787553668627,-6.7738047082210917,,0.1480509798175309,0.375,1,5
-0.99719582912134619,0.047133653346185911,-0.058128281457773615,-0.04857211608249884,-0.99854115889879402,0.02358608751623242,-0.056931783058857585,0.026343361731121138,0.99803046014159524,-13.209604227146363,2.312261123096786,-4.8874069713596766,,0.1099247314360983,0.1538461538461539,0,5
-0.034764017219398841,0.9985601864843765,0.040853605410748985,-0.99501782471043931,-0.038404777768459387,0.092003269252029354,0.093439775338318848,-0.037451662350863522,0.99492028895378448,8.1328848329647627,6.0562897838593557,-5.0772479245093489,,0.145782789130261,0.5636363636363636,1,5
-0.49045933147236653,0.86643422469044407,0.093495339224739668,-0.86868431441754557,-0.49463536860977053,0.026896356727186915,0.069550025568642426,-0.06802636551622035,0.99525635267405121,-7.9175661258664762,17.161253930249895,-6.4691789749684032,,0.1384348857624665,0.4166666666666667,0,5
0.84611471123169835,0.53292207447774986,0.009162858267538692,-0.52682342852395403,0.83357503376198172,0.16616178335278289,0.080913352393567672,-0.14541913774686774,0.98605593339393871,-13.76801639630802,9.9725016113760088,-5.7567969798592058,,0.08663957522882755,0.3043478260869565,0,4
-0.78931903733709086,0.61346127908596459,-0.025312375618623456,-0.61362820192832424,-0.78679003376164069,0.066497162131671034,0.02087790926931762,0.068019863536809347,0.99746549367332682,2.8884033524490142,-9.3894232006637832,-3.3315724971415142,,0.07989045618579028,0.15625,0,5
-0.62088388859577248,0.78122789997476161,0.064700581011429031,-0.78249104860052365,-0.62260209474743666,0.0086249913714432271,0.047020801165504979,-0.045272507298889604,0.99786744828189811,29.345931365476332,10.774524546677636,-5.5025223472948941,,0.3665794108034254,0.3809523809523809,0,3
0.30486601911989963,0.95235234672564695,0.0090398048728162848,-0.94669748653680796,0.30199179625553707,0.11209292564316889,0.10402201387627395,-0.042731284564214198,0.9936566096738938,-2.4006968107731521,11.575622548693666,-5.7776327313040632,,0.09453103742243216,0.2698412698412698,0,5
-0.14437580828434082,-0.98739861125889461,-0.064804386165213515,0.98445240013684809,-0.14994904135537931,0.091480909819492695,-0.1000454788935648,-0.050589203201963452,0.99369594679275408,6.1016601450973438,4.4943103793428447,-4.8614374245291376,,0.1078854267348907,0.5205479452054794,1,4
0.29716341102200844,0.95471444631160185,-0.014636705698226343,-0.94958893967377334,0.29710201042477763,0.10005618946768916,0.099873684216632397,-0.015834184711787037,0.99487412560359079,-12.433537426153935,14.000167671239375,-6.2163036309037256,,0.08881227775417436,0.3703703703703703,0,4
-0.45007841967906287,0.89298451450576766,-0.0028413011275000796,-0.89055617082013094,-0.44861524471449621,0.075193542435107938,0.065872017984762651,0.036373329001517303,0.99716491022496567,-15.151009654716885,10.457648032026837,-5.8492718553214615,,0.1289281889199475,0.4848484848484849,0,5
-0.48736599040339562,-0.85347289248850289,-0.18454921616042125,0.86636240763638661,-0.49902079920388215,0.019860025085654584,-0.10904389039557123,-0.1502074024448441,0.98262259602462421,22.830942891657092,4.9607325121680166,-4.8186990004418391,,0.3244167635892681,0.3142857142857143,0,3
0.69065144200067041,0.7146125374653659,0.11103831302620637,-0.72129841691978613,0.66958760026054454,0.17714694275187445,0.052241548707952161,-0.20243855086083865,0.97790053365051333,16.53941216834189,-3.9063074846686736,-3.8027065292456168,,0.4523076120355931,0.1590909090909091,0,2
0.18202893813569601,-0.9778896961461726,-0.10294274064904586,0.98078457942347097,0.17309329015193817,0.090001787035047978,-0.070193122500114599,-0.11734758231647872,0.99060712216204105,11.381569178660644,-15.586454573092642,-2.5304205829982762,,0.1663951877078085,0.2941176470588235,1,5
0.99102232601369489,-0.12656247744495611,-0.043089310105885126,0.13157549852866315,0.98043880050361054,0.14638185220161556,0.02371998164712423,-0.15073718111347589,0.98828926165400777,6.6363541122801237,-8.6606277399375138,-3.3609197085871041,,0.1292285391555255,0.2857142857142857,0,6
-0.8819297533478444,-0.46522876117017453,-0.075908563020752537,0.46374958288407148,-0.88518712651474607,0.037149366447050476,-0.084476236508621572,-0.0024394328505273309,0.99642250809217858,-19.074266394428207,1.7364670154497306,-4.9280068222720201,,0.1175918909816982,0.3142857142857143,0,2
0.66805792688597665,0.72767899346329623,0.15550526935462694,-0.73987177601033205,0.62731546221609213,0.24303305521662719,0.079299189076109319,-0.2774141188491579,0.95747221645070035,3.995968806804536,16.420997072021116,-6.3334758038081596,,0.219887424728754,0.3846153846153846,0,5
0.91705617334658296,-0.39208033943664461,-0.072670367786096868,0.39874835172290807,0.90294741775675125,0.16026762856134871,0.0027797347328498792,-0.1759516075336057,0.98439489275450542,0.62215629190989252,17.466525678581057,-6.4585668002236902,,0.2646615100060406,0.5263157894736842,1,5
-0.87776953448620765,0.47907911761807903,-0.0019604566177670664,-0.4789752639780705,-0.8774777280297954,0.024809943748571615,0.010165668940360646,0.022716423000825214,0.99969026368222857,4.3482129279510007,3.7883156396167434,-4.7932897043252138,,0.08523358914725905,0.3333333333333333,0,5
-0.98921236348920638,0.14413465355828264,-0.026155335282366264,-0.14482966871256917,-0.98908909806068102,0.026965221269569323,-0.021983334158098528,0.030462398808091332,0.99929413851886018,13.343849748313234,8.4222247819534211,-5.3541063547565573,,0.1316859164110564,0.5675675675675675,1,5
-0.57132545174212368,0.8175340910465585,0.072285808900060755,-0.81986876528898966,-0.57253123879732815,-0.0048154236267418642,0.037449110739326157,-0.062016050969686619,0.99737233445035922,-0.61905239752119567,-14.994824253467037,-2.7477027328485604,,0.3131641094121932,0.5876288659793815,1,5
-0.98268417949771281,0.184046283947288,0.021418887228362916,-0.18409177579011027,-0.95667580524602547,-0.22556954968105239,-0.021024306203792947,-0.22560666883331115,0.97399158596293134,-5.2804988877439802,-13.238959078935469,-3.0532575309152747,,0.2328473593230426,0.2105263157894737,0,1
-0.025109927853153358,0.99797956592489123,0.058363323410986649,-0.9951139885181044,-0.030528904338090364,0.093894280206548761,0.095486341320628665,-0.055720480940868768,0.99387000489245025,-8.5804182441656476,-6.3027442387850838,-3.8525503568137864,,0.09414771986615512,0.464,0,1
0.51542955859165429,-0.85321633844862776,-0.079713549251869131,0.85505875922954011,0.50592561755082888,0.11363884798189781,-0.056629395148214745,-0.1267325897712597,0.9903191214426883,15.694073689657394,-16.713776271326473,-2.3134240102145793,,0.2812991820376861,0.9090909090909091,1,5
0.41844576457378418,0.90634326071611948,0.058694427884883549,-0.90226429038735501,0.40742079935047948,0.14116459382019103,0.10403024753438013,-0.11202761271708372,0.98824466686486445,-5.8267387172483343,-12.305211787328167,-3.1702272254025035,,0.07311813858215975,0.25,0,1
0.42444303427190466,0.9036607625011418,0.056967859130493889,-0.90118320580750477,0.41549974479570445,0.12340499035780862,0.087846116752905615,-0.10371686647097234,0.9907198753335249,-2.6737012837501211,-13.214791639511557,-3.0239534137114683,,0.3570311463604644,0.4137931034482759,0,5
-0.53990912560759197,-0.79671816824623798,-0.2715479634834434,0.83710273391989531,-0.54199263106068851,-0.074182213095525057,-0.088074678253644373,-0.26736519643041134,0.95956172432431108,-0.34974342260815722,12.819094440293732,-5.9046103099891596,,0.6050975929185217,0.2054794520547945,0,2
