axis_00,axis_01,axis_02,axis_10,axis_11,axis_12,axis_20,axis_21,axis_22,location_x,location_y,location_z,dbh,dbh_approximation,score,reconstructed,number_clusters
0.78067436966903025,-0.62023272977590505,-0.076543382840003948,0.61402585811187449,0.73847899511014947,0.27860549052572586,-0.11627456347730845,-0.26449978203362112,0.95735055815115522,2.9269171475917997,3.6039301277548481,-1.6577007961770676,,0.3956723550928448,0.2126436781609195,0,2
0.49225439958209716,0.83094100702649298,0.25927330933566434,-0.87045039754955789,0.46946244163205236,0.14805783094010602,0.0013082422887866355,-0.29856667385806801,0.95438788223837179,0.73791121279055172,-2.5784994628045603,-1.0794490416708389,,0.1061952719505064,0.2871287128712871,0,6
-0.18159049168518127,-0.98208958483543318,-0.05024878791872403,0.98328012499724671,-0.18204284351982203,0.0045386020553590993,-0.013604746044429863,-0.048584467486887079,0.99872641919801164,9.5437911627834016,-1.5589373661710137,-1.8716317326080871,,0.1714044818614205,0.2333333333333333,0,3
-0.18146254876562562,0.97140135198123434,0.15313639921492392,-0.98062011076916922,-0.19043860765310552,0.046014509344426753,0.073861639235429544,-0.14181872261509104,0.98713317650926835,3.6455611582539564,-15.358277801031422,-0.74504786804027712,0.196179361800032,0.2185896799404351,0.3157894736842105,1,6
0.66860622037380668,0.73487374639108838,0.11369388260842422,-0.74333862030972964,0.66467873954824752,0.075165608815334836,-0.02033267403662169,-0.1347692474479196,0.99066837655637363,2.2344545297420262,2.0580273844105217,-1.484235428669572,,0.07626312620343706,0.1538461538461539,0,5
0.32008638111604765,-0.94519995112752231,-0.064356514919325702,0.94489998694132127,0.31358795601271588,0.093950032049261833,-0.068620137731738265,-0.090882595871244712,0.99349465547902194,-16.245696613236731,-9.7809379122344442,0.90261342553287305,,0.1010882635610141,0.1666666666666667,0,1
-0.95985801238093094,-0.27977277483763513,0.019994762508728042,0.27187983220124184,-0.94556189511039013,-0.17886883282862417,0.068948915222468224,-0.16625250968000338,0.98366973630113641,-1.3844034001794145,7.9730091553461815,-1.5928508272059951,0.9353826568599107,0.5825787861486583,0.396551724137931,1,3
0.39278414613445256,0.90218218234463132,0.17829168350012345,-0.91957626628698208,0.38319962357791537,0.086819001211935989,0.010005249978045479,-0.19805392788234003,0.98014005969721185,-20.911137415141102,-14.668924521406401,1.5832689097178312,,0.2156695077126932,0.1904761904761905,0,1
-0.74855500319870816,0.65490169020510303,0.10377467587365026,-0.65595861662015642,-0.75426255273211629,0.028395331091615281,0.096869502259239723,-0.04681642567017226,0.9941954143021966,13.637658584139063,-2.8398529207539842,-2.1597167509237893,0.4693894084626923,0.206822153118437,0.6363636363636364,1,5
0.75994782006472916,-0.64349300986531643,-0.091630000727612723,0.64208798313662829,0.72131187474311631,0.25967710963061158,-0.10100659726178053,-0.25617557574649363,0.96133851566477346,12.817223769199044,-4.111844267308955,-2.0107706753982244,,0.398865844695356,0.1555555555555556,0,5
-0.90802033041183783,0.40832519205624457,0.093646233725697095,-0.40891431876471951,-0.91247009037026117,0.013689926547379098,0.091039329237215874,-0.025862554241960174,0.99551141069307658,0.061009250459987889,4.7647372810859085,-1.5075230253575587,,0.06640643914095641,0.2252252252252252,0,5
0.32182392333030851,-0.94240532258436249,-0.091112953727514517,0.94405792806936395,0.31208466801908918,0.10657292543979048,-0.071999936261554931,-0.12031362330209891,0.99012152851367352,-16.790934367522826,-16.159181683987352,1.2407487000625761,,0.3697165911598773,0.3448275862068966,0,5
0.24169539038764293,0.96624987299806109,0.089132043601588884,-0.97003858466262927,0.2382607451846703,0.04750748961762042,0.024667438681135356,-0.097943862672840692,0.99488618305494414,-2.0381005879536422,2.5680825554803777,-1.1312304189993863,,0.0829975699560881,0.4185463659147869,0,5
-0.20489980636298596,-0.95346344961956986,-0.22118661711767645,0.97838761341159342,-0.20594099214573652,-0.018600690223676324,-0.027816313112601944,-0.2202175242653964,0.97505409836133816,-17.85771900254905,18.808475397323676,-0.31715933278799535,,0.3076893864948826,0.2307692307692308,0,1
0.83651143691043672,-0.54785370296348357,0.010243830691482585,0.54019701406832166,0.82766586257845687,0.152172290230281,-0.09184662165646694,-0.12176017440632397,0.98830089447436786,-1.2957452811742867,-5.075361112443125,-0.744194970793007,,0.08173603697364173,0.3652173913043478,0,4
0.32174395928891564,0.93719418401495147,0.1347140902416798,-0.94661761461868565,0.31541035229481595,0.066568771649261754,0.019897646964503649,-0.14894083091553831,0.9886458984547839,-15.641268699115921,-6.2315392355370784,0.68599586093754539,0.2598223870473545,0.2138435274724078,0.8106060606060606,1,3
-0.67068070065266761,0.71363377508151149,0.20227266952052084,-0.73699042355640099,-0.67195514779425802,-0.072947891943182686,0.083860082030749031,-0.19799776366340133,0.97660860749129585,-11.39401062003232,14.59318865088337,-0.90384140395566215,,0.2927774208020227,0.2592592592592592,0,2
0.9964659214119429,0.025273179335222769,0.080105766777048476,-0.03920475282734999,0.98335079091578514,0.17743790283095662,-0.074287649178013365,-0.17995135012439126,0.98086638069005838,16.141875167002652,-10.416768460476968,-1.9743832470020566,,0.1323703962069853,0.6,0,4
0.9421187320229556,0.32270245468738673,0.090969338297003863,-0.33000316328341733,0.94045363415206962,0.081516097999750597,-0.059246999876769159,-0.10681801228679454,0.99251181617988893,3.7713733459178478,-8.7058441672884506,-0.99007982085193824,,0.06610698899043618,0.2972972972972973,0,4
-0.88084022353571645,0.4466647395043164,0.15687928826039918,-0.46539785929789856,-0.87772126739422129,-0.11406230457436062,0.086748678159852211,-0.17348195078284667,0.98100901096274107,-1.1428892784424827,4.1271032183094079,-1.3164157859884402,,0.4079316660907078,0.1865671641791045,0,5
0.73003873473424852,0.67488280832418623,0.10759479920552778,-0.6826740388796545,0.72744591309794793,0.069127419717746816,-0.031616489801337799,-0.12391787016227025,0.99178866651474151,-2.2447027161043533,14.456408204015684,-1.9383952035892262,0.6174933692405657,0.2879501466261168,0.8235294117647058,1,5
0.19261562117998107,0.97297334634996813,0.12736596786424426,-0.98096234501945534,0.18765297461970842,0.049992387123511936,0.024740657456542841,-0.13457053321184689,0.99059510974953757,29.425028053544786,-15.447487338510626,-2.8070695873967297,0.4754015974707052,0.5503236395269389,0.7959183673469388,1,5
0.7370066411233881,0.61666316239578278,0.27667264968560584,-0.67527102030961661,0.68926868666462837,0.26252185949674312,-0.028814233809537366,-0.38030937633412476,0.92441036244858177,-18.055721087566699,0.12726915473809686,0.58679952681252923,,0.2049382702685813,0.2105263157894737,0,1
-0.78710141290912961,0.59658255400578486,0.15671828882548478,-0.60791048804354275,-0.7933084396077823,-0.033264969167712294,0.10448064090114947,-0.12145359567753422,0.98708298525194149,-6.3715568958775526,15.811067588030758,-1.5115303113002185,0.5831391755417749,0.5826879090818422,0.5754716981132075,1,4
-0.59969661193864843,-0.80021773413132602,0.0039435530975494197,0.80013923379288443,-0.59969639237511263,-0.011893002884512694,0.011881926386002141,-0.0039768019817241372,0.99992149935450247,5.0519720253461839,-4.9800717219597015,-1.3156218085996816,,0.07247616050422623,0.2903225806451613,0,3
-0.17038902135426767,0.90729559608162147,0.38442461254819532,-0.98269405059473269,-0.18522911369901912,0.001605728492857087,0.072663500656463029,-0.37749818114683814,0.92315499180970528,11.098353540235335,-13.194658356331248,-1.4038940537127123,,0.4676467777122025,0.1666666666666667,0,2
0.79557467405247839,0.58695042131289732,0.15016704341134471,-0.60473483712087284,0.78439270350806978,0.13792702220990888,-0.036833609362698985,-0.2005424882759598,0.97899233685325759,-17.283344917779978,-4.8981943791244609,0.78086847388034708,0.1709679747537523,0.1576967429282514,0.3492063492063492,1,2
0.33866052878465286,0.92623287062765181,0.16553463568739943,-0.9401845919706312,0.32622127878797258,0.098145862301773357,0.036905003242353143,-0.18887124353590889,0.98130814431598523,0.1172866217017573,17.296343069962905,-2.2119026390078691,,0.1277357172708028,0.5384615384615384,0,5
0.99657445506653808,0.00050063004467306674,0.082698880756581203,-0.023572467720225761,0.96021924599442343,0.27825049575424005,-0.079269756366547345,-0.27924675287540912,0.95694177290686233,-15.942143977627392,-3.7760121443475771,0.59513541563200389,,0.4880175492727573,0.3870967741935484,0,1
-0.98432571229784838,0.14799853792886966,0.095913111096712272,-0.15323425166382948,-0.98693931914648303,-0.049699541644796535,0.087304961063845318,-0.063617710534045357,0.99414819352048667,-3.04656889021267,15.839162089043766,-1.8902250686206035,,0.2091524336665977,0.25,0,2
0.1503178222530461,-0.97844488067211099,-0.1415986151049505,0.98700228767164411,0.14028710212727591,0.07839651208869225,-0.056842206537421211,-0.15154255000912956,0.98681498726594508,-19.402871966678664,-10.910047619554826,1.2551700053565651,,0.744979837033598,0.4146341463414634,0,1
-0.69103582258195262,0.68776875649558267,0.22235923524109369,-0.71074994623745569,-0.70252968661964421,-0.035868556446540203,0.13154469138638067,-0.1828282719018712,0.97430478658448438,13.347486929935366,-1.4985120790149498,-2.1733760641455229,,0.3703923592709376,0.3333333333333333,0,2
-0.005936835154850109,0.98916165057952377,0.14671054158150018,-0.99908365844907343,-0.01208604970430238,0.041058139540919809,0.042386287975719764,-0.14633234921007071,0.98832699354328191,2.0478713865652152,-10.201312029833202,-0.8004699841302183,0.5279969680732317,0.5206756733972071,0.5912408759124088,1,5
0.98793538520971047,0.14004631897183822,0.066111293989601611,-0.15140152325883083,0.96320174417332405,0.22208101849634262,-0.032576884526410117,-0.22941104717058713,0.97278431218366601,0.31051734131793113,-11.170977917105109,-0.62094940188762238,,0.2798306888441244,0.1666666666666667,0,3
-0.99104413489651644,-0.10952466752532229,0.076392865443597704,0.10044083991174818,-0.9883864873633873,-0.11403415837058548,0.087995229217489701,-0.10533992026260915,0.9905353809097529,8.0636404384897951,4.9580665455778403,-2.1227988409813321,,0.3965630241652727,0.2173913043478261,0,4
-0.33212622475415021,-0.94176871082345615,0.052572484670986505,0.94305861944801106,-0.3304702762334063,0.037813183032213989,-0.018237629104882143,0.06213768454119916,0.99790094550736408,7.3764148630315844,0.77524143848302063,-1.8311953384160573,0.195531297142728,0.146315012516414,0.746031746031746,1,4
0.31454179705113849,0.90367336974053725,0.29058200000967543,-0.94818317595354218,0.2846413584799749,0.14116643326700923,0.044856691212068832,-0.31992770724721098,0.94637949015659062,1.5928520710200111,11.245923838475173,-2.0313880946937304,,0.3604739273781852,0.3333333333333333,0,3
0.93064164244865788,-0.36492136065950675,0.027175979740911013,0.35417603244829704,0.91692953902236063,0.18384656240306482,-0.09200799628101386,-0.16147018611079678,0.98257921187947872,-14.787242227234882,-3.8370683521359226,0.48337386030971791,,0.1068409683748931,0.2558139534883721,0,2
-0.4877814113665217,-0.86552729781085447,-0.11371803493520653,0.8729657722243771,-0.48366010356060241,-0.063274518950717201,-0.0002350531457742948,-0.1301360863403698,0.9914961138511994,-20.963359720908063,-9.6837914186362255,1.3764631917843482,,0.7653394039847261,0.6829268292682927,0,1
0.71366043729866913,-0.69694799718159517,0.070372362893653756,0.69469289666584377,0.71707182687416704,0.056654871153013861,-0.089947537802278432,0.0084548405016526117,0.99591061652911395,0.91214284001517865,-8.7033378797609711,-0.7673811128115624,,0.08618091077127836,0.3111111111111111,0,5
0.30438684538868255,-0.95184586332487731,0.036580060492643451,0.95046942463109896,0.30603430819194222,0.054321957355266494,-0.062900883902806307,0.018233339814705471,0.9978532077031409,-1.5407212105986181,18.501487249819007,-2.1013323934903418,,0.0909170372077503,0.3181818181818182,0,5
-0.096195383888553171,0.97554270545427246,0.19764330991332316,-0.99162918642051467,-0.11110789926949,0.065776829954858146,0.086127839619506,-0.18966144720232644,0.97806468635136645,11.519496291963616,10.565805570725471,-2.7167919322575322,,0.2834359392116867,0.35,0,5
-0.55221738717220581,0.82569908987451179,0.11522573620986565,-0.83222737810404401,-0.55416314614620066,-0.017343545987303786,0.049533306358157836,-0.10547141998545456,0.99318791330114409,3.3725169690582355,9.9059369945644029,-2.0788722021280477,0.3033281737551417,0.1723725267965554,0.3513513513513514,1,5
0.65677913043151992,-0.75312578108062567,-0.037983308193378855,0.74556098257254066,0.64098120845461826,0.18243330746748071,-0.11304864039467226,-0.14813726161824931,0.98248427805495264,8.8441217008611268,-2.7547721425449323,-1.7563383761846856,,0.521978122906762,0.900990099009901,0,3
-0.81687306638208212,-0.57679153923315318,-0.0054693407816259147,0.57544439956962401,-0.8142380743602794,-0.076681818353638853,0.039776078533341148,-0.065786613616415149,0.99704061353858353,6.6524349965172354,8.7515540365128253,-2.2464937660444262,,0.6732775808149716,0.7166666666666667,0,1
-0.71857724321972216,0.64727830488017934,0.25431779638512308,-0.68920541245762179,-0.71168826550901254,-0.13599894181901562,0.092965826871291915,-0.27300294644602996,0.95751070295110652,-11.973665437120902,8.2244679805801297,-0.50195193959958417,,0.4202500557894409,0.4528301886792453,0,4
0.0043620681327986213,0.99456873430413495,0.10399040872252086,-0.99878971986431997,-0.00076142936488084211,0.04917840703679327,0.048990487392544309,-0.10407907075869967,0.99336170611466978,-0.9514944494101869,-11.488693981080567,-0.49026621737844905,,0.1267366454487267,0.2258064516129032,1,5
-0.66996826368781115,0.73631460467445453,0.094780423053714785,-0.7374200238761569,-0.67478523028932114,0.029607454633525768,0.085756830851121568,-0.050056926858223681,0.9950578224585156,-2.8701708612643189,9.0835441345694861,-1.5726007382001272,,0.08428471272393015,0.4431818181818182,0,5
-0.40775986266570169,0.88464982001880155,0.22611189782837196,-0.90928685587274283,-0.41599023941352237,-0.012228427934142923,0.083242465940817995,-0.21058683874682288,0.97402457628681482,27.13264227548683,-10.100265326868147,-2.8646477768618666,,0.5431852031767964,0.3,0,3
-0.11451853848651274,-0.99152705417100395,0.061315619460992239,0.99268303415545311,-0.11183648564052671,0.045530145832193461,-0.038287047977581722,0.066081020925439479,0.99707943546671096,3.3742112198800638,15.986330266011626,-2.3677336403481051,,0.07869092099618744,0.2666666666666667,0,4
0.90737017901129369,0.41035357769953162,0.09104559028424565,-0.41679958240651704,0.90640772467399422,0.068579477666901201,-0.054382592313765778,-0.1001747369375456,0.99348253921884677,1.8015734854660079,-14.118869910195656,-0.63997708450528856,0.1799540978853103,0.1375728764797254,0.4230769230769231,1,5
0.67997869590878823,0.72731245841845227,0.092981508589020989,-0.73319486564301506,0.6757291411876597,0.076258879774808594,-0.0073662816199388846,-0.12002797831795152,0.99274318044295862,6.9299512049864083,17.070855905092316,-2.6647083292912459,0.7535617282401081,0.8327560321757929,0.293103448275862,1,4
-0.99347295191875395,-0.087461120574491194,0.073225993975439524,0.084850827248260291,-0.99566743319686857,-0.038035504288029036,0.076235365291462118,-0.031573958557854456,0.99658981242026734,-5.3937337781667036,-7.3172478684088329,-0.24692442936577058,,0.06649780221621179,0.2727272727272727,0,2
-0.3259535570916906,-0.94537377525660238,0.0047648374949596575,0.94524080950814793,-0.32581117051942038,0.019154456534884731,-0.016555683605804852,0.010747382092614289,0.99980518258233697,6.6227110181314863,1.5103991432593908,-1.8199040693039976,,0.08513935146789367,0.3709677419354839,0,1
0.14426432178383158,-0.98917698944484034,0.026771048038751726,0.98793079953939422,0.14551899425655024,0.053075018907346977,-0.056396283403290413,0.018791111287099059,0.9982316130812986,1.2994603842404147,10.336691596833338,-1.9640439745263181,,0.08864179075774098,0.25,0,1
0.51824868252840572,-0.85499496431672628,-0.02004779415827114,0.85343418580813069,0.51550007546380072,0.076874980915964938,-0.055393082163622903,-0.056949830463808269,0.99683916619410495,7.4894101911575817,-12.822363952243796,-1.1397969806997608,,0.5046621481578206,0.2903225806451613,0,4
0.92401600420232388,-0.37865760508089502,0.053036233768748615,0.37129010201114304,0.92173143336799079,0.11204831498039253,-0.09131311037593362,-0.083842607639500133,0.99228641682615149,-19.964812323722192,21.141951370376376,-0.19744187856908257,,0.1394085831364389,0.4090909090909091,0,1
-0.3938444374561022,-0.91868607608711061,-0.030040850330070965,0.91912380204263067,-0.39396319227050558,-0.0021070488203839255,-0.0098992728816327744,-0.028441110029325145,0.99954645097499828,-14.915372207185731,-6.5763684252507293,0.64025424252372642,,0.1066165590521298,0.2777777777777778,0,1
0.38188884015346652,0.86474518852887172,0.326154369405665,-0.92412881333093788,0.35266036986294513,0.1470258477264608,0.012118173863818041,-0.3575561808223956,0.93381300452387661,12.410427602860683,11.703218739690536,-2.8231449822195929,,0.4550374496594712,0.1875,0,5
-0.58516681745009358,0.80559730667597085,0.092697223430646583,-0.80705540779039697,-0.58970231154795072,0.03021179424132988,0.079002307001793073,-0.057132855971201907,0.99523588774569849,10.032348967772105,-3.8510068558370811,-1.7880361573829002,0.454494206395014,0.2328083700272091,0.8012422360248447,1,6
0.62287208383360382,-0.78232159199088003,-0.0018149065101038724,0.77764302640180438,0.61889035962764893,0.11066185543629348,-0.085449930774856936,-0.070339529887650618,0.99385645838106695,-5.1339791630982541,29.358034562126921,-1.8951364607562158,,0.3102411956292839,0.3157894736842105,0,1
-0.75234153295709782,-0.65687987647180202,0.049910376417676483,0.65775399468172191,-0.7532313968838299,0.0014646599167445584,0.036631956922899826,0.033930673951819534,0.9987526265783605,3.1429576675811446,6.488194944898007,-1.8261231518511478,0.6034001505110307,0.3943210432638867,0.8328611898016998,1,5
0.80730348469836821,-0.58993024341459366,0.015601009540086391,0.58141746890505075,0.79962546695363834,0.15017602821762327,-0.10106834541989913,-0.11216693141908722,0.98853617488188572,-13.276835161197624,10.20907314211944,-0.44259058573959853,0.7048779484334775,0.5777722526460103,0.8429752066115702,1,5
-0.89713347963846268,0.42711290220192855,0.11280996624602799,-0.43143215720716588,-0.90200517819709236,-0.01590447211332402,0.094962168463844948,-0.06293828150083064,0.99348928493586008,-12.337363733225171,7.1763468450550372,-0.41593749904762606,0.1993375232651727,0.1601779077831383,0.5735294117647058,1,4
-0.3928927883950224,-0.89621156178650463,-0.2060099350695945,0.9195299717319585,-0.3853189570365147,-0.077420491053188073,-0.0099943941191204689,-0.2198502623798457,0.97548243152693681,1.9654245495484457,12.647664470973641,-2.1496110790494072,,0.4806290130569719,0.4705882352941176,0,1
0.82772160249565252,-0.56045660969675237,0.027664732228090134,0.55400960596005988,0.82404539522329456,0.11841681939346534,-0.089164484330977317,-0.082689632110122591,0.99257852055919715,-2.2966637770522924,-10.872497842840751,-0.41502277486865652,,0.1572253939049964,0.375,0,5
0.3915413850254037,0.85083985460954781,0.35038105773627598,-0.919689879468639,0.34968231400352867,0.17858556737905096,0.029425659131930331,-0.39216555315471119,0.91942390087679915,4.0330634669196765,1.5571987652884325,-1.6161878819014746,0.7367412115742513,0.3326998967246348,0.1785714285714286,1,4
0.95142022316992303,0.29535085139382405,0.086990996799880038,-0.3078568185784849,0.91701329617102845,0.25359572926269736,-0.0048721861650860331,-0.26805687684983714,0.96339076836737636,-3.1305567443110189,12.89361010679473,-1.776692010498381,,0.3906428282979093,0.1071428571428571,0,3
0.59122598265219972,0.78822595905812753,0.17073861573714441,-0.80601311150360511,0.58487214370728335,0.090925461777901631,-0.02819045088710808,-0.19137505841185898,0.98111206571759157,18.323895325115277,-16.486118217191624,-1.8199429670369172,,0.3653803814923326,0.4090909090909091,0,3
0.99664042761192562,-0.017345325177573326,0.080043723951366025,0.012858110785380799,0.99833457320090058,0.056238322688424332,-0.080885888982869664,-0.055020174902127579,0.99520362404745621,-1.1330498213568103,7.0640274813723831,-1.5526455128965473,0.1263385752855921,0.09972386419902007,0.5436893203883495,1,5
-0.84571599253881791,0.49657419472263237,0.19539326779511168,-0.52388855099404397,-0.84226775637072904,-0.12698745101615441,0.10151475804750709,-0.20975961411527369,0.97246884689678803,-5.9397325357714461,-9.1241335089450093,-0.095597208705786141,,0.1944380398957198,0.4285714285714285,0,4
-0.1792695402289898,0.96477169378567817,0.19255651330454457,-0.98201396677063035,-0.18727155673109505,0.024040239327560418,0.059253700420317336,-0.1847835028064706,0.98099136391564279,-5.5646117452722601,12.428673716881923,-1.4884455144062894,,0.1600444162295562,0.2,0,5
0.84081322538566894,-0.5359203147913576,0.076305545083438411,0.53345810259986082,0.8442648977707703,0.051373486962320268,-0.091954188523988414,-0.0024896959740379641,0.99576012604786091,-17.355690907312066,-10.967100469662425,1.0659445486798509,,0.08259450329330839,0.3076923076923077,0,1
-0.99561320343019855,-0.0513628482943937,0.078206182431735438,0.051361939942042113,-0.99867805261088605,-0.0020244403471010356,0.078206778995486378,0.0020012617060245807,0.99693515068470528,-10.749811070309025,-5.0911132371110757,0.16732979811193902,,0.07409633105372893,0.4146341463414634,0,3
0.95541683047554693,0.28273100185375116,0.08509912240930341,-0.2917179233597334,0.94840938612251391,0.12417845829853266,-0.045599706520373706,-0.14346712830990171,0.98860399041262481,-14.344411501653807,9.6330071952986653,-0.28632758860938895,,0.1416841941644844,0.2258064516129032,0,3
-0.74131293335372717,0.63965491240587991,0.20321596363848921,-0.65519763397104225,-0.75535406837538277,-0.012501672988318278,0.14550324835288694,-0.14241427043588267,0.97905412531431291,7.260280720226322,-14.124517115434923,-1.0685864926634601,,0.1780777965323165,0.5454545454545454,0,3
-0.92254220273287624,0.37389811144516261,0.095478198739362738,-0.37431644023838934,-0.92719276236813708,0.014169826371674845,0.0938247661549588,-0.022666796639224419,0.99533066344109122,-9.4603482558887197,24.889615117663872,-1.3601548462486346,,0.2017082992606425,0.625,0,2
0.79296413663919552,-0.6091051269478559,0.014100437223501591,0.60354496061008078,0.78846952360748834,0.11852970456539273,-0.083314815766666869,-0.085479557018152297,0.99285038490487032,-15.230003511933775,-10.654569503042314,0.85029904378374754,0.3912354074170967,0.2964954999470656,0.7931034482758621,1,5
-0.81763539740594326,0.55834075748684653,0.14045624029511458,-0.56458546690561251,-0.82535517370448586,-0.0056646092723846861,0.11276350237464303,-0.083931137060399827,0.99007068271106358,-11.820465752675172,-0.84819468976175993,0.016934437994207619,0.148582894496681,0.1520854981792486,0.3385826771653543,1,4
-0.99636222512719363,-0.038348906626915591,0.076103072869019933,0.028521537550582194,-0.99158751295224101,-0.12625658815657831,0.080304658864464196,-0.12362671846210756,0.98907411059381811,-1.1072496928913107,15.725846364806921,-2.0805829293280782,,0.1833726570167465,0.25,0,4
-0.89635237669801615,0.43315806366567416,0.094480202525300469,-0.43860893616226843,-0.89746942186395862,-0.046592251907108931,0.064611283120064464,-0.083202936850667444,0.99443584679606312,-12.869052206346963,-14.363204823318023,0.7962121967536655,,0.1153574575582454,0.4444444444444444,0,2
0.5731747583312079,0.7895880444176937,0.21913789385819255,-0.81938288164305451,0.55522718570971286,0.1425989674548773,-0.0090768762405590772,-0.26129196765594448,0.9652171351339548,5.1871168878290792,3.0255577826766262,-1.7997455284972452,,0.2686662172468428,0.2790697674418605,0,1
0.18899389455341919,0.97445001053953029,0.12136096893582138,-0.98186132519987146,0.1856154187803247,0.038668519337546517,0.015154072003411765,-0.12646775585308304,0.99185495957382874,10.034504261447919,6.3307346232427415,-2.3555458835938738,0.823486037925517,0.7530639378685633,0.9139784946236559,1,5
-0.60622514487480683,0.76825872510964965,0.20559573199465137,-0.78726518994687156,-0.61634510391696073,-0.018227275592049931,0.11271465929255634,-0.17290819578749864,0.97846725106672638,-0.79387811388806973,-9.2352115786984239,-0.6079336790319334,,0.5264815118974467,0.3255813953488372,0,4
0.99505364551753428,-0.074285857065264957,0.065953422825087607,0.062331888962234114,0.98385833290614766,0.16774241082545496,-0.077349713384507648,-0.16280169597155617,0.98362219862512246,-1.2447431795816064,-16.197828253622184,-0.28205713538538907,0.2536406413755959,0.1623373178644143,0.1818181818181818,1,5
-0.55756076202419735,0.80556245554816452,0.20048722368821117,-0.82219587886661438,-0.56920440937696071,0.00052642243521236714,0.11454227789664016,-0.16454625658773264,0.97969617536112275,26.61064549957133,-11.823451720381163,-2.7376646343445588,0.3687463824615916,0.3611318937593293,0.6521739130434783,1,5
0.28026612426078817,-0.95957430499306595,0.02584671717859972,0.95493549246070908,0.28145007424711954,0.094255296642222708,-0.097719521236337314,-0.0017346190835278554,0.99521248297334741,8.671651852956451,6.0374751467754937,-2.2269831674753462,,0.1202484665166445,0.2352941176470588,0,2
-0.98634911529737213,0.053091643048304403,0.15587398817802142,-0.079270882088355324,-0.98278678966189359,-0.16687196684585043,0.14433138953472521,-0.1769502854038387,0.97357950188491271,-7.8641265518662751,-15.29385953576945,0.34650075121167251,,0.4659540715721919,0.4838709677419355,0,2
-0.3054236397208685,-0.92542441640898399,-0.22429010190766124,0.95198338681483641,-0.30196985475305643,-0.050416644562805556,-0.021072055623771228,-0.22891888592798557,0.97321740229882803,-16.97404341640733,11.604878518132749,-0.088994745968548894,,0.3796609873272468,0.2173913043478261,0,2
-0.57544426221566425,-0.81251222773404241,-0.093208266080491847,0.81680087035257765,-0.56522170287798557,-0.11558877448515611,0.041233957781662049,-0.14264748991262394,0.98891428058618236,11.347862530907999,-0.82620847261600927,-2.0297874009420132,0.4615278749253459,0.2770814285056373,0.3333333333333333,1,5
-0.61626580926711438,-0.77789175426419199,-0.12288560117494478,0.78741378786274252,-0.60584733804266189,-0.11370369242144072,0.013999250408418073,-0.16683351472171168,0.98588569284354854,-1.1917572177682432,-6.3152623832142778,-0.70926057844292056,,0.7489992402194864,0.5536723163841808,0,1
0.94657690508778525,0.30978138998133392,0.089597171694552377,-0.31646838374598368,0.94575115227964257,0.07350183705822691,-0.061967127121040771,-0.097929813555229478,0.99326221451004737,-11.844209614979734,1.7817168242139325,-0.17760683743113947,,0.4993356204891543,0.16,0,1
0.96357809195828847,-0.26018885436847189,0.061798226191746915,0.25214641856569908,0.96092390426579211,0.11422536414946584,-0.089103559426744999,-0.094482857032421,0.99153090996926341,-19.898705407338003,-14.10623655726801,1.4310384578918307,,0.3758041241676532,0.7659574468085106,0,1
0.93743547425470619,-0.34025454847595193,0.073767024138703438,0.31981931442148703,0.92530940639331571,0.2037599287470919,-0.13758756387051896,-0.16741966635218189,0.97623783863703006,-11.950454779146691,-11.323707904331309,0.57428293128758034,,0.2188110118794557,0.1707317073170732,0,4
0.68754925344831441,0.71601073054515463,0.12084973242361767,-0.72584313801956046,0.68242568819412153,0.086295533387871826,-0.02068243391342884,-0.14705037856793818,0.98891274796639317,7.6573465216330465,15.403506114251851,-2.67421845619003,0.3253004446162534,0.3084013136384302,0.6190476190476191,1,5
0.89871451153233306,0.43283869513284939,0.07044778745207142,-0.43844114616407037,0.89016305468790557,0.1240124889639469,-0.009032613771008495,-0.14233903211835139,0.98977674847617747,-7.6985384710220535,-4.5425543447941372,-0.17097131289116857,,0.1467347680799516,0.3188405797101449,0,5
0.99311098262229758,0.080283195995652326,0.085353293057143578,-0.08917312361170153,0.99035664526393907,0.10602768132374361,-0.076017959853623834,-0.11290847453703728,0.99069316448505518,-19.41525808476041,-6.2277580198367737,1.0541944371632819,,0.1486988877860044,0.2631578947368421,0,1
-0.027923701414102661,-0.99878221711939563,0.040673697464081407,0.99868269007681476,-0.026122394216505029,0.044164522654879794,-0.043048245495861046,0.041853354542510574,0.998195945330007,-7.8100918815922231,0.11082651294046539,-0.48687831330463882,,0.06869091281490068,0.2538461538461538,0,3
-0.93378969184788763,-0.35355026070187862,0.055127348532847779,0.35233480817495733,-0.93536965710056308,-0.030721125042750839,0.062425910861952566,-0.0092637861163757697,0.99800660715240097,8.1528894797619706,-16.591293775010392,-1.0136202691345897,,0.187906436332252,0.3703703703703703,0,5
-0.22803084233705992,-0.97348506381388822,0.018131891085055869,0.97340715343795758,-0.22751428328284576,0.026753776146647295,-0.021919137274602336,0.023750398597968417,0.99947759854214546,-1.0122631278652729,5.2301947939943814,-1.4021392671276385,0.2502618580389045,0.2091091026926714,0.6872509960159362,1,5
0.84728489683157382,0.51868081589036297,0.11436133449910688,-0.52946494227235874,0.84188430219743515,0.10439203330745848,-0.042132867284781522,-0.14900011053970771,0.9879391623746463,-7.2310846451714603,-11.618940371742292,0.095929634187949003,,0.1851850299234847,0.35,0,5
0.95056962644297027,0.29754317410361197,0.088800027187036473,-0.30661657119019531,0.94459797169393933,0.1171364594960192,-0.049027171605536581,-0.13857392040366839,0.98913780891659275,-11.110586620224696,-12.18637406873631,0.53685629249344202,0.376003930142997,0.2334809893287303,0.673469387755102,1,4
-0.76754623978880399,-0.63858093787204051,0.055562177535919952,0.64015036604070463,-0.76809604626851558,0.015361398524431764,0.0328675926106516,0.047358731962962655,0.9983370532354493,-25.404835776972433,-8.7403479233711661,1.7521325658732154,,0.1282484067322247,0.3125,0,1
-0.41971062667518838,-0.90765371457431954,0.0027792580593222547,0.90761924149061046,-0.41966246501069498,0.010522734300375021,-0.0083846485871379769,0.0069390114992555841,0.99994077213977217,2.9957084231086895,8.2457387745951447,-1.9193917728055554,0.3181376320941375,0.07296536828587401,0.1794871794871795,1,4
0.50950507373935772,0.81961277901926943,0.26199135921278599,-0.86041634449412985,0.48195997602357271,0.16552430528087803,0.0093964866419168069,-0.30975712095070335,0.95076928434774388,0.15747408561737219,2.4688319405752943,-1.3285820196596527,1.003613231606879,0.520946379912984,0.4008438818565401,1,5
-0.9888081885394161,0.12191074886355317,0.086000788304101197,-0.12668459606068458,-0.99055761856162305,-0.052408180949811867,0.078799615470764514,-0.062716613596834864,0.99491569842907102,27.258749604753056,-19.0954648319772,-2.4090865348706925,,0.5166434959620633,0.4,0,6
0.33714904942571644,-0.94009969726938492,0.050428936785797913,0.93534776550151266,0.34057191384546076,0.095578915410078125,-0.10702838895668158,0.014944252863564293,0.99414364820366208,-0.0038116821677234422,10.4933864382126,-1.9038572042296771,0.3590616892304739,0.1535659957539127,0.3205128205128205,1,4
0.85455128441000983,0.50789702518083579,0.10854821106614254,-0.51776610899918085,0.84950036517069138,0.10132811034806778,-0.040747499126334255,-0.142792651727319,0.98891349466352707,-13.209927935414179,-11.081020574953271,0.67530380356173614,0.3533689428879603,0.2807703180202011,0.7272727272727273,1,5
-0.26693792222412899,0.92450044322995839,0.2721085741873539,-0.96205890597024546,-0.27217612858120721,-0.019047741962762241,0.056451812388962651,-0.26686904185041027,0.96207801522529579,-9.2778213035626074,-3.1738321424505349,-0.09767709089555035,,0.2770233262178617,0.1219512195121951,0,4
-0.48695056800008263,0.86523098610577287,0.11939214801162978,-0.87025974477605361,-0.49226421880332211,0.01799765285461476,0.074344609399183165,-0.095138212976642683,0.99268403809313654,-3.4118297059510394,-9.8466705644313492,-0.3288764451064714,,0.08627760251855934,0.2647058823529412,0,5
0.45165026774524158,-0.89087814702167445,-0.048457845648358824,0.888781556546971,0.44451165653890334,0.11169929249097425,-0.077970381476532707,-0.093517454842763678,0.9925598748952813,-0.47400911712211052,19.610733606223054,-2.2067209584580678,,0.1723919561810261,0.2777777777777778,0,2
-0.86936923538223654,0.47783470642152426,0.12598065688811555,-0.48353267281282231,-0.87515374363900522,-0.01738042914092058,0.1019474712457034,-0.076025774140682859,0.99188043370807388,-4.3612022729523483,22.180905087255709,-1.8551588573739035,0.4079130557251237,0.4154358710969467,0.7777777777777778,1,5
-0.93502299165997593,-0.34936883056953416,0.060608788914688225,0.34921884032873413,-0.93694544165447646,-0.013395556067327563,0.061467118255886292,0.0086405780694948937,0.99807170773644449,-4.6592285779875784,-14.83694948840748,0.018372444284326949,,0.1230415432951482,0.1111111111111111,0,4
-0.95447685954559081,-0.2981025031499846,0.010431788326968202,0.29145236086720655,-0.93948529899311295,-0.18006358410503742,0.063477916923264002,-0.16882615493913772,0.98359965609568423,2.2002015797804946,7.743847077975035,-1.8246126228442623,,0.08961386186442126,0.1428571428571428,0,5
-0.61033045370445882,0.77690421598651593,0.15464985115830951,-0.7876443369686339,-0.61596982461740157,-0.014056087722028446,0.08433940788357093,-0.13038793787457983,0.98786934861582998,6.3943124091408192,-5.7545545315659039,-1.384734908527655,0.5727061331635384,0.5146495552797183,0.8345070422535211,1,5
-0.98503938873863384,-0.15144178352231794,0.082236177178889328,0.15169783079428689,-0.98842185826972706,-0.0031619973003412056,0.081762893574812714,0.0093603578029308604,0.99660785313787026,4.1450391009459882,-10.383215409188455,-0.97637920880555562,,0.07667699233840528,0.2413793103448276,0,4
-0.99675483906485274,-0.010851084573809676,0.07976242702157213,0.0096693298191063894,-0.9998379121298191,-0.01518728180858693,0.079914296979006968,-0.014366747420906626,0.99669819991153541,6.0840464756288588,-0.96008481163751425,-1.639534583414233,,0.09617927210634804,0.4210526315789473,0,1
0.78509163506547675,0.60609035354614882,0.12761507704233024,-0.61837467708680971,0.7787325478737237,0.10577512760513198,-0.035268729605691891,-0.16195709993823187,0.98616733594841677,-2.189036501425611,-9.0177101831861162,-0.48748389145488413,,0.7370186162804059,0.8278145695364238,0,1
0.90566489434585673,-0.42359233417110109,0.018456261294942558,0.41401879291597371,0.89290556853160086,0.17694090764337148,-0.091430510563537362,-0.15260792940322007,0.98404841426697787,15.588945260307762,-10.845003644386507,-1.8874177095964808,,0.08186998570472834,0.2666666666666667,0,2
0.47549420113587904,-0.87443763839347632,-0.096250097386927622,0.87413103369985123,0.45732547717550903,0.16354920925832611,-0.098995962589305278,-0.16190189772523875,0.981828689183599,10.644636978889521,-11.684774695973754,-1.4548917514379487,,0.2177878634280287,0.1428571428571428,0,3
0.99601286147562296,0.023919361517297531,0.085943259885494103,-0.036922217439250359,0.98752781803672418,0.15305410305834583,-0.081210403486926819,-0.15561707087665819,0.98447356369648598,21.356667762998011,-9.6361325883100193,-2.4256129013532086,,0.08766786379243044,0.3076923076923077,0,2
-0.53705723188210819,0.82735966870043864,0.16445518626978181,-0.83961497120706774,-0.54309648503082431,-0.0096388833439886735,0.081340210278083289,-0.14325566849191293,0.98633745930936478,-0.9248018381767743,-17.739106600734132,-0.24126274014998042,,0.277299200351953,0.7,0,1
-0.83813328959156252,-0.54360959724613855,-0.044957698565629249,0.54508821957628073,-0.83776881320910934,-0.031972620996121408,-0.02028353414933513,-0.051303229879729483,0.9984771188396464,0.35317197472221395,16.346356792359597,-2.1904136525579743,,0.4075063394286257,0.3888888888888889,0,2
-0.35668999620224101,-0.93062393815656663,-0.081922721751718275,0.93419506200127622,-0.35462960370811503,-0.03895420781197486,0.0071994959322472804,-0.090426378362674323,0.99587711960589476,5.0809559984137183,10.211346254988708,-2.225137734642062,,0.5133631341567262,0.3829787234042553,0,3
-0.20119854689042066,-0.95907576113402493,-0.1992305928675937,0.97914594201402771,-0.20275646017346521,-0.012768793810990397,-0.02814904912505509,-0.19764488929166812,0.97986944475794258,11.675654637140147,-5.4902864153041522,-1.8652010134830759,,0.4337751705724857,0.4375,0,1
-0.80155898995247166,-0.59723494071649441,0.028523870945928551,0.59542360090881863,-0.80166033484377852,-0.053023042339513715,0.05453366948180139,-0.025517310311384499,0.99818582727231864,-0.37627399443171866,-13.285672122861117,-0.46652733994166501,,0.2020223926532684,0.5128205128205128,0,4
0.94056803808073464,-0.33734301620312585,0.039133810955954848,0.32400633606780194,0.92591039713597978,0.19419019198562021,-0.10174310752516562,-0.16996948518622695,0.98018300035077754,17.044411300948195,-1.61151752860266,-2.4814478065101282,,0.6097173189933992,0.5471698113207547,0,4
0.7825687446291254,0.60171733468313582,0.15975734434265521,-0.62158407242151126,0.76956680070562211,0.14628800416849833,-0.034919920410619289,-0.21378304047219537,0.97625683647541195,-17.181797302182179,16.240078594996795,-0.31030612108648126,,0.05910222237979071,0.1428571428571428,0,1
-0.68480643610183012,-0.72829306821002215,0.025086886429803553,0.72733554501765285,-0.68522044432300899,-0.038156881891106144,0.04497944005191197,-0.0078834940863897612,0.99895680612006754,2.1846109581544733,-20.695711707235471,-0.34793934213758243,0.3689108509040536,0.310024251154785,0.84,1,3
-0.73286011969230669,0.669227613275164,0.12268026163407966,-0.67572740267892917,-0.73696881042953133,-0.016414923785099029,0.079426206212855774,-0.094928257563855825,0.99231048754032813,14.205934481771054,11.887870318662005,-2.9914626677280935,0.2603897308319313,0.1477208794931021,0.2142857142857143,1,4
-0.26243200566957398,-0.96359654234896441,0.0510993735124513,0.96470191133671823,-0.26079435560253267,0.036558533191891666,-0.021901247990183812,0.058889792485456449,0.99802421196957547,-6.6336094187284793,-3.395734331779015,-0.37481650341590828,0.1843508302078273,0.1507423041296281,0.6285714285714286,1,4
-0.79948509455432959,-0.59397116217902757,-0.089564736839611359,0.60014304381151906,-0.79617134254626909,-0.077068283182614064,-0.025532539045277032,-0.11536659745249417,0.99299478228343907,-1.0271759137318022,9.9327484225615823,-1.7828412212283391,,0.1687423864743982,0.1785714285714286,0,4
-0.96442821436315329,0.25340857470522271,0.07524834620220161,-0.26177737292826053,-0.95512687682574904,-0.13858302994186653,0.03675358979851194,-0.15335169849387836,0.98748793927114087,28.656419717787124,-16.500697268477474,-2.6754991500877154,,0.3857087003632426,0.1111111111111111,0,2
-0.43002887551213259,0.88804802483870227,0.16262186755123001,-0.90015804120999598,-0.43555962378755469,-0.0018207061889686307,0.069214644915318146,-0.14716833798790674,0.98668678577506208,-7.0305591816436879,13.792412425216011,-1.3521321263926431,,0.1299313467783654,0.1666666666666667,0,3
-0.99353671329881155,-0.11129780649391216,0.022306895728390411,0.10839606352905545,-0.98859235600116702,-0.10457268796136464,0.033691137392474077,-0.10147882501144574,0.99426704427708756,-3.6522947752214701,10.459377816546583,-1.5745684337991046,0.5151632494692292,0.7178654059530492,0.319327731092437,1,3
-0.6111111694795418,0.74929594058215931,0.25514453151977207,-0.78697581136426187,-0.60973736178673776,-0.09428373119955813,0.084924736472410611,-0.25841041594418368,0.96229509302845628,10.364922100138276,0.1843434169600425,-2.0197563722641445,,0.2926879351924095,0.1363636363636364,0,1
