axis_00,axis_01,axis_02,axis_10,axis_11,axis_12,axis_20,axis_21,axis_22,location_x,location_y,location_z,dbh,dbh_approximation,score,reconstructed,number_clusters
-0.5708543798046859,-0.79721172750683522,-0.19641471071020922,0.80560673646378544,-0.59003463288527258,0.053450146492884244,-0.15850256534825094,-0.12772076386206513,0.97906299248644579,-21.187528469378698,8.0589884412645851,-4.8778937832007045,0.4969202452723118,0.2461634191493926,0.3870967741935484,1,5
-0.99561277352836397,-0.057496377457852493,-0.073819860243596713,0.061482189276550157,-0.99670501074096451,-0.052906161887042384,-0.070534711943286851,-0.057212657192964075,0.99586724329500842,-3.0897549434327845,21.297191952379396,-5.3807088894039756,,0.5026738920550443,0.25,0,1
0.91113518302767138,-0.40180352378342443,-0.091578417350132862,0.41202932742776066,0.8838539636492716,0.22143623073223423,-0.0080319106418890139,-0.2394913343248459,0.97086527860190042,-8.8375695456910854,-3.907333573446643,-1.2339795798708615,,0.100158176332295,0.252,0,4
-0.56201372853306031,0.82676651795187039,0.024447775647441859,-0.82187056445520179,-0.56152476248407723,0.096014146870599157,0.093109313296018542,0.033868361503629096,0.9950796902090826,-30.710290992966826,7.4275517051328963,-5.4970835049326157,,0.2956480967475645,0.5897435897435898,0,2
0.79650439810259543,-0.59997829749633902,-0.074878477125380871,0.60295388277088646,0.77895605875601637,0.17226164337659464,-0.045026204089771572,-0.18235542509255789,0.9822011707815147,-1.7074605677608381,4.2727417285303435,-2.0443667631679028,0.2464712827765228,0.2069428267093365,0.7724425887265136,1,5
0.8570017068873188,0.51527206496639222,0.0065401420085623814,-0.49360117343020088,0.81718116081133996,0.29761188148889428,0.14800660789488779,-0.25828211219575536,0.95466454555469293,-7.0360399886502467,-10.236365279074734,0.49490244975175074,,0.2251877788193448,0.3703703703703703,0,6
0.0037167702056522421,-0.9894610854574033,-0.14475132463882409,0.9903016050139033,-0.016462016544203668,0.13795554761655549,-0.13888454459054728,-0.14386021818680184,0.97980371549464995,0.12522510071123547,-14.694837906477655,2.0958287744549962,,0.097780934571259,0.2258064516129032,0,5
0.99054838261512579,-0.1191949823693601,-0.067870891231276306,0.13216192935906979,0.96180087853270368,0.23973379920613747,0.036703216843323824,-0.24643787499426367,0.96846334346823093,23.494011917823563,-8.8656293379344699,3.085957813316718,,0.1382728670306736,0.4,0,2
0.20549959475367813,0.94519640349660761,0.25371967872664714,-0.96509542547026894,0.15271287792242771,0.21276653085720659,0.16235989742678156,-0.28858713715917522,0.94358715971225315,-25.940581662524664,6.22920465528163,-4.8649881489362414,,0.1143832418836693,0.4117647058823529,0,1
-0.085510154379545525,-0.96672216939945954,-0.24111462147615606,0.98374517406130346,-0.12027308880374873,0.13334097877510184,-0.15790328055199765,-0.22579333759260764,0.96129283919610531,-20.610484508776704,2.5556710351885479,-3.7757477124234482,,0.2682743380139639,0.4285714285714285,0,1
-0.9488234621051812,0.31057743128162429,-0.057233704556380938,-0.31530673900289002,-0.94182997874522689,0.11635270291716522,-0.017767895151159681,0.12844434715188754,0.99155753821279791,17.212414480781874,-6.6575352356460833,2.2319062483393877,,0.09384934002365208,0.375,0,5
0.022984616216721463,0.98556616961488708,0.16772308346798817,-0.97403617989827596,-0.015718630617875817,0.22584606461187706,0.22522261801724844,-0.16855933662107975,0.95961582019645664,15.780231290983286,-12.520295859612036,3.260425151714514,,0.3905517091045519,0.2727272727272727,0,2
0.039680172736212591,-0.96283847354797114,-0.26714707138098637,0.98761307118815067,-0.002827375643447452,0.15688348404239241,-0.15180877942310544,-0.27006310337175704,0.9507996711649005,9.5683496365277207,-3.2483181568620454,0.75280301605229549,,0.1339353513977754,0.2051282051282051,0,2
-0.20391134247050005,0.97875446629349994,-0.021444326112210074,-0.96954086596102518,-0.19885895879929646,0.1429881943966258,0.1356859375301139,0.04994806518563151,0.98949205006447027,-17.079984832091355,9.8100773726322377,-4.8562778808882587,,0.09129617081715634,0.2542372881355932,0,5
-0.99492159349182618,-0.068978995047066574,-0.073300211773113758,0.06018429301487431,-0.99141557409255854,0.11607329719200471,-0.080677590928251608,0.11107230838071416,0.99053221483856579,-0.15639252801505155,-20.479419442256333,3.2812836369803882,0.2342095020083478,0.1844913007970903,0.3571428571428572,1,5
0.41209099462158,0.90322824433234727,0.11983217761563272,-0.89620219492679953,0.37809346519808468,0.23209256210161847,0.16432479411271406,-0.20303711536271463,0.96528404722392658,-13.893115968637543,-6.6806138224459284,-1.219698415952696,,0.4659637630081458,0.44,0,1
-0.447320998997918,0.89431807138353814,0.0099554533967184649,-0.88760485057760263,-0.44527502664831103,0.11784642495408318,0.10982510226090031,0.04387867181416702,0.99298192786838202,-20.399817526482746,4.5557981159106635,-4.1615664823510068,0.8126623680815555,0.3731323784192111,0.7804878048780488,1,3
-0.68012218737758567,0.73271147794071723,-0.023826462823094235,-0.72965815903220732,-0.67342745519114788,0.1187199795843419,0.070942097477172034,0.098129265200073049,0.99264186196071513,8.7942299597141069,7.5744681473243434,-1.1914701848269909,,0.2536872529138409,0.25,0,3
0.17652825562802688,-0.96529679149463543,-0.19245747399124166,0.96878907611737564,0.13582345661799985,0.20736372543909726,-0.17402729946927578,-0.22305625515215161,0.95914566468129869,-10.519676528881105,-11.450975547659256,0.44200031220576247,,0.08839041474828517,0.5555555555555556,0,3
-0.97100890907330284,-0.22494829040834913,-0.080870050962243478,0.21994800425406963,-0.97325660084082954,0.066290756100725282,-0.093619303164072701,0.046581708449939217,0.99451775776652629,-22.216753639396966,12.21768546464312,-5.7330479886032526,,0.1366720137804054,0.25,0,1
-0.017279305528900033,-0.9935437289947594,-0.11212619754378474,0.98788144497376762,-0.034264890130908311,0.1513808705909003,-0.15424550650499044,-0.10815163373479707,0.98209548814945402,-15.255087353377007,4.2795114971699766,-3.6339629828336113,,0.1051357594762572,0.3419354838709677,0,5
-0.67662365554788251,0.73237245422927999,0.076230027149429988,-0.73267211580441416,-0.67995063062474304,0.029303764872423914,0.073293925230570975,-0.036023994770105698,0.99665955688243901,5.6045037693065431,-15.651089718659447,2.8880990844355892,,0.4381164417571238,0.2352941176470588,0,6
-0.052871559146992035,-0.98479764081967669,-0.16546360587563105,0.98629363812456072,-0.077432420112113626,0.14570202370111371,-0.15629925664693636,-0.15549220865233468,0.97539362076037528,-20.879683918028181,10.477212171244334,-5.2699798825486583,,0.1172705593085918,0.4666666666666667,0,1
0.16932651946494204,0.98550876188341352,-0.010050375958610294,-0.97243222573003674,0.16872127085422323,0.16096179398559679,0.16032497050557806,-0.017481790879559103,0.98690946434818827,-8.2930262383791042,-7.4145231750101352,-0.5104722796468143,0.1914509459712445,0.1152339626351544,0.6219512195121951,1,4
-0.98426226574298292,0.17008342416666647,-0.047952278968075503,-0.17300597283728372,-0.98275034532037076,0.065350532785260582,-0.036010076327541829,0.072618094139368372,0.99670952980617722,-5.431365511673758,-18.029834288619337,2.2370420379488563,0.3060641498718942,0.1552452491511585,0.5,1,5
0.99679897536049811,-0.0672453420572479,-0.043241955227142692,0.076553747897979654,0.95875204852486218,0.27374081378587672,0.023050518498182702,-0.27617489643518511,0.96083094255752455,-16.997868262319273,12.165360752042215,-5.2322892506742749,0.5412577401470755,0.3211646903650408,0.4166666666666667,1,4
0.39856412594571772,-0.89711454807302793,-0.19060987682923072,0.90891648094311528,0.35859577258664077,0.21279074827862102,-0.122545779931874,-0.25805921707762858,0.95832560870623296,-9.4564101990334599,-9.255967297750157,0.10695464237943529,,0.2907883960770462,0.1232876712328767,0,4
-0.87051721853501163,-0.48453261390404589,-0.08618537171342211,0.47347399750667918,-0.87233184988942203,0.12189961998933874,-0.13424658624752106,0.065309185661840977,0.98879348923274946,4.9166485302291107,-7.6127650496972139,1.1869675099559813,,0.2028847402689384,0.1875,0,5
-0.95983308355834518,-0.25463182324118233,-0.117826509325155,0.25343221707222235,-0.96702203426828548,0.025308034089701687,-0.12038506160125317,-0.0055695450890367575,0.99271164852174698,-0.65125921609512905,1.6300745524011959,-1.4470029082389047,,0.8017244333887502,0.5895117540687161,0,3
-0.64245752158104985,-0.75650535212431835,-0.12226195308106748,0.75533242900214292,-0.65205527546839415,0.065550281704658681,-0.12931069043841029,-0.050235146472354039,0.9903308413844556,-18.726123218516037,7.9599999253105604,-4.6825006983272424,,0.1414508240854004,0.3157894736842105,0,3
-0.92448656154834963,0.37907576515537511,-0.040325696378075385,-0.38120677022005145,-0.91996007537520086,0.091404912636311328,-0.002448643482961756,0.099875041864931291,0.99499697494895523,-1.7859626771875781,15.912764049676031,-4.2374704119538817,0.1468793700055951,0.1172764659947137,0.3421052631578947,1,5
0.72698545238680934,-0.67865369764385031,-0.10450507495943318,0.6838919570903369,0.70199303809643021,0.19873994437780695,-0.061513763054264162,-0.21595122861070828,0.9744645318411701,2.0934341888368926,1.528736855087566,-1.1111922668645844,0.5158213007848583,0.3908242917256871,0.8957952468007313,1,5
-0.87306984563168255,-0.47968140143052279,-0.087491701151141674,0.47118058289618464,-0.876151360777914,0.1017234059035671,-0.12545079892245628,0.047587247542382569,0.99095789563485415,4.2273784291934522,6.1457585614787371,-1.5687538370707941,,0.1440860974285443,0.3214285714285715,0,2
0.21276206857591087,0.9767422499297802,-0.026587203264177545,-0.96317253875416398,0.21422934741523306,0.16249445312348978,0.16441095694982744,-0.0089645919123341935,0.98635119167905283,10.667021578092839,-6.630203480211768,1.5679452201733188,,0.0692087270059604,0.2173913043478261,0,5
0.99130238786431835,-0.11136199814013588,-0.070129032395564408,0.12367839665679752,0.97044567788067604,0.20721689236912996,0.044980329199613582,-0.21408804649711788,0.97577819115419007,-7.3770431128793783,14.699987619889438,-4.7040824786400668,0.4833614648610497,0.6817552633705629,0.920265780730897,1,5
-0.91314929671032385,-0.39660776338665515,-0.094130993508383998,0.39042171324099362,-0.91735047614336163,0.077710937129302091,-0.11717187268029726,0.034210903831702263,0.9925222245932882,-1.4593149937584351,-16.493242018795826,2.2518656568269915,,0.1186704874100494,0.625,0,7
-0.95703183312143447,0.28867597409376039,-0.027500043149887368,-0.28989880582334354,-0.95472586235898727,0.066762340620200464,-0.0069823186998697389,0.071865914896470789,0.99738986234153526,-3.0678723577904874,11.63804866420649,-3.539053610224296,,0.1273042205966356,0.2285714285714286,0,3
0.99695625525512466,0.052127572518419221,-0.057973625822568244,-0.036276192417469877,0.96836572774018115,0.2468842951706712,0.069009151359576248,-0.24402977998917538,0.96730925949618884,-22.544060629685948,4.0165288444827389,-4.2223948517992529,0.6823046453314221,0.582027264770568,0.3333333333333333,1,3
0.098438855892624341,0.99482054185716584,0.025335373483864818,-0.98107292536736801,0.092749564661871231,0.16998068527379415,0.16675043256815383,-0.041588553161286693,0.98512166024521319,-0.27058556177637111,13.642432057657683,-3.5679121287837159,0.1626549176167483,0.2432645642451532,0.303030303030303,1,5
0.071281314630188039,-0.9338919929085765,-0.35037796700968127,0.98530525239345257,0.011263200728136526,0.17043092417525166,-0.15521769805812999,-0.35737779154642901,0.9209715415358557,-4.2024189545445596,21.744601752086499,-5.6295686831547842,,0.4200656592807241,0.1666666666666667,0,3
0.73759164602376415,-0.66961905931081933,-0.086999305305544769,0.67277290362850539,0.7177447932408908,0.17949660698425526,-0.057751050719651517,-0.19092597304527173,0.97990412232906343,9.1600335892358995,-4.1697875697955959,0.8418996222155668,,0.07414502427596788,0.3,0,5
-0.93341758366602956,0.35876539416387998,-0.0043596391487325734,-0.35878873045792437,-0.93339140404808729,0.0071507863575982792,-0.0015037950200130349,0.008238859118649822,0.99996492928550318,-16.245572981505536,5.661416332761636,-4.0792630558257565,,0.6898886488081254,0.3619047619047619,0,1
0.92665447096375675,-0.35193496113509892,-0.13211084199912382,0.37570467345190189,0.85532799668457649,0.35673521894249488,-0.012549493586624723,-0.38020494633603402,0.92481712191780585,0.6645269346992867,6.2337688478378785,-2.063915101486125,,0.4731433464544207,0.1951219512195122,0,5
0.46670940040492587,-0.87735461164180772,-0.11149538557504247,0.87625587839961494,0.44163650931157522,0.19269880438966419,-0.11982475179942459,-0.18763283048000887,0.97490304634987501,3.4760415884037781,6.8411108388337611,-1.766621377503335,,0.1809651667170994,0.3506493506493507,0,5
0.43167430020520886,0.89152519913693695,0.13725930877790235,-0.88723188306753731,0.39219881069354123,0.2428984943531001,0.16271719088889897,-0.22663387256634029,0.96029172837987553,21.880156015241283,8.8962092920053113,-0.15748828691025077,0.7004944423688125,0.5032886913351904,0.4848484848484849,1,4
0.51200505862747392,-0.84544403738956908,-0.1519052322413644,0.85309046332540484,0.47980136601838569,0.20500563541068353,-0.10043645415447548,-0.23455282733174829,0.96690097211015369,-14.732334959525252,8.5155832730704901,-4.3871506401190468,,0.08302542151097743,0.1842105263157895,0,3
0.72294946836952623,-0.6866558360971079,-0.076471098710568841,0.68801892426033318,0.70541127472107057,0.17036693739117531,-0.06303987661689793,-0.17578024988654584,0.98240891573007949,-0.47755919947118575,-10.865182976835033,1.2971191494391368,0.342671549067643,0.3186833944274697,0.8973214285714286,1,5
-0.77321053052880495,0.63344358602333517,-0.029911516264838817,-0.63188750223651946,-0.76561477763745989,0.12063248642233795,0.053513175916373217,0.11217502212632083,0.99224649377778229,1.3919301332920297,-15.173931860633274,2.2949780372654831,0.2622632986543362,0.2519189176289733,0.4883720930232558,1,5
-0.4302354326050854,-0.89678131389058358,-0.10334770238275692,0.88696125313363339,-0.44124306239842626,0.13639756348584248,-0.1679202428855168,-0.032982342881280803,0.9852486777901972,-6.8511607767749947,-11.577754993729366,0.79240443781480652,,0.08166641711797751,0.1935483870967742,1,4
-0.92782086328086943,0.37302093625051558,-0.0019562156142482533,-0.3729137897496107,-0.92740018999730767,0.029397159854981238,0.0091515613598816669,0.028004798012931088,0.99956589588327294,-14.445199323790691,10.465640559394139,-4.6234994435774093,,0.3997794424323025,0.6219512195121951,0,2
0.95447069099877446,-0.28467322908859022,-0.089145121372949887,0.29754880255319244,0.92980749531856977,0.21661655465030819,0.021222867937304119,-0.23327917671683357,0.9721781809868153,-19.535755925594238,9.5040119865544774,-5.0265923834399331,,0.07497678467017511,0.25,0,3
-0.40062261668692262,0.90385992967711815,0.15012909952103912,-0.90863646275025867,-0.41299678286946662,0.061753023409127812,0.11781891851320279,-0.11167311611818501,0.98673594115996077,14.527026037912195,-7.3279253975745338,2.1103353911295315,,0.1628730177207917,0.1935483870967742,0,4
0.65644374433126285,-0.74932105304874219,-0.087175512538068226,0.75029666805414341,0.63652081279261996,0.17859497414169292,-0.07833594599672182,-0.18264505013754279,0.98005319509966016,-12.663636115666856,-7.5474639311272691,-0.8437439911218213,,0.06833362027572494,0.4901960784313725,0,3
-0.8954523635779793,0.44347395523825306,-0.038677067985430816,-0.4451199350409093,-0.89086475528253906,0.090709598304465677,0.0057713076322675845,0.098442058190190682,0.99512604889405443,-13.951323994555828,-10.434801223757731,-0.057464329827548885,0.5563125402714676,0.4034194067410373,0.8271604938271605,1,2
0.88000734657669089,0.47179913553398606,-0.054705079110047627,-0.45656969300990408,0.87204379253131958,0.17630581196442766,0.13088615433228618,-0.13017372859750798,0.9828141304372503,-21.18262568130169,3.6575489418788067,-4.0360507722374477,,0.09239721241976266,0.2708333333333333,1,2
0.54911134010523288,0.83539832127047764,-0.024215304794777848,-0.82016698845700775,0.54421606058884886,0.17650776312252589,0.16063264678513742,-0.077061820739085685,0.98400133565518055,-5.9436430311332478,5.2452691152526034,-2.7491725543780361,0.4313143140103037,0.347670370859503,0.9090064995357474,1,5
-0.89573519090066689,-0.43619116449082174,-0.085998463953068524,0.42763187761046573,-0.89821218243163603,0.10171456426070728,-0.12161186222360847,0.054333630023576142,0.99108950736801149,-23.510209048106745,5.9801734535563247,-4.6973432484858879,,0.1008386882126641,0.3061224489795918,0,5
-0.90516598347531163,-0.37766553808941961,-0.19504687564480938,0.40812250061238831,-0.9004361328774072,-0.15050181096143653,-0.11878790701524963,-0.21583213835851725,0.96917796157286151,-0.93586514221267958,-18.101082911679235,2.7953941913772544,,0.7054081080696062,0.6551724137931034,0,1
-0.54377135936519327,0.83883466864901424,0.025867110519521501,-0.83406334422588646,-0.54358070521511648,0.094118833059954124,0.093011002321557318,0.029604317089504218,0.99522486798552423,-8.0351206625079481,9.6533973013861765,-3.7533382490593206,,0.08524538080200031,0.2790697674418605,0,5
0.91340001674344229,0.4070588952084872,0.0018615167808858778,-0.38483354440863871,0.86201992303499386,0.32988603393994642,0.13267837996811649,-0.30203428302493923,0.94401892955949096,-20.705868214258714,9.0674917184002819,-5.04583293776437,0.6270750739099974,0.4121383028090642,0.75,1,3
0.95711386436073531,0.28666882145067851,-0.041881230360883974,-0.27098723859412183,0.93697751496370019,0.22054263300229213,0.10246446782955981,-0.19973513276469479,0.97447776248197526,-6.522762196525294,16.301431920204816,-4.9924098634166603,0.1572479638886669,0.09470741772166759,0.5172413793103449,1,5
0.46093905039946542,-0.87881202421142124,-0.1233880785094927,0.88073671660733976,0.43597137232259281,0.1850183735061974,-0.10880270142125471,-0.19395460452533936,0.97495824707874434,2.9570157776300459,8.1446913873083435,-2.0160658056254448,,0.0703764909146183,0.2,0,2
-0.52430071186385141,-0.84509819811659315,-0.10448827244790007,0.83741891560806314,-0.53396250276805313,0.1166773560700323,-0.15439664284198334,-0.026326434961170316,0.98765813695901927,23.142507723421446,-10.784199311932975,3.4446731753020026,,0.2095513399486344,0.4583333333333333,0,3
-0.84453631598610435,0.53525765537522374,-0.016051583810921866,-0.53388812532550511,-0.83929582293956062,0.10269367669250852,0.041495549364222374,0.095298289378277432,0.99458350852230482,-13.88450334950522,4.7223630001044725,-3.5747077593816736,,0.1786401092910003,0.2926829268292683,0,5
0.46485778470691846,0.8853335388380269,-0.0095794053005697124,-0.87108542106321551,0.45925974971623718,0.17404215438134518,0.15848479172620056,-0.072560370031549651,0.98469160831825298,-9.1806584475704742,-4.8388440685106637,-1.0964570750291567,,0.09558566290635077,0.5099009900990099,0,4
0.99701671680850468,0.054054560312691916,-0.055097830390970937,-0.042643704927149043,0.98075475843839022,0.19052983553906067,0.064336465822089489,-0.18761185546189985,0.98013397597250307,10.887417997560071,3.6981836331819613,-0.31519148991991475,0.1432147402740579,0.1316705821825245,0.3333333333333333,1,5
-0.75838942091534511,0.64786652770011799,0.071515372679457997,-0.65105303445559415,-0.75820220256045967,-0.035487552164555049,0.031231915885070079,-0.073473684528963773,0.99680799811793652,-2.8451076722635875,4.3739312823229506,-2.1722071881876501,,0.4419014165270106,0.2391304347826087,0,4
-0.77818687615183157,0.62550157736028567,0.056329055600537033,-0.62213344901963186,-0.78003475485764684,0.067050375279393754,0.085878736576587594,0.017133532442698614,0.99615826286290676,-10.700650137679464,-12.652066064966842,0.67118283303412518,0.3672375420108032,0.1930763735044751,0.4090909090909091,1,3
0.57273142138369904,0.81974008278586985,0.0022171229158080186,-0.80044621624374079,0.55866380743101007,0.21721096926206687,0.17681791159519783,-0.1261782348145003,0.97612216407487151,-10.45147438796244,16.948730814026355,-5.5393496903589901,,0.07260707927819685,0.4285714285714285,0,3
0.97961233347702936,0.19100451361506326,-0.062265173880449644,-0.17152957761494009,0.95656729706321975,0.23570449760750448,0.10458145200239731,-0.22021871393648401,0.96982804554685442,9.0271036631968169,-11.848544316083323,2.4734695567257994,,0.204125274390001,0.3333333333333333,0,5
-0.71349229963166638,-0.69606959111685918,-0.080099080448703994,0.68438632923981113,-0.71684631220888151,0.13321680457880142,-0.15014689712403656,0.040230448604738449,0.98784483614031637,-10.444655969360161,3.7371353386446384,-2.9617536308859176,0.1285791379323377,0.09678814029452126,0.5288461538461539,1,5
0.91656067038228284,0.39983311036463398,-0.0070725783504309563,-0.3851726984342369,0.88743240889667874,0.25319105833485916,0.10751060361317369,-0.22934080207407512,0.96739044165980426,-32.35069291904324,10.632932765679152,-6.1837820833627344,,0.1925394685448937,0.2424242424242424,0,3
0.50815691704864874,0.86120276396661932,0.010312467787459404,-0.84469320421800131,0.49600641179340094,0.20117412907170792,0.16813666585113957,-0.11093889667781008,0.97950121122966038,11.709454657148326,-12.680245009692616,2.9508463604152664,,0.1324492401636946,0.4782608695652174,0,5
0.86506179206772216,-0.45879502159980595,-0.20291679097555401,0.50105384995027269,0.77020784490629834,0.39461996286909617,-0.024761570115658355,-0.44304289160309396,0.89615839048986123,-22.277459273615577,9.1147785996284512,-5.1821898776725872,,0.3226790247295175,0.2380952380952381,0,1
0.83990487580372342,0.54217041807565958,-0.024719169986019082,-0.52523039885779654,0.8234478806585579,0.21463134895585487,0.13672171633216454,-0.16728665697716233,0.97638227487014173,-18.326764217599546,4.6155850119178616,-4.0370720967562974,,0.1379852367976361,0.5666666666666667,0,5
-0.8811144546578582,0.47247515159488235,-0.020113401462156903,-0.47260665721981038,-0.87825970522194763,0.072820585928527193,0.016741127336644467,0.073668998288629953,0.99714222322928825,-9.8441748579706267,2.7495866163580085,-2.6933215377121842,0.1121671663826614,0.08538379812347233,0.3511450381679389,1,5
0.99097667506274945,-0.11246134684760538,-0.072922389886788994,0.12626685002915614,0.96581077084400246,0.22642048826338279,0.044965676524354105,-0.23358510309293418,0.97129608644726395,-19.666857408917448,13.601640252970586,-5.7818258428942908,0.7647676770651106,0.8312284760021812,0.6326530612244898,1,4
0.73103488948781603,0.68193711008341573,-0.023447137194502844,-0.66647348672547413,0.72098154741029052,0.18973323321404134,0.14629108600159998,-0.12307471789504176,0.98155566931862315,-13.302888922396653,8.5611829762055898,-4.1456872298428999,,0.07790542596899075,0.3055555555555556,0,5
-0.99304685241199664,-0.089263537492510842,-0.076746138593074761,0.081134225994643691,-0.99134512602568314,0.10320890696723195,-0.085294702572166869,0.09626454165186564,0.99169448507777846,3.3038599045308183,-14.058892740046698,2.3334449682853018,0.3124588958850595,0.4365821583374836,0.8095238095238095,1,5
-0.84345657795179563,0.53529326444674319,-0.045189845627045602,-0.53610034654995176,-0.83337736132288287,0.13445665496185485,0.034313547453865001,0.13763464197816935,0.9898885218996496,11.838467053729204,-4.9029741331741468,1.3976650525550254,,0.07949820991611792,0.4166666666666667,0,5
-0.88045163218964495,-0.46759518522735272,-0.078483540483265543,0.45738414795366983,-0.88123869672862609,0.11923967707407024,-0.12491863181802083,0.069087641009305548,0.98975867426584541,-24.582907843039038,17.247172541298514,-6.8010303928997784,,0.2340092396986463,0.6551724137931034,0,1
-0.61796601442143295,-0.7759682737346244,-0.12645648728870176,0.779810134155554,-0.62543191949098953,0.027038283046714288,-0.1000707733975677,-0.081903310306265978,0.99160359422124389,1.6152832792948548,18.360987036503506,-4.2605936341612818,0.3957051983681616,0.2007185329042213,0.3333333333333333,1,5
0.97672741564294829,-0.20034884256717803,-0.076576085127405755,0.21280191131129911,0.94983057616226996,0.22920999788296417,0.026812349276137602,-0.24017122614760189,0.97036018058092854,1.5817852961919274,6.9172422122867907,-1.9794621089684925,,0.6811282346126094,0.7094017094017094,0,1
-0.9067274805556047,-0.39868422974189927,-0.13746330768752213,0.40487862196613078,-0.91416711133154693,-0.019281961376960255,-0.11797702098329525,-0.073139438846931776,0.99031916320197688,-10.37149857837942,8.217181700074633,-3.8371069062359973,,0.09135363780191916,0.3846153846153846,0,2
0.9590306418084279,0.28324267434014533,0.0058151100726578885,-0.26871571134117705,0.90295902048076626,0.33534590173553686,0.089733463941386052,-0.3231696068089594,0.94207712565586821,7.491467428099571,8.6564244235721137,-1.5275889985262248,,0.4122066375728798,0.1578947368421053,0,4
-0.84454656919312598,-0.51316583569906982,-0.15297685293990171,0.51303493147154067,-0.85726970674192271,0.04340286848366106,-0.15341529113524643,-0.041826725593738089,0.98727618905349601,7.0385714388727925,-8.3875013507548442,1.5621866878734763,,0.3921225038999167,0.4821428571428572,0,2
0.74617175463782248,-0.65955468946138684,-0.090638425572195105,0.66152574511478879,0.71921119956895996,0.21241219118708962,-0.074909286013393347,-0.21845562941721305,0.97296749012744133,-5.0382327837098444,11.79418616926043,-3.8043105935830788,0.5232009643281148,0.2095095855693365,0.2542372881355932,1,5
0.60625521738127042,0.79520250253373814,0.010372625611182126,-0.77645356266573751,0.58904004541598232,0.22394572985440497,0.17197231295087351,-0.14382212924448973,0.9745464169129705,5.1219408120266596,13.8364005881986,-3.0016681653411261,0.7061294142482506,0.6836870070012028,0.7380952380952381,1,5
0.72037105723588646,-0.68648510894025594,-0.099013812673475587,0.69092009246419706,0.69773838731453375,0.18918395464991333,-0.060786229740939932,-0.2046932780308143,0.97693689468812839,-4.1814425968592799,-13.820790807407958,1.4691288028740181,0.4128685280754554,0.3989993483659018,0.9068627450980392,1,5
-0.98601357579633453,0.15749230962516034,-0.054528898340795981,-0.16244362458027606,-0.98131709283787172,0.10309622756169104,-0.037273277003109881,0.11051215188006379,0.99317559731816274,13.291762025990343,-6.5990714695453567,1.9181117570020791,,0.1479844698440977,0.5609756097560976,0,5
0.88119534469969729,-0.44872783205805344,-0.14878876710310021,0.47189706552871352,0.81597835907703653,0.33390489224228964,-0.028424004379577521,-0.364448419195948,0.93078967856363959,-2.5479296615441758,18.094144897057401,-4.7780450218183299,,0.2480618130588123,0.392156862745098,0,5
-0.93001259621441723,-0.35979489466524689,-0.074994697514847428,0.35026001869323631,-0.92948044191753731,0.1156893573229342,-0.11133054471946761,0.081324915404835357,0.99045028544943314,-1.0067423772765831,9.3545661550058039,-2.7906392893644019,,0.06946538910295799,0.2051282051282051,0,1
0.32546318078282566,0.94482566491446918,0.037123858550234271,-0.93122221079417578,0.31347274575725737,0.18590328612215065,0.16400887804729977,-0.095075236451654305,0.98186648141961175,20.824752079458712,-5.6912426971151877,2.3766729884809807,,0.1193167153279527,0.25,0,2
0.56069545945767763,-0.76409959477432943,-0.31901788509306195,0.82274545283327072,0.47068672215497614,0.31865958235895142,-0.093330175108165797,-0.44114149527414742,0.89257137505163664,-25.28546432705544,11.537895580959201,-5.866043949267989,,0.1904723108632465,0.6666666666666666,0,1
-0.79526451000669329,0.60512139862559766,-0.037181340067489785,-0.60452894605092622,-0.78686296385245313,0.124062200141257,0.045816072620535289,0.12113946112944975,0.99157759073453078,12.037270291096902,-3.2858322023393804,1.1024449682499957,0.2534147340012277,0.08851653507537516,0.5,1,3
0.33773461067180011,-0.93375142204128592,-0.11850575762487336,0.93305624510293517,0.3155654918919516,0.17269760797823216,-0.12386030933588117,-0.16889849662702217,0.97781998425495109,7.8744723999927402,-4.8360720999295648,0.84024572926894348,,0.06982635239843885,0.3043478260869565,0,5
-0.1926013420945096,0.9810020485706421,0.023231524349415743,-0.96953651298599142,-0.19389490417047983,0.14967870965399566,0.15133959498544422,0.0063045092532523096,0.98846172417181521,5.8189945152311813,-12.28838587052439,2.2554163214141636,,0.2318112565381776,0.5483870967741935,0,6
0.59774719658014785,-0.78470647009168359,-0.16411594918478573,0.79303668883145106,0.54878884281881546,0.2644307398258251,-0.11743551059122555,-0.2882127023464347,0.95033801305553556,-22.210475248722471,1.8929532993447338,-3.7620571513549512,0.4675890989935268,0.2886046235265866,0.4571428571428571,1,4
-0.86544758531570509,-0.48482990059506881,-0.12625547338706408,0.4826673546387355,-0.87441695838724409,0.049266699207947323,-0.13428589589849443,-0.018301649482402205,0.99077361076532666,14.233448498989537,19.641121048324415,-2.9769699955660878,,0.2010281127739971,0.1538461538461539,0,3
0.47824850360742638,-0.86302213624646162,-0.16269960401258726,0.86961939410095745,0.43949431664095023,0.22495967426138588,-0.12263962736710407,-0.24907335864941363,0.96068828649586413,1.1917995735092757,4.7895295449492785,-1.7009968883314328,,0.2998018013182085,0.3253012048192771,0,5
-0.29738451827250278,0.95344858388917919,-0.049982458638506477,-0.94601213838388332,-0.28718684242705028,0.15028223969296167,0.12893208414581522,0.091975624034301734,0.98737885447345741,-3.5939288513394421,2.0173260459680424,-1.8930967256913962,,0.07767442122443179,0.4424778761061947,0,5
0.52585959293087392,-0.84476551820268586,-0.099211429675845661,0.84453742921646968,0.50469632515099672,0.17899203901715208,-0.1011346586241039,-0.17791244654275576,0.97883550313122536,-13.132647250094289,9.7210537518988325,-4.3849072866811456,0.3291680157805443,0.3066689509951375,0.889967637540453,1,5
-0.91239874168019475,0.40772917199684383,0.03585329110647318,-0.40929527901433133,-0.90939582607175007,-0.074004095156013583,0.0024312048408250673,-0.082195826086534113,0.99661323261181645,5.2495262185038598,1.486125264800273,-0.65755867304601723,,0.4150049058019832,0.2127659574468085,0,5
0.11395551121200365,0.9909836518889179,0.0704666102016792,-0.98054790775502487,0.10077863430417007,0.16843238247151246,0.15981220873780083,-0.088289685449042365,0.98319122727049157,-11.464445118672487,-6.4957785686098362,-1.0338302295559858,,0.07347022007391645,0.4186046511627907,0,3
-0.98765436261794148,0.15200952050407404,-0.037841322358906838,-0.14825238136352331,-0.98505902053632244,-0.087635366605419374,-0.050597345995552524,-0.080943385993812442,0.99543361247351103,-5.8545135382349329,6.6550507374743066,-2.9633671989928265,,0.3945027651999167,0.5094339622641509,0,3
-0.99064651240348267,0.13204313238249046,-0.03441073456695503,-0.13439869167466306,-0.98779174277748538,0.078768423729040915,-0.023589810066132089,0.082656421960056931,0.99629886920030464,3.7353281367581506,-10.275529695715377,1.5835662197844127,0.2375077157988007,0.1171247057337165,0.2758620689655172,1,4
-0.99698791248086482,0.064941579697918611,-0.042399216895917032,-0.062189974221499397,-0.99605653290503071,-0.063275511562842751,-0.046341228656320399,-0.060448113978428593,0.99709503862123117,-9.6905516289011917,18.245749103315433,-5.653814123443766,,0.2603909947107271,0.3571428571428572,0,2
0.20385000153464883,-0.9670307632567422,-0.15263249912585955,0.96913794015823473,0.17725245647069057,0.17132781333151659,-0.13862478068576609,-0.18284712081459684,0.97331911549585559,6.2804449714963333,-1.9588126776250274,0.12433021050479326,0.6918204785569235,0.7272903119013656,0.9934102141680395,1,5
0.30012940756681983,0.9324651745758219,0.20107470481607581,-0.93965820734162953,0.25271888246961721,0.23059839509160396,0.16420959804197002,-0.25815085637392349,0.95204692282697123,-6.5976346368135887,-12.724906202607762,1.0194749517221873,,0.334527597166017,0.1904761904761905,0,1
0.4974044600862193,-0.83737200184405558,-0.2267089182498471,0.86264248159904455,0.44975132964746006,0.23145559060213647,-0.091851793814703112,-0.31069578691707572,0.94606097898866992,7.3822346840416975,19.493113210174133,-3.6967982805887987,,0.3006478699685601,0.25,0,3
0.42578946386198291,-0.90095054790583129,-0.083614847319772437,0.89692434543483679,0.40808367072688878,0.17027752715011824,-0.11928977756042795,-0.14749856919391366,0.9818422078192266,-17.590356986010498,9.128132925166982,-4.7600265240454425,,0.13547411598973,0.3571428571428572,0,4
0.89027763456178766,0.45371085783972059,-0.039397853715835096,-0.4353545975641902,0.87326009799478999,0.21882224665205602,0.13368660283959363,-0.17766051538953817,0.9749690423253109,10.462710722718056,-11.73668087100774,2.5928331607979982,,0.08501376347640335,0.2,0,5
-0.31861793169988256,0.94171635544756294,0.10794868911593873,-0.93937688162370014,-0.32892715279754842,0.096840086861959163,0.12670314862000298,-0.07054951477550242,0.98942866245865324,2.5632818847170045,4.5191924393646898,-1.4968228534353263,0.2270096203010137,0.1565328487792902,0.4083333333333333,1,5
-0.60945696860970155,0.79256717296721935,-0.019986989463739953,-0.78827943526566935,-0.60308063282752111,0.12210357179703933,0.084721516454270035,0.090172205490978458,0.99231609782698904,-23.275346724454685,10.647563195251765,-5.5112266333368236,,0.08253318132733439,0.2941176470588235,0,2
0.91381267447682235,0.40390403284695131,-0.042519739127681672,-0.3891081533920176,0.90068556066325522,0.19328829705021411,0.11636683775617228,-0.16008451849784411,0.9802202334210115,-17.751829350695647,6.8986555366210176,-4.4442370624500533,,0.07099398460970587,0.2083333333333333,0,1
-0.9979365791432091,-0.024289227455441011,-0.0594358262125411,0.029356948460733393,-0.99586830611234667,-0.085933034730533556,-0.057103008546164874,-0.087500573201226006,0.99452646827745794,-9.2850096908297672,-11.15782147644312,0.45774133947998652,,0.4326505386606588,0.6470588235294118,0,2
-0.39690378806904358,0.91695990767738189,0.040643704662978772,-0.9061867797712776,-0.39851131734620387,0.14147172903006311,0.14592087987743996,0.019319877310189627,0.98910759736062759,-3.1384528272849845,-14.819501629046941,1.7437042983510314,0.5380830296800118,0.4251825333632338,0.704225352112676,1,5
0.99677544512391802,0.064407503030155688,-0.047857972705027951,-0.046807747394394424,0.95114982434815287,0.3051606895167534,0.065174740366780712,-0.30193655823019894,0.95109755967630594,-17.927823833261684,20.22294867953179,-6.7743385339694466,,0.1412399093486409,0.1153846153846154,1,3
0.64146116371367601,0.7664649265123753,0.032543691761637843,-0.75164842870145832,0.61944282219090485,0.22652865087400401,0.1534673094757511,-0.16977074678090723,0.97346067124446678,10.188482785367452,8.9943337964538568,-1.270031579241329,,0.1077454925880811,0.2380952380952381,0,3
0.96629284561979212,0.25743413851035307,-0.0024084919425170033,-0.23877533448959309,0.89967530381078231,0.3654732375323258,0.096252148772833696,-0.35257908622379941,0.93081873198502152,-8.1318086494202646,17.273633848498942,-5.3518399282904188,,0.4690597284871667,0.4375,0,1
0.8058600266188608,0.57989716743002717,0.11961978391754802,-0.57617290790820652,0.72145465530179032,0.38409368718579212,0.13643459125328647,-0.3784474277228036,0.91551250497169201,-1.5163881606046332,-13.711628242532344,1.7619212410217429,,0.1164522113803828,0.2727272727272727,0,5
-0.40892674179681837,0.91177100996847127,-0.038112271311384595,-0.90538254854936884,-0.40012294352752392,0.14207065441223349,0.11428630987869295,0.092602675144642738,0.98912253231354907,-5.3518597236832921,-3.874343703889894,-0.99982596396160028,0.2109458227829205,0.1629558661446113,0.5486322188449848,1,5
0.99746971720756006,-0.010504569664004593,-0.070312283919988852,0.035033729532086375,0.93322694695772179,0.35757531132202486,0.061861143288365325,-0.35913384620242139,0.93123363312485274,5.0644881030890208,-13.508203050010954,2.4806247678206605,,0.5279028375054178,0.1395348837209302,0,4
0.79008441064207791,-0.59782445352006763,-0.13554536817535762,0.6108589511619168,0.74938207836694737,0.25549528842582914,-0.051166061463860817,-0.28466194581620369,0.95726151638849966,-3.444876585487942,15.075557848708117,-4.2762709990997614,,0.1073624760785324,0.3333333333333333,0,5
0.983021854237491,-0.1565663834131886,-0.095681772958066222,0.1770487664487938,0.94628790309018207,0.27054193531529663,0.048184731922518556,-0.28288897477650154,0.95794157418887227,-31.580274304230006,9.8219331789708555,-5.9655648269265216,0.3692941706769373,0.2765493246475819,0.8070175438596491,1,5
0.98420625446185184,0.1700758699276233,-0.049114632713034394,-0.15603310583958888,0.9644867831704782,0.21311713908439106,0.083616496938258095,-0.20208771253548849,0.97579139055535302,2.6137460114899045,3.1543160451144026,-1.252889491599575,0.4676765192691983,0.3639739153312573,0.8664987405541562,1,5
0.89844501171583524,-0.40508790920961746,-0.16941176681421552,0.438891496402051,0.81702735563012574,0.37395261001631308,-0.01306963308214168,-0.41032924093247974,0.91184379074865329,-27.271368472210487,14.608906580672084,-6.572431256985654,,0.2908185290895692,0.2142857142857143,0,1
0.2855452965100207,0.9541626298829603,0.089652436530406318,-0.9341461757911822,0.25621104384660132,0.24844883430144299,0.21409064878157402,-0.1546918767934152,0.96448723027234351,-4.6937728103409233,4.3326398058906426,-2.3913075871083054,,0.5607138352356665,0.8294573643410853,0,2
0.91833688385363099,0.39388159398490569,0.038918603185543924,-0.37871520040667689,0.84586187115045486,0.37562280537100345,0.11503114680352651,-0.35968734319372719,0.92595510172540452,-8.5500677114241466,-12.9558845809812,0.87331860480724322,,0.3108346815969434,0.2962962962962963,0,1
0.45712837642464321,-0.87328452162989678,-0.16854611164014874,0.88231574168029892,0.42139748766461294,0.20962607035647501,-0.11203829457161124,-0.24453691269744163,0.963145429765355,-23.086358882806572,14.7027904871335,-6.3054518775073518,0.4147955132539679,0.2847479605832601,0.2894736842105263,1,3
0.97935272082441183,0.19534356907554079,-0.052049382653886166,-0.18253259673854258,0.96512570101831829,0.18765455593132654,0.086891307630313608,-0.17427929095198955,0.98085505014939156,9.6958448080330335,12.762003299506839,-2.1925402534750233,,0.1060257725164417,0.3461538461538461,0,4
0.91755646610742725,-0.37952996122329752,-0.1185206312769795,0.39668402972582306,0.85353127682944863,0.33782560594835787,-0.027053873381344698,-0.35698931077517582,0.9337166164995313,16.17179603712707,-11.105923407323624,3.0032697921714755,,0.3208928233231614,0.3333333333333333,0,4
0.86802401526349482,-0.48472237326299406,-0.10760357700435007,0.49471114791982529,0.82581168945917305,0.27073221765507505,-0.042369671342708921,-0.28823475573025004,0.95662194023523939,-2.9273107496042159,10.559167894804119,-3.3099999763902939,0.4971392568650569,0.3398653474621286,0.3157894736842105,1,5
-0.65299257077023742,-0.7350262024436709,-0.18258473167303105,0.74132373746076918,-0.66966450506894515,0.044593350714667676,-0.15504779519900741,-0.10623526896469337,0.98217831824568702,-29.876552667401356,8.5525971875134825,-5.6318302629438817,,0.1108068416128116,0.3,0,1
0.15473456937480878,0.98458149660124761,0.081587312683052637,-0.97578239013144652,0.13938179916414117,0.16858659843276716,0.15461545896111603,-0.10569763768512859,0.98230446870511046,29.764351499827214,0.62088428929824357,1.9442069631506387,,0.7148606470932161,0.3580246913580247,0,3
-0.84802098865314757,-0.5226925624475024,-0.087480786266488336,0.51287254249562964,-0.85099783932475703,0.11297978854053768,-0.13349965527224297,0.050942738703959656,0.98973869249187885,4.1029603147828837,20.3783144080871,-4.2497538867133349,,0.1202771941132536,0.5,1,4
-0.99443320589469131,-0.080089713175384769,-0.06847070072294964,0.076223489329894367,-0.99544122727973738,0.057330120409660137,-0.072750111260276487,0.051791899707340827,0.99600452832119335,17.298210232394755,3.0766783492365355,0.50856485703339027,,0.3406989445573385,0.3333333333333333,0,1
