axis_00,axis_01,axis_02,axis_10,axis_11,axis_12,axis_20,axis_21,axis_22,location_x,location_y,location_z,dbh,dbh_approximation,score,reconstructed,number_clusters
0.98483191055823482,0.16159470837395251,-0.063192231894072567,-0.15508490321096705,0.98312002149649613,0.097075723684005633,0.077812471637019459,-0.085803109257565374,0.99326886878602627,11.917161676155326,7.3406203395825882,0.41175815277986783,0.2757702703398319,0.1803536744196293,0.2,1,5
-0.74835717538031665,0.66101922411107594,0.054910139431486822,-0.66007106283542105,-0.73400913379452826,-0.15980232637081285,-0.065327865908137217,-0.1558338116770478,0.98562066388346936,-5.3124590077179983,4.2660275841403621,-1.4189496774857044,,0.1907045359456712,0.4501278772378516,0,5
-0.93801911268061222,-0.33689945544248245,-0.081356629529720448,0.34486572117252151,-0.93063248163848578,-0.12243699800121782,-0.034464164084364021,-0.14290535693931292,0.98913612832208997,5.6845412496345489,-9.8892985322032061,-0.31166801615235978,,0.1884120655906281,0.2380952380952381,0,3
-0.34257346099633745,0.93512802017721952,0.090437877575856015,-0.93839779322315597,-0.33594316253390083,-0.080943024533512334,-0.045310103673492641,-0.11259563679892592,0.99260728240273488,14.288730600007616,-4.6371023770579134,0.48128699206925674,,0.4055539461939425,0.3018867924528302,0,5
-0.46035074646187213,-0.84357604422993282,-0.27650795256805372,0.88656703472353526,-0.4528604994074234,-0.094425955213478865,-0.045564055718473676,-0.28861189455363545,0.95636138104204449,-0.13712577789393482,-8.3249123469835524,-0.94435585762022312,,0.2242509933976495,0.2916666666666667,0,4
0.93147680759464924,0.36115811215091825,-0.043769566377412972,-0.35639005583877115,0.9300342608858041,0.08956786074164548,0.073055355809958367,-0.067831346781425036,0.99501850403964831,-27.818050397421846,6.7512298867410223,-2.8779453846319898,0.5966711719011295,0.6458482002208639,0.8085106382978723,1,4
0.99312791051113836,0.10607900728102015,-0.049438826624975243,-0.097986635370328617,0.98465795697326786,0.14438603484420709,0.063996661261219973,-0.13854945681417741,0.98828562438391943,-11.878689946946944,-12.55440057155376,-1.6932752732284677,,0.1963905857086831,0.4193548387096774,0,2
0.86339290878048025,-0.49139267097880057,-0.11439374098220154,0.49932812209145294,0.86471518491207322,0.054213240736029615,0.072278015718513861,-0.10392733947715575,0.99195513837723293,-9.5360391706201035,-15.971247618525165,-1.4970484616859849,,0.09684810139841908,0.3809523809523809,0,1
0.29225969035663213,-0.94467888035578784,-0.14888279417844061,0.95546902870386508,0.29507257609866377,0.0033331699911887808,0.040782454319687904,-0.14322704997392299,0.98884923197392904,6.9357307167184636,22.836634103966208,0.43281418860989163,,0.2372099934666564,0.3636363636363636,0,5
-0.67848426226198921,-0.71218999913945968,-0.18012359919938603,0.73341272316950523,-0.67071828800155042,-0.11064698655345311,-0.042010514825402051,-0.20717717843914601,0.97740100950331499,-13.474010532549213,-10.958927084318542,-1.8266263116631578,,0.5597905438842222,0.4444444444444444,0,1
0.20233049663849684,0.97685461267608464,0.069407750456827191,-0.97917886973057322,0.20060155713673325,0.031108782481417459,0.016465454842712283,-0.074256858052141828,0.99710320821319576,-9.1332543849070902,-17.858596526412665,-1.4436026967908371,,0.1945449939956756,0.4117647058823529,0,6
0.38482990670697192,-0.90528700237036208,-0.17989270758757198,0.92251807352339921,0.38347327607315917,0.043688105479577292,0.02943377187143037,-0.18276676360050514,0.98271560646833012,-13.074312418979725,4.6903537634448513,-2.1968864141561988,0.4708073455897719,0.2659358920382761,0.4409448818897638,1,5
-0.94569023377247963,0.32027974351620297,-0.055595572130780278,-0.31599700794575714,-0.94587610236767206,-0.073920835622110548,-0.07626186934951612,-0.052338177871771668,0.99571323302463999,1.848392065933353,-11.895184643916322,-0.71034066171877075,,0.0846479974411006,0.4,0,5
-0.68393260068535555,0.72872545632809083,0.034574658627114334,-0.72669427515330343,-0.67630878597944544,-0.1205066656514204,-0.06443312951565057,-0.10754364372860038,0.99211024413338023,-16.464115603456701,7.227999083222767,-2.2650451956412874,0.5540630513057079,0.264636456948148,0.375,1,5
-0.99063533816435734,-0.11118481099938811,-0.079243703743708524,0.11522425060094187,-0.99216182804404096,-0.048355755042795559,-0.073246152482172297,-0.057033716127724454,0.99568175456378705,-6.3359060777374827,-4.7653857103114383,-1.5497729053892433,0.1553444634704177,0.1372571827981711,0.6103542234332425,1,5
-0.98342995952395973,-0.161204279144889,-0.082937899033434168,0.16602661080097308,-0.98459049222463424,-0.054924740571027829,-0.072805763622433364,-0.067784533680104231,0.99503998802918747,10.234772081315702,-4.2735326720282849,0.031586523959462258,,0.07137473165091084,0.2173913043478261,0,5
0.90009289988853447,-0.41799092398449045,-0.12294860323257879,0.42984824660643339,0.89800454046243927,0.093905964657308286,0.071156563011607402,-0.13737333356746087,0.98796017671004321,-3.8297459403317249,-16.672514789481337,-1.0430859691359105,0.9162869855477818,0.4995932619826259,0.1836734693877551,1,5
-0.61551300387705343,0.78811631925267811,0.0040508500165277166,-0.78412673291917356,-0.61186380411991126,-0.10376874254520493,-0.079303270927173874,-0.06704739022154918,0.9945932026133748,4.3152673707639195,-12.071354755329926,-0.43545054245743497,,0.2588898783876372,0.4375,0,2
0.99438272530177974,0.078400880791098554,-0.071107647356572157,-0.057439870019619282,0.96400006634242041,0.25962383061641187,0.088902513763874605,-0.25408103822007272,0.96308834956273637,-14.848233266068087,4.6615901443304724,-2.2562092228919823,,0.7083448640122441,0.2058823529411765,0,2
-0.99772547649797572,-0.0075782421046593209,-0.066980921115578879,0.022975596341150279,-0.97239186690951518,-0.23222010925196993,-0.063371882721414807,-0.23323084576194358,0.97035425338662407,-1.9971022170807142,-10.04566087169731,-1.0782988266642124,,0.2007281823411378,0.3684210526315789,0,3
-0.0041794589875837531,-0.99079809502244742,-0.13528365393668593,0.99991218538878213,-0.0024393632646481744,-0.013025782813060421,0.012575914821635868,-0.13532621478025966,0.99072128369165791,4.8241078305784999,10.943354507357261,-0.15006750047614359,,0.1155328022453335,0.2564102564102564,0,3
-0.52420469436548212,0.85145671640328757,0.015195344580619994,-0.84939316430592826,-0.52148624615629036,-0.08113783026544269,-0.061161187329502237,-0.055439653331826558,0.99658705289748428,-11.465528705384356,19.867977730750685,-1.3183188874806187,0.4422933786865602,0.4000796214265893,0.8915662650602409,1,5
-0.80221009215105543,0.59662966022090935,0.022181447105104869,-0.59305847006186085,-0.79202324656089174,-0.1448476026554405,-0.068852154206524949,-0.12935310375799208,0.98920531509353216,-14.085646865978694,-16.028242702801297,-1.7964385582140137,,0.1225192986396227,0.3571428571428572,0,1
-0.93878587086610787,-0.33659190190290367,-0.07339605054463165,0.34232899701946629,-0.93533634223375917,-0.089200811074892097,-0.038625722799840355,-0.10886605747503954,0.99330571077993479,1.6586253012151715,-8.5598038837400203,-0.76518525177128038,,0.1352659575914923,0.1886792452830189,0,5
-0.89570343164924771,-0.42018431088413771,-0.14546651648604078,0.43929820519519708,-0.88683829028545236,-0.14330015281168859,-0.06879280081549001,-0.19225761823760637,0.978930313549214,-8.6365244697533186,2.2782278428931111,-1.7832213028254598,,0.235888841029359,0.1764705882352941,0,5
0.92671859521806776,0.37572479424904387,0.004850181807388265,-0.36409512627095503,0.89469390461801657,0.25876158150912609,0.092883713872714158,-0.2415650968701411,0.96592904484301079,-12.772038852401815,7.8769911653048927,-2.2097914998230803,,0.5397514996174476,0.36,0,2
0.12572269386346011,0.99171375168972209,0.026412855907880454,-0.99110373610165858,0.12672830803713711,-0.040661040657830237,-0.043671369718019562,-0.021065864604621017,0.9988238287182637,-4.4816002421181409,19.342903340131407,-0.72062942259255569,,0.2423657283920904,0.410958904109589,0,5
0.91213394149333216,-0.39489324693857569,-0.10986808589462317,0.40691581739315191,0.9046189142103811,0.12682325342024042,0.049307102237934317,-0.16038685599244323,0.98582192412917957,-18.147636477369474,34.196466392004808,-1.317103019133786,,0.5825781752812407,0.3461538461538461,0,4
-0.53260125638034062,0.84570189685118347,-0.033529142016972227,-0.84453520487333911,-0.53363627384657675,-0.044638715983878779,-0.055643413191777236,0.004541904606311869,0.99844037461979551,-10.468247649690698,11.514169618581976,-1.7641630610170418,0.1575580123095279,0.0917979001056994,0.323943661971831,1,3
-0.44315512492511966,0.89500156846208367,0.050850051160369898,-0.89410906523129863,-0.4371964644616616,-0.097099077922688237,-0.064672364452019723,-0.088495445716904791,0.99397486958350811,-5.5166612793716112,7.6813158553332732,-1.2808497555934373,0.2072993040351573,0.250176146084602,0.1458333333333333,1,6
-0.90846846494663402,-0.39546049717189846,-0.13526286768385795,0.40977709286168973,-0.90646289758633514,-0.10201837807574948,-0.082266532462040368,-0.14810810401844826,0.98554360997407531,-4.2576758785839814,-8.3810927740046868,-1.3016858865457841,,0.1541884251421799,0.3863636363636364,0,7
0.090019071732547348,-0.94926629738141044,-0.30131389509977358,0.99573745697798377,0.091884872379117091,0.0080054355840400229,0.020086898601510344,-0.30075017353886963,0.95349139986730436,0.8108644105565096,-12.583650100179478,-0.75888831717612248,,0.08354554053931695,0.2068965517241379,0,5
-0.22250589479599794,0.97161095774096962,0.080394487240774776,-0.97222725470988647,-0.21499557619165571,-0.092471981796076852,-0.072562331690128698,-0.098737272677002913,0.99246443714825261,-10.814496809795953,13.991855594567111,-1.5690069829355402,0.4122076267305461,0.1596682308157868,0.2903225806451613,1,5
0.78999035515210503,0.61054916622880917,0.056079892866853033,-0.61311908721142083,0.78660804794374162,0.073025774950843017,0.00047293095256045173,-0.092073310614113377,0.99575211865648161,6.8210038646560189,-9.7635089886214885,-0.22044037633641358,,0.2792815445665792,0.1578947368421053,0,5
-0.44730253807149828,0.88035137989548073,0.1578033185675129,-0.89436748009843636,-0.44130742614406493,-0.073174901246770188,0.0052201510677113956,-0.17386547542920883,0.9847555770223424,-22.327859784858692,10.566130032737751,-2.5221283733109998,,0.2388486302817231,0.1875,0,2
-0.27148093844834426,-0.9560534757852428,-0.11072421369403392,0.96243971474970136,-0.27001311514200943,-0.028332192358170912,-0.0028098988805302532,-0.11425703081326627,0.99344724841232346,-7.3574674646363718,-6.3783862112206338,-1.5750780967230069,,0.07870881616651682,0.3977272727272727,0,4
-0.89222566328215547,0.45152363406335549,0.0077313428935827794,-0.44552435606414403,-0.87731630139616457,-0.17839326068599975,-0.073765940205130595,-0.16261154690480722,0.9839288952352595,-14.828117539283774,-9.6416772342791308,-1.954135898789924,,0.6675537319704032,0.2608695652173913,0,1
0.99668564048524866,-0.0076733638620688042,-0.080986749147935091,0.028382074589774271,0.96578530539689045,0.25778518522485949,0.076237732734458705,-0.25922936439854766,0.96280213166622897,2.8679236930808378,6.6569074236342356,-0.530909237523428,0.8516408923737553,0.5780252920525732,0.1538461538461539,1,1
-0.9424890013742192,-0.28711983653813961,-0.1711043008078397,0.32736278578172195,-0.89626649486822618,-0.29923231219548208,-0.067439519377424748,-0.3380363436717066,0.93871366325584416,-11.761341270313762,-5.8059511361955183,-1.8786398122965413,,0.4713619000854518,0.2209302325581395,0,1
-0.96286974873844022,0.2697543462939011,0.010697645531738194,-0.26666519615171025,-0.94417073226325254,-0.19347170723090959,-0.042089430095245017,-0.18914074387350552,0.98104753140774692,-5.3259584334270249,-6.3688678179933031,-1.4214723017804713,0.632025164330807,0.5198000088816082,0.3457446808510639,1,2
0.39859723937384156,-0.90887475029949849,-0.12274741965344499,0.91636214748757117,0.40014365689958442,0.012863455795249078,0.037425331201221691,-0.11760842704098254,0.9923545749748055,1.3771822335687169,19.550920764881713,-0.17510591544779824,0.3449541247886213,0.3058123874570591,0.7702702702702703,1,5
-0.91057953594995567,0.40938238583502928,-0.057017285775312981,-0.40653678513121622,-0.91195711568550364,-0.055335896900228866,-0.074650860975207373,-0.027208111264781416,0.9968384862338856,-13.563288968744915,-5.7154082737710334,-1.9847200789267307,,0.07526278384110502,0.1785714285714286,0,1
-0.91587949242003253,0.40113938124191817,-0.015873001646648812,-0.39440525568752494,-0.90647274043379256,-0.15083655106275703,-0.074894924063527185,-0.13188770855277121,0.98843127362615246,-12.25415589109639,-4.9122115249322986,-1.9357789750201342,,0.2814401503284645,0.1780821917808219,0,1
-0.90134416721353394,-0.38019065000652646,-0.20744580467620075,0.42379466509501779,-0.87299164636128124,-0.24142010525310845,-0.08931278781419387,-0.30551702903608358,0.94798869766565375,2.3235117833669152,-13.844412669115544,-0.60141349897492857,,0.5351395880033711,0.4523809523809524,0,5
-0.1698595760038962,-0.9467133999138192,-0.27364477496088602,0.98546695673421558,-0.16272490932771547,-0.048738907140911947,0.0016129552939433932,-0.27794665370877214,0.96059515721625188,-14.690707534442208,19.286034876107728,-1.575683091672661,0.2706610508224176,0.2559283583289375,0.475,1,5
-0.21679208609934697,-0.96913789072574019,-0.11735817042011489,0.97619440300907623,-0.21604696434834106,-0.019188453028303014,-0.0067586195666015595,-0.11872429387252663,0.99290425676699756,1.0572440032014516,-19.993656779931808,-0.53913261171726412,,0.1230636405325773,0.4705882352941176,0,3
-0.41700670599462092,0.90151027378257953,0.11569197647190183,-0.90736542650506646,-0.4055130953921659,-0.11066667180657123,-0.052852530107790396,-0.15112364384808735,0.98710093421659895,6.1268726555114892,27.621534637117463,0.47341960474716854,,0.3121846715732973,0.4090909090909091,0,5
-0.95489958582460377,0.29660575657271482,-0.013849410093098011,-0.29310726919561536,-0.94904277518058955,-0.11578402144602021,-0.047485889869396058,-0.10650275135155368,0.99317785628650612,-7.9023581107978522,-21.441550764676652,-1.2903282465873309,,0.1571042115950478,0.4583333333333333,0,2
-0.40454842056037416,0.9143056211422449,-0.019641959418558553,-0.91334981920013991,-0.40502367512667514,-0.041808257006869472,-0.046180982981933995,0.0010265157451656876,0.99893256182599566,-5.8890207379942243,-18.726109710082799,-1.1765207860763918,,0.1652026134250915,0.4705882352941176,0,5
-0.74208839859771158,-0.64901433073175985,-0.1675864170256319,0.66859213046783339,-0.73453460005864313,-0.11594604086889621,-0.047847379689659589,-0.19808917138878213,0.97901547916023213,4.3164878274175429,14.359027010964079,-0.062542991996573302,,0.2091660047938772,0.1764705882352941,0,3
-0.00047898083580860673,-0.98224061783963235,-0.18762499631812088,0.99994208366326309,-0.0024877427886416691,0.010470933816394329,-0.010751739232732403,-0.187609114389023,0.98218492164237392,-0.88543250204272028,-18.334690224740612,-0.78471049152161709,,0.2537319414184898,0.1052631578947368,0,3
0.96505054756640274,-0.24145660686500159,-0.10186337733958963,0.25021596953847064,0.96451749183288105,0.0842494898283217,0.077906413277153211,-0.10679286001250037,0.99122443261889048,-3.0298822761567106,-18.068232899477692,-0.96014921994461133,,0.104157388271289,0.2666666666666667,0,2
0.62053212353192821,-0.75608968710294522,-0.20801026109671839,0.780886949394892,0.62007748929095075,0.075627240722958539,0.071801503672927508,-0.2093616305133294,0.97519857041481839,-2.3086157966891259,-11.375898022288508,-1.0674178924171234,,0.1024062726459781,0.3181818181818182,0,4
0.58406316859100993,0.81144977321767442,0.020481226535840304,-0.81142575334742162,0.58300844573127464,0.041102299334346497,0.021411723424250038,-0.040625333856918085,0.99894500366587524,9.9679837616123912,6.739157100957601,0.21752483828814365,0.5504189011267072,0.6283562246736993,0.7664233576642335,1,5
0.06262735848367107,-0.95036376474598727,-0.30477291321111827,0.99802369727079721,0.05805954664590101,0.024037236305375201,-0.0051491412182772343,-0.30567597828600546,0.95212167428517658,6.8026672251957034,-4.7717229337057843,-0.28212266260328039,0.4617575846841386,0.2180354460268012,0.4333333333333333,1,5
-0.3132085890302555,-0.92500133946205065,-0.2151113705760079,0.94899791703806247,-0.3134581360060969,-0.033866656596154121,-0.036101706539928329,-0.21474757033548794,0.97600212490542748,-6.4437162744647791,-10.161704931842191,-1.3983531588288634,,0.1950068074866608,0.2592592592592592,0,5
-0.65059629188183321,0.75915652848903414,-0.020145228767301373,-0.75683395253869601,-0.65033833073193348,-0.065287241214933331,-0.062664449844094666,-0.027229043928877497,0.99766314249472809,-7.6883564840968104,-2.7328883811040652,-1.725839472598647,,0.1194973096241543,0.1565656565656566,0,3
0.82874023806275932,0.55895670493378935,0.027513993262381985,-0.55830300394053212,0.82238209436056275,0.10947806477149943,0.038566482943865138,-0.10609002255017011,0.99360834009615961,18.752285842148169,-2.5437331109310679,0.82404427197276975,,0.2071036095235298,0.1764705882352941,0,5
0.98609507714297062,-0.14215334406093186,-0.086075116071330476,0.14882811743160454,0.98587363669770045,0.076833351652879397,0.073937069837552896,-0.088575387307902112,0.99332155441583569,0.24387872051492471,-7.1396589571045563,-0.9355055224121378,0.468920925996347,0.2324817642453518,0.4225352112676056,1,5
-0.30364532300042518,-0.88909980533901756,-0.3424924144650332,0.95272619356756438,-0.28733015971764586,-0.098763249272647055,-0.010598014447360847,-0.35629049308500038,0.93431513239753361,-12.13452758864282,-8.1729738499866968,-1.802091820848241,,0.5593455365053457,0.3652173913043478,0,1
0.8975934488301871,-0.42459238180316927,-0.11852134800044077,0.43164869526723959,0.90111803902013909,0.04081278753758287,0.089472926023571681,-0.087792875947937415,0.99211239607292978,-32.922905619577122,4.5699807640059689,-3.2436057129436775,0.8213389424354968,0.8587040968421922,0.9102564102564102,1,2
-0.9385210887883384,0.33995157668003823,-0.06009235735356902,-0.33695564194098809,-0.93992749457014602,-0.054746692276569697,-0.075093683247590706,-0.031132466395147194,0.99669037733514143,-8.3122464242533614,12.997755466124923,-1.4224998177633035,0.4293822610935663,0.3824341233913102,0.8366533864541833,1,5
-0.96075017583779732,-0.26366984187529002,-0.086239863828165814,0.26871185911471712,-0.96175615292591299,-0.053094623835753592,-0.068942268593030168,-0.074184343325308461,0.99485860643944724,-1.0959031927279175,-16.964143734614652,-0.81885081129431381,0.2240872787875629,0.09495301922032721,0.3043478260869565,1,5
-0.97632693112767643,-0.18512219539655594,-0.11187267908821071,0.20384815041135049,-0.96044773082123736,-0.18969999455510803,-0.072330181312408093,-0.20801425223261982,0.97544780267291564,6.5807397769865092,9.0615325548628771,-0.035478391276351669,,0.1055207102201507,0.25,0,5
0.56831197903748076,0.82231225491955484,-0.028706269204136263,-0.82198431232399083,0.56895942933884802,0.025039130569358036,0.036922686464546647,0.0093660651038995242,0.99927423265523652,16.568668198838349,-10.688580995366259,0.78453254967049324,0.4147647894353241,0.4166901105560251,0.9090909090909091,1,5
-0.94821786549821407,-0.29247073431895593,-0.12386988785391251,0.31025742084303559,-0.93638164615518482,-0.16410285054054582,-0.06799420829627742,-0.19403680658739986,0.97863502151084181,0.26212979096197375,-9.3585318888332001,-0.88021524952475794,,0.079254545903437,0.2307692307692308,0,5
-0.96351419272359451,0.26177558601527035,-0.055802714867320274,-0.25039174292252619,-0.95522156997429719,-0.15765699265195829,-0.094574708545261149,-0.13793221096684408,0.98591598510287815,12.702349130020153,23.711977174041273,0.97603714659674679,,0.4158695820440723,0.2068965517241379,0,3
0.83557926952288308,0.54904133339473626,0.018997330542365156,-0.54602278385836112,0.82618030413464871,0.13887125176776152,0.060550836915530121,-0.12641091441845423,0.99012821233652348,1.682963358586516,13.839151379238709,-0.35045258390149747,0.2478369715861413,0.2194576876801073,0.3125,1,5
-0.60998181784048389,0.7908234880915147,-0.050203511697771763,-0.79043043999207774,-0.6117129963505773,-0.032045742770733431,-0.056052666644400076,0.02013506341107664,0.99822476315882036,-16.665734355256483,15.034508366764721,-1.9158051409235886,0.2938468187263085,0.2539187468740893,0.8648648648648649,1,5
0.72910766221779255,0.68314048587749754,0.041486063326893398,-0.68182183442505151,0.71977089214961898,0.13057124076687202,0.059338040046534972,-0.12348659590902686,0.9905705717586395,-5.2387294294338966,2.4847442635634196,-1.4761699226974763,,0.2630929710017237,0.125,0,3
-0.051001951226506269,0.99389934936624813,0.097790001024847126,-0.99697440559925743,-0.044918049054138098,-0.063438186048931616,-0.058658635775969796,-0.1007295994160633,0.99318312120695207,-8.4469371770266708,4.8511941560156515,-1.6925071742302598,,0.130879948845952,0.1326530612244898,0,5
0.48755221700134377,0.85961422169022061,0.15282743721266578,-0.87308409942956822,0.48084599535926104,0.080692527970200045,-0.0041220165374094139,-0.17277302629426317,0.9849530396748809,-24.233422309531452,2.5553433125292511,-2.6529996585153603,,0.4063247323750788,0.3928571428571428,0,2
0.75570009965834073,0.65252787112670141,-0.055899345069763712,-0.65312820440156316,0.75719046558413683,0.0092815647208498893,0.048382930787243594,0.02949535948810655,0.99839326709323484,0.49870457195050366,-0.8806264163532308,-0.91542955476477617,,0.07556252557969186,0.1758241758241758,0,5
-0.93494233824073847,0.35084924163764036,-0.052798047380872355,-0.34632587954555732,-0.93478017199576302,-0.079021612237204372,-0.077079240538139152,-0.055595320719136213,0.99547373194484623,-5.7337141095360478,-3.5828513225530561,-1.5200034258738779,0.2656322099913911,0.2351361756605771,0.6201044386422977,1,4
-0.8668164481664139,0.49751207858925556,-0.033331319295240955,-0.49333438128159302,-0.86541086671677125,-0.087665386635971856,-0.072459874645701,-0.059546313289111634,0.99559218716299935,-16.220148641109173,29.620243264452863,-1.319866973637142,,0.1332559611512242,0.375,0,1
0.99409505833903866,0.032550639086752611,-0.10351555864191279,-0.0022931079365373186,0.96003699591315528,0.27986373136588277,0.10848850926201672,-0.27797378001007156,0.95444267558875284,-6.1648109458650078,-15.58436406132622,-1.2756093649413061,,0.2309531177026679,0.2307692307692308,0,3
-0.84354126939146634,0.53358571884400652,-0.061027923765748733,-0.53212148721178332,-0.8457455579587162,-0.039511694985399116,-0.072696971607854474,-0.00085547578811447707,0.99735370780893107,-0.0030677599155055791,9.9818244028947909,-0.64936668211905368,0.203168446200703,0.1540863864029534,0.5793650793650794,1,5
-0.61923632152524177,0.78480907936622346,0.024921618090105024,-0.78304714132422271,-0.61487246683202612,-0.093643066993035692,-0.058168312403325373,-0.077501990143740027,0.99529387065123121,-24.590488635454879,4.6724116555248534,-2.7021741245898143,,0.09279062176343343,0.4090909090909091,0,2
-0.72996588786761596,-0.67259121366782226,-0.12153543453037964,0.68200869611172732,-0.72845802757613931,-0.064907938558089906,-0.044876953747147265,-0.13026880423464926,0.99046256752370498,0.82194101529178931,29.303207506914983,0.094590878714418847,0.233467851070184,0.2504686646615562,0.7878787878787878,1,5
-0.99729144153036098,0.015389903218154739,-0.071923094547090449,0.00052400887317260482,-0.97635268255765384,-0.21618317389929562,-0.073549344422603219,-0.21563531747236603,0.97370010978411448,9.6815737881320931,13.124025076839519,0.39259505113692161,0.4350308477608588,0.4925790609745562,0.4166666666666667,1,3
-0.45713557441023112,0.8890385649009388,0.025248697540799548,-0.88633486333197953,-0.45302436996517803,-0.095809343280985171,-0.073739925758766436,-0.066176660058755263,0.995079430504198,-8.4350640536123951,16.926822315817542,-1.1922772479550487,0.3103268862595449,0.276905609892787,0.3571428571428572,1,4
0.17598818759881746,0.96728327289757188,0.18273266757272646,-0.98439216852426126,0.17284172906090828,0.033132993274637076,0.00046515995640198976,-0.18571162232826641,0.98260418122376114,-8.3348818513935381,-5.5464036517326027,-1.6632057153875113,,0.378619880339783,0.3013698630136986,0,1
0.65145842874008286,0.75688752923167357,-0.052184132809453256,-0.75762098920090171,0.6526450496873748,0.0080545540416996561,0.04015410745800322,0.034288587199481468,0.99860499720465778,-3.2565807782386456,-2.680268061606101,-1.3370648621826577,0.4986429854358096,0.3895557336825708,0.9041633935585232,1,5
-0.98029821249809057,-0.18219011606540442,-0.076303185917250382,0.18564915692451622,-0.98176273815064252,-0.040942844456244444,-0.067452243152206326,-0.054301819371235946,0.99624369875382845,11.28793058582961,-2.6206804584408312,0.10841909914230152,0.6624430538838417,0.5423716201463306,0.8571428571428571,1,5
0.88366681016137927,-0.44251177703409439,-0.15269674458003843,0.46396328390738467,0.87127637440082029,0.16004858823756385,0.062217680807701507,-0.21227530849604181,0.97522723177617521,-4.0298932253723061,-12.884254457092245,-1.1686764930878388,,0.2007195430009125,0.2926829268292683,0,5
-0.036032753207132902,-0.97905222690700111,-0.2003955530563398,0.99928918846526604,-0.037521899605950045,0.0036366009392249429,-0.011079644071179087,-0.20012207284156189,0.97970832263937258,-9.5520066983223852,0.36448052458595653,-1.8942349371540743,0.7042779392169236,0.4098108104642303,0.5476190476190477,1,4
0.60714334373631429,0.77011127793792422,0.19571811298268893,-0.7937860140351275,0.57674686775296558,0.19304614593243483,0.035787205519731594,-0.27256498331583245,0.96147158345482475,-4.9486625712896846,-13.2754715157765,-1.2209760000716154,,0.08491184813477445,0.125,0,1
0.99053149559295317,0.11862738244464077,-0.06910065392398318,-0.11555131925566532,0.99219158531584539,0.04694412260023921,0.074129945748425061,-0.038514960246168441,0.99650456545897137,-8.5108869405000007,-11.347672998062716,-1.5150441705695026,0.4263627593399528,0.2857578543430405,0.8264462809917356,1,5
0.89749984237593317,-0.4249951937885279,-0.11778420179220783,0.43488011472202098,0.89725943036976119,0.076189240919527251,0.073302924597438063,-0.11960183890385463,0.99011215595824265,-0.2016574122709916,-14.710441034958103,-0.80308326355224813,,0.08887430517643649,0.2758620689655172,0,5
0.89264787774764209,-0.43392728212211706,-0.12201180345665477,0.44837769466959204,0.88255407419396037,0.1416183217187143,0.046229960798326038,-0.18112266548876724,0.98237333573892949,2.915636122836514,-17.250544573955171,-0.42311937547066147,,0.3418492131435909,0.5789473684210527,0,5
0.72093396243236307,-0.67545223826491396,-0.15497901675546796,0.69093916806572597,0.71783122727730708,0.085565151657662514,0.053453604595162886,-0.16876789673535186,0.98420531861360672,-1.6297722036233471,-14.28760436552184,-0.92358095288760167,,0.2673867796435689,0.2941176470588235,0,5
-0.94460376751628539,0.32812108509058685,0.0077637563727826391,-0.32175876189236957,-0.92110147892356764,-0.2191879665271475,-0.064768985938714496,-0.20954383561391754,0.9756517613455522,-9.7353548892182609,-9.8000919670411584,-1.6405744995091383,,0.5424266337988701,0.2845528455284553,0,3
0.35527997028357405,-0.91578105077048144,-0.18740653607870131,0.93389610189506223,0.35636206755042837,0.029054219597037748,0.040177276917578358,-0.18534061578860328,0.98185265827342516,-8.4721095721425019,-13.180959776919225,-1.4657807292035365,,0.1642191805805548,0.4320987654320987,0,5
-0.10224266719169187,0.99327530581840751,-0.054319461124700097,-0.99456140348851207,-0.10315946443061039,-0.014343625390744187,-0.019850735414319531,0.052557508975773215,0.99842058099468878,-23.231216634460552,12.268755867229329,-2.5026304270572144,0.3977262240278018,0.4147004564048288,0.8448275862068966,1,5
0.01466999304434141,0.99340488311098496,0.11371688315870046,-0.99976424251000573,0.016393695862258643,-0.014237490451980698,-0.016007832535151381,-0.11348120966585762,0.99341117587346506,-6.9706072513864568,15.656055376031787,-1.1840339370280129,,0.1161476954461006,0.2352941176470588,0,5
-0.70093455439856889,0.71318805694589238,0.0073175050272129283,-0.71038991147205022,-0.69719701697425862,-0.096241847451764034,-0.063536793504339523,-0.072657518206575331,0.99533108105757917,1.7023606455973443,2.8089644809429091,-0.7485164461862045,,0.07282249377045094,0.1538461538461539,0,5
-0.5943241081547882,0.80410231268820753,-0.01408279785737962,-0.80222779417445245,-0.59399032820496545,-0.06005044756660121,-0.056651749487615082,-0.024391816833385802,0.99809599666142279,-13.533570403624514,9.2347128123328854,-2.1954821313737627,0.7233170691636848,0.6105082056575655,0.9399656946826758,1,5
0.86551362584779701,-0.49172331812246328,-0.095364258957076911,0.49749211701520785,0.86604975884594571,0.049592425939893499,0.058204441235391834,-0.090365887465968353,0.99420634146185283,-24.898756857908673,7.5289038211633432,-2.7093540972130872,0.3224073635591026,0.1964450637490841,0.7121212121212122,1,5
0.99698013286392251,-0.034143067025901024,-0.069748588865299568,0.040601556844233652,0.99480202717542432,0.093383297807962673,0.06619764539966827,-0.095933193951473469,0.99318411890334268,9.7358358618419167,-1.8426426843144985,-0.0027946671831734615,,0.1589144814538404,0.4181818181818182,0,4
0.40624333416966779,-0.89462006509477432,-0.18606797836418335,0.91275678005753724,0.40685570903338825,0.036653683115560345,0.042911698890963121,-0.18472512324197121,0.98185294975445814,10.966242978689918,18.977697608594266,0.68186324704992274,,0.2063822346850339,0.5,0,1
0.90548890193997267,-0.39021929875705119,-0.16678953007038136,0.41788694851489305,0.88833786034678008,0.19033219416435126,0.073894158933263426,-0.24204285726304867,0.96744762572631604,-8.8419663235634012,25.525242779779052,-0.79212110196052232,,0.1706462015308392,0.5,0,3
0.98704769742971232,-0.13526321311126202,-0.086259528039066391,0.14657652254335496,0.97892658318493531,0.14219025203215147,0.065208634687459341,-0.15299218252148278,0.98607364129131492,-6.6981362368810853,-14.23872515278137,-1.3238163835234149,,0.2169345935651145,0.1428571428571428,0,4
-0.97880863451387023,0.19116106082277923,-0.07342415015649556,-0.186940158591999,-0.98049651022067807,-0.060662760823016915,-0.083588480705729329,-0.045651311812280632,0.99545412934154187,-13.358841634909124,1.6242643755022814,-2.0816874714235842,,0.07900230344892586,0.3526570048309179,0,5
-0.71355734981565433,-0.67008065502834713,-0.20451851818562516,0.70004723624965537,-0.69350182916686109,-0.17026179830319907,-0.027744829126915001,-0.26466418098979966,0.9639414379295661,17.542792224422548,-4.2400354571936809,0.78647578373253446,,0.4307931658706981,0.125,0,3
0.8793625737218661,-0.46652421452322868,-0.095271303133419985,0.47134855879164528,0.88123857614523471,0.035342722568558631,0.067468511635386849,-0.075985058906365061,0.99482373853899464,-38.918888117307212,9.1159764269920007,-3.7103452524624894,0.3250636487662764,0.3274712355990177,0.90625,1,2
0.9501420987027358,0.30793767622146878,-0.04903447599478214,-0.30367965378104333,0.94952426843239091,0.078627803844179237,0.070771888149085124,-0.0598168138674652,0.99569738807860642,-3.8557175319686743,27.764198478373981,-0.33153308199905984,0.2903469555531248,0.2450232422427503,0.4210526315789473,1,5
0.49438718743579635,0.86901912194848185,-0.019674211222094822,-0.86861522977792471,0.49476348967766004,0.026770728040646383,0.032998355976703149,0.0038542145597555075,0.99944797440034949,-6.5135121014692725,26.735430362024648,-0.56220751735258534,,0.1189658153856571,0.3333333333333333,0,5
-0.49619833902475013,0.8667358127785163,-0.05055926419801076,-0.86665518420863097,-0.49795229807450581,-0.030859366918689419,-0.051923020264456263,0.02850508181857081,0.99824418870190967,-5.5331618927714032,-12.581795250717169,-1.2775085994665947,0.6007248955925102,0.4692440560510491,0.9650537634408602,1,5
-0.74264608094118501,0.66968351039062135,-0.00089127638483893154,-0.66628234151209242,-0.73900701766660204,-0.099681840014510512,-0.067413944046190138,-0.073434486111157493,0.99501896283323565,-6.2997223001867022,-11.800599437475338,-1.3365268657311766,,0.07367435349743361,0.2647058823529412,0,4
-0.6284891344073017,-0.7542443370142925,-0.19004443694523526,0.77669033688911038,-0.62171104073074501,-0.10113111497741155,-0.041875153910656666,-0.21116548466869481,0.97655292205266309,9.497240036045941,-19.738581630381823,0.20917486510769662,0.3638485730994644,0.2254627077206601,0.2777777777777778,1,5
0.2536417885896291,0.96404721878287114,0.079238898516237569,-0.96727650610686489,0.2522347873738503,0.027454922548896508,0.0064810350061815141,-0.083609640565434545,0.9964775081203634,13.346924325933438,-4.6779395629211935,0.3562117484741259,,0.07621738693600937,0.3571428571428572,0,3
0.94213094492076577,-0.32368795385137289,-0.087266208547276167,0.3268995684533586,0.94472722986419155,0.025042629617095725,0.074336765921803508,-0.052120722219120529,0.9958702101918927,-3.2578925910259962,11.028629880095909,-0.89932224574528608,0.1529305286568493,0.1184952891917234,0.4133333333333333,1,5
0.2830694112466679,-0.91532032812712305,-0.28646187413636703,0.95909634165716662,0.26939010391226426,0.086966541462666899,-0.0024322492271914619,-0.29936210319844164,0.95413647626128495,-7.8347117676423439,-12.582318186981309,-1.4311737446785151,,0.3223097116086435,0.1290322580645161,0,3
0.062742015626417499,0.9939171935404596,0.090509954479010155,-0.99799037727330098,0.063286847168646798,-0.0031594058535952727,-0.0088682774556150049,-0.090129836126060181,0.99589053931386518,-2.9458675014610405,-19.369952197532285,-0.91674144123982926,,0.3923031611405662,0.1666666666666667,0,4
0.45338103541719671,0.88972775851993469,0.053199177090672553,-0.89069892844773635,0.45003701192536921,0.064203635094446015,0.033182157646638406,-0.076493160585631173,0.99651780756669672,-3.7530436654722097,1.3901033647724683,-1.36206697930194,,0.2996962356736834,0.3198529411764706,0,4
0.99491724318249908,0.087830955844937234,-0.049248374729560639,-0.077263600570185317,0.97950728656032549,0.18599949355350856,0.064575655204336835,-0.18124899660576196,0.98131482511186874,16.932091318505336,-1.9834355853413312,0.63569509490357434,0.319850528194899,0.2965071433050432,0.2368421052631579,1,5
0.84662101310079818,-0.5123333322044924,-0.14403963651862811,0.52744562290252761,0.84382993710000409,0.098752985447360636,0.070950511324033461,-0.15957942839239439,0.98463212977071501,-6.5628236737879471,-2.2657667740931777,-1.6537041495252669,0.6247606242864816,0.5826497382482803,0.9189465609818461,1,4
0.49596743905541835,0.86600322447982314,0.063676640829736744,-0.86781109312125582,0.49176841278026223,0.071188024605777181,0.030334898260933534,-0.090566237539884825,0.99542832517734214,0.85780420883642727,-21.773324966471073,-0.54391027092871791,,0.2393885160058464,0.2777777777777778,0,2
-0.0064356011934942631,0.99948622684832555,0.031398493240542842,-0.99931448424768321,-0.0052833955921521378,-0.036642152008356355,-0.036457435593647572,-0.031612783356024639,0.99883506512257603,3.5517088169193194,-9.3056275350880568,-0.56972411364695608,0.4582807523324233,0.4825348390800633,0.4615384615384616,1,4
-0.94520991676924815,0.32617963112568221,0.013603730362831166,-0.31746565464971593,-0.90864535810104263,-0.27125480884079267,-0.076116827041712451,-0.26071145245297839,0.96241143343216784,-30.792971268299738,12.288689514456394,-3.0351847432733363,,0.3014320996805335,0.4827586206896552,0,1
-0.961349136258559,-0.24714085891230492,-0.12136405592683389,0.27033360414689106,-0.93086133303910212,-0.24579853767184801,-0.052226245163475599,-0.26910699453703379,0.96169321761535287,-11.824808336877746,-15.968359988710311,-1.6587748846861106,,0.5188253233527801,0.1111111111111111,0,3
0.37198615801124535,-0.84791782574549379,-0.37770578368760344,0.92735450679623876,0.3572266106441499,0.11136771243227057,0.040495888343594806,-0.39169440821988594,0.91920377153084831,-5.7245807495910306,17.036370200662045,-0.97750810667536625,,0.1442479075650643,0.3636363636363636,0,1
-0.96905265597562962,-0.23266268349157646,-0.082492579406136649,0.2404236923783194,-0.96532839789861724,-0.10167365614388352,-0.05597676383781458,-0.11836029706361824,0.99139166931604716,22.198166977723631,18.200001757290423,1.7378968111540454,,0.2315561585678729,0.2222222222222222,0,4
-0.35693128909138244,-0.91077730911362842,-0.20756865869225297,0.93401312025005057,-0.3514887957306006,-0.063836648381749656,-0.014817087039193245,-0.21665714776944034,0.97613530529946657,-23.738703618138594,8.9622640073569144,-2.633272529115791,,0.08864185613798235,0.2083333333333333,0,2
-0.84069230864598843,-0.52187090452833063,-0.14452405055997333,0.53779509824242944,-0.83585648137862611,-0.11009257397190295,-0.063347253215076768,-0.17027830614651293,0.98335772939758836,-17.38306671289012,14.337905968807609,-2.0243719897372121,,0.1290915191737349,0.4166666666666667,0,5
0.96959378639946336,0.24042488673796933,-0.045648255307139951,-0.23381773777249446,0.96519459733814439,0.11716934228802893,0.072229875249125497,-0.10293329444980805,0.99206228736667756,-12.565079129392807,22.769246716244616,-1.2457872129800451,,0.4301836211139685,0.5263157894736842,0,6
-0.1532153567551317,0.98804202962832721,0.017262738552556965,-0.98701647061585385,-0.15215749464638156,-0.05144495656485544,-0.048203124249588329,-0.024920764652645637,0.99852662172908879,0.41555575312150217,1.7266417099889895,-0.89831071085892322,0.3368192967306841,0.2485126614246211,0.3299492385786802,1,5
0.99608388588966235,0.063760841820695385,-0.061249059758221147,-0.061165232925497109,0.99718545669898395,0.043358727255398903,0.063841260577463255,-0.039442616525208495,0.99718031140287056,-21.724494478434867,14.417340939572872,-2.3041361016786857,,0.1067605365531121,0.5263157894736842,0,4
0.49815516079429584,0.86626642142421573,0.037734902767781783,-0.86685582709191367,0.49654317962155603,0.044786669982375529,0.020060179730115164,-0.055021431135509752,0.99828364271132741,-21.819576913378011,6.9957720551883966,-2.5153756952289203,0.1870427194197253,0.2414671635437541,0.6805555555555556,1,5
0.99697571694118037,-0.0084902650832617745,-0.07724852897263125,0.019664575354373326,0.9892262118336016,0.14506828150038115,0.07518460152020276,-0.14614861347326435,0.98640146921732164,9.5230468143837399,-5.4253602471479558,-0.0099160886023221591,0.4669896610259213,0.5461470942989228,0.6911764705882353,1,5
-0.179142011003907,0.97113778294822295,0.15747871736805158,-0.98107257863355157,-0.16437654318232756,-0.10235696119337755,-0.073516905176906858,-0.1728344831966091,0.98220339343303609,13.338523265151144,16.379137378742122,0.82553431740085981,,0.1371533200802275,0.2777777777777778,0,2
0.91091681053591178,0.40847434377229552,0.058131529851489949,-0.4075988452932835,0.86907125241553729,0.28031828256550007,0.063982385065453909,-0.2790409803320692,0.95814528423233081,3.3727508206527763,3.0917010512216883,-0.57019022179221779,,0.4312500779572125,0.125,1,1
-0.60095363582732331,0.79926469755275453,0.0055381252987748483,-0.79716299958597869,-0.59884020443641561,-0.076951683812875621,-0.058188312202760412,-0.050659182745636563,0.99701944189997549,3.6051821444173537,4.2371683957835424,-0.5251597893847415,,0.08222072078024119,0.3571428571428572,0,2
-0.45151500563135727,0.88653140354385995,0.10097658253411558,-0.89133859161005857,-0.44299775978438116,-0.096273048838271383,-0.040616681256743441,-0.1334730510499155,0.99021978865659643,20.731482937328636,-7.1177111369775048,1.1653505921313909,,0.2477451901595269,0.3,0,4
-0.98505137889522687,-0.15172035272830162,-0.081576439641675144,0.15647095889440085,-0.98612994793667375,-0.055358511586563013,-0.072045957272277195,-0.067295321905855424,0.99512849406009285,2.0218204428683704,24.281437466350503,0.059592495909643814,0.1526738021687041,0.1757579230880284,0.4375,1,5
