axis_00,axis_01,axis_02,axis_10,axis_11,axis_12,axis_20,axis_21,axis_22,location_x,location_y,location_z,dbh,dbh_approximation,score,reconstructed,number_clusters
-0.93635554054679537,-0.35085306136632705,0.011850359369829755,0.35105141023737962,-0.9359230383581606,0.028477598929249462,0.0010995715823575447,0.030825242907470726,0.99952418447080571,4.7660266643020375,8.3023091818487895,-1.5218222723517383,0.3719323205469275,0.2595414496786881,0.7176470588235294,1,3
-0.89539372717955767,-0.44527372227831608,0.0011771048867193141,0.44520766615301482,-0.89520857338108439,0.019792527468489033,-0.0077593379928300255,0.01824616105974779,0.99980341581757748,9.1781737446928702,22.758347124160409,-2.3848337607314183,,0.1148258483219903,0.6,0,2
0.86367405935090202,-0.50405044438528745,-0.00051838145063067128,0.50192208243452374,0.85993185501298219,0.092689955758550227,-0.046274640667704724,-0.080314097448238586,0.9956948846821243,9.8757562178593687,14.448940007098578,-1.8720642480712244,,0.2389503821374485,0.5555555555555556,0,2
-0.43416518614096489,0.89220237591157747,0.12440060916618145,-0.89860375199627096,-0.43865094686138756,0.0098307535739563801,0.063339466696564053,-0.10751868319200963,0.99218337252911581,13.602669110596089,-5.6610196865859743,-0.67065607085693768,0.2678462386066985,0.1718471366154959,0.32,1,5
-0.51628816422923574,-0.84430344588314699,-0.14352080945510867,0.8509679487382984,-0.5246202923148624,0.025041947040940898,-0.096436931187894467,-0.10920274795678094,0.98933041909250363,-23.276066269545726,-25.823237829098066,2.0019337273099769,,0.3979414435288197,0.4,0,2
0.27293426750184541,0.94120605594490392,0.19909305833170268,-0.96163342574360122,0.27287648876325127,0.028276781515340889,-0.027713536689822404,-0.199172242375485,0.97957254848799424,23.346387933552453,-12.339371016169537,-0.19799929277853892,,0.4991121874163886,0.2571428571428571,0,2
0.98304762467280382,0.18032700992968742,0.033159268915011093,-0.18297676338698765,0.97640707028054174,0.1146679430642778,-0.011699217306381751,-0.11879142475780199,0.99285030378120454,13.498337371927681,-4.6549153002919716,-0.76498766281767328,,0.08407180586992076,0.2222222222222222,0,4
-0.85624871407583891,-0.51654088496901585,-0.0048635171325379532,0.51632052505546766,-0.85609647113572662,0.022626257211542294,-0.015851026778060519,0.016862569922244025,0.99973216347464722,-8.6061413831926714,9.7628481417736346,-1.4258931861351836,,0.07475979176924968,0.3478260869565217,0,3
0.99342093544593224,0.10986838953980227,0.032307615165146263,-0.1138268195546166,0.97829427266828339,0.1731582259510516,-0.012581739458822308,-0.17569647988609485,0.98436398084642729,1.8080849474407752,2.2281010266321792,-1.1789912792597794,0.5434507769592979,0.8399583346831117,0.4232804232804233,1,1
-0.99449419638692826,0.1013584202388943,0.026603834298732757,-0.10255129386451606,-0.99356201439556502,-0.04814307506736426,0.021552853162224186,-0.050606266379806156,0.99848609420645651,21.168251276049105,-4.3229976809414277,-0.93960707835206003,,0.3188856242650297,0.4,0,4
0.56221719287957772,0.81221056722080198,0.15564646647280686,-0.82532557505512794,0.53912530515534296,0.16787376358764494,0.052435896011509067,-0.22284052556934375,0.97344366913214253,-2.362647843672498,9.033073519326388,-1.4945322085342745,,0.5011793441413629,0.3481481481481482,0,5
0.99070363523216698,-0.1356526569677286,0.010230532506487935,0.13339861453317767,0.98347367631574667,0.12241052910031729,-0.026666772928106909,-0.11990781730807508,0.99242682277839245,4.2418608806959321,13.242089006583383,-1.7693921076844776,0.1312642233373821,0.1480460064031527,0.3809523809523809,1,5
-0.47220127188028671,0.83431823780800185,0.28449786799832083,-0.87720438536334833,-0.47654790425295096,-0.058434247247919201,0.086824104567511426,-0.27715550330648447,0.95689414349392843,-14.534514884141046,15.784168543947004,-1.5688188085203543,,0.4994638403358536,0.3333333333333333,0,3
0.22095900330855028,-0.97510082694705114,-0.018854605380926343,0.97293408764288525,0.21904465524135644,0.073611820468611824,-0.067648946476644378,-0.034609482766630596,0.99710872212774626,3.3541378861240281,7.1445178857606768,-1.458511715934093,0.1471948953600303,0.1292070241223486,0.4361702127659575,1,4
-0.21127599204348221,0.95535802952682325,0.20652721516707898,-0.9751259717535995,-0.2205081068348923,0.022483639200335345,0.067020850469399443,-0.19663979820656388,0.97818249594011886,-7.1519951510078483,16.41358942341828,-1.7177392317621134,,0.2368547656968839,0.1538461538461539,0,1
0.95187918990929843,-0.29721212339043318,-0.074772732512378356,0.30402613544332152,0.88497100923991523,0.35269593387546272,-0.038653806863192391,-0.35845678472395448,0.93274574064980165,-11.263045657851746,7.6564584429799387,-1.2741643873747539,,0.4603461349788178,0.175,0,1
-0.55930173055966093,-0.82769441115157305,-0.045864321006859811,0.82813417237003828,-0.56036111447277837,0.01375550580016678,-0.037085937307302301,-0.030288333319572834,0.99885296721727845,8.8881658951789504,1.699119077624643,-1.1692275196116932,0.2325866520676768,0.113703285802574,0.4102564102564102,1,5
-0.93230162975566333,-0.3588182768044606,-0.045421529983168944,0.36155968518828963,-0.92787061120927339,-0.091272793869119503,-0.0093949561722971014,-0.10151636855801781,0.99478950623401385,-1.0387612425415838,5.9733561357650631,-1.3626873959677954,,0.1006176327710794,0.2448979591836735,0,5
0.94170073759751494,-0.33640573959595166,0.0055587026541998874,0.33225619901343323,0.93243202473038855,0.14204343516803056,-0.052967339233180699,-0.1319154942532888,0.98984481781260436,29.517329477174357,-4.4801748698015516,-0.99104994828623405,0.610780809160076,0.4732827378426733,0.3214285714285715,1,5
-0.93067023746963906,0.36449563298312287,0.031556974259886128,-0.36343414844687055,-0.9309706401761072,0.034774802268139192,0.042053880093335452,0.020894991417147308,0.99889682675578328,4.8210411080125439,-4.3440751741421577,-0.67419787745554449,,0.07206321197454797,0.28125,0,1
-0.40500877225540621,-0.89764814325025977,-0.17376911496445943,0.91279946940584256,-0.40789908228576593,-0.020383015548351993,-0.052583486462793309,-0.16687165604078205,0.9845754553926408,3.8794986574899175,16.444460768997001,-1.9070752260273391,,0.197917363608644,0.3076923076923077,0,7
-0.60245740082837373,-0.79759817707207814,-0.029702325134890333,0.7972583045199253,-0.60312632254269716,0.02485628552574097,-0.037739582153687994,-0.008705572205256383,0.99924968699091643,10.769105045779478,13.040105894084011,-1.8105474941859943,0.8300642666407811,0.5536399426266686,0.796875,1,4
0.21162982967351263,-0.97484832527298748,-0.069882457775983647,0.97561717842316742,0.20645814244093749,0.074472522351907544,-0.058171611271975357,-0.083939133497372337,0.99477147401286725,-23.388411827208145,-31.124693811517933,2.4222340469135206,,0.2767402594751636,0.6,0,2
0.77259727467264372,-0.62785453685687631,-0.094298100281187958,0.63331216054561312,0.75163577421167316,0.18428068328033276,-0.044823637441101294,-0.20209488730162367,0.97833966394759464,-4.7383813581778833,8.7127549498167838,-1.4462890561890165,,0.4243222602500842,0.7808988764044944,0,3
-0.99972270727929191,-0.013583321262777791,0.019235434324092093,0.01319419795367263,-0.99970861239238273,-0.020213941942556147,0.019504401824295768,-0.019954540635401689,0.9996106215009456,-0.77663454721539005,12.828703721270227,-1.7050174496992201,,0.09462593250589882,0.3939393939393939,0,5
0.76280436417084529,-0.6466282514888545,0.0011859082514191139,0.6400352301609471,0.75528551853920922,0.14106271526446476,-0.092110836250343928,-0.10684423176487616,0.9899999515069875,9.6583443183909843,-5.1214097908724634,-0.66144625446455174,,0.1308183588348698,0.2162162162162162,0,7
-0.4133112313981564,-0.8943595043821424,-0.17115753831329872,0.90925441032640919,-0.41552501391202629,-0.024400412197010814,-0.04929749792954307,-0.16571071098374732,0.98494147895351991,7.4848113989439167,10.869525648662348,-1.6645128044452027,0.2462762985744163,0.1400362215228702,0.1875,1,5
-0.65816010701701622,-0.71583699052718164,-0.23324381347495074,0.75209022114679591,-0.63929290403816685,-0.16020262826124584,-0.034432147576262694,-0.28085937021832658,0.95913108664762359,-9.1049290229594408,7.5583505142463281,-1.3123181900695804,,0.1648395351906038,0.2058823529411765,0,2
-0.36363773874704519,-0.91541100799359365,-0.17259861356073655,0.93005443800118104,-0.36723270880749825,-0.011784733183836871,-0.052595981911576252,-0.16481148026172154,0.98492174240428709,6.3030496136688976,-3.7174094451549471,-0.75905592082354212,,0.0762571266388844,0.3333333333333333,0,1
-0.027934035935086639,-0.99941511743203271,-0.019725939386831863,0.99789591792500087,-0.029035779409914041,0.05797120408166493,-0.058510055759642896,-0.018065064693338045,0.99812335250340078,1.122089297792539,13.348042589669296,-1.7486970719859793,,0.08455848467433018,0.5217391304347826,0,5
-0.97382397883284477,0.22610213110361985,0.023338478111676452,-0.22466892637339431,-0.97303711579975316,0.052178968927383475,0.034506981502212264,0.045569700311720633,0.99836499870593742,5.3534614039863264,-5.1222080015496836,-0.60245185669792545,,0.086362717941864,0.3243243243243243,0,2
0.59460362308624337,-0.80191803713349108,-0.058086083812565005,0.80161970397001892,0.58570311577732381,0.11982366367188689,-0.062067556901581111,-0.11781053386137755,0.99109449422926632,-7.5760120081563826,10.118551857197177,-1.4554532774259616,,0.1118428196927259,0.1111111111111111,0,2
-0.60663738561184088,0.78350540231853438,0.13457476329424908,-0.79350058650122501,-0.60708859841889218,-0.042429387127297179,0.048455150399557979,-0.13252440608226629,0.9899946364462282,0.16623229401761971,16.482193214039086,-1.8484354441478579,,0.520728513539097,0.2142857142857143,0,5
0.30936822232679573,0.94869021399123643,0.065407804516130069,-0.94935472525614839,0.30414742952862472,0.078866638986033438,0.054926393001737912,-0.086494040190016844,0.99473708705538177,-22.858027901928576,-22.605098402151746,1.7297494831263833,,0.07582360185993151,0.5833333333333334,0,1
0.48961131751668285,-0.8718433831428607,-0.013033534807934843,0.86942503902451296,0.48700946142421575,0.083197872572080542,-0.066188059926265169,-0.052066301513617519,0.99644781146324501,3.2311170562238596,5.6309694907866028,-1.377591117676539,,0.0950849708934786,0.3026315789473684,0,5
-0.5107787888955353,0.85080709070776317,0.12341929839292953,-0.85737727086165505,-0.51468840863327914,-0.00023964215784801467,0.063318593037363105,-0.10593930535894397,0.99235458348104266,1.8779405066913764,15.887390591905813,-1.83815093067513,0.3990148103296411,0.3956409099435329,0.5283018867924528,1,5
0.14863893320729618,-0.98758928251017153,-0.050733387488342947,0.98664532575702524,0.14465008937540169,0.074882259618033034,-0.066614328014407906,-0.061186278810969719,0.99590098432949425,9.8237012384464748,5.4896397443973939,-1.4156766450962732,0.4947501246175069,0.4031859841167525,0.5,1,5
-0.56016179669219923,0.79032421293256538,0.24820636571024324,-0.82587586470792385,-0.55610313707342396,-0.093157699789307227,0.06440355284846741,-0.25717103139664915,0.96421742516450959,-23.519826656601047,-20.254191967816258,1.5133418203514821,,0.4654877350877753,0.4166666666666667,0,1
-0.37318685544786001,-0.92329970704746711,-0.090825227150830884,0.92628866126438714,-0.37631096455789054,0.019477524651248704,-0.05216212163982642,-0.076861621890069315,0.99567635512070918,-10.363084794904896,11.503893092976075,-1.4591521440166542,,0.07639268287605175,0.3529411764705883,0,1
-0.54465617185581194,-0.83784100158305419,-0.037042010281259564,0.83864956431568949,-0.54433257511852473,-0.019208225788439587,-0.0040697337107452403,-0.041527144509829216,0.99912908752392104,-2.3557411035812752,17.006539252002639,-1.8264589282448418,0.4637064336166018,0.5243383563714504,0.851063829787234,1,5
-0.99851088990706482,0.046459007663282412,0.02859306461266295,-0.046823675406513388,-0.9988284363713803,-0.012218760875324787,0.027991894512989456,-0.013539398171482959,0.99951645236020359,7.3090336330767096,7.4936181323121929,-1.5042340289152571,,0.07780448512631381,0.25,0,3
0.059002619476128303,-0.99601381071835171,-0.066896784326762229,0.9959709864098315,0.054201710933812298,0.071442065771322324,-0.067531364008005162,-0.070842525294865025,0.99519890046415527,5.4314706235926549,-9.8487083925693391,-0.13433581142924625,,0.09363861205643323,0.3571428571428572,0,4
0.047103663776215166,-0.99663499687044577,-0.06708150171174776,0.99676484246573938,0.042519029884550627,0.06820543176262267,-0.065123679895306541,-0.070077208211533681,0.99541352773918546,-22.085803367854332,-28.337313037717678,2.2235744687658432,,0.1014493515176519,0.3076923076923077,0,1
0.34601443151644573,-0.92982200993099018,-0.12531976312715129,0.93582019792413718,0.33246789094943091,0.11707116914452891,-0.067190552457770517,-0.15778507957196639,0.98518490565217676,-16.428953683681112,17.284090773432961,-1.5789251036255578,,0.1087394875465756,0.1428571428571428,0,1
0.91539132567674686,-0.40253819765610427,0.0046605046449279307,0.40037749094051239,0.911561045311164,0.093564552151977953,-0.041911640673565752,-0.083782218274497278,0.9956023072879332,16.729974100009127,-6.5045865027175882,-0.65222446248605725,,0.1028974451303666,0.2272727272727273,0,5
-0.90796868909114259,-0.41455750760156312,-0.061114094293314492,0.41856459055919126,-0.90417624620424142,-0.085258426739085028,-0.019913391477315596,-0.10299217781553713,0.99448281440590203,2.7029163595187353,0.41931418876055215,-1.0705268778797796,,0.2969184557675794,0.2954545454545455,0,5
-0.98773686190110865,-0.15587255140820908,-0.0089240887067017893,0.15567405696507192,-0.98761069683055491,0.019766119849405048,-0.011894520998570652,0.018134476098324109,0.99976480291459213,4.5916756177875167,3.8392929064442551,-1.2765252430030152,0.3198653948478925,0.2923431841031847,0.539568345323741,1,2
-0.99158011778419775,-0.12945659179699656,-0.0031401998954281325,0.12890087619349899,-0.98442338414791486,-0.11956238898297328,0.012386853176884201,-0.11896046226824007,0.99282172331456442,-0.43419477383842542,13.966510861806373,-1.7456643804578826,,0.1006721847831013,0.3529411764705883,0,5
0.86239270271988588,0.49887209207507527,0.086054994300895069,-0.50525168776850715,0.83756638225636304,0.20785400482324581,0.031615791980662861,-0.2227312081021077,0.97436710260292014,-19.184985041572276,16.266130753300477,-1.4552880797975871,,0.6500730903711671,0.7027027027027027,0,3
0.96272725664493219,0.26868982339279163,0.031016255706863047,-0.27045242870699754,0.95775080968100523,0.097820602951857988,-0.003422443485210066,-0.10256298240851375,0.9947206248590913,9.0414892975528716,2.5572893326867137,-1.2199086630537894,,0.07625644131186776,0.2,0,2
0.32376188500091874,0.92020774552864948,0.21999078819290052,-0.94457739754273873,0.30101722712479334,0.13100446185336129,0.054330303441450851,-0.25021257770780087,0.96666534234179458,-3.681833003138498,12.867012882063191,-1.6703897236058136,,0.5212090219180168,0.1351351351351351,0,1
-0.9942503781527442,0.10426190977166296,0.024405731168934304,-0.10456758128487466,-0.99445013948372518,-0.011599182084531545,0.023060929889226502,-0.014084539451632341,0.9996348429607077,5.8641227414610411,8.8634544862477131,-1.5509166844747824,,0.07968938987956677,0.3181818181818182,0,5
-0.18504404140500866,-0.97803627659924197,-0.095936147496105156,0.98199243485293097,-0.18780401938840208,0.020506296427565011,-0.038073095909263138,-0.090414003104904384,0.99517623937191768,7.0619223467614587,-2.8972203742648253,-0.82809795304935696,,0.1324969608725862,0.2272727272727273,0,3
-0.5065928539523904,-0.85134382192796954,-0.13629885248765369,0.86017731755319138,-0.50984075873821244,-0.012545241976209322,-0.05881039611641576,-0.12359651125465919,0.99058833009192493,27.613884942862882,-2.0874513594503168,-1.1473420726722696,,0.2909099681383127,0.2352941176470588,0,3
-0.76653935437113352,0.63501847227390384,0.09575467649782686,-0.6417913507940477,-0.7627923571195222,-0.079067578475603001,0.022831562501020169,-0.12206293373076488,0.99225972404547458,-3.9549551910296059,7.0767491621717937,-1.386580592170183,,0.1389537914343283,0.2580645161290323,0,4
-0.40566931147093238,0.90111468373042847,0.153051417818032,-0.91157381826711181,-0.41111362038727373,0.0043318566443460464,0.066825022114611873,-0.13776036402927583,0.98820873226353501,-5.4887819123075063,18.367663116818171,-1.8395505461793498,,0.5843342217897067,0.325,0,1
0.22278743945106921,-0.94595467935975708,-0.23565971531048147,0.97255602020318066,0.19903242253497977,0.12050262381545662,-0.06708609684121089,-0.25603874585155728,0.96433584203501155,26.434494559160498,-2.8911072247931235,-1.1189891273455594,,0.2777128840445393,0.1764705882352941,0,1
-0.99656420758026754,0.072343104178752338,0.040326857647176896,-0.07839381387541855,-0.98100448015595298,-0.17743905956698197,0.026724335650857866,-0.17999079196373047,0.98330520424346846,5.8466558507403592,-14.27812143383615,0.41670058790677433,0.8092542694934552,0.5529759805686401,0.4444444444444444,1,2
-0.046583180130433277,-0.95317701457868442,-0.29880359135693751,0.99690961403330791,-0.063303065274742887,0.046518204767427337,-0.063255266791772083,-0.29571320701938519,0.95318018780155789,12.969309460722997,-0.28892945480454379,-1.0713815511316558,,0.7926865836580603,0.4545454545454545,0,1
-0.13119971150498666,-0.97928747200721566,-0.15421635085399971,0.98903124757015537,-0.13994569201429274,0.047248223421224173,-0.067851507211184742,-0.14632583659886039,0.9869067445877614,-7.3165864377917433,12.329922789113475,-1.5706510977721861,,0.242903304496623,0.2083333333333333,0,3
-0.99297584039460352,-0.11811214407655925,-0.0069643243943675491,0.11794568910624924,-0.98347955378360352,-0.13731999749073961,0.0093698886804421365,-0.13717685195120513,0.99050225465410913,7.3039517754868895,-9.9853238744340178,-0.16215478830206204,,0.5051180249028724,0.575,0,5
-0.7574918504113326,-0.65280721241763373,0.0069885603620056585,0.65229357652751163,-0.75636938020251065,0.049177746115666665,-0.026817654285232424,0.041810334937526158,0.99876559277492583,5.6320612520589366,-6.7530596966328185,-0.4903599104028098,,0.07734803202672877,0.3888888888888889,0,1
-0.93376116149049759,-0.3578861573948609,-0.0027552925540800305,0.3557410333790878,-0.92726560523299406,-0.11673394759995384,0.039222575926327503,-0.10998179711675386,0.99315940001626801,11.799979322343852,-3.6770281510451732,-0.82592345695120739,,0.4875603543475711,0.4682080924855491,0,2
0.42057286449193843,0.90521867735837669,0.060807991371178233,-0.90638509214290319,0.41628237443988625,0.071937816701593632,0.039806160253751735,-0.085370550497475439,0.99555378494263735,11.269398451591785,-6.3269966454118318,-0.59557127948837152,,0.1117215025514265,0.2352941176470588,0,3
-0.99241727893378295,-0.12198984895846397,-0.01504729958358879,0.12232578977098263,-0.96826985880496697,-0.21792173293803427,0.012014392642679943,-0.21810996602838134,0.97585024316670987,-10.299120233158511,17.268372362887209,-1.690829201541902,,0.7363402275342925,0.3,0,1
-0.063151678477382636,-0.97488812479057985,-0.21355329463109615,0.996021951133651,-0.075045449818774493,0.0480463663705466,-0.062866035069855261,-0.20966956050844451,0.97574921830908534,-4.771765354926389,18.923782007312475,-1.8942019770810374,,0.4532500857353332,0.4761904761904762,0,1
-0.21729989288022672,0.94824938020912897,0.23152509472462224,-0.9737988658766551,-0.22689459688676616,0.01531700757108265,0.067056135972651143,-0.22213049056038034,0.97270834261448702,6.3651385367531255,2.5041627491349332,-1.2052367086765687,,0.3363021331705559,0.4545454545454545,0,1
-0.23339884260794588,0.95425685964460505,0.18686579700546588,-0.97006888324253604,-0.24174865159223793,0.022889980732060018,0.067017475585481337,-0.17593020000713769,0.98211874164563107,21.369948381654275,-0.41333238025528712,-1.2142589907063923,,0.2469718526297461,0.6923076923076923,0,4
0.34491228494459447,-0.899875327634299,-0.26694551955288842,0.93636418784898701,0.31009939007066029,0.16450068690346295,-0.065250466727874823,-0.30669653241089506,0.949568119514828,-12.106247012924912,16.175482490655504,-1.6329855714781991,,0.5139640036757653,0.3225806451612903,0,2
-0.66328888454421819,-0.73854486867626179,-0.12082769795063719,0.74729487116817861,-0.66227684975508072,-0.054219459645240484,-0.039977883458514413,-0.12625708388225076,0.99119166542285231,-7.6914818230530964,7.9471226927290664,-1.3561909868142306,,0.1668143661523736,0.2,0,2
-0.33767337937612096,-0.93891906410727588,-0.066390360118239164,0.93969806462160499,-0.34033825706307819,0.033725630100533407,-0.054260816498852567,-0.050998645425004541,0.99722359677140315,17.993727837680424,2.1261033137671919,-1.3285732078757884,,0.1364549081962962,0.2857142857142857,0,3
-0.96934427600779693,-0.24537906511436325,-0.012680259244984499,0.24570013340180402,-0.96765663233010946,-0.057202153402528405,0.0017660739663663768,-0.058564121364122999,0.99828208672278218,-5.9887804298224694,-11.700365590170646,0.33250417501061313,,0.21065945485023,0.1857142857142857,0,3
0.99176865871457998,0.11966168266026604,0.045563244994152353,-0.12781189871409729,0.94653726572884822,0.29619473853134792,-0.0076841485267199697,-0.29958018340582876,0.95404018131939783,11.734193808130675,-9.0612646562123711,-0.36741148563501258,,0.3506455678276446,0.3859649122807017,0,3
0.54762523969208188,0.83044813202614531,0.10228634740998349,-0.83562690588809529,0.5365481930903867,0.11765929902616817,0.042828390211144811,-0.14990642583200697,0.98777213591303259,19.256283698999585,-0.56670788767179392,-1.1813212141345262,,0.6858015082311049,0.5,0,1
-0.39275873651016363,-0.90903189212389257,-0.1392896047686035,0.91821240963567352,-0.3960648874707311,-0.0043099540421682458,-0.051249835960600412,-0.12959021573579901,0.9902423088818002,4.0615305732242959,2.7314132287134925,-1.2129144114374235,,0.1663466655609447,0.3243243243243243,0,1
-0.031237087317085972,-0.97634194005301111,-0.21396415697370175,0.99582757472327654,-0.048764118140933919,0.077133016294543458,-0.085741972199746039,-0.21066199675180891,0.97379147527991772,4.169936432836427,-7.0254833802730454,-0.46311191494690779,0.5151105529592102,0.2985079200813574,0.167741935483871,1,2
0.94009206445020022,-0.34069696879081612,-0.012348514668249351,0.33768474210745347,0.92557919178018566,0.17109112978574659,-0.046860701078675931,-0.16501131840055733,0.98517782125569919,9.7016442470641646,-6.8452289687643457,-0.53878478842125188,,0.1290811184091175,0.4,0,3
-0.74883133692086501,-0.64028537615531089,-0.17113230532825346,0.66249200752819459,-0.73049474471629128,-0.16577625856299141,-0.018867135621847848,-0.23751224183930639,0.97120130053964282,-7.4379099521465823,6.0164969961689678,-1.2623901896303302,,0.6616665057364928,0.3388429752066116,0,2
0.31579540076202522,-0.94843832447455645,-0.027166330732093843,0.9461566280589786,0.31263072900615063,0.083962268080038122,-0.071140003075718272,-0.052218501979437212,0.99609855336377617,-7.5797460450853249,-12.841063193849623,0.46671266959894042,,0.0967918008882689,0.2857142857142857,0,3
-0.49376487125136909,0.86863662359822236,0.040824846135646721,-0.86710791201968673,-0.49535798975885081,0.052386361726402458,0.065727626086585708,-0.0095330019380408318,0.99779206302870083,9.0381901512073526,-16.345345265252266,0.62853761321160484,,0.285458193932013,0.2857142857142857,0,1
0.9996946267786776,0.0078309359783205849,0.023437782137913574,-0.010882335154278382,0.99105096491727318,0.13303969226562531,-0.022186211290592478,-0.13325412330673211,0.99083354336150908,3.4256952726085927,-5.0057326642750075,-0.61674256335315025,0.4323777439705381,0.1841363708221223,0.2631578947368421,1,2
-0.38911191722547184,-0.91741549732832706,-0.083310990481064218,0.91906434290291428,-0.39276394762405809,0.032514843551842268,-0.062551174869479212,-0.06391624761032659,0.99599300389805123,10.187871727861481,-7.7970795054968551,-0.46923599281056672,,0.1885015561741943,0.2222222222222222,0,3
-0.99967314819960951,-0.00063920563958099689,0.025557546533894391,-0.0030998746141560826,-0.98928081028373305,-0.14599270249480858,0.025376909702687599,-0.14602420970685481,0.98895548061246441,7.5313387345317686,-4.9591059708496656,-0.64882111165063039,,0.1659293810786837,0.4324324324324325,0,2
-0.95161572820529805,-0.30719997792510878,-0.0074618627107094371,0.30728976181748052,-0.95138889473877364,-0.020788777017695527,-0.00071282147610824873,-0.022075881195280526,0.99975604392021322,9.9478030936193633,1.3503090734668808,-1.1490258644664799,,0.3807680578229521,0.4146341463414634,0,1
0.44372107838857305,0.87213996164496776,0.20611523935797571,-0.89483944217415401,0.41868212883395373,0.15481488211576219,0.048723478150993857,-0.25313467225368907,0.96620332248439633,8.3724713561801902,-5.7775950642733598,-0.58012081247012492,,0.08583603519856818,0.2222222222222222,0,1
0.46761875541147407,0.87564613450915518,0.12073337031078271,-0.88250968242143668,0.45475123020770819,0.11990821096569498,0.050093512752067859,-0.16261969666603307,0.98541639637079714,-8.5207007769600036,-20.837767442335622,1.2287597164116333,,0.1250357342385559,0.3333333333333333,0,2
0.40108042633180208,0.90097369274208816,0.16547173958168096,-0.91463026682178528,0.38384648160063989,0.12693838496027046,0.050852400405606013,-0.20225796288279324,0.97801111947845087,27.039109151946107,-5.0242953555617289,-0.9402369652804774,,0.1455020810745327,0.3,0,1
0.99900943209091431,-0.026890834232128194,0.035454726450633321,0.021866738069543906,0.99058089407233418,0.13517151351173434,-0.038755649389308311,-0.13426233773160373,0.99018767125593798,20.757007327374755,9.74231742742408,-1.7560310791377529,,0.2875417306220314,0.2,0,2
0.85006333257548861,-0.51316643200466117,-0.11854342526795809,0.52422568726466445,0.80268560457351623,0.28439980489152822,-0.050791332159581003,-0.30390135451171385,0.95134862553293287,-23.206017429287314,8.2361165477202931,-0.97370548638261289,,0.7916142540198705,0.3,0,1
-0.91563917905504411,0.39942721105775048,0.045418023361143395,-0.39957710915915406,-0.91667913267776979,0.0061238508429110397,0.044079786925749188,-0.012540764719909977,0.99894929881592143,12.16490919229321,-6.2470981077043461,-0.61190289416330368,,0.7393823222239968,0.4545454545454545,0,1
0.99871485524316828,-0.050395076402201602,0.0053827679715282043,0.045199349375309623,0.93368907323380879,0.35522068259019124,-0.022927205077543662,-0.35452087498229062,0.93476697228192895,8.6436020934675195,-4.4959326640263315,-0.68566083845559211,0.6100771756303808,0.4340840508039774,0.6904761904761905,1,1
-0.67740749871209571,-0.73375575041724117,-0.052168759025444982,0.73373715737273215,-0.67903806026037894,0.023175344838982665,-0.052429615478335329,-0.022579004571827523,0.99836933244833825,11.684779642745948,2.784931182731551,-1.2617918126765417,0.271014150700817,0.1763552081522745,0.6363636363636364,1,2
-0.39781602368484498,0.89323654240749317,0.20945379110315612,-0.9174420684017166,-0.38567914281708421,-0.09773254280258202,-0.0065163200012167384,-0.23104129090659281,0.97292212405200007,10.415996269189334,18.670543189410434,-2.1425494324082388,,0.41427984967474,0.66,0,2
-0.43549057560900889,-0.87825760141850417,-0.19751340234614262,0.89942328980070274,-0.43358841594518344,-0.055125595889993113,-0.037225049628096592,-0.20165483160282027,0.97874900999767189,4.1513627566979423,10.469040606418325,-1.621848556289105,,0.543439431538295,0.4411764705882353,0,2
-0.68379710845177366,-0.72965221502836897,0.0053999608506584487,0.72892687365438613,-0.68274553151112083,0.050240940138898724,-0.032971614116333092,0.038290786173604124,0.99872252821130036,7.1036508682108206,5.1160828622571746,-1.3796084317999098,,0.07747587327518415,0.1794871794871795,0,2
-0.87609070234300201,-0.4626420308203894,-0.13574767985690187,0.48195804555883509,-0.84818944828549514,-0.21975236548955654,-0.013473069036188732,-0.25794769069626022,0.96606493843592767,4.961250166700693,-13.482354674362979,0.30091602524501732,,0.3040788092448041,0.1794871794871795,0,1
-0.97002080640585431,-0.24259440971002086,-0.014407897736402326,0.24299223270707457,-0.96727035029364306,-0.073094762376271494,0.0037960484410809545,-0.074404447583858724,0.99722092246200555,12.14762773318288,9.7796992368024664,-1.651575464352059,,0.09656764619499897,0.3333333333333333,0,1
0.97252415947278603,-0.22635376125941808,-0.054412627261197943,0.23025864626938314,0.90080197435376752,0.36815317303881279,-0.034317853370261941,-0.37056683305993438,0.92817159360540025,15.718431167624745,-7.8060802807662846,-0.53554946351428501,,0.2587881598493941,0.2222222222222222,0,1
-0.21183104890259097,-0.94200154122113167,-0.26030886088998606,0.97554979506096251,-0.21977378464568956,0.0014425460220035794,-0.058567944110610295,-0.25363867985684696,0.96552432180817338,-3.8045138628811577,5.0254743295727389,-1.2887726245445559,,0.1173453449567954,0.3,0,1
0.91424084027444541,-0.40224470909096377,-0.048609463920135758,0.40274694889811291,0.88910253382902316,0.21746627207931013,-0.044255859810175269,-0.21839386059854704,0.97485667691477862,17.11204295134916,-4.1575948043734021,-0.92931899108913707,,0.5738999754503709,0.6363636363636364,0,1
-0.19203236245071065,-0.93984243972177206,-0.2825239109693658,0.97959987104540325,-0.20094096112978421,0.0026120467200874179,-0.05922553857440413,-0.27625878925034364,0.95925670023331389,12.679888523339867,-12.274691815208262,0.032042710936526761,,0.2489018759237431,0.2142857142857143,0,1
0.91334238213843688,0.39288872285037635,0.10697730809235304,-0.40711566464816668,0.87599069549718089,0.2586448085704548,0.0079075019928895127,-0.27978340347376907,0.96003058209250136,12.955152327214861,11.88677231005358,-1.7756202126892144,,0.2199893437698995,0.2608695652173913,0,1
