axis_00,axis_01,axis_02,axis_10,axis_11,axis_12,axis_20,axis_21,axis_22,location_x,location_y,location_z,dbh,dbh_approximation,score,reconstructed,number_clusters
0.99895898706638386,-0.042982506472966552,0.015278949460188545,0.037002265926153265,0.95938423633687309,0.27966537037081612,-0.026679101852120832,-0.2788088793521773,0.95997595507322397,-16.394945263907886,-1.3579114676852149,0.35502171041391728,,0.4466451753026112,0.2222222222222222,0,2
-0.11611200750689177,-0.99078910564017153,-0.069677470228679345,0.99319068553905165,-0.11649167888003367,0.0013967498628451953,-0.0095007300344638404,-0.069040834992488989,0.99756859374799511,-20.070735216708524,-12.943115119099097,0.82252086519034406,0.4092254787072775,0.3902610397880136,0.8760330578512396,1,5
-0.2990672419274279,0.95206237948378225,0.064311821445209749,-0.95404129280262751,-0.2996751076124381,-0.00020372767414613639,0.01907869055813086,-0.061417061547690825,0.99792983125941037,9.2991180196604617,-13.38294042832341,0.052053044554650423,0.8210814844227503,0.8815565963833665,0.9940828402366864,1,5
-0.67604803775694722,-0.73426983010142521,-0.06169981562216087,0.7368475793330328,-0.67322913207841495,-0.061791427819699977,0.0038334678861900061,-0.087237333314191784,0.99618018058993618,0.92300428550249092,7.7830653484579235,-1.033726420138728,0.3271241528276941,0.2860136209177349,0.6825842696629213,1,5
0.88169815236275961,-0.45827577829535043,-0.11221265146090907,0.47180759124919347,0.85515627691785367,0.21472153801523844,-0.0024423267043163087,-0.24226236413398264,0.97020770042526683,-17.693241870702519,-14.939566714043869,0.8110276636764121,,0.3417337338497252,0.3157894736842105,0,5
0.99068850362627914,-0.1361226814482222,-0.002627618326370981,0.13552130856939856,0.98409468929983834,0.11485476662068404,-0.013048513569028683,-0.11414139515180181,0.99337881908486392,-6.5392276700415222,12.863595917252235,-0.71696835248456259,0.4400291822056172,0.3723383466948442,0.905940594059406,1,5
-0.45124094108268215,-0.8907409063152566,-0.054426564355021974,0.89072186260269259,-0.44581200014389522,-0.088691735856786524,0.054737341663674575,-0.088500273131643478,0.99457102566041988,-4.917450883939706,3.1570148096499144,-1.030401011660792,,0.2025828412685502,0.2968036529680365,0,5
-0.39848949540930129,0.91304535004196652,0.086915538398979517,-0.91694591170593465,-0.39870617761410743,-0.015607015669922453,0.020403849004874467,-0.085916079397816841,0.99609342445711169,10.979389030863684,-13.161037459776876,0.05115647228743405,,0.09073097204692504,0.2222222222222222,0,5
-0.81908321135189055,-0.56917184193748549,-0.071736373109911197,0.57293485650393294,-0.80525715223708338,-0.1526648910975951,0.029126329742899856,-0.16614551789474435,0.98567100180496103,6.0003844420953563,32.488947634787408,-0.71343256179696024,,0.5768939628476234,0.3636363636363636,0,4
0.53577129196865325,-0.83864325585261912,-0.098115300107359096,0.84406560002523756,0.52886975921933266,0.088600455062709305,-0.022413958960302658,-0.13028532993473282,0.9912231571384531,-5.6610307965280677,-4.9102465025157818,-0.58659215928491859,0.2418535480352122,0.1393873407223769,0.2720848056537102,1,5
-0.95102730957596804,0.30775404923290056,0.028887741715991309,-0.30899161666812996,-0.94906387206770648,-0.061659934841575191,0.0084402173853389481,-0.067566351955728299,0.99767908207693912,22.822045430393825,-5.7458134494794715,0.031037734277851552,,0.1075024940979075,0.25,0,4
0.97587500520185222,-0.21822475505328293,0.00677720474972215,0.21763299173891326,0.97476927428910021,0.049605874739495202,-0.017431440819825481,-0.046934189924138107,0.99874587693121919,-11.393468004600914,3.8500332484774504,-0.22266561240514143,0.4463091410032388,0.4245315164206686,0.9640190088255262,1,5
0.23086461400957758,0.97000789010761723,0.076067227681687971,-0.97295525425728668,0.23077109216331768,0.010137861455338328,-0.0077203116094428257,-0.076350482321452931,0.99705115246808418,16.050974053333082,-11.011170734402301,0.031546459816359951,0.1392286114692472,0.1659750787881065,0.4761904761904762,1,5
0.84148076891399071,-0.54007766379048494,-0.015041031298774375,0.53977388403265569,0.83914259149157733,0.066961670088942701,-0.023542932362385933,-0.064465713518204695,0.99764217138028444,-17.176664192894961,-13.345154598156428,0.70652548075232058,,0.1027245595334255,0.3181818181818182,0,2
-0.99859501313316235,0.038161032894465388,0.036765953190521318,-0.042599672961537091,-0.99077101003363566,-0.12867817818301405,0.03151614838698031,-0.13006360461465372,0.99100463729767341,-9.483314788123554,3.1399039619595737,-0.47942796711402025,0.4609659216349409,0.3498789895788452,0.3611859838274933,1,2
-0.30905316532287891,0.93452660038241553,0.17648278721052266,-0.95103565082157249,-0.30449479730845502,-0.053048178842168017,0.0041631562902496441,-0.18423612997935077,0.98287319453728883,-2.1125050923338882,-5.279401662179998,-0.73800707128881471,0.6893561729895503,0.3929972455512858,0.5899280575539568,1,5
0.80161085842999436,0.5885024118799751,0.10528505524802939,-0.59782503004528476,0.78757394187190155,0.14944068902313531,0.0050264399412290415,-0.18273532032917794,0.98314929568489817,-12.231525211573054,13.502438544962748,-0.32035940236794852,0.4582564709146255,0.3929674661975534,0.4177215189873418,1,4
0.96814317842654052,0.23848108167569829,0.076325354561536968,-0.25013646602755923,0.93501803564635777,0.2513424384764128,-0.011425166493277487,-0.26242722171835492,0.96488414790159438,-3.8828780802183411,11.510999062663583,-0.82162342730829141,,0.1926237253015753,0.2941176470588235,0,1
-0.93774007063652443,-0.34523025910292487,-0.038205079797498445,0.34720227912961871,-0.92861384949837522,-0.13086976689444504,0.0097024373125610061,-0.13598671523180289,0.99066314960770607,-11.888629350980132,16.435555338646047,-0.48469397783514451,,0.08807566525996047,0.1764705882352941,0,3
-0.52307482174762221,-0.85143761653771954,-0.038035720030789623,0.85215279848182757,-0.52168029135058813,-0.0410521821095408,0.015110886581628114,-0.05388560810580767,0.99843277307277167,2.0190755916470495,7.1443127167837863,-0.99583452100821224,,0.1201833479171138,0.2936507936507937,0,5
-0.016814143886038076,0.99877047957726217,0.046634897773940552,-0.99973911389778314,-0.017514982117872242,0.014660475581849073,0.015459259628293509,-0.046376228031362078,0.99880441366932737,-15.626137123316214,-11.984622715037673,0.59487191155573294,,0.08750413673342772,0.4375,0,1
-0.98196723372394201,0.18292262022310762,0.047745857446096537,-0.18732607444633059,-0.97550483851565639,-0.11532238232481971,0.025481242612518912,-0.12218684480440942,0.99217996413537124,6.8701342938615335,2.9996178392616284,-0.84776697298049319,0.4831010232352771,0.2100546285889482,0.3793103448275862,1,4
-0.2179474371686542,0.9722341321066541,0.085203914220155524,-0.9758507448954622,-0.21840017329820088,-0.0040850936691655491,0.014636882133351474,-0.08403663885553643,0.99635516007660518,3.2938701493525033,-12.963049653020516,-0.033795641337258243,0.1680151345794115,0.2198232466966019,0.5121951219512195,1,6
-0.83777851682923177,-0.54119184027322498,-0.07237781953812418,0.54600479229415255,-0.83096799629456486,-0.10663468444186244,-0.0024338305677184839,-0.12885488409787382,0.99166047380789146,10.084453851966034,-8.3617486879392207,-0.2467030091242319,0.8987223736386714,0.6216981953507796,0.525,1,5
0.75199663627596181,-0.65621961176630372,-0.062264597990530392,0.6588368492931661,0.74527032828372852,0.10249948191732057,-0.020858212845174355,-0.1181014771844404,0.99278244144614114,-1.193694297698886,11.443059248853771,-0.92382506058047675,0.2849579263090395,0.2164559254191642,0.3947368421052632,1,5
0.63045317239213872,-0.76943391588487187,-0.10247071048236886,0.77619981933856907,0.62380297114123429,0.091562512275177643,-0.0065297687142916519,-0.13726362329998942,0.99051302860643775,10.859204719103744,7.457393283921756,-0.74751115851189864,,0.197827918648133,0.2702702702702703,0,5
-0.99902762175623117,-0.041571587027243853,0.014683804688325202,0.041254769677557958,-0.99892250321019105,-0.021257388342346611,0.015551686305357132,-0.020630941139996063,0.99966619894879816,-11.868986746406875,-1.8544250822169899,-0.020397440291477602,,0.06652538854718677,0.2650602409638554,0,4
-0.64209796134834618,0.76378841687319932,0.065859413014607834,-0.76634659545486516,-0.64179886539496867,-0.028409716867067052,0.020569483878640975,-0.068712958225228091,0.99742439598442934,-13.861980289899487,6.9004985989551875,-0.036858152207391782,,0.09239630162565224,0.196078431372549,0,5
0.28973976192853818,-0.95690327226199912,-0.019672261991799337,0.95689014426968155,0.28917742312452999,0.027160076483792196,-0.020300792032407727,-0.026693547709818667,0.9994375079781237,-5.1370274699403815,-7.9393631870809367,-0.30616854389297216,0.1526734792269498,0.1839266086248824,0.7543859649122807,1,5
-0.98401185829592686,0.17344295410612637,0.040474737848887055,-0.17735887330818137,-0.97501353490216291,-0.13376261367228209,0.016263234360004594,-0.13880255195250513,0.99018652726626366,-7.7127788715391459,25.687103801155011,-0.8732538920400551,,0.2149078589611927,0.5862068965517241,0,3
-0.066525019396372537,-0.96406638897523012,-0.2571972384038641,0.99727885526470383,-0.072451706519345488,0.013624795938202806,-0.031769586655090443,-0.25559097767858807,0.96626287597789351,10.387364052572593,-1.7968681462925136,-0.63722940868506506,,0.4770293554535802,0.1866666666666667,0,4
-0.33070956379406641,-0.9231238797219371,-0.19614659594868641,0.94372079869861525,-0.32452224576924121,-0.063846425933923159,-0.0047157734027571995,-0.20622224586112678,0.97849381540876756,-11.941760254687802,-11.495572488573789,0.32174386323318976,0.2091830398608631,0.1842298687920929,0.3870967741935484,1,3
-0.9669093934599241,0.25392884523867432,0.024624508009628985,-0.25433747305781673,-0.96699698557549119,-0.015141984231894577,0.019966838445963541,-0.020903861931901909,0.99958208963486661,-2.033530788911222,-2.5960969334482482,-1.003298425796691,0.1938572768533961,0.1684953426641199,0.7321981424148607,1,5
0.15420502916742737,-0.9860556064722128,-0.062571158884820302,0.98797004817178435,0.15313732435118591,0.021543996982949402,-0.011661599157683392,-0.06514062354073899,0.99780795059460681,-3.1877821433237816,-4.9816096973030755,-0.70064998717616267,,0.09462868944910149,0.492462311557789,0,5
-0.92954247071584128,-0.36869117279687624,-0.0041969318737149494,0.36860477498689376,-0.92892586020192969,-0.035032357970389887,0.009017482594943501,-0.034111073711744058,0.99937736599238702,-22.738900998126635,7.0546574733936129,0.58759928654945259,,0.7166249997058239,0.71875,1,1
-0.35549997318099613,-0.92183660165931325,-0.15439251571731097,0.93462751343869921,-0.35228569675199067,-0.048643591431538659,-0.0095488319550118654,-0.16159228850775495,0.98681140655300603,4.6118926610728694,-3.6466913388702196,-0.79328170316723934,0.3796626171067731,0.2864728947294853,0.2235294117647059,1,5
0.99853714539855398,0.049573278907376887,0.021588406093993488,-0.052110223141137363,0.98883183811784592,0.13962850915433866,-0.014425460252228817,-0.14054922960604871,0.9899685955391001,5.4971377137493471,4.2306843109870895,-0.89608277660435176,,0.06951670006931424,0.1081081081081081,0,2
-0.86010490607511225,-0.50559021769242662,-0.067809161027447537,0.51008450213642775,-0.85091248668034847,-0.12554577130153555,0.0057750520131334389,-0.14257093597640927,0.98976773891103154,-13.111593246795518,18.68607597968807,-0.51069039976617092,,0.2003268051248958,0.1428571428571428,0,1
-0.86049204127500378,0.49572853354935781,0.11750177840092456,-0.50944768911418969,-0.83542737388597554,-0.20621385748342236,-0.0040618910113969387,-0.23730639263826156,0.97142636213684586,10.654030048572444,-16.363791296423166,0.21515902641572116,,0.4124337132504728,0.1951219512195122,0,3
-0.89228957663806119,0.44116817284608717,0.09586425136991869,-0.45098003538501807,-0.88083223882744932,-0.14405406876014074,0.020888252851726952,-0.17177080750194026,0.98491546367337246,-18.874551435299477,-9.0667030988390973,0.65079790595892006,,0.2203682239779511,0.3333333333333333,0,1
0.077057460164095273,-0.99607321226172574,-0.043592472373871184,0.99693392283734095,0.076380306898191377,0.016994181777578568,-0.013597842814585148,-0.044768342975208972,0.99890484738940211,-1.6860085916645289,4.6550095378845961,-1.1266965300666028,0.3637795309684643,0.3103077440453901,0.6891891891891891,1,5
-0.99966986086424137,-0.024489388490886433,0.0077742608016189456,0.023546931390432936,-0.99427743331258367,-0.10420138016089511,0.010281600155783029,-0.10398391922159686,0.99452583337063394,1.2248750111395725,28.8807692747116,-0.79653096117308764,,0.3012418415702535,0.1818181818181818,0,5
0.87201584188475745,-0.48946819061553504,-0.003043333299262914,0.48894462963044616,0.87075933273148554,0.052070467796653225,-0.022836826783986672,-0.046894294285881877,0.99863877578725446,-3.3126571058688254,10.122106479119431,-0.9212175533813759,,0.08530873542872904,0.3658536585365854,0,3
0.91708531840986451,0.38839119888380069,0.090037744233624761,-0.3983422829249646,0.90205530474809925,0.16619161474015237,-0.01667166432013131,-0.18827773050845861,0.9819743132095563,-9.3119074377432387,-11.14703819268794,0.045204799182763489,,0.4607213442369343,0.5,0,5
0.64788203510462039,0.74397505943184372,0.16355420976569113,-0.76117418836255779,0.64058038821601426,0.10134407335222174,-0.029372156190785582,-0.19015224736090897,0.98131513759051914,13.037084085054415,-3.0418223505907993,-0.50791917140878307,,0.5827116144002626,0.6868686868686869,0,5
-0.66921070540410588,0.73629673861006717,0.10012064964190893,-0.74283435527830199,-0.66630796112881396,-0.065044765774290636,0.01881893702652675,-0.11790171181345005,0.99284693380231104,-1.3189849422715592,1.045056506655984,-1.0884790877175652,,0.2066057998022255,0.594106463878327,0,5
-0.35597368193806994,0.90743777347990429,0.22324745245867353,-0.93447404888035679,-0.34729509919121726,-0.078386006703460243,0.0064023227508527075,-0.23652230621993456,0.97160496546888719,10.188813906056824,-4.5729169237635441,-0.49151095405589523,,0.5410932606551726,0.4545454545454545,0,3
0.80232791532760273,0.56360391773804819,0.19652109351514258,-0.59687296239752219,0.75953697289865296,0.25854642437820974,-0.0035472587825014757,-0.32473714094675832,0.9457976560791721,6.9213856951750339,6.232758703202709,-0.86337355524593007,,0.50774381310427,0.3076923076923077,0,1
-0.59186640540181612,0.80564635622921998,0.025062059997448125,-0.80574780784128763,-0.59220016093809491,0.0083330392928095843,0.021555238706495901,-0.015261653890623346,0.99965116595982162,5.0177581211903854,19.86469959549747,-0.84132328316024496,,0.2539595455377108,0.8,0,1
0.62834336780764632,0.76983550465101103,0.11197279987063477,-0.77746688875151948,0.62642391273294429,0.056020696634205489,-0.027015718150331169,-0.12225537753028608,0.99213092565333838,6.1672584989109929,-13.660632571938889,0.033770811673695666,,0.2095653280022151,0.4736842105263158,0,3
-0.69640380949018943,-0.71528093319685349,-0.058265948311092539,0.71759250658547524,-0.69507799133117021,-0.043904219152607754,-0.0090955274683235492,-0.072386273367704784,0.9973351988213438,-7.3821985416969316,1.9493018747133957,-0.73717474305144104,,0.08813188600975626,0.2560747663551402,0,5
0.94152219821537642,-0.33695094676108234,-9.871421521423641e-05,0.33628997062898974,0.93965684960233653,0.062881321946708132,-0.021095163475052549,-0.059237357066488493,0.99802100659542181,5.334278500522915,-8.9339344669422349,-0.29669314365642202,0.3048766662527779,0.2857868904836606,0.8428571428571429,1,5
-0.74771108166678024,-0.66401605428308985,-0.0032890738835686462,0.66379350769377754,-0.74731159136167913,-0.030059350626165937,0.017501928359062814,-0.024658975461129572,0.99954270415671753,-0.41738400251399116,23.441602271615434,-0.83919751701526901,0.1276861689981398,0.1532472838539254,0.6,1,4
-0.73661922620198306,0.67305522828183972,0.066247832206580703,-0.6758649572888501,-0.73614066015688451,-0.036103849832469274,0.02446783804366897,-0.071369378211285778,0.9971498065763249,-15.580239855410312,-4.7206674284509678,0.31760297700156925,,0.07660755550176154,0.3461538461538461,0,4
-0.25021226034560284,-0.965807433293146,-0.067895703608173194,0.96817969215743382,-0.24993237094196002,-0.012723743524066923,-0.0046806481047039295,-0.06891887804538803,0.99761128691604362,-1.8934368180671386,-8.5735905423104342,-0.38081805369147026,0.9968738818163766,0.9098212907933885,0.9653121902874133,1,5
0.40492751805774174,-0.9130110609987967,-0.049441962071182642,0.9139520239677944,0.40256683954099781,0.051299489150903356,-0.026933306606660663,-0.06596015612340167,0.99745869829251954,-10.281294791490385,3.4209216479381497,-0.3770111096033647,,0.0825903450845836,0.2986425339366516,0,4
-0.01615098407558584,0.98708940344879692,0.1593538682068607,-0.99932759810880845,-0.021182646066285726,0.029927364797303683,0.03291652125408448,-0.15876336197224414,0.98676780324643798,-1.5120797170377274,-26.080485821346127,0.81242689366475129,,0.3339634089351627,0.7894736842105263,0,4
0.62398493834827717,0.76824997282545349,0.14295025697138522,-0.780935305087607,0.6196120331007865,0.078873174808892457,-0.027979384950731014,-0.16085057566076033,0.98658210318623751,-17.17447945350921,-4.4876489739973175,0.43154937613512984,,0.2846884526451012,0.4705882352941176,0,4
0.98258689422789847,0.17562029856407108,0.060667174187028126,-0.18202495170008562,0.97536124553739589,0.12464893767024385,-0.037281526928951418,-0.13352135198538631,0.99034445336652455,4.7300811179326576,22.983648791130982,-0.81926251015812568,,0.2506477582643509,0.1764705882352941,0,4
0.62582531719952994,-0.77952048356646864,-0.026277139349782579,0.77945615931125012,0.62384874375505872,0.057103770689779537,-0.028120598568727173,-0.056218863520488535,0.99802238017020584,21.405255965159924,-3.0236553081310222,-0.15113086788888069,,0.188689864081434,0.3125,0,4
0.96955872163383394,0.22803572286634971,0.089194138824180202,-0.24458721049639187,0.91909804630890768,0.30892697799438407,-0.011531771995643258,-0.32133859147007265,0.94689414818482776,-14.233362686558477,17.371329171249844,-0.32438302738937941,,0.2593264910302246,0.2352941176470588,0,1
-0.048530636713208425,-0.99696191724184036,-0.060923828422750563,0.9984352628721086,-0.050118074787981789,0.024803314960898312,-0.027781345426631989,-0.059624777978793571,0.99783419599513923,-9.5707789919918653,-22.547484091097758,0.91429798062839396,,0.2482551141386916,0.2727272727272727,0,5
0.64979107015574844,0.75480959950706294,0.089632771003883338,-0.75983394420303618,0.64821495588333544,0.049696561309839113,-0.02058986116282549,-0.10039840367830936,0.99473424499015961,15.618183669318848,-4.3518663723005337,-0.29310088412568863,,0.1119115002405001,0.2580645161290323,0,4
0.98281343170839619,0.17981076060949169,0.041783355808294023,-0.18415583937669175,0.97071570860577516,0.15426483685355608,-0.012821282191438297,-0.15930820266083059,0.98714563833709157,-17.802916169719577,10.200714252013784,0.16670708152777317,,0.5104109774820033,0.45,0,3
0.95047705416749351,0.30465149129081642,0.061488522143285367,-0.30988487975845919,0.94408965268343603,0.11254372036304022,-0.023764065270255205,-0.12602458708660999,0.99174244269945433,22.345895002895215,-21.944889871374134,0.55420381697408438,,0.2478100285671689,0.2105263157894737,0,4
-0.007890244864664081,0.95972921783053888,0.28081590495974262,-0.99950355535510249,-0.016135258879777018,0.027060972883344758,0.030502243663150186,-0.28046297770519768,0.95938007654331103,17.983579767774355,-9.9401245972956858,0.019480700746675055,,0.2868360842210319,0.1428571428571428,0,2
-0.61341923610241855,-0.76918306024560756,-0.17909288263559864,0.7885204624682568,-0.60919017518340868,-0.084396745961291042,-0.044185077213605033,-0.19298899007770046,0.98020555428972045,-14.247400346096109,-14.904088400111435,0.66221911988355986,,0.5909960193703785,0.1794871794871795,0,2
0.21353414994248601,-0.97304869411594319,-0.087059782262516983,0.976737309916898,0.21443680309175289,-0.0010415834528401087,0.019682332804837104,-0.084812123891845406,0.99620254437353906,-17.026407004222978,-8.4297452127689727,0.54718994114841157,,0.2428615675288248,0.1071428571428571,0,2
0.83133193583133647,-0.55403201751436959,-0.043997000305482002,0.5548692672713591,0.82284988414962579,0.12263019364207474,-0.03173812698739957,-0.12635897959347817,0.99147672669177023,14.21869302620817,-1.6671836698594411,-0.47137426852610598,,0.1372662438216329,0.4375,0,4
0.6859121260747334,-0.72767839806160706,-0.0029503047525353977,0.72749135536804477,0.68563116910745558,0.025811389213081157,-0.016759569457615409,-0.019850666055257694,0.99966247698348598,0.49586420024327266,-5.4703345603122715,-0.72497229998570667,0.4093899533626765,0.281526381049635,0.535,1,5
-0.30652007758153038,-0.95186085650723495,0.0025202953650138994,0.95184663228955135,-0.3064972649757724,0.0068858667872567199,-0.005781923421605017,0.0045095910774094559,0.99997311611355966,4.1180748039332693,7.8828391716511801,-0.9358508018657381,0.2389756796856962,0.229264342799046,0.7304347826086957,1,5
-0.98974483949618752,-0.14259978010067217,0.0083937718521768113,0.14229298828946105,-0.98937375871329247,-0.02987090646744784,0.012564162300835815,-0.028370200647363605,0.99951852085937232,-13.594011292384375,-2.4670551442451303,0.1388701299936328,,0.08994557660649286,0.5,0,4
-0.99310672087891771,-0.11714348711140102,-0.0040551661500259342,0.11700598501898844,-0.98869525765568145,-0.093761863030239409,0.0069742680518873057,-0.093590015047258807,0.99558639437699947,9.2793337819853789,15.874230666351936,-0.77625035210016657,,0.1773247161569353,0.4166666666666667,0,5
-0.23914220906455222,0.95201612804056346,0.19098768492858109,-0.97098256437134611,-0.23486819985285129,-0.045053172859686748,0.0019655865714182249,-0.19621982735833304,0.98055796147953211,-2.8491614900443256,8.0305854081444252,-1.0182540459985547,0.4914724871808822,0.359474960095609,0.4567699836867863,1,5
-0.98874320167928575,-0.14904579775929991,-0.013123692441132003,0.14903143193964077,-0.97325337929061817,-0.1748356142020619,0.01328583557838103,-0.17482336763054848,0.98451017094964488,-10.158285625950313,-6.8860602720872386,-0.015093897190558746,,0.1240110378417174,0.2830188679245283,0,1
-0.99292910802594347,-0.11869689093478282,0.0016836024537956406,0.11823537417966269,-0.99013488255698212,-0.075188500693042989,0.010591634784173553,-0.074457789560856788,0.99716791707631247,14.862576046390195,3.6613900168773572,-0.56726970421741141,,0.1341517524305914,0.6956521739130435,0,5
0.99947995574649928,-0.01868455281514636,0.026281277500797482,0.016745858865745502,0.99725350361608012,0.072145864304900872,-0.027557109279176061,-0.071668242698915433,0.99704777654665344,1.981351035288579,5.1222239603874229,-1.0497081071123058,0.2728035073313103,0.2502085135027728,0.4985590778097982,1,5
0.63492258909231436,-0.77189005676504319,-0.032542988915734525,0.77230374563541448,0.63301802575118904,0.053245690450727065,-0.020499520429024538,-0.058939963872777126,0.9980510259104266,16.209483400855532,-7.7375434098627425,-0.088852590678149809,,0.115749383502446,0.5,0,5
0.99426613385157514,0.10066712541199334,0.036069168788984141,-0.10623824778534774,0.968320693057519,0.22598334032424963,-0.01217742925831534,-0.2285195073902721,0.97346317082813538,-3.4417730149843595,8.97154107160706,-0.96717384961974384,,0.08726536988182423,0.303030303030303,0,4
-0.47074321051032503,-0.87879002233104386,-0.078287460105918777,0.88196623423303133,-0.47105403541963015,-0.015609528746495283,-0.023160125889936666,-0.076394976053964281,0.99680861563415346,16.686426526238932,-15.312156815671642,0.23939805292626123,,0.5426402543492803,0.734375,0,3
0.68758823899908394,-0.72480832045543342,-0.043304874883941531,0.72461863955132821,0.68115442545601745,0.10467318613888595,-0.046370689071028932,-0.10335157125200205,0.99356339098963464,-13.573834128017305,-0.39588099298786805,0.14227259106334778,0.3330006115365798,0.2437530857650114,0.4444444444444444,1,5
0.1024797921559441,-0.98588588380054443,-0.13238926060105399,0.99443748928861353,0.098282460372072653,0.037876613900534123,-0.024330476711988996,-0.13553443144098584,0.99047384912320435,-5.8836306363997721,6.3598707403960368,-0.872403873436564,0.3062188413019565,0.1140891184340318,0.2425742574257426,1,8
0.9095580866720252,-0.41540164045511607,-0.012064993855083727,0.41506523626514247,0.90661541805944679,0.075956128001997678,-0.020613990726837231,-0.074094269981510294,0.99703816503793941,-29.317355311930864,8.0699478974746004,0.66603989122105034,,0.2329517398678516,0.5833333333333334,0,1
0.77507655624574212,0.61270032644321604,0.15444948020184004,-0.63078719395682115,0.76456691709132663,0.13245733361934042,-0.036930311375910893,-0.20008932821577996,0.97908141277211347,-9.9835479438825487,-14.615679844090934,0.41813122236128825,0.4601459189101772,0.2677370426530181,0.4285714285714285,1,3
0.68321631950906581,-0.73017514910451231,0.0077273790310653252,0.72985695424922459,0.68317394014424404,0.024128693330435144,-0.022897316229888436,-0.010845235727840179,0.99967899536375004,5.5078711953954311,10.822848187955021,-0.8895672805841025,0.4547351345427906,0.4196011417692087,0.9878048780487805,1,5
-0.54274223440782132,-0.83977836323726129,-0.014253688243847576,0.83986513745009261,-0.54279509474529619,-0.00018977982610008878,-0.0075774590690513705,-0.012074177362952927,0.99989839301554329,-7.0148477327420871,3.0329253421680589,-0.77550976022769813,0.1552097768348727,0.09823511480584558,0.5734989648033126,1,5
-0.2092624210171864,0.96615543840323226,0.15084067088780975,-0.97766898438387362,-0.20976243714725137,-0.012770158019800649,0.019302749126254383,-0.15014455969466259,0.98847560165654336,8.3263957739375503,18.282747230333392,-0.80506561067328497,0.7323619243275508,0.463555786837587,0.1538461538461539,1,3
-0.22508355713569406,-0.94732593853147917,-0.22783976495027017,0.97428164240707638,-0.22137767039917333,-0.04203817690152651,-0.010614781001595054,-0.23144220279388672,0.97279074481113426,16.977841582173983,-9.9461837623587357,0.0060003779871298461,,0.2961310281927005,0.125,0,2
0.47632978776760782,0.86239978585260446,0.17139586531375009,-0.87924591552032016,0.465840976216847,0.099593197148050816,0.0060459346755666679,-0.1981383209748141,0.9801554225913266,-13.238803031026745,-12.588052667234402,0.51857759863099606,,0.08941003155129346,0.3333333333333333,0,2
0.79661453552814898,0.59668312155798353,0.096822178415332874,-0.60393633490345722,0.77877330177422033,0.1696262002965821,0.025810563121502952,-0.19360112833219145,0.98074074960707736,-18.287079226696306,-10.458393645724044,0.66406438291121972,,0.4662447664069065,0.1304347826086956,0,4
0.55192806360714286,-0.83353794699282124,-0.024287929633084727,0.83365724936057417,0.55084812381483161,0.039773547468642687,-0.019773800631902583,-0.042199945647735333,0.99891349044644362,13.086009167488776,-11.580788869523598,-0.0014138637463655048,,0.1109541371791678,0.6428571428571429,0,5
-0.61117151836948813,0.78993574223845586,0.049708130804881921,-0.79127574186124738,-0.61128245419258564,-0.014712631927107598,0.018763674370113333,-0.048324779673270625,0.9986554161439587,-15.677372608569419,16.567700681428899,-0.23710270659539129,0.693855689497755,0.5362029789668709,0.8169934640522876,1,5
-0.017187601369375818,-0.97599381392530604,-0.2171190031726897,0.99974088914172521,-0.020016953598117487,0.01083864137073039,-0.014924507940964995,-0.21687645503416411,0.97608496674958289,-15.375137254070649,-13.559142551491759,0.646613983048269,,0.2413908249073357,0.3333333333333333,0,1
0.25226720530382074,0.96495196036010078,0.072311626488403613,-0.9676575056498028,0.25152652096670552,0.019322551849767607,0.00045704245052090374,-0.074847334271727919,0.99719489953800622,-4.2851737770754976,18.836099049226828,-0.78683813640735334,0.1746623551114922,0.1354622395096694,0.3181818181818182,1,5
0.8641686562605545,-0.50274070119165215,-0.021548106695313676,0.5019105501468859,0.85809335358933314,0.1084508929288317,-0.036032390818219177,-0.10453508449863452,0.99386824223374093,-13.49156850028128,9.1308973227565335,-0.15287449638847594,,0.1653486227135741,0.2924528301886792,0,6
0.92789852020961006,0.36988249950289581,0.046811032399504772,-0.37273311043221818,0.92321351285479514,0.093524531914540521,-0.0086234900325178349,-0.10422929647560931,0.99451590694963754,-5.5876597374461641,-16.466893868349601,0.38544821189958012,0.3569354933201029,0.410807744200422,0.8421052631578947,1,5
-0.92739500681098452,-0.37392119912894117,0.011019899456439542,0.3739406781941359,-0.92745257055944841,-0.00031393372206438942,0.010337820551982853,0.0038296481100600771,0.99993922978428518,-12.205887962898162,9.6103634298244547,-0.2243170948089,0.2353363123920992,0.1832793921846367,0.9085714285714286,1,5
0.77274672724818516,-0.63092437056411377,-0.069259902941713081,0.63409276017588667,0.76255126120477967,0.12822614993644957,-0.028086776599390219,-0.14300354073685143,0.98932356704820279,-14.480221963629976,-11.300358309768932,0.51444727781264044,0.158594523024114,0.1587772738257892,0.3571428571428572,1,5
0.67866631739512373,0.71511856900572479,0.16738417457019544,-0.73433039200347971,0.65664471441247763,0.1719784707868138,0.013073064421044856,-0.23963128196744235,0.97077594927423072,15.668683341069395,-1.3683911547229257,-0.42823419852118244,0.6007011342788892,0.4715163781665421,0.3478260869565217,1,6
0.61915538035622164,-0.74386033539131136,-0.25163150917058918,0.78496948047425086,0.57744103385066092,0.22446551438798851,-0.021668634011565262,-0.3365020859623391,0.94143338396461562,6.6463305692875965,23.03083708467123,-0.79997987836788309,,0.5660313580775735,0.4347826086956522,0,1
-0.99616061944387269,0.083408563697971366,0.026590069030423231,-0.086143328693033441,-0.98803224845228377,-0.12795156482048017,0.015599589446046353,-0.12975086712684047,0.99142390796719693,-12.651085732794197,19.908735268770837,-0.58508314403286843,,0.1426903780809548,0.2727272727272727,0,2
0.70340517505365185,0.70434278430496133,0.095511265855274016,-0.71078310958586366,0.69646776581624603,0.098590173477772339,0.0029207593519391239,-0.13723663277879619,0.99053398517584768,-3.8258846134621853,-10.676274750449519,-0.16206826013207318,0.2520556482127733,0.2033873634693298,0.3809523809523809,1,5
-0.99990022971374848,-0.0073808036429021005,0.012043851376476157,0.005702837829227334,-0.99098593195552975,-0.13384453782999142,0.01292316753304926,-0.13376249999089962,0.99092915253165215,4.3348291029763768,4.1723438062686773,-0.93974494334001535,,0.2609964006333677,0.1267605633802817,0,2
0.91759228281926153,0.39017137669764412,0.076096644580448972,-0.39745551560396142,0.9039933316596247,0.15756005023774974,-0.0073154375485855539,-0.17482091728622801,0.98457307055021392,-14.122379525294379,-10.338567243817735,0.45854374638953133,,0.07741380162410488,0.28,0,2
0.24210724423234334,-0.91873796325770307,-0.31193691214620101,0.9700721181443841,0.22306430381655157,0.095929150740031291,-0.01855176242536041,-0.32582644342030226,0.94524756592068981,-9.7748148803958355,18.461630131153633,-0.64144638635669204,,0.2845190478365111,0.175,0,1
-0.33255475822185937,-0.94020652009621353,-0.073614077135888439,0.94307521362392999,-0.33120109458235536,-0.030248576753745624,0.0040588461634262132,-0.079482919649553743,0.99682796472199942,7.813748184498353,-12.278183499664516,-0.033829433527138936,,0.1488494421623431,0.6206896551724138,0,6
-0.88637003166042971,0.42851284103449511,0.17528523053250855,-0.44693947650313837,-0.89075586169713672,-0.082456650400629425,0.12080261304040406,-0.15142899299915027,0.98105860618103458,-19.138167807313785,8.640963261178241,0.31941469977782916,,0.4226045231140254,0.1666666666666667,0,2
0.88240090579554298,0.46336789551786101,0.081601684140433145,-0.46987722549817706,0.87678945348762249,0.10225285918257916,-0.02416680387104406,-0.12857078850277726,0.9914058290803186,-1.9912086061027305,-17.887236364361247,0.29335901663884245,0.1347668951817229,0.09023045461504164,0.28,1,4
0.87572598831410076,0.48199788671700483,0.027964809880136929,-0.48280717940540469,0.87438605408955794,0.048438166029372016,-0.0011049461018528895,-0.055920171799031637,0.99843463155084833,-3.2422503721222937,9.9441113873436038,-0.92624639397146113,,0.2738110593014042,0.2580645161290323,0,3
-0.25163524112730218,-0.96045244655271023,-0.11920907404101816,0.96749881050795439,-0.24645206160054617,-0.056634203433375489,0.025015137187248324,-0.12958579877344992,0.99125262353637655,-4.9598279960864629,8.6268399064537977,-0.88147597109998499,0.1580157441930534,0.2111750057962419,0.7012448132780082,1,6
0.88645545903222911,-0.46028987681401934,-0.048269539613458742,0.46245340713677169,0.8768185151630461,0.13162878748534509,-0.018263772325331488,-0.13900547028734472,0.99012318115002418,-16.767204507355615,21.478737236378446,-0.32469575030022002,0.6329675698006099,0.4347708712870979,0.8,1,5
-0.92454768755648409,0.3650321928300958,0.10937582745565122,-0.38097806065679063,-0.89161887640218762,-0.24468652709434038,0.008203092840339583,-0.26789415342808537,0.96341342726105961,24.947784891844535,-7.1576911600987252,0.14981883154427611,,0.5056131154324696,0.1111111111111111,0,3
0.25713258876127132,-0.96622877795982343,-0.016875438933373194,0.96622941247209093,0.25675006177915188,0.021911829002614625,-0.016839069771367069,-0.021939790761738447,0.99961747249163602,-8.0485372450361066,-3.8230791732067178,-0.48733475777516705,0.1645249685035564,0.1212261041867605,0.5195530726256983,1,5
0.40619709244799906,-0.91018769856921522,-0.081007872827689259,0.9135147907255271,0.40232025794676979,0.060242320434562742,-0.022240710701048792,-0.098472145396146751,0.99489124399031292,-9.0519698859060362,13.88451564665165,-0.55688898462217629,,0.115344567616503,0.3,0,6
-0.56506343038347151,0.7984756162157497,0.20770173314669668,-0.82498680429852167,-0.54987722665319694,-0.13050597052050872,0.010004617762570316,-0.24509534046380058,0.96944735891453027,5.1045313354386765,7.07939096441795,-0.92358747697073618,,0.7966809822830965,0.5897435897435898,0,4
-0.096964342369976461,0.98467623943091909,0.14495040465256456,-0.99507416978904506,-0.098927628099602455,0.0063813021578584053,0.020623116335828202,-0.14361764480303604,0.98941834386362026,-15.846342335696702,-14.77364216356986,0.71659665118193494,,0.2221978483218174,0.2580645161290323,0,3
-0.43073200894643648,0.86950784192681818,0.24171480984154439,-0.90168881426871272,-0.42584323318048717,-0.074932122464742526,0.037778548035215652,-0.25022720392106873,0.96744980630841759,22.931050805278627,-6.9705653325660641,0.068029996721073877,,0.2243883867473905,0.1428571428571428,0,2
-0.81103968431430451,-0.58455830323784042,-0.022499346280536656,0.58496726594871928,-0.81005907618006601,-0.040219284762152641,0.0052847171953365616,-0.045780817096202402,0.99893752985367945,-14.199933203611758,-21.098959039776389,0.99035153822799049,0.3681862979410243,0.3388656467495666,0.896551724137931,1,3
0.48172089972822735,0.85573458140468295,0.1888472953292675,-0.87620736223629747,0.46681304187629008,0.11977580013139136,0.014339913805081655,-0.2231678967108788,0.97467453888449651,-10.928743827595893,-4.5010160891796476,-0.033942025882198676,,0.2512397649221809,0.2361111111111111,0,4
-0.10144068967301452,-0.9722329242341049,-0.21088605338870658,0.99434417550948284,-0.105788284132608,0.009407421041116238,-0.031455478203794747,-0.20873902360478705,0.97746538195247135,-3.4351177403207132,1.2425900829782044,-1.0684072663780038,0.4945760354926066,0.4153346876526612,0.4508928571428572,1,3
0.43831850094720592,0.86503006699003848,0.2441308561624348,-0.89879267490641523,0.4197208583724949,0.12651532943333924,0.0069727513912790067,-0.27487703478149134,0.96145410524255903,-8.5892710079491028,6.932301732698245,-0.56566491496526028,,0.0833239529987797,0.2711864406779661,0,5
0.98483689671816688,-0.17271722877067297,0.016280225683641555,0.17202939236259501,0.98439834454549491,0.036956561250284445,-0.022409262055846552,-0.033595507763222218,0.99918425069265615,-12.709197161829753,12.376960756675338,-0.25006250814008019,,0.08295882459477577,0.3684210526315789,0,2
-0.33089704696232769,-0.94312854067154073,-0.031870049927467517,0.94359830237007347,-0.33109135039098142,0.00087261709211340079,-0.011374887952163185,-0.029783778589098704,0.99949164001357693,-7.1959986157199607,13.690961920792667,-0.68993018888184643,,0.1092679577018614,0.4716981132075472,0,5
0.67528302869733559,0.72838683402155635,0.11595452202224987,-0.73733532512712774,0.66281471023453298,0.13043495780037465,0.018150743043388845,-0.17357787854668233,0.98465286807392549,22.897037591257646,2.9584063901125623,-0.31270133093376057,,0.3911601810833166,0.25,0,5
0.31485938024307614,-0.9471281014357894,-0.061740830441308958,0.94897688708338757,0.31293934643967314,0.03888229971893175,-0.017505383585303243,-0.070833077870065056,0.99733456604340365,-6.9663748272747048,9.1682442030580553,-0.69554717278886269,0.1894166512872845,0.1405478236555141,0.4482758620689655,1,5
0.90674330222744048,-0.42166695336420057,-0.0036829751870762037,0.42114102446046947,0.90510058386014658,0.058593264223857106,-0.021373380220772339,-0.054680101833972941,0.99827514497825898,1.1093550343990721,9.6396743151181248,-0.98586155968196965,0.450873295301809,0.3812098428555893,0.9101796407185628,1,5
0.91406530091094818,-0.39906508124596712,-0.072330398870244214,0.40554068895044632,0.89731970045815146,0.1742242944462431,-0.0046233403699451501,-0.18858530191890227,0.98204592999715712,-9.977665964016067,-3.3662564157428791,-0.20318938705410811,0.1453350882197864,0.171255214299506,0.2763157894736842,1,5
-0.80379751283161094,-0.58556792463335094,-0.10497506373566197,0.59490030475124578,-0.79171039843130209,-0.13888222500602107,-0.0017848732702744621,-0.17408288444398673,0.98472938595893977,-10.989053571449718,-12.618511927835971,0.35812183545936088,,0.4105605309638949,0.5555555555555556,0,4
-0.35776035022172792,0.9196278308697462,0.16214864939009788,-0.93360314877089989,-0.35593110123899058,-0.041209365147510592,0.019816468259707992,-0.16612556654713242,0.98590547403141415,-16.606883077484543,7.7382263514686755,0.21026517682223472,,0.0828268712966494,0.4,0,1
-0.6842637727769324,0.72517802607622939,0.076810935167219999,-0.72701128558359696,-0.68660152167443789,0.0057394310198750917,0.056900614224843556,-0.051915131999546255,0.99702915662998826,4.1097009909682116,14.420090511791674,-0.88865107506835883,,0.1540141879013007,0.40625,0,2
0.97696319446143476,-0.21127470787367433,-0.030098413257220572,0.21259603409022884,0.95122814763369901,0.22353509218569609,-0.018596853411668314,-0.22478436102686281,0.97423105477136696,-22.406160748485668,7.99421864814021,0.51231702931860301,,0.2234062037384637,0.2272727272727273,0,1
-0.09951994025325446,-0.99434391446342218,-0.03709395181895745,0.99498969940122184,-0.09980412113037547,0.0058851925082363827,-0.0095540346165541006,-0.036322405963149305,0.99929445272531869,8.0204794970213396,4.3524338002724292,-0.82808464136219206,0.2679415512895562,0.2185860415430268,0.3333333333333333,1,5
0.2853064979450135,-0.93097158774494693,-0.22779838682924272,0.95825790379948705,0.27249324495574812,0.08654028691482013,-0.018493026690208185,-0.24298011084271887,0.96985497560135037,-3.9951119901615555,14.1314222072783,-0.79016881136813744,,0.09573872360472843,0.3703703703703703,0,5
0.83710990947974295,-0.54018659269285352,-0.086286989318795734,0.54585841032588889,0.81451412096877718,0.19648242318068415,-0.035855199445967934,-0.21157786230450792,0.97670323684082494,11.843879084323129,3.5899865134189182,-0.70363106754683624,,0.398422131184923,0.1666666666666667,0,5
0.68643831560043989,-0.7233098591989594,-0.075001909717099052,0.72684179868872312,0.67926999022356593,0.10145580348416536,-0.022437436452766312,-0.12415767381542521,0.99200878699645112,-10.802024317970352,-9.5376337125365911,0.11758651820986246,0.1950085713636408,0.1276770351390053,0.576271186440678,1,5
