axis_00,axis_01,axis_02,axis_10,axis_11,axis_12,axis_20,axis_21,axis_22,location_x,location_y,location_z,dbh,dbh_approximation,score,reconstructed,number_clusters
0.83289411818803072,0.5361963875635003,0.13704313865216014,-0.54710931001458718,0.8350596347989776,0.057851613847497804,-0.083419366954831639,-0.1231618459314829,0.9888742937924947,2.0450601855356236,-9.6896542697502159,-1.5993835726743517,,0.1153070298583834,0.3571428571428572,0,2
-0.85874040255216866,0.49245476525243759,0.14160941072085115,-0.50249059648707184,-0.86343500705239951,-0.04453301066051682,0.10034002923363515,-0.10939969276277546,0.98892041426841026,-28.812046032220728,0.96498341235636442,-0.45621526253936273,0.2657195649757104,0.2309894195232816,0.6111111111111112,1,2
-0.13684266315032192,0.95597959648828323,0.25957098574383675,-0.9899056471309664,-0.1417279027732484,0.00010655383257530385,0.036890314720128353,-0.25693620350895707,0.96572402476393537,12.565695779790145,-7.5647533700134453,-2.64006360278742,,0.4417152142411828,0.5205479452054794,0,2
-0.80896698477455509,-0.58444484613086078,0.063218979553931492,0.58008964370240812,-0.81107351782005743,-0.075204746926048047,0.095228266885305946,-0.02416548203682865,0.99516210069714273,-9.1479786997141783,13.727799225055442,-1.7366382696323177,,0.1066174604231213,0.4074074074074074,0,5
-0.077408619414709515,-0.98288670608783058,-0.16715749649992617,0.99699398209348089,-0.075757129906248097,-0.016243673776313076,0.0033023188356175255,-0.16791241843348578,0.98579638588611473,-3.0775625008107705,9.60948854353515,-1.9818430152316959,,0.5223182004024276,0.1791044776119403,0,1
-0.71041986569010129,0.67795671839427796,0.18888700965635319,-0.70018522969390284,-0.70794611374168626,-0.092482128849519327,0.071022943837566688,-0.19795703579843843,0.97763426363162065,-6.2965125986092332,10.727511511864783,-1.8025648259527414,,0.4681465443732438,0.4861111111111111,0,5
-0.14998298644385982,-0.98283518197420761,-0.10742489865533363,0.98868307719590032,-0.14873176544989586,-0.019612108826022843,0.0032979757166381935,-0.10915066202220189,0.99401974645189473,6.1185453597179178,-11.559716422268817,-1.9631806994322771,,0.1720751870184622,0.4090909090909091,0,7
-0.84584186184529597,-0.53204883373961875,-0.038413321470511443,0.52806221069383052,-0.82495700374519887,-0.20148509525245337,0.075510571360769496,-0.19070915155822288,0.97873805133177227,-9.6696240209203719,-12.256022256134349,-0.58545281978271846,,0.5260120020290051,0.5909090909090909,0,3
-0.6081051816983124,0.77049164376263579,0.19118241258969229,-0.79246434890337436,-0.60342839276112525,-0.088737988070933166,0.046993017660229855,-0.20546727647408425,0.97753509123177196,0.77672806859512744,-10.017192870027325,-1.4907609154598485,,0.1809072238248725,0.16,0,2
0.74864177248542862,-0.66049751427573178,0.057258450253700001,0.65690296991297936,0.75067565862498697,0.07045951793370242,-0.089520861308319072,-0.015135692370085732,0.99586993438254545,-0.94904121754747228,12.977878511798988,-2.1404548316133507,,0.08976298085412249,0.3076923076923077,0,5
0.74328693055661321,0.62601425257401044,0.23586160017673766,-0.65835350396834524,0.74708649761954504,0.091828257563580998,-0.11872321877514148,-0.22353505463073234,0.9674383063921469,12.105265570745779,-4.2621612453764985,-2.6032122064650598,,0.2243033919047624,0.2439024390243902,0,2
0.74777083447292125,-0.66353114828951709,0.023773816716420516,0.65767872916586401,0.74513753896169388,0.1105836209973441,-0.091090440302180442,-0.067055672986743725,0.99358244167550092,1.0065384906912396,-3.7639070712835201,-1.5691188821766682,,0.08130460396788866,0.1634615384615385,0,5
0.82363320409189023,0.50398556559793528,0.26005171559952384,-0.55982541417860743,0.79584407920315747,0.23071130712869001,-0.090685449533412649,-0.33560505250399203,0.93762753691256073,-10.732228377435376,3.700799346543667,-1.1799588810583663,,0.5790169327596928,0.3485254691689008,0,4
-0.8952841079021594,0.42888548536230847,0.12051392692702036,-0.43334623382737519,-0.90114378532229145,-0.012284942109800401,0.10333154293565959,-0.063222769794974112,0.9926356197588253,3.4656083763976677,4.2867491294587934,-2.0168152197180906,0.4533555336434136,0.3852181521307019,0.9883720930232558,1,5
-0.92494122590153183,-0.36712749829443847,0.098494307570738307,0.3656782257102052,-0.93015463361481532,-0.033042288152089906,0.1037456691588057,0.0054550491250370909,0.99458889927941385,1.5884130196487072,-5.2636880785553437,-1.5914903057286416,,0.1019558148452879,0.4919354838709677,0,5
-0.97457352732371194,0.17001659097083643,0.14594793124424288,-0.19048286543985479,-0.97164562757087025,-0.14007516695057889,0.11799456688187435,-0.16431412969390582,0.97932535399084519,7.7612606529875219,-10.974859197473776,-2.1383744354633847,,0.2375665531378027,0.2307692307692308,0,2
-0.60132714474324045,-0.79147793062837135,-0.10939995577317366,0.7964442698873323,-0.58280755274869644,-0.16128199348566105,0.063892017956670571,-0.18411420854270241,0.9808260642204194,0.19253860771262216,12.297787784176762,-2.2032117812020275,,0.1235394564495816,0.5294117647058824,0,1
-0.88761014998712129,-0.45512349613175879,0.070787180397622468,0.44902495668507153,-0.88926367459747213,-0.08710169524969881,0.1025904962158298,-0.045527138172816894,0.99368127172448195,-7.4384634689733433,-8.536101425451017,-0.94032047136571129,,0.09074308046893327,0.2340425531914894,0,5
0.51770479900784161,0.7945045347586841,0.31740240284556509,-0.85303930177276455,0.50779729250514338,0.12027410093399619,-0.06561776219352107,-0.33302320335426178,0.94063268883894402,-10.640520499647272,17.069738149567254,-1.8909924534463507,,0.4945761931518029,0.6176470588235294,0,5
-0.30916634623833067,-0.94918353251126775,-0.058879469792715654,0.9508172232356854,-0.30727135388088633,-0.039127012185793182,0.01904674124412609,-0.068080369370603744,0.99749801250646164,-6.4421090337441269,-17.372390557233086,-0.62722941329503101,,0.2558715307347868,0.2173913043478261,0,3
0.98328040088209157,-0.15075855193676607,0.10213477497444604,0.14307626026319073,0.98656862577243598,0.078813262783524268,-0.11264473796077225,-0.062882474978443181,0.99164356366102269,10.898572378745916,-2.9099939132119657,-2.5086298818041204,,0.1055134823666442,0.2307692307692308,0,4
0.9537618080173772,-0.29462583214313642,0.059447729993565991,0.27977795109301551,0.94254004932466251,0.18259943455897273,-0.10983037671617843,-0.15752420275318604,0.98138851322875986,-6.2415183425395142,4.5386565196637312,-1.4005467343381499,,0.4995545299597385,0.1889400921658986,0,1
0.97439565112225679,-0.22140133015145982,0.039173538022484522,0.21115614965690416,0.96095071011988387,0.17884857612562405,-0.077241151830522492,-0.16599754132894964,0.98309644528735807,-8.9725834372680104,9.2003386664470366,-1.5807813945991585,0.5985955420921752,0.6829031633667707,0.1923076923076923,1,4
0.74516421208832562,-0.6620513563910384,0.080114284141912753,0.66080002621503331,0.74920828569172804,0.045058517564091086,-0.089853338151658371,0.019363526322660637,0.99576675555641836,2.1380955265115418,5.1998991209858714,-1.9282934853764178,0.2585131955316293,0.2202010490551056,0.676056338028169,1,5
0.02729361518133654,-0.99918421756584852,0.029765045567872437,0.99955879116187341,0.027628647666388999,0.010903249017690275,-0.011716722295435224,0.029454323883785501,0.99949745433552872,-10.661602423763188,12.092162980780506,-1.6906460278826436,,0.07961772231372419,0.25,0,5
0.097826271099858156,-0.99463113009533899,0.033748121843538807,0.99496536427461668,0.098488416988208996,0.018546040360029561,-0.021770268178785294,0.03176392237155154,0.99925827925466726,-20.812604353005884,11.071277143170933,-1.2940073523121438,,0.07318397385829428,0.375,0,2
0.52573939830669247,0.83960093768059807,0.13663217232400501,-0.84917317587073093,0.52746178588830905,0.0262484629860785,-0.050030015488032924,-0.12982422683526879,0.99027403665697056,-0.29715231647315843,8.8278431661394485,-2.04541642673844,0.238194340275499,0.2144359135474301,0.8224852071005917,1,5
-0.60395312400177992,-0.79353958593383978,0.074401273943657767,0.79443991842457229,-0.60687434657475336,-0.023848343402069913,0.064076829057373205,0.044704060502536419,0.99694318140631077,6.924564097079176,-11.123306362628702,-2.0498235898256856,,0.1056047161006946,0.3703703703703703,0,5
-0.78090140105269779,-0.61793817020061104,0.091353268376424435,0.61880851620926269,-0.78523690334543772,-0.021886660123434393,0.085258560278865955,0.039438856900127606,0.99557800019164111,-4.2710017364757613,-11.349612829196113,-1.0204428043585301,,0.07161941924158285,0.180327868852459,0,1
-0.91080759766745889,-0.40224650719739097,0.092883084997915089,0.39272509210126527,-0.91359281828604166,-0.1054284800716502,0.12726555726229838,-0.059547542549335496,0.99007957665586166,9.7532048152317952,9.2153362531567033,-2.7319562410062272,,0.6926082748734507,0.4193548387096774,0,2
0.65230029015965718,-0.75700772313377251,0.037995244089882134,0.75384971930479183,0.65316060113225793,0.071357058744280707,-0.078834841039445033,-0.017903526031759286,0.99672690923538165,-18.950576676576436,6.1164672164297995,-1.0947373316847906,,0.1531960054393453,0.3333333333333333,1,5
-0.74320625630101822,-0.66867530327930447,0.02275520554411406,0.66127846823282266,-0.73930761879507523,-0.12702374676888939,0.10176073922037224,-0.079357315830900083,0.99163862791716528,-7.9257144925218475,-18.872952451581007,-0.47196796867334534,,0.4235243544407817,0.1176470588235294,0,2
0.25021809623384267,0.94559875632184165,0.20792762288762259,-0.96778831894858541,0.25046024382609383,0.025601483731305347,-0.027868871950297861,-0.2076358791373967,0.97780911617301769,-12.102965636466571,10.137696831154184,-1.4968078561210838,,0.07993264372979564,0.3548387096774194,0,3
0.017174441229581918,-0.99939983882759797,-0.030083229876812646,0.999496249504081,0.016357430383734089,0.027197089890551446,-0.026688682914769002,-0.030535170256784431,0.99917732038996077,-16.559831505874111,5.0367402237686258,-1.1856471779419506,0.5139394869877522,0.1902550789308892,0.205607476635514,1,4
0.6405468422271775,-0.7660941445162176,0.052910345403862712,0.76158501825566793,0.64258501929206802,0.084099660819331207,-0.0984276530315807,-0.013574045799884806,0.99505162800696811,-1.9271440478831408,-12.580150387365126,-1.2217811241314547,,0.6638740364021809,0.7478991596638656,0,2
0.43718962138914103,-0.89740924498544494,0.059345446028090297,0.89788282371068873,0.43930806064790279,0.0285458006561113,-0.051688198217191027,0.040805328872976783,0.99782927161946322,-16.105737515100323,8.0852039955399597,-1.1931910103083527,0.2771555061649868,0.2569398677332737,0.8,1,5
-0.8838013840631529,-0.4616421148460661,0.076037302217435834,0.45405623512159615,-0.88550785686265288,-0.098533094855037667,0.11281865481938716,-0.052558474435256318,0.99222455013458599,-3.8184714534740301,-14.253975066757858,-1.0071670066113871,0.5957789293557089,0.5181052562938852,0.7373737373737373,1,4
-0.99092002800514745,-0.086344935500419828,0.10306333107224347,0.080953069718108311,-0.99517669004432363,-0.055407184512841226,0.10735035445443863,-0.046560795803479188,0.993130401152162,4.9697026444170671,3.303100047588055,-2.0749319006955402,,0.07670866741323581,0.3111111111111111,0,5
-0.97816398273216831,-0.17778392363698767,0.10764803473255245,0.17645053081557763,-0.98406664012286682,-0.021864536862077986,0.10982000300693834,-0.0023925495877918971,0.99394861167266935,-14.710711243235654,1.8362819932942092,-0.99114581892178699,0.3248424722941499,0.2800650539729056,0.8362235067437379,1,5
-0.815527481278431,-0.5786765894548449,0.0069521289233638621,0.57176377735310857,-0.80752575960977246,-0.1448734981753548,0.089448925016251568,-0.11417334357707423,0.98942576145452577,-18.206338694452693,5.2089852653047588,-1.1556302156498623,0.6306767735781801,0.3422509074137295,0.2321428571428572,1,1
-0.72599120220662516,-0.68486133086606171,0.062463843965499408,0.6845506080633027,-0.72836332886017918,-0.029619692298890683,0.065781755211775525,0.021256026347491904,0.99760760924582614,0.20035423908320868,16.365545421940414,-2.3058063229351657,,0.1061458420800199,0.4848484848484849,1,4
0.99210738315413127,-0.06407480936281848,0.10778385359681426,0.059475068914690267,0.99719842954876714,0.045365276181949001,-0.11038866096050745,-0.038596773318376451,0.99313877812758666,9.8290782961444751,-7.031625808906016,-2.3508670579481068,0.187415298498978,0.1945664620699968,0.40625,1,5
0.34691626966318528,0.84433024254670375,0.40835712723546913,-0.93727121856165518,0.32799031318141181,0.11808902283916915,-0.034231048755924205,-0.42370838554386014,0.90515161123476195,-2.105249559403148,21.01716479209831,-2.3994659618133136,,0.5111573700891572,0.25,0,1
0.56717822999919065,-0.82208989453846226,0.049770078488224838,0.81874247536828193,0.56935624682639085,0.074123027647167536,-0.089272697073642146,-0.0012920903623786903,0.9960063835436459,7.4998451511211792,-16.131146456751289,-1.9836665153706254,,0.3508718365188069,0.4,0,4
-0.66521051332218362,0.72039620607235511,0.19627602819038872,-0.74065824953917769,-0.66991172611712735,-0.051416306755077815,0.094447500523826791,-0.17957612727567177,0.97919971617513968,-5.3482456087254917,-18.596595119715502,-0.72798817598407939,0.3571315428239269,0.3062792503236114,0.496,1,5
0.20382705581489363,0.94433748195795053,0.25822713158603355,-0.97836516035235643,0.20602890782104577,0.018806970802741612,-0.035442126439314242,-0.25647379848901836,0.96590115765645235,-9.3386163951944692,7.4391115094752189,-1.5071916112220705,0.4216971706606761,0.1908995584451071,0.6057692307692307,1,6
0.93547758855600083,-0.35337408284356486,-0.0029049757174322054,0.33645706606117676,0.88811962281208012,0.31311368266754669,-0.10806629449997121,-0.29388823241259165,0.94971121023311511,15.773981233971028,-1.4978469975482738,-3.0203242002676394,,0.2990377244491748,0.2142857142857143,0,1
0.97480967765989068,-0.21874596847121838,0.043546453566384737,0.19302758566749831,0.92522585013800351,0.32664579808683497,-0.11174275597101223,-0.31001181834568431,0.94414311890412339,18.252750507911028,-0.88626592636022805,-3.2565570448697505,,0.4474672797321745,0.2916666666666667,0,1
-0.75758774718183197,-0.65145537269681697,0.040825270414407554,0.648580187162623,-0.75833791683205942,-0.065324916493716245,0.073515618340969632,-0.023010894794974666,0.99702856156716069,-13.323207001556083,0.25055130384576269,-1.0673328320354833,,0.08013733733169905,0.2678571428571428,0,4
-0.99223336182366051,-0.068134871830041618,0.10407014425290337,0.06197784859913507,-0.99619355954786715,-0.061295499005817849,0.1078503684144797,-0.05436939539900492,0.99267933738786329,8.5578637357030072,-4.1681034517102393,-2.264284584164399,,0.5958555757842965,0.7530864197530864,1,2
0.50406498704009672,-0.86285127170696885,0.037498956704587867,0.86151284829776664,0.50539809281916359,0.04866600448588361,-0.060943425060748846,0.0077750040782938899,0.99811093985260302,-9.2360821474252806,11.654185253442172,-1.7401017331962048,,0.07280296614105701,0.5333333333333333,0,5
0.97860081701520829,0.1340149652650455,0.15614233898009736,-0.14824728914934315,0.98543288648479466,0.083335271608826159,-0.14269962227363464,-0.10469964335781883,0.98421278313366167,-26.522960448564422,16.469985340895626,-0.98637799192652031,0.6497536705327746,0.6028443165492722,0.9571428571428572,1,5
-0.28132587033818129,-0.95241905680905325,-0.1172761480669466,0.95781806084343579,-0.28616493448414021,0.026347534871600069,-0.058654215539783054,-0.10491696954565183,0.99274977335719983,-19.726728668143863,8.8558985774564682,-1.2254316118066324,,0.3821092840330981,0.1538461538461539,0,2
-0.33986469632280081,-0.9170899965136049,-0.20841767316637852,0.93988050082928398,-0.32333088898602608,-0.1099171523848803,0.03341604935215102,-0.23324466665324411,0.97184375962574998,-11.53151217360424,-13.173921215916584,-0.37478094081132435,,0.4886110519758529,0.2857142857142857,0,1
0.59639930109596928,-0.79627834461032021,0.10123572273110142,0.79946127597287076,0.60055581334522024,0.013942140333938927,-0.071899526229801461,0.072618957317698948,0.99476476875994235,-0.47574799929717759,4.860963636073409,-1.701257940552144,0.2649560233553235,0.2208494870451919,0.888015717092338,1,5
0.7181992662953528,-0.69287236873213542,-0.064169264763870734,0.69422745533300811,0.70721446076173333,0.13377573304357329,-0.047308077055320752,-0.14062569870762956,0.98893192824800535,2.1862202655680281,8.0761876205226457,-2.0603274129586699,,0.4999886621403444,0.21875,0,3
0.90968449203494506,0.39460597191883773,0.12946139145364513,-0.40281399342318391,0.91423267911596329,0.043812043309068203,-0.10106934081902133,-0.092003996448187575,0.99061609768061598,3.0571540758713986,19.648811971054055,-2.6399111371411919,,0.1108378848507471,0.2916666666666667,0,1
0.76558781578064339,-0.64046341803604445,0.060678715261695416,0.63705308066172173,0.76788163047479763,0.067239675778332578,-0.089658623386893024,-0.012822314024873783,0.99589001376427833,13.059255012372054,-2.9833518102436343,-2.7279983021215317,,0.1761347488162806,0.2307692307692308,1,5
0.70279738864584929,0.69678590687756348,0.14340582446116251,-0.70732913086346016,0.705948722068936,0.036357976307507041,-0.075903433021940622,-0.12698740798223571,0.98899588829753804,3.4307136177803152,-8.4549912803474161,-1.7410844010174487,,0.2840806797359869,0.5543478260869565,0,1
0.97365039655659291,-0.21742680841807435,0.068778545101792377,0.19884845781714491,0.95711000622492592,0.21071242679980975,-0.11164316418362764,-0.19148373028863849,0.9751255226512201,1.3015685383375315,15.010454423983093,-2.3602913838031827,,0.3766989542199387,0.4090909090909091,0,1
-0.48518439232460792,0.85527934052181154,0.18191579129140237,-0.87215407706736059,-0.48828371788986996,-0.030434794207072381,0.06279626819630163,-0.17342508619061453,0.98284300281397796,-22.803152815295718,11.230563522896743,-1.2140822786966359,0.2054869101627507,0.2474966270304562,0.6170212765957447,1,5
-0.96409185726593571,-0.25663493518430708,0.068303739256847143,0.24263949554402395,-0.95576442512443549,-0.16625413940320649,0.10794890437453439,-0.14371107719833509,0.98371447093901898,-13.394984312922356,13.465482681882198,-1.6193860054994391,,0.1257376709904262,0.2307692307692308,0,3
-0.68589392853208342,0.66767171397321501,0.28942011188390582,-0.71657521031554916,-0.68897336127594055,-0.10879189038414706,0.12676547938634394,-0.28201097463077429,0.95099964428161021,-10.944561811126407,-9.5802119557505687,-0.82918694550459393,,0.2548264513820847,0.1944444444444444,0,2
0.021884123029802388,-0.99936076760998771,0.028269087731866645,0.99962188899067372,0.022343195963674962,0.016026872584662517,-0.016648249455503219,0.027907664827145916,0.99947185955081408,-17.21470795199696,10.601026410383048,-1.4214930732914111,0.2493614748901671,0.1797528178035662,0.5660377358490566,1,5
-0.043993878966888736,0.98418874513145016,0.17157229546178659,-0.99902842630017863,-0.043786455629763812,-0.0049949722291326507,0.0025965472523777362,-0.1716253485355895,0.98515886926038609,-14.775309792422069,11.304791201279341,-1.5174407342139846,0.1690373705794896,0.1598335017135326,0.6727272727272727,1,5
-0.97254922837614255,0.19570615118213092,0.12588526829794114,-0.20532913071110817,-0.97629093584904436,-0.068527050574322582,0.10948948107644121,-0.092493842867901341,0.98967517022765494,3.5343086257528413,-10.328675948821418,-1.7400649013563263,,0.1951254298846588,0.2916666666666667,0,3
-0.45873313372744873,-0.87960838548313036,-0.12590869790588571,0.88629055931663536,-0.44278546072470687,-0.13575743160878884,0.063662834423237682,-0.17386812231852619,0.98270896991664314,-8.458426595188973,-9.8898265861495158,-0.88355480786532792,,0.3013851111471343,0.3214285714285715,0,3
0.76430584930933398,-0.639524740937501,0.08273254764819872,0.63729389686976612,0.76869086543492726,0.05450543467812579,-0.098453327643544475,0.011066125145044823,0.99508013905925607,5.199800898455698,-24.870061877005195,-1.6529029173115672,,0.2169551242816681,0.5882352941176471,0,2
0.96671897407405583,-0.23210742842122109,0.10761304213194542,0.23049228926717011,0.97268872372380311,0.027385239252868978,-0.11103031006704121,-0.0016698539593095313,0.9938156176244014,-3.1801110854457635,-7.0978218011554759,-1.141021076977236,,0.07818371453758324,0.2297297297297297,0,1
0.53150557235771578,0.81929064050253264,0.21509224285791137,-0.8448413659703049,0.53108607296537558,0.064735225709382435,-0.061195530050207059,-0.21612595745806573,0.97444583103151949,-5.6836373830671896,-13.578705696136261,-0.85442410229202548,,0.1206506239029671,0.2682926829268293,0,4
-0.8934070757510042,-0.44377924914411615,0.069884011240930854,0.43039281051864475,-0.89008479985808941,-0.1500369211742402,0.12878596838126377,-0.10396647099266122,0.98620745650062447,-13.289667239462309,12.469823870570139,-1.6305433312603212,0.6627883828390606,0.2641607001631862,0.4285714285714285,1,5
-0.61443837707761129,-0.78804035690437713,0.038182151121352696,0.78456199263911586,-0.61539916961807462,-0.075804628747358938,0.083234370787384798,-0.01662100849548177,0.99639137972797731,-23.290418393814981,7.4729968725936002,-0.96207997266478007,,0.09294732334466166,0.3043478260869565,0,2
-0.62290034245176595,-0.7757313769959544,0.10117308988773301,0.77911405485302021,-0.62681486567195854,-0.0091876930253272371,0.070543978509549646,0.073102359172622769,0.99482641308895681,-5.2857150254509131,19.328009269770352,-2.187637310288153,0.4093948391782397,0.417285829631228,0.918918918918919,1,5
-0.26367514033715467,0.88500226388850201,0.38372700358511003,-0.9639675132245128,-0.25628663199166618,-0.071300741301306508,0.035242783884497225,-0.38870059837179777,0.92068984517560326,-1.6520552578459624,-14.584234885915087,-1.1801145642533137,,0.3159133575788324,0.1578947368421053,0,1
0.75127235199693276,0.61528789289152486,0.23876905575493851,-0.65495430471142468,0.73965405320488942,0.15474734349110217,-0.081392332961843256,-0.27264022160841661,0.95866709430142782,4.3992627543732388,-9.4019242864992343,-1.8388259352284975,,0.1919601154093143,0.1904761904761905,0,4
0.97110834347702291,-0.21258904313750285,0.10841809796889706,0.20706870506595834,0.97648543311082681,0.059989584968291751,-0.11862182181883556,-0.035806391332298196,0.99229368925139239,0.19163013010751406,-7.9773160301202157,-1.445858642273768,,0.3233373999454663,0.1219512195121951,0,2
-0.45363459066397394,0.84374523187484363,0.28689656993695978,-0.89072775409310911,-0.43960597118727379,-0.11554504829172486,0.028630861694543423,-0.30796196808203086,0.95096777020762813,-7.7697002233495631,14.253448226635006,-1.7785317812322463,,0.3433833894710685,0.625,0,3
-0.94721924208022801,0.25594431634169501,0.19304977173087207,-0.30228601593151189,-0.91359994797010358,-0.27195275259000146,0.10676550007007501,-0.31595512656294594,0.94274783796802253,12.880653930223497,7.2954475246097257,-3.0082323401839086,,0.2827165615925219,0.3571428571428572,0,2
-0.98035663970517362,-0.16604516129007932,0.10644183105401872,0.16367566990881544,-0.98603688136714829,-0.030684583485019727,0.11005059775340249,-0.012659897152039341,0.99384535665173745,-9.5101573460124769,-5.7001136878591154,-0.94630861619432149,,0.1237582422488755,0.6819787985865724,0,2
-0.97556134467733135,0.16974943621478464,0.13951771097649013,-0.18227339554589267,-0.97978641439887326,-0.082431738035595239,0.12270481672504653,-0.1058475841205702,0.98678255805841608,-4.630816675773862,9.4500567615970912,-1.8927391981899431,,0.3728800168752622,0.4032258064516129,0,2
0.94847200927674691,0.27415747683129998,0.15886637629160733,-0.30114239202875664,0.93589012775419911,0.18281938763552394,-0.098560171173400407,-0.221240472494805,0.97022602829884252,4.5042637077007868,-4.4892951766441662,-1.8696672212142667,0.3637770928402096,0.2246445204504872,0.3877551020408163,1,5
-0.21080990358321755,-0.97685239454021155,-0.036312309652370992,0.97751331869609559,-0.21046435931634386,-0.013132601772187027,0.005186166501420955,-0.038264248831200935,0.99925419735841203,4.4045288368218527,-6.5286195350805061,-1.833271243031324,,0.2089372338537783,0.2528735632183908,0,5
-0.99308683244454232,-0.040947663524747435,0.11000832730811608,0.031658662945230967,-0.9958866143366164,-0.084897470195947136,0.11303217367539999,-0.080827843204031816,0.99029823158339469,-10.21997786486021,8.4241598631303241,-1.4525467424586591,,0.1020510827857506,0.3164556962025317,0,5
-0.64942584999649366,-0.76028622756265885,0.01452300020215652,0.75723591234988108,-0.64833164943813726,-0.079119184680245105,0.069568947124231437,-0.040384706453860247,0.9967593676914509,-16.523744281428542,13.243719429362196,-1.4939467635421075,,0.723877293481508,0.6923076923076923,0,1
0.98184318767942846,-0.18394269977498254,0.046357717879441769,0.16430276204792152,0.946772968594222,0.27681320113518543,-0.09480800172413377,-0.26417045470448658,0.95980488312484769,-5.8401739570558098,-11.806070880287788,-0.86025713202800025,,0.4055302314811197,0.1884057971014493,0,2
0.87209489715728727,-0.48039605044276362,0.093113506384495892,0.47796217746570058,0.87704855908289903,0.048352682685225204,-0.10489350439597275,0.0023366064293496333,0.9944807152508931,5.0533660712375932,10.567630334366859,-2.5152599996628746,0.07370182128812466,0.09517475367160771,0.2916666666666667,1,5
0.62132335199127442,0.73755796997782597,0.26450998694286737,-0.7794916965104729,0.61614932739341233,0.11292785937876884,-0.079686807826341799,-0.27634805458847456,0.95774827871608015,0.11518604369992808,27.546334446935923,-2.8413997904319315,,0.4024271232340147,0.5,0,4
0.84074997957722297,0.52816532141489014,0.11908343753689729,-0.53345934572361553,0.84568378265695843,0.015494070193129065,-0.092523501344418085,-0.076552811873393606,0.99276334979351744,-11.545775033079574,-7.6527713084987052,-0.82425954752645969,,0.08801257049933277,0.5517241379310345,0,1
0.73566660889923186,0.65243350995923655,0.18200317478817424,-0.67153962865194294,0.7376401975412884,0.070153161876418457,-0.088482584166120343,-0.17383168311190891,0.98079221971106911,-10.975301180067706,10.376376255943576,-1.5424170784904006,,0.07631476147663681,0.5714285714285714,0,5
-0.68021803957264859,-0.73128569575976399,0.050245893534692235,0.72986697627363162,-0.68204927246714631,-0.045858334817362227,0.067805719413097529,0.005479151776800373,0.997683498565892,-14.004037875635689,8.5653321079814315,-1.2887653454972208,,0.07789956453506727,0.1851851851851852,0,5
-0.31741304729165676,-0.94525992610481879,0.075714130182781364,0.94778087634733899,-0.31883994354111839,-0.0072457458528801108,0.03098980218221067,0.069460510385449509,0.99710323921733346,-1.0956521963183801,-8.4980243128704611,-1.33264767236594,,0.08725614552907626,0.3793103448275862,0,2
0.54698661363993484,0.81986445279031239,0.16919788281641479,-0.83532470674308812,0.54784337262266114,0.045828739651013396,-0.055120584206710746,-0.16640287895426722,0.98451602479210132,-2.4883144195150977,-14.395335565546654,-1.1392743571067296,,0.08161845206642375,0.375,0,3
0.068654287322666818,-0.99720525758901424,0.029466303959683623,0.99756532862611602,0.06898176401050253,0.010243600786269765,-0.012247610186719795,0.028691296081339569,0.99951328434087727,-13.74710135792723,15.685020795414101,-1.7054742907160527,,0.09216766111077328,0.4444444444444444,0,5
0.96353641434055659,0.22968471520717476,0.13726802191312637,-0.24478980422734831,0.96381196146971171,0.10556729926564976,-0.10805336638013638,-0.13531974921683021,0.98489239792264327,-10.381279207569593,-16.493209785519429,-0.32529018654462599,,0.09255137786766762,0.3333333333333333,0,1
-0.9938771481817813,-0.05335072523382027,0.096756986512991403,0.039441420704474171,-0.98931474828863886,-0.1403591933269753,0.10321137851449548,-0.13568356177375346,0.98536154908212525,6.9047484004455768,10.424189329815631,-2.6207623537018527,,0.2553621487523624,0.2,1,5
-0.98277098263920226,0.10024512700183667,0.15528074637495287,-0.14672851886208513,-0.93403339027891619,-0.32565682488873499,0.11239189221165168,-0.3428301917224606,0.93264973179035704,-10.255553395574459,-18.355932851369346,-0.28806524992789229,,0.3980468584672358,0.24,0,1
-0.5067422593629537,-0.85827799990160913,-0.081062676125466776,0.86158967124263353,-0.500972532137827,-0.081790955804566093,0.029589203837540264,-0.11128969821285037,0.99334741258431491,-18.893619729686463,1.7638477217269648,-0.91224684176288784,,0.5657081411531529,0.2781954887218045,0,3
0.53464315186875044,-0.84173332669322309,0.075111296712318087,0.84254811446267108,0.53780517885830259,0.029635526122964006,-0.065340454354433739,0.047440450326139694,0.99673468320190772,-5.0466097299699264,-14.141305575427713,-0.88128747055771095,,0.06723712133104789,0.28125,0,1
0.046540631696113915,0.98155211819675536,0.18544381592490053,-0.99891637498808727,0.04569201852182489,0.0088495889203436644,0.00021303047793541985,-0.18565472982626358,0.98261501917645844,-24.54253948350409,6.8979654709717826,-0.85669625460381704,,0.07306940667125691,0.3333333333333333,0,1
0.73764957354478367,-0.67494049845715021,-0.01812264306359445,0.66971676979671269,0.7280044225667982,0.1465912991150482,-0.085747040195295665,-0.12027004725032063,0.98903112227682222,-13.676287140269373,10.178798525418276,-1.4526435725309412,,0.2170488957008105,0.5476190476190477,0,5
0.46025309560507616,-0.88701356654561836,0.037067785878938254,0.88594746363203536,0.46158550241781304,0.045121121901591309,-0.057132999832915747,0.012072974849519339,0.99829357586251921,-10.566080698945504,-15.466166294378553,-0.3805812878681713,,0.0834897090570994,0.2666666666666667,0,1
-0.70105947463731455,0.69511175601859565,0.15917053642555029,-0.7081977225252517,-0.70480681074716456,-0.041271604457026961,0.083496100695178599,-0.14165806072777973,0.98638805497610615,23.389704367609841,4.0758216932630376,-3.8880615653372677,,0.6433912583866481,0.5555555555555556,0,1
-0.23408433480613527,0.9449679835972512,0.22856078879483011,-0.97212955876712726,-0.23064359371683635,-0.042043473317674586,0.012986345505966649,-0.23203241724709206,0.97262136115595965,12.255592730767439,-15.973652097109548,-2.4547719069190204,,0.3917644247324641,0.5909090909090909,0,4
-0.91382045926408151,0.38748058971795662,0.1216180941398417,-0.39228955721386471,-0.91967570057217918,-0.01747881798122726,0.10507650323137342,-0.06368200977431103,0.99242306004030933,8.7859333213807478,-7.3142807936653584,-2.2487059056388459,,0.07294061580234215,0.1666666666666667,0,2
-0.56658691463035871,0.80470746057956077,0.1772714614856099,-0.82115321373662087,-0.56928066665766408,-0.040335122905767538,0.068459241448241823,-0.16842038314111146,0.98333509385302198,17.334333769663601,-11.614747660699773,-2.9988631147766336,,0.145115638356648,0.4375,0,4
0.71320202220003082,-0.69678230990612477,0.076402147428411282,0.69591801721541158,0.71690264995669128,0.041817505904158496,-0.083910600312222403,0.023345301175171956,0.99619978321031755,-15.073445382372771,12.119429617718682,-1.5540158128835957,,0.0798563014274742,0.375,0,3
0.91624836058771819,0.33304853821146996,0.22263785148874404,-0.36950696636422381,0.91728733380574112,0.14848753835883061,-0.15476932360332038,-0.21831770069043865,0.96352677079394788,-6.3884084988511125,14.916707404519579,-1.8655873043124653,,0.7615058521657919,0.5789473684210527,0,3
0.99274611381231159,-0.025835354550792534,0.11742098605354825,-0.007137433669701522,0.96225319701836365,0.27206220220484223,-0.120017542680907,-0.27092677845346452,0.95508872371401388,4.3235147779006589,-12.036030915289579,-1.8061102399726534,,0.4742004039991902,0.1538461538461539,0,2
0.71064752488232807,-0.70314346712310838,0.023861266117173551,0.69938023411109873,0.7097173343863683,0.084667546357572607,-0.076468186282434319,-0.043480684373652725,0.99612350969800589,15.146249090030766,-14.446348570659843,-2.7423864958657163,,0.7519730354724412,0.717948717948718,0,2
0.98133719157216459,-0.16870186963712808,0.092287570225860455,0.16428984522808751,0.98495832237342196,0.053534567732112785,-0.099930792012205824,-0.037373551721378552,0.99429223794593791,-3.8043674645904058,-10.171409578491934,-1.1127736259399856,0.7304846070056434,0.4036415097929679,0.2952380952380952,1,3
0.98071974209907875,0.12354165813587092,0.1514141544313371,-0.15331482155894618,0.96685911556618431,0.20415194375005188,-0.1211748857951418,-0.22342987569171563,0.967158589736409,-5.9504134997298275,-3.6115093521140111,-1.1267482245074691,,0.2547393935987303,0.296969696969697,0,2
-0.60040426570481698,0.77577733398281712,0.19412430502636935,-0.79692687590818934,-0.60061466086153126,-0.064572313055980934,0.066500166756720575,-0.1934723681477509,0.97884941159742667,21.109583742484638,-8.7161385907372306,-3.4388606001415574,,0.1999314130408303,0.1764705882352941,0,2
0.57604719973350249,0.79287040909151185,0.19881181571085965,-0.81682103094442426,0.56762370688886243,0.10298898380231945,-0.031193382087839398,-0.2217201879956025,0.97461127181513596,17.093373717336995,-15.065079531960574,-2.9407595963311413,,0.294431752980391,0.5833333333333334,0,2
-0.9760500540534609,0.15839351165497476,0.14912339671507044,-0.19146368100478564,-0.95090081248586367,-0.24316517774924273,0.1032857726811036,-0.26589309934507244,0.95845339421504372,9.1007464066509858,11.986735366064835,-2.8607362451485314,,0.2487989683431044,0.6,0,2
0.96976395084588851,0.11515188852858303,0.21516951970033868,-0.15118087650981679,0.97559197118078933,0.1592628278830493,-0.19157824045934127,-0.18697686577724806,0.96350268782532211,11.869257569488582,-12.046864033177744,-2.4628817323182641,,0.2140207922348608,0.1923076923076923,0,2
0.97533222028734146,0.15291895206622408,0.15919439113339845,-0.19233568772010282,0.94261357649649757,0.27292238573212907,-0.10832378916286409,-0.29680875914206084,0.94877316424841518,12.805168487123344,-15.157782526015176,-2.5031754086175906,,0.2583119665528086,0.3214285714285715,0,2
0.70350496805073537,-0.70624921320618417,0.079327225928929088,0.70585613214401555,0.70735020646688174,0.037720102411706827,-0.082751922289597588,0.029457329425890064,0.9961347223646364,3.6681063070374993,13.402175711774218,-2.495526095972862,,0.1213764216370277,0.3,0,3
0.5092375108899424,0.84380454672917005,0.1693252622079614,-0.85898684839253325,0.51047046381200523,0.039515817898890734,-0.05309191832358158,-0.16557111008486755,0.98476771662864016,29.998761326919563,4.0034232997462205,-4.5096223626576455,,0.4363672154173299,0.8,0,1
-0.1580780842809926,-0.98689579667909511,-0.032372917186842369,0.98734730586199526,-0.15756489578298805,-0.017849404022442547,0.012514666480239359,-0.03478491216074734,0.99931646289294074,-1.1461173252900279,-4.7440153793021267,-1.3525809433426637,1.117393389153284,0.949675112652179,0.4931506849315068,1,1
-0.885537178431684,-0.45792215667515601,0.078302005346129022,0.4541046244911241,-0.88877919183524401,-0.062133229245428925,0.098045375367870252,-0.019463981778240259,0.99499158678971222,-18.132885134892849,7.2631361333573068,-1.1318186828718253,,0.3264710496147998,0.2903225806451613,0,1
0.55608049530668457,0.8088276573162223,0.19123886503486739,-0.82906177728811969,0.55603051322764518,0.059047758633717196,-0.058575183988926464,-0.19138414020015704,0.97976581829563236,-1.9111814038666792,-21.469586799492195,-0.99585290190439391,,0.1183182214298967,0.1333333333333333,0,1
-0.8587022777276101,-0.49826852421595597,0.11982852749269414,0.49117663722276006,-0.86690836482368971,-0.084943499134761513,0.146205024783539,-0.014084203007956431,0.98915404561356135,20.435236644063497,-1.8420747585451176,-3.470023291645592,,0.1714064553726406,0.2222222222222222,0,4
0.25646882958669459,-0.95215775295582572,-0.16619071254598972,0.96593889093697261,0.2463630987750319,0.079166170410188974,-0.034435423997422936,-0.18083372762866054,0.98291065948337397,7.1148723212958052,-3.7676970729352477,-2.1380805417589981,,0.5163184849401091,0.4023668639053254,0,1
-0.82041033990451606,-0.5666196951345468,0.076609367987139423,0.56581781992056701,-0.82383301624654415,-0.033902153360179134,0.082322954502935905,0.015533268418256117,0.99648464550847615,9.8738377685151164,-16.245682003544552,-2.2099327544106182,,0.3210220998732555,0.2941176470588235,1,3
0.99332857232419913,-0.02579105099783403,0.11239737137849799,0.023435155321286351,0.99947813681335718,0.022231678460429477,-0.11291209368104048,-0.019449311569509655,0.99341460799609593,-1.3743659419966994,-10.705539722063259,-1.2864733358772138,0.6732263664860521,0.6355900181415253,0.8793103448275862,1,1
0.57816715510177363,0.79162892003521079,0.19760160354968448,-0.81333293384539318,0.57844235281182077,0.062401788403613552,-0.064902076114449828,-0.19679455642219937,0.97829424156468547,12.598629056783743,-11.309749812509152,-2.5606472533393525,,0.1446102318079168,0.2142857142857143,0,2
0.60804086134519841,-0.7897395661134794,0.081226403647353229,0.79051333470384466,0.61171367292687728,0.029917386411867454,-0.073314245477921036,0.046019561810200699,0.99624656653902754,16.267981023548408,-4.6452801536090167,-3.0230412003601539,,0.1025096766263452,0.1818181818181818,0,4
0.59448358879979579,-0.80386659046222975,-0.019691810133772098,0.80088629776465581,0.58973450062308397,0.10389589418097586,-0.07190549840268097,-0.077535304948591635,0.99439321990145879,-8.7829979821638542,-4.3939294474374231,-0.98421327258069469,0.3428625800293937,0.2275466603196122,0.2528735632183908,1,1
-0.16925836490178373,-0.98549715360450552,0.012122959547572308,0.98556247197006619,-0.16919070013182333,0.0064125527799647249,-0.0042684604984703648,0.013033312177681704,0.99990595208682098,20.424339704562669,-4.9699323577433416,-3.4127967379130606,,0.1334050730368876,0.25,0,2
0.56423530145973344,-0.82509867121679215,0.029166887782690928,0.82274713986593151,0.56486654485260657,0.06334769410726851,-0.068743497358467368,-0.011746031779394081,0.99756521707022461,8.7714682832966542,-10.413047198098182,-2.2705808742268276,,0.07468200522926646,0.2692307692307692,0,4
0.78982458837188674,0.58364006698565807,0.18852424727911429,-0.60722591374646007,0.7873717674717583,0.10640671719011206,-0.086335446242877992,-0.19851944992210771,0.97628695511343777,-9.5212566082889367,-14.274197753766014,-0.52237224756442879,,0.1890353639105121,0.2,0,1
-0.98866215574189142,-0.10717759041772898,0.10516703816332883,0.099046399084467149,-0.99188403031391936,-0.07972378087257101,0.11285810840253349,-0.068403468628913749,0.99125375804954052,11.143860591560056,-7.8008154018860774,-2.5027665662822711,,0.7884341402143749,0.8,0,3
-0.42040772155591949,-0.89832904824408277,-0.12752360070606822,0.90420530083563533,-0.40313476861484443,-0.1410501055461999,0.075300209806472548,-0.17460606923797389,0.98175485687027064,-12.355355687392807,7.0238124464255085,-1.3281174204637478,0.3232969042465458,0.3876366771076145,0.3482142857142857,1,3
-0.91968881527737323,0.36721272708573954,0.13902264606875139,-0.38747950198349618,-0.90604967885174259,-0.17009883890043825,0.063498965316963848,-0.2103064252915483,0.97557116033878688,9.0523591383442383,16.924742815920943,-2.9686286650272224,,0.3409550957041993,0.1428571428571428,0,4
-0.99119669885611816,-0.066353918301697346,0.11456989876378898,0.060877086802236184,-0.99685874780970218,-0.050661792484518686,0.11757161425789039,-0.043241119796822047,0.99212253329894196,-11.18768475211168,15.027479274627042,-1.7126038650940827,,0.1170501306871179,0.1923076923076923,0,4
0.96100721808898226,0.21017874137048692,0.17969424992690547,-0.23254102144227512,0.96589716078448384,0.11387426458623592,-0.14963221620847059,-0.15122027464725343,0.97710932264928818,-3.9408548338641332,22.653778698629843,-2.3256132834940719,,0.179602840922076,0.4117647058823529,0,3
0.98628683010278673,0.1172239625295971,0.11617586399359069,-0.12327087779012513,0.99129311512787543,0.046284452993691848,-0.10973868713744342,-0.059970847158705848,0.99214964498124913,7.8635659954632002,14.063199465321706,-2.7944724254190998,,0.08323250085957122,0.6086956521739131,0,3
