axis_00,axis_01,axis_02,axis_10,axis_11,axis_12,axis_20,axis_21,axis_22,location_x,location_y,location_z,dbh,dbh_approximation,score,reconstructed,number_clusters
0.98785356149576742,-0.13287026789312303,0.080565705794325718,0.10323865849209971,0.94871942145949362,0.29878627602069668,-0.11613406232832701,-0.28683959150642718,0.95091320755973652,-15.872895386992777,10.759596899230297,-1.1790543390458592,,0.301095105185654,0.3409090909090909,0,4
-0.26290101757431117,0.95546571878991593,0.13404594427158092,-0.96110828582066721,-0.2715285272556352,0.050429374507757925,0.084580836394834186,-0.11557473384634634,0.98969114526254875,-10.771007460187302,9.2534510300997166,-1.5358566555634909,,0.06838318647977977,0.2372881355932203,0,4
-0.44725277403832198,0.8795563801014149,0.1623130627457984,-0.8895443557933379,-0.45633376959419647,0.021687088420695999,0.093143948763416196,-0.13468505838008421,0.98650095785960179,-23.422969092418938,12.144235628219581,-0.48783324666525918,0.2439510987728279,0.3164309364373724,0.8764044943820225,1,5
0.089253804940601242,0.9545625713350756,0.28433089123377664,-0.99441300715785474,0.069248901941360311,0.079670325562210667,0.056360708821819046,-0.2898532162769365,0.95541016506787169,-13.097670662159398,-9.0639659046557401,1.0926874484943168,0.2526642247553918,0.2577989506194912,0.2608695652173913,1,3
0.18789583243310995,0.94011997102033651,0.28437580108544863,-0.98156672444564574,0.16942952938184688,0.088433025700200341,0.034955995413019747,-0.29575002056156802,0.95462558300231903,-13.864305787362998,-9.2261860254099961,1.1554344297549264,,0.3040976445542525,0.3783783783783784,0,1
0.65991867222813672,-0.74889372106726937,0.060543708101443341,0.74078856479722521,0.66199318598105772,0.11400580678332765,-0.12545775508242399,-0.030384474006780741,0.99163356913176914,3.1316323661943732,14.219193087399443,-2.7122283949135979,0.21248401519514,0.1065692213556882,0.3846153846153846,1,4
-0.9438425935221787,-0.32128701041909474,0.07704424436184748,0.31999140960178218,-0.9469781076266548,-0.028947563920040699,0.082259689000093436,-0.0026684474513885064,0.9966073564618152,6.4866830934975974,15.199612236754998,-2.9725389044741357,,0.1193558173986692,0.1739130434782609,1,5
-0.53234277545809949,-0.84408051262259975,0.064337062633729458,0.84648018110417422,-0.53158788382015765,0.029759448473568251,0.0090814324537338616,0.070302275826431587,0.99748439466400296,13.505900897373438,22.014756026011977,-3.9186245384368252,,0.08336644931576566,0.1818181818181818,0,1
-0.52879834009367999,-0.84487350698581964,-0.081000448811416534,0.84862849092710391,-0.52790901331828033,-0.033789910389142509,-0.014212666919161378,-0.086607337164943315,0.99614113922086522,11.2837567066801,-10.73169038528858,-0.62451386282040477,,0.3855264728246148,0.25,0,5
0.83873808128266647,-0.54439101652373789,0.012524062221237545,0.53677168652145146,0.83043142803710779,0.1491971845483881,-0.091621981833984678,-0.11841479830029768,0.98872814665524311,-9.5785220888877056,11.971379839488433,-1.8014020590621485,,0.09298243475846131,0.2790697674418605,0,6
0.96879507717376434,-0.23235500933288847,0.086297439601612083,0.21946955418607964,0.96595230228687656,0.1370009652960413,-0.11519207103461626,-0.1137862001500926,0.9868046855513809,-3.746383507799075,-3.2556729668251116,-0.64830129073581,,0.08862420738045151,0.2650602409638554,0,5
0.5775182428552269,-0.81258498033990056,-0.078602346627911213,0.80808183921385146,0.55530258096633167,0.19657768109551554,-0.11608798517577346,-0.1770443258004446,0.97733253624326644,-13.927618667888265,10.937653030232514,-1.344032085232969,0.563804281709511,0.2260979211401283,0.2428571428571429,1,5
-0.12383167462666451,0.98076341598672678,0.15089346646293855,-0.99018337439577697,-0.13206450814678103,0.045780462624801774,0.064827474340344068,-0.14374313044453596,0.98748939792822932,-3.7475039575691733,-6.8663105710924981,-0.06493436565249984,0.1888366708724633,0.1236190373893143,0.6143790849673203,1,5
0.55430108896433683,-0.83034205912179804,0.057291950798721833,0.82586843707017876,0.55725389800873804,0.086077975146538657,-0.10340032603532444,-0.00039750149672949573,0.99463974109641784,12.602254677068101,-7.3608769156696514,-1.1304941422869959,,0.06924934948060565,0.3181818181818182,0,5
-0.85752938677318613,-0.51200933233425405,0.049897839863394376,0.50188261543532164,-0.85395668783021217,-0.1373747270565194,0.11294773633943556,-0.092760007075697759,0.98926153768511205,-11.591449976696051,10.493724396006431,-1.5541665857942228,0.157048999412442,0.1452133939900848,0.3103448275862069,1,5
0.61291068241037572,0.77963014962879951,0.12851974625333884,-0.78995518787542085,0.60822999863209481,0.077634205816189003,-0.017643597591077025,-0.14910767436244571,0.98866354484742014,-14.710331588407186,6.6026633803224097,-0.90000721954089058,,0.1011470737556909,0.4473684210526316,0,5
-0.83713900967124122,0.5282592707437751,0.14191695233448143,-0.53474028940373775,-0.8449675719372719,-0.0090898439391215672,0.11511342830034932,-0.083498175115899437,0.98983683169361514,-3.6358360528283966,3.5432219420176061,-1.3181294786257127,,0.08434805921434654,0.3393393393393394,0,5
-0.91684483025821484,-0.39666375774077334,0.04531468331297428,0.39119541499643323,-0.91523200251517289,-0.096522167701705269,0.079760294097717857,-0.070768954118573993,0.99429877331635563,3.5685846279760085,3.8043176288875844,-1.7138061381652556,0.4997558376660237,0.3087359716550293,0.3114754098360656,1,5
0.19492956921500501,0.97312402610934878,0.12260543566410002,-0.98021485495605487,0.18890142258089376,0.059119291863108325,0.034370062105462895,-0.13170376743148157,0.99069309903482261,-4.2341572113920058,-4.1304918634595911,-0.55013666319669374,0.137857264778694,0.09498502193489493,0.4149659863945578,1,5
0.24079386926389884,-0.97054047276890465,0.0083368604661500628,0.96809945443494028,0.24078378244553222,0.069329765858499898,-0.069294724530026178,-0.0086232725072482117,0.99755896082566176,-20.780003999891857,18.217118210302221,-1.3363452244579812,,0.5017248740959195,0.8529411764705882,0,2
0.41908296441936677,-0.90783332891141422,0.014426220956859871,0.90296598102681314,0.41839300597423246,0.097978210129248219,-0.094983714613406517,-0.02803461199064838,0.99508399368534384,11.534689183259085,-4.1879970636035653,-1.3418306240972133,0.8685437192963765,0.7433473967009168,1,1,5
0.92164778283746551,-0.38497048359191877,0.04861163599167688,0.36868380099322767,0.90786479199438086,0.19963410115054278,-0.12098602925945284,-0.16607000397423757,0.97866395381868787,5.3360476318864487,19.248959785777579,-3.2898457513334538,0.7249343211213923,0.2992337630364786,0.5483870967741935,1,3
-0.17727621338193358,-0.98403465412165581,-0.015777948429282148,0.98158421929903938,-0.17794870803631438,0.069474295471799827,-0.071172779853392598,-0.0031712451624791231,0.99745896086609021,6.2710960147771253,8.2955824072508406,-2.222765273026428,0.7126264263830496,0.3757767848518833,0.5185185185185185,1,2
-0.82470095370214691,0.53773689736824548,0.17523517389936771,-0.54933874931554871,-0.83530878157686161,-0.022049442646174547,0.13451868072203738,-0.11444766764487227,0.98427966346331219,21.000237411102113,-13.501209951455174,-1.2562763272810795,,0.1547873215827681,0.2631578947368421,0,2
-0.29614044849481358,-0.95473402204167479,0.02799610546874905,0.95507081231238744,-0.29562655575680885,0.021087508158222131,-0.01185656924440541,0.03298312731523536,0.99938557878241363,-8.9227965082430369,6.4031560245141845,-1.3767088868652948,0.1365055389120707,0.1925069408341942,0.4096774193548387,1,6
0.053498227180958091,0.96839095112543538,0.24363272659244392,-0.99733272326650413,0.039685603890619543,0.061257586841593235,0.04965258090284011,-0.24626006298669451,0.96793109392532484,-6.7638140703804321,-5.3511105816234483,-0.11838731059101501,,0.07119613607669108,0.2857142857142857,0,5
0.77908978365474713,0.59353942929456882,0.20181688452029417,-0.62423653899137033,0.76417919881530594,0.16235422842067743,-0.05786062903975063,-0.25246999419866839,0.96587320577622904,34.981845608104152,-6.0394312435547866,-3.1194382934459886,,0.51422376528507,0.375,1,3
0.059000664548274746,-0.99630841976192042,0.062357471840709874,0.99627228903497711,0.06270630481509841,0.059240572561726844,-0.062932087871507961,0.058629788059816057,0.9962941835964878,13.994178139215025,-6.9284869120290695,-1.304734694248781,,0.07659563364908265,0.25,0,5
-0.72438989696885958,0.6744740320470124,0.1426325953759871,-0.68110183032614324,-0.73218177484384439,0.0031851707795919489,0.10658130181144392,-0.094840016241896238,0.98977057817628333,-2.6430398464295903,-18.059950727106933,1.2856148502023697,0.2037518979716726,0.1207870388751226,0.35,1,5
0.70082015894589045,0.68200080994033918,0.20910762792346435,-0.71316782384740018,0.67627579876687072,0.18450663682099464,-0.015580752350900196,-0.27843480249953018,0.96032874627037346,-2.9516781910801573,-9.9617646896019796,0.39702418438440035,,0.2307457509390316,0.2692307692307692,0,6
-0.83722906457367252,-0.54119770166794234,0.07843813576590461,0.54359969869384617,-0.83926452294632803,0.01159431341788286,0.05955552882019529,0.05234604314568081,0.99685155903671907,-16.638505124568763,9.351419912573979,-1.0043993236470556,0.1016433327589516,0.1153081456762191,0.4723926380368098,1,5
0.92457883997459733,0.33147816856107154,0.18781957416261094,-0.37378930612185329,0.88461427835390838,0.27881738317640226,-0.073726001520292156,-0.32799360100433533,0.94179863792640839,3.3324043648863295,-14.101446782229443,0.42825799575832041,,0.2437647063373853,0.4545454545454545,0,6
-0.96778693688038664,-0.24072060217581753,0.073770159900816576,0.22582092692242209,-0.95949902584117919,-0.16842365740515261,0.11132544079220336,-0.14633936961030647,0.98295037267121577,0.89498283427953074,6.7199118402416689,-1.8398331936529904,,0.3406259189634503,0.2790697674418605,0,5
-0.76384822509915262,0.61750664059410365,0.18767375371921063,-0.6347977246435359,-0.77132034641528768,-0.045790522962621358,0.11648063272606347,-0.15411188152762653,0.98116348799359154,-0.71006578158637146,10.086800883076316,-2.1328205050690157,,0.0865643700822533,0.2857142857142857,0,5
0.00073860856553804096,-0.98004048435111979,-0.19879663852844673,0.99843716180777087,-0.01038622955792764,0.05491229513337078,-0.055881019842441176,-0.19852651024080636,0.97850116829412948,-8.9190283458617579,16.254692823620953,-2.2126063156459974,1.013466386400856,0.7798476094157764,0.3125,1,1
-0.90510863949949683,0.39960310291193296,0.14524362583785275,-0.40674973958696914,-0.91327291469478422,-0.022073346615944456,0.12382649171039238,-0.079056583710972059,0.98914966335870913,7.6369623799171569,12.728708281869885,-2.7409775564078647,,0.096782320534713,0.3888888888888889,0,5
-0.98421863777503493,0.13608015914919153,0.11311880189511501,-0.13613091328613267,-0.99066387351398821,0.007311919183479061,0.11305771757884987,-0.0082024386735302171,0.99355456442797829,17.673308440582272,-10.13763443366607,-1.1795516339222882,0.2121623640221202,0.161152486485812,0.5555555555555556,1,5
0.73269722318135155,-0.67700371943534665,-0.069431570722865946,0.67075033722660182,0.70111843608247693,0.24192338393727614,-0.11510327646395556,-0.22382784111001297,0.96780800435380465,-19.559225686479735,25.133283058723173,-2.1400191519885166,,0.3328225443625705,0.4,0,1
0.45298704823704727,0.87353983548766345,0.17813166463510377,-0.89151192055722595,0.44453096453949054,0.087170620451833325,-0.0030380312464156848,-0.19829366450236496,0.98013794589556102,16.910570924887491,0.56385194687270213,-2.1609217059242432,0.1558917141582246,0.1203361514012062,0.4102564102564102,1,5
-0.42755265238544876,0.88859825403043136,0.16610801417221527,-0.89779333272425244,-0.43887039775312164,0.036876899163264823,0.10566863846027467,-0.13336385158687589,0.98541779055173651,-12.725334981333454,-6.6723835397238425,0.74155637876972147,,0.07611008228237705,0.2307692307692308,0,3
0.95405146717307521,-0.29144288279458547,0.069619279321783578,0.2732651324762026,0.94157576921159614,0.19687873985363516,-0.12293073398327402,-0.16880792902578182,0.97795292204704865,-7.6135237953171853,10.357550265606447,-1.7822666071126558,,0.07703828783532825,0.4193548387096774,0,5
0.90828547802394444,0.39230777180605653,0.14530004332890259,-0.41364020741618368,0.89412626401058259,0.17158089291985271,-0.062604067116366457,-0.21594637340563147,0.974396169221454,2.4087585432777114,11.57172900780793,-2.4107408619171324,0.5370074070787682,0.3329854251222813,0.5748031496062992,1,5
0.69243001975869412,0.70132527743605055,0.16936210605156293,-0.72068410104261216,0.68339274156164276,0.1165709538661476,-0.033986677410070311,-0.20277380503928064,0.97863562664993731,-16.094215018789217,7.3216620392291478,-0.81801615629210644,0.8352520176857482,0.4719473576044583,0.5766423357664233,1,4
0.95235618133481803,-0.3002903355762363,0.05332371173197252,0.28180541289661176,0.93327393279633675,0.22267796394126965,-0.11663367067675305,-0.19704182480471141,0.97343264078317016,-16.929190309708421,-7.7505776142074048,1.2947800801876377,,0.307224116212727,0.2352941176470588,0,1
0.15755785468194694,-0.98506028156061776,-0.069510892094256829,0.98490056239348689,0.15163822823341086,0.083526821651647057,-0.071738445933938022,-0.081621623543941549,0.99407821922876638,14.592292789942455,-6.1041461065363674,-1.4021259867646794,,0.163225589646242,0.28125,0,2
-0.18501000077634491,0.95683396428760514,0.22414295527275196,-0.98071089378268661,-0.19439927154856193,0.020373169546067368,0.06306696780963203,-0.21605019788709875,0.97434330169824857,-22.056684496096469,10.971140299741499,-0.5125357509695716,,0.6991576764622013,0.6981132075471698,0,2
0.50958221323179442,-0.85958903124410457,0.037850565684113782,0.85444741102029542,0.51072900800517906,0.095265430155748926,-0.10122050068291544,-0.016204250888800759,0.99473204054892717,9.9053161954571518,6.5228211671297185,-2.1890132182492157,,0.07313045129508974,0.24,0,3
-0.50174625223308278,-0.86130141373868696,0.080066054366354916,0.86500068787630446,-0.50011384765100686,0.040742476130290646,0.0049505902251584209,0.089699576807507717,0.99595656410155664,-4.0900873940710687,4.6685790980472381,-1.4124154672990679,,0.1029564883800334,0.5028901734104047,0,5
0.91888728686193477,-0.38210311411704245,0.098200632511048019,0.37614153804471073,0.92359447830986829,0.074099817765509071,-0.11901133307744687,-0.031152043553843423,0.9924040773704772,-10.247675831975185,11.392448283230364,-1.705680772865944,,0.1005893895317151,0.1525423728813559,0,5
-0.85119522918375223,-0.52407889856241352,0.028425163085324664,0.52118877947545306,-0.85040342239261812,-0.071946336472476127,0.061878412743924506,-0.046425502307789565,0.99700337751271551,-6.9343617869964023,12.16000726861952,-1.9739930508546522,,0.2044511578447822,0.22,0,5
0.28678472572753999,0.93030252304655392,0.22867386536855502,-0.95769337281737987,0.27241702559903763,0.092802843843522137,0.024040065537587457,-0.24561388351839905,0.96906960300690448,17.198533316815048,5.9868782274551302,-2.5742725934290966,,0.1185281420624269,0.4444444444444444,0,4
-0.7710605747955992,-0.63359214937459407,0.063455324810167565,0.63518698319513067,-0.77232923549395427,0.0067118090553100231,0.0447558529731115,0.04548120768194313,0.99796211018878,-14.746195406002208,-8.6593320273594063,1.1959980440045983,0.3186631385424745,0.2169469263333807,0.4210526315789473,1,3
-0.95887156980017141,0.24929136515779635,0.1357170876740211,-0.25613153714383452,-0.96599957557070937,-0.035234296893042277,0.12231904311795549,-0.068546591855268277,0.99012091000833613,-5.6097017003403487,-6.8321010534419022,0.13201822690798101,,0.142150763938895,0.26,0,4
-0.43611725211756253,0.87492683957660189,0.2104869777300426,-0.89765852290426218,-0.43942941170543098,-0.033331192381301153,0.063331813986075167,-0.20348173755086699,0.97702828199623548,-15.220738610646222,-6.6432852648384415,0.9342436483144958,,0.1793403313767045,0.3225806451612903,0,2
-0.98567959645745773,-0.14870007873801741,0.0795237053385522,0.13370375678436808,-0.9765415972495336,-0.16878925991625904,0.10275718247019036,-0.15573951144343345,0.98243888666224466,-0.94053784102191895,19.008947300316084,-3.0409866872634255,,0.2846303792270385,0.3478260869565217,0,5
-0.80530923010703626,0.57325496653666352,0.15118130587298362,-0.58103758044904308,-0.81382511994139684,-0.0091653836958946657,0.11778104266109214,-0.095222988261341637,0.98846355951863285,18.198704318072188,-12.428328678838989,-1.085314475064562,,0.4003174658746506,0.7727272727272727,0,1
0.97453121622858663,-0.22279282948720161,0.025539454283945735,0.2054083784651104,0.93253166356751815,0.29697153819909144,-0.08997947906255653,-0.28416201641508515,0.9545447301067389,-23.760766483799426,13.119229058253243,-0.50051174510556184,,0.4144090435395729,0.4181818181818182,0,4
0.71038576317023228,0.66934043901547824,0.21756710271457186,-0.70377984681358174,0.67853910595943012,0.21042482957775821,-0.006781939552795279,-0.30260214536969804,0.95309283226428598,1.7430004137496857,4.2075898046859264,-1.6543282153314056,0.7553398185129621,0.607523509074772,0.6308411214953271,1,3
0.59551152905176075,0.79049316810350068,0.14313130317343478,-0.80311916952048312,0.59005804796089512,0.082650466334491121,-0.019121148374632375,-0.16417079892072722,0.98624658704938839,-6.1017840753593724,10.038541331757383,-1.867707824324484,,0.07285942827151785,0.2876712328767123,0,5
-0.83697415706252987,-0.54060623305930033,0.084965647098696848,0.54438458003573653,-0.83835336367170543,0.028444096745219409,0.055854180047528262,0.070060962010023792,0.99597779702835132,-3.0161068810395215,-11.32708667818479,0.55365474186721886,,0.07509144329085561,0.4444444444444444,0,5
-0.18079896004632773,0.95813221254048941,0.22202342069798209,-0.9803991304216072,-0.1935425863526524,0.036862071787723577,0.078289725473548399,-0.21100694434115877,0.97434428634086212,-8.2008340385423573,-11.911545316060526,0.93472124311043847,,0.1490874134124413,0.2941176470588235,0,3
0.74718784077056377,0.6417865766106079,0.17268561227577378,-0.66429466589053476,0.72921984956188823,0.16416762127265019,-0.0205652005583613,-0.23737818157398874,0.97119960432375652,-8.7261751489704356,22.551525797730115,-2.8064609488866892,0.2286622792114898,0.1885852496806084,0.5714285714285714,1,4
-0.41903544087735567,0.86900980027202446,0.26311835040509007,-0.90238359576661575,-0.43068359458368505,-0.014679490719689815,0.10056413565498112,-0.24358491001630583,0.9646518782609167,8.8327816303655613,3.018981899461096,-1.8718642961925593,0.2239630950023818,0.1595537319941129,0.5,1,5
0.4473655060506293,-0.89106925811210191,0.076548554810745864,0.88895618779074215,0.45242215842992745,0.071211563317749346,-0.098086697286719066,0.036190714405149954,0.99451959860338091,-5.7590097577882,11.184137923543865,-1.9831325958254844,0.3263337761730665,0.3284757190329574,0.8657142857142858,1,5
-0.33403126842796171,0.92146005951091703,0.1983291971408743,-0.93846052978405603,-0.34474006225329273,0.021121636182471547,0.087834763902658736,-0.17906883649516647,0.97990785589586515,-5.4798646631700105,25.317580284481359,-3.2260512585261978,,0.09913045617076395,0.6666666666666666,0,1
-0.57778904984407942,-0.81364652177835417,0.064336237675684832,0.81603709846207961,-0.57739236915534919,0.026485958067692592,0.015597045036359891,0.067804053264974851,0.99757673516726242,-20.821997812144847,9.4827587317689712,-0.54542639791994996,,0.06644118864134277,0.2142857142857143,0,1
0.89942281767222421,0.36510968419144457,0.24027799225101945,-0.43124572042544224,0.83081344125694745,0.35181835432724484,-0.071173897359205512,-0.42005231142848515,0.9047045550887256,-18.950655045206805,8.7111147639381628,-0.72189003134639917,,0.3690672511419,0.2307692307692308,0,1
-0.98940556110677247,-0.12902599931350356,0.066550185214943922,0.10725402599799937,-0.95856860557947066,-0.26389922755599171,0.097842779796017867,-0.25396558802046476,0.96225166694748143,17.200667799530187,4.996925273407296,-2.4842390743317133,,0.4441042971554161,0.2,0,2
-0.770175551517428,-0.63295961370618636,0.078687656349273299,0.63616892868452413,-0.77120234354848061,0.023152526465093547,0.046029490777229197,0.067890151879688443,0.99663042962601855,-16.402004685548601,-11.019349019145695,1.498534892337487,,0.08853647670509411,0.3,0,1
0.19805245266792218,0.95823950152389037,0.2062820489317127,-0.97944025156179515,0.18523106204826637,0.07991399923066364,0.038366907782458118,-0.21786810544849464,0.97522380457795177,-11.591306535083636,16.269433616487422,-2.0350424904761102,0.7822219781182561,0.8085027443083727,0.7222222222222222,1,5
-0.99411580585813741,0.033044676072158108,0.10315916792177622,-0.028839109831905321,-0.99870144580831444,0.041996760404669174,0.10441297949551288,0.038774624739254721,0.99377787165402365,2.4007583922849238,1.671091468459067,-1.4743884767400057,,0.07712978840469789,0.3097345132743363,0,5
0.73045238045310368,-0.68205547177991643,0.035208710647637781,0.67361214136745218,0.72799457258437694,0.12755620443571178,-0.11263215745402901,-0.069456718197486125,0.99120621537825571,-15.990993955625491,5.0180247040888863,-0.57523432348857895,0.4033676285896274,0.3862789529228669,0.8758169934640523,1,5
0.99091944091204842,-0.089034744784736192,0.10075453262096444,0.079870463007439385,0.99258720120107402,0.091604351156451561,-0.10816362956895154,-0.08272522126252739,0.99068520076033006,-15.942872382161019,17.872587337813481,-1.8413736088150581,,0.08824939447280418,0.25,0,2
-0.4251565809029349,-0.90264318747108852,0.066911567213443254,0.90503029630529308,-0.42291161857449,0.0454524547660363,-0.0127296694568074,0.079881405763407409,0.9967230891921699,-13.075295786244331,-3.4650240277228121,0.096218406726858163,,0.08007716252042341,0.3442622950819672,0,2
0.44364016293872716,-0.8942422006839984,0.059281467116956775,0.89150463611906061,0.4471126425456996,0.072868159397797297,-0.091667276636327205,0.020522460662422706,0.99557819331403496,0.77751797231609809,15.085329377081953,-2.729200394819014,0.4634868259800786,0.7328180197960459,0.9063670411985019,1,5
-0.76225591120082048,-0.64168584338566226,0.08488347446846263,0.64582039193344953,-0.76276307088692485,0.0332944297754732,0.043381415402597233,0.080198354656310561,0.99583446250272345,-13.14267219091211,17.111297385788312,-2.0159154114862377,,0.0765798217084606,0.25,0,3
0.77146064652811386,0.61484496699297031,0.1637502287688129,-0.63386680876566992,0.76503046594237789,0.11375963662571605,-0.055329373786905223,-0.19155691776441397,0.9799207149830782,12.957782932565969,11.804704638455025,-2.9351779925163899,0.7479194344935405,0.5851294496762683,0.8526315789473684,1,5
-0.69496294838514971,0.67972691985773448,0.23451612906692892,-0.7137885986277831,-0.69152446369744924,-0.11090424958919025,0.086789036409016085,-0.24446928340524166,0.9657652057464704,-13.457498586939542,12.039857316478237,-1.5018650651081122,0.5719041833352816,0.615543453560418,0.2949640287769784,1,3
0.98515123641914526,0.12231468538136885,0.12048302420625652,-0.14137601894494864,0.97610062244320495,0.16504664835513921,-0.097415926054758517,-0.17962932000662982,0.97889909834714273,17.308671260839688,9.8527621976042568,-3.0782053854263411,0.3292974910747879,0.1345607739296236,0.2727272727272727,1,4
0.72883689394216833,-0.68443373250400807,-0.018634587179891419,0.67471704354689765,0.71332993950402446,0.18951862323929908,-0.11642032973697992,-0.15070123827565998,0.98170028196294024,-14.82561409646642,17.982164642724019,-1.9408874890608103,0.4330623595726374,0.2383440686280415,0.5625,1,5
-0.55372034513468671,-0.83004093558666581,0.066526871520732167,0.83269002094652311,-0.55238276275183684,0.038737739101908635,0.0045943878811981319,0.076846136305351406,0.9970323780775312,9.2497404761505226,-9.5799614396450998,-0.56586436836174747,0.3280609556363855,0.21901344812169,0.2352941176470588,1,5
-0.971126335775234,0.20737339332717775,0.1179403056793546,-0.20551984107752772,-0.97825797138061765,0.027801732927049592,0.12114138387535359,0.0027599221457913384,0.99263142603008181,-23.11382305598395,18.09554884334921,-1.0466349336612251,,0.1056405700454861,0.2142857142857143,0,2
-0.7550918856300014,-0.65154861629447403,0.072942750568404213,0.65427628218907574,-0.75598396369076171,0.020268034123859004,0.041937940108799282,0.063028939759138536,0.99713016298388524,21.516362349085167,-10.931893562497219,-1.5056042085170516,,0.08734797181146761,0.2352941176470588,0,5
0.94748242467970178,-0.30516358218056422,0.095667356155582209,0.2978434038812075,0.95095049754958239,0.083561103239830042,-0.11647472553103051,-0.050678785708890645,0.99189984322588909,3.404231383654746,-11.804045808837277,0.0834205967192201,0.3283953025918406,0.2774909117734342,0.8032786885245902,1,5
0.33470040697030368,-0.94177411891651974,-0.032204759165789305,0.93850488135412147,0.33007493535952587,0.10128733742127861,-0.084759809157407898,-0.06412523673576756,0.99433582293166034,-22.357397900015869,12.99811840261501,-0.68661793763487,,0.0945094975040339,0.2222222222222222,0,4
-0.94983416794544084,-0.30165503032495616,0.082579029317629421,0.30164603347896679,-0.95333292623557597,-0.012884185714297608,0.082611887097427894,0.012671796824611833,0.99650123014246106,5.803302644316731,17.177349289622526,-3.1823798068665403,,0.6428772321301922,0.5692307692307692,0,2
0.73444175400418366,0.66486241695016501,0.1362104126065336,-0.67750251224587532,0.73003404684337847,0.089669595460259363,-0.039820294772702547,-0.15813999170565232,0.98661344362802506,0.62070804291911152,5.3428779388441576,-1.7488445129262724,0.4277662527710371,0.3635490599735476,0.8982511923688394,1,5
-0.11679335452246437,-0.9920795679541804,0.046232490601689234,0.99205946809041534,-0.11435077648774455,0.052363266597976493,-0.046661805703924593,0.051981061594538823,0.99755733926624612,-13.339291575684522,13.367313914776165,-1.6177194519465079,,0.08553309345463204,0.3142857142857143,0,4
-0.89908734694706793,0.41929214902514456,0.12584131406481006,-0.419473447286493,-0.90738503743226595,0.026351866454401959,0.12523565618971308,-0.029094460124236436,0.99170032913618178,-0.31682554898937387,-3.8796658068080654,-0.77998743760266243,0.1759678972846037,0.1592584079356955,0.5,1,5
0.9170227128823204,-0.39301047820970952,0.067912503085407028,0.37948319580155088,0.91218233774788893,0.15464762140116819,-0.12272672146762451,-0.11604372761236423,0.98563279425942218,4.7119545091681774,14.66031028856237,-2.8452359907320544,,0.09166969977589134,0.1578947368421053,0,4
0.91782535485575523,0.35693048128148275,0.17377355816140821,-0.39229485398645597,0.8825564825961344,0.25922731831981932,-0.060838848769946018,-0.30609587805083049,0.95005470785667889,0.30417337335464056,17.72791545133887,-3.0198754000143588,,0.3123713181405688,0.3448275862068966,0,3
0.85220922209887195,-0.52318884870814453,-0.0035875279907046148,0.51272883806678793,0.83376686859922677,0.2047973326020722,-0.10415651868375518,-0.17636960456294176,0.97879782498838563,7.4439433302076843,5.1719991113773283,-1.9473894149098869,,0.3375244294724949,0.1896551724137931,0,2
0.14847307885995539,-0.98860856640683226,0.02467483091881064,0.98724047120430902,0.14962735037950842,0.054478509842877665,-0.057549951087191839,0.016271399615098863,0.99821002032860107,-12.256750787181454,-3.0124820581162286,-0.0099835775307222895,0.2532983508256031,0.2245222559016415,0.859375,1,3
0.83343810598476886,0.53269403276229965,0.14703057828886668,-0.54953889999722849,0.82695229131254688,0.11898279406184863,-0.058205849210854803,-0.17996381678650317,0.98194964421057596,8.7027511007641127,1.5758729368703872,-1.788763504266851,0.4979707299001053,0.369106902186278,0.7914110429447853,1,5
0.95459125308794857,-0.283767871677993,0.090726702416218899,0.27311387756888733,0.95520209549879787,0.11400774813139412,-0.11901407230771463,-0.084052077654550694,0.98932850905787928,7.924369725354973,0.09220982894625325,-1.6498775750624508,0.4200558649867175,0.3715860675999801,0.8557692307692307,1,5
-0.87893772012835503,-0.46481223838225078,0.10685535637323842,0.46748569530680295,-0.8840006355251524,-3.2781737079763913e-05,0.094475440295799532,0.04992453746614884,0.99427457562773203,-7.5780731465703379,6.4898403933794988,-1.4687079559174621,,0.1153572802766776,0.3644067796610169,0,4
0.91057052226574509,0.38939942927273807,0.13867014265066335,-0.40590146638329122,0.90575197828869269,0.12189074375856011,-0.078136569982200671,-0.16727653244907653,0.98280885126418704,-21.259402355807406,15.907275993952137,-1.0209697966475373,,0.07006611613412828,0.1764705882352941,0,2
0.85892706166320876,-0.50391362982407772,0.091188576149265885,0.49819188088544453,0.86346367440043792,0.07896412356709652,-0.11852912115776178,-0.02239501436522837,0.99269799575155371,4.6587775549743187,3.5696314220626642,-1.7490900839874859,0.2477051798296987,0.2107870573493194,0.8125,1,5
0.91262960183437147,0.38829270460779491,0.12781230537002208,-0.40251179654397867,0.90814183084999944,0.11516366051558898,-0.071354491789759125,-0.15654772629704594,0.9850895116143763,-11.687700301831818,7.0393039853712054,-1.2284548596410045,,0.1036850914856734,0.3186813186813187,0,5
0.99302109750721856,0.039419515321381229,0.11115395502359486,-0.059427698941026029,0.98133519222906795,0.18289228822264225,-0.10186976246234571,-0.18822152455170116,0.97682916069868619,-14.467833928059706,-11.416026888082772,1.3586521332526631,,0.1962563503509062,0.1666666666666667,0,1
-0.19557731276211796,-0.97991925572950955,-0.038829975318985882,0.98046327246845655,-0.19622724259310276,0.013661647219610792,-0.021006810162282969,-0.035399456420006692,0.9991524370244883,21.019913173944499,0.53247482525857126,-2.4027324591383223,,0.3756533869401653,0.2,0,3
-0.99227166433692815,0.044568398659453931,0.11580415361702297,-0.060243590365980967,-0.98893050718633591,-0.13559926908354983,0.10847881808832067,-0.14152777040958806,0.98397268063145549,7.3781738834429094,13.868404833937671,-2.8304677505159823,,0.1001024518266759,0.1818181818181818,0,1
0.85417918078417721,0.49166253214169942,0.16925094269422794,-0.51446403805410812,0.84637749453714106,0.13773848514519707,-0.075529336445740419,-0.2047268698267149,0.97590072656342564,10.183063085167152,5.1266176881843446,-2.0914125545716287,0.2298667196861199,0.1462452617894511,0.3043478260869565,1,5
-0.44136403242041489,-0.89430343250746225,0.073614954261764412,0.89732676483835661,-0.43973198474452341,0.037953375309332349,-0.001570983869976895,0.082807923521924995,0.99656428784683404,17.002451481523874,-6.6142462860523352,-1.4783925256941677,,0.0991654652850802,0.45,0,4
-0.14205610412161854,-0.9898535746788325,-0.0031565768365556463,0.98872653522010123,-0.14204538725857155,0.047359756230549034,-0.04732760117988704,0.0036067511834977006,0.99887290958983288,-20.289113691875443,8.4783631703639895,-0.52545834498255251,,0.4103223093485868,0.5714285714285714,0,2
0.33670884740139578,0.88272342190082476,0.3277598396834529,-0.94151764166487428,0.31077781888364964,0.13023700596887189,0.013102767472482575,-0.35244362346000929,0.93574131562464546,-18.877206097461048,10.009224268202463,-0.80172067800343461,,0.0866766187641738,0.3157894736842105,0,4
0.551871172882335,-0.83382871912836498,-0.012956685464558748,0.82916365424012584,0.5469924538251979,0.11526877263791425,-0.08902720386847042,-0.074356725419026395,0.99324983481313622,27.382053836442754,-14.260120580816723,-1.820313177288909,,0.192311313669763,0.4347826086956522,0,5
0.77029464521151969,0.6212450216171751,0.14387766565500848,-0.63595779288866694,0.76500584187608955,0.10160584412144523,-0.046945129913917708,-0.16976656034487839,0.98436551634341307,-23.935487508646602,14.751544364098121,-0.63049611648969972,0.403875144307477,0.3170352838020675,0.5476190476190477,1,5
0.68853732958261837,-0.72373381396259906,0.046105447599881624,0.71633703236880619,0.68865539075196691,0.112316556416704,-0.11303805477929751,-0.044307102313338183,0.99260227626996034,4.4024458069723398,10.181861230748376,-2.3621857991460247,,0.09859899210516512,0.4181818181818182,0,5
0.43385049331594022,-0.89511934470248289,-0.10264067511913953,0.90064577017962189,0.42773858269778869,0.076660951789308665,-0.024717324027309709,-0.12570228164629482,0.99176004672594309,8.5846618353899888,5.6053030600222753,-2.0266697063922399,,0.4753263464746693,0.3043478260869565,0,2
-0.99073930336160654,0.030455937481695179,0.13231805865666749,-0.053178819679985209,-0.98370270488110434,-0.17175855596459408,0.12493056436277657,-0.17720447026446606,0.97621254335635754,-5.1734170305672302,-8.4351393294409842,0.433820292437333,0.4221468585927143,0.4278739215141675,0.391304347826087,1,5
-0.50154000382873132,0.85346332634147815,0.1416261810175512,-0.85913137718632093,-0.51059231231031055,0.034478505529486836,0.10173937926590892,-0.10438314614798017,0.98931959320880603,9.2545708094416508,-14.75555601573795,-0.021118560970714392,0.1999477747753683,0.1937546323058277,0.5853658536585366,1,5
0.19489057344218855,0.96919863036316978,0.15057117680861262,-0.98020887833248116,0.18701902629780817,0.064918707941540157,0.034759447946625499,-0.16024324854662467,0.98646534762943927,-1.9303578870428495,17.869349255922387,-2.9203462991878069,,0.08083604600396152,0.3043478260869565,0,5
0.75777565165647509,-0.64641667233265809,0.089003075716393557,0.64189101634309143,0.76298423759832679,0.076360829713500847,-0.11726885730934064,-0.00073410276792024057,0.99309993263441942,-8.0873610625389478,-6.1879911135681338,0.17649222899583908,,0.06829165118641367,0.1290322580645161,0,5
-0.5207036565846449,0.83986376614408376,0.15328586476794046,-0.84581003265768684,-0.53189653567387074,0.041127411707247895,0.11607364332604848,-0.1082355286235074,0.98732567052042497,-12.60619680935422,14.222243614393649,-1.7799498121958064,,0.08727233739069994,0.2051282051282051,0,3
-0.74491541175925646,-0.66225600891106939,0.080734181018455892,0.66577403421932657,-0.7456992413434631,0.026030305782087114,0.042964691117968579,0.073141097345933478,0.996395712152643,-15.778727168144043,20.784655682131206,-2.0581774832854691,0.2964645569009003,0.207548198058965,0.4166666666666667,1,4
-0.09492957211180407,-0.99547235583672555,-0.0048130139776834712,0.99435335452590601,-0.095051012344527536,0.047188042927832956,-0.047431874111701577,-0.0003062958701569769,0.99887442829471429,-3.430212964516735,-17.453745659842813,1.2281958429399409,0.2987615895300255,0.2030686374921615,0.3214285714285715,1,4
0.89170384374240041,-0.45137577984076888,0.033528501728626758,0.4286755758813372,0.86598616470648282,0.25749798674894636,-0.1452635731965618,-0.21523909475300762,0.96569696405863936,-18.970120513734621,18.764176106975047,-1.6336520562546923,,0.2931848062765338,0.1666666666666667,0,4
-0.98639243291387824,0.12286502963068785,0.10924354802041748,-0.1207925702245668,-0.99235235009236777,0.025415905348768929,0.11153081757425701,0.011874247765843943,0.99369003163522418,16.500800033729231,-8.1789107616390027,-1.2811691939719254,,0.0868240554398903,0.1739130434782609,0,4
0.64022302631287187,0.70849770848571436,0.2968930340194576,-0.76623433277348274,0.61652645656456473,0.18105268745621342,-0.054766996064811509,-0.34340373531228963,0.93758970275681008,-10.142605524347685,-2.3376721934414411,-0.24127614549645368,0.2740513389345623,0.4816365040491961,0.2095490716180371,1,3
0.53604441314571005,-0.84006849525317451,0.083314527054643595,0.8371909083622745,0.54168701691210364,0.075409274392589778,-0.10847935329278928,0.029327444347130766,0.99366600571683283,-9.1019890156653229,14.420600663023492,-2.0049756878750209,0.4734861317290034,0.1939565951452871,0.32,1,5
-0.41515175634414692,0.89239630332623887,0.17685546927939128,-0.90355748231097821,-0.42710612890074917,0.034120826708375733,0.10598535447983587,-0.14563376141911688,0.98364521661557602,13.818572394859432,10.20011831592662,-2.8866101953817975,,0.1140292146057311,0.2777777777777778,0,2
0.43042762512876609,0.87710883105650306,0.21310128579787146,-0.90262287369559735,0.41773525593598987,0.10377477453406306,0.0020018510216618206,-0.23701762472607135,0.97150328777709205,-12.389404621798603,-8.4647767651182519,0.97072587677427513,,0.08733510552359906,0.3461538461538461,0,3
-0.22560760592924847,0.88360945728995144,0.41028713742284117,-0.97179780545939654,-0.23378477114805804,-0.030882132108232978,0.068631140535278537,-0.40568338364666445,0.91143335399897429,8.7696898585958625,-12.015004234171046,-0.36611708434990631,,0.4615109753654061,0.2941176470588235,0,2
-0.66101980307214592,-0.74840126290746922,-0.054298891562973864,0.74984162141511779,-0.65611280392233573,-0.085167665946176002,0.028113390759741976,-0.097013082662479447,0.99488597288951386,-7.7172802227978945,16.71079385239527,-2.4103844134310455,,0.08873486819339901,0.4210526315789473,0,1
0.7208635013237561,-0.69226503983585108,0.03353993262250618,0.68296997356367928,0.71775328645503123,0.13558110116616184,-0.11793145326706574,-0.074828700403449175,0.99019838311635744,-0.70141891749967733,-14.090427832045686,0.6415278284080802,0.4329557856629928,0.3674885898730259,0.7471264367816092,1,5
0.95293176709535421,-0.29072658050313299,0.086018036768346171,0.27861472998855902,0.95160542092302736,0.12969562484259156,-0.11956119560261834,-0.099625188877428175,0.98781574306507647,-11.942256878151532,11.882577861679387,-1.5938776678908846,,0.3183866235794484,0.8863636363636364,0,5
-0.19324658904905168,-0.97211492154272505,-0.13284703660559333,0.97986362738181987,-0.19814766410887136,0.024592172379437192,-0.050229747710385811,-0.1254196257456496,0.9908314134719246,-10.636454528075081,-4.5348728465892538,0.040852971385034506,,0.4675932353470531,0.3245033112582781,0,2
-0.92506545673298912,-0.37495358349844243,0.060528596390979662,0.3718773630612196,-0.92657066752012252,-0.056338485371440795,0.077208338940942436,-0.02960757188610234,0.99657526764664861,-14.114481724447502,-3.853516114436998,0.28535283275731982,,0.0690314495401161,0.2571428571428571,0,1
-0.80140085531157113,-0.59719188334634066,0.033444335411713592,0.59650133970531383,-0.80209201683734466,-0.028888548865693534,0.04407744134641231,-0.0032017168910358903,0.99902298680926371,-13.637159503125515,7.1145174658266672,-1.0511868278774288,0.8846349771186702,0.7537393554877051,0.9628378378378378,1,3
-0.93445382087123396,0.33109205037663081,0.13105003180674887,-0.33701548902247419,-0.94115920977214707,-0.02529628470763827,0.1149635456050916,-0.067804100454661453,0.99105296888886829,-9.7997952858927047,-8.8935223478367949,0.77041964933980434,0.4027017130851735,0.4343250378416,0.9335180055401662,1,5
0.86689259978289945,-0.49784256662142701,-0.025495083867956469,0.48680116952550068,0.83443621955780578,0.25834244103259674,-0.10733984251082593,-0.23636618698508025,0.96571692739636894,-17.99790727862603,15.842249665061223,-1.3919166867377804,,0.1578023489893693,0.2222222222222222,0,2
0.3614367558247949,0.91999658411204066,0.15155776707587171,-0.93229759941891222,0.35422311721402339,0.073124341699011802,0.013588879886920348,-0.16772676725364047,0.9857398611652376,13.042233703571648,18.55164686592866,-3.5150266823464524,0.1689155735590152,0.1428092293429714,0.4705882352941176,1,4
0.65786004067480819,-0.75312724920038476,0.0044173968807419669,0.74195582230458546,0.649086513021778,0.16789358642174734,-0.12931250763815164,-0.10717296825735341,0.98579522733843772,7.6148845972072134,3.537451351722035,-1.8587870792598669,,0.359757424885886,0.25,0,4
0.68939591083135687,-0.72390170788443942,-0.026449866748155051,0.71626920245784809,0.67576743691036234,0.17405976221401148,-0.10812820048166101,-0.13894131327143514,0.9843798066432522,16.098793852051717,17.033650521067159,-3.5910050852387125,0.190909923620701,0.2177811133117747,0.2,1,4
0.94087073197427351,-0.33119686021447486,0.071210290676756827,0.31352261890925304,0.93092891381501175,0.18728300738584391,-0.12831926256988035,-0.15388306341919628,0.97972147554610944,-24.499038943303315,15.646455454310761,-0.6444541558068132,0.2444676203723516,0.2247059659334958,0.6153846153846154,1,5
