axis_00,axis_01,axis_02,axis_10,axis_11,axis_12,axis_20,axis_21,axis_22,location_x,location_y,location_z,dbh,dbh_approximation,score,reconstructed,number_clusters
-0.92678820077372914,-0.37539346149607805,-0.011974137655211929,0.37360111134868035,-0.92469767252807766,0.073187594715131477,-0.038546601738990556,0.063355848089564376,0.99724630658991498,-14.281199201764764,17.360364224609004,-2.2326601928165268,,0.2669209456025022,0.84,0,5
0.87398944986009786,-0.4856830458012899,0.015950565959459526,0.47678850995813421,0.8634011537040357,0.16495806907952038,-0.09388907447167065,-0.13656656546799431,0.98617159505388818,-4.514141680475789,8.1081462713802619,-1.7907532972530134,0.5811438094648534,0.5173361274100439,0.8092909535452323,1,5
0.99941064633982857,0.0027642430108676063,0.034215770387114049,-0.0086806984755589643,0.98470703502764811,0.17400201332466136,-0.033211525959872278,-0.17419648138707072,0.98415068989244792,1.0945932118550117,14.068164754222988,-2.7152473887881885,,0.09052683865999113,0.5,1,5
0.98258798549477999,-0.18490620313402212,0.018180946176426026,0.17772104621759113,0.96390094718350261,0.19826798468253026,-0.054185611490830461,-0.19158460288161711,0.97997921378264863,-8.9875028439250446,-26.66800102996444,2.2787108439820893,0.8899105923582957,0.7369811275973696,0.5568181818181818,1,3
-0.12664912970385911,-0.98788491863355388,-0.089684923379747386,0.98401552024648298,-0.13653284211966837,0.11433389233629963,-0.12519366541202454,-0.073771068577740989,0.98938585778330135,-23.504529884060123,10.742611878795149,-1.1575999686059073,,0.1470807151476368,0.3548387096774194,0,2
0.95334325389157459,0.2675411755144278,0.13985120544272672,-0.29862532498547328,0.90367303761753781,0.30691685577760874,-0.044266867256969607,-0.33436022563614093,0.94140516462137769,-16.697793108439814,-25.100479683142627,2.4474266574311669,,0.4724757351954468,0.6666666666666666,0,2
-0.73971386055380572,-0.65816267753630975,-0.14016167237451618,0.66989675261578696,-0.73996477731417787,-0.060749231840436589,-0.063731823600215814,-0.13883089797525366,0.98826324247539221,10.662721689613646,13.174932136432057,-3.3021610220075344,,0.2567772242835847,0.2368421052631579,0,5
0.66641070810817338,0.74307873765315757,0.061079929326683678,-0.74172313508155518,0.65240356511408859,0.1556161274136329,0.075786271867350263,-0.14900865033351848,0.98592741270452089,4.7475517282465223,10.322885638741493,-2.6176353926189027,,0.07792377847665077,0.3,0,5
-0.10607146050943871,-0.99272167357398955,-0.057030904620673561,0.98646443360257363,-0.11226885127056908,0.1195141258242757,-0.12504705715269177,-0.043581921146785378,0.99119314447115026,10.294339678725368,11.860583835519144,-3.1365146855497259,,0.09507694105075672,0.25,0,5
0.060765271020603424,0.98917210842658931,0.13358937737967103,-0.9899273166499577,0.042576613142772148,0.13502273794996389,0.12787294314281861,-0.14044846714786979,0.98179567043647453,-9.8014926091397143,16.011850200225012,-2.2827181679740667,,0.1290195629105651,0.3448275862068966,0,5
0.3892037257413013,0.91876427498373603,0.066277197305723901,-0.91446361314534619,0.376721940417933,0.14777306872670673,0.1108005419763399,-0.11812191422999881,0.98679808130964242,8.5368755038432074,20.762139755683862,-3.8625653082178677,0.5157774935031338,0.3479640845180231,0.8461538461538461,1,5
0.97748603246310573,0.2028960239225209,0.057915972028171919,-0.2107619993525571,0.95191885184578784,0.22232831382779394,-0.010021774715532367,-0.22952930744684683,0.97325015338016885,-11.342265708459559,-27.613046993456621,2.5085680545814188,0.3567344857081514,0.3136361027036262,0.7288135593220338,1,6
0.99403469502738395,-0.10698175286704985,0.021211544859075209,0.099031198134634152,0.96683696025781862,0.23541264637958442,-0.045692963110679594,-0.23190773344783888,0.97166401409605119,13.382523455798365,2.6688309181672301,-2.4489396720795411,,0.908301902536882,0.8181818181818182,0,1
-0.79578512028171611,-0.59740898251589947,-0.099139043507250404,0.60333105340652626,-0.79622754777718596,-0.044870170003031715,-0.052131394893927159,-0.095520677185868319,0.99406142561532218,-11.590647015717373,-23.810189056142438,2.0808794421117689,,0.5134429104516307,0.28,0,4
-0.82313839156727187,0.53739486455551699,0.1834392212080117,-0.55562839525938157,-0.82888804516841375,-0.064974571628982777,0.11713357635421515,-0.15540710449089157,0.98088141850288291,-21.762489920423263,4.209791444557025,-0.496444449615838,,0.3048317723256643,0.4482758620689655,1,4
0.36611940513508673,-0.92796416047858443,-0.069563625917620595,0.9209876304491369,0.35063733914294676,0.16980942541107225,-0.13318545620004663,-0.12623776481715224,0.98301864732605904,-16.019313393091171,4.4099684449985812,-0.80131867384828015,,0.1130460619575601,0.1527777777777778,0,1
0.099969053481439279,0.9923637532003593,0.072252125782706789,-0.98688585373531279,0.089643463357636607,0.13423993881989732,0.1267379187265866,-0.084724440460489284,0.98831132197577742,-5.4407502141243373,13.647547370070075,-2.3030484491525423,,0.09340935319478709,0.35,0,5
-0.99938475566299512,0.0047224860348783404,0.034753536137577937,-0.0083999339959275714,-0.99428330478487537,-0.10644318172119138,0.034052184324645254,-0.10666962056610529,0.99371124618321749,17.665059823716508,1.3582851503585198,-2.7008198712904852,,0.3441892222528285,0.352112676056338,0,2
-0.77384213410534308,-0.63335573272115764,-0.0053728309608194807,0.63063580590366808,-0.77125202246694669,0.086422208678528706,-0.058879808045875399,0.063488846814929403,0.99624411392719947,-9.7510838719943305,3.4489951084912902,-1.0488168369818867,,0.08855411379644791,0.3783783783783784,0,3
-0.60795548336482352,0.77781452897782499,0.1593571107847008,-0.78749488138542967,-0.61630920998441641,0.0038431081343371734,0.10120248039643852,-0.12315647039188851,0.98721352389552453,17.653619992106446,-26.639610530844656,0.60932679612296659,,0.3871010543165618,0.1111111111111111,0,3
-0.97070091363617261,0.23326141597476938,0.057696170439176908,-0.23242212009180879,-0.97238941625582975,0.020947105902171664,0.060989297076862063,0.0069235085826198587,0.99811440760615089,-1.6985163996136559,6.8141803290922578,-1.8562684402743566,,0.1254255809510836,0.2362637362637363,0,4
0.53857098145042648,-0.84037208304711841,-0.06095949453998236,0.82494835618228457,0.51119578138729782,0.24112047346497831,-0.17146867810673036,-0.18014892485628642,0.96857878218627769,6.2010832633991315,5.2278477456193979,-2.1719828986028245,0.7081724442180333,0.3769820122083424,0.5,1,2
0.6089696934674349,-0.79314626109095243,-0.0086556892054836035,0.78579920471451925,0.60177029545496885,0.14280098521393203,-0.10805333085198429,-0.093763105886500941,0.98971357354858425,-13.881246725597499,10.653037374944585,-1.5337028791019316,0.1867502143412892,0.1865472088273798,0.620253164556962,1,5
0.84900713534155381,-0.5281765582610779,-0.01471079340521186,0.51822480037653462,0.82693209582682869,0.21823465619866586,-0.10310160238245361,-0.19290627826727455,0.97578544126833511,-10.835313462811486,16.905582509627806,-2.3464340709649614,,0.1201701801588649,0.3529411764705883,0,5
-0.77015076262749693,0.63207228898557088,0.085746278757889677,-0.62893356880502205,-0.77489126955928833,0.063135460645924485,0.10635021793331369,-0.0053048899456527021,0.99431458265892936,15.192272695662917,2.1453285860533109,-2.5657622764660557,,0.1056172141782976,0.28125,0,5
0.98249162647935062,0.17864136553781468,0.052891080691800464,-0.18604115268729798,0.95587848709737633,0.22734336896248755,-0.0099445163151974641,-0.23320287396002876,0.9723772550672094,-2.3512151839049835,11.603619827840996,-2.2929965676297916,,0.07827538324965302,0.32,0,5
-0.52776270101965472,0.83349491913121276,0.16356268276991534,-0.83573072645286883,-0.54395341746795645,0.075291649520326492,0.15172568759112284,-0.096958235376808768,0.98365563909206377,-13.546756519869723,-30.097632256928406,2.8838818505808388,0.6585381357417409,0.3882807351862157,0.4166666666666667,1,4
0.99782208901515423,-0.061936373722223083,0.022692824495338101,0.052664602183853673,0.95518009073303678,0.291302993366092,-0.039717985223970464,-0.28947345280244624,0.9563616480037137,0.79231308920324683,-32.971207102731469,2.3042507453536141,,0.4933369658763725,0.2272727272727273,0,1
0.57087544959265146,0.81254280673124701,0.11779392294042323,-0.81624053012631348,0.54618448469998182,0.18823895891161596,0.088614998908207912,-0.20360917440607074,0.97503368458026896,0.10741172469089838,2.937032373482833,-1.5540813735129941,1.208334223568267,0.9209617833091654,0.4109452736318408,1,1
-0.35310831082689098,0.89179139663134255,0.28288270664587845,-0.92704543215282731,-0.37426230810958588,0.022682404040624545,0.12610030749191839,-0.25423577565481181,0.95888627210302591,-20.304385491787496,18.481234808281023,-2.1870240713291369,,0.1249222025986428,0.25,0,2
0.788532182244574,-0.60333029980261277,-0.11920380406975012,0.60194325084357514,0.71744398925437369,0.35062579061820209,-0.12602111064610971,-0.3482336451620659,0.92889827648061707,7.535836941474007,8.6672001126642613,-2.6058256271876963,,0.2883174700857908,0.3571428571428572,0,6
-0.99812436260169746,0.038018056533078756,0.047983165364558503,-0.043494464545435457,-0.99196539518124183,-0.11879766966076583,0.043081183071740123,-0.12066185039344542,0.99175840280018213,-1.3947596271854423,-32.768255171968057,2.4116036071523066,,0.3156649443281432,0.2,0,4
0.0645863231220805,-0.99355902962330378,-0.093107795160072906,0.98911155856302913,0.051373505061060372,0.13790970848623246,-0.13223816235333358,-0.10100107737911072,0.9860587461128637,14.384152400762181,10.104048756544056,-3.2553398124839967,,0.3366472969095541,0.3333333333333333,0,1
0.62438721212778248,0.77041997479171875,0.1288164266435847,-0.77682442819215747,0.59519412851315834,0.20563987246492105,0.08175828456628921,-0.22846665363984456,0.9701126589625495,4.9437358952340835,12.565011167844453,-2.8222380124856654,,0.07960928573604435,0.3333333333333333,0,5
-0.6255344102076682,0.75895650306083207,0.180808539919492,-0.76858073433760599,-0.63928626782958275,0.024427905550624927,0.13412813445065072,-0.12368546489461461,0.98321490495343467,10.821190229500157,-29.534221932419804,1.4104924464009487,,0.4450750405797866,0.3888888888888889,0,2
0.45641372127132845,0.86370406887728346,0.21377978491916294,-0.88093107028524331,0.40486657358559186,0.24503776647520881,0.12508782691115314,-0.30016385358315212,0.94565040927435629,7.565490951722933,-29.00037668023808,1.5135513898040767,0.4639958991512796,0.2612208221782268,0.4285714285714285,1,5
0.36485936213574838,-0.92946162684278788,-0.054577743528407635,0.92148408192036435,0.35209810236212608,0.16399394220633032,-0.13320935638789883,-0.11012724703608828,0.98495038292848724,13.394160921459601,11.819646113785723,-3.36564696340151,,0.117838052621177,0.3846153846153846,0,1
-0.96873640695354934,-0.2466441560051563,0.026766287587780796,0.24787989742854241,-0.96672060182695929,0.063299561247593228,0.010263054786123594,0.067955414146531612,0.99763557043372852,-4.554999570721848,-25.615001678458484,1.9120137378119113,,0.1964362059472341,0.2105263157894737,0,4
-0.52924658017470205,0.80295954624201549,0.27414234344989408,-0.83481451335512669,-0.55053066896513214,0.00084310168300936962,0.15160074427596434,-0.22841179835468489,0.9616887566709682,9.3883027425621908,-26.396790030042396,1.1260612903783525,,0.4117024439753502,0.1276595744680851,0,4
0.85859039421763739,-0.49953499439453347,-0.11527065685791971,0.50913327871195269,0.8045099849659586,0.30585452195135376,-0.060048642492731098,-0.32129188204081283,0.94507443467139307,14.398222417248066,-24.649438892796987,0.62240034979936876,,0.4915123920790778,0.4166666666666667,0,3
0.69199798735236151,0.70423558573142497,0.15871680846651859,-0.71951766635639436,0.65499366671850801,0.23081946269691331,0.058592775163229388,-0.27392615126738173,0.95996424430835436,-23.363843642625806,2.0176445001356664,-0.19857086823237005,,0.4498211369184651,0.5128205128205128,0,2
-0.33515032837020442,0.93958909472051333,0.069617458123878193,-0.9325765573095337,-0.34134755855890014,0.11740020878420794,0.1340717052552155,-0.025576890901049084,0.99064150957942065,-7.7449509824341689,13.227789517581559,-2.1221746852967565,,0.08322640865702305,0.3015873015873016,0,5
-0.98303166329013902,0.17797787120572686,0.044414258184731062,-0.17523779860603145,-0.98273024616915872,0.059438852647206185,0.054226035340362001,0.050647217350828444,0.99724339880787527,-1.0973818114478626,9.4752638739814579,-2.1355600020096119,,0.06947219442913852,0.2727272727272727,0,5
0.26869512963677755,-0.95876416920211927,-0.092596950077450182,0.95411222397841156,0.25172799692754028,0.16218162540133238,-0.13218468657316176,-0.1319252948339282,0.9824067005158994,-5.6863233550739265,14.707561985100165,-2.385021347829595,,0.09296133785475529,0.3125,0,3
-0.80675473285554578,0.5736268665937394,0.14177100880302293,-0.58254469336225134,-0.81230638798883315,-0.028284488116589863,0.098936753790789297,-0.10540659350526908,0.9894953101429822,17.185936556401955,1.8002204102076711,-2.6789246996628999,,0.2028041391139624,0.2916666666666667,0,6
0.14246408586868664,0.96403045897111428,0.22438640425289394,-0.98139027212234542,0.10808737269987775,0.15871437756696058,0.12875215734592374,-0.24282173304459667,0.96148868320952674,-3.1624170720047013,15.284417027222169,-2.5850383721738073,0.7526641979340193,0.4719739795155247,0.1090909090909091,1,5
-0.93264448818141565,-0.36056144539030138,0.013027001300505105,0.36066579793173059,-0.93072568772350983,0.060579504899507329,-0.0097180691032075373,0.06119753515998895,0.99807836406929895,-4.4279850203614259,16.52209933706801,-2.5869712164293581,0.2985063723850098,0.2809346555359692,0.6375,1,5
0.90747525807009688,0.41705116429780953,0.050566612981806536,-0.41852746960441034,0.88707043183657253,0.19478399869549165,0.036378746228253843,-0.19792517606185778,0.97954183754638158,-0.097306886737691611,-32.319079375976507,2.2924817220940299,,0.1492076943557484,0.3,0,3
-0.25689752291883577,0.92910161765167076,0.26603354449244565,-0.95400041200347996,-0.28781582815001694,0.083936064736856372,0.15455379845010631,-0.23223314393808589,0.96030249934136647,-10.730107981836177,-26.822782505537702,2.3735121705068827,,0.3945510805343473,0.2941176470588235,0,2
-0.50366486960230394,-0.85637496797285062,-0.11377000201280295,0.85483227268253059,-0.51306791524930673,0.077608633038793312,-0.12483382838363154,-0.058165527344203417,0.99047124477182913,-1.8866825145255259,4.9070181509364108,-1.6351893423097559,,0.4114099799706785,0.2796052631578947,0,3
0.99880213123075867,0.031150838740823091,0.037734969121989419,-0.037653773348011385,0.98179702629278576,0.18616334901182791,-0.031248936006700298,-0.18736121372468284,0.98179390891880292,0.63276701080855857,11.449459834421344,-2.4478967043991755,0.1377290958408279,0.1357651721532044,0.5189873417721519,1,5
-0.9973951415738832,-0.072042205071571067,0.0035850039385311645,0.07174606974102922,-0.9959717358892054,-0.053784782109428858,0.007445336898285756,-0.053387470423958472,0.99854611559016226,-16.384444668185395,7.9919292935718103,-1.1548280600580008,0.9632357121413204,0.361376116772767,0.2340425531914894,1,3
-0.60552711045806429,0.78971210054127761,0.098446517251710053,-0.78552443666164418,-0.61293736020545264,0.085200656521992948,0.12762553783516262,-0.025740837652557941,0.99148834151957155,1.9733605678738189,21.42199788531628,-3.4260530047631814,0.5049904871562703,0.4739990326043874,0.5277777777777778,1,5
-0.78382126036894062,-0.61425138089602693,-0.09121114439019426,0.61883316093343232,-0.78485290022923626,-0.0324259761748606,-0.051669630565561848,-0.081860650309412086,0.99530351310951271,8.3984002215502294,3.9566679485692244,-2.2305764216018833,,0.1410994312583331,0.3174603174603174,0,3
-0.78820561312355708,0.61328606798978302,0.051108807950762371,-0.6061934851341203,-0.78803727144173286,0.10736255119741131,0.10611960243737054,0.053641939080341823,0.99290541963987389,0.81424949200117669,4.3665600191310689,-1.7473999871217647,,0.08352959163918822,0.4333333333333333,0,5
0.42779493502286003,0.90059589802113116,0.07693193118789958,-0.89800340302064396,0.41378696392965308,0.14956683003000126,0.10286584336955691,-0.13306906834194338,0.98575414851700061,-10.852258589017083,12.921128949222032,-1.9130325955035807,,0.1631500242896191,0.6338028169014085,0,4
0.63747756550471624,0.75802260401159482,0.13792782636458994,-0.76451125076701931,0.60011060203392963,0.23535040424252915,0.095628975362218108,-0.25547797778664721,0.9620738547207367,6.0824148540797411,-26.710302060204977,1.3491333360017144,0.2697938060702838,0.2467842316420567,0.5263157894736842,1,5
0.66908373993424308,-0.74047196711287078,-0.063468219414135621,0.73212002989152869,0.64202925953992485,0.22759325940423156,-0.12777797457790629,-0.19874530388064682,0.97168569681670014,-6.818250765286554,-26.351961489052737,2.1340079637605505,,0.2851324971852001,0.59375,0,6
-0.4524737490219537,0.86032889582824201,0.23473750754614181,-0.87907670369243229,-0.47456707068517412,0.044835749648463152,0.14997218232480536,-0.18606527463299005,0.97102423147132855,15.183995654956286,14.018723308661192,-3.7225434199279874,0.450225991733935,0.4802434216925332,0.5238095238095238,1,4
0.081895340291071414,0.9921956048737165,0.094026777610899073,-0.98839841644223725,0.068747331145885479,0.1354340239186444,0.12791295326544377,-0.10402733356958555,0.9863146507364241,0.46652436032329564,9.7232619360748398,-2.2795686707327452,0.524135515259971,0.4323054702254182,0.6898148148148148,1,4
-0.19911515830163076,-0.95323215805684391,-0.22737987285775357,0.97164634518505433,-0.22222299157173964,0.080748510236613225,-0.12750111224237384,-0.20485457003249444,0.97045250863386323,-5.9173805478818018,12.531989968307675,-2.1712878447758244,,0.4585488404012585,0.1544715447154472,0,3
0.57978269277330385,0.79759793087466602,0.16640183239672868,-0.81024918373197219,0.54292523865484454,0.22074520491565283,0.085722164124631448,-0.26281119819374577,0.96103172927940206,8.5829893232963901,6.7622407492562644,-2.521441584797103,0.09846357075286606,0.1817903279750597,0.1282051282051282,1,5
0.77593414995696641,0.62909089195481938,0.046592323295256657,-0.62840393987859855,0.76440831281145993,0.14418189778814788,0.055087959443191337,-0.14115445782626546,0.98845370946754907,-7.2249693638805823,-13.17151110776746,0.63943906157620678,0.393350693454496,0.3650016424931211,0.9795918367346939,1,5
0.99809998548117984,0.048824803271586351,0.0375840068108651,-0.056129051343676677,0.97210027512854069,0.22775114640825342,-0.025415518443013718,-0.229427970571388,0.97299376038172303,-19.30393257286487,-25.914738747169373,2.651599209514913,,0.1192650630187996,0.2,0,1
-0.92130989656946061,0.3830155591424137,0.066986236929638579,-0.38044239492821669,-0.92354826067526352,0.048189151735410052,0.080322217502085541,0.018912737996380092,0.99658950913454203,-16.668144141399118,3.7035098379815188,-0.67971170082552423,,0.08505570459407383,0.2461538461538462,0,1
0.99565443510315266,0.080698321010916549,0.046476088964529039,-0.089941348685809788,0.96267632959007376,0.25527404537782367,-0.024141243878419687,-0.25834485757026537,0.9657510729535842,2.8736060548749025,-35.155842159772881,2.4542133323349655,0.3491829622211391,0.3681216624024978,0.6,1,5
0.73265806536715261,0.66623747171597258,0.13906757542277889,-0.6768997148590411,0.69203495408361804,0.25078755621089777,0.070844444215553026,-0.27787632790144962,0.9580009452582996,-6.1257376057807518,-40.122799202734662,3.501125203896096,0.5477444030280416,0.3604991643649346,0.1764705882352941,1,4
-0.96390649427459818,0.26384938500744515,0.035605790630849503,-0.25981423468980402,-0.96139589922687363,0.090633814894351308,0.058144937421982526,0.078111631534267423,0.99524757687283494,-11.09606434053374,10.779542925416097,-1.678519165499214,,0.08281925843668712,0.1956521739130435,0,4
0.9993055715675816,-0.030648174747479329,0.021191130659679126,0.020993342482557985,0.93296752030253405,0.35934786159367843,-0.030783992681223962,-0.35865344755792794,0.9329630487588525,-3.0709851119215008,-29.726950984286628,2.221668577272093,0.4105529816167781,0.2138500060103967,0.5600000000000001,1,5
-0.99789839135299652,-0.032839390129308185,0.055860316782474717,0.027347231662391686,-0.9949678804402724,-0.096390071130780422,0.058744612140236435,-0.094659871900021592,0.99377491374876525,-7.2692210547493872,19.179167750894688,-2.6725516568986856,,0.284460895648085,0.1666666666666667,0,4
-0.85112562804722458,-0.52373081637469843,-0.035933233373993907,0.52358380656350201,-0.85185683667500767,0.014139565570529899,-0.038015296732912464,-0.0067795124855581437,0.99925415957341246,-22.710635643786819,3.530972176604863,-0.38805999586860107,,0.1521427772214038,0.375,0,2
-0.44246719498869846,-0.88086338285079313,-0.16823341556150118,0.89153370859886139,-0.45233809300959155,0.023619823123920164,-0.096904219674853326,-0.13953476400202833,0.98546416568239792,-26.168977800840263,5.1747211493804777,-0.43856815690998763,,0.1714074385938816,0.5333333333333333,0,2
-0.3882829283145155,0.92026994515894511,0.048369366510817302,-0.91209949440121385,-0.39126921684586757,0.12240470686159426,0.13157081702473428,0.0034099832806762311,0.99130090896834655,-6.8776486248652589,-8.3534662798738957,0.14260199950689084,0.4190604718353473,0.3736120896287026,0.919431279620853,1,5
-0.86117513971590154,-0.4985571404931709,-0.099086610591798061,0.5068575933231948,-0.85696117606169353,-0.093343038377688384,-0.038376540046189712,-0.13060750509152375,0.99069113289049437,-20.815115317406072,4.2839903693118666,-0.55364113499495859,,0.3440948614281951,0.2962962962962963,0,1
0.12154043645858353,0.98912803171709107,0.082786829731123959,-0.98483884512939335,0.10977095788057577,0.13432343775448768,0.12377548800008802,-0.09785741503562162,0.98747331857265175,-3.9277649926560416,-28.74281171428742,2.2247955640111159,0.3073461044855623,0.2718514116685556,0.5862068965517241,1,5
-0.92867211521650361,0.3648478001133264,0.066739682137167813,-0.36429373801685666,-0.93105340403740156,0.020727548626703372,0.069700608756378998,-0.0050637518533920784,0.99755510301745054,-8.9651298192998539,10.684410051244537,-1.8044528920727871,,0.2256262393277647,0.2857142857142857,0,5
0.91921821893870759,0.38848478280420684,0.064167277491866195,-0.392590281012759,0.89177195721639835,0.22497921587728306,0.030178423177377824,-0.23199644361929864,0.97224838026222704,-17.824474047970106,18.566478117035388,-2.2325422169647746,,0.2216573624870325,0.4137931034482759,0,5
0.93070014029630599,-0.3592350431000767,-0.068901615810686642,0.35921650166849861,0.86209840130337179,0.35742111213415645,-0.068998215784778952,-0.35740247659894281,0.93139825850141034,-13.30105436350868,-26.820137604570537,2.4811226540183617,,0.5828890168573474,0.5526315789473685,0,2
0.22534996141964178,0.941879208678712,0.24916049274901061,-0.96688600779392853,0.18476043152458044,0.17605405668478802,0.11978665543576091,-0.28058356901574727,0.95232558401940448,-8.3548805299625393,6.6313723307018959,-1.4435044761273321,0.6194395940750295,0.6157622353785965,0.3513513513513514,1,1
0.029395258826133495,0.97658757235940541,0.21310239855925056,-0.99237417867369149,0.0029811751089397699,0.12322581749245672,0.11970550639072143,-0.21509957254288278,0.96922792243703326,18.068072443048599,-27.631463884739052,0.68410067935160257,,0.2048427592666834,0.2222222222222222,0,3
0.8592169087840702,-0.51143622953313916,-0.013389801360451658,0.49930409402614007,0.83255422582862948,0.23989348207824857,-0.11154248225802528,-0.21280611874618982,0.97070687155077862,0.099110223308933473,-28.819809376087242,1.9165495281407918,,0.109263135971387,0.1333333333333333,0,3
0.4271218313540559,0.89838493466723879,0.10233010477713125,-0.89569863774477143,0.40491308466331072,0.18376437143963265,0.12365634445073256,-0.17014671031607903,0.97762938041248437,-0.97614737473658386,-35.229418103884498,2.6640019746628361,,0.1270113694339143,0.3846153846153846,0,4
0.99252176988106666,-0.12174031270199016,0.0089349076870882307,0.11274075069045848,0.94228764522369834,0.31525151354518438,-0.046798070963523952,-0.31188666198155912,0.94896609561780088,8.0472438949780098,15.339376159422148,-3.3156238576527937,,0.1017323663516967,0.2380952380952381,0,4
0.45003655354583288,-0.89129976596985239,-0.055243349415799482,0.88364275048001528,0.43552620041645002,0.17173356769986664,-0.12900616263071743,-0.12610176815928348,0.98359328691812442,12.471478573813174,-26.313357540140132,0.93024895534251295,,0.2683628525126686,0.4,0,4
0.22037060092852065,0.96347206558924148,0.15217876683560308,-0.96857435469558451,0.19769904156471216,0.15092649996083463,0.11532787031952128,-0.18065621437857141,0.97676139078792856,14.512561605195179,4.7319721903727991,-2.8001630226667311,,0.3223511083467642,0.4117647058823529,0,3
0.99089233740854288,-0.13330101003744749,0.019058236750336729,0.12540182995462268,0.96506480679285411,0.23005281944350095,-0.04905870676105737,-0.22556763822159531,0.97299151274718976,-9.6128575451555527,6.794473864034317,-1.395005009711821,,0.1318900482886785,0.45625,0,1
0.68293042583530983,-0.72565758260658575,-0.083827837106590558,0.72515936940594139,0.65964433988642468,0.19751767976204282,-0.088033643745902043,-0.19567937464477342,0.97670858494611912,-17.802468311641761,5.844807225372298,-0.82713323147963225,,0.5480847073875289,0.3307086614173229,0,3
0.0089140932696783332,0.99168415490195383,0.12838643175031339,-0.99145669555307547,-0.0079432841514361831,0.1301941822043774,0.1301313174610807,-0.12845015046035541,0.98314108807564127,8.2034154122017107,-34.748298323409578,2.1109859369282153,,0.172159974552992,0.1111111111111111,0,1
-0.50225299776827925,0.85358864921883815,0.13830525715798253,-0.84886562218660599,-0.51718436233904386,0.10930457822846329,0.16483046351485756,-0.062504026084046302,0.98433945619423435,17.225792911737937,3.9398149627721724,-2.904705033546628,,0.208927507388454,0.3157894736842105,0,4
0.61250368995154858,-0.78118885994824527,-0.12076089966748563,0.78335173663868463,0.57941183300340715,0.2250377401254986,-0.1058266814224893,-0.23243470667779992,0.96683753579942788,-8.3385274108662522,-33.331368778598474,2.9014304750338615,,0.2858402398726389,0.3333333333333333,0,3
-0.67507778652284445,0.73534370801678184,0.059494648696730823,-0.72952188406038221,-0.67738573689598003,0.094585327228282931,0.10985355169682869,0.02044980513405855,0.99373739119023374,-11.465706651836232,14.70041881445978,-2.0490099538495756,,0.0869086693914711,0.2272727272727273,0,4
0.11632832198199561,0.93413015124018584,0.3374441910136266,-0.98521420600457388,0.065501629747638207,0.15831141710938207,0.12578032354716934,-0.35087091222327199,0.92793798993466059,18.794108651681508,1.9960676070230237,-2.8889640557363339,,0.3038039372085573,0.1590909090909091,0,1
-0.98515237204010631,-0.17050102875708073,0.020104801827636291,0.17113212284571222,-0.98460634413024339,0.035554797549645419,0.013733185867507726,0.038467470559594728,0.99916547844422376,14.088572017659441,-26.423610943168352,0.81662090873347393,,0.2082251603109997,0.4375,0,4
-0.91547603969350777,0.3936692144078302,0.083235631640618479,-0.39152276588867535,-0.91923684681746931,0.041394966408468417,0.092809183478642809,0.005307455190444634,0.99566976773497984,-9.1760123247417447,-29.690833892486623,2.6148265091800691,,0.3380441815668563,0.3703703703703703,0,4
-0.87288575686655501,0.47957432521939253,0.089882823998054195,-0.47273346429760532,-0.87684476053557403,0.087557624765042683,0.12080367209934315,0.033937184793020027,0.99209613460371771,3.6803519937492908,15.642159052677576,-3.0246080908651152,,0.1149388911238144,0.4615384615384616,0,3
0.97443345152183247,-0.22423589062821817,0.014061077818534525,0.21638135173241727,0.95346649724560162,0.20995415988414212,-0.060486024647855845,-0.20154380165208199,0.97761011494251926,9.0449796811185195,14.431269548931921,-3.3183057204357471,,0.1612239846479093,0.1666666666666667,0,1
-0.69760438851899342,-0.716100972332533,-0.023399028685871914,0.71303854396423894,-0.69707874754746746,0.075214722887291446,-0.070172301803486298,0.035785711423062923,0.99689278807580162,6.5571210991367952,6.4103914477381831,-2.3345057312524728,0.1993943761509918,0.1749819484339705,0.5047619047619047,1,4
-0.40808801236171521,-0.892091017414951,-0.19400461544567088,0.90619054119365361,-0.42161540227525923,0.032544671075688897,-0.11082814271572967,-0.16252405733253539,0.98046063336084677,20.181339053016004,-23.825117529053955,0.13235959755250312,,0.5234815086668587,0.1875,0,2
0.69166589955820945,0.70527317131666856,0.15552503724244326,-0.71663706173710839,0.64350071045790769,0.26895753825645613,0.089608063996150164,-0.29748376335709198,0.95051239097960438,2.8320620079085597,-26.87512151732351,1.5388134397813771,,0.3190000662916798,0.2857142857142857,0,4
0.98429567646162497,0.15273594421434683,0.088508489106427377,-0.1729725269570499,0.9346026111422332,0.31080293461325448,-0.035249485344375608,-0.32123152178930098,0.94634443158497261,22.141444900530249,3.7790222725698537,-3.4060375330129009,,0.6578732014131833,0.2272727272727273,0,3
0.72251793986098478,-0.69135190807014701,-0.00060480311201690303,0.68176874623867345,0.71235707099257872,0.16654963241934967,-0.11471357038809553,-0.12074743315963389,0.98603288695366231,1.2266582901590277,-30.333451513794277,1.9979311316796415,,0.2244927268194671,0.7647058823529411,0,3
-0.10413349472345276,-0.98902076344862744,-0.10485296726452621,0.98374352356734163,-0.11793521593048463,0.13542512574386797,-0.14630411858862058,-0.089046135856223951,0.98522377690202056,-3.7016995455124353,-32.123841185647983,2.5158519195149252,,0.3310443871981686,0.6086956521739131,0,3
-0.16449548997317098,-0.98632465741324837,-0.010242263281315493,0.97901366479517915,-0.16452505817953025,0.12026532906591948,-0.1203057684518832,0.0097557885206453164,0.99268894759010029,4.8590520127878181,21.005567039940573,-3.5980101927117878,,0.1901976324131651,0.4782608695652174,1,3
0.58073865606715047,0.79586033661500544,0.17131531733143396,-0.81130093069941633,0.54838463178020636,0.20264524537612125,0.067330625985362685,-0.25667220385218481,0.96415038587042079,-0.76726577278391983,20.972391449788098,-3.2125129797751404,,0.2706045694884551,0.5625,0,3
0.26459285502256613,0.95070227956027542,0.16172753850195926,-0.95777546352214105,0.23950000494843157,0.15907831123270433,0.11250236684601417,-0.19698965269423849,0.97392930656462307,17.165878136954394,-30.776921525830762,1.0993187781288913,,0.3803026146241844,0.4137931034482759,0,3
-0.89817721285143137,-0.43924361050278871,0.018513372110713178,0.43872833195312988,-0.89283164721390229,0.10182878018976325,-0.028198316546554494,0.099582630843863401,0.99462965699709338,19.891631372592997,-27.494926339926781,0.5734113481571429,,0.1066189836284188,0.2857142857142857,0,1
-0.99470673763050599,-0.098486786494058134,-0.029306296227089773,0.097920154224864664,-0.99498959191649328,0.020183046708301438,-0.031147223135535963,0.017206535500342502,0.99936669227417252,9.2326159889363453,8.7012182495975097,-2.7427841104424098,,0.3172333375836878,0.1590909090909091,0,3
0.034520740664753545,0.95164044519798408,0.30526837623202752,-0.99028905941169088,-0.0085882845386059791,0.13875813553875554,0.13466958555466246,-0.30709396677900691,0.94210264742992234,14.945625377030407,-30.425916741781666,1.1910909603146753,,0.3739177645725814,0.15,0,3
-0.76603051241035081,-0.64268194261117928,0.012536933351354453,0.6400881092804922,-0.76085761190312085,0.1066907060938533,-0.059029369080655904,0.089753078223540658,0.9942132158321666,-23.004607928322944,8.4926730144626053,-0.89569777681626028,,0.08477979776547818,0.3076923076923077,0,1
0.49883127653454762,-0.86043020962240335,-0.10405388949991945,0.85563750651033754,0.46978261222783468,0.21722972794064116,-0.13802831232644486,-0.19739339304429571,0.97055861923882469,-3.5471613999689686,21.161667593795542,-3.0519126894036166,0.5876808953839249,0.4521883125124356,0.3939393939393939,1,3
-0.91596286765555168,-0.40100036198614919,0.014516706348065843,0.40107805891787673,-0.91384291268629481,0.063462757485767601,-0.012182599512703878,0.063951861739955596,0.99787862170161079,-2.7097477912489607,19.053446521451832,-2.882749560105851,,0.1427523005499422,0.5263157894736842,0,3
-0.98401862183330524,0.17348398265264944,0.040133024409568056,-0.17235293858490233,-0.98457423393180299,0.030133742528164704,0.04474166342943231,0.022735119101955605,0.99873985497375062,18.889860250658717,7.2253800744827474,-3.3661820153589401,,0.3091310317794024,0.4,0,4
0.42033399638470637,0.87335821817558623,0.24609907400969261,-0.90075277642524043,0.36893365297881492,0.22919946653936529,0.10937900733451526,-0.31801475192964535,0.94175519659285301,-2.1701354186414754,30.393093527669699,-4.2422360335269387,,0.4917236907699541,0.2727272727272727,0,2
0.93926320926818285,0.3276069032022163,0.10226602901006662,-0.34290199477080924,0.88345619341396076,0.31925440686185508,0.014242390860877566,-0.33493114410691738,0.94213496008257602,-13.714535995907374,12.02111778774043,-1.6698491657528676,,0.6725104244141231,0.5588235294117647,0,1
-0.11713726317153203,0.98923479391766489,0.087711938066367151,-0.98340796687215226,-0.12785779581968099,0.12869015013011817,0.13851942921143892,-0.071182206700886652,0.98779828972322525,11.863763555040903,6.2110505171317945,-2.6626124572926249,0.2728111886942354,0.2331347463783154,0.4666666666666667,1,3
0.75128912437505024,0.62964117923519658,0.19777926333941745,-0.65678606336459411,0.68388289387839984,0.31770466542143566,0.064782085222777397,-0.36858672367818385,0.92733333195910306,15.725209588475327,6.9726056635113398,-3.0806863627030268,,0.4692546184301711,0.3636363636363636,0,3
-0.84431516543496765,0.52498861880937098,0.10732591270122825,-0.52449918842170684,-0.8506899089577199,0.035032558320468643,0.10969276531063366,-0.026713833834456493,0.99360649571164283,13.426375781282049,-30.749143900471839,1.3347890475172077,,0.2488181929627147,0.4285714285714285,0,2
-0.98059507038277183,0.1872569123883529,0.058035822590770225,-0.19007533179633285,-0.98061738382678276,-0.047549077585486654,0.048007043061623927,-0.05765756931658983,0.9971814922655664,-8.175085992831713,19.604954419929186,-2.6807855462825412,,0.3255767037068819,0.4736842105263158,0,2
0.68393923683204494,0.72011165301844193,0.11690306885897722,-0.72587624703045983,0.65567468135992113,0.20783259181500066,0.073012288818900456,-0.22700202512447532,0.9711535853153257,10.366614506650491,19.24368293228212,-3.8947298224469216,,0.3119161392853663,0.2142857142857143,0,1
0.29168479058884988,0.89657792074422893,0.3332686828567803,-0.94953685247299113,0.22940482439466611,0.21389995871934361,0.11532453656886421,-0.37884226081366212,0.91824767502388416,15.687515998000434,8.0434065047763657,-3.1979688830713391,,0.2082762227086472,0.4444444444444444,0,1
-0.5418195899796272,0.82371889639540197,0.16708893331232277,-0.83082931584087683,-0.55496081747735249,0.041726957764130497,0.12709909462183266,-0.1162139010016006,0.98505844971773138,0.85977909818228271,-1.1097456703819404,-1.1215468547300862,,0.1920766669212568,0.2448979591836735,0,1
0.93859000020119865,0.33431894851968891,0.085320877767418146,-0.34481999352663684,0.90015687296098834,0.26611421631582272,0.01216485045544104,-0.27919248686485804,0.96015809723795553,1.8455307311307263,-33.652623246566534,2.3397690493146133,,0.6603774394526651,0.25,0,2
0.60627382394104168,0.79005020832322148,0.090844475519100312,-0.79079609846903476,0.58684632551911764,0.17393366801991494,0.084104584001460439,-0.17729088683049588,0.98055818817487661,19.581498847342068,3.323839094648934,-3.0463588820745686,,0.2490988530763477,0.1481481481481481,0,1
-0.99846590975199034,0.039341205286724183,0.038962759523905634,-0.043358750698096006,-0.99317233701518126,-0.10829925080859604,0.03443611187445849,-0.10982248656077065,0.99335450653056301,10.121669642596729,9.9503638751701224,-2.9297427654806962,,0.4052446343865135,0.2244897959183673,0,2
0.56156908287443608,0.7853277022224886,0.26057736908932011,-0.82641116808942205,0.54796072032354737,0.12955165085623874,-0.04104566258013867,-0.28809624972298048,0.95672138288997799,10.270800167767151,-27.084507371960608,1.1351144153085944,,0.4391769198638796,0.2962962962962963,0,2
0.92262613828731133,0.37136059534980875,0.10417445546043934,-0.3851441124202355,0.87262854432228554,0.30030557154671317,0.020616052412442035,-0.31719194796748001,0.94813725089120027,15.007947576114361,16.63815182257737,-3.9758320830147311,,0.6390256833057049,0.2105263157894737,0,2
-0.27707997082953789,0.94259932106777655,0.18636847825656774,-0.9514200902631772,-0.2962542933832733,0.083864208668447821,0.13426280798758075,-0.1540776219135789,0.97889406210107621,20.220409750749159,6.8936681593688593,-3.4487832946203345,,0.4107068135224938,0.5,0,1
0.93603645396331059,0.34523132836974391,0.068198876558583282,-0.35156207096092679,0.90887101372684653,0.22440497024085318,0.015487643896190957,-0.23402737087613462,0.97210664156117577,3.9149517336532034,-31.633500658305305,1.9968260798116231,,0.2468543664529794,0.6666666666666666,0,1
0.80726447282012981,0.58106846979311255,0.10336103876572753,-0.5879976194128137,0.77675516699248781,0.22563291008923811,0.05082194887353083,-0.24292147694834371,0.96871372734669803,-10.831610022146869,-28.361592862607559,2.5494464396107621,,0.1626992827906399,0.1666666666666667,0,1
-0.87514944724568466,-0.48158207945735509,-0.046820355948044817,0.48260489600803785,-0.87574123019087824,-0.013031196907321962,-0.034726925211469223,-0.033999977783757816,0.99881832290765449,17.516698200802225,8.4095681578901207,-3.3960494636017473,,0.1936106152860563,0.4375,0,1
-0.93696209971779465,-0.34885391303124158,-0.020074138965652296,0.34910312676201238,-0.93702505724063168,-0.010537978372426151,-0.015133756222687294,-0.016881631022573455,0.99974295694273829,15.822972052773974,5.1742668361908164,-2.9325789638204274,,0.1764652307472802,0.1111111111111111,0,1
0.88252531246643806,0.4446550886176675,0.15307163363089371,-0.46912582261637964,0.80980160190587847,0.35233837160488007,0.032711395728725064,-0.38275738754083882,0.92326959598612934,-5.6167065943405516,18.009216994566444,-2.6110354759234538,,0.7275046645027313,0.3095238095238095,0,1
-0.5652500515961153,0.82279446386660848,0.059174736172197311,-0.81526757481508527,-0.56813844886026543,0.11206018196389247,0.12582194016036316,0.015098779987530505,0.99193793465981006,12.555783184892389,7.2749205415023308,-2.8674308624874354,,0.09530222866758403,0.4285714285714285,0,1
0.91777415875766433,-0.39622833135489371,-0.02633824117851527,0.38869307134652198,0.88278210331324358,0.26384361723765959,-0.081291388251575919,-0.25238634571141477,0.96420580930347488,5.5014806087605557,-28.674095525285697,1.6022315150521345,,0.1085276071085635,0.5,0,1
-0.88090313619767735,-0.47240447337365249,-0.029046138704800075,0.47213351418277005,-0.88138179405665862,0.016002433905315923,-0.033160359203792684,0.0003829386738514366,0.99944997070160924,-4.8547063060978761,-27.058221875111805,2.1011583237238174,,0.3260445021467465,0.2727272727272727,0,1
0.39587799864724882,-0.90689361808879709,-0.14430722662729342,0.90868716392014171,0.36418354993421104,0.20410286642790332,-0.13254526892280721,-0.21192995877678136,0.96825484468659051,16.131417422637128,8.7619519064841391,-3.2775045403757925,,0.4164989630737964,0.6666666666666666,0,1
0.93685525186401775,0.3436173838530216,0.065033303536063694,-0.34938798536860244,0.91157800835079339,0.21668772547440524,0.015174740026699322,-0.22572688852949507,0.97407243008921851,-7.6841688537488597,-27.079223678650976,2.2333164485129475,,0.07389817471281414,0.1428571428571428,0,1
-0.54411934415369401,0.8259841595261167,0.14725592527870637,-0.82934336882448878,-0.55606553327926955,0.054595780841464402,0.1269791947706452,-0.092419104684993134,0.98759049873144389,5.7090251491543214,4.2176167676568896,-2.0429312945316274,0.7187646536915745,0.783724904384681,0.486126526082131,1,1
