axis_00,axis_01,axis_02,axis_10,axis_11,axis_12,axis_20,axis_21,axis_22,location_x,location_y,location_z,dbh,dbh_approximation,score,reconstructed,number_clusters
-0.50549224933474979,-0.86257511383290875,-0.021018060296789973,0.86262466924750014,-0.50575420180909736,0.00955862741631462,-0.018875006440692444,-0.013298885238516788,0.9997334013542194,-8.7000721463398154,-13.943332322017735,-0.51233275700762682,,0.1110804421798721,0.2941176470588235,0,2
0.23939086222538181,-0.9702672477880494,-0.035685892910124549,0.9696219408605673,0.23700614856632979,0.060509316171500314,-0.050252431630479391,-0.049087202115821009,0.99752951821169955,-10.784088972303644,0.77543394723355519,-0.61703395782432247,0.2071924486390248,0.1705416274714743,0.7798165137614679,1,5
-0.85553771708890414,0.51190710441279208,0.077500523159627646,-0.51654850967444221,-0.85410251004915505,-0.060716879702803657,0.035111989283118587,-0.091978360386793578,0.99514176348354411,8.0775022006012822,-18.525610975737045,-1.1677876945593895,0.3652136632001433,0.2738793193154507,0.3421052631578947,1,5
-0.73342467991929905,-0.67567231318130894,-0.074532973142721684,0.6795985623959736,-0.7312856779478345,-0.058026297639111928,-0.015298133042977101,-0.09321042017175904,0.99552889696723734,5.4496303188334903,-7.6021779161617378,-1.4601294994678644,,0.07072494867464366,0.2608695652173913,0,1
0.97622132916997229,0.20815704535267412,0.06051909569431816,-0.21653149524925477,0.94960918333206934,0.22661974869045159,-0.01029699173230687,-0.23433532256458114,0.97210129542132562,18.287434425487881,8.5162006562221109,-1.9758034494316876,0.3904545531233577,0.2929729967884372,0.35,1,5
-0.010346323413822838,-0.99646066079990159,-0.083421250710124226,0.99883885228494895,-0.014224401448301031,0.046028399597697743,-0.047052106838103951,-0.082848161607016982,0.99545079303822692,-14.705971461038725,12.774249112670933,-0.60452629794441826,0.240492062884305,0.2343424652310536,0.7333333333333333,1,5
-0.99192760718076245,-0.12635222791477929,0.0107115178018042,0.12613207556871087,-0.99182751464464458,-0.019206267376979249,0.013050732752443601,-0.017700160869288193,0.99975816209712698,-0.83326594400511345,14.226257054581906,-1.3064643446504238,0.2018502415815772,0.2686759630302619,0.2352941176470588,1,5
0.40191084906150987,-0.90234912759998276,-0.15567183857783926,0.91386623364283603,0.38458458220336172,0.13016607138160832,-0.057586251954023893,-0.19457839307336894,0.97919511464001485,-5.0800374541985338,2.4276800611802374,-1.0421173864092399,,0.09096701611167954,0.4810126582278481,0,5
0.094204605233417157,0.98339562399680869,0.1551081527732919,-0.99367495134050232,0.083313689257205975,0.075292232406829113,0.061119419428413181,-0.16121996119054399,0.98502413203050643,-20.239412106125808,-2.1492809458656206,-0.41218962012784399,,0.1708597722499599,0.3,0,4
-0.78866021872247372,0.59657532608956665,0.14870420204468668,-0.61257722035463402,-0.78312459951332558,-0.10707479040223912,0.052575740672006092,-0.17553843436188102,0.98306767292723507,13.713311024926593,-11.185672981524663,-1.614817496531058,0.7283539609451245,0.6976657744927838,0.7450980392156863,1,5
-0.29310741331885504,0.94603849405101681,0.13819989881044115,-0.954128342238729,-0.29866735815473633,0.020902528785956005,0.06105039552949014,-0.12573375420529165,0.99018375681442994,-12.817919287849056,-1.7765540313872021,-0.69996825945236696,,0.2438418073174486,0.3611111111111111,0,5
-0.073302304767972212,0.97888317192442098,0.19082585736447785,-0.98745402382195879,-0.098070365923342229,0.12376087493826407,0.13986179947907931,-0.17935980333075324,0.97379091081999114,21.61507004010673,11.280165447453081,-2.1904135980211823,,0.1924810230224485,0.2666666666666667,0,2
0.48040327178205716,0.86982775370998622,0.11230483220652401,-0.87576775623752701,0.46883779143036547,0.11498679255195231,0.047365953973116368,-0.15359298226982201,0.98699830911794351,3.5743284299090616,-14.295124040687428,-1.1140583068595995,,0.09254405002664519,0.2941176470588235,0,3
-0.9555553422223213,-0.29480991367173204,-0.0010501196344165238,0.29472591757110245,-0.95518500463887157,-0.027536165762668447,0.0071148761234712653,-0.026621827771650067,0.99962025630928597,19.722302427297773,8.7948361696317665,-2.0341635006334839,0.3056888249547777,0.1861034612569649,0.4468085106382979,1,5
-0.97384292795338612,-0.22664291863308528,0.01621539727089464,0.2269141309077185,-0.9737579683458033,0.017475590904129305,0.011829153375076768,0.020697983392841273,0.99971579191983306,11.883431487006469,1.1355756610416878,-1.653324881522682,,0.08763324371039362,0.45,0,5
-0.97660429613167699,-0.21429040150898793,-0.017990903208842047,0.2145520354544391,-0.96529534405900497,-0.14890373675756383,0.014542106433055545,-0.14928001393061793,0.98868802186603111,0.88230558286315031,-6.2346037233700855,-1.2658597325709138,,0.08677293565444871,0.3113207547169811,0,5
-0.99362145878458619,0.1021412613250091,0.04778660249198613,-0.10590711779209426,-0.99079189520954591,-0.084351068683496955,0.038730853899215274,-0.088873973254337837,0.99528957486463465,28.639499622583628,13.779793676119324,-2.4822438384366849,,0.6026268749627606,0.7192982456140351,0,5
0.98648546259046666,-0.16383314014493283,-0.0022658967155991033,0.16293805963808641,0.97945221979387875,0.11884669899589718,-0.017251690324440249,-0.11760974165049751,0.99291003008825285,0.31074361601856904,-18.385638761508496,-0.79395702440319404,0.2433174838499639,0.2195092107454413,0.53125,1,5
-0.046658389056062836,-0.99095945241752126,-0.12578695637886894,0.99779845117621169,-0.05217671940479815,0.040937034363841343,-0.047130091884553284,-0.12359997417685561,0.99121228847428777,-4.857179207116558,-14.087969844796165,-0.71539675956841309,,0.09150623409670089,0.25,1,3
-0.36694229307769199,0.91267987574298237,0.17991330680264053,-0.92829200685543167,-0.37178042267571165,-0.0072984466419888433,0.060227099873743445,-0.16969019337853658,0.98365539428803761,12.543256152634225,-16.083359724047789,-1.4119008520225849,0.3202242307738167,0.3727442818899925,0.6170212765957447,1,5
-0.58091742458826068,-0.80998123075377859,-0.080407410332232337,0.81354712505533,-0.58093653005424695,-0.025569969940113124,-0.026000406226625097,-0.080269258593341566,0.99643405451686839,-31.714569793646948,-12.349692055853447,0.29947892628187184,,0.2341979221587738,0.1851851851851852,0,1
-0.99610272613940343,0.083890955792539121,0.027233554925213167,-0.082985972576303163,-0.99601025709955171,0.032816095259061845,0.029877873639458,0.030428198906622846,0.99909030491647,3.4639993933161657,9.5307537654238832,-1.4565402016622391,,0.08025425985435608,0.3333333333333333,0,4
-0.88497968383317838,-0.46549783616054929,0.01107807439834298,0.46562881734088934,-0.88468297187171185,0.022931283042209854,-0.00087387885519179512,0.025451990297098815,0.99967566366580329,3.7826445351043843,2.6978579127540163,-1.4278101537050114,,0.07627184820478798,0.3058823529411765,0,5
-0.99199898649834573,-0.12491964073330171,0.01825086697444054,0.12521369219478934,-0.99200130578952539,0.015966859391458272,0.016110309531615803,0.018124366773513846,0.99970593939210728,-7.5006586660159265,9.3858693730191156,-0.94775356684408918,,0.08401125156784692,0.3243243243243243,0,5
-0.72617953820347281,0.68638444677942911,0.039238622731807338,-0.68547827622550728,-0.72723776124418504,0.03528131861842343,0.052752356511340033,-0.0012766518101259691,0.99860680903079058,-17.418963416217728,4.2755996700875869,-0.36695398455081629,0.217460266842816,0.1973346096118805,0.7211538461538461,1,5
0.33636978518405064,-0.94171145538775369,-0.0059078258872154194,0.93893823155603173,0.33488332733415005,0.07904526801801677,-0.072459401996340114,-0.032135523413919023,0.99685352143494277,-11.533169799789084,2.6079918950493508,-0.56484160463111688,,0.09166986642752288,0.1343283582089552,0,4
-0.83591781687919708,-0.54876187459363657,-0.010090015678693914,0.54880205233319579,-0.83595094079519294,-0.0015270685987471507,-0.0075967610723608721,-0.0068139251618308579,0.99994792846682767,-17.567773442123372,-5.5883179526000255,-0.48281029713492707,0.7392264311802589,0.611413201892269,0.980701754385965,1,5
-0.90695478992183221,0.41823534512247157,0.05012190267869597,-0.41861043815371135,-0.90816001412668823,0.0032695275151297006,0.04688613981341868,-0.01801623800079848,0.99873775590076486,5.2796257095107837,-12.743554714883148,-1.2736823838759621,0.7022358282392881,0.5529125492902631,0.8933333333333333,1,5
0.95888665158699915,-0.28194935312868469,-0.032263782769354564,0.28074982318746333,0.92587122711796221,0.25286756924383602,-0.041423739431392777,-0.25152938807502068,0.96696279181058709,-26.025547719690866,-11.92378732417542,0.082094565611939355,,0.1669371531943621,0.2222222222222222,0,2
0.42523279812450782,0.90237633219007496,0.069957290559236857,-0.90439737243337992,0.42062881400682034,0.071671427799473386,0.035248547981452251,-0.093746231553080969,0.9949719513306875,-17.683902459431501,-3.5157448075201851,-0.49564042880675963,,0.07408986148614062,0.2653061224489796,0,5
0.15090620494149942,0.95097127908162271,0.26996470819722912,-0.98854604395905232,0.14572465246450872,0.039256141392200385,-0.0020090502881738538,-0.27279653961507483,0.96206965012465684,21.292154344057661,9.5044860638661071,-2.1201486792112183,,0.3853701452544782,0.3684210526315789,0,5
0.75469670932134481,0.65329289582946848,0.060342929977593752,-0.65494810051194907,0.7448225406790453,0.12760238450829101,0.038416956872237631,-0.13582258705811476,0.98998806168030007,-23.331769749308457,7.0416323562123493,-0.17618940648258982,0.3355939607425929,0.1826156342759728,0.6176470588235294,1,5
-0.15003903232747931,-0.98855492010610158,-0.015730820457028925,0.98755249724922134,-0.15060862556008037,0.04535534239457592,-0.047205444125220437,-0.0087299393423543939,0.99884705245799177,2.6415274427166162,-8.3979214703976215,-1.333859553925099,,0.08863042878338438,0.4098360655737705,0,5
-0.06224210279666309,-0.99535768798519109,-0.073409765074034766,0.9964605377954735,-0.066137793160771979,0.051886307752426725,-0.056500595180990931,-0.069920421084246218,0.99595121238923967,4.1877097634186287,-19.718865561191908,-0.93804217933420908,0.2261098403231051,0.1735561323282681,0.3142857142857143,1,5
-0.92109331322194465,0.38647905343382982,0.047128012844926896,-0.38698368921714998,-0.92208493543211467,-0.0017309329961904417,0.042787061335233217,-0.019832123084629279,0.99888735815218477,10.966478996798841,0.32134040887127346,-1.6091338221034508,0.1501242364143232,0.09560621985356339,0.1739130434782609,1,5
0.47712927071234018,0.84874701590054358,0.22798281082009819,-0.87788788186394806,0.44827102205691788,0.16842196311786989,0.040749550990669105,-0.28050239532661514,0.95898794586276737,-25.048653864786417,-5.6489381098652709,-0.16867377591842952,,0.3845935184105118,0.5,0,3
-0.31072873345462165,0.94749819704442095,0.075464036489295533,-0.94890695344809017,-0.31382192237192041,0.033036263963347405,0.054984069543370727,-0.061343032500549434,0.99660111602390145,-21.809488200141878,4.3624647698353121,-0.20953718207552985,,0.1091565645130711,0.4838709677419355,0,5
0.24582785793518397,-0.96607709025467003,-0.079143666506356916,0.96799291702409052,0.24041268369927415,0.072051746042031975,-0.050580399901461064,-0.094322834995472754,0.99425591572000482,-29.049712313504749,-4.3965388929813738,-0.023616724777095002,0.2644340095068435,0.2024549663585161,0.6666666666666666,1,5
-0.41313869277766929,-0.91002272158483954,-0.03427924633475532,0.91054194930049448,-0.41341526636672121,0.0010844809761865108,-0.015158466083789587,-0.030764650725356016,0.99941170554068059,-14.701951903505298,7.3621285334751265,-0.56251344309316786,,0.12102048233438,0.15625,1,4
0.80054288902124682,0.59429084602415772,0.07713282809159884,-0.59926486921294919,0.79310476277470232,0.10893324465594481,0.0035636168010085988,-0.13342872852566509,0.99105200420528972,-17.94394865290597,-2.3453299866169055,-0.49200735022393705,,0.08288591766845552,0.25,0,5
0.55239232171245722,0.81427784494778555,0.17836567534228917,-0.83317801934055025,0.53265607002917159,0.14863343886500038,0.026021356630248065,-0.23071433047877227,0.97267352524413486,-19.225975201611487,8.829603947328815,-0.43133658860462926,0.6238129367492392,0.2488017581122324,0.1578947368421053,1,5
-0.97701825677688015,-0.21279270079981907,0.012433519653896547,0.21227014234015043,-0.97661422100630424,-0.034147474271765038,0.019409085386937964,-0.03072344079961159,0.9993394606388134,8.3140462801314481,7.4153009192465342,-1.5792928350300475,0.4291040771768674,0.2884776612567698,0.2222222222222222,1,5
-0.93718774607148325,-0.34848179016487957,-0.015478066317704414,0.34874775108982575,-0.93699231615313616,-0.020503794277450433,-0.0073576302736193741,-0.024613845564315739,0.99966995747761378,14.74177455776571,-3.9587595541862055,-1.742222753701808,,0.3128223629588309,0.6666666666666666,0,4
-0.5939559685143907,0.80264043554031606,0.054631846955619845,-0.80255316030329893,-0.59587114173329658,0.029086205263727596,0.055899305481537313,-0.026569036209613185,0.99808283922807361,-7.2489254152743836,-0.32466957548174619,-0.87585049919534808,,0.07414313096809805,0.4073033707865168,0,5
0.98523499213545151,-0.14446526447954691,0.091879255714836419,0.1209863629856706,0.96719019147545504,0.2233952405159377,-0.12113756743206179,-0.20898067105004858,0.97038794761894864,22.689715700724324,8.6631116695317871,-2.147116069936462,,0.2025789553993322,0.25,0,2
-0.47410707946427799,-0.87893854855945663,-0.051860438274734577,0.87987805145087994,-0.47512162259973945,0.0086057139850673776,-0.032203909341178477,-0.041550831452396943,0.99861726233265113,-5.3936389520892556,-1.0414741511068863,-1.0065801106099774,0.3668272140406003,0.3085967577289898,0.5729813664596274,1,5
0.41856195810666791,-0.90810757700405598,-0.012104371678626697,0.90659645056206339,0.41700246355591614,0.064744275550543962,-0.053747214385303617,-0.038073271150760292,0.99782847372166161,-17.585225184623578,9.6264293193260322,-0.49935489454472382,0.2905740278064657,0.2560791058574826,0.8333333333333334,1,5
-0.55603328794878693,0.80418434594969812,0.21003456958871758,-0.82897384997377344,-0.55488812001931864,-0.07001093001158179,0.060243993497456239,-0.21304157338623578,0.97518405916862483,-6.3751519554652729,7.1003831253199747,-0.91684650083494523,,0.2788921949476984,0.547945205479452,0,3
-0.46009177834242421,0.88398296580050606,0.083004046143832957,-0.88542082257910515,-0.46375349572464475,0.031026797232614579,0.065920576795469796,-0.059218336499043102,0.9960660952854683,-8.6724645288275291,11.909941785474997,-0.88946384787481136,,0.1003852873362176,0.2962962962962963,0,5
0.04836630711916004,0.95953303421115688,0.27741134907062898,-0.99760186549776353,0.032639553135687442,0.061034232414977976,0.049509779751459183,-0.2796980797728757,0.95881059958697201,19.601070172086114,0.87843707268910953,-1.9351101119825194,,0.3991620590092612,0.1875,0,5
-0.82548863241270254,0.55501604164871621,0.10259488910270451,-0.56219154538838068,-0.82466566317372514,-0.062186897945343086,0.050091756320079554,-0.10901255659248855,0.99277745666082651,-13.289364594878291,-4.4149141609120637,-0.64086987072971791,0.6874780398648908,0.7018720756985288,0.9873551106427819,1,5
-0.98334247747416403,-0.18176167288281439,-0.00051600951081087255,0.18175461466192452,-0.9832700826217261,-0.012050090047824867,0.0016828678111525939,-0.011943152511214179,0.99992726188659609,13.643605453774724,2.1127974975696531,-1.7399057336476424,,0.09975717860560589,0.5333333333333333,0,5
-0.56554797629834752,0.8082394208766841,0.16402598893396755,-0.82247684830892631,-0.56738917802481004,-0.040016929619172525,0.060723311015287405,-0.1575390719829608,0.98564401296720117,-13.412565790344122,-4.2669952880975144,-0.64733745907366225,0.44182291754749,0.670458000069409,0.9833795013850416,1,3
0.51679705818979094,0.847526920717809,0.12090872303092393,-0.85448807796543103,0.50196514741852161,0.13372028788499946,0.052639578848269537,-0.17242131375120831,0.98361576100781656,10.09938939169847,11.155363557021388,-1.7554902193368456,,0.6645655093245006,0.2105263157894737,0,3
0.3256373241852944,0.94268748688063231,0.072805461169611174,-0.94428039181762169,0.32035203526998091,0.075558686642504161,0.047904850758568915,-0.093353497936923255,0.99447988903584206,10.966743195298328,17.112740180670116,-1.8731044858530488,,0.2314859542815325,0.3684210526315789,1,5
0.99286443429545967,0.11422909374893615,0.034233452242697054,-0.11660623902200816,0.99009638857520921,0.078180089226542362,-0.024963976692397354,-0.081614064177840007,0.99635131574965863,15.790807426973142,10.88746028003928,-1.9713885082262341,0.2888495821770076,0.2555583027325868,0.8103448275862069,1,5
-0.94893554763089627,-0.31535802432111865,-0.0084049353794599397,0.31543584858216484,-0.94810391274806927,-0.039989949500497696,0.0046423993475176025,-0.04059910255268484,0.99916473166351094,14.473901179389699,-14.350579226965852,-1.5259641011406508,0.7977708742622729,0.5868999979755983,0.5,1,5
-0.22771259625314369,-0.97191728028316293,-0.059361383024939929,0.97256489800222257,-0.22999677076128872,0.0349142465665091,-0.047586685969717428,-0.049782383695039352,0.99762579236508342,-23.105659499147489,-11.016686822792069,-0.048072926332411677,,0.3513717773359718,0.3043478260869565,0,2
0.59753638468403414,0.776117527719555,0.20147419721944468,-0.80048887084203368,0.56280066987801702,0.20608972231264058,0.046560032611457081,-0.28442396022723032,0.95756732098160013,11.53945701373862,11.254007200795307,-1.8080894204989477,,0.4763055473642253,0.34375,0,2
0.90868208047766086,0.38407943485208779,0.16364554482933907,-0.41740881327482204,0.84347644257741761,0.33810852313635936,-0.0081706315114072545,-0.37554024889570226,0.92677006978001808,-27.494357836031835,20.492445619281298,-0.22429464291296883,,0.410739494663066,0.2777777777777778,0,3
-0.027233055625398236,-0.99156489791984292,-0.12671785152264148,0.98330819220018828,-0.049385546194868658,0.17511729491695296,-0.17989819296841342,-0.11983372246677795,0.97635880654934126,-11.356604868581393,21.211159836667591,-0.92263024706705588,,0.2529324835486785,0.55,0,2
-0.3754706721055534,0.9232179959513076,0.081794292834253407,-0.925956557361165,-0.37749130058060465,0.01023581290487041,0.04032652065904014,-0.071894714253657885,0.99659666956794579,-14.894218799174283,23.320726445494163,-0.72448902316101937,0.2647246409178714,0.364206827734799,0.2962962962962963,1,5
0.46866137311968414,0.86541784530189125,0.17722435041100748,-0.88195298745540351,0.44700200233307091,0.14949293571508238,0.050154214818502622,-0.22636510981875455,0.97275042626188657,27.343649633889164,10.102861923044552,-2.363931368342937,,0.5999236353565333,0.2631578947368421,0,2
0.93062449818749671,-0.36556359290887719,-0.017358079180080425,0.36339646339670456,0.91740568564731673,0.1622030157942316,-0.043371116702672588,-0.15725796476340664,0.98660472264956933,-3.5854836514317103,17.347339127825485,-1.2358105934199042,,0.1781079314716888,0.5,0,4
-0.99797407536719251,-0.040937824473741356,0.048701534086263432,0.038764865658341849,-0.99824556758992111,-0.04475569212478147,0.050448291204846986,-0.042777112039438334,0.99781014657101852,-23.827913986693865,2.040010044152881,-0.13184658236293698,,0.148270727691063,0.4,1,4
-0.4940607450045213,-0.86565896762565575,-0.080861189793748206,0.86799233287043431,-0.4964488140595133,0.011308629317632527,-0.049932858156910523,-0.064599742942104951,0.99666121771045924,5.5857196597623,5.4810010560291564,-1.5166202309386951,0.5412033333451018,0.6639452566554669,0.6367924528301887,1,5
0.92087207180891928,0.38634499598765548,0.052270177325571196,-0.38961618634134126,0.90718776246550348,0.15877528451765466,0.013923171448252112,-0.16657703235479804,0.98593013829007725,2.9157056798216727,-2.8911368816797625,-1.2108904677196159,,0.1227912757697772,0.25,0,5
-0.61070463097066585,0.78581029423544091,0.097683341387321626,-0.78941651141174796,-0.6138516876740443,0.0027707490382373893,0.062140367085237111,-0.075420733312113145,0.99521368949847877,-27.536511978399176,11.090106024118283,-0.072329871495602979,,0.1913462303716825,0.2727272727272727,0,3
-0.98924563807277388,-0.14489219290801492,0.01998299247604805,0.14503149489048536,-0.98941062140956659,0.0056998010287587853,0.018945528333153161,0.0085366665767689157,0.99978407282769588,-2.2975385303286298,7.2663640995945542,-1.1241660054687292,0.4776704959358622,0.5739394399476321,0.8446601941747572,1,4
0.99798908619721527,0.059336979626337528,0.022291403725867132,-0.062357367675168751,0.98217699821788174,0.17731300817575135,-0.011372885643925908,-0.17834648025832708,0.98390202279068162,-7.9792174644431295,5.9274806604376948,-0.80435364443692392,,0.2734417936028284,0.2352941176470588,0,3
0.96459222425340552,-0.26330169230404848,-0.015299011069104239,0.26173928240103383,0.94850048829275435,0.17843590377667581,-0.032471355962759428,-0.17612223748928307,0.98383259170638837,-4.8643808090528395,13.780508958825994,-1.1100303361052029,,0.3904026814532172,0.6904761904761905,0,4
0.29378888425790411,0.91983320924306478,0.25999030493481867,-0.95500919283721586,0.27091526409947952,0.12067460907050491,0.040565170810754225,-0.28374599001838519,0.95804106387230659,-3.2259224307791383,15.019723867676598,-1.227807194605256,,0.1459574663848305,0.4,0,1
-0.052937018800785836,-0.98703972769021497,-0.15149339260084022,0.99714393900219722,-0.060431528754410782,0.045298954111414991,-0.053866844641843499,-0.14866272664535621,0.98741974699450907,4.1871192543418951,-9.1271103815319137,-1.347590157951571,0.1866762319333984,0.1906240797516925,0.1509433962264151,1,2
0.45799748771508741,-0.88410481146103614,-0.092719920179608895,0.88486234998684199,0.44340791246291572,0.1428567280216165,-0.085187574342923261,-0.14747238899781909,0.98539077104509354,-21.450593596306582,10.974423046586534,-0.31320402630934197,0.608957120938148,0.3894860449807809,0.1176470588235294,1,5
0.10774976587825418,0.9917945806059435,0.068800420302946502,-0.99309697753573811,0.10414815631879895,0.053958824531094032,0.046350632817295762,-0.074139540166335741,0.99617013979608993,-12.139059590116482,8.249903491518868,-0.70811019457565672,0.3044737197374531,0.2755331575829655,0.8461538461538461,1,5
-0.32109574736512209,0.92449268765891002,0.20545265023659198,-0.94656754190777614,-0.32019054838798233,-0.038573324068254394,0.030123240707220101,-0.20686054043294205,0.97790659430289495,11.775349578787305,-25.52207254522644,-0.95953176733019474,,0.2319440460241624,0.1944444444444444,0,3
-0.78855003107141031,-0.61488881971322451,-0.010029351372640856,0.61487338218946852,-0.78861049378288495,0.0049206676782085606,-0.010934915279155048,-0.0022865885491188181,0.99993759762329448,-6.7272864106596781,16.735540622327633,-1.072865326284012,0.4795029966458358,0.507634282580306,0.8843537414965986,1,5
-0.19536445785640763,-0.97949472666127813,-0.049222038247321034,0.97974772471492211,-0.19716922291318395,0.034909790199100649,-0.043899026440297952,-0.041405047742515404,0.99817758815705471,-7.0789161142457315,-11.059530244107341,-0.70037787580396726,,0.1167528191433153,0.4507042253521127,0,3
0.99736002400241253,-0.069464051878632305,0.021159584554263262,0.067151621645218845,0.99318266465614191,0.095283022291186834,-0.027634077374207998,-0.093610576983202631,0.99522530998992775,-13.237855469660254,-0.0090887249490520482,-0.53587863869258856,,0.08478046136411442,0.3157894736842105,0,5
-0.42677193104699734,0.89552649200801093,0.12608735456913631,-0.90320865343167189,-0.42909681034918751,-0.0094897689276372873,0.045605342193249784,-0.11793315674558885,0.99197375131777421,17.962183055553385,7.3522145376560246,-1.9548531278192911,,0.08677359850678511,0.3888888888888889,0,5
-0.084433888320557565,0.98199366044738934,0.16899517550572099,-0.99436928561389659,-0.093938192255341404,0.049044264328340997,0.064036257938618474,-0.16390261400275574,0.98439590145036804,-26.985645471385279,-12.571288473280735,0.13194750257631874,,0.3589653159107745,0.25,0,2
-0.72069158723690974,-0.69085722788746373,-0.057618805624498018,0.69277762237967744,-0.72078918178938189,-0.022849974734239206,-0.025744941559568253,-0.056384803724438569,0.99807712722667485,-16.006742839747847,7.9614585175116188,-0.53873407361448722,,0.08361692903025422,0.2666666666666667,0,5
0.30920449766078878,-0.95071369266919914,-0.023152822671044189,0.94934927062620178,0.30714581476857356,0.066312976344376107,-0.055933362028756831,-0.042484385854648143,0.99753021807397668,0.48794059598977862,-3.2791461075288764,-1.1316104174403687,,0.09147485633163936,0.4863636363636364,0,5
0.51246119400673373,-0.85715394840079828,-0.051678171195515016,0.85596890171544349,0.50509419701916314,0.11044044292569261,-0.068562117333472963,-0.10083134868922074,0.99253829910400071,-7.5055172959765608,18.214892181765745,-1.0223204777922035,,0.1370533736171306,0.3214285714285715,1,3
-0.089249103060144663,-0.99485799640461248,-0.047876555773772193,0.99519477603056117,-0.091016668322776925,0.036101576820167652,-0.040273506979657564,-0.044424464850137041,0.99820063692543204,1.086297310167968,13.472145277782507,-1.3747725295551774,0.3895981090750978,0.3510926567744296,0.9596774193548387,1,6
-0.81890704415930926,-0.57110782893435286,-0.056807576573480942,0.57385161320157618,-0.81637525252764587,-0.065005946546223575,-0.0092508946708227489,-0.085832946997710158,0.99626659391825279,-8.3590508112299684,-2.2057626339867031,-0.83019922149058034,,0.1209198640497728,0.2321428571428572,0,5
-0.22176002318654686,-0.95477792981126242,-0.19804443153399579,0.97319508025013857,-0.22940684710517892,0.016242976272500504,-0.060941183884382931,-0.18913382364501172,0.98005845175692907,-1.6188362928355822,15.380747632925537,-1.3064949977532498,,0.3262681042625891,0.1627906976744186,0,4
-0.95408736551165574,-0.29258196827204985,-0.064133382984852633,0.29933681112023885,-0.9390226148131301,-0.16921584552836313,-0.01071319183974059,-0.18064418261202206,0.98349016609676354,-4.7712691528199382,15.742135822265439,-1.1714393035245476,,0.5955979172849237,0.2,0,3
0.84602198944601292,0.514759402280343,0.13881480878419961,-0.53302775217553178,0.82218760387672463,0.19972220568116617,-0.011322931798337937,-0.24296152328184423,0.96996983943834869,-24.570159695069037,-11.864071596567943,0.034787284431287896,,0.1963219622503149,0.2,0,2
0.3124982675112366,0.93136350948912339,0.18683373890863564,-0.94894597063601283,0.29718359641511066,0.10575185499771078,0.042969496345102616,-0.21034239518909478,0.97668300853959977,-6.1109691814209874,4.4230857763458005,-0.95136792496353872,0.2896906906521116,0.1576274839429544,0.2444444444444444,1,5
-0.99622410971603004,-0.085191702232372851,0.016730125261206454,0.085355882406893013,-0.99630659526390408,0.0093563653300538837,0.015871249448155975,0.010749051325558987,0.99981626378878041,10.42031852902957,1.0407906780953782,-1.5978814542644819,0.1677157952835715,0.1330475297663931,0.4181818181818182,1,5
0.95898093528572259,0.28168120281718811,0.031800404682677016,-0.28335241172549669,0.95576903400643298,0.078847729223827115,-0.0081839188574042709,-0.084624190476904462,0.99637933030461023,1.5162354245080385,-5.4602293891017988,-1.2622852155853042,0.1938157139286606,0.161255799954839,0.7864406779661017,1,6
-0.78437323336833298,0.6118814539142825,0.10178269563658641,-0.61812698198723282,-0.78473314437621378,-0.045966577605643308,0.051746158453180868,-0.098969583575783115,0.99374411022766518,-0.91477570974622469,-5.2137112244472545,-1.1287465221800805,0.2525424008228956,0.09660629125703676,0.3544303797468354,1,5
0.96116197202096521,-0.27598298077975086,-0.0010285235500973996,0.27126490081700622,0.94403097225259036,0.18767225957122402,-0.050823391519154375,-0.18066244144191324,0.98223116684756961,-3.844509437561924,5.9994741810145449,-1.0490199514079859,,0.2080699113128521,0.2075471698113208,0,5
-0.27263295007899119,0.95048072335599132,0.14919004343419584,-0.96195874624885958,-0.27211296241469357,-0.024287984708932512,0.017511283406650407,-0.15013637205744176,0.98851020467109041,-0.37333958815021734,8.6364260962897212,-1.2540877734018914,,0.2800008712855215,0.2622950819672131,0,2
0.70558846990734347,0.70773391004587338,0.0354629906380255,-0.70843508457773197,0.70336973647176126,0.058230101794400232,0.016267823245751593,-0.066209715199688629,0.99767310855811897,-3.102681812846761,2.445505716211442,-1.180563496753928,0.2780945333593807,0.2614430447227058,0.9351955307262569,1,5
-0.98882611504790885,0.13391904161475626,0.065487437667420628,-0.13976517748648254,-0.98563653811662166,-0.094796149139368541,0.051851801911130792,-0.10288977122370599,0.99334036745523535,11.833134724885694,-7.4459714247489419,-1.5712780349482804,,0.1575464540721046,0.2692307692307692,0,4
0.06198816229216704,-0.99772691706549688,-0.026428520552965937,0.99671190732876513,0.060497298591563213,0.053902232348744882,-0.05218085400503529,-0.029682921454968262,0.99819641486493182,-25.719630329230121,-3.7189045608864957,-0.21172075877592272,0.3447110503222581,0.260050067585757,0.6875,1,5
0.89850856503749643,0.43222053812111183,0.076601337981496848,-0.43873368677246544,0.87872048670103109,0.18805068025121133,0.013968201219168582,-0.20257273429116676,0.9791675937634482,0.28935164415057379,-21.516670113293138,-0.64067522404182697,0.3100392527768964,0.2214053202458169,0.4,1,5
0.90832380185213646,0.40715804050199972,0.09576116667758601,-0.41826076725080658,0.88550145508318634,0.20234896496974267,-0.0024086443587777082,-0.22385152020956092,0.9746202826394601,4.9373756316789503,12.14345481586493,-1.5411931860530834,,0.3076307728626255,0.1875,0,1
0.83201250930121196,-0.55465423365014044,-0.010670775992267151,0.55250731939309794,0.82675490482961345,0.10588668168013893,-0.049908379891108849,-0.093994725565602733,0.99432094676844307,-21.526754688525301,0.9296341555718185,-0.1751472093993538,0.1970582046708571,0.1934869202294525,0.6896551724137931,1,5
-0.9270382897231606,-0.3745600090991148,0.017458779190651644,0.37491671213078681,-0.92666955972585519,0.026851183261271096,0.0061211397792883763,0.031437663099548437,0.99948697089388894,-5.5352549433127844,12.273562584571943,-1.0422479011591415,,0.07640872324007097,0.4210526315789473,0,5
-0.19190881439459184,0.96708485411585887,0.16708648029499409,-0.97954424634135395,-0.19924779135700127,0.028167127984683543,0.060531615022323113,-0.15826308027794819,0.98553981198312057,20.469363598641749,14.635165280180866,-2.1765859562240255,,0.2681033721001105,0.2941176470588235,1,5
0.65036011359478751,0.75757727615517123,0.055752966721840977,-0.75921963875527054,0.64585853090773571,0.08032619860305934,0.024844773560888926,-0.094569702902213837,0.99520817345904822,-11.274825436184948,11.493376294000088,-0.77366103962419641,,0.08716390139060799,0.4761904761904762,0,5
-0.89113726371674074,-0.45352165958669288,0.013873770257991056,0.4537332710242612,-0.89076697026255658,0.025696759618470937,0.0007042592306601977,0.029194331213388425,0.99957350657364796,2.7555773870126146,-4.3724163268154914,-1.2437642172106935,,0.07760680555324992,0.3188405797101449,0,5
0.44384117007818791,-0.89599285225537628,-0.01420649326544786,0.8942518116684891,0.44184820123931096,0.071301222915260837,-0.057608272593884409,-0.044350600546798,0.99735365400638509,-7.1585653586331057,6.3260908702773984,-0.85766647197891377,,0.06965785736961919,0.3382352941176471,0,5
0.89318605923752015,-0.44968076953282421,-0.0024226217443405074,0.44807893359107559,0.88952331702480902,0.08929466804387462,-0.037999116511225423,-0.080842278428729528,0.99600230580195859,-4.0976696520522609,-6.3740189088211325,-1.0111062447125763,,0.08708971928223935,0.3843648208469055,0,4
0.97376709541884177,-0.22706118745972409,0.014861393909492539,0.22411362324648515,0.96832929413295732,0.11005208766444133,-0.039379280781720413,-0.10383446091423311,0.99381470957707496,12.06695754584636,-0.94228644779471671,-1.6388494187753619,0.1202532018424564,0.2084993939946717,0.1875,1,5
-0.76941781726062497,0.6297976594275112,0.10654168508862505,-0.6361824088678496,-0.77052298678268782,-0.039576122682572289,0.057167867976647871,-0.098230519794584858,0.99352030671340075,-32.420502042878901,4.7868728930974527,0.21837517619803884,0.2992255531217807,0.2645727372985839,0.8571428571428571,1,5
-0.51134452489346638,0.81009571260794089,0.28683046085746822,-0.85751766618335734,-0.50291636170230214,-0.10834475213671933,0.056482112610306105,-0.301363683190844,0.95183491289651967,8.660457668305142,-2.2378300268478477,-1.4472654517551875,,0.5220865980774702,0.2962962962962963,0,1
0.90884900439705785,-0.41710867834068227,0.0037199004509785227,0.41175783482534706,0.89854458673559501,0.1518983578189706,-0.066700619685412937,-0.13652097311785885,0.98838911934143325,-3.0558306094581145,11.51090941015496,-1.1779776920555274,,0.1440300035169725,0.2142857142857143,0,4
0.94112157323859802,-0.33452706320501213,-0.048803979021557822,0.33601706563335987,0.90973425662099161,0.24387725177514866,-0.03718488924352642,-0.24591711268978936,0.96857733697328741,2.1146638347074593,6.1599395451815138,-1.3419316321149528,,0.2687121469803185,0.2093023255813954,0,4
-0.86745448596252328,0.4737308544253625,0.15199273781635267,-0.49525098227423875,-0.85134307820459698,-0.17303591462330351,0.047425513596546322,-0.22537533307471233,0.97311704326949622,2.4271010634872483,9.1949264628222558,-1.4104329306398238,,0.1278001098877004,0.2325581395348837,0,1
-0.99967801490385999,-0.0083679697315384161,0.023955032883498664,0.0036346401529998209,-0.98154542452108851,-0.19119458410915904,0.025112863413709833,-0.19104595437822852,0.98125979608199376,10.555946237197281,-3.4927186289393632,-1.5589787499494252,,0.1495944171264779,0.375,0,4
0.90523673180539332,-0.42462057251380458,-0.015615018038383863,0.42254601181407186,0.89572835718107291,0.13829525675784585,-0.044736196645585681,-0.13178800984818401,0.99026794008992458,12.027815423760021,14.458694876105147,-1.8437797465090677,,0.183183178041968,0.5,0,1
-0.79557045581110308,-0.60502891362871236,-0.03174371613051357,0.60578199879658112,-0.79522053827133854,-0.025543403169167943,-0.0097887575582176947,-0.03955134870903549,0.99916959073060452,5.3784835165682363,3.2388253161522771,-1.5032637624043785,0.1933517929978412,0.0753086159668334,0.2794117647058824,1,5
0.73206659257424433,-0.67438126674944776,-0.096376403201956992,0.67915280134248013,0.71144281259660147,0.18055635362207403,-0.053197523113371094,-0.19763357878166352,0.9788314421148081,-21.618247585586417,15.949989656914495,-0.36744297481704513,,0.4115272450098573,0.3529411764705883,0,1
-0.91876577013915617,0.38840733319848009,0.070775724215629859,-0.39195216550448286,-0.91885968750067648,-0.04550136967723873,0.047359894182193225,-0.069545799325358884,0.99645392378134956,8.9888360829061682,5.3127052460076785,-1.6383973533657021,0.4641056900399178,0.4295809915878458,0.7410071942446043,1,5
-0.98909310038073239,-0.14531181095631343,0.024068991998580022,0.14592108877699153,-0.98895842873752204,0.025850765542811016,0.020046810952578736,0.029080987356151815,0.99937601609455473,5.4634862648827598,-1.7126802030847998,-1.3206895472915443,0.2309306112700408,0.2167536446968333,0.815028901734104,1,5
0.94680819572805619,0.32061872966306804,0.027529451346196283,-0.31994449806927139,0.9287326352658547,0.18732648063566032,0.034492878357482736,-0.18617014363581749,0.98191186924348473,-24.425408361627582,-2.1586876162714645,-0.24598397735338454,,0.1117570173431403,0.2666666666666667,0,2
0.44353661696815222,-0.89357714054535597,-0.069247117652885673,0.8934057958558379,0.43464722378448678,0.11361282844660017,-0.07142375892967856,-0.11225722583078721,0.99110895561947787,4.6596799016748687,-20.926573542510468,-0.89909531168594692,0.3454371100464433,0.4406937061700812,0.375,1,5
0.9980774474173687,-0.060487841065790297,0.013514068226467347,0.057934319025367095,0.98797301025403428,0.14336298576916359,-0.022023252164403647,-0.14230443455065658,0.98957790207306129,-10.41458632746772,9.8088388684120478,-0.81289248845703288,0.275503961899214,0.1301566891671215,0.3333333333333333,1,5
0.99893472768225822,0.035428663532710437,0.029567205323782153,-0.037639491742235451,0.99624955347757072,0.07791081989767315,-0.026696038877685343,-0.07894071823860907,0.9965217932951661,10.882840923824334,-6.5533953157732325,-1.5693572460217822,0.261820490957402,0.2486001951450947,0.492063492063492,1,5
0.89074161967524745,-0.4493896216362373,-0.068031867120899286,0.45180775808193629,0.85917267222233151,0.24019173391961807,-0.049488551355751371,-0.24468609946618838,0.96833857509278809,-4.8796895427087152,20.923401800919848,-1.2417757365928392,,0.2988594459629911,0.2727272727272727,0,2
-0.12948677345549814,-0.98908945434989159,-0.070251169342003469,0.98921873432955676,-0.13374126646938894,0.059662126132031833,-0.068406660140040793,-0.061768316611336256,0.99574354324368441,0.81588535770311055,5.2111194304549047,-1.2964016039871344,0.4946959843083978,0.3750374777300728,0.4418604651162791,1,6
0.74845507735334094,-0.6631297955362101,0.0085948505576541618,0.66105573104621196,0.74702663297458072,0.070402628343118084,-0.053106662811387755,-0.047011529423803947,0.99748162813471009,4.4025673606549827,5.8792860808413892,-1.4510793120612451,,0.06990434589810339,0.2244897959183673,0,5
-0.99802148572247529,-0.021646299921775337,0.059030091783772928,0.017732784698821467,-0.99765984620548931,-0.066033170574083574,0.060321326105527123,-0.06485575509495925,0.99606981113169701,-19.817928784690167,4.3794751652013959,-0.28170890129895804,,0.1532741630244029,0.3,0,3
0.26562888688904424,0.93953430949744499,0.21614017610626868,-0.96383189195023922,0.25376359256886538,0.081437848364060886,0.021665145042491559,-0.2299550398745468,0.97296007170211551,-9.7735377755501425,7.0334483814006044,-0.76038048254044421,0.2115586910312486,0.1168957402577434,0.375,1,5
-0.37627833666854177,0.92378351093296207,0.070983366236928996,-0.92541082275782682,-0.37845381257739108,0.019685549733747802,0.045049111829629999,-0.05828152944121609,0.99728323000507468,6.6520289871893992,11.833933513591797,-1.6108508598996847,,0.1075713000310825,0.2941176470588235,0,4
-0.95978591206677599,-0.28032119160992419,0.015199754357835469,0.28059503624666898,-0.95960425840367158,0.02064201751936634,0.0087993540602069598,0.024076893236700717,0.99967138329562633,-14.314366684915845,-1.0266899817282127,-0.56249727962202212,,0.06936255575070134,0.2980769230769231,0,5
-0.57495501078764921,0.80753148239376094,0.13160410522893493,-0.81554705567726571,-0.57854493729866352,-0.012990592835904455,0.065648576117969176,-0.11479834697860428,0.99121723349862256,-22.005576121152824,14.111141127586691,-0.36989705024894248,,0.3002342155881186,0.3611111111111111,0,5
-0.49437058572987341,0.85428076041458145,0.16063034069124785,-0.86718949210930152,-0.49742395139048018,-0.023490367351174483,0.059834009896660337,-0.15090989022779719,0.9867350689476484,-26.068431911866597,10.184648048795314,-0.10532349235013536,,0.166914841342787,0.3684210526315789,0,4
0.81632919699834072,-0.57755963363138629,0.0056135307626013044,0.57512980817057391,0.81371358901452595,0.084237158111952329,-0.053219788441168113,-0.065536742768297837,0.99642992200435188,6.4517963476173703,-15.37463800268201,-1.1807965487550773,,0.0866922901821503,0.32,0,5
-0.49194602948733618,0.8640081581219089,0.10714012679864332,-0.86978150160927525,-0.49315137478204257,-0.016788716713737682,0.038330712620006348,-0.10144764289704315,0.99410217393418598,-8.6252858236894721,4.5026254584531866,-0.76266334901672583,0.6697026694308614,0.5984457751660106,0.7151162790697675,1,5
-0.75948929405966359,-0.64999725283591347,-0.026068822653108767,0.65038869927934417,-0.75953077723156048,-0.010370066911294292,-0.013059558127161523,-0.024830822454909689,0.9996063616232822,-9.7070946658748838,2.719469219992666,-0.67173264100799202,,0.06450784830855474,0.1509433962264151,0,2
