axis_00,axis_01,axis_02,axis_10,axis_11,axis_12,axis_20,axis_21,axis_22,location_x,location_y,location_z,dbh,dbh_approximation,score,reconstructed,number_clusters
0.74486286297594917,-0.66639789170098007,-0.033063050309376459,0.66569159254074628,0.73889674039169861,0.10433748443913632,-0.045100099554619279,-0.099726911989747286,0.99399221528397874,-19.701404724094964,18.482833930526688,-5.0850755911838093,,0.0776902659124116,0.4444444444444444,0,1
-0.87733967730805473,-0.47419650305397093,-0.073571510195077905,0.47653752493046375,-0.87898347144088995,-0.017321785903034501,-0.056454211128549849,-0.050256675428326285,0.99713950308908406,19.00024782215355,2.2034591465699518,-0.86433417793340506,,0.3880796442482103,0.8367346938775511,0,5
0.99189708885050953,0.12587697630692435,0.017179987360659052,-0.12455827373722154,0.93693809270941431,0.32654593378826535,0.025008030180120201,-0.32603987066902229,0.94502518546366743,0.46549020655212819,-7.0709452225163636,-0.59683010739603926,,0.657308723426407,0.2551020408163265,0,1
-0.53818467443355955,0.83895177717588809,0.080729002088853308,-0.84050807620996282,-0.54133658876983337,0.022380158285120876,0.062477436172352449,-0.055808720039602827,0.9964848000531018,2.415215799703295,16.867941633109762,-3.1381368113262904,0.1717453120348735,0.1506933889039946,0.3333333333333333,1,5
-0.90595360016887783,-0.40742024928985704,-0.11513824216844813,0.4191030504603005,-0.90155233090928866,-0.10749896616665462,-0.060005895009742245,-0.14564386393054646,0.98751564922458845,-8.2764776456044391,14.620251417493671,-3.4919195164263988,,0.1245311729740845,0.2142857142857143,0,5
0.41645635546708021,0.90533403437285309,0.083272985999373328,-0.90701748361045176,0.40745225564260878,0.10631060058486728,0.062316838944558847,-0.11980377948097007,0.99083987909552462,-16.270709185476552,14.10910068844111,-4.2093125746163427,,0.2175928974862524,0.2941176470588235,0,3
0.99766049932084699,-0.067632724913412115,-0.0099670765856838071,0.068359767033322472,0.98841313797312735,0.13552273216425656,0.00068581778049501955,-0.13588702367371822,0.99072410208446515,0.84905797661874827,11.094897381819434,-2.5461275490982538,0.3223782702091335,0.161666006046729,0.4742268041237113,1,5
-0.96334429521903719,-0.2675100879632486,-0.020152461557650082,0.26564047054976492,-0.96170155449485817,0.067566711391585349,-0.03745543051464037,0.059736696594884647,0.99751121186926717,-4.880440289881478,12.581977576354042,-3.0436715337538578,0.5104617755936902,0.4533902184065886,0.9584415584415584,1,5
0.071995109020245862,0.99716411087746537,0.021918947399827741,-0.99374067177633008,0.06983126610212792,0.087195593536034136,0.085417688652236437,-0.028059405776446691,0.99595004303066403,11.466007811722406,8.6668331667676135,-1.8139928612521459,,0.07503699359593681,0.4137931034482759,0,5
0.73036542101923807,0.68303577330223408,0.0053370561933503121,-0.67954468495133147,0.72579675378928277,0.10694902217101329,0.069176390002571184,-0.081738635775005716,0.99425018103486096,6.9834865454583301,6.5714185351187924,-1.6800362474469039,,0.07207307680079776,0.3409090909090909,0,5
0.007703036746352648,-0.97697407114989732,-0.21321896614907596,0.9937918060997345,-0.016186927101861658,0.11007192884667538,-0.11098878030644763,-0.21274314957665602,0.9707841381863902,-7.3236669031308672,7.6384697914909587,-2.7382463281450979,,0.3131561815834278,0.3709677419354839,0,3
-0.46921453183784761,0.87942372762779319,0.080322041790709675,-0.87879347768527349,-0.47395459587758348,0.05557935429942603,0.086946803794125116,-0.044507845732584476,0.99521821977807057,5.8584731243323818,15.671727708486538,-2.830138277625843,,0.3715792977032555,0.2058823529411765,0,5
0.83660915998940322,-0.5366588118767851,-0.10992012125549719,0.54775970864478962,0.81709195787992184,0.17977773486539336,-0.0066644585077090743,-0.21061351334364536,0.97754669095130464,-17.23025699644818,11.636110913312937,-3.9841319640166457,,0.7090721220793884,0.5869565217391305,0,6
0.73335377847213967,-0.67396662800090701,-0.08922566862581148,0.67826696026985367,0.71637716364942328,0.16357777968874709,-0.046326733177817964,-0.18047920584570029,0.98248719587095723,-23.206486812543943,16.346487985913342,-5.2498784056347727,,0.2112522628096934,0.3,0,1
-0.11046423745927925,-0.99133253123061549,-0.071115854536399917,0.99021173290420261,-0.1159164991966533,0.077743740795322896,-0.085313400245202148,-0.061831850513264466,0.99443373132688384,-4.995520423562346,22.928903393871028,-4.2793122703944135,0.2235081400961028,0.1645346301711503,0.5833333333333334,1,5
0.95366783979499747,0.29979289289868916,0.025335206890369465,-0.29927651216354978,0.93664184459897992,0.18203193185109229,0.030841864534483565,-0.18118023157523308,0.98296617595845115,17.532697904551647,16.067054621409298,-2.3129921239283111,,0.419161888939357,0.4888888888888889,0,5
-0.95237883002356027,0.29903118834912318,0.059623087117891646,-0.30287328019234672,-0.95033628771037371,-0.071615057120660686,0.035246847638967849,-0.086262904283235006,0.99564871871365246,8.485973973782011,-8.5386643999749854,-0.15917270612416842,,0.6594928956245525,0.3191489361702128,0,3
0.87561542127229242,-0.46777629870613974,-0.12034520513476224,0.48222650511996701,0.86080363349447853,0.16271048620935202,0.027481480853954608,-0.20050545860770333,0.97930706587800431,-8.7962934594735742,11.041314145293823,-3.2048903895594307,,0.2164738460911313,0.1052631578947368,0,3
0.37277530569635758,-0.92281006958843936,-0.09726328664592071,0.92341481412939141,0.35860305452385283,0.13678059194397396,-0.091343595885910331,-0.14080278673500024,0.98581485215951614,-4.7590820776435763,25.404382920881019,-4.5435869312790267,0.2409200237721376,0.2066788335985293,0.2727272727272727,1,4
-0.97240142607200153,0.23309029557916749,0.010216686348959763,-0.23324445036795191,-0.97224855044188441,-0.018159915644237988,0.0057002583878873504,-0.020041713261849132,0.99978289482459126,-17.661848453290435,16.106400202686018,-4.6265667288976404,,0.4464427052497271,0.4875,0,4
-0.99270259728737587,-0.10580186253517795,-0.057857749895638133,0.11330984474136335,-0.98257389312762033,-0.14734118103476831,-0.041260543180949974,-0.15282182575836323,0.98739204835176475,-12.989100211202691,12.857422457609799,-3.6904262590782966,,0.2689806069112292,0.2463768115942029,0,2
0.95904876240279024,-0.28154667255725407,-0.030934487317829894,0.28293543696242834,0.94721142745528586,0.15079141291532913,-0.013153320666598764,-0.15336878062389325,0.98808147806007551,-3.2086575313246453,19.965936903653482,-3.8363713624658278,0.2502941094719882,0.1886386149005326,0.3888888888888889,1,5
-0.052923815818590826,-0.99213534668072845,-0.11343069948612573,0.99423779221413633,-0.062955563618056765,0.086762950288090598,-0.093221683380856984,-0.10818526182546628,0.9897503053151312,-21.15701784418707,10.582323006558758,-4.2252759158202879,0.2839519193863301,0.2632299820701565,0.7571428571428571,1,5
-0.28349663074592468,-0.94818380197332475,-0.14344733539219959,0.95508958174835012,-0.2926204347566938,0.046660175723706385,-0.08621804446560194,-0.12377705295496748,0.98855737818819223,1.7225709858199652,4.210175428451997,-1.7130058561660424,0.3405192739871071,0.4796873025006116,0.5467289719626168,1,5
-0.59182951964602704,0.80083544251156069,0.091653770750946495,-0.80391483996651991,-0.59472015457434346,0.0053728786208716399,0.058811136336230932,-0.070501998272268329,0.99577644001174248,0.81187071106578357,17.225233121368554,-3.2875847948146153,0.4002916640504954,0.3558475554120004,0.8773006134969326,1,5
-0.78855102437949154,-0.6098468495001268,-0.079209229921930316,0.60869829485808313,-0.79235575997485974,0.040727576303105611,-0.087599473668039426,-0.016098751176192989,0.99602568361646693,9.5954024920630285,4.822438623780692,-1.3760864064984009,,0.5504244655604704,0.6692307692307692,1,5
-0.01734819595492779,-0.99890525319913348,-0.043443471641726107,0.9963995677476406,-0.020878364376194846,0.082170525696813976,-0.082987598407384677,-0.041861545983764972,0.99567096446488013,-5.6613046664611586,11.053408097106752,-2.9810966736785267,,0.07798900069810995,0.1746031746031746,0,5
-0.79883854521297493,0.5990828981452675,0.054375176614743434,-0.59777806169232262,-0.80068646940493327,0.039529314074903447,0.067218804224616291,-0.00092674793207639947,0.99773782803744726,21.396085492433102,-1.9810458878139394,-0.42540786591232571,,0.1300682399221885,0.2692307692307692,0,2
0.5285588922896417,-0.83667428924339471,-0.14353268303981245,0.84651960621073508,0.5068456618395637,0.16282515584281471,-0.063482703804809873,-0.20756591433439875,0.97615897144069519,-19.883498418380412,17.694346709853843,-5.0953365427143122,,0.1532927645140179,0.2142857142857143,0,1
-0.43427190964667778,-0.89873299280871999,-0.060719981298660276,0.89685427477896829,-0.43768284699374321,0.063922885245763866,-0.084025700250098173,-0.02669706134639915,0.9961058922689634,-7.4277816536043044,9.9820874084173479,-3.0157593788282062,,0.08252692625188504,0.3626373626373626,0,5
-0.94084607944071741,-0.32517476305303089,-0.095236696049559838,0.33075488415440263,-0.94240088366994823,-0.049817477516514198,-0.073551760067579228,-0.078370580778158644,0.99420731774587889,-17.476127291865495,10.217757011008208,-3.8067736533826708,,0.3206085051422785,0.2666666666666667,0,3
0.64949520120903526,0.74548319916227146,0.14970231585790533,-0.75683486126996014,0.61487430600986626,0.22165419142295908,0.07319136815851468,-0.25726326511119035,0.96356558471720766,-17.419707008984489,18.559941349548627,-4.8505237224632998,,0.2934703054537663,0.1363636363636364,0,1
-0.9998230648167078,0.0027027392623154506,-0.018615430723081857,-0.0021877156038937356,-0.99961578319766242,-0.027631501634201427,-0.018682959106158779,-0.027585887381129059,0.99944482882069752,-18.8847523054364,9.7109207641881703,-3.9330978572643756,0.1593029903137025,0.1449158906880493,0.25,1,5
0.10445935927401973,0.99362867058764515,0.042312022479313233,-0.9909267456112868,0.10036885388027469,0.089388354962960728,0.084572023106258137,-0.05126556502164701,0.99509769105888579,-20.793213029954764,14.833384237439333,-4.7559005028650434,,0.08972724284646494,0.1428571428571428,0,3
0.054827229812344586,-0.99445754767058803,-0.089711541911313156,0.99509846503329802,0.04701431799798083,0.086998268899784861,-0.082298358182158748,-0.094041691733962721,0.99216084404512539,-7.5952540491374512,12.001941089642738,-3.1911929095631395,,0.08553488161255345,0.2285714285714286,0,5
-0.96036077743371651,0.27866774136547529,0.0071740566747784673,-0.27816194058018734,-0.95629774948635737,-0.090114089575344655,-0.018251355554389153,-0.0885375866487981,0.99590560987014931,-9.2945877699353368,-2.7930295420680129,-1.6000444905200402,,0.3309389733239794,0.427536231884058,0,2
0.8285803047655721,-0.54794305488898587,-0.11494819334603786,0.55964371660482459,0.81644030453342242,0.14221160148915818,0.015924478620381488,-0.18216376624427333,0.98313924407907272,16.34760800450087,3.1109861012483426,-1.0236993114725323,,0.1937667562115895,0.2857142857142857,0,3
0.54644112628528874,-0.83608315830710667,-0.048652316484189072,0.835675663941014,0.54050191003752435,0.097487793813032672,-0.055211232560138067,-0.093928896730454653,0.99404682090844643,-12.102240195047008,19.173272933045805,-4.477004175713426,,0.09693950445767471,0.4516129032258064,0,5
-0.99777953463242575,0.063090844553832306,-0.021343514288485878,-0.063562326938178162,-0.99773128174570225,0.02218377831391,-0.019895498558789155,0.023491163435656447,0.99952605487677748,2.4869643228731446,12.623849590394471,-2.6380978362114291,0.158294554482678,0.1305541150039157,0.3958333333333333,1,5
0.59395575495287034,0.80193148227539524,0.06420637736201297,-0.80128749579726011,0.58257599824345363,0.13617472360757399,0.071797703565793458,-0.13232952809645629,0.98860203608754893,-13.678749276617612,19.50386497264212,-4.6216302776366698,,0.2203167216499406,0.3461538461538461,0,5
0.96266150096291347,0.26939156563857175,-0.02666493815163605,-0.2612406267982037,0.95029880019781232,0.16936801720714914,0.070965974057383016,-0.15607810450347795,0.9851920908232511,3.9802461658994917,16.414524344536535,-3.0015999966095426,,0.1592736871535577,0.3333333333333333,0,4
0.99958955241723779,0.026799199112982883,-0.010125691344728655,-0.023345346732065172,0.96684502447958176,0.25429450136610593,0.016604863271513819,-0.2539537390273659,0.96707382187181268,-12.981715774178578,20.454848046122343,-4.7307074500097377,,0.2484669023583347,0.25,0,1
-0.88321682652048006,0.46845214651808881,0.021923133299963107,-0.46734961551076937,-0.88308911587363914,0.041688731180627089,0.038889256010224693,0.026574420936489734,0.99889009701711517,16.592627939839925,8.7204686190624354,-1.6062461495183216,,0.150986221863492,0.5,0,4
-0.5908503736817271,-0.80529839762685629,-0.048890967466190399,0.80391364991440384,-0.59277306089334181,0.048403943645519289,-0.067960866691527844,-0.010704627912967172,0.99763055864371952,7.9942325370799825,8.2236078928871592,-1.9100480122503212,,0.2157842704886404,0.2682926829268293,0,5
0.94707040675971299,-0.31774367187737923,-0.045788684430482826,0.31710416221515952,0.90370925473088137,0.28767087655787921,-0.050025942727905608,-0.28696435648985608,0.95663413234033667,-15.742878070892486,19.361867267103548,-4.7965482784757203,,0.2784435956557028,0.2941176470588235,0,3
0.74469326658393586,0.6593567980938293,0.10334675375646636,-0.65958558425508751,0.70345242243345574,0.26476696624650303,0.10187637482469113,-0.26533620593495266,0.95875852125163519,4.483232820140314,-6.1401381089458029,-0.49855752037003886,,0.7778485071732112,0.2327586206896552,0,3
-0.12877359301525029,-0.9894214274849944,-0.066802698863885165,0.988676246114646,-0.13332660607592486,0.068871594151198909,-0.077049608114480264,-0.057177398907535107,0.99538640886018415,5.681516696132781,4.0330523087156767,-1.4849041699582601,0.1580132242261944,0.1341999538952448,0.6407766990291263,1,5
-0.53090513426569519,-0.84590975123946355,-0.050758557587016882,0.84196813472228971,-0.53332576401575849,0.081567699178515196,-0.096069758626706789,0.0005676222313789151,0.99537444174662704,-5.8341467960211029,-2.0572386627907715,-1.474996185813459,,0.3852722839679307,0.9482269503546099,0,7
0.97543774542965478,-0.21799392929593492,-0.03162042980781226,0.21990551416733758,0.95540049048634557,0.19710775635993782,-0.012758120155835778,-0.19921985234551468,0.97987176752956817,-5.4455047703010875,-11.420458103461588,-0.6038520313491299,,0.560384620151383,0.3703703703703703,0,2
-0.60327267509250815,0.79112516088719886,0.10091114555852077,-0.797509406567813,-0.59941862341439345,-0.06838172518917944,0.0063895166158241864,-0.12173041409277102,0.99254263402748533,-0.28075710014524424,-2.6856825327642007,-1.0009288825282765,,0.2705617332856333,0.1929824561403509,0,2
0.9600466080386556,-0.2777220150006835,-0.03436557547070241,0.27909511990615216,0.9412881685251635,0.18995393609797609,-0.020406480295310236,-0.19195589644109312,0.9811913724566953,-2.6105843893719376,10.285215748126634,-2.6913449943575616,,0.1681019910196987,0.3064516129032258,0,5
-0.32514847629069943,-0.94287322624959424,-0.072584761400164108,0.94277638958406551,-0.32919231974674323,0.052963155708403653,-0.073831887478726044,-0.051210309913533029,0.99595499725132608,-8.8472333227667708,-6.1624414980343705,-1.2354085278725828,0.7165830786826325,0.5472167534935763,0.9319727891156463,1,5
0.76131043308584501,-0.64797616905050426,-0.02309347997325862,0.64643496751573326,0.75577415587052577,0.10453352615848395,-0.050281778484612676,-0.094510897048044579,0.99425320371201109,8.3125607009234717,6.1453929224798305,-1.5489950785603552,0.3236404538345845,0.2817970843675828,0.8,1,5
0.22303023900498548,-0.96618012773227879,-0.12943520875177783,0.97170902332874154,0.2097667439559808,0.10853334562063958,-0.077711559441838038,-0.14997957829432368,0.98563027531817138,6.0619298306738978,8.8194315563690164,-2.0618752280606802,,0.1375939183963316,0.2307692307692308,1,5
-0.59679806071971897,-0.80109371166164345,-0.045617319708144165,0.79830682916862061,-0.59852881514433143,0.066854049575669885,-0.08085963902916056,0.0034817492866399537,0.99671941698653543,-11.518174910406596,11.312048124916592,-3.4151697812580122,,0.09332061436177541,0.3269230769230769,0,5
0.68139129066994009,-0.699892609968774,-0.21414070960527673,0.73010935747054184,0.6294012157090132,0.26607223793167395,-0.051441570087879973,-0.33764544151389714,0.93986665048387563,18.34282529462789,-7.9756221227371418,0.074272373676341721,,0.3383053272878039,0.1666666666666667,0,2
-0.97592656532267041,-0.21672798376568367,-0.024419667285961653,0.21547620972472006,-0.97543910912193743,0.045700628420943523,-0.033724503556968342,0.039338599978421263,0.99865666392988806,1.0421036356415179,2.0898624834797279,-1.4687330349870289,0.4982468649141,0.4287644100691416,0.9539033457249071,1,5
0.41666988516190995,0.90377375807225857,0.097873392804729925,-0.90659136805892782,0.405198229163242,0.11792576666706819,0.066920087867573488,-0.13786728873420634,0.98818738735974387,-10.576592732196959,24.929189743527157,-4.9943397419440112,,0.6155964601898016,0.6851851851851852,0,5
0.81136001230917032,-0.57630037866066641,-0.097840707178744171,0.58013212009542736,0.77334066778359078,0.25571651253999156,-0.071705325180553392,-0.26423868964934627,0.96178805421628544,-19.560079373352139,20.397776587891574,-5.3420780328703659,0.6242984408580294,0.3385151214498832,0.4137931034482759,1,3
-0.98937186796537968,-0.14322810887734413,-0.025080185527930628,0.14534525850209354,-0.97916880339704804,-0.14178579013763362,-0.0042500246652665327,-0.14392415808825537,0.9895795945799063,-2.3840049206987417,-12.268338599294639,-0.38296274473204062,,0.4817330978891495,0.3846153846153846,0,2
0.070191638498570519,-0.99075860532788929,-0.11606256870163438,0.99287899644656818,0.05816307059455627,0.10396324174566557,-0.096251921020523143,-0.12253343701924091,0.98778597100389609,-0.35626066856968436,18.57079793259371,-3.487093669731574,,0.126172406027808,0.5263157894736842,0,2
0.027876992966082804,-0.98729885152133867,-0.15640924220713817,0.99580241290272975,0.013782278548062073,0.090485375918552352,-0.087180431980273407,-0.15827516097817076,0.98353878708318532,20.068156517011573,5.8329270052141151,-1.215324491370001,,0.3935668012299659,0.1333333333333333,1,5
0.99971735196861766,-0.014385597189616234,-0.018928041799294259,0.017393561857873351,0.98532320066342183,0.16981064230574228,0.01620741122925121,-0.17009187172787099,0.98529491777505762,-5.3481041110007199,14.086478997363347,-3.2621273092071248,,0.1220469211260682,0.1428571428571428,0,3
0.70478876414206526,-0.70808384787411782,-0.043474846967918437,0.70756327737470426,0.69719813065657288,0.11519103749748905,-0.051254331035220514,-0.11194655416208167,0.99239153692550608,-1.4577713629062778,17.271860896438742,-3.4453568862385771,0.2421644192019481,0.178364924584764,0.7638888888888888,1,5
0.99734856738660405,0.072717896274366561,-0.0028182784317571626,-0.070301160798719203,0.97276296067355539,0.22088451537391945,0.018803774148852929,-0.22010072672085643,0.97529589775345049,18.341164447421988,-2.3905768194646089,-0.48268775921714813,,0.2991158398498815,0.2307692307692308,0,2
0.77582723848133506,0.63035759229118438,0.027228695732386638,-0.62688903425369835,0.76523562656448574,0.14637135843095886,0.071429929041622542,-0.13062825757591615,0.98885490521096597,-6.7935571164223205,18.978371515656317,-4.0115752608680539,,0.08012018328388093,0.2608695652173913,0,4
-0.8133550297830735,0.58173544308391678,0.0061212569407089676,-0.58059300408426451,-0.81233614674823762,0.054970431093758182,0.036950766365312769,0.041156517663474217,0.99846921931466204,2.3256462460064316,20.926293570325051,-3.5531268452152149,0.2535365613334883,0.1725951715750589,0.3529411764705883,1,5
-0.99972711058227681,0.021557476843268208,-0.0089988643152749802,-0.021603124055878543,-0.99975408956763279,0.0050065381073237806,-0.0088887230713468272,0.00519957545821977,0.99994697610284078,-19.23490488923218,12.33173732659281,-4.2802824826369479,,0.09216424025549688,0.3666666666666666,0,5
0.7609010689900223,-0.64391409400501676,-0.080026262886257429,0.64823042947967691,0.74888447155157345,0.13772929450743124,-0.028755408298880503,-0.15667382618235817,0.98723170465850885,-19.191243739678665,15.932028314764246,-4.7699073400264291,,0.1753837338202482,0.3048780487804878,0,5
0.98993038800059319,-0.10827812360096999,0.0911793554619095,0.082574501704925446,0.96489190881108078,0.24932921204522668,-0.11497512157497133,-0.23928947377676976,0.96411683376988,-14.126213587349847,-1.3492038475306707,-2.2045889418497566,,0.3611976840401374,0.9015544041450777,0,2
0.35446429685805031,-0.92917498969500112,-0.1048279579989113,0.93211184425628446,0.34220602923919891,0.11858559503366035,-0.07431400978331601,-0.13974574082108551,0.98739483281628015,-24.370309592278357,18.521277112101153,-5.7744952367973088,,0.2049010215727816,0.25,0,6
-0.69231241641570718,0.69594514092936866,0.1906931537665871,-0.71960657323471522,-0.68547721941190098,-0.11084837132191257,0.053571427403386704,-0.21396575072691301,0.97537108819250617,-18.617039179651563,11.46236550825839,-4.1332426047288351,,0.1193117790090655,0.3461538461538461,0,2
-0.13208977000010824,-0.98757879741775667,-0.085090607896625023,0.98748306532202779,-0.13856827326202489,0.075339427575430273,-0.086194479890136927,-0.074073966655495552,0.99352078946562039,4.1154283249463299,11.05451032288042,-2.3794894382445904,,0.08532732173671177,0.2222222222222222,0,5
0.51651660513699305,-0.8476079620981003,-0.12153739838280134,0.85254964156804214,0.49583208490324959,0.16525632285240516,-0.079810433402891692,-0.18897430028551693,0.97873336948917833,-14.639424542011987,23.275821872334287,-5.1854193761471032,0.2483026999197107,0.2122429700390586,0.5555555555555556,1,5
0.75305719829822915,0.65791486382752007,-0.0072724167949356428,-0.65426014147621914,0.74995221408285884,0.097546624071452523,0.069631338969899259,-0.068700134985569941,0.99520438508189113,3.2736971582342265,7.31319564474967,-1.9711855501642612,0.1542587379426822,0.1395437234221188,0.7192982456140351,1,5
0.40948978324034735,-0.91125646983716957,-0.043929074673519912,0.90950510710291788,0.40397913555821235,0.09798631632706524,-0.071544235096068998,-0.080078113199161902,0.99421774185083767,-3.9721910504576674,5.6431315648324087,-2.2654357167064774,,0.09478598043468037,0.3816254416961131,0,5
-0.993505798353299,-0.105326293683512,-0.043041845885934377,0.11124068023465419,-0.9786368006196321,-0.17290322013745574,-0.023911079007551496,-0.17656835597542578,0.98399790445347468,-11.40649175870111,21.446124014691051,-4.679241932807205,,0.5969949661887614,0.4838709677419355,0,1
0.993569841461586,-0.11119718679939339,-0.021310931136414829,0.11301961827576174,0.96285783542677594,0.24521695423046433,-0.006748038441005774,-0.24604872364059388,0.96923397050043292,-21.182380659448853,13.813235664520363,-4.6530596944383467,,0.5665516467141655,0.2608695652173913,0,3
-0.51621255485330864,-0.85008880771820727,-0.10427663786322147,0.84965825680903717,-0.52361726663552643,0.062496437637428764,-0.10772857024971974,-0.056338060610724383,0.99258278147395551,2.6482027825594217,3.126321063785154,-1.5358051056631992,,0.1292463496537738,0.2435897435897436,0,5
-0.10683932044985188,-0.98630222059860539,-0.12567135412684391,0.99356727928989907,-0.11067935698611976,0.02396124916626011,-0.037542257927332866,-0.12230294182643288,0.9917825211659651,5.833183665215584,10.560615863616334,-2.2730825522994036,0.7496259891638143,0.4709430909785381,0.7037037037037037,1,4
-0.7887500999011744,-0.60655969583930824,-0.099792861915124778,0.61356392448001906,-0.78675681718657797,-0.067476078628807903,-0.037584444688764256,-0.11445106375114844,0.99271766556441687,-4.8297135975685563,18.55098399027839,-3.8291753672717417,,0.2617433909841137,0.1052631578947368,0,5
0.42824206676966259,-0.89844982008018959,-0.096936335018008551,0.90098510201893822,0.41625508345176404,0.12230106884442477,-0.069531131076458974,-0.13971265618561762,0.98774784004460769,-2.6515900628359259,7.1227999869005858,-2.3869240340145561,,0.06732115654744815,0.1857142857142857,0,2
0.11030760482900169,-0.98954467449084749,-0.092917003307739734,0.99076044010404385,0.10205595180729181,0.089321514908491315,-0.078904896183499815,-0.10191133345957883,0.99165926480357158,-6.6832602443613824,16.508946987520691,-3.676628511469799,,0.1745628703977905,0.2916666666666667,0,3
0.66955280795350813,-0.73266698931008856,-0.12205785569501086,0.73650336796727001,0.63359161085926141,0.23690601432136504,-0.09623838285445796,-0.24851710891618251,0.96383474737192454,7.9438382507912122,15.176819172610465,-2.6805365026537169,,0.2063688160765366,0.2666666666666667,0,2
0.69096393146302204,-0.71981845440590919,-0.066560033908140429,0.72115364639897839,0.6800003609274673,0.13242706454487307,-0.050062597841322151,-0.13950233630732795,0.98895542592281449,-0.48174341424300365,10.275609296856921,-2.5255150220993912,,0.09030381584683653,0.3777777777777778,0,5
-0.18985505227339108,-0.97052014363248107,-0.14847797792890716,0.97670595672516081,-0.20209887071444121,0.072121567880465753,-0.10000266608374518,-0.13132668144568574,0.98628229707148585,-1.1826185217659981,2.6048557162351207,-1.7016150851640479,,0.1421213067513786,0.2813852813852814,0,3
-0.80784100356138389,0.58879712452707489,0.026661941294356582,-0.58829227777236937,-0.80826934647100257,0.02475599864143143,0.036126290680508842,0.0043138966127680015,0.9993379215348932,1.5098996662415138,9.0980562401781313,-2.2606443736666519,,0.1661050461373137,0.4358974358974359,0,4
-0.82406147928462004,0.56448824586396706,0.047704283252811355,-0.56507022109503602,-0.82504137336879813,0.0015419018560396123,0.040228392844483853,-0.025685647960446669,0.99886031250520746,5.368639035066793,-15.872024145931464,0.37868027969245299,0.5326659778432413,0.7083201452467529,0.8157894736842105,1,5
-0.92713519571462399,-0.37177621534004923,-0.046933725343669075,0.37202957979847184,-0.92821411845333601,0.0035414769332486246,-0.044881183386562044,-0.014177306208355778,0.99889172754933542,0.025601661492622069,6.9220238892306503,-2.1982629231622495,,0.8093829344970185,0.6459459459459459,0,1
0.99839741303841545,0.0062191511331731765,-0.056248802630650033,0.0092236844246569877,0.96276958472877228,0.27016596818774363,0.055834839337401264,-0.27025182493439209,0.96116929925783423,-1.6675897959049235,-5.1924905422430028,-0.83777410966770482,0.4615013634330822,0.5106250869829965,0.4946236559139785,1,2
-0.33561381477868407,-0.94127425605635606,-0.036961361112032236,0.93833447649759616,-0.33750844464738444,0.074943045092169439,-0.083016730516701998,-0.009530198175183446,0.99650258292543326,7.314232234253593,5.5604275009914721,-1.554780948694618,0.2711688790819921,0.2575112288567646,0.7593984962406015,1,5
0.99315498630630494,0.11388382546531277,-0.025954719653833887,-0.1089918232944512,0.98346088826402267,0.14465636422186923,0.041999471780893236,-0.14083733720972275,0.98914149079785341,-14.689555712383106,15.433046569262594,-4.1756520572657605,0.7386658069221643,0.4749786389520637,0.8226600985221675,1,5
-0.047348688683942965,-0.99528815923968972,-0.084614311775146098,0.99581854478934229,-0.053659333989140454,0.073933089543715594,-0.078125076214671657,-0.080759865980030182,0.99366710548017023,0.42971516798827603,19.556691608135154,-3.5494398307726414,0.7893934405226481,0.8000360972709115,0.9330855018587361,1,5
-0.35293429963790651,-0.91866534808116163,-0.17745804679985799,0.93466669126847202,-0.3548494750069362,-0.021909502973613763,-0.042843393567145741,-0.1735967405287957,0.98388445221246923,6.260359870629002,-13.100629396018872,0.14476364220346941,,0.3661371416066073,0.3076923076923077,0,3
-0.48678773203534637,0.87327535575815096,0.020684703656523699,-0.87240367756795933,-0.48722607915654859,0.039020137821842139,0.044153451799184451,0.00094911285464648748,0.99902430995396951,-16.870565774767119,8.9923391523167258,-3.5567023393319515,0.364639911931748,0.183948962544745,0.4576271186440678,1,5
0.082359418502519377,-0.98534827574196615,-0.14935093463471469,0.9926961484471426,0.067854230041042754,0.099750490343394893,-0.08815488098873106,-0.15647548995888527,0.98373987313719835,-7.9520338274622802,15.628219299349752,-3.6221232329378168,,0.1462056857753561,0.3488372093023256,0,5
-0.61512863391392614,-0.78177157871824354,-0.10222505782621223,0.78440794195623353,-0.61990178109324123,0.020638856397898225,-0.079504366767952556,-0.067490595684231269,0.994547170906948,-0.6475372875302341,15.96624513077613,-3.2066333162702252,0.2049006280838679,0.1214046229648714,0.2711864406779661,1,5
0.69215274195778598,-0.71710556783341062,-0.081756873610978179,0.71998635468361893,0.67809992820608089,0.14764869263323349,-0.050440369444657636,-0.16105928085407237,0.9856549483369198,4.1096371067722259,-8.2002742234641737,-0.35277243481833598,,0.7777416559652884,0.5609756097560976,0,1
0.91477044057704016,0.40118549990982816,0.047383918248582416,-0.40053289193807079,0.88544032233206993,0.23573043516738526,0.052616000629207564,-0.2346180518429484,0.97066262224688837,8.8704291965780548,8.783771419899729,-1.9383177496707489,0.7108179033242328,0.7512885103744029,0.6666666666666666,1,4
-0.31929174724571868,0.94491529547203257,0.072026831970991023,-0.94425198411695699,-0.32366119533077914,0.06026293328606639,0.080255657943634914,-0.048770021735206621,0.9955804911447298,11.83673252674463,13.940729126581003,-2.3308899945791937,,0.225902129067684,0.2083333333333333,0,4
-0.96848300629679707,-0.23397319410315262,-0.085423714245446286,0.24661755738596161,-0.94885466408448327,-0.19711571939879699,-0.034934895209534522,-0.21197021226175097,0.9766515152347881,-7.3706130736344555,17.692668716142247,-3.8186177883394326,,0.5171775391364426,0.125,0,1
0.99952021977107908,0.0095449593152052876,-0.029465641354733941,-0.0030989951649959741,0.97737655113415056,0.21148397935087473,0.030817632902967445,-0.21129119963875673,0.97693720497147285,5.010549171584743,23.061556965744387,-3.6638820523597158,,0.6419999122392289,0.5769230769230769,0,3
0.75349416582087758,-0.6501816241327063,-0.09752126800886235,0.6560131428346575,0.73370807006301786,0.17697238302231569,-0.043512050079203876,-0.19732289163844735,0.97937244086881803,9.1074124429680445,13.511330003928432,-2.427425179975045,,0.1465331601579779,0.3333333333333333,0,6
-0.99744014815568893,0.004762564264760856,0.071347521532153207,-0.015319667739442733,-0.98884438854942958,-0.14816235356748858,0.069845963573495914,-0.14887610021735662,0.98638605431978865,9.3831604152507104,-9.698613934463955,-0.031171831255361288,,0.4228854143197983,0.1666666666666667,0,2
0.67708635051657606,0.73313309726839915,0.06379604716428891,-0.73241787649946888,0.6629146014074937,0.15526843022569703,0.071541093982079321,-0.15185550016508323,0.9858102144639499,-13.577490089663611,10.336268156090956,-3.4810175965064087,,0.6876898605662619,0.2365591397849462,0,1
0.99731684498970241,-0.065564978817073058,-0.032562927578811747,0.07271202651023613,0.9387778528293228,0.33676268237134205,0.0084895170982158819,-0.33822681234621749,0.94102632880783721,-10.44013597131748,15.70018769296367,-3.7600164312109041,,0.3368202045397027,0.2352941176470588,0,1
-0.96045772316677258,-0.26864725898253033,-0.073141043542411424,0.26956600854293117,-0.96297781926505832,-0.0028083165322483924,-0.069678756070498143,-0.022413608470887452,0.99731765306134135,14.31263954586348,4.7282481477081895,-1.2413438933867276,,0.125114328933005,0.3478260869565217,0,4
0.51409687975008733,0.81176530126426372,0.27702255123827607,-0.85405034139445979,0.4545646698620997,0.25292088738806529,0.079387735798614065,-0.3666170434888415,0.92697871109765484,-15.64761046198884,21.916389323253647,-5.1634533052081339,,0.3666657419640816,0.1111111111111111,0,1
-0.14744154012740726,0.94288831219473734,0.29870156171573109,-0.98576643649285001,-0.16475303719249895,0.033480881410650053,0.080780721270889422,-0.28951350134735626,0.95375909306729456,21.427626906483649,-6.671452140557089,0.025304386252675184,,0.3368023480170523,0.1111111111111111,0,1
-0.023654738707180063,0.95618252113210545,0.29181404972712816,-0.99622915489804098,-0.046918123905296968,0.072980549328867703,0.083474093393286555,-0.2889873283219509,0.95368674091732586,-1.2276207504635535,27.556425510827566,-4.4953425544071166,,0.4704304608175095,0.3684210526315789,0,1
-0.054452364826788731,-0.97618710223238436,-0.2099849551751547,0.99514354283159256,-0.07032517714816304,0.068874513571183044,-0.082001640991859998,-0.20521479209409077,0.9752756635846207,-0.38450830280386605,14.204892366364428,-2.9898086243947022,,0.201355850966394,0.3333333333333333,0,2
0.48148548315461515,-0.86482605163673443,-0.14229416685789623,0.87392926321554887,0.46141466556489613,0.15278792261550708,-0.066478360440776194,-0.19792020314270917,0.97796125730064276,-1.3137186682643678,20.285444705654626,-3.7281125595786349,,0.07756875392519566,0.1666666666666667,0,1
-0.20920196307847166,0.95480697120485958,0.21113546926728297,-0.97468070508326721,-0.22103131832889444,0.033803542065522676,0.078943408733715109,-0.19871790069440884,0.9768721176085986,8.0108503222199836,-6.1023836133010549,-0.39165036667383679,,0.7739547010934822,0.4487179487179487,0,1
-0.32596794089246089,0.93202397327602815,0.15835471179947611,-0.94243917817519529,-0.33356615427804326,0.023281240530079239,0.074520446528398454,-0.14165074641145606,0.98710777987527043,-12.221938217128264,-4.2612838806556894,-1.6628560833515782,,0.3979584251630153,0.2,0,1
0.91088119028747916,0.4078080618378998,0.063150945206566139,-0.40892713401793829,0.87143041144142175,0.27090152653484839,0.05544417232083225,-0.27258323997460249,0.96053335238325133,7.9192401741599685,13.993231923590244,-2.5209831326538303,,0.2976677618408502,0.2307692307692308,0,3
-0.9896868963818648,-0.14057475888254833,-0.027542409029456146,0.14016417939912024,-0.98999377261145116,0.016319712127297298,-0.029560953019206398,0.01229094608482172,0.99948740997620178,3.6953764604975818,15.303136406309022,-2.897375597920393,,0.08451390848339967,0.1666666666666667,0,4
-0.92786455506611742,-0.35789638398882595,-0.10477378383774238,0.37194205894763915,-0.90846810426298774,-0.19064314391711848,-0.026953148939335897,-0.21586079279140763,0.97605207130445515,6.4243419306077039,-9.4354529610224773,-0.14431965194617291,0.6688535183878148,0.4197123027495362,0.2222222222222222,1,3
-0.96267324230648132,0.26858956383441274,0.033464529674983742,-0.27052763998544244,-0.95875436292752458,-0.087205891838479196,0.008661671376520191,-0.093003858880573123,0.99562807196376724,-2.6877024985523077,28.127336150543375,-4.6000593292617316,,0.3422868571384931,0.2307692307692308,0,1
-0.73198347495315996,-0.67753281979512692,-0.071759811147747363,0.67739216423290771,-0.73500977538814694,0.030008097569196934,-0.073075633636346934,-0.026644102242883088,0.99697043265300311,5.3068774012170987,13.152607852326875,-2.5465288728998829,,0.1343926400822055,0.1428571428571428,0,3
0.83043677720024667,-0.55533811908058317,-0.044433462270092969,0.55296000003335977,0.81190053973598064,0.18722380174414224,-0.067896961908281164,-0.1800474578339363,0.98131183397081367,-11.811056062214995,15.377244496542282,-3.8474044248697652,,0.1765756345497337,0.2222222222222222,0,2
-0.55280880009008893,0.82882689943630039,0.086304121070575571,-0.83101166173217111,-0.55600440261930539,0.016694979277763915,0.061822719190371946,-0.062490599603123906,0.9961289456456679,17.961385363446301,-5.867748840699754,-0.12982459717560588,,0.2251123504761717,0.1724137931034483,0,1
0.90301191741323927,-0.42832915318583459,-0.033220679414645404,0.42883467616731857,0.89401187201536736,0.1297828694861112,-0.025890104791904189,-0.13144165712088321,0.99098576843826569,-10.893369749802838,14.692971735657085,-3.68906075604994,,0.07145202443165197,0.2647058823529412,0,4
0.77168179818778537,0.63494773576268115,0.036722951889950277,-0.63272581352509827,0.7605585954110442,0.14563196024699712,0.064538726704743615,-0.1356170925666266,0.98865704719033198,4.9265664427726463,17.436073082477954,-3.0356871895576525,,0.08693671487087566,0.3,0,1
0.96672502388029447,0.25319640514711317,0.03652818944627647,-0.25173827294456474,0.91616204057197503,0.31188933510122263,0.045503517869852572,-0.31070676824873605,0.94941599629766837,-13.582960110044494,15.571962425288904,-4.0954365298227611,,0.4490969739747918,0.4390243902439024,0,2
-0.91662655373811741,-0.39708653980494396,-0.046022178217881619,0.39703325888017676,-0.91774201686541612,0.010685589491660995,-0.04647959041523804,-0.0084776403282083353,0.99888326509622549,4.351938399413922,21.829934208764804,-3.5081261864721554,,0.1334428246468072,0.3684210526315789,0,2
-0.75017945544967746,-0.65894957127537901,-0.054920370876578167,0.66107686202552007,-0.74922172073345161,-0.040548682786231575,-0.014427997633700578,-0.066725375212142946,0.99766705728267968,11.874217942258728,-13.763429560367694,0.4229337991763486,,0.4561522482081102,0.5517241379310345,0,3
-0.6795994157405888,-0.701599799810674,-0.21424834895670261,0.73010211140707015,-0.67530426031840385,-0.10447517846240745,-0.071383058522235837,-0.22742444218121308,0.97117587596406818,15.940878409795172,10.241771850983616,-1.8098712987520804,,0.3824473158422721,0.3333333333333333,0,1
-0.46832297215565921,-0.85391167499760889,-0.22695472027271618,0.88023188876781799,-0.47317082409503969,-0.036072055963861753,-0.076586002294991601,-0.21666615455118574,0.97323705320156817,13.484471396022574,3.7460851462336455,-1.1679331108943434,,0.5545666338257337,0.3571428571428572,0,2
-0.22008226513290732,-0.97174412507093522,-0.085306224650312262,0.97050630237764679,-0.22694181031771957,0.081332230849654352,-0.098393666560576701,-0.064890447061467044,0.99302966534788217,19.116247324836404,11.209538190508962,-1.7786597762945624,,0.101512390385224,0.25,0,3
0.56862354536594639,0.81268224955677715,0.12733744504582631,-0.81896405834628316,0.54475352782141284,0.18039253050808926,0.077234285084074303,-0.20686023102922096,0.97531723558342287,-6.1953581058979479,-10.161083576792354,-0.73708323343573456,,0.3035919736782089,0.28,0,1
-0.95608449734525447,-0.28400300628258651,-0.072420483003945851,0.28512302453113947,-0.95847566584149535,-0.0054091470600003497,-0.067877056641305014,-0.025820348800017996,0.99735952132095151,14.657331967927869,11.283948584454027,-1.9461280290047021,,0.1944864904453886,0.375,0,3
-0.66137716120220658,0.73252613299969427,0.16120085332474113,-0.74994096677989663,-0.64954785060877873,-0.12520437737854564,0.012992189397646195,-0.20369843946881297,0.97894746987395875,10.928206339076745,6.9314052357188203,-1.6071764140879463,,0.3526104345038822,0.3939393939393939,0,3
-0.76140779472487186,0.61697208095555323,0.19900658645779087,-0.62883018413634484,-0.77752899921153662,0.004610304128480321,0.15757782093701678,-0.12163102690712094,0.97998730789855681,2.2376149109296248,-5.5195847205892443,-0.62442676684228793,,0.5873561691656095,0.4098360655737705,0,2
0.22285325054152416,-0.95597983393181163,-0.19088998359993056,0.97079926878375189,0.19979389237857806,0.13278245477904563,-0.088798696229217322,-0.21490685815934821,0.97258924210792519,4.1483356179259694,3.7257783307209804,-1.5485944137175285,0.566181596426391,0.3667970565129465,0.15625,1,2
-0.46381589426939801,-0.88162600426532178,-0.087237634231116204,0.88048595516239581,-0.46962585035582777,0.064776874263347023,-0.098078024984410414,-0.046766967837661426,0.99407924821637261,12.010524521129824,10.089520347110653,-1.9324059487217013,0.8114851162692616,0.330926925132411,0.1818181818181818,1,3
-0.95298398396231265,0.29082982505335225,0.085085481550944309,-0.30280164756211642,-0.92465733190003274,-0.23091119677742203,0.01151905139268777,-0.24581869624369501,0.96924737814041229,-3.6055097321094629,-14.893572780292551,-0.27370971246790055,,0.5264173855954417,0.2105263157894737,0,1
