axis_00,axis_01,axis_02,axis_10,axis_11,axis_12,axis_20,axis_21,axis_22,location_x,location_y,location_z,dbh,dbh_approximation,score,reconstructed,number_clusters
-0.89557706633672363,0.42947237246547543,-0.11616884066127037,-0.44074862562708389,-0.89204350891223139,0.099995135958656375,-0.060682511974573583,0.14075460737194184,0.98818306666529465,-9.8869044396210395,-6.0153254248980828,-4.2544895706439201,,0.07010312594365629,0.22,0,3
-0.98635721919179076,-0.094207932503085456,-0.13499741331496395,0.099702803930772951,-0.99441818250120184,-0.034522879360613885,-0.13099155330241316,-0.047511511915532094,0.99024434822871898,-1.7018983312807456,-10.727879809292622,-1.8962204320135991,,0.2488389739258191,0.3023255813953488,0,7
-0.8616909183823529,-0.480408926779747,-0.16338918032632299,0.46519687393925324,-0.87650841316730421,0.12379365946638657,-0.20268357026291617,0.03066373619220052,0.97876407046244374,-3.6396620301687679,-24.335065642170658,0.089608921949739628,,0.1443387438657896,0.4666666666666667,0,5
-0.50957672005708476,-0.83704501869012882,-0.19921647286784605,0.8320495269940863,-0.53835184142021175,0.13368200876851047,-0.21914641453781636,-0.09763673246022149,0.97079447746148129,-3.2992448579030991,15.974673988446744,-6.8868219633719248,,0.1022711010680889,0.2432432432432433,0,2
0.98455320739514918,0.10719085920479003,-0.13843807825472962,-0.06507961443419788,0.95808467882573645,0.278995326097914,0.16254115046049072,-0.26567624640212767,0.95026128328194848,18.330713651397058,8.9203573284254158,-1.6823191082649604,,0.2793860302448562,0.7761194029850746,0,5
-0.56272854817128437,-0.78793264401361751,-0.2499974591285819,0.79687218835422369,-0.59749076774991383,0.089439912126342572,-0.21984380023231892,-0.14888563043936476,0.9641067225925164,-11.822685753037623,12.775348788512627,-7.9335417892811879,1.022114752585701,0.6622255379335464,0.4642857142857143,1,3
0.31599158628469559,-0.93275444858604328,-0.17354669700178302,0.94007942381776177,0.28312702306529602,0.1899730657873612,-0.12806246253976042,-0.22317756933242677,0.96632902172868773,22.010081869293018,6.0229038680253648,-0.60419444004930012,,0.1015631476085248,0.3125,0,4
-0.88414722528811451,-0.41893288826024155,-0.20683065331149411,0.41964385934884707,-0.90668785245077144,0.042616540556605444,-0.20538431129502704,-0.049115917502777634,0.97744816298447623,4.1529609560161793,7.8575014339064131,-4.0667794685002674,0.2021611230258227,0.1552978807146356,0.1904761904761905,1,5
0.92968265974752573,0.36175070944342985,-0.069473566066105594,-0.31442374865761591,0.87756768151837605,0.36195672480913271,0.19190585828697004,-0.3146607515589403,0.92960247040522859,6.1385774507812974,15.559895807883496,-5.0114077595646016,,0.4469708482499925,0.5333333333333333,0,2
-0.92739462309919329,0.36743106472521753,-0.07023977307479437,-0.36706570964302232,-0.93001083915339999,-0.018509561352279658,-0.0721247381344986,0.0086169444748354345,0.99735839617308486,-5.628254782030627,12.418238970863147,-6.7008766835065092,0.9268849319496104,0.5131746616730694,0.4324324324324325,1,4
0.47792386809914122,-0.85477496534569919,-0.20235744344948572,0.87506477568673569,0.44324288242198839,0.19441549715639667,-0.076488003330431348,-0.26999167728006834,0.95981981618740175,-16.325938737294031,3.8782277650087558,-7.2600864035082209,,0.3299922405542497,0.7317073170731707,1,1
-0.97346277652331814,0.1876920534298005,-0.13092713929058444,-0.19815871473532257,-0.97752175377755368,0.07200239347479831,-0.11446984973326478,0.096036003514096469,0.98877385661792394,-14.886964485986642,-14.376073871817239,-3.7282954920269686,0.4831162980184621,0.254672019642218,0.6304347826086957,1,3
0.93198978663616339,0.35438449974032527,-0.07620146947190598,-0.30689345588841066,0.88329878831034192,0.35440041944437689,0.19290268100455893,-0.30691183899172325,0.93198373309193105,5.1265074509929454,7.5278151059892364,-3.8546180732437136,,0.1025457247695549,0.15625,0,3
-0.60703107891391794,-0.77078894824354882,-0.19338476283877812,0.76530317741772291,-0.63257105304104133,0.11901642529032405,-0.21406614834425344,-0.075751304412226453,0.97387752002646832,-9.4165087742634039,5.006496626353325,-6.1131787072946109,0.9313093831496346,0.7282033085418017,0.5879828326180258,1,3
0.21646271390442107,-0.96218917234909118,-0.16533568913971683,0.96722634208583702,0.18833162287570493,0.17030679082249298,-0.13272941145196829,-0.1967821039606385,0.97142148776750858,-8.8207254875117531,6.4502361624855773,-6.2084934358227173,0.4468968130108188,0.3863374842910773,0.9441805225653207,1,5
0.18827973928846159,0.97287280314839653,-0.13442190546056954,-0.9631516584476929,0.2096733845947262,0.16845163882269362,0.19206671393796509,0.097752650535795599,0.97650130399825819,6.6944211098248871,7.4847584821762654,-3.546071074512974,,0.07335019782123611,0.2857142857142857,0,1
0.18469741760460948,-0.95185000393684716,-0.24468026879095292,0.97230090249296597,0.14068574559690988,0.18665067906976926,-0.14324042355966751,-0.27237674458599803,0.95146891177125781,-8.9718795550781056,13.364572755245327,-7.4530486386341002,,0.1506440426902541,0.2727272727272727,0,2
-0.40432984100077224,0.91040474335087884,-0.087638935185849087,-0.90912020358827572,-0.38956620494689437,0.14744025024017443,0.10008913579355734,0.13928881953514263,0.98518058732833547,-5.6640655137611047,-13.666460403986378,-2.1493338373785864,,0.09826944343787006,0.3714285714285714,0,5
-0.64838519176369136,-0.7406614724366809,-0.17611708136773854,0.72836614223771012,-0.67081632298916061,0.13960022798355221,-0.22153872334948305,-0.037762998546614024,0.97442010960234771,22.067516240649244,1.8394540296922852,0.081859954323675085,,0.2677508576768063,0.25,1,5
-0.90559702343605497,0.40953283813958546,-0.11034892672380037,-0.41921167595987391,-0.903794764757193,0.086119648956583666,-0.064463958012771272,0.12424925626669771,0.99015479619830227,-1.5779962913738643,-21.701510567470923,-0.012534901193970093,,0.1738983676535516,0.1578947368421053,0,4
0.98705088635908256,-0.05069017507773383,-0.15218756154278365,0.088387149273353088,0.96360303633157418,0.25230319105374366,0.13385910346733931,-0.26248751308045221,0.95560559118067123,-1.3294630948666297,-8.5775257140565113,-2.2172281890653167,,0.7213521992881959,0.9717741935483871,1,5
-0.95723406671290179,0.27005254323999506,-0.10380060411139559,-0.26454367601772472,-0.9622564456414322,-0.063868429607646021,-0.11713063221595432,-0.033677243223404596,0.99254534318869403,6.6924003512045411,-17.461650622187271,0.74545498810660016,,0.4673949693409695,0.25,0,2
-0.98775149733952017,0.063570390368740584,-0.14249836831312002,-0.072708350807308655,-0.99555526301214503,0.059859953321897835,-0.13805967994464208,0.069487579877157785,0.98798329996837408,-3.2527235030293413,-17.16299773031097,-1.0908259240395752,,0.07132070967180958,0.2571428571428571,0,5
0.81712365349210614,0.56549593691016375,-0.11190746285126033,-0.53280451476491719,0.81498019642164476,0.22787415054511057,0.22006427231568326,-0.12657655698679232,0.96723838389072181,21.75161297487028,4.9965394229667908,-0.47041826595891784,,0.2261010861780606,0.1111111111111111,0,3
0.8936132550872502,-0.41919653412028202,-0.16040453894423462,0.44494144311637329,0.87434130114816955,0.19378957996766813,0.059012393019502604,-0.24454356439716315,0.96784088701709758,-5.5102928897762675,3.8065327659528463,-5.1592060174630872,0.3045220813276752,0.2449502054984091,0.8487282463186078,1,5
0.059682824247376989,-0.94143868624925275,-0.33186015205676156,0.98913494313025185,0.011030991974667528,0.14659598048639455,-0.13435038060448234,-0.33700373477060308,0.93186826213907226,-13.451569549473204,-24.426597313689633,-1.7271839117202563,,0.2108285328693095,0.2631578947368421,0,2
-0.30147580490702103,-0.89374941226924243,-0.33215106069986722,0.93173760759373669,-0.35010837479629914,0.096380270247563682,-0.20242867793660824,-0.28042131510617579,0.93828914327245583,4.0536604868131088,9.0278206487026562,-4.2919194791069373,,0.2939383602416631,0.1538461538461539,1,4
0.51792957946933083,-0.79721838358223263,-0.31014802851099166,0.8554231327255255,0.48288483974620994,0.18727919142639854,0.00046336677759216074,-0.36230523101634876,0.93205938913216246,-10.535989376054987,-22.791160152653767,-1.464794089536587,,0.3596121425055306,0.4,0,4
-0.41147442847759746,-0.89034973338638146,-0.19484903635336295,0.88617146336436392,-0.44079843911371402,0.1428176235398681,-0.21304678412897179,-0.11390385565779984,0.9703798119492133,-2.6141371143964829,19.778042884677653,-7.4097646492158793,,0.08145814401855082,0.25,0,2
0.7974398523720716,-0.56781274806556514,-0.20415279812689222,0.6017131522792506,0.77358416570615984,0.19876825939488357,0.045066220420352056,-0.28134715513567143,0.95854724144096726,16.637449953947574,10.168269440729842,-2.1972957433495641,,0.459432221215843,0.4,1,5
-0.92884102859337392,-0.32665973241478197,-0.1747791830290637,0.31883724534861635,-0.94507714371219953,0.071916642102489922,-0.1886720821428281,0.011073014562189962,0.9819777155151721,0.11851763278782727,15.358399298306429,-6.0851729530561114,,0.1553153454570122,0.1666666666666667,0,3
0.96028363274449646,0.25476246959888171,-0.11380434423567087,-0.21424466154889124,0.93451778172940814,0.28421073278352232,0.17875841149672703,-0.24854094172877145,0.95198362937801695,6.1508718812634582,11.715280281218785,-4.367477453992926,,0.1163570823484567,0.2380952380952381,0,5
-0.98739721340448883,-0.058677565550340642,-0.14698192495043319,0.040162314505653079,-0.99122818215982977,0.12591139497943654,-0.15308080041141114,0.11842142624206205,0.98109257175467202,1.1529832233626598,-18.369712163420477,-0.027316919446767271,,0.08705488342455438,0.3846153846153846,0,5
-0.023680968562727851,0.9938072796905334,-0.10856473903636196,-0.9861743739513873,-0.0054062593269042329,0.16562269325693249,0.16401010910770342,0.11098586934467165,0.9801952973343051,15.184020681228381,2.4540690686602087,-1.1831565745302361,,0.2564563103186182,0.8191489361702128,1,5
-0.84831947004807973,0.51806458418512713,-0.10937624673773522,-0.52803969223302338,-0.84300840393143672,0.10252275029193719,-0.039091689190881157,0.1447270448605249,0.98869910605913891,10.212652300527704,-14.244537757040405,0.83720095512517834,,0.09930785677092084,0.40625,0,4
0.93897061786543312,-0.2506964304268352,-0.2355535577244583,0.33328294588891327,0.83255350007653817,0.44246711458583343,0.085186012731048755,-0.4939696036008171,0.86529611922938654,-3.560799513609715,-32.371124535084725,1.4328951486074375,,0.427178263432486,0.2857142857142857,0,1
0.95871512319249186,0.27631524657426476,-0.067195216143776798,-0.2185627292820021,0.86716072777844888,0.44750710113645542,0.18192208752872163,-0.41434545576047366,0.89175231839330704,-5.6662529726002893,20.259275888752438,-8.0900650182647098,,0.394213657827298,0.3636363636363636,0,1
0.82004704020428432,-0.53187161829218843,-0.21127099542398456,0.57204206814070702,0.77278280397172128,0.2749083668477677,0.017050634284258619,-0.34629368972138747,0.93797119163098586,-14.070818933100744,-29.779635179853539,-0.93527723818629216,,0.1625379928612193,0.2105263157894737,0,2
-0.40602915824468022,0.91385434952651701,0.0032481543349288941,-0.90886025601228138,-0.40417645371548439,0.10302635246996701,0.095463907820743474,0.038879584789989395,0.99467332335302494,-15.512429742731651,-16.529919345848295,-3.4809255311534288,,0.4473653171639797,0.5,0,2
0.98766371190859448,0.029279131990627687,-0.15382823085770947,0.015803271238020129,0.95871075340008061,0.28394356469768445,0.15579040020846885,-0.28287174433818224,0.94642111528534678,-0.446461512045699,17.014452232978023,-6.491946142180252,,0.1498840272525087,0.4117647058823529,0,5
-0.79958989803789449,-0.56095216128275427,-0.21444968572594064,0.56057148546587932,-0.82526207281497044,0.068572012189483,-0.21544281059790671,-0.065384890650239558,0.97432500298223346,-12.074819345759048,-20.89371253214911,-2.1061455036730412,,0.1396198609248414,0.3888888888888889,0,4
-0.42277138458955205,0.8933793138019146,0.15211100566051547,-0.90181962611395905,-0.43129355642406797,0.026593798953105829,0.089362846462677045,-0.1259335930476837,0.98800557276474321,10.097540725065128,-17.516696322551898,1.3671645648729442,,0.4291689483615908,0.1,0,1
0.964764101667413,-0.22182848701612298,-0.14150035505964992,0.25480090972111746,0.92180173751418615,0.29216100547663487,0.065625639342868358,-0.31792086918597368,0.9458433255021016,-17.013287656381184,15.166400931993055,-9.5606926232564131,,0.2088135882765108,0.1666666666666667,0,3
-0.58189825596280276,-0.79752306675312024,-0.1592211597249123,0.78269871564257554,-0.60236002159677704,0.15666883836102349,-0.22085547364489441,-0.033456873413812399,0.9747325260718761,10.201640960775519,5.6534430137510254,-2.5727979153452436,,0.07244235591628875,0.1724137931034483,0,1
0.68354871691868346,0.72468590728849192,-0.087129141946171967,-0.69551779677576475,0.68289593504003698,0.22340128977689203,0.22139590322995356,-0.092105796143609239,0.97082458577734021,-11.206041293552893,-6.8008492734361043,-4.3728755884082746,,0.1780355489361347,0.2142857142857143,0,1
0.019618325355021657,-0.91397865758825159,-0.40528771852036322,0.9869393908567885,-0.047124247487066367,0.15404526631483426,-0.15989296446527906,-0.40301652419219036,0.90111704075694288,3.2693467151209235,12.90220093340263,-5.0918098232859403,,0.3767822869505323,0.4074074074074074,1,4
-0.38664735152872232,-0.90019337435439273,-0.2003889076877175,0.8978685177704504,-0.41705146184506986,0.14106807920144193,-0.21056103711873805,-0.12537929231472894,0.9695071339119371,-4.4647026340672697,-12.178567151352858,-2.1549367415951068,,0.08840831127716979,0.2424242424242424,0,5
-0.94541082209749394,0.32203014205641334,-0.049949625304569305,-0.31987193881390291,-0.94631139355454041,-0.046655001750065643,-0.062292216370709932,-0.028130660070289068,0.99766143843672461,-10.940375525096696,-26.978716045128291,-0.87344876675731453,,0.3887739209907038,0.4347826086956522,0,4
0.36053416169306263,-0.86568574143114663,-0.34727988040640495,0.92678849345949343,0.29046279410528797,0.23810597143211673,-0.10525306001900073,-0.40770033397503547,0.90702934408611147,-13.789938596471989,-10.57927365602176,-4.1928962916042654,,0.4292782354078351,0.3428571428571429,0,3
0.56708524057747989,0.81407651137635439,-0.12527475222280754,-0.79334451291952035,0.58074271574062764,0.18259896476894219,0.22140192803964176,-0.0041631405818775488,0.97517375606648915,3.0388405541773027,10.642941003937109,-4.7616494089565427,0.7690997699519664,0.5323652767655739,0.926208651399491,1,5
-0.13413422505158287,-0.94953312651205446,-0.2835398584433107,0.97342078180323555,-0.17985013798464594,0.14179530817513109,-0.18563402496144901,-0.25698398690024471,0.9484193372414258,-7.7315946132213851,9.4284625449187267,-6.6069537557818121,,0.1337557355566294,0.1730769230769231,0,1
-0.29621655954095344,0.94547723915723036,-0.13538293869369952,-0.94801088294257918,-0.27378006298181456,0.16223391425994971,0.11632332386994386,0.17640087116931946,0.97742090062293685,-14.258945014625459,-23.847571731111834,-1.9290769757058057,,0.201201027106782,0.5,0,1
0.9302947680514333,0.33952431978336678,-0.13883400452255984,-0.30206802267919347,0.92382506444287571,0.23516411286970917,0.20810226863446335,-0.17683463060938351,0.96198906397444595,6.7718926064432239,-24.892098941086953,2.0350488717464805,,0.37629985882561,0.7441860465116279,1,5
-0.21562478445190333,-0.94409945362569081,-0.2493635378192636,0.95563774567394388,-0.25650224414875528,0.1447863867560483,-0.2006550556883375,-0.20708167569903774,0.95752531466086355,23.459369014878053,7.3660358115274587,-0.56463158284640036,,0.287883043845259,0.4736842105263158,0,5
0.85698885769009503,-0.48411305838100405,-0.17664836398906919,0.51382477714356678,0.82893152288372451,0.22103535636416027,0.039423294996588788,-0.28019114381910409,0.95913436323434487,2.9051312041061164,-32.663667712456714,2.6862257182021647,,0.2582407736154951,0.2352941176470588,1,5
-0.87611898878806016,-0.45066947628045712,-0.17120905535071856,0.43830355971870222,-0.89250555920029284,0.10641342177792454,-0.20076231474781561,0.018189281065256351,0.97947110372457014,-6.6419454947128074,14.30887185603596,-7.1932544996599468,0.2886909799963237,0.2427594153911797,0.6027397260273972,1,5
-0.45426353098961347,-0.844901209461842,-0.28246520256974122,0.86395237529553015,-0.49515728155186678,0.091681839790531641,-0.21732679916213746,-0.20238876642758991,0.95488630191759383,-2.0207492325621601,-23.456080682471427,0.22680984140624516,,0.1796565026174012,0.5555555555555556,0,5
-0.29849553360830922,-0.89351239927457415,-0.335463871018154,0.93246383214605177,-0.34796701897379889,0.097108987462476482,-0.20349844755031996,-0.28382132768536222,0.93703459690425916,2.4147556273892263,14.930123289085236,-5.5988218535776859,,0.3961788257766196,0.5,0,1
0.14076096571633484,-0.9576101990588527,-0.251334552318358,0.97740576664767231,0.093979139431853306,0.18933010504281789,-0.15768423464151696,-0.27230612921877628,0.94920232518436565,3.5839044285173083,-16.180046530972003,-0.04797471756368394,,0.3065304093636959,0.3111111111111111,1,5
0.38899298735189214,-0.88465251994346883,-0.25704936247484295,0.9162459325033786,0.34250216849623938,0.20781158713216616,-0.095801080171712849,-0.3163576829050404,0.94379021477491942,-2.2938118546318402,10.883515830291014,-5.7324703749213644,,0.08586365623389983,0.2941176470588235,0,5
0.20497934331209947,0.97455771709360184,-0.090668213110480178,-0.95935866528700331,0.21840680319705677,0.17868805124009127,0.19394437386549732,0.050355976512715138,0.97971927381029444,18.855124347971731,21.558706614219759,-3.7071688391358726,,0.1580148660323823,0.5384615384615384,0,1
-0.79648614181966682,0.59211259780893422,-0.1225254969595129,-0.60435100579549939,-0.78601140461810892,0.13017654782730553,-0.019227264058853655,0.17773222365744895,0.98389103512055032,7.8490716846106761,6.3155651939952895,-3.1367407743985787,,0.3834857236613852,0.2280701754385965,0,3
-0.65650629847579933,-0.73353472820538457,-0.17585870060436748,0.72093304945302394,-0.6787510621151619,0.13983037539784668,-0.22193471622972305,-0.034982827132631171,0.97443377586054558,0.10290381460797605,-17.752399416648228,-0.40233962118771505,,0.087218545579619,0.2692307692307692,0,5
0.35664603982276188,0.93422722650905232,-0.0048053644965516699,-0.91065887890460495,0.34878785492837033,0.22146656299918896,0.20857614569012575,-0.07460912480166125,0.97515612593337142,-14.595763121062586,-19.500629744661868,-2.7811288895918977,,0.6778196179366633,0.4615384615384616,0,1
0.51997264889751549,-0.83065190428605984,-0.19911267740765137,0.85145187598707794,0.48540645313509556,0.19852022096726527,-0.068250621071067732,-0.27275994786762364,0.95965820142520764,-17.25673048476888,-19.061517390211069,-3.3807413244864639,,0.1528338218169926,0.7083333333333334,0,2
-0.91588479664987621,-0.34858283747388641,-0.19911063428221989,0.34941540196796389,-0.93641732258439969,0.032116581876497317,-0.19764593629310975,-0.04015723325277331,0.9794506013497063,-0.92486531592068555,3.404087303519538,-4.2019016266622051,,0.08388050662633799,0.2426778242677824,0,2
-0.53093666167916376,-0.82495454746388719,-0.19379436499454275,0.82069977997139587,-0.55754008426706048,0.1249036652399816,-0.21108797322416867,-0.092731057656709956,0.97305848668308748,-2.511499802175678,-16.474787103910494,-1.1225366954818292,,0.2020359055236068,0.2941176470588235,1,5
0.35470586150776573,-0.89875674274151707,-0.25772091337082492,0.9295780197545338,0.3094132148464212,0.2003700767770519,-0.10034170120778789,-0.31064413700416249,0.94521519409268173,-11.413151181240812,-17.664335294103367,-2.4576921051726468,,0.1546614975529098,0.2790697674418605,0,4
-0.9859697312334077,-0.075478668167005269,-0.14888471964327635,0.061815677995404057,-0.99361728874471589,0.09435838840065236,-0.15505647695433558,0.083831104963103906,0.98434233617942823,7.2372477578154824,-16.588290093053455,0.67214454853515881,,0.0882104378060965,0.1538461538461539,0,4
-0.98268612377515041,-0.10341362165212649,-0.15373225099686053,0.088254010980679351,-0.9908230096195525,0.10237672174022674,-0.16290859917632644,0.087036696084149046,0.9827946895711045,-6.7267947618276906,4.4398240408366503,-5.4693069590745287,,0.0695676263019166,0.1907894736842105,0,4
0.92975235665979805,0.35771626746438512,-0.087175841131013398,-0.30132719296162064,0.87534009753930964,0.37812912665085935,0.21157144908380579,-0.32529799512327129,0.92163915731774226,-2.4669946525948787,13.305815599455197,-6.2521744142874756,,0.4564300619322619,0.5471698113207547,0,3
-0.25087064354512167,-0.94643941145519983,-0.20326426309509119,0.94680369058496561,-0.28362348416289707,0.15205423613298893,-0.20156064025980966,-0.15430541039002096,0.96724513367730192,17.486398538135727,1.7782009165302666,-0.63060479758975696,,0.2125016989302125,0.4878048780487805,1,5
0.87437930849711931,-0.45870301778026973,-0.15827939332513449,0.48265040216635313,0.85581321683150879,0.18609762810192398,0.050094053147620138,-0.23911352821573695,0.96969856474239713,-9.5744792388021551,-10.848228322352799,-3.3066887672062881,,0.1752714951650625,0.6209677419354839,1,5
0.76388554329242309,0.63804827595091895,-0.096815671793876221,-0.60875803835450149,0.76221517803893568,0.22009469122596495,0.21422541279600524,-0.10918983433971104,0.97066217222535645,-11.849473068440874,-13.90050384965479,-3.2171577848565267,,0.1130447736249388,0.3958333333333333,0,4
0.74341546029802541,0.66436108858850063,-0.077186769328532301,-0.63174972339235291,0.7354007251865996,0.24510826258759172,0.21960359829374201,-0.13345455168155432,0.96641820256652589,-14.586093664558394,-15.465303359566663,-3.4982680780804651,,0.07723192950064187,0.3684210526315789,0,1
0.21756601089699354,0.97565775540065225,0.027513182820784597,-0.95630163607394147,0.20743920654084347,0.20604891757058025,0.19532591160588958,-0.071140142790592414,0.97815482840860213,-7.8829354896381316,-5.5476223525833275,-3.9502711733740119,,0.2141116142918675,0.2,0,1
0.98798450493244705,0.064347054720255911,-0.14052072645064323,-0.021133951003233602,0.95691478178387523,0.28959878542306078,0.15310118918016613,-0.28314935449749384,0.94677688444494246,-4.3758264135801017,16.121943630710629,-7.1091190611339821,,0.131930706608108,0.325,0,4
0.11104713110343721,-0.92271470210331963,-0.36914240232744339,0.98184249831389669,0.044378178064590205,0.18443396058316144,-0.15379805973554944,-0.38292056073557551,0.91088857770175735,-13.536233877958873,-26.73166807016116,-1.3454698320541376,,0.160451601120265,0.125,0,3
0.1491814648389781,-0.93433801816659612,-0.32366241418647096,0.97377424189908024,0.081955375682310844,0.21224288494704222,-0.17178072174248438,-0.34683682648370712,0.92206051831338176,-5.0083106658209156,12.86322736720842,-6.6134749924349574,0.4419953508922353,0.5211260045893825,0.4406779661016949,1,5
0.88715312356734799,-0.42848088339114859,-0.17135771915218267,0.45724563672949664,0.86633288598703118,0.20098198513602766,0.062335888832473728,-0.25665436529644731,0.96449094020511306,-2.5291001475042281,-15.634087985674,-1.2820314710376406,0.08730529953492663,0.1063614578433489,0.2916666666666667,1,5
-0.62896136898907795,-0.74955798886634506,-0.20632599847335253,0.74009033539329994,-0.65854394798099947,0.13633108242448724,-0.23806278956783369,-0.066952893173032588,0.96893932643842184,10.511374347965258,3.2119824063933167,-2.1120927272421111,,0.5353920970867336,0.6129032258064516,1,4
0.17328749526389209,-0.96545568289266281,-0.19459385487581596,0.97479276068760901,0.13993880484858134,0.17377055161500199,-0.14053653509389638,-0.21980094464722896,0.965368855430912,2.2963222446504892,-16.304931024495609,-0.33519970466211585,,0.09343316286388056,0.303030303030303,1,5
-0.47229081931094885,-0.77770501356098154,-0.41486900809376581,0.8544431591387347,-0.51954345427044091,0.0012193956520601507,-0.21649080764690828,-0.35390607653281497,0.90988033235010501,2.3809636047772709,6.5756644118526868,-4.1952258106610527,,0.2395944189048394,0.3181818181818182,0,1
-0.71650175988680909,-0.67802562370486985,-0.16403195322475395,0.66177290073381312,-0.73503292458150327,0.14759142128022415,-0.22063965177061939,-0.0028023884071025542,0.97535136780841969,11.203833175985986,-15.527125936913849,1.2394136868779639,,0.08641988572499529,0.2222222222222222,0,1
0.38597738635399681,-0.8989689997103294,-0.20706567746284657,0.91741406465032194,0.35049539674275398,0.18842614161499646,-0.096813693272762735,-0.26269319447208694,0.96001010118276242,10.737800290937484,-2.8664384315284068,-1.0316309946327453,,0.4568706016353254,0.8881118881118881,1,5
-0.88507521340841122,0.45330719713702705,-0.10561463740327916,-0.4565588262850806,-0.88966105048456245,0.0075665971144696356,-0.090531236328922196,0.054916302447230128,0.994378345990237,-3.8777628882228572,11.383264984523572,-6.1930807993024581,,0.4111210874767506,0.1016949152542373,0,3
-0.53095150660762758,-0.83175774759497045,-0.1620788294220811,0.81843832620254386,-0.55291494020846355,0.15634505139929958,-0.21965701407846891,-0.049639885273970556,0.97431343927717562,3.537984351831962,-9.2303020872073738,-1.2423510693872932,,0.2254815567922527,0.7411764705882353,1,5
0.97578819187628774,0.13336912160447631,-0.173349594742118,-0.093848588519453865,0.97121397367998452,0.21894259467184907,0.19755973027849663,-0.19737298379257931,0.96021563111683561,1.2715274825386889,-10.310177462957677,-1.4257895160632512,,0.2083984945839115,0.7398843930635838,1,6
0.036800092710705251,-0.96048572481056926,-0.27588571114068139,0.98863353768966633,-0.0052793613473299545,0.15025264223626841,-0.14577201834268208,-0.27827917776736422,0.94937411903286095,12.763794699091097,14.067278663780707,-3.5201717832680095,,0.1375727899024558,0.3571428571428572,0,5
-0.98658222837408982,0.083570685612399873,-0.14025493632199884,-0.098670685084907894,-0.98962843258678856,0.10440144309678197,-0.13007537261637753,0.11683965902932568,0.9845958010862228,-3.0665067094291318,-21.138448201443278,-0.35321625483940206,,0.118141539423503,0.2608695652173913,0,5
0.85686068985525021,0.50161135696883219,-0.11906218854309396,-0.47201542278708714,0.85618114756158603,0.21013158546789884,0.20734319094658496,-0.12385430602127689,0.97039626547512814,0.21989473991762612,11.588795268354364,-5.4485854231124327,,0.06644446252032836,0.3095238095238095,0,5
-0.94477192741163585,0.32259417832469961,-0.057784091979663464,-0.31567566049011003,-0.94314599973461644,-0.10404086004413506,-0.088061810957049583,-0.080053852471960188,0.99289299431276168,15.134246420295609,-4.350568563164555,-0.00138705331789692,,0.2175695402342896,0.1428571428571428,0,2
0.14178233670250842,-0.97282277293294961,-0.18306725939452842,0.98125585490932288,0.11373667427025767,0.15556643639331649,-0.13051711077613923,-0.20169239298741118,0.97071389317638845,-6.366740672108695,-14.436607007983907,-2.1659907285515736,,0.2225212744348576,0.4406779661016949,1,5
0.48056525605972578,-0.85554691315008025,-0.19260455360042542,0.87367238038999007,0.44807790867932445,0.18953300371505596,-0.075852530689085373,-0.2593562552801299,0.96279838306632448,-0.032822370733721427,7.1147630540575832,-4.734610122014427,,0.7171166317412246,0.8168168168168168,1,1
0.81220492600076877,-0.55454604640271277,-0.18111278419594526,0.58304713755808468,0.78200424305682537,0.2202848138806805,0.019472893092975556,-0.28451370135767201,0.95847418336351009,-6.2464248349044862,-26.553536349540408,-0.02428616854360308,,0.1928577935041565,0.2608695652173913,1,5
0.52026946729318413,-0.77749349192370898,-0.35330376649385592,0.85219151762853884,0.44572984604783616,0.27403379649988646,-0.055581459898380724,-0.44365389027760238,0.89447298838875777,-1.9398464761163285,5.460133649919217,-4.7939326134775619,,0.3381436290600157,0.2073170731707317,0,4
-0.55531212524254936,-0.78019322326465301,-0.28797044627967361,0.80198324853930103,-0.59402837689430965,0.062874132253746495,-0.22011658870006301,-0.19603270598607589,0.9555730561096959,-11.610924987630813,-4.612407478742643,-4.8371106900691414,,0.1434999338496711,0.2777777777777778,0,1
0.65076092224855953,-0.71384545357166107,-0.25871778154830039,0.75888854779210135,0.60052252714479792,0.25191440296581197,-0.024462095253683168,-0.36027401072891074,0.93252573320477583,-6.9552984125645452,8.1439001597362672,-6.2539165330123065,0.3750680490506145,0.3029791438460219,0.2911392405063291,1,5
-0.70436818138791513,0.69844329850637343,-0.1266586902656846,-0.70972300901691332,-0.68978835999351995,0.14312675811821196,0.012598234807314045,0.19070652109717576,0.98156625211482951,5.7507365835750814,-9.8765278521349646,-0.70711340523365129,,0.1039509484241823,0.4193548387096774,0,5
-0.98074073883109447,-0.12477351564080967,-0.15026367821822972,0.13037317695590794,-0.99107037364682293,-0.027970506072832645,-0.14543190134032694,-0.047022167901740318,0.98825021011804381,5.9844248037813585,6.3281397052826467,-3.5093829675498944,,0.4059411953188361,0.7972972972972973,1,2
0.11342898248062766,-0.96147482556967245,-0.25039973188719161,0.98424795806426046,0.074341213832757311,0.16040368129256391,-0.13560908147961043,-0.26464985116496897,0.95476208203856539,14.451140506148931,6.6428631612709212,-2.003184752893914,,0.086888210551073,0.3,0,5
0.66871415088270225,0.74035630077602299,-0.068512278538004456,-0.70973764269531714,0.66307501952962777,0.23791594527706153,0.22157134957056257,-0.11047201626215745,0.96886638432368621,-17.074963150918258,4.9346247287411549,-7.6065558111318321,,0.1495523226584461,0.3636363636363636,0,1
-0.9863360502615699,-0.099253982827833848,-0.13149084700927616,0.091282008202754103,-0.99367903588377815,0.065341936178509655,-0.13714514549511814,0.052446358671467005,0.9891615583559773,9.0418576888892535,5.1814652442447429,-2.716320922454194,,0.1269287353231899,0.1714285714285714,0,2
0.84444956272564553,-0.50820371792025243,-0.16921559356187529,0.53446525565039382,0.82032082981154586,0.20352058048230767,0.035381160453334018,-0.26230272066703508,0.96433679604982725,-1.1279489465911678,11.369690189361611,-5.6283933213212842,,0.07573967614544212,0.3333333333333333,0,4
-0.99142602406182456,-0.011785455873920077,-0.13013662759886291,-0.0014525057762826024,-0.9948687866210344,0.10116317331005109,-0.13066112290934551,0.10048482689955454,0.98632168714017143,7.3162686127835013,-9.9487337542223511,-0.40142114217081526,,0.1474751724799594,0.2222222222222222,1,5
0.66148610450295131,-0.71896945030282022,-0.21335196994818739,0.7494557847523694,0.62332607984253896,0.22311572084759959,-0.027425540117229304,-0.30748581710282902,0.95115735397981604,-8.6512574773287927,11.46778002252746,-7.1219816074431153,,0.142427820198244,0.2380952380952381,0,1
0.91036714588335932,-0.37072083618188761,-0.18384156580270086,0.40833369725396512,0.8767966352938048,0.25395127883980051,0.067046635882002145,-0.30625760718399314,0.94958466007978548,-1.225630317485946,14.665724077442773,-6.2735294681363269,,0.3610643276373883,0.4583333333333333,1,3
0.65799910948650164,0.75282664735665472,0.017006203124411985,-0.71343526867285212,0.61602568792055146,0.33394980047262418,0.24093005069659693,-0.23187149641935181,0.94243743549351033,-2.4810201939312448,9.3297957921138739,-5.5549645081758001,,0.3307114659770454,0.1590909090909091,1,5
0.9736393062198565,0.20307351150081637,-0.10386361398702265,-0.1440399388632852,0.90047974285501342,0.4103519571295241,0.17685869330055132,-0.38457428623673945,0.90599316827971976,3.8118445391818159,15.442711139931021,-5.4480417971451169,,0.412723035613604,0.2857142857142857,0,5
-0.1135480381350842,0.98569312773222084,-0.12456283947127268,-0.98256164502240184,-0.09282804081887161,0.16110732003420006,0.14723945383811263,0.14068408857863954,0.9790447029907533,0.18610779783026093,3.8294409247411814,-4.0825164231939226,,0.3598047221230914,0.924433249370277,1,5
0.098462146111906748,-0.97730284427650882,-0.18757493529808958,0.98507493860770756,0.068977512684406564,0.15770056458647438,-0.14118275783557202,-0.20030290390535396,0.96950821325918823,3.8435752522765783,-14.142344763873925,-0.32380986619856122,,0.1748011412537078,0.3818181818181818,1,5
0.25898323205952484,-0.89761167065544833,-0.35668049318001277,0.95825424433321449,0.19246001128462764,0.21144253894072698,-0.12114655888378381,-0.39655066859035287,0.90998410893331638,1.5721760003065892,12.402912257814611,-5.3230332252439636,0.5269613656663069,0.3635993605252879,0.35,1,3
-0.10968130397392636,-0.97188926051735469,-0.20832973107458583,0.9747741073176921,-0.14616352874392255,0.16867620628921465,-0.19438480203343139,-0.18457380138078805,0.96340389275851979,8.3480354203975153,8.9337119412419739,-3.4409646883547764,,0.5188232077546904,0.6351351351351351,0,2
-0.12239569773331807,-0.97521296980109684,-0.18433381867714757,0.97894430220366557,-0.14919695622962104,0.139313751779195,-0.16336262228353485,-0.16340113764457634,0.97294024577931071,12.662920423407227,2.9931406872590198,-1.7103208748780478,,0.1146588989442902,0.196078431372549,0,5
-0.10399932799697387,-0.9772601093351736,-0.18478857778115551,0.97831389670442048,-0.13397985350707356,0.15795986315908075,-0.17912581972231198,-0.16435351397651171,0.9700009603873504,-6.4657922300358317,-18.840197657881479,-1.3650847763990945,,0.1714444899752925,0.34375,1,5
-0.86834799874855162,-0.47135328767239643,-0.15426545715035497,0.46568137302987733,-0.8819069184986833,0.073355612717533228,-0.1706241831698925,-0.008140350396615233,0.98530255394626221,3.6226874507345297,-11.814418489905838,-0.79070909471442885,,0.1456316314326089,0.2325581395348837,0,5
-0.73756347642799824,0.66635154073946368,-0.1094337351715098,-0.67484236875759329,-0.72152572038926777,0.15488192969610262,0.024246557881187351,0.18808577556766709,0.98185327084041574,-4.3551101282186861,18.066561391700564,-7.410908772196354,,0.0944325857147178,0.3333333333333333,0,2
0.93993326380518638,-0.29282468012925694,-0.17543992219483268,0.32913736463647203,0.91371739464027113,0.23830467459106644,0.090521018513318618,-0.28173432421164873,0.95521291645806272,2.9893298996888689,-6.2575159946237715,-1.8180509706689112,,0.1426829059117075,0.5470085470085471,1,5
0.18536500422296145,-0.94999985227562733,-0.25127693066755497,0.96868078359607046,0.13365828744863417,0.20926777508255012,-0.16521911118609731,-0.28219805611056931,0.945022170335856,12.4108312404092,4.830486348662685,-2.0731227922860684,,0.1119320904985475,0.2777777777777778,0,5
-0.78881710203603028,-0.5358485687167619,-0.3010546311546739,0.57510792279890433,-0.81629627032434093,-0.053956243276384229,-0.21683739684244649,-0.21570051103038315,0.95207921564952924,-8.4572100246382913,4.2961650433675409,-5.8231223229331617,,0.607288034489239,0.2350877192982456,0,1
0.99185010218486402,-0.027938705583276619,-0.12430930587130865,0.057009407174887984,0.96986144377648387,0.23689387364252973,0.11394429467701929,-0.2420500126133564,0.963549941157401,1.6471908799229578,14.033199165360829,-5.6077550868134072,,0.1383294206361723,0.1388888888888889,1,4
-0.26520466851530361,-0.92570804188758427,-0.26968705008276234,0.94413599723765806,-0.30607539719212218,0.12216820352995894,-0.19563665944229533,-0.22222167405169818,0.95516690953148065,-5.6752113266382667,10.780306465065944,-6.4271960129850392,,0.1497508259457243,0.3214285714285715,0,4
-0.70579913264456995,-0.68936169394663926,-0.16318100158166027,0.67350185626119641,-0.7243920692700847,0.14714407766311421,-0.21964251403336396,-0.0060485450833981415,0.9755616746938548,5.242445807112599,-10.857712117274176,-0.62316075375856284,,0.0903366651177531,0.3111111111111111,0,5
-0.60579425403994847,-0.76089822629001325,-0.2324805604795685,0.76123751330696465,-0.63929003325280065,0.10874604230895947,-0.23136717594855905,-0.11109519617132334,0.96650250247024372,6.0337022015382002,8.5004034428499082,-3.8577066789239951,,0.1152967325641349,0.1923076923076923,1,5
-0.90522774584860399,-0.3476134791532835,-0.24439230195897327,0.37174626815258494,-0.92644419715699122,-0.059210317249321312,-0.20583352559892354,-0.14445074823305171,0.96786700588171171,-9.9916358469277444,12.34512011799039,-7.4910123453817539,,0.4263525305383613,0.2368421052631579,0,3
0.4400978362041294,-0.87977101687532822,-0.17976888616941572,0.89424924275344064,0.41125437764039702,0.17660161014698023,-0.081438236740118741,-0.23848017682348085,0.96772672736620213,0.55508245527822508,13.90094897520043,-5.7746527986234915,,0.3500220709494548,0.7008547008547008,1,5
-0.045796866291896166,0.99789206654993012,-0.045979022983861494,-0.98574119859830689,-0.037682971990118871,0.16399476518463521,0.16191644889823237,0.052833863560222349,0.9853890837823831,-7.1919823782536092,5.9397618769589924,-5.8952282013855672,0.5233937352969327,0.3320147506121212,0.6553398058252428,1,5
0.92952742206214034,0.34056444515068879,-0.14140237032565461,-0.26850479250098563,0.88792378301943653,0.37349234523943575,0.25275274091196859,-0.30920416272691842,0.91679269069611968,-2.4546708100797883,16.98665811844187,-6.9045044811797274,,0.3547683642652974,0.6521739130434783,0,4
0.29533621056797776,-0.91653064883939461,-0.26971854305068543,0.94826391039243452,0.24678385507471801,0.19973303462799724,-0.11649926598307517,-0.31475275791086854,0.94199714565008408,-13.440767175481968,-12.887061524666205,-3.7324483390570071,,0.1458494277295944,0.3333333333333333,0,1
0.93414916861839314,-0.29207776872142455,-0.20507537099388462,0.34425370299789543,0.88897912906848031,0.30200247689858978,0.094099515098655356,-0.35271331857382499,0.93098796778413706,16.818794867433958,6.5401287047310586,-1.5819069037424742,,0.219173651696215,0.3181818181818182,0,2
-0.51270278183458406,-0.78965784472219935,-0.33701089858900823,0.83029935618191386,-0.55592066807313834,0.03943589650326397,-0.21849218892898509,-0.25960103828337738,0.9406744730772777,8.3292815108907199,10.106134237698784,-3.7224152041161362,,0.0771799305133411,0.3333333333333333,0,1
0.62714622191800395,0.77839063647159246,-0.028206974090186663,-0.74627160819852134,0.6108514410113508,0.26446021215137483,0.22308362362748119,-0.14480515898167087,0.96398400546976215,-6.5735682873692216,9.4079576155516484,-6.396731760119442,,0.1240727516697928,0.2121212121212121,0,3
-0.23792340154826158,-0.90677418339048932,-0.34807044593331532,0.95226421076703527,-0.28834298246990009,0.10025565995293863,-0.19127291467414065,-0.30760186084754937,0.93209214529207607,17.133527290063636,5.799521370100166,-1.3679791092859184,,0.1969916123725459,0.2,0,4
-0.92832692423184315,0.35596181868146914,-0.10723947681347057,-0.36339041851150955,-0.92972421029079866,0.059668220462660855,-0.078463529619026737,0.094361413936691882,0.99244113078791341,-19.266467752889767,7.9729603761072232,-8.6368199534109014,,0.1314071755824758,0.3,0,1
0.7998068522067191,-0.56907071525814434,-0.19096470930191253,0.60017492862954991,0.76342308486071864,0.23869488588208007,0.0099525980374199977,-0.30552203609122647,0.95213299031961773,-2.2266422513937765,8.0264004612853359,-5.2791182103756258,,0.1788279528270055,0.4074074074074074,0,3
0.28339062848262647,-0.93035909831518371,-0.23264070983037377,0.95160879062418591,0.24273629791316981,0.18846697132968121,-0.11887161686035888,-0.27479271798496957,0.95412708841507954,-16.674332607221039,11.24402248937375,-8.7097470393246947,,0.07740118371334059,0.3333333333333333,0,1
0.57328586717407704,-0.75414416187194044,-0.32032779712808968,0.81768217656433773,0.50160898364536433,0.28246112237841026,-0.052337105646694332,-0.42385729985542608,0.90421558089417664,-9.4376204079479624,-26.668129860643756,-0.58651806786831906,,0.3505310151916723,0.2941176470588235,0,1
0.60184106072731802,-0.76771186358126509,-0.22001325446253381,0.79721010574114004,0.56119424161776743,0.22252431435521228,-0.047364384581824813,-0.3093210592436893,0.94977739359364888,19.593960500742046,7.1287775223705445,-1.2306196314966649,,0.1527574720068145,0.3478260869565217,0,4
-0.36508526632208166,0.92643743447457949,0.09179557897139437,-0.92536131149424505,-0.37192679710943888,0.073327353569894685,0.10207444099374093,-0.058173340939584629,0.99307435315777903,-6.7074303386599992,-2.7345049637261365,-4.1984401991935769,,0.6104021413977604,0.2142857142857143,0,1
