axis_00,axis_01,axis_02,axis_10,axis_11,axis_12,axis_20,axis_21,axis_22,location_x,location_y,location_z,dbh,dbh_approximation,score,reconstructed,number_clusters
-0.91803299927815052,0.35419979516344807,0.17820751202610582,-0.37035180663031575,-0.92651965849015683,-0.066338991226459185,0.14161550607904649,-0.12690085711867533,0.98175415502075736,10.83421480334726,17.24161254618889,-4.5953627574121034,,0.07906746423225414,0.2307692307692308,0,2
0.075044022145746209,-0.99696148672858742,0.020885131556040153,0.99106093075511958,0.076883874900276317,0.10902798407342289,-0.11030243093869088,0.012516539467560256,0.99381925417490891,-11.099820544565857,22.130961001875157,-3.0014771863860537,,0.1745886585461389,0.2857142857142857,1,3
0.95735728814359611,-0.27120165341709773,0.099582558825192125,0.25632671957163161,0.95635688423924892,0.14027873253577192,-0.13328028988558854,-0.10877119633445684,0.98509146335555342,2.8448709488756312,4.1457230479302263,-2.1337567351264983,0.5247333207745235,0.4806656788175597,0.9503205128205128,1,5
-0.70855973172656295,-0.70358328372618362,0.053978416396399567,0.7055431588119534,-0.70771213906528718,0.036774709696850316,0.012327109524665623,0.064141180849105153,0.9978646958831896,-2.3139521875011195,13.6471815364207,-2.8611693397114215,,0.1126361315254451,0.288135593220339,0,5
0.15286073010779275,0.97814606077182797,0.14093928120813515,-0.98366598636924607,0.13687972676940394,0.11689810802467576,0.095051693573170601,-0.15650630720864461,0.98309254465324025,-1.6462543317338125,6.3953751676427668,-1.9481132213359542,,0.07461778310752246,0.3333333333333333,0,5
0.91964198352028548,-0.38164385499618397,0.09277170953759166,0.36497847179015502,0.91766838148966035,0.15708423454908133,-0.14508389737182675,-0.11060158026809254,0.98321816153161179,6.3259932132355754,11.071705620532128,-3.3982453969586781,0.8709020554892191,0.8139609013988472,0.9840848806366048,1,5
-0.64203555320076211,0.75740453981553846,0.11886425658289541,-0.75154743442803962,-0.65240372380023881,0.097702788988920805,0.15154801955427619,-0.026603462902312174,0.98809182444284116,-6.4628477461324465,14.205831057051974,-2.5102346984620181,,0.07868027839068484,0.4761904761904762,0,5
-0.50443011092956669,0.8506475207258819,0.14815214703302684,-0.85301409604846135,-0.51754076091858636,0.067219883445579526,0.13385520210365992,-0.092468136515889865,0.98667746938858769,-6.1392405449333474,19.799503544181537,-3.2051219135406011,,0.1008086066530466,0.3548387096774194,0,3
-0.99427103668720074,-0.075079748813752553,0.076079806276194262,0.073492444868857462,-0.99701987779275003,-0.023456850456261457,0.077614213596205184,-0.017731176052177163,0.99682578179120607,-8.6984213926450522,17.133187803047566,-2.605008901223528,0.2211230939051726,0.1819774616716557,0.3513513513513514,1,6
-0.9252721886073566,-0.36992685314818718,0.083818257615104544,0.37531017688977752,-0.92487924310240699,0.061160909094634085,0.054896704024160158,0.088048333307325505,0.99460235415420439,-9.0448644683389929,-6.5033649796428463,0.74233694482809431,,0.08287505940302438,0.288135593220339,0,4
-0.36925546363624812,-0.92541115893719883,0.085232561203392773,0.92709467069478713,-0.3604611588237463,0.10277754885560267,-0.064388462818296993,0.11696982471540546,0.99104600597648551,6.076962811228384,-0.048768863277150284,-1.8453085712191559,0.6103438135750296,0.4902627917633169,0.9802955665024631,1,5
0.38022593319762521,0.91417356321249044,0.1404098858605535,-0.92271541129257861,0.3645209180404882,0.12538249508638186,0.063439021801741186,-0.17723204178223095,0.98212234160441514,-0.90161225183014793,7.5358500279060294,-2.17984614778136,,0.09341840328251473,0.5596330275229358,0,5
-0.96649670709243785,0.22332762054132871,0.12652623871285718,-0.22658239252823029,-0.97392103046731104,-0.011757797824160393,0.1206007237775031,-0.040032490764866847,0.99189357549462087,-13.412168621720891,22.693070263512585,-2.8133901733704998,0.2675474947156544,0.37186463304028,0.6101694915254238,1,3
-0.98114689716237891,-0.16552756062897966,0.099756668252572525,0.17216261182193721,-0.98311604386757123,0.06199096208982887,0.087811168306106011,0.077996608659563746,0.99307891315762098,20.630902122243651,-5.7120178171676796,-2.6307691049507023,0.3355249864940912,0.32060182522362,0.8727272727272727,1,5
0.024446652756170337,0.97989415799816515,0.19801464665546276,-0.98992389740085873,-0.0039065013622545169,0.14154651744851382,0.13947415001968985,-0.19947976932053846,0.96992514304358124,-2.9049782392609158,-8.2919121269413427,0.30793863089258938,0.08855416140016487,0.1486522418348816,0.2916666666666667,1,5
-0.46248252878821844,0.84847036888889138,0.25730904314307057,-0.87010198453360899,-0.49010073445310276,0.052190100586255471,0.17038910492261264,-0.19974809938038698,0.96491877881902233,-0.54584947331352462,-16.789649521976965,1.3603925649038171,0.695120196300492,0.4041493683255414,0.7692307692307693,1,6
-0.5178123035558575,-0.84773782829185274,-0.11493908286213449,0.85455772266149532,-0.51884069649033415,-0.023139366997023996,-0.04001895708004484,-0.11020392982302007,0.9931030041872736,-12.527748054140224,-10.381534000338068,1.6778212636702594,,0.7525394176044429,0.4285714285714285,0,1
0.87266597282891001,0.45377906391378364,0.18038475828101808,-0.48436303366171973,0.8512923032135653,0.20172720716690162,-0.062020573107531618,-0.26341217823569341,0.96268762995508561,3.4214735984568687,-7.3320673320421665,-0.49003062816364734,,0.1899808543590807,0.4666666666666667,0,9
0.78390608509211135,0.57856662013282012,0.22528185862080244,-0.62051862324738583,0.74242648519837939,0.25250653908195675,-0.021163363596717118,-0.33773300126588779,0.94100400206226953,5.0587688274103897,15.834131819208887,-3.8756503824501696,,0.09134443070366804,0.1818181818181818,0,5
-0.37620755359108676,-0.92640054618603551,0.015808372693776374,0.92396903995279711,-0.37384188049052719,0.080767949088813434,-0.068913640374866178,0.044991959476356487,0.99660756256049077,3.7270087146578059,-9.9597727575000157,-0.1282029936272143,0.3598777934229537,0.3266580389762231,0.7192982456140351,1,5
0.43783496730515764,-0.89225504765280483,-0.11036970301210955,0.87922020398539069,0.39929219851755565,0.25987992055351955,-0.18780940953205297,-0.21082378931493129,0.95931275168743269,-19.601833815592514,17.087370393526136,-1.4175784985896622,,0.26440312274961,0.4383561643835616,0,4
-0.9889200412943453,-0.013013761286230493,0.14787763165393611,0.016172394720775453,-0.99966560587370634,0.020177464710721803,0.14756559753339404,0.022345434664423073,0.9887998159254846,-9.4530848531624692,1.6018056507832366,-0.37502033042032351,0.2182496356114785,0.2326058576745237,0.865992414664981,1,3
0.92965776335471673,0.34431694064562884,0.1310812245088519,-0.36346807650986784,0.91530141272457854,0.17353466864752787,-0.060227903769950089,-0.2089716924581532,0.97606528027517336,4.4948397749020668,5.5667041851518455,-2.5016038275052859,0.5895915149569803,0.4133086626331774,0.5813333333333334,1,5
-0.28547488029611207,-0.95834621688647081,0.0087533593156440149,0.95644857344561485,-0.2843053495857995,0.066155835349145042,-0.060911567651533174,0.027257967207491164,0.99777090764861776,-7.574622338835229,24.332970479037368,-3.5444168752219398,0.2206415243484889,0.1622603210449108,0.5789473684210527,1,4
0.8418210753588008,0.52211067580365011,0.13688578923178549,-0.53881381065388445,0.82786085671991905,0.15596819983445889,-0.031889724526760185,-0.2050532714267633,0.97823115946425976,-12.452340559625325,1.671604645523564,-0.024407502468686022,0.1973571562985768,0.193617295914689,0.7865168539325843,1,2
-0.78201082022134005,-0.62324888414270851,0.0044615548426745659,0.62323810551328929,-0.78202354243039729,-0.0036664588934700124,0.005774157336926147,-8.6599538798189985e-05,0.999983325664767,-20.997807494525535,16.977585872132821,-1.2100865544521353,,0.2529721877258442,0.5555555555555556,0,4
-0.86167644721967052,-0.50648596680059044,0.031395313996779889,0.50649330008836035,-0.86220387536489529,-0.0083074828532298129,0.031276784880918812,0.0087431538832299718,0.99947252087673022,7.3151272041414694,18.738582612075405,-4.424000559170036,,0.6571504385547803,0.5714285714285714,0,4
-0.49719081827151512,-0.86715052000954984,-0.029176460951779417,0.86668201936614964,-0.49794106336586347,0.030281590471570564,-0.04078685491572024,-0.010230985350522644,0.99911548852214438,-10.76099458129816,21.334905968253306,-2.9182368921079904,,0.2085521542705875,0.5263157894736842,0,4
-0.99317345307276095,-0.066938878691929729,0.095528417923651771,0.056422694177331839,-0.9924576708192806,-0.10883129703233359,0.10209295613949099,-0.10269838436623943,0.98945948383714255,2.4513877250029719,3.0483644235508538,-1.9277041777401414,,0.1590825152641912,0.2372881355932203,0,3
0.92886946818439009,0.35095820023778052,0.11844767942305245,-0.36577397910894205,0.91950845671526882,0.14392218118106659,-0.058402973226192964,-0.17700999891238503,0.982474708582047,-13.041415513991637,11.373741225728596,-1.2768553544740904,,0.287311055338499,0.4891304347826087,0,6
0.75834676954074098,-0.65113061968448915,0.0306446281820596,0.6356551398036776,0.74910139088157457,0.1865198365334319,-0.14440471033969265,-0.12196730007909624,0.98197314491951682,-5.4000575448042829,-18.363311420385863,2.066865942179934,,0.1008357468492133,0.4615384615384616,0,3
0.4117281231224944,0.90180713016572112,0.13123967621224153,-0.909514418416418,0.39760720343023348,0.12121070279902321,0.05712683539871858,-0.16927023294913623,0.98391265512476889,2.0830552835809444,-3.528296367028271,-0.90892920054657045,,0.07932878896356341,0.3,0,5
-0.84227403712435323,0.50840489460237503,0.17916168544248098,-0.52112655513847006,-0.85297109399633386,-0.02945210240724927,0.13784614581392421,-0.11817265314379612,0.98337869823034174,-0.11660894800375658,10.137079913421942,-2.624190110006043,,0.485548738328722,0.2307692307692308,0,2
0.5442237743366084,0.79951449500210237,0.25415950843584323,-0.8381890965690465,0.50536810259063136,0.20504175008205108,0.03548974273760875,-0.32462232388650986,0.94517766848087348,-15.287071134331024,16.003738284120569,-1.7502290989285314,,0.0780748962969868,0.3333333333333333,0,5
0.79302397727709206,-0.60165149238424032,0.095542938909362468,0.58984818419753982,0.7975494499211484,0.12646736547164217,-0.15228949754492863,-0.043935824133493361,0.98735887715421056,-5.2544499638658833,8.1913133943296916,-1.8206656635115941,0.2770032959749498,0.2326441960018102,0.8552437223042836,1,5
0.9688831008662705,0.21969059886308637,0.11402446065182191,-0.23636316255095122,0.9579359360457973,0.16276116803763277,-0.073471029968777246,-0.18464772731674889,0.98005470487727708,-12.585125167753727,-14.6988824219483,2.359362770649208,0.8825463509067139,0.9279547962177922,0.8157894736842105,1,2
0.049575149661205638,0.98855349960219141,0.14249309793926251,-0.99343013927637736,0.034072021491970382,0.10925042667544563,0.10314486372760046,-0.14697304438470996,0.98374796635668016,0.043578370178616377,11.530370653095041,-2.8367289562235802,,0.0822677174394343,0.4727272727272727,0,5
0.66818843457121779,0.72446047495985577,0.16935535458380441,-0.74396478840313895,0.64867325360611172,0.16043504502549924,0.0063725600458858726,-0.23319526212382977,0.97240904983523291,9.9484858872587409,4.1703669417718245,-2.8717742490044222,,0.08114372817129194,0.5294117647058824,0,5
-0.99279909171981229,0.043183252915014819,0.11173705807830039,-0.042961517398333496,-0.99906707158732955,0.0043925496866457124,0.11182249998613117,-0.00043947422543351276,0.99372809931049899,-9.2958643395185998,26.562567998328856,-3.5932187563690539,0.2381808143829046,0.2141921549870373,0.36,1,3
0.22311873655348644,-0.96845589257845555,-0.11095590803937599,0.96974165260527512,0.20894952594293201,0.12625855539571576,-0.099091657576029141,-0.13576921498738403,0.98577257197618562,12.728912104452675,9.5707744698198916,-3.8657739845600498,,0.2043734456808109,0.1,0,3
-0.088672411537103493,0.97893834481373454,0.183893775004868,-0.98994371371094902,-0.10704248052203484,0.092484328660942056,0.11022090144963409,-0.17384367810488888,0.9785855754437599,15.71025683165618,22.905411220208041,-5.6894235575306382,0.2602663625633698,0.2573096800997375,0.5384615384615384,1,5
0.43118032849714055,-0.8987945548264008,0.079068783546407728,0.89024904993233978,0.43805572824607586,0.12475499206590959,-0.14676564111420348,0.016599010970858284,0.9890320113237614,-7.8787313939645864,8.0332573552788737,-1.4492799126982434,,0.0677287263885287,0.1478260869565217,0,5
0.59906581738339804,0.75845250366770833,0.25665140974275868,-0.80030743109026947,0.55714606097375186,0.2215768094434184,0.025063163895525053,-0.33813912287935027,0.94076233523346853,-20.627616087813735,30.322711710576701,-3.0115156605494056,,0.2681544127827964,0.1428571428571428,0,1
-0.11030967351405666,0.96879630318584375,0.22195832686038922,-0.98462759849735515,-0.13695021616586209,0.10841185622178513,0.13542624637252412,-0.20658741787815821,0.96901051107192948,9.346997465736365,-7.0161047405664414,-1.1652590972705237,,0.1054391387815761,0.375,0,9
-0.7380852534679424,0.63590014092384761,0.22552421019969088,-0.66367150742864145,-0.7444627347464795,-0.072906562127063354,0.12153307714592891,-0.20348525093191255,0.97150577137380845,-8.5596599584706841,-7.6092362355773195,0.81790693068344411,,0.148731613505092,0.1538461538461539,0,5
0.96568158366291557,-0.25109116395172815,0.066425193711803263,0.22300526134521098,0.9326723925203465,0.2835328228666435,-0.13314553085491967,-0.25898925772267023,0.95665920368625657,-5.8265292470563814,-7.7593329352506837,0.52990996531735279,0.1924656338097042,0.158932994762762,0.1111111111111111,1,6
0.9658322926211097,-0.25366243131381233,0.053135237556789054,0.23107854782185078,0.93569161420272617,0.26661565566793055,-0.11734857164361082,-0.24522759642964587,0.96233712319672193,-5.1443450821502292,-8.863333706955256,0.6045998249663822,,0.1902402502581834,0.2583333333333334,0,5
-0.28124861769229975,0.93596466710585491,0.21182388197650451,-0.94683814338806882,-0.30658105009163095,0.097496615070200895,0.15619457503897077,-0.17314214291771474,0.97243254422826486,-2.8758055854610443,18.785531046102662,-3.4580630684396061,0.12084778696047,0.1325229991545405,0.3103448275862069,1,5
-0.48191318218454188,-0.87387823881063842,0.064003973079677701,0.87499882925765093,-0.47610301091769691,0.087766575601659916,-0.046224816219289568,0.09829927125019236,0.9940827529120364,4.4426902482502255,-7.7501627444921342,-0.55217254321615072,0.3759233669155057,0.3202818413495995,0.8307692307692308,1,5
0.5252103204917189,0.79509726256622193,0.30327291720278449,-0.8496268134185847,0.4699147876444334,0.23940419852890757,0.047837194411540419,-0.3834063580755907,0.92234004977450967,-24.362819371698361,25.39964396215035,-2.0454064965413554,,0.3230469653120848,0.3333333333333333,0,4
-0.38824078322959227,-0.92062086115624175,0.041549058247008115,0.91938959959973865,-0.38384238033788864,0.085952261194086027,-0.063181155300496505,0.071569945231809387,0.99543251130069665,-18.05726060630883,12.695343559881394,-0.97585698004030141,0.263465874346507,0.2542883850622736,0.7528089887640449,1,5
-0.30945592611617057,-0.95018494832142164,-0.037223564780934026,0.94683423916098619,-0.31151425463497934,0.080397715836017764,-0.087988370504396438,-0.010364996026555844,0.99606757477259056,-10.567312026174173,17.792234508202856,-2.4975885824343309,,0.1086666441843152,0.3333333333333333,0,3
0.54829215356225758,-0.83193431217336655,0.085211587068244013,0.82229123096127665,0.55487352759124997,0.12630320606631446,-0.15235762477227585,0.00081768396659325469,0.98832509103365418,-15.898010475168451,-0.57533769869581264,0.68140231504607196,,0.1119642354951247,0.2307692307692308,0,1
0.58941674251979148,-0.80782884168326785,0.00068277523866403964,0.79137022942614033,0.57757736331592402,0.20034357829249755,-0.16223767631279445,-0.11754553130465475,0.97972546381878356,11.777926115012065,-5.0623719728740655,-1.7509936654237035,,0.1271751575777842,0.2916666666666667,0,5
-0.38526580534562094,-0.92173118089900319,-0.044518416300650607,0.92054979552921512,-0.387247671793022,0.051257337445509477,-0.064485139237727668,-0.021233719632032008,0.99769273625103538,8.3512293025259456,11.315371094883428,-3.646140010301381,,0.4093733403673896,0.3333333333333333,0,3
-0.98672430607460659,-0.1331638335755545,0.092965247426384345,0.13364434235600905,-0.99102878569688435,-0.0010656811855642211,0.092273146461019126,0.011372745825940219,0.99566878383052793,-16.289297188606017,-3.5571879046608292,1.1602575164648279,,0.07280430584405168,0.1851851851851852,0,1
-0.10756411523271972,0.94857011776824007,0.29773258604215502,-0.98656830630436765,-0.13887003648312024,0.086012150088855988,0.12293469042517349,-0.28448171231965663,0.95076664710418968,0.98878572210784732,-2.5231269757865329,-0.93521625478745651,,0.2628083500849332,0.1304347826086956,0,1
-0.49896594041968806,-0.86197086729919326,-0.089661665323442385,0.86553883297981549,-0.50083838560875404,-0.0018547519391681113,-0.04330726157395573,-0.078531111212651328,0.99597055461829342,1.2099066001492185,3.9104294464270795,-1.9107389215036281,,0.6129776473182234,0.4054054054054054,0,1
-0.66077337018469318,0.70129028405572602,0.26752661688849155,-0.73187607137955957,-0.6810716163180689,-0.022335388689582451,0.1665411942937374,-0.21055495941661426,0.96329156524298687,-14.166528176370397,7.7603850671476069,-0.68734991728477446,,0.4077344974572508,0.375,0,2
-0.98342248185804171,0.13366263302436501,0.12253376150744222,-0.13636342048500744,-0.99056152319006419,-0.013888352278361712,0.11952087570712434,-0.030367240710554234,0.99236716539889014,3.1634567300230256,16.112858502220305,-3.7237392686287789,0.1450282106611084,0.1104445198775823,0.3125,1,5
0.96201734397049421,-0.25508146231788509,0.097242364644858248,0.23988288969484803,0.95992972600598425,0.14488312655973129,-0.1303028362377564,-0.11605330116736504,0.98465872369900398,13.7549388300245,7.6929571747937215,-3.7329271973222946,0.2873663571987229,0.2585741648321126,0.3684210526315789,1,5
0.99494238044481509,-0.049050500467795931,0.08765676242402938,0.034766388909690978,0.98688711397013495,0.15762335639706712,-0.094238833805306066,-0.15377864833440133,0.98360112317923853,-5.3466567188621497,21.495680660591926,-3.4603640331606229,0.278729944974525,0.3280117957260802,0.6851851851851852,1,5
-0.64408574466925506,-0.75991998045201492,0.087608086519795125,0.76483447152639761,-0.63772971242146703,0.091263602053439127,-0.013482754866365985,0.12578726964459438,0.99196561337405809,5.1061186864617216,7.5377269993013085,-2.8307073679951253,,0.07649480444653414,0.2926829268292683,0,5
-0.45493809679353486,0.87012493452428719,0.18950970002873899,-0.87939862929515322,-0.47249627961359641,0.058355090138883139,0.14031884720052235,-0.14010661679740996,0.98014323292562799,-2.3250508205554974,-12.739385703395309,0.9015165300767719,,0.1807724604023477,0.3461538461538461,0,5
0.071343759266553924,-0.99545503141247049,-0.063082077084639587,0.99487095881093168,0.066470166507107117,0.076246260755091652,-0.071706647727613052,-0.06819822138526678,0.99509153311218201,0.53048138018871349,14.164003208797252,-3.221494795593177,,0.3892096489082956,0.7142857142857143,0,4
0.038501318934716131,-0.998560824120442,-0.037335358203578625,0.99037558487440391,0.03316157082589876,0.13437451806440021,-0.13294303037379651,-0.042149623394060774,0.99022702443569433,-12.031370248409837,-1.0409475848968801,0.29275968660387847,,0.5296977180928614,0.2558139534883721,0,3
-0.93007166572780031,-0.3534720255164015,0.10012104567795345,0.36234483584858468,-0.92756381204918215,0.091277568496597655,0.060604591774688361,0.12117302403638071,0.99077958280421852,-8.5502531330596891,12.16662889465989,-1.9662590300296547,0.1978901614155123,0.16142491777864,0.7477064220183486,1,5
0.24082280632645639,0.93831101993983979,0.2481467424982797,-0.96640125202473448,0.20815035661418885,0.15080467209742326,0.089849852743760172,-0.27612652697783935,0.95691229747614848,-3.0965179164521781,5.4096981870505729,-1.6338099630600997,,0.7814725448393862,0.4884135472370766,0,2
-0.91593098429517672,0.37506937610958851,0.14280544496913614,-0.37538861641209126,-0.926510093009972,0.025737797475089846,0.14196414574210167,-0.030033492228128102,0.98941607560636424,-2.0401459230386192,20.05997027727572,-3.6951552411722863,,0.1109944125598807,0.3478260869565217,0,1
-0.59634739359303557,0.78926066141792162,0.14641514434284919,-0.78818634552018585,-0.61028167695185231,0.079489367291283572,0.15209231042471216,-0.067999140545884379,0.9860243637936611,7.7706998914838934,-0.051057241902711631,-2.039772087861893,0.1834868380747055,0.1096440053532847,0.4444444444444444,1,4
-0.11395300314963114,0.96524626070921771,0.23519007049629806,-0.98033089883193147,-0.14764495031459679,0.13096677991757188,0.16113982086547574,-0.21564003532153711,0.96308531984345447,-3.4952111315194312,-12.517611226135305,0.96192008406836038,0.2682041795912213,0.1810129682763328,0.1538461538461539,1,4
0.98302375610043091,-0.15184492478120307,0.10299229951986594,0.13190837790313309,0.97505175106972442,0.17853364549805883,-0.12753224996510965,-0.16191726762162559,0.97852865244957532,3.9827480285255725,4.0287888614143359,-2.2453005839592919,,0.1630367976478659,0.2452830188679245,0,5
-0.71909909908746428,0.68078969369222386,0.13936240043156251,-0.67786153530935711,-0.73135576218854415,0.074983251874379417,0.15297131966365601,-0.040548021851421673,0.98739841669120476,-13.129619394569703,19.757246648118592,-2.48678952243512,0.3674614152227894,0.3126788085990374,0.5849056603773585,1,5
0.48105466100603922,0.8364467554729198,0.26257044461094564,-0.87538317572734969,0.44193695520799936,0.19594903233999927,0.0478613495198787,-0.32411194498245172,0.94480724930634807,16.171925202592885,-6.2081644442865134,-2.0592846329329433,0.7561679467786327,0.4890759080312488,0.4074074074074074,1,5
-0.96247687591339248,-0.26687529080030031,0.049151220658804735,0.26070427168224269,-0.95964239290909847,-0.10545027481391235,0.075309667763353003,-0.088679517882956277,0.9932091406392809,-21.082320284629798,18.257981253868419,-1.3828400611882514,,0.2208492469041198,0.4736842105263158,0,1
0.83781340946405836,-0.53743258673112349,0.096098416437025394,0.52485536476813843,0.84131958785228433,0.12926019174582312,-0.15031811932137412,-0.057858152541850567,0.98694320869446672,-13.779471918280798,0.18812004133188698,0.34433346856048413,0.4146295172380391,0.3882789058974042,0.9217877094972067,1,1
0.75267593640251007,0.62906440759407123,0.19431136317499645,-0.65824894871007611,0.72512815739219805,0.20223124605034704,-0.013684161745778951,-0.28011984302315457,0.95986749984672326,-12.196607644659204,-7.1847995835400891,1.1806296532801919,,0.5059154898174769,0.4489795918367347,0,2
0.98712633293907193,0.11864210162045041,0.10726441414254614,-0.13454993554373371,0.97857302121257739,0.15585620616473986,-0.086474953966093573,-0.16828218526621155,0.9819384850684848,-12.415902369442327,7.0033970529817129,-0.78037625431066915,,0.1038794200769574,0.3064516129032258,0,2
-0.98105002299118638,0.15668283009770584,0.11397957335227754,-0.14874099674377156,-0.98601414462311776,0.075181264227274891,0.12416508477290664,0.056803145649826872,0.99063435957351198,-5.9955886824897018,8.6541806589252097,-1.7509027671048161,,0.07193173118614413,0.2866666666666667,0,5
-0.86072263551850758,-0.50780153909439063,0.035974179621538392,0.50778579110631139,-0.86142234284365127,-0.010253662774465783,0.036195787829692468,0.0094416176115671956,0.99930011548096254,3.6942217491441278,23.520473668622444,-4.5856046523842453,0.3287252443943849,0.2325551722608,0.2857142857142857,1,5
-0.82237638288404069,0.54500641200730893,0.16329450617053612,-0.54966858923308959,-0.83516227171862334,0.019194319688164971,0.14683843803672383,-0.073972905639199671,0.98639063374822644,13.373441011305744,-8.9553830606185887,-1.3130335725958524,0.1788812016576503,0.1318181455281402,0.2631578947368421,1,5
0.51802331998221518,0.84560974547646794,0.12882545676157039,-0.85440916655606891,0.50441775943357237,0.12469041692519359,0.040457583461789702,-0.17466219488841359,0.98379688026400802,-5.9583090109344585,7.4844714118594853,-1.6487231855840234,,0.06957284299749725,0.2896174863387978,0,5
-0.18453787715744782,-0.97982826714538296,0.076696406676570378,0.97862936449799309,-0.17598637681018209,0.10636428968162998,-0.09072121491953121,0.094685595948379622,0.99136486677883806,2.057571700762562,0.76157128896359405,-1.4720833920233387,0.3982807245904419,0.3584029706206132,0.9576023391812866,1,5
0.042275955409471183,-0.99638597710475163,-0.073673117371432395,0.99099085101935525,0.032439112949541181,0.12994166824764045,-0.12708216550779008,-0.078502793453834124,0.98878078188736762,7.4862559518608478,2.0975762856351809,-2.2822869971958579,,0.2659938344343734,0.1818181818181818,0,5
-0.98298662527553715,0.14263009870951057,0.115732231774583,-0.14486079870696586,-0.98939028752200742,-0.011054770694097955,0.1129276030357081,-0.027631755268792083,0.99321892983036464,-29.31616025572178,24.557179318447318,-1.3225814049153155,,0.1903611462149603,0.4285714285714285,0,4
-0.76256681398670845,-0.64667846727493239,0.01728624219155047,0.64682935817393838,-0.76262062761976446,0.0046432459688021442,0.01018015768302204,0.014722034226985857,0.99983980021689878,-6.3189291745560867,-10.833371667003266,1.035221525087886,,0.08803695215499707,0.2592592592592592,0,2
-0.61146783342529532,0.78026709400490279,0.13149277812609575,-0.7777201003266766,-0.62326192663436542,0.08182919012113915,0.14580306661397163,-0.052228659002141131,0.98793402256668894,-14.641039206826308,-3.2939742409755621,0.90377982703803628,0.238066241764417,0.2002981908323904,0.7545454545454545,1,2
-0.25882676573898922,-0.9658768047496693,0.0095238324041161445,0.96261223035322629,-0.25711113374865219,0.085273435939145853,-0.079914950487873462,0.031238805179616653,0.99631206845017628,-4.4778398713961582,6.8971975463754092,-1.7147855003545647,,0.08067483229547066,0.3121951219512195,0,5
-0.15329521520736319,-0.97956738083711781,-0.13018572653881161,0.98422939904976914,-0.1631206541819113,0.068440793576610814,-0.088278349784412805,-0.11764097321586278,0.98912463035765441,-9.9652261618983964,-0.65895809503720848,-0.0054217660092834158,,0.3099688957784363,0.3429602888086642,0,3
-0.82191811622070732,0.55611157526180599,0.1232498522840305,-0.54861112781408095,-0.83107424629420978,0.091331416199858836,0.15322023582661853,0.0074507050902965118,0.98816397744852635,11.808184654638289,-7.2286407767748271,-1.442942782348009,,0.09670202749331833,0.4761904761904762,0,5
0.97081892425481198,0.20842435965815123,0.11861662029335977,-0.22669166643378599,0.95895139571731425,0.17036170057054451,-0.078240045233898645,-0.19227976220316181,0.97821622781923467,-18.200914007369573,14.611901780461388,-1.2618482073877095,,0.07495254917832554,0.5,0,4
0.45235487631369076,0.84064347589486232,0.29781472816271182,-0.88936737084545658,0.40036775447277007,0.22075176296888779,0.066338115368661202,-0.36472483821894575,0.92874918402951945,5.1993747321227373,-21.274346174591749,1.3977891013056059,0.2956825100713061,0.2344947486471949,0.2,1,5
0.76301360829567344,0.58510367763057702,0.2747069711142951,-0.64637731162145751,0.69236217856931137,0.32067270652142171,-0.0025699370874356312,-0.42224199235738097,0.90647950628430418,-4.4509055243739128,9.5623619842092697,-2.0764136561609723,,0.3522151778047499,0.1511627906976744,0,3
-0.88487364404984081,-0.46407087019759319,-0.040458145039104006,0.46581285158303198,-0.88226458037635558,-0.068026447161514375,-0.0041256958250361899,-0.079040734101998106,0.99686284963708904,-0.29850334486539198,31.17529225980763,-4.9588690119209833,,0.342519718188919,0.2,0,3
-0.33310600380145039,0.89684527135006986,0.29104801921409301,-0.92956030125927214,-0.3640792548525964,0.05799950438364699,0.15798112720891258,-0.25122670129386554,0.9549487462700833,-2.4239959716047439,-15.609371820459376,1.3547397478623913,,0.3465098427548553,0.3333333333333333,0,4
0.89663040456110477,0.42785801460406081,0.11397998489059594,-0.44016609132661594,0.8892278592584838,0.12460989673706815,-0.048038834944639938,-0.16189914656243531,0.98563732512497548,-10.404584096949279,5.6464328328036899,-0.83663395544359054,0.2436272386056348,0.1723828650183205,0.9012345679012346,1,5
-0.98360314380071312,-0.14710747218614426,0.10432759525819167,0.14196445673787172,-0.98833374493192205,-0.055158876456684089,0.11122476580544104,-0.039443633907711891,0.99301221101035797,-1.863605460544614,17.248984903116579,-3.3261311933203785,,0.3566789741608193,0.3275862068965517,0,3
0.98185494857135891,0.1382982816512929,0.12974762139721224,-0.16870168704281838,0.94949709544244976,0.26456569417681242,-0.086606008768685086,-0.28165377866922259,0.95559957524399697,6.4587881261834212,17.388237740421932,-4.198638164784672,,0.1655177657551024,0.3125,0,5
0.51275253217207117,0.84254253118740363,0.16494521481829155,-0.85767471901578785,0.49408938635538024,0.14237188856004218,0.038456691385482862,-0.21447088714155854,0.97597301266807324,-1.9947467130982741,8.8686297888246735,-2.2651947242247945,,0.07300459641112123,0.4027777777777778,0,5
-0.38360787503978311,0.89974541917313589,0.20809415869845854,-0.91292527806516677,-0.40346028704235676,0.061540502511242622,0.13932851422842127,-0.16636699629630905,0.97617088036175503,-10.168032696984035,-10.447463900754707,1.4109720917466568,,0.3015814650563181,0.3793103448275862,0,7
-0.73184810699816794,-0.68063597565450207,-0.033660316814378373,0.68143457641419147,-0.73140683058329947,-0.026286236765759415,-0.006728027230286324,-0.042174836347500105,0.9990875921703023,1.4333962127189792,-9.8222467031787488,0.063686044456487304,0.3935430864226459,0.2665136171934868,0.4285714285714285,1,5
-0.95840514641425911,-0.282073032225089,0.043524473782088458,0.28220749329738237,-0.95934821716481156,-0.0031510235647960734,0.042643945097417903,0.009262975442157614,0.99904739188513358,12.499090471371005,21.291395269841718,-5.2271154994813331,,0.3751673366098051,0.6744186046511628,0,3
-0.54484845436830465,0.79834610518712734,0.25648325111986164,-0.82641272220521167,-0.56305713953411829,-0.0029445198298404889,0.14206397977616075,-0.21356533883615322,0.96654419024582527,3.3073048563438308,-4.9301917991558684,-0.84685501978870104,,0.1724853776338273,0.3636363636363636,0,4
0.031666446037002569,-0.98118331711897255,-0.1904639976551839,0.9932556430456333,0.0096269410360770614,0.11554457825571574,-0.111536826893134,-0.19283832662024464,0.97487071759947375,-20.842095351851192,26.368831196748953,-2.5710513705810647,,0.2565017859702091,0.46875,0,5
-0.97622319462725626,-0.19564573300182178,0.093332852897223109,0.20118578600810952,-0.97805797760295188,0.054100572598844994,0.080700395166652561,0.071591477184115349,0.99416402399933124,-4.376014304471088,13.420871267883378,-2.6233417402934345,0.2400784946700486,0.2188491901738465,0.5526315789473685,1,5
-0.77016453373230354,0.62283930974721646,0.13754193983841989,-0.61867677832455226,-0.78191186024921688,0.076504161740145168,0.15519547333236616,-0.026173212168563369,0.98753700083689167,16.467765556593616,3.5788688941567792,-3.4677461794562725,0.4509055041180478,0.4210295238882751,0.968421052631579,1,5
0.21094199251224729,0.95319585678202146,0.21661286759689455,-0.97336403404774063,0.18446740520414098,0.13614049228483957,0.089810539566746603,-0.23956092133492493,0.96671848640226732,14.330650857096861,27.091670944496315,-6.0211075909875014,0.4501878810318161,0.4451967496222478,0.6666666666666666,1,4
-0.96465840991507168,-0.25786757785516917,0.05420760528959901,0.25223049918801477,-0.96316664907759797,-0.093218996905112275,0.076249114483314021,-0.076251677986381258,0.99416887606923754,5.0504483534683642,2.3704154729537898,-2.0865210445432258,,0.1467960044885144,0.4166666666666667,0,5
0.58146630445433978,-0.81314291566109664,0.026373006927235959,0.79959930093436837,0.5771623466623047,0.16590534512344984,-0.15012626262410719,-0.075380530015599093,0.98578896370627189,-16.939681969482123,9.9273442794026838,-0.64826940321329518,0.3408725953895752,0.3170033498710915,0.8362068965517241,1,5
0.96827147455722307,0.21872771395705826,0.12086578798775324,-0.23753181390007688,0.95581775659519208,0.17317925269117398,-0.077646564277632182,-0.19639400022519413,0.97744585923284077,8.1661608936501935,16.695966647667436,-4.3159694561875215,,0.08727100507656499,0.1666666666666667,0,4
0.57822581394985728,0.76088469889706223,0.29446457013764971,-0.81574351438810055,0.53264101851474199,0.22551289127082647,0.01474539981738536,-0.37060493841812719,0.92867354479618969,-1.7478941021497976,23.81976894880847,-4.096404973462108,,0.3938100156076,0.3076923076923077,0,4
-0.95071118886072403,0.28910434947871277,0.11210223230390401,-0.27915087072203998,-0.95538853767567045,0.096475558837822536,0.13499269146940918,0.060426957481189814,0.98900230336405737,-1.9073964838244479,4.3094884841222028,-1.6440420991045843,0.1440385421350426,0.1177110172776877,0.5945121951219512,1,5
0.57553247988466738,0.80171617180028776,0.16128714912136324,-0.81717073611822477,0.55620331587338523,0.15122783951194407,0.031533357414076715,-0.21883567187582395,0.97525206797261066,21.80168932701492,10.175458335667569,-4.8031933139472036,0.7336436910285461,0.6443854343589827,0.8372093023255814,1,5
0.39690701017132513,-0.91615098508744386,0.055966041490939387,0.90690140738661118,0.40083257723960009,0.12985793123118611,-0.14140248426758037,-0.00078584143801319832,0.98995187756586978,-5.6749685491265112,16.621473859061634,-2.8697574334168521,0.1870563596971853,0.1465472000664357,0.5321100917431193,1,5
0.018481050996841539,0.99045174726052498,0.13661547168100652,-0.9939618753715761,0.0034191198330357315,0.10967269453872755,0.10815840726392857,-0.13781743709755706,0.98453446510012521,8.000580903666572,-9.6129926455364156,-0.6429578036126592,0.4184590371301841,0.3332942301004099,0.8111111111111111,1,5
0.99470972537804736,0.030476096287842942,0.098100814437920417,-0.046412006045941825,0.98528229954415736,0.16451357360341923,-0.091643264526754059,-0.16819630721282297,0.98148434236458826,-7.0858277514017596,27.989457352319405,-3.9491477337935228,0.2633276044934926,0.2345388160391873,0.6666666666666666,1,4
0.8298831429221275,-0.55627904013262652,0.042983701595091246,0.53716754394906141,0.81743996980047828,0.20794933397423124,-0.15081445163320853,-0.14948419743142363,0.97719469702657413,7.3500119504654933,-6.4259519516579626,-1.0658539120816373,,0.079058905319619,0.358974358974359,0,3
0.49659591659846625,0.84315970468154577,0.20609271704516274,-0.86662482785866801,0.46836832808143636,0.17202475690764421,0.048517041919960605,-0.26403185726636924,0.96329293311630204,-11.299335717282913,-11.72712266617132,1.7434454275502587,,0.3060289441971021,0.6071428571428571,0,2
0.97316084992792162,0.17928119545579632,0.14427824896187907,-0.20961272830463512,0.94931912544782371,0.23421294198157847,-0.094976124895957997,-0.25816942308282675,0.96141982748684152,-0.28849575970664915,-12.511612306174982,0.65672281001333588,,0.220673730485951,0.265625,0,5
0.027834483009124718,0.94559884411778927,0.32414204842740568,-0.99365154278332646,-0.0091867072234439549,0.11212589323927249,0.10900391314044075,-0.3252052127710911,0.93934004306565133,-16.840561065523513,32.916945010901351,-3.5803559305992225,,0.2487065667716266,0.3333333333333333,0,1
0.933145342605191,-0.35947534817727961,0.0041525446491635087,0.33276116131510963,0.86805535779179377,0.36844254006449806,-0.13605064900418287,-0.34242863469894463,0.92964124857052055,13.177836922044742,8.9549832000659944,-3.8203551273373764,,0.1253174257524593,0.1428571428571428,0,3
-0.83018379923975971,0.50056287587107551,0.24542140652257122,-0.53648710633140595,-0.83702504723811333,-0.1075669793021521,0.15157982787954957,-0.22096578376688303,0.96343016258797609,6.5394312027992765,8.5429872434377554,-3.0984818684806612,,0.1486242710728284,0.2916666666666667,0,4
-0.62052679612890249,0.77452540554593796,0.1227065257021742,-0.76951779664558284,-0.63154209597613287,0.09485220954621211,0.15095978249760872,-0.03556651759691342,0.98789987695833903,-2.7086019863776598,8.0259599893768918,-2.0506548680720593,0.2418829721244497,0.1951251211850802,0.6898550724637681,1,5
-0.58614171815756366,-0.81002948429597499,0.01703293299742898,0.80942709780606747,-0.58452385643495985,0.056210627070402218,-0.035576109575735843,0.046734311052993756,0.99827363212590958,7.8195094927029523,22.904847264949158,-4.9348249602171324,,0.2524128981998849,0.28,0,5
-0.080421379897114023,-0.99528787093268167,0.054170615925361897,0.99162220194613837,-0.074377147845777092,0.10560988820095622,-0.10108318486739083,0.062210078384586795,0.99293106300711931,-3.2226430198168856,23.74030177759159,-3.9146734422395446,0.3543384571107792,0.3118574083866125,0.7578947368421053,1,5
0.70689457768648134,0.69342524387278248,0.1395044343288909,-0.70727888306792364,0.6908715033903724,0.14984374317707508,0.0075257958809495538,-0.20459227004728051,0.97881835160220576,4.0718735034896056,13.318916371619112,-3.4462632576711596,,0.08848562848011289,0.1111111111111111,0,5
-0.98782648751918678,-0.10830232428765914,0.11166663382316309,0.10375767183749159,-0.99354966875356809,-0.045753702085605565,0.11590157932646586,-0.03361044887480194,0.99269187648336543,10.458966560657212,18.757229183662247,-4.7686078203368787,0.5256659404605246,0.3644607024469181,0.2,1,5
0.42393228206780942,-0.9025194650242796,0.075763021805285269,0.89370435100104861,0.43042032029056398,0.12661311497140737,-0.14688074490066405,0.014034355462828135,0.98905464138447352,-8.6766152531726668,41.591383882575855,-5.207278469384379,,0.786235260809954,0.8275862068965517,0,1
-0.82568663781538942,-0.55799634008383536,0.082955774881340122,0.56316307137306776,-0.82391385753027846,0.06335069384963013,0.032998957177033161,0.099025450378281449,0.9945375955702267,-7.6373579718183358,18.445577760625298,-2.8999035959119088,0.1992652721013508,0.1483026424381434,0.5,1,5
0.87290182149062356,-0.48208966028764072,0.075046448830699108,0.4652291985086161,0.86878187918609562,0.16964621791512652,-0.14698368240516438,-0.1131706933866852,0.9826434710844999,-11.7849375688508,-4.0236021394136721,0.67541009534687846,0.5314625856877783,0.5466244790417188,0.7201365187713311,1,3
-0.87436794359635372,-0.4822465172042571,0.054027732281193792,0.48454638939654043,-0.87369834644750644,0.04319717511214699,0.026372253105492283,0.063949167776114937,0.99760463521721998,9.0883619054863232,18.49624228390655,-4.5520908731005747,,0.1445372846772956,0.1875,0,2
0.84988873496165307,-0.52659710358656131,0.019611952465931753,0.51074607838774755,0.8323262337985482,0.21534039087514653,-0.12972116865345523,-0.17299864457552458,0.976342095465628,-1.5566411689087105,21.748109037102488,-3.9100546361811528,,0.1927718097056687,0.2307692307692308,0,2
-0.99425964060112682,0.0035393356848695042,0.10693568241998626,0.0042146272702421744,-0.9973814420305106,0.072197617759261257,0.1069111967414605,0.07223387152886987,0.99164119711479304,-5.6161325174079622,-12.818898799012075,1.2267435507727038,,0.08285480593523617,0.3076923076923077,0,4
0.20737275170771455,-0.97691624530958621,-0.051295141089485269,0.97154381347240981,0.1995306910121786,0.12763276165502851,-0.11445156334737167,-0.076303033979141996,0.99049416285656111,-6.1722412464973484,9.9134355630312143,-1.9610976751241394,,0.3697538553134138,0.2712765957446808,0,3
-0.59039181684964737,0.75185630218680122,0.29351252691999585,-0.79450111429669901,-0.60541889884939615,-0.04728568808093335,0.1421459882595186,-0.26111311299506462,0.95478503352521749,9.175393318313855,11.449851299525344,-3.7711694696874209,,0.1753518992134818,0.2857142857142857,0,3
0.98390631543068741,0.13800247467736512,0.11350629691136312,-0.16537698079394667,0.94385551402665402,0.2859846549466557,-0.067666954114145819,-0.30015343680258322,0.95148783370913903,-7.4593959297338737,29.30466266360531,-4.0404511058515338,,0.225270176022834,0.3076923076923077,0,2
