axis_00,axis_01,axis_02,axis_10,axis_11,axis_12,axis_20,axis_21,axis_22,location_x,location_y,location_z,dbh,dbh_approximation,score,reconstructed,number_clusters
-0.05093064305231243,-0.99688083921313697,-0.060288158107463415,0.99854644101212553,-0.051895917802079868,0.01455399799018341,-0.017637311027944049,-0.059459281236761759,0.99807490657490827,-10.831202507196085,7.9368038087291026,-0.63422067289594131,,0.07786926228634503,0.25,0,5
-0.599297112352705,-0.80047657160510099,-0.0089570886482409837,0.80048136349097498,-0.59934472898156399,0.0039347866072896934,-0.0085180883617447557,-0.0048118762825806695,0.99995214286349843,-2.3112768694847303,9.6818730600911547,-0.6644086222438913,0.1879685985620621,0.1571813383751361,0.6854838709677419,1,5
-0.85744516869733856,0.51324988861454168,0.0369098159674821,-0.51413123826143425,-0.85747785460096504,-0.020019957859356754,0.021374108668130328,-0.036142505531392997,0.99911804446349384,-9.1527086441673742,-5.2850335085832754,-0.87776921588231061,0.1722619011455649,0.1722002577223724,0.7795918367346939,1,4
-0.9766009016515016,0.21274263814861882,0.031484104037419025,-0.21475740221808873,-0.97248051717452588,-0.090337710334631602,0.011398994956190546,-0.09498533376017361,0.99541340622098129,-7.4386007818453832,27.876756109614355,-0.49710995655940476,0.8121061218978423,0.6044671379997968,0.5932203389830508,1,5
0.60851859453923429,-0.79099002093132931,-0.06356026185478765,0.79327375048634996,0.60428704080240059,0.074524687906741757,-0.02053964189839912,-0.095770345646927477,0.99519152126882238,-2.5822816396651178,5.4971360748406148,-0.98642515433773148,,0.0801133331991202,0.2073170731707317,0,5
-0.99956430754403303,-0.028290800791569804,0.0084157991058531161,0.027230483946111664,-0.99389805791808883,-0.1068884989637002,0.011388407618228158,-0.10661276216862649,0.99423539622903068,-25.911208124413779,-3.3599133605418428,-0.49329507071135725,,0.08264760747485345,0.6,0,1
0.99887957065204114,-0.046325932802313188,0.0096701232665556171,0.045541052387588737,0.99652223376430316,0.069781445677452578,-0.012869183401666087,-0.069262872907495887,0.99751543274035381,-13.177938071712887,8.3110827290706339,-0.59320673084130449,0.206734000276345,0.1010380262212651,0.5,1,5
0.63989206277096111,-0.76377077320189579,-0.084807747318884602,0.76746456253050732,0.62952668664833367,0.12122003158483773,-0.03919557707934318,-0.14265467675526833,0.9889961324177502,22.562260518908833,6.1067099359514572,-0.99609293706674462,,0.1548850499597468,0.3333333333333333,0,5
-0.80017705545456719,-0.59706162237390037,-0.056869139366664365,0.59942194970162355,-0.79291657882870403,-0.10943776877517533,0.020248608346337675,-0.1216582019710568,0.99236549504363902,-3.8301485344197226,9.114914067791732,-0.6430903155514458,0.446018084596763,0.2666988855111702,0.32,1,5
0.93164337712231615,0.36219890928885823,0.029198766653550583,-0.36333032084981037,0.92727432918108943,0.090296159347646024,0.005629903667104039,-0.094732616092468927,0.99548683348047196,-9.9523106459720641,7.8850360490938582,-0.64567685216687132,,0.09580140594506878,0.3698630136986301,0,5
0.11038185187846186,-0.98864208239365703,-0.10199352771728071,0.99356481105309769,0.10714137171563964,0.0367381641336961,-0.025393168626710684,-0.10539240668675109,0.99410644681536542,4.5708934698476895,-17.600297031622851,-1.2432903281475807,0.2707095417631316,0.2803245266573922,0.25,1,6
0.62571691699763943,-0.77986364311135659,-0.017059833998369016,0.77972083721682794,0.62466762048015001,0.042729146183329118,-0.022666181700021229,-0.040038257663762539,0.99894103035684323,-19.175704180829332,15.243040088216445,-0.37375337369162198,,0.1127165202964626,0.2142857142857143,0,1
0.86852192743512757,0.48020342931587467,0.12277755510534544,-0.49451995414811833,0.82281111070568114,0.2800569425110313,0.033461567711558622,-0.30395154642238281,0.95209966963219106,-29.565490486568098,7.318196811922201,-0.41572445743151437,,0.3599432409793705,0.44,0,4
-0.64602953352173187,-0.76074226484122653,-0.062586326796945799,0.76326634819656025,-0.64471622380088356,-0.042017525850720897,-0.0083859124953927448,-0.074914599726419881,0.99715469172012117,4.4633384801659233,2.6651005204897555,-1.0596612849942659,0.7681648533908064,0.865513381379342,0.9743290548424738,1,5
-0.86294643441765262,0.4844074922079159,0.14378050222021899,-0.50512439818357946,-0.83439635679664925,-0.22052678323540689,0.013145101199201127,-0.26292984094110977,0.96472540396588813,2.0600631228588027,-13.736690117331205,-1.0866831605649778,0.4720818413285961,0.4544233157814768,0.7299270072992701,1,6
-0.11614719518746153,-0.99305582221981159,-0.018707298186010909,0.99311490408050962,-0.11640212081680235,0.013165620475737074,-0.015251765250171046,-0.017049346752446237,0.99973831747716302,1.6355926432354744,12.343985087470891,-0.72166873235096407,,0.07966932801937836,0.2,0,5
-0.37547645410492997,0.92480658570593122,0.06123897000868863,-0.92658009653774154,-0.37609432799427017,-0.0015430977437053198,0.021604562316712372,-0.057322207611666377,0.99812194014640665,-9.608230500285126,19.135053941278443,-0.48361546023072965,,0.1413235717310294,0.2857142857142857,0,3
0.99819202258489215,0.05343723600850752,0.027516319805747334,-0.056424061508168998,0.99084967335252094,0.12261015496329865,-0.020712588703574789,-0.1239410610934602,0.99207338541270373,1.8697160153687638,16.725884127548014,-0.72332381744211394,0.611025387204823,0.3902813131067586,0.1666666666666667,1,3
0.98079590631378011,0.19034072239396818,0.042541738994462001,-0.19478920234070846,0.94497495867592818,0.26282978165896287,0.0098263324593220788,-0.26606904531337344,0.96390388852645914,15.591006329294615,1.1529547612062119,-1.1280585746038267,,0.407905169493355,0.1666666666666667,0,4
0.69736185177908883,-0.70995833885049775,-0.098212039892686981,0.71622336075192206,0.69540203278353407,0.058652453603848971,0.026656053655097548,-0.11124374093480927,0.99343559675822291,-14.959257198893951,7.9894718513987755,-0.54864430874459069,0.5866019666124854,0.284833057669906,0.3333333333333333,1,5
-0.36424590904995707,0.90471487298842834,0.22094324233590909,-0.93046030844898642,-0.36361582197741021,-0.045023864879763106,0.039604698476182615,-0.22197867600566062,0.97424685540030675,-0.85890556981279365,1.0892715289559045,-1.0852317275039942,,0.5290497024386206,0.5651595744680851,0,3
-0.8849556356465752,0.46508067315426077,0.023526376596181377,-0.46555694908967188,-0.88473998890035199,-0.022178349688856777,0.010500004365826914,-0.030579723657747145,0.99947717853352369,8.3096202783731403,4.9699491608700086,-1.0079837927647195,,0.07005733336591051,0.2777777777777778,0,3
-0.84427535708462964,-0.53589617027582914,-0.0037968543979095388,0.53590959595891241,-0.84425198145698599,-0.0062846451854305469,0.00016241543767586661,-0.0073407417643781029,0.99997304320245195,-3.8006686828555432,3.8452941201950548,-0.9419115694282274,0.3851360149413383,0.3382752841213028,0.9220973782771535,1,5
-0.058564253011447819,0.99236012398347617,0.10858919189638513,-0.99828119379273927,-0.057975743035080067,-0.0085715424092121292,-0.0022105178021635482,-0.10890453409766365,0.9940497553261689,-2.3088053026847177,14.570786380382337,-0.63140540281395607,,0.08572395705561514,0.282051282051282,0,6
0.92840319387949877,0.36796076790569121,0.051695095285735203,-0.37150675608023725,0.92186097621086294,0.11025003730745637,-0.0070880026161386717,-0.12156156391643851,0.99255858587647361,-7.873711573327685,-5.1112274188121667,-0.92339640042104043,,0.08964172417539554,0.3133640552995391,0,4
0.29195114022770824,-0.95604293846989441,-0.027320898989425368,0.95618002869260421,0.29109748493552645,0.031336990819496882,-0.022006463803876615,-0.035272568180673834,0.99913540698185033,3.3713304283903609,17.706945684871748,-0.73722541282855369,0.240883218287691,0.2501468015229201,0.7551020408163265,1,5
0.28676505326512247,-0.95469659490074665,-0.079499785602058462,0.95778896178912809,0.28396706310580616,0.044755019226556496,-0.020152143825353103,-0.088978192586638791,0.99582969043067771,-11.020844097498857,13.115451771811342,-0.45107285444750489,,0.07220559446561925,0.24,0,4
-0.12456559792674039,-0.98683123369569814,-0.10318685970500593,0.9915719424596906,-0.1275433356062291,0.022754790026572998,-0.035615933791918061,-0.099482730888650797,0.99440167513689692,-5.8263614308605263,11.823189077450689,-0.62865419123004374,0.4190449109469705,0.1379940464284859,0.282051282051282,1,5
-0.3734504600860501,0.90725641205734664,0.19344393669057808,-0.92754741932627505,-0.36830296149362907,-0.063314401649154695,0.013803577894356123,-0.20307321668761077,0.97906625409185766,-7.2143892447948978,10.202732732787737,-0.60881503705726092,,0.1569835731570645,0.1111111111111111,0,3
0.9917845285209459,-0.12695420867870066,-0.015686869835887803,0.12624542858216062,0.95164027885203473,0.28007654565944307,-0.020628639038718758,-0.27975598039217037,0.9598494937677593,-0.71743225029652236,18.768949894294106,-0.62559745026141689,,0.503518416059393,0.24,0,5
-0.99107301708763762,0.1268600876154066,0.040997475178596192,-0.13103226375299248,-0.98359165719834241,-0.12400805516411331,0.024593101808727747,-0.12827302935547646,0.99143391574193984,-4.4243805851325657,-5.1280821071180211,-1.0392691725727528,,0.3006484514683744,0.1526104417670683,0,3
-0.95518303841681995,-0.29580686061474909,0.011120446666307475,0.29596248377439838,-0.95504989396482665,0.016908821244023237,0.0056188360806079737,0.019442254267954068,0.99979519274203321,-11.87464953992585,-11.076129883903462,-0.72960311000418487,0.2610726459957098,0.2045643673709698,0.7826086956521739,1,1
-0.72186503617990927,0.69142216356966446,0.029090570046365054,-0.69166221227322533,-0.72221711981817516,0.0024116290858086252,0.022677161512991977,-0.018379977317278313,0.99957387059663083,-10.069539619679682,-9.0400286330807145,-0.76785974382811539,0.2418056698608305,0.2462109642339668,0.8773006134969326,1,4
-0.54706084061804816,-0.83637826225881917,-0.034580906338484721,0.83703584529380082,-0.54703871466422693,-0.010937931788100562,-0.0097688461736916577,-0.034929172326680497,0.99934204483000022,15.370805170751398,-2.080429448041174,-1.2421288072523524,,0.09061338027040255,0.3333333333333333,0,5
0.34709469191582548,0.93732778393594673,0.030690394353717076,-0.93772338175431991,0.34637567054150331,0.026433958617038972,0.014146877927711726,-0.037954187103038058,0.99917933601843822,18.3133741587272,11.611086520481839,-0.987665761465087,,0.1652284042831695,0.65,0,1
-0.96262174681058355,-0.27083394459243276,0.002889121638953775,0.2708220354373464,-0.96262139150291703,-0.0039346845567583702,0.0038467764315446703,-0.003005175118287825,0.9999880855458203,7.4146025208289421,7.3510154999416466,-0.99801955674671317,,0.07039905671186085,0.2592592592592592,0,5
-0.6244849104109732,-0.7808196720880447,-0.018418369887652962,0.78100469529464855,-0.62449958258287375,-0.0056513079486854604,-0.0070896118873350926,-0.017913989899970194,0.99981439596014632,-16.198768755980737,9.0887945357365947,-0.53417678391521151,,0.09502397728598767,0.1666666666666667,0,3
-0.18139085440554575,-0.96651212807015874,-0.18152593266891301,0.98196057972124162,-0.18803278401849774,0.019927167580354968,-0.053392675635789637,-0.17463670412472179,0.98318423693675283,-22.771294627799975,1.6155841576278205,-0.53427227650141906,,0.3925408294689843,0.3,0,5
-0.71063368211535394,0.69397786391607941,0.11573458531333866,-0.70340097018639403,-0.70431384141055953,-0.095755354619686373,0.015061373908598992,-0.14945479982917156,0.98865384125284639,-2.9555123594474053,2.3080810887345087,-1.0113880332802483,,0.197095201548828,0.2269129287598945,0,5
0.52627862112594126,0.84926312408346716,0.042225099381374677,-0.85024421911201009,0.52495946638085644,0.038759857117051391,0.010750851705130791,-0.056300130809044259,0.9983560058709009,4.1899921655005405,4.6028679885057571,-0.99927565459339285,,0.07390414018792615,0.2592592592592592,0,5
0.61721198459161553,-0.76996915631006324,-0.16185445439544863,0.78646344196684237,0.59776671617254162,0.15540337025291059,-0.022904596179508189,-0.22320943386753445,0.97450137409158533,-21.068888488736739,3.5863846153446697,-0.57183940705279934,,0.3969856664978845,0.3846153846153846,0,3
-0.01228367732265704,0.98664285349502134,0.16243457427110594,-0.99967871435779943,-0.015719513007821949,0.019883786629680846,0.022171588381769098,-0.16213814035568413,0.98651895273767043,-12.16302358507323,10.459360877761107,-0.58293673866586826,0.5492535373391194,0.2510144700845889,0.2380952380952381,1,2
-0.72975936882077275,0.66474371751420913,0.1598970094895325,-0.68249377801592126,-0.72217516663144499,-0.11254008917002939,0.040663332227706954,-0.19125589853971275,0.98069754495762096,-24.633296819204222,20.050999684227591,-0.34876384120770343,,0.3132475113629584,0.1578947368421053,0,3
0.62616402081981737,-0.75213832471009467,-0.20544235087501422,0.7782268905921127,0.61904384518053357,0.10558231150828322,0.04776531995173762,-0.2259926066188731,0.97295725289630086,-19.108012982870658,7.1495427435289205,-0.50600572544818012,0.6270642764505309,0.3455264664093867,0.3043478260869565,1,3
0.3001217815232966,-0.95360223563437674,-0.023868230944122847,0.95337929623004136,0.29903640953474092,0.040560366029938934,-0.031540985640821875,-0.034928526531906187,0.99889196826239224,-9.0837002292114946,-9.49441384641338,-0.80886629896388451,,0.08209197287392468,0.3448275862068966,0,3
-0.4314698742524874,0.89961039784885122,0.067341515388183032,-0.90161207214461303,-0.4325429362686623,0.0015098500533416244,0.030486373605964727,-0.060064468417842548,0.99772884124798256,-13.78140308811699,16.363122645201724,-0.41967618978334131,,0.2758040261881122,0.75,0,4
-0.5168911320454328,0.84615191019456426,0.12980948535019318,-0.85437615318499782,-0.51939545497719453,-0.016424074337372335,0.053525194830073883,-0.11939558711746505,0.99140291874458364,12.631264493741032,13.479023541681634,-0.89052717909887202,,0.1819831265235568,0.2105263157894737,0,5
0.21341294549302148,-0.95917999830731482,-0.18554957704929184,0.97603720930501958,0.20106794370868014,0.083204856017130888,-0.042500361740355555,-0.19886028477285633,0.97910587088015999,6.2501662238034639,-12.900709520957637,-1.2033263161776102,0.3470590578498749,0.3328450972583262,0.3333333333333333,1,6
-0.43710215380884154,-0.88928901265770288,-0.13456135813063164,0.89843578668485735,-0.43868178772052507,-0.01927242398573804,-0.041890862245049662,-0.12931875768276002,0.99071782792667762,6.2205102247524211,-23.72752129482285,-1.0786576163667161,,0.2526017158352927,0.25,0,4
-0.63493373761278638,-0.76343117778088176,-0.11845668251792227,0.77251303847112529,-0.62918773502647118,-0.085711139791555549,-0.0090969353721922549,-0.14593022608203396,0.98925305907158023,-9.7567428761427006,5.7752264397203632,-0.78538856547609459,,0.07671871995700058,0.3555555555555556,0,5
-0.29739266351074195,-0.95287534071532365,-0.059884795621613231,0.95462564496825952,-0.29780028709413353,-0.0022061222962469892,-0.015731549793993892,-0.057823646229786266,0.99820285727790392,10.817580643010221,9.4057265838218242,-0.90602698469389953,0.1633851384692461,0.1631368251249218,0.3448275862068966,1,5
-0.95680663517162945,-0.2860225229392937,-0.052078587375104707,0.29066413172987743,-0.94480013332778545,-0.15121861852799809,-0.0059519255087489738,-0.15982435495017935,0.98712752476440346,13.584495361363862,25.592109079588351,-0.85184479707541905,,0.2102294917316084,0.3333333333333333,0,2
0.76439233197610201,-0.64318994143122465,-0.044844866571712931,0.64300079488154716,0.75534873227635158,0.12648426949707059,-0.047479896775746551,-0.12551889057112786,0.99095442252000576,-13.856146300579175,1.122085549754603,-0.72477692565553364,0.1394980147626972,0.1504274011779084,0.5571955719557196,1,9
0.031863561639872313,0.99044528340389693,0.13417471454263255,-0.99930958288497473,0.02900311825632397,0.023220178415948967,0.019106831078985139,-0.13482195560955407,0.99068560567504715,-7.5732221547352507,-11.96413788941023,-0.87284691115837587,,0.1252363243618843,0.2916666666666667,0,1
-0.90211782338615198,0.42061500645901756,0.096262396970526146,-0.431089504305192,-0.88817329025692704,-0.15909131262293205,0.018581496358862543,-0.18501681765629921,0.98255967003403943,6.5475503577201302,-9.1662871280656173,-1.2341655036545602,0.1508567339481508,0.1234890385036198,0.28,1,5
-0.7964196309515067,0.60228240920424392,0.054513035121859649,-0.60427288558970371,-0.79611779288870177,-0.032415113560105062,0.023875744515269956,-0.058756781814129057,0.99798676815611531,-6.6846002352975669,2.1635970401633076,-0.92471002244557188,,0.07348256043080398,0.273109243697479,0,5
-0.56715037237728105,0.81574665061929807,0.11356873300213026,-0.82330102862580534,-0.56532161567794303,-0.050861450146172153,0.022712802028880881,-0.12234734509043331,0.99222742139759457,6.3168519975610762,-17.412297946029312,-1.2800789004653013,0.3414909894877236,0.3623455138204759,0.835820895522388,1,5
-0.23352654935285538,-0.97229402870447335,-0.010472463558056979,0.97229089387117573,-0.23361788641595355,0.0085499030248388907,-0.010759574459054521,-0.0081856516032043584,0.99990860915650304,-20.452946133613441,1.830062190675827,-0.57288461718163164,,0.09840104693809594,0.5454545454545454,0,3
-0.96263980244831671,-0.27038604720279813,0.014696809868582671,0.26897004406872671,-0.96105136699277516,-0.063524683352114863,0.031300577246021984,-0.057198387034649287,0.99787204509631466,-10.600176444701438,0.35819192860001825,-0.84493095677664354,0.1876599639768191,0.1730433480919348,0.5682819383259912,1,5
-0.47604169314480399,-0.85328154908917042,-0.21282599552642556,0.87933526304855569,-0.46525803988809594,-0.10151084414393385,-0.012401675175372199,-0.23546879687863667,0.97180278048036672,-4.9557250175852801,12.872723004605815,-0.62532166764661412,0.4392361625115195,0.1824340911714369,0.5421686746987951,1,5
-0.028877854690702229,-0.98538835525051394,-0.1678566616049264,0.99945932871842147,-0.025823337408788907,-0.020352038787190746,0.015720042817567635,-0.16835362954733085,0.98560130665094769,18.022685251284965,2.7026666885428536,-1.1274202294554654,,0.4163986893227829,0.4722222222222222,0,5
0.77012270274944183,-0.63588957454412698,-0.050551673523084741,0.63786003558180226,0.76681873220665886,0.071579375133865988,-0.0067526081981117382,-0.087369794111363544,0.99615306121070635,23.533966350351157,4.1139419497235643,-1.0882988850103745,0.2455601092013381,0.1669983348827407,0.48,1,5
-0.1004698015538871,0.98619163809278199,0.13165056753238288,-0.99468078407109528,-0.096539523737578625,-0.035920163644299237,-0.022714681935574067,-0.1345591814496411,0.99064517861450729,-8.4763779106293455,10.186602843403433,-0.6128450758320938,0.3855359656410198,0.3060451784186015,0.3052631578947368,1,3
0.97268471738995599,-0.23212141774424414,-0.0020218754719552889,0.23157697685413853,0.9697286677030984,0.077449433993230357,-0.016017001814317117,-0.075802100625088228,0.99699423127403541,-8.7456696343644822,2.9981660428136983,-0.87932844542685451,,0.06592228452690192,0.1987577639751553,0,5
-0.43880817885396234,-0.89383184962882845,-0.092260537392633096,0.89849673334053459,-0.43785239046528995,-0.031446849448243878,-0.012288301235653526,-0.096694926200601647,0.99523820711415767,-21.009814264651478,-2.5265201381164748,-0.57929731122572836,,0.1676771834334845,0.6,0,1
-0.31487470514549037,0.94156127937460465,0.11965064664262548,-0.94882818452063244,-0.31545824975353043,-0.014531652408453806,0.024062342338629961,-0.11810355559803073,0.9927097027007854,4.9641358614155262,-5.7422814639719038,-1.224236060979347,0.686958936472203,0.3233487360467062,0.45,1,7
-0.761166083935226,-0.64463401300960432,-0.071226272806067942,0.64811443919027001,-0.75198918861064801,-0.1202494653866692,0.023955508339272413,-0.13769259051899352,0.99018527768108855,-17.186302802368228,7.8578697569118772,-0.52464513375184263,0.5573255353797979,0.1932752456006785,0.3055555555555556,1,4
-0.64349739063101197,0.76199223510650671,0.07265632724319962,-0.76518506160713962,-0.64286081575900533,-0.034954156475963699,0.020073109982234386,-0.078088444721726838,0.99674433284397701,-24.450288927169314,-0.02305647047847495,-0.47485361262926806,,0.2942702254008037,0.65625,0,2
0.92063622201605755,0.3854440901200043,0.062143383425450956,-0.39042075366388485,0.90920844558687941,0.14460856676564821,-0.00076277160722056786,-0.15739395117047147,0.98753560053013922,-0.56051083569806637,12.234587288499158,-0.6712136220123649,0.6297732366977158,0.3049737412939926,0.3958333333333333,1,5
0.88166821060212963,0.47104438472559607,0.027898996973450746,-0.47186803777710934,0.88028683154918941,0.049352296050648357,-0.0013119977211862603,-0.056676995505893363,0.99839170511498432,-18.313031609502268,20.507654437520664,-0.39829253010614829,,0.33717996229166,0.6521739130434783,0,1
-0.63025473729546255,-0.77607450574639525,-0.022075498796494938,0.77623528367263428,-0.63044035348758098,0.001935219914439588,-0.015419160103286226,-0.015916099551728093,0.99975443348692727,-7.5404946552404581,1.2194558678053127,-0.91886130450250691,0.2446309554156521,0.1991479297570501,0.6582491582491582,1,5
0.41973369497644669,0.90534694011836636,0.064579743880965018,-0.90755855273437624,0.41763400929115196,0.043809903470369206,0.012692464697776594,-0.076998391552744808,0.99695042456392313,-29.802164613550637,-0.45752095640787621,-0.42782692826507174,,0.1379118456407079,0.35,0,1
-0.99395419128035767,0.10702977122467175,0.024488644466476337,-0.10782675015643269,-0.99359023269495272,-0.033938789664523891,0.020699217060393928,-0.036374133182592437,0.99912384860351655,-4.8422314222252085,2.403008951193299,-0.96696186530500672,,0.2097233100095643,0.2175438596491228,0,5
-0.97253063830351116,-0.23272706036338181,-0.0047194211070531083,0.23249477466884302,-0.97016620635791129,-0.068729264456882613,0.011416536806352571,-0.067938556179234499,0.99762418538828124,-8.6791725743452446,7.2335011266953897,-0.67748660588322962,0.4189277402308232,0.8471269995563405,0.7237991266375546,1,5
-0.95753656658095609,-0.28813113336367202,-0.01020654921708561,0.28830655095377,-0.95713343778491289,-0.027837294250271646,-0.0017482383979612562,-0.029597842161226753,0.99956035905887308,14.68600702259166,-5.0669497400159278,-1.2884313690610898,0.5877908342139376,0.3059170103337776,0.1764705882352941,1,4
0.70029861921554637,0.69828429653746493,0.14825951953914604,-0.71382829140657889,0.68338726788319792,0.15307191931475836,0.0055690495028129592,-0.21302789325418756,0.97703024640147107,-20.508464395955389,9.1176385356659093,-0.47662230710488113,,0.1682865535413978,0.2222222222222222,0,1
-0.462274022088699,-0.88673539633617771,-0.0017508245083633117,0.88665890606550957,-0.46225856880697463,0.012369311187017179,-0.011777639689293389,0.0041656270895910705,0.99992196433236713,-28.775177054106511,-1.9268185869104708,-0.43063596880484822,,0.12872428559308,0.5882352941176471,0,1
-0.83560660840382484,0.54831201944041374,0.03339948096946499,-0.54833888593010838,-0.83620597008592468,0.0091674298242564525,0.03295545734445423,-0.010653869242213301,0.99940003647257547,-10.513796748552842,-6.7630944327980034,-0.80026760054104373,0.2066259161520113,0.1718255432089049,0.6836158192090396,1,3
0.864794977839212,-0.4976763957080052,-0.066692214381942741,0.50186568091557548,0.85242101561249128,0.14666032340519278,-0.016139536028765108,-0.1603016447116464,0.98693611651388991,28.705399654846442,5.8994163166197806,-1.0408127369597235,,0.320594516948055,0.5,0,3
-0.1936280952467638,-0.97953373028554436,-0.054971192128227792,0.980808412060727,-0.19457751223327696,0.012427814129038785,-0.022869620941920792,-0.051509833682485573,0.99841059563286749,-8.3846589524061113,-10.51760738773509,-0.84837209099494781,,0.08991656263916477,0.462962962962963,0,3
-0.99814156378610308,0.058024803774223907,0.018615606076514767,-0.060262566529022378,-0.98524680947599264,-0.16017848636041226,0.0090466412534329545,-0.16100262906033694,0.98691251472341346,-10.547402029569446,-13.429348122313053,-0.75739052104409788,,0.1715930964503463,0.3783783783783784,0,2
-0.14445847410658319,0.98830386236680856,0.04885923545908686,-0.98924250234216649,-0.14539303730428499,0.016128740286956236,0.023043888964471852,-0.046003699136957114,0.99867544219686799,-20.104058993475022,4.1703974359542038,-0.57361422430217213,,0.07321908016784467,0.2121212121212121,0,2
-0.91276635784116489,0.40728966304556508,0.031188240886659419,-0.40842637905153284,-0.91123832704269048,-0.05322221550529499,0.006743062229273929,-0.061317548097330962,0.99809553120285188,-5.2259028602087882,17.728039319990497,-0.5463808292424418,0.3019116890101108,0.2177493016931174,0.8548387096774194,1,5
0.32832275927159088,-0.9437007149025417,-0.040411959080458713,0.94444929745338368,0.32731039335251644,0.029722566228898111,-0.014821952776178544,-0.047925641319158538,0.9987409286797293,-0.072221696676679367,6.5529741572384381,-0.96535403726313185,0.6811416391044621,0.2919173849273192,0.25,1,4
0.072235148941342309,0.99704210815109751,0.026251053903371638,-0.99721446909083289,0.071707164823361619,0.020527667887117296,0.018584560616560986,-0.027660749928569903,0.99944459427227816,-9.9230532263353588,-14.592607161703381,-0.74845160559827817,,0.09173256714182217,0.4615384615384616,0,1
-0.9996604345341723,0.024287764252404441,0.0094403461043611366,-0.024339144518962234,-0.9996893558107387,-0.0053663696104404796,0.0093070763957095529,-0.0055943173247869731,0.99994103923313127,-22.685085997334873,-1.2867949681295796,-0.52779215098763477,0.3994868903673095,0.5240972220724189,0.5855855855855856,1,2
0.43446636055765586,-0.90064086261924825,-0.0092205273298138716,0.9004206506156951,0.43406517034462416,0.028811106165840074,-0.021946149744134041,-0.020819809656843585,0.99954234629517302,-9.0591095793853267,-6.5722069080061782,-0.85370054583702404,,0.08772862859773985,0.4285714285714285,0,4
-0.40318371084803079,-0.9137737408145179,-0.049602882019626121,0.91476131960423013,-0.40394907740888808,0.0060721508903180121,-0.025585610462485996,-0.042926605483658557,0.9987505609905365,12.65501968811739,-4.6719457036611551,-1.3134789185724025,0.1077335540479025,0.1449958647478184,0.28,1,5
-0.91666767398311899,0.39917362063155443,0.019513996676073727,-0.39921184925566489,-0.91685638853330642,0.0020645143580779127,0.018715632189435696,-0.0058977451249002614,0.99980745231979107,-20.484358775785825,-0.076440212900932461,-0.55379758335341955,,0.08357288262604731,0.53125,0,1
-0.8427527775060778,-0.53678985076966679,-0.040303996284125822,0.5383006183764476,-0.84044921275982865,-0.062270097373608002,-0.00044750567147696258,-0.074173963639969032,0.99724521701365454,-18.790575623713707,31.220552467210329,-0.35276065080987046,,0.2731783307058763,0.5555555555555556,0,1
-0.37246781217152641,-0.88586714128023269,-0.27659923516912482,0.92794466828063105,-0.35988625525582013,-0.096956567015814107,-0.013653626100995726,-0.29278198591773202,0.95608173668173535,-8.3522159186094793,-22.054503766422553,-0.76176425702961581,,0.415526733089069,0.4166666666666667,0,1
0.24465895803735388,0.96886892000768199,0.037881527097308035,-0.96946732217078868,0.24376807570264736,0.026650262873532275,0.016586304443011568,-0.043245128180827389,0.99892680081853213,-16.701396288274879,-0.045661738746756518,-0.64289975826543022,0.5376860986607629,0.5552484177486837,0.9175738724727839,1,5
0.04189229661740293,-0.97833366314767922,-0.20275176703586059,0.99912190978895343,0.040885176228407719,0.0091548754468811881,-0.00066698110572577598,-0.20295725145166993,0.97918737186474625,-5.1196747136620306,-10.118935213024344,-0.95451782042707989,,0.5294143231619499,0.5,0,7
-0.45590390331829667,-0.86929204301096274,-0.19100516981738663,0.88723642281349802,-0.46087155029545901,-0.020222367847740123,-0.070449705267305138,-0.17868620004378588,0.98138070132933786,-6.0601650974612147,-25.875282261686465,-0.76795343012634976,,0.4038193345378938,0.1333333333333333,0,2
0.99957566562167521,-0.02186614455891232,-0.019244750430024753,0.024118942157514343,0.99174930426256891,0.12590311403580498,0.016332952157759685,-0.12631385203863901,0.99185585921391461,-23.926688829284494,7.0975554427245315,-0.44120707290453204,,0.4927823820371198,0.5,0,2
-0.99842572858079204,-0.055991148944824466,-0.0033250184592384206,0.056082640999405686,-0.99748926619726541,-0.043242354234871723,-0.00089548112630852511,-0.043360754849066312,0.9990590788599405,-1.365919609533947,21.871698836023704,-0.63575656272962655,0.2662528827021909,0.3499403507798775,0.7755102040816326,1,5
0.99957189531495672,0.026744660159148465,0.011863778885219991,-0.027329330002498382,0.99826189358313944,0.05221397841019132,-0.010446713266873697,-0.052515854489639989,0.99856544663289004,-14.414176683976676,2.2142001842658123,-0.7186884898754079,,0.08379452026296005,0.4297520661157025,0,5
-0.74714318963176607,-0.66184643776609153,-0.061125665666778302,0.66458045511410269,-0.74243413633304289,-0.084405994382754868,0.010482025911234188,-0.10368628657515239,0.99455481553761138,-16.55007680052497,30.629279756350144,-0.35229692977948118,,0.4582465833923882,0.125,0,5
0.57193749793628723,-0.81866644052591364,-0.051698719626410504,0.81907286219549658,0.56650640247181372,0.090499405375507103,-0.044801170400521374,-0.094105021731435867,0.99455371901957568,-11.860946904962427,-16.510471423470975,-0.67918163005764742,,0.1525883932326679,0.6428571428571429,0,2
-0.45828268948719875,-0.87923786524284131,-0.13006826223023604,0.88872426107078439,-0.45529758364460815,-0.053603153933062316,-0.0120898428678906,-0.14016021778876758,0.99005502324307071,-24.40201025372383,3.0179520185798361,-0.51143606617468107,0.2180750140833707,0.2105260044858571,0.6363636363636364,1,5
-0.1435314341847673,-0.98429345220384179,-0.10278680532785471,0.98951395767123018,-0.14443119028658719,0.0013262149967911408,-0.01615100537681383,-0.10151862499582105,0.99470252528294867,-19.078533120143465,-2.1003161318377548,-0.62545456249985931,0.2742414054822188,0.2434836216364391,0.7933333333333333,1,4
-0.25420640763308883,-0.9671316402928527,-0.0059575718826689874,0.96700838564691594,-0.2542697721130911,0.015545580661502236,-0.0165494533694171,-0.0018092357541043,0.99986141152619779,-7.1902777363419359,2.8566984126977881,-0.91167238173528287,0.4216275488675091,0.3879033131103437,0.9396863691194209,1,5
-0.69517073757116421,-0.71688391319052958,-0.053057521930423006,0.71884315216179151,-0.69342430157787771,-0.049267236286726329,-0.0014724859467456723,-0.072389177297895013,0.99737537506962282,-5.1131079397820312,5.900946122335621,-0.85458338319046034,,0.07697921154494355,0.2207792207792208,0,5
-0.8385144423111035,-0.54469427361934764,-0.014201349301764718,0.54487442653006923,-0.83833303104602908,-0.017595123492209729,-0.002321497195259925,-0.022491717219217489,0.99974433397109252,-21.147915041847057,8.491018869012338,-0.49689170159774965,0.5395798646994288,0.5097572693505792,0.9183673469387755,1,5
0.88528016679516808,-0.46323327139681042,-0.041157776302042953,0.46446279451092881,0.87620126734240111,0.12862990174399536,-0.023523154427476194,-0.1329897566678728,0.99083822384242004,8.41974019823685,8.3810191956142734,-0.95083617958418398,,0.1323198561192479,0.1904761904761905,0,4
-0.0256987519928728,-0.99792215515989569,-0.059084231289223223,0.99930764175874909,-0.024053897173585331,-0.028383924205978024,0.026903740791513402,-0.059772755263516046,0.99784939066956968,-16.390015917903646,-2.0605804116392852,-0.69025571043621903,,0.2523599500535472,0.382716049382716,0,3
-0.93955082805907075,-0.34239725074573535,-0.0028920883936592017,0.34237268298884871,-0.93929259315959235,-0.022591378411815584,0.0050187086518353055,-0.022215920356595174,0.99974059907866974,3.894745530730817,12.417226505279997,-0.75835612681909748,0.3311594529623512,0.2393973064682365,0.3478260869565217,1,5
0.0015008143995989905,0.97768099005541254,0.21008957432582773,-0.99973917851106753,0.0062546065773414058,-0.021964854804421584,-0.022788648625019465,-0.21000181327986725,0.97743537684749981,12.128257809652228,9.0416741809302454,-0.94912231497511257,,0.5699744606757431,0.5161290322580645,0,4
-0.7250343308235756,-0.68815504749717038,-0.0277101016125527,0.68870932635836768,-0.72431724372381057,-0.032310899575007206,0.0021640042084045026,-0.042510716866576176,0.99909366729915605,-6.6817551060954807,18.491760424596894,-0.51766123783418372,0.6294885902664926,0.3525130674148237,0.7734375,1,5
0.41089350965099519,-0.90824247502984279,-0.079133622932056502,0.91140138822384298,0.40705753671104661,0.06042906047910248,-0.022672301831524397,-0.096952402540629076,0.99503075247514861,13.943823671278039,-5.1003537963032999,-1.2991499370808397,,0.1158433691397964,0.1904761904761905,0,1
-0.21042245820907779,-0.95418368480833715,-0.21273430547712305,0.97747042396295669,-0.2090348316041945,-0.02925763923977729,-0.016551717703241965,-0.2140979561364168,0.97667195404561635,-10.797805155215231,-8.031298141492023,-0.75855149581975512,,0.2907502542043683,0.1111111111111111,0,1
0.1551282318851048,-0.97601612865998988,-0.1527342406527335,0.9873598694692618,0.14809510118866284,0.056465291689337858,-0.032491842573844444,-0.15956302077701348,0.98665288859186473,-9.4208598580436576,13.338233187356575,-0.47762010489527484,0.8062818305521622,0.4725596980031261,0.1666666666666667,1,5
0.95354149844470582,-0.30117496130332566,-0.0072286532470450249,0.30109691389548671,0.95195202978572979,0.055928359795749935,-0.0099628904661017391,-0.055506537189499869,0.99840861632038769,-25.067208426224244,5.946543577848856,-0.42756843383075394,,0.07110508426154326,0.3043478260869565,0,2
0.70113762314892658,0.71269291662819623,0.021790823597785957,-0.71258632394081245,0.69930497164913052,0.05650918119499912,0.02503526188387422,-0.055148555872342686,0.99816425123704056,-18.696602692271295,1.5508576903221969,-0.59585855838709256,,0.1888037286457872,0.4761904761904762,0,5
0.42026275166316512,-0.89341764212936214,-0.15869510482846688,0.90739126016754423,0.41464941200587657,0.068607332660140061,0.0045078305273276295,-0.17283165756074351,0.98494106301278006,7.200488025239693,16.075943253646191,-0.80293206163366238,,0.3175825723307538,0.3125,0,6
-0.40451744156979769,0.89390604223516845,0.19312593591044247,-0.9140035331876053,-0.40233348881821562,-0.052204454751859426,0.031035154041851816,-0.19763540024707565,0.9797841944952872,-4.2983080487166108,-16.506916481657591,-0.93079702693421429,0.3279708501289738,0.2051929772727969,0.6363636363636364,1,4
0.57436109211348574,-0.81803751078474618,-0.030396822454012075,0.81844625214870548,0.57313128213811093,0.040819918893389887,-0.015970855015991419,-0.048323538610307123,0.99870404395207935,-11.145397203695712,11.894053853428423,-0.52735122471656926,0.5915256300633053,0.4334042694482673,0.8877005347593583,1,5
-0.55773830494638976,0.8295443904288714,0.028001562519280952,-0.82976548998931254,-0.55808222414472153,0.0057846967490066716,0.020425837028758383,-0.020008383284857649,0.99959114130728566,1.5703718732014462,5.8137123589915651,-1.0098887715639739,,0.07220610776691212,0.2153846153846154,0,5
-0.75296657278691093,-0.65275641742477863,-0.083369057667107491,0.65802221037226005,-0.74552264971810789,-0.10584304140611284,0.0069362037411129888,-0.13455496374366638,0.99088185512179094,-2.1488101240127486,-12.375852504931704,-1.0008929498712991,,0.3293854304632348,0.3157894736842105,0,3
0.4324248386121024,0.89637768860895983,0.09754895343035247,-0.90166983269120382,0.42982412694682653,0.047357498973407297,0.00052131172530612494,-0.10843550736939633,0.99410334924273747,13.22641546479861,-16.146260578990731,-1.3469038472731165,,0.2221443940122329,0.3684210526315789,0,5
0.37609146587829445,-0.9263807571993411,-0.019336545303936994,0.92629698220376389,0.37537561711822787,0.03266568280795365,-0.023002392347665681,-0.030196668092441883,0.99927926586235094,0.03561370729382074,8.788066839148259,-0.73795581373936292,0.2427938166398823,0.2314734367814227,0.8493150684931506,1,5
-0.43266841820692264,-0.89903236089439098,-0.067371017143707274,0.90150500602903483,-0.43220771339974079,-0.022027632245838251,-0.0093147190462070685,-0.070265970016970658,0.99748480162189179,-28.403459995314105,1.7856055801041764,-0.4676324065309202,0.4438862449803556,0.2417114988070079,0.8947368421052632,1,5
-0.48130621411957131,-0.86731419712882751,-0.12692679665328119,0.87571423415773919,-0.48210942295027415,-0.026364453267207974,-0.038326340073251211,-0.12384097771469543,0.99156164906437272,-8.8389985986259578,-11.672116096128033,-0.83876592015828755,,0.5831125132695122,0.6309523809523809,0,3
0.56063332682547817,-0.82494239628700661,-0.071835337131868529,0.82793058797357255,0.55687147910688084,0.066521404487958596,-0.014873276381908706,-0.096768789212055159,0.99519575314814401,5.0391822724132851,11.749950886489412,-0.76914745095934756,,0.09431901932323863,0.4,0,5
0.98935082976055322,-0.14544242130848212,-0.0056069364210186955,0.14483713718299884,0.97996225440479123,0.1367339885855422,-0.014392336319601818,-0.13608997768316375,0.99059193345668728,-5.8470164370224333,-8.5985457039934232,-0.94927159551335216,,0.07619152498945522,0.4117647058823529,0,4
0.95517718594879764,0.29372578628653756,0.036901299615220991,-0.29583984116537215,0.95162549435626043,0.082992209697364816,-0.010739265439707445,-0.090189139931364196,0.99586675173752903,-9.606995984973306,9.1077313781194338,-0.62931950988925756,,0.09917412097329677,0.225,0,5
-0.64542244069069055,0.7336646035412997,0.21252322829154185,-0.76295379973157362,-0.63252018633665463,-0.13349049910685407,0.036487977856073169,-0.2483031682988168,0.96799491945192739,1.7886592745394589,-29.290169808445132,-0.81369586148385364,,0.4666655445653523,0.4285714285714285,0,5
0.81213799555628174,-0.58197329558608724,-0.0417008321079302,0.58191500208806279,0.80270178940883208,0.13055561123409712,-0.042506546774290645,-0.13029551221944491,0.99056361379610436,-25.447060885820814,3.8822704990969079,-0.45933705882909043,,0.3691005086449793,0.4166666666666667,0,5
-0.79976335711582103,0.59129771967341394,0.10366088618111161,-0.59981505768983689,-0.79414168270618013,-0.097779774785666823,0.024504472721736989,-0.14037804136551679,0.98979469402447906,12.686234001187294,-12.047862934489043,-1.3876531377128298,,0.2691984884692437,0.3333333333333333,0,4
0.011406827853490457,0.96003926961563246,0.2796327682411428,-0.99974751883556179,0.0055354607307894375,0.021777448349997706,0.019359309400383176,-0.27981057783861873,0.95986001983057911,11.662689136951654,-6.459296427086807,-1.3270743641388452,,0.3507752222971832,0.6923076923076923,0,1
-0.72306398219968382,-0.69074215062019406,-0.0073320530634371581,0.69063737057609031,-0.72308933465641412,0.012721496369891281,-0.014089003132951989,0.004134665976095798,0.99989219645319094,3.2725309309000994,-8.8693839329318287,-1.1495378358442108,0.2252450951477927,0.1457673558018801,0.3421052631578947,1,5
-0.84810161295180764,-0.52982981654742345,-0.0020048954749531233,0.52983303657739489,-0.84808905709909788,-0.0046802328937370864,0.00077939702255269846,-0.0050315729236832252,0.99998703782308818,-10.164612971496657,14.765285040244745,-0.47045051385431791,,0.09210578922162319,0.3636363636363636,0,5
0.25266629268035279,-0.96749022004347174,-0.011064296787415035,0.96730391244346603,0.25232488889091309,0.025598660467902847,-0.021974656191368864,-0.017170456208910358,0.99961106932588939,-0.59664823910740072,4.2532778415516717,-0.98703056023957525,,0.07677864862766554,0.4031007751937984,0,5
0.90797251935899892,0.40989419931453486,0.087020971364198341,-0.41902129866851556,0.88947583894427662,0.18235647286709053,-0.0026561910742374686,-0.20203830652297528,0.97937401810866176,17.315850336296901,-5.0283063254890266,-1.2483740463589685,,0.6671293576593788,0.45,0,1
-0.54247706169495846,-0.83294165262516184,-0.10921007671852996,0.8399101898925454,-0.54031130508023739,-0.051132832086218133,-0.016416773418402374,-0.11946504478111342,0.99270267080630625,8.7456965456327804,9.7750889324300072,-0.84962771496880685,,0.1984626120436377,0.3571428571428572,0,5
