axis_00,axis_01,axis_02,axis_10,axis_11,axis_12,axis_20,axis_21,axis_22,location_x,location_y,location_z,dbh,dbh_approximation,score,reconstructed,number_clusters
0.90993013274530998,-0.40645935096005836,-0.082570875853605993,0.39700755561603568,0.79592320992488563,0.45704621723262079,-0.12005063225940951,-0.44866138670493544,0.88560194544395709,16.878649192184529,1.8252803863338183,-1.5445748282077316,,0.2813119088397184,0.2045454545454546,0,5
-0.72343045205614076,0.68591271477419302,0.078562896770318497,-0.66951119047730379,-0.72476619464025405,0.16269212928826082,0.16853233180464386,0.06509770209294119,0.98354417405559746,-3.2410469818440459,14.240581930357401,-3.4906170971899915,0.1099954026080402,0.143845251249226,0.2,1,5
-0.38883274421950437,0.9159709391369667,0.099026944208490009,-0.90118755152733054,-0.40047827692224786,0.16576533620018846,0.19149437066113345,-0.024786858815294618,0.98118067532700937,-5.7235608125727522,-23.534182370998966,3.8647714010518595,,0.8268566388313954,0.9325842696629213,0,5
-0.046962902945909331,0.98268209363556935,0.17924951490842722,-0.98161125871235033,-0.078639846089315596,0.17393996486202937,0.18502384310149964,-0.16778461626460911,0.96830496230727303,-19.764151908671206,-5.6992488387103037,0.74648130291326276,0.4224022377802101,0.3335550623387347,0.5660377358490566,1,5
0.26964421210329109,0.93744745000743279,0.22019145613251415,-0.94802100706655268,0.21830682732310497,0.23151306508410979,0.16896203431455975,-0.27117228401641957,0.94758504807832622,-18.392491077052306,-11.406400474204931,1.8354131978828858,,0.1983309334580782,0.3181818181818182,0,2
0.70517036791242838,-0.70903105475309047,-0.0031169879641526248,0.69009384781793659,0.68531361354166809,0.23262788375062521,-0.16280427949560597,-0.16619330458890244,0.97256082179354497,10.039764257836923,1.4479368030342188,-1.5214745293214968,,0.1042087843733436,0.4444444444444444,0,5
0.61476129132327417,0.77408992321705195,0.15117322998586094,-0.77909790031033466,0.56616977104770583,0.26918070525915455,0.12278035845593388,-0.28326062402954322,0.95115109338728399,3.9029702309921959,0.42324222234429842,-1.3600536965951338,,0.1243599966610696,0.2641509433962264,0,5
0.97899750537226238,0.19656174142742561,0.054105140993291091,-0.20277209734654897,0.91126617873452398,0.35843748134404069,0.021150910442995989,-0.36188041298417323,0.93198455227854282,9.6257164411032132,-17.45012678259997,2.2004797832326686,,0.3104559477321428,0.32,0,4
0.63361077397444121,-0.77358580326606485,-0.010118897603343209,0.75090074731776379,0.61177662288630386,0.24875174646111251,-0.18624031459685059,-0.16521007437510182,0.9685144173133613,8.817807298919659,-3.1255510130125561,-0.66785213873958293,,0.1063950971175226,0.2,0,5
0.56874937580659535,-0.82237866234176782,0.014747313130701023,0.80259340849398575,0.55880945867205145,0.20874819649677795,-0.17991100066871088,-0.10688931014659742,0.97785822449615367,-6.0875978187827675,-3.5312875309334952,-0.34930993006512329,,0.09235105195551074,0.6340694006309149,0,5
0.80915951843999989,0.54996975092473455,0.20686746188256563,-0.58294110010801892,0.70716950381240684,0.40011369219581744,0.073760067264083726,-0.444347348304794,0.89281290679049774,-2.3229091014466947,-3.0478142919529456,-0.67299759172258566,,0.2007154196354595,0.2547770700636943,0,3
0.91121848599169608,-0.41144459279383272,0.019854919987703459,0.39568675378941931,0.88768331480027096,0.23547892793367842,-0.11451141280497934,-0.20671642335799115,0.97167662143919431,-11.130349928305728,2.3258842022417863,-1.4330509325876388,,0.08941656424171943,0.4642857142857143,0,5
-0.55975434478691066,-0.82319427858767902,-0.095006595522040382,0.81703639826682095,-0.56739894824244308,0.10251808348068255,-0.13829894214837277,-0.020238903969381303,0.99018371495736146,-5.4847623389453402,-6.0906354179892563,0.13564504904837055,0.310627608523716,0.168576443631807,0.2181818181818182,1,3
-0.61600621946705181,0.78506364612585022,0.06489537047815086,-0.76912374933391447,-0.61720771339776037,0.16584117924342651,0.17024980407757515,0.052246627201132059,0.98401488513012514,-7.1008152426797304,-0.63494025794783027,-1.0006287254538653,,0.07486188880497954,0.1828571428571429,0,5
-0.79112641258514127,-0.61091261697700738,0.030079456917786903,0.61156864985055892,-0.78924551550622013,0.055455412479625557,-0.010138334682241613,0.06226789438888445,0.99800797767264637,-9.3367834269904453,8.7755357359163941,-2.6498380641702068,,0.2918262605100808,0.2357142857142857,0,3
0.79882064337026959,0.59402375736233692,0.094980816034830357,-0.59583392217046061,0.75953033938513748,0.26095133788594826,0.082870482781727706,-0.26504610776736948,0.96066801957850867,1.7499573003857072,1.6028881428333266,-1.5431347105878168,,0.06264747055851468,0.1724137931034483,0,4
0.63078406710251156,0.76314308569652334,0.1404424844667824,-0.76713839473827905,0.58610336772917659,0.26073267086211849,0.11666252186537941,-0.27220483663981082,0.95514102775553689,20.7853925165129,-18.4551903249384,2.3531919757073267,,0.2205212671165174,0.4705882352941176,0,5
-0.99615108914645645,-0.085465155361217154,0.01946059637861532,0.08330522575473058,-0.99216830112752119,-0.093071486501947617,0.027262555901487528,-0.091092093272752486,0.99546922784629888,0.48820419110922947,-2.4136476602728427,-0.8919807635271737,,0.14886022904473,0.1742424242424243,0,2
0.40516114894403776,-0.9139905065083832,-0.021582339977283538,0.89405078742554789,0.3911669598888915,0.21831536591600484,-0.19109587355592991,-0.10774861253784286,0.97563958694082564,8.2901722301834226,-16.246738933630123,1.9518385598196297,,0.09025347886534923,0.2857142857142857,0,5
0.54458009507818039,0.83486094060869087,0.080247927640612365,-0.82763966252519083,0.51943370782216991,0.21260576707441908,0.13581277207917325,-0.18219723659837889,0.9738372851334488,-7.8887863856992118,-6.7563716145874331,0.40070796634482631,0.1484434426530782,0.1521203336892992,0.5645161290322581,1,5
-0.3030637359263762,-0.94562650862812525,-0.11807996504966264,0.9374739471568001,-0.31809239898280545,0.14127924161607325,-0.1711577353454897,-0.067880276142231952,0.98290248638522515,9.9553402689163004,-2.2652341651878527,-0.86584699239780782,,0.08083248803459372,0.3421052631578947,0,5
0.51956336118808577,0.85191580559230506,0.065523842171787777,-0.84247307779931291,0.49799732805551744,0.20551830680725031,0.14245359558218335,-0.16198185525416164,0.97645729639044043,-3.2574242884783935,11.843325324209264,-3.0669466774136858,,0.07326111445942116,0.2307692307692308,0,1
0.76589253648702371,-0.64285448472757112,0.012113381820234035,0.62487101905552478,0.74864133593653204,0.22152281975380247,-0.15147551649683857,-0.16209337306877916,0.97507994867559589,-14.320560507017705,10.769391659830282,-2.9149779886749063,,0.08871499994100367,0.40625,0,3
0.2395319635611563,-0.96994849946594097,-0.042712373105527335,0.95061003546154588,0.22535749805865149,0.21343513897327937,-0.19739553924122771,-0.091727348443710055,0.97602310148640969,-8.3824993477196408,7.0678638268306511,-2.3899852164846109,,0.09213619165216178,0.2047244094488189,0,5
0.68729377526333491,0.72055915267833059,0.091770223797035894,-0.71771382419255059,0.65419585907829569,0.23856790338961112,0.11186658592795469,-0.22983099324568129,0.96678000677327147,-4.6188030962848838,2.6885965982163049,-1.6719875919477141,0.2112567303611112,0.1604029660922277,0.7027624309392265,1,5
-0.41014393235267932,0.88235576397023441,0.23071684061373729,-0.89410899554119105,-0.43890026224072393,0.089082343353475174,0.17986400097463498,-0.16974942000939985,0.96893450529943925,-20.558729235457221,-2.6229432992838566,0.12932747696452029,,0.2339810155853264,0.4545454545454545,0,3
-0.11733134171320969,0.96570133311101136,0.23163396011680326,-0.97731261072948583,-0.15369705532734468,0.14573014819459765,0.17633325596975249,-0.20928007647962568,0.96182557276659464,2.7535112834645195,14.006415875173927,-3.5080196475844789,,0.5669208267469033,0.1428571428571428,0,2
-0.72294488278837243,-0.69000757511717037,-0.035217080103681658,0.68317527957374036,-0.72153038598476715,0.11254083472240123,-0.10306422186893222,0.057301382021688392,0.99302281836267814,0.2393764215399028,2.6894636266565008,-1.7207639279558407,,0.08965608709610344,0.4036363636363636,0,5
-0.63716425807763521,0.76420034721771357,0.10009764003563176,-0.75153997286724061,-0.64483862969276518,0.1391790603455309,0.17090751127754628,0.01345254504854913,0.98519523528112585,-14.054736499633732,12.596136967832235,-3.1387456480635048,0.2181329913178119,0.1355377508678273,0.391304347826087,1,5
0.82859487812424215,-0.55922398361185732,0.026439820338973748,0.54173219268045936,0.81280412729991269,0.21418609212049478,-0.14126839476646538,-0.16315019705017941,0.97643497164050486,-12.611198868021036,9.6773258830269686,-2.6797013796337024,0.3335472947122402,0.3116800678790755,0.9333333333333333,1,5
0.29179160516809349,-0.95647187996168392,0.0043820082142624036,0.93583714056884515,0.28643727804679531,0.20533517009287741,-0.19765248666625862,-0.055814232841679669,0.97868190231910368,1.2719013087761741,6.3370290231338569,-2.2348382890147742,,0.08778163700168516,0.2758620689655172,0,5
0.56354951685445887,-0.82603384192467777,-0.008946175063248284,0.80528552190460645,0.54691513730850916,0.22890841136498355,-0.18419329592558956,-0.1362054498835161,0.97340685489578171,-0.42371738509879642,-16.308360315128919,2.2448601288013736,0.2500664919706566,0.2034086359962408,0.625,1,5
-0.71697175402063262,0.69391165439912661,0.066619215138326388,-0.67870216959543239,-0.71666430346852783,0.16048564147744004,0.15910647039964401,0.069849066014079531,0.98478740805004739,-11.943356683588593,11.290421502483319,-2.9534210796426033,,0.07044662443449951,0.2857142857142857,0,3
0.38186298119510681,0.91804470250112702,0.10665171260886348,-0.91087127465285977,0.3542927535383103,0.2116368725022133,0.15650618072479253,-0.17796226847244973,0.97151183543746888,-13.280812770284163,3.1410728394602305,-1.4451069755430455,,0.09498521444336572,0.2333333333333333,0,5
0.71340373071003571,-0.69940928309551098,-0.043379392905233564,0.67629163140917925,0.67096680497388017,0.30402824853795296,-0.18353404669138226,-0.24623200714563379,0.95167486693834624,11.494153309297113,-2.8468663763008117,-0.70781619267584595,0.5101233887844322,0.6382049319346551,0.2608695652173913,1,4
-0.0014756312219864579,0.97259603208330048,0.23249684059857118,-0.98164786526657843,-0.045745370504152533,0.18513462586725607,0.19069685663394606,-0.22795683682061071,0.95481432195829319,12.204481132323853,-7.775911656749023,0.16532389487428778,,0.2490521571335043,0.1052631578947368,0,5
-0.75428391203095102,-0.64983003945118101,-0.093684042814986296,0.64960475217809399,-0.75936752976849931,0.037075877345302051,-0.095233639009127305,-0.032891861609877018,0.99491139275862917,-27.234454482372747,-16.327843960496551,3.2539056940597226,,0.3154489202684355,0.2352941176470588,0,1
-0.96028655358373605,-0.27705665957496117,0.033005187341304414,0.27891817569752836,-0.95633774212959211,0.087308500411111253,0.0073747048641456207,0.09304692560014198,0.99563441250517681,0.098826545034587918,0.85122012325903462,-1.459238793319042,0.6787682841350225,0.487318165281116,0.9026651216685979,1,5
-0.090425119419025549,-0.99403707689787957,-0.060939211763641893,0.97826585483567297,-0.1001221977053724,0.18158045817013574,-0.18659907566942838,-0.043195315474775349,0.9814860924538612,-19.200262108216354,18.360498410793443,-3.9150380378660703,,0.107415172401938,0.3333333333333333,0,1
-0.3355692146920406,0.93823771283036339,0.084281055841842242,-0.92575195078762818,-0.34500645430055571,0.15477038509954016,0.17428892037036825,-0.02608717527458906,0.98434893788855438,13.117081776219225,-6.6891178612722602,-0.00056562274141289657,,0.2603977627018235,0.532258064516129,0,4
0.98964433063185298,-0.13899674217915475,0.035833008690485391,0.12574954869409596,0.95990934824829643,0.25052164407244659,-0.069218132389295181,-0.24342134008568767,0.96744762201342227,1.1968237096286176,16.748716190340261,-3.9601754148317312,,0.1005687779256167,0.45,0,3
0.83387370712897324,0.52550631416773841,0.16881277892630542,-0.54723529638183377,0.74721437188519613,0.3770997385866221,0.072028959126659672,-0.40683386808137101,0.91065802188806322,-8.0462811694372753,19.102497865462048,-4.28258886531665,,0.3707724468836733,0.25,0,1
-0.99881275244535794,0.033741515881594762,0.035136813437483622,-0.028400148151303557,-0.98935123575877426,0.14275000486014275,0.039579251351086156,0.14158263455875816,0.98913489497332419,-2.6068410560331396,3.5371271205392016,-1.7492784133688386,,0.09243204215101712,0.3,0,5
0.95069070379039167,-0.30959099836861836,0.018455336779703679,0.29500310471580449,0.92105021465196379,0.25424332891466017,-0.09570973792967101,-0.23626238765130192,0.9669641825045745,10.774163374521496,5.1237708299639149,-2.0946310225449585,,0.08269316263941041,0.3684210526315789,0,5
0.61694960512753561,0.78373902622125258,0.071598348519646346,-0.77656343298841923,0.59147283341149204,0.21704635883014206,0.12775922384790545,-0.18950732469734338,0.97353199978626104,0.55093906130416082,-13.271566375065511,1.5268854954789002,0.5387683008994509,0.3447540777010997,0.7323943661971831,1,5
0.94151953255053622,0.30928391257151244,0.13373268579623995,-0.33695831311598695,0.86449239936026456,0.37297719323084683,-0.00025504479450650248,-0.39622765283708949,0.91815226519317739,17.943450387806013,-0.53692584913441999,-1.1519514957783461,,0.2318270212395796,0.2222222222222222,0,4
0.92831539750873993,-0.37006062641975801,-0.035856038849934151,0.36232703595457327,0.87883748047102539,0.3104251953945027,-0.083364511421618021,-0.30116410093694446,0.9499213349232023,-0.085033423905237951,16.841796181826979,-3.98297841738842,,0.1721306293045081,0.3125,0,4
-0.018591104313380021,-0.97382357385123863,-0.22654363343958786,0.98124413024383528,-0.061253124902000931,0.18277858614115433,-0.19187060145428356,-0.21889655479550435,0.95669742896917553,-0.29720212944245988,6.5024655293931906,-2.2501074583819216,,0.08951040209628255,0.3428571428571429,1,5
0.90767209469124466,0.40948864565514159,0.091926152961633423,-0.41740669764657423,0.85806500881235559,0.29915897013399673,0.043623586264647372,-0.30990884100226967,0.94976496723665316,5.0084362539829455,1.7022401980470037,-1.5875153952420118,,0.07541262661253859,0.2105263157894737,0,5
0.88564473685733103,-0.4643520636174468,-0.0032497832432294435,0.44745726196497887,0.85150881049758143,0.27333997943915761,-0.12415876445790604,-0.24353625327497611,0.96191199937887961,-16.607719175848718,-3.3676892623902512,0.1279648894791347,0.1644376583177161,0.1042671972966991,0.3,1,5
-0.98786325467488467,0.14842658558107827,0.0457792393546127,-0.13966190696012293,-0.97776905978618345,0.15640401999023262,0.067976038479791237,0.1481121683643378,0.98663166570661431,4.9412631332111046,8.0389627412269871,-2.5575663050716111,,0.06686666413476426,0.2941176470588235,0,1
0.99556838294936645,-0.094039004209578378,0.00051044965699418264,0.090792433197779243,0.96258362022561283,0.2553223612364931,-0.024501611081890431,-0.25414452534064624,0.96685584824924542,12.063012743653999,-5.820082255095242,-0.17401727902159381,0.1845478297304569,0.1310627211978464,0.1764705882352941,1,5
-0.87007055484511342,-0.49187465655448076,0.032195525014010233,0.4895756927037182,-0.85470597103923573,0.17260748588503344,-0.057383540368215628,0.16594283747510516,0.98446437415760268,-5.1158597254537472,8.7583307603066967,-2.5461699014638128,,0.08214159675315871,0.3181818181818182,0,5
0.87707675633797222,-0.47346066426395378,-0.081063943195462645,0.4634235881229094,0.78962875208230032,0.40215048409300441,-0.12639201502844075,-0.39028378557107057,0.9119778644558022,-6.9127075442748414,15.032221829451471,-3.6429281522203847,,0.3329876325515326,0.55,0,1
-0.98861389869719274,0.13350681900683711,0.069415333906936522,-0.13295059784024002,-0.99104266102438665,0.012592956905554471,0.07047480284937746,0.0032207620803189081,0.99750836029326739,-3.596421513385196,1.0305244708598524,-1.3350324434506244,,0.090446111815942,0.2358490566037736,0,5
-0.98594398133344152,0.15217834991031179,0.068965320929705642,-0.15160342328751544,-0.98834885206754108,0.013525851702598572,0.070220137566577148,0.0028803533375202279,0.99752736095045647,-8.4328510789710087,4.3763358872510238,-1.8813080516666274,,0.2794674906712802,0.293103448275862,1,1
0.60850072213826334,0.78527859833020197,0.11429958075935784,-0.7830646298385624,0.57085588009277177,0.24684681415667983,0.1285949324546154,-0.23971042356989888,0.96229011019491018,-2.9467271772573547,5.1821820755550938,-2.0192886435435167,0.2096414157534577,0.1527707453818513,0.2828685258964144,1,5
0.84463397861587497,-0.53487845654138411,-0.022326640934637969,0.51884197845569802,0.80761037614795927,0.28030069876889152,-0.13189557824163273,-0.24833549296477628,0.95965256180257619,13.299488170945226,1.0093327340734055,-1.373754638844757,,0.07685460527562278,0.2,0,3
0.85785592033609892,0.51028561844718268,0.060760246463303295,-0.50707646413781937,0.82135354987819664,0.26125046530096813,0.083406711131610467,-0.25492534928575034,0.96335683255465987,-5.6727092087283557,9.8205876147327942,-2.7524144159239845,,0.104105774118076,0.3263157894736842,1,5
-0.25283269538200492,0.96096891418799923,0.11231373072873957,-0.94771048059372642,-0.26934888403245238,0.17116081223013804,0.19473179791363915,-0.063165850226289136,0.97882051584880048,1.7923782990383059,5.1014984662971798,-2.0884453506241245,,0.1123148255447966,0.4426229508196721,1,5
-0.50840788065860021,-0.86067244289020184,-0.027647295231944344,0.85045799878695127,-0.5068920970210582,0.14064705569932176,-0.13506524047113019,0.047993208134132936,0.98967370016054745,-2.3759098852080016,-12.818012249563157,1.5186769549166088,0.4169333926976204,0.4288012202538048,0.1666666666666667,1,5
0.75162582046112203,0.65367820534366183,0.088110327855671161,-0.65260291742231069,0.71760725983942342,0.24320619399522456,0.095749977483199508,-0.24030111211653488,0.96596444930831848,-1.6780454278059502,2.4479708661661377,-1.6284079208790259,,0.06529386008506227,0.2307692307692308,0,5
0.27305280978707003,-0.95773928332683622,-0.090430239632467199,0.94191485537853969,0.24706029150378461,0.22750300564891709,-0.19554684422054047,-0.1472979210127025,0.96956936532706361,2.4867533118222465,-3.3255448965649919,-0.76147476917056589,,0.1946955813318909,0.2794117647058824,0,5
0.66288022593717755,-0.74122310758462195,-0.10572658532304691,0.72726277832250297,0.60385883136042828,0.32625659082178088,-0.17798499186198125,-0.29316005282202584,0.93935005514519276,-7.9100132026418484,-19.279559229460791,3.0513060215564396,0.6490933932118169,0.4759669349413625,0.34375,1,5
-0.99348437481966034,0.10482738366852559,0.044721545393672756,-0.096198928574596845,-0.98173512042917299,0.16413993864083001,0.061111072076066593,0.15876829957245106,0.98542278435227237,-12.061238217089556,3.9533167314363635,-1.6865749962987817,0.614834805479586,0.5985186452531506,0.9617021276595744,1,5
0.99400787332622631,0.10390509717347107,0.033942282581539071,-0.10930759001011593,0.94612940108550192,0.3047802604627976,-0.00044556891040360572,-0.30666412764286904,0.95181768962621449,-10.304214217779542,-0.55117565256996059,-0.81195108185631792,0.3282120838956067,0.3076257277043087,0.6219512195121951,1,5
0.90245854736603359,0.41900532341734187,0.10001554496135727,-0.43013221538042867,0.86378922267943992,0.26240132635864155,0.023555202778010747,-0.27982622773924964,0.95976165514741674,-6.9853631702939349,8.306882596401806,-2.5537890768694167,0.6022175130478771,0.1996284720711476,0.3037974683544304,1,5
-0.16119172658134048,0.98340403747489868,0.083268999992756498,-0.96706113388890802,-0.17422632314733569,0.1855746524826577,0.1970025142053404,-0.050613114907378701,0.97909566539544346,-9.778913733913539,-9.6400213089148235,1.1170713507729295,0.1640535599271275,0.1599263428520266,0.4677419354838709,1,5
0.89429403086819781,-0.44487985161693144,-0.048167457674329922,0.42508163438732155,0.81096621517231482,0.40204402987197202,-0.13979910750829203,-0.3800206776931862,0.91435249989568967,-9.1270561351250858,-12.993428412943082,1.7408033014079423,,0.1276063549653453,0.25,0,4
-0.96881738060438027,0.21025138312871891,0.13110011034063748,-0.21850317884809611,-0.97445286119847641,-0.0519421036865053,0.11682997848216713,-0.07896820369340668,0.99000746407958606,8.1135632585862876,3.6708295491245093,-1.8633204672490373,,0.2584409944948846,0.4166666666666667,0,2
-0.53879816817454484,-0.83406690602212485,-0.11844378519127283,0.82854004015098093,-0.55007804774669122,0.10457314786216163,-0.15237432801613104,-0.041791598029632733,0.9874388722831221,-7.6404751339221182,11.660847665375966,-3.0856044429440841,0.6234733984925495,0.3819754419549634,0.8210526315789474,1,4
0.92972862125167077,-0.36420252628183891,-0.054417007225624189,0.35236954116828118,0.83695664276559301,0.41873533954922265,-0.10695979283040107,-0.40848512577629331,0.90647642260414241,-6.7404933809000607,11.282260936266804,-2.9996041259784718,,0.09156753812015508,0.3333333333333333,0,1
-0.72703787428301592,-0.68486684929281449,-0.048716815349199305,0.68026301171223125,-0.72813075674860928,0.084070422699685329,-0.093049257139643349,0.027982133879178851,0.99526822310838881,13.168623366030303,5.8116754795263619,-2.2561972277736304,0.8811636008004698,0.5732658297239313,0.6888888888888889,1,5
0.61210971334335318,0.74825574866285838,0.25580272364402862,-0.78202157339190981,0.52479637202271234,0.33620087248762576,0.11731989422241988,-0.40583506810622511,0.906385094711324,-11.990887708258047,19.248363092320457,-4.2268884942572873,,0.1998214972338077,0.1428571428571428,0,2
0.008784737129680191,-0.99995971609313072,0.0018424398247917778,0.9825041501328371,0.0089741408768382186,0.18602435261888337,-0.18603339314573183,0.00017602973675209186,0.98254340649572214,-15.976925399288948,14.157097889624534,-3.3462762179765697,,0.07732843865857106,0.3684210526315789,0,2
0.71172920654165017,0.68934650749745152,0.13506638796036721,-0.69556204419993717,0.66472800331015469,0.27263551544819231,0.098157930010769168,-0.28798971199743034,0.95258960027896566,-11.134763783920196,1.3448722143594747,-1.2034236342737097,0.3766926269465726,0.2280994002017767,0.2696629213483146,1,5
-0.64479996439477294,-0.76426493272929363,0.011494281917027954,0.75481621790888986,-0.63431630542155715,0.16701886677278699,-0.12035565253954393,0.11636982975253794,0.98588669715396127,3.0609550270418739,-4.1850852622468446,-0.58730918675955412,,0.07489740445850819,0.3065693430656934,0,5
0.98895233229699375,-0.14641928232033533,0.023123109849978899,0.13010154162663012,0.93211464001324007,0.33798799792205952,-0.071041349302434623,-0.33124566659472809,0.9408663215630072,-1.9447090917433079,-14.322192056363834,1.8287882986917359,,0.1507699107865547,0.1666666666666667,0,4
0.93620778104391145,0.34560269668102384,0.063826066459077083,-0.35067928774317997,0.90663097378666357,0.23461524783905627,0.023216973548899275,-0.24203110010378842,0.96999067970871711,-9.3548041618713444,-7.6108235089727705,0.67586470138303645,,0.07506960480079686,0.3137254901960784,0,4
-0.96363430568344444,-0.26703272487056412,-0.01012169739650933,0.26590679938512846,-0.96195138024042715,0.062794236155030353,-0.026504696767591526,0.057819251999124278,0.99797516760063687,-14.3820976208155,-7.7240495027081515,0.8815947023573768,0.3920904237004221,0.3191938819877752,0.4566929133858268,1,4
-0.08281419480487405,0.9925653288101034,0.089195724016975744,-0.97770822301877136,-0.09824998815635122,0.18556284775987406,0.19294672782998351,-0.071840155006576659,0.97857577751972491,15.035540363428835,-17.42460172131041,2.1290541218497361,0.6901662110178868,0.5845206444602995,0.8910891089108911,1,5
-0.15889970409887175,0.98053405383198244,0.11534233096790586,-0.96712194999896517,-0.17808274367619809,0.18155349138740623,0.19855985965821615,-0.082701303983531232,0.97659330145764023,-19.94922925335781,-2.8180920547746324,0.171111764072197,,0.1614351925735084,0.5576923076923077,0,5
0.91191347590110905,0.40371799246819884,0.073658638511746352,-0.40831514566698873,0.87459130200478874,0.26147427459792932,0.041140664662866214,-0.26851785232087461,0.96239576510710101,1.3290579321245626,-7.1659680108973234,0.082226424689238617,,0.06849549726254883,0.169811320754717,0,5
0.23184340868649705,-0.93398068626081987,-0.27189834780739958,0.95288150357838397,0.16184624629777108,0.25655921869525494,-0.19561562817634059,-0.3185684702714458,0.92749590606217058,-11.119254749938431,11.8785357488128,-3.0767811411231532,,0.314533376785628,0.7,0,2
0.92564698467610562,0.37438719043863794,0.054880701485098979,-0.37678522847556789,0.89864297936537962,0.22466349779153813,0.034792978640059771,-0.22863732694548664,0.97288972723766365,2.2881347340728628,8.6653608869229384,-2.5727388889877365,,0.08416663474674521,0.373134328358209,0,4
-0.92785130725293985,-0.36936945301361096,-0.05155733516616616,0.37140364120700592,-0.92770861762507151,-0.03763052062298914,-0.033930619316305567,-0.054064109764293294,0.99796081341313547,-2.6728410058201937,2.2260699235807988,-1.5812801437676425,,0.08309427529628398,0.2432432432432433,0,5
-0.18526613729823704,-0.98267423338191984,0.0052734635532281082,0.9704750751850455,-0.18211749678785344,0.15814975753477145,-0.15444930176330215,0.03441755963142451,0.98740105568803516,-7.985610071701414,15.500323254548452,-3.6819883455037323,,0.3995058263689908,0.8100000000000001,0,4
-0.53667332523848643,-0.84339198637073842,-0.025917162327031392,0.83231869349239374,-0.53417494602732485,0.14799567392264959,-0.13866266419112294,0.057853991757914038,0.98864836074162132,10.623378035403805,-16.472892353385337,1.9254487004417618,,0.09283738950207472,0.1578947368421053,0,3
0.21062154952491888,0.9610039956280092,0.17919230804563849,-0.96146408917068693,0.17050759272922214,0.21567096711626868,0.17670701205923617,-0.2177119225230594,0.95988340473226752,2.0735301667432275,0.83097395911248195,-1.4120285058266253,0.4188663365147836,0.2579535881267584,0.1866666666666667,1,2
-0.79022096585301549,-0.59989908197239494,-0.12518752563656119,0.60664616528030879,-0.79468992567019481,-0.021174328537083349,-0.086782805192176307,-0.092676930716213274,0.9919071182504936,-22.315283672191999,2.2577132757326384,-0.77128916023324556,,0.4168562918399045,0.1538461538461539,0,4
0.74857558345795605,0.64459937802652545,0.15532622991110842,-0.65790070325680705,0.69295729877530499,0.29491837299197365,0.082469755091067326,-0.32295792902768433,0.94281329836472416,14.668679483483102,7.7027877552952679,-2.6313295410279776,,0.2688614556094091,0.5789473684210527,0,4
-0.90842532259144193,0.40051296214282645,0.1198031737067646,-0.39604848747852156,-0.91626351648158089,0.060056339638569815,0.13382461971031309,0.0071088339681383726,0.99097953341075784,-22.928022912356479,-7.6933872440927997,1.303710997538295,0.3419751221652305,0.3353728051293889,0.6774193548387096,1,5
-0.98905478970027605,-0.14558923640287072,0.023966585375728173,0.14718780566966397,-0.98488685663496911,0.091288715019105182,0.010313720623143731,0.093817129946077563,0.99553602310292566,4.5008022512578494,10.526101127411367,-2.9700835118536388,,0.3098752284725418,0.3142857142857143,0,4
0.98735698170182074,-0.15683426470911205,0.023004436481306977,0.14406028245484229,0.94837931931929731,0.2825301783995785,-0.066127344598898075,-0.27564411856707327,0.95898253070412076,2.7392610103758344,-8.8770359415088205,0.44844213426847213,0.1256922682184007,0.1227892721145457,0.3333333333333333,1,5
0.87880947703257006,-0.4766782829722721,0.021719061221618728,0.46224653031546992,0.86173264787403592,0.20915302722961912,-0.11841473003411143,-0.17376610178803784,0.97764170000074135,1.3103554294689554,14.613417809257053,-3.5391731315669417,,0.08507011384498406,0.2142857142857143,0,5
0.63260670264205987,-0.77237863881445701,-0.056920980977739073,0.75494011647826886,0.59858148898639918,0.26789106288677217,-0.17284148895482154,-0.21244161396946926,0.96176628156217281,-3.3372414908416621,-6.0769577327594755,0.039391360215032138,,0.07302369967155431,0.1379310344827586,0,5
-0.91491546434828397,-0.40364086069702215,-0.0019361487886242598,0.40281614235568008,-0.91333243147540344,0.059691080346370815,-0.02586210652775657,0.053832380506490328,0.99821502005076657,6.9993874186717004,13.448327394957261,-3.5587567036149923,0.4458634040740062,0.2808343697820808,0.5,1,5
0.93394593128114411,-0.35732796604309081,-0.0078563430998576361,0.34051067481839908,0.88288074777601,0.32337913590890655,-0.10861619482431466,-0.30469379693387305,0.94623686904067805,-21.775530856669732,11.791633558556441,-2.6721077453156732,,0.220592705568095,0.3076923076923077,0,5
0.43830918581120676,-0.88650384541670701,-0.14831045039007826,0.88518205188488674,0.3971004443226519,0.2424128134806699,-0.15600574558130412,-0.23753351169917761,0.95877006532613329,-12.111245466538495,-10.371459302695245,1.3458101737748898,,0.4505424654985713,0.6712328767123288,0,3
0.49319821899837601,-0.86070516645240347,-0.12626216067757981,0.84973310477619224,0.44556937040818007,0.28181835781487291,-0.1863039651329074,-0.24628144996365273,0.95112369331205193,-16.369922566607183,11.184087083043881,-2.8621288171706074,0.5027708831447942,0.407783748299012,0.8421052631578947,1,5
-0.99846883751435656,0.0371484989905492,0.040987431433051877,-0.029273440002977678,-0.98353918298978471,0.17830799542976158,0.046936619212742982,0.17683513380133761,0.98312068904603056,6.6411166442746996,11.368786760119999,-3.1551870215837758,,0.07626255949687513,0.2,0,1
-0.3219656624162025,-0.94644347083716296,0.024142674553579026,0.93097825533887235,-0.31186327235391414,0.18979143142644345,-0.17209764760474183,0.083582628975239298,0.98152755632356137,5.0072815064995568,-1.992530251312427,-0.9280898308039498,,0.07037189255974582,0.4342105263157895,0,5
0.35768854653843429,-0.93344433244259051,-0.027213634561188357,0.91486875937306489,0.34442849977299045,0.21067548900457694,-0.18728068987061305,-0.10025311354234737,0.97717718783578544,5.1282891923502456,-3.7842632519548416,-0.60741374758450339,,0.07607173466289749,0.336734693877551,0,5
0.3391871992936209,0.93256284419715441,0.12360657530351302,-0.92355766122837724,0.30512901639489132,0.23224454727777005,0.1788666828163358,-0.19293217714212352,0.96477141582940806,4.1726702582297337,-9.6500582694919554,0.60295130338335146,0.37890546715129,0.4381653336500905,0.612,1,5
0.99562459869076281,-0.092781180116086368,0.011104553035816832,0.078558650313163392,0.89544792929048789,0.43817980828691083,-0.050598388737518554,-0.43539023708122593,0.89881874953269802,-3.6231071812577897,-1.0236412305869851,-0.93485349981235732,,0.590246414915614,0.164053751399776,0,4
0.28839318119222385,0.95545105973984301,0.062790488800771732,-0.9427263366676949,0.27184898184258682,0.19330076364116325,0.16761988901958222,-0.11494086963808668,0.97912827009125991,-2.1231630894403062,10.276958981639762,-2.8154996705344275,,0.09919182404991106,0.3783783783783784,0,5
-0.22903115751816963,0.97029607294610609,0.077911871439803854,-0.95343029174927663,-0.23974531537371765,0.18301055305977995,0.19625342713129171,-0.032368419512262513,0.98001881500178456,3.8634986427339255,-2.0347959188235394,-0.93883301817169207,,0.07111635250857948,0.2878787878787879,0,5
-0.86375088012494339,0.49024884074298608,0.1165782622685084,-0.4867596634748409,-0.87156154916613005,0.058698347753547958,0.13038192780154198,-0.0060448461762939391,0.99144541591429014,0.097646428118246073,15.869402193005905,-3.809535629799937,,0.1320821116886769,0.2352941176470588,0,1
0.49787712447359816,0.80960663082323148,0.31089463207485396,-0.85504689410463641,0.398327204874871,0.33200940760555187,0.14495922808816972,-0.43112937870624207,0.89056963849462867,-11.611431559849615,-1.5999543804475131,-0.55282278749545499,,0.1036365599080442,0.3333333333333333,0,3
-0.8587532446203503,-0.50353955481441059,-0.094819732077901231,0.50737445695799566,-0.86148879386764887,-0.020204417018112895,-0.071512413472059569,-0.065459718741894865,0.99528940511874864,-0.43411851840615245,14.526540070309544,-3.5589257897802118,,0.5497380921585823,0.4556962025316456,0,3
-0.59033830910325114,0.79655063058222919,0.13041385556821919,-0.78951235308987444,-0.6034448763831769,0.11191302643295556,0.16784196472755392,-0.036896803194129212,0.98512319066726339,10.423126104844991,12.903893463911739,-3.4655027988423512,,0.2366528336892684,0.5454545454545454,0,7
-0.66387206215137085,0.73923027562763011,0.11319224660013322,-0.72989191067328518,-0.67343567916921065,0.1172270649449442,0.16288549299611862,-0.0047943317994201037,0.98663333136176257,-16.211810407897229,7.0222457607738482,-2.0779696967264263,0.434664207937606,0.1459815333350411,0.3333333333333333,1,5
-0.98418009395340178,0.16867441773824027,0.054207780498172403,-0.16782388080938129,-0.98561592059644554,0.019909849243509057,0.056786333707601278,0.010497517205808334,0.99833116471267302,-3.1698960091330131,-9.5322406333239762,0.789197083126703,,0.1735458003533385,0.3636363636363636,0,5
-0.76175191979655876,0.64570886497163515,0.052859004751327834,-0.6289639496233026,-0.75662424458827959,0.17867317251191442,0.15536525596321105,0.10285822377554044,0.98248756889908173,0.94316939889711859,-10.885449135852319,0.91822949877043991,,0.09383668423812198,0.3870967741935484,0,5
-0.98609789969523354,-0.15993139593674641,0.045087479530035106,0.16518940704401089,-0.97289384742906115,0.16183331373708421,0.017983103655813591,0.16703146478553418,0.98578755203872492,-12.277264252648528,-15.132420445797429,2.3391971080331424,,0.114141052172455,0.3571428571428572,0,4
0.98493269217372925,0.16546415900124414,0.050291191807545904,-0.17285986704725984,0.95068697746807251,0.25751453791393319,-0.0052017546862599259,-0.26232781583094439,0.96496479665817481,7.7841755822488841,-18.082152110442514,2.3914811092261186,0.2952232296324533,0.2755228548482858,0.6285714285714286,1,5
0.91446726764656816,-0.40434469867428108,0.015968126284036113,0.38994068533452714,0.89106393342839141,0.23227425269271962,-0.10814748413096614,-0.20618057909785475,0.97251924941309731,-11.554182171252798,9.5006052590952805,-2.7242712984093811,,0.075145989443734,0.4054054054054054,0,5
-0.038558630821890365,0.9653581901581354,0.25806355163747918,-0.98505238090308589,-0.080110344367191957,0.15249308050705723,0.16788400420023075,-0.24832619157064093,0.95401732883303447,-9.7564960218508823,-2.672004575079121,-0.40168837861268192,,0.1930066074525519,0.275,0,2
0.98378767920537069,0.17359786062804883,0.045006499853668155,-0.17930889546731807,0.94770183467842473,0.26402566646718656,0.0031815483658227963,-0.26781526344201562,0.96346502916166266,-3.331288705636136,7.9083082030894669,-2.424166339156419,0.1588166280264636,0.09440574759462259,0.2575757575757576,1,5
0.28789663423899498,-0.92698995757226654,-0.24042700878650769,0.93770369439737633,0.2218810800253978,0.26735850059475769,-0.19449244074609293,-0.30242090682843353,0.93312072402540591,9.3307576167740116,0.56546630651126895,-1.3584779717080702,,0.1056312059760873,0.1904761904761905,0,5
0.98605296531252629,0.14803771451673908,0.076055142357601788,-0.16617836171027225,0.90094844375883276,0.40084492486225759,-0.009181595594695148,-0.40789304574753354,0.91298354943182702,10.037705854104717,-0.21408896450689466,-1.2156471381042402,0.3336615109757834,0.1860468940194912,0.3333333333333333,1,5
0.94642544518736516,-0.32144962536618105,-0.030806087934666399,0.31058168052351898,0.8799848971577392,0.35939616093869037,-0.088418869168766095,-0.34970947817613424,0.93267646290055561,-1.8191184744274673,-15.693630091084945,2.1098263412234699,,0.5154621855343475,0.1111111111111111,0,5
-0.45683555470112347,0.88495539524416689,0.090306281006130362,-0.86926656698569971,-0.46566795448278048,0.16591862972168159,0.18888332769679311,-0.0027027016232900694,0.98199581665204783,-6.4255897161526212,-11.076881243787742,1.2652125252328386,0.1639940397279369,0.09624761806640132,0.32,1,5
0.38077510330793662,-0.92466687653117186,-0.0012198962731766875,0.90460475908188687,0.37223960358229741,0.20767259658244916,-0.19157387751787253,-0.08018007839221139,0.97819763058483589,-6.503761467884984,-1.7883564033142645,-0.74890291275764975,,0.06974586623518952,0.2785714285714286,0,5
-0.79299463042427909,-0.60471920460990636,-0.073987834771832212,0.60521810861412817,-0.7958553893255248,0.018034419509800503,-0.069789376869257055,-0.030477579586972291,0.99709606358601244,-13.569818317641666,15.705394306511145,-3.657670583087651,,0.3885612741195603,0.3636363636363636,0,3
0.7160804452990911,-0.69708331796797429,-0.036106006024121902,0.67676122794740134,0.68067638927381502,0.28048866899089936,-0.17094746622099921,-0.22528759596551373,0.9591780141854267,12.537752374584381,-0.97242618994799102,-1.0064646435956313,,0.3375385912494007,0.4583333333333333,0,6
0.18711830383659159,-0.98221225968930592,-0.015678561328909681,0.95798153510423678,0.17892367202693996,0.22418228740854201,-0.21738932533279337,-0.056968381620188524,0.97442110236125823,2.5183882801455693,-2.2017431884987753,-0.92888165856385307,,0.609090498946629,0.6418685121107266,0,5
-0.26394976996128805,-0.95111486173673965,-0.16034662054713203,0.94861052644633903,-0.28606425664507812,0.13529711817070877,-0.17455253665467874,-0.11639484891352246,0.97774416443864076,-13.463120287704486,-22.440984507383043,3.8469705104430205,0.2691047734177339,0.1929362022914394,0.5714285714285714,1,5
-0.73149291916476045,-0.68183580206604322,0.0042483211710770121,0.67432932676174406,-0.72248889046145093,0.15260983660575347,-0.10098548549603642,0.11449778242715977,0.98827738491700423,7.0623106882520803,9.6628019487819259,-2.9091230865411566,,0.0941987490248245,0.2222222222222222,0,1
-0.99808742375012416,0.0371629455722126,0.049400506356069095,-0.030792626480860414,-0.99180669567976654,0.12398101693079019,0.053603252758106713,0.12222272244218517,0.9910541344510756,-15.253960915211586,15.124233315090656,-3.5440539675628999,0.5061899941963885,0.4949194228120137,0.9194630872483222,1,5
0.80655063718155406,0.57987825043867292,0.11496644871531819,-0.58491528424618466,0.75458420948465987,0.29745046823230142,0.08573319028960405,-0.30715449771180925,0.94779002665050882,7.4679573814537958,1.4101650878756558,-1.4684648143292267,,0.1403995152128785,0.2222222222222222,0,5
0.98689873681438189,-0.15847880155901742,0.03025479681957742,0.146458349666854,0.95863659928466471,0.24406110367035874,-0.067681866752017789,-0.23643252730609976,0.96928779263158549,-7.8163632091936055,1.042407312896416,-1.3113509411329409,0.4013501017324813,0.4321765697968464,0.672665916760405,1,5
0.25061163896130934,-0.94774193448606514,-0.19743108173167132,0.94579826419740731,0.19618534025469189,0.2587990643536473,-0.20654164194732955,-0.25158803207975206,0.94553900620542342,-0.56785239311608315,-7.0996861639793201,0.068323965849369339,,0.5606765751644749,0.1397849462365591,0,2
-0.34478513151670759,0.92395535103768278,0.16561920895185253,-0.91699019330305132,-0.36924468079141137,0.15095479817905699,0.20062950548470615,-0.09982422048821353,0.97456807177994575,14.327263135395619,1.7863047310909597,-1.5675047265768078,0.6822797291184166,0.199422449178402,0.1818181818181818,1,4
-0.19058199318013824,0.95224041201936571,0.23857221462834796,-0.9618110219530891,-0.2297656015830831,0.14875256763739739,0.1964638947110646,-0.20111182473030448,0.95966451014331433,-15.210079002454707,0.16819523118792748,-0.69302710241437226,,0.1405342196015644,0.35,0,5
0.94092421224710099,0.32337922828428051,0.10043655470712372,-0.33795822883014948,0.87833738538058603,0.33809417772092104,0.021115453420710598,-0.35206435797601077,0.93573758365782167,-2.277983501756963,-8.749809710578532,0.5830178977756777,0.4492941596682813,0.3016544871781468,0.234375,1,4
-0.12628671478880388,-0.99166554494834358,-0.025516908710815432,0.97469483668337209,-0.12882625926074512,0.18268489337561122,-0.18444956224026779,-0.0018005241426039171,0.98284033143852323,0.65691352761128785,-1.530903972156789,-1.0319059079333268,,0.07131355844902684,0.2926829268292683,0,5
