axis_00,axis_01,axis_02,axis_10,axis_11,axis_12,axis_20,axis_21,axis_22,location_x,location_y,location_z,dbh,dbh_approximation,score,reconstructed,number_clusters
0.73614605400720878,-0.67587593504278054,-0.035786975279607051,0.67062316266234945,0.72124257088117727,0.17341778354441822,-0.091397816551405234,-0.15166039159502911,0.98419792966195518,-17.411644352216449,5.2132930727350058,-2.8942229425088288,,0.2620803872294609,0.1139240506329114,0,1
0.41910153573994346,0.90679071646441356,0.045656316916456094,-0.90226356257344276,0.41034080177886373,0.13244202523277029,0.10136254926105326,-0.096700687326586196,0.99013868254798798,-13.475062169782266,-10.362956999712601,-0.054833087823249041,,0.1657535831397186,0.4285714285714285,0,1
0.5302906696384343,0.84529531942807801,0.065327089690302417,-0.84283468754408353,0.51726735789449596,0.14854012902012365,0.09176870472491383,-0.1338293817135511,0.98674627003261584,-0.3430223365500697,20.743278837051811,-3.93584507591846,0.3395953606088904,0.2945574185396396,0.5555555555555556,1,5
0.92378524377882787,-0.37653426368443643,-0.069590025492974245,0.38032863026883384,0.88120369682123023,0.28076712362103962,-0.044395454433152681,-0.28583560481545822,0.95724973264318902,-5.5004650500886019,-10.088830860077472,0.24494324699376893,,0.1282195518976448,0.2142857142857143,0,5
-0.002126810048049271,0.9860577526660389,0.16638985872408343,-0.99211842717904564,-0.022926999945857104,0.12318838875989807,0.12528568605709364,-0.16481644663286357,0.97833482805659111,-8.5538953278106167,6.2490512992095963,-2.5319849813949218,,0.1327717357877491,0.2043010752688172,0,3
0.70232014082293059,0.68397359109321998,0.19729811575761083,-0.70802363326323725,0.64242829510769828,0.29323782222923028,0.073817034180358718,-0.34563855735733684,0.93545979771059895,16.61637601601964,17.315117708181795,-2.7637561054016442,,0.4681936698198016,0.1176470588235294,0,1
0.62634038472664133,0.77594456910664245,0.074884899241373537,-0.77362780935997266,0.60688969489132161,0.18216726055910645,0.095904822847308738,-0.17203175261743503,0.98041182216760336,-0.41612140413943383,25.987906916584866,-4.6178387803041439,0.2279230934916358,0.1852158168418493,0.6451612903225806,1,5
0.98732233126327351,-0.15872216387994259,0.001374366080752187,0.15509246144239708,0.96651422317195268,0.20444213071198356,-0.03377784173972416,-0.20163712728459962,0.97887768710284762,1.5156597914611143,-6.6498743601309043,-0.15034020420746674,,0.08364432241499517,0.3693693693693694,0,5
0.99856228933466762,0.050713625951309731,0.017363250317278606,-0.053030066765267246,0.9818756213840405,0.18195624790201079,-0.0078208910989181896,-0.18261542178736534,0.98315331530125216,-5.4370501424879203,-12.072942624221342,0.53231285992530497,,0.1098308248386917,0.3783783783783784,0,5
0.99817548113509513,-0.038036577314567346,0.046892724882579194,0.024970856398766509,0.96715459720202579,0.25295936717524109,-0.054974222972521393,-0.25132688653858587,0.96633981130417435,9.0614432398101581,11.623429240465187,-2.1822540946910496,0.6376900548296187,0.5196147266109929,0.803921568627451,1,4
-0.39681141652991792,-0.91528101987378929,-0.069291805939198967,0.91197787822968057,-0.40168767157061452,0.083326851181764527,-0.10410114951915662,-0.030127548306719813,0.99411029644693649,2.5932966631123437,16.129051034830905,-3.1840893398881978,0.2724907194721801,0.1781092334015535,0.2307692307692308,1,6
0.68058301437414426,0.7301443266416604,0.060794924281553496,-0.72865419355998617,0.66584079389005502,0.16037176621621255,0.076614794608154929,-0.15344477659685124,0.98518266011044497,-13.183470329130843,-9.4616600201019594,-0.22836008265755442,,0.6247543189833458,0.7209302325581395,0,1
0.92870283298053347,0.36889623948579903,0.037770524316830062,-0.36972817715184603,0.91331310797972676,0.17076370168272315,0.028497772437603451,-0.17255356062871863,0.98458780496228282,-10.119260806281172,3.6203909083093717,-2.259654307224193,,0.07301023408954375,0.3529411764705883,0,3
0.9810561844339144,0.18843992307836213,0.044935046168781648,-0.19372258880948634,0.95497434271117532,0.22471217890517126,-0.00056707047206692237,-0.22916020630462852,0.97338855462631158,18.738317625851259,3.0027648370116742,-0.72436418848378448,0.7719141682533519,0.3641417142072443,0.3684210526315789,1,3
-0.9094419278591912,-0.39757942628255788,-0.1218440792512734,0.41430818018581128,-0.89139400383491918,-0.18375380746606165,-0.035554348297779391,-0.21759441565441251,0.97539148991219726,-15.077968662968903,-20.143599687553909,1.3089171206440253,,0.5348210235114264,0.4411764705882353,0,1
-0.47336089555584693,-0.87656419808481079,-0.086975106751868245,0.87512930897668895,-0.47923157534664451,0.06697603870606432,-0.10039001508391893,-0.044410627407250554,0.99395650862839291,2.9531216009438559,18.900404004930685,-3.5164307007816111,0.182909431414824,0.1734573257846339,0.2903225806451613,1,5
0.12776826036565797,0.97835397720088269,0.16278441859819051,-0.9889131976811032,0.11314587447585039,0.096170154108401698,0.07567006736664135,-0.17326715321812333,0.9819636116070789,-3.3275233624583698,17.60442583987675,-3.7159123182648757,,0.5806354123011338,0.6842105263157895,0,3
-0.99338502265759354,-0.11386495028239201,-0.014865054885920907,0.11482124130551566,-0.98323935835178,-0.14162078496125144,0.0015097366106693383,-0.14239079073159489,0.98980936720673529,-13.940506983598413,-6.4341617784234719,-0.83306598962222733,,0.562808692360055,0.3571428571428572,0,1
0.91842665325568817,0.3894510155021404,0.069429022129851206,-0.39502580539151061,0.89349751826205936,0.21358089318646775,0.021144636774940398,-0.22358464031299766,0.97445513644896087,-1.4872451236354309,7.5076778323797164,-2.28798540080943,,0.1515117738869111,0.2,0,4
0.50272628728756041,-0.84755673320651026,-0.17004077177658006,0.85662554499838406,0.46204663305225829,0.22957696866474775,-0.11601273949997061,-0.26107564589861976,0.95832173688815558,7.2452126731863711,7.9578875644820029,-1.7319781619441572,0.5553164019580987,0.1948219787345606,0.7604166666666666,1,7
0.45572687166970194,0.88880267765335352,0.048402671768993419,-0.88460227907348443,0.44618684975924083,0.13563223422152748,0.098953657315662691,-0.10462836755944631,0.98957621151970943,-5.594746690696617,9.0995163445532388,-2.6639059550719262,,0.0761563709275262,0.2033898305084746,0,4
0.98076276859193534,0.17981245162105208,0.075972850321083918,-0.19516044576456715,0.89506419302146467,0.40096445076815868,0.0040978229413297582,-0.40807790017699114,0.91293791422762149,-13.404586206124121,7.5019956452963754,-2.9537745703492733,,0.5669849047611579,0.3125,0,2
0.47155812700322935,0.87001099082257805,0.14392292626653455,-0.87643142276202768,0.44434445792149435,0.18554235071751521,0.097472529732917201,-0.21363257841998101,0.97203921082695843,-9.9978206074399676,-8.2731783486945485,-0.44127671129499985,,0.9147242056727386,0.5929203539823009,0,1
0.75523775660468018,0.62221864847426978,0.20605796390721093,-0.65134577570834395,0.67732582145609943,0.34202106960788031,0.07324350801011642,-0.39252220966421231,0.91682152213759593,1.3974966086839551,18.97476751059375,-3.5910853298733048,,0.634730188500898,0.4222222222222222,0,4
0.0049379595284849793,-0.99989478315431446,-0.013639617900854909,0.99303157829617072,0.0032971164645335389,0.11780243431115969,-0.11774506810185653,-0.014126274944428176,0.99294337567349888,-0.89068783272989083,-4.3307170744429344,-0.69316086410045585,,0.1104443088755062,0.5323741007194245,0,5
-0.22211015067723314,-0.95653193042750462,-0.18898081129778529,0.96740368570835966,-0.24037701136239903,0.079680620519443177,-0.12164370038772747,-0.16512285874800436,0.978742689206345,-24.485600545807785,13.672201667801376,-4.6570489296563276,,0.2604903212842064,0.2272727272727273,0,3
0.40445951183924383,-0.91150806649597671,-0.07460260046088911,0.90467124601350857,0.38679399127826142,0.17877456459854318,-0.13409862012387341,-0.13979790064160064,0.98105764716303712,-7.1700053962087793,20.908995707978637,-4.4284027252051672,0.2819265968658509,0.226740664231483,0.3461538461538461,1,5
0.31096280894438505,0.94948466842213231,0.042201846935094871,-0.94471946363196801,0.3039352698884949,0.12299791361131567,0.10395800348384301,-0.078116682911674701,0.99150921194032882,4.192655505071917,-8.3859461485665712,0.30748825855663969,0.2216856136331329,0.2089896793648076,0.6588235294117647,1,5
0.87136802983334616,0.48678982229375045,0.061265206239523758,-0.48322141610979202,0.8298749992409723,0.27893466734639288,0.08494009416759421,-0.27265941125516729,0.95835381037317569,2.3497984850506444,-12.284636445965045,0.79649891170273701,0.695081357089842,0.2215426421031503,0.2608695652173913,1,5
0.042898975971358028,-0.9938707233168359,-0.10188553967212256,0.99205781726666653,0.03030612467564487,0.12207713138521541,-0.11824113100231969,-0.10631333002410881,0.98727732213318775,4.3562832975079928,10.615673356066496,-2.2948568209694891,,0.08075148199687983,0.1515151515151515,0,4
0.93489383278339144,-0.35364607813443749,-0.030132587736725044,0.3496524229825087,0.90309133027171551,0.24933758699908071,-0.060964781030040771,-0.24364010467941177,0.96794772320914324,-20.775713650953151,5.3793691322379207,-3.1438599502037543,,0.07888788806396144,0.3529411764705883,0,4
0.24941801390467183,-0.95732709155881646,-0.14599826748077044,0.96060146684142322,0.22549281703440013,0.16247403290371304,-0.12261923275716226,-0.18077010049626094,0.97585177897292197,-7.4385982799914663,11.034677535319121,-2.9916985940486645,,0.3320351703458283,0.3506493506493507,0,5
-0.99934690804545667,-0.02215186923752667,0.028549116786179187,0.020794285626148348,-0.99867829775760919,-0.047002715594569658,0.029552581364164134,-0.046378360010347036,0.99848670129224382,-3.5691344604270396,12.34227509362827,-2.9437947335651202,,0.1311622322862493,0.2105263157894737,0,3
-0.021315275782559321,-0.99964042043554435,-0.016269260885598501,0.99308247556060292,-0.023049266335219216,0.11513439128181768,-0.1154679858347759,-0.013702596573582401,0.99321668486509196,-8.0642192961565549,12.622375985036106,-3.2979195997567565,,0.08370894656270769,0.3333333333333333,0,5
-0.92208497692096492,0.38304123592259248,0.055124467521758848,-0.38233783753861827,-0.92373118854854852,0.023204941046690672,0.05980863920001539,0.00032075782175307365,0.99820980950472682,-8.910961761997477,2.9278808244966932,-2.0942742357958113,,0.07844175729912473,0.2664233576642336,0,1
0.81725568803716697,-0.56490660210265886,-0.11390202487983607,0.57345353931278209,0.77767488930484752,0.25762920019737429,-0.056957691495899805,-0.27586644856800446,0.95950691708498703,-11.111445193547151,-17.104918497685475,1.010721209444758,,0.3166742686255212,0.6,0,4
-0.20631018423863579,0.96495664084346278,0.16215668093396834,-0.97120091849129941,-0.22212821276056871,0.086184876964883875,0.11918424309058961,-0.13970589961736124,0.98299408839068148,-12.854620684187616,-11.566439063478278,0.2413455491233063,,0.1914984204207701,0.2727272727272727,0,1
0.43938539485615297,-0.89644519376997756,-0.057675725862880993,0.89137256934942144,0.42714043802697799,0.15167725212942426,-0.11133470886706458,-0.11805532926907242,0.9867459256731983,-0.4901684188613244,3.3673447580500273,-1.5894779869448965,0.3713658839494226,0.1866773479896532,0.418103448275862,1,3
-0.82634206550975786,-0.56136207908957092,-0.045071131883955062,0.56126298577856437,-0.82748245260522202,0.016020344109201032,-0.046288784429900053,-0.012058473812233805,0.99885531567155472,-6.5818449544801698,16.249064806922043,-3.7641190267769695,,0.1147139883098387,0.2857142857142857,0,4
-0.4690593173290199,-0.86635387175786482,-0.1715060515462698,0.8768324718595093,-0.48004620602193299,0.026841318460386541,-0.10558490952583052,-0.13779190460294038,0.98481735256153824,-15.672859125548266,14.36239685082972,-4.1854083312489552,,0.2241213934137003,0.1666666666666667,0,4
-0.94119195236221764,0.33484406059336874,0.045134952021035436,-0.33348606785466678,-0.94210241629940761,0.035072492777823164,0.054265563255433198,0.017958070279465083,0.99836504163377437,-11.072488606964528,19.520877744004547,-4.4493499512116941,,0.09554739268660964,0.3333333333333333,0,1
0.30083393316556267,0.89451856924100348,0.33065915069625379,-0.94747564120036476,0.24086376930174958,0.21041519424631228,0.10857648911296405,-0.37659152130761464,0.91999455003337949,-13.300559514646819,-5.8577966150471301,-0.87909996990010375,,0.4706016936404678,0.1785714285714286,0,1
0.99540247145949701,0.093959285755195257,0.018589578604715832,-0.09570419830662813,0.98344550997595304,0.15386889008056426,-0.0038244265992383479,-0.15494057418414553,0.98791638929247227,-10.145929580235732,-12.111002517137599,0.40310722999443938,,0.09340548013283712,0.391304347826087,0,1
-0.7668450938915109,-0.63969764759903514,-0.052302214396536095,0.63857984030166648,-0.76861499955136436,0.038036430234120289,-0.064532081438760519,-0.0042310898025816803,0.99790666314253251,1.2916875874428158,20.813095042315737,-3.8568207496846365,,0.241083777685324,0.2857142857142857,0,1
-0.84074792406887655,0.52947098861844744,0.1131521117137438,-0.53358689081875921,-0.8457133336980861,-0.0073475949561859939,0.091803911246988709,-0.066553958685225734,0.99355050825968627,-1.7618600279392096,-12.729616312190807,0.72938903309063285,,0.505683331596714,0.48,0,5
-0.39956706284677129,-0.89147194432800247,-0.21359760008964448,0.91043153653399178,-0.41312116390695297,0.021102635297994932,-0.10705409647631405,-0.18603407324524146,0.97669378211362878,-13.162906713043936,11.316163427537713,-3.5002959143866739,,0.4629075452792867,0.3960396039603961,0,5
-0.88842859089610615,0.45845243872017233,0.022715640204196589,-0.45856626328275668,-0.88866018967641935,0.00022240314812487131,0.020288446398119532,-0.01021903693101457,0.99974194181646359,-0.021920548217451662,-10.75392762322762,0.53157536378311798,0.7033003799000864,0.5907359372055266,0.3043478260869565,1,3
0.75633743095598605,0.65256422434778871,0.045974162703299001,-0.65082834404885093,0.7434933339395946,0.1537534681560653,0.066152529184687989,-0.14621079128695186,0.98703913164256718,-11.400124972542173,4.1334267431780454,-2.4445274349979034,,0.07821297043464158,0.3058823529411765,0,4
-0.09329251525914814,0.971436395168495,0.2181922013699451,-0.99138679965550858,-0.11086764055497798,0.069717858161176025,0.091916919364343666,-0.20980871387960334,0.97341233992319842,-20.158052460717752,6.7384890898536316,-3.3386383356710811,,0.349712764287094,0.25,0,3
-0.53242115286262581,-0.84362711454247996,-0.069433476026791396,0.84153272321056682,-0.53638098668907352,0.06417252437192196,-0.091380477949293965,-0.024263732754597672,0.9955204063817944,-14.06292540222292,1.2945987016232898,-2.1592275554527247,0.2956333519675703,0.2636537485747015,0.6621983914209115,1,4
0.94726651703144571,0.31425401519813806,0.062694175510669581,-0.3183780545024758,0.9007678178494678,0.29538576935581567,0.03635326838583882,-0.29976949854606111,0.95331877544665533,12.053771479259991,-5.4443470358665618,0.2174587364982585,0.4302641453252086,0.3712194589231332,0.25,1,5
-0.99801463210689945,-0.061744887040460966,0.012424291725917871,0.062298883285305778,-0.99676951487708321,0.050689085147672334,0.00925436339970717,0.051362468165625084,0.99863719819662278,-2.6019108256278547,15.852291145118683,-3.4692427412659024,,0.09889998001353917,0.1739130434782609,0,5
0.91221415424527208,-0.39866071686583815,-0.094524968249656241,0.40463416214350828,0.84038434578935384,0.36059027465895477,-0.064315873787141542,-0.36718358375643018,0.92792224038374049,11.893972997342827,15.378187428802956,-2.5972444746477503,0.3826883607842496,0.3409796698061349,0.4259259259259259,1,5
0.63166391729023541,-0.77512891741936818,-0.013261107564380356,0.76861602606691393,0.62394144441270416,0.14116117886052992,-0.10114395714357256,-0.09935912300572973,0.9898978051338797,11.874624724882883,10.849114957183131,-1.9057891749877138,0.239966909112948,0.3723918459323085,0.7285714285714285,1,5
0.07504684739434718,0.95672209415519249,0.2811597504115293,-0.9947890056217632,0.052315777024561708,0.087509392458071419,0.069013078399923711,-0.28626193255412108,0.95566275483569307,18.223108199508367,4.0811440039546589,-0.86991202370494636,,0.389427121346348,0.2,0,3
0.57925028912109411,0.81303953192180256,0.058615885948317674,-0.81114469376898002,0.56779270655247227,0.14019888785666978,0.080705565629377737,-0.12875621118297734,0.98838679157415266,-0.77155482232845218,-9.8935556007073693,0.40880183103242468,0.1702074121799697,0.1209422090836276,0.3777777777777778,1,5
0.82113161904893905,-0.57069501291974678,-0.0070757633226842531,0.55991552076735596,0.80309501952710816,0.20379646516702665,-0.11062311603769466,-0.17130555110469858,0.97898770899272614,17.198183239607364,13.604269762895585,-2.2860597126613627,,0.1319897108042688,0.2222222222222222,0,5
0.73141609465815183,-0.68191490113099673,-0.0047501674201791012,0.67592305277529008,0.72403146949862096,0.13750075600737399,-0.090324543740609026,-0.10378101363529812,0.99049027153570768,-13.285031416458438,-8.2809910966230138,-0.52425449696342008,0.55478138856454,0.5657726609940428,0.9281437125748503,1,2
-0.99991004477897671,-0.0076975562000974641,0.01098407841598271,0.0084072417756908581,-0.99777765488011605,0.066098938778614655,0.010450867706903344,0.06618533863689384,0.99775261478669641,6.57774205095824,-3.4650843084168317,-0.34870689568279645,0.4263388366416904,0.2170156159066573,0.4810810810810811,1,5
0.0095379161484519838,-0.99602467383141446,-0.088565666454733669,0.99464083951141125,0.00033131439265226062,0.10338999277884695,-0.10294964075499197,-0.089077153916137533,0.99068997780265255,13.851494723743436,9.1344419441345419,-1.5604444885608968,,0.1913782464953457,0.4166666666666667,0,5
0.22599162221354302,-0.96805932195508515,-0.10857686616011533,0.96683772739219465,0.20929038783585993,0.1463637333857373,-0.11896468207155891,-0.13805318806668573,0.98325414908061104,-12.128867471250862,-13.72159813348879,0.53212662504808794,,0.4521238720288479,0.6521739130434783,0,1
0.68462700508478191,-0.72870468222450502,-0.016593673876682761,0.7229191398145185,0.67593058051521659,0.14319835059873959,-0.093133136951781395,-0.11003334234878978,0.98955489103590166,7.0678666729161597,1.2074794139194311,-0.95844686242663424,0.451160493319478,0.3734918403118008,0.9536231884057971,1,5
-0.58677779547232112,-0.80928147948989615,-0.027482825460428937,0.80739611844572856,-0.58732134586228535,0.056259617962492799,-0.061671116897739894,0.010822368001474741,0.99803784982906674,-17.185905067487173,10.118767309296643,-3.4338680424771368,0.2759463718584232,0.2456996616819951,0.3414634146341464,1,4
0.81207845582386495,-0.58338275651105498,-0.013897517486659275,0.57783380832406683,0.80057326578789234,0.15871526726630983,-0.081465769157569368,-0.13691970461286343,0.98722658136027386,-3.0623245618495867,5.3162149602769571,-2.111522835448032,,0.07179344153928521,0.2346938775510204,0,5
-0.60430892189989605,-0.77894449949031941,-0.16749983171919935,0.79228381469974962,-0.60972061968060198,-0.02295915723877133,-0.084244191948152539,-0.14658182919474555,0.985604729834899,10.717784905990264,6.5097912977542816,-1.3968972282083465,0.4499732449248968,0.469050993242807,0.404040404040404,1,5
-0.80545410200791911,-0.59179787530778927,-0.031921220838230124,0.58990038071483564,-0.80573234415042294,0.053037066494636353,-0.057107183358214228,0.023888582441217318,0.99808221366671002,-4.4468026969608134,4.3090016162185307,-2.0188931287700509,,0.08424364200596121,0.34,0,4
0.96353096573450625,0.26123964245298531,0.057982128986154152,-0.26703126789248949,0.92457233905809078,0.27177250011062803,0.01738907813715793,-0.27734426090995312,0.96061323169205426,4.3356218426545121,-11.832280869924766,0.80483732693763288,,0.2643006664486829,0.1111111111111111,0,3
0.9122883444956259,0.38899876202929295,0.1281012866332979,-0.40805965241187503,0.83671621424300946,0.36523047093081468,0.034889777455990971,-0.38546846818192848,0.9220611495267258,-9.8248215431611641,-3.7023399894519446,-1.1856095162937594,,0.1204181324118204,0.2,0,2
0.89784688612216723,-0.42756433701260649,-0.10516514059182556,0.43536764793206206,0.82640105622152837,0.35709425283816409,-0.065772184202991441,-0.36640146286677505,0.92812929476137906,-12.222924880571931,-15.804537865829884,0.81837522953971231,,0.2761306413648921,0.2142857142857143,0,1
-0.3240720870419308,-0.94227568264973793,-0.084224819900421397,0.94036405841246562,-0.33058249371507803,0.080191349253883298,-0.10340560935619106,-0.053214215545204925,0.99321474375765473,-8.6771060481309217,17.233065576048599,-3.977974472235148,,0.0880669399147409,0.3333333333333333,0,5
-0.38075262956647082,-0.91949148837480577,-0.09778976370000253,0.92363886682739316,-0.38320211206325494,0.0068836760578662413,-0.043802725531945114,-0.087701448771072499,0.99518328820344826,-2.9242016225308998,8.15530104522899,-2.3852881177045897,,0.4279564027699876,0.46,0,2
0.40909354650223467,-0.90959453753065223,-0.072665311563513371,0.90521244720345206,0.39450176556886357,0.15798348771623655,-0.11503432373931209,-0.13040756978583667,0.98476442365897354,4.5688117253476523,18.670751156232999,-3.4138896332027531,0.3622730570494006,0.2057048284323572,0.4444444444444444,1,6
0.93856174961411809,-0.3147398991601475,-0.14156496048792522,0.3420497704769021,0.90288824730952977,0.26037428326742629,0.045867163395900142,-0.29279960510046377,0.95507308336850749,16.300686311040945,5.4430488624003903,-1.0412667971306524,,0.6296080123175214,0.2653061224489796,0,2
-0.037961559415832041,0.99794665649489755,0.051588669273137024,-0.9919510030912424,-0.04387371356272933,0.1187783849212192,0.12079787859476665,-0.04666441951712718,0.99157970152586983,-6.7186232934050771,-12.192746494620184,0.51764778624326957,0.1410453013087829,0.1666057679474747,0.6615384615384615,1,5
-0.50216020999214595,-0.86402984247289905,-0.035882514082784464,0.86041846148820611,-0.50335993066769302,0.079428277889449506,-0.086690222233607617,0.0090117431428421782,0.99619455622614939,-12.642574874094446,13.445348527346411,-3.834908498082636,,0.1421669516871963,0.1515151515151515,0,5
0.62963689841208326,0.75690994085274621,0.17505632692451872,-0.77106783392273504,0.58131364310317379,0.25986312518673615,0.094930351562150087,-0.29859971497040622,0.94964542781602346,0.73348162490098623,-11.433716843429561,0.66079323831702252,1.017758861145912,0.4236324997753268,0.1666666666666667,1,4
-0.68562378100347265,0.68119671752653543,0.25669254557461352,-0.72079400223324275,-0.68461353720190932,-0.10844496772314226,0.101862835553923,-0.25937489606930503,0.96038983023663405,27.164433374521689,-2.2355130938337013,0.16480080116696944,,0.5686473683613438,0.3,0,2
-0.28030508058632697,0.95392402082614003,0.10704216126546616,-0.9555037426676839,-0.28795139104932854,0.064004641556725986,0.091878504262645488,-0.084338359502933599,0.99219220999300939,-26.643472507154705,9.0642871588980647,-4.1629588535105588,,0.1212956171043132,0.2,0,2
0.26487175095765736,0.95655458786124681,0.12184529529787462,-0.95784311219355245,0.24641400396423957,0.14770481059763313,0.11126332714778799,-0.15583150866212281,0.98149733211053192,-9.3703781082736661,13.744556166599768,-3.6042567127955407,,0.09297143961381976,0.1304347826086956,0,2
0.35638204866593881,-0.93076688692387877,-0.081638456591857339,0.92783590359153223,0.34225559265463357,0.14826208316056722,-0.11005621924795461,-0.12858503607596669,0.98557268483972749,14.218626583981269,10.404155970677204,-1.6572664171099893,,0.2128704386851159,0.3125,0,4
-0.43339567533874113,0.90067850696219776,0.03076386994547721,-0.89403471451328764,-0.4339946604808787,0.11113309101807174,0.11344654178431619,0.020660633350230388,0.99332926081272077,-13.550492259176494,-2.7658488721073096,-1.5424389865042392,,0.1963617964910596,0.4601769911504425,0,1
0.76654203457704129,-0.63884242532407909,-0.065526062238932453,0.63626890568083272,0.74167711531365954,0.21231329747268782,-0.087035561066769712,-0.20443926292681422,0.97500225583520328,15.516249188081808,5.0715360132267255,-1.0437081073311865,0.7601356889547779,0.4618653367403969,0.1538461538461539,1,7
-0.56742102092814983,-0.82103818776034587,-0.062687153772237561,0.82061386794916891,-0.57012930631526204,0.039312260301117598,-0.068016650449436541,-0.029135344852706881,0.99725867604245666,-10.928475090558567,12.521581288459441,-3.510397814027018,,0.1630926461954697,0.1904761904761905,0,3
0.48841316787230188,-0.86236029648230184,-0.13336902376451354,0.8685964347330295,0.46580679061157548,0.16900966655553945,-0.083623029232462995,-0.19839040518911355,0.97654924919887498,-3.3586318839297808,-18.497382365555882,1.511893867613187,,0.2274075282547258,0.3333333333333333,1,4
-0.99789156394645295,-0.064279552431466949,0.0089758422285893692,0.064402997510006374,-0.99782269134729906,0.014217262189290378,0.0080424197993113691,0.014765357145805846,0.99985864186500295,-12.521208274113093,2.380541862059971,-2.2488540590462418,,0.07712984674430963,0.2801932367149759,0,4
0.99277969160275792,-0.11814548956361104,0.020739509080718699,0.10954332515716265,0.96342624646568309,0.24456109162039433,-0.048874777284880308,-0.24052341033009958,0.96941206162732141,-11.740307301528629,15.448705869859255,-4.0274192342097743,,0.4366073989458243,0.3863636363636364,0,5
0.99955373262786351,-0.025489109543305705,-0.015576934370871721,0.028959747022763126,0.95473456652494859,0.29604601084087506,0.0073258884841800615,-0.29636499924435622,0.9550466578030673,-2.5620599106812225,13.40222339335887,-3.0592416106400049,,0.4922668718931,0.1666666666666667,0,2
0.92257025258512781,-0.3832864921179997,-0.044222098603441146,0.38131139231301336,0.88827073247220967,0.25607953437476411,-0.058870630515777116,-0.25311375069948955,0.96564365998514778,-18.355732724841417,5.6583274390610265,-3.0207246354329294,,0.09052693195616307,0.2978723404255319,0,2
0.85430938205148488,0.50808200499472134,0.10958173177749164,-0.51803971488915956,0.81517227772406664,0.25909266957541682,0.042312333147307049,-0.27811298752611596,0.95961598185572627,-14.304605964790447,9.7775931521654762,-3.2416340936699273,0.3905915270318393,0.1748578739154336,0.1333333333333333,1,5
-0.29966757719551862,-0.95285386389505622,-0.047632522902213432,0.94854135639921844,-0.30292213103547844,0.092235989338522825,-0.1023163641755294,-0.017541282427075533,0.99459723759555774,5.8474336038606811,9.8001715016383812,-2.0707217153335145,,0.09448618832674298,0.3214285714285715,1,5
-0.97288727461830282,0.2298914455780747,0.025303638785678543,-0.22732002051269579,-0.97064865701893588,0.078528930347011944,0.04261407232218558,0.070647773336188657,0.99659065466356844,-0.21330245473120982,7.1265731246856943,-2.1967876050966777,,0.0691620831570172,0.2075471698113208,0,5
0.16714953110999933,0.94273078481925177,0.28865152278099193,-0.97926923948268363,0.1247676104116844,0.15957694067491482,0.11442373378243932,-0.30934076799904048,0.94404210626488982,5.3918390836201668,-8.6953497920020482,0.36774084594238293,,0.5587040326165104,0.3157894736842105,0,1
0.93789363288900751,-0.34588599656005808,-0.026803185816506904,0.34392192036964642,0.91686115829254544,0.20269022942338824,-0.045532912003442616,-0.19932007876304558,0.97887601877172314,7.4190826549795226,11.878556759519922,-2.3735915769027152,,0.0929628958405497,0.3157894736842105,0,5
0.94471483985703431,0.32532361739991622,0.040968467334408641,-0.32697047121369865,0.92530810803339769,0.19208127488629814,0.024580120182568516,-0.19485750991297879,0.98052351757738243,-4.381804891125733,8.5479568645027459,-2.5247915245527759,,0.06820845450273512,0.2830188679245283,0,1
0.30117485618308876,-0.94808406411078261,-0.10212890571370616,0.94719173814646773,0.28507411126005744,0.14683515340804318,-0.11009776196713071,-0.14095871192825105,0.98387454705432786,-4.1563833765730385,-7.2510113410064605,-0.27300865091433291,,0.08194100732703322,0.2203389830508475,0,5
-0.99514743558888075,-0.098387359193733079,0.0012284102563717707,0.097491705288991481,-0.98762237310529233,-0.12287154081281614,0.013302211873182727,-0.12215553893604017,0.99242182335261375,-26.269687845354326,10.286275675511005,-4.232805379866635,,0.6481890572819031,0.6428571428571429,0,2
0.92384374419873461,-0.3812635719489334,-0.033923811837756612,0.38050236269322574,0.90512465790787711,0.18965048281515484,-0.041601541915365081,-0.18811550268887725,0.98126544286363959,19.756596655791718,-3.3791744147363336,0.14576347165528999,0.2026851306172943,0.2287832195647425,0.25,1,5
0.15271219097569474,0.97982977783409875,0.12888984908433354,-0.9841608098454423,0.13889637686057177,0.11016032343529217,0.090036032185815018,-0.14367116260608928,0.98552123769285072,-18.278171729462535,6.6198362628318206,-3.140027300796151,,0.1178583262603676,0.1764705882352941,0,2
0.69610002090712253,-0.71490136796539461,-0.066036315571891241,0.70875480278230607,0.66960672471535698,0.22202131372682701,-0.11450497991841892,-0.20135259694669705,0.97280303313502414,-8.2121025144352835,6.902870023920296,-2.5610887091007921,,0.7736867356477946,0.6029411764705882,0,2
-0.74621408418964086,0.65320333768721706,0.12841316206408016,-0.65956268704916154,-0.75158801382267371,-0.0096186969273118345,0.090230828487309234,-0.09187413734217581,0.99167411001705863,-30.654483331197049,7.9843503196895442,-4.256403285446094,,0.1806132562690946,0.5,0,1
-0.94009583204291192,-0.34088716379825035,-0.0039709108690939091,0.33990050114040393,-0.93814350036564242,0.065988044721773456,-0.026219761632169186,0.060685371213211603,0.99781251235924429,11.267801817210877,8.5778665958223819,-1.6232647810037826,0.07818464956170623,0.08925418830249761,0.3333333333333333,1,5
-0.77829421456199865,-0.62780744331755534,-0.01076706526386657,0.62505561238319451,-0.77628518888164,0.081772776345593282,-0.0596958709425668,0.05691326416637156,0.9965928372983307,-4.54364912950739,13.972525150165419,-3.2611154272030229,,0.07475087968585455,0.2333333333333333,0,5
0.26148487026551531,-0.96041557559562385,-0.096060318423134616,0.95616079565042933,0.24415372893848425,0.16169566941193039,-0.13184155446355234,-0.13413008163257215,0.98215422705289723,-15.448659257818706,9.3989743390166325,-3.2650377986499008,,0.1955169049428352,0.4814814814814815,0,6
0.68662820871712771,0.71076600474111706,0.15281815827400821,-0.72068874658081183,0.63779583561075681,0.27170609604746859,0.095652671398597539,-0.29669539696788005,0.95016967320178392,-3.60372498552245,10.425528945660593,-2.7511108761671776,,0.2427421929504296,0.2564102564102564,0,5
0.70240016346793355,0.71022685676763153,0.047030014737303359,-0.70716225534721766,0.68880010506273182,0.15961190393516045,0.08096638174240979,-0.14536927870612903,0.98605893223275587,-11.869421451114704,8.1547192749205397,-2.932989165083971,,0.1249486973327337,0.2769230769230769,0,7
-0.6297160874117248,-0.77502427903692028,-0.052867912368192181,0.77082774839374446,-0.63184608034903067,0.08121030140195723,-0.096344338500501156,0.010387379403316058,0.99529386152433996,-1.9079027553909416,17.561276485853238,-3.5971184537545198,,0.08084005189247431,0.3333333333333333,0,5
0.56872069240737155,0.82113486341599662,0.047898957300483193,-0.81782925705829046,0.55829297906955544,0.13951435704301771,0.087818450949476712,-0.11851787040119513,0.98906088491477628,5.6703411993176598,-6.4931770431803546,0.0317197443782328,0.1462571134262557,0.1044885643101977,0.4477611940298508,1,5
-0.85484756116700933,0.51341552670158253,0.075100892861224927,-0.51163099840242421,-0.85813818878920456,0.042808532038864949,0.086425509200439038,-0.0018291755849385654,0.99625663635236295,8.3978940018648149,8.6204334006315104,-1.7567711033174338,0.898639048481691,0.5961913602156157,0.4044943820224719,1,5
0.99236592566488568,-0.12123546069395447,0.022623718739419457,0.11427534045147951,0.97290288031439698,0.20100032845906007,-0.046379048545374266,-0.19688054384899542,0.9793298909508229,13.086192682868031,26.043245563851197,-4.1296374297432195,0.2831117601720342,0.4836230349267495,0.4,1,5
0.90962537085402062,-0.411956197656065,-0.053607610573907831,0.40687502220235544,0.85739358856636483,0.31516495774931114,-0.083871336024409521,-0.30849363931538276,0.94752164803524785,2.3112733027155272,-9.7182966282344978,0.45021085011404371,,0.4040721996261725,0.2777777777777778,0,3
-0.94028965913609142,-0.34035595974101768,-0.0036300951094551431,0.33939874365563505,-0.93834584529176746,0.065692978533894761,-0.025765281421121035,0.060538378673770911,0.99783328015297279,-9.6661332025629907,9.1537883777220177,-2.9483675714098463,,0.08623142027884509,0.3636363636363636,0,5
-0.4733176840473054,0.87999760698474139,0.039680998843577502,-0.87346866909604781,-0.4746883611544388,0.10827485346142336,0.11411772025270507,0.016588293632620855,0.99332873432649849,-3.5253967440191474,3.8181351697549628,-1.8650343237006155,0.1729711982537043,0.0914742476131705,0.4512987012987013,1,5
0.84598430198249697,-0.52578992609085784,-0.088631339945623971,0.53189442043615331,0.82050067814540206,0.20944441427697122,-0.03740168857251161,-0.22432920180909383,0.97379542148626819,-7.3863291069249861,17.693871595733174,-3.9649803529023506,,0.2032457869854885,0.3478260869565217,0,4
0.14889109174510545,-0.96401969727487691,-0.22022140237725468,0.98318076047424208,0.12049854295137125,0.13724319065034718,-0.10576878099061911,-0.23695173435248515,0.96574677869258641,4.1280053013454658,-9.8288250049909855,0.49379808573724238,0.5167122277486239,0.2697223409557153,0.3333333333333333,1,2
0.78517490590764549,-0.60847189399015633,-0.11516215245015157,0.61090716013236279,0.73058987844283163,0.3050096247922352,-0.10145348112278725,-0.30983928695522184,0.94536067584131489,-11.310909238495324,-10.843671016914872,0.20185844180783086,,0.3057817466734155,0.1111111111111111,0,2
0.18790610761233018,-0.94943084196096705,-0.25153999891721618,0.97475925664845053,0.14882909368719041,0.16641602221664331,-0.12056403402401651,-0.27646152934095397,0.95343239744321495,-4.2502145429876936,18.88202652937273,-3.8863389774944883,,0.4025808473104877,0.3333333333333333,0,2
0.9794168553518493,0.18539242161647018,0.079826521030772535,-0.20164385049466221,0.88087699600486002,0.42824697951899321,0.0090763985358593962,-0.43552883706665807,0.90012901912613796,-4.6933188618735713,-4.5029400704258897,-0.88748702641632271,,0.5702888026975552,0.3772563176895307,0,1
0.98911063716093195,0.14515932505740359,0.024267628725784866,-0.14706714589482536,0.96858573685258309,0.20053160589814048,0.0056037535138220877,-0.20191691537515125,0.97938662295946144,12.05643989826785,19.103548628734256,-3.1782458129541729,,0.216010696287905,0.3157894736842105,0,4
-0.83333875019372283,-0.53759949929247208,-0.12858190302700931,0.54877963566182775,-0.83251354020840362,-0.075908608553590509,-0.066237745345350679,-0.13382071487686031,0.9887894504703264,6.4185688747380558,-11.751270936274668,0.84173088853540479,,0.6805501403597898,0.3658536585365854,0,2
0.028550150937489752,0.99912968971154659,0.030409735585105725,-0.99268663055587325,0.024769964413757509,0.11815118441458487,0.11729510815492102,-0.033560572102553185,0.99252987139081883,-2.9274382538805077,-7.5434357774066365,-0.20625301770370921,,0.06830881567171142,0.2150537634408602,0,3
-0.10427427247549505,0.98533598725685834,0.13505505661121825,-0.98733741184215451,-0.11888235022086587,0.10503248060861813,0.11954794551368321,-0.12239272454895564,0.98525545403257797,-10.306180256290501,11.701297953960893,-3.3159934796706008,,0.7690677756102975,0.5795454545454546,0,1
-0.93617913545163245,-0.34338046224196639,-0.075222898744501068,0.35131410543376462,-0.92133027927331956,-0.16652001626657104,-0.012125414149864932,-0.18231943024438951,0.98316458423147723,-20.101434685008527,15.757679757926329,-4.6104418676018133,,0.4924997408005216,0.5517241379310345,0,3
0.99459591475702291,-0.10378341551955134,0.0028229438071096812,0.10019157641191105,0.96659132472131348,0.23592977554686359,-0.027214230923142568,-0.23437195573829514,0.97176600681371306,-15.77995833477762,15.467924621222899,-4.3093076799124974,,0.09477498259500558,0.25,0,1
0.98867649807461866,0.14479131525216102,0.039424068568040545,-0.15003703741652297,0.94893615986524793,0.27750504842879831,0.0027693967178997118,-0.28027778992946639,0.95991493941602579,0.4531909234715838,-12.52908967687031,0.7769821854354324,,0.1515978996857744,0.4615384615384616,0,1
-0.88257092755159483,-0.4700175348830421,-0.012331858869905992,0.46724103900932784,-0.8796814543380691,0.08857962722401122,-0.052482085574059277,0.072415853209978773,0.99599275845644009,-6.215241073679528,13.389091231904345,-3.2766562464698517,,0.1297675495613558,0.3142857142857143,0,4
0.25868404822566093,-0.93764347394142422,-0.2321794111643905,0.95866717390051603,0.21972023403804497,0.18077684707911473,-0.11848971634358325,-0.26934686656674867,0.95572613890773772,14.489619538615763,6.2668575306908032,-1.1969472395123257,,0.6280211059185794,0.1428571428571428,0,1
-0.31223724468800657,-0.94754457548158966,-0.068316765914799057,0.943345741830383,-0.31774528714064881,0.095586316334465488,-0.11227962593510829,-0.03460072217919901,0.99307405344443034,-4.341426978441099,12.811790641196621,-3.0559820418566024,,0.08340326896031551,0.3043478260869565,0,3
0.0016039752563894384,-0.9704858265439964,-0.24115283067091223,0.99355926276632156,-0.025776635236778766,0.11034290392732138,-0.113302332873692,-0.23977661594302055,0.96419383726110397,3.8027070730400889,-3.3963120809823111,-0.52851364697399783,0.4017509825199069,0.5678963451804491,0.4976744186046512,1,4
0.426156993807567,-0.89951467097203586,-0.0962474588494069,0.89746981829956918,0.40699821391565205,0.17000111502813448,-0.11374595320378275,-0.15882635352969657,0.98073240364241232,-4.5110702177222546,-10.948501418803575,0.42067445691460759,,0.3622119624345678,0.35,0,1
0.79609452941319858,0.60452273565883496,0.028031452155348087,-0.60221646376464022,0.78678341643719496,0.13530405164010598,0.059739693748720568,-0.12459581730931064,0.99040751779246627,-22.441427274105905,9.1700084668891328,-3.8072161510882201,,0.08376075478443071,0.3529411764705883,0,1
-0.9646059982251961,-0.26358005438312426,-0.007798917832919053,0.26286870451582317,-0.96350132181404546,0.050648267973961089,-0.020864140867724344,0.046805531660035163,0.99868610175163397,-8.1144076843521251,-9.0722354939288952,-0.10482396284377225,,0.1336859486480145,0.5142857142857142,0,4
-0.54632482326670917,-0.80367414761402522,-0.23587507697819551,0.83221046216480687,-0.55267443090131407,-0.04446032041436767,-0.094630513821064549,-0.22058748351794405,0.9707657946019641,0.12728056269755664,-14.479868946434696,0.97101562896042903,,0.4022537983853799,0.4615384615384616,0,2
0.89203473065917172,-0.45176656205052568,-0.013454096434476153,0.44696219684159083,0.87734858120026049,0.17459742741641385,-0.067073347108660322,-0.161760441638057,0.98454798035885616,6.2959828606587029,16.634509644893622,-3.0672118152761345,,0.07683534110154627,0.125,0,3
0.91355425878255581,-0.40018330151985093,-0.07260813621715162,0.40196005788057204,0.86114212097538267,0.3112271828595114,-0.062021997137334139,-0.31350848898665035,0.94755775507586071,-5.6507975748670694,-7.8632412721989713,-0.28530712561935334,,0.5059301064734388,0.19,0,1
0.99512447329516041,-0.098155430242093097,-0.0096329726990021288,0.094972541234295021,0.92732934036486669,0.36199518078278614,-0.026598854496580209,-0.36114513150872113,0.93213019204777314,8.8383922221237814,6.6524583951183933,-1.5068987917573995,,0.2667944749125788,0.4117647058823529,0,1
0.99018275213784801,0.13392946586399013,0.040012692262619505,-0.1397770834791115,0.95015982489856321,0.27867305948513404,-0.00069591866644266637,-0.28153011441428039,0.95955214051925874,19.896938676461744,-6.4770653043489235,0.52945402905121608,,0.6215163185770057,0.2857142857142857,0,4
-0.82419730480328524,-0.56460458181996698,-0.043823155327989409,0.56365456403173975,-0.82535818508410719,0.032823752997765653,-0.054702241281233625,0.0023521272433941645,0.99849994105970818,-9.4248995247818801,-4.4864395430904134,-1.002399479068562,,0.129443234017151,0.2727272727272727,0,1
