axis_00,axis_01,axis_02,axis_10,axis_11,axis_12,axis_20,axis_21,axis_22,location_x,location_y,location_z,dbh,dbh_approximation,score,reconstructed,number_clusters
-0.044047198186482991,0.98327452115068348,0.17672311786468881,-0.9841506209489882,-0.0731229120533647,0.16155678573974547,0.17177718014230775,-0.16680604242272493,0.9709110899529505,20.313093552208663,-10.267897713643466,1.6085428762857141,,0.4802134332466489,0.3793103448275862,1,5
-0.29757718213960632,-0.94608951169151323,-0.12791581816635283,0.94182705461311556,-0.31284509392808107,0.12284032889859615,-0.15623578293283763,-0.083920099335296122,0.98414825969409625,3.7070017958935337,2.7518877718052637,-1.688561081189117,,0.1338231704295662,0.2619047619047619,0,2
-0.88634702875145088,-0.43992199227390344,-0.14442155426817693,0.45214123955831109,-0.88955970138334173,-0.065206112945453601,-0.099785991572716337,-0.12309418503138556,0.98736547311383638,-17.436371977071918,10.44055515493625,-3.2567156722922475,0.7217214196430959,0.2007777990400629,0.2258064516129032,1,2
-0.9533055525190236,-0.29915740431775706,-0.041392885599612926,0.29346773238263768,-0.94996990351986399,0.10692928717921116,-0.071310683537553848,0.089788806921150863,0.99340462882205471,10.809848091451956,-11.084556187037673,1.5214192394414927,0.5124208510011496,0.4992527230379389,0.7303370786516854,1,5
0.042784454688339441,-0.99224666284545682,-0.1166878335949266,0.98379428707666583,0.021486227599847425,0.17800882769920032,-0.17412148389080961,-0.12241283468486214,0.97708587480941522,6.4090400421751239,2.0826718646697486,-1.4186126421827538,,0.08173056282464136,0.28,0,4
-0.66745503250643312,-0.73740882611303016,-0.1035953799763293,0.73055982891135585,-0.67539299938875141,0.10063117189856004,-0.14417390874512614,-0.0085158409608001289,0.98951572220449491,-12.741219951012946,-11.926993236633844,1.0565054316111506,,0.2637645226175451,0.1,0,1
0.48285048289945376,0.83796860974662579,0.25429121149397083,-0.86042730446473936,0.39998297581503961,0.31571897755708017,0.16285043719716261,-0.37124416242878827,0.91414304513420663,-7.3208494282300363,22.882910692891734,-5.6240722091754902,,0.2683530477430361,0.4705882352941176,0,1
-0.77008273557843399,0.62106542671420795,0.1457748815960288,-0.62714320437135196,-0.77888528481730368,0.0053957674062130477,0.11689303475772181,-0.087266539036266258,0.98930307266770534,3.6035210590914351,-9.0629436937939758,0.88652659794850652,0.1282181626649878,0.2136362294327859,0.2307692307692308,1,5
0.73279314482317026,-0.67332386342848416,-0.098230249098279376,0.67417697345189287,0.69887172276588327,0.23888014481219152,-0.092193358586264124,-0.24127430459124352,0.96606785195274858,-1.3669539525053565,13.738982893138251,-3.9164639285381893,,0.1023251880932403,0.1944444444444444,0,5
-0.24472881521757228,0.9621286402777226,0.12006784148782301,-0.95135637601961331,-0.26218146099790296,0.16180830422396103,0.18715996582878572,-0.074628151969258164,0.97949057480132073,15.806522051954968,16.352841589011973,-3.8167015545945358,0.671983664590045,0.5721419381772253,0.8347826086956521,1,5
-0.19267204314636371,-0.97970938479561043,-0.055199684176752022,0.96452871698610898,-0.1994310672059314,0.17294971391197597,-0.18044898974207882,-0.019919105816041529,0.98338262712158642,6.6146494701488159,-17.118784785789387,2.646570219473257,0.8916397075557793,0.8018974919870503,0.9325842696629213,1,5
-0.47226233093736764,-0.86301150225563183,-0.1793862808357462,0.86623743518367036,-0.49205106038288549,0.086709052944276097,-0.16309811974397392,-0.114441692361459,0.97995005096455012,3.3095813063029298,4.7792375097158235,-2.1745531242264668,0.5583627328236535,0.2780378681853081,0.453804347826087,1,3
0.55017935219499547,0.83474999880666889,0.022251290087579798,-0.81979408887995664,0.53486864466292428,0.20458050932072724,0.15887206254019945,-0.13079744817355102,0.97859679914432063,8.7457518042282381,17.241272171818647,-4.3090944285897113,,0.08914359545116607,0.4583333333333333,0,2
0.88822684866272361,-0.45598915016952052,-0.055919229629594218,0.45593914017079773,0.86004727382365642,0.22899385853950671,-0.056325533952217496,-0.22889425880999401,0.97182038078485589,15.203477672779352,-0.26015560618150002,-0.68381828846807413,0.2186378540097366,0.2074245800158184,0.6176470588235294,1,5
0.4472637748867746,0.86803684669572678,0.21556240036836993,-0.88291662443072749,0.39000472793923108,0.26144702424945915,0.14287529519788797,-0.30725940988615319,0.94083914940787305,-15.870854304183872,-15.947737478856926,1.8044218864990293,,0.5275757841554616,0.4509803921568628,0,3
0.82430973872733881,0.56579193664303551,0.019822690760586025,-0.5536130637476423,0.79825275732935075,0.23728698039301976,0.11843154261941984,-0.20657206937485939,0.97123732932119755,-2.5244982777359484,-9.6564789658618366,0.85412162643898337,0.314544932024809,0.255319672478186,0.6666666666666666,1,5
-0.90421371063533884,-0.423154014053785,-0.057777555237672432,0.41884023965657896,-0.90506219325739568,0.073724351340197947,-0.083489036067574476,0.04246300420698592,0.99560357277895795,-12.560061946445797,-5.9975536542514556,-0.051039481826212686,,0.4840308524063124,0.4683544303797468,0,3
0.33057429695421492,0.92592749188105505,0.18269897091141052,-0.92583044247181756,0.28057818783743743,0.25320717269125914,0.18319013615822224,-0.25285205217423401,0.95000379669010426,-21.889477879807625,21.706277273958669,-5.4638617996125474,0.5558987044159972,0.2747770761062182,0.4545454545454545,1,4
0.25135491235497898,-0.95041693632887259,-0.18310749622628877,0.94677718497770924,0.20212830112734434,0.25051369601093215,-0.20108125233523133,-0.23632984792999195,0.950639012946913,15.329036720655083,4.984359408019829,-1.8164723742894417,,0.384990724109066,0.5405405405405406,0,3
0.55136540654326738,0.82868970253401708,0.096278582153361172,-0.81932505801651534,0.51613259852939708,0.24962690167833951,0.15717072810677102,-0.21651909303656419,0.96354389862476553,-17.646687766853642,-9.4009386697761474,0.51882826598645193,,0.1519176132343495,0.4210526315789473,0,1
0.54555899499470084,-0.83633903055415026,-0.053874009987343277,0.82664681077367697,0.52642972313195757,0.1988134724834284,-0.13791458667624928,-0.15299925677909235,0.97855546302034635,7.072741281234098,13.589454498504551,-3.7342592271053712,,0.1131799177456015,0.3673469387755102,1,5
0.791092684714917,0.60994202033718992,0.046293585058106164,-0.59979641710109999,0.75862292595755987,0.25443174771296562,0.12006923928812283,-0.22904582082757549,0.96598208561970433,-13.609860197526933,16.20608289465218,-4.3725077949360687,0.5571043076916551,0.4276260964347681,0.8974358974358975,1,5
-0.9951411888994347,-0.093416288056997268,-0.031103235868169394,0.09115390292795765,-0.99354116650126501,0.067578964540047678,-0.03721532126449173,0.064415429773903479,0.99722899690603806,-5.0126246987079455,12.901224649361312,-3.7141921906221573,0.7827064489337087,0.4712165567824068,0.8870056497175142,1,3
-0.043207885317763595,-0.99210186263016797,-0.1177581114493552,0.98377844304492545,-0.062790931831239988,0.16803950095101733,-0.17410644343754023,-0.10858726005161162,0.97872148914183665,-11.074895687712948,11.972937694441093,-3.5339331701318457,0.6297454582288071,0.4111000076992361,0.2173913043478261,1,3
-0.86343991741568271,-0.4896554435463038,-0.12128089552222843,0.4957406754012661,-0.86812788725712342,-0.024395780765975945,-0.093341800742741662,-0.081188163989325032,0.99231839157709167,-4.5573275982580492,6.6435050226185988,-2.5177206067150242,,0.6163360495849204,0.3569937369519833,0,4
0.69652311180379456,-0.70032900972175749,-0.15618845304728504,0.70529578933088899,0.6281944343757111,0.32852641015830242,-0.13195985857555112,-0.3389852957895455,0.93149104395222027,-6.5657680116172372,-11.746744819628269,1.1629617484750321,0.4565868083497964,0.2796196326353276,0.6444444444444445,1,5
0.76911947791856239,-0.63191397790834136,-0.095603102514168592,0.6288708571506586,0.72162498870187575,0.28944571288518584,-0.11391520404614226,-0.2827403406043677,0.95240811949607596,13.656028903540181,-8.1495155503090544,0.96248165090267712,,0.1471882143485415,0.1875,0,3
-0.60073165630514969,-0.7981507909765192,-0.045571833147570462,0.78480315741623896,-0.59962806461922669,0.15662116150285707,-0.15233345404859441,0.058322371218588319,0.98660682127839938,-2.9468984326164662,4.3648602408061814,-2.0576227326216436,,0.08096872298628369,0.2841328413284133,0,5
-0.8565770995895331,0.51458190103677282,0.038485576313261494,-0.51100727072443863,-0.85626459445244185,0.075382448580255876,0.071744280089378193,0.044904469850735922,0.99641173561027496,3.8304684153350834,3.6332553472368203,-1.9045743110978872,0.2683774829820567,0.202460421969671,0.2432432432432433,1,4
0.69830809512198644,-0.70801978223469442,-0.10523208755621474,0.70755175468500076,0.66051368622540929,0.25118157725258777,-0.10833429156679383,-0.24985927694055604,0.9622026933019171,8.2848474308180791,-10.57480442736863,1.3663696905167615,,0.1273065529576554,0.2380952380952381,0,5
0.69605971565231928,-0.68940197650613499,-0.20056367326973099,0.70962777015649414,0.61807782481459772,0.33824285697583845,-0.10922133522684405,-0.37776277908482497,0.9194378623209809,-22.30405876217587,-18.802524089611765,2.2418467576174623,,0.3539894931361955,0.5,0,1
-0.99753979911760271,-0.063541402926747453,-0.029611472278728904,0.062843394508397987,-0.99773632683941571,0.023935953535477554,-0.03106536565171986,0.022016180847081998,0.99927485249946779,-15.030412469161202,21.864554718181687,-5.5047670213202817,,0.2493504815242183,0.4210526315789473,0,3
0.93406447068276244,-0.3320586143275267,-0.13137975970070867,0.3547244978694627,0.82036064112537843,0.44852976389936239,-0.041159387986103489,-0.46555933579216641,0.8840590532523086,-13.447674115807407,-3.0079979116940674,-0.62439168015744839,,0.3366392679544498,0.2,0,1
-0.39488691418831612,-0.91774946966837634,-0.042429187197529798,0.90316654459690082,-0.3962478512235828,0.16516002277060657,-0.1683879975643256,0.02689890934790886,0.98535370854945725,-7.0423420826696574,-2.0187260777663689,-0.82860916305914922,0.3571724449877962,0.3074143023164166,0.834924965893588,1,4
0.72896571404100641,0.68148550932715291,0.064703078209596782,-0.67108779224621318,0.69277749772919017,0.26400854860815681,0.1350931635975316,-0.23587462605628712,0.96234764920584559,-20.41265478249565,-9.8616075551918936,0.5744951415910956,,0.3120878124916789,0.3793103448275862,0,1
-0.99948052745215832,-0.010433594005752904,-0.030492873922913485,0.011868240016609494,-0.99881245771316118,-0.047252716280687779,-0.029963646688341027,-0.04759006653828228,0.9984174304588328,0.39310252506386173,-16.448854268307677,2.3210314379107397,,0.2254685781565339,1,0,5
-0.90374408958188446,0.42806287940594362,0.0029651004205772857,-0.42578107513782587,-0.89959935053574291,0.097115830687620974,0.044239084532667727,0.086505374343807423,0.99526866905843536,-5.4536257314275796,-1.4042343482168897,-0.94252517028962224,,0.1643662156129515,0.1666666666666667,0,5
0.96437430431782523,0.26335006393329197,0.025078775844151444,-0.25771964239984069,0.91388411313743967,0.31368202638387294,0.05968908688201259,-0.30897017911333363,0.94919684013689443,10.664307943525536,13.462621316774671,-3.5875717009735575,,0.2173538230924132,0.45,0,4
0.62835961368937432,-0.7743853116613435,-0.074105229014603563,0.76839433945097624,0.60297622100025783,0.214452363027197,-0.12138506903174311,-0.19169524248508235,0.97391919532615578,5.5521271446932055,-5.5158026132870992,0.17009683921760615,,0.07255320848280984,0.3928571428571428,0,5
-0.30588008792960514,-0.94032474872070548,-0.14908634663013393,0.93607566798552722,-0.32561389173886235,0.1331838477898987,-0.17378065373806006,-0.098817814436546997,0.97981392311824067,-11.72799457088516,-8.2455312882826721,0.35519069589401597,,0.08488368520397054,0.2777777777777778,0,3
0.49000191232987028,0.85473103429964215,0.17126875055927349,-0.85462505368553998,0.43230861267228926,0.28762002889636995,0.17179680883549137,-0.28730492932496826,0.94230660300112346,3.8381153142823652,-15.61282141694517,2.2428855079643437,0.3759396701512236,0.2979935939106123,0.75,1,5
0.80409044389540352,0.58575139233518725,0.10165561673357053,-0.58204083723782996,0.74080284436360988,0.33532015980294261,0.12110748046086517,-0.32879545641656116,0.93660371877130932,-8.0762564288460101,11.193717768175077,-3.3684597280878728,,0.2319850871364026,0.2,0,1
0.97657032684286738,-0.20991843884789124,-0.047377692658885487,0.21283578580718182,0.90961620544245003,0.35679025642009654,-0.031801336604851405,-0.3585144457733091,0.93298235093810966,0.73624444441383574,-14.512401415084325,1.9291422973595513,,0.245013849370349,0.1379310344827586,0,5
0.63830664059810249,0.76671451097664844,0.068654870374973087,-0.75110822831247936,0.60081454132145162,0.27360247860350689,0.16852614613066352,-0.22620951702908765,0.95938948945452451,23.656905562431774,-12.007516328556539,2.0578958044568458,,0.2633845175360376,0.4,1,4
0.8317220169614099,0.55515650913709935,-0.0063037182959536876,-0.53406910698606602,0.8031283326996016,0.26411185164294421,0.15168610834466956,-0.2163010207508704,0.96447145782411892,7.85105972565957,15.614901895485287,-4.016996022077211,0.7151264998441093,0.2812917829383222,0.6666666666666666,1,5
0.10655980460391179,0.98882546666786808,0.1042554771311818,-0.97868358616556517,0.08579341705742867,0.18659562631455268,0.17556607363863388,-0.12191671771617026,0.97688938356828858,-5.1864947740351433,-3.2771199272288913,-0.51207508529452073,,0.06908079853814389,0.1774193548387097,0,4
0.4630669343814719,-0.85432641209699667,-0.23599872007283962,0.87756227253011343,0.40459234958364604,0.2572731787228662,-0.12431199505409235,-0.32623827527109328,0.93707796667823406,-7.4848868115424576,9.8857667010833996,-3.1110576968344077,0.4700019397912497,0.2243160730776791,0.2336448598130841,1,5
0.45780004514408162,0.88405328330979027,0.094174895461886968,-0.87183439157610487,0.42565911483813157,0.2423202666314602,0.17413762468576582,-0.19303914168996572,0.96561481836413487,-13.945162170715067,-6.8636170656389872,0.073343708788565012,,0.1887652004437254,0.1454545454545454,0,2
-0.77240306813498116,-0.63314241854817621,-0.050241199932259853,0.62453168163873563,-0.77152325962768387,0.12129319223668673,-0.11555811942550806,0.062310012746260822,0.99134443224663338,-0.36016049613276435,-12.609507930634914,1.5686959984019955,0.1882902559021847,0.1657559473932146,0.3076923076923077,1,8
-0.67247738834349868,-0.73462046955032745,-0.090038480020294923,0.72218520326886171,-0.67792738962894838,0.13734258833440555,-0.16193422845779501,0.027335327115981314,0.98642287359186975,6.6427353925394099,-14.300342152144784,2.0518529821406157,,0.1728471681012396,0.2,0,5
-0.99855204405849773,0.022619059205248759,-0.048807719340957886,-0.027274338404126131,-0.99491780706318167,0.096926093768431934,-0.046367292040979398,0.098116947309112287,0.99409412978828482,11.028835603282261,11.612238217578955,-3.2594914798464241,0.2915882859400215,0.2828213284514732,0.7766990291262136,1,5
-0.87802082128307768,0.47362085547124366,0.069012481886100291,-0.47504344804856435,-0.87994888087591316,-0.0048671872124014214,0.058422254830866889,-0.037057419067133231,0.9976039233245636,-4.6123866789615411,22.54091475528142,-5.6114883716341826,0.5780342532315436,0.4410309539374346,0.3333333333333333,1,5
0.091117162031392557,0.99451080115615031,0.051438596084036205,-0.98137656312040888,0.080902373814839265,0.17422642528932766,0.16910855726816029,-0.066355650059928342,0.98336118672835815,-17.892740665178614,8.9812081735676177,-2.9601867460773685,0.5029267304462227,0.20864164554668,0.2258064516129032,1,3
0.86635869473776128,0.49926301273619428,0.012611747137577841,-0.48810017268701072,0.84110138818111069,0.23303792872131257,0.10573946035039912,-0.20805023170712444,0.97238586353947909,-3.5301866155376636,-8.5636035384381266,0.64440393005828855,,0.1092989251009821,0.3684210526315789,0,5
-0.26222605130414411,0.95973584219690011,0.10072046078153404,-0.95684025685944074,-0.27213652835227614,0.10197270610085443,0.12527657750192872,-0.069633491503579101,0.98967517701032848,24.974199243844708,9.6311395608195163,-2.18811004514296,0.4294912103285446,0.3994594076060561,0.3636363636363636,1,4
0.54820407395477744,0.83485757972414287,0.049850926536346304,-0.82154860618353309,0.5263859004694571,0.2190337222092833,0.15662113834754104,-0.1610301380615011,0.97444297609383734,-12.710737880286844,8.796908619372612,-2.9357908454296346,,0.08826076746520015,0.4285714285714285,0,5
0.22231500018156394,-0.96085357279469319,-0.16533738942520973,0.96085042364190498,0.18716004916414089,0.20429777136338717,-0.16535568959501112,-0.20428295975080393,0.96484504884152689,4.3055241620438318,23.833908174224977,-5.7214311569500014,0.3082357202390496,0.3550356922687374,0.4166666666666667,1,5
0.66229996334359353,0.73363720021002954,0.15210265291264563,-0.74218407029815581,0.61460940399367348,0.26724162534718399,0.1025746769467881,-0.28988228471317717,0.9515496291096599,19.182658786580713,-16.917379129522846,2.9302496449816444,,0.421040307335115,0.1818181818181818,0,5
0.6069762084814857,-0.78320118579114062,-0.13481759867610824,0.78472838237752607,0.56384229227042126,0.25745530745818535,-0.12562343821354285,-0.26206444249952937,0.95683905634585142,6.0254581947018719,-6.4068347072698648,0.36666736566378116,0.1651524378254118,0.225485728981799,0.2432432432432433,1,5
0.8012333410588609,-0.57734505511408529,-0.15715540242374851,0.59478871190229921,0.7398784265944166,0.31433469750216131,-0.065203691377559159,-0.34532969926649165,0.93621358537208565,8.1619510677520299,2.7512802085905244,-1.5975866862210801,,0.2444743361450282,0.3181818181818182,0,2
0.5336139170721701,-0.8420027348405702,-0.079294274874644174,0.83469344007634294,0.5092352844399155,0.2096813920568979,-0.13617286293683956,-0.1780753200261026,0.97454919413910834,8.764370546713522,-6.4879295491292117,0.47502799445306787,0.5986488022860337,0.5707765731622972,0.8899521531100478,1,6
0.84921001984184175,-0.51811039109237433,-0.10199982765831757,0.52274376995603788,0.79750788395852446,0.30119781871080403,-0.074708052928505728,-0.30909998004869638,0.94809066505346817,-0.082548703879912463,20.801892566600674,-5.2111948290347225,0.1634719927915405,0.1141484433668749,0.28,1,5
-0.9753832597425578,0.21261941030122708,0.058484895290510895,-0.21291177697894501,-0.97707061757891578,0.0012583670470032479,0.057411426020013999,-0.011224732830471406,0.99828750044024572,-6.280192545357087,-14.736844777816364,1.801015389497729,,0.1722992554907659,0.2857142857142857,0,3
0.99488247153940856,0.10096489646672321,-0.003867493387531052,-0.092573164481962095,0.92619337442130389,0.36550792384827241,0.040485516440257253,-0.36327940054391028,0.93080019343520937,-0.93541193089437136,27.629913587371245,-6.4784966248226352,0.5071750243018377,0.6127592625479427,0.8787878787878788,1,7
-0.66212258019768611,0.73216400275571736,0.15977972919330591,-0.74045125435936643,-0.67201987138627428,0.011010557643339539,0.11543668701933921,-0.11101876206615972,0.987091285423642,-19.632771324912103,-7.3373571728417977,0.11433211609619073,,0.3601203680091064,0.3333333333333333,0,1
-0.99535583001389927,0.09574511919828195,-0.0099821744649653283,-0.095465436615757376,-0.99510622863825293,-0.025494001983135228,-0.012374250244157236,-0.024422650860627036,0.99962513576632073,0.2594738723692791,14.220976057700511,-3.9983154525284972,,0.1798021014750286,0.1612903225806452,0,4
-0.69146009751290272,0.72241381477181377,0.0011017142475162373,-0.71392718755675488,-0.68356859758853317,0.15179572872168859,0.11041242871502041,0.10417414562972045,0.98841127217751235,6.9321218459942289,-6.0960561116648933,0.33659347992063648,,0.2264392415180484,0.5784313725490197,0,5
-0.24761807151774651,0.96847956767113252,0.027066910820570458,-0.9545107114641409,-0.24864602959204293,0.16457355093796963,0.16611620137136471,0.014915729001608511,0.98599337151438227,10.804720287584519,8.7493533378634361,-2.7372853800612558,0.281629768136887,0.251168367511536,0.7826086956521739,1,5
0.99664653672693349,-0.072329226235469501,-0.038264394185583958,0.081385215144952533,0.92473957961397779,0.3717971982831163,0.0084927961250272094,-0.37366454598682947,0.92752502903503198,-19.421017942452924,23.036050344426204,-5.7103130673442397,,0.1942325142155886,0.2727272727272727,0,1
0.0095753476444067672,-0.99225750109525757,-0.12382796226089092,0.98135726003910495,-0.014446483936917436,0.19164870797999592,-0.19195374673610863,-0.12335457276508342,0.97362077242215528,4.7225189672151027,22.371238963350674,-5.4451355480546884,,0.2765121503659214,0.5652173913043478,0,5
-0.19261289163776912,-0.97749985149911145,-0.085990198826104619,0.96738993489617364,-0.20384646313363344,0.15034404986392266,-0.16449008431061871,-0.054227850659271229,0.98488697441704542,-17.491607261160798,-14.024304753057271,1.435136526204797,1.013957808531214,0.3919951303417122,0.7755102040816326,1,4
0.36968942974933383,-0.90457114355519919,-0.21232232991103925,0.91011830321742493,0.30651438039067708,0.27880747615936557,-0.18712135014542919,-0.29631061550501209,0.93658188080850291,-6.8228126624857195,-13.301561889609834,1.480560325802543,,0.4900461920340462,0.6428571428571429,0,2
-0.88853135533548699,-0.45689921260516642,-0.041894392303326193,0.44943640246317318,-0.88509975459161494,0.12085257367067895,-0.092298162097879791,0.088552436119202313,0.99178602295591511,-0.73796542363689688,14.91105717141596,-4.1256931425494345,,0.09682060148932219,0.2916666666666667,0,5
0.9975454691920187,0.0089952772500807403,-0.069441499707812535,0.0186039630712851,0.92202318010328776,0.38668740335090129,0.067505032793994016,-0.38703015430249682,0.91959269799627452,-4.6130803626255705,-10.597514619337728,0.99868794096422486,0.5447897864440264,0.5679973053757057,0.4139784946236559,1,5
-0.16585044792397585,0.98187185720588932,0.091767559357732245,-0.97573991226237933,-0.1768735693933301,0.12902466457335846,0.14291694280812678,-0.068142471903514079,0.98738612051276986,5.4344040013416146,13.536238890992895,-3.823612334963955,,0.6787399621829874,0.6741573033707865,0,3
0.98776222580868311,0.15502966996635159,-0.017075909803058266,-0.14724241274990987,0.96300587649931058,0.22569748274046206,0.051434007748407416,-0.2204211497518333,0.97404777069146775,-9.9714425577495209,5.0430419039683185,-2.172319456900885,0.369770195291477,0.4136912263583459,0.967761934283943,1,5
0.97874217073117087,0.20495551436631268,0.0075498584937491063,-0.19457372697380867,0.91626728924274492,0.35013614414292255,0.064844645144816249,-0.34416201387513973,0.93666839393749712,11.137778482099574,7.133550946384255,-2.3799272882920088,,0.1506598269704216,0.3636363636363636,0,5
0.53603847048855402,-0.8063457559207996,-0.24993855257804151,0.83495672685115629,0.46272678527611921,0.29787780460120278,-0.12453924057218171,-0.36836183854539406,0.92130317130744821,6.8506394189910287,24.860341507217957,-5.7524233731630074,,0.2902454204522322,0.1739130434782609,0,5
-0.84058900511524803,0.54164004550118172,0.0060154458549435321,-0.53615091542977122,-0.83354936912283484,0.13318275083035655,0.077151282317107703,0.10872676921715538,0.99107324113428852,-3.8900753751986148,10.182123631507176,-3.2197601994575225,,0.122655341594483,0.4563106796116505,0,5
-0.96702374553247594,0.252781827633484,0.031087347822224866,-0.25417134417638448,-0.96561009652635788,-0.054718089202116751,0.016186518338243933,-0.060815204551464531,0.99801778917985828,8.8011900926865021,4.9913384587502607,-2.0669182446806476,0.4960325775747164,0.235284002573586,0.1428571428571428,1,3
-0.73531811503419153,0.65814246964586709,0.16172742300241857,-0.66932572392260581,-0.74267483417855296,-0.020908514374264074,0.10635010577354161,-0.12362273385708032,0.98661394409143555,-22.789692776694309,15.025502843132328,-4.1298343391129348,,0.4312845068271723,0.2727272727272727,0,2
0.45186271282055346,-0.88758318370034639,-0.089533126689561787,0.88082398648940752,0.4280065213488502,0.20238459058872507,-0.14131239714674645,-0.17031297571005921,0.97520474604947771,-8.1953066052370804,23.828058186830571,-5.8439297125160126,,0.3209141073640381,0.2105263157894737,0,4
-0.88543561325929798,0.46472972600774648,-0.005482384234628138,-0.46091158458949605,-0.87652354310211533,0.1388055819443646,0.059701641211366924,0.12543029997763319,0.99030447534290678,12.401899918008167,3.1045008832366525,-1.4825244791987304,,0.199908960956227,0.3571428571428572,0,2
0.16681911172390071,-0.98129898476824506,-0.096040025283536293,0.97109401970618969,0.14665200702714587,0.18833372965506284,-0.17072723524536176,-0.12468155969398004,0.97739793319699275,20.125724411723603,-0.14005405286726527,-0.57360924464719465,0.1305922420742822,0.1224010360797436,0.5714285714285714,1,4
0.59138192455366889,-0.78767022486939176,-0.17275137095085316,0.79587565797341309,0.53563496581047731,0.28227135959320088,-0.1298050706119922,-0.30441879090392748,0.94365239542323265,-8.8426783985148507,38.542396846350606,-8.3530097035908604,,0.3474208779020508,0.4166666666666667,0,2
-0.22433232473740053,0.97373123612962675,0.039019070508957282,-0.9582440911391239,-0.2276960159195521,0.17298203990968994,0.17732250244926048,0.0014156693938094029,0.98415177996348679,-12.376298057347606,-13.058914253957177,1.2823873266899912,,0.08845393065678632,0.4347826086956522,0,2
-0.59507930296683442,-0.79703383686180185,-0.1030421567993467,0.7890028123172953,-0.60378037096712622,0.1136830057229232,-0.15282403389488605,-0.013650147697152375,0.98815914109618008,-12.511667065871668,-2.7127838549020238,-0.66039229238988084,0.3788122024039814,0.2021697954626934,0.1764705882352941,1,1
0.24732158808822829,-0.96399168241848499,-0.097734683165679639,0.95404597805670421,0.22466550280070038,0.19829695813384279,-0.16919900655542644,-0.14228649998958987,0.97525701643278073,1.7049966484697885,19.534619354283688,-4.9764552881829678,0.3425395449999381,0.3460352607994052,0.782051282051282,1,6
-0.35590167579973347,-0.92889437403134012,-0.10241698616863738,0.91711808853979582,-0.36822211319611819,0.15266593276332735,-0.17952272512429487,-0.039594409280989756,0.98295669992001,-6.0145249845583466,-9.8333423921935186,0.7807485617909371,,0.07628769488055276,0.3125,0,3
0.78685559220759038,0.6085851594264734,0.10238349836520527,-0.60497666644652959,0.72789019293503221,0.32276787337690144,0.12190779329841252,-0.31591133369168167,0.94092428982264864,-13.634947037669125,-13.748389370218247,1.3697055994458225,0.4659585174224193,0.3073864816212322,0.46,1,6
0.64170345207335655,0.75148213033790456,0.15326867709986453,-0.75263987355666928,0.57859749955356066,0.31425810131636756,0.14747847412330523,-0.31701662620937154,0.93688342838214889,-18.626056304762596,-7.0773650408861943,0.077901200530643186,,0.5473078892041341,0.36,0,1
0.23563642227513548,0.96173036580852711,0.13982195814381712,-0.9583419606713508,0.20604903558792637,0.19779909340003771,0.16141921482266436,-0.18060592021050337,0.97021922196529986,18.368572715928941,11.372818627006938,-2.8987480614670167,,0.3429093130319296,0.2142857142857143,0,3
-0.49671772258035368,0.86357519140234118,0.086656753164404465,-0.85659259146515576,-0.50386269213227775,0.11122733353012605,0.13971627078330981,-0.018980944961283795,0.99000964005750003,-14.858624460499344,-12.053398403814619,1.004521107895515,,0.1855890714986769,0.1764705882352941,0,1
0.97184950979651596,0.23364904536872683,0.030276292813947225,-0.22970010490483556,0.91106240835424968,0.34234945580570642,0.052406031284393223,-0.33966661843937274,0.93908476518522122,0.54205864243361246,18.414624437839727,-4.7721067005075435,,0.443173308275502,0.6776859504132231,0,3
0.45050852927717416,0.89208814227356492,0.034940112527272915,-0.87598894190935428,0.43414786117714715,0.21014044895697581,0.17229462760355702,-0.12527721680421175,0.97704666226784831,6.9180745791118943,5.535660001726229,-2.2560858135839563,0.3325076597411591,0.3269779309962061,0.676923076923077,1,5
0.069544209057375281,0.95569409561688456,0.28602866742620403,-0.98183002766176641,0.014825868962460314,0.18918242622189715,0.17655990419197592,-0.2939880766502852,0.93936021366629474,-11.773120015416561,17.035630387104,-4.5199483486903977,,0.5359159307197616,0.2857142857142857,0,3
-0.89268452409458388,0.4420288530420271,0.087891032081652665,-0.44549566663385254,-0.89496987561860364,-0.023717772780803972,0.06817588615109714,-0.060327562635768564,0.99584769605293622,-8.7441177515412818,24.653405895843388,-5.9759915511288959,0.4105473576040932,0.3092107243236768,0.6,1,4
0.80973963596909859,0.58597251687874141,0.030950466933890357,-0.57438291497110738,0.78072724164248919,0.24606755403060446,0.12002495128066568,-0.21702807104175287,0.96875839477651493,10.476315186981848,-6.8319349596710346,0.54421430620729461,,0.1167093515468508,0.2272727272727273,0,5
0.72851486744561866,-0.68191298977624459,-0.06527451482099926,0.67730676814150703,0.7027557978636596,0.21769205405507674,-0.1025749956880346,-0.20280276857931451,0.97383233018634419,6.0508668112741182,11.253833806660021,-3.4632522732046507,0.2377050299589188,0.1889339052379282,0.7282608695652174,1,5
-0.090111761202632368,0.96501856419705134,0.24620934435561537,-0.981968367331023,-0.12734223696364072,0.13972143803418866,0.16618663019089541,-0.22917924303949999,0.95909273717698262,-10.487801670537554,22.711722852110075,-5.6782827783983887,,0.4668807513096375,0.2222222222222222,0,2
0.10911440031999232,-0.99071220139415028,-0.081138040718068669,0.97848085203523116,0.092668619001418706,0.18435766665039727,-0.17512643958927956,-0.099508095455236187,0.97950439973266845,-6.6698763526488278,8.7430502443807168,-2.871539269884205,,0.1421307157896254,0.4774193548387097,1,5
0.99228207828334092,0.12260238858749532,-0.018572329695957932,-0.116369301569672,0.97243994736625028,0.20203646804107356,0.042830628875622771,-0.19831591736158186,0.97920188630902549,-7.9677483287150874,-7.8819321926098072,0.38452989632901841,,0.0674689425825573,0.3207547169811321,0,5
-0.96813502345198899,-0.22564809554703985,-0.10861635853595825,0.23526885221229252,-0.96814106533645183,-0.085740566757580725,-0.085808761465996697,-0.10856249161287088,0.99037924143758072,-14.489334918568913,23.512314831601266,-5.8596626582390057,0.7075663733085621,0.4866647909296892,0.4864864864864865,1,4
0.96580894681293661,-0.25413166922744734,-0.051285211823293021,0.25558345436519508,0.90014317820723788,0.35273128097991113,-0.0434761556585102,-0.35377867858683354,0.93431818480992479,-7.9413790015915255,-9.0813131362662745,0.61118236338880894,0.5086057485445219,0.5675743615259826,0.2295081967213115,1,3
-0.36623611636029746,0.93015538830094691,0.02611629162118222,-0.91369519426406343,-0.36478505485784379,0.17914506895562757,0.17615958404833804,0.041747064173133681,0.98347597000681308,10.870170564838277,3.1763142468707071,-1.5331196952644646,0.5648653332473105,0.31959308786982,0.7058823529411765,1,4
-0.5400087441179684,0.83990147872132748,0.054369681973154595,-0.83146363982133931,-0.54237730507138282,0.12039549243453451,0.13060923371333572,0.019808204997709567,0.99123602793864574,-20.231977571109471,22.544520640334291,-5.5959665230491327,,0.2484043486811861,0.225,0,4
-0.71215826515152858,0.69831557054528559,0.072013674467974131,-0.69285811683646281,-0.7156750996517659,0.088072593195993754,0.11304085681822033,0.0128263662995006,0.99350754854573464,23.736443181595547,-10.61536871135362,1.7735480715927052,,0.3252954276153298,0.2083333333333333,0,4
0.3168321038764374,-0.94695445046103144,-0.053802292751124622,0.93397225262740613,0.30159910004240037,0.1916606745675902,-0.16526720568618594,-0.11097410331091374,0.97998545862631004,-18.106280429259964,15.075751037934008,-4.1564962632388687,,0.2396238800980531,0.7142857142857143,1,4
0.98289378471429723,0.18390122609684925,-0.010007347804582959,-0.17616494372922731,0.95461459386599434,0.24016013361701466,0.053718903291899808,-0.23428895880544559,0.97068170025553524,-2.2819882820094981,-1.5967112005737392,-0.8750170968892963,,0.07427451031911209,0.1868131868131868,0,5
0.60562207476438401,-0.76709198373079512,-0.21164071218467601,0.793701916605972,0.56322435448931396,0.22981643563092377,-0.057089141998193149,-0.30716154545458574,0.94994347982385796,-19.414563088943378,21.879584322005002,-5.4566534258235926,,0.2829191315704405,0.25,0,4
0.96847118590437098,-0.24755220628976196,-0.027954735449560706,0.24812174358649841,0.94841357701197493,0.19735067088547831,-0.022341943348323498,-0.19806461597272648,0.9799343067098929,-12.15492871050464,20.848034108831268,-5.286253349503971,,0.1333061664495178,0.2857142857142857,0,4
0.032001015389472566,-0.98441392731762001,-0.17293106926502066,0.9789313288978776,-0.0040400106762208763,0.20414977740857893,-0.20166652750587802,-0.17582064161194691,0.96354434961079249,-5.5332343444428878,-12.434709084563099,1.3319067573775567,0.3707738148952163,0.3571778794967807,0.4444444444444444,1,5
-0.66532809395071235,0.72071180858951256,0.194712650743464,-0.73766062502970153,-0.67478258377469158,-0.022918702300547961,0.11487092617674127,-0.15888031216606094,0.98059253348437891,-16.257258409145432,-5.3423185842042109,-0.22859191588440902,,0.3044544036699401,0.1333333333333333,0,1
-0.2279205068542913,-0.97066581854355105,-0.076551363583297907,0.95777536201229718,-0.2376557188758654,0.16182124461210243,-0.17526722020245897,-0.036436629876745438,0.98384641765151981,-10.182842743034151,-9.8217414899698667,0.69908855396866265,0.3440693319001675,0.3484447684539019,0.4712643678160919,1,5
0.97714633299102638,0.21023841598703605,0.03138235755089578,-0.20427932268174884,0.8879315159690877,0.41212568625787405,0.058779267151574756,-0.40911786980294529,0.91058638599587227,9.5451379579917432,26.349104171542301,-5.8237949274490211,,0.441666709381196,0.1707317073170732,0,5
0.84591651359087061,-0.53058335757209352,-0.053912454050915652,0.52810968383545209,0.81927879675994542,0.22334371497491609,-0.074333127698805596,-0.21740182576763645,0.97324767262984635,18.95749321865998,-6.8193025812651031,0.85098535027439726,0.7737209751065673,0.5684933517467332,0.9294117647058824,1,5
0.6341348017319639,0.77171515083523023,0.048257426410065161,-0.7602305599143393,0.61087167905814033,0.22110017525325515,0.14114725999712036,-0.17689408609687413,0.97405643229705063,25.219459144228559,-8.0555271513673983,1.2728185161220451,0.9922088682452325,0.6934304145759878,0.9404761904761905,1,5
-0.031361720197675885,0.946713154521722,0.32054741546575161,-0.9844335636870174,-0.084746048173534996,0.15397618648819636,0.17293640794442805,-0.31072867645986479,0.93463398634587369,-21.998874694943996,-8.5000180370719303,0.28336418172799333,,0.1999654285078483,0.4166666666666667,0,1
0.4862624349996098,-0.85865939478895537,-0.1620274299275116,0.86225796651657272,0.4414561630799827,0.2482491797718657,-0.14163348293025485,-0.26042369289172596,0.95504945248593298,9.2704156799188961,10.022851270765489,-3.1155058909846089,0.4495288742847188,0.5176537424269825,0.5819672131147541,1,5
-0.482613757153047,-0.87037396722121929,-0.097637690418290096,0.8570390832029694,-0.49228426346198878,0.15211907773288422,-0.18046598369010095,-0.01026455704282294,0.9835276648877147,14.269431968060934,-3.3824753038158395,-0.040774393185633674,0.2899376860779395,0.1576761799574312,0.4516129032258064,1,5
0.96463486970247014,0.25691803863813945,0.05892953059740428,-0.25517305572162718,0.85415237794006604,0.45311193638329378,0.066077831288460467,-0.45212480210851308,0.88950372878957151,-0.3840825544309045,9.9755583344493992,-3.2660553338276102,,0.2165408886461476,0.4365079365079365,0,5
-0.81840445611725554,0.57415757912544574,0.023605519274691407,-0.56873987364315537,-0.81518681090796008,0.10956924500095164,0.082152920433711252,0.076246558312613108,0.99369882761815442,1.4562036424749503,10.69849236893811,-3.4222216059513473,0.632262575544269,0.4186582786068953,0.9045454545454545,1,5
-0.21709548318837449,-0.97349202510695798,-0.071991862264833922,0.95965920051485132,-0.22634579420173426,0.16679868199233791,-0.17867224195828835,-0.032876412522335204,0.98335922808160925,-12.254116381068393,7.2385783118467746,-2.6282682747162203,0.3453732600799133,0.2916838161405186,0.848421052631579,1,5
-0.59113636168142913,0.8001715109745946,0.10140687808367946,-0.79924984634356055,-0.59802417731983071,0.059722411712315543,0.10843193725945509,-0.045745342556102297,0.99305079357331316,-10.36966025570937,31.531458972160845,-7.1830825240695981,,0.4224858072197397,0.2222222222222222,0,3
-0.94379046781017784,-0.32847256064178015,-0.036950369092588115,0.32113969923166874,-0.93766643966203733,0.13285684592414684,-0.07828694941074027,0.11352279434964235,0.99044622706889496,6.2500437992834277,3.4789572138654026,-1.8030740727157981,,0.4301813656597987,0.3815789473684211,0,1
0.48180080384640739,-0.85007379743634104,-0.21270290154371244,0.87124018093086242,0.43870508810135805,0.22017809338246558,-0.093853782792777021,-0.29139729680650478,0.9519869131817662,-2.0336104805320363,24.63642243910056,-5.966403017828271,,0.7073508927645014,0.7037037037037037,0,2
0.29238523256804289,0.95577862864918328,0.031592543323054348,-0.94084274388227995,0.28158613106153718,0.18847859846109308,0.17124779432213069,-0.084831973991427667,0.98156901394070284,18.307047630319829,-0.86593573961632353,-0.36733749281607891,,0.1018495580110246,0.4666666666666667,0,5
0.62895256611487904,0.76923476794941292,0.11267893039660372,-0.76481540082118626,0.58618624072864367,0.26728840948898219,0.13955669903031517,-0.25429031235624089,0.95700593770233644,-1.5242727330772712,-7.1020864311797904,0.36179062193911354,0.6030354397783477,0.2984295821165444,0.3333333333333333,1,5
0.9803839175303285,0.19621200518938925,-0.018660741342351673,-0.18953080822332982,0.96449359754934438,0.18392980460092886,0.054087401325063338,-0.17678503699658402,0.98276223152501074,-9.6401551561684133,1.0159207114055544,-1.4113038158570734,0.423931636160186,0.3920364452876707,0.9830176355323318,1,3
-0.36616560809299042,-0.90846131657995266,-0.20154598415178787,0.91077233520295264,-0.39429289530382683,0.12258411863650404,-0.19083107943637892,-0.13867641829362209,0.97177793251874223,-11.930840750286823,23.44375603535801,-5.796003019074381,,0.4817082420200506,0.4117647058823529,0,5
-0.7122376187932874,-0.68832357789171406,-0.13757989131416368,0.68311024116794505,-0.72478049898931729,0.089742000736936375,-0.1614867573119845,-0.030064603824856949,0.9864168220431534,16.146692087396406,6.0373775092839264,-2.0373791925844142,0.651471168237108,0.31204544624129,0.2857142857142857,1,4
0.69990137014737186,-0.71116449853333663,-0.066205196862931998,0.70670042533287525,0.67609983116264172,0.20847908081191421,-0.10350159853917822,-0.19270203508960415,0.97578345178228942,16.509349990766523,-6.8459396604603322,0.75946784207795981,,0.1318375386992276,0.5185185185185185,1,5
-0.78890525455903937,-0.60937263333488401,-0.079331538946679464,0.59643973950682261,-0.79037368589066404,0.13988950564156427,-0.14794639727338083,0.063043083634263544,0.98698400855318413,16.84676668599295,-9.7303664957212455,1.4022318751822598,0.156982366546831,0.1459245270617745,0.12,1,5
0.66856339441342238,0.74365466439881045,0.00085309336756404168,-0.72904107525615125,0.65519825865225167,0.19802614082087833,0.14670411800544625,-0.13301496899577972,0.98019636797087462,1.6666168710039586,-10.885019182213821,1.2093867936585643,,0.09190345488679351,0.1739130434782609,0,5
-0.9551392611433247,0.29607131424986682,0.007125215852269654,-0.29462976175261624,-0.95237879189276742,0.078536235219612005,0.030038230843066959,0.072913741031648396,0.99688579639625163,-8.7927094876832594,20.866347664578385,-5.2917990005866518,0.3078782259470585,0.2757839381677517,0.4303797468354431,1,5
-0.9116106336335339,-0.40913483687366936,-0.039682967412035711,0.40329941364545274,-0.90889795081916147,0.10608533334049933,-0.079470973314176782,0.080704400456771658,0.993564876667554,0.71666417729759535,12.957837068286102,-3.7926139806225034,,0.1007427065065327,0.1944444444444444,0,3
