axis_00,axis_01,axis_02,axis_10,axis_11,axis_12,axis_20,axis_21,axis_22,location_x,location_y,location_z,dbh,dbh_approximation,score,reconstructed,number_clusters
-0.83658876712697083,0.54173524089069824,0.08149946928706106,-0.5398138701563554,-0.84053070088658899,0.045925226770449544,0.093382119829187815,-0.0055740150876205496,0.99561473977237325,-4.2083460944792934,1.5866059356132878,-1.6294261570105311,,0.1516306974597576,0.1839080459770115,0,5
0.46213179893265377,-0.87241971382383354,-0.15911644587160148,0.87031995805709372,0.41173620585345955,0.27021559428888792,-0.17022740972818803,-0.26335743718554588,0.94956068224010493,-31.054409873300212,-3.8305962490940271,-0.3487436159848688,,0.3371834748757078,0.3,0,3
0.11873725736309555,0.99028131162569055,0.072418143850779881,-0.96929944552606773,0.099787646147160333,0.22472429904055097,0.21531383749482491,-0.096878013611507038,0.97172763769584181,-0.22084880903067719,-12.596817684091372,2.2787181341138347,,0.07811200324536198,0.4444444444444444,0,6
-0.26471097806972471,-0.95275067636913757,-0.14897733642242608,0.94405207815094971,-0.28754721152223478,0.16150007704227379,-0.19670732530397264,-0.097891520694788292,0.97556315958928008,6.4449328315162884,-4.8255981177303546,0.3120226350571727,,0.2848057984125497,0.2173913043478261,0,5
0.33670569622602153,-0.89264407981249971,-0.29969287763416663,0.92198810218433824,0.247907765286172,0.2974553400787085,-0.19122555676340428,-0.37646817486543771,0.90647917778292852,19.67119280884917,16.605502005804656,-3.8808039710538278,,0.5947257983817477,0.3333333333333333,0,3
0.98935583390381232,-0.13810630107160635,-0.045844122031191731,0.1454129484155931,0.92642741385705707,0.34725685203780882,-0.005487107942807587,-0.3502269213787591,0.936648811021495,2.4714687216311555,3.9376002968425512,-1.9597219254459919,0.8682896464520505,0.9273894219159234,0.9629018961253092,1,4
0.25117675829134106,-0.92807589413266534,-0.2749279375110974,0.94411227325885683,0.17226709890960484,0.28102679963886157,-0.21345316014584001,-0.33015024059225084,0.91947733363070583,2.6784725918115804,17.546713161627743,-4.833105807083248,0.3616632489181342,0.2911242432046232,0.3181818181818182,1,4
-0.9956254879997628,0.093191784045526985,0.0067215349174111691,-0.093238516386993667,-0.99561911987150897,-0.0070105069883813669,0.0060387670253476203,-0.0076065453849757155,0.99995283576782745,7.4072632300244132,-11.73139606092287,2.4369817547683832,,0.4412482562417391,0.2,0,5
-0.99834848614551008,-0.053081900252448362,-0.021968433639166399,0.052667928276167369,-0.99843107840249123,0.019012390989445745,-0.022943180731228772,0.017823959875072282,0.99957786935901438,-5.5237021737861918,16.243758371073319,-4.7440887532400673,,0.3654273932534398,0.2727272727272727,0,5
0.29853890109797254,0.92167738947849753,0.24776059867403905,-0.93087334574956082,0.2239159100819644,0.2886805836650343,0.21059282681096786,-0.31681612164829742,0.92481252497979172,-18.524585700837378,-0.035056672929058903,-1.4298276660718969,0.5040406013266635,0.5169208521457583,0.484375,1,2
0.62966859669670772,-0.76790311654417021,-0.11765314248141086,0.76248057753494047,0.58187459681445108,0.28292282068437818,-0.14879794089967713,-0.26785585150183328,0.95189937262309687,-23.024342583140161,9.0881219316780317,-3.502728015725205,,0.1322654154646679,0.2727272727272727,0,1
0.99121549343827986,0.1305662207176731,-0.021078604683679593,-0.12112152007436972,0.96016690894967793,0.25181160484158505,0.053117068281118736,-0.24704649150620295,0.96754669556135342,-0.61599350787982754,-10.955452597175022,1.9114832269508211,0.743035850761837,0.8560052468367358,0.8881987577639752,1,1
-0.81480739139768033,0.57445844761085085,0.078015427270759122,-0.56431564073098361,-0.81675300570332476,0.12025965782823644,0.13280351106084246,0.053963132258203067,0.98967227293018412,-4.7003175665227142,-5.1686721779103335,0.068623116246582183,,0.1543777826097057,0.4383561643835616,0,3
-0.72778312108362675,-0.66757088741890569,-0.15710136516437639,0.66576521790737819,-0.74270245861603423,0.071761637317158691,-0.16458555006596698,-0.052365716231454688,0.98497179069912966,-22.086087144349694,2.4807291808711676,-1.922249487734988,0.7033949348404945,0.4817378765387308,0.4545454545454545,1,2
-0.94448528197419557,-0.31045153385897162,-0.10755183521788578,0.305336695911749,-0.95025230106477143,0.061563515581899084,-0.1213138667416864,0.025306312369018657,0.99229155810702208,20.97541227310661,9.1606754183215582,-2.1487836523153554,,0.1649959944045197,0.2,0,2
0.78506060798863719,-0.61737080577028836,-0.05033020928882443,0.60950998757481334,0.75547188504660368,0.24033269846336536,-0.11035133361705732,-0.21935249961346842,0.96938488954710922,-4.8436059047552256,4.5702690617227191,-2.2764337436061659,,0.06517208115197187,0.1214953271028037,0,5
-0.20265396976807667,-0.96563614952928345,-0.16272121945062579,0.95876907541237844,-0.22946452146817653,0.16765408858800079,-0.19923159531091447,-0.1220363065224441,0.97232397446541841,17.51183240032519,16.182127347503787,-3.8908726262414208,,0.2245300088504177,0.1428571428571428,0,3
0.82727107225445118,0.56050129756093403,0.038221308761991798,-0.52715453635331622,0.75092915884547695,0.39776059784466317,0.19424383597193087,-0.34920437257877091,0.91669277206639743,-10.609202399620481,13.185821604759004,-4.1927050962698909,,0.3584335632702559,0.2173913043478261,0,4
0.88590949848887857,-0.45495168565102806,-0.090461727876880491,0.45618647219768493,0.81920694405460592,0.34755414743107776,-0.084013469580856176,-0.34916893695745721,0.93328601746355588,15.782181473240978,-10.780270708203304,2.552716529673102,,0.3002034817269513,0.3076923076923077,0,6
0.93852935863734599,0.34489507551321164,-0.014492407063981338,-0.33118136098953782,0.91146554392782497,0.24402759754886613,0.097373246371319028,-0.22422744952188597,0.96965999286967619,-12.702482051501164,-4.9130685786110782,-0.17466192820495519,,0.07220060646747584,0.2619047619047619,0,1
0.98209622827811893,-0.16372740490811533,-0.093168316953498947,0.18730120992651175,0.90153763551139221,0.39006172398300398,0.020130950349110582,-0.40052868641157591,0.9160630525239295,-24.189057728056063,2.9383518589615747,-2.0330124373607559,,0.3645791422490025,0.4,0,2
-0.97994240151087098,-0.19588374054698912,-0.036639458380654299,0.19075766950312581,-0.97523477522132773,0.1119314286728415,-0.057657620891293268,0.10269709532565663,0.99304023350760062,8.759952643260517,11.290983792768257,-3.2337750600852138,0.238048573756474,0.1687174304729264,0.28,1,5
0.97065197280407234,-0.2370054566889116,-0.040781873316981784,0.23929936039087657,0.93501986661474112,0.26167473158917864,-0.023886477515098078,-0.26375417065030787,0.96429413233540351,-9.8229806119788865,17.669023488653952,-5.0866745615043669,0.5136113407217537,0.4653647964030714,0.9166666666666666,1,5
-0.60442372089432805,-0.79194540735867724,-0.086570418641446392,0.77412327876710085,-0.60951069398995383,0.17096743310572146,-0.18816246940112671,0.036320595746555225,0.98146609693533815,8.584203415606714,-5.3407912561444766,0.64224901534816548,0.6193425558282262,0.5290405351228552,0.9881305637982196,1,5
-0.57299343740667397,0.81955995371930368,-5.4300082165158952e-05,-0.80402849193810466,-0.56212181194094291,0.19379693674557982,0.15879768524957483,0.11108803175790878,0.98104166290710237,-32.026827828176266,9.3378420162948856,-3.7118830646896548,0.5792319818448539,0.6116379019298004,0.8536585365853658,1,4
-0.13084621083752529,0.98260724118143894,0.13176599973917283,-0.98493766977520625,-0.14399339002027092,0.095727165884387871,0.11303563936762989,-0.11725575980851397,0.98664787590329284,3.0582627030180247,-15.267595213943265,3.103789164410903,,0.6741786278025332,0.2608695652173913,0,2
0.95166560565076364,0.30712136379386912,-0.0030071452838852284,-0.28632819099055934,0.89069197115063781,0.35310618738824806,0.11112489399517241,-0.33517798321068865,0.93557841868299652,-5.8688569416702512,-14.966304328309967,2.7500754241818286,,0.4462474817753356,0.3880597014925373,0,4
-0.61117912777548733,-0.78850685380987118,-0.068680530475905083,0.77276979552475389,-0.61323298660358949,0.16362196449703931,-0.17113420726500911,0.046928090053815451,0.98412948206406081,-4.5725172217171952,8.5127965763483626,-3.1191973485721887,0.158906564467432,0.1400742356399712,0.4821428571428572,1,4
-0.83491965753998731,0.54841643901102233,0.046352722420373714,-0.53890481815223568,-0.8317219115402904,0.13349254224888976,0.11176207955123425,0.086475842211772763,0.9899652348886544,17.2520735359596,-6.429773429582859,1.2644338979789878,,0.2516209138239615,0.4838709677419355,0,5
-0.81382988946188117,0.58078040899167371,-0.019365628053984698,-0.5723314209128233,-0.79533136301843577,0.19971171131194265,0.10058655802029351,0.17361491736224782,0.97966331196739664,-6.4764618178973228,3.8785074528009509,-2.166983075115398,0.2454111976865547,0.1955377289798985,0.7638888888888888,1,5
0.94585673771448964,-0.32106862077384657,-0.047644228133974773,0.31935419608566568,0.89429116782752827,0.31345845751574963,-0.058033862206305659,-0.31170217820871066,0.94840593784379279,-3.4392725894817509,-15.798350015630799,3.0338636807464683,0.5253244987263351,0.3302375081667687,0.4528301886792453,1,5
-0.64611654341239733,0.75178558471103984,0.131726409461038,-0.75025045017999614,-0.65729498728644531,0.071327145553608903,0.14020582845777138,-0.052742149262167561,0.98871663855610226,3.904974911257471,-20.616912760497673,4.415682691707544,0.2652446278618893,0.2311736164716512,0.4444444444444444,1,5
-0.89951311026582248,0.43080179467505575,0.072704732752814055,-0.43133098659431168,-0.90214820084156822,0.0090666268203769534,0.069496362951485563,-0.023204254417530136,0.99731229718350634,-12.731257340896146,-9.5850594385039507,1.1724611437808448,,0.4282319938088188,0.1666666666666667,0,1
0.63466675456438493,0.76200124932060509,0.12865537953986991,-0.75182851211279744,0.57032939645211023,0.33087500346328474,0.17875122104469138,-0.30672214718929014,0.93486337258372842,-14.488689235947431,-10.503273781793178,1.5430923568246031,,0.7001202150811839,0.3333333333333333,0,2
-0.87233011654963732,0.48478394787065726,0.063440457497056124,-0.48604121809027245,-0.87392081538065669,-0.0051325200177126393,0.052953773027237264,-0.035311929023317895,0.99797242726982793,-1.6016256111296212,12.702286843022993,-3.924151155293949,,0.6444256625487559,0.3676470588235294,0,3
-0.63411269588025143,-0.75337838468050078,-0.17413241633791335,0.75871275781887937,-0.64966479581657977,0.047860256993388965,-0.14918458380929112,-0.10176768923780402,0.98355848701581916,-6.9931070270427673,-8.6095408929863382,1.0136290024104635,,0.5675664538993994,0.3783783783783784,0,2
0.41202073071280598,0.90800420077526012,0.075942668094863358,-0.88637018193341055,0.38009542616955422,0.2643394930469472,0.21115590932346062,-0.17622666761720848,0.96143504386844347,-17.017532546836009,27.00881817142259,-7.135853277694939,0.8060603835769052,0.8161865911987569,0.7948717948717948,1,5
-0.39586235174019552,-0.9124124524776801,-0.1039062800719302,0.89470487365825779,-0.40869965900171001,0.18018817326352596,-0.20687239430838097,-0.021635741160186669,0.978128676186097,-24.78600587548285,0.043051549880432617,-1.3698511022575146,,0.1476963264419929,0.4117647058823529,0,3
-0.99996434261981737,-0.002835896097347588,-0.0079543184649961823,0.002764160636681218,-0.99995554386859353,0.0090149710171955125,-0.0079795303678946161,0.0089926625529540699,0.99992772694596155,20.868831538785397,0.7487712533017612,-0.36184111234304234,,0.2480617020940948,0.5714285714285714,0,3
-0.85477683936296978,0.51697893312317178,0.045709272532816536,-0.51145846511146487,-0.85404513339241683,0.094958667822130458,0.088129412539042301,0.057790075580122821,0.99443125142463584,-8.4382618321003555,4.6119261135934666,-2.3221916633071609,,0.791170257135386,0.3227272727272728,0,1
0.74800509782865676,-0.6427828886922613,-0.16528318615870996,0.64822519724470229,0.65410347770006216,0.3898111518642739,-0.14245163136801661,-0.39872145473389997,0.9059408006351598,3.7417942459143179,32.815462499505884,-7.9516005242771675,,0.5696022451941174,0.4285714285714285,0,4
-0.90063441475863037,0.43182454161310463,0.048838675381431516,-0.42887364390944055,-0.90133110343128819,0.060577549861116763,0.070178689872489819,0.033612605492133726,0.99696797553372407,-4.6832430305813064,-16.001042893838118,3.0915361996557649,,0.1895399267711336,0.2941176470588235,0,3
-0.94436808697588992,-0.32618018917097047,-0.042135501585822001,0.3190765212095355,-0.93970173109190458,0.12308870864420976,-0.079743902051001403,0.10279659904524206,0.99150076616733518,-17.930963337513511,8.4261138295681075,-3.3412871009694634,,0.172762128273651,0.3720930232558139,0,7
-0.99481309570075183,0.10150652544216847,0.0065825462357732342,-0.1009889128640705,-0.99333878145882382,0.055491483386489855,0.012171446126933744,0.054538890184512509,0.99843746191567839,3.8884493127937243,8.8833882535450766,-2.9828087517214823,,0.3397057428918044,0.2241379310344828,0,3
-0.24688488066624056,0.9666251062672202,0.068437998453339075,-0.94812990948859199,-0.25554699355430649,0.18906456256661952,0.20024367763194939,-0.018210931311670047,0.97957686352281281,10.854172853310244,6.1724725808200498,-2.0173283269655267,0.6052588798093959,0.7295909511347999,0.6545454545454545,1,5
-0.15107532420983871,0.98585777257251817,0.072530674016211091,-0.96671883104667788,-0.16267027124092784,0.19746666694444431,0.20647263284667342,-0.040284427670711005,0.97762273744661188,-11.547099220669574,-1.6470822589157308,-1.0858327383475639,,0.2280085916013184,0.203125,0,2
-0.4440963557378646,0.88557172126293515,0.13616590366075523,-0.8833452136186114,-0.45817988552405925,0.098855581927625211,0.14993218599566105,-0.076380095578376841,0.98574155872723568,13.96047944612126,13.034021472035873,-3.3825373890957477,,0.2781706069584902,0.103448275862069,0,3
-0.93331302837235641,-0.35542606204329508,-0.050981422997161491,0.34482147043764594,-0.92680485991422468,0.1487645964757501,-0.10012464529594785,0.12126444680848911,0.98755758786239434,-15.388143290242805,11.662040639978905,-3.9752211284952357,,0.2528964843079591,0.36,0,3
-0.99850807700576638,0.05380159050750459,-0.0093278621939187154,-0.054079234777336296,-0.99800329676841848,0.032632131485167561,-0.0075535766457803409,0.03308789050740954,0.99942390154609861,-32.008040218358282,8.3047951437682581,-3.4746454295641698,0.5088004551342815,0.3050567393191653,0.6666666666666666,1,2
-0.99963496229852,-0.0084286204172425334,-0.025669057409592536,0.0052087560327218974,-0.99239135307046844,0.12301329688921686,-0.026510583000501877,0.12283468854043252,0.99207299543942162,7.3422512570858691,-12.989525133269622,2.7788387270940924,,0.1492127733211968,0.2666666666666667,0,4
-0.45943560151398549,0.88803521127966556,0.017674602936484065,-0.87038710368396754,-0.45409329214115196,0.19033016516843743,0.17704580707296269,0.072060707461766738,0.98156102033342429,-5.9935229737544722,1.9651307711895893,-1.743577730622432,,0.1069605039587181,0.1512605042016807,0,5
0.092832504271919997,0.99122294530747634,0.094123317231045403,-0.97240936237283049,0.069937852549550775,0.22255050831310813,0.21401438764781555,-0.11218631590675103,0.97036697821133699,-21.058616195792219,1.8258878938579921,-1.8077697090759417,,0.1472721319751343,0.3571428571428572,0,3
0.97739857315696399,-0.20587806441050935,-0.048023450368682982,0.21051528624491297,0.92702273423017856,0.31034201210539608,-0.019373782489577978,-0.3134375102233069,0.94941117738157088,-18.069283094678724,16.896939130487578,-5.048657211127094,,0.6062579099034399,0.7037037037037037,0,1
-0.9964956394705029,0.077339872135362336,-0.031858824434687807,-0.079064275638982967,-0.99523936116677481,0.056986439632896964,-0.027299832123245316,0.05930563347976904,0.99786650460049331,-11.829268602359406,8.6164888232484369,-3.2965794628958704,0.5376227148476848,0.6430230459893018,0.6,1,5
-0.86558475721337536,-0.49856670025688643,-0.046843072858445349,0.4839611252832034,-0.85690264756119527,0.17748093367240628,-0.12862603661186672,0.13095456463053667,0.98300877142981236,-15.854860639001833,-8.4284825010702455,0.84282082679330395,,0.1222584984330448,0.4,0,1
0.43238251474375744,-0.89019310456439715,-0.14353256609517756,0.88101740375836712,0.38319222786621765,0.27743837293675255,-0.19197316275649634,-0.24641419011275889,0.94996123694198309,8.029002738645028,-16.645302410196248,3.6346919771161956,1.14515085207726,0.5993376982124298,0.8571428571428571,1,5
0.91315545511634821,0.39451552877396279,0.10249201113968225,-0.39248319708464957,0.78314711992443942,0.48232512744026607,0.1100184293537597,-0.4806642134695045,0.86997578075040427,-17.246167247646987,0.63439353102930141,-1.6052361042366727,,0.6507687715941692,0.2352941176470588,0,1
-0.50533080870390867,-0.8616164455463815,-0.047517097330058031,0.84035885756353812,-0.5038796836928815,0.19975548772453713,-0.1960555132842729,0.061011188527860985,0.97869293988730655,-13.019104576095177,13.594030756177979,-4.3112542969988707,0.9928017619108286,0.8914450104950096,0.9235880398671097,1,5
0.82915801199096673,0.54625009762895416,0.11877635282979264,-0.54347869701307228,0.7379649883166125,0.40004822448279476,0.13087359185168848,-0.39625560798457055,0.90876487393418626,10.137469299875708,-8.8574711759075058,1.5793790267228107,,0.4476916100914703,0.1176470588235294,0,4
-0.88564094037016239,-0.45544980088706571,-0.090584786869466818,0.45089104884378528,-0.89007210140110393,0.066849954225671485,-0.11107378994526897,0.018361186763261404,0.99364253129978242,7.2524445174328225,4.7904245211306176,-1.8625868812323909,0.2076765531978609,0.3066871844673144,0.3529411764705883,1,4
-0.47907263936703243,0.86863487542635298,0.12634421000959525,-0.86691919666304307,-0.49078822262715843,0.087051863780035224,0.13762453512004447,-0.067826054901624327,0.98815945758236423,15.814656354986822,18.732734193636009,-4.5409072471895913,,0.4022693491737945,0.15625,0,4
0.59936815139234945,-0.79831766082396749,-0.058708870820911675,0.78566885746346271,0.57265815098396478,0.23406641904315065,-0.1532392427173109,-0.18641768834575595,0.97044638180749032,-9.5586742463111154,6.6147255888609857,-2.7593061875927507,0.1622263151462652,0.1289944552811543,0.5220588235294118,1,5
0.70375251984427012,-0.70704511286014726,-0.069423333205940796,0.69772394163806184,0.66943405927425237,0.25502811913325263,-0.13384204151867971,-0.22791500315727264,0.96443820914454303,12.545249590158962,-5.9176348290133953,0.91851126775175929,,0.1087670446691791,0.5853658536585366,0,4
0.80708967135504484,0.59041806680426256,0.0035733434097556982,-0.56076037831609549,0.76462577576082613,0.3176400811499468,0.18480817217535633,-0.25836781810680809,0.94820462457421706,8.9616429855526132,-11.59669258334659,2.48951857283331,0.3209393024630835,0.3858576905222402,0.5,1,4
-0.99457166974925038,0.1040522188270421,0.00057401163575611488,-0.10404687477283293,-0.99442667047135225,-0.017024832018775936,-0.0012006590669545486,-0.016992139724898245,0.99985490227601281,3.7643356434892286,0.97664381277190937,-1.2296603614112913,,0.5982576250139087,0.2727272727272727,0,4
0.78423840683489132,0.61838956645989995,0.050640550338724541,-0.60141928301987002,0.73757173502530426,0.307055014132042,0.15252857849248258,-0.27126053857002491,0.95034349208997215,-12.866042972803934,22.975006769661334,-6.2094513482414753,,0.2875483375142302,0.8541666666666666,0,5
-0.18701871073278239,-0.97867368818765366,-0.084981256080523968,0.95775576899979875,-0.2008902665658035,0.20578383742831971,-0.21846713433249537,-0.042905860302482203,0.9749006094819368,-3.2021900637495579,9.9820709209920633,-3.4139699253164268,,0.07093847717222973,0.2653061224489796,0,5
0.8465153819215111,-0.52686481555047904,-0.076322829515420604,0.52470010320166527,0.80147047364442481,0.28694055408105901,-0.090008387778262477,-0.28294618925008175,0.9549031071885864,1.7810728771370832,-20.336025223494911,4.3639993627525486,0.3459216521334252,0.3622520602706921,0.4528301886792453,1,5
0.55422998763926057,0.82604720053355085,0.10234814747746797,-0.80087989092597367,0.49572161989338914,0.33593373733621246,0.22676093383073342,-0.26815312427968957,0.93630837912904297,15.454626298538477,-15.28345281541338,3.5620794838188488,,0.6720896087703145,0.1875,0,2
0.95279340105154819,0.30340767343612846,-0.011336604989978455,-0.29158317728125988,0.924793102095951,0.24441147485810255,0.084640331043708328,-0.22956807708351606,0.96960533844703434,-18.051725701139066,7.1149094662828976,-3.0822688869846386,,0.083550560717398,0.3043478260869565,0,4
-0.71540021658160047,-0.6852010145445443,-0.13675562066008809,0.67979714730662533,-0.7278048336823989,0.090421029535775757,-0.1614879829237244,-0.028278856689449669,0.98646943066451087,-1.3559024604812744,-19.246278486765426,3.9963578235930299,,0.2843670446271173,0.1578947368421053,0,5
0.60986174745855604,0.79244442079920052,0.010024416742029734,-0.76860315719471772,0.58833571488474334,0.25121758167248409,0.19317824861280264,-0.16091279170805314,0.96787873089949261,-3.5267725340728968,14.684040019164206,-4.3988709499847953,,0.0806386584194396,0.4074074074074074,0,5
-0.78818833006087619,-0.60737113574381474,-0.099294812659660073,0.60081109066195948,-0.79434135185340793,0.08970981035142081,-0.13336112512060985,0.011050800919838932,0.9910058981184704,12.437255582514601,-7.3021398595541491,1.2434089741527818,,0.1547374597637108,0.2666666666666667,0,5
0.6429045026971536,0.76177977536931485,0.079783295557414174,-0.73911929990276648,0.58968599449367398,0.32553508015151056,0.2009389482478931,-0.26825734237161647,0.9421579152884868,33.029657850854903,-2.2383149531876882,1.0092015584382106,,0.2109557928773339,0.3076923076923077,0,4
0.95803300713101824,0.28626987383339209,0.014910284467828896,-0.26821832598700374,0.87683901940610587,0.3990141146020616,0.1011518010330377,-0.386267903639885,0.91682354887154838,-21.374717413272251,19.648726486717994,-5.7150612955712221,,0.5843869984739057,0.2962962962962963,0,2
0.85954156370109569,0.50125950537275676,0.099635377972554673,-0.4939746767677014,0.76485899063861407,0.41349696873317521,0.13106227139234089,-0.40463518471919707,0.90503759496760172,3.7248413421083071,-11.650826643753131,2.1803272691465141,,0.4342921716582931,0.3103448275862069,0,6
0.085874035820047892,0.9951969457859795,0.046996692120154754,-0.97311103968638335,0.073662208525277356,0.2182401967458458,0.21373009711424373,-0.064474166403591673,0.97476280573999075,-1.3446789247022961,-12.426366356398796,2.2570051753541875,,0.07349187142601959,0.34375,0,4
-0.21026736724395523,-0.97388616731740019,-0.085635082647954289,0.96141290770227383,-0.22187661065246447,0.16265297583762492,-0.17740590513214588,-0.048130060806122164,0.98296014266654996,-23.401549857198592,3.1882393136282068,-2.1019332420320871,,0.254838546306598,0.5333333333333333,0,3
-0.54429921016020766,0.83838453426849346,0.029150343366349998,-0.8241092262866444,-0.54087978302035733,0.16820536099981914,0.15678760463825739,0.067530978219281418,0.98532086855630174,-15.580843936484165,-0.74704183778331978,-1.3193628971985583,0.8785120944221648,0.3896847244318611,0.3404255319148936,1,3
0.15137683728265156,-0.98469274154653441,-0.086401723824659243,0.9672903035360948,0.12956548421032729,0.2180877208519405,-0.20355471455938354,-0.11658897909714495,0.97209695408109098,6.5240382289476058,12.968025039273465,-3.758049675697809,,0.08575418669036555,0.3,0,5
-0.96438457075720108,-0.25850267422746254,-0.056024700826517448,0.24918425265779309,-0.9589526947843805,0.13534008051258511,-0.088710810574740895,0.1165594122455421,0.9892139786235068,28.904785594520217,-2.6905007847764764,0.87816637848727774,0.3206660575552939,0.2796015916401712,0.78125,1,5
0.48111932994350343,-0.84912565954549013,-0.21796743944027763,0.85922620468040467,0.40741393385285352,0.30942562223101427,-0.17393826360298656,-0.33615398376931288,0.92560573661294843,-20.243141168902177,2.4511118555993368,-1.969101982177492,,0.1416014968493989,0.45,0,2
-0.37746634015940422,-0.91610194389613908,-0.13519020096286358,0.90880416624613758,-0.3945008684785028,0.13580888109166062,-0.17774743165606294,-0.071598136563890219,0.98146806233328387,7.7548573405266286,11.972234338889287,-3.4472118320934331,,0.1762473647605741,0.2857142857142857,0,5
0.1753940910642271,-0.98195061660008909,-0.070780642681870121,0.96164261188621947,0.15547715984676611,0.22598747702169888,-0.21090376910904968,-0.10770255022369757,0.97155533082316448,2.9327878008303685,-8.4926407470599834,1.3520568799261432,0.3614232311945436,0.3262742101694709,0.7623762376237624,1,5
-0.011871794591515201,-0.99193366370673219,-0.1262009005455875,0.97702701888591625,-0.038364511076411353,0.20963389195635379,-0.21278455033220145,-0.12081295913604757,0.96960144597907627,-19.242573414721345,-10.740757193450463,1.5619615364461588,,0.3805636655060539,0.9230769230769231,0,1
0.63781522182906059,-0.74254585489045688,-0.20449302234586625,0.75897685944415161,0.56083049176077238,0.33079190791139756,-0.13094223776703515,-0.36618958600207446,0.92128134544892992,-6.957018977363802,11.691022158240393,-3.8575385544378702,0.6145834378809323,0.6999894043535634,0.4642857142857143,1,3
-0.21059254653660722,-0.97294008613712002,-0.095070332547644895,0.95291092047910309,-0.22601360671770265,0.20218463643443138,-0.21820072633906262,-0.048014980640925756,0.97472201404254555,0.76773187477483451,-20.018665448617678,4.2278033078686272,,0.1750067348596128,0.2903225806451613,0,5
-0.05612116040562401,-0.99126979357708245,-0.11930889194178403,0.97679222328147863,-0.079251607093234366,0.19898777678532867,-0.20670599384525457,-0.10537257287733688,0.97271231769401278,-3.4366106240994765,-11.518526351426383,1.9793062933676617,0.1424666217881051,0.1609499375502062,0.2083333333333333,1,4
-0.22974352427066017,-0.96576163682204219,-0.12050881253463012,0.94981226381505912,-0.24949581709162819,0.18870214826623835,-0.21230774023150739,-0.071107651463051383,0.97461229488509948,10.398803738894193,2.3509247136734501,-1.2073148057601468,0.4538524882425222,0.4267539622888691,0.8278688524590164,1,5
-0.85497240060279034,-0.50445487547948487,-0.12061290483393899,0.50156558173310617,-0.86333918819104272,0.055474438747621722,-0.1321141984354221,-0.013066167709407875,0.99114838134012873,-7.7700258945383425,2.0443154488230384,-1.7517909810376961,,0.07033136337559158,0.40625,0,5
-0.9196907601623151,-0.39071853297373216,-0.038832121535110786,0.37772936377459138,-0.9074185312013946,0.18415248294483078,-0.10718877466649879,0.1546953044638342,0.98213030162109149,-11.122498872571448,4.5595582683263061,-2.4287044682255745,0.1730127339781408,0.1454702228661223,0.6865079365079365,1,7
-0.96692715523333916,-0.25140148058382988,-0.043002000332784146,0.24627083686111267,-0.96413015469920704,0.09901373496344007,-0.066351724801166259,0.085148930468570236,0.99415648076948604,-1.8433155753327275,-9.8041306814298572,1.5594595338493153,,0.1499024688085128,0.2394366197183098,1,3
0.82530311410756119,-0.56065620307307973,-0.06737500872016744,0.55666004213110676,0.78770607169747464,0.26391048123469885,-0.094891344910689152,-0.25531111720137373,0.962191179597085,-21.403126191522251,13.39551964366499,-4.4011502764090302,,0.2388176236870394,0.7916666666666666,0,5
-0.832201285802593,-0.54997425337379424,-0.070493549594618274,0.53649247825193713,-0.83079412272252995,0.14817876510754538,-0.14006013239893114,0.08549529972834706,0.98644498733419217,6.3665076245361911,6.2152694659447301,-2.2366415164624667,,0.07813951216779694,0.4545454545454545,0,5
-0.95723416710455433,-0.28733543679493351,-0.033780113817380705,0.27785484311733505,-0.9455668531269229,0.16941078012892069,-0.080619076426683783,0.15277981879002611,0.98496644180733162,-13.360802059887012,-6.2545011105448216,0.29911373817687709,,0.1617292011041346,0.8173913043478261,1,2
0.25343341067711439,-0.9552677465431153,-0.15243043910913992,0.94058402489542159,0.20652906409916011,0.26953188641393755,-0.22599380182672221,-0.21168202119397203,0.95085094701490436,-15.834877269377714,9.1497752007765669,-3.4932645961234967,,0.1490809354568789,0.2352941176470588,0,4
-0.99293586822540447,-0.10626748033945176,-0.05277863406501327,0.10692398675669736,-0.99421922455173795,-0.0097670152962108497,-0.051435616527052183,-0.015341321782917913,0.9985584715971505,-4.0444340046797249,13.720755110914318,-4.1907969568101793,,0.1683692684710363,0.4444444444444444,0,3
0.97689593509075701,-0.20942800249264129,-0.042593940591339509,0.21269073519428452,0.93321282758011492,0.28961434633395122,-0.020904142308908032,-0.29198241421679721,0.95619521365799587,-6.5444023580370354,-10.664791724252076,1.7294960676956392,,0.1019981212638206,0.3333333333333333,0,6
-0.98755441442360026,0.13121031433069041,-0.086718694441862393,-0.13306133494770514,-0.99098032398515523,0.015895867897389553,-0.083850818090190862,0.027236939760517765,0.99610601314221958,-25.33440601985744,4.4530721869542056,-2.4646256013115817,,0.3310552242908744,0.375,0,2
0.94495955169563961,-0.31450931405963944,-0.090196103180295778,0.32490417725720244,0.86949725593432614,0.37203736038669116,-0.038583950808540643,-0.38086534798063665,0.92382512709256426,-6.9718988506956485,-13.857085084807569,2.4873879327195043,,0.4104901644080005,0.3125,0,4
-0.32881189322379728,0.91393194372427466,0.23793095871481543,-0.92625552744577555,-0.36123577353051672,0.10751471433230435,0.18421030576688682,-0.18503274889104968,0.96531313317860312,-10.094801426384119,-9.197978456374992,1.1205981998951249,,0.5014337553188954,0.36,0,3
-0.46872268606010692,0.88275789896747781,0.032210796064703798,-0.8716208299873266,-0.46811517286020216,0.14541428289637082,0.14344396921725633,0.040083372470221597,0.98884637378442719,-25.277729179828082,2.184941020826527,-1.8871023913925018,0.5210323044866179,0.2588694300956922,0.4285714285714285,1,4
0.074168764262435433,0.99724313293747624,-0.0022645566527107817,-0.97434141823080933,0.072948991365765312,0.21292544558764115,0.21250363556363297,-0.013585965838597497,0.97706582501102457,-1.3950489604120944,9.8162906021729235,-3.3062228727424414,0.1936025820333092,0.1545781766154029,0.5339805825242718,1,5
0.16275753363205617,0.98659243108980943,0.01205654022973875,-0.96162729135218017,0.15587999177199455,0.22577506658582427,0.22086859843056139,-0.048340491117324233,0.97410485018085025,3.8132540226203675,-15.197314937263235,3.0998859821228821,,0.08025917764818227,0.1818181818181818,0,3
-0.53620412643605408,-0.84060833199036245,-0.076568707585599929,0.82172250336436747,-0.54058766411143289,0.1803804448246597,-0.19302140362546757,0.033802508766740097,0.98061211910904378,8.3487636233760085,2.2471008932581964,-1.2534982075140568,,0.07395738154217894,0.2666666666666667,0,5
0.89686544576812022,0.44076927995263732,0.036807798591951837,-0.4269252811574637,0.84092707417462165,0.33253038993260681,0.11561650615622596,-0.31394919616101036,0.94237398400745531,14.862397257206606,6.1119295837053338,-1.8592828203348404,,0.08546618414682616,0.25,0,5
0.0018457823421851411,0.98272962680099141,0.18503803310436143,-0.97857693355480013,-0.036319451822441583,0.202652615413182,0.20587320904389425,-0.1814480036454047,0.96160950690551494,-29.838613251285476,10.870555932596584,-3.9824844129041677,,0.2710320065292214,0.4857142857142857,0,2
-0.99435387612098403,-0.098299091525574825,-0.039970709881381898,0.09633773821901559,-0.99417370445935183,0.048349617955196142,-0.044490552233247861,0.044225942237737258,0.99803038871327221,5.0073540451949707,9.4785655302309966,-2.9833361290052243,,0.4392558817586165,0.1851851851851852,0,2
-0.26068562249926092,-0.91042880901651868,-0.3211890252404897,0.9418896248477806,-0.3128534502660667,0.1223382738995632,-0.21186538373759795,-0.27063278140199665,0.93907984580883186,-18.013118139536253,14.022873318864196,-4.4928464473798959,,0.5007373842997195,0.1333333333333333,0,1
0.99261786595407708,0.11937463382445709,0.021435227734990538,-0.11682865943240574,0.89364189074987255,0.43330732215394185,0.032570485473831803,-0.43261283833962888,0.90099128496325054,-8.044548810040931,13.653602032580483,-4.2510866926045701,,0.2897132156456091,0.1224489795918367,0,3
-0.11950533602094235,0.99283341302356853,-0.00053725831076958529,-0.97110828162139051,-0.11677770782810319,0.20811456537388998,0.20656035444603263,0.025392537060817368,0.97810430887137145,0.49427198930028271,-10.133092870847848,1.7091343844604447,,0.07913008470601929,0.4090909090909091,0,5
-0.88507600783882701,0.46543360269524026,-0.0034672511034083836,-0.45680520200326602,-0.86719113479519838,0.198263822104214,0.089271875587107891,0.17706241050755359,0.98014255851606336,-5.8069108072253961,12.775826956993924,-4.04477763835028,0.3638216221185575,0.10905194625181,0.4210526315789473,1,5
-0.7447790065049531,0.66698251836200184,0.020941625270666068,-0.65560900355089746,-0.73720923516498005,0.1633994432379256,0.12442293169867993,0.10796695692176703,0.98633770600163029,7.4729340556703718,-18.220764762295108,4.0238715156238483,,0.1411988812737499,0.3529411764705883,0,4
0.85090923890341474,0.51922764336661653,0.079725287787268478,-0.50752812720812834,0.77342239320158668,0.37978020194178291,0.13553105637241511,-0.36362130858666875,0.92163489338256788,-8.893353056847543,19.628948272200713,-5.4591027272694053,,0.2747803142433353,0.3157894736842105,0,3
-0.96535971527905784,-0.25600149099375685,-0.050436660528922331,0.25275297164722416,-0.965488587380949,0.062830907685922574,-0.064780826174368936,0.047906411325759526,0.99674892541404492,-19.564484908541562,11.678009337525619,-4.0204433819889118,,0.5419221009104035,0.8484848484848485,0,3
-0.85850508919414892,-0.50904185952606162,-0.062011265734520447,0.49527236719752193,-0.85441830080947234,0.15708166516948349,-0.13294470323525753,0.10414294259384219,0.98563682631564964,-6.5052061047722232,8.3127182114611458,-3.0891901594927558,,0.09352253239197393,0.5595238095238095,1,5
0.74919410954474597,0.66216430406469384,0.015704160148663954,-0.63812806786081755,0.71523956012474676,0.284999895860995,0.17748452110444696,-0.22354150857296726,0.95839889331804162,-12.078242628107345,-16.094359626167893,2.9926018527580602,0.4316198832236755,0.3955240147974375,0.6842105263157895,1,6
0.70881725237484994,0.70382524434341132,0.046990724198581683,-0.68424253582368599,0.66984740171584567,0.28829951540733367,0.1714358623664877,-0.2365047226578558,0.95638656476091854,-19.535065758571992,-1.1287792037868698,-1.1108833951609873,,0.1065050702376873,0.1818181818181818,0,3
-0.97975705168501293,0.19950252513092837,-0.016578966791484982,-0.19947480617057803,-0.96590707290988287,0.1650252350577682,0.016909209818916332,0.16499172394106518,0.98614999348692101,-16.14887065092671,-6.385796113587511,0.29304213742476282,,0.3090544322067428,0.5,0,1
-0.96736964442959628,-0.23100674961650919,-0.10407618684296852,0.24089572920560642,-0.96586522738512504,-0.09525549946738103,-0.078518906555403695,-0.11721878757219988,0.98999724098274533,-19.366893449821465,-3.4446482845770436,-0.57595487812856438,,0.5210858328558923,0.3684210526315789,0,1
-0.40094586179809338,-0.9063884886827327,-0.13305007888165687,0.89002996451116489,-0.41980730370705666,0.17778776680768818,-0.21700018013641825,-0.047135287605381757,0.97503291558958105,12.751788729909945,0.84025030907876441,-0.72335093917676119,0.2869132287252285,0.1482905094998332,0.125,1,5
-0.96062295125447883,0.27657200944708688,0.026673378367492378,-0.27535695328756354,-0.96043321950703597,0.041792094270805727,0.037176522152098858,0.032801744736367738,0.99877021969165869,11.960441832152274,24.470228872466162,-6.0031009575765761,,0.2194575232228181,0.3333333333333333,0,5
-0.64203782088882311,-0.73301097923579839,-0.22468275605419613,0.7437296296375997,-0.66663627134059855,0.049621766718084881,-0.18615497454393218,-0.13524417197380975,0.97316768308430179,-13.684223530487349,8.3881384188595423,-3.2802442715605431,0.6166540655297335,0.3884303990253714,0.4038461538461539,1,4
-0.47201947339782691,-0.85978330329702835,-0.19485966259051038,0.85872619076099488,-0.49841723421157369,0.11903608672161597,-0.19946665394082524,-0.11114374481964655,0.97358108134511112,13.112917542543533,18.563409511073267,-4.6125651943021131,0.3796273729131612,0.4249701108670015,0.5428571428571428,1,5
-0.2982408952368959,-0.93302524591412739,-0.20128650947139493,0.93352961108137533,-0.32908382278384901,0.14221920691743795,-0.19893424451951872,-0.14549133331182079,0.96915294886235459,-16.3342524516395,0.90893829169542883,-1.6995347013001203,,0.5393110802308996,0.2781954887218045,0,2
-0.29212095916779129,0.95451846126709572,0.059664497946313906,-0.93650994463319259,-0.2981453392661878,0.18454939793178401,0.1939444993239659,-0.0019656485305985455,0.98101053379045344,-24.089916207059211,10.413277600008444,-3.8469563754092935,0.172338003723399,0.1770944332765663,0.5769230769230769,1,3
-0.21429473167856827,0.94943692469831564,0.2294499814648403,-0.9619146569595638,-0.24594230672385239,0.11930035410557163,0.16969961903662198,-0.19514586283791857,0.96598143435371941,-15.02118834475414,14.116615985517342,-4.4634828694498339,,0.3036996096574945,0.1538461538461539,0,4
-0.63654781563059659,-0.76465538724020532,-0.10054360835203661,0.74987452071848726,-0.64410502076325871,0.15105272392373756,-0.18026392205079492,0.020757191334415937,0.98339923602511048,-14.873531442204996,-8.3042191568214694,0.78514652172825294,,0.3653880755836621,0.6923076923076923,0,1
-0.74654984666476121,-0.63477487915813569,-0.19930925526576973,0.64438746292613203,-0.76441380074172338,0.020888725648432499,-0.16561438363996062,-0.11283791040854663,0.97971397964211404,9.6360679976779,15.033790759238309,-4.0744027788705903,,0.2351602232721424,0.2666666666666667,0,3
-0.58863600637907343,-0.79222264031917977,-0.16090661937845074,0.78054965951300737,-0.60877953895372172,0.1418791809442834,-0.21035655689381819,-0.042080412509862032,0.97671866873464463,11.908751017467075,-9.5457963229446534,1.919729778036944,0.1968533662686896,0.3306044110095212,0.3333333333333333,1,5
0.8119006180236964,0.56866115236380221,0.13206771083430552,-0.56565413886472793,0.71031945050584211,0.41890532751241377,0.14440492248515674,-0.41481414154456236,0.89837433530611543,-3.8589481613867815,-15.433324513587802,2.8903379039995589,,0.3555416709050937,0.4137931034482759,0,2
-0.88932288862675446,0.4563408527050547,0.029288665333005677,-0.45125553691738463,-0.88616722159412697,0.10524303194771756,0.073981350122636597,0.080378364779142883,0.99401512981919105,-2.6504133268272603,8.1320904479050657,-3.0020948833648129,,0.07711434327200128,0.2388059701492537,0,5
-0.79361746866410865,-0.60181482237933925,-0.089388103211201136,0.59080485481795963,-0.79737557999386943,0.12305205383482765,-0.14533044056460312,0.044845334138169081,0.98836630813243209,16.438840806973172,13.408932613564255,-3.2931194021389953,0.2308704266226034,0.1527878606017128,0.4761904761904762,1,5
0.8673550508943062,-0.49135617004325766,-0.079147519535089597,0.48811309202077052,0.80879188385821832,0.32802636784715539,-0.097163908351088749,-0.32314826746479075,0.9413471050300446,-10.996125161648379,10.199682287892644,-3.5899848909156646,,0.124081382138495,0.1111111111111111,0,3
-0.8486112789824064,0.52851385698086695,0.0230651287239317,-0.5226285404144545,-0.84432160707040615,0.11823887930077386,0.081965272695822988,0.08828435202941616,0.99271726451122277,-22.513901015661755,1.404798401121732,-1.6803755828448479,0.2737805124220589,0.3325929365245434,0.3333333333333333,1,4
-0.4625721438153248,0.88337799039218767,0.075301645777201748,-0.86779073673586637,-0.46852604603880166,0.16559764919427256,0.18156610091511366,0.011254788932151647,0.98331433464817131,24.788648191491085,23.489061332531286,-5.1097053248297115,0.6800901749844367,0.6306261906299818,0.6774193548387096,1,5
0.66597402910140335,-0.74366955827599091,-0.058601882700438923,0.73297274607437057,0.63774079893900204,0.23672267927015331,-0.13867063883403635,-0.20060473938129206,0.96980832769322234,-10.272592204306447,1.4028101199465977,-1.6630463175913528,0.7208634025865945,0.614489278537673,0.9910662824207492,1,5
