axis_00,axis_01,axis_02,axis_10,axis_11,axis_12,axis_20,axis_21,axis_22,location_x,location_y,location_z,dbh,dbh_approximation,score,reconstructed,number_clusters
0.55165231550305804,-0.80556533116153028,-0.21620411659061575,0.8315251900984727,0.51091854440872186,0.21800940165729393,-0.065158123298734022,-0.3000445603737667,0.95169726318735393,15.553469789862856,-4.7687342664030741,-3.5397796808196103,,0.5222200917397792,0.3269230769230769,0,2
0.4094346634546574,-0.90659613150236262,-0.10220915177577265,0.91082135231280015,0.39972014003789658,0.10309351977290622,-0.052609129748112604,-0.13530433841172942,0.98940639550899956,-8.87938713724329,-16.582539769818283,-0.97202807547964387,,0.3052195923064543,0.4210526315789473,0,5
-0.62361508980188807,0.7555218969975418,0.20072589003070795,-0.78074805555550386,-0.61482447209726643,-0.11146004780466329,0.039200682617568046,-0.22622451606215091,0.97328607038977122,-17.656691982110569,-8.801883649345708,-1.3479545002207431,,0.09439393409819055,0.4117647058823529,0,1
-0.07241470640410573,0.99272019984084436,0.096243000391516509,-0.99551726125693263,-0.077828828584957641,0.053740636213100795,0.060839895101016887,-0.091919955771570874,0.9939060463117475,-10.792578336210294,-4.710733841386169,-1.7632949336500783,,0.1685067280340574,0.5024875621890548,1,4
0.21213000283145506,0.97441953350668875,0.074212092136892949,-0.97403772567712599,0.2046799178315806,0.096729727561850248,0.079065611086358248,-0.092804654824341665,0.99254013782137596,15.815151469044702,-10.660146346973118,-2.8924248432077322,,0.2510580240009673,0.3076923076923077,0,4
-0.010644260945250356,-0.99920627753136193,-0.038386386269724453,0.99841524058406317,-0.012741646201686415,0.054814759157898296,-0.055260357204751802,-0.037742090482511988,0.99775840138162353,-1.5453008569991677,11.460549385094172,-3.177706791201091,,0.07118965220266119,0.28125,0,5
-0.28411490629195824,0.95737970529295879,0.051988651799022324,-0.95745935055685938,-0.28615913005840116,0.037209465401381314,0.050500614391800341,-0.039205257012131289,0.99795422528724431,-14.216133681048261,-8.100432072046571,-1.4479310067064688,,0.07852671507223122,0.1944444444444444,0,2
-0.83963537828092738,0.53297361643478203,0.10464968095256941,-0.54205218253131293,-0.83448385291327221,-0.099076387903781621,0.03452336820307101,-0.1399136283978453,0.98956167753024127,-6.4777799090814039,-21.788099981420206,-0.62046022403078605,,0.2899066376179454,0.5555555555555556,0,2
-0.49325044109533328,-0.8690114795057996,-0.039026284045508855,0.86983207121653294,-0.49322825276008692,-0.010865475709245915,-0.0098066427698590506,-0.039305714169485861,0.99917910836406654,-0.25563162915014548,-16.384384313776248,-1.2532724819856587,,0.1267158911871537,0.2631578947368421,0,6
-0.98176882580004843,0.18995942888747963,0.006737066419172948,-0.18987880467641077,-0.98174503410759406,0.011078246239163753,0.0087184988301424928,0.009597050683449463,0.99991593866500972,-12.606707012433763,20.77691364901888,-3.4368924198534203,,0.2379580050252012,0.2903225806451613,0,3
-0.31390553452147163,0.94885886772014716,0.033617920007476647,-0.94843965163684996,-0.31500991539121337,0.035085330384514092,0.04388100499942113,-0.020871088952433333,0.99881872982347497,-5.6062632649433706,18.921293000761843,-3.5407009297614769,,0.1649312990139895,0.6346153846153846,1,3
0.92441358508148719,-0.3808615699463721,-0.020099459066784921,0.37970644351728977,0.9141017464877419,0.1422709169841507,-0.035812574163886661,-0.13914906254101966,0.98962366479673047,-13.764821772394622,-6.1334164830555169,-1.5796402960357394,0.07355650601314612,0.1465014929105085,0.639344262295082,1,5
0.086852965184356465,0.99379622302809856,0.069466751282684605,-0.99495305652610255,0.08301409207958689,0.056365555311442744,0.050249156689942641,-0.074011672128707282,0.99599060971510245,-10.832978381049157,17.524046956451638,-3.2897163020132778,,0.678115698255002,0.8247422680412371,0,4
0.96024147452389319,-0.27881462118811884,-0.014096723587596692,0.2781300375943086,0.95108538320331804,0.13446291698749585,-0.024083039508497488,-0.1330375919382317,0.99081835183817057,-10.678998053026451,-13.990601104316186,-1.1152730976648051,,0.137911160514269,0.3333333333333333,1,6
-0.72474090583099293,-0.66878387869011369,-0.16576713491967779,0.68792767829197865,-0.71588819842177021,-0.11941355367059273,-0.038808875983197592,-0.20057968731813033,0.97890840234430565,-7.1414283601230961,6.0837159239850438,-2.5899839945680139,,0.1452611170599575,0.2534246575342466,0,1
0.99882656383851176,-0.0089909054982002488,-0.047588433351745285,0.019555513322093911,0.97382347908717115,0.22646283023327848,0.044306627825422211,-0.22712770680143751,0.97285658117415175,0.020369121097026873,16.297217790227798,-3.584721212202131,,0.2684468071594178,0.1923076923076923,0,3
-0.034620018292682159,0.99140669867671505,0.12615154439145931,-0.99631397526726351,-0.044149941592359951,0.073547571982574875,0.078485138851601605,-0.12314032839134058,0.98928082085074098,-7.5386606584547753,-17.962691565545072,-0.90724448833022586,,0.7708139661022129,0.8269230769230769,1,5
0.20294977717875373,-0.96387434508062186,-0.17250401397793155,0.97831705236802857,0.19216404863471695,0.077257513927431715,-0.041317465907621094,-0.18444301371349975,0.98197435898462015,17.945511660970819,-0.61087072933138831,-3.9241647284899974,0.4451959852936973,0.5418072804808356,0.4,1,5
0.76558568659812942,0.64239162954903128,0.034807337752427864,-0.6418118885060301,0.75893614813988775,0.10997009965856122,0.044227324680500786,-0.10653129742911727,0.99332523697914521,-8.8174757751784334,-0.41295681844539506,-2.0978497562958647,0.7330461603141881,0.7788277162944273,0.9039792387543253,1,4
-0.43290177615700814,0.89747725452951044,0.084443056566417818,-0.90047438040517336,-0.43487316679071292,0.0055874000514300141,0.041736583880640915,-0.073620013634800321,0.99641264100691995,-3.2642007937014257,-12.264777851449752,-1.472997805799773,,0.08519372793383251,0.3076923076923077,0,5
0.99996513320586511,0.0010963034223567683,-0.0082783145255072698,0.0016219910755481284,0.94696488510082932,0.32133296676644357,0.008191551594657601,-0.32133519026832341,0.94693008927676003,4.2459703587380488,-6.3275846604168517,-2.2807925960247997,,0.1644567847518113,0.3125,0,2
-0.31844211811064183,0.94683134139296155,0.045880588152434107,-0.9467110172214851,-0.32012186650726687,0.035499865568255198,0.04829976485106928,-0.032131005896312688,0.99831594757142006,-7.8428207903580978,-14.811010713732133,-1.1302564642826614,,0.1064304271927596,0.40625,0,4
0.99933883541091262,0.03032786360592998,-0.020052748655987915,-0.026358863495403624,0.98422609870716649,0.17494055258544408,0.025042011795995717,-0.17429632042234841,0.98437477127994188,-19.057889929543752,-19.410527084331445,-0.60661780602294557,,0.3358522845489458,0.2857142857142857,0,2
-0.50852661036056002,-0.86043403178875866,-0.032464803941198744,0.86084748331576033,-0.50885784670468326,0.0023026758334842861,-0.018501270878515538,-0.02677627283275958,0.99947022676469199,-4.4171436727572244,-8.2012953287522237,-1.7199264033659531,,0.2215644033956759,0.4761904761904762,0,7
-0.87755725777133364,-0.46961426239106091,-0.096724887654397948,0.47816466537672397,-0.87205813577827718,-0.10427444849089336,-0.035380956996972038,-0.13775722261215301,0.98983389288312551,-9.9240594181882127,-10.081260861293297,-1.4006635722255052,0.2904642577577749,0.2453898834894057,0.4489795918367347,1,4
0.42376257345124907,0.89700205794677879,0.1257481187979308,-0.9043013109810526,0.41106538949519444,0.11517110973292523,0.051618023014488833,-0.16251939453003048,0.98535426426319772,7.1289850647938096,-4.5547403168075036,-2.5532630034588024,0.2177220879338305,0.2480811332077907,0.3092783505154639,1,6
0.84946002183341951,-0.52457273103749891,-0.056930845405869339,0.52744461493638517,0.84113579038842434,0.11955233290174234,-0.014827322124224114,-0.13158279515005192,0.99119428899642259,-1.8779192813592831,-2.7470176020676029,-2.2061905311240291,0.255495661233724,0.1328428584330573,0.4938271604938271,1,6
0.91579065109235624,0.40153318658453424,0.0099289195338364295,-0.40098656594216009,0.91255855531307006,0.080291077081062881,0.023178811569046116,-0.07751118110436217,0.99672200713040071,-15.641009008016745,14.085735241046844,-2.9163384997365087,,0.08158233157279111,0.4285714285714285,0,4
-0.51450892553368988,0.85408605198793819,0.076273070908578905,-0.85659294058884794,-0.51599268079429106,-0.00029580410982204966,0.039103704166210965,-0.065487167952034311,0.99708692256698639,-7.5510745268359463,17.234283762067186,-3.3581920209502321,,0.0788151895486774,0.24,0,3
-0.85587745944479099,0.5167074750783085,0.022071692561531322,-0.51716248638767248,-0.85540852359408548,-0.028622027110403164,0.004091098587442765,-0.035911599251317594,0.99934659650771895,3.2398468729761469,18.468610897150047,-3.8962191757679321,,0.4254422621224274,0.6086956521739131,0,2
0.43492451525284864,0.88733612453246602,0.15321640947294135,-0.89849778045630424,0.41639859922120692,0.13897462027907456,0.059518102684569418,-0.19810807319824708,0.97837149732936712,10.108766614260311,-6.1846928192673492,-2.6644693177545675,,0.1620172917987073,0.1,0,5
-0.98079761697204293,0.19487877212861163,0.0076353595597652042,-0.19457602851916361,-0.97510833515825479,-0.1063198186163164,-0.013274172956227126,-0.10576388267523788,0.99430266893626851,-18.716023116415489,-6.8014572627714687,-1.4660560406224021,,0.3659566698478016,0.723404255319149,0,3
-0.51458231406501698,0.85591513371444083,0.051130479462677896,-0.85601028067709517,-0.51625286098752221,0.02700708976025868,0.049512033149660926,-0.029870845331005823,0.99832674569631663,-13.966279907809247,-3.6236753406892741,-1.7597345350996971,,0.08720946989927331,0.3855421686746988,0,3
-0.83903483504039988,0.54297518739900708,0.034619235372008034,-0.54349967175217129,-0.83937728420880864,-0.0073404059510975414,0.025072941471059651,-0.024974399357306221,0.99937361731373042,5.2193959512884733,11.416143711911214,-3.5196505458139455,,0.2871289913586816,0.855072463768116,0,9
0.34366830548986782,0.93085633621729325,0.12409100340411636,-0.93771919886877553,0.33301709403207719,0.098905607299748649,0.050742485893226975,-0.15035323876308149,0.98732927826476757,-23.005256186250378,-5.3270161931771778,-1.5000742011983488,,0.07678257621491189,0.2727272727272727,0,1
-0.96778101655022031,0.24834978434250995,0.04150046532332375,-0.25156568984805472,-0.96068987101217151,-0.11742944871662532,0.010705498414175256,-0.12408608443998469,0.99221370477939774,-6.937225811581162,-16.136684750998263,-1.0459814948817547,,0.1650110195636662,0.25,0,2
-0.72644490104581227,0.68697679570817016,0.018457732880164692,-0.68640760580074156,-0.72662875667728222,0.029244634867285086,0.03350230504657839,0.0085750876475023472,0.99940185282418015,-11.056934156484161,-8.6118796594982552,-1.476794182987452,,0.1243888611396019,0.580952380952381,1,5
-0.18651909715206949,-0.98020376106653406,-0.066416964614448348,0.98147920942137945,-0.18891489577516174,0.031776148725772654,-0.043694254441053043,-0.05926001135065552,0.9972858482820055,2.5366581025467574,13.170803079381876,-3.504145513888457,,0.2378841337421328,0.4354838709677419,1,5
-0.99070062347456078,-0.13263854363774505,-0.030319818415911824,0.13572240754443418,-0.97907807146471593,-0.15160988776222373,-0.0095761546279479921,-0.15431508908266092,0.98797527830606713,-13.222332061626567,10.118304887699257,-2.7207946638080105,,0.1035043605411255,0.4545454545454545,0,5
0.83995654390807295,-0.53011366606513532,-0.11598493607787759,0.54204772739272433,0.80953222944020087,0.2254813312138331,-0.02563719123440859,-0.25226389069496652,0.96731880157321948,-10.254186886171366,-17.311744079278771,-0.88150866988579635,,0.4255383148382682,0.6764705882352942,0,5
0.17182662201774737,0.98478017235208049,0.026146206382126291,-0.98378178712796149,0.17014485975954621,0.056781352684825759,0.051468507665215969,-0.035478709666656678,0.99804421439087787,-7.2960692392786122,-12.073084484625644,-1.339235230272759,,0.08549537958966762,0.2727272727272727,0,5
-0.085968403235578028,-0.98505086086696769,-0.14927905127770352,0.99487058457995792,-0.09289347211686029,0.040041513153310289,-0.053309976389581008,-0.14507103206126387,0.98798402926060613,-3.5444729232906695,-2.8559754364506498,-2.1338046501698269,,0.09520996677203901,0.1972789115646258,0,5
6.311090281390014e-06,0.99976991185344721,0.021450485139500902,-0.99860451838868991,-0.0011265235996342489,0.052799117400498141,0.052811133427169109,-0.021420884601931745,0.99837474421632277,-3.2610162666746412,22.494524868051144,-3.8891671623011064,,0.1431153881197982,0.3529411764705883,0,1
0.048772501934119937,-0.98948462120396841,-0.13616691028266506,0.9974246969841537,0.041072677446804859,0.058796335033926082,-0.052585329714258007,-0.13868388359211689,0.98893961571506106,-14.055843333824152,-6.7078850976820545,-1.5431615133122158,,0.08133783919819122,0.3333333333333333,0,1
-0.98884528445027686,0.14893770553390348,0.0016010280280873844,-0.14882508320133811,-0.98841697415476926,0.029714976238325412,0.0060081636599897585,0.029145241001332343,0.99955713038145455,-12.330173428018428,11.381199387851623,-2.8220021712773722,,0.3813695560008571,0.95703125,1,5
-0.83040357661521313,-0.55061821142681344,-0.085143908706368551,0.55478280440715322,-0.83125366424712133,-0.035119590115315305,-0.051438700205153537,-0.076399809691323872,0.99574953135832944,0.21958169254470619,8.1449732129824071,-3.0252313940451261,,0.2297120577152913,0.1846153846153846,0,5
-0.90487290450264102,-0.42478839014424502,-0.027565382196054769,0.42492244452451733,-0.90522910421447422,0.0010885873269514317,-0.025415405490811407,-0.010728116410656898,0.99961940991660247,3.9041327927363376,12.778092481950189,-3.5470423868690677,,0.1894213676126719,0.7796610169491526,1,6
-0.96086560357750106,0.27561071935992171,0.027857193605060414,-0.27686392888296213,-0.95879386260783628,-0.063723574201656238,0.0091464061321063876,-0.068942442656540509,0.99757871010533028,-12.837430641371567,13.161205976711477,-2.9206676622810117,,0.07957118372645866,0.24,0,5
-0.30987572929453583,-0.93423785935629711,-0.17656912113827694,0.94945395657611831,-0.31385554111511232,-0.0056465611919289706,-0.050141965818401697,-0.16939398294126023,0.98427204664521584,-7.7683672501472465,14.142218282184748,-3.1431896849741392,,0.342258311838422,0.3173076923076923,0,5
-0.89023475045565947,0.45477177286821102,0.025782235811788144,-0.45501393041735244,-0.89047475085676187,-0.0041281003792482821,0.021081086482983642,-0.015406254862644743,0.99965905943166677,-18.190971374461057,-4.7312909932145262,-1.6126470798507233,,0.08956865595479682,0.1818181818181818,0,1
0.31170317992729268,0.93703707960661775,0.15748853629872669,-0.94786218248575782,0.29507343916112705,0.12037004824689752,0.066320514447263265,-0.18679715453915813,0.98015734064461502,-0.84234162701493165,17.219956737377913,-3.6262355347914506,,0.1788650830561317,0.2222222222222222,0,4
-0.99453045545633578,0.10436497083335572,0.0041383611207740211,-0.10442400901185435,-0.9943619449478196,-0.018437700005174047,0.0021907787896751391,-0.018768998442683038,0.99982144665222739,-11.240431306357204,-2.2723328901127964,-1.9040882246114703,,0.07580714730470636,0.1451612903225807,0,1
-0.12717643861335165,0.98701884374100479,0.098081372144740456,-0.99051833827887648,-0.13155922586446994,0.039567557710767164,0.051957434452423908,-0.092119336678636754,0.99439149876445054,-20.855139374230468,14.397115921437804,-2.8504402088258844,,0.2285422806640948,0.375,0,1
-0.85027837642072446,0.52078456601881773,0.076224132582342299,-0.52629090982372362,-0.83941021932263926,-0.13567741865777594,-0.0066753897456214139,-0.15547964334057363,0.98781654150881359,2.1588288351296279,7.1790940817322575,-3.0703405687693981,0.5077788360968029,0.2698142801600867,0.1304347826086956,1,2
0.56208723815312556,-0.82601970931854662,-0.041825548683724637,0.82592128689176136,0.55790942839091018,0.08118557489839999,-0.043726017020162482,-0.080177986566331266,0.99582103106216857,-14.133355948667678,-16.696167378729509,-0.85848306931374685,,0.1080340538381263,0.4285714285714285,0,5
0.99363101833148215,-0.10981703342113112,-0.025251110473114902,0.1126460128991594,0.96232499819515704,0.2474701469402204,-0.0028766625568003822,-0.24873845102692516,0.96856641888579909,8.9713708519835507,6.8097282078097017,-3.4523691214113379,0.5008959504108264,0.3163648149185271,0.36,1,3
-0.19062822078334024,0.97398404699126262,0.1225396166449806,-0.98100997552284519,-0.19356148411385388,0.012384659555571276,0.035781410895089488,-0.11785172070938531,0.99238634742734766,-12.262849643165429,-17.391767715756014,-0.84149729189432065,,0.2320527226812089,0.4545454545454545,0,5
-0.99580891168183816,0.091456212414936608,-0.00061043078860229427,-0.090454359984175767,-0.98584269842929861,-0.1411813823189598,-0.013513703226237187,-0.14053446255048319,0.98998355777293612,14.786896553233447,3.7473584310388741,-3.9018376204665506,,0.2070031844012117,0.3,0,4
-0.81858253840909534,0.57398138091925477,0.021633357801011666,-0.57394479431825318,-0.81885006103804225,0.0084823707164537829,0.022583199213115419,-0.0054728325407131006,0.99972998715517247,0.52933450431675311,13.445997528863337,-3.4272181695913608,,0.1615598511146907,0.7166666666666667,1,5
-0.78539314591017473,-0.61163286239856229,-0.095198991546443623,0.61800955509828737,-0.78349547317425217,-0.064799948477377481,-0.034954200956894742,-0.109727321800888,0.99334692765713462,0.52539050053419423,7.1997800285078437,-2.9766444397160625,0.2217741519675064,0.1321978709747609,0.3223684210526316,1,5
-0.98764493303405898,0.15669946627130649,0.0016623845635643185,-0.1566097590567356,-0.98734455642656671,0.024982198922785775,0.0055560435870069258,0.024413196536178856,0.99968651397052732,-6.6911656346254063,-9.5600089417132601,-1.5627800785716903,,0.1056300368373535,0.4107142857142857,0,5
-0.11766851792889109,0.99184285978983899,0.049008788725401022,-0.9920953128928468,-0.1195786162245462,0.038050554238617473,0.043600573671243356,-0.044144037261395173,0.99807329087086671,-11.599512260756812,0.35993470795435945,-2.0836361426906707,,0.3909030650975014,0.9135593220338983,1,3
-0.067813562801112365,0.95002840749631767,0.30470862418092198,-0.99631769756252586,-0.08054390314496028,0.029389201926595668,0.052462998617373684,-0.30159360838085736,0.95199208460989171,6.9518042634538242,8.0403739199387196,-3.402713422304207,,0.2044426066862521,0.1818181818181818,0,1
-0.49755240035007542,-0.8655589374156194,-0.057002936466675265,0.86602489351792,-0.49941451167623357,0.024208042764048952,-0.049421581451378038,-0.037321192198731326,0.99808047566301583,-2.8822665560331751,-7.6239026574854201,-1.8193026109285446,,0.1706827088971475,0.3832335329341318,0,5
0.67572853666872146,0.723607169832585,0.14065421607055628,-0.73709552785581467,0.66559555607185761,0.11693048598355388,-0.0090070831296249574,-0.18268885982530197,0.98312951992564279,-13.280321398870534,-22.054277543033926,-0.48194547909940172,,0.3065742702132666,0.2777777777777778,0,3
0.45751339821251119,-0.87126963595112661,-0.17768149010415182,0.88804137602745326,0.43749165867606848,0.14136323090581102,-0.045431320906480208,-0.2224640871207168,0.97388178185149277,-8.1809355474949861,-12.288708871818127,-1.302980300399615,,0.1294741678094874,0.3478260869565217,0,1
-0.59358613026959361,0.80093092279563327,0.078518551064721998,-0.804731181277068,-0.59168934517010896,-0.048077486338005869,0.0079518445647976284,-0.091724455418943709,0.99575267634393749,-15.241078664109907,-3.9406253917440499,-1.7047424519627086,,0.3848167190399832,0.6694214876033058,1,3
0.65776853880715747,0.7491985358542057,0.077730966991359438,-0.75213101979063035,0.64776300818873345,0.12125186304131343,0.040490473252404569,-0.13821953225285324,0.98957358618730273,-8.1604014776958511,11.963151151796456,-2.9834291771493024,,0.09209805146220969,0.3052631578947368,0,3
0.05897096686647553,0.99794493195079315,0.025066668317895557,-0.99683767326671968,0.057528578441652628,0.054818936679529209,0.053264230239670696,-0.028220125021143565,0.99818161990730192,-15.558695141665966,-9.2249954843612905,-1.3297260669744109,,0.08323422049275876,0.4473684210526316,0,3
0.092077565712504764,0.98045164698231047,0.17388585285219788,-0.9957026580749323,0.088922716007941716,0.025864401796426503,0.009896393028543839,-0.17552013704258493,0.98442609824078653,5.3786425639472846,-14.295166004988285,-1.6782984214879235,,0.3471969188118639,0.4509803921568628,0,5
-0.5296221843661888,-0.80294922674211755,-0.27344630387230101,0.84695455010539744,-0.51828853867415636,-0.11851152152753615,-0.046565350669257169,-0.29436292217812271,0.95455860907741341,22.335704519691554,-8.4691054282636671,-3.7540302559180154,,0.4015454428697193,0.4,0,1
-0.99835733945624139,0.047549144007714921,0.031964068232760594,-0.048559105765542572,-0.99832031739558624,-0.031599954468740206,0.030407827957712377,-0.033100193040361457,0.99898935991309967,-10.042076714747985,-14.941232413148686,-1.062118515252864,,0.1739194293709369,0.3684210526315789,0,4
-0.84911928296236783,0.5210157455651756,0.086827623338651364,-0.5280014758090672,-0.84177107991668676,-0.11240947717760247,0.014521874704095741,-0.14129416792302213,0.98986113837548928,-17.48250909689926,-14.139961321586515,-0.97905585050542798,,0.2263535077479571,0.4090909090909091,0,3
-0.40084392378029443,0.8760247711479221,0.26815060899361781,-0.91493787631265977,-0.39781258888577026,-0.068072216156672985,0.047040740394865631,-0.27262748294922834,0.96096900276953301,6.3353107600586647,-7.6726074755478342,-2.3042581404170939,,0.2136149334894578,0.6071428571428571,0,3
0.44258273110899432,0.8962068317640387,0.030558809262931225,-0.89547786090480519,0.4399105842507347,0.067809132818021159,0.047327864450642777,-0.057375888347299932,0.99723020445777721,-8.609249460363225,-13.670359167196667,-1.1936999897568072,,0.1135663368836966,0.3333333333333333,1,5
0.52707394582125944,0.83491620236731101,0.15845501147315233,-0.847448286378368,0.50246690695820762,0.17134295820435749,0.06343861245942084,-0.22459283701044527,0.97238552026077818,-0.51538929951109003,-13.650942437832365,-1.467573411881494,,0.440638691551388,0.4285714285714285,0,6
-0.93772537990661953,-0.3369411384729819,-0.084509059180166352,0.34671290596653737,-0.92285408507943423,-0.16772149083656276,-0.021477260421778898,-0.18657708020207403,0.98220553878912942,-10.560868041140667,21.525970886588176,-3.5618811317106847,,0.7423223355414281,0.6744186046511628,0,1
0.63991330271053337,-0.766348959792575,-0.056747130666980693,0.76754261716612016,0.63383304807850138,0.095571951938308627,-0.037273259152907419,-0.10471360460013759,0.99380368542472497,-14.503443873925489,13.33775781660664,-2.8988950163304379,,0.1003367493297263,0.3648648648648649,0,4
0.57794533317073915,0.80264257019339191,0.14745879553118807,-0.81514247354966496,0.55914434189031192,0.15132862500988731,0.039012045338543744,-0.20765959993555616,0.97742291300803241,-14.323076473180151,10.292492273370859,-2.7027092113244136,,0.419291140021205,0.4901960784313725,1,4
0.54169481650765627,-0.84024089379776101,-0.023705825416508088,0.83950466290811776,0.53936681621980254,0.065691388449646296,-0.042410455364982245,-0.055485835587608598,0.99755835685180894,-15.45920821650566,-10.631965897580661,-1.2462030475470742,,0.09841392889458114,0.4,0,4
0.091616477087220344,0.9928416018727324,0.076628811271699987,-0.99402381701802067,0.086595559604526945,0.066466986224012981,0.059355474280399334,-0.082260334594297629,0.99484177889018266,-15.286679669540234,-5.6701303906980645,-1.5823763662349268,,0.0931404057219791,0.3188405797101449,0,4
-0.21867459008855816,0.95996350619768644,0.17507567054918358,-0.97463504084696162,-0.22362615617489445,0.0088249321631160196,0.047623112065917683,-0.1687050948936839,0.98451542910919909,-8.4404235276805064,-20.658841368756011,-0.64308673583102827,,0.4747469938544348,0.7142857142857143,0,4
-0.92692736874267923,-0.3631220511156833,-0.094594022376214143,0.37354033297531947,-0.91689855754955607,-0.1405868230106572,-0.035682947138093807,-0.16564845654904717,0.98553909923780159,-13.452208244362648,-8.5473021362608907,-1.434510952216155,,0.3385651994951705,0.2162162162162162,0,4
0.58945345147651751,-0.80470977770263219,-0.0706172940022603,0.80625748487596161,0.58066996154832495,0.11301001653373666,-0.049934923890094733,-0.12354986614823803,0.9910811944290151,-11.337693886291929,-11.915585191030097,-1.2399142559166714,,0.3637171653187,0.2982456140350877,0,5
-0.58657165395172939,-0.80904836035944527,-0.037073513186983049,0.80948151984148642,-0.58712259621089602,0.0051697247212350366,-0.025949254622225276,-0.026977909820252458,0.99929916870088531,-15.690628916612436,-21.641455185055491,-0.48715998836366081,,0.1970216663086858,0.5,0,2
-0.14876872926619611,0.98710851463944005,0.059030886143087991,-0.98641143654915198,-0.15234245741701599,0.061516286568527978,0.069716160519335935,-0.049077041419197803,0.99635892175860952,8.123872595144535,-7.0471612757276212,-2.4635993765547384,0.102586156940417,0.1100572262325343,0.24,1,5
0.66323180054607045,0.73073226527860835,0.16172178339732277,-0.74545467751482208,0.6258046314595227,0.22949049438938185,0.066489867767122485,-0.27276165369165084,0.95978131767590991,12.40996961233272,-10.254181252697787,-2.6887365466379802,,0.3507116472248549,0.3846153846153846,0,3
-0.99997671681653699,-0.006792466484624826,0.00065438816786998245,0.0067531588334823044,-0.99882108711441453,-0.048071101311996968,0.00098013804576745816,-0.048065562876489477,0.99884370198483841,-8.7591840391367359,27.022177981834087,-3.9638326032506641,,0.3488513921603657,0.8863636363636364,0,3
0.94238589214443247,-0.3339566634470934,-0.019539120410760218,0.33420237736209962,0.93728639239261513,0.099010047980780544,-0.014751313591071744,-0.099835692890471353,0.99489458394968477,-0.65847359498053171,-3.0038316115296926,-2.2566159201203138,,0.1340976649277446,0.2678571428571428,1,2
-0.45660075657877963,0.85895208616473173,0.23176941723390002,-0.88850954745187016,-0.45357007600464089,-0.06946200572987439,0.045459137459469258,-0.23764574438941632,0.9702875692262789,7.3306111426990688,4.6856059883433234,-3.2054167395611257,0.6559898102517894,0.7163988555678664,0.2716049382716049,1,1
-0.74775811452666108,-0.6357840054561924,-0.1914066366812131,0.66304714033931811,-0.73022130875121138,-0.1647583986736974,-0.035018450099711496,-0.250111052638121,0.96758367571020198,-9.5363807770463147,16.367436019846217,-3.2470072420693734,,0.4708523277246307,0.2173913043478261,0,2
-0.47271722542775813,-0.86330566441314849,-0.1767533721773181,0.876912350829396,-0.48064467510391007,0.0023292181345491449,-0.086966394352897713,-0.1538961535790552,0.98425241689661458,11.665187227976933,7.5970317439948856,-3.702564819870231,0.7971860039891229,0.395350239724783,0.3703703703703703,1,4
0.79222362080079967,0.6084551037099728,0.046520118385041165,-0.60845387611388002,0.78180439852109729,0.13625624057290545,0.046536171815770792,-0.13625075861202673,0.98958077764798036,-1.246099275553529,-18.149248518858517,-1.0885252439967079,,0.1649206454315018,0.2666666666666667,0,5
-0.28034676359597832,-0.95900461376928092,-0.041422734222791247,0.95850928617584763,-0.28200124375836022,0.041656294043077989,-0.051629840750540765,-0.028025868192960168,0.99827296380103525,-16.805038215689258,-2.8021839133451145,-1.7628247942362345,,0.6917453183972282,0.3958333333333333,0,1
0.81947736345810573,0.57139480951867472,0.04432631763263141,-0.57238008653906525,0.81207347311714406,0.11365610759211627,0.028946283237806562,-0.11851010891302192,0.99253083920457608,-13.53375528317993,-11.820908016705742,-1.1967739721790234,0.1271401047851878,0.1241267018999311,0.45,1,5
0.77969969139113471,0.62356211791888272,0.056909369536910462,-0.62519645067557517,0.77026210730944755,0.12580017530144263,0.034609092840381529,-0.13366589370414647,0.99042195025809032,6.355886499864936,-6.2197364596595435,-2.4268657408825529,,0.06510115392108536,0.3181818181818182,0,3
0.70509268173537765,-0.68987117571495227,-0.16407946575023527,0.70878044474408985,0.67852553211201128,0.19295953829878781,-0.021785116744766152,-0.25235067503333702,0.96739058580215442,14.438220748384946,-7.9120631716067509,-3.1673465563069438,,0.3750230140340353,0.2380952380952381,0,4
-0.75929950737846663,0.64041154542439394,0.11548727454553767,-0.64463099917105082,-0.76449313582290745,0.0010583890537087463,0.088967033234505041,-0.073643042894735597,0.99330839583215713,13.085820819898597,-13.754677575467189,-2.4627070842529672,,0.1445671715385478,0.4615384615384616,0,2
-0.36989325504524584,0.90970267884812162,0.18873265739819722,-0.9282469860331849,-0.37042899296357285,-0.03376231763819957,0.039198377419761836,-0.18767897396497518,0.9814479557975111,18.784663218338441,-11.837646406269201,-3.0665399275879861,,0.2472501894475942,0.1333333333333333,0,4
-0.24946607502483176,0.96641889910285683,0.061653782272686079,-0.96707546029443114,-0.25193173411966852,0.0359924358688158,0.050316314531365418,-0.050644968163474066,0.99744842257216559,-13.846860000055628,-18.253937496745589,-0.75163968179657836,,0.1009400952370982,0.2272727272727273,0,3
-0.75761344781665807,0.65223404426040343,0.024751064524066686,-0.65209764177351948,-0.75799930136121996,0.014343107380112357,0.028116352550980942,-0.0052735797728766303,0.99959074629350608,10.298872123823386,-0.15889414502402843,-3.2184415133711624,0.2039501138766558,0.1011700732767832,0.64,1,5
0.24136027168827404,-0.96896782784427482,-0.05335323657766515,0.96911784820582902,0.23780385340264937,0.065268090180090457,-0.050555074319674494,-0.067458697805404699,0.99644041896690083,-9.1119510481051549,-12.675426717487008,-1.2524547048069239,,0.07878627895573079,0.2,0,2
0.94013547717772183,-0.33932349729363565,-0.031699349145266946,0.33824059698107833,0.91764729562898817,0.20860666187513832,-0.041696320049869548,-0.20684053038324157,0.97748576045131119,3.6402915190945389,-8.0535434015076373,-2.1050699398778216,0.3254294342033633,0.2875395310448229,0.5,1,5
0.79232586310956843,0.60720129455819805,0.059382779781076103,-0.60929817190001678,0.7825471013607489,0.12796785483545944,0.031232424929501741,-0.1375740601957362,0.98999894625917895,3.6900986407447225,-4.9110649105961697,-2.3456778779401,,0.1775218700479864,0.4523809523809524,1,4
-0.64573259783225057,-0.76190140519969307,-0.05035534580900989,0.76226552521265445,-0.6470753077723751,0.015646569705877578,-0.044504844332812557,-0.028280644017030048,0.99860879427576277,5.237092129141641,-5.0377155046945497,-2.4317415974080023,,0.08485038633302783,0.28,0,3
0.99620491707273895,0.087013254854992367,-0.0021110849432233372,-0.084954123782260263,0.97733465217472004,0.19390661286017838,0.018935681991567529,-0.19299137581264825,0.98101772094567952,-12.981620152355918,16.234345763908117,-3.1216256150178077,,0.2915092451900811,0.6338028169014085,0,2
0.33475486260882281,0.94076625290619342,0.053833440839195619,-0.94086230060826992,0.33053598511494486,0.074324247982774649,0.05212785487491501,-0.075530258419602619,0.99578002932836851,-10.789201206475509,-6.5148266389434299,-1.6295632151279715,,0.07632492671210662,0.2340425531914894,0,4
-0.98831823783210637,-0.14320412128436624,-0.052150171769724668,0.14980029980026929,-0.97577368249994101,-0.15945403952315801,-0.02805228953559227,-0.16540344672247892,0.98582694671231963,14.784326977810752,-7.1121847162790921,-3.3129518325629652,,0.3444130373879883,0.1,0,2
-0.51232928634820241,0.84445199982140728,0.15626747053551376,-0.85766906132896981,-0.51240939894028992,-0.042899756604604607,0.043846135394412067,-0.15600457645619523,0.98678269570138788,7.7532544567150934,-5.4307843632537569,-2.5484761547874641,,0.1001663267329647,0.2666666666666667,0,5
-0.59839162471599272,0.79278347374077507,0.11585260995447814,-0.79985572223725798,-0.59949102873211779,-0.029005690373121732,0.046457368350658064,-0.11002213519659176,0.99284280865236363,-17.012959656858307,-7.6892657493880554,-1.4188322161483766,,0.1099231218885812,0.34375,0,3
0.54462599646980681,0.83329147524621117,0.094909647830255253,-0.8374104794402023,0.53408701584470164,0.11616689902821559,0.046110876081466842,-0.14274584683308411,0.98868468700536927,-20.815943615417243,-8.9843837925851879,-1.279000531451554,,0.2520454383005662,0.125,0,1
0.94970261552340529,-0.30957868837409036,-0.047180268890504286,0.3131531802118428,0.93894215900568667,0.14255773484784273,0.00016670696274242815,-0.15016210489439966,0.98866137502305151,-8.3225227034749061,-10.5161784023654,-1.4376656918321096,0.8430703632774754,0.7010324016652919,0.844311377245509,1,5
-0.73874596640241441,0.66300677947350406,0.12114622361566114,-0.67397191156762759,-0.72777637288380115,-0.1268992257264667,0.0040323122449899117,-0.17539544305446306,0.98448980645494122,18.35564003378429,-10.65296993737784,-3.1769497165180045,,0.2628430421669161,0.2857142857142857,0,3
0.085001385119268608,0.99153139948862579,0.098184766414824529,-0.99569788825003658,0.080881829985008424,0.045208903024667541,0.03688468330111256,-0.10160518395438332,0.99414078818413476,-19.76601637591093,-17.142446068347841,-0.76767032408669467,,0.1045779252672919,0.375,0,2
0.61665325780541347,0.75207653271564046,0.23263630107184641,-0.78602466782238856,0.57182805501914213,0.23489975961615803,0.043634633179096126,-0.32770957329843958,0.94377033983691216,-15.752346404840438,17.193015230165212,-3.1244047627349425,,0.2032933954556078,0.2307692307692308,0,1
0.73977630976666486,0.66842716344351683,0.077046341112800468,-0.67188755894706265,0.72772449302917808,0.1377830554806472,0.036029427419443871,-0.15369511838793107,0.98746123515991591,5.6460979439856942,-8.6609604284762529,-2.1717341651778899,,0.107373415504269,0.32,0,5
-0.08643775099298763,0.99361062413663304,0.072570261168639627,-0.99485901202881111,-0.089945066934652304,0.046534193010930071,0.052764205559563265,-0.068174867340767192,0.99627713316864641,-5.9246931695361713,-10.576808264362626,-1.5104673881375303,1.077950032990917,0.9588128417468923,0.7897727272727273,1,3
-0.55438994868301472,-0.8283478232900322,-0.080570890834792935,0.83082246502439705,-0.55651652798028794,0.0048358758825851385,-0.048844819684697872,-0.064259145150190392,0.9967371498316584,5.8714998909654987,9.6838635352927387,-3.4492169765389162,,0.1015483752094776,0.3333333333333333,0,3
0.84109915933597501,0.52716787378538388,0.12102163861439336,-0.5402144711019996,0.80766028854522476,0.23633278130430885,0.026842678262461801,-0.26415694417455898,0.96410610384337669,-4.9374568633359086,12.376563667133519,-3.0959125297484849,,0.3663243603212676,0.1619047619047619,0,4
-0.82413075503544941,0.56578456886290673,0.026387880576376057,-0.56549636118440127,-0.82455310316793751,0.018056731246925525,0.031974428718890988,-4.1142889308273188e-05,0.99948868638687505,8.2703058658587771,1.4978431117033981,-3.1115932181800368,0.1849729266041333,0.1652623998691419,0.3230769230769231,1,5
0.9160523342687138,0.40083176851633162,0.01349126491145386,-0.4000314919197675,0.91078275329921321,0.10222319582731641,0.028686692965311511,-0.099038727984434721,0.99466999753985708,-13.381493241386444,-13.464699392227097,-1.0898914949604033,,0.1639077423615512,0.5666666666666667,1,5
0.94933583304685421,-0.31117894565729654,-0.043921974828656535,0.31407175255813768,0.93456498293296186,0.16717424119933266,-0.010973164461341531,-0.17249914914319478,0.9849485434308628,-11.235729035439533,-10.85840704039939,-1.3231832232911691,,0.1055128098824436,0.3111111111111111,0,5
0.59430533341620462,0.80241064801925466,0.054206296851707213,-0.80192648090442642,0.58614037284925002,0.11555683683965259,0.060951537284124072,-0.11214550932366185,0.99182069692119246,1.768156666319443,17.637247022044029,-3.7614492151012984,,0.2082788814229514,0.25,0,3
0.56269834406225583,-0.82603860110002236,-0.03210612219364873,0.82596888091673359,0.56021169114596636,0.062755628118400741,-0.033852346251833969,-0.061831145841674762,0.99751236987676073,-9.8629368859354329,20.532100847657155,-3.5165229956867319,,0.09586818745618667,0.4117647058823529,0,2
-0.78493045657767069,-0.61932594358365112,-0.017876071743816908,0.61857502752674087,-0.78497193178757008,0.034409324695233952,-0.035342802054469137,0.015951235372557764,0.99924793941895529,-20.91800734547315,-4.3715711362372831,-1.5896020729146962,,0.09849787875236106,0.2777777777777778,0,1
0.8309366166856238,0.54995901312414364,0.084198711003002552,-0.55525909438601673,0.81018417854588387,0.18785349327481776,0.035095258264751822,-0.20284644615434969,0.97858144378987744,9.7508879549275456,2.0935857364363226,-3.2869927198692421,0.6850970828927018,0.3689434580282968,0.3484848484848485,1,4
-0.98194920804020325,-0.18485687592054126,-0.040046076638235964,0.18674845537938117,-0.98112500415836323,-0.050187056385754873,-0.030012784653096695,-0.056759683228055899,0.99793665686616484,14.465503819582487,5.3166232637813113,-3.9273470486555295,,0.3069613121058047,0.3214285714285715,0,3
-0.96085443406070481,0.27679553599128409,0.011957750673951681,-0.27678761701872145,-0.96092825709262686,0.0023451622595292705,0.012139670958481511,-0.0010563977582865756,0.99992575345012269,-17.75468056500273,-12.801116859168632,-1.0760005358726588,,0.09519579029768853,0.375,0,3
0.97182508430420111,0.23549126458954184,0.0099934888378379796,-0.23510460240023087,0.9654654633828964,0.11225981001711738,0.016787836291877623,-0.11144641455366966,0.99362863547492919,-12.149568622993028,-6.3905412151191952,-1.622041422972162,,0.1067024825131665,0.4166666666666667,0,5
-0.57662441108367912,-0.81658661456485659,-0.026279068779263427,0.81601600119681528,-0.57721096880493217,0.030747085748559697,-0.040276225408521826,-0.0037146204081279941,0.99918167880624387,-14.663574563506161,-12.711529905006804,-1.113120108245242,,0.07682295668238814,0.4444444444444444,0,2
-0.5234387026668077,-0.84197331324050761,-0.1307396815863264,0.8519372412707189,-0.51980329706681438,-0.06330457562063177,-0.014658154267450355,-0.14451806859100319,0.98939358516426601,3.3232842347900098,-10.638230226600244,-1.8835653562306729,,0.1945054098403473,0.3333333333333333,0,5
-0.71330637829195542,-0.66466121219406515,-0.22230493402695714,0.69974424341077202,-0.69323221672015811,-0.17258936095467214,-0.039395488339404532,-0.27866568986147489,0.95957981887518262,-21.734658436358757,-7.3984975691222958,-1.3708644389799074,,0.5874530453196661,0.2448979591836735,0,1
0.14261518634682444,0.98653966634339596,0.080002470926351543,-0.98807168496736897,0.13715907006354144,0.070012390796550861,0.058096936141288837,-0.089033006409789936,0.99433287674733428,-6.9995066874495704,14.685808184155182,-3.2031367360706278,,0.07752720965335121,0.2173913043478261,0,3
-0.14646332489813013,-0.98817485316578169,-0.04537569867860438,0.98777554983626836,-0.1485707097944757,0.047182701669404983,-0.053366259054229634,-0.037910470347285646,0.99785511905917745,-6.2492290675628022,-8.0692034182892662,-1.672457312167186,0.1089004897362445,0.1051603520960689,0.3473684210526316,1,5
-0.96836660448286604,0.24950776938042973,-0.0034629959754599216,-0.24953103936662857,-0.96830466595264786,0.010969698580183382,-0.00061621013769586432,0.011486814751371654,0.99993383449702966,3.3883891446028533,-9.1827551802123768,-1.9954255210872198,,0.0900330768299208,0.3243243243243243,1,6
0.2192997435289645,0.96702054448581498,0.12953335103550964,-0.97432464464388158,0.2101240167337998,0.080866460484108296,0.050981460627412448,-0.14394153026146417,0.9882720913484726,16.091085808871831,-9.6445629565349833,-3.0697184605238763,,0.09048360501739355,0.7272727272727273,0,2
-0.99149780557393885,0.12894944387998256,0.017439680762763636,-0.13006823626136355,-0.98603841124406,-0.10397358062098287,0.0037888597126327847,-0.10535792554114336,0.99442714769245144,-6.0613095746755841,13.034937036666177,-3.1356152031234386,,0.06786015574786415,0.36,0,3
0.41150376525509974,0.90881167752410486,0.06874580697539287,-0.90861796312442134,0.40317782808739139,0.10890838363671088,0.071260425682864059,-0.10727988504167953,0.99167180962097579,-4.6313158426903076,22.233145578941922,-3.8166902837393955,,0.832803565881306,0.723404255319149,0,2
