axis_00,axis_01,axis_02,axis_10,axis_11,axis_12,axis_20,axis_21,axis_22,location_x,location_y,location_z,dbh,dbh_approximation,score,reconstructed,number_clusters
0.21718004980746619,0.97327273098810585,0.074652642823824444,-0.97453278649292019,0.21181395961579713,0.073625366296019595,0.055845089452628512,-0.088741408749424738,0.99448795284668801,1.2062447970763621,-17.856164863038401,-0.0071325263021798637,0.17868342448607,0.1858186054133102,0.2380952380952381,1,5
-0.40671575704847712,0.89133097508007442,0.2002782709913607,-0.91325108497044294,-0.40234193392576506,-0.063979871875339961,0.023553105289827493,-0.20892597030450794,0.97764778430860622,18.552471673761097,6.3272254275951063,-0.52652401020822648,,0.4290665516042432,0.4,0,6
0.35199677088560316,-0.92205436164657695,-0.1609783446760269,0.93531388177153385,0.33990743590264866,0.098238880203073892,-0.035863851599838695,-0.18514504904699014,0.98205656403376995,0.098821280397256808,-18.720566687674602,0.027644889011241892,0.1460823796876796,0.1393398825305054,0.2307692307692308,1,4
-0.999408263874762,-0.019138692410842872,-0.028580282567464931,0.019725878261254191,-0.99959715124304238,-0.020406492927876448,-0.028178215444828469,-0.02095818884341967,0.99938318101454315,-14.698166571186048,1.0557295353278462,-0.65743398665023622,,0.09624661135431176,0.4225352112676056,0,4
-0.97223639503778903,0.2339543772424644,0.0046627816820626342,-0.23393527665260716,-0.97129935726695971,-0.043033067637098167,-0.0055388176890065529,-0.042929103669673695,0.99906276757605461,7.8615728859555789,8.0163379744832586,-0.80214020583256995,,0.3873727737363651,0.2,0,2
0.48043550307159205,0.869318458576957,0.11604802870247392,-0.87526929684278987,0.46687466269450545,0.12622086728516838,0.055546245531759422,-0.16221426235468878,0.9851909194141254,-13.292213910620347,-0.15000403661414052,-0.65500618009970046,0.7262376201924189,0.3388356425224876,0.1833333333333333,1,5
0.8514371239778975,-0.5045573983370677,-0.14309666556413983,0.52445633461666397,0.81881132038269588,0.2334385886986112,-0.00061399731231373523,-0.27380623330464032,0.96178467944276624,10.419233606077078,-1.0576558003388994,-0.77607153155698672,0.329840001709467,0.3595538196866219,0.2653061224489796,1,5
0.85398389936495023,0.51422346315355805,0.079282593094556472,-0.5193216787627577,0.83308779479992678,0.19044610818398927,0.031882496647324135,-0.20381107942837193,0.978490955660693,-3.3163720078332828,-11.453822920893883,-0.3054275377218677,,0.1738269179611739,0.5161290322580645,0,5
0.51865078145957921,0.85365583187908955,0.047676908353913881,-0.85397819287029586,0.51452628334453943,0.077355994270894401,0.0415043731834569,-0.080835786916900201,0.99586292357943207,10.080707731309095,5.1016092773598132,-0.80076673835122636,,0.09161466689428149,0.4242424242424243,0,5
-0.68644047674325459,0.72560632318499352,0.047905486558939656,-0.7270992764875166,-0.68588499728056596,-0.029806251639022126,0.01123004985848499,-0.055292262201807219,0.99840705712689304,14.713980610822469,-8.7434208724639557,-0.36714046743139822,0.1999673244849956,0.1662445506387834,0.3571428571428572,1,5
-0.93072722553823528,-0.34767775286475594,-0.11343285152376693,0.36448346707085655,-0.90727199809174486,-0.20978399297997269,-0.029977222584939636,-0.23659607275169878,0.97114554238001105,-12.485046670243106,-2.8842426127817173,-0.58800057265172556,,0.1159844776182946,0.4285714285714285,0,3
-0.99091114751725218,-0.10370728708275131,-0.085673194944376599,0.11744819678026495,-0.97751127754490108,-0.17515028788328749,-0.065582153053292319,-0.18362053501302678,0.98080705560391601,-7.7421184124647384,-15.349090044974172,-0.081641296925387796,,0.4398211673694954,0.4833333333333333,0,3
-0.97806295760604867,-0.20111828237286383,-0.054261288726835652,0.20543575296210664,-0.97438973547284202,-0.091437381907275211,-0.034481913575094121,-0.10057872489027521,0.99433139231125833,11.233540468116241,15.583598921514815,-0.71080637625140364,,0.1820830596977787,0.32,0,5
-0.55152103272639619,0.83306669730465344,0.04271332698732673,-0.83394032696707732,-0.55182952474527025,-0.0052637132761639933,0.019185450697173236,-0.038523414455708546,0.99907350331205347,3.3765806526913487,-20.15114926976462,0.09295859725831053,0.3146128926269393,0.1813083546825717,0.3333333333333333,1,4
-0.26870834271670374,-0.94884044671585599,-0.16582410328567987,0.96266381026219361,-0.27040106552530169,-0.012714250833597856,-0.032775218777617063,-0.16304928837268437,0.98607338195250105,-18.53152288885568,1.9043798929703748,-0.53909985815544592,,0.1410066453566831,0.1176470588235294,0,3
-0.58201178042595381,-0.76904301590344881,-0.26426336699501074,0.81217033651300718,-0.56593004536395897,-0.14178338493172282,-0.040517057318627266,-0.29714646799932837,0.95397187831810004,-4.3252712006428435,21.533814670864224,-1.2249629398649584,,0.2310240003239447,0.3448275862068966,0,2
-0.98458807236383694,-0.17175689236922118,-0.032952961665547259,0.17283635506602496,-0.98438754384998339,-0.033298016164444624,-0.026719321218065611,-0.038480299331794053,0.99890206949279103,-9.0799859332307786,12.671412424428764,-1.0459394835020637,,0.08923942569280749,0.2083333333333333,0,5
-0.25406394357306911,0.96579858788054218,0.051813127912255869,-0.96676576143900028,-0.25517021422457525,0.015878421894356645,0.028556524392356761,-0.046057023574431116,0.99853055811732339,13.255783814256338,-3.8555730035180549,-0.63511924224669214,,0.09833733267986314,0.2727272727272727,0,5
-0.69800706343049634,-0.70193650350628745,-0.1416731606427363,0.7150350300507391,-0.69394095150680768,-0.08468094013510355,-0.038872164867337397,-0.16040916702979949,0.98628487463376024,-21.315977345497039,4.1899792711807473,-0.51558074970672207,,0.1194706428810992,0.2727272727272727,0,1
0.24498010133665793,-0.96662756637386871,-0.074939294600450762,0.96864158784739629,0.24071918364158179,0.061544690424162024,-0.041451468509044374,-0.087666541810788867,0.99528707075164047,-8.7602545436889905,-15.428518154912592,-0.07245731412090102,0.2426506398486175,0.1685746708990786,0.4444444444444444,1,2
-0.9988420763158834,0.045175520820628756,-0.016543243320511519,-0.04471368901788695,-0.99862684852176065,-0.027296582678244939,-0.017753664280604126,-0.026525265881485734,0.99949047903145616,-16.121652424658024,7.5508297324248108,-0.77758478077895321,0.1593787119731883,0.118787822063585,0.4788732394366197,1,5
-0.6364104750934565,-0.76694442000634544,-0.082328390075665128,0.7703347309450137,-0.63741771059986563,-0.016824521196717256,-0.039574101268302395,-0.074127719746096388,0.99646323147121174,-26.004892451528502,3.0048645249701633,-0.33739107189924572,,0.6023730810297495,0.2727272727272727,0,1
-0.36417600573548903,0.91409758351649562,0.1783295955691287,-0.9296135690139864,-0.36839899953625488,-0.010039394691200947,0.056519458168176856,-0.16943371845648211,0.98391959320789313,10.747163403926095,30.149485348051215,-0.96201695970935797,,0.1739099168830922,0.125,0,2
-0.2163847816787853,-0.97511097410691483,-0.048334402179901453,0.97558651120996454,-0.21786284953897098,0.027690033151474194,-0.03753112578906273,-0.041162689015949286,0.99844731840492307,-13.991890297774958,-0.93722849355230997,-0.59436876498713798,,0.07483600818412706,0.4344827586206896,0,5
0.47517090536259005,0.87976600335047939,0.014979654389213908,-0.87896916464507313,0.4738227813170609,0.053899717143103265,0.040321437226843622,-0.03877823169883516,0.99843398902795399,-1.4820110028140328,11.892254219289569,-0.98558918084687908,0.1957098347799327,0.1658913382546025,0.5303030303030303,1,5
0.74520766718277487,0.66577766472017796,0.0374917848568714,-0.66572934738021972,0.73956544223033549,0.099234029926010991,0.038340172257235121,-0.098909341411192855,0.99435756816795562,-1.1003589071167574,10.72568311763132,-0.97826046557358826,,0.08080008054239715,0.3157894736842105,0,5
0.78289863885146671,-0.61347111216146288,-0.10355151291940756,0.6221093014852489,0.77004188953331232,0.14147616537601515,-0.0070525378450692214,-0.17518185667284056,0.98451083224238822,20.774353881889581,1.1749723906363281,-0.53690351730291686,,0.2205492516549281,0.5517241379310345,1,5
0.92902196911180612,0.36973722757621597,-0.01457955595606761,-0.36857026740833865,0.92814196380587299,0.052042799743325679,0.032774058188883626,-0.042975313458213135,0.99853842366881418,2.4221208266388059,-11.230007082485304,-0.35109431817322234,0.3997469174764787,0.3843053155940057,0.8526785714285714,1,5
-0.46541743716155493,-0.83156231926303681,-0.30313481879825255,0.88418071037110768,-0.45235150463887702,-0.11663013186388552,-0.040138268443136428,-0.32230765649115967,0.94578364014903704,-18.730877200808902,-4.6864341399452529,-0.29167293459361926,,0.1054791202041699,0.4444444444444444,0,1
0.71911731174627813,0.69320628693898101,0.048325311122420715,-0.69398093436832242,0.71288559020461606,0.1009187693736307,0.035507107458617272,-0.10610927870308522,0.99372031593051091,20.58108515828868,3.3049955196925929,-0.54533499228533011,,0.1546250785322502,0.25,0,5
-0.8030133007893363,0.58888682020168148,0.091552999667775151,-0.59595706596429254,-0.79404144091926243,-0.11972203485613606,0.0021941473621760496,-0.1507000434492789,0.98857709998853349,-5.9254287675628872,2.1721249110276961,-0.90622282910911955,0.4273631177785824,0.2994894040932145,0.2442748091603053,1,5
-0.88387467788315455,0.46766110417008416,0.0076580312984509636,-0.46769962170356311,-0.88354403197175024,-0.024637520683853151,-0.0047558022766248211,-0.02535813899955983,0.99966711816043297,11.742901551372125,8.2226640344175621,-0.67205345435061647,0.1914161648814336,0.1703611651965407,0.7380952380952381,1,5
0.29917652281539225,-0.94960085529615335,-0.093550113933142748,0.95392386513277894,0.29530075984996962,0.053166914168202184,-0.022861927439073695,-0.10514597877638257,0.99419397273415688,-6.8200999148286714,-7.13198266466856,-0.4986735455383185,,0.09354003643842165,0.5548780487804879,0,5
-0.96304879273548505,-0.26809923007395364,-0.025687071543464449,0.2682504588163962,-0.96334577681549427,-0.0025701432928958634,-0.0240564784521488,-0.0093657421225644914,0.9996667288246498,-3.3876838562022886,-12.648248945090639,-0.23811075851053687,0.4537943581829064,0.3915930309463642,0.951417004048583,1,5
-0.84277773578756787,-0.53459221099467369,-0.062744370302098104,0.53819337615208629,-0.83878357512794843,-0.082401480336194433,-0.0085777576789853906,-0.10321473751070456,0.99462210916196558,-12.013626360255408,-2.1007197127240769,-0.63900306838946852,0.3844944964011847,0.1793695336900728,0.2474747474747475,1,5
-0.78076949098240112,0.61990188384218614,0.07823462379273903,-0.62465201513770996,-0.77152149825558469,-0.12068321222878023,-0.014452056444711245,-0.14309518558766079,0.98960340840467598,-23.679607171140802,-3.9478889763013294,-0.19802895836939075,,0.4895511774278255,0.6296296296296297,0,2
-0.16177127237154607,0.98682738239344558,0.0013314630268775626,-0.98633571350406135,-0.1617330030067354,0.031373492073062406,0.031175562572731019,0.0037620601967783478,0.9995068439992546,-10.447821825172259,2.384735318156364,-0.80654502647730408,,0.0793384794577239,0.361344537815126,0,5
0.56050353894574789,-0.81793031651008818,-0.12971422498322902,0.82800843397747903,0.55057269509249207,0.10616845426374656,-0.015421286958482768,-0.16691226663219547,0.9858511445224617,-13.987665714918371,-1.9198542457977394,-0.56112118032810787,0.4305877025589012,0.1522840907042989,0.1692307692307692,1,5
-0.99513985601660881,0.097360000211629119,-0.014754569666219377,-0.096822133066249066,-0.99473434958746498,-0.033601313952065982,-0.017948301193853822,-0.032009437820669867,0.99932640031906483,-11.585087881184645,10.878662585417235,-0.98338244544838194,,0.1034883361666685,0.475,1,5
0.99985126391502921,-0.0049736309669830454,-0.016514025630455519,0.0063060826150597013,0.99664188047604729,0.081640647983837897,0.016052519103589843,-0.081732643883415126,0.99652500799240162,-10.843206396836813,0.53794514728486387,-0.75679692932543863,,0.0822182823194251,0.4459459459459459,0,5
0.98357115149556162,0.1791693453571967,-0.022048483620603725,-0.17675720623784685,0.98066469755744756,0.083985957204471884,0.036669878492922428,-0.078708936270500546,0.99622297873642729,3.6074892864876005,-8.1932036658443721,-0.52663812013469513,0.2209981075371882,0.18758610720014,0.5882352941176471,1,5
0.082527543535438383,-0.99406847306025703,-0.070831316701412086,0.9960250068727543,0.079881933847428171,0.039408911795755196,-0.033517014218704268,-0.073802083388238598,0.99670951748511927,-8.7347157180452903,3.2467761087233731,-0.87204920342279668,,0.09351954357991007,0.3940886699507389,0,5
-0.072455116625263064,-0.98100445969502004,-0.17994584222288107,0.99664193181632099,-0.078114396252037796,0.024556075492874509,-0.038145980394422276,-0.1775623585016321,0.98336996752142414,5.5080920909259028,-7.2941562157960051,-0.5524792885920482,,0.1042455336686464,0.4848484848484849,0,5
0.76855321457495562,-0.6211804973441527,-0.15316901150615564,0.6397643687117307,0.74421550621255028,0.19195007903014227,-0.0052448921230636662,-0.24551592622896806,0.96937836837560432,0.45064563564704196,-17.077598602958897,-0.044741326514474322,,0.3519425614267702,0.1875,0,3
-0.98659858900119479,-0.15575820362944465,-0.048606647518408624,0.1564133788490672,-0.98764149483468433,-0.0099565354279153532,-0.046455129941358676,-0.01742583377740162,0.99876837215607339,26.428948201904301,14.244154543584081,-0.33782356937224517,,0.543459416501884,0.88,0,3
0.99914384457436867,-0.036104860651068667,-0.0201994278759841,0.037210371404330603,0.99766144514815946,0.057332618332311881,0.018082204210271274,-0.058035160913481355,0.99815076716328011,-14.273620634760075,1.7435505315975304,-0.69865450918174576,,0.09147453920416401,0.5777777777777777,0,4
0.97501072589401028,0.21807727075566008,0.042383822048014677,-0.22193728683843378,0.94765392742262089,0.22955582012067757,0.0098957113150120266,-0.23322593728023605,0.97237222146528091,23.986699288077016,5.557194791283357,-0.32176059869245577,,0.1788804212569458,0.125,0,4
-0.71802112186156197,0.69299842335776063,0.064798563134689763,-0.69557219860559116,-0.71109747227668696,-0.10256559583353941,-0.024999701751152913,-0.11871634321087698,0.99261344176219446,-12.623228923459472,2.7184745798725181,-0.76720913057996998,0.3730526596243687,0.2938599454019341,0.4148936170212766,1,2
-0.84095597648350828,0.53644834020452492,0.070825305565744137,-0.54106651921120386,-0.83519521413192144,-0.098468147539229972,0.006329881937506214,-0.12112857872090228,0.9926166430257517,9.0303402694033235,-11.27414000595363,-0.37168027283371474,0.27112428675877,0.2119838120703661,0.4418604651162791,1,5
0.6256478597362265,0.7602234456148792,0.17500019527109331,-0.77881704247742434,0.59580685714285708,0.19610763199903855,0.044819303365827394,-0.25898745475214241,0.96484026052337268,-23.593852968438476,7.4805284814716408,-0.51688124569025318,,0.2868080473927624,0.2727272727272727,0,2
-0.6052301289920945,-0.78341278769915856,-0.14128303164090586,0.79482585653426441,-0.60454646157772529,-0.052682383947810184,-0.044140103588292033,-0.14418037267008477,0.98856647292528066,-12.301315842881262,6.648265843523359,-0.87382947531414801,0.5051902261093034,0.2161940393935096,0.9542857142857143,1,6
0.3054744859457903,-0.95088132200480735,-0.050100398187488918,0.95109885254799575,0.30216855248104024,0.064071355326690962,-0.045785490256646397,-0.067222595560589363,0.99668691750622274,-9.3988850187003905,-6.1340236887774822,-0.50093354153343483,0.1335586260690972,0.1252409286135397,0.7423728813559322,1,3
-0.23626139695301746,0.96878136097709966,0.075121414611062073,-0.97116211848697442,-0.23797329602974152,0.014589379446450078,0.032010809513354464,-0.069508164988721463,0.99706766223471521,-16.214860837351303,5.3614993360704579,-0.73766056323235352,0.6184123436560089,0.2428667921196354,0.3118279569892473,1,5
-0.66695940902156048,0.74331129924665418,0.051511737787248775,-0.74507953842226826,-0.66491913176331185,-0.052335739601003239,-0.0046506066347394518,-0.073286155768843564,0.99730011091474047,11.065440230312564,-9.7600650508724538,-0.42701570822628609,0.4980359098575859,0.2641165738428726,0.2,1,5
0.060679998217139382,-0.99479907748155583,-0.08180912698600748,0.99744861567609266,0.057345043024168096,0.042518291668432927,-0.037605809421066567,-0.084180410324499189,0.99574065981830051,6.324304795062905,5.3235000548896165,-0.85956830637685477,0.3781274619945876,0.1928117102784721,0.1538461538461539,1,5
0.98450114887278295,0.17151384762886013,0.036612674577450911,-0.17381346358094699,0.92639457368031841,0.33403888057179199,0.023374510608031467,-0.33522543747037636,0.94184793800625255,-3.755688244002108,3.3506506572289361,-0.94828592855493943,0.6216385891199147,0.4833167985302124,0.4606299212598425,1,4
-0.53916302173036479,-0.81935201348218378,-0.19484741209796264,0.84215965566129714,-0.52681327715860737,-0.11504297190986437,-0.0083875130418797125,-0.22611954584267899,0.97406344794005717,-1.4909063889603733,-18.479275876980875,0.01942459738729754,0.9832319741255424,0.7304436936521574,0.2432432432432433,1,2
-0.44864418299831799,0.89204494980464266,0.054536268572432753,-0.89346589559806866,-0.44911304925945411,-0.0040202472581197515,0.020906708610226116,-0.050529956589215788,0.99850369704983022,9.1162717231513195,-4.6038270337138476,-0.64302020190722942,0.3525952107103955,0.3354129269925871,0.7707006369426752,1,5
-0.82572344232898431,-0.56259358243126134,-0.040856551439558284,0.56222691127918234,-0.82671477883797873,0.021061212793749867,-0.045625618043419726,-0.0055799155937034939,0.99894302516215827,-9.5529618834770282,9.8590278813111532,-0.98125244239943576,0.2051622012251012,0.145064165225196,0.4426229508196721,1,4
-0.97336046527472964,-0.22742397312166029,-0.029115993709968743,0.22865349814134037,-0.97222402246535145,-0.049980275399589713,-0.016940555713692216,-0.055306297931149398,0.99832571387361402,-7.8016991148928652,11.339020863721025,-1.012608856548046,,0.1076912613810913,0.3225806451612903,1,5
0.78553610725699163,-0.61027132077910962,-0.10247896969649117,0.61877103906012121,0.77264113911567822,0.14194390218141234,-0.0074448247790932396,-0.1749130789293622,0.98455573199461921,8.5570128301807404,-1.0480636038238116,-0.80838304724253529,0.2429831582206602,0.1799236930063517,0.4215686274509804,1,5
0.56250935005003222,-0.82479502657167159,-0.057414242561627686,0.8265226548113398,0.55920051055335096,0.064459988213513592,-0.021060203937878455,-0.083713518260235001,0.99626729077621934,-3.105130258611509,12.674228357289696,-1.0278644406699347,1.025411124318309,0.9402749433171873,0.9715639810426541,1,5
0.6693730088455071,-0.72615751616348578,-0.15695552474631039,0.74278511300336836,0.6500183136836305,0.16045705897984922,-0.014493133880779255,-0.22398985154503373,0.97448370713683441,-16.949874830152268,9.7922393857755505,-0.8159111447882742,0.2643204122803147,0.347865894385176,0.140625,1,5
-0.10771712294620323,0.98819515180823159,0.10893742867765746,-0.99399011741401266,-0.10919828570857329,0.0077058991420659029,0.019510712633612894,-0.1074526702367883,0.99401874014100644,8.4656222022246688,8.5835704918392146,-0.77691518099688606,0.8990004993635263,0.8276614480304805,0.9181034482758621,1,4
0.25514868321453982,0.95218316214211463,0.16806657962524518,-0.96671501245733915,0.24779940087193922,0.063698835288517469,0.019006160672058466,-0.17872515956224641,0.98371544828571056,-13.045987244781042,11.852223143930075,-0.9836664195130449,,0.4363166332595869,0.44,0,5
-0.99983149518577463,-0.00057607715346487474,-0.018348007240325034,0.00041891910421679998,-0.99996320546286199,0.0085680935582000926,-0.018352268016838841,0.0085589634624295141,0.99979494817841852,2.1226730684000032,-19.459755498816115,0.062902450665683271,0.4964773263654854,0.4457534204717456,0.9122807017543859,1,5
0.95057133189569842,-0.30690732671815063,-0.047138474569677014,0.31043958621189022,0.94249796957155207,0.12379354048613374,0.006434771995046374,-0.13230823920005841,0.99118773375640168,-1.0203663479129559,-16.562204485393764,-0.074288722293319759,0.2691436644764285,0.1795184741583485,0.3,1,4
0.29482898371920457,0.95223746468245296,0.079496422650548321,-0.9547589340843694,0.29017905768217167,0.065049921358639351,0.038874775178503899,-0.095078521958539955,0.99471042344845251,14.660169765840763,-1.4997661570405718,-0.71107398471584338,,0.07263142225229312,0.2352941176470588,0,2
-0.99384540268378829,-0.1084767401665087,-0.022452447687204603,0.10847649511412759,-0.99409825020657161,0.0012324544565695374,-0.022453631600557016,-0.0012106936361624787,0.99974715235846812,1.303166666431427,8.480735095649683,-0.94829740944212881,0.3037049969283202,0.2697264337152193,0.6802325581395349,1,5
-0.36856720315951014,-0.92404256616445279,-0.10150641689760898,0.92882361543055114,-0.37052193259852939,0.00043460553690358449,-0.038011947775643734,-0.094121375785023637,0.99483478952368665,-4.4884737166289277,12.368456177315167,-1.0426273377211246,,0.07675754404605628,0.3023255813953488,0,5
0.54392561367498338,0.83450000744657027,0.088060572107886009,-0.8381815184346717,0.53531139951955098,0.10437168054107918,0.039958340091176776,-0.13058117443220951,0.99063206486619626,-3.1301994243911029,-5.9672178589694518,-0.57405217425227373,,0.0691820388362698,0.2235294117647059,0,4
-0.86177466107710021,0.50598309448029366,0.036407988485995989,-0.50725566110268439,-0.85864166444791989,-0.07366265236458705,-0.0060106409582435724,-0.081948765544415006,0.99661841846366583,-20.117628927995895,7.504502739510845,-0.63751393272064372,0.4555586565785518,0.4057323037200627,0.6153846153846154,1,5
-0.049643174476116589,-0.99140804904064705,-0.12101915354749158,0.99698200960853289,-0.056430335319213341,0.053315005136381134,-0.059686076641584034,-0.11800719280272136,0.99121737005661681,-9.2206616672218047,-0.10133378562657851,-0.78860896030617977,0.4816635954684073,0.2898730021583479,0.8783269961977186,1,5
0.52684429836662472,-0.84722271433647167,-0.068181798090986026,0.84962867429884559,0.52269493590652083,0.070150693416846377,-0.023794980306046959,-0.094887703576486626,0.99520355838502472,-9.0925341061002101,17.747609467705878,-1.1959257097043177,0.4965050986503146,0.4730988987139852,0.6666666666666666,1,5
0.24815629205831971,-0.96297533231679866,-0.10534212861537387,0.96825858069751292,0.24321119659509599,0.057650973594728427,-0.029896080303350992,-0.11630487178159661,0.99276351724988487,-15.291651388722251,-1.4390737764613597,-0.54664761890099789,0.3912559310348735,0.5124234532573193,0.8108108108108109,1,5
0.91665011015077991,0.39873799830548101,0.027578692280484474,-0.39922956008305943,0.91009739417596047,0.11107876246165971,0.019192027418962587,-0.11283058903269658,0.99342887227122845,-22.367442847037381,-0.4759115059768837,-0.32256590442332744,0.7708881387082125,0.4300341073313757,0.7065217391304348,1,5
-0.88987062786480686,-0.44851485238560368,-0.08345473535404975,0.45469986893131664,-0.886839734233827,-0.082239376079337081,-0.037125393699431811,-0.11112926245411378,0.99311227571159688,-4.6912241894631554,-22.680074686666376,0.21211496559974793,,0.1574424274570472,0.1052631578947368,0,4
0.3556522832352223,-0.92175021785870292,-0.15455739809859212,0.93427942400609443,0.3461752351574045,0.085350245708819203,-0.025167663944301234,-0.1747548066324621,0.98429027540174197,-13.822508459050866,12.511906505133235,-0.98826216615958606,,0.2631661318108805,0.6578947368421053,0,2
-0.98565498620270386,-0.16649771170808089,-0.027618113073164838,0.16761183640136737,-0.98484042050681508,-0.044672345294634153,-0.019761590824390558,-0.048660642535158789,0.99861985830252564,-5.8885788507539258,14.288793709547077,-1.0994806819084642,,0.6511980110923311,0.8125,0,5
-0.53986075974402881,-0.83949511735359217,-0.061630414797237597,0.84079823803771814,-0.54128892532340378,0.0080387956128015435,-0.040108390659182681,-0.047478913864097048,0.99806666597828875,-15.849811911314875,-3.5548084849265416,-0.43838609344206031,,0.07080642021678159,0.2571428571428571,0,1
0.90536271238237254,0.42330181104820058,0.033673963101303488,-0.42297293348449583,0.89195237306203567,0.15973372132560013,0.037580002223984006,-0.15886013015328226,0.98658562855969489,6.7752085180486983,-7.9784565107769563,-0.52351089028419973,0.3211601349709896,0.2894234735853415,0.38,1,5
0.82740245581524996,0.56141187736798559,0.014895638994298237,-0.55963844049380496,0.82198839815188263,0.10554567364589347,0.047010552353237797,-0.095664921752214888,0.99430288680742906,-21.972803668934876,13.382924852885893,-0.75957590188151636,0.4135030863820356,0.3133904508191951,0.375,1,5
0.45145466134121065,-0.88709951137262533,-0.096141279769633201,0.89204767700592613,0.44617070777923856,0.071990565132557249,-0.020967372310911659,-0.11826308148455908,0.9927609041738864,-17.981357820379646,-2.6806121623692984,-0.41288229336301535,0.7394301440572342,0.3986129362183284,0.4235294117647059,1,3
-0.85860880575534237,0.51171271420802089,0.030675997086443411,-0.51263121927130095,-0.85711536844888137,-0.050620926474732764,0.00038949686317360651,-0.059189047015485587,0.99824671549952737,6.6950469742640113,-9.7231777746043626,-0.44462481039229096,0.3612530208416927,0.3319919529507896,0.8,1,5
0.51637160001873139,-0.83995690462558648,-0.16683155896262267,0.85614063927041584,0.50189018449538436,0.12300182314434852,-0.019585108724227532,-0.20634592576300809,0.97828307888732691,-26.475912675502052,10.836374541357076,-0.60992347082377307,,0.4065737121081324,0.44,0,1
-0.089033744090600345,0.99176005045128979,0.092114031189969761,-0.99483269473494507,-0.093076310362421491,0.040555023557239986,0.048794486364952906,-0.088027284282632665,0.9949222559186256,7.6415050364218384,10.322772870494047,-0.78444945479435368,,0.6076946658310992,0.131578947368421,0,3
-0.9072291207497184,0.41897386088757144,0.037366112410226054,-0.42062364359375987,-0.90291146670871858,-0.088468264003647171,-0.0033275987741089789,-0.095978055715206234,0.99537788799406535,-9.2835048543530245,16.264551621464804,-1.1399372520711835,,0.09913939237300826,0.4166666666666667,0,5
-0.8215878347430059,-0.55973830329749974,-0.10810393898437549,0.56898316322327347,-0.81689389000511825,-0.094564964129140991,-0.035377814668788095,-0.13920274528163656,0.98963175269153436,-14.210398834639689,8.7995014218298646,-0.85876435682721497,,0.8315635465458124,0.696969696969697,0,5
0.61567026364267086,-0.77375283383803339,-0.14918672391931209,0.78730711731972736,0.59604153574252428,0.15774026336796451,-0.033130491754057537,-0.21457175908610648,0.97614616257957409,-16.484132653001691,20.268540990973577,-1.2017563278391263,0.2071686887210357,0.2146117296324708,0.2758620689655172,1,5
-0.055692392076910652,0.99073822953705204,0.12383908106304301,-0.99785418302985962,-0.05950646202767227,0.027313190709996868,0.034429447781849948,-0.12205220813543866,0.99192634384549938,12.672827667251326,6.5092050869940765,-0.69715551950087251,0.6206949043239757,0.2052325066983285,0.5178571428571429,1,5
-0.73645796318268297,-0.66296410960912633,-0.13456692697313655,0.67627209095277296,-0.71654434744370754,-0.17093933761670205,0.016903474884759562,-0.2168934934862054,0.97604891528046389,3.3847325275746623,-15.698403673018211,-0.11262771266675811,,0.3790172813035882,0.3636363636363636,0,3
-0.99270958297544643,-0.10869531804701406,-0.052086578917941863,0.11344653144287052,-0.98858301972892382,-0.099163993501802952,-0.040713245661557304,-0.10435008834832041,0.99370694406822013,-6.7954318170444212,15.96766778914194,-1.1417385018543225,0.3751458523720719,0.4886478263244547,0.6065573770491803,1,5
-0.9876919402419545,-0.14083860819961933,-0.068037619163796428,0.14796019138872002,-0.98234970167811353,-0.11444144955886869,-0.05071896041222651,-0.12309975651200881,0.99109739027069754,-17.622462008542506,3.8016176520314864,-0.63186681400706868,,0.4215339483330785,0.1147540983606557,0,3
-0.99412527813463203,0.10775486654033967,0.010189215407173194,-0.10813539333778348,-0.99284334985066547,-0.050683521631709715,0.0046548986479885614,-0.051487584854824145,0.99866278619181248,10.599127351137197,-7.6513814834025871,-0.47876029289250188,0.8828974843243118,0.5987532913574457,0.2608695652173913,1,4
-0.92075553751363048,-0.37251116321305205,-0.1159511682547622,0.38766241719595607,-0.90700864203836495,-0.1644784896620515,-0.043898638153977043,-0.19639439032054845,0.97954180769319177,-15.092296434969859,10.206371325257553,-0.87135530142100703,,0.5767922789372856,0.7722772277227723,0,2
-0.933210414593453,0.35899741058699236,0.015465486935395846,-0.35908355152688182,-0.93011022467069193,-0.077161991847508618,-0.013316347740867528,-0.077561776377724712,0.99689861356507803,18.741200102343214,-3.1184127021677917,-0.48878429107890514,0.3502624141909322,0.280523077142573,0.5,1,5
-0.91617900788134787,0.40063345862278787,-0.01043347255196731,-0.40056447317575389,-0.91623262552400353,-0.0081165728495808925,-0.012811258602513037,-0.0032569552245532429,0.99991262813092086,-7.6287283465365983,-9.5866536797578483,-0.35509100717096231,0.2785278381782896,0.1842973642682037,0.7159090909090909,1,4
-0.76202240286329748,-0.63931178691941326,-0.10296745427732402,0.6457575836686652,-0.76206893443748502,-0.047413946257644161,-0.048156003455985259,-0.10262250372711984,0.99355403529950204,-6.3429929609714373,-11.876379051377281,-0.24899412824674794,,0.08632003705856495,0.3571428571428572,0,4
0.29250759997990461,-0.9406881189236036,-0.17188707592477284,0.95525862314882948,0.2792041182606958,0.097601348587355891,-0.04382084953306125,-0.19274574771506636,0.98026976383236508,9.1297419803744422,5.2596952527455683,-0.81970029836753622,,0.2179450312068123,0.5333333333333333,0,4
0.94550427139043114,0.32504542583157597,-0.019161000193637111,-0.32172918494811409,0.94167510001640242,0.098683015568646185,0.050119899591612137,-0.087140559758753788,0.99493442925142483,-23.906747402783346,12.259817955395562,-0.66766649565389613,0.3559934131214719,0.4742305837817996,0.8488372093023255,1,5
0.55031510983631593,0.83458953465051333,0.024770719361448802,-0.83413718037210094,0.54821835696805465,0.060595357942076183,0.036992488517608384,-0.05400871906541202,0.99785500653060233,-13.29478867145866,-2.9310314105082647,-0.56068191189492411,,0.1046339125217261,0.3356164383561644,0,5
0.77200647128293121,0.63489418064500736,0.030255374404906978,-0.63450530764560564,0.76697441012460743,0.095672717028239651,0.037536953350423181,-0.093057152315740188,0.99495293533717089,1.8396162451231901,-23.65763401713787,0.26290597027878621,,0.1251984717041725,0.3333333333333333,0,1
0.93804311857036704,-0.34491587118304895,-0.033288879657026031,0.3464642979732947,0.93525830444084945,0.072487200279089642,0.0061317153108832873,-0.07952952772692097,0.99681365173580971,0.71536283509447396,-11.210363161955334,-0.33507369680053262,0.1647888731164679,0.1273888820228399,0.3452380952380952,1,5
0.035308196849341958,-0.99148588611531618,-0.12533582436547885,0.99926178892075534,0.033125494197830688,0.019457102483201063,-0.015139631373994133,-0.12593029527590072,0.99192356171913976,3.6574977691155959,12.746611287575663,-0.90266708890249026,,0.1816242767227068,0.5573770491803278,0,7
-0.41596958014655844,-0.89605453651788958,-0.15509860082671575,0.90879977975446979,-0.41569793834168722,-0.035751704528554182,-0.032438691572287903,-0.15582519579381227,0.98725186231523354,-11.712565484222344,12.442616977836717,-1.010859705945764,,0.2121672203747597,0.625,0,5
0.9738628883206335,-0.21761852484064134,-0.065063449016912439,0.22713232400756664,0.931259703258982,0.28489695062761616,-0.0014078859026830785,-0.29222857959511045,0.95634746568656148,-10.550844379866547,13.829164772363226,-1.0634155476758165,,0.3345364180813715,0.119047619047619,0,4
0.79576152523284804,-0.60272971112988505,-0.058995680184045197,0.60547287816230477,0.78972364214478441,0.098687196978296185,-0.012891422301193483,-0.11425175866858008,0.99336818293731866,-0.18920238986975985,-20.396983203353713,0.10931052988204733,,0.1707490136518675,0.5625,0,5
0.99429203114695985,-0.10233914492557979,-0.030167137974181652,0.10546508021476807,0.98551529230658408,0.13280333386312276,0.016139196167860408,-0.13522687619614926,0.99068320784259067,-7.3840830392813324,-4.7097236814175281,-0.60196171243911911,,0.09936868982465144,0.4779411764705883,0,2
-0.19833389913761823,0.98008103016628978,0.010239080088291577,-0.9796611256600164,-0.19855193111999084,0.029003612172854073,0.030458879221336884,-0.0042784292337013554,0.99952686393106682,-0.56461921211594834,-4.943732370607921,-0.683021547197593,0.2808024550532178,0.2308881108541408,0.811787072243346,1,3
-0.63925977553470748,-0.75662638883425071,-0.1373442649074087,0.76843653927940103,-0.63530807747728724,-0.076739375762451809,-0.029192884126318503,-0.15459674773990098,0.98754626276677926,-5.3918875963607258,-4.0217674995706885,-0.65925929507308245,,0.2697266046568797,0.162303664921466,0,4
0.64061119692585922,0.76719253487672123,0.032138898591104074,-0.76684691380974468,0.63704582734276893,0.07822035953405701,0.039536124667046445,-0.074754453342915805,0.99641791761876375,3.7530970408314626,-19.128809995999095,0.050045732902477845,,0.1535651449116404,0.3076923076923077,0,1
0.55641670192593906,0.83008792942738097,0.036803304699768113,-0.82993537969133124,0.5530855988007195,0.072825723036957821,0.040096375827083641,-0.071065813287493756,0.9966654056539338,-13.34672017745692,2.1853391675977099,-0.7410257168420441,0.6715831491523452,0.7596906388373218,0.6063492063492063,1,5
-0.69093063952413991,0.72284160160014721,0.010717759229291206,-0.7228454375451514,-0.69099686730591481,0.0042193356788665579,0.010455849411779823,-0.0048320150606342973,0.99993366122134919,-9.5345977572954386,6.5983939752860792,-0.93890020675317254,0.1465819821025451,0.1283202943758951,0.6408450704225352,1,5
-0.99644755032810151,0.081500695708766807,0.021211224484068956,-0.083843601836884676,-0.9837128479948084,-0.15899460091764758,0.0079075834579546804,-0.16020820605989899,0.98705156949114115,16.926164891165566,4.0791844217296482,-0.70156200750659548,,0.1260577373817779,0.2272727272727273,0,5
-0.22894466222965415,0.96809467693840001,0.10186774818402462,-0.97304722016046807,-0.23056623792751241,0.0042798675141761441,0.027630580423413237,-0.098142276372051002,0.99478874371093307,-3.0958712724470918,-8.2228581685193465,-0.47884588228428288,,0.07535058261939259,0.3448275862068966,0,5
0.8603131204818798,-0.50213456952867108,-0.087876099202143981,0.50970803138217446,0.84473884057873883,0.1631380212035036,-0.0076848858961791498,-0.18514093362069478,0.9826819308539354,-3.7722742933378939,-10.082420910165553,-0.36848999669961718,0.7491947204151957,0.4977397574154617,0.4160583941605839,1,3
0.15665208926826538,-0.9744832927186925,-0.16075582459128526,0.98714598817824939,0.14926458669402795,0.057121634978791774,-0.03166892722333238,-0.16763769078342045,0.98533988231337055,-15.741111437473062,6.4137330966743624,-0.76524037092892228,,0.3070764089431244,0.3392857142857143,0,5
-0.65281598593916557,0.75737048449291411,0.014874062029040659,-0.75736310682890984,-0.65295310163131026,0.0073055789992005696,0.015245094841844397,-0.0064958670722605723,0.99986268596954997,27.235977937531715,0.94365152396608387,-0.091332193511876866,,0.1260164381799396,0.1111111111111111,0,2
-0.46396410358747137,-0.84842946997620461,-0.25476409687821272,0.88424357890319005,-0.4608886092017383,-0.075465111651450936,-0.053391045604600756,-0.2602866196791237,0.96405408140065629,-14.710304835228856,14.50505140761922,-1.0405752153932455,,0.2889377475527847,0.25,0,2
0.86852136414655989,-0.46254776913184759,-0.17810165999268449,0.4955986709870851,0.81568484180564649,0.29839603912306295,0.0072524021423036418,-0.34743028094806117,0.93767777116849571,-10.716939631590124,5.3629524486784437,-0.87488876635240287,,0.4474466192609708,0.1690140845070423,0,2
-0.50986046736555168,-0.84763537771477104,-0.1468215592619769,0.85936158762192028,-0.50964233169474904,-0.041980417633365665,-0.039242394648050932,-0.14757696361924724,0.98827176134462602,10.323520463261058,10.948484834059947,-0.70166732519412367,0.2430860938973176,0.2277446165609598,0.1904761904761905,1,4
-0.99380872132755549,-0.10377309016760175,-0.039690945697424505,0.11012107780791157,-0.96744097617230307,-0.22788441334414597,-0.014750377476965148,-0.23084432715544148,0.97287888402639222,-13.861452345803523,-3.7633767644125298,-0.51182495058358268,,0.1891191007319488,0.4705882352941176,0,3
-0.41772098383121786,0.89687158255194521,0.14536348949392416,-0.90825821921398175,-0.41642303494929228,-0.040729144281075248,0.024003893378524967,-0.14904100232617612,0.98853962628125458,12.914204708943181,10.13476535338825,-0.62307649576317159,0.2352028224135031,0.1509250137121231,0.4666666666666667,1,5
0.5468087099533675,-0.82861797190522746,-0.11996870989888318,0.83709886625242558,0.53827391227958998,0.097604730818381308,-0.016301007270675731,-0.15379678798626595,0.98796802841340436,-5.3190928939715416,9.2980009913207233,-1.0097995697479798,0.6290277649548118,0.3523691961468821,0.7916666666666666,1,4
0.19278311896345937,0.98013607760703025,0.046561125585900844,-0.98021049520733672,0.19018910506702827,0.054913471928032323,0.044967256177229374,-0.056226094359365313,0.99740491886945437,5.5118462788558205,-5.3480648872121792,-0.63142104662009235,0.2801887213459857,0.2543979135110798,0.7714285714285715,1,4
0.88967542797208343,-0.44237467150760423,-0.11305875848968755,0.45658213047119928,0.86020031957618426,0.22713028933942681,-0.0032235069522402065,-0.25369284619312799,0.96727945744410337,24.552429329122688,7.9797237326849251,-0.30903289729717826,,0.6445689640604997,0.3333333333333333,0,5
-0.97714177471707842,0.21250405868822597,-0.0059980950133894746,-0.21251091418411483,-0.97715855339713376,0.00052237482088541263,-0.0057500830768275283,0.0017850949142060547,0.99998187482611745,2.3970443433781599,3.1793739653752393,-0.95745261520294955,0.3938938653787577,0.3434949378149887,0.7352941176470589,1,5
-0.94051389855210898,0.33891025023540483,0.023946793432270932,-0.33972302014574596,-0.93711566456558704,-0.080015628528749133,-0.0046772014459241706,-0.083391087720288637,0.99650592084315315,17.387330485453585,10.181600419108454,-0.50407741814486939,0.2134192037995516,0.1434843095419242,0.4074074074074074,1,5
-0.42558554325108361,-0.89102686498463746,-0.15794958452407626,0.90434822962210171,-0.42498254409676151,-0.039295251525014258,-0.032112691494952161,-0.15956491810135601,0.98666499479623615,-15.597592448905377,-4.5172120486431382,-0.41614766940091752,,0.4331138223473032,0.4901960784313725,0,4
-0.95485776208648254,0.29111118344833631,0.059168683055339184,-0.29676220008123783,-0.92580992650882343,-0.23411146187376283,-0.01337351061380372,-0.24110217512298809,0.97040758981204711,-4.7202370889439038,15.528008188632297,-1.1035997951659033,,0.5574077796388447,0.2444444444444444,0,2
-0.72215587048278307,0.68873127775019438,0.064343809149285836,-0.69164388696068702,-0.7204057907214011,-0.051422080130882543,0.010937657755102541,-0.081637759300821483,0.99660204891379534,12.568411220677927,5.1820253728542074,-0.75069452531635394,,0.1217085348546084,0.1739130434782609,0,5
0.97857492833181914,0.20522599709285957,-0.016534804432344688,-0.20351598949830768,0.97632530895497371,0.073281192078865409,0.031182553758457517,-0.068346040201436378,0.9971742411082849,-6.6235708089394487,10.581103587839705,-1.019405246812779,,0.08518545994629775,0.28,0,5
0.70901982843477784,0.70370333330908752,0.04574386927226979,-0.70404770085658297,0.70269361354778215,0.10265729588159307,0.040096356503785652,-0.10499192430297093,0.99366441922123871,11.657901209161908,16.809741005609816,-0.73347113758286753,,0.4728714578633853,0.3255813953488372,0,5
-0.87071067680126668,-0.47293869568189906,-0.13487737924124035,0.49028043617422529,-0.85625693695145,-0.16263195204919983,-0.038574748334793837,-0.20773311736270156,0.97742464709136645,24.237674640074683,2.2496673587737437,-0.30118714432091781,,0.3929828092950942,0.2075471698113208,0,3
