axis_00,axis_01,axis_02,axis_10,axis_11,axis_12,axis_20,axis_21,axis_22,location_x,location_y,location_z,dbh,dbh_approximation,score,reconstructed,number_clusters
-0.99713489153144452,-0.052903481094157864,-0.054066900953332206,0.060268259616674091,-0.98756680536313868,-0.14518795345215496,-0.045713728499811888,-0.14803049224051118,0.98792572007903523,-0.60920664810939895,-5.2604787698716038,-0.63143218413988256,,0.353004376460498,0.1834862385321101,0,4
-0.71146491423043834,0.70251827763863206,0.016904005523131125,-0.70264279539519914,-0.71153954655282126,-0.0021391050996710441,0.010525107994546173,-0.013399375920416066,0.99985482887599619,-39.315736011214199,3.4697910302195805,-2.504090711280381,,0.2409035553956743,0.6296296296296297,0,2
-0.42036375724598579,-0.89879050330263854,-0.12437822464976921,0.9031362362767581,-0.42766358021813444,0.038063117040783447,-0.087402804977248671,-0.096330126793220158,0.99150454177180236,16.137961115246835,-10.609378688636722,0.76472807142808075,,0.3917092776457765,0.59375,0,4
-0.8630386789682799,-0.47202981764212459,-0.17986686704734733,0.50167238679232717,-0.84257774278428565,-0.19592744497549919,-0.059068222715562828,-0.25932720378178598,0.96398150731429677,-33.263419385225738,-8.8836919403742112,-1.4745999701836208,,0.6250763619587035,0.2173913043478261,0,1
0.26660662941485341,-0.94412666275135371,-0.19376725686772542,0.96277909308685494,0.2516094399911622,0.098737569456553181,-0.044467100950083466,-0.21287915442646294,0.97606615684786946,8.0095355340097125,-12.191682331721019,0.45365342956327731,0.1994739043934328,0.1521928449993787,0.3170731707317073,1,5
0.51549149231884872,-0.85480766386262386,-0.059769383036900582,0.8559334863737007,0.51035627702074493,0.083152494909583929,-0.040575710111470639,-0.094023020092156254,0.99474282276460868,-21.53751248470282,-2.4802429533637018,-1.5984416506111554,0.3072567877836491,0.2375792968770652,0.9640287769784173,1,3
0.92510396285603802,-0.36154518202810254,-0.11605058922867127,0.37967845701752889,0.88493355508064309,0.26969774261036039,0.0051891410507003384,-0.29356035911648892,0.95592645552393563,-20.291077327043965,5.2365236918544813,-2.0658309520052156,,0.5542969075959562,0.2678571428571428,0,2
0.068821925793650832,-0.99609815927140177,-0.055244905884415149,0.99639372941214988,0.06587642019060537,0.053477408791168135,-0.049629411826054681,-0.058726096064658159,0.99703970187891877,-1.7646768734956708,-11.614793188180361,-0.089930806763616172,,0.08306231160631385,0.4,0,5
-0.67323739307256913,0.73933854075039962,0.011398891609327944,-0.73919338903109755,-0.67333224326632768,0.014724937713143461,0.018561955219534503,0.0014873933592554256,0.99982660570692106,-25.628808665942984,8.2781777352746175,-2.4061783700568369,0.2718790146890679,0.2684736989938072,0.6578947368421053,1,5
0.20641186948237514,0.9552774909760583,0.21175234442923754,-0.9766900994742499,0.18812488168542704,0.1033705880791279,0.058911711278586784,-0.22815333467940294,0.97184127621175742,-27.032998575194412,-6.9486759227830195,-1.3928229548212709,,0.1609792283951504,0.4666666666666667,0,1
-0.3674539773395924,-0.92487931596226836,-0.097856146677054071,0.92783117465050058,-0.37179585393628922,0.029952534825259312,-0.064084989537231934,-0.07978780546519855,0.99474972742648216,-30.98425784562485,4.0084059310091238,-2.276100173549005,,0.1352956838511727,0.6666666666666666,0,2
0.6758370059189347,-0.72771921897864955,-0.11691483977509039,0.7369456797256958,0.66450177204724248,0.12388890216523686,-0.012466216914641476,-0.16988859077401225,0.98538442252790759,2.0809134834609484,9.9919407889931868,-1.519175829406316,0.5861117784194677,0.4269412801305609,0.4036697247706422,1,5
0.63768165685882416,0.77002585298300141,0.020549701788249011,-0.76163255089523929,0.62629130316713999,0.16635823091754892,0.11523003915037015,-0.12173491411672599,0.98585123054261947,-16.512258215642632,-4.3808109587685413,-1.2931334773457668,0.4458202525645151,0.3929138803421868,0.971830985915493,1,4
0.6911364280281328,0.72269350998506132,0.0066729662060172395,-0.72083393568311982,0.68863191818622849,0.078641709179930061,0.052238635320026532,-0.059162250469607887,0.99688061125657046,10.790149566894403,-17.690663110278681,1.0711273649636421,,0.1859156866137165,0.5454545454545454,0,4
-0.64016818150144139,0.76806111616733741,-0.016334663293850627,-0.76807252057497122,-0.63945125979599637,0.034156836547396506,0.015789316981742435,0.034412325947240086,0.99928298759267997,-22.311315812487809,-7.6604055904994164,-1.1851751438368283,,0.07669946803284194,0.4,0,1
-0.72276421231128152,-0.68927607253339074,-0.050103784637469499,0.6882025661875425,-0.72447125997074324,0.038969492802526935,-0.063159490933154261,-0.0063157983936259557,0.99798346148406525,5.6877070343875227,-4.7109796778161668,-0.36953892343066924,0.5831648914326908,0.5172657605215855,0.9474835886214442,1,5
0.57200471596282643,-0.81866052392679001,-0.051044602850847678,0.81965732814823666,0.56811743486631849,0.073514927829720883,-0.031184440498125864,-0.083889968201380796,0.99598694966650569,-11.414770290025215,22.41698991674043,-2.485800133006542,,0.1600374498944299,0.4848484848484849,0,2
0.88306710426612678,-0.46063215120493528,-0.089501456073919877,0.46880554631254179,0.87430940078320418,0.12571567702046754,0.020343281683090349,-0.15297415787782181,0.98802077807702704,-16.812250598293513,4.6347797431851108,-1.9471369421101679,0.7019942161208828,0.7099059917932482,0.9542124542124543,1,5
-0.99797198256473318,0.054529482938566853,-0.032839876770025082,-0.053888811267284745,-0.99834485373645698,-0.020088530014261034,-0.033880939125367458,-0.018278088203842434,0.99925872198124821,-13.766986454594678,0.59792367569376492,-1.6103113511783658,0.1438960994437191,0.1212565784617463,0.4776119402985075,1,5
-0.93507466355717062,0.35317678033416738,-0.030025579199032502,-0.35403302088343813,-0.93472716398755129,0.030753032825045403,-0.017204467373134757,0.039386428329850301,0.99907593083099844,-2.3542097846616898,-1.3875321721829965,-1.0564137740991144,0.2884889189233845,0.2694853316246802,0.8648124191461837,1,5
0.33384449659622106,0.92849474815255495,0.16262027778091118,-0.93863705433195455,0.31158801760885529,0.14789654329164204,0.086650633739451005,-0.20201586555443793,0.97554152025264607,-5.2875831701085376,-14.538080195537116,0.070653677135752199,0.7118915961526822,0.4971700206523434,0.768,1,4
0.25361574417382682,0.96232472430591165,0.09803152195445819,-0.96289115569776174,0.24148812001771963,0.12051601623575281,0.092302094159259648,-0.12495844461203408,0.98785915521088108,0.42703417537648375,-13.177712801473888,0.17458984806479991,0.5185873430228213,0.196854826872229,0.275,1,4
-0.33991130571429068,-0.91530968934660495,-0.21602887963378672,0.93902316587473855,-0.34299922658749143,-0.024228588711840589,-0.051921076627809613,-0.21109169369874722,0.97608631721441752,25.870392414882541,8.2540883462930648,0.13522572782660913,0.2838712952122546,0.3429538248072358,0.6382978723404256,1,5
0.047259161097759989,0.98341913833581052,0.17508103851413778,-0.99742526128839681,0.036994823523831794,0.061434771719400823,0.053939038145950628,-0.17753360636029886,0.98263543533530096,-29.485845055085512,2.9473831755320603,-2.1988525374753096,,0.1538190657126163,0.125,0,1
-0.36129761636972407,0.93137484881365595,0.044776371033130716,-0.93122431105998826,-0.36286812690467535,0.033882221998334974,0.047804967277550819,-0.029455279221785254,0.99842229123230231,4.1537648557143152,20.624826796088342,-1.5844042855353646,0.2842596533554753,0.4173835005484877,0.6666666666666666,1,5
-0.90407292962915575,-0.42468947113796274,-0.047864297929800612,0.4236204420172876,-0.90530494741745848,0.031123516616065904,-0.056549615532142342,0.0078616338015791171,0.99836883750302241,-0.8493107049066424,30.448170719937284,-2.2135748418492027,,0.4800291045311147,0.6111111111111112,0,1
-0.34902801470100531,-0.93305584809493602,-0.087098962621358231,0.93531758357523131,-0.35260113340464011,0.029214013362700082,-0.057969498953050161,-0.07126868216548625,0.99577121475443808,-21.115863949160616,14.882053460988041,-2.6305332037997164,0.3990261550782115,0.3684188308115547,0.8478260869565217,1,5
-0.98522379991197229,-0.15575626720287181,-0.071232361424025142,0.16391969976235132,-0.97805838473544615,-0.12857732334479477,-0.049642684424151623,-0.1383538263862584,0.98913791890082048,-31.673412290142178,17.550335479993741,-3.0275347359442786,,0.2390433075111447,0.3684210526315789,0,2
0.042210159360465717,0.99904681576397181,-0.011124853196010781,-0.99766138870940979,0.042745529500899167,0.053334540272699189,0.053759240370158681,0.0088475770443926429,0.99851472921297801,-27.946344297352237,-10.100631841461858,-1.1878139653557271,,0.7809687186423749,0.4736842105263158,0,1
0.89719997784759831,-0.42922585036534394,-0.10391038989636789,0.44154067916830908,0.87642956749904566,0.19212767071149037,0.008603975235678683,-0.21825760603374608,0.97585326203203315,0.36657158484868507,-16.726651027693997,0.53858027061645108,0.3340497714576215,0.19535282547191,0.425531914893617,1,5
0.12205176844466861,0.99097923393157938,0.055349107814928987,-0.9903734062294699,0.11792896005077769,0.072479490994207599,0.065298407736837719,-0.063662534490245851,0.99583291753652692,19.949899979910143,-7.9443107181625043,0.74268850691129529,0.3640194685131834,0.3533231672100808,0.3809523809523809,1,5
0.99250503732502016,-0.11192389896805435,-0.049059063629963401,0.11689815763642673,0.98655543327216189,0.11420682038471205,0.035617013149183883,-0.11908575868241147,0.99224493470783959,16.41067687693036,-3.5137503713256586,0.20523005881758274,,0.190119976484309,0.32,0,5
-0.99960090660505363,0.010316399435272109,-0.026298277834211809,-0.0055448839507353546,-0.98447583113055226,-0.17543258586072422,-0.027699851557839772,-0.17521675097575401,0.98414013656652199,2.6870656585445087,23.551885490838142,-1.7847649481573913,,0.4298492666223139,0.4473684210526316,0,4
-0.72686281736698877,0.68671936408763901,-0.0093252193750292794,-0.68645136855114131,-0.72602349473737204,0.040919478290887594,0.021329869750864851,0.036144156877730364,0.99911893014796227,-1.1528893388626451,-6.3657374478690931,-0.56095401613163587,0.2727141910901283,0.1579950021354987,0.3236994219653179,1,5
0.2164013209045321,0.97622366644572589,0.012562698039781618,-0.97449626713684057,0.21519984743979836,0.063608576452018645,0.05939270701978961,-0.026007282310008192,0.99789585008642534,-19.334285866116577,26.80589736327773,-2.8584784065702813,,0.1707615099272769,0.7307692307692307,1,4
-0.15435321041684472,-0.98584910808218063,-0.065395890754558969,0.98634490505058314,-0.15760197975493043,0.04780527437514271,-0.057435308955113992,-0.057124006082342374,0.99671361644874434,-28.191845626122749,-8.1367020005462773,-1.3555381106885795,,0.09681647051796688,0.2307692307692308,0,1
-0.020647678871130795,0.99217520279890437,0.12313423694565447,-0.99828463113882371,-0.027208563956490524,0.051840999985046037,0.054785660434630519,-0.12185261998980347,0.9910350500423093,15.765458792469531,2.2900219575037877,-0.21511214197886208,0.3106805122918341,0.2415495845405289,0.34375,1,4
-0.09579495539937373,0.9953925446950973,0.0041241345093353549,-0.99438527890888218,-0.095883506111292621,0.044769078001573148,0.044958242952068822,0.00018767318610861321,0.99898884937192267,2.6955921381026831,-4.9684293151564489,-0.50425414689003867,,0.07804480506274487,0.1739130434782609,0,4
-0.38443133578368766,0.92307078948123422,0.012363885880309473,-0.92286040202566411,-0.38461229174432759,0.020051518950121805,0.023264273910878,-0.0037017084796145592,0.99972249695289561,10.990730893195702,-11.53793221029243,0.56138626343658193,0.5191075394793183,0.5199680764305278,0.8333333333333334,1,5
0.97399251214607241,0.22504602589918735,-0.026322471585413322,-0.22129915426433347,0.96978567893198642,0.10267629356534635,0.048634047798567483,-0.094180800407560397,0.99436648486828905,-33.408611974908936,1.9280193559738463,-2.2247103753604978,,0.4731478611664229,0.8870967741935484,0,1
0.035206603290319306,-0.96897123674118713,-0.24465330051526613,0.99747032572228944,0.01894327062222647,0.068513515466686187,-0.061753092134959747,-0.24644653551305626,0.96718698334157893,-17.13632068750227,8.6395279847383151,-2.2195828504712107,0.3624140097679813,0.3413242798275852,0.4420289855072464,1,5
0.73789419300982828,-0.67194033664002817,-0.063311483306439528,0.67491185450227287,0.73498010188096274,0.065560952489681343,0.0024796319644444383,-0.0911067167399678,0.99583804787233621,-5.9976321760608666,14.888369983664955,-1.9852476330026299,,0.1101929160783123,0.5901639344262295,0,5
0.59833304211516958,0.801146223409678,-0.012739679337332523,-0.79855507812696347,0.59754944199335436,0.072418585812423136,0.065630464807489755,-0.033157097126289524,0.9972929604681422,-1.0311121591091814,-14.429235995927776,0.24112674899208578,0.1585943543340619,0.1391763455637381,0.6883116883116883,1,5
-0.99147607203248789,-0.12230323671894885,-0.044912324311899385,0.12434580913123235,-0.99117637995264163,-0.045907554666695029,-0.038901392501138589,-0.051100901284078945,0.99793555881601215,10.556723700197823,-2.5758166670045375,-0.28220932639894841,0.3056842784077917,0.2665350986115031,0.6363636363636364,1,5
-0.86811157611365342,-0.49295342130676062,-0.058131023037864139,0.49333865976433494,-0.86979552667753335,0.0085269310823691494,-0.054765483649823671,-0.021275953414901568,0.99827254575435886,-32.344318179031276,5.7130334275677637,-2.4185808621004474,,0.13984641813812,0.4166666666666667,0,3
-0.17032234687096637,0.98407971367382496,0.050768250826750586,-0.98436144702053396,-0.17227044307956352,0.036816247239648013,0.044975991106436318,-0.043703679213683018,0.99803163709733178,-42.039859997548817,13.917954486196662,-3.1154606372916605,,0.6647429786211487,0.6774193548387096,0,1
0.71941017684247865,-0.67477609839978392,-0.16470037791042949,0.69454815356704558,0.69639679673125676,0.18064983774986457,-0.0072013770961570755,-0.24435367509167849,0.96965943590371395,-3.1194432777979602,-22.861280731912366,0.94293433942355698,,0.4347914192636415,0.44,0,4
-0.99053115657104673,-0.10463149737194313,-0.088883505892434544,0.10808905451649434,-0.99352464434466858,-0.035007675923020669,-0.084645048028550871,-0.044283527834918526,0.99542663466814008,9.8892719124560209,-3.7843492928105626,-0.23048607275518462,,0.2021005708938485,0.3571428571428572,0,4
-0.44985640129267163,-0.8872304446999727,-0.10223187474313646,0.89134797083709649,-0.45319064910495416,0.010818061213639046,-0.055928642935426827,-0.086257600020635372,0.99470177105405932,8.7347128996568291,-5.2504058303258603,-0.18495933606852674,0.3032877948693979,0.1660515440981881,0.2727272727272727,1,4
0.95548683385345712,0.29424280048022172,-0.021588994841212877,-0.29079260759385622,0.9515896576590116,0.099583044767533102,0.049845458182898122,-0.088872368045210592,0.99479502034166556,3.1320120577027959,-2.421202501116511,-0.72160590153392712,0.4475889120786616,0.4899021076473714,0.9291139240506329,1,5
-0.2458037817557803,-0.96102180555441785,-0.12656061837509003,0.96742293357937637,-0.25138662918620325,0.029960478151618942,-0.060608320049577821,-0.11507324587117007,0.9915063185000097,-15.882893308875831,0.90971860751040667,-1.7132105129600421,,0.0804678922243206,0.2676056338028169,0,5
-0.13905311160604533,-0.98294468988190586,-0.12034936138443235,0.98869203575151476,-0.14469067993270732,0.039403877755074326,-0.056145263328286663,-0.11350922329738181,0.99194927573551972,-2.2723868271410219,-13.353301924539226,0.067828014046858134,,0.1355980903597869,0.2916666666666667,0,5
0.093665703490203131,0.99005325003659794,0.10498237033739094,-0.99190237601577325,0.083713258673142721,0.095507940908540076,0.085769530976629663,-0.11307808105152492,0.98987723235851588,-7.2169250734956805,-16.287454574324521,0.16180681465436547,0.555621272176006,0.4245676385085443,0.3222222222222222,1,5
-0.2655897144006889,-0.94296821044979173,-0.20068148316592968,0.96217957790005881,-0.27234294382071689,0.0063072040660122203,-0.060601678826786104,-0.19141649623839299,0.97963623937214139,-11.934524979835917,0.80742104726875152,-1.5775190517538527,,0.07901248694179637,0.2621359223300971,0,5
0.91844723184383659,0.39447430909347714,0.029063753777155841,-0.39168635206587649,0.89679598233823821,0.20576386385204434,0.05510430041041834,-0.20036712686271707,0.97816999061975907,-18.79200280402101,12.25897837759592,-2.446245189928963,,0.09119879727936404,0.3333333333333333,0,5
-0.57400952331756505,0.81884683191321828,0.0017126022387120067,-0.8185806476082228,-0.57387392171435991,0.024381249711284487,0.020947326847236807,0.012593166475000764,0.99970126620710464,0.3860086612089027,-5.0685527222304581,-0.62532546522912624,,0.07188813549000195,0.3358208955223881,0,1
-0.034088389326165272,0.99372289775852651,0.10654944478289737,-0.99812285210446672,-0.039277681323848776,0.04698974203660089,0.050879797758952371,-0.10474763109597317,0.99319644580505251,-29.464728912246773,-0.13724537287304145,-1.9920301715514972,,0.1189476483233758,0.3181818181818182,0,1
0.49820458413014035,-0.85023667079762055,-0.16996998553477624,0.86665916665772103,0.48235642154100289,0.12741338801830415,-0.026345420851797682,-0.21078398001066545,0.97717758497163887,-28.27331852503842,-2.8552880462438903,-1.7586411603935459,,0.1400367732999243,0.1,0,1
-0.028706327708029559,-0.9733727928424476,-0.22742329015211726,0.99816360225279332,-0.040054868279835065,0.045442608472821361,-0.053342008654045724,-0.2257011601236909,0.9727351214136214,-7.0920506600814788,11.328514231081474,-1.9042228960985836,,0.08336734515459145,0.148936170212766,0,5
0.94560948539270984,0.32518593629658893,-0.0087640156461379903,-0.32045902024172035,0.93582011919513075,0.14678801332305152,0.055934939716169495,-0.13599562987288444,0.989129147874243,-11.872213556966834,7.0553675480838756,-1.9598085850176774,0.7038031427403207,0.6829385665354858,0.8822269807280514,1,5
0.19472224478435429,-0.96571358996627676,-0.1716988920773426,0.97304064759388675,0.168130564163155,0.1578734034733156,-0.12359265963725787,-0.19781146465416047,0.9724173378417128,8.5376529808631663,-1.9593647973889878,-0.46504327154308961,,0.2344868859670085,0.1428571428571428,0,5
0.66899788226191714,0.74325855418701658,-0.002924919981250787,-0.74092459730035098,0.66719878777392805,0.07665845490430237,0.058928555424208634,-0.049117198829204935,0.99705312101953181,-23.122684002525826,9.0478485208194037,-2.3943210419988756,0.4167178379792534,0.4145571133467097,0.9196428571428571,1,5
-0.9105796197955317,-0.40878745309512704,-0.061135703194003806,0.40882812713710487,-0.91252694635182241,0.012415097397379815,-0.060863112593698449,-0.013689060370183906,0.99805224870824716,-19.997082576137473,-3.0548416863298726,-1.5048102082661767,0.153439791439777,0.1382420219428634,0.6049382716049383,1,3
0.74444978677818319,-0.63605613878194778,-0.20304458447276599,0.66764774550034078,0.70624233265886915,0.23551699617834992,-0.0064033502349269316,-0.31089283664690626,0.95042340103104039,-13.680731473163622,-0.79817229440132842,-1.5129611996302019,0.8363426489039377,0.3774174998692833,0.2049180327868853,1,4
0.81846051151832211,0.57276806403028457,0.045377702808393303,-0.56925255901556771,0.79765042888496063,0.19926193152197089,0.07793532664584521,-0.18891939584552694,0.97889506420962524,21.241427319533095,2.8408673305894414,0.10933917608816669,,0.3921746085289639,0.25,0,3
0.91083691822403501,0.41099439253297188,0.038206252192502003,-0.41058302122215234,0.89262148160474086,0.18614100370914632,0.042399187306282761,-0.18523093662834034,0.98177991883698423,16.38914326903301,2.8651253895230973,-0.19818412879997535,,0.40854075880286,0.6829268292682927,0,3
-0.37207122924394487,-0.89233433181334187,-0.25554342221262061,0.92676898910235506,-0.37244358610436484,-0.048836625681150998,-0.051596910829041998,-0.25500042242505866,0.96556332954184965,-22.391399556939415,26.315839607341072,-2.9619545564749732,,0.3254558355008144,0.2307692307692308,0,2
0.84326786833477174,-0.52447127459501608,-0.11759755252049038,0.53746952405089754,0.82073252366048455,0.19371276499599707,-0.0050806447063369911,-0.22655685099014741,0.97398469203514482,6.9966558380405646,-14.757773033035397,0.64881230083330976,,0.1684545223684677,0.2631578947368421,0,6
0.32835976869187916,-0.9218154202497546,-0.20600046916059492,0.94390288141216427,0.31214636256915829,0.10775898476070936,-0.035031596686860414,-0.22982815172344126,0.97260053871512786,-13.919752242466005,19.290097065676107,-2.5071663204842221,,0.5927345213601656,0.225,0,2
-0.7324873089803019,-0.63550044554404939,-0.2441342374516747,0.6777583029862484,-0.71448628397295444,-0.17364628630558199,-0.064078271793150982,-0.29265770744648756,0.95406783896962444,-21.367031345810656,0.59156836725953887,-1.8389367330615571,,0.6997937253484732,0.343065693430657,0,2
0.41181653241285121,0.91118724228626369,-0.012039648093257683,-0.90906859252875805,0.41170440745239528,0.063982614529697918,0.063256918271750465,-0.015404232503648967,0.99787838533146656,-5.8907095516529253,7.5392977178411389,-1.7430915070106239,0.229654914629061,0.1927389927824211,0.8072289156626506,1,5
-0.80700797704190641,0.59046105410860472,0.0096885794461964644,-0.59042567106185073,-0.80641883711005957,-0.032957337653740558,-0.011646971361390689,-0.032317220409788808,0.99940979849263623,-12.381696130044926,20.429334791288927,-2.4830816886056493,0.1304217002107477,0.1170676775466878,0.1764705882352941,1,3
0.92874293612556735,-0.36300936500631403,-0.075238019076618659,0.37052082487883198,0.91564019594329593,0.15594021259455007,0.012283196976803318,-0.17270562379562557,0.98489689337584629,-2.5326232768831307,-22.115382116867224,0.8980182805938064,,0.2030063907123556,0.3333333333333333,0,3
-0.65127088115342191,0.75862198783464596,0.018409751097057489,-0.75853263993770648,-0.65150729286007869,0.012902770991749831,0.021782412877808244,-0.00556119806712938,0.99974726784586831,-5.2559657153796522,19.962898893360244,-2.1088651349035521,,0.8501257623661779,0.5178571428571429,0,2
-0.018137097341065944,0.99741655769824633,0.069507237964288621,-0.998818232925333,-0.02120997916097251,0.043729559338152917,0.045090833613480936,-0.06863196932461324,0.99662253110727372,-9.0723583877998379,7.9117018273467217,-1.8719937736248597,0.3375435363056145,0.280583928988878,0.7321937321937322,1,5
0.90607130688889437,-0.41041596500685817,-0.10292483908241176,0.42294412911950124,0.88559278982187983,0.1919470610841616,0.012371357079874554,-0.21744918092048415,0.97599323934185767,-1.9244637913062388,12.74958809990833,-1.7435292712430825,,0.7885535718518679,0.3228346456692913,0,1
0.82273541669358341,0.56359931761949311,0.073906990852541932,-0.56327458622447013,0.79089822994397774,0.23916883238652922,0.076342482483137603,-0.23840259866521005,0.96816115720368956,2.8552455246886446,-10.090357922258219,-0.0088390041639195421,0.6381697565436839,0.576412191150273,0.3550295857988165,1,5
-0.21113240264587513,0.97293757997678609,0.093891288317374727,-0.97687356341177656,-0.2133502723107992,0.014131610385472598,0.033780906739740144,-0.088736276537976014,0.99548215632728321,-3.0348302747888258,34.81144743450831,-2.5095267216024482,,0.5999109546301638,0.2941176470588235,0,2
0.1784768242451765,-0.9615501142089502,-0.20872805530668675,0.98293162824358171,0.1646142518607574,0.082143546811329668,-0.044625524151301277,-0.219826126629839,0.97451784829480859,-7.4879582306993102,9.3078727280174611,-1.8619568143687331,,0.08838603905397494,0.2380952380952381,0,5
-0.88170471232010772,-0.46663995872636344,-0.069598485560939879,0.47168302456972638,-0.87514708237882521,-0.10785503482261459,-0.010579442578585964,-0.12792471662540489,0.99172745362374548,4.8529269249068996,-15.195236692748479,0.58525706814200351,,0.488530510903786,0.1153846153846154,0,5
-0.96448688354566414,-0.26194135093326532,-0.033937886493242544,0.26285065598746432,-0.96449132079077371,-0.02580745563258843,-0.025972757176164363,-0.033811548182895113,0.99909068411938629,-16.534198957683973,15.792674086695694,-2.5020564208541827,,0.1177920942087339,0.3333333333333333,0,5
0.99927229146500818,0.0060840785132196167,-0.037654634494524865,-0.0015802963981996017,0.9929528502129209,0.11849953551525161,0.038110237122919083,-0.11835379690859738,0.99223988459633738,2.3235118207580068,21.831080512190891,-1.7468574554538236,,0.1012272240448782,0.3157894736842105,0,1
-0.32663792987838303,-0.9234871852531692,-0.20119413867690866,0.94372331074484195,-0.33035985702487541,-0.015769515632970871,-0.051903521282848371,-0.19502252059616754,0.97942444371107973,6.229824761132976,3.5615986300207538,-0.96120862086754288,,0.528088972912178,0.5271739130434783,0,5
-0.58437525285119596,-0.80166934791363142,-0.12582456227157518,0.80983966862967716,-0.58600277075634011,-0.027576507749662443,-0.051626301134939608,-0.11801275050444859,0.99166915639718212,-8.1040127924528562,3.1542932324694033,-1.6226695784492855,,0.1438701141748853,0.2218543046357616,0,5
-0.86947269905547742,0.49394107250749608,0.0062803254159411641,-0.4938806196816693,-0.86896947483832243,-0.031208737591626335,-0.0099578662391087494,-0.030236876316133015,0.99949315766072611,-6.7065223095573936,-11.300214243680662,-0.31251422470426993,,0.07898326620633664,0.303030303030303,0,5
-0.50875398243355374,-0.85292990395875279,-0.11696137948448355,0.85904348332696556,-0.51188902752806176,-0.0037305830442485137,-0.056689320965011815,-0.10237285982763832,0.99312945704940059,5.1635319644836946,-11.203987335552759,0.20709286188338596,,0.20166970698242,0.4788732394366197,0,5
0.61412589455339783,-0.78504258932450199,-0.080978506936539227,0.78903031395943335,0.60856924102101406,0.084110894277652795,-0.016749605728743386,-0.1155491749420534,0.99316053026595019,2.7858308546487733,5.4909166957787798,-1.262143167262709,0.5347018052335208,0.345468784514909,0.8253968253968254,1,5
0.99586071397824782,-0.079885875339888418,-0.043355337340569726,0.083833400602814051,0.991596515340044,0.098530765291104092,0.03511978499511207,-0.10175754363516415,0.99418911833475387,-7.4169219298819549,12.634017053782026,-1.9754450570648727,0.4465491437607056,0.4138853495043439,0.9626865671641791,1,5
-0.74163375891928407,0.66961780696920725,0.039891856575026682,-0.67061575325684963,-0.74152487632661357,-0.020380610210403435,0.015933584499451064,-0.041867056005285952,0.99899613137711818,7.4688325655391612,13.942602130871425,-1.2735249714592276,0.4056040633474167,0.4493447995901741,0.5405405405405406,1,5
-0.97925060659320806,0.20257221541601991,0.0057225019248298399,-0.20210917750354193,-0.97416581803506808,-0.10076129882503694,-0.014836773762374231,-0.099827133152826722,0.99489417207601105,10.675524778409082,5.0397970170314643,-0.69395195200369542,,0.1361296947542809,0.2580645161290323,0,5
-0.25804952095173134,0.96195966289900336,0.089688637473295418,-0.96400555179673753,-0.26252513844164099,0.042117072444124146,0.064060446779961616,-0.075592054089246116,0.99507894185181023,10.65117110087033,8.4844764339199141,-0.80826624954610082,,0.28020291886853,0.5394736842105263,0,5
0.9119783512734968,-0.39051739208046166,-0.12566484508863207,0.41002359946773292,0.87759318425133015,0.24841668791596042,0.013271574435575927,-0.2780761935842162,0.96046733201796852,1.8273081652461598,-24.166330209867404,1.2617283654984128,,0.7265650345669902,0.4615384615384616,0,1
0.49323527470921164,0.86296476575075276,0.10959368985155084,-0.8658653578637644,0.47492430425221244,0.15723894963401389,0.083642966434630636,-0.17244917600064408,0.98146071539451563,-14.676581729712789,33.51488653286053,-2.9328372589916683,,0.3133416433535982,0.3846153846153846,0,2
-0.97204578826282328,0.2347270242073296,-0.0054963285271478661,-0.23343138767020802,-0.96866653086742671,-0.084822987613183604,-0.02523435695371776,-0.081168812262081141,0.99638087654525753,-0.33732838193383402,7.743849486879113,-1.5063387549272167,,0.09507487332275946,0.2567567567567567,0,5
-0.97593231415920378,-0.21448949519475347,-0.039374796900599383,0.21530052355216717,-0.97638896942598041,-0.017614339086029582,-0.03466702666838177,-0.025667817094073044,0.99906924706328604,-24.669653576178789,5.3499617471848495,-2.2188652209239366,,0.09747015107744868,0.28125,1,4
0.49307840222642446,0.86960246641455829,-0.025792240374854669,-0.86710797856882071,0.49364086474016355,0.06665170786167493,0.070692593389484498,-0.010499860203895697,0.99744288567093831,-4.8004539824052159,17.401984005116201,-2.0011614677670551,,0.073756623639584,0.1578947368421053,0,2
-0.2358219969288973,0.96990947945839989,0.060527575708957698,-0.97089775660246891,-0.23782425228737275,0.028234221226132165,0.041779564248101329,-0.052107837037134341,0.99776712780615839,8.7462832013718703,2.97104428215007,-0.76149436721342112,,0.1236122881487953,0.2222222222222222,0,1
-0.92985370620300434,0.36665919600374541,-0.030546997338910718,-0.36757750437006897,-0.92938759087161604,0.033548237135881988,-0.016089230609586426,0.042423341685213084,0.99897016809244632,2.738554110220957,2.3658217726868345,-1.0578079789995052,,0.08527152155353537,0.3711340206185567,0,5
-0.38084178807605357,0.9214832980131421,0.076341757497824944,-0.924387390029213,-0.38136837057413164,-0.0081313640067871701,0.021621415541391378,-0.073666121171499621,0.99704855297098338,13.242686737450802,-2.1851035164344319,-0.12180412524969664,0.2598408419558887,0.2712503157816085,0.7868852459016393,1,6
0.7431296216975094,-0.66158722755409394,-0.10030306921029482,0.6685161027741704,0.72753003717196241,0.15422796550625667,-0.029061756439565031,-0.18166558658659504,0.98293083630680578,-1.6587224798816405,14.875123920482608,-1.7752615831710987,,0.1274393198385033,0.15,0,4
-0.95864269217740472,0.28458978849640398,0.0035834366786742003,-0.28338240809294596,-0.9532550533950912,-0.10487713745219153,-0.026431033243159936,-0.10155518431027984,0.99447873030115852,22.642913536728354,10.810612854736254,-0.12694701616440981,,0.2942748477341595,0.2727272727272727,0,5
0.84880073241247322,0.52305259529241388,0.077157625766481525,-0.52814076665070309,0.83201780065063291,0.16974601615971088,0.024589576199232219,-0.18483063046571951,0.98246271724884693,-3.2904176310564885,-6.0219449647744847,-0.69609970295826717,0.3795294581138807,0.1948209063739173,0.1348314606741573,1,5
-0.64993402986559412,0.75999016917690099,0.00083640727819917328,-0.75986546978726066,-0.64984657404521651,0.017432671243426238,0.013792195171741009,0.010694529263179755,0.99984768959886283,-8.4716520613430397,-8.1016621649507155,-0.72114514476582536,,0.1094575049274165,0.4563758389261745,0,2
0.76208294788148512,0.64566547829001353,0.04843212459508954,-0.64061390281945862,0.74102585934327636,0.20123246084809709,0.094039396333066141,-0.18438211933126181,0.97834545330789224,2.5206648731630743,-7.3160931439079793,-0.31809950881440546,,0.5789071166775919,0.3406593406593407,0,2
0.93275266777946109,-0.35743378289618893,-0.047048396304440639,0.36011179548543398,0.92992166912889251,0.074600161104336621,0.017086705433074886,-0.086526181754749854,0.99610303903180042,-6.8300849941612203,-8.5652797497237412,-0.58690176236541303,,0.0721631125633011,0.463768115942029,0,3
-0.64063124768677648,0.76186322312737065,0.095687165979860017,-0.76768710634369186,-0.6380600815131493,-0.059462922338897765,0.015751547255186561,-0.11155160969437726,0.9936337993112252,4.2595459719359399,15.706322500833322,-1.4831174768482911,,0.4296412127631764,0.1666666666666667,0,1
-0.89704534785868151,0.44188475907325631,0.006892284372259568,-0.43916269196373886,-0.88955738593111933,-0.12579263540667493,-0.049454765920587375,-0.11586853254514208,0.99203261503519924,6.9258132916011554,-8.7169826418440213,0.027780568967473659,,0.304540488021787,0.3333333333333333,0,3
-0.95179724121652987,0.30672645928763986,-0.00094381431991677662,-0.30626520694053683,-0.95052588983944208,-0.051982263923445918,-0.016841455705276308,-0.049187517906522642,0.99864756218193507,8.5728432758376307,8.2989284143939077,-1.0377399515193499,,0.1722419943952946,0.28125,0,5
-0.92755089573070681,0.36925515789722674,0.057445314825990579,-0.37334600418560782,-0.92232529211635939,-0.099643447758055503,0.016189409742273123,-0.11387134797114812,0.99336358858347018,-29.443516872333014,-4.5580008982212172,-1.6815431739551374,1.01545529669742,0.6533465565889024,0.9829059829059829,1,3
0.64032063482790103,0.7680695470454979,0.0076586888511309646,-0.76519677770100725,0.63699501148526028,0.093334059907888553,0.06680850252468111,-0.065624128521584515,0.9956053925859345,-22.438611528142207,27.514328335705073,-2.9976397129830787,0.6294065363901855,0.6284228694974169,0.9855072463768116,1,5
-0.92073871228559523,0.39017932963257501,0.00056073713960254898,-0.39003648597930185,-0.92036079274158777,-0.028417438114569597,-0.010571816475093693,-0.026383743319553017,0.99959598577868747,-25.068557582509758,16.864649667718663,-2.7464704401289493,0.3830459045285065,0.322409159309696,0.7924528301886793,1,5
-0.38028671892925126,-0.91356928720856889,-0.14412900081264965,0.92303673313682866,-0.38470016896180337,0.0029948757657199303,-0.058182477483489162,-0.13189745058183699,0.98955437538515068,-5.4504388151067076,-9.8748742578087736,-0.40012297481467629,,0.1234669748119549,0.14,0,4
0.12024198619348668,0.9926734545204845,0.011886018955611258,-0.99111984395480812,0.11935186846362744,0.058622405385979383,0.056774287095854109,-0.018829343711579221,0.99820946506239283,-10.065160768837782,24.876575527209468,-2.5102272452034877,0.3881145554478583,0.318973263350493,0.9464285714285714,1,5
-0.87907513074329846,0.47544658461045536,0.034314132524464191,-0.47645874066374272,-0.87417256850151059,-0.093858344991763598,-0.014628156198711781,-0.098857805264559145,0.99499404590404505,-20.183172901042848,7.8678736506991482,-2.2200283915468835,0.6649887114772001,0.3985134054132157,0.3384615384615385,1,4
-0.1571838056866611,0.98753738662726898,0.007947404811872302,-0.98648172825135616,-0.15738319271030976,0.045654468330371345,0.046336282285886023,-0.00066382655515998532,0.99892567705421842,-2.1558676257163962,-7.5029467006739736,-0.49705376193952838,,0.06813297050723933,0.2142857142857143,0,5
-0.25032592954584115,-0.96242119158722883,-0.1052728786574659,0.96532890848156694,-0.25642538109026264,0.048847951671496512,-0.074006941882486674,-0.089395044138546265,0.99324292025499472,8.0518538907031356,-10.418525517302449,0.2774435200167521,0.3769948314367119,0.3520678855357661,0.8,1,5
-0.99144702902912563,-0.11856731217581486,-0.054539720504631281,0.12660688891717048,-0.97522173019396363,-0.18142015498893171,-0.031677820443264289,-0.18677357800528319,0.98189212556729932,15.847020484323613,-5.1293483448898183,0.27828145615801125,,0.3141992248626891,0.2666666666666667,0,6
0.75018216867339382,-0.64522197747848042,-0.14462127638506364,0.6606743725184101,0.74037695623577537,0.12390050916947877,0.027130928879984514,-0.18849552369701059,0.98169921577044195,7.6024137817837101,5.7290825595845289,-0.95870547941281958,,0.1350634077216198,0.2571428571428571,0,5
0.86277127472277415,0.49778050886969194,0.088545426209781966,-0.5022244198296173,0.82358849744796692,0.26357659038352893,0.058278294759247215,-0.27187598617905334,0.96056602505976818,-20.798012367655311,8.8701818666378571,-2.3243585140098233,,0.10515363275467,0.1578947368421053,0,2
0.70818903757358354,0.70359934911288724,0.058448635471870403,-0.70261302097968747,0.69422301940508635,0.1561708746145814,0.069305337531820679,-0.15166527373135652,0.98599919621346221,-8.5081801565619948,-5.9891104237979294,-0.95381866311487185,0.5870506186206965,0.3812560081699599,0.6580921757770632,1,3
0.80346542248786668,-0.59244201497717586,-0.058785829552528167,0.59534507146327154,0.79907441628803733,0.083930465972290147,-0.0027496819429023438,-0.10243308119800713,0.99473609722654388,-13.986166168422784,26.007291951523882,-2.6469854835265845,0.2749741112607808,0.1895027277088892,0.3333333333333333,1,4
-0.33280214471245656,-0.90476587330918212,-0.265784587532577,0.94096136193043589,-0.33712861729870403,-0.030594292805738887,-0.061922918445502857,-0.2602748737264835,0.96354685525814177,-23.422298504618301,-1.7153766541954727,-1.7081638439047182,,0.1921806495913524,0.2258064516129032,0,2
-0.93199723634544984,-0.35665884570369705,-0.064619031451677245,0.35796409784004907,-0.9336870328558653,-0.0094989122731445851,-0.05694608065535587,-0.031984253283755995,0.99786479617224522,15.921066426931729,11.136165314202502,-0.5486947795217757,0.2264003383924942,0.1436593348521698,0.2941176470588235,1,5
0.71762354705202214,-0.68341189466253827,-0.13403218624731747,0.69624114152891148,0.69951965992172238,0.16099850379900463,-0.016270143176823071,-0.20885503972075797,0.97781125725993123,2.1903667050767277,-27.739516437821212,1.5767692284460166,,0.3875069625034165,0.5833333333333334,0,5
-0.98700902226204934,-0.15364023335821594,-0.046987963000617597,0.15405060733296982,-0.98804917472297515,-0.0052190717174892994,-0.045624558668085569,-0.012389795110578876,0.99888182114975999,-4.2419254027076514,-5.7612372046595759,-0.72696019102390108,,0.09379419694095499,0.4104234527687297,0,5
-0.78702353558398086,-0.60763456897394763,-0.10664982430710032,0.61346963630482965,-0.78910075556200676,-0.031225036485012903,-0.065184045355521511,-0.09000126754282449,0.99380622460909052,-29.562818663057413,10.745755246264178,-2.6430181688313108,,0.2726243097387762,0.6388888888888888,0,3
-0.84230432999267646,0.53466534537213173,0.068237703168324088,-0.53895150491755128,-0.83371136538172341,-0.12023574585143126,-0.0073953379027550887,-0.13805190216524485,0.99039738554070411,4.4929921395246746,11.495694805466693,-1.4999924567720022,0.2351394409188207,0.3414099235776626,0.3870967741935484,1,5
-0.49016792622971794,0.86663305217463971,0.093180239182604624,-0.87118181660332161,-0.49052968133539643,-0.020563904024600947,0.027886314123532766,-0.091256696233558962,0.99543687337627829,-8.6198123707352732,5.0497314971818499,-1.7395444037058634,,0.08710150146134908,0.2558139534883721,0,5
0.96600241527768371,-0.23337446693179922,-0.11124608695131596,0.25392866358941879,0.93731596663597139,0.23866087341029876,0.048575379415635958,-0.25879555033573004,0.96470995415256966,9.7048691914823522,-1.2140805156244383,-0.45903587170083415,0.5743851337516199,0.664311080011152,0.7783641160949868,1,5
-0.13143707312771388,0.99111775848478423,0.020245607516606839,-0.99022098677270998,-0.13222674608384591,0.044480163836912015,0.046762091083487771,-0.014201282905942506,0.99880510130922151,-31.145163311336312,7.3615233522703951,-2.4766962132846624,,0.387924775895529,0.6538461538461539,0,1
0.44170288909468025,0.87774360942678931,0.18564674485658306,-0.89561277001198003,0.41924398669107166,0.14870186890165679,0.052690833708355339,-0.23194964051235178,0.97129966555605785,0.21415596528138373,30.576259613779051,-2.1720027890363047,,0.1269368106851039,0.7142857142857143,0,2
0.34898867458012567,-0.89653053218425294,-0.27283678248401122,0.93709890112494076,0.33160824724002624,0.10900284341624593,-0.0072494499954324733,-0.29371580690153193,0.9558652992189568,-0.41836682409715198,4.5853896096527071,-1.4002306633269122,,0.3019657542240403,0.2690355329949238,0,4
-0.77317752532081219,0.63256632324361228,0.045347117183388228,-0.63415037907959593,-0.77035492849773524,-0.066382082314845756,-0.0070576945237693688,-0.080082025681847344,0.99676329091249227,-15.034221952028872,12.334914733691695,-2.3078621964053885,0.5052054759550327,0.5551120419755704,0.6994535519125683,1,5
0.97918436524770291,-0.1841145957671817,-0.085438834729535118,0.20086690425345824,0.93947193518514682,0.27756975659301947,0.029162743871001429,-0.28895380015663963,0.95689875940192937,-9.7203391353449522,-8.7713555395302762,-0.70165194777530482,,0.5299406762614243,0.4932432432432433,0,2
-0.27195682997417658,-0.95939369695379972,-0.074854638304636498,0.9601046397197488,-0.27577417984686836,0.046343095692876791,-0.065104250391267868,-0.059264964145000432,0.99611701150310805,-7.7460861631748212,-8.6213615656293214,-0.64793130783999497,0.3395196787588912,0.2312381920629651,0.8416666666666667,1,3
