axis_00,axis_01,axis_02,axis_10,axis_11,axis_12,axis_20,axis_21,axis_22,location_x,location_y,location_z,dbh,dbh_approximation,score,reconstructed,number_clusters
0.63902036938309636,0.76458396350625824,0.084049570269893251,-0.76749451350261932,0.62654322720072975,0.13563095587760773,0.05104056481731023,-0.15117852756908715,0.98718788158342652,0.77689276932761842,13.251135966415431,-3.8698565075816957,,0.08807901766691788,0.44,0,6
0.94020448744628482,-0.33957919007466475,-0.026485759458714137,0.33847651201769452,0.92279418471520891,0.18407754743077501,-0.038067999661206005,-0.18203534361224605,0.98255481326884098,-14.163865386029377,-10.31497332314826,-0.8667405394096751,,0.09831896832505299,0.2727272727272727,0,3
0.93912640014842841,0.33868321059692114,0.057751947188100242,-0.34345043571057465,0.92096854062688804,0.18400746013626235,0.0091325108525485057,-0.19264119506311034,0.98122676645624873,6.270745788331209,3.2653061901985914,-3.3004974543644687,0.6697882674531147,0.4675178482235405,0.4588235294117647,1,3
-0.73427258986408406,-0.67885137061089296,0.0021401855068012426,0.67774167752101333,-0.73288455453990353,0.05955206350623013,-0.038858491032126428,0.045177940818055609,0.99822290663866586,-20.273042154720983,13.125061049001832,-2.8515787835281197,,0.07489779523083517,0.3333333333333333,0,2
0.91684622506463609,0.3743458423077437,0.13877388058144569,-0.39922357173830336,0.86284326112679144,0.31003555682630268,-0.0036795860146219325,-0.33965673418171743,0.94054227101803933,-8.7573604890764383,13.024712227784391,-3.3075033884027154,,0.3152772514131484,0.35,0,2
-0.7134281525125703,0.69421219508550069,0.095339915025517183,-0.69783518991965254,-0.71622671753007339,-0.0067332611637995234,0.063610682375717043,-0.07133524578122942,0.99542200286965099,-20.068284383061041,-7.5742409416731924,-0.93208766906287166,,0.1003627978267054,0.2058823529411765,0,2
0.59001007665098204,0.80356036794022301,0.078605626554826835,-0.80711185661163054,0.58441854733569909,0.083817733487362017,0.021414022677435789,-0.11289684054837676,0.99337593237754906,10.149894138050538,4.7214201003248704,-3.8638140897859437,,0.1116784735167645,0.3461538461538461,0,6
-0.938269100578485,0.33984275868739006,0.064482511329703257,-0.34063125399017924,-0.94019605018653463,-0.0013175806300831183,0.060178432222174963,-0.023201003887400481,0.99791796742713135,3.0689801463077315,10.67859325976848,-3.7805484147960904,0.9357902552620659,0.7606523839032313,0.8625,1,4
-0.64873436477895918,0.75274037668325633,0.11191804709513292,-0.75804732388165341,-0.65215330598773691,-0.0077666109164286207,0.067141482785997408,-0.089877643493881137,0.99368708882086343,-6.155538872424497,-11.428008131115796,-1.063667039097917,,0.09473055808121895,0.1923076923076923,0,4
-0.87296637725058956,-0.4837542254515696,-0.06254241399030086,0.48727401501467532,-0.87070294889322031,-0.066636394561290474,-0.022220226854373262,-0.088646625126974493,0.99581526267282006,-3.1083274234229119,8.0767505803290085,-3.1688471188193783,,0.1183309544467912,0.3636363636363636,0,5
-0.75380410969951017,-0.63651370690628661,-0.16318598322327268,0.65607679241366534,-0.74290118606982725,-0.13289495924315287,-0.036641597349521028,-0.20723930287583256,0.97760383831448494,-22.067884401684509,16.184759730093873,-3.0608729664217296,,0.388025867544003,0.2307692307692308,0,1
-0.21124001481622073,0.96182235146733874,0.1739983343549118,-0.97457291018168823,-0.22086862589236123,0.037745103476033305,0.074734857198225271,-0.16160078686151552,0.98402229995325852,-7.78172040207411,13.734343603959761,-3.4445413083687217,,0.3696029608788662,0.2,0,2
0.090947132411239168,-0.99390696220227137,-0.062270134029280111,0.99535759650427891,0.088746263794693747,0.037247224644343692,-0.031494034155631782,-0.06536857921306384,0.99736406325086102,0.10633450101644648,-9.6082122717841223,-1.5698987494841303,,0.2199094443942501,0.25,1,2
-0.66062897197910364,-0.74893416169135396,-0.05164283913092535,0.74935614700566977,-0.6620066208033486,0.014580773551106738,-0.04510794083806436,-0.029066397509856116,0.99855917111063019,-11.681066947254221,4.3193534921775543,-2.3582780792373681,,0.2175174368603921,0.32,0,1
0.34879550021227063,-0.91741306726162697,-0.1915592938212243,0.9355494528259034,0.32870983492955341,0.12921712633292265,-0.055578056360623254,-0.22428354473344664,0.97293780439089483,11.368933191298154,-6.4565488274857863,-2.8410649937130787,0.6435962276281744,0.4062595423545622,0.2777777777777778,1,5
-0.053447368298725047,0.97682399224399608,0.20726376190362422,-0.99740076531246047,-0.062266404161949597,0.036257527037277346,0.048322791476265017,-0.20478716534305194,0.97761297287561522,-10.934265242067651,-20.029215832438403,-0.013255111014756484,,0.5996991998010006,0.4137931034482759,0,2
-0.99678891684237902,0.070945932944889906,-0.037128558533511949,-0.068308198516265045,-0.99534086360735763,-0.068048183288181199,-0.041783313363826964,-0.065293489965987966,0.99699093019565699,-14.890751612815635,0.72579815919170187,-1.9047720432641133,,0.2131703406327354,0.32,0,2
0.98020501334195898,0.18713184074382877,0.064651419157797735,-0.19798167210989004,0.92839886730065413,0.31444999714332122,-0.0011786975281578823,-0.32102525971438617,0.94706989884456172,-1.3345010037157756,-10.883283594392353,-1.377561003233176,,0.1780865314000383,0.1666666666666667,0,1
0.84846435161538081,0.5243914610871292,0.071567028559234788,-0.52808676184764825,0.82984948379925649,0.18020601044186449,0.035108631405364098,-0.19069197617365538,0.98102189283615315,-14.953143025420859,-16.950360347645649,-0.22064750509273304,,0.2289207692220139,0.5714285714285714,0,4
0.90503459086341964,0.41250709170462074,0.10368359867442282,-0.42533138004090787,0.87636240847719504,0.22601359729128423,0.0023678034504268659,-0.24865001166588691,0.96859050439562655,-5.6224082339323145,10.154413519378201,-3.2345775052858206,,0.29724893785907,0.1777777777777778,1,4
0.99633920233191642,-0.081292771375274228,0.026451450219768243,0.076268000121105337,0.98503879286738094,0.15453727286289332,-0.038618467785873682,-0.15195414396620002,0.98763280224857397,4.362441799129539,-9.6500919088012989,-1.8395514774196984,0.1567244811239149,0.1662751649132787,0.4945054945054945,1,8
0.17030922260742293,0.96888535903303374,0.17959935898071899,-0.98222506290971656,0.1523208136377262,0.10969182068296655,0.078922078576645946,-0.19508852038029029,0.97760512208609596,-3.9623556630902979,-9.8614930686583691,-1.3741333443645334,,0.1266511973831029,0.4,0,8
-0.57753806493162685,-0.81622305610559176,-0.015156062703800433,0.81471663652678938,-0.57745221186749607,0.052780158921823993,-0.051832284548421939,0.018134654421464551,0.99849113595840522,2.0803303896693222,-3.9336886907907016,-2.310759898559319,,0.07978761960406738,0.3289473684210527,0,4
-0.81191447966864083,-0.58228344802969989,-0.041723660614138569,0.58234578395453884,-0.81285409421533328,0.011899975955570503,-0.040844407386733658,-0.014635835063757287,0.99905831997797423,-7.0318792470963034,-10.639776865075381,-1.1061662153130631,,0.4138038176392307,0.8650793650793651,1,5
-0.29339718452121621,0.95280579207697447,0.077969318963251238,-0.95298151382802321,-0.297965315319281,0.055162534103597283,0.07579133470966587,-0.058118787420688142,0.99542849071727701,-16.520705008562967,-17.783521335042472,-0.08967028738098437,,0.1002388637225478,0.1428571428571428,0,1
-0.061504602321173461,-0.98875647901019115,-0.13630043693504851,0.99726123474230355,-0.066496702690150247,0.032376198226389652,-0.041075705393468463,-0.13393585683717635,0.99013836037178193,-11.658918334783021,14.646967495397737,-3.2973157845393901,,0.3031658184665489,0.44,0,4
0.74543852510651731,0.65332393673854672,0.13224688643393073,-0.66577587720798481,0.72003702381584123,0.19567617551037025,0.03261727479357885,-0.2339113464945092,0.97171065413844604,6.3808488360746862,4.5754165312430235,-3.4595626929657128,,0.1167814403807551,0.2380952380952381,0,2
0.015961042711746934,0.99890441220863013,0.043991139854363231,-0.99712660115044172,0.012643306802187167,0.074690615684129033,0.074052592079698887,-0.045056875870815992,0.9962359617796579,-18.524882104228791,-8.8407166671769044,-0.85722674567011525,,0.07201612434423013,0.28,0,1
0.43870085540731912,0.88361377617218562,0.16361006699961411,-0.894989754674126,0.41324151462783953,0.16800235003248287,0.080838719022720565,-0.2201321083958919,0.9721146827200714,-4.857601688984202,18.033793122706008,-3.9881804805860166,,0.1889230489281152,0.2631578947368421,0,3
-0.15597067249441776,0.95974219204141697,0.23359810388180943,-0.98495418756105479,-0.16893348977025102,0.03642422874939686,0.074420412035831746,-0.22440231917157633,0.97165076103651349,15.299454411763953,-7.7684571270785616,-3.1767117917844474,,0.1856117154414401,0.2727272727272727,0,5
-0.8038020318763538,0.57902892997884214,0.13648366861643949,-0.5901489307348855,-0.8050456953443258,-0.060213519744667751,0.075010219996451147,-0.12894544061395719,0.98881066956265973,-6.5521124386376126,-13.560366790959383,-0.82957706139187193,,0.1980098725912534,0.2307692307692308,0,7
-0.20511584454132578,0.97506511495857451,0.084708393379408248,-0.97640398990645905,-0.20983212237428159,0.051046340854675049,0.067548048179395082,-0.072239199959069064,0.9950973616568517,12.010048441043871,-8.0450441170708338,-2.7297018721360802,,0.1070609596954345,0.5263157894736842,0,5
0.93009054076469344,0.36555788593685407,0.036041892422851107,-0.36697744069423105,0.92041338782901594,0.13478409968029342,0.016097950228344874,-0.13858797759724101,0.99021928301965212,0.19710791182665688,14.606876986738314,-3.9521867902323469,,0.09876111707952473,0.4444444444444444,0,3
0.94492306910376067,0.3246092549395842,0.04182373827263941,-0.32715718715142916,0.93311429677556468,0.14921757285322573,0.0094110770209794858,-0.15468206347411825,0.98791947590311913,-12.148992233446206,0.11469395755108262,-1.9317567131332998,,0.6975282755971879,0.7975609756097561,1,2
-0.48923033847935854,0.85248357138871467,0.1841885892874878,-0.86905371623359107,-0.49428860348823067,-0.020601329137682312,0.073480025938733845,-0.17014857323526683,0.98267499653448276,4.5555889812089188,-4.2203792288814865,-2.4603387384877058,,0.09161909813307967,0.2857142857142857,0,6
-0.80977707867906723,0.58370350743691557,0.059592770130607514,-0.5842917457751643,-0.8114955509001277,0.0088389302695166434,0.053518582427109176,-0.027662000562893578,0.99818363794436715,2.1873212026722557,-9.3116536245906367,-1.7632193328120553,,0.07275727812557094,0.2592592592592592,0,4
0.38584626056886345,0.91742627049876668,0.097219861158874363,-0.92075992266131979,0.37636252563353612,0.10272494399836916,0.057652649772122727,-0.12915218735070588,0.98994741500585903,9.8846693224229885,-7.8060022839364205,-2.443342632088827,0.1693597039730433,0.2620752872140523,0.5,1,5
0.88413347650217677,-0.46722816038063053,-0.0024169972086667403,0.46465073846291954,0.87868944689432726,0.10956526439708852,-0.049068186985440555,-0.09799337765314782,0.99397666519998773,-5.3367362057737973,12.280900102652435,-3.4202500380254595,,0.07017358895440459,0.4583333333333333,0,4
0.94707957407529242,-0.32014100765164266,0.023452411158632263,0.30259612434677741,0.9147800769239075,0.26760604700454521,-0.1071254680254527,-0.24634761229384802,0.96324295378551661,2.7056942451089725,15.604058912782897,-4.2469398909775631,,0.5757104612570481,0.1428571428571428,0,2
0.74507884282497627,-0.66073411037715057,-0.091038197250992978,0.66579170327493997,0.72866280644221193,0.16053635836786109,-0.039735699627027901,-0.18022472053488012,0.98282252939341752,6.2813082067937378,-8.7286713355067729,-2.0882185280739338,,0.2283179761259077,0.1470588235294118,0,5
-0.23802126263722934,0.95797927835909469,0.16006742569044882,-0.96647420877956669,-0.24994991890184445,0.058759184855402144,0.096298921574901483,-0.14071510322474146,0.98535566037241629,-18.058995049894268,10.691590183721194,-2.7022328212524798,,0.4109619395211765,0.625,1,3
-0.21626890762238338,0.95084285068826158,0.22164303032318278,-0.96729399412224792,-0.2394930557633464,0.083578736387700511,0.13255221058455083,-0.19631849005164259,0.97153948037791715,-12.800358374898531,-14.366656000150282,-0.51914780885100609,,0.2661664160065743,0.2,0,2
0.74787806123766554,0.65748955461152114,0.091574511170600864,-0.66273319640941131,0.73154869553199364,0.16006628765109412,0.038250697985204411,-0.18039953337573239,0.98284937424890417,3.2199040963194152,-5.0779284667176476,-2.2589925101681474,,0.0652580256379994,0.1891891891891892,0,2
-0.97070216730940373,-0.2402803437209298,-0.0016305833855197727,0.24027006655028021,-0.97069379334683259,0.0048841250863094782,-0.002756356426372941,0.0043492504281361904,0.99998674317210945,7.8742624240114072,6.0553619188681713,-3.7804475083167559,0.2978453141503979,0.2080785636783605,0.6265060240963856,1,6
0.93161090102882171,0.34198261856179618,0.12308134580790105,-0.36326138096192351,0.86498080448748849,0.34619268763192179,0.011928880328989597,-0.36722758130319416,0.93005462492495672,12.258834692201201,-3.4788069050317021,-3.3708135874015861,,0.351125271043452,0.2631578947368421,0,1
-0.17583758174807268,0.97781106811105811,0.1138712427459348,-0.98051847313695439,-0.18425244395125992,0.068077608177471577,0.087548093538165131,-0.099682255078331936,0.99116031969622964,-13.953164919781301,-4.1734877338201457,-1.4778650743034503,,0.1688796697428251,0.5581395348837209,1,3
0.39997124153201541,-0.91643413166794185,-0.01309535266283445,0.91339968840525543,0.39738605596937182,0.088234526928460982,-0.075657221522603943,-0.04725256432335645,0.99601364448301921,-18.401122534573208,-10.255573989477149,-0.73073106886444894,,0.09097986606971414,0.2857142857142857,0,2
0.94283973849227243,0.33220171702803697,0.026367531614596231,-0.33312473208043364,0.93740163179451819,0.10151893215214813,0.0090077964098803226,-0.10449976034708086,0.99448411736499798,-19.498439603534557,14.383681184482237,-2.9865397540530587,,0.08042935868325886,0.125,0,2
0.14635483768487026,0.9872540117284303,0.062528216129651121,-0.98761625011724186,0.14221219209550526,0.066255829356737309,0.056519058649213937,-0.071450743491668203,0.99584154726738272,3.9961864035936254,-10.603907151554546,-1.7147385447207217,0.1001927534013288,0.1022865359139683,0.2857142857142857,1,5
-0.44214465802876768,0.88193996257651286,0.16337075560565842,-0.89221260333118002,-0.45113862282787215,0.020751227673789296,0.092004194652324012,-0.13658640270360173,0.98634648210599229,2.0950010816380185,-5.3599241088504801,-2.1665994295264728,,0.1936352623580848,0.2826086956521739,0,2
-0.81112884412091368,-0.56511698986547121,-0.15070761759268109,0.5807135242832856,-0.80882779858932574,-0.092571026480388938,-0.069583050734775817,-0.16260498145670771,0.98423463617976126,5.663932387088968,10.593356017094434,-4.0421870634325208,,0.3550341237355908,0.2758620689655172,0,3
0.70989191829803699,-0.70058862108951625,-0.072312158970835649,0.70089247062236515,0.69261041482673158,0.17041290414290552,-0.069305187107531002,-0.1716577911818529,0.98271582553989467,-0.19140075608853502,-8.1229024762410287,-1.7283774402925765,,0.07538964172351705,0.3414634146341464,0,3
-0.38514867143207315,-0.90716291794662185,-0.16945778588392096,0.91920109040354958,-0.39342395247437661,0.01693956966294094,-0.082035701344202294,-0.1492415288115585,0.98539185595526102,-0.39333923116741676,20.185994351946938,-4.4473493783752058,,0.1628445997166924,0.4,0,2
-0.96931156341938252,0.23441216725483335,0.074067731599958567,-0.24266392737688014,-0.96058620890840907,-0.13560366368574614,0.039361292807778503,-0.14941576589456945,0.98799069708709175,23.127194555178711,-9.3814098575931819,-3.6210564130801033,,0.2813963818878251,0.6086956521739131,0,4
-0.23285914834101312,0.97010137285493714,0.068410111963538314,-0.96812882551754886,-0.23790571583349729,0.078278014638604773,0.092212766122204637,-0.048002049526213522,0.99458162510945936,5.0200360711409511,-5.8478303460093715,-2.3115701919846123,,0.1130165718861638,0.2333333333333333,1,5
-0.64169088494822624,0.75563454455488854,0.13133637443484089,-0.76467001384108546,-0.64355474617350228,-0.033422426749605494,0.059267006897904782,-0.12187585385499941,0.99077429222829472,14.77725466658805,-0.34583943343026419,-3.9232520802201742,,0.08325735274273875,0.4285714285714285,0,4
0.068547695087662994,-0.99262175956269827,-0.10001627837918659,0.99501181925850024,0.060739202505396363,0.079134245525556035,-0.072475465048934443,-0.10494184923881693,0.99183391515126085,14.474110424100914,0.82314130467432467,-3.9912620552613141,0.5315726714275159,0.6207666100174378,0.6708860759493671,1,5
-0.27332321761855011,-0.92993028530623845,-0.24601642868089582,0.95958110824707377,-0.28142260649800915,-0.002326638602204507,-0.067070972901556711,-0.23670864162959115,0.96926286608531187,-18.294753442755088,-3.561063623930862,-1.3676687865981352,,0.3405256950643858,0.3076923076923077,0,1
-0.99749382666471831,0.068241978886399712,0.018684166651087054,-0.06759895998872284,-0.99716271238383114,0.033119565814842128,0.020891299007492693,0.031773532208251375,0.99927673658341032,4.8597043876002655,2.6834718400276523,-3.16915644701779,0.2181618069512997,0.1588871874261804,0.3563218390804598,1,5
-0.99847845147678826,-0.054311247261199944,0.0095430790339835585,0.053771516981657441,-0.99730969622525234,-0.049819612368896447,0.012223170538260011,-0.049230663574936412,0.99871263928417597,9.9365016723972914,0.57785716537886023,-3.438801595630824,0.8692439008418497,0.7658006290582292,0.2337662337662338,1,1
0.20476840654558498,0.97801434007045962,0.039469612328053578,-0.97651587446045707,0.20136274518500383,0.076614566358418276,0.066982435067048055,-0.054230945668538755,0.99627925699794884,-10.182230820898878,-11.414888129200421,-0.91745039645329163,,0.09245747717834454,0.3095238095238095,0,5
-0.52426530621862322,0.84484877044266726,0.10666041335476066,-0.84658683265149748,-0.53061221099703915,0.041730280635774372,0.09185109404138897,-0.068419563155202909,0.993419417920272,6.895374457326148,1.0606700065811798,-3.1410678087248187,0.2199306876295806,0.1589129226107651,0.4516129032258064,1,5
0.99443225444380734,0.10361584683870598,0.019189778677845229,-0.10526957105080303,0.98505300235196025,0.13634111620552389,-0.004775848886511315,-0.13760210333162079,0.99047607362627699,-5.9451847263572404,-6.8315921476852868,-1.5625286259356097,0.2583293346257816,0.1764693026857682,0.5973451327433629,1,5
-0.39583417556423067,0.91764345597514252,0.035295795236595255,-0.91507628857475287,-0.39737230917637489,0.068779604448496678,0.077140725584104064,-0.0050730272848934768,0.99700730832352735,-2.5214066816783736,-4.6921744816227271,-1.9527530919231328,0.1568954015013812,0.1212401581107551,0.5459459459459459,1,3
-0.92521648782010557,-0.37855742858562741,-0.025859696991004683,0.37910057188141083,-0.92512098247398689,-0.020830846971562757,-0.016037676421982321,-0.0290764689913173,0.99944852388003491,-19.641063445853334,11.274178725134789,-2.7109078569970331,,0.8016618112966598,0.7027027027027027,1,2
-0.17330114563451196,-0.98381759609930608,-0.045493411909272516,0.98150207856198934,-0.17634057356229432,0.074549794729518754,-0.081365734189878719,-0.03173231351638444,0.99617903891752191,-12.210506864377354,16.599569370151372,-3.4464618984928879,,0.2504021333660065,0.7699115044247787,0,4
-0.70106864911087596,0.67007648652446705,0.24392673375601592,-0.71018675407272669,-0.68694692821260328,-0.15407365822525723,0.064323584893076727,-0.28124974671329883,0.95747639991814348,10.761753433904937,-0.18953990655729314,-3.5034422090808781,,0.440253435035673,0.3333333333333333,0,1
0.71202336657834242,-0.69765629170698817,-0.079362611399189917,0.69942795013771231,0.69475894304950292,0.16766202199334429,-0.061832580510622459,-0.1748877059555442,0.98264491159981349,1.6298319203016693,-8.5959069928064906,-1.7943370302511015,,0.1692031018198951,0.5217391304347826,1,4
-0.13586999317266787,-0.98794817427809001,-0.074146813119984223,0.98808364705714857,-0.14059057415670531,0.062649795502725356,-0.072319094114241603,-0.064751026238034443,0.9952774754949586,-6.5005171452103871,16.039556526893673,-3.7291367708749834,,0.8671426133489422,0.7777777777777778,1,3
0.82521219005409108,0.55078841690689917,0.12512777943895029,-0.56409697511319101,0.79244594998813211,0.23200004098179469,0.02862593324729399,-0.26203346379536807,0.96463413779376606,-3.9498596771067578,17.11784834246421,-3.9333611130435964,,0.2457538700687162,0.3846153846153846,0,1
0.99212388920795147,0.12391486943893849,0.018311023860499914,-0.12507545189114713,0.98795888518590091,0.091067955486311969,-0.0068058649056745397,-0.092640953763237999,0.99567631983929539,-13.986196679731641,21.004797935945437,-3.7911320581229986,,0.09611185185782867,0.4210526315789473,0,1
-0.62296238754600253,0.77518437940995644,0.10491444906106517,-0.78113699021551031,-0.62361204698478057,-0.030545333072452354,0.041747649275611892,-0.10098115058888162,0.99401204268645915,-0.26752169476165039,11.495671724281639,-3.6701841760711917,,0.291871349169212,0.2058823529411765,1,4
-0.99143722174886673,0.12885048599574825,0.021208196282309501,-0.1279697512264408,-0.99102417569992518,0.03866297905395525,0.025999578879903569,0.035617908935579305,0.99902722008017597,-21.475857420214989,15.266169030438821,-3.005940510404737,,0.2966436142460149,0.59375,1,2
0.66784988561583047,0.72778339779941648,0.15590976932335182,-0.7425334068389785,0.63707933303949338,0.20681891388859003,0.051192480024160686,-0.25389220015883257,0.96587684550748221,7.0376784634066842,-4.8641301939399932,-2.5537722517815764,,0.1464978271044632,0.1935483870967742,0,5
-0.94912473634529804,-0.31272020837867498,-0.03699062217738263,0.31448499806662583,-0.94734178224109444,-0.060355062847317328,-0.016168514109407426,-0.068917478856001357,0.99749133342582408,15.920483026730722,-1.7375018722910514,-3.9813638744416906,0.6049652164131625,0.2075921583926653,0.2777777777777778,1,4
0.70345972382314459,-0.70393956026794213,-0.098048520888601248,0.70783081470858011,0.68142795633691799,0.18609534672172648,-0.064186873328225119,-0.20031234563118774,0.97762723442019461,-14.644188338458841,-20.47456972405767,0.13505151447524108,,0.09609773435540261,0.125,0,1
-0.9971095538582081,-0.074331331447905769,0.015728660777967311,0.075233953863935027,-0.99485221070573648,0.067889108404140891,0.010601405127910407,0.068876207931995448,0.99756888393244447,-13.10227122702875,27.40442671709582,-4.3890598243969317,,0.213761040209488,0.1666666666666667,0,1
-0.75987531258223751,0.64904277718027703,0.036510035855406943,-0.64705618729345327,-0.7605607526808047,0.05353159783594786,0.062512397276932682,0.017053295040070561,0.99789848447373108,0.84410476973718818,2.042841781963137,-2.8329640698305627,,0.1746504614360533,0.7679083094555874,1,5
0.44272437700874051,-0.89664275811582361,-0.0051855877847417969,0.89361597562612716,0.44073916483871312,0.084849730011590574,-0.073794404313530515,-0.042198967946198165,0.996380265258344,-15.644817478885578,13.958713169066867,-3.0626521770927067,,0.06316215755438134,0.25,0,1
-0.95917093217637994,-0.28282624924108818,-0.00066000614657358062,0.28281085483098989,-0.95913845002516995,0.0084530511106834256,-0.003023782012709459,0.0079212640110625891,0.99996405451336456,0.064595331517303983,13.753036983368808,-3.891456987558914,,0.1602813946582344,0.75,1,3
0.99766852092514513,-0.067640276019705889,0.0090727843031368164,0.064916814109454213,0.98159158815560366,0.17962116052413679,-0.021055393629941816,-0.17861340129491168,0.98369401913244847,-15.697405569423411,-21.66200819407684,0.27965856092474178,,0.216988083617672,0.4347826086956522,0,1
0.46824006147799835,-0.88360046449395735,-0.0012099475789972087,0.88052729728318047,0.4664965227427918,0.083980194141606318,-0.073640502213512773,-0.040388283139388671,0.99646668936738392,-16.850326350195118,-5.6406118990665446,-1.2336799438319297,,0.08561064187725018,0.4358974358974359,0,2
-0.38996784930258538,0.88529650315937525,0.25332820214910762,-0.9149242486820276,-0.40362012053484386,0.0021017785482698183,0.10410905668549672,-0.23095648896106183,0.9673781083541404,4.1636853111669376,-7.5807693140616212,-2.056007738384273,,0.4391765463988711,0.1724137931034483,0,3
0.32297925394629717,0.93887673859952125,0.11914223112322261,-0.94323124948257808,0.30903203310633676,0.12171282805726738,0.077454577139296918,-0.15168939393012953,0.98538881475754636,-5.389881519494498,-20.80196911530798,-0.12444657584498951,,0.181011759495135,0.4,0,5
0.15447882608719332,-0.98752548239606508,-0.030491210358760245,0.98507446192553683,0.1515770058910946,0.0815641817662945,-0.075924941572823867,-0.042636051687633701,0.99620157114092756,-11.96781681597516,-12.054127466966214,-0.79500932819111125,,0.07247508461028626,0.1818181818181818,0,1
-0.53868097849496355,0.84136455642607177,0.043914537429750988,-0.83960730872238154,-0.54041832957835922,0.054841555372687104,0.069873961871849063,-0.0073288638748367401,0.99752890544917827,-3.0441590505038212,-15.331711538347106,-0.78511338505392503,,0.1043496260686382,0.6538461538461539,1,5
0.9847646062162182,-0.17382758783091437,0.0047581564395397669,0.17148635166210988,0.97531002062105066,0.13915026004210451,-0.028828831704329198,-0.13621429214679306,0.99025984725096861,-13.31640812055408,-13.345445023231093,-0.59275254007188549,,0.1313924296675467,0.4634146341463415,1,5
0.5375374806829758,0.83313180229154316,0.1301724120981354,-0.84315359641947407,0.52883158126927576,0.097103921121372297,0.012061082285931946,-0.16195233453916139,0.98672487129463249,5.8189253988394123,-13.212939511721219,-1.5180587415694138,0.1124953130964071,0.2404449089962148,0.5,1,5
0.47024892088692111,0.87299291234398901,0.12941919255600501,-0.88135783551489022,0.45697743593120049,0.1199165911217238,0.045544683347187462,-0.1704552669966739,0.98431228975965646,-2.8351075508562236,-11.648325834036568,-1.224803534867734,,0.09527462277204472,0.3157894736842105,0,3
-0.96714230413179936,-0.24706587271343528,-0.059951798129697531,0.25421519641658508,-0.94278288622786655,-0.21571987239642854,-0.0032245107400121161,-0.22387247257356788,0.9746131122421271,-13.666169622221835,17.034560494639639,-3.4237100987785363,,0.3804778309625626,0.3125,0,1
-0.9386471578754283,0.34049420793112445,0.054819771777501941,-0.34258834458495324,-0.93884790369109405,-0.034609823596479281,0.039682983342012756,-0.05126702741718453,0.99789626351283767,-16.671953781004493,13.589100454095018,-2.9856208291868453,,0.08112734334993256,0.2631578947368421,0,4
0.79774461495852966,-0.59377854329371271,-0.10502652440533923,0.59884340317206353,0.75973732736044175,0.25334911070006833,-0.070640694942575355,-0.2650023300637388,0.96165672528133439,-12.9361283507797,-16.721780437319122,-0.29017257019515846,,0.3882932024660315,0.24,0,5
0.1058707446673853,0.97675348297491427,0.18639747562654341,-0.99191062457966195,0.090533780503163394,0.088977229861299273,0.070033551027766344,-0.19430972205265373,0.97843703611743038,7.4811599538715168,-6.84364930820787,-2.3844442198903013,,0.1770484482595004,0.2333333333333333,0,7
0.4167799565755696,0.90424433978038832,0.092933534162851827,-0.90665652684431219,0.40617583234097732,0.11399620850153101,0.065333070702949317,-0.13177013014050604,0.98912497828903223,-18.411733910687097,-5.3215848258377161,-1.1934290899179054,,0.1003447917980954,0.4210526315789473,0,2
0.31123768584854783,-0.94997905671222105,-0.025901635388520416,0.9462479341129777,0.3072608358207653,0.10102289818475127,-0.088011079385283242,-0.055951502025270446,0.9945468713572797,-5.9516296201592418,17.547667081736449,-3.8896397634769886,,0.1259177085110202,0.45,0,4
-0.79397566122002772,0.60621631935861475,0.045873996267092744,-0.60483266071959152,-0.79528410551672768,0.041238865640520914,0.061482533430873586,0.0049965643948301419,0.9980956529447309,-3.3245753267002978,14.311245692039309,-3.7419722916675524,0.2228055256189171,0.1538941962375369,0.3111111111111111,1,5
0.99835801712563044,0.053552174558661125,0.020333082427902327,-0.055999486594541639,0.98714500283967455,0.14969569422601325,-0.012055170763159559,-0.15058853863657412,0.98852302193179753,4.3978139039260933,-23.388835610864994,-0.19439503402225247,,0.1152158753474657,0.4736842105263158,0,1
0.6961520967564917,-0.71644932499886749,-0.045526068248954124,0.71474012541852661,0.68576019994326154,0.13740269753715587,-0.067222104238485458,-0.1281924837205588,0.98946848146836119,3.8250533755046914,2.0957744941447549,-3.0494280254074391,0.8061492078812449,0.2127354676275294,0.1142857142857143,1,3
0.90244200045810319,0.42706114883354029,0.056720463380986991,-0.43054224558621612,0.88937439868002788,0.15377435982021417,0.015225326753644979,-0.16319299657005909,0.98647667752244861,-11.920096706751353,12.547708152146285,-3.1018106677706609,,0.08146671214919271,0.2307692307692308,0,3
0.96799697512501559,-0.2495025963638523,0.02702425866730335,0.23765015417582816,0.94592658108577043,0.22078339479134398,-0.080648994842005509,-0.20729533907708086,0.97494839967451197,-14.255229242525445,-11.431382519736946,-0.7406554509085761,,0.4153927323052123,0.4303797468354431,0,4
-0.49260453055290548,-0.86883623919270803,-0.049642380525353254,0.86760552384071976,-0.49475249216965367,0.049805888135715591,-0.067833852019640595,-0.01853539741653475,0.997524439581702,-3.5398787012536843,-20.595658251229924,-0.21694419882645721,,0.1597093430287841,0.1764705882352941,0,2
0.12989932103147794,0.9818437093537441,0.13823565675339688,-0.98885084913438048,0.11804689901434116,0.090768539700235767,0.07280222909895262,-0.14848521823932453,0.98623119774353329,4.0780692433667953,-3.2745610813102983,-2.5247065968644806,0.2453365217763287,0.1348500483974913,0.2,1,5
0.96425842600897471,-0.26227186067594704,-0.037671726377638916,0.26491529956833565,0.95700239018121824,0.11817914046926513,0.0050568691216950103,-0.12393504865457564,0.99227744698228115,-16.210816372389708,-13.003016295371214,-0.53891459133494191,,0.1863037390253444,0.4242424242424243,0,3
0.98345649327864026,0.17923113121015374,0.026258854377285167,-0.18113255946309348,0.97466817023025965,0.13119814725195331,-0.0020788772036074844,-0.13378400332298704,0.99100833433652102,-15.252529313750907,-5.8988170228480614,-1.2549088235893451,,0.1066833160190837,0.4615384615384616,1,3
-0.97573299588588314,-0.21210231431128693,-0.054385007155989817,0.21602675532548604,-0.9730239164772525,-0.080974680899726245,-0.035742995441114686,-0.090758284619455065,0.99523131585065749,3.3811531471921605,13.117050664767648,-4.0538207827874366,,0.1721626803646555,0.1481481481481481,0,2
-0.40682004232717661,0.89021360367885949,0.20498095761805166,-0.91132584480912571,-0.4110004076600785,-0.023745936203544236,0.063108301703087039,-0.19646476714247871,0.97847786767397227,15.866148447846683,-10.274390151908374,-2.943295104414378,,0.2396678793867479,0.4166666666666667,0,3
-0.80962226551156724,0.58460587346625348,0.052419079510001708,-0.58379379523835984,-0.81130013839433757,0.031255240880844547,0.060799603856512466,-0.0052969944389861627,0.99813593764617203,17.18675541427848,-7.7313371441110608,-3.4281171040032996,0.4440560124218085,0.2836718447828616,0.6981132075471698,1,5
0.91755787911253184,0.36990036173515095,0.14581241670968095,-0.39733053678911201,0.83949093552416365,0.37065268609257429,0.014696360549099287,-0.39803101834024052,0.91725423162046049,-19.503576666429936,-21.120502131126234,0.30844216101266148,,0.3126493189712394,0.3333333333333333,0,1
-0.6352009141333077,0.77159083931760208,0.034166875264933193,-0.76934074324183144,-0.63600841404447872,0.060067612344204713,0.068078039574574936,0.011869033060269304,0.99760939579672003,0.64253054738879556,-8.1280525355933211,-1.8029413292071381,,0.104795325968051,0.4074074074074074,0,2
-0.44622462922337686,-0.87447577274551325,-0.19019911449740615,0.89154760354295104,-0.45282278312809288,-0.0097158477215502602,-0.077630218931033806,-0.17390701527329339,0.98169745805286324,-16.53898383762996,-8.0458819716451604,-0.98962496178819126,,0.4546915549239068,0.3333333333333333,0,2
-0.96455357790241936,0.26224924032298658,0.029355260272358318,-0.26102090887753293,-0.96450653904730344,0.039940221127815485,0.038787633137226843,0.030862146474420701,0.9987707682099044,-14.069584628734756,-8.0833396549801062,-1.0833930145438937,,0.1232082949178906,0.5617977528089888,0,3
0.014672588737119524,-0.99313154366127476,-0.11607950777258902,0.99478823945590356,0.002783891178617623,0.10192452398775599,-0.10090130712719425,-0.11697002579670064,0.98799642675727506,-11.591120003459126,-15.976866272251202,-0.39963251259885685,,0.3988409511991981,0.2258064516129032,0,3
0.7868845259674796,0.60800693578538834,0.10554766141321777,-0.61667218874008323,0.76838182555553192,0.1711863948754814,0.022981610636583463,-0.19979223256376097,0.97956873642421705,0.52695309858656214,-3.8771718457132134,-2.2190182204684761,,0.1667103632755378,0.2978723404255319,0,2
-0.94830161750807607,0.31634176210143439,0.025532954825632958,-0.31500458150613164,-0.94798643790010495,0.045758356478552281,0.038680174013506874,0.035349725713658728,0.99862617682006261,-2.4768303567234309,7.2115739214093564,-3.1368553250573048,,0.1502902098296562,0.7244897959183674,1,5
-0.77796967815587947,0.60946178763041459,0.15270726665217468,-0.62273258484405647,-0.78024171956451716,-0.0585404716794009,0.083470399804234569,-0.14063850279829618,0.98653611382816375,3.7418603324309556,-6.7485660049763112,-2.1202510570355289,,0.4321679680075485,0.65,0,3
-0.99582093031061547,0.086015973950346061,0.030690828934293677,-0.088441016191598928,-0.99208286356395459,-0.08916153025683643,0.022778529590340529,-0.09150324610699237,0.99554422028435496,-9.8987037603942287,13.743030597097922,-3.3205740627695643,,0.06736743543748225,0.25,0,1
0.94303660633830688,-0.32167396850608043,-0.08489886389981606,0.3302823557707758,0.87457847567730884,0.35500148640317319,-0.039944017980629638,-0.36281999375379653,0.93100275378758079,1.1179528020537517,-5.2981189765793095,-2.1245300241880112,0.6066306438628367,0.2494380710816556,0.3387096774193548,1,1
0.97718953293276634,0.19700008846138659,0.079319492388988264,-0.21236905006820919,0.90657214586659673,0.36472774902927041,-5.7443601045658311e-05,-0.37325314397207415,0.92772953343913389,-14.938997348670185,15.987057144737507,-3.3008122839318363,,0.5097826403764637,0.2222222222222222,0,1
-0.0041292942613500487,0.97331450309895484,0.22943806786612159,-0.99448975576230048,-0.028031632180725994,0.10101659903760721,0.10475244442371449,-0.22775668081204622,0.96806705332468401,-2.270303548614927,-13.912915800745454,-0.99020871639032104,,0.169021572113019,0.3055555555555556,0,2
0.9495604403555592,-0.31358155704180929,-0.0012558642410778226,0.3111958818470833,0.9418279072600384,0.12695399256263323,-0.038627622670487763,-0.12094130886265272,0.99190781153160357,-23.934775509706466,16.509585759542794,-2.9973381406807622,,0.82436329764217,0.6666666666666666,0,1
-0.48400026906379651,0.87144687879977745,0.079524065390924242,-0.87202961782690724,-0.48789032579794372,0.039081653309898691,0.072856606967601129,-0.050431809633440655,0.99606653763604847,-1.4911082246157412,8.1310557988717989,-3.2756604071939597,,0.1035690104661119,0.1481481481481481,0,1
0.46322314542485465,0.87765694160516272,0.12305531437112043,-0.88543707736687616,0.45240423415860448,0.10644994569923395,0.037755788519212255,-0.15826781658833119,0.98667410965609781,9.5174662398948655,12.784339158536431,-4.5201047057015833,,0.1443617335314305,0.1935483870967742,0,3
0.95383630256202223,0.29102655300322483,0.07416099623030957,-0.30024838160755146,0.91840633011856254,0.25764456551652709,0.0068714814164732374,-0.2680174588440371,0.96338954971388802,-20.192821524432059,-13.571693995362777,-0.39355892957785671,,0.331416987873299,0.1481481481481481,0,1
-0.95456839735568721,-0.29774686618150137,0.01208215414943653,0.29793437066417933,-0.95280261951749268,0.058329058088946985,-0.0058553861303054129,0.059278764492012859,0.99822429470213025,-16.083974694274048,11.805820697268336,-2.855346609342889,,0.3795631738289739,0.9305555555555556,1,4
0.77768454588883795,0.6240432354976766,0.07600517952919407,-0.6277269834740713,0.76427478941746341,0.14779337089137626,0.034140610776851217,-0.16264712260130659,0.98609347031876238,-24.600379999809252,-17.432303948890524,0.082009005346308908,,0.1027336118447157,0.3,0,1
-0.96789363819305441,-0.25129847601289895,0.0055660667448317446,0.2513539610500094,-0.96778752730865492,0.01443912221258432,0.0017582405648292354,0.015374587454434555,0.99988025815630655,-1.3140088317064744,14.128654616984905,-3.85917144782879,,0.246495949580054,0.4042553191489361,1,5
-0.67506489936587333,0.73161864883800876,0.094981757809534134,-0.73488373964029852,-0.67819252836332089,0.00088525954088588036,0.065063590866414445,-0.069202941733798831,0.99547861955893091,4.6682005030613141,1.2443721058592556,-3.0116482516690342,,0.1440016761497973,0.6736842105263158,0,5
0.39609504898347958,0.9156081168788105,0.069068722852062114,-0.91648966258184528,0.38963128135664843,0.09074228875773703,0.056173041144228601,-0.099243341812014219,0.99347639556991651,6.3150963780450757,-9.9399321042729234,-1.93271189992237,0.5059944933654068,0.4990666340374073,0.916030534351145,1,6
-0.31029421916733585,-0.9502845195007924,-0.026015947964323344,0.94831847147037673,-0.31133197569069376,0.061355338648054307,-0.066404624985173674,-0.0056331971098344943,0.99777687529372028,-9.2731640583972936,-7.3643710767370001,-1.3488601646109619,,0.09596940272418146,0.5491803278688525,1,5
0.10668084728798709,0.99272282154820957,0.055862298549921835,-0.99202983520228905,0.10248105983516835,0.073310561610050839,0.067052240010588862,-0.063237899652218377,0.99574342335620736,-11.449134005901882,-13.030363856853533,-0.72014319019905593,,0.1051696833941766,0.5151515151515151,0,4
-0.91264549450231103,0.39959717257067418,0.086025002401358422,-0.40731769375706645,-0.90668950150219063,-0.10957392125013934,0.034212537424975049,-0.13504165112745822,0.99024908722185268,6.7724254186607773,-12.342275889644339,-1.6768358146508224,0.9101503980146872,0.2813937240260806,0.3636363636363636,1,5
0.71865431875707841,0.68772754705284456,0.10279489849442301,-0.69405523906645794,0.70033958946826591,0.16676865577147232,0.042700061547998498,-0.19119435255283995,0.98062297765027839,-1.34850525757669,-23.631560491491658,0.049752911921707339,,0.220452200679395,0.1818181818181818,0,4
-0.43058998652128133,0.89071443056461985,0.14567109078862822,-0.89831100427436361,-0.4385699375573448,0.026339124331140388,0.087347599321261377,-0.11951658066934645,0.98898239814362721,19.611971500685087,-6.6648139370459898,-3.7815473380999469,,0.4330829748424795,0.2380952380952381,0,5
-0.95602334481383999,0.28805214652761674,0.055184463862489389,-0.29222681203540035,-0.95155316814525681,-0.095655938238830451,0.024957053082940987,-0.10757568997481082,0.99388360305815393,-20.227266648824116,15.930095455157277,-3.0933928848737282,,0.4265426633957186,0.28125,0,2
-0.83187904031478377,0.55191572952994472,0.05801973614541675,-0.55225660553697054,-0.83359565889335019,0.011441989116587481,0.054680013951512063,-0.022523431612219567,0.99824986406343774,-9.6848520490584065,19.574905288937831,-3.8692031343962947,,0.1242180032700567,0.4166666666666667,0,1
-0.31879613256509604,0.92086935707187223,0.22442961718003138,-0.9466359120840202,-0.32119084615509058,-0.026774807170788013,0.047428639179230375,-0.22098884033410979,0.97412240331151001,-3.2432474854558442,-18.180746710843955,-0.48760980761127243,,0.5214220005867161,0.3333333333333333,0,4
-0.61548821859938707,0.78545013248104689,0.065133264549375666,-0.78516192826083342,-0.61824508713084392,0.035968856644388064,0.068520064032971451,-0.029001752086399667,0.99722810790753169,7.2932910236860415,2.2752813341805473,-3.325911525242534,,0.07434974867180277,0.2962962962962963,0,1
-0.88631077566255601,0.45914419228252878,0.06033091775915387,-0.46066019971036237,-0.88747528385051966,-0.01340898792777794,0.047385539431841685,-0.039676583114760001,0.99808836252362398,1.1949358000478234,12.043643910026736,-3.7958783255611626,,0.08685376677301859,0.4102564102564102,0,4
