axis_00,axis_01,axis_02,axis_10,axis_11,axis_12,axis_20,axis_21,axis_22,location_x,location_y,location_z,dbh,dbh_approximation,score,reconstructed,number_clusters
-0.87939746838854627,0.46542832974457737,0.10018264551800651,-0.47604087136275175,-0.86259233603769281,-0.17122952607896111,0.0067217099019269378,-0.1982698456150267,0.98012442421142931,-3.015211288117186,19.696244962654404,-1.5247723070317569,,0.298707599160068,0.25,0,3
-0.8579213546163178,-0.51334912986676551,0.021062292333393955,0.51284024239407799,-0.8581102374773848,-0.025331918950006849,0.031077887226868228,-0.010931203114987959,0.99945718954038898,-4.236053236190366,17.75679727069415,-1.3780145820756049,0.3104849876498171,0.286274059859612,0.6428571428571429,1,5
0.77193902378608714,0.62035890607979971,0.13879831124209349,-0.63481572752290272,0.76376050084076397,0.11695678451903938,-0.033453484807271408,-0.1783948569968869,0.98339012571375273,-18.904115860980191,18.882055481681174,-0.45830693753861068,,0.1512978187438294,0.3846153846153846,0,1
-0.024481571353242769,-0.99933257548270193,-0.027111920684181372,0.9990647256387859,-0.023490115413946595,-0.036302733535323511,0.035641642054951926,-0.02797531156124498,0.99897300028312952,-6.5161181123480958,14.603535777826893,-1.14785688803854,0.1825836070633668,0.1375341944733167,0.6268656716417911,1,5
0.89578746640236784,0.43411787291771659,0.095427917559922831,-0.44303743538063523,0.88935311377761461,0.11299942418176212,-0.035814045956517528,-0.14350160775217011,0.98900184159826821,-25.215121418603697,14.959395781673912,0.1637597237774677,,0.661488701975871,0.7166666666666667,0,1
0.68705205472599318,0.72204699783385118,0.081287188510310235,-0.72592968378359313,0.68693514909774178,0.033855503775797463,-0.031393762097599073,-0.08226927648389222,0.99611555446553179,-5.1453505754920847,-8.5319277816466137,-0.43207786417793165,,0.07044791678260023,0.3508771929824561,0,5
0.23377979379827094,0.97013360369533641,0.064713205705923579,-0.9721331567048993,0.23441768907731372,-0.0023393765449007341,-0.017439427932272343,-0.062362953977109614,0.99790116160100906,-7.0872035890767071,6.3441493868746592,-0.91133829606106387,,0.07182785958383572,0.3283582089552239,0,5
0.98333416072573798,-0.17785082599243413,0.037722831861054677,0.17191443488551439,0.9771023618143313,0.12536507334520924,-0.059155349950808969,-0.11679065986055749,0.9913932551422433,15.424603858994663,3.5170664063093589,-1.3897011048226688,,0.173291102356104,0.1666666666666667,0,2
-0.82224757727892261,-0.56425373939032208,-0.074341369660364948,0.568240080869855,-0.8066262855592774,-0.16265683489439475,0.031814024454027146,-0.17598793432755555,0.98387809957288785,11.918553201198822,5.7815951525380331,-1.4329897911475198,,0.2694077282558346,0.3,0,3
-0.8695733842119916,-0.49321049077429679,0.024197959837167073,0.49245102173961991,-0.86977413361862688,-0.031383876044415983,0.036525616458976423,-0.015374273255805256,0.99921444698530426,-2.3560826741765113,-7.1999841600588619,-0.74167427789731577,,0.06982556253269415,0.1525423728813559,0,5
-0.95559726411329593,0.28899290131761546,0.057593157642291622,-0.29252128549121353,-0.95390729590614187,-0.067023640244314217,0.035569177018182102,-0.080894831757401753,0.99608777717688612,-14.798301160055139,10.234753124205344,-0.46899048856474923,0.1271461258159225,0.1132422466475705,0.2380952380952381,1,5
0.73225011057713141,-0.68059367863163778,-0.02453609925055918,0.68086689733002415,0.73079086911756996,0.048630995615680489,-0.01516719090552395,-0.052315869686367797,0.99851540103244962,-6.4574289348882292,-5.1219875830592798,-0.68172397257855166,,0.08084300998220073,0.2229299363057325,0,5
0.44782449542234021,0.86502851438589912,0.22622751954404358,-0.89365733620926013,0.44117972117675525,0.082079346133906356,-0.028806019146971115,-0.23892702425997053,0.97061016393770549,-6.7860240558583556,19.56002231076414,-1.2927293870983618,,0.3812738435734777,0.3076923076923077,0,2
0.26105423567007291,0.90722655362604743,0.32983430148260529,-0.96512654938601417,0.25220543484912067,0.070165249966140569,-0.01953022552248462,-0.33664877695956363,0.94142773023884863,6.9431688972335888,-3.3849865529739449,-1.3152215061947199,0.704462657318862,0.4704798633499899,0.4352941176470588,1,2
-0.58720430221903253,-0.80724680833136597,-0.059528966850452628,0.80897401854188666,-0.58278613813685176,-0.076950338009171976,0.027425258059871921,-0.093342957068851956,0.99525622207851205,-2.5350405347533629,7.3698720516507557,-1.1735297706876464,,0.1112223365648096,0.1379310344827586,1,3
0.81985322240868364,0.5686684950731612,0.066759541769875252,-0.57152962807797958,0.81981468835731597,0.035464926091042841,-0.034562666782873279,-0.067231090016620407,0.9971386075165446,9.4288678432082911,4.4641050762778098,-1.3890937177380778,,0.09552362101520279,0.4857142857142857,0,5
-0.75449962363513623,-0.64189203583198517,-0.13676597628762338,0.65511985161403619,-0.74910178699739649,-0.098308151943315172,-0.039348417447727491,-0.16377156973289378,0.98571323162042568,-11.589876283362436,-19.392749716336894,0.065218176800887484,,0.1453749682846449,0.1111111111111111,0,2
0.92444562968031241,0.37316534064763879,0.078408585654264243,-0.38088213784710712,0.91344861716935177,0.1433192968878087,-0.018140419895573124,-0.16235532738635411,0.98656559479604888,-2.0816907744232944,10.372116380437138,-1.3031770396762272,0.4007535892213491,0.1488190087526216,0.2692307692307692,1,5
0.90527101732141579,0.41071415820901502,0.10861982067978643,-0.41937088247403703,0.9047996422684188,0.073930171674958023,-0.067915006668602187,-0.11247883177558991,0.99133045160108035,-1.3877688208664198,-17.305733092830494,-0.29792298673266343,,0.2000267039647213,0.375,0,3
0.39585633634013412,-0.91610781313786205,-0.063594305461492487,0.91830466301276292,0.3946173944714505,0.031522339214884114,-0.0037824421187016457,-0.070877264960821584,0.99747787265848198,3.5931178510233415,14.269570723645574,-1.6413391224328306,0.3632558358791045,0.3112504407178147,0.6901408450704225,1,5
0.82959514267803536,-0.55090328755375872,-0.090980585882206769,0.55788095695488871,0.811012308522571,0.17614730566201212,-0.023253754795874822,-0.19688728548931056,0.9801503250525111,-6.6832515265503574,9.6409148925259629,-1.0623121677151224,,0.3100110056464062,0.3181818181818182,0,1
0.23992985681756826,0.9680690208731515,0.07263631759112911,-0.97055762685065994,0.2408377816224504,-0.0038801939632474168,-0.021249865164670138,-0.069566757642390745,0.99735094598722296,-17.260863642823132,3.4962117856143164,-0.21404525494374457,,0.07550665888534738,0.2580645161290323,0,5
0.15834479318922129,-0.97842357009097958,-0.13271866470201102,0.98736257447682807,0.15778746225812162,0.014773736041768591,0.0064863697360478473,-0.13338078663947062,0.99104363817295316,34.794582339988018,-0.27139912500448898,-1.4946689714688326,1.450712553152554,0.7069813123064983,0.8666666666666667,1,3
-0.87975542454754363,-0.46624773785351892,-0.092970102321372913,0.47486558921299332,-0.85225593113483189,-0.21945956353482607,0.02308820392683102,-0.23721904390663065,0.97118178527372323,-16.425863016464959,8.6518305717824653,-0.33380707709509816,,0.1263688356654727,0.1219512195121951,0,4
0.83300153201191873,0.54993164177185283,0.060692973595893145,-0.55224578815302983,0.83311451149958193,0.03073760231463429,-0.033660616943782404,-0.059121908857278492,0.99768309736109917,-4.4111219112980757,8.6473275084215508,-1.1449570201649091,0.4362915576377487,0.4284918979814913,0.7531806615776081,1,4
0.6140541190530262,0.73187672239056134,0.29545558396629107,-0.78871180371922744,0.58300761133610501,0.19502773084393146,-0.029516597838776207,-0.35278688800325197,0.93523803499697666,-3.8768519726103263,4.5510711540548705,-1.0808825187458029,,0.2966692786876255,0.4,0,1
-0.45078166619466581,-0.89234784818801405,0.022609892900719686,0.89228024253002869,-0.45117160623566899,-0.016737697490391376,0.025136790036006818,0.012629313558051226,0.99960424280098892,0.20993031170616505,-8.4667278736802931,-0.6328275752222885,,0.08923580897842701,0.3529411764705883,0,5
-0.99257543148590399,0.114226898501483,0.041787898598809506,-0.11825232173855292,-0.98667663886284185,-0.11173897585787933,0.028467546680636984,-0.11585087820581189,0.99285858650914061,9.2283974614065194,-8.9672687789659999,-1.0185351586845099,0.8251908833046641,0.4446310523842552,0.9125,1,6
0.83232343967093869,-0.55428855135716171,-0.001376084559888984,0.5537260995367278,0.83136175239889665,0.047170365061945267,-0.025001969246015762,-0.040022974434872197,0.99888591092837364,-9.6980285269426272,12.508782347482915,-0.86740630548317144,,0.09290539067104901,0.3050847457627119,0,5
-0.91701739884340483,0.38642198202684819,0.098778246719193455,-0.3982641659867554,-0.90053710974819901,-0.17440919716928405,0.021557929152630911,-0.19927610436979692,0.97970622633412285,10.052995550046575,10.500641794039085,-1.5160711210914983,0.7998389988342863,0.591267334286217,0.2608695652173913,1,4
0.40758509275852567,0.91034887059368264,0.071689092404848498,-0.91288043766939464,0.40816692877072491,0.0070046255009947019,-0.022884463759485461,-0.068298550985221404,0.99740243094337844,-13.603146644584985,12.41502397907772,-0.59670376964325422,0.1818801114235793,0.1754607906127306,0.5565217391304348,1,2
-0.96830800069955325,0.23725999419118693,0.078021221072426733,-0.24685432472755786,-0.9566558392365222,-0.15450743547793305,0.037981023479310996,-0.16887066178310592,0.98490615869959952,5.1182486366416153,3.5229495453697446,-1.339601403009363,0.693784922012137,0.7817802078852871,0.806930693069307,1,2
-0.68920190779356605,-0.72382048785433784,-0.032933746461918691,0.7237918162137128,-0.68564567876319804,-0.077559074101027761,0.033557965906239315,-0.077291038003524964,0.99644365539079716,10.543771082309641,-11.666139787649891,-0.78179227074930546,0.2434303967697636,0.2582788818905805,0.8913043478260869,1,5
0.24499364738075755,-0.96910895456399004,-0.028389204408746899,0.96951823487865185,0.24499376728945596,0.0035279210736120273,0.0035362382350169214,-0.028388169599473212,0.99959071966777258,-8.7388909859978341,-8.8164996419714647,-0.28225099677854149,,0.1382181244553952,0.3737373737373738,0,5
0.67717886208589473,0.72895716387766085,0.1002508951356036,-0.73472285015486694,0.67729758289982556,0.038083036359549086,-0.040138786782381468,-0.099445650631342572,0.99423309156663431,19.320654271703116,15.44795365232676,-1.7148836491599739,0.7378330563933719,0.5160538716105931,0.4,1,5
0.99175728797528928,0.12271753915848516,0.036849522802650109,-0.1244544769142982,0.99100157886728091,0.049264123442351156,-0.03047236328028697,-0.053444141544611419,0.99810578538082406,-27.990041248517993,8.2199939563112885,0.46195384257538985,0.3547482462096989,0.2385685071161993,0.7553191489361702,1,5
-0.059868672687964621,-0.98891606911886409,-0.13587034359666322,0.99813034352857766,-0.05762826155020967,-0.02036665898531621,0.012310944647137936,-0.13683563757002265,0.99051726331886858,-19.25389496850288,12.569027479056208,-0.25251469951255451,,0.4419320006459878,0.6,0,1
0.28292699707973168,-0.95796039659580157,-0.047583535781409891,0.95913982143414656,0.28266945546730621,0.012197618008875363,0.0017655771632338751,-0.049090299447363574,0.99879278393340887,19.888483326542651,-3.4213508675057862,-1.2579009547623576,,0.1129490167959826,0.2592592592592592,1,5
0.93034624085844297,-0.36565828686787893,0.027384107898769175,0.36565673336221532,0.93073500754592442,0.005243956079232003,-0.027404843868141723,0.0051344886147620915,0.99961123020863829,-14.405328175206543,6.6491604203233612,-0.44054956374931198,,0.06781311876812389,0.2619047619047619,0,5
-0.38324910931132083,-0.91887090260755022,-0.093789042820919211,0.92336266547913703,-0.37864105737387321,-0.063500690311660848,0.022836554279082013,-0.11093788357445897,0.9935649338501622,-14.602454554087165,-8.1152307424375962,-0.089549831978684255,,0.08749784378465547,0.4,0,1
-0.060257344088008459,0.98258156798000096,0.17579111112176046,-0.99815132428855369,-0.057913433315059028,-0.018438222871779875,-0.0079363911487879985,-0.17657716870429765,0.98425480297934442,-9.6549285402223806,3.0677941705780429,-0.72617001428923567,,0.08047429776385553,0.3313609467455622,0,5
-0.67975147209191811,-0.72929532453744605,-0.07788623624678391,0.73336875984654926,-0.67734593457450032,-0.0580753561894315,-0.010401839741268955,-0.096596141347447914,0.99526930386040691,2.0530077694673041,-6.9550382634317085,-0.90390053725930641,,0.07748892508549778,0.3793103448275862,0,6
-0.83017473015997967,0.52930117071734051,0.17507195115453816,-0.55747165836682899,-0.79147951052360599,-0.25057041832397037,0.0059386464401952142,-0.30561488036181234,0.95213669049138761,-4.4837382592786508,-12.038404951989964,-0.33450938605279257,,0.5656867168577649,0.2666666666666667,0,3
0.97287227648412467,0.21904989028618832,0.074408865158703957,-0.22719352734777737,0.96529829931053601,0.12877225819042709,-0.04361920196280613,-0.14218417251507331,0.98887867117575767,-4.2986872186198193,10.000487477748024,-1.1681434491741687,,0.106531425274892,0.44,0,4
0.96448868497609508,0.26085168222886357,0.041448479241759068,-0.26155349389582988,0.96510897646571525,0.012427122602718183,-0.036760663540891171,-0.022826813699483237,0.99906335644560718,-13.536240710879255,12.401349302712445,-0.59908951665911214,,0.1254371627586504,0.5,1,4
-0.94464014704607346,0.32092833980618063,0.068264143574946465,-0.32695390903085314,-0.93815485133255416,-0.11387105115277064,0.027497890068454683,-0.12988639509371644,0.99114751193318418,5.2651730035139659,-12.704652200821155,-0.54212461939894452,,0.1125013352002953,0.4,0,3
-0.64471723667930414,-0.76350362420056572,-0.037441962571446677,0.76321705686889418,-0.6401809818284756,-0.087567314732784576,0.042888329799418888,-0.085032501655122675,0.99545470255018953,6.3077513953723594,7.6901844021392032,-1.4032465873392408,0.2454129809958484,0.118687753005504,0.25,1,3
0.77033333275953841,-0.63763992072785758,0.0013740210170558654,0.63738811589859279,0.77008628189515571,0.026523728021105183,-0.017970702569055107,-0.019556327136439188,0.99964723973915337,5.723357983711538,1.4030486358224381,-1.3275462566043164,0.6820192603376103,0.5207326711112946,0.994661921708185,1,5
0.59318453524224157,0.78496451305585313,0.17878148783482206,-0.80454583579529393,0.58598462934462825,0.096581635295174981,-0.028950047562954311,-0.20112863400029724,0.97913695024305814,7.6051796416196638,3.994219454340322,-1.3810257913512858,,0.7461146369642133,0.7941176470588235,0,1
0.046499031941238105,0.97605677939862368,0.21248765474378617,-0.99891463380744017,0.044855610347979795,0.012551039226204673,0.0027192634802917573,-0.21284063900086592,0.97708314282656017,-26.8961132532047,3.9939643338395818,0.39913528494947575,,0.5789230781956483,0.1923076923076923,0,3
0.87342916778494084,-0.48695016028536636,0.0010150175181839792,0.48639554051316058,0.87253012239524363,0.045940871583507105,-0.023256548140612593,-0.039632397240110022,0.99894364508594091,8.5273706787954264,-5.5835996299733086,-1.183818933632905,,0.1127786708838667,0.1428571428571428,1,3
-0.99905187638270221,-0.026540657008852633,0.034510024945514875,0.025517538559607086,-0.99923139433342656,-0.029756945480595428,0.035273269228419772,-0.02884812132556646,0.99896125168793448,-13.006708777703441,7.2489951548472344,-0.56449637280263287,,0.1051159665872013,0.477124183006536,0,5
0.77414713838438332,0.62489631154120151,0.10099904927013682,-0.6320612726382715,0.77180187963306801,0.069429145362384009,-0.034565239217432792,-0.11758596181970118,0.99246097445732184,-15.194827541183985,5.8196363409090797,-0.37037859214629543,,0.08340313975231711,0.3442622950819672,0,4
-0.86582245202349561,0.49826911394716356,0.045600127832408702,-0.5002393013254971,-0.86395487064437382,-0.057815420946691468,0.010588813975225323,-0.072868865616072406,0.99728531797195641,-2.7290722315060054,-10.324620951129759,-0.41449386253478465,,0.1043867626307083,0.4794520547945205,0,5
-0.55715776951961049,-0.82630504886957212,-0.08243291864653074,0.83040663130831438,-0.55443158267089765,-0.055049494241274838,-0.00021573852009554808,-0.099124095706829354,0.99507505601697888,0.23038797145161127,4.1276725428815197,-1.2798548418458522,,0.1580749931621578,0.212962962962963,0,4
0.90624157317148424,-0.42256724944999835,-0.012772264792727767,0.42213648407867588,0.90285089636828797,0.081615242060975701,-0.022956477634134942,-0.07935476431343412,0.99658206963370155,-5.2003058008337462,9.2501016471640014,-1.1335133112825899,0.5138069893744723,0.3589620404529545,0.8741721854304636,1,5
0.60508234603139488,-0.79460566781671482,-0.049771349134771367,0.79603260684782795,0.60266912905949999,0.055874947102565985,-0.014402894021489112,-0.073428560875286181,0.99719647166021885,-21.483928691138008,10.840104393296016,0.01342023412028821,,0.08548654715085495,0.2647058823529412,0,3
0.35375086064042166,-0.93205595972076372,-0.078307193444578968,0.93529407692855782,0.35166497871234326,0.039455448414683889,-0.0092367883226500726,-0.087197653043261741,0.99614820736938003,7.5101345384310214,1.6753910913009087,-1.3641272414614314,,0.2672746230543325,0.1470588235294118,0,3
0.012289023216467944,-0.99568090825264388,-0.092024501354667526,0.99966836390757952,0.014316615737599007,-0.021405530037006942,0.022630557013215261,-0.091730929653045773,0.99552664175011385,6.2939227420698964,10.103789632087508,-1.5087617983025383,0.2745410241081586,0.1637949702782626,0.2173913043478261,1,5
0.62026271999347316,-0.7843531379386034,-0.0080195506211787719,0.78405770262364993,0.61966487149411431,0.035622548936141273,-0.022971224234320568,-0.028383129532347073,0.99933313805513702,-16.192860455436328,11.566379370315381,-0.40096581301411588,0.3192206523133906,0.318878338992344,0.8466257668711656,1,5
0.21707641342721565,0.97480503710088406,0.051312477783874946,-0.9759708011644489,0.21775554070092179,-0.0079699290130326277,-0.018942703291772403,-0.048349396447042781,0.99865084481775035,-3.1386290371142787,-8.4193572379363761,-0.51689351685622198,,0.07784399425312009,0.3157894736842105,0,5
0.93975555819543366,0.33296785233722787,0.077407364964344777,-0.33950863004498683,0.93552506044429129,0.097605078790407168,-0.039917176325054184,-0.11800538373582535,0.99221033477967535,0.40783766171482577,11.614850088278676,-1.479975652615142,0.3940801055003397,0.172390165937009,0.25,1,5
0.40639660449809728,-0.90428717921450708,-0.13079180922629421,0.91362245650008334,0.40035292888105195,0.07079222637491113,-0.011653618801484524,-0.14826405445904173,0.98887914495361684,-9.8561488848865348,14.726379597006968,-0.94558484704638224,0.3193476747405778,0.2129155785796638,0.2666666666666667,1,5
0.8698177819647045,-0.49335902792832914,0.0037276989705356156,0.49280879969161695,0.86915936803907867,0.041248998732282834,-0.023590530399046607,-0.034042069730297858,0.9991419440519792,9.8008770473897062,9.2068446588281994,-1.4626581459711896,0.6074711592223362,0.4722287225447301,0.5238095238095238,1,5
-0.32102122103967906,-0.94204514913312198,-0.097449025838892089,0.94706971333705992,-0.31909036515686134,-0.035217849788443265,0.0020817593169894294,-0.10359669810769324,0.99461720798472575,-2.1668905418324331,12.814579165003879,-1.3677470006792478,,0.5046332546442009,0.1481481481481481,0,5
0.92242197077133958,0.3676147560535814,0.11830933593754851,-0.38566850470270969,0.89271478478520028,0.23306676619863556,-0.019937710969260069,-0.26061409048165335,0.96523716439211293,-1.6252986516061068,5.2284316230186558,-1.1964112312385813,0.7500132678408862,0.4597359992378985,0.2268041237113402,1,4
0.99680290423861251,-0.07461121473313001,0.028585603675885599,0.072740628291645765,0.99544200151511042,0.061676759118229077,-0.033057088456254984,-0.059400237841596169,0.99768674474864982,-4.5718747604446781,-4.861356596080352,-0.80728415488014138,0.2023379948339868,0.1853492822135526,0.7123015873015873,1,5
0.17963325865598159,-0.98111372846132394,-0.071747781912414502,0.98345758326878674,0.18083233403737017,-0.010528479363743872,0.02330395450881699,-0.068669635147677627,0.99736723773790303,-10.103394053356615,-9.3016498470953923,-0.19676764357225776,,0.1380618461249438,0.3125,0,4
0.210727782531235,0.96119870510099104,0.1780192432902897,-0.97749456754884045,0.20534762806876056,0.048339653071160241,0.0099081825767737899,-0.18419935113542821,0.98283896288217698,-7.4692608049450264,-16.80136087542293,-0.13972009679834918,,0.3147661629602199,0.375,0,5
-0.93028073983729742,-0.36384246487803223,-0.046865828054663501,0.36342745114988645,-0.89664806792874852,-0.25286899776433625,0.049982325260718719,-0.25227148675805777,0.96636476763715429,-15.568692451725797,-11.790292170345483,0.1777217999598216,,0.4374846831350386,0.1666666666666667,0,2
0.57550178676998154,0.78812795576054118,0.21829342356852965,-0.81730045724930223,0.56361471438488175,0.11982660935255511,-0.028594684901928666,-0.24737174268205894,0.96849861379240032,1.6713951769827478,5.3265456533504336,-1.3258839172674135,,0.09225799065308436,0.3584905660377358,0,5
0.72505473874249859,0.68611432743339318,0.059521051046406113,-0.68795173899607454,0.7255701982422792,0.016440566746182363,-0.031906592411648997,-0.052867921401181107,0.99809165523382404,6.6072361682399183,3.1824024394650521,-1.3541531936150428,,0.1029353224710716,0.4210526315789473,0,4
-0.46728628225507646,-0.88400749677309221,-0.013201366035332266,0.88373433309419824,-0.46660477593798383,-0.035966812235929013,0.025635111210599922,-0.028473298383460442,0.99926578664156473,-28.039623019431112,2.5843922895339526,0.4940322034299382,,0.1113011569096144,0.25,0,2
-0.78852962407049187,0.60677953814323471,0.10019792439932106,-0.61435699157972179,-0.78461403038892952,-0.083344527198571952,0.028044943579240821,-0.12727692409672209,0.99147065802882672,4.7536922331300948,11.773792457252398,-1.6327307707616066,,0.1228085526898612,0.2105263157894737,0,3
0.95823893172913077,0.25703694157357365,0.12534017865440183,-0.27722876976238287,0.94250152489786454,0.18664159445642178,-0.070159524903250614,-0.2135951456183004,0.97439968946713396,-18.167906951540317,11.113224937636383,-0.25695487496365188,,0.2520289029913315,0.2142857142857143,0,4
-0.85086170087071078,0.49247445084138386,0.18303901567665387,-0.52354145113053541,-0.82394706288084985,-0.21683077853052493,0.044030840777050759,-0.28032151690246304,0.95889578798843811,-13.927345467820835,15.833682858520632,-0.70832203578169872,0.71668378478149,0.3636906678764185,0.1025641025641026,1,6
-0.77031043231366036,-0.61762511307112555,-0.15862237412364488,0.63761460566161021,-0.74278241559963487,-0.20425938833493376,0.008333817596492394,-0.25848308025836292,0.96597983659309272,-18.886282964890579,3.2135301709635744,-0.092447548279866773,,0.3845304946816655,0.1623931623931624,0,5
0.59681878187194792,-0.79677912068718182,-0.094606418608069662,0.80197362838371966,0.59609233091645508,0.038887432412521621,0.025409466384310998,-0.099080602842071527,0.99475494125865782,-12.000554866097342,-9.1799733859982613,-0.16305045251786915,,0.2248121474751447,0.2941176470588235,0,3
0.024927700398221612,0.98606405614825365,0.16448795373919833,-0.9996275608983346,0.026414416072061839,-0.0068569757194167748,-0.011106270539707442,-0.16425576335710151,0.98635525798703649,4.7366710904412335,-4.1836097482613468,-1.2694539549477124,,0.1871241797223166,0.2352941176470588,0,1
-0.080728061897317127,-0.98752533161699896,-0.13519134379478556,0.99665106839201834,-0.078202926644850942,-0.023894562921908013,0.013024127431498021,-0.1366675589849948,0.99053134752300076,-32.759271995467813,7.2433564160715083,0.68896363728328436,,0.2364657707016413,0.4545454545454545,0,1
0.67551341010679733,0.72738241543845994,0.12081578736570857,-0.73692377143651289,0.67155608057341687,0.077173737350572535,-0.024999757152233893,-0.1411639201629814,0.98967053092761503,-13.539696154176378,10.582210637534077,-0.55826878666103208,0.3322606558266669,0.2180615738440574,0.2631578947368421,1,5
0.98818969260636413,-0.1508805060240242,0.026761994104945279,0.14865360007971404,0.98629692299299798,0.071557577361758828,-0.037191915921059721,-0.066734193607760423,0.99707738355337394,-20.110631562972234,8.3148525157031141,-0.044095380341483296,,0.09079953232577151,0.3125,0,4
-0.39297856406346954,-0.91932914572497371,-0.020044201336160247,0.9191431882576534,-0.39206595540706551,-0.038211072875567881,0.027269904036697285,-0.03343962367216189,0.99906863823387759,-8.3265721218402167,15.867297171725752,-1.0718778390501771,,0.1084344422160552,0.2068965517241379,0,2
-0.33849533145665056,-0.93470697966424476,-0.10836868896963812,0.9409592963490605,-0.33673724626209273,-0.034693365274996751,-0.0040636432340885728,-0.11371406749724751,0.99350520766470962,6.1184454752560784,-8.8774064349267281,-0.91426498691843894,0.6233923794995839,0.2448733635791222,0.6666666666666666,1,5
-0.86322804897393701,-0.50479949629328635,0.0038475975226104201,0.50168794080840795,-0.85870424501686859,-0.10457642964564429,0.056094077335053463,-0.088343014053491709,0.99450940988804859,4.4673895307318121,-9.6488485090198957,-0.79102138273680778,,0.1906275587143205,0.3866666666666667,0,5
0.29894897610151461,0.92483058643531901,0.23519756818802365,-0.95368285212720838,0.29818664991218696,0.039670384075022366,-0.033444390357262654,-0.23616330834371976,0.97113766508450283,-9.8285791711373118,16.987954148829299,-1.0105366157967095,,0.5217769657396538,0.3786407766990291,0,3
-0.57376845013353717,0.79446110128189928,0.19905105923182453,-0.81892784415190079,-0.5601014903918009,-0.12507400422791323,0.01212236379916665,-0.23477197237071559,0.97197488099491813,-12.491249433649878,14.961762361275616,-0.79795150007394211,,0.230362349093527,0.2564102564102564,0,4
-0.82014109293839665,-0.57048761806167214,-0.043731742614877937,0.57081776745553203,-0.81058684453283059,-0.13082829903118384,0.039187549437244396,-0.13226051984107101,0.99044004909962891,-22.476479201360732,9.1806458385603946,0.13086366982561523,,0.1589554462560559,0.5,0,3
-0.70685045592985196,-0.70728699364885783,0.010370225017802704,0.70640833293667116,-0.70658202099375755,-0.041582625770976329,0.036738264920818435,-0.02206708461797088,0.99908124978255408,-20.089307359662037,12.493534644244418,-0.19460254427828985,0.2712336536783406,0.1407286881179313,0.26,1,3
0.58765888344052641,0.79020571339154189,0.17387342303181086,-0.80898177082971878,0.57764706384593945,0.10896037855742946,-0.014336358625782511,-0.20469196406681511,0.97872144590165366,8.2682757389697326,-11.18702000262204,-0.79867998599346712,,0.2901471145628497,0.4166666666666667,0,5
-0.34783819222533557,-0.93544236535447556,-0.062898117057935771,0.93500596319241636,-0.34116785098973884,-0.096790217716796023,0.069082854776217395,-0.092477448878451593,0.99331539836292737,23.283414248883073,-3.0820765913208241,-1.2646629160661096,,0.1915611771033726,0.1304347826086956,0,3
-0.019402345576149269,-0.99176997835806835,-0.12655377913669683,0.9997877387863352,-0.020123185782708365,0.0044198152066135428,-0.0069301052408813797,-0.126441161895922,0.99194990106343528,1.8499053867014894,16.336027720549072,-1.6388280358260425,0.6750496220124083,0.4571562937821005,0.7692307692307693,1,5
0.2506103630055575,0.9654687930107736,0.071164989120661395,-0.96789816021794417,0.25133916618834423,-0.0013322861808346463,-0.019172829758344969,-0.068546577318411891,0.99746366817894139,3.6080787504401597,-11.834396914063229,-0.58839115095366123,0.4825160418923825,0.1966068027591223,0.5,1,5
0.99388052617592326,0.10077252956745116,0.045237119413674615,-0.10539997016404187,0.98770978629449646,0.1154132763051947,-0.033050657749717535,-0.11947499881840255,0.99228694372124715,-13.225215837131801,9.4224110079609069,-0.57570441116130167,0.1687720734466562,0.1586154354578344,0.3737373737373738,1,5
-0.81552688457956701,0.57598663408526685,0.056172038267005668,-0.57846496502073219,-0.81419632659955066,-0.049624852597871243,0.017151815399780026,-0.072963957588128847,0.99718708180640259,-6.3197910398726638,-7.8860318140214982,-0.48446914765374005,0.1547203524030627,0.1490755359217716,0.5772357723577236,1,3
0.37285220842842792,-0.90978533957353458,-0.18240577448949516,0.92788790127148391,0.36508933049916026,0.07572201416811207,-0.0022963762855772269,-0.19748523148008659,0.98030317249471965,-16.54646132192136,16.599789296377033,-0.53872728304479023,,0.5494670106763639,0.2452830188679245,0,2
-0.90755879608129575,-0.41739967170204822,-0.04598418987535257,0.4199244111278142,-0.90228771137873431,-0.09767484237962934,-0.00072152229943045758,-0.10795554621208367,0.99415546040225677,-5.4109930094033762,11.801809097414745,-1.1105963816823681,,0.1110481788534235,0.3513513513513514,0,3
-0.56768431375012229,0.82088709524725345,0.062280789803750389,-0.82316750041028264,-0.56705016690805432,-0.029144029883232954,0.011392374218735858,-0.067812130670507606,0.99763306317683043,6.6451298223088946,8.7985327580481947,-1.4383245500516371,,0.5002762992203336,0.75,1,1
0.025348947715476099,-0.99854914627728353,-0.047508244743691509,0.99967490387720925,0.025450552542437683,-0.0015349050059139092,0.0027417891623203764,-0.047453891770781596,0.99886966654714071,-3.7292052074625293,-14.407837417359259,-0.30463263407348123,0.2245741974389102,0.1131671060830403,0.1935483870967742,1,5
-0.84761310067115658,0.50921276360766421,0.14917906337577408,-0.52951778875769484,-0.82981228299105247,-0.17613201408698809,0.034101949501298752,-0.22828477035541175,0.97299697875378233,-10.626989482568684,9.7159108326213328,-0.76917230393689395,,0.4896847488313799,0.4516129032258064,0,5
0.19143393609644088,0.97202026851295964,0.13612364126270882,-0.97989632684051686,0.19721150170503401,-0.030179665997312886,-0.056180394757315615,-0.127609643817543,0.99023206474526604,21.785370734681813,6.3150469880379996,-1.4175973701194631,0.3835113085419763,0.4075214351513465,0.6111111111111112,1,6
-0.43386779338848569,0.89940556873710853,0.053182335271067395,-0.90094759845640104,-0.43357054217532154,-0.017607094974486499,0.0072223746682900996,-0.055553648687333305,0.99842958160386786,-16.199587634705942,5.1205451720111217,-0.2678921984586336,,0.08630686077179268,0.4571428571428571,0,4
-0.94882375423578968,-0.3148150131224538,0.024999818211538554,0.31415252566729102,-0.94898392771387241,-0.027160551496842593,0.032274975054410251,-0.017916820405970719,0.99931842449330244,4.0795080887004564,5.2764107326717866,-1.3738442037525107,,0.1002858040703971,0.3775510204081632,0,4
-0.5572591055535604,-0.83033558222194792,-0.0022605693496494808,0.82986794702434241,-0.55684947870659574,-0.035183072148349349,0.027954959832724037,-0.021482061361315311,0.99937832739179389,-11.966659630833481,-6.3390479835856537,-0.29196579674601414,,0.2335474445764412,0.1282051282051282,0,1
-0.3344573880598844,-0.91905574255009514,-0.20850610940174899,0.94225720896285781,-0.33011081694872818,-0.05637553273335278,-0.017017865015503526,-0.21532159812507798,0.97639490046352528,4.9648131381097462,8.7989061782205074,-1.4209121638076843,,0.3694057744589901,0.4166666666666667,0,2
0.91671293330399806,0.39519658498835031,0.058796744184722756,-0.39759698823697825,0.91682777525637693,0.036653314493029047,-0.039421223447048646,-0.056977975850204483,0.99759685114275987,-8.2525709371481213,20.092544580996481,-1.2356915881608259,,0.1073349499163276,0.4333333333333333,1,3
0.9474541613296259,-0.31888983535239268,0.025295950033539568,0.31848337435014745,0.94774116681863796,0.018842000419029541,-0.029982535611906783,-0.0097955921807096943,0.99950242317470661,2.8881039661665762,-7.0705652878479706,-0.87990409477054543,,0.0658131722369433,0.4,0,3
-0.31137503982587306,-0.92698910405938839,-0.20913341561933457,0.95007725075953187,-0.29904924755086398,-0.089009915899706707,0.019970031613566495,-0.22640836666173653,0.97382773083483243,13.408828089457545,-4.4274120182054144,-1.2006322008332073,,0.2477457969715912,0.25,0,5
-0.91387020870372881,0.40368780945989402,0.043328906486040875,-0.40505623997168011,-0.91382171828263192,-0.029313983949352855,0.027761197809324598,-0.044339820573053093,0.99863071062717745,-10.14026689618092,18.491859330715496,-1.0556038164806412,,0.1043018866358628,0.3333333333333333,0,1
-0.95030021606111048,-0.30748683311318603,-0.048799045238905478,0.31111159626286428,-0.9319435069482862,-0.18625486444036987,0.011792965063021466,-0.19217998678049614,0.98128883548936263,-0.96070917866268735,-7.9369403526834681,-0.62965548943188165,,0.2255408158233034,0.1639344262295082,0,3
0.99975784319725791,-0.016781963287045301,0.014234488884436092,0.015951827815372875,0.99827216100296212,0.05655291111716864,-0.015158962857582505,-0.056312150329302334,0.99829812559694531,-30.768763461035189,10.82929715998722,0.5325947352604522,0.3339891023220239,0.3633485779323937,0.9333333333333333,1,5
0.71712096123882707,0.67754426615044738,0.16331348492563041,-0.69022552443174168,0.72289905322839831,0.031712525355356555,-0.096572523912495892,-0.13546485244571241,0.98606441035919823,-6.4289868720515795,-10.441840561974557,-0.2384419002778197,0.9330800089140308,0.7613157347684595,0.7419354838709677,1,3
0.81375369672805509,-0.57224946221512363,-0.10166353356010703,0.58071955482689508,0.79334887865684167,0.18265364867854439,-0.023868801877723996,-0.20767308378418731,0.97790703574955851,-5.3611296286875074,14.851742124726412,-1.2306289010984461,,0.1353847605543413,0.25,0,3
0.96081225529438063,-0.2757739220995078,0.028081203072196022,0.27552097304818596,0.96121265236586684,0.012586911549595637,-0.030463149651801621,-0.0043566984783427248,0.99952639569531243,-6.7250653787541204,1.9426587632943917,-0.86313557151436515,,0.09507753997425583,0.5362318840579711,0,5
-0.5533727240215256,-0.83226039270364782,-0.033485325827407438,0.83249946608326386,-0.55133905625163049,-0.054496642306138418,0.026893628986775806,-0.058033471275915315,0.99795232798545552,12.478359664549593,4.3615495090038623,-1.4052252564393226,,0.09443158090752531,0.2666666666666667,0,5
-0.29173861462686884,-0.9562338690274419,-0.022480401695772735,0.9562843398177272,-0.29109601627790382,-0.02798876071759197,0.020219845572299777,-0.029663058371352573,0.99935542266657507,4.3507497854788824,-5.9521732996380887,-1.0989614133411016,,0.09201026200318262,0.4,0,5
0.80220425247615523,-0.59683220236434231,-0.016113954514701143,0.59154005278931177,0.7908537661334647,0.15694166603720416,-0.080924058568458967,-0.13543132139000869,0.98747640677201243,14.161696558122674,9.8765473104383492,-1.4100602335011128,0.3263661695823716,0.3849803692500013,0.4193548387096774,1,6
0.9997682798753067,0.016101722786745643,-0.014287094822610298,-0.013946714902122469,0.99007130776245067,0.13987242290383919,0.016397429634255972,-0.13964075361029218,0.99006645445270003,-8.0972894939102531,7.9368789612964932,-0.93363836940588407,0.4879040680385615,0.2889472545155452,0.2772277227722773,1,5
0.98376395354101509,0.17445841056598588,0.042103998576646789,-0.17673890294180958,0.98252187718700079,0.058430480366489047,-0.031174410985261074,-0.064923214890537984,0.99740319443442726,-2.1088761976039687,9.0112964068691213,-1.2646232442831928,0.6375449715044035,0.2085423042174294,0.1481481481481481,1,5
-0.82233403765342983,0.56502545513927749,0.067178609402544484,-0.5686193966036911,-0.82037524925172023,-0.06046843987760505,0.020945460669590583,-0.087924316658304538,0.99590692447512796,-4.2102559046468908,-5.9508290571691571,-0.78759354886877198,,0.08809677508438145,0.3963963963963964,0,5
0.48665712834278008,0.84641371760478923,0.21621437991863376,-0.87129838521615588,0.4882047994083617,0.049951954459867394,-0.063276878501378378,-0.21269671479616639,0.97506725109709247,-4.4172112414451563,13.243326406767716,-1.2004838498400818,,0.3682186367835693,0.3333333333333333,0,3
0.1417589821507366,-0.98973012619643908,0.018402942122618293,0.9898871462278227,0.14163339870178326,-0.0079635485255845195,0.0052752926482595944,0.019345740393249267,0.99979893659480989,-1.0467126907330651,-6.3322683200417096,-0.89861277720400379,,0.09026746887253713,0.4333333333333333,0,5
0.99357958960321746,-0.10694556473699507,0.036908607491833681,0.10418713346638357,0.99209450438192859,0.069953810441122491,-0.044098076420168435,-0.065659276254461746,0.99686720233829562,-23.424227423673809,2.3729123956924263,0.19334788733788569,,0.2047829988963157,0.8390804597701149,1,5
-0.64554972343462669,-0.75081546383573372,-0.13979160861299761,0.76347935001849987,-0.62986697039641237,-0.14271258423479818,0.01910069812353642,-0.19885607576530681,0.97984255085315441,1.8745369528946143,-8.5649772078530884,-0.70186871776906856,,0.5389001869726626,0.5783132530120482,0,4
0.99399045660930285,-0.10945161538483937,0.0018210050191435228,0.10633349910222199,0.96935747458090371,0.22144812810861911,-0.026003060171993324,-0.21992369213839341,0.97517045202257346,-10.864894060395812,19.415947223279471,-1.027831463690599,,0.2501069685055184,0.3260869565217391,0,4
0.35924599480762859,-0.92589929502648971,-0.1168452424539678,0.93318483367633787,0.35779362867933989,0.033908486739099165,0.010410639324375413,-0.12121969619628636,0.99257110770107415,-22.803135412237612,11.645322572855722,0.050236636521466191,,0.8496538618590966,0.2162162162162162,0,3
-0.9737987679079152,-0.22590856133169637,0.026101370425116021,0.22268515792212734,-0.97053697211444634,-0.092028833525798076,0.046122446403276902,-0.083805176904323916,0.99541419131023612,-11.751529582258049,-7.3168720208775131,-0.32032916931670941,,0.1167001964390994,0.21875,0,3
-0.88008686954279791,-0.47454420477728743,-0.015965580811534152,0.47342739248127158,-0.87445623004425499,-0.10579605751242523,0.03624370437388498,-0.1006682643591338,0.99425967153665518,-20.18024055454438,6.5879845825281826,-0.039705117915652212,,0.0746798086143957,0.25,0,4
0.59572479547305512,0.77695218049200721,0.20361060209945361,-0.80309924419489842,0.57998291691845538,0.13657020193417962,-0.011982154738169522,-0.24487777627109247,0.96947991348782214,11.79096837381546,-11.828489344588714,-0.73398168114654316,,0.2010175156143321,0.3142857142857143,0,5
-0.28191741145962634,-0.9540018303670339,-0.10199549388209486,0.95925864231855851,-0.27820793737677119,-0.049226016675311235,0.018585754035262372,-0.11171773018152122,0.9935661621200822,-0.32118647121952199,8.997280811134317,-1.3430511589582823,0.267713478602208,0.2412448721648789,0.8152173913043478,1,5
0.65515341647824177,0.71369629274323565,0.24781364490570409,-0.75220029447173753,0.64681013278846433,0.12582276868199058,-0.070489133017225397,-0.2688387134449427,0.96060242987395639,-6.7983303929582899,12.153837464815894,-1.0462149015393885,,0.303317112876751,0.2682926829268293,0,3
0.028011506468305615,-0.99046184176274343,-0.13490995336642694,0.99940633109262844,0.025041423215641994,0.023662470186103648,-0.020058436562932987,-0.13549268295849234,0.99057528335173084,-6.5562585725569642,18.149424098679781,-1.2388162241653378,,0.3898354018078134,0.2941176470588235,0,2
0.75786823599645259,-0.65240535601077321,-0.0017286746603804666,0.65210885411814634,0.75743830200778794,0.032268576545565253,-0.019742827769687912,-0.025582613236627836,0.99947773894751724,-3.0205631577637111,2.4647367012821562,-1.0911692637125017,0.4134259308297759,0.2942299142534451,0.8518930957683741,1,5
-0.99319809885539256,0.10621833402883882,0.047699076994965187,-0.11346408178334549,-0.97487992687273828,-0.19166384720563795,0.026142658149008,-0.19577230063709686,0.98030085572142689,-3.246965741029066,-12.049314214898667,-0.38821780230939301,,0.240534562132733,0.4305555555555556,0,5
0.86577241768806779,0.49372803682151556,0.081674637599018635,-0.49943092292391361,0.86279374139263432,0.078458352270923654,-0.031731277911970765,-0.10871791696897366,0.99356607255481566,-17.258642457516171,12.1881512649041,-0.36724013695840368,0.1490791236761173,0.1283177205251455,0.2258064516129032,1,4
0.72842628120116293,0.68327535188407618,0.050298572177921753,-0.68475192860608347,0.7284856790500881,0.020576969873687418,-0.02258205317713138,-0.049430849948442671,0.99852222907038046,-12.179165202423924,15.94269735020157,-0.8159526450728648,0.1614356279648731,0.1378153067563032,0.6086956521739131,1,5
