axis_00,axis_01,axis_02,axis_10,axis_11,axis_12,axis_20,axis_21,axis_22,location_x,location_y,location_z,dbh,dbh_approximation,score,reconstructed,number_clusters
0.98430911069283467,0.15154899905064792,0.090379618796650643,-0.16605907979502982,0.96878708678823588,0.18405423790283065,-0.05966537207383462,-0.19617461955897994,0.97875204317343856,-11.993194025876848,1.1271612029292735,-0.58859752451052294,,0.6140491079106046,0.304,0,2
0.82627864526494943,-0.5603745493812079,-0.056955814320638197,0.5632078209353466,0.82336200591087916,0.069799410167073653,0.0077814405078802358,-0.089751722146267032,0.99593377167128971,2.1601850908639491,5.4090279097384117,-1.2051961098009596,,0.07143668322603439,0.2307692307692308,0,5
-0.94917680881209576,0.31344689098602935,0.028538257558544614,-0.31462122302628309,-0.94237439349282937,-0.1137716507328061,-0.0087676470464708427,-0.11696815387195764,0.99309696371756861,-7.2241295104240377,7.2882711566163856,-0.75636966647954973,,0.07125563758508149,0.3370786516853932,0,5
-0.55334717839292802,0.83256616778593862,0.025307635662400439,-0.83287980167995423,-0.55264815813805535,-0.029853798086258564,-0.01086904403087692,-0.03759773350683198,0.99923384366073387,-11.483190784083289,-7.6702383351465038,-0.69276818276945462,,0.3796043584466353,0.1666666666666667,0,1
0.60648413710731064,-0.7877401077270122,-0.10790048246155681,0.79490230457181399,0.6037195629114781,0.060440181538392611,0.017530476993535115,-0.12242635352002335,0.99232276520302098,-21.084759048772831,15.399951041078142,-0.18497263222403401,0.77873774537492,0.2859151872563969,0.2985074626865671,1,5
-0.72410471346983196,-0.68884191444795972,-0.034193286335816919,0.68968736563022148,-0.72307314176757231,-0.0386855185362475,0.0019239596717234091,-0.051595043890310756,0.99866623544863009,-17.712516431141935,8.3024802734931171,-0.39753758128603478,,0.06469005671251202,0.1818181818181818,0,1
0.26045291696982287,0.93734728091293795,0.23139652764687857,-0.96545969372381468,0.25464254401403846,0.055179294783249198,-0.0072012385482438353,-0.23777562899334456,0.9712934121161283,-16.727567059500142,-0.92181092403170517,-0.43072887651631131,,0.2301416996062575,0.2307692307692308,0,1
-0.77045635115283795,0.63675837118625733,0.030590647140580459,-0.63715075146962119,-0.76758432025066547,-0.069665136237722997,-0.020878957587770784,-0.073164800481844247,0.99710128928835484,-17.218586621760085,18.68169658525165,-0.37295981293426711,,0.1078372712150382,0.5,1,4
-0.38778346698643762,-0.91066305142477777,-0.14253697591043168,0.92173069417878328,-0.38209701391392048,-0.0664409464619823,0.0060423621769227403,-0.15714540632095444,0.98755699133343444,4.3134557667519573,-10.426027754373887,-1.4795993428902172,,0.198023551242251,0.1764705882352941,0,1
-0.920203779702784,0.38886070124278688,0.044859322884760966,-0.39116453671946233,-0.90920273174899791,-0.14262081823215547,-0.014673412478340985,-0.14878759225529944,0.98876030632156353,-8.0963712242801265,-6.8962500673544174,-0.83984332941684225,,0.4353321655479242,0.2666666666666667,0,4
0.52256964336385059,0.84653865024104591,0.10145581049227997,-0.85259182997957694,0.51925190865411819,0.058861080614705803,-0.002852943506864462,-0.11725940903451186,0.99309722167883585,-11.789217806003922,-4.9584590175065779,-0.67091025584320152,,0.07230347036639748,0.2222222222222222,0,2
-0.76571776031857208,-0.62878337141010099,-0.1353062576928917,0.64313935445930714,-0.74627056621351218,-0.17161588722792578,0.006934138618005274,-0.21843011203016313,0.975827958136123,11.841894364046357,-5.6669536775868563,-2.0296957682634194,,0.7825520173612371,0.3333333333333333,0,3
-0.9974924356585495,0.054511253399304724,-0.045137169348658232,-0.050837634180984373,-0.9955868108531053,-0.078882425204998594,-0.049237950351868592,-0.076389955545075217,0.99586153602645311,-11.793257065570776,-1.1229860883195502,-0.60003794792534926,,0.2075955672469871,0.3559322033898305,0,4
-0.52567108554207609,0.84525831117840733,0.095959872909675628,-0.85041340690028444,-0.51928201775695448,-0.084517592242777315,-0.021608960855757944,-0.12603401690849894,0.99179054209678852,6.9456047518354147,-6.4359904493203999,-1.6854766463710713,,0.1503611879522859,0.25,0,5
0.68479210158675496,0.72422372751538733,0.080992407718962323,-0.72873454511611691,0.68091133005015958,0.072840396509974287,-0.0023959045897310647,-0.10890249360341483,0.99404954933250489,3.6551740917182576,4.2647345226592517,-1.3546405042540826,,0.08183706862362586,0.2051282051282051,0,4
0.99538191950763988,0.095912042231192041,-0.003964148373473096,-0.09573069517387027,0.99486175660746967,0.032950254041909009,0.0071041057714821753,-0.032418596436934836,0.99944913141502378,-14.434279018798453,10.288027066528864,-0.4654677027591711,0.2853643782760507,0.2359635391957841,0.6563573883161512,1,5
0.48910481207825635,-0.86240708720988102,-0.13050095299293166,0.87213095158422571,0.48574451609138319,0.05865039109795054,0.012809609310512064,-0.14250010883265299,0.98971189388225267,11.991764512680929,0.68795519475085554,-1.9471882627255663,,0.07523545556934497,0.2222222222222222,0,5
0.60589451145698869,0.79176701423680251,0.077439241685569482,-0.79527007615641065,0.60536762664719357,0.032795465810402873,-0.020912841903343787,-0.081455704367975959,0.99645753610951371,-16.905561696451436,25.386153218000267,-0.41243184838656188,,0.1779996436272402,0.5384615384615384,0,2
-0.99035603132101746,-0.13543401408112746,-0.029198613938982366,0.138073795888879,-0.9821955779099738,-0.12738710147785706,-0.011426202996662882,-0.13019014772234741,0.99142320293662345,17.533771647174245,-0.057176146241360859,-2.3516057299033766,,0.3310603120558387,0.2,0,4
-0.41682476865534884,-0.90815541971846159,-0.038869600864922367,0.90892950087409308,-0.41593684549317117,-0.02904656609584419,0.010211497254816973,-0.047437055106461685,0.99882203175873119,14.042643916494823,-5.0315409339067081,-2.1729088260936127,0.587641738316027,0.7407073255203056,0.703030303030303,1,5
0.35131001672833723,0.91540183361002436,0.19652164046165443,-0.93622624432191581,0.34171079406078392,0.081939933275712501,0.0078543993541904129,-0.2127750367072061,0.97706964550385611,-17.049637060736554,30.383284198503667,-0.42295424465519083,,0.3012811432260973,0.7333333333333333,1,3
0.92701033212406259,-0.36545116984042875,-0.084245395111521154,0.37496912843277069,0.89892340119310232,0.22657200071896078,-0.0070708456073253316,-0.24162400801593875,0.97034418733391192,-6.240824303000438,11.928968620787519,-0.80722675784708597,,0.5670350667611073,0.6363636363636364,0,2
-0.41881767524205105,0.89739466008517799,0.13883291740596404,-0.90793122210164057,-0.41115428150911265,-0.081320678365017926,-0.015894994113408219,-0.16010927783027634,0.98697131078608447,-5.8502596094672024,-7.2361504859086763,-0.94035988958395067,,0.4191819213525161,0.2307692307692308,0,3
-0.075589989358109011,-0.99371557250687226,-0.082556129186027116,0.99681876282235415,-0.07320820481896019,-0.031510519394264767,0.025268707805349469,-0.084675378384298963,0.99608813500679905,-14.319281997480855,-10.13104090959262,-0.63016654993771104,,0.2442409605884625,0.5,0,2
0.45132103012716496,0.88360323148316666,0.12471831091488478,-0.89235760186308855,0.44731070458707617,0.060091962515574159,-0.0026903832653204767,-0.13841409926131337,0.99037078862594019,22.535536177446229,-9.0407839680581716,-2.8638246191510186,,0.1960515451654968,0.1875,0,5
0.064526001605630531,0.98151125396700378,0.18020003732771397,-0.99783983903874018,0.065691727757220778,-0.00050252503615324129,-0.012330885772357773,-0.17977835031057135,0.98362985620388621,-16.42016920501548,22.651713873275543,-0.42644456858040802,,0.1887588518642617,0.3548387096774194,1,4
0.69397056626076659,-0.70324997384377719,-0.15441608547181521,0.7199240701797105,0.68093121512949639,0.13432056223135846,0.010685800839978951,-0.20438237338624748,0.97883280447143473,-11.977850170356358,-13.030586248200702,-0.70822076145523871,,0.4634853286815776,0.6111111111111112,0,1
0.64572827571310476,-0.75771760668885058,-0.094334630217658255,0.76354474629019842,0.63981327614758898,0.087397895157303895,-0.0058663751345041162,-0.12846400343680203,0.99169682134398907,-0.65533028145307737,-14.143225314185873,-1.0991635512095805,,0.24562366579728,0.2,0,4
-0.83710748096722709,-0.53872805701557847,-0.094990241040457446,0.54682864132353115,-0.82888309300381613,-0.11803073820276516,-0.015149334538702292,-0.15074779838076691,0.98845616946144221,9.1188913156668274,1.2064516377464851,-1.7358052790588363,0.5312168352330192,0.5127398234764133,0.2407407407407407,1,3
0.7787385733563027,0.62496794839673697,0.054601262290951247,-0.62731338884837085,0.77666174207813088,0.057222815063024818,-0.0066442861591306341,-0.078813716248746821,0.99686721863671446,9.2889476513061791,-7.4355261152064847,-1.8482250907471494,,0.0800851740699958,0.1333333333333333,0,5
0.9917631068128262,-0.12653833136082909,-0.019849198003651793,0.12788889110481522,0.98686366085336052,0.098714469147562198,0.0070972879997844452,-0.10043986053117208,0.99491781716859762,-7.4463522755452534,30.741565300539609,-0.6949084034843287,0.3457097268645811,0.3469927604207191,0.75,1,2
0.96608256665128989,-0.25624031980877671,-0.032021444638728039,0.25807268348594176,0.96240363266354167,0.084721531350554533,0.0091084823554909884,-0.090111854604784533,0.99588999854846672,-13.049953179648936,15.202018433476042,-0.49914512822082735,,0.130911908923329,0.148936170212766,0,3
0.26606311567082574,0.96141046740198488,0.070002368884411692,-0.96395363993672856,0.26550691107303165,0.017304919103795897,-0.0019489823663611013,-0.072083238983509795,0.99739671551764264,-19.176841646539934,22.516140060220252,-0.30152802976168863,,0.4647704358794092,0.7111111111111111,0,2
-0.44945927947380643,0.85394648298321563,0.262224637087142,-0.89323559401757191,-0.42607970671459194,-0.14347911731706037,-0.010794891151010037,-0.29871640016343914,0.95428087196508016,4.2166029230463051,-9.4584447127289888,-1.4490018231256316,,0.7987715608195912,0.4090909090909091,0,1
0.98859570564311994,0.15059392650772696,9.1086868396755494e-06,-0.1505251395833519,0.98814231232324956,0.030281230983487731,0.0045511687944148668,-0.029937265998221309,0.99954141833500709,-13.008883003713512,11.71428773424247,-0.52726523651818802,,0.0674361002496808,0.3939393939393939,0,1
-0.90202155191936351,-0.40613926740091288,-0.14631478171405982,0.43168845704448072,-0.84978947536048,-0.30249450180311793,-0.0014818662351516272,-0.33601896232446538,0.94185405505887743,1.9319154789469448,21.145316387026181,-1.1784017643828353,,0.5574957763531517,0.3571428571428572,0,1
0.8582428888688689,-0.5053843936618635,-0.089474903459282648,0.51315031319301541,0.84827299218013841,0.13080400149714053,0.0097928430972568578,-0.15817567885355951,0.98736242324856938,-12.15467886934335,21.896087116169042,-0.58428426482846108,,0.08585539889898225,0.5333333333333333,0,1
0.84416807436725716,-0.53567804898419957,-0.020719316001223398,0.53598432892911241,0.84411378159977957,0.013882465765457028,0.010052928005623539,-0.022824363075481177,0.99968894516680151,-7.6584794253201594,9.5002211007878987,-0.7095308509791648,,0.07580787435483106,0.3161290322580645,0,5
-0.76479019933709769,-0.64298062969147518,-0.04088839492419806,0.64414897960083961,-0.76181706906371394,-0.068606452775016868,0.012963143026306594,-0.078807760561554585,0.99680554462650972,-18.469623765883178,11.467174086051029,-0.30953153723669574,0.4767735969719211,0.2356264564476592,0.3142857142857143,1,5
-0.21482680496306081,-0.97149356139491994,-0.10024821214155111,0.97662277979604073,-0.21288949237384833,-0.029765920450395927,0.0075756090723523347,-0.1042992051984081,0.9945171119403442,-18.347836710164003,23.477417968856724,-0.36490970635874409,,0.1101008422816787,0.1578947368421053,0,1
-0.37382097701514133,-0.92490400382777227,-0.069357485874273955,0.92701545692699638,-0.37016021659326748,-0.06019764671527212,0.030003662474379217,-0.086798604568163129,0.99577396154104281,-7.4620563178808608,-10.42831971704997,-0.90755169634283439,0.2986876894865314,0.2365594895409918,0.4186046511627907,1,5
0.53403113697043658,-0.84236005866192498,-0.072389752846260688,0.84525153076064063,0.53385889624942884,0.023335137499847267,0.018989325761018246,-0.073649239415091133,0.9971034023814791,8.3755036703908186,-8.8918206981207568,-1.7857288257971893,0.4066550100505439,0.3574019898763681,0.4166666666666667,1,6
0.9677235653863403,0.24445338620606358,0.061266981061084261,-0.25080886428419352,0.95794914308646661,0.1393856264339268,-0.024617363636733634,-0.1502530573142998,0.98834103637119264,-0.79957064713830284,8.5060860865423003,-1.0227002696415144,,0.5818867478075503,0.7461928934010152,0,5
-0.33184555984933861,0.94013601983960449,0.077606627348619631,-0.9433083077601836,-0.33010779351192665,-0.034616198134801456,-0.0069253822204761901,-0.084694207965100313,0.99638292348788582,4.2644840394244588,11.590442531406229,-1.2696218078494625,0.1329018060293431,0.09547878710483799,0.2608695652173913,1,5
0.49405641042328974,-0.86773951302233976,-0.054188567608006513,0.86936270355073908,0.4938323805410228,0.018386669196393944,0.010805229965388271,-0.056193571420049382,0.99836142229978808,-1.1619327729957494,2.6083752830793188,-1.0926805137980662,0.163184611499399,0.1380869010946457,0.6609442060085837,1,5
0.98289880363043947,0.1823682735737514,0.025529485219644692,-0.18409833548771756,0.96998113033573885,0.15888489438349565,0.0042124449554254411,-0.16086770833928155,0.98696698816179529,-14.089988764916614,-1.2503550827808008,-0.5160129614168818,,0.8925236578830962,0.4070796460176991,0,1
0.88680047929987815,-0.46172167198221936,-0.019950126201369489,0.46214558507828463,0.88572491505194273,0.043735946873017906,-0.0025235106809518332,-0.048004921395343798,0.99884391143745288,-11.944544937751145,-5.7791723626546894,-0.67348251615993759,,0.1420806331344634,0.4736842105263158,1,5
-0.16593574598717384,-0.95473128686516129,-0.2468876223800513,0.98601285104617742,-0.16459665803125542,-0.026203010070078213,-0.015620044029092481,-0.24778238445405409,0.9686897873823147,-1.8652067923765216,18.024778787772199,-0.97102258505356132,,0.4386184370056724,0.4333333333333333,0,2
0.97140364380893507,0.23680565079469557,0.017263966705964272,-0.23732308754414327,0.96615598969660421,0.10109577484687843,0.0072603659163189256,-0.10230194194186409,0.99472689707360629,-1.2629792123900094,15.340202099416588,-1.0087705505199114,,0.2383772289823051,0.1724137931034483,0,5
0.73777792520355634,-0.6732257311453288,-0.049506040097887165,0.67501828127823993,0.73639770136107485,0.045483462602325317,0.00583549676610161,-0.066974176769584517,0.99773764418484778,-4.4941785887934032,17.079706041177566,-0.88860095689097995,,0.1346047929366325,0.631578947368421,1,5
0.9743641206309912,-0.22483878135911084,-0.007879265444526334,0.22488516092727698,0.9743692450902931,0.0055891517143196109,0.0064206558627703473,-0.0072177987726772643,0.99995333819092236,-10.623933570015545,19.448828029323252,-0.64253771513635805,,0.1443633559996498,0.7049180327868853,1,3
0.27400303995452341,0.92093751138307112,0.27712169569204909,-0.96170272018045611,0.26449729175094128,0.071896179689395184,-0.0070860491948737531,-0.28620846036407493,0.95814117181281511,-21.602528751645984,20.027874933958902,-0.20824131612718144,,0.5671803383646619,0.1333333333333333,0,1
-0.080190976327057628,0.95008035465433649,0.30152400736193907,-0.9967340186339303,-0.073540286101585403,-0.033363489295216535,-0.0095238339742119427,-0.30321468635273313,0.95287467726162389,-15.306745916380812,-0.41394604137772611,-0.48170316831513393,,0.6805135471785442,0.3361344537815126,0,1
0.010680566062266746,-0.98584888855554287,-0.1672958291243051,0.99994008452783512,0.010931301455567395,-0.0005779298852499528,0.0023985126754535674,-0.16727963289739323,0.9859065734412451,-3.1297364696318137,12.471606835226522,-0.92739692785416483,,0.1355450115754891,0.2758620689655172,0,2
0.58532608462842073,-0.80623146748444685,-0.085931341729533664,0.81072526020544267,0.58339673885880083,0.048711369860981367,0.010859425324574467,-0.098178744781094077,0.99510954520335526,-6.8631329683063935,-11.90869487754002,-0.9403852625586302,,0.139906903426668,0.3333333333333333,0,1
0.36657125742424707,-0.91693105204279646,-0.15767992589450708,0.93031183318945043,0.36343466478739994,0.049347111957594655,0.012058451728621288,-0.16478073379664609,0.98625650999694181,-6.025135136563172,6.3028122423441042,-0.82530343213019275,0.3926503863801411,0.2645965213710625,0.3448275862068966,1,3
0.94949136499828668,0.30308244923815258,0.081284541934440568,-0.31280130210517809,0.93476327863943942,0.16844274489733907,-0.0249297652414598,-0.1853608423347487,0.98235424615255629,-3.5978076573291489,-3.5576007607351818,-1.0422068752017473,0.8383108912762922,0.7627854930673896,0.3353437876960193,1,4
0.96857273563256285,0.24739817960466209,0.025709852538558588,-0.24872269754123164,0.96253636387120478,0.10798503578466094,0.0019686332995403613,-0.11098598539410673,0.99382002169861339,3.3901261390285446,12.304991172027659,-1.2123151069746245,0.7319362919037125,0.3866679488927818,0.696969696969697,1,6
0.73584833921623172,0.67696455559939728,0.015691148295324923,-0.67714377773576195,0.73571218059439913,0.014279061550995176,-0.0018777503711377003,-0.021132387161574506,0.99977492280332703,14.225261667044611,10.436153961418201,-1.9223683273248338,0.3400654492607924,0.2398841642447174,0.1428571428571428,1,6
0.98321644746643189,-0.18043029924128168,-0.027024517520033008,0.18232395393225539,0.97708436879131055,0.10983675198309184,0.0065873556149514756,-0.11292051797343106,0.99358218752482363,-7.2398111291728231,11.094013452056259,-0.76419045457173229,0.2330573612320581,0.1806994921353761,0.5148514851485149,1,5
0.94854792397753707,-0.29570350831603098,-0.11320897087905396,0.3108298498271958,0.93775198654797942,0.15493874977461383,0.060346005454432236,-0.18215555685981291,0.98141617712914442,-15.148734103246589,19.007668539920004,-0.46126241363623893,,0.6069162375304471,0.7837837837837838,0,2
0.90739197176118858,0.42023028442972304,0.0068057058014332787,-0.41950033487275318,0.90458901300102335,0.075750819134065339,0.025676421576798926,-0.071590680999331441,0.99710355318244737,-4.7279879334658501,20.33708058549022,-0.871647667206643,,0.09869485959576305,0.2380952380952381,0,2
0.47663955973432082,0.8774271721284026,0.054187523536593528,-0.87893300476360869,0.47684061957213597,0.0099898279903837331,-0.017073465772617386,-0.05238875009787497,0.99848080383635573,-9.4682339071261357,19.983870489181502,-0.68083558755115547,0.9858151913201524,0.4561927553898926,0.5714285714285714,1,3
-0.99972671793422785,0.020843125610183592,0.010585535567729551,-0.022503402387554858,-0.98068512683996723,-0.19429430994206326,0.0063313765834414563,-0.19447942335804277,0.98088616442525223,-20.425212195207024,18.99933506282806,-0.25539871593760016,,0.1561172846873883,0.3846153846153846,0,4
0.88901756351287009,-0.45663005749506119,-0.033715906597600959,0.45778396564481671,0.88788432074243051,0.045774160595902627,0.0090339672429309778,-0.05612863415237615,0.99838267406042436,-9.8701077705060349,12.73054604615664,-0.64043200103554854,,0.07902167229223729,0.5294117647058824,0,3
0.98151147355043311,0.19136171054958415,0.0039903664487516387,-0.19134240260241761,0.98045997974502752,0.045676176336415637,0.0048282766275826641,-0.045595217445672923,0.99894832893943508,-1.1124986870630615,-5.7651895605956325,-1.1897737585957397,0.4879859769629912,0.4294088093337738,0.8825561312607945,1,5
0.52082783554983458,0.85234339543162785,0.047424698001743343,-0.85365807597765275,0.51985850832165448,0.031859388627454209,0.0025010067183088842,-0.057077732870767492,0.99836660469775662,4.1473386323477177,7.499386685767643,-1.3227561895921003,0.3367563276408609,0.2165771756426431,0.8152866242038217,1,7
0.99809600049894143,0.061586349528421451,-0.0033904778100807081,-0.061004894992603538,0.99379363338745397,0.093019444340980556,0.0090981632739228196,-0.092635499622587839,0.99565851959128782,-16.290120833233949,17.905822372762636,-0.41498125773768801,,0.1424810167793933,0.32,0,2
0.6304136447139248,0.77533572454233712,0.037856978311973669,-0.77620962139736183,0.62907093690899518,0.042052110370374721,0.0087897786472920375,-0.055895174969285401,0.99839795132326015,-6.204279413753615,-10.68188722724744,-0.96828288190073886,0.21959544889611,0.2321341814356782,0.74,1,5
-0.76752156646873759,-0.63003042119967767,-0.1182045403879752,0.64101306033064576,-0.75538099292038785,-0.13602136604280027,-0.0035918645458657729,-0.18016998611746093,0.98362893136157714,2.5679931747755664,2.5435479649492958,-1.2901880019205485,0.4767756131295279,0.2454668154463165,0.2413793103448276,1,5
-0.98678166363711073,-0.15386334710501723,-0.050872573428296049,0.16199465442075009,-0.9451414255144408,-0.28366426936721051,-0.0044362426306695478,-0.28815578459259239,0.95757326798378684,-15.663891344700804,-4.9292106710175077,-0.52465161138972716,,0.7465672606459718,0.4482758620689655,0,1
0.20901234628232043,0.9762264667283499,0.057408403223237495,-0.97786515141223218,0.20922240283027599,0.0023941193493380356,-0.0096739213916848411,-0.056638077412710638,0.99834790701032661,-12.188707809429417,10.281868105708931,-0.55244769677578254,0.2976629701837625,0.2458181981358639,0.8216704288939052,1,5
0.56254083076633654,-0.82349791717929832,-0.073477847832383023,0.82541530530625362,0.56448166886405637,-0.0070724311686570914,0.047301030505745779,-0.056671208896658755,0.99727177168276793,4.3708242073292638,-8.1569179334993187,-1.5139168165752206,,0.241023505704638,0.2758620689655172,0,3
-0.45564093412612777,-0.8872594233592791,-0.071847441212812002,0.8901480379981167,-0.45366824172950859,-0.042680169800025668,0.0052734805178662296,-0.08340169126711508,0.99650205634359423,10.759215368315767,0.29645178758820617,-1.8527938801647832,,0.1188388308274788,0.15625,0,5
0.3433154233931785,-0.93563060033525713,-0.08203596636017664,0.93916061564427789,0.34296520165462346,0.018767218138642083,0.010576298171969476,-0.083488024112976858,0.99645265404166961,-18.902280490875558,8.8601119996697655,-0.34815739275356211,,0.07051515403185143,0.125,0,1
-0.83957502642383186,0.54266214161748882,0.025131157166824125,-0.5431427735855856,-0.83762832915810137,-0.058092251579417796,-0.010473896466012269,-0.062422610061813641,0.99799484730427901,-4.1032445037063328,11.238535036754788,-0.90106659037500603,,0.07314001454314209,0.4025974025974026,0,5
0.99385884797112245,0.10876074831077437,0.020388475578014389,-0.11005120130753596,0.9522841233652054,0.2846817196051275,0.011546575262089378,-0.2851772221153796,0.95840525279563971,-0.5948048967091728,-10.832006235380765,-1.2054085046756069,,0.4320384846775145,0.4230769230769231,0,3
0.66185149629439355,-0.74875967519669406,-0.036215268219533213,0.74959356059195703,0.66154998723477654,0.02147343262588252,0.0078797697900223219,-0.041358955366489848,0.99911327988324128,-12.706173626631564,-8.8820218919305631,-0.6742663903627133,,0.08308973811673219,0.1666666666666667,0,3
0.92915134847048064,0.36611912664101043,0.051327933361004718,-0.36969765149534645,0.91970077922517568,0.13218972415218644,0.0011908460493806605,-0.1418000768696179,0.98989460049313216,-6.7680130938370091,-8.487156059980963,-0.9021368357218098,,0.3989396558510105,0.5892857142857143,0,2
-0.77277092899562927,-0.63256736345920905,-0.051803686987472244,0.63348395647603783,-0.76371600527565375,-0.12424145915620312,0.039027787366141757,-0.12882699240478176,0.99089880302745392,-14.49674066688012,-4.3217175660444322,-0.54999405755248187,,0.3910088285429187,0.1707317073170732,0,2
-0.067932558515950731,-0.99728438531907315,-0.028443317180593564,0.99765378152658657,-0.067659850351654005,-0.010443986599683666,0.00849115417240256,-0.029086069675202098,0.99954084501418439,-0.2119437880017197,3.9134929396161238,-1.1356230907475631,,0.0690258501537033,0.3416666666666667,0,5
0.99997404543199631,0.0044575253741040632,-0.0056602941539098802,-0.0041946496497145252,0.99894942162493194,0.045633956102141195,0.0058577620885212978,-0.045609028741634243,0.99894219208148405,0.40646377914934728,1.5773892201163482,-1.1522654861024242,0.3332917695899349,0.2745875580749059,0.8553008595988538,1,5
-0.48530854121203731,0.8695788374579555,0.091149686076892375,-0.87377549116048991,-0.47859558096471982,-0.086386694162285893,-0.031496204118754402,-0.12156856224499042,0.99208319903110764,7.1981643638941444,-8.0935572260767739,-1.7070101805569611,0.6678417383156517,0.4893254157890609,0.1666666666666667,1,5
0.66861807684211105,0.72754255473746687,0.15372604973144843,-0.74314589358037986,0.64649859310921942,0.17255071707303352,0.02615431464547735,-0.22961141120135811,0.97293090796394444,10.488717680208815,-9.2526530462200984,-1.9187154009241885,,0.3163101650674189,0.2222222222222222,0,6
0.17529894260630569,-0.95450613631322823,-0.24122254550829977,0.98446464913506626,0.17243106182216578,0.033119231909137667,0.0099817495701890451,-0.24328083496090064,0.96990453139277821,-6.1202390735025896,-6.3624390785694427,-0.93799424139018128,,0.07113663456312458,0.625,0,1
0.025828774270289553,-0.97827275705178451,-0.2057067991827099,0.99962381904687292,0.027173789792577271,-0.0037155810386459605,0.0092246850266203707,-0.20553344729899839,0.97860661515623848,-6.6927924200779216,14.919638528209735,-0.75170085470611292,,0.2489710355399548,0.2,0,1
-0.62533597604550439,0.77647954607619141,0.077681603926084516,-0.78031779215780106,-0.62318005695448464,-0.052447686852535189,0.0076850702789703013,-0.093413763116138041,0.99559771421759014,9.5334537090221474,12.197605421090762,-1.6173309868417145,,0.09988417920012342,0.3571428571428572,0,3
0.96676512008383753,-0.24530525682630683,-0.072045357675992849,0.25553769355232031,0.9360537311386784,0.24187579373579013,0.0081049221614089145,-0.25224738530802987,0.96762883733486293,-12.883764422477169,-6.5107332598704888,-0.60853958173396505,,0.7019252546839845,0.425531914893617,0,1
-0.81672109832662354,0.56923422160491433,0.094546541459763711,-0.57694716311231276,-0.80274422745017859,-0.15077690894852719,-0.0099306860191055845,-0.17769104155602558,0.98403621641986649,-9.5635505708977337,-4.269235876411134,-0.74715321782484712,,0.1432401483798094,0.103448275862069,0,2
0.4579246187579698,-0.87352546808611975,-0.16510087867814333,0.8885217225679688,0.45575443668386584,0.053075813397666531,0.028882383215720234,-0.17100043873598447,0.98484753027658201,7.7678786339529813,-11.948503589866341,-1.6739138485008462,,0.368457935657369,0.4285714285714285,0,2
0.4024686450322873,-0.89133889319113169,-0.20864795050679005,0.91539867948441811,0.39385602383236412,0.083202704818682471,0.0080154453437833242,-0.22448253824244227,0.97444514604988008,-4.5741063401414275,7.56948284631605,-0.81993154973859983,,0.4035371580205709,0.3557046979865772,0,4
0.55334203307532448,0.82478187649354817,0.11639351631361529,-0.83294331573629765,0.54861825822372545,0.072273366559117799,-0.0042458452973751486,-0.13694109299748997,0.9905700933535011,1.654154355041479,9.4776365394907636,-1.175443379586588,,0.2975049270912316,0.4,0,1
0.19406949963140577,0.9786098228715443,0.068263049244378746,-0.98095725415746948,0.1941420171673264,0.0056340647883952807,-0.0077391749336779099,-0.068056533481556686,0.99765144886469237,-4.9752498855809284,4.0852961092688185,-0.87369732798576927,,0.4406875901230267,0.3237043330501275,0,1
-0.086886717470851291,0.97055272981119267,0.2246733116842845,-0.99617242682283669,-0.082482519686681993,-0.028933198648569681,-0.0095495740764677713,-0.22632726879936335,0.9740045035998447,2.2702217260730064,-5.2077817298037088,-1.3459352638852842,,0.4895211774551967,0.3017751479289941,0,2
-0.99855819893825692,0.050502815938153388,-0.018193100766571175,-0.048078758625788393,-0.99216601400003657,-0.11530409200147106,-0.023873757605136107,-0.1142631447387893,0.99316362068503827,-0.82929577782333586,-8.9372469461479849,-1.1547042864619761,,0.06957504451999641,0.2857142857142857,0,2
-0.54106714408996215,-0.83751839468888833,-0.07621866007795837,0.84096833665264092,-0.53836851838193034,-0.054144207104137282,0.0043130423163333263,-0.093393131294504689,0.99561996800635955,5.4986520698101646,-10.972099672014117,-1.5624209366078143,0.7763411533665795,0.7909877258197121,0.5384615384615384,1,2
-0.85350088077451247,0.5208634921492572,0.015410031252783517,-0.52099856628102659,-0.85241741635699597,-0.044102632850866935,-0.0098356723332008195,-0.04567024017173589,0.99890814828612218,-14.107889956205412,-2.9796526070643008,-0.54529395606719844,,0.2101164709034842,0.1785714285714286,0,1
0.99622108633660622,-0.084998656907659703,-0.017854284141540569,0.086309220400443504,0.99181366958289319,0.094108253104518272,0.0097090479543868579,-0.095293615486087807,0.99540185916815005,-17.323879083980287,9.3475209792713123,-0.37702625104279075,0.7847967654754482,0.8011381056007405,0.5583756345177665,1,4
0.25258108565752052,0.96123170110569423,0.11061831655527365,-0.96754235628610608,0.25186590489018573,0.020624130192055959,-0.008036414648287752,-0.11223717184294339,0.99364894872198173,7.1243853567678004,6.8501829308238555,-1.5171551261606144,,0.2100448488929298,0.3809523809523809,0,4
-0.6172465975313095,-0.77855253059017682,-0.11341338081396836,0.78676821352464599,-0.61051394242203849,-0.090931316363164386,0.0015543562202898153,-0.14535708864700256,0.98937803733295415,0.12500037616788262,5.6626255217706039,-1.070597071132189,,0.2530374285848928,0.3513513513513514,0,4
0.97685242750562429,0.20339789295793634,0.066246750989320119,-0.21387865179908339,0.92301883304238819,0.3198314496006836,0.003906044159449523,-0.32659689372273581,0.94515565481548292,-14.851344844034218,-6.7143059626339916,-0.54296505678529483,,0.6578350285618172,0.1785714285714286,0,1
-0.59919884304492577,-0.78454473265716562,-0.15953152965329176,0.80059179360171984,-0.58626071657092316,-0.12389976684130373,0.0036778405626015369,-0.20196023040599997,0.97938681777076808,11.58777532381797,2.8935285401993016,-1.9054726541517886,,0.6100132485861471,0.1293103448275862,0,1
-0.18672301783033998,0.97105559919481155,0.14894810466983793,-0.98233668118654405,-0.18266534704608656,-0.04059576066462546,-0.012213083465584232,-0.15389734975281166,0.98801135941411311,1.8499051944003679,-12.620994751066455,-1.3372693947991787,,0.1709852949690745,0.2142857142857143,0,2
0.47653149637736214,-0.87460703878979262,-0.089332304681471617,0.87884169610813656,0.47661767219269396,0.021745522191769302,0.023558568337810417,-0.088871380393064234,0.99576446592801504,30.203730283472474,-3.2113016489812503,-3.5097329323221245,,0.4368315007008792,0.3076923076923077,0,2
-0.94635310234803194,-0.31178188243643401,-0.084899136984134982,0.32288131236992323,-0.92278605062908481,-0.21027021397871468,-0.01278529618481211,-0.22640221409865235,0.9739499851905622,28.191234591593197,-3.3653201622739046,-3.2853373240611226,,0.1990581109704053,0.1428571428571428,0,3
-0.86238972991059648,0.48159616669060978,0.15604193658641874,-0.50522090894634952,-0.83833636719308235,-0.20480226708933391,0.032183643487861978,-0.25545502083618754,0.96628512635837982,10.109737792066529,7.2952890900105967,-1.7340783140751528,,0.4135041862884799,0.2247191011235955,0,2
-0.96614852828388742,0.25048235055597701,0.061770651241769454,-0.25786898092925908,-0.93039331109789813,-0.26052231255460073,-0.0077852404834519631,-0.26763198374679403,0.96348975672104165,17.65247590908308,6.6596884634730467,-2.2056399808643055,,0.4328890167174725,0.1176470588235294,0,4
0.74643602642443652,0.66321764915428461,0.054549136619777415,-0.66545532697393095,0.7441153467955941,0.058835010540429923,-0.0015704323346344155,-0.080216585027897913,0.99677622023639034,9.322718817826452,7.7834762003977183,-1.6739669633650291,,0.07608292339376937,0.2608695652173913,0,1
-0.3340159745752172,-0.91965684542864601,-0.20655414637522712,0.94223217800775694,-0.33162537286639193,-0.047150130413233078,-0.025136655611400788,-0.21037085997698793,0.97729844459981408,8.1304040092827314,-9.8439028598018048,-1.7146677337602987,,0.6139004286707964,0.5492957746478874,0,2
-0.97053968244269051,0.23166112324620611,0.066225741070586958,-0.24080868515686166,-0.92352490128380182,-0.29851789537943663,-0.0079938699680333035,-0.30567119701576545,0.95210357491077802,6.6327144413492647,-11.447356569115833,-1.6086057009309678,,0.2191360718043098,0.2857142857142857,0,1
-0.55871239933803296,-0.81674052991227264,-0.14413660751023294,0.82865696576661063,-0.54258088538809024,-0.13759947637237341,0.034177301128285646,-0.19631833742698812,0.97994439764585117,3.8193527741675322,-13.818609790786342,-1.3945478706916834,,0.3117374510600048,0.4166666666666667,0,3
0.82050908862882665,0.54286159551657642,0.179070163876316,-0.57163341348676233,0.7793616581867171,0.25657483573788936,-0.00027579515233865077,-0.31288447366663868,0.94979115076704412,-13.911228942566808,-5.0858863899098967,-0.59045270300476349,,0.525486304715207,0.3636363636363636,0,1
0.99782434492511307,0.050373712677189687,0.042533113522095288,-0.054801144342885855,0.99238540550162058,0.11030884609174835,-0.036652574991092944,-0.11239971538442069,0.99298685425740763,14.798705451536032,11.312388836619306,-1.9556296649476617,,0.3007082976904675,0.32,0,2
0.99976150755558757,-0.020500362836534662,-0.0075274918631412589,0.020947827225599527,0.9976543843241733,0.065168381699115319,0.006173859789925764,-0.065310524131456688,0.99784588935013863,3.6220459210681795,13.623087507196654,-1.2524112066870785,,0.1763928011817242,0.2222222222222222,0,1
-0.98645310855387192,0.1639941408445002,0.0040232316708086833,-0.16208314620233344,-0.97059150519700088,-0.17799208902806202,-0.025284745234148354,-0.1762329475668348,0.98402369374438792,26.810502609663352,-3.2048050853060603,-3.1829726424386289,,0.4029881175508213,0.3111111111111111,0,3
-0.98083533706340886,0.19245638215843497,0.030374043757706651,-0.19482303758451949,-0.96680257976676609,-0.16533830706362895,-0.0024547085467670295,-0.16808721760684939,0.98576907117394286,6.1648064908877345,-9.6219076255948064,-1.5864761806583936,0.5591761893114313,0.1921476343483573,0.25,1,2
0.18910685263181085,-0.95816445179802001,-0.21484757759465289,0.9818213782755989,0.18812931629680379,0.025182166521184757,0.0162904711010491,-0.21570406500642716,0.97632288557167846,8.4731803143491629,-13.218158201325686,-1.7213320334953168,,0.4913494915453329,0.2352941176470588,0,3
0.96746538629109435,-0.23629003699670792,-0.090430883799280493,0.24916401766189103,0.95187560666760795,0.17846602403191295,0.043909208956772007,-0.19519182320801454,0.97978167645732317,7.6429245776670651,20.011212122636994,-1.4709348301032021,,0.2411043693250706,0.1666666666666667,0,2
-0.16504856202631774,0.9803608275135165,0.1079426702007143,-0.9862353075854533,-0.16294529611919159,-0.028084667426509745,-0.0099443574389433635,-0.11109220652072917,0.99376034908094635,6.3808515179255965,5.4104951207079282,-1.5239889789302665,,0.06774352084554904,0.3043478260869565,0,3
0.72934525696052221,0.6468395768061056,0.22283190531539263,-0.68414333448223685,0.6904488860793585,0.23500687988928989,-0.001842290073842277,-0.32385011593184743,0.94610660518686407,11.651673246199946,-11.271729159317159,-1.9103730667523702,,0.7288855854621704,0.28,0,1
-0.1240817769082433,0.9618422678159454,0.24385070121279442,-0.99222413583580349,-0.11785715987080825,-0.040011924873464166,-0.0097456094825289774,-0.24691930201963819,0.96898703881215476,-10.341757118241766,-8.2221915536404815,-0.75376982941402648,,0.09666953056863684,1.0,0,1
0.99852142427566437,0.045473903331343067,0.029784045700860601,-0.051532316718790667,0.966257384162717,0.25237093312150372,-0.017302762672288259,-0.25353262446248592,0.96717207503994396,17.265166184868836,-7.2167328693272434,-2.3900963482601072,,0.2652591944203223,0.1363636363636364,0,2
0.9530450603546744,-0.30282844060701136,-0.00022021144497793679,0.30258378989671547,0.95224537634485362,0.040887569279526859,-0.012172223514831802,-0.039034328345362669,0.99916372941842257,13.749191684943202,-8.1608231943280884,-2.1364753949956028,0.7968712450092537,0.3990678641450316,0.6481481481481481,1,2
-0.48756601985990794,0.87296514601159514,0.014533758182992422,-0.87301883189241447,-0.48725422139737223,-0.020529074300724471,-0.010839531316983161,-0.022697523640135425,0.99968361344048917,15.48791654654827,4.996133752713785,-2.1203096382716939,,0.162121920863692,0.1363636363636364,0,1
-0.20093517043882939,-0.95807366392862703,-0.20425452691946591,0.97957439218904907,-0.19487688474403106,-0.049568235392406901,0.0076855349959485736,-0.21004250588592277,0.97766204706584969,1.3028580767263163,11.728594748404213,-1.123623608428675,,0.5601536924453869,0.1176470588235294,0,1
0.99686028123291603,0.072263927571623129,0.032365173754452366,-0.078502012712551403,0.95538492905291161,0.28474035776237033,-0.01034474264112463,-0.28638708439887339,0.95805815282226081,17.138852389577423,4.5717587274265599,-2.191838670997877,,0.2187248097076297,0.2307692307692308,0,2
-0.96246385766671261,0.27130099104944783,0.007687323389700294,-0.27128531169949704,-0.96077812644306515,-0.057529743651964727,-0.0082220643038805087,-0.057455756927756688,0.99831419585942083,15.799922187599233,-7.8103474562235027,-2.3004378127562717,,0.1210252216026203,0.1111111111111111,0,1
0.64861882397913906,0.7361241941696518,0.19342903592273988,-0.76110740360972662,0.62832768258960947,0.16099640822711975,-0.0030234666164806554,-0.25164557228302864,0.96781473671357543,17.526811396022705,-9.926537369488722,-2.4085776387801037,,0.3421303699505619,0.3333333333333333,0,2
0.63268754491932111,-0.77210681466330999,-0.059645094135549345,0.77437015722279445,0.63153106471238052,0.038979147065979179,0.0075716647248877484,-0.070849001783537258,0.99745831433677945,7.3263162863101012,9.3238157031083393,-1.5230464569615998,,0.1151977512714845,0.25,0,2
0.34967788737879257,0.90316062169898437,0.24905073075702458,-0.93659315015381428,0.33053460751970232,0.11636212578305245,0.022773804321168972,-0.27394847078255413,0.96147469503499705,26.64228200548008,0.59665569074470026,-2.8553429107640014,,0.3467312391809044,0.4705882352941176,0,2
0.25246537726655721,-0.91863404746402777,-0.3039288076532311,0.96756687150495135,0.24250026243511669,0.070767025407474787,0.0086938166404423763,-0.3119376693487968,0.95006279160562035,-1.7759413501304382,-12.121352111745644,-1.1370153770389142,,0.1242569299332701,0.25,0,2
-0.56718293954272136,0.79794810837356867,0.20391745740549269,-0.82352014118861749,-0.54620812781484029,-0.153203322959024,-0.010866929113481451,-0.25482444437700735,0.96692627040513912,19.188817806254416,6.1495429379005131,-2.2899325171820881,,0.5391716017914541,0.2068965517241379,0,1
-0.97835471686943287,-0.20673117553807169,-0.0091798169904792042,0.20691837535382168,-0.97787400694181392,-0.030776817387379637,-0.0026141767856588858,-0.032010117278887397,0.99948412617285987,11.335528520336771,10.343036024676213,-1.7134502832640275,,0.09599973173815179,0.4210526315789473,0,2
0.98105918405878689,-0.18842504206919544,-0.044931958505396462,0.19355797435653241,0.96269592936967385,0.18908161766300149,0.0076281017890896955,-0.19419719641715577,0.98093285242508466,7.3432460170232536,8.0887711616650613,-1.5449461697677915,,0.3100814160563866,0.6,0,1
0.93328570024902813,0.34813661438356819,0.088196935526285325,-0.35912725466469125,0.90309417096226363,0.2354751225309881,0.0023273735589711872,-0.25143948794795246,0.96787022230916286,18.481291621632209,-8.4314905037142776,-2.4539854644899792,,0.6975003477949577,0.55,0,1
-0.22318201930185003,-0.95291852209657479,-0.20527073952618727,0.97474786860364881,-0.21654885206034494,-0.054526941267511397,0.0075085892811097774,-0.21225664869828231,0.97718510844690065,9.2536536037355503,-12.441892710203856,-1.7808280466610611,,0.7798942123082657,0.5483870967741935,0,1
-0.55176897373541145,0.82810045246062247,0.098998183101923279,-0.83392617326325735,-0.54627430767678475,-0.078431615556153036,-0.010869092394005193,-0.12583330801803105,0.99199185552290126,4.916950425176668,-12.9191875933601,-1.4985257317078029,,0.7489249481134225,0.2666666666666667,0,1
