axis_00,axis_01,axis_02,axis_10,axis_11,axis_12,axis_20,axis_21,axis_22,location_x,location_y,location_z,dbh,dbh_approximation,score,reconstructed,number_clusters
-0.18122749669800603,-0.98262558641611519,-0.040044367406123257,0.98219865103793014,-0.1788021853222744,-0.057581146421779104,0.049420687367150058,-0.049766810670982028,0.99753739790335383,4.6373036413845039,11.716259060615354,-0.69464566252175186,,0.2034546120684393,0.2826086956521739,1,4
-0.027353201130422042,0.98970187975622659,0.14050619770995826,-0.9985335571963343,-0.020483023656333501,-0.050111684213654174,-0.046717636292449405,-0.14167086838473636,0.98881081482271471,5.5579081912887238,-6.5249762364277242,-1.6864707290913419,0.273664697453571,0.253994542694312,0.5,1,5
-0.19185088786155405,-0.97919350796865956,0.066131012231512146,0.98028642442201108,-0.194436476538044,-0.035113853183332225,0.047241538085073073,0.058090709614374757,0.99719291340033889,11.07650616430359,-8.8503095839516934,-2.0692962141893467,0.3513898813008913,0.3517506580402044,0.8947368421052632,1,5
0.99631481193913773,-0.017756176726448795,0.083913727713291628,0.016204359093352452,0.99968552635784602,0.019138106933850544,-0.084227158666637977,-0.017707811233942407,0.99628922465529501,-11.724104574747905,0.5581537010405726,0.039665728393111443,0.1367451852024262,0.1232920345607057,0.273972602739726,1,5
-0.85230226662848896,-0.52101638835299247,-0.0460735213278093,0.51474302289126583,-0.81987025501182198,-0.25070378005050609,0.092846468348034047,-0.23739142363289828,0.96696682740456186,-5.5246525486083229,-12.155975146242387,-0.85196035276772342,,0.08850484732038247,0.5,0,1
-0.3053318311207035,-0.94482100225305643,-0.11868338807941169,0.95199460384050238,-0.30000724822938801,-0.060843448853564033,0.021880291658112134,-0.13156338666726555,0.99106625819144689,13.371059311989386,8.4423406003713826,-1.4558170223768299,,0.3830223041846481,0.2272727272727273,0,2
0.99358142456470533,-0.07529176573386609,0.084422169911990613,0.074864106493161664,0.99715982746962151,0.008224599670316475,-0.084801641015683896,-0.0018516191382323664,0.99639613266391958,-11.69694058816172,-5.2324821250813276,-0.1053669272191726,0.3046828124953183,0.308361151995546,0.8091603053435115,1,4
0.22803977210690596,-0.97163893280369906,-0.06257512762686554,0.97364895187198863,0.22772359827564714,0.01223443120744877,0.0023623835438818918,-0.06371614433155777,0.99796526597648227,-14.784579096352408,-13.582081652631327,-0.058736719235638779,0.8466988723152448,0.6408316999821571,0.9217391304347826,1,3
0.79034324521754662,0.59981564925307762,0.12481482944789135,-0.60613454134814926,0.79518595345888043,0.016739689553890186,-0.089210271402267408,-0.088884679966800911,0.99203883046155694,-0.86779486191305866,-9.6974608467351793,-1.2872850415672876,,0.07599936000467643,0.4545454545454545,0,5
-0.8067971999526613,-0.58587173897984246,0.076371353355040708,0.58381482118186867,-0.81038944477543373,-0.049286939090870882,0.090766363356302018,0.0048221635496383912,0.99586053944403874,-4.1960177245521502,-4.9753108297493291,-0.81672165911608607,,0.0797057318057674,0.3275862068965517,0,5
0.35176377569369954,-0.93534208404985564,0.037382240636231044,0.93606722038524315,0.35174624449271913,-0.0072621212819028802,-0.0063564951000795317,0.037546841285796821,0.99927465177472685,-6.2936209836959138,18.817672171964084,0.49344335635673342,,0.09421394647020269,0.3809523809523809,0,5
-0.42150255570553924,-0.90427667759361652,-0.067965328616504214,0.90479337666443549,-0.41435751360119205,-0.098269000536320414,0.060700420738806493,-0.10291521404772286,0.99283629951752039,-5.3543972487653653,11.278684335124495,-0.01969293721656331,,0.08918681560049911,0.1555555555555556,0,6
-0.042036811583182142,-0.99194699630046945,-0.11947411017620002,0.99897447694575581,-0.039716195029402289,-0.021739785264327974,0.016819657632445108,-0.12026545797884448,0.9925992739944276,7.0945339110156889,9.7429916954962401,-0.98140058517126916,,0.5065018591778117,0.1492537313432836,0,4
-0.37244707967138663,-0.92318646779716929,-0.094920590603091284,0.92314125590688156,-0.35802345678202191,-0.1401050535723668,0.095359291560496773,-0.13980683127099186,0.98557630625083648,-11.97361356356592,25.988360824575874,1.3152953696637761,,0.3300906606271177,0.625,0,3
0.93089544299311877,0.31664477100317534,0.1821256797131926,-0.34439565914234299,0.92698216219724539,0.14864622743962352,-0.12175920572407271,-0.20109738925323631,0.97197455514893794,-15.133881550294003,2.1599620070913153,0.42211688308966139,0.5650181322013181,0.4301767071760257,0.4496124031007752,1,5
-0.99588370896667688,-0.013138997369106025,0.089682801934992784,-0.0099390272011662274,-0.96764165710741412,-0.25213258252101028,0.090093584416821818,-0.25198609124027893,0.96352797357854458,-2.3150063745698701,4.0128329734870842,-0.67688469195817469,,0.4351834208719729,0.205607476635514,0,3
-0.98892466935534806,0.11677698319313427,0.091603136063819549,-0.12179241471476397,-0.99123409897623116,-0.0512012572572954,0.084821023681414698,-0.061790753540406619,0.99447840435001222,11.800918910012827,0.70644014452302184,-1.7495981593438283,,0.08202240229459427,0.391304347826087,0,5
0.90704701168436996,0.40745777007386186,0.10603718310522356,-0.41013992455273096,0.91201446167173617,0.0038553844807688643,-0.095136538103586257,-0.046987097250736166,0.99435469114879493,0.21456253692290372,7.9852725924377523,-0.59800687298181499,,0.09737312596846112,0.2530120481927711,0,5
0.90360638044630526,-0.42834867614501704,0.003594559992121217,0.42650675581062436,0.90043798146716525,0.085460100510312831,-0.039843399260380857,-0.075689187973894942,0.99633510946830994,-6.4347202713107619,5.7730678738111276,-0.25767708727045724,0.353973136262975,0.1980233532681911,0.303030303030303,1,5
0.19888867961678136,-0.97957683655214556,-0.029538354909898472,0.97993966558934709,0.1991724954465468,-0.0069691364050980245,0.012710032451996577,-0.027559723294786155,0.99953935226532364,-8.2685232283148373,16.995047940230116,0.52415482739862285,,0.1106459978165751,0.4117647058823529,0,5
-0.279003101525435,-0.95738524408874415,0.074637549131276529,0.9587206864549338,-0.28214641694259529,-0.035327677107844672,0.054880913827748797,0.061700030855673486,0.99658476382585759,0.72135659367350302,11.874509752236561,-0.37977174694802429,,0.07686711152069675,0.275,0,6
-0.838305730047885,-0.54515924516809067,0.0067007743312056641,0.53531510405900162,-0.82537361669864717,-0.17943280698939484,0.103350095961159,-0.14683252454940079,0.98374741036470681,10.502678381318807,12.659614176356005,-1.0163006546662716,1.02063795553716,0.4112325871216388,0.1153846153846154,1,5
-0.87090882898297961,-0.49141252527293638,-0.0056161912690005063,0.48309631995502006,-0.8539611195324095,-0.1933089547146494,0.090198432610613763,-0.17106763671667685,0.98112186114812416,18.004702206131839,0.3177676377268932,-2.2102021558817411,0.4843856219044432,0.2442632624188423,0.3333333333333333,1,5
0.4853030312380473,-0.87296695085168097,-0.049088395694718207,0.87409677153079401,0.48305898475828024,0.051076914978714208,-0.02087586814017537,-0.067695789861837274,0.99748758296250262,-10.13645108841059,-2.612015629621022,-0.20461137344291361,,0.1410756356753215,0.2962962962962963,0,5
-0.78675345750551751,-0.61373228130922541,0.065967294791317965,0.60775715463030877,-0.78888310329490463,-0.091075190537649869,0.10793626869028913,-0.031561625667439648,0.99365669407821278,8.4348195011262774,-3.8081789039645559,-1.7249323397758216,0.6520782137574752,0.2244148702905778,0.7872340425531915,1,6
-0.092180683920541281,0.95914862998693728,0.26746331917876492,-0.99551111676757276,-0.082984680473855849,-0.045509990099235308,-0.021455486573873906,-0.27045784958257857,0.9624927083853908,5.8441670850254201,15.745279779458473,-0.53648297721727245,,0.54431358173607,0.4285714285714285,0,2
0.95538286529730165,-0.29254118653843059,0.040782776695615773,0.28500359290016913,0.94928121516077668,0.13280860882063913,-0.077566311826152812,-0.11525983134451488,0.99030229654793855,-3.6422052459058958,-5.8686421883250768,-0.90022481240285279,,0.07219763025416498,0.3442622950819672,0,4
0.87181808095707458,-0.48335531808369775,0.079378020865538801,0.48546622881599755,0.87421311770773857,-0.0086003201619550707,-0.065236296610829206,0.04603326305968284,0.99680748607571179,1.377434500178311,2.7443065010226664,-1.0420990625176418,0.4776507515502516,0.423373744307369,0.9639175257731959,1,5
-0.9884770523863966,-0.1389771948457651,0.059987133773021971,0.13162019894516999,-0.98485672414855618,-0.11284217353901069,0.074761220797510408,-0.10364638060335989,0.9918004777437287,-11.387717090509749,-1.4616515519102433,-0.036758740722465516,,0.4958337699498784,0.3333333333333333,0,2
-0.46322570182306066,0.85033194540824286,0.24971490101467003,-0.88606804213019252,-0.44992639910916682,-0.11157804488440871,0.017474950246024974,-0.2729502115824286,0.96186943402470548,-8.8468191407056693,-3.373301007699518,-0.36784568145869873,,0.191574614495147,0.2972972972972973,0,5
-0.96508430214741869,0.20229214504160842,0.16640365922387151,-0.2495266814707742,-0.90324483339545947,-0.34912061838079922,0.079678886681556024,-0.3784529812260351,0.92218469734555553,-26.608013849046856,17.249489811324178,1.8855127607543376,,0.5086685869497891,0.1052631578947368,0,1
0.98809880105499015,0.12213193112956183,0.093512302678603346,-0.12240572500709382,0.99247612751103775,-0.0028239699330651503,-0.093153624938477356,-0.0086560799013802175,0.99561411924578613,1.3478103874258411,6.1119059054001408,-0.85841507619082236,,0.06751120292465962,0.1785714285714286,0,5
0.87521507677452415,-0.48225396310132429,0.037811168451001902,0.47843725753625882,0.8745188022429109,0.079464804314921311,-0.071388794553117113,-0.051458523071417524,0.99612030418798381,3.205525530151903,7.4844389338363611,-0.86387315679624543,,0.1248750479820923,0.3478260869565217,0,4
-0.99562080190586877,0.035832281452791492,0.086343884660135123,-0.044751279251397824,-0.99360331511775168,-0.10368112264234967,0.08207643887059296,-0.10709108176175308,0.99085566980737394,8.2999798440886128,1.2185928956623748,-1.4615323902103372,0.5018648444337517,0.5175858954667887,0.8660714285714286,1,4
0.99161171576519302,-0.097514801907321563,0.084835538344403855,0.095548515934385514,0.99505997295485049,0.026946824039737114,-0.087044162698859132,-0.01861487663316401,0.99603052167490602,1.24854578339447,-8.8042345455527578,-1.4435101772571091,,0.06714939193453202,0.2368421052631579,0,5
0.89733376364352202,-0.43808207640986552,0.053630317487146251,0.43823310730826204,0.8988107548122124,0.0095378557782505313,-0.052381869805274352,0.014943940655734069,0.99851530702006808,-4.5947971179882323,17.437334370498245,0.28960571856475109,,0.07786659992228939,0.1428571428571428,0,2
0.57557579452849228,-0.81745521769408247,0.02189684492377356,0.81733431595919392,0.57593010547055279,0.016405168947499941,-0.026021543159707991,0.0084546246161056049,0.9996256292303578,7.9023514177934642,-1.9559273854519159,-1.6169333441066669,,0.07526301958584615,0.3166666666666667,0,5
-0.91288891197653865,0.37938532509896572,0.15066721438270506,-0.40469783240155593,-0.88943556244103328,-0.21242420934226369,0.053418150845699515,-0.25489440041859679,0.96549228158254607,4.3662080888908905,9.8977022641651509,-0.74560520233262073,,0.1632705101139673,0.3870967741935484,0,2
0.17761870429939139,-0.98162112263224433,0.069796615141556592,0.98395968489366326,0.17595124768721171,-0.029402328841063006,0.016581145526465658,0.073899458993464506,0.99712784314425007,7.6004170771007606,4.9645468903038195,-1.2526247542539573,0.6234983749978262,0.5887612609233225,0.9905660377358491,1,5
0.98608646282742685,-0.15015340169920419,0.071326319031977781,0.14034579934737637,0.98194125828266432,0.1268637926589187,-0.089087285479130154,-0.11508831930485626,0.9893523812704671,-12.725932384846509,-12.147234130981206,-0.19264244238004394,,0.2259290891523236,0.2173913043478261,0,2
0.40032389434331372,-0.91635057275553067,-0.0065120986182251178,0.91634155242156234,0.40024020163410945,0.01122231266398354,-0.0076771689732633257,-0.010459866466530894,0.99991582259211076,9.6179642522668267,8.9375748586488051,-1.1651702088808671,,0.1312460261164596,0.3846153846153846,0,3
0.18661374430742778,-0.97218836394347696,-0.1415100542310255,0.98234526026934321,0.186580129832875,0.013625152399312621,0.013156749671513654,-0.14155437176030056,0.98984304805036027,-3.2355481192893549,-8.8490547278614127,-1.0262411524291242,,0.1169796282934309,0.1111111111111111,0,1
-0.31603031280408461,-0.92488604645857997,-0.21144891216359918,0.94700207750383381,-0.29399527213218785,-0.12943664538044658,0.057549166739190076,-0.24114846263274806,0.96878042526543984,-18.150955276227219,-9.7875576018151236,0.36460464523392611,,0.3604853958504914,0.4166666666666667,0,1
-0.81881398811498329,-0.57353013926132357,-0.024633964888408116,0.56657968032651029,-0.80049710699982191,-0.19542734590129865,0.092364055283136792,-0.17397574843581728,0.98040875161732988,4.5044280583734926,10.688977715569573,-0.73100238739396262,0.4134722820051007,0.2589761260744569,0.360655737704918,1,2
-0.42920007467075338,0.88907916724099045,0.15913997071976063,-0.90320837556155265,-0.42221420677285737,-0.077134907238088593,-0.0013878825891513844,-0.17684286238701724,0.98423811946331619,-4.5258804689763368,-8.0941677437467412,-0.8753637377202903,,0.1043469390606353,0.2711864406779661,0,5
-0.59722306598430841,-0.80207027581400203,-0.0028075099203671693,0.79935131435496798,-0.59490300023328713,-0.084426871032979786,0.066046087660724118,-0.052665861514688064,0.99642572293956155,-15.680359784103224,-16.014080750692546,-0.057549735020403329,,0.1360890751889581,0.3846153846153846,0,2
0.99143502389850702,0.084408313165272961,0.099658567398694664,-0.098568896100423395,0.98421453289857252,0.14698954368522102,-0.085678270926244415,-0.15555381673182661,0.98410479319595356,0.2097171046302789,-7.9907813065157773,-1.3041131191287239,,0.4806869675330214,0.103448275862069,0,3
-0.61768162237342494,-0.78550201131454989,0.03815761526782805,0.78204308883521656,-0.61863069997737263,-0.075529227790155237,0.082933832584805578,-0.016812116651396994,0.99641323362673806,-1.6613299698695334,6.5616609687330723,-0.55216331050575806,0.3500728119589086,0.2416926930645763,0.436426116838488,1,2
0.22963002893963247,-0.97220133375801721,0.045766979890703066,0.97323213455673985,0.22890873082583502,-0.020494028833729482,0.0094478608857147175,0.049247939965423322,0.99874189775629529,6.8824410598039494,15.542510039472988,-0.62389361954276379,,0.08448401451385146,0.2173913043478261,0,2
-0.47801074186120968,-0.87474980871231478,-0.079489010706292301,0.8750183445484444,-0.46636202263213039,-0.12980508676538535,0.076476319007892729,-0.1316025683800939,0.9883481859277965,14.91693763934107,5.6905045858080134,-1.7174233733544511,,0.1513188372991882,0.1428571428571428,0,3
0.9921277492849192,0.05142185424836853,0.11418547195023676,-0.084589598382583814,0.94753074104892521,0.3082695161911842,-0.092342454723230966,-0.31550164448530699,0.94442129549409948,-20.703702274082865,21.647096124476494,1.7019594836157272,,0.3817006293260038,0.1363636363636364,0,1
0.92536281658116948,-0.37151884568602123,0.075348556649020182,0.37202140066960593,0.92819158290987069,0.0077757867186052229,-0.072826747372025019,0.020835851683938672,0.99712693883568093,14.113392960667062,-4.30130912346507,-2.1185596753749607,,0.09492633445674806,0.4318181818181818,0,5
0.38642532673761332,-0.92194431792243658,0.026346565359891834,0.92229111855334645,0.38648401606116467,-0.0030328150045304007,-0.0073864398289722475,0.025471159764873866,0.99964826840588594,-6.1061269215640026,15.035173442463179,0.26120933457563578,,0.09161884091395137,0.4651162790697674,0,5
0.7668428655515418,0.61570204774747184,0.1812815709118506,-0.64091602134523795,0.74967498308711256,0.16496688551441671,-0.034331809385597767,-0.24268994238102654,0.96949621903925098,17.246165308044819,7.1845566223016633,-1.826174913960144,,0.4063733375709919,0.1304347826086956,0,3
-0.81943883924586947,-0.57166326594047157,0.04148613153396067,0.56259349552501403,-0.8160514946448324,-0.13247081520425133,0.10958351850677985,-0.085211903289424462,0.99031832458531499,-3.0296451527725745,-10.690300642087749,-1.0782935468150601,,0.142408028750916,0.3571428571428572,0,5
0.95803416491867033,0.25966658098771234,0.12142407325871572,-0.27483356820234967,0.9524384884745245,0.1316337170390928,-0.081468083552705933,-0.15948100949804411,0.98383370493784883,-13.138222821606499,-5.1241036407537255,0.026548146911069697,,0.314027722159798,0.4,0,3
-0.35833135383583098,0.92025086024023472,0.15727998946238497,-0.93359035867667306,-0.35270808713691681,-0.063293344469842569,-0.002771830467661877,-0.16951507158752768,0.9855236970568152,1.6328549879741401,-13.870533298927626,-1.5754835677958234,0.3391291413602585,0.3361605626033383,0.6567164179104478,1,5
-0.67965858609877827,-0.73240440793242234,0.040595437962514802,0.7286567002320069,-0.68047762337938311,-0.077521721387951714,0.084401537599822191,-0.023108165680239479,0.99616383849730339,-11.403259257900517,7.8019282382497206,0.27905578994199115,,0.08832375709753473,0.2333333333333333,0,5
-0.99524771280739277,-0.050479098411325238,0.083269747058774962,0.044755717327971317,-0.99659668081848929,-0.069224139922635652,0.086480725702964376,-0.065168369667727891,0.99411979543550888,1.1180317359219381,19.338246230140353,0.0056259564654038341,0.2749114223361172,0.2301535888599999,0.1333333333333333,1,4
-0.73684790305276704,0.66711682166297082,0.10959157823955581,-0.67531707142652242,-0.73389477972296191,-0.073111595081021982,0.031654712234449073,-0.12788118919404143,0.99128420780504345,-1.7022801642656569,-3.640232275421412,-1.0257863369296929,0.4503200221458006,0.2759917461290068,0.4369369369369369,1,4
-0.11941681373096544,0.98659867046361083,0.11118762538061092,-0.99267798484959524,-0.11659657147203166,-0.031554047536159514,-0.018167085437424669,-0.11414159172012016,0.99329837110825181,15.692918669540989,-0.14155869536558507,-2.0427341495121203,0.4396222095058598,0.4427490740330041,0.9414634146341463,1,5
-0.83155247165322832,0.54385264759101448,0.11289280134557787,-0.55195331051173091,-0.83183349033442899,-0.058314555414441735,0.062193487621686257,-0.110803168123873,0.99189446415995552,-2.5009278942834712,-11.74911070313844,-1.1662626510792111,,0.07754849239663122,0.2608695652173913,1,5
0.74734071657451462,-0.66294208972775559,0.044605369825706662,0.66279505137065997,0.7485299876012339,0.02013895578877253,-0.046739418358128365,0.014513556734792814,0.99880167372829853,-8.038631044102889,18.555675723678391,0.58527600118572876,,0.1229161347871946,0.125,0,2
-0.18505044973175483,-0.98220439391476533,0.032107002796954859,0.98161767942516343,-0.18629583938230015,-0.041480015294141012,0.046723254317665545,0.023840906093783192,0.99862332673666021,6.8472181754892061,3.0584284658229457,-1.313070215942614,,0.06565256132576505,0.208955223880597,0,5
-0.5471640025280472,0.82998125180832127,0.1083636285115033,-0.83653815380826513,-0.54666020934426751,-0.036966643649943745,0.028556462675670351,-0.11087712643450888,0.99342377225083511,-8.1484924666055978,-9.4754878614157274,-0.55494025774639544,0.3613832036018959,0.3075159846024642,0.9137055837563451,1,5
-0.26402367567411467,0.94585428151196294,0.18881519226222002,-0.96449548661343565,-0.25762672879078319,-0.058111314860996924,-0.0063209956370451504,-0.1974541636888153,0.98029174139952235,-7.6937555996443594,-13.46122311556387,-0.69762240563607725,,0.1376441874854161,0.2608695652173913,0,4
0.027526733781245899,-0.99895637027339601,0.036447897299272322,0.9991479911129465,0.026373783739321404,-0.031744533170858846,0.030750134671260559,0.037290666680463061,0.99883123469194046,3.838629890927129,12.653414686416735,-0.57293479507902445,,0.07261746075182993,0.3529411764705883,0,5
0.70219919992304203,0.70419102463143668,0.10502992171742369,-0.7068449912171012,0.70719332605430985,-0.015740329588056583,-0.085360658495218678,-0.063187027250626776,0.99434448636701978,-10.35215207399796,-7.8874847577344296,-0.29893031763449668,,0.08149665382708766,0.3541666666666667,0,2
0.20834512407114936,0.94479122691658401,0.25290679472333821,-0.97684119152136284,0.2138899830295449,0.0056887350743195135,-0.048719563040961693,-0.24823499491626133,0.96747392289199274,-5.7898564758273938,25.166402304415854,0.78968156797002476,,0.8190604623168306,0.6578947368421053,0,1
-0.40183425474872181,-0.91539510797882007,0.024104522376173883,0.91347873193847329,-0.40255263565874422,-0.059228218108241644,0.063920560124410955,-0.0017809583494501227,0.9979534008062394,16.86634094810168,-4.4862000465747558,-2.3151819093336767,,0.1674745077858531,0.8333333333333334,0,9
0.85735834947918277,0.4985501338094584,0.12800165880528086,-0.50741317862792457,0.86038944101827275,0.047559183539790849,-0.086420638351255907,-0.10572499166628714,0.99063297916237669,-20.47688679791349,12.59938782398269,1.2633743164016547,0.1649466602009133,0.1425102268282921,0.5777777777777777,1,4
-0.66030669070644876,-0.75079716694401633,0.017282601573135315,0.74636076843487809,-0.65861027042703635,-0.095802479244136568,0.083310728898476058,-0.050359962240489976,0.99525031859002167,-14.454179654026376,-2.4412118590288223,0.21367184644926882,0.5253061452631171,0.1953406029081036,0.6896551724137931,1,5
-0.34251728984766672,-0.93553292389838538,-0.08637160677877502,0.9380729817335014,-0.33545915060479337,-0.086523055985842895,0.05197102170468023,-0.1106585133536878,0.99249871855097305,-17.208282015330294,-21.635524416539614,-0.098782178196767087,,0.2255110740797315,0.2631578947368421,0,2
0.056777244341332737,-0.99791912904283986,0.030557428153950645,0.99826284002308385,0.05626116289189776,-0.017492392034779428,0.015736796181296121,0.031497514829437176,0.99937993766410849,-0.21325398646023519,6.8010956032746614,-0.62878432596243228,0.3912326114968849,0.26321834356301,0.1370967741935484,1,5
0.30322118081783306,-0.9528972174932665,0.0066187912060178735,0.95291509767055382,0.30323498046577924,0.0011675844454641779,-0.003119636991335118,0.0059531097342853945,0.99997741391970119,-1.9515946797739079,11.801060867804154,-0.21335272265104016,,0.1014098468770953,0.2926829268292683,0,2
0.69474791465527053,-0.7160370928268891,0.067942746324904324,0.71801728041517987,0.6959882788422187,-0.0071764015659700258,-0.042148785360228112,0.053769855962832742,0.99766341141809656,1.8460512664174611,17.868909986284933,-0.14106433228189488,,0.07744148637954974,0.375,0,5
0.9887921832556662,-0.10294005058294635,0.10813586046484734,0.09906866452605885,0.99425210400151853,0.040597455555451807,-0.11169341091360623,-0.029429571429671394,0.99330684195969887,-0.62016541370885947,-7.3952557303953661,-1.2128241072163946,,0.1188480650618171,0.288135593220339,1,5
0.83452331314903871,0.49758562399782363,0.23659963356152391,-0.5339406021211669,0.83630975640868133,0.12447258630774292,-0.13593481238166005,-0.23020542592725468,0.96360115642127264,3.9490635825824407,3.7534825927811437,-1.1390024683254425,0.5207066542701456,0.2453804091916538,0.1025641025641026,1,5
0.80033207644970406,0.57666830153517934,0.16407997260554502,-0.5926949921635164,0.80225449803737103,0.071416851254418989,-0.090450061746770727,-0.15440657493558221,0.98385842271470547,-9.0781459509074391,-6.7061616908443789,-0.37982409960442243,,0.1394495854785067,0.3255813953488372,0,5
0.016576768686812782,-0.99318286109606613,-0.11538204004496597,0.99981882572222058,0.015385544120188022,0.011207174646991764,-0.0093555583129134156,-0.11554691452894784,0.9932579645145041,3.5703283465379467,20.629868242094247,-0.14085287164101648,,0.4326917159326191,0.6153846153846154,0,4
0.70995617251008836,0.69145727939865409,0.13360038877726796,-0.69902375638447911,0.71495468352781166,0.014338358057298351,-0.085603861624100927,-0.10356945142395138,0.99093155546020595,8.1880963227458601,18.764747804303131,-0.55498362483360031,,0.09017584556065393,0.1875,0,1
0.46719438906918354,0.80334243352201573,0.36928354597138163,-0.88145191378155685,0.45582747919167943,0.12354688545078807,-0.069079132254997871,-0.38322609999409524,0.92106776611181651,-6.8482854060489435,-10.902583118356782,-0.69644042021225117,,0.3580188165169767,0.1578947368421053,0,2
0.97053705416544067,-0.22599458319513063,0.083571974120085574,0.227778498173619,0.9736347762413784,-0.012340107907660311,-0.078579782779285123,0.031012430731261961,0.99642533432189462,3.5197091556143376,-2.2941104361633293,-1.4060359225177563,0.7499028222718869,0.6070935062031859,1,1,5
-0.96999098399289285,-0.23118320099400363,0.075311476885429371,0.21300815196214673,-0.95734101359310952,-0.19525806229241394,0.11723914947733785,-0.17335660146265902,0.97785605820036026,-12.282739874356915,9.3578262550747038,0.46075892030832927,0.6639240585444796,0.7738216318843336,0.4642857142857143,1,2
0.21060240512562153,-0.97153597120117774,-0.10846420431409068,0.97751705915929143,0.21046453782216945,0.012848243921722889,0.010345337494493772,-0.10873148109671772,0.99401732329504189,-6.9324065223910845,-9.5741466222292999,-0.66223913732871342,,0.08286317470350672,0.25,0,2
0.25436487788966522,-0.96678226557174296,0.025110951239333983,0.96708556670980406,0.25409501484832009,-0.013462172588787994,0.0066344221868922752,0.027708742396590207,0.99959402260970232,5.6376006841450446,-2.6625221283623919,-1.5582602836218107,,0.0665396482353213,0.1935483870967742,0,5
0.90733337868612951,-0.41671326433701766,0.055643465452829173,0.4147086683000224,0.90887759577614469,0.044251964171071717,-0.069013479544472373,-0.017075456707294934,0.997469582703855,-0.89006269660099091,7.6423587427412771,-0.53086843525381511,0.1975916406683751,0.1548900684469142,0.3076923076923077,1,5
-0.95040168542146619,-0.30921406333003432,0.033515658832339951,0.30588174518058608,-0.94875841650248904,-0.079333631462129975,0.056329337944941146,-0.065146988837700523,0.99628453542753814,-6.1120250719972633,0.41874858180767632,-0.5328516632666801,0.8031275567701142,0.7358514743510979,0.1367292225201072,1,5
0.96873451208596095,0.22283300193604305,0.1090820715871654,-0.22862297785856375,0.97253577583443762,0.043654309262576955,-0.096358596340227101,-0.067228104021170854,0.99307371475689599,-12.332049663357834,4.4301774508901408,0.19077356904359855,,0.07617061893980126,0.2340425531914894,0,5
0.97902202076939571,0.17715084555018851,0.10066509210973325,-0.18072553608187231,0.98314894836262845,0.02750319874808951,-0.09409656453095247,-0.045118989952239508,0.99454015167270193,14.345090354974863,-9.0543251691510704,-2.3049856690219261,,0.357872605871608,0.1111111111111111,0,1
0.9691661519510063,-0.23412393057858591,0.076830690761649792,0.23282433263879826,0.97218222211474714,0.025584314243916037,-0.080683331883214957,-0.0069073970833224314,0.99671585109385952,3.9919073954693971,15.074283181714328,-0.45334702499264706,,0.100518993970528,0.3793103448275862,1,5
0.5138630809240794,0.84300847296478587,0.15900141060001136,-0.85507418351959485,0.51827008979998257,0.015628649878246068,-0.06923059108163028,-0.14398898752438777,0.98715464681588283,-8.9262933772395474,2.7138114869235901,-0.18479868443409822,0.4395038957971467,0.4091899027562239,0.4771986970684039,1,5
-0.83108488697326399,-0.556088735780085,0.0079516402801224229,0.55266479763625576,-0.827396053769476,-0.099886894337425938,0.062125132581865798,-0.078619896624239766,0.99496702445683105,-15.747946991613903,-20.141148233911814,-0.1872829032502597,,0.2391518623465798,0.5925925925925926,0,2
0.8026797713310907,-0.59170775982170487,-0.074746984304711606,0.59519217407661884,0.80273032174161096,0.03701765085144415,0.038098039500966241,-0.074202139614643448,0.9965152190823745,-1.819045223955247,16.544483950731536,0.05939461247008046,,0.2322218958814322,0.28,0,2
0.94126887305379825,-0.33355854923463579,0.052455722781384967,0.32866948535089474,0.94069491728312915,0.084079973815798473,-0.077390425888545569,-0.061901266789722451,0.99507736138986547,-10.610078485481894,3.0325674261180389,-0.0031856960314585042,0.1410014683580741,0.1823622991702704,0.4745762711864407,1,5
0.99469980851275941,0.046909623747831745,0.091497421518411073,-0.047065732484287658,0.99889169208014683,-0.00045201657046360649,-0.091417218128744274,-0.0038567723681028928,0.99580521063936156,-3.3554072988020907,3.034011277444653,-0.67207252767642134,0.37063550556788,0.320925721319529,0.9600798403193613,1,5
0.88860807433210109,0.42712262443889198,0.16715846949594834,-0.44943336559009778,0.88359527081678813,0.1314117471330658,-0.091571502806017196,-0.19190013309698428,0.977133050710704,-5.0291140050942875,-4.3461658508606353,-0.73780993729357491,,0.1971676064135832,0.2435897435897436,0,5
-0.0089589359066303935,-0.99698667359165405,0.077053943105272471,0.99946162611659128,-0.011360062712170568,-0.030779975561331024,0.031562563074019737,0.076736703446429286,0.99655169607821859,4.1487044227449594,2.7194588255450416,-1.2043861284675224,,0.06819636979011338,0.2131147540983606,0,5
0.71736428919706952,-0.69591641962962603,-0.032997173737517642,0.69533855162019587,0.71220318882454381,0.096285598398091241,-0.043506036541038198,-0.092016056848966715,0.99480664958898235,-8.4486361119817328,14.367931670686493,0.39626585179338614,0.7983818602972779,0.3605803175065922,0.5106382978723404,1,5
-0.31842308664989155,0.93615875473632337,0.14904202031270078,-0.9479483800721128,-0.31433347009970308,-0.050875714184045726,-0.00077884980129570857,-0.15748414366410113,0.98752120882914285,22.867123763755799,1.2386057044443897,-2.5168875468666605,0.3519171401993739,0.2455161811644905,0.625,1,5
0.34693756171158002,-0.93691907881499059,0.042625907921056999,0.93787599717418113,0.34680664800426281,-0.010665965712699069,-0.0047898014740258357,0.043678240034579277,0.99903416815908863,-22.3345557712553,-1.027596956255111,1.0247119163298157,0.3822520908822993,0.1675799923596502,0.3125,1,4
0.62988694380186172,0.76858396344418567,0.11189785147345992,-0.77250148502779803,0.63489316949685581,-0.012333651368655885,-0.080522628234533739,-0.078672450468147456,0.99364317130423629,4.8057950081282588,-3.8650990027466388,-1.5377425579992225,,0.06770165191975898,0.2857142857142857,0,5
0.24621843831156567,-0.96775168773554388,0.053227356879886271,0.96919897393116217,0.24553348805310915,-0.019148242093091686,0.0054616450081921529,0.056302549937626407,0.99839881475506798,3.0798425917100998,9.2979778348925439,-0.70024208855035952,,0.09053131233826266,0.2045454545454546,0,5
0.93105197979910093,-0.36031735291629602,0.057564017402953159,0.35890749475513478,0.93276976187826932,0.03355564831962031,-0.065784657183624917,-0.01058189552728995,0.99777773194548813,1.3155647248968849,-5.000937570444469,-1.326040730153405,0.370721850815885,0.1386282080342074,0.4173228346456693,1,4
-0.66606361939795045,-0.74540490048055208,0.027033114028523465,0.74121101800704747,-0.66550140805037372,-0.087829964521942278,0.083459461413657537,-0.038463102092095997,0.99576860167309655,2.4038634777260617,14.592671320738708,-0.34250558481269278,,0.7180438345740073,0.1666666666666667,0,5
0.85942541114658166,-0.51030639957017532,0.031230453619092578,0.50679975747050576,0.85838713502041708,0.079533214817948172,-0.067394128107469267,-0.052525279524874471,0.99634287597566962,-6.0521778850086712,10.161074610639195,-0.046762332458985915,,0.09739310836550487,0.2073170731707317,0,5
0.99608084381836925,-0.0048090541423718826,0.088316621178236396,0.0010547127912580415,0.99909558776200624,0.042507576917751658,-0.088441167784083105,-0.042247834414870934,0.99518504828410692,-4.3181340443529157,-10.37634648595523,-0.93635445915967597,,0.133188189766407,0.1428571428571428,0,5
0.028439098111038855,-0.99915248844057247,-0.029757730787839453,0.99871335887054591,0.029651832906623547,-0.041138736232285283,0.041986241938789498,-0.028549494711614477,0.99871020913955222,-4.9811348722111939,-6.7736688921041193,-0.78685989880145479,,0.176459698629528,0.1403508771929824,0,5
0.10686112602489643,0.98890998958928533,0.10313938256170707,-0.99344278464863744,0.11043645058635125,-0.029584185157776815,-0.040646443562167324,-0.099301676080554332,0.99422685728828508,9.4548557958406736,-1.8584015582081246,-1.671816874317253,0.4425264872624685,0.4247605765054505,0.9157608695652174,1,5
0.090760198132362302,-0.97524338464334759,-0.20165050742401158,0.99566725652870025,0.092975281361810908,-0.0015203066480005275,0.020231181665591253,-0.20063882417189144,0.97945636019341586,-6.7183857799864208,13.966112260841177,0.25014864886872223,,0.1280701411434103,0.1666666666666667,0,5
-0.030379724118638683,-0.99908805008621804,-0.030002342198454102,0.99898927826786754,-0.029354502843643705,-0.034040197835018972,0.033128451040157741,-0.031006149998351079,0.99897003177971211,6.2743971955630702,5.102585987953022,-1.1673323667775306,,0.08181553831678029,0.1818181818181818,0,5
-0.52939907143417653,-0.84831163864149184,-0.010197397217914713,0.84552876802036303,-0.52660273653132117,-0.088151348983965525,0.06940983802459498,-0.055289435004459,0.9960548944522527,12.862037247113143,4.5840369314205116,-1.6288825868598371,0.4018481250618653,0.2257887906749458,0.3888888888888889,1,3
0.10889459323525523,-0.99311612185148801,0.043154792118454202,0.99384108468678611,0.10787169393338895,-0.025369194637054421,0.020539375665286169,0.045651573539145382,0.99874624799329215,11.02705719655213,-19.292050975137244,-2.4569897118264703,,0.1864691552165973,0.9375,0,1
0.64343758754967639,0.75362203252636317,0.13432015120258578,-0.7611810088767631,0.64849196013909038,0.0078517106616109895,-0.0811883159919317,-0.10729403397110866,0.99090688140743111,0.10819772402749633,-6.2177266154719142,-1.2437120966856579,,0.06714693668855438,0.2075471698113208,0,5
-0.64367409934595954,0.7516700491403091,0.1437907891923941,-0.76454363150486948,-0.6399357424144686,-0.077170467834453541,0.034010136084892749,-0.1596069635255524,0.98659461170109719,8.3379575049647059,8.3496166986368845,-1.1359924568620048,,0.08472600256041204,0.1818181818181818,0,5
0.80917486444204079,-0.58640303779826219,0.036979940727028024,0.58495819006330696,0.80990905919855372,0.043257735793426288,-0.055316856680985335,-0.013371353300384633,0.99837931282546688,-18.888906950773677,9.5850688368069523,1.0286291059562676,,0.3041248875731515,0.358974358974359,0,1
0.98550104685881912,-0.15451647822981532,0.070088120217522532,0.14046599638091928,0.97471476002833124,0.1737827391993467,-0.095168222116872869,-0.16141807376612941,0.98228672746848478,3.365596198510826,5.1431596732749734,-1.015475415200908,0.4424026515488768,0.2733354744880705,0.2393162393162393,1,5
0.30469550916668225,-0.95131677315205532,0.04644398575937362,0.9524473915784667,0.30422230755975588,-0.017110051384856332,0.0021477823519183009,0.049448808909599788,0.99877435005530169,11.212436982869619,5.1895955215389291,-1.4716612237662074,,0.08154367856204428,0.2765957446808511,0,5
0.31613010579311884,-0.94871153605505765,0.0028596446081322249,0.94821091570192229,0.31605874692908364,0.031669035876399146,-0.030948595363190123,-0.0072999894295129944,0.99949431944327494,7.0780732332890377,-6.2942453442890685,-1.7825405279481221,0.155575447808935,0.239324561411111,0.2941176470588235,1,5
0.86417575328949792,-0.50306334943826603,0.011293089855384681,0.49924154344113236,0.859984629500681,0.10575593754060912,-0.062913819857363745,-0.085753737379371253,0.99432798803836608,1.895109749132794,14.77167411467541,-0.30231110669166672,,0.09763148077926231,0.3181818181818182,0,1
-0.74865659204993296,0.65355655184864125,0.11125259869276573,-0.66119621310364995,-0.74830452224517729,-0.053478124170630206,0.048299844281033941,-0.11359654714440397,0.99235223057102873,9.3538714857343415,3.2512360577321457,-1.4710365616744903,,0.07017062376917585,0.25,0,5
-0.44133041073035417,0.84841541410590848,0.29226486903505422,-0.89720661773649446,-0.42291496381670957,-0.12713464700762042,0.015740192324676574,-0.31833036061207198,0.9478491588107103,-3.2710730773053491,-17.342333407283235,-1.1803740930197977,,0.3698368641418827,0.2142857142857143,0,4
0.99223023643277608,-0.10009230915008425,0.073896465122239116,0.092007730924933737,0.99013119082309287,0.10571093798321367,-0.083748046894260894,-0.098090542909343811,0.99164737181779894,-4.868098089918858,-16.301783456133748,-1.0378493894203338,,0.4054381678647104,0.3571428571428572,0,4
0.98546114210372215,0.12957688125647424,0.10989162501062666,-0.14588409080157066,0.97686523632889877,0.15637180725145894,-0.087087137136489801,-0.17012977956822792,0.98156593698510108,-4.8166270867244023,16.479896740814798,0.25580171731876017,,0.1261531175947144,0.3076923076923077,0,4
0.81804995222263088,0.55215852853244229,0.16098209539399017,-0.56784287269857214,0.81984480869905763,0.073545642798465705,-0.091371481294685877,-0.15157654507902643,0.98421329161311422,-27.799445844466849,11.658342876904641,1.8155087660656986,,0.1535510343213146,0.3571428571428572,0,1
0.67532845027364796,-0.73424403418559903,0.069405925639324711,0.73326046744388251,0.67854718435388717,0.043621158735100148,-0.079123770985549277,0.021434011949950597,0.99663434217207147,-1.7218728549088906,-2.6096137922684464,-1.0040539419596959,0.2577896605627301,0.2405322506241822,0.2043301759133965,1,4
0.99387599996583842,0.060961349963595368,0.092164041266213997,-0.061618473580581562,0.99809051980801788,0.0042986024425864843,-0.091726007247146288,-0.0099512853429230708,0.99573455876278572,10.56048614685222,-2.4665356277927368,-1.776483964602747,,0.1094969943382947,0.2758620689655172,0,5
0.98739847654144108,-0.13708719218064688,0.079065480860286058,0.12933118063660756,0.98693757452563424,0.096060760483146351,-0.091201393842325826,-0.084624616569209096,0.99223030594299622,13.880742561174895,-7.6887275951593486,-2.2192963984381553,0.4444464789439853,0.2842762907427728,0.1904761904761905,1,5
0.63104481021564829,-0.771250899402948,-0.08339363087214989,0.77512850130507305,0.62259840086193785,0.1074571435908741,-0.030955677418662113,-0.13245105289993678,0.99070604349688418,0.48967603077676142,17.116825863399718,-0.056803824140096465,,0.3923190552657065,0.4102564102564102,0,5
-0.27214098113269125,0.91544956815553868,0.29646479479353588,-0.96224539585589408,-0.25736145555639833,-0.088593901302661482,-0.0048046375794425361,-0.30938191504632145,0.95092573111678969,-16.43522862909078,-0.097345094817579081,0.47945605320306856,,0.4065828951307566,0.375,0,1
0.37936220901741857,-0.92493655307434564,-0.024014311490693978,0.92418532082074722,0.37755502384382578,0.057738174111595278,-0.044337423796123328,-0.044097355444923429,0.99804289291286818,-29.974673340046262,17.278426617151162,2.1430279931141389,,0.2318503655030892,0.6363636363636364,0,3
-0.74095549641136127,0.63754451282768021,0.21100224288170427,-0.66902149248929221,-0.72804029419016381,-0.14955792397228934,0.058268301203947839,-0.25198080125044603,0.96597643908947906,24.92733519753628,-3.7972797308473298,-2.8832406360620659,0.3763210224796397,0.219942233017062,0.1333333333333333,1,5
0.96006954695200897,-0.27539852612314225,0.049215006091274077,0.27277033199195305,0.96056129731948436,0.054021663033528865,-0.062151516476775477,-0.038440160003691319,0.99732619693785574,-15.361010340934556,11.909546173590435,0.8258447266217035,0.8073396850606107,0.5654595492384629,0.8602150537634409,1,5
0.26978484328235341,-0.96241665156060041,-0.031150074381913178,0.96276389386721073,0.27018340433806032,-0.0093065936810151576,0.017373053869806743,-0.02747938898845877,0.999471390375962,2.4641347924507095,8.277420257711416,-0.75662968667483632,0.5883690581393077,0.1981421696448764,0.3389830508474576,1,5
0.83043301304420203,-0.55208851464743658,0.074694597132024004,0.55414455861462142,0.83237716804139894,-0.0084887149314578636,-0.057487555210973255,0.048440913676026279,0.99717032591132437,1.7160287582129483,13.374427785482389,-0.36426902876932499,,0.08149533872113186,0.3555555555555556,0,5
0.99455517558328477,-0.072618658021709068,0.074743114917880632,0.055737955786492148,0.97669516997404526,0.20726752093397166,-0.088052728550820525,-0.20197295724056077,0.97542485181497096,0.96843453518409672,-3.2484448194512519,-1.2569642329945216,,0.7627351685709554,0.832183908045977,1,4
