axis_00,axis_01,axis_02,axis_10,axis_11,axis_12,axis_20,axis_21,axis_22,location_x,location_y,location_z,dbh,dbh_approximation,score,reconstructed,number_clusters
0.89557588101469532,-0.43921009855017595,-0.070981199456595256,0.44144187600660828,0.89709355503160815,0.018767621813046635,0.055433847534864036,-0.048141903289088538,0.9973010807650744,3.7622955639908371,-31.610366326408698,-5.9581970616483204,0.5607486554938135,0.4240893757842256,0.6521739130434783,1,5
-0.99393187517337278,0.10985222624055065,-0.005649416282806019,-0.10504400481785482,-0.96315934631118849,-0.24756783043285246,-0.032637165412579244,-0.2454721206234996,0.96885409295230451,-3.2896996568295784,7.0858978177158507,-0.73240681692197873,,0.0773858346055359,0.2162162162162162,0,5
0.94887716656005916,-0.31045570817183299,-0.057003298540331121,0.31459934393544153,0.94487383704266026,0.090778218024309548,0.025678309452576879,-0.10407057862722249,0.99423837136164273,-5.8494116577666153,-30.307259186290082,-5.3765746359233262,,0.340204595378421,0.6,0,2
-0.0020699201791598261,0.99800566251825584,0.063090514437206188,-0.9940572052085116,0.0048132311138883981,-0.10875249688760957,-0.10883927693391361,-0.062940689444458048,0.99206475666095573,-17.753216273159502,-30.964660582389708,-5.3408894612900699,,0.1750529151006643,0.6818181818181818,0,4
-0.89313367890482165,0.4449857381550878,0.06557380913528113,-0.44424366235408974,-0.84986677968541979,-0.28350313092690838,-0.070425847983281095,-0.28233694343055038,0.95672673753278692,-14.334251043131527,5.5587572339320346,-0.75239436468424181,,0.4489820141795409,0.9689655172413794,1,3
0.44452540222428627,0.89570294926652538,0.010648636184261272,-0.89152202571803552,0.44354378768668379,-0.09196404767168892,-0.087095605152883823,0.031386861579303982,0.99570538839721801,-15.520599048853549,17.279127430866179,0.71994242827357802,,0.1280903486016509,0.4285714285714285,0,2
0.95224888977083499,0.29451954779869527,0.080500235370242701,-0.30481312505915442,0.93225050176180491,0.19493065627688247,-0.017635496077081828,-0.21016002933316275,0.97750792904651196,-11.39966761546118,12.068736117155765,0.012282840653130102,,0.6312332691284603,0.3333333333333333,0,1
0.90861714477967481,-0.40240885411246907,-0.1117228640177145,0.40298986828390726,0.91502067545111543,-0.01833928999452656,0.10960862316875603,-0.028359788942686464,0.99357016465782411,-6.3711824362164462,-27.888999592051821,-5.0093669573071269,,0.1863908210485803,0.4666666666666667,0,5
-0.99953018384684711,0.02388469846267742,-0.019207622404477414,-0.020752666455602569,-0.98856632583873583,-0.14935175343022664,-0.02255523030404516,-0.14888297618279828,0.98859755259098336,-0.080878895763014991,6.1415114371707364,-0.92490795935246628,0.4980346658199205,0.4486494628363286,0.9792592592592593,1,5
-0.989167740390828,0.14545620610123874,0.019740148852997557,-0.14510203587386591,-0.94858115143680088,-0.28131690017504013,-0.02219415588311199,-0.28113393826691963,0.95941186577984805,9.2723167194454028,3.6183649436503966,-1.6073676016425822,,0.1113233613993872,0.2641509433962264,1,4
0.48393680852968096,0.87509487296071564,0.0037588120430395635,-0.87079961992618427,0.48197804918613374,-0.096980317792534756,-0.086678643774109609,0.043659173384260702,0.99527920167804351,-7.9750654141384159,3.7854653999578867,-1.024701869779709,0.354371877160759,0.3207764732622806,0.8484136310223267,1,3
0.99853521770197373,0.043037454819563552,-0.032790188952292527,-0.042000413191092809,0.99861505269311635,0.03168504105258018,0.034108419791167285,-0.030261427880723859,0.99895988992650309,5.2780173554729446,10.478649275495599,-0.58981369731420008,,0.1969381515067,0.3636363636363636,0,5
-0.33893675664053852,-0.91961554439095228,-0.19856768496541771,0.93461366531200796,-0.30493776327237615,-0.18305807041071698,0.10779226136438043,-0.24762918051993291,0.96283987108188474,-5.8116037837541947,11.244371143742933,-0.2130100327019871,,0.0697935633721852,0.2222222222222222,0,4
-0.9532772206846577,-0.29910391978738243,-0.042419166558965347,0.30161562008686754,-0.93440614585935766,-0.18950771039690006,0.017045769074715927,-0.19344766669072042,0.98096250795255546,-1.5567563450094091,9.0398740090675318,-0.56920364225359288,,0.07006960780243666,0.2727272727272727,0,5
0.59834237158920156,0.79608539195038364,0.090743898330481923,-0.79792917796583473,0.60232164431430524,-0.022752224974228318,-0.072769727990257924,-0.058793583950245927,0.99561432350810852,0.93537245431854577,9.9292891743415179,-0.56097787443955183,0.4233580511992912,0.2751709643747111,0.2291666666666667,1,5
-0.36578030265643519,-0.91201861720072297,-0.18554463632195853,0.92501069604031383,-0.33423417229799807,-0.18067299266710274,0.10276177499236454,-0.23771739513033849,0.96588325259984997,6.9126904064875188,9.6349124636955743,-0.78457561993536429,,0.3917296045040084,0.25,0,4
-0.22174667123296851,0.97507255759021594,0.007869004484156103,-0.96716884714353168,-0.21890747488368642,-0.12908887851050127,-0.12414843902421219,-0.036235685098009299,0.99160180526929675,-12.353613273734862,11.369984717841886,-0.083635924766748512,,0.4928019669033842,0.5342465753424658,0,3
-0.63675248198751877,0.77106817972208985,0.00037269665642230664,-0.7639091402531003,-0.63077464620713763,-0.13625773790882359,-0.10482891834080885,-0.087047159185830988,0.99067335179521854,-4.9197069114793051,15.141182785495094,0.23864111405508051,,0.07442214090140697,0.125,0,1
0.97601192054468611,-0.21030577360686264,-0.056322398229227473,0.21296526212983805,0.97596374691006316,0.046266206276712019,0.045238568507878975,-0.057151083147118871,0.99734007520728307,-2.0642452078190869,18.739629209356586,0.65399726897119037,,0.06066416201962449,0.2,0,1
0.85534985523159024,-0.48234357482212964,-0.18900079624992583,0.51201386205358457,0.84264746533484358,0.16669449369951198,0.078857023912079605,-0.23935313867290797,0.96772498406683582,-16.332905120350567,11.485681216039454,0.016269391741222147,,0.4048626802784889,0.1538461538461539,0,1
-0.9480541361560012,0.31799998558173659,0.0083285105218431441,-0.31435678852780891,-0.93254085610635018,-0.17761576844108412,-0.048715135471223518,-0.17100748773796312,0.9840646699854485,7.0914361620437445,17.390269774938758,0.15550599285815714,0.2520596877918412,0.2875084842570373,0.4761904761904762,1,6
-0.35456090589384903,0.92660957516386,0.12522483470296139,-0.92945961731871762,-0.33467177909757079,-0.15524052321932696,-0.10193813705123662,-0.17143364748589379,0.97990771030960144,-6.5894989311166823,11.646802796535422,-0.14072496074777316,,0.4411291534502792,0.4838709677419355,0,6
-0.97989076425442445,0.19929417865100313,-0.009793900382503995,-0.19358522073581239,-0.9614243209455392,-0.19541759748568252,-0.048361683609518584,-0.18959194458159731,0.98067122018963215,3.596134283603261,7.1984656699353993,-0.94848991334866528,,0.09067957662564133,0.3863636363636364,0,5
-0.86735706734041418,0.48700514874504935,0.10255585224865742,-0.49174754346566213,-0.80687520932287704,-0.32731750652180264,-0.076655536200087651,-0.33433274095723237,0.93933250081848074,12.176766197999909,-26.016106950212677,-5.7003845228252761,,0.6427418499539492,0.1538461538461539,0,1
-0.87638278343063214,0.48119941265090094,0.020008552441524951,-0.47462064602433135,-0.85585460839979943,-0.20554350305536845,-0.081783001129963784,-0.18963125940955478,0.97844342002024953,-1.2290869275455372,4.931434770613806,-1.0618645698246243,,0.09110987744027459,0.303030303030303,0,5
0.83091404961245297,0.553602937645858,0.055728175876389341,-0.55288695004266342,0.83275332628826615,-0.028946813785803258,-0.062432864976349027,-0.0067590669255986526,0.99802627840410107,11.04678149916402,17.044548222472638,-0.064197740314843668,0.2291712177755967,0.1619842314980208,0.2,1,4
-0.85449193763837372,0.51726946524318174,0.047705647863242447,-0.51305791010375268,-0.82600782108144033,-0.23341521028472509,-0.081333322758809168,-0.22392717530332379,0.97120621433848298,-20.520942442646657,12.525542799451332,0.14689228416807726,,0.584306924050471,0.9108910891089109,1,3
0.52280613631030781,0.84982766126001974,0.066833300035329044,-0.84751064077403149,0.52660498216900598,-0.06642971119590424,-0.091648554877194172,-0.021912072291444543,0.99555030183151283,11.827146144078243,1.9718358887972158,-2.0302602275527333,,0.5349253100083053,0.1639344262295082,0,1
-0.12841194546237303,0.99050123368272414,0.049169892572277961,-0.98337502389675446,-0.12075593213792905,-0.13561551249601819,-0.12838977622313372,-0.065767096077755147,0.98954067851446759,-1.0523883170255939,11.296123917464172,-0.33720586029172323,,0.07852687191530962,0.282051282051282,0,5
-0.47678559178514324,0.86673178590691424,0.146463342733609,-0.87307351059024152,-0.44759287566721118,-0.19339923153308858,-0.10206931258573022,-0.22008323187050924,0.97012639716570404,-0.8225295954424825,-29.148765851880324,-5.3472067486513666,,0.5399205529161147,0.4666666666666667,0,4
0.67593681977509246,0.73623280632528831,0.032721102712554358,-0.73337782332497448,0.6763604668404507,-0.0685090297004049,-0.072569855501149208,0.022310844577442986,0.99711375594100815,-12.034988426114669,-32.128431301325662,-5.5512417286440012,,0.09606934413294327,0.3333333333333333,0,2
0.56254740172686846,0.8186776441838638,0.11535742595908637,-0.8236205893406926,0.56708351605200469,-0.0080876842287515155,-0.072038500986884857,-0.090461045404376564,0.99329112229995709,-1.0049562880988501,21.4145299284373,0.96061258020871265,,0.5286656291441805,0.5,0,5
-0.30019208879483705,-0.95202206382965293,-0.059486971737686807,0.9476624944060501,-0.290547174053011,-0.13235609674628587,0.10872215285348011,-0.096105825168597614,0.98941556681081544,-2.1022084907658383,10.137540479688465,-0.43512873602893953,0.2191303086373199,0.2341719999286423,0.1707317073170732,1,4
0.58518022195304265,-0.80270904747206517,-0.11498822957796762,0.80513321641259672,0.59203127405306899,-0.035489073983478697,0.096564028831094911,-0.071813338939139215,0.99273270958819426,0.46878573136757745,18.206511332453108,0.48026345048966168,,0.4546639201029845,0.5625,0,4
-0.84314604621358691,-0.52875691390004276,-0.097574949435293309,0.53569688199233578,-0.81049150272951076,-0.23692271868048193,0.046190858165732714,-0.25203104968666856,0.96661613612423769,4.316112542395075,4.8932148761465912,-1.2475636320196213,,0.09376896841173181,0.6129032258064516,0,5
0.94872419289864918,0.31083914094818688,0.057458108769774183,-0.31607896325078982,0.93517803593913074,0.15980028187501871,-0.0040613789667854122,-0.16976769289715524,0.98547574077156497,14.862033744572649,-27.304821728171156,-5.9485738384205584,,0.3934752049263001,0.1724137931034483,0,4
-0.5622658491134358,-0.803763415161864,-0.19447747264936782,0.82397470895681924,-0.52457271705625508,-0.2142175145027721,0.070162624810321816,-0.28069171161179141,0.95723005025551233,-0.94681182879932835,1.5187302394615712,-1.4309175105490703,0.7455513649671532,0.642452997015298,0.3708370837083708,1,4
0.32247845891909921,0.93691234301606796,0.13491814198729701,-0.94052396767629554,0.33323791434123806,-0.066084481324593672,-0.10687520647746852,-0.10558292451738337,0.98865056328854384,-12.391647492897253,-30.398014879823894,-5.2859739949627036,,0.3334729428074293,0.25,0,1
0.79029660654333345,-0.6008323501538827,-0.12013226333776041,0.60380218204505398,0.79701050863352441,-0.014041869012430264,0.10418348546541643,-0.061438881307301178,0.99265858441862287,-17.594326411846566,0.70047532759035314,-1.3193236043828991,,0.3683649041548183,0.2105263157894737,1,2
0.98286543087941269,-0.17451002715060351,-0.059344715064798548,0.17895762460466699,0.98056376497041065,0.080429294556829109,0.044155558858219,-0.089671362490762144,0.99499212729094966,-3.2872730219230633,14.003126617278159,0.092350277000954342,,0.1831239629924929,0.2941176470588235,0,4
0.071239150206572524,0.97829958683532314,0.19456336211034228,-0.98987966799534632,0.093340834839353515,-0.10689121311368127,-0.12273233627397172,-0.18497947710307586,0.97504839197006243,16.342927130006526,-29.74572264054347,-6.3441051071641654,,0.4075800797731304,0.3571428571428572,0,5
-0.93606088195728143,0.34834298571086647,0.049469076961219924,-0.3484662526422429,-0.89846185939179124,-0.26709091708202531,-0.048593168643632896,-0.26725166327692679,0.96240077537213542,15.953499014098695,4.9839128898245697,-1.974383506861253,,0.140254114870013,0.3529411764705883,1,5
-0.9995210079193777,0.017521375050561758,-0.025509922464990217,-0.013266700351894775,-0.98730011437188736,-0.15831133510596285,-0.027959781644449552,-0.15789707273283116,0.98705965626845438,5.0355729142454777,8.4036330374969097,-0.86160844204863407,,0.0762127753920827,0.4782608695652174,0,5
-0.98894362186684015,-0.14462049706722288,-0.032793667024655741,0.14828145897396533,-0.96702521149620901,-0.20706242840086525,-0.0017668314709746102,-0.2096357606868175,0.9777779533962766,7.5467760748051314,6.1655915547495006,-1.2627518157681554,,0.1251358941408978,0.5714285714285714,0,5
-0.96441663261827604,-0.2541965497040668,-0.072695755362834263,0.2643871165458081,-0.92735461637076999,-0.26478834585460076,-0.0001064604081978059,-0.27458610601115679,0.9615625091754626,6.8839832329936881,11.230602124345634,-0.60581364397008597,0.7015210246418511,0.3846173765952086,0.6857142857142857,1,4
0.40270502637787198,-0.91065124860192581,-0.092428162103057931,0.90809135782041361,0.4101523910686305,-0.084528704902897489,0.11488580235117565,-0.049893080887402665,0.99212495830801894,-8.7481909961664002,4.9290435550326466,-0.90132636073599137,0.5259188877966093,0.2746541627635015,0.3321678321678322,1,3
0.39007691525626464,0.91194640183469289,0.12725470665131805,-0.91535513894263332,0.39903961775502167,-0.053780601272561998,-0.099824695318688608,-0.095504678642893193,0.99041096851854804,-0.70780708707876472,-31.356339095533318,-5.6795368416419736,,0.473112273207811,0.6,0,5
0.083646280517932728,0.9824034006922262,0.16699358689441693,-0.98841445045583054,0.10309337413044888,-0.11139403188904222,-0.12664980807570522,-0.15574117798047887,0.97964509471320227,7.1315759102029919,23.081969459387224,0.84980267550821509,,0.3661211391801459,0.1666666666666667,0,3
0.7863099284288545,0.6178308811627613,-0.0013033556133126623,-0.61517848640346195,0.7827354405648852,-0.094237253514946009,-0.057202502747298663,0.074901484400112184,0.99554891457632777,-3.6611530299723043,12.248399036538302,-0.11800501485236177,0.3098511935890149,0.3378502785343117,0.8894472361809045,1,5
-0.89288573950478489,0.45001910896265179,-0.015422637824110475,-0.44433986352187416,-0.88612985258181631,-0.13166613098549759,-0.072918734728155216,-0.11070991794680739,0.99117413817848143,-2.7601506702146756,5.7112309090998092,-0.92687931626155318,0.1872413519059103,0.2076403760225645,0.8361445783132531,1,5
-0.99921204076166315,0.037287593981212563,-0.013599004816679349,-0.030329993709318777,-0.93835197343876597,-0.34434817470863094,-0.02560056793324144,-0.34366438465262206,0.93874352282336926,10.061496913113567,4.5830060906161476,-1.5545855104687223,,0.1276459891094471,0.1944444444444444,0,6
0.86479853518438043,0.49199509875960973,0.10032106627957525,-0.49620488289787817,0.86795616795749753,0.020803958585771175,-0.076838842594432979,-0.067771035856458287,0.99473759302023457,-22.806862618927234,-33.294767172511321,-5.5706758223956747,,0.2368098950659649,0.2666666666666667,0,2
0.053627979669346182,0.99847760092182858,0.012904272702203925,-0.9915799349177663,0.054774023853492032,-0.11734154839346046,-0.1178697266691576,-0.0065028277145983589,0.99300777477653801,-0.72698605492628154,17.617011336520598,0.45033013674788014,,0.112685928986716,0.6,1,4
-0.69464310015430764,-0.71384779063454407,-0.088838590793603331,0.70905783096485564,-0.65863809624684377,-0.25185879083277612,0.12127636107431368,-0.23794366975928166,0.96367777512302288,-2.6075414784072124,11.178241585374225,-0.27887053677739038,,0.1738584898873547,0.4473684210526316,0,2
0.93711386689261655,0.33544617963563417,0.096402598748298485,-0.34825359172741727,0.91701031119116005,0.19445185784158947,-0.023174044241801084,-0.21579608369233716,0.97616341559009945,-11.542841983918553,7.1590796883314738,-0.59037542427451162,,0.3406734067550485,0.4230769230769231,0,1
0.89377334873544978,0.4471589752298043,0.03490060116462048,-0.44730637442051224,0.89437229603628521,-0.0038991647260343243,-0.032957677299794,-0.012126291857583816,0.99938318204419863,-13.879627038633306,-33.389624944162819,-5.6435753172172465,,0.2945862738842714,0.3809523809523809,0,4
0.8264596770329472,0.5626336899886617,0.020192402738173135,-0.56068769169934962,0.82578615234115516,-0.06088138449844193,-0.050928524575655852,0.038994377688771023,0.9979407416741809,-18.403295585851748,-29.259066236057535,-5.1222240590406285,,0.09356813628125416,0.2307692307692308,0,3
-0.71019319321204444,-0.69863944793969379,-0.086767217875185237,0.70083448297506401,-0.68991571261416251,-0.18123834296629296,0.066758188923569065,-0.18952369580243139,0.97960405927141447,-13.523606203161897,-34.540524634246864,-5.8086545550226303,,0.257305927851399,0.8333333333333334,0,3
-0.66665911815792367,0.74382113200061051,0.047913920380514376,-0.73729071710140004,-0.64864062188619709,-0.18885905356956453,-0.10939843990205485,-0.16123109882531478,0.9808346007959643,10.546718760191393,8.6689156193053574,-1.1317702608446338,0.4932887796150682,0.5015260164001285,0.2727272727272727,1,5
-0.50057165752814869,0.84611053023954608,0.18309829681697004,-0.86177822302319396,-0.46693666835463671,-0.1982635671747526,-0.082257583252289393,-0.25703524731761135,0.96289489127000072,3.3813028495834847,18.536752656338983,0.39439357288480986,,0.4498854844214204,0.3333333333333333,0,2
-0.22347286496178331,-0.94858061315095377,-0.2241755985381379,0.96840423616857063,-0.18995586677526058,-0.16158590300031167,0.11069378481441142,-0.25320266395087426,0.96105946588733038,-1.2467614872055655,13.735656972996226,-0.016612415311144785,,0.6968937245736083,0.1692307692307692,0,5
-0.26369796096380571,0.94837454458005477,0.17620757241419188,-0.95723767960131245,-0.23474617313251575,-0.16908654278543836,-0.11899331970755399,-0.21326030430488094,0.96972193564586517,1.2710787480981705,14.937329553653598,0.049416581723065733,0.3435734251682193,0.4232822755970047,0.4225352112676056,1,5
-0.18233911161787339,0.94060069313710859,0.28639620186796333,-0.97742063410870905,-0.14176864629578209,-0.15668616705373245,-0.10677711549266286,-0.30849957373949793,0.94521249495000559,-16.14111442387955,16.021280507094399,0.56855278122120856,,0.3683613368030142,0.5333333333333333,0,2
0.93690255368346564,-0.34444460356829182,-0.05976219519129207,0.344467468971138,0.93874234785370936,-0.010245348540818192,0.059630258443326277,-0.010987238906433815,0.99816006374688959,8.8326528747662305,-27.627609675165441,-5.7175279048809191,,0.1633694893345783,0.3684210526315789,0,4
-0.065769614561067238,0.98851425076439248,0.13606591724674874,-0.99137003105330868,-0.049236077781908687,-0.1214959677273886,-0.11340114342390675,-0.14288241557436057,0.98322164133514955,-6.4862193562049066,19.365636750459114,0.88738317870897543,0.3125361348710357,0.3487952302842345,0.375,1,5
-0.99590437853482305,-0.075390790957018866,-0.049906887841693337,0.085379635202705667,-0.9658088034792619,-0.24479312289075836,-0.029745364476186562,-0.24805157480014528,0.96829005444202909,-6.1496940893840453,7.0985165850247425,-0.68325213609805335,,0.1229230282182633,0.3333333333333333,0,6
0.5418086666438755,0.80106222802203886,0.25444582053150672,-0.83555670337171573,0.54613753049600977,0.059823015924558645,-0.091040453646583142,-0.24501653948271754,0.96523496164391887,-8.8230206979907173,-31.875549435153271,-5.5732739423677842,,0.5181293171762249,0.1904761904761905,0,4
0.89273630854097275,0.4432316234418322,0.08104080079660185,-0.45005470645279189,0.88583327046966576,0.11291668667077973,-0.021740391264372144,-0.13727761984436332,0.99029400204057494,-1.5040601368447726,-28.295960117518739,-5.2076981598800023,,0.2705534723584444,0.28,0,2
0.67901642898587977,-0.73349448573379694,-0.030373155341130682,0.72726743241947167,0.67774047015363581,-0.10839712569029755,0.10009381054417388,0.051514022499137536,0.99364356515639241,-0.20243525916962171,15.209255107332192,0.129587975707155,,0.07870772906277383,0.5666666666666667,0,5
-0.12237768693484811,0.98839882370967092,0.089952582118667149,-0.98492252345001641,-0.10977930179414234,-0.13370163685775538,-0.12227560893869543,-0.1049584212292176,0.98693080065004646,6.4485410769340481,8.5209536839000073,-0.8969812992584717,,0.1090064963704911,0.3333333333333333,0,4
0.78591332121591617,-0.61499801102666529,-0.064169291476647738,0.61510693966925067,0.78817999965237728,-0.02038972581249435,0.063116592953820577,-0.023446419368965618,0.99773070570804689,0.20226982400909158,-27.994603943815253,-5.2138121503075707,,0.2032183963080956,0.2916666666666667,0,4
0.23744035386371165,0.94363321859996807,0.23060448198536915,-0.96029417582477117,0.26381304590887278,-0.090762176512612924,-0.14648267554253339,-0.1998975376610429,0.96880534691079878,-3.3049873830843834,-28.685078581685854,-5.2319675398666554,,0.470638487000789,0.25,0,2
-0.73450793179674956,0.67725942758082924,0.042635265691071886,-0.67021714731668325,-0.71415611691678094,-0.20196538345229326,-0.1063347241983917,-0.17692006224064052,0.97846421396309602,17.364746762219898,6.7751413849826596,-1.8495816284957178,,0.2270412188003803,0.5625,0,4
0.97188033302146049,0.23423422628606913,0.024144264790231285,-0.23537635338942919,0.96932393771925984,0.070774826241557495,-0.0068257271545812742,-0.07446765069877434,0.99720006941847728,1.0337017395769912,-29.588614124059937,-5.5045497533586003,,0.2472327968111997,0.2083333333333333,0,4
-0.87762956725478236,0.47746928343321821,0.042301608219473742,-0.47307916081834062,-0.84857181040459018,-0.23690080241757872,-0.077216904105251172,-0.22792315802578503,0.97061247867310829,7.7555292799808626,16.799357559034316,0.07715133279462176,,0.09803588144832893,0.2173913043478261,0,2
0.041500344552149022,0.99379686004199164,0.1031771407470211,-0.99264605796382877,0.052763468329326858,-0.10894870361197984,-0.11371686335334713,-0.097896973296102516,0.9886782376529476,2.9143568996599525,12.61206466093531,-0.27177485330633339,0.2992783505634627,0.1575189813719654,0.3928571428571428,1,5
0.99914953048866806,0.036933778934460482,-0.018333349336488985,-0.037892554709102397,0.99776476591025609,-0.055042040347984912,0.016259459458758757,0.055689926213561468,0.99831571263625651,16.480337170235732,-26.179265551321464,-5.9145243684692472,0.3492865269956908,0.220460410604274,0.3333333333333333,1,5
0.73419104008586633,0.67151351273056425,0.10016545750852386,-0.67647057107529673,0.73609169185872736,0.023592109817029899,-0.057888540547293837,-0.085080099887194657,0.9946910542859474,-6.6994124729774605,-31.446486694084602,-5.5279462939819588,,0.2494181986800579,0.1851851851851852,0,5
-0.25611726029954146,0.96645992177190587,0.018951743595235764,-0.96019555494679554,-0.25209824297405992,-0.12029535381638205,-0.11148293697725044,-0.049007096404852513,0.99255723223645564,2.0426741831587858,8.1320983326265974,-0.80346645771315173,,0.0785311930687599,0.3428571428571429,0,5
-0.98043473906373624,-0.19445900159660562,-0.030551908861398736,0.19679323849175112,-0.9647629421203463,-0.17465648225938452,0.0044881756820194475,-0.17725169169670915,0.98415532009419271,-7.5150806003945636,2.2811995766670954,-1.2237459793169663,0.2422941320752846,0.2035008832944154,0.7321937321937322,1,4
-0.00084631687896209945,0.99965454408190701,0.026269302315358446,-0.99292160803785723,0.0022799320679457624,-0.11874966189965461,-0.11876853135093114,-0.02618385774023501,0.99257666784716581,-8.4130104780992205,11.722513828750811,-0.060098674059918082,,0.5063838945381376,0.9540816326530612,1,5
-0.54662493110292221,-0.8340079207475154,-0.075046471117111282,0.83295912297411201,-0.53235820041994297,-0.15091005897499962,0.08590858019385178,-0.14500184335395819,0.98569477084594037,0.66686553859482189,3.1202367195093643,-1.3045251843902217,,0.08450901770443524,0.2784810126582278,0,3
-0.51176163382922646,0.85471840663147058,0.086927990347187192,-0.8558509376684682,-0.49836511601181649,-0.13838852421545872,-0.074961340919467573,-0.14521933930399433,0.98655569577174251,5.7856308359010926,5.7928601682861682,-1.2048052928425297,,0.3020357909928531,0.2727272727272727,0,2
-0.38845334695821532,0.91474903046861267,0.11107748869007392,-0.91496340916029673,-0.36860048978794369,-0.16424262183080215,-0.10929756234577326,-0.16543243389620188,0.9801459853922021,3.3986204823135093,3.06386444680088,-1.4205806246834662,0.5631337629876301,0.4369772372337678,0.1276595744680851,1,4
0.80319461734796549,0.59258551385073399,0.060998487174002837,-0.59553828417371746,0.80123954505549144,0.057873513135927868,-0.014579394592370183,-0.082810628626592275,0.99645864993977029,8.6441351443900381,11.674882733857464,-0.67885208105465755,0.7426938694868603,0.6305398968108589,0.4736842105263158,1,4
-0.6858774071036805,0.70434459245084435,0.18295047829941979,-0.72072860469903777,-0.62271580357113732,-0.3045903911014452,-0.10061044077684353,-0.34076931063111765,0.93474799606026582,18.414582118034581,-29.506948146529098,-6.4914917296418331,,0.719817543627745,0.24,0,1
-0.36248401534109825,0.92951520564742318,0.067873566964038387,-0.92417839196330331,-0.34908205648578872,-0.15503553679003601,-0.12041444452521664,-0.11892518786985347,0.98557453357917224,11.512713208715516,12.810428111082024,-0.60819291091943328,0.2090540096620617,0.2677478752116212,0.2962962962962963,1,5
-0.47975411967962567,0.86532300940852303,0.14509332871846561,-0.86975413634813303,-0.44723642669081726,-0.20858408603281031,-0.11560158716791497,-0.22626459738325505,0.96718178488599182,-5.2877517549475987,4.6279998903383532,-0.98270520122437499,,0.0794108030608032,0.3617021276595745,0,5
-0.63371801463184207,0.75930821351062883,0.14782596127329231,-0.7665097584270848,-0.59061784290842001,-0.2522565239478583,-0.10423180017215397,-0.27316954539900951,0.95630232212379884,0.067396818284321452,8.0758369395324401,-0.74729441628701854,,0.2726366859628911,0.4358974358974359,0,5
-0.98646056317041808,0.16059821630837734,0.033223037610538818,-0.16210046862057959,-0.92409302307523356,-0.34608600488414226,-0.024879617812420561,-0.34678566524907811,0.93761437008786519,-9.6106465474907026,10.159293852857443,-0.25289246233938417,,0.6252093963424074,0.5,0,3
-0.54375647951256856,0.83047332911156635,0.12100801883532016,-0.83199785097778145,-0.51452397726889698,-0.20747205301859128,-0.11003847943538242,-0.21349268476869948,0.97072777161972756,6.148632041688904,4.2514912848313706,-1.4375912096460679,0.8021224700509336,0.6354520691636911,0.4947368421052631,1,2
0.97211936746725924,0.23446304157373068,0.0033192666437168541,-0.23432186935817048,0.97186977614864367,-0.023714968886326581,-0.0087861786659212612,0.022276003788427583,0.99971325024712465,-21.097992890874615,-31.035265482189139,-5.3217618798618256,,0.1376914896870622,0.3636363636363636,0,2
0.050671446017065497,-0.98699256522043566,-0.15257155946676998,0.99033239987481392,0.069408374354431479,-0.12010085481654975,0.12912839469586262,-0.14501087465792911,0.98096773846758634,11.561759065088381,-26.952408408527948,-5.7632608095494318,,0.4362796911715447,0.3461538461538461,0,3
0.52836264209806538,-0.83098227175181683,-0.1740729228494233,0.84159672601217617,0.53966822676907866,-0.021752144296698358,0.11201727188580264,-0.13500618152554289,0.98449248943257794,-9.0198633809676014,13.400954833007365,0.13543265259549761,,0.1249076073975274,0.1875,0,1
-0.79565707790948204,0.60537871055578907,0.021128918059283949,-0.59953246813731131,-0.7820308661767873,-0.17026022435075408,-0.086548448985118612,-0.14813622498428722,0.9851725863145383,-12.079270926413853,9.0736956044233743,-0.35336370606795131,0.3226945570853964,0.2415391123326855,0.8448275862068966,1,3
-0.99653811711385176,-0.078001670797299846,-0.028766655905890212,0.082442807078703939,-0.97179800398702254,-0.22093397884395652,-0.010722159305001722,-0.2225407351467768,0.97486442980558563,-6.3502851886438858,8.8773771671878272,-0.45036830408300282,,0.09242649697215724,0.3934426229508197,0,5
0.67821100651693922,0.71729815524197815,0.15972847938215426,-0.73215778040023616,0.67820330723056432,0.063128905114253994,-0.063046135794985775,-0.15976116720899347,0.98514037284710865,-14.886079941368131,-30.694843276991957,-5.3426299644156972,,0.5578370536941383,0.1818181818181818,0,3
-0.062322032000281087,0.98348425341189016,0.16992553550956607,-0.99404136577351865,-0.045909386736212879,-0.098864004271638939,-0.089430014304335989,-0.17507441703561863,0.98048519674759238,-2.9988285304506204,15.287093332111711,0.2473237044558631,,0.3441077075280277,0.3513513513513514,0,5
-0.99702000455252715,0.075759836573862288,-0.014545022666875516,-0.070931320225912212,-0.97441811622653718,-0.21325590866500127,-0.030329166376400162,-0.21158870936755564,0.97688809990453085,-11.388813022298182,-14.983094706704044,-3.319024035325691,,0.1223904064356157,0.2413793103448276,0,5
-0.84361051692011257,-0.52854034011730933,-0.094691101009865913,0.5336569135597875,-0.80577081096731407,-0.25679505213870485,0.059427218945725682,-0.26716756738376302,0.96181593695811718,-13.668501045152954,-29.244062029529793,-5.1603325048147362,,0.2654825686685109,0.1764705882352941,0,3
0.47224605690354837,0.85599847293485209,0.21035749587844768,-0.86887005684984264,0.49224858471826838,-0.052499096683776648,-0.14848732622281682,-0.15798083800278576,0.97621389499183842,17.842553113021637,-24.42749156790579,-5.750199943510462,,0.3923908187101998,0.2222222222222222,0,2
-0.3264769234040043,0.94074486858625062,0.091716469149733415,-0.93593374835581922,-0.30819157664062508,-0.17042878505813605,-0.13206376177166299,-0.14148160416253344,0.98109230886309273,4.6452964357295476,14.525633298886092,-0.10492681008546025,,0.1200227658487753,0.2142857142857143,0,4
0.95980746349748436,-0.26247375433808962,-0.099383908648196892,0.27571001411766399,0.9479948945423271,0.15902725564166675,0.052474957167800297,-0.18003668572085724,0.98225921765330715,-0.67915631831953416,-25.39617572996778,-4.8458852170855353,,0.6641140848153075,0.1333333333333333,0,1
-0.76913148808854348,-0.59870845957210028,-0.22357310765721439,0.63614993462737768,-0.68369657815564977,-0.35759229534742187,0.061237363629444277,-0.4172615120701374,0.90672091397555021,-11.139423844576761,-25.917299123453521,-4.7381255244149694,,0.2942074697950732,0.3333333333333333,0,1
-0.87205026979150135,0.48401309251354679,0.072523466767954833,-0.48268856922790648,-0.82608173520545236,-0.29086201521798244,-0.080870712209590925,-0.28865254725261308,0.95401238716868442,25.554055929574812,-21.029654073021192,-5.893309395292917,,0.6529574196129602,0.2121212121212121,0,2
0.91941985116994707,0.39105352477454375,0.041764554780788998,-0.39221948944216023,0.91954558191025448,0.024490710301312602,-0.028827233241562826,-0.038898117573179236,0.99882727589553721,-18.279027915108916,15.265035959070826,0.47498663972605804,,0.3713694817140035,0.4285714285714285,0,1
0.56719919990401879,0.82013196084146545,0.075290334270561449,-0.81455556436370058,0.57213125905918982,-0.095734293602024373,-0.12159070767280448,-0.0070277459884442173,0.99255544459438017,-8.8086411966128981,21.264815366384362,1.1650328034985213,,0.3347104614704433,0.75,1,4
-0.82254732248577977,0.56621467244333723,0.053073976498452587,-0.56337149239041195,-0.79854726445134538,-0.21197836681858098,-0.077643182786862136,-0.20426260339855928,0.97583211928054947,13.933938758487443,-27.147244652722829,-5.9586492941431022,,0.2669905846934911,0.391304347826087,0,4
-0.011315649141716694,0.99585501374715091,0.090248255823379281,-0.99243804807956959,-0.00015305983751531742,-0.12274647569970931,-0.1222238798619761,-0.090954758904340405,0.98832613798489488,-10.368511478892803,13.948872791704453,0.21524893208864909,,0.3033129297103201,0.3333333333333333,0,4
-0.92103897319939176,-0.38446110127034122,-0.062264528086265383,0.3886942970052778,-0.8972931402570814,-0.2092409231559573,0.024575461814211851,-0.21692091198771221,0.97587979004539105,-12.912082177390273,5.0913408219492942,-0.82552015800812084,,0.7217934599947488,0.6145833333333334,1,2
0.98017673245647829,-0.1846530994167844,-0.071810904650461915,0.18911676149206896,0.98004088785614463,0.061275677498440602,0.05906287898244128,-0.0736416390767895,0.99553427129375649,-4.1466205665234783,9.2236612500108777,-0.47366752202740503,,0.3644299510519522,0.2631578947368421,0,3
-0.79322567200698457,0.58517568962065225,0.16841153626180824,-0.60246067181563179,-0.71398796634117834,-0.35673845157965067,-0.088510859133363637,-0.38443542526279101,0.91889892350491498,-0.0032145822078488758,21.726275369453603,0.94819214562025123,,0.5554849587053843,0.2777777777777778,0,1
-0.66695126327282384,-0.73583938091754142,-0.11711711194216368,0.7415853277235902,-0.64030069648898635,-0.2001654809921378,0.072299475266970573,-0.22035295225298862,0.97273704684745754,-7.0447188687857807,13.61096898925115,0.11858871214155668,,0.09423050414613797,0.4090909090909091,0,3
-0.98538359589640145,0.17033302199574105,0.0024146544422278707,-0.16760401810503164,-0.96686649658708079,-0.19255666930146292,-0.030464110906527422,-0.19014688899696233,0.98128288406119257,20.132804362137044,5.0630589432559701,-2.2879215662964381,,0.09879923753764583,0.375,0,4
0.85200620919496994,0.52345587376569191,0.008908855898057148,-0.52175615377889062,0.85039402081812898,-0.067827172656936469,-0.043080569716231275,0.05314092186790851,0.99765730936827868,-18.131049458093912,-32.454824590065705,-5.5349592019552585,,0.3238667900080384,0.6153846153846154,0,4
0.067508288211054465,-0.98632767371551211,-0.15033413147306349,0.98480665966834147,0.090036714545858668,-0.14848984176256735,0.1599952314779973,-0.13802575881600762,0.97742028616535692,-6.2416558484851947,-32.832891330271543,-5.7562394495435596,,0.2155876829590828,0.3,0,3
-0.19780760170649492,0.97623295087309925,0.088551557505932438,-0.97311357425957934,-0.18469260462409975,-0.13761763473084757,-0.11799205184618017,-0.11339253690947997,0.98651913730771668,15.982752880214171,7.2634635997510033,-1.7331224813393804,0.2204349051527155,0.1982341870629993,0.3720930232558139,1,3
-0.70343948763944297,0.69167779675115781,0.1635686788814413,-0.70382893200074603,-0.64583794997185684,-0.29583471205191009,-0.098983441586183454,-0.32322618683765597,0.9411307616023088,17.630046883934309,4.0238658514559065,-2.1611003600592991,,0.3771796704088637,0.2962962962962963,0,3
0.87487129465619273,-0.46431816772318729,-0.1378726111625489,0.47848098439938874,0.87270569033111889,0.097163396564125468,0.07520748203994998,-0.1509748892560201,0.98567257112052342,4.9405694042551387,-30.705985910863308,-5.9201288812574822,,0.197650380402183,0.125,0,1
0.57432359088683016,-0.78506299637153865,-0.23200970815678842,0.81130052330213098,0.58368099295325204,0.033286023415151265,0.10928803155215669,-0.20734654613291009,0.97214378358667086,-10.425269778988476,8.8019306104924393,-0.40120846325820719,,0.7888530101300972,0.3333333333333333,0,1
0.8428908036387821,-0.53252387447523331,-0.077158384217484249,0.53195159277850634,0.84626046561032542,-0.029508088474254852,0.081009851756296825,-0.016172428972797737,0.99658208716569952,-12.319443058026428,-17.454163864986846,-3.6523600993959704,,0.08926527675116275,0.2631578947368421,0,1
0.11180016370028158,0.99048022201803754,0.080309732832891986,-0.98685641533605339,0.12015306637544826,-0.1080632044252508,-0.11668392737076792,-0.067172691115343852,0.99089489385184415,23.523973862155728,8.6143223171166614,-2.1679782075538561,,0.365722259285543,0.3529411764705883,0,1
0.7386023111793254,-0.62884840122686148,-0.24293273594758688,0.66738009658511521,0.73297772707054498,0.13170975021060866,0.095238818779960599,-0.25940959869079389,0.96105995000545108,11.127330808952559,11.12475231500887,-0.84921566680445371,,0.4127603534080311,0.2424242424242424,0,1
0.91667445691248162,0.39751779840327445,0.041079678635809733,-0.3986331288569081,0.91680651573206284,0.023610194598684887,-0.028276644460747478,-0.038018583138376569,0.99887687865631969,-5.3527224420156649,9.0947900954846901,-0.45906282731240666,,0.2062196644164697,0.2777777777777778,0,3
0.92543692238826869,0.37823113670824227,0.022532418976214934,-0.37746097769990233,0.9254674425852325,-0.032143786780385646,-0.033010801177229251,0.021241938215238912,0.99922923649505802,-5.9956856387179309,-36.861312275408274,-6.3453583627847578,,0.3219871646569911,1,0,3
0.16612136560351204,-0.95576800056615463,-0.24271633851844138,0.97862068257002188,0.19005693457519876,-0.078612475257191824,0.12126521156625379,-0.22446801712861658,0.96690685060668491,8.5897552869185212,-33.898439264957496,-6.6243196918900411,,0.11302151713264,0.1,0,1
0.99865717767653883,0.048251130291886442,-0.018859212621051589,-0.047817177072135369,0.99859537067592974,0.022821113939847606,0.019933866960092771,-0.021888674929260964,0.99956166736117835,10.474705432389884,-30.319802303618733,-6.2241104401591256,,0.2183346659125934,0.3888888888888889,0,2
0.55504962913504508,-0.82946206782885279,-0.062550677295555468,0.82444696887897917,0.55856212374838021,-0.091079906784995404,0.1104857669716465,-0.0010158478149816727,0.99387718725700924,-9.9296608200540462,5.8660984813532808,-0.73790450115799866,,0.2053676097255735,0.3783783783783784,0,1
-0.60171451164996415,0.79870600199314434,0.002892896467889006,-0.79153786519425107,-0.59582215211385203,-0.13588145942013991,-0.10680568539911338,-0.084051683091694696,0.99072087902490513,2.8722307063145736,17.616235809635139,0.31773065159457436,,0.0830562517421488,0.3333333333333333,0,3
0.98914917966040894,0.14669895783804579,-0.0079571443603062234,-0.14686985308092051,0.98605973648835143,-0.07820129367543345,-0.0036258286126497228,0.078521410110579615,0.99690583382841003,-3.5407714745351426,17.00638127305929,0.44992833627785317,,0.07565694818548456,0.3076923076923077,0,3
-0.11910040585343538,0.97321910308422133,0.1966206263785425,-0.9859416344464963,-0.092551558505874446,-0.13911614745638007,-0.11719294684629515,-0.21042525136037527,0.97056016134982814,4.992753515394134,17.161367625333433,0.21112994168655383,,0.1583164123857542,0.1818181818181818,0,3
-0.65029789975336039,0.75587503700143999,0.075931350669135284,-0.7525636439413268,-0.62733246101049378,-0.2002547007694665,-0.10373332827071341,-0.18736838527507296,0.97679705405232031,-3.0410392924451082,17.90626084037304,0.5485091053698673,,0.173168981028524,0.15,0,1
0.53193401137854257,-0.84479646198390423,-0.05800987293737473,0.83937021952027691,0.53508337521602145,-0.095621211819934493,0.11182058004327716,0.0021724149944674673,0.99372603794601111,-8.8389117978688372,-30.23384385244308,-5.3398738109227013,,0.1457764873444122,0.2777777777777778,0,1
0.68529383652801057,0.69460061276139695,0.21886604663174788,-0.72454102789116159,0.68063062440929156,0.10854608246563104,-0.073570758587483298,-0.23296339168999985,0.9696986138038729,1.8579819555620467,17.929699354218833,0.39723730443035232,,0.3731510721315259,0.2777777777777778,0,1
-0.93333663937314693,0.35764420205775616,0.031198434866373543,-0.35375454561013375,-0.90140914707105702,-0.24963828039144545,-0.061159129030819229,-0.24403314182934435,0.96783644621655529,11.243507937479292,4.1998048501091585,-1.691494731614908,,0.07493901131932382,0.2173913043478261,0,2
0.75243945747017704,0.64576184818664206,0.12971699298302208,-0.65505842033427064,0.75423893647938378,0.044967684481393155,-0.068799191791440034,-0.11880766862883968,0.99053087235271164,-10.648124279328464,-27.240193692666743,-4.9100548756810936,,0.647382642471371,0.3333333333333333,0,2
-0.99523794929594256,0.095110392819082526,-0.021340980741419959,-0.081702436055042779,-0.93336141881377566,-0.3495156274225899,-0.053161416684259867,-0.34610760616856556,0.93668745519964502,18.596918053729077,10.629654381529035,-1.3900437324237245,,0.3659517233323737,0.6153846153846154,0,2
