axis_00,axis_01,axis_02,axis_10,axis_11,axis_12,axis_20,axis_21,axis_22,location_x,location_y,location_z,dbh,dbh_approximation,score,reconstructed,number_clusters
-0.63077048729624074,0.72976144652754205,0.26377419039415823,-0.77311046357191471,-0.62017647327475178,-0.13297124919361961,0.066549255981441749,-0.28780092626418319,0.95537522647899731,-10.55621202974306,-5.361049553200341,-0.24551034463366556,0.6359023198437098,0.4855239217334687,0.163265306122449,1,1
0.4460236639004056,0.89139979107656786,0.080431981882279208,-0.89471294264338663,0.44170775830827919,0.06620427868868245,0.023487049777952709,-0.10149221013914314,0.99455904287970831,-11.201619860702964,13.1090539469707,-1.2557374668223655,0.2000571638354066,0.1207414426719575,0.1929824561403509,1,5
0.22538699705336404,-0.97388736683261135,0.027278164951275906,0.97207017021693343,0.22667024113933429,0.060829153834798776,-0.065423892682172261,0.012806190131269919,0.99777538342085415,-7.4801709824063094,7.4134399846488641,-1.1033154085015893,0.4699713610590165,0.4037135610454118,0.9727520435967303,1,5
0.74361769247241449,0.64064893368813647,0.19131563241475236,-0.66825021607663015,0.70282572079730465,0.24388041106101083,0.021780178041970435,-0.30920050121240789,0.95074742907591236,-8.3344292615271982,-7.5262787795400747,-0.17837019487509906,,0.3046469340184786,0.1282051282051282,0,4
-0.6054754847460101,-0.79502306592252936,-0.036575429221321856,0.79540830105469884,-0.60604436719457921,0.0059882889875077236,-0.026927160727784661,-0.025466637839767582,0.99931295316946434,-1.104572937610985,16.083274778559517,-1.7865594448309043,,0.09655376833944984,0.48,0,5
0.35816242501241458,0.90235305737480331,0.23974702741759116,-0.93264500794400651,0.33381097978752866,0.13690697181083999,0.043508234466023872,-0.2726338013153079,0.96113362438009331,-10.688507435873968,-8.8224200041554859,0.010895759531799257,,0.0814001285154569,0.3,0,3
0.94810454146623568,0.30294209533838495,0.096560164266056389,-0.31772837686669914,0.9142313307700608,0.25145526912764576,-0.012101941362925889,-0.26908578689777135,0.96304017689027654,-0.089998201641579997,-2.7338876769968392,-0.9151667419343289,,0.1036505282197802,0.2296296296296296,0,1
0.29844335326543486,0.95076616792502933,0.083518014947906297,-0.95327479326164055,0.29264037955844885,0.07502517433411357,0.046890653905228868,-0.10200638304068459,0.99367799834518711,33.639295361567861,5.5238580415470215,-2.2176456238225137,,0.5050726118558007,0.7407407407407407,0,1
-0.57959173676222753,-0.81479485049854206,-0.013519255822827958,0.81419895003413267,-0.5796998722987079,0.032064432322708482,-0.033963045214768804,0.007576916122024136,0.99939436755558064,-6.7017269606766376,18.365221591971924,-1.7098577982287873,,0.1696448968196314,0.2173913043478261,0,5
-0.87607463176049649,0.45745950999352186,0.15239434471855423,-0.47273539422200156,-0.87712900461107624,-0.084651971741665152,0.094944650378415041,-0.14620364559910853,0.98468777151849052,7.2849257591966374,-2.4500256944024676,-1.0450339130628528,,0.4599926818921896,0.2115384615384615,0,4
0.35578976902390053,0.88620739360600831,0.29673236388362589,-0.93438191479276755,0.33101123126053228,0.13176495014831224,0.018549327915594115,-0.32414197552528046,0.94582657085559163,-0.12100532207968984,-9.0626393187661733,-0.35999222942464815,0.642102755457677,0.3120203260729242,0.1081081081081081,1,2
-0.56585839562006046,-0.8242631798970631,0.019861681003217019,0.82413007136546446,-0.56471480025737153,0.043667148308906265,-0.024777037301628398,0.041078031066000227,0.99884868412902994,-16.030600339475193,13.525278222270282,-0.99750035602186082,,0.1177037579302009,0.3902439024390244,1,5
-0.90556863592580039,0.42179634917802011,0.045091966552585863,-0.42076822795701879,-0.90664729267412236,0.030737355588845008,0.053847413767015462,0.0088615183111279382,0.99850985449509977,-8.0318688532695877,-10.418976002861953,0.026271380900506878,,0.08942913075723422,0.392156862745098,0,5
-0.90162360254937091,0.4214991214295179,0.097022522952350421,-0.42901623316958087,-0.90002649738310669,-0.076794372744893036,0.054954080857372668,-0.11086385633939619,0.99231509832042741,-16.545019381754489,6.2206700316213341,-0.62377574011039449,,0.06484210793472928,0.2727272727272727,0,1
-0.3915060805839049,0.89156381628149239,0.2276772943519203,-0.9177094473746592,-0.3964186589978026,-0.02572191667979748,0.067322797514121319,-0.21901189076387148,0.97339685259348729,-24.167778753626951,26.217949574639622,-1.3983354974611182,,0.1914021066050621,0.1538461538461539,0,1
0.69537987825452929,0.7041394755853555,0.14364687201988194,-0.71842755156058724,0.67625602689113973,0.16290991146050496,0.0175692366759513,-0.216484144952443,0.97612803305039531,16.911922924676947,20.349521696582482,-2.615827252386179,,0.2972303500403934,0.2608695652173913,0,4
0.87017256994370651,-0.49061011578233471,-0.045841169374367795,0.49035902978076196,0.85305171121064438,0.17846792404536294,-0.048453280900626949,-0.17777652345750222,0.98287730021469577,-11.849444728918872,22.264571403031002,-1.6638169782418413,0.2380583401508927,0.2063946232759118,0.4583333333333333,1,5
-0.43203848831539177,0.88258736324078357,0.18542462312711497,-0.89909634584649623,-0.43758441227496198,-0.012068264972835545,0.070487626571118844,-0.17192855603900611,0.9825843811697359,4.6924952976970085,12.228918791617579,-1.7590653263839642,,0.09506076979914078,0.2222222222222222,0,5
0.9953988198119742,0.06795562653757882,0.067551627210698906,-0.081608146739787543,0.97069721567337808,0.2260243922005935,-0.050212547262864692,-0.23049717635111175,0.97177659561832308,21.586589903582023,3.5403280254468585,-1.745107835584073,,0.3617949689852314,0.2083333333333333,0,2
-0.78213694600825368,-0.61913925307960127,-0.0702024428699978,0.62303295472376996,-0.77879705759813267,-0.072835982897598087,-0.0095778398948178547,-0.10070614863315812,0.99487011042166951,-9.9147474454637354,10.873733482560718,-1.1987099166657391,,0.1233368659787641,0.3780487804878049,0,5
-0.22559132246568561,0.96503085240796505,0.13350658833533216,-0.9725061213258156,-0.23119933777444485,0.027905379346573188,0.057796186829245345,-0.12354076296273614,0.99065497559674331,23.258531334889447,-16.453960725572799,-0.25829158526344431,,0.2935557091373143,0.2727272727272727,0,5
-0.062320410745060777,0.99414564070441092,0.088264440591798221,-0.99629935679105741,-0.067211926545452064,0.05357376772053174,0.059192550733108647,-0.08459906617962705,0.99465533725971778,12.497558438663567,-7.3105151622391036,-0.78633014099219811,0.366498095253663,0.2813057951110612,0.4492753623188406,1,5
0.66822147059818637,-0.7410587243253397,-0.065666074444105008,0.74104084941391801,0.65518486016613553,0.14693964240116372,-0.065867486148307924,-0.14684946751821426,0.98696337731352546,-16.575462359712734,-8.1716233857227465,0.28723150603595449,,0.1227108267826135,0.3214285714285715,0,1
-0.99639034648946279,-0.08150437716842121,0.023734235294133439,0.08208332020523415,-0.99632343571383009,0.024534465379865832,0.02164730853234529,0.026394089296252955,0.99941720321571792,-8.90628272896714,-1.7446671712605952,-0.59584664604982862,0.6314606058521333,0.5188151816735092,0.9436692506459948,1,4
-0.027214360451045382,-0.97742452430077409,-0.20952488606522654,0.99762452985022332,-0.039825552130703115,0.056206964324769938,-0.063282509640199103,-0.20749752936574989,0.97618650845048449,24.378063754421547,4.36317664827902,-1.9096859687569039,,0.4400415140558467,0.1904761904761905,0,6
0.9812549739374683,0.18304811543577038,0.060266604005794505,-0.19160123010165525,0.96021466906947561,0.20316682290012369,-0.020679573170424514,-0.21090561097137861,0.97728766415742629,-23.91252622884155,13.255925419095949,-0.63297044950601267,,0.1693211428695285,0.4285714285714285,0,1
-0.47112529978233164,-0.88195346879243586,0.014107827260068945,0.88206476879696416,-0.4710344504080855,0.0093962852187986692,-0.0016418136825838041,0.016870845080926997,0.99985632919639444,-1.0741401810461959,7.0172303220739529,-1.3357726081957928,,0.1370975333005106,0.1111111111111111,0,3
-0.99253086498769894,-0.11883513700797409,0.027580650084181188,0.11933254266081668,-0.9927063160656403,0.01714392911469113,0.025342184374563662,0.020307147896275794,0.99947255761998988,35.362165839018601,1.3499574674321682,-1.9321305004719165,,0.4008603452526573,0.5384615384615384,0,1
0.39511281749352978,0.90712128974103745,0.14497181502237594,-0.91781553454446085,0.3831601127087701,0.1039373492921042,0.038736365358549719,-0.17412436282025492,0.98396148312383114,-7.7017462502897667,16.347844585452567,-1.5479433816029391,,0.08934352395508206,0.2941176470588235,0,4
-0.99871921594522162,0.031396466800567048,0.039676057946858252,-0.036711635516125163,-0.98929275530603289,-0.14125190305524546,0.034816426001138261,-0.14252756284816695,0.98917830056520573,-13.349935647315576,-5.85251741564739,-0.03798517533372902,,0.2364882495170454,0.3333333333333333,0,1
-0.70846629007534456,0.69418056775569448,0.12723543208265442,-0.70344707603399004,-0.709124564305737,-0.048005869614338885,0.056901028515376866,-0.12351393301397584,0.99071013990233869,-14.236397153170094,7.4148936346744527,-0.84293070241854018,,0.1428753285939297,0.3333333333333333,0,6
0.94591831257065018,-0.32350008559894006,0.024212405105082407,0.31664625890457343,0.93694562183155217,0.14787849219012131,-0.070524411838965309,-0.13221420630236524,0.98870911343357371,-0.18393714387008014,-11.729088998901348,-0.10964663261665375,,0.1662789177247387,0.6,0,5
0.99583603946673349,0.076810840052007862,0.049098649163850643,-0.08865511760981562,0.9414315688109427,0.32534116150244008,-0.021233290390323591,-0.32833930026220104,0.94432115897216218,2.2240532518382694,-24.205356525250231,0.87080717436711153,,0.3484079982144709,0.2142857142857143,0,2
0.94249495194746802,-0.33420962739111731,-0.0026815131234264431,0.33011925646369528,0.92964685916767809,0.16363982935559646,-0.05219714614226955,-0.15511493222369785,0.98651650555671933,29.07642913265893,-10.910195385270571,-0.82249114116128985,0.2405900100268809,0.1345799617708653,0.4,1,5
-0.95362577946507476,-0.2941142490992073,-0.063989696173988517,0.30075539760018721,-0.9226077918915081,-0.24153892679117078,0.012002647790521553,-0.24958299384751076,0.96827902261080256,-9.1285640425327763,-6.8911314875187557,-0.19055685733064379,0.2465654463500103,0.3997456069802771,0.2758620689655172,1,4
0.86644592540689103,0.48673736047500255,0.11116744246237138,-0.49919435737784268,0.84066593688686875,0.20996613088840524,0.0087436781688247627,-0.23741845858305027,0.97136811951809965,2.4130289512124885,-13.98189529470994,-0.0060550383863580866,0.7633065575567989,0.3069607455617018,0.456140350877193,1,4
0.69579558718534995,0.70688011255251482,0.12723603000384376,-0.71792827553025274,0.67927622526238984,0.15219330138819279,0.021154007836641377,-0.1972417711110494,0.98012662022894992,-0.33570540432398854,-19.206560580697314,0.52502284272800459,,0.281993582524702,0.3571428571428572,0,4
0.7981600195140347,0.59790994815245857,0.073785345087500953,-0.60222530352153358,0.78855034687786996,0.12455133173591457,0.016287020837288127,-0.14384729520959777,0.9894658602564973,-5.5836930370629974,-18.628244207106746,0.64415702567528432,0.4094428502424413,0.4144898716353243,0.7375,1,5
0.95263955041009751,-0.30338302555450763,0.020895616761435861,0.29965480507905162,0.94819812408104209,0.10548609046802655,-0.05181587389481624,-0.094228749830325031,0.99420121601109035,-8.0637642447303612,-15.817271661591539,0.46511631065555209,0.5016376958470605,0.4762615475216192,0.9225806451612903,1,5
-0.83686615048419799,-0.54363820520691797,-0.064129151040392199,0.54737522063058497,-0.82978094180840678,-0.10882994280607229,0.0059509674321944874,-0.12617880349311994,0.99198966503470498,3.5339833712009572,-17.281814083904077,0.23550522451941772,,0.2548043312054769,0.3,0,4
-0.00070441709915943244,-0.99991421953085047,-0.013078890494234162,0.99859674407235899,-0.0013959387121118244,0.052939532328830211,-0.052953248480462851,-0.013023245951827245,0.99851206729825959,14.181902599157629,14.695199067262562,-2.2054592081331577,,0.2753551388789717,0.6842105263157895,0,5
0.24460635495276101,-0.94656419994795638,-0.21019977757745181,0.96770373739180782,0.22468568705483613,0.11430581205968728,-0.06096890809791581,-0.23137103839846221,0.97095326089146339,-10.874485663737335,-9.8967880304068316,0.073808578898112778,,0.1206999236571607,0.3225806451612903,0,4
0.97623765115487304,-0.21554590491046496,-0.022360933431912009,0.21582903579716653,0.95785549062856024,0.18955391417638126,-0.019439027097132029,-0.18987580664489689,0.98161565914387683,30.850462498598489,-11.084801823862428,-0.87204602640890583,,0.2185124254901471,0.3333333333333333,0,5
-0.56951071206712978,-0.82169872196730864,-0.021650846590427517,0.8219734398813543,-0.56943881395039897,-0.0099549634040786445,-0.0041488516971123438,-0.023465879145136266,0.99971602945313487,-15.837112713046059,-17.676697398393308,0.97869521247267688,0.3790598626828718,0.4313089741852384,0.2222222222222222,1,5
-0.23524546845182834,-0.97010473995156155,-0.059635250451332278,0.97037199538451613,-0.23790380393835966,0.042189698329466362,-0.055115879257730517,-0.047943441628358063,0.99732826404272512,-15.24707937968012,-7.4167341578599304,0.14695348562476618,0.6176172999139317,0.4563378553104185,0.35,1,2
0.53741140008344224,0.83738326043076583,0.099891251922760646,-0.84249041853401041,0.5278496554349823,0.10763194663091639,0.037401627487908727,-0.14200005777291982,0.98915979591456538,24.90612923684575,-14.338887548619352,-0.45026889927612601,,0.1519569559704216,0.3478260869565217,0,3
0.4123467429217349,0.9090612033279758,0.05981548466517065,-0.91014130911726365,0.40816256001878337,0.071036061526710575,0.040161686221451311,-0.083732032119169061,0.99567865587098114,-0.082841191104431777,-14.426725416653177,0.10532061165084312,0.1257118991375509,0.145417467738772,0.5,1,5
-0.60070004728539672,0.78425981976711145,0.15522882557753756,-0.79670953016788582,-0.60336450756847348,-0.034715926407369646,0.066433257717731314,-0.1445261433288558,0.98726836076291746,-28.976758354237841,16.793597459571377,-0.69555828940831133,0.3561181029975223,0.2612241457587752,0.6578947368421053,1,5
-0.86759786671439532,-0.47969772653043341,-0.13101157519152273,0.49726309075649472,-0.83791060951925633,-0.22502273002158438,-0.0018330968137811861,-0.26037646133358949,0.96550543143965217,-14.061829867679201,13.513166208950814,-1.1290490775268687,,0.3848021109159743,0.3939393939393939,0,3
-0.34119386300207066,0.93429819654371393,0.10331325077107827,-0.93771394975376654,-0.34595339609752079,0.031761551690405329,0.065416330429904954,-0.086041429926259794,0.99414162776202541,13.581703056842198,-6.0248391381488666,-0.89329431707909923,,0.08111940860366004,0.3548387096774194,0,5
0.28434136173482244,-0.94986276154635063,-0.13004124051364899,0.95664175123267725,0.27216902417124034,0.10373322553624159,-0.063139130539347388,-0.15389852666356721,0.98606728659129528,-11.031410084241527,-7.5285527215542087,-0.052719670909013076,,0.1176305527999065,0.3023255813953488,0,4
0.2498558437279553,-0.9608226792673904,-0.11996598001278098,0.96628926483867383,0.23947359737049373,0.094538102477104549,-0.062105668119169191,-0.13954273599105793,0.98826651811118393,-3.9972668529375279,16.254134123416154,-1.6948356264440458,,0.1317529458434876,0.25,0,5
-0.76470975268387509,-0.64259062064468697,-0.047919603604834951,0.64436894752129437,-0.7622659745928988,-0.061149353620781194,0.0027665177512542758,-0.077639411624611451,0.99697766682213984,8.3241939431035696,17.545378609743686,-2.182518151920223,,0.1486718664919778,0.1724137931034483,0,5
0.98489179090631362,0.16834153720365067,0.040611415356590165,-0.17259058149925549,0.97339996432173026,0.15068178601344803,-0.014165146773064441,-0.15541440187564848,0.98774779792542733,-5.2892660335904038,7.8744454197192741,-1.2295821997192982,0.372739635077896,0.3582364881981415,0.806060606060606,1,5
0.34652111054070289,-0.93758185068166078,-0.029383553597020086,0.93518207279412746,0.34285078739369557,0.088813446662097881,-0.07319570119970352,-0.058254706727216249,0.99561477413204758,17.114602008015972,-10.950660177738976,-0.52420255582395081,0.1682843613115814,0.1846501289906723,0.3157894736842105,1,5
-0.88003781213856069,0.4696810700106725,0.070236327352770828,-0.47073597129252981,-0.88227244491237888,0.0017257692813449548,0.062778137417848906,-0.031544023553815893,0.99752888682001717,-4.4146802303953523,-12.700417707238799,0.07641574021922426,,0.09110622453079842,0.2325581395348837,0,5
0.25475259529114835,-0.94533787071786213,-0.20356184657013748,0.96500794055320627,0.23500331986009496,0.11633191446888055,-0.062135254579710357,-0.22607465545999114,0.97212625738479153,19.356529726489885,0.84220770577716331,-1.4821613989196001,,0.2572278995547831,0.2,0,4
-0.012836478268120489,-0.99340202611131168,-0.11396332455493084,0.99748739358314997,-0.020663149209323762,0.067763809717626342,-0.069671547050180513,-0.1128071309035633,0.99117123987176925,-12.92880261469691,-9.7242434035085452,0.18373241702989779,,0.3216489656355775,0.25,0,2
0.35181716064438495,0.91870285736562618,0.1794707367354284,-0.93524401535199719,0.33693957791815282,0.10858338998488797,0.039285076357267509,-0.20605043242024848,0.97775247484986316,-3.9392896833611712,27.064061946274869,-2.2364858380084223,0.6228165909555798,0.6628229454085741,0.8076923076923077,1,4
0.85963744036182399,-0.50873298896973551,-0.04705546792979011,0.50399751712401186,0.82931788666807493,0.24128478108913215,-0.083725586656671513,-0.23113327061744721,0.96931286866144462,4.9617265714387715,9.7088916440663642,-1.6308052957895394,,0.2525029808369255,0.119047619047619,0,4
0.37075368596687541,0.92701592228325591,0.056419714420570137,-0.92781520167375209,0.36700643248457504,0.066822376925984084,0.041239009263908527,-0.077121711263873294,0.99616845250522834,12.130016182919038,-10.515201179474564,-0.52536329762618683,0.4455551582864427,0.3419329461802384,0.8823529411764706,1,5
0.8774616176464477,-0.47300140732355228,-0.079566187713245862,0.47625139343765827,0.83947552989565732,0.26165902421872489,-0.056971219102009862,-0.26748925843170884,0.96187513577266681,10.475530840352768,14.563444886628087,-2.0794861023948248,,0.4521093613003068,0.2352941176470588,0,1
0.93373843406017554,-0.35791085674125378,0.0056881794622740947,0.35514930630502051,0.92828603896107298,0.11024518175877832,-0.044738205036813673,-0.10092001038795588,0.99388814487012589,8.9987985516809808,-13.011826713811036,-0.26951499746064489,0.4316979551958386,0.395905212886101,0.65,1,5
0.98654961706506528,0.15711834027201518,0.045096343742469555,-0.16188970990747797,0.97731490921420094,0.13655508065872038,-0.022618021461754713,-0.14201899653850605,0.98960549196503034,-18.108063519042659,5.5669062448875097,-0.4987208954666697,,0.3245855877854115,0.6060606060606061,0,1
0.21343941569184846,-0.96241090264366469,-0.16795496509996516,0.97194921139072021,0.19180075627603865,0.13611465890527036,-0.098784342413566678,-0.19229592914190302,0.97635235920715258,-5.4268085494317067,23.700610647355301,-2.0420846788040139,,0.3730419400634668,0.4615384615384616,0,4
0.99562715052569239,-0.09178926439041353,-0.017358227984412111,0.093336697300588994,0.98511792012321941,0.14432929151465515,0.0038520219509090002,-0.14531832091918365,0.9893774545299282,7.1616613814187664,0.21726721006700481,-1.2015460380909568,,0.3670425589485216,0.391304347826087,0,6
-0.89381895742624584,0.43214408119451292,0.11974625018768523,-0.44117815621873674,-0.89525888363436423,-0.062236369987255416,0.080308815337403944,-0.10845747720791318,0.99085189095888604,19.157308514980389,-0.83385682716332332,-1.3691749681932892,0.5517368433920578,0.501141739656584,0.6794871794871795,1,4
0.96990940005787474,-0.24343772913469408,0.0037185633138705335,0.23778079655022968,0.9504313432408531,0.20035107830338286,-0.052307250657190864,-0.19343819121138742,0.97971711106296111,-9.6146899465396078,-8.8327621866703367,-0.021221281484902082,,0.1588386041222265,0.2758620689655172,0,5
-0.40828112983967074,0.89300690207839506,0.18932826481323278,-0.9106183481136102,-0.41293800115045215,-0.016013471975460887,0.063880694232934312,-0.17894379018623921,0.9817832636881223,-23.169283975549334,18.915928316106616,-1.0295133440203925,0.2874864925987305,0.3281622413237902,0.7307692307692307,1,5
0.51853692867573198,0.83761423322347461,0.17181923612038202,-0.85348876750859481,0.49487161896169746,0.16327585394935223,0.051733715662039041,-0.23131034790445729,0.97150354894674473,1.4533939320773064,-20.274800458747389,0.58101636272401624,,0.5629955052987152,0.4444444444444444,0,5
0.8259598880954343,0.53960527699479821,0.16314535940916752,-0.56369142416223939,0.79389869264554525,0.22798430678808188,-0.0064993525312757369,-0.28026953251301301,0.9598993424112825,9.3721030951181827,-3.0154149931779912,-1.0447904328202342,,0.3674808708172955,0.3134328358208955,0,5
-0.036471870117385154,-0.99755244277126998,-0.059656739864098383,0.99917090969599631,-0.037481565792833155,0.015894195260935697,-0.01809132132863208,-0.05902758801433141,0.99809240451262538,15.405000953542501,2.3158203388150285,-1.4781100774174643,,0.2036405045169644,0.4358974358974359,0,7
-0.44340582786062033,-0.89131996406706004,-0.094551538722187869,0.8954842512729142,-0.4450772077174216,-0.0037729156698627954,-0.038719859780566863,-0.086342346655384136,0.99551281841702799,-13.914860613105928,-2.5249540073407521,-0.25436870226130509,,0.2466367919068702,0.1515151515151515,0,1
0.8174614746314931,-0.56839285705535947,-0.093200308699875056,0.57596438154802987,0.80797307017220721,0.12427610013391219,0.0046656919424232944,-0.15527098223732783,0.98786089779571451,-13.875899865982545,-16.55388512009236,0.77041934672634638,,0.4539199489656897,0.4626865671641791,0,5
0.72999240172960778,-0.68264662103817753,-0.033236789890109496,0.67993764202663975,0.72044842830508327,0.13652422901444833,-0.069252410588319699,-0.12226059437895598,0.99007901234689955,-11.440512024135273,-3.9763273424186383,-0.27762440259599847,0.5041500980664825,0.494175427740025,0.6575342465753424,1,2
-0.79020588028679017,-0.61246614653299325,-0.021444955378956913,0.61271899108350936,-0.79026366700909512,-0.0076664575225282392,-0.01225172338023916,-0.019197811238896089,0.99974063602408902,29.590141532461537,-4.5354913294345627,-1.3570600894458369,,0.1577936084787725,0.3888888888888889,0,3
0.56842986522305128,0.79951146606460965,0.19408478547718266,-0.82049347192076649,0.53349495268335212,0.20536211431711546,0.060646111647096733,-0.27597925844636928,0.95924840268278866,-13.250828752948355,16.85248757320787,-1.3277278754669333,,0.1629719595679666,0.3548387096774194,0,3
0.65650477821622633,-0.7540359617674125,-0.020766428213771507,0.74984726441059968,0.64936891877516234,0.12668499273677969,-0.082039967303776454,-0.098740952447659389,0.99172560119950781,-11.561895754963983,-12.037809357466829,0.26791057540299662,,0.2040567693225878,0.4821428571428572,0,5
-0.31706685900489701,-0.94802972963963539,-0.02661275333691657,0.94744313347551501,-0.31788344305594168,0.036078046801349253,-0.042662814614946719,-0.013774917433603723,0.99899456249712915,20.692685585490498,8.1442156274929047,-2.0474008352900634,,0.1936040109185518,0.2666666666666667,0,7
0.84080306260532611,0.53108460960673853,0.1048777733953251,-0.54096473211383367,0.81707598101196632,0.19935897236477784,0.020183372426612705,-0.22435681111165329,0.97429803078180222,0.51629431154968419,-24.549829219243403,0.95610865324595484,,0.3192372623490554,0.2307692307692308,0,4
0.75826631442032555,-0.65183784432903735,0.011816137943033669,0.64714717024756474,0.75475726920471686,0.10743372200202009,-0.078947681764472186,-0.073816592193840569,0.99414202921961936,6.3676200277857431,-11.79200410774969,-0.33728007191915782,,0.1127409036305677,0.55,0,2
0.15568247969919971,0.95620512368610799,0.24786029724653955,-0.98605137941076626,0.13548010423898121,0.09668411719367058,0.058869709331989872,-0.25945501111335145,0.96395925978815977,-6.3255460627326094,-15.17648875826999,0.36604517708942885,,0.1144517006974907,0.3,0,3
0.99464738273003339,-0.10188541821314398,0.017203069023501483,0.096004412381189771,0.97281700035352503,0.21073736409690652,-0.038206502478466242,-0.20795779710965984,0.97739133298267999,30.096041370003405,-8.01285344282336,-1.0667221463998908,,0.104648829748374,0.2307692307692308,0,1
-0.65390878366196714,-0.74178956394913287,-0.14883395266498273,0.7565689584697316,-0.6418010350179284,-0.12527905862490071,-0.0025910865968723257,-0.1945242253964044,0.98089429196227673,7.8757526862818823,-9.990991346775397,-0.52960332067147575,,0.4319675821069674,0.3529411764705883,0,4
0.063409693981234083,0.94548307729943348,0.31943850934037588,-0.99625476217284581,0.041115424101420717,0.076065568747548426,0.058784858230108449,-0.32306543058853499,0.94454913477357638,22.340259401088151,-15.025058068832944,-0.34520726413697678,,0.1568866741733148,0.4,0,2
-0.80738487254017466,0.56183132176339812,0.18020886071133857,-0.58493834428403091,-0.80219590169283761,-0.1197032526436576,0.077309772859207065,-0.20205766798814576,0.97631751895971308,10.5591566966727,-1.8849003836406666,-1.1252278462396466,,0.3297516449887311,0.582089552238806,0,4
-0.49830894956675764,-0.86063750001983552,-0.10483932631070708,0.86288122315036275,-0.50407483388020236,0.03666819579937005,-0.084404890357189594,-0.072191795989950611,0.99381293968006712,-14.81699922516359,-14.280101768192361,0.62345005513870422,0.5709352499339903,0.5579287087918722,0.1388888888888889,1,6
-0.47085401395471066,-0.87951521602155835,-0.068916488080063787,0.88143540494239214,-0.47227760590303586,0.0050487499976434504,-0.036988166442513827,-0.058368208376214245,0.99760965702732263,-7.1494461992721661,-16.544527791093937,0.49658324954676764,,0.08841052225483316,0.4117647058823529,0,1
0.25033388692837533,0.93835665280831015,0.23836890985553477,-0.96690493560033153,0.22978312836970066,0.11088083435992238,0.04927261477788946,-0.25823730568416775,0.96482418262911052,9.3777549725915481,-5.4515476274605676,-0.89100746427300626,,0.2032826682411106,0.2448979591836735,0,1
0.91028931792498247,0.41241903136116487,0.035831553731142073,-0.41396977269959123,0.90718962641805112,0.075073357527983567,-0.0015443324506116897,-0.083171655572040593,0.99653403893027481,8.4552656242637116,10.831536046805653,-1.8018405183661561,0.3384864887067313,0.2191894443334285,0.6808510638297872,1,4
-0.99646968581288564,-0.081716246395583947,0.019251502044896937,0.080985733181199115,-0.99606197437387334,-0.036081217101487345,0.022124110763420385,-0.034394742060920275,0.99916341278165799,3.9303620369766916,13.809703140028461,-1.8111917781841846,,0.09323786284468698,0.3684210526315789,0,5
-0.60904708464609725,-0.77726500659094699,-0.1578630995934972,0.79256067803059538,-0.60399671822240453,-0.083878102125939102,-0.030153280481134737,-0.17620179881528419,0.9838921210023408,12.133978040050129,-1.3286620885392944,-1.1931571389552869,,0.2718334253886332,0.25,0,5
-0.74153674426940019,0.6313413917080285,0.22700507486509638,-0.66786087022110774,-0.7268601306837027,-0.16011311142431556,0.063914903784977675,-0.27033756220444155,0.96064170611915256,-1.9975487322934407,-11.29310757002167,-0.11145890529915577,,0.6941383367476937,0.3035714285714285,0,1
0.99423120801534359,-0.10587195515272275,0.017188197127411136,0.10102107324516786,0.97816441960289735,0.18162904774105343,-0.036042305264026818,-0.17884489742530346,0.98321689107550803,3.673092031238403,-12.314718181872808,-0.20071055925964021,,0.1040204212795297,0.4,0,4
-0.84935740207692034,-0.52527889788150883,-0.05171153621321279,0.52769655081726363,-0.84297360541491639,-0.10455549162687805,0.011329333286029827,-0.11609298003825483,0.99317373414379506,-6.6670157830291092,5.5596570372129506,-1.112718721001023,0.2370286219376101,0.2367030413034648,0.2789855072463768,1,5
0.23929266253923373,-0.9699915926672813,-0.043073562769689211,0.96859826555676209,0.23539455796399539,0.080042501468696889,-0.067501271212589115,-0.060874561482816336,0.9958603647846207,-9.4905663991018123,31.719135150448263,-2.2509571394353363,,0.1824594454210709,0.4545454545454545,0,2
-0.82598550116539904,0.53169118347308397,0.18722296141642328,-0.56044854183452009,-0.81018840391317559,-0.17173288013709162,0.060377014004538522,-0.24677770479038816,0.96718942332837943,-3.962641439889945,6.5861813231041966,-1.2658855820290023,,0.1322528667464339,0.2717948717948718,0,5
-0.70673760125172591,-0.70443924867030339,-0.065477537444352349,0.70714040506452747,-0.70622002768117687,-0.034723479479678687,-0.021780966510562227,-0.070842200945608627,0.99724970396739099,-1.1861007582209566,-8.8422781288854839,-0.3404180930815443,,0.2273911152268407,0.3414634146341464,0,5
-0.75928901766481594,-0.64993012445458487,-0.032726456881977839,0.6506121079863092,-0.75711494480985198,-0.05899868885989748,0.013567335597349867,-0.066089285606850331,0.9977214710192247,-14.535382552572184,-11.167161795672644,0.37350472332143719,,0.3070078237432761,0.3333333333333333,0,4
0.93059639055018328,-0.36569877245201499,0.015961382210172695,0.36177205129896756,0.92549825089042004,0.11213371704224159,-0.055779393990137642,-0.098576850354744616,0.9935649268066129,-6.28598248426065,-11.037965851444067,0.0038514081236759551,0.4282830800808163,0.3988917434802951,0.7666666666666667,1,5
-0.37298725071492456,-0.92316631645427494,-0.092975604157050251,0.92743549748317267,-0.37389517049313059,-0.0081116884835339877,-0.027274691790433476,-0.089254432081321666,0.99563534365829853,13.155507348996744,8.8031819736436336,-1.8228698175022668,,0.1750237442661613,0.1538461538461539,0,4
0.99764299366954523,0.058403204544690224,0.036021144914864987,-0.062791812164210259,0.98871350931481816,0.13602494191695275,-0.027670300092358373,-0.1379661632331888,0.99005034836391537,-8.822117227813127,-11.306158058964806,0.11521937887900967,,0.521565295049319,0.8142857142857143,0,5
0.40453115768175441,-0.88806719150130176,-0.21838316291245902,0.91188508059250761,0.37356615213739824,0.17004096497624907,-0.069427244345826852,-0.26792721652763918,0.96093437048858654,-2.6271845442168811,18.779669914168196,-1.8871042258715245,,0.1436048964831533,0.125,0,4
-0.42315961204673419,0.90030144003453816,0.1019473383870045,-0.90378382275677405,-0.42738045573881278,0.02281989867717724,0.064115087581701827,-0.082481895736105232,0.99452802495463577,-2.698927730142473,15.027312722376664,-1.6673029765597096,,0.1049222039092098,0.4166666666666667,0,4
-0.93019462313424839,-0.36635943234486895,0.022775632243252526,0.36664233730654361,-0.93031170514677519,0.0096709751987658389,0.017645384283974958,0.017346400169657019,0.99969382453560529,13.154811859188998,11.235150651882151,-1.971356876475536,0.2148472316686455,0.191002527091903,0.35,1,5
-0.99585267337702033,0.074371314084808363,0.05240573030825612,-0.082950668025828997,-0.97880990084912445,-0.18721742620225593,0.037371641680712643,-0.19078806472373272,0.98091960667378975,-5.4437576736456856,9.1406964925958096,-1.2808877096523341,0.1487999496761899,0.1343396164684481,0.24,1,4
-0.63723057261343197,0.74387863971567281,0.20144916654461145,-0.76491594338482249,-0.64237180268148297,-0.047561188751436223,0.094025511870265574,-0.18439912281381082,0.97834358311537584,2.2879260221509288,5.2210844916107249,-1.3501416823331784,0.5349842112646499,0.1788088447862126,0.1794871794871795,1,5
0.96947684090873221,0.2400690177549471,0.049814873841071389,-0.2445758283701506,0.96119430989029309,0.12762508692094995,-0.01724294402593838,-0.1359130801236593,0.9905707019353136,-1.9156572065610897,-6.6244831317757473,-0.52137395703401335,,0.07798349085828568,0.2771084337349398,0,3
-0.93335361637056469,-0.3588461531326762,0.0089702391199656135,0.35873338965258666,-0.93336203011078689,-0.012069626996605021,0.012703619813068284,-0.008047305720025575,0.99988692306395022,-4.8150698180234759,28.620492057736104,-2.2779585194105247,,0.3492913687517252,0.6111111111111112,0,3
0.193906175572057,-0.98074365413673925,-0.023286905022691363,0.97865099246516041,0.19173471562222696,0.074027250200326175,-0.06813684775491495,-0.037144093686359868,0.99698429590552906,-18.816991069231005,15.579553228982162,-0.99931543545444301,,0.1196040504599387,0.4117647058823529,0,5
0.6661533264685624,0.73801682836388727,0.10756814903389336,-0.74544291102010918,0.65430529302809814,0.12727705969765632,0.023550202647433738,-0.16497195084960184,0.98601706039405923,-1.2970969893447875,14.355119333345339,-1.6694528814322358,,0.08030036544519939,0.12,0,5
-0.9600508214984983,-0.2791038870537082,0.020085825140362067,0.27943351341663475,-0.9600312756732885,0.016026893297007256,0.014809852115862642,0.020999284764704137,0.99966979464204908,-10.464426636582585,-3.0097554690592125,-0.38818780440996387,,0.07405772058333238,0.3115942028985507,0,2
0.78461635458826517,-0.60967002609519005,-0.11260388711635083,0.61565977785925297,0.74478012529097837,0.25742106148846799,-0.073076768120358765,-0.27130245898746436,0.9597159797088084,-12.823052491804948,-8.1855378538609074,0.083839577609877605,0.5391728201732832,0.5775056514349921,0.6206896551724138,1,2
0.12454329194214121,0.94858651143262507,0.29098556452218965,-0.99074406698459117,0.10293221194478791,0.088493804749178936,0.053992241730151713,-0.29931353138846911,0.95262597474597388,20.420164006829093,-9.1296969609863989,-0.73113741471024596,,0.2862957781167617,0.1111111111111111,0,2
0.73727575893744768,-0.66648856391199562,-0.11053257193125139,0.67494493794762622,0.71948614393641097,0.16367351472486397,-0.029559871821213394,-0.19527591469006342,0.98030277522807874,-7.506215849832846,-11.599324544972514,0.093689930303240535,,0.2430521877337855,0.2413793103448276,0,5
0.96859971814076062,-0.246872837299668,-0.029468427532728898,0.24569645984408106,0.93230240163839384,0.26541567685306328,-0.038050435447257398,-0.2643218381119794,0.96368362560509402,6.7863336797766056,-9.9352252977426581,-0.51161860739118636,,0.1867922746998593,0.1470588235294118,0,2
-0.2906185426788907,-0.95356124428301714,-0.079131637494876297,0.9562057727165364,-0.29243957496783957,0.012231729894004173,-0.034804926012971193,-0.072111361060875803,0.99678912952097254,7.4576904160623325,-14.83815798206413,-0.053585212214466528,0.3035959532897559,0.20705903128294,0.5,1,5
-0.093955752277867732,-0.98838156753594664,-0.11947465659748104,0.99400057783342133,-0.099878390438341264,0.04457755478121303,-0.055992569870704771,-0.11456956000016903,0.99183599856056992,-16.80481349722049,-9.0916925689121832,0.35886076001952066,,0.08815475786998714,0.15,0,1
-0.18041265044725255,-0.98215918166638894,-0.053052968126292552,0.98201284240698927,-0.18291522519962439,0.0468273182866457,-0.055696076220372689,-0.043650455422397073,0.99749315026975194,7.7907315048640795,14.896646917978821,-2.0070835550292534,0.2989345091784105,0.3022967407827689,0.7435897435897436,1,5
-0.88774567534003246,0.44715182087064637,0.10937488288969692,-0.45532525496138676,-0.88789581531755091,-0.065726199767898161,0.067723910913485549,-0.10814929603860966,0.99182518704504297,19.923376729440754,-12.250898190066847,-0.48644499839449679,0.2736551451911599,0.1904440992080851,0.2580645161290323,1,5
-0.70613459949138624,-0.70622839160782624,-0.051140847550283801,0.7078181311771008,-0.70598751375619462,-0.023981734659989252,-0.01916821791651958,-0.053132751739095145,0.99840347060421175,-1.1335518381122576,8.7552353229098241,-1.4031556887086927,,0.08859188920791562,0.3714285714285714,0,5
-0.62094004643376355,-0.75428094239946897,-0.21329256589906043,0.78341807905740413,-0.60629060339363794,-0.13663022228843072,-0.026259705650352214,-0.25193642882590034,0.96738744238780028,-17.640639851150912,20.314973445460172,-1.2990558225077578,,0.2387794741064781,0.375,0,1
-0.8077454789462496,-0.58895260139034578,0.026116557151319525,0.58946406683942709,-0.8061909375414581,0.050875201534225437,-0.0089081505946628364,0.056488986020011012,0.99836348055776425,-8.8574973892763911,5.1049473889449555,-0.97144296172747424,0.1249384830517597,0.0922721279765487,0.574585635359116,1,5
0.4478707686884123,0.88999298905550939,0.085581855474697682,-0.89322286818587238,0.44114311577840581,0.086865753615133018,0.039556065328286268,-0.11534830225608603,0.99253719671475493,7.7140235614151997,-8.4988198534895201,-0.6481520548739419,0.3588015162751099,0.3158438171739918,0.7910447761194029,1,5
0.93594496066950417,-0.34501709149167265,-0.070499909049503734,0.34839185369201292,0.87806368459356443,0.3280659721443509,-0.051284957623113601,-0.33161328739452178,0.9420204248024534,-12.757903931339689,-3.2989639720742749,-0.25854429749685948,,0.1068625650289769,0.2258064516129032,0,1
0.56935909304338728,0.79023898601145959,0.22661105038455634,-0.82167081392499153,0.53823167420720175,0.18751996806728305,0.026216344380058768,-0.29296588516018884,0.95576340870513199,-3.3523987035820846,-2.8082840221298473,-0.83432835724294674,,0.2758473870322677,0.1630695443645084,0,4
0.63594547327884321,0.75687721898687288,0.1506991386665659,-0.77118957048074044,0.61592922206296397,0.16092805781044842,0.028982777608074311,-0.21855907390819712,0.97539321804824519,7.774988301468154,20.371636436031842,-2.3320862887621541,,0.4164507242228171,0.7894736842105263,0,5
0.87809723151954044,0.46373502819338064,0.1178773753703598,-0.47824591739294497,0.85835507538673306,0.18576169426127231,-0.015036438896914089,-0.21949120297707256,0.97549859934342209,-3.5387967334896051,-10.956361069478504,-0.089206480432561019,,0.2987312931716954,0.3603603603603603,0,5
-0.82011317912901172,0.56041040526488295,0.11556189289621378,-0.56898254192159348,-0.82008691399447586,-0.060961631240149639,0.060607263651715447,-0.1157481367706082,0.99142782310503286,0.16007763150394677,-31.458924327467859,1.5959549031357327,,0.6177665097852647,0.625,0,1
0.51184182703715198,0.82468750897311394,0.24064175996487447,-0.85893756189387449,0.48617409291594577,0.16081360684085602,0.015627183465947658,-0.2890073769319379,0.95719931425792593,0.19114357580687608,22.913844642619537,-2.1937279278472639,0.358802751533548,0.2448799259947295,0.1818181818181818,1,3
0.71214985134112452,-0.70111741630892799,-0.035734546073910432,0.69971080780809913,0.70474776085886859,0.1171980332639964,-0.056985740947644442,-0.10846641006645877,0.9924654468624805,28.948596343192886,6.4675310197816041,-2.225278967654436,,0.2695456745362185,0.32,0,4
-0.12064829190673552,0.98324142838869755,0.13667583239235151,-0.98981298243957483,-0.12963663080958568,0.058860884689362243,0.075592654762630954,-0.12818204808979389,0.98886556876728404,12.836445926545126,5.6469617034295396,-1.6238154635620949,0.2938938034322961,0.2766401185118176,0.5384615384615384,1,4
-0.26684081599587961,-0.93933490195603753,-0.21551315710622992,0.96252084357909429,-0.27100154119029496,-0.010573095491538446,-0.048472720105658382,-0.21025723920884679,0.97644369462137026,-12.690906829288947,-6.7644939233821333,-0.028483104740916577,,0.09254445418360119,0.15,0,1
0.2959960707690113,0.93393835973069095,0.20036333574996623,-0.95319085367272238,0.27524402468997788,0.12517157563572759,0.061753725102007467,-0.22803479360836598,0.971692652200281,13.964706638706748,22.610815956528921,-2.6378979605910784,,0.456993155982563,0.6388888888888888,0,3
-0.98630350028704461,-0.16384195324929768,-0.019005780093900679,0.16480322523527807,-0.97421565096647234,-0.15409011118180774,0.0067306963661237316,-0.1551118298758242,0.98787398890698552,-9.042134481673493,14.709277193024491,-1.4053695160391972,,0.3502956304768476,0.4186046511627907,0,4
-0.99869143968269081,-0.036630106309177519,0.035688143917754253,0.033625010755320629,-0.99611046862289399,-0.081445030244852681,0.038532673878418536,-0.080138440287160218,0.99603868571061127,-13.965512874190614,-23.268670316957785,1.3823164383595063,,0.1860089345052072,0.3333333333333333,0,2
-0.7582464076453157,-0.62718956510278301,-0.17803267879565302,0.65175271390029943,-0.73620607736052945,-0.18226083391945938,-0.016756646936918536,-0.25423190414187669,0.96699811463095786,-10.890072277595433,4.740786589312374,-0.87690448760875406,,0.5287758380837101,0.3855421686746988,0,2
