axis_00,axis_01,axis_02,axis_10,axis_11,axis_12,axis_20,axis_21,axis_22,location_x,location_y,location_z,dbh,dbh_approximation,score,reconstructed,number_clusters
-0.70014649152333908,-0.70227776646798434,-0.12884420488442089,0.71098632520053273,-0.70230675747737936,-0.035548048883899584,-0.065523551379649006,-0.11649530946072129,0.99102750067202949,21.177147889982422,10.179023167798372,0.15897975533799411,0.5122542890329556,0.3992116676469726,0.1739130434782609,1,5
0.91869846571857094,-0.38793821634927395,-0.074142224016325461,0.39352241462814969,0.91508256135834398,0.088113648676481304,0.03366360455408253,-0.11012650086875417,0.99334732875003506,-19.178535372266939,-3.579548949603653,-1.7985978030189631,,0.0856233039306535,0.2884615384615384,0,2
-0.74641344564257184,-0.65790506846967922,-0.10013934813993473,0.66291430098244519,-0.74827395037621036,-0.025114233839344607,-0.05840888388713001,-0.085129407787721031,0.99465641616227074,-1.9222848615719661,-13.347007432665155,-1.5247756264351988,,0.1000385884845569,0.3877551020408163,0,4
-0.43428498721275266,-0.86071566389297982,-0.26564091516723787,0.89945619391339293,-0.43031863133973458,-0.076186814822067073,-0.048735050143133299,-0.27201915640477581,0.96105695639560396,-1.6456612421106491,-15.156961308070358,-1.4821953281496349,,0.2900059147286154,0.2121212121212121,0,4
0.80173443339569639,0.59735981037054209,0.019574352141296218,-0.59199423997913847,0.78917406593719175,0.16354544776202973,0.082247906594658374,-0.14270792061490711,0.98634158953912376,6.677451267535635,-5.1900713137184491,-1.0088249261524522,0.8135456109671381,0.8411500474596523,0.3095238095238095,1,5
-0.84513792850470004,-0.52330373558782206,-0.10906457776297354,0.53068885699835966,-0.84585982301529183,-0.053763341286734788,-0.064118787110795022,-0.10331679499660334,0.99257967993056895,-12.185613722002403,10.814419516839598,-1.4423985876922611,0.5712236267356399,0.240142020406069,0.2,1,4
-0.53485157571361408,0.84417100577537263,-0.036181555589288587,-0.84494483860974046,-0.5344321122979796,0.021225858085832702,-0.0014183312110475487,0.041924102291121958,0.99911979160842379,-6.3856570990720147,11.15715446469251,-1.1888545651443103,,0.07313019629266267,0.2903225806451613,0,5
-0.95458768454305842,-0.29090933568556382,-0.064297052262957427,0.29130974645758928,-0.95662321301616859,0.0032649559623531181,-0.06245785889330964,-0.015613671240454785,0.99792546271395322,3.4708802509653305,-13.576258304246604,-1.1822162923673429,0.204970955391173,0.1617176254052048,0.5789473684210527,1,5
0.20546450211683703,0.97451077615533754,0.090072668035332926,-0.9779746392102997,0.20099292900749788,0.056280081294112584,0.036741576332069509,-0.099652343906753746,0.9943437368045952,6.5445141506037015,-22.459687468824992,-0.88117577883110121,,0.2019044993683925,0.4285714285714285,0,3
-0.47372110816179791,0.84932549192480566,0.23288306174697398,-0.88066831260108125,-0.45787881480720238,-0.12153318119392467,0.0034109913986603165,-0.26266556629569571,0.96488090737678078,-12.199155780545791,-8.5387049251697817,-1.6212064035901341,,0.3088571158274439,0.1891891891891892,0,1
0.97002769642092201,-0.23324446838245397,-0.068141662331544978,0.23888374595785047,0.9667173118798138,0.091608923304508622,0.044506450020924036,-0.10514112839822784,0.99346087946414974,13.015624763510305,10.428906947681357,-0.20741318557674218,,0.08529375199626346,0.1818181818181818,0,1
-0.26406081101769735,0.9633362446954381,0.047488606431104613,-0.96415811953017683,-0.26496775399223238,0.013827866369967301,0.025903834247265504,-0.042135127867424592,0.99877606217354209,6.548677175177037,-14.965532240783952,-1.0386368362719955,0.1955044008799371,0.1240378397998785,0.6538461538461539,1,5
0.76928179392520646,0.63739788539330111,0.043925587433353057,-0.63458614570162075,0.75428354084211258,0.16839466647803114,0.074202056701807906,-0.15741752034266768,0.98474046279737515,-19.61501986703972,-7.2469139127390925,-1.8012407270109323,,0.4487726792776441,0.2307692307692308,0,3
0.0065211857606787349,-0.98060010251382201,-0.19591047211968235,0.9990742238364283,-0.001941944979343697,0.042975855027394427,-0.042522575203215791,-0.19600935640825756,0.97967962252897123,-7.7535644976668543,-15.062769733999859,-1.843133905469539,0.2926934674143137,0.3663528007150905,0.5833333333333334,1,4
-0.11332772856390505,0.99345921676365723,0.013986084723311221,-0.99306443172618764,-0.11370374476419037,0.02990807360805867,0.031302721589201478,-0.010499669230106019,0.99945479966187989,6.9847984099544824,-1.6212454928790065,-0.84341320991502489,0.4474200080152946,0.3866154030004864,0.9253112033195021,1,5
0.27254083275686442,-0.95281783897566774,-0.13364003969593857,0.96200434125904932,0.26749141225864198,0.054735653523257405,-0.016405544152383423,-0.1434799989462445,0.98951722977593892,2.6416609291572186,9.772206327401312,-0.69342206383381955,0.7388023919052039,0.6932755798868201,0.7283950617283951,1,3
0.87112843634482684,-0.46154527402369327,-0.16766397173456812,0.48912751417306133,0.84578793179072576,0.21306583329113862,0.043468635477753953,-0.26761676790432903,0.96254441106171396,-18.643614366623328,7.4981912706382747,-1.7869938229805336,,0.3068700452569651,0.3448275862068966,0,2
-0.14545357312571686,0.98917038265694679,0.019626821935072154,-0.98783337831618356,-0.14630324800811881,0.052731170162536353,0.055031579564802723,-0.011718092702491398,0.99841585101300268,-21.322201756927772,6.1278127085078733,-1.8890311407684186,,0.2144485772250659,0.35,0,3
-0.68550720721959357,0.72164562181201131,0.096475205983448567,-0.72794464458794916,-0.67693147695407307,-0.10890532551028673,-0.013283947670686091,-0.14488399507306804,0.98935947193421558,4.3328524059154523,6.9245140205199718,-0.77430129215365784,,0.0759845967170045,0.3809523809523809,0,5
0.42659831389277969,-0.87206832415590219,-0.23981392075472596,0.90441610797535088,0.40934261960915569,0.12029182601587153,-0.0067366325828324292,-0.26820786300075294,0.96333751095138687,-19.887903133349045,-4.3569246109672308,-1.8218161141428171,,0.1121870205583641,0.16,0,1
0.98553446566294522,0.16346047571836889,-0.044749188466143286,-0.158795303937974,0.98290765491728305,0.093148233221322721,0.059210374409391399,-0.084694833271764761,0.99464612640846717,4.0240973187985922,8.8240316072800073,-0.63921407716040102,,0.09980739137916954,0.25,0,5
-0.38777539441875764,0.90134282733541349,0.19290243931682258,-0.92124958344794461,-0.38590296080060787,-0.048765867595202225,0.030486857502297435,-0.19662149540761764,0.98000537705836444,11.468630136914671,9.9016762920978429,-0.28732946060789605,,0.3732372440212169,0.8260869565217391,0,5
-0.92043992820947729,-0.36373507496819552,-0.14313327284602362,0.38528972738024536,-0.90598236030140733,-0.1753504741879747,-0.065895102496234176,-0.21654735754696383,0.97404572654800914,15.065869922634256,3.8573551941957982,-0.2564519741281463,,0.1910444868254195,0.3617021276595745,1,4
-0.94788220073835217,-0.30055716652478021,-0.10575785159511407,0.31564910543795288,-0.93103220784893059,-0.18315204116844053,-0.043416307531142166,-0.20698893110150027,0.97737945888064381,-6.3535483729527744,15.673751876934695,-1.2497260794437663,0.6730536153313894,0.5342373036817255,0.6904761904761905,1,5
0.35459627086275125,-0.91641118893456464,-0.18561254668197916,0.93497602001912694,0.34560847695864899,0.079841233980432538,-0.009018130594836006,-0.20185468399287282,0.9793739632391264,9.9663641627045543,-6.4014075910945065,-0.78227218944882559,0.2036983171013052,0.3195885146756525,0.2432432432432433,1,5
0.37898397243658671,-0.91916254266729402,-0.10729104712686552,0.92534382494281253,0.37509029636731017,0.055191260279946017,-0.01048590846755257,-0.12019771099516884,0.99269459351561495,-5.0254167622691597,8.1254266525757348,-1.0326111435446923,,0.08578144766462617,0.3653846153846154,0,5
0.96862897533755221,0.24521146312333675,-0.040363925594982475,-0.2410326767110246,0.96655059825918688,0.087653806319676161,0.060507494527896964,-0.075174991571140881,0.99533289092053834,-7.1375832738255145,6.6677418538744933,-1.1628705348359689,,0.0701993169629231,0.2173913043478261,0,5
0.39299682250140994,0.9179583645884789,0.053906756402508943,-0.91743651905938528,0.38746072287319255,0.090467793864887999,0.062158917300675007,-0.085009582475313608,0.99443935958276486,-7.1464589511238668,-1.1357363901445681,-1.5161530959066143,,0.2951402397137429,0.4294478527607362,0,2
0.86461486311721325,-0.49706699386057734,-0.073249860690722965,0.50241298307166771,0.85671040080813365,0.11674109639794338,0.0047257716649756355,-0.13773776810147151,0.99045745709777699,-4.878175843554823,13.83563012859128,-1.1521240190935031,0.9314962015311183,0.8749528775040063,0.7752808988764045,1,4
-0.89357507011271975,-0.44326619795656397,-0.070983602488045736,0.44425570674932791,-0.89589769211392278,0.0020475071678255855,-0.064501636364543119,-0.029705269129894074,0.99747538109580303,5.8373516860405106,-13.04914296741954,-1.0386775464955516,,0.1145905944791561,0.4615384615384616,0,5
0.44231906693953854,0.89684749369664518,-0.0042913950857840326,-0.8951078787970268,0.44174975197862382,0.060324472167700441,0.055997574386962547,-0.022841402690521279,0.99816959580319142,-2.6012336358575112,9.0788900917727773,-0.92630565867233838,0.6290950896026852,0.2032553619276979,0.391304347826087,1,5
0.96948347925102019,-0.23223551372931772,-0.078539478112717803,0.24110176755858798,0.96122225882992107,0.13387197918171667,0.044404066699603242,-0.14872267914741594,0.98788149267397118,-4.2103487180845427,-19.281507070363748,-1.5631043191211271,,0.08926001212710646,0.3571428571428572,0,1
0.79961854357707152,-0.55233414727567887,-0.23566326510708394,0.60000527710921814,0.75091432992027307,0.27590095425981631,0.024573404501067906,-0.36201472190179756,0.93184842593502881,7.2737256584206804,-8.2339544938496054,-0.95124245257184348,,0.1650692426159817,0.2307692307692308,0,4
0.22590060172406806,0.96788649394925552,0.11029348562505208,-0.97285610768469077,0.21831551895270546,0.076741956744701356,0.050198723901098377,-0.12463574533427595,0.99093189428117234,-6.3298469183992925,21.195614363244264,-1.3186303374363471,,0.2891205029722239,0.2592592592592592,1,4
-0.99259359300441141,0.11027444928593789,-0.050965723396006447,-0.11074170438083805,-0.9938284317713415,0.0064283056667487955,-0.049942307089502612,0.012024726092564889,0.99867971438543746,-11.387403472332201,-13.489608541488876,-1.7856999080099922,,0.1256684392676771,0.65,0,1
0.22403068899970902,-0.96758041150985774,-0.11661216767014997,0.9744005385253186,0.22007029072647641,0.045963655872153536,-0.018810659421861275,-0.12392422847038295,0.9921133729015732,1.3233263935047572,-17.477338697603528,-1.3655208298892991,0.1260526536549429,0.1271932462614578,0.4705882352941176,1,5
0.5757357280585661,0.81749262916673937,-0.015302702209915038,-0.81560795833045263,0.57552453868280484,0.059625193349586408,0.057550236705890254,-0.021847348397389204,0.99810353351899306,5.3646839600016092,6.8720136924742583,-0.74660353025937898,,0.0814931953675796,0.2105263157894737,0,5
0.84042711869546738,0.53578000276703108,0.081375959571581294,-0.5380540183370276,0.80704862667885968,0.24324964034329971,0.064653936559293357,-0.2482182564009488,0.96654413540027251,8.266421560916962,9.3390125137362396,-0.45339925730709968,,0.1348135672569575,0.5833333333333334,0,5
-0.99025707478293479,-0.11641202358887942,-0.076414439776037693,0.12666829906350638,-0.98098748881678433,-0.14703295139966299,-0.057845205978556552,-0.15527970746005321,0.98617551409291082,4.4410220622734844,4.0841450293495765,-0.80936267824141528,,0.1918033987431323,0.2333333333333333,0,2
-0.2636052352432246,-0.95821080647491796,-0.1111050417715251,0.96377768854656376,-0.26646189886020816,0.011429064513572642,-0.040556713528187627,-0.10406779910471954,0.99374294773713623,-4.9056601520086858,11.786774205758007,-1.1319844081782771,,0.1112148101738578,0.2608695652173913,0,5
-0.24030528201601026,-0.96657084195027054,-0.089410172389677744,0.97019217990724793,-0.24213047597550488,0.0099983323958745263,-0.031313024159743699,-0.084342397970543825,0.99594470450048089,-15.045987386389088,-3.1247027827019385,-1.762991211585246,,0.1073328302733773,0.3061224489795918,0,6
-0.81281368207591964,0.58223642689990573,-0.01829375360658448,-0.5820498840424263,-0.81301834487469671,-0.014802141176473835,-0.023491503067828896,-0.0013835057068440524,0.99972307925523796,11.023072887147139,-6.9951142486755389,-0.72405592944266128,,0.08882811178089431,0.375,0,2
0.88830827966507098,-0.45429728916040146,-0.067248593591190772,0.45804754877425535,0.88701585413842432,0.05826935360013899,0.033178959302225815,-0.082564202706696191,0.99603328714005801,1.4914235116459356,-21.367280292466983,-1.2738444288251964,0.2219385661071698,0.2245210163651096,0.4444444444444444,1,2
0.20914635245423746,-0.96281572481397015,-0.17100784574409963,0.97736798323040464,0.20013252247442734,0.068547784823106445,-0.031774653597166878,-0.18147411247605733,0.98288225026694209,-7.2547363262918836,-21.180772329691258,-1.5440750634817688,0.8137786508313973,0.7297777643667722,0.7707006369426752,1,2
0.9986518583734143,0.0024051098188708378,-0.051852494772053746,0.002787076458586927,0.99500066196217585,0.099829429025943883,0.051833367362546311,-0.099839361684613909,0.99365255692634757,-8.4134876608689115,-13.62502051828794,-1.8234999655917272,0.1373135709349136,0.1364052823669333,0.6333333333333333,1,2
-0.9985835599835714,0.0003393640709259984,-0.053204873485083952,0.0013003799904090715,-0.9995252826418195,-0.030781786362560116,-0.053190062440431195,-0.030807372361451292,0.99810907373180668,-2.3861884063654042,-11.717165400348003,-1.5647780038201449,0.3495795175863298,0.2801660798080095,0.5424836601307189,1,5
0.75534989199438551,-0.64205040866936602,-0.13121666583009797,0.65512114136026611,0.74477993201799964,0.12696118700643749,0.016212057453937948,-0.18186293077689419,0.98319023774768366,4.6055088885644384,-25.46902541973818,-0.92264035931075183,,0.204146149538263,0.55,0,5
0.21713107267065138,-0.9615739894606955,-0.16801654702300919,0.97588029550392019,0.2178219468969253,0.014534383276021313,0.022621806472376056,-0.16711990378969138,0.98567702196472606,-9.7559962153670181,-11.84111858385052,-1.6450259406977206,,0.4650113291479777,0.2,0,2
-0.17146842036800189,0.98501584685169064,-0.018503034009306259,-0.98495571406361093,-0.17098824138509183,0.025005252277796097,0.021466768502613663,0.022512280183956589,0.99951607045158342,-7.5103600459153048,10.936123369488829,-1.2472098347831631,0.8626760122600335,0.7614050873201783,0.9660056657223796,1,5
-0.99043834497248029,0.12679742928617507,-0.054353442711482895,-0.12405371938210082,-0.99095376331353202,-0.051198766413011791,-0.06035362056778374,-0.043966474741154643,0.99720829799154509,-5.0945937262009178,2.2084917731441047,-1.2534764748179956,,0.08877595639845938,0.1935483870967742,0,4
0.12218285893953063,-0.98419945440105228,-0.12815140630533056,0.99224619386378765,0.11816489285435654,0.038529843751885028,-0.022778054003558527,-0.13186543160885481,0.99100588706748938,16.870067393883065,7.0943014286807538,0.0035707366845274956,0.1480614900538574,0.1127297112273345,0.4705882352941176,1,5
0.99833076254627939,-0.0024408769235408855,-0.057703818535759739,0.0071981234990516983,0.99657506694011988,0.082379141603850334,0.057305109474253366,-0.082656990467467134,0.99492911624648117,-4.5522378918306643,16.124907832501236,-1.1655791672368567,,0.1283195981876495,0.1739130434782609,0,5
0.96885838708793415,-0.2216834519233209,-0.11031714695698777,0.24029616018627808,0.94927432082413554,0.20282016473617365,0.05975936051447929,-0.22301280449166755,0.97298206965167844,-17.590566706540898,-0.84742799410650804,-1.7275937056082082,,0.3185412417599213,0.4471544715447154,0,3
-0.79107871456044188,-0.59041507023686635,-0.16001410002432598,0.60784465857989556,-0.78808059888496795,-0.097230862883140409,-0.068697441038869544,-0.17418098202245297,0.98231443392449691,14.088073444558189,5.2137126509245828,-0.1315011286177272,,0.1387239379193259,0.4047619047619048,0,6
0.17228950913484631,-0.98127683155502143,-0.086093582196423865,0.98484097069332344,0.16980972124355839,0.035396624344950368,-0.020114360191322105,-0.090886954094213546,0.9956580608268939,1.3842066767075374,-13.230027095456466,-1.3294044205914608,0.11741305724191,0.1142044364809967,0.2972972972972973,1,5
0.54723950502575114,0.83691011020150718,-0.010506739821378683,-0.8345749860744599,0.54657679376652257,0.068836045315844599,0.063352322435627592,-0.028901141126457856,0.9975726576463505,2.3158272816084384,8.0199092635500744,-0.76735304996825582,0.2309726573739249,0.2104970439806122,0.5072463768115942,1,5
-0.053413891384876497,0.9980607612554917,0.03196362071534032,-0.99812267665892274,-0.054323099054464322,0.028286449907104761,0.029967958661759053,-0.030392725301104206,0.99908868660515804,0.91122210090406186,6.5814461661156232,-0.94383475344299528,,0.8598088073939323,0.7894736842105263,0,1
-0.055500268902422017,-0.96292665009379408,-0.26399239892637383,0.99788511374264699,-0.062455054401842881,0.018018489128840149,-0.033838143013205209,-0.26243405403797287,0.96435644206828985,-14.972662749744524,7.2806231354872075,-1.6139533661029208,,0.2039551464832351,0.5,0,2
-0.69070721389024292,-0.70160738314926641,-0.17513030745823494,0.71804087207736034,-0.6941193422340961,-0.051143374574704102,-0.085678764617384245,-0.16107581645592628,0.98321601423425498,12.57027662845849,7.6477281893736828,-0.27376813221605573,,0.1501778554201358,0.2222222222222222,0,3
-0.94461817076692611,-0.31562219366634059,-0.089884049320179044,0.3266852175631933,-0.93041905239761147,-0.1661239162830524,-0.031197437116440657,-0.18628746012755856,0.98199984832818976,-22.474315639246647,-4.2557792469572995,-1.9119315153683669,,0.3320620788240866,0.3333333333333333,0,5
0.11654521337017321,0.99194748719148707,0.049572128207245617,-0.99136934587562353,0.11317014235749581,0.066176573928560231,0.060033601413198988,-0.056856851243090693,0.9965757699081802,-23.263466492963673,-1.6800757199802756,-1.8969631734759314,,0.1615997593600102,0.2857142857142857,0,3
0.11166373185837508,-0.94627326576832882,-0.30347671653621472,0.99338000639108326,0.098002147022120886,0.059931144503549631,-0.026969870038834921,-0.30815983786210011,0.9509522282632773,13.086053283409932,5.390238575613516,-0.21764139487987755,,0.1376103485207132,0.2,0,5
0.98337394030244996,0.18149107285541427,0.0060567324379144638,-0.17182762323754214,0.91918888532482612,0.35435442848628423,0.058744884258725573,-0.34950362454357259,0.93509157573166846,-10.147914038093006,6.1036301359437095,-1.3293088145115672,,0.5908899382723134,0.2564102564102564,0,1
0.7660302276007197,0.64273981066269337,-0.0091228389921242121,-0.63965686644328479,0.76360514008746683,0.088012972020940633,0.06353568771917667,-0.061585110386248094,0.99607755248512986,-0.61349332781934207,-9.5609299050136816,-1.4390531346430799,,0.07223784245525697,0.2765957446808511,0,5
-0.73821857539064606,0.6742004014130123,-0.022071558230863403,-0.67406139847123503,-0.73853600899350413,-0.0143455397580443,-0.025972409191449379,0.0042874414841417218,0.99965346586020098,-2.5662219634045926,-9.9980926558247987,-1.4918713024642585,0.4679080254526246,0.4193854383568658,0.7989130434782609,1,5
-0.02235814038611136,-0.99253872849410463,-0.11986236272400509,0.99916854173723901,-0.026272480607326801,0.03117662530513796,-0.03409308963931354,-0.1190656508067867,0.99230087777689813,-0.35339409337193872,6.6175221785072758,-0.97979703858384914,,0.09085749628490708,0.4042553191489361,0,1
-0.55659071451291486,0.83039289367786129,0.025581607598270165,-0.83026673063791812,-0.55488909724962443,-0.0524904348364564,-0.029392728927855969,-0.050455246335794735,0.99829371209247264,-8.0208815604849271,7.6857230125363154,-1.2115129164114433,0.1883648476593127,0.2120062694302822,0.1276595744680851,1,5
-0.16422975197086731,0.97832220061513619,0.12615173542661057,-0.98612875754986873,-0.16595150144535292,0.0031894672260232857,0.024055396499335868,-0.12387804870755427,0.99200583009762067,-17.309633552045231,-5.5404323106868247,-1.8135919293856757,0.6932902320959049,0.5961147268682446,0.8475935828877005,1,5
0.57747321017993036,-0.80169018951657389,-0.15432929584938215,0.81639828094544076,0.56805071773436588,0.10398186837521835,0.004305623510664631,-0.18604091516210022,0.98253256408723333,-22.740247399911027,4.6146145762432411,-1.9120246982869618,,0.3872163771154513,0.6428571428571429,0,1
0.91781494840712297,0.39465482310899674,-0.043165855455880399,-0.39204710919139169,0.91810736095006484,0.058120030488472585,0.062568239987267932,-0.036420383936946472,0.99737594265090523,0.27431788137339264,9.0849282934808535,-0.79662961766537121,0.3340334651711343,0.3164725850688679,0.8456375838926175,1,5
0.64391039005251982,-0.75371222238042879,-0.13151918269502455,0.76498910072855664,0.63717166190499164,0.093829361245535078,0.013079959821266711,-0.16102844189641291,0.98686308855458149,-3.8184390900431202,-30.217707085016226,-1.1235264131117464,,0.5030574997047847,0.3076923076923077,0,2
0.95383713510817147,-0.28024384717374839,-0.10797270863460209,0.29753996543498723,0.93065163071956158,0.21297302929706108,0.040800596289544716,-0.23526778011507887,0.97107382983073975,-16.718457548759417,10.51670973048825,-1.6000465367780654,,0.2121331348933864,0.2,0,2
-0.67526035091326253,0.731686174798866,0.093052673753636225,-0.73728882382028482,-0.66605975099464765,-0.11300264764441792,-0.020703834287355099,-0.1449129038876486,0.9892277804088655,17.413909239886273,1.165958926026381,-0.17014609383647217,,0.3975114601140352,0.25,0,5
0.19889800620869735,-0.97596133956655695,-0.089101328820944514,0.97978027348747843,0.1960140967818246,0.040113458434899794,-0.021684068137874379,-0.09527821122511973,0.99521448123243006,-2.2903310500904324,2.1304293862440633,-1.1037705984857902,0.2257863791715669,0.2080908672617066,0.7925311203319502,1,5
-0.20979095903824466,0.97773386437064669,0.0049238164725949642,-0.97746177543396018,-0.20984873073023161,0.02306486020771208,0.023584551539177743,2.5956751845306218e-05,0.99972184544249276,0.73913321024133871,3.8420599639884836,-0.96691979781663773,0.7000141345169942,0.6369447679768911,0.9835390946502057,1,5
-0.30434546213891672,-0.91773488240448864,-0.25521858336231901,0.95217345769163386,-0.30074776725554797,-0.054004508685486251,-0.027194597680554475,-0.25944838814072935,0.96537401443594406,-16.122069871449973,2.1127207856260837,-1.7288679213994875,,0.4648608044974999,0.2272727272727273,0,4
-0.96947355821289782,0.24010045422398171,-0.049727173732898353,-0.24060491724993524,-0.97061347409004306,0.004331017202691253,-0.047225985655949522,0.016163409179251513,0.99875344829568891,5.9273105482396522,3.4353969463486562,-0.74032146865104387,0.2435163157939486,0.2105198413423121,0.7202072538860104,1,5
-0.40193734217246629,0.91531585634348644,0.025362493834852132,-0.91564271724193558,-0.4019748372675811,-0.0038268218543892336,0.0066923336092404775,-0.024761125376096583,0.9996709955485209,-16.969196687859295,15.346141009208107,-1.7187803554288985,,0.3777713519771589,0.7058823529411765,0,2
-0.63411662634587151,0.77302751862460195,-0.018015538871241559,-0.77315136250535232,-0.63422153102882084,-0.00014225180361046892,-0.011535807203992936,0.013838534190771466,0.99983769689065205,-3.9596047939003851,15.007480328303048,-1.1165499416266309,,0.08670630173342045,0.4090909090909091,0,5
0.49352765263948067,0.86254455136619201,0.11156770585012489,-0.86879377909413946,0.48297251441702638,0.10924705819847029,0.040346319379701824,-0.15084577298085303,0.98773363174811535,-4.7001744064207509,-11.027125348321508,-1.5745470445239804,,0.1616482494375667,0.2608695652173913,0,4
0.80785044818943019,0.58385302314783238,0.080581019609287138,-0.58609605357942929,0.78136646812978694,0.21437784041500174,0.062201843531796495,-0.22041345204755122,0.97342120421620493,16.548444150922489,2.3584973993106426,-0.25638587175455768,,0.398383074084174,0.4,0,3
-0.42674271399882241,0.8997653659180489,0.091175338459910202,-0.90420669682146837,-0.4264241229535255,-0.023931501969704314,0.017346627111018503,-0.092653945721034553,0.99554725697487378,-7.1265123938832238,5.4185168685254608,-1.2584855926229699,,0.1854518325262267,0.2023809523809524,0,5
0.80379524994107432,-0.59085008895928925,-0.069349611022467061,0.59440268120351047,0.80243405765663212,0.052773437360019923,0.024467299610812079,-0.083640633005221704,0.99619556100207651,-10.889158766340724,9.4251514339503348,-1.4012152781670388,,0.06965202897715377,0.1428571428571428,0,5
-0.98290766039238953,0.16646783705990445,-0.07861927477759556,-0.15505759059794849,-0.97878567346620871,-0.13392441530676213,-0.099245527556242899,-0.11944481839701641,0.98786803805882173,-2.7149935536147671,13.018743037024755,-1.030813911691326,0.7217955938531652,0.4473902619065987,0.5,1,5
0.95485878527618206,-0.27235301551675684,-0.11861085582619209,0.29409449816317867,0.92298009932579261,0.24822603086440514,0.041870351455899776,-0.27190360642602329,0.96141317989794617,-26.399659214489127,6.4228847359405732,-2.0758644043782444,,0.1090500702799949,0.4444444444444444,0,1
-0.72694267328204532,0.68197066356478153,0.080438571584560761,-0.68650043372846625,-0.71891952346702404,-0.10895812621633041,-0.016477386084585519,-0.1344274258288011,0.99078643659108556,-6.1173355016345461,4.0377662370305707,-1.3326580345406096,,0.07860924761858021,0.3066666666666666,0,5
-0.86340371418717332,0.49811814093790002,0.08007711281236482,-0.50385476761443293,-0.843236219592846,-0.18730470127300922,-0.025775947703231682,-0.20206680983114397,0.97903248408041321,3.2867153824408279,-10.601644811691026,-1.2461625691241474,0.6667910674689391,0.4522018452142708,0.1666666666666667,1,2
0.085670970057281581,0.98829671629694993,0.12621444230400458,-0.9955471089485195,0.079914497294561015,0.049996269724875031,0.039324785488152686,-0.12993565206987703,0.9907422911976087,-3.9924285117745106,9.2551846396959405,-1.0167786129426746,,0.1763809511510047,0.2272727272727273,0,2
-0.33996771650494251,0.94014611519082514,0.023393029432177029,-0.94012734576175006,-0.3403889668697635,0.017202470296488599,0.024135564741302021,-0.016144142124457743,0.999578331692761,-18.975175071008451,-4.55835136644464,-1.8177335323396944,,0.1369219684099575,0.1414141414141414,0,4
0.44312605478400002,0.8964483279100165,0.004437900280952917,-0.89489619518473551,0.44205575903277994,0.061216874714712606,0.052915965600672646,-0.031098252254571017,0.99811462232113402,8.7555479330504369,-6.9963223595031545,-0.86447863851596329,0.2303048603551357,0.2087022109938266,0.5166666666666667,1,5
-0.82071738734269462,0.57130783165867405,-0.0055074130810344873,-0.56997494810842442,-0.81939111678879972,-0.061047164196236445,-0.03938944836094898,-0.046963381618741397,0.99811968828630582,-11.323009307168299,4.2116022737245817,-1.5156746308743487,,0.08954868465209705,0.2285714285714286,0,5
0.30110870451779481,0.94624389147080379,0.11813570974860019,-0.9524739326869669,0.29244796409108215,0.08525019560566692,0.046118929036120346,-0.13819076001372621,0.98933126819654826,2.9966214653326189,-7.8119147495371726,-1.2625828098771072,,0.1384730309270821,0.2962962962962963,0,4
-0.81921721172983553,-0.56000882204021007,-0.12358510930824616,0.56793474781887909,-0.82213367363837209,-0.039323592025417207,-0.079581921474044456,-0.10240284130341122,0.99155452490898766,-21.114368418057904,10.929425418349625,-1.7896609350357122,,0.6425941830335955,0.9146341463414634,1,5
-0.52808954982101675,0.84880579021413416,0.025498193441817286,-0.84915145490321109,-0.52810946631391664,-0.0064960161168871548,0.007951981237188991,-0.025082306285319676,0.99965376201253497,12.409587667156428,-6.251922844022098,-0.65028255736941154,0.2733990952147819,0.2416538341480309,0.7,1,5
0.54829963842738183,0.83180555920394528,0.086411909930372552,-0.8343329405807256,0.53704332618098582,0.1243905545706069,0.057061815273633458,-0.14029959900824976,0.98846343976689521,-21.013274409403238,5.3479066825693753,-1.8542748063914403,,0.1342086785631628,0.3333333333333333,0,1
-0.29017073450952441,0.95690617657812604,0.011467958006387146,-0.95663910624782877,-0.29036551685346917,0.023010584950701771,0.025348870419780685,-0.0042936987610788981,0.99966944482633402,-11.039272823181884,11.360490883817794,-1.3815837878227795,,0.130555062033101,0.4,0,5
-0.098863354489637525,0.9828394460480141,0.15573265691912219,-0.99418281048354806,-0.10427653670782805,0.026961884786751215,0.042738466024055351,-0.1521611881665417,0.98743121093960606,-10.146846655058011,10.902323079077087,-1.3552275734748667,,0.4601565400459268,0.5737704918032787,0,5
0.21835825452404073,-0.95519885841776664,-0.19978692038922291,0.97565985377663655,0.20945242051548468,0.064942538206911524,-0.020187184295136919,-0.20910481682065585,0.97768484348108509,-15.366438003284857,5.2654980395742808,-1.6042358033020161,,0.1261526247635528,0.2790697674418605,0,4
-0.89067481472161092,-0.42831352754939828,-0.15246605044669947,0.45026810453075472,-0.87742707876359272,-0.16547010453453309,-0.062904757076916534,-0.21603065423818651,0.97435812100403574,-11.30871491347952,-21.047176495477149,-1.6087364199810996,,0.1411817765446519,0.3846153846153846,0,1
-0.78965830990685371,0.61131704448312996,0.052261120533934835,-0.61348605915009002,-0.78790963787648705,-0.053228354942033082,0.0086376399290493729,-0.074093681685779525,0.99721387751610369,29.127729993497709,4.2773273838783981,0.51109597194558942,,0.2487729300135266,0.2,0,5
0.68722961269159477,0.72610940221870035,-0.021922487298738566,-0.72343500318658616,0.68681703760724411,0.070172309473427522,0.066009511467558096,-0.032364994392277469,0.99729396445271001,-6.0301313459901174,-13.594669995087203,-1.7994969899237174,,0.09648460688921995,0.4528301886792453,0,2
-0.99471642707403551,0.09730007260280911,-0.032740274594977033,-0.09296141280962586,-0.98901936168261106,-0.11488636971094632,-0.043559217595185801,-0.11123577701625488,0.99283895797560573,-19.064393016384901,16.863872764710489,-1.8639308071695231,,0.5153584476116596,0.8648648648648649,0,4
0.86753898975796828,-0.47084837280257197,-0.16024328715704081,0.49431731328125916,0.85187679080322976,0.17307896198321523,0.055013589594945234,-0.22936377900610208,0.97178483309831432,-3.0017468498147313,14.402256767715125,-1.0792989343489958,,0.3775681945853076,0.6666666666666666,0,3
0.88227882603842711,-0.45727753031732299,-0.1117198880734559,0.46895662930025545,0.8744119686961952,0.12443226605743257,0.04078912795829831,-0.16217573575518243,0.98591849448758573,4.1767847325198568,5.9616059666701338,-0.84479415793060131,,0.08521212178267203,0.375,0,5
0.67093908353531173,0.74127878335110575,-0.018614820393974031,-0.73903646786706323,0.67053777977709039,0.064839687338734089,0.060546224881247571,-0.029746449285824081,0.99772205719203921,3.0494924131133203,-3.9138682025127336,-1.0970007022395252,0.3114503841657984,0.2845547874694941,0.8429003021148036,1,1
0.15017626162504608,-0.97619098947542438,-0.15651914423263816,0.98845106353029144,0.15149978496995969,0.0035085837443934822,0.020287568857829938,-0.15523842056993364,0.98766869309945782,-5.0818503588471078,-26.730418393035251,-1.2739494447815776,,0.2756723330938597,0.2857142857142857,0,2
0.83678359368737831,-0.5206143298174406,-0.16956985853734161,0.54685889960337952,0.81003420377572366,0.21163632164165472,0.027176483588159217,-0.26982458802371312,0.96252591156686051,4.8427941890398092,-8.3019388734491493,-1.1446529583939136,,0.3545470127611183,0.2790697674418605,0,1
0.31637713882026464,-0.90602226319105827,-0.28112126321937364,0.94695238858819053,0.31926507707914031,0.036755738392415901,0.056450684486763464,-0.2778371270363339,0.95896811785438019,13.557741985725949,11.599734503049815,-0.17669754470092994,,0.3835414385001373,0.25,0,2
-0.055936766247456068,0.99833180823020951,-0.014306601887882023,-0.99825637831949721,-0.055650545524824256,0.019677904543689666,0.018848907825616028,0.015382374933356115,0.99970400680160898,5.2398917948018813,-10.349058952402496,-1.1352258590273685,0.1725576422561982,0.2093002525493983,0.6363636363636364,1,5
-0.48736571052650529,-0.86603501819848738,-0.11161546244558289,0.87146445222026336,-0.49045858556894534,0.00029044473924471844,-0.054994297153721762,-0.097127355032740545,0.99375142977754394,-10.810306996921385,-16.073805360707897,-1.7560093736029216,,0.1551102994049758,0.3157894736842105,0,1
-0.21987539558045113,0.97155312975138886,0.087973441950530057,-0.97523326696710577,-0.22112982583751836,0.0046556552424406898,0.023976768318684429,-0.084770963161638554,0.99611194069022291,17.88279685696914,5.4230082211184207,0.017781743824607409,,0.132833984794803,0.4090909090909091,0,5
-0.44621517460001847,0.89486875108223352,-0.010096350489071584,-0.89490962566371735,-0.44611113075879782,0.011028186955762831,0.0053646855545879868,0.0139562656047321,0.99988821515170889,-19.217354655088702,4.2911072047792924,-1.7650617464578089,,0.07676115656816172,0.4,0,1
-0.50066500841073669,0.86513089619524675,-0.029716692303914154,-0.86563994478664885,-0.50042580549440896,0.015540244046948306,-0.0014266544233865097,0.033504412301672358,0.99943755133248569,-1.9862451131622019,10.745488532667105,-0.96537497019207119,,0.0737023718291543,0.3125,0,4
0.85588287976107913,0.51672729207364532,-0.021386952988226293,-0.51335075400302066,0.85385231581332632,0.086065243535066699,0.062733559570721575,-0.062682760041798333,0.99605992394892084,-9.3235510637023449,8.1015575375634992,-1.3043408815476718,,0.09419522190249624,0.3943661971830986,0,5
-0.8492347330347535,-0.52287047404423559,-0.07353118780589521,0.52506947938827797,-0.85095785709013172,-0.013144096450183208,-0.055699282062806221,-0.049771405739897537,0.99720629618367362,4.8415844917273203,-16.862371841679398,-1.169797077918705,0.2321010461350832,0.1736008673906143,0.64,1,5
-0.30740748360593523,0.94270016265304435,0.12968053962330686,-0.95082290896203547,-0.30972572155544237,-0.0024027484127740572,0.037900327386991346,-0.12404185076370808,0.99155291560414194,-3.0084520721589465,15.662788050927405,-1.0921722775107583,,0.2345933674511516,0.1111111111111111,0,4
0.066485548019577248,-0.98880967075851667,-0.13354814457329975,0.99743548021489337,0.062309651114022035,0.035213210398009009,-0.026497824684718382,-0.1355468273051175,0.99041654009537572,-6.1323701709943608,-10.052745022219886,-1.5419535864857872,,0.08505007550821447,0.2580645161290323,0,4
0.2618229181840086,-0.95757751141189085,-0.12039131676254375,0.9651103251886588,0.26020149019990585,0.029278741639426068,0.0032893354723894791,-0.12385674844737966,0.99229465691204422,-12.356329307469924,7.1164450792192122,-1.454286990313989,,0.07453618739075865,0.2105263157894737,0,3
0.99878696180627846,0.006175216970909482,-0.04885152629289375,0.0057614417813708985,0.97063437877867698,0.24049055807147721,0.048902052251239628,-0.24048028906397487,0.9694213840520145,3.5031611475026136,-7.0473898387410712,-1.2374204461609855,,0.1054599602980323,0.24,0,5
-0.76554651443308031,0.64266997284211347,-0.030229790711797558,-0.64215931997567322,-0.76614311135226976,-0.025615243427393436,-0.039622493709291599,-0.00019731847570108189,0.99921470118172129,-12.876922499451497,11.857807576652165,-1.4473140771598154,,0.08305299827938356,0.25,0,2
-0.84720633712475379,0.5187687237103743,0.11454446139192638,-0.53058521888202348,-0.81532773480712006,-0.23177577603840366,-0.026846747281043273,-0.25713750437110217,0.96600184058118022,13.39973922577596,0.66665283125631414,-0.49101265035595343,,0.1184052894259296,0.21875,1,4
-0.0909235871910756,0.99323944176631374,0.072168640087295621,-0.99558988692994588,-0.092341216838488255,0.016549220996952611,0.02310147906792033,-0.070345653686137793,0.99725513820303058,-10.456501225940563,5.1563181581829465,-1.4135055952885136,,0.1092136356529883,0.3720930232558139,0,4
0.86599003725380497,0.49852073847987877,-0.039221533404878085,-0.49490521026880668,0.8656548255869172,0.075568219423722285,0.071624634211574736,-0.046030383917146749,0.99636896555969579,14.946167602866304,-12.865137549132566,-0.49574088203435951,,0.1156913901652716,0.3888888888888889,0,4
0.25254219934797001,0.96748394398855297,0.014044773862363608,-0.96651958928204817,0.25155605659341645,0.050590848235929207,0.045412785452460643,-0.026350873145391827,0.99862070397219604,4.9481070573993593,-4.7698080073169988,-1.1002856713734053,,0.06778441196776459,0.1851851851851852,0,5
0.75895717231239979,0.64990153233461867,-0.040149830194920161,-0.64817506695025839,0.75994119928366355,0.048563939454443712,0.062073288777011681,-0.010833831290061293,0.99801279296409029,3.8816888599131762,-2.0391386252263275,-0.99627658772646044,,0.06606726831881575,0.1475409836065574,0,4
-0.98722811473083916,-0.13918481062721291,-0.077512824588325396,0.14826950395572538,-0.98070389126585544,-0.12742068848005975,-0.058282104300692174,-0.13728607411779309,0.98881531651345667,0.64877358305026722,-4.1805353637704457,-1.2389195595371398,0.316878993077362,0.1515581266416762,0.2419354838709677,1,6
0.37111529841929425,0.92556618121980705,0.074837687439844799,-0.92740755853131329,0.36537798069401878,0.080088398678910683,0.046783070208668114,-0.099127066970363206,0.99397443072531111,-13.227929516902734,5.5932072289565484,-1.5045639581572998,0.4680261175705948,0.3083446867891264,0.25,1,5
-0.33914506561050173,0.94059514469955985,-0.016167814931636489,-0.94063258400173166,-0.33880592503492085,0.020515532541408376,0.013819058805668027,0.022165715166597322,0.99965879913342415,-7.2409408779022408,14.567169537781007,-1.2700236983385593,0.200811284135994,0.2447012727607056,0.2941176470588235,1,5
0.27092914592607781,-0.95755311876006044,-0.098434864964845284,0.96247329171399731,0.26781908859325804,0.043796101679243339,-0.015574357931806901,-0.10660656892498654,0.99417929913927183,-5.3144774142732167,18.002125381208117,-1.1966756938763261,,0.1089710301470564,0.3076923076923077,0,2
0.61594951082543969,0.78634491089095471,0.047622276612924612,-0.78554807721813247,0.60852382971747443,0.11230746655887461,0.059333114639265362,-0.10658531691501617,0.99253168802075487,7.8902791561190009,-20.588462706770791,-0.8577080024915078,,0.141837041859543,0.375,0,2
-0.57037419469179773,0.81999883154571884,0.047698996774983772,-0.82136838622478436,-0.56903107230148275,-0.039466604438670394,-0.0052203582422128319,-0.061689180729535928,0.99808175659148402,13.059282233520936,-15.493298817943817,-0.59912398525543853,0.2174613493379356,0.2120905357852068,0.5,1,4
0.93702581006969377,0.34272766814472011,0.067233747116446488,-0.34658187290143799,0.88865479508528644,0.30028929476100213,0.043169857995679004,-0.30468081767648453,0.95147567635784713,1.3819228737454461,-7.4340547564284796,-1.3547106004076264,,0.6654874045240413,0.2734375,0,3
-0.028293763280484649,-0.95528349025162251,-0.29433470099889203,0.99902585816523526,-0.036999323048185206,0.024049632246501914,-0.033864401318255313,-0.29336752265146077,0.95539975872757155,-17.898474825521479,-2.7148607347614782,-1.7477154288826322,,0.202200657602692,0.3076923076923077,0,2
0.79903133951063032,0.6004586041849207,-0.0315972014606564,-0.5966252793327621,0.79827044918588508,0.082477669812315718,0.074747538694942911,-0.047050553842252402,0.99609188875433863,9.1234667347694103,-12.283798473279436,-0.83816089139449856,0.4218579705777182,0.2168143431023987,0.2631578947368421,1,5
-0.3780803908682438,0.92000057704359772,0.10321897248259841,-0.92566771910564605,-0.37736000946914178,-0.027178981938259322,0.013946033366772317,-0.10582231094101323,0.99428725560596243,21.203523825778966,0.25469086422433629,0.055503748080567759,0.6894473382571403,0.5354489340343287,0.1578947368421053,1,4
-0.96769780606464517,0.25156496010675128,-0.016614059833824218,-0.24823078933291939,-0.96224562885675113,-0.11164598055116856,-0.044073023096095711,-0.10391544924872728,0.99360915255577564,-4.0155855901312254,7.3964153473760934,-0.95583168523020567,,0.2202506337055629,0.2028985507246377,0,1
