axis_00,axis_01,axis_02,axis_10,axis_11,axis_12,axis_20,axis_21,axis_22,location_x,location_y,location_z,dbh,dbh_approximation,score,reconstructed,number_clusters
-0.61596555315200308,0.78757975275225522,0.017451945016104194,-0.78742672004982917,-0.61488675489110978,-0.043283243998687028,-0.023358036769311065,-0.040403115154385202,0.99891040158970545,-21.730126846839124,5.5872716651554999,-4.770612459872039,,0.1428734753579299,0.4285714285714285,0,2
-0.69980540260474178,-0.69266110843635498,-0.17462241363850148,0.71181508113443182,-0.69669050305779145,-0.08911584156963602,-0.059930699602110629,-0.18666261492007971,0.98059440108354701,-16.287101708001142,17.677811054178534,-4.5824889998418934,,0.3486171560342421,0.2424242424242424,0,4
-0.30562783634635704,-0.94454545076261276,-0.12010627416540957,0.95141180296664929,-0.30792087764033671,0.0005606148004804292,-0.037512755510547786,-0.11409918736282441,0.99276088189309142,-4.3731288955371674,15.512252763564177,-2.712920856463255,0.2021887406270616,0.126942275248122,0.5,1,4
-0.45045081776488816,-0.87370058052813426,-0.18368820419325954,0.89123679669016587,-0.45221598752196202,-0.03460741040570324,-0.052830228093352354,-0.17929862301294386,0.98237516804185687,-9.1289087347737539,-11.836257195615653,-1.6209732630745708,,0.07432886885228346,0.2432432432432433,0,1
0.89937013400082,0.43700783076202848,0.012550614328211513,-0.4336501051880699,0.8880795992801146,0.15251954501915418,0.055506290974314691,-0.14261409886522439,0.98822075998591385,9.353357442487388,-28.715349959462241,1.3203171637509756,,0.2861860437114244,0.1875,0,3
-0.29066591910596234,0.95232829931249585,0.092650600639482425,-0.95678926719669455,-0.28845714147643331,-0.036698442861499155,-0.0082232382611685945,-0.099314086915279154,0.99502215577980269,-17.325978386908947,10.391404819019026,-4.4741014616294983,0.6159501159186423,0.2161352890545159,0.1818181818181818,1,5
0.16504230040254764,-0.98103735512296353,-0.10162060288728565,0.98623506767162594,0.16310326038214645,0.027160959987768407,-0.010071264696085306,-0.10470450948289643,0.99445237961471411,-1.6147915408971676,10.346007264177,-2.0937426394280592,,0.09077950063136682,0.4736842105263158,0,5
0.84048214942933774,0.53714873064402602,0.071140689188062309,-0.53633714305621172,0.8060824356835673,0.25014710843971188,0.077020941755743796,-0.2483995733691178,0.9655907137504478,-3.6100494987382481,-3.3854323733232903,-1.533408534694457,,0.4517644040192991,0.205521472392638,0,4
0.96978306950746529,-0.22877815936948467,-0.08474285747006037,0.23466390054192079,0.9697303209310455,0.067497840331560741,0.066735686698585595,-0.0853443522588581,0.99411402246341229,1.3608817633213017,-2.6927180430331483,-0.79727805506355554,0.2429071747810987,0.20542704743894,0.7604395604395604,1,5
0.93683172009436388,0.34880042448949133,-0.02616471098608987,-0.34125466109633418,0.92785114349126818,0.1504576744535546,0.076756657724663599,-0.13202469237947981,0.98827015339786628,8.3712106381779261,-6.4793204959904038,0.42367633159935963,0.230332165434883,0.2031198597459897,0.5952380952380952,1,5
-0.27978330316933042,-0.93777915135791023,-0.2056491345619946,0.95963705791333354,-0.27954925751341098,-0.0308047026141034,-0.028601054999794429,-0.20596717190401836,0.97814084044720306,11.893195061197344,5.6220493024430906,0.34945829506956783,0.6117687015960174,0.5630872474765225,0.2982456140350877,1,2
-0.74299992709844298,0.66646587542479951,-0.0614356999306074,-0.66809958552761328,-0.74402125540965647,0.0086784397486136724,-0.03992558264496026,0.047493245760785806,0.99807331366867325,2.3662005594654412,-9.2017597192029292,-0.29201519265669368,,0.1037124708291196,0.5909090909090909,0,2
-0.030534859858468155,0.98990261220257614,0.13842124362951114,-0.99809614369676092,-0.037621833089433523,0.048874181452442149,0.053588340812896471,-0.13666534319097723,0.98916675727574532,5.3522231635356814,-20.56557869423844,0.69317758018176667,,0.498855354506166,0.1481481481481481,0,2
0.75145197145057951,0.65587302507093181,0.071767050847465694,-0.65831226151989275,0.73805224838229944,0.1479994763179848,0.04410103100385155,-0.1584596277988112,0.98638007148474971,14.601567736935516,-4.5051133405418389,1.1954230384628033,,0.381901823513876,0.15,0,2
0.88441041412354948,0.46415927808220081,-0.048727650877339303,-0.46070912656089585,0.88495624888433888,0.067819895783310158,0.074601073003747118,-0.037531348640470016,0.99650693814740643,-8.5979768097307243,-7.5136613178594276,-1.9453128621312359,,0.08063030494532758,0.3519553072625698,0,4
-0.65755399954281635,0.75177679989001756,-0.049541708008203511,-0.75275341509463223,-0.65830056014170735,0.0016335790408552211,-0.031385247308475743,0.038366856324679954,0.99877071972858056,1.2118375385099829,5.0870324356833185,-1.2605987206227018,0.212412204688742,0.2001993393046285,0.7286821705426356,1,5
-0.17816024278764103,0.98335240281715575,0.035734853624683843,-0.98396783144942923,-0.17833699231844341,0.0017955064806172423,0.0081384619283546931,-0.034842058557729344,0.99935969320005247,-11.104151050972222,4.0552208996173613,-3.0697668697865423,0.2977959008853994,0.1669447291162123,0.2933333333333333,1,5
0.98209728026964949,0.18031646523266187,-0.05450600382487162,-0.17240781623301918,0.97698636859630716,0.12559132326225153,0.075897806218099467,-0.11394563591028879,0.99058362346057438,-6.521994500794599,-14.832338722107366,-1.0492754708595793,0.1861031537784628,0.1307314394629092,0.5581395348837209,1,5
0.86930576517659819,-0.44272204721093339,-0.21978324673207039,0.49149728811645876,0.82133465355302127,0.28955103634265689,0.052324969229774872,-0.35973125494777319,0.93158763506650522,8.4568230578739332,7.5809791968912554,-0.23900101473186111,,0.2550658895245244,0.5,0,1
0.94816587127044194,-0.28337631793747131,-0.14380313970900227,0.31246681894704925,0.91377354264826038,0.25958120080845948,0.057844339524949072,-0.29105974504945031,0.95495458383981446,4.8686283825491241,-11.405918804015732,0.047745776766093789,,0.2846025062245834,0.45,0,3
0.99735337095076293,0.017162400433086204,-0.070652002551409659,-0.00070577178355856222,0.97398042326638601,0.22663105916890972,0.07270320033767104,-0.22598138663440112,0.97141477112274432,16.468800059001417,5.3256424602418875,1.0906426409056091,,0.2179616434076996,0.5384615384615384,0,1
0.048543917644412488,0.9872020196110598,0.1519067494734091,-0.99837859661749229,0.043431640032906331,0.03679497873540092,0.029726518057435786,-0.15344661977344623,0.98770970887416309,15.34166810696483,-17.869977754403056,1.7043557384186967,,0.344326683720833,0.3333333333333333,0,5
0.38829084825563798,0.90980349415499318,0.14658724086455036,-0.92018162676500892,0.37415953239719862,0.11519730066460424,0.04995989316460455,-0.1796169433535551,0.9824671815054723,21.975330102917784,-3.2863632611636389,2.0919089314566399,,0.4048116917143275,0.2222222222222222,0,2
-0.36993689595392398,-0.88479716748113213,-0.28333842914320884,0.92807824941637773,-0.36593656176250344,-0.069001418287377714,-0.042631631123001931,-0.28848640380926638,0.95653444205893057,-20.625302193026538,4.1092153426065554,-4.599131035154052,,0.3711240127607447,0.3636363636363636,0,2
-0.85771416672416223,-0.49572981680373263,-0.13630244653862697,0.50884888411958329,-0.8564227948847225,-0.087251415645232477,-0.073479393920558869,-0.14419412308960355,0.98681752798351186,-5.3324874059795802,-7.0436610901392811,-1.408142381078811,0.1724208669393015,0.1146932311241076,0.5511811023622047,1,5
-0.25028997189628138,0.96714814155030504,-0.044490473856210098,-0.96814607051837565,-0.24968991103448443,0.018658361863253467,0.0069365775413795143,0.047743278305774677,0.99883555366668342,-2.1501958500217784,-4.9503229986148023,-1.1104662422817142,,0.08290410583239735,0.3826530612244898,0,5
-0.60287331628218754,0.7955660834331848,0.060152900226848521,-0.79541203988268627,-0.59345651424746115,-0.12300021344257084,-0.062156667579450944,-0.12199988765583686,0.99058193809870265,-16.611281332116491,1.1787896948223517,-3.7716281242788683,0.6442387238729894,0.277129887337993,0.2368421052631579,1,5
-0.22316042571813913,0.96358162523331803,0.14734271582272643,-0.97477942511737192,-0.22092464573853779,-0.031581217094158023,0.0021205568008548364,-0.15067432567633879,0.9885811806932373,-10.488519033189492,-4.5389752018545595,-2.4708958621714334,,0.1415621105988607,0.1709401709401709,0,2
-0.32995477096806974,-0.90388364485820039,-0.27225760902730189,0.94293892727108519,-0.32922970926891232,-0.049739099022426729,-0.044676935349953775,-0.27313395082369751,0.96093798777817796,-14.387708421958989,1.7660182972852354,-3.4810445525829956,0.5703115828025719,0.3000221619307037,0.3191489361702128,1,3
-0.93119285091653625,-0.35505653249678776,-0.082551396919074899,0.35779464844246994,-0.93357184619537525,-0.020654237756154409,-0.069734237988683556,-0.04876952657875662,0.99637275621597621,16.508961673831575,-11.113683999141259,1.6468612059851848,,0.1496246783779273,0.2,0,4
0.40274314163941899,0.91350679565674298,0.0574743086201207,-0.91404538858216933,0.39808813720648945,0.077761575518623685,0.04815588722142302,-0.083852067979371114,0.99531394103644533,11.031384738143636,-18.652154225299515,1.2449276653653918,,0.1357950497706843,0.4,0,5
-0.4925001822916113,-0.83138187697334698,-0.25738637314940321,0.86848496633143668,-0.48863664534483353,-0.083475098576945392,-0.056368729797761898,-0.26464769688478579,0.96269629833845594,1.5153998992998612,11.51837659436223,-1.6663423140193965,0.5919281502184105,0.5466660119558033,0.3888888888888889,1,5
0.76406085143461255,0.64487487485016659,-0.018638967031359099,-0.63932100112780232,0.76072125898433707,0.11212414390410846,0.086485101734107075,-0.073753385795273518,0.99351938343535795,9.9447243770731433,-18.429691055798273,1.1040147300215264,,0.1162529354877231,0.25,0,5
-0.079625978447432397,0.98933227222816289,0.12198917445474837,-0.99681483107692004,-0.079574291438398254,-0.0053032713649131874,0.0044605046106996312,-0.12202289649872626,0.99251726263510409,-6.1541069089495402,21.139558838730462,-3.1887886739370499,,0.3583186183965633,0.2,0,3
0.68681626792906569,0.72544611991423957,-0.0448479788771486,-0.7237006725099745,0.68827570676139149,0.050337740222607945,0.067385092688231271,-0.0021162664015688349,0.9977247970757851,5.1324923098988018,-12.572746397437951,0.19611649026412956,0.3079214620639426,0.2590519342021385,0.639344262295082,1,5
0.9456132287717266,0.32354316046147474,-0.033696363164455657,-0.31499370423298773,0.93660712265553492,0.15344726809070769,0.081207067829663512,-0.13448762437310294,0.98758214393790456,-7.8422104336251586,-11.543477159071404,-1.4189911569913893,,0.4935947043232946,0.8732394366197183,0,4
-0.91576110795580723,0.39889408993818126,-0.047593047474845968,-0.39755893156734284,-0.91689988366147235,-0.035234915532920116,-0.057693059258334026,-0.013345724183022623,0.99824516155073129,-4.1798500118520101,-7.2963449656985251,-1.2435905213506917,,0.07295798429476805,0.3823529411764706,0,5
-0.18458974023264502,-0.96627360607870005,-0.17956042436046382,0.98212106546569833,-0.18822223361238483,0.0032563081067969396,-0.036943748718372166,-0.17574899422082049,0.98374155674191377,14.181131316027287,-15.132257998593376,1.4934084655937212,0.2861067386097203,0.2422069992233342,0.7857142857142857,1,3
0.88761192532085376,-0.45023619113394225,-0.097120761021561114,0.45736525453867433,0.88649233515866743,0.07034460637253373,0.054425122590404579,-0.10685837308387833,0.99278355855286304,23.642638756395669,-1.4588658507474346,2.2475130906717768,,0.3014908260518722,0.2272727272727273,0,1
0.89781993267102,0.44021508026445161,-0.011404017115382303,-0.43389940501163338,0.88876626929796976,0.14773565882588952,0.075170970654609121,-0.12769182301906198,0.98896113346527048,-12.897122148599586,-27.580695748956355,-1.0663347551291995,,0.485489384658207,0.2857142857142857,0,1
-0.9876326002518272,0.14308614005994474,-0.064095268488091758,-0.14152035879452274,-0.98952901707837115,-0.028360402087822083,-0.067482108491690174,-0.018938872264717063,0.99754071804155287,-5.4304568152213699,7.7383886709461684,-2.569211358047923,0.515097425074391,0.4962623792630725,0.9207547169811321,1,3
-0.73254075250896045,0.67390471751450409,0.096106595118663707,-0.67941161179798959,-0.71504611023978415,-0.16464787270114581,-0.042236331134039365,-0.18590721326148488,0.98165910599845441,4.6563138249732896,6.1672110282830133,-0.75906038642158302,,0.6644753984974454,0.2376237623762376,0,3
0.55361915972045761,0.82403163773058219,0.12032325631177802,-0.83067803315824795,0.53619908836603136,0.14988176294593999,0.05899009424268209,-0.18292730155581552,0.98135506883428691,9.4595185782573754,12.06328063717859,-0.52891715643938353,,0.1931453547464402,0.4444444444444444,0,1
0.98680217530347691,0.14984510562455142,-0.061383313177880532,-0.14346960899197705,0.98482396812003603,0.097663827039475792,0.07508620453862333,-0.087568237030754614,0.99332465274516879,-2.1351873407877711,13.330046754683684,-2.3037754171783327,,0.1120461381030711,0.4666666666666667,0,3
0.98041221501653653,0.1918490765571724,-0.044562545601992638,-0.18268386527960295,0.97034438062827355,0.1582984154994535,0.073610420545418456,-0.14705684209615666,0.98638521439640081,24.611997871982823,-1.0439625904224994,2.3483732253834266,,0.1607947980023341,0.1304347826086956,0,4
0.72268462089506036,0.69051366934878045,-0.030295398400527879,-0.68780070462097931,0.72278997894847519,0.067118082917704588,0.068243164087313096,-0.027668009941928161,0.99728499025163608,5.7981843692843542,-3.0486198062830101,-0.026992108143420537,0.2331316017842242,0.2136616557202363,0.7964601769911505,1,5
0.58910258222937772,-0.79792832992971907,-0.12754813956404418,0.80767735761314474,0.58628925952636302,0.062627391475912939,0.024807934410738742,-0.13991170236831024,0.98985316180263494,-18.762234518093781,-18.975929321666715,-2.246306364296498,,0.1324831839612105,0.4285714285714285,0,1
0.94802135777239349,-0.30685436919595915,-0.084237172986386721,0.31217510754791394,0.94816946642403632,0.059341091737580558,0.061662042091036678,-0.082553370897314751,0.99467720066293586,-7.9088753605520932,-9.4730270165352319,-1.8019610140463811,0.2960101075904826,0.2456209822250314,0.8438538205980066,1,4
0.96814312904645339,-0.20539390858974912,-0.14322089231103258,0.24177807981724117,0.91558370964867675,0.32132511689230897,0.065132494194759499,-0.34571637644201059,0.93607582238821663,-12.558714138946515,14.185752154996818,-3.9908584891589594,,0.2240322175620605,0.4166666666666667,0,1
-0.56227980239304853,-0.81539254783743764,-0.13775491552757158,0.82531277619479193,-0.56379541492560947,-0.031520652888344464,-0.051963884289782769,-0.13141431824589719,0.98996466183873766,-9.9704123561040578,5.0369777234565767,-2.9893185370301141,0.3496674041176479,0.2844301472142107,0.7620253164556962,1,5
-0.80932026714351757,0.58585655853461649,0.042104607974920862,-0.583183351901015,-0.79294657199450325,-0.17644520970449795,-0.069984878768509881,-0.16735539066353072,0.98340952301653817,-9.7856470280292456,12.083266775192405,-3.4510727913232042,0.2761758128376709,0.3140770674517029,0.4090909090909091,1,5
-0.60301679994716928,-0.7878990587225192,-0.12484315057560592,0.79575041452447004,-0.60512382352941252,-0.024625920922442347,-0.056142824702801325,-0.11419383285148249,0.9918708342183864,-10.745819027509084,-22.249044538934999,-1.1052985899671117,0.2441431828581015,0.1704296375523431,0.48,1,2
-0.85556983955811694,-0.50548433481588828,-0.11174004158866963,0.51204990451613253,-0.85807205728261671,-0.038951762422233055,-0.076191501648925894,-0.090542430752202724,0.99297377775546769,-8.1071020417706379,11.669493342961525,-3.1957499866256134,,0.08810139714782475,0.282051282051282,0,4
0.33946729098114103,0.93973657012052092,-0.040707949248833163,-0.93957224979674014,0.34081226921968555,0.032418892041864877,0.044338986973304149,0.027242906002275739,0.99864502116955112,1.2015080043925839,-8.0027934285927884,-0.43965836989702534,0.4268488183587543,0.3616098943783372,0.8880778588807786,1,5
0.30528023759696077,-0.89945095622638171,-0.31271705082421031,0.95225561024530991,0.28709326035023525,0.10385909983148242,-0.0036372089680053337,-0.32949269673988318,0.94415111793928597,5.6716350876676564,14.070025075013332,-1.1360940379937106,,0.5910657236455239,0.3793103448275862,0,2
-0.90589704064735688,-0.41134792105303042,-0.10071464437564004,0.41751257883941878,-0.90731275527450383,-0.049666997362911997,-0.070949265374773557,-0.087042816829070432,0.99367487126385645,-3.1579548975046108,-19.740145022549651,-0.33423665810399289,,0.08570674041479445,0.1904761904761905,0,2
0.91865696319751111,0.39225889167308703,-0.046929158016421293,-0.38758352852995198,0.91789399043440545,0.085144763413128752,0.076474782647620726,-0.060029861134331085,0.9952627911216182,-9.1520380552146197,-13.403992864736786,-1.3772329695234586,,0.06997514776109058,0.2941176470588235,0,2
-0.5766457313332175,-0.80248429318328796,-0.15329272562420748,0.81014543206636691,-0.58590026029755549,0.019628140137508434,-0.10556552200969584,-0.11287091820915011,0.98798586851505366,-3.4533641864581734,-18.045440703361901,-0.38816813439977704,0.5025445939530392,0.1809248717426548,0.2,1,3
-0.45425349999815356,0.89082805685353261,0.0088955529331658009,-0.89064414582081275,-0.45388838352616545,-0.027172427479334963,-0.020168372630003439,-0.020265942429697186,0.99959118059479379,-6.6409660665842027,15.792132352926716,-3.1087471671168716,0.3774013068666562,0.4817735777112436,0.96875,1,5
0.017796442665299596,-0.95951448446966392,-0.28109649717023427,0.99855232883626754,0.0027837705452077393,0.053716824154250498,-0.050759562686529681,-0.28164553025827782,0.95817496423221449,-21.924816554612509,19.297399185378737,-5.2294815538221204,,0.2534640417224625,0.1052631578947368,0,3
-0.67675859633634194,-0.72602812147391893,-0.12198757770328701,0.73327747685677169,-0.67951171630064455,-0.023832107433423198,-0.06558920810186597,-0.10557932676051614,0.99224546435918026,-14.28573182553481,2.8791423458254637,-3.5043698179040073,,0.08566628877328164,0.297029702970297,0,4
0.94800071447227841,-0.29777734060681121,-0.11235346359229795,0.31414765667062999,0.93210397869449313,0.18025932073057738,0.051047969287746194,-0.20618154214922413,0.97718129152607403,-13.977822080339578,6.8901334146875772,-3.708949071691817,0.5819852203173155,0.2813688831381937,0.2173913043478261,1,3
0.74272480359556847,0.66957253208673406,0.0057000349897904931,-0.66804873760861805,0.74040231710588522,0.074265018708468619,0.045505497508072472,-0.058966372613523027,0.99722225035212042,10.297171211435888,5.6346479006198695,0.10416518147002343,,0.1769411927548987,0.2105263157894737,0,4
-0.47117079247774568,0.87144650163950765,0.13630509563532966,-0.88174329691687336,-0.46133185824694672,-0.09849708071096136,-0.022953053349297124,-0.16659505198739344,0.98575820868773989,4.8720009260469022,-4.6996879612677667,-0.063820142268780772,,0.5061572164558692,0.2266666666666667,0,2
-0.41124801948045492,-0.90661412572840472,-0.094476946940110745,0.91038808597711141,-0.41369523058846736,0.0070561391204511771,-0.045481857749389322,-0.083108863655304399,0.99550204288971156,-1.0907754410289578,-13.196719995375547,-0.57382885225884683,0.3621742140417713,0.2862935666327494,0.8563218390804598,1,5
0.77664638439817901,0.62670033612630172,-0.063773680311056999,-0.62594887696047063,0.77913825942708514,0.033638907961749627,0.070770029201366491,0.013793527326746215,0.99739728371934355,-0.54397581310686227,-6.5016070219379429,-0.73014644667822381,,0.0664043123666026,0.2584269662921349,0,5
0.63350784511440972,0.77325753392658669,-0.027213900938146896,-0.77050983523011307,0.63368448750571615,0.068982346352400442,0.070586145893947766,-0.022732279260824863,0.9972466292183928,-5.96834955732262,-5.0260346049304543,-1.6858778064759774,0.1766575122842721,0.1408614708107765,0.5887445887445888,1,5
0.7813057373489608,0.62378271089565873,0.02136526089848604,-0.62096856127627453,0.77341854528216658,0.12736482921156819,0.062923689434673524,-0.11277802712089383,0.99162579933493478,2.4553127049275281,-21.783661682643572,0.4266459763367787,0.5326517799337039,0.3116346350571262,0.5531914893617021,1,5
0.55574902542790305,0.82648590342678996,0.089800179135338637,-0.82924583384554285,0.54341831210456604,0.13056755002386836,0.059113177767286015,-0.14702921310483669,0.9873641895005234,-26.740824367181865,7.6087857053548884,-5.2315822802202518,,0.2197201453565833,0.3333333333333333,0,1
0.8466553489931804,0.53200855186816109,-0.011900452108104663,-0.52545908210323689,0.83934707852656454,0.13924523260831878,0.084068264264579876,-0.11163952036829451,0.99018641903203131,11.843355440635483,9.5716800972040108,0.12526380732967282,0.5427210427069694,0.2110504236890031,0.45,1,5
-0.84677700643075093,0.53037138300624143,-0.040925511215198336,-0.52928637489811003,-0.84772951987840417,-0.034793598174808545,-0.053147292756974898,-0.0078011034334745342,0.99855621176668219,-11.800840335024573,16.808019931255277,-3.9634716447643616,0.3373572556605232,0.220123029051807,0.8415841584158416,1,5
0.98598477997949097,0.14478747518829704,-0.082889086600054049,-0.13442618699706274,0.98371728722342389,0.11928914060892966,0.098811000896781367,-0.10647481320192355,0.98939350121950465,19.555136850644811,-4.0425858622491138,1.832242732108158,,0.1381641691826403,0.15,0,5
0.43913149394541789,-0.89102804467359487,-0.11503284152978287,0.89841441490671214,0.43606626192612219,0.051939910450528891,0.0038820243553760493,-0.12615561348956839,0.99200286847971098,-2.3880707618112798,-16.674450340153843,-0.30490816371453106,0.1176763431022937,0.2996570040906574,0.5474452554744526,1,4
0.78387738618867431,-0.60930444401076789,-0.11951710308880861,0.62053978371838003,0.76205665454873495,0.18493250682542653,-0.021601394509570306,-0.21912952737301106,0.97545662640043751,-13.488987600382361,12.359373069709184,-4.0352772596430579,,0.2403147688742563,0.3958333333333333,0,2
-0.789095476537506,0.61156513041717264,-0.057588368320999325,-0.6127793208080754,-0.79024144753459691,0.0044675036005945596,-0.042776546121005184,0.038814248108831391,0.99833041686893709,1.7983990958217861,9.1506652580030767,-1.455495975182115,,0.07660315596932363,0.3571428571428572,1,5
0.61750688355604277,0.78446432291853374,-0.05745411063511166,-0.7839081404138224,0.61977587409198898,0.036957993539364346,0.064600899017339106,0.022216929614123127,0.99766383711382178,-6.0546655579874997,0.43675058511706444,-2.0722341557522856,0.4084886361916192,0.2982817899481147,0.9653902798232695,1,5
0.79816243072591353,-0.5942403650926027,-0.099071300951954794,0.6011120129874149,0.79647991847625577,0.065452939630519555,0.040013522963125499,-0.11179502653816342,0.99292536981457569,-15.953541190737962,8.8623001019724867,-4.1690259062174642,0.3184885378102799,0.09838891926787836,0.4035087719298245,1,5
-0.54265989184574848,0.83761997949876899,-0.06255407042266338,-0.83972215645876525,-0.54274860026621685,0.017048661569298622,-0.019670834608697535,0.061779663753902689,0.99789595219754901,12.002785688410791,-11.400655645795997,1.0700568243128656,0.3080024908874863,0.2564093013804478,0.8,1,5
-0.49975081557898554,-0.86147710159067525,-0.090035136269520588,0.86446201900109498,-0.5025870154335349,0.010569277277343322,-0.054355680776643787,-0.072549950741155611,0.99588250542660217,4.0911559996699491,3.8031090065979472,-0.73088242123863612,0.1678181422747108,0.1287194969473032,0.5803571428571429,1,5
-0.65345825347610298,0.75510682778912952,0.052971592294355961,-0.75634176916310791,-0.64848814720010906,-0.086082815707843277,-0.030650272155099332,-0.096316154238052468,0.99487876610650916,-21.853681622843808,1.2200468937043394,-4.5895311117666964,,0.3266479975245346,0.1836734693877551,0,1
-0.53099646758184038,-0.81447768002916354,-0.23381372960097743,0.84540918975269197,-0.5279784410754812,-0.080759319222005396,-0.057671945496094536,-0.24055118892621649,0.96892160271555461,-14.819902461453349,9.1662503662993124,-3.9541979074952747,,0.07239376680049533,0.2307692307692308,0,1
0.90305106301862126,-0.39737774753434513,-0.1630634948278388,0.42240659904913874,0.89045273235457467,0.1693121275101474,0.077919462656504929,-0.22177659300927716,0.97197926939442447,1.8812143909218639,17.613117243898653,-1.8057245591179556,,0.1519639319805114,0.3333333333333333,0,2
0.00016511576562677435,0.998939294834013,0.046046259058791256,-0.99974798664162434,-0.00086877122171635324,0.022432308008401677,0.022448517608150108,-0.046038358714116871,0.9986874053396827,-23.741693265331573,7.2316554351133346,-4.9816656623668587,,0.0855335289359643,0.3888888888888889,0,1
-0.74960496234803264,0.66009943235036861,-0.048591561344802379,-0.66060059857258535,-0.75070313477687578,-0.0071869744478657233,-0.041221955178598758,0.026712222799564308,0.99879287520704729,4.4654103460529884,-9.4577353366149666,-0.052279932013015486,,0.08393511019754349,0.293103448275862,0,5
0.10786150427747224,-0.98813745235941353,-0.10931729570223818,0.99403555202164162,0.10541263795627662,0.027955269201549199,-0.016100223974621113,-0.11168057576744805,0.99361372362916778,-1.3526414651581635,-11.362175939754756,-0.69535113237140778,0.2316175922526728,0.2051712171528427,0.6025641025641025,1,5
-0.17255048208898013,-0.91314100013957644,-0.36932349640248319,0.98439042357243722,-0.17305951264120031,-0.032029659118829899,-0.034667349332459796,-0.36908524618099348,0.9287487582450793,-28.161424168759901,2.3942680199879871,-5.0691352692734304,,0.1969254010925663,0.25,0,1
-0.050081460747985307,0.98042060819722032,0.19043969731004098,-0.99854143405563478,-0.053003496803641977,0.010277830544570252,0.020170566761114835,-0.18964719968609706,0.98164509263162747,2.156009284911883,-24.680578126207994,0.43496508696360525,,0.1600139001108662,0.2857142857142857,0,5
0.75986134002344596,0.64987530908514124,-0.016517462858000431,-0.64628363945200495,0.75791773992837519,0.08875898195977347,0.070201148953876816,-0.056769552960688509,0.99591616943505823,-9.9280735657625883,-7.6916502184341686,-2.1270973804583861,0.3082596915923081,0.2972346995308794,0.5032894736842105,1,4
-0.31768338613826491,-0.92106991013428186,-0.22518322943095337,0.94715632378749182,-0.31937885586847525,-0.029867117931075871,-0.044409058547680208,-0.22277200692495205,0.97385854642732317,-4.4574371259887373,-16.17613911494086,-0.59448858123972548,,0.2323918531590689,0.2666666666666667,0,1
-0.90498266192653221,0.42371366649103598,0.038381120894136082,-0.42142186272692467,-0.88038015090656163,-0.21756471107582737,-0.058395164424259211,-0.21306693483143338,0.97529097507020979,-0.13510175788391351,-3.5991313260281985,-0.94731327947035771,,0.3632372690520723,0.2428571428571429,0,5
0.1183937569204698,-0.95025704567882152,-0.28808760032326158,0.99124256916406583,0.096014837384891125,0.090660465909766008,-0.058490062397638237,-0.29629832625195762,0.95330279264303497,9.477213668366085,7.2383705118687383,-0.087949240242369123,,0.5397681635118383,0.3863636363636364,0,2
0.23400219580745782,0.97213694330420852,0.01388293270309719,-0.97214422691425395,0.23375996838694144,0.017084474151227835,0.013363174569540354,-0.017494017345558097,0.99975766309768155,-14.665633482668879,-12.599500708349025,-2.3152940453644781,1.051059712229419,0.5063927135449621,0.8387096774193549,1,2
0.7083774912275691,-0.69908008256702714,-0.097408254682108814,0.70489004626108398,0.70779544634818858,0.046428749830427538,0.036487704835782099,-0.10155119047479376,0.99416095432730101,5.6747773984026733,-6.8597087012504492,0.043139326802475605,0.2289925140035088,0.1861138302313894,0.6115107913669064,1,5
-0.95938307577685056,-0.25669669002236228,-0.11700821870498035,0.27974445221400551,-0.9192214068312925,-0.27708310428206367,-0.036430143678488798,-0.29856124087808539,0.95369493554118334,-10.432768838605481,2.1429099884167906,-2.9039640114039829,,0.6516275956667148,0.7048780487804878,0,5
0.7881315295376129,0.61373064715920878,-0.046726704209079241,-0.60962322635179134,0.78881675686364316,0.078279281956070562,0.08490120164718995,-0.033208686042419215,0.99583581434401147,-7.3773572991510079,-14.76665073872239,-1.1325470003218241,0.2657731933935764,0.2119954404870576,0.3421052631578947,1,4
0.021124420586910501,0.99974368364410593,-0.0081440695344672607,-0.99939574744440385,0.021340564680094796,0.027435748380127363,0.027602515191740812,0.0075595841717396306,0.99959039303218655,-14.331000537537333,-16.51707836172838,-1.9004606512839819,0.1428671205217657,0.1057796312352277,0.5833333333333334,1,2
0.71781460046635037,0.69620835998033914,0.0060098960740554517,-0.69449072273680634,0.71537978803495894,0.076905103234872402,0.049242617617699234,-0.059377423020407209,0.99702030382816842,-9.8432081067024431,18.566415514824289,-3.6902060292394059,,0.2592816912128211,0.2941176470588235,0,4
0.22582083690881519,-0.97128731899645604,-0.074872515481169438,0.97415386055910225,0.224723037983004,0.022886942947577628,-0.0054042183152196365,-0.078105698616458691,0.99693043602251163,-2.5675925141386147,6.2778098793860675,-1.8652902857723437,,0.08029128027945878,0.328125,0,1
0.72480638733394598,-0.67922584868095937,-0.11536007699176284,0.68799372931331371,0.72241005735041453,0.069197814015552764,0.036336335883986604,-0.12952202717145295,0.99091054852187566,3.5881698537403595,-4.8474804395638547,-0.21205910935438646,0.1672688661694474,0.14786567961926,0.4666666666666667,1,5
-0.10668140162518486,0.98936656049481775,0.098857915828424611,-0.99426484892576461,-0.10690132503389467,-0.0030849467781581034,0.0075158990089319718,-0.098620057192497598,0.99509677699278876,21.237667749789765,4.1284415896106479,1.7009980661304309,,0.1333722200887961,0.3684210526315789,0,5
-0.81629563630322111,-0.56962023579423615,-0.095886501271236324,0.57332954466845754,-0.81919959627347505,-0.014326711961762844,-0.070389398083657392,-0.066669396570649533,0.99528916612124652,0.35361860806625017,-11.72153239806544,-0.47687702791107056,,0.1023976855100025,0.5230769230769231,0,5
0.88258771418612181,-0.45852836568103622,-0.10387812394145267,0.46703996927548774,0.88044785223171518,0.081763357316786744,0.053968452515051064,-0.1206785704524172,0.99122353118087991,3.3776527825756757,-3.4553440512915139,-0.37414239619984002,0.1839381760510685,0.1475223116648121,0.5384615384615384,1,5
0.63783067580734032,0.76842428550982633,-0.051924430067798996,-0.76763281744101997,0.63975257119600959,0.038164187868442702,0.062545076438632607,0.015516606807196642,0.99792151411144425,-13.12752689436406,1.9092399553005717,-3.2877111251987206,0.1545394847031883,0.139446374280438,0.4874551971326165,1,5
-0.92363571769026365,0.38127171655648667,-0.039101651638548479,-0.38041899286676539,-0.92440190714831971,-0.027613473645784609,-0.046673877844339004,-0.010629779612981725,0.99885362136418765,3.4333698079439348,11.584460109804235,-1.3771648100144855,0.1921413012448529,0.1240267617733631,0.3666666666666666,1,5
-0.79824159881762469,-0.59419536453294108,-0.098702678204030239,0.59823442936025173,-0.80118133352618215,-0.014967910249052493,-0.070184880459378429,-0.070995348979878914,0.99500439344664648,9.5954523198119865,-14.005877959369707,0.95853929695773643,0.289042190201646,0.2654968002342665,0.7058823529411765,1,5
-0.65918939971752522,0.75046460926935743,0.047667657108776434,-0.74946027176721608,-0.65048014229399787,-0.12322696751844386,-0.061470613651238425,-0.11695492599874401,0.99123302454164075,26.212094343785321,-0.20583331043904224,2.4963566987557293,,0.2908655676298881,0.25,0,3
-0.79774572276186462,-0.59295161875202651,-0.10959078261651818,0.59944930493049342,-0.79952596087185934,-0.037666546301434817,-0.065286236171936851,-0.095742444669441998,0.99326285124090896,3.8240845853850742,-28.527717851751714,0.74666154421676256,0.1959540923183316,0.1551246337473657,0.2666666666666667,1,4
-0.41739687532252973,-0.89292942458500668,-0.16869170454197638,0.90728031271666987,-0.41995112419576502,-0.021988347901905021,-0.051208228125279857,-0.1622285301573122,0.98542357459889662,-2.3141183193752597,-23.522292598419178,-0.020891339199466227,0.2759248650854991,0.2532817613634646,0.7428571428571429,1,4
0.99350492809591229,0.087726441550447093,-0.072470885892420872,-0.084350168634647366,0.99525955441099911,0.048409383438819981,0.076374124547799946,-0.041982029566424293,0.9961950121803671,-19.756277698210898,10.898048808035492,-4.8231944940066063,0.5033124189782737,0.5170677874982152,0.875,1,5
-0.40584070857255339,0.91230631898878989,0.05468546057639255,-0.91337202612844415,-0.40274388362463381,-0.05957269583432151,-0.032324312078510532,-0.074125195015404988,0.99672493412805685,7.2890097252693113,-18.778548036481567,0.81103140043566935,,0.3675770484776585,0.3157894736842105,0,5
-0.10053777414166731,-0.98000464344530513,-0.17170630389208194,0.99455033453323827,-0.10377870385839183,0.0099806164787863919,-0.027600508155892788,-0.16976713301199706,0.98509762587188476,-3.8529693708464743,9.7974440270001377,-2.3982084769962331,0.4968076380731269,0.3640108193494027,0.1911764705882353,1,5
0.8757598541550935,-0.43022897534061599,-0.21896964773139588,0.47832020046299045,0.834615694909696,0.27317838062234912,0.065226249925108309,-0.34397626457034491,0.93671012897957828,-13.878900377228364,8.8371342005743241,-3.8034905668318353,0.8347768166674541,0.5145667033170083,0.5797101449275363,1,5
-0.58251864886770732,-0.77004207130519542,-0.26020613394258363,0.81275750866640883,-0.54793835294729842,-0.19796159596188226,0.0098618369340866211,-0.32680081057030252,0.94504178446398857,18.624218800286133,4.0535502827541112,1.4092843114661437,0.8298737015262974,0.5581528646872431,0.1578947368421053,1,3
0.268215208886947,-0.95593939677582584,-0.11933344633253783,0.96335661641487491,0.26587207910479266,0.035441037825913006,-0.0021520528372404812,-0.12446649044768718,0.99222147800993543,-2.5771275787610057,-6.6451327154998676,-1.0050851609584868,0.1766082515915494,0.1197621938339135,0.5057471264367817,1,5
-0.61308973328411642,0.78967202054237839,0.023218073006354017,-0.7899307630459097,-0.61233613270069054,-0.032463058741737126,-0.011417904156100363,-0.038243438151923034,0.99920321802073986,12.448797094436991,3.6340426297881501,0.63501536838856698,,0.1994929589353671,0.4042553191489361,0,5
-0.9237066649273189,-0.36522953809719871,-0.11564333820050968,0.37458519175549293,-0.92433428693986575,-0.072746547030573802,-0.080323914784771203,-0.11051475235767283,0.99062331803010373,-11.342537778449341,-17.821708314833575,-1.3627452594810581,0.2559938146624444,0.2040682833549223,0.4117647058823529,1,3
-0.081519268767560035,0.9964202522610226,0.022389499853347931,-0.99663854751310577,-0.081679388017037821,0.0063311281877514889,0.0081372249919652168,-0.021798129673046365,0.99972927691059821,4.7440840853798596,-23.674733148718705,0.7034564015532413,,0.3258686815353052,0.2857142857142857,0,2
-0.46675717084458052,-0.87788578987292043,-0.10702468595777941,0.88240539354929082,-0.47038294995697544,0.010030046106294982,-0.059147822447525762,-0.089757564188048658,0.99420577083959027,5.330228875470044,-16.222459897002423,0.4963639384383956,0.2729264802938096,0.2401894502325174,0.8923076923076924,1,5
0.92725017347490279,0.37166245240348944,-0.045542697155395481,-0.36669312380741631,0.92593518751978243,0.090444355628562317,0.075784356849702528,-0.067164350559883054,0.99485962892799473,0.01209279678572131,-5.2166727061500646,-0.75502262717166402,,0.08188600021735773,0.3529411764705883,0,5
0.74492760452217777,0.66523168767294583,-0.050494214883031206,-0.66349442759105037,0.74663336019501314,0.048101663168005918,0.069699415897654785,-0.0023296265167990367,0.99756531829440509,-6.6917866232182091,-17.548201349550428,-0.7987157068639722,0.2484950530046923,0.1882143310066294,0.7936507936507936,1,5
-0.80925682230673368,-0.55094156999846278,-0.20387933195308972,0.58076214613935173,-0.80254907470212067,-0.13649290203664929,-0.088423555468120613,-0.22886321054813655,0.96943432252833761,-6.706827338712408,-12.407734402263145,-1.1601303128297566,0.5811571677810533,0.2808237556114008,0.3214285714285715,1,5
0.057025234814062895,-0.9776801225729268,-0.20221201873327979,0.99771330115526502,0.04844609083443658,0.047129024822565195,-0.036280728937900776,-0.20443716445071541,0.97820711227177592,-4.1299886477620049,-22.526400573133721,-0.28334814926635976,,0.223180373484016,0.5714285714285714,0,5
-0.60718480046661061,-0.78442345052186413,-0.12651667223609281,0.79198977573690343,-0.61029720251656239,-0.0170152792709195,-0.063865587060104465,-0.11053132982023937,0.99181853779692875,6.7907890725528999,-11.877578924793065,0.35253877126599237,0.7586614355770392,0.6133887777351578,0.851063829787234,1,5
-0.99364687508917593,0.10369933628478775,-0.043730255883195443,-0.099627317999110954,-0.99123179681140727,-0.08679817105407861,-0.05234773284316388,-0.081890003322283356,0.99526566414302509,3.8362760077485856,-25.61888907730253,0.67004281961326162,,0.2818333660026103,0.3571428571428572,0,3
-0.54589261637182251,-0.80986792820160314,-0.21474447667208804,0.83580267126855756,-0.54429437331047015,-0.071955054602897653,-0.058610119357237117,-0.21876374026105283,0.97401605728854623,10.810615429879054,-24.596767430246857,1.359137442598906,,0.1762769969349964,0.2592592592592592,0,4
0.68168187442733585,0.72984883659067068,0.051288378844322836,-0.72458502136133485,0.6637225600227491,0.18560417596498971,0.10142173778844726,-0.1636857936538571,0.98128517366761359,-4.4721387420344856,7.1306121213427662,-2.3470930036094133,,0.230774068059127,0.1290322580645161,0,3
-0.35542802543450402,0.93408082294009098,-0.034116490899477714,-0.93468694173132727,-0.35540309723432328,0.0069971017708296748,-0.0055892479521488098,0.034375204607607686,0.9993933688070562,5.0698461576237346,4.2752404087902178,-0.59439646546418157,0.3107361051949472,0.2797728692106453,0.8728813559322034,1,5
0.98319607374234108,0.17295677407497698,-0.058407489924003173,-0.1662597700040169,0.98050191778405382,0.10475532492434275,0.075386798949528239,-0.09328420832794028,0.99278138934045956,11.656074198456331,-17.445858997749848,1.2651262986941332,,0.2029923941346385,0.2142857142857143,0,1
-0.97134580132813542,-0.21904425636225527,-0.092233117679659901,0.22402549320075205,-0.97342386331187958,-0.047524317261125826,-0.079371989003446497,-0.066825115710209562,0.99460268010495256,13.174100887587249,-8.1355363207820695,1.0604091860001574,,0.08425810677707735,0.2222222222222222,0,2
0.82406218883813676,0.56648810783214942,0.0035682785835297582,-0.56204983660635111,0.8167855508902323,0.13023572869114561,0.070862473129810102,-0.10932789004499398,0.99147663732446878,9.8979213493503195,11.198894583883025,-0.3919924629712227,,0.09288848405018824,0.375,0,4
-0.31896833738813668,-0.903335107543219,-0.28678368716460967,0.94759160786980245,-0.30975368463474018,-0.078248319789786608,-0.018147849419991431,-0.29671255169790639,0.95479438478991197,-18.404534430314655,6.2944038025174249,-4.3609284122809493,,0.2238687990161833,0.2916666666666667,0,4
-0.83473800890034344,0.54923373282432475,0.039430485984158777,-0.54716236686976782,-0.81928228661253588,-0.17143476638187138,-0.061853057956436149,-0.16467799358381641,0.98440609387114442,12.90936901285426,-12.426410152010931,1.2388459421843059,,0.1989385915660502,0.1052631578947368,0,3
-0.56860506392518761,-0.76476626927205626,-0.30301952851645475,0.82002098847533067,-0.55616380548577871,-0.13508293721828452,-0.065221620177479039,-0.32529121545359663,0.94336194825217901,15.019889744491852,-12.067649234790705,1.5159375303630407,,0.321668687023799,0.1428571428571428,0,2
-0.53555368987070029,0.8426245280771224,0.056268552040049463,-0.84426232229831899,-0.53262783816216575,-0.059403006339299673,-0.020084232953407857,-0.07931891765212043,0.99664694495551864,1.4723788048576634,-27.980689671514504,0.4683110313255141,,0.6875739664597573,0.3684210526315789,0,1
0.49505277565478206,0.86389292338635315,0.092799602582535654,-0.86706195256350083,0.48432754229799468,0.11674931343846803,0.055913502244677664,-0.138260076285834,0.98881637909784337,1.0219933318607135,15.746781352939934,-1.8668447266458419,,0.2006066285919305,0.25,0,2
