axis_00,axis_01,axis_02,axis_10,axis_11,axis_12,axis_20,axis_21,axis_22,location_x,location_y,location_z,dbh,dbh_approximation,score,reconstructed,number_clusters
-0.74759599752225014,-0.60792600779739359,-0.26744381378568965,0.66391887348205658,-0.67335314618000763,-0.32528029445972023,0.017662217387084168,-0.42073924177928579,0.90700966726047816,-10.774828348736543,14.523660657780283,0.3205038840710065,,0.3503408076897594,0.1666666666666667,0,3
-0.42656433475375005,0.90406826161375942,-0.02652256885680539,-0.89470201727311161,-0.42607736437115734,-0.13403872521757251,-0.13248082353123547,-0.0334463437942258,0.99062110490504041,-4.9319253686274829,7.3973641980945297,-0.30844035612341392,0.6692041528228782,0.6448535468322875,0.8513011152416357,1,6
-0.98519441067823799,-0.12911826585011021,-0.1127849572958155,0.15813362085965338,-0.93851495820145359,-0.30689319182076796,-0.066224852753132293,-0.32018455093271381,0.94503763005598984,2.7696206047751231,-29.452438969724437,-5.0504232627796641,,0.1798344029073473,0.3529411764705883,0,3
-0.78606126601271642,0.61739095314869563,-0.030595703041942097,-0.60389697600423631,-0.77756410039143375,-0.17522132334678936,-0.13197018014470127,-0.11925804271664837,0.98405355077859968,-11.77591457539866,12.346856570180135,0.039560443837697308,,0.2478198978450053,0.672,1,3
-0.82878262870861275,0.55731319306112459,-0.050213137632036553,-0.54308701029582451,-0.82274344894346552,-0.1677787724014958,-0.13481785341260813,-0.11178202923826033,0.98454503418614225,5.4288752383891028,10.454573388520792,0.32611798953090976,0.5317805140698455,0.459211652909994,0.6419753086419753,1,5
-0.86677241797098015,0.49847616132696027,-0.015069573102049335,-0.482040046248638,-0.84517328418719007,-0.23091018493962126,-0.12783962318995887,-0.19288244161918269,0.97285836299929696,-4.4165034512545738,15.338155949909234,0.73837629690115736,,0.5060256947182549,0.2972972972972973,0,3
-0.9958736737496191,0.048593290686141301,-0.076644099790717707,-0.034031777763989766,-0.98289814553009069,-0.18097810258628322,-0.084127665096921198,-0.17762299291983855,0.98049610318019098,15.629908021396005,3.7117701734233006,-0.19662303856919261,0.1729819098648438,0.3256326387132734,0.525,1,5
0.21273324792589215,-0.96468790343811484,-0.15531198983683225,0.96725243246033143,0.23043128928950635,-0.10641500277662493,0.13844600798316339,-0.12758789079121596,0.98211711775988098,-7.6882239908531345,5.6909178788458208,-0.61640434174221348,,0.7142841767883694,0.5743243243243243,0,2
0.91434998198515283,-0.38487759558592088,-0.12583062766970396,0.39155980026742249,0.91957599893625885,0.032571536575954747,0.10317477045425211,-0.079051999319326632,0.99151689251637598,1.4625604654941669,9.7394905580225455,0.091965269076714942,0.6426495666653746,0.3097199673027202,0.4482758620689655,1,5
0.64158608396597216,-0.75656204946097905,-0.12641662144121524,0.75436270909506942,0.65219751462755693,-0.074667965288910607,0.1389395551596328,-0.047458057577621629,0.98916304661213605,4.4202896771643747,8.7250592849285642,0.063828774084267667,,0.08802389168515232,0.4736842105263158,0,1
-0.8992479719242148,0.43451580288444991,-0.050488632719331308,-0.4197467936240239,-0.88960377156266868,-0.18004932341951771,-0.12314915441259326,-0.14071654723292812,0.98236100243357882,15.197348770244792,6.6246620154837732,0.19795563617970086,0.2352332789511026,0.2168968452979612,0.3888888888888889,1,5
0.61248364733413285,0.78894589134230031,0.049276386661152992,-0.78961707986416441,0.61354005704479864,-0.0085712069309790452,-0.036995255575085984,-0.033659752458495465,0.99874840281692845,-14.277890916788325,12.160719491802798,-0.06652812337653323,,0.6626239858153999,0.1071428571428571,0,1
0.58877161200354755,0.80518777602488911,-0.07085643399746458,-0.807251532156535,0.58128239875698595,-0.10225329689673116,-0.041145506798079393,0.11740280335416745,0.99223164081524429,-3.334974791932019,7.2062854466523687,-0.35179059544084579,0.1421644097330787,0.10697802826112,0.4733727810650887,1,5
0.92727796456919553,-0.34342248007114445,-0.1490522613253264,0.35593161752388069,0.93213332832129714,0.066634389615984085,0.11605283310304414,-0.11484101364253599,0.98658161421866752,-9.6967528581186127,-33.244539229997272,-5.863762558107295,,0.4836216257475005,0.6153846153846154,0,5
0.90585209986730097,-0.36639106469146787,-0.21257836409252159,0.40408090729153617,0.89799158350881958,0.17415434622704867,0.12708498545638311,-0.24365693846384565,0.96149919542866791,-5.3703221331646143,14.632488118227835,0.61088131006875657,,0.6128704317458574,0.2,0,5
-0.72275616183471347,0.68758532297567154,-0.06964161226159668,-0.67795914597391949,-0.72496074381237385,-0.12166887983919158,-0.13414517106577881,-0.040722764634184172,0.99012460302745842,0.11919207229649248,8.1355765860101279,-0.15055526711077449,,0.06980544984511936,0.169811320754717,0,5
-0.99225298226716763,-0.079853939552483169,-0.095170202899117984,0.10032661694672566,-0.96686375971509408,-0.23475314711759931,-0.073270656568205597,-0.24248261481504321,0.96738492462851777,9.0919160889940773,3.1055292653941082,-0.53322682609161376,,0.09704719976035156,0.2682926829268293,0,5
0.91641593985829028,-0.38129112817487265,-0.12165073262738813,0.38111990648982358,0.92417119582887586,-0.025597220111084801,0.12218609598000815,-0.022905815317509331,0.99224285413088553,-15.594815105729626,-28.637935104951691,-5.377031723724758,,0.4409543141766488,0.2352941176470588,0,2
0.53482122934034138,0.83554091328940272,0.12584766531960673,-0.84350768849933033,0.53668815267689118,0.02146173848462056,-0.049608790444861162,-0.11763166663690457,0.99181740200241575,-21.575076084760063,-27.242669821594106,-5.4894032398033374,,0.172608497847637,0.2142857142857143,0,1
-0.98186017049626673,0.18369781573664681,-0.046965073050369392,-0.15902324153811845,-0.93271966578199528,-0.32364430122316756,-0.10325799844927684,-0.31030491062358023,0.94501251219184446,14.734791909582327,8.1661928053470767,0.35850001910927853,0.2810571177231217,0.2366495836113685,0.3571428571428572,1,5
0.19702437180883034,0.97091301656058271,0.13604892938411461,-0.97589237927327899,0.20751090623540147,-0.067626088676633514,-0.093890686384077576,-0.11944512575484395,0.98839131974321537,3.12173929085299,-30.422313090288931,-5.1079962861052524,,0.2968394016168378,0.2727272727272727,0,3
0.89322829895545008,0.44315812037861291,-0.07585569383802393,-0.44849182443590918,0.89010330203137633,-0.081062908453808563,0.031595717420292831,0.10642834234984389,0.99381825229030785,-7.0266934002270176,9.9999303260870338,-0.050432054889882914,0.1936442163906647,0.1716269763830416,0.7874015748031497,1,5
-0.37951079660543396,0.92451741913149832,0.035200809398949713,-0.91086104911918953,-0.36669401794761708,-0.18938755608255123,-0.16218416833155316,-0.1039376684550174,0.9812712451808302,0.38897793073633546,11.624155420466671,0.32475817525339362,,0.2447994681501541,0.4375,0,5
-0.74691874209749765,0.66491507665257588,0.00057753232737784951,-0.6505828007855381,-0.73063895187417727,-0.20714425245767099,-0.13731136888668413,-0.15509565707749995,0.97831023971445907,-7.4228398804793647,8.1475694986439251,-0.31202496112827033,,0.0946429943678498,0.3114754098360656,0,3
-0.54446949641880127,-0.8273881397658327,-0.13777457546401739,0.8384176318991573,-0.53200998034538471,-0.11841138177350963,0.024674723707980392,-0.17998401870093053,0.98336001089234715,-6.3538739061870517,9.0470178762629967,-0.15565574730108134,,0.1185308979574604,0.3289473684210527,0,5
-0.4131212889836568,0.91046391707917385,0.019653403912014037,-0.90109520845735425,-0.40555761209404917,-0.15346155403803791,-0.13175062005045307,-0.081107823108622218,0.98795915661878531,12.700224002704019,9.5683330279926864,0.46007259469761225,0.3274045341495607,0.2856336278661643,0.1578947368421053,1,5
0.18213764440500924,0.9799063596550206,0.08129824597271483,-0.97773418061638118,0.18925513427342477,-0.090655205066021427,-0.10421972243778452,-0.062976348407903088,0.99255842598619759,-3.7528903632520993,16.832087157205322,0.9700734495741864,,0.4672150095781477,0.2962962962962963,0,3
-0.75465266934655217,-0.61906241672549323,-0.21739611966664565,0.6557388115807069,-0.72296548303144614,-0.21754889411768985,-0.022493546515502939,-0.30672892681176855,0.95153108505295581,1.9981772940427662,21.706605280764645,1.8093492693801905,,0.4547761986238591,0.65,0,4
0.5420887028817809,0.83986604404084042,-0.027656215849923331,-0.83929976569127729,0.53951413651541447,-0.067085019271028876,-0.041421510336007279,0.059577886562179341,0.99736389242556234,-3.3671371838730368,12.225144487047306,0.3533517341155169,,0.1333318002811409,0.5833333333333334,0,3
-0.46159141956446575,-0.8531909535750275,-0.24289618795319842,0.88503294360407847,-0.42427216504552234,-0.19159806549932606,0.060415644662293023,-0.30341115125406837,0.95094249204392989,-5.3794998852696114,11.674068561805347,0.21690665288694577,,0.4021030988413352,0.8333333333333334,0,4
-0.88971529583759434,0.45643850654725132,-0.0084013149884949283,-0.44311248054471863,-0.86787357306824464,-0.22460363032521199,-0.10980902484826764,-0.19611055787660434,0.97441399166432308,-4.222186526807107,21.347630266482568,1.5803191059415278,,0.3228803661450163,0.3333333333333333,0,2
0.99412383031735185,-0.028810143614221077,-0.10434455242170661,0.037881899263171544,0.99557212960823771,0.086029625452718528,0.10140400240312629,-0.089476870599323494,0.99081336180149515,-7.340187824551192,11.453062525913394,0.1316768681942582,,0.3346015214315554,0.2692307692307692,0,3
-0.98872259854797939,0.14065502428660329,-0.05141777186407092,-0.11696679699550792,-0.93969532158798974,-0.32138990492275332,-0.093522144549525066,-0.31175128985872669,0.94554996787598578,-11.943599419721735,5.9441065513708251,-0.66240701852982242,,0.1731439853205394,0.3823529411764706,0,2
0.66685299253859609,0.74422787632361131,-0.037841173940126302,-0.74406349542098293,0.66219621670468976,-0.088688699189386946,-0.040946320032805329,0.087298560611521817,0.9953403238043399,-2.7751060655269155,18.483597799087132,1.2475369638913065,,0.1294216797461856,0.3043478260869565,0,5
0.45904045885960815,-0.86957742254098724,-0.18198066748128297,0.88214367487454426,0.47043145642742384,-0.022732832696503266,0.10537738850813554,-0.15009780481587992,0.98303929472867935,23.429200573846217,6.9893964131566051,0.4490063591312709,,0.2709070731885238,0.1428571428571428,0,5
0.88367634498192893,-0.43805550791375603,-0.16499542207527751,0.44767259757023597,0.89386288306083173,0.024462045517382153,0.13676754989432013,-0.095480460161218889,0.98599093252590597,-12.545449396540112,10.141872758614007,-0.22593215788329818,,0.7948734913404125,0.5581395348837209,0,2
0.48168443760685464,0.87440120213825845,-0.058332154653637877,-0.87436488592965556,0.47505855961094168,-0.099022276249325011,-0.058874008022116661,0.09870107719546585,0.99337402248089124,-24.572554641025953,-29.642643993386066,-5.9382657568958903,,0.1177031847885722,0.5,0,2
-0.09095040152761992,0.99044981968043355,0.10362036072587398,-0.988747128123875,-0.077401037717883772,-0.12801638952487152,-0.11877348647216511,-0.11409747611227122,0.98634407021893522,-14.955239983128521,5.6471764598989749,-0.83338531917588765,,0.2092955024927604,0.1621621621621622,0,1
-0.61884088833542883,-0.77065292149204545,-0.15208559931825308,0.78451859385539868,-0.59660463254650598,-0.16909609196902278,0.039579424191933499,-0.223957556290971,0.97379488710960671,-7.2164690749906715,-31.077974146891631,-5.4413242759707758,,0.222964745816091,0.3333333333333333,0,4
0.79071726324946767,-0.57036995843249427,-0.22236078817315311,0.59735987525633527,0.79831829418367561,0.076479282197216947,0.13389320009995562,-0.19330290139928244,0.97196018399809569,14.470339778663961,3.2176752535189048,-0.32023943968937973,,0.7792164450247945,0.4594594594594595,0,1
-0.80320527260987795,-0.57532161999992537,-0.15448729272129358,0.59569420597030065,-0.77707073889895728,-0.20324733631819997,-0.0031149679141786075,-0.25527651734480356,0.96686307027789808,-10.404155152354541,10.154600067266053,-0.11891821924673357,0.3681574562007832,0.2884073583640088,0.7851239669421488,1,5
0.26959444677831557,0.9629725086746993,0.0016678738112980691,-0.95939967448477637,0.26874247747085184,-0.085613932285196162,-0.082892091690338163,0.021480883119302602,0.99632699089988308,8.4362316994751403,14.011975018717518,0.84777845277315611,0.3336616682051598,0.2252891791537135,0.7391304347826086,1,5
0.69231755761411196,-0.70829885519633973,-0.13787360569298901,0.70826557736535734,0.70356405947609368,-0.057943818762983219,0.13804445421149081,-0.057535605854765179,0.98875344890441597,-3.2795742677988184,5.6781094640688625,-0.5850204208724612,0.8246232445300146,0.9245257086210071,0.7123655913978495,1,1
0.3005731420133847,0.95060223710230685,0.077531755534678323,-0.95030050561965074,0.30540839063350234,-0.060453816667670447,-0.081146382046496587,-0.055507672863681162,0.9951553461314574,10.712849087177,11.461462910474472,0.65595157775800328,0.3966440394222412,0.2379557115977238,0.3571428571428572,1,6
-0.45417901216702655,-0.8519971713854475,-0.26042704325430316,0.89015520393746084,-0.42193937501286183,-0.17201998929430248,0.036676120433332543,-0.30994835660953313,0.9500457243864675,13.995649923720098,2.6837412006235271,-0.38397668972501348,,0.2829580505047867,0.1212121212121212,0,5
-0.76683554031176215,-0.61893506276742016,-0.1699489399550872,0.64181131698719318,-0.7367713753195525,-0.21271148040691354,0.0064410792521942982,-0.27218987598150218,0.96222200344371789,-6.0284902775878937,6.6586131577542575,-0.44755300039197715,0.1406425822099085,0.09936287332866242,0.2816901408450704,1,5
-0.95681288260929087,0.2897475398658132,-0.023568428344001864,-0.271858309909699,-0.92055381585187046,-0.2804883802470271,-0.10296682478322529,-0.26196762254574107,0.95956802663062446,-8.3676076760280758,10.799311269977581,0.014465743360531969,,0.4589533049936736,0.3666666666666666,0,3
0.89674594783807604,-0.4102786053723288,-0.16588601812607914,0.42571710089494769,0.90213454461662346,0.070129975152979154,0.12087867901987501,-0.13350928575606019,0.98364811572803601,4.3756618420471121,-25.38143953377276,-4.4221280804271261,,0.272860048946424,0.2272727272727273,0,2
0.97646619336334306,-0.16880731317242556,-0.13423063822395401,0.18369369176674988,0.97708643056559297,0.10751155663319176,0.11300619816455046,-0.12963872193174533,0.98510070599522936,-2.7568599225521528,8.2466563852641688,-0.18481465015118223,0.334841730825225,0.313756737838235,0.1926605504587156,1,5
0.68257175582255192,0.73076879671591144,-0.008530175830457393,-0.73050723982774934,0.68189382363762996,-0.037148160709484714,-0.021330042488547581,0.03158764048220411,0.99927336112607612,-15.401848179736502,-33.082977800039593,-6.0793560598380125,,0.5904466777702783,0.9166666666666666,0,5
-0.92183654572831419,0.38383733772226497,-0.053724120560251255,-0.36820330301857046,-0.91057731453245261,-0.18781715018890374,-0.121011200332463,-0.15335531431662278,0.98073362181835388,-2.0740338085181254,14.176822487719487,0.65588460329040721,,0.07630153105409003,0.2,0,8
0.57483614036537689,0.81723201943953061,0.041173269637274273,-0.81754703489899272,0.575714331465767,-0.013032815228919857,-0.034354875311995561,-0.026169351304762879,0.99906701857011881,-3.4491854203570611,-31.50731017205355,-5.4642442511403368,,0.3825010909369163,0.25,0,4
-0.0027442597694586649,-0.94809656690233901,-0.31797070441522879,0.99376902562417868,0.032844610358677487,-0.10650988348673633,0.11142527876693523,-0.316281727892058,0.94209886734531523,-12.65964900920909,4.889060039723323,-0.82038692578230221,,0.1532314080598154,0.3103448275862069,0,1
-0.15772846989689365,-0.97929568516181487,-0.12689243794425747,0.98201987804548285,-0.14205790076307434,-0.12432422110885938,0.10372409993593946,-0.14422036560153714,0.98409440463719722,3.2724629314237998,16.333719394138829,1.0513316802535271,0.4272585283638526,0.3777875126944863,0.9,1,5
0.96216451890870303,-0.23395509724718841,-0.13965833675524075,0.24971965983309469,0.96221814534679995,0.10851881061920061,0.10899325688328244,-0.13928838155934248,0.98423534620361586,6.1188490093633483,4.0212731390166168,-0.47688573819227387,,0.08803206810101122,0.5,0,2
-0.13584213073663384,0.98150682482624751,0.13487501005162897,-0.98645536488563235,-0.12136336487918307,-0.11034829746559047,-0.09193872201245476,-0.14803812510531886,0.98469893110027129,17.642358922101973,6.9016881233740515,0.28445403315503798,0.520171132892508,0.5150420337670486,0.1538461538461539,1,5
-0.97778575122844591,-0.1856142596672487,-0.097377468147428078,0.20083332940631718,-0.96262369301756356,-0.18171846202519382,-0.060008320208099986,-0.1972383640405875,0.97851726058174138,-16.094222003608472,16.28762588153436,0.34867033119430546,,0.2815229830060779,0.6756756756756757,1,1
0.26466521661079956,0.95424952706074617,0.13914080357932732,-0.96020221309288056,0.27412436087339342,-0.053549460756280684,-0.089241431453632267,-0.11943062789793933,0.98882369107541668,-6.9147899764424263,15.942854119705281,0.72260211793889495,,0.7316289887915166,0.4150943396226415,0,2
0.75278328960194008,-0.60428972676421233,-0.26105793422785278,0.64407912798828049,0.75805653352812929,0.10252984377814683,0.13593894138890683,-0.2453247197135838,0.95986269128011958,10.005377506324839,-30.320228317322471,-4.9275583965983722,,0.5817245665757964,0.2972972972972973,0,1
0.73894638100860799,-0.61790677609077416,-0.2686065190113357,0.65994778267886656,0.74410939066627058,0.10377927952881087,0.13574671315184225,-0.25395359966611536,0.95764314809071449,12.310177592290261,6.2786013871572059,-0.011511498859790701,0.827461749563201,0.3674090524227804,0.1538461538461539,1,3
0.81601727381618716,0.57372562607352284,0.070389735190166253,-0.57802751122692342,0.80992912949728357,0.099493725714647055,7.1403127907579175e-05,-0.12187580226737571,0.99254535600307814,-13.955251915705528,-28.044890338851975,-5.2578910815142352,,0.3105268829060715,0.3181818181818182,0,3
0.29987459906514319,0.93601898102753445,0.1842381393514784,-0.94979435046679339,0.31100703452840939,-0.03413672941578464,-0.08925198405011063,-0.16475160584959447,0.98228864989528319,0.12355221677529529,-34.491201862320352,-5.8215399742981813,,0.2635866238793532,0.3,0,4
-0.87685461262608633,0.47877971157188032,-0.043542807712670099,-0.46411637072814454,-0.86664915872599668,-0.18307165291671362,-0.12538733085320494,-0.14031829341418439,0.98213481447041673,18.776554740720435,5.9202980992085541,0.20304639738603342,,0.09122773544368272,0.3125,0,4
0.89308538492450074,-0.42410455043370621,-0.15011270944087257,0.43812260427877092,0.89569426279854003,0.076028752520130027,0.10221095271174857,-0.13366793890534751,0.98574124558859411,32.675023783203272,4.2187541229074199,0.29722205260243462,,0.2885350948814266,0.125,0,2
0.28754669186040516,0.95176634249922865,0.10704078328272246,-0.95383398469825431,0.29468940010660927,-0.057955906510536032,-0.086704265378287182,-0.085434107652905905,0.99256404509470531,3.250956907735322,17.967778814107646,1.2911240754068753,,0.1504759171793333,0.3076923076923077,0,2
-0.67026214232825709,-0.70504427221046839,-0.23164894729902932,0.74203880535247801,-0.64144046232419316,-0.19476279070806907,-0.011272617823951676,-0.30243463346075083,0.95310346792510359,7.7997657698769975,6.4242617119529735,-0.099072025469943009,,0.196939545367194,0.2424242424242424,0,4
0.9242055776619077,-0.361198817285454,-0.12401396941557118,0.35730330341679917,0.932476556365882,-0.053120816969121042,0.13482729540437938,0.0047839543908055554,0.99085756503865119,9.6134400606930726,6.0101938873796135,-0.13438691569865802,,0.1800736033069373,0.3571428571428572,0,4
0.81438057570628763,0.57672844056254102,0.064564570459312506,-0.58032210039774568,0.80868985673932403,0.09616119485988793,0.0032461827189962881,-0.11578005637082643,0.9932695710855759,-18.383151867028548,2.7514765705239261,-1.3370992215268624,,0.1949321217303883,0.3333333333333333,0,2
0.99299606583327449,-0.02867343884897338,-0.11461521340648714,0.043932338658697612,0.99015395384753147,0.13291010984902285,0.10967571681834552,-0.13701453056036059,0.98447867196588223,-12.341353514185844,-29.542316628280286,-5.4214952873018438,,0.2355570812455057,0.1538461538461539,0,2
-0.47200661440614711,-0.8313790143006714,-0.29328943134264096,0.87962047514974628,-0.42187058146387468,-0.21975675687602003,0.058970972979768756,-0.36171003175993804,0.93042370846300093,-31.025078622816327,-28.555210163370052,-6.1092182140792941,,0.2188883295410996,0.3,0,1
0.94479886188083828,-0.29872244317238938,-0.13461059591945462,0.30707174186177788,0.95058559167018253,0.045760007200857822,0.11428935181654427,-0.084569112885068298,0.9898414060884636,3.9090051705131525,12.141516966284579,0.51583549523872219,,0.2066205621514264,0.2222222222222222,0,1
-0.75912904376416468,0.64691953134038094,0.07223721259881255,-0.63665125024740088,-0.71475506756613572,-0.28948295104712091,-0.13564026125058035,-0.2657448275298509,0.95445345940438797,25.261731866151916,0.98038538994364166,-0.50527210291394908,,0.1598969134727196,0.3333333333333333,0,1
0.27026453990417559,0.9611910674593942,0.055396843832972768,-0.95903278809042658,0.27384056541430363,-0.072577242308302509,-0.084930500044965551,-0.033512334592578567,0.99582314373199199,-25.017167243947405,-25.118296299319251,-5.3966933443401608,,0.2421506173905449,0.15,0,1
-0.8840021258479378,0.46359790031321024,-0.060143397987720594,-0.44505221695708547,-0.87396554693888651,-0.19522486251857502,-0.14306909406964785,-0.1458122408750244,0.97891267472287558,20.31305155437629,5.6798228821867145,0.27542696588117555,,0.1195698137621906,0.2631578947368421,0,3
-0.61675814997125489,0.78666673479254579,0.027655610911136583,-0.77750158229843691,-0.60333526037807439,-0.17741999072243123,-0.12288479957855351,-0.13092750648872264,0.98374657004595634,7.6562595893580534,15.868147781066925,1.1558645087345119,0.7032533067110897,0.3085394370386496,0.3428571428571429,1,4
0.12804357322099574,0.99151635316691478,0.02236436360335391,-0.98647056058205351,0.1296549038070004,-0.10032666157970394,-0.10237517502661682,-0.0092156020628625136,0.99470316990391183,16.805126959743564,5.0543919738933143,0.0078244108247931543,,0.3717790833900259,0.5833333333333334,0,4
0.85354772822546121,0.51720370388575077,0.062901544718820562,-0.52083812885183256,0.84387488080278639,0.12885196577547545,0.01356168040013004,-0.14274282551828235,0.98966689678284236,16.788045377957854,-27.369676151328989,-4.2846369576888703,,0.5106118336799647,0.2105263157894737,0,1
0.82362803174770627,-0.55315076534387808,-0.12514430118419001,0.55405504810952455,0.83191464332865628,-0.030676210321769624,0.12107794590159617,-0.044071045084441499,0.99166419417130003,-4.6444679534184319,12.97182593565895,0.38993953981636131,,0.2942030720625796,0.7727272727272727,0,4
0.92725565445140545,-0.35031192746564727,-0.13220629623129906,0.35527466673891128,0.93463759886243936,0.015246965803367376,0.11822378128553733,-0.06110738308876023,0.99110495169310531,1.1236241994308664,18.378529297528534,1.3144997422740317,,0.3871139334147163,0.391304347826087,0,1
0.94227112055865114,0.33455855763752518,-0.013989527248714165,-0.33217450614421651,0.93919524284099587,0.087019499496887351,0.0422520156796048,-0.077348996996352351,0.99610837755470616,-8.8342223326083431,-33.814233409190464,-5.9023523723378304,,0.1595056706998132,0.2857142857142857,0,1
0.96923926360872548,0.24229130324737169,-0.04324551132665759,-0.23569996997943907,0.96434818898970043,0.12032495395376283,0.070857420436433075,-0.10643070404246036,0.99179218146047077,-6.3405789920942563,-35.038422905978884,-6.0140533072907898,,0.3383980511760525,0.2272727272727273,0,2
0.76477181623544077,0.63699387020367582,0.096761967812186392,-0.64425398507384379,0.75786129439153471,0.10287400633618726,-0.007802038734570263,-0.14101442403573039,0.98997679791268589,-7.8647250950722194,14.887708266948627,0.54166298752659814,,0.3588270071119642,0.1,0,1
0.12914613739561398,-0.92569689347907291,-0.35553696938431945,0.98415603200014545,0.16357605531154751,-0.0684089088236461,0.1214832493536518,-0.34106910668060658,0.93215539723512364,9.6592917705768517,-25.471608427207293,-4.3106207456307315,,0.5427896786105415,0.4814814814814815,0,1
-0.98957342571806162,0.12606354792574953,-0.069659292251586846,-0.10853619891745254,-0.97062891704640941,-0.21470770577197693,-0.094680138556990451,-0.20490848512857376,0.97419104085653663,-15.412369671063351,-35.127681202781588,-6.2882294481827188,,0.199837374395197,0.7894736842105263,0,3
0.79286968579947781,0.60875177549936665,-0.027909445831219723,-0.60938934639099218,0.79192164692962397,-0.038790844659938754,-0.0015119012523052103,0.047763803770643765,0.99885751396481115,-8.1877315233337349,19.224024335563275,1.0716864209347525,,0.609017428052246,0.5806451612903226,0,1
-0.96895610743970517,-0.23986714773343293,-0.059898358020256039,0.24641500022803445,-0.91728928439833102,-0.31282585633322668,0.02009252393088402,-0.31787437796435597,0.9479199176701909,-28.928181337977321,-27.184277094264687,-5.837916393084889,,0.5260725806226623,0.3414634146341464,0,2
-0.9744968752040849,0.21811342218498381,-0.052748225375147534,-0.19977066554977543,-0.95029662488208,-0.23880537247626049,-0.10221311756947904,-0.222177541170301,0.96963375497980975,7.8798218796990902,22.116826668464693,1.9455565071480445,,0.1666719475487833,0.2727272727272727,0,4
-0.63193505305356401,0.76446035816776958,0.12750862524627166,-0.76244862253634593,-0.58369788672575562,-0.27922907267029984,-0.13903304180883652,-0.27367341453252642,0.95172090208395144,-14.163725676255776,10.853822499816507,-0.25212669055859005,,0.3310069002284035,0.4210526315789473,0,1
0.7042001998511469,0.69340082298862216,0.1526347837431126,-0.70971200263534306,0.69359286689613908,0.12344151775689666,-0.02027194724086091,-0.1952542795164724,0.98054312219584094,-2.3382782535037516,-26.98605246352799,-4.7321674416302493,,0.6934013389078214,0.2258064516129032,0,1
-0.89365554193820984,-0.41011233912838174,-0.18217475581916207,0.44658763500004817,-0.85260014627349645,-0.27135304464751553,-0.044036991588755223,-0.32385314552904954,0.9450819453903202,23.139773036321369,2.6291368633920675,-0.26649664700648057,,0.3395891601447272,0.2105263157894737,0,3
0.9879449013156143,-0.10664021946156516,-0.11221735853988911,0.1206573478599731,0.98458917881930241,0.12659365449867113,0.096988021795880813,-0.13860740436614738,0.98558678516049569,5.9910471732552342,-25.819097160334067,-4.4363606354969889,,0.6207822035125463,0.1875,0,1
-0.68315254947828497,0.73016992679771531,0.012428682212397821,-0.71706826680179436,-0.66747805556429374,-0.20071409040219129,-0.13825952005988035,-0.14603055618714647,0.97957101925918733,9.2130493719593538,9.2949597576261702,0.29601719665353704,,0.08280963237610833,0.1,0,1
-0.66867605185737988,0.74239894069337009,0.041426447226244008,-0.73053153453561648,-0.6455632301019345,-0.22264723889910365,-0.13854968322397682,-0.17914220272654627,0.9740185093112026,-2.3388573974033897,15.061278002110729,0.7562304489802778,,0.3286300089042871,0.4347826086956522,0,1
0.41613100003317605,-0.85597160670769912,-0.30683480787164252,0.89905298048439752,0.4378347254550129,-0.0021193083434129308,0.13615700163234251,-0.27497883863303468,0.9517604263734214,-5.9785971287675803,-25.932423366323821,-4.6402278002273789,,0.2946748919448238,0.2413793103448276,0,1
0.02038439406425499,0.99787384034711368,0.061905373187911811,-0.99236246110757054,0.027728644566623464,-0.12019928475254112,-0.1216602739728864,-0.058982378905901363,0.99081777169943908,-8.3055745279114213,16.879764933607554,0.77893178016769948,,0.2692815006641269,0.1875,0,2
0.075406728919793178,0.96637097653221971,0.24584743429570294,-0.99160436289677523,0.098645222600778473,-0.083605666925889915,-0.10504576487272971,-0.23747895859255827,0.96569619006605623,3.7332854998147504,23.797642017943851,2.1362784457159107,,0.3141183756918933,0.3125,0,1
0.43879752679140172,-0.82438276928076659,-0.35756087620812643,0.88826920830923684,0.45806463155357724,0.033979506902946377,0.13577387101880378,-0.3325204400223537,0.9332714572491273,-0.96554890825701034,8.2654327581866109,-0.15847326287873706,,0.134731551649445,0.2941176470588235,0,2
0.50660410958435598,0.86076391740996527,-0.049373622890078628,-0.86049233600064845,0.50120337946212179,-0.091368003698753586,-0.053900054140871595,0.08877303025580606,0.99459244581024886,-3.9961018923031331,-29.532365648852629,-5.134198267780933,,0.5997476286774166,0.7674418604651163,0,1
-0.9865856741958966,-0.12809566941449474,-0.10119390766582782,0.14649859741270835,-0.96823013700305161,-0.20265380024850344,-0.072019916880935342,-0.21476010168628529,0.97400781839580675,6.4196284945109632,9.6178788659644194,0.15566535542675644,0.1901798919642776,0.1801268489378089,0.4137931034482759,1,3
-0.50444617496807198,0.85097119244643704,0.14622614740999218,-0.85175723875233433,-0.46266304410855147,-0.24587092924786058,-0.14157564336099288,-0.24857782934625566,0.95820947603560247,-0.19558515040031393,17.56699841210953,1.1847555607653981,,0.2119690371464177,0.2608695652173913,0,2
0.0052281584236134196,0.97001408659138499,0.24299246526133078,-0.99359777175068709,0.032462595497810727,-0.10821112634852176,-0.1128544829927807,-0.24087102712411679,0.96397355459608236,-9.9036865542056649,10.945397203693332,0.0035930669664594878,,0.5523686145012867,0.1351351351351351,0,2
-0.96388800939935115,0.26620100811232111,-0.0075451054426550106,-0.24310708666230793,-0.8911265983682809,-0.38313487193825413,-0.10871453330039142,-0.36746484044131517,0.92366159457277308,-9.5952340735102695,-30.397219989757719,-5.4213869789060212,,0.5268683925673666,0.2352941176470588,0,1
-0.65989837048421085,-0.73334923365288307,-0.16350242240717011,0.75120491940267098,-0.64830321912466327,-0.12407298311004691,-0.015010319700468847,-0.20469938342195465,0.97870978984025803,-9.5261082054464623,13.016696504953202,0.2496173705843221,,0.1046261519751661,0.1724137931034483,0,2
0.44312196904329004,-0.87289919341388345,-0.20418109287735048,0.88692892301030379,0.46001374243272369,-0.041766521291854805,0.13038407141587738,-0.16258645364984012,0.97804173684489992,-4.5646854516152553,-31.062330380015357,-5.3768512207114263,,0.1788235311236869,0.1666666666666667,0,3
-0.076681886539380087,0.99694389142052819,-0.014925335375009997,-0.99008193812959155,-0.077904401555335429,-0.11691304464369152,-0.11771849500530658,0.0058121921509830116,0.99302999670507774,23.928715161963307,6.3569530733089357,0.30297529110933336,,0.1311668287801572,0.3,0,1
0.99279568459858569,-0.07898923836545349,-0.090096774997057288,0.076269582796194502,0.99653285308031359,-0.033244901439232345,0.092410385685372104,0.026133751243467063,0.99537799235437441,-0.49461769733619371,-29.019652538922969,-5.0523796026675774,,0.9459579960134707,0.9399999999999999,0,1
0.53390144639751003,0.83267844392894619,0.14695528078539816,-0.84408180077924466,0.53509129319623072,0.034687483893368516,-0.049750971125333464,-0.14256197586191832,0.98853473581378615,-17.015377911368866,-25.640050945366056,-5.0625744786459936,,0.4319312582887109,0.3,0,1
0.10564241329458533,0.9874446733637906,0.11744231587793594,-0.98913686899308717,0.11648725730428881,-0.089660321682875313,-0.10221514032592389,-0.10669459185545088,0.98902392749465406,-19.379548888696629,-27.438949705283193,-5.4349528401559919,,0.5228212755278591,0.675,0,1
-0.4771962838976837,-0.8703066515562371,-0.12186073564201126,0.87686587598280663,-0.46236052601302829,-0.13163958189641037,0.058223209900753053,-0.16967344000145321,0.9837789292249185,22.692542359954153,3.4810208652746075,-0.17152953956803982,,0.1007352900673564,0.1666666666666667,0,1
-0.97941659431365202,0.19568670718658862,-0.049495933302830801,-0.17402634411307388,-0.94286666672948616,-0.28410786741142358,-0.10226419870945039,-0.26964636359665484,0.9575139018632659,8.6325037220048202,-32.035401744580803,-5.2060463906654508,,0.614184273860387,0.9259259259259259,0,1
-0.84794106755377763,0.52507717087704897,0.072731771458655059,-0.51391920186990525,-0.78066672092979872,-0.35559320125969179,-0.12993459856850834,-0.33890033262962488,0.93180661332616144,9.7675606560820736,8.6809837690073781,0.25637727749646183,,0.1522889075239954,0.6666666666666666,0,2
0.96082044373142772,-0.21243042446567431,-0.17803760745717129,0.22651765880264257,0.97198676100334813,0.062701568439619965,0.15973047661078957,-0.10057361083083458,0.9820239934167273,19.82494912628783,12.714789376474389,1.1631467866206815,,0.325251852221388,0.35,0,2
0.97676295585905315,0.2008576157906585,-0.074768618018378058,-0.20610219363664559,0.97597878904541335,-0.07062074136974443,0.058787871535280062,0.084389700274037444,0.99469712206681804,11.003822145916946,15.825420903162748,1.1490035477057525,,0.08307689245952324,0.4,0,2
-0.10232703577402151,0.99047233406106194,0.092161451862121602,-0.98677580451788338,-0.089361990782507048,-0.13523293319850505,-0.12570874817524161,-0.10478067600001048,0.98651828192344959,28.399967625818309,1.9324964554846216,-0.34763305935807159,,0.4156168311540559,0.5806451612903226,0,2
0.69392531544282643,-0.71063773842654865,-0.11602439963892747,0.70976734278293652,0.70221057072601922,-0.055952064121780609,0.12123520819639444,-0.04352377608432316,0.99166915108262732,10.282314017382266,9.8319695401126435,0.45824147511059249,,0.105392104253541,0.1739130434782609,0,2
-0.96623539711251116,-0.21454633505394857,-0.14268506397569186,0.2520934261024893,-0.90166629104058893,-0.35134997383950051,-0.053273463213285618,-0.37545674812956514,0.92530760744805085,-3.7506669105258204,14.839191517252573,0.68306195749941778,,0.2455128887337285,0.3076923076923077,0,1
0.5127977943680565,-0.81546695708956218,-0.26842515527861283,0.84073900547258185,0.54029210240120829,-0.035247251805747108,0.17377096065865463,-0.20760078510924157,0.96265547692505016,-5.7311973022910427,3.9182087115484014,-0.8140391592269548,,0.6369338720673949,0.3714285714285714,0,2
0.98577176967361846,0.090916033171301522,-0.14137995977838405,-0.077623951639227251,0.99226684015520961,0.096855769370270017,0.14909238829146715,-0.084503212014637827,0.98520590077036985,-2.5967889897534557,-29.454073617861184,-5.0966240488926804,,0.5651613965509814,0.8307692307692308,0,2
0.84188752164527803,0.53948122488285899,-0.013616493559684478,-0.53955137613573023,0.84195067844698823,-0.0018350947374484725,0.010474416833910606,0.0088917411987658717,0.9999056073102317,-1.4695087559729731,2.4915054699237649,-0.91495654775292679,0.5128406943323132,0.584957226646182,0.3786848072562358,1,1
-0.49286363083806461,0.86977150343245013,0.024144838247034218,-0.85915700180563015,-0.48208552288125928,-0.17158902901020209,-0.13760337076351287,-0.10531419868735008,0.98487269832672342,7.6070749757337186,10.311589407193772,0.33188408356612886,,0.07198836064539926,0.3333333333333333,0,2
-0.98650452509957531,-0.029947155712435003,-0.16097201565115749,0.077371028892329122,-0.95170409620968477,-0.29710778708382923,-0.14430019350715961,-0.30555274687432082,0.94117743971652534,17.203825667076831,9.4008274402324563,0.60710441442287755,,0.3059092585292565,0.2380952380952381,0,2
-0.95649473674378749,0.28638795348165441,-0.055675476486695095,-0.26972846194693356,-0.94078043490735075,-0.20537460921758738,-0.11119521301374644,-0.18142247213651577,0.97709851663314973,20.282960879825591,2.7146249001049658,-0.26824998997500898,,0.09108523744736832,0.2857142857142857,0,2
0.3661756050500008,0.93036778553700428,0.018199173092108563,-0.92765390598704844,0.36650849505452432,-0.071622299319696103,-0.073305231554359654,0.0093438047838330825,0.99726578019047851,23.451970473431356,-30.547865142417482,-4.394251114751202,,0.0962339374881532,0.4545454545454545,0,1
0.20729071016328554,0.97827516638003498,0.0028740779590377776,-0.97395092296168584,0.20664870846246813,-0.093359043230282018,-0.091924758047440699,0.016553251490501349,0.99562835873784306,16.755464881638943,12.849347657201314,1.0172778737655577,,0.1084993561088176,0.5555555555555556,0,1
0.78025721241250123,0.62393179783907171,0.043678302663655862,-0.62544343549321701,0.7788223470956509,0.047500112240552894,-0.0043808077698568402,-0.06438061284056408,0.99791580066334173,11.933092223884751,10.706726108684832,0.57819768505305869,,0.7705727892760854,0.3956043956043956,0,1
-0.9878378637785723,-0.12184518435754549,-0.096592473486613095,0.13997775817754307,-0.96734965093399994,-0.21128388498287645,-0.067694771592609795,-0.22223501948780214,0.97264022845668918,35.356802171331637,12.416072982725403,1.6614212608072483,,0.1877412326364821,0.1666666666666667,0,1
-0.97605636754997238,-0.1756282835296881,-0.12833032918826601,0.20939118986934299,-0.91840193007048787,-0.33569811504967384,-0.058900738282758568,-0.35453152309381292,0.93318706707847576,9.7808054493539895,16.569709315507065,1.2570796343507609,,0.2518106906789058,0.125,0,1
-0.74658691777866248,0.66284610517950493,0.056947476240098653,-0.6511938527538762,-0.71056255058316498,-0.26654723379601958,-0.13621505180162388,-0.23608452417959866,0.96213801354357331,25.735525256028776,12.703169954027103,1.4022890291043442,,0.09068698936534253,0.5555555555555556,0,1
-0.91314366755553633,0.40250658278118229,-0.064475524201347278,-0.38931019664845401,-0.90800405768692449,-0.15481021287247812,-0.12085616735924345,-0.11626298655158937,0.98583807228638676,6.1088891808680286,10.939300311643455,0.35304986868034482,,0.09338092517600963,0.2777777777777778,0,1
0.30805283050955795,-0.93311470009258024,-0.18547347542487935,0.94218478280146423,0.32624914344838241,-0.076480922173799093,0.13187603524677002,-0.15119012160300269,0.9796684431261744,10.19482046458511,-31.770193818684572,-5.1078134010234129,,0.2792635351457691,0.2,0,1
-0.9939656373439455,-0.039059810003141404,-0.10250191716237651,0.080102131319702147,-0.89686488814341536,-0.43499082860853572,-0.074939711351761959,-0.44057655822571617,0.89458165418507063,34.320554535565371,0.84099036404520278,-0.31370332793191641,,0.5976594211205564,0.2222222222222222,0,1
0.778946722740956,-0.59843667313585225,-0.18739143891122004,0.6124749175882902,0.79016933173531501,0.022514495556935306,0.13459746823897359,-0.13231014863214124,0.9820272634263264,2.9416596833920168,11.06403619005329,0.32429854546993542,,0.1188375798266242,0.1428571428571428,0,1
-0.73760428583243254,-0.64490103600230253,-0.20010639990961038,0.67509702734639931,-0.69837612690334117,-0.23772839342313437,0.013561754668297496,-0.31044071758493019,0.95049599666472651,26.482870418977544,3.8194101532308378,-0.016288873079756957,,0.1258106645811608,0.4666666666666667,0,1
-0.1456682728196334,-0.98545660638307842,-0.087498749875017739,0.98443714921784065,-0.13559112573527496,-0.1117968955816382,0.098306935328061701,-0.10242228057306151,0.9898714173611729,19.246707292124992,17.77384521156398,1.7390653728270629,,0.186045119459317,0.6956521739130435,0,1
-0.84245993218122306,-0.50936492644109121,-0.17552388549958273,0.53865425158552571,-0.80276558742663506,-0.25577139967636436,-0.010623554868591709,-0.31002384320440773,0.95066942557690515,18.155266940746678,14.827849539965586,1.2959944959808676,,0.1723120999793208,0.2,0,1
-0.76703787804363344,0.64149145716717348,0.011899749066937826,-0.62718560660718614,-0.74576470940646478,-0.22466244249688697,-0.13524462470314963,-0.17978795450593271,0.97436398891968334,16.815994794492891,17.53692433580084,1.6679523228332132,,0.186285473075518,0.1818181818181818,0,1
-0.98864357466760999,0.13569610531036963,-0.064579015725277383,-0.11525296757168726,-0.96040878746270442,-0.25363697370520932,-0.096439803682754136,-0.24331364114659607,0.96514135560425385,8.5764029180232093,-26.864474485437306,-4.496212329935271,,0.1901107029911092,0.375,0,1
-0.98692855361108744,0.14578458261598301,-0.068694144864101608,-0.12813457958145219,-0.96835693879205798,-0.2141643495280178,-0.097742312140705181,-0.20256281634287701,0.97437915918426299,23.625320688783102,-34.588863118319217,-4.8607033770349073,,0.1763291564304382,0.2142857142857143,0,1
