axis_00,axis_01,axis_02,axis_10,axis_11,axis_12,axis_20,axis_21,axis_22,location_x,location_y,location_z,dbh,dbh_approximation,score,reconstructed,number_clusters
0.11719582902706671,0.9837533754450154,0.13599424237517324,-0.9931051178445276,0.11571722164958581,0.018754986662426459,0.0027134055475928655,-0.13725458431046828,0.99053208757520583,0.067623772056546794,5.72409499819838,-0.84196629603258533,,0.4230541736668754,0.2173913043478261,0,1
0.56096107774496551,-0.81665761006139315,-0.13562085821886147,0.82482532724846247,0.56533891952026227,0.0074219677397235886,0.070610543013586352,-0.11602695378435343,0.99073301005409653,4.3259519113258387,-29.552866893900127,-2.0865632600823956,0.4628443325259412,0.4682820234272604,0.9850746268656716,1,5
-0.73633402623808641,-0.59236942705778795,-0.32697196162857262,0.6725743509472093,-0.69355129102620527,-0.25812855162461917,-0.073864363883735115,-0.4099817905750347,0.90909789744831071,22.790113537169038,6.0253092243088089,-0.33820255973277658,,0.659928995265434,0.3793103448275862,0,1
-0.74569672328752601,0.66625674059672724,-0.0061929385329444076,-0.65812913461450195,-0.73798629612624023,-0.14913842194900864,-0.10393478267555101,-0.10713627928624071,0.98879693497243781,-3.7266865584822733,13.492964248268329,-0.69333098115784775,,0.2532925048176163,0.2142857142857143,0,3
0.79527309771645083,0.60586940788799681,0.021516520023684878,-0.60015791394626283,0.78176448811869492,0.16927717933669043,0.085739013151259202,-0.14753489655659069,0.98533358611278721,-9.1020809869784376,10.845793825976576,-1.1080277621090173,0.5554641297088942,0.3897989801659999,0.3918918918918919,1,5
0.010615735354335682,-0.97810078696617087,-0.20786090709665203,0.99994336970069642,0.010227781966858411,0.0029410657343009639,-0.00075070267202103508,-0.20788035744676492,0.97815397225247835,-2.8739470078034337,18.402847507885344,-0.40127586156575562,,0.1508217860723148,0.25,0,2
0.2248483059695735,0.95696703167939356,0.18345936765764784,-0.97428276808366732,0.21795978581058068,0.057154348781461292,0.014708063021358294,-0.191592359054678,0.98136437719841019,-18.907740006517276,-21.673208434244785,-2.7857249002602593,,0.3445313652052013,0.1333333333333333,0,1
0.96173315354581757,-0.22750486495397293,-0.15267900246297886,0.24601213076017606,0.96233954565931212,0.11567467475236491,0.12061249060380863,-0.14880905645323436,0.98148280261441334,1.9923167288622201,-28.948141649516408,-2.0155410233375468,,0.2419411404305696,0.5,0,5
-0.5735176939628297,-0.79289851393588584,-0.20588686531641984,0.81690147401314039,-0.57234206660757925,-0.071390059157587157,-0.061232642166710212,-0.20913274585685779,0.9759682669757529,-21.655448371427259,8.6516618264765555,-2.0602271012461149,0.4244630340380504,0.1616461099613051,0.4375,1,5
-0.95298268057567026,0.28455709643561639,-0.10416942637329771,-0.28072735384380521,-0.95848134758316195,-0.050056559400559301,-0.11408840136782344,-0.018459826740737317,0.99329908460142924,-16.365399844908801,8.5296977138501457,-1.6833678751475123,0.3240682604438813,0.2492881880315748,0.8014184397163121,1,5
-0.59418848998168272,0.79382284212928456,0.12955822508460099,-0.80128502158392423,-0.57021931633253131,-0.1810862928730663,-0.069873833146156139,-0.21141245610191739,0.9748961077193905,16.045832601462159,5.7812875506284565,-0.46099185936510928,,0.4947336921403425,0.74,0,3
-0.98781860477626549,0.11626051178045398,-0.10343064081025051,-0.10848280191734576,-0.99104112533852373,-0.077903591546951881,-0.11156113008585937,-0.065734171389767532,0.99158112777808904,-3.9397013165042352,17.706765087550306,-0.51473466165446957,0.2530128378996362,0.208335653939766,0.7647058823529411,1,5
0.71332582093315466,0.69678119922741477,0.075247814541337638,-0.69721763972802853,0.69465294876842643,0.17704475032998615,0.071090337192326145,-0.17875469552024664,0.98132202807607749,-8.0762077808854134,-27.130523891758564,-2.3557978910422737,,0.2711298968944336,0.1818181818181818,0,1
0.8093007696443032,-0.52204257038421298,-0.26926533189362234,0.58002258215918734,0.78263078596695823,0.22597092078878225,0.092768898012896214,-0.33905841320248281,0.93618017710165558,-9.7913336438582252,12.034363064318725,-1.1029517682518193,,0.2108146684699331,0.4137931034482759,0,5
-0.96060177899952737,0.26477936940351526,-0.084475485918805701,-0.25719189036118256,-0.96207565776963466,-0.090899726399833652,-0.10534018091584461,-0.065592028977613445,0.99227069493118425,1.8646680130187587,5.960462217366115,-0.75121346814485956,,0.1125806400202674,0.3058823529411765,0,5
0.83182632958535652,0.55498923432510883,-0.0072046645850596582,-0.53945855705940404,0.81146617730716752,0.22473786575002958,0.13057343766608673,-0.18305625602454031,0.97439262338460797,-2.2902248278479314,-28.200712494096408,-2.2330694533148869,,0.4445984083999286,0.6904761904761905,0,3
-0.14335358280685237,0.98778907331484345,-0.061012268735417305,-0.98926741110643213,-0.14478409074816143,-0.019686451915119512,-0.028279667947432988,0.057535325722828982,0.99794285741957767,6.7615831185523652,12.648801105633142,-0.20393761264528645,0.1303665441845853,0.223780402186757,0.5,1,5
0.98239749340562488,0.17837295055205796,-0.055482028276719567,-0.16573924087952255,0.96930399220312347,0.18160472111640491,0.086172321443867619,-0.169212473566344,0.98180520970635232,6.5050791263913794,-28.532177265453022,-1.9877381127665166,,0.6690325390024388,0.4,0,4
-0.65810181673386281,-0.73748227291774626,-0.15172968049680638,0.74997746627694728,-0.65989950794448637,-0.045458106993516885,-0.066601793432299813,-0.14370990413572146,0.98737615150706459,8.4310234741602219,7.4977559130015115,-0.63242351762530391,,0.07885758732738254,0.1818181818181818,0,5
0.72466203958235842,-0.6734063941726296,-0.14624895444328551,0.68366324981985271,0.72917992719868718,0.030019903668658206,0.086426206870918232,-0.12173932009804792,0.98879221715584453,-15.190954042104119,-25.393886121301204,-2.6952873945241693,,0.840234833179261,0.6956521739130435,0,1
-0.73207623127478705,-0.66873177721756805,-0.12985454070588912,0.67737794389837491,-0.73482049195746957,-0.034611641385416107,-0.072273873028326246,-0.11329896177289288,0.99092877268685164,-4.4901640857967466,8.1973862750331179,-0.94482842287018842,0.2294999602209549,0.1963419574769313,0.6909871244635193,1,5
0.20116420753244516,-0.9015208149358197,-0.3831359834905842,0.97946512483476511,0.19049335272205006,0.066032959960378418,0.013454770167476711,-0.38855180195974709,0.92132864188278252,-12.294684190557529,11.039988336048866,-1.2869822840124261,,0.5377111674609841,0.5085714285714286,0,3
-0.98952101918357849,-0.085804443532166541,-0.11612816223478314,0.096391024460844354,-0.9913708055259608,-0.088840848454957613,-0.10750313017434326,-0.099103599434849352,0.98925302808825188,-27.410298700887925,6.7235227837570744,-2.5696126175886183,,0.1063464773974956,0.2272727272727273,0,1
-0.65491124179069615,0.75542564867375395,-0.020575585095125984,-0.75326543637371057,-0.65474068353114534,-0.062496557456326471,-0.060683175105558013,-0.025430820966041857,0.99783306499840008,-11.699496542911913,18.095387793898734,-0.91461963939337276,,0.1167317338535991,0.1612903225806452,0,4
0.99399013538030045,-0.021875634657422881,-0.10726167710317935,0.050328131575790809,0.96145901226679598,0.2703028799384995,0.097214659073318985,-0.274076676022043,0.9567817335850255,-8.2572440290817521,16.511670195972076,-0.78862286561990114,,0.1115957462460009,0.8,0,3
0.83837306785258725,0.54258874285475334,-0.052230788111413164,-0.53825632642762766,0.83917543798965211,0.077876256558147644,0.08608557463405947,-0.037175803988260314,0.99559390990390761,-10.631632199590364,-24.64056573475008,-2.5073326169035091,,0.07375742150819323,0.4666666666666667,0,2
-0.89166371782251597,-0.41500987115463345,-0.18083866058766998,0.44491143237577191,-0.87714281927085747,-0.1807603162834979,-0.083604017010349335,-0.24163460316309407,0.96675906351786878,22.831366945091549,2.7289239148756597,-0.46863662523608213,,0.246398967497851,0.1052631578947368,0,2
-0.79232859189683702,0.60594512815151746,-0.071034527746856924,-0.60268037323707957,-0.79547300034012536,-0.063238227716276449,-0.094824944912150044,-0.0072943402252934036,0.99546723824698913,-9.493730643316237,9.1459152666997845,-1.1787423327173534,0.4500071332749445,0.4355980448006672,0.875,1,5
-0.41111357396373455,0.91114481711481987,0.028297553738222191,-0.90949722819487888,-0.4078754489866494,-0.080326894747479574,-0.061647556387892405,-0.058760023474653769,0.99636681921502235,16.751526389865369,9.6116455195062596,-0.15223469105343257,0.4256038203168518,0.3292767346825048,0.3666666666666666,1,5
-0.81590480844456548,-0.56391325304730233,-0.12767610032675564,0.57202310910360754,-0.8194372585916988,-0.03622349904640617,-0.08419564245542055,-0.10258860691778472,0.99115421177644658,5.5179628153892732,4.767129070387031,-0.83201409351726308,,0.08122199659499392,0.2162162162162162,0,4
-0.88274335255894343,0.4657914306030721,-0.061664549700291338,-0.45611915467397252,-0.88102629249239095,-0.12549099042007777,-0.11278071755622499,-0.082649955316713708,0.99017649670836339,-15.52184981999463,9.8052227739499589,-1.5836910089356468,,0.1741594313390622,0.3055555555555556,0,5
0.70792919449732883,0.70496539948034165,0.04312819395576447,-0.70302176252311344,0.69748325554693913,0.13884347176060821,0.067798650408828279,-0.12861140605392019,0.9893747769351996,-19.716419162154811,9.0544477933339724,-1.8920632344794233,,0.1605143693511487,0.2352941176470588,0,2
-0.61376820976917001,0.78882698188355405,-0.032257980861053442,-0.78557656294857148,-0.61428001435286161,-0.074360794189934978,-0.078473233797632755,-0.020299177794482915,0.99670953389551298,-6.0180106824660546,10.54580754748071,-0.91477845931724,0.601334530331879,0.2775483786068456,0.2545454545454545,1,4
-0.95441288463712248,-0.26663752030240312,-0.13416586155067081,0.28504842648313028,-0.94753849237423349,-0.14463125536569732,-0.088563198892879558,-0.17628170136503557,0.98034755141516539,-19.461290438492487,6.2366413389259403,-2.0063147867934839,,0.1260030776299765,0.3181818181818182,0,5
-0.94826594223945604,-0.26076075890727002,-0.18109535997043155,0.2987273968460169,-0.92598935399699611,-0.23088018247096714,-0.10748788379309508,-0.27303395924010876,0.955980549979628,31.305837548029206,4.1675595870841873,-0.25912111927540665,,0.1575242852676097,0.125,0,3
0.14314145148020074,0.98903719732866591,0.036275986112021562,-0.98962312390749541,0.14349728034192447,-0.0073893952419584368,-0.012513892108856853,-0.034841825938508868,0.99931448987271232,-10.348478705502925,-25.542083736066409,-2.4748775139577641,,0.3528758485252979,0.4102564102564102,0,3
0.99257602951150836,0.07785398869038368,-0.093442934907714562,-0.067459023177588076,0.99167640034483384,0.10966857886851224,0.10120328962585856,-0.10255083346375624,0.98956617804207214,-4.6563820509565632,20.392079745826464,-0.39206709239299048,0.2947814719587116,0.270243193781755,0.62,1,4
-0.9373674345784575,-0.32637937381334658,-0.12173248104351254,0.33378776798448184,-0.94153089405239154,-0.045883564474025473,-0.099639442670757444,-0.083642572259059814,0.99150184143558151,0.21999300156319715,14.033571368068715,-0.48084871357768783,,0.07581527292515958,0.35,0,5
-0.96263834582069951,-0.23601515939329135,-0.13275639228356112,0.25442597181601889,-0.95615680047879337,-0.14502274912451316,-0.092708360038682117,-0.1733811334451254,0.98048158705006894,36.255768659010727,7.2329396964390975,0.20012686718062336,,0.2861526609459533,0.1052631578947368,0,3
-0.67745569584959975,0.73472330470378822,-0.035148907324111286,-0.72686875804869655,-0.6760085377992644,-0.12113738231960415,-0.11276341930644015,-0.056516567019280935,0.99201325037454779,-13.052447528949184,8.3039882023149705,-1.4451032408659643,,0.08619032851596774,0.4166666666666667,0,2
0.12357343897872562,0.99224371921087418,-0.013490992014774725,-0.99229382834225044,0.12343235234027816,-0.010835710850040609,-0.0090864411543503665,0.014726034167994114,0.99985027904423351,-13.058652630118383,4.4497936532965472,-1.6321341311641375,0.1823467221824891,0.1566443421465091,0.2701149425287356,1,5
-0.78874129426311357,0.61423758585085153,0.02448180655639243,-0.60736556057095892,-0.77253575328097124,-0.18519067399554889,-0.094838001647396461,-0.16093693805562082,0.98239760556141831,-3.0680582813293964,14.393916382680448,-0.60658252785989009,,0.340608772511939,0.2340425531914894,0,4
-0.2621107541572677,-0.94293800292581331,-0.20534331056401062,0.96489060204885579,-0.25978554078185367,-0.038698822701434335,-0.016854632387136966,-0.20827720816008474,0.97792460135131876,7.1129300219204348,13.290316795667758,-0.15631848294672437,,0.1377510217052098,0.3548387096774194,0,4
-0.08436600758565399,0.99610862359934371,0.025494837812347435,-0.99610410757610146,-0.083651234058289378,-0.027911967156455858,-0.025670676541048543,-0.027750333899717813,0.99928521220639444,4.0186281388347966,10.389341550172441,-0.41660206375409248,0.4134563412540831,0.1694647077914371,0.169811320754717,1,3
-0.83328544219218492,0.55283370965247758,0.0032033267792141366,-0.54870585135272698,-0.82632822219622759,-0.12689979469369053,-0.067507484932069164,-0.1075014356829791,0.99191036934001475,3.4483808221944674,13.246861575871094,-0.30671360412528764,0.6917956440142682,0.6017421634678243,0.3333333333333333,1,4
-0.73887795542306278,0.67194295048986374,-0.050517702608207156,-0.6668938263881703,-0.73994045366020678,-0.087981528529985281,-0.096498659654834645,-0.031317667922504448,0.99484029490200909,-8.650479567044508,-25.427009208561248,-2.3331910273422491,,0.1793672462242465,0.3333333333333333,0,3
-0.91475385648262197,0.39651252963001943,-0.07748029360149461,-0.3903235350465874,-0.91685438905977978,-0.083818656935991664,-0.10427329494605156,-0.046431057582409375,0.99346426048090575,-11.081980104171747,6.2807828031788242,-1.3973876431810996,,0.07075989371921645,0.3064516129032258,0,1
-0.75282508341682008,0.65105677936283357,-0.096847632000750028,-0.64379804941905594,-0.75894767619073977,-0.097583279146045129,-0.13703454069203364,-0.011112823690270855,0.9905039322521404,-20.900650298120819,6.6729476978121021,-2.0811734131802053,,0.1155218325280897,0.1,0,3
0.81155634024277867,0.57685345089732853,0.092824580794049288,-0.58346796602032824,0.80848643903649409,0.07690780533984258,-0.030682881870007922,-0.11657518639030021,0.99270780528724489,-8.6218489996974981,-21.707737143617415,-2.351503605671724,,0.5975926830330898,0.2452830188679245,0,2
0.11065610031373081,0.99385829145877602,0.00096122942175530274,-0.99302058381874792,0.11052301382343274,0.041167748634815649,0.040808670348734075,-0.0055099831241997767,0.99915178652211811,-11.279691544889667,-28.670918311547982,-2.5003445883566355,,0.2860445954113103,0.375,0,3
0.35106101652047483,0.93631617392609812,-0.0082574284135288039,-0.93588976807172863,0.35115108819889318,0.028341758508955234,0.029436451862577505,-0.002221643789325268,0.99956418483287834,-2.1566378841944522,7.8855786659442986,-0.85757042415513907,,0.07172931267461646,0.169811320754717,0,5
0.34999109267468487,-0.91390840389090788,-0.20561533100902737,0.93471448722649841,0.35518569924176108,0.012326654981941609,0.061766191539407461,-0.19650584813616351,0.97855525609492411,-14.512721411421472,-28.679955175532928,-2.730889722268413,,0.3526787721313797,0.7878787878787878,0,4
-0.52851437089069109,0.83933865592924284,0.12721312992339515,-0.8487125060028784,-0.51906864089898108,-0.10126612557808359,-0.018964227280028417,-0.16148797694619324,0.98669245025260788,-22.219203383934353,6.5081392480695257,-2.2111988523895811,,0.2572574725409943,0.1707317073170732,0,3
-0.31898934454456279,-0.89069050332377342,-0.32390774204373751,0.94604579158396973,-0.31977595053089064,-0.052351711417338562,-0.05694873390418051,-0.32313119433274706,0.9446391231342276,-12.651611974217886,19.084180982597218,-0.96263329293358546,,0.4158322831002072,0.4878048780487805,0,4
-0.24921257464207613,0.96497331886904691,-0.081973084064977136,-0.96773110065924062,-0.25139229467203045,-0.017275155466307788,-0.037277465808739661,0.07502271689553211,0.99648481297633973,8.7861938304997675,5.42714072359996,-0.68763722840881647,,0.07431303925886949,0.2553191489361702,0,5
0.83591475644193269,-0.52881082080721364,-0.14698855656079263,0.54243307642410421,0.83681227493327481,0.074239976576498487,0.083742925454668785,-0.14178974687260773,0.98634820936528067,2.6479688520091278,-35.690681730138408,-2.3581889396661717,,0.3165874517651234,0.2222222222222222,0,3
0.31960305037000941,-0.91861883584996762,-0.23236463718870001,0.94645782768915332,0.32126548099509117,0.03171862429114064,0.045513411211587425,-0.23006069882238395,0.97211141555751845,-4.2101102579197791,16.815679678052181,-0.57841883703944064,,0.09478742520535641,0.1818181818181818,0,4
-0.90504788989928764,-0.39020877352975825,-0.16919051406402549,0.40995131750350478,-0.90630649126842389,-0.10270570170082781,-0.11326179526207465,-0.16231345275460235,0.98021737833446509,-11.858441036775686,12.293586309405359,-1.1712257935196633,0.5010004929083418,0.237808632665881,0.5660377358490566,1,5
0.87490731306235914,-0.45555821259564427,-0.16432865996734258,0.4758021241416408,0.87182658038971006,0.11632176231593264,0.090274759552730247,-0.17995868598832221,0.97952301612828419,3.4109170461234508,5.2630037829261083,-0.73934235911630986,0.3904277627117026,0.3825249274671912,0.5559701492537313,1,5
0.67171142290177255,0.7405581908726806,-0.019424990982206406,-0.73860127554940469,0.6715004464676787,0.05962638803835997,0.057200700171142538,-0.025704402834746686,0.99803174477310119,-6.4780768161533313,-25.885899428725878,-2.2715701237499433,,0.1898742816753571,0.3157894736842105,0,5
0.6805517686258663,-0.66061772882054759,-0.3169124588718259,0.71998709653170034,0.6831757063307069,0.12202268275772092,0.13589654538676499,-0.3112156336810879,0.94057267571646042,12.047890335422684,-33.389344479808386,-1.7957227242803551,,0.3556898567464524,0.1111111111111111,0,3
-0.54173376816050722,0.84046643421578915,0.011861593114482956,-0.83811678057510663,-0.5390386866212864,-0.083651398338676505,-0.063912334905205093,-0.055258187467509177,0.99642448091401781,-8.1889438608926088,9.2621188217872046,-1.0837540396633456,0.4897566952569107,0.2390217868125208,0.2112676056338028,1,5
0.67971491349339341,0.72184678609138464,0.1300955563584188,-0.73040378947275397,0.64991746340656331,0.21004188887700048,0.067066688441497477,-0.2377908916857748,0.96899822039711436,-22.606520467290462,-24.928886574145881,-3.1680816895858217,,0.7368674027805344,0.3333333333333333,0,1
0.47930428792707103,-0.83424376167151271,-0.2725889683880981,0.87504136707123881,0.4781697705710039,0.075208220469378945,0.067601815721328354,-0.27457424610519804,0.95918662307547942,0.30907108247435966,-11.510082643870895,-1.4610195997565554,,0.1896034942396821,0.2051282051282051,0,3
0.98478423189740416,0.1444779032164335,-0.096572004682637158,-0.13862189087021526,0.98821947736667759,0.064855500342665434,0.10480452269728899,-0.050481680195039152,0.9932107590974234,5.096583994128542,16.064626039406456,-0.10689570730897263,0.2059989625734604,0.1760486651468789,0.4347826086956522,1,5
-0.34422411728172797,0.93112087164903812,0.1205142292891198,-0.93530851960088912,-0.32887839524632628,-0.13052576106728594,-0.081900734084671856,-0.15764810027316103,0.98409315932824948,4.0083153288694806,15.179606227636469,-0.20149660977919276,,0.2958868469475346,0.2380952380952381,0,3
0.091183383967807244,0.99121383744019032,0.095816068356361375,-0.99583312811089453,0.090895900063569499,0.0073699598712504361,-0.0014040815680415946,-0.096088832955370226,0.99537177212146466,5.4792892302847385,13.292190994027212,-0.22493677796938216,,0.2906612402587936,0.36,0,4
-0.74130467992236593,-0.64643863901950682,-0.18051165477000827,0.66700007388347315,-0.73948483225952022,-0.090956496730857386,-0.074687836791810347,-0.18782776376435154,0.97935818687273091,6.5128862885320409,7.3836476464334231,-0.60075853821222802,0.5307437548339231,0.4843080406293909,0.7551020408163265,1,5
-0.91490885132031186,0.39635595181395156,-0.076444445431978175,-0.38731308479111926,-0.91531955729391001,-0.11035706767065873,-0.1137117765463774,-0.071358724042234478,0.99094781112717012,-2.7411390845154373,9.090814102984524,-0.83150894473320303,0.5291930553587253,0.465971321342484,0.7602739726027398,1,5
-0.55359300369453435,0.83218970165292783,0.031544995217545134,-0.82910725415534781,-0.54719404473849731,-0.11471633933186542,-0.078204522678956015,-0.089660347230731269,0.99289731330436293,-13.045887418782508,16.506857017314314,-1.1039001265766168,0.6780411797356591,0.6190298631140925,0.5,1,5
0.9864299486952709,0.11171112286492955,-0.12031866582247577,-0.10362505920093085,0.99204280196918426,0.071504728282341515,0.12734913985829499,-0.058066376582188398,0.99015680197025668,5.235003134071631,-27.679430832340202,-1.9615450812097666,,0.1259495471289216,0.3333333333333333,0,5
0.94227618303512739,0.3335977581137623,-0.028777259532873807,-0.31969725673851884,0.92189375010290753,0.21887342816126201,0.099545260653716341,-0.19703920752649501,0.97532881213399725,5.7981242575520433,-25.660387711075376,-1.8835609364845933,,0.1111697372088647,0.3181818181818182,0,4
-0.52825990043794357,-0.78566785413734586,-0.32197437873922791,0.84728614442698924,-0.51242684031952057,-0.13973160981753213,-0.055205679520685939,-0.34661903625647877,0.93638003858117802,17.885983196600016,7.1947048132363003,-0.36026296155621279,,0.3954861876650878,0.3888888888888889,0,3
0.98487366169502621,0.15267439198466431,-0.081941445749662056,-0.13541227527716646,0.97321924340357946,0.18576280567763276,0.10810821524607943,-0.17185701702600956,0.97917198667814742,-14.35362382106398,-24.605235188163604,-2.630917734468019,0.3592170304767365,0.2550783661031513,0.32,1,2
0.42729330189004439,0.90410349958850522,0.0041588690435474954,-0.90329830549327261,0.42670847958144009,0.044407710437245486,0.038374541728676173,-0.022731816581912447,0.99900483435366838,-27.696387521019425,12.132024072643306,-2.415522175716029,,0.330624630204096,0.3846153846153846,0,2
-0.95317076701357384,0.29305813873653436,-0.074715568866414048,-0.28170080904229156,-0.95020426233494759,-0.13325357040400401,-0.11004609532224217,-0.1059659717115579,0.98826164032787978,-10.775091708862483,10.862389351880717,-1.1975244137305201,,0.1130413549357679,0.2380952380952381,0,5
-0.9723402166296381,0.22237846943807132,-0.07143052187271641,-0.19695344102871953,-0.94502106313793144,-0.26104507712768749,-0.12555415242665013,-0.23975613976712765,0.96268019001763561,18.997750569769256,9.4733252260128662,-0.23166335370175953,0.5472157646908636,0.4133554625172368,0.4,1,3
0.95333735864907565,-0.26369892009777374,-0.14700598675997054,0.28203118155706741,0.95162146294105399,0.1219631251627039,0.10773250778446172,-0.15773227573707579,0.98158760992449101,13.193489348078039,-30.716030150349859,-1.6885293676359843,,0.2113919420321028,0.3,0,4
0.29377714816546741,-0.91530930207572403,-0.27550656752501568,0.95490666235032529,0.29398857319901894,0.041520898682071684,0.042991317899394629,-0.27528094805499354,0.96040207529097787,18.418518778446209,11.522594990913868,-0.042322968744739078,,0.250870416812736,0.1111111111111111,0,2
0.92627094259655085,-0.32044046713670782,-0.19834325781962869,0.34803973503808355,0.92922786444380479,0.12411252465333408,0.14453540651313015,-0.18399316009681543,0.97224278516308349,16.954966882990661,10.873344172010501,-0.061055994936078661,,0.2640733574128825,0.2142857142857143,0,4
0.89501285782898765,-0.4236354008058551,-0.13958879433840518,0.43409022434802508,0.89923652858527436,0.054215706058159965,0.10255565048435035,-0.10911788506915883,0.98872424149090443,18.579591576350417,-29.746342606405662,-1.3859475277298823,,0.1579105528653749,0.3076923076923077,0,1
-0.8968138859714021,-0.39295881235934704,-0.20324425137750626,0.43232585902229187,-0.87593958977689368,-0.21406584660361697,-0.093910625328069292,-0.279844969314471,0.95544104349764691,-18.285046630801176,5.0883241897897813,-1.964603552735126,,0.7482399360544864,0.2769230769230769,0,1
-0.93826406547432439,0.34576824210538365,-0.010240419471204234,-0.33683600215878318,-0.91996445126423354,-0.20051662290141087,-0.078753102093070945,-0.18468819984355028,0.9796367784792831,-17.622749238840143,11.920053629858483,-1.6413354345952533,,0.4961869813471434,0.4857142857142857,0,3
-0.40815966846743001,0.90989040106256314,0.074196651479473172,-0.90965585924478087,-0.39850216032109254,-0.1171419905971474,-0.077018846902544194,-0.1153060548003921,0.99033964423735554,3.7978655104605603,6.8316650789952043,-0.62915449125575418,,0.3895892735995807,0.4133333333333333,0,2
-0.75512951925416927,-0.59282480286560302,-0.27988955367845592,0.64746498765563076,-0.7413510149378455,-0.17660057307585306,-0.10280320477037878,-0.31457499226414137,0.94364933917793536,-4.6505785398405282,-32.616486111663022,-2.503957859171464,,0.2711136594099822,0.4230769230769231,0,2
-0.88787599578245291,0.45261801127211126,-0.082541819615250256,-0.44820384193566226,-0.8914223979024829,-0.066928503583296078,-0.10387267295795044,-0.022428651093332894,0.99433768078188811,6.7410356433407559,10.100716863142347,-0.37430023923522909,0.80264764753197,0.8149722874636192,0.8869565217391304,1,2
0.9282189539197413,-0.31258959931072666,-0.20173575782914699,0.35678967536711254,0.90158153354062531,0.24464641000833146,0.10540731063627047,-0.29906267032395339,0.9483938095976453,-17.624838921810387,-27.702195904434337,-2.8810612529299271,,0.2897539275647155,0.391304347826087,0,1
-0.97314477112056752,0.21412769370635862,-0.084490148707954904,-0.20114283405949912,-0.96947036297271172,-0.14024541213198186,-0.1119411217882386,-0.11948450152866069,0.98650526564597529,-19.015560409492142,11.017029880303717,-1.7960849935112613,,0.3103723561704837,0.1,0,4
-0.99340768394037204,0.00054816748921388491,-0.1146336468957944,0.038211589993201379,-0.9412150146369177,-0.3356399419202345,-0.10807889654515072,-0.33780763125546859,0.93498928142901827,1.5852406290697836,-31.239651761104092,-2.1416510690016906,,0.3574702732226913,0.32,0,2
-0.99304115239560464,0.064382517306094497,-0.098611161204702549,-0.04380005824398301,-0.979178411263534,-0.19822006410362414,-0.10931982686883965,-0.19252150628112069,0.97518441592993854,-0.41069063294192742,7.4710667620311995,-0.76253597037673948,,0.07079785605992127,0.3225806451612903,0,1
0.87946652856619278,-0.44848039201380147,-0.15938620740477019,0.46508467385444391,0.880931595351789,0.087497259709415728,0.10116754063154322,-0.15107899354343884,0.98333120891816816,15.835241516631614,-31.598420299969078,-1.5582096321098375,,0.1656410714955315,0.5,0,1
-0.62836472722890591,0.77307340361149546,0.086690727318899763,-0.77499289072376143,-0.61244570212894256,-0.15587264439732226,-0.067407632373269952,-0.16512956904299117,0.98396566836729915,14.840065454302229,-32.833714091254734,-1.6445490623448162,,0.5992216694456769,0.2903225806451613,0,2
-0.99333539585701414,-0.024376234342567117,-0.11265252121841189,0.038867985082588229,-0.99097413465993456,-0.12829475503937426,-0.10850839171791367,-0.13181829779764867,0.98531713944928501,6.7541408615224166,-30.354668891121342,-2.0093252818452774,,0.1299543641753589,0.1666666666666667,0,1
0.89651428748468454,0.43655491949455449,-0.075378608377518599,-0.4333852355152884,0.89952177177059622,0.055116419949457013,0.091866043635210726,-0.016744682015188521,0.99563057689638268,22.216825421166003,-29.775068146621461,-1.1235554798280887,0.2404918157062569,0.3342345129668385,0.7391304347826086,1,4
-0.98039452305180352,0.17252174771442669,-0.095198874655036139,-0.16277182245672039,-0.98136068603656645,-0.10215937409732249,-0.11104914670605744,-0.084660796519986189,0.99020232101750671,18.287883248360952,-32.476927210279285,-1.4406225231199874,,0.3933115672611553,0.24,0,3
0.22274366595183281,-0.87617193455546738,-0.4274435639656628,0.974271205372789,0.21552217721287947,0.065922754120810043,0.034363900532257859,-0.43112983221617779,0.90163528663948123,-18.200876480017932,-24.603984730845134,-2.8478729388134125,,0.7024037060824025,0.6428571428571429,0,1
0.72093970928808804,0.6929938444468513,-0.0023381895521771834,-0.68796731275634915,0.71610812848810268,0.11785637399850829,0.083348138254052143,-0.083358742025306326,0.99302789889184062,19.703444425166552,-27.720119032990478,-1.3283167866629861,,0.3235938773476869,0.6206896551724138,0,4
0.5895834608668441,-0.75695052121885398,-0.28181066533894694,0.80475255777801735,0.5803293128975654,0.12486476421144062,0.069026541431637556,-0.30040605356474603,0.95131043280290029,20.289264605275353,-29.53775103589712,-1.254180437571661,,0.2162942373899545,0.4117647058823529,0,4
-0.91826157726404689,0.39544453431570686,-0.020476718496353824,-0.39314868840425449,-0.9166558464308725,-0.071945590623159666,-0.047220594305445798,-0.058014476503151356,0.9971983433547742,-1.3776397604197701,6.051551600531349,-0.86813653432699278,,0.4075524453860386,0.3305084745762712,0,2
0.66886328876480083,0.74011927840360314,0.069608581928269672,-0.74049577986701565,0.65508784694523736,0.15008635109094215,0.065482065803356623,-0.15193211154980718,0.98621941399373303,-1.1474598955889459,17.79687543122067,-0.32110589166289294,,0.188689226166194,0.3636363636363636,0,3
-0.69270712169502136,-0.69173814408459178,-0.20409601556964382,0.71599452864390645,-0.69357915344142274,-0.0793712344837227,-0.086652631264087704,-0.20111264985048666,0.9757279454669352,19.079188224203055,5.0822845790328266,-0.4470619330208937,,0.1410685877455677,0.3666666666666666,1,7
-0.65779719468698183,-0.68772558126986127,-0.30714227245523723,0.75070338321433994,-0.63177523934379576,-0.19314367031469723,-0.061215039757235266,-0.35762210756484236,0.93185790069537933,-14.057263710563962,12.313579147618873,-1.3523507297305521,,0.1509396461154346,0.2222222222222222,0,3
-0.41376163937303428,0.90809482407420772,-0.064537557073178584,-0.9083797520444955,-0.41651432946224071,-0.036905818351605266,-0.060394799932781691,0.043354398188127842,0.99723260290607496,4.0722870802772224,-32.21012765388604,-2.1823356193384305,,0.0745386709115279,0.2307692307692308,0,3
0.55205156139180844,0.83325443197086846,0.030432304641152208,-0.83215048080879195,0.54828420308286818,0.083126469547797885,0.052579947266644791,-0.071214354246104825,0.99607422659897571,-13.506015480732771,-28.40397572644984,-2.665439784123611,,0.2122946537390276,0.5,0,2
0.64202858391558071,0.76591647696859821,0.034223496948216754,-0.76412151446553545,0.63560342138960024,0.1101208511079098,0.062590802569150783,-0.09685164441476779,0.99332882290201607,-7.2073517611843156,-0.53105299046073884,-1.489430820188911,,0.328859169247847,0.1607142857142857,0,1
0.40832044872889645,-0.88453319665267782,-0.22555583603451287,0.91123610154665835,0.40959960163184439,0.04332359150719544,0.054066425699139727,-0.22322452903395235,0.97326647494388185,10.852258655726118,-29.447963484558784,-1.7796231636792994,,0.6698417728888486,0.1818181818181818,0,1
0.34132567606640762,0.92587939525789487,0.16200039597076554,-0.93953292558122181,0.33096701600349981,0.08796997252773095,0.027832797318999517,-0.18223111631830091,0.9828617174550982,4.6789356727825941,7.6291364290242099,-0.54193179381367507,,0.3688469784490556,0.1666666666666667,0,1
0.85259974612981237,0.52250522545182521,-0.0078716119643918621,-0.51506419287917471,0.84281010027682468,0.15614100065355715,0.08821876281780977,-0.12907139205458007,0.98770340975415749,-3.1087882788434533,-28.806459366865734,-2.2873772861388386,,0.3011574545028947,0.2,0,1
-0.93621527004809446,-0.2918250844664978,-0.19580369813896467,0.33713490747117875,-0.90309497033492803,-0.26600663284992521,-0.09920192686219946,-0.31505173326277164,0.94387572438057221,0.59635853901001323,21.84939849595424,-0.043159931832112378,,0.3063782341196417,0.2307692307692308,0,1
-0.15378842133719697,0.9847522236531342,0.081315308969584124,-0.98810353074954882,-0.1532058802720874,-0.013392937330129783,-0.00073074132681045752,-0.082407622585905213,0.99659843957175209,13.181118190740522,12.291315492049428,-0.17731023788114383,,0.3712444356988617,0.1935483870967742,1,3
-0.31335039459867176,0.94961598353785626,0.0064042184758511108,-0.94857315032060341,-0.3126728362584148,-0.049443664477508364,-0.044950068917661956,-0.021568061469411075,0.99875638172116299,14.455891441672,12.36657301975124,-0.051311547281312007,,0.07390302807471361,0.2777777777777778,0,2
0.90482170911405824,0.41552386292827737,-0.092938657474044284,-0.41496120325570934,0.90946119765477895,0.026220788563843484,0.09541946608784542,0.014840798411744436,0.99532651737709332,14.591737000576423,9.1669692927166917,-0.17140750787597125,,0.1151487054902159,0.2857142857142857,0,3
0.26539593040816645,0.96413460651869509,0.0030758146603705344,-0.96393083698302406,0.26527076764405666,0.021650897134758252,0.020058455473709561,-0.0087109325892263008,0.99976086041484724,-9.1583696287533751,13.10863741657729,-1.0063437119081189,,0.3694991438072767,0.2285714285714286,0,2
-0.96539960006691161,-0.22169952936825721,-0.13730597535628011,0.23939977198167681,-0.96223878043094924,-0.12955415319424921,-0.10339903948184088,-0.15794254687275092,0.98201975057611768,-1.4547709296027136,13.702760907939755,-0.57084380565269144,,0.1554727158941745,0.1481481481481481,0,1
-0.097460964725539737,0.99523408014148695,-0.0032382216871365173,-0.99479576173138695,-0.097514143841260642,-0.029536150598468969,-0.029711156087177022,0.00034274747830446707,0.99955846738854115,9.747723720450967,-30.182355408800088,-1.8369574316631461,,0.4160914886225686,0.16,0,2
0.69232464277447348,-0.70268359544655867,-0.16408032696668723,0.71572258309876458,0.69763938613857113,0.032256331946297782,0.091802903274513487,-0.13976784894422273,0.98591945682792759,-6.8371004609294621,-28.217854919634373,-2.3741219611462099,,0.1574609249727285,0.3333333333333333,0,2
-0.79372166352739082,-0.53170791647741822,-0.295453232174828,0.60288173735993145,-0.75221919327268649,-0.26589452049648932,-0.080867370460406429,-0.38916959905345916,0.91760966187556448,18.847739295813231,8.463896602686928,-0.2858241759666631,,0.7253275660143256,0.3513513513513514,1,1
-0.34394106502660177,-0.91348541492790603,-0.21736821410307197,0.93856980694481507,-0.34138320444297887,-0.050440313399271249,-0.028129366859927327,-0.22136373785748034,0.97478553245410093,21.677727732300397,-30.884778883868176,-1.1782039896795335,,0.1155058421965693,0.4166666666666667,0,1
0.54720866777843147,-0.79677358851833346,-0.25634843972174276,0.83699109737317212,0.51983722196680382,0.17092444405610652,-0.0029286218956096643,-0.30809269919531301,0.95135183390601574,2.4228001378606074,-27.771530353659855,-1.9389624359468394,,0.3178896509812538,0.1111111111111111,0,2
0.96953353866492209,-0.20167380699914059,-0.13904097588245795,0.21960075857128597,0.96708205319083929,0.12856052750010522,0.10853674142330155,-0.15517724693608576,0.98190620621042379,22.510217540621472,-27.609739907876829,-1.1357557956969691,,0.1370009657273804,0.4210526315789473,0,1
-0.99266563290696308,0.075629671718477981,-0.094313805994523547,-0.056167966713914427,-0.97935919676923255,-0.19416674076356868,-0.10705186014564141,-0.18744523589378728,0.97642418178785362,-10.795074853705321,4.1717396832855274,-1.479253812643949,0.2664851447309922,0.1549647767856999,0.2166666666666667,1,2
-0.98696823500185615,0.14656165235562341,-0.066433313601768088,-0.11799526908261121,-0.93987201764210793,-0.3204960326236127,-0.10941124060828314,-0.30848058692913416,0.94491740798675838,-7.189115089191259,8.254145348679959,-1.0665482679650824,,0.1024446029898118,0.5106382978723404,0,1
0.29764271852021568,0.95389501269077215,-0.038640870533231529,-0.95440283764714784,0.2982838427275149,0.01191522802039314,0.022891823932715067,0.033332475626294204,0.99918212076960966,1.7733333549973735,9.8090634821305205,-0.52762437253419525,,0.2467397747132196,0.1666666666666667,0,1
-0.98738354157103592,0.13592486268688217,-0.081229142173180821,-0.11445897138005801,-0.96713461017457136,-0.22704578761364216,-0.10942068225549338,-0.21488386981351643,0.97049061653820745,-18.128611508874496,8.7471850883999629,-1.815983582162598,,0.09519525189483248,0.5,0,1
-0.55230461362267524,0.8284173401027104,0.093189722546309708,-0.83077934465614323,-0.53770135646432782,-0.14381561719483521,-0.069031110840089865,-0.15685012551341085,0.98520695483873377,16.421227425481415,-29.690823828445563,-1.4995084222724009,,0.5329979703085497,0.103448275862069,0,1
-0.75634553439367835,-0.63153817966006354,-0.17059003556595465,0.6497084024108678,-0.75560578788272448,-0.083299970917427635,-0.076291706229826714,-0.17383734049328931,0.9818147251955236,14.187386208263476,10.133378052043925,-0.13589112786805635,,0.2054792812650336,0.2777777777777778,0,1
-0.6504509854913062,0.74825542888313357,0.13048880649429803,-0.75542635120883761,-0.61942922740137807,-0.21363159911453514,-0.0790224232271452,-0.23753156713971665,0.96816021981873435,7.712904602023321,-26.881146185256945,-1.919884910021789,,0.7228699389321604,0.2790697674418605,0,1
-0.98042372900606645,0.16903047381553085,-0.10098519952714834,-0.16386881928823116,-0.98480782183527538,-0.05745053626505886,-0.10916190574977082,-0.039777543586286983,0.99322778120596311,-6.8252370337684649,10.262890732087429,-0.96745159920722212,,0.09949402780464917,0.1842105263157895,0,1
0.96457001313384727,0.25728669407063093,-0.058380191993299344,-0.24277405756758719,0.95221490995897629,0.18533084531180433,0.10327364976187692,-0.16459137980472613,0.9809404828830528,14.450058918179856,-29.39032739661716,-1.6150279731516997,,0.4513917291002457,0.1923076923076923,0,1
0.76864028659667238,0.63726687202705445,0.055525162200937526,-0.6349336638129438,0.74950025159104716,0.18737293140160341,0.07779043885760327,-0.17927717836303619,0.98071827806997192,-3.7755598798453609,-34.170994731863921,-2.505492695932706,,0.4889348896906179,0.375,0,1
-0.039047192691903466,0.97288935715855529,0.22795090583389757,-0.99913247685279627,-0.034708304248465195,-0.023013633224514232,-0.01447792944028427,-0.22865177091771899,0.97340061496555119,23.982276237681695,7.0079886768969786,-0.21950229386694123,,0.3131061907039928,0.1,0,1
-0.79182749286576348,-0.55186697378072913,-0.26163345503207325,0.60539852745669076,-0.76578720335474548,-0.2169391207951869,-0.080634015745159104,-0.33017086853357924,0.94047081457990611,4.1958820100161036,25.759661733628686,0.34081880482396842,,0.3359824564212268,0.2352941176470588,0,1
0.011647062322572257,0.99444643390040477,0.10459749539076396,-0.99989231453001359,0.012516653860568704,-0.007661117408429602,-0.0089277815309937465,-0.10449700224839695,0.99448512871637862,7.744284285821581,3.0365746054937843,-0.85708189249417432,,0.2912364495271946,0.2894736842105263,0,1
0.96393715596080731,-0.23551174422842594,-0.12393295642674865,0.24315796380972762,0.96867266421542519,0.05047250972259279,0.1081635982856388,-0.078787612809848209,0.99100612918065678,-14.800287309228938,10.350251931215688,-1.5232782157957097,,0.2288670805762633,0.2857142857142857,0,1
-0.84771423663613765,-0.51660233013021617,-0.12042676408689158,0.52316989687497695,-0.85173551968664596,-0.028980398685027588,-0.087600411004941925,-0.087570754297015441,0.99229911366664791,16.056226978414518,15.993361517778922,0.1307041112952938,,0.07606397582574922,0.4,0,1
-0.98885935149936921,0.1227645741335634,-0.084178633215622314,-0.10089196757097091,-0.96857168159847684,-0.22735370787641745,-0.10944402145345179,-0.21632789219909213,0.97016712437847163,31.060761489349218,15.065113432316734,0.60970006059867499,,0.188311368428452,0.2941176470588235,0,1
0.95580858335108954,-0.22721330650276236,-0.18655847699974473,0.27359793986393205,0.91968655485991635,0.28163950026959955,0.10758308089376691,-0.32023546673967773,0.94120939569652906,-16.305746026748277,6.1644118587913068,-1.7549466413779562,,0.6095464702328784,0.2777777777777778,0,1
