axis_00,axis_01,axis_02,axis_10,axis_11,axis_12,axis_20,axis_21,axis_22,location_x,location_y,location_z,dbh,dbh_approximation,score,reconstructed,number_clusters
-0.72092658607922833,-0.69071808419260605,-0.056332811517304099,0.69067579330220374,-0.72278727916078911,0.023355890685519159,-0.056848975632983544,-0.022069826746906586,0.99813882637478912,-15.629942309541432,14.52088390209834,-2.5482439256867098,0.2758438833904739,0.2109897271432283,0.6804123711340206,1,4
0.83944365390799469,-0.54083729004351422,-0.053191894231950573,0.54266352626883896,0.82895595974058223,0.1354559488100823,-0.029165890541251741,-0.14257293750553915,0.98935449072613901,-3.1295642151008187,1.323092091723908,-1.4389537102234489,0.4375553478301307,0.3905889413389264,0.799265043638034,1,5
-0.43273045962570883,0.89480975787580896,0.10981733252251311,-0.89913329282211862,-0.43723339664742694,0.019653971481840279,0.065602370772541885,-0.090235547687101431,0.9937574527431895,14.378352752539762,-9.8973520107407413,0.45616549315841753,,0.2706025629472041,0.2105263157894737,1,5
-0.21199881967793921,0.97659535798596298,0.036304369095598102,-0.97516871391854343,-0.21383172965664138,0.057636540375899332,0.06405060381927867,-0.023184006390567981,0.99767731356289147,-4.0259570186663698,11.917335479269182,-2.0898242500786064,,0.1077174783084024,0.4691358024691358,1,5
-0.95578739406327784,-0.29381310310638192,-0.012013234066069493,0.29369966587318797,-0.95180591687082716,-0.088351586718409772,0.014524586593269466,-0.087973615662205643,0.99601690715148627,-1.9512750221094057,9.9511939373153666,-1.9047300049612128,0.526615226608575,0.367449196957526,0.1142857142857143,1,5
-0.94084883626200655,0.33693306780036031,0.035771149367423823,-0.33851656868504554,-0.93925011394923585,-0.056707637687093554,0.014491377785824183,-0.065462441666850085,0.99774980265639912,12.129573085625369,-0.55900913873849323,-0.37914355079300899,,0.08206005882522091,0.3333333333333333,0,1
-0.98201468619658172,0.18877042492699392,0.0035892571810815454,-0.18869289237179573,-0.9819102860363903,0.015722040080743127,0.0064921847320950398,0.014762006937296521,0.99986995888894881,11.473685495412836,-12.969916582890571,0.60911961079817423,,0.1074032042898799,0.2222222222222222,0,4
-0.99899640879761964,0.044384501697090906,-0.0060159137760373536,-0.044494182700627251,-0.99881885287967309,0.019523494511428416,-0.0051422675215290203,0.019771574070759249,0.99979129919373788,1.9552500406503326,15.780619152754324,-2.0911205451895403,0.2476292864418916,0.2382829624415972,0.8928571428571429,1,5
0.94592804033524247,0.32279151803379802,0.032027775335854825,-0.32310183456139435,0.92886208249662683,0.18116411400465168,0.028728853276613397,-0.18171644830742559,0.98293122109532427,-15.023219201296602,-18.862785400633065,0.41511300368480086,,0.1224967256087415,0.44,0,2
0.99916745583537081,0.0067558988111006291,-0.040233730012565687,0.001833517677112204,0.97776069534886079,0.20971566666283564,0.040755777656641227,-0.20961483836351874,0.97693427932765076,3.7826071668245063,7.7817073149563436,-1.5425976572718556,,0.2543932292818357,0.3265306122448979,0,4
0.99972979221575797,0.022403926260975794,0.0061973094428516432,-0.023120235442194204,0.98597762522163523,0.16526819801583822,-0.0024077519255952863,-0.16536682451567356,0.98622919044219515,0.63152901214539447,21.218772767548398,-2.4236070720429042,,0.2263070025285543,0.75,0,5
-0.69902235014354042,0.71457312587330635,0.027440877891437263,-0.71396573275171515,-0.69956002288217156,0.029473833164366501,0.040257750261370413,0.0010110216351837445,0.99918881668038384,-6.2691396201951033,7.4483344688035951,-1.9145666405193009,0.120816888712259,0.09673460956017746,0.3766233766233766,1,5
-0.85845170731660669,-0.48092030564654814,-0.17825915354346861,0.49681832031299911,-0.86604023734517566,-0.056088001394967321,-0.12740574086976394,-0.13671125380136903,0.98238373880957763,21.763650819836052,20.468672506197091,-1.6897471091784224,,0.4137571695250059,0.3636363636363636,0,2
-0.55667088383969798,-0.82777447560702766,-0.070049586855580603,0.82878278102820646,-0.55916073429218904,0.021409696330614618,-0.056891378576011224,-0.046137736824942273,0.99731373212464636,-16.287350686626283,12.660211491627999,-2.4737626770858259,0.7281186292030675,0.7661983567305133,0.73828125,1,4
-0.46821579716335693,0.87993829895517939,0.080514329895675446,-0.88214690130240236,-0.47074263792025006,0.014772046793038701,0.050900017772624234,-0.064108960962972375,0.99664398323322889,-2.3066621534023199,-16.988541841077115,0.59878184978239779,,0.3812143912520412,0.3333333333333333,0,5
0.037218183127124507,0.98541757184351608,0.16603317724702951,-0.99666638892556747,0.024532985793024948,0.077809008438274041,0.07260107458422356,-0.16837559713363137,0.98304564607097877,6.2558308507439646,3.5924410990100073,-1.096672932875207,,0.1044835054259802,0.2307692307692308,0,4
-0.68478607846496919,-0.72801470821282999,-0.032597720263200389,0.72678565481732116,-0.6855393722530313,0.042642479321425494,-0.053391372826773524,0.0055094207235005487,0.99855846478359234,-13.746543719881522,6.4359194238943465,-2.0983294043778327,0.2846879038825607,0.3046617234612162,0.7880184331797235,1,5
-0.6316374049328255,-0.7652626708450897,-0.12412587683785035,0.77437437364679207,-0.63044133450921302,-0.053740610169406733,-0.037128400569695623,-0.13006447767658003,0.99081012990272477,0.031573624418180457,-13.649615628420989,0.355308788972581,,0.2256568272168307,0.1578947368421053,0,5
-0.73157732130309017,0.6805898968721944,0.03990006554495841,-0.68090007768565997,-0.73233976448393678,0.0073180300132410373,0.03420098189610779,-0.021814252934922618,0.99917687683724654,-2.0080430276171031,19.553769374462966,-2.3893332641797924,0.3237523261200809,0.2119146949475748,0.4807692307692308,1,5
-0.2722922897611223,-0.9015757520341251,-0.3361816061011455,0.96002826173674916,-0.27809189023486891,-0.031790521422461346,-0.064827815043849185,-0.33140015680397339,0.94126047960537518,-19.142208956034203,9.6057307404863685,-2.437392430429707,,0.3667892346626582,0.1794871794871795,0,1
-0.11488059911678411,-0.97334761206296128,-0.19848645807182577,0.99186082622453264,-0.12343557342341753,0.03123716720220493,-0.054904911872756555,-0.19328239781460183,0.97960571933165141,-25.776921192318042,-22.699929872225564,0.47993744477118794,,0.2362699088210207,0.3636363636363636,0,2
-0.44080077509953047,0.89674774697120907,0.039219318883864616,-0.89519395092888898,-0.44239725720492873,0.053967184824508296,0.065745470505423773,-0.011320120123803864,0.99777221247557513,-12.191253603221741,-4.6160221652134714,-1.0100961847331811,,0.07636688468289517,0.2727272727272727,0,3
-0.57467113296774042,0.81781407629244329,0.030548740588000049,-0.81715761002045828,-0.57545289792513121,0.03327766000220593,0.044794300075205705,-0.0058394252720421497,0.99897916484442562,2.3448335465554013,11.325801868928092,-1.8191678815702859,0.1799220928890264,0.1100002667204502,0.2727272727272727,1,5
0.71426812402213047,0.69979092527421272,0.010663391100716338,-0.69798953080431236,0.71114728421930273,0.084143657129251773,0.05129972605659254,-0.067544067477243938,0.99639657619601807,-11.18876995032179,37.189499271314773,-3.2104556887061864,,0.4768872250845215,0.9090909090909091,0,1
-0.99887154881244211,0.045580549536301099,-0.013343255862127335,-0.045130065652868041,-0.99845842312205002,-0.032311831746238764,-0.01479547725493178,-0.031673187408251709,0.99938876472181781,11.44016436868888,6.4603460530581422,-1.0490101802932761,0.5866015068066448,0.3769638686546226,0.7741935483870968,1,4
0.44133903165575572,-0.89131788127103229,-0.10378966067811475,0.89597385365258553,0.43132838513691207,0.10576709198100759,-0.049504673598510768,-0.13967196820300784,0.98895956873383006,10.58898105456352,12.06053747643413,-1.5431401320996336,0.4492223725416927,0.489407095455513,0.6363636363636364,1,4
0.94229547772286415,-0.31801361251105253,-0.10462588074041874,0.33453531394484171,0.90644071297569406,0.25778160831203678,0.012859097435835095,-0.2779074956128107,0.96052176836100411,-8.6190105550550804,-14.216639352629601,0.14339201719141409,0.4470905931902706,0.4158565536300396,0.2297297297297297,1,4
-0.19170427889533773,-0.97482733972067737,-0.11384694631972259,0.97928936364395047,-0.19768810030051984,0.043723646387258008,-0.065129192433539554,-0.10310709351290408,0.99253569989208779,-10.597146915413914,4.2701170068086425,-1.8756172004481615,,0.1118934243035507,0.2777777777777778,1,4
0.84641434451764497,0.53224929099633522,0.017130371527330063,-0.53082092982903661,0.84069806001544423,0.10703229578825997,0.042566393436641224,-0.099686830224292922,0.994107960952748,3.8535106842724853,-13.873187838818479,0.46075978234148662,,0.09294843378252104,0.2413793103448276,0,5
0.051898207487183913,0.99852982269028012,0.015645103314915823,-0.99647322018868101,0.050744226868204234,0.066829221799657487,0.065937072322152832,-0.019058243299564435,0.99764176228539947,-11.851761429814792,9.9127755798879154,-2.2083931874700085,,0.1119980587629551,0.5748031496062992,1,5
0.054686154782494896,0.96123162804966411,0.27026502125154334,-0.99621436307574895,0.034206229765280968,0.079917936953003102,0.067574901233256726,-0.27361230067786962,0.95946336128123144,0.9605299477171314,-3.7556391262288358,-0.74546957211608122,,0.1371217104478713,0.3636363636363636,0,4
0.55237173237235604,-0.83154678022259398,-0.058441608271850236,0.83249716200276236,0.54668333103606492,0.08992113669576865,-0.042824578612162198,-0.098322367082725612,0.99423275323132532,-16.689685506552564,9.6190949274868665,-2.3522613569832278,0.2950085203060359,0.2145443023431805,0.8311688311688312,1,5
0.95450798052008967,0.29817716017514051,0.0022127524372280143,-0.29620457385532556,0.94728731628321328,0.1221048354330494,0.034312760755218691,-0.11720546727365434,0.99251474190085431,-16.506943520008463,14.436649181877664,-2.573626490193345,,0.1206058876032121,0.7021276595744681,0,5
-0.99865258620748443,-0.046144028790050397,-0.023743223625396662,0.050635001866623792,-0.9666274818542987,-0.25113225183154714,-0.011362598605495601,-0.25199611094427543,0.96766153763694185,-17.309892417781139,-6.5354669965962584,-0.86170135217546984,,0.1870573043184295,0.1538461538461539,0,1
0.986663014006252,0.16075432547284083,0.025576231815348016,-0.16238569338222827,0.96119216316267786,0.22302581029877896,0.011268690113469497,-0.22420453232801962,0.97447695935137557,7.6410081891672235,5.9063910894096106,-1.1792999137546814,,0.4031668533566345,0.2758620689655172,0,4
0.74993741180465379,0.64763369361055756,0.13477565535394204,-0.65969156448614774,0.71709921991106418,0.22489052569808876,0.048999164498558928,-0.25756418171650047,0.96501801753913052,3.0069682986518611,-17.296270831996953,0.75295920634602864,,0.1158350729334762,0.2666666666666667,0,5
0.91154798860097641,-0.39536654195206511,-0.11298478650853741,0.41061858457268441,0.86070833788350165,0.30095437378669954,-0.021740342247511129,-0.32072800720031508,0.94692180401354964,-11.260288231318141,-17.691599807884391,0.39015016357837751,,0.0949403053990549,0.5384615384615384,0,3
-0.99187840194746146,0.12715292373335571,-0.0030610024842408642,-0.12718435350453433,-0.99177089937948459,0.014650029612266857,-0.00117301908881845,0.014920359582332182,0.99988799717575871,-8.5016748733939131,14.314028515748728,-2.3898276763045656,0.4431119981367377,0.2775463411022576,0.6172839506172839,1,5
-0.96921800998635776,-0.24404497795445509,-0.032534563978852356,0.24614986104818531,-0.95773369510423312,-0.14885031127931958,0.0051667227566039742,-0.15227678088664992,0.98832438347880269,-34.096305502538705,12.342011243830907,-2.4639575870424166,,0.4292778000600325,0.4545454545454545,0,2
0.99554857142247355,0.094209395476010718,-0.0027625608982584852,-0.09321338589066272,0.98851211683313822,0.11897503757034884,0.013939391287656193,-0.11818792103304011,0.99289340248206759,-9.6290411872271751,3.913714675579977,-1.8228525110313378,,0.08690926036935187,0.4277286135693215,0,5
0.38757509965818998,-0.92104911741648521,-0.038132209892133152,0.91993566656935766,0.38378799516571549,0.080156996826677152,-0.059193846796226947,-0.066146035958282834,0.99605260424762221,5.1694214130553213,3.3106184486044663,-1.1199957232258646,0.4471084358180032,0.3409003737003506,0.797752808988764,1,5
0.99593746054786203,-0.088302983026383966,-0.017639667403868627,0.090035909080613249,0.97967427001468277,0.17925361850525409,0.0014524990548994293,-0.1801135970987249,0.98364474399381341,-10.840813892437842,-14.029608470629475,0.068468395621963191,,0.09501842212680893,0.1363636363636364,0,2
0.72054937396229757,-0.69267201968708192,-0.031844510125911357,0.69228628272511117,0.71602315408686124,0.08972483247211796,-0.039348474343840992,-0.086696689406925986,0.99545737307666304,-23.779540276447424,15.000634354050231,-2.6398785841744852,,0.4218337631745452,0.8421052631578947,1,1
-0.076431538635792454,-0.99625372600838991,-0.040456560854381401,0.9952124478156672,-0.078704765768804683,0.057946040054729912,-0.060913082457811601,-0.035833967958858189,0.99749963565196875,6.0232532569855328,8.0369649827418463,-1.4482233864429268,,0.08535734184867863,0.375,0,5
-0.43188773195261215,-0.89187424086239708,-0.1342882179305103,0.89976814082544798,-0.43634776301722394,0.0042334932835638205,-0.062372107102022158,-0.11899986636962287,0.9909332732629712,-2.1054023637625709,5.5000873529001986,-1.6592026979451044,,0.07348174737398057,0.2575757575757576,0,5
0.31722149309349434,-0.91185278879620923,-0.26056672059975355,0.94647688172153233,0.28714276183043308,0.14741284440331356,-0.05959896547943113,-0.29338289979643872,0.95413543976775872,-16.30885538771976,-0.70461446280351947,-1.5447458901379145,,0.2972513895004144,0.2333333333333333,0,2
0.36743990096499818,0.91607491029955246,0.16060721620929486,-0.92787084978012524,0.34926582078142537,0.13064866077455584,0.063589349007048684,-0.1970282851611512,0.97833340408028358,10.188519228793867,-1.306388328906813,-0.44128927545010155,,0.2748099691767164,0.2391304347826087,0,2
0.95199223150116363,0.30597159966633614,0.0096005915994199411,-0.30492754092300794,0.94504261828406888,0.11795611223433461,0.027018252128569408,-0.11522078729298307,0.99297239852248798,4.394234392676112,-11.083260492287229,0.2263206015504694,,0.09620249783926253,0.3611111111111111,0,5
-0.82324748628331956,0.56698243582212471,0.028186766352419124,-0.56759357748054362,-0.82122359005601531,-0.058560617639736919,-0.010055204176622387,-0.064208508818689794,0.99788584530709068,18.289455598238444,0.69911292766187916,-0.27924048196081747,,0.2450525011476858,0.1935483870967742,1,5
0.5814958400463307,-0.81284565125953046,-0.033830980436309582,0.81165261078982409,0.57680030881892352,0.092311663100912156,-0.055521413948800974,-0.081137851677648934,0.9951552751295959,-1.1672973459911049,-18.209154515143506,0.73735566384242113,,0.1141726866807965,0.5217391304347826,0,5
-0.17612226846646239,0.96751108263282548,0.18139253439126407,-0.98284452835558156,-0.18308741808536069,0.022262758596613121,0.054750156453858875,-0.17435969236464874,0.98315874508991874,-14.167246018704947,-10.197868957664143,-0.43623529797049765,,0.2390741195636529,0.2083333333333333,0,2
0.16912600441148196,0.96342769863043221,0.20785443017524907,-0.98475808195450076,0.15649574138206909,0.07589863605210713,0.040594515111047176,-0.21752276304089802,0.97521071205250487,0.47077290886732914,7.8538451083322878,-1.70265711514375,0.5883607047312318,0.2779938638769314,0.2786885245901639,1,5
0.23267426564084562,-0.97037654513844473,-0.065054183214213024,0.97051328421314631,0.22733415023122069,0.080144552556368057,-0.06298135656132571,-0.081783523914196771,0.99465813420585403,6.6346752311926291,-8.4497413467172606,0.033374447391131115,0.1009772934960502,0.127808908995873,0.5263157894736842,1,5
0.99275363421242979,0.11971353233750497,0.010435129768756247,-0.11911609330648611,0.96888835372572468,0.21694864445314099,0.015861212860754433,-0.21661954710951647,0.97612724259527472,-13.796643735813642,-13.316273438185636,-0.055102890437219103,,0.1282545306663381,0.6363636363636364,0,2
0.50339675408788176,0.86157705038564958,0.06539643891335245,-0.86181938298786787,0.49521251618988121,0.10969008576574452,0.062121325486459988,-0.1115775517640064,0.99181217519354692,-2.5826807731971533,-11.007909816288301,-0.035701993611889464,,0.09400879223150188,0.3655913978494624,0,9
-0.99470491115648974,0.10236333123220087,-0.0091590469048785806,-0.10137368868392792,-0.99191679179889658,-0.076318106567166394,-0.016897188043372049,-0.074985509042948165,0.99704145273393541,11.077713818972695,8.8729226088323578,-1.2409676614282446,,0.1489944399382974,0.4666666666666667,0,5
0.65977114655097036,-0.75094495426520469,-0.027994818135640948,0.75029108493752694,0.65619890377211165,0.080413223735573428,-0.042015735648520638,-0.074058587293497805,0.99636840757121803,1.6416774931349005,-4.4709436185110043,-0.64052021224513711,0.2947395170593648,0.1981863567582133,0.8565400843881856,1,5
-0.72394601294312488,-0.68928142730890007,-0.028165303313804135,0.68853989808414662,-0.72448308627467872,0.032203516084262862,-0.042602571401573086,0.0039206719987560932,0.99908440546384891,-20.962654652174201,5.1134368742045373,-2.1562865333977275,0.4834890513647881,0.5083507203051892,0.9466666666666667,1,5
-0.9102611941347567,-0.40567565850534854,-0.082775712311153743,0.41063368705473302,-0.91013014027175754,-0.05516432565296582,-0.052957846521574585,-0.084204440887418186,0.99504023970221167,21.932565627835185,1.4355919234569121,-0.2286495961706477,,0.2912971186082695,0.1538461538461539,1,5
0.87651215869104282,0.47708753525119152,0.064139842334627856,-0.48101565682717823,0.86285876341826873,0.15523753502105614,0.018718267918966504,-0.16691985532056502,0.98579277150214228,-8.9222453965685684,-33.424862418533287,1.8819429900229825,,0.3412010524046722,0.9166666666666666,0,2
0.29906326395465138,0.94903994389825996,0.099420063560519661,-0.95204213723784337,0.28969608094371868,0.098447699868759175,0.064629196779701983,-0.12409418024805846,0.99016347203488209,-2.8080062705163034,13.005353484015409,-2.1336556828068254,0.2128147215311415,0.07612613222819332,0.3414634146341464,1,5
-0.90210353855206016,0.43115195109707388,0.017810131864701473,-0.43124850211514137,-0.90223140455650142,-0.0017950084816008964,0.015294938878548095,-0.0092998761921088049,0.99983977573784943,3.3967857987250372,9.6943370647059801,-1.6799324330234722,,0.07181296541222597,0.2,0,5
0.9021193128198296,-0.42848632060841019,-0.050795851099710312,0.43079056565871787,0.8877169080311863,0.16241360698842522,-0.02449967299616336,-0.1683988249573484,0.98541443148355823,-14.662255197026544,-21.613366175243414,0.64167001091345177,,0.1937763040403338,0.3902439024390244,0,2
0.99586966190421611,0.084655277857095021,-0.032819208243346699,-0.078218936542952838,0.98346817211905579,0.16331611186558478,0.046102217570000333,-0.16007447754011478,0.98602776186849206,10.245893985235437,7.6404955940537773,-1.2015382260125496,,0.2062832936111925,0.4375,0,3
-0.36667980824867452,0.92223742109322282,0.12257266154423659,-0.92915273012775967,-0.36969085977874178,0.001967814062817169,0.047128784398141006,-0.11316716542963041,0.99245759120970878,3.053974681987853,6.4293568402669079,-1.496614405747771,,0.5128931548940785,0.4,0,2
-0.96450688462995182,0.26400954518853853,-0.0050427721310148431,-0.26399711031302814,-0.96370062711444682,0.039832487313648572,0.0056564341943503094,0.039749985516504265,0.99919364659891752,-13.22401402021797,-6.7650530705660286,-0.73864652698062694,,0.07601217819299681,0.3863636363636364,0,3
-0.92310722640222043,0.38440714436794843,0.010207640416775245,-0.38452041108342627,-0.92301405090415978,-0.013751919637799996,0.0041354593737165241,-0.01661954248380601,0.99985333363618711,-16.559312364173145,22.066503196177152,-2.7340209816625896,,0.2254364104169519,0.2333333333333333,0,5
0.96753171593634746,0.25257174326466514,0.0094812004257965737,-0.25085110758822149,0.95499906973408921,0.15827349313383282,0.030920874486802006,-0.15551299402709406,0.98734979020086866,1.7946646228930976,-12.441750689475601,0.28053394265063825,,0.1386388308071924,0.3409090909090909,0,5
0.17183613718349325,-0.98430620616557052,-0.040170069228169715,0.98311423719053914,0.16873833596302457,0.070807984081544581,-0.062918507540456442,-0.051659137433466167,0.9966807888830358,-15.445342404105228,2.1886376768156208,-1.8493662351328892,0.5415332948782772,0.4808774691786552,0.9594594594594594,1,5
-0.58340345445975217,-0.80787000571006462,-0.083585065642422685,0.80959545821875223,-0.58666492652800328,0.019479682067753325,-0.064773477257256337,-0.056305575708916714,0.99631023220083981,-6.7287942957704363,22.628784834512679,-2.683576052998256,0.288278256176856,0.3027706810858347,0.7058823529411765,1,4
0.87625232558351973,-0.47870880440436631,-0.054952183716539336,0.48127932325500528,0.863938817646696,0.14825630634288037,-0.02349627452763671,-0.15635728300585239,0.98742104754473958,3.9326442350171518,-4.1862775038631366,-0.54927317255352537,,0.07760450760250967,0.3928571428571428,0,5
0.62229553437538976,-0.74037124254936781,-0.25416272563527648,0.78143215497500673,0.56850170419030444,0.25723452237955202,-0.045957100295434719,-0.35868682097147714,0.93232596734930151,-21.536422827458047,6.7460120766751857,-2.3320899467937006,,0.2467908660791732,0.32,0,1
0.64477306321357875,0.75856320763599838,0.094072083931232717,-0.76316881742061304,0.63195403438576636,0.13493500116862661,0.042907494345421633,-0.15879533508431465,0.98637872467144139,5.3533519201184303,-6.8034841424655772,-0.17302223552060833,,0.1262631830091621,0.2105263157894737,0,5
0.65747233708920516,0.74918878133001043,0.080288827938346269,-0.74607488711411829,0.63240419763526057,0.20841591501360518,0.10536787356739645,-0.19692917697120668,0.97473920126222957,-5.016031870319452,-11.612570283813389,-0.057291780715987388,,0.3857810949169684,0.2380952380952381,0,3
0.96911563181118976,0.24443993472094075,0.032619173699220794,-0.24507066556054435,0.93987648456792916,0.23784987416002859,0.027482013407127064,-0.23849803368131128,0.97075405065816645,-6.2815531670524214,-20.91157560040644,0.84046914022084918,,0.2003078342454558,0.24,0,2
-0.94471223191000619,0.32498695136328809,0.043615138693003458,-0.32761222320240763,-0.94107154748107202,-0.083991509868291375,0.013748821330930815,-0.093636659301661138,0.99551149965574703,-15.0673686933368,-2.5744180897728195,-1.3415926146870474,,0.3074190812480952,0.1730769230769231,0,1
0.7587352342908229,0.64911778595865077,0.05446966309599019,-0.65073146677289484,0.75151794595921184,0.10848656623216008,0.029485630351887431,-0.11775770400864391,0.99260451376636694,-9.7354591521195921,26.639668446981634,-2.9478658728708123,0.2331675218322183,0.1915939382764267,0.3076923076923077,1,3
-0.92493896941298703,0.3801024941858987,0.003161767685897742,-0.37973575854437891,-0.92435440736622965,0.037009232163752022,0.016989895348874823,0.033030644805761282,0.99930992187596612,-8.8743158644145606,-3.1871739760557554,-1.0918005771152859,,0.08417676447608492,0.4536585365853659,0,4
-0.88245037819828975,-0.44874288467724871,-0.14110688668253402,0.46742548409006407,-0.87019108327512973,-0.15582328263653522,-0.05286536522965822,-0.20346326951073479,0.97765431064315234,-9.7020204203328309,-15.093271104189073,0.21871637769612845,,0.2115814464813252,0.3333333333333333,0,2
0.94383986106964513,0.32971439030014948,0.021324574674159609,-0.3267375502991508,0.92183486514829016,0.20847794756650698,0.049080442953818845,-0.20373733635746299,0.9777945632357663,10.770515272485325,-5.6095869829239717,-0.01863082729875775,,0.6612369641501591,0.4597701149425287,1,3
0.31704644526890491,-0.9452420193880211,-0.077453704402101808,0.94648061229976188,0.3101379917215637,0.089380515950533104,-0.060464883056361628,-0.10164620442580324,0.99298139309999611,-17.332735936572238,10.489357238182148,-2.3773593798301316,0.367805579869611,0.1776299268867123,0.2777777777777778,1,5
-0.94314248439894,0.33131728476040306,0.026666663473110495,-0.33198065602198568,-0.94292235032452676,-0.026197047270278228,0.016465058427050039,-0.033560364680127505,0.99930105762654409,-11.432073337582782,17.037638458034284,-2.5783016312192575,0.6875252712311116,0.6655938436057885,0.8930041152263375,1,5
-0.99524796788583791,-0.091103073103018767,-0.034376045297506215,0.09665716757198789,-0.9670454188553167,-0.23554309547916102,-0.011784497276966907,-0.23774647829595824,0.97125575297230471,-3.5690520377704926,-14.41734156982538,0.27966009181962015,,0.3809302927019985,0.1111111111111111,0,2
0.86753933660162219,0.48180953805657645,0.12343041961576973,-0.49716052079519818,0.83287148275204559,0.24322111294263851,0.014384575470405746,-0.27236861466791096,0.96208545448542082,-13.083384011037824,2.0645990895063506,-1.8095355698132796,,0.3164363854617581,0.2790697674418605,0,5
0.96215599462889678,0.2724925792731831,0.0019068929511142061,-0.27051675822228172,0.95429013358352988,0.12708668091517922,0.03281044834479694,-0.12279305837944182,0.99188978182721343,7.5010073149285601,-7.0986825966186489,-0.049002809462799661,0.08103478715760279,0.1020401171021998,0.2307692307692308,1,5
0.47797165528631674,-0.86791784682851636,-0.13513588679329466,0.87740723271564547,0.46453985371245504,0.11983018105253648,-0.041226747641928768,-0.1758446344628192,0.98355427903573589,8.7284832546585349,-5.213470182243702,-0.15690091495142489,,0.1395125368374509,0.3478260869565217,0,5
-0.59241799961602115,-0.79234693530997813,-0.14569573719171877,0.80250047282314374,-0.59631265043902293,-0.020105075106029335,-0.070950016558021856,-0.12883150636111454,0.98912513774503974,-0.93335039341235204,-8.5113505102813605,-0.25059664359856171,0.687024594723124,0.2554720349842338,0.2758620689655172,1,5
-0.95422096284195534,0.29791850873916836,0.026587896186108181,-0.29870416894919061,-0.95376402047619757,-0.033316853054485653,0.015432871584591907,-0.039733555034894071,0.9990911225103265,3.5814103808989004,1.5595333068467154,-1.0508845219911287,0.1772316099642008,0.1235641144730988,0.3333333333333333,1,5
-0.34398594709023528,-0.90197026098081545,-0.26100443772210902,0.93632585602828111,-0.3503621273929422,-0.023243730802067809,-0.070480916121607895,-0.25238072033119369,0.96505772494072473,-2.2397781990067935,-5.6609641125115946,-0.61351081144590425,0.5541328990630011,0.2606149764573524,0.19375,1,3
-0.84998130446365072,-0.51603224957907556,-0.10603065338207371,0.52517450553565559,-0.84585902613614705,-0.093350129294975201,-0.041515307991756616,-0.1350304606315465,0.98997133994069864,0.57589810424613863,28.404434626567379,-2.7925328610842794,0.7756542550578219,0.4926951877983815,0.4444444444444444,1,2
-0.2040413149215892,-0.97844785784846311,-0.031732180461187275,0.97637079133697013,-0.20575121015107431,0.066079628823004347,-0.071184405799911768,-0.017499399793160637,0.9973096567154015,1.8857278742603925,-7.9424197529388163,-0.17000791794550074,,0.064628539407989,0.1162790697674419,0,4
0.10067737283321487,-0.99055852944066125,-0.09304765634746115,0.9930252613683066,0.094277564519070364,0.070799513506501252,-0.061358755559468105,-0.099526582281850323,0.99314126011131287,-4.1428302433516366,-8.9936029843689003,-0.31843232338415223,0.7922605232481313,0.631591774742254,0.7264770240700219,1,6
-0.55364727467820796,0.8209469780709332,0.1397166934821871,-0.83110461293555538,-0.55526581057137936,-0.030740884303303604,0.052343266984714323,-0.1331387952728709,0.98971422319508728,4.2907416696394911,9.532880499125584,-1.6415646050496142,,0.161498549439053,0.1111111111111111,0,3
0.0011467268790676013,-0.99551442701490955,-0.094602910222888748,0.99813828386011749,-0.0046295042224850404,0.060815573527115717,-0.060980745405765979,-0.094496525310876489,0.99365575296172215,2.2943374843326949,14.394483661712425,-2.0021053351434808,,0.1119079571998136,0.2307692307692308,0,5
-0.98045324767087993,0.19672366071588598,0.0033511857849896571,-0.19609576444355173,-0.97565016869340493,-0.09825069717732246,-0.016058651840162738,-0.096987368471733809,0.99515605311830635,-5.041333492928656,-13.700908368163745,0.14488702072152787,,0.2874819357139336,0.4761904761904762,0,3
0.36455590798132687,-0.89393094409954155,-0.26074212766105176,0.92939274896841062,0.33195242760085725,0.16135892902110421,-0.057689757503827842,-0.3011561936789604,0.9518281561752362,-12.61778930465583,18.41752473049613,-2.6507009970672519,,0.3241564744319883,0.2941176470588235,0,1
0.054751107689505654,-0.99763515982756912,-0.041550019044432611,0.99645139068024524,0.051927201225261607,0.066243428234927348,-0.063929196914844152,-0.045029475332628126,0.99693801418798922,4.5361734017211166,6.9071065136529839,-1.424350399858139,0.1269080284841772,0.09851962895170652,0.25,1,5
0.49965663570018487,-0.85830468660263637,-0.11686022144735153,0.86497842674240011,0.48714638884680855,0.12041892336238971,-0.046428091399667089,-0.16124968461818859,0.9858209632278675,5.1672894227769879,-13.555657332555267,0.47555306845060596,,0.230939153123273,0.2777777777777778,0,5
-0.61063716081695329,-0.79099989823091466,-0.037966022020909297,0.78991519959124179,-0.61179935390225715,0.041659668979826411,-0.056180381666007466,-0.0045509958759167614,0.99841026294424629,5.0494856109919342,-3.1912931721016347,-0.5674202031398442,0.199584495243972,0.1636674116860201,0.5977011494252874,1,5
-0.9948012105096925,0.10173383174800017,0.0045584039221907065,-0.10183119449153155,-0.99332758279908939,-0.054136134687870256,-0.00097948806837130421,-0.054318880036180697,0.9985231594083015,6.0179914781886517,-22.744224343775624,1.3461505771852602,,0.2033048443287037,0.3636363636363636,0,7
0.96757097351727361,-0.245658399420662,-0.058807839621202326,0.25257513420304722,0.93767314422293324,0.23869410588740939,-0.0034946801208762478,-0.24580688639083242,0.96931252019856662,-13.805344895771082,7.882717126378739,-2.1735844761201513,0.246478054645936,0.1833507985027944,0.3297872340425532,1,5
-0.9973434697915603,0.072842010969336152,-0.0002114286481313791,-0.072837346024774111,-0.99730510796948701,-0.008788779325697332,-0.00085105123080203397,-0.008750031766319848,0.99996135558124966,3.6113741010780354,-6.6639699052164403,-0.27967795767460502,,0.1123819451560631,0.2096774193548387,0,4
-0.95101961265162527,-0.30812264322710992,-0.02494259574887045,0.3074787864898601,-0.95118372747513225,0.026576539376595244,-0.031913824757861899,0.017605491110780445,0.99933555649344963,7.775300656407893,9.9161713476574018,-1.5106434124887675,0.1898885181516239,0.1710431017436527,0.3181818181818182,1,5
0.33683730333042372,0.93203681787805281,0.13359641164657635,-0.9393851059233671,0.32301351356533681,0.11496909508002512,0.064001983207024229,-0.16422435925869561,0.98434450573548615,-18.767959680366012,-10.375736518620128,-0.48668091875853781,,0.5902661060990215,0.4285714285714285,0,1
0.2393995227669885,0.96694341419401142,0.087796937564846217,-0.9687341789929228,0.23181581410162599,0.088405422816175375,0.065130322813913372,-0.10621611026218047,0.99220772974762028,-2.0392248871239356,-7.1988144278062194,-0.40842137814615936,,0.138638983797347,0.2833333333333333,0,1
0.13019499168883755,-0.97779066357197297,-0.16423971009054067,0.98919317882176361,0.11683428032165251,0.088581069728335793,-0.067424914620919471,-0.17399761255029586,0.98243509287645026,-13.30865788591127,11.737337985705965,-2.3351068662048835,,0.3601309886503256,0.3026315789473684,0,4
0.75178225613303507,0.65941132429331484,0.00038046978844589373,-0.65760988203486137,0.74968559529539969,0.074301758099506343,0.048710187985874065,-0.05610894403139563,0.99723573140259181,-9.4645908721117475,-4.6220988095324067,-0.92169783811329897,0.3363848490772192,0.2696397623853933,0.8727272727272727,1,4
0.99423019739488327,0.10667593391398043,0.011249876075410729,-0.10573128959300061,0.9569013925939458,0.27048219766329978,0.018088918959768528,-0.27011103267979897,0.96265924450738016,-21.455464844101812,27.967793517063768,-3.0038736993626829,,0.2587986942953804,0.32,0,3
0.17351168388616217,-0.98013134724201156,-0.096105346930050309,0.98312469762751176,0.16664089560847883,0.075476094398258337,-0.057961405001943106,-0.10757952437318571,0.99250547679387524,18.606735967488675,-5.0930426254179721,0.18831212501340427,,0.2840290002091874,0.2790697674418605,1,5
0.40208825340129706,-0.9154089639019003,-0.018747407413955024,0.9138534591821823,0.39997229479890456,0.069957262196703451,-0.056541061340008261,-0.045261376485349544,0.99737380965272893,-2.4577085277879589,3.5827185506967769,-1.5630990321730704,0.4010802292061468,0.3462609904450996,0.9602803738317757,1,5
0.7273818698448824,0.68143439204893819,0.081011016249987175,-0.68437097923299584,0.71164543005728753,0.15873608494053013,0.050517108039078745,-0.17090333879556283,0.98399190575120887,-15.836028757309697,-16.021049303106764,0.090114483030151585,,0.3367222008237297,0.3076923076923077,0,1
0.01274471580940692,0.99329877272711953,0.11487001487653048,-0.99780790592258328,0.005172961426004534,0.065974414347325344,0.06493808664662791,-0.11545903415879567,0.99118729629358737,2.2118564160649634,2.364862545211079,-1.226889226699885,,0.08723216087130758,0.3238095238095238,0,5
-0.48765375445914766,-0.86801446290623063,-0.093513143180550595,0.87242452296656059,-0.48851993114193182,-0.014957560083514529,-0.032699655785148642,-0.088877269662669664,0.99550568227853065,8.6645286338423499,-3.2960401317279948,-0.35757383804259996,0.4063934870784925,0.2639874857365228,0.2894736842105263,1,5
-0.99943267806450031,0.033492927601608449,-0.0035420075514943209,-0.033479946940312991,-0.99943267798100088,-0.0036626952642536134,-0.0036626724799313066,-0.0035420311120009417,0.99998701933870471,-11.577222293266574,0.062175864778534068,-1.5393145101449475,0.3359734787948867,0.3507197117139507,0.9438968915845337,1,5
0.96471790781867339,-0.26189441605443853,-0.027030966935471253,0.25920750080585064,0.92675552365114644,0.27191114524431298,-0.046160912685373465,-0.26932418053638219,0.96194264689661191,-7.7738232572949437,6.9530513887322849,-1.9345101082421277,,0.4965191465150542,0.2762237762237762,0,3
0.54263167572964943,-0.8149014193788634,-0.20368245184390713,0.83827931317358595,0.50999559078632073,0.1928530281943521,-0.053279054046149833,-0.2753909476958612,0.95985476418420834,-1.720809151077024,1.4092620054704281,-1.3791205475110231,,0.2832751487352014,0.2644230769230769,0,5
-0.50372151320223246,0.86271130626417536,0.044652426375433749,-0.86182151936960694,-0.5054116947902596,0.042692944624366805,0.059399544516056856,-0.016977067273170665,0.99808991243178435,-6.3929470443263616,17.620092661714207,-2.4161079403428687,0.4322789061651399,0.431137012451161,0.6219512195121951,1,5
-0.90460878611140561,-0.42429453235325837,-0.040707418306488281,0.42480229755408766,-0.90527578444461843,-0.0043315229365130919,-0.035013598541396164,-0.021210938529704394,0.99916172064579811,-6.2545725792332805,-27.341487878216565,1.3854619308411484,,0.1380347185041179,0.2,0,1
0.84080440547066415,-0.51903947139561868,-0.1537724906297607,0.53991935372545385,0.8246135713458137,0.16881809566806094,0.039179627535382351,-0.22496774232244757,0.97357817955238179,10.09428331242772,-10.182451935581414,0.31100571260596366,,0.3071159729487106,0.2857142857142857,0,4
0.54638333606991185,0.82222113437342226,0.15942915748004266,-0.83486914811546464,0.51950902017043032,0.18194472645976037,0.06677391399395205,-0.23251405151354096,0.97029812957600126,-14.587146478254674,21.649185316044978,-2.7156621976498347,,0.4323046245588986,0.3333333333333333,0,2
0.26287003747242693,-0.95720815725188502,-0.12104497961375699,0.96292011105039543,0.25238400918723786,0.09532665755846792,-0.060697636971615114,-0.14161516725628745,0.98805917903182061,-13.493617603946065,-10.45377318593515,-0.40479849829226983,,0.08137245448637763,0.3225806451612903,0,1
-0.3893371677922095,0.92017260732695239,0.041218230198031218,-0.91879106455653103,-0.39113744465699629,0.053239826054091215,0.065111822786768317,-0.017142698513135522,0.99773071438192751,1.5540611794965697,10.024697713081151,-1.7776790517119614,,0.1452045572463336,0.4615384615384616,1,5
-0.67433478157842441,-0.73103877986828847,-0.10418687384820209,0.73569603351496815,-0.6772417229316422,-0.0097465373811240156,-0.063434601156780526,-0.083222298990492924,0.99450998000362767,7.0623300037058092,22.470015943841936,-2.2772508995939855,0.5309160395742999,0.3826576345860755,0.7959183673469388,1,5
-0.9589341970146118,0.27283535188235458,0.077498881018844404,-0.28083464989309304,-0.95161405478994276,-0.12475011080422645,0.039712784029392025,-0.14139151844956838,0.98915688002215296,12.504873128980202,-3.011990860739822,-0.17217056566328365,,0.3097111534385699,0.1333333333333333,0,2
0.99789367250212146,0.063029508627208256,0.015345990435343687,-0.064859793537948157,0.96505149502506282,0.25390710728946903,0.0011939691971423398,-0.25436763353875019,0.96710686144058178,8.4472155842952503,7.0439349619185565,-1.2625917032173111,,0.5210868299137787,0.1363636363636364,0,2
0.34543433062754669,-0.91942413570979653,-0.18797441820149563,0.93691727206627939,0.32646641316870934,0.12492280166821963,-0.053489704876531999,-0.21926910349397069,0.97419706000642925,7.939934203054273,-1.4908116057961058,-0.55578003625174133,,0.4392906272904811,0.4358974358974359,0,3
0.74364867094135667,0.66684192890250082,0.048046811181857517,-0.66665361047780081,0.73416088728654361,0.12876628136102394,0.05059266591182586,-0.1277874541425168,0.99051034760859891,5.853873262522387,-16.479105528511305,0.78158591005791189,,0.09501533007029747,0.4736842105263158,0,5
-0.99789853148761631,0.064778192501231652,-0.0015187597351012327,-0.064645491639795591,-0.99690379965253317,-0.044763541515296566,-0.0044137586599964683,-0.044571291372541087,0.99899645580946694,8.2312379207484305,-7.8112444360098223,0.058080923819709362,,0.1072912029423189,0.3684210526315789,0,2
0.89340738295253108,0.44002810218495986,0.090545664575471627,-0.44556361263486222,0.84213965395920809,0.30376614413926534,0.057413545280549705,-0.31173076928171384,0.94843429519463862,3.7946692945467304,12.49768428361736,-1.8386898507025389,,0.3299969239680031,0.1764705882352941,0,4
0.82924084806668663,0.55774053751019304,0.03584841301209004,-0.55730593759308511,0.82035770573097377,0.12815352734633301,0.042067895373276397,-0.12624867312433735,0.99110623280918264,-10.091465860661353,12.242910304278675,-2.3012044812304628,,0.3579119689485106,0.2222222222222222,0,2
0.79126325399143804,-0.61077978181838577,-0.029163693263479878,0.61047676701789122,0.78634669007711189,0.094747031278841848,-0.034936797424269229,-0.092773601453515611,0.99507410732019352,0.54073186002467744,-7.4451359298621842,-0.26254795412968546,0.1106269008963003,0.09695088271946554,0.6495726495726496,1,5
0.99194389626456858,0.12298930148931919,-0.030346966613415041,-0.10826253313737728,0.94744736883275937,0.3010360563297339,0.065776367961029036,-0.29532543915323267,0.95312976787361192,-17.50879701144008,19.186254244923219,-2.7394287519056322,,0.3084187689066221,0.3636363636363636,0,2
0.69812022365252857,-0.70108077134415681,-0.14530624686787033,0.71516596637057817,0.67313622390895533,0.18821600518242301,-0.034143723765588219,-0.23531548209388081,0.97131911852611252,-16.941985727656018,-14.586437715998507,-0.06244345507401082,,0.5154590078617549,0.3529411764705883,0,2
-0.44630805267082369,-0.87915267964034716,-0.16703199694182638,0.89297435034322037,-0.44970392000306197,-0.019057648411668626,-0.058360361121916726,-0.15766087090675529,0.98576727376934303,-1.5435585051119838,-14.502608531144821,0.34711765441617498,,0.2761816295906666,0.2608695652173913,0,4
-0.67390413734198307,0.73605311795835437,0.063867215511089648,-0.73781329615939995,-0.67497620975287653,-0.0062174173126376816,0.038532501654530239,-0.051312024043328054,0.99793903746913204,-1.0782902829617729,13.960666890507182,-2.0914278505527313,,0.08163967549154602,0.36,0,5
