axis_00,axis_01,axis_02,axis_10,axis_11,axis_12,axis_20,axis_21,axis_22,location_x,location_y,location_z,dbh,dbh_approximation,score,reconstructed,number_clusters
0.40613449371345112,0.90787552915384251,-0.10400382963982215,-0.90512401112134733,0.41531671456603519,0.090898575861655465,0.12571912148802775,0.057219316368729976,0.99041438414765237,8.1917497340945253,-3.155201640571065,-0.033952100708012627,0.1495893315426557,0.1312425182552451,0.3409090909090909,1,6
0.13928905159935193,0.98770759849447676,-0.070938423867646955,-0.98714357966078381,0.14416651710282591,0.069018609671115505,0.078397150707447863,0.060412872988407529,0.99509003187562861,-1.0843650829775058,12.443167352701323,-2.0660606190075828,,0.09996695699846572,0.125,0,5
-0.54679314926083877,0.82908128202017517,-0.11679674535361019,-0.83438509322396459,-0.55114833589376544,-0.0060850675565271746,-0.06941734745039517,0.09412619000742932,0.99313719708187109,-6.8794611238609829,9.0113755697935485,-2.8506408766939919,,0.08295389555976165,0.2359550561797753,0,5
-0.34873517938246706,-0.87985268585833798,-0.32286688564940791,0.93051061175790351,-0.36619542413115008,-0.0071353171856641598,-0.1119543481380306,-0.30291939940069296,0.94641748789829172,0.20365510809302881,8.328435189052021,-1.7284758092986252,0.5354008619989574,0.2995760154233941,0.1276595744680851,1,2
0.47982984587165423,-0.78403378173056104,-0.39376940982770497,0.86785933719958097,0.49002013289826213,0.081856216562169348,0.12877689950564894,-0.38101351479920481,0.9155573229973466,11.883908660080944,-8.7991712886382665,0.70864375354861553,0.5535746189002843,0.2312964971993137,0.5555555555555556,1,5
0.97169803197053228,0.12663844961548612,-0.19941323362199603,-0.099227853314612466,0.9848888533373843,0.14194287477131812,0.21437529659727245,-0.11813826497269352,0.96958062200008599,-4.1601832275462431,-11.827540546298929,-1.4683304519551155,0.2279141952724318,0.2266044847799944,0.1944444444444444,1,4
0.76637317990367215,-0.60481907406155166,-0.21648565027655609,0.63229778266398162,0.7697196643319818,0.087926971850939256,0.11345335236364024,-0.20426826966514136,0.97231826623048845,1.0659282067580065,7.2535002338916534,-1.5006166339558389,0.5413981142976814,0.2782109871827417,0.7730061349693251,1,5
0.60682556616547856,0.77744772707444287,-0.16534135573029432,-0.77719662853349247,0.62395943598078507,0.081486335337374871,0.16651766526144055,0.079054752654889024,0.98286429034661515,-19.471930550461511,13.584560505311329,-5.2141407321019182,,0.2470360408470431,0.65,0,3
0.73569379740054008,0.67701358554436253,-0.020180224348069511,-0.65463572296909456,0.71839018235533991,0.23530324287648793,0.17380076719940851,-0.15990044053668795,0.97171247930499971,4.3993795401914433,-16.420631403241632,0.02913773267368152,,0.5077679029134694,0.375,0,5
0.51906651507608248,0.85424321105633472,-0.028956679556410184,-0.84281019181080907,0.51717066555235558,0.14901504377733008,0.14227063473042173,-0.052943734816266359,0.98841085963131092,2.5401811409669262,3.5957868920315628,-1.1587964851710626,,0.109273885425731,0.4363636363636363,0,1
0.64221241173410826,0.74803198367289137,-0.1673659750877167,-0.74907733209225236,0.6587732756821244,0.070006583923228644,0.16262339548852317,0.080410961003122158,0.98340617681115916,4.6302582378494677,-6.9211228582642743,-0.34871469259331966,0.3410979060969089,0.2359240974587618,0.8169014084507042,1,5
0.75693389471425532,-0.52306902395758581,-0.39172678643254227,0.64216469620664196,0.7064876248894022,0.29748905664572234,0.12114281645454401,-0.47673266308717416,0.87066089033978733,-10.186413558418977,19.379817074901265,-3.9725810430325703,,0.6449917520520692,0.3636363636363636,0,1
-0.46679934054207967,-0.77329261408516803,-0.42908846252353178,0.87208907066945462,-0.48306350902609685,-0.078168401968329443,-0.14682993049228033,-0.41069231700717596,0.89987376462641178,-3.1087821185272162,-3.8601436803829654,-1.6367645885158186,0.6931255227677076,0.6930793924398031,0.2480818414322251,1,5
0.90900792370068062,0.39677978280824155,-0.12755547265414549,-0.35320058307964625,0.89585020160593232,0.26963264712346785,0.22125537905681705,-0.20004554540717773,0.954477782350731,-10.204341638353023,14.242219944892048,-3.6667236157156955,,0.234302262780262,0.4545454545454545,0,4
0.85759284297377858,0.4985984603233678,-0.12623030952714373,-0.47681963807003513,0.86274001969451786,0.16829346739628148,0.19281480345375993,-0.084138182656090729,0.97762120363074057,-6.5720229724503056,-18.048395193958207,-1.5476168131211734,,0.08320734900429019,0.3125,0,1
-0.9744201289224742,-0.029412364312487504,-0.22280108881299995,0.063185364936355168,-0.98726312476817379,-0.14601072608148022,-0.21566877847423441,-0.15635355863724665,0.96386749228973412,-6.0493241558873656,18.656516158021699,-3.2043287907294191,,0.4390781021439354,0.22,0,3
-0.96788324623066502,-0.082459479913312053,-0.23749201215707547,0.15255387461393799,-0.94351300172728736,-0.2941267259394138,-0.19982326442700635,-0.32091065694985937,0.92578994013207161,-15.436696818016683,24.313311326790469,-5.1440595383593983,,0.3999794711408714,0.3846153846153846,0,1
0.24903529123935844,0.95394619098920896,-0.16723662402269324,-0.96396426172571092,0.2608290587369349,0.052355555903926362,0.093564554361854887,0.14817174769700303,0.98452567632920729,9.4940742260475375,-14.26353397971144,0.59738668336282075,0.3750048164024276,0.3420630116012324,0.8939393939393939,1,5
0.21993535453549057,-0.91567362737334212,-0.33640785953704211,0.97548646071048994,0.20382572721850445,0.082953227148613473,-0.0073895057933375322,-0.34640565967777437,0.93805570951161343,2.9448960117589089,7.8248861979280147,-1.2898989199376043,,0.2812997519666151,0.1265822784810127,0,4
0.96102808930014127,0.21504721030865351,-0.17372308112218732,-0.1925551981172107,0.9716028606158037,0.13751500616743237,0.19836206102519213,-0.098704501324169566,0.97514609888169346,1.1021664275655272,-14.463175418990225,-0.47371607469417004,0.3136383112832341,0.248510485037537,0.8275862068965517,1,4
-0.55086991988776668,0.82884558499159566,-0.097761585516940044,-0.83150053767880294,-0.55512311457753882,-0.021099372066363517,-0.071757837221502571,0.069665801521788029,0.99498617522838972,-8.4577323119249765,12.059197930206572,-3.272386006914962,,0.2225926404208826,0.3035714285714285,0,5
0.54578836138216102,0.8315855558015689,-0.10286169336528458,-0.82127576838414662,0.55524720019275997,0.1311741550120788,0.16619619985068099,0.012884489136136492,0.9860085258733291,2.1808589511620586,11.71332575126652,-1.4964393957888802,,0.3175101097909598,0.3142857142857143,0,5
0.97897059140748133,0.073285718297153371,-0.19038325728108485,-0.051578537501327515,0.99184166478782754,0.11657515369980921,0.19737334072389218,-0.10430395718562298,0.97476379132942226,7.5590126682385854,-7.916087569075847,0.10995663065947291,,0.1170594031265514,0.25,0,1
0.56133586936949464,0.82670316636410812,0.038261161544733732,-0.80947474984367518,0.5388431797803428,0.23323519667865147,0.17219950965294292,-0.16189472606532759,0.97166734356338191,-4.3826745756305865,-14.280089962216779,-1.3825716260738841,,0.225683568560912,0.1,0,3
0.55769146393427271,0.81995661456079827,-0.12904023129567901,-0.81612471989705648,0.57002498129254597,0.094931355596469147,0.1513957483808534,0.052370515945777539,0.98708492868231668,-4.3228485543402337,8.998671752677657,-2.4358881901869234,0.3766081482061148,0.2047507758001263,0.3153846153846154,1,4
-0.62582688690914856,0.76315475353872919,-0.16104511719653344,-0.77445455053031131,-0.63251120941921546,0.012235976541897071,-0.0925248981869016,0.13237972696105152,0.98687119276287538,-18.822384965642719,19.155274038964333,-5.4207512082750586,,0.1054355278149655,0.15,0,2
-0.96391483186488436,-0.14756140001492213,-0.22157127552218556,0.17558490341831998,-0.97801246102824302,-0.1125236320292719,-0.20009532378961628,-0.14736776886115871,0.9686302711036926,-3.1224970080066168,6.8845180842045623,-2.1051132953943168,,0.1509602106449543,0.2903225806451613,0,1
0.12688889276893534,-0.91321306876923114,-0.38722228747962989,0.99191027656413111,0.11825060904039665,0.046160553593341591,0.0036348505254197917,-0.38994702780077545,0.92083011645525514,-4.0343343626025501,-10.018250590343829,-1.5582319234523678,,0.5066869368342425,0.2551020408163265,0,3
0.70434116098752941,-0.66482109482919405,-0.24883014449389154,0.70313090089166685,0.70155293332366853,0.11588968011099612,0.097521613758244391,-0.25658603550284598,0.96158886289043521,-15.280350106087571,18.539369821272299,-4.819159091547875,,0.2066904873383427,0.6458333333333334,0,6
-0.98918060409407649,-8.4040625850801483e-05,-0.14670284735222663,0.015870064096199014,-0.99419264813715458,-0.10643833640006788,-0.14584194715396545,-0.10761492148956252,0.98343741800031925,-10.680878223868639,-14.557931410275417,-2.3695235546782278,,0.5491222939690578,0.2295081967213115,0,3
0.94832652265408635,-0.23462464835265603,-0.21360730515645332,0.26351746500231021,0.95736830246147864,0.11834052171924728,0.1767352598367565,-0.16851471101188759,0.96972544573348962,-1.4896472229773619,4.1108476542455206,-1.7296384571584498,,0.06787105288090731,0.219047619047619,0,5
-0.01975511123533465,0.99023000226166535,0.13803723483517905,-0.99891603407816565,-0.025368856231297029,0.039027913024716053,0.042148457167832075,-0.13711660641358719,0.98965779126119824,7.6433609899130319,5.1745065518869406,-0.45248875630870261,,0.291583965783403,0.2222222222222222,0,1
0.97784809042927823,-0.0056496035416464096,-0.20923956132538152,0.052787768738581799,0.97398076222129903,0.22039720119461736,0.20255015061810719,-0.22656027189832031,0.95270345841817061,-10.030112697298332,-13.678414291118397,-2.3093559610758256,,0.1902754459782803,0.5,0,4
0.96592920593113674,-0.14660758825108072,-0.21327677838068765,0.18200708330022197,0.97067213345822212,0.15706377989915182,0.18399508351526531,-0.1905303765672674,0.96428418261804216,-4.0811156566178663,5.8121964761656155,-2.1931331573468427,,0.08575961100246264,0.362962962962963,0,5
0.83601622752974403,-0.45414880140960867,-0.3079378727684387,0.52944280551088851,0.8150509494080096,0.23533436969950106,0.14410823362908473,-0.35977884324584419,0.92184163550633114,-5.7470986854050556,-13.67399836791653,-1.6326505386021735,,0.3992765738787836,0.3835616438356164,0,4
0.39583411878043706,0.91720760280705571,0.045227909107636965,-0.91164526161697257,0.38655111041636175,0.13957491181153764,0.11053627178729933,-0.096480321251597584,0.98917808317337486,2.6448632232436089,-15.833138763741843,-0.21666933755248671,,0.4908845702825884,0.2727272727272727,0,4
0.74745549221958318,-0.61881977290086887,-0.2416037578716391,0.65361631381395069,0.75005873083835051,0.10098323925001361,0.1187265828154903,-0.23339663442320593,0.96510621673102737,-11.352924511593333,16.0490665718449,-3.9542033543518795,,0.07270450033712882,0.15,0,1
0.93268626749393491,-0.2933658677463839,-0.2098399248704679,0.32357290653395243,0.93758538447543793,0.12741358238121814,0.15936405048003327,-0.18673541297637278,0.96939825920781464,5.1013474517900423,-12.777462928272564,-0.087827975359261359,0.09814243389197159,0.1443475152093789,0.3636363636363636,1,5
-0.97764584852131187,0.1699620632634021,-0.12378001421995169,-0.1513505409272603,-0.9775157066245761,-0.14681981154898982,-0.14595070616502639,-0.1248036071333776,0.9813880226579228,-27.897260885439206,2.472557562884194,-6.1115706674356698,,0.2173430232716489,0.3214285714285715,0,3
0.048796670144113957,0.99682964653820927,-0.062845371869027153,-0.9972503346275633,0.052137454034016394,0.052663611460517373,0.055773246884685157,0.060102759249144294,0.99663283272355629,4.6141087527682556,4.1483869538805145,-0.88008626913800325,,0.07258146415512569,0.4054054054054054,0,3
-0.49392548351288618,0.85178325515586362,-0.17465080295447261,-0.86750959509635373,-0.49634660196214669,0.032667309904397174,-0.058861865008860183,0.16764646419388235,0.9840883821542491,3.8249282740360617,-12.610989621606066,-0.2354625001620044,,0.08843143560640795,0.3703703703703703,0,5
-0.20474060221371956,0.96331596666648267,-0.17350398891836569,-0.97881292944799081,-0.20103474787833422,0.038862311960786093,0.0025563549453100562,0.17778464081836598,0.98406609866333628,-7.1099369013071483,7.9309245288339127,-2.8452494681395497,,0.07806343489735112,0.2555555555555555,0,4
-0.75496620583321994,-0.55812873924492501,-0.34426492484518695,0.61593526905572382,-0.78370646258718535,-0.080174340236344108,-0.22505504300736037,-0.27257382656438323,0.93544306972097702,-17.359121639261936,10.263578656127782,-4.6827305693140815,,0.6186828438550955,0.3793103448275862,0,4
-0.749755627247228,0.64086542968295857,-0.16479684599042665,-0.64165358391639793,-0.76497632829707396,-0.055604814471132455,-0.16170088947917843,0.064052464296106268,0.98475890661584708,-2.6780094919766269,14.307761059032371,-2.4047996893355932,,0.5393386428648659,0.485981308411215,1,2
0.80302589404940505,0.57366755855094131,-0.16141544459052423,-0.56615227497220311,0.81893261887878466,0.093920004685554309,0.18606723255305624,0.015965525438833342,0.98240729179272135,-18.249121904224122,22.061826549484291,-5.5308699920807607,,0.07670485486638269,0.25,0,1
0.96679461818453893,-0.13037597575033152,-0.21979597629747755,0.18622885565122202,0.94841261535485233,0.25657810576626727,0.17500565582931493,-0.28899068494143293,0.94119998111178971,-13.13526003850769,11.63083426073233,-4.0392940934096666,,0.2987273487575999,0.3225806451612903,0,3
-0.49100480129140051,-0.83454114661045031,-0.24991070349808278,0.86023954563613581,-0.50974662699278761,0.012095469945800887,-0.13748530551490329,-0.2090441362095338,0.96819333807038932,-15.450778314487108,-19.640843950755638,-2.924992929180473,,0.2955712815566374,0.2222222222222222,0,1
0.25819347568700124,-0.92665327516527696,-0.27322122307414648,0.96606264571471645,0.24539476786327954,0.080649689770080649,-0.0076872405549072301,-0.28477204134323608,0.95856444269639896,-5.2078582942744047,-16.564394332646931,-1.3706552980111948,0.1519059521398738,0.1005036610849456,0.28125,1,7
-0.72711353404256485,0.67124924251475138,-0.14398042587624496,-0.67629427874524262,-0.73641443517037952,-0.017883741474956603,-0.11803371191563988,0.084369627805648634,0.98941892480149807,1.5843204303020759,1.4391175267997229,-1.1610364418835659,,0.1044533540780065,0.2555555555555555,0,5
-0.89523337898687083,0.43633721460163089,-0.090371634385132252,-0.41528212002875314,-0.89051632812878323,-0.18579943519950029,-0.1615486240491511,-0.12880413226957974,0.97842298500091784,-5.8634236454704265,-20.639107867307509,-1.287314481038961,,0.4197362454360185,0.2222222222222222,0,3
-0.33888609702829636,0.92939933961833809,-0.14619535135538744,-0.94051955038694335,-0.33863503851287718,0.02737308954655274,-0.02406633708875552,0.14677594560546756,0.9888769555464173,-14.434969298373346,10.856257529208445,-4.2294053303984178,,0.07289037263069205,0.3191489361702128,0,3
0.31935774106897535,0.9469942493404625,0.034821328742802603,-0.94141822539021258,0.31284679333411708,0.12593096840611526,0.1083621618576477,-0.072998463111584019,0.99142769088869143,-9.5223070855651653,4.8558002784880214,-3.0528852050222381,,0.09823426891017864,0.2363636363636364,0,2
-0.67952558379226724,0.71774594239733702,-0.15193993268373396,-0.72662170207780508,-0.68702449551040379,0.0042713742787580181,-0.1013206940428881,0.11330536060061014,0.98838049971548603,-21.610701977594786,7.7031566220107557,-5.2792193934917897,,0.08308850191022103,0.2962962962962963,0,2
0.25601646256727106,0.95767216955613244,-0.13160390021648827,-0.96194699254008742,0.26583775277427518,0.063152773042871188,0.095464938263333646,0.11042782646404706,0.98928870442596506,-15.126678355220955,7.5806490828462643,-4.1744529103217101,,0.07305073903320125,0.1333333333333333,0,4
0.6564941393747008,0.747076201383156,-0.10436759216148958,-0.73468422287273905,0.66461765285342933,0.13609727468792279,0.17103957912878634,-0.012669839877227178,0.98518269246314671,3.8506659309282316,6.1617944152766144,-1.0726086718545662,0.1591613471188211,0.1757963109842804,0.4482758620689655,1,5
0.29414313411862819,-0.93019309091574542,-0.21959196311223128,0.9556527003636246,0.28970647419540335,0.052896834470327274,0.01441294343927934,-0.22541289320240954,0.97415670948751176,-2.6663686656690202,1.9304187697077757,-1.8117939888863064,0.2253931491454909,0.1966407076828512,0.8361391694725028,1,5
-0.80000094606161531,0.58968606015275216,-0.1107647812350317,-0.58620682765197618,-0.80753185297001828,-0.06522163485389039,-0.12790637792825599,0.012753701436555446,0.99170424098364163,-2.4595358189678427,12.13090767912303,-2.2631713907653315,,0.2414584692819098,0.2888888888888889,0,2
-0.042877963729293325,-0.95661798686726274,-0.28817270416966145,0.99840904892740345,-0.051599644054848987,0.022734285853986777,-0.036617635727983509,-0.28673943561261106,0.9573085421212193,-14.710507857816456,9.9378592413858353,-4.2305584513155567,,0.1272975334328537,0.3137254901960784,0,5
-0.58207776724410665,-0.78446670558593845,-0.21400341284021548,0.79865041165622319,-0.60100621711328228,0.030806605663831595,-0.15278413805582106,-0.15298207351950213,0.97634701430393733,-15.010338628153365,-15.602155819491641,-3.0178360270459157,,0.1203223814410814,0.2857142857142857,0,1
0.66452145223920345,0.74725973851517347,0.0037580191768829484,-0.72963878608695398,0.64774916435315033,0.21919913758350154,0.16136443645194992,-0.14840452578688176,0.97567290388455208,-25.189890186708482,5.3662259786488429,-5.7567589627871429,,0.2223378793216386,0.3333333333333333,0,5
0.36608879887948331,0.91616396489788676,-0.16316427537167003,-0.92368293244223953,0.3790538808742045,0.055928487455952573,0.11308771661804606,0.13023726354922127,0.98501239765463289,1.9214458346811749,-8.3758507968529088,-0.68767808619569737,,0.09158365354924791,0.2923076923076923,0,5
0.070244574514201602,-0.9639911507114407,-0.25648930016932897,0.99699717713316638,0.059445278777047597,0.049627488548362311,-0.032593381840759002,-0.25920517005097032,0.96527216435523056,0.093423477843355016,-16.297332196132317,-0.57975894196538347,,0.2500211604698691,0.5,1,5
-0.97474071143575447,-0.053890133040739065,-0.21674039547479465,0.10169585062412051,-0.97110527703315708,-0.21589927022616665,-0.19884290139593991,-0.23248740714113153,0.95205625153414009,-29.517946790235765,18.342051907676666,-7.1563351229875236,,0.1772393935255007,0.2307692307692308,0,1
-0.97484122972177023,-0.10313619855530662,-0.1976044062821152,0.10179737470819492,-0.99466075454364133,0.016949273529952395,-0.19829743149387039,-0.0035927591394614706,0.9801353073656206,0.95571255949769651,-14.63008458693446,-0.49658441853073587,0.4402880822534422,0.3831147046610155,0.6111111111111112,1,5
0.55447368522889462,-0.75503497719755752,-0.34997302124159868,0.82626546657897348,0.54961009322200916,0.12334554782206548,0.099218501942529819,-0.35756248214372011,0.92860366154538831,-7.4062954908209404,10.592658324000013,-3.0395211272189555,,0.3628342771163247,0.8703703703703703,0,6
0.55560180069613874,-0.74778611981264409,-0.36348666836454602,0.82698825460625802,0.54223694951763479,0.1485581277517469,0.086006196326209802,-0.38313836873035739,0.91967816359862409,-1.3463283444653249,-17.296917317623961,-0.75048052683810973,,0.2510586411877917,0.4090909090909091,0,5
0.93037431892190581,0.33348565214953441,-0.15228573965082326,-0.30711062743795697,0.93581008435326674,0.17303915319197152,0.20021660571806449,-0.11422261524378609,0.97307065774362222,0.80751186915037887,12.598848953985719,-1.756956363457794,,0.07532143450999533,0.4,0,5
-0.98242327344967995,0.031552188455225748,-0.18398089897622946,0.0032424178864980807,-0.9825778579722152,-0.18582314104810255,-0.18663868438955777,-0.1831535214687931,0.96520505026803272,-0.1184070653576495,-9.1507378190902653,-0.96952747695832631,,0.5668187050086962,0.3902439024390244,0,3
-0.19542996766641627,-0.95267476003038232,-0.23284743790507417,0.97711335054488979,-0.20948086471990052,0.036976580468481492,-0.084003737564722999,-0.22029200829185025,0.97181006537177872,-8.9530841588341801,-18.42205274262011,-1.8876243803728991,,0.07167962356875918,0.3157894736842105,0,1
0.97842109988817805,-0.057973583517521569,-0.19832098957938102,0.078057541519620202,0.99241273998443358,0.09499459841749705,0.19130909937982765,-0.10842516834538794,0.97552284000107015,2.4196403437201619,-6.4635142641029715,-0.65808007313456696,,0.07944765058147327,0.4727272727272727,0,5
-0.16846485506991188,-0.92324940613654449,-0.34529715706155384,0.98254618363446888,-0.18531800850963848,0.016131731071454884,-0.078883392622362117,-0.33655277415368218,0.93835475198767293,-21.215118278644148,12.631226224028135,-5.4412705108750918,,0.1244953298463926,0.125,0,1
0.86947791906728333,0.46090085322685181,-0.17770355018734565,-0.45461613274092655,0.88734498662580052,0.077091157480880704,0.19321573462353106,0.013757841575539874,0.98105983593717228,-1.5676408948339227,2.9473994185092298,-1.7244964112055747,0.8145357107596493,0.6008920327552666,0.9905113336847654,1,5
0.64446495140223958,-0.72026806519995024,-0.25666873722217992,0.75892862920325732,0.64347115981433334,0.099860914590546745,0.093232302287205984,-0.25915011236794011,0.9613266651195681,-3.9586190715824885,4.1736589938588802,-2.1153236186421962,,0.08092064039618349,0.3580246913580247,0,5
-0.080243751996653678,0.99655304053111016,-0.021047034795895356,-0.99671393060841784,-0.07998667693198154,0.012785618659141689,0.011058064777243437,0.022003838791876947,0.99969672915429908,7.0474214246289355,-14.186952594059477,0.30334506005272543,,0.5988298223137845,0.4745762711864407,0,4
-0.22483180326106064,0.97251507568111184,0.060539968742485198,-0.97434157999146676,-0.22371838348096737,-0.024669219533563106,-0.010447283958620017,-0.064533033909961041,0.99786088298533071,-0.27024406796524642,14.424432624045984,-2.0401700840056094,,0.4758313521341972,0.3010752688172043,0,6
0.93302826814593065,0.30576715125999565,-0.18964361326170059,-0.29712400177505444,0.95203175618810398,0.073163261125872944,0.20291766411474374,-0.011915721536784423,0.9791233002898434,-1.1361806971346529,-13.847679127165339,-0.90093124488038934,,0.08528671300143595,0.4222222222222222,0,5
0.29093265197191071,0.95615857682415206,0.033450978792913207,-0.95130840150772356,0.28538153516408243,0.11648907505947471,0.10183573654376635,-0.065712672697162924,0.99262849415558529,4.1149000933265008,4.9874578493470194,-0.98791086745916856,,0.2822282733312157,0.396551724137931,0,1
0.1544603258258474,0.97729739820236472,-0.14502345745658635,-0.98498919255065553,0.16377053323280302,0.054548171399705067,0.077060354944558235,0.1344210099334647,0.98792342506101505,-9.7240251656293086,-7.99262878525027,-2.4546224592180743,0.5263340493084183,0.4136375269521178,0.7147435897435898,1,3
0.98037557641409556,0.027383239793570376,-0.19522778324085338,-0.010610507051058204,0.99619992719581651,0.086447222021121289,0.19685310846123122,-0.082679279347714546,0.97694062790718939,-23.132395331390903,9.059780948854673,-5.5899064146890058,,0.1066937088112827,0.28,0,2
0.67824594592843968,0.71172074688222275,-0.18285517572397869,-0.71507714370798625,0.69656402529510386,0.058849275366055408,0.16925458746534469,0.090841274331071128,0.98137696503425398,-10.264765227623863,4.5233047862677891,-3.1601668966719378,0.3006501610100026,0.2465268323135345,0.8738738738738738,1,5
0.94950518955339758,0.28214519987736386,-0.13723695273988762,-0.24663339902437467,0.94157054583918709,0.22938368227443648,0.19393777738452919,-0.18395378059245904,0.96361254926909889,-7.0549880620967524,-3.5352724757041356,-2.2821987142077633,,0.5525211724787166,0.1952614379084967,0,3
-0.067780485174347108,0.99657633532362022,-0.047343570867374223,-0.99663871086315392,-0.065443675714195335,0.049278852645394909,0.046011801079303839,0.050524579978058239,0.99766235820515969,-17.907694091638238,5.7862313268218211,-4.5500710220338476,0.3520500189856315,0.2507815624335716,0.3949579831932773,1,5
-0.89690136484091976,-0.39657591736220044,-0.19569231848701762,0.41247533491527638,-0.90976580444170474,-0.046800418321504791,-0.15947426072261847,-0.1226936136759632,0.97954797602266919,9.164441214491708,-15.451292485742421,0.58932937659002171,,0.1791326238088289,0.1764705882352941,0,5
-0.37982051806816081,-0.83334845487124287,-0.40158028688936742,0.92163568644547467,-0.37821687704259277,-0.086831189041308363,-0.079523804766957834,-0.40309099057639691,0.91169820543397306,-7.1696776149963997,-10.855470903608621,-1.9953032169666025,,0.193578748553698,0.1904761904761905,0,3
-0.28226621672754304,0.95923265529644097,0.014088857556962979,-0.95925240128246858,-0.28201713628034408,-0.01735411991582558,-0.012673339265513884,-0.018413252216119638,0.99975013809185742,3.9229651486332093,2.5811836335417775,-0.84961158130806358,,0.08897707191874034,0.28,0,3
0.15306114089172662,-0.9102920692296731,-0.3846305186103724,0.98810139077277259,0.13502904165833174,0.073639659571090324,-0.015097307767830749,-0.39132532068139098,0.92012855878500532,-2.0324220386528182,-12.068054917246211,-1.1563410430183201,,0.6298613075413937,0.3934426229508197,1,1
0.12553824709011746,0.99067908815955397,-0.052868637214277113,-0.98956945840534749,0.12883688779095706,0.064446437726896441,0.070657168842849893,0.0442266958713241,0.99651972577737657,6.2272344581768637,-7.2879441245059962,-0.10496670515883569,0.7113590754598776,0.6690414791848711,0.5135135135135135,1,1
0.73297297423795593,0.66141653563562441,-0.15899303577369378,-0.65638298849918686,0.74903663421441924,0.090030511570310084,0.17863927744379768,0.038370392133840407,0.98316617189662026,-0.81992860338325602,9.6678391502781817,-1.9036906180004196,,0.06900576980869486,0.2666666666666667,0,5
0.87075599154640915,0.46458541730551461,-0.16107263334623764,-0.45265666430645513,0.88530720376609806,0.10645702991726763,0.19205714630021903,-0.019787495721131441,0.98118423732146398,-10.255672474176551,6.4124842763700736,-3.3188524095481755,,0.08677290627003591,0.3295454545454545,0,5
0.89266931046450826,-0.3885067893822497,-0.22848189591019202,0.42443380855397472,0.89516984740945016,0.13611350574174966,0.15164908279045894,-0.21847979058219019,0.96398606670219822,-5.0034271736398486,17.76167720282923,-2.99788729598058,,0.1192971500239927,0.3703703703703703,1,5
-0.94865733861471979,-0.23748104706716663,-0.20893062527144951,0.24557260237002212,-0.9692870785628761,-0.013291211241249589,-0.19935734462931554,-0.063916442445795682,0.97784013904493672,-2.5009602120741143,-16.023378057665987,-0.96776938551863623,,0.08027696173921706,0.1052631578947368,0,5
-0.16569196730036606,0.98144134567785302,-0.096535262811991943,-0.98610059614864209,-0.16366044492967427,0.028650882023320782,0.012320156144611683,0.099940701215605762,0.99491711714750708,1.5922816915842246,5.5331213725026238,-1.3480663434861155,0.9016345537408075,0.901741169226925,0.8044280442804428,1,4
0.85494380484702048,-0.46412131351664437,-0.23165167146663052,0.50161497710243363,0.85346790370523373,0.14133277076289852,0.13211171522701554,-0.23703152466407862,0.96247729896096634,4.4597367039989555,-15.161091676291342,0.039628942046758202,0.1918034633352367,0.1291277960638129,0.2631578947368421,1,5
0.93916210859850746,0.29575360600398953,-0.17465491206503367,-0.27814870861984436,0.95320681468370283,0.11844857252691295,0.20151384484923243,-0.062662372889857057,0.97747920558848411,-2.9956384691569355,-10.545777309067425,-1.3616694062315431,,0.07756548263703525,0.4406779661016949,0,5
0.95770933047653639,0.22125799560408987,-0.18395036748929075,-0.20056267209637374,0.97172440625918799,0.12460454583116494,0.20631881368345203,-0.082441358925535765,0.97500562534724089,0.51243112262088641,-11.857602274687331,-0.76336604054448431,0.1644380362303599,0.1023652142358346,0.282051282051282,1,5
0.083601359937654315,-0.96685560253687841,-0.24124895120937564,0.9960260024564922,0.073615329085419567,0.050129689348569387,-0.030708550065307059,-0.24448113867268847,0.96916766237126961,6.5342503599554469,-9.5061989454893911,0.037201318942864554,,0.07501073159906618,0.2592592592592592,0,5
0.028042491076246456,0.994544428105546,-0.10047387331267242,-0.99885851452407892,0.031767867280205739,0.035671705471105146,0.038668936589834911,0.099358860363228579,0.99430002022042185,5.9865549923601442,2.3246686924255031,-0.57983671636987488,0.3577372188759059,0.2787358875487583,0.15,1,3
0.42267059631495807,-0.85016074014320697,-0.31396860182176334,0.90528985612858281,0.41227875698231248,0.10235478949130726,0.042424561299419225,-0.32749495028209918,0.94390000219211678,-22.527125679248854,11.475540713902443,-5.5764303706350811,,0.08452317668026088,0.3809523809523809,0,1
-0.90439465904544025,0.41816010629535783,-0.084926004222128787,-0.39477827527824971,-0.89553196768521803,-0.20535970447527396,-0.16192718752084995,-0.15219927843750242,0.97499485413241593,-8.6621448378408772,21.917773033485933,-3.8257000887754016,,0.3212013774768248,0.4444444444444444,0,1
0.82497242662833148,0.54471000986196283,-0.15070335251461264,-0.53270201151816632,0.83850266000924156,0.1146379347420669,0.18880959251971938,-0.014293156180757723,0.98190969210968226,-1.8886192685442078,5.3094055814816912,-1.8288222588241887,,0.06739252154300894,0.2857142857142857,0,5
0.19587690183434392,0.96753321909001266,-0.1597238532126504,-0.97717007140692425,0.20624691769109793,0.050998632231737041,0.082285423219214726,0.14608791496985293,0.98584351203697429,1.6895094712026817,-16.60382216250067,-0.34300586094674806,0.3115223024590719,0.3248999634219927,0.8166666666666667,1,5
0.73324342487394401,0.67437841583981906,-0.086993287835931729,-0.64611583493087954,0.73087883728613545,0.21988736448199767,0.21186884558778638,-0.10502322341578976,0.9716386750292807,-25.799163907149939,3.6684517399530434,-5.806488779464992,0.3292615164716321,0.2533006146835952,0.303030303030303,1,3
0.98866314846146752,-0.12053605245402378,-0.089533451475182879,0.14025001839864995,0.95427592278206386,0.26398370316672709,0.053620063534431182,-0.27354802733202294,0.96036262189306509,-7.4855130723569419,-12.78989407448308,-1.9493332625165185,,0.241483231915774,0.2413793103448276,0,2
-0.038092661888173847,0.99739422199380989,-0.061267569264959451,-0.99854598660084515,-0.035652984794479238,0.040432379581098597,0.038142650060249882,0.06271866236303171,0.99730211452587125,-21.287223060876112,1.0584289120995778,-4.8781754101905053,,0.07820713668239576,0.3,0,4
0.67723740917370678,0.71505748560657068,-0.17332710086335198,-0.71657781913021457,0.6944610819520447,0.065115549483828958,0.16693028708497154,0.080103669903472896,0.98270935750186339,-7.1351407844269561,13.89675079661504,-3.1327518813636352,,0.0945170481612827,0.4,0,5
-0.92108319300358177,-0.32710419345227515,-0.21120747664858713,0.33472712159600809,-0.94231503408921147,-0.00036138276000464547,-0.19890577074177088,-0.071029734304619258,0.9774411855504338,-15.11371790242146,-14.004388619396002,-3.1244577551442774,,0.2462548875991094,0.3,0,1
0.39523156738670173,-0.88442296728595593,-0.2481693435502417,0.91765834934174273,0.39226125383886712,0.06351584542576201,0.041172345384257875,-0.25283813730105392,0.9666321504593639,-25.504508630777163,7.5830723721425466,-5.9270982568065866,,0.1214042976780681,0.4242424242424243,0,5
0.61513002243994985,0.78691290868053276,-0.048817308866543549,-0.77439558078667858,0.6146533350742005,0.15004253443682775,0.14807612890365135,-0.054491759322923126,0.98747359874317808,-8.9432982152535345,19.298440525442341,-3.7637288706117311,,0.3382784440325501,0.3548387096774194,0,5
0.72841312440174544,-0.61887275958399313,-0.2939571867537516,0.67590330149974376,0.71930041288111091,0.16050433966347818,0.11211176218860018,-0.31560010056075077,0.94224600254127389,12.545406520592321,-3.4906469167692711,0.58458345324167238,,0.14810422875414,0.21875,0,4
0.052445764239397681,0.99694024024307126,-0.057962049631052059,-0.99836525885955696,0.051023196378022613,-0.025757393766811375,-0.022721173289122525,0.05921816288485135,0.99798645154576537,10.390113308134952,-8.2766252717340087,0.5063708049763419,,0.1786998597227592,0.2142857142857143,0,2
0.95191514167312241,-0.17427021550327032,-0.25196717056371271,0.24909919839746697,0.91905663001577631,0.30542511386882321,0.17834559823886542,-0.35350361074886916,0.91827449315350884,19.100475041349107,-7.7663549002310077,1.5391242120183981,,0.3516172437470195,0.15,0,3
0.97745774041108269,-0.07757144177120319,-0.19636455161764471,0.091044115519962124,0.99400577345363728,0.060526782254018398,0.19049234824435765,-0.077040208737868793,0.9786610605812297,-20.732901136248397,25.53133095424586,-6.1062144019024549,,0.4451848711718943,0.6470588235294118,0,1
0.21403208776142141,0.96764480638912287,0.13361809037942743,-0.97289849214123758,0.19891274342609452,0.11790777960767183,0.087514509641509142,-0.15523288688568002,0.98399388282211619,4.283237506350388,0.85332227216902612,-0.7707462435114445,,0.4002349561082014,0.3259911894273128,0,1
-0.95287166343306418,-0.21944162406318052,-0.20947784287322316,0.2598295859609116,-0.94675257026745263,-0.19012668658384813,-0.15660197727259476,-0.23559487328990272,0.95915112281320292,-7.9978495167602706,4.110112264828869,-2.7708658747252675,,0.2131676568014121,0.2264150943396226,0,4
0.83105849228689077,-0.51016977942308384,-0.22151428523064109,0.53837694782555212,0.83786946504598481,0.090138901666248258,0.13961391208573209,-0.19416888449737993,0.9709821830729749,8.5093889734801245,-9.9260562679768771,0.30196976622971405,0.8991847508423779,0.7606492092847631,0.5833333333333334,1,3
-0.79596855556824642,-0.489329169333658,-0.3563579977856991,0.57526977307506255,-0.79469685478143615,-0.19370492297992675,-0.18841111095889729,-0.35918501227045352,0.91404998781659019,-22.530305932126893,0.6783587224855907,-5.0995404388469447,,0.3377289264432997,0.2222222222222222,0,2
-0.88666776783101764,-0.38387570747987404,-0.25779780971991739,0.41479674292241392,-0.90668952776968126,-0.076536019583914677,-0.20436225568954133,-0.17479571344749464,0.96316277285299201,15.24583310985569,-2.9879656496047149,0.88007582747386159,,0.6544393437554571,0.2045454545454546,0,2
-0.096979069562448172,-0.96421124462001917,-0.2467625089334172,0.99281222874758679,-0.11118863976518543,0.044282782618259818,-0.070135144656941137,-0.24069433340957741,0.96806368558502809,7.6458471066110043,-11.727210297057503,0.25000678115098751,,0.07062565052705302,0.3888888888888889,0,4
-0.91487565689811712,0.3850442715475707,-0.12142257353408237,-0.36936344976838342,-0.91966805290592002,-0.13334659515500549,-0.16301280437572338,-0.077146493197259039,0.98360319448288058,-0.69046529775337806,-25.343485598653416,-0.29911207210082896,,0.268129876649873,0.2941176470588235,0,2
0.82108714230618807,0.5617008953673045,-0.10152836491850876,-0.53916946788178322,0.82160659662840663,0.18509155918291087,0.18738246887991442,-0.097235304906473127,0.97746258538944242,16.540770629767458,-6.2833980053411906,1.2180362412346881,,0.1116407121476667,0.1538461538461539,0,4
0.96629369163498413,0.21091682784418028,-0.14761637185144152,-0.1626537063901802,0.9446324614654612,0.28497944582590701,0.19955017740902078,-0.25136349074169961,0.94709879221661775,-2.8539865884411819,8.2360870295958879,-2.1904915392333191,0.5141951138885897,0.3215198648221164,0.4857142857142857,1,2
0.91597259737798875,-0.29734012056511411,-0.26941242279253674,0.36595560710882341,0.89442278945491283,0.25706879882495448,0.1645317430717661,-0.33406096211023495,0.92808004995029958,19.927394128112098,-11.624971986185402,1.5662082823316781,,0.2498161248674273,0.125,0,4
0.079555231362501616,0.98970890272634271,-0.11894222558485251,-0.9950087250551124,0.086052985006024485,0.050522478519494603,0.060237880333380671,0.11432922476677626,0.9916149586090206,-13.699677791439893,5.7178751632898903,-3.8116727093975573,,0.4941671048423663,0.281437125748503,0,2
0.7040820831781065,0.70224504107035912,-0.10545293945484581,-0.68851266549355727,0.71144327915392336,0.14070810211806994,0.17383535199301198,-0.026464369231141829,0.98441907110674332,0.81056957307955046,2.261020341247705,-1.3280522563978976,,0.1652864937619077,0.2905027932960894,0,4
0.80154997405733308,0.59787619615057375,-0.0078544996791271218,-0.56833270400995506,0.76589223529302131,0.30067760387263948,0.18578368238739773,-0.23654415654245156,0.953693496551276,-19.865054083908259,15.137618959610355,-5.3830293529987934,,0.3663333975037695,0.1904761904761905,0,2
-0.94489978602487112,-0.19083542604740969,-0.26598164323023848,0.25903902996069966,-0.93266360284989591,-0.25107246937104172,-0.2001578760058518,-0.30613794943514699,0.93070746241150926,-23.473257448150779,4.75032994432277,-5.4452356234963633,,0.4372086176366679,0.24,0,1
0.91428527761711187,-0.32088886407532208,-0.24720996752770913,0.3820821761299939,0.88584425396623867,0.26323595574838687,0.13452004243372001,-0.3351272812342318,0.93252027514482638,-11.528549155156064,18.722371057872049,-4.1777645887130053,,0.3533221615279164,0.1612903225806452,0,2
0.16227616668094227,-0.95418893775229552,-0.25137604658854162,0.98651517973161729,0.15138296751009481,0.062217339278789439,-0.021313044982672977,-0.25808267709976823,0.9658877190929509,11.27362109228698,-7.6650478186624493,0.5762260898368069,,0.09642326407987188,0.1538461538461539,0,2
0.96677146040823203,0.21148860199899955,-0.1436158576364191,-0.16955171779643474,0.95089834615461555,0.25892962416976634,0.19132474573983771,-0.22597545553649645,0.95515963857496677,-1.298208440176394,15.848384939623507,-2.2368103369059273,0.6091573433755947,0.3379978448451296,0.4444444444444444,1,4
0.20370573563658148,-0.83791804907120904,-0.50635690605486783,0.97902139758117757,0.1719171474508577,0.10936908836850541,-0.004590898273439838,-0.5180133564427265,0.85536020845020833,0.5415519394763566,-6.3136746334873957,-0.94906413912483267,,0.7291785056224993,0.2657342657342657,0,1
0.77445470183710341,0.6270213904304397,-0.084048145399413104,-0.60841867555967255,0.77461607486471307,0.17261706691807235,0.1733396377999461,-0.082547637784873243,0.9813965852108516,6.6818583187687928,-18.959755711650519,0.43725417372134645,,0.1766642892713059,0.2142857142857143,0,3
0.13483867077776815,-0.95190088354457858,-0.27514221917026133,0.99068832220033487,0.12423117370677342,0.055706945126469648,-0.018846249461647927,-0.28009163391020619,0.95978825555157798,4.928963358388736,-20.284024001688223,0.27102950002095577,,0.3467562721216773,0.3888888888888889,0,1
-0.13004216873417807,-0.91935705050583449,-0.37131071629583123,0.98892531184888599,-0.14727962260580676,0.01831503070360142,-0.071524554773128593,-0.36481683959255901,0.92832801940596521,-12.315937014309627,8.2666420135648533,-3.7366723009638405,,0.7094574512125396,0.3611111111111111,0,1
-0.12499479350572316,0.99069010230653431,-0.053939065512199333,-0.99200850794809525,-0.12384939924936583,0.024092456582170543,0.017187837416448162,0.056519443534405411,0.99825354031303393,7.0272470906760427,-3.6576404510878531,-0.16031376502478697,0.2961893536881091,0.3081043044715545,0.5248618784530387,1,3
0.40772635671610152,-0.82917646972986259,-0.38239456074235384,0.91226551223952546,0.3878550162044791,0.1316818954275045,0.039126119375315252,-0.40253554930135876,0.91456780958619099,6.2229599575588459,-17.706270787794807,0.29116526179751534,,0.2940257171457461,0.25,0,1
0.10439516148258916,-0.87055907575533142,-0.4808622940916128,0.99421979247843517,0.079162930498501913,0.072527475338851871,-0.025072983531333921,-0.48565432774239131,0.8737912905505093,-8.4233923225566016,-5.4890843672431391,-2.4122548435301048,0.4641409479985154,0.5596751755350469,0.3076923076923077,1,1
-0.07757308189389954,-0.96548116417539931,-0.24865345078642906,0.99509676477836018,-0.090328642589141542,0.040288522629215909,-0.061358338415606284,-0.24430893956325028,0.96775425411431648,-5.3241267612230816,4.5291041592827135,-2.3243410696739373,,0.06776066223950171,0.2,0,1
-0.23592703311313867,0.96125683008240714,-0.14256136105675418,-0.97176776443171842,-0.23373877192761339,0.032149626889755485,-0.0024180690253563747,0.14612150121625955,0.98926369579829154,-4.7707759895064168,-22.695404545067159,-1.0079969226095575,,0.1154056741267966,0.2941176470588235,0,2
