axis_00,axis_01,axis_02,axis_10,axis_11,axis_12,axis_20,axis_21,axis_22,location_x,location_y,location_z,dbh,dbh_approximation,score,reconstructed,number_clusters
-0.44213074999948609,-0.88425046566487686,-0.15040450085134138,0.89408925661336847,-0.44786331522670669,0.0047803852039636861,-0.07158771621896215,-0.13236149306196562,0.98861298496477434,-21.661093866450759,1.2354590081829873,-1.0489415141493827,0.9599375185878098,0.8020834929887446,0.6666666666666666,1,3
0.97150380171102069,-0.23362107356007891,-0.040019460886791786,0.2369145364873575,0.96224414645416045,0.13400636184780046,0.0072017818638030837,-0.13966888201506905,0.99017207481055836,-12.92661514756521,5.2266516712388595,-1.2628247623499487,,0.07383493654429418,0.2040816326530612,0,5
0.38870117834833295,-0.92038392815200698,-0.042483158428942978,0.91976626181097487,0.38490033978429727,0.076692581572130034,-0.054234837373064983,-0.06888507264577487,0.99614930064810236,7.4612677160296368,-2.7735090168891618,-1.0328603635797533,0.1675824294505258,0.1283726001870552,0.3846153846153846,1,5
0.98639601870366278,0.16351578674427059,-0.01689620581566996,-0.1611869366102632,0.98225512478643295,0.095883477705955664,0.032274847044754224,-0.091855633012851726,0.99524915319333274,-8.8622254965540552,7.6846696062599475,-1.2444304049291517,0.3420846876717303,0.3222507980306869,0.6592592592592592,1,5
0.98333444790115199,0.18101757469612301,-0.016911570656551234,-0.17054623834162849,0.95066199103415983,0.25914428295929826,0.062986857029529816,-0.25194129565059775,0.9656905505323331,3.3989172538540591,-12.987284471759956,-0.73621146442044516,,0.3234619499842087,0.1,0,5
-0.088474783099910206,-0.99048652303825502,-0.10539763012047616,0.99433477220019439,-0.094082214771635198,0.049466126361901737,-0.058911573981787001,-0.10042402373562198,0.99319909479808532,-20.387999987509968,-1.9749943361418743,-0.91951713544903602,0.992208327160802,0.3255559311323771,0.3454545454545455,1,4
-0.69837843131115651,-0.68250203140846954,-0.21554244083864932,0.71050368642676165,-0.697417971005862,-0.093769319566958942,-0.08632542066710229,-0.21863016910156957,0.97198187786875356,2.2253878447271642,11.150253434875861,-1.2882365331114825,,0.4181798508430288,0.3466666666666667,0,3
0.9997559145376661,-0.010976685580659827,-0.019173516125615072,0.013844924851854011,0.98757614450300701,0.15653011488024618,0.017217125276956138,-0.15675736404469132,0.98748706291017219,-8.9803081302552599,1.8022339123525908,-1.1403809152721116,0.2331401303185555,0.1443853366321441,0.2391304347826087,1,5
-0.99948528233819933,-0.026885328221283412,-0.017502843076606076,0.026144838986711383,-0.99880701287713813,0.041243162121835306,-0.018590798360731357,0.040764324523815156,0.99899582184432989,-13.978128856947095,6.9423228053443973,-1.2711202751483144,,0.1015811263611978,0.3793103448275862,0,5
0.7257209574201704,-0.6809926014715838,-0.097868118926016309,0.68788451210378398,0.71575030686307739,0.12048400820503442,-0.011999582029861733,-0.15475973302631507,0.98787926138001958,-9.0831656991308378,5.8292627689712475,-1.2634045735670181,0.772302243827943,0.4655690034176899,0.6989247311827957,1,5
-0.66231167900623023,-0.73789120418108245,-0.12984533354781091,0.745859109301518,-0.66577360666068119,-0.020968875648848147,-0.070974847121333229,-0.11073425606479005,0.99131251157739475,-1.6904081243870901,-16.100540294072307,-0.68857334539444393,,0.3800321136388513,0.5925925925925926,0,5
-0.17999265353548738,-0.98231595063520105,-0.05155596765570554,0.98103608662048081,-0.18309578638581919,0.063593472590602607,-0.071908562922834623,-0.039131906871766577,0.99664329247878491,-9.7735474440861978,3.9849925870865723,-1.2518899720259906,,0.08861167358831777,0.4508196721311475,0,5
0.78851928769470636,0.60549274860148605,0.10777691925663069,-0.61265958233332019,0.75804348455554693,0.22364774020330652,0.053717493506252989,-0.24238111913658142,0.96869284294739355,0.52357903120394844,1.8328709681423643,-1.1606458292576287,0.5020423572533075,0.4889071012046418,0.8757763975155279,1,5
0.54235425081390365,0.84012343742697093,-0.0066690711482402971,-0.83756634526361529,0.54129145449933846,0.074068742177394717,0.065836797505955461,-0.034585707624414437,0.99723083833297022,10.320633488328522,-0.3990691398208156,-1.1429801440685083,,0.07605878911502303,0.4285714285714285,0,5
-0.98536415880814687,-0.16697493231726243,-0.034305196602829449,0.17000807345855112,-0.97731621655592893,-0.12629436969127675,-0.012439031120832337,-0.13027810573711388,0.99139945817532316,8.6187418209449849,-18.112278432741313,-0.41441670285666049,0.253143857531385,0.2419300790656022,0.1923076923076923,1,5
0.45676092986794026,0.8880399702488081,0.052482989498231075,-0.88807053817324511,0.45174062529691722,0.08521224492427136,0.051963180954001646,-0.08553022095637966,0.99497960236795557,23.674986377443155,2.1165511713148217,-0.71998621062745227,0.3309317151085414,0.1676923467229563,0.75,1,7
0.38534355976956308,0.91008518124154913,0.1524968977673315,-0.92066595520832717,0.3680153080711509,0.13014965211492691,0.062326076921798458,-0.1905510322980028,0.97969677157052282,-5.4311306867544884,7.7268774305767289,-1.2264733331704141,,0.3694066914917528,0.4070796460176991,0,5
0.90844726362260875,-0.39935527230981221,-0.12344608416207517,0.4143469676856476,0.89929933803071438,0.13991887287720595,0.055137642190279529,-0.17825842783968046,0.98243766892247253,8.9339032259653255,-0.95649439686558946,-1.1237250355935835,,0.1765707569996808,0.2142857142857143,0,2
-0.067064975736670834,0.96242967803620705,0.26311861177910373,-0.99659011595648306,-0.077320299321781527,0.028804723408394687,0.048066930495755236,-0.26028961974676035,0.96433338843203154,1.8334409530913796,12.722799763248128,-1.3677581060471842,,0.4135627081354514,0.2068965517241379,1,3
-0.98053495833554494,-0.19565993550637636,-0.016382463781501364,0.19581657034126024,-0.98060317805771002,-0.0085602548388388783,-0.014389797138870205,-0.011601586993176044,0.99982915386457005,-9.4257295649764803,-6.1003769902841674,-0.81993419829067271,,0.0700493654375151,0.4503311258278146,0,3
-0.0046079266183515766,0.97518684770864605,0.22133544467246222,-0.99826767986874509,-0.017468601453217339,0.05618262447361895,0.058654977126880906,-0.22069313541509475,0.9735780059342457,0.066474132516167975,-2.9768248029060924,-1.011340043472819,,0.571932405689402,0.5193661971830986,0,4
-0.66096413712508773,-0.73927833378738583,-0.12881752453387518,0.74760336389016324,-0.66356345292630547,-0.027798457522521219,-0.064927804018008337,-0.11467819815931032,0.99127861428174346,-9.1998265980703575,-14.645204398907135,-0.68800097963483997,,0.08735585306762886,0.1935483870967742,0,2
0.0097883902564129197,0.99418458262390008,0.10724366223292676,-0.99837681901253139,0.0036989821991894427,0.056833482992947243,0.056106280170830303,-0.10762589467052985,0.99260704819266721,-11.968373153029546,-22.83844390861994,-0.3299771046908716,,0.2013915768334417,0.3888888888888889,0,2
-0.82830309127034674,0.55695769981559518,0.060927084355884037,-0.55991894512406182,-0.82676488407696724,-0.054319438034250482,0.020118744571808136,-0.079107187241869104,0.99666307699419376,-11.654656348045531,-12.895436993062981,-0.76286438765020981,,0.1081390919200828,0.2380952380952381,0,2
0.84466393237108106,-0.53425702578208534,-0.033350738431178029,0.53499570910437677,0.84045858765794801,0.086075279098676974,-0.017956408085404482,-0.090547185679569375,0.99573027199848774,-3.3876384699870172,-10.656005629341237,-0.81037022472976539,0.284575242150386,0.2294889960133991,0.7681818181818182,1,5
-0.16773694019650157,-0.97745078387446971,-0.12827425305453333,0.98358320192018267,-0.17471488731348073,0.045152996040989185,-0.066546253042189446,-0.11859457514667748,0.99071031232738382,2.137982707764067,5.1628033293891082,-1.241742622952771,0.8224519944458836,0.8440321208482466,0.9860759493670886,1,5
-0.90033687067590684,0.43245688070349797,0.048729515016222955,-0.43481333940893657,-0.89857328551624838,-0.059189614195262294,0.018190084484814222,-0.07447883517305845,0.99705668040372697,-9.5664456384953738,-0.73131151949854512,-1.0959033194729306,,0.2261394614784066,0.2242152466367713,0,5
0.99966907065137067,0.014931915879661342,-0.020947244954616098,-0.01305606743264316,0.99612328664231931,0.086993890084877568,0.022165023939085805,-0.086691612610841448,0.995988592312539,-10.848688950624995,15.41645909791294,-1.5858360947335433,,0.1792928296035978,0.5757575757575758,1,5
-0.54327981893577393,0.83952859124368306,0.0062275855282057741,-0.83844218164035123,-0.5429281503125305,0.047368044548879364,0.043147959201830524,0.020512632269236129,0.99885809078872945,-8.1855931853955877,-5.3917856395560619,-0.8740835159903303,,0.07881981130221603,0.3780487804878049,0,3
0.14649749560367362,-0.98426991135416186,-0.098748293072454862,0.98739106566670964,0.13944492481778736,0.074926606650256633,-0.059978056182342906,-0.10847974255792388,0.99228764893611121,-4.5345689301633589,4.2852157117356189,-1.2622255831872886,,0.1165344473596278,0.2105263157894737,1,5
-0.92347096809422591,-0.36622211317510922,-0.1143797836537231,0.37281703841787123,-0.92694886538775745,-0.042110056063590001,-0.090602576963585424,-0.081530146436203377,0.99254420973055435,3.348687985614474,-19.429582124313775,-0.46034829797251375,,0.2013770920239369,0.3076923076923077,0,2
-0.8832886465624129,0.4684494847503104,0.018874509029599796,-0.46859719302419717,-0.88340249524678016,-0.0040868180292983752,0.014759320573213244,-0.012454381916826152,0.99981350802401425,11.220622815743543,6.9079846214640188,-1.1392028245192385,,0.07754386500824721,0.3846153846153846,0,5
-0.3818884763597159,-0.92286266711486642,-0.049856687307625276,0.92153498062118533,-0.38432952493988759,0.055354274911630329,-0.070245790729172836,-0.0248055216658696,0.99722124675506074,-22.470851132122988,-2.4559441434244067,-0.88759910532259079,,0.08113471121417283,0.3333333333333333,0,3
-0.39235606195126976,0.91907826829622719,0.036767613407692128,-0.91842773787164189,-0.39364517558616302,0.039165878589862493,0.05046990150642628,-0.018401426122585728,0.99855604577739387,-21.268874322424534,8.455601173195058,-1.3628697024524192,,0.1335100875310045,0.28,0,2
0.91190010416947598,-0.40568561257441232,-0.062107839809666783,0.41027780997397528,0.90497558240139031,0.11265573176817904,0.010503268951053038,-0.12821224203401552,0.99169113252764018,4.9087021866506246,-7.1648784083343093,-0.95890706870493314,,0.08993996969408719,0.4,0,3
0.83050385206658828,0.55685049266522768,0.013449182914018752,-0.55341122454174208,0.82215190841711328,0.13342509523066196,0.063240558613687603,-0.11825298433694893,0.99096763995684389,-28.429974869890906,-0.042745504036526556,-1.0265600280044243,0.5812793362387286,0.3927023137340991,0.7076923076923077,1,5
-0.87274320443853826,0.48107182518133268,0.083001193503788526,-0.48797942148936174,-0.86455190652611524,-0.12010863884403683,0.013977957978897089,-0.14532687273440106,0.9892849522518673,-9.2171268839569915,-6.8730517328189986,-0.78052340915119622,,0.149573974181074,0.1842105263157895,0,1
-0.93475793736848611,-0.35433152258102252,-0.026014815625478933,0.35528507723736025,-0.93217919569093033,-0.069386317191886468,0.00033528951108407958,-0.074102086518697249,0.99725060458969828,11.484316594920047,8.6523441240712042,-1.0905886258157267,0.4489909686915174,0.5401816439366602,0.5,1,5
0.70314301485259223,-0.70854544405243269,-0.059609180304281251,0.71028425522268823,0.6960291325316692,0.10507008827427268,-0.032957206294810103,-0.11621876087686141,0.99267669569376327,11.91130082044867,-5.8640114938588326,-1.0608084739378645,,0.1224369168537095,0.375,0,5
-0.98637542196272943,-0.16153463158730214,-0.031146263753510824,0.16165483822028917,-0.98684641789020344,-0.0013641030926825691,-0.030516228925292037,-0.0063804619918856748,0.999513906595076,0.13163219676140459,12.519722620894758,-1.3703978739799987,,0.07240858774578217,0.1818181818181818,0,3
0.73111713220334595,0.68200449779150352,0.018374003127091972,-0.67960808243599291,0.72565107753482616,0.10753310169533153,0.060004943849884688,-0.091106413960297464,0.9940317037443358,5.5610116201196478,5.0926322531765651,-1.2236828120776455,,0.07286976755851517,0.25,0,5
-0.66457708576943952,-0.7318665330147518,-0.15069397772693907,0.74456099574924217,-0.66560350064298757,-0.05099905431180559,-0.062977938034654818,-0.1460936610013209,0.98726410931226261,-10.266985265061832,-11.413510845530592,-0.79524531284233824,,0.08582393444344971,0.2258064516129032,0,1
0.54937618627185814,0.8276534126545394,0.11478516663177679,-0.83324145041645992,0.5323881515759129,0.14923652826790848,0.062405859222225246,-0.17763075348283247,0.98211650233149972,17.820631741318913,5.8287745601346677,-0.95543036279721616,0.3422120211718344,0.2135731361414528,0.3513513513513514,1,5
-0.76892592573657659,0.63933766428027217,-0.00052130873343758037,-0.63883084500274623,-0.76828340044231103,0.040444629777981189,0.025457262288529129,0.031431952491796519,0.99918164522739683,9.8869390180850942,-8.4471740130762711,-0.87189511089074123,,0.1254734461162938,0.6,0,5
-0.99531437174695703,-0.087705983661304596,-0.040705795950484291,0.090426299826695075,-0.99339373818508669,-0.070653840902752715,-0.034240118189225704,-0.074003657778935639,0.99666999199420314,-1.5989054289043036,2.6247981839027825,-1.174496397493112,,0.187679649521408,0.2795031055900621,0,5
0.2189277544261698,-0.9564811259359749,-0.19291058568716429,0.97395071746137385,0.20224136732535589,0.1025593940058447,-0.059081624033114309,-0.21033850116091576,0.97584172724422358,4.8858027626093072,4.4905982175033587,-1.2034135385226672,,0.07477478178778232,0.25,0,4
-0.96314852278267282,-0.26013890625562586,-0.068356949271329737,0.26673747431954387,-0.95647018421285845,-0.11838879383392982,-0.034583852520896477,-0.13225935189599544,0.99061163983715916,-24.855361050415212,-1.9700262838946079,-0.94902553675706414,,0.2887153966865375,0.36,0,3
-0.107718539800815,0.994180482118599,-0.0013730104193416723,-0.99222962127452308,-0.10742046483171711,0.062779155782439561,0.062266321945319877,0.0081248205992016462,0.99802649886745676,-9.6434898902087234,0.99988683488093566,-1.1305284031508536,,0.1243847816282081,0.6683168316831684,0,5
0.91131133920258678,0.40676599334088165,0.063663723596684624,-0.41051784442879258,0.88592861705589865,0.21588326680630454,0.031412456865501218,-0.22287196356390399,0.97434149322034136,-6.8436602114361076,4.8374538256592867,-1.2860576786910902,,0.09698387438766129,0.2769230769230769,0,5
-0.89850556520427749,0.43681245657934664,0.043389250674078325,-0.43896080833248519,-0.89434506750829712,-0.086373080133050548,0.0010761250080004129,-0.096652873732215205,0.99531756939896898,1.6324432630739243,-20.519545727851796,-0.41443813503388482,0.2201904710133987,0.2067892347766507,0.4137931034482759,1,5
0.16976100628748036,-0.95431160346692057,-0.24590763353880993,0.98383104903519147,0.14966314127026117,0.098373833408244016,-0.05707598180125454,-0.2586316060219892,0.96428835141150071,-26.802087144429123,-0.741189571957375,-0.99624833229107401,,0.2474871381151133,0.1666666666666667,0,3
-0.34642554817813426,0.93395410983987426,0.087858182787310696,-0.93621023080253662,-0.35012269276689884,0.030405653262478054,0.05915862836595713,-0.07172043448603127,0.99566883850354293,8.1183421623127732,7.8984467740621751,-1.1419644686633916,,0.3959019006719289,0.2272727272727273,0,2
0.9978836858171084,-0.059871470996710884,-0.025368416205039858,0.064384608767526524,0.96435625847995243,0.25665468802342017,0.0090978972248903656,-0.25774486161946386,0.96617017888923074,-10.464148775121862,-9.8280903768275998,-0.72111909445383626,0.1391978538726744,0.1034990049552852,0.28,1,2
0.94934387705279466,0.31421915300034448,-0.0035393488263779247,-0.31187595893002878,0.94352360880546815,0.11178812937061498,0.038465430503813063,-0.1050215383359645,0.99372576053039097,5.0083316062513417,6.0133743587744783,-1.2543449347618949,0.1945137441107671,0.09630388626035147,0.3225806451612903,1,5
-0.87045761519697684,-0.47799662901169482,-0.11757024623197974,0.48974601031337883,-0.86500481369847848,-0.10915822305529083,-0.049521566289042182,-0.15259716554352168,0.98704696926760427,8.2783808633230827,4.1816051994820249,-1.1779698672623053,,0.153979894149426,0.1428571428571428,0,5
0.93699900658910718,-0.3435844475526762,-0.063107757454606631,0.34929146713194426,0.91872289282585207,0.18423820772714994,-0.0053228413315795859,-0.19467401880482332,0.9808535536778864,-7.6389060004805014,-26.797553509925013,-0.22030893991849151,,0.213024384756615,0.45,0,2
0.1080948686546376,-0.99132147179572572,-0.07481469726794919,0.99148329381200584,0.10200153798188807,0.080972614759727821,-0.072638677453781442,-0.082930246629849602,0.99390452093331383,9.0684350371720477,-2.7745711255773684,-1.0209370848023327,,0.1757701798396308,0.3684210526315789,0,5
0.88749850410468578,-0.4485869377979142,-0.1054332227006036,0.45983518506068388,0.84724861879580859,0.26593491784419909,-0.029966778140991825,-0.2844987472480055,0.95820793934415072,6.0780961823881068,-4.9730604305084007,-1.0013609639687986,,0.5537867400944531,0.2962962962962963,0,4
-0.99108859212771871,0.13238099668358999,-0.014787639140721471,-0.13294054064078334,-0.98999520670321928,0.047289569238751807,-0.0083794515592075652,0.048834029341329112,0.99877175689436537,-12.383095506531848,7.6899080830797715,-1.2800907619128683,,0.07296748861964598,0.4166666666666667,0,4
-0.3434858313259716,0.93888718298529816,0.022546425531263375,-0.93640418157822791,-0.34421705785824586,0.068277564413368796,0.071865794374756597,0.0023398088263214176,0.99741156645265594,-9.1132124027585242,10.322360697814768,-1.3724774138525824,,0.07360404786895082,0.5454545454545454,0,5
0.71514785292936134,-0.69680505779322843,-0.055011452301311589,0.69674639543195793,0.7043809468723351,0.13561689472851807,-0.055749519308223083,-0.13531516218446288,0.98923293413629021,-8.5078241074361856,-0.054533493116220584,-1.0948641384403031,,0.4009134565364154,0.4822222222222222,0,5
-0.95653214415019172,-0.28486513658691043,-0.062434855367484415,0.28602637459152636,-0.9581659969916817,-0.010336113726404542,-0.056878556991767075,-0.027744840353805814,0.99799551781973284,14.781751075844367,-14.015164117535907,-0.45209154941489188,0.9671925754593349,0.7376866662161158,0.1818181818181818,1,5
0.99929631092273985,0.019491338020144307,-0.032046383858184424,-0.015756223073264766,0.9934777380693357,0.1129323930283103,0.034038572394669328,-0.11234799376410647,0.99308574850639741,-8.776326321477665,13.858478927114753,-1.5053429509867664,,0.1374028356485485,0.3636363636363636,1,5
-0.12337525580116337,-0.97202157328519667,-0.19988148319483881,0.99211321368932148,-0.12530918048900916,-0.002996749609092133,-0.022134079584301389,-0.1986747853990134,0.97981549904439225,9.8022240152581315,4.7527479328097622,-1.1929372568931229,,0.1315814957017606,0.3703703703703703,0,3
-0.052523136234599518,-0.99712338095610142,-0.054646896625101388,0.99647757944974691,-0.055914304155393002,0.062498193932232909,-0.065373953636402429,-0.051171806119102499,0.9965478876825008,-2.263258761918046,-17.306582304201495,-0.65484052411964822,0.2103149972122021,0.115314965959311,0.3529411764705883,1,5
0.23029058063717175,-0.96435342295284254,-0.13034079986302058,0.97105758394182207,0.21901165399788042,0.0952946172781301,-0.063351536199738961,-0.14851387494860688,0.98687902592409171,8.9146301191626236,-10.633053993836967,-0.78152539838924773,0.2085793252329716,0.09446188273803857,0.3684210526315789,1,5
-0.94183754512159956,0.33578851470895194,0.013715392406921934,-0.33605389350731002,-0.94139249764617394,-0.029119512943678493,0.0031335695137436992,-0.032034961605337489,0.99948183674194302,-17.821465857443602,-3.1706478184018758,-0.88169747202611659,0.4418725712645488,0.3933354166669286,0.9183168316831684,1,5
0.96008869355838511,-0.27693995685470324,-0.039165811604843705,0.27964969062343109,0.95301328789733608,0.11645481366318074,0.0050745478192959622,-0.12275965700677864,0.99242345577681967,-13.408352130871883,2.2055088712462565,-1.1097956334627461,,0.1148895385044656,0.2589285714285715,0,5
0.55977711216410053,0.82837019664347267,0.02126974400584386,-0.82622769981781607,0.55600298816102678,0.090600580626009147,0.063224779564510752,-0.068289783048880295,0.99566014923775847,1.7164072313415484,-9.0770867829373394,-0.85377467215579439,,0.07555720501253244,0.2,0,2
0.88830443786987412,0.45600719313106652,0.054522155803063709,-0.45739539001412449,0.86777765659078732,0.19429718452831149,0.041287805154963782,-0.19753323400007405,0.97942633138534618,-8.0593246146838933,2.5866444744673727,-1.1734457724694041,0.3871937545044072,0.1248688837292905,0.1857142857142857,1,4
0.94287959459446891,0.32022920048804571,0.091822269913979807,-0.33054174005052822,0.86498698125296103,0.37754427600912988,0.041475633590553784,-0.38632988677770691,0.92142769135759384,-3.1283513827118123,6.3237923769293838,-1.255292745224097,,0.6925051342298997,0.3370786516853932,0,1
0.99692835779836797,0.075786745927183749,-0.019753950471192237,-0.072281832557230197,0.98744087026394789,0.14048439206739888,0.030152712972771802,-0.13862502253975145,0.98988581009439436,-2.3792305597039762,-28.351033375692158,0.021734632480500539,,0.243263140408211,0.8,0,2
-0.93488001067076321,0.35324621085244146,0.034878075729952121,-0.35482325512314655,-0.93275315061931019,-0.063812362701618178,0.0099911596947634528,-0.07203245468634871,0.99735224579875026,-18.428476517059671,-0.86481131577507753,-0.98017391944810772,0.2940070511611832,0.2841798054602077,0.8872727272727273,1,5
0.58256084530452978,-0.81224588394866759,-0.029656121231898588,0.81172259050583895,0.57954367483581548,0.072357204342696171,-0.041584823921276638,-0.066225017676465561,0.99693778614976247,-6.1798405226375737,6.0394270624539645,-1.27955883493273,0.2637786443027019,0.2365838780672035,0.8652037617554859,1,5
-0.99637221138689436,-0.067110571065956567,-0.05233151657644499,0.067149161676309965,-0.99774242404025815,0.0010224267396168963,-0.052281989845053972,-0.0024952998758250222,0.99862924402220998,-0.5433645889899118,-12.900036498870131,-0.71404626626427969,,0.3522104536452933,0.7254901960784313,0,6
0.14345899582825802,0.9816010129658298,0.12601177667347499,-0.98892131054191135,0.13727941633808619,0.056471261770426412,0.038133424603849164,-0.13271704183838759,0.99042012738718666,-7.0967902856323564,-7.4547903003269091,-0.77744399573810519,0.3095133966465886,0.1702039859278072,0.2732919254658385,1,4
-0.41806842040331554,0.89359308645517654,0.16343252950679263,-0.90697705841339027,-0.42071627779754134,-0.01975927903483235,0.051101970346269697,-0.15649028543553106,0.9863566186684386,5.9497994923528061,-1.7340289526249499,-1.0869473776068022,0.7443269022538954,0.5285020459912434,0.3576642335766423,1,1
-0.552208802967324,-0.81772105573057197,-0.16247373000049214,0.83063099906326376,-0.55634567763792808,-0.023057111023663909,-0.071537272247118158,-0.14768805635010601,0.98644343816103741,10.914695522350168,-13.394076993763644,-0.61059979315308288,0.2707319676854373,0.295202353418122,0.525,1,5
0.75443245954284688,0.653829105905817,0.057785502148301603,-0.65402160371688411,0.7413530146523194,0.15050398512170271,0.055564429806543775,-0.15133805845298381,0.98691913863495206,1.7977306583747155,7.6807571923837399,-1.203980761141157,,0.07834997722457708,0.5135135135135135,0,5
0.81782711275366016,-0.5721532467724848,-0.061639888487225986,0.57518890415792234,0.8094216911031793,0.11829729711738661,-0.017791519851380187,-0.1322013168594581,0.9910632036565602,-6.9144260663371178,11.604387057004534,-1.4033770417438123,,0.08925620506971038,0.2307692307692308,0,5
-0.94756871395895659,-0.31456633880889484,-0.056227669474525219,0.31659680199834095,-0.94803302029190128,-0.031620521827419194,-0.043358935533430891,-0.0477641175421731,0.99791712671184518,-21.561000568677425,-5.2397676569797902,-0.72517885168051355,,0.07759889802592299,0.1304347826086956,0,2
0.34239768968790557,-0.93681656309840589,-0.071683674577100662,0.9375059919719434,0.33561895445771095,0.091882710154934641,-0.062018844822259521,-0.098664302121911782,0.99318629590510799,7.7368126349957622,-6.3644571428995587,-0.99715975407992197,,0.1277796921336876,0.3333333333333333,1,5
-0.23301490219921581,0.97033246297732345,0.064490050747776695,-0.97147772002837218,-0.23526374783141138,0.029698626984986327,0.043989712906146436,-0.05573042480260653,0.99747632799468222,6.5589213594266829,4.9916249730743916,-1.2323761945789469,,0.09143536962477555,0.1621621621621622,0,5
0.81390005999464521,0.57994997309273388,0.034996014779530862,-0.578457959224698,0.80322713024550985,0.14217090647231378,0.054342264861795976,-0.13595663259767413,0.98922328738378895,-8.4372795248396582,-14.53125878902981,-0.68498645090992105,,0.08186184786943915,0.2222222222222222,0,2
0.93660954746277336,-0.33213081192100674,-0.11158709322441257,0.3502862672449033,0.89477783210580619,0.27689738559919297,0.0078795038684643486,-0.29843216137797329,0.95439832275316783,-18.181409491493678,6.8030414556900247,-1.2682869099277139,,0.4997362065728985,0.4,0,3
0.90752613416630257,-0.39222104233359534,-0.15019643722777148,0.41997950106703552,0.84434585116422223,0.33271204111851821,-0.0036789249315269338,-0.36502429723583424,0.93099072387367821,-21.203737755410035,7.1363295230969337,-1.2939220195584542,,0.4079940827224133,0.4285714285714285,0,3
0.47404320685244283,0.87835294410014852,0.061474739752630118,-0.87788759445857512,0.46610671106740525,0.10980849417810383,0.067796825388718424,-0.10602188212122952,0.99204987323152427,-16.070287809531631,12.840049179465041,-1.4677684693786848,,0.1719174501617435,0.5333333333333333,0,1
0.95115018044935185,0.30239315227924152,0.062223112151267343,-0.30605305591131149,0.89708122266838775,0.31871116532550064,0.04055688842247749,-0.32218575603278071,0.94580731516047833,18.845844831688506,0.022119492446778816,-0.96195237568831193,,0.4500992060321162,0.1764705882352941,0,4
-0.97224047813146153,0.23386284262983048,-0.0075248601184831204,-0.23371215357074124,-0.97215854405584534,-0.016923193922701633,-0.011273063294147326,-0.014694762887309613,0.99982847628363336,16.099503727646866,-19.742312835714195,-0.038341714494143225,,0.2075123822249572,0.6153846153846154,0,3
0.43069035036606446,0.87220688549239567,0.23186412184987068,-0.90249425896514524,0.41533421074943822,0.11402458470038287,0.0031519258414572306,-0.25836532716445604,0.96604214353344509,-27.318978934195183,3.377686129444367,-1.2042573173993576,,0.6365788641034538,0.3225806451612903,0,2
0.52259485697585806,0.84275280849337952,0.12908260626011411,-0.85110968435627821,0.50678764272944266,0.13703499688652998,0.050069158744068622,-0.18147724086853484,0.98211969249649245,7.2259302888826529,2.8473978749847628,-1.1426867505571185,,0.4137052124180546,0.3894230769230769,0,5
-0.98745898820696643,0.1572358800992415,-0.014199458394334417,-0.15754516047466741,-0.98721496803303799,0.02421010744586127,-0.010211220313302103,0.026143544154260876,0.99960604543928622,-25.255101276841618,3.4628931807972405,-1.1910992476948847,,0.09446595887385584,0.4375,0,1
-0.62933990215376157,-0.75662027241038099,-0.17736135693756638,0.77433134646235935,-0.62987587826886127,-0.060558598570480418,-0.06589577712481888,-0.17544840082677196,0.982280817894987,-6.371674197217132,-11.525960953775146,-0.82258503805176675,,0.1080019117736413,0.2352941176470588,0,3
0.5875350065229773,-0.80757281548692184,-0.051271471566281882,0.8081171286726202,0.5822957928869964,0.088759877940570081,-0.041824902342570476,-0.093582889849755088,0.9947325873175179,-9.4955204674172844,-8.3684468483517982,-0.72524240803665063,,0.07491514421928584,0.2448979591836735,0,3
-0.48931551268942819,0.87014531513912841,0.058459041926037174,-0.87094246403305553,-0.49102581266579831,0.018784984427022668,0.0450505647635316,-0.041722677734302951,0.99811305210239953,-8.7725352445483953,-1.1836684994567022,-1.098613713905302,0.1233629015216458,0.09047700557879239,0.4514767932489451,1,6
-0.80909890670265905,-0.5786627392438275,-0.10251045499553191,0.58504857894690165,-0.80960252619838313,-0.047559540004148061,-0.055471789630151605,-0.098453967842973972,0.99359433209494596,-23.135396325131129,-5.6883541783708464,-0.71677749234721333,,0.07809237257425812,0.375,0,1
0.46407831494153712,0.88549239770283539,0.023119931044549621,-0.88272576271239012,0.46014256700388612,0.095205282809838865,0.073665089729468933,-0.064591265985080498,0.99518913926629637,-8.1253249050186565,8.8950226811469761,-1.2801352534521246,,0.07243473287104488,0.2758620689655172,0,5
-0.49545668179053082,-0.84503417112759505,-0.20109680777132152,0.86384979259996719,-0.50360358036063035,-0.012123104921963175,-0.09102863447350687,-0.17972390902340585,0.97949635233176646,21.223647384276749,4.912600336052221,-0.78688355134329835,0.5179596066632443,0.3886693214534614,0.125,1,5
-0.8907815084486127,0.45170450711957927,0.049712598542744998,-0.45439943246667425,-0.88667879849703768,-0.085567891582147171,0.0054277048536713647,-0.098811672102579323,0.9950913493123702,-3.9754848783011036,0.25777619835699861,-1.1365562530232902,,0.4642228256355619,0.2971246006389776,1,5
0.60697133695694794,-0.79181926834083616,-0.067882563275692601,0.79373196523419542,0.59973241245406528,0.10154112869910968,-0.039690848796134853,-0.11551311499656618,0.99251264817413398,-12.724863923866904,13.794424281246094,-1.4937399621315326,,0.1089169068231476,0.3636363636363636,0,1
0.86337763794541755,0.50455664201574324,0.0012842482587056055,-0.50236654312675422,0.85938747324311171,0.095294423654778901,0.04697776753601493,-0.082920237762675333,0.99544830278961016,2.7838093197416232,-10.604924226554123,-0.83905174704473151,,0.1035096856343321,0.2926829268292683,0,4
-0.73043685916687773,-0.67192155384315644,-0.122406781884926,0.68123502694092608,-0.72957776420286891,-0.060291989928496069,-0.048793778693821573,-0.1274272791114214,0.9906469884368686,11.955945794460151,-8.2374525068384035,-0.92414738486065706,0.246432490115361,0.3126390195223985,0.2941176470588235,1,6
-0.70899196161403633,0.700997724965991,0.077023294912548057,-0.70391439853707405,-0.71008338910474056,-0.016914492298469568,0.042835941671334102,-0.066210045386107405,0.99688580689620587,-2.4335908287787831,-18.284361795299844,-0.59563719378977109,0.3348842166711784,0.2631074317144692,0.8051948051948052,1,5
0.37975895220244549,-0.92311300261084028,-0.060378163543609448,0.92310623559499294,0.37387129694756094,0.089972946625024655,-0.060481534601410196,-0.089903491197766083,0.9941123408562591,-15.476017104943139,8.9041170737752697,-1.3483883620848314,0.3482975079023772,0.2818726955415912,0.3846153846153846,1,5
-0.94393284181433323,0.3288434361034282,0.029202477223811047,-0.33000275891950737,-0.94237617318070344,-0.055002975617743345,0.0094323512355199059,-0.061556013134242658,0.99805906037527981,-14.417245379329817,6.0658835508623472,-1.2556189638818269,,0.6247316106086007,0.3190184049079755,0,4
-0.91786193481009481,0.3968306118474092,0.0074117560322405733,-0.39681889663685677,-0.91789184878135011,0.0030524109592772563,0.0080144805557293471,-0.00013943302193749759,0.99996787381388186,-7.0082063592727941,0.30496746201325658,-1.1244044146749617,0.2767177168597142,0.2862448068752867,0.8573433115060805,1,5
-0.46042395492066884,0.88767391075259006,0.0066940200488482043,-0.8868471358302471,-0.46029927161220485,0.040332842981405208,0.038883665013716401,0.012633634571181636,0.99916387638496251,-29.925486564580272,-5.8142027558554279,-0.76641319282355092,0.2154013607922476,0.1817532869142997,0.3714285714285714,1,4
-0.84645885719003722,-0.50604706559335666,-0.16560123939418611,0.52931439083236742,-0.83346063103276313,-0.15864946320813561,-0.05773801817084781,-0.22194536247198987,0.97334812751393363,-24.188260195447643,1.0705883983834734,-1.0471044286866134,,0.2605230782041427,0.40625,0,3
0.94367372195725974,0.33069613167586931,-0.010953309178080481,-0.32823050852104896,0.93979031626181586,0.095178226168235541,0.041768885110188156,-0.086221980695958975,0.99539998507209115,-3.6576240749161104,-5.8546164136703354,-0.94108802059076035,,0.1037453456932228,0.4196428571428572,0,5
0.79907124068635615,-0.60030156339307794,-0.033513956731392389,0.60079660117469669,0.79511376043590154,0.082689491366265966,-0.022991222779564377,-0.086209865753902284,0.9960116780047279,-10.931013561092854,2.3640201235934781,-1.1566864533648409,0.2681324209966254,0.2530128475499749,0.8458781362007168,1,5
-0.95386510554335635,0.29767507326523152,0.039126860125767673,-0.29727550040424466,-0.95466106109009696,0.015796686289741426,0.042055169553435801,0.0034364509118650238,0.9991093801576294,-19.947753174512744,3.236772091589371,-1.1649390733779825,0.632137374757634,0.1778953244566656,0.3125,1,3
-0.99960830686747004,-0.023328126681082872,-0.015460638638257992,0.024175081814653984,-0.99807745450614238,-0.057069783824676555,-0.014099583710387775,-0.057421192186264111,0.99825047379257625,-21.226064249870447,-2.8624852859313976,-0.84338921280925339,0.6415163625728669,0.6707432516065743,0.8311688311688312,1,5
0.81703012107575013,0.57656131157287338,0.0062317936674443995,-0.57302478640559673,0.81072288298091033,0.11987911067380445,0.064065399552065611,-0.10151581654348275,0.99276893765455032,-1.0497652536910438,-5.7246420376442266,-0.9925856737548604,,0.07273039836668493,0.2741935483870968,0,5
0.83463330055750151,-0.54405872499369168,-0.085949737397681872,0.55042057214753026,0.81799570936948363,0.16709342659093901,-0.020602120213155661,-0.18677024177141996,0.98218757344581009,5.4885147868789508,-20.559517019954306,-0.34369295662672028,,0.1822267651557541,0.5,0,4
0.45231834613292327,-0.88517698434128989,-0.1089487041870516,0.89049290773433665,0.44149155795146466,0.11003447429072151,-0.049300050977905345,-0.14678865981420042,0.98793855796984043,7.7484863776985993,-1.0791687827703262,-1.1199658768639589,,0.09340427116470384,0.2631578947368421,0,1
0.9568433048489946,0.29027317742225317,0.013869839034562011,-0.28777088047162847,0.93978540270050892,0.18436734315932371,0.04048222224926866,-0.1804019937257714,0.98275953841289632,-10.809987254362957,7.7156773800163725,-1.2578437103841167,,0.2486165048590448,0.3,0,4
-0.45365034338216886,0.89067742597142552,0.029918034931397712,-0.88981931598363995,-0.45455677321813265,0.039996560151171673,0.049223478662600385,-0.0084771921315463516,0.99875181419705938,4.1103557186975284,-4.7372469431789446,-1.0153775613571761,,0.07302293699525123,0.2553191489361702,0,5
0.99347645527015549,-0.11139072543134461,-0.02442619724243833,0.11333315179536747,0.988194035072681,0.10309289864438859,0.012654229647667783,-0.1051886654286134,0.99437176907702485,11.565216910253568,-0.079644578101886604,-1.136748998748518,0.6209985147911297,0.4643152386860135,0.8172043010752689,1,5
-0.31155271940419155,0.95014496046192976,0.012627634008517135,-0.94873814444439131,-0.31178057145131344,0.051853722544361484,0.053205604103969684,0.0041748502119628101,0.99857485163488935,-10.536149652534638,-6.6084261835383575,-0.78544681714942066,,0.07691367560296918,0.3615384615384615,0,3
-0.3119266199962264,0.92379270693396265,0.22205589015685287,-0.94845133157411432,-0.31654776929387046,-0.015413675433350808,0.056052255735339812,-0.21541714038278625,0.97491209873315432,-26.153360145244267,-2.8703069577678932,-0.91566338763251742,,0.4848907501289183,0.3055555555555556,0,1
-0.95663233883735654,-0.29061140083454506,-0.019989547157265447,0.2903028068106519,-0.94544874846497473,-0.14782064938252051,0.024059273647108196,-0.14721303519388546,0.98881215284834412,-29.202335243317965,-0.53142950499234087,-1.0263108957024378,0.7338408606797409,0.4127777873346067,0.196078431372549,1,4
-0.34820447383937242,-0.90906781608507259,-0.22879980366373273,0.93409961129288832,-0.3569985499854717,-0.0031545983493628639,-0.078813454312832293,-0.21482025292459625,0.97346838590305096,9.7227517434622239,9.7499503603844442,-1.1131999283046947,,0.4483622524063793,0.3461538461538461,0,4
0.92697995662883126,0.37510923800657919,0.001104341674160758,-0.3719963067035692,0.91890063590024451,0.13130258619323007,0.048238032788598256,-0.12212567667878044,0.99134172276185162,-12.499409698246454,1.3384961951806442,-1.0771895181704549,,0.0934986492684433,0.1395348837209302,0,3
-0.29655161002543162,0.94496137557840965,0.13822134877176492,-0.95337714039638488,-0.30140289672074683,0.015110328188252845,0.055938991418671168,-0.12729608208151738,0.99028608832284382,0.34847444236077851,-8.8107340924238731,-0.85666240428112483,0.3360450256816437,0.1539532902065947,0.2666666666666667,1,4
-0.82096720602586848,0.57081699724767798,0.013446273953153207,-0.57081254920388036,-0.821067835539117,0.0045434694316646091,0.013633792628850902,-0.0039452625075154868,0.99989927222810782,-12.745274841032208,16.266218846492546,-1.6173589376270034,,0.2848375175195879,0.9230769230769231,0,3
-0.40911419604140503,0.90621210264524965,0.10679512918045435,-0.9110376298319165,-0.41224416707499345,0.0080736449567918242,0.051342103848968292,-0.093991338600532798,0.99424826710457037,9.1983483527879404,6.1823967065913834,-1.2326289056390114,,0.1511488341038411,0.4,1,3
-0.9746268403312015,0.21969813355993908,0.042839843794037498,-0.22376647682127673,-0.95154596671475378,-0.21092377077958174,-0.0055754781867920792,-0.21515808917901194,0.97656331628001691,-7.157580764101926,-14.731300779266887,-0.67105057639502952,,0.1417055993341895,0.1538461538461539,0,1
0.83241546945085942,-0.54862950235860619,-0.078039447465062889,0.54559515085141852,0.78674176154363384,0.28872708915277934,-0.097007306870782864,-0.28291883957235342,0.95422560887282293,8.5212114649117119,-1.841514902515593,-1.0687703525423276,1.038809708154789,0.6554204718914356,0.2063492063492063,1,2
0.64318307168441435,0.76430121600437029,0.046467058362276929,-0.76305392973388186,0.63471623267014221,0.12200001763402642,0.063751365603272922,-0.11392521757391484,0.9914417825492603,-5.6378657041745095,0.79483323370249559,-1.137474702024001,0.7848323271909891,0.8916652733912032,0.4956955142727685,1,1
-0.50140462825326793,-0.85850568020248608,-0.10752393141189345,0.86135042989124067,-0.50702627847502935,0.031619453852615956,-0.081662939528147807,-0.076761644040688401,0.99369955937989274,15.081488507482591,-7.8797201965387149,-0.9176005482228532,,0.2056403859878203,0.2916666666666667,0,4
-0.98809621405379022,0.15348962395372712,0.010334752590697587,-0.15370393139152472,-0.9822149006653681,-0.1078377966471491,-0.0064010348660962163,-0.10814261070209938,0.9941147833641637,9.7601399154497059,-21.183853064387645,-0.2007559998584951,,0.3024019649267766,0.2916666666666667,0,3
-0.39004910804052723,0.92030036987273323,0.030148342058888923,-0.91929469848111711,-0.3910729078323652,0.044263281668334119,0.052525714286443335,-0.010450357489051525,0.99856488991304404,-15.463150401833785,0.75006419945139391,-1.0447881751205632,,0.07383703371243182,0.2098765432098765,0,3
0.60520850085784872,-0.79228220158338392,-0.077534402322976509,0.79507066484744093,0.59670587125884145,0.1086496254216965,-0.039815931339646476,-0.12740100572370966,0.99105180255733516,0.21920230586117706,-16.982419225500891,-0.67220310565119978,,0.249336588969997,0.1764705882352941,0,1
0.23442593432216483,0.97143906034222804,0.036750964049785811,-0.96969261705870091,0.23099249897259477,0.079615914491028741,0.068852812135940133,-0.054301173650340033,0.9961479171293629,-9.612774075886259,-17.455580359237114,-0.60775560246277993,,0.4333255792976033,0.5357142857142857,0,1
-0.380397268495685,0.91769579677648738,0.11459643406227689,-0.92332561173162886,-0.38390321776457076,0.0093879769078286119,0.052609246729402599,-0.10223866181037651,0.9933677683465415,-27.305569117786067,1.6137857006746041,-1.0979380420759426,,0.1461153318301902,0.35,0,2
-0.70064797386646949,0.71335830823241531,-0.014571917945088733,-0.71277128854260752,-0.69885213198781404,0.059689093186265751,0.032396094612204752,0.052207486933142006,0.99811065086091721,-14.794253919302907,16.3589627955959,-1.6439426911590178,,0.2783059706104655,0.6923076923076923,0,1
