axis_00,axis_01,axis_02,axis_10,axis_11,axis_12,axis_20,axis_21,axis_22,location_x,location_y,location_z,dbh,dbh_approximation,score,reconstructed,number_clusters
0.54511568908818631,-0.81123851881510456,-0.21152056897755525,0.83752156888425477,0.53823883705013409,0.094109382872151731,0.03750342869085406,-0.22845353987538908,0.97283219156997247,3.3351241629178752,10.926668478690223,-2.3615752296965589,0.8865132467267791,0.6027164983535773,0.7635135135135135,1,5
0.99474993062976813,-0.0076438603983535964,-0.10204972763452359,0.026406331477046161,0.98260884987949548,0.18380030956562027,0.098870021593981311,-0.18553010412519039,0.97765193156526831,-5.7017710674903208,12.753611331458458,-3.8000301642460257,,0.0942330896374968,0.1666666666666667,0,5
-0.96224652088038187,-0.21926720154999182,-0.1612560925299755,0.24803463387968785,-0.95037224388433394,-0.18780686475852107,-0.11207342883025394,-0.22071359808288088,0.96887824527725797,-18.385329088705536,7.4501475873715632,-5.7767759113397039,,0.3904396004096851,0.6507936507936508,0,2
-0.90324633525575826,0.42007664573650827,-0.087645134227784041,-0.42219580777313931,-0.90648257044612379,0.0063284576457521297,-0.076790349301384161,0.042719564419031408,0.996131658502037,-16.600645476101509,7.4101817804810226,-5.4156236303423553,,0.07878165674776888,0.2352941176470588,0,2
0.58825265769722324,-0.78585424637975876,-0.1907666484453063,0.80825734856459475,0.57895441538999803,0.1073864208908966,0.026055118565926447,-0.21735889295662003,0.97574394307584023,1.7712655889072195,12.593340635498679,-2.6848181361666703,0.1949042611870372,0.1464451899905624,0.3818181818181818,1,5
-0.5742806031479667,-0.80767252963433178,-0.13366702556011137,0.81145932766427942,-0.58319744195315315,0.037609882290886659,-0.10833073614927359,-0.086866728805557625,0.99031238658919052,-11.628610716546341,-12.861870521354508,-3.0751844438032476,,0.1801892240537497,0.717948717948718,0,1
-0.69857243009929104,-0.67922120153493448,-0.22506692180462917,0.70408149593818359,-0.70856085374457511,-0.047018758152553346,-0.12753747285649383,-0.19131146313328556,0.97320815712322339,-4.4780093161041243,3.8603537908323187,-2.9754822016157472,,0.3153798778459626,0.2566844919786097,0,3
0.799681227887443,-0.57991162792690232,-0.15560346255659599,0.59716853296017824,0.79512543866718965,0.10566588866090225,0.062447393913760349,-0.17742051904861458,0.98215186321357673,2.1375313484103753,9.0345655063415169,-2.4080594971310001,,0.06981897997956879,0.2580645161290323,0,1
-0.99330843478584652,0.024468987675472592,-0.11286993410749367,-0.010887449811382144,-0.99278527224519708,-0.11941049639640168,-0.11497746222585119,-0.11738258752970135,0.98640838972756884,14.010735330129913,-4.7079149884252462,0.08983766691970102,,0.3394876671853023,0.7,0,1
0.23390289054250285,-0.95113727828897721,-0.20156218803361486,0.97202516615473189,0.22421013859870398,0.06997778298442757,-0.021366191933230302,-0.21229152502769941,0.97697277047197495,2.0032251245272974,-15.863684485053573,-0.96496826557115367,,0.170922400243978,0.3043478260869565,0,5
-0.84345016592726818,0.52757672486680851,-0.10126508270907694,-0.53222698562465154,-0.84625856892877971,0.024101250745786815,-0.07298118504218204,0.074224213659871599,0.99456750034193941,0.56279401863205181,4.2298612467592571,-2.2901925534648329,,0.07646625224796638,0.3315217391304348,0,5
0.78491232121988752,-0.60131295866292045,-0.14945023834458485,0.61734133469511832,0.7795599973562638,0.1057160678362202,0.052936985879989962,-0.17523965380571621,0.98310159152551224,-2.4267776641881769,8.8044940988219764,-3.0717565673087224,,0.09102760639498131,0.5384615384615384,0,3
0.83926971063610956,0.5420096025475426,-0.04303421377271386,-0.5235896618823519,0.82700349252278516,0.20474151832259094,0.14656131405901449,-0.14930108539917061,0.97786960639950582,-21.688899447614471,12.27321853946839,-6.9524023053401729,,0.2405591875342994,0.2941176470588235,0,2
0.99199922170672472,0.016198849995861016,-0.12520040491972903,0.006493116178302138,0.98387422490244936,0.17874380832604983,0.12607689548663384,-0.17812665951905163,0.97589728434555889,-21.886177412537602,11.222405719623934,-6.8532106649046565,,0.4236550732550696,0.7326732673267327,0,3
-0.98382462180288532,0.16535687671657642,-0.068892792489112828,-0.15089650160352772,-0.9722568844737004,-0.1787366677470229,-0.09653682892153416,-0.16544985317621785,0.98148203587520744,-6.4107124262502326,4.1291191452429548,-3.3130005218319898,,0.2614583171786052,0.2631578947368421,1,2
-0.72866922917196286,0.67834570752689882,0.09427754524683378,-0.68305339037662771,-0.70981398546679875,-0.17205281727055086,-0.049791769931706489,-0.1897661906546326,0.98056594501925176,13.838754391760039,-3.3554584326480992,0.01117603966044301,,0.6499113831051579,0.2432432432432433,0,1
0.6001681195177101,-0.7765809120070194,-0.19162545608797202,0.79984481981699596,0.58471178580269767,0.13550052308142199,0.0068185428424556828,-0.2345937225284766,0.97206959258261938,-8.3140919099023414,15.993696904776709,-4.5593466316347673,0.1251133103526212,0.1699036222587555,0.1578947368421053,1,5
0.39753713893132214,-0.87255510886742749,-0.2839221815210129,0.91668756163373444,0.39134760661175905,0.080814386994190968,0.040597259960467084,-0.29239465246238716,0.95543562299879869,13.842242187682102,-8.9936717087462839,0.32894153438849905,0.9788461790006661,0.5082760068760492,0.8076923076923077,1,4
0.98412101328892065,-0.10795244282641935,-0.14089748504141661,0.14460348885995733,0.94794323604608566,0.28371368004381253,0.10293523309691271,-0.29958286219722807,0.94850115786170786,-10.721605787184659,15.711644560644523,-5.0115803958533354,,0.1630805936232217,0.5714285714285714,0,3
-0.44339196175247464,0.89605284069395386,0.022200786868676121,-0.89617069735478228,-0.44271447553460402,-0.029698053046693013,-0.016782415080547522,-0.033063572650528637,0.99931233891494009,5.1109279820208124,-12.199859955709051,-0.70246434065105123,,0.6799463793066476,0.3055555555555556,0,3
0.18070561693398571,-0.95587852486159042,-0.23160683434850687,0.98326685552987403,0.17005441406988361,0.065328302226074123,-0.023060156653855943,-0.23953651488609748,0.97061345921603681,-10.057708851348384,8.567433959754009,-4.2956323982988636,,0.1083938332080518,0.359375,1,5
0.59321799943873033,-0.77559349326091365,-0.21574785828194104,0.80446016763441741,0.58129117649436524,0.12224731825034961,0.030598101763281794,-0.24607986780947888,0.96876646041621106,-2.2963935764581911,12.180169295087795,-3.2381906735256814,0.5852064337284584,0.7431011674419676,0.8571428571428571,1,6
0.9904373063500328,-0.0027327561033809677,-0.1379364862325054,0.031341455385201132,0.97812033904359141,0.20566554286896604,0.13435644891268961,-0.20802195651740354,0.96885252244200848,-8.3644780797980829,21.584082737602003,-4.9026988791576889,,0.3018605238978759,0.2222222222222222,0,5
-0.51805677540653061,0.85512146586997118,0.019607551192815979,-0.85534617279569647,-0.51792917021368412,-0.011502144387862272,0.00031959214962065739,-0.022730007702507108,0.99974158891720699,-12.458699004090414,8.8570908229657945,-4.6998579786013543,0.7602593063118142,0.4375244568849201,0.1219512195121951,1,2
-0.95149811757760927,-0.28005527960831167,-0.12735922663779231,0.28198764931730919,-0.95941344209624324,0.0029686288984516578,-0.12302153420748908,-0.033089084129798274,0.99185221410887947,-7.1663881541533483,-15.207718114426267,-2.2747022207522543,,0.08356177744246185,0.4074074074074074,0,3
0.080714969093642355,-0.93025880306785302,-0.35791570666705574,0.99668906896550591,0.078857682952750821,0.019808221626291426,0.0097976307791838337,-0.35832949244248519,0.93354377576899183,19.349461392966823,5.5234309737591065,0.26923864089002392,,0.3622413284401234,0.2857142857142857,0,2
0.9289957116041242,-0.33665026975407364,-0.1537321166694065,0.36638222567221979,0.89524319758162596,0.25358170654701429,0.052259281784360394,-0.29190103298607034,0.95501976650174514,-15.53587285704854,10.577374424738819,-5.4000704097328045,,0.5909300629720318,0.2142857142857143,0,2
0.056100639503081293,-0.98173107977132812,-0.18181530534684717,0.99750777883197073,0.047307567479280922,0.052347160657491405,-0.042789594728780175,-0.18429889058324589,0.98193837358193281,-11.998683428402279,-10.07148822143559,-3.2542360239966839,0.5394396270298677,0.2708590403669784,0.6194690265486725,1,4
-0.94683249285466486,0.3023480478760221,-0.10997221658301122,-0.30764107317201828,-0.95087873023770497,0.034447212936607061,-0.094155194079726751,0.066447711225366274,0.99333755647348831,2.6392318090322169,4.0262300834990228,-1.9949887863747269,0.3154388102845191,0.2084242813267682,0.8609756097560975,1,5
0.8692618305679336,-0.46417005900676001,-0.17008828954207131,0.48878474998766774,0.85848932195596284,0.15519520697201133,0.07398201198385744,-0.21804183178751108,0.97313124576984389,-6.412475218593821,11.341953717407161,-3.8319180992355055,0.4189499539046802,0.3383447441787694,0.6717171717171717,1,5
-0.71935774605584391,-0.67777280396436612,-0.15214617772305425,0.68346316810992702,-0.72972980597481929,0.019300469141775696,-0.12410693383770392,-0.090102366662766609,0.9881695363120494,1.6625358820387577,-9.6519853486292817,-1.3026891527878277,,0.07697545856667543,0.3636363636363636,0,5
-0.77153817206305553,-0.60930565833077055,-0.18296301204261187,0.62466409077956875,-0.78004273957869419,-0.036443080565443133,-0.12051399395975999,-0.1424076513276982,0.98244411449364144,-6.6074856995964852,-11.244482126772963,-2.3901342806704005,0.2768423249749281,0.2143566981007646,0.4166666666666667,1,5
-0.74783665583651393,-0.6517205717612421,-0.12649360667820067,0.65287371037665498,-0.75651758960654514,0.037908507157668088,-0.1204003923842413,-0.05423497911037703,0.99124281210741616,-2.7456670810754464,25.694683561857506,-4.2173243689287085,,0.06775677624338151,0.4444444444444444,0,1
-0.12305457094350211,-0.97255541663658007,-0.19746780532725255,0.98976594938707929,-0.13476146608457246,0.046933066090261079,-0.072256058595849437,-0.18967158150231075,0.97918524966760423,13.030261111343577,8.5845171099428228,-0.82147417548007773,,0.1892760090266176,0.25,1,5
0.99013060697272048,-0.035127011171770813,-0.13567414721298854,0.059877656789785003,0.98130418253364116,0.18291191202146484,0.12671245934476261,-0.18923053249441973,0.97372262899589712,-7.5196684685406581,24.140735592060501,-4.8789923541328903,0.5329903576278048,0.202463964274177,0.15,1,5
-0.59626273853653422,-0.78816959187980506,-0.15251046216222175,0.79484559579923386,-0.60627065437638195,0.025619767379792591,-0.11265533929412128,-0.10594615650440359,0.98796972952134055,11.006183221466422,20.333288912275048,-1.8245688422228115,,0.1638122116362351,0.1538461538461539,0,4
0.48642713463798987,-0.85748985482037254,-0.16762992444075328,0.87346428009018107,0.48190222152418316,0.069501081262089245,0.021184760900642172,-0.1802259630857741,0.9833970755170004,-12.477645438147459,-8.0781330047018027,-3.4851099084987629,0.2482819785367047,0.1641780417442288,0.5942028985507246,1,3
-0.37324573506723335,-0.86629100108267143,-0.3320053052246365,0.92329098252782493,-0.38183412476124812,-0.041670886127069359,-0.090671841477519236,-0.32209098498870609,0.94235662811489851,0.15119201889153566,12.156170565570774,-2.9169235154410993,,0.1749028821015131,0.3333333333333333,0,1
-0.34005814387382538,0.94035958640630335,0.0091818864541206961,-0.94036349860224744,-0.34011821657546959,0.0060074329013782473,0.0087720739640776372,-0.0065914343878763397,0.99993980004352301,4.3284462122397516,11.057837730535974,-2.2083864934259485,,0.5892213261038109,0.7741935483870968,1,4
0.48853474004274511,0.87254087651882073,-0.0024953106290741913,-0.86665787293658325,0.48556851533319995,0.11457464027501491,0.1011827013298448,-0.053811111500135914,0.99341150850526971,-8.8726392843396198,-6.0890032176819195,-3.014704217312743,,0.7836879732934441,0.3371104815864023,0,1
0.77113058463907225,-0.6239496283133803,-0.12666681791928805,0.63423455189712741,0.77022619635232148,0.067068171530806464,0.055714940671720579,-0.13205479082649899,0.98967539001721017,-5.0686417304838089,19.165536687382229,-4.1758247579201582,0.4063631402442336,0.3290263862249469,0.8099173553719008,1,5
0.99443781239427276,-0.046543579593144424,-0.094483503740855707,0.060814509175183343,0.98615341080774743,0.15428235746846256,0.08599437629446012,-0.15917017795712093,0.98349876547702086,16.932288360570816,18.214984097000603,-0.86219161684175716,,0.6575127397773339,0.5675675675675675,1,5
0.75247184659254118,0.65667116807609749,0.050686261483612341,-0.64747701804326629,0.72344321276179679,0.23959012712273614,0.12066329678659878,-0.21310301482255745,0.96955013995261008,-8.7168660229830106,-15.313256324887844,-2.5172771549983399,,0.6917273579567554,0.1111111111111111,0,1
0.29073563059710744,-0.9411555503644401,-0.17233404515507325,0.95677919592790428,0.28469182534356285,0.059364423875786478,-0.0068090631408459345,-0.18214498236503482,0.98324810808787533,-13.553260097370215,4.7641330403855484,-4.5823057454818459,0.5214188615987999,0.5172701679473193,0.3404255319148936,1,4
0.028736475122647594,-0.97990448218298609,-0.19738647571508119,0.99817575438785189,0.017641408552197112,0.057740315694822797,-0.053097818691249361,-0.19868564744839862,0.97862384762902799,12.253746164663998,5.0432323920576954,-0.67888304281506062,,0.1265949369850621,0.2307692307692308,0,5
-0.97186087601737836,-0.19860542854686142,-0.12665828602365961,0.20032778144807936,-0.97972853761434509,-0.0008789562827390021,-0.12391617185349219,-0.026227396664059731,0.99194601970944041,-2.0572765730260976,16.277140521223469,-3.5589926595102028,0.1989490394433613,0.1283459734466301,0.5,1,5
0.6544482610061102,0.75476375275415486,-0.045046100769578164,-0.74685617961021178,0.65458389360122093,0.11715704509718668,0.11791234305244384,-0.043030265701364416,0.99209126374016232,19.967480758519802,6.0394121412786141,0.30942929250849061,,0.2311998711685275,0.2608695652173913,0,4
0.98823997651017692,-0.037106757703019341,-0.14834027558263788,0.074202972571725381,0.96460422773379262,0.2530466413521662,0.13369991656199084,-0.26107809630618478,0.95601389108132417,4.7573598090138818,16.85984579621984,-2.533416107835492,,0.1617387983568546,0.2222222222222222,0,5
-0.26058672775226238,-0.95220595945400299,-0.15936865469611539,0.96015258335511411,-0.27287091373008843,0.060402658191564387,-0.10100284152373475,-0.13727809446662623,0.98536955036358986,-11.378888819481803,4.6680934468412509,-4.1868196567219496,0.1402864809755694,0.1456159838814599,0.4337349397590362,1,5
-0.71528763251105876,-0.68647342045128978,-0.13083518559863921,0.68903328872339664,-0.72402869607449338,0.031868076372574154,-0.11660501622033104,-0.06735495731254626,0.99089181039994489,-1.2078315863165772,10.315630662644807,-2.9692874545205195,0.3009225816542248,0.2433759366170457,0.8352059925093633,1,5
0.92593304328060189,-0.33906778243661101,-0.16637619503595583,0.36269497647957388,0.9211391761457377,0.14126206924023449,0.10535821466598966,-0.19114302781705234,0.97589138202943737,3.3789540857331817,15.038318414606374,-2.6043599213690376,,0.183288745662517,0.4615384615384616,1,5
-0.97987806439694669,-0.15400728335407637,-0.12696745877425206,0.15524454959122744,-0.98787605828148695,0.00015263174536524654,-0.12545161910438257,-0.019561445450937472,0.99190687119102061,-12.623092896161968,6.6246344199456795,-4.6418081631036179,,0.0716098356365131,0.1868131868131868,0,4
0.74313479705310381,-0.64302908980923423,-0.1851060859830114,0.66729584799875408,0.73269808944812587,0.13367782524670982,0.049668145248903284,-0.22286116615097787,0.97358408777534988,7.1638426080885802,10.979386743005216,-1.7971932514458939,,0.1231387373205498,0.1904761904761905,0,5
-0.87672844340764067,-0.46164974711330659,-0.13500647210499087,0.46378959021711663,-0.88578112350225868,0.017059227805369004,-0.12746157274353206,-0.047658286134694798,0.99069785264552235,11.579608655971311,7.2350565026652509,-0.89109299438666623,,0.08523905316739723,0.4117647058823529,0,5
-0.73028251142534018,0.6815587103012023,-0.04653147234785536,-0.68097006581887276,-0.73169779452098171,-0.029968432587818061,-0.054472221957041649,0.0098011175736553834,0.99846718280040114,15.874628969476614,-3.9882552172489958,0.31748254897033024,,0.2875506927282199,0.796875,1,6
-0.83297614738468639,0.55223660682039177,-0.034430625548576378,-0.54731269231255575,-0.83148863194681211,-0.095265270570137367,-0.081237643501937934,-0.060509379692075878,0.99485630130563751,-4.1434755602011579,-6.9989571493972669,-2.2435781642387158,,0.2663476755603107,0.3539325842696629,0,5
0.98615410366201683,0.12358997692226754,-0.11056944168674442,-0.1113360305391032,0.98757753565857986,0.11088236724711044,0.12289984594929686,-0.09703673874816976,0.98766365691907454,1.5115749722084386,18.587161924791531,-3.0998845122197518,,0.3653600825978935,0.9122807017543859,1,5
0.80275302979922181,-0.58115715161151971,-0.13358120481174379,0.59288172240174997,0.80184412279900763,0.074412807866836864,0.06386576853140101,-0.1389329617602581,0.98824025203713406,10.971569852271633,9.0836451994426106,-1.1242316772311174,,0.08421322599723575,0.2380952380952381,0,5
0.97018214589752638,0.21480151022976654,-0.11228051916821462,-0.20569352008307798,0.97470936620741944,0.087360329803431558,0.128206004451838,-0.061660057010543258,0.98982890329185347,15.915051955192219,3.7057532236647615,-0.13550934052088101,,0.09698569916846728,0.4571428571428571,0,5
0.92196324316381939,-0.30944633873222471,-0.23286636017268161,0.37716290637441136,0.85395988627091501,0.35846987976031175,0.087931338611775878,-0.41832460611992062,0.90403130676130583,12.571519937193194,-6.8633922159624285,0.054537180905251753,,0.3323951881408829,0.5,0,1
-0.85544060057174021,0.50853963630984944,-0.098024574445932086,-0.5127539036335097,-0.85824827242535162,0.022211195093835862,-0.072834148598425089,0.06926284126965232,0.99493610127344223,-0.373016176104219,6.7826190269518412,-2.6966705601183141,,0.07651933335543108,0.3423423423423423,0,5
0.88332555220292452,0.46657116410162691,-0.045247294441222767,-0.45495409294000616,0.8765603765436808,0.15703082369629412,0.11292803966479832,-0.11812389725391322,0.98655663940546912,-5.9332750928780058,16.788243036182369,-4.2220188850729716,,0.34302488758535,0.4468085106382979,0,5
-0.94000537177996712,0.3410522224112929,-0.0085605264513709638,-0.32837268402012804,-0.9112936929223131,-0.24842541260795076,-0.092527192836613023,-0.23071017929066642,0.96861320028040365,0.73029258339810998,5.9190741673064293,-2.4630105373114799,,0.30318226783297,0.1015625,0,1
-0.29730070330799496,-0.93338070424694475,-0.20102923357574398,0.95099350230135704,-0.30822487350961736,0.024673587711990477,-0.084992060765535352,-0.18384201992324786,0.97927445658373524,-3.0990126958209694,-18.335379772481051,-1.5144036931066027,,0.1171726352519489,0.2666666666666667,0,5
-0.72505025116432109,0.68594059468620705,0.061543755557233834,-0.68626313381718429,-0.71209378495050013,-0.1482071273532056,-0.057836359238573221,-0.14969282546737017,0.98703951975269111,1.7041332775256604,6.550618685202152,-2.3704691211334281,,0.6228628229598123,0.3302325581395349,1,2
-0.37198898457585844,-0.88578978044597856,-0.27748992812656614,0.9195516402768783,-0.39245609740346121,0.020074672474223121,-0.12668455398478617,-0.24769876153971776,0.96051879071331325,-6.3209583238973934,-8.9092784086200343,-2.4107906345737216,,0.3774496978623065,0.226027397260274,0,3
-0.79729403742671512,0.60070592113785937,-0.058945858155801965,-0.60053491006947679,-0.79928035324763702,-0.02255523664646851,-0.060663330535453787,0.017415889935584784,0.99800633620538615,5.5179749213317182,8.9750087369654263,-1.8845580333483001,,0.8383692484884973,0.7103448275862069,1,4
-0.11915161001624862,-0.97786851620918602,-0.17197691367559204,0.99077414990675139,-0.12836690645826415,0.043457119127829812,-0.064571492991032431,-0.16521229473977259,0.98414197144503934,-18.623706170547962,9.5863017305022655,-5.9604757292796471,,0.06559801648817502,0.2592592592592592,0,1
-0.96050354499446988,0.25804629543033519,-0.10413956725344634,-0.260891442530368,-0.9652599066515366,0.014455719473228405,-0.096791504107946402,0.041053891724721396,0.99445763243427043,13.43819273708602,10.28722843245631,-0.85466542460714146,,0.4352619312331444,0.8414634146341463,1,5
0.36634640829377069,0.92362357023445041,0.11273779152361615,-0.92745311406023823,0.35270250954892046,0.12422423667651022,0.074973530997425236,-0.1500681187503265,0.98582885400282205,10.687793777174511,-9.0628697827966249,-0.087444625401146142,,0.6628294179203296,0.6206896551724138,0,2
0.097532039087008082,0.99333427077734604,-0.061437186221120182,-0.99224736460316609,0.10183162670663565,0.071242453918657356,0.077023819624853371,0.054012464316291621,0.99556515854507466,4.8986025174834307,15.088183377894103,-2.424189795710169,,0.1315629183405139,0.2916666666666667,1,4
0.9926687105704598,0.066837153833399332,-0.10070563997031017,-0.050317493433066872,0.9860816804287077,0.15846472597240024,0.10989531795755676,-0.15223571982404502,0.98221550827741522,-13.59985800634054,-23.664412267811322,-2.8569950115081921,,0.2730221741113816,0.5714285714285714,0,4
0.46039464838982291,0.88768633386998463,-0.0070526870394764319,-0.88273777096368122,0.45863927039435209,0.10209822410897776,0.09386583749203975,-0.040779802753346243,0.99474932130628546,21.450543405363302,1.3475933976507783,0.73390836002557414,,0.3452577755803309,0.8135593220338984,1,5
0.82324881140435135,-0.50955123743164765,-0.25023774885735856,0.56349993810353161,0.78690723523826389,0.25148523393429406,0.068769282958584144,-0.34804387591444169,0.93495253684869695,-5.8293784397686608,-2.9865382295131395,-2.7347392614810864,,0.1014252046838765,0.3323076923076923,0,5
0.81404990233138885,0.57538963771999108,-0.079053913999970193,-0.56828964083460931,0.81720246993951584,0.096057312292330208,0.11987343589940157,-0.033269925296173938,0.99223156139908197,1.5990631163936002,-2.0109390044854645,-1.7054552403233911,,0.09416879206470231,0.2869565217391304,0,5
0.71776088228452239,-0.68056987385199741,-0.14711887257323994,0.69483569280605884,0.71373880304365811,0.088205901347535781,0.044974168862462596,-0.1655341893231822,0.98517803279419947,-1.2724064446435372,8.0006447208188067,-2.8794397711408108,,0.08861579500637309,0.1639344262295082,1,4
0.009284275130005069,0.9975981472770673,0.068642106499386263,-0.99478159910103459,0.0022395235852674558,0.10200271870935189,0.10160399758522548,-0.069230925773629201,0.99241307256163624,-1.4792481629860337,-8.5769657533357702,-1.8063062146715485,0.8719362240035654,0.4654094811170347,0.2142857142857143,1,5
-0.85948679209614864,0.50755893764580773,-0.06055063193832063,-0.50329642962013033,-0.86100513450644656,-0.073231566179916996,-0.089303740928921502,-0.032466647030354255,0.99547514217418076,-9.9872469294361146,18.711053740167536,-5.0694147209816602,,0.1503259288735764,0.2352941176470588,0,2
-0.75743495253732895,-0.62922712851658447,-0.17425703260858025,0.64075702793430012,-0.76762836249728095,-0.013308953472966652,-0.12539028601760413,-0.12173708485304235,0.98461025707835614,15.706846882855857,15.694011261406111,-0.88170692782304516,,0.1912441843947959,0.3703703703703703,1,5
0.29903598688267324,-0.94344376288229626,-0.1431479822686986,0.95414907293570117,0.29353176120912372,0.058640018565928334,-0.013305080422463599,-0.15411999039697558,0.9879625516156918,-2.5867872340701727,-3.8708228728620013,-2.2381205731027123,,0.1075141734037135,0.6210826210826211,0,5
0.41578000896837369,-0.83407829050030824,-0.36254708585002038,0.90946341782528062,0.38210795103765433,0.1639201189340834,0.0018099115496763097,-0.39787802034026504,0.91743654012160081,17.799902160087711,-2.6928109989106788,0.49895353443499668,,0.3647834010293055,0.5,0,1
-0.88149005002291148,-0.45562517965388699,-0.1240201087564783,0.45447731992957996,-0.88990147984657497,0.039060489455493022,-0.12816262083865096,-0.021932893840977338,0.99151061052695211,-8.786144571617033,4.5013429374004525,-3.7125776470737573,0.2978143600690075,0.2317153124287557,0.8459302325581395,1,5
-0.14603636934802566,0.98306548331232657,0.11070516856745609,-0.98888232981616853,-0.14823042999157179,0.011810055116729482,0.028019932280316316,-0.10774968744463043,0.9937831193226172,1.129569357190549,-13.548710354448133,-1.1850845090427291,0.6524820626029969,0.3667409479037344,0.2105263157894737,1,3
-0.27231295832124536,-0.9440436262829941,-0.18608407885895842,0.95895878925923039,-0.28215118107379,0.028084720421196672,-0.079017043938653941,-0.17079912966148475,0.98213235568027024,-1.4913935813219614,12.768354147820379,-3.1517272998930475,,0.07110887592150827,0.1891891891891892,0,2
-0.21008157648072592,-0.93929028533074987,-0.271292261420503,0.97683859258170302,-0.21319326670088207,-0.018302870714823477,-0.040645974786808349,-0.26885384675820473,0.96232297791175359,-18.127235558516354,15.342167155993913,-6.357253213456878,,0.2076237241561786,0.2,0,4
-0.94292372431151394,-0.27900184087779012,-0.18180435340581658,0.3076265532994415,-0.93884320561116719,-0.1547234273885244,-0.12751766087726307,-0.20182023700449458,0.97108590665287664,-0.55687912225226299,-18.587086298627565,-1.1420176307071896,,0.5299928579879837,0.3333333333333333,0,3
0.89144669772454843,0.45303623388574699,0.0089975498118419033,-0.43601183668042243,0.85220363943327726,0.28921036497892227,0.12335502985513941,-0.2617386630272564,0.95722328058094264,-8.4282872479314133,-17.523082371040196,-2.3370299154931211,,0.6180871944011658,0.25,0,3
-0.48422010605513377,-0.85565866913225186,-0.18269956439679652,0.86973283442606997,-0.49348525531360005,0.0060909366493284278,-0.095371303929169815,-0.15595045600092117,0.98314992227022813,13.421044710310447,17.953501391906716,-1.3290168982994168,,0.2564032742575524,0.2916666666666667,0,4
-0.87001308056648219,-0.47401366088206831,-0.1356034252532001,0.47743730066179857,-0.87862803410076251,0.0081487194702996504,-0.12300757529516657,-0.057652640784354336,0.99072968534842809,7.3247361030545663,7.5489721723241674,-1.5331557709171193,,0.0760790782769796,0.3877551020408163,0,5
0.90219256269073422,-0.40473891435537446,-0.14911402023940734,0.4232102392202392,0.89739969907570172,0.12476727743277914,0.083316704475593403,-0.17567068994363602,0.98091698703307895,18.270610969207869,8.9531822562360919,-0.11473939962636419,,0.1209643457983258,0.3809523809523809,0,4
0.99308611605683694,-0.020160336352866327,-0.11564396626406881,0.027541065935631225,0.99765960869071924,0.062584302138866482,0.11411159354892475,-0.065336559637151154,0.99131714309422958,-0.671651410825578,-4.5613919089412409,-1.8944552372853261,0.3127547929635106,0.2364875957344452,0.8492753623188406,1,5
-0.99180450149020305,0.057584855376825943,-0.11405180952093234,-0.060233468107018441,-0.99798569853196684,0.019911676108801728,-0.11267546380454706,0.026618226028251323,0.99327524377663712,-4.0653446675388691,-12.038994245784489,-1.96326933190596,0.3929922751928996,0.3982385826413277,0.9095238095238095,1,5
-0.69138723950485148,-0.71025480887518788,-0.13236990413054334,0.71299495055815798,-0.70035399590048919,0.033800605094952307,-0.11671283360637193,-0.071009766200752278,0.99062390823949098,-1.867276936784614,4.6112060089190319,-2.6974899789430795,0.371449869606322,0.2664014577462492,0.8799231508165226,1,5
-0.52152360304154599,-0.83478580813518699,-0.17648168745409842,0.84623600563817158,-0.53250110245885285,0.018088632940551679,-0.10907682720044534,-0.13991150923418802,0.98413770141769052,-10.48349266995989,-10.117132417704862,-3.0385606846434303,0.3646796830101333,0.4418568743735968,0.8326693227091634,1,3
0.92887059765117286,-0.34527500545291795,-0.1341066121734564,0.36089488493254418,0.92513636612733219,0.11780316675812118,0.083392414815017538,-0.1578222882808496,0.98393995267654311,5.5055519639401505,-17.28201254092993,-0.37427487577096324,,0.112883142556255,0.3333333333333333,1,5
-0.99082268547704466,-0.060874090714790205,-0.12068451028903625,0.066953094304786201,-0.99664996591503374,-0.04696944330706454,-0.11742099091334315,-0.054618591351376297,0.99157910444488462,-7.9667099599902782,-14.420132221532091,-2.4492529086796311,,0.1525049994240077,0.3333333333333333,1,4
-0.92552773356284568,-0.32062941802722689,-0.20148248236892211,0.34843867933553441,-0.92941623720705657,-0.12155634396765984,-0.14828655080259259,-0.18270805759844624,0.97192019453228362,5.0830339996415379,21.235190083456907,-2.7562324955268513,,0.6639535403739939,0.6962025316455697,0,3
0.86738906104876456,0.4974160610085433,-0.014610921383910463,-0.47540891602632573,0.83697451382943489,0.27103510060996561,0.14704618096236194,-0.22814671913206486,0.96245856805041652,-16.494143344531469,10.19673157075735,-5.5855925461172768,,0.4279008152072908,0.1470588235294118,0,4
-0.96839858935823186,0.22899371233025786,-0.098823336526318264,-0.22612586951936042,-0.97329862827359193,-0.039457208908614941,-0.10522007062865935,-0.015863792546297713,0.99432242095959422,-18.008864497835873,5.904903724591291,-5.5763829450965714,,0.8986745432832358,0.6447368421052632,0,3
-0.76122726931282159,-0.63311582830543178,-0.14034739899147769,0.63712603326271866,-0.77049825886611689,0.020071144043049789,-0.12084478554517476,-0.074140279426305092,0.9898988618910175,-3.0160278033138739,-6.1356747171235693,-2.1451942663674077,0.2550313387590012,0.2275076409721321,0.7274826789838337,1,5
-0.71013424728415886,-0.66626501305692198,-0.22759675571154481,0.69183949957809499,-0.7203194511792208,-0.049979946742641883,-0.13064248029524059,-0.19295289743646143,0.97247196448698825,0.39088342909399654,10.81531252933342,-2.7688251322851634,,0.3428621715699829,0.2156862745098039,0,5
-0.18612278761529391,-0.93078292060269008,-0.31464497873736641,0.97906025142883879,-0.2025748628617095,0.020110917648322825,-0.082458062082553671,-0.3043132919392203,0.94899635844754637,1.4250973099635558,14.468929734210276,-2.8870690153381782,0.2516508797295923,0.431072563367434,0.3768115942028986,1,5
0.9512280448245628,-0.2495174565903544,-0.18140078719762753,0.28930080642725975,0.92568345552016496,0.24375229963383474,0.10709925368449363,-0.28434341742499708,0.95272166493016064,-2.4673087076326508,14.449887370779109,-3.4408564369671835,,0.2454596149223515,0.3793103448275862,0,5
0.86013179081301194,0.50428489998402659,-0.076616199859451881,-0.49153380361979643,0.85959444759881087,0.1396134146719169,0.13626379684956158,-0.082426484247464543,0.98723758658326322,-6.7462790480646442,-23.361623120806378,-1.8029622719982152,,0.1743865643988425,0.2352941176470588,0,4
0.98690309466069803,-0.10809968961801444,-0.11973612175791332,0.12069784760275487,0.98727913263249634,0.10349852101594166,0.10702481643618483,-0.11659490285991968,0.98739623115236097,1.630847034608462,5.1391369659089436,-2.2424344228571971,0.1263254836524772,0.1115964305597135,0.5280898876404494,1,3
0.73257455480304379,-0.6691258793187117,-0.12492029171068558,0.67883155498756875,0.73171000885370041,0.061548216030013377,0.050221923582051846,-0.12988849282857401,0.99025589512127632,-10.503685047357783,-13.998335530921384,-2.8778290569560596,,0.08149849034760899,0.3333333333333333,0,2
-0.96382606313943797,-0.23626834548395537,-0.12335553873015424,0.24322773518965191,-0.96894454501432925,-0.044572833895624629,-0.1089935266318364,-0.072963947325022788,0.99136102079066368,10.004628489985938,7.9119982629104797,-1.1799637161738967,,0.1128099702511234,0.1935483870967742,0,5
-0.9932218649733926,0.0090244269048429769,-0.1158830732152665,-0.0089087191555420418,-0.99995916681085351,-0.0015163884564413773,-0.11589202587660359,-0.00047374041657491058,0.99326170464195096,9.3867903377636406,5.6191080842190271,-1.1243216330895258,,0.08134062546395764,0.2272727272727273,0,5
0.99368463604925827,-0.039697188364688642,-0.10495226207944133,0.053684584568137517,0.98952539936463635,0.13400540806998576,0.09853329112233998,-0.13879343373587721,0.98540731339502707,-5.090460181079445,9.8453276330658994,-3.5531163527495297,,0.1327682626533679,0.2424242424242424,0,5
-0.86343467044476063,-0.48233292820462997,-0.147768454832196,0.48861617207196156,-0.87246892984381552,-0.0072251537651906485,-0.12543845607982712,-0.078440505013256279,0.98899559195659448,0.28106506977007517,-3.7622552727796372,-1.8290493476152876,,0.2202505198335623,0.2357142857142857,0,1
0.89882161719219467,0.42555283591450949,-0.10499754431950258,-0.41963343401174963,0.90464852445754074,0.074288816495485382,0.12659969007668972,-0.022711914096172604,0.9916938476317041,-8.3276125461962547,12.452997834918797,-4.2261099712781203,0.6296566588320218,0.4507658111316616,0.87890625,1,5
0.55223988609390851,0.82906194670459366,0.08767780068739045,-0.82839118296754555,0.5338566762553536,0.16960276294688714,0.093803817558874306,-0.16629292752242109,0.98160455686972314,17.669485323197812,16.044161046461117,-0.62317217176769268,,0.3538570084906795,0.3555555555555556,0,5
-0.99258063045985778,-0.058836304235016769,-0.10640479942124276,0.065647353796320751,-0.99593466303295408,-0.06168121196098323,-0.10234313350416357,-0.068208769768993774,0.99240790341026031,0.75924480749220835,16.615922910652358,-3.1398288115438744,,0.5339595722057169,0.2380952380952381,0,5
0.73153899036580272,0.68085969705179294,-0.035787965926024283,-0.67284179334895622,0.72941324315689882,0.12345137435563311,0.11015728163649381,-0.066229854581413103,0.99170508704179927,-0.34516962567404624,-12.643924218050476,-1.414411645083459,,0.1941998077617605,0.2857142857142857,1,5
-0.94394772324876186,-0.3000054339276455,-0.13769326558464531,0.30533911483159931,-0.95205613532217659,-0.018898152006380807,-0.12542216999930267,-0.059882007391920129,0.99029461498252125,-20.688681486886843,9.9074693804211442,-6.4377262334878749,,0.1090259811605208,0.5,0,1
0.85916137880001375,0.51113882124639143,-0.024058898422597882,-0.49612018920913559,0.8435887709492359,0.20548173492417576,0.12532550832751854,-0.16460586545809119,0.97836518029784858,-10.625622205823694,-4.9023164862507098,-3.3658223654342954,,0.3589206007475,0.3684210526315789,0,1
-0.79111416895297737,-0.5770204095584146,-0.20294289500960522,0.59995903613856305,-0.79662378759289643,-0.073754294768740611,-0.11911140431346849,-0.18010549129381748,0.97640897444067276,-7.6528401102679284,7.7769805649851831,-3.8542206147508078,0.3080140833882961,0.4251365851004005,0.3823529411764706,1,2
0.18972195960107305,-0.93333411333253136,-0.3047835476775384,0.98143135733292364,0.17134318267115176,0.086220673830441713,-0.028250113075594538,-0.31548208608714678,0.94851093007372267,0.029687162564543897,13.478413845094451,-2.9988000409281601,,0.3559006941118716,0.35,1,4
-0.57512017002898619,-0.80103119933865896,-0.16608975799819486,0.81059037316759908,-0.58538387905189448,0.016400032749015067,-0.11036320470991057,-0.12519876929197857,0.98597425484336654,19.3788770024602,1.5304919026500419,0.46522235832579789,,0.07386892889749407,0.3333333333333333,0,4
-0.25661157681140295,-0.94182782027394485,-0.21705035269355047,0.96432986847214075,-0.26458293387140541,0.0079859799963997238,-0.064949237246243338,-0.20725884314554288,0.97612774190630502,-9.71706144009325,13.276293365605463,-4.5251573915389942,,0.161049966832066,0.3478260869565217,0,4
0.45522548496541781,-0.86771854671969539,-0.19958527379709162,0.89030524701204472,0.44643549843277225,0.089732451665515633,0.011239438634649395,-0.21854031531445656,0.97576319135404754,-3.6936404550963897,13.965902715337965,-3.5742952070786487,,0.2168054552784654,0.2962962962962963,0,5
0.27895421481348109,-0.92223702902131288,-0.26770022103042079,0.95968278953442865,0.25769419738160965,0.11226149877524846,-0.034546917506651113,-0.28822311312209142,0.95693988711569489,-13.361259222694171,15.56530470176733,-5.4587615580520428,,0.2648985214397922,0.3888888888888889,0,4
-0.49496744805032977,0.85495160489496902,0.15512890980749008,-0.86881274475598358,-0.48426810165628115,-0.10319312122324571,-0.013101141939453465,-0.18585520978906725,0.98248979693131866,-8.373016246629728,-24.194424644225705,-2.0094314796810648,,0.3365160213817519,0.2,0,1
-0.7691145095359383,-0.6045828236452403,-0.20722567547107318,0.63402283377209456,-0.76260324585417272,-0.1282627602552053,-0.080485510974939223,-0.230034559937914,0.96984853650313574,-8.4372041394057646,6.9349155030370406,-3.928110138233905,,0.2157244038538066,0.2063492063492063,0,2
0.93808034126080519,0.33922913021879414,-0.07020591535626465,-0.31272748526082156,0.91645550311784385,0.24962137482087107,0.14901943934417797,-0.21220958511815544,0.96579516393566966,9.6481223745226448,11.989124965998267,-1.5117303110723186,,0.4700493043040276,0.1875,0,3
-0.92476111939812911,0.37903882995383947,-0.03385908204228083,-0.37164379405543735,-0.91867571635793721,-0.13384998511136512,-0.081839858196365134,-0.11119574434958124,0.99042301268142185,-12.60348310943888,11.704255722622753,-4.9090989204749471,,0.205066197934032,0.2424242424242424,0,3
-0.45722287314416693,-0.82789380222505971,-0.32486781390455621,0.88416865152786384,-0.46252711865686208,-0.06568455040859153,-0.095880341724415646,-0.31727041580379584,0.94347572482099129,-16.533783278520602,11.48819440095715,-5.668481180286026,,0.1463488093380511,0.2903225806451613,0,2
-0.3184981765636814,0.92834883553401626,0.1916438130706169,-0.94785469093088814,-0.31433401003020234,-0.052589115020529563,0.011419124568892462,-0.19840002444800287,0.98005460760771457,3.5445839579948233,-16.228035858469781,-0.72402980582292464,,0.6094870118103096,0.5,0,2
0.80807427618540539,-0.56338546351942309,-0.17208365309476506,0.58538747357206555,0.80064114663941932,0.12765288908924619,0.065859471242554257,-0.20388863088196457,0.97677630819176331,-0.48692579864381297,14.510527551415837,-3.1379673119895042,,0.1581207126688636,0.1333333333333333,0,2
-0.97261271025735896,-0.17448851515870309,-0.15355218631965153,0.20116920394601606,-0.96286176905725396,-0.1800782193149984,-0.11642794866165145,-0.2060363360323744,0.97159331049817022,1.9597496898245113,-10.792762197979254,-1.2069962876590847,,0.6025167057021237,0.4083333333333333,0,3
-0.42015187045982771,0.90594088599214251,-0.052378591398404568,-0.90654305117563094,-0.42161578518605108,-0.020489657076880392,-0.040646059025281872,0.038874680316659568,0.99841707573337901,-3.1951922973085058,18.097486493431322,-3.825103376670739,,0.4588228250398013,0.125,0,3
-0.94102485391197599,0.33762860576202808,0.021889469868739013,-0.33765030214692665,-0.93302497292747755,-0.12432487021416819,-0.021552210560277726,-0.12438377894592864,0.99200008959429875,21.141803134415387,5.2587348329132677,0.50253718265408875,,0.2544241836126089,0.4705882352941176,0,2
-0.9507247672834136,-0.28996670622828125,-0.10973479918886225,0.30523836166048207,-0.93744799415313207,-0.16739414813276363,-0.054331937612449206,-0.19264103284967735,0.97976398842674672,4.694244403334876,-10.40637276838061,-0.84224997050865447,,0.4429761045349302,0.1111111111111111,0,2
0.078438402677030394,0.9948042578629116,0.064899195089749964,-0.98962895170639575,0.069841265690122098,0.1255258361904095,0.12034099438668343,-0.07407216848873234,0.98996533218360772,-8.0648915373876768,8.8750213361283006,-3.9905293374187969,,0.3386520694733443,0.28125,0,2
-0.3291210718123892,-0.89417530338343365,-0.30352898857968857,0.94032567514142629,-0.33976189152570696,-0.018694430633062139,-0.08641148510982076,-0.29156883215806578,0.95263879374876248,7.6823051105908435,-5.5037006213780266,-0.69520822108427938,,0.2627361317921623,0.4285714285714285,0,1
-0.2636663189793661,-0.93561951348652339,-0.23472579368086696,0.9610141990776967,-0.27578939236074257,0.019796975333267658,-0.083257320440455904,-0.22035502500404705,0.97186001129202848,8.6864698100167104,12.69049504701055,-1.6931692626309229,,0.3130038311595963,0.25,0,2
-0.99312007919264245,0.025814225355198638,-0.11421967463493365,-0.025974543097108279,-0.999662601048666,-8.4708392598215333e-05,-0.11418332371802614,0.0028826782557773425,0.99345551422838152,0.40527392740856089,27.795644916703797,-3.879030450135887,,0.1321703981537091,0.3333333333333333,0,1
