axis_00,axis_01,axis_02,axis_10,axis_11,axis_12,axis_20,axis_21,axis_22,location_x,location_y,location_z,dbh,dbh_approximation,score,reconstructed,number_clusters
-0.80690185663399405,0.58066401256523015,0.10834527341910605,-0.58821416019900186,-0.80665449135089118,-0.057555480406468434,0.053976805222222722,-0.11017184801519142,0.99244580124202275,-11.086742466665328,5.6001962353171102,-1.7422091477830575,,0.1845620621915813,0.3517786561264822,0,5
0.70838903749564097,0.70341415956375564,0.05825368384243447,-0.7013295467906232,0.69218139161764547,0.17035782311569456,0.079509989023126601,-0.16153464403487838,0.98365884351337318,-13.342586754189984,-11.282196669474914,0.26995070845292651,,0.2224556444690292,0.1481481481481481,0,1
0.7072033085450613,0.70207745310906933,0.083371039448971382,-0.70469632393986326,0.69043820649708909,0.16339575892515398,0.057153927324049739,-0.17430528633683551,0.98303158430768212,2.4853901241798351,-3.150784449796205,-0.63230158928537117,0.6905699111601933,0.3278516308889942,0.1595092024539877,1,4
0.9293275046780678,-0.35898486194099499,-0.086488484470711793,0.36925637800541566,0.90369221863719229,0.21677200298218985,0.00034110285467150601,-0.23338860913033782,0.9723834844221948,-11.242967624809344,-10.231511473409164,0.12041854935276886,,0.09019693982703393,0.25,0,2
0.75638549590244453,-0.65097053571243979,-0.06417431902772712,0.65306469144819435,0.74592848486124586,0.13075627807597309,-0.037249031827526223,-0.14081213408959342,0.98933535897644265,-2.6202958738038897,-7.191618214392653,-0.22928326488482847,0.4246355013101204,0.2326283190002216,0.3793103448275862,1,5
0.20506308748607557,-0.96045402129293656,-0.18835393049497551,0.97813869475952464,0.19431098951160083,0.074080585642642069,-0.034551757767333387,-0.19942746134183825,0.9793032542057325,9.708129116297961,-8.5134752429881271,0.23855485134980131,,0.242994148741622,0.1818181818181818,0,2
0.85920427114106224,-0.5053191680617457,-0.080128389740100697,0.50841235494952408,0.82571631493509756,0.2443551607490255,-0.057314027843412496,-0.25068926111700135,0.9663694927785007,-5.967583793650773,-18.294747219941598,1.2666438355309504,,0.2035226355362881,0.3076923076923077,0,5
-0.55854554805377588,0.82541382419609899,0.081968832950571516,-0.82516260546306752,-0.56298503766964569,0.046416827826874868,0.084460317870047097,-0.041711703226780937,0.99555340817015525,25.691433235884723,-7.5732192841423656,0.65670404511928915,0.3032372424412218,0.2225735659502137,0.48,1,5
-0.84524656412355881,0.53016538257944579,0.066954558856792579,-0.53175452510224841,-0.84686771456859644,-0.0072248913240361918,0.052871266966097973,-0.041710204216131933,0.99772986724546209,4.875463085336504,26.162565962003345,-3.4190982030911172,,0.1902714504305855,0.2105263157894737,0,4
-0.99929295772969695,0.037006488766455042,-0.0066411159463381593,-0.037456315443056686,-0.99518471375762729,0.09057819790976325,-0.0032571560086543448,0.090762907028853118,0.99586720281491714,3.2393168841097597,2.4978042483300236,-1.1804523145807071,,0.09004371608093859,0.475,0,5
-0.30626263428469114,0.94814383925017065,0.085008581525329585,-0.94740455232849596,-0.31229686559941638,0.069966291626916019,0.09288602192065408,-0.059109456339295104,0.99392065030515853,6.1348011740637887,-7.2182806638956354,-0.022710917473392322,0.6264930560889662,0.2825266240449453,0.1764705882352941,1,3
0.58781675722754623,-0.8022818253128442,-0.10399679175428397,0.80517264979133107,0.56770587336190326,0.17148482550478439,-0.078539569329731218,-0.18453702642854791,0.97968240870519407,-17.720201676031635,-10.719667354997977,0.19615761383789412,,0.1659960907558858,0.5517241379310345,0,1
-0.53530760943664335,-0.83406608443313468,-0.1333399042957692,0.84117256292173725,-0.54073935599483003,0.0054468583580351611,-0.076645173800454797,-0.10924612430963149,0.99105539787462038,-20.959936569559979,17.924051465990175,-2.9898552701718275,,0.2001081107566211,0.125,0,2
0.25824283742721815,0.96592443037425368,0.017338734778336654,-0.96063442069538929,0.25484287693899815,0.11061924718912682,0.10243118027619247,-0.04522281370756135,0.99371160324693708,-10.536034980919878,-1.5331115363303531,-0.96528812692840416,0.4523463038306166,0.4114833327903379,0.8912515188335358,1,1
-0.90842411872154549,0.41448373483178097,0.054487191934263525,-0.41666484372231116,-0.90829168515415071,-0.037371415355799263,0.034000419568668429,-0.05665199237212621,0.99781487422739035,-8.5396476075111742,-8.8577866197802813,-0.049722373340731423,,0.4842996683639981,0.1,0,2
0.64688956807960563,-0.75559693397477501,-0.10299106795106812,0.75906250430707856,0.62503957566046175,0.18207043530803391,-0.073198369277249625,-0.19595612321667799,0.97787688208129853,-11.217960823322645,-13.063450571322988,0.49482316989386932,,0.1996535423707693,0.1333333333333333,0,1
-0.033815695483123694,-0.96437955398076791,-0.26235200514356116,0.99270804289912506,-0.062800155812176378,0.10289257501566808,-0.11570324240219525,-0.25695956159252142,0.95947097058941677,-8.4856225788941426,-7.6480934180775302,-0.22445775656954658,,0.2829654760845219,0.1891891891891892,0,4
0.2756506601677377,0.96024948204668004,0.044018698051768709,-0.95454770932549271,0.26803797883140112,0.1303622358101898,0.11338158655859611,-0.077952383754827506,0.99048878928355122,-7.2462280250186577,20.261849163867531,-3.0280909911106755,0.1916715012240358,0.16919379778014,0.6764705882352942,1,5
-0.30843741820530285,-0.94902190602847158,-0.064990621853724118,0.94559251736307781,-0.31332512495774872,0.087647915988735225,-0.10354298700445276,-0.034420748805014043,0.99402920575499076,-3.0696907030718394,-10.266487855937136,0.16604098660524824,,0.1035275233642555,0.2068965517241379,0,5
0.28383703093534474,-0.92010610361494816,-0.26989127062638696,0.95397325101399466,0.24255343675642266,0.17636004838805597,-0.096806901714690044,-0.30752656536983181,0.94660225827547861,3.4424414574230404,-22.350610895002355,1.9566509156816347,,0.2116781175818688,0.125,0,1
-0.78687786765280765,0.61188283279498012,0.080141252354588174,-0.61534183687736743,-0.78780067004673016,-0.026917058946164214,0.046665246024840235,-0.070494703380567458,0.99642001766761379,19.914939066067202,-3.362491542952124,-0.10250338043229718,,0.225605507430956,0.1666666666666667,0,3
0.97036357960460384,0.24155407802727077,0.0067934354589119046,-0.2349378293253615,0.9364593804794038,0.26047657296582027,0.056557402069282378,-0.25435301472663191,0.96545626735272005,8.8692520126965881,12.83775151024382,-2.0007587788159795,,0.5403989025452229,0.6071428571428571,0,5
0.73205002092835714,0.66164467065489529,0.1622624314275076,-0.67995712655369089,0.69495949616608899,0.2338580867479747,0.041965139194802339,-0.2815273139191839,0.95863512277081198,30.447210450013053,-5.5802157701873236,0.66113071855087202,,0.334219565946933,0.3684210526315789,0,7
0.97895147965948848,0.20321621636451578,0.018898938567735918,-0.20354914084251241,0.9653910008916301,0.16305815729282183,0.014891196552721328,-0.16347288706065571,0.98643543501907971,0.31505932473894599,-19.492274954276699,1.5678161798100188,0.3933633563438166,0.4561396221266813,0.6388888888888888,1,5
0.78109548532780582,0.62296355085959421,0.04250008354022726,-0.62131035477078489,0.76863837295085147,0.15221200570937352,0.062155336497536601,-0.14529785245444837,0.98743366775546204,-27.123881828709685,16.965898211819887,-3.0530124419661133,0.4250550004081255,0.3717693352646612,0.873015873015873,1,4
-0.90711166499797469,0.41639369521176084,0.061357296326506772,-0.41972411125210268,-0.90577839589936671,-0.058285229309011276,0.031306511435101325,-0.078624348072760891,0.99641262247720364,-2.9182206365031642,10.386470572039318,-2.0357985187920873,,0.1229245876987519,0.2432432432432433,0,2
-0.99790545550191301,0.061920214788615674,-0.018724018800774535,-0.060129455625369546,-0.99460535530742189,-0.084525947258780862,-0.023856874181602098,-0.083223038843394673,0.99624533894013989,-14.530604799969865,16.228288388585803,-2.8133099271524333,,0.3074111632145086,0.1764705882352941,0,3
-0.88455121432301731,-0.46251995919905869,-0.060369169136058783,0.46342151484735833,-0.88613733734273215,-0.0010578013584421064,-0.053006120554672777,-0.02891205128723116,0.99817555794264423,-0.078038825325321193,28.858608029080298,-3.713396825541003,,0.1488380764761559,0.3333333333333333,0,3
-0.81184905192047441,0.5828247461849444,0.034877387090824628,-0.58142679389232621,-0.81246788148701321,0.042881521615920307,0.053329168753307711,0.014534675313232444,0.99847120287648838,3.3841742897851006,-7.4075010666591252,-0.050284652059406972,,0.081339896066461,0.2134831460674157,0,3
-0.54075768869262975,-0.80634178322374161,-0.23957055484211975,0.83612901931509964,-0.54641007271605868,-0.048210947860428906,-0.092029262623224042,-0.22638233381160219,0.96968121243996364,5.710247361127947,-20.318447776908386,1.7136827167673876,,0.5277353441816274,0.1739130434782609,0,1
0.77836954242535505,0.62775189924563168,0.0082709381599742719,-0.62283432924512427,0.77048328323166104,0.13576784808759526,0.078855904904577279,-0.11082898201311209,0.99070615371441884,6.1181884853449739,-18.177028761690366,1.4211087137443883,0.4936270950499786,0.5305725903866878,0.6779661016949152,1,5
0.970937669037365,0.23324476050923221,0.053636969892766881,-0.23637161761281114,0.89939123312819902,0.36772798120246325,0.037530004414996383,-0.36971920624593885,0.92838526878741545,-26.795353405797208,11.386140384916027,-2.5023832987167283,,0.2835244971254356,0.3076923076923077,0,2
0.760527441211443,-0.63882602715010128,-0.11618656634909551,0.644726229501563,0.72176018699051969,0.2517743463264433,-0.076981167548125853,-0.26638982621531909,0.96078632397214048,2.4786125612368246,-10.357919055235723,0.32034998513934443,,0.160612458364848,0.265625,0,5
-0.96121057592822001,-0.27449448420596906,-0.026963064815346313,0.27329508719641171,-0.96105058369938179,0.041128711204962011,-0.037202473547375152,0.032164479034714435,0.99878997904984013,-12.742780172318472,-6.5463059623325082,-0.34874105224016194,,0.08936442845671165,0.3333333333333333,0,2
-0.51078878060421751,-0.8590447890664672,-0.033717532332696518,0.85507029421189573,-0.51171099487823724,0.08370573264184461,-0.089160605455770717,0.013925088813892542,0.99591991562388515,-7.319048983878452,-11.526725472622646,0.30810335181753273,,0.08918821318998189,0.2857142857142857,0,3
0.97689214861706453,0.21364944715412373,0.0059702345910890107,-0.21148473474345245,0.9621989308582477,0.17160251870452498,0.030918229910958144,-0.16889976668421602,0.98514817762263063,-17.40062410593924,-8.9258894509774773,-0.048975487369511787,,0.2826027156521142,0.7924528301886793,1,1
0.98854765830618296,0.14818857366474378,0.028524969633146147,-0.1487104808029143,0.92443772357003595,0.3511411228267301,0.025665544154159649,-0.35136169665440126,0.93588794092423921,12.744349431019254,-4.3670572945956048,-0.22841364945459508,,0.1361660828962027,0.2258064516129032,0,5
0.52006025899268693,-0.83398370277114697,-0.18441396511269548,0.84958425354346256,0.48284691358308818,0.21228625526463804,-0.087999563336739431,-0.26707684578677493,0.95964891251807816,-8.5100740327491682,-11.955468018351981,0.35696466111000896,,0.1220604123364853,0.28,0,3
0.0046866453288432527,-0.9769694750815634,-0.21332763560874374,0.99460537020252748,-0.017552506618361847,0.10223535139914468,-0.10362525232710344,-0.21265595282114183,0.9716168240669143,-4.504191931028684,16.845362697751089,-2.6251257052826689,,0.4154869002814984,0.2608695652173913,0,4
0.90906790028229956,0.41610651941169868,0.021234810557492753,-0.41341216532032826,0.89449598053880419,0.17019789177625144,0.051825999667044736,-0.16350016912225102,0.98518108003326299,-9.9550335083044335,-13.786580496252617,0.5712228153181399,,0.1134159121541277,0.3333333333333333,0,2
-0.82385890766035486,0.56340347057055729,0.061911465963414333,-0.56444824202253319,-0.82546812931103175,0.00074132949389857795,0.051523609601422,-0.034335067217027414,0.99808136983556772,-4.5324873816558897,2.8147007415141521,-1.3850110196545495,,0.07212123453802596,0.278969957081545,0,5
-0.85030478488470618,-0.49163162806858446,-0.1878300164638384,0.52260440051499191,-0.83091097521207857,-0.19097536970635259,-0.062180490224334757,-0.26054806380924267,0.96345643029704009,-14.892029573296611,4.4481969584525558,-1.6896187532593121,,0.2285119673938252,0.1935483870967742,0,1
0.85669591478977569,0.50329804438348591,0.11297428071144665,-0.51366780860642214,0.81241095617646919,0.2759235776187165,0.047090253598659731,-0.29441385294206956,0.95451715082119892,-5.074351785305649,28.261976390199145,-3.6748636770470529,0.2884149567337843,0.319499831719846,0.4634146341463415,1,5
-0.97322243740242209,-0.22939188414149073,-0.014746213971895404,0.22754788461041922,-0.97051251777497816,0.079545037880405275,-0.032558371363005184,0.074059545853918621,0.99672219606172052,-3.1458256803442661,-28.084372598169431,2.5908620306152059,,0.1782802589722295,0.6428571428571429,0,1
0.48530230424940529,-0.87152011659700446,-0.070244998803906972,0.868560748871266,0.47130559372927711,0.15320986534710751,-0.10041861884333481,-0.13536514945227504,0.98569385577031954,-9.1079083413224975,28.108774730319094,-3.6915918087100423,,0.2723257398142578,0.525,0,3
0.49291509395321353,0.86988218625320501,0.018430740420270129,-0.86498987152480888,0.4876355652739745,0.11833882557904031,0.09395335179007594,-0.074273397116842138,0.9928022110008291,-6.4974392792934594,-0.53176447121601811,-1.0799483379618156,,0.07381453412136747,0.1512605042016807,0,3
0.59301811028626716,-0.77059112321309475,-0.23349270159404337,0.79902860417889443,0.52739174547119494,0.28881003533944866,-0.099412326078971991,-0.35783692882935753,0.92847720585350979,0.23770332646868056,-10.106700395327991,0.24254595915923247,,0.3317256732499561,0.1818181818181818,0,3
0.92386415007838052,-0.35851302473746488,-0.13395313842364914,0.38143550549861588,0.83386500709475952,0.39896880214857883,-0.031336677312168632,-0.41968745637253707,0.90712758287827544,3.9608105179366571,-13.203370784213918,0.75536548423300387,,0.642035294294818,0.3333333333333333,0,1
-0.91794261927817722,-0.39648207164772425,-0.013539371279624067,0.39374022603111714,-0.91470323896102324,0.091030868606080451,-0.048476614131798552,0.078230118855474734,0.9957560275419749,-4.7641118068457509,10.127402722861426,-2.0516326110216281,0.1877332695668631,0.1446412048225526,0.6852791878172588,1,5
0.97332951624712127,0.22915146678334125,0.010920534473585217,-0.22425404837474655,0.94033221352777319,0.25590125046489332,0.048371216541268719,-0.2515252143881454,0.96664124262174733,9.4583985572837666,-4.8569295596990916,-0.24580265910864377,0.4830664568806919,0.2912202990336097,0.3548387096774194,1,4
0.88879389173834866,0.45533453627142506,0.052114087222994827,-0.45502388507452218,0.86311680231421395,0.21904942267573624,0.054760222975144407,-0.21840294329832588,0.97432103145643922,1.2695631432126864,-7.6413680427222035,-0.086907620475557709,,0.09012551779148821,0.358974358974359,0,5
-0.98080434280088091,0.19232585012165637,0.032149782548478043,-0.19453997627501909,-0.97637710125136157,-0.09403166372506587,0.013305591826267586,-0.098481082076564572,0.99504996743841034,6.2413622683852745,6.8235606851401949,-1.4954080119229956,,0.08373376547446108,0.375,0,4
-0.86966483173345943,-0.47335648731438518,-0.14005968857383649,0.49010764989369876,-0.86184849889013959,-0.13042874099096771,-0.058970941672059185,-0.1820736138988831,0.98151496532661731,-12.630419764872734,11.014100158765375,-2.3487055383589239,,0.07957262615731241,0.24,0,1
-0.21200864101271352,-0.96765282656059859,-0.13674919884674161,0.97178815261239082,-0.2235431218715358,0.075208105321989668,-0.10334467851872256,-0.11694648311604346,0.98774662616920639,-3.2462212771835866,-12.381715498876179,0.44771225748775251,,0.07801899532048791,0.1851851851851852,0,4
0.29819884838252303,-0.9439462798573528,-0.14157283484765448,0.94907471046987557,0.27742629503363087,0.14930453700552748,-0.10165943522299922,-0.17888563823677128,0.97860374394479199,-1.3103336542505841,-20.709342213148805,1.6609201206200486,0.2773937100215915,0.2410327421029732,0.2758620689655172,1,5
0.97643381163214937,0.21581169016587709,0.0015250866404901194,-0.21356010191069805,0.9651790049840141,0.15106810123239819,0.031130280650930969,-0.14783369956074757,0.98852218128921021,-9.2723824309368599,-16.838393971385099,0.99322292267230794,,0.1017740895193377,0.36,0,1
-0.26531659687178716,-0.95631188793664601,-0.12277897383274194,0.9587192675497368,-0.27518210685230515,0.071639193862178041,-0.10229598942905684,-0.098703500745283348,0.98984501286178939,-19.481979015870106,-14.965691565450705,0.72540841020281333,,0.2079719925914359,0.2727272727272727,0,1
-0.51779574652169558,0.84417657610821017,0.13875688535802558,-0.85245899424456151,-0.52279385381135268,-0.00049954842193224624,0.072119539762755175,-0.11854321898486853,0.9903263488452253,-13.589042629236467,35.123486540466935,-4.4268223109080438,,0.2664724255130298,0.375,0,3
0.23042306477943211,0.96824187522648897,0.097020009665762005,-0.96716226613190071,0.21688937953581749,0.13249961515104069,0.10724906614166566,-0.1243650598136754,0.98642332175860525,4.4101246462104813,5.1699634288173417,-1.3691902322021485,0.5259131098854988,0.4664952408552512,0.7258485639686684,1,6
0.61332611056813813,0.78702040000334872,0.066558035382124153,-0.78498355376682039,0.59807396237437127,0.1615808028369459,0.087360760132754831,-0.15134868849245886,0.9846124476567617,-7.8394948667398614,27.784662799762348,-3.6435844576510497,,0.08228785571143132,0.4166666666666667,0,1
0.3152395338935754,0.94619609256691617,0.073054710194892167,-0.9436035230637424,0.30430593139137885,0.13042350778030029,0.10117523181220708,-0.11004932771772799,0.98876322642815806,-16.366798484090626,-16.621551711632854,0.93915305427654472,,0.1818867167377458,0.6,0,1
0.082129774203435243,-0.9361952076648804,-0.34175024994080683,0.99133320794283275,0.041461851746863579,0.12465707232040142,-0.10253375551039492,-0.34902642879162077,0.93148665099715855,-6.1697093688496798,-22.053633185686348,1.7572007178937441,,0.5427227918249961,0.1333333333333333,0,1
-0.7019887508331496,0.70803787987651956,0.076773396197380162,-0.70798208061622458,-0.70547479961304904,0.032660077116447389,0.077286268056092927,-0.03142718203870571,0.99651350467470834,-14.800907971066236,13.716509291078117,-2.6721441885808006,,0.1396955183479446,0.4117647058823529,0,3
0.43394300766765204,0.89375574806909741,0.11355231785305042,-0.89408258603163304,0.41168444309253083,0.17644332991241218,0.11094951758047138,-0.17809149926102924,0.97773903595981027,5.8494106395437351,24.740547838102984,-3.2685484997325709,0.7544762267714031,0.7223219498229005,0.9135802469135802,1,5
-0.34850346120312847,0.92221009843339252,0.16755259436043549,-0.93234393394215398,-0.35944657276270547,0.039152907560157664,0.096333412535364843,-0.14257172116734124,0.98508536581997486,11.185360153523103,-5.6473815003406918,-0.10279779082721378,0.4834157456413606,0.2609174814250579,0.3793103448275862,1,2
0.7641806546048957,-0.64431436801099973,-0.029781240777044853,0.64194884484900028,0.75526449396804085,0.13220145516685888,-0.062686583290753994,-0.12014382766412381,0.99077537966460694,-3.2109964888757005,-11.390813772697163,0.33650065271614854,,0.09457866025347419,0.4032258064516129,0,5
0.11219192147770043,0.96002828395994577,0.2564345272229594,-0.98853365328184351,0.081582665393544196,0.12706488514352066,0.10106527140611937,-0.2677498136399093,0.95817318278659858,1.7429376776479224,-8.7456120946584797,0.065160276623440982,,0.111427114684129,0.3888888888888889,0,4
-0.98157171647558505,-0.1891320525054043,-0.027313588747463646,0.18874041267488167,-0.98189187264407907,0.016291318510726738,-0.029900201311830368,0.010835919462396234,0.99949415246459317,-2.3050334092215503,13.673818028944261,-2.3171239528970888,,0.1450493914536125,0.2727272727272727,0,5
-0.61770047803554018,0.77098829549893544,0.15499408904313672,-0.78341542949573351,-0.62046910716404979,-0.035754047086487765,0.068603092223900319,-0.14351005281405763,0.98726819075599992,7.7052188656634373,4.7106167345758809,-1.2604799424649089,,0.1190989756240551,0.2916666666666667,0,5
-0.99898349400415065,-0.040444637596022237,-0.019905024415553231,0.039251223423713337,-0.99759778586661707,0.057078884832864427,-0.02216574309602715,0.056239567243606139,0.99817122324241092,-20.121823311307242,18.3644905016553,-3.0072598813454383,0.200882571841203,0.2084973057977575,0.7906976744186046,1,4
0.57058327907703854,0.82061820826872622,0.031944919713787989,-0.81425046793471201,0.56023499179528857,0.15209513284861043,0.10691537357086536,-0.11279410545750655,0.98784947875080842,-9.4497024154595834,-11.034626437807797,0.23048835237786336,0.3923579945258582,0.1786032613431368,0.3488372093023256,1,4
-0.24601397288480123,0.96101334323135379,0.12621600245900577,-0.96668770454754405,-0.25276252471049232,0.040323541245499819,0.07065413662366922,-0.11209130311167396,0.99118289570829965,-15.929098584203789,13.091504132481761,-2.6641008847952272,,0.1696296766018373,0.3157894736842105,0,3
-0.75994009760622461,0.6434163594334914,0.092230344592186153,-0.6471701850483611,-0.76219386703222614,-0.015207256259120588,0.060512805543217613,-0.071245332982678197,0.99562156610505137,-9.3002964711554945,-21.878841579460563,1.711857166269475,,0.3010836718562361,0.3636363636363636,0,1
0.75780195231781033,0.63230145102085911,0.16103128919632417,-0.64822591840787969,0.70141652048694902,0.29634105941000055,0.07442687530438867,-0.32895248870451893,0.94140899741160711,-11.450945643253682,3.8766019170846069,-1.5899934654043217,,0.2645745194060037,0.1935483870967742,0,1
0.083867750132676541,0.98733939197345733,0.13463701402350553,-0.99030050121921653,0.067563560259954386,0.12140874190093452,0.11077507739853372,-0.14351338049980639,0.98342909853474747,-10.115136781831971,2.5355747339799684,-1.4365556659764775,0.488993544333148,0.4468630547926842,0.3970588235294117,1,4
0.2973097450811133,0.94403566075696344,0.14284112397683649,-0.93857439220775185,0.26152602449751905,0.22512718361488906,0.17517141824981688,-0.20099952669020313,0.96380193219284516,-12.384327456759971,21.20352857499795,-3.1510336282907438,,0.4083113643945508,0.2916666666666667,0,2
-0.77358268718663881,-0.62840371243244075,-0.081722703615483339,0.63121578769905018,-0.77551850609851447,-0.011733544144686017,-0.056004066321700692,-0.060661527345212643,0.99658603424670744,-10.35938207070719,28.715750200431831,-3.7634587913664399,,0.2911907840554438,0.3846153846153846,0,3
-0.33011600239623207,-0.9402700652215904,-0.08316026340817366,0.93854467865452296,-0.33635900825813936,0.07743709532826723,-0.10078348640133925,-0.052486398350306301,0.99352295738800311,-10.209571661131855,-7.7110550429413571,-0.19777750839362296,,0.06904350357806814,0.2222222222222222,0,1
-0.6545416294098958,0.73521575042295151,0.17616201548419341,-0.75220186350856,-0.65671173192150889,-0.054056060630611948,0.07594479510596451,-0.16789133833127506,0.9828758246134881,-17.790396543228372,10.818640944449582,-2.5181036787291053,,0.5222828439358859,0.28,0,3
-0.12837658621310805,0.97833309065138718,0.16243095717495901,-0.98742835636974025,-0.14132476348361619,0.070799380387496627,0.092220893235871251,-0.15129995030668325,0.98417662636742864,-10.561097357482952,17.121753644034783,-2.783988488302958,,0.1211197658069997,0.25,0,4
-0.12045734829994581,-0.97708320243822033,-0.17549485107437063,0.98611639200259626,-0.13812606051131204,0.092171865725966681,-0.11429999415715549,-0.16195557082328274,0.98015606125503152,5.3904894348662049,3.1404689139823572,-1.1727866803948432,,0.2578755008022342,0.3,0,5
0.89210659639205403,-0.43596993081545249,-0.11864248858884172,0.44895253585682582,0.82576697002262689,0.3413949791185788,-0.050866897109117751,-0.35782555895913687,0.93240196703678746,5.9840719765024852,-13.829796897304771,0.91465019529680158,,0.3259686316767997,0.24,0,4
-0.74955520005652354,-0.6505779614481414,-0.12212828561068681,0.65764121885662419,-0.75289814015410705,-0.025542470774388662,-0.075332790529745161,-0.099462086397116761,0.99218559959340968,-14.100665248125306,-14.961716269220066,0.74344016174837546,,0.8334227772003315,0.5058823529411764,0,1
0.37578184981090579,-0.92605332683579178,-0.03483155478949853,0.92188800023664663,0.36973453144901158,0.11583993816406682,-0.094395531527550786,-0.075641338635298025,0.99265697575602085,-7.7395921953193119,11.842878050482248,-2.2409509988101584,0.1507383305198507,0.1305450842481345,0.5478260869565217,1,5
0.99150825191299263,-0.12889064723430296,-0.017279682982115459,0.12740641203683209,0.93616113165516801,0.32767352921774856,-0.026057485687244215,-0.32709255056273623,0.94463298206553281,-7.3492422914479683,-16.893984233781708,1.0148718512172497,,0.2821548130200885,0.15,0,5
-0.99733493393141859,-0.070117458782126885,-0.020163619068780718,0.070661721741212977,-0.99711618109881428,-0.027681085085041579,-0.018164543500498887,-0.029032109204373845,0.99941342095979724,4.0618886277110802,15.91632592900606,-2.4367530387263265,,0.1434523843610087,0.2777777777777778,0,4
0.86570157457723518,-0.49734714770294264,-0.056626835036428062,0.49940665499274495,0.85048495605171748,0.16513125833307751,-0.033967289021249535,-0.17123420861923391,0.98464464101273164,2.3808853128482816,-14.835551785986612,0.9213412692761106,0.6871280338404737,0.2556447331354795,0.2608695652173913,1,5
-0.9065086405658821,0.42059445210377011,0.036638660441226233,-0.42073563439707723,-0.90717383214949554,0.004142971359988889,0.034980144766527457,-0.011659550708751531,0.99931999096855084,-10.709152564708509,-5.1248984420501102,-0.52280865506333851,,0.07980058128443875,0.2435897435897436,0,3
0.86174411294490461,0.49630571119861061,0.10525077119166441,-0.50586359536928538,0.8247060180327962,0.25290711081452133,0.038718299095628357,-0.27118374739672385,0.96174854741923599,-4.0797052847830599,-21.199170887069489,1.6744669053513275,,0.2897276302281845,0.2307692307692308,0,4
0.84671408359666223,-0.52265450885334919,-0.099536551147449179,0.52982661837992673,0.81121340795069941,0.24741980764907087,-0.048569693175433921,-0.26223094999689905,0.96378208832109336,3.9977301432351404,-11.547212100440323,0.54910014304105015,,0.09315548167117282,0.2941176470588235,0,5
-0.90925835904809671,-0.41496770848025688,-0.032419707275156751,0.41305830107820729,-0.90918415701660871,0.052602362498121183,-0.051303766056181754,0.03443790859856579,0.99808915134862031,-29.661568917189502,12.712163283737571,-2.6351272153673326,,0.1864397645485503,0.4,0,1
-0.99038190692453021,-0.13748206120146134,-0.015567956973491056,0.13639866072387025,-0.98901925507975752,0.056888649432166746,-0.023218177991937448,0.054218040625599387,0.99825914485240519,-13.467612204820766,-3.154596549523371,-0.79240955298089022,,0.07170766738328546,0.2727272727272727,0,1
-0.64525190897546614,0.74742648324159489,0.15812534936757652,-0.76064934180023769,-0.64781223741056848,-0.041855511942614158,0.071151618269592848,-0.1472852919004968,0.98653154536862275,-1.9947605021430062,-10.414265597356716,0.20859864805250208,,0.3592438435346529,0.2282608695652174,0,5
-0.86679848090271627,0.4986449718112988,0.003685863813383278,-0.49674811652925116,-0.86410038877192608,0.08106680485159283,0.043608510974159471,0.068437637389916192,0.9967018548989971,3.825279293842021,-4.3243275426390948,-0.44120749383895941,0.6803880810053466,0.610027209068789,0.8874388254486134,1,5
0.34644557758911365,-0.91068332285732001,-0.22501410453234938,0.93319123197344533,0.31014961727735701,0.18155258045699027,-0.095548868841177498,-0.27287927801916084,0.9572916552915901,2.6859567798844171,-12.581544489821239,0.61291837998967802,,0.09503031944257602,0.3783783783783784,0,7
-0.62698771413442966,-0.76248454685896483,-0.15969884822929223,0.77377219842562683,-0.63330590562829336,-0.014149729322506936,-0.090349273754998571,-0.13244223532395952,0.98706436620634708,-4.8827261140320672,-12.285369583056205,0.40506066993801304,0.2853183504816699,0.2165004600908484,0.1875,1,4
-0.2691798646440513,0.96175421595488164,0.050705310996204275,-0.95835446290953463,-0.27269935802978645,0.08480438403479143,0.095388279634283021,-0.025766028470720945,0.99510662136539851,-5.1248556532740812,-9.1214084891259706,0.0090505861909612496,0.4627590997173263,0.3377755690315528,0.7282229965156795,1,6
0.29677777144307682,0.94677182283920081,0.12468387969187356,-0.9495238243329398,0.27867168304276596,0.14403680118032552,0.10162411820738824,-0.16113723513778258,0.98168596305067002,8.4060827306877357,-4.7966457150624882,-0.26120807186791484,,0.08099956295914057,0.25,0,1
0.93294744854369971,-0.340103636148819,-0.11806174204268073,0.35885064480176421,0.85218405643963446,0.38079988008854204,-0.02890108961888601,-0.39763280879278762,0.91708935027640537,10.662282540572447,20.718362610806409,-2.7626792418642578,,0.5290011366673733,0.3888888888888889,0,1
-0.81545178053110678,-0.56944994931533399,-0.10375523530603761,0.57432565990555684,-0.81831470122154182,-0.022607214307510132,-0.072030757338058346,-0.078024387145703741,0.99434589806960194,-17.487011382244138,22.156565991089455,-3.2894146131714139,,0.1966968480783554,0.3076923076923077,0,2
-0.4753256785625109,-0.83410429745062642,-0.27988483394690239,0.87461759435596975,-0.48248373865212379,-0.047471102570358012,-0.095444030416075243,-0.26735643420472577,0.95885920454844109,13.554599966717245,-1.6071058550471673,-0.51740963713723165,,0.4817647059171439,0.8333333333333334,0,1
-0.93360276196768011,0.35748124420987698,0.024352471835052198,-0.35715699674585349,-0.93389475841224068,0.016717053736360503,0.028718678970334498,0.0069094318362830547,0.99956365341577824,-8.4996774344685946,-10.54697235132177,0.18084155435238081,,0.1945912888429924,0.1052631578947368,0,1
0.90721850582081032,0.42002959565060316,0.023015678869979708,-0.41308222231808678,0.87920396602152118,0.23740990656831845,0.079483710916174413,-0.22489002847973877,0.97113686717649383,-1.0701464226340944,-5.6256204893283233,-0.44111623417126605,0.2901416660505772,0.1902433741512093,0.2307692307692308,1,5
-0.65156189644785034,0.75278967695729926,0.093673888377737574,-0.75509969477656236,-0.65543672412490983,0.015071549911951207,0.072743013723810396,-0.06091307687952402,0.99548885027379663,-3.9206507097044514,8.1859691048354932,-1.8450256376822272,0.6988095421058368,0.5844603172583684,0.1228070175438596,1,1
-0.90238082592531421,-0.419620285646987,-0.098120644493844611,0.42767769900207386,-0.89998903400062913,-0.084329855062749925,-0.052920986183534233,-0.11806165572341433,0.99159508604531044,1.5629555986967125,8.0341277218888596,-1.7045018391050524,,0.1128763910894949,0.1570247933884298,0,5
-0.25862591475866753,0.95883811633137583,0.11722671574918353,-0.96380727503422425,-0.26426794005680387,0.035185116871131301,0.064716093874276126,-0.10388417843074535,0.99248168983887208,19.586957287572012,-0.79403118001442508,-0.33260087174471437,,0.2290112252917981,0.25,0,4
0.63430111546005208,-0.7593564361567563,-0.14505136260457302,0.76928531084154617,0.60139097074766312,0.21570584328341416,-0.076565040648845756,-0.24840833957516953,0.96562471560122531,15.975813222097583,-21.412693897158722,1.9880091305901031,,0.4496005374652222,0.4545454545454545,0,4
0.99714943235720832,-0.07169363412019937,-0.023516640413455293,0.075442342286117764,0.95235352109135085,0.29551856769971252,0.0012093552336047274,-0.29645032246827513,0.95504750864466104,-12.015380762601522,-13.452975366770287,0.52057053840823553,,0.0681786641156225,0.1666666666666667,0,1
0.67815056869626122,-0.72815057339446965,-0.099541692984615418,0.72970863075571191,0.65102815463173491,0.20901592302363722,-0.087390619505542819,-0.21438069955596264,0.9728328711964529,-8.1425340337195991,-6.2249366722889619,-0.39668765258667493,0.7463884682646286,0.2663686337618774,0.5086206896551724,1,5
0.99897512050250137,0.045261847650903624,0.000271595729383749,-0.04282174709856125,0.94314170813369291,0.32962101928440191,0.014663103097253357,-0.32929482766342938,0.94411329292711077,-10.351688169867368,27.16383714777297,-3.6093346374751851,,0.1899401820813519,0.1785714285714286,0,2
0.98922645724016034,0.14627656514524065,-0.0058466046036170409,-0.14390618728735352,0.97897457081003647,0.14456762766166412,0.026870533238066301,-0.14216875956627939,0.9894776491901609,7.4064604963113174,-13.204217169618829,0.82437598530436718,0.4160750354867203,0.3976729335232488,0.6456692913385826,1,5
0.99706299462031733,0.076579676150220363,-0.00096848308863347178,-0.074126726034847615,0.96815013449419351,0.23914544855846692,0.019251318035922418,-0.23837128660894347,0.9709832730146678,1.5593041007749588,-6.7068225935189574,-0.19391539816025394,0.4646140178030259,0.5589140526490275,0.55,1,5
0.17046040885169497,0.98367250062437273,0.057720538194872238,-0.97921250235186297,0.16256975823768305,0.12130106736687601,0.10993691032549112,-0.077197702180401825,0.99093611828722339,-14.725597825076518,-10.708693597872308,0.22328225513203687,0.4604284658655419,0.4450356375799839,0.9006211180124224,1,3
0.8573432560499249,0.51345372335730166,0.036439199720050844,-0.51230262565122775,0.84424634592594694,0.15746151003196218,0.050085537399255364,-0.1536664614065518,0.98685260175074663,-14.708336791649106,25.106132872215277,-3.4962275663896825,,0.3284042546205199,0.375,0,4
-0.43288911073734537,0.8879705920208335,0.15529084168488411,-0.89699171413708512,-0.44141628448391795,0.023612042728778537,0.089514705911616602,-0.12907320209316184,0.98758656629531649,-15.198202428267251,-8.2013543365438917,-0.12991837636871631,,0.2313620373631486,0.2916666666666667,0,1
-0.97829870941223995,-0.20629634193901722,-0.019324969985114581,0.20666620882374442,-0.9782147673355851,-0.019620068730959176,-0.014856422609967059,-0.023188106200533059,0.99962072729514095,12.207638563434269,-10.53306564345851,0.59452994625455791,,0.2058434589298263,0.1666666666666667,0,5
-0.94788352187924985,0.31775326900849293,0.023445446982431555,-0.31811428524190127,-0.94795429697769418,-0.013636435258541888,0.017892190330534369,-0.020384083887738182,0.99963211165369925,-21.363960861388485,10.724311940555335,-2.5142762597428372,,0.1547491948554118,0.3333333333333333,0,4
0.96027930922851579,0.27612259757664492,0.040248718925344776,-0.27682052792652995,0.92451872730934603,0.26198381280679345,0.035128956518553911,-0.26271930641244073,0.96423260806305666,-10.554218111127648,-11.578772622466245,0.3018758802108964,,0.3276670998886838,0.196078431372549,0,2
-0.9058133988658531,-0.4043386163487781,-0.12653999274634853,0.41354882364364065,-0.90871794979386888,-0.056648549720080134,-0.09208396656341071,-0.10364348050689431,0.99034265385792863,21.999116999644208,-17.333576232497478,1.7066632371710679,,0.3523880978762119,0.3125,0,6
0.98138424340652575,0.19200806478459267,0.0042272746631472381,-0.19030788267101226,0.96926126811168845,0.15593429363613018,0.025843308353967257,-0.15383594247183693,0.98775838453395282,-0.67837700846586602,-17.557298104938017,1.2498202406960328,0.5037683308296351,0.5532965779876597,0.6875,1,5
-0.2903644767166868,-0.9528844726038348,-0.087747663966382269,0.95155425901037483,-0.29721465965568933,0.078790470521314077,-0.1011581080302604,-0.060618709622239308,0.99302185737448578,-4.0197583612574981,-11.152055150838592,0.2812085450476951,,0.07061557817368135,0.3333333333333333,0,6
-0.81445187727380242,-0.57892807272571212,-0.038864202233827159,0.57740864409795734,-0.81526849377114019,0.044006144856088218,-0.057161152246412897,0.013400360973841004,0.99827502873688734,0.138729173550624,23.774835053804964,-3.2720160056550673,0.2041456215053871,0.2178100160712455,0.7674418604651163,1,5
0.99318744614289634,-0.11178635669751878,-0.032901478393019108,0.11651738676984194,0.94894219338440233,0.29314230707137251,-0.0015477094295530069,-0.29497885359987219,0.95550252774360922,-18.68658269097115,7.500166263943771,-2.151673921127494,,0.3263617710785042,0.2413793103448276,0,4
-0.97988699600928419,-0.19776151988214247,-0.026680635408577454,0.19783936833891452,-0.98023441262002065,-0.00028399074320393884,-0.026097114537047366,-0.0055567588923663858,0.99964396814238399,8.9036415524639949,-20.554659836983632,1.7952379682360466,0.4353017513649646,0.3718341578471113,0.7777777777777778,1,5
0.77861948072952525,-0.6118874974083508,-0.13908772319594276,0.62079250876783854,0.71882626024558782,0.31289849574435008,-0.091478769592834824,-0.3299734808991312,0.93954730408696974,-3.2994827797439643,-16.541888527310757,1.0606989882579407,,0.3653818862981841,0.1290322580645161,0,2
-0.18849437095293298,-0.9804420281613867,-0.05659771668402603,0.97692055302057512,-0.19308995558237144,0.091337298729338018,-0.10047937701355679,-0.038074906014133811,0.99421033807086467,-1.4885201969955211,19.243740951631349,-2.8312608660679208,0.3433145466158249,0.287722406540332,0.7525773195876289,1,5
-0.9669172256555546,0.25508621126197101,-0.0014503636022469429,-0.25454639625576475,-0.96446873545062572,0.070754437963102601,0.016649651160575287,0.068782869686313683,0.99749270972471127,-6.807728807165339,-8.2577146526906375,-0.13244846350426071,,0.07855844928256549,0.24,0,5
-0.96683108143163166,0.24881207728634888,0.057707973228954504,-0.2502356267074391,-0.96800243118881868,-0.018799583476013203,0.051183894967822274,-0.032616612469541645,0.99815648346686336,31.656939156787303,-0.54427780488838751,0.14824670151269639,0.6152263756733358,0.3366113141822741,0.2558139534883721,1,5
-0.2488424963185206,0.96833342405167822,0.020193857737448532,-0.96360315674219776,-0.24962255808288167,0.09569500934024959,0.097705518485084908,0.0043541199468435741,0.99520584468593698,-5.968674653351453,1.9757596328937785,-1.3081725228047634,0.3047316325958747,0.2392054047148599,0.8950795947901592,1,5
-0.77741674912143588,0.62306687418465811,0.086086401244431524,-0.62693879119865537,-0.77862781898069933,-0.026200603041296355,0.050704539006155597,-0.07433969197621218,0.99594310074474346,-14.101219685605587,22.127855393949591,-3.251349045980152,0.4466599969725761,0.4101026861879147,0.4571428571428571,1,5
-0.98464026888878098,-0.17434475570918795,-0.009351312171637708,0.17459524688561706,-0.98328814578541845,-0.051584126655619671,-0.00020161244566442666,-0.052424502997893897,0.99862486992756405,2.596574947432392,-8.053564645312532,0.031371894834699092,,0.3507534877733838,0.1842105263157895,0,3
0.24656320055151656,-0.94813416003153161,-0.20061954719093361,0.96413815398262892,0.21900353379779663,0.14991688436946096,-0.098204929452454806,-0.23038894670834345,0.96813053100594793,-1.8510820171049329,9.1128668325694697,-1.8824312657275211,,0.2812517226339012,0.3402061855670103,0,1
-0.11462221501961763,0.95732325201565771,0.26531856130727499,-0.98910625992827739,-0.13481141001180394,0.059115905654270495,0.092361000398934023,-0.25565225381520684,0.96234680376905346,-17.845368658668136,7.2724793065862086,-2.1094885270908534,,0.3942410752447558,0.5677966101694916,0,3
0.34264225513613522,0.93853363116551003,0.041843854584720681,-0.9344624972725537,0.33588843936490576,0.11814735499431146,0.096830399081937746,-0.07958378900436805,0.99211405309134792,-18.212485092207789,12.025926166533768,-2.6274409206444216,0.6075589002970991,0.4939052365932519,0.7821782178217822,1,5
0.85396057209296872,-0.5000508666547494,-0.14387658624141664,0.518296901232975,0.79298230703344796,0.3202302029856125,-0.046039803246166515,-0.34803475615194618,0.93635043921990524,0.2409555072257922,-6.257250170414296,-0.33569946679095913,,0.0829755840311738,0.4782608695652174,1,5
0.76837874233599268,-0.62804983970893979,-0.12307520939545288,0.63535950378433914,0.72547029689233111,0.26459620042221366,-0.076892192562560649,-0.2815070996769512,0.95647338883755362,-24.106590168249081,15.109020059644704,-2.8399083310474826,,0.2964900440133956,0.25,0,3
-0.31943700208613285,-0.9345170677236575,-0.15696449226306064,0.93494200905168334,-0.33780530775511425,0.10849430290514768,-0.15441321643118938,-0.11209560288275816,0.9816267795887218,-10.493828968316736,8.7676417370168984,-2.0325902358067545,,0.3699541240437805,0.3108108108108108,0,5
