axis_00,axis_01,axis_02,axis_10,axis_11,axis_12,axis_20,axis_21,axis_22,location_x,location_y,location_z,dbh,dbh_approximation,score,reconstructed,number_clusters
0.72938897627390187,0.6821654734530842,0.051400273526885767,-0.68394486829332068,0.72556721805140656,0.075971239455298767,0.014530603061857642,-0.090567537880146404,0.99578430528753881,-7.1796151274975388,-9.080600410185701,-0.46181068436986905,0.2470333813337642,0.2597911751868366,0.9196217494089834,1,4
-0.16890133210209116,0.98337109411931967,0.0667355322501582,-0.98358383843680985,-0.17252712024797831,0.052888803586881208,0.063523009847229028,-0.056707001591624,0.99636797579530667,-12.281438629482038,-22.808423658710691,0.58748447608052501,,0.4427705363748294,0.7317073170731707,0,2
0.61090931399304071,0.78703778123958335,0.085798257429997971,-0.79108749820495516,0.60257690693567845,0.10526937546909745,0.031150927119035846,-0.13218397077294408,0.99073559419772539,-8.8383132002889191,-18.157341373217623,0.054146507715025619,,0.08801558079654816,0.1739130434782609,0,2
0.77956568763431133,0.62245001939599587,0.069522025410431079,-0.62626420828435947,0.7731907621033961,0.099845815234966037,0.008395241819550767,-0.12137552781304337,0.99257115672524809,-2.1550936549529771,-15.309752094397876,-0.5393094413442111,,0.3020058338384811,0.3333333333333333,0,1
0.95640195257237237,-0.29192718298863268,0.0085921445562397898,0.28797029451502304,0.94752432315983925,0.13881918634475357,-0.048666359969540593,-0.13029265847625429,0.99028046964206318,-7.7550431947120471,-18.656470687174188,0.011229579510463071,,0.3434425925168611,0.7613636363636364,0,4
-0.41737602132683371,0.90725439751015757,0.051833531809661916,-0.90609757801125201,-0.41982927075565341,0.052254784842338524,0.069169617199499073,-0.025156343439718846,0.9972876828885523,21.372894455922442,-8.2156606313366165,-3.5100247296589355,,0.190077199075761,0.4827586206896552,0,5
0.98654868988015354,0.15902329252661188,0.03785861764179542,-0.16247365391094018,0.97939198693765295,0.11997352919350092,-0.017999841126522784,-0.12451075598642641,0.99205497698620904,0.092544702087097475,-13.666009474946618,-0.76138957897792381,0.1516416825889465,0.1218383293005658,0.4705882352941176,1,5
0.93878094688062541,-0.34314319067128823,-0.030709680393061486,0.34424444731200154,0.93078092450679994,0.12305539837455651,-0.013641637320009666,-0.12609370035887638,0.99192453566843197,-0.47983376877043504,-10.013976213302394,-0.89789294071562198,0.1536478982507284,0.1699985174124453,0.2666666666666667,1,5
0.36898972752444753,0.91348216788326497,0.17145527096221247,-0.92862357195252543,0.35464151221368123,0.10903054355971679,0.038792300725375345,-0.19944855671095998,0.97914014861527765,-16.851946881249116,8.86563559447095,-0.78801724801849193,,0.5560589187489632,0.2372881355932203,0,1
0.03105566292953962,0.99688427311983374,0.072507184515381254,-0.99840639134681619,0.02751962300969929,0.049268124251205456,0.047119247848782603,-0.073921690698635648,0.99615026985210442,-6.874727646641885,-17.052346379075942,-0.13262575491877748,,0.08075584103788359,0.1538461538461539,0,3
0.32798944996067037,0.93961836516963071,0.097674195929350283,-0.94412952032266029,0.32250739054917049,0.067885432137283999,0.032285748710505574,-0.11448279729772932,0.99290045802844029,-9.5742992416876831,12.22706630640514,-1.4047336062755671,0.2833573518682553,0.2846782888273311,0.7102803738317757,1,4
-0.7090962115677989,-0.69900590618962477,-0.092592147897201965,0.70495029337222503,-0.70560481320918034,-0.071881370677333065,-0.015087962573180501,-0.11624366945369445,0.99310611854792774,-0.75821973789855834,-25.730342579319608,-0.085115629106174817,,0.4111839359455515,0.25,0,1
-0.37955136711887877,0.91492696388654216,0.13729315522466576,-0.92274692541370085,-0.38510024672228482,0.015359414506974518,0.06692437043224081,-0.12085715008963861,0.99041136802565954,30.572944322050255,5.1617748606097393,-5.3903715024648982,0.4720969086469254,0.4358117738262454,0.8444444444444444,1,5
-0.31058167096513212,0.94665327198204896,0.085945379783834083,-0.94865848396582841,-0.31439133043566869,0.034715589387860436,0.059884108577841773,-0.070750787928978279,0.99569484258344243,4.8312146810918728,-19.209345780501231,-0.89364043846236674,0.8632008538459215,0.7526619905425063,0.8888888888888888,1,5
0.97843935710694585,0.20238673382956335,0.041182938626921656,-0.20598020492818803,0.97081476831430835,0.1228447833673791,-0.015118850547873194,-0.12867904099983873,0.99157103868833996,5.6117283009907126,-16.421023842706695,-1.1929639373966561,0.2303083876606925,0.176450437651224,0.2941176470588235,1,5
-0.81518528307266347,0.57534068768081181,0.066753631816639403,-0.57649450132819624,-0.81709752913409583,0.0023911966270521085,0.055919980329891421,-0.036533833386673674,0.99776662342352318,25.383049498848152,-1.1533027900937589,-4.403913917606495,,0.266112688558503,0.2352941176470588,0,4
-0.53502401941317701,-0.81085681543661337,-0.23719300898416207,0.84437219837514355,-0.52253272249930938,-0.11830107577103947,-0.028015875179866805,-0.26357309949509672,0.96423250928417281,-2.2858373571587327,9.2965449388397765,-1.7760990169486579,,0.4100995085510228,0.2580645161290323,0,3
0.91085703770257265,-0.41202016157534183,0.024059162976363874,0.40943258167608376,0.90940601153847378,0.07311407005318718,-0.05200401840003422,-0.056745860052646153,0.99703334419523515,6.9579522841010428,-9.0169376714181073,-1.6039703603837214,,0.07983359555689318,0.4166666666666667,0,5
-0.55391232941243396,0.81685517240504901,0.16102409335254758,-0.82864168468879384,-0.55966394970770383,-0.011367576421180869,0.08083371648643746,-0.13972791672637069,0.98688500827923187,2.5713367217590108,4.0112695832818783,-1.881674850500189,0.6564018190179581,0.2690415047541745,0.2459016393442623,1,2
0.93919340057824952,0.33872021565457933,0.056430238500109288,-0.34315956790655422,0.93180840794411179,0.11821422012113011,-0.012540624563826238,-0.13039059165283121,0.99138339018967536,-9.1278248291655757,-17.431834434167509,0.06624052543462898,,0.1288833529104034,0.1739130434782609,0,1
0.984775873874148,-0.17236839518553418,0.022485875045746812,0.16991933716061655,0.98181999380050933,0.084598573465903534,-0.036659202041317437,-0.079489849130141663,0.99616136583937154,-2.7623796203341979,-9.0629913613426822,-0.78401193478565379,,0.1263995502756049,0.4452554744525548,1,5
0.9863541257466214,0.1403329244988798,0.086094186355463398,-0.15710541736095626,0.95864106756079948,0.23732928900944705,-0.049228309522644322,-0.24761658645470744,0.96760663477162057,7.1417025352052494,-5.3024560285159801,-1.8726529804616459,,0.1069089681170855,0.4642857142857143,0,4
-0.62599163688974924,-0.77969145978386811,-0.014686663480619207,0.77928897099974281,-0.62614783650493833,0.025447721280050628,-0.02903739351688148,0.0044849058279817682,0.99956826450095926,3.6653233677049002,-21.242285468332582,-0.70555964107914859,,0.2315636855776266,0.84375,1,5
0.64436790156384516,0.75998656168799383,0.08491427140278951,-0.7643902427093785,0.63687161839410533,0.10050919626963983,0.022306149037936474,-0.1296725404152049,0.99130594065473177,11.133718283601956,-20.178683433393275,-1.4541871122120353,0.1254607203589942,0.1364232278317724,0.1666666666666667,1,5
-0.45590545204539162,-0.88924451583874542,-0.037341797573240083,0.88944726328906321,-0.45672235521082621,0.0169781058504841,-0.032152521252328856,-0.025473148635173113,0.99915831281920842,2.0172813079691716,-17.559205563587653,-0.79252748643163762,,0.2187521990541895,0.6153846153846154,1,5
0.92274889437754903,0.38171654251233544,0.053169155508058279,-0.38516850270054903,0.9181712008428119,0.092773220652764832,-0.013405314335324676,-0.10608547080207456,0.99426664956251753,8.1351630609611032,-7.340638231874725,-1.8119969423257312,,0.0822361108747223,0.2380952380952381,0,5
-0.73546631124446071,0.66590513752919411,0.12513853457945392,-0.67412395080818532,-0.73772698206192955,-0.036273942225283705,0.068163068968699295,-0.11103714581177219,0.99147594437724296,-3.7182852124930048,-13.141156360706733,-0.52624696697271955,,0.4387808973294266,0.6965174129353234,0,4
0.91381177456899398,0.40274894743811029,0.052357673712278618,-0.40608512480750203,0.90814793550443018,0.10179488518151505,-0.0065507304281819147,-0.11428303713384833,0.99342663310096635,10.013741549515737,-5.403004312514919,-2.1584429227842925,,0.08625283364409661,0.2857142857142857,0,2
0.99645274513645266,0.074748809857898682,0.038659308514963617,-0.078105807633359045,0.99248470897864038,0.094199709434391002,-0.031327456391608548,-0.096885075571063559,0.99480242893130322,-2.8325133394605264,-3.3820542968996938,-1.0034344943188018,0.5248248096355673,0.4325776472736267,0.9668954380298749,1,5
-0.80864960525781682,0.58699395873736915,0.039037268375334201,-0.5854162307284132,-0.80947655562898901,0.045116988892929075,0.05808315346220036,0.013630784748466778,0.99821868795921997,-7.863580583733806,-10.02148175655582,-0.37511225757571487,0.343081018538859,0.2995044650759743,0.9483568075117371,1,4
0.13395443127764459,0.97988648643072029,0.14791444842050291,-0.98797058899120505,0.12041278028544619,0.097030292343684488,0.077267882263297602,-0.15913276235391524,0.98422885464517762,2.6106370102516787,-6.6360707995932957,-1.4001145407772531,0.3384708159598335,0.2461212347072576,0.2297297297297297,1,4
-0.92227592252284085,0.37487681722591171,0.094204536202956851,-0.38003814710635869,-0.92392528755654679,-0.043966689180776133,0.070555860696397701,-0.076350736212060885,0.99458153793505932,-6.4845707315494137,-9.8091226053497991,-0.46160132085397665,,0.1119291703040061,0.2967032967032967,0,5
-0.99188864294787094,0.12033712017685018,0.04093772708119886,-0.12463249522097787,-0.98401233008786182,-0.1272260797558864,0.024973208164457809,-0.13129627467144883,0.99102857029016844,16.247220564732316,3.4410313656669058,-3.3551459042718674,,0.2254697784594963,0.24,0,5
0.46878725304717983,0.87329237183918407,0.13266101412235462,-0.88269737098385526,0.45755051073073794,0.10720485711119093,0.032922069173571752,-0.16735579887632515,0.98534672777849985,-11.610698577146421,-17.368536618539949,0.24055035014596193,,0.09521350162194714,0.2307692307692308,0,1
0.9345292050873758,0.34799357049753371,0.0745361639148137,-0.35578158409342819,0.9186177989669414,0.17193255608261973,-0.0086388227629070058,-0.18719458943439105,0.9822848652136309,-3.8277027907149859,-5.0073023945037223,-0.89142761595893338,,0.1290181732467503,0.1533333333333333,1,5
0.95414148950537436,0.29189576352668367,0.066414465590259042,-0.29924169865423544,0.93613852721560276,0.18465931779666331,-0.0082718674429028832,-0.19606509403199698,0.98055599284856265,-1.9442922742658739,-12.933413601541011,-0.6482345690454937,,0.1743655512604543,0.25,1,5
0.95302519429801336,0.29774658995304554,0.055587293553165593,-0.30259978387770281,0.94398391501610213,0.13163486995488255,-0.013279677345487713,-0.14227205053068009,0.98973850779253503,0.089997807867047891,-16.621830252498938,-0.69022912003895276,,0.07703800739220903,0.2962962962962963,0,3
0.57874835519849954,0.8103445712934515,0.09160795342252212,-0.81519258015607898,0.57174910540907076,0.092541978163433875,0.022614124203812938,-0.12823664156222658,0.99148573622989378,16.988277661418238,-9.5015739119016729,-2.7206347222558769,,0.5051237091645435,0.459016393442623,0,5
0.98900349456584979,-0.14488818059781916,0.029656413464732093,0.14245996789962437,0.98717509583397789,0.072045039462928423,-0.039714547493020731,-0.067027944084767033,0.99696038508518203,6.8772634378351283,-10.724350387261941,-1.4614218921954747,0.4910132447355833,0.4876908766841918,0.9476190476190476,1,5
-0.68863023839676807,0.67831319946292912,0.25628031176814003,-0.72254211125764789,-0.67163554784008561,-0.16382487093506024,0.06100239523946055,-0.29798807746605044,0.95261839865873676,12.432160751397305,-2.410273946894546,-2.4204580559115905,,0.4117270657723819,0.375,0,2
-0.5612968929226807,-0.81083879485421928,-0.16578976673697876,0.82756672951627408,-0.55204047603878892,-0.10190496068693489,-0.0088941662387806101,-0.19440103285277194,0.98088181359055315,2.1181184698984441,-24.482853131399615,-0.39380685311594427,,0.4345974526350848,0.2,0,4
-0.87403293321568587,-0.48231243187755973,-0.058661313578359249,0.48468359220218155,-0.85710598480685873,-0.17450256805633041,0.033885795023484558,-0.18095316760040212,0.98290778002364343,-1.7463679332490207,-17.74134144951385,-0.48198767528128472,,0.4555982641171979,0.282051282051282,0,5
0.50036737464005887,0.8177273074624396,0.2845251149302005,-0.86558264207864533,0.46486865271934974,0.18618223720604532,0.019979492685412336,-0.33943951795441468,0.94041567060683739,-22.205490134433294,-1.5719713674245031,0.055773725897285138,,0.3988172990616288,0.2307692307692308,0,3
-0.18029532783668395,0.98097260408812914,0.072016281414802985,-0.98146495146956503,-0.18425439538784574,0.052695984829041975,0.064962633852899354,-0.061180616283369127,0.99601043588613081,-13.702104855690626,8.5318302098985832,-0.97253924638610545,0.5720311392646505,0.2646731416401212,0.6290322580645161,1,4
0.98527129188098628,0.156229496540602,0.069518528507454491,-0.1693543492954466,0.94775972231097583,0.27031576561447024,-0.02365556530475664,-0.27810762876212397,0.960258590721489,10.967353347301353,-7.7950769236891944,-2.0738885286360476,,0.5852422155202534,0.3,0,1
0.85730468902309209,0.5037705745966603,0.10603715551433202,-0.51477864322591982,0.83662215990606481,0.18726000649522592,0.0056230469943785054,-0.2151245446820555,0.97657043351610706,2.8652026127821673,8.0549956995998677,-2.1076250633276228,0.6746144556723385,0.5538065549014106,0.4545454545454545,1,5
0.52077924181153701,0.84948423476918489,0.084649371981202176,-0.85313904205907598,0.51431112691333836,0.087394734667788118,0.030704335405963488,-0.11773104778155639,0.99257072502443555,9.0828485562716015,-9.1203745375235723,-1.7785636851689073,,0.07827735853884671,0.3103448275862069,0,5
-0.44617374626070916,0.88735505319914665,0.11631851834349095,-0.89072099118814818,-0.45291544012771923,0.038519085538453145,0.086862558127702896,-0.086421141255222642,0.99246475118245758,1.0781371900960341,-11.705443417716198,-0.93280600877425124,0.4742258059929398,0.1944796040921906,0.631578947368421,1,5
0.4197797123980751,0.90006239441000557,0.11693023230934645,-0.90697605859709773,0.41110871231080209,0.091564489808159441,0.034342716704764138,-0.14448983642831967,0.98891013999162425,10.993098747414686,-12.309958646691721,-1.8209331428992459,,0.1115420446190523,0.375,0,5
-0.19024110945848471,-0.97625937349763658,-0.10356619105676244,0.98093138754153653,-0.19329813108019775,0.020234758628097788,-0.039773523955509524,-0.097741844564667946,0.99441671275841659,3.5010316535132318,-17.164296814195776,-0.973234138367568,0.4735293597956393,0.2761764795230439,0.3617021276595745,1,5
0.85754186623040818,0.50588548521830445,0.093283565045022984,-0.51441417828206737,0.8433345534662755,0.15545058414886276,-2.9059483370447856e-05,-0.18129177249748016,0.983429353019457,-9.540200524933244,-15.195636546253466,-0.0060410570002104548,,0.1336596904883715,0.1428571428571428,0,2
0.79416750716722617,-0.59769585121481694,-0.1098072857345498,0.60474037493553012,0.75948404175902895,0.2397354150646166,-0.059891981789119003,-0.25679497610733132,0.96460836133811678,7.3368270116015033,1.9454877084297555,-2.1477407564850308,,0.5725799362633727,0.2028985507246377,0,1
-0.27220307332592886,0.94384900551979312,0.187228581288263,-0.9602362461507169,-0.27899451628641997,0.010412082427914799,0.062063181116489105,-0.17694946923176472,0.98226119076765828,-6.5284203057997976,-8.5349424267916838,-0.5595318419267622,,0.0922538041611599,0.2884615384615384,0,3
0.93465282642025993,-0.35463066277310495,0.025713558402653561,0.35071350370448817,0.93139639331280599,0.097472031081831986,-0.05851608653986054,-0.082084417187453143,0.99490603378965092,16.420028773591458,-2.6787944325085111,-3.0240606965003356,0.1885023378807246,0.206323786292384,0.7755102040816326,1,4
0.63887427699108845,0.75496863974192363,0.14785807791711131,-0.76707647379250798,0.61050374225769832,0.19717724017593088,0.058594722912262344,-0.23938991978689175,0.96915381893240227,17.134012677733395,-19.833667117498344,-2.1221548647413648,,0.5597807480627617,0.34375,0,5
0.43592243221806565,0.85112831760142216,0.29249311114290955,-0.89930586618574249,0.39933122928163739,0.17827935484606172,0.034936973724086849,-0.34075674064849959,0.93950212962484192,3.4676791167592853,2.8445892716554244,-1.8480918340785499,,0.1740418092346799,0.4074074074074074,0,1
0.82496891168298359,0.56183203138479709,0.061408983598694407,-0.56515079914654431,0.81897701735855455,0.099404322152042535,0.0055559860164317212,-0.11671081161793447,0.9931504002269077,-4.71189950267458,-11.604499841607854,-0.55902128396449891,,0.0732233141903052,0.1694915254237288,0,4
-0.76311421954910741,0.6362243995471405,0.11346894439818046,-0.64338018269785446,-0.76447506948267308,-0.04049455088203685,0.060980557833069507,-0.10390563776977119,0.99271596643049165,-7.057304806328883,-24.18542813580272,0.28824400394080796,,0.337045093208591,0.5416666666666666,0,1
0.98933445199179004,0.1404324224286192,0.038679152432978418,-0.14316998118140681,0.98640640744270147,0.080652066585414794,-0.026827198709878791,-0.085329561623229036,0.99599154982488058,1.9297064713899044,2.8152741285360294,-1.7218848414970025,0.3566364701135745,0.3083489187725332,0.8121693121693122,1,5
-0.42687425033212484,0.89130418862883576,0.15282413989969085,-0.90249685994772,-0.43058953196175437,-0.009595454625169763,0.057252005972653806,-0.14201935888339726,0.98820681515280828,-19.233541270637588,6.9110862691741346,-0.56873513873724679,0.5908246990944503,0.4441704172296045,0.7611940298507462,1,5
0.94809294149322199,0.31456939668187173,0.046538897300363084,-0.31755426094519568,0.94427774497917472,0.086595794889796865,-0.016705258042933747,-0.096879487035432379,0.99515591710317974,12.407295537748931,-6.9101109881495351,-2.3087410221401288,,0.07929514022255724,0.2432432432432433,0,5
-0.49309699723228828,0.86685246580484321,0.073635275843606809,-0.86753544042965258,-0.49628349150964479,0.032938665023426961,0.065096934789818373,-0.047639254644250319,0.9967411351488964,3.1954494652043128,-4.6744502148796236,-1.4623510744758006,,0.09293965305737797,0.3258426966292135,0,5
0.67159375709948332,0.73761470222563674,0.069902621450023655,-0.74079672404422103,0.6667692006923841,0.081480345196795284,0.013492185529041649,-0.1065053241327594,0.99422058762682308,20.98659932078208,-2.4923596358183242,-3.7248654353170392,0.3031569472499391,0.2770740968306672,0.7027027027027027,1,5
-0.25883612359001346,0.95649001688567359,0.13465032017391843,-0.96085143603060275,-0.26922736845663747,0.06543043597472438,0.09883511017256888,-0.11244319308858773,0.98873057468919112,17.636395627629895,5.9121774531660547,-3.5826630807034388,,0.2542881545376345,0.3333333333333333,0,5
0.63209293444724146,0.77206477646960214,0.066140026888551542,-0.77460798878093684,0.62724184016512985,0.080932920761661781,0.020999665202738195,-0.10238972058368287,0.99452267906778657,8.296151058747169,-18.243435176843185,-1.2852378581898796,0.2184850669956646,0.2329398226747856,0.3214285714285715,1,5
0.77713529183813046,-0.62767453924087802,-0.045666300139326994,0.62653151233240589,0.76479582066758567,0.15015197882100037,-0.059321178630668589,-0.14529977797004909,0.98760770161422018,7.3018795409953601,-7.8556972240674003,-1.6970506239044585,,0.3719318900239785,0.1379310344827586,0,2
0.78842338945028512,-0.61183335277912232,-0.063627882211981207,0.61259290518860265,0.77156573655609229,0.17151165174775182,-0.055843455125120629,-0.17420178701641523,0.98312524426950598,-4.3384124191641069,-17.100294679793659,-0.31854667580212737,,0.491448824195796,0.1285714285714286,0,3
0.68856708830410951,0.72286735862987095,0.057776697135374082,-0.72474093452917754,0.68322079172222239,0.089218426214727489,0.025018847339028771,-0.10330600943765028,0.99433491625905046,-7.1142188541996498,-9.0460999685114043,-0.48120822098149951,,0.2153470877953627,0.8041002277904328,1,4
0.60423464796568271,-0.78838701607219741,-0.11552663366758166,0.79286342437144319,0.58048555217273856,0.18548346021330095,-0.079171209993126657,-0.20367237566122476,0.97583271255924642,11.448685232221784,3.702635960672001,-2.7679433298543712,,0.7152047975490228,0.2333333333333333,0,2
0.28886253027481429,0.95446139357920856,0.074578058234765432,-0.95636761044064844,0.28411823395218244,0.068101562654154305,0.043811326198561318,-0.090996029049233901,0.99488707419183775,9.6464772705890649,5.8149191802647957,-2.7103517252579206,0.3830639401792293,0.4374397417251236,0.6739130434782609,1,5
0.84191589906291275,0.51594963155034557,0.15803036609509971,-0.53849501035710512,0.82214707086819727,0.18465459020383362,-0.034651734813567071,-0.24056219895467193,0.97001499251738565,10.819491670885512,-11.090622490866577,-1.8438060340240106,,0.1856986075505495,0.25,0,3
0.98762820800249917,0.14923759092402406,0.04815250993423556,-0.15597464753666396,0.96660644830149156,0.203331953779503,-0.01619975566440569,-0.2083269439058956,0.97792507502325743,9.2388300197521147,-16.306465562883254,-1.5332534556508921,0.6050585355441521,0.3169230006612629,0.25,1,5
0.34352728740104921,-0.92984843644579274,-0.13179866482704553,0.93364351891870501,0.32297098778790218,0.15491778667540035,-0.10148291674944633,-0.17627145624468443,0.97909631360832106,-9.520170504760042,10.890791323822675,-1.299745206088061,,0.3204061508463136,0.3235294117647059,0,2
0.39513270509987347,0.91546071443083388,0.076169716385477301,-0.91738216209792689,0.3889296253477883,0.08452050160382607,0.047750539525640068,-0.103273553539213,0.99350614447742291,-6.2952074732345782,-7.016828066539472,-0.67755658579863431,0.1896093942093677,0.140904164544957,0.5143884892086331,1,5
-0.19248078927875184,0.97490015421683696,0.11189653733076686,-0.97951964662153412,-0.19774536570738271,0.037921395328724648,0.059096595849953609,-0.10230571660098163,0.99299603861732788,1.8785191097802665,-10.341629242808505,-1.0468877737558191,,0.1156628791051825,0.3170731707317073,0,5
-0.85238925806809751,-0.52210588450363382,-0.028948196779695817,0.52288241894379217,-0.85049550301232779,-0.05702083229220567,0.0051506008976081883,-0.063740448088206975,0.99795321863697994,-10.167756648832743,9.5552495226528258,-1.2085294190879867,,0.4092166114852536,0.4299065420560748,0,4
0.96294995401006966,-0.26903404918327961,0.018656539123165027,0.26557072837957374,0.95803549464341342,0.1078896623003965,-0.046899619400887875,-0.098937714666347779,0.99398780390739827,18.497381423384518,-2.5514315234006721,-3.367109512358105,,0.07786299914001579,0.3888888888888889,0,5
0.14595853427059174,0.97007577449486504,0.19403375482572,-0.98904060723246756,0.13867742322624688,0.050668032649390529,0.022243729876344449,-0.19930269447630544,0.97968548649843334,17.476736548323572,-3.6688659928459741,-3.1966475571319588,0.4612831261718424,0.3167553161214586,0.6285714285714286,1,3
-0.78991475995639482,0.59192697883798062,0.16017841217458603,-0.60114453466385731,-0.79905497065852604,-0.011679139937333674,0.1210781584217612,-0.10551590206998318,0.98701898358823481,18.620949414902473,-5.1698314019866505,-3.2336075046590218,,0.4056443625050725,0.6865671641791045,0,3
0.92669941966598701,-0.37491309819651858,0.025852550965233617,0.36600878153513128,0.91601210755927154,0.16419315041739521,-0.085239412421079755,-0.14269543652657021,0.98608937473466363,14.529822036999839,-7.9503289799204868,-2.4745734071776111,0.7861728355751569,0.6612492683025269,0.673469387755102,1,3
-0.47381260182773677,0.87170435121218237,0.12503256546587277,-0.87766735315417055,-0.47906511232496407,0.01402267308401405,0.072122365162147803,-0.10309288157199166,0.99205353797695817,-21.636617726877045,5.0969104354866959,-0.32451362347374552,,0.4359552696966186,0.1428571428571428,0,2
0.24572244538696419,-0.93804965344886038,-0.24430171406996448,0.96738698566075232,0.22131990323009296,0.12320681965063893,-0.06150528275890773,-0.26660897977880371,0.96184029448451147,-9.1844790997155243,-26.584329208190901,0.60447036748509009,,0.4484783248342143,0.2,0,1
0.43268029183639767,0.89872645419096164,0.07126377476467681,-0.90108188134580536,0.42856373092547567,0.066216098084524971,0.028969089848883394,-0.092864896880238565,0.99525720432496689,-14.099568827709023,11.403680669637486,-1.0834057877302747,0.7709823454057944,0.746385220041744,0.9382022471910112,1,5
0.99071056678161029,0.11267269626334263,0.076140898234853094,-0.13030067179567867,0.94675316724716418,0.29441497114966686,-0.038914107941163942,-0.30160123312780546,0.95263969494186584,-8.2725877640303107,10.728845492994619,-1.3810150584878969,0.7367243158367709,0.4617289539294619,0.2727272727272727,1,2
-0.91388934207637118,0.39109857392011577,0.10884932667163538,-0.40180707977842844,-0.90968155706808151,-0.10502635559764081,0.057942567074201264,-0.13971889710358501,0.98849445558030757,19.938125700025136,-8.9977179347767215,-3.2216889872595225,,0.3160822617689352,0.4375,0,5
0.94635567047586522,-0.32289114272922614,-0.012339161445932091,0.32012743262903154,0.93169641484666099,0.17163978979310621,-0.043924615382711196,-0.16638239242447311,0.98508249789273372,17.740554055842551,-13.725580719475225,-2.6196904226580076,,0.218886066303459,0.25,0,5
0.90620745886196896,0.41912506953613266,0.05587680725725494,-0.42254763264756706,0.90251019470955729,0.083239693591777603,-0.015541545832673399,-0.099043043832711175,0.99496177606050862,-6.7040348323266157,-11.743110254602469,-0.42554564617848456,,0.08972716389876399,0.3061224489795918,0,4
0.79568446044865193,0.58750272516432633,0.14740009269002191,-0.60517891905515031,0.78128773200285928,0.15280037877265545,-0.025391245179722147,-0.21078431570284648,0.97720277165074865,-0.94291440059017595,-12.136461821205803,-0.75848576684390612,,0.4117761255877442,0.2307692307692308,0,2
-0.21383376584241592,0.97393969217053655,0.075608178131809728,-0.9748823455290363,-0.21769349124770376,0.047052696460360387,0.062285896970789033,-0.063647622761156861,0.99602683053991969,16.147635677335231,-13.984820742245615,-2.4076864098937096,,0.1030172349649658,0.4761904761904762,0,3
0.16345094968607268,-0.98637292108777685,0.018768260214705956,0.98474303932239671,0.16427316324815605,0.057406222158692947,-0.059707064513418097,0.0090988120768951217,0.99817447275813442,-9.762547476854996,-13.605665783556356,-0.079241796279019852,,0.06529512319449277,0.25,0,1
-0.9678662550683077,0.22570207552260887,0.11087599111095245,-0.24721941701321529,-0.93472112528904572,-0.25530173871328421,0.046015998866648658,-0.27450863564406613,0.9604829705961152,11.91676357860389,4.6130628210069187,-2.8576948573880632,,0.2701761182954426,0.4444444444444444,0,1
-0.30265083851184504,-0.93977777400984697,-0.15880870701939917,0.95216195076642929,-0.30552242495168963,-0.0066081286539058431,-0.042309448835270963,-0.15321156395238425,0.98728725668394979,4.8267439990586016,7.1448101237808865,-2.2512067041292596,,0.3908107475811837,0.2,0,1
0.97746083807674689,0.20819899905055267,0.034978376472502945,-0.20960952895533394,0.93730631414897136,0.27842542776764079,0.025182442245087925,-0.27948175298365857,0.95982070948263809,9.8290263330986551,-7.7512405352195026,-1.9737374620499977,,0.2918079595705469,0.103448275862069,0,3
-0.8783721257417072,0.47148838815352156,0.078492729321816959,-0.47541928924618276,-0.87877741534554588,-0.041554225913321099,0.049385302800004791,-0.073817031334206223,0.99604826075464625,27.567013275028543,-5.5566296698141873,-4.3537035759053948,,0.1294544395616821,0.2307692307692308,0,2
0.99963769952999693,0.0013324901089332623,0.026882971347797668,-0.0080775176330330021,0.96758901307398459,0.25240098154999663,-0.025675345903511313,-0.25252668423084179,0.96724921833212829,-7.8281737646464995,3.0272522632285841,-1.0216302419673815,0.9738679891740607,0.6448725012882506,0.3584474885844749,1,3
-0.72257943870184227,-0.69080496674725966,-0.02583510562485258,0.69114860816781798,-0.7226793485783265,-0.0069397814153665726,-0.013876461833545168,-0.022870440654314494,0.9996421293399248,-2.8607239322110471,-21.890063935211199,-0.11992129149111946,,0.7591063035665948,0.1904761904761905,0,1
0.89634427640920011,-0.44276197405764245,0.022995053316899414,0.44002826319348576,0.8947590053483746,0.076035846407545307,-0.054240812488310218,-0.058035822356255415,0.99683989566230802,-9.3918481088707484,-9.3970695373480595,-0.29608427733754028,,0.3997109796778714,0.7653061224489796,1,1
-0.097460038576613256,0.97265890069054972,0.21079896533924464,-0.99459541911019833,-0.10280571121056643,0.014523705708184297,0.035797949182228186,-0.20824420436098726,0.9774215355640602,3.5524883075262279,-13.942429120671431,-1.0222800656679392,,0.4555658266847313,0.2380952380952381,0,3
-0.73836030975822953,0.65333419580345986,0.16726769433329997,-0.67105140790820972,-0.73644019870903787,-0.085707885692055744,0.067186761479783891,-0.1755285228082302,0.98217904516570675,-7.3589121882698292,-12.558454182277709,-0.3360392314723219,,0.7139697640238264,0.7704918032786885,0,3
0.57024379851463836,0.80174873119890666,0.17894407583527144,-0.82137224120196706,0.55302621609218405,0.13967693330546066,0.013025038904114378,-0.22662960163161339,0.97389392236826378,-2.6067947657877215,-5.5769265677667583,-1.004229241323783,,0.5299969219313047,0.6832151300236406,1,4
-0.43011389045293363,0.88912052596660196,0.15641845014036818,-0.90056128940855218,-0.43469531268046518,-0.0054174858042038559,0.063177569265110742,-0.14319453704141696,0.9876760194027423,26.703283738420229,-8.3808872479876584,-4.127570157087928,,0.2049654666638225,0.2380952380952381,0,4
-0.048580048008176578,-0.99850513914574601,-0.025049272146276991,0.99694483270019973,-0.050009354755685985,0.060000541574984564,-0.061163547051284975,-0.022057913238902525,0.99788399575083409,13.252687357079644,-10.305922585771546,-2.1734233651486057,,0.06644771165788302,0.3461538461538461,0,3
-0.69470420928038956,-0.71915212200426371,0.01436269559908975,0.71921895661144075,-0.69420040618426437,0.028458540095221169,-0.010495430379832681,0.030100190537029954,0.99949178309317543,0.26691752474880182,-17.752174811857369,-0.61821304979164859,,0.1685407239995798,0.2592592592592592,0,3
-0.96114260844252686,-0.27598268356078498,-0.0062003718343586357,0.27558594618083054,-0.95797166993988769,-0.079640855471300898,0.016039716453637443,-0.078254954904925053,0.99680433863869011,-5.3781007151363864,-16.674130868075427,-0.24885697675810764,1.054452460593139,0.4284932536415549,0.746268656716418,1,3
0.93720924652857307,-0.34872187756227485,-0.0056462669780308712,0.34149511348459605,0.91425757784844053,0.21797745023934612,-0.070851363342481946,-0.2062186544814639,0.97593747282106502,23.48163981109856,-1.0782144375646212,-4.1386557954905401,,0.4277102611827552,0.1818181818181818,0,3
0.83231622503296365,0.54754292529096282,0.086292795242074144,-0.55420194512974996,0.81907699782747945,0.14823317997102883,0.010483585325499398,-0.17120051575195946,0.98518042908138614,11.975440689982291,-22.665388108941471,-1.4084062323190523,0.2239256217915984,0.2831670662305161,0.7380952380952381,1,4
0.29286925121837132,-0.93915434939215159,-0.17949013819314638,0.95408129422090404,0.27469032766873364,0.11947429808543777,-0.062900601813931659,-0.20623853156732874,0.97647794772252627,1.5356160481900605,3.7827420122746696,-1.7841932824353108,,0.3540082636875365,0.2647058823529412,0,2
0.75163594352608021,0.65177232804588903,0.10117430895885188,-0.65911931660184286,0.73650295672354404,0.15206946182517198,0.024599489465822095,-0.18098681479908849,0.98317782622824712,3.7862613772001339,-9.4939081016238998,-1.283195636516729,,0.2043600121058917,0.1714285714285714,0,4
0.75073993066212363,-0.65082142012696331,-0.11323001198159408,0.65877420215601712,0.72486002358431256,0.20148076032974543,-0.049052085410635,-0.22585266284299604,0.97292572563561863,-20.258505575767078,5.4366221773584744,-0.40800855926615531,,0.5752875696274142,0.45,0,2
0.8554093735940157,-0.50917001322392963,-0.094977372047435005,0.5134461880190383,0.80945283482420061,0.2848843979648305,-0.068174889631094901,-0.29245855403562543,0.95384494473429982,-3.5662288428659692,1.4238572889505117,-1.2213355123033267,,0.4776371471277747,0.2424242424242424,0,2
0.89905824609059781,-0.43641745502796142,-0.035129404825808862,0.43340522274920962,0.87572784040412865,0.21274553446507236,-0.062082066897022337,-0.20649589460335155,0.9764759405544795,10.055236630031555,-13.66263607928709,-1.7007258183356651,,0.2837618914287474,0.75,0,4
0.8716770595237775,0.45657927757400713,0.1780855614303902,-0.49007582315674247,0.81370500789221911,0.31258574453798094,-0.0021889397481214519,-0.35974925075824715,0.93304645389265461,-17.53903033617847,12.65339067146539,-0.93812092836567385,,0.4740196347443498,0.1764705882352941,0,1
0.26971256783024472,-0.94051943884813305,-0.20658730818520166,0.96166644940235724,0.25204984690004284,0.10802089969782655,-0.049525456568098314,-0.22780267739088758,0.97244700077961232,-3.8417175968136514,-18.296605084580367,-0.28503084789426375,,0.2999924977328412,0.1333333333333333,0,2
0.53221393035312758,-0.83605533428074641,-0.13326593847935947,0.83854264261616929,0.49889190370456837,0.21898197398946301,-0.11659574971827467,-0.22829442927662449,0.96658527027308472,1.499953841941406,7.0277449834261283,-1.9199929524003398,,0.3956401881064394,0.1923076923076923,0,2
0.99578690943604109,0.086054806885606114,0.031670194311023914,-0.09143321811721665,0.95801971570508226,0.271731836458451,-0.0069568398390687288,-0.27348271340659525,0.96185175980876525,17.761420023464396,-4.9425085757699589,-3.1471492957270706,0.7552983571081042,0.502744314263239,0.3333333333333333,1,3
0.99822357236489456,-0.057570517104557122,0.015340636733296576,0.047450510329694481,0.92391429830283767,0.37964564854746774,-0.036029829926335091,-0.37824331448406301,0.92500478182741863,-5.8316363172964465,4.735521376659924,-1.2793354000460517,,0.7841113596730407,0.3145009416195857,0,1
-0.96030016398589491,-0.27894948336769393,0.0032834094413996795,0.27755316700315624,-0.95654511594102409,-0.089362635681200411,0.028068390320451789,-0.084903633009839968,0.99599374424066989,17.925192604801239,-7.6515014566533655,-3.0256438689028804,,0.1253446686827737,0.1875,0,3
0.79655728584955454,0.5978113686898231,0.090100265400231,-0.60452640096803445,0.785972524527771,0.12959560648447241,0.0066573938314284445,-0.15769831372796458,0.98746489606199683,-0.58237216870826392,-3.0801870002049627,-1.1834088073147657,,0.06723535717584173,0.1885245901639344,0,3
0.702144079985347,0.65891886786185172,0.26985110064105045,-0.71186175533151475,0.64125072993770016,0.28644430985917912,0.01570134509731437,-0.39322185459359038,0.91930954570923062,-12.550894895161852,5.0977199145454808,-0.84405915186074632,,0.7164911795740307,0.3863636363636364,0,1
-0.9987511085578441,-0.04423365753640722,0.023229435968818154,0.03895166490756212,-0.98053921715737691,-0.19242040280938846,0.031288831160760387,-0.19127526540917458,0.9810376047263647,14.685901747027804,6.8831364884450039,-3.3437229387795235,,0.1184494224959524,0.6,0,1
0.751729412978135,0.64994399839417616,0.11169462213973734,-0.6594583448773611,0.739777006411932,0.13358395171505649,0.0041929745001315797,-0.17407693625403248,0.98472312820876196,1.5447754485681546,-6.8794864421355095,-1.3116903000509703,,0.1070795870167752,0.2558139534883721,0,2
-0.88780581553098215,-0.46020363870617076,0.0036667193740529116,0.45975652270771283,-0.8872437591674317,-0.037715403301000344,0.020610039715637827,-0.031798156236564998,0.99928179385140148,20.177839287240477,-16.749556493884654,-2.6893968361084934,0.2088660185150523,0.224334790295128,0.6451612903225806,1,3
0.63276913584845373,0.7274259415372839,0.26543308063652749,-0.77404340025432239,0.58470898593462539,0.24284195743328399,0.021448432118175976,-0.35911961982868357,0.93304504897339968,-16.104666762300418,3.4203502276540738,-0.54858819576373108,,0.2502604719319335,0.1538461538461539,0,1
0.77742860675391512,0.62386832129670666,0.079956732568911421,-0.62849544857689399,0.76559459745984004,0.13732582953849207,0.024458792259556911,-0.15701347083207617,0.98729354168781502,20.434298208886201,5.6118118345188428,-3.9047156408032326,,0.2200547048138039,0.3461538461538461,0,3
0.9440053943605764,0.31195358570742432,0.10741869382194628,-0.32965593543796518,0.90509739674250156,0.26856222117130846,-0.013445432259783383,-0.28893539550257158,0.95725417605624474,-12.329537591937001,1.9382455629446591,-0.70602403785525314,,0.5701866566194003,0.3129770992366412,0,1
-0.518174359801019,-0.83359256154323791,-0.19136032552383453,0.85475812890166591,-0.51251010524970197,-0.081987395942687308,-0.029730017176713298,-0.20605056019512114,0.97808961385036175,14.96363071539521,4.2924659886641638,-3.199265800133094,,0.3781900397483869,0.25,0,1
-0.89984960972233097,-0.43395474801300105,-0.044203580845229802,0.43615759772784002,-0.89371213704728381,-0.10509598488361006,0.0061016249350124199,-0.11385030861332428,0.99347917814204967,-0.18602058943368047,-19.052647849151406,-0.51172128367247238,,0.189581023358516,0.2307692307692308,0,1
0.81659020007819705,-0.57074456970337673,-0.086203719701405807,0.57346163977437081,0.78516835926172568,0.23377851766477625,-0.065743386310265398,-0.2403357729684823,0.96846090441901778,-4.9578617950364583,-6.2201846282566775,-0.8072968361599816,0.5418978825587059,0.2337795149809659,0.1594202898550725,1,2
0.92771280528256017,0.36571423614391269,0.074846832908521108,-0.37314731919901523,0.91414895633843107,0.15840695628647308,-0.010489475170371815,-0.17488505684314717,0.9845329795408676,-3.6073480534082369,11.083277997180968,-1.7575417539709788,,0.509892524991016,0.3684210526315789,0,2
-0.93766183113516777,0.34265311495278489,0.05813031262084635,-0.34377379615825754,-0.93899701922641488,-0.01020661348577981,0.051086862373652828,-0.029554030132299819,0.99825682657107517,27.74981235295143,-1.1536729946266187,-4.7610662354344919,,0.1478326455479553,0.3333333333333333,0,3
0.35089635211464348,0.91399149773335697,0.20369411416084832,-0.93448740509323502,0.32784170301125704,0.13875556741548006,0.060041983601054408,-0.23903840661662559,0.96915200065182583,-17.652077551973846,-0.63376868221825244,-0.24077794964922186,,0.4763296306297169,0.4363636363636363,0,2
-0.51929104670421877,-0.84216016618218703,-0.14526893442449257,0.85408276166083974,-0.51732407194757346,-0.05402259543352228,-0.029655438736075318,-0.15212514282515033,0.98791623930057826,20.733785260198744,-14.88837013821365,-2.8978946020085501,,0.4018534123651735,0.1818181818181818,0,1
-0.34637760728015504,0.87112827671691062,0.34807769057941707,-0.93596759694204923,-0.34589724659824089,-0.065724822329783661,0.06314436356002523,-0.34855504629825884,0.93515890042848759,-14.143231713290611,3.7617291436346023,-0.6730659202913154,,0.7170853482644398,0.3381642512077295,0,1
0.9870273657844324,0.13981993576632668,0.078913653792886798,-0.15870236220171002,0.92406392484374555,0.34773470208474827,-0.024301016938403256,-0.3557474502574427,0.93426613564395367,-1.5500511062387627,11.84220220325062,-1.9777819623686845,,0.5010592263257025,0.5,0,1
0.43061539259321713,-0.90253244023450807,-0.0023617760546118158,0.89800820859525654,0.42819208397637792,0.10115728602282494,-0.090286438390970586,-0.045680778718288274,0.99486764220089263,30.477998843420096,-0.8248841969988534,-5.1590252546459556,,0.4226378863687899,0.4615384615384616,0,2
0.99202690271084248,-0.12475430785256475,0.017860206330322363,0.11958791977823566,0.97656341899223187,0.17894864662611443,-0.039766238708840378,-0.17538600673494795,0.98369629200303543,4.3830893632730934,-15.577178514596815,-1.0901494709792943,,0.1139863714907484,0.3478260869565217,0,2
-0.54262433779711761,0.80373333851085782,0.24407283461383278,-0.83750866997292961,-0.5399398738861565,-0.083929496054586994,0.064327721476942545,-0.24995530231221974,0.96611815586686534,23.508274502854832,5.6456933208818434,-4.3396893426945375,,0.1366412026721863,0.3703703703703703,0,2
