axis_00,axis_01,axis_02,axis_10,axis_11,axis_12,axis_20,axis_21,axis_22,location_x,location_y,location_z,dbh,dbh_approximation,score,reconstructed,number_clusters
-0.21291606495919707,0.93990292089514937,0.26692554874919222,-0.97698102904279349,-0.20849487353947491,-0.045143732657393083,0.013221882346124238,-0.27039302320978026,0.96265923089466099,4.0670216087732083,27.378449899248025,-2.1098270240633452,,0.07786823803074285,0.4,0,1
-0.87911813036964004,-0.47243270325607134,0.062917833318942434,0.46911020750814619,-0.88104033129461568,-0.060856781412907859,0.084183882466024318,-0.023984902051817376,0.99616153228606041,3.3944830037842424,7.7851786723863627,-1.3992749648604077,,0.1134543827539546,0.4545454545454545,1,5
0.99382113413356388,-0.074914200203441264,0.081898815359904453,0.071170316742609291,0.99632209077681566,0.047718732641082062,-0.085172409642052901,-0.0415951203627676,0.99549761757513666,-7.1302000627289557,13.396422608621338,-0.97776147404071267,0.2414240366254401,0.09861141698104198,0.3092783505154639,1,5
-0.5701839284673863,-0.81817115574380395,0.07406920835508056,0.81929738212956282,-0.57295071683833254,-0.021892366479827272,0.06034970880745838,0.048202032978810962,0.99701277657990217,-13.448366428008459,8.8216874382284765,-0.51483856980983311,,0.08471748506327179,0.247191011235955,0,5
-0.74572690753076065,0.61296721362153539,0.26107963231485293,-0.66398700428867774,-0.71603676568825514,-0.21543585662198642,0.054887498762058604,-0.33400979807148307,0.94097014685477187,18.781737831971128,-4.7054533439990429,-2.2498607542130284,,0.5342605772223991,0.3235294117647059,0,3
-0.62751424095398878,0.75644782331464455,0.18442496577870074,-0.77695428429663727,-0.62378021762398328,-0.085089836138490763,0.050674623955572477,-0.19668485123036664,0.97915634695560694,-11.167704393643596,-12.89772184442705,0.37161388443463739,,0.4008855023362208,0.2469135802469136,0,3
-0.88431052908267604,0.45693177589504569,0.095959576546160344,-0.4641479573383272,-0.88261135889969089,-0.074591305390776172,0.050611874616308415,-0.11050131817603585,0.99258646818762475,6.8614998473883766,-9.9670530208958343,-1.1792258915594087,,0.1315548257207694,0.2117647058823529,1,5
-0.090021959088148459,-0.99571314163472169,-0.021245857427837356,0.9957061153839023,-0.089518283656490769,-0.023575594972223571,0.021572637043949978,-0.023276951413540449,0.9994962755627762,7.5965265687511705,20.102370890851091,-2.1572281943580589,,0.1205214398401677,0.3076923076923077,0,6
0.048255702604136787,0.99291352069267735,0.10860077159879825,-0.99877714726289879,0.049137203561003089,-0.005453928088188769,-0.010751617160580328,-0.1082047857161493,0.99407048395803166,0.21240446266356752,25.2671292953025,-1.8629724977027136,,0.07009797546210997,0.3448275862068966,0,1
-0.99523258533949166,-0.039221968041561167,0.089295791062167035,0.0349602529376625,-0.99819653585846424,-0.048800169207657479,0.091048787982081866,-0.045445715123739586,0.99480892898278994,-23.472767345043607,27.48643203826207,0.028041168958845338,,0.08972672970418999,0.2777777777777778,0,1
-0.21380661496060849,0.90371714775375511,0.37092054169984029,-0.97678540343999742,-0.20294742864980722,-0.068575628549737686,0.01330439873298625,-0.37697169397747654,0.92612922149887067,-5.6973963162966674,-17.431067013154298,0.084790291351172553,,0.1721986203643047,0.3076923076923077,0,1
0.98144278983375954,-0.18034319067229421,0.065164283633471931,0.16826946065337736,0.97294376172355879,0.1583219035213769,-0.091953460482727331,-0.14441873182294337,0.98523489128425812,-3.0215836410098964,-14.293176658561542,-0.16776576940899593,0.6453624432272936,0.2899149763545882,0.3823529411764706,1,5
0.14405555440360515,0.98298010540517111,0.11400925235746873,-0.98935464026632991,0.14546648972633028,-0.0041104926931149191,-0.020625058277509607,-0.11220344354937807,0.99347118439676485,-0.42101895520888716,4.9227094774842781,-1.2326411411152713,,0.07668006312196107,0.3133333333333334,0,5
-0.8194664859782359,-0.56878265304539732,0.070434167512089668,0.56803818542323392,-0.82237427433622645,-0.032143005631783336,0.076205631416329814,0.013669180831507362,0.99699842288532947,4.1273090863532476,16.112171119904581,-1.8597039577697072,0.1940940567621585,0.2023501712136256,0.6690140845070423,1,5
-0.89777185915818158,0.40838349439045618,0.16501094028306534,-0.43519798864129444,-0.88018401011992509,-0.1894170504779811,0.067885194160676621,-0.24186572687887514,0.9679321105196993,-12.75130675283132,-14.146423590464451,0.47989601730058429,,0.4559590249997641,0.1956521739130435,0,2
0.6554570436182755,-0.75073590199582341,0.082290153880695216,0.75332109764807298,0.65765265082268209,-0.00056098502910156692,-0.053697186234416869,0.062358610635723136,0.99660825597126645,-5.9668360186420317,-3.9181342563311956,-0.43396893251786139,0.3168473832395988,0.1899334381859003,0.8495013599274706,1,5
-0.34505653216252574,-0.93845113002246427,0.015667360068999232,0.93855794858183272,-0.34511891032639036,-0.001383795138793376,0.0067057263464244546,0.014227237774237468,0.99987630181912091,-14.204936634894942,6.725855925309526,-0.46078139069201979,0.4609513039810357,0.4150298657450098,0.5048076923076923,1,5
0.14195899919909025,0.98327186057443772,0.11412313853411676,-0.98970280973823732,0.14312311494391836,-0.0020303608025870382,-0.018330055718176266,-0.11265976287581311,0.99346453730675999,8.8558784164693254,10.583533480482208,-1.9041137656651517,,0.07170546747683301,0.3928571428571428,0,5
0.26687264153056589,-0.9626966414203274,0.044656128364645942,0.96355851604852993,0.26741672847346082,0.0065787143809278381,-0.018275101992947376,0.041273113894797576,0.998980755929049,-5.6031067919882958,1.6485177583262052,-0.77089429465342996,0.1576975753179388,0.1443899130031367,0.6377396569122099,1,5
-0.87462990755298842,0.45293495634186626,0.17283648381473624,-0.46805601731397739,-0.88181344224987446,-0.057694174087196425,0.12627782651767294,-0.13135820640910784,0.98325934124164482,22.003465310730821,25.757580252213796,-3.1778370128433875,,0.228795473081094,0.5277777777777778,0,2
-0.76101572194227574,-0.64677647523137172,0.050351385720358091,0.64455082106618788,-0.76262764815923711,-0.054344358732200476,0.073548011662997126,-0.0089028843861984047,0.99725193839371684,-6.5129282371719412,25.214148237429281,-1.3475817571204667,,0.09500708100634864,0.2105263157894737,0,1
0.78396211534618865,-0.61325037817545147,-0.096578337993545857,0.61711461331975903,0.75286353735367073,0.22883629115706802,-0.067623632918780305,-0.23899888658942336,0.9686622613067376,-16.537879945384503,18.963168766336615,-0.43515610956810835,,0.5226658552654403,0.25,0,1
-0.18952863021889108,-0.97815129388884825,-0.085433860915464094,0.9817330222012155,-0.18730182502763526,-0.033440984749026327,0.016708424432553787,-0.090211266507510574,0.99578248425451443,3.1276902159048281,17.480047113174049,-1.8695531708467126,,0.2496026970099503,0.2857142857142857,0,3
-0.46252686984570845,0.85359243771687621,0.23968488676446104,-0.88585028514711184,-0.4560795629191069,-0.085209768174178691,0.036580964660763972,-0.2517367326396322,0.96710415698848617,9.8627175018899305,16.439222218376255,-2.2173997713995695,,0.1909946647971436,0.2,0,1
0.41968563958478144,-0.89717186782196179,-0.13764666183807212,0.90708619060453477,0.40912918752621225,0.09903509846864382,-0.032536237349539379,-0.16642099477828212,0.9855178566399192,-10.699579748007682,-6.3404544541853545,-0.04809053345944387,,0.4982076734418437,0.3870967741935484,0,1
0.93760804181647361,0.32352632497966732,0.12736513245872041,-0.33783423522972028,0.93431289386807193,0.11369892637407703,-0.082214289681458455,-0.1496333298333577,0.98531755143971411,-3.3317266123953386,10.199772098494575,-1.1864904121863453,,0.1366444401637411,0.4137931034482759,0,5
0.1250399160738272,-0.98615756603903404,-0.10889570391993919,0.99191340065312616,0.12666012383781688,-0.0080634133058024755,0.021744539383522655,-0.10700685946871655,0.994020476164169,0.86192877289057124,2.9554859386167007,-1.1938740265323811,,0.2953615609481544,0.2846803377563329,0,4
0.98000760451218472,-0.17397834161017051,0.096522700691934166,0.16447604261301582,0.9814013288477994,0.098990217406241601,-0.11194966058301073,-0.081135493998301236,0.9903960344776227,28.913349342036124,2.9780666257671773,-3.2248809884823122,,0.3618958223673545,0.3012048192771085,0,6
-0.89526881438112071,-0.44412758281786707,0.035276623661876491,0.43744281962398635,-0.8912800022236903,-0.11943088878324455,0.084483901164893419,-0.09149124447999335,0.99221561297303873,9.128970823360433,15.533434525733488,-2.0911603574068303,,0.1468871322070401,0.3725490196078431,0,1
0.98803578200041065,-0.13211017287846599,0.079575094777567121,0.1245457915966796,0.98779627174872253,0.093524709648733065,-0.090959547505434515,-0.082495016463694407,0.99243182787346207,1.9108715151497428,8.2141609928477148,-1.3657020254617278,,0.07372508783368642,0.4074074074074074,0,5
0.34103564812492804,-0.93962842225075027,0.028162294057396585,0.93971384301640659,0.34156208135569244,0.016529906935699966,-0.025151142147938937,0.020827210051573081,0.9994666814707337,-12.16744434887285,-11.456262678401876,0.43371185680689539,,0.1423778088275135,0.3488372093023256,0,1
0.92065273870117059,-0.38204471523215644,0.080251917641981585,0.38215975928259888,0.92398203977855586,0.014529575070374712,-0.079702277929184329,0.017292360447321894,0.99666871184113104,5.7323203718265514,14.807318829341453,-1.837529209304801,,0.06983444728325169,0.2340425531914894,0,5
0.49727778429051389,0.85311336587198972,0.15783659341763592,-0.86609776022952389,0.49880805842495712,0.032637257478666935,-0.050886884130603958,-0.1529317031255828,0.98692574148341528,23.478749137406439,27.375571989967078,-3.2780305786193997,,0.1803589506428235,0.2,0,1
0.67461869612024072,-0.73566536936974936,0.060713088828475377,0.73652858890153283,0.67631715111586588,0.010988577580067209,-0.049145219256207309,0.037303825763409383,0.99809477105516886,-4.6657132348145893,22.265841225935979,-1.4935467854694966,,0.1464852849651732,0.25,0,3
0.14959971007202424,0.94038819593699807,0.30543406438824761,-0.98868076838430907,0.13870764744936528,0.057188519530361338,0.011413368187272472,-0.31053217141130551,0.95049434798172316,-5.3710418081598092,-8.6496088315087416,-0.22978169141583621,0.8124151572049048,0.5340376583916767,0.3224043715846995,1,5
-0.91964067402193195,-0.39090515492513422,0.038133850283488264,0.38314808440160164,-0.91424343156892585,-0.13174404446675178,0.086363048254851346,-0.10654627016480296,0.99055000692044726,10.779915206200062,-15.568950597081225,-1.3175048294541687,,0.4326477190652559,0.1935483870967742,0,1
0.9821472432042303,-0.16982802435988012,0.080902625472538167,0.16018330394538943,0.9805204177747916,0.11367066228313229,-0.098631140130634162,-0.098682077748529884,0.9902190392674558,8.7764878862021352,18.300689175626264,-2.2357202046292923,,0.1500967924490567,0.25,0,3
-0.96580204745248044,0.22921566177270453,0.12118822358091749,-0.24439520422095976,-0.96088504672693176,-0.13027244962146806,0.086587466127567611,-0.15543521922229767,0.98404395396492517,23.399733371134737,11.875716810735574,-3.0187834672338769,,0.1082210831484227,0.2941176470588235,0,1
0.023998844304869801,0.97876556257098768,0.20357315392047712,-0.99906693735250918,0.016166942489192562,0.040048528807307408,0.035906965356448724,-0.20434432582200751,0.97824030091958547,-20.822184425876642,8.7006228330350854,0.040338810302701214,0.8902927391469209,0.5629189724629771,0.6485148514851485,1,4
0.94221381551298944,-0.33373563700888459,0.029217297046892445,0.32405661724225382,0.93004978930091253,0.17318977522600182,-0.084973140920879833,-0.15371374047755032,0.98445500217655357,-9.8674272035641781,-10.231041538965961,0.24116497253359925,,0.2993797696741348,0.2918918918918919,0,4
0.21910597071363352,0.96722394433424919,0.12833711506860923,-0.97520695054155604,0.22127787540062302,-0.0027396119479167497,-0.031047982431636409,-0.1245549812921322,0.99172681693208287,8.8053464504669936,-12.786944612783749,-1.190869614978697,0.3904439597859323,0.4124785871234381,0.9262899262899262,1,5
0.19942973039768891,-0.97546510617063764,-0.093250250814741947,0.97987269458087856,0.1976629559259622,0.02790803234589646,-0.0087911915184241893,-0.096939065902856017,0.99525149206296992,-17.604973767345395,8.3593542646768704,-0.19295380457066189,,0.119279484987125,0.1351351351351351,0,2
0.61145168767650449,0.78058993265367127,0.12963869282468246,-0.78902035678694016,0.61384333908085043,0.025362011786966406,-0.059780517004830003,-0.11779521257593545,0.99123689281665961,-6.9443716675172338,23.975700092782795,-1.2942482275263283,0.141427606088631,0.1369203361091532,0.3703703703703703,1,5
0.99614363310100795,-0.039545927678907709,0.078319741038511664,0.019572371054427554,0.97032616100892477,0.2410063558352557,-0.085526513571130294,-0.2385440438696734,0.96735823489060679,5.7573946016038278,-3.8349521571721428,-1.2637958586114364,0.6444219937998472,0.3080656698714356,0.1794871794871795,1,5
-0.56643730235493628,-0.82339620057720175,0.034168397326916865,0.82213300361297059,-0.56746251136589454,-0.045646714718871294,0.05697461602483006,0.0022349651762967513,0.99837312566969794,7.7818548130399829,4.8145246664581043,-1.5795102549806161,0.3447025223022662,0.2861040311666799,0.664576802507837,1,3
0.43801279965085338,0.88936995412550146,0.13101859425602363,-0.89813211967635531,0.43921888745006393,0.021106030246935317,-0.038774772051913715,-0.12691671917415459,0.99115521662673522,-0.7445503941850109,-12.606015499851807,-0.43091657486370744,,0.2123913294475064,0.3826086956521739,1,5
-0.49904203799692687,0.85951217625006182,0.11043488212406799,-0.86565813039834683,-0.5003173932933318,-0.017846771231905728,0.039912975172397787,-0.10450514267751769,0.99372311514165701,-9.4092375875311376,-4.1974826595298005,-0.15896788666176195,,0.08757288153803873,0.5264705882352941,0,2
0.39320623917570952,-0.91860699134352297,-0.039370660752561945,0.9188691044590267,0.3910750172013101,0.05234405211347725,-0.032686730395654812,-0.056758491662424575,0.99785272023492799,-16.978687633475538,12.652176319614032,-0.26980753863303303,,0.1729904781494669,0.4375,0,5
0.88602385506768799,0.42697836318984317,0.18069644606000526,-0.46109120061750763,0.85228539332014808,0.24699091693061562,-0.048545164168011745,-0.30215738564669159,0.95202115592830072,16.314133370017558,15.237874384966053,-2.5193955755679345,,0.4891108360619551,0.3518518518518519,0,3
-0.043797795236912893,0.96527325310890688,0.25754475332441645,-0.99849685293599144,-0.050797166498537639,0.020583550535343574,0.032951294501227836,-0.25625611155301037,0.96604710934944837,6.3873106725194218,5.5963679177929517,-1.5369281139664417,,0.6989573198462462,0.7291666666666666,0,2
-0.90790035108671163,-0.41850505008106731,-0.023884630063491882,0.41111003924172462,-0.87783158711188869,-0.245764603438515,0.081887044953973989,-0.23294898094919037,0.9690352336955762,-4.956464958518092,-15.830512306010126,-0.0086184605401837949,,0.3510466390301994,0.25,0,2
0.46357949669683585,-0.88548984900558381,-0.03165086966226846,0.88551067303483766,0.4617465693759823,0.051584431865640046,-0.031062810299425554,-0.051940667858438913,0.99816695439125913,-12.855129781934497,35.643424187140035,-0.83235386051908689,,0.1775456434452301,0.2380952380952381,0,2
-0.56012827368546847,0.81706690007027738,0.13659428182645508,-0.82717164238874719,-0.56063577963227351,-0.03840047687224709,0.045203883085857779,-0.13449610925845074,0.98988252108434549,-11.46406860557102,20.412687800750543,-0.88546149064655066,0.1887752542919512,0.1265287892430279,0.5434782608695652,1,5
-0.61545455391697834,0.74265810283591804,0.26395953166159691,-0.78452222270258543,-0.60942229987981544,-0.11458334300844882,0.075766576725157492,-0.27760295874027024,0.95770351526450981,1.0664787707336341,9.7805112950117756,-1.3723518354890945,0.5456099487347426,0.3106215722640021,0.3188405797101449,1,5
-0.90197399889409358,-0.42379232841459946,0.082722232174491539,0.42334011342251399,-0.90565804616697243,-0.023804448753028885,0.085006197929392749,0.013548645318073793,0.99628830191046325,16.677788952552415,26.77097111962496,-2.8847943878340008,,0.067758827163338,0.4,0,1
0.99425672129536113,-0.054706409754065488,0.091982503177611599,0.051503494859941747,0.99799297546811461,0.036843058145479793,-0.09381344347272938,-0.031894037814606389,0.99507879495830354,-10.740521881255008,13.350647711803637,-0.74842136999695152,,0.08136770145484758,0.3125,0,5
-0.024166851884465816,-0.99970606644552262,-0.0019349372114548105,0.99937315099193302,-0.024208800003565116,0.025830971310423109,-0.025870221229181811,-0.0013094710402922528,0.99966445217340072,-6.8138593253869244,-8.0469951388458671,-0.21485759290960266,,0.1379845303048621,0.2941176470588235,0,4
0.64490477362641363,0.72018311781804023,0.25580091822303891,-0.7580418274963503,0.64538112279123083,0.094105228923382675,-0.097316086644790523,-0.25459670688093294,0.96213829365924664,2.7668829801544343,2.106415993911634,-1.2744187253636627,0.9011753783772389,0.6722544302046531,0.7243947858472998,1,5
0.985017509396788,0.14812815888767727,0.088309426033100463,-0.15265831847639383,0.9871641554708428,0.046929393278594404,-0.080224335346006592,-0.059707442568612011,0.99498697344247011,-12.671046544542417,11.101958216863796,-0.54982269916848092,0.3495286050095619,0.3395551686625101,0.7717948717948718,1,5
-0.45434260871837051,-0.87371243777111685,-0.17377965930176356,0.88958007386294247,-0.4346719732458878,-0.14038364527439331,0.047117789517190228,-0.21837319377290207,0.9747271731887005,-8.3658467693288134,15.924571857065617,-1.0611276030873213,,0.3850607217777672,0.2125,0,1
-0.78051267037504146,0.61016786925672384,0.13599684816469348,-0.61999282469967387,-0.78340587400341199,-0.043406611223042811,0.08005541021655202,-0.11819648008150942,0.98975791150735437,-11.803976798654276,19.475876120074528,-0.82714150094161043,0.3460686139792083,0.353120859267591,0.3243243243243243,1,5
0.40188079256789594,-0.91529314236350179,0.027023917320502425,0.91352665412990519,0.40278418998923293,0.056867815932535169,-0.062935528592513945,0.0018329858327093384,0.99801591139806811,5.8301568263212999,13.938232157009224,-1.7808694416532656,0.121328230191163,0.09446983314159985,0.3061224489795918,1,3
-0.99559429282684075,-0.039247782391585509,0.08515641883009141,0.022592533676578118,-0.98183603873084091,-0.18838144938237258,0.091003195068612139,-0.18562759661934289,0.97839706349755096,10.420613470612658,26.282231748270103,-2.5007346081737838,,0.1999367517898922,0.3684210526315789,0,1
0.83559652994527323,0.52212543776110865,0.17077314304711241,-0.54352955920365276,0.83089824435491844,0.1190954482748907,-0.079712341674934267,-0.1923359944749948,0.97808629875589881,-27.808838905603213,9.6830497409171041,0.55542992620974418,,0.1527376484476126,0.4,0,1
0.40813955790119327,-0.91050292933599575,0.066381600965857351,0.91237770054093559,0.40932244219813568,0.0046978578724243131,-0.031448892378813334,0.058647710812320952,0.99778324960114506,13.819482995683979,10.529410267682266,-2.212374478137304,,0.07234043441232635,0.1714285714285714,0,1
-0.64345407933049326,-0.76445695526381963,0.039653642225126094,0.76338275374196751,-0.64466191287161478,-0.040715959795164999,0.056688791504832359,0.0040720561736602694,0.99838359325273374,-18.77122290661865,10.582754680017203,-0.097363105583147105,0.3347640977650055,0.1036751529418022,0.1896551724137931,1,3
-0.34988616487096502,-0.93670798593836424,0.012562671339362248,0.9359934523824146,-0.35011006258728306,-0.036595097654968427,0.038677237868490824,-0.0010455402535000842,0.99925120871402617,2.7890421074120177,-7.4339315617859807,-0.92558066756600965,,0.08713632052515639,0.2032520325203252,0,5
-0.35813448331220299,0.88006754731842107,0.31180250803936749,-0.93323431361046183,-0.34761737159698669,-0.090751743035666188,0.028520304393722919,-0.32348612817389977,0.94580300121978245,-6.8520253154276913,37.674000755362179,-1.3380563127793821,,0.1750928582763993,0.1,0,2
-0.985883105302931,-0.1502938497038645,0.073798790094710034,0.14004193577791862,-0.98176325585367108,-0.12856580291497718,0.091775589901804386,-0.11641592759065073,0.98895124900137754,14.309479552827016,33.044820529300274,-2.8580706241125093,,0.1788691383794295,0.35,0,2
0.81084933747995702,0.57097559807827569,0.12849209433840481,-0.57985903994344623,0.81351661376091011,0.044206480643068737,-0.07928963175711462,-0.11035209800514301,0.99072476942977639,9.3874941288305749,22.472536014905987,-2.3688932308052975,,0.1128315918660575,0.2857142857142857,0,3
0.35382455403679891,0.91769225646749553,0.1806906399907251,-0.93468236858845277,0.35401184641346195,0.032318453688434744,-0.034308232401866784,-0.18032341783176364,0.98300885559130702,17.430864411256316,-5.2270658296543449,-2.1376499917895977,0.4815709834614094,0.4734981783911071,0.7804154302670623,1,5
0.45259956044486116,0.83580675201362797,0.31077437341831843,-0.8906108368699871,0.44102788698926365,0.11093574783416817,-0.044339318159614421,-0.32698849549520098,0.94398757866770966,15.603471810528561,-18.632402474204515,-1.7477971733255477,,0.2957811232404836,0.4347826086956522,0,2
-0.061648628676244231,0.93383605721542018,0.35234878292211802,-0.99809791402591719,-0.057670763809965518,-0.021786165763809661,-2.4483700087322233e-05,-0.35302167248758892,0.93561514425249348,1.7280371887369583,-13.944719099166402,-0.56908068723680527,,0.4396101244058023,0.25,0,4
-0.99451155412275516,-0.079852509629298393,0.067604329907521646,0.059338743491830374,-0.9626556422032162,-0.26414584618184661,0.086172398348618437,-0.25868454001005903,0.96211050639863127,-0.58114313890416947,16.672973811138384,-1.6395641413583872,0.6075386411253461,0.4026811842509031,0.1923076923076923,1,5
0.99545917112938143,0.025562817549706733,0.091692862172172346,-0.027849947834273928,0.9993299105258292,0.023751007011615238,-0.091024277091514449,-0.026196799181540904,0.99550404755209743,12.34138180438601,7.0240650428768996,-1.9245970177704133,,0.1039762726185996,0.2972972972972973,0,1
0.302926775673869,-0.9530029845023541,-0.0045475388332786538,0.95275699655251189,0.30273091358215071,0.024659673192352124,-0.022124061563615509,-0.01180277472983104,0.99968556076828807,-20.122643704304028,11.523338987673414,0.00050467912528978946,,0.0660565086994489,0.275,0,2
0.33982415308167302,-0.940392374744774,-0.013480597323882727,0.9404709868798804,0.33969404301075995,0.011058027861600775,-0.0058196064736148875,-0.01643589562174427,0.99984798520355256,-10.132950106267582,26.254599747299348,-1.0690825270524984,0.5198727705582007,0.4089562980334298,0.8083832335329342,1,5
0.7785075478743374,0.6168726334972775,0.11573310652021829,-0.62281429855475234,0.78209141092670154,0.020865628924926716,-0.077642433104831265,-0.08832428316615272,0.99306116306335668,6.9440668458730412,-3.9014202866350902,-1.3415419914995654,0.2914054667788539,0.2111579220797403,0.5207373271889401,1,5
0.94854257154141586,-0.31358195723648835,0.043969831354360861,0.29629602958168588,0.92795452354748187,0.22607314100063669,-0.11169446193847933,-0.20141191206951556,0.97311745891684343,-9.0858218835756723,13.713172402183185,-0.86872674848355169,,0.3132040863031914,0.5432098765432098,0,5
0.40096269415264729,-0.90318811917126085,-0.15323230496775658,0.91557736123521727,0.3894718266528156,0.10014884840713918,-0.030773584311998291,-0.18045198151198014,0.98310226776108744,5.2263404401247744,8.0435968014814136,-1.4703210819017254,,0.7026491277331368,0.3275862068965517,0,1
-0.9614786808579151,-0.26564666158226719,0.0706441607347809,0.26005885845463067,-0.9623337502241347,-0.079266281096241231,0.089040083080596272,-0.057841199587754112,0.99434715227391846,-0.86393304998029108,-15.107444896435865,-0.34764125684232444,,0.06865904717103755,0.1666666666666667,0,2
0.98726313961666468,-0.14471126845296031,0.06610704907178637,0.13228410060692095,0.97750998964991753,0.16424109370445181,-0.088387837856021292,-0.15340426629449322,0.98420258138341821,-4.6048363381139676,26.076093613332358,-1.5381872153614202,0.783591077588527,0.5878606561727784,0.1694915254237288,1,4
0.70804194398931597,-0.70400870396085979,-0.055211867376320979,0.70336998042174448,0.69611927046759914,0.14383543348275352,-0.062827352270683326,-0.1406758900132056,0.98806022983199104,-12.874058510927824,-12.489082012906342,0.46071600446791439,,0.1233268152974173,0.1176470588235294,0,2
0.83583468175585829,0.48387543248262233,0.25931631382124398,-0.54316041465748544,0.79750201691299816,0.26261625419765572,-0.079731729714029198,-0.36035412979381076,0.92940182505596236,-2.8446628220328649,-7.1646565220675908,-0.54512105638497743,,0.145615915320338,0.475,0,1
-0.62226171767590088,-0.78183493358288114,0.039044735169934876,0.78037010695617826,-0.62348508226876664,-0.047841910052927927,0.061748286488298103,0.00069915503420685254,0.9980915089800122,25.565572871466902,18.81711384563873,-3.3356118689135665,,0.1810528158867621,0.28125,0,1
-0.33416537022247972,0.92430806361857454,0.18435864198283422,-0.94220475419767002,-0.33261667411077306,-0.040203846467668669,0.024160018861359739,-0.18713832219288876,0.98203642593105955,4.0716667175914472,23.730975521129121,-2.1112816098528637,,0.099515492296155,0.2727272727272727,0,2
0.22943538802102909,-0.97283422753557813,-0.030870187218334809,0.97320458830814605,0.22879527726240359,0.022924886006073154,-0.01523916072529815,-0.035302787958956229,0.99926046711691396,-5.4263508023527054,17.944604522223884,-1.3349777499723536,,0.07234403487116881,0.2653061224489796,0,5
0.92318030572462817,-0.38427600888000418,-0.008370909235931966,0.37868416463697835,0.90558385173937417,0.19109210062708373,-0.065851549529035949,-0.17958239464973352,0.9815364165207987,-3.4369469365281722,-12.892095585004069,-0.17785915571881339,,0.2336263098244142,0.1724137931034483,0,3
-0.041086980648544012,-0.98681076646989385,-0.156577045572735,0.999098038100522,-0.038895280628433518,-0.017037235941389488,0.010722419730328444,-0.15713582762672409,0.98751879039904367,10.273482634994371,19.84529106616889,-2.3241008789306159,,0.1025704187298429,0.2857142857142857,0,2
-0.51002419757055661,-0.86015896141461645,-0.0013707627941602647,0.85914550360418174,-0.50934460442701257,-0.049366765924113098,0.041765075472528793,-0.026355929868209952,0.99877977724399047,2.8191164475700132,23.838887971673564,-2.040087280502445,,0.312648856345972,0.3548387096774194,0,3
-0.97621290012535866,-0.21217935260391951,0.04459031237183126,0.19709498180687565,-0.95415265938169858,-0.22526932934018948,0.090343465593163988,-0.21112229849879197,0.97327562041859594,5.2778216722407629,29.471804464485913,-2.1862166449232361,,0.2190273473953387,0.2258064516129032,0,1
0.64497592928497727,-0.76408239847283677,0.013569782127104243,0.76229143415128164,0.64451637587060995,0.059248718586958384,-0.054016849802280283,-0.027869868650776876,0.99815101580814203,-0.92829421446658955,-6.1345896387203487,-0.77076170222740525,0.255685099445214,0.1649764028025211,0.5180952380952381,1,1
-0.4382527488489335,0.88822820772685829,0.13778671606758222,-0.89884047700538605,-0.43383642868141747,-0.062223388253011602,0.0045083281918353842,-0.15111784853976792,0.98850547334328287,14.95369931891663,13.031617681013607,-2.4107954065054278,,0.128287416679357,0.3076923076923077,0,2
-0.53676675623002734,0.82326032679481942,0.18472651063662041,-0.84237386674735437,-0.53531310146983191,-0.062017352538296579,0.047830095414961596,-0.18889763820767175,0.98083126186523983,9.7812523987632076,-5.9025524917699403,-1.4909010922980155,,0.2210450370781886,0.3225806451612903,0,4
0.94392643805021026,-0.32832468766044975,0.034724328971356397,0.31759166710005698,0.93170756175091374,0.17622869336397384,-0.09021315058487496,-0.15531876528235464,0.98373658497217398,-17.892369450260428,29.789309429471615,-0.39825297765791534,,0.2855339130915374,0.375,0,5
0.97787929369222715,0.17607303920900202,0.11291754439279009,-0.1886064815565488,0.9756417658097315,0.11203008489923298,-0.090441594871229936,-0.13084888104747172,0.98726839726883486,2.1030395896189509,32.668799964833539,-2.0635640900089993,,0.09599000913365319,0.2631578947368421,0,1
0.94007034029620506,-0.33329779447026942,0.071974547561143395,0.33033520299001085,0.94253312809478207,0.050099462166900817,-0.084536435700385937,-0.023321291669170786,0.99614743306096798,-6.5731686624296835,10.911655879952395,-0.98182681402528937,,0.06887383719095437,0.2826086956521739,0,5
-0.23518554266499628,0.96645094282566046,0.10324890136346429,-0.97183266813743752,-0.23548046649067944,-0.0094981599375931793,0.015133593830922882,-0.10257448519355643,0.99461019968882103,1.0799768323789731,4.9165615748850646,-1.286493321632544,0.1729369817267031,0.1347616898317655,0.6011730205278593,1,5
0.55696528335900597,-0.83013248231835501,0.025879237484702198,0.82936338928913589,0.55756404936035042,0.03575890613157813,-0.044113961958324691,0.0015468228263485564,0.99902530783733623,15.651584833352144,8.7946660937708838,-2.2016397263816607,,0.1912709369887311,0.3095238095238095,0,2
-0.94431165737160727,0.31585999241927487,0.092238597891468349,-0.31836795852802235,-0.94787127928142123,-0.013486322556609573,0.08317052804201612,-0.042101105713474002,0.99564559968038568,6.990913781550395,-7.3684215257752532,-1.2125375374990413,,0.07295171368084016,0.3725490196078431,0,5
0.98950142975268018,0.10346479268019494,0.10090568464187459,-0.1078697870699537,0.99339160813221739,0.039207421873526965,-0.096182272560404833,-0.049680474717238361,0.99412314170679306,4.5107369511702853,13.300167183444703,-1.7129028996576325,0.1602251130321084,0.121565366561193,0.3008130081300813,1,5
-0.38917289925659887,-0.92030050700550026,-0.039892747331230154,0.92019231175929195,-0.38640798047755637,-0.062729434895804376,0.042315054806815196,-0.061121595436282199,0.9972329651129771,-12.364365456295928,-5.9670450189972,0.077175822553244414,,0.1318267873102317,0.4375,0,2
0.99116617002069662,0.08491613643057247,0.10187675485706617,-0.096416773622677393,0.98880762811721334,0.11385640228552206,-0.091068266540522913,-0.12267324219614351,0.98826000955132698,-8.3256088954650185,34.32592486360295,-1.2139319464080012,,0.06772331498229023,0.2222222222222222,0,1
0.32545038156445166,0.92076458210315348,0.21511539573902078,-0.94483774219332706,0.32555950079726759,0.035953475042711576,-0.036928174427743869,-0.21495021699229924,0.97592659260233039,-4.7748936196954217,-14.234878572614459,-0.059970002263286505,0.2785512222134113,0.4256396110354251,0.1714285714285714,1,4
0.50576689504471728,-0.86211036735893087,0.031073499466185612,0.86171047419967162,0.50657497524709827,0.028928413506065811,-0.040680542417749155,0.012145326082517496,0.99909838580739696,-3.8160358998034702,36.313394715466565,-1.5805887081628744,,0.08560185611086676,0.5,0,1
0.034492340280108932,0.98709739677996999,0.15636178475640403,-0.99935712996409842,0.035596634685942,-0.0042668945329939444,-0.0097777938166686337,-0.15611408927205267,0.98769063267747781,-4.6759323023936297,2.6460707289039047,-0.87059776571431757,,0.1561874174870495,0.5830959164292497,0,5
0.95332257741713777,0.23563551482278516,0.18881728612854215,-0.26680305068344523,0.95015432925592269,0.1613160957320604,-0.14139376058636277,-0.20416330412302153,0.96867184831439057,-10.932952653628222,9.0619820755093912,-0.65033928449414835,0.5352621294917008,0.2971081203753462,0.28125,1,3
0.81598480099858284,-0.57579258030241287,-0.051300185262740688,0.57373468705529607,0.79581293845997714,0.193675697621712,-0.070691678497992669,-0.18746912131971177,0.97972343808992868,13.092049002775568,17.565929637629917,-2.4675556555681482,,0.2686810064256898,0.3255813953488372,0,2
0.73629780803436751,-0.67602354865609171,-0.029286507921100432,0.67208442111130051,0.72561275530024349,0.1476098243514927,-0.078537053568846299,-0.12836779583686619,0.98861197656548261,-10.321315518631421,10.406356209514506,-0.70180969392258796,0.5767505589614643,0.2414874655762929,0.3211009174311927,1,3
-0.51373413734115536,-0.85794695888875838,-0.0020620048179265799,0.85696094534202405,-0.51302541520939626,-0.049222571120674158,0.041172494323787508,-0.027054372710463407,0.99878570605931261,-16.112768830276814,9.1192939812636968,-0.32621495651284832,0.8934234742087342,0.5149318078291698,0.5764192139737991,1,5
-0.99586725571942758,0.0036945365458203208,0.090745575019213182,-0.028674714317034927,-0.96085469283547853,-0.27556491071047834,0.086175226977899422,-0.27702817484102438,0.95698966587918677,27.639204119331652,2.1988878302155794,-3.1233158145497404,,0.544491187579455,0.2307692307692308,0,3
0.69402330192891337,-0.71987207162313283,-0.010763683231562892,0.71657847293563326,0.68924781983621142,0.10701745173693321,-0.069620029480932377,-0.081985628911720621,0.99419887756274661,-7.3975569900064366,17.461189581521321,-1.1856455865444666,,0.343995509263239,0.2727272727272727,0,5
0.37560636169003614,-0.92283079440026394,-0.085458679866654313,0.9263443241424677,0.37100578712017551,0.065122185562013296,-0.02839109344509496,-0.10362447022743462,0.99421120240272642,-27.979388812866237,12.035114598126135,0.54747050469288916,,0.1990737607262123,0.2222222222222222,0,1
0.80356937653974014,-0.59379050975521563,0.041098511070047618,0.59118281254139615,0.80424576279695259,0.060758827990604669,-0.069131318830020078,-0.024527200162041018,0.99730600981295248,-6.3222044919973603,2.4615135429432891,-0.73834084669222289,0.1443766390643789,0.126058049990718,0.5593952483801296,1,5
-0.18178064674085942,-0.98256561742342652,-0.038994921820603178,0.98307387508741317,-0.18066768657426654,-0.030412878004535689,0.022837525940677186,-0.043863361535826394,0.99877647795874991,-2.9795102975979519,-27.705688632766826,0.046564318574215668,,0.453757074999398,0.2857142857142857,0,1
0.65738990070511438,-0.75296488368928605,0.029705258485653582,0.7517603474493717,0.65803401687519292,0.042983864855283348,-0.05191241136490498,-0.005925923208888414,0.9986340595936043,12.941541350357943,12.275792161127123,-2.2726129713833587,0.7245472982230321,0.3385366644779106,0.6532258064516129,1,3
0.99260274797291004,-0.083833391550998906,0.087816554120992152,0.078590439154843275,0.99500479167240086,0.061554913877053183,-0.092538249335488904,-0.054198035112164963,0.9942329935180706,0.78614150660243953,-6.0165194934769666,-0.90308418700888193,0.3475118971369973,0.3008253843665403,0.5441412520064205,1,2
0.79725813699155035,0.57344851879883885,0.18851063441668281,-0.59992302389920893,0.78731862734215796,0.14220318011805913,-0.066871730921156503,-0.22646451229161238,0.97172115150187521,5.6537031585696615,3.4351514335452635,-1.4476724927942168,0.5184268709485758,0.3410663847783305,0.5191256830601093,1,5
0.59247244298854429,0.79823604927374203,0.10860761455365647,-0.80358490932244719,0.59510949044549299,0.0097973410138064449,-0.056812831371278523,-0.09308009465806906,0.9940364169234569,6.9752064757047307,-4.9638382861003336,-1.3274621791301615,,0.07313864347246628,0.196969696969697,0,3
-0.52544285077591346,-0.8506859071250169,0.015598012289039525,0.849154656952406,-0.52547028481744529,-0.05307869958764036,0.053349593667835669,-0.014644698452369282,0.99846850409149923,-29.663048393608047,19.437131930136207,0.50113067533319433,,0.1375717969040814,0.2916666666666667,0,1
0.98239424542110421,-0.17107422993520441,0.075067665579639245,0.16225773535955967,0.98048267438508052,0.11102320724365385,-0.092595755191514209,-0.096888250488679148,0.99097865417866393,7.5678155560727269,7.5789494558654313,-1.6111681574855814,0.2527754591029948,0.2009213525401541,0.2574257425742574,1,5
0.62536969464089509,-0.7800683422097161,-0.020152580652137087,0.77829109635617,0.62166367433252567,0.088302012140697245,-0.056353476888885749,-0.070905976458762288,0.99588986747780739,7.7290932625996547,15.130565514075478,-1.9702173208161806,0.6615267290031717,0.6567430542236672,0.8752556237218814,1,5
0.95441330758924581,-0.29684894756189562,0.031240048462672962,0.28604541505097963,0.93950776322571794,0.18842288440346128,-0.085283402985973103,-0.17089723570029555,0.98159099221882062,-19.627787054569538,-24.997512325588058,1.2257332111650781,,0.2481034973887592,0.2352941176470588,0,1
-0.24450832984973214,0.93620273270416243,0.25246805720992249,-0.96954740873042899,-0.23978584606143108,-0.049805323537884985,0.013910386702184186,-0.25695756713095991,0.96632257028175272,-3.0114058910872599,30.827372913992296,-1.6503950827192289,,0.605342687453039,0.6153846153846154,0,2
0.7453202072466214,-0.66666995325772394,0.0069972918474092401,0.66514287475192546,0.7442494818886547,0.060643753802126409,-0.045637099344694565,-0.040544816337149923,0.99813494730501695,-10.823766266936804,-15.023458750185403,0.37722251806121276,0.7392175264961734,0.1711049354828366,0.3608247422680412,1,3
0.014383544257727875,0.98202727848240701,0.18819016438439107,-0.99902302140015731,0.021979599325101913,-0.038339273936910487,-0.041786557253349635,-0.18745485197760578,0.98138400338652709,0.15175355567558924,20.919621688948954,-1.7811213899528613,0.280476330815593,0.1581614076652763,0.3695652173913043,1,5
-0.12666590855954404,0.98366913214660756,0.12787019226826396,-0.99194113662841787,-0.12522899752779224,-0.019247847736936236,-0.0029204576876413839,-0.129277749980891,0.99160412175765511,6.0743275050785215,12.4346240242105,-1.8141787613121443,,0.09437913663951544,0.3195876288659794,0,5
0.8292781916820231,0.49112754571735107,0.26662973322239408,-0.55202629980449358,0.79417860477032287,0.25406162254307973,-0.086974968380293532,-0.35787438796694332,0.92971031903089707,8.4749907979221621,-8.5413192749786244,-1.3182551596678129,,0.4529175695138316,0.35,0,2
0.80296028919166962,-0.59306239989916321,0.059428644668005376,0.5919646289596423,0.80513531118665871,0.036537771429517536,-0.069517278729132603,0.005841276077005699,0.99756364581508716,2.220726642198843,5.2772901270736918,-1.3729362220091295,,0.07293755573224009,0.3432835820895522,0,1
-0.71783778573771428,0.68164925253923714,0.14164466061194964,-0.69400322425219196,-0.71678360122254636,-0.067681561344273583,0.055393484226366009,-0.14688623329344519,0.98760113222602486,1.9974820797855446,16.089261365165147,-1.7404479983284578,,0.1279967400374973,0.4666666666666667,0,4
0.94480677525337364,0.27013527836419116,0.18538362607960487,-0.31552437364637143,0.90261002133930412,0.2928131127748998,-0.08822996696353691,-0.33514486533581578,0.93802632807861597,-7.7246956103508229,-15.806595795559643,0.20293990685780011,,0.5587358245653915,0.18,0,1
0.73666254837207745,-0.67560938150522831,-0.029669065507339904,0.6762011280185144,0.73530718655847027,0.045556293329839383,-0.0089623820742224317,-0.053621870702063826,0.99852109176019188,1.8176205043587892,-3.8274876487805631,-1.0839456489855999,,0.5657752406620183,0.1729323308270677,0,3
-0.54036428107840984,0.78503575331383479,0.30286186579626018,-0.8402813325306242,-0.52226907671569478,-0.14547265621790439,0.043974150761218425,-0.3330973994577473,0.9418664430476934,-7.3608829968824461,-11.954435550744167,0.074252497647687432,,0.4367519841348074,0.2110091743119266,0,1
0.42721446927319473,0.89335875166853296,0.13927648064502351,-0.90304332091313133,0.42921889570710153,0.016849335956050714,-0.044727595484287272,-0.13297097572484542,0.99011017660509726,-16.599045644471172,-26.642510088018721,1.0785574525037156,,0.1892852167782332,0.4285714285714285,0,1
-0.32370577908524334,0.93167332961902427,0.1649223316092088,-0.94532227913498701,-0.32579247305351106,-0.015001768986085497,0.039753706215273646,-0.1607609137143709,0.98619246167463237,18.091352337982169,2.3679918315753263,-2.296039488341985,0.3842710784873518,0.1828397128943716,0.4324324324324325,1,5
-0.8248417834197046,-0.56465347456498083,-0.028328183610951491,0.55984029208894137,-0.80877068833122934,-0.18019106817486405,0.078834508172309664,-0.16448838061676066,0.98322362307020772,-9.7617090495676813,-25.148626273587112,0.55664917762224997,,0.3920859860800689,0.3214285714285715,0,1
