axis_00,axis_01,axis_02,axis_10,axis_11,axis_12,axis_20,axis_21,axis_22,location_x,location_y,location_z,dbh,dbh_approximation,score,reconstructed,number_clusters
0.99312680712779944,0.11472155928505127,-0.023197172227419439,-0.1076715253185514,0.97319126970512504,0.20323777996549405,0.04589104051684445,-0.19934321258806997,0.97885458368204448,1.7048628108973345,8.6546927606756174,-1.8372756134166146,,0.4180496610179972,0.75,0,4
0.66270249034909401,-0.73192566301529127,-0.15846208727873659,0.74887542574942489,0.64675304951521317,0.14455479809189381,-0.0033175282553821444,-0.21446518776341497,0.97672599906210977,-0.59915632698778643,-17.248648799126045,-1.8214726028883712,,0.1017621464899178,0.1666666666666667,0,1
0.96219000730547055,0.26920887561471624,-0.041436350367293838,-0.26323570127778617,0.95815279088353689,0.11247308520212251,0.069981107552632163,-0.097312951924972316,0.9927904280226304,-5.2420491208948228,-4.2253534246360722,-2.2915610311451706,0.4164822260951582,0.3402873160847094,0.4123076923076923,1,4
-0.86166174138161689,-0.50252043779319466,-0.07079726717420444,0.50394035684456828,-0.86373463595399047,-0.002568150462244866,-0.059859503694642796,-0.037890477082816738,0.99748741925092343,0.78445548931623377,6.1737662004476954,-1.8511265123276306,,0.06815766548207328,0.2361111111111111,0,5
-0.84618603606118514,0.53159190634156994,0.037138086746541996,-0.53271219604200848,-0.84206274376888479,-0.084546151565389679,-0.013671450660368819,-0.091325684604894278,0.99572722708997385,10.94237963897028,-6.8813806622266229,-1.0712460793366028,,0.4258680091261318,0.75,0,1
-0.68909284695181683,-0.69925673337698324,-0.19023950459037231,0.72199367627185163,-0.68501967448109047,-0.097330247083203675,-0.062258972873765091,-0.20442129634842732,0.97690109729487573,-8.7525824716521718,-12.182293881751582,-2.5024983206416214,,0.1850059019449649,0.303030303030303,0,2
0.56087996904362702,0.82780834164378692,-0.01212476105260423,-0.82574004788630018,0.56041511271347499,0.063939618071060814,0.059724648532661122,-0.025850550232170564,0.99788011073993432,-13.548093173367819,10.437855789908827,-2.9174651827770668,,0.07984587202137357,0.3076923076923077,0,5
-0.99869069071976047,-0.026988957295474757,-0.043456880396456926,0.032467097151821132,-0.99088464946862909,-0.13074210893957397,-0.039532162503752868,-0.13198184584076822,0.99046352809997096,-10.818699917437327,5.0293998479476043,-2.7494334091297818,0.6078942832890777,0.4421561282647284,0.3009708737864077,1,5
0.088654631640117429,-0.97737161684109863,-0.19205488507760787,0.99596799851628992,0.084327901244416512,0.030603120807677835,-0.013715036281851254,-0.19399362789826372,0.98090691205366654,2.2055249211163339,4.4204227998051691,-1.7428434377327964,,0.2305588289445609,0.4709677419354839,0,3
0.94796730804167129,-0.31313298157272873,-0.057495380123978618,0.31728806738089288,0.94407880131721245,0.089685557372155042,0.026196663564768276,-0.10326157443516563,0.99430919842031318,-1.1377482847410987,9.8084566648902367,-2.0561820583854549,,0.07255810712731862,0.3703703703703703,0,3
0.034610144572518334,0.99919673158505473,0.020199739662022945,-0.99844507030070173,0.033686218587809263,0.044414865411040332,0.043698735506829858,-0.021705535399949422,0.99880893580709695,-32.551395623424746,-1.4716744271323652,-5.3635292333149058,,0.147257995700413,0.3,0,1
0.33673420527716758,0.94134810978917893,0.021767204521815749,-0.94006414386320047,0.33477548955727987,0.064844251976806822,0.05375388747897604,-0.042297846139298337,0.99765796332855183,-12.78143385801925,1.6245922881850938,-3.0404265024710688,,0.0916632596641533,0.2993630573248408,0,5
0.99595363702195205,-0.069567619704869646,-0.056891995846030836,0.081405818955974388,0.96655782307405969,0.24318525303653168,0.038071584454200086,-0.2468325767457234,0.96830998833752291,-7.5381999008584204,-4.0017516605538193,-2.5317008363140228,,0.08109814343549,0.2994652406417112,0,3
0.72509759940842,-0.6797651021808544,-0.11024008884793167,0.68852997611482136,0.71856567264048532,0.097927759568221362,0.012646870105726736,-0.14691078911972433,0.98906889381718477,0.74805373206762893,-3.5410722370602614,-1.7669670659526047,0.1945868852150439,0.1296941973282091,0.6547619047619048,1,6
0.71558208702630965,-0.69094183197482373,-0.10267259397885309,0.69837377266003964,0.71074814176427503,0.084327650502158166,0.014708854056493888,-0.13204720294616365,0.99113429251864771,10.618055501257704,-11.374029681054663,-1.0504328512988157,,0.190441992878318,0.6875,0,8
-0.65588005389325632,-0.74773328231938918,-0.10351953157183667,0.75249147700914698,-0.65850724919277459,-0.011170487418093336,-0.059815816750856371,-0.085224065101579385,0.99456469211107146,-4.0659488454299666,5.5885673990520459,-2.2255283548205496,,0.07595001938800487,0.2692307692307692,0,5
-0.21465587035398967,-0.95651671072746869,-0.19748073177319178,0.97654047943281064,-0.21372495556826226,-0.026274234460417687,-0.017074816300852311,-0.1984878471505207,0.97995460363317044,-20.653749498028059,3.6642421443601205,-3.7369199594521159,,0.2273406323991667,0.2307692307692308,0,2
-0.58367402963323389,0.8105325500177103,0.048596424698644232,-0.81182396586335803,-0.5837132088524033,-0.014857262908082428,0.016324079808428194,-0.04812354073651421,0.99870798997774579,-10.320144816117873,13.220416476117075,-2.7119030631222416,,0.08611931445233237,0.2222222222222222,0,5
-0.78249685188642093,-0.62016996912265865,-0.05556875188665928,0.61963879236528407,-0.78437261805732938,0.02841413447534093,-0.061208200299736365,-0.012198583536263975,0.99805047506415023,-13.358694035216905,8.7270030337546523,-2.9410261147253292,,0.0740938348056997,0.3703703703703703,0,5
-0.79049958123077402,-0.57987221825831459,-0.19712590536546226,0.60948302361534967,-0.77650374161397784,-0.15991367416260774,-0.060339506118815688,-0.24655658529367092,0.96724815546459575,-0.47827691639735265,2.5083928173413605,-1.9262372492391973,,0.1231509935468066,0.3736263736263736,0,4
0.90124692651771765,-0.42691466473455636,-0.074147464399983098,0.43247973252629857,0.8968225010754598,0.093116499712648737,0.026744315215515634,-0.11598823474532066,0.99289046274214732,-7.8637507025813944,3.467556599621596,-2.4663833782232372,,0.08971549409153831,0.3297297297297297,0,5
-0.38042042795613878,-0.9164867779169944,-0.12382359991937202,0.92326610289043543,-0.38410677429134665,0.0064567172002035645,-0.05347897948890807,-0.11186586542292988,0.99228323925480222,-10.466414344951353,6.8273014431562631,-2.7062456952878358,,0.07287550893320502,0.1636363636363636,0,5
-0.81092711531301265,-0.5808750925515358,-0.070578612223251333,0.58465266553680217,-0.80928409005399682,-0.056925585338982641,-0.024051493318035966,-0.087426474472658181,0.99588058382039646,8.6509700672876875,9.7427440618673895,-1.5415068415335884,,0.1659422496906754,0.2758620689655172,0,9
0.31170642047419139,-0.93753771035002986,-0.15447378129245892,0.94919471354005225,0.29984528660604665,0.095510208290822657,-0.043226186771275196,-0.17639684172842099,0.98336953939272165,-6.9513820310934387,7.1295357191910975,-2.4036220933445209,0.4537771808748527,0.3359737062613347,0.2823529411764706,1,5
-0.53237071537208891,-0.83260082112949063,-0.15283093295766087,0.84092877545765254,-0.54086951124939375,0.017290645104668802,-0.097057797324604733,-0.11931489620051888,0.98810107758425014,-10.138522710561444,-15.204594105902249,-2.6406051673648276,0.6420417774106787,0.4238239523964431,0.5909090909090909,1,3
0.90807805565246213,0.41833960641007345,0.019652443896596625,-0.41609885559875331,0.8959033062891385,0.1556245743756369,0.04749723372841639,-0.14949662032586283,0.98762076390651765,4.0141526830090584,-13.4040748160351,-1.5803258621279364,,0.1323654979792936,0.4,0,4
-0.671104588919753,-0.73366536202564492,-0.10655405808616458,0.74016930748365251,-0.6712194563634023,-0.040172598352485038,-0.042047913028122989,-0.10582805848639211,0.99349504027296542,8.2643898126309896,-10.734088086032989,-1.2097368955512879,0.5104921461055026,0.3588217541127273,0.2580645161290323,1,4
-0.99966604671148351,0.00041168355260001819,-0.02583845136393683,0.0028815361660738115,-0.99186170255047779,-0.12728731186961018,-0.025680572453853495,-0.12731925828530544,0.99152928079211178,13.905787181501758,-3.3930204699186421,-0.96760438563987261,0.7978116100271286,0.5232392317642383,0.1935483870967742,1,4
0.97442582258661115,-0.21938615699376537,-0.048621295703774985,0.22237188206224781,0.97257420742375711,0.068192060550661029,0.032327424031319406,-0.077260113729907376,0.99648673472452309,-2.770689962906749,-7.825898701139268,-2.1007467018642827,,0.09476480062699881,0.422680412371134,0,5
0.90851361028980759,0.41701146562321967,-0.02654161745174605,-0.41403557603176439,0.90695974779888733,0.077450356052277486,0.056369865160610579,-0.059375528724837236,0.99664285724146007,3.4146057850854006,-11.386535035680167,-1.6172626308134237,,0.06879104083663415,0.1111111111111111,0,1
0.082684154858648787,-0.97128246981045419,-0.22310018909498017,0.99569092693412153,0.071082267205715852,0.059555766387187924,-0.041987004613107171,-0.22706315228984233,0.97297451986977501,-19.942787577717205,12.989152855545415,-3.5066371364571114,,0.1857781231647899,0.25,0,2
-0.87971866121449671,-0.44799414019499734,-0.15936225231188456,0.47172236071953216,-0.86439683524832445,-0.17405782260464672,-0.05977534197445597,-0.22829665254581441,0.97175488006400601,-0.2756623667637339,-1.6593721308310587,-1.8419334125165705,,0.4389274728788271,0.2544303797468355,0,2
0.98129873202321094,-0.15561531897873829,-0.11329903366218119,0.16955062575704793,0.97743300528938204,0.12600518035525426,0.091133878634852297,-0.14285864576605872,0.98553844343833485,-14.704913638267701,-0.25268269637695762,-3.1530184907808501,0.2531585666434504,0.324873184819035,0.8246268656716418,1,4
-0.019266990761982322,-0.98174654494839386,-0.18921549764453657,0.99770575765149394,-0.031163551129582526,0.060100367969360267,-0.064899955439401455,-0.18762343820238941,0.98009460830119788,-23.965691683061976,6.6592010507538397,-4.1077845858196369,,0.2189148344939965,0.3636363636363636,0,4
-0.89043398763413362,-0.45005952222686185,-0.067629432342025758,0.45321041691734265,-0.89043932295649497,-0.041450333296457073,-0.041564788747017863,-0.067559148793540871,0.99684910079244593,-1.8479012472346958,-15.098208468590823,-1.9350140129998221,0.2812359920923639,0.2070457289548202,0.3170731707317073,1,5
-0.97626135088599608,-0.20638409017723397,-0.065722006116410325,0.21058682053767522,-0.9754036338816191,-0.065122515510114831,-0.05066523247832877,-0.077416783272411444,0.99571063863236364,1.2292555138100378,-5.5984320192851103,-1.7367538733603656,,0.1348883105793719,0.2716049382716049,0,1
-0.20584572320796571,-0.96638762599617711,-0.15402108478537471,0.97667929486930938,-0.21270075434413832,0.029256521922879104,-0.061033541684707905,-0.14440687456942111,0.98763432573322085,-5.9074100101485651,3.963117444652053,-2.3285435223218225,0.5640011639600186,0.2052014296965537,0.267515923566879,1,4
0.85175587356214943,0.52131809843359611,0.052339011243606098,-0.52092658773505407,0.8319263585824983,0.19113875610764156,0.056101889835296993,-0.19006834071260523,0.98016662043535452,-8.7574929187240702,-5.2979321953066503,-2.6023392562001137,0.5127315254460679,0.4115463699647135,0.5016611295681063,1,2
-0.76854100975499406,-0.61431889788607774,-0.17876523158827162,0.63699879394269965,-0.76082024314654728,-0.12403666447455801,-0.059810139945661943,-0.20920050028253465,0.97604195495952784,-3.8481901839132604,10.670047026379631,-2.2417389414958935,,0.2637536068717013,0.1176470588235294,0,1
0.24264122099247629,-0.96639081791540371,-0.084935416194156205,0.96949586063431548,0.23842470258603571,0.05684573343431884,-0.034684493483479586,-0.096137652590203335,0.99476355867423971,-9.0245269858754362,3.0388402560522367,-2.5867951507009832,,0.08878571803894146,0.529126213592233,0,5
0.77460756696469335,0.62889494527499867,0.066889946992013241,-0.63099496678381373,0.76134941933076961,0.14897118371750229,0.042760602130135085,-0.15760142604766134,0.98657656642209579,6.7879558041590178,5.8788322094302075,-1.512274656100147,,0.5336424020849073,0.8494623655913979,0,4
-0.087630196861399959,-0.95634664556232662,-0.27878673232368395,0.99467753804244174,-0.099230788815169821,0.027746096391124277,-0.054199113570783448,-0.27487150465772958,0.95995214048166844,-10.788970357635986,1.4464678893452565,-2.8464112117221321,0.716660691071893,0.4473824052689123,0.5931372549019608,1,2
-0.60106295364194173,-0.75983153142485105,-0.2477486016343802,0.79805731755908793,-0.58721841525153773,-0.13520003949653947,-0.042753288173169292,-0.27898131952164568,0.95934434886976017,2.4787259871796139,-10.810530275111892,-1.68973940842571,,0.3740141050624414,0.2325581395348837,0,4
0.50465151132549779,-0.8609040217587941,-0.064584188749438956,0.86321515061822951,0.50199124847079846,0.053519998149055871,-0.013654884109240872,-0.082758998170962078,0.99647603702331977,-0.56411709363925333,3.4757233119785131,-1.9322260443050054,,0.08192523606158227,0.4736842105263158,0,5
0.8584317443707562,-0.48982864481931593,-0.15219342617555118,0.51284142131345034,0.82508064507011392,0.23714047675562377,0.0094136518833408591,-0.28162000611667626,0.9594798358032659,7.0292829188087129,-7.9121226039799648,-1.3087911682506819,,0.2258350500353962,0.1111111111111111,0,3
-0.066089152078097485,-0.98620666944639757,-0.15175186693099191,0.99720691180866716,-0.059977480688166565,-0.044509289494686237,0.034793663483733285,-0.15426959178575664,0.98741596808621479,-17.408518803058282,12.866719124914093,-3.247007873441385,,0.2347227139093838,0.2,0,2
0.68468647335905941,-0.71538208509549284,-0.13940195667048674,0.72882131185125099,0.67074709849753866,0.13754208537228074,-0.0048916858603958733,-0.19577232230721286,0.98063717512028126,-10.635917520548857,18.263186986307037,-2.8099998705269051,,0.3145396013071033,0.1666666666666667,0,4
-0.59124614559596456,0.80614611006138859,0.023589076938421581,-0.80645377883028879,-0.59124740937609332,-0.0076683450891218792,0.0077651740652111521,-0.023557379713151611,0.99969232863555946,-21.397026295227821,-0.39188257308537255,-3.9400323511315367,,0.1203125687489141,0.2413793103448276,0,4
0.93449650585276367,-0.29709128984502692,-0.19609448244964836,0.34070218583907275,0.90607943275063585,0.25088260623400221,0.10314214033776516,-0.30125873770648653,0.9479477157744729,-3.2276660681349854,-5.2037375007193374,-2.1290646208256412,0.76655619281916,0.7880641845547516,0.5699421965317919,1,2
-0.99890935070073783,-0.026946981824470809,-0.038130948757976242,0.028354424140176224,-0.99891793450215072,-0.036864437628121041,-0.037096303243190624,-0.037905412549005202,0.99859253150881355,-17.327516138503817,4.1137936521595133,-3.4593140344980959,,0.07000689732717125,0.3137254901960784,0,4
0.88755468392185832,-0.45563788629696966,-0.068123414617885097,0.46066927667508784,0.87950733106304468,0.11937617908951338,0.0055227326589229603,-0.13733525103625041,0.99050922673480868,-6.1690969351600726,12.812872810717575,-2.4178193214261912,0.7046541840480982,0.6669252844057547,0.8823529411764706,1,5
0.9792079841459066,0.20073822394530336,-0.02925558463259726,-0.19655001919971773,0.97452333455144302,0.1080386984710862,0.050197746338858665,-0.10004217041838381,0.99371613169983231,5.0709453902234118,-6.4526031660195722,-1.452776281830618,,0.8266686979204138,0.4233576642335766,0,1
-0.85306860255042538,0.52171562818450501,0.0093146471062205208,-0.52171040780262723,-0.85245972093331568,-0.033625504854377201,-0.0096025899153614671,-0.033544410776499937,0.99939109600425036,2.5781590514309891,-12.014719171370798,-1.6927184123981014,,0.1645904906554645,0.4901960784313725,0,2
-0.51994861322864194,-0.81606685385738398,-0.2523654683924148,0.85211958858477743,-0.51612510537548395,-0.086643420703794438,-0.059545330225981227,-0.260095685539873,0.96374508455909758,-2.5289681463613931,3.8769948698868548,-2.1068767297314612,,0.1142971671572172,0.1909090909090909,0,5
0.78508222601840627,-0.61466893405189882,-0.076341338090753413,0.61931087890791048,0.78098403056786903,0.08073400314785438,0.0099966822644266887,-0.11066185209668496,0.99380783898811953,-15.057514764110726,8.9652721421522354,-3.091608809805408,0.2516002723702758,0.1386828852188259,0.6233766233766234,1,5
0.80653978734364784,0.58194249900838224,0.10409850757596074,-0.58999220284362908,0.78118674796150367,0.20409915578721041,0.037453598163399576,-0.22603139750311008,0.97339973049482886,5.9321755542489853,-14.560401657247418,-1.4398634154625631,,0.4839375368846976,0.1666666666666667,0,2
-0.99945088424169004,0.015098140492343631,-0.029495357976741271,-0.013051562508461104,-0.99757347100615223,-0.068387328218200302,-0.030456308124761234,-0.067964815150264118,0.9972227420175489,2.2189942659070079,-5.2978042112382058,-1.6592542461398152,0.739901938592586,0.3053496020328503,0.2647058823529412,1,3
0.38286178395994613,0.92266671541677781,0.045858332340175632,-0.92303848038011094,0.38004960255365999,0.059684699348995528,0.037640644529318194,-0.065179995863911308,0.99716335172257387,8.5208067587072502,-1.2851465576981096,-1.2886485945205706,,0.3505546947321393,0.4375,1,4
-0.90033709693535868,0.42718863916170036,-0.083084164876254474,-0.40996745195741569,-0.89660335947679404,-0.16741894788365744,-0.14601301386367693,-0.11667168613721648,0.98237870367610491,-11.348121835193105,-10.027439025039394,-2.7857708731612707,,0.6133952608960185,0.32,0,2
-0.98993833343794135,-0.12115820069827254,-0.073094366360677607,0.13311849081702126,-0.97256511747003027,-0.19077882399025622,-0.047974611959977952,-0.19858948281332442,0.97890788837521703,-23.736641747371692,0.71573646002300662,-4.2720578928922652,,0.2687328351623433,0.1739130434782609,0,1
-0.34885612202547178,0.93670386344624557,0.029753627177658146,-0.9371294053191831,-0.34834523950499058,-0.021073011183162314,-0.0093746366043705506,-0.035234447903844814,0.99933510389130631,-16.001474030023651,6.8406750077926448,-3.2292327541653232,,0.2672039347504429,0.2647058823529412,0,5
-0.78127632279109227,-0.6089003286991701,-0.13728691545835622,0.62132307283118127,-0.77968881332809625,-0.077736693643619473,-0.059707173887613901,-0.14603336632792532,0.98747623227361103,1.3950522532443108,1.725868878645511,-1.7763184458189587,,0.2143294254679228,0.4651898734177215,0,5
-0.81411416422644645,-0.57580948212522354,-0.075243391075618019,0.57794560310773846,-0.81603166204352351,-0.0084383879336496267,-0.056542085691180834,-0.050356398175091126,0.99712949294889719,-5.8598328956416781,3.0328916444270506,-2.3310312001955227,,0.08747117333524998,0.4100719424460432,0,5
-0.42383035396619051,0.88424942063526868,0.1961397286708792,-0.90573191802733111,-0.412768091619995,-0.096292238560124727,-0.0041861346641209269,-0.21846158620357017,0.97583657014378933,-17.338739233468424,-0.58584192916709954,-3.3777115799078667,,0.2828997938808573,0.1881188118811881,0,3
0.67321062244706331,0.73431941595288275,0.086962366452703027,-0.73687052673474907,0.65639011347586274,0.16178332967520695,0.061719402573991382,-0.17299426084630806,0.98298713168593843,-4.8136636839513294,-6.3425580277323315,-2.28080776088485,,0.07648160532933504,0.2566371681415929,0,5
0.97741984807674032,-0.20496011688528645,-0.051398356705362309,0.2081223586274803,0.97584547486733897,0.06641304856932867,0.036544827609067375,-0.075610579070042969,0.99646751874193884,-12.350406445875963,-0.26711250936238934,-3.0342075529264063,0.3482748273807776,0.291613180734153,0.9323220536756126,1,5
0.74351623031101455,-0.65662824088447413,-0.12658186496121768,0.66868126422539131,0.7320154201902398,0.13045609022824384,0.0069987240288119819,-0.18163914191789221,0.98334034799010495,-0.56723931085063839,8.3650703498837693,-1.9630969917047267,0.4909839003792928,0.2931125029442289,0.3584905660377358,1,4
0.98550118832697553,-0.15989863112290109,-0.056743594978995789,0.16464297277606171,0.982038806496492,0.092154620342149385,0.040989014645133041,-0.10016092202035223,0.99412659675639559,-15.879899658696633,13.165883922819186,-3.0357975891686801,0.2217461195706137,0.1037837567251833,0.4814814814814815,1,5
-0.89794836264001976,-0.42537936667608228,-0.11287662485370231,0.43641174904926,-0.89377553852593228,-0.10348947784410874,-0.056864077622641979,-0.14218889245976934,0.98820483480763799,10.082296281269411,4.5005811764286117,-1.2995103723985342,,0.1824768072767708,0.1052631578947368,0,1
-0.72734366194476263,-0.68172830137780749,-0.078852523924813081,0.68423074951588314,-0.72923447022196786,-0.0067356408024564244,-0.052910101547026411,-0.058852447193097172,0.99686353660552174,-10.546383547868155,8.9357323598516558,-2.621568072816499,0.1775873438422486,0.1091327157885114,0.6276595744680851,1,5
0.98417142226233201,0.16639825882054821,0.060977299576388949,-0.17593570324788507,0.95872102641248191,0.22338447089551564,-0.021289432233173755,-0.23057669651568713,0.97282123080199179,-21.526991854416462,11.190501440281269,-3.7560568925454021,,0.2351159522196902,0.2777777777777778,0,2
0.11999085628157036,-0.98869957018628474,-0.089862975258284045,0.99208376834115486,0.11603789743497607,0.048010446289150993,-0.037040396904312746,-0.094912413689282008,0.99479628202202552,-8.7293405368393877,5.2071316057231734,-2.5500378421300938,,0.07927661838390887,0.4806201550387597,0,4
-0.38931791486493744,0.91990896560233593,0.04689409525364286,-0.92076814043651378,-0.38729793560936621,-0.046758321503319669,-0.024851412883415389,-0.061382441114406279,0.99780489235147296,-19.731522669208445,3.6650589451266198,-3.6802428094553647,,0.1973734356565113,0.3043478260869565,0,2
0.74966345508209886,-0.63075097413984949,-0.20039439297545647,0.65933180865396968,0.73801372661727549,0.14358727458088749,0.057325999437042613,-0.23976852993275211,0.96913610078380219,-6.0811251244616988,-13.654244468543396,-2.3199226683712597,,0.322676581005966,0.6111111111111112,0,4
0.93522101608112207,0.35258225246753133,0.032363657474326055,-0.34950046370006649,0.90467193327224915,0.24375832093056726,0.056666365276343382,-0.23927901787322053,0.96929586538476231,-17.538596650230037,5.1818360237815417,-3.4816093365868936,,0.307275451294251,0.125,0,5
0.62013111610815486,-0.72640693994174643,-0.29626062249128415,0.78447005085935884,0.57099234889979833,0.24202164531836171,-0.0066436540525630795,-0.38249273862697047,0.92393461173314151,-15.960099511240546,5.6583988701416708,-3.2339388855657174,,0.3191177999289013,0.1025641025641026,0,1
-0.91769661542716119,-0.39310473489299763,-0.057459459084121554,0.39288344705409706,-0.91945639331452533,0.01557362590843275,-0.058953533095347108,-0.0082830065647360573,0.9982263634756523,-1.7911998802772351,8.2679084473864766,-2.064961503869891,,0.07383463391421803,0.2142857142857143,0,5
0.99214476229047255,-0.11493793256508797,-0.049376536100096027,0.12017348153244363,0.9853490098943567,0.12101926721221493,0.034743416584328696,-0.12600238234999114,0.99142135071127735,4.0231982281708669,-8.3717901948359419,-1.5473517261676233,0.6402389356427991,0.6475392436382925,0.7850877192982456,1,4
-0.80976056439781785,-0.55683605458142227,-0.18499036911234704,0.5838155287969935,-0.79615387578661156,-0.15905481572540739,-0.058713343301280016,-0.23679656751767272,0.96978354746316164,5.5550308940070678,5.1878498194148071,-1.5707910447104416,,0.09834710377712513,0.2941176470588235,0,4
0.58497095327972404,-0.8026624485831535,-0.11637000237822474,0.81101740493114538,0.57752462093316481,0.093359954556307231,-0.0077299882123017657,-0.14899095895557374,0.98880834413537266,-8.9489732674941642,9.7374195300645265,-2.5031214193298656,0.8554629112409984,0.4803199864851733,0.54421768707483,1,5
0.87170706437976164,0.488738992723391,-0.035510433708160677,-0.48655515726350357,0.87186616921593407,0.055798404251534796,0.058231201693798189,-0.031362078509811285,0.99781037636458703,-11.75169387838837,10.838479852284753,-2.749009532866999,,0.08019391594498941,0.4117647058823529,0,5
0.7145918265843122,-0.6952799732013516,-0.077099158516957214,0.69954156186797134,0.71029398453090009,0.078256365610317111,0.00035298472261256818,-0.1098554250109849,0.99394751420658045,0.38919654623721833,7.8988057752218097,-1.8833468509423985,,0.06935678256451505,0.2,0,5
-0.60639768538673422,0.79512674430718422,-0.007436910989670498,-0.79512966220593728,-0.60626314372822776,0.01462261389211001,0.0071181063410697956,0.014780427741551756,0.99986542670396072,-14.459715499380945,7.4792531404377245,-3.0504547898783732,,0.06829655373366626,0.3829787234042553,0,2
-0.97187936829466526,0.2342008614947198,-0.024504080441724554,-0.23348172859218463,-0.97192880003084736,-0.028994656131839706,-0.030606794944404728,-0.022458053026237601,0.99927917018093737,2.0684123443395248,2.5510925229509347,-1.7292049473861024,,0.1825766477386583,0.1705426356589147,1,4
-0.42626802147041565,0.89988229334554914,0.092235741417588418,-0.90325781824472717,-0.42896460886257493,0.010708787193397478,0.049202516718889359,-0.078747841027758406,0.99567961206504296,-2.3942558356360637,7.2933633439153036,-2.1059329185636271,,0.1865519495483847,0.3478260869565217,0,4
0.44134844694340331,0.89733198678567416,0.0026179900534512354,-0.89533430487095167,0.44016739443524233,0.06803783798254287,0.059900174472991993,-0.032372370431648013,0.99767930655634063,-4.283880126105835,-12.570240670900841,-2.1170549371734459,,0.0981103542464021,0.3666666666666666,0,4
0.85532692860829096,-0.47922777973163372,-0.19686691019822694,0.51670806702376149,0.8167840541495005,0.25666433791953686,0.037797072242123975,-0.3212546404654642,0.94623825610114143,-14.44965906881178,12.051259432717202,-2.9501116682636415,,0.4552997841067004,0.4814814814814815,0,3
-0.48369223606859307,-0.85219119450754122,-0.19952941830912227,0.8734386031010446,-0.48459860302540225,-0.047636126613390416,-0.056096589734694072,-0.19731792100476095,0.97873326839874941,1.0091129935304963,5.0260412030956019,-1.8264575853634135,,0.08463710773378944,0.25,0,4
-0.97920790522276069,-0.1920215353057608,-0.065418715426632412,0.20143332454442328,-0.95854749980027909,-0.20152247117781738,-0.02401029179816902,-0.21050990619315693,0.97729682557671005,3.5010171167046518,4.297357932223389,-1.6556004531446926,,0.1227517225300931,0.2285714285714286,0,4
-0.91841401176264581,-0.38749296776851561,-0.079780341738988958,0.39552426991488704,-0.9037779711148719,-0.16354183206684672,-0.0087324055298319166,-0.18175417149939951,0.9833052253681096,-18.391024023488296,9.6540967849926709,-3.4120915831186762,,0.2475328397086939,0.24,0,2
0.95910721143009814,-0.2746431273560539,-0.06844347725582825,0.28086992208031714,0.95340557108518253,0.11013584291381012,0.035006340188304695,-0.12485579529931809,0.99155715242581821,-0.20722248455122549,4.786021943173643,-1.8784780136452099,,0.08762943580472744,0.1666666666666667,0,5
0.99842836950493274,0.038734817009113638,-0.040501912535001787,-0.030473824048403004,0.98175394040067476,0.18769801958362917,0.047033360666546363,-0.18616877949597219,0.98139138396737113,-10.411698069858135,14.462497066279665,-2.7274914663967746,,0.1088122487268501,0.3333333333333333,0,6
0.85570451522012025,-0.50988539122246979,-0.088242112677610673,0.51745100133263178,0.84439220967907336,0.13873088139685502,0.0037741027749239979,-0.16437361117649241,0.98639093269202549,-1.437185949025181,-9.3908380622056136,-1.9791169968778866,0.1537230602354543,0.1904178715951219,0.3291139240506329,1,6
-0.26904175766597865,-0.95180342095064541,-0.1472643218795619,0.96124287350293092,-0.27492083721043559,0.020752624107303486,-0.060238449281390577,-0.13597345746196052,0.98887944062661737,-19.850807528827033,5.7071099495851776,-3.7022939194766091,,0.2793634665141753,0.5507246376811594,0,4
0.17291851584950432,-0.9515659327467626,-0.25420751859885515,0.98493584335433237,0.16725796076443281,0.043888028399693316,0.00075587849126054285,-0.25796714945261151,0.96615339281658541,4.7782096578294073,-14.698714048105892,-1.5243422714926487,,0.2902047374921118,0.7391304347826086,0,4
-0.52930510637138384,-0.84144832522317081,-0.10863158080547806,0.84639976531809991,-0.53254714691518712,0.0009867025680377387,-0.058681697646212762,-0.0914234777921588,0.99408158924192103,-3.5475495381244011,3.0524599538065416,-2.1516778216917314,,0.07140221492359464,0.2718446601941747,0,5
-0.33688074103834603,-0.93483656423318751,-0.11221392288902783,0.93998850551633018,-0.34078104848983476,0.017026053193426007,-0.054156955367074225,-0.099744048257822293,0.99353819706265467,-9.8438673859451367,-7.4933606583663508,-2.6476881678845836,0.6800289664660654,0.6682984743894815,0.8926174496644296,1,1
0.8305098085848277,0.55593236503729326,-0.034534958352881083,-0.55378731061897013,0.83077870996576675,0.055913769905321396,0.059775182490744386,-0.027311912632744396,0.99783815671006504,2.4272228438915868,15.688837406919644,-2.0150288104216383,,0.1364144200453484,0.8421052631578947,0,3
0.075050496852230988,0.99190417094177863,0.10243797435783224,-0.99649676139224641,0.070800915744843984,0.044513311092922635,0.036900236543917539,-0.10541985580522363,0.99374293785918733,-9.5106518213263058,5.3752390161141674,-2.6399153458673719,0.5466623597427386,0.1937202350476912,0.1919191919191919,1,4
0.9350351691519001,0.35451552584194762,0.005289081780775912,-0.35014990509157495,0.92097113261348362,0.17090119033229986,0.055716033719543562,-0.16165059489418346,0.98527397649431414,-14.82060484884874,13.978869887986935,-2.9671212152312751,,0.1809936002714287,0.3214285714285715,0,5
0.88628011713727706,0.46245331825399744,0.025386657972289291,-0.45958581634684809,0.87135164804854204,0.1718347545052836,0.057344846149730525,-0.16396107427971074,0.98479862649229333,-21.798707332600678,9.4363058815848255,-3.8770232058689427,,0.1806928775579008,0.2352941176470588,0,1
0.49688678705126227,-0.84987674114075118,-0.17553645126255296,0.8676943099857678,0.48316918880185272,0.11685084257668846,-0.014495008526943217,-0.21037361968777479,0.97751359830299434,-6.7455549032038373,4.3397529159047874,-2.3859842733200449,,0.08951253339874633,0.3025210084033613,0,5
0.99220605167358811,0.11787837561399464,-0.040396034272115543,-0.10409091949173596,0.96228594013667001,0.25133811866616851,0.068499864975581234,-0.2451743420056228,0.96705600174986572,1.6410548720684028,-9.4754226216708588,-1.7647682304886831,0.6572446898221654,0.5164283442229576,0.9191919191919192,1,2
0.03840540871190197,-0.99662118885305817,-0.072603240360114465,0.99846883005633891,0.035378717636080845,0.042524601636607963,-0.039812309498413939,-0.074125247166827404,0.99645392655398746,1.3270122805698876,7.4167530392031376,-1.8371128537577905,,0.07608326484861608,0.2615384615384616,0,2
-0.80429449735177527,0.59373756392727628,0.024208814745024104,-0.59421621544146741,-0.80389330642171342,-0.025741818055165185,0.0041774197867951984,-0.035089272891711765,0.99937545101521097,-3.1325334072983653,-21.684026645948702,-2.0530316534595285,,0.5222793672985514,0.75,0,5
0.97247499461175668,0.23105751972588831,-0.030080017170615161,-0.22731009759276546,0.96913143035402105,0.095469315658680179,0.051210393351654344,-0.086004030592118516,0.99497778987004459,-10.503790501769949,-8.6080926407331031,-2.692500660166842,,0.1180320347691678,0.4736842105263158,0,1
0.86804860146442797,0.4960607805495032,-0.020379585282063222,-0.4930867347836414,0.86618095023717701,0.081215967805773545,0.05794046492787245,-0.060450504107404407,0.99648815300388971,2.8371006194876509,3.0692991715042006,-1.6761910746226798,,0.08349738132860865,0.3394495412844037,0,5
0.99917931085348466,-0.0033201974678223616,-0.040369308281539916,0.010194253923097692,0.98516757558129087,0.17129192978722679,0.039201810536080482,-0.17156288733888669,0.98439290618057451,-1.6316539397972736,-20.138210011234381,-1.927080501011085,,0.2110509211007408,0.2380952380952381,0,4
-0.8271467955398758,-0.55535953628785306,-0.08604629034569844,0.56065470438359521,-0.8259900457906677,-0.058367342814920516,-0.038658518862712155,-0.096520618050611406,0.9945799561676627,-6.0141992105421904,6.1906304455106076,-2.340423655317645,,0.1619937149300056,0.3132530120481928,0,5
0.13240835257899736,-0.97656218334699441,-0.16968892192441318,0.99102426562750778,0.12725135367638435,0.040963372968889605,-0.018410135924988177,-0.17358973196615471,0.9846459626947871,-3.145368358417842,-13.565617195764037,-2.0280231439184591,,0.1119306088885567,0.1764705882352941,0,3
0.80000764755691745,-0.59400151293877501,-0.084557474399924587,0.59994624535429153,0.79366370000073183,0.10080889834948617,0.0072295598576753465,-0.1313778289042532,0.99130600701129112,4.5364319263924937,-12.211618726506948,-1.5452764389313025,,0.3526989778174541,0.7032967032967034,0,3
-0.38738538262176625,-0.91471796092212554,-0.11499398809266634,0.92002112447472606,-0.39156634698320286,0.015392414706279748,-0.059107494036271253,-0.099834101772383083,0.99324692613269794,-13.96284246595209,3.0249825020239713,-3.1135170746778535,,0.07310239456056405,0.3076923076923077,0,4
-0.92915657071506097,-0.36389205384198386,-0.065196934342732896,0.36501838151645444,-0.93098184269458817,-0.0058642755816161176,-0.058563198786745881,-0.029246909642761425,0.99785518489619141,-1.1666259252043367,-7.7514649424498039,-1.9647307442806095,,0.08414428120286159,0.3295454545454545,0,5
0.94735900765739678,-0.31340790269908197,-0.065470582219461157,0.31893266656245362,0.94173141906667956,0.10688259232457124,0.028157855205170036,-0.122136893969105,0.99211376077636593,2.1826045548492536,-8.5871476172274726,-1.7052090693944972,0.2316967700908915,0.2104038907274388,0.8226600985221675,1,7
0.94255166648089184,0.3310257881619158,0.044925311193997314,-0.33179927194993486,0.91204711369328217,0.2409964844914704,0.038802050816782174,-0.24205782361976425,0.96948564242946689,4.8941491982625092,7.0245133058587159,-1.6391819406710835,0.7421391961873071,0.4613579996209695,0.3211678832116788,1,4
0.37450857476909388,0.91511477861466017,0.14935953061476848,-0.9261349433789966,0.36138097037511252,0.10806415179478024,0.044915410237525016,-0.17879803190131627,0.98286004584142672,-18.569900379639275,-1.2467738084214401,-3.5913941151258273,,0.3493713713791996,0.5886524822695035,0,4
0.17758662088621938,-0.96980929971930419,-0.16713142810425677,0.98247307425889929,0.16493965549175563,0.086842204040025101,-0.056653776912776399,-0.17962414154064885,0.98210260020901252,1.984870798614923,-16.478266212070263,-1.6323564198633578,,0.3973273369518184,0.1111111111111111,0,4
-0.90877333041933994,0.41711242462255582,0.012176171156580462,-0.41578512872980999,-0.90263427916709216,-0.11123886371066644,-0.035408482679678957,-0.10615358353818036,0.9937191031958309,-16.581085702955221,0.42186495141341412,-3.288865248192633,,0.164064790581314,0.1176470588235294,0,3
-0.045812700608967742,-0.98852839700357586,-0.14391943850798306,0.9980361787584302,-0.051454423725219772,0.035724335800343225,-0.042719812174016228,-0.14200017815709096,0.98894437004877633,-4.0111419902440666,4.0517622797138975,-2.2004401671761276,,0.07260403147930432,0.2847682119205298,0,5
0.71924440457019001,0.67191993502506742,0.17666659958911879,-0.69215852985491522,0.67102777079425802,0.26577866801526967,0.06003379084778087,-0.31344111367017241,0.94770808386213901,6.8859126633802648,-3.2074587719298502,-1.3692056875100718,,0.6609229739065984,0.3168316831683168,0,1
0.7104293451377407,-0.68613479941635436,-0.15655408840729856,0.7036921068908083,0.69583172913716984,0.14365104742239643,0.010371319430828691,-0.21221979586234546,0.97716692226937796,-8.1557009344397269,-13.430543558550671,-2.4448450727686621,,0.4736698488716574,0.5098039215686274,0,2
-0.92757504960096748,-0.36803952652122973,-0.064431624811049845,0.37183974880360721,-0.92617763890328242,-0.062691166883470484,-0.036602302761344414,-0.082109001416226735,0.99595099443647184,-17.614178210983535,11.654531309356623,-3.288023657671395,,0.1092505855798188,0.3,0,4
-0.042907812704434722,-0.97440405980304512,-0.22067090394581823,0.99811119446830676,-0.051527344122429708,0.033451102892707009,-0.043965476068966919,-0.21881878586408465,0.97477452565554712,-15.757302139484826,10.276949382582,-3.1353679481634846,,0.1034969366803836,0.4736842105263158,0,2
0.58926041507842508,0.78853069415718047,0.17604405015108524,-0.80774229859943836,0.57010083327364469,0.15012467803126922,0.018015056894118902,-0.23066075581401302,0.97286744906611533,15.781858418266642,-5.5393811074551484,-0.82007854085618281,,0.3669974818559656,0.1176470588235294,0,4
0.6663628236060869,-0.70063661186730741,-0.25508611374754003,0.74562151697853263,0.62476228456550187,0.23177713692926247,-0.0030233647405748403,-0.34464536250411748,0.93872809341685881,-21.280686333754065,5.1808159400586975,-3.835693089377294,,0.4236309429002745,0.2105263157894737,0,1
0.012133805041635564,0.98635980485902408,0.16415573743759171,-0.99665312003555317,-0.0013425332758873949,0.081735891307309724,0.080841382339794224,-0.16459809525894012,0.98304228695337448,-1.99168768298924,17.332168942488316,-2.2881292897022671,,0.4260468490050056,0.4166666666666667,0,5
0.91642111523315573,-0.38208647570374421,-0.11908931370660845,0.39607430808158894,0.90855141725568589,0.13288891857628668,0.057423706189250884,-0.16895042849006497,0.98395033953981337,-4.4242730295115189,9.8014162693443705,-2.2624679624092057,,0.1252183199337798,0.2222222222222222,0,2
0.57197257697812354,-0.81695399245637834,-0.07371258640549723,0.82018529316955568,0.56828554345074955,0.065936529884851713,-0.011977314113540579,-0.098171866206512651,0.99509739655581253,3.2870064380290733,-4.137671647953022,-1.5922355759432663,0.2243860240296433,0.1570081358068959,0.4160583941605839,1,5
-0.94709438519406264,-0.31194674704312397,-0.075507963441561063,0.3164200285292752,-0.94691394674843454,-0.056853698198393247,-0.053764217463024851,-0.077738050287582322,0.99552308082639263,1.3227395804616682,3.5898754743016772,-1.7867809116730249,,0.06943379962713245,0.189873417721519,0,5
-0.71845107725409485,-0.69362472687037191,-0.052084430172874431,0.69434971397880441,-0.71961656233292559,0.0055206805464203422,-0.041310099128222567,-0.032198470307532936,0.99862742512904779,-8.1819587058690324,7.0444688517749956,-2.5027329847449709,,0.1149489424964928,0.3132530120481928,1,5
-0.10914691232600145,0.99388684574842623,0.016609918059501075,-0.99388341779487555,-0.10939870317470363,0.015088922296473468,0.016813784882532629,-0.014861412851282726,0.99974818581780234,-3.5641564318126551,12.181595745125977,-2.2670774544566048,,0.1561798937230494,0.2068965517241379,0,4
0.15614469716065321,-0.96840819854346349,-0.19443352216737683,0.98729213651997549,0.14713240866093835,0.06005240617538294,-0.029547770041586846,-0.2013395522877571,0.97907574475631631,0.75080073551090154,2.3039806918607573,-1.8235770897536652,,0.07580364710089399,0.2372881355932203,0,6
-0.93243660024917918,0.35912609443640331,0.039880255899484879,-0.36071388096531304,-0.91868904524575468,-0.16092213714833117,-0.021153784405985261,-0.16443505234681505,0.98616105731518611,-13.850127987137185,-1.2978111537973211,-3.0978846236938082,,0.1930493836654961,0.2592592592592592,0,5
0.99884182804950872,0.016240792010309681,-0.045290608448038963,-0.012637414193034891,0.99681490241209014,0.07874227639387138,0.04642519037364734,-0.078078723120021731,0.99586566096774221,6.5422914918143933,-1.7966733523007012,-1.3898642494821432,0.2377975606081335,0.1361004965005611,0.6821192052980133,1,5
0.68313354992148234,-0.71607733972186971,-0.14339385101364477,0.73029324028389142,0.66967935020653013,0.1349123830588351,-0.0005797993858788846,-0.19688273526088912,0.98042687253505179,-4.9516926250092164,8.6583008709047071,-2.3209454404956178,0.1433806997410515,0.1931504741991262,0.2452830188679245,1,5
0.62785042973426164,0.77141426508841926,0.10355611763964617,-0.77693572989499893,0.61317905856911425,0.14276664086830435,0.046633780621214579,-0.17009254466433291,0.98432404052455402,-12.545076316734166,4.2113557391411822,-2.9335741452235546,0.09701940636739453,0.2369569576351531,0.3218390804597701,1,5
