axis_00,axis_01,axis_02,axis_10,axis_11,axis_12,axis_20,axis_21,axis_22,location_x,location_y,location_z,dbh,dbh_approximation,score,reconstructed,number_clusters
0.95263799374428504,0.3013096463317862,0.041150332954623378,-0.30404451267147903,0.94094808756129167,0.14890812882146331,0.0061471285349599227,-0.15436707402215205,0.98799444293407501,3.7904218000363081,-26.753015142462594,-1.5558162290909323,0.1783150124983746,0.4040530242743307,0.303030303030303,1,5
0.68649734479053059,0.72050162120481009,0.097973513955511946,-0.72707388104382709,0.67847446865566274,0.10505221028746728,0.0092177599999746576,-0.14335204645785846,0.98962883126802959,-17.368931766019141,-24.670681893666284,-2.2699032685205212,,0.4652857950095449,0.46875,0,5
-0.96593827796301368,0.25854958544142498,-0.010740346079855077,-0.25717305222602904,-0.96374807763108739,-0.071075059417014474,-0.028727415035046649,-0.065891992916069675,0.99741314453688301,-17.282911811266377,8.3990907304314533,-1.9394230770109351,,0.07151757459884286,0.2972972972972973,0,2
0.96292178921218852,0.26963223558334987,-0.00894904434697881,-0.26539788738160502,0.9527119842764008,0.14799944726081241,0.048431283627220587,-0.14013683509502381,0.98894695419712564,6.6179756937154171,-29.55100627100736,-1.515460017661062,,0.2947441382308865,0.8275862068965517,0,5
0.074193883226897947,0.99684815980034058,0.028089392915977909,-0.99720060981240777,0.073898976647349596,0.011396711816876685,0.0092850138112922365,-0.028856326050785454,0.99954044488723692,4.4303703725020736,7.5160461467493178,-1.1663152549677553,,0.07851150676584041,0.4259259259259259,0,3
-0.15948820352300089,-0.98470657182617083,-0.070117617895621126,0.98705162063782825,-0.16029224625509117,0.0059576830005177925,-0.017105880078012222,-0.068259528220224713,0.9975209399676328,-9.5948612586804227,9.1700548544828955,-1.599643431926747,0.5434304046342682,0.154389684875793,0.32,1,5
0.84251240560726037,0.53799174932521521,-0.027161076117533194,-0.53788654741638664,0.84293653810905134,0.011664254335689401,0.029170336068461616,0.0047822984769970026,0.99956301507955503,5.2909204642799619,-8.8783521875535776,-1.3229764054861048,0.3954598237607329,0.360874770290533,0.91701244813278,1,5
0.47174166336131801,0.86792065866340384,0.15547840144013589,-0.88111693149847359,0.45741258355517989,0.12002783607184642,0.033056861251658007,-0.19361678302941279,0.98052016055435098,12.875815422730625,-36.379133453001394,-1.4461762816620427,,0.2705458241269198,0.4,0,2
0.99692124111304437,-0.0045527774726602079,-0.078277143758016768,0.021244704295488852,0.97665437596960514,0.21376363684878658,0.075476496719349778,-0.21476848492436487,0.97374421504123376,-20.120542301383665,8.4368978408309729,-2.0826379787860376,,0.1722924090962962,0.2727272727272727,0,4
-0.95093044568355178,0.30937487399190361,-0.0042982338903249599,-0.30821162585895773,-0.94839093189042067,-0.074566976560659359,-0.027145555022139483,-0.069583242598443631,0.99720674445775137,-8.7213910019266834,4.8711274808312828,-1.6145267640168688,,0.1495800411135452,0.5627376425855514,0,3
-0.75618045842986692,0.64025464929831111,0.13514843077406624,-0.65407332711323085,-0.73340285477629741,-0.18522509377782836,-0.019472982509733325,-0.22846058009615908,0.97335839560477511,-9.6210926338420268,-26.676461149031553,-2.0099597622231165,,0.3141759949615856,0.1764705882352941,0,1
-0.9868695912905,-0.15875736400970869,-0.029740698694048998,0.15946249039772217,-0.98693487182902007,-0.023049358429081408,-0.025692877267400827,-0.027489236812337146,0.99929185822621303,13.94499375687718,3.3428466720982746,-1.033075478658815,0.1689804484046085,0.1002980006993406,0.3235294117647059,1,5
0.67626459146410123,0.72518051129074923,0.12953543289764594,-0.73602373152968326,0.65785338110388525,0.15968091806884191,0.030582167304067185,-0.20332770350907628,0.97863301396831703,16.010687174669116,-9.3799056976324771,-1.1586841810700506,,0.3149227575123772,0.2857142857142857,0,2
-0.99767594841385443,-0.059824756077765967,-0.032614421913530305,0.06189901115870685,-0.99584366512382405,-0.066812476756404948,-0.028481825329361419,-0.068676001579785234,0.99723236631836354,-3.5518947919486745,3.9237731579511457,-1.4269405900430243,,0.07700457402713992,0.2792207792207792,0,4
-0.97259281553766919,-0.22829495075140721,-0.044097966233372039,0.23251127229025137,-0.9538547234724094,-0.18999914412265032,0.0013127918630612583,-0.19504507676632996,0.98079340057258668,-15.039820728756135,11.084522834306831,-1.7797201552826318,,0.3407844801629755,0.375,0,4
0.7339776553307884,0.66318340867700953,0.14650791081255934,-0.67862072250616778,0.70741135319728443,0.19759324976525358,0.027399205468868881,-0.24445233446037987,0.9692741303246184,24.521408730202356,1.3148037845521976,-0.98902748862327239,,0.3321162987106807,0.4545454545454545,0,1
0.87280378221133903,0.48778732076225639,0.016645944285627934,-0.48711658544107911,0.86845765352754867,0.092188590496043485,0.030512127847867124,-0.088571066003536633,0.99560241880039235,-21.455953558621928,7.1414178779949564,-2.1636681198671104,,0.2692933863143887,0.3333333333333333,0,1
-0.89790959017799798,-0.43773311740238835,-0.046347446483782258,0.44013945146170919,-0.89140847133877377,-0.10801944497384433,0.0059691819679127027,-0.11739103523974226,0.99306782936110494,-12.700482012857986,6.0665088533767575,-1.7576953774753259,0.7211596639084338,0.3862461415869914,0.2926829268292683,1,5
-0.047112208004344749,0.9943872038136774,0.094733989404921642,-0.99840142763793305,-0.043912240995385196,-0.035585170806124604,-0.031225456721931177,-0.096259046236598894,0.99486640654417913,6.5380062313006189,-32.920041149494047,-1.5773371287255349,,0.4010138484058524,0.5357142857142857,0,5
0.43130615801054312,-0.88083280017025978,-0.19521418034150093,0.90203921280863697,0.41685532173208567,0.11205757136050504,-0.017327914408830598,-0.22442196614382243,0.97433799294412304,-12.833130936275797,-24.299109864153014,-2.0984482517576128,,0.2432974411207666,0.3934426229508197,0,4
0.17046229608232197,0.97947732949735911,0.10754890336523563,-0.9853215733222459,0.16842135391020679,0.02785039843209881,0.0091653019653785816,-0.11071769753645927,0.99380963403063716,14.001648396305141,8.7653473881262816,-0.98217856788769942,0.3429727365509322,0.3162210971091393,0.4901960784313725,1,5
0.93755357144135854,0.34775389999892542,0.0077798273175371515,-0.34687868588182064,0.93306368603684742,0.095222555522487429,0.025854940697177833,-0.091974903288175924,0.99542560706799021,-2.742125754628983,-27.093449152284332,-1.7822958470007049,0.5416708119292666,0.3231570157880866,0.5526315789473685,1,4
-0.98014735963762512,0.19801078802019739,-0.01014303815490894,-0.19099811471245834,-0.95668870872444145,-0.21969623295688809,-0.053205954287824882,-0.2133973814899823,0.97551559905597651,-14.490510292245986,4.458725632450605,-1.8673483028353204,0.3484712714430893,0.5717915722259642,0.8733031674208145,1,5
0.96004072141692209,-0.25591473273486209,-0.1132672185167434,0.27842641153113157,0.91431693712652795,0.29411438564861431,0.028293931914326692,-0.31389837217291999,0.94903491261597894,0.016715133730614833,-28.772830669016496,-1.7198126882707265,,0.3441462426275564,0.4166666666666667,0,1
-0.75160341273530273,-0.65544410393147501,-0.074063058174170138,0.65923868166940969,-0.75021777029634751,-0.050770638388287929,-0.022286106780314265,-0.086984617910531969,0.99596034343317796,-0.14740548432689801,17.471652107005127,-1.20528103122248,,0.3078564630029439,0.7619047619047619,1,3
-0.27059868119090769,-0.95140437036244097,-0.14699006018431229,0.96265080388712165,-0.26883098750188678,-0.032145449666130629,-0.008932161732687894,-0.15019861588578839,0.98861549263238513,-9.7689774025228537,11.417832054543229,-1.5735795326305457,,0.2466826318884834,0.2631578947368421,0,5
-0.51503244055276309,0.85669619722824575,0.028516851735898172,-0.85582670252550508,-0.51207798681921013,-0.073053341193306337,-0.047981667567782452,-0.062030323792864744,0.99692025684483287,-10.092121506563355,-28.454855989365779,-2.0334214932150072,,0.2463220157357806,0.1111111111111111,0,4
-0.49449710919113188,-0.85792602618304625,-0.13941141488193259,0.86906592923458914,-0.49062142197137526,-0.063364271844689332,-0.0140363686627185,-0.15249116007347538,0.98820515403139431,9.6747182872929276,15.825411523966928,-0.97849717176232465,,0.1826482297870808,0.2105263157894737,1,5
0.79058752208508964,0.60753665085837527,0.0766197610746992,-0.61181027378634523,0.77843650082917082,0.14044501794763484,0.025681877128294568,-0.15791083572897285,0.98711934898802489,-7.2850873013395301,-25.64376790142315,-1.9311991496553382,,0.1093958778734214,0.3,0,3
0.5642197754236975,-0.79641084283175945,-0.21768282991737978,0.82529056193602668,0.55153498543631418,0.1212627239471474,0.023484748245395103,-0.24807041189906429,0.96845729763375699,25.466983211265521,-1.4076436962143712,-1.0197695677265701,,0.2629801799647195,0.1,0,2
-0.24120026073461945,0.96935726556170088,0.046571728809382512,-0.97047531135842846,-0.24090638989084356,-0.011907197551211753,-0.00032290140030186382,-0.048068732170756683,0.99884397816785331,-8.6063153752243959,-25.635822012214877,-1.9713576221003035,0.5653527319735938,0.277497219519859,0.4,1,3
-0.88752512037540043,0.45948938636963294,0.034185735567478268,-0.46029221026870398,-0.88084157699440668,-0.11067609228717155,-0.020742272502849969,-0.11396323991386681,0.99326841190070703,-10.839011636527323,4.6192149605737196,-1.7033809635221344,,0.1085785674054982,0.2672413793103448,0,5
-0.95458036565699766,-0.29245332534720569,-0.056985770114240823,0.2974791505175356,-0.94625546727305243,-0.12691235425766023,-0.016807156497070389,-0.13810012001883967,0.99027565674475926,-0.65429026895967046,-27.73889721610681,-1.735624562024886,0.436315129868512,0.4214587011455205,0.2368421052631579,1,5
-0.83013429214442358,-0.5561320116439824,-0.039927968026122439,0.5568588546835872,-0.83055572026120417,-0.0092418343350831721,-0.028022722322452193,-0.02990620614873972,0.9991598199824836,4.5577524870974244,-13.662750012257941,-1.3894239212742532,0.3899958170043343,0.3300569023870903,0.8482758620689655,1,5
0.62499377460620309,0.76439066360616026,0.15839726984775768,-0.77978136206288795,0.60186985897868994,0.17231860094696128,0.0363841872636535,-0.23121329166962878,0.97222250779976171,-0.28190713368633885,-25.571558291451019,-1.6915890029870635,,0.3289295315577985,0.125,0,3
-0.74521865610701765,0.6592371415957694,0.10027734405481675,-0.6660972137780512,-0.72894451341253119,-0.15796961151716268,-0.031042815387229136,-0.18451636108054426,0.98233907389781994,6.0831456566845414,-36.512720404737763,-1.6373464033793019,,0.4849551050517341,0.45,0,3
-0.76152540567145488,-0.63651319052573541,-0.12218843973009749,0.64754365392326463,-0.75523965259898762,-0.10149031188181956,-0.027681632550022258,-0.15640979965753496,0.9873042599880022,-15.306831175849121,6.3379066180638963,-1.8932209201287891,,0.08094065223959664,0.2297297297297297,0,5
0.83605179790989326,0.54838108296397492,0.017192412829312876,-0.54784318481683514,0.83271226766935036,0.080362454683242934,0.029752916855035352,-0.076605920921474141,0.99661742751087345,-21.307710994750721,-23.754844320866315,-2.4067377513102772,,0.155700710223534,0.3333333333333333,0,1
-0.92846444857399557,-0.36087803831266857,-0.087868135281149326,0.36937539638359607,-0.92193617112057191,-0.11659979813876599,-0.038930505784636221,-0.14071509458171055,0.98928442718775922,-18.182696001164729,4.8895685433735254,-2.0382286570917665,,0.2646493567751536,0.4720496894409938,0,5
-0.95970120599014996,-0.27329294872719795,-0.065456545868576632,0.27920701269204606,-0.95370831110501086,-0.11173138051958215,-0.031891053363530687,-0.12550466726469242,0.99158032413422958,-11.98377505281492,17.059659415347209,-1.59108405767974,,0.0754719722755345,0.2222222222222222,0,1
-0.64692502077295833,0.75840646285401336,0.079420744136342369,-0.76239916103507166,-0.64118024170288457,-0.087380872637256829,-0.015347206616356105,-0.11707918154434528,0.99300399218632562,-10.701032690664039,20.298186061488913,-1.4944398245862263,,0.1875584210025299,0.125,0,1
0.93705237812209174,-0.34514353294816719,-0.052997946373320587,0.3481339129452008,0.93518734839868967,0.065018474701355425,0.027122302874114788,-0.079376098789780192,0.99647569745966191,-11.754962862745941,-31.212524196323905,-2.1356028756394294,,0.1768327019762278,0.5416666666666666,0,1
-0.41344468180277516,-0.88199909179875702,-0.22614397439500811,0.91052366021125486,-0.40135694138608319,-0.099293855785280077,-0.0031873632522593709,-0.24696195591097886,0.96901993428831101,4.3819389727232014,-22.85842336050441,-1.4974804384872002,,0.4351775445650052,0.2857142857142857,0,2
-0.59572158594163793,-0.78413974684604382,-0.1738983883174394,0.80284443588961407,-0.58770005539062387,-0.10024697828336664,-0.023592452273299369,-0.19933264235965176,0.97964784177052733,-22.275610296355328,9.615592543764059,-2.1550354902905884,,0.1120414946224639,0.25,0,2
0.76349873174937288,0.64559001739932043,0.016829024078800624,-0.64534709188318184,0.76170741150903498,0.057697055818528804,0.024429850900487129,-0.054912190691605536,0.99819228292870976,-4.9562328619717917,10.236240180150842,-1.4236253695072791,,0.07927949674196007,0.2586206896551724,0,5
-0.89122490854634662,0.4526111004402123,0.029348835494048261,-0.45292990182610599,-0.88470436837917699,-0.11023921535731428,-0.023930449606113208,-0.11154089980407322,0.99347167108707635,-16.664847681458067,5.0765739583498961,-1.9657632729782706,,0.0773395414583056,0.1612903225806452,0,2
0.94635495529110325,-0.30902093573901079,-0.094437068309859068,0.3212767263205118,0.93109624705155003,0.17274560443407874,0.034547991558840592,-0.19381909091084526,0.98042878184891402,16.81485246481542,-28.282203682421695,-1.267551246342713,,0.2143480004102913,0.3,0,2
-0.97750215184650957,-0.20466351297431451,-0.051013621636355574,0.20919526246200154,-0.9716163763379323,-0.11044889947573623,-0.026960810427339006,-0.11863584487396565,0.99257173595269321,12.419921225963705,8.5335355295880042,-1.0215482540887815,,0.1105167388163689,0.52,0,5
0.92304171224498477,0.38434527626869885,0.016513814392304909,-0.38341495648373342,0.91560516402166658,0.12107912603513973,0.031416056411058726,-0.11809272723920775,0.99250548571420127,0.57784991675152897,-24.921331057216079,-1.6482817964959622,,0.2967281152429668,0.2727272727272727,0,1
-0.99368818014313465,0.10649033659747303,-0.035264838794212799,-0.10221903967033114,-0.98905802949630894,-0.10637425542749301,-0.046206802234088407,-0.10209810233415309,0.9937006133273063,-20.853386717900491,13.943090685657477,-2.0265180360403909,,0.3327564785878349,0.6973684210526315,0,5
-0.31888607451884432,0.94344665270862305,0.090664684253887559,-0.9477842325615522,-0.31700807413117643,-0.034798411506165625,-0.0040890079080330754,-0.097027287030698864,0.99527332205067698,-10.985091575183631,5.7478630027890807,-1.6958840307226948,,0.07942584648654308,0.2972972972972973,0,5
0.80812642787178146,0.57776522173036615,0.11453831295271903,-0.58828784164850512,0.78210892707610735,0.20548246045928947,0.029139182276404101,-0.23343730367428636,0.97193514871597353,-7.3686313502490126,4.9273233720070921,-1.5576286410138842,,0.3221707310478614,0.4056224899598393,0,1
0.87749692907625654,-0.47319184783618456,-0.078029575182211999,0.47921298458418882,0.8715213141219661,0.10394957641585535,0.018816345757172868,-0.12860821969259489,0.99151695444901411,-5.6610427432194026,-25.093876941266171,-1.8625921093232374,0.5409164659094198,0.5161426924846169,0.25,1,2
-0.84229677857311636,0.53900543743991991,0.0030455238548009415,-0.53845962420752946,-0.84116077809266665,-0.050097689535791433,-0.024441151847564423,-0.043837014140324447,0.99873967893922411,-5.9677557756462329,16.261309688632945,-1.3934440192661548,,0.1075169488693778,0.3333333333333333,0,3
0.83718909922445028,-0.53829758804417682,-0.096696012562952058,0.54644187533441602,0.83063077481668479,0.10702239395771217,0.022708787302698624,-0.14243673203656115,0.98954337365574097,-12.392632381401155,-30.027720455816286,-2.1352836210079444,,0.09844128443987045,0.2777777777777778,0,1
-0.89000284274109964,0.45178638456503478,0.061514247409982903,-0.45489241494612015,-0.87060567697291691,-0.18739969596297884,-0.03110997809785334,-0.19476862669378919,0.98035572692700046,2.9113263850638775,12.689506090238,-1.1817427767926769,0.6054711043415409,0.251643373181232,0.1578947368421053,1,3
0.9487337757975195,0.31605580458575644,-0.0035987565399053074,-0.31479084471922308,0.94583993784954712,0.079331809822567947,0.028477126644755595,-0.074131911862679978,0.99684176924005541,-8.8744159444837596,-32.061101750584797,-2.0473386129308371,,0.2168235650014153,0.4230769230769231,0,3
-0.19305051798555142,0.94851031651945616,0.25111685917450827,-0.98118881823793325,-0.18662662577085376,-0.049386288767553882,2.168771127937215e-05,-0.25592710292101789,0.96669608332717305,-2.8600772801464918,7.8865089834291853,-1.3796230343681226,1.094065286129477,0.6456790292880912,0.3617021276595745,1,4
0.75807109304786457,0.65217156365513074,-0.00068516044751358303,-0.65157145921618498,0.75741777989751857,0.04210629679759393,0.027979482127243174,-0.031473135444966188,0.99911290169087275,-25.382438899463299,6.4375246547413623,-2.425039964170582,,0.2233248291394724,0.3043478260869565,0,1
0.47571329965825371,-0.84832939687398434,-0.23245234119638028,0.87955205020697291,0.46154655087148083,0.11559832332413021,0.0092221204159866864,-0.25944559309817072,0.96571369293231601,12.739105257097853,-25.231939245081765,-1.3240589329170143,,0.2369231881764801,0.2142857142857143,0,1
0.99275945264705612,0.11890713535515893,-0.017022407043270571,-0.11743318079438561,0.99056546726610739,0.070636414889140769,0.025260982333037411,-0.068125973178425767,0.9973568742180815,-3.3422305972897211,-30.149053695439449,-1.8518250133878724,,0.4989754101945372,0.639344262295082,0,5
-0.99243171892810389,-0.11308005212829836,-0.047876769691281656,0.11530662809700244,-0.99223542528363373,-0.046618047246835562,-0.042233455723043746,-0.051785737639526992,0.99776478821154146,4.3484859699777454,10.219394960073414,-1.1365532669011023,,0.08047026119487062,0.15,0,5
-0.99956165347793979,0.0017853956650533385,-0.029551874031362897,0.0036460444088002877,-0.98315789432194556,-0.18272181367479542,-0.029380388979987793,-0.18274946564834821,0.98272042084645173,30.441536114849189,-0.61197227666984289,-1.0118810336000712,,0.2130589466630758,0.2352941176470588,0,4
0.6120265113200859,-0.77118559816245946,-0.17520366043029406,0.79071207378638841,0.6006652212718474,0.11821890002394495,0.014070032330926213,-0.2108887506275571,0.9774088034435513,-8.8131204339632401,8.2043621698199996,-1.5779971588316468,,0.1252535262756523,0.1111111111111111,0,1
-0.43018821430428594,0.9023566168812559,0.026279958985953023,-0.90269227419691678,-0.42968664039695686,-0.022716715642321778,-0.0092064313872150059,-0.033495179279860322,0.99939647517195207,-17.205809144776598,13.361964892563545,-1.8485467454897677,,0.08328511386406026,0.3333333333333333,0,2
-0.36095374721012863,-0.92644805492271787,-0.10680072052603197,0.9323748388247709,-0.36092235664264244,-0.020303014603843747,-0.01973707935458914,-0.1069067537877478,0.99407313297016375,19.86232342055126,4.917044964032609,-0.94303971464246883,0.5473696641781001,0.3258481498968837,0.7727272727272727,1,5
0.1419236039087666,-0.97568423407356231,-0.16702684225546433,0.98976939862417013,0.14236828508390556,0.0093706429563221623,0.014636536499274461,-0.16664797263258865,0.98590781770749336,-10.111605512726969,2.4426500508723201,-1.683910931415409,0.6536259044928944,0.320023732752233,0.3244979919678715,1,3
-0.96308867126330289,0.26918381096188537,0.00053591074006536631,-0.26767572677310736,-0.95747875485759648,-0.10762963947182583,-0.02845903337736724,-0.10380033676430157,0.99419091401342186,-23.216191046502292,7.9760592665731274,-2.230474020665798,,0.2196615834586766,0.1764705882352941,0,1
-0.49179046311404911,-0.85511383695362653,-0.16408066991731515,0.87045913738782743,-0.48739375387207529,-0.068907320543797737,-0.021048290384444831,-0.17671348148042565,0.98403725281869225,-21.816371017879234,10.410320714295532,-2.1274848728061415,,0.1714446300978477,0.2857142857142857,0,1
-0.11646204530682119,0.97738703796761472,0.17649694052827913,-0.99316627515854783,-0.11325016610853074,-0.028198400027037145,-0.007572442845376651,-0.17857485234287945,0.98389718986287955,-11.517722874503376,12.122272694388373,-1.622560251244918,,0.1529391332177916,0.2413793103448276,0,5
-0.01257039891202235,0.99978321895864875,0.016598197488845494,-0.99992098931197326,-0.012568429511565336,-0.00022296407971046132,-1.4302470167477025e-05,-0.016599688801266881,0.99986221557129762,-0.29740801766720043,10.653877096994966,-1.2829775194741504,,0.183145520093307,0.6962025316455697,1,5
-0.73746559348855811,-0.64816882697662681,-0.18979375689498421,0.67505553271003338,-0.7161757038643588,-0.1771789743506926,-0.021083789463516023,-0.25878472313900974,0.96570489327315934,-8.6586960686736543,16.267727537175407,-1.4755708442884128,,0.6570145246656103,0.3333333333333333,0,2
-0.42969871674777127,0.89834283992659147,0.09131897271621886,-0.90282506267300089,-0.42559960014302634,-0.061415686657310342,-0.01630702409427516,-0.10883529901058381,0.9939260327883892,-19.336742518538852,6.2972161634186925,-2.0700868507500769,,0.1435179430842382,0.2380952380952381,0,2
-0.98195230933560573,0.18900428679596132,0.0068586998200042618,-0.18661837993826089,-0.96239252248325602,-0.1974188768520744,-0.030712252598756692,-0.19513588148022801,0.98029523374300098,-26.693465689792934,6.2757192759606983,-2.5155182856031355,,0.5073774921912826,0.4848484848484849,0,2
-0.82895329918022376,0.5389260668277619,0.14964999923749256,-0.55888933783192007,-0.78764819042702694,-0.25933190350365354,-0.021889171661363734,-0.29861182597243058,0.95412359867754593,-16.686196798885305,11.018287608961282,-1.876396199454472,,0.2964608770801426,0.25,0,2
0.99915386711484189,0.03142590232437116,-0.026532291505930856,-0.024120369006309695,0.97025452469725926,0.2408824715571779,0.033313024907025063,-0.24003868431482914,0.97019156479735968,18.950746416066576,2.7131991296027969,-0.97155628090424317,0.9304994189669601,0.4536418047218609,0.1739130434782609,1,2
-0.45660296950775631,0.86700997588899464,0.19951799403979859,-0.88745991973427729,-0.45966677903665953,-0.033486461671759428,0.062678697353489729,-0.19235424081373664,0.97932181990346867,11.540870979085211,5.8031467862535679,-1.0436725235490452,,0.2507365461874583,0.1818181818181818,0,4
0.93119889206751538,0.36335641578821376,-0.028995491335283615,-0.35600296754673011,0.92366732135636442,0.14177646686344217,0.078297576655689899,-0.12169960790364773,0.98947394858376392,9.2991387034050099,-36.365351422883904,-1.5413686511427396,,0.6467373135980493,0.5555555555555556,0,2
0.81089903848478384,0.58384327514803547,0.039620442310344749,-0.58468915489648643,0.80556164835696387,0.095963653759343043,0.024111025089873617,-0.1009824774939985,0.99459599723118186,-2.2138575187545593,-27.921558137009765,-1.7836078105250488,,0.1383152403323652,0.2777777777777778,0,4
0.19336146539329985,0.9713065325280551,0.13847369269749923,-0.98108651405485403,0.19012647597783355,0.036347972047209486,0.008977507485388737,-0.14288296959601579,0.98969887408179569,13.889598624185782,-34.204677423560867,-1.3895569703140269,,0.4437228503416163,0.2,0,3
0.89212546101320311,-0.411768623189044,-0.18589987296654648,0.4329976569462044,0.89671807183024554,0.091704573125570385,0.12893870982399414,-0.16230619399778023,0.97827987227524948,7.082760878804546,13.47705429719699,-1.0506185973253883,,0.1350103730687836,0.2105263157894737,0,2
-0.0057071398659085957,-0.95786939749602928,-0.28714742884996419,0.99995522976749818,-0.0076339867193368216,0.0055911275606543619,-0.007547649646179805,-0.2871026638458154,0.95787008169033849,-1.107743227665438,-31.528668508936914,-1.7928622830109271,,0.4559866737884375,0.4074074074074074,0,3
-0.12263630816746099,-0.98644303193865679,-0.10904348058790218,0.99239859221757798,-0.12302372709604342,-0.0031932328393856624,-0.01026499311367912,-0.10860620291248033,0.99403185190682319,-10.178722408053398,-25.986922570216549,-2.0336727653430597,,0.5616851039437234,0.6857142857142857,0,1
0.60654839646985337,0.79252439941718666,0.063278108918314771,-0.79495557886813673,0.60335092909569976,0.063350485284507513,0.012027899495607538,-0.088728420969744967,0.99598323125740451,8.8523047901586036,7.5060520447089187,-1.1011696967975193,,0.2426265547819808,0.4666666666666667,1,3
-0.58557439253283228,-0.7789809621489272,-0.22425719925865376,0.81000929783475695,-0.57302192417840514,-0.1246226778404383,-0.031425598340333399,-0.25462626537812083,0.9665287873356605,1.060171599146589,-29.990556318786929,-1.691786612774353,,0.4203575695190891,0.6,0,3
0.90264302171158584,0.42925385449660408,0.031252260001262647,-0.42785326333767687,0.88708162573358917,0.17328523981330082,0.046660051507458847,-0.16978609391131244,0.9843757016036413,-1.504118669252509,-26.74857296754697,-1.7468806883815651,,0.1287070437276611,0.7142857142857143,0,3
-0.71016944297698148,-0.67230116933862771,-0.20897487879570115,0.70351998820886286,-0.68897614641533,-0.17427419734798258,-0.026813960027673306,-0.27078221392217749,0.96226711685011801,-24.055408364737055,8.600318972471424,-2.2710955085156632,,0.4735108586777155,0.2105263157894737,0,1
-0.89565685307294152,-0.43453969359387667,-0.094731495474390401,0.44359981032810464,-0.8881291875059083,-0.12019049287262444,-0.03190626616112275,-0.14967231204011794,0.98822071886204688,13.43172275150622,2.3684377949009097,-1.0489753322618733,,0.1361922561028982,0.2258064516129032,0,3
-0.75840145466703712,-0.63743182276982679,-0.13604376089794779,0.64969875110121833,-0.7560177444657783,-0.079553144943453752,-0.052141791074330146,-0.14872068239896238,0.98750361632266848,-14.409639691009037,7.5960845004367599,-1.8244837052003118,,0.206619398836678,0.2682926829268293,0,2
0.33583778605019604,0.94079230702106809,0.046074032934816718,-0.94173069638149087,0.33438819534247294,0.036439405983579073,0.018875300096545658,-0.055627060551318178,0.99827318564643674,20.372694885504465,-28.147679224223694,-1.2015338916513727,,0.3019971050657985,0.3636363636363636,0,2
0.99405774558814985,-0.088551206763972587,-0.063307836930744932,0.10449798199659405,0.93917002058774302,0.32716944262546666,0.030485573552831831,-0.33184085976543509,0.94284265579962623,-20.930628985273749,-20.115664603609066,-2.3928241614050321,,0.5236926036326164,0.3809523809523809,0,1
-0.77236969007466061,-0.62698967256421267,-0.10163174873922916,0.63485315920985308,-0.76711339039358828,-0.09218737722770308,-0.020162541884428262,-0.13572397274127845,0.99054150600975999,21.312994046943025,2.271701587482013,-0.99144304220306501,,0.1353098443540454,0.3529411764705883,0,2
0.99503020458824631,0.095802711089559817,-0.027142816820708376,-0.093070047400133332,0.99171936769614355,0.088491027868918867,0.035395737511869398,-0.085525062316558126,0.99570708819498699,3.4534986687696771,-28.754925264689906,-1.5983013054702901,0.1891146996799453,0.1521713147848722,0.2,1,4
0.89569476591430364,-0.43314367797524939,-0.10058548873368546,0.44395444522473054,0.88389793610015166,0.14706763451927202,0.025205889766532374,-0.1763830853227315,0.9839988162254627,-15.205466399365044,-23.04763757353572,-2.1759616213101638,,0.7675262318620704,0.6976744186046512,0,1
0.45896037206759144,0.8672125577229457,0.19312627112644357,-0.88773346869234304,0.45639060291919492,0.060306766871678068,-0.035842229772144123,-0.19912307072431457,0.97931881288489542,10.101100658435573,-33.271212692315949,-1.4823040351261607,,0.3443601793600169,0.4545454545454545,0,2
0.13706309439723158,0.97889055176332507,0.15161462931639669,-0.99048619490797429,0.13733519579082887,0.0087259208005355405,-0.012280303374841983,-0.15136819899036741,0.98840116475216411,-7.9801720987933136,-27.771264849523401,-1.9628306174498855,,0.2335406244275096,0.16,0,2
0.97410594726616373,-0.2098092865024751,-0.084247651587519831,0.21740788144527995,0.97151360198881132,0.09431401929830481,0.062059782356731756,-0.11018795055743724,0.99197137003332281,-10.382626604775828,-25.158302934173303,-2.0339433715320214,,0.2599789344242509,0.1333333333333333,0,4
-0.19941848882377491,-0.95494881165838841,-0.21978406090404612,0.97983352746130714,-0.19720362601840821,-0.032202303456793216,-0.012590662332601067,-0.22177352636738071,0.97501691176338223,9.2156585931171673,-33.635650266090721,-1.5130830638690014,,0.1068009677847916,0.3333333333333333,0,1
0.43286623778510464,0.87372015454611607,0.22190067986754805,-0.90050121931458293,0.40776228391704961,0.15108763625029353,0.041525584869076419,-0.26522256946697098,0.96329259025833847,-10.850873183504856,-22.59722503722336,-2.0194103866441648,,0.7108361469978639,0.2786885245901639,0,2
0.021824530597172181,-0.99615299423973458,-0.08486991181463889,0.99975141861484995,0.021358359274340682,0.0063969888778646596,-0.0045596975566844795,-0.084988426013897153,0.99637150531409335,8.8074554595465315,9.0848304424005111,-1.083423224105682,,0.1292683770342147,0.2,0,3
-0.11725348094592311,0.99048456592056844,0.072055158588451185,-0.99303076471668361,-0.11780519067263079,0.0034405489073066164,0.011896282287441225,-0.071149572899125157,0.9973947146160389,28.12999226303161,0.09934988634430679,-1.0121212407282481,,0.1734336212179328,0.2352941176470588,0,3
-0.85403621925549777,-0.51730338817803601,-0.054948528454352226,0.51932241522278333,-0.8539837417801166,-0.031874720742397805,-0.030436248897487805,-0.055758168502514256,0.99798029108710107,2.5016579308240678,10.619579491517179,-1.1977321142310904,,0.07785378000052405,0.4,0,2
0.70437310178663837,0.69856805387715348,0.12594128624782536,-0.70915091140996667,0.6847759780830045,0.16788938229345723,0.031040591583991597,-0.20756814288987402,0.97772795180017491,1.7882297727790764,-27.158110565869176,-1.6346229991647141,0.6661200382160486,0.7301177865242519,0.2857142857142857,1,3
0.51894841853135065,0.84902926922547917,0.099206042670086203,-0.85477894429260548,0.51634138581352451,0.05238825908720747,-0.0067450202245411331,-0.11198604062390041,0.99368688801229199,13.042537117352174,-28.189006751458962,-1.3493064751068833,,0.2967973721894988,0.25,0,2
0.98519004812597843,-0.15257070247557047,-0.07824800201693996,0.16885808785568765,0.94257878600467271,0.28815304672982045,0.029791193988373838,-0.2970983219745077,0.95438203662929388,-18.08660960868518,6.1005483298320335,-2.0106980480113115,,0.4373147572968007,0.1842105263157895,0,1
-0.12901390176515984,0.99158426678825096,0.010772883055861986,-0.99163994965270641,-0.12903189852111857,0.0009896548956973136,0.0023713717773672896,-0.010555141971634591,0.99994148107469338,-23.08690437866758,11.324053226450516,-2.1859455484307584,,0.3244241592839026,0.2307692307692308,0,1
0.8248572420942113,-0.54778739468933291,-0.13978376294907607,0.56461180032382796,0.81076949404139564,0.15448735374438957,0.028706185741336317,-0.20635357460274717,0.97805631593934883,-3.9644622099026616,-27.899330318075574,-1.8269392963397084,,0.2407575215196928,0.2,0,2
0.99947177995598635,-0.0088257588958274256,-0.031277260933876727,0.01495858318063216,0.97934220084484513,0.20165588122741204,0.028851375371742545,-0.2020172260582962,0.97895691351298553,-0.00018512489650391963,-27.333077207267817,-1.7097459220557487,,0.2561452102417413,0.1538461538461539,0,2
-0.88403985127148321,-0.45105882796569963,-0.12255396802267536,0.46726440748996839,-0.85942073782388484,-0.20750896099035818,-0.0117266728846014,-0.24071129826507623,0.97052591723796799,3.3890468546265433,3.3940316481836779,-1.2333790585691924,0.4609015198720292,0.2547419492738501,0.253393665158371,1,3
0.5822877811525019,-0.80740284517891259,-0.095087252129253577,0.81283967657316036,0.58038363127990777,0.049462114095413075,0.01525123303000382,-0.10609187593470303,0.99423936441468641,-4.44237771051084,-31.812930534407492,-1.9164321368684678,,0.1802890991619352,0.2857142857142857,0,3
0.81651076177356852,0.56385214384668236,0.12401990077179673,-0.57698682821495084,0.78956666756427341,0.20897530365547556,0.019909193213111881,-0.24218843356144715,0.97002494126422079,10.794078686511465,14.299695911903109,-0.98855038670590245,,0.3021336280794211,0.2857142857142857,0,2
0.8162737663441002,-0.55499910219494553,-0.16022838369409598,0.57763028635614189,0.78114615403639154,0.23696822216971669,-0.0063553648628147576,-0.28598371036994247,0.95821340354876183,-12.106411449117678,-26.317982474143708,-2.0923916032008973,,0.2638002011572262,0.25,0,3
0.63710682411943043,0.76138977586778089,0.11991873858768833,-0.77077517669029016,0.62920270437010017,0.10004790758133464,0.00072225930536826545,-0.15617159158234073,0.98772967573326131,29.018549072969972,11.998308960163591,-0.83651994611514291,,0.5492300597325929,0.5,0,3
0.058109117083192746,-0.94920839926594425,-0.30923574385054053,0.99829058893546607,0.053306496894613781,0.023964920857502518,-0.0062634299464125708,-0.31009971324045088,0.95068340539503371,-18.637525207506702,7.9942567391475361,-2.0109550897589235,,0.5590887525563482,0.3676470588235294,0,2
0.95720387223940318,-0.27218204579374694,-0.098375204789735105,0.28804293182890911,0.92899655601594044,0.23237183205786277,0.028142785812676679,-0.25076349985205532,0.96763921517714946,11.710715302204781,-31.581658313502693,-1.4103147552312236,,0.2421889414581036,0.4,0,1
0.92694287607090176,0.37514415672739537,0.0066156008566224042,-0.37426411786563984,0.92323465230107393,0.086972103968845513,0.026519324645573453,-0.083094154209574209,0.99618878078230566,14.276563807062605,10.447522169037606,-0.97425860330777692,,0.1280461736248039,0.375,1,2
0.67359629995293846,-0.71939513488875606,-0.16952481997660282,0.7390809095828319,0.65399637430877844,0.16139439730420069,-0.0052377265988983708,-0.23400722700241761,0.97222074856007601,6.0987050024049889,17.494967639417606,-1.0674117475645946,,0.4151303999786827,0.4,0,2
-0.32762433591186985,-0.90518709276667653,-0.27073718179614253,0.94466603650187786,-0.31880662911963559,-0.077255502776223742,-0.01638212434754031,-0.28106700325364836,0.95954831336617685,4.6316092361226691,-27.475051293112106,-1.538900231334976,,0.1400551111972869,0.625,0,1
-0.99795825649499359,-0.060612724162061836,-0.020134943832208194,0.063539120768948298,-0.974196605740553,-0.21657274411960176,-0.0064883299377716782,-0.21740991475376484,0.97605882534885136,-13.982471797157343,-27.204168945837882,-2.1576648267065903,,0.4660602666255407,0.1764705882352941,0,2
-0.23386081681488999,0.97218247671340807,0.013051832440589413,-0.97225329728853194,-0.23391459290823954,0.0027366286103795863,0.0057135164523306175,-0.012049696923878127,0.99991107631318543,6.0626465107677143,12.794869328193965,-1.078977853231633,,0.08234618451618402,0.1818181818181818,0,2
-0.98080387369417199,0.19342108501090458,-0.024739547686051834,-0.19275259840257433,-0.98087437745603334,-0.027053492552614633,-0.029499104317961097,-0.021765558192769988,0.99932780573793434,6.2681408798065616,-26.306421558799379,-1.4664397239542568,,0.1040737022900515,0.4705882352941176,0,1
-0.062940534892135719,0.99589651550831559,0.065027836084921561,-0.9980072065561606,-0.063098887267217102,0.0003822140873668758,0.0044838297761403984,-0.064874192280402296,0.99788337717716513,11.101179256327848,4.1297482933847842,-1.0634535638648925,,0.4968297072293846,0.3027522935779817,0,1
-0.85576485218135467,0.51095303365239764,0.0812004628831383,-0.51646949929639718,-0.83446580588471575,-0.19216158592627469,-0.030426535582495987,-0.20638269358302336,0.97799816447775778,27.668235312051351,8.1562400315402144,-0.90200681203109889,,0.443127573469308,0.4545454545454545,0,2
0.96142797120597678,-0.26913423505797779,-0.056771645233482604,0.27358997144393377,0.95699704898491211,0.09646333894012514,0.02836871001767215,-0.10827470505121266,0.99371615893976806,26.405438824517908,0.53787402542885343,-0.9842117549163818,,0.5344231534136028,0.1538461538461539,0,1
0.56668661984490443,0.8219920756502147,0.05652700643946218,-0.82360972985096192,0.56320641735135624,0.066824728574639086,0.023093024565463281,-0.084424872060904585,0.99616221228970414,21.984210472742085,5.2767619157512451,-0.94577933053401897,,0.2181323811935264,0.1578947368421053,0,1
0.65575050352324948,-0.70761513971628109,-0.26319591785077773,0.75481496820670768,0.62171745706913883,0.20909750679190486,0.015672935274283692,-0.33578001372891775,0.94181003470981162,23.925629197427728,8.1798792231594497,-0.8982251775615363,,0.6935548077866602,0.34,0,1
0.85099451817090543,-0.52356821431695189,-0.041044548968494327,0.52465822734171819,0.85102224252853464,0.022246060423144254,0.023282493975407638,-0.040465635774845063,0.99890963444929448,14.957331998837587,13.042272499016617,-0.9548746238880329,,0.07377591165435293,0.2307692307692308,0,1
0.98551691505365213,0.16880643434624137,-0.016149237333074603,-0.1665360078180334,0.98139890057372747,0.095508931795463811,0.031971365988394222,-0.09143623830837902,0.99529756660048596,22.769715788057564,7.128349137927227,-0.91977596985073629,,0.5540228362644823,0.7105263157894737,0,1
0.1864310264578373,-0.96932102240257112,-0.16018810162528244,0.98246791810426837,0.18385125953023129,0.030911232020290988,-0.00051212278006668556,-0.1631424834234855,0.98660238588434224,8.1328396098087676,14.133184124098804,-1.0212156890608486,,0.08414526009709693,0.1851851851851852,0,1
-0.82861265961253971,-0.53861901120384736,-0.15261265052289358,0.55903968083186528,-0.81052437304871505,-0.17471369708581294,-0.029592154116241925,-0.23008650865223862,0.97272015654605615,-1.0866075056430757,-23.985433030968032,-1.6768143216969686,,0.3201290620054489,0.2380952380952381,0,1
0.58040596098249808,-0.81334062791707828,-0.040074224077769782,0.814224675136483,0.58041087314519091,0.012704201420231837,0.012926672227277985,-0.040003016314893607,0.99911593913361163,18.310200239157645,9.071468350084146,-0.9372663337567273,,0.0763798082185712,0.2692307692307692,0,1
-0.19768242851557,-0.97090642495606816,-0.1351383418398075,0.98018592265115601,-0.19754226046535076,-0.014581233375178661,-0.012538520354830033,-0.13534315390615662,0.99071944373674525,24.49476448800927,11.357236071382346,-0.8370305420283416,,0.08387921007622154,0.3,0,1
0.99114106593897711,-0.12791184617673149,-0.035748384816778965,0.12932641822596941,0.99077318829099126,0.04053599527020451,0.030233507209550235,-0.04480010012672548,0.99853837486119956,7.4818928961736715,-30.942295871461447,-1.5148718049127878,,0.3140624727462727,0.5555555555555556,0,1
-0.077776332009688309,-0.93219944797945853,-0.35348978962045197,0.99693121364127568,-0.075881411219097736,-0.019239716711315618,-0.0088880507903722986,-0.35390139957082806,0.9352405048622292,11.711522368798393,-33.889620063919878,-1.4350207575161531,,0.4180803502104438,0.1666666666666667,0,1
0.79460131349072027,-0.60047641719862832,-0.089648340682470226,0.60676885845002848,0.79052498806413085,0.083077046537864324,0.02098344619147844,-0.12040895163775843,0.99250258405276959,14.73720459993122,-26.235890065566053,-1.2966851166240481,,0.5844111469154547,0.1785714285714286,0,1
-0.82454593945576071,0.56361343596549229,0.04963757171930764,-0.5653597041973023,-0.81729401509749355,-0.11135033792385732,-0.022190056263021125,-0.11987655185644348,0.99254078692920922,4.1782505557942109,15.807480997546604,-1.1198292645119525,,0.1450700918922548,0.25,0,1
