axis_00,axis_01,axis_02,axis_10,axis_11,axis_12,axis_20,axis_21,axis_22,location_x,location_y,location_z,dbh,dbh_approximation,score,reconstructed,number_clusters
0.99717201912888309,0.018676240921801708,0.07279534525955246,-0.038115787846523176,0.96048765373821077,0.27570029694091081,-0.064769985203529792,-0.27769527371112807,0.95848327266324085,-3.888144326329364,15.42626197161681,-2.9389207671287525,,0.5018243868582432,0.3333333333333333,1,1
-0.96002111017115754,-0.2798938783930241,-0.0043456718525045485,0.27477527981663774,-0.93927263765989522,-0.20558564576621746,0.053460393072134675,-0.1985606430830017,0.97862947911405085,-11.055298321844743,7.4892821373348708,-2.4597683649036868,,0.257218559984088,0.2037037037037037,0,2
-0.35767393438915357,0.92646533198827286,0.1171808230148725,-0.93242637289412278,-0.36122492032713127,0.0098800843199158064,0.051482189056937903,-0.10572864114570479,0.99306144757078785,-28.288240237185114,1.472726404498945,-1.9083450260794568,,0.2465461115268547,0.7857142857142857,0,2
-0.22899176439183624,-0.95011741852128517,-0.21175377886395105,0.97318151269927289,-0.22835001452475309,-0.027821110813570412,-0.02192065649267046,-0.21244566808714743,0.97692697932339678,9.1336233516639815,-2.1172311446939465,-1.8965322199119066,0.559242656451634,0.455231910095344,0.22,1,4
0.38159071731888233,-0.91282033427015541,-0.14542201277310943,0.92277141739070689,0.36706614999194814,0.11728321609179632,-0.053679006164487245,-0.17894546340438566,0.98239354915643806,21.612755666123075,4.2997845190488384,-2.8553660599071811,,0.3825228630952985,0.2903225806451613,0,3
-0.97919292936875801,-0.19860310206224693,0.041689506179397248,0.19298095852733291,-0.97485805082345411,-0.11140076476652662,0.062765888188578423,-0.10103756032262395,0.99290072750701008,-6.2952012458078652,9.3092440414811417,-2.6072093858174235,0.4180176771996071,0.3216516309310212,0.7916666666666666,1,5
0.81208962540232854,-0.58352929499719053,0.0020005484220124979,0.5773933443975835,0.8040368652352321,0.14192126404480956,-0.084423729835163996,-0.11409768281075916,0.98987592789093315,-5.2710099294364579,-11.435850859592865,-0.97298124072684711,,0.07694265646144666,0.2941176470588235,0,4
0.72941947858302592,-0.68363042237906879,0.024426826676479645,0.67945167372926041,0.72817728278764571,0.090018153160951742,-0.079326208343608859,-0.049064146072439738,0.99564052862466823,-0.60906539938291515,9.970905090507566,-2.6781160358651119,,0.1068135726311187,0.25,1,5
0.57678555215762639,-0.81680887443276018,0.011903338611876599,0.81421112614801128,0.57600942650406162,0.072618059979935243,-0.06617151108301228,-0.032193217086045417,0.99728878861373005,-9.4426712849725281,12.342303689945654,-2.8544989063311692,0.1762308512200179,0.1221138769356934,0.4647887323943662,1,5
0.94943352485669019,0.30541382839842462,0.07278993956047658,-0.31027771797665216,0.94815159020297479,0.068820779730916576,-0.047997079134060379,-0.087925851821793119,0.99497001209886249,-27.977418751777467,10.882484980096235,-2.8327834236275842,,0.1701567008384408,0.6,0,2
0.99679739531737821,0.04795272440366493,0.063996006990713533,-0.054857702998567771,0.99231527953982757,0.11090995633176856,-0.058185780996822839,-0.11406542953086196,0.99176786229224489,-2.7535146474328238,-4.1245765751963406,-1.4169537958880554,,0.08616889989673893,0.2526315789473684,0,4
-0.23674974605760796,-0.97154729814650875,-0.0067383385101586219,0.9710730216155915,-0.2368447428425349,0.030360409717586582,-0.031092514083366721,0.00064440055311512851,0.99951630317664331,-9.2072778378644387,-25.776723160673807,0.016206822356950503,,0.1360282403638223,0.1333333333333333,0,3
-0.82130020743033738,0.55465029784552988,0.13352533982263007,-0.56503236259597023,-0.82315581579073882,-0.05615097638598144,0.078768004253630772,-0.12156294677963303,0.98945341046264101,-39.507358906336655,16.451448060581903,-2.9422358473303318,,0.4140121702687523,0.631578947368421,0,1
0.97932454177262351,-0.19650897198692333,0.048038170349054866,0.18096360031952879,0.95713603198646613,0.22614772082114376,-0.090419119887532887,-0.21277885280696182,0.9729077770050556,12.46590644191917,3.9620662508102735,-2.400345099789738,,0.4820837136234019,0.559322033898305,0,4
-0.54367857089994776,-0.83804667588496318,0.045731614692179554,0.83929341100526966,-0.54289849940149204,0.029116826591303401,0.00042636525443078135,0.054212437556079518,0.99852933348344752,6.9606189793649387,-3.4231140577577923,-1.7366313252266643,,0.1720917666982112,0.7115384615384616,1,1
0.90406663951760946,-0.4259662933806998,0.034874463649563661,0.42016854280371785,0.90076216487215433,0.10993597215211529,-0.078242615942576588,-0.084736292332965923,0.99332666017384463,-0.60868764386458596,-4.2520405601683402,-1.4413767556125856,0.2431661944386789,0.194554845355111,0.689922480620155,1,5
-0.87590728898787418,0.47477077649163213,0.085901867776227506,-0.47868223904476487,-0.87742267042867328,-0.031508275752673426,0.0604130376740191,-0.068718026800458465,0.99580525087571636,-27.43878500967082,8.1028782918862454,-2.5570546398343925,,0.1235045886243603,0.36,0,2
-0.66382797522477055,0.70521726037020893,0.24900007025083254,-0.74235888340108014,-0.66172997895688213,-0.10496057919632197,0.090750799139644997,-0.25452318288451187,0.96279917004007343,4.696184404585952,-12.641180193568891,-1.2398545051190564,,0.3525588467922767,0.1851851851851852,0,3
0.94370411253447528,0.31052628842993973,0.11399987797995667,-0.32771726702634013,0.9245310039122866,0.19453487013316575,-0.044988230442035176,-0.22094308542895616,0.97424853714174431,14.789948925773073,-13.149747213558593,-1.6283912226991171,,0.3998380551170819,0.3636363636363636,1,4
-0.72361589306948382,0.68208517972516702,0.10554547312196744,-0.68612579681725494,-0.72747773470227295,-0.0027452603404149725,0.074909480302164183,-0.074403985859201674,0.99441068812092093,-9.7448979436323864,18.711070028953039,-3.2944458957522222,0.218322834008094,0.1904534229588495,0.8095238095238095,1,5
-0.46676045944946826,0.87448178444415725,0.13197076255702778,-0.88042060084054108,-0.47357738965580948,0.024166539313069463,0.083631567664976703,-0.10490979307077083,0.99095897806505906,-29.464736325706845,7.707497426906663,-2.5315419043667413,,0.1711790659362579,0.1875,0,4
0.72952370539605715,0.65973283796912596,0.18040993811430789,-0.68385335661855162,0.70814118839078133,0.17572889331589914,-0.011821586473301365,-0.25157233514377797,0.96776629941508052,1.0572631195649276,3.8154311475385114,-1.9319783844434599,,0.2615576142419088,0.1855670103092784,0,3
-0.6576806861751775,-0.73578426284344378,-0.16148570705816756,0.75324964265582017,-0.6399513185905501,-0.15191209850796811,0.008431540252284318,-0.22154870432061893,0.97511285538794323,-25.681184092821105,6.5587122448989019,-2.354369073927264,,0.4111058513563661,0.225,0,3
0.57263193897506348,-0.81980120113358534,0.0043189218088579614,0.81421064775188678,0.56932596222974607,0.11370562791096904,-0.095674884651683959,-0.061594962059455284,0.99350509666321396,-6.6724549141609995,-17.073460428244708,-0.55358516073578157,0.1748580266843095,0.1783949021679897,0.5,1,5
0.57888997305466738,-0.81347686422288523,0.056051676789079651,0.81197213405571056,0.58139047197772797,0.051830228733144461,-0.074750602765339333,0.015508399905082697,0.99708166010543098,-13.965567331811476,3.9876585872570423,-2.1196706173197621,0.2270431727414972,0.2185756223731861,0.8567335243553008,1,5
0.86120030113961732,-0.5079699972987799,0.017335603863478037,0.49790369109728821,0.85000409963902801,0.17200274703778287,-0.10210756930183969,-0.13949735639475377,0.98494392320078128,-18.970107592251729,12.10257569512034,-3.0197176619951374,,0.2203450127210111,0.4,0,2
0.73785998856349311,-0.67347978859122526,0.044582638282194921,0.66998083195761093,0.73882744210562867,0.072523758872819255,-0.081782162397861818,-0.023642866805309755,0.99636975704943853,2.5490454989002642,-6.0292963489539799,-1.4030509404984222,,0.09468097727763576,0.3095238095238095,0,5
0.99587430706975033,0.067834552581484006,0.060273028747654549,-0.082373027387031256,0.95442214678693493,0.28686765255377888,-0.038066374629600865,-0.29064899655545007,0.95607223154104326,20.093673025530016,5.2169083919359558,-2.8389572813756958,,0.454848491993474,0.7,0,3
-0.90452180246161729,-0.42496889839066992,0.035238392020724457,0.42439939726424042,-0.90519084166047481,-0.02268681942780915,0.041538662392225451,-0.0055655704668066694,0.99912139600353,-12.093248292630172,-10.207276100886991,-1.0453628103089383,,0.08433111033038648,0.3611111111111111,0,2
0.32539221419727565,-0.9452104598116009,-0.026402530229807902,0.94504561182784153,0.3241439756958045,0.042655299612808728,-0.031760014243305962,-0.038831297723091893,0.99874092326909558,-1.2604816628879452,-8.7967557797217228,-1.1867306284171142,0.5727914702416074,0.3936979157586241,0.4345238095238095,1,2
-0.99344007303748394,0.082013921349851429,0.07969026281861083,-0.089208863009439365,-0.99181329779788852,-0.091368271691220915,0.071544392120151193,-0.097877980241206836,0.99262344367844768,-19.521194826266512,9.9247726505262897,-2.796465966547951,,0.2386928514093797,0.5714285714285714,0,5
0.95943424175923309,-0.27945089627069303,0.037324687719938486,0.27164623083993961,0.95172681939420867,0.14291391295544689,-0.075460327393530605,-0.12697739097685518,0.9890310820041861,-12.907645579463201,-20.03730329710865,-0.1498816428117046,,0.1161548688757554,0.4705882352941176,0,1
-0.94610295772880837,-0.31672916614222985,0.067615299242462859,0.30455628075279384,-0.94109959548628663,-0.14689119520779059,0.11015745653756506,-0.11838153019113884,0.98683896765317225,8.5911207358768067,6.9353903913943284,-2.3866648676167888,,0.2298023566552369,0.3333333333333333,0,2
0.52450640965051176,-0.85137628950514788,0.0071721617366158445,0.84907679147042936,0.52367538999414387,0.069517538080419647,-0.062941468220963845,-0.030372678231070888,0.99755494685519031,14.46844735497417,-7.7131877542830685,-1.8895645830666945,,0.2570563533573131,0.6086956521739131,1,5
-0.86149243029852229,0.5001089292916242,0.087874065463768081,-0.50305765802998814,-0.86414222145149189,-0.013828007892127295,0.069020179916666452,-0.056118445698952905,0.99603560921113887,1.2996896083453988,8.2486230539107854,-2.4459074124182263,,0.1126734517483575,0.1764705882352941,0,5
-0.96005404351153689,0.24908566277950328,0.12748555265144468,-0.26985153356361713,-0.94468651355073463,-0.1864069230171532,0.074002590295966397,-0.21336289207135922,0.97416625527495759,1.91675178234999,-2.7582169244095867,-1.5318653425707645,,0.3940579117877919,0.1530612244897959,0,3
0.95852188364059421,-0.28082195510718977,0.048732208157057456,0.27553626490389072,0.95672303469240316,0.093599153905214866,-0.072907923471323091,-0.076289346692277896,0.99441659794895088,12.549185642696418,-5.797238131992696,-1.8829144648722356,,0.2753612644369152,0.7971014492753623,1,5
0.56996271883554761,-0.82158792411380177,0.011652557142718303,0.82074966276050509,0.56993790854823179,0.039252662052203943,-0.038890747178570453,-0.012808721639623518,0.99916137156810214,0.69099314857818717,-8.7231007471734792,-1.2606106883622181,0.1684527534924415,0.2141289187556971,0.282051282051282,1,6
0.80116281309796511,-0.59792181853652893,0.025052860653568453,0.59326234580978854,0.79902471244990614,0.097976006953814851,-0.078599847030537587,-0.063631814466642247,0.99487338703699413,-14.188686467867253,12.162657855749767,-2.9616385452322334,,0.07368644193307304,0.2702702702702703,0,4
0.99680927146057674,0.030635355391856498,0.073707199989204289,-0.045248545009018933,0.97758583870034699,0.20561735614268004,-0.065755954139535555,-0.20829643053243507,0.97585283292238567,-6.4702635118185183,16.614007389790647,-3.0504734207690385,,0.08413625951578191,0.3043478260869565,0,3
0.99154912193759748,-0.11809035051793673,0.053712269541786553,0.10325772402494611,0.9690318805749939,0.22431018001526085,-0.078537769346772049,-0.21686835533069704,0.97303645113746429,-17.701731413068355,2.8609311321183801,-2.1004494488567214,,0.199531156942284,0.2054794520547945,0,5
0.98163710563166684,-0.18154261680103298,0.058573638542588791,0.17754154810359887,0.98179309729828357,0.067537491768809729,-0.069768126992646284,-0.055898053476645046,0.99599589159466961,9.7906842274135428,3.9874821663091056,-2.2479118208230053,,0.09520113623074146,0.2647058823529412,0,5
0.89622100614703393,0.4213038270911309,0.13889202071812545,-0.44214560368990252,0.87375514459172265,0.20263072925198064,-0.035988515925076035,-0.24301241239464341,0.96935534977821525,18.968461059656704,-2.0191435762100012,-2.3511217924740615,,0.114425740352817,0.3571428571428572,0,4
0.033149525510518453,0.97931380767915066,0.19961356428707969,-0.99832219073077944,0.022957816757495177,0.053157710110838439,0.04747538786493638,-0.20104080366605648,0.97843174662741861,-1.3669170467096619,-16.454982128200193,-0.78086352620429211,,0.3387943532513234,0.6727272727272727,0,6
-0.27690061229747892,0.95486607644912114,0.10750268348250754,-0.95909709495005713,-0.28149380517634232,0.029899834543072351,0.058811677136780441,-0.094826228934838483,0.99375508699998849,-8.5451573186155585,2.2085787846835228,-1.893636373183724,,0.0715597685290114,0.3395061728395062,0,5
0.26450498279174106,0.9355705759533155,0.23397609170324071,-0.96198493962971343,0.23886000238444927,0.13240421136247529,0.067985954460895309,-0.26010305009992374,0.96318446484811981,4.537848629283233,3.2932020152817998,-1.9784625927161572,0.4068800851336966,0.577072428542013,0.5038759689922481,1,2
-0.96771682364796707,0.23641083452045977,0.087373145474050964,-0.24347386230802423,-0.96646827297978111,-0.081606100852163729,0.065150806606696365,-0.10024467389751955,0.99282746625668916,-23.316444599502145,8.0233440742838091,-2.5422514062672716,,0.2960440449262055,0.3666666666666666,0,4
0.80319711849211528,-0.5957080147803322,-0.0025199151648680942,0.59186761963410106,0.79752492923612839,0.1168191254699822,-0.067580394158555157,-0.095320241152568944,0.99315000979307755,24.1505494003374,-1.5342316583242972,-2.6587123900041818,,0.2211500050345861,0.6388888888888888,1,4
0.87663914221165906,-0.47808364516650309,0.05422031507392315,0.47490418921699495,0.87784690036291391,0.062055060932798278,-0.077264645256125655,-0.02865044061674904,0.99659887961301219,-13.595892006034608,7.9465536775398187,-2.5424765821431592,0.2207074279186624,0.2222711988905764,0.84,1,5
0.81844664827714597,-0.561351578811082,-0.12259481591898576,0.57166635278985223,0.77407291903461173,0.27204539530229715,-0.057815785144309302,-0.29273797325174628,0.95444319579774139,5.0424429677736979,-9.2744185244745641,-1.3986733337692463,,0.3681678353143779,0.25,0,2
0.9786008274360497,0.19066206208141395,0.077384744131790473,-0.19773470779829211,0.97541591112030557,0.097287130008389608,-0.056933345882739912,-0.11050691569403376,0.99224332485050692,-5.2437497498973702,12.869861684703668,-2.8028746042735166,,0.07605895712126021,0.24,0,4
0.80540539391216814,-0.59140979124305348,-0.039453900682098857,0.58508546200063016,0.78261016212321377,0.2125942997753861,-0.094853326840413643,-0.19430849946238918,0.97634371684565069,-10.570719804695592,-15.864547635653064,-0.55248638378501347,0.5519912689936083,0.2918459327722403,0.2105263157894737,1,3
-0.84037403400912558,-0.53375151097112083,-0.094238036372124204,0.54100776015503727,-0.81549629332639528,-0.20561225406803815,0.032895081931168031,-0.22377470837195829,0.97408561917204495,-9.7419857403018888,-12.832311603619289,-0.72400125339983878,,0.197209291363539,0.1666666666666667,0,1
0.080535365789797322,0.93599472745612311,0.34267758174622481,-0.99599563071177488,0.062180413282276324,0.064236281080858215,0.038816986747521515,-0.34647866655594017,0.93725438124420613,-8.1008139367337293,17.786517922560595,-3.2012898039345195,,0.4896889147837454,0.2857142857142857,0,2
-0.46455161962782354,-0.88180182330504542,-0.081347016645133788,0.88512513143054006,-0.46519948866843819,-0.011955645222816034,-0.02730008079175171,-0.077556303151461198,0.99661413065952609,-9.5614861507476778,-7.5202891809244248,-1.2271166399111126,0.3124591597084698,0.302326581888288,0.30625,1,2
-0.017050070493997368,0.99320043188839979,0.11516161336506803,-0.9987461591882798,-0.02233983554431649,0.044800014001249451,0.047068084758241098,-0.11425337563743398,0.99233601242353497,-7.8325523316746386,-20.175979732340021,-0.34379532819492492,,0.1036434302784703,0.3529411764705883,0,2
0.99565045441272748,0.06426065296667649,0.06745918105065328,-0.073994395323335974,0.98538308887761661,0.15344379301470815,-0.056612737864038427,-0.1577679835527572,0.98585204837096829,-4.2889639024574926,-17.417955985686646,-0.60849710899099441,0.3430974040765378,0.2782796408003136,0.8813559322033898,1,5
0.43061739312422948,0.88363352809567819,0.18374016644184407,-0.90248149203454175,0.41936653002850638,0.098279550400666757,0.0097886298326218171,-0.20814298334806688,0.97804942677196327,13.815203933762117,-5.9181994141987175,-1.9490646552533379,,0.2040613984343604,0.2352941176470588,0,2
-0.98862750074005801,0.1025231220286698,0.1100212444483406,-0.11528413585527791,-0.98645444861574372,-0.11669271111047116,0.096567244967270593,-0.12804932743167591,0.98705528565715461,6.7037507087005386,-6.5025168757831571,-1.5825103245191121,,0.2101497406755824,0.2,0,4
0.97510136976886186,-0.21529582249733281,0.053150987668027005,0.21004240340947355,0.97353713508933548,0.090042408741781196,-0.0711302147112024,-0.076636514908018885,0.99451864594782313,5.1992596073116122,-5.4720676992090391,-1.5411563725475361,,0.06893402731198253,0.1754385964912281,0,2
0.67894127667677118,-0.73402127095022396,0.015859275429078529,0.73008159936040717,0.67726482924064502,0.091067059626363495,-0.077586088313998311,-0.050250620555963972,0.99571847127281632,-23.318925061739833,3.2551668556418552,-2.1220628404206057,0.2190529433339738,0.1761895243924734,0.4,1,5
-0.8865238323812582,0.45656492131777637,0.074993114631539348,-0.45618181263558372,-0.88958501887161767,0.023165664672037598,0.077289381163002158,-0.013673581143089824,0.99691493355158622,-10.005544452095334,3.3054544709323936,-1.9489176093034448,0.4864076750145883,0.4135456879286384,0.9845013477088949,1,5
0.41583751974687205,-0.90896894682138429,-0.029233728554438013,0.90734554815374813,0.41248615146110784,0.081112459575457971,-0.061670198770117264,-0.060254697470231267,0.99627614546190291,-18.16497978834969,18.487110637645085,-3.3205125680140588,0.9089706582772621,0.2862609821703652,0.45,1,5
0.28107085486123456,0.8854056921723189,0.37021066275356079,-0.9594306888606704,0.25033086310811731,0.12971974501934627,0.022179445888344002,-0.39165191081418321,0.91984610285399593,-13.960422456537113,-9.544984703494185,-1.1480133511735713,,0.38486323942115,0.2222222222222222,0,1
0.86286992504462223,-0.50260681687970266,-0.053309286991473977,0.49920494488641681,0.83099763313591435,0.24543299844042371,-0.079056406789304326,-0.23838901264227844,0.9679466737362149,4.075893104273641,5.2961836133965043,-2.1056192622897392,,0.2422741808306406,0.3243243243243243,0,2
0.18038296290471859,0.978251452080944,0.10240157808960063,-0.98337963759877089,0.17717734387551962,0.039656994002665515,0.020651272353695765,-0.10785307282938908,0.99395233267568373,3.5580408738153677,13.371124363282707,-2.8541841168698645,0.6278634451522331,0.5248000367526303,0.6111111111111112,1,5
0.87361075756102302,0.46600897944365194,0.14014233961062772,-0.48032707057722612,0.87195565114429463,0.094758892502123521,-0.078039410199944453,-0.15009654731343527,0.98558656491463481,-30.499387360658243,10.287233562176931,-2.7281234638657845,,0.1506512074199114,0.25,0,2
0.7117079514227278,0.69112937106401207,0.12574571298588028,-0.70233088710628089,0.70370025673312986,0.10741170183100461,-0.014251908579876979,-0.16476086042015819,0.98623057241977663,15.503887041950229,-13.243251782096122,-1.6632656932772825,,0.1270092541814811,0.3125,0,2
-0.81996541445549442,-0.56799404975857881,-0.070989284653935392,0.57240506701821037,-0.81296826181753901,-0.10693476763544735,0.0030262763764700232,-0.12831743730381223,0.99172852985838555,8.3662102276668495,4.0603105774863604,-2.2133820457575011,0.7128272839973021,0.2398266169133859,0.34375,1,6
0.72060490924475817,-0.69236848692938624,0.03680275912845362,0.68799274522466447,0.72061644376993372,0.085894839697185948,-0.085991553600250487,-0.036576211879956827,0.99562424309270847,-8.1925533586962498,9.5276695359020547,-2.629382748666,,0.08690819772360667,0.3857142857142857,0,5
0.13732294992421765,-0.98631489995995547,-0.091243221891228882,0.98919669324605153,0.13178423736657507,0.064209164865977053,-0.051306037609493677,-0.099074885307485872,0.99375643776839029,1.0827161097299416,-15.773599916905633,-0.90649456181357491,,0.634713830511362,0.8181818181818182,0,1
0.57166622396414313,-0.81990666197836315,-0.030834948063481877,0.8172931301789097,0.56572679997070774,0.10947660552494545,-0.072316441705463433,-0.087785268914564785,0.99351098575740937,3.7624479088273168,-7.3329663618579231,-1.4290949221089764,,0.07213724627360356,0.2222222222222222,0,5
0.98236916947910613,-0.18094838690259499,0.046994639420690446,0.17218440822904846,0.97364015446809182,0.14959070549390452,-0.072824064839476427,-0.13886155293925137,0.98763056083515177,-10.257320626036501,13.941696336654401,-2.8646961438964724,,0.08907387001363561,0.25,0,2
0.39160800610163415,0.91212209548848944,0.12114640926907722,-0.91966389097127776,0.38380149287998022,0.083154925931477844,0.029351272556288752,-0.14397811286715345,0.98914549274337837,3.0052508395726996,-16.488377434504763,-0.95420447658129171,,0.1574282493034222,0.391304347826087,1,5
0.95992873273951984,-0.27933553471881128,0.022549658632794616,0.26990516137896831,0.94317074966006709,0.19385597965154588,-0.075419042171675041,-0.18000165562856138,0.9807708050553321,-13.178396044266522,-11.108603529747352,-0.91685289690119887,,0.2452496692021299,0.2222222222222222,0,1
-0.67790809292983678,-0.73186162312314562,-0.06942032944163791,0.73501697064007565,-0.67298606390976179,-0.082703147789740819,0.013808345712546296,-0.10709025344446645,0.99415341230912735,5.5559412899987022,4.3811431893717403,-2.0985366934813121,,0.1444115341915768,0.4,0,1
-0.10555189145436129,-0.99439831424773861,0.0055489486990423081,0.99388511782523947,-0.10531219883911097,0.03319206744365337,-0.032421763923624558,0.0090185030315122067,0.99943358750201783,-1.9705288113370332,-13.257198808758597,-0.97254745893703864,,0.09852598670607578,0.1,0,3
-0.46109189620270502,-0.88705207214087689,-0.023084292641721203,0.88701806456480525,-0.4614762316628665,0.015448001357654983,-0.024356033993647285,-0.013353236342364025,0.99961416290851135,10.581233333620176,-15.869634584831836,-1.3081765586181171,,0.2299992097194662,0.25,1,5
-0.45584442211858572,-0.88676585772133665,-0.076499518973080258,0.89004087190580439,-0.45470374713310396,-0.032737572913524707,-0.0057540560065630509,-0.083010938573505777,0.99653202402964314,-3.0144182786039391,-18.53347680390852,-0.62201098849397785,,0.1196704128342362,0.1666666666666667,0,3
-0.046774396975658966,-0.99887853304604579,0.007337029872100235,0.99801559682763619,-0.046421498097457541,0.042543072328715931,-0.042154765760730878,0.009312396800413807,0.99906769289647779,-5.2311614576945624,-5.2543780944314316,-1.3247222624609485,0.4063007035296304,0.3896765913761346,0.6581740976645435,1,5
-0.53344711566005498,0.8221993393624587,0.19855080243077622,-0.84281092600730212,-0.53651556141270584,-0.042670778815531801,0.071441709082879265,-0.1901033895382889,0.9791612653130084,-20.357337478244318,4.7964649435640947,-2.3819196405852643,,0.3616030684654337,0.3,0,1
0.98323172422322191,0.15756430947024208,0.091808849585403807,-0.17259776276868027,0.96657429860977528,0.18958939198770397,-0.058867552762756438,-0.20225630681930942,0.97756176151869667,-9.3860340819213626,-4.9591723941128736,-1.3795987954242017,,0.149345449181815,0.3051282051282052,0,3
0.57680797079526025,0.8040279861220273,0.14433143233409207,-0.81661761527279286,0.57202693500827995,0.076947099043497391,-0.020693845781550247,-0.1622472901394344,0.98653311226191454,3.4656769940248697,-13.077968354710942,-1.1624877077025193,0.2631003262130419,0.2539125761521604,0.3823529411764706,1,5
0.81129728912842003,-0.58460529562049535,0.0057755506533958391,0.57957843070750636,0.8055390046240406,0.12327106184313733,-0.07671734687475186,-0.096662093717152259,0.99235623055771438,-11.302060230690453,4.335123871671323,-2.0516282764377292,0.2412208279945271,0.1858149946293482,0.6640211640211641,1,5
-0.95731148651262599,0.27951303093127161,0.073669419236207817,-0.27898840164618666,-0.96013448583761019,0.01752828720253154,0.075631934643325141,-0.0037728828450367324,0.99712866562803493,0.93717724061996444,-10.365185452437306,-1.2138978889596457,,0.06372939110991999,0.2,0,1
-0.010778100065634282,0.96382001533213046,0.2663358980763687,-0.99892756763362056,-0.022372257796445874,0.040536362721232656,0.045028293111699716,-0.26561336586523665,0.96302751398554864,-7.860997145559101,19.468292008017475,-3.3126253175332585,,0.09048491222537088,0.3157894736842105,0,2
0.22225990064082657,0.96713288695316801,0.12350917188921896,-0.97462062617585554,0.21691179827769461,0.055352568147471491,0.0267426924544567,-0.13267724274180354,0.99079845461058269,-21.684649371003179,5.7809803027946947,-2.4332704910366898,,0.07153245862079764,0.2105263157894737,0,1
0.41178502851556825,0.83893490928241132,0.35583887966008498,-0.91120944691812533,0.3741700856783286,0.172319734304101,0.011420776575885689,-0.39520243543124089,0.91852305408825685,-9.6705968983661617,-10.387960861758399,-1.0196198618896624,,0.2848949685038599,0.1846153846153846,0,1
0.59300292222511342,0.8001163798508677,0.090339985204885592,-0.80518864322556372,0.58985413180779467,0.061182938878823409,-0.0043339419761957232,-0.10902239166160207,0.99402984616324874,-3.9885031435345666,-8.2425357892172819,-1.1707397568879492,0.3080439315603984,0.2723808043379146,0.6634920634920635,1,3
0.62552100644990327,-0.77972460188616122,0.027441131597758742,0.77512036411201457,0.6250679027433147,0.092078977508064222,-0.088948814656274605,-0.036327154768021917,0.99537352094462606,-5.4345072360818465,-15.543661686915927,-0.71367373817721513,,0.08670283804467335,0.12,0,4
-0.91400920335988733,-0.40457428882172264,0.030113468711219626,0.40235374735761448,-0.91348900633878027,-0.060409413881228523,0.051948418269561078,-0.043098493275123911,0.99771934015368513,2.4718845498470401,-21.29543510092898,-0.69923383978699338,0.3407344874657433,0.2675306608938646,0.5,1,5
0.23388434809936515,-0.9722529336829373,0.0047270137570157101,0.97045000302867113,0.2337420057268739,0.059928844310838829,-0.059370896370104384,-0.0094290881691763868,0.99819145907010753,-7.0772097891895118,-12.208661357928955,-0.84661787842843073,,0.1785961630312118,0.4782608695652174,1,4
-0.63526593583004798,-0.76547271120549665,-0.10241444807096128,0.7722690841593951,-0.62858186992195264,-0.092115658044826007,0.0061361572325818459,-0.13760945172889832,0.99046755947344867,-8.3552981522343419,-12.519358790034097,-0.78783646657336026,,0.1435252618552397,0.2631578947368421,0,3
-0.50128403847705238,-0.86501089069416448,0.021690360730648704,0.86527026015184771,-0.50098433818767307,0.017946302889846982,-0.0046572164317178685,0.027764219260550695,0.99960365068559098,16.680824537441957,2.0995922379383454,-2.4899411796388318,0.5027844916975769,0.4098306722298484,0.7894736842105263,1,5
0.90890764654559675,0.38407803986027894,0.16239134628430724,-0.41463275886438933,0.87382182985029155,0.25399819872115836,-0.044345973069141661,-0.29819367695203369,0.95347468015588999,-22.90022153511557,6.6258528838332076,-2.4360543600054547,0.3625909869674976,0.2524727317493239,0.48,1,4
-0.96537047271890886,-0.26076440645899146,-0.0078596899785000063,0.25993272990263022,-0.95884925118772146,-0.11420634580490995,0.022244692127215339,-0.11229442470948513,0.99342595891758811,13.068865465189731,-11.643171595804544,-1.6407682880765879,,0.3943282079039334,0.2692307692307692,0,3
0.99759920146525716,-0.017764506062709951,0.066934711176094522,-0.0023677206151464219,0.95722451291440747,0.28933652685905858,-0.069211466788154832,-0.2888003708448485,0.9548843483191608,-6.9463681121949188,13.672686929364831,-2.8317835790523871,,0.09095471487158939,0.25,0,3
0.27081356730208678,-0.96163088389959495,-0.043886841941526214,0.96082298002937838,0.26723009855588375,0.073534178946096901,-0.058984852399425643,-0.062081539577358048,0.9963265878371016,-18.277524133863075,20.704551133556347,-3.4800231694709751,,0.782293829389401,0.2647058823529412,0,1
-0.69001319364129532,0.70479680375118581,0.16475211083033761,-0.72030967372103516,-0.69097968076438854,-0.060836294386155808,0.070963135111377085,-0.16065038497574566,0.9844570520151239,-3.8873361493192826,10.555124953110878,-2.6902936015331562,,0.2609602142054564,0.2727272727272727,0,3
-0.78333458595872107,-0.62076921155186704,0.032132731445541095,0.62106886733931266,-0.78375555941642872,-0.00082771112321155138,0.025698024491026671,0.01930826437340618,0.99948326772595053,-12.19461291094361,-6.2128084622088604,-1.2858170248444174,,0.1218665570207019,0.4615384615384616,0,2
-0.99543417821080604,0.029588311812380461,0.09074871158243282,-0.035173530392770651,-0.99754359549113603,-0.06057720573225063,0.088733418786199503,-0.063492573571339236,0.99402971459197464,7.4178630516907242,-10.388538362710756,-1.4613393098789453,0.5370249788762086,0.4157554361059124,0.8160919540229885,1,5
0.57519576808579809,-0.80585340268405614,-0.14053512642295315,0.81471119228812128,0.54892770305109106,0.18687977414241538,-0.073454077740146992,-0.22198799563395324,0.97227867829021275,-5.4134019031786629,5.244328008005354,-2.0588765719056137,,0.6802068533119904,0.2923280423280423,0,4
-0.69993860688333032,-0.70803102739558155,-0.093691039269400964,0.71379444661665659,-0.68905633609452965,-0.12529506641206881,0.02415439035547266,-0.15457499776205924,0.98768574733738845,-0.35822073332379217,-21.435302773700371,-0.58674221323277764,,0.5757378055995773,0.59375,0,3
-0.88932956090704984,-0.45535287123627888,0.041793477406783845,0.45413993751189963,-0.89022163653844189,-0.035529635454184645,0.05338397937174074,-0.012617467879735769,0.99849434162179518,7.7083563887372364,-14.242021161629335,-1.2478649288581218,,0.1827126307197025,0.6923076923076923,1,5
0.91741762187071185,0.36558479792483151,0.15713899136543663,-0.39153970011414879,0.89979237853637106,0.19253659071039414,-0.071004016193517122,-0.23816261472808736,0.96862634624000943,-10.529199727188949,-11.295051604368856,-0.89624634698888794,,0.189815390436404,0.24,0,2
0.99882058139865582,-0.043136719696246204,0.022286085082351227,0.035028398296741085,0.95804393236641872,0.28447290726649738,-0.033622276651279495,-0.28335674876334921,0.95842500773041628,-4.6111501317309003,-15.833184900768533,-0.70955262341303926,,0.3916502170952948,0.2352941176470588,0,2
-0.96638826638058184,0.23300008582839085,0.10864933780698961,-0.24595616658730513,-0.96093313736141062,-0.12693726654704562,0.074828355050827244,-0.14939365958674547,0.98594231664721044,7.964493327318527,-7.9792013672437641,-1.576152798726963,,0.2542308230887749,0.2121212121212121,0,1
0.94241387135989696,-0.32876038546671893,0.061422341344385019,0.3085485533524509,0.92550734438817284,0.21962227962495637,-0.1290499333303258,-0.18802330821291044,0.97364950073222534,1.8374386682330925,-9.5651768157506893,-1.283936558950703,0.5497850187055771,0.2078994178274387,0.2131147540983606,1,4
0.84869794010543742,-0.52878876283845488,0.0097082828844184937,0.52354515854288686,0.84259906191316936,0.12620335902562624,-0.074915108136416927,-0.10202580633753384,0.99195688485643629,0.50769463444770446,12.36825537574512,-2.8043516234550694,,0.0863946295046164,0.4285714285714285,0,4
-0.99097781588683231,0.097887825949751345,0.091547484678690588,-0.11330877068807084,-0.97671498604932461,-0.18217837004383,0.071582755642138174,-0.19090785619638515,0.97899443284279142,2.1931913154830913,6.6666891507156576,-2.1530951449371774,,0.3229220391365872,0.1875,0,2
-0.46123479893287272,-0.87245760676724171,-0.16149360559269327,0.88724965507798392,-0.45497397235736708,-0.07607058591437274,-0.0071070259145859915,-0.17837154725833862,0.98393753933433947,4.8205694543402213,8.7163546682216868,-2.446044002534804,,0.2998826052118391,0.1818181818181818,0,1
-0.99738213451717894,0.02946738179635176,0.06603446945364147,-0.03017613564148083,-0.99949693259950334,-0.0097612787037023672,0.065713610338367631,-0.011728390096362043,0.99776959578955138,21.147697684071886,-11.749093374728348,-2.0327983919654646,,0.3120923140962724,0.7941176470588235,1,2
0.75570089715193123,0.59987245945923684,0.26281017184670091,-0.65453308949707711,0.70551660317502896,0.27172183827911284,-0.022418492303853624,-0.37735839069337634,0.9257959041690168,5.6995011391265473,-4.21405215248239,-1.6077630677400447,0.7387514065234164,0.2718601460242727,0.2300884955752212,1,1
0.1353855049422851,-0.99053824091899223,-0.022466827293371881,0.98946979961013604,0.1339984136722677,0.05471691505186612,-0.051188677566428788,-0.029638124273029223,0.99824911764477708,-13.993186948494053,-6.0381596798936394,-1.3144187991761571,,0.1920351493829685,0.4666666666666667,0,1
0.74941198155177824,-0.66194419363074342,0.014545323137786529,0.65740410048231346,0.74652566518421237,0.10256354074577695,-0.078749797305632599,-0.067300191231638107,0.9946201052082686,7.35627064234244,-15.029806022546103,-1.1919283017361293,,0.07206915593577624,0.3125,0,3
-0.96143805908876612,0.2526961001339082,0.10854280037266242,-0.26451522514876397,-0.95768884607879623,-0.11341856003654252,0.075289801435018372,-0.13775614350502829,0.98760047120609329,3.1915937057895021,-19.944712423252749,-0.79710182215755787,,0.2060817819812814,0.3529411764705883,0,1
-0.72524132760973126,0.66644049643574532,0.17286434403124443,-0.68308742941654654,-0.72790204797115832,-0.059583322603641332,0.086119570946271748,-0.16129374839054392,0.98314177320982488,2.3325322943697619,10.326317855760303,-2.7108720527162182,,0.1382783927892385,0.2,0,2
0.86842108574738075,0.48211168295925394,0.11581512415714237,-0.49487223920311074,0.85726346458035707,0.14212958580739163,-0.030761740773852842,-0.18074201904891207,0.98304935677446192,4.5350551517258788,-20.084171962905199,-0.85668887447194197,,0.2363918724198628,0.4074074074074074,0,4
-0.095486921559796781,-0.96937227768345291,-0.22627336358888175,0.99474977936700648,-0.10132988036737924,0.014322422770733513,-0.036812012445997196,-0.22371777444701552,0.97395853768841145,5.9348039873298992,-15.758724227538957,-1.1033963830279057,,0.3217252317525182,0.2857142857142857,0,2
0.77928673336680276,-0.61669222677434998,-0.11136823889508263,0.62174554378398705,0.73862895621414215,0.26049902845646467,-0.078387919880889764,-0.2722461431831521,0.95902939034142554,15.668725842347342,-10.899705600701214,-1.787550060379683,,0.3731500067726446,0.1739130434782609,0,1
-0.9880295040232967,-0.15157785039624089,0.028668003919591272,0.14223508611623828,-0.96705810583952467,-0.21111087183652591,0.059723357716936862,-0.20450617398828469,0.97704162927875748,-8.0814469880990494,-16.750850627526496,-0.53376826858213178,,0.2468963944758965,0.1739130434782609,0,1
0.46091071477988771,-0.88650289686448891,-0.040913651168822819,0.86804380286295058,0.44076651658801957,0.22852753480946697,-0.18455695411531328,-0.14084563076551018,0.97267735605489736,14.415280587556573,10.633839198187262,-3.0057328185975987,,0.3424170105956604,0.3703703703703703,0,2
-0.84122415676011097,-0.54047287559793711,-0.015198316556022162,0.53833229349888601,-0.83461012694207093,-0.11672308161614818,0.050400990659604843,-0.10637202051591135,0.99304820295486829,-18.283868020229775,12.7277401293239,-3.0562876851749672,,0.2690435114050261,0.2777777777777778,0,2
-0.6761344890347849,0.67128781670321547,0.30366893137675716,-0.73282157214255639,-0.65538331961574903,-0.18288041932354249,0.076254154904396756,-0.34618690257615559,0.93506145912690941,4.364787307466135,-2.5695783487731396,-1.5944430168272605,,0.4985129224470246,0.3106796116504854,0,1
0.13528360264737224,0.96555271651148789,0.22227527638501318,-0.99025346009639759,0.12426449929624286,0.062900071397152493,0.033112408880369468,-0.22861820979952602,0.97295286757694432,-24.365655217256183,4.4070551632668957,-2.2389641037777599,,0.1415312661414083,0.2758620689655172,0,2
-0.86040741683733879,-0.50931268874095326,-0.017310752114146507,0.50922975484923927,-0.8579682333405847,-0.067642940168349805,0.019599332322314575,-0.067015637472875256,0.99755940700623058,10.948234557356587,-20.250560654291448,-1.1211628929649633,,0.3189786804355139,0.16,0,3
0.72709383388812476,-0.6855327676317009,0.037140021877864388,0.68215119486326137,0.72749569746639386,0.073619002400943934,-0.077487444586158,-0.028192812401488507,0.99659463236583878,1.6546268737247005,12.377456275874843,-2.799692373205771,,0.303379527045775,0.125,0,1
0.39554735631789195,0.89176671076666969,0.2197599200908151,-0.91819927801809098,0.37841352596581357,0.11710375405245384,0.021269103342255059,-0.24810348029504856,0.9685000197772331,1.831411425004795,11.581989498694703,-2.7703596327533391,,0.4910362355002852,0.3,0,2
0.26688210967363407,-0.96008125758269647,-0.083773016983857349,0.96228646917185756,0.2607192860329175,0.077654395492109354,-0.052713288504033687,-0.10133820961963504,0.99345451656639872,-12.358726147433577,26.583152295688073,-3.8345088615356775,,0.3904799104176577,0.926829268292683,1,3
0.14236068159926232,0.92535753717977165,0.35135006008136654,-0.98927497766521644,0.12129525223406534,0.081378623427528884,0.03268722839395484,-0.35916693913841918,0.93270073170865464,-16.526468688104984,9.0468007984721268,-2.7049149086729454,,0.7345411955889066,0.2307692307692308,0,1
-0.84443753742102901,0.52662845850450624,0.097916863141522426,-0.53276932423756673,-0.84468380279789557,-0.051634488884198845,0.055516597029668525,-0.09576920164673762,0.99385419829580224,0.70818928354737509,-12.144711820739762,-1.144472981675581,,0.1912445870551474,0.2222222222222222,1,5
-0.10115205768748038,0.92165495174803747,0.37459366137711247,-0.99365921778696287,-0.11217188363130201,0.0076699041458635105,0.049087881728484779,-0.37144261796531614,0.9271573552674226,-19.534950150943395,17.887598081987512,-3.2856523153546284,,0.2808131715963441,0.2,0,1
0.15571856265029552,0.9573324634539051,0.24344667519480342,-0.98713707445728283,0.14177629657337826,0.073890987013677287,0.036223272602622855,-0.251821437028732,0.96709556837715938,-1.3223445508127667,-12.550280197717239,-1.0449752929058351,,0.1460204730255761,0.2105263157894737,0,3
0.85144681273558942,0.50363007265293536,0.14627055411805975,-0.52437679468727472,0.81319667855665778,0.25246809536636378,0.0082037964324619805,-0.2916640394426751,0.95648564329009977,2.9164094096925637,-14.572617837784692,-1.0463769675026953,,0.4382272295712884,0.1666666666666667,0,3
0.99730690357500706,0.028257288919907468,0.067679137882579302,-0.035291195988834879,0.99383528167847612,0.10509978295288215,-0.064292080128970419,-0.10720521682251365,0.99215602095574107,7.2036787450874264,11.064800662555166,-2.8453843575860271,,0.1070726111251948,0.1875,0,3
-0.5869652852756424,-0.80892730582231698,0.033292157880360308,0.80959917906523371,-0.58669177938659356,0.018491221081698379,0.004574181695464888,0.037807008546563922,0.99927459037372524,9.3991612268112981,-16.62541283711284,-1.2266483938190982,,0.09000543062049531,0.3888888888888889,0,1
0.043929453794486394,0.97948126867483087,0.19668921527237318,-0.99811780049014631,0.034597350909481198,0.050634767252936322,0.042790880267072083,-0.1985433645962264,0.97915753223920987,7.2610267001587205,19.89143704398424,-3.4129316511025669,,0.2121774741749555,0.12,0,3
0.94134658795719273,0.32657801744811299,0.084931736477082062,-0.33388514947835862,0.93788502909347438,0.09429941230012262,-0.04886008902127114,-0.117125875544196,0.99191442220528292,26.12072129024342,-2.4426056360954664,-2.7507671904027382,,0.1727654242523014,0.8709677419354839,0,2
