axis_00,axis_01,axis_02,axis_10,axis_11,axis_12,axis_20,axis_21,axis_22,location_x,location_y,location_z,dbh,dbh_approximation,score,reconstructed,number_clusters
0.99239611232333236,0.10151995356898787,0.06959637399238093,-0.10621404051210832,0.99205409291366808,0.067433332494636566,-0.062197538887234206,-0.074312689095406545,0.99529346948313768,-1.2279796379160173,2.3151295898311188,-0.91346984995132219,,0.09648241109904654,0.1414634146341463,0,5
0.99123472169916138,-0.12112584574859564,0.052747094608838974,0.11344651458384222,0.98500245831799504,0.13000017475482459,-0.067702398973481598,-0.12287671300614397,0.99010994267002594,-12.568186343401683,-7.2312781402149682,-0.217971732726293,,0.4538982334887301,0.6481481481481481,0,3
0.55646553620427852,0.81821288949569193,0.14447759161889126,-0.83028671773369089,0.55412129891698325,0.059779197398170537,-0.031146000897366993,-0.15322288846535231,0.98770070015082778,-6.5746272827346353,13.857673849642168,0.090493925697320274,0.3633213578742972,0.1594905316682558,0.2222222222222222,1,5
-0.45723328804618146,-0.88762573002298872,-0.055301751361373198,0.88931073117785187,-0.45576996368607287,-0.037418760181379421,0.0080089771128027658,-0.066289543690942199,0.99776828606789014,-9.4538958187983013,5.7722041387096974,-0.15122526554987517,0.6045622068567098,0.2766572753085142,0.1571428571428571,1,5
-0.10564973519402056,-0.99295507440919928,0.053650290385551865,0.99406191119712572,-0.10687346112847319,-0.020469001283340171,0.02605859091643261,0.05116916563167153,0.99834997186758523,3.8206000345941722,-6.1113487961923099,-1.5895173316442293,0.1813527288286083,0.1502767354980644,0.6595744680851063,1,5
-0.29133665938587694,-0.9552610076591056,0.050983900831430333,0.95576666251820086,-0.29291430539082647,-0.026670142786092022,0.040410861370407634,0.04095872243517068,0.99834330034301433,-4.3168311800272035,-3.2314354551401232,-0.9163790723361287,,0.07708207156191887,0.4085603112840467,0,4
-0.56042167869049153,0.81213116386948769,0.16239000808461937,-0.82806129499706971,-0.55312956529604185,-0.091444932736524709,0.015557434926985411,-0.18571660310107679,0.98248018277779536,-21.811968211091084,3.1894017690738039,0.92723810370591109,0.5368155865891944,0.5286163392251462,0.2903225806451613,1,3
-0.297958703334402,0.94823325645453138,0.10988313092060929,-0.9545754998125735,-0.29627792904225175,-0.031701796794642897,0.002495248455792679,-0.11433757088581364,0.99343882228302038,3.7421633002678538,-3.4023137978574574,-1.5083207490694814,0.3623982736558967,0.2678758754310404,0.7863247863247863,1,5
-0.025350446576842493,-0.99892228638088398,-0.038879565711821183,0.99939719240364344,-0.024401345191248942,-0.024694658705289724,0.023719331231463633,-0.039482149440508908,0.9989387134361587,5.3962686697958873,6.1702800207935837,-1.1997710198225342,,0.07624247615605814,0.2888888888888889,0,5
-0.90103573649350777,0.40650581828984123,0.15128655346100733,-0.43050493918973765,-0.8806950715699452,-0.19758969670924412,0.052915960681479288,-0.24316498639589848,0.96854049502137007,16.669250429738099,-1.6976314380973554,-2.407771466143442,,0.447857800410056,0.2142857142857143,0,3
0.90231155327701784,-0.42907373403056026,0.041588358802540235,0.42811641889179564,0.90322056769209824,0.030148598196761595,-0.050499432651084544,-0.0093987692299140578,0.99867986383970064,1.3071103594616567,-3.5878787237907304,-1.3389452867606617,,0.0953706564886227,0.4054054054054054,0,5
0.98274475237207293,0.14960077139954142,0.10877665595988936,-0.17107870470916584,0.9587361310088176,0.22706190321865563,-0.07031947440210265,-0.2417532632559618,0.96778640785294501,-28.15969273447481,2.2120088087558116,1.401348024998877,,0.5926737801576005,0.3793103448275862,0,1
0.81874686429689569,-0.57314937243628694,-0.033961287959864757,0.57169672754591383,0.80834710782124863,0.14049129862848345,-0.053069990741432954,-0.13444236740296858,0.98949928040893076,-2.3907427797518817,-20.698278865139738,-1.4001552426236541,,0.2195171988856776,0.5454545454545454,0,5
-0.99815964393192946,-0.049362554733152764,0.035223052336532119,0.045301728005525059,-0.99311711199182384,-0.10800997782026686,0.040312264453873148,-0.10621553586569911,0.99352563191664356,9.8546327452082743,11.71424706950925,-1.2476738853212461,,0.2205844200930624,0.4,0,4
0.075208373241751975,0.97108796704364797,0.22656535670169126,-0.99659365879343709,0.06548985075970748,0.050121439526235434,0.033834595417119459,-0.2295631497224816,0.9727054952257923,-2.4923029822823093,4.3558610096960946,-0.70213342541392565,0.5498133975481082,0.3125384688475933,0.7236842105263158,1,5
0.081038023044919749,-0.99671079152777464,0.00066096372723560483,0.99670955377931125,0.081039020618547661,0.0016560622673846342,-0.0017041789864637915,0.00052458484944917141,0.99999841029109582,-6.0983306010421545,3.6591748372090556,-0.49670564639781967,0.2875545109485929,0.1202324621013411,0.2319587628865979,1,5
0.60816422273744142,-0.7935805361040984,0.019136637606828991,0.79336862486355764,0.60845340116760172,0.018726550394682191,-0.02650477814037925,0.0037935898973067276,0.99964148844044109,-5.7686990477038789,-19.916056038773725,-1.0859141492994366,0.1693840713127585,0.1656477194023516,0.5384615384615384,1,5
-0.3932122531281031,-0.910009623431424,-0.13140247049474008,0.91918316273323764,-0.38563578365862944,-0.079920934114408676,0.022055324473821612,-0.15220882899554528,0.9881022391626092,0.44338939942131456,0.79736346550386472,-1.1135960258820656,,0.2364753139939826,0.2125984251968504,0,5
0.65432905758312954,0.75025471297447377,0.094717211012384103,-0.75401993023520686,0.65682163936380655,0.0062672858189037443,-0.057510253089931081,-0.075519532063118636,0.9954844906207736,-0.52354211514466364,12.786263508971851,-0.42891192752506468,0.4225014292694822,0.4681424428244223,0.9033816425120773,1,5
0.87209762397953305,0.48340736520633848,0.075914777965290822,-0.48446012042439074,0.87479845520213195,-0.0051043603271184396,-0.068877615867845313,-0.032326181961840297,0.99710124460464533,1.9285339694630692,-6.0937466222273509,-1.4465223038359794,,0.06369438233313578,0.234375,0,1
0.47085432805957167,-0.85216980923935592,-0.22826041699893826,0.88208471856584958,0.45037845270368598,0.13815136124135668,-0.014924845733724343,-0.26639419205604614,0.96374861007351476,16.825874229110457,4.3912368365407106,-2.0780018415692325,,0.3843094046364444,0.2173913043478261,0,1
-0.30662118922627241,0.94059077733132779,0.1458507316290108,-0.95182267352721928,-0.30366186390933969,-0.042697430444988652,0.0041284957267041155,-0.1519159702149743,0.98838479020909698,-4.883988490691646,2.2668039261376092,-0.64142869156231586,0.6873206462366523,0.5177556207170925,0.4046345811051694,1,3
-0.81360242021595941,-0.58107057650796001,0.020201161734953926,0.57714524854114369,-0.81133695850967469,-0.0929284770275106,0.070387952840781795,-0.063947829306225903,0.99546783535275862,-2.6234848800788795,-9.7146992134586156,-1.1570992330299319,,0.07044231291788465,0.2641509433962264,0,6
-0.49871543296318743,-0.86607633397064943,0.034564442137856755,0.8655352357235091,-0.49973543730210784,-0.033365377646914711,0.046170040560851375,0.013276913814280112,0.99884535885900694,9.2656311520580612,-4.793529648856607,-1.9837908949964285,0.2293354243776929,0.2163941139934338,0.4315789473684211,1,6
-0.55420051146714089,0.82117513903466532,0.1361366376878699,-0.83234087586365002,-0.54835968026539195,-0.080686600038482423,0.0083940131100906264,-0.15802864326012553,0.98739884973260572,21.756475532436308,-3.141414603824737,-2.7086372550938584,0.3796494921812549,0.3973492149780221,0.8607594936708861,1,6
0.57939411218956682,-0.81424556012611904,0.036147345337748028,0.81481680654657973,0.57971534771864097,-0.0019202574538303688,-0.01939160976549794,0.030566050355877679,0.99934462626080345,11.845182500429768,-4.6418161670873577,-2.1524876792094867,,0.08636198708686019,0.2580645161290323,0,5
0.97855040336942234,-0.20478352802079949,0.022423530428903882,0.20095130067673109,0.97282916585786983,0.11498690713560263,-0.04536168892216786,-0.10801444675429375,0.99311388897270647,4.475756831050318,-4.1831954384078394,-1.5816264300137282,0.4073978076486552,0.1534071619693372,0.3,1,4
0.9936110220316906,-0.094737196505518123,0.061335148939366424,0.09110722794169801,0.99406192962396422,0.059500866288316884,-0.066607881770244695,-0.053532641169248656,0.99634213321304732,11.933593504931103,-18.783925076720454,-2.4740269112411175,,0.124514341684499,0.3125,0,4
-0.69433267065288573,0.71180319658536972,0.1060110927916649,-0.71887118999819744,-0.69288047978905576,-0.056043312873754351,0.033561207585678501,-0.11512102352802246,0.99278436494903277,-7.2526408476761839,-5.8959456165545401,-0.70778958115427226,0.309081241954112,0.2654622347742793,0.8132678132678133,1,5
-0.96469580508426156,0.23805206630025066,0.11266417968018434,-0.25681528876786164,-0.94510110378742485,-0.20206387869896647,0.058377316724114815,-0.22386405997830888,0.97287048035291979,5.0817628693650443,-28.313505184244026,-2.1090657483163029,,0.3327600941643956,0.3529411764705883,0,5
0.48251339265402249,0.8282268430522679,0.28499319703666448,-0.87476477268462638,0.47214913503272249,0.10891183020161704,-0.044355590172141413,-0.30185342591318387,0.95232194707722428,9.4362420630487698,-3.0194992078933871,-1.9669159962490121,0.3808994331736799,0.2329559191669419,0.4285714285714285,1,5
-0.81056272554649134,-0.58375810825596164,-0.047058888640350065,0.58185505399409543,-0.79356904435328846,-0.17802490832952861,0.066579006422236145,-0.17168180710147987,0.98290009309908954,7.5274119035711236,1.9270302448072156,-1.5912940159522422,,0.7440471288299297,0.4186046511627907,0,1
0.89281998020128572,0.44297183341096263,0.081537952868012631,-0.44676218614300034,0.89395449508044211,0.035339917348506916,-0.057236631505557106,-0.067980258384347278,0.99604349929302527,4.780324308587713,-26.292008268397694,-2.0801549209069856,,0.1989371471964431,0.3846153846153846,0,4
0.96358902771188149,-0.26514003221938248,0.034596950558920168,0.26307524065914673,0.96322315779867484,0.05470435112933817,-0.047828897388540827,-0.04361091142196781,0.99790304387728113,-11.575440959239048,6.6831930974085472,0.10827270399557221,,0.09441643568318168,0.1333333333333333,0,2
-0.19427905126637643,0.97715432696438909,0.086168854778332776,-0.98094416399960438,-0.19334415540245331,-0.019146401406790244,-0.002048744531328734,-0.088246579913811365,0.99609655344216597,1.0305557386525677,11.375936198488555,-0.61975389616040888,,0.06997280508468386,0.25,0,4
-0.34079925813704809,0.93286876279317987,0.11666934926517215,-0.94011281256702861,-0.33902973394961206,-0.035309193496386559,0.0066155347892465919,-0.12171569702703208,0.9925429581618499,4.8387692952002244,3.4300659849400219,-1.2984432681989253,,0.06653645869664085,0.2602739726027397,0,5
0.97204081815875654,-0.23035564027770869,0.045529406162401136,0.22651981822338471,0.97099115084566445,0.076583006806052442,-0.061849978054149934,-0.064128495785087156,0.99602315045537093,-11.499024137383046,-8.2089118475295511,-0.33234830042277208,,0.07332647889495279,0.15625,0,1
0.99261971214309985,-0.10219608304387201,0.065284513289443999,0.097208284030464193,0.99239710645351265,0.075488625756122502,-0.072502803951310604,-0.068585302457489658,0.9950072360068607,5.4200257363627644,14.216128715704421,-0.79875898672046963,,0.148542336819876,0.1904761904761905,0,5
0.44210913719454997,0.89245348480543041,0.089812517322109348,-0.89586412798399573,0.44430016470840322,-0.0049827534115739584,-0.044350591885174817,-0.078256891701174863,0.99594622540612376,14.608190987802828,-6.0551674575512022,-2.3657962513606359,,0.0911029071552653,0.2058823529411765,0,5
-0.43993595220919773,0.89294121996428566,0.095458554579881588,-0.89789416216206308,-0.43922068050052843,-0.029517238623213662,0.015570212235983098,-0.098697373365993948,0.99499567686577473,2.7980096044803475,0.61945998817719317,-1.2799660465045128,0.4548304018188758,0.4319863243716227,0.9657190635451505,1,5
0.72869559648780946,-0.68483183428916228,0.002843660214656461,0.68417868259607073,0.72817018240564724,0.04083767545332382,-0.030037608766011324,-0.027812662574220885,0.99916174759653031,-13.879532391862504,8.2696962890428178,0.43243258000723966,,0.1687311602016041,0.6,0,4
0.99732476980785612,0.023854500857320833,0.069096065854400812,-0.024121950458973387,0.99970440491296708,0.0030387997080896338,-0.069003152346559085,-0.0046974020968125214,0.99760538259362819,-3.9696507976946522,-8.3083118921103978,-1.0005206685824579,,0.06986709536551321,0.2837837837837838,0,5
-0.89831073114227056,-0.43686012516314687,-0.046808774359927321,0.4341353897705067,-0.86619309602609185,-0.24745905468489821,0.067559556418386443,-0.24261646984319288,0.96776699411448097,-11.736978438156259,2.0526830180083655,-0.12603778997512455,0.7680304597514646,0.2547121388652098,0.360655737704918,1,3
0.67694529231528244,-0.73544954379297922,-0.029309379844616665,0.7359315089490065,0.67565243314314061,0.043572970105251116,-0.012242767179680264,-0.05106621312035263,0.99862022637704073,2.4291882587092295,-21.879102528902461,-1.8585787133685348,0.4618574405508543,0.3793945717074313,0.4285714285714285,1,5
-0.97198819081085552,-0.22608934881683362,0.064207190219024435,0.22424714199937809,-0.97391527302713288,-0.034673624984963715,0.070371700486435707,-0.019304075115562275,0.99733403454137792,-9.5744004082087244,-2.7914763989303162,-0.45025394586433892,,0.06344448112062651,0.2,0,3
-0.99625859605746037,-0.066218620356628843,0.055532910059569472,0.058959380338613247,-0.99059444369906768,-0.12347647380218991,0.063187033889131966,-0.11974031247078322,0.99079243856505816,21.342831078719964,2.5507844701895812,-2.464516053702924,0.4823905499071131,0.4453146898940822,0.2105263157894737,1,5
0.14416701938206469,0.98486884646151818,0.096172895308652986,-0.98926785334487188,0.14577762986127182,-0.0098993419204636418,-0.023769410192926839,-0.093713595073435116,0.99531541595490836,-8.8396009643682021,-15.033892481905378,-0.70452228127879624,,0.08579949578916121,0.4545454545454545,1,5
0.94767104692149451,0.3019069149043786,0.10378728997154822,-0.31159619711106334,0.94546486541044661,0.094889399936602545,-0.069479470152277456,-0.1222636618432702,0.99006272539674633,5.0774099576109215,2.62102335001356,-1.3444696979545943,,0.07163131591945499,0.2666666666666667,0,4
-0.83635405999872758,-0.54669643477989294,0.040433828938137469,0.54369788060810331,-0.83666447273789557,-0.066220651465198246,0.070032142234126835,-0.033400123610143301,0.99698542155686831,-6.1548669443498616,-14.020113428286558,-0.9104605122929379,,0.08140365856557517,0.2790697674418605,0,5
0.30164359789179113,-0.95243128589805481,0.043425631756776072,0.95342006976598959,0.30127564475528862,-0.014938421760767333,0.0011447350404666567,0.045908948145920433,0.99894497248938829,-9.3238883517050795,-1.7524931434106801,-0.50625953963039239,0.7156527527783259,0.6826801246976707,0.9858803986710963,1,5
-0.32461593097301161,0.9404197256125546,0.10116934830932375,-0.94583418789390616,-0.32328231244558425,-0.029769707269496511,0.0047102409281049671,-0.10535314963798656,0.99442371627579174,-3.4315068433525626,-1.2165619428159422,-0.91860338226080585,0.4089571291980846,0.3744492392173973,0.9437406855439643,1,5
0.58575350223545686,0.80376790966483269,0.10416324693441953,-0.80904042490943939,0.5875385669136447,0.015875240200179653,-0.048439916197795432,-0.093571255105854012,0.99443350443187772,27.628119239051685,-12.529027195869276,-3.2385564705137595,0.6873689298508423,0.7344915897138653,0.8627450980392157,1,5
0.46489254206147251,-0.88490604550030172,-0.028569476240240511,0.8848940361733455,0.46334744038934023,0.047662293581972014,-0.028939058043917738,-0.047438803965388091,0.99845485165723247,-12.710242094908137,8.5044229467328751,0.29782964699891812,,0.1599791264634657,0.4666666666666667,0,3
0.68108016110753544,-0.73059771712807864,0.048546780253426312,0.73112226827232496,0.68218375770086448,0.0092493008092417797,-0.039875343033823403,0.029194116810912687,0.99877808374111177,-7.9607033402465941,13.534206403463163,0.16836499066409821,,0.08881223180915776,0.375,0,5
0.88319799145123212,0.45882760360928726,0.097152138744689809,-0.46531010203183798,0.88317722278329147,0.059029671385773919,-0.058718113420213811,-0.097340758795844751,0.99351746830814192,-14.583927361927989,6.9726803790258014,0.4329955780054644,0.3632879424518837,0.1671433435985026,0.3478260869565217,1,4
-0.76951211044839241,-0.63653468112612765,0.051717613990995441,0.63522650648817736,-0.77124672444504228,-0.040813912917289641,0.065866511430984778,0.0014455989947636766,0.99782739635442963,-8.7639303081601199,3.3184983771120287,-0.323283285606489,,0.07198798240217988,0.1686746987951807,0,5
-0.28024272686671076,-0.94935526654761004,-0.14208656487024776,0.95918563080245645,-0.27111633901849563,-0.080367010516146434,0.037774855398855174,-0.15880966153079321,0.98658631234376626,13.131112823478158,-4.4302599392168531,-2.2322671320208136,,0.7626510340145778,0.2604166666666667,1,1
0.10267044160626806,0.98977295601351589,0.099036740478678234,-0.99433368132506439,0.10487918319104664,-0.017346097997082009,-0.027555591137179414,-0.096694635205093138,0.99493257908243971,0.39506101603730148,-14.461397726119596,-1.4861293811993814,0.1703509240118783,0.1790475686500825,0.5,1,5
0.15066321283941411,0.97594883020696299,0.15755785323037727,-0.98791929345970009,0.15448580421907107,-0.012231349266253582,-0.036277622675578179,-0.15381162866456666,0.98743400639261025,-0.64825573655170765,6.1982437426981392,-0.78728523725189758,0.319462662985261,0.3005740790034031,0.2670807453416149,1,4
0.83082990214314589,-0.55575134187153041,0.029361875158185436,0.55464389147703708,0.83120212703937846,0.038381996462175987,-0.045736499122911035,-0.015603525665929322,0.99883166881851204,-4.8271727181247917,3.3326836011793959,-0.58200043194854689,,0.06740072681424977,0.2307692307692308,0,5
-0.17605333960677474,-0.98435611908063347,0.006946397758192723,0.98415878261539236,-0.17615908744816267,-0.01998665831045169,0.020897660498002103,0.0033176404181307108,0.99977611546173983,-0.42751511335982312,-13.522689999363898,-1.4003090578775252,,0.3216287866777809,0.3448275862068966,0,3
-0.063214560774412995,-0.99426310467866064,-0.08628324275807811,0.99797636485272978,-0.062381876649382571,-0.012315707898158204,0.0068625433644950986,-0.086887169020820373,0.99619452184707313,-6.0260030621303562,10.185394789530267,-0.14955274057942497,,0.4529434641034045,0.4761904761904762,0,3
-0.53145121407774332,-0.84706772618390469,0.0059895169189380136,0.84569355959242209,-0.53096820541646872,-0.05362059399813953,0.048600517684394461,-0.023431433896465279,0.99854341797758861,16.225562373102509,-3.1048102272449434,-2.4087327049073699,0.2406288177765446,0.1304811744790417,0.5833333333333334,1,5
0.99482204402807994,-0.077746457120457871,0.065456772919302034,0.077965298174030556,0.99695575908087508,-0.0007916540345941441,-0.065195958436292431,0.0058909117030212085,0.99785509176577358,-4.1849476213735812,6.1786500101194601,-0.48015141663697347,,0.07143656106492355,0.3722627737226277,0,5
-0.97885593275111704,0.18897917322148128,0.078281128035205372,-0.19287972435069256,-0.98016119321524187,-0.045622880764727619,0.068106349574321629,-0.0597570699030422,0.99588684987013554,18.031264340416538,-3.5631281122094847,-2.5187976902235314,,0.09679389463505519,0.4117647058823529,0,8
0.45583057594243021,0.8825441730014415,0.11547410418441828,-0.88922616368848595,0.4571878267332885,0.016003777639984007,-0.03866931403386889,-0.10997760584816334,0.99318155961740251,-10.968161538521336,11.771576667697376,0.34355978151540612,,0.09880801325173173,0.2631578947368421,0,2
0.82261193204493677,-0.56836765813024481,0.0163650373918766,0.56769508122405621,0.82258387961986779,0.03283375920510441,-0.03212326277495163,-0.017719090864593071,0.99932683833049518,-9.9479291595475647,9.8888497207538606,0.13656077073142955,,0.1391588691837989,0.25,0,4
-0.77485654834204887,0.62685352448443232,0.081559722491507045,-0.63091732157894098,-0.77490875208842547,-0.038206796102458064,0.039251277980488095,-0.081062227814222412,0.99593586761331909,4.3003443318277386,8.0458823196131917,-1.0219418211584135,0.4423491947548877,0.4327276500824137,0.9382716049382716,1,5
-0.11129338864037217,-0.97557375486640407,-0.18939279411004131,0.99342278750808943,-0.10405020707299648,-0.047798741277610364,0.026924838060802935,-0.19346680134827252,0.980737299113003,19.943071624317415,9.0793665604685003,-2.0459158506743851,,0.7665999643991145,0.25,0,1
0.60656641455716298,-0.79459992216295738,-0.026232583362875116,0.79461652905040103,0.60485107495139201,0.052342610653643609,-0.025724628105404181,-0.052594114012575313,0.99828458000715981,5.1698887752698104,7.3892566381271898,-1.1263709775044888,,0.07166714694101431,0.2903225806451613,1,5
0.81837333923057054,-0.57223664661390061,-0.053012243007470469,0.57241599899993723,0.80347141553266588,0.16362642974421379,-0.051039217524459897,-0.16425256373649733,0.98509699704165132,1.498304593738464,-23.393339062069412,-1.7972564181745021,,0.3408373488643099,0.3846153846153846,0,4
0.9968818822865676,-0.046451593477058774,0.063786849994587974,0.043436085989944188,0.99790846145908885,0.047874930623744254,-0.065877304154497537,-0.044954999853144433,0.99681454081766874,9.1480939985024179,7.1495156727436804,-1.425356094357684,,0.1024179620027657,0.282051282051282,0,5
-0.83255783528905192,-0.5525537117929511,-0.039138810439755325,0.55048199814195864,-0.81741518748923392,-0.16971146391324324,0.061782041245359902,-0.16283981959512178,0.98471629037697139,-1.9685871129610137,-30.532761364023848,-1.6372835091859508,,0.2896540929506676,0.2,0,5
-0.98589993723335423,-0.15509361098280205,0.062827427096636884,0.15240834138577691,-0.98726890316191362,-0.045517143204604205,0.069086983139405173,-0.03529992467112663,0.9969859096691932,-3.5647888966697048,3.9423526564234455,-0.62842667517486805,,0.06816347261008357,0.1189591078066914,0,5
-0.56071022086138689,-0.828005419604811,0.0033276608353439143,0.82564581224094136,-0.55940692206582121,-0.073299988225371149,0.062554304013154871,-0.038352583353725059,0.99730438603243154,-9.6910413194868248,-6.555823008769349,-0.48736402225628006,0.2860129726571966,0.2663742894816907,0.5463917525773195,1,5
0.58818805476211089,0.79321312693670687,0.15763168301599673,-0.80758413337509982,0.5864394240747417,0.0624233082403821,-0.042926445880745956,-0.16401749036665819,0.98552299978126889,3.0523757245305365,-13.431610102009479,-1.6674090967736883,,0.1068178534060909,0.2619047619047619,0,5
0.79269382310539227,0.58903590737882505,0.15707705952481443,-0.60491616481275134,0.79196489433045347,0.082873636920233501,-0.075583968927214945,-0.16071187251276309,0.9841030218806629,-8.8995581748004327,4.3790891434297263,-0.2473728260206359,,0.195458302951505,0.2352941176470588,0,5
-0.81120577495794877,0.53407483769179531,0.23813705805555743,-0.58315200127309608,-0.76904108506256685,-0.26174329580138683,0.04334667329861213,-0.35119777509299749,0.93529737981225614,12.512040228200622,-13.199428174835415,-2.3587253093891096,,0.269634236738523,0.3333333333333333,0,5
0.47659476689456165,-0.87888351522393204,-0.020523031850646026,0.87907657773857728,0.47619949793847205,0.02141047955039484,-0.0090442600664282381,-0.02824543911450695,0.99956010150919872,1.3335804436595415,-7.0100549304713793,-1.4147258786247043,0.5240446820264866,0.3773794935776721,0.6678445229681979,1,5
0.22804483381679744,-0.97350409533108162,0.016891718180332693,0.97359218018522786,0.22780672604029434,-0.014911815884701958,0.010668666816723503,0.019846207305598065,0.99974612157484244,-6.9147634028525511,-12.030322287524305,-0.80843733508848514,,0.09234052933130081,0.2631578947368421,0,5
-0.32808815610406394,0.94187089048180683,0.072369796788749233,-0.9446387446044171,-0.3274434476081966,-0.020938739471375426,0.0039754265717417284,-0.075233066410107768,0.99715805251830891,-12.327374976463421,12.391405547955539,0.47165226298268476,,0.07633981707748844,0.25,0,1
0.27252508919733792,-0.96133388726332392,0.039588293183391729,0.96214804663789444,0.2722470430375285,-0.012356533017419239,0.0011009581606520793,0.041457264218870561,0.99913967148473282,-11.559660707440061,3.3280241242072055,-0.060967747404866421,0.4730565517812925,0.4498576660369568,0.9663865546218487,1,5
0.90307153430756315,0.41993440813331429,0.090093822147281011,-0.4246098181389531,0.90447885223199198,0.040305188314940198,-0.064562421449229773,-0.074653189689528568,0.99511737750166485,15.6107425579384,-17.914275746002698,-2.6770402620924094,0.3499896209228045,0.2614547402682402,0.4,1,5
0.88557560396729018,0.45655563476192534,0.085514922821143549,-0.46000760111864913,0.88755838060880332,0.025162033386542642,-0.064411618292327208,-0.061620397420133255,0.99601911128790599,4.1104516664065889,11.833538221306886,-0.8050881721065315,,0.1201639220097561,0.3333333333333333,0,2
-0.91092956696698835,-0.40844080018925899,0.058167316992395718,0.40622564990930998,-0.91259481504133622,-0.046383455190713373,0.072028087445763708,-0.018623004602592426,0.99722872918828331,-1.685182976878661,-8.1490952515812385,-1.1819663165433265,0.3886407239875628,0.363972126158215,0.9575757575757575,1,5
0.98701984006264454,0.14131226247741266,0.07630648593813448,-0.14677151648132711,0.98658926372074562,0.071412510533719234,-0.065191696346109607,-0.081685183383964563,0.99452379234638988,10.32730066578136,-17.885528352892088,-2.3336239452500602,0.2632651272325784,0.1310146685027114,0.5,1,5
0.056249787013338728,0.99426695939168652,0.090935003837711262,-0.99808703782626251,0.058337922772745153,-0.020468309401565923,-0.025655922983806898,-0.089609710570739839,0.99564646003854096,-9.7293306851946859,-8.4238621528008348,-0.52747994145358135,0.3821418658278926,0.3973419324562959,0.8820960698689956,1,5
0.9786719407320883,-0.19857874792946295,0.052609060953930115,0.19665165579201344,0.97967237068357094,0.039625400862211023,-0.059408405953594166,-0.028434609017853735,0.99782869988393008,10.858803988470338,-20.942482459110746,-2.447827379907094,0.4259104566752763,0.3814345945142382,0.7183098591549296,1,5
0.45296904068823118,-0.88946534071782724,-0.060584287069375527,0.89149369472243367,0.45132472234415216,0.03930632609542159,-0.0076184281928259002,-0.071815058746024035,0.99738886944319649,21.337319808354334,8.9372240387730955,-2.1498103359570724,0.2129200157525846,0.3372861466530971,0.3939393939393939,1,5
0.78989144684269108,0.59843413802027101,0.13397046188132461,-0.60948688611234914,0.79024022048204545,0.063609194221910817,-0.067802934020826197,-0.13189759809952459,0.98894175043515309,2.7138727615888634,2.5116694871667922,-1.1811185467529535,,0.119906559128915,0.1886792452830189,0,5
0.98494398443521947,0.13411818626017172,0.10907639359255177,-0.1527919057306098,0.97053136211840974,0.18634245004237268,-0.080870149425383328,-0.20020286526138334,0.97641120009607141,-15.643304653969665,11.702903458627418,0.71960504647754864,,0.3361719885022002,0.1333333333333333,0,2
0.46429595054636918,-0.88567350650250953,0.0034220148731226477,0.88558420953941874,0.46429906670939008,0.012922246988483063,-0.013033730114037811,-0.0029692646122662742,0.99991064868165913,-4.9017976081244408,-1.3225639423485005,-0.82328291007079024,,0.07607558093944009,0.2918781725888325,0,5
0.61601833787498905,-0.78702650861401557,-0.033326898154032697,0.78698950834532777,0.61305056152834425,0.069401172642552203,-0.034189488971258696,-0.068980314210757149,0.9970319930149032,21.25821427414408,-13.730994624519774,-2.96106917924326,,0.2209098200784605,0.15,0,5
-0.61459492467163968,-0.78876723028448537,-0.010924055895281035,0.7874220002227853,-0.61259828381244186,-0.068483109123336092,0.047325174410763615,-0.050691213236544151,0.99759246627447939,5.1405660411746137,0.95604176846309963,-1.4359949776621488,0.3660542308867627,0.3178757827258877,0.1363636363636364,1,5
0.77939068509141951,-0.62469209215590482,0.048061939105778703,0.62518887498997533,0.78045235963337267,0.0057432509496996402,-0.041097817235204698,0.025571553347040112,0.99882784556595283,-3.4322739963277682,2.0476970585912602,-0.75268668679005657,,0.35670687367732,0.7378163959199093,0,5
0.21881431929971243,-0.97565590984306116,-0.014691468875234955,0.97575798998888075,0.21885054511866439,-0.00088536665995887266,0.0040790491861059375,-0.014141587236653914,0.99989168256774985,-16.560890943676128,11.959974438027722,0.79480365819966459,,0.08968091599216832,0.1052631578947368,0,1
0.77638674686386255,0.61785989943702624,0.1243895653253036,-0.62711184477976589,0.77700947639693352,0.054653524372025301,-0.062883649950277662,-0.12043844177434582,0.99072712101360194,-7.9927287972900896,-10.664218503417677,-0.68705765583923717,,0.1136733726672627,0.25,0,5
-0.67153531540915379,0.72462682643926501,0.15477817211380082,-0.74004162374424054,-0.66636378312291911,-0.091091732161051375,0.037131055523884411,-0.17571360489920035,0.98374082652343564,8.2632089457136839,9.7046667498696575,-1.2125041031013406,0.1328444996555947,0.1496245863826569,0.1818181818181818,1,5
0.99397212864897988,0.066704159544950417,0.087005531826537696,-0.077885565509595883,0.98815894377486735,0.13219584154953737,-0.077157281926382701,-0.13817545707230991,0.98739773997543301,12.649565895454391,12.652120085785425,-1.3851696021990616,0.6598435103803826,0.4395351098489847,0.1428571428571428,1,5
-0.21250571506712082,0.96724983869049719,0.13881307797545006,-0.97708514999426122,-0.20857829350289495,-0.04242293177176417,-0.012080178993013169,-0.14464731256621016,0.98940953312714242,-11.007142011233725,-13.333245675855641,-0.48276395567486496,0.3759243824559538,0.3616494525590985,0.8070175438596491,1,5
0.22935748311636453,-0.97261116359443445,0.037718289860603244,0.97333885381214102,0.22908196868329397,-0.011529409518951894,0.0025730523111504285,0.039357033369758286,0.99922189894244118,-1.7473672949849193,5.8936146190796155,-0.71787303197008756,0.2309006078785768,0.08297024101428571,0.3636363636363636,1,5
0.65283687483728936,0.74783248954630155,0.1206257950509023,-0.75548932290135717,0.65438747666316033,0.031826299949429107,-0.055135268519618565,-0.11190888242406354,0.99218773636840907,-7.1565018512129477,-13.280711628663305,-0.81040731950168532,,0.07799525791631942,0.45,0,5
-0.32217830130536762,-0.94532555653308792,0.050603698811398701,0.94584440817326543,-0.32367812940536067,-0.024714855290107345,0.039742894904021255,0.039900635459270833,0.99841296145162006,-5.3854773378459289,5.5711377444757169,-0.42812765567011579,0.5533120632226678,0.4900164553673857,0.9848584595128373,1,5
-0.85627806553063923,-0.51398879740018466,0.051023432246547464,0.51149450851529077,-0.85754727029337696,-0.054644734156905128,0.071841786237586303,-0.02069288185559973,0.99720136501646606,16.031682838690926,-7.6324936657020865,-2.4841511089033994,,0.09578255043143008,0.2727272727272727,0,5
-0.45214743787191675,-0.89145274359020454,0.029575333833413171,0.89084230333108727,-0.45298798743538554,-0.034668052079708585,0.044302201092311824,0.010671887590093224,0.99896117331638101,-0.17812143811758152,5.2031734060314099,-0.8736245828553022,0.5422895721236259,0.3488470274006241,0.7655502392344498,1,4
-0.99728827047455559,0.028439508104680253,0.067877094462232265,-0.036703380025041796,-0.99162962502265384,-0.12378832203471288,0.063788458741439596,-0.12594396037998906,0.98998441976386531,14.144556421173453,-17.781848255183853,-2.5769737000412825,0.289926735523897,0.2668544516116023,0.4666666666666667,1,5
-0.94358156347875488,0.303409281797486,0.13265233048131025,-0.32555666012599332,-0.92323814142138116,-0.20406909435875581,0.060553233692326222,-0.23574168478215318,0.96992740137882261,14.361372264308697,-4.0947886572779568,-2.3102650687450197,,0.3941604603824857,0.2608695652173913,0,3
0.67182485569497918,-0.7405357825651222,0.016066051508773993,0.74044483306089792,0.67200668818930764,0.0121844253970982,-0.019819497063236522,0.003710224993230201,0.9997966902158959,-1.6065883944255841,-18.511503532613187,-1.4130807542652928,0.1759913402242601,0.1230915848795522,0.5161290322580645,1,4
-0.99334146922608801,-0.090356171446105069,0.071473686048510163,0.082754610898246261,-0.99123466146977113,-0.10298310675052563,0.080152354243894636,-0.096382613486626245,0.99211188478248313,6.8003341494905705,3.2270285768479514,-1.4498646351431617,0.3603743882778909,0.2466390616182613,0.5487804878048781,1,5
0.28141182982445945,-0.94860895822812819,-0.14473571226271706,0.95958683857843308,0.27808322944753922,0.043160360599478385,-0.00069373042261543433,-0.151032320611761,0.98852858171563707,-4.3592134293904579,-17.034514690995639,-1.1302131784179781,,0.1034136551445958,0.3157894736842105,0,5
0.95155147013300423,-0.30656798225339082,0.023788063073826464,0.3031970270519187,0.94833745613201537,0.093421796621223796,-0.05119924291039573,-0.081683177914084332,0.99534240137314545,4.3251097656712396,-17.163390745821189,-1.8433252607356709,0.2182995948934401,0.2498461855387816,0.2962962962962963,1,5
0.20059342269449798,-0.97964889531865151,-0.0070937065524819196,0.97964258444403773,0.20064013185505655,-0.0066290446515620272,0.0079174184879517891,-0.0056195542645095364,0.99995286643639159,12.287220281941462,-2.9871746330768274,-2.1383806103653296,0.1507776029567613,0.1695302625167596,0.5679012345679012,1,5
0.59794925431090307,-0.80037936468474669,0.043006532711640011,0.80110868480779174,0.59851872599130418,0.0004579992106943855,-0.026106788285155814,0.034179046572255491,0.99907468608750516,5.2490323030316945,-8.3836560637639685,-1.7256389329464934,0.1178922552916219,0.1285926908792745,0.5416666666666666,1,5
-0.54484181312773938,0.81797473058942716,0.1845663533389364,-0.83529488918128014,-0.54876610878329612,-0.033737308109475499,0.073687494022470282,-0.17254882777925568,0.98224083363332781,-7.884713533673545,-14.074533371338578,-0.7623184124459278,,0.2108756166039248,0.2105263157894737,0,4
0.75766461556499098,-0.6526398949096246,-0.0023447586461189684,0.64997087431074041,0.75423150711854481,0.093127311876914212,-0.05901010818907354,-0.072083293779088828,0.99565144799245486,-21.663263134243756,11.982078134710678,1.214088528098592,,0.1932832084807774,0.44,0,2
-0.65325966408048997,0.73789561771677825,0.16959324467625486,-0.75654252681622791,-0.64501511616776375,-0.10769821276884677,0.029920167178061299,-0.19865940015378261,0.97961177326866422,-19.107089605058828,1.230946447483773,0.59388848352808166,,0.111725114586398,0.3571428571428572,0,3
-0.98222215543007652,0.17370783505323781,0.071170397100291244,-0.17654148645444495,-0.98364823722897932,-0.035626520413562235,0.063818029919068028,-0.047557685366721211,0.9968277311651248,-1.0796409785924184,1.3934661512361659,-0.97784583603437192,,0.08255312081477191,0.4605263157894737,0,5
0.71762080689884666,0.68799828093459947,0.10806823278319942,-0.69348664200514087,0.72018922433146404,0.020093743237083413,-0.064005115938349857,-0.089363564095664899,0.9939403898352448,-13.507689053457382,-9.1220918210929636,-0.17742391317592449,,0.09774831172325144,0.4117647058823529,0,2
0.017282818573107806,-0.99979956527299862,0.010106110136638554,0.99960031356550882,0.01705144500586938,-0.022549087408369917,0.022372244006972911,0.010491782648179439,0.99969465597999374,0.13591796231534956,8.2403008563328335,-0.74329211555491648,,0.1774356140892388,0.4958677685950413,1,5
0.94737052493908436,0.31004481829795999,0.079757752746851193,-0.3108174428075543,0.95046534707543984,-0.0028532885125006771,-0.076691627464902989,-0.022086979316963087,0.99681019237437374,6.3267705042959097,-10.521490495519883,-1.8596363900025155,0.1507855363057123,0.1173447727321829,0.4814814814814815,1,5
-0.400719134999521,-0.91618477018386779,0.0054444217662411283,0.9151095322705658,-0.40052468129957336,-0.046416846267499125,0.04470703292303279,-0.013617876229729375,0.99890732035269936,-9.8865690734521223,-19.128788298630095,-0.71181820922574812,0.2637888233934398,0.1471264599333785,0.4333333333333333,1,5
0.83470359429346341,-0.54404718863046664,-0.085337952968537995,0.547689226520232,0.80393256336455732,0.23179504894575245,-0.057501485435117253,-0.24021883794860721,0.96901418414147977,-10.153207439533855,-3.7834325720078836,-0.4067789720082271,,0.3749662951837849,0.4130434782608696,0,3
0.038988520349560143,-0.99797536577682022,-0.050250020732058448,0.99923123542328707,0.038732379171987054,0.0060614320195162908,-0.0041028569804138154,-0.050447716561780993,0.99871827582071382,6.2406674884742506,6.246570633719978,-1.2629773061295997,0.3685708051821628,0.500618381064711,0.5435897435897435,1,5
0.91958631217803088,-0.38974608363819374,0.049588352901673599,0.38904446309956547,0.92091946556783466,0.023489224547145415,-0.054821712727546441,-0.0023082952466077552,0.99849349100866691,-6.7816203167638456,8.5580941733789437,-0.16797432934619827,,0.07182316915277547,0.2391304347826087,0,5
0.83286484820523599,-0.55037528538171099,-0.058508032483313807,0.55155857900043381,0.81653605241571259,0.17044649904408682,-0.04603562267516751,-0.17422950481007513,0.98362838567141042,-7.0509647923835583,-1.3113344656023787,-0.6634733980361629,,0.3062538704867542,0.2096474953617811,0,1
-0.6778707225981554,0.73061544243131604,0.081806837887461029,-0.7344634059492241,-0.67791897822217106,-0.031454161690802208,0.032477511692222807,-0.081405984098824019,0.99615173391767087,9.9769860856208652,2.0860282216132964,-1.7973519901243529,0.2869771596436502,0.2529176198672339,0.8297872340425532,1,5
0.98049039190504572,-0.18761391732947502,0.05864818331523719,0.1861257620152815,0.98206989317691828,0.029932016799845713,-0.063212278048806053,-0.018432117072228735,0.99782987776680421,-15.298267465110747,8.9084605422695446,0.57789601396528156,,0.08115040816806947,0.3571428571428572,0,1
0.13491865271655246,-0.98925894498617795,-0.056246750252662202,0.99083588532731048,0.13506602337035989,0.0011906630770945935,0.0064191507846522835,-0.055891941241581582,0.99841618847425195,-6.6750905752373955,5.720993273269869,-0.34656533720375393,,0.1055738232762338,0.2040816326530612,0,5
-0.98494865173549417,0.13516884512576652,0.10772899680122459,-0.15363323319288036,-0.97021304725254887,-0.18730582638995671,0.079202166025518494,-0.20103737525218809,0.97637645949120289,-10.462887616872225,8.6693811424606846,0.11117912312318648,,0.1782062457584828,0.2142857142857143,0,3
0.97485725810365909,-0.21484602609606016,0.059114392438284494,0.21395530186950146,0.97661595765320075,0.021080798349513354,-0.062261184734527651,-0.0079029315986774134,0.99802860106692382,-16.255346380444312,3.5223594813255579,0.40503293168116805,0.371535080372004,0.3056233772367181,0.893048128342246,1,4
-0.48748382802457152,0.86165178661539576,0.14112305281918719,-0.87245312592128166,-0.48707265593752302,-0.039821739140220122,0.034424707474349982,-0.14253570240632443,0.98919083753077786,14.922637937487982,-26.764627139202602,-2.8115127740157786,0.6643936050556025,0.5463822937776033,0.8367346938775511,1,5
-0.71219598303854326,-0.69485495998203373,-0.099767060356261941,0.7006824265433873,-0.69502317489642162,-0.16120460133063635,0.042673397767626978,-0.18471429545453522,0.98186537273584573,27.986681761678067,11.909103608370785,-2.3812678974594816,,0.5173898928994755,0.3043478260869565,0,2
-0.54789410260780513,-0.83488750574871518,-0.052677367742502312,0.8361956322251265,-0.5447499272486791,-0.063438012344190192,0.024267611650317066,-0.078805897667940078,0.99659455824198728,-5.2527629133184019,12.924726101481278,-0.067859170568613056,,0.1104724250170243,0.4285714285714285,0,4
0.84840510614084741,-0.52486200602392696,-0.068765183826396348,0.5249811356118983,0.8176264087357481,0.2363934495486848,-0.067849709843008615,-0.23665783395109535,0.96922107204899188,-9.6732615599260274,8.1423196235282074,0.043712965120319115,,0.3076075188417053,0.2045454545454546,0,2
0.64237728313673959,0.75978936949321019,0.10035706310455247,-0.76397718018941685,0.64522173387950599,0.0052708898064138306,-0.060747792220690988,-0.080056405956264648,0.99493752447361128,12.057268593021265,0.53112104599495558,-2.0117804948979177,0.2147378901897626,0.2028082836339179,0.2777777777777778,1,5
