axis_00,axis_01,axis_02,axis_10,axis_11,axis_12,axis_20,axis_21,axis_22,location_x,location_y,location_z,dbh,dbh_approximation,score,reconstructed,number_clusters
0.68640029606413255,0.72622371711768552,0.038128024586170962,-0.7271287971176168,0.68451858542017696,0.052134620135259491,0.011762056170555195,-0.063509203349846596,0.99791193755987773,5.9846438687053736,-8.6488837997714629,-0.95756561318194389,,0.08621867922563596,0.2325581395348837,0,5
0.28827058289711704,-0.9568239248918875,-0.037256513398881676,0.95707600582220864,0.28668724296886872,0.042613892081303339,-0.030093024367193869,-0.047941646544455409,0.99839671895045956,-8.3009869003588808,-10.390242483646999,-0.27298266316243336,,0.08256918510879287,0.2448979591836735,0,3
-0.80473195305864442,0.59164675143998868,0.048586060109125265,-0.59258142795166846,-0.80548591765200439,-0.0062998183362173677,0.035408120158809141,-0.033860861991629937,0.99879913248460639,-1.0612065909985682,6.4661707511782245,-1.2090533983769916,0.1598476294952725,0.1103990297884235,0.3868613138686132,1,5
-0.15788849199893215,-0.98721034192023183,-0.022067281210910276,0.9872410736058822,-0.15828181787996504,0.017376096055142301,-0.020646711113567098,-0.019042240791246969,0.99960547536807765,-14.360756393160729,9.7596375104163453,-0.80031665260419416,0.185771676398252,0.1823104013196134,0.5866666666666667,1,5
0.99856216126794184,-0.053562112858558421,-0.0021702880048646445,0.05326997549726141,0.98696156601308926,0.15188540721053742,-0.0059933124745982745,-0.15178263167805689,0.9883957268859801,4.5352522647729092,-14.402769608786125,-0.54745275697816753,0.528219141340811,0.3303347476012933,0.1111111111111111,1,4
0.99402806249102516,0.10091854219676567,0.041516970279864993,-0.10639006017164022,0.98087886722224438,0.1629656495507012,-0.024276862997807798,-0.16640942184169386,0.98575784970006686,2.032548242285269,-11.618758660007078,-0.5962016576391167,,0.0726239528487421,0.4137931034482759,0,5
-0.62290773007154732,-0.77284294148942034,-0.12124251567454707,0.78229525240857778,-0.61544314707127856,-0.096145050741053964,-0.00031285158121629444,-0.15473693971699434,0.98795565771491356,1.179756270806031,-15.709201118278253,-0.37083274435913399,,0.2581848216532731,0.21875,0,5
-0.98034710597039287,0.19272667166634935,0.042142399598115991,-0.19498933169545885,-0.97905709593486068,-0.058535146916671971,0.029978531325506916,-0.065602080210990718,0.99739543548762921,1.2910155731360689,11.112232044376452,-1.3233452558042942,,0.07577143519606944,0.2272727272727273,0,5
-0.65371928912919053,0.74307749013614066,0.14313257726108877,-0.7566265826352675,-0.63859242848930686,-0.14041340650310938,-0.012934661576704188,-0.20008886508025653,0.97969237039021217,-7.4732880998240647,-16.076484106024356,-0.028208201250804976,0.6089849864341622,0.4694456951084568,0.37,1,5
-0.98390618876372937,-0.17615916721468478,0.029942603738848057,0.16781805665720348,-0.96854672913738082,-0.18372352417989476,0.061365393930395272,-0.17574180289137092,0.98252181000945626,-0.4377663023934113,-15.331732533692414,-0.33938319005433992,,0.3544521151192269,0.3,0,2
0.72092959889525077,0.67627572806788483,0.15136595741111983,-0.69298703491229718,0.70178993009244828,0.16510561306115104,0.0054298140110981266,-0.22392416941252322,0.97459144438719358,5.2397738039037982,-5.9442895051090732,-1.0701625509639767,,0.3519206550659331,0.1538461538461539,0,5
-0.78630741833201179,0.61665245276575154,0.03821513278830195,-0.61670392722904299,-0.78710627178447035,0.011831443606975994,0.037375259414750263,-0.014264270592383122,0.99919948987584339,-2.2298140757062752,-10.740727281346684,-0.49200867566535905,0.1239519393919321,0.0991002752073144,0.4285714285714285,1,5
-0.98120559724451462,-0.19039316295677852,-0.031400946408496916,0.19178073561145417,-0.94418166571194118,-0.267845350121584,0.021347725508008116,-0.26883345333633246,0.96295007605944838,-11.219252257578573,-18.102349040571035,0.22912834570706678,,0.2824231897526782,0.2962962962962963,0,1
-0.38263856027172827,-0.92356536713867643,-0.024794047978916035,0.92384907170159092,-0.38275696164502931,3.2068273288887463e-05,-0.0095197116178845388,-0.022893687651124608,0.99969257982464044,2.3109373859342242,-9.6904339094832732,-0.75491633454267859,,0.07423483621585344,0.5,0,4
-0.12151241755460004,0.9819279027027582,0.14509419793292994,-0.99221632026896611,-0.12417215111322602,0.0093835323747258979,0.0272306109360381,-0.14282461546133388,0.98937334866387694,3.1113901768201422,-13.071293137085751,-0.56839348286028313,,0.0907637439856547,0.1428571428571428,0,2
0.99971130608636993,0.020504204978475306,0.012525256934837541,-0.021754885779286953,0.99373728563541952,0.10960352221839022,-0.010199481742382952,-0.10984436588258704,0.993896466366612,4.7482971661561422,-20.607636728975816,-0.31953956917645493,,0.1785183827886304,0.3684210526315789,0,3
0.9973048950977399,-0.059165304592684147,0.043386783085877859,0.051216134788921806,0.98484100909919192,0.16572596155632305,-0.052534310230259035,-0.16305720937431684,0.98521697748246861,7.8454877366169464,14.532817712760357,-1.5577805487812193,0.2975171086294693,0.2558794331320793,0.4444444444444444,1,5
-0.97010766516001867,-0.24155963594047505,0.023239197104938443,0.24174654760541422,-0.97032350505487253,0.0055589800223955045,0.021206713999114696,0.011010804799437893,0.99971447796809865,-2.0478516453353199,10.024968257139266,-1.2269465906939045,0.5667042888417589,0.5353901513592545,0.9532467532467532,1,5
-0.87056862805359503,0.46835925909032677,0.15083059461939557,-0.49123886041607329,-0.84485891641628341,-0.21189099407247092,0.02818946374087096,-0.2585595014232942,0.96558393646421981,-14.531041722034033,13.224620955805959,-0.85063405703781525,,0.2656639815198799,0.15,0,2
0.89359438141052905,0.4362352287088519,0.10577290175120417,-0.44868942763963804,0.87485294011103398,0.18251063175468235,-0.012918166895815611,-0.21054965783020163,0.97749780692932353,8.0458857227443836,-7.0541086033422573,-1.1507450714258198,,0.212554675312098,0.1333333333333333,0,1
0.41469149703682839,-0.86641315348090164,-0.27813523645995297,0.90937792719566501,0.38364148587465069,0.16078244880958217,-0.032599813107898022,-0.31960515920612104,0.94698985971031413,-15.126304681349017,-14.798733867054979,0.25632564886748305,,0.1666954623664378,0.3571428571428572,0,1
0.77080953252966489,0.6233041335235705,0.13169898136975841,-0.63697544581809074,0.75753118661526997,0.14285931096749316,-0.010721286594687764,-0.19400633607615358,0.98094168816299299,-11.381247688201608,-16.672568973546898,0.16242465154574151,,0.2933599724936982,0.2857142857142857,0,2
0.88861840537046599,-0.45856428343393879,0.0087251129258737875,0.45788624070424189,0.88807881128471966,0.040696627880657657,-0.026410607917806375,-0.032168663413916908,0.99913345298992706,-12.591932662777278,4.0950418811393172,-0.73960258968699433,0.1863497298345506,0.1477179485168841,0.72782874617737,1,5
-0.71449801350356767,0.68565471318342497,0.1391768766311825,-0.69874058563824626,-0.70938997855159558,-0.092344205624864381,0.035414441706404981,-0.16322828376210505,0.98595250630986353,-8.1629092838595128,-3.235683836702445,-0.6862309150188256,,0.07168919022915798,0.3529411764705883,0,2
0.13948453241984912,-0.97611234080289522,-0.16657960063557714,0.98752042791912498,0.12469820198835077,0.096196480514102081,-0.073126395084426296,-0.1779186796071868,0.98132434688475512,0.23114781714320035,13.99532621492596,-1.3363961451951512,,0.4438351607057942,0.2,0,5
-0.94798814765226269,-0.31709291314428095,0.027758896673057414,0.31657244318927602,-0.94832251336312046,-0.021593954288797571,0.033171676532920233,-0.011683110986696405,0.99938138105213259,-19.460060322162153,8.2299677309008725,-0.55240431516062583,0.4637629106661371,0.437927041899451,0.8984375,1,2
-0.90485375828012415,0.42024472264296386,0.068073851199064853,-0.42572252892631007,-0.89318573883482422,-0.14484324045904023,-6.7014334848847007e-05,-0.16004252257705362,0.98711011871839882,7.7544266071387513,5.0036971362431792,-1.4283271065189449,,0.6903605082293384,0.3440860215053764,0,2
-0.59223938947875598,0.77427758157832227,0.22303975478612773,-0.80501004326193648,-0.58052339834464284,-0.12227597565263118,0.034804249700949599,-0.25196589181794582,0.96711005245687631,-12.347599273602608,-16.070105232165705,0.17531681844356456,,0.309759494680476,0.1851851851851852,0,1
-0.99776620748351352,0.037119788283446482,0.055540224358195271,-0.040732971169540132,-0.99702716123172763,-0.065403859411380133,0.052947334811753954,-0.067520079117209836,0.99631200868620384,8.1998488013091091,21.191297777760617,-1.6481635063228648,0.5443677340818711,0.4718345927640095,0.4166666666666667,1,5
0.41774418495767324,0.88380362487830666,0.21066786320180803,-0.90855400094800676,0.4052299148162114,0.10157924738555713,0.0044071867919837212,-0.23383726989086337,0.97226575992090214,3.8486480542842756,-4.8720425310913553,-1.0897977331441084,0.2694052302481318,0.350700507922268,0.5137614678899083,1,5
0.16689663403248065,0.97879131825608345,0.11879843793226397,-0.98576440317332215,0.16315884714336204,0.04059226570655701,0.020348341086461698,-0.12388198378039772,0.99208830207278498,8.8672217153234136,2.7535998665350476,-1.4188706365436947,0.9445215568840863,0.9045101011306654,0.9961977186311787,1,5
-0.71685552546507691,0.69546015939679395,0.049531023631416239,-0.69583107798946742,-0.71810279331098081,0.012144510816971762,0.044014389853839458,-0.025759365884153545,0.99869874764868016,-10.06591361890996,-1.2935417077904161,-0.66579850527755713,0.544002115278633,0.4693086780797424,0.9928492849284929,1,2
0.5975589252202288,-0.79381570220737852,-0.11304849321707848,0.80090796836389733,0.58417235453444372,0.13148797058628028,-0.038337411243579457,-0.16911324941201691,0.98485072562924481,-8.448976270630979,17.72874975208704,-1.1302728523165433,,0.2768167466639517,0.25,0,3
0.43557496261423384,-0.85951620359544822,-0.26740670840589981,0.89955038635408358,0.40476989684738007,0.16422677314122888,-0.032917386801326436,-0.31207887843144788,0.94948576570854515,1.3979619839839625,14.049588388174094,-1.3730267920500889,,0.4585283121186126,0.1,0,1
0.99857610129647112,-0.04821643131517122,0.022824234286577538,0.0457349427530684,0.99403788234816559,0.098979813437625949,-0.027460606892651701,-0.097795011161117371,0.99482764882218855,-12.641821721319637,-4.4658733499084011,-0.37207895180451972,,0.06920740633967973,0.4,0,1
0.17229056052676353,0.96055500689379181,0.21828889455178813,-0.98475667752954232,0.1733297125155531,0.014529171354659295,-0.023879883047263451,-0.21746468561709917,0.97577603049834427,1.3192658710477601,-18.58902098817255,-0.26559557694400643,,0.2905754606116318,0.25,0,5
0.90168277835488253,0.42289062239159619,0.090175876549483364,-0.43145351262467191,0.89370778835765141,0.1230213618551934,-0.028566302911846871,-0.14983294204587563,0.98829856613061273,25.331627702226953,-9.1349496888773896,-1.5111478665916784,,0.2361959300379735,0.2222222222222222,0,4
-0.44732089870475716,0.87405780977611247,0.18954408128811279,-0.89300716292155402,-0.4482023380977348,-0.040655517393355267,0.049418827917768512,-0.18745028485737253,0.98103015761704526,-12.781991321790052,-18.350178135924825,0.307988565431287,,0.6788981665583357,0.5827338129496403,0,3
0.25357221798561896,-0.95336955095106357,-0.16366926890904557,0.96729113209611395,0.24868527045590674,0.050035008009300289,-0.0069997167136929741,-0.1710033203702204,0.98524558785527572,21.279520404543877,2.4794500188780879,-1.6135138891486418,,0.4264723767210244,0.4166666666666667,0,3
0.22807175137222543,0.90817251849525149,0.3510070553080093,-0.97349325495671002,0.20635179674145243,0.098639842535182778,0.017151057687417873,-0.36419996242664321,0.93116283677380307,-12.45319542936334,-13.405083548220826,0.06687821553047163,,0.1661962865008924,0.5,0,1
-0.033579805769035222,-0.9808873157200515,-0.19165716919548417,0.99911359490426466,-0.037816755102769169,0.018491011626574811,-0.025385450990494825,-0.19086635872518184,0.98128773149622117,1.3927781572858431,-9.5958736555026398,-0.7080538553441218,,0.1134600644302392,0.3823529411764706,0,4
-0.38090613760711162,0.91105143752918283,0.15778400587271912,-0.92405782387550761,-0.38100985258543535,-0.030799843624388822,0.032057019008230714,-0.15753339458297411,0.98699320014044256,-15.23057037291929,-9.3355392470666452,-0.009418168659812251,,0.5070207006618019,0.5185185185185185,0,1
0.96608133129415685,0.24261043310755787,0.088470554831947504,-0.25755236603150877,0.93015629542771272,0.26167927856015788,-0.018805320430165452,-0.27558926652458038,0.96109152326922676,3.3635558926365468,-23.365847938187589,-0.14690414030053478,,0.3313939616214447,0.25,0,2
-0.96939960727711205,-0.24544954647326109,0.0043498904643826481,0.24469020221175525,-0.96752462459088229,-0.063425592246686327,0.019776408990310419,-0.060420368637927192,0.99797709026866221,-4.7584192183222953,7.4145372059321026,-1.0901958473430042,,0.6956426267432254,0.303886925795053,0,1
0.52516008004636217,0.8469631524511847,0.082826980602033751,-0.85096180452171177,0.52167819684027905,0.060957905038040029,0.0084200695276446056,-0.10249525516542711,0.99469785618434081,-4.2896047748688,-11.205142518728547,-0.40045682363626955,0.5287018769383847,0.4367403073367785,0.8059701492537313,1,5
-0.78802901974783524,-0.61563808685489696,0.00010024424047734203,0.61558714061894759,-0.7879658815817483,-0.012737416052132605,0.0079206274911310017,-0.0099757444203234392,0.99991887080072972,-12.307793277574223,17.01132245401929,-0.99819349096925236,0.2610942659293312,0.233221406930519,0.65,1,5
0.4877785701664889,-0.87278881841762301,0.017656300051370772,0.87193277431316729,0.4880852235303097,0.038807881286018579,-0.0424888640102071,-0.003534546156987551,0.99909068828539549,-12.26380813660721,-7.8747667279851274,-0.23717849624986179,0.5836751989589517,0.5409034970183549,0.9728915662650602,1,2
-0.24022130947806491,-0.95509766486195624,-0.17344213169781289,0.97059160598533534,-0.23920984788840813,-0.027029300102127569,-0.015673444530479991,-0.17483449101490905,0.98447307931101247,-10.769863622328048,5.2521239910652531,-0.81891667438342641,,0.2625656386390754,0.2274881516587678,0,5
0.67459033149811298,-0.73819039042570378,0.0016828940583431939,0.73732774635082643,0.67390881136812231,0.046847715222985802,-0.035716650325524651,-0.030362171258817815,0.99890062541074265,-6.2876955458305899,7.9263540973784012,-1.0219808507876356,,0.07327190516177158,0.3303571428571428,1,5
-0.8332326000707786,0.54818106095682062,0.072256201031779238,-0.55212022987908549,-0.83192613706421847,-0.055336734884459844,0.029777272164454194,-0.086002481811061238,0.99584983164369856,4.6197693916826035,11.087572108952573,-1.4349392074343013,0.1891076550408974,0.1179902714694059,0.2894736842105263,1,5
-0.95571176768530708,0.28499265649501188,0.073445237093655802,-0.29319422890775027,-0.94363730145032576,-0.15357665007004789,0.025537447856368876,-0.16830873137025457,0.98540347558830954,5.7198815546877544,18.538724378817868,-1.5577116496063603,,0.4292887838159027,0.2333333333333333,0,5
-0.71278114400094839,0.6669971474178813,0.21692820492759776,-0.69998190283176598,-0.69603954477268981,-0.159857085612893,0.044366388907826293,-0.26578893402291442,0.96300979542590504,-2.2496249700926869,5.0428857949318004,-1.1480490042164335,0.563447981933089,0.5157050390959689,0.4339622641509434,1,3
-0.89160921285204153,0.4448012556532584,0.084763521202512584,-0.45224560166236971,-0.88407246132689277,-0.11785499098660161,0.022515046844395713,-0.14341452538949964,0.98940656283092265,18.931520967144902,6.2538569896988667,-1.6544146817472869,,0.2199114650419627,0.5555555555555556,0,5
-0.96993379996156937,0.24161968670755143,0.029126460263034459,-0.24151624274865238,-0.97037100956440747,0.00707165366272745,0.029972123392970888,-0.00017547733819462931,0.99955071958706498,-4.1431116159258998,-3.8103121759187171,-0.8139643278122255,,0.07482213375012647,0.4,0,5
-0.99221399242922537,-0.12315115754887296,0.018579171726144702,0.12277462776365282,-0.99222884128181521,-0.020206862845138923,0.0209232885836186,-0.017768481165210688,0.99962317753838004,1.5848626322582879,-3.0691466518661477,-1.0872807132054272,0.5773245968004814,0.4644634828741446,0.9819140919366993,1,6
0.86283314448327486,-0.50529386475127913,-0.014038341277397438,0.50415057704233601,0.85819739626639568,0.096588947139196676,-0.03675813446006012,-0.090417582838159025,0.99522535149820279,6.1695114583570181,-15.719233390194065,-0.58937967405879466,0.2738852838906224,0.1612106145407677,0.4090909090909091,1,5
-0.37583352802281067,0.92359681497239909,0.075618004382342563,-0.92613547476330826,-0.37717252979662969,0.0037369976923181496,0.031972513177245025,-0.068628027362377733,0.99712985727109793,-11.247039726930904,-2.6840676067773495,-0.54004709254195249,,0.1992290744514123,0.5714285714285714,0,1
0.8289251740809167,-0.5576647942476558,-0.043508999432799379,0.55829265314010412,0.82003577170080089,0.12589935099457991,-0.034530699742500406,-0.12865189616866532,0.99108845235301868,-9.7270775045795084,-5.21491363302124,-0.47295936390062687,,0.204783522997114,0.2314814814814815,0,2
-0.60609075579867189,0.78763139795726445,0.11086377536093628,-0.79501542137424852,-0.60419609661997509,-0.053828956949876612,0.024586083716618745,-0.12076364428531974,0.9923767765855912,-9.0325328832277449,-16.395947296967659,0.044500178505198773,,0.1976486242287239,0.3636363636363636,0,6
0.84746519917363661,0.50624130932784916,0.15975754417120186,-0.53081129762763912,0.81179579780375388,0.24336587472163876,-0.0064886439608295267,-0.29104521882036039,0.95668729379111039,-5.6692214698128822,-8.9726566434980022,-0.45012325679018766,,0.3753883380616212,0.2452830188679245,0,3
0.52018301680224666,-0.84296931799082897,-0.13715814943556986,0.85337567746714071,0.50661958917376526,0.12282729734429186,-0.03405263775409214,-0.18094010277293912,0.98290441909196169,-0.83213436425703524,25.390387240579798,-1.4220142424827316,,0.4289505031760955,0.6,0,1
0.94156206192747904,0.32967291145450767,0.069113348869686328,-0.3368060256337142,0.92433237473256358,0.17936377036091081,-0.0047523295020981517,-0.1921599138071414,0.98135211972560388,7.5569190444277723,-4.9589978786980957,-1.2404705087345873,,0.3334217050878384,0.1153846153846154,0,4
0.98047118566465508,-0.19634325925141477,0.011206187035640296,0.1942792206635128,0.97585875239675124,0.099776148397472453,-0.030526029871637141,-0.095650509236428621,0.99494680339357244,-13.29087594447277,-13.613962982074185,0.11838447504498609,,0.08866968646220579,0.3214285714285715,0,2
-0.96635693877171969,-0.25715443075808969,0.0050858263078860889,0.25647085783396212,-0.96490395761234193,-0.056418540090572011,0.019415611493401777,-0.053216081455916643,0.99839425213931143,-4.969706923125413,23.607985499750338,-1.2892449393427874,,0.1123371426718315,0.5625,0,1
0.64440347298900147,-0.76454610251925958,0.014608939808295539,0.76387494918798926,0.64448228132902752,0.033729083236548017,-0.035202641985499258,-0.010575735224614498,0.99932423558207506,-13.190256046032092,-7.7718437688200499,-0.18277816466488075,,0.1109365334595576,0.6,0,1
-0.56957031325988217,0.81647436730455658,0.09465339818338217,-0.82166457461303921,-0.56858472300295426,-0.039733356183754794,0.021377209336368878,-0.10040428428247515,0.9947170424893258,9.9318910979556652,-14.864000493941367,-0.80010123306502334,0.4516990918997542,0.3939642254426814,0.6274509803921569,1,6
-0.77117135044971186,0.61886067648847032,0.14935264089329406,-0.6359289556209895,-0.75981486942493559,-0.13518774945817297,0.029817975255968777,-0.19923058825642564,0.97949888262041085,-5.0824283952722711,-25.666248538819435,0.28645633835803347,,0.2812773409877503,0.6666666666666666,0,2
-0.37768410717874284,-0.9236412133214954,-0.065127753213139988,0.9257258921202729,-0.37815680443225402,-0.0053855287308289474,-0.019654206743612859,-0.062324476055411596,0.99786240125665504,3.5998755840950731,-10.678815024976043,-0.75640288272479916,,0.07404341065789048,0.1923076923076923,0,5
0.40005391789407163,-0.9064020923798416,-0.13561751253819726,0.91490498568525669,0.38626149305367558,0.11726434305535667,-0.053904823029693232,-0.17098919823599953,0.98379721698160272,19.364407345814854,-6.4942777986601161,-1.432023644278648,0.4954743616383757,0.3655473380457694,0.3673469387755102,1,5
-0.99943769175198749,-0.029318176424712666,0.016270981426784552,0.028046065467530919,-0.99689637635669281,-0.073559724161305615,0.01837711939484293,-0.073062023911371649,0.99715807279724911,-9.3546385140017989,19.351338584275581,-1.1333293667904827,,0.3974210032629138,0.6666666666666666,0,3
-0.096516357974370026,0.99179087544971922,0.083877601408496649,-0.99496798956245103,-0.098414946350053351,0.018793564881887104,0.026894095809616263,-0.081641642006977808,0.99629882560454086,5.4496797997286937,-6.9857060703634914,-1.0313304760560775,,0.07109790047698024,0.1612903225806452,0,3
0.86986620925669922,-0.47783386266667582,-0.12250541899208195,0.49240796387163038,0.85593747495173067,0.15781456234787403,0.02944783708825079,-0.19760019904418225,0.97984028608162688,-11.072728510319353,-9.179075866124677,-0.22165737616816494,,0.3251516436700286,0.1538461538461539,0,2
-0.4357845087645762,-0.89801241516558927,-0.060543902494657666,0.90002719580392754,-0.43527550397332682,-0.022051812943262809,-0.0065504758709148342,-0.064100997256141268,0.99792191749486736,3.2493234655178425,3.6398385758019316,-1.325725499568408,,0.1392604386108775,0.1470588235294118,0,4
-0.99993797539738671,0.011125247997628091,-0.00052365557942906683,-0.011043661637927549,-0.996503280225702,-0.082820589451188309,-0.0014432240995637714,-0.082809669462005506,0.99656433598026739,3.9101891595088807,13.517224506716058,-1.4414693943942962,0.570153577689834,0.4572278318668054,0.7575757575757576,1,4
0.99926702590899308,-0.023350175968995034,0.030334472357568316,0.020852658118691841,0.99656147769441805,0.080189698994956218,-0.032102610180171756,-0.079498367641944012,0.99631793718766581,9.0881579256621841,-12.257317595237232,-0.89004068171205031,0.4398155830983578,0.4435584550833086,0.6153846153846154,1,5
0.75454462733912198,-0.6561724098390106,-0.010008692208953182,0.65554486841939674,0.75294147764798713,0.057793223878436599,-0.030386359483546059,-0.050168713391249779,0.99827840272841983,-6.9144458649730245,-9.8088920425252883,-0.35272780352316591,,0.07710067655644913,0.3846153846153846,0,3
-0.15692682435701419,-0.96874275813010258,-0.19212350290295857,0.987610005296094,-0.15406085417973753,-0.029861859427314928,-0.00067025090072261179,-0.19442922048881936,0.98091632109157956,22.856527027836087,-7.1596244502030695,-1.4910986907506727,0.7804003908669268,0.5554391671544644,0.3125,1,3
-0.8977983317450261,0.43240959939863061,0.083546956041280207,-0.43907978487449162,-0.89355493988188783,-0.093640332801871895,0.034162816488369004,-0.12075391405909358,0.99209444823010218,-11.336573662682804,-2.5692738988133743,-0.53886316556415348,,0.1836986662823389,0.3684210526315789,0,1
-0.58062627145954804,-0.81415606434820897,-0.0047995599818159871,0.81416964833807282,-0.58060884904643961,-0.0045987100395631069,0.00095740066991778126,-0.0065777879263677307,0.99997790780094431,1.6975156051955678,-14.885374910176527,-0.42057406040348005,,0.08112458094498072,0.3076923076923077,0,5
0.94741028136733618,0.30747510817135754,0.088728893909920073,-0.31958787072058992,0.92346234679682615,0.21232260109742965,-0.016653877859085231,-0.22951329352242492,0.9731630369309886,-7.0076165611057943,-2.9644500605372865,-0.76044622738950451,,0.166933212536538,0.4013605442176871,0,3
0.90676484198199281,-0.40841542214211918,-0.10475860013310398,0.42039042830955609,0.85664605195193466,0.29904753712557486,-0.032394584903667818,-0.31520530552584097,0.94847045617524728,1.0539795631140292,4.3833973328496159,-1.2497140051170301,0.3318494154915161,0.3837486398633674,0.3220338983050847,1,2
0.92176953273477114,0.38083201343685175,0.072855377725715001,-0.38767601413442898,0.90857184069421271,0.15557801374992919,-0.0069452564218333073,-0.17165135548303942,0.98513327807666284,-2.0721719317506513,15.347882630198479,-1.274350726573495,,0.3364919618752424,0.2361111111111111,0,6
-0.11928627373753924,-0.94478523648008894,-0.30520753894206976,0.99264865559326165,-0.11982711852790665,-0.017032563347554704,-0.020480025554240468,-0.30499560422170197,0.95213352527822293,-15.613369324343131,-16.066474039445907,0.34448476179447551,,0.2587447905937367,0.2692307692307692,0,1
-0.99409907956037691,-0.10844536079915319,0.0025736624395158842,0.10632405241224913,-0.97880705824379222,-0.17501982347942957,0.021499206865565938,-0.17371340320561007,0.98456154589282863,-8.7116447635543732,-18.56841469829369,0.13487887031687393,,0.1398076816386659,0.3,0,3
0.54959919154362846,0.83455020995541218,0.038297202482270684,-0.83541335506598802,0.5487357283703822,0.031202990036466254,0.0050254185875127306,-0.049143132513140973,0.99877910355334176,-3.1279810291728749,1.8505226668800185,-1.0606831425783252,0.5169368134576583,0.4637384034224894,0.9692255664524856,1,5
0.34809387272140285,-0.91941827006752119,-0.18303196562312143,0.93693505437255264,0.33467277836350207,0.10073150108261268,-0.031358566002257365,-0.2065530829799013,0.97793275037181415,-1.6513879512183693,-3.4519595107291248,-0.93477581981369906,0.2630108617829146,0.4299923378929025,0.468497576736672,1,5
0.95702001631432909,-0.28099486956927622,-0.071795345597511759,0.2887353549789195,0.89982819477136644,0.32701852345043164,-0.027287051121695969,-0.33369312724455191,0.94228674705252702,1.6837061313204431,20.414216491891299,-1.4592978366039395,,0.4613696829519371,0.2647058823529412,0,2
0.11795205779771056,-0.99270489567575304,-0.024986039355605946,0.99266763878631969,0.1172033901004097,0.029568974540309732,-0.026424817268617874,-0.028290554083749041,0.99925040584528002,4.940858103861828,-12.13130403338821,-0.73023582588805591,,0.09080718807684565,0.4897959183673469,0,5
0.94386621294674788,-0.3303267181140731,0.00091178810664932898,0.32816708700163311,0.9380034067820775,0.11160632542145466,-0.037721811547540784,-0.10504222086952887,0.99375208013285199,4.6862252822808124,-10.800917542635561,-0.79672656186292812,,0.08984777379149667,0.1923076923076923,0,5
-0.018886718689226523,-0.99953768055719883,-0.023826812701047188,0.99954803471873754,-0.019433658422263897,0.022935980690545098,-0.023388419080055536,-0.023382858393779304,0.99945296226799663,-8.0555719031273227,-14.368559421593273,-0.089284564076592951,,0.1609150811473379,0.5555555555555556,0,5
-0.24519437358103036,0.95199241691703329,0.18327617765730317,-0.96893042451074884,-0.24696743935533688,-0.013450515071447738,0.032458459939211488,-0.18087985523748401,0.98296944324207802,8.8529270893283201,-1.0138050474914413,-1.3854636613667417,,0.2901490202345876,0.3125,0,5
0.7235623127804911,0.64635902976742809,0.24223456434178725,-0.6902538751580154,0.67890021806640843,0.25028799759222459,-0.0026771912687181621,-0.34830230913316029,0.9373784369716528,-12.594279887475803,13.337248040157291,-0.92150361335349362,,0.476085562599862,0.1,0,1
0.7723287761662001,0.59834013489701998,0.21330106534435547,-0.63511225818333972,0.73362819486711806,0.24170662217091562,-0.011860902616564008,-0.32214710097629484,0.9466153201389097,12.501823469868231,5.5641732037143106,-1.5169140267702026,0.6144574198377349,0.4742680556308935,0.8064516129032258,1,5
-0.67583125965823299,-0.73437584538626111,-0.062803074622014954,0.73685749763758357,-0.67517100249544759,-0.034425943190685877,-0.01712123371846291,-0.069543044961408465,0.99743201685801675,-10.441832144635125,15.948470767452205,-1.0433039957088732,0.5254025859571529,0.2901791534841037,0.4642857142857143,1,5
0.78579643494430529,-0.61549401899909195,-0.06075422129502666,0.61738357455545712,0.77474282081276336,0.13642244488429184,-0.036898302101123139,-0.14470892914891945,0.98878604416052862,-12.3080307846359,20.930769536207194,-1.0529517266592407,0.5321668695478439,0.3909633853904037,0.5555555555555556,1,5
-0.88072546035871646,0.4654408567446004,0.087678231898113121,-0.47361653388272051,-0.8667220409762274,-0.15646176056442621,0.0031689602150444776,-0.17932571639018943,0.98378465384061586,-6.8824067044640005,27.521868656925417,-1.2657412508551928,,0.3286780765602638,0.7647058823529411,0,5
0.92818213131828065,0.36610618223632124,0.066664791530456527,-0.37179649084897537,0.91989726583140319,0.12472525689809445,-0.015662071824681698,-0.14055349033109568,0.98994919862683095,-1.1108608990457258,9.7853659449657258,-1.2546941452705394,,0.2006363325311674,0.2241379310344828,0,1
-0.041888233601177834,-0.97750082484598722,-0.20673053308882233,0.99887481714626547,-0.045576708226529178,0.013109665832846503,-0.022236806353166803,-0.20594878269280775,0.97831008547932452,-5.5690625631583757,-1.669127103081254,-0.87304177853550857,,0.4820534268677443,0.3796610169491526,0,2
-0.26158589009233785,-0.9467374671280212,-0.1877791001166503,0.96478209368385737,-0.26206899688413599,-0.022701378353208051,-0.027718834960945207,-0.18710427362345938,0.98194890752026698,-0.95921254781463694,12.845305635841166,-1.2769005421987194,,0.1523263828864625,0.1904761904761905,0,5
-0.97431863768326876,0.21944465900006699,0.050470128782918733,-0.22321293015397703,-0.97077568963707073,-0.088150713109684517,0.029650970896342253,-0.097152468038720324,0.99482773276527159,-11.76569653101968,4.0234699212210172,-0.77030649672357576,,0.07966974036385539,0.328042328042328,0,5
-0.91366038619839263,-0.40618060908775283,0.015556718577746756,0.40569288016216815,-0.91360482269011278,-0.027194024032733886,0.02525837836302515,-0.018534852534357632,0.99950911629859629,-13.237513707925139,9.4871464634622455,-0.82839341520686716,,0.1223080569480254,0.3090909090909091,0,3
-0.2013403598334508,0.96574078141332986,0.16372783091859772,-0.97950606331928869,-0.19943826750388657,-0.028146924801805643,0.005470961788096332,-0.16603951508668235,0.98610392353285659,18.914756873608127,-2.8682726749033627,-1.4778091288433302,0.7108539668795326,0.7089045823940117,0.5125,1,5
-0.28751558477059413,-0.9572186850400235,-0.032667683178858577,0.95752713560906166,-0.28805106404107406,0.012975711044592072,-0.0218305539629906,-0.02754947395243661,0.99938203575940654,-7.585836647457489,16.52151395877851,-1.1441280390391517,0.3831014393998411,0.4211271523436415,0.492063492063492,1,5
0.63866023177229059,-0.75658352426825537,-0.14033701991416953,0.76900340588520788,0.62107565914509111,0.15132345275746226,-0.027328924046031045,-0.20456391769644075,0.9784716314166545,1.0055350838473762,-20.92164616913913,-0.17202877160958022,,0.361084692469363,0.4333333333333333,0,4
0.28313927185345028,-0.95904557560990888,-0.0079835228662296139,0.9587848019615639,0.28283657344683527,0.027114133738258019,-0.023745657746652885,-0.015331556473841025,0.99960046374252309,-3.8149753556802857,15.325205869104211,-1.2404837427729802,0.2209876644329927,0.1087126392624212,0.2068965517241379,1,5
-0.9933860896839245,-0.11264857017846484,0.022234578008786886,0.11172263852983129,-0.99296465589039751,-0.039233202678290863,0.026497714286594674,-0.036489612072625223,0.99898267219625714,-10.389477132237891,10.557353604507268,-0.94217192151847107,,0.1401460700252985,0.4078947368421053,0,5
0.78160423521548794,-0.62377156959356295,0.0019617492183545563,0.62276772705770655,0.78051729689959082,0.054342500641157726,-0.035428486117679139,-0.041252614551557321,0.99852042751466574,-3.8651631549957051,-2.4929132231503184,-0.88746556725420811,,0.09888786530611049,0.5545851528384279,0,5
-0.24675267503153617,-0.968924296757665,0.017286541511994141,0.96896789703268238,-0.24641577428672964,0.019505914557712521,-0.01464007803402897,0.021563240371897274,0.99966028968836296,-1.1680309036978751,1.4822145596541985,-1.1073840674469224,,0.06703214787238627,0.2490706319702602,0,5
0.36254771873041092,-0.92608141771355057,-0.1045579237027798,0.93103704705169155,0.3548942197289629,0.08497122936757906,-0.041583273808612389,-0.12815342589502637,0.99088219823081258,-1.0119772256375292,-24.593609808639368,0.071382286375566234,,0.4368127926185051,0.625,0,5
-0.95289844979520977,0.29899541146423969,0.050855563129483569,-0.30155993108236423,-0.95193175987802869,-0.053735765567444076,0.032344278373253613,-0.066540727820258175,0.99725933397369837,1.5374059485391853,6.0675129665741343,-1.2959678576101117,0.8872017843975787,0.9341970991724411,0.7530864197530864,1,1
0.25648941452281732,0.94276494476316308,0.21309021367358252,-0.96646468596295831,0.24727921445938672,0.069274821420696575,0.012617092543974634,-0.22371242482718573,0.97457352721776636,12.651172974004453,16.359573292530939,-1.7077733469901435,,0.4152118802351824,0.1111111111111111,0,4
0.99117005158990634,0.12535812987313188,0.043211897736320795,-0.13057488480095322,0.97946575887984855,0.15361323719374109,-0.02306790607057865,-0.15789922880316354,0.98718575012653309,-9.7057493157776076,-14.990563218997623,0.017237494977681355,,0.5309769233449031,0.2272727272727273,0,1
-0.7100134128922938,0.69551527859037554,0.11017917571116312,-0.70328271900000705,-0.70829888282091813,-0.060877826428003295,0.035698328658297189,-0.12071118358293752,0.9920455833725651,11.193608818611409,14.759304686991554,-1.6429967529151708,,0.1139259756994406,0.25,0,3
-0.36089666972416734,0.92464568576332384,0.12158926589661122,-0.93206624480849876,-0.36204353574625753,-0.013303890894417955,0.031719222414611482,-0.11813058039144569,0.9924913384537879,0.8718533256666896,13.441718509667938,-1.3477974613921611,,0.1773874310701854,0.2666666666666667,0,1
0.42239425657454316,0.85513855351064083,0.30053476722763528,-0.90635230409414191,0.39466212657341659,0.15088839157400014,0.010420790568832281,-0.33612476872179214,0.94175981384620744,14.27706689579532,-1.1012175062016722,-1.4437005447451552,,0.6075545480462208,0.1666666666666667,0,1
-0.91235717603417144,-0.40932624537870899,-0.0075105381379667836,0.4091433914636356,-0.91099941941312679,-0.05178554866544198,0.014355088316933898,-0.050319803985267482,0.99862998591385099,-11.833623390402508,-5.5863782212868802,-0.35656180158071421,,0.08465974073327753,0.3846153846153846,0,1
-0.21934071315913126,0.97224606938852232,0.081407813564872103,-0.97545554550477909,-0.22019127248303499,0.0015107171394815172,0.019394078859729637,-0.079078341414518069,0.99667973071810378,9.349614554676176,-10.001476530088571,-1.0229017137277223,,0.08621800234903546,0.1,0,4
0.8568756997358824,0.51190294543994908,0.060986962967886846,-0.51503360255838992,0.85520459273416971,0.058012867556334266,-0.022459373051540391,-0.081120151727464881,0.99645125196662021,15.218538317573485,12.351863856041257,-1.6991224430024883,0.1706078886288133,0.1558665943124867,0.696969696969697,1,4
0.70875273877606548,0.70434417096710034,0.039608636710889718,-0.70545698069471485,0.70762990579147977,0.0398793783632461,6.0551827688052824e-05,-0.056206807899135715,0.99841914598993287,13.476052544527599,8.6576993597116729,-1.5856618586621511,,0.126171938025372,0.1470588235294118,0,4
0.29295132052015987,-0.94250156230705684,-0.16084255921320101,0.95563067071705532,0.29404804822753527,0.017486180785066502,0.030814687899854726,-0.15882868249259843,0.98682516416399735,-8.7207295217355227,2.4648188983443045,-0.85065123789542063,,0.3277449256967225,0.7093023255813954,0,2
0.31953268252197048,-0.94757510813896817,0.00052842760872036972,0.94706856101849246,0.31938000452478454,0.032520046742145668,-0.030983956020437096,-0.0098907605962644182,0.99947094371179801,-17.105738178361698,10.666396309908253,-0.7040218507697017,,0.1262198275190437,0.4347826086956522,0,1
0.96424249364094927,-0.26489534955669386,0.0081772391625227793,0.26391545943555716,0.9625770522077618,0.061595850785051427,-0.024187677193207198,-0.057235236928422174,0.99806767502296401,-0.072465172967769331,-12.89297821201245,-0.44633723972616574,,0.08479197130842216,0.2777777777777778,0,2
0.58057745048462572,0.79650598929173311,0.16884322021085219,-0.81420498663114438,0.56789264071996737,0.12069875045368324,0.00025245544318315815,-0.20754796466961567,0.97822480986108196,10.651336711849648,21.697132690927496,-1.7341056276088072,,0.3596530970327493,0.4545454545454545,0,3
0.50620039532236971,-0.83361911471289729,-0.22099848723636686,0.86187185327297511,0.47988862676969302,0.16396284467191172,-0.030627900863167652,-0.27347043255603343,0.96139266390290934,3.9763523412118773,-16.226682858774176,-0.44636139127060187,,0.3191355760671112,0.1428571428571428,0,3
0.43326073769305645,0.85061678444761024,0.29788625209914532,-0.90121301790353858,0.40521452558158783,0.1536759077373013,0.010011470164938465,-0.33504070539815861,0.9421504636688558,10.22204714597145,-1.4536149958779507,-1.3903181913452261,,0.4770242059576268,0.3272727272727273,0,1
0.76246672330251053,-0.64225938362808688,-0.078405229404697879,0.64604025513806507,0.74900200379796966,0.14706456761494263,-0.03572792461754596,-0.16278477339203543,0.98601451964675813,11.610221093548837,6.8656001742560333,-1.5217737833336185,,0.6079459603332361,0.4558823529411765,0,2
0.19594937940090301,-0.93861160098689178,-0.28392270639247008,0.98019951263249971,0.17905952818879786,0.084537570344875662,-0.028508878396223493,-0.29486598287633803,0.95511323726297515,-14.349088675841193,18.038483381931375,-0.94082435276565435,,0.1302937471617154,0.2105263157894737,0,1
-0.41327789177856439,0.87011155504433535,0.26852796119844768,-0.91002201635404978,-0.40519714280862817,-0.087608248530800861,0.032577813277991481,-0.28057290895247522,0.95927969270905111,2.9618990331517536,-7.1127553107311421,-0.93017932848492446,,0.7474721594523644,0.4382978723404256,0,1
-0.81433875350964746,0.56529956208213661,0.13148688011394166,-0.57848616764130423,-0.80889822849141324,-0.10505907762363803,0.046969653820634463,-0.16161701968913247,0.98573515234406239,8.918021282197369,-8.1047441205784967,-1.1278185460580596,,0.3099574534520927,0.375,0,2
0.26581947655756727,0.94170209179306896,0.20624542708923244,-0.96388868585450915,0.25605976715111467,0.073157343638111438,0.016081267497582846,-0.21824428047276703,0.97576166499642525,20.021712311444574,-5.1453410766335015,-1.4595211887730708,,0.1980947053745251,0.2307692307692308,0,2
-0.3298763217716017,0.94152028764607776,0.068710699933005104,-0.94372938384537142,-0.33071740924325838,0.00091939668273719724,0.02358945529832597,-0.064541019315408829,0.99763620344515069,0.36029556096687865,-14.267604793567019,-0.39592936173387572,,0.09739845221676507,0.4117647058823529,0,3
-0.98651117597056859,0.16331834841023471,-0.01108227222726686,-0.16088129360721409,-0.9798323779249406,-0.11851464271230623,-0.030214384859457336,-0.11513308925981908,0.99289045856280411,-4.3396101406979186,-18.637607496739772,-0.032325709630329262,,0.3487047591347495,0.2666666666666667,0,3
0.95609798082713282,0.29008623341332995,0.041552716425603084,-0.29242443101693344,0.95366550648005233,0.070781734187343681,-0.019094585690774699,-0.079825302593927103,0.99662596688180149,-19.421121291068122,21.592614198956458,-0.84593733799173387,,0.1008811911896237,0.3684210526315789,0,2
-0.14863885522158235,-0.96806097731032614,-0.20190204290050104,0.98849785686036751,-0.15121049759166849,-0.002715216481545729,-0.027901213251024858,-0.19998332337237082,0.97940195664092089,5.094176220888647,8.0216311125400939,-1.4192092193866568,0.5841468704223355,0.3199072500497923,0.5542168674698795,1,3
0.98046856913829916,-0.19604067982785284,0.015793567821407471,0.19470275940692702,0.97884391770698176,0.062892131839958246,-0.027788854082605785,-0.05858870727947265,0.99789535672238472,-5.5027969080256227,4.4852964441128877,-1.0400020587325687,,0.07932114646227617,0.2815533980582524,0,3
0.69645969693821674,-0.71455899576436921,-0.065949466358299902,0.71670468642480145,0.68807197999181546,0.1135400493520672,-0.035753083747490977,-0.12634235996829915,0.99134218364810167,18.46191603428775,-3.9626330752401291,-1.4542859375842554,0.6019062420544333,0.2574697019391251,0.2352941176470588,1,2
