axis_00,axis_01,axis_02,axis_10,axis_11,axis_12,axis_20,axis_21,axis_22,location_x,location_y,location_z,dbh,dbh_approximation,score,reconstructed,number_clusters
0.97326247467224214,-0.20978582769910034,-0.09354176549257126,0.22128815623335665,0.96553707437968628,0.13700259088483732,0.061576840660311084,-0.15403916545774968,0.98614412141399233,12.674223877778832,-25.558984842225659,-3.6933186154586779,,0.2653132599231064,0.6,0,2
0.36106713084379904,-0.92295193560399724,-0.13338010192327285,0.93222805071624948,0.35353715969545035,0.077216178176958777,-0.024111998714523609,-0.15222089632934541,0.98805233173080542,-10.634609528233883,8.0824219365082151,-1.1397505725066168,0.8321544090073164,0.4325670541048726,0.2468354430379747,1,5
-0.36541420016764131,0.93007214114016001,0.037924590845551248,-0.93067531678033444,-0.36426627733184708,-0.03396371497088526,-0.017774055577402956,-0.047706304339755715,0.99870325496344248,-12.622396716867003,10.66440469119169,-1.0045192844608648,,0.0917238038419195,0.3111111111111111,1,4
-0.39802148832467527,0.91261585341493845,0.093333803777269145,-0.91727410061040449,-0.39439508259974504,-0.055323983682610732,-0.013679151332735473,-0.1076328152417453,0.99409660390826793,-11.347943740586379,10.418027475286967,-1.0290574331423303,,0.09408685339549146,0.3191489361702128,0,5
0.25677363127544756,0.95979225814678026,0.11342893582823828,-0.96644343299590607,0.2540960287015307,0.037713379816723916,0.0073751678428445261,-0.11930645162612519,0.99283008490862845,3.0044249429396608,12.629429323413675,-1.4798522654139252,,0.242961516990852,0.2380952380952381,0,5
0.057868072434598988,0.99563762282745216,0.073191599266610022,-0.99820796306091475,0.058824545686769085,-0.010978857250406844,-0.015236425909103402,-0.072425111910477846,0.99725746650013647,-10.530891699376498,11.411708794020763,-1.0140774386877094,,0.09403913878717254,0.2777777777777778,0,5
-0.92263218376690914,0.38565905997117678,0.0041161802261470504,-0.38523022545732954,-0.92098542748786771,-0.058167995917739697,-0.018642072620847577,-0.05525334213547041,0.9982983228029888,3.6566430538501127,10.979615840772603,-1.6025493358114955,,0.07492499554626061,0.1612903225806452,1,5
-0.74849943672539831,0.65815516446851996,0.081119496455404227,-0.66279220394536709,-0.73855836845339751,-0.12344241887090524,-0.021332782542508057,-0.1461619508315089,0.98903063477231223,-5.2596174917371785,6.9603531012551425,-1.3786756536262237,,0.1142157644876782,0.3018867924528302,1,5
0.85845554519615064,-0.48930460182355123,-0.15373705980106117,0.51282686687845225,0.82351190353457349,0.24256287709477115,0.0079171667665484287,-0.28706994160162214,0.95787690602667253,21.5633546760636,-5.4798721763377758,-3.5603524669571223,,0.6043165494698954,0.5,0,3
-0.39295291646217201,0.90711065073362229,0.15079215088822998,-0.91935358734180395,-0.38408470038477965,-0.085252122390540086,-0.019416150123822942,-0.17213137499003336,0.98488263405261178,-3.399529126744858,14.043946334306494,-1.1610108676350057,,0.7592839109056748,0.4720812182741117,0,1
-0.96305385557578049,0.26928087933989941,-0.0038832051909956692,-0.26563508918249967,-0.9521911229510498,-0.15089753068962097,-0.044331373265784055,-0.14429093317027988,0.98854178260163583,-7.281203149889695,9.5542596798373935,-1.2065787048665106,0.5815231296030133,0.3810793725543402,0.9085820895522388,1,5
-0.56764907224910088,0.82261255622069174,0.032910684021979782,-0.82305884328105328,-0.56614272357802531,-0.045349278235825456,-0.018672741405316325,-0.052829905240451565,0.99842893079111794,0.13109518006615234,24.669714434807997,-0.77320646495023981,,0.1150928066630793,0.4666666666666667,0,1
0.89217384823225998,0.45077023290377399,0.028844785634861272,-0.4516831259943021,0.89073930043264216,0.05065424322587548,-0.0028597591610335336,-0.058221094052311781,0.9982996173418559,5.5576535576105801,10.92762248362409,-1.6982870305280546,0.39599487837671,0.2967798254017168,0.8444444444444444,1,5
-0.86386647772126524,-0.48426162966611103,-0.13865562629254508,0.50370385041267429,-0.82820406235153698,-0.24568366283466689,0.0041400179832726544,-0.28207925329157812,0.95938217364800149,3.3259445721769221,7.7227903416362,-1.7197371415235703,,0.112729826238858,0.3333333333333333,0,2
-0.92458445478351747,-0.38038997426096011,-0.021143638627528407,0.38049634935934634,-0.91920708358363101,-0.10139460347516427,0.019134108206961396,-0.1017929514820235,0.99462157674750951,3.5293663134491222,4.388473200230302,-1.8397312474584055,,0.1531410224332479,0.2580645161290323,0,5
0.90170142658452757,0.40930164029609051,0.13930794861154674,-0.43235123055885516,0.85556273398064309,0.28475396688687454,-0.0026364236517135041,-0.31699302117633005,0.94842420561467689,-3.0249079679977462,-27.651241262256029,-2.7301025147452593,,0.1427378851995587,0.5,0,1
-0.94173559272657226,-0.32926802644564429,-0.068677799560874872,0.33567904046937747,-0.90711596280824169,-0.25389015697351575,0.021299182648429886,-0.26215109532303882,0.96479176408147316,-9.6607018087495291,4.8386587160389505,-1.3081567287425286,,0.09936672299533139,0.3953488372093023,0,5
0.10024667910081336,-0.99209267771199361,-0.075516370142537148,0.99483618299513266,0.10115474578488491,-0.0082877263993228339,0.015861031900014196,-0.074295600377420987,0.99711012001264154,-7.5337484778019306,13.263069982753441,-1.0323670198027364,,0.1672533948803926,0.3692307692307693,0,5
-0.60846957941308588,0.78156744074758189,0.13753947248748824,-0.79354846328888951,-0.59776457162583641,-0.1138347632352313,-0.0067533207167397484,-0.17840922754234029,0.9839331990470902,3.9485778020075855,34.495192659292627,-0.49482419853423254,,0.3857907717551744,0.5714285714285714,0,5
-0.56759651673290701,0.81785448145731321,0.094595144446539825,-0.82307485869019537,-0.56095122259099506,-0.088777828683654705,-0.019544083114518288,-0.12824887147206743,0.99154942175433447,-12.709529072286308,-26.280907645985618,-2.2996756161502652,0.5060127406764513,0.1954681343437475,0.3181818181818182,1,4
0.96841274095272245,-0.2336838195700886,-0.086997905903372114,0.24728684152370481,0.94485824933321194,0.21469072331195488,0.032030940817712968,-0.2294226691896738,0.97279970070524768,10.432351226920407,7.3236559518535271,-2.046426658843528,,0.428215764137284,0.2105263157894737,0,2
-0.20188974830925108,0.97877302994489046,0.035268759265485353,-0.97933919359265065,-0.20131694923373367,-0.019137132609665666,-0.011630710250233146,-0.038403669143999904,0.99919461806764853,-4.6148618822188459,15.977920485815217,-1.0224094271005992,0.09820234043805126,0.08659010442478467,0.3939393939393939,1,5
0.59965093628021304,0.79772365939956869,0.063684518153360362,-0.80004891211996088,0.59942517498193837,0.024722415204434866,-0.018452447911641145,-0.065775548891927355,0.99766381328282838,-9.9902196802774803,-26.140169682142179,-2.3617539927204185,0.3780031563565369,0.3171913686003968,0.8805970149253731,1,5
0.028696287926832657,0.98136548326642226,0.1899955560335107,-0.9994191418615721,0.031663782065231079,-0.012600943853750759,-0.018382109234256625,-0.1895235952555463,0.98170408214569049,16.191103626107243,-0.66017047964354914,-2.8096707079698406,,0.712124538169693,0.5555555555555556,0,1
0.9708151805618086,0.23959816556219107,0.010516855517526298,-0.23957117795417765,0.96680694681990054,0.088825549671423781,0.011114669783280809,-0.088752727507472817,0.99599167540476607,-1.3015576319094102,-26.452701781413484,-2.766130442291133,,0.478919293188316,0.5769230769230769,0,4
0.47553642439652283,-0.86892092588572456,-0.13726446601384665,0.87966357189621025,0.47103484079463109,0.065712852900923574,0.0075570729103293932,-0.15199540557356614,0.98835230931766205,-3.8464116091879776,11.920739899061363,-1.2372134175662686,,0.08753767370251433,0.2432432432432433,0,5
0.99362748430205894,-0.10952050974284541,-0.026639827049548027,0.112427739276107,0.97985596767999272,0.1650523736368838,0.0080265734174844068,-0.16699563032478743,0.98592496345898506,17.108101464639276,-26.427191497334579,-3.8850410238242392,,0.730484760736154,0.5294117647058824,0,1
0.61253394094744451,0.78842880663176207,0.056410886011562258,-0.78977328718445128,0.6075134984467736,0.084767352529317164,0.032562647884657028,-0.096474691386802827,0.99480264770685134,3.4423021437632881,-25.598693841141927,-3.1455722636017542,,0.3775488972733496,0.2916666666666667,0,3
-0.21886199782154611,0.97278265558234733,0.076113933729103772,-0.97534833050390002,-0.21584984950348193,-0.045874575230511562,-0.028196809975904156,-0.084277799374930365,0.99604326835720458,-1.6401435121228027,14.706350413360379,-1.2000402984449727,,0.0999376879045856,0.2083333333333333,0,4
-0.90556762590914397,0.42171173054817462,0.045896527356048086,-0.42315733519031906,-0.89044655511738269,-0.16745985236532948,-0.029751379462281142,-0.17106767315204172,0.98480998503388539,1.6759771278780351,11.522978512064391,-1.4722988798178864,0.519372702795485,0.1481678040716383,0.2857142857142857,1,5
-0.83007937446019575,-0.54841714878415504,-0.10102902065856008,0.55749843142995503,-0.81197084389312157,-0.17291283243481773,0.012795743390268472,-0.19985489632968584,0.97974195039517409,4.7771922574921337,22.788346907921209,-1.0214468243072106,,0.2827663579002083,0.2,0,2
0.69782666931820914,0.71366212537673224,0.061027128320287789,-0.71623810025474577,0.69602240360809131,0.050554895105114468,-0.006397134649872363,-0.078988508521058889,0.99685500058428278,13.982779052082678,12.241476326793835,-2.0168700368254942,,0.1619532932315282,0.375,0,4
-0.36426962406354418,0.93098147110375984,0.024106875494037595,-0.93111035182440371,-0.36356255381385011,-0.029253755139950235,-0.018470346776415202,-0.033102415709917059,0.99928127990277482,-5.3227555854456368,13.3791650835112,-1.120113143404122,0.418999939543501,0.3699704947377181,0.8951310861423221,1,5
-0.9981386024920883,-0.060138529540897726,-0.010133483103096617,0.060830737091659724,-0.9936133521253645,-0.095037507874958169,-0.0043533481399421065,-0.095477032541108731,0.99542211378747114,-8.6482050748047641,8.8057968515002276,-1.2010005052893793,,0.06781315814028811,0.2166666666666667,0,5
0.88551566577899132,0.4639965782288108,0.02385751562807659,-0.46453755406161412,0.88330669810581153,0.063040764175736147,0.0081771955120268375,-0.066906296216146799,0.99772575440358058,0.07341871008023583,-27.052315603547711,-2.9055782409496671,,0.1264809143204873,0.1818181818181818,0,4
-0.84267451477084165,0.53522072708107782,0.05863817407225886,-0.53841189819479729,-0.83693536125704371,-0.098243722241253148,-0.003505715048495576,-0.11435897157785119,0.99343330706276101,-4.8941188851898252,14.861227615828376,-1.0747379509232196,,0.1172506219615835,0.2592592592592592,0,5
0.2884382909429139,0.94566223366094815,0.15008761489649541,-0.95749310425042855,0.28539670993701305,0.041900755005229981,-0.0032105499234272817,-0.15579363845971431,0.98778440693537672,-16.31785859247957,13.272976890284239,-0.81522219033649956,0.7028772107990454,0.417528982922857,0.1851851851851852,1,3
0.11081968953940284,-0.99279706876570872,-0.045529953443951166,0.99381592495401061,0.11102295161841143,-0.0019523118965526025,0.0069931193466101667,-0.045032038196753291,0.99896106621712311,4.4807313658580883,12.343877653254324,-1.573158588690776,,0.07636251154018894,0.3461538461538461,0,4
-0.90260357581158357,0.42863678858338988,0.039715090394715831,-0.42960114013949613,-0.8910661979942528,-0.14643732851602817,-0.02737965162282369,-0.1492365044651757,0.98842238967560181,-1.4556398066569913,10.567215286679138,-1.3906798982373274,,0.107350712397775,0.2857142857142857,0,5
-0.81471850264628076,-0.54814479354976919,-0.18913235246800836,0.57913287954074788,-0.78549278304249548,-0.21818844062643863,-0.028963240161344737,-0.28729492354101233,0.95740417673358824,14.99087271412999,2.7165790159257144,-2.6178661205831677,,0.3678216548032864,0.15625,0,3
0.30490619092884935,-0.92300918778437047,-0.23470461009297641,0.95123731194430272,0.30722813594921677,0.027539950002608463,0.046688232974023088,-0.23165688365944492,0.97167653936634535,12.932509092956431,-29.298160753082936,-3.8590862481399499,,0.1674078175428518,0.1428571428571428,0,3
-0.71924907981343078,0.68293663203579302,0.1275865110861604,-0.69463030768102507,-0.7034513204797439,-0.15048247527957223,-0.013019095148877578,-0.19685983932460802,0.98034519778626539,-21.328284136330709,13.727165058692181,-0.71683819651188274,,0.3233495351738249,0.1,0,3
-0.99794153215411585,-0.062722271527002924,-0.013364694399371383,0.063943172004786553,-0.98909184687382645,-0.13269735943751601,-0.0048958304568223242,-0.13327878714265057,0.99106649410719239,-7.6362469129823047,5.0508462957042797,-1.3605946737279246,,0.07118825396826677,0.2781065088757396,0,5
-0.95752968913756675,-0.27712162059063294,-0.079627268076560176,0.28830372546280547,-0.91614611824479641,-0.27849102662250885,0.0042256720628003281,-0.28962026418435061,0.95713230343009759,-4.2485155868779012,3.5018345789182588,-1.530261367969024,,0.2675254645376334,0.1573604060913706,0,4
0.95460997894343391,0.29719252530876566,0.019909570618558376,-0.29760311731911671,0.95442612374905478,0.022431202983751817,-0.012335828450524012,-0.02733820048856327,0.9995501238709773,-15.655836257037866,11.003253125441738,-0.9241044225181414,,0.08639172180217164,0.2692307692307692,0,2
0.87545727147339603,0.47406668999276386,0.09399648537929621,-0.4832915524579891,0.85794408681362822,0.17424471074978265,0.0019598844614651845,-0.19797150638623062,0.98020581589381672,-2.4927419594298583,-29.027063957975848,-2.8551341624962956,,0.3028457246652234,0.4444444444444444,0,4
-0.87890063256611572,0.47190141541076713,0.069589742119053263,-0.4767833276416415,-0.86464717853121442,-0.15831271313755482,-0.014537419229176663,-0.17232037253710078,0.98493367931593734,-2.6995513689643773,11.929516576214914,-1.2760728962362213,,0.09089408073621903,0.325,0,5
0.67661785053907808,-0.73145127485352979,-0.084660007364902187,0.73620389767323191,0.66984749931434173,0.096478747468372053,-0.013860208606699063,-0.12760627013383777,0.99172805468026859,-1.3220397967001378,-33.185826716456106,-3.3182959028901706,,0.2928476520292174,0.32,0,5
-0.97981334281747245,-0.19734948950352649,-0.031921657687981352,0.19982523116570278,-0.97158144152835746,-0.12688333013935821,-0.0059741297629539291,-0.13070073247835073,0.9914038674037936,12.737020056503486,4.4747148246971431,-2.418101270667449,0.8745853106840227,0.2993088447437088,0.3333333333333333,1,7
-0.99975481069611805,-0.020499383633355628,-0.0083722016591641583,0.021428954364415956,-0.99093965013066365,-0.13258736634297319,-0.0055783872953546303,-0.13273426486619991,0.9911359626840367,-8.2223495974556471,-26.270928339644577,-2.4374995071887371,,0.1109811843077898,0.5,0,2
-0.81584572807423461,0.57801564989031795,0.017136407584326978,-0.57795521455152032,-0.81406698767808594,-0.057120132575424705,-0.019066146850608257,-0.056505292270736134,0.99822023320992159,-2.3234778584557119,6.8029546240200212,-1.484762034314826,0.2897928148755643,0.2110976770565657,0.5777777777777777,1,4
0.66719875846689003,-0.70555002637277886,-0.23884090308322431,0.74466672524568633,0.63945752351086593,0.19122119113010061,0.017812495953820631,-0.30543941446827017,0.95204489341478726,-19.154532925557064,15.052183031581345,-0.69659639169185672,,0.2956495480221675,0.125,0,1
-0.43084750962426421,0.8821495903596297,0.19021704360784195,-0.90239143125424826,-0.42296313015647791,-0.082412956063619258,0.0077542407416361682,-0.20715764711101642,0.97827684271577653,-14.658965580952541,18.099145210110748,-0.71520605864603182,,0.1336862243041651,0.2,0,3
-0.493829503734529,-0.85055692112735359,-0.18079088794423745,0.86826115170003837,-0.4709633317171138,-0.15593624539034825,0.047486773841060669,-0.23397962325867747,0.97108112030349691,0.89594456062106531,9.4895512657485348,-1.5231239748425602,0.8401745091808839,0.442130154186879,0.1558441558441558,1,4
-0.58497689750992921,-0.79713924680109649,-0.14956955100902178,0.81086494588670033,-0.57087377589129917,-0.12884553361203865,0.017322497274299301,-0.19665236639560998,0.98032024251220595,6.7101223967986243,3.9380429448891507,-1.9635521775888876,0.4373811159330396,0.1852938752469028,0.2954545454545455,1,3
-0.89057526115517949,-0.45440704816328725,-0.019746868053237773,0.45482129698817442,-0.88935895741484505,-0.046671540278579816,0.0036458228671873635,-0.05054581531153865,0.9987150887666173,5.1987361355862145,6.1755588938798205,-1.8576793231476607,,0.07239116000822902,0.3333333333333333,0,3
-0.4509367631039734,-0.87523201368620029,-0.17499987971456071,0.89244809080389698,-0.43908368224226629,-0.10364325935174316,0.013872307010404322,-0.20291486443179191,0.97909811402680025,-26.028971909327645,7.8629707447793438,-0.8241798416739069,,0.1776413691429357,0.3181818181818182,0,1
-0.99795243018603408,0.063958634729136113,-0.00049002997428403182,-0.063560151154059163,-0.99253252573412976,-0.1041119231649484,-0.0071452271527163809,-0.10386760035456627,0.99456546658604716,-21.009096475813138,11.389063611072022,-0.80282791000695486,,0.06930655498514274,0.3333333333333333,0,1
0.15702758081502513,0.95273503676146365,0.26007362148152419,-0.98731507915734695,0.15770284853565075,0.018405054530348589,-0.023479210632050527,-0.2596647093674378,0.96541336502931285,1.2335829301343599,-22.776428549835483,-2.6920988606716847,,0.4589523181371084,0.2,0,2
-0.1144602803868402,0.97100175845985692,0.20989147024505719,-0.99320787103034203,-0.10740585876977231,-0.044744903903166815,-0.020903806761971802,-0.21358737455616023,0.97670029399661007,0.20501608039237357,19.257434463619362,-1.0190054869484746,,0.7103588248914005,0.4117647058823529,0,3
0.95390519815344588,0.29654046543037699,0.046137027409348913,-0.29969591890252112,0.94932536197306006,0.094676888985075355,-0.01572352152060676,-0.10413985537273572,0.99443836480394132,-11.898442108985231,-26.785497648213415,-2.329187652812303,,0.2174327260397143,0.4285714285714285,0,3
-0.99922600639964543,-0.014836720781117368,0.036431577663875114,0.0073561693755140366,-0.98028367548304407,-0.19745835599835446,0.038642915349835529,-0.19703752763856255,0.97963408362273086,9.1797338833307975,5.1658160095761625,-2.062469094624499,,0.1977474425140886,0.25,0,2
0.37737350604180603,-0.90325001263810367,-0.20427592028180963,0.92546897801026096,0.37572973683813404,0.048314962446321719,0.03311204732960233,-0.20728381394795853,0.97772031419871286,3.3754541552886943,-28.288713855437599,-3.3517253387662511,,0.6780464445664621,0.6,0,4
-0.27890300148209757,-0.95435000303944628,-0.10690737796282067,0.96024311123064543,-0.27574529508214096,-0.043562593749143314,0.012094754994085109,-0.11480681137751085,0.99331420656454961,-20.701431940627167,9.9321941169635757,-0.86098650502484975,,0.1593417744641196,0.3636363636363636,1,5
0.87303618969650076,-0.48472005777430377,-0.053425434686989438,0.4874466564006445,0.87061495068479755,0.066523415486143975,0.014267748387539433,-0.084119398686544208,0.99635353069107269,1.5068930177546309,-36.984474585463524,-3.6449741875405017,,0.3974161872861884,0.3461538461538461,0,1
0.63825353464085366,-0.76700223496568087,-0.065878654176508539,0.7698146220366221,0.63543264513244979,0.060089942574374784,-0.0042276727723601455,-0.089066969509630806,0.99601666739332273,-20.051487612245609,16.386597897330876,-0.65545895078222627,,0.1591540705922213,0.2142857142857143,0,3
-0.93061403261564746,-0.36458059258948178,-0.032225980294542149,0.36600061740551421,-0.92674710183195275,-0.084754688984490609,0.0010345808930422565,-0.090668631583242162,0.99588057963251642,-14.260407062665271,9.9096419879396596,-0.99337389055340608,,0.08079887876529038,0.24,0,5
-0.97259782415691642,0.23189011627490894,0.016746534544230821,-0.23226959157618335,-0.96597083340510559,-0.11380327692856183,-0.010213191189091825,-0.11457453026155116,0.99336215336657552,4.8871224353296636,3.9675138905126892,-1.9014833005053322,,0.07584807677976907,0.1891891891891892,0,4
0.33694653996049301,0.93847972508733912,0.075649420411824264,-0.9414635431667,0.3367445304121765,0.015796142740762874,-0.010650168855741582,-0.076543627020645433,0.99700935154384007,8.170045778179496,7.653366202001112,-1.9303349886503967,0.326532647023219,0.3056268468609412,0.5555555555555556,1,5
-0.72258371059970605,-0.6899213317830738,-0.043374383299716095,0.69105475665935057,-0.71930763106516094,-0.07099193749935738,0.017779327165186327,-0.081271691517382727,0.99653339516719497,-11.996974200991533,12.673677166599747,-0.94856499100878522,,0.09869080696633371,0.3448275862068966,0,5
0.83476682303826877,0.53484229345116885,0.13079782983861218,-0.55043475188365465,0.80473940985540993,0.22229724727118735,0.013635801163710281,-0.25756203788885829,0.96616554563136992,5.7503628399302986,-29.201411060595472,-3.4707376857152181,,0.4903428451189516,0.2678571428571428,0,3
-0.30358240437336337,-0.92861209480708051,-0.21334784070361609,0.95279561769588006,-0.29486751336496803,-0.072344042335834788,0.0042702054302310227,-0.22523926598168487,0.97429412315050801,-25.149479367440762,9.0614629731212908,-0.8154486224689026,,0.4067448257666093,0.1071428571428571,0,2
0.97308640692787096,0.22563129106009988,0.046833376418525398,-0.23042094814911632,0.95534765019667611,0.18497852285536401,-0.0030052131819686746,-0.1907914771635322,0.98162598831504511,4.6241897997388648,9.7859461508685115,-1.6932161820828167,,0.2144171703850735,0.2173913043478261,0,2
0.84855408567240753,0.52560590783343375,0.060781521363460364,-0.52879340708770017,0.84639922213388263,0.063133900495223244,-0.018261881317289348,-0.085713396979414935,0.99615245684031828,-0.38677224440395325,20.540640687972004,-0.93481079652622334,0.281267296924401,0.09649475468981304,0.2631578947368421,1,6
-0.97912376060120054,-0.20230844364926953,-0.019696574686338137,0.20326113193807172,-0.97509550224156816,-0.088733723868204481,-0.0012544598112329485,-0.090884845472032655,0.99586061835686002,8.5117160890399095,3.1300798928586171,-2.1603684391211266,0.1758070998977458,0.1601969486264244,0.3538461538461539,1,5
-0.92296885807511586,0.36630167575966172,0.11811676155051312,-0.38360326726257399,-0.90045164445195958,-0.20502528953580448,0.031257325045424542,-0.23454193300863257,0.97160334565684703,-16.512262704234605,6.2135900080403994,-1.0663933140297999,0.9361205364196319,0.6460790236571895,0.8185053380782918,1,2
0.98098634368269766,-0.19352400276169465,-0.014637413130223608,0.19384765779549445,0.98070118360437286,0.025461226289868962,0.0094275699548797484,-0.027814543535255157,0.99956864301191028,2.1193116508240464,13.844077362841334,-1.4094141966311262,,0.1237892791828092,0.4,0,5
-0.39888844081627534,-0.90074836042499085,-0.17187321773578398,0.91688263635801104,-0.38877767050493983,-0.090433146920453483,0.014637039603164379,-0.19366030597012879,0.98095945021351993,17.08912646293626,3.0972486372821444,-2.6992163080123563,,0.343315347273437,0.4,0,1
-0.99839648138386761,-0.053844605196584072,-0.017470674043551796,0.056401647160186953,-0.97252467060971615,-0.22586416106385826,-0.0048290949389938071,-0.22648735846993029,0.9740021336195227,-8.6628698815366203,5.7595706080073139,-1.2996460327243184,,0.1099133007064191,0.329608938547486,0,5
-0.37520014040873739,0.91346941620422439,0.15747533234376351,-0.92673980321028837,-0.36610050909500952,-0.084402336378397599,-0.019447153596889758,-0.17760642696673429,0.98390942942787685,0.17681976875937466,22.953743735750603,-0.85725221989779243,,0.3185045537096604,0.4375,0,1
-0.96801939319128227,-0.24908738179385115,-0.029898672824507973,0.25082206468997237,-0.96337284377488031,-0.09487389388952297,-0.0051716796345120551,-0.099339016041963102,0.99504020703767215,-0.2602259092848942,11.377718514303552,-1.4076125490789613,,0.08740927411272724,0.2978723404255319,0,5
-0.22448953668402777,-0.95738645083811924,-0.18170204091033698,0.97437430778513745,-0.2178290714789681,-0.056082117888384714,0.014112272943313468,-0.1896356489961786,0.98175310765088641,11.749019018613916,19.057064368152218,-1.6103214293108055,,0.3169456351180512,0.35,0,5
-0.15077547707319219,-0.98646205665790254,-0.064493149152562629,0.98838960603594928,-0.14918766959946728,-0.028792810206427197,0.018781432145991119,-0.06808560797807095,0.99750268560681243,5.7616226779536888,9.7659216630701451,-1.7577331460740733,,0.3266898864088823,0.8345864661654135,1,5
0.16923697061491338,0.98357200961889046,0.062808834341568226,-0.9853288207083305,0.1702761284703164,-0.011539287443052248,-0.022044565285348598,-0.05993448062192535,0.99795886446985482,-4.7114652433185018,17.573789861591255,-0.92917848037173911,0.317351426798508,0.1921406736056814,0.7,1,5
0.0049407851182461729,-0.99905217701576132,-0.043247384227059295,0.99970299810576291,0.0059668497692002848,-0.023628632676912575,0.023864287560369013,-0.04311779567532846,0.99878493754928843,-2.5171775702992396,8.982293993696123,-1.4103345498886404,,0.09823870596711255,0.2839506172839506,0,5
-0.86548198026865997,-0.4889966307882701,-0.10873470884662698,0.50070555689337204,-0.85109253198348611,-0.15790961749696808,-0.015326027741681059,-0.19111200140143136,0.98144858031075777,-19.648239431265594,9.0564182378954605,-0.90135844046314473,,0.5434298523115255,0.8252427184466019,0,4
-0.88759720373257678,0.45223667743525914,0.087482521159534685,-0.46041388225749202,-0.86536383926023386,-0.1979001837426469,-0.013793511180822324,-0.21593381690487101,0.97631056829586682,2.8082159158769331,9.7620559550881936,-1.6141362196183995,,0.2331926434541819,0.4761904761904762,0,5
-0.50917908526284006,-0.83665958606759949,-0.20183507170977674,0.86047470947641935,-0.49974658388065019,-0.099179767347440564,-0.017886684499076492,-0.22417423790617338,0.97438492269575716,-17.393698842414604,11.637875599245875,-0.85187678675248901,,0.2974741486599786,0.3095238095238095,0,5
0.97326628922617819,-0.21419604222350472,-0.082902266263921318,0.2206327910297762,0.9722090967489414,0.078298427321502065,0.063827124158296639,-0.094496178199946476,0.99347701056807891,6.4337523317017071,7.8074898612152701,-1.8603169164998421,0.6166375862044315,0.1885118926462834,0.1666666666666667,1,4
0.75503608532978017,-0.64847328692380335,-0.096968582520940774,0.65547099974138234,0.75025448165887976,0.086463756851061363,0.016681677011456425,-0.12884335022423707,0.99152464051836897,-13.088267693075601,20.91918219621051,-0.66875688013665047,,0.1705059377998784,0.1538461538461539,0,1
-0.91263953377796569,-0.40706810018945738,-0.037210794048028864,0.4087648194081846,-0.90870759709796178,-0.08462756873882385,0.00063545238467430207,-0.092444928387640513,0.99571759621675471,-1.9546846209037516,13.143242732407991,-1.2584243137561928,,0.07574129455955025,0.2127659574468085,0,4
-0.15869699127287185,0.95333617740365006,0.25683729833171726,-0.98713918316664506,-0.14812600898452241,-0.060124192463663496,-0.019274283852545881,-0.26307568932859354,0.964582647400552,-1.697055884744322,22.687457555415289,-0.82274527723162516,,0.1973938483738144,0.3,0,1
0.4290751501112352,0.90184928943187526,0.050619904269388498,-0.90314859921792257,0.42742964512487941,0.04032996651527572,0.014735103926492613,-0.063021882069966575,0.99790336160002668,-10.930274354102458,-29.579180585836905,-2.5995600820124536,,0.4871699420044832,0.8470588235294118,0,5
0.062038777998323177,-0.9821058512839943,-0.1778181287108126,0.99789484634381487,0.064408361845898252,-0.0075788234430831198,0.018896181226066774,-0.176973613281947,0.9840341836221963,-12.689567668292161,-28.752316794850142,-2.4514466671184159,,0.09324887030431109,0.2222222222222222,0,1
-0.53932295927833918,-0.83933417055236204,-0.068182811165523521,0.84209819020804122,-0.53743859066933886,-0.04505995237122444,0.001176283807957998,-0.081718488743573736,0.99665475715207885,-18.030054102271041,9.7167037767389353,-0.90767019189563347,,0.3953612591835013,0.9225352112676056,1,5
0.41330695305234366,0.90593700871965988,0.09195378616818127,-0.91047739212772272,0.41274303440761179,0.0259635508414949,-0.014431943143239123,-0.094452759515393711,0.99542473107565388,-14.833632373421485,-27.029063255175984,-2.2630943470376592,,0.3042421741520486,0.4375,0,1
-0.99080138862205813,0.13448661836684006,0.01503189225798862,-0.13505368354754865,-0.97568349026629442,-0.17263322212721086,-0.0085504891580788986,-0.17307534862607177,0.98487147020975452,2.5478136367187152,3.051828243122813,-1.8519114547688156,,0.09281475304900461,0.2846153846153846,0,5
0.98012139135046095,0.19781626171312422,0.015191603571792256,-0.1983856974359656,0.97630183179563734,0.086474552819485948,0.0022744823770108873,-0.087769355895604098,0.99613822680167663,-5.7211246064387549,20.112214463982898,-0.78522382630955778,,0.1990390219327899,0.4,0,3
0.27083746041184864,-0.91360529720200512,-0.30326956814374817,0.96242785266005448,0.26337018198234452,0.066096714492799108,0.019485852863456228,-0.30977654554052636,0.9506096956012815,-14.790635670151703,-25.918424465400072,-2.2053405716244767,,0.5408184386442287,0.3617021276595745,0,1
-0.99164820261033071,-0.12819120606550741,-0.014172400896569234,0.12844469786528251,-0.97168215209065512,-0.19833243531699846,0.011653405081725359,-0.19849637275261645,0.98003234036130515,-1.5172202715940883,3.2085474444359776,-1.6655329197158317,,0.2494483329579823,0.2639915522703273,0,4
-0.80547435553374991,-0.59047738258002291,-0.050472995145282383,0.588725974877229,-0.78749952355929642,-0.18233547899061664,0.067917516756333521,-0.17658131570278451,0.98194004392443746,-15.35158268604455,5.8829856160367155,-1.0977141940630122,,0.4075206046369156,0.2705882352941176,0,4
0.61638855478723398,-0.76604036575353396,-0.18233844236336239,0.78687997213577809,0.60795607374749816,0.10587408486085739,0.029749940821832313,-0.20873804260296858,0.97751898733036324,20.05477437623021,3.3268112884201733,-2.8351657748163737,,0.5307639711067372,0.3333333333333333,0,3
0.85350513004786988,0.5210781292314618,0.0025644138921505216,-0.52106438665948329,0.85350512371969711,-0.0045726075058516429,-0.004571426161147355,0.0025665192120853057,0.99998625742656477,-13.650124580931079,15.227124002883981,-0.79388933684803442,,0.09433813488352497,0.3333333333333333,0,1
0.99698960815819149,0.077521909132249586,0.0014404266965985142,-0.07740327908749195,0.99403675137876224,0.076809304741431134,0.0045225668685904535,-0.076689572386664351,0.99704476121991148,-4.485969540450494,-27.660365707523709,-2.6605713217118936,,0.1347581839495861,0.2727272727272727,0,1
0.99809212939850078,-0.057597844968325082,-0.02223936797148875,0.06093039755890086,0.97707241208758777,0.20400242202154834,0.00997937303044601,-0.20496826532990015,0.97871774394948552,-17.301140895777927,17.524331108248877,-0.67447729807119339,,0.4077578529764253,0.3214285714285715,0,2
-0.98943071524809734,0.13910755538683414,0.040938340927995059,-0.14449586281379742,-0.96950889277242525,-0.19792284472713506,0.01215752249984085,-0.20174636271686333,0.97936234345475037,-5.4884527252327642,-29.826891760321342,-2.7647154893763499,0.669375167042435,0.6108990824136176,0.7454545454545455,1,4
0.17550528055215323,0.96995939653974039,0.16845374903091709,-0.98406821477734785,0.17778431505418699,0.0015767008706703254,-0.028419098564732459,-0.16604669941005992,0.98570829785073388,10.706147823852762,-28.463996273225082,-3.7197591437263493,,0.3097452189237063,0.1176470588235294,0,5
-0.99938547931734101,0.00093063631143463187,0.03503994357448191,-0.0072974754372386813,-0.98326798384841696,-0.18201873197808671,0.034284261431303052,-0.18216258083021192,0.98267053663136994,11.170743116698244,10.635137606167124,-1.9696794511810669,,0.2409848735939834,0.1764705882352941,0,5
-0.36472323188644601,-0.92337061135822163,-0.11984856362197201,0.93096168544578506,-0.35928626500289995,-0.064990153194226935,0.016950054697517054,-0.13527783950156116,0.99066270838542247,16.166772798114796,4.0612949334375923,-2.6433615608653587,,0.8721959082411108,0.78125,0,3
-0.0086309021539327305,0.97309808493370187,0.23022950424819752,-0.99978952631708395,-0.0041121963902888276,-0.020099574809140708,-0.018612108818449075,-0.23035452446003585,0.97292876536060968,-19.370149864745432,6.4698494230355346,-0.98970597129372762,,0.5761335461393532,0.4528301886792453,0,1
-0.71293879898414358,-0.67583175859334532,-0.18700187961535222,0.70117160132822509,-0.68373692728198099,-0.20214400748429057,0.0087552495030585181,-0.27523671329897603,0.96133662015888965,-7.4946089796389961,2.4995751430488578,-1.4710833817241549,,0.7828071324570056,0.2686676427525622,0,1
-0.31283794376829382,-0.94477980120471561,-0.097588668268422801,0.94967575375429847,-0.30943458403526169,-0.04864361144209705,0.015760192575949329,-0.10789515947670207,0.99403734884131278,5.8357513952509397,23.239710652879157,-1.0252193234585014,,0.2990023721138245,0.2,0,1
-0.50457516575160077,-0.81540011552368596,-0.28377201009032649,0.86326973879055902,-0.47153463045966482,-0.1800567976104982,0.013010003659686811,-0.33582397752576743,0.94183490905972889,1.1009428143215587,-29.696799354763986,-3.2713556143468705,,0.5476644352601245,0.6363636363636364,0,1
0.98383426764414295,-0.16801465696507237,-0.061977486670752008,0.17884483460330197,0.93959861619319607,0.29183722446519705,0.0092010295528119138,-0.29820381535577528,0.95445786997773141,26.72342608775481,-2.4831770298197764,-3.9249853638698395,,0.4242501248233695,0.2727272727272727,0,1
0.57550602749438218,0.80796367459662033,0.12644173697779998,-0.81771326150986601,0.57074669474862716,0.074787916032044974,-0.011740284005680069,-0.14643398159527496,0.98915077453622868,-13.712478029787817,-26.039355337619231,-2.2690019487802355,,0.6636471444253452,0.59375,0,1
-0.45105803140932665,0.8690422386665273,0.20325412594733283,-0.89245659629566787,-0.43708445316830802,-0.11170677923435636,-0.008238691006160247,-0.23178172536253247,0.97273293136321504,7.5803203229379177,8.9672661286626418,-1.88346488107457,,0.5341942306958481,0.3037974683544304,0,3
-0.99514315040697754,-0.096346699345110948,-0.020184739864014194,0.098351990977962322,-0.9817309329201952,-0.16288419572909402,-0.0041226288634689037,-0.16407830104235552,0.98643870314293092,-9.8603426528502691,1.74516112056189,-1.4275185078792303,,0.3268113379347448,0.3284241531664212,0,1
0.96760158953695252,-0.25217549159501074,-0.012437257108346705,0.25098499178972683,0.95534050843179841,0.15598412369720493,-0.027453557544974645,-0.15405205090516907,0.9876812581951917,-10.025082283125961,12.576253503651715,-0.98852463779585142,,0.517033639686628,0.3684210526315789,0,4
-0.24399846293005847,0.96743157133576385,0.067386236507051792,-0.96977212328021289,-0.24322125944129472,-0.019632826194373856,-0.0026036505827309641,-0.070139673071706404,0.99753378251818481,-0.5174020167193234,31.046557595648576,-0.5583231389921649,,0.2387743946556553,0.5,0,4
0.28464279671968051,-0.95591220720730719,-0.072182618320851294,0.95843541890618478,0.28530724435073468,0.0011506985343840768,0.01949425714730962,-0.069509916077098652,0.99739076870864884,-6.1095515300170806,12.005668590782031,-1.1527831516908302,,0.2945409534204073,0.4712643678160919,0,1
-0.67217108585970531,0.73369129050067783,0.099413890265068222,-0.74018284906653187,-0.66267208210876538,-0.11399588387913635,-0.017758977502563909,-0.15020919358376167,0.98849472273805239,14.792578058582253,4.1122418722236302,-2.566610447641406,0.7066439752300939,0.6600020819841506,0.7129629629629629,1,1
-0.9353141908700513,0.35059486450761584,0.047650869225940168,-0.35357731255869979,-0.92119258940727267,-0.16244167342431573,-0.013055588874837223,-0.16878226862443496,0.98556689138643472,14.377324342579982,6.0687219059915725,-2.4489163720217735,,0.09273496175343698,0.4,0,3
-0.52376455491916907,0.84595516453101327,0.10015263657853338,-0.84750652097019818,-0.50559695148859862,-0.16156862182499304,-0.086042942321358992,-0.16950392989173635,0.98176628065336458,8.0727651932512199,-26.751978300466082,-3.4543779066468145,,0.307228253608039,0.3636363636363636,0,2
-0.72675597551638804,-0.68278322629563259,-0.075052101506563593,0.68239704271384261,-0.70518902506807557,-0.19246484099424596,0.078485846791803288,-0.19109030538691765,0.97842959227555504,-11.699295637240999,18.169536413741469,-0.74462127277421009,,0.5421272079445335,0.2678571428571428,0,2
0.540549138362309,-0.82544192098838254,-0.16264152019325984,0.83996423568574385,0.54044226332648471,0.048808224505825906,0.047609996687984303,-0.16299630390151718,0.98547729204168599,7.9197250648021846,26.261817929757772,-0.84167542067261536,,0.2079952675862408,0.3529411764705883,0,2
0.7313019446813166,0.66995918003683153,0.12787557542275937,-0.68200348063543836,0.72055959897987498,0.12516036400997527,-0.0082896385007099026,-0.17874160512409767,0.98386112866155506,-16.705298349537021,8.4653729926433741,-0.99841053517755463,,0.3826022216805892,0.1842105263157895,0,1
-0.03338747567069545,0.99467241248414218,0.097529832929803981,-0.99942468952389019,-0.03264524100117111,-0.0091966412375133859,-0.0059637604256711982,-0.097780775630755767,0.99519010921463291,8.3055902268770065,5.0407503577720529,-2.0091662656945881,,0.1521932521118082,0.16,0,4
-0.94482892570553534,-0.32692023037558959,-0.020529591357285128,0.32756390733811652,-0.94288774025452626,-0.060535905767571015,0.00043331225630987967,-0.063920827974032715,0.9979548787353083,9.8948941477135612,3.1854366654387825,-2.2646245107602248,,0.08614232079264432,0.2666666666666667,0,1
-0.59683490369590642,-0.78628023473974828,-0.15984833495506037,0.8011082087345317,-0.5728134938578584,-0.17352331011280217,0.04487466577534286,-0.23162058136521493,0.97177063685809684,-9.5759054444522906,36.884257110730985,-0.24075866487834174,,0.497633479227085,0.25,0,2
-0.17787200778628007,-0.98268945208455027,-0.051797583030903427,0.98374383224265149,-0.17624881305185397,-0.034415525890997327,0.024690511752874237,-0.057077111520980273,0.99806441774556898,16.220506462585305,-35.21386632754821,-4.368043030857919,0.6262668009543244,0.4967127548376988,0.7241379310344828,1,3
-0.99011877924917635,0.10847928570148596,-0.088865333802421759,-0.08886456098689216,-0.97559145145813886,-0.20080938634040263,-0.10847991878097732,-0.19092816558982981,0.97559138106369858,-12.842904593295506,14.225203810605134,-0.87309908440601702,,0.4664286222179118,0.2816901408450704,0,2
-0.83715439361141741,0.54663489851497937,0.019047545317445933,-0.5468578928392902,-0.83578583302265774,-0.049076331953348228,-0.010907167206627561,-0.05150076741313718,0.99861339098741608,1.7582085429266474,26.021146310291346,-0.7422734602666512,,0.1789859235175336,0.1666666666666667,0,3
0.51133167963480164,-0.8549288760947743,-0.087387242897230349,0.85911591093422945,0.51105998200007463,0.027157805097865525,0.021442130992575581,-0.088962416881570944,0.99580415916036802,5.7051300673438812,14.263934863263994,-1.5533771783498778,,0.08047913932807751,0.2777777777777778,0,2
-0.49540668211199484,0.84593864437062483,0.19738295083207058,-0.86845151591881431,-0.47733941250223882,-0.13393673794120892,-0.019083600737271052,-0.23777067782299827,0.97113383266699804,-12.301444450366535,9.2310657401498482,-1.0510157851858704,0.4225268197704312,0.3348716634546852,0.5555555555555556,1,1
-0.010572776368382331,-0.9961775688070027,-0.086709098747676211,0.99977301271011232,-0.0089271106020946851,-0.019345018812192836,0.018497012094127543,-0.086893947442086297,0.99604583350442344,-8.1628208911989848,18.514044756466678,-0.80999365819649471,,0.8388183452226972,0.6363636363636364,0,1
0.99880936374066209,0.048782221971648568,-0.00038694118904927365,-0.048519619974905656,0.99419439997995707,0.096038229502553127,0.0050696529926320313,-0.095905108664779401,0.99537757095010526,-11.399403530284053,-27.790601937609019,-2.4225701528085386,,0.09122393322696001,0.1666666666666667,0,1
0.21505684089332,0.93677820945961432,0.27603829710137001,-0.97655680691154734,0.20898303971723278,0.051603216811243871,-0.009346553359819619,-0.28066470278997413,0.95976036933606879,22.107718356133113,0.89289040236888584,-3.1503360165919161,,0.5673085840775349,0.5,0,3
