axis_00,axis_01,axis_02,axis_10,axis_11,axis_12,axis_20,axis_21,axis_22,location_x,location_y,location_z,dbh,dbh_approximation,score,reconstructed,number_clusters
-0.9723733178117665,0.058420561476797007,-0.22600258583581231,-0.054701032276192975,-0.99824491966997653,-0.022690910537082571,-0.2269315488768735,-0.0097014612208050945,0.97386238954717075,6.9086722108683949,-8.1812321934243872,0.82181438305084409,,0.240167135054653,0.3076923076923077,0,5
-0.28584230777192915,0.95503828983028782,-0.078714928988462149,-0.95746361832430438,-0.28125163078444415,0.064505346804923799,0.039466373952397348,0.093805037919781703,0.99480803182720612,-1.7656338860413139,-12.773341568021722,-0.47854224555774821,0.1635427779964773,0.1746922483791443,0.35,1,5
0.24496997783377969,-0.90823036034744786,-0.33927470065311938,0.96849961288467334,0.21310301626927008,0.12882392751029864,-0.044701340051018654,-0.36014541091076763,0.93182459357840475,-11.201298051972076,9.5373177363076316,-4.063563432133094,,0.1914965132177309,0.3666666666666666,0,6
0.42004271785314923,0.90253434141135702,-0.094846601160543539,-0.88706428916298719,0.43039031587628807,0.16697641417779086,0.19152300663446117,0.013997806009390552,0.98138830202760186,-18.623574812817342,-3.3741780158018644,-4.6886937431351585,,0.1359328833467537,0.3571428571428572,0,3
0.24818237005974464,0.9518792787248842,-0.17980920422971247,-0.95873561191983037,0.26792992577167535,0.095076712778123268,0.13867781952510388,0.14879312353122684,0.97909604675005413,-4.4253203154415441,-14.236811497855935,-0.85502884380735178,,0.08534118377077142,0.5357142857142857,1,5
0.65979165725030886,0.74434029000418933,-0.10311402280665741,-0.7234665807232763,0.66631114801745128,0.1806254705301531,0.20315283802955872,-0.044575629038152167,0.97813186109869188,-7.5638263887452046,-0.67342303236783463,-2.6371547594171081,,0.1627273560576366,0.2535211267605634,0,5
0.40074802128507492,-0.86955994676556536,-0.28855939149014914,0.91600599135612693,0.38655975282855903,0.10725941120854517,0.018276959150183,-0.30730612827308129,0.95143517713506498,7.0354816761504679,10.378223125000606,-0.37096597961114763,0.5777270890598889,0.7340304924006675,0.5222222222222223,1,4
0.86000729948108023,0.48504936308541002,-0.15847574012983359,-0.46057478947599406,0.8715493941968725,0.16814433316115432,0.21967773701129628,-0.071615423237620879,0.97294034915615091,-6.8319647634425831,-4.9811313139168458,-2.1575842659765834,,0.07625471945514653,0.3233082706766917,0,3
-0.88119872781603303,0.4620610212983744,-0.099942056673392829,-0.45129637220908259,-0.88516106246384729,-0.11323196513703068,-0.14078489452468082,-0.054676376019044008,0.98852926480661052,-20.385916062346816,5.1746955985160117,-5.6315224158811299,,0.195689728326075,0.4166666666666667,0,5
0.35053619569025829,-0.90287608663114316,-0.24887576760430954,0.93645020185262784,0.3340337421349327,0.10715632769700202,-0.013615981829262224,-0.27062193426432896,0.96258941077380422,-6.2739449444981128,-13.393872511592809,-1.2870289190730817,,0.07500326776024666,0.25,0,1
0.97406621909138225,-0.062710035689942031,-0.21739929219936646,0.12350727076490912,0.95241837094690918,0.27864888435276275,0.18958099823880745,-0.29827285848129415,0.93546370693906422,17.103526590219222,-0.89260376343559922,2.3342345372414242,,0.2591406204163049,0.1818181818181818,0,1
0.94133553405983061,-0.24898872971240751,-0.22779821068765488,0.2938197059790455,0.93672767461305095,0.1902925221663096,0.16600419481050105,-0.24606071626781442,0.95493284120669431,6.6256208142550257,-5.7048444178030442,0.51988648321811448,,0.2172079011364934,0.7204301075268817,0,7
-0.47485194279620668,0.87469595273228373,-0.097070194686275466,-0.88006101031698347,-0.47231210226239989,0.049131417406013504,-0.0028723757622546946,0.10875784261484675,0.99406412324721072,-7.5382032261085277,3.8567341766519685,-2.9168749832489875,0.5470551773645765,0.2853443913215615,0.336734693877551,1,5
0.11645386085123863,-0.96237202508555508,-0.24551697217416169,0.99105342745446567,0.096367399724903657,0.09233866038132385,-0.065204311388106492,-0.25407363027868207,0.96498444970549391,-11.311538492842079,-10.664483500916949,-2.5432315030541943,,0.1030902175130214,0.2727272727272727,0,3
0.10724654258208152,-0.93411615270290393,-0.34047788821554226,0.99218957103700789,0.078613105735011055,0.096849546886368029,-0.063702701901791961,-0.34820538891036928,0.9352512886407538,5.9467360845747965,-14.765871922625699,1.2375117093198083,,0.1921247650130853,0.3846153846153846,0,4
-0.35284705033934244,0.93122660414897807,-0.091191944775772249,-0.93560812916383362,-0.34992349654708504,0.046807854114595801,0.011678514861768933,0.10183593810352132,0.99473265453648363,-6.0351514959330741,11.272723372472445,-3.0778026370844143,0.6074501503178604,0.399218346938746,0.8068181818181818,1,6
-0.96667022089628341,-0.14473950759963602,-0.21118512961888769,0.14474887163285066,-0.98934702823254317,0.015499093149375694,-0.21117871150603243,-0.015586297419572176,0.97732319073037521,-8.1723467603569162,-1.3412751605431976,-2.715553449734263,,0.07318256898909321,0.25,0,5
0.15619390512972667,0.97162750332530712,-0.17760478254302997,-0.9794251549080234,0.17562013078215838,0.09941798427575009,0.12778822298522544,0.1584221084504577,0.97906721200354296,-9.8642168147435978,-10.649133385234226,-2.2445825008245182,0.1940756404702817,0.1424109927941819,0.4024390243902439,1,3
0.96759885193691419,0.16132818330322071,-0.194230993928488,-0.14017430777601272,0.98304486087997778,0.11821152624419108,0.21000863117948665,-0.087155141957016957,0.97380714520924061,-8.3993922484485051,-8.7347789017371777,-2.150571978416262,,0.07303147185544961,0.2096774193548387,0,3
0.096700697343667777,0.9826601179590706,-0.15820261598947882,-0.9892024032595087,0.1124717242929153,0.093961250631268825,0.11012529463689104,0.14740828947940671,0.98292584444295417,-10.087443059416227,7.1306808453492412,-3.6663970354844486,,0.0691114709965175,0.2413793103448276,0,3
0.48453229726291025,0.87267123264156155,-0.060608354448754738,-0.85857415604852727,0.48768867804296379,0.15814604602792706,0.16756751318405277,-0.024590100214627743,0.98555388259432497,-24.014061924354795,-10.70500142410841,-5.137696023880701,,0.6932913547095776,0.9148936170212766,0,2
0.96334291303957642,0.20476345604407498,-0.17332731742373642,-0.18119113300021822,0.97306864989240593,0.14250324880039483,0.19783883647686526,-0.10587412179308067,0.97450011037250461,-22.952275586528,1.0751894157682493,-5.8911546188535819,0.885329764913907,0.859250200334037,0.875,1,5
-0.92153779027050176,0.35160097482885827,-0.1647569591937115,-0.35862838083010223,-0.9333747376457765,0.014045767613706118,-0.14884147797754765,0.07203022715551971,0.98623418152555653,19.068384370208438,-0.27281595342571763,2.7210378839997564,,0.1357337475518864,0.3809523809523809,1,4
-0.88608415378336358,-0.35647895895284276,-0.29627288812498226,0.40967421870827481,-0.90130299723085494,-0.14078331473737393,-0.21684535258977883,-0.24612122827292909,0.94467054259865624,9.019218686245285,15.070711723937302,-0.21509660156550547,,0.3646059941456009,0.4848484848484849,0,4
0.47667875065922266,-0.81706031610691365,-0.3243297835741149,0.87870343618613989,0.45362424235321075,0.14867857271357357,0.025644490726711527,-0.35586161157498464,0.93418674444814398,20.607494054790187,-2.8505582368033178,3.213904146221283,,0.1088326109713662,0.4,0,4
-0.95404707524178411,0.27245882620398865,-0.12474119706874455,-0.24365753068838758,-0.9476601327301285,-0.20632808963578791,-0.17442816848615961,-0.16645257840436417,0.9704990227615401,17.582660885807062,-7.1704322077973108,2.7773831761168526,,0.5062861400518994,0.2777777777777778,0,1
0.55899224927459445,-0.77586227643330707,-0.29251562908442608,0.82860150158335055,0.5357864684713044,0.16233425940591314,0.030776887834019835,-0.33312248229559061,0.9423811304161801,-14.278675392125464,-7.5962409862133873,-3.4756722666409612,,0.2087836135002053,0.15,0,2
-0.070715272217911795,0.99195355273349206,-0.10501190168047558,-0.99512792902941405,-0.062904704889400254,0.075917079556627562,0.068700474094262873,0.10986877318956793,0.99156900795509084,-15.058749632356724,6.9314993743263447,-4.6429681950507353,0.189648017266755,0.1374900264527421,0.3939393939393939,1,5
-0.27006311403521444,0.95470136259655147,-0.12494487862210735,-0.96210046870794641,-0.26247915422709622,0.073941745368774389,0.037796858990598196,0.1401784642964769,0.98940456619015504,1.5067306689403193,-9.2712163079624474,-0.17479054198481783,0.4944476523154719,0.2080617414545657,0.4390243902439024,1,5
0.96895749176525892,0.16188121355010729,-0.18685783861407795,-0.12786987072467423,0.97501991165842194,0.18161901891173196,0.21159082048339284,-0.15208762135410459,0.96545257787113359,-12.721925209561309,-2.8242718627368775,-3.5217323619759178,,0.09134475468110731,0.1851851851851852,0,1
-0.51885763774915272,0.85172300869398232,-0.073175598464515143,-0.85478123976190101,-0.51807201957638382,0.030828796329978606,-0.011652634915638513,0.078544885214239857,0.99684247356651368,-10.037554689375353,10.697290428691833,-3.8786059644677575,,0.2031198167797301,0.2,0,4
-0.15844367427565026,-0.90373450183679904,-0.39769278629593469,0.97937419972721307,-0.19499821233670928,0.052932731784487694,-0.12538651837702716,-0.38110319780248492,0.91599048774209846,-18.118264688105523,-4.9413540701817817,-4.4869864749890072,,0.2474615749031776,0.3846153846153846,0,5
-0.94426028686977259,0.27813765981240135,-0.17610210911484192,-0.28287879908730207,-0.95915378257043937,0.0018990544342640042,-0.16838080551993032,0.051608754828026994,0.98437007307087521,1.0455986353926574,0.57319734966019797,-1.0195599466155691,,0.0686183803103399,0.19,0,5
0.9723370765954692,-0.11801355484774782,-0.20157730613830319,0.14649130459141815,0.98026769978252737,0.13272352633266665,0.1819365470621061,-0.15858132814197054,0.97043858909662462,-7.0677911704263732,-7.9553244324135761,-1.9294559886480029,0.351417834507467,0.2679977005519837,0.8894472361809045,1,5
-0.04721430129916649,-0.94499557889871566,-0.32365748193841232,0.99734180199055134,-0.062600922509348539,0.037288798629337955,-0.055499006793566293,-0.32103657169061089,0.94543925234891102,5.0044465306560362,-0.37021043451979668,-0.11619952476121034,0.7378592703254112,0.543347146493933,0.7679814385150812,1,5
0.53667377482026613,-0.80929146367274429,-0.23880658752763517,0.84309667101768038,0.52577824244333615,0.11289483199908901,0.034194484044539397,-0.26192473460829235,0.96448233299594655,-7.8213834124127386,6.9684683432349539,-3.1807627259122238,0.4835516460306794,0.4338191013201113,0.9436619718309859,1,5
-0.9285191223834629,-0.2472839673200774,-0.2769528459407618,0.27773696687440697,-0.9576384107273449,-0.076097644713950086,-0.24640295574454699,-0.14757816168406745,0.9578654757293964,-15.379521440483467,-1.3098286085667992,-4.1754259582570983,,0.4950231636071587,0.396551724137931,0,4
-0.67899757356830648,0.73200275950912208,-0.055984418898325172,-0.73064460404497134,-0.68122968191844679,-0.045657234402218479,-0.071559469452473892,0.0099035622037089016,0.99738716744670308,0.044328138529532025,1.0885366683235314,-1.2456637278339957,,0.2276743620263554,0.1747967479674797,0,3
-0.60305124395697629,0.78203593824831275,-0.15731811227581041,-0.79622212714287433,-0.60211952601547181,0.059011868628102773,-0.048574905146795175,0.16084734277875035,0.98578324742866019,12.441131689641944,2.5513045962934289,1.2213660450733299,0.4466738064107105,0.3158410628305304,0.5879120879120879,1,5
-0.92918128215303109,-0.27988674345097525,-0.24142401648729758,0.30728378296310987,-0.94792896561708695,-0.083709932935116318,-0.20542351770021719,-0.15196738789796041,0.96680250899092157,6.6989828542947691,15.147479761539733,-0.75144957956820058,,0.3212727246323014,0.3571428571428572,0,4
0.020192695562165502,0.99325552402167017,-0.11417407344214414,-0.9946600753588406,0.031517886161065906,0.098274906965539185,0.10121061966553217,0.11157995721623352,0.98858804545399181,-14.050184477090099,6.9365720308419325,-4.4341796214162583,,0.4153466647091262,0.6419753086419753,0,5
-0.20576046975877604,0.9782001676585329,0.028054608845372284,-0.97719959948156176,-0.20691551147386422,0.047612119093626323,0.052379116618402714,-0.017618260536394363,0.99847184488995411,0.31438895204255785,-5.9974759180194042,-0.68435705380390566,1.076623226560222,0.5878991965873804,0.7010869565217391,1,3
-0.78117815760057518,-0.55766111912255556,-0.28066842057265834,0.59346369847487113,-0.80287204297234716,-0.056544860119532581,-0.19380795824810532,-0.210738128568109,0.95813773356825516,5.8920062537100444,-0.85580078473220689,0.057057910347636,0.9726395237714198,0.7249120635488384,0.5508982035928144,1,3
0.7212043518751502,-0.6462339301259542,-0.24949146356199584,0.68634652935810825,0.71536471202307172,0.13107925247813476,0.093769528496324583,-0.26577252744802332,0.9594645585843522,9.2192660293754525,-7.8297917013168226,1.2084434168168692,0.3892928701915861,0.3490711753294002,0.6848484848484848,1,3
-0.68316587095437598,-0.69226313933698147,-0.23249976059870989,0.70218799119317921,-0.71014965657771456,0.051180956288873779,-0.20054031461837918,-0.12829345726833674,0.9712488718319835,-0.48425224003130451,-21.709606912104448,0.63370768638867192,0.8844377261363278,0.884941333680737,0.9838709677419355,1,5
0.78773362928618196,-0.53455599648090757,-0.30614639621907264,0.60487497179850602,0.76529414103782167,0.22011621063642925,0.11662760300794191,-0.35857323424858162,0.926187474487285,16.566080248862985,0.54138469060591754,2.1270808116745896,,0.1785774426652332,0.1,0,4
0.62567421993785877,-0.7463779227833448,-0.22682981921866341,0.77789423049056761,0.61873300412244114,0.10977265496974879,0.058415209274979875,-0.24513152794212206,0.96772836960281439,16.409063982734182,-7.9671283086399134,2.6694817138829072,,0.1574698464803306,0.3333333333333333,0,5
0.4800928799346646,0.87679912547682859,-0.027094652592504737,-0.8590709498579413,0.47618701671346658,0.18773126597267598,0.17750473161641284,-0.066852215195888492,0.98184665379945568,-3.4979682834074142,-10.985026553969613,-0.9426052981181211,,0.1457405139993077,0.2727272727272727,0,3
0.37860782924645553,0.92176464971108718,-0.083702103774545455,-0.91120664193362677,0.38707348144903281,0.14098430996025763,0.16235321779789769,0.022892149351320917,0.98646712168665129,3.3427784666561835,15.108854647833157,-1.4501031614976339,,0.1657473420232487,0.3461538461538461,0,3
-0.94967100285558026,0.19750154210925688,-0.24314219543251311,-0.20119808075797577,-0.97950162273443053,-0.0097930260861922042,-0.24009231273529774,0.039619590168037337,0.96994121957999768,4.3815337628238327,9.6195564294028362,-0.8674024643775321,0.3435287000138839,0.3070903328507932,0.7669902912621359,1,5
-0.9611270060803383,0.20633850622825836,-0.18346470786103267,-0.18707456120267274,-0.9753618696754589,-0.11692874639719081,-0.20307138334553812,-0.078061796230180003,0.97604731915796239,6.5934944294633224,-10.228551111759003,0.9179086161545974,,0.2718338825484259,0.25,0,5
0.018732540853566116,0.99418069890656979,0.10608406965616905,-0.99528381535051647,0.0084415865912367861,0.096637811011751729,0.095179928632510999,-0.10739402933807878,0.98965009152126249,-19.067136029875787,-8.924503882792207,-4.2641456960802868,,0.3417683712892639,0.1818181818181818,0,1
-0.54796917971341275,0.8188614255969634,-0.17086762055322166,-0.83558595973946315,-0.54536908294428088,0.06609589438683755,-0.039062539222269682,0.17899309773794178,0.98307455922309672,7.3545934094782135,5.5652081995872642,-0.0084458652705535278,,0.0842704024119513,0.2786885245901639,1,5
-0.66698346442489787,-0.69002952463697764,-0.28105571211599573,0.70878012769045107,-0.70391643861875031,0.046177678952121139,-0.22970369778231944,-0.16840695523511948,0.95857983947794734,1.8575292494568918,-5.6968968802319582,-0.35039339995749941,,0.1143580907698724,0.1617647058823529,0,5
-0.930821921871408,0.32091279298903769,-0.17488718952397367,-0.3320488801375025,-0.94250302340701442,0.037836385504808633,-0.15268952473254258,0.093290032504084089,0.98386120915113739,13.548467599587413,-8.2783889070474714,2.1178325652455761,0.174724332579962,0.1832020298579106,0.4038461538461539,1,5
0.94421773147051724,0.27690097445645506,-0.17826588546813066,-0.22317352106692617,0.93607931812410017,0.27193581903623987,0.24217030179454563,-0.21698239680993922,0.94565965569191623,-4.0617981061085198,13.432349045129378,-2.8690602925735904,,0.227902153155757,0.2592592592592592,0,5
0.79955091447457705,0.5723250748235823,-0.18210530989251472,-0.5590927589937873,0.82001740500639386,0.12242035095234591,0.21939376017467568,0.0039324565809778179,0.97562847118237384,-18.553405813096013,-9.9488157939995681,-4.082845825062356,,0.07985396584052767,0.4615384615384616,0,2
-0.47865368215119292,-0.81159486431284278,-0.3349692952855895,0.85985023227737134,-0.51048113631753533,0.0081601174323856097,-0.17761821588918561,-0.28411755610130385,0.94219370816163206,-21.813456557449122,-19.087058448639226,-3.7471037023501097,,0.4031082556801846,0.5357142857142857,0,1
0.67569635705107922,-0.68884265213470919,-0.26254567920253613,0.73511087797435637,0.65628396603885086,0.1700098614907033,0.055194475735093618,-0.30787522881897678,0.94982441184041555,-15.572306325703256,-14.20428645224289,-3.0368738039107259,,0.190883228312146,0.3684210526315789,0,3
-0.095778463776627021,0.98365840530923576,-0.15245532965784209,-0.99232452627107359,-0.082320120035876909,0.092279100549198023,0.078220971852052013,0.16012351326950955,0.9839928556959906,-14.350080898453504,8.1899205418910892,-4.5856659596871587,,0.0827031354504576,0.1851851851851852,0,4
-0.92600711612263353,-0.31757933266952842,-0.20409357743795326,0.31329042207727165,-0.94812765173548064,0.053880121094978195,-0.21061797721203657,-0.014047187467297634,0.97746751567475121,-3.5233085881251518,-5.0046677181349901,-1.4915325894268654,,0.09976236243714547,0.3555045871559633,0,4
-0.67225528810689361,-0.69916188581166727,-0.24340395444731563,0.70959559433506747,-0.70226789505278975,0.057392474057028166,-0.21106141313035051,-0.13413597953717371,0.96822550001589136,8.3330967285741409,19.885081730425295,-0.72604263351727338,,0.1776229616762012,0.5,1,5
-0.94816559522034227,0.25523122295665085,-0.18931198289729673,-0.26241066166674348,-0.96486259096267513,0.01344712625120237,-0.17922792384022052,0.062427585159497277,0.98182490696003322,-12.344366796899061,-1.6608227208858544,-3.5350557540104592,,0.100570961329351,0.1904761904761905,0,3
0.85882481298650859,0.4794307468957989,-0.18046079776401797,-0.46202059912538018,0.87708554438022646,0.13136937932055401,0.22126207669303433,-0.029446676725552855,0.97476970954544306,2.6973162894301255,-9.5162597118206005,0.074486708350437178,,0.089652149152963,0.2264150943396226,0,5
-0.92119640679707115,0.36325335556840549,-0.13944238872186243,-0.35454400744621928,-0.93127690783770678,-0.083796585325510223,-0.1602988673950653,-0.027754649998401566,0.98667824163469131,-5.4389111805807824,-11.656931405649686,-1.2754551588913312,,0.5191589518290042,0.2352941176470588,0,2
0.97581254566708109,-0.032798848297658986,-0.21613447496658134,0.11379620128109427,0.92037925496218187,0.37410219407169182,0.18665556593020549,-0.38964889655381829,0.90185000810648586,-14.461190204917067,-3.4079910206710395,-3.8482974652795616,,0.5126152016494977,0.4285714285714285,0,5
-0.97136255205679856,0.1325106256851282,-0.19721999529012912,-0.14393869374991314,-0.98857558073095808,0.044721064656576347,-0.1890408551167482,0.071827955998934365,0.97933870536895651,-11.742332354412943,-7.4072871744034483,-2.9992289764276716,,0.06762990541046521,0.2553191489361702,0,2
0.93647284659106034,0.30748232287450067,-0.16874012183633022,-0.26204220676502676,0.93314486926090812,0.24611894450805688,0.23313620369078952,-0.18626667466765562,0.95443817842587508,19.510373886872692,-5.3588515615474899,3.0375091432275152,,0.1311715430630013,0.3333333333333333,0,5
0.42156926951865475,0.90515039940848452,0.054608657263940034,-0.88904015544635939,0.40070532339219156,0.22145619388284016,0.17856918267557498,-0.14190841502822055,0.97364010226713504,-10.539137735252243,-9.4208331372046139,-2.524716739483321,,0.2761359213480106,0.3725490196078431,0,3
-0.016386805859088856,0.98895784402528075,-0.14728834079656847,-0.99600501662629159,-0.0032128835190965424,0.089239476885259419,0.087780860379689629,0.14816227630663037,0.98505962277957604,10.268112708762953,-9.202027155246796,1.5196296982242623,0.08191576519906354,0.1078019690046445,0.3333333333333333,1,4
-0.97898383006122658,0.051036249738433508,-0.1974486305125652,-0.050308620350381021,-0.99869580123950952,-0.0087028331602582495,-0.19763527821998902,0.0014134352515458579,0.98027460387571863,2.3299536556696014,15.493137841484987,-1.6731264375951909,0.3993891051694612,0.4257438713663059,0.7181818181818181,1,5
-0.20245042051481257,0.97926526458833996,-0.0073053955473784205,-0.9772064195662219,-0.20152687837692568,0.06674227183889396,0.0638861549315696,0.020650880426266695,0.99774350428638681,9.0981470925081549,-3.471677570407484,0.87410201500410045,,0.4450304974510805,0.610062893081761,0,5
-0.64427776926906899,-0.72194331239534704,-0.25239653268875928,0.73709302025753309,-0.67416726976340158,0.046822770821368778,-0.2039608676028371,-0.15587285224629827,0.9664903612655964,-2.9148014504058213,-15.285303286306249,-0.47203630139721015,,0.1921466619081036,0.2,0,4
0.97827206185914872,-0.046283517842152927,-0.20209307004943455,0.069749981595263466,0.99141623698282455,0.11058383749118619,0.19524014201313966,-0.12227706662727808,0.97310308083148023,-3.2607853667173243,-1.9286028462372125,-1.6956355169999664,0.1832207639357825,0.1615118980758673,0.7038486627527724,1,4
0.92288595936643569,0.33218090041395704,-0.19477514062237808,-0.31408653816921839,0.94199253225536772,0.11832039433672062,0.22278050306337555,-0.048019981000553963,0.97368523090346648,2.8648098798922619,11.990792809503951,-1.2935035592742556,,0.09375751106085681,0.38,0,5
0.93943790331517785,0.29196138177355058,-0.17948531240093807,-0.26297638402296492,0.94992629589443656,0.16877041747439858,0.21977226226480315,-0.11134892869334535,0.96917571617217901,-9.6942972658589959,-3.1982112426922282,-2.90294518656333,,0.09405070046889767,0.24,0,3
0.96879748734998183,-0.033748888299899582,-0.24554519144728451,0.10086575119711548,0.95862380988735452,0.26620760949397271,0.22640125604732034,-0.28266836337937562,0.93211644530317239,-14.681701866339303,0.60788578711699992,-4.2391785937927278,,0.2943878296651546,0.3928571428571428,0,4
0.97871486764527282,0.029573745128728395,-0.20308274532603049,0.0011577334140289309,0.98875114725485902,0.14956546545089311,0.2052215083840834,-0.14661706040315114,0.96767120970673748,-12.763313587526,-6.3385996291202638,-3.3160718185984077,,0.222520850744609,0.85625,0,5
-0.86420059090575496,0.49178992898330315,-0.10630147895840295,-0.48408812782053295,-0.87029466173259185,-0.090806862422216778,-0.13717151009359593,-0.027016060230050279,0.99017882693394921,0.92088623278589798,-13.957135114628585,0.16254765734851498,,0.1972917590409474,0.4,0,5
0.62325679986047877,-0.71674654552258976,-0.31277044443027047,0.77912348083563721,0.60349837356511404,0.16957686963386981,0.067212819002295435,-0.34937673446538497,0.93456852845367544,7.8674530804579819,-4.5121878576005736,0.71257518005962672,0.3551800821106159,0.1688125685560379,0.2711864406779661,1,5
-0.86377734946307683,-0.45806491774432018,-0.20991717815946473,0.45922917971300536,-0.88711860075160631,0.046142699321063116,-0.20735778513155356,-0.056543075017220147,0.97662973004764464,17.824075678018723,4.5918234404103062,2.2427343729686737,0.2759303543732495,0.2504234879399577,0.6976744186046512,1,4
-0.85351220065374989,-0.41130781530844607,-0.31991061939452309,0.47769353294812766,-0.86287888876896079,-0.16507244438845958,-0.20814853329949362,-0.29371057928348121,0.93295674267472484,19.365402512197821,-1.5920072765488991,2.8619681985716032,,0.5078291755092749,0.1818181818181818,0,3
0.092630022142052792,0.98892468042053494,-0.11596402654748347,-0.98972005206045022,0.10419273685294606,0.097969853202671403,0.10896741507176859,0.10569697272029763,0.98840996171140538,-6.639469668326254,7.1816585120365195,-2.928056143236025,,0.2011607479018495,0.4,0,4
0.97180453383417886,-0.10656989519716875,-0.21033022953679348,0.14096960776982587,0.97764942907504626,0.15597808664828328,0.18900666047670703,-0.18123038174352121,0.96510726400154201,-10.087133783403054,-7.0237801170543008,-2.6337110075806844,,0.06972073532863612,0.1864406779661017,0,2
0.58235536517223552,-0.72002108130652054,-0.37740147208152325,0.80818065920143378,0.56291159727691231,0.17313161393544232,0.087785253589928142,-0.40583269474667011,0.90972170092111559,-4.0044708984758719,6.5030325444250661,-2.3457692061653699,0.6792303315874203,0.4792209078412659,0.4130434782608696,1,3
0.091077078157665969,-0.87351272364959609,-0.47820548664410678,0.99300822926736954,0.043449156510309422,0.10975804027872635,-0.075097419673023844,-0.48485842513130289,0.87136254517717648,12.068918603414787,-14.433777659766598,2.3970331189226242,0.587883806080849,0.4327961245502425,0.1363636363636364,1,3
0.88850376642245188,0.44559111257356893,-0.10958840015515732,-0.40088695637902799,0.8699757175979933,0.28710955921915321,0.22327271498836843,-0.2111653645494595,0.95160836669105497,-6.1068510175514916,-20.013487182679615,-0.60578518937240222,,0.3987417714907028,0.2105263157894737,0,4
0.98258003826578988,0.095406889420319385,-0.15948038704724085,-0.048790341043918779,0.96049213100339992,0.27399702352647215,0.17932086053333823,-0.26144290338750253,0.94841532950806728,4.0768803310772084,14.164447296712563,-1.1976085324009649,,0.4861833891141946,0.3076923076923077,0,3
0.60933797682126811,0.78753215453822156,-0.092197264448315816,-0.76599658041859542,0.61469993042805671,0.18813089676808342,0.20483278250901307,-0.044012510722875868,0.97780694930517176,-8.6655628136140272,-4.3557110437594773,-2.5612935789843778,0.5299944249315518,0.2353563676828033,0.1320754716981132,1,5
-0.53026097591774024,-0.80682974896608484,-0.26047850890637825,0.82716711731529624,-0.55973629033857297,0.049898349775478856,-0.18605874731135064,-0.18900010968604541,0.96418934918800769,9.3480659520607468,3.5785490986834279,0.4953752454568483,0.5921096197401154,0.4257185856106097,0.9445983379501385,1,5
-0.30582021282696703,-0.83175693176281751,-0.4633081090278619,0.94030228072073396,-0.34019537041574011,-0.0099363383137103037,-0.14935065549858051,-0.43868840469312853,0.88614156052514748,-18.080939959996879,-2.1924658581493186,-4.6507323423357061,,0.2725898499563076,0.25,0,1
-0.90301174365579451,0.38555673951745939,-0.18951462062962035,-0.40144553108719144,-0.91437136507444261,0.052597455280886378,-0.15300743900165703,0.12357591733249637,0.98046811078463314,-9.6187705952426654,8.0806715407496892,-3.6442597885941637,,0.07548646053428762,0.25,0,5
0.90446372895342797,-0.36279364309328693,-0.22433487365713062,0.39831778481669855,0.90651457048207995,0.13990809770134363,0.15260506317412345,-0.21589836968998002,0.96441670903133503,-8.3120782644888109,0.18921746677550955,-2.8380252200976028,0.2397857580815915,0.11882528577753,0.376,1,5
0.2582749322220888,0.96073464364741867,-0.10140514721325358,-0.95458769440432445,0.26993146375825078,0.12609257934217785,0.14851394910078569,0.064233553295721516,0.98682199892052158,-6.4632707055990339,9.5583767013063277,-3.0357525348275516,0.1998388208251551,0.2188014106431903,0.2857142857142857,1,5
0.96475361483375099,-0.1666177913503803,-0.20368842448881208,0.18928694490176581,0.97709128343719864,0.097278344562430508,0.1828138811878606,-0.13240519414498908,0.97419092040957844,-5.0538003729533107,3.516477851113855,-2.4300806833005257,0.4664412299689012,0.4594166506984619,0.959395656279509,1,5
-0.90645913507087161,0.41519626660406872,-0.077096670775144358,-0.39417855161569171,-0.89739052575125444,-0.19827635698197479,-0.15150942509534962,-0.14933956103434592,0.9771093027995108,11.833967180188841,-8.3830416925473781,1.8104620769452517,,0.2354598426037811,1,0,2
0.15992176245532191,0.98556163263734431,-0.055617426822867279,-0.97945411463449794,0.16543872713061453,0.11532417305558783,0.12286035657907199,0.036031872538288344,0.99176964913363297,-0.43191549954840619,-2.3118252789713645,-1.0823432542489857,,0.07120525575717239,0.2976190476190476,0,3
0.021095611588227613,-0.96254141187146514,-0.27031279215790865,0.99599625267243197,-0.003259487534169013,0.089335549494518815,-0.086870247117132468,-0.27111511609185629,0.95861887838301374,-5.1525233708609335,-6.1250087006508052,-1.7316435413061633,,0.08077204325332588,0.2440191387559809,0,4
-0.87358611521736185,-0.42787155637018803,-0.23189055726525551,0.44425459894022445,-0.89565443746314033,-0.020999523162335821,-0.19870870796192625,-0.12136333837670323,0.97251518727378405,11.64225485675435,-4.8466355086124002,1.4149041662915112,,0.1540802140009561,0.3513513513513514,0,5
0.61438285677874283,0.77525517305507297,-0.14667352163134284,-0.76895848965711067,0.62997470812416212,0.10878744554466084,0.17673863890119354,0.045948708090936298,0.98318470784696799,-0.038190627413780008,-0.9511671636223592,-1.0771672236488898,,0.1291143037850531,0.4976887519260401,0,5
-0.87351536133429331,0.4600507737326191,-0.15913578824713645,-0.47001034720368812,-0.88216201594841759,0.029672396925300912,-0.12673273860564832,0.100714761608428,0.98681069600996429,18.601913912802072,-2.2023969281495663,2.7427023032776017,0.207903680029694,0.2322457375559408,0.6382978723404256,1,5
-0.96293601022231012,-0.1270083332969546,-0.23795613774447996,0.15294485305365058,-0.98376949341888531,-0.093837389897356183,-0.22217585859300173,-0.12675356835797913,0.96673234184389578,-6.2982474216591386,-18.079810548258688,-0.80476209660345333,,0.5609963628177436,0.66,0,3
0.82438074105081227,-0.51691253257052772,-0.23064654225901027,0.55344449327798084,0.82155821501767001,0.13689883928382912,0.11872483583814028,-0.24050682528465533,0.96335916477018257,-15.474427647182816,-4.8542340897490774,-3.9279722863895694,0.2597171560030218,0.1932073708175419,0.475,1,4
0.86542530386397387,-0.43584978598592655,-0.24713155906919299,0.48305810348987921,0.85676063965961646,0.18059921091412814,0.13301846520205013,-0.2756740292194147,0.95200310794094789,6.7022786938825236,-16.741209873291162,1.5668610752866046,0.171715360939697,0.123442435884395,0.3333333333333333,1,5
0.94496232878075237,-0.2037470276140306,-0.25599481620475301,0.28172846329052159,0.90455438215000694,0.32001631631087374,0.16635885956936294,-0.37452438968866558,0.91217115245501723,14.82440198719984,1.8268270047426678,1.6694283659072848,0.591876233688031,0.2762876237263073,0.1818181818181818,1,4
0.68964619911592051,-0.63795382142997237,-0.34264127271515177,0.72020383943711586,0.65356001578466072,0.23273533343175698,0.075462240259622698,-0.40727659826025986,0.91018197235747866,12.718061912134619,17.75522211603052,0.32548854525007886,,0.4786385322580357,0.5517241379310345,0,3
-0.91741356661484685,0.35181578373600514,-0.1859516122684805,-0.36798929437266881,-0.92789448183897905,0.059964237674459221,-0.15144710963941244,0.12344020774040423,0.98072742803231239,13.148573670957056,-6.363817041240095,1.8588513085154783,0.227810668030362,0.1426880158650126,0.5490196078431373,1,5
0.85101064063615894,0.4922586766491045,-0.18292699305380675,-0.47582853348051501,0.87017365209505038,0.12800399183363512,0.22218932523822491,-0.021890876255534236,0.974757761337117,-18.5102933211198,3.201540529490349,-5.1067100532930505,0.3014331601049757,0.2716603864224673,0.4042553191489361,1,5
0.5231663639061539,0.83196619704041563,-0.1847409068379865,-0.83139127937038326,0.54588235963342902,0.10392781161901228,0.18731122834494202,0.099220443574635983,0.97727673016027605,-8.8511577013692051,-6.8920471884556118,-2.3972995821927952,0.4229979208295468,0.4329074657822184,0.9530612244897959,1,3
-0.19786815471428582,-0.89673413416595948,-0.39587382582281461,0.97148212606604445,-0.2332292091242299,0.042738913714394623,-0.13065478209450945,-0.37612767597308627,0.91730981641042253,-5.4351624869679114,-16.382560963297859,-0.85071829309093572,,0.399039991743561,0.3125,0,5
-0.40182641996553603,-0.83542496030357993,-0.3749675504886309,0.90203948800966893,-0.43162460813153919,-0.0049959710318660039,-0.15767146314072383,-0.34024305041699032,0.92702447451726255,-16.625933621146313,4.4446701963631741,-4.8267255015715094,,0.2763246265513088,0.1333333333333333,0,5
0.59993158393595225,-0.7505055133678904,-0.27717064960146642,0.7982653749669667,0.58465790188418543,0.14473261171287749,0.05342738740522144,-0.30808539752604619,0.94985730618144459,-17.34814097016503,10.559939310200823,-5.3577464206077421,,0.2257712264322693,0.3947368421052632,1,5
-0.021370025367353666,-0.96496079721411099,-0.26152243088443983,0.99527347506157071,-0.045318843368387429,0.085888953158232126,-0.094731366794024954,-0.258450889485139,0.96136835077387317,-16.427053801472088,1.6711873794580359,-4.594164264080856,,0.08951722773790675,0.2058823529411765,0,5
0.66719215065005288,-0.70178128963830844,-0.24971514896888478,0.74284483584469019,0.65166025556166463,0.15336381965830162,0.055101578651022658,-0.28782274551345238,0.95609721430159289,8.6865613730242135,-2.414707123624471,0.73139103798486882,0.3496091746379731,0.1262668420912418,0.3061224489795918,1,5
-0.51072142199375914,-0.81985879209057877,-0.25883429090530247,0.83530366113484733,-0.54445706203763411,0.076382598097138474,-0.20354710219355526,-0.17719500170469285,0.96289693558525846,-1.4912015034898176,-10.378940193525766,-0.61943957880621436,0.7091478168601886,0.7085910859224746,0.8238636363636364,1,5
-0.87510459603207136,0.45457211304592332,-0.16600042182027519,-0.45899223973120712,-0.88834577703131967,-0.012957789053359363,-0.15335602325984804,0.064853484652604543,0.98604054463208535,-1.6465949297777582,3.0908450448679661,-1.7426596128010972,,0.1241684818708733,0.2708333333333333,0,5
-0.74360367267390437,-0.6033142779132733,-0.28821079100524244,0.63394702590083296,-0.77318724625140733,-0.017107033221904377,-0.21251999044177164,-0.19543122652266245,0.95741416814379665,-2.8575107487777505,3.7548709766964725,-1.9808044343781857,,0.07160128863049153,0.1875,0,3
0.86551914092752202,0.47530155249724521,-0.15800332554029656,-0.4551282897731091,0.87802085592653112,0.14811352539942776,0.20912880369831771,-0.056283307931840471,0.97626703965255357,5.8885592275498144,9.7637568411715616,-0.54788937831190465,0.4307777025281802,0.2170311837204019,0.2173913043478261,1,5
0.44553566084951818,-0.84179172182081807,-0.30476986725285987,0.89526410758796127,0.41907313124798701,0.1512609940822138,0.00039060992689391149,-0.34024169018500716,0.94033793908569652,-6.5586428878454432,-9.2851925945618987,-1.7534117134274614,,0.1244119498917604,0.2666666666666667,0,2
0.018402385922434081,-0.95275226675335922,-0.30319048532020143,0.99467557086271408,-0.013308311778559649,0.10219294284117809,-0.10139951144506291,-0.3034567630387271,0.94743450013431652,17.457168148877042,12.034135402466001,1.6842289423793784,0.7738437458444869,0.5848554653312893,0.9066666666666666,1,7
-0.37043282985657894,0.92359751259526712,0.098727672373468522,-0.92881745852116437,-0.36932617929733375,-0.029938303758226526,0.0088117711461925107,-0.10279011632190077,0.99466403608243426,-16.670736380980408,7.1160364380622214,-5.0160284090523595,,0.4617841294540436,0.1794871794871795,0,1
0.95973487275707092,-0.15556646671670787,-0.23389751697537964,0.20743018944644112,0.95395752576231774,0.21665123020110097,0.18942463018356956,-0.25644514710697186,0.94781548626570844,-9.3642744243887126,6.0140522783484247,-3.4583904215996348,,0.1830646245312681,0.1,0,4
0.91555500047175875,0.35822117275730986,-0.18285686341927748,-0.33557589818397737,0.93099798539801359,0.14363693028903837,0.22169316107894629,-0.070145153597513582,0.97259025275683619,-10.553586570084828,-1.2863959069678796,-3.2024829825192591,,0.09425195105001143,0.3111111111111111,0,5
-0.97098913970865941,0.23260013200360241,-0.055473139083208452,-0.22531967788862214,-0.96765595023643891,-0.11345926462031677,-0.080069553039877561,-0.097668523915959204,0.99199280547394753,9.5587203666025307,-12.586233170538744,1.7180222645991674,,0.6241730691156697,0.5185185185185185,0,2
0.66882197936254828,-0.69706444031470483,-0.25841502659541882,0.74012173843793072,0.65705105683558096,0.14319120434880939,0.069978369609323313,-0.28702800344216323,0.9553627337440096,-2.7781693266670469,4.9090143520088896,-1.9988942978774338,,0.07464383395067943,0.2608695652173913,0,5
0.88407795854294235,-0.40553063495113029,-0.23227369057789735,0.4494575890637027,0.87396795138538852,0.18484559930999531,0.12803920825898393,-0.26781509305369761,0.95492462376935905,-12.510249613406909,10.166058739993481,-4.355027736036412,,0.1189263261900664,0.2903225806451613,0,3
-0.10926636412254397,-0.92608573353521884,-0.36114550504467852,0.98910804232630545,-0.13734424068821793,0.052932411197692708,-0.09862120602012743,-0.35142819137387538,0.93100595273651354,23.765079490356754,-1.4124623776662586,3.8091949774613458,,0.2134518052917271,0.3636363636363636,0,5
-0.1677805259669965,0.97027178786690293,-0.1744200469435882,-0.98424509069430299,-0.15485825834706723,0.08532597064128869,0.055778997395104252,0.18598811115573635,0.98096744388298651,9.4744949711913105,-10.578243822836805,1.4948677224133733,0.3786054303778976,0.269196707135588,0.52,1,5
-0.064132331566674111,0.9943079491912229,0.085080821710691479,-0.99499794836216404,-0.070253665000957824,0.071017640829711626,0.076590644356258605,-0.080100716158331101,0.99383990082307316,-13.540858258411564,0.57031320101590099,-3.9963630857166397,,0.2276857445181273,0.2941176470588235,0,3
-0.29990961626581619,-0.91866680900440945,-0.25710993000066512,0.94186643073919651,-0.32794040524772378,0.073093893401334334,-0.15146566844634432,-0.22024165055596243,0.9636139095314511,6.0949498990104525,6.9525465789545198,-0.36783255124940256,,0.0816545268519813,0.4137931034482759,0,5
0.66607374510845085,-0.69665203018066491,-0.26649899610010147,0.74437496978899187,0.64357806814219531,0.17808193214921866,0.047451769501689091,-0.31699088165358863,0.9472407880363054,-11.72787894234277,-21.623132591121045,-1.5138332463370794,0.4151844599358924,0.3696884030414567,0.7894736842105263,1,3
-0.24107680923860303,0.96141655672498971,-0.13251481616180996,-0.9693373822737652,-0.23183260747665704,0.081478104035490828,0.047613142870199882,0.14809404635446527,0.98782647365839671,23.163504391583981,-4.0888402086496933,3.8461256889850657,,0.1828386315086207,0.3888888888888889,0,5
0.93781221074659604,0.30908904540807286,-0.1580260085660265,-0.28682394531800193,0.94635103541236409,0.14883461346798443,0.19555122542904099,-0.094253274652261465,0.97615369612091685,16.940770174342187,-10.204077515250601,2.9475772553654402,,0.1447840842032705,0.4705882352941176,0,5
0.83353474028279451,0.52987251533781754,-0.15638079879342126,-0.50744816149637051,0.84621978388181462,0.16250674066317569,0.21844038119278181,-0.056099865031828192,0.97423642151572365,9.8422138860563315,14.014970082398245,-0.021322603937142789,,0.2864505202157736,0.8571428571428571,0,5
-0.046816286781974116,0.99870730385348161,0.019797891848825321,-0.99645585385704039,-0.048079019406220252,0.069022744128102387,0.069885381919147796,-0.016496336643210457,0.99741862037530127,-10.588051127758463,11.911917107022511,-4.064688040207753,,0.4583410662405339,0.1176470588235294,0,5
0.6535454379839204,0.73985791252428657,-0.15965158867236992,-0.7301538593339697,0.67184194928543461,0.12451400274691285,0.19938330469253562,0.035194665157568111,0.97928935119010208,-7.3324414346800388,8.6287225826406537,-3.1703752012032664,0.1581081543373863,0.1041048208448293,0.1481481481481481,1,4
-0.861491925350645,0.47695706413412547,-0.17419420635657049,-0.48772345212304086,-0.87270721571715693,0.022537743551489357,-0.14127100482697624,0.10437468374929156,0.98445336536954009,-16.699900942005435,-10.246316862721402,-3.6981984089581932,0.3711650764736538,0.399295584718941,0.676056338028169,1,3
