axis_00,axis_01,axis_02,axis_10,axis_11,axis_12,axis_20,axis_21,axis_22,location_x,location_y,location_z,dbh,dbh_approximation,score,reconstructed,number_clusters
-0.82145299801731175,-0.57026323101895504,0.0038495968870620964,0.56778880879234384,-0.8184811714675585,-0.087774942684484658,0.053205644987558261,-0.069917231788131959,0.99613289276107297,-19.55716896179387,10.129574643284039,-0.54798962331794154,,0.2263605541028753,0.4411764705882353,0,2
0.54302885191772876,-0.82733846225202867,-0.14363403100714289,0.83971249712871721,0.53535250425856118,0.090997902997485405,0.0016087730623269879,-0.1700257776413171,0.98543830186709203,-0.20511783910814116,16.035166594430102,-1.6502453575720468,0.5300166209112362,0.4105219860086601,0.704,1,9
-0.83842526673231144,-0.54451613342065719,0.023350643448748445,0.54476150451479455,-0.83857400940757232,0.0053417174099056348,0.016672591389196013,0.01719916250073748,0.9997130655871429,6.071925864413414,-0.015960901164447323,-1.4300129562875896,,0.06956702343371862,0.1904761904761905,0,2
-0.91900043034870071,-0.39403036403838992,0.013352199619466893,0.39345991266849711,-0.91876924246888236,-0.032440348580986121,0.025050072690569112,-0.024559139010380319,0.99938448184333317,-6.8186239400789299,4.5022927811671156,-0.93362887664630279,,0.06847800011064815,0.1622641509433962,0,5
-0.94687886706965108,0.3171771912746934,0.05309463656520802,-0.31866033004832139,-0.94761199330512813,-0.022070437190434965,0.043312875111101407,-0.037817184974275816,0.9983455590977669,-17.923677652623624,-10.430628885045225,0.23797269803729812,,0.1149822324006294,0.25,0,1
0.88286969402152549,-0.469106720440437,-0.021908633365750749,0.46747655673595484,0.87343672618799884,0.13628629515943894,-0.044797011960987329,-0.13056481219535288,0.99042720960995356,-11.490142038649822,9.170605088202338,-0.88554358166530245,,0.7765428545468698,0.4883720930232558,0,1
0.83024981887849625,-0.55263027930681263,-0.072698092447448417,0.5560845462928532,0.81230166965634509,0.17588625542601297,-0.038147288586413287,-0.18645581746565953,0.98172247224290277,-4.2023667106607494,-22.260003694937893,0.0678269360133988,0.505424351057864,0.5385119068841048,0.3488372093023256,1,5
-0.9522556588101605,-0.30517019266933915,-0.0089617950314655696,0.30505094074118222,-0.94987375236695881,-0.068438133501968992,0.01237270451224406,-0.067904403910733366,0.99761511020662719,-5.3275092996437357,-1.8150389333740056,-0.79900279041623856,,0.3251948550810234,0.3170212765957447,0,4
-0.59384166636717373,0.77533263197909319,0.21496833505107521,-0.80351740615174816,-0.58523574912072129,-0.10889855812762429,0.041374548909030973,-0.23739930020849068,0.97053063782813898,-17.903573337501051,-12.693670931319472,0.32411931225308255,,0.2152776731839398,0.2105263157894737,0,3
-0.0062398616695934451,-0.99346111134558945,-0.11400037004471204,0.99825358280154641,-0.012885564493653417,0.057651944039696368,-0.058743923517421956,-0.113441537682045,0.99180651791471575,-3.2779709446648795,6.4016589156478121,-1.1678132517059849,,0.1603341501194375,0.1641791044776119,0,5
0.88720474015909845,-0.46013133995406036,-0.033865897763210952,0.46007215438075427,0.8767968215159696,0.13986045382074527,-0.034660666506554319,-0.13966561413452677,0.98959191307616678,34.525858891740832,-6.9987810540703208,-2.3545070786900237,,0.6378610520124401,0.92,0,4
-0.77000101679027977,-0.63124327695727056,-0.09289972786925331,0.63771906133386236,-0.75677241596833933,-0.14356151727012281,0.020318291104134009,-0.16978644152490141,0.98527139982896006,9.0741805806494096,-12.767887181047348,-1.089279556344366,0.5480524269307123,0.3074828030108163,0.24,1,5
-0.65497417243029121,0.74605934667582396,0.12001785153425353,-0.75438142136779163,-0.65477740517268668,-0.046639262112875307,0.043789319980625012,-0.1210867495350587,0.99167559944906802,-21.078162803479373,9.9226899096718437,-0.48102786688177707,,0.1428169809580457,0.4285714285714285,0,1
-0.36862312957894938,-0.92952041328005686,0.010430226991460791,0.92952109167081987,-0.368451825055708,0.015290282934100769,-0.010369593941325313,0.015331467926792892,0.99982869413350106,-3.6959901988130097,-6.6985743996124407,-0.66111237994630867,0.1089166552409822,0.08631563802257665,0.3366336633663367,1,5
0.93455845191201037,0.33959237538167919,0.10619566159902409,-0.35549961779604311,0.90364204072232113,0.23885368740311574,-0.014849973289302052,-0.26097524944298228,0.96523126631470002,-12.212469557352808,-12.287803879433442,0.016867814388415964,,0.2636295536705943,0.2941176470588235,0,5
0.99510100034956317,0.078411872484134448,0.060212767390564269,-0.091738169467105002,0.959393670838392,0.26673562307659548,-0.036852508274513508,-0.27095269441134318,0.96188696322650624,-7.7875619671488776,-9.7164969876760523,-0.29587231894863186,0.2458881281090155,0.1342448778710368,0.3571428571428572,1,3
-0.59958606042588902,0.7876273389886046,0.141914520119301,-0.79916001070462106,-0.59873981970182688,-0.053421957976218376,0.042893279584931644,-0.14544347074088002,0.98843632237251133,1.3395592940497112,-5.9396720853475511,-0.99238081483181217,,0.08106602037287365,0.3461538461538461,0,5
0.82517540798166167,-0.56468420201513858,0.014741033099003655,0.5631399583148089,0.82440309322492411,0.056858835992072185,-0.044259839713842494,-0.038617248422230389,0.99827339677705629,-9.5065121497965208,18.498116697724406,-1.4328526547948046,0.6436747621710013,0.5567837157126982,0.9558823529411765,1,5
0.99852344693346096,0.038260813648094479,0.038562106569867929,-0.04043565888119615,0.9975382182483068,0.057292762412342844,-0.036275107373564167,-0.058767450795311919,0.99761240134235363,-2.7866619070851857,-1.8256072896624711,-0.94514625389033968,,0.09503852219902056,0.6,0,5
-0.47840570740592792,0.87580828049668902,0.063936178606994479,-0.87720760455965019,-0.47998231920861978,0.011126174087882568,0.040432630685537027,-0.050762476895304651,0.99789196475134512,-3.7193001465713955,9.3559333980043746,-1.2466676973758266,,0.09052726034976286,0.3492063492063492,0,1
0.99451221144720847,-0.10107611599718817,0.027001482502003033,0.097243104137447967,0.98826546696414952,0.11779280752170357,-0.038590672190264505,-0.11452067752617703,0.99267103032114801,-11.607408059337498,-1.1661222361799941,-0.46560791438842963,,0.0681245873235851,0.2696629213483146,0,2
-0.73492578879793835,0.6753051977129535,0.062023986501975943,-0.67690339885926953,-0.73604044358100551,-0.0068010312339361985,0.04105939079549141,-0.046982500518228956,0.99805148718518433,-9.0010640876442647,5.1887010308586197,-0.83663760412414245,0.5808418020028852,0.5261707201582642,0.7133956386292835,1,5
0.7428399442314475,0.66147209926997197,0.10316723870297481,-0.66939307025985983,0.73620499901030301,0.099574680116574402,-0.010086364176372861,-0.1430274844902765,0.98966731982928768,4.700434660033852,7.6380831753715039,-1.5642865230844567,,0.08271956786746551,0.3235294117647059,0,5
-0.39860124291754601,0.90987844525043537,0.11505765517008711,-0.91463856502290908,-0.40361067711444487,0.023123941966148368,0.067478474474619507,-0.096018936610809166,0.99308963306174358,-9.7746555180677639,-9.2347900973351837,-0.21094008395856098,,0.1879036317996673,0.2272727272727273,0,5
0.99816554250915712,-0.045431802439571865,0.040018759032401596,0.041944882827270311,0.99557948216786563,0.084036429546790428,-0.043659781859375725,-0.082203686130597711,0.9956587655590321,9.0843181709231722,6.2468193951225706,-1.717090292685735,0.7137974097156712,0.3910742599818012,0.2083333333333333,1,2
-0.13158401765556227,-0.99047664015221759,-0.040517546944446453,0.99101823150118251,-0.13241912429986222,0.018655839619982056,-0.023843471431180593,-0.03769881738771641,0.99900464865669103,7.5743138844974292,-13.011197591784921,-0.98919703617417609,0.4406768191165257,0.3150520502470534,0.75,1,5
0.89032613696679408,-0.45493830296166221,0.018721921166103182,0.45287411644483189,0.88904714072016633,0.067083651000901717,-0.047163592824334993,-0.051247654343012608,0.997571688369433,-13.759315482482593,-8.3958752675679715,-0.038581017764482466,,0.08511187761116229,0.4047619047619048,0,4
0.078883458632667131,-0.99021996313500238,-0.11507312702392061,0.99027086331263314,0.064562435023274869,0.12326925512031822,-0.11463427597451374,-0.1236774700290255,0.98567888593548525,3.9557894296721918,-13.525621616780791,-0.72766154491464852,0.6087949513896563,0.2260893525310673,0.4210526315789473,1,5
0.53121426176074027,0.82365159577980118,0.19851815249839927,-0.84718592475469701,0.51380878737467084,0.13519075010553863,0.0093497058520327688,-0.23999703911914494,0.97072859451781046,-11.024153902728056,-20.867694553349001,0.31448333216734919,,0.1869850764567806,0.3,0,4
-0.75728474087143571,0.64417546600851661,0.1075071636496502,-0.65202762766050926,-0.75510747392365574,-0.068356971788130813,0.037145578615634244,-0.12186333253832221,0.99185156861899648,-2.1687055384200611,-10.756885789920126,-0.54798015006847078,,0.08369598656021351,0.3870967741935484,0,5
0.071755090626995754,0.9733770303104059,0.21768868558840415,-0.99680673526632224,0.062315576901309566,0.049930966375118194,0.035036259743412082,-0.22057634900313403,0.97474023963497058,20.238579519501442,10.385197527267511,-2.2746207753500167,0.588519186759332,0.5377173571684408,0.5,1,4
-0.98068082104085097,0.19082303724758803,0.043031333912024572,-0.19117264889598887,-0.98154776655100018,-0.0041231411368054752,0.04145051937833235,-0.012269899524799234,0.9990652150930478,-4.5371977314004663,6.4426895636132215,-1.1092541035969559,,0.07521077531440183,0.3947368421052632,0,5
0.9887430233996114,0.14330028602739125,0.043037910068493473,-0.14586111941386498,0.98724427039881379,0.063822287706160996,-0.033343178041844279,-0.069381399446693151,0.99703282488034906,-2.6298132236290628,5.3971142095378308,-1.1748421354725562,,0.06973468292648106,0.2679738562091503,0,5
0.20363428788250082,0.97668912071692904,0.06790757153497827,-0.97891055834707164,0.20195750052242623,0.030778023642818564,0.016346117435357254,-0.072742899694235419,0.99721676429393402,6.2254777621931989,-2.0635751219004455,-1.3783983311979893,0.4591860972821765,0.3479110085610471,0.8289473684210527,1,5
0.34532000484219344,0.9344633918341102,0.08678861433205956,-0.93803874156642653,0.34082520526600579,0.062621871385809838,0.028938099043706828,-0.10303566750051409,0.99425662564876172,0.063835855389264215,-7.3176753333750355,-0.83576204975574553,,0.1073003426336258,0.4186046511627907,0,6
0.18413511789995723,-0.96082013245177311,-0.20716884763719789,0.98256582354880706,0.17443370383081064,0.064321733198957773,-0.02566438680003293,-0.21540091931842056,0.97618839534536372,2.5595069309331349,-13.894768961605918,-0.63294946239826355,,0.2306531865128499,0.2121212121212121,0,5
0.46366158477703101,-0.88386168380607666,-0.06169650477572871,0.88488754366109867,0.45844118788514548,0.082496741292530332,-0.044631489729583473,-0.092845038370105062,0.99467976202121189,-8.3333843164547758,-6.2256372506618707,-0.41149187688740663,,0.100327094384951,0.2465753424657534,0,5
0.63763905946733201,0.76092754872252455,0.12002372864041044,-0.77029708182461021,0.63137207873069812,0.089508122155295619,-0.0076704350663197741,-0.14952780274720684,0.98872776871669088,-11.471472732381825,-24.027035684085547,0.54367407803373047,0.3422851525196021,0.2666106742629968,0.675,1,5
0.78126524165537115,-0.62418440556156951,0.0042953503846747607,0.62274878900340136,0.77990026519815814,0.062765612708247834,-0.042527261562132171,-0.046361667329755142,0.99801905183540163,15.263796621772295,-4.5210512041638999,-1.6955411738247321,0.7303262993472235,0.6466413828947767,0.8857142857142857,1,5
-0.99901764639079849,0.02140053753077199,0.038804113096204775,-0.020759520022056374,-0.99964253447724916,0.016847717719463022,0.03915079217899519,0.016025612540395699,0.9991047969129474,1.5719589409454438,5.9272515254684306,-1.3740890232783043,0.1484913618572018,0.1052987933404416,0.593103448275862,1,5
-0.99243850804053768,0.1127500922440835,0.048510044910525234,-0.11474077120126079,-0.99257307853967147,-0.040413354010989777,0.043593155224305881,-0.045673848723622255,0.99800477772421514,-11.753899718015486,-15.591067119342419,0.1036559713527713,0.2807797207559491,0.1154288862365862,0.3181818181818182,1,5
-0.74239337129730687,0.63884021736225738,0.20182977712508773,-0.6664723893631106,-0.73493233542762393,-0.12525580449434112,0.068312784092328285,-0.22750305277829164,0.97137826026018959,1.534621159041371,15.615338689516603,-1.7007074485084419,0.457011863021993,0.3002604244555094,0.3095238095238095,1,3
-0.99361431593968763,0.10600233891306499,0.038653529006642234,-0.10619617218881273,-0.99434070084600701,-0.0029905941744062001,0.038117767145409237,-0.0070763540069504844,0.99924819791772335,-5.3885625183979675,-8.2993420299538325,-0.45831260172771898,,0.0688219240647632,0.2340425531914894,0,5
0.089897949611613473,-0.99259986886078522,-0.081632462863625854,0.99594084668494887,0.089964331658810237,0.0028720956899183506,0.0044931681580201686,-0.081559299694989068,0.99665836276688535,-12.003676015920316,-10.14304551782446,-0.074790873815367989,0.3510471767346167,0.4005092141784128,0.4466666666666667,1,6
0.99334077578446589,0.085838711545568339,0.076849325072580632,-0.098791830539874864,0.97780038429894511,0.18478793976722258,-0.059281340930305439,-0.19114948094366033,0.9797691557466347,5.4713284206547526,-11.527661127324677,-0.95070921206434533,,0.2441874370710108,0.2941176470588235,0,5
-0.61227921900237958,-0.78534055025091365,-0.091402287222088929,0.79021909773671994,-0.60407013356130845,-0.10321361979597521,0.025844449113903382,-0.13542338745879987,0.99045069063491686,23.014341459941971,1.6105642241227898,-2.1627084244804777,,0.2814392892744123,0.16,0,5
-0.96740263018678341,-0.25259684871948018,0.018082674710391409,0.25164067278137958,-0.96684729277265458,-0.043396823159351727,0.028445085864319267,-0.037431864436297847,0.99889425497146345,-17.236700811587657,9.1262741301024981,-0.62960501102529465,,0.09891608454964622,0.1842105263157895,0,2
-0.95227226183727021,0.30182134125865123,0.045622552495003271,-0.30228765610866731,-0.95321022089056706,-0.0035281374811078408,0.042423016154660646,-0.017150881918616585,0.9989525188665157,-0.30507885182558875,10.61468556641803,-1.4444126519019258,,0.07493895059337499,0.1666666666666667,0,5
0.85915572687824882,-0.51135884935519638,0.019067358454593297,0.51004039151336222,0.85876208845746749,0.048851555277832845,-0.041354999663918104,-0.032245970512553075,0.99862403405310618,4.4289637048136283,-11.2188508011814,-0.90338585831061791,,0.08292326155528332,0.1818181818181818,0,2
0.33909433647692439,-0.93292397620505096,-0.12111104652768685,0.94005209356710018,0.33105587828820698,0.081878366073924985,-0.036291766964231559,-0.14161518305810694,0.98925631035542694,0.49676126457649034,6.3212870913359644,-1.3436105193527437,,0.2352653873140117,0.1358024691358025,0,5
-0.98395690711436323,-0.17504436187792738,0.034471384026222095,0.17527465653621568,-0.98451242358142499,0.0037526777023626991,0.033280620758118364,0.0097344331409379113,0.99939863972960108,-3.6764356830499882,-12.511159325706178,-0.38298406375097144,,0.08086218415010465,0.3809523809523809,0,5
-0.21973391603248421,0.97184131936525586,0.085096745645352662,-0.97520340494613322,-0.22117414009989378,0.0077665135384223831,0.026369018307458757,-0.081280069669466021,0.99634242364160619,1.1358921916120739,11.080505458232977,-1.5221524642624693,0.3611820283418257,0.2010980173842351,0.4634146341463415,1,6
-0.84147522297901611,0.52700555169466279,0.11909910828977656,-0.53714756664625929,-0.83975552996581904,-0.079266269861964431,0.058240370520955168,-0.13067439831440422,0.98971322152770658,16.419250901669532,13.057485049559018,-2.2090131132819582,0.3170386012486534,0.3528441018362989,0.3157894736842105,1,5
0.60477939269047698,-0.79429882921491046,-0.057717034615106841,0.79557903383515394,0.5992965968810775,0.088868385203531686,-0.035998431894483977,-0.099664230667692047,0.9943697270263997,12.803699485892786,-8.8789458458506747,-1.4244353260185563,0.3933596630054233,0.2621292869217787,0.4181818181818182,1,5
0.29542786214015349,0.92247308073577594,0.24852724918838418,-0.95526535170734028,0.28146881093757936,0.090793261296401515,0.013801670143497816,-0.26423232918632789,0.96436030098403491,-18.799387995709001,-8.3296554231690472,0.21412700872618512,,0.1780634037609221,0.25,0,1
0.39089004193586407,-0.9165552596456249,-0.084447801222529123,0.91963847872376814,0.38508176758798912,0.077311711415175788,-0.038341147166093409,-0.1078818255650654,0.9934241129279765,-11.118287738605289,-5.7383900505167933,-0.29255106456866464,,0.08464332860699617,0.3103448275862069,0,4
0.061344256856311952,0.98738263855501962,0.1459876954776492,-0.99783829365169707,0.057213451701678006,0.032332037774466652,0.023571632803363659,-0.14765549777948594,0.98875792391387496,-15.214630135628619,13.373670007079792,-0.90509586384009366,,0.1140292243816818,0.2058823529411765,0,1
0.21692525881292712,0.94711975420271988,0.23644788704474282,-0.9761782461082571,0.21155828428099005,0.048157285815236719,-0.0044117926006539965,-0.24126181536053873,0.97045003608376756,3.2683937567620704,6.7675671807621836,-1.4719321704021093,0.4156192294299044,0.3337282016934291,0.2105263157894737,1,5
0.27482831922432621,-0.95172530727478799,-0.13670528316434361,0.96085384402765051,0.26667070966045392,0.075144015240592082,-0.035061166118944984,-0.15200550023568712,0.98775758287571724,-15.49266597884969,-9.7379793506295176,0.097859441904465216,,0.3517015639016361,0.1538461538461539,0,1
0.024819418556952223,-0.99769208482946425,-0.063202059548181838,0.99931829204713873,0.023032110801239715,0.028852609102623016,-0.02733034288998526,-0.063875079183328728,0.99758359379895534,-14.37480497018856,-21.408449245068507,0.51607777426073442,,0.2303931145087214,0.5217391304347826,0,5
-0.93553338449125967,-0.35192582100065195,0.030422081048875296,0.35190321068290537,-0.93601538606906465,-0.0062711524491762555,0.030682516412284012,0.0048387555213162455,0.99951746839743294,-10.207337171390698,12.126466704426752,-1.0634493967249821,,0.1224008005342897,0.4680851063829787,1,5
-0.91513028943117247,-0.40308736163090114,0.0075585884303048219,0.39318185762934965,-0.89647303628648689,-0.20431378329036393,0.089132374571495726,-0.18400183179720556,0.97887626679704542,-10.245258668110928,-24.493554506614416,0.50917740874857342,,0.4243240883227862,0.3157894736842105,0,2
0.33522881676201377,-0.94213519648509425,0.0017064455264095388,0.9414616610974631,0.33505661625800781,0.037242510459700028,-0.035659235773455027,-0.010878209674786291,0.99930480007769695,-20.933305806537852,16.240890692767497,-0.74113542298978041,0.7069896957345838,0.6997546547819568,0.9405940594059405,1,5
0.33788072355705057,0.9356221929862536,0.10221413131342286,-0.94112683013529619,0.33461253157379933,0.048111779360799758,0.010812319272621069,-0.11245250422007877,0.9935982729687991,0.59572506135426173,-11.526519627492274,-0.66565077854365695,,0.07342785177688349,0.2173913043478261,0,5
-0.59333082118040603,-0.80171911302148746,-0.072145689084139361,0.80493991957792621,-0.5915416393977394,-0.046370407896818032,-0.0055011369068298302,-0.085585937365170575,0.99631560502586647,14.78457264829184,-5.5492338998352126,-1.6445201677146744,0.5080293832253491,0.3108526505299595,0.6447368421052632,1,5
-0.85415790354629306,0.5164191256913141,0.061037385507733771,-0.51789854412607084,-0.85537919077584745,-0.010370052061204208,0.046854816203858278,-0.040468835019981171,0.99808160968461301,10.206177220307632,-9.2900542364253518,-1.2676740855467199,,0.1715550027879211,0.72,0,8
0.80106699331776976,-0.59851988386887767,0.0081006685163897921,0.59685973735755149,0.79972242735800081,0.064826638830812286,-0.045278318633777244,-0.047095517771982828,0.99786366106171343,0.42850607494916521,-2.7579943156718825,-1.0909818335824593,0.6021461899639475,0.5317408478907562,0.9908713692946058,1,5
-0.91592886449322808,0.39370737518756033,0.077902618127172946,-0.39909590037382475,-0.91398384806254118,-0.073184614404918177,0.042388412248546115,-0.09812251629321378,0.9942711875053688,18.980899232271238,-13.667532653960322,-1.5209044967835432,0.5168452536092027,0.476565833190337,0.9615384615384616,1,5
0.82217369609496194,0.56356682002451541,0.080142702830676954,-0.56828062810580848,0.82077376154858106,0.058202749703618557,-0.032977889095853703,-0.093396315349428202,0.99508270365328588,13.80047829941493,3.9813099312983349,-1.8621405099354902,,0.1031882947932599,0.2222222222222222,0,5
0.72392080213526933,0.68466047136830621,0.084727275310592876,-0.68982107054560449,0.72002263136360556,0.075592995413234693,-0.0092500198456342449,-0.11317000163452191,0.99353258017183199,-11.929552360884143,-11.146854008272955,-0.041105981998373294,,0.138642836645797,0.2608695652173913,0,4
-0.90572570231949867,0.4200077578935093,0.057047659611234938,-0.42175127236575893,-0.90643300737049226,-0.022473704793589559,0.042270751302943652,-0.044414935084422041,0.99811847850129132,16.543560215082017,8.380612495265586,-2.0900102424807918,,0.09887158877435495,0.1666666666666667,0,4
-0.99925471570086133,-0.0022058974441378277,0.038537607165700358,-0.010083600666651578,-0.94878233843603244,-0.31576952872221636,0.037260356240747299,-0.31592278849162031,0.94805298246695713,3.45804580690824,-8.3829529330783199,-0.94824003904489473,,0.3756165104297561,0.3548387096774194,0,1
-0.99761543676955156,-0.03571809262142913,0.059056398286601287,0.028094736537597732,-0.99173121232437667,-0.12521936064565331,0.063040670189819861,-0.12326159321179581,0.99036985694280388,-18.117422154575351,8.9426270275367816,-0.58882883731739954,,0.1710913541136214,0.1739130434782609,0,2
-0.44408663338493082,-0.87000733402215968,-0.2141828676540064,0.89574542814831104,-0.4366112085232331,-0.083730403935975944,-0.020668575186450391,-0.22903687768465886,0.97319829359705823,-4.7062054931270305,-23.336189698095819,0.18035981328586198,,0.3376932565622006,0.25,0,2
-0.13856574614717473,0.98764109943657685,0.073243379894606317,-0.98986681863333181,-0.14043606559232996,0.02100935148149112,0.03103571109871224,-0.069590014978125447,0.99709278126558576,17.791235458590236,-3.7280517230164336,-1.8333827005119636,0.301723586454056,0.2466499271834234,0.7735849056603774,1,5
0.56422997225228155,0.81918865680273989,0.10283230512788652,-0.82561658099482638,0.55963324660873714,0.07188804126264578,0.0013414911871473209,-0.12546144370239579,0.99209758922472335,3.815453039436,11.185208417554856,-1.6383326590810572,,0.07267746530723819,0.1212121212121212,0,3
0.88531032101332008,0.4592920204827346,0.072639351788007581,-0.46455793593921252,0.88042429921280929,0.095073537388351406,-0.020286933311692547,-0.11791477123975229,0.9928164719928283,-3.5354775422780893,-19.739016490324047,-0.068765475846048016,,0.3393877425229848,0.6911764705882353,0,5
-0.9339567785188877,0.35514537772098526,0.039956182776145863,-0.35734632454113791,-0.92966382005503079,-0.089603493333841461,0.0053235510293218559,-0.097963985035862747,0.9951757218905275,-13.78124619465088,8.8987604291862574,-0.77410373662817533,,0.122130434614573,0.25,0,3
-0.24634399316341377,0.96277303051355967,0.11127771002334973,-0.96856490263089501,-0.24865704332033864,0.0071905631762933355,0.034592866662203285,-0.10600833232781279,0.99376333553475771,-7.3316453840112272,-16.448214880443423,-0.058346986229064632,0.1738693609502072,0.223790820444184,0.7017543859649122,1,5
0.3460176046200768,-0.93770997337214479,-0.031174077875628769,0.93750032244412074,0.34424993362954259,0.050844160070008984,-0.036945401745729779,-0.046818682536644396,0.99821993982056867,1.0825327403108949,-17.87233586777964,-0.36824121976218982,0.5717460579391691,0.5506753709966599,0.9315068493150684,1,5
0.17049388918736494,0.98059143077899313,0.09681053471897412,-0.98505015855352407,0.16715725678335763,0.041648969235022586,0.024658038921287352,-0.10246412732010082,0.9944310351799599,7.2542605281118897,6.0245517872481562,-1.6340226746393747,,0.0704583114599288,0.1724137931034483,0,3
0.33408907063689502,-0.92948075825229681,-0.1563649990237935,0.94160421510863324,0.32173537088895388,0.099337068653156307,-0.0420237429393251,-0.18042137112238768,0.98269127088403874,10.025867831776889,-1.6371292425829902,-1.5432380538006785,,0.4825841108986578,0.5,0,2
0.92660121311894439,-0.37535460642923446,0.022784013668680287,0.37346164340218235,0.9256342442165657,0.061054457994217333,-0.044006735323598466,-0.0480641796557583,0.99787436177114874,-4.55980431157389,4.1112283442999988,-1.0423608534716626,0.5931095302131058,0.5348072668781809,0.9906405381690553,1,5
-0.72182946122669667,0.64220538641437031,0.25794276606554672,-0.67359751137820223,-0.73748011245860923,-0.048882270744406042,0.15883520255368108,-0.2090342684547343,0.96492282232379856,3.4828156813213544,-14.225428834243839,-0.63452651745006228,0.7903748709668003,0.6325580712229857,0.25,1,2
0.97751719450108887,-0.20922006365306253,0.026212581325206378,0.2069842677350629,0.97583842494384976,0.069977720120674228,-0.040219987132045595,-0.062978832698900186,0.99720410110818514,5.6806795042725264,5.086378740276543,-1.5385486001274875,,0.06956177643380894,0.2325581395348837,0,5
-0.85054557359327654,-0.52560804564372521,0.017561594331575298,0.52555769951157227,-0.85072274151657679,-0.0077409011505604839,0.019008727600427083,0.0026456419074258478,0.99981581746535175,15.527060888791837,2.9182009696543769,-1.9006848307444186,,0.09390745779957943,0.2592592592592592,0,5
-0.9368044347702057,0.34474088988537627,0.059591692675363586,-0.34711638555285668,-0.93715740425526006,-0.035301763840696519,0.043676834541855773,-0.053756101891623831,0.9975984240333492,-21.114943518648154,11.767091987691364,-0.56728407959747262,,0.6120737940210885,0.3636363636363636,0,1
-0.85249786993615029,-0.51676328191833709,-0.078759711879333297,0.52241948288264017,-0.83706576052320192,-0.16247706442556145,0.018035122926147854,-0.17965695928825687,0.98356398435502723,-22.084475652027709,-17.085128703042241,0.71421205838838264,,0.3053619493825033,0.103448275862069,0,1
-0.71041744593224332,0.67835356075462394,0.18746599458736854,-0.70237256998219377,-0.7002215266723425,-0.12791632624986662,0.044495229538869106,-0.22254496219006395,0.97390652238913911,-5.3031431099526971,-19.632079689150842,0.011708533106393205,,0.4645142651556403,0.5263157894736842,0,1
0.34018186732211703,0.93182950179335999,0.12637276895271737,-0.94022888727029874,0.33480795750052811,0.062235609877151959,0.015682368688886974,-0.13999075391562033,0.99002861177364088,-4.0835080928508241,10.172807799929448,-1.2694918461650146,0.0518992947335567,0.0768616338621514,0.3181818181818182,1,3
0.95040747231524558,-0.30926303114153636,0.032893983287170303,0.30792518422243376,0.95056402157079489,0.040126323239728465,-0.043677425392618582,-0.028007471580063229,0.99865302485235885,-6.9865143623045709,-10.42198056673559,-0.32604299855173907,,0.09326923998388562,0.3846153846153846,0,5
-0.98841548002859159,-0.15143354947628837,-0.010135034921584376,0.14819458996184387,-0.94854737189890082,-0.27981466503693053,0.032759767183088637,-0.2780751038059705,0.96000053869641622,-11.434562226933197,13.86225201383151,-1.0702468669648633,,0.308852974495638,0.2727272727272727,0,1
0.79972184188797779,0.59560519094122744,0.075494583455798431,-0.60014607306040202,0.79651658750116339,0.073389487160493552,-0.016421528475729835,-0.10399895364553223,0.99444182888852561,5.0620698593979823,15.361032969291033,-1.825486553474134,,0.07880684512944702,0.3333333333333333,0,4
0.53741560350401973,-0.84234292820193957,-0.040532214577952384,0.84222701134780431,0.53365690523706466,0.076576555478451547,-0.042873423779262405,-0.07529076172400781,0.99623951474154204,-14.754287038765911,8.0999626135667331,-0.69506198342802006,0.4391845949811727,0.3888969017135508,0.9249448123620309,1,4
0.56274108431211356,-0.82442690768048943,-0.060355164813070468,0.82401832301295541,0.55366086655090918,0.12022249452167071,-0.065698366540907979,-0.11738789862026901,0.99091059429767647,11.482547267448448,-17.531242661068166,-0.92118931852258779,,0.3980236528575326,0.8620689655172413,0,4
0.18994600085634791,0.97959300037546815,0.065712026099258622,-0.98161663444345448,0.1882116337062841,0.031704320234282206,0.018689562396873718,-0.070526126740385567,0.99733483129008083,6.491781146963878,19.018662427778501,-2.0004184805514491,0.7841086827014347,0.6448375132565095,0.8962264150943396,1,5
0.99016843911813679,-0.13580766090695193,0.033507333724676173,0.1339915379192593,0.98964166924893626,0.051532846343011536,-0.040158809001091436,-0.04653649884943125,0.99810902427262571,-1.2563264235208376,5.9084016354987448,-1.2505094278415885,,0.06477701438436201,0.1052631578947368,0,2
0.84812174282470321,-0.52972480299872582,0.0090079096326594107,0.52788045153320706,0.84637104423092813,0.070698545788055858,-0.045074807122006046,-0.055205874464679408,0.99745705330480505,-12.19317403790888,-25.319206271956322,0.62715526860280946,,0.3717048740782122,0.1739130434782609,0,1
-0.057942150798655251,-0.99831399856965108,-0.0034449122918920436,0.99819682720470437,-0.057988851763801086,0.015504426128545117,-0.015678052152149478,-0.0025403407229783672,0.99987386471980755,7.365973502798842,-0.2037708228563791,-1.4693417584314783,,0.1862221498285316,0.1702127659574468,0,4
-0.68027102089600788,-0.70709357400655437,-0.19300263140107557,0.73290286875534594,-0.65290490128656886,-0.19122911610463164,0.0092045151575710742,-0.27153980826871821,0.96238319261409622,14.918178845789976,-9.2318276201520533,-1.5560154643613726,,0.4920029550208295,0.2391304347826087,0,3
-0.97983725067590244,0.1736497410884531,0.098816646410423828,-0.19547310733180298,-0.93551553241208674,-0.29428039847359816,0.041342792575477419,-0.30766289349813303,0.95059682172118509,17.29020404229594,0.3987686007407058,-1.8974897761423264,,0.6928645832590762,0.1320754716981132,0,1
-0.032885061816277414,0.95600046296746144,0.29151618739846968,-0.99707206832101336,-0.051526695670484367,0.056500355816031231,0.069035232189052956,-0.28880463022479635,0.95489581749912544,-3.4190382585785821,3.2568456088889617,-1.0773621261033912,,0.2794348170152415,0.2557471264367816,0,3
0.99046445198466748,0.11129344900830901,0.081203063750997478,-0.12676554874170032,0.96704080668928039,0.22082249398546955,-0.053950579301146134,-0.22901058142710801,0.97192771777920306,1.3774630077017904,-4.3175114132742554,-1.0862052592197076,0.7100897097899248,0.3741759809671525,0.5434782608695652,1,4
-0.62250450256318524,0.72472903458695981,0.29539121638128313,-0.78141816860165059,-0.59645434985091339,-0.18337899095361526,0.043287296841024295,-0.34497831086979541,0.93761195329497582,-19.506062855974498,9.2272117714328719,-0.52802079465306095,,0.4293865435201863,0.2777777777777778,0,1
0.44339058886272836,0.89178277772788683,0.090156880247147034,-0.89628497179949307,0.44012920153599872,0.054401611020879363,0.0088337440729183443,-0.10492741921547322,0.99444064763184126,11.40362829766959,17.238815300552957,-2.1190113934628441,0.4728226688075156,0.4560717908137947,0.8552631578947368,1,4
-0.82697143848393939,0.55476808648483911,0.091381672942404069,-0.56054705478074274,-0.82613082481614808,-0.057400868157405742,0.043649047050735267,-0.09869260613915859,0.9941602135395593,14.169617069028195,-10.316210149847338,-1.4715653491498895,,0.08860035859298644,0.5217391304347826,0,5
-0.03309728094453495,0.97385954855315882,0.22472683347993083,-0.99945033584219201,-0.032676343739733403,-0.0055930979548401488,0.0018963594090178214,-0.22478842552863079,0.97440575099357418,-3.57604151691497,8.1143604511043286,-1.2130055348507882,0.7387555216914004,0.254708918694054,0.2258064516129032,1,2
-0.81388094340304962,0.57203473756554457,0.10185317365541542,-0.5796797871828504,-0.81136522473645933,-0.075218457974091033,0.039612552265753616,-0.12026109556574505,0.99195166948612967,-16.078590383828388,18.657962867213694,-1.158467487475854,,0.2175683610876486,0.5416666666666666,0,3
0.99115909726075246,0.12669963164490661,0.039380798091131458,-0.12868473366244326,0.99027934230606796,0.052792646496330552,-0.032309181968528888,-0.057393619357080747,0.99782868730940899,-8.5280388585200733,7.4106262681808683,-0.97016246266481776,0.2572122050819337,0.2273269217521912,0.8162083936324168,1,5
0.39252176856983084,0.91656917242024138,0.076338806433457959,-0.91971785824570784,0.39054660642250838,0.039905005147092318,0.0067618357521641269,-0.085873746749138516,0.99628308085429451,-7.6738640974959251,-15.200155470363443,-0.083316414321506244,0.2303772006290822,0.2262119677778661,0.8142857142857143,1,4
0.73490677961198858,0.67178119684428583,0.092854988270925226,-0.67807505534636181,0.73015404447841425,0.084197925442617602,-0.011235862110364212,-0.12484027754803791,0.99211322967913518,-18.809202536508685,13.935163543234342,-0.77216958485725207,,0.1142467681685404,0.3333333333333333,0,2
-0.92151469329977154,-0.38811797831289119,0.013232722431227721,0.38780250256632343,-0.92149453942123949,-0.02137832594320958,0.020491194106845832,-0.01456875860022369,0.99968388115289908,0.21509352150073227,-13.658548009818269,-0.49500464102522757,,0.09608922467590837,0.3076923076923077,0,5
0.76602072093213047,-0.62151962710963771,-0.16409024413449319,0.64117840036296514,0.72054735550293292,0.26401092285305244,-0.045853178849560687,-0.3074489577071749,0.95045916503244032,3.5782922275624132,1.7922857237535059,-1.355846466998573,,0.1708869322878957,0.6190476190476191,0,3
-0.3091591381878171,-0.94820711061807805,-0.072965078279145862,0.95091897499103917,-0.30928161513266711,-0.0098987647168717139,-0.013180678167582614,-0.072444171016338349,0.99728537129990946,-10.843406526519527,1.5144079827540462,-0.61566156440049624,,0.1010507290184389,0.2753623188405797,0,1
0.5406068514629897,-0.84003466345118094,-0.045672709047457467,0.84014791687865931,0.53627640191525694,0.080988261577061682,-0.043539750983690353,-0.082154640461062869,0.99566806975768363,0.41756775030895427,4.4095909247221403,-1.2920842498077074,,0.09930199269466829,0.2631578947368421,0,5
-0.20279085164031138,-0.95331051387280508,-0.2237742939449634,0.97898358389944806,-0.20241991493248845,-0.024845935162868399,-0.021610482326652653,-0.22410988862228684,0.97432425037834147,12.145159961683792,4.9728035801261434,-1.8201656811842657,0.6256478833853466,0.34785456168748,0.25,1,6
-0.95747597453474098,0.26184101143021404,0.12115710017143812,-0.27392528997231047,-0.95686517937417537,-0.096819233702884977,0.090579764309336355,-0.12589008394004197,0.98790029510231214,-7.7428762414399985,14.229950384157569,-1.2374334025905953,,0.2724617757954631,0.25,0,3
-0.87746420383591694,-0.47906594703411215,-0.023502965321609708,0.47859734139098986,-0.87126857600705498,-0.10879178864286677,0.0316410461280279,-0.10670935692312557,0.99378667597476689,14.439168240484655,-0.070249392388118573,-1.7715649549211991,0.2090695944050132,0.1995704469194839,0.1904761904761905,1,5
-0.10618981919043871,0.99194237697739263,0.069094450260085746,-0.99382625861649598,-0.10812392535082806,0.024871358046296504,0.032141717201177152,-0.06602679397918769,0.9973000413577604,9.5280970955539086,4.6099227263940472,-1.7030720760369236,0.2793261125397801,0.1579373321935305,0.52,1,5
-0.95288622400540179,0.29753672111571688,0.058989352331041744,-0.30032213238418082,-0.95274118761000626,-0.04572577207323747,0.04259648930306608,-0.061287266370619105,0.99721081526419042,-1.301052948687724,7.5690192718300313,-1.2953114518683733,,0.06511427522652377,0.1666666666666667,0,5
-0.35010289945298467,0.92065982323794682,0.17266571654525059,-0.93578606967671685,-0.35195432931329501,-0.020798602756684194,0.041622008524518098,-0.16885982338348024,0.98476086866471491,-2.9309881127802457,-16.343062640813741,-0.26164381712477336,0.3429018596738687,0.2272867947924977,0.3076923076923077,1,4
-0.44854114426408426,0.89157678274683039,0.062463448264406092,-0.89301218839798713,-0.44993141900127215,0.0095367483002474808,0.036607011280717687,-0.051502996634330098,0.99800168740477624,-7.2475042360365061,-8.7309365452936216,-0.35462884133186839,,0.1073119932487136,0.3163265306122449,0,5
0.29851650458182777,-0.95236938625110767,-0.062293247017117692,0.95396817577679782,0.29577047792597089,0.049644173802482629,-0.028855087893400262,-0.074245380456502988,0.99682245529659552,-11.186726609152368,6.673564841430867,-0.81404073333119886,,0.6842682820372662,0.6068464730290456,0,4
0.41049230935815406,-0.91185527197160987,0.0040033655080633605,0.91104566264948061,0.41030590460811467,0.040556937893360172,-0.038624662139348495,-0.013001062314218995,0.99916920881966897,-9.3995439359358777,0.34678403283829601,-0.64622485554747877,,0.07026639680782062,0.1376811594202899,0,2
-0.54591771145888124,0.8328389938868116,0.091395090552509245,-0.83686207929214562,-0.54729302670406343,-0.011497963468891976,0.040443943407195433,-0.082762027420242135,0.99574832877538255,-11.800912342560339,15.980763348272916,-1.1556671130932759,,0.08738377325423782,0.5263157894736842,0,2
0.040734460114841976,-0.99845405747106042,-0.037817970314779979,0.99894002989862241,0.039883873401562207,0.022980280864862358,-0.021436427531007652,-0.038713973731269127,0.99902037407284305,-20.042125236803301,-11.02675621090571,0.37666327800945504,0.2020684649038754,0.2323775307792169,0.72,1,4
-0.06997464075483574,-0.99706936766424514,-0.03092289955443599,0.99727764280270947,-0.070644691794580355,0.02113363875720126,-0.023256242540505144,-0.029359897596395273,0.99929832562454846,-1.55813216573918,-3.0077881185572637,-0.97930819236057653,0.4751920222616711,0.4168146819029835,0.9600862998921251,1,5
-0.42957070082460291,-0.90288130613874684,0.016563816536369295,0.90300541514396637,-0.42934124038211963,0.015726395894044825,-0.007087539328483561,0.021712814933442619,0.9997391261993972,-13.777556097883306,-4.0200686722286214,-0.25867889177444187,0.4080550565791015,0.3762629783412601,0.8115942028985508,1,2
0.87029881194391934,-0.49250772953239952,0.0040142595636126323,0.48648413826495118,0.86087006739798133,0.14911710255635827,-0.076897081515562127,-0.12782356359074215,0.98881139528494177,-5.8002892638587875,6.8109078595329322,-1.0600436271767206,0.7831537670366447,0.7806060758102121,0.2193995381062356,1,4
0.80780544577106861,0.58548937941444879,0.068209591521200943,-0.58929354107671394,0.80482605718357336,0.070626766339760311,-0.013545635011794697,-0.097248158189383871,0.9951679815492962,-8.981271606503908,-2.7786227862568436,-0.54632942367534265,,0.1288645359465757,0.176056338028169,0,5
0.99765286499461125,0.018886808032619409,0.065818306346952349,-0.033531379639990436,0.97282464379376188,0.22910228939706695,-0.059702659467406646,-0.23077153401118952,0.97117459374853898,6.8480331470653111,9.249606751120341,-1.7116537507535448,,0.3949786852096191,0.3333333333333333,0,3
-0.21929747637805974,0.94628120343916033,0.23761418491316441,-0.97530084798172489,-0.21920613199563341,-0.027146410842685469,0.026398348060839686,-0.23769845542881873,0.9709802116966193,0.65688434186337064,-16.03934332289737,-0.4340997279552124,0.5102821509076348,0.3243027571188873,0.2631578947368421,1,4
0.23354838250904325,0.97042348087197727,0.061101725014312006,-0.97219739752031109,0.23195582230706474,0.032073614585634111,0.016952087840262395,-0.066893678850609123,0.99761608970970772,-2.2294022539809499,8.7766027634766157,-1.2995435657738363,,0.06602967312513305,0.1636363636363636,0,5
-0.55108814226747516,-0.83427172661313587,0.017103965216306798,0.83444616621428558,-0.55094215537542479,0.012741158525121653,-0.0012062928600665584,0.02129383958375438,0.99977253275598532,-8.5615536340649072,12.79596123909541,-1.1598603388825803,,0.06910172680097566,0.2857142857142857,0,1
0.96788000447429512,0.23097996309076818,0.09928017722298732,-0.24474296577451038,0.9559835448503895,0.16185284266636205,-0.057525452129794048,-0.18095225510026861,0.98180807886846821,-2.9181237806688411,13.761261889463041,-1.4349667030981952,,0.1705062170087228,0.35,0,4
