axis_00,axis_01,axis_02,axis_10,axis_11,axis_12,axis_20,axis_21,axis_22,location_x,location_y,location_z,dbh,dbh_approximation,score,reconstructed,number_clusters
-0.84947857690314799,-0.52473076283183895,-0.055170408014791637,0.52569076985192487,-0.85066869417759661,-0.0034622591862591818,-0.045114985039260709,-0.031943689268753912,0.99847095042410117,-0.85369803658733967,-8.5429226229789439,-1.3749160677458732,,0.07452883989619595,0.3928571428571428,0,5
0.11688518915070478,-0.98424408681589548,-0.13267038149168364,0.9930821198441484,0.11432180251439032,0.026803520584327136,-0.011214089488571027,-0.13488551826569681,0.99079772969014102,-4.3389235569943949,5.3747222927243845,-1.9423283825501712,0.7086482626019137,0.4751771485791389,0.1416666666666667,1,4
0.19527304936043999,-0.97867802882574484,-0.063700487339035411,0.98066824933162677,0.19401166889604038,0.025480523640931712,-0.012578590792217485,-0.067444704951008794,0.99764371938470797,-6.9406427040841487,-5.9336919372052614,-1.9326767986242717,,0.0679320797352663,0.1818181818181818,0,4
0.59521353086689788,-0.78649229315092073,-0.16477477199852369,0.80354535106031288,0.58102437605074164,0.12932727177282977,-0.0059767434542197422,-0.20938134408072576,0.97781579619508585,-7.7875465085660052,-8.5683297754669514,-2.0347249748400271,,0.2503714006565764,0.463768115942029,0,4
-0.99024010667326201,-0.13322428377248746,-0.040936797005090647,0.13853270109924234,-0.97304601375107846,-0.18436416639164394,-0.01527160312070208,-0.18823587685785481,0.98200510833787391,13.198296612705365,-7.9841781584354834,-0.41940912410730402,0.708335754006874,0.3011100735266877,0.3333333333333333,1,4
-0.99428726856818617,0.097938045589489042,-0.042437799063181791,-0.09814129562157102,-0.99516875236197389,0.0027277126007515346,-0.041965624705647318,0.0068770304946288233,0.99909538723519342,-4.3145070885559136,13.356132672521642,-2.1953004593422638,,0.07561818371794102,0.2857142857142857,0,2
0.78671042096087396,-0.61247307735890799,-0.077223332368362416,0.61730356805282405,0.78147936517989669,0.090698989339897923,0.0047977516419539564,-0.11902407869223613,0.99287977634285962,-12.061779839259923,-13.777644555377837,-2.4129322273487555,,0.2157514077014995,0.2916666666666667,0,4
-0.30297506848101752,-0.95118137064780695,-0.058822682797386693,0.95242318215626454,-0.30435921477243838,0.015985946154041784,-0.033108759720924329,-0.051180743602100912,0.9981404417786498,-4.943549546210364,5.1373239443644376,-2.0030300274549773,,0.07763967065885212,0.3904761904761905,0,3
0.72951754192704765,-0.64469917208500149,-0.22840125554302967,0.68373788327097218,0.69596405348172685,0.21940041759626328,0.017511796048628136,-0.31622304434401716,0.94852323283352058,-15.162918995091387,14.186497406143868,-3.7317985377473928,,0.2880748915999757,0.2727272727272727,0,1
-0.48461642515243092,-0.86786814342083851,-0.10932431617781392,0.87373909753767209,-0.48621125047950309,-0.013364480581527559,-0.04155610552655728,-0.10199757615956513,0.99391628649048736,-11.274998199006566,-7.7398723894580135,-2.4634947799449232,,0.07386211974622126,0.2558139534883721,0,2
0.61432847961662729,0.78836586039489043,0.032860147530826105,-0.78807140941661447,0.61096012381545162,0.075307242463917679,0.039293419195005549,-0.072159526545235261,0.99661879870727565,12.415492125726509,6.5158937006553375,-0.79265423899091236,,0.127458413687593,0.1851851851851852,0,5
0.9483266724338153,0.31425671862178095,0.043809098959904577,-0.31691206366968372,0.93132158186187619,0.17946268430767326,0.015596994942304192,-0.18407288219442877,0.98278884191336147,0.85368935790777334,-6.3618223414599875,-1.2459681215570648,,0.4039761685163757,0.44,0,3
-0.99768496645310201,-0.028063079094088467,-0.061944905401752168,0.030654367458134945,-0.99867701813443521,-0.041285871746329812,-0.060704344730955886,-0.043089175460568833,0.99722530327349468,-1.377916353447904,-14.516118374998726,-1.3605183325849413,,0.07677335594519161,0.2,0,2
0.36726296376776485,0.92998415995420947,-0.015728244618562419,-0.92954039300204616,0.36757815997248039,0.028999208417601577,0.032750163696068472,0.0039697034536033578,0.99945568597730805,-4.8822319516579187,10.858023171358036,-2.1580222576519503,0.1530150047115321,0.1304219250850419,0.68,1,5
0.65937015138077437,0.75152014205223017,0.021177335948900197,-0.75081893702661262,0.6567802305275483,0.070076048621549411,0.038754706428047757,-0.062106399653966179,0.99731683423659279,-1.4505965277686688,-6.4990865804767237,-1.3860897805243309,,0.2616445500231794,0.3372093023255814,1,5
0.99359533071843464,0.11019015050463704,-0.025028973336704556,-0.10283594794439574,0.97358556970669285,0.20385265823449858,0.046830402356818873,-0.19997317117718369,0.9786815846966973,-26.794396717987372,12.15019288565423,-5.5503165683491549,,0.5479803100381562,0.25,0,1
0.36276439388917531,-0.92432531784668237,-0.11842593176263636,0.93163998961634364,0.35684069533400631,0.068641444486558761,-0.021187833156737064,-0.13523100584249237,0.99058752807863926,-1.766707401534455,-13.219567231210972,-1.414288142308352,0.7406598169307176,0.3838443502380439,0.2380952380952381,1,5
-0.74196121246544866,-0.66605245581056804,-0.076600817916742531,0.66884153048659234,-0.74323390454967564,-0.015948988187272743,-0.046309462242132532,-0.063067338904984824,0.99693427289379999,1.1889427576907126,-16.811963603141653,-1.1006332200247217,0.440762612182966,0.2143258156705093,0.7857142857142857,1,5
0.99231786043094217,0.11991053207430401,-0.030442210291199867,-0.11493725179346072,0.98460135161277529,0.13171790520829635,0.045767805496035312,-0.12720708588735322,0.99081969362751543,-3.6021518527236802,-9.6777653513163333,-1.6006070762973248,0.1729554657274043,0.1107382518697598,0.2564102564102564,1,5
-0.94339315646150268,-0.32526277446516805,-0.064911323271243146,0.33152263652980324,-0.93068285927277561,-0.15466789235060666,-0.010104148154621755,-0.16743220419940769,0.98583181282965149,-3.9630118442632924,-2.2595615164678899,-1.6083318944117291,0.4565566262457676,0.6341678837489333,0.3123262279888786,1,2
0.95839829207186367,0.28480727238107628,-0.018908499480004646,-0.28155738437429023,0.95418549392837504,0.10126935608055589,0.046884464996863766,-0.091732550250789455,0.99467933836309452,-10.540963608376776,8.0154773675915418,-2.6917856556748863,0.2075632591935124,0.1924346165383467,0.6409090909090909,1,5
0.89480069134166917,-0.44208824544915887,-0.06236750764744875,0.44543917961125085,0.89345763772446884,0.057596760838325094,0.03025987511088233,-0.079318552858052074,0.99638993728900005,13.697652816618783,2.9530075992072424,-0.59248681952277027,,0.07867682338138246,0.2916666666666667,0,5
0.91265246616774875,0.40669951955938044,-0.040755082972522526,-0.38927210771361681,0.89526285862293098,0.21672941684620975,0.12463026179113335,-0.1819338197270341,0.9753806349756009,11.293932999358745,-8.5879844620022983,-0.52827580715477473,,0.6951145821038607,0.3448275862068966,0,2
0.52527609827744548,0.85075217101178024,-0.017486111550762164,-0.84990006419037822,0.52554004564020651,0.038438799638911586,0.041891544106348162,-0.0053295353673630842,0.999107949415454,-11.517066999782999,4.8436606472110064,-2.77389096910633,,0.09281703039706135,0.4497991967871486,0,5
0.66534235495817795,0.73697834890127933,0.11909015051401711,-0.74509586258333105,0.64564090631343651,0.16727216043313181,0.046386487902285826,-0.20002683156394216,0.97869175964375144,2.6001969639404954,-11.409259515664017,-1.0781375352289191,,0.5819784463707668,0.1363636363636364,0,1
-0.94292471998223915,0.32801652344491444,0.057429372219519235,-0.33117061283091143,-0.90559643258793088,-0.26499269137319981,-0.034914146754787122,-0.26888707970284698,0.9625386957028067,-5.3744149331584419,-5.2425913474213868,-1.7211490420303577,,0.5063433745798696,0.2127659574468085,0,1
0.9947018836174143,-0.1012475824943514,-0.017807014545345216,0.10265340156990639,0.98755026978888782,0.11919204581691908,0.0055174155268712935,-0.12038850310118698,0.99271152226966697,8.7156848120139792,7.2286762523865775,-1.0518603042417527,,0.2318370078779947,0.1408450704225352,1,4
-0.68592781189674534,-0.70450682756028205,-0.18213502350589111,0.72663257580659302,-0.67650545335796231,-0.11977258181076002,-0.03883473500901307,-0.2145005862413584,0.97595151614150089,-14.258588458538458,8.3663385084312374,-3.3516650676243387,,0.1877041830066186,0.2083333333333333,0,6
0.26671176260096907,0.96356783652073019,0.020046448888628537,-0.96152020586274389,0.2646074605054004,0.073903894095980818,0.065906975411950078,-0.038986103519625462,0.99706386672289249,-1.4575315875638692,15.276359909981078,-1.9831307093740735,,0.111065674239275,0.1785714285714286,0,2
-0.58987905578163369,-0.79895844475372568,-0.11708160874739011,0.80598854003186271,-0.59140179152346117,-0.025027870867261683,-0.049246044384050947,-0.10912985173429561,0.99280688080460822,11.748907964501173,-0.11416728944067073,-0.63929321017327512,,0.3954049176558752,0.7767857142857143,1,5
0.81684909616506862,-0.57393470261858137,-0.057935405620677193,0.57673110013834494,0.8146005405159108,0.061702492043691666,0.0117810113116906,-0.083814775077596229,0.99641170770478549,-5.6132422146280998,8.5641326649673122,-2.1738706232863954,,0.08597681544043077,0.3235294117647059,0,3
-0.96940457165818417,0.24542154047605175,0.0048004081676340958,-0.24508914047973362,-0.96663457218152404,-0.074491053706797566,-0.013641468656988866,-0.073388495922762212,0.99721012780610918,7.9769936273454034,-8.7291983318850193,-0.74382663920646996,0.5386873549630239,0.5021848746268859,0.7894736842105263,1,5
0.69519675844513817,-0.70896969914469476,-0.11858934497691968,0.71866213077117647,0.6889724709760312,0.094030186815808894,0.015040240782853868,-0.15059515241821222,0.98848110311999926,3.3129027692098014,-4.7944439989180605,-1.10532142213114,,0.4020814963188776,0.9358974358974359,1,5
0.65890231821574508,0.75018995043274161,0.055342328462388478,-0.75146345654122337,0.6531310572472574,0.093394301443920802,0.033917672871750675,-0.10312545916892563,0.99408990093359473,-2.3319532230722744,-7.8503703303180643,-1.4823888496046986,,0.188743469401952,0.7054263565891473,0,8
0.60442409760155758,-0.78615870141007904,-0.12894187231369758,0.79650592551105093,0.59954848055250709,0.07822998205908463,0.015805722518369005,-0.14998705165579765,0.98856161339153448,-11.288035404823152,9.9965662314306183,-2.8820499499798924,0.3429022704944104,0.1827570532367078,0.2058823529411765,1,5
0.78996100630616151,-0.60514061422834542,-0.098825328368282339,0.61295455791814812,0.78351765843179788,0.10191559671081304,0.015758123083840357,-0.14108478279706305,0.98987209558608169,-7.8965688758098267,-11.561085461653427,-1.9966762314822279,,0.1926552360956409,0.1818181818181818,0,4
0.72668816042408502,0.67566177707711772,0.12411881604515544,-0.68548110126134443,0.7013033676755891,0.19567638155999509,0.045166108012471992,-0.22727681246416148,0.97278223318640866,11.187096359599142,13.87845371234334,-1.0711648239683411,,0.389676404598245,0.1176470588235294,0,3
0.98763391034237635,-0.14852900655001033,-0.050183596474296904,0.15229774835394008,0.98490698072907878,0.082241322687876775,0.037210952529437007,-0.088867167865295013,0.99534816596377695,6.9528126488344348,8.018477180476328,-1.2120691506351826,0.4511689840020289,0.3535592157503668,0.6219512195121951,1,5
0.99240394430089418,0.11543899002491877,-0.042523533696686218,-0.1123085751951497,0.9912164764489193,0.069833235309725211,0.050211505391313395,-0.06452702068292604,0.99665192937560809,7.4480634857316907,13.638897445273896,-1.3118958075874425,,0.07467325947305109,0.1538461538461539,0,5
0.82355020462904804,0.56653261306582869,-0.028387652038473706,-0.56386475712558026,0.82307313741960864,0.067875961355641584,0.061819059578449541,-0.039892465341792527,0.99728982501667485,12.634198346812353,-4.2550604823147982,-0.52726545544121539,,0.2652861050038594,0.8214285714285714,1,5
0.18484520533465343,-0.98101164163326682,-0.058723155950559075,0.98268228938807856,0.18371137670344301,0.024200169270721283,-0.012952535960025029,-0.062179490587568359,0.99798093306559488,0.82021986038705796,3.6706197468982538,-1.4043262673970467,,0.09154494227836145,0.4732142857142857,0,5
0.21604366202966971,0.97591684577339322,-0.030190167812101206,-0.97587957203577047,0.21682235999478849,0.025438653454410719,0.031371913873609408,0.023966108194766803,0.99922041045902621,-27.966822498751636,13.759416078375521,-5.8317414095299434,,0.08748518846110293,0.4444444444444444,0,1
-0.08767490504062421,-0.99298382802820828,-0.079348776301614479,0.99579652705848154,-0.089484616539607556,0.019539193970765041,-0.026502598445913024,-0.077302138891530842,0.99665540263343266,6.8583578043527407,-12.009625708662877,-0.75500662428370213,0.3882826401061117,0.2587462384339073,0.5476190476190477,1,5
-0.84615230538276864,-0.52351347005068272,-0.099799412678234153,0.53084921251337147,-0.84449703222763395,-0.070879306801445927,-0.047174035966417678,-0.11295312848351351,0.99247982402486534,-8.4582394695159078,11.70774732988731,-2.5436619162429577,,0.08003877320566499,0.3243243243243243,0,5
0.99910361604093767,0.032941437171552054,-0.026586201891136835,-0.028025685141407724,0.98542520734254924,0.16778474813358232,0.03172578425001147,-0.16688925205347313,0.98546509434010643,-5.0697236792601839,-6.6097617009671019,-1.7372466443054995,0.3454985788988492,0.2091848382504943,0.2407407407407407,1,5
0.38010769914762194,-0.92054567238604867,-0.09007664569697818,0.92493284923873864,0.37785837224929147,0.041500300242581376,-0.0041667070702936333,-0.099089432193517499,0.995069808093762,-20.507873379374757,11.41208707690045,-4.5180867754362977,,0.07997705004761649,0.2592592592592592,0,2
0.26680767707728592,-0.96054938541598534,-0.07847637625169214,0.96370591781569481,0.26513257580931615,0.031234935756742695,-0.0091960545688547918,-0.083961868855401481,0.99642653374881396,-2.9570034892136361,-5.8115366108801183,-1.4998375494686655,,0.09529221538595103,0.4807692307692308,0,5
0.83112493901747353,0.55526352372399945,0.030228380122139284,-0.55406592200812377,0.82225284687280198,0.13004310777146288,0.047352822645420053,-0.12483058531938501,0.99104744344371887,-7.9755676461620171,25.28248208648764,-3.0333078917285907,,0.3385974533175015,0.6875,0,5
0.88039306618958346,-0.46665285558869291,-0.084517225322549461,0.47338402985830047,0.87545926676301888,0.097358268852078461,0.028558873934729861,-0.1257226495492216,0.99165427751303736,6.6034709129369,3.2796221244882013,-1.0827075458815987,,0.07533628188665528,0.2205882352941176,0,5
0.95633699645222647,-0.28332961449770105,-0.071720839128650474,0.28824232320329179,0.95491131351870528,0.071138923441034979,0.048331276944673464,-0.08870576566697605,0.99488460376383958,-14.697350410406905,4.9357698450593777,-3.2814882966756307,0.3117523414490375,0.291562833538687,0.89937106918239,1,5
-0.65783458536330619,-0.75028790881422625,-0.065739730658591067,0.75177836735562531,-0.65940880434082572,0.0030520704308688983,-0.04563928873239978,-0.047413949898523836,0.99783213652348479,1.9234621753101901,6.2234594470146956,-1.5020847538656625,,0.07805113062841658,0.2717391304347826,0,5
-0.025586669360420641,-0.97331858157345297,-0.22802688682451766,0.9986202038459282,-0.035349753872759945,0.038834049130260832,-0.045858595941837665,-0.22671862222803002,0.97288008280222615,7.2598046713286504,11.892473989633716,-1.2797292498547654,,0.2027821876654912,0.2307692307692308,0,3
-0.70773607231550473,-0.68368441447524098,-0.17800357678167966,0.70336562672490743,-0.70550714955020888,-0.086812770232373576,-0.066230258079690574,-0.18664212637340949,0.98019297568260055,-7.0261572185835179,12.435504122875109,-2.4311707929720092,0.3621200816566344,0.3150477588829768,0.2105263157894737,1,4
0.99479379376264321,0.10032337692374596,-0.017903293941174212,-0.093065679071311205,0.96592586443658623,0.24150777169985552,0.041522129886649578,-0.23858425022421278,0.97023371837646732,-4.3603643634308327,7.8893320016421624,-2.0616990738580059,,0.1266276439861124,0.2253521126760563,0,5
-0.43686273211207138,-0.88434403742266299,-0.16458000111362198,0.89851113211148037,-0.43770081821660461,-0.033101951668450015,-0.04276328756447511,-0.16233797216762996,0.98580813753446939,-13.377802653222933,-6.5421318451749819,-2.745150317540245,,0.3642752005621543,0.3396226415094339,0,2
0.042074578719649765,-0.96371073924922268,-0.26361210306296884,0.99856747497357856,0.04929097184449506,-0.02081821364856791,0.033056432815054541,-0.26235855455910428,0.96440409637205582,-5.0953128152733793,-17.520699148089658,-1.6267159474312218,0.9102829770480174,0.5565909462613803,0.4594594594594595,1,4
0.74988335837755715,0.66107840525657213,-0.025500802572154448,-0.65971501906176,0.75010950277394361,0.045954624060798303,0.049508003926013101,-0.017637345368710478,0.99861798581620143,6.4142741550191946,4.34028139202145,-1.1202453556214351,,0.06933648080130408,0.1454545454545454,0,4
-0.83566093269887032,0.54923592420322154,0.0032718688065360131,-0.54868709219409972,-0.83452767016488183,-0.050060389418755603,-0.024764499196179766,-0.043628743894444787,0.99874083339260489,-12.147277611890729,13.37154006648438,-3.1901793299732861,,0.08435032660175081,0.1428571428571428,0,2
0.31480249180960268,-0.94154773348643805,-0.11994689123531944,0.94891505200528536,0.31505339506711255,0.017366126064650163,0.021438638675821936,-0.11928631029266695,0.99262841030694349,9.4401959525634762,13.286599761108169,-1.1736261101064931,,0.1514989367499242,0.2058823529411765,0,7
-0.12720519756989573,-0.97265728741861179,-0.19431067634762902,0.99167606223384641,-0.12865260071776161,-0.005205374235306366,-0.019935528675637887,-0.19335539702843943,0.98092622818252662,-5.9568675263877653,12.588743952040433,-2.3014192567116432,,0.2579328946798614,0.4375,0,4
0.55428573992142904,-0.81574345425444195,-0.16531768012159453,0.83230219334221056,0.54474286092920121,0.10260737997052295,0.0063543274624635118,-0.19446807529180951,0.98088826591758127,-12.648428875204797,-9.5608027123971429,-2.5966904618559905,,0.7880619099447765,0.6181818181818182,0,1
-0.55615581968883132,-0.82773848369658498,-0.074429206860763875,0.82987023571347496,-0.55794252318952042,0.0039411538631273181,-0.044789464197569295,-0.059574687784241728,0.99721851189812183,-13.405430947034006,14.491444722013831,-3.4591592784026908,,0.1117592931439348,0.5142857142857142,0,5
-0.98001199777475878,0.19529415159728825,-0.037903542966624348,-0.19504267005769824,-0.9807411043258849,-0.010258808040335377,-0.039177047799587521,-0.0026609467375397319,0.999228741724421,-7.4127920141366186,8.9442558456428802,-2.3455165033443679,0.2412054269898488,0.1883053712890468,0.6782178217821783,1,5
0.53595943107899924,0.8333665432265972,0.13508402151263771,-0.84254485467673512,0.53813519423010581,0.022993055227287413,-0.053531823201104417,-0.12613769207289935,0.99056732559846095,-10.287775448516877,-5.6828889177334636,-2.2848047039366035,,0.4410704688456433,0.2828282828282828,0,2
-0.073823699460990627,-0.96548998726763002,-0.24975817480884366,0.99684518708203018,-0.078760924001993207,0.0098178328435863417,-0.029150203932145805,-0.2482454457513851,0.96825846976642049,-9.043806615570551,14.057989753755017,-2.7344327358842691,,0.3475536008825869,0.6,0,4
-0.93495193914724128,-0.34793327358102899,-0.069334757661675683,0.35125095669224776,-0.93529197117659657,-0.043031315055181742,-0.049876215850794249,-0.064586111415586747,0.99666493733080586,-3.9521720498848247,3.6018262631213016,-1.7770713877393731,,0.07088286873742473,0.2775800711743772,0,5
-0.51019828549482393,-0.84907988452600835,-0.13697101580787302,0.85906520221346661,-0.51075122932023842,-0.033766256733596366,-0.04128786533687543,-0.13489451968543339,0.98999938420928235,-6.3489862328738509,-3.035399887703389,-1.8335952656708741,0.8401697199234963,0.5597145905334349,0.9458720612356479,1,5
0.29737246801305556,0.94980579730195069,0.097152265436424509,-0.95334442238079409,0.28984781898858991,0.084395818279029505,0.052000265222915953,-0.11771656314709006,0.9916848204835963,5.071134632188393,-14.641454931810241,-0.84956776735407624,,0.3138675236124666,0.2352941176470588,0,4
0.055901725407466581,-0.92913735252969354,-0.36548430504001223,0.99824236317198622,0.044797472978740781,0.03879910802490074,-0.019676927231586115,-0.36701085344827522,0.9300085225340099,12.587747845416164,8.1652633550968527,-0.83941970911437913,,0.5917466361457904,0.3333333333333333,0,1
-0.56289047497981626,0.8138556650622143,0.14419871574718757,-0.8264791656370809,-0.5522596381954038,-0.10927708262996738,-0.0093006421730869385,-0.18068826322266504,0.98349644106562251,0.44544453155139913,-10.201089764404523,-1.267682651743405,,0.4271542768685939,0.125,0,5
0.81164393056911865,0.57487131475971276,0.103716447281769,-0.58202632089781425,0.7807062746707788,0.22747104095209636,0.049794495202453923,-0.24499119199700833,0.96824574571304911,-23.373345567414788,14.562575307960914,-5.0054226119564351,,0.4770575238123715,0.3636363636363636,0,2
-0.81903751952226145,-0.54899597658511767,-0.1666762109845738,0.57106943766679197,-0.80806337530361427,-0.14461424153887517,-0.055292304869261164,-0.21362817975698567,0.97534904615525275,-16.218726494866317,-8.8896318059960304,-3.0390178104075898,,0.277040330416908,0.45,0,2
0.98666873760557994,0.15955168267987455,-0.032063418186985021,-0.15685115387271756,0.98484429753987435,0.074023139166008625,0.04338799097227166,-0.068007133134795755,0.99674094532239299,-9.8847117774008773,9.0838967350035151,-2.6645760614664136,,0.06927137916323169,0.2156862745098039,0,5
0.99882321419420772,-0.0065794244075625796,-0.048050993342669865,0.019643938431664516,0.96073125165964057,0.27678435246124988,0.044343009253377336,-0.27740254731881175,0.95972992256748413,-15.127332056518378,-7.5530146581979345,-2.9565973764672817,,0.3471313984870332,0.2222222222222222,0,1
-0.94252061923702346,-0.32917754464142174,-0.057419738913561912,0.33160985964287004,-0.94258759495534405,-0.039541457028479422,-0.041106973869318983,-0.056309590125873096,0.99756676305857439,-10.65307244043948,-9.1274124080133348,-2.3616473483419456,0.1982682356364464,0.129332204150255,0.325,1,4
0.07491644860577952,-0.99458100305938157,-0.072084353931302247,0.99710762932961483,0.073786235820427898,0.018219959827860226,-0.012802392783156601,-0.073240833944240913,0.99723210888046465,2.864073075524066,8.395578782773061,-1.5039831714523906,,0.07847386794146809,0.3090909090909091,0,5
0.90416841107185741,-0.42319149191662786,-0.058210356373836328,0.42612092242519184,0.9030938930575878,0.053313973717889228,0.030007397276240012,-0.073009461657149027,0.99687971923258456,9.8038956384403928,8.0201823358269575,-0.999435883619751,,0.07306243081593744,0.3333333333333333,0,3
0.024749982963546469,0.9972119587061925,0.070397072074508737,-0.9996930352653266,0.024609031973872968,0.0028689348734570403,0.0011285323670119868,-0.070446468745199123,0.99751492292397737,-9.5858701151951262,-12.980480413607578,-2.1754098232762389,,0.2550804324559404,0.4,0,3
-0.99960067262978325,-0.0087090334855175686,-0.026882113269468808,0.010669754515911695,-0.99722498291644035,-0.073678285714819367,-0.026165848288457957,-0.073935689508196956,0.99691968693585942,12.785453749697608,1.3060031239964101,-0.60924549322902632,,0.1193837877548685,0.2173913043478261,0,5
0.94677944930086055,0.3201447134501007,-0.033407137433682475,-0.31805192564753987,0.94642374984442434,0.055902221085670542,0.049514108832249965,-0.042301869703031368,0.99787719928164342,-20.249807561817416,9.0287394968837322,-4.3370659327164143,,0.07600362054415633,0.4230769230769231,0,1
-0.93909514635717972,-0.32593976475620667,-0.10892004333021944,0.33181875782209391,-0.94246948820717003,-0.04059034067261319,-0.089423811402728814,-0.074259905394397488,0.99322144983131799,-16.996931513358014,19.94433624970106,-4.1283725261741742,0.754875983982762,0.415027787247029,0.868421052631579,1,5
0.097719816097146209,-0.98346290021600202,-0.15248462689947034,0.99495200902083503,0.093025343920579803,0.03764020634723747,-0.022832811639058388,-0.15539307992053103,0.98758880786766068,-2.4922608399290271,-11.078775859721453,-1.4910868777919273,,0.1607900966647821,0.3125,0,6
0.22320163837283935,-0.97007968741475936,-0.095532343700780287,0.97467372993837054,0.22071099291867244,0.036024682828289585,-0.013861774623235902,-0.10115363399372998,0.9947742424963355,7.8320106907150908,12.532331827514982,-1.2461105412662321,,0.08174092959455828,0.2105263157894737,0,4
-0.97688655106923883,0.21295062007942556,-0.018566091345167422,-0.21014711861011892,-0.97265126476748665,-0.098932834216323998,-0.039126140621246967,-0.092744544605050286,0.99492089864777167,11.311700696346994,12.070040283435603,-1.0282973004193092,,0.8601599613933275,0.8536585365853658,0,1
-0.9532996872393984,-0.29850558775681368,-0.045979564887295529,0.29998165702414287,-0.95349350442964753,-0.029345228905559899,-0.035081501654225376,-0.041767823601778803,0.99851126040383531,-15.40422180261772,6.2135817737161299,-3.4529812054346962,,0.0693165467008787,0.2363636363636364,0,2
-0.17793396321799446,-0.97962042093465762,-0.093184417266744493,0.98340342712536444,-0.18043142812972016,0.019031533337028336,-0.035457076185526112,-0.088251519142023629,0.99546695832533771,0.53789319503012034,12.212137810642847,-1.7178130569153476,0.2793799654988564,0.1259418242350889,0.2608695652173913,1,5
0.43215302590877669,-0.89927168657729695,-0.067484782864827841,0.90179673852880438,0.43072958817128681,0.035137789523613149,-0.0025307265163016695,-0.076042459154201381,0.99710136888336598,-2.0681141825072475,9.9811218277809104,-1.9165303167022825,,0.07362128562720802,0.2380952380952381,0,2
-0.85013643264663286,-0.51929067882486557,-0.087208008648675214,0.52542904739111707,-0.84745220148394917,-0.075822703444755835,-0.034530595774187343,-0.11028126352929797,0.99330039810213566,-16.97160531193693,21.610235304870699,-4.1027045999455058,0.4270834406433895,0.3269674687023152,0.3,1,5
-0.48300000917680191,0.87555203873358312,-0.010937029060768093,-0.87561676403338085,-0.48299608373457148,0.0031726394024617455,-0.002504731307050295,0.011109030854832506,0.99993515577488656,-2.5135239352765915,4.5887930743744736,-1.740307375044662,,0.0658549554732433,0.2248062015503876,0,5
0.28675205559795069,-0.9506365452184764,-0.11858928073578601,0.957461164463554,0.28021529517469962,0.068902154496446766,-0.032270375802678247,-0.13330246526316458,0.9905498854678233,5.5431014724471543,-19.875030243909688,-0.7051086502552798,,0.3914434803757345,0.35,1,5
0.32943144855850676,-0.91820524820364413,-0.21994099861537669,0.94396058695071861,0.31527868957432659,0.0976614467635573,-0.020330543138334312,-0.23978838602313624,0.97061228044163994,-10.174196346856862,13.519133969790778,-2.8731887313004338,0.5671836415170586,0.4225955116456174,0.2222222222222222,1,5
-0.63818522808152289,-0.75973737787264473,-0.12457420006459108,0.76978989108667006,-0.63221373423558747,-0.087916538971153299,-0.011964039422664096,-0.15200299637537421,0.98830761954646529,-10.213176730239136,19.943958709857167,-3.1346500702160887,,0.2717344227419453,0.25,0,2
0.69029470133902626,-0.71309730914846936,-0.1224150848077054,0.72336460556953719,0.68378787447149936,0.095800783582273855,0.015390669657074859,-0.15468151282865761,0.98784450035243154,4.339050032086778,2.7905409570120878,-1.1908640927959009,,0.1846012317684551,0.3103448275862069,0,6
-0.91811892633535797,-0.39263631876979171,-0.053799240586802501,0.39326199049690774,-0.91942574852901804,-0.0011400755524408447,-0.049016771978783798,-0.02220392138253616,0.99855112134533119,9.7638514988198342,10.909597734297977,-1.0923760294713194,,0.0816543847199924,0.3529411764705883,0,4
-0.2045412816153076,0.97427642884896726,0.094595477188246097,-0.97877709147667624,-0.20480914103790204,-0.0069728722758939819,0.01258051332921719,-0.09401412626101098,0.99549137351749706,-0.23801423600573648,-5.1624431295245534,-1.3033819244307041,,0.4694698512070172,0.4520547945205479,0,1
-0.065260973724951724,0.98318725954922792,0.1705397841225024,-0.99786562366975584,-0.063910020219291583,-0.013405462085968286,-0.0022808784798314602,-0.17105064155286956,0.98525959808454089,2.9605164969612803,-13.261407152953607,-1.0116154680279386,,0.2935496562406695,0.2352941176470588,0,4
-0.74571246417422254,0.6662621859212644,-0.0027605047775678742,-0.66606317420079286,-0.74557962753300744,-0.02169946960885381,-0.016515712178789131,-0.01434289437874871,0.99976072769041424,11.110035191558373,6.0215088761635016,-0.87039667629694284,,0.5932506020371445,0.2666666666666667,0,3
-0.90382656894972935,-0.42083992609630355,-0.077403422817202083,0.42544836763813804,-0.90315728800587225,-0.057450845040976341,-0.045729856052741422,-0.084856760043831414,0.99534321243491641,-10.474132380329719,16.342609673917607,-3.1082686964450557,0.2821536225770534,0.1638163804033377,0.375,1,5
-0.56906938283358532,-0.81868210384815698,-0.076939264099406351,0.82211727008987312,-0.56836918740825937,-0.032858195702895159,-0.01682949022926836,-0.081951690913799433,0.9964941989871251,-15.070841046656222,9.6811638618557385,-3.4487280082535654,0.2949636196050777,0.2453128252359674,0.4685314685314685,1,6
-0.23347072683330508,-0.96646564841825244,-0.10693722522777269,0.97109574483475647,-0.23736669622380116,0.025101910039431623,-0.049643469618452833,-0.097985723201315642,0.9939488538013197,-21.461603029847062,10.130103522570575,-4.6450882793945061,0.1806564167844197,0.2516171860031454,0.6181818181818182,1,4
0.52665164935962283,-0.84566800344399085,-0.086508197171382417,0.85007824118811925,0.52418404572638344,0.050971267047564474,0.0022414471446665844,-0.10038283796035342,0.99494636124653602,-15.99583112101886,14.245999535580797,-3.8817046873181855,,0.09041673345992603,0.4782608695652174,0,3
0.87684385265819409,-0.47588633090794297,-0.068389020394435937,0.48003092889481191,0.87449596777965954,0.069477403819518349,0.026742575790655025,-0.093749679423942925,0.99523657099605656,-4.3350543816475771,15.605948780097277,-2.2656189160213946,,0.1132942541195728,0.2413793103448276,0,5
-0.97012505567393525,-0.22792818538070744,-0.083103060489382249,0.23929213692241208,-0.95540515505566259,-0.17303254867270088,-0.03995809756169072,-0.18774911984380366,0.9814039017841365,-5.6194595745181601,3.5222787550614711,-1.9938285855541813,0.3521004014123092,0.3732974559858152,0.2988165680473373,1,5
-0.99337403063215035,-0.097437544954288677,-0.060942268573773543,0.10478909123859585,-0.98567670082413794,-0.13213889590061503,-0.04719408461900939,-0.13764943256594014,0.98935602898615305,5.1711526716236405,-8.0291882104368533,-0.94041172257248606,,0.3151206335105692,0.4423076923076923,0,2
-0.60741213119638326,0.7717281078282654,0.18837789271375352,-0.79432910523137257,-0.58718389004489302,-0.15574450826297279,-0.009579950824306389,-0.24423514665083204,0.96966871542947675,-9.2039601603491867,18.669775467105389,-2.9530018421206141,,0.1960987287353929,0.1818181818181818,0,1
0.013885739591314467,-0.98698221015766552,-0.16022890834144943,0.99959633585291652,0.0097298693610506273,0.026692601814751478,-0.024786116787955871,-0.16053487619363996,0.98671890725782019,6.1149500611333565,15.088312312202792,-1.4235938984378378,,0.139417555497047,0.2857142857142857,0,3
0.67063761968752611,-0.72018476854930125,-0.17770504272371848,0.74166072668884031,0.65538715930192148,0.142853204057659,0.01358490144353324,-0.22759958385670936,0.97366004328051903,-15.812870639744146,12.238867478931553,-3.7605193242823107,,0.5283187775798829,0.7368421052631579,0,1
-0.99852710729025052,-0.030789024428479139,-0.044672720773519241,0.034118648965048973,-0.99653962561887377,-0.075793748846432765,-0.042184520850260497,-0.07720628566469756,0.99612230958577397,13.71861966464,10.856805236552294,-0.84464906883906987,,0.7637874799280684,0.6808510638297872,0,2
-0.51712485868079949,0.82127611604229223,0.24101332277044563,-0.85590359793094573,-0.49510928488172462,-0.14931787258318985,-0.0033032685669764578,-0.28350015386661631,0.9589665015913641,1.5860968880922917,14.604756156107721,-1.7452600255300399,,0.5230838009872621,0.1836734693877551,0,2
-0.9165295772315718,-0.36336279265968069,-0.16715566089807682,0.39684083181452412,-0.87829234643580933,-0.26668316106765244,-0.049908799469346718,-0.31075719638141408,0.94917810585405438,-0.32012994927352112,-3.8613121215560304,-1.267625289521964,0.7211633469205164,0.5474220909476735,0.2506738544474393,1,1
0.90217183501424747,-0.3886658369073927,-0.18714926483451944,0.43026980260840408,0.84182236865995941,0.32588801234022124,0.030884900361666398,-0.37453166334077975,0.92669960401676998,-10.491922420888542,18.376249850300187,-3.1597950519655531,,0.5308443839643803,0.2857142857142857,0,1
-0.55347079487200179,0.80272454096926593,0.22204366811381146,-0.83285653897082412,-0.53199744662018456,-0.15273736374294528,-0.0044793657246841225,-0.26946619104311714,0.96299943258935494,-2.3054139825260584,-4.9139435113888892,-1.4167051330147693,0.4993322063047713,0.4017018192107449,0.3201970443349754,1,2
0.49624399815310194,-0.85344885350408572,-0.15927004975696582,0.86817807079729981,0.48844363461914869,0.087690667614719164,0.002954942250475059,-0.1817907320316354,0.9833328012751833,-13.268499115347213,19.393174733900299,-3.5802528073796536,,0.330805056554981,0.4375,0,1
0.27132179149787855,-0.94057923813553379,-0.20419398190632257,0.96223422107241718,0.26019733709820686,0.080016558062439028,-0.022131182877092054,-0.21819267301030054,0.9756547382086963,-3.9936779884769593,-14.509503825277104,-1.5703041816666135,,0.165303279903253,0.3333333333333333,0,4
0.7225407925203513,0.69114586704180747,-0.015880604997611743,-0.68980613934144686,0.72228319075573721,0.049744170297227663,0.045850771759159269,-0.02498765340601718,0.99863573133868477,2.2813280265319404,15.492402735874323,-1.7033254232971597,,0.08772745228669948,0.1818181818181818,0,4
-0.83878196397301308,-0.52223585173317155,-0.15399523394606909,0.53854903584494607,-0.8373771164848608,-0.093618912501584037,-0.080060932445572913,-0.16145984005946867,0.98362643678579342,9.7881571043322175,-14.540722357063688,-0.49462721074872029,,0.3200289681694391,0.5384615384615384,1,4
-0.6711102793168443,-0.73797174947996536,-0.070772098773082381,0.74010206265934553,-0.67246734460067492,-0.0060503961109308925,-0.043126903930720967,-0.056439059304673585,0.99747416144086354,-7.5570666755476994,7.1827174665116766,-2.3515711980867287,,0.09551126794199898,0.2892561983471074,0,3
0.64566168482952446,-0.73598592566701992,-0.20358218478825579,0.76358174935239531,0.62505012738347332,0.16203471947036327,0.0079937975353139672,-0.260071250771713,0.96555633896888726,-12.674713960979755,-17.331462154815508,-2.3738991648953438,,0.1924069525851657,0.1818181818181818,0,2
0.38017946557079485,0.92488708561034261,-0.0068886014193103506,-0.9240891964501603,0.38014464404000425,0.03935996204010251,0.039022185515481277,-0.008598167183056997,0.9992013513595196,-11.552848147225415,7.6415516832999133,-2.8471428860965711,,0.06844214495209651,0.1186440677966102,0,3
0.60029494982230536,-0.78907731746852861,-0.13039539974442141,0.79905026107197064,0.59868029176498738,0.055682928559885499,0.034127020066976224,-0.13761865901417936,0.98989719223386397,-13.577114780025248,-11.920548424798042,-2.6288885725583611,,0.1910087041032213,0.4285714285714285,0,2
-0.9481130276576204,-0.29790662769991305,-0.11105551746025479,0.3139043869343312,-0.93256607687487059,-0.1782822148325342,-0.050455154833586861,-0.2038925046064165,0.97769224396843835,5.5651435813956018,-5.6487078449615922,-0.94967342710416014,,0.6088237255375639,0.1047619047619048,0,4
-0.87833929772208053,0.47675659927005276,-0.03497460692469475,-0.4771709591575477,-0.87880085806097674,0.0041143174351046434,-0.028774186587089152,0.020302633418970331,0.9993797322652217,-5.1001969118615911,9.812797600091578,-2.1570343419063231,,0.0809836283537908,0.2727272727272727,0,1
-0.98828241225918356,-0.14891080976461357,-0.033517821444942093,0.15219042530733878,-0.97811729381421264,-0.14186131955657019,-0.011659676836829279,-0.1453001385987194,0.9893189180740718,-8.6758439986701301,-15.022323973494787,-2.0363424567415742,,0.2331247384694679,0.2666666666666667,0,2
0.56565146048957682,0.8237829278502069,0.037684387066134951,-0.82348788888368263,0.56184867813623351,0.078700443063958875,0.043659158350854453,-0.07554965690927215,0.99618578951568404,14.471576165289648,8.1866780847901435,-0.71455890869486627,,0.1321385727005628,0.1764705882352941,0,1
0.3861855559634132,0.92171527423467325,0.036078658618814839,-0.92202444295897545,0.38457715590022828,0.044399749389887416,0.027048899264531742,-0.050411947018489611,0.99836215505516057,13.911658001284458,-9.6735505002730875,-0.33379146627527267,,0.5764897636548891,0.7857142857142857,1,3
0.43963415321907151,0.89718811861769177,0.042134203856204151,-0.89670598374004196,0.43574728449590555,0.077734694823145253,0.051382779684960259,-0.071956819452297399,0.99608334294182199,-13.679755359032002,5.1350819440926578,-3.1409394039453056,,0.1185584734078666,0.2547169811320755,0,3
0.34085551487905447,0.91823823940788052,0.20163346365534512,-0.93893818672418616,0.32177519006187144,0.1218844065979912,0.047038276835281508,-0.23086633091415307,0.97184779557428891,5.0719023046973977,11.494259526585422,-1.406834419671235,,0.2841002262499692,0.4,0,2
-0.8381896241048008,0.54534909488661976,0.0057025213192931443,-0.54530659413635041,-0.83786240178112592,-0.025046238699187522,-0.0088810153961251283,-0.024103119879124779,0.9996700291484315,10.647617261290913,9.8061681297987207,-1.0125618626248856,,0.1073104718237413,0.3076923076923077,0,3
-0.86722838064265206,-0.48981222824581055,-0.089436664007544228,0.49788823556233003,-0.85478626948094272,-0.14645046396472777,-0.0047160042996331293,-0.17153546154579297,0.98516665835569084,-9.5871179285945267,-6.474648252949847,-2.2316933487068469,0.6547974359057515,0.3010517679068345,0.1805555555555556,1,2
-0.69311573284493011,0.71879118793597474,0.054127710356411035,-0.72066899719198707,-0.6894392265408209,-0.072868027234802568,-0.01505912909610509,-0.089514138840667432,0.99587169935613806,-12.40155055681937,26.459831365976786,-3.536652521153719,,0.3273565586507302,0.3888888888888889,0,1
0.47340942515156148,-0.87549177665758615,-0.096941555499240134,0.88084249233413658,0.47051605222172116,0.052260389400328691,-0.00014098317517569506,-0.11013080226090501,0.99391709237597603,10.357343403027755,-13.268604980757443,-0.48404379737717179,,0.1035316268068876,0.2352941176470588,0,4
0.99680869907371794,-0.046161099498652512,-0.065127339451552815,0.052310772282210538,0.99399434694023192,0.096118787726961974,0.06029925832214688,-0.099218905174052199,0.99323693462429252,-2.7805732525214402,15.186392117173021,-2.0933940281994543,0.4127225494870279,0.3251884344643239,0.2424242424242424,1,3
0.55535704372076411,-0.81824816647456255,-0.14848734643312436,0.8315033211437588,0.54924798214104931,0.083239900533848138,0.013445479412526284,-0.16969558678705515,0.98540480357483784,1.7703403080014934,22.011170682369126,-2.0379550300734088,,0.1941681853510026,0.3076923076923077,1,4
-0.70652043908091688,0.69130478022930875,0.15141522378220543,-0.70751281856727954,-0.68516146908556563,-0.17314552504610978,-0.015952451971153629,-0.22945906413261702,0.97318757552873181,-15.18275313559611,16.376039721151148,-3.7631051685103958,,0.3101191351436381,0.25,0,1
0.48642144837070428,0.8737149281986939,0.0040495441344121303,-0.87250464203365152,0.48549240376475306,0.055070641147988014,0.046150018360503219,-0.030320787085302368,0.99847424887968528,4.7338544991509854,-11.347554419149924,-0.93283678745353382,,0.1152411714873746,0.2857142857142857,1,4
0.93829368782346922,0.3458335936322221,-0.0020201252583548191,-0.34287836816621348,0.93100676030785257,0.1251432655189765,0.045159495505495931,-0.11672847885799587,0.99213662475950826,6.1835967056499115,14.028866599982173,-1.3865005564867023,,0.1962872390893015,0.1428571428571428,0,4
