axis_00,axis_01,axis_02,axis_10,axis_11,axis_12,axis_20,axis_21,axis_22,location_x,location_y,location_z,dbh,dbh_approximation,score,reconstructed,number_clusters
-0.68155390754215051,0.72882895797486469,0.065518097738703929,-0.73170836242124815,-0.67761921858494611,-0.073722906665037571,-0.0093350670506848529,-0.098186275118263958,0.99512426957720201,9.2178527214111803,5.107436095200887,-1.4467006446154849,,0.07806569104498673,0.1904761904761905,0,5
-0.45124561434987343,0.83499857280533629,0.31488851827759007,-0.89202534225950814,-0.41182245885508534,-0.18626070747572657,-0.025849261049632311,-0.36493786566428327,0.93067296614201989,-25.592906076463834,1.8381994517759721,-2.4571827537929951,,0.3108850229374233,0.3333333333333333,0,1
0.81887444871424608,0.57067789750179476,0.061411518022837321,-0.57046692881034566,0.82100838738296078,-0.022643122146061092,-0.063341300717859803,-0.016491365915544096,0.99785565813578903,3.4000530957816344,10.037074612526823,-1.2679834452269012,0.2187508014954029,0.2218590878314181,0.4680851063829787,1,5
-0.99436556373062635,0.067577610859274634,0.081672468906143367,-0.085414121540921539,-0.96707148971702228,-0.23974395011739316,0.062781792807032721,-0.24536911029518546,0.96739466930766349,-0.30838583194672398,-9.6846711778819259,-2.0152300490108388,0.6612464109153948,0.507206734167916,0.2549019607843137,1,3
0.97172417262351907,-0.23555160937755612,-0.016357617759925988,0.23599425597703191,0.96662721205034818,0.099692246787890279,-0.0076709507222895218,-0.10073366985975293,0.99488385466425278,-12.417753966478692,4.289375194294955,-1.9276738521506094,0.6176677958445543,0.3709002332705466,0.8273809523809523,1,5
-0.74392546778305912,-0.66715414484118318,-0.03847395749055809,0.66378388205860117,-0.73105957300068403,-0.15793308280176788,0.077238955864051356,-0.14302883536296609,0.98670000301598493,-9.9199151907103733,12.220818271529426,-1.4833817561624663,,0.1521683615719334,0.3181818181818182,0,5
0.74359990914707375,-0.66276646389895755,-0.088316416635491404,0.66861279291891451,0.73786420411226616,0.092267813645599259,0.0040135098892123645,-0.12765982383131327,0.99180989162123501,-10.05420920715496,9.9012195882721077,-1.6984802522737505,,0.2231501024701775,0.4705882352941176,0,5
-0.96162993325097545,-0.27206161426311776,0.035360281676898392,0.2680285184594241,-0.95914504316519333,-0.090562130408268965,0.05855411828530277,-0.077609691509402876,0.99526285523757252,6.7883096956643216,-3.7812214383332896,-1.7979242558585431,0.1386929957213374,0.1045448380854653,0.1794871794871795,1,5
0.4043969053810349,-0.89888898945686901,-0.16870603887072541,0.91411838743932539,0.4031378294450183,0.043214166840130561,0.029167047563465599,-0.17169296754255231,0.98471864419887112,1.7807332773877382,-11.83222333945047,-2.1431315475006643,,0.2834293144743766,0.1363636363636364,0,1
-0.48475747100725108,0.86384258592033059,0.1370626902301682,-0.87438059979106719,-0.4747426583836023,-0.10038911803519619,-0.021650889396706903,-0.1685093322678218,0.9854622488593795,-2.8130186984063106,11.194706964420069,-1.4316503472840141,0.4095127650797513,0.4142854745520401,0.4555555555555555,1,5
-0.98251569057927335,0.14314998104408785,0.11904201230074653,-0.17519755640550227,-0.92722789070792955,-0.33098981090490587,0.062997888814425085,-0.34605855230062138,0.93609547824168249,-2.6563847750127829,-9.8893538208875142,-2.0642770655409386,,0.4410743904413069,0.4946808510638298,0,3
-0.5428748998348073,0.82040219113808088,0.17951904607919009,-0.83960136988444245,-0.52538781962229575,-0.13797528286144667,-0.018878104182207246,-0.22562775487152362,0.97403066348761347,-11.108005895670487,-15.17772279533342,-2.0855549694602149,,0.07068891316671028,0.125,0,1
-0.0084736738942857784,-0.98486080211891003,-0.17313982008894002,0.99808808388965953,0.0022710354261424978,-0.061765841656709689,0.061223963022674625,-0.17333217487757555,0.98295858687129256,3.478212259850614,13.348246500630488,-1.2136123845137279,,0.3599424578995222,0.5333333333333333,0,3
-0.98359607506811408,-0.17562742159919884,0.04115543576514058,0.17199071148105513,-0.98187844684424186,-0.079585870523482316,0.054387096584041061,-0.071201997199216924,0.99597807170640151,5.3233659004795575,-10.395300612985597,-2.1371445002499243,,0.08123294949737724,0.2916666666666667,0,1
0.80106177096914855,-0.5953490343284441,-0.062125408779027655,0.59842564468225656,0.794158203083556,0.10582767247617214,-0.013666999612131931,-0.12195194053104381,0.99244190627074791,-8.1950148331667734,-13.40850053217526,-2.0713981941482884,,0.1148449566930824,0.5,0,2
0.73535892621334986,-0.67586837660807031,-0.04948926287106211,0.67765476705982808,0.73276792376316746,0.061928883284837956,-0.0055916294082762937,-0.079076592016782493,0.99685286089551473,-2.6346360349512845,-12.382325976188078,-2.0572649237044915,0.2056676923825906,0.1462106073403632,0.345679012345679,1,2
0.85901137451008203,-0.51172956195747576,0.015241846381276623,0.511842197733272,0.85906797278112124,-0.0044477816166968963,-0.010817720733809754,0.011622115149384991,0.99987394373369942,-23.511090976555998,14.752774506329377,-1.8459576653083101,0.6412648064525578,0.6478532994286849,0.9325842696629213,1,5
0.44119746947152133,-0.89708071219251895,0.024310260058033155,0.89703245728913605,0.44006424203118494,-0.040941830141470778,0.026030049975756392,0.039870524171145172,0.99886574563380559,2.2496901207053295,-6.1299744005260619,-1.8329779788886109,,0.07371773851444063,0.2439024390243902,0,4
0.95697009438048652,0.2726081916860188,0.09946362293362232,-0.28307398926348587,0.952387946180833,0.11325332918687496,-0.063854170293401971,-0.13653561365128769,0.988575071069976,9.5832223591940995,-2.7001105035676245,-1.813840925967342,,0.1612300671366539,0.1694915254237288,0,5
-0.069706420065072314,-0.99491637468824623,-0.072680275033252598,0.99621747765213742,-0.065637861171854009,-0.056942149601137533,0.05188209924555473,-0.076374593668195545,0.99572846158975159,9.7445564978514536,-4.7161838806651044,-1.9155639249353074,,0.1774964940583776,0.525,1,5
-0.85365562370608561,0.51722400763526977,0.061248690114033819,-0.52064789038147341,-0.85059915456825874,-0.073531302783816921,0.01406592891692217,-0.094659411436340546,0.99541034024679031,7.6099333978484394,5.9499628285184407,-1.4005030740864843,0.5868554527668797,0.4156654859698389,0.9081632653061225,1,5
0.59517383951645086,-0.80206352417339932,-0.049620600014439187,0.80346480830403133,0.59506026969896442,0.018643423579427477,0.014574037608443585,-0.05096448387203182,0.99859412115806367,-2.8355164040552174,6.0856483922053481,-1.4143075029311529,,0.07575421568654596,0.2173913043478261,0,1
-0.25920547979490582,-0.95600030920092738,-0.13738969412595597,0.9639038741387681,-0.24709864849945523,-0.099154320783395367,0.060842753591256675,-0.1581318017271473,0.98554172545760832,11.857911263275124,-9.3063956354030406,-2.2124822472568759,,0.1087062944646926,0.1363636363636364,0,4
-0.99103609718014163,0.12379269959421202,0.050227697669014526,-0.12991495941689366,-0.98066296209472303,-0.14636344521536215,0.031137716770174781,-0.15157678682034603,0.98795491814736147,-24.136395012441781,-0.8524984219581544,-2.4582080216264663,0.2822545314738422,0.2486726997741686,0.5679012345679012,1,5
-0.68131083764804701,0.71354838246940122,0.16329191155295245,-0.73196209535090895,-0.66202300841066009,-0.16111184718823604,-0.0068580954224101692,-0.22929073729699576,0.97333381956910203,-2.1256423456716438,-16.169368083563096,-2.174189796142147,,0.1551938261240192,0.1875,0,1
-0.99019900810350703,0.12992598456519328,0.051236343405785131,-0.13420304341636938,-0.98672291990896432,-0.091473616218620712,0.038671274721871783,-0.097453157265901744,0.99448851911437031,-22.061917850710255,2.3366317612267049,-2.335046802403606,,0.09867975054253163,0.2352941176470588,0,1
-0.99893829941673185,-0.01343013358989858,0.044067056518055245,-0.00061598855226583532,-0.9525829669285949,-0.30427834572249679,0.046064026273345618,-0.30398243802771452,0.9515633362284488,-11.636470702145029,-12.062757887308182,-2.3104888129221428,,0.1125220057331668,0.2307692307692308,0,1
0.66406504437101355,-0.74710034788545931,-0.029303362161183514,0.74761432279326434,0.66399965736735234,0.013314629938818658,0.00951005777547974,-0.030749393578804237,0.99948188257498871,17.968241065227275,-0.22659549399172882,-1.9159957576129276,,0.1272084754274534,0.3636363636363636,1,5
0.95203534323840411,0.2889498805733719,0.10068103963293423,-0.30012066139989346,0.94591100828385699,0.12320695194796537,-0.059634669663081966,-0.14751383299220397,0.98726054071360725,-8.0168313043346711,-5.0183743563468193,-1.9369954908454405,0.6047313687514637,0.2161364474815632,0.2204724409448819,1,1
0.18962131172293922,0.96078355136820548,0.20233320429621085,-0.97931982475358792,0.19987763669579081,-0.031330674960946846,-0.070543879855554617,-0.19220795448993724,0.97881543880637734,-5.5439880553127932,7.568347803372097,-1.6486257305675631,0.4923135304312543,0.4074454299192921,0.1290322580645161,1,5
0.94403135778683678,-0.32952838377640425,-0.014691487360107402,0.3290523244652474,0.93769087690947495,0.11162610413679183,-0.023007896017650034,-0.11021281071840563,0.99364167237208334,-9.7396718823491248,-9.8885702287716448,-2.2429615191360006,,0.1425757920572405,0.1875,0,2
0.19057549814951438,-0.97636133607769349,-0.10197804135030961,0.98127024752489223,0.19244045292334055,-0.0086817855937684641,0.028101260247560583,-0.098413482263562377,0.99474876510667687,-7.6185291694548756,11.951929334577075,-1.4960597189588598,,0.1324749950377793,0.1818181818181818,0,4
0.73851019259166661,-0.66648225496304836,-0.10200048655565618,0.67420322628197404,0.72833923026435399,0.12236002341004643,-0.0072598284551229205,-0.15913318157222872,0.9872304317703664,-3.1290679077491936,15.187475343470863,-1.158404019033227,,0.5549467457117491,0.375,0,3
0.16158246838886675,-0.98594739389233343,-0.042412762068456483,0.98586403293568414,0.16319999045544165,-0.037919278462684607,0.044308176143322608,-0.035686126047224771,0.99838033130395398,-10.716613793764928,15.375652677762034,-1.4658192132255132,,0.08721568292844373,0.2,0,3
0.96460304306206712,-0.26365909399271975,0.0049851249069029291,0.26218703809432448,0.96090093117077724,0.089035709299459725,-0.028265285611940406,-0.084577080997577408,0.99601595920909047,-2.0739521050900076,5.0060802157139568,-1.4036315194378133,,0.3982580538422085,0.3214285714285715,0,2
0.32511395108870511,0.90136186737797119,0.28609037530889914,-0.94348175837149018,0.32975214486284488,0.033251986084947428,-0.064366842611171246,-0.28073173492722381,0.95762550225911336,-30.090443347512359,1.8390877147427818,-2.492977144690363,,0.285698421009984,0.2941176470588235,0,1
-0.99365207739715389,0.083598612123754135,0.075278291261841698,-0.1050084328770981,-0.92930967360968508,-0.35405756531976101,0.04035812320978948,-0.35971489069323087,0.93218904697735072,-14.86328931646484,11.642748692316514,-1.7488323893924409,,0.09838806851881481,0.3076923076923077,0,1
-0.20532743381858504,0.96686216080981324,0.15171752342973779,-0.97520269127499826,-0.18904065491585606,-0.11507971897334693,-0.082585445760586948,-0.17158436054361925,0.98170181387494793,-4.2220888141485764,-11.86771016928984,-2.0418594942314532,,0.5601913897830164,0.7865168539325843,0,5
0.91072080630511842,0.40985754985864131,0.051033339953647477,-0.40812380752023159,0.91199695776988754,-0.041188672637726381,-0.06342373923179119,0.016683460142910798,0.99784722851722996,-6.0202597671603035,-7.605024947307796,-1.977439605349226,0.1268443650290575,0.1020856214487679,0.5422885572139303,1,4
-0.78642054754931245,-0.61767750255720033,0.0041503285337768205,0.61187170823364978,-0.77991366712084353,-0.13171060891725059,0.084591577922829675,-0.10104046057306473,0.99127952176553535,-19.335897095290068,6.2698589239471465,-2.1009026390323529,,0.08706357746375254,0.3214285714285715,0,5
0.71823763435865751,-0.69558366588371068,0.017264540151896754,0.69579541344253093,0.71808012200969362,-0.015155230347310818,-0.00185559241642075,0.022897644645697244,0.99973609249964712,-14.668558362814775,16.664299013474853,-1.614833261015413,,0.1210174735956321,0.2727272727272727,0,2
-0.89085598856777981,-0.45314802864820264,-0.03213209867360875,0.45071787360899396,-0.87279814966440128,-0.18728798240085695,0.056824343747287967,-0.18132913189734376,0.98177937434183526,-15.887083681994321,8.2245827435463728,-1.978159751636873,,0.2154809371163479,0.5185185185185185,0,4
-0.98653832471313752,-0.16008655627890883,0.033383055147123288,0.15278055763407269,-0.97507115408070633,-0.16091720134510673,0.058311534718423291,-0.15365070445162174,0.98640317616089579,-5.9488921772377719,13.959534196224356,-1.294828972064427,,0.1178476663393506,0.45,0,5
0.90126224098679431,0.40562696150601307,0.15229294491493073,-0.43014142296442737,0.87984332105417096,0.20212393882592419,-0.052007011273485677,-0.24767417809648148,0.96744652166547873,-14.434971075418686,0.58448798959184645,-2.0345181949890323,,0.7408026230948939,0.3846153846153846,0,2
-0.99448931001914076,0.088998080047122397,0.055410775175756335,-0.097327018483869335,-0.98020110558597495,-0.17243330328295614,0.038967470160286011,-0.1768760423459248,0.98346143895597105,-15.90711460081793,10.721406925989591,-1.9036859356933717,,0.07875298942764442,0.3529411764705883,0,2
-0.81673649069426413,0.57098248265206919,0.083189598345566565,-0.57693097006802097,-0.81049041130343125,-0.10127165922194786,0.0096000283744233708,-0.13070691523279593,0.99137457187762112,2.4216159606501453,-13.323605635069262,-2.2063016205227965,0.5213691820974071,0.5792818949881073,0.8505747126436781,1,5
-0.81411570850784443,-0.5788299005891987,-0.046599992968539582,0.57880521947848829,-0.80235667502341979,-0.14563064220767721,0.04690555473745886,-0.14553251261920716,0.98824094061393308,-10.147443842938413,13.386444169529119,-1.3876875539765174,,0.1128819806870543,0.2,0,3
-0.54977870621365177,0.82983051335383629,0.095523260523036321,-0.83512132143512074,-0.54361574269898194,-0.083989896858448279,-0.017769431012323179,-0.12594936838564511,0.99187751457766016,13.220834595305698,-4.0117308712815296,-1.9814400963573962,,0.1134264756511067,0.3461538461538461,0,2
0.28763159181664461,-0.95451658948330942,-0.078524822764356933,0.95705526169031829,0.28956025711045319,-0.014145090067016412,0.036239390997902701,-0.071084020027561742,0.99681180201521602,-16.074011050330892,14.219620111754393,-1.7626818942172637,,0.08826020579298149,0.4,0,2
0.39929760363339917,-0.91582485411051129,-0.04273476718182579,0.91634603599515974,0.40015756653730483,-0.013559655559771511,0.029518910016834224,-0.033745496535131071,0.9989944321241313,-28.346807835387043,-2.2377453162520449,-2.6203502455117214,,0.7015061812958863,0.4705882352941176,0,1
0.62946497514022337,0.76397038391083372,0.14185590427913383,-0.77391095924139786,0.63274117108870198,0.026465781215699435,-0.069538997963567897,-0.1264431212697272,0.98953345817399818,-6.4735715975161661,-15.957265518562359,-2.1469908732968297,,0.7237053642756659,0.2826086956521739,0,1
0.92330256645270337,-0.38374047442316306,0.01598809154766806,0.38281888318039353,0.92285084950312535,0.042379384751032513,-0.031017309076822177,-0.03300845135485074,0.99897365764908308,-7.4286527795937269,10.333943142616508,-1.5707618257535614,,0.1841157435440063,0.2142857142857143,0,5
0.6181225770775699,0.77844980548516785,0.10927204604603692,-0.78371635864603229,0.62105511496668508,0.008900189004790145,-0.060935612720206256,-0.091139697793119992,0.99397203511396215,3.7079251020431254,-13.323038591996331,-2.2134007479070323,,0.07917425453405245,0.1153846153846154,0,3
0.92282676452233003,-0.38395481634444428,0.031136179713493244,0.38427952009415201,0.92320336513090939,-0.0049796633593280895,-0.026833060158229748,0.016560362824165602,0.99950274700256647,-9.2290154030734541,-14.528930324324381,-2.0732392052371997,0.1682459127554297,0.1762232347117086,0.6990291262135923,1,3
-0.93390050465364827,0.35374187173410782,0.051928177223068063,-0.35687719318587791,-0.93109588405111077,-0.075492540604016653,0.02164523946344735,-0.089034503902304579,0.99579332229305506,-4.2032006742346377,-5.3960137814974436,-1.8356916989848313,,0.1275226128057023,0.5940054495912807,0,5
-0.28562569959570611,0.95052225054161166,0.1221695991471395,-0.95773398108318109,-0.27857824705359269,-0.071692271181126366,-0.034111306175873539,-0.13748313167024062,0.98991656582619081,-20.487446603552769,5.4699650601092831,-2.0974318222102917,,0.07057859489400881,0.25,0,4
-0.87850786162258643,0.47387996773496421,0.060512091740567986,-0.47747695645439237,-0.87507902965940287,-0.079072421901744572,0.015482025783472788,-0.098358873671196015,0.9950305718156468,1.2169536192048058,-14.97305478517508,-2.2097848240569578,,0.07003361471257875,0.25,0,2
0.018741162147305725,0.98591279280503341,0.16620690065322216,-0.99836298803116919,0.027438041362750777,-0.050184639240049914,-0.054038069643968338,-0.16499429950624858,0.98481306254517087,0.6830465017621461,-13.04268798397931,-2.1774196007005293,,0.1011143609517949,0.3170731707317073,0,7
-0.97487380421623238,0.21341194693774318,0.063846744296106914,-0.21856284596333653,-0.97174637637247574,-0.089102538523709043,0.043027296189481937,-0.10081825683478221,0.99397400915286427,5.7968854426305736,-6.0788949096930125,-1.900022245350192,,0.07289112517033736,0.3428571428571429,0,4
-0.99599701114365502,-0.059826872826758505,0.066413094195934511,0.042491591019692652,-0.97056379795531111,-0.23706619073832247,0.078641073781595669,-0.23329521938165465,0.96922078089986552,11.38762721164133,5.8219869126447952,-1.4658384778127211,,0.4886757367010534,0.4,0,2
0.86597591116201844,0.49659263317982094,0.059004050357941672,-0.49572493238936066,0.86797608174498719,-0.029568782967547124,-0.06589774423054702,-0.0036439251021154859,0.99781972776407613,-11.440925060282554,-8.6045475570715979,-2.1853550522284553,,0.07321956075232339,0.3103448275862069,0,1
-0.45125832455523929,-0.89096246620623198,-0.050515426666586059,0.88974857700223897,-0.44484460408643378,-0.10227779787263062,0.068654164054986741,-0.091099736700458595,0.99347241719688351,2.6770127814015279,-4.2953003851958229,-1.7430495323087296,,0.09003350838256736,0.16,0,2
0.59915325465286917,-0.79613135308848459,-0.084795318670158062,0.80059510199441952,0.5968030210407973,0.053606312493247821,0.0079284362531339293,-0.10000511339965265,0.99495533427008875,6.049324986006023,-2.3422842202346525,-1.7156283489481547,,0.1166159899369899,0.171875,0,5
0.79532511760439983,0.60188334767928431,0.072072138125110666,-0.60229448704100486,0.7980634755267022,-0.018331391388913466,-0.06855150025754482,-0.0288292354497721,0.99723094967806813,15.165468966999059,-4.5900214250837177,-2.0477799555997738,,0.1617017970389561,0.3333333333333333,1,5
-0.72569028405970126,-0.68472354949790493,-0.067285008615128677,0.68655163054252721,-0.714279706820241,-0.13583577961710078,0.044949640941224979,-0.14476933787158963,0.98844391271911569,0.10800492804165246,-10.990839170813205,-2.0639784990501142,,0.2062058484289375,0.3661971830985916,1,4
-0.99773004725203285,-0.057395201169334248,0.035221352801790985,0.05360043936244023,-0.99348437807828527,-0.10057725097931916,0.040764515336379814,-0.098461065386960159,0.99430562348417595,-13.611097983558423,9.9945334595445647,-1.8335587023425013,0.2752011592473603,0.1827265572522491,0.4210526315789473,1,5
0.84434119524776974,0.53146899883744247,0.068034177310334232,-0.53274524111472199,0.84627535456445557,0.00072960703216032048,-0.057187884006877132,-0.036860921468831201,0.99768272431233607,3.079101561296711,17.555912475222136,-0.93105584837311262,,0.1078776894471389,0.4,0,5
0.93325191582767864,-0.35812376364198123,0.028075461151486035,0.35838701254084854,0.93356070852246853,-0.0048117299457727481,-0.024486952566867393,0.014552436838125567,0.99959422554157418,-17.065376848061568,21.295564303092785,-1.4974527669377582,,0.2522454301114593,0.926829268292683,0,3
0.98465068488106777,0.14647858566837513,0.094905493538761584,-0.16124383211274931,0.97156415592574408,0.17338834310844334,-0.066809096452795383,-0.18602987625886402,0.98027008001380522,7.0214466434024105,22.243405515090519,-0.81616986211858134,,0.349378265978765,0.6153846153846154,0,3
0.84498360873961331,-0.53431915459982349,0.022488708035581294,0.53468542359953652,0.84490789740899963,-0.015560934614842238,-0.010686381593602226,0.02517311906842163,0.99962598771980871,-11.662808990557682,11.678048651504394,-1.5972000732316676,,0.07166754854177762,0.2941176470588235,0,3
0.52082385155929889,0.83969599780307935,0.15379579617280464,-0.85053284052937228,0.52583945299554291,0.0093143359604667009,-0.073050686704324505,-0.13565950370997965,0.98805875140357291,15.72667565278752,-0.4061558070030204,-1.8489488575699491,,0.1371253988535596,0.2894736842105263,0,4
0.99895375877522052,-0.005617166480175937,0.04538540811310493,-0.0021489157226160932,0.98556598312763366,0.16927809977335767,-0.045681177634515902,-0.16919852346399397,0.98452277254897924,-9.8005402198771794,-11.860249150589631,-2.235920906460342,,0.13676724013665,0.2967032967032967,0,2
0.91067386061084277,0.40600462055474418,0.076376486488591133,-0.40899261522270863,0.91210788985433089,0.028004248941360149,-0.058293741460239148,-0.056740156447426318,0.99668570490044117,-22.940700094711463,1.0201348987462666,-2.477878519643927,,0.197810689139905,0.2777777777777778,0,2
-0.91357140943190152,-0.40667535289392637,-0.0015611589318063066,0.40277739894904935,-0.90427113116348756,-0.14164776115472538,0.056192942301042027,-0.1300341443348948,0.98991589266090929,-10.228340025551381,8.2645917908981019,-1.744807942964562,,0.08065749493594843,0.3278688524590164,0,5
0.99110703470252104,-0.12482108279341425,0.046114456013868696,0.12619910723750147,0.99160181366609002,-0.028277702639680474,-0.042197524757182234,0.033845833191106636,0.99853584236118775,-12.276645718186908,7.5803028556248773,-1.8113992611887655,0.3257790188109672,0.2681974938038184,0.7984496124031008,1,5
0.88639425295315832,-0.46205258994956455,0.028506708903537039,0.46262990109097546,0.8863574782506447,-0.018547112058521189,-0.016697393454239789,0.029628109458023986,0.99942151877062213,0.031627515453208452,4.493206606067381,-1.40892057773551,,0.142512110149742,0.1884057971014493,0,1
0.99782261014788498,0.022837374714525356,0.061874817121432737,-0.029121434084475869,0.99429190071230489,0.10264286752997681,-0.05917753589434014,-0.10422125740011585,0.99279199672006535,4.4354502476427911,-9.4971966356916457,-2.0676643608751717,,0.5004743014507236,0.21875,0,2
0.28970429139288861,-0.95156243567978926,-0.10295802325069583,0.9547623561331956,0.29485454300453595,-0.038595877766604073,0.067084028349023495,-0.087119053442590133,0.9939366195425815,-1.3474326908190866,-18.394265830583219,-2.2663577353596152,,0.1707141534011823,0.3333333333333333,0,4
0.34030791821406747,-0.93970747742095928,0.033769478526395641,0.93968750662926603,0.33855099113395121,-0.048688975005560735,0.034320703455499695,0.048302000800758402,0.99824295942068308,3.6429963251541815,6.0683305539899051,-1.340011596959003,0.266939217582326,0.2348506931895244,0.84375,1,5
0.51710047668010939,-0.85524498102585023,-0.034104537048546296,0.85566929679183712,0.51750897182040789,-0.0038103297949519891,0.02090816933559015,-0.0272118818804627,0.99941100751370426,-11.594751157359314,3.8059407928725895,-1.873589350972197,,0.06605051952026725,0.25,0,1
-0.79537342549518175,-0.60574697866487859,0.021253513931420942,0.60226897703585758,-0.7937806120101506,-0.084760953846531262,0.068214318997139048,-0.054616278115260292,0.99617461764923254,-3.2210142153275507,-22.73078287424886,-2.4398655972478878,,0.4373102263104132,0.3571428571428572,0,1
0.60555807719576804,-0.78565392520612576,-0.1266780365776638,0.79574025783446123,0.59975954411509702,0.084177973986050383,0.0098416057891755893,-0.15177746555750157,0.98836569332632762,-6.4684600614975789,16.357319537824026,-1.2785712870354433,,0.2484085666338631,0.3076923076923077,0,2
-0.85686763269966459,-0.51552765074445639,-0.0030168443071892097,0.5128380624691149,-0.85177008174229762,-0.10716739024368795,0.052678095206604499,-0.093375420569979967,0.99423641510396443,1.3351897606676835,-17.705286775218156,-2.3053976136606482,,0.3564943019543212,0.7692307692307693,0,5
-0.99456040195520701,-0.10197444458446205,0.021232510788617941,0.091096329515182609,-0.95039201371979476,-0.29741633950826601,0.050508074716421068,-0.29386431037015254,0.95451176078617117,-10.147943226215299,-6.2920331158120293,-2.0548980955005911,,0.1020151010110533,0.3225806451612903,0,2
-0.52812773383804212,-0.837805080366261,-0.13843317544424263,0.84639412337078768,-0.50620357902745461,-0.16545369292702636,0.068542575633610853,-0.20454971007625006,0.97645344560467018,-2.6708370289486418,-8.4457324439728847,-1.9251530920955695,,0.09408299537233289,0.1549295774647887,0,4
0.49279630608951236,-0.8698722379454864,-0.021773616058026326,0.86989183139899462,0.49310205402447443,-0.011771405274954877,0.02097623345204136,-0.013139785711914749,0.99969362489795366,-14.854911128046407,5.3076391688149354,-1.9993224416564301,,0.1197592775225336,0.3442622950819672,1,5
-0.99171237595292561,-0.1263442110833011,-0.023317454997100948,0.12796247394395202,-0.95509044259008158,-0.26725989548607143,0.01149646223613768,-0.26802870517692823,0.96334232988965718,0.57324842092611927,10.473539221838246,-1.3972866438841942,,0.5227747567505412,0.4166666666666667,0,2
-0.42399524080976492,-0.90553902802874842,0.01506998631119158,0.90261952491716035,-0.42387456079347613,-0.074888917407438055,0.074202621308076686,-0.018150080685433449,0.99707800375001931,-10.197763189769443,-17.425065675298537,-2.190515078017758,,0.08341128959319354,0.4761904761904762,0,2
0.27373967148396378,0.94960186633647026,0.15271832799682114,-0.95974830811189504,0.2800646556777418,-0.021141752918428004,-0.062847253975073847,-0.14078382041414092,0.98804359143581955,9.685783509488795,-13.100794653878827,-2.2724968309279521,,0.2285663519603464,0.1428571428571428,0,1
-0.99642752857188255,0.071535000160433918,0.044887905455438172,-0.075000744078658657,-0.9938901695002631,-0.08097665934320579,0.038820982622509603,-0.084053998850648154,0.99570470350673657,-7.7553531198177401,-12.133561236525132,-2.1298912495210116,,0.2026332464388128,0.6379310344827587,0,3
0.92625963355208762,0.37394159872146138,0.047018847259254447,-0.3756752519787806,0.92606281781407906,0.035717817863452211,-0.030186028268573667,-0.050747790177353723,0.99825521059971623,-3.5865512147270771,-16.445911970178255,-2.1565226608022177,,0.08630468710494596,0.1739130434782609,0,4
0.97139262221824485,-0.23489359454804876,0.034948143588163748,0.23467180101697563,0.97201927479497452,0.01037666779370269,-0.036407681983491355,-0.0018784747399782243,0.99933525506970922,6.1636564103000868,6.7128875213118775,-1.3465552436802601,0.2414356157424448,0.2106051862145781,0.2909090909090909,1,5
-0.99376899113787887,-0.10390312899652741,0.040340203736882949,0.099432178477484062,-0.98997055935911493,-0.10035703007474341,0.050363023499627117,-0.095720590193187724,0.99413335849726114,-6.4387129086950639,8.5741474590931084,-1.6501506237989312,,0.1013494376443282,0.4303797468354431,1,5
-0.6640096788735429,0.74234545974257615,0.089522984544961964,-0.74768066309742232,-0.65790646016251086,-0.090181570770490743,-0.0080481297487685031,-0.12681604029466273,0.99189360292902862,-19.245679868577145,10.007209142969085,-2.1095592693960814,,0.2683744400883385,0.7272727272727273,1,5
-0.73251351895556549,-0.67919641756637361,-0.046001857705299139,0.67617356509380944,-0.71809882430120953,-0.16469179823399979,0.0788241994292498,-0.15174420879303749,0.98527175981153214,-13.018174516774273,12.888513406442776,-1.5638213241514793,,0.5153645655832886,0.2941176470588235,0,3
-0.40912885211078537,-0.90473990255924353,-0.11857188152172451,0.91024196127440837,-0.39557772333794694,-0.1223839725376064,0.0638212684442266,-0.15799991618940015,0.98537448321859511,0.035422985646376144,-16.627105543618541,-2.215846170854717,,0.2269011395944921,0.3333333333333333,0,4
-0.55620784442478932,0.8044772570309433,0.20844466105011522,-0.83085246124188805,-0.53293007482474963,-0.16021773620789415,-0.017805096141976458,-0.2623011213610319,0.96482179716469896,-25.256404292523925,3.2176610692674941,-2.3440369441916462,,0.2763808828185255,0.16,0,1
0.37061494813190465,-0.92862232739031414,-0.017468064958166014,0.92870969695984584,0.37076074042531898,-0.0058967899760136652,0.011952363529344862,-0.01403732280266822,0.9998300328428813,-17.228971165933576,10.051149622790094,-2.0235071165012273,,0.1084904109340583,0.2857142857142857,0,5
-0.98654291372690006,-0.15857846627475125,0.039823980328249124,0.15496215723264231,-0.98454288918086685,-0.081621254518638983,0.052151790008043292,-0.074351660353607255,0.99586747180617297,-10.180441035502113,1.495577065523809,-1.8126274198468375,0.3431654646016303,0.2681722318699349,0.8602941176470589,1,5
0.98881270924781883,0.13527094588570293,0.062858549372192749,-0.13504331133298073,0.99080839699759804,-0.0078755636798028238,-0.063346113489406664,-0.0007011691937290059,0.9979913718402329,-8.4733996425306071,10.0501571184732,-1.6336140320995411,,0.08015952409284709,0.2608695652173913,0,5
-0.048140122997628126,0.9548808023151939,0.29306173739958685,-0.99758966171024654,-0.031284329375675289,-0.061936722421756497,-0.049973947278643988,-0.29533700090812448,0.95408524801926675,-3.5924489304641885,-20.707715933688398,-2.3381489620653197,,0.2698381720561938,0.3478260869565217,0,1
0.87241487882898328,-0.48861589493430613,0.012115544368981228,0.48851332963294058,0.87249287745854121,0.010531170640149957,-0.01571642353551183,-0.0032689450379471416,0.99987114571308178,2.2645322147196105,14.098562333593238,-1.1659261453228447,,0.08751453431904289,0.34375,0,5
-0.3555557364983708,0.90750800004335508,0.22362769976103111,-0.92966549494225303,-0.31869596056373539,-0.18481058474593148,-0.096447839565622917,-0.27360941975317093,0.95699305100165533,-3.5156061805701437,-18.243853890779516,-2.2111432192075493,,0.5462374313063432,0.6176470588235294,0,2
-0.96919796368848865,0.23355831341870753,0.078139755663146057,-0.24372664483466694,-0.95517708093814857,-0.16802995759124068,0.03539251022071685,-0.18189903321207293,0.98268006590995349,-1.8634319212511679,-7.9067537785853679,-1.8700172962385959,,0.08500753664944627,0.3278688524590164,0,5
-0.53571122521172998,0.83974443377398,0.088559410159304811,-0.84410813445767152,-0.52980866233016366,-0.08236648992345913,-0.022247258809475839,-0.11887837173152851,0.99265955503884828,-11.258299614321555,10.938209634865652,-1.6699988493097702,0.2054545592247166,0.1752796855013329,0.5396825396825397,1,5
-0.9307874189186629,-0.36384456844537733,0.03538235146977349,0.36041229110675693,-0.92955671016900121,-0.077635706984361938,0.061137232533962915,-0.059510104961934276,0.99635374551687628,1.6117919969286973,-10.466947642241202,-2.0703181927598298,,0.07149406932886877,0.2264150943396226,0,2
-0.94458628342895723,-0.32820949218906975,-0.0059398985566991719,0.32274422791403778,-0.92524899376587355,-0.19937518121223427,0.059940941818113831,-0.19024412940280866,0.97990522741830832,-8.3706440857323052,6.8400532988500862,-1.7762818904681779,0.4237434168061469,0.2613025473478663,0.4067796610169492,1,4
-0.34015010874665097,-0.92483074580167524,-0.17025273900750304,0.93644790031036673,-0.31661243447493898,-0.1510691773332879,0.085809285767598276,-0.21081901706385037,0.97375156406564278,6.1387175906237132,9.7049794343195508,-1.2143020254064703,,0.503907664031787,0.5454545454545454,0,2
0.62163100658359671,0.77539299627863822,0.11108822158942026,-0.78117725244300007,0.62413105129516466,0.014917475483415734,-0.05776670251511621,-0.096052757020444329,0.99369858405318379,-5.3027630987874153,9.4569782481635958,-1.5999014680584229,1.030602401062637,0.7316099596723108,0.8057553956834532,1,3
0.0037396643560314176,-0.98351120393668301,-0.18080853586465631,0.99775961538747393,0.015747348962534737,-0.065021311140983321,0.066796443111475881,-0.18016029732343539,0.98136665036875348,-13.963003247737884,4.343987995192875,-2.0145283658818203,0.5615271378887006,0.3162927331221645,0.3,1,3
-0.79666015143631685,-0.60423674001968075,-0.015184371039067219,0.59681480014730226,-0.78240344185480559,-0.17792399641107517,0.095627911399334853,-0.15080721529204533,0.98392707370884913,-4.3277736755317937,-15.169451174591764,-2.1219653270982826,,0.1736911695112044,0.1875,0,3
-0.97794924486482693,0.19579934018377868,0.072649107715867009,-0.20790501959352681,-0.94568165245046043,-0.24992341836326989,0.019768087821789872,-0.2595165324255157,0.96553632355375774,10.366552616820448,12.428343652333144,-1.2440478565876554,0.3647516465875141,0.2071062107965472,0.1666666666666667,1,4
0.96871147554900205,0.22191435888331038,0.11113997688089351,-0.2412765883723709,0.94698439093300613,0.212146579592116,-0.05816945111538975,-0.23232430060295867,0.97089738608479215,-14.066604697843387,6.3795121904613765,-1.887342609573855,,0.4314632197412416,0.2,0,3
-0.56277516496232816,-0.81974803253088013,-0.10628864879833357,0.8221028459299049,-0.54165084304125244,-0.17538892481183574,0.086203389814875742,-0.18608473176070051,0.97874483303360194,2.3054456096721054,-9.2607256310932549,-2.0113081770007843,0.3544997228455742,0.5324784237611043,0.49,1,2
0.702284457331945,0.66951408111746857,0.24196577480174322,-0.70849807289878486,0.6904925523569786,0.14577556667100883,-0.069476770856770828,-0.27380819988630251,0.95927162367409746,8.1852890811872587,7.3265068355481713,-1.3678927002133154,,0.4172347576694264,0.46,0,1
0.39831915847913518,0.89015930818125022,0.22126512162279741,-0.91577039659199366,0.39961566070539661,0.040888928143591824,-0.052023347779781612,-0.21891489162975425,0.97435611637045572,-1.3948268208154122,14.058330664678797,-1.2305345520625948,,0.8086254550282294,0.6808510638297872,0,2
-0.88859569788912218,-0.45799656409034906,-0.025235549813280089,0.44960099702777778,-0.85876782210534197,-0.24571685165668994,0.090865995645080549,-0.22968886563758917,0.96901310405873575,4.2787087734300586,-3.475285885904579,-1.7182089075868983,,0.8077578461183221,0.3875968992248062,0,2
0.95085050727275489,0.29355780830206407,0.098524748180509422,-0.29787629811340216,0.95406459607788063,0.032100740380962486,-0.084575551085403711,-0.059871192535634513,0.99461671837093191,17.234634286675401,-1.5757169428860152,-1.9621587332878947,,0.1617879946915036,0.2333333333333333,0,4
-0.16221311863292526,-0.97103899785999592,-0.17541427757863559,0.98498902063189409,-0.14871063526236314,-0.087645742591903483,0.059021465400329758,-0.18699842671776282,0.98058556741728509,-20.885470902801135,0.09172280525317919,-2.3240125887145173,0.6110932704005401,0.6680960751631607,0.2564102564102564,1,1
0.99824141699961211,0.03480251680594515,0.04798810488629815,-0.034934737473158839,0.99938775321180706,0.0019190747607993447,-0.047891935691595465,-0.0035921517545857884,0.99884606368623396,13.023468185557682,7.4070063664567156,-1.4513417871394234,,0.1231909524992428,0.2413793103448276,0,1
-0.26031162125460583,0.94020714023134166,0.21965516906688357,-0.96541339293303119,-0.25000304034472925,-0.073996355071888009,-0.014657441295526364,-0.23132015319983329,0.97276726206131903,-1.0408865208020897,10.084116036784485,-1.4578124954770348,,0.2940041934965116,0.275,0,3
0.82238477468708748,0.52292610387119309,0.22412401088005401,-0.56552629031952839,0.7943972414997631,0.22161461516560599,-0.062155428727513624,-0.3090005058048631,0.94902865609634679,22.937490058408425,2.6197003011219664,-1.8999343380489297,,0.5827777088600239,0.3448275862068966,0,3
-0.88847698157884125,0.41399214947432667,0.19803826240951239,-0.45860605752441302,-0.81693259700121079,-0.34971647939262634,0.017004035005462746,-0.40153658878175125,0.91568511545347797,-9.2230362955490666,16.072993479551915,-1.3748558859270505,,0.6426427212599159,0.1176470588235294,0,1
0.77735882595712469,0.62098143957095675,0.10047540701555858,-0.62530703245922914,0.78021909481883767,0.01578857932512533,-0.068588416395136839,-0.075101370083742527,0.99481426072807766,-0.21185144335547099,-14.484021129990714,-2.1779878930674696,,0.8113363955376274,0.8409090909090909,0,1
-0.46813910988034996,-0.87989054777100162,-0.081476363098017549,0.88219742804013734,-0.46008283186136562,-0.10025709843094635,0.050729397392435829,-0.1188125067897853,0.99161994557921618,1.8278830761254299,28.709895689019799,-0.67185221519484639,0.5974866419022783,0.4252602825472753,0.6,1,4
0.66766553001937212,0.69271963547019055,0.27269441992456717,-0.74151411174915594,0.65136346301239056,0.16088026954653395,-0.066178260031600128,-0.30962097100576308,0.94855431695429959,4.7167197648258687,-13.593139842561753,-2.2317810955050952,,0.3551048513203433,0.1764705882352941,0,3
0.99264944104399055,0.10368058081877682,0.062429354923255215,-0.10950425271560789,0.98909338582407269,0.098504277857705061,-0.051535481294434207,-0.10461649621428142,0.99317646110225466,5.7725539638575558,-18.898491999445849,-2.470363337546611,,0.08062055290928234,0.4444444444444444,0,1
0.92706219544909363,-0.37483655982470421,0.0072965188882109372,0.37418896478118541,0.92631442149725396,0.043865831374671996,-0.023201387999209531,-0.037936077090117204,0.99901078555234935,-5.9454499413998692,-17.413735387357519,-2.1732512643990165,,0.08347882836144982,0.32,0,1
0.98849044466654734,-0.14819772908333514,0.030398583807035761,0.14432268959613451,0.98402510569419588,0.10423796156518025,-0.045360798831907932,-0.098651023603754689,0.99408770914404865,-5.4942568101596532,3.9909575996121327,-1.5265125089955254,0.7607093087610145,0.3522587019949631,0.32,1,3
-0.37748550988685475,0.92286293120599583,0.076345923475574132,-0.92557512968529354,-0.3734791867206963,-0.061838308470549823,-0.028554669206854233,-0.094006953425394182,0.99516195846413003,14.21102823030507,-5.0108379957435378,-2.046849799876675,,0.105469312467879,0.4583333333333333,0,3
0.79945358482815354,-0.60067351686122494,0.008080337058715626,0.60008958258353529,0.79915180303770927,0.035339617659180506,-0.027684988353496011,-0.023403457931389246,0.99934269376261586,5.3351164444825265,20.780059116204843,-0.82524374810034318,,0.2053735695070116,0.1739130434782609,0,4
-0.062538189528142024,-0.99788094678472794,0.017960815531486096,0.99652454537315338,-0.063425139827730695,-0.054000760241515823,0.055025496993403505,0.014521283753397573,0.99837935024657931,5.7467245189701428,-11.489651594687924,-2.1982284039805062,,0.1379564682624735,0.1111111111111111,0,1
-0.98358031140346402,0.17273095606446015,0.052285637000241067,-0.17681612136439165,-0.98034284264054306,-0.087544103794093608,0.036136273259927784,-0.09535160040878099,0.99478753613742432,4.2686692110648314,-15.125295038651885,-2.2493312230841926,,0.07997582911226178,0.3684210526315789,0,1
-0.97630000772569792,0.196708911820972,0.090243553370930915,-0.20575611417030418,-0.97292984142398753,-0.10522331085948705,0.06710228309334737,-0.12129768207556389,0.990345473017753,10.058316014996883,-7.5588474471402307,-2.0855062943658482,,0.1700921008777866,0.1666666666666667,0,3
-0.43537749851069102,-0.90020197458184303,0.0091015795070643803,0.89773648551516094,-0.43489536029878523,-0.070251179103817063,0.067198484844971651,-0.022414962626337642,0.99748781099570338,4.4713290812633026,-7.2757531096404513,-1.9485126630834231,,0.08463085058687465,0.325,0,3
-0.76632173673058679,-0.64214542411372799,0.020006251623418184,0.63897387050933152,-0.76503568154853696,-0.080204730308702094,0.066808596905961859,-0.048679156189973767,0.99657761922094723,12.75660967994089,-8.9715957402826625,-2.2143692778243276,,0.09346807571721318,0.2608695652173913,0,3
0.92227715986812997,-0.38251958036694261,-0.055530271217361753,0.38588142808246362,0.90286636174460688,0.18954644890130537,-0.022368814153060804,-0.19624246091494774,0.98030022579178866,4.2512585330434733,13.770200376691635,-1.1623549691242079,,0.3921916550539514,0.4864864864864865,0,1
