axis_00,axis_01,axis_02,axis_10,axis_11,axis_12,axis_20,axis_21,axis_22,location_x,location_y,location_z,dbh,dbh_approximation,score,reconstructed,number_clusters
-0.86810981226750161,0.49603318091472359,0.018342226596138829,-0.49506646481965555,-0.86791340093545766,0.040441610843488955,0.035979845133794867,0.02602713791926501,0.99901353285923022,-9.8375997500566381,6.790655520527543,-1.85838631419046,,0.06718035466989968,0.3469387755102041,0,3
-0.37607395312751379,0.91807634530140902,0.12531642341310381,-0.92370980728765384,-0.38211520189015158,0.027352594119279334,0.072997080076190671,-0.10546941112216639,0.99173969851866584,10.682478718649412,4.0134421738100663,-2.5838776488726296,,0.1546453379346743,0.2272727272727273,0,5
0.91277266115866273,-0.40711416118288368,-0.03322843369302346,0.40725241803964696,0.90076901290800993,0.15086634278589675,-0.03148868117586575,-0.15123903315311177,0.98799555556121743,-6.1085952511634138,15.165517266363425,-2.7281302391570144,,0.1661624890071576,0.5666666666666667,1,5
-0.77277901251482106,0.63400916699855181,0.02906843611925897,-0.6327964952730496,-0.7732043735960008,0.041516168201802768,0.048797473159603755,0.013688418967052762,0.99871489114732814,-6.157253452032931,-4.2704843515827049,-0.93434556046670336,,0.08934234591626936,0.4293193717277487,0,5
0.13376761070159007,0.96787972627418306,0.21287334683938175,-0.98664457331171429,0.1099233178462863,0.12020544974421474,0.092944673229467548,-0.22610992826737206,0.96965745913553991,11.989945646891183,5.7487161239967959,-2.8691970875811461,,0.5595072099421758,0.4242424242424243,0,2
-0.49895629923071672,0.86149555092552421,0.094170203320979279,-0.86479883616669673,-0.50201005718519287,0.010434339923814677,0.056263526575516976,-0.07623200260026225,0.99550143011290537,0.26426275449406328,-17.303623434655869,-0.11494256755570247,,0.1264468913819772,0.2068965517241379,0,4
-0.0064280684847121709,0.99817838552050175,0.059988253977248454,-0.99709810424859524,-0.010948628267915272,0.075335901420952325,0.075855457545336097,-0.059329909984206321,0.99535215443673641,6.9351718895296806,10.801153422357311,-3.0087184607411612,,0.4348255886732688,0.5,0,5
-0.58861427191267401,-0.80189008021819619,-0.10249652749419616,0.80726853948154964,-0.58978387288065959,-0.021736799516410794,-0.043020275034444444,-0.095536812473234159,0.99449583880397219,-2.4670869887429063,20.758166141212556,-3.3945754776481025,,0.4809917839975708,0.7857142857142857,0,5
0.90399906472895508,-0.42693429978614139,-0.022644969315302042,0.42633431108829911,0.89623022129759189,0.12251712378983662,-0.032011656596295596,-0.12040969271194892,0.99220802241413786,-2.7227486235867882,-10.4020644447723,-0.57328490009785715,,0.07032012898085867,0.2413793103448276,0,5
-0.32541671175532427,0.92482891862055128,0.19696556804044468,-0.94237624005638121,-0.33431109098191469,0.012771711853974532,0.077659422400318132,-0.18145954295551664,0.9803272149557134,17.943586192249356,-1.3618396164396835,-2.8315300699613108,,0.1620096618677269,0.3461538461538461,0,3
-0.81212232332767798,0.5735672703383321,0.10713504725107431,-0.57941593842141004,-0.81439748017252311,-0.032154542321145091,0.068807719451321525,-0.088189175556189811,0.99372439190080719,-11.688245619464999,12.904715856632299,-2.3710822154845412,,0.2205904763305084,0.25,0,3
-0.47586391451489246,-0.87495759238027693,-0.089458070617876251,0.87681699507544075,-0.47990824963639295,0.029665284050700669,-0.068887531596351859,-0.06432171847085022,0.99554870524928085,-0.87903690601753715,-10.598999983824489,-0.62078049695551374,,0.6152165237690826,0.7452830188679245,1,5
-0.32071624955886008,0.94375675613684717,0.080400699716825064,-0.9444206199027898,-0.32509852929144656,0.0487917918811097,0.072185732463763266,-0.060283758165816048,0.99556772171966113,-11.292183526679793,-3.3484169389991294,-0.90102340482902898,,0.08300492749898136,0.3064516129032258,0,4
-0.6794427603616614,-0.72549616821365248,-0.10960312632143702,0.73077718105328071,-0.68250182633026846,-0.012488743238133548,-0.065743798520817867,-0.088580849866971872,0.99389696950584305,-4.3988575222632509,19.915053600749747,-3.2285125849682466,0.2602310053651049,0.1674561290625354,0.4545454545454545,1,4
-0.95212515933808395,-0.29764727484597281,-0.069740811095044722,0.30099175293058061,-0.95263478076039432,-0.043484930187045009,-0.053494351320538674,-0.062394505065443681,0.99661691743339065,13.433580855079981,-6.4503020125849977,-1.9856647527933939,,0.1939050012320409,0.1333333333333333,0,5
-0.040514353548505778,0.99081793885580038,0.12898991897853998,-0.99621935750435431,-0.049985217688551735,0.071052584374111438,0.076847764379705932,-0.12562360468547201,0.98909712923234705,-4.5337237113869202,-2.9562990117865064,-1.0623272539219035,0.8251711501739916,0.7828229830346913,0.8294314381270903,1,3
-0.67104770544363224,-0.74077378100277558,-0.030808803899020642,0.73874954760575262,-0.67157830956764697,0.056847867423132678,-0.062801934135283899,0.015387641050981143,0.99790737925508621,-10.116422345080048,-6.0938543914851921,-0.69792384224485415,,0.1859129381718982,0.1764705882352941,0,5
0.097196734380862085,-0.97996649210521991,-0.1738346029324602,0.99228125806098366,0.0819008877517753,0.093113637488730652,-0.077011036394842608,-0.18154315998258122,0.98036288247614289,1.8547421738867595,8.8802144607050693,-2.4404034727671271,,0.2110839598524694,0.2432432432432433,0,1
0.86552276594145827,0.50053275431651456,0.018365824059193799,-0.49621260518623178,0.85191006995805951,0.16739857573572409,0.068142439722558373,-0.15400063168824898,0.98571822208391791,9.9874747672754349,5.7194181961858863,-2.6961660212707281,0.7307363139642484,0.479819111877666,0.5588235294117647,1,4
0.25825640366854202,0.9446318917814962,0.20242089564445673,-0.96249681334008941,0.23356754507385699,0.13800755848266555,0.083087389382298621,-0.23047080274404541,0.96952549982357417,2.7885016545000179,11.281075734130392,-2.7799689954311964,,0.2881415458285886,0.4318181818181818,0,5
-0.38503883578694081,0.89328579101285954,0.23191720615419437,-0.92001137884923612,-0.3913846073456721,-0.019928670823755521,0.072966826186731282,-0.22103978082554296,0.97253136585347821,-0.27658984071180914,-4.556449450194437,-1.0990408263277898,,0.08752939148327257,0.3023255813953488,0,5
0.99915007307476311,0.040693289861169865,0.0065717299830961489,-0.041107908809066965,0.97189897181819218,0.23178120806503455,0.0030448822705246236,-0.23185436105239901,0.97274574476218778,-12.596954729293028,-4.7856563485606971,-0.76413139059775981,0.1834585895428616,0.1435045419563406,0.4382022471910113,1,2
0.81009751483089332,0.58379568640269064,0.054079691219731704,-0.57814545002523476,0.78010520452913978,0.23913115330643875,0.097415887204957932,-0.22498548042964903,0.96948010733377654,14.05972718864672,0.11322365759033269,-2.5289202329352163,,0.3105654516189716,0.2,0,2
-0.3418650939402596,-0.92297646991287807,-0.17675602827733689,0.93693137768910129,-0.34931104511521638,0.011890637582451102,-0.072717611668835419,-0.16154327515460479,0.98418286878278061,15.231469294714616,-1.889932099321709,-2.4992345311881401,,0.2435707773273785,0.3636363636363636,0,1
0.91171977647961389,0.41080549217031259,0.0024283283695846307,-0.40885898474547172,0.9067923032418248,0.10277183161883142,0.040017243394135399,-0.094691955223738494,0.99470199248168856,0.60488013014902997,-3.5247186335410938,-1.2074545531209144,0.2719316334456484,0.2267344689995144,0.6012269938650306,1,5
-0.9996437942611397,0.026581520116501951,0.0023890130784206035,-0.026609049147082831,-0.99956970670499556,-0.012343416916644848,0.0020598783170351076,-0.012402589487118709,0.99992096321426027,-18.905566087228561,16.777817524336658,-2.5366717141743793,,0.1629682317360854,0.4,0,1
0.9233635983490871,0.36909164638353503,0.10569305470899536,-0.38355671922030449,0.87474735486499644,0.29614406679460914,0.016849581145642757,-0.31398793245375695,0.94927744621297794,-8.4481372225017903,-10.969840958969831,-0.35796638341535286,,0.4148382072211874,0.3488372093023256,0,3
-0.41555142593072181,0.88652479625363612,0.20344728564026915,-0.90620388477952385,-0.42274873725339207,-0.0088331399378953571,0.07817628551833139,-0.18803534449169937,0.97904605489448016,-7.6445628234430227,-1.1239519844531536,-1.1717088484604479,,0.6105298906826588,0.3089579524680073,0,2
-0.96137917518664129,0.26561536150586762,0.072101048879750149,-0.27414654603922589,-0.94735409747707333,-0.16542032912602536,0.024367043567397228,-0.17879791309046994,0.98358403477398804,5.4540994995828189,11.620094754155723,-2.9609287441252956,,0.3651875028788522,0.3214285714285715,0,2
-0.71522750057632856,-0.69452306592644208,-0.078021364480976907,0.69642543430287696,-0.71761884599363912,0.0038478995319290513,-0.05866205652198004,-0.051583939078876928,0.99694426140768766,15.423859786520831,3.0483284603471499,-2.9425626743675921,,0.09345621743982972,0.125,0,3
0.28356228895554142,0.95393257559475386,0.098005456488162404,-0.95618109543693564,0.27349572057114679,0.10448829388161755,0.072870714359858854,-0.12333990452577882,0.98968536764986881,-6.10218631804669,-3.2740875539921142,-0.99771744700367238,,0.07169809626642762,0.2011494252873563,0,5
-0.73875440111949053,0.66707848312482676,0.096167729402660398,-0.67341372519984866,-0.7364073317755585,-0.064947643680625958,0.027493445383323323,-0.11274102651245954,0.99324396368760859,1.4938407504972542,-13.42978519252809,-0.49458323810771043,,0.3139585757510765,0.3076923076923077,0,5
0.30298010170801265,0.9507550762689837,0.065328729650594511,-0.95006624006267848,0.29596593389310522,0.098885314723402978,0.074680636460643102,-0.092026903259537066,0.9929520892844188,-11.735719343431141,-4.8066709225115414,-0.78648176109849344,,0.07760047656388752,0.2959183673469388,0,4
-0.61571057904790205,0.78565970160675169,0.060326744646848056,-0.78570178888683406,-0.61794232344012268,0.028635359984649476,0.059776097133593942,-0.029767737109354157,0.99776785879224572,4.5788080411247547,-10.782788235174072,-0.83849213916804921,,0.08086202626210419,0.4,0,5
0.97261985168215304,-0.23088279738172329,-0.026528437326328664,0.23223269816538802,0.9612046363079616,0.14884092529577878,-0.0088655522451012402,-0.15092640926381951,0.98850524579797749,12.937937902042149,5.4815569399887778,-2.9553863300146519,,0.5768221307645285,0.1111111111111111,0,2
0.38700981428153136,0.91960040495098527,0.067516656195046251,-0.91928029893845509,0.37910366670487261,0.10584961915164057,0.07174354070856187,-0.1030315733399542,0.9920873748121658,-11.302881579692663,-2.2736970999638806,-0.96931483477170732,,0.07105837017641684,0.2236024844720497,0,2
-0.33778991754757692,-0.93219739953749348,-0.13002299757634309,0.938405906981714,-0.3442277572594209,0.030026735986080518,-0.07274837005067479,-0.11187162029614844,0.99105621194122318,-6.3525794315927611,6.0376205888219152,-1.8734907369354978,,0.07512788015727619,0.3311258278145696,0,5
0.09431422958642488,0.99540909733236105,0.016295859765373608,-0.99244104974303893,0.092716758686116216,0.080401277624644954,0.078521263887267476,-0.023755664728945393,0.99662935914553108,-4.5579110596089807,-7.8302051536147941,-0.71780025343382237,,0.07312092305928167,0.3090909090909091,0,5
0.2410905785762352,0.96552751005420678,0.09814255066126111,-0.96616419373128493,0.22923126300027988,0.1182361146810529,0.09166288056433089,-0.12332743162743039,0.98812360610139738,8.6973766082415889,14.074484403819497,-3.4714987020054311,,0.2615983517171807,0.1578947368421053,0,5
0.58055573452745524,0.81352843034965772,0.033563851389679274,-0.81179714894345145,0.57515779023952229,0.10089056097610445,0.062772829110771047,-0.085819632600072721,0.99433121372398758,6.5655997552902736,9.4293258497770474,-2.8163118665178537,0.1380956010035415,0.1120118505991119,0.3846153846153846,1,5
-0.32636641493868623,0.91162765126687773,0.2498399260440671,-0.94240947223345994,-0.33426768643824434,-0.011379826355226393,0.073139249686612451,-0.23916550597621611,0.96822028015654582,4.0258968944377846,-3.7187703723596326,-1.3550504929009193,,0.3006159143118665,0.2037037037037037,0,1
0.97056521291572195,0.24048212090836471,0.013096449949244089,-0.24026916069486109,0.96310150782072967,0.1212691883885733,0.016549860931304446,-0.12084632868585962,0.99253325735025288,-5.691063312844804,-16.203233413729848,-0.0076414522835584423,,0.1218073806603706,0.2413793103448276,0,4
0.33806605511028259,0.94091962284082054,0.019534731512361372,-0.93816806437602707,0.33528881887870465,0.086151557849310348,0.074511914262829951,-0.047451778554779077,0.99609050961490342,-0.54087729910135418,5.9063904980887019,-2.0148911250133752,,0.07919228452795955,0.3229166666666667,0,3
-0.64430386723267674,0.7576604325860411,0.10403458829904599,-0.76381949524560389,-0.64430022570168155,-0.038170641120038144,0.03810912425876218,-0.10405713841105273,0.99384093626391512,4.5845540252432571,-8.6946191586846613,-0.9818359056107141,,0.1966538628586317,0.5333333333333333,0,8
-0.98434095522931109,-0.17553848338584088,-0.016097350988493606,0.17577393544335418,-0.98432226352006602,-0.01460154640748583,-0.013281847650212956,-0.017202394872030222,0.99976380717330648,-9.0933157801965674,11.679744098685013,-2.3222391762076637,,0.08865786583512356,0.2121212121212121,0,5
0.7710070822297852,0.62510177200035244,0.1216382086086935,-0.63375402232085398,0.73442003561416613,0.24286426349017448,0.062481343964828517,-0.2643387711451079,0.96240381115509033,-13.469643007146248,-11.520986846475656,-0.16603025646249331,,0.618634137929107,0.1395348837209302,0,2
-0.23966823404871485,-0.95488826222970702,-0.17534977685728934,0.96782234975804715,-0.24925464749570214,0.034525642797867372,-0.076674877872632857,-0.16143273322880936,0.98390062290126312,9.2919749182363969,1.1532415088698524,-2.2150839884221392,,0.2037683197969068,0.2763157894736842,1,2
-0.97255392822705988,0.2316854781403308,0.021463827920514027,-0.23200295785323069,-0.97261880809290613,-0.01368509010883753,0.017705486083902076,-0.018289159707903246,0.99967595869847348,-5.5739114825868308,13.210787455310816,-2.5752755512377123,,0.0903257818261734,0.1764705882352941,0,5
0.31756119114476111,0.89970792099824248,0.29946710465715304,-0.94533437385499286,0.27569112198901019,0.1741761374718904,0.074147228450607811,-0.33840812955580507,0.93807362523611793,-12.643177805208039,-2.7315568677642372,-0.93475923511709291,,0.1456853931711604,0.2361111111111111,0,2
-0.65256720318743566,-0.75053258299406422,-0.10419638759758301,0.75587148402134363,-0.65440931713286821,-0.020167927336858946,-0.053050400257676648,-0.091920006059349774,0.99435223513529136,-6.7370745545928861,3.7667863977602822,-1.6337734343344488,0.9938387311531074,0.6467972644829713,0.2699386503067485,1,3
0.52445824470605507,0.84863429800887524,0.069017228304435713,-0.8488374846415141,0.51480860268222128,0.12019578724666451,0.066471604669290862,-0.1216220820713145,0.99034821902466585,-6.353897627504427,-8.3710609804722491,-0.58740302520834231,,0.07433187725778256,0.1774193548387097,0,5
0.88117317941431927,-0.46576796629405032,-0.081203629568911292,0.46883668518285748,0.83863933341438368,0.2772656327008981,-0.06104089209383011,-0.28239027962127827,0.95735559718832108,-9.4927066113189387,17.465802521642484,-2.846884763783073,,0.2782122302311013,0.1875,0,4
-0.99716677556258648,-0.075183480073635858,-0.0024219905311128978,0.075058555321833559,-0.99660233129905396,0.033911746081429064,-0.0049633644954666534,0.033633875383447288,0.9994218966180286,2.986147589394073,-10.752448243333186,-0.77209612423043505,0.234377694849412,0.2206697536413388,0.775,1,5
0.28850240592291776,0.95529448341827217,0.064643729218725743,-0.95371703499291205,0.28073400400980553,0.10776008610311411,0.084794922849284415,-0.092740869864577039,0.99207305785196342,-6.9680335177922244,-6.3760352060734107,-0.73166122278912027,,0.1030852320508968,0.3978494623655914,0,8
-0.93348177863453796,-0.35821446350970898,-0.017151299943491405,0.35757435333640775,-0.93334026212235577,0.031883176401089716,-0.027429013714499174,0.023629499229235247,0.99934443310243448,-16.003220794422184,-7.626543754966951,-0.44044513308070604,,0.08401566247056777,0.3636363636363636,0,2
0.6762609340312512,0.7360174616817059,0.030813068701407667,-0.73445325770328351,0.67040630917161548,0.10551678952624782,0.057004923929549631,-0.093987641328583268,0.99394001927947129,5.5000113530832548,6.9692388981087623,-2.4681326842261737,,0.07411988282643595,0.2105263157894737,0,1
0.75252948652876905,0.65548760214800617,0.063524604170390381,-0.65630724492599812,0.73849062992490933,0.15457163313738162,0.054407464215801435,-0.1580113696648705,0.98593723679260581,-12.661449763493371,-7.547567982538383,-0.54042565795864583,,0.0726804663675448,0.3191489361702128,0,2
-0.98386848729657284,0.17824098688660023,0.015262709407090104,-0.17837841548520719,-0.98392810215718751,-0.0081627614410229397,0.013562470045726988,-0.010753621671189942,0.99985019829333077,-12.292349344775236,15.743355140835035,-2.6376345376343777,,0.07944965766202783,0.1538461538461539,0,2
-0.041756749880703783,0.99892263459949304,0.020247071990979141,-0.99620251313910724,-0.043175516574533328,0.07560706041005423,0.076399781771466696,-0.017013078890363964,0.9969321082661261,-1.4130186911662863,-8.3374241749009279,-0.77627300848789071,,0.08020740225705675,0.4230769230769231,0,5
-0.98100669881243541,0.19386760091346075,0.006419517208273477,-0.19380369589703841,-0.98099513580662145,0.0094165269817203922,0.0081230746504261774,0.0079935498877777046,0.99993505730043086,-3.4938634548476171,-16.131596158973558,-0.052894923505336748,,0.1591956936452152,0.4074074074074074,1,5
-0.62391754559553481,0.77738991286507497,0.079948856612683528,-0.7791473934737313,-0.62669900173252957,0.013330433996757275,0.060466813552018668,-0.053974851579997402,0.9967098273097259,5.765428899373199,10.165890925757106,-2.8356903537818026,,0.09812321883272508,0.1666666666666667,0,1
-0.78217460638878755,-0.61992003555272679,-0.062466268024054042,0.62193269866652046,-0.78285282159806535,-0.018471005531055393,-0.037451347771825218,-0.053297366128684416,0.99787613826257049,-10.253214974429481,13.980535628597925,-2.52094267205233,,0.1662085320811522,0.1111111111111111,0,4
0.93934983443634834,0.3377314741997865,0.059660203479746751,-0.34194471539028187,0.90890968242446046,0.23865665884639931,0.026376128621634652,-0.24458258427350546,0.96926965252659691,1.8559548828247336,-4.5317311704751493,-1.1912067102306079,,0.08035544304842417,0.2666666666666667,0,5
-0.91416026924114724,-0.39637954237764134,-0.08481898682161601,0.40406627009120971,-0.90774469761610377,-0.11282736070841438,-0.032271527939213764,-0.137414782080898,0.98998774040395521,-4.7658519044310728,3.1336030050591135,-1.5742364803945825,,0.08300716318732088,0.325068870523416,0,5
0.89372173979911052,0.44860233127638388,-0.004171352759418513,-0.44396528509690331,0.88574337174019602,0.13547510858875,0.064469197600679679,-0.11922511393033614,0.99077196910743415,5.5480932282579305,-3.527111967159295,-1.462349388938023,0.2564758180744616,0.2466472289763398,0.2318840579710145,1,5
-0.99619779520634277,-0.086887155493864235,-0.0063698537036216496,0.086791925959186653,-0.99612876421873342,0.013951583578699753,-0.0075574079098308846,0.013345684929722131,0.99988238222274961,-2.6644617635494678,-11.921489842363638,-0.45174314244393515,,0.1271752991101736,0.3888888888888889,1,5
0.99492337388129648,-0.10007732550157694,-0.010583431632001431,0.10035652621782833,0.97884104216652745,0.17832212934977243,-0.0074865045347050265,-0.17847897100442409,0.98391524490631499,11.847712908876261,-4.8483205613681157,-1.8892472921453918,,0.08901338358762642,0.3529411764705883,0,2
-0.50948684743936679,-0.86045112374084665,-0.0068568170027397844,0.85800181986295243,-0.50860846596335429,0.071765628696922559,-0.065238251035390299,0.030680482452481256,0.99739795397741138,-1.8357115732646649,-2.4629353187113368,-1.1487834730738282,0.3614316952275073,0.2878520504506198,0.9208972845336482,1,5
-0.725850750406834,0.68778178181286387,0.0098442236950953988,-0.68579022865202066,-0.72470804363893682,0.067007565023920371,0.053220770562309914,0.041886418936786185,0.99770390271332865,-14.206909461979443,-1.5449222578609385,-1.0077760812507561,,0.08001814840593025,0.3870967741935484,0,1
0.4415748900644087,0.89313647289062226,0.085550320029232782,-0.89539018593875319,0.4325705965973633,0.10563661242186026,0.057341358452433377,-0.12324739247505412,0.99071794616779274,-3.1293435833421861,-13.299272786148084,-0.301977375812229,,0.1908549764701653,0.24,0,6
0.79116777562403107,0.61062910622391153,0.034433202672864295,-0.61039731434155864,0.78483280893350438,0.10701673077682244,0.038323223490935296,-0.1056861232789493,0.99366079417854258,-12.477089292780276,17.097237336851066,-2.7383945140116959,,0.4089354096761473,0.9375,1,3
0.92602523167929873,-0.35615456343098789,-0.12502478650485402,0.37633029829297615,0.845508677783125,0.37880150789054673,-0.029202343741920909,-0.39783036930419852,0.91699412232536404,4.4697403624025229,8.2943870964456323,-2.5477255610874026,,0.3647296864067854,0.2307692307692308,0,1
-0.94780201664942976,0.31876761203867909,0.0076515848314458543,-0.31828776288554339,-0.94726660148243269,0.037133350417639113,0.019085000198864555,0.032759658592258434,0.99928102530585905,-12.320392271887517,-12.592793467688326,-0.10076407464461654,,0.1994162663965447,0.6363636363636364,1,4
0.70026143784699713,-0.71336613096002288,-0.027252190069507423,0.71206776566094954,0.69524510303114828,0.097947658562275927,-0.050925590532465009,-0.087994374310727694,0.99481836247557487,-4.5714980022884113,-12.830545136394301,-0.28304180308182125,,0.07598776620877093,0.3529411764705883,0,4
0.91839164599547884,-0.37894981371700565,-0.11381486392189956,0.39448665381792919,0.8546861392551951,0.3374787153652527,-0.03061150968585322,-0.35483607771602749,0.93442725421824957,-10.824843386731702,15.803461345486568,-2.660905112098563,,0.6037302017118792,0.2413793103448276,0,1
0.57805319537230637,0.8091772667126288,0.10529318285314425,-0.81432934079643859,0.56379711489647011,0.13784243886573713,0.05217497520751059,-0.16542359042741098,0.98484151399715081,-5.1520663126167916,-6.9056150694976077,-0.76093700006802822,0.6425336267767756,0.2121848328148647,0.7976190476190477,1,5
-0.958161601914715,0.28599933177893888,0.011433583787562396,-0.28537001561334746,-0.95761793218102387,0.039138857343784493,0.02214269191097756,0.03423854826565885,0.99916836569598988,-10.118184331418666,11.591318509522564,-2.2924714852581682,,0.06584316509266999,0.4615384615384616,0,1
0.74460227987134642,0.66502617680453413,0.057511989838100262,-0.65724223287186156,0.71537138052205818,0.23722654838692622,0.11661943294324097,-0.21443873739301242,0.96975045025268647,-1.4790921499448859,5.1948691584860729,-1.8976576111117818,0.6856753273684545,0.6123846958693918,0.2298850574712644,1,5
0.58606938698233579,0.8088424828797407,0.047921931629325926,-0.80761692350280079,0.57836040074383821,0.11512667685336279,0.065403199570211762,-0.10617478391955157,0.99219420314050233,-6.9296124921631055,-10.288249458605645,-0.41198277550160345,,0.1192412551169877,0.3658536585365854,0,5
-0.83765581863275274,0.54568554032812711,0.023664754118594814,-0.54460886700420397,-0.83773679630325315,0.03997802021060811,0.041640262860490301,0.02059978631837267,0.99892028576485903,-14.845678483755764,-6.3884594608529905,-0.5643045737692064,,0.06630970060138316,0.3548387096774194,0,2
0.96668380125916209,0.24086837293055677,0.086630567959142826,-0.25568344847639946,0.92471514113879438,0.2820068827597596,-0.012182058871711124,-0.29476148776671396,0.9554932039377364,-8.4772350131812004,5.441897849041335,-1.7527076644574027,0.9464154970153321,0.6933867843039924,0.3270440251572327,1,3
-0.37852227637471453,-0.90614612416777518,-0.18873284807850529,0.92559028946100952,-0.37098130085010056,-0.075202995120226102,-0.001871454939307318,-0.20315530038688889,0.9791447398526556,0.32828660846670621,14.703189324437862,-2.9244725265726843,,0.7649398180547071,0.3478260869565217,0,2
0.63797103516393749,0.76509787748554547,0.087282278607780983,-0.76827014363549795,0.62466198054588917,0.13985133699317068,0.052478040075296079,-0.15627747095342731,0.98631810658745167,6.4224200082215193,-13.275953712043346,-0.72799268213642687,0.2369461409594351,0.2237353155309457,0.3870967741935484,1,5
-0.6863712970278113,-0.7271888681645321,-0.0095285168808083368,0.72504066464366301,-0.68524699674557676,0.068939016995050353,-0.056661073317019528,0.040409200298385364,0.99757537023615883,-2.6518845390212995,12.162399497893798,-2.55839071314908,0.3225359832538441,0.141238166615899,0.6333333333333333,1,3
0.62046593638225267,0.77893857348458506,0.090976483373976125,-0.78188188393516977,0.60545205302252869,0.14862210826386565,0.060685594363783221,-0.16334781978528498,0.98470033431908111,-12.357162025388803,-0.55432422928648262,-1.1025024262707817,,0.07309157707566441,0.1928571428571429,0,1
0.94476986539485419,0.32033594891759315,0.069244359141041614,-0.32675151218054277,0.90432039583356216,0.27465991874890927,0.025364359434392785,-0.28211611352507671,0.95904491436010886,-5.9397775593093458,11.695685106518416,-2.389042962429047,,0.3646165801716124,0.3076923076923077,0,1
-0.032456242641005988,-0.99708317218583731,-0.069077782661688431,0.99646488931383737,-0.037639487828482497,0.075106546457489876,-0.077487525953470165,-0.066395908758272407,0.99478000915869502,-2.1402000725342116,-4.3653933914236056,-1.0013428339567858,,0.09371666387260399,0.4601226993865031,0,5
0.56598752486372994,0.81382884281273526,0.13168422952165337,-0.82092927946783401,0.5416886224177434,0.18068910995295009,0.075718160378146215,-0.21037122177058851,0.97468492818946284,-16.79968663457586,12.967427042171488,-2.2562062890006498,,0.4096903445154487,0.5,0,3
0.66965757192613085,0.74128603956959949,0.045318251303616053,-0.74103606347860729,0.66289359037941531,0.106946904854785,0.049237069227659677,-0.10520026317983615,0.99323140085317718,-1.6076857210773432,-6.1408404213683907,-0.92610168882449118,,0.07428399199746584,0.2926829268292683,0,5
0.74697064166659766,-0.65527043524616124,-0.11249674297729005,0.66232443986682021,0.71864101210473863,0.21185238274841392,-0.057975829819803155,-0.23275685255945561,0.97080536192551092,-1.2617595849536087,13.450979055535651,-2.7556452167702501,,0.415052751053187,0.2857142857142857,0,5
0.60695457268681929,-0.79147680295137524,-0.071907003027734243,0.79181387729565955,0.59448966788938684,0.14004577285580891,-0.06809501021789123,-0.14193838509239384,0.98753053847503336,1.0798632935059145,-6.0095805248398237,-1.0263040008332833,,0.1191674069993455,0.3043478260869565,0,4
-0.21038967845755038,0.96152051614347789,0.17667620166198991,-0.97669956106923705,-0.21456130280482869,0.0046276069251963408,0.04235741500242908,-0.17158596788162564,0.98425814958294255,3.9565418905590044,8.8759273646753698,-2.5829547719953645,,0.6095606689539832,0.7589285714285714,0,2
0.53984862022630942,-0.83386179801746818,-0.11505637334291562,0.83923859768317532,0.52260271679077586,0.15021643239565088,-0.065130971116105399,-0.17765388318293124,0.98193536161577266,-14.891532804137046,14.784479135174536,-2.4859429984062591,,0.2277405616161929,0.3125,0,1
-0.97971084811197284,-0.20032246075785065,-0.0061290951729643705,0.19979277672993692,-0.97861676222992777,0.048908885175965457,-0.015795583504938024,0.046692016432507588,0.9987844387770598,-7.4003562917991177,-4.2250943623478179,-0.8936649708237534,,0.0662681439551894,0.24,0,5
0.026963338454973718,-0.99888424903412865,-0.038771579937996167,0.99670575368494729,0.023896289916606285,0.077502308994921582,-0.076489338804079945,-0.040733577792128647,0.99623800203042312,3.2213166498893808,-15.080434693190876,-0.42620190073507958,,0.09011029415857545,0.2631578947368421,0,4
-0.92925264000607377,0.35282750479494768,0.10955493097946169,-0.36890391320647409,-0.90219782052155462,-0.2234927190471932,0.019985841555800216,-0.24809644194612857,0.96852915373311244,-17.058475711532701,-6.3782828282068795,-0.52604867785626452,,0.541906155070748,0.2241379310344828,0,2
-0.12883472786011274,0.99070762586107108,0.043589138072813248,-0.98853819858469416,-0.13179264395874962,0.073640538681422979,0.078700970998701991,-0.033602069267865083,0.99633180121121268,1.6814108759787112,12.296187723870045,-2.7705028343928375,0.3586009251056645,0.3684579323873538,0.8207547169811321,1,5
-0.099429157486688791,0.99132452389939896,0.085962381057733211,-0.99212390391121652,-0.1053810138576643,0.067712636976385826,0.076184000482071385,-0.078552722638737943,0.99399470211696184,6.6497353387603955,-4.5447162244059287,-1.4667670027578912,,0.07198931098870452,0.375,0,3
0.27373250066614035,0.9607869027506154,0.04426110687658491,-0.9588230958177546,0.26897307820854499,0.091168822113026848,0.075688764063884459,-0.067394441179513029,0.99485134582639179,-12.468059223267216,-5.7107295471903736,-0.68431326436883133,,0.3910004709509798,0.9207317073170732,1,5
0.99173624279819528,-0.11290629496178912,-0.060921205491358973,0.12323138072681644,0.97042542137225529,0.2075777646055641,0.035682650191393155,-0.21336979662661265,0.9763196599284667,-9.2293681543685491,13.25014737790819,-2.4616498838887653,,0.5108864272836038,0.6216216216216216,0,5
0.99507386707848622,-0.099066556842813805,-0.003717038172700588,0.098549061328248269,0.98440943138052783,0.14569198303402975,-0.010774115684775078,-0.14534059558284609,0.98932301585823623,16.145480323198555,-7.9290096091135469,-2.1550856604923161,0.1394225811825364,0.1049440145487382,0.3529411764705883,1,5
0.74381318361965509,-0.64675260786737909,-0.16868020657545305,0.66699521301615539,0.7019562592937727,0.24974946616925461,-0.043119991733845321,-0.29827583585506606,0.9535052134403017,-2.9758254636494597,-8.0474712764981451,-0.7463899640092142,0.4717560900297762,0.3156528032724848,0.103448275862069,1,5
-0.851111066671141,0.52456012959170195,0.02113344819591232,-0.52498566833049143,-0.8504199973488924,-0.034291050679403537,-1.541102948284454e-05,-0.040280250146280165,0.99918842127531382,-8.4711764904269398,-7.7120578983559112,-0.58217048841462216,,0.2514893229914402,0.2873563218390804,1,5
-0.19283427897602806,0.96070510277742227,0.19965131191459382,-0.97925228343915338,-0.20133596779259988,0.022995509392530904,0.062288893319757531,-0.19107468061059354,0.97959714178766399,8.4509258360724573,6.5887239850444379,-2.6469458969566624,,0.2963004462434726,0.15625,0,6
-0.053157339527509471,0.99556518779810821,0.077616068561060847,-0.99566906695185742,-0.058778414015008863,0.072029210471161037,0.07627192386177023,-0.073451037367748884,0.99437796573537729,-8.828081703652968,15.614445814147043,-2.6921888502713758,,0.1128587405316745,0.3666666666666666,0,3
-0.67028426849057654,0.73803912891840484,0.077570894022272047,-0.74010085874449028,-0.67248847994693373,0.0031564575603384034,0.054495121797462492,-0.055294561432608462,0.99698184194911765,-8.8173293824857453,-4.5215443198955088,-0.82570029575477377,,0.06888445204687177,0.2647058823529412,0,4
-0.91826039401793613,0.39560565465894088,0.017146859184586173,-0.39473949098191408,-0.91795274217482303,0.039287369383335699,0.031282311892898589,0.029307492823407923,0.99908082146893507,2.3418107791216767,7.8742420314193664,-2.3594387590859598,,0.07609427789850151,0.225,0,2
-0.97279849945617236,0.2309474088981848,0.018065817973001198,-0.23079561265285381,-0.9729497545509832,0.010107437824458027,0.019911419738752347,0.0056629888218255606,0.99978571000069383,-12.520529193091987,-11.789319915048285,-0.17281506101909819,,0.09262871574942029,0.2333333333333333,0,4
0.84171754677917154,0.53828283955997214,0.041989952123155053,-0.53809306140862667,0.82994251337439284,0.14714374522108009,0.044355706599530371,-0.14644797413773725,0.98822343736778873,-0.67238510626417247,9.9377878627493725,-2.4222560075389805,,0.116326332519649,0.3333333333333333,0,5
-0.8448265742045491,-0.52396204001272806,-0.1083136193814275,0.53231001943963407,-0.84353741194854581,-0.071348986309019771,-0.053982429752475081,-0.11793394451492134,0.99155306565466783,14.139696551529736,7.5852098070461951,-3.2732747170101448,,0.1712693702290814,0.2,0,5
0.81155519510218932,0.58170746147149999,0.054722888913432452,-0.58336735251420802,0.80151091259945362,0.13138793325323286,0.032568348487641161,-0.13855210663275896,0.98981948678757259,-4.4165395971989794,-11.266985713787772,-0.42016447162484599,0.785500241741359,0.2063984770743506,0.2857142857142857,1,6
-0.79892623413435937,0.58127424944160111,0.15439274383206289,-0.59962616623680942,-0.7897002951381813,-0.12969928535969175,0.046533140620806886,-0.196198090701138,0.97945953261438612,-0.90291532668733521,2.9130632403954428,-1.712464447121663,,0.3217378809216316,0.3131313131313131,0,1
-0.67696704245045081,-0.72285298436360468,-0.1385611288656344,0.73512667961723632,-0.67329944485794768,-0.079098814586035057,-0.036116316960983337,-0.15540727315865463,0.98719004811564259,-5.4390093779507458,-9.5963982987996115,-0.53041322958749837,,0.3412074123220785,0.3483146067415731,0,4
-0.25978237886629069,-0.95154320393379577,-0.16455590745390203,0.96438433373138621,-0.26442344841101273,0.006564814079483566,-0.04975914472778574,-0.15698971615311189,0.98634591119856341,13.787178800654333,-1.0353880562830544,-2.3680337595840482,,0.3995569245621183,0.2105263157894737,0,3
-0.37290110989677899,-0.92315309121055256,-0.093451230201380991,0.92516979650056741,-0.37760449107245869,0.03841478836344047,-0.070750334846196861,-0.072133338410962478,0.99488249135706519,-2.9300731098782138,-6.4817561723947881,-0.8464448871716086,,0.07649567561356581,0.2125,0,5
-0.23768226920739152,-0.97111521011995627,-0.021033011626909015,0.9684306129585657,-0.23858960702742318,0.072229822810224692,-0.075161737533946033,-0.0032012641522301275,0.99716621739743372,-15.905635081650646,-5.9626223800104823,-0.57695312967832846,,0.5394022739313671,0.8541666666666666,1,1
0.98454883461314935,0.17396218110965223,0.020018786313404868,-0.17055445787413884,0.92673996076049192,0.33475994687074029,0.039683361263227766,-0.33300180881372821,0.94209077384593765,11.688213363225481,-8.7569707552238736,-1.5573841827874646,,0.3977700881097663,0.1666666666666667,0,4
-0.85431417065697135,0.51039696036478566,0.098194911604825838,-0.51834028824625245,-0.85058203753299233,-0.088507304822914024,0.038348968636509981,-0.12651142350243222,0.99122359552620887,-4.6261747382951972,-16.182435267250227,-0.0050235199548265951,,0.2525095301948552,0.4090909090909091,0,3
0.50959051784644449,-0.85975207135667397,-0.033821293867943421,0.85745479375475908,0.50418464480201663,0.1028062284730286,-0.071335690842500118,-0.081389309763467033,0.99412624926024895,2.6874426703805132,-4.8480473486266433,-1.1994530946685076,,0.06954621650186105,0.2580645161290323,0,4
-0.810886128349397,-0.58263223019122179,-0.054803021749972348,0.58249444446438603,-0.81258588965076117,0.020109552670474831,-0.056248635704797913,-0.015615898401420218,0.99829466326253857,-15.367861008663644,-8.4768720672104951,-0.377011738945216,,0.5160484204161431,0.5833333333333334,1,2
-0.78315581306559701,-0.62034659642354739,-0.042861086865407211,0.61996086206708689,-0.78428429390903664,0.023381099902229301,-0.048119662993396664,-0.0082611520579118254,0.99880741457003508,-14.990375028281248,-2.6044969020365958,-0.91130246990337083,,0.05962409129828027,0.1818181818181818,0,1
-0.67333435377702022,-0.71852510400593117,-0.17419105297617279,0.73653846052649108,-0.67238556486271561,-0.07354419303733653,-0.064280200598230613,-0.17781824168940621,0.9819616737599991,-3.368778054585408,3.623135916847545,-1.6831906835580097,0.613063865289692,0.1889774957886997,0.2844827586206897,1,5
-0.97253091604771402,0.23008371113506113,0.03528601991884224,-0.23257088364251338,-0.96678153002829281,-0.10603894227072688,0.0097160389632617618,-0.11133265049603308,0.99373569902685577,1.8988193645294009,10.433927318343232,-2.6245633889288564,,0.5633216166924597,0.7971014492753623,0,4
0.47674014439081602,-0.87332304434212438,-0.10012839231320404,0.8764974345783394,0.46360056593027799,0.12971801126564822,-0.066866149162431582,-0.14960406241185159,0.9864824086652827,-14.037761876487107,11.439841304094884,-2.1916454436721247,,0.2865972820723956,0.5555555555555556,1,4
-0.5351936938723928,-0.82058905126239579,-0.20050266578652903,0.84002996221388571,-0.54200888835294025,-0.024000573521223714,-0.088979619139223379,-0.181273202362321,0.97939912879435842,-1.8246832757097897,-16.452768087925726,-0.082625694479934134,,0.4466910462962172,0.2777777777777778,0,5
0.99706115779182847,0.076196767915962138,0.0079435622978155773,-0.075195523843950451,0.95354965351940335,0.29169965969616635,0.014651990194242086,-0.29143972075231339,0.95647697742871007,4.0625428979264182,11.167574783365296,-2.836221328919037,,0.2895131797792814,0.1052631578947368,0,5
0.18612753463795359,0.97836244195179067,0.090351939811641913,-0.980262101506854,0.17867346463387923,0.084628632182569052,0.066653981118640362,-0.10432030106290466,0.99230767486056537,-0.56134129886141371,7.5240097416477889,-2.1564147826807529,,0.1141111389160503,0.208955223880597,0,6
0.027583113451537727,-0.9786353890581696,-0.20374480885481303,0.99153643201469399,0.00091800234165872866,0.12982550311580068,-0.12686479353977473,-0.20560139239476333,0.97037796327278836,-11.425493231997761,13.864565521867746,-2.4746425913490033,,0.2371016448143934,0.3888888888888889,0,2
0.50439773316560088,0.85395737005397321,0.12782698035979681,-0.86084389034673536,0.48578198568225706,0.15153764825712576,0.067310647226870232,-0.18647432133434383,0.98015131701834435,-13.664127189857066,8.7964338371570232,-1.9306079043939499,,0.3269787175057449,0.1428571428571428,1,3
-0.97185602093827272,0.23508525136348293,0.015192075480182138,-0.23486972410743054,-0.9719155625680862,0.014708906677930567,0.018223261610561387,0.010726780939716357,0.99977639945487029,3.4174850317171348,6.8588337800397623,-2.3197428789536536,,0.08779391960785957,0.3333333333333333,0,1
0.87186500671177281,0.48878703071505852,0.030637373846921362,-0.4881919395851767,0.86241558427799292,0.13382073874594499,0.038987692872790067,-0.1316305382470325,0.99053185774373409,6.6268357195613987,-5.8152909266397304,-1.3375722062455129,0.2154377881760876,0.1351846157580863,0.5510204081632653,1,5
-0.84951299611324216,0.52721968485560189,0.019159158005024737,-0.52597767105674342,-0.84921138352191905,0.046770884602618037,0.040928706117172142,0.029655185002745686,0.99872188872479728,7.3088232077551503,0.50907622848729206,-1.9061225195714497,,0.07671027218260136,0.2203389830508475,0,5
0.38804758899511438,0.90494685225313787,0.17461461357004163,-0.91893745688913797,0.36540569425228253,0.14843392110339829,0.070519635571955799,-0.21805933413899858,0.97338435768901388,-15.043844014985192,-9.3619540705154165,-0.30741657168622971,,0.3679159588044725,0.3846153846153846,0,3
0.93308974406140088,-0.35946412983762693,-0.011360848890166496,0.35533599481140021,0.9165790819055486,0.18335516737897586,-0.055496489247699579,-0.17512374474427342,0.98298108512215077,8.4853744633141446,-7.6060517137629633,-1.3405130680044131,,0.1409566303055313,0.2173913043478261,0,5
0.36834790114739985,-0.92739404967962846,-0.065269444145962197,0.92531974861275379,0.35891482679077619,0.12232542637152632,-0.090017701301098804,-0.1054534197101485,0.99034155205358332,-4.7460883387154613,11.810734506602419,-2.4496970076223943,,0.09444745855001713,0.2285714285714286,0,6
0.13832459954646109,0.98765661074316702,0.07348962114224028,-0.98741172065417615,0.13178152017014677,0.087474138214690272,0.076709836885947805,-0.084664338401501907,0.99345233943454281,-9.6980520867239992,-7.5161726529468451,-0.57739252699410892,,0.07307097737421911,0.2222222222222222,0,5
-0.96670719778774761,-0.25182495872951943,-0.04540246586075538,0.25365888417371557,-0.96644554554904127,-0.040499110708289938,-0.033680324005372103,-0.05066752065468115,0.99814750319058643,-14.572224541474137,-10.661019139070827,-0.2114218016006687,,0.1514998989909614,0.4,1,4
