axis_00,axis_01,axis_02,axis_10,axis_11,axis_12,axis_20,axis_21,axis_22,location_x,location_y,location_z,dbh,dbh_approximation,score,reconstructed,number_clusters
-0.13214360368344938,-0.97403464987123822,-0.18383299175002521,0.98617637338977282,-0.14789367879267773,0.074723626390602843,-0.099971138701855325,-0.17141750384188209,0.98011316224366252,27.571718592276547,-8.6724143756721972,-2.7505097776351537,,0.2383448175738637,0.2727272727272727,0,5
-0.42509258800132599,-0.9035018978441125,-0.054594983454728185,0.89971897973928361,-0.42837008812668081,0.083694833145436034,-0.099005298460424371,-0.013542089588638572,0.99499475510493829,16.469137071256522,-3.5270744540654149,-2.0031522765103387,,0.8676293922258779,0.5777777777777777,0,1
-0.68981514959573709,-0.6987775483054296,-0.18938056228785402,0.71932425651210552,-0.69114548866801273,-0.069932306462466717,-0.08202239560947544,-0.18446639660953648,0.97941026906009943,-6.678813287021292,-17.578567395123468,1.6391741306008096,0.2285516062675942,0.190881425830123,0.2666666666666667,1,5
0.97339434770687172,-0.22860120810698858,-0.015650287675900789,0.22762239725014374,0.95686664002604505,0.18053885309086293,-0.026296161742941204,-0.17929785513857027,0.98344333391421046,-34.463727842039887,29.040548402562035,-3.1446291374667426,,0.1268280172086404,0.3333333333333333,0,1
-0.52937118483402246,-0.82536445020914651,-0.19631523883381216,0.84331642089752801,-0.53719313821901027,-0.015522451320407631,-0.092647519729383579,-0.17377300302798654,0.98041796215013788,-44.147485347987896,-2.9327102519082762,0.88491394585917782,,0.5018897011474914,0.2142857142857143,0,1
-0.29348872193037834,0.95488992233859782,0.045272577967909136,-0.95042739686852007,-0.29655088819802694,0.093516490474624125,0.10272357753408989,-0.01558226315875515,0.99458788434881407,0.99032053028731404,-20.522984158235502,1.4137401366831686,,0.1212466545167988,0.3783783783783784,0,2
-0.89612155003851668,0.44066211903338326,0.052754757184289909,-0.44234191406201251,-0.89648362958344829,-0.025509467905864593,0.036052720015553347,-0.046195224189236848,0.99828162491432537,11.249840449057587,-11.207003830872523,-0.57517921749731027,0.1395362796580292,0.3307078756624864,0.4583333333333333,1,5
-0.99524090797781672,0.097287134825883859,0.005545131635959169,-0.096531508381364262,-0.99208684015662896,0.080283058472213897,0.013311760856791893,0.079365704088129999,0.99675668146117102,6.6751783193024332,-5.9080624921043299,-0.88534652087735222,0.3412775599894851,0.283818096325806,0.8284023668639053,1,5
0.42882608021547508,-0.89527811925942091,-0.12076954128563853,0.89704946217829495,0.40618806708444921,0.17410777284150691,-0.10681973288050181,-0.1829982058204713,0.97729279201978447,-24.597795303639156,15.323394728007948,-1.9132251573421633,,0.5604212631552588,0.2586206896551724,0,2
-0.5800901177734743,0.8118698856938531,0.066051070884635174,-0.80781469751644663,-0.58380541909308314,0.081281283909406754,0.10455079979593107,-0.0062065562915220177,0.99450018045299127,2.2706652812783714,-6.6006858630424672,-0.53284729986676993,0.2975421507525666,0.2182606336377392,0.6217948717948718,1,4
0.9033704745254505,-0.42831894399987103,-0.021556158435554109,0.42502110877880961,0.88743907167993552,0.1783506410089013,-0.057261180987598914,-0.17027852555942027,0.98373084778572251,-6.7025634431251797,-16.176845020150306,1.4316516413413247,0.4932235189041795,0.195278114027273,0.5432098765432098,1,5
0.34524165552631453,0.93629878852656401,0.064442050659019992,-0.93285148958140629,0.33481758651671317,0.13298602236654855,0.10293831976092503,-0.10602717747263389,0.98902069743862586,-0.60999147034169665,-17.221358125327775,1.0998166807402072,,0.09015082703357127,0.24,0,5
0.63248632729970677,-0.75986702253034644,-0.1502103653207485,0.76979815779202354,0.5951590627333031,0.23064363487081424,-0.085859431857738436,-0.26151060803967513,0.96137420385809425,-5.1515639499843173,-15.468460638600204,1.2845592845592433,,0.09684758596936442,0.3157894736842105,0,1
0.98883984266533698,-0.14625079563974738,-0.028398421299981869,0.14809334008361491,0.94412250661726549,0.29445042897168405,-0.016252020811861695,-0.29536993292051728,0.95524471971639746,10.130021991715273,4.729142508097004,-2.3421214180398437,,0.07632846920437857,0.4137931034482759,0,4
-0.78597362662411985,0.61263932728336112,0.08317759864962683,-0.61441408279773191,-0.78896612940773847,0.0052708165583785684,0.068853417570585509,-0.046962765177969081,0.99652080037282131,-32.00332585259671,15.870953786207279,-1.7589427405032318,,0.07725786173910913,0.4285714285714285,0,1
-0.25003285923226376,-0.96728508729434937,-0.042931680634484035,0.96240220282866062,-0.25314220315045416,0.098493781401036706,-0.10613938616121736,-0.016690862233465231,0.99421116762145822,1.2862508947953828,-25.252376538992724,2.0271415889884401,,0.1190769073539808,0.3720930232558139,0,1
-0.85226494373350214,0.51754280211480952,0.07611776180420439,-0.51983233626787062,-0.85417463172136676,-0.012650719108205468,0.05847057254053295,-0.050350238359103974,0.99701857838455754,-3.3630882840226941,-22.949366116913296,2.112379019014234,,0.07843129101082488,0.5,0,1
0.92024193337339999,-0.38645014620216733,-0.061733852637826922,0.38906759517038902,0.88640888752094971,0.25081006860212174,-0.042204152041187167,-0.25482458402633429,0.96606585744776685,-1.8123639785166279,-4.8256006457109164,-0.53651841620834018,,0.1446374590100756,0.1851851851851852,0,4
-0.97328769207755983,0.22887711878150524,0.018064687891414244,-0.22807228634998539,-0.97288977785689756,0.038321173529091743,0.026345789975396786,0.033177471872239635,0.99910217430988479,-36.870005795846865,19.473439420630406,-2.0118658374993217,,0.2030005806477399,0.4857142857142857,0,1
0.96812289221217729,-0.24793296656550221,-0.035599293037353062,0.24883340118159097,0.93576308549601139,0.24985873264584277,-0.02863571251307032,-0.25075225205970708,0.96762766809132494,-29.585212610009503,20.280714812073278,-2.3897899290776832,,0.1935887725801527,0.2380952380952381,0,1
-0.13592614170488043,0.98428994962606142,0.11268264758315862,-0.98471472570302798,-0.14672871728686393,0.093848774669473903,0.10890818603224864,-0.098203760561788644,0.98918907617638419,-27.575201846571716,24.254358124766497,-2.9780487988446844,,0.1953816036647686,0.696969696969697,0,2
-0.99425680350646473,0.10544224103490334,0.018312358849829704,-0.10591297366756772,-0.99400921608098125,-0.02698370536020334,0.015357431100307474,-0.028768249018849102,0.99946812713482236,-3.1945865187354765,-6.7492907897097325,-0.085637973590289906,,0.1815867494823032,0.3754448398576513,0,4
-0.86221122570762221,0.50251601507650423,0.063792294639632083,-0.50356681823052885,-0.86395616248282281,-0.00045703953337111199,0.054884076387788021,-0.0325177474555687,0.99796309263392857,-15.900230269716015,-24.668777761789681,2.9363270901591778,,0.1973238278861189,0.2619047619047619,0,2
-0.0043763297759379692,0.96992048072123038,0.24338263868893695,-0.99396456166446845,-0.030897886113475263,0.10526049016074236,0.10961431426986745,-0.24145306316387072,0.96420180480848039,-37.375979114993335,0.23888361111003559,0.30793909973489891,,0.257010722510997,0.2916666666666667,0,2
0.93371462739387323,0.34949227930069932,0.077666861014986696,-0.35794985935950591,0.90706832699202133,0.22158282503931606,0.0069923368932928278,-0.23469596689567576,0.97204367718105844,1.9263512263068778,-18.449200089961373,1.0582933109330193,,0.1658366764838608,0.3157894736842105,0,7
0.6903294553380146,0.71087489891691291,0.13454412355278775,-0.71935627199103069,0.65454440021362725,0.23259015906987057,0.077277403164735387,-0.25734899696492008,0.96322359643089273,-3.2434761740290701,-14.771387542266531,1.0281361076412516,,0.1500618473035099,0.2,0,2
-0.65345314924157583,0.7513498892059628,0.092045237445801981,-0.75204812870908144,-0.65822917402927861,0.03402890773889071,0.086154476676694555,-0.046986151650469342,0.99517320487523375,3.1722681473424839,-10.930582931838812,-0.029230576225026735,,0.1071327671911179,0.391304347826087,0,6
0.0088734159209855126,-0.97996209786464561,-0.19898630414833537,0.99367312866789714,-0.013638926814289088,0.11147956332308129,-0.11195970638244646,-0.19871654793719393,0.97364097989078069,17.575234803780614,-3.5483985790134498,-2.070937641909314,,0.3040933531179408,0.2857142857142857,0,3
0.40891107098433682,0.90334439498028773,0.12946289076079595,-0.90845208889069196,0.3894781283187233,0.15172867148790109,0.086640280566154665,-0.17965436710262073,0.9799070211833244,5.3435250210759868,-7.3882339658876033,-0.62761156819574637,,0.1169335721887528,0.1463414634146341,0,4
0.10653235129903443,0.98913568369046379,0.10129885180444027,-0.98786823170903515,0.093714170978048322,0.12383057351866456,0.11299210108128523,-0.11326187976585929,0.98711930975193729,-29.352857148222679,17.863437604892557,-2.0886585447692978,,0.1386644273599067,0.4090909090909091,0,2
-0.98426738932907987,0.17540268083277696,0.021251020210611517,-0.17569980033404495,-0.98435774624339867,-0.013015666452122166,0.018635623571362999,-0.016544696047107645,0.9996894450612227,-26.244995782228656,19.308465836600643,-2.3799483064156948,,0.09151936943906071,0.7333333333333333,0,2
0.88797069845497667,0.45727279192117087,0.049088007231905026,-0.45410869633431883,0.85489460641544013,0.25087946076818718,0.072755278838909046,-0.24506490097606501,0.96677291217258743,11.448213360763683,4.5855796181227815,-2.4611025796676289,,0.3044865071331684,0.36,0,2
0.62702320937809009,0.77483514433368506,0.080451190212421503,-0.7752097921537261,0.61045953197424396,0.16244672348422962,0.076757234513591663,-0.16422441635512816,0.98343208612625677,2.1363957701508887,-3.0910478188340673,-0.95494853749494168,,0.1477890114599094,0.1467889908256881,0,5
-0.94528511165348661,0.32413719173549205,0.037028888993383732,-0.32436413776126161,-0.94593228597052481,-0.00012842496089268354,0.034985194306287784,-0.012132241854092878,0.99931418727392496,-23.356144008591382,18.989215933816432,-2.4005667560516213,0.1937095351304809,0.2045675800922816,0.462962962962963,1,5
-0.27220239598625301,0.9602335917943764,0.062107204163562781,-0.95638453062161355,-0.27709154616292853,0.092460286786889792,0.10599285450925157,-0.034230457705222227,0.99377753574845529,10.867433804976203,-0.39620203424191952,-1.8331052002427215,,0.1227298059564663,0.3846153846153846,0,2
0.77267913327698001,0.61558281528170589,0.15499920815341436,-0.628558047308867,0.70777931583935916,0.32243328183243386,0.088779153868463259,-0.3465634683572677,0.93381584064449352,13.746286222727637,10.819019356627321,-3.4390787315589075,,0.3944931173679991,0.1111111111111111,0,3
-0.038529203059407949,-0.99915296998263992,-0.014451404308095694,0.99316168246499836,-0.039885157565628264,0.10972258969445643,-0.11020604790527579,-0.010125057078068437,0.99385718804276169,2.1636575231943804,-15.43232258438713,0.61136305068093288,,0.07950290926910894,0.3333333333333333,0,3
0.96363371869420111,0.26198365249890632,0.05267468100439722,-0.26711968831440214,0.93877409245359122,0.21760118440107326,0.0075583272222957826,-0.22375828288862432,0.97461536132380588,3.5311449112038105,-14.475709874711269,0.4607580449055293,,0.1755026139689934,0.3793103448275862,0,7
0.1191601523128632,-0.93873659730585524,-0.32337974423176125,0.98684405998986846,0.07613411168574323,0.14262677974537319,-0.10926874833861529,-0.33612080851450865,0.93545878729106247,-7.7748921501537227,40.466915544499727,-6.0473908779557011,,0.3488744316322794,0.3461538461538461,0,1
0.50926542703021804,0.82972139063397632,0.2284975683812619,-0.85545904510605231,0.45904487270689226,0.23972406426504905,0.094013546779014509,-0.31755348961384899,0.94356835166091513,17.607028649252221,21.120845368492486,-5.5174432634211765,,0.437292506198718,0.1555555555555556,0,1
0.84185281304754322,-0.51972994291878083,-0.14548067774649368,0.53632994240119836,0.77551062826923578,0.33306674755277277,-0.060282949893529093,-0.35841882187616197,0.93161253430653168,-7.3583615825625595,41.479473487917154,-6.1759826430172433,,0.4404512602006836,0.5,0,1
0.81168647755553436,-0.57429485093435362,-0.10653866126330373,0.58034683678070187,0.77232487198045052,0.25828635496094965,-0.066050065799526506,-0.27147691671792068,0.96017585498553815,4.8770951973455636,-3.68458447771033,-1.0112487982668699,,0.370437602014415,0.5531914893617021,0,5
0.29734054209888316,-0.95128002227241437,-0.081577700689202573,0.94910052202546646,0.28519492487439452,0.13368640139099994,-0.10390765667326639,-0.11717582537060821,0.98766037929714878,20.006787867532534,-1.5845556065342408,-2.462492746611415,,0.1023965057076117,0.25,0,3
0.32002182027652226,-0.92106748047385012,-0.22185745640040117,0.94145262590293322,0.28294725810482296,0.18332430911211672,-0.10608010052490276,-0.26753606400729857,0.95769069470686119,13.576660298482226,8.5474391091752704,-3.130145854943077,,0.122148028610112,0.2982456140350877,0,5
0.001872368694145367,-0.99822214130269749,-0.059573910804394781,0.98890190785267174,-0.0070019147974089277,0.1484048174235425,-0.14855810607576536,-0.059190622586915126,0.9871306698289517,-27.618864323299565,-15.298390728774017,2.1068047948134749,0.3279911473672331,0.3306757580534002,0.9444444444444444,1,4
-0.81768330229360486,-0.56895945947952153,-0.087630762971660142,0.569039187029865,-0.82188262133164303,0.026520942242248404,-0.08711154214347723,-0.028179606487620641,0.99579992418336105,-9.5414198984630882,-24.580951515617368,2.5709320603415025,,0.1665358759821918,0.3043478260869565,0,2
-0.87720972080780812,-0.47912088252911844,-0.030761756204831289,0.47634418800330836,-0.87655213578588831,0.068938870056492213,-0.059994335363896457,0.045820663174115206,0.99714650204998889,-34.091803673003035,3.5993282420321289,-0.1404259781594871,,0.1673923769401779,0.4565217391304348,1,2
-0.61638330767113358,0.7789702622591711,0.11522564185228514,-0.78259694217928488,-0.62220810507671664,0.019977489043281081,0.087256198152483061,-0.077861444198782354,0.99313843515959799,-29.722156253018493,23.459054695876478,-2.8192898318755049,,0.1773721302147785,0.2777777777777778,0,1
-0.98434745813316105,-0.17474416488674049,-0.022903242233807859,0.17502443198213641,-0.98450431926183446,-0.010848666467461517,-0.020652599742292551,-0.014687484223901745,0.99967882238799954,16.028754668251082,7.2930180018875834,-3.1624892972759371,,0.2453001206767109,0.24,0,5
0.30302361927254018,0.95019491618677454,0.07284440552148784,-0.94724699075548968,0.29194443691272354,0.13225575322223779,0.10440222539601014,-0.10907826093462039,0.98853533488886447,-41.624087483697942,9.4963233272358192,-0.61180017273842435,,0.08437762785385233,0.35,0,1
-0.96856850104975334,-0.2487462151220087,-0.00061582197722063309,0.24735954401137344,-0.96342429079191394,0.10308681728805949,-0.026235753481036739,0.099694314655208199,0.9946721715543817,-39.062050888780725,5.3412439254494082,-0.22944529790555135,,0.07540339660171129,0.2608695652173913,0,1
-0.46910966343497101,0.8821032598899593,0.042778061707316885,-0.87772952021051498,-0.47104199216089743,0.087808490319058519,0.09760641896385383,0.0036442437624074108,0.99521842148568207,-15.32342198743553,32.76649622839706,-4.6307988045018984,,0.4399354650430536,0.3125,0,1
-0.35852914615344611,0.92138308546995673,0.15003353347949513,-0.92766237930572171,-0.36962241793563971,0.053120412086674625,0.10440000660597465,-0.12013524865447853,0.9872528352207447,9.2083793468974431,-6.7002046032131339,-0.99742953769050657,0.4971961180486603,0.6314747524023806,0.5606060606060606,1,5
-0.85124010978736564,0.52275951020190614,0.045964877707401729,-0.52274856275490822,-0.85238444567850946,0.013217295601492972,0.046089213780134385,-0.012776981599842446,0.99885561174492377,-5.7438805954494097,-16.63883364205779,1.4563434408990605,0.2976667569856603,0.2998195402860405,0.5571428571428572,1,5
-0.8850075327379745,-0.44114102455541576,-0.14884980164998657,0.46286629873355906,-0.86812409363994392,-0.17920755435673147,-0.050164295008881164,-0.22749759228621116,0.97248567547817311,-13.99379932153958,-21.362393055910324,2.4246676828812892,,0.4058599297832887,0.1842105263157895,0,1
-0.65862484379278696,0.74785880935309823,0.083189641253534105,-0.74782867409104947,-0.66281080838073425,0.037869598636625361,0.083460106315224658,-0.037269740630197577,0.99581392693977111,-1.0550837417825196,-18.775945259915147,1.347796354382065,,0.08430239089560197,0.2857142857142857,0,1
-0.6151725351209818,0.76291544529928257,0.19880335851444295,-0.78353761098439623,-0.61956853861826744,-0.046942924145063653,0.087358824429415213,-0.18464790623839175,0.97891449397589847,-21.568403727066336,29.199580917286458,-3.8533652123742228,,0.197397959553864,0.5,0,1
-0.26125942303793309,-0.96121374202511789,-0.0883835732246471,0.95938195572663765,-0.26867218757490646,0.08603207919053267,-0.10644142473688606,-0.062316913962298104,0.99236426040753689,-4.3662864879639365,-15.166079606327189,1.1718858803436483,0.1126657326233384,0.1036036188628067,0.2763157894736842,1,5
0.70331996955495235,-0.68443682666879935,-0.19206053921814406,0.70647695260528609,0.64297470621425146,0.29575977178488,-0.078938810877594717,-0.34370009814988406,0.93575579435501788,-5.4334219503393699,-15.291279118510426,1.2488286916482993,,0.1038012261454905,0.3478260869565217,0,1
0.78043734005250287,-0.62489497401708438,-0.020587124616183197,0.62134651969843557,0.77149819686005117,0.13681752336719111,-0.069613653189704208,-0.11956924224012516,0.99038231789532005,-26.034629965274757,20.93044378196511,-2.5736360569076648,,0.1374577865882793,0.3333333333333333,0,1
-0.9407266214205604,0.33900598840809892,0.010409782615661051,-0.336734671572676,-0.93721183936004415,0.090794984025574801,0.040536214814649453,0.08190792383408517,0.99581519736429525,-0.78481347717145711,-9.0498377617273427,-0.058683093701990367,,0.07134553149201846,0.2432432432432433,0,5
0.7636274296105906,-0.64364840380294031,-0.050890873722580734,0.64181775896732884,0.74814195469116251,0.16838521284554817,-0.070307275729302829,-0.16124623379419442,0.98440669393635793,8.688525069276027,1.9546918442767462,-1.984045754250803,0.2999104594395434,0.2490557074691609,0.7767441860465116,1,5
-0.85560833945591042,0.49879418060038794,0.13834281641157761,-0.51264137914377339,-0.85354099190726818,-0.093094530040852316,0.07164625491307787,-0.15057270846054704,0.98599932739519969,-2.1501124576038024,-15.647808007207257,1.0414506801585484,,0.3209062358489457,0.2058823529411765,0,5
-0.021003414379515736,0.94221548071544003,0.33434838788989873,-0.99371897847848645,-0.056440458483501134,0.096628497131255875,0.1099156421810622,-0.33021881010376147,0.93748284734046228,-31.70805970180102,18.790597222711703,-2.1631294637201584,,0.4051700304172448,0.2142857142857143,0,1
0.43002295029414811,0.89552006170585008,0.1145603827798521,-0.89393848216932958,0.40459864232316506,0.19280541674716026,0.12631014336588889,-0.1853206888412651,0.97452654657032667,-28.72494984435189,15.930491604073156,-1.8641824479947189,,0.2960016567682794,0.2926829268292683,0,2
0.79070899551388329,0.60777171464923285,0.073435871927518381,-0.60818952327788911,0.76617216410299183,0.20757099683903285,0.069891259742812628,-0.20879118234750088,0.9754596116628782,-34.73355658261179,12.723506777655333,-1.3177134729025106,,0.6879094886379348,0.2195121951219512,0,2
0.6998576689514745,-0.70448374008568782,-0.11790633216537377,0.70962417979607362,0.66693440673067073,0.22722680424536196,-0.081441799209987994,-0.24269560579806859,0.96667785547603746,-5.6250417260490257,-14.15715245789276,1.1316244923139691,,0.0802421147610942,0.2954545454545455,0,4
-0.43624269869997134,-0.89871689621437501,-0.044724135427821173,0.89352568745188887,-0.43852413612143692,0.096480194353954371,-0.10632099366820899,0.0021266165022314982,0.99432958510126679,-31.408810519755789,-12.264799324186569,1.7785811043389954,0.3624641030027876,0.2861470465094992,0.9238095238095239,1,3
0.049845025622779052,0.96054526313045263,0.27362066972053545,-0.9931498571732098,0.018679866834482133,0.11534480383562856,0.10568270727748287,-0.27749569375522914,0.95489648932740689,-8.6488460866578674,-20.931052526718496,2.0670301037803367,,0.259045846755217,0.1764705882352941,0,2
0.89782620169081306,0.44018134341651827,0.012185912582847038,-0.43779395457708653,0.88929553611257217,0.13224939616500517,0.047376839206551405,-0.12407189189450542,0.99114156443391843,-2.2020431434274399,-18.465826516965649,1.3990802856953828,,0.08614708429276199,0.3333333333333333,0,1
0.81565303566031266,-0.57850476452762201,-0.0065086739784406961,0.57493225120296798,0.80925876734451585,0.12063645387163112,-0.064521561859615037,-0.1021395363944623,0.99267541682078564,-14.519384826783488,-23.669053285329447,2.7587046109549216,,0.7790720833864015,0.3333333333333333,0,1
0.32034266391982974,-0.94723078710887876,-0.011593689052198266,0.94151533436654022,0.31701141581764025,0.11424813956452505,-0.10454402338444337,-0.04751418940050664,0.99338459268311796,-2.5838357949080812,-8.0339841700162733,0.02265324107660479,,0.07127674170251207,0.3793103448275862,0,5
0.085534788661567843,-0.99388292102567455,-0.0698608561505841,0.99028748029169811,0.077092415045568602,0.11570421738191035,-0.10961070342872313,-0.079079066989396582,0.99082389699580142,25.764807333638966,29.90271510658993,-7.2420171496182322,,0.5427736903612578,0.7857142857142857,0,1
-0.17364813352404948,-0.98280927213897284,-0.062707737331822153,0.97886259326309166,-0.17923567625103068,0.098501755665020105,-0.10804790249639049,-0.044277612362215522,0.99315917345087878,-34.153667278720981,11.052220594743375,-1.1173154094786004,,0.1043507203287918,0.2352941176470588,0,1
-0.27701858027385073,0.96000389446699486,0.040659916272217732,-0.95500756741981174,-0.27974850131003831,0.098495290170047892,0.10593041279044724,-0.011545502284056229,0.99430651663511427,-34.613862167044758,20.731602736263927,-2.2548868841535397,,0.06176889617143073,0.3333333333333333,0,1
0.98487464792566348,0.17039478277276404,0.031425242674044132,-0.1723391304963893,0.94458822471560844,0.27937843479474794,0.017920713519513357,-0.2805685366045832,0.9596666839556921,17.474015889939025,10.776350240171885,-3.8457907687592159,,0.2425202528005378,0.2380952380952381,0,1
-0.23037301733355409,-0.964387499877284,-0.12994238325148363,0.96723529484844006,-0.24157475678630955,0.078086626787731886,-0.10669656641188191,-0.10769580755106886,0.98844193342443654,-11.557135108515688,-20.284276765419818,2.186719689144395,,0.09361902691522545,0.3333333333333333,0,1
0.87473184449184271,-0.47719369969979702,-0.084441537164588479,0.47919347016432268,0.82575462140443379,0.29749440899131951,-0.072234468114419137,-0.3006916663228964,0.95098196797846124,4.1487456330456407,-6.6848896187977456,-0.65317570727427365,0.5461877631315232,0.203020683229544,0.4117647058823529,1,4
-0.98670968576816065,0.16158742382368241,0.017131855513143768,-0.1618061773684214,-0.98674649828727601,-0.012251901208294006,0.01492504528356769,-0.014861109643108234,0.999778170617592,-14.970335234237425,25.89029872121856,-3.7341238241472916,,0.1448800441000672,0.3513513513513514,0,5
0.99692387272065075,-0.077084310438300288,-0.014170429912700858,0.077766969820645765,0.95038071977650895,0.30121219411238759,-0.0097514308987856537,-0.3013876184605726,0.95345184096213786,-2.8343948699178969,-22.057994001837141,1.9195442654635348,,0.1935769627535984,0.2222222222222222,0,1
0.84463342549227061,0.5341013153207258,0.036471379379759548,-0.53230533782124823,0.83063657812627811,0.16338268698265862,0.056968446250523712,-0.15741238849384429,0.98588839940454887,-13.218277196283802,34.439035554548433,-4.9688194874141711,,0.107741985732582,0.2380952380952381,0,2
-0.89626295130216249,0.43972735695181836,0.057901413379168418,-0.44119832939000386,-0.89728400287088872,-0.015015070278361027,0.045351474800792775,-0.039003458053902401,0.99820938384350533,-2.3350873573932276,-11.953565862436923,0.5707504502658014,,0.2421458070995128,0.2857142857142857,0,3
-0.81195921069484556,-0.56933645676681133,-0.12875651115192499,0.58027910796588722,-0.81119418178715674,-0.072388923828020438,-0.06323287931224697,-0.13349156689048777,0.98903063882925546,-4.8561209667161256,-26.218236570831841,2.5581497436221281,,0.2867462144407263,0.2333333333333333,0,1
0.21758722419364621,-0.97368590190885806,-0.067761082426683661,0.97009945092534822,0.20809240473889323,0.1249183989823802,-0.10753071738829059,-0.092915636541523697,0.98985040753845321,-1.9279406224009366,-6.4680465246539569,-0.30408960824803033,,0.2612883120657311,0.506514657980456,0,1
-0.95362246343453239,0.28932618977843894,0.083033445919969612,-0.29905917076144745,-0.94201292536427694,-0.15223423015246121,0.034173229530281506,-0.17000589505934133,0.98485033686776147,18.433336502515893,20.709984310712471,-5.4776930442747931,,0.3516707971692676,0.2857142857142857,0,1
-0.94166896274122158,-0.33099720990134823,-0.060831008929612296,0.33461854928024093,-0.94015920405891462,-0.064273614344415794,-0.035916445919088144,-0.080879651710615619,0.99607654869076745,1.1932837997966586,-31.026841071631249,2.8541804824626342,,0.2596514409760451,0.36,0,1
-0.87323154043559392,-0.48728296488881623,-0.0046892342280101867,0.48443276657786188,-0.86908681352960149,0.10006500494520199,-0.052835323924427371,0.085108299701787446,0.99496985173806785,7.0550042693230024,0.97310103373067636,-1.8038046270834034,0.3418719502094881,0.3171368028351409,0.9233870967741935,1,5
0.47200938301713835,0.85428374231995197,0.21773017694292501,-0.87988350427291173,0.44112519776842429,0.17667365055997641,0.054883160005602324,-0.27496881187070216,0.95988540526784427,-22.50536375083221,22.079017811538005,-2.8309573966581461,,0.3075987952408756,0.2,0,2
-0.20513392596878308,0.97432278263212824,0.092818035212023697,-0.97369278859979991,-0.21277047381194872,0.081554147059387322,0.099209000828448482,-0.073646729172622161,0.99233750984067692,15.714097633352548,3.6134119898219912,-2.6899148470319405,,0.1513456732100681,0.1428571428571428,0,5
-0.9961353470670451,0.087616286314534983,0.0061446477577680571,-0.087166205817284848,-0.99476227879565882,0.053385964903581627,0.010789943792083914,0.052644041046610052,0.99855504708315734,-15.662965045995884,31.437824758589361,-4.4330354640688743,,0.09318575672321786,0.4090909090909091,0,1
-0.22855196287582455,0.91745396404353485,0.32564125065232702,-0.96760410209097081,-0.25093128848000062,0.027853008428041559,0.107267431601272,-0.30872595019299987,0.94508305761721056,-36.353631049776233,3.2816725312818362,-0.088348475203534796,,0.4923941457381534,0.3571428571428572,0,1
0.07576640465282744,0.99498713578653752,0.065269070357145492,-0.98934739268061667,0.066854184954017251,0.12931455660597158,0.12430280979144839,-0.074371483603838662,0.98945322977112715,7.3416524811407005,-9.5283365089787324,-0.48963842601210539,0.1183147578966642,0.1383014397020627,0.3170731707317073,1,6
0.94515400508528169,0.32472198086504606,0.035207127322906852,-0.31667138687556839,0.88460461966455661,0.34233594553074392,0.080019618879090079,-0.33470927984028931,0.93891775922241438,-9.0087584684970672,-15.472496149320218,1.4615011571542085,,0.5335166491520682,0.5280898876404494,0,2
-0.99341474408931263,0.1142966969514265,0.0079631207424319568,-0.11374854374749865,-0.99220138268248292,0.050967489621242638,0.013726435126722692,0.049726062270824323,0.9986685654959554,-17.927092257358073,35.507547534764264,-4.9406996539033461,,0.1583593333521564,0.4545454545454545,0,1
0.27868438334438711,0.95804094758962366,0.067026541172387266,-0.95459879160335348,0.26868245606535285,0.12865024240982215,0.10524334444217834,-0.099836268681600573,0.98942233545961533,-37.069021469104456,16.071910120550896,-1.5983069843098237,,0.1170164153694303,0.3636363636363636,0,1
-0.91983019352640616,0.3910989178210082,0.030887725011896548,-0.38972112859562275,-0.91994971529230796,0.042543662979997364,0.045053934382339976,0.027095346700825602,0.99861703629761611,-27.141650318049891,14.645267613273548,-1.715776268136171,0.2493064142552167,0.2208866099816295,0.746268656716418,1,4
-0.84988355891303691,-0.52662297103605327,-0.019135899938881901,0.52388390188284373,-0.84827283582198643,0.077323045429758597,-0.056952556020936337,0.055690595109816526,0.99682243352514754,19.443386074016011,6.8969121885952918,-3.4776346971779146,,0.1009209313246257,0.3333333333333333,0,1
0.86667035373751811,0.49801449888149252,0.029394844042786264,-0.49646587004128684,0.85518480842132139,0.14893147192428594,0.04903200828675161,-0.14366802827770009,0.98841052190583467,-1.6823553791993815,-8.1279580934699105,-0.08098603084678295,,0.08450468724153262,0.1875,0,5
0.89705253036522814,-0.42872813535889026,-0.1071864903662309,0.44072591057853994,0.85006021314018088,0.28837181863140926,-0.032518141245429927,-0.30592453315770352,0.95150026300689139,22.24437241251956,-3.4754923894959266,-2.4862580808349795,,0.3001826017208274,0.8636363636363636,0,5
0.8407471828196621,0.54132894213625815,0.010351376065068384,-0.53804861311152397,0.83321426629207451,0.12750559350916515,0.060397553837602827,-0.11276951207218554,0.99178383362375622,5.7050692508399257,2.6041542487370708,-1.8620884916205291,0.2654289353500426,0.221468160502415,0.8371559633027523,1,4
-0.11054972833094551,-0.99326964492936576,-0.034556765297791898,0.9880009824684115,-0.11360364507530005,0.10463398332788165,-0.10785553396747094,-0.022574859634066677,0.99391023714674298,4.2520043370604164,-4.5264933439404098,-0.88842440953269042,,0.09552080883555465,0.5121951219512195,0,4
0.28450322380897558,-0.95588904622507187,-0.073034559964594334,0.95406483308940249,0.27484987269289196,0.11923859166725914,-0.09390532415358703,-0.10360346899415597,0.99017579818332602,-25.731115815428328,-35.122808201997877,4.3615710625869522,,0.1965662758709137,0.28,0,2
0.080362101886388163,0.99281902031066349,0.088613348259594799,-0.99025961113684202,0.069380556170371491,0.12071553742828547,0.11370063821945611,-0.09745117410716192,0.98872414430599609,10.673938297268935,0.90521173536408006,-1.9311559160882605,0.3216760636997147,0.4173941802986467,0.8679245283018868,1,5
0.15254060088203869,-0.97631715001198427,-0.15341508294500536,0.98228973761108884,0.13268574426602994,0.13229272335433789,-0.10880366017043831,-0.1708780730844249,0.97926628026929918,-45.55410399619111,5.9671412073553762,-0.16014313611594319,,0.1597001261398976,0.3333333333333333,0,1
-0.32304202586727537,0.94586495727062658,0.031358127032744605,-0.9404665618284922,-0.32454541930888725,0.10095997666458148,0.1056716405004713,0.0031230454773728288,0.99439617405784764,-32.623040976998865,6.5081657184376978,-0.57934819550167038,0.2087255907124434,0.191875745526176,0.6610169491525424,1,2
-0.9994371603587634,0.032756499718717316,0.007237003536586197,-0.033197534212166334,-0.99678611067373213,-0.07290660662906763,0.0048255793686281315,-0.073105822573248186,0.99731251495689432,-13.664518913037634,28.359208051796049,-4.1146885908548159,,0.07772385745579655,0.5384615384615384,0,1
0.52897128926542636,-0.82042380496091227,-0.21701187844524056,0.84343075157083991,0.47995567315519366,0.24138583038528363,-0.0938825992264853,-0.31072066564617806,0.94585343764394902,-38.796984393942978,12.840772476049219,-1.1374703498695484,,0.6394418616482039,0.1538461538461539,0,1
0.24331970995505278,0.96765567413142739,0.066618428896516826,-0.96406257917306093,0.23371916036150958,0.12632773851413273,0.10667174970709505,-0.094962363076969786,0.98974910326469279,-3.6461391994672274,-15.886135500927688,1.179636456651785,,0.07124952461788074,0.2,0,3
-0.97997884929724632,0.19695106473479376,0.029184465557461427,-0.19779370388169443,-0.97979952405113102,-0.029504972020595731,0.022783889808460737,-0.034686752067708861,0.99913849069895599,-12.724456675923973,37.891993667098781,-5.4859331597570833,0.4743529326144377,0.3272291842418381,0.825,1,4
0.73388952917464401,0.65255087556146252,0.18863592916459021,-0.67805313010467927,0.68715409093726787,0.26088926398651235,0.040621567215783291,-0.31936908133403596,0.94675935599538086,15.343554440390504,9.4779211316574319,-3.3863055632694117,,0.2538732281735289,0.2777777777777778,0,4
-0.96076190519311933,-0.26370430339623852,0.086003499347366036,0.25622547566790743,-0.96251747621999917,-0.088930386200882922,0.10623119668177741,-0.063404639746536776,0.99231788480817473,1.7701635752932232,-5.0546789381512323,-0.69310091438367605,0.3348108882942014,0.3006096353296707,0.2259887005649718,1,2
0.16731424210825613,-0.97396891571593325,-0.15293951617181231,0.97649993221069509,0.14233789376044703,0.16182646999902875,-0.13584486291445352,-0.17642130035505332,0.97489573698974841,-5.9429812829692867,-10.942917278929581,0.78866204277005725,,0.2989297759004002,0.2805755395683453,0,3
-0.37193854857816577,-0.92729935443158951,-0.042161870835204437,0.92267977661089251,-0.37429381231930781,0.092553616313744508,-0.10160583602746723,-0.0044776478463291634,0.99481465849419592,-25.000324404124548,26.447166980462253,-3.3027184934415246,,0.09648093764302208,0.32,0,1
-0.85387710782719806,-0.51771127421642371,-0.053562312103436559,0.52037981174906656,-0.85115345909816109,-0.068866832286956836,-0.0099366117296061582,-0.086676557467638513,0.99618694938896568,-22.817287638007485,17.132150273171469,-2.1839383117185398,,0.6940825396516479,0.5964912280701754,0,2
-0.42836423295625686,0.89492292661645234,0.12496815330331236,-0.90048019883268726,-0.43427393508933521,0.023271459177848883,0.075096574049952611,-0.10256268677382842,0.99188779599695265,11.812394059286557,1.8408147285268004,-2.1508017476494703,0.5134064004361115,0.2582607145955071,0.3529411764705883,1,4
-0.91977768341515886,0.39133814405097544,0.029384861785967699,-0.38994450662552799,-0.91979412132361404,0.043841260601089303,0.044184780683125487,0.028865747682281707,0.99860626563562349,-3.7067784347126644,40.951601614106941,-6.4313186139611842,,0.09917319894314236,0.3125,0,1
0.96484487114987794,0.25954612111323766,0.041354390708210759,-0.26134701893148859,0.93084978862487222,0.25537503149809648,0.027786873005053496,-0.25720513609199602,0.96595724939383221,-31.172606441383476,11.240137008856058,-1.1987909144767823,,0.4920729823360264,0.5098039215686274,0,1
0.73363752324783749,0.67871878269276253,0.033418535318483635,-0.67551565052122731,0.72306442060358467,0.14441762204829653,0.073855198758523491,-0.12852493017798669,0.98895235069192411,8.3480520483896843,4.594907997178951,-2.2593557200495624,,0.08664430936753853,0.2954545454545455,0,5
-0.89032972028039681,0.44073611153871045,0.11430078377320034,-0.45244405901172202,-0.88453561295151328,-0.11353908087301207,0.051062340824015624,-0.15280192867313019,0.98693678011478736,-33.491831647107986,5.639135514925929,-0.40988779440583928,,0.213284299115245,0.2608695652173913,0,1
-0.91426642914549772,-0.39462610644422769,-0.091581289847920758,0.40277282793107005,-0.90971858746650547,-0.10092641229308398,-0.043485004518206485,-0.12916008567128634,0.99066983735825787,-15.479657321542122,30.422018532915349,-4.3039954793147421,,0.1078493807152039,0.2666666666666667,0,1
-0.88025363006677748,0.46695522575458642,0.084299252041425743,-0.47138254819196296,-0.88089587588140816,-0.04267258036700234,0.054332679064375028,-0.077299890010333883,0.99552633666321366,-3.7765689174960917,-20.708717788975758,1.848951873305122,,0.0995106579968616,0.3703703703703703,0,2
-0.85887683650727242,-0.50938068875041842,-0.053496669423524303,0.51092847208105241,-0.85939179172351654,-0.019946045602202919,-0.035814468140425819,-0.044464168117636205,0.9983688004066561,-43.368022910246431,-8.3376194291730883,1.5259516436026528,,0.3482334202688358,0.3823529411764706,0,2
0.90710028060573589,-0.39674427952446117,-0.1405811423684217,0.41824846199478244,0.81206387337304209,0.40696497343305826,-0.047300158181482602,-0.42795588817889513,0.90256105212280191,-16.836469668519854,25.826703041258217,-3.5871600528484624,,0.124815822756783,0.1428571428571428,0,1
-0.99756276826221446,0.069364541626656021,0.0075553783460188236,-0.069216807600255462,-0.99743343957802266,0.018318492219183236,0.0088066408270579821,0.017750886639234714,0.99980365527480686,-24.875662956396635,24.411071484362612,-3.0461572932555252,,0.07591320452659239,0.625,0,1
-0.75106960976212633,0.65436110998754748,0.087783705934711215,-0.65960441524159075,-0.7494580046554703,-0.056874551880781644,0.028573706192338573,-0.10061926750729952,0.99451460839986072,-1.4933788384510853,-10.686031927155307,0.26393687199145421,0.6258981828577573,0.5250105664575966,0.6789667896678967,1,2
0.28813018423205805,-0.95097837185001999,-0.1123438169544031,0.95204681475824715,0.27187723199800617,0.14031975352664086,-0.10289732476150727,-0.14738692952425117,0.98371196676788353,5.5652777600626191,4.0406106319077857,-2.0367994231770403,0.1725341535179551,0.1276505247713574,0.3413173652694611,1,3
-0.68417514671331703,-0.7141152118447025,-0.14813450925360813,0.72346113469326101,-0.69022293017812475,-0.014010469109317553,-0.092240745921479975,-0.11675517491023439,0.98886797598240095,2.5140745255971373,-21.396545425862815,1.4039895067137498,,0.1846236517401569,0.1333333333333333,0,5
-0.55408777445805335,-0.83124428726297017,-0.044940773121944097,0.8290603069221244,-0.55589414225544986,0.060338297061405213,-0.075138177262389041,-0.0038258984244536358,0.99716579204209155,0.59929209033576447,-8.1892006352638234,-0.24192197549921113,0.1788063081690599,0.2064515108264823,0.459016393442623,1,5
0.3741421424440628,0.9238874741708647,0.080309353860840108,-0.92179943691132826,0.3610183392893293,0.14124997984683832,0.1015059375471415,-0.12687668724771187,0.98671112838344011,-3.0921570717888138,-24.968445567765002,2.3297302215175391,,0.1306669325058707,0.1764705882352941,0,1
0.54134302346867769,0.82683167183690198,0.15263393262699618,-0.83480362243349671,0.50690556376341667,0.21482472250093232,0.10025289478962963,-0.2437132246577613,0.96465186529297364,13.921052224365988,-12.383408665566019,-0.67420753779183029,,0.241921101038754,0.1428571428571428,0,4
0.61144597595851635,-0.77557671075479506,-0.15689035731652831,0.78719829907755212,0.57608290153548813,0.22010753846213327,-0.080328428426950885,-0.2580876910920466,0.96277623947271906,-4.5398499287023109,-8.9635815164369514,0.42823048472139746,0.2507026765933857,0.222513494590871,0.2686567164179104,1,4
0.95246475719417967,0.29822544201158047,0.062229189614117844,-0.3046209146365767,0.93506052399962891,0.18129510424585304,-0.0041212460503942125,-0.19163351010336549,0.98145790186663417,6.6762807124874062,4.5159923191265881,-2.1554753129607995,0.223209900152175,0.1353572027541808,0.2597402597402597,1,4
-0.148624430272878,0.95855857379630993,0.24305604153702159,-0.98232888265966434,-0.1713828379224169,0.075218941485993993,0.11375739544608611,-0.22758159738265862,0.96709144940593916,-6.6766320599229063,39.516148356945514,-6.0313718955664877,0.7344650458124433,0.5348560259775754,0.3194444444444444,1,4
-0.61919080080846234,0.77951174664904455,0.094679401298966362,-0.78090069464568945,-0.62393536990649134,0.029979314227127046,0.082443054868524102,-0.055372294659017517,0.99505630578783855,-9.7546399451557981,36.408434911099853,-5.372660385150148,,0.1559680388036088,0.3571428571428572,0,3
0.54166985952895519,-0.83467985434234271,-0.099515345715760178,0.83552446902921873,0.52163949068112925,0.17260099482730176,-0.092155438967670048,-0.17664026301208222,0.97995183175077472,9.484186692245407,9.0244180062120343,-2.9604487196773266,,0.09489523489605294,0.2337662337662338,0,5
-0.94918396309229014,-0.31200399445067373,-0.041271196435747413,0.31293275556073147,-0.94960070188405565,-0.018209818188991929,-0.033509621089794474,-0.030199576621744165,0.99898202729893282,-8.8872589713006835,-19.807321846553851,1.9345235500918503,,0.07237480326769032,0.1666666666666667,0,1
-0.77419876610384708,0.62132261932982669,0.12072478317397427,-0.62157746239691536,-0.78232194669615929,0.040172502507835155,0.11940573187033748,-0.043938302500827114,0.99187282288096512,-33.156369442799054,10.174837058062801,-1.0340683791271359,,0.2605819910377491,0.6222222222222222,0,3
