axis_00,axis_01,axis_02,axis_10,axis_11,axis_12,axis_20,axis_21,axis_22,location_x,location_y,location_z,dbh,dbh_approximation,score,reconstructed,number_clusters
0.32126172590316782,-0.9213858481231334,-0.2187213349175888,0.94697348796780567,0.31118771901797265,0.080021351016335673,-0.0056671470605749157,-0.23283110275649482,0.97250067405292251,-22.618417617585166,5.2789830561990341,-6.0103066161767087,,0.1383870313304766,0.1578947368421053,0,1
-0.98751450565660426,0.15123439669957309,-0.04408240434356251,-0.14508927097732838,-0.9821889582970913,-0.11938992271771995,-0.061353113735657744,-0.11150339660383408,0.99186833197796409,10.598215999438777,-14.911672213229965,-0.6675989526993068,,0.2906669977274329,0.4166666666666667,0,5
0.77456294638356527,0.62993677778120627,0.05684978529636258,-0.61710987278628648,0.73295615121665325,0.28627030112005147,0.13866379123370573,-0.25681693166982345,0.95646088085629188,3.7182623312398224,-11.993211633085721,-1.6807537487170188,,0.5658380995925103,0.1,0,2
-0.19396845536573307,-0.91954361959886688,-0.34178322073800843,0.97871289495875147,-0.20520694795682193,-0.0033433144791437594,-0.067061968092890237,-0.33515614296214352,0.93977287270395693,6.5639228889686496,-3.7668405774594498,-1.2296982804592933,,0.2021013831247702,0.2682926829268293,0,1
-0.071482652635207491,-0.95589207607132587,-0.28488694121753944,0.9951422385419133,-0.087730513171047228,0.044668580999799812,-0.067691620175803491,-0.28030999975526411,0.9575197901846102,-1.7904860536102594,-13.60373904267542,-2.4792034956334135,0.9431070866147314,0.7596466954305178,0.5588235294117647,1,4
0.42469766090289418,-0.89001426015315854,-0.16585087744005728,0.90532283844252925,0.41846364806826825,0.072654892744807034,0.0047386725961130706,-0.18100495012408677,0.98347076876367023,2.467153433891756,-13.590087675764503,-1.8536372432625041,0.2630693794158339,0.2035088273829982,0.5,1,5
0.39844938718051892,-0.89324842244069214,-0.20819544102281207,0.9171312663299781,0.39059930962620931,0.079387780164826685,0.010407986137534662,-0.22257456082567686,0.97486011237398451,-15.984088600830329,10.085992313947136,-4.6501889559301857,0.635360345354326,0.2890847177512444,0.3928571428571428,1,5
-0.72145447832100507,-0.67233708496892619,-0.16572953836312082,0.68509355641995895,-0.72785482636925325,-0.029566377573800855,-0.10074847225848592,-0.13487103434937683,0.9857279287060452,-17.356843533883136,5.7112498031043932,-4.9510167628619079,0.6834408939199588,0.4642934664325254,0.828125,1,5
-0.68304545227331315,-0.70382930801371046,-0.19512358983394851,0.72330422740813016,-0.68893230448787002,-0.046939050337233112,-0.10138986508657248,-0.17319522226082015,0.9796547913646686,-15.212745779088106,3.2377040724390578,-4.6683740229240049,,0.2507103058404535,0.4021739130434783,0,5
-0.4340196410874767,-0.8787504455180577,-0.1985563034811908,0.89637073856065819,-0.44329788212649629,0.0025469107532240776,-0.090257687775168016,-0.17687465110631284,0.98008617355490846,-2.2231423788024123,10.192011285445409,-2.7461070485086303,,0.06932056490741836,0.4545454545454545,0,4
-0.60057446227842337,0.79901631884304802,-0.029719311591753526,-0.79943613140784731,-0.60073700563797705,0.0041136184524851478,-0.014566641982222512,0.0262292256771357,0.99954981899940343,3.867063571679882,13.271495279806468,-2.0212232417218012,,0.3385102592715514,0.7538461538461538,1,5
-0.45044392578791376,-0.85832856420303749,-0.24570784601620885,0.88797077436561334,-0.45930480874189011,-0.023387957138431462,-0.092780243550584479,-0.2287163495243143,0.96906174099845988,-8.475099496194245,9.5488820004479589,-3.5893133503200216,,0.07918810851472494,0.25,0,1
-0.66692184852618519,-0.70408887612990789,-0.24387312781145315,0.74040016401438968,-0.66300148160416883,-0.11061931349517595,-0.083802416945355812,-0.2543381408692022,0.96347769305434194,4.5815597817137412,4.0540041263109128,-1.6822684121888494,0.6414601335952693,0.6614329443700557,0.3697478991596639,1,4
0.023283098522814551,-0.97334928849281799,-0.2281426306364108,0.99897485414270493,0.013789905382075749,0.043117041875742813,-0.038821876741575348,-0.22891264949774667,0.97267253522764985,7.3851709054831289,8.9200653283020586,-1.4185969857390213,0.7185610759543326,0.2961195715533994,0.3157894736842105,1,4
0.43693577124366484,-0.86066940642983081,-0.26141022291300425,0.8994376341663981,0.42126737915754858,0.11638615683526578,0.009953594971494447,-0.28597546764268622,0.95818524193064603,-27.950678423436585,-5.962012804116438,-7.4064556172668246,,0.1803757558947676,0.3571428571428572,0,1
0.96241491025838677,-0.22965063297652039,-0.144976299048585,0.25800495144772195,0.93980885708238748,0.22403740129263053,0.084799678895617708,-0.25302153845666975,0.9637370572600289,-12.947287846991742,16.848910086737838,-4.3079705690526069,,0.4550327424553402,0.96,0,4
0.040028331635277775,-0.98963258812106047,-0.1379314075738636,0.99803139361865612,0.032928631030541743,0.053376423728620989,-0.048281155931678574,-0.13979644411524028,0.98900246925608593,-2.6701646615188053,3.7533457493080005,-2.6828701563234927,0.1680169885719212,0.1396827724048394,0.6357615894039735,1,3
-0.82927399370721111,0.55255396237317034,-0.083598815940195387,-0.55185771414175633,-0.83327192020082663,-0.033331221805745818,-0.088077844564505903,0.018493936047721891,0.9959418997242433,20.029518896517722,-1.4347454324125473,0.372482852588574,,0.5891369981180363,0.9552238805970149,0,4
0.92233198241049863,-0.35324810402885093,-0.15658700847370011,0.37335933732406501,0.91913521320721259,0.12567125795291303,0.099531499816166727,-0.17437384219702975,0.97963628133189851,-9.1778445703777187,2.2498244459119348,-3.6637471660891441,,0.07064720353803068,0.1388888888888889,0,5
-0.30506822688931268,-0.91862820061736739,-0.25110875327855414,0.94884610881689568,-0.31573057548525663,0.0022946648525379457,-0.081390655026530007,-0.23756353410034892,0.96795616044328481,-13.173445422250371,1.246615019738039,-4.3104952986997551,,0.07773536170106449,0.264957264957265,0,5
-0.89622674654571788,-0.40765060840456063,-0.17492455586186301,0.42554269996691757,-0.90143702480899945,-0.079527987579006962,-0.12526383868038077,-0.14571297735923269,0.98136471250405377,3.432792474056249,-13.538503396909039,-1.7283059285604359,,0.08512387395828042,0.44,0,4
-0.70879115422967032,-0.66042359213336099,-0.247902760451431,0.69419490986446986,-0.71546234120442265,-0.078784931532284511,-0.12533366189508774,-0.22793489700340785,0.9655760746435329,7.3990706849707895,-7.6396525502872414,-1.0932414337487151,,0.3790707463953932,0.4576271186440678,1,5
-0.93959025654936967,-0.31971328158749679,-0.12228477981352935,0.31817543251074182,-0.94747681898724945,0.032435653660823696,-0.12623210346061647,-0.0084317885621306831,0.9919648990753408,-9.6709553263817156,0.90947193854565844,-3.7495953476654109,,0.08793293037116538,0.4623655913978494,0,5
-0.32794063397125089,0.94465997595343465,0.0085129561370801236,-0.94406362337677907,-0.32803726674580386,0.033696092394388769,0.034623916694142672,0.0030135456857501167,0.99939586898043498,-17.350184483891915,4.0234069684493807,-4.9947891491451299,0.4427720348120009,0.326828753452133,0.1621621621621622,1,5
-0.19683618918519732,-0.94093631496653096,-0.27548932067188225,0.97890302370563353,-0.20431938491131132,-0.0015681611626632173,-0.054812268763644048,-0.26998599987160327,0.96130285293777928,-18.487054977166974,6.6197798998554891,-5.1301195899431749,,0.4720015260747018,0.6666666666666666,0,5
0.3479963171972954,0.93354397316487248,-0.085989612074155841,-0.93381952093798193,0.35328550431629091,0.056306791376729552,0.08294374920557801,0.060704222320432773,0.99470364021661972,-21.53642935382365,-1.7675320082943711,-6.0042207721365068,,0.08582327674300555,0.5789473684210527,0,1
-0.46090863152240696,-0.82120642032628788,-0.33642718172440711,0.88235415907210479,-0.46461513864420645,-0.074725570662156224,-0.094944043290256547,-0.33128958353306248,0.93874002816870927,-19.228434390842516,-2.5737670376862063,-5.5509337724507155,,0.1196376594467718,0.5600000000000001,0,4
-0.96564327696773855,-0.21612153928470984,-0.14430710968006941,0.22907676059465557,-0.97011600109866936,-0.079992388186539379,-0.12270655810700104,-0.11030151707721321,0.98629441645382898,-6.1916822737820985,-7.3515961659438931,-3.2005782879673039,0.2053494429739894,0.2272574785804618,0.2608695652173913,1,2
-0.82075477452827994,0.56329582431566549,-0.095180956065641434,-0.56693389139609873,-0.82363914210934397,0.014301271686911516,-0.070338914375410858,0.065699146827953803,0.99535725206107295,0.44635222207139674,8.6663007502946829,-2.3440256969226487,0.1742971826650782,0.1474101205309997,0.5454545454545454,1,5
0.59187699804712846,-0.76983811581693118,-0.23881142061918911,0.80542258393108457,0.57636137408736476,0.13821008557228609,0.031242286671965918,-0.27414748201572192,0.96118004433505844,-22.925211896485177,-3.5657952208934365,-6.4248618704367084,,0.3941889607835223,0.3571428571428572,0,3
-0.50378619651420964,-0.82152415764422193,-0.2670159669545969,0.85312324325765232,-0.52168971864299885,-0.004535336341908126,-0.13557359630581253,-0.23008236757548625,0.96368143289967367,11.280948915829041,4.6390831524733489,-0.81072412701527374,,0.2133902617666005,0.1363636363636364,0,2
-0.26012819987312696,-0.93978041438982962,-0.22168917961877627,0.96273169563213234,-0.27003769585435283,0.015077302243782254,-0.07403378861063846,-0.20950516830606278,0.97500081158786867,-24.740623067991145,-1.7167717899669594,-6.7197014872215854,,0.3602583537892278,0.25,0,1
-0.37589626218009708,-0.89121209733854589,-0.25385625388487537,0.92269182200222133,-0.38529816015343893,-0.013606226243753133,-0.085684314137728729,-0.23934561901109772,0.96714625211026994,-9.507287611556686,-17.659769269158044,-3.7732000201090701,,0.1716913807576546,0.4090909090909091,0,1
-0.80536609201543008,0.5885418384410448,-0.070738689811362304,-0.58878549680395509,-0.80805226787821449,-0.019574757474698147,-0.0686811224800013,0.025885068694296322,0.99730279586170711,-3.1305849168091457,-16.785904410839947,-2.7049025391579051,0.5723888088592773,0.2272158021573105,0.7307692307692307,1,5
-0.86674570779685001,-0.48190101389111101,-0.12854295323531922,0.48388379630709499,-0.87495884438632177,0.017421030439872861,-0.12086500604878248,-0.047100248840873542,0.99155091491660508,-0.79173448228371524,7.3508828872466427,-2.4743642057908981,0.24856203045165,0.1973151384488452,0.6536312849162011,1,5
-0.99244063554611328,-0.11212760926187837,-0.049889719963560807,0.11642277276617201,-0.98877090522462485,-0.093690100665506232,-0.03882425657064506,-0.098790162579539917,0.99435063276454205,-15.092166245443195,1.0707816231639471,-4.7047873012827051,0.5615729248033441,0.3147304691905183,0.3,1,4
-0.49607818726962671,0.8676063115570769,-0.034142645790946377,-0.86819987298925994,-0.49617699040279645,0.006113488059739494,-0.011636694406681665,0.032675408813786992,0.99939827146245241,-0.2583189860290584,2.1664548081246746,-2.3264237542158166,,0.1715891113494149,0.5346938775510204,1,5
0.10941212223196321,0.97213908277866945,0.20730313852651805,-0.99231213728502399,0.094688940576067651,0.079690819605580693,0.057841245712079846,-0.21442856215259384,0.97502552891072847,-28.019755188258401,-0.54284685027092594,-7.0977458382869631,,0.1050856475679392,0.25,0,1
-0.15281481629180868,0.98421767342646316,-0.08923678185984997,-0.98785957473918184,-0.1495760485193828,0.041957911118780757,0.027948032449978205,0.094565199858768961,0.99512628869799613,-12.874167141941589,3.9191125294698863,-4.2769905187833395,0.4762581893561362,0.4603994117029921,0.9851380042462845,1,5
-0.90798340442892811,0.40369695293089397,-0.11222703540575353,-0.40092115561808112,-0.91489048258942651,-0.047303613447041933,-0.12177177119314227,0.002043296747030863,0.99255602394972509,-24.224351930052507,5.4420780538734341,-6.3792368820029566,,0.1204867723205482,0.75,0,3
0.70860289213489758,-0.68900568632586923,-0.15216144540808241,0.7027848354365509,0.669893192438892,0.23945059157256257,-0.063050902757052482,-0.27661213808263679,0.95891100146305197,-12.074926165442417,14.559607811433594,-4.1179779026401144,,0.4774910524075406,0.8611111111111112,0,2
0.94147237788856064,0.32835063365085848,-0.076260232454007246,-0.31281623381809343,0.93532049852604537,0.16529237398275168,0.12560161437148534,-0.13176276567403167,0.98329182242567592,4.1042881011969703,-7.184013697502885,-1.6103237613646821,,0.1267547602112745,0.3181818181818182,0,5
-0.42415729800327789,-0.89330225538406249,-0.14866629435183068,0.90133473899010519,-0.43233043484900674,0.026193193637031847,-0.087671402636189416,-0.12288806137707339,0.98854046428600362,-11.192281192971693,5.6073448351030244,-3.9531314074328132,,0.07861978176839886,0.3333333333333333,0,5
0.65388965220857187,-0.69055577879833585,-0.30912948598083817,0.75485662667415054,0.62309272014993744,0.20480950969687503,0.051183941824321566,-0.36727126005770716,0.92870448778658832,-26.721660568843213,1.6047375649233251,-6.8901745728435841,,0.193251714067447,0.1578947368421053,0,2
-0.42129277039511437,-0.8615556818616158,-0.28325643622833685,0.90141544504841775,-0.43215985838944732,-0.026230749607623578,-0.09981281000440001,-0.26638255169733099,0.958685422393731,-19.925550518207441,1.6294115440271191,-5.6797726089956786,0.5757412707378041,0.5124152280468194,0.2051282051282051,1,4
-0.60216146393876713,-0.74539875598135552,-0.28597598837764188,0.79112521554831405,-0.60526101427838552,-0.088204296484548361,-0.10734274391292227,-0.27935604374372869,0.95416860991813046,-9.1660877732998038,-0.11680729795058209,-3.6765255184725558,,0.1485954173182952,0.2325581395348837,0,4
0.87098619476606476,-0.4541488886896049,-0.18743488316993434,0.48417588336012313,0.858191083838588,0.17053380190564446,0.083407208917303396,-0.23928403733209164,0.96736052585304455,17.958137718678657,4.4879752698549664,0.0067009727560463197,,0.4398922011983432,0.1176470588235294,1,2
-0.32709594696822469,0.93407817012585947,0.14319990772094332,-0.94497844162278033,-0.32409959065514932,-0.044443224515624276,0.0048975856441658555,-0.14985802424792263,0.98869539607675283,-11.495489397282226,-14.000030167816274,-4.1299919979740451,,0.3976379057685528,0.2,0,1
0.42474764105825896,-0.8777496998651545,-0.2216865034278758,0.90515112273149068,0.40712994599558378,0.12225650122409336,-0.017055393087470956,-0.25258794797112977,0.96742361047597325,-0.41085040588032695,16.041159707716396,-2.6261164536053219,0.5520705719464587,0.1761717171529684,0.35,1,4
-0.59966165412239603,-0.77737185736276382,-0.18999709459767852,0.7932875487593033,-0.60870320548599965,-0.013239056406159258,-0.10536017064644713,-0.15866128390831896,0.98169538627311281,-12.584439108122478,0.27950616903636188,-4.2088652674851179,,0.08389037466780602,0.1739130434782609,0,4
-0.98313320049929143,-0.17382028358977825,-0.056882502483538523,0.18180836945679216,-0.96263331257481954,-0.20070581037103311,-0.019870250916464868,-0.2076622607360317,0.97799875183689156,-18.101788843474875,2.1723941934285671,-5.2529590546789979,,0.2581412174311578,0.2894736842105263,0,2
-0.30027625480160841,-0.93082917886218608,-0.20830557021133203,0.95064494937896982,-0.30993690789412898,0.014604565905313295,-0.07815594041770503,-0.19363923389585835,0.97795475154715084,-7.4102553295682343,11.676247579151905,-3.4689095414013256,,0.1482435582345598,0.4814814814814815,0,1
0.074727009348790396,-0.9330436452124532,-0.35191679443079077,0.99653189702324829,0.056917063568087699,0.060701120994859845,-0.036606724642231241,-0.35523232398452126,0.93406099571041068,-9.8539745445326883,-8.5855312874224889,-3.8193834651609886,,0.6167288257232795,0.7246376811594203,0,1
-0.063888156884889788,-0.96121472820718246,-0.26829936579769337,0.99656263136003775,-0.075657348258176826,0.033747406289950509,-0.052737322520296163,-0.26522106238406812,0.96274428737918638,-19.48935151040704,12.467525769439424,-5.1618350878882575,,0.3799480885728089,0.5333333333333333,0,1
-0.93111122509477895,-0.30589350942136062,-0.19864804906261765,0.34072770113212497,-0.92382736863641479,-0.17449248304593393,-0.1301403864437074,-0.23015680275021674,0.96441242524351622,0.97448416662226633,-16.694482631325403,-2.0622430949946082,,0.6757529452245807,0.4117647058823529,0,4
0.81486718609425268,0.57307186753377315,-0.087063790798410964,-0.5667367462109798,0.81920349643705881,0.087835595970485819,0.12165907085387102,-0.022232095417496576,0.9923229335313789,-5.5945361030771279,-13.248936978631221,-3.063770300513204,0.1273335823074686,0.1663303736875542,0.6410256410256411,1,4
0.50518768645382317,0.86144969515115066,0.051863514915824666,-0.8586697094832102,0.49571953885274911,0.13018628505199106,0.08643917787354316,-0.11030213743898254,0.99013216643281454,-12.875943603792576,5.3561823916514912,-4.2559660508056814,0.5692711539054968,0.2968869178338193,0.1730769230769231,1,3
-0.97677570679300996,0.18320265710027378,-0.11111257827273287,-0.18130321476551001,-0.98305512250228122,-0.027051255751167801,-0.11418565117695874,-0.0062779418142546346,0.99343959278451843,9.6318346892275919,11.934272625219373,-1.2197069594373948,,0.09134902101641494,0.25,0,7
-0.25185160805725304,0.96381092467888818,0.087402911785608314,-0.96758782461885218,-0.2525085317054408,-0.0036391022684484427,0.018562574399409778,-0.085486507038183737,0.99616639571212073,-24.549623919175435,10.173559184036083,-6.1552267084396401,,0.2874598052652771,0.1904761904761905,0,5
-0.31041335665754105,0.95023712931854831,-0.026323868884416068,-0.95057521251227817,-0.31007904694789196,0.016054594393056065,0.0070931915127702373,0.030006377794272999,0.999524538931302,-2.524687406045766,-14.985396480791962,-2.6007228061889931,,0.1528340214924451,0.2222222222222222,0,1
-0.85110048332857346,-0.49572315633236685,-0.17287718054660892,0.51057256786184868,-0.85821842115326363,-0.052695299032816521,-0.12224410098171262,-0.13311534047237233,0.98353275792222483,-10.38373408075541,12.649889506413954,-3.893673873234214,,0.08145057193905691,0.25,0,1
-0.88041934713831749,-0.41086319266673432,-0.23675559147829611,0.4547770456801648,-0.87300918862698584,-0.17616127637842161,-0.13431162238228406,-0.26276680438090189,0.95546532883642021,14.391250996941421,4.9723552112692859,-0.44511762388800263,,0.4116756422098929,0.2553191489361702,0,4
-0.60459891812190714,-0.78026040585752976,-0.16016818428408941,0.79026244563967907,-0.61276517542096554,0.0020265248348244115,-0.099726702629798047,-0.12534966630332933,0.98708765869107662,-14.813989160354947,0.15033726969888003,-4.6630604583654733,,0.08423162721003977,0.1973684210526316,0,5
-0.85648245202873574,-0.45567555384807934,-0.24248216221423746,0.50145932249802372,-0.84591246485982852,-0.1815782191635148,-0.12237792793910379,-0.2771134991659856,0.95301193661638661,-3.7343257705002988,2.9498687513587658,-2.8796572868139854,,0.09836381175372368,0.4626168224299065,0,3
0.57478751170403874,-0.80018545977802702,-0.17123827360992325,0.81822905537166279,0.5648186097884661,0.1071501329080865,0.010978585276599907,-0.20170068913231792,0.97938567616076166,-19.94706648883901,5.6035658038000635,-5.4201212287746738,,0.09710900720404757,0.3125,0,2
0.82368546419662214,-0.51424277797763152,-0.23894899323713972,0.56414217000273092,0.78575450810250358,0.25364042465900682,0.057322492058563435,-0.3437211344890504,0.93732060342753332,-5.9196181372822609,11.148028196877723,-3.2182722852019299,,0.3032742070481346,0.3076923076923077,0,3
0.88541720975064531,-0.44100441525107431,-0.1468041906978157,0.45743523400376124,0.88277906940801043,0.10702392866575361,0.082397641770300428,-0.16191423762037171,0.98335873834857845,-6.5432962416784664,-14.735499640239793,-3.2533911470056038,,0.08069506462847564,0.2352941176470588,0,2
-0.16185138211518613,-0.97673445730397734,-0.14069090241557403,0.98454713261926741,-0.16949033982165418,0.044045071895937031,-0.066866088255423561,-0.13138806879715045,0.98907335502437466,-2.2245271374513811,-3.814066000616342,-2.5512103534453425,0.2266397595323764,0.1779068558545517,0.6792929292929293,1,5
-0.62886910490383696,-0.76238117196094757,-0.15263878123497793,0.77319284380747555,-0.63386889862918738,-0.019571551689380549,-0.08183199363547268,-0.13032715753085958,0.98808823332107887,-3.0186512718272471,21.349635893473334,-3.0662085701997022,,0.3617337489700855,0.6,0,5
-0.72326379715862166,-0.62238117062585796,-0.29921757663960735,0.68090431059641898,-0.71496682869920014,-0.15871910304378756,-0.1151468607080012,-0.31853431888918338,0.94089164528063318,-11.593449186033714,1.2286457729172209,-4.0587062097019997,,0.08649212187872538,0.2777777777777778,0,5
-0.011629984865891129,-0.96074247485437869,-0.27719783632399481,0.99769789968862754,-0.029671440517245427,0.060979558661366007,-0.066810511215845053,-0.27585050775432085,0.95887582770803137,1.0129981100731444,-14.539971845794101,-2.0606870806513462,,0.370404619911496,0.2,0,3
0.35950967154687546,-0.91242174440115387,-0.19554885938868249,0.93313887184780386,0.35104227851234654,0.077596163200699633,-0.0021545094261254008,-0.21037081318666107,0.97761929146693782,2.4596032651760091,-12.720707052806416,-1.8465731578088147,,0.09215570464599671,0.6153846153846154,0,5
0.64534032651123974,-0.7390660801197817,-0.1931765829357914,0.76305549645964266,0.635532189482367,0.11766539616420137,0.03580743360108804,-0.22333867857612752,0.97408298535123505,4.9037054863405833,-7.7371188807114208,-1.4847009778377536,0.5879307518129757,0.1958239391449809,0.6111111111111112,1,5
0.016871966902947459,-0.97307297218741717,-0.2298789410345643,0.99893988296651659,0.0065562995226226576,0.045564516407098833,-0.042830444215172049,-0.2304040054663036,0.97215201862333012,11.007516799092036,15.337837857791286,-1.1571816174272012,,0.1813688727246585,0.3076923076923077,0,7
0.99013374391819897,0.081499064235339258,-0.11398715578210605,-0.069258326620830188,0.99178865187538934,0.10751071669782367,0.12181319037038822,-0.098555428769608419,0.98764789986706591,0.40077469628339479,-12.399380381943317,-2.1667847225339281,0.8955292222082899,0.4948359689805114,0.8117647058823529,1,5
0.74259368770921153,-0.65353695362407382,-0.14643792275978634,0.66779230386159405,0.73918836150113232,0.087487171199542454,0.051069108839498979,-0.16275753890077904,0.98534355919816252,5.5798394617881613,12.501662499044897,-1.7666182839860962,,0.124590817044986,0.6739130434782609,0,5
-0.13074446985964999,-0.97529676181513525,-0.178050863502626,0.98958225156288038,-0.13929912186647544,0.03636924578499616,-0.060273136577248969,-0.17144089663828899,0.98334895533935485,-3.4195911270711177,10.440448812725847,-2.8977341940472381,,0.07522311020411111,0.2045454545454546,0,5
0.80969227386479325,-0.52468558807807586,-0.26287536078306117,0.58249525002262414,0.77303647386427177,0.25122478734506692,0.071398216677599755,-0.35653841832074301,0.93154852311439029,10.884597807487776,5.0925121614445281,-0.87187690154960384,,0.5882704416531033,0.3777777777777778,0,4
-0.022591980114831843,-0.96587448761949812,-0.25802340320261824,0.99853939102999212,-0.03447010831630809,0.041604040598391179,-0.049078376052408612,-0.25670661424753327,0.96524247068061853,-8.3661728148377286,-0.23357284581734739,-3.566482891452631,,0.08040351298894906,0.2740963855421687,0,5
-0.53113057530039309,0.82911085587525668,0.17457233644215533,-0.84696957294494224,-0.51387261018411701,-0.13629924067295787,-0.023299237896033508,-0.22025015135604797,0.97516512260288635,-8.959085263679663,-4.2404203938165832,-3.6240831956375152,,0.4014587936904833,0.2829268292682927,0,1
0.30587524834247293,-0.93867370529030203,-0.15916031995445795,0.95191733414395918,0.29851271179909028,0.068873433561937897,-0.017138302357233581,-0.17257414606750379,0.98484742102590883,7.4425181035095669,-12.396213047867853,-1.1451875555676247,,0.1683790572506612,0.6052631578947368,1,5
-0.97161566817370515,0.22324885910618389,-0.078249218955533162,-0.21715224353201648,-0.9729048365654035,-0.079379355733443333,-0.093850394183378635,-0.060134232309325839,0.9937685734697953,-11.16293475436348,4.5659405742185895,-3.9922636018994413,0.2502234210179639,0.1489866280520884,0.1525423728813559,1,8
0.95600570478713176,-0.25707427093898988,-0.1413007842711673,0.27023303853752145,0.95919029869226824,0.083235063389271349,0.1141367482331551,-0.11775733571979424,0.98646135889194231,-24.018305446000408,1.6029626977284983,-6.4235477971050132,,0.2465555727995439,0.4210526315789473,0,3
-0.96159118409671995,0.272505252361193,-0.032913251176838923,-0.26530939813453525,-0.9534836901752618,-0.14310756734448107,-0.070379811941761919,-0.12887878027560279,0.98915971514498824,2.7301684210788433,-8.3225891044383822,-1.8522263444631761,,0.4180981733567308,0.489010989010989,0,3
0.48329229895401965,0.8724188395374215,0.072896654188770699,-0.87195785282660765,0.47224837840656847,0.12911611822843105,0.078218007298512929,-0.12596363567532179,0.98894646256594931,-4.8287535130338339,-13.77273793019603,-2.9429322560893549,,0.3931069237370879,0.2564102564102564,0,2
-0.86884261726824241,0.48511019242560754,-0.098896954570198758,-0.4887643500983746,-0.87228294390850381,0.015227469889222257,-0.078879125827962776,0.061567580520136875,0.99498116391091163,-3.4767744701864887,-14.193941686250582,-2.7339236446423634,,0.7523107997659095,0.6229508196721312,0,1
-0.98986165224276124,0.11316045356705576,-0.08584067315514872,-0.08841515734165982,-0.96390643699082357,-0.25113171978048709,-0.11116055672530789,-0.24099604244915257,0.9641391176341545,-0.68246403683672863,-14.325758807173747,-2.3348939303337595,,0.1853906892210434,0.3076923076923077,0,1
-0.43639257800962455,-0.88111317458191341,-0.18221166657570742,0.89509492367726007,-0.44572376054763113,0.011636446643130733,-0.091469095684357335,-0.15801867883722187,0.98319047069895116,-8.5442675625149871,-9.387787515198422,-3.5811624442469645,,0.5198284909204421,0.4588235294117647,0,1
-0.57443171660773817,-0.79678314238584869,-0.18752287051135813,0.8178187806320194,-0.56835121978490244,-0.090273656260121501,-0.034650324683097075,-0.20521577663217344,0.97810318475128688,-5.6018008859948294,14.589223149404862,-3.2583801353864246,,0.3532891903452504,0.2941176470588235,0,2
0.90371683977816419,-0.38800214980035347,-0.1809701777964319,0.41456094490929041,0.89863118271998765,0.14353125234314901,0.10693501043757518,-0.20473477768464396,0.97295867042189155,-16.874465929846053,0.4146482810844242,-5.0528771693086902,,0.1465058918729427,0.3035714285714285,0,5
-0.86695188739302287,-0.47688072637369289,-0.14484197512798433,0.48604302947860423,-0.87327198405312889,-0.034032563276570657,-0.110256965498499,-0.099904027352315475,0.98886934772893631,-20.964505634809409,-0.7990580184379662,-5.9000346147838911,,0.2063028424747902,0.25,0,2
-0.71437623468990918,-0.65951611645693697,-0.23389118718717866,0.68435783835113051,-0.72821433118658674,-0.036854266263757901,-0.14601693188680454,-0.18639307923855988,0.9715640357765063,8.0228502370912604,4.4068537220059367,-1.1978009494492949,0.7516057247308447,0.6567195491142452,0.4014084507042254,1,5
0.99052155123570718,-0.039784598486334748,-0.13146954879701675,0.054200679545320048,0.99267643543498896,0.10796194176148917,0.12621150056328292,-0.11406436891232413,0.98542375497559387,17.149006256376367,-3.7735203827630492,0.077331516662150157,,0.362746050734113,0.3684210526315789,1,5
-0.50424448326490201,-0.84176547216373743,-0.19279105521230011,0.85783899625794102,-0.51391849267459855,0.00019845966038132607,-0.099245944985576887,-0.16528361310193088,0.98123981250451264,-19.622136138808202,3.6021191473976,-5.4885428035998309,,0.08118669929062247,0.28,0,2
0.56365665822873312,-0.76461136923948136,-0.31250700098420453,0.82580915006124189,0.52995906569416651,0.19282799683576601,0.018177439576173616,-0.36675992518034239,0.93013802092601461,-6.5359478651089891,4.072062902238974,-3.2664973016209982,0.5629933384128891,0.447275509972181,0.2529069767441861,1,3
0.40046092293102564,0.9108646091380187,-0.099783330396791478,-0.9120881103854549,0.4066897600369262,0.051949186467137344,0.087899534121183551,0.070207570111431306,0.99365213681666631,-7.4773282109197501,13.299967785879835,-3.5297057914750645,,0.1070349333776318,0.5483870967741935,1,5
0.9916807586172921,-0.041801501271484146,-0.12174525649766561,0.060095944505764387,0.98674950905873227,0.15071125978609201,0.11383211516172563,-0.1567738526151633,0.98105260240927294,-6.2456640155369492,-10.83494627853146,-3.2052596334003769,0.21800798917749,0.165797013060507,0.841726618705036,1,4
0.9275021419123316,-0.32455712625366212,-0.18547897063010466,0.36170645386087547,0.90446467632099048,0.22607983218977726,0.094383356495883697,-0.2767784693315794,0.95628733178425041,-6.6000662285150291,-11.762476314539217,-3.2509720071152408,,0.1906138321211285,0.1176470588235294,0,2
-0.64859656356625661,-0.7265213612210305,-0.22691233862349672,0.75333362780659829,-0.65532709456814775,-0.055089421313173709,-0.1086781622304739,-0.20667150460189609,0.97235587427638637,-17.659102181184636,-1.1399447599175612,-5.2398649824087045,,0.08959279767635983,0.4210526315789473,0,5
-0.90732110951551892,-0.39750934773510671,-0.13694788311886777,0.40178592750549591,-0.9157251478652364,-0.0039398002157922003,-0.12384051310487001,-0.058598396141890545,0.99057041914420296,-8.7742532523634207,-10.928873077339725,-3.5899963771432133,,0.07776415356786537,0.25,0,1
0.4476783253201313,-0.83586887674989507,-0.31765915368431202,0.89418803868298768,0.41984308357891592,0.15543338331008857,0.0034450710930507573,-0.35363117234177499,0.93537860005098872,-22.9418139670397,-0.61774278581108855,-6.2856519945645095,,0.1478724980689587,0.2307692307692308,0,3
0.40715011802241791,0.91272134455983223,-0.034183747296384577,-0.90955697955143644,0.40858257030970113,0.075936711730137094,0.083275940964957246,0.00017442479748946889,0.99652651105346457,-13.110891375198877,19.629577896662823,-4.3265032924083826,,0.1902484851913133,0.4615384615384616,0,5
-0.20345764789780835,0.97772110288334035,0.051637491113289961,-0.9788622623575165,-0.20425027944663007,0.0105116448901653,0.020824429024942786,-0.04840731682873118,0.99861057216175464,1.5072099272826802,3.163653053806629,-2.0360455172684082,,0.1748705399307205,0.4166666666666667,0,1
0.80660555801016742,0.58611056633250536,0.07656290107157919,-0.57874661224704393,0.7567759155596484,0.30387920699091214,0.12016585454976901,-0.28942117694157382,0.94962916432577948,8.9230006370523753,-6.1222129430612364,-0.93768806838158136,,0.6763964238978366,0.4324324324324325,0,1
-0.84261355240193814,-0.5278831384841316,-0.1064978563762167,0.53114799506865329,-0.8472746705587253,-0.0027276297683428777,-0.088793066413633825,-0.058864460702077542,0.99430919065606427,2.7528653449725624,13.201719512400123,-2.1347077009020432,,0.6716038017224835,0.8615384615384616,0,2
0.71929799043311016,-0.66220684435295374,-0.20998213317087963,0.69282221164362823,0.70601654741427167,0.1467583654530947,0.051066466610896831,-0.25104328325875452,0.96662789423776918,-15.565630632934422,7.3929076714289916,-4.6412459193471651,0.5803264080125609,0.2650019169023758,0.53125,1,4
0.13016608774896538,0.98937444572926636,-0.064768786757484695,-0.98969172402569516,0.13358718468284561,0.05162126968178346,0.059725044957511408,0.057381793509955578,0.99656422210432827,1.8024940571121386,9.4895390073364823,-2.1663489566912739,0.2087162382224461,0.1111619045329986,0.3442622950819672,1,5
0.86559037052958621,-0.46663331952568976,-0.18167733913421685,0.49558625214456226,0.85027239189487025,0.17728825755442087,0.071746617563201109,-0.24349580014819908,0.96724465270087068,-15.986496586814242,1.3967233097408276,-4.8403479907968165,,0.1530519916377073,0.1851851851851852,0,3
-0.18925235152534337,0.97872962252247109,0.07919516045282686,-0.9816682563189395,-0.19044252604753531,0.0076862740236506204,0.022604910481148061,-0.07628872963718121,0.99682949783425068,-28.971971974415258,3.9271732943125213,-7.2443285942396667,,0.2240008908617847,0.2727272727272727,0,1
-0.55061200847864911,-0.81074593280929741,-0.19878996089413256,0.83209832378529702,-0.55207191689519186,-0.053188138991391423,-0.066624287409377786,-0.19469882128264399,0.97859775869268262,-20.977053183037373,-3.5490424181492362,-5.9861013699028405,0.3192899208875102,0.3198667721866123,0.7439024390243902,1,5
0.024573130421393221,-0.9842147726771,-0.17526392242973568,0.99879229731061847,0.016709451634562392,0.046203258099928264,-0.042545365132638929,-0.17618761440644859,0.98343673738349535,-27.01154527257988,7.9039293527097989,-6.7407376748280008,,0.2216147651141222,0.2666666666666667,0,1
-0.90090131984955824,-0.41535382122653181,-0.12592861106930042,0.42689628271680885,-0.90035571059033326,-0.08437510420703237,-0.078335022154175926,-0.12977209869573456,0.98844465029874584,-15.34953042638173,-1.3544379381644207,-4.8229230170567305,0.3117591880573122,0.2455493189729867,0.1690140845070423,1,4
-0.94052553385492288,-0.26442338661985837,-0.21328852002720888,0.31635455774647131,-0.91053059198380271,-0.2661838365766413,-0.12382049087266118,-0.3178274904254042,0.94002881464875465,-27.736765393851151,1.4650259046247722,-7.0678915043722306,,0.1862911477480228,0.3333333333333333,0,1
0.93723910317809089,-0.32086650162204028,-0.13648278869791933,0.3361903677753571,0.9354005910844323,0.10955259382581595,0.092514323696375522,-0.14856117371550126,0.98456623828733569,-14.013978049492557,6.9650213046942353,-4.3527291377782484,0.3661319656957065,0.2567748543808016,0.5106382978723404,1,5
0.12279482824109564,-0.9660058058967147,-0.22749552332096298,0.99239478456485408,0.12150782438904015,0.019708885831494896,0.0086035879559968071,-0.22818552010607757,0.97357965605706975,-2.2246507321100863,18.662993791984711,-2.9078568969031067,,0.574223691904528,0.1333333333333333,0,5
-0.019980603201873368,-0.95626802410045408,-0.29180857009125594,0.99871925608700152,-0.032659371952576337,0.038642113615720834,-0.046482502263930359,-0.29066274530231323,0.95569584360119875,-28.689570590698857,1.7223123456241427,-7.2100071744271261,0.4223671369542431,0.1907666099163795,0.4117647058823529,1,3
0.82855362176530689,0.55724512175736773,-0.054559784981335756,-0.55078946235636927,0.82869477434776129,0.099478334957391987,0.10064722557912249,-0.052372180079980388,0.99354279763727116,-13.128962599971219,9.4651094765001389,-4.2391337279754815,,0.1775158206083286,0.6292134831460674,0,5
-0.98571981990915392,-0.090125111031787095,-0.14224591733955502,0.11291107484536228,-0.98043350795423567,-0.16124895552472451,-0.12493008370896273,-0.17500743081954456,0.9766088640507069,-11.004057838903737,-0.90559010620798774,-3.9709910409033884,,0.2580218598487065,0.3099415204678362,0,5
0.99301031271532247,0.016480938972960695,-0.11687128600125739,0.029856171053512657,0.92292305172008715,0.38382502478825636,0.11418900074456187,-0.38463153699905023,0.91598005046764408,-8.4921803608550359,-13.004939854243537,-3.5818985158675218,,0.3919416840603552,0.32,0,1
0.041471090916012518,0.99644995526911539,0.073264147182739728,-0.99908107224649711,0.042151400754367845,-0.0077634073211817261,-0.010824033306754107,-0.072874865753722012,0.99728235432316348,-24.256976925683723,-2.6520993793704899,-6.6620556125356236,,0.4488464380198732,0.1666666666666667,0,2
-0.90311221744242109,0.41794421111280045,-0.09854419873099253,-0.42010574109184162,-0.90747421550846186,0.0013093849614149104,-0.088879069571575833,0.04258150519417446,0.99513181358425595,10.620783097456469,9.8681007834491439,-1.0507269832095032,,0.1033008825809636,0.3448275862068966,1,5
-0.92408701289054629,0.38070942157944249,-0.033519083037484909,-0.37127628333499257,-0.91506043965324724,-0.15753829126457056,-0.090648298605002939,-0.13313424841960342,0.98694384736810947,-23.743749725760889,-5.4122913906862538,-6.5620255716683147,,0.4696372108660324,0.7,0,1
0.9858446205675182,-0.11492310640683014,-0.12207810496518423,0.12506904865054227,0.98900083191617494,0.078962570492369002,0.11166072347846594,-0.093113017795142028,0.98937447346762875,-0.1791491164431675,-3.1077581467712423,-2.2353115966927133,0.3655296220833034,0.1650407869158915,0.6551724137931034,1,5
0.70848360795027987,-0.69301340135793776,-0.13335442551357721,0.7040380538445844,0.70712102764449636,0.065652654186421203,0.048799549224193925,-0.14040041951964921,0.98889146330334055,0.55745081314369904,13.441622007053919,-2.4066956484048951,,0.08475613212418037,0.3888888888888889,0,2
0.84377594362781183,0.53538005767425034,-0.037554637526034704,-0.52257939686237376,0.8355120902477311,0.1697949381601965,0.12228217748287491,-0.12364360434160553,0.98476358999277747,9.6508079397883204,-2.3667801785668718,-0.87943294335192734,,0.2776325319519008,0.1891891891891892,0,3
0.9915342031608626,0.06805428740414883,-0.11058271984386654,-0.060932407362578905,0.99592036361323,0.06655727663818746,0.11466109058941616,-0.059255744923213866,0.99163581570980019,1.3923679246157392,10.999278235751886,-2.2412721890879461,,0.09807820130529846,0.5454545454545454,0,5
-0.47001671690311531,-0.84226733720978142,-0.26395078802906424,0.8784059637658308,-0.47566417361671759,-0.046330948168043035,-0.08652888911942419,-0.25363226649437226,0.96342276532199966,-6.7366024137287432,11.921274933850405,-3.372556611259244,,0.360641893030868,0.25,0,3
0.64614556181871063,0.76280258199417761,-0.025062598528479564,-0.75540579045746392,0.64387528091660295,0.12160063473477555,0.10889446581584239,-0.059639278395889214,0.99226264254334429,2.2107696944698554,3.5842589371657514,-1.9434812157063048,,0.07340549120175584,0.3561643835616438,0,5
-0.9566275310133634,-0.25291617606980937,-0.14455855142294932,0.27335129235507982,-0.95087861079238856,-0.14528915480979557,-0.10071165709630607,-0.17850287230115464,0.97877162132192697,-16.201252921710655,4.3728645334161929,-4.8130511758076224,,0.1968909671529849,0.1739130434782609,0,3
0.65490714405917383,-0.72411041703416645,-0.21624230992769158,0.75434180752131974,0.64359426293718835,0.12944057377734042,0.045443042214695931,-0.24789217143133882,0.96772124150363203,9.1799565313194353,-4.251461938889002,-0.90877781194666851,0.6032750271149872,0.2818231435962331,0.5833333333333334,1,4
-0.082884790017421189,-0.98500669967362198,-0.1513007375456171,0.9950927041929335,-0.090036685525295826,0.041035415455607821,-0.054042776073804207,-0.14715704827733769,0.98763565220000971,-17.827937404671673,2.0671299629225848,-5.2242813916348219,,0.07937035976884095,0.5,0,3
-0.78940140218143451,-0.58314251798374739,-0.19180779429825243,0.60257707022213025,-0.79575028781690071,-0.06068240174741036,-0.11724461896607292,-0.16348175176115284,0.97955470299754355,-13.361949205702329,2.7017505750005797,-4.3555464207140844,0.1278839451425443,0.1745539686603396,0.2857142857142857,1,5
0.33728461927484477,-0.92896855528634503,-0.15250084881673645,0.94139493439984057,0.33216804558972285,0.058651231661619257,-0.0038292410402300447,-0.16334568490874146,0.98656146495530184,-7.8778586088549929,-6.1320491925107534,-3.4746796890609559,0.2125023652042768,0.1097792443914201,0.4319066147859922,1,2
-0.36168455570498792,-0.85850951927004304,-0.36351848300630563,0.92829898107049869,-0.36771529419115828,-0.05519478382405793,-0.086286058595581264,-0.35741693823968407,0.92995045478316218,-3.9423558716020151,-15.688086261286717,-2.8713271153159421,,0.2353989155741308,0.3333333333333333,0,2
-0.33508749951357397,-0.92516596668179074,-0.17828152389827207,0.93864150063753871,-0.3441959007706541,0.021938896362149178,-0.081660889969749906,-0.15999098720374116,0.98373491503703503,-9.4549635964088345,-10.31551652903163,-3.7185778501850515,,0.07610113929790839,0.358974358974359,0,1
-0.68627202223356254,-0.71049597526137298,-0.15564761686851092,0.71812146367755769,-0.69584483890723559,0.010075890618942224,-0.11546547061809641,-0.10485909261267311,0.98776125444936747,7.9042819470364218,12.781796245842354,-1.4493317416455851,,0.08915949279704855,0.25,0,5
0.86122483093211843,-0.46959261479422604,-0.19435680259941077,0.50251024490929619,0.84399804474547135,0.18748534403259665,0.075995028437022105,-0.2591333181907407,0.96284717326080016,-4.3027634436147943,12.535908996571786,-3.0640776680194954,,0.1749392659022057,0.1666666666666667,0,3
