axis_00,axis_01,axis_02,axis_10,axis_11,axis_12,axis_20,axis_21,axis_22,location_x,location_y,location_z,dbh,dbh_approximation,score,reconstructed,number_clusters
0.24163846420888288,-0.9700506528093541,-0.02475042623710811,0.97026541198025018,0.24116684013566267,0.020581193691697721,-0.013995818288612981,-0.028987690544881879,0.99948178115826913,-6.3461414962202012,-15.945471491837836,-0.75737079164712562,0.411937018918653,0.385901470448016,0.9533898305084746,1,5
0.90624347009050588,-0.42273313596499029,-0.0044123322090405086,0.42170327695176935,0.90320105516168414,0.079963742802343404,-0.029818100651403282,-0.074327314710172634,0.99678800713166549,7.9785856906814452,11.895670508632644,-1.1707407121532083,0.3347800429924095,0.2732844353188807,0.5,1,5
-0.97784196962784553,-0.20223938002660835,-0.054076941488857166,0.20896778496696714,-0.95844304428551252,-0.19421481845296698,-0.012551783950321452,-0.20121173928767846,0.97946734947750658,8.590366532090643,3.7785437822363428,-0.89878207879849348,,0.5985911035092855,0.2916666666666667,0,2
-0.27290125908220092,0.95513640150760648,0.11506240613880248,-0.96196103312198278,-0.27247166875335999,-0.019752480392294786,0.012484932768670354,-0.11607602785183727,0.99316186103368964,17.851996829048034,4.7641094686807808,-0.43649293250858695,,0.3133340741542083,0.1515151515151515,0,2
-0.98144053654323937,0.19116042465713576,0.015236970651076107,-0.191580140420571,-0.97388166627227446,-0.12186693520053866,-0.0084571287179868813,-0.1225242512470141,0.99242948607455506,15.974404772169432,8.8144440896161065,-0.60336061160907262,,0.1385343191362257,0.1818181818181818,0,5
0.97811532290195125,0.20806170025126056,-0.00086255026873311976,-0.20761860530089468,0.9762864769518298,0.061312557065379733,0.013598891032830664,-0.059791670068151927,0.99811824267124694,-8.3981546589741658,12.673668329268848,-2.0400276193282907,0.2723606069470847,0.1218670470362719,0.3846153846153846,1,5
-0.9404955946252237,-0.33229273250738689,-0.071060371609789799,0.33979363984884825,-0.91789300447881295,-0.20497003353448862,0.0028842345290150079,-0.21691927588767301,0.97618528412363881,20.632681915900712,-26.368943280427491,0.20489276422897698,,0.341223290413298,0.4545454545454545,0,5
-0.96622503643963742,-0.25487031502420182,-0.038082823906395509,0.25694589796415201,-0.96411613221619907,-0.066774913851475631,-0.019697321559465117,-0.074304818955035143,0.99704102694093888,8.425644306576606,10.912213648914781,-1.1085014385439018,0.5207402495071757,0.3809744355478693,0.2857142857142857,1,5
0.36609736153881689,-0.90914364659663882,-0.19857127618888715,0.93047404615009521,0.3544589097760954,0.092611720216248972,-0.013811998964227355,-0.21867032522340166,0.97570103902338046,-11.959367334569187,-28.542369951160712,-0.72551677875726817,,0.292422678274733,0.2105263157894737,0,3
-0.10743442418797375,-0.99061149563947293,-0.084538211516009015,0.99411816892927107,-0.10820447669709021,0.0045669932584144427,-0.013671528960291007,-0.083550319745862175,0.9964097718139121,1.5622940200838191,11.431101318631802,-1.470711786080636,,0.09331822190524663,0.5882352941176471,0,4
0.84080541685849453,0.53200464039696627,0.1000865304499511,-0.54089682342977252,0.81817871625624738,0.1949723433435146,0.021837522409737548,-0.21807028880930687,0.9756887166271988,-11.596105322837188,7.3171108504236653,-1.9281167856914447,0.3776753127787118,0.1686557864860863,0.1846153846153846,1,3
-0.38192361385111434,-0.92164809001368386,-0.068550356359643211,0.9240119723234741,-0.37932495048791803,-0.048108803146848643,0.018336526001086536,-0.081715237939247204,0.99648702535594724,-13.329923209979635,13.388434317665391,-2.4918875940220615,,0.1489299532028217,0.25,0,5
-0.99960476399250853,0.026858970996408733,-0.0083012939048777885,-0.026317489424837422,-0.99787499378592015,-0.059606094714577215,-0.0098846119728930315,-0.059364067025125977,0.99818745834256062,17.066945727773369,5.1859540198984009,-0.48794094426624962,,0.1033164226240793,0.2083333333333333,0,5
0.95249098163747559,0.30143039533422422,0.043596406594252436,-0.30435489277455796,0.93668785141223965,0.17315879492797748,0.011359099588673375,-0.1782009702144613,0.98392854673048247,-18.29848132342175,10.275712447907836,-2.5133056477545477,,0.0883163103625977,0.2608695652173913,0,1
-0.6738911994425818,0.73158730694642349,0.10320205244431303,-0.73876606188827343,-0.66538008649279734,-0.10721029008882585,-0.0097650968213977493,-0.14849024484361825,0.98886565825209627,-26.508227740342729,1.9510518210464121,-2.468375590473205,,0.2516814552088983,0.5416666666666666,0,3
-0.97200976267815353,0.23492843018736925,0.0023778032001192904,-0.23494045706562203,-0.97196227013510006,-0.0096086974986072451,5.3778776829354179e-05,-0.0098983899459155061,0.99995100829206718,4.6932012933016605,5.497901068948658,-1.108799288765423,,0.1547566229018461,0.7184466019417476,0,3
-0.82165408948545648,-0.567929130045708,-0.048384506583727518,0.56959061095666463,-0.82128291137934395,-0.032571696091576043,-0.021238953407334817,-0.054322027960983024,0.99829756292218153,1.8390303017375171,10.004674254555344,-1.4009896871079606,0.4350365528601435,0.6556989317426851,0.7432432432432432,1,5
0.89654331200323234,-0.4422484646599853,-0.025027688829754691,0.44294988522662904,0.89479973420113412,0.055935988873839312,-0.0023428358861602681,-0.061235048619755511,0.99812062394309087,-9.4822796045382152,-32.53725847475237,-0.55434231532713463,,0.2057796005255511,0.7,0,2
-0.64036084737074295,-0.76089389318364031,-0.10477818699742268,0.76790826869541029,-0.63707290235585801,-0.066745845961386344,-0.015964837106638066,-0.12320146265254527,0.99225325576509527,-10.758872158854997,-38.590505171020901,-0.4448120791978869,,0.1119676101886621,0.2307692307692308,0,1
-0.68669981270303038,0.71896559301798801,0.10738642041671399,-0.72691794797564491,-0.68032322664042355,-0.093544664222177457,0.0058020810490975357,-0.14229821977050475,0.98980682585322877,-25.876159833108751,4.7676928995042678,-2.6400122525013372,,0.2589513003143948,0.1764705882352941,0,1
-0.76864739592439146,-0.63608825850130613,-0.067623281016430739,0.6394970492298111,-0.76660766719034268,-0.057932794092334192,-0.014990155603455351,-0.087774779986942372,0.99602755144284416,10.43651055185169,6.681207226232031,-0.88302447889439439,1.169809661904604,0.759319633577481,0.4817073170731707,1,1
-0.99552731935517758,-0.091182806412669085,-0.024719470710426152,0.094085485914526007,-0.98060087236236781,-0.17195886270381758,-0.0085602428541149619,-0.17351548904023689,0.98479393646864288,-22.014000878506412,4.446086481199929,-2.346376078110354,,0.1182043346690658,0.5,0,1
0.7396528465649298,0.67102310845917912,0.051397027950828948,-0.67263910120434167,0.73464863716402784,0.08858904810445381,0.021686541896132394,-0.1000967922903567,0.99474133626474448,-4.3971295117896467,9.5704917352956222,-1.6399118916201338,0.2630487919847387,0.1366385274739304,0.375,1,5
0.095568974365484283,0.99015349224971816,0.10228701249140129,-0.9951225705920631,0.097558030742115401,-0.014611643848810847,-0.024446689693564456,-0.10039169499220113,0.99464760942738839,18.897501153688129,-26.405997105037493,0.15713511575411065,,0.1887933198439477,0.391304347826087,0,2
-0.99903120916806154,-0.043835052981001738,-0.0038898892470322927,0.043895378343536337,-0.98628948113349069,-0.15907939893496009,0.0031366970333776508,-0.15909603243193457,0.98725812916184075,-0.89705937467645636,-27.351534189140118,-0.3758265667646179,,0.3174986894646016,0.4666666666666667,0,7
0.79752363727094899,0.58903638837710448,0.1303540607797597,-0.60315278034123776,0.77394033620731562,0.19293283690948576,0.012758195826636298,-0.23249191202913858,0.97251464733457094,-13.579345569704667,9.9411065674557531,-2.2162981833890849,,0.1272548909165224,0.16,0,3
-0.55479939094182296,-0.80494284298772789,-0.21039167125486688,0.83077832994893985,-0.52237930555372925,-0.19216458470918532,0.044777252012961871,-0.28140163583752908,0.95854479136351789,-5.2500926302036586,-36.393483332727605,-0.31124544143596283,,0.332727199987861,0.3333333333333333,0,3
0.99734763041404861,-0.070825790491358023,-0.016775324400928712,0.072674911056329658,0.98171499107530513,0.17593758438994295,0.0040076689529853658,-0.17669007810085988,0.98425837811535821,-15.612732880737394,10.353349846972483,-2.3770965325196887,0.9535666985053145,0.6187680821795625,0.5645161290322581,1,5
-0.47285185165852178,-0.86916274232376312,-0.14480073804833585,0.88070071232748726,-0.4713897416761792,-0.046453920699132456,-0.027881565396576519,-0.14949193556409812,0.98836975849746422,-19.678771530640606,5.3774458959071465,-2.2705628274444032,,0.3326711677922803,0.5119047619047619,0,7
0.66950855520508867,0.741733179466876,0.039877123581740039,-0.74268988933760249,0.66749768847567093,0.053465541756681563,0.013039278465232292,-0.065411974114797641,0.99777314599036515,12.6699093695022,-26.823968616708765,-0.0086765067729745477,0.2258755261473396,0.165947736165747,0.6428571428571429,1,5
-0.34495057913447158,0.93731744272802886,0.049448048622593145,-0.93855710504652368,-0.34506213395231494,-0.0065333206690662195,0.010938853755438491,-0.048663490113886335,0.9987553285006564,2.4044136099824489,-29.610309726175863,-0.21987822796646461,,0.1896069583162102,0.5357142857142857,0,3
0.72166136785199986,-0.68726869488742348,-0.082865017816437445,0.69147581025963112,0.7100288671247964,0.1331172854112683,-0.032650788287077882,-0.15336475761144075,0.98763008112704653,20.090737685311364,3.6204021446179491,-0.27963104973601144,,0.1197390990984154,0.24,0,2
-0.89937116768428482,-0.43544650246163208,-0.038959546097694121,0.43698923840684839,-0.89806256534198603,-0.050239767594746819,-0.0131113788294368,-0.0622091008237824,0.99797701352280044,7.206005126598594,3.4810384498423197,-0.97500601194554337,,0.1770273638325164,0.4747474747474748,0,5
0.60265812436777566,-0.77587892643439482,-0.18658798634565457,0.79691071669333491,0.57294298112557018,0.19149321136338032,-0.041671270112997663,-0.26409890551449849,0.9635949737069065,2.0661742186499343,22.210275386570061,-2.0171009734065057,,0.2814030882158909,0.1578947368421053,0,3
0.99717891113346135,-0.071466471956470184,-0.022951308824980723,0.074763175987954095,0.97287878996192889,0.21890026852063843,0.006684811656195784,-0.21999864415106846,0.97547727285919528,-14.675845215728636,-31.5630784276598,-0.78225543449288781,0.4744953594548965,0.310389512120449,0.1428571428571428,1,3
0.79717099906405686,0.60293081694956241,0.031509176817965751,-0.60357259489191184,0.79456818574922161,0.066041811684973112,0.014782454013347523,-0.071664692615838008,0.99731923218477014,-3.0459380628949013,13.690386999833825,-1.7723024529559996,,0.07604814282318463,0.3888888888888889,0,4
0.97131377312361855,0.23634434379031319,0.026285077490562348,-0.23638794504176899,0.94758948457898373,0.21493000757052086,0.025890028568701165,-0.21497795206406825,0.97627567138951554,-14.9069376824035,8.3886773350908168,-2.1904218615482418,,0.2069555585457214,0.25,0,2
0.99576021923630487,0.089829230160153137,0.019806443277394028,-0.09159099020429938,0.94826367408019363,0.30398535315591863,0.0085250395812758555,-0.30451061365536486,0.95247079213557573,-13.623683001068001,-0.56220373499984666,-1.6530780762031094,,0.2877670111795416,0.340625,1,1
0.9856357272220243,-0.16343606696560017,-0.04255426228155211,0.16883250226471533,0.95983069652803177,0.22409957648676621,0.0042189338162849713,-0.22806509162370486,0.97363674672853462,-15.938842209816899,8.9922929820988884,-2.2819666353440473,,0.08612267650622607,0.3529411764705883,0,4
0.66746305888646829,-0.73284141825321703,-0.13204741843190937,0.74463164179007679,0.65785040657070493,0.11294494508286913,0.0040967141629820059,-0.17371326451186991,0.98478775310505096,-4.1075640121333041,12.302511235167271,-1.7625239695883554,0.6399429536279075,0.5079943129883364,0.6885245901639344,1,4
0.46415480700131839,0.88568706776006156,0.010896473748519708,-0.88555690203729576,0.46375679022039035,0.026806953922203641,0.018689258724601383,-0.022092024059923495,0.99958123936039323,-6.6298157368485695,-11.060284856525676,-0.93375679701928571,0.3625322259578571,0.3671240590386555,0.9575892857142857,1,5
-0.98756300035807931,-0.15692945785074111,-0.009615902579688855,0.15694060724610023,-0.98760795691892544,-0.00041137288776663919,-0.0094321853764062109,-0.0019153822333844973,0.99995368152226261,-20.95053727733735,10.134601475481551,-2.6918398176795879,,0.08845724778341976,0.4444444444444444,0,1
0.6326559902604707,-0.77317439434243906,-0.044133365164525616,0.77440227283175778,0.63109555985781596,0.044939004892822335,-0.0068933170934440896,-0.06260790893291121,0.99801439464493535,-24.032879857527451,12.792927712345509,-2.9294145710841017,,0.1705279393964415,0.1818181818181818,0,1
0.41118571839683032,0.91095370276785081,0.033009943956723777,-0.91137436961007456,0.41012208490095059,0.034592396481563641,0.017973964624498868,-0.044308316262762729,0.99885620071441561,-14.618070038468643,-33.359645508487048,-0.7333462938463492,,0.178303876437061,0.5357142857142857,0,2
0.092232814030503221,-0.96775355741704272,-0.23440597288182244,0.99555093709846754,0.085067524483054338,0.040519722613670157,-0.019272769867832495,-0.23710033400437042,0.97129397813259311,-0.17686978621405558,10.458503774501592,-1.4941122741739417,,0.2863476556443221,0.3061224489795918,0,4
0.89830114563956687,0.43759941259728397,0.039519689234042948,-0.43921055206448983,0.89181455219344363,0.10844766226717405,0.012212399348581893,-0.11477612378243625,0.99331631352335659,-12.221029312793975,11.132644014755385,-2.2174319646696103,,0.09446128650691162,0.2173913043478261,0,3
-0.079636199436796687,0.9577074716407411,0.27650402257971385,-0.99672337718761517,-0.080444527398626911,-0.0084372613641977411,0.014162807171566417,-0.27626993462031252,0.96097572191908687,-11.934534636985216,-31.535653942133951,-0.67841665726795619,,0.3435171672578122,0.4166666666666667,0,1
-0.99519554018054801,-0.095909266140211488,-0.019678655268973212,0.097411703310990583,-0.99014909676102536,-0.1005769667537208,-0.0098385396680876029,-0.10201068008681051,0.99473465018839458,7.8500846159752147,6.2022398222099762,-1.0085232781127857,,0.09049844105731861,0.2666666666666667,0,5
-0.41395248545875696,0.90972414436095528,0.032331423557346195,-0.9102956193051599,-0.41377919029468829,-0.012192914044930284,0.0022858819638424495,-0.034478440304035768,0.99940282764151089,-11.437964174131427,13.090371121689801,-2.3095717364640254,,0.113639246928628,0.5,0,3
0.20190728780843237,-0.95141303087088691,-0.23247944386314254,0.97931802692821224,0.19296266510663759,0.060840874487281989,-0.013024947726439258,-0.23995552622104116,0.97069650054623502,-23.001106364628214,5.6670524661393289,-2.5090739534778641,,0.1456751375648835,0.3333333333333333,0,1
-0.42661102760202069,0.8998868419498296,0.090590853919754966,-0.90434707176587736,-0.42582249809355505,-0.028837023179366653,0.0126255660004241,-0.094227765562633695,0.99547060392572229,-22.283686669200542,6.3823389478943708,-2.5103386819991838,,0.1135203123214319,0.3666666666666666,0,2
0.61116763316767297,-0.78969337546153628,-0.053464912984015185,0.79146751593427822,0.60912274096180952,0.050484231835236947,-0.0073003691034430581,-0.073170070352130745,0.9972927581285328,-15.554878771070296,13.730945650680761,-2.6106143720857751,,0.09307759040307692,0.1818181818181818,0,1
0.79059085123523587,0.60660400163292916,0.083652203474038594,-0.61186363233068253,0.77714935677439334,0.14717938950902618,0.024269350511457056,-0.16754241990631394,0.98556609933463524,0.82879829726835186,-34.82951558297421,-0.17341554832512146,,0.2340486460038852,0.3846153846153846,0,4
0.97473015908544547,0.22338494144739382,0.00053376381229771155,-0.22247676688421036,0.97054652167893896,0.092431257990259197,0.020129708542639371,-0.090214284852552937,0.99571892501977244,4.5883239325584597,-29.393717006733471,-0.16189772942535621,0.2055867490366454,0.1697134832374789,0.3529411764705883,1,5
0.83151969205010712,0.55547173912046111,0.0051135869392139599,-0.55531379424424232,0.83097752264349845,0.03321064262155829,0.014198297607734932,-0.030454948690877032,0.99943529277551402,-23.193520177613113,13.448450119361524,-2.9323767591297671,,0.2395175523028693,0.6153846153846154,0,1
0.8984534809833693,-0.43440368437276433,-0.063834015322829271,0.43905490628258009,0.88772626237987728,0.1384661415301553,-0.0034830702063450418,-0.15243202447130941,0.98830781952664748,-5.2632510122285243,10.044115738746299,-1.7127480982650001,,0.1496613044606322,0.1481481481481481,0,5
-0.96815130244117586,0.25035388556559474,0.0024469498694316767,-0.25032814951117816,-0.96778971948140957,-0.026811871035110915,-0.004344323165201289,-0.026570488296288903,0.99963750230167558,0.10440757576130157,7.9722919297087094,-1.4120095341381831,0.2578547205710043,0.2688309382360452,0.6993006993006993,1,5
-0.80811663042298754,0.58178377439552109,0.09206058594153238,-0.58902129592362895,-0.79786702233546913,-0.12830482305034741,-0.0011935586477515752,-0.1579109069052344,0.9874526423571518,-6.9441446600089112,15.186041740224015,-2.1288912864290381,,0.25398783867057,0.1111111111111111,0,2
0.76441284327739345,0.63599078430581968,0.10577678058363417,-0.64384265620286341,0.74442979354526062,0.17689238687914563,0.033758540937239186,-0.20332241578396704,0.97852969099233744,16.144294212758183,-29.054358413318397,0.11047259512947177,,0.3492933357713284,0.3157894736842105,0,5
0.099637308128678548,-0.9478895782720308,-0.30261816573388761,0.99492543714875548,0.090631358846664997,0.04369589577941016,-0.013992188650416152,-0.30543625226367432,0.95210971765857577,4.5943823749268624,9.033697672823731,-1.1909029981627588,,0.3270527732358721,0.3076923076923077,0,1
0.9126997889419487,0.40421548671877244,0.059907725395221822,-0.40803966135268749,0.89364939423514667,0.18680041473813933,0.021971118053200032,-0.19493742708844422,0.98056956382075755,2.4607389391068786,14.220396185418114,-1.5364711416690275,0.481537802661161,0.5034245097310076,0.2307692307692308,1,5
0.99845961942613537,0.032143526426157934,0.045223689415065632,-0.039057204693611451,0.98611305394235393,0.16141740800176382,-0.039407145759884216,-0.16293507465667864,0.98584950084162659,-10.264482896509389,15.53345874730171,-2.4007373219047361,,0.276129455861128,0.44,0,4
0.98724872970996602,0.15917806697845377,0.001512838081979254,-0.15890160264640008,0.98487794770916759,0.069034113252687004,0.0094987558377383641,-0.068394233011140129,0.99761315274426565,-11.962738436031154,12.23338235431404,-2.2752383501022404,,0.1077163353953638,0.2307692307692308,0,5
0.96051639220530394,-0.27528230667166864,-0.040347390726423085,0.27821960566704107,0.95110720042299091,0.13412287025714578,0.0014530407363687662,-0.14005265058921337,0.99014299156008401,3.0210130121919359,-28.965619845375592,-0.2244772973214372,,0.1630263485106822,0.6428571428571429,0,6
0.97371929660070788,-0.2252694411761974,-0.033532227775451055,0.22768226220075441,0.95918575809183326,0.1677005335499579,-0.0056141701584451111,-0.17092793904437423,0.98526753765029373,-0.44635548011827147,13.799845217057609,-1.6140234123888224,,0.1431202474300524,0.3529411764705883,0,4
0.34152858582898205,0.89063110390147837,0.30022401940033105,-0.93972910971363843,0.31802886835671623,0.12556607522957478,0.016353147050900161,-0.32501365456697523,0.94556792401527168,-3.0336204755501734,8.2038335248053258,-1.5088311232754827,0.7350182067994411,0.5944734290259669,0.125,1,1
0.70223723942174776,0.70488558496527753,0.099995858301644466,-0.71168057044626265,0.69883309331489507,0.071715223887389046,-0.019329387434838016,-0.12152621032557055,0.99239999747344809,-21.650487202723305,1.7165231379117332,-2.1620289083335296,,0.4095648874439938,0.3253968253968254,0,5
-0.98253534593274638,0.18603470774754252,0.0039219263258224142,-0.18370276285348625,-0.96643270304247986,-0.17961382299255874,-0.02962412720764148,-0.17719739841005813,0.98372938000442633,-4.2948748224035249,-28.97057796448259,-0.45353223468971987,,0.6327156819482749,0.2368421052631579,0,2
-0.7558952286414603,-0.65251336878488708,-0.053373278652083474,0.65469256649274887,-0.75335217900378348,-0.061952705908532919,0.00021609306459296273,-0.081772843580552756,0.99665096967621425,0.21971952517001458,18.809175784882839,-1.8858616467081064,,0.1785019265733508,0.3333333333333333,0,4
0.6428303827465871,0.76585292062205912,0.015440304159525384,-0.76583965059165549,0.64213480478379592,0.033948815398003027,0.016085042726940491,-0.033648127138651319,0.9993042954678687,-5.9781647033390124,9.1719607430456485,-1.7154169387679035,,0.08848184761270447,0.4318181818181818,0,5
0.94813768831843104,0.31434546234124022,0.04713654946700465,-0.3168123440623879,0.92253465860852091,0.22036275165226232,0.025784930480391488,-0.22386767067071875,0.97427840137641841,-2.9738454139534287,-33.314956658139721,-0.31448932809236663,,0.2524943607938123,0.3157894736842105,0,2
-0.87463599599128172,-0.46176789298074694,-0.14758823641625787,0.48016293707628543,-0.86710089790494593,-0.13258803381419018,-0.066748995307905998,-0.18683266808713941,0.98012148520518971,9.3375770608150273,-30.110044685068541,-0.034965892435517391,,0.6114878695404693,0.5348837209302325,0,5
-0.9944551672675096,0.10503742667615813,0.0051048302812574534,-0.10506349921383447,-0.99026394880802759,-0.091317976456320546,-0.004536675863933113,-0.091347964883642455,0.9958087004458851,-17.237073639102181,8.016338961457631,-2.281241512140002,1.264246256858127,0.4245890451031157,0.2954545454545455,1,2
0.94388128276417993,0.32808659533767948,0.038043527796159174,-0.32974779639318835,0.9295079333465619,0.16517079832597714,0.018828563972955924,-0.16844639445691337,0.98553097230537756,-4.9549000392605604,-31.730292905563847,-0.40655778403534537,,0.3010946758130012,0.3461538461538461,0,3
0.98740172065913168,0.15734528070734774,0.01674230206728574,-0.15712781578842508,0.96251167267067217,0.22109303353625553,0.018673284257060292,-0.22093832309454842,0.97510900203168271,-7.2195391819719497,11.430238468629215,-1.8906665180446556,,0.09354762386475934,0.3125,0,3
0.069877439349138509,-0.98496641129244067,-0.15798199927744119,0.99744756453929939,0.066657573782445925,0.025595387319935409,-0.014679900021022464,-0.15936730054539952,0.98711020866580279,21.866359060784077,6.8292933882901385,-0.25571475307724606,,0.08108927217025239,0.5,0,5
0.98251234998454595,0.18610209689167068,0.0059574877564691261,-0.18542020800031644,0.97498988396728681,0.1225319249280608,0.016994957868868517,-0.1214937681281628,0.9924466916228073,-12.2079139906206,9.5136183151613753,-2.0743066865713806,0.2955241388893644,0.1562201176554412,0.2142857142857143,1,4
0.90679432460604059,-0.41981123328929915,-0.038504301920595785,0.42157320175885715,0.90306834441912098,0.082119430507606728,0.00029735679003315633,-0.090697815366333187,0.99587841520273634,-21.5475071350013,13.775219263589889,-2.8752188361630053,,0.08832724683742144,0.375,0,1
-0.088708859657421799,-0.99279662216052711,-0.08053325552173099,0.9958133362514322,-0.090187214199896101,0.014901870307273834,-0.022057596470889021,-0.078874161938562934,0.9966405214601789,-6.341139600402494,13.156163021718921,-1.9220845032907747,0.5897218883919692,0.4357626916139996,0.2916666666666667,1,6
0.80664833592391938,-0.57656062510352279,-0.12998579819120995,0.590464564395634,0.7765106167822462,0.21996104249964099,-0.025885523835626513,-0.25418321660701759,0.9668096152040816,-4.5301512015146503,17.846562483483449,-2.1763784032290752,,0.3375042163985991,0.1904761904761905,0,3
-0.63114561202056307,0.76578697275829377,0.12339176950217946,-0.77566269110380304,-0.62343826068408958,-0.098346961034927655,0.0016143285902557693,-0.1577816449048724,0.98747270669842691,-27.182025233920154,4.1259402074664022,-2.6368482089772716,,0.2082565044429669,0.125,0,3
0.67290360833155327,-0.72998125877908804,-0.11970002391676401,0.7397051033000337,0.66268059906119692,0.11700762274219477,-0.006090488179295246,-0.16727757010188632,0.98589102871186862,-15.191329891973231,12.160731207151734,-2.5063198670628632,,0.192915018855981,0.4,0,1
0.026943349048194714,0.97909181536630763,0.20162656825124964,-0.99963666324223133,0.026233625596038652,0.0061918002248934718,0.00077294502085904077,-0.20172013774235717,0.979442897051788,-22.027198427100259,11.879624044273251,-2.8424297474461158,,0.2581621690272486,0.25,0,2
-0.71011943829797053,0.70176135117695448,0.05710857506250254,-0.70342554975291594,-0.70362085349052284,-0.10054944300231443,-0.030378928654288723,-0.11157374479492392,0.99329170950242696,-19.873898839087836,6.1576921684110486,-2.3317481943838945,,0.2056632410307496,0.2285714285714286,0,3
0.97998315622377696,0.19843201627414131,0.016054545619953661,-0.19825575920768065,0.96541255494983291,0.16933178285904307,0.0181015871864969,-0.16912520114582261,0.98542833269533825,-13.701875795109373,8.9206909767248312,-2.1461911809430556,0.2116619926668188,0.1876049113505474,0.2280701754385965,1,6
0.85183219782570307,0.50999550542622407,0.11952611092344562,-0.52344454817782327,0.82019551211489594,0.23083571406846742,0.01969039690681398,-0.25919858477938329,0.96562331264215961,-10.317764598461659,13.345137363756908,-2.2294246058779601,,0.2966493540155008,0.4,0,2
0.99312539918855069,-0.11140392145023451,0.035931988145577354,0.10614388885755525,0.98648762673020662,0.12480239247066287,-0.049349937637031535,-0.12013046488595798,0.99153076354771086,-0.67458859897834178,11.420690525796502,-1.5289480228351089,0.5704917960378947,0.2089552411042973,0.5625,1,3
-0.94661063971771653,-0.31846453253141033,-0.050086308436203,0.32217106738377155,-0.94009348180786301,-0.11149012872524357,-0.011580160362341172,-0.12167410152501762,0.99250255057811454,-11.398809133619466,-30.213065125176573,-0.68592239784690001,,0.5252826212923837,0.1578947368421053,0,1
-0.32196240730224773,0.9340817993498256,0.15437422196575873,-0.94673761771791665,-0.31673568763099452,-0.058020577200891557,-0.0053001398042998964,-0.16483232784958424,0.9863073619383268,-13.518381035789519,11.695459257441172,-2.338482721869477,,0.2409632633137234,0.1428571428571428,0,3
-0.88701394000403933,-0.45221441065246337,-0.093318792516606353,0.4615067726084664,-0.87472533650610407,-0.14787523291884427,-0.014757000881940839,-0.17423464773841704,0.98459358034289546,11.298957484055737,3.5703671517424316,-0.71032395309723828,,0.08939861321779381,0.2058823529411765,0,5
-0.53770265509236992,-0.82118003058188782,-0.1911523269022532,0.84287228382688206,-0.52919274228969104,-0.097577429072367383,-0.021027787878710194,-0.21358464102422425,0.97669823039436354,-29.085404221608407,1.6539563415208238,-2.569308619446419,,0.3049913905325279,0.2727272727272727,0,3
0.39302186430774022,-0.91433431924604869,-0.097604133236941421,0.91945815947175158,0.38945263185431639,0.054067925081019028,-0.011423972903013691,-0.110992793417467,0.99375554974676761,-7.6856264287959029,-29.920128354730476,-0.5632055458941887,0.4910047481676283,0.5021372502135497,0.7534246575342466,1,5
-0.74729909363157909,0.64206455519661176,0.17116416569363466,-0.66444365276596351,-0.72500328139839276,-0.18134187122831572,0.0076613938969735812,-0.24924555948249213,0.96841001343532962,-18.335659401533356,11.838862598701789,-2.6951640798043091,,0.5603981739075664,0.2903225806451613,0,2
0.2254431926166256,0.95734224361498244,0.18075175100965055,-0.97418265529066561,0.2192311627045174,0.053905949857632099,0.01198002644617915,-0.18823795018395484,0.98205038214792817,11.34120135232749,-28.590794395042931,-0.014888689170386788,,0.1932647067902918,0.4375,0,5
0.23979581497886654,-0.96604917543291091,-0.096161103175942161,0.9707412472680661,0.23730827232922386,0.036690799072223612,-0.012625290929741151,-0.10214584930143698,0.99468931204644373,-12.897687301414871,-28.38870158761333,-0.74910810761754165,,0.2545678575318929,0.2222222222222222,0,1
0.44785788719518532,0.89190196040680791,0.06272324847740389,-0.89376748325601652,0.44465930032921491,0.058802997414588651,0.024556032889530167,-0.082395386116132632,0.99629714523103119,-7.1548815132927794,4.0092846937997351,-1.5553635494298854,0.3077079970343518,0.2454790415827757,0.7880258899676376,1,4
0.63919023879496739,0.76722765478948052,0.052892006536587141,-0.76896330813485347,0.63658132939792089,0.058818719845626526,0.011457284649295362,-0.078268363904004642,0.99686648746973905,-2.9498472747875235,5.2909332634658179,-1.4269615216762774,0.2518608172084562,0.2016892861855956,0.2572463768115942,1,4
-0.09461557023198823,0.99416935459250433,0.051722222098420104,-0.99525793781227367,-0.095641551986616516,0.01772937548959615,0.022572795381509352,-0.049799477132936837,0.99850412166698121,-14.957392791898332,5.0586467234964267,-2.0095936368042016,0.5532671845280734,0.3155631634108353,0.744,1,4
0.94587838050235973,-0.31631842508313268,-0.072503401652335542,0.32440636711545545,0.92758905582056794,0.18530799361295699,0.008637029187503564,-0.19879939002631217,0.98000214502417304,4.1625563408669564,15.056977306379158,-1.4822106467681417,0.5953733258582823,0.3547916137775803,0.2857142857142857,1,4
0.91289538967285011,0.4079209900084913,0.014915543052386328,-0.40813949638134367,0.91156997842359677,0.049621829172117708,0.0066452244234824678,-0.051387161308015177,0.99865669809252555,-2.2612925530206245,16.312603840768642,-1.8991603967488779,,0.09096707131212042,0.4545454545454545,0,2
-0.95535491522830351,-0.29342089028450202,-0.034657857605057962,0.29544483495697149,-0.94992181789042052,-0.10178845412426654,-0.0030553962705584981,-0.10748358498119723,0.99420216430725028,3.321409588623061,12.36040541450426,-1.4118868909788935,,0.2031229533074808,0.2352941176470588,0,4
0.73846097914294972,-0.67156611224670926,-0.060616327545281908,0.67413673771980265,0.73334213464886855,0.088028247768221726,-0.014664281084962693,-0.10586911934309053,0.99427193887275123,1.2635427347327335,-32.328966040254478,-0.20687851077466232,,0.1590539659863182,0.1666666666666667,0,2
0.98970118133018781,0.143128666893196,-0.0023992471749634302,-0.14280757234462665,0.98836001613141278,0.052444978727683833,0.0098776998670855095,-0.051562226737114039,0.99862093299672283,9.5388967672966896,21.007358315692244,-1.4079172231015975,,0.2151510465162293,0.4347826086956522,0,4
-0.99643440918974002,0.084270528094101405,0.0041165856526533453,-0.083970951860207727,-0.98578264516879976,-0.14553850256099071,-0.0082065477751028636,-0.14536524542938756,0.9893440240860959,19.997448384378703,8.8191851890770572,-0.44237385978654503,,0.1874790269384107,0.1333333333333333,0,2
-0.040410978774885087,-0.96540616482586938,-0.25760025176746604,0.99906961157188912,-0.042926788823220208,0.0041475335948627737,-0.015062006109733298,-0.25719297758207305,0.96624267565369781,-23.661626818246965,2.6652665740434762,-2.3452065470204726,,0.4192606520545563,0.2727272727272727,0,1
-0.98413037287524152,0.17230150309863301,0.042421706877358696,-0.17690642143088886,-0.9713280783802446,-0.15882657903089431,0.01383933672375791,-0.16381073279883682,0.98639470628088499,13.524947593876966,-30.847264779198991,0.071967451146653122,,0.2292523042729025,0.3870967741935484,0,3
0.72754536451152807,-0.68268774967730761,-0.067935108878413641,0.68605357126515809,0.72354899060303624,0.076206007319962951,-0.0028705281936743823,-0.10205045143389364,0.99477508283532512,0.039636441551714481,15.987797744137138,-1.704274725978151,,0.07911230678737419,0.1818181818181818,0,2
0.68092317055463636,-0.71956601398413278,-0.13626586997780493,0.73233089888342628,0.66750557010557532,0.13463940143443631,-0.0059237101899199361,-0.19147079515429274,0.98148043498613269,4.5823865610591232,9.8520897011716944,-1.2129109848663286,,0.2342196103062105,0.1142857142857143,0,1
-0.50827059002641739,0.8367942155910858,0.20355944602866183,-0.86114964626684376,-0.49633047695285992,-0.1098969716699929,0.0090716067312381701,-0.23115254357468065,0.97287522712332852,19.129561187932413,6.3129537290311273,-0.41143181050184208,,0.2799746789552398,0.1875,0,1
-0.12026518811148211,-0.98768989922729022,-0.10002473440552542,0.99262013861596887,-0.1212158849263556,0.0034597189967126088,-0.01554171620270727,-0.098870481974685537,0.99497893588335262,-6.6422638302824542,18.880871121930213,-2.4230611187503235,,0.1228393124635922,0.4444444444444444,0,1
0.081948976057972536,0.99406975461040248,0.071482083712382113,-0.99651871933493952,0.080625504077728588,0.021212498845359896,0.015323424490043158,-0.072971577076464136,0.99721629629728348,10.192849899973627,11.798675778410958,-1.0671837061903675,,0.8412174982995076,0.711864406779661,0,1
-0.94888118573235658,-0.30432421902504975,-0.08373329730728743,0.31542403191766744,-0.92393821841305046,-0.21643901830428058,-0.011496758323946765,-0.23178640656973834,0.97269876440629277,-8.6644730236280409,20.258068392652163,-2.6130729562358033,,0.4936031425635212,0.4347826086956522,0,1
0.47259620388757978,-0.86896657846571368,-0.14679888821322271,0.88120851505505837,0.46384815025579479,0.091194553010228205,-0.011152625946697614,-0.17245862986196608,0.9849536232334114,6.0233892124276567,-28.235540689492581,-0.14332811612679866,,0.1755630393804668,0.1538461538461539,0,4
0.79493188552389626,0.6039995699756816,0.057164821757937384,-0.60618491556734133,0.78684832948910577,0.11579963090969002,0.02496288276701986,-0.12670527159276843,0.991626254510521,20.95421316639445,-28.286426119765618,0.23854659852169072,0.7501076376856093,0.2788242704397147,0.4444444444444444,1,4
-0.69136604316394656,-0.71062677178727351,-0.13047063109767523,0.72026778727590823,-0.66369597495893007,-0.20179684694261638,0.056809409189803602,-0.23348928035889108,0.97069843256543487,18.645938514175615,2.0180930871642575,-0.3044629526062384,,0.394387413065627,0.44,0,2
0.27559764567823908,-0.96086363906131056,-0.028053606300576184,0.96115191896917229,0.2749821905541005,0.023911995733246077,-0.015261925123990603,-0.033553867257355152,0.99932037487163539,-1.3097694389202865,10.663041937719832,-1.5266686665760825,,0.05934649858891766,0.1578947368421053,0,2
-0.090577687612252822,-0.9807853024223715,-0.1727885212017114,0.99577071011474305,-0.091871829725091739,-0.00050968671165859444,-0.015374504362659304,-0.17210391470045316,0.98495881495643323,-21.997032122974051,2.4247240436020605,-2.2185265605943303,,0.5246071485194848,0.5714285714285714,0,1
0.94595599084731719,0.31970343364658421,0.054378101241704467,-0.3242045928138389,0.92834276120320491,0.18185461148956542,0.0076580270619682938,-0.18965608937282244,0.98182071804648985,-2.7584440413766527,10.739621183363788,-1.5978981846503275,,0.1954508808850245,0.2758620689655172,0,3
-0.15451216466255416,0.98155062298346341,0.11262488842198973,-0.98794906374084035,-0.15454733699018675,-0.0084716045019546764,0.0090905679078723215,-0.11257661902018348,0.9936014625719386,27.462607711844434,2.3532241795874134,0.042531535333462239,,0.4255964318963297,0.4444444444444444,0,3
-0.78836189169899185,0.61458586582966124,0.027744210913146092,-0.61520706187425189,-0.78773030729092242,-0.031642281766646962,0.002408056651775911,-0.042014003591122458,0.99911411999100841,3.9643241818912407,11.310173640090833,-1.3087417451669421,,0.07528641485931238,0.3043478260869565,0,2
0.84166420867553271,-0.53647770781979143,-0.061587570556174642,0.53996654133605282,0.83741178037159458,0.084720979293544579,0.006123240332558586,-0.10456184345782514,0.99449953585737316,8.1600462005041106,12.882149819959793,-1.188415450092277,,0.09456559042334872,0.3181818181818182,0,4
0.59498766689075344,-0.79801144300537219,-0.095746608714782966,0.80349605051136852,0.59347885070396067,0.046657802988763777,0.019590126608327478,-0.10469283929471845,0.99431163944704981,-16.41310802786381,3.8811081411581254,-2.0275718778718805,,0.1314630120507999,0.2653061224489796,0,4
-0.97892271931796815,0.2011209360125058,0.035506037522764988,-0.20408378701181959,-0.96992068316277158,-0.13267884628672563,0.0077535464162375826,-0.13712854360240184,0.99052291495323574,0.89208774755423192,12.224477767879232,-1.51934604769507,,0.1948516037851153,0.4,0,4
0.15188601368260399,0.9844810928635177,0.087906863451398226,-0.98839598531954331,0.15146409725579263,0.011489275290372188,-0.0020037594211788383,-0.088631851141351942,0.99606243775751346,1.9242852591080697,-31.422412064923684,-0.20369981340444968,,0.1688022568006065,0.1578947368421053,0,3
0.84624733576527422,-0.50287298690039006,-0.176023310263315,0.53278726320917758,0.79761875848699104,0.28274024876509074,-0.0017829392164647173,-0.33305115996728046,0.94290707175850552,9.5601716386613393,-35.265025221738561,0.034165015933364878,,0.4178389348579526,0.4210526315789473,0,1
-0.83447336267125849,-0.54040509568823492,-0.10778005170861406,0.55104712505072873,-0.81875473611862992,-0.16120715882565151,-0.0011282577047339315,-0.19391496754377172,0.98101769219369794,-18.514797136198897,3.0391889379762467,-2.0882303885157825,0.7633921765202482,0.7151482034628875,0.6387096774193548,1,3
-0.45660261441778938,0.84660259967639673,0.27345582957400449,-0.8896165629408469,-0.43786492918295444,-0.12983325742243768,0.00981954419279704,-0.30255303999922678,0.95308196632769859,4.1348823978189744,17.501982992108221,-1.6112414538500688,,0.1459821081621489,0.3333333333333333,0,2
0.44641201958179638,-0.88492871266017725,-0.13273086409160487,0.89350463985168083,0.43275835185519107,0.11987354780391719,-0.048639154355530352,-0.1721086354869534,0.98387644054240819,13.614267048719832,14.278113452265851,-0.97440785404149954,,0.2272698844584867,0.2941176470588235,0,3
0.99486223689951381,-0.099217968487932545,-0.020122731435427994,0.1010790816581415,0.98461346607630085,0.14254592829105694,0.005669994924294112,-0.14384754829450511,0.98958361648079907,25.546226504467878,-26.580873504398731,0.30656151134952681,,0.2885596763921785,0.5652173913043478,0,1
0.66816896276684012,-0.73128591996531156,-0.13700781165894649,0.74398966944200873,0.65537794521157033,0.13022718876575312,-0.005441411458085894,-0.18894616214876733,0.98197237173486529,8.3926535119057011,13.904736901272438,-1.2011415519366175,,0.1677187391301978,0.3,0,3
0.96641538284654982,0.24796120141513353,0.067502225076837313,-0.25563218139415728,0.95448841946435747,0.15363607956499423,-0.026334305254270683,-0.16573201169719787,0.98581915413810972,10.118818809012444,-28.183974674558737,-0.058821938326186728,,0.1805181281163254,0.3333333333333333,0,3
0.99964349102280636,0.026536500978710666,-0.0029504188760638341,-0.02560223043830951,0.98403259856369618,0.17613736332920457,0.0075773776678374353,-0.17599903147400381,0.98436117572153981,-12.107721131754495,16.820490354162743,-2.6230175438413013,,0.352288139226794,0.2,0,1
-0.8309485469081126,0.54637976248625475,0.10485069163701326,-0.55634695829613834,-0.81659847471400238,-0.15376928526009281,0.0016044893054025127,-0.18610772751347185,0.98252803490477569,-15.485071238902636,2.5858313252119531,-1.8809286250164696,,0.1081968668921134,0.2727272727272727,0,3
0.8769146871939737,0.4777144990769871,0.053004610696805343,-0.4804587135569745,0.86814780042345074,0.12441391074595717,0.013418492861481029,-0.13456691269234525,0.99081365052050963,-2.3595428493475215,-30.296088616340143,-0.35406943501240956,,0.1151638702008846,0.25,0,1
-0.97740777847099458,0.21071878268786709,-0.01648117735294042,-0.20934511569257769,-0.97587925291547484,-0.061921775368574683,-0.029131720169892548,-0.05707257092227732,0.99794492058843864,-8.4113802489617626,8.3046991575020854,-1.8072842723440945,0.2727388163953769,0.1961135377074423,0.7614213197969543,1,3
-0.30674537319461942,-0.94580797419579732,-0.10655774008177676,0.95165239037173943,-0.30668718389341798,-0.017340678627994786,-0.016278941103402798,-0.10672510099862553,0.99415529415347625,15.205692759789248,-32.01521946913671,0.12024404352206282,,0.3288939711011767,0.2,0,1
-0.79658727206873448,-0.58268361601095719,-0.16102335734448017,0.59744884080613536,-0.79945453098733033,-0.062668457003771313,-0.092214969487052031,-0.14612411339756265,0.98495895492466023,9.2487662738110572,-32.627683317868474,0.0074028019735685154,,0.1743012114251566,0.3636363636363636,0,2
