axis_00,axis_01,axis_02,axis_10,axis_11,axis_12,axis_20,axis_21,axis_22,location_x,location_y,location_z,dbh,dbh_approximation,score,reconstructed,number_clusters
0.90149693139905496,-0.43278534584095318,0.00035651565846971865,0.43188469343248165,0.89967337319239182,0.063745063709714639,-0.027908677088313797,-0.057312005670282898,0.99796615160496815,5.4722725135242403,-10.342049151150253,-0.92097570224557079,,0.0755373503418565,0.3333333333333333,0,5
0.93431788068802524,-0.3564330259635396,0.0023655504881682529,0.35606698261829667,0.93362115870721307,0.039595907658535712,-0.016321817170248831,-0.036152870102888521,0.9992129744291679,-17.948451634308423,-2.1279636223620995,-1.0266179369018065,,0.1966615885997417,0.2857142857142857,0,1
0.50289787902387506,0.84606671998139349,0.17681863197416023,-0.86417091723888972,0.48804766148541073,0.12254838194410338,0.017388187708436236,-0.21443084073553306,0.97658438727519503,-16.260099139759902,-18.763571066615555,-1.2835507479757011,,0.1442205318815115,0.2727272727272727,0,2
0.98345549996583725,0.1794216017647014,0.024963341265440499,-0.18102024003067005,0.97858824086364982,0.097962888598834549,-0.0068521738291264659,-0.10086101161290197,0.99487692909738279,-3.1754670450456066,1.8947114957033615,-1.121688329868695,,0.06829852129880037,0.2275,0,5
-0.99720743855407612,-0.074671114289710128,0.00124466186208924,0.074405552493386234,-0.99481630526834386,-0.069313292595252957,0.0064139107081282861,-0.069027121213145234,0.99759416512249788,4.4652846297315705,14.529878488462867,-0.80852065431664177,,0.05973623166755622,0.3333333333333333,0,1
-0.74929693629964855,-0.66170708958563373,-0.026416450254920166,0.66216070655805759,-0.74921166273739093,-0.015002770037850055,-0.0098640733216400021,-0.02873346499092291,0.9995384375035915,-12.994084255187417,-6.7480918282590112,-1.0872000002583189,,0.09355614985860759,0.3846153846153846,0,1
0.96888846396730366,0.24320784515432237,0.045881242860999545,-0.2473612044949933,0.9577266276611176,0.14687457635564444,-0.0082206387747555329,-0.15365432217889299,0.98809046669517087,4.3737540674120385,5.1083203468325067,-1.0040833038402903,,0.2225837275670621,0.2105263157894737,0,2
0.99974721079720963,0.020244791351378869,0.0097807426272028489,-0.02086210405460107,0.99748155763466873,0.06778875122858842,-0.0083837412660127918,-0.067975661834627124,0.99765175401065187,3.1748251723524037,-9.9353310983048093,-0.96094609109932161,0.1109421422608953,0.1179674212178062,0.16,1,5
-0.44379194469101785,-0.89508049194020978,-0.043354616541211456,0.89592587628631559,-0.44420355690799701,-0.00015566271474343055,-0.019118944216699126,-0.038911604674633948,0.99905973444718632,9.8020746347366305,-2.4981566029915072,-0.90961026384826416,,0.1932300532839458,0.4666666666666667,0,5
-0.62095978050340228,0.78234732921502781,0.048390158785419669,-0.78384239025440616,-0.61979434114104648,-0.038027383946242395,0.00024132431474264038,-0.061543733715530909,0.99810435857325364,9.7454551714723578,-7.203255934439901,-0.91660551785445155,,0.1437555939023455,0.1818181818181818,0,4
-0.86918860843059331,0.49341242840706967,0.032485973402796312,-0.49423451518120126,-0.86895184628826716,-0.025591655589580351,0.015601505635419191,-0.038299664824262773,0.99914449840664077,-0.013149439534425652,-18.878980362893536,-0.90373845599000613,,0.1287602162211355,0.5384615384615384,0,5
0.70698919009352179,0.70644196377806201,0.03325713313412846,-0.7071803992278809,0.70563890226558568,0.044380429891052287,0.0078846711282827431,-0.054895276871645131,0.99846098598712618,16.016601332336254,3.774734391956819,-0.78083573621871993,0.2693934593630887,0.2996126050711274,0.8,1,5
-0.74195697780865277,0.66828314552982149,0.053828249849096642,-0.67015279326095434,-0.74161694333855677,-0.029992382994960119,0.019876538068544107,-0.058326209836940889,0.9980996826371934,12.986274438152167,4.7194149446588831,-0.84614103695577558,,0.5850745923972129,0.1764705882352941,0,5
-0.85708948099367943,-0.50550195376254048,-0.099324701420338377,0.5151391057243665,-0.84298883582894868,-0.15492425381861386,-0.0054151014288759533,-0.18394998616474162,0.98292068818725475,-3.7397824692845996,19.752615854009701,-0.75919824619025555,,0.2849627357065865,0.1578947368421053,0,1
0.64651230376703295,0.75624871415481543,0.10054712038159495,-0.7628115416250153,0.63874851528612298,0.10059267460128944,0.011848756960580071,-0.14173290570280761,0.98983402164177381,-4.0111406973665709,-1.725338300005675,-1.1135032415543811,0.3779099749866613,0.22430402166644,0.2608695652173913,1,5
-0.9054904724973154,0.41098446626219126,0.10572971534894739,-0.42289993464378278,-0.89460175320622815,-0.14437225647134322,0.035251233948220578,-0.17544079243871585,0.98385866812952516,-2.8490983574347126,17.612906638020426,-0.76548769883221346,0.9225674888737507,0.6872146488044477,0.7948717948717948,1,2
0.91332177768074263,0.40538769083196929,0.038783379636282748,-0.40723789378403102,0.90898347713945882,0.088917580678997271,0.00079264142881606769,-0.097004424689718899,0.99528363460381608,4.6864550876008977,15.332787616970508,-0.81832960971392399,,0.07799624515295943,0.25,0,4
0.64735403489847687,-0.76216238053964391,-0.0064233317526352857,0.76185150287641568,0.64679309683102526,0.035227509941512108,-0.022694516201246809,-0.027698295649283066,0.99935867602803974,8.3573216730106719,-1.5582575501684559,-0.94603783876143266,0.1757486368341858,0.1618370855445455,0.5784313725490197,1,5
0.86821732593377055,0.47970115345732595,0.12682853906011132,-0.4946821795428134,0.85670790334831048,0.14608596641468521,-0.038577405189864661,-0.18957418524749542,0.98110825707286953,14.921094405290505,9.7663469583491658,-0.65729337262467602,,0.542257926524337,0.8275862068965517,0,4
-0.73609696097512001,0.67018299367695655,0.094952719968334529,-0.67650371543826149,-0.73306992201934595,-0.070364852225940619,0.022449655708294228,-0.11603122173252534,0.99299182702670663,-15.715424991829765,5.3886773323214765,-1.0538315735163517,,0.09233779577671419,0.2222222222222222,0,1
-0.65756400026891804,0.74735066542249595,0.095271026250851654,-0.75302890147114987,-0.65592666392657961,-0.052035421582820596,0.023602099472121638,-0.10595845621138698,0.99409041161144285,-10.485081727805364,8.8090201959541687,-1.0921978290803684,,0.1135810000362909,0.3846153846153846,0,3
-0.70128813180949046,0.7116861171052663,0.041204695154614862,-0.71250893950776439,-0.70161279046792036,-0.0083966286889909942,0.022933977079366626,-0.035247169694155783,0.9991154436419627,1.0011233818014202,-2.7433259167295105,-1.0601165625044144,,0.07839223553323876,0.303370786516854,0,3
-0.19179390105881314,0.98049030457451403,0.043056499532815054,-0.98110797034646258,-0.19267818928882938,0.017385795783450744,0.02534265257008405,-0.038908585270543694,0.99892135423813888,-22.921006648736569,8.5407416459499412,-1.0886939027354841,,0.1246891567368575,0.3461538461538461,0,1
0.29656328851910613,0.95188305420236963,0.077258443066776997,-0.95497338557990796,0.29484024131587377,0.033091765363100691,0.0087205926852792388,-0.08359355969909639,0.99646177450018192,13.742939973902208,-3.8406877346371289,-0.85929340881324912,0.3787636143820067,0.3936128605397207,0.3863636363636364,1,6
-0.35825500007090488,-0.91027606811645956,-0.20748695076711154,0.93341380436833521,-0.35393040715472124,-0.058923142362947246,-0.019799614613085346,-0.21478069444373069,0.97646158580634479,6.9938745460375022,3.0117162835603115,-0.9506056158570565,,0.1008027638782895,0.28,0,5
0.86697413648862454,-0.4936045216704561,-0.068632520325897284,0.49802176501640116,0.8531207132215235,0.155432848015949,-0.018170531906169022,-0.16893674810082238,0.98545938876818617,3.6095423467409611,-1.2335654322953304,-1.0305966910337276,,0.1022257246957066,0.3816793893129771,0,4
-0.22576765369420349,0.96837365297218059,0.10621409875684332,-0.97373701922806766,-0.22761141035750088,0.0054095526531761596,0.029414009081597543,-0.10220329791344136,0.99432856841456796,-4.2180699572218376,15.700771880304599,-0.7416216242061674,0.1944870043943495,0.1416582713166546,0.2666666666666667,1,5
-0.95594111890802247,-0.29328519778507217,-0.012663725401680807,0.29353005228091944,-0.95555902895088596,-0.027332226371101824,-0.0040847997305758178,-0.029845183038665013,0.99954618675704521,4.6191711561121425,16.880116354009026,-0.81970695476081956,0.2126538228647395,0.1897538082075766,0.6,1,5
0.30774379923710921,-0.89839623512312983,-0.31333362211498833,0.95112726920099921,0.28164464871807715,0.12662231095160034,-0.025508269509369352,-0.33698738339151446,0.94116355200442203,-6.7620857690403051,17.962914512103943,-0.75946328435989385,,0.5114687831480473,0.4761904761904762,0,2
-0.70910377982916806,0.70403464189784826,0.03882077330186022,-0.70472752726926979,-0.70944927420890236,-0.0063905894408755127,0.023042173094710114,-0.031889658703562043,0.99922575423516935,9.7127069952363492,14.604283945229751,-0.74427233358960188,,0.0696105137049272,0.3684210526315789,0,3
0.86197257003429051,0.50631029670244354,0.025557229144892283,-0.50692849342518409,0.86031693411001853,0.053649561388816068,0.0051760083224464777,-0.059200137978072657,0.99823271465186114,2.3167936340002604,11.292815924649382,-0.84505968794800601,,0.315743254317236,0.36,0,1
0.55696090502905737,-0.81376399947346967,-0.16608041254210501,0.83020987911376243,0.53986919978961567,0.13889853757484963,-0.023368930038090173,-0.2152426544146456,0.97628094974213853,-11.260926630092969,10.582694718756622,-1.0252198154146153,,0.0745110096471871,0.4736842105263158,0,2
0.13316708222025259,-0.98899495255117975,-0.064463261174365474,0.99095989722728151,0.1317988208271296,0.025051006284678559,-0.016279136962422325,-0.067216476081896445,0.99760560094803541,7.3276086553730764,-7.112501772508474,-0.94284429286043092,0.5984526778024094,0.7667859907197531,0.7840909090909091,1,3
0.43449590741010613,0.90017398968685047,0.03000157887722419,-0.90054631059549728,0.43363286228874781,0.031287109423954476,0.015154171594217806,-0.040611932169324426,0.99906006928951341,-4.2841931918850049,-0.46552532691141402,-1.1190851175892265,,0.07567523059564127,0.4065420560747663,0,5
-0.44174002305665955,-0.88850088486520296,-0.12422531796559548,0.89711990907524575,-0.4384691397828141,-0.054043336304698042,-0.006451416179829258,-0.1353181105834346,0.99078120096083988,-14.581002677092252,8.3129736636085596,-1.08415604698719,,0.3275758330049972,0.2857142857142857,0,3
0.99902478924696114,0.043230835037622546,0.0089758215231478256,-0.043565789611427277,0.99819807932594551,0.041262772634998161,-0.0071758236878001064,-0.04161357148749148,0.99910801128929883,-13.012405301268467,-0.72055767093883982,-1.1079288092289632,,0.2314314495560408,0.7222222222222222,0,1
-0.98935305636290838,-0.14552036483225209,0.0020864526022214822,0.14547310757077322,-0.98924763874151078,-0.01505603593412558,0.0042549781521551257,-0.014592212424292605,0.99988447457568341,1.0261921525115318,14.597694362444408,-0.82205190320103128,,0.07801664158425289,0.1944444444444444,0,5
-0.90003052965565544,-0.43582673460015131,0.00032108492718257867,0.43581540036990513,-0.90000129385917305,0.0079125123845248235,-0.0031595075851277112,0.0072614364684436255,0.99996864403451957,-1.1902783885094232,3.145319188250316,-1.0545946862890392,,0.09934958660464469,0.484375,0,4
-0.48926226860444988,0.86992674711415652,0.062047459056833371,-0.87197367337360254,-0.48930682571987877,-0.015515903044389044,0.016862546171139289,-0.061695096720229638,0.99795258884242988,-1.6691726841099062,15.254538898841885,-0.76455031004050844,,0.07126887819743118,0.4137931034482759,0,5
-0.99522657576763573,0.095294359720083655,0.021048702842843752,-0.096963475285259962,-0.98997628398254478,-0.10268905303252746,0.011052029064014864,-0.10423982999627222,0.99449077949265929,7.0060705863337054,4.0639386804364639,-0.95748130011070542,,0.07295639790599937,0.1481481481481481,0,5
-0.84221958592645341,-0.5352940980500337,-0.064237042854356843,0.53882063542492165,-0.83166696947042285,-0.13417292846235976,0.01839814996556589,-0.1476153125007108,0.98887371670661806,-17.717782715663798,-20.314573819381092,-1.2070052339951722,,0.3868622832852704,0.6666666666666666,0,2
-0.3386553218213274,-0.93805671058794227,-0.073226912559670815,0.94058569687389926,-0.33955636252059013,-0.00015332327560966613,-0.024720838139800177,-0.068928110323106376,0.99731529406148733,-16.808474328109103,3.8176242848248134,-1.0983066477762793,,0.1727126876738928,0.7346938775510204,0,4
-0.32938089958482875,0.91749431678895954,0.22296278085960791,-0.94301784608350037,-0.33146444033089678,-0.02913188569526266,0.047175893809501247,-0.21985336807992292,0.97439156994874976,11.06037080476777,4.6734374628392876,-0.88210834709845842,,0.215707610905928,0.6,0,3
0.013065790440348663,-0.99884097846757314,-0.04632477581284776,0.99987858835022358,0.012657888906395182,0.0090877063772281941,-0.0084907996640039389,-0.046437889512499074,0.99888509286038063,0.8558295418670574,-9.3237341215393243,-0.99485018107511436,,0.1774589926897083,0.336283185840708,0,5
-0.2349352999084727,-0.95763511323928519,-0.16655447981995961,0.9717709686676651,-0.23521134508274608,-0.018352318629369719,-0.021600678499169853,-0.16616441567178802,0.98586144952159926,-13.750546050150211,-25.583599799318648,-1.0888583669573804,,0.08821864496890716,0.1111111111111111,0,1
0.89215357706170328,-0.44600640107904593,-0.071695781832171193,0.45095339488335884,0.87001090376570356,0.19930394620267664,-0.026514723818711571,-0.21014118474326526,0.97731144058356156,9.3922120663737783,2.0116217636102145,-0.9003543808753548,0.4360870423849899,0.1732376608105852,0.4262295081967213,1,5
0.85108161821817141,-0.52470890804670445,-0.018456460862630492,0.52465150651320647,0.84859638284774852,0.068007174115241195,-0.020021884141151032,-0.067562865792925531,0.99751410181575151,-1.843096646252993,-5.9876617033808834,-1.0700516286597317,,0.07618710134789904,0.282051282051282,0,5
-0.12009161345814012,-0.96213329808023129,-0.24469883755808405,0.99245281360756243,-0.12250932743296301,-0.0053737746842513522,-0.024807602452769945,-0.2434973950932125,0.96958424154034484,4.8115926720297653,-18.545166457154988,-0.8402234689528757,,0.5413826192441938,0.4333333333333333,0,3
-0.97831952363340002,-0.20708728595722484,-0.0024011814983036783,0.20709829581171388,-0.9781785488084751,-0.016643993596198711,0.0010979752278897665,-0.016780424482623787,0.99985859590473192,6.858485529307103,-11.119523444850387,-0.88494488023648366,,0.08378697656426878,0.2580645161290323,0,4
0.79455384126465978,0.60615534081839373,0.035495015550239963,-0.6071388894247377,0.792338003857607,0.059856967773520835,0.0081585709331422722,-0.069109987992192368,0.99757568498838678,-19.610105460405652,8.0823346034610974,-1.084900078977282,,0.07582224580947974,0.1739130434782609,0,1
-0.51522818347075761,-0.85574529207054228,-0.047327730312418784,0.85676436673844236,-0.51570187462543449,-0.0025291095445075357,-0.022242725658038375,-0.041851781406702447,0.99887621332594878,-0.74974364708832708,25.260585592676993,-0.65239930460968754,0.3339614890325808,0.2120323395280667,0.76,1,5
-0.7030271645996361,0.70049963507330437,0.12269094138184956,-0.710790725194822,-0.69770473847689818,-0.089356828971844618,0.023007625084222879,-0.15002786130933066,0.9884140276316058,-17.177022780894575,-2.9662671936989167,-1.0221338241414619,,0.176372603772046,0.5862068965517241,0,1
0.35296204976417017,0.92184337973537855,0.16007053028065568,-0.93328854057977173,0.33476962064875909,0.13000692717377313,0.06625927443578139,-0.19527950309425943,0.97850683401931493,12.969742177412272,9.0540580633061882,-0.64454470000073671,,0.2032990778645337,0.1818181818181818,0,5
-0.77679914684505602,0.60693240954676075,0.16797659272218632,-0.62937638775627469,-0.75738051418929442,-0.17395435970743384,0.021643659479298347,-0.2408480993658092,0.97032146479206627,-7.2226845405465729,6.7241975891636088,-1.0952341487517003,,0.3479761375041337,0.676595744680851,0,4
-0.90345323650338871,0.42634821777690918,0.044715172481006205,-0.42838682712313586,-0.9017970646284994,-0.056980528031913551,0.016030464713334906,-0.070634633331506311,0.99737343697092673,12.432811557447486,6.0736908470612052,-0.78090289918964217,0.1376899184610371,0.1314160797197236,0.2173913043478261,1,6
0.64169515303275548,-0.75444830050928358,-0.13796772243145125,0.76689479600418109,0.62883162335034759,0.12823089072556701,-0.00998511071417609,-0.18809186939689856,0.98210068029240549,7.1845335946507634,-9.9147064880302516,-0.90905763362055225,0.5316589487882948,0.389468529985628,0.6458333333333334,1,5
0.92270722808860506,0.38114038910985382,0.057821925099660887,-0.38547914238563424,0.91382983890374136,0.12775310686945063,-0.0041475316367121547,-0.14016786121772193,0.99011906792212168,-4.6009523619000685,-5.766828912075022,-1.0905240777613654,0.3550303627787946,0.2779564513374262,0.8919925512104283,1,7
-0.77256395148811274,-0.63490312622057088,-0.006554477585615631,0.63487282980141313,-0.7725914756504968,0.0062371253102782714,-0.0090239038681140058,0.00065731844298536903,0.99995906770799659,3.0160244288628459,-2.7388122230291501,-1.0327416365412769,0.192936582651419,0.1566712246216884,0.5892857142857143,1,5
0.99981132944136197,0.0045224771739150581,0.018890545807603958,-0.0078422855325424763,0.98371589133004056,0.17955930413758059,-0.017770877252511787,-0.1796735716374489,0.98356575966059367,2.6247501579445007,-7.1370557580928917,-1.007602912818413,,0.1230060684053489,0.2580645161290323,0,5
0.9678121553540534,-0.24990863993697493,-0.029754052392797058,0.25125378581644275,0.952595172951613,0.17156331653996629,-0.014531588414451796,-0.17351688146730546,0.9847236794065708,2.4361339587831785,0.58187890208008952,-1.0751188627161716,0.5349261420288486,0.6955263958622497,0.6147058823529412,1,2
0.38069799003797733,0.92357071284179559,0.045674705931636972,-0.92433211971564155,0.37869017761568219,0.046945519907572099,0.026060944783969423,-0.060090662821279138,0.99785266417375773,-2.2477531463599165,-7.8730939098162356,-1.0783105451839534,,0.1069643871294579,0.5862068965517241,0,5
-0.032554957851240962,0.99802918699554599,0.053646217241415044,-0.99915532826660358,-0.033844454676295654,0.023306284219488303,0.02507597885944482,-0.052842168697673116,0.99828798474767144,-3.0479172934274961,-4.5456049366978952,-1.1033673100233745,,0.08335827664714138,0.3411764705882353,0,5
-0.79366820277793926,0.60198119042414433,0.087803361409264064,-0.60798018640322482,-0.78991732568782302,-0.079941925916870132,0.021233860702571078,-0.11683006870548343,0.99292490058711702,-7.6024303918872782,0.820149059786344,-1.143372427359544,,0.07535193462447767,0.284263959390863,0,5
0.78480998396477841,-0.61958413964608539,-0.01373983144822904,0.61952919766153236,0.78378132127811251,0.043248279276708115,-0.016026924660201301,-0.042453908118783551,0.99896987110291757,-8.9397157580047466,0.46477886744407632,-1.1331776898315893,0.1387501534620704,0.1095908301129162,0.601063829787234,1,2
-0.99268795396617737,0.11767495844099793,0.026892939712031962,-0.12015239683558208,-0.98464431693040499,-0.12664505782430965,0.01157702833677084,-0.12895027449589752,0.99158348066228075,-1.9556913675646725,-14.737450965169627,-1.0062253931645089,,0.1918782352481085,0.4166666666666667,0,3
0.32237878777143397,-0.93151741908153307,-0.16836631237483307,0.94626521354608406,0.3123174674889187,0.083904380898094225,-0.025574652052470569,-0.18636817713597839,0.9821470560580059,-11.710891218351726,-3.765230750753854,-1.0761670461090553,,0.3256984012085306,0.1666666666666667,0,1
0.99888748169222652,0.046755596369224106,-0.0061411014256517417,-0.045508077669514785,0.9898849726760538,0.13437542832286856,0.012361787305537797,-0.13394646347808953,0.99091146483241688,-4.7406633923763826,-9.2249369406491297,-1.1014223546366531,,0.6874516885006021,0.6411483253588517,0,5
-0.6922991976728281,-0.72109272122103951,-0.02733328197630586,0.72146831150694624,-0.69241809516143515,-0.0063762829554110069,-0.014328167812951419,-0.024134392369554582,0.99960603975370121,-6.2548832746704743,15.299920422538039,-0.79252671246236295,,0.08839147934564343,0.303030303030303,0,5
0.11496035522793492,0.98637589526928127,0.11767204407840973,-0.99297395888515361,0.11076044233027978,0.04165142723541887,0.028050556176546781,-0.12163353832938095,0.99217863746991752,-3.0180644630707443,-0.51635480796932043,-1.1089288265282462,,0.1339833423797259,0.1962616822429906,0,5
-0.10246263180262344,0.96636380982374803,0.2358864051763285,-0.99450937540226414,-0.10458839893724778,-0.0035169652745113624,0.021272313486760487,-0.2349515989957808,0.97177427153030105,7.6230147437304563,17.674367224259157,-0.73137752216429575,,0.3168227690021669,0.1481481481481481,0,5
-0.81141999392598074,-0.56936759196315923,-0.13197779615993779,0.58443079960222477,-0.79280682291898463,-0.17291032938899342,-0.0061833593996417288,-0.21743478736204824,0.9760552644760212,-9.7829651948287442,3.4384076312799068,-1.099302199759062,0.694455085231053,0.4360970765609518,0.1063829787234043,1,4
-0.95158088582120537,-0.30734333208451742,-0.0058218521895408637,0.30736240524361219,-0.95100850316523389,-0.033334347905487026,0.0047084586217124268,-0.033509746800125612,0.99942729965055477,1.641045931619397,-18.045789719243828,-0.87700752776326663,0.7997348394376619,0.8598620938711596,0.9144144144144144,1,5
0.64983525670725195,0.75507723089847856,0.087020196040372644,-0.7598402423041577,0.64251699249206995,0.099069271391809169,0.018892996463726573,-0.1305001522513688,0.99126826083910835,17.411316748941019,11.293712535308996,-0.6539738364227502,,0.2342006027079305,0.2941176470588235,0,5
0.73920454469818042,0.67248658805179129,0.036584559420840573,-0.67329674468812084,0.73664063147624359,0.063498611407355646,0.015752291577311013,-0.071570726898242065,0.99731113317826847,-2.2275851897689889,-1.1455215538928314,-1.0956094465673816,,0.07266803275650557,0.3701067615658363,0,5
0.1763086704199501,-0.98187060058239484,-0.069608738292809488,0.98426855620426845,0.17667662178290164,0.0008835060539876563,0.01143074810829663,-0.06866946211635086,0.99757397869548303,2.8589750939427554,14.333064860111369,-0.82063124583216851,0.4737291270051542,0.1848850959404564,0.3055555555555556,1,5
0.31566790090617286,-0.9458924768160033,-0.075107913300643273,0.94829934392476789,0.31174409283377458,0.059531293410291827,-0.032895754275374348,-0.090016903335614684,0.99539681859272633,-22.146582095393484,26.118665269189545,-0.86478673033032594,0.8797112219354766,0.5858970727746508,0.7,1,5
-0.79959138073115388,-0.60008502820366982,-0.023485799672321804,0.60053011621474506,-0.79923074243457148,-0.02436800908137891,-0.0041476956919128255,-0.033588380033664655,0.99942714459192206,-1.9824933566645815,-2.2114746763480704,-1.0879897832905239,,0.08265122093681102,0.4615384615384616,0,5
-0.38322879359225714,0.91786403083785817,0.10325363265232718,-0.92329340574968721,-0.38379926687517085,-0.01508010759992112,0.025787180167029168,-0.10111252959035347,0.99454073707358648,-9.2946849680406132,-3.9595473796602647,-1.0869449888502236,,0.08579325938938136,0.3928571428571428,0,2
0.9878754490476197,-0.15260957570931927,0.028502887060538301,0.14557944489595015,0.97438335952764921,0.17141672584494289,-0.053932572650961873,-0.16518894054214048,0.98478621615547346,4.5139908876828745,-17.102643544580232,-0.88183130630615669,0.5842571245839123,0.6001120277034842,0.1428571428571428,1,5
0.010461736846719669,0.9958892949371636,0.089972575219949419,-0.99960064785967684,0.0080536134558287162,0.027086603862776448,0.026250654480695735,-0.090220017401148642,0.99557583920034542,2.9947723647245912,18.491820440661495,-0.75109196817591795,,0.1005082791651846,0.2,0,6
-0.56202802251063733,0.78523140694091698,0.25987716226396618,-0.82675452903425972,-0.54264737130946328,-0.14836030173961992,0.024524490496723363,-0.29823726790010491,0.95417665104599947,-5.2682711740045089,21.095814165293909,-0.76244703950148751,,0.125049942680074,0.2,0,2
-0.50777708149637768,-0.84567304195528159,-0.16431537243094743,0.86148844980485428,-0.49852019540894787,-0.096515623720999269,-0.0002938704646211727,-0.19056421720649572,0.9816746878475705,14.537126964031081,1.9595012220555177,-0.81123319858894472,,0.1931227702986137,0.3333333333333333,0,2
-0.99257438073123783,0.11011428289839004,0.051681170824324892,-0.11468454999192892,-0.98876245264988172,-0.095897164832647097,0.040540753682541342,-0.10111210081668973,0.99404868611114172,-2.8080891554658955,-22.679001977151962,-0.85004387156487915,,0.1927379374364202,0.375,0,7
0.98228288363902116,-0.17892059500844107,-0.055747261741135111,0.18697534893707468,0.95578278301251474,0.22697905318930173,0.012671045721186741,-0.23338100260877723,0.97230280891379406,-6.9205838138834697,-15.370002406890835,-1.190999015217727,,0.34851268125457,0.2173913043478261,0,3
0.7001637544103908,0.70028293688721976,0.13919240393985288,-0.71334466992957501,0.67787894884730004,0.17781876333150257,0.030167845349161872,-0.22379441238397602,0.97416937033182238,-12.578188417311123,7.5844187516635175,-1.0818976377231355,0.8089979301162266,0.3625080598003317,0.2352941176470588,1,4
-0.71093327743194079,0.69528140021821849,0.10562977587059956,-0.70313801782859464,-0.70553805462777686,-0.08839107056783424,0.013069159267319816,-0.13711246472384037,0.99046926711200867,7.5755725155849021,10.108548681927527,-0.73451890662161679,,0.1112613450961276,0.25,0,5
0.82221730998468845,0.56153187432430152,0.092955092810346682,-0.56913052442742817,0.80910511782735861,0.14642183741006018,0.0070100874819106016,-0.1732941499976679,0.98484516359176089,10.893289502671831,-5.7344182305089406,-0.93158219642374196,,0.314578210327103,0.4666666666666667,0,1
-0.67064605664481014,0.72747974657712444,0.14493821106543733,-0.73965429104600133,-0.67060990098015882,-0.056514515344464687,0.056083834070114059,-0.14510540661003943,0.98782540184413747,11.69881248169848,2.3758537333906622,-0.86309650666626958,0.2326441989923172,0.2688315459648815,0.4761904761904762,1,5
-0.0062916193231089433,-0.99932361958978844,-0.036231462242853125,0.99958951132522778,-0.0072977553289692602,0.027704721903499641,-0.027950391318992913,-0.036042282074262598,0.99895932325995807,2.5370052525982483,21.1153169996335,-0.74063567975778544,,0.1139817574604552,0.3571428571428572,0,2
0.98597967257919317,0.16662178104642542,0.0090148400731782773,-0.16685720038701932,0.98502882414561921,0.04332309177916574,-0.0016613066044612551,-0.0442198788240874,0.99902044142107005,14.255220444044884,-1.6404161415586889,-0.87066535069955509,0.4788392587812775,0.4734705038689162,0.9424083769633508,1,5
0.23065173448229215,0.96624193035239625,0.11478810656678307,-0.97280285045114068,0.22640182542340564,0.048957405967719324,0.021316461583678933,-0.12295830786826384,0.99218287779608816,7.1333071789500062,13.271777169976174,-0.77257057878906077,,0.1231694117761441,0.5925925925925926,0,8
-0.69497685324358038,-0.7186132302486169,-0.024539738533635409,0.7189414637382574,-0.69394252474129703,-0.039584644416323748,0.011416881077735011,-0.045153047154348723,0.99891483979322993,-4.1049189271281614,2.2811775118492266,-1.117812719448982,0.5340664334318815,0.2245698879873135,0.3248730964467005,1,5
0.96249082530872487,0.26844983672803568,0.039320431803585923,-0.2710640483474962,0.95767351266427314,0.09687995063344651,-0.011648729115047258,-0.10390441906850612,0.99451906910226751,-2.0393365187846046,11.443341967218624,-0.88907737351072158,,0.1019978292466172,0.2391304347826087,0,5
0.99857018409293907,-0.053012227384020803,0.0068768589034876341,0.052054784572850087,0.99357346431503824,0.10050905636850896,-0.012160873474704679,-0.10000737351215064,0.994912377247129,-10.593125839671732,-6.8672827816784725,-1.0857082692644311,,0.07881730676571683,0.3809523809523809,0,2
-0.37494248815900283,-0.9261522513748035,-0.040744789194668694,0.9268459186782424,-0.37541630135459125,0.0043867649496303627,-0.019359070293287286,-0.036119357007300956,0.99915995638674293,-19.450449986726969,-6.2693402581523676,-1.0163717402686414,,0.1930797493901538,0.7428571428571429,0,1
0.022662118218620558,0.99817073679074475,0.056050054526883511,-0.9994449006476247,0.021250297748279457,0.025657658019963912,0.024419643062608767,-0.056600398057176399,0.99809822962094474,4.6096052158594407,9.473763541697414,-0.76808996148616415,,0.07446592461801724,0.2954545454545455,0,5
-0.12789759703264456,0.96742413736521893,0.21847824403459046,-0.99144635699213934,-0.13048918858103081,-0.0025870582678403798,0.026006266173603115,-0.2169403376659744,0.97583839031526221,-13.913412488830765,11.630539941286631,-1.0060525329226895,,0.08014166359522014,0.4117647058823529,0,2
-0.94461903763511679,0.32322726412352681,0.056736315218071084,-0.32689772904618442,-0.94199323540246627,-0.076069831079347325,0.028857381754968731,-0.090403983226474943,0.99548700209246033,-14.391172029727935,12.688218492952108,-1.0076384226860562,0.2218966662960516,0.2258108211536672,0.5,1,5
-0.23184654701175364,0.95578495515684381,0.18089305717621107,-0.97104108999878114,-0.23842739121639372,0.015217774203991639,0.05767477934683108,-0.17212640301119989,0.98338503202647931,11.261183118371004,16.046740962423833,-0.73883212195603776,,0.2033944605949473,0.25,0,2
-0.040751206466297596,0.99833344938975721,0.040861510019691044,-0.99867042306398401,-0.041988967322941842,0.029905061784851521,0.031570956094867514,-0.039588514151216204,0.99871718933767939,-13.736263798803346,-21.377046932966955,-1.2742443870686531,,0.1213681073799146,0.1764705882352941,0,2
-0.31340052837763155,-0.93143807220811592,-0.18494114321548585,0.9493062778938659,-0.31231165672062838,-0.035763386692428581,-0.02444789487700633,-0.1867740525813098,0.9820986476512622,7.2148959795090901,-13.113000753740138,-0.83448696839289072,,0.4262292857178188,0.2580645161290323,0,5
0.28756933910979871,0.94705659470621073,0.14278543912959007,-0.95756053757113779,0.28125543086333255,0.063033320524590153,0.019536941685640432,-0.15485215217541373,0.98774446031158025,12.223218743185884,16.89183304559301,-0.69833996905524587,0.5158524686936485,0.3644551393003035,0.8064516129032258,1,5
0.94014181228930493,-0.34077087669288275,0.0029295705052341473,0.34040810117505238,0.93947493508187141,0.038848050238192308,-0.015990542197700561,-0.035525426821894891,0.99924083513902973,-12.147592989908365,-5.08707341534382,-1.0505249177250757,,0.2691769630024022,0.6136363636363636,0,1
0.9797580127423372,0.19953105065933907,0.016173938603983331,-0.20017828061859791,0.97720611365447008,0.07068852385577358,-0.0017007162511842977,-0.072495318877198206,0.99736730260477535,8.1267269614080302,3.1372637991675969,-0.91868842106080872,,0.08371279188921044,0.2307692307692308,0,3
0.96683698828570031,0.25210597254388373,0.040851152864282564,-0.25539415953952949,0.95454324771558841,0.15369128639476204,-0.00024770089992619276,-0.1590275663156609,0.98727411178253044,-3.7615089419426924,0.45461174658681347,-1.1333532280942786,,0.09240823409178571,0.2981481481481482,0,5
-0.86921846561862803,-0.49438421611521571,-0.0065958990092705979,0.49442110871119299,-0.86905710463489039,-0.016956301023963644,0.0026507146944850443,-0.017999881659727882,0.99983447528670644,13.833769604679699,-16.935845602356697,-0.76380790594895132,0.4987969659980044,0.3524606604978533,0.7073170731707317,1,5
-0.20548857526200273,0.9765448707675275,0.06430055065412614,-0.97833015107951415,-0.20668000462639438,0.01238915559541774,0.02538820445652052,-0.060361337503945553,0.99785367063974229,-17.482280026334696,3.0661150449470225,-1.1113187420361887,,0.3594094285924269,0.3809523809523809,0,1
-0.013858273505760139,-0.99837801166195539,-0.055220413665248234,0.99957176821355442,-0.015255975834870395,0.024970690654366749,-0.025772629781801015,-0.05485071586814011,0.99816189594818938,1.3530901313037624,-22.028438538071558,-0.82328061915355955,,0.1472689239828322,0.36,0,3
0.6676345133521282,-0.73352937262422535,-0.12727456964601674,0.74410955863173212,0.65201187941804328,0.14553856482266789,-0.023772280789979689,-0.19187279274369007,0.98113185152189453,8.248381747098799,-15.579003925179792,-0.82469659842861742,,0.1469823392983926,0.2173913043478261,0,5
0.73989076842277968,-0.64929061919115816,-0.17602085851713931,0.67253206114550235,0.70760862636041144,0.21677328855676453,-0.016194984845032033,-0.27876822582693006,0.96022184870746152,14.672430615247244,3.277675702451512,-0.82603611835186463,,0.2413469985149739,0.2173913043478261,0,5
-0.65096645606204762,-0.75898180705580542,-0.013758257168764955,0.75899094110066567,-0.65107668196013246,0.0056484984651202236,-0.013244787999202591,-0.0067654095285146574,0.99988939629579388,3.3673702155355136,5.1369302611632932,-1.0084919428020236,0.5609604344723005,0.5315357444519575,0.923162583518931,1,5
-0.41895782806992182,-0.90756503173697756,-0.028285181052854286,0.90781971503399184,-0.41929918401223848,0.0071804792509513153,-0.018376705214376576,-0.022669527011607352,0.99957410393153634,-14.207029156053887,5.7160203892311081,-1.052977351650332,,0.1255762474661211,0.6621621621621622,0,5
0.67458235244677545,-0.73436638232815443,-0.075130994094548029,0.73768767943460034,0.66682444880638514,0.1056505659448026,-0.027487040178434018,-0.12669321599959982,0.9915610377792734,9.3793524204821761,-16.573780693695603,-0.81096116354690784,0.712539977043792,0.4278153628220866,0.4285714285714285,1,5
-0.88152627517991433,-0.46848679551043704,-0.058579421299529748,0.47157970343353944,-0.87970167515496378,-0.061135472837677347,-0.022891253285065853,-0.081517391775701123,0.99640900505822716,5.9126416373045325,11.099350017191535,-0.78504350420140478,,0.1148635886780272,0.325,0,4
0.30983627943234127,0.94396470427118473,0.113719466397529,-0.95056954308442054,0.30496578154684906,0.058424445618219308,0.020470068583197238,-0.12620027407154941,0.99179356073553204,-10.145981891561348,-6.0241483073032596,-1.0603958277701124,,0.1405662150142409,0.1379310344827586,0,1
-0.79503880104740654,-0.60171689487409308,-0.076485836938498822,0.60646334227535736,-0.79080321270671861,-0.082658896973865692,-0.01074799075669507,-0.11210288665245319,0.99363847726367871,-8.785964214175296,-24.662735024892605,-0.95081909476198745,0.9504966985858677,0.7150748594955959,0.5949367088607594,1,5
0.083336099395462424,0.96868962591280239,0.23387069757980311,-0.99624572488047081,0.075465333100997428,0.042419796762131624,0.023442486961383933,-0.23652778303799671,0.97134188505190855,-11.99186942934857,-11.750436910052949,-1.2583935081320765,,0.3945468731356355,0.375,0,1
-0.31617921556986367,-0.94862622311032008,-0.011789506735852407,0.94848082741885253,-0.31634872485764354,0.01753865159560784,-0.020367220244176761,-0.0056367640000290044,0.99977667667891379,5.7169257064496151,-4.7367392327153377,-1.0095071516343368,,0.1186363300169551,0.4047619047619048,0,1
-0.50487058987553546,-0.86302708136675677,-0.017027751064253197,0.8630886841528107,-0.50501981467710644,0.0057367299807042161,-0.013550305018673393,-0.011800153010813108,0.99983855977993885,8.1502448981360267,16.229637407941794,-0.77757077566509414,,0.1198759811175958,0.4166666666666667,0,6
0.57557462728675535,-0.81408246297254439,-0.077353680612288464,0.81753612268038067,0.57068484509984463,0.077158898943001139,-0.018669133253641331,-0.10765013262380109,0.99401353733721132,13.257300271996522,10.711874850664229,-0.66616881038478493,,0.4852312079895946,0.3333333333333333,0,5
0.033505788849569701,-0.99906186545429654,-0.027436310038878253,0.99844378761185193,0.032235344100685202,0.045506983749870514,-0.044579873181387654,-0.028918360702014631,0.99858718363568066,3.4855987741752124,-13.64664715995325,-0.87775579649955959,,0.06738910789176486,0.3,0,5
0.85466236094017844,-0.51453439706962478,-0.069329669149340745,0.51917824582849481,0.8476385803258879,0.10937452263466318,0.0024895482736062165,-0.1294727437544709,0.99157985597433462,-9.3752657878205383,7.1208458188577488,-1.0902683273654066,0.6042242402846122,0.371377973775897,0.7313432835820896,1,5
0.38821566504246208,0.9127982327191666,0.1268384159488154,-0.92136669055541354,0.38155632727313293,0.074149785251228006,0.019287792787254711,-0.14565079973211226,0.98914803016878738,-1.862348425967888,0.16119361420420664,-1.1167661334911048,0.4145889560898482,0.4798720706422563,0.6414017929910351,1,5
-0.76627232902334952,0.64169738367402585,0.032421991904304892,-0.64236439690533653,-0.7662114930967201,-0.016968483578099443,0.013953471309185127,-0.03382921270746321,0.99933021819917878,-9.1601719528738101,-1.7619922640642289,-1.1162716986253434,0.1366028346755033,0.1491522875225121,0.6787564766839378,1,2
-0.94465775655466266,-0.32805642849214639,-0.00083827566398710844,0.32572326290733661,-0.93762886359829567,-0.12147621227370931,0.039065060887060563,-0.11502649204572991,0.99259398907385288,-6.1746901543804009,19.979574256362653,-0.7751472183227287,,0.3488198833856749,0.5,0,3
-0.064319109610313646,0.98663365258975588,0.14972337064177502,-0.99782522071266844,-0.065752124600944012,0.0046354093862409091,0.014418080616107007,-0.14909960995207139,0.98871706026723782,-8.2100048594560082,8.7504905276648177,-1.0786514273235868,,0.1335024916918683,0.3181818181818182,0,5
0.62611067094347306,0.77703350724825959,0.064841008198379957,-0.77957546354924456,0.62213714580627544,0.072162791243143551,0.015732907000742407,-0.095730352665650831,0.99528296238598202,4.8939955415426191,13.809084981652182,-0.80230130582387416,,0.0802264019858335,0.2727272727272727,0,5
-0.81273588365858329,-0.58261272108203777,0.0047750023125817265,0.58258511386408984,-0.81253849557809299,0.019385002131936207,-0.0074140756448213907,0.018536732103399418,0.99980069066052346,-20.546464920614138,-7.5900371817058279,-1.0172642221905703,0.4269788246747215,0.4227990271754476,0.868421052631579,1,1
0.87993743966065063,0.45800103456086405,0.12627412492129128,-0.47508576853587103,0.84721643098664201,0.23773479257554767,0.0019012675089354722,-0.26918278438160936,0.96308723061539181,-3.1999430377424343,5.4870563334436353,-1.0863023689998537,0.2157207914621454,0.2318263646983938,0.2446351931330472,1,2
-0.82397248397858713,-0.56261091677355513,-0.067366920468274305,0.56634090660284331,-0.82150729949403245,-0.06620977560975809,-0.018092074353943881,-0.092707676085881291,0.9955289868408298,10.345528049340627,1.2441543982015526,-0.90700044054758477,,0.1204097198365397,0.3448275862068966,0,5
-0.21570123138404124,-0.97617200593318787,-0.023689525360013827,0.97611823374409423,-0.21620367004242455,0.021193555919089575,-0.02581031831879297,-0.018552301543498483,0.99949469211983322,2.1973483230634745,-14.093102745387984,-0.90794661938025878,,0.09220534951254811,0.2857142857142857,0,5
-0.6424204618782221,0.76326186398883233,0.068755197188748521,-0.76431469335297675,-0.64466665508516863,0.015098123924663287,0.055848005200864609,-0.042851263710564962,0.99751930783994902,6.5094191265782788,-17.191050640719983,-0.86052662365206622,0.3402008480559304,0.314366176019669,0.2962962962962963,1,5
-0.69662009036989425,-0.71299833296484461,-0.079710895631608866,0.7174204451690096,-0.69146342410505723,-0.084771681465042853,0.005324898735289226,-0.11623988263183527,0.99320689442794186,-0.41193965213024969,-4.5080040115110185,-1.0966762614013463,0.4948461743445789,0.5367787784806323,0.2832764505119454,1,3
-0.94953507770953161,0.3092487560785917,0.052424641753646015,-0.31328204406599308,-0.94325971147518417,-0.11007033012391072,0.015410939782754703,-0.12093933839573098,0.99254026586502586,-0.44436610693447726,-19.784991932112906,-0.90052132133111285,,0.8436106187792003,0.5714285714285714,0,1
-0.28890828281274239,-0.94134556252424306,-0.17435749492955196,0.95730609653500631,-0.28593543674249722,-0.042496629887407635,-0.0098509724952628563,-0.17919112123873099,0.98376496197521912,-3.0986191851690563,11.498908088344496,-0.93063504377528727,,0.4837307029735297,0.8198198198198198,0,2
0.66581853932729218,0.73539688074872445,0.1260043668811397,-0.74610154468906043,0.65527981872134389,0.11807135211015825,0.0042611853596237585,-0.17262614796596937,0.98497820043783801,9.0419313008634372,11.516033326112181,-0.73400636943370701,,0.3762373860240161,0.1538461538461539,0,4
