axis_00,axis_01,axis_02,axis_10,axis_11,axis_12,axis_20,axis_21,axis_22,location_x,location_y,location_z,dbh,dbh_approximation,score,reconstructed,number_clusters
0.82304545579166,-0.56705910017371097,0.032251428044038001,0.55415461372361607,0.81417243744473433,0.17330870201501786,-0.12453450039859769,-0.12476866199283249,0.9843393414849323,-8.094308385388306,-8.1964201315846203,0.76751837305753745,,0.1059012188270703,0.3125,0,4
-0.96694701168943842,0.2448296887928319,0.071217273680400942,-0.24268120246723915,-0.96937971482440333,0.037534017317795036,0.078226022229939116,0.019010312268943386,0.99675438171774178,-5.3326009465522741,19.73037106969964,-2.4050728524924878,0.5088341519392814,0.3164451135147455,0.3478260869565217,1,5
-0.68310066521665458,0.71557372199222369,0.14604016425201499,-0.72154979893164284,-0.69216664494758107,0.016468857996568199,0.11286881253147679,-0.09412536329917133,0.989141570828731,-3.2382732268817298,-3.5969599791552298,-0.31879235527358896,,0.1314983780053884,0.379746835443038,0,5
0.20717019483838559,-0.97706103573129155,-0.049317773939230841,0.97190477089187755,0.19979625973585999,0.12442897939454398,-0.11172120071066365,-0.073710155686014786,0.99100211213726053,-30.309715024530256,14.900178534662581,0.48439078542953767,,0.424082393538483,0.6,0,1
-0.99636967223199324,0.025881679398278876,0.08110249643404692,-0.02085657113057093,-0.99784538915634313,0.062205970614574377,0.082537747103887643,0.060288622566372907,0.99476268641926047,-3.0087406216580401,9.4892099193503192,-1.7191088966221921,,0.1381179987470603,0.5918367346938775,0,5
-0.75418322549357564,0.6370693474157838,0.15921780355014764,-0.64091420724114712,-0.76691448180464816,0.032728528148384159,0.14295678137310602,-0.077361645416413952,0.98670083332178582,17.410421332230541,-12.339505074681769,-1.1314445008116256,0.3761593500899445,0.3501286384399939,0.3333333333333333,1,5
-0.99052858922240039,0.095665934776745731,0.098494379821249797,-0.092680575285501984,-0.99509932057146444,0.034462344130346392,0.1013085628060609,0.025007421328506713,0.99454070001215611,6.5662047709264995,0.91561069043458487,-1.6864385431875175,,0.06807298204824105,0.25,0,5
-0.45141829310049203,-0.89173320339319606,-0.032146829086970828,0.89157302747332701,-0.45221776272455777,0.024426046721515625,-0.03631888401760771,-0.017634881414518723,0.99918464240660332,-14.761205113932359,19.459764535327469,-1.7601698940855488,,0.1157401339785802,0.2105263157894737,0,2
0.88936573965887111,-0.45361336993935863,0.057126979031697299,0.44295089393626963,0.88584959258762175,0.13807608364016233,-0.11323906870903341,-0.097495691825864275,0.98877272585428244,-2.5039015028311793,-10.044298980366689,0.50671909431477313,0.8673961190490624,0.5895647212197892,0.7443609022556391,1,5
0.12832116955159339,-0.98853265998038842,-0.079604381770163546,0.98498859351312185,0.11769226497868888,0.12627747785424556,-0.11546059108611306,-0.094613481683557238,0.98879580348510898,-7.5366509251281233,-18.008137307437803,1.8909624536238259,,0.1778318825879447,0.3571428571428572,0,4
0.89731904618997782,0.40554666282849083,0.17421375839291239,-0.44066280594065121,0.84565218416457388,0.30114560411568225,-0.025195650521900922,-0.34699320985627591,0.93752914168489632,13.296451962245154,-6.2858789584478716,-1.4707325721846805,,0.2428876541371413,0.2857142857142857,0,5
-0.96732178046341177,0.23064810549606521,0.10530918512727527,-0.23441166784230971,-0.97182330198950262,-0.024711124814674888,0.09664234589703094,-0.048589310977784086,0.99413245387031945,-9.7365306865159251,-7.7115452827124873,0.85667166046545262,0.4218866445621946,0.3384182333905799,0.7351598173515982,1,4
-0.66969970333656337,-0.74238058718789768,-0.01932281339429014,0.74174546371090633,-0.66994475977926038,0.031427470604577484,-0.036276361658953836,0.0067143585591570671,0.99931923976971826,16.268168760780004,-8.2569780551668241,-1.5163398088154532,,0.3116446677276336,0.2,0,5
-0.88387189456780246,-0.4676133916458125,-0.010401439641860301,0.46501845456608093,-0.87614165214367112,-0.12701827542496427,0.050282312059977338,-0.11710474513211842,0.99184583870753062,-3.2695273947646668,-19.038682368892118,1.6330234324846153,,0.3189635943216602,0.2608695652173913,0,7
-0.92628032042855357,-0.36942140130635825,0.074381424049434736,0.3748408971536546,-0.9235313775188575,0.081142446100448962,0.038717822870335233,0.1030418506965371,0.99392318978742689,-4.9008569520414875,-8.782209398984925,0.54346004431244355,,0.1044449094931571,0.4766355140186916,0,5
0.9291745452444522,-0.36702066929009436,0.043937373426468397,0.35322853029102319,0.91664883814588349,0.18704147378120722,-0.10892322919473833,-0.15827424250222605,0.98136893893282451,-19.798903285762968,14.996722348469827,-0.73068001391026516,,0.1399346110674422,0.2222222222222222,0,1
-0.99565349118857116,-0.052691691394536798,0.076796556836830135,0.055816262769830968,-0.99767426289331029,0.039123010757085824,0.074556490625691182,0.043239459042323292,0.99627891621137321,-11.087877518704099,7.101080320360464,-0.79972967793816574,,0.06795163500246797,0.2352941176470588,0,4
0.99465042546068738,0.063303140975200511,0.081628692710022224,-0.081423513388540147,0.96674364764575227,0.24243954133773626,-0.063566835679775419,-0.24778908789383691,0.96672634458899542,-8.1640211754544012,-11.16284087065255,1.140067476237222,,0.1331216077842327,0.2380952380952381,0,3
-0.10926470649011555,-0.97332002370212312,-0.20176559512495415,0.99009335828942491,-0.12457567886209837,0.06477686398102149,-0.088183704769063495,-0.19268895063429392,0.97728941594425223,-15.049973525740768,-7.6108005851209342,1.4671033500735327,,0.3266378267925356,0.2,0,1
0.91752197734987606,0.36347276872468537,0.16137213971309566,-0.39267944641268659,0.89221257618206329,0.22306853491156067,-0.062898914497768896,-0.2680378057255644,0.96135293272389066,-4.3585524871175707,-14.492483742537024,1.170159713179818,,0.196708638852105,0.6,0,7
0.39354585095944977,-0.89997840043757371,-0.18751144481985466,0.91134626931395279,0.35515551179958704,0.20811664961245724,-0.12070476626937071,-0.25279129966080766,0.95996193581602862,2.5955532710830282,4.9125554981908426,-1.7732016755612721,,0.2742024928610052,0.3111111111111111,0,1
0.028146568110203309,-0.99489819888992703,-0.096877987949766792,0.99526743413181384,0.018874960455638894,0.095322979519487483,-0.093008092445185875,-0.099102521226130169,0.99072104299158359,6.3351440966556511,9.2414592868556333,-2.4595822080577268,,0.321368326632382,0.2105263157894737,0,5
-0.76049226870633746,-0.63890223203470464,-0.11599761695379306,0.64934128778201183,-0.74900159642014041,-0.1317288903076255,-0.0027205182383261994,-0.17550084461663504,0.98447552144243888,-11.876964402109108,7.713966640083922,-0.80964347251159574,,0.3821321118395496,0.1320754716981132,0,1
-0.29787893374867008,0.94010881227086007,0.16572133815362536,-0.94814687079453019,-0.31152893683769078,0.062985973957056116,0.11084066145280973,-0.13836597343079271,0.98415913609804662,8.0896302812276755,13.361678882322297,-2.9623459805689509,,0.2024413947769953,0.75,0,4
-0.76559135758610752,-0.641880128618042,0.043125093330297244,0.64332631371740967,-0.76397887423314881,0.049674277088044949,0.0010617288873973846,0.065773704553844167,0.9978340004835643,-10.59170818716753,-6.8478947083523991,0.82737103552532021,0.446816402904861,0.3714835107779294,0.9090909090909091,1,4
-0.83563596946025864,0.5275173534980141,0.15309463838640897,-0.52609716169493692,-0.84877070236698848,0.053010105262874578,0.15790599418877513,-0.036245504023269925,0.98678871114203304,-9.4588984118498427,-9.3732805069725114,1.0663865887817185,,0.3628035775303954,0.4285714285714285,0,4
0.73734512871558577,0.66801462551587742,0.10039233664119147,-0.67547898222079061,0.72755632785808466,0.11995805255014844,0.007092653760143462,-0.15626339907521919,0.98768995356442579,16.210442408159917,-7.2571948500956278,-1.6471784396431752,,0.08427675389753927,0.375,0,5
-0.54389015221366366,-0.83277402243992182,-0.10330019300190044,0.83846498162821947,-0.54430492825107102,-0.02661991105893537,-0.034058433730678635,-0.10109190190528865,0.99429394570267005,6.2512848489446053,12.275541243565991,-2.7311892193117844,,0.1725255907075101,0.1666666666666667,0,3
-0.73523688247589425,0.67171153337035261,0.090721235575683623,-0.66692433900330528,-0.74081100380327747,0.080068612383292395,0.12099029999191346,-0.0016348031170132608,0.99265234333407815,-10.245233750219738,-3.7176971022589052,0.41395563834491061,,0.07893863786704193,0.3928571428571428,0,2
0.60336220824784981,0.79117664059371318,0.099967840014301063,-0.79687648495086016,0.59333490630064023,0.11376096297751799,0.030690607531295752,-0.14830108679324333,0.98846591962763364,-3.962535709253511,-8.8574755925917135,0.46569229599915796,0.5504259976920711,0.5219388547527319,0.9614643545279383,1,5
-0.38611566712139395,-0.91862085106171476,-0.083966800570531769,0.9204806784286782,-0.38963700146879487,0.029972115805967928,-0.060249582927028832,-0.065717114065187585,0.99601769496132053,-3.1586536415692805,4.2371897776750753,-1.1843350546219196,0.5113317481533852,0.2552712003481064,0.2472527472527473,1,5
-0.80497236475744383,-0.59088001649109623,-0.053668408661802273,0.59327857315989918,-0.80066224105126349,-0.083429673283086994,0.0063266583725435513,-0.098998898308263916,0.99506743064356562,-20.223087946172296,-16.071825266564534,2.9832566296515077,,0.6029022761266587,0.3333333333333333,0,1
-0.98853904218850519,-0.14723093418787106,0.033370856854431363,0.14290860599326208,-0.98388152721052868,-0.10749079377760655,0.048658939590734654,-0.10148986369112985,0.99364587009953453,-14.370901592383687,11.334557214783048,-0.95839524798270659,,0.2383852377349086,0.1794871794871795,0,5
-0.60587008849725865,0.7562943350828053,0.24686092154486736,-0.78562081126083261,-0.61767026672348091,-0.03582432859964562,0.12538491447616557,-0.21564396659169763,0.96838850824160627,-1.6625234188318987,-8.4826465914395435,0.23858445680245446,,0.6700059522759283,0.3483146067415731,0,1
0.97060325450271201,-0.23493266211814612,0.052306468231226817,0.21619155116109454,0.94650924908806733,0.2395442643798899,-0.10578532769388792,-0.22119422610191186,0.96947541422352368,8.5575563579856819,20.251831145158626,-3.5473471523418838,,0.1341551739313923,0.25,0,4
0.38864372825305599,0.8653062768812454,0.3165455728319107,-0.91626584149223089,0.32678372974779885,0.23166635855611867,0.097020411275665366,-0.38007557296153022,0.91985303099672722,-13.60137219382624,-11.666586185840051,1.7671720861095792,,0.4866619367767763,0.2857142857142857,0,2
-0.70786153569693067,-0.7015149055815989,-0.082515959229862906,0.7043685770966237,-0.70978820049166635,-0.0081004963848465249,-0.052886235257028388,-0.063855678601386426,0.99655682147617464,7.4271343734979069,14.286242366693372,-2.9885679290980729,,0.3279274209917585,0.4029850746268657,0,5
-0.42648553768563602,0.84875414990228326,0.3126123464750632,-0.8920662658192714,-0.45180167018127232,0.009645113201658664,0.14942511011290538,-0.2747574272791618,0.94983182333646887,10.954979001609649,3.0644204319300661,-2.2644386936222198,,0.2799080194866518,0.1333333333333333,0,4
-0.98568313657639262,-0.15339304851703084,0.069995192231869979,0.15895930498303174,-0.98383817260016493,0.082428086803467762,0.056220046497989826,0.092374362251764999,0.99413594823361273,-9.4850480444161001,-0.47776738312526928,-0.10248238823486945,0.3298155617164648,0.2845143096745482,0.9163385826771654,1,2
0.76546872196167948,-0.64137580890504764,0.051910571656929964,0.63159950844946322,0.76432114649625227,0.1299817138871924,-0.12304347453136304,-0.066710244865770263,0.99015657681257663,-0.98926938502609363,1.2768202907485509,-1.0960318137075784,0.2460391881452576,0.2238052579319304,0.8261278195488722,1,4
-0.50543673554119473,0.83877708115386718,0.20245175844249649,-0.85608870875626897,-0.51681406305274158,0.003917521019849767,0.10791584269922735,-0.17133660543478607,0.9792844012505254,16.383858451595518,-0.16678597214546459,-2.3934287190926353,0.8236940487206792,0.4570703114639957,0.3684210526315789,1,5
-0.98506656288058114,0.14996836640565603,0.084577513396038792,-0.14487214302902521,-0.98740998622165532,0.063510481685532527,0.093037244525060167,0.050309126283107394,0.99439079990907742,9.4397374348675633,-3.4939885689307775,-1.4920459261823393,0.5880542595505476,0.5578838076158068,0.9913544668587896,1,5
0.96813423331242421,-0.24945593614201614,0.022087150383777766,0.23743885143402765,0.94236752231166099,0.23572493445088002,-0.079617197377545329,-0.22296903106864932,0.97156878967268889,8.5774913651218618,4.0654066092122978,-2.1584112080673274,,0.1563843552957749,0.2777777777777778,0,4
0.59463013170081591,-0.80396938878103119,0.0069446653285479588,0.79248025113782994,0.58754573505254859,0.16360030800118566,-0.13560994812325733,-0.091778162569403257,0.98650226094286886,-3.6261536495527684,-17.315521387194821,1.4390225503410512,,0.5421530275253406,0.6842105263157895,0,2
0.96878985402193452,-0.23729652552939989,0.071669921974505169,0.22693669033370478,0.96536748021022378,0.12870651394916216,-0.099729420556528905,-0.10842502997111196,0.98908950836171594,-13.531876043622056,14.550965422534253,-1.3321772007368944,,0.07593003531044024,0.4736842105263158,0,1
0.84372412316580603,-0.53640885106782965,0.019878342088364271,0.5233652429656851,0.83030525768918839,0.19152545916707542,-0.11924104345216267,-0.15119101676283739,0.98128632417182826,-10.192428291708783,-13.091792340980293,1.6139192130836577,0.3060971096814573,0.1292486478526597,0.2777777777777778,1,3
-0.56067674149301772,0.80221352561566339,0.20517078463577687,-0.81855957209733643,-0.57435409943411964,0.0088088246121844158,0.12490723948834374,-0.16300560659839311,0.97868654519253151,-0.10888942826782141,-4.1163645683042045,-0.52085643610666377,,0.07530460224128047,0.2857142857142857,0,2
0.75798544407063584,-0.64884874932455694,-0.06673355285762389,0.64210826729312565,0.72426952405179712,0.25125809360815721,-0.11469542122884846,-0.23330014365564319,0.96561690297933134,-9.1138910670037809,-13.41171092894329,1.5274694485197773,,0.3261095272586368,0.7083333333333334,0,3
0.95556258216139256,0.27530081220220398,0.10540215545167493,-0.29154500501683528,0.93546783895996766,0.19975342880987562,-0.043608045390567021,-0.22160637416910042,0.97416064040015471,-0.34000617258501942,26.499038687802322,-3.3659605118114646,0.4894898818553687,0.3515683674397084,0.4615384615384616,1,4
-0.98374482415373077,0.15503260138199795,0.090614642632826717,-0.15172513304310289,-0.98751474309173515,0.042357008623327565,0.096050012773539473,0.027919969290714605,0.99498485936269798,-10.678326660281275,8.801604084586284,-1.0143570896587564,,0.07778549758883997,0.1428571428571428,0,3
-0.69408002650094403,-0.71891169262250421,-0.037668222988271716,0.7197430961146285,-0.69406511781524827,-0.015604096495278871,-0.014926232202980028,-0.037941935147681356,0.99916846284771799,-13.275483590573927,18.374881928025605,-1.6902155346777139,,0.09578560617900597,0.4,0,1
-0.68751275149949242,0.71240673550761857,0.14072263403224886,-0.71523580850015478,-0.69782762249140606,0.038397233326386837,0.12555458878402809,-0.074251279392134717,0.98930419626316368,-5.878456674691841,8.2066698130460267,-1.3423264731668425,,0.08190155933817271,0.3076923076923077,0,5
-0.20210895728723038,0.96197866398508158,0.18370906189337799,-0.97199785777277026,-0.21999011174176614,0.082610624141148045,0.11988383489617467,-0.16186846750779396,0.97950317271424103,-21.279449000688121,11.594262451703448,-0.25222799377278216,0.3476467850782735,0.2353323050929862,0.4516129032258064,1,5
0.77269758427579049,-0.632687065937106,0.051434617236380417,0.62280548064109631,0.7712959724058609,0.13120920788538382,-0.12268568187759259,-0.069351276458281375,0.99001950683602025,4.1148369892872196,-3.195612532096201,-0.99776923710665144,,0.09439135299797334,0.373134328358209,0,5
0.99825700586199262,-0.036602121775978026,0.046295085364922391,0.027104871278136863,0.98116254378514245,0.19127307344752945,-0.052424004048189601,-0.18968486327212528,0.98044447902213749,-5.9684244303435507,-14.396077160498635,1.3650175249355385,0.1227434152371839,0.1398782949192793,0.3076923076923077,1,4
-0.67712690790803554,-0.73412387041663907,-0.050609223185063161,0.7356499775236004,-0.67699239571704783,-0.022369772256719909,-0.017839875459992743,-0.05237784861737841,0.99846797636067752,-20.625574896178765,9.1140347943385205,-0.036519022109266698,,0.08189924369704511,0.2307692307692308,0,1
0.17563308241912107,0.97982965518146892,0.095325060644735754,-0.98088234365033011,0.16593051853121932,0.10167050179377089,0.083802435972916478,-0.11135937251495695,0.99024049698953498,-8.3181343131351611,-2.8563557847482031,0.049065644046807903,,0.09640748207057322,0.3385416666666667,0,3
-0.60420216918372627,-0.79632823384370277,0.028303405043334166,0.79628071692400326,-0.60208394406031962,0.058582797473012663,-0.029610109906480171,0.057933308969341776,0.99788124198382844,10.642314747341283,-10.112505697781913,-0.79169988638983169,,0.08195591842715114,0.45,0,1
0.73359653906281941,-0.67615908999195207,0.06815425809373854,0.66254984671675365,0.73391556246311029,0.14965175505172718,-0.15120786517459653,-0.064628416317523349,0.98638701801758788,-10.995202805264446,-2.9263863201312761,0.39476809478093833,,0.1151355994598839,0.352112676056338,0,4
-0.98584318404160121,0.14537366752997979,0.083544678272165385,-0.13980391833773867,-0.98776714479761607,0.069071934067167273,0.092563928698665351,0.056414222029973302,0.99410731546278264,-13.589038802359076,-9.2160987638313667,1.5158370271557555,,0.07842104511435631,0.3846153846153846,0,1
-0.97592987457367708,-0.20156064701585544,0.08327175685161925,0.20841939520099823,-0.97442300942381743,0.084030675407733402,0.06420463860700118,0.099363495711349781,0.99297767351605826,5.3241990296090007,9.3161046577721525,-2.3721770150334005,0.5470983941731706,0.5465221638568087,0.9516129032258065,1,5
0.79240831082943775,0.59968735071800305,0.11164295910293563,-0.60998857475782731,0.77954051219051024,0.14223406244170639,-0.0017342414340407071,-0.18080838266678745,0.98351681285276926,-10.67716928855201,14.627223360260105,-1.5960940368822474,,0.1210337530450949,0.3571428571428572,0,2
0.027776422760112867,-0.99961186154904424,0.0021439657426326393,0.99161576737129542,0.027824885966084328,0.12619011697280955,-0.12620079333858575,-0.0013791198020864774,0.99200375895925086,-5.1911722305448791,-10.655869205888052,0.79776281894189682,,0.1312011122400276,0.2926829268292683,0,4
-0.87163008293415034,0.48011039077857004,0.098767460181248726,-0.4763105503435805,-0.87718930088632718,0.060557328556927026,0.11571196202468022,0.0057396059973766275,0.99326622753791138,6.4739715830638245,5.8230653228430649,-2.148454427031715,,0.1073430488464133,0.391304347826087,1,5
-0.85935362293527617,-0.50966473557615966,0.04187132739833125,0.51032236255879782,-0.85996157783116622,0.0060967964159706007,0.032900410642146924,0.026607178809752462,0.99910440946648016,12.772930720649239,-12.385527014983175,-0.69626752941999204,0.6246476583690974,0.2896686907100675,0.5769230769230769,1,5
0.98037860950110589,-0.19645693062852376,0.016200507421005265,0.17253903367312728,0.89495094527791497,0.41145241207861527,-0.095331337407077776,-0.40058392373407414,0.91128725227229657,2.238469245758457,3.7509027400910919,-1.6304230474921599,,0.5331272583214681,0.1428571428571428,0,1
-0.93042595967411135,0.35270422744877694,0.099535227453762962,-0.34998649248275676,-0.93571408102521914,0.04414310422647269,0.10870597335992273,0.0062359049778942955,0.9940543872671056,-2.6859393899252879,26.099583228179323,-3.1621574190337998,,0.3461563519490538,0.3888888888888889,0,1
0.16374098366963832,-0.9613389473304419,-0.22139629313178802,0.98045383239060102,0.13376967993085098,0.14427735540195058,-0.10908332969561509,-0.24069296017290409,0.9644520341135282,-8.2008041618409049,-6.9648301006322297,0.61235489207927996,,0.5251470549582035,0.1875,0,1
0.20647631465632157,0.93178371299578233,0.29857435201593635,-0.97526090867605242,0.17136378432960744,0.13964459684712383,0.078953730084801027,-0.32002119557308778,0.94411479327975134,-20.324052467359358,12.65076313450192,-0.44867423583652882,,0.2276282321766505,0.2173913043478261,0,1
-0.85268543518543016,-0.51997388291227364,0.050544136274811621,0.52214448893314303,-0.85139839926735517,0.049858784599429933,0.01710793089127341,0.068905201647760164,0.9974765119472746,-15.624821820684705,15.240576466323454,-1.2427702016273692,,0.08724158896571529,0.4666666666666667,0,1
0.5213362101157567,-0.85156020305309477,0.055260986222754147,0.84429358899816098,0.52413006546771412,0.11160649644807615,-0.12400359510411083,-0.011528011492950675,0.99221480202236167,1.1940100510730842,7.0565358741703346,-1.8342441272362804,,0.07782337664804946,0.265625,0,5
0.25391839796841664,-0.9494719653285344,-0.18446797615934019,0.96054537172176546,0.22515972939827836,0.16326568874441888,-0.11348143476819504,-0.21864602285992829,0.96918309965170557,-8.6108549255606999,9.5384438409590206,-1.2425860399712303,,0.3397119032243973,0.2564102564102564,0,2
-0.16776652856435773,-0.98564097671614759,0.019137839781501402,0.98258022936276923,-0.16560833282568888,0.084320655619505108,-0.079940507622055387,0.032950646681570654,0.99625487207059304,-12.528915702604301,-15.854902895215208,2.159773287014437,0.2380149284738226,0.2624134572793274,0.35,1,2
-0.17740133716290635,0.96774771083295164,0.17886624541928578,-0.97799680858900573,-0.19363147192621685,0.077647250237238674,0.10977708304801347,-0.16115589116525053,0.98080465475047651,18.581686876920234,-14.858951786414673,-0.91123115998733273,0.363725159363162,0.4337790131251292,0.65,1,5
-0.31375462222278944,-0.94710698611594446,0.067426952209079682,0.94705867380235731,-0.3070631725500142,0.093766072964796332,-0.068102168904917881,0.09327681873805016,0.99330837592187537,-4.9087673728980672,3.0089578586135439,-0.90535754393075796,0.1867388232917825,0.1559326557202478,0.6130346232179226,1,4
-0.95551986764015517,0.25156483891776771,0.15393802118131525,-0.26226861234063825,-0.96351795346399305,-0.053369732372163678,0.13489609900162983,-0.091368950813927624,0.98663810857948642,-7.4764937156269173,11.770285640418257,-1.5399626804887605,0.658521518861291,0.619603536514739,0.1449275362318841,1,3
0.40617383958144432,0.89810072765914428,0.16863539076297776,-0.91116713347603751,0.38406141880001382,0.14923565747629236,0.069262305135825042,-0.21427064560372083,0.97431556670302477,16.511743321451601,2.5421388352586547,-2.6510654571606267,0.9618154258439318,0.8087958604206331,0.8865979381443299,1,5
-0.065410633811670504,-0.99768771783757937,0.018457157430038354,0.99442595510390763,-0.063641605801569107,0.084064057876585954,-0.082695034917677268,0.02385295971235751,0.99628939947834649,5.5630914511540741,14.718057780581184,-2.8814520657148046,,0.1260944659339829,0.5,0,3
-0.85640905238835097,0.5089466579628914,0.086814943043751744,-0.5030385703730148,-0.86039725590445582,0.081662468424335152,0.11625717915191115,0.026265212363234942,0.99287179782444945,-11.918050621696024,6.817234475159232,-0.7081052302281895,0.4691095984693295,0.4288555295377793,0.9578754578754579,1,5
-0.99612289535506082,-0.037358081279225623,0.079646413055358939,0.034959717027928855,-0.99889852621836728,-0.031297803502809841,0.080727910506696601,-0.028392042580767822,0.99633172005277149,-6.9046243616852596,-5.6961121807414044,0.30358831929683794,0.6173667548720163,0.3004628969680797,0.1666666666666667,1,4
-0.69737341466775782,0.7093303375322545,0.10257091581442204,-0.70528569283138642,-0.70464373238485323,0.077777258232050589,0.12744572178768071,-0.01810200726774332,0.99168034433021601,4.6184306850428891,1.175834281221948,-1.531358139052863,0.5253571255794962,0.4547302511362673,0.8607242339832869,1,5
-0.50275570799617353,-0.86070180229879489,-0.080181703629145229,0.86257426777917945,-0.50558667499049081,0.018647966035789974,-0.056589138909143674,-0.059787302930184978,0.99660581363237877,-6.5947343625674408,-10.303271647439074,0.86197631504781491,,0.3251368834286221,0.2828282828282828,0,4
0.39802003147055198,-0.89726722394543523,-0.19102770317792311,0.90937915923894475,0.3584653942927617,0.21102631550686865,-0.12087017535376668,-0.25770931284644505,0.95863252124167098,6.0061768900462935,4.6300983283839852,-1.9817649884741333,,0.3124772437588629,0.1578947368421053,0,1
0.12030178293541105,-0.98140750187813763,-0.1495553284904115,0.98705322302175158,0.10214972784210809,0.12365827115141163,-0.1060821188746436,-0.16249537950076284,0.98099023221231385,1.0412285973279993,-3.0315614615121405,-0.7513486726756754,,0.7067422493239051,0.267175572519084,0,2
-0.81695463929625745,0.55839336513458437,0.14415951965096438,-0.56253720328734347,-0.82665208460013795,0.014079273557287367,0.12703154037472827,-0.069592965161153278,0.98945429755502234,11.851008675236365,10.714747050261776,-3.0300785843621276,,0.1359597721291669,0.125,0,5
0.44377978724643158,0.86419678415275003,0.23711477957216839,-0.89570076019355016,0.41951085826253975,0.1474136628285336,0.027922188671543207,-0.27780309224318106,0.96023215594975708,23.419139321673729,-18.97713393920122,-0.8861683193909774,,0.2389490143037503,0.375,0,2
0.97564800350832026,0.2005649523759645,0.088795681925726275,-0.21171577294122945,0.96692890417750255,0.14221436549797351,-0.057335893976857524,-0.15755060820104919,0.98584501881246711,-21.792159041266494,12.361553316746077,-0.26731701967828192,,0.07677080073276799,0.3333333333333333,0,1
0.86325333669056548,-0.50335330791566679,0.037803757788904484,0.48612000510538833,0.84919212775396247,0.20630092291852722,-0.13594490549095084,-0.15971279714241662,0.97775805038874675,4.7957209898019606,14.793658067126808,-2.8089569273150135,0.7007124786852236,0.5451398272152094,0.7647058823529411,1,4
-0.97054200839405791,0.21957962804818082,0.09916146877013686,-0.21224720550660489,-0.97398567924218959,0.079391563693930106,0.11401462054081156,0.056006103036659684,0.99189917971817165,-6.0796132761841033,-4.0410474895744777,0.0087119039683568166,,0.1672079286416683,0.5257731958762887,0,2
0.07165364964534969,-0.99742796476848539,-0.0017915329463896261,0.99127146201653893,0.071011864116825252,0.11107746732009365,-0.11066455206656912,-0.0097350014098652477,0.993810136124328,-12.607341812011621,20.136374175149268,-1.946643059977101,,0.1801242827028565,0.7894736842105263,0,3
0.97471204616076734,0.18969774647969356,0.1181151643507974,-0.21611748420567592,0.9346436789674244,0.28237284994639145,-0.056830098448792131,-0.30075897051752892,0.95200545248624335,-0.25522993092828644,-23.415384366547269,1.8338209830889916,,0.09579259986264929,0.3333333333333333,0,1
-0.62888546526242184,-0.76801112969551233,-0.1210866476763191,0.77514246989436553,-0.6314435696840317,-0.020812728575302714,-0.060474977864643391,-0.10694822564451073,0.99242372708624882,0.48305005493951786,2.4118210233982187,-1.3580500748621538,,0.2203871306651647,0.3539823008849557,0,2
0.65050361390410349,-0.75864790738785448,0.036033330594444815,0.74943123999794348,0.64885517456773223,0.13168059443904703,-0.12327962042788718,-0.058654198934990139,0.99063707791221345,3.2862764180284305,14.497328204119475,-2.6619110937660349,,0.08915731165042476,0.3888888888888889,0,5
0.76208683734752369,0.62000188507291842,0.18660470210494576,-0.64719152051108109,0.7379563007962513,0.19121619673465692,-0.019151713244590897,-0.26649232750895385,0.96364674609457213,-14.388106809827262,6.707801514912509,-0.4570758869269797,,0.3380315009737017,0.2315789473684211,0,4
-0.3295667314120368,-0.94269464313394224,0.052082428447179432,0.94205752606127191,-0.32468664439122158,0.084298283169262037,-0.062557071044790913,0.076846553341953033,0.99507849946713245,-9.7203965826874086,9.3503504060853722,-1.1382606291788064,,0.1186777210747671,0.3846153846153846,1,4
-0.9972055339055993,0.0068707949883084363,0.074390290524222261,-0.0175956191343952,-0.98934945340184544,-0.14449239855697615,0.072605215620689764,-0.14539756266767129,0.98670564579056463,27.539533523654043,-6.1261857116863911,-2.6795118667304432,,0.4694930560307892,0.5161290322580645,0,5
0.79424430788988398,-0.60701281120258488,0.026672578061637881,0.59980785390641034,0.79031183050728637,0.12505098541158463,-0.096987204190580947,-0.083322611553869816,0.99179172441956664,1.6969229450295449,-10.361560918259856,0.17692318472142543,,0.1530005832688791,0.275,0,6
0.68724901531142213,0.72024207234950843,0.094552356772144339,-0.72624326989967258,0.67834839612860898,0.11141887809153314,0.016109124088938928,-0.14524052701443202,0.98926522501989234,-29.175796753120213,10.728255205123702,0.76004606176081835,,0.4749911409853786,0.9354838709677419,0,1
-0.89620589068096934,-0.44362777200415299,0.0030661727542559778,0.44334617483537481,-0.89584503468176202,-0.030097227361860168,0.016098781555421177,-0.025613936492879845,0.99954227298787501,-2.4221620027292925,18.1976206199909,-2.5234628360943345,,0.2859187825021759,0.3157894736842105,0,3
0.66953685199040391,-0.74226730504932725,0.027561779361818351,0.72924713938581687,0.66393729238250998,0.1654868015322829,-0.14113473535733026,-0.090700163387896354,0.98582679352765923,11.952368997758372,-5.2027487676812898,-1.5112847271836698,0.5586450246829509,0.3725365119206713,0.6893203883495146,1,5
0.85894163813759528,-0.51175840049657995,0.017961118970864977,0.49840666599783295,0.84355221351554566,0.2000261441960704,-0.11751620127636848,-0.16285884254226041,0.97962591831952184,-30.483842013477275,17.242913306186672,0.25419414829529891,,0.1201536348889537,0.1666666666666667,0,1
0.96496612728022091,-0.25309582447131279,0.069158346112378949,0.24246659644321539,0.96092685812850565,0.13352723668421598,-0.10025129830109977,-0.11208067167208691,0.98862915202136281,-11.338311648088254,9.4476117459055349,-1.0274184725850859,0.2799435693750115,0.2582301120889954,0.8421052631578947,1,4
0.27479084310253044,-0.96133964582617737,0.017778580083901728,0.95428149966119158,0.27494217740291421,0.11727582227096699,-0.1176299789653452,-0.01526055201306924,0.99294023163575607,0.5359273273180768,-15.180403308645648,0.79861695459305571,0.197345880908763,0.1853914726015851,0.5,1,5
-0.31098365113227211,0.89465945107964429,0.32073920141185058,-0.94283927591765027,-0.33293188263878509,0.014507284710653566,0.11976338553799726,-0.2978939880502201,0.94705644149016444,5.3227921178948883,4.2926390460982979,-1.938065985157803,,0.5248919036874723,0.2045454545454546,0,3
0.94750895651103084,-0.31158936928930303,0.071685718781857435,0.30186718113103406,0.94569100622340296,0.12060151617691671,-0.10537068988756182,-0.092631450890407252,0.99010930306636225,-4.7305470622693209,-1.9032532325260718,-0.3935260892563352,,0.06974041411297711,0.196078431372549,0,5
-0.96837790551075797,0.22556238948719007,0.10661069630870763,-0.22864482446057618,-0.97335310110162487,-0.017472401759434753,0.0998287351717458,-0.041295871763168228,0.99414731031639891,-4.0728220714667529,2.9642456330524154,-0.97143071378682477,,0.08447855940297441,0.3242574257425743,0,5
-0.47645440528141453,-0.87836684575117474,0.038247666243377096,0.87792091362582569,-0.47296629118162697,0.074550364347138201,-0.047392711531713871,0.069098275600969761,0.99648349670360492,-5.2041015945877529,15.861488630665065,-2.1072671449169245,0.2514032488887008,0.213959427509878,0.3720930232558139,1,5
0.29025597433513622,0.95115707014506778,0.10512705301592024,-0.95458603984742829,0.28007136604707072,0.1016145779351212,0.067208346886125925,-0.12984705554451012,0.98925364809802763,-9.5975434479058226,0.77261761174062249,-0.28018628654508765,,0.08689419931868875,0.5689655172413793,1,2
-0.87920050749093526,-0.47441978518419275,0.043958333151582568,0.4763901988659352,-0.8768225095281833,0.065074305291514339,0.0076711180512357268,0.078154681308816934,0.99691173116648635,-6.9393354538400329,8.5579578276844597,-1.2858517963159104,0.2893956638287937,0.2122537032463966,0.5538461538461539,1,5
-0.91475828559321504,0.39492712447255968,0.085146023362202367,-0.38870252550762396,-0.91779825703136986,0.080973489823364206,0.11012549932943096,0.040974696411501116,0.99307273079640457,-2.1099353865478871,-2.2299600521212324,-0.58029680089914881,0.4795238163016344,0.4578846490869956,0.9790314528207689,1,5
-0.14162714031568299,0.97621126035939043,0.16417468828516993,-0.98042617999462622,-0.16124027668148613,0.11298707340586908,0.13677082549705991,-0.14495912638812622,0.97993907615200482,-0.47178018895795804,15.549793949409249,-2.4506014521961093,0.5365608651848268,0.3108323336622389,0.4363636363636363,1,5
0.65944171069643209,0.73553988206395893,0.15529878327630428,-0.75146779693571664,0.63925332247347832,0.16325238091740005,0.020803373821178767,-0.22435746388287753,0.9742848392732486,-16.696453969365578,-18.782643473138211,2.9337227987131347,,0.2139392077533519,0.4230769230769231,0,1
-0.51777789384021977,0.83388410093220211,0.19116317339613276,-0.84476623810976048,-0.5336547303616318,0.039782304012444258,0.13518896256821566,-0.14088979727130016,0.98075175728855202,-17.64560221832863,13.538101741420496,-0.84964062009435559,,0.3572762116424844,0.8046875,0,4
-0.81914980630983081,-0.57341013846281497,0.013943024443182191,0.57356820457176527,-0.819044878568849,0.013601529122224952,0.0036207080646676053,0.019138965442164327,0.99981027724009508,-3.2948326485347974,14.885275889534109,-2.141296354346681,0.4136117619802051,0.2206152088743598,0.7325581395348837,1,5
0.9194340123106256,-0.38655742437888324,0.072211181017546353,0.37850406160112454,0.91972644380494328,0.10410544614651665,-0.10665726584643492,-0.068385862745724238,0.99194132962523884,6.1454767180108325,-11.305482908864214,-0.21272399217985127,,0.08324851430553067,0.2962962962962963,1,5
-0.98400421595913956,0.12887589263134433,0.12299067961887689,-0.1509386255660348,-0.9698465177423703,-0.19135115190464658,0.094621531835387934,-0.20685438434191569,0.97378541239415373,-13.458941611605605,-4.9218842244753525,0.91403221848433669,0.5571503499134978,0.4191221539692399,0.2321428571428572,1,2
0.37914124460560222,0.90984019146963502,0.16864976319406169,-0.92259701866349997,0.35766647154988152,0.14453178294852531,0.071180459341990868,-0.21039372879331722,0.97502195928722957,4.1398557300078433,-11.875044563525513,0.093930318595712978,0.4435286457417513,0.4768639820106156,0.543859649122807,1,5
0.64244960286736186,-0.75132790072897604,-0.15088039422588298,0.75585322005343225,0.5888227624615392,0.28631043317004423,-0.12627120618108265,-0.29798345590544234,0.94618256298466141,30.985874771797434,-7.010800886031519,-2.8688194399272238,,0.4316448556755051,0.1666666666666667,0,2
0.40503367217303893,0.86666402222606764,0.29127512249582177,-0.91415838361235824,0.37822822648553894,0.14580074883498839,0.016191790427950929,-0.32532580787348658,0.94546334918610131,2.9982036345130623,6.5630576838307206,-1.9846898942089286,,0.4750372077824211,0.3181818181818182,0,2
-0.89704050595288265,0.43322748712060949,0.087362893055108429,-0.42723475810858919,-0.90064633738416078,0.079414333847185603,0.11308754194734091,0.033913409732124748,0.99300608683766378,3.911918657878509,-4.5087547243047608,-0.80711760957580547,,0.07737958343919754,0.2371134020618557,0,5
-0.98383941134791486,0.13652879678247848,0.11584429346202679,-0.1471947927767269,-0.98508476824075142,-0.089116173388902653,0.10194952505040869,-0.10472768033902612,0.98926154646423126,6.2282970773104998,-3.9684488751493685,-1.1102543984682696,,0.3572830398562512,0.2794117647058824,0,5
-0.87627389913179854,0.46753311968214278,0.1164338254144248,-0.47436930366028668,-0.87948046808262004,-0.038572918038820091,0.084367158570195291,-0.089033073975112273,0.99244913939875679,10.692165190004637,27.872060176452639,-4.3831445800675803,,0.3757198765171926,0.4666666666666667,0,5
0.29495398491964581,0.94136452122868752,0.16381387289208968,-0.95205688825426549,0.2749712341662694,0.13408393605754615,0.081177757468575584,-0.19550871733240688,0.97733643804956483,4.4277006879006935,-15.38065624835515,0.51083665354103602,0.5677028827294652,0.6030752586213839,0.7619047619047619,1,3
0.45762530282724967,0.85592148835154025,0.24078514902367143,-0.88841548549892801,0.42919553213950712,0.16281621638273316,0.03601398808757024,-0.28842607539813209,0.95682463999024348,-5.5125171994401372,-20.017079232929614,1.9352961059732932,,0.176497797500646,0.3333333333333333,0,2
0.62610591173134478,0.74595989314664413,0.22701371128570169,-0.77929344397745692,0.58881149016645495,0.21448253360521533,0.026327086219616557,-0.31119907915128087,0.94998000908786462,3.1055651488608156,-23.141651853249247,1.4996902143368609,,0.1441603909020426,0.3636363636363636,0,3
-0.4444264461948676,0.88282055045670826,0.15202963399914954,-0.88834097598473871,-0.4562025637164247,0.052244915973173107,0.11547919426928285,-0.11183513110770026,0.98699415354957465,7.0927885268310193,15.744406299255632,-3.069269574766913,,0.1031024134297632,0.3076923076923077,0,3
-0.75895569465407009,0.62375398688195438,0.18686149255805784,-0.64039313191589697,-0.76695939617242559,-0.040864669554245697,0.11782567694313181,-0.15067929012208525,0.98153597049787145,7.4622720136132132,13.394757806308442,-2.9177379611040557,,0.6131953904774107,0.3103448275862069,0,3
-0.12183796931050114,-0.97914102505150225,-0.16259877704148568,0.98872588648076143,-0.13409539151948463,0.066629928531168919,-0.087043843189084508,-0.15264756478348915,0.98443998818035872,-13.767714366691113,-27.753134784309491,3.7141013977475406,,0.4298643304143209,0.2307692307692308,0,1
0.71467836028776299,-0.69839164925435437,-0.038522014331799415,0.69338311304509226,0.70016077373458407,0.1702784468665598,-0.091949441979239141,-0.14840483541709049,0.98464272959512322,15.22858011696921,-21.342366532728441,0.13915951690327594,,0.3298328275381552,0.1333333333333333,0,3
0.95946718208486959,-0.27725208549095653,0.050537190197257095,0.2625319179226096,0.9445116440729292,0.1974202276427813,-0.10246813443209815,-0.1761506040340674,0.97901544733698553,10.303085911350966,-15.335513461495454,-0.099288932664601273,,0.1288855802804245,0.25,0,1
-0.85884469011068743,-0.51069860674246903,-0.039657676936220243,0.51150544753534322,-0.85091192003433924,-0.11962893247514163,0.027349139115243091,-0.12302779122935886,0.99202630367086542,-0.82904767745664587,-15.798899738822568,1.0148169634296815,,0.4536409275115593,0.3076923076923077,0,2
0.016396353486374794,-0.98144693124833249,-0.19103162234452159,0.9950350356048413,-0.0027411706771294951,0.099487506261793618,-0.098165357999761893,-0.19171438946137812,0.97652913697555854,-6.9032164209173663,-17.139735711762043,1.7361261085757547,,0.201064668176122,0.3636363636363636,0,3
-0.39547599880970224,-0.91434622884060734,-0.087004069849798471,0.91663731258956072,-0.39890076824601112,0.025577612502557561,-0.058092783838074112,-0.069635844919857179,0.99587954972890247,15.189835331596393,4.8709601380498526,-2.7312898482585881,,0.4081867372796538,0.1538461538461539,0,1
0.89125000700551715,0.44038810028421277,0.10831318544263661,-0.45288943496309747,0.876782568687972,0.1616894769109336,-0.023760991382417388,-0.19315964478375655,0.98087958838765787,-1.3914144085827072,16.812614170240359,-2.4829508604640442,,0.1138531328599829,0.3571428571428572,0,4
0.24928994914753144,-0.93786543435087932,-0.24137719093538301,0.96189586695275997,0.21089141269660797,0.17401480738726352,-0.11229809612463874,-0.27555986482190076,0.95470199460675487,3.8989717847953278,-19.312617714672264,0.97782941877024931,,0.2886869878412716,0.4,0,2
-0.99836379991748914,0.01748834003340612,0.054441537241228105,-0.025617572567092014,-0.98798529015244618,-0.15240999448250503,0.051122040159620297,-0.15355528126789847,0.98681675735906282,-2.0282264535907633,-22.02787183600363,1.8546200379799136,,0.553869233541519,0.3214285714285715,0,2
-0.9001798808261402,0.41585018635084714,0.12940171817948337,-0.42739821137478134,-0.90060929515441479,-0.078953571135871717,0.083707532931477521,-0.12637847915462183,0.98844399382923642,10.084753525612644,4.3220277927670079,-2.2997185941393354,,0.0848345237797089,0.2727272727272727,0,3
