axis_00,axis_01,axis_02,axis_10,axis_11,axis_12,axis_20,axis_21,axis_22,location_x,location_y,location_z,dbh,dbh_approximation,score,reconstructed,number_clusters
0.36987509397209656,0.92716271989182086,0.059680027663651838,-0.9179858783912056,0.35480528924842586,0.17724314879754194,0.1431584504437636,-0.12034324893462997,0.98235592353403045,23.168149649812118,-1.7667869530318887,-0.45356208182018554,,0.1383677128726856,0.5294117647058824,0,5
-0.98671062310668045,0.16248362652307322,0.001103340535500361,-0.16248027708495302,-0.98670824568501758,0.0026452704194531483,0.0015184883350636987,0.0024308453479371123,0.99999589258359989,-7.1871275759003304,-0.095890527311440155,-1.4698866307160583,0.3332878828322928,0.2602997095436613,0.3581800580832527,1,5
0.94539239335693237,-0.32390505827236737,-0.036314402217663945,0.31666433728407384,0.88640197343619709,0.33766142655158965,-0.077181086253630196,-0.33072202030404718,0.94056686376393228,-1.5880137409212001,-18.148369703416666,2.0565190418937256,,0.511018483858566,0.75,0,2
-0.8027106907649687,0.59579974323898754,0.026042520768588932,-0.59120659425151978,-0.80073666981805891,0.096413425010226081,0.078296295219791673,0.061995576979653223,0.9950006224067468,-30.978592530523869,7.8705178009907844,-4.2663062082421686,0.594986070084124,0.3998272422119576,0.64,1,5
-0.80264450897106887,0.59578177442508384,0.028387840380896374,-0.59187604755519818,-0.80146424565418495,0.085661002027795169,0.073787102863777029,0.051953250147296591,0.99591983776311188,-14.454383276619838,5.3317218862808247,-2.8525642698979361,0.22907127807839,0.1886696806042031,0.6818181818181818,1,5
0.51444026932882081,-0.84975118710173514,-0.11521340769234806,0.84925226973295487,0.48623844109733311,0.20577356670053759,-0.11883514482810108,-0.20370345706057141,0.97179375895055875,-15.700066628677126,9.1776416942281447,-3.5100505687713022,0.196609058443486,0.08346924495830657,0.375,1,5
0.86062655009501532,-0.50530973185785277,-0.063119063374700191,0.50585108864284967,0.83404364237503548,0.22019509243538948,-0.058622669594606068,-0.22143458967273108,0.97341158052802745,-22.571794952430313,8.7166710854621918,-3.8014912884271563,0.5100587392459368,0.3672042872941449,0.9051724137931034,1,5
-0.17724137602953027,0.95131152800230445,0.2521742875732581,-0.97397460310007344,-0.20633160888085222,0.093812257688929673,0.14127620868077459,-0.2289839380099849,0.96312376618699735,-23.450153878760581,19.444464412825091,-5.7650110061701225,,0.3962247350868062,0.125,0,1
0.97133045223983572,-0.23641475164080505,-0.02500435478423595,0.2371481325341101,0.95618948190926534,0.17164625810566833,-0.016670806433511043,-0.17265497355335599,0.98484127874503158,3.8465751161291553,-2.6624849840113498,-0.58178791185881473,0.2429330297231178,0.2202045766478594,0.6978723404255319,1,5
0.99565558836747103,0.088550210938860563,-0.02878905165700062,-0.076051123068032633,0.95176156385816058,0.29726444833238963,0.053723142431517386,-0.29378356949453849,0.95436106283855204,11.384575794610841,-6.501581627460161,0.24506356853172864,0.5118998530489542,0.4890247403286101,0.25,1,5
-0.93957449082203748,0.33670483085713876,0.06188402923189941,-0.33807877565620081,-0.94102874158961158,-0.012947932386138481,0.053875018768564591,-0.033087223814297267,0.99799935770167147,-28.517260907321674,6.5042115624756196,-3.9510307030762379,,0.3305923531378953,0.6896551724137931,0,3
-0.51265696849014719,0.85707887104521985,0.050976871876787094,-0.85020665614161206,-0.51503205842608257,0.10904412247292029,0.11971413663803167,0.012561353479713152,0.99272893474894042,25.448637611903528,5.4847412663761359,-1.5882116104382338,,0.1671048101566671,0.4210526315789473,0,5
0.6019847587515742,-0.79525139925181632,-0.072038616164095542,0.79125872964606681,0.58195890174002596,0.18770577893191259,-0.10734976939752729,-0.1699972019580665,0.97958000098854925,19.608443887976929,5.0331660050889866,-1.5420487623253669,,0.1156098308227355,0.1666666666666667,0,5
0.23665790227801578,0.96546592772795925,0.10894301118364769,-0.95929328002653491,0.21440328985747878,0.18381412403355182,0.1541085337848011,-0.14800936353718028,0.97690520938319148,-12.916991585890104,8.5170914143424472,-3.214198521280291,,0.1547852214036837,0.3333333333333333,0,5
-0.024284552113142167,-0.99233859482369913,-0.12113782956612222,0.98870127084138792,-0.041769446674761956,0.14396218378834391,-0.14791909128063488,-0.11627306888446264,0.98214078211165823,-13.750500976132727,17.463070911374849,-4.8639850134859035,,0.814169546993201,0.5714285714285714,0,5
0.84371845310135118,0.53675024955225592,-0.0061920515060668998,-0.5287059420969028,0.8329569546709048,0.16325666435645986,0.092785767700057614,-0.13446888588429123,0.98656419965522113,1.8740669827290597,11.596632739536833,-3.1106630274481821,,0.08343037697014166,0.4285714285714285,0,5
0.85732525554526817,0.50487576404143386,0.10046824915275346,-0.50350088200377763,0.78180032385354126,0.3677976555715331,0.107146012644705,-0.36590807111360163,0.92446255493030316,-16.662098675827547,19.038909363121597,-5.2887053234545256,,0.3997381158944444,0.4,0,5
-0.1919956940821485,0.98018559870102795,0.048722125908279783,-0.97126883411475851,-0.19689381940256848,0.13367750655374652,0.14062185225373861,-0.021656776772569861,0.98982648918310479,-37.646481086483575,2.6212694961194267,-3.8525579934931891,,0.5198031062117023,0.5625,0,1
-0.29409490953558098,0.94676992103401381,0.13090034686930413,-0.94474331593508676,-0.30871036941525759,0.11026320697073122,0.14480418219524471,-0.091239379879199362,0.98524470279115106,-10.709782885541564,8.4558491311255093,-3.0850292676790745,0.2198715801933239,0.2020100259180113,0.4344262295081967,1,5
0.91359040567906658,0.4033153177549807,0.051858703371344364,-0.39862021159333783,0.86307261626016729,0.3101734772205903,0.080339887729823492,-0.30404344019568724,0.94926449892194431,4.3302163923444628,16.282929990727261,-3.7567110237708201,,0.1953398946365743,0.3157894736842105,0,6
0.87444133506013777,0.48289758220814272,0.046500286405295486,-0.4778793852443467,0.8408927369055742,0.25402893177340713,0.083568203862053575,-0.24435492652488733,0.96607816722369144,-3.7314973309414983,17.30603129898056,-4.2629493846409989,,0.2204065770224317,0.1304347826086956,0,5
0.99128976608040298,0.13106782699891045,-0.012877281935432014,-0.12605935838837926,0.97260128158625037,0.19533505885911592,0.038126602615117224,-0.19201034290518784,0.98065202308997534,-11.079966750684115,18.220107659101735,-4.8278293564548127,0.1504069820119309,0.1567558521910636,0.4375,1,5
0.83460216964023537,-0.53913058074863895,-0.11303731832207478,0.54731073435956701,0.78835362920387653,0.28097956398262675,-0.0623712953737715,-0.2963726914253586,0.95303360344254673,9.5006786093159157,16.927036111930875,-3.592793357745605,,0.1912448167562528,0.2727272727272727,0,4
0.91968795832635164,-0.39127886060390576,-0.032785859055626351,0.38715124057807065,0.88971643626164898,0.24190613874958031,-0.065482640664277544,-0.23517124886001631,0.96974558904964947,-33.851486630909761,11.131778121998952,-4.8882130764772436,0.3487825956640048,0.2935708919574269,0.6333333333333333,1,4
0.51537660344045477,0.85627711294955977,0.034299598612057371,-0.84528696172686557,0.50136208739115007,0.184732264808707,0.14098549202221347,-0.12419969068221097,0.982190168894852,11.089226330452954,4.4621786032558814,-1.5895823874647834,0.1755975849895296,0.1326059567603755,0.1875,1,5
-0.85708692891459748,0.51296526191178915,0.047630204235495716,-0.50813384911847104,-0.85698722111202474,0.085865559048653006,0.084864525355370091,0.049391729292063681,0.99516755846126148,-0.46090420349789474,11.349596759706776,-3.1298095301548123,,0.0997725183897495,0.3043478260869565,0,5
0.94170349724031299,0.33643313140735343,-0.0026965490551734538,-0.32824490346756502,0.92048359127604573,0.21205009205167272,0.073822805642519834,-0.19880318479087949,0.97725507779907184,-11.986289894928047,18.31096269480663,-4.8700109986172411,,0.1054530366706874,0.3333333333333333,0,5
0.67546899538677052,-0.72503912778312574,-0.13438712533078592,0.72991940585765436,0.63155592038343489,0.26144747155220682,-0.10468666210934705,-0.27469143163214566,0.95581657244697626,-17.195775396883118,23.773078478765008,-6.1432722259107271,0.4005269957973011,0.4015296442608601,0.4545454545454545,1,5
0.30291519166076014,-0.91737743593459498,-0.25818796776610947,0.94331860350713737,0.25006696981009996,0.21821210527223134,-0.13561857888383078,-0.30965327488670791,0.94112828584283204,-15.918170658782065,12.059969268529096,-4.0820411687252767,0.913658275694563,0.4575796077099026,0.2,1,4
0.99737140954865222,-0.061509293030371205,-0.038299847073320063,0.072172283573600574,0.89026389561149644,0.44969029081626338,0.0064368391860880848,-0.45127242663556077,0.89236302257531119,-0.22598465035496029,-14.496199564606702,1.4523059411883565,,0.6257206818403049,0.4411764705882353,0,1
-0.99003082957166011,-0.13721876632163862,-0.031779972731556971,0.1344570990389494,-0.98792711971676705,0.076949948967903165,-0.041955273991253206,0.071909778871168048,0.99652834314284211,-7.0094227901938018,21.378292350762162,-5.1373802243671252,0.2599756324688171,0.2403206425876881,0.75,1,5
-0.74405169038563479,0.66198577821403581,0.090343297906582215,-0.6626874944434501,-0.74843318296609151,0.026325944304194437,0.085043322739308674,-0.040281510368937248,0.99556267164847789,-0.90494140838983039,9.1393236607420576,-2.7495629786761069,,0.07930119496516258,0.35,0,5
0.44911188970711913,-0.89217338552559411,-0.048219919986457395,0.88528458198637261,0.43705513149721964,0.15891513750792155,-0.12070509277124115,-0.11405902941787663,0.98611399867730187,16.405061526485916,2.9476746404692902,-1.2804847028228017,,0.09413268949284577,0.4166666666666667,0,5
-0.9421901268416033,0.33395371182970679,0.027435073124832968,-0.33342765076142494,-0.94251770945833979,0.022053776663464676,0.033222982857067054,0.011631238651405289,0.99938028182344718,-11.650334561811771,-20.759861239898299,2.2207640854076951,,0.4405065600427301,0.2631578947368421,0,1
-0.81163473608921843,-0.57346807965367419,-0.11128080154147373,0.57393088973295148,-0.81831488903588723,0.031049576366301315,-0.10886867769807847,-0.03866657471914902,0.99330383418960011,-4.7431127424146302,-12.527029509860277,0.97621082706264217,0.5021121763251586,0.4725753048328614,0.5116279069767442,1,5
0.81214166532848964,-0.5792301279713854,-0.070131122105107149,0.57854323266445395,0.78388688220861868,0.22540870400101271,-0.075588645811606334,-0.22363768633999315,0.97173686863927466,25.981469681473211,7.6379611945718793,-1.9022135502073358,0.4083802489400065,0.2671771037086709,0.2,1,5
-0.77179560337237818,-0.63017763475481336,-0.084898146445583883,0.62694699066232129,-0.77644096346402403,0.06385061592903743,-0.10615562874631775,-0.0039470127802183775,0.99434169357197666,-12.734125885457852,-19.962226141027976,1.9680032324766066,,0.2900181906936806,0.2857142857142857,0,1
0.33630643428219548,-0.93723486332295514,-0.092134647296211292,0.93361390021260704,0.3189664242873036,0.16317323771739142,-0.12354378814897904,-0.14089439715394569,0.98228595696997834,-6.2236599725648816,-6.9290671565145034,-0.26048963890827986,,0.1175280838989103,0.2843137254901961,0,3
0.35818940809619226,0.91960023216874032,0.16135600677662773,-0.92203556546851462,0.32123759709250671,0.21600190329112778,0.14680178452204479,-0.22614557083752934,0.9629680248334892,-6.3424940511487922,25.618599514773496,-5.7593885380269301,0.4325806501287855,0.3573311370461193,0.2413793103448276,1,5
-0.3643771917934242,0.9203235174848563,0.14224586203133888,-0.92030978580481371,-0.37921657537559411,0.09604523471939147,0.14233467691548271,-0.09591356590549048,0.9851606100644994,14.828756988348905,13.76104784341122,-2.8953596787894678,,0.3304577764415272,0.1944444444444444,0,5
-0.89675239159890929,-0.44044162023360373,-0.042968911175813113,0.43519147000970504,-0.89532184694553008,0.094906136855509582,-0.080271617601920212,0.066407601583273079,0.99455844366207458,-10.210719259143547,12.692402662749632,-3.8038370246595488,,0.08282836468185259,0.3255813953488372,0,5
-0.72429420318899418,0.68847214972937099,0.037470071708478145,-0.68652317205443847,-0.7251476754844346,0.053355252523373135,0.063904940803758151,0.012920827625952385,0.99787234191269591,6.9715941373800794,6.8431256442301134,-2.0160693503821787,0.4675854650420624,0.3590004793897712,0.6781609195402298,1,6
0.4101089214588462,-0.90293477309997583,-0.12852808279421352,0.89771497665407618,0.37476469960165187,0.23164464298458082,-0.16099221481435777,-0.21038111954112648,0.96427241550808063,4.8464757309876418,11.168726171508931,-2.9102879663001158,,0.158117737768089,0.2826086956521739,0,7
-0.20639462667887754,-0.9434685756750989,-0.25936134020259632,0.9673804907853063,-0.23654884290024389,0.090662180486325447,-0.14688854320901287,-0.23218891368055422,0.96151550389880724,-24.048036883308342,7.978559441263382,-3.7871459328971433,,0.08413908510392286,0.5,0,1
0.75348245835389949,-0.65479777330969891,-0.05919510977795777,0.65231295233675557,0.73328578150014412,0.19178053828120492,-0.08217053709615188,-0.18311700827171434,0.97965104201187192,-13.705403136143692,1.4599714937608703,-2.1301755458035543,0.3332955405909067,0.3161469674636054,0.8576158940397351,1,5
-0.79133867092058008,0.61000549803716275,0.040943867307387125,-0.606745500206334,-0.79180801105046672,0.069999797254503698,0.07511994332411033,0.030551039274286668,0.99670639012411522,-4.4528376548089623,-8.1002263225274547,0.15272489559949046,,0.1658072877907397,0.3658536585365854,0,5
0.28454976648000235,0.94875528776997431,0.13745848218532061,-0.94955737265585716,0.25922144262631208,0.17647957308890416,0.13180374209818327,-0.18074193650409287,0.97465897931413337,-6.7578275366445526,15.32160720138582,-4.1373916165722742,0.3170599311470835,0.2166258856079448,0.1944444444444444,1,5
-0.6140037635240615,0.78840184965846583,0.03770811362823908,-0.78209208657094131,-0.61414259097680646,0.10564490556296474,0.10644879755732983,0.035375152344640719,0.99368870985595559,3.8492111597157881,-7.0848426520543732,0.23709614365379961,,0.08986213566142102,0.2307692307692308,0,5
-0.44638200746301043,0.89380617683289953,0.043053706793364496,-0.88603735454690558,-0.44821070003804764,0.11851149614667926,0.12522343934269703,0.0147542070867687,0.99201885244809052,-14.393416629430934,23.595999165490095,-5.9148837532368272,,0.1768586734884059,0.1538461538461539,0,6
-0.080268300427061151,-0.99058531449625464,-0.11089515161137538,0.98682566541907946,-0.094652474419815558,0.13120981349121438,-0.14047101486336663,-0.098902193052353593,0.98513260538502756,23.977317847624104,6.6765282382948641,-1.7250887887962989,0.5284707399343804,0.2353311330122093,0.813953488372093,1,5
0.46106112214036643,-0.88580428578265447,-0.052663164923388343,0.8788441386214928,0.44762088671895461,0.16513183152736904,-0.12270135150564913,-0.12241858135927951,0.98486449284999011,5.8776762249731815,5.4785890467615257,-1.8682041749403007,,0.09134066749208034,0.2982456140350877,0,5
-0.23585671384516033,-0.95332915338815905,-0.18850765457767571,0.96346609657612237,-0.25472694063495799,0.082748211238206443,-0.12690426030094681,-0.16210401295146476,0.97857937731310218,18.613425985028528,8.1593789418216733,-1.9967918551339359,0.4714418296965401,0.223586294712343,0.4545454545454545,1,4
-0.9937556205146556,-0.10576499523057108,-0.035546202039149141,0.10702273022579928,-0.99362028872955654,-0.035564828693631215,-0.031557913596220538,-0.039146999998324515,0.99873500513428648,6.3540114376409074,-3.7985891174559905,-0.33566002472318585,0.7973359981765218,0.7009158572557689,0.3444444444444444,1,5
-0.86273675372192438,0.50207342896159757,0.060063014477304111,-0.50207395854991332,-0.86467331278549475,0.016180306010051559,0.060058587424088157,-0.016196730759721587,0.99806344086401677,-7.1717518262817155,-10.704455251237277,0.64430086934154318,,0.3115259753879471,0.1494252873563219,0,3
-0.27459520739080845,0.94953250703339798,0.15160966382414418,-0.95270547461374777,-0.29001148377406061,0.0908053848632457,0.13019120830145678,-0.11950463324088668,0.98426058130708871,3.6587511734342271,-9.1654610329172606,0.61445908840215724,0.3643502941548278,0.3900488068680263,0.4821428571428572,1,5
0.79958436298788826,0.59902006037479405,0.042893049947890394,-0.58931185767779759,0.76885819852248749,0.24813021775894045,0.11565630491070113,-0.22367842505108612,0.96777661745935406,-8.4248267117679028,-15.700443071098066,1.3506869481188384,,0.1851964121523531,0.35,0,5
0.38039588274214547,0.91078850411381251,0.16050941768927396,-0.91471618580871561,0.34493920026274666,0.21050236944427445,0.13635714800618637,-0.22689479697917844,0.96432643813772823,-25.633522240601042,12.787255871106201,-4.7499698232375875,,0.1430794560032267,0.2608695652173913,0,4
0.31659923181473903,0.94855939277193468,-6.9270883327878581e-05,-0.93774903271891374,0.31300206645230177,0.15052062327578078,0.14279943294375441,-0.047589754997551643,0.98860686684354659,0.72503691366801593,5.0528894431335898,-1.9613763151309382,,0.07357273133329031,0.3058823529411765,0,5
-0.15413928045203046,-0.9643687257835255,-0.21502102909341134,0.97716684897328732,-0.18099793203584921,0.11128655743782692,-0.1462396372032799,-0.19295779157475207,0.97024804002958298,6.333990736554755,-7.2400890564353872,0.32735202498670207,0.5655781816966268,0.5263175851422822,0.1176470588235294,1,3
0.65375351309624896,-0.74777894107039999,-0.1159008171064584,0.75007852655672469,0.62015079172751375,0.2297720599164125,-0.099942724161423538,-0.23714900550364906,0.96631868504951512,2.0945748051503812,-7.0050489363859025,0.1649499510979564,,0.07361761282637794,0.28125,0,5
-0.81134827413921451,-0.56254091269350492,-0.15893929532143952,0.57404511770367872,-0.81807948039751699,-0.034902243382011679,-0.11039103628414312,-0.11955620142211756,0.98667123896950892,-0.902509441848803,14.662209025660225,-3.6863201007089934,0.2261450790724937,0.3017230859719425,0.3888888888888889,1,5
0.80267412929414794,0.59219447800963598,0.07085155168927143,-0.58782321620202238,0.76541055813104075,0.26193614488161054,0.1008866128670862,-0.25189755401040376,0.9624809159810821,-2.757075283451845,2.6593264846547542,-1.753363885447877,0.1268733797045519,0.3536099116385966,0.4104046242774567,1,5
0.42332889483230834,-0.89230680896291892,-0.15678394521911593,0.89717389791277147,0.38882625801049364,0.20950689245359466,-0.12598271192533333,-0.22935278450450797,0.96515576801673209,8.4380503788927275,-3.139444555334828,-0.40966767266369936,,0.08461605368648151,0.2162162162162162,0,5
-0.7570177778989351,-0.63384208819140897,-0.1586451738380788,0.63271809049208283,-0.77172328367321674,0.064117013348107849,-0.16307023612239149,-0.051839952486312735,0.98525160107314969,-2.3882573061029282,31.658386542947373,-6.4941861167357438,,0.2364814457652588,0.4210526315789473,0,3
0.16030960238187805,0.98600828105098082,0.045700121258627789,-0.97663858035332141,0.15173362747450667,0.15216435081475421,0.14310106480949786,-0.069025908123810778,0.98729808531064711,-11.104992635476624,5.146065180149435,-2.6027697094372617,0.4118864625836842,0.3822589615439702,0.8602620087336245,1,5
0.8914183703499533,0.45306089857291509,0.010445630040184031,-0.44576506034224084,0.87244462122583433,0.20033445503005431,0.081650474467158132,-0.18323811033301241,0.97967188126478033,0.94623458542844374,11.79864881179323,-3.1528734389825983,0.1900386831979865,0.1789033853618615,0.5180722891566265,1,5
0.82226019483741786,0.56574095158671989,0.061849395176398127,-0.56081394073422752,0.78698185510177876,0.25719114218555644,0.096829209766887206,-0.24616404172485776,0.96437926600358004,1.688146398296035,5.1385634122148769,-1.9463011865478339,,0.08323770912002096,0.4354838709677419,0,5
-0.99560406684096014,0.093075729466688309,-0.010461867614603814,-0.093606121971480369,-0.99263765235725754,0.07686602013980591,-0.0032304828125191607,0.077507417109052013,0.99698654167139167,-45.93698933995806,-0.032318825469716012,-3.6321099245891926,,0.1910331871066079,0.5,0,1
-0.30673262859463751,0.93910363180428158,0.15491760160625109,-0.94217288571727109,-0.3226687439379099,0.090526985505548593,0.13500128878871681,-0.1181915835308944,0.98377101075801421,-9.4779080541717207,-21.458083675059239,2.4149321642462795,,0.1461901448272836,0.25,0,3
-0.98931250579354901,0.14508546222419022,0.014524962364277597,-0.14573223290204054,-0.9805938068089467,-0.13114077299347005,-0.0047835315276515307,-0.13185596194003685,0.99125734455134928,9.6637839688369453,3.9242381450242685,-1.5226008377467628,,0.3655464383335786,0.1153846153846154,0,5
-0.91752804686402278,-0.39108015321734391,-0.072101296641543383,0.38842019971864361,-0.92021046347489932,0.04839887769196069,-0.085276208102975273,0.016401727677633988,0.99622234047463887,-15.948412382323291,5.6953258324149374,-2.9830826396640973,,0.08370315419921033,0.2941176470588235,1,5
0.92392337781332778,-0.36707445551937851,-0.10780508353117627,0.37808090172677716,0.83298758483750468,0.4039635073320969,-0.058484388339787939,-0.41399037139978723,0.90840054420326488,-6.3993582907524562,-8.5097861898249008,0.14868537566434167,,0.5558545375598665,0.3414634146341464,0,4
0.61762188906271431,0.78125111403380054,0.090498060595518279,-0.77826469868746584,0.5905310882109438,0.21348792151619936,0.11334575831284002,-0.20228625924007854,0.97274508911386581,-12.158727852709514,-18.746626617259487,1.6843031229768686,,0.1318247382443398,0.5,0,2
0.77151178728752468,0.62233868417194915,0.13215189843334704,-0.62742392812785297,0.70984531727059474,0.32009192423681143,0.10539818067227379,-0.3298699557888487,0.93812421127419932,6.0287583590507028,11.992325287570162,-2.985243832134119,,0.111896766779892,0.5714285714285714,0,5
0.60319032262104355,0.78592458348399796,0.13595581551307589,-0.78879539731657,0.56255000764507745,0.24766774127996063,0.11816622135160207,-0.25663210628061961,0.95925841469202455,-3.1666053380794308,12.369328750574635,-3.3980770201855686,,0.1549882499890236,0.2857142857142857,0,5
-0.46472978731091441,-0.86559825497313347,-0.18645612291748109,0.87424000450701356,-0.48196170470402028,0.058457931184503133,-0.14046579407645693,-0.13584025981372863,0.98072258284808,-1.4526473547643362,-10.822570515146914,0.81019181868970147,,0.3382141175652213,0.4545454545454545,0,2
-0.55384743954168869,-0.83038257381865987,-0.060973722302428146,0.82219674584031921,-0.55699695044986008,0.11724721028299925,-0.13132221762788365,0.014804671149817416,0.99122918483539424,-5.9569596319164821,1.1976663919176611,-1.605104577786155,,0.07067319307349876,0.2050209205020921,0,5
0.88238555920807693,0.45534597703270918,0.11855701624609687,-0.46301120468878681,0.79542111453137121,0.39105738055982248,0.083763651028880101,-0.39995661234413793,0.91269839432778255,-13.239599994618683,-9.8190401461171799,0.069055553416822318,,0.3674538219595319,0.2,0,1
0.98885682525604013,-0.14710447892722783,-0.022857196330612419,0.14881396449946227,0.97256606256529898,0.17880060938426728,-0.0040722370387977196,-0.18020967295287271,0.98361978968487618,12.544882618466568,16.345164221013437,-3.3827797769221584,,0.09425245076152806,0.4615384615384616,0,5
-0.18447098638402765,0.98279146779260707,0.009559603368236488,-0.97509264495684456,-0.18422728676268832,0.12350967801401032,0.1231453975330391,0.013462453198146051,0.99229732107887814,-8.2424530969703405,1.8048716758685701,-1.8036482231822395,0.4199933000999508,0.4206852744357663,0.8115015974440895,1,3
-0.52476779657106365,0.83968264251363045,0.13982782106318703,-0.84281029643923711,-0.53557744225943937,0.053175253256030605,0.11953896393208757,-0.089943666837441719,0.98874697111944609,-6.5209035486622096,2.1579994829959421,-1.7841768009238932,,0.0833013450808705,0.3835616438356164,0,5
0.77858170200144639,-0.58442938973619785,-0.22858876114346921,0.62256644204245903,0.67355631821543605,0.3984129910465507,-0.078876856879086008,-0.45250875638449345,0.88826475042311237,6.9697751958041572,3.0584126306384505,-1.4278621392330855,,0.1311630242761644,0.24,0,1
-0.85698939369837956,0.51526583406276794,0.0083844699347255421,-0.51195320647453935,-0.85311505290706413,0.10049189461750882,0.058932957408599482,0.081828031572188126,0.99490254788099652,5.9714119607540121,2.4778408126804479,-1.3845236049200134,,0.3035391673258787,0.4093959731543624,0,5
0.66592840559959732,-0.74551166026030324,-0.027417567935630664,0.73935585527740777,0.65463785099331595,0.15748715285338785,-0.099459931040552826,-0.12514650799275126,0.98714035154816204,-2.9892285673503056,-6.7179468842108712,-0.082379416565403499,,0.06969459302402407,0.2391304347826087,0,5
0.63163708534874552,-0.75311129389392983,-0.18400535704580087,0.7681546449828367,0.57589169439616794,0.27979849484370511,-0.10475224963423863,-0.31807567548450111,0.94226048991860201,-34.48080811397022,0.63853183372254685,-3.4358823428023992,,0.5248361119736362,0.6216216216216216,0,2
-0.76713273263178905,0.6406349185732112,0.033079776746222769,-0.63580980241059359,-0.76617651922982155,0.093377923191069259,0.085166106424366742,0.050600815068243862,0.99508104787044505,-7.6470442111122479,5.1059863287413503,-2.4086512436604495,,0.07391159544860135,0.1739130434782609,0,5
0.94459539157557559,0.32821103915992705,-0.0041303738022921898,-0.32202868111036653,0.92909156866178833,0.18189663433910985,0.063537978851263707,-0.17048862371178578,0.98330898217618123,-2.4402772374893256,7.2392749643645873,-2.4816456442055204,,0.07416516972600275,0.3424657534246575,0,5
0.65758332310771361,0.7530383087147301,0.022748159896473805,-0.74135330450829318,0.6414151967701256,0.19743815043444729,0.13408747542276564,-0.14669645858165836,0.98005137517088825,21.185787393958126,5.6146072853172839,-1.6291398392153171,,0.1025276924632002,0.4090909090909091,0,5
0.22652741937053714,-0.94249324402240275,-0.24574745826855027,0.96474746978573211,0.18241204151720994,0.1897054734359338,-0.13396883150700736,-0.28005772990876665,0.9505893014877641,-19.32522222225154,21.063183068766367,-5.7359711205698147,,0.3364659638024829,0.3478260869565217,0,4
0.12294034550442039,-0.98692340003311629,-0.10424909550843889,0.98269363953544686,0.10639622586014917,0.15163460666778433,-0.13856003126382183,-0.12108693401763046,0.98292373668885347,8.8308762173088766,11.807438688145806,-2.7746211581630145,,0.126370594215854,0.4324324324324325,0,5
-0.61191399388733647,-0.78681620089770243,-0.080507950475440848,0.78070636152705153,-0.6171803720560386,0.097907943599908218,-0.12672348304888797,-0.002941828288165521,0.99193371980706502,-10.95242676451462,-15.746056977493176,1.225241547152659,,0.08607445406434661,0.5333333333333333,0,2
0.03484229982971996,0.9966496481458671,0.073996574199724635,-0.99151233555396112,0.025192825731146937,0.12754846128436523,0.1252569462620938,-0.077812597838650216,0.98906819634982457,-14.71949323227728,9.7166604710068114,-3.5059186046102302,0.4872007248963141,0.3854138095788621,0.4683544303797468,1,5
0.2678102808271946,-0.94403345316324183,-0.19255776481862358,0.952831188481717,0.22988843077479096,0.19815154718654715,-0.14279488695250056,-0.23654206540188435,0.96107100234875087,-15.074132417256807,4.3786278320785357,-2.6996744160305606,,0.09261892846269827,0.1978021978021978,0,5
0.55860916369204894,-0.80959535723607245,-0.18030851278035578,0.82463759530437208,0.51876152763898764,0.22552009633796327,-0.089042903422395722,-0.2746667708032004,0.95740771167076433,-5.9618364409780833,5.4689300879977569,-2.3774455218204853,,0.219050318102764,0.1842105263157895,0,5
0.89173110000525246,0.4525509891442826,0.0036397126197387094,-0.44406636996879151,0.87340462817215281,0.19992352175320474,0.087296645675324899,-0.17989429594068621,0.97980474480471946,-13.862327146307839,10.1065551692359,-3.528400264972277,0.2276942223842962,0.2200011325705399,0.7962962962962963,1,5
-0.21017939130916871,-0.97389229070813965,-0.085781289149556558,0.96722150588235567,-0.21992183450653902,0.12695253154603359,-0.14250327023467035,-0.056286701862260452,0.98819260529812358,12.31184751686459,10.287330860613901,-2.3993838134351964,0.2890645885415772,0.2395444483015753,0.4137931034482759,1,5
0.51135124634159101,-0.83940791250402025,-0.18415824524181615,0.85118912166170257,0.46521468046356862,0.24300695513906406,-0.11830884172233691,-0.28101540439417727,0.95238299043163066,8.4424969812620159,-12.858303135860996,1.500524394314515,0.4391388324028287,0.404974312930263,0.5428571428571428,1,5
0.89033080403564602,0.45301401536046437,0.045709531524934822,-0.44817445169146275,0.85423336117632764,0.26348629092317183,0.080316375891201205,-0.25507580547825903,0.96357958323291593,-22.797646710156776,16.149097793022531,-5.1087002115937032,,0.1585200363452938,0.4285714285714285,0,2
0.96668061494474944,-0.25219260698713253,-0.043903048539652018,0.25516659519103352,0.93560305381322917,0.24400191473423996,-0.020459652701271182,-0.24707451239736106,0.96878046426161457,9.8218532810484245,-11.769307215885,1.2905437793428598,,0.1653642404485895,0.1176470588235294,0,3
-0.83484176211446159,0.54336729352024848,0.088267868231312718,-0.54771598610217709,-0.83596420760273038,-0.034220493498169427,0.055194481587743954,-0.076914419581888743,0.99550878512579699,-7.0343083325272833,-16.936197171940538,1.5967901371178694,,0.3498861861224206,0.1944444444444444,0,4
0.91310882362575529,0.4044686383881792,0.051355591489167414,-0.39616628463330111,0.85040784462977737,0.34620625747086575,0.096356375692718294,-0.33646934236650644,0.93675174433294461,-17.643746277187784,13.253675946733386,-4.4167362022057253,,0.3815231251510867,0.12,0,5
0.82034563962498586,-0.55714953032117365,-0.12890862039122708,0.56481620526948761,0.75408572675006313,0.33516767591282726,-0.089530362521604526,-0.34776301927422576,0.93329802132653472,6.4521719341145287,-12.697956849359841,1.4026045863433887,,0.501095949860363,0.2307692307692308,0,3
-0.56489141271014298,0.82088642134369838,0.083923626589155337,-0.81916612403055744,-0.57011830926589324,0.062705459734807567,0.099320456538888949,-0.033325616173391678,0.99449728517456037,8.0216561653065721,5.8715892856727052,-1.8542720957443903,0.6969369194050076,0.6470961273310377,0.7884615384615384,1,5
-0.92527904878383416,-0.36741125948081976,-0.094168191489491987,0.37304379665317405,-0.92641604706548975,-0.050908088926395374,-0.068534718648792736,-0.082233047774421045,0.99425384997668509,12.272444704483489,12.5063816554692,-2.8148494559335222,,0.427198137711987,0.5,0,2
-0.11688200509569796,0.97916809604306621,0.16603745534127334,-0.9794557534188344,-0.14131169239980065,0.14386602338928758,0.16433205402340773,-0.14581099163814842,0.97556861918470228,-4.1563284576404413,-14.276585252284988,1.2830710944894725,,0.4702906705741701,0.1666666666666667,0,3
0.42884342393007269,-0.88409765806560592,-0.18564656946694105,0.89824859732634843,0.39543707339088718,0.19177846174505167,-0.096139352781159371,-0.24899970279291853,0.963720069758775,12.774674480251104,5.7345943127589294,-1.7439856711757773,,0.2795322786474107,0.4848484848484849,0,5
-0.84417700494601633,0.52470689351947231,0.10976274510743317,-0.5326913315796945,-0.8440259752315229,-0.062129690119370751,0.060042731285527916,-0.11091811857231554,0.99201413366551972,20.906573070630497,4.3803801032083989,-1.4241966172388889,,0.2159405584943777,0.36,0,5
0.93337282077542705,-0.33812003769603532,-0.12037448876798978,0.35700962699956057,0.84020647409675597,0.40816321136958489,-0.03686873563546661,-0.42394329926810903,0.90493799530040342,-11.852346891082625,-17.754492437907942,1.5429518869377987,,0.7845613435993535,0.4222222222222222,0,1
-0.83327584271444233,0.54563975743264725,0.089042827096722205,-0.54928900620966203,-0.83535872469886763,-0.021386648327444833,0.062713296881415359,-0.066731223413946328,0.9957981654009711,-12.227586800019349,1.3403973684100896,-1.9902410909549655,0.09414725253735562,0.2159615122936616,0.3148148148148148,1,5
0.26627388385647405,0.9638464022111175,0.0099162352066791207,-0.95286418252602845,0.26165995354560834,0.1535705647886792,0.14542375471357075,-0.050340656086262009,0.98808792620384345,-7.8064727546905974,13.998308942016756,-3.8978152652087124,0.2226828401125761,0.2134720766645692,0.7872340425531915,1,5
0.12612308952800588,0.9888655778600669,0.07897996715235707,-0.97935859692954175,0.111441859140435,0.1686340732222382,0.1579547558894962,-0.098618360130354341,0.98250939646249147,-25.53585184429916,0.84939560969129912,-2.7630945427354536,,0.145006911886464,0.3636363636363636,0,3
-0.98778455790791542,0.15185904230212213,0.034935632665612427,-0.15449318581881871,-0.98366489391806955,-0.092386319380657736,0.020335257417015643,-0.096655096835268739,0.99511017960904613,-17.450806186164606,16.740537341805197,-4.9523766308435482,,0.4982558183209049,0.2916666666666667,0,2
0.92094208600022165,0.38681545113327609,0.047323154989095735,-0.38107851848038315,0.86850288575006163,0.31698880137413843,0.081515869536906635,-0.30996216576927094,0.94724791834306288,-13.920454320540877,31.71766546302316,-7.1603881122393096,,0.5117411819220274,0.5833333333333334,0,5
0.99029633471585288,-0.13391576432951352,-0.037144818109544668,0.13897044185226642,0.95306338313163896,0.26899331594867237,-0.00062107949150474843,-0.2715451266322389,0.9624255080070081,15.071762888620951,16.917979917746511,-3.3831568329157373,,0.2147624026609194,0.3076923076923077,0,5
-0.68760648884533115,-0.72418841794058686,-0.052425678999004466,0.71643593549796336,-0.68843045321353991,0.11306220153242781,-0.11796977080996085,0.040182663039068235,0.99220385343241568,-6.1493530669328393,-24.875086421302203,3.1062502785877766,,0.1259249303316164,0.2352941176470588,0,1
0.99968992674447543,0.016247890698929308,-0.01886945715865718,-0.010048025625177977,0.95656865152755621,0.29133391854672475,0.022783492854751636,-0.29105398290109263,0.95643530439374136,0.15363933227653037,-8.4870559504129819,0.45426118636093238,0.2628899274218146,0.2397741712037938,0.8263888888888888,1,5
0.96057670174624332,0.27799230671226499,0.0035605436527256259,-0.27345835089768517,0.94244580940942435,0.19239653492444575,0.050129137102362942,-0.18578528934070354,0.98131080493285272,-11.35225029314141,14.23083998775291,-4.2063223166864097,,0.1418736233565637,0.2777777777777778,0,6
-0.16603919487940527,-0.98514597206357302,-0.043799537562832121,0.9742129437477306,-0.17075375835823747,0.14748659003759906,-0.15277475576213853,-0.018181521758524093,0.98809377402570642,-28.837688991427598,2.1669847097085793,-3.1971085164133739,0.2237127039251012,0.2513126275926156,0.7638888888888888,1,2
-0.81702594553657459,0.57122909454206217,0.078523409686042517,-0.57224266549469804,-0.82000852704286209,0.011151114945082774,0.070759706808249043,-0.035823695030679829,0.99684990182412059,-32.018891555633402,-0.028432183432673046,-3.1509342390939254,,0.1249407506076375,0.4,0,1
-0.91879423243591729,0.39401800143630517,0.023811194565470154,-0.39253861289335629,-0.91837100579396469,0.050081265007416581,0.041600430649870832,0.036667564155845579,0.99846126309868588,-1.5902431318531782,3.5817899534300746,-1.8046118406746665,0.2948198083082847,0.157528270048277,0.4181184668989547,1,5
-0.97876797047622888,0.2048416567395466,0.0072907910436408674,-0.20412601059117613,-0.9708873093896575,-0.12534115152751099,-0.018596552636855199,-0.12416814458752763,0.99208691156557216,0.67728389545668621,-13.184102330996,1.2663144334795036,,0.576197985973861,0.5172413793103449,0,3
-0.9973312795465229,0.071969939150307333,-0.012273821605291026,-0.072800896209194874,-0.9930192174483341,0.092805513249148236,-0.0055089335842323037,0.093451386490521704,0.99560860282229624,17.805269614716121,3.399277331292875,-1.3155621793406649,,0.07882908756592265,0.1333333333333333,0,5
-0.84815039369912271,-0.52913975192015761,-0.025534929134391999,0.52167075549840503,-0.84262462985605457,0.13357902536577909,-0.092198332554052395,0.099974277180794074,0.99070914570141655,2.7583557123229827,-3.4251766666549734,-0.49099905149926015,,0.10223938690313,0.328,0,5
0.63122785400628179,0.76376755110325167,0.13494637530651318,-0.76507914039286828,0.58461281850364044,0.26996622265931591,0.12730005994631025,-0.27365485620206242,0.95336651630665847,-8.422946492108947,-9.2653938112157785,0.20246589104821483,,0.4796613342794496,0.1702127659574468,0,3
0.87807232275483671,-0.47661712458699235,-0.0427213361489951,0.47400926580584213,0.8540677718895916,0.21420424120394291,-0.065606493140043243,-0.20833712480011299,0.9758542055491124,-3.103546477406482,15.579270583109848,-4.0076821965479299,,0.1003342167840893,0.2580645161290323,0,4
0.9994870475099461,-0.025427173627429103,-0.019470508498062356,0.030143129127802329,0.95227922529965103,0.30373618294349225,0.010818208088088331,-0.30416728276397276,0.95255720587781245,-17.676952215829036,8.0790222577736426,-3.4413482384919716,,0.1469599824799146,0.4782608695652174,0,5
0.80382934036675524,-0.58984562746253488,-0.077074816437512669,0.59000168738902337,0.7740182177763909,0.22976903061197118,-0.075870945978370477,-0.23016936006686123,0.97018846892898003,-15.225170223644291,15.439501871656446,-4.5867136800542436,0.5164538701693516,0.2457764948451267,0.4137931034482759,1,7
0.52869503989522137,-0.84595606889748975,-0.069569276880654715,0.84136128399114141,0.51145554731983123,0.17471237196189321,-0.11221739878899897,-0.1509024605872247,0.98215869532258004,4.1893806653273327,3.1257757255373502,-1.5236106937214364,,0.09515450469194134,0.3863636363636364,0,5
0.89627646866918076,-0.43967770439060494,-0.058068993203878219,0.44032056462531122,0.86655896739198357,0.23493266354550893,-0.052974447405814896,-0.23613358993236841,0.97027554623812984,19.844975497512873,6.0467592161175876,-1.6814858779820638,,0.1548068339500445,0.5555555555555556,0,5
0.27262648893278663,0.96207640321212795,0.0091537923614294341,-0.95106502504509627,0.26804363308055346,0.15371378890961057,0.14543079339724385,-0.050612302332463145,0.98807301308377782,-13.654508968656822,11.256403129400736,-3.6719142631127308,,0.08665038004128897,0.2258064516129032,0,5
0.96744360335255697,0.24460825885455159,0.064959018098841137,-0.24741523552993352,0.86004880482944723,0.4462081964051165,0.053278284130482627,-0.44775311613832913,0.89256852478032578,15.547077318729999,-2.998810326983179,-0.28825516913444493,,0.5043745729317671,0.282051282051282,0,1
0.70086800866539645,0.71178138069966335,0.046382114211028634,-0.7033660559186754,0.67884356681200075,0.21082600214245276,0.11857582304504884,-0.180384805034248,0.97642260128591207,-11.549427436671694,24.276377454870538,-5.8553815854002602,,0.2745000278002837,0.1739130434782609,0,4
0.65697372452899372,-0.73554810628600531,-0.16539198474404396,0.74732511572008742,0.6064293660478064,0.27156692620570289,-0.099451981842797035,-0.30201391910626857,0.94810173292406341,-21.398355997595601,14.505142957537471,-4.7529420447632331,,0.3432756985036517,0.2173913043478261,0,1
-0.36501025094812878,-0.88828715724964558,-0.27877130944221751,0.92260616769594661,-0.38524756706063357,0.019549204670838365,-0.12476127617247172,-0.25006046936532578,0.96015852109357935,15.868281470911212,11.200125889078191,-2.4545148402803485,,0.4402889574458762,0.4482758620689655,0,3
-0.697028518864788,0.70574798024180196,0.12677157518062709,-0.7050838685307419,-0.70676147068195538,0.057835645558800164,0.13041465495443205,-0.049071498286653012,0.99024441721678957,11.457539044019235,-3.4304775193242025,-0.30427644966761525,,0.3647283117403459,0.3478260869565217,0,2
0.3673299583636504,-0.92550490639473593,-0.092246246144943436,0.92091681348267618,0.34801793180720381,0.17548715561417452,-0.13031087572983338,-0.14941280862064979,0.98015044166016463,-11.396071334786997,6.866364501816542,-2.8635988565806607,0.07728723621538851,0.1013945329285326,0.2666666666666667,1,4
-0.48151774627538502,0.86777008264185174,0.1229461007662659,-0.86590423141789574,-0.49270924357851081,0.0862986865767712,0.13546409869208217,-0.064905199822867923,0.98865403099440996,6.85619666935417,21.193366404829995,-4.3584255138935015,,0.5081887431408719,0.1538461538461539,0,4
