axis_00,axis_01,axis_02,axis_10,axis_11,axis_12,axis_20,axis_21,axis_22,location_x,location_y,location_z,dbh,dbh_approximation,score,reconstructed,number_clusters
0.99726102711917808,-0.072326772308888093,-0.015468736101587418,0.073808606702689183,0.98666052080571887,0.14509757496249207,0.004767951951314491,-0.1458418824987065,0.98929642268807594,17.078801403109996,-3.4739980826721437,-0.67388273769285068,0.2464942385128435,0.1617839881234867,0.1923076923076923,1,5
-0.341623656210225,0.93840267027051216,0.05190092433407708,-0.93648392446903228,-0.34454597333843034,0.065467025801963091,0.079316686319079455,-0.026239296588271014,0.99650407053153323,-7.6817577996048252,-11.772263028024206,-0.06224223114687942,0.3086566785942543,0.3409316760515409,0.8705035971223022,1,5
-0.40205411047273409,-0.9154938754662002,-0.014948452624097738,0.91319175111964623,-0.4021234277337592,0.066163241718381921,-0.066583165582686371,0.012950399666747646,0.99769683231403472,5.6206501247364722,1.4639826872451125,-1.1034284924873148,,0.06730949247813604,0.2380952380952381,0,4
-0.57682824889143669,0.80936912535706806,0.11041191149316211,-0.81326750586666841,-0.58168961182596246,0.015269557792226279,0.076584170572303378,-0.080986507595378857,0.99376861009253903,0.73963466376381615,18.677879120229857,-2.1524293037531295,0.7464029383785671,0.7466064728887105,0.5161290322580645,1,4
0.89761496012839126,-0.43997799409123478,-0.026584733761303058,0.43651346187580825,0.87893553489410703,0.19216743507058359,-0.061183175423504661,-0.1840969587360502,0.98100200245933922,-6.9848169932889146,18.236299680605452,-2.2164535786161759,,0.4785958143972459,0.4,0,4
0.80081568237750356,-0.59888274617695936,-0.0058051003262089935,0.5957453906564576,0.7955503837322101,0.11039482078031969,-0.061495303640511569,-0.091864265495771216,0.99387085899279914,8.0235676005195877,2.6270863415873706,-1.1454148687254202,,0.08183098380099639,0.2615384615384616,0,5
0.18796845398881132,0.97680835809772615,0.10253434476057548,-0.97731576190151315,0.17564477720415433,0.11833348545431982,0.097579515493370059,-0.12245139358671024,0.98766588194831961,-10.853999359700898,-8.2987350004376257,-0.22989571973720993,,0.1185626886358091,0.5,0,5
0.68565644481386512,-0.72731671855050151,-0.029759546403474908,0.72457999488696478,0.67801981107073162,0.123583845243682,-0.069707034758453121,-0.10629923194707817,0.99188779738065336,-3.0453510765288034,22.816565555479489,-2.4595183016125191,,0.08425771627033227,0.4,0,1
-0.30710427011557079,-0.93979679192077314,-0.14989648819170479,0.94794778145551595,-0.31601093040075012,0.039141991528507787,-0.084154446765147384,-0.1300733706900673,0.98792659004957284,15.193826384896326,0.077020425372869239,-0.93071552769713317,,0.1360818351867319,0.1666666666666667,0,7
0.06641613001407104,-0.99307342911828433,-0.096922969688338453,0.99455836399339992,0.058073778977956278,0.086493333881820858,-0.080265548554324773,-0.1021401026750613,0.99152652064420455,-15.381658447317687,4.309982208916912,-1.1363577834490211,0.803811938563086,0.8960431394751388,0.7019230769230769,1,1
0.23762189196188016,-0.96840521582063155,-0.075678097438115266,0.96800009164107914,0.22960846054991307,0.10127081231412027,-0.08069485140527434,-0.097320567277915812,0.99197633446639533,-11.429896717584322,-2.7817825016556883,-0.6916900146092223,,0.1625232819256409,0.125,0,2
0.98046632911532561,0.18883604245419769,0.055015693591504961,-0.19667895664638596,0.93876130477312003,0.28292154508477829,0.0017791805998770445,-0.28821547795166319,0.9575639262135387,2.1754107018888336,17.668583784915928,-2.0696367612580202,,0.404518496885763,0.6071428571428571,0,5
-0.82482867165116835,0.56433808834311228,0.034353812996672881,-0.56225123956240941,-0.8251308646282729,0.05506904619050669,0.059423951675251815,0.026107054277337928,0.99789138471291405,-15.307060365642037,-4.0907964732432269,-0.46268695229941653,0.2349762766674933,0.2812243661936452,0.7560975609756098,1,2
0.99797462878768683,0.05725204157369685,0.027728036925148004,-0.062347194554766762,0.96683305967413191,0.24768258326395659,-0.012628049224989455,-0.2489096994028164,0.96844436800260814,-13.165823084240715,8.4073053007775034,-1.5585902595652337,0.5797546379178237,0.207087364944612,0.15,1,1
0.87965359542368882,0.46221923045541424,0.11208449962141098,-0.47555451155562162,0.85101369805109606,0.22276353442269642,0.0075801449373632786,-0.24925703345462993,0.96840769961629602,-17.865408251642044,9.1282411388062084,-1.5131037108967433,,0.5082613181015773,0.1333333333333333,1,4
0.094180860625223475,0.97367661497586688,0.20756641091716005,-0.99257704977479777,0.07572114215990218,0.095168844115917917,0.076946512281273888,-0.2149887394240429,0.97358054426360141,-15.19388682387863,-1.1348656574303839,-0.70475574071115354,,0.1282357804316957,0.5555555555555556,0,2
0.0047879178981405455,-0.99946634945536539,-0.032312414774590154,0.99861695260551386,0.0030870333779651421,0.05248478059208514,-0.052357022557405382,-0.032519017993903436,0.99809882058723742,1.6207249473796743,-13.86294367053074,0.15324151133382399,0.1986966510661752,0.1850603724633788,0.7142857142857143,1,5
0.81403633601324488,0.57257259856951559,0.097495964108693364,-0.58057569354282501,0.7973489890514267,0.16482249156573237,0.016634533879832655,-0.19077528410677372,0.98149278308940247,28.290406119100933,-25.205927822758451,1.1038257512477194,,0.2342713294224007,0.1818181818181818,0,4
0.5112975281776565,-0.85662336303556241,-0.069074246872915232,0.85395007926897748,0.49736873904236012,0.15294966341878238,-0.096664883985472252,-0.13718874343419893,0.98581699563307379,-0.74965699797116814,13.226208096548811,-1.8570983584988154,,0.3012295363997357,0.4915254237288136,0,5
0.52002950275412507,-0.85389128770269596,-0.020951970091848147,0.85201035240958845,0.51683730852491794,0.083411964990689688,-0.060395990365146833,-0.061227978099483528,0.99629486551204438,-2.0824644314398952,8.2412025090095948,-1.5664709559167933,0.2597010766395018,0.2622834902986125,0.6682027649769585,1,5
0.049948033925687682,-0.99802781957959841,-0.038021904899055381,0.99586816794295496,0.046876904886065662,0.077776268014395897,-0.075840529961905878,-0.041749576446919949,0.99624554547641608,10.085899656189676,-8.9121800882207385,-0.27645651150945239,,0.08489956707447016,0.4705882352941176,0,5
0.8844584904287186,0.45842700932919789,0.087050880673552392,-0.46617503105168656,0.85996955852079993,0.20768533612535345,0.020347460099793303,-0.22427000587468088,0.97431460285292837,-6.8952003786453977,-5.5514658811388422,-0.59279666562678068,0.5691617997075963,0.4583994774636242,0.580952380952381,1,3
-0.95159079641873789,0.30545686161420965,0.034220781170959197,-0.3046062991760829,-0.95206903034916113,0.027920672489392579,0.041109106939994006,0.01614518946332737,0.99902421100981853,9.6482287907612498,-8.0200733329672467,-0.35458008977205285,0.290363810004429,0.205371606209856,0.42,1,5
-0.85557562387680774,0.51717031169353533,0.02291769034223131,-0.51503137840044388,-0.8548379208376351,0.063204496366379259,0.052278399848787037,0.042272896763770433,0.99773742593352188,-7.1824864027945576,-0.99771569965000528,-0.94301400120294143,0.3709634393236367,0.2273532871261958,0.771889400921659,1,2
0.70358389757261852,-0.7103406295597583,-0.01964405948804757,0.70729015995022659,0.69735720756381425,0.1159032126232195,-0.068631834552973947,-0.095441684056005602,0.99306623959857165,-3.4615752684599297,10.421010340578707,-1.7011440714416022,,0.081172865592952,0.375,0,5
0.77963181331917364,0.62475101608290184,0.043132395760493034,-0.6251998935103068,0.77252642146676909,0.11103162292990948,0.036046203896652425,-0.11353015475692069,0.99288044353059524,4.6829413895859515,-4.3113681870845486,-0.70173241467456027,,0.1070570748208878,0.3968253968253968,0,4
-0.61297022980334148,-0.77419942069826386,-0.15774268403101771,0.79003467756539103,-0.60325813184000909,-0.10920089108175285,-0.010616290264753339,-0.19155908581785638,0.98142366540737114,-21.289870434682097,12.625884167266927,-1.7086183541193511,,0.5870857424360356,0.3225806451612903,0,3
0.60739508009860077,0.79293040853174213,0.048296831135166945,-0.79271714789907388,0.60103216467489018,0.10178339969255119,0.051679203735857181,-0.10010846243899778,0.99363351173827053,-8.5211543358134119,-6.9171513472975299,-0.4629840427019602,,0.0640342745691828,0.2777777777777778,0,4
-0.45789588732646713,-0.8507686180946642,-0.2579226915856806,0.88680915562625284,-0.45750116332760232,-0.065285580730685452,-0.062457008149282393,-0.25862220326024882,0.96395730098062671,13.604966171922396,-11.333383757219716,-0.074669969737577405,,0.1765411727860137,0.4285714285714285,0,1
0.75009713252043542,-0.65851647631694243,-0.060912578370460824,0.65921800425814181,0.7371747264584112,0.14834097725469683,-0.052781764337053685,-0.15142481002162012,0.98705856577174977,12.610331651981493,-4.3427299660462904,-0.62136226805045491,,0.1260781074264412,0.2903225806451613,0,5
0.76152212404817554,0.64479609202004806,0.065742332639089324,-0.64560171457202564,0.74566260911847548,0.16488086457890794,0.057292937844168577,-0.16800378888079007,0.98412003647669066,6.0273682592170497,-10.448131463506924,-0.17107718184423557,0.4550101726758719,0.4423248213609344,0.7,1,5
-0.042624439144578544,-0.99166114080415846,-0.12161964893307804,0.99469687456665223,-0.05352590051535399,0.087824288789342203,-0.093601735640657158,-0.11723122362670901,0.98868374887627297,3.6451521474958088,19.439317526461949,-2.2150971247414981,,0.1872964064003756,0.5,0,4
0.89334474669768882,0.4314627755331627,0.12559871367518644,-0.44892847074492814,0.84448054506918313,0.29208874876358248,0.019959752059134247,-0.31732078773517913,0.94810818262942076,-18.637823631537344,4.8625236897635302,-1.1020114720268919,,0.2361031985846511,0.1363636363636364,0,1
0.63594195991932911,-0.77168549386476404,0.0089062996051648049,0.76832177411016289,0.63417010832209864,0.086659824249469858,-0.072522238259542265,-0.048267714566075613,0.99619814930986172,0.54078208962085317,2.8303101805453541,-1.2480235886549846,,0.0669331067401264,0.2058823529411765,0,5
0.89170545930441003,-0.44303158143982907,-0.092651992388912627,0.44967556264321817,0.84385599130696443,0.29274383733367459,-0.051509826326790742,-0.30270461473565924,0.95169146996782505,-8.2263039114595227,18.092676575501297,-2.2231536576327975,,0.2843405613420825,0.3225806451612903,0,5
0.28403603665075999,0.92064965796330034,0.26782034496241308,-0.95617657009218504,0.25127817406605896,0.15028521565600519,0.071062625130744808,-0.29876995586920241,0.95167568886645526,-13.502295730762652,-3.0121673480248501,-0.60017903420647034,,0.06356867604994038,0.5,0,2
0.9851902511558045,0.16959218796548337,0.025271699757700151,-0.17136190941054433,0.97895083213267031,0.11086191532679299,-0.0059384367248925853,-0.11355068492894618,0.99351445732884647,0.7281196298894258,-9.7016106333896506,-0.22930424407758665,,0.06598480793702205,0.2195121951219512,0,5
0.91058137413021378,-0.40273141527047851,-0.092999829254514041,0.41045214953599046,0.85455116181792479,0.31823158984758143,-0.048688746424777288,-0.32794773819904877,0.94344034627617646,-14.691882413884128,3.0121180065421784,-1.0554862497858759,,0.20164809506613,0.3684210526315789,0,1
-0.138383103030607,-0.99033549482835603,-0.0092587514653195875,0.9873052390704341,-0.13868356553875735,0.077428893531619553,-0.077964618255296228,0.0015736367221709114,0.99695488462004822,2.9029156427247225,-10.435915237647944,-0.16806948830900278,0.398292243713699,0.3578576466602959,0.9357142857142857,1,5
0.53442943888378525,-0.8441430577945559,-0.042516735900340559,0.84218221919888614,0.52758267339346254,0.11129075613116536,-0.071514225994564681,-0.095283895345772682,0.99287798584122822,16.23837161988979,-4.4978157235251777,-0.618204002410492,0.2250595261781802,0.1542930392966124,0.2222222222222222,1,5
-0.8676581441462895,0.46581775624849042,0.17373302178986735,-0.48477457442344496,-0.87022078234086608,-0.087803200252717664,0.11028579640726333,-0.16040451348286003,0.98087075354765407,7.7237384033650844,-11.424196836133762,-0.056581956380619254,,0.4849396499866842,0.7321428571428571,0,5
-0.63930502210952156,-0.76784563851083909,-0.041257291784940385,0.76809684715502369,-0.64020470937310081,0.012851594726632972,-0.036281153455452977,-0.023473506691314858,0.99906589992230077,-9.8568285454307158,4.3908371053932553,-1.3272731258252217,0.3888553030711934,0.2442889060879263,0.750561797752809,1,7
-0.089242680212311715,0.95332567824148418,0.28845432087929768,-0.99235767438276423,-0.10988359259462811,0.056141269776599265,0.085217311164775517,-0.28123966164805342,0.9558463593035933,-7.7442405083514041,-4.8534010880033671,-0.63691585905401504,0.5546783553385124,0.3260653375806939,0.1551724137931035,1,3
-0.73683387442010129,0.67374565453066582,0.056059205382415704,-0.67251095159644059,-0.7389282931925264,0.041400452925432291,0.069317108205069103,-0.0071951734256753665,0.99756872845406608,-3.9343352693483808,-10.370089456717942,-0.16746094396985881,,0.1101393356215037,0.3333333333333333,0,5
0.89697357871549266,-0.44195613641469506,-0.010638259806803437,0.43914543899101621,0.88798298402324805,0.13651924222817477,-0.050888923153366114,-0.12712589653789233,0.99058029655839985,2.4318082091349984,-2.9302633414209853,-0.85083130496520065,,0.07214669910063368,0.29,0,5
0.99760482019429253,0.066758314726896806,0.018109393693314407,-0.068505610700528144,0.98977295903944307,0.12512582010462361,-0.009570999303236476,-0.12606671634151315,0.99197559395541979,-1.2528833023761101,9.1852701420065532,-1.6120017051857651,,0.1307552310133618,0.3295454545454545,0,5
-0.39841895233030339,-0.88333504037799804,-0.24694441654838714,0.9155038476460915,-0.3993791846410582,-0.048466192553623208,-0.055812573576434127,-0.24538841316542076,0.96781686455389448,-8.5833610640116795,-2.9157635500542547,-0.77307973647984907,,0.4183349903840385,0.3278688524590164,0,2
0.90968981045193575,0.40886734043366318,0.072745767482551599,-0.41427039804293353,0.88117147754808711,0.22785272537556381,0.029060042416899041,-0.23741172060878885,0.97097435025458012,-9.2594899625997957,-1.6845609307525342,-0.85372502137717654,,0.4267307708551626,0.7220630372492837,0,2
0.89202867525257001,0.45042563381115319,0.037437827567402694,-0.45150201266777057,0.88422190448093774,0.119572388924267,0.020755121876248905,-0.12356525418549019,0.99211937430632724,9.2543445172974526,-13.186731547883561,0.095294026735867038,,0.1148208885571149,0.5357142857142857,0,5
-0.12025032162128906,-0.99237336984122726,-0.027110053115819169,0.98977219880595346,-0.12195696338812145,0.074010090879389895,-0.076751903043531647,-0.017933039650723064,0.99688893637560305,-12.144094823766483,13.224974050893016,-1.9271802247980017,,0.0847316318939882,0.4210526315789473,0,2
-0.28115660342321525,-0.95884039642451779,-0.039699603725923745,0.95702031945807486,-0.28320997287728955,0.062483753145997328,-0.071155270331057771,-0.02042560763647926,0.99725609652525848,8.1115570340827112,11.386001601737432,-1.6973591269717339,,0.09000667298731341,0.2727272727272727,0,1
0.1932394614987693,-0.97858087660976734,-0.070978718312792774,0.97781849494931894,0.18612046584602956,0.096073737974055259,-0.080805330608296921,-0.087969540904326918,0.99284029854673383,-10.995166840197324,-7.096446104492709,-0.34881816841155455,,0.07118501456038304,0.2727272727272727,0,3
-0.77691028018975761,0.59624300010521158,0.20224910719459124,-0.62640024469035049,-0.76438444372114644,-0.15277157997802837,0.063507086119123202,-0.24537870124085878,0.96734489350490094,8.2959934571862526,18.944050896284857,-2.1816989431612592,,0.245604378648377,0.6,0,1
-0.78943473768212158,-0.61344891307898319,-0.021753757904669577,0.61283340784759033,-0.78967534606820111,0.029121504734073871,-0.035042961727995883,0.0096580978604421421,0.99933913761998194,-10.722527898228181,-10.263238324579815,-0.081372400502379469,0.5314777997838092,0.4851316064229312,0.9130434782608695,1,5
0.59254223610952583,0.77336629887774666,0.22538470708204564,-0.80428045055896058,0.55235060435646177,0.21918432132734197,0.045018388187485131,-0.31114848164049891,0.94929445753033559,15.558172182747478,-9.7241913323488927,-0.23429358528901231,,0.1986881990801512,0.1176470588235294,0,5
0.3284535597636557,0.92575575546905475,0.18733536850927077,-0.94162277883227774,0.30541747553237869,0.14165700838154877,0.073924295483717456,-0.22292699893765791,0.9720281640373839,-4.7792459378614449,14.901476411659273,-1.9790627576337385,,0.1415679660729523,0.2380952380952381,0,3
0.70329113690273981,-0.71002789193111837,-0.035241586710897763,0.70804451084633802,0.69516282402274387,0.12418381036629525,-0.06367532814536439,-0.11228998520159257,0.99163320426910095,10.636911489006245,4.1034950106842949,-1.2096621658822249,0.2858799226767966,0.1772812954828186,0.4848484848484849,1,5
0.71695591088876542,-0.69503694082585477,-0.053831893233466953,0.69373430928680135,0.70374531134585239,0.15321633358455988,-0.068607069315243241,-0.14719438727807499,0.98672533280229868,5.0683769992339167,-0.30655725459683514,-0.99920040246812636,0.3725244150694146,0.2560541551900236,0.3609756097560975,1,5
0.92556015581165185,0.37522064991358151,0.050476349435554617,-0.37859146130983018,0.9163499517256406,0.13027383235210221,0.0026274316733317115,-0.13968618346438499,0.9901923382615907,-0.75311500637003792,15.029828431151977,-1.9628218055019768,,0.6000184596644328,0.8181818181818182,0,3
0.83924497970518741,-0.54369066289214862,-0.0082660222316706857,0.54099108501604143,0.83335452581114966,0.11335290134460337,-0.054740387035577411,-0.099602697724354067,0.99352040373271933,-9.3074484693937087,-10.427066146969203,-0.11149539599105249,,0.08303800707260985,0.3225806451612903,0,5
-0.58702945167157061,-0.7965423815809799,-0.14462592165816912,0.80776957870510269,-0.58819785648907164,-0.039135525296614897,-0.053895552587903219,-0.13979812576340722,0.98871216915960058,-2.7974261004609176,15.111368465648926,-1.98859333479282,,0.5247701365243949,0.2,0,1
0.078723525611190628,0.99016495985571396,0.11565448019543552,-0.99391542922889176,0.068992870429046865,0.085860953702530801,0.077037173209377294,-0.12171004931349315,0.98957159308461107,-15.086149784240119,6.4974835418018309,-1.3316761193307405,,0.1437089907856348,0.2631578947368421,0,4
0.78564795627990236,0.61817142085105159,0.024927559772338268,-0.61748783064418133,0.78101148723267666,0.093433590410216968,0.038289264808223672,-0.088798374160754825,0.99531340840302718,-1.8352128071376721,-1.6168118098669189,-0.96271026927245484,0.693066735179947,0.6036079557039582,0.9980638915779284,1,5
-0.99594194550904958,0.087877741930890499,0.019420186630812495,-0.088683526149178779,-0.99502036960379725,-0.045493914574032387,0.015325578794802987,-0.047031548418579913,0.99877583074879916,26.410585860686368,-14.800727013149359,0.075914803966854696,,0.3184770154431807,0.4761904761904762,0,5
-0.72393871619975936,-0.68425111773411584,-0.087824501516709688,0.68846674476890013,-0.72469296058711286,-0.02887307089314901,-0.043889366985178181,-0.081366582545291263,0.99571743115732492,22.333689751922371,-11.298827006469123,-0.2002100723548467,,0.3352112722618115,0.2272727272727273,0,3
-0.056571554141723893,-0.99806633278053603,-0.02575373044829533,0.99533445549986455,-0.05839854288787262,0.076804504316886846,-0.078159970296689557,-0.021288625098553268,0.9967135062216399,3.7770980341636164,12.255748078168809,-1.7450457656614538,,0.07217570602494044,0.3428571428571429,0,1
0.9174706133757029,0.39626389352675701,0.034965701466238862,-0.39753965701596355,0.91011216880501367,0.1168677085112219,0.01448774280697961,-0.12112294117981481,0.99253178207466464,7.3654540202155578,-7.2573710541439169,-0.4294764918802107,,0.08716973860270914,0.2711864406779661,0,5
0.61878638683642961,-0.78236123685880266,-0.070811740034271944,0.78161875782213208,0.60415847742134554,0.15512785559179645,-0.078584507929389744,-0.15133878954414254,0.98535325944191698,-6.1774854326924284,20.554672142734468,-2.3353359567096525,,0.3344916011460319,0.25,0,4
-0.73098208876490778,-0.682395288632903,0.0013623349476960796,0.68092427711496262,-0.72927235915622901,0.067111511726188178,-0.044803066193715345,0.049984959961228044,0.99774455099354786,9.2247698797596005,1.4138426767184922,-1.0591315598933198,0.3385011740933404,0.3499822357572296,0.8055555555555556,1,5
0.93359306817744714,0.35692196442472407,0.03179141963198575,-0.35811855164680984,0.92626650104528019,0.11739451438515142,0.012453353661253117,-0.12098380202543761,0.99257636161156793,-0.86547327275896668,6.9992549508016744,-1.4960428399681185,,0.06623872490697483,0.1594202898550725,0,5
0.85416214707409444,-0.51996397153521612,0.0066704430961320501,0.51728383939777656,0.85093058316618442,0.091293877836104778,-0.053145611330280361,-0.074529262291955736,0.99580165347249172,4.550702113687076,3.7071344086455702,-1.2447139658164956,0.5766705199359476,0.5678653038441925,0.9770114942528736,1,5
0.99453641975509854,-0.10372611242557211,0.011755993441162321,0.10086166644981544,0.98383925999419009,0.14794334974932624,-0.026911596416364036,-0.14594932029702251,0.98892596380273101,-2.4233641320551929,9.2252892430987536,-1.6310131451715582,0.1812962798867241,0.1555528089609397,0.475,1,5
-0.77183076328202738,-0.61841567796274255,-0.14778133204624894,0.63562033778127014,-0.75638879978655404,-0.15447579019470906,-0.016249893855229122,-0.21316198724757948,0.97688172679314478,9.6909741384384773,0.47188345764020495,-0.99589830989992234,,0.3142747595267272,0.3636363636363636,0,2
0.95542251575486925,0.29245444177464708,0.040474879554065944,-0.2950593214920228,0.94099514338558687,0.1657351408887274,0.010383313021562635,-0.1702895757555897,0.985339356363927,-6.3339003682869386,5.943687188554339,-1.4768992821110731,0.3849440946543691,0.3116069214572836,0.9732899022801303,1,6
0.94737391439646523,-0.32006660367175632,0.0063273639965851754,0.31727473413308965,0.94137683963512719,0.11465770309646359,-0.042654535537216161,-0.10661620426842461,0.99338490807214175,2.0561766626012035,13.670973675457342,-1.8051621397507134,,0.08060847130823648,0.4634146341463415,0,5
0.92897175549152256,0.36039040851951853,0.084440694846353262,-0.37006201383007292,0.8992688920882802,0.2331728235501494,0.008098359033243286,-0.24785926081034934,0.96876220168394123,-2.5219332615991092,13.450670480965719,-1.8958724703724326,0.7153690644288971,0.4994685980563246,0.1904761904761905,1,4
-0.22365848986595446,-0.97463999566608439,0.0073320364767000849,0.97173740139181541,-0.2223969149972351,0.079158290380694857,-0.075520213500509803,0.02482923775969546,0.99683509484021993,-10.025986924333356,-1.3606578408986427,-0.84377108370044274,,0.08326940336981008,0.264,0,3
-0.010735467361710185,0.98741340391980559,0.15779581585083033,-0.99650142459131263,-0.023644639451157898,0.080161348620829423,0.082883415277189565,-0.15638318574811119,0.98421269992175064,11.634334281792537,8.5832532666467252,-1.5072387533853866,,0.4007736454297051,0.3809523809523809,1,5
0.47625220653668632,-0.87717019081689751,-0.061288596909903355,0.87591966984562264,0.46714912445548901,0.12056710786116283,-0.077126958623250946,-0.11110423872524947,0.99081142524236665,2.9611458114905731,14.692175623198377,-1.8824317980279388,0.8847252144595746,0.282887012068527,0.7941176470588235,1,4
0.75962157216569215,-0.6487550415672706,-0.045737983575691046,0.64674344511880211,0.74610919844774448,0.15825289946009299,-0.06854183610309883,-0.14979305735818477,0.98633871295356879,-4.6925824191281169,18.025310830515672,-2.1750803360499962,,0.1283350016018633,0.325,0,4
0.99307603367926489,-0.11714222773077489,0.0088141825560386078,0.1144595246870674,0.98175735623203753,0.15182723962679207,-0.026438769643659595,-0.14976712578717671,0.98836774506920144,4.2169033584950171,1.3876130416764134,-1.1141707444549622,,0.07087754938431091,0.2134831460674157,0,5
-0.96828652060576803,-0.24813033239228185,-0.029198495852893604,0.24847160632848514,-0.96860056919752824,-0.0086485951903602851,-0.026135700903514029,-0.015629315311945779,0.99953621727337227,6.5397419739150928,6.6398803285979655,-1.4150912812450225,0.0815586558584834,0.1247904028743197,0.2285714285714286,1,4
0.37400941667903698,-0.88244129376451119,-0.2853319458010658,0.92409142715346215,0.32852756850699349,0.19525539939361586,-0.078562016884015248,-0.33670016303841993,0.93832883879427753,-5.5393347691746806,17.194557787292421,-2.1336713564622065,,0.1456130686757177,0.2857142857142857,0,2
0.76796227043740706,0.63835336477549198,0.052334815031967331,-0.63954412350565215,0.75980698131826552,0.11694727542534694,0.034889328941807553,-0.12328151856556824,0.9917582376295937,0.88424913600673494,3.8691672288413788,-1.2925418307067404,,0.1484244374245876,0.1764705882352941,0,5
0.97755987703656733,-0.21054442255505748,0.0069089028947316557,0.20793443865653591,0.96965975578796948,0.12854270584442773,-0.033763234869347944,-0.1242215928740779,0.99167990795164562,-13.13554424083434,-10.149216871719169,0.0020192796482712658,,0.05972792076633353,0.125,0,1
0.73723897483955214,-0.66764122521050073,-0.10360448048683686,0.67235511802936743,0.70990135090884887,0.20971091349165971,-0.066462690565770019,-0.22426606158135573,0.9722589389589309,22.125854464769265,-7.7742118331942915,-0.47444502585400355,,0.1757058336485834,0.5,0,1
-0.78123001364540112,0.62348073939410664,0.030845313812394925,-0.62076882312655168,-0.78113889361523547,0.066843826309110635,0.065770312555764418,0.033072594185287747,0.99728655335373539,5.8512933150169228,3.8017096132069255,-1.2326076465664708,,0.07364229549442478,0.225,0,5
0.92184464616361406,0.38500067338334193,0.044462679112413209,-0.38725283275714195,0.91046933827073617,0.14519238130981965,0.015417258545188588,-0.15106311781245713,0.98840388636211352,-14.282604844413381,10.358642032744404,-1.7193544898225019,,0.08784510153404336,0.4347826086956522,0,4
0.16226820963634289,-0.98673388752253621,-0.005026266614364173,0.98330980360334086,0.16127615182004998,0.084213021508999453,-0.082285225156007752,-0.018607473465760645,0.99643509756142457,8.7670214108150795,-10.566646349133221,-0.13586383662842005,,0.1147056307774776,0.375,0,5
-0.99988633418164818,-0.010425224855134597,0.010891896230927465,0.010356436161803472,-0.99992618899720076,-0.0063530140532566896,0.010957323889157312,-0.006239490704718683,0.99992049974432162,5.2633002499350754,-17.149964331558543,0.4779682878871564,,0.1663195016528742,0.7142857142857143,0,4
0.92063471141714404,-0.38988597696980198,-0.020509829257582071,0.38862350088563991,0.91008053609352069,0.14396246866151963,-0.03746335133515423,-0.14050744743974602,0.98937058502904063,9.1360113266615262,2.4304729461878511,-1.1223245896666463,0.256785863591176,0.1677086723005149,0.1384615384615385,1,5
0.84624591608114386,-0.5327884004029585,0.0020904334582601391,0.52973028793523214,0.84179571548353993,0.10375835117045877,-0.05704096387722396,-0.086697715019560292,0.99460033915656054,3.7540404386981492,17.843261498948955,-2.1011849545336374,,0.07603523256951678,0.2,0,1
-0.99270078436352105,0.11815739395076662,0.024165739773755024,-0.11757781675359028,-0.99277005247055705,0.024147047957584093,0.026844175001452919,0.021129438524723765,0.99941629819416133,-8.0618711984493334,26.919922751855999,-2.771674532278984,,0.181828376533484,0.4285714285714285,0,1
0.24912077734658367,-0.96804140648746695,-0.028890718578821327,0.96547088095432221,0.24589134990327205,0.086043140761085046,-0.076189345209937961,-0.049328281629441077,0.99587243375241963,-6.6476348419211764,-0.064199644311386972,-1.0160976293886641,0.1901660529019608,0.1532776346380927,0.828665568369028,1,4
0.94459824075155241,-0.32746228328092086,-0.022419112326746114,0.32361638666653059,0.91773879847170703,0.23027794523272754,-0.054832452525597541,-0.22477533407416933,0.97286661539076102,-12.074517079442639,-6.4087025116418435,-0.34861293006608757,,0.1956106752452654,0.2692307692307692,0,3
-0.0032037611263848569,-0.99970612787012159,-0.024029020237493533,0.99684211377350884,-0.0050993263734495356,0.079245170692609307,-0.079344414562140461,-0.023699256728130752,0.99656550668198729,4.2531446834201221,11.021562052704114,-1.6690836666582309,,0.07382050189649232,0.3055555555555556,0,2
-0.50637168265460009,0.81574910383326638,0.2795373295300147,-0.85889980351161088,-0.50595350781856785,-0.079386242219941949,0.076673636494337671,-0.28029350246002765,0.95684727409625059,-10.852259060937511,-0.28238215108225018,-0.92070738421856702,,0.1074564677473326,0.1818181818181818,0,2
0.88538150363197832,0.43901055008666567,0.15287030430721782,-0.4643666469103982,0.820017249757796,0.33456737338965825,0.021522320125202631,-0.3672076347412519,0.92988996269675095,-13.100499061031453,-6.9856870426627049,-0.27143954242918877,,0.3472187779174545,0.25,0,2
0.15259305185200311,-0.96208851017280805,-0.22605543373243273,0.98496125588789907,0.12929231745952924,0.11460724691605144,-0.081035084538885818,-0.24014411348065715,0.96734901655729466,-5.4738331497518979,14.219291905372407,-1.9538768136837938,,0.09351274924933925,0.2307692307692308,0,4
0.99222666286138061,0.1143331542634947,0.049134299049933793,-0.12290254298133847,0.96226906684719027,0.24276162777044946,-0.019524713459834701,-0.24691329009431212,0.96884086037858375,0.86891121759259293,8.4964199365127637,-1.5454883473701164,0.5744159503227524,0.2583128463701673,0.2463768115942029,1,5
0.90817736856042375,-0.4184972879806339,0.0085957656738544427,0.41556670280833774,0.90389927628119249,0.10134305035543714,-0.050181498101114975,-0.088465350794490596,0.99481440427706769,-2.0430461137592353,3.866050935491077,-1.3128088366418671,0.4700585509547613,0.4193245994524212,0.968421052631579,1,5
-0.99015042069249271,-0.13863388289597536,-0.019565043206266543,0.13829486435445346,-0.99023226035620759,0.017736996448593858,-0.02183288564668889,0.014856549499096814,0.99965124320500787,17.779547893081915,-10.780274846745833,-0.16434251137222922,0.2037058455298363,0.184594442971778,0.4230769230769231,1,5
0.99981046318265665,0.0068689560188506726,0.018216891987770715,-0.0092339629518310169,0.99105959910824803,0.13309998100527334,-0.017139767754763221,-0.13324296776419764,0.99093518451143081,-6.2631971456760676,-6.886844195839716,-0.47761369393455849,,0.06809798305539513,0.3275862068965517,0,5
0.10913098442907387,-0.99347377343272325,-0.033170615594045071,0.99076775789929361,0.10601232843012297,0.084502284750361825,-0.080434309500043141,-0.042086193961564294,0.99587101279888746,3.1875477787377653,2.1976987671636414,-1.1824268054055365,,0.06640733269714794,0.2142857142857143,0,5
-0.98102765409700021,0.19359322395526515,0.0103153058870981,-0.19347542130696424,-0.97427127196892505,-0.11559736141515931,-0.01232895968971104,-0.11539996644133327,0.99324259096069289,10.933630281364298,-2.1489253099154437,-0.80348616158998309,,0.2606062646686761,0.25,0,5
0.95502839689047203,0.28281779372059912,0.089077812545142063,-0.29642911465616306,0.90344918687734965,0.30969234203450857,0.0071092275936433368,-0.32217023805073669,0.94665505681708229,-4.5553477636431436,-1.6236150078785094,-0.92507217284595455,0.8511797867828008,0.7733563708824258,0.7625806451612903,1,2
0.0049182702009387515,-0.99710083982719266,-0.075932376718613512,0.99539789976357174,-0.0023854791430165429,0.095798385349277287,-0.09570178558679536,-0.076054090653725634,0.99250034938549714,1.8705641463512162,9.3742992621758638,-1.5840993147465618,,0.1266729290983373,0.3714285714285714,0,5
0.58808685876371192,0.78830500988687824,0.18091174073751987,-0.80715133728284594,0.55775443133450375,0.19343400179192557,0.05158066761825178,-0.25977914795836432,0.96428949440200928,0.030749337910244881,-6.6042848360922477,-0.54018242430650565,0.5362880124921227,0.3709194126429426,0.1951219512195122,1,5
-0.22838944560280408,-0.97162825213829374,-0.061455681461768323,0.96977382309078253,-0.23261410727948412,0.07368452444345755,-0.085889424175119522,-0.042769343474680838,0.99538625170011952,6.8804094654631349,9.0885609747168985,-1.547657599126151,,0.2308262209374663,0.2702702702702703,1,5
0.40917498813301195,0.91105868124566725,0.050476810648604584,-0.91007286129888521,0.40348587974230438,0.094691773538351787,0.06590308197352622,-0.084683080810066577,0.99422611090782886,-4.6961868031526492,-7.6804081373749389,-0.40036366546147756,0.4285804259290417,0.3816706065415284,0.8626609442060086,1,5
0.99847786360474078,0.048150051878876901,0.026898483142619029,-0.053516554852226748,0.96375718649286346,0.26135811416542737,-0.013339199678425465,-0.26239980561620352,0.96486704149562352,-14.765802639887712,-11.564376447360926,0.17326176590355269,,0.5981921490745301,0.2,0,1
-0.52491002550394139,0.83954172529776327,0.14013977525851656,-0.84680414068320786,-0.53172959990234514,0.013652102748910391,0.085977976524378136,-0.11150481636121294,0.99003760710441047,8.0182076427955398,-2.8330771785985607,-0.77888572353674213,,0.08533878765479146,0.2916666666666667,0,5
0.99980410429665811,0.0069477336001484494,0.018533268178538502,-0.010414744073049126,0.98092437678357081,0.19411053587493726,-0.016831106245554568,-0.19426552969990277,0.9808045767801894,-6.3601042035192341,13.456797985483531,-1.9189096382814974,,0.08853254174762065,0.3333333333333333,0,5
-0.083353591078950504,-0.99601880857092473,-0.031602402237779464,0.99335657640630104,-0.085572080994163427,0.076942387958007799,-0.079340348906438221,-0.024979029750645681,0.99653457396525913,-8.2416956040874787,15.763792962480403,-2.0715232106805912,0.3192100490674223,0.2263563286065771,0.2439024390243902,1,5
0.13610173254832503,-0.99048465521063533,-0.020407503267500796,0.98762076853358038,0.13402912451614113,0.081494854700015648,-0.077984203262482413,-0.031246464979346831,0.996464812458428,-3.9604781114781993,-5.9752859097875737,-0.55469415596259541,0.3422895465962485,0.2819918246324211,0.5859375,1,5
0.95623874249410212,-0.29145745333722362,-0.025690859220312334,0.28989261279085415,0.93188183585854445,0.2180791531673768,-0.039619949553093933,-0.21598332549316954,0.97559287753976631,-14.57498032845152,18.330002916654283,-2.2287029459613468,0.8237734149395902,0.7121860301511342,0.7282608695652174,1,5
0.45150166190548796,-0.86415186265304678,-0.22223367784800754,0.88832071055360307,0.41192926339442626,0.20297930229672917,-0.083860386942370385,-0.28906027093427228,0.95363074366826117,11.821755448456772,1.500440321599255,-1.0513573179027549,,0.5270823658018062,0.5217391304347826,0,4
-0.48303471240880053,0.86512051474586482,0.13507020979474943,-0.87141151571448394,-0.49004182374445382,0.022382610692139971,0.085553707624705405,-0.10689015832647995,0.9905831904310749,28.266164111382881,-9.0816311498191897,-0.31337139187019369,0.4423107778618831,0.5549981542830995,0.8947368421052632,1,5
0.38962253732183494,-0.91878675618507599,-0.063444267430575116,0.91746301701592115,0.38120485907399559,0.11377375719567324,-0.080348558287875738,-0.10253658896843695,0.99147887375565336,-10.344009563932657,-13.723624396401892,0.16205907458447152,,0.09499765188135291,0.2692307692307692,0,3
0.29995496632281976,-0.9498669877389333,-0.088202742485948116,0.95052635040477784,0.28976690382325698,0.11195891494141201,-0.080787841687045198,-0.11742166347165128,0.98979062310324029,3.3829869071069618,4.2926815135108827,-1.3061111049938432,,0.07895960741708477,0.2978723404255319,0,5
-0.72800890725365797,0.68416726828792929,0.043797031437835025,-0.68226311613272661,-0.72928478648728057,0.051582366784227729,0.067231475695509357,0.0076713233300026891,0.99770791290546068,17.52901506892432,-5.2365268704322911,-0.55579831392301682,0.2563484777652322,0.258281590465864,0.5510204081632653,1,5
-0.66361960232850703,0.74599226409621489,0.055718626274854265,-0.74439562122492886,-0.66589901722254352,0.049534411909322146,0.074055266568325381,-0.0086046946868289665,0.99721701586106148,9.8621035300115487,-0.64316253681212199,-0.91441902153552013,,0.08522330481195831,0.3548387096774194,0,5
0.99907393883261697,0.038364080819587462,0.019479785634090894,-0.040380910229950571,0.99234765325382401,0.11668554825097523,-0.014854185756299352,-0.117364101770934,0.9929778551312316,-9.2850169327806871,-4.9118965070970235,-0.59946485232320046,,0.07729514238691236,0.3048780487804878,0,4
-0.59388549863273787,-0.80377229785812665,-0.035356862270445384,0.8013167492117057,-0.5948633399019615,0.063474989353822717,-0.072051939228093026,0.0093648297662234231,0.99735691606210919,7.0512694811262655,-1.6599718246083406,-0.86848965642703635,,0.1088691658459315,0.2765957446808511,0,6
0.68781937967396867,0.71903248073270409,0.099482624594905936,-0.72420008174846551,0.67042665177842864,0.16143836650772236,0.049383626238189891,-0.1830857619711031,0.98185582506956071,13.113393246472201,-2.9702302981681066,-0.71845789933906723,,0.08707364328929795,0.16,0,5
0.26282906049023547,0.96348188346070041,0.05122055451516877,-0.96218660241759391,0.25779982965283543,0.08795561357330077,0.071538989997811109,-0.07240102260320827,0.99480664696015297,-1.1694187673013408,-3.5505387754665483,-0.80124771415244744,,0.06856810250879522,0.1914893617021277,0,5
-0.99663477682650214,0.079978227689254985,0.017961200284931131,-0.078438772299633669,-0.99414401041404266,0.074330650192308639,0.023800853348482101,0.072671656466402446,0.99707188794304835,-16.247711835841351,-8.0200431355353459,-0.099657835708247211,,0.08315092715649611,0.6,0,1
-0.34666253501339656,-0.93454882329764444,-0.08027193588716354,0.93559061426619217,-0.35062440103845705,0.041626096303063284,-0.067046918759136404,-0.060671461737876006,0.99590345135233593,6.7527922563740148,1.5172775363161599,-1.0830138859659439,0.3523916155063451,0.3568408402532123,0.5904761904761905,1,5
0.049493228063016918,0.99506723767904914,0.085974489668088169,-0.99622434914747415,0.04303630562951162,0.075398425470656838,0.071326478544739072,-0.089381591480289013,0.99344021690429729,-6.4244833007092472,-4.054841993871543,-0.7050260231515777,,0.09376596404158259,0.2105263157894737,0,5
0.60350326091659257,0.79640466517886366,0.039031056152532842,-0.79562110235293937,0.59823329836643957,0.095414790343556544,0.052639106695816153,-0.08863706903408701,0.99467210398166583,9.0225654182064208,6.4169477295307544,-1.3807230215043644,,0.08308051764316496,0.3529411764705883,0,1
0.94885133364862628,0.31258245393906375,0.044422473171313828,-0.31536799790234055,0.9316830331023368,0.18030460817266714,0.014972392336976828,-0.18509169435353595,0.98260719117511275,-11.787249890872255,7.401361095532728,-1.5009468884156043,0.3968823632455691,0.3473020447904988,0.4979423868312757,1,5
0.83164612620726186,0.52808679704704276,0.17172377688908103,-0.55485611308606808,0.77779597651410448,0.29524246423827832,0.022347584555735399,-0.34081923904478489,0.93986319842914279,0.58034582803288803,5.3231984490559148,-1.3851076757275751,0.4849736963748777,0.2995975434669323,0.2074074074074074,1,5
0.92242499938472566,-0.38617618123350056,0.00027849236831470521,0.38335214695364217,0.91576605713891424,0.12005690325124979,-0.046618150286362327,-0.11063672826036253,0.99276697287113702,4.792455867175061,14.456999332208817,-1.895365267651103,,0.09809905944295294,0.3636363636363636,0,3
-0.71773150565409649,0.69295470875058762,0.068375854012160939,-0.69280437160095099,-0.72051155148304324,0.029752426289461082,0.069882676552316961,-0.0260168368539761,0.9972158922309643,-11.427939031196274,-4.1254846358314401,-0.57860445892224754,,0.07689126510340931,0.3529411764705883,0,4
0.9222424563950975,-0.38648264449422515,0.010000856317691294,0.38310807820754023,0.91705299317339428,0.11064360859915866,-0.051933149668222676,-0.09820882453460536,0.99380982826145836,0.57012217166344459,12.612808807114313,-1.7686134417695425,,0.0760145605732489,0.3684210526315789,0,4
0.93989495825178704,-0.34070777572897926,-0.022708566900673018,0.33638688242433545,0.91244572146640368,0.23299500147103966,-0.058662873998015473,-0.22662969120453988,0.97221275977988852,1.2440185189105439,-11.136639722925128,-0.088755486003452178,,0.1070760081088225,0.2777777777777778,0,4
